1604737372348,"00000000":0
1604737373449,"00000000":1
1604737374396,"00000000":2
1604737375662,"00000000":3
1604737376959,"00000000":4
1604737377568,"00000000":5,"00000000":6,"00000000":7,"00000000":8
1604737378401,"84608656":0,"5b61ada9":0,"5b61ada9":1,"5b61ada9":2,"5b61ada9":3,"5b61ada9":4,"5b61ada9":5,"5b61ada9":6,"5b61ada9":7,"5b61ada9":8,"5b61ada9":9,"5b61ada9":10,"5b61ada9":11,"5b61ada9":12,"5b61ada9":13,"5b61ada9":14,"5b61ada9":15,"5b61ada9":16,"5b61ada9":17,"5b61ada9":18,"5b61ada9":19
1604737378548,"84608656":1,"84608656":2,"84608656":3,"84608656":4,"84608656":5,"84608656":6,"84608656":7,"84608656":8,"84608656":9,"84608656":10,"84608656":11,"84608656":12,"84608656":13,"84608656":14,"84608656":15,"84608656":16,"84608656":17,"84608656":18,"84608656":19
1604737379260,"5b61ada9":20,"5b61ada9":21,"5b61ada9":22,"5b61ada9":23,"5b61ada9":24,"5b61ada9":25,"5b61ada9":26,"5b61ada9":27,"5b61ada9":28,"5b61ada9":29,"5b61ada9":30,"5b61ada9":31,"5b61ada9":32,"5b61ada9":33,"5b61ada9":34,"5b61ada9":35,"5b61ada9":36,"5b61ada9":37,"5b61ada9":38,"5b61ada9":39
1604737379463,"84608656":20,"84608656":21,"84608656":22,"84608656":23,"84608656":24,"84608656":25,"84608656":26,"84608656":27,"84608656":28,"84608656":29,"84608656":30,"84608656":31,"84608656":32,"84608656":33,"84608656":34,"84608656":35,"84608656":36,"84608656":37,"84608656":38,"84608656":39
1604737380036,"5b61ada9":40,"5b61ada9":41,"5b61ada9":42,"5b61ada9":43,"5b61ada9":44,"5b61ada9":45,"5b61ada9":46,"5b61ada9":47,"5b61ada9":48,"5b61ada9":49,"5b61ada9":50,"5b61ada9":51,"5b61ada9":52,"5b61ada9":53,"5b61ada9":54,"5b61ada9":55,"5b61ada9":56,"5b61ada9":57,"5b61ada9":58,"5b61ada9":59
1604737380417,"84608656":40,"84608656":41,"84608656":42,"84608656":43,"84608656":44,"84608656":45,"84608656":46,"84608656":47,"84608656":48,"84608656":49,"84608656":50,"84608656":51,"84608656":52,"84608656":53,"84608656":54,"84608656":55,"84608656":56,"84608656":57,"84608656":58,"84608656":59
1604737380694,"5b61ada9":60,"5b61ada9":61,"5b61ada9":62,"5b61ada9":63,"5b61ada9":64,"5b61ada9":65,"5b61ada9":66
1604737380750,"5b61ada9":67,"5b61ada9":68,"5b61ada9":69,"5b61ada9":70,"5b61ada9":71,"5b61ada9":72,"5b61ada9":73,"5b61ada9":74,"5b61ada9":75,"5b61ada9":76,"5b61ada9":77,"5b61ada9":78,"5b61ada9":79
1604737381275,"84608656":60,"84608656":61,"84608656":62,"84608656":63,"84608656":64,"84608656":65
1604737381452,"84608656":66,"84608656":67,"84608656":68,"84608656":69,"84608656":70,"84608656":71,"84608656":72,"84608656":73,"84608656":74,"84608656":75,"84608656":76,"84608656":77,"84608656":78,"84608656":79
1604737381628,"5b61ada9":80,"5b61ada9":81,"5b61ada9":82,"5b61ada9":83,"5b61ada9":84,"5b61ada9":85,"5b61ada9":86,"5b61ada9":87,"5b61ada9":88,"5b61ada9":89,"5b61ada9":90,"5b61ada9":91,"5b61ada9":92,"5b61ada9":93,"5b61ada9":94,"5b61ada9":95,"5b61ada9":96,"5b61ada9":97,"5b61ada9":98,"5b61ada9":99
1604737382367,"84608656":80,"84608656":81,"84608656":82,"84608656":83,"84608656":84,"84608656":85,"84608656":86,"84608656":87,"84608656":88,"84608656":89,"84608656":90,"84608656":91,"84608656":92,"84608656":93,"84608656":94,"84608656":95,"84608656":96,"84608656":97,"84608656":98,"84608656":99
1604737382418,"5b61ada9":100,"5b61ada9":101,"5b61ada9":102,"5b61ada9":103,"5b61ada9":104,"5b61ada9":105,"5b61ada9":106,"5b61ada9":107,"5b61ada9":108,"5b61ada9":109,"5b61ada9":110,"5b61ada9":111,"5b61ada9":112,"5b61ada9":113,"5b61ada9":114,"5b61ada9":115,"5b61ada9":116,"5b61ada9":117,"5b61ada9":118,"5b61ada9":119
1604737383325,"84608656":100,"84608656":101,"84608656":102,"84608656":103,"84608656":104,"84608656":105,"84608656":106,"84608656":107,"84608656":108,"84608656":109,"84608656":110,"84608656":111,"84608656":112,"84608656":113,"84608656":114
1604737383399,"84608656":115,"84608656":116,"84608656":117,"84608656":118,"84608656":119,"5b61ada9":120,"5b61ada9":121,"5b61ada9":122,"5b61ada9":123,"5b61ada9":124,"5b61ada9":125,"5b61ada9":126,"5b61ada9":127,"5b61ada9":128,"5b61ada9":129,"5b61ada9":130,"5b61ada9":131,"5b61ada9":132,"5b61ada9":133,"5b61ada9":134,"5b61ada9":135,"5b61ada9":136,"5b61ada9":137,"5b61ada9":138,"5b61ada9":139,"c219234c":0,"c219234c":1,"c219234c":2,"c219234c":3,"c219234c":4,"c219234c":5,"c219234c":6,"c219234c":7,"c219234c":8,"c219234c":9,"c219234c":10,"c219234c":11,"c219234c":12,"c219234c":13,"c219234c":14,"c219234c":15,"c219234c":16,"c219234c":17,"c219234c":18,"c219234c":19,"2e8425e1":0,"2e8425e1":1,"2e8425e1":2,"2e8425e1":3,"2e8425e1":4,"2e8425e1":5,"2e8425e1":6,"2e8425e1":7,"2e8425e1":8,"2e8425e1":9,"2e8425e1":10,"2e8425e1":11,"2e8425e1":12,"2e8425e1":13,"2e8425e1":14,"2e8425e1":15,"2e8425e1":16,"2e8425e1":17,"2e8425e1":18,"2e8425e1":19
1604737384376,"84608656":120,"84608656":121,"84608656":122,"84608656":123,"84608656":124,"84608656":125,"84608656":126,"84608656":127,"84608656":128,"84608656":129,"84608656":130,"c219234c":20,"c219234c":21
1604737384601,"84608656":131,"84608656":132,"84608656":133,"84608656":134,"84608656":135,"84608656":136,"84608656":137,"84608656":138,"84608656":139,"5b61ada9":140,"5b61ada9":141,"5b61ada9":142,"5b61ada9":143,"5b61ada9":144,"5b61ada9":145,"5b61ada9":146,"5b61ada9":147,"5b61ada9":148,"5b61ada9":149,"5b61ada9":150,"5b61ada9":151,"5b61ada9":152,"5b61ada9":153,"5b61ada9":154,"5b61ada9":155,"5b61ada9":156,"2e8425e1":20,"5b61ada9":157,"5b61ada9":158,"5b61ada9":159,"c219234c":22,"c219234c":23,"c219234c":24,"c219234c":25,"c219234c":26,"c219234c":27,"c219234c":28,"c219234c":29,"c219234c":30,"c219234c":31,"c219234c":32,"c219234c":33,"c219234c":34,"c219234c":35,"c219234c":36,"c219234c":37,"c219234c":38,"c219234c":39,"2e8425e1":21,"2e8425e1":22,"2e8425e1":23,"2e8425e1":24,"2e8425e1":25,"2e8425e1":26,"2e8425e1":27,"2e8425e1":28,"2e8425e1":29,"2e8425e1":30,"2e8425e1":31,"2e8425e1":32,"2e8425e1":33,"2e8425e1":34,"2e8425e1":35,"2e8425e1":36,"2e8425e1":37,"2e8425e1":38,"2e8425e1":39
1604737385487,"5b61ada9":160,"5b61ada9":161,"5b61ada9":162,"5b61ada9":163,"5b61ada9":164,"5b61ada9":165,"5b61ada9":166,"5b61ada9":167,"5b61ada9":168,"5b61ada9":169,"5b61ada9":170,"5b61ada9":171,"5b61ada9":172,"5b61ada9":173,"5b61ada9":174,"5b61ada9":175,"c219234c":40,"c219234c":41,"c219234c":42,"c219234c":43,"c219234c":44,"c219234c":45,"c219234c":46,"c219234c":47,"c219234c":48,"c219234c":49,"c219234c":50,"c219234c":51,"c219234c":52,"c219234c":53,"c219234c":54,"5b61ada9":176,"5b61ada9":177,"5b61ada9":178,"5b61ada9":179,"c219234c":55,"c219234c":56,"c219234c":57,"c219234c":58,"c219234c":59,"84608656":140,"84608656":141,"84608656":142,"84608656":143,"84608656":144,"84608656":145,"84608656":146,"84608656":147
1604737385703,"84608656":148,"84608656":149,"84608656":150,"84608656":151,"84608656":152,"84608656":153,"84608656":154,"84608656":155,"84608656":156,"84608656":157,"84608656":158,"84608656":159,"2e8425e1":40,"2e8425e1":41,"2e8425e1":42,"2e8425e1":43,"2e8425e1":44,"2e8425e1":45,"2e8425e1":46,"2e8425e1":47,"2e8425e1":48,"2e8425e1":49,"2e8425e1":50,"2e8425e1":51,"2e8425e1":52,"2e8425e1":53,"2e8425e1":54,"2e8425e1":55,"2e8425e1":56,"2e8425e1":57,"2e8425e1":58,"2e8425e1":59
1604737386292,"c219234c":60,"c219234c":61,"c219234c":62,"c219234c":63,"c219234c":64,"c219234c":65,"c219234c":66,"c219234c":67,"c219234c":68,"c219234c":69,"c219234c":70,"c219234c":71,"c219234c":72,"c219234c":73,"c219234c":74,"c219234c":75,"c219234c":76,"c219234c":77,"c219234c":78,"c219234c":79,"5b61ada9":180,"5b61ada9":181,"5b61ada9":182,"5b61ada9":183,"5b61ada9":184,"5b61ada9":185,"5b61ada9":186,"5b61ada9":187,"5b61ada9":188,"5b61ada9":189,"5b61ada9":190,"5b61ada9":191,"5b61ada9":192,"5b61ada9":193,"5b61ada9":194,"5b61ada9":195,"5b61ada9":196,"5b61ada9":197,"5b61ada9":198,"5b61ada9":199
1604737386347,"84608656":160,"84608656":161,"84608656":162,"84608656":163,"84608656":164,"84608656":165,"84608656":166,"84608656":167,"84608656":168,"84608656":169,"84608656":170,"84608656":171,"84608656":172,"84608656":173
1604737386558,"2e8425e1":60,"2e8425e1":61,"2e8425e1":62,"2e8425e1":63,"2e8425e1":64,"2e8425e1":65,"2e8425e1":66,"2e8425e1":67,"2e8425e1":68,"2e8425e1":69,"2e8425e1":70,"2e8425e1":71,"2e8425e1":72,"2e8425e1":73,"2e8425e1":74,"2e8425e1":75,"2e8425e1":76,"2e8425e1":77,"2e8425e1":78,"2e8425e1":79,"84608656":174,"84608656":175,"84608656":176,"84608656":177,"84608656":178,"84608656":179
1604737387334,"5b61ada9":200,"5b61ada9":201,"5b61ada9":202,"5b61ada9":203,"c219234c":80,"c219234c":81,"c219234c":82,"c219234c":83,"c219234c":84,"c219234c":85,"c219234c":86,"c219234c":87,"c219234c":88,"c219234c":89,"c219234c":90,"c219234c":91,"c219234c":92,"c219234c":93,"c219234c":94,"c219234c":95,"c219234c":96,"c219234c":97,"c219234c":98,"c219234c":99,"5b61ada9":204,"5b61ada9":205,"5b61ada9":206,"5b61ada9":207,"5b61ada9":208,"5b61ada9":209,"5b61ada9":210,"5b61ada9":211,"5b61ada9":212,"5b61ada9":213,"5b61ada9":214,"5b61ada9":215,"5b61ada9":216,"5b61ada9":217,"5b61ada9":218,"5b61ada9":219
1604737387578,"84608656":180,"84608656":181,"84608656":182,"84608656":183,"84608656":184,"84608656":185,"84608656":186,"84608656":187,"84608656":188,"84608656":189,"84608656":190,"84608656":191,"84608656":192,"84608656":193,"84608656":194,"84608656":195,"84608656":196,"84608656":197,"84608656":198,"84608656":199
1604737387805,"2e8425e1":80,"2e8425e1":81,"2e8425e1":82,"2e8425e1":83,"2e8425e1":84,"2e8425e1":85,"2e8425e1":86,"2e8425e1":87,"2e8425e1":88,"2e8425e1":89,"2e8425e1":90,"2e8425e1":91,"2e8425e1":92,"2e8425e1":93,"2e8425e1":94,"2e8425e1":95,"2e8425e1":96,"2e8425e1":97,"2e8425e1":98,"2e8425e1":99
1604737388097,"5b61ada9":220,"5b61ada9":221,"5b61ada9":222,"5b61ada9":223,"5b61ada9":224,"5b61ada9":225,"5b61ada9":226,"5b61ada9":227,"5b61ada9":228,"5b61ada9":229,"5b61ada9":230,"5b61ada9":231,"5b61ada9":232,"5b61ada9":233,"5b61ada9":234,"5b61ada9":235,"5b61ada9":236,"c219234c":100,"c219234c":101,"c219234c":102,"c219234c":103,"c219234c":104,"c219234c":105,"c219234c":106,"c219234c":107,"c219234c":108,"c219234c":109,"c219234c":110,"c219234c":111,"c219234c":112,"c219234c":113,"5b61ada9":237,"5b61ada9":238,"5b61ada9":239,"c219234c":114,"c219234c":115,"c219234c":116,"c219234c":117,"c219234c":118,"c219234c":119
1604737388672,"84608656":200,"84608656":201,"84608656":202,"84608656":203,"84608656":204,"84608656":205,"84608656":206,"84608656":207,"84608656":208,"84608656":209,"84608656":210,"84608656":211,"84608656":212,"84608656":213,"84608656":214,"84608656":215,"84608656":216,"84608656":217,"84608656":218,"84608656":219
1604737388956,"2e8425e1":100,"2e8425e1":101,"2e8425e1":102,"2e8425e1":103,"2e8425e1":104,"2e8425e1":105,"2e8425e1":106,"2e8425e1":107,"2e8425e1":108,"2e8425e1":109,"2e8425e1":110,"2e8425e1":111,"2e8425e1":112,"2e8425e1":113,"2e8425e1":114,"2e8425e1":115,"2e8425e1":116,"2e8425e1":117,"2e8425e1":118,"2e8425e1":119
1604737389163,"5b61ada9":240,"c219234c":120,"c219234c":121,"c219234c":122,"c219234c":123,"c219234c":124,"c219234c":125,"c219234c":126,"c219234c":127,"c219234c":128,"c219234c":129,"c219234c":130,"c219234c":131,"c219234c":132,"c219234c":133,"c219234c":134,"c219234c":135
1604737389381,"5b61ada9":241,"5b61ada9":242,"5b61ada9":243,"5b61ada9":244,"5b61ada9":245,"5b61ada9":246,"5b61ada9":247,"5b61ada9":248,"5b61ada9":249,"5b61ada9":250,"c219234c":136,"c219234c":137,"c219234c":138,"c219234c":139,"5b61ada9":251,"5b61ada9":252,"5b61ada9":253,"5b61ada9":254,"5b61ada9":255,"5b61ada9":256,"5b61ada9":257,"5b61ada9":258,"5b61ada9":259
1604737389526,"84608656":220,"84608656":221,"84608656":222,"84608656":223,"84608656":224,"84608656":225,"84608656":226,"84608656":227,"84608656":228,"84608656":229,"84608656":230,"84608656":231,"84608656":232,"84608656":233,"84608656":234,"84608656":235,"84608656":236,"84608656":237,"84608656":238,"84608656":239
1604737389679,"2e8425e1":120,"2e8425e1":121,"2e8425e1":122,"2e8425e1":123,"2e8425e1":124,"2e8425e1":125,"2e8425e1":126,"2e8425e1":127,"2e8425e1":128,"2e8425e1":129,"2e8425e1":130,"2e8425e1":131,"2e8425e1":132,"2e8425e1":133,"2e8425e1":134,"2e8425e1":135,"2e8425e1":136,"2e8425e1":137,"2e8425e1":138,"2e8425e1":139
1604737390170,"5b61ada9":260,"c219234c":140,"5b61ada9":261,"5b61ada9":262,"5b61ada9":263,"5b61ada9":264,"5b61ada9":265,"5b61ada9":266,"5b61ada9":267,"5b61ada9":268,"5b61ada9":269,"5b61ada9":270,"5b61ada9":271,"5b61ada9":272,"5b61ada9":273,"5b61ada9":274,"5b61ada9":275,"5b61ada9":276,"5b61ada9":277,"5b61ada9":278,"5b61ada9":279
1604737390441,"c219234c":141,"c219234c":142,"c219234c":143,"c219234c":144,"c219234c":145,"c219234c":146,"c219234c":147,"c219234c":148,"c219234c":149,"c219234c":150,"c219234c":151,"c219234c":152,"c219234c":153,"c219234c":154,"c219234c":155,"c219234c":156,"c219234c":157,"c219234c":158,"c219234c":159,"2e8425e1":140,"2e8425e1":141,"2e8425e1":142,"2e8425e1":143,"2e8425e1":144,"2e8425e1":145,"2e8425e1":146,"2e8425e1":147,"2e8425e1":148,"2e8425e1":149,"2e8425e1":150,"2e8425e1":151,"2e8425e1":152,"2e8425e1":153,"2e8425e1":154,"2e8425e1":155,"2e8425e1":156,"2e8425e1":157,"2e8425e1":158,"2e8425e1":159
1604737390657,"84608656":240,"84608656":241,"84608656":242,"84608656":243,"84608656":244,"84608656":245,"84608656":246,"84608656":247,"84608656":248,"84608656":249,"84608656":250,"84608656":251,"84608656":252,"84608656":253,"84608656":254,"84608656":255,"84608656":256,"84608656":257,"84608656":258,"84608656":259
1604737391022,"5b61ada9":280,"5b61ada9":281,"5b61ada9":282,"5b61ada9":283,"5b61ada9":284,"5b61ada9":285,"5b61ada9":286,"5b61ada9":287,"5b61ada9":288,"5b61ada9":289,"5b61ada9":290,"5b61ada9":291,"5b61ada9":292,"5b61ada9":293,"5b61ada9":294,"5b61ada9":295,"5b61ada9":296,"5b61ada9":297,"5b61ada9":298,"5b61ada9":299
1604737391229,"c219234c":160,"c219234c":161,"c219234c":162,"c219234c":163,"c219234c":164,"c219234c":165,"c219234c":166,"c219234c":167,"c219234c":168,"c219234c":169,"c219234c":170,"c219234c":171,"c219234c":172,"c219234c":173,"c219234c":174,"c219234c":175,"c219234c":176,"c219234c":177,"c219234c":178,"c219234c":179
1604737391445,"2e8425e1":160,"2e8425e1":161,"2e8425e1":162,"2e8425e1":163,"2e8425e1":164,"2e8425e1":165,"2e8425e1":166,"2e8425e1":167,"2e8425e1":168,"2e8425e1":169,"2e8425e1":170,"2e8425e1":171,"2e8425e1":172,"2e8425e1":173,"2e8425e1":174,"2e8425e1":175,"2e8425e1":176,"2e8425e1":177,"2e8425e1":178,"2e8425e1":179
1604737391672,"84608656":260,"84608656":261,"84608656":262,"84608656":263,"84608656":264,"84608656":265,"84608656":266,"84608656":267,"84608656":268,"84608656":269,"84608656":270,"84608656":271,"84608656":272,"84608656":273,"84608656":274,"84608656":275,"84608656":276,"84608656":277,"84608656":278,"84608656":279
1604737391869,"5b61ada9":300,"5b61ada9":301,"5b61ada9":302,"5b61ada9":303,"5b61ada9":304,"5b61ada9":305,"5b61ada9":306,"5b61ada9":307,"5b61ada9":308,"5b61ada9":309,"5b61ada9":310,"5b61ada9":311,"5b61ada9":312,"5b61ada9":313,"5b61ada9":314,"5b61ada9":315,"5b61ada9":316,"5b61ada9":317,"5b61ada9":318,"5b61ada9":319
1604737392117,"c219234c":180,"c219234c":181,"c219234c":182,"c219234c":183,"c219234c":184,"c219234c":185,"c219234c":186,"c219234c":187,"c219234c":188,"c219234c":189,"c219234c":190,"c219234c":191,"c219234c":192,"c219234c":193,"c219234c":194,"c219234c":195,"c219234c":196,"c219234c":197,"c219234c":198,"c219234c":199
1604737392613,"2e8425e1":180,"2e8425e1":181,"2e8425e1":182,"2e8425e1":183,"2e8425e1":184,"2e8425e1":185,"2e8425e1":186,"2e8425e1":187,"2e8425e1":188,"2e8425e1":189,"2e8425e1":190,"2e8425e1":191,"2e8425e1":192,"2e8425e1":193,"2e8425e1":194,"2e8425e1":195,"2e8425e1":196,"2e8425e1":197,"2e8425e1":198,"2e8425e1":199
1604737392855,"84608656":280,"84608656":281,"84608656":282,"84608656":283,"84608656":284,"84608656":285,"84608656":286,"84608656":287,"84608656":288,"84608656":289,"84608656":290,"84608656":291,"84608656":292,"84608656":293,"84608656":294,"84608656":295,"84608656":296,"84608656":297,"84608656":298,"84608656":299
1604737392935,"c219234c":200,"c219234c":201,"c219234c":202,"c219234c":203,"c219234c":204,"c219234c":205,"c219234c":206,"c219234c":207,"c219234c":208,"c219234c":209,"c219234c":210,"c219234c":211,"c219234c":212,"c219234c":213,"c219234c":214,"c219234c":215,"c219234c":216,"c219234c":217,"c219234c":218,"c219234c":219
1604737393459,"2e8425e1":200,"2e8425e1":201,"2e8425e1":202,"2e8425e1":203,"2e8425e1":204,"2e8425e1":205,"2e8425e1":206,"2e8425e1":207,"2e8425e1":208,"2e8425e1":209,"2e8425e1":210,"2e8425e1":211,"2e8425e1":212,"2e8425e1":213,"2e8425e1":214,"2e8425e1":215,"2e8425e1":216,"2e8425e1":217,"2e8425e1":218,"2e8425e1":219
1604737393721,"84608656":300,"84608656":301,"84608656":302,"84608656":303,"84608656":304,"84608656":305,"84608656":306,"84608656":307,"84608656":308,"84608656":309,"84608656":310,"84608656":311,"84608656":312,"84608656":313,"84608656":314,"84608656":315,"84608656":316,"84608656":317,"84608656":318,"84608656":319
1604737393774,"c219234c":220,"c219234c":221,"c219234c":222,"c219234c":223,"c219234c":224,"c219234c":225,"c219234c":226,"c219234c":227,"c219234c":228,"c219234c":229,"c219234c":230,"c219234c":231,"c219234c":232,"c219234c":233,"c219234c":234,"c219234c":235,"c219234c":236,"c219234c":237,"c219234c":238,"c219234c":239
1604737394276,"2e8425e1":220,"2e8425e1":221,"2e8425e1":222,"2e8425e1":223,"2e8425e1":224,"2e8425e1":225,"2e8425e1":226,"2e8425e1":227,"2e8425e1":228,"2e8425e1":229,"2e8425e1":230,"2e8425e1":231,"2e8425e1":232,"2e8425e1":233,"2e8425e1":234,"2e8425e1":235,"2e8425e1":236,"2e8425e1":237,"2e8425e1":238,"2e8425e1":239
1604737394741,"c219234c":240,"c219234c":241,"c219234c":242,"c219234c":243,"c219234c":244,"c219234c":245,"c219234c":246,"c219234c":247,"c219234c":248,"c219234c":249,"c219234c":250,"c219234c":251,"c219234c":252,"c219234c":253,"c219234c":254,"c219234c":255,"c219234c":256,"c219234c":257
1604737394809,"c219234c":258,"c219234c":259
1604737395275,"2e8425e1":240,"2e8425e1":241,"2e8425e1":242,"2e8425e1":243,"2e8425e1":244,"2e8425e1":245,"2e8425e1":246,"2e8425e1":247,"2e8425e1":248,"2e8425e1":249,"2e8425e1":250,"2e8425e1":251,"2e8425e1":252,"2e8425e1":253,"2e8425e1":254,"2e8425e1":255,"2e8425e1":256,"2e8425e1":257,"2e8425e1":258,"2e8425e1":259
1604737395515,"c219234c":260,"c219234c":261,"c219234c":262,"c219234c":263,"c219234c":264,"c219234c":265,"c219234c":266,"c219234c":267,"c219234c":268,"c219234c":269,"c219234c":270
1604737395751,"c219234c":271,"c219234c":272,"c219234c":273,"c219234c":274,"c219234c":275,"c219234c":276,"c219234c":277,"c219234c":278,"c219234c":279
1604737396154,"2e8425e1":260,"2e8425e1":261,"2e8425e1":262,"2e8425e1":263,"2e8425e1":264,"2e8425e1":265,"2e8425e1":266,"2e8425e1":267,"2e8425e1":268,"2e8425e1":269,"2e8425e1":270,"2e8425e1":271,"2e8425e1":272,"2e8425e1":273,"2e8425e1":274,"2e8425e1":275,"2e8425e1":276,"2e8425e1":277,"2e8425e1":278,"2e8425e1":279
1604737396442,"c219234c":280,"c219234c":281
1604737396722,"c219234c":282,"c219234c":283,"c219234c":284,"c219234c":285,"c219234c":286,"c219234c":287,"c219234c":288,"c219234c":289,"c219234c":290,"c219234c":291,"c219234c":292,"c219234c":293,"c219234c":294,"c219234c":295,"c219234c":296,"c219234c":297,"c219234c":298,"c219234c":299
1604737397011,"2e8425e1":280,"2e8425e1":281,"2e8425e1":282,"2e8425e1":283,"2e8425e1":284,"2e8425e1":285,"2e8425e1":286,"2e8425e1":287,"2e8425e1":288,"2e8425e1":289,"2e8425e1":290,"2e8425e1":291,"2e8425e1":292,"2e8425e1":293,"2e8425e1":294,"2e8425e1":295,"2e8425e1":296,"2e8425e1":297,"2e8425e1":298,"2e8425e1":299
1604737397506,"c219234c":300,"c219234c":301,"c219234c":302,"c219234c":303,"c219234c":304,"c219234c":305,"c219234c":306,"c219234c":307,"c219234c":308,"c219234c":309,"c219234c":310,"c219234c":311,"c219234c":312,"c219234c":313,"c219234c":314,"c219234c":315,"c219234c":316,"c219234c":317,"c219234c":318,"c219234c":319
1604737397957,"2e8425e1":300,"2e8425e1":301,"2e8425e1":302,"2e8425e1":303,"2e8425e1":304,"2e8425e1":305,"2e8425e1":306,"2e8425e1":307,"2e8425e1":308,"2e8425e1":309,"2e8425e1":310,"2e8425e1":311,"2e8425e1":312,"2e8425e1":313,"2e8425e1":314,"2e8425e1":315,"2e8425e1":316,"2e8425e1":317,"2e8425e1":318,"2e8425e1":319
1604737399071,"34c5c729":0,"f4634d0b":0,"e2cbe594":0,"638cb163":0,"77bfed7e":0,"4bc46d7a":0,"6034b6d0":0,"04bef50c":0,"43bc86e3":0,"0785820e":0,"dffa7793":0,"d83294cd":0,"733c86f8":0,"71ba7561":0,"2882a956":0,"b28a5e67":0,"6c486702":0,"0d770b97":0,"e57d5cda":0,"5f0c1b9d":0,"8f10fa42":0,"629800eb":0,"c0b23081":0,"731fc335":0,"f56ac638":0,"faf4f98b":0,"1105f790":0,"52eca0dc":0,"1a442bc7":0,"30c184b8":0,"8b5a8e9f":0,"2a76f1dd":0
1604737399342,"eb7b4e29":0,"9e206c95":0,"9d63c4dd":0,"6867261a":0,"2a387957":0,"d6d61bfc":0,"bda8cdfb":0,"9b3f8714":0,"6e98dfda":0,"4125085e":0,"b230e8d3":0,"90d52475":0,"dc473de1":0,"449d8475":0,"c81b2bcf":0,"a2c334e7":0,"4360a1a3":0,"c0b0f492":0,"c382f054":0,"f4343817":0,"f789f6d8":0,"fea793f5":0,"629800eb":1,"92ca52b7":0,"f2470875":0,"40569362":0,"45fb95c1":0,"24d24fa3":0,"fa55f27a":0,"2203f259":0,"ce4da56f":0,"5ee911b5":0,"3e082b37":0,"b6aaf976":0,"05642105":0,"d82592f4":0,"8274885a":0,"1ff8c2fc":0,"59431390":0,"d8475b95":0,"578f6e9e":0,"a4dafea5":0,"cfe72ead":0,"35b58ef9":0,"36fb15d2":0,"a58bf525":0,"32c9fc47":0,"6b79fec2":0,"49bf2e95":0,"f5829ac0":0,"b2bd8fd3":0,"23080895":0,"45b038bb":0,"7732eb1e":0,"bad6cdb1":0,"8dc9b4db":0,"272c7672":0,"6143f39d":0,"93fdbb44":0,"0ecfa1c9":0,"c8fcad77":0,"a3253019":0,"381c68fa":0,"6b9eff39":0,"fe44fc6f":0,"a85d89cc":0,"bb00e71c":0,"eb2e1983":0,"a40846b7":0,"6f0fcb9d":0,"05642105":1,"9c58dd76":0,"af157d29":0,"d552eb2f":0,"b230e8d3":1,"1634789b":0,"25e0dd3d":0,"9b172ca8":0,"26ed1a5c":0,"9e65c0ef":0,"53b4e647":0,"f0a06216":0,"52eca0dc":1,"c1bb74f2":0
1604737399608,"39bbc4bc":0,"8298e976":0,"bad6cdb1":1,"c4aa1e38":0,"6ee92259":0,"4d9b0b10":0,"6d339d45":0,"884b0ad1":0,"5a734022":0,"36b7003c":0,"52eca0dc":2,"30c184b8":1,"30c5d755":0,"f598a332":0,"6bc5d32a":0,"5ccf94d6":0,"fb44fa9c":0,"358e45b1":0,"3f2522c2":0,"d8475b95":1,"d3e84616":0,"272c7672":1,"081460bf":0,"815e4582":0,"8fb236a9":0,"65e4235b":0,"2882a956":1,"a0685bf3":0,"dae0f922":0,"8e780922":0,"261c9911":0,"2af60749":0,"4ff2225d":0,"6d61bf13":0,"b7407bd3":0,"064a99c8":0,"18815a1b":0,"272c7672":2,"6df0b2e8":0,"794f652b":0,"00cf385d":0,"87083264":0,"91f7ef72":0,"20958d58":0,"145c7559":0,"1f11812e":0,"9d0546ac":0,"3bad3c95":0,"49910300":0,"5781776a":0,"02d4753e":0,"458dcc3d":0
1604737399831,"2cb29e5a":0,"d3a669ac":0,"527ff946":0,"61d4782d":0,"bec9d329":0,"90a06ee9":0,"5c82d1ce":0,"1a2ec5d7":0,"c015ec5a":0,"053f3451":0,"b2cfdbcf":0,"cd522166":0,"3c782bb3":0,"8245f916":0,"2c5c1dc0":0,"742f1425":0,"140ce69e":0,"b5763ff6":0,"93fdbb44":1,"d6d61bfc":1,"104721f0":0,"6f81493d":0,"04ea5673":0,"805534ac":0,"77bfed7e":1,"a0cf08b3":0,"4b125e7b":0,"e35a63cd":0,"312f7676":0,"4b4ef7fa":0,"8245f916":1,"26009d3f":0,"315537b2":0,"2c01e624":0,"8a52882e":0,"32133249":0,"9b742f71":0,"30c5d755":1,"547903ef":0,"74f234c6":0,"83b2f9c5":0,"d5059415":0,"c0b23081":1,"bd62d7ed":0
1604737400093,"3712c4bd":0,"f1862e79":0,"2c24d929":0,"7732eb1e":1,"ef1c2dcb":0,"9a467a82":0,"0681c48e":0,"faf3ed07":0,"501db4de":0,"0b959527":0,"5c82d1ce":1,"1e7753d9":0,"da04caac":0,"11b74e63":0,"b9be31d6":0,"c6dc900c":0,"4ba6eb36":0,"f5cd79c1":0,"c6e3d352":0,"d9dcdc4b":0,"f271ed5d":0,"12dd6f5e":0,"b88033fd":0,"031e488e":0,"5e193fc8":0,"c4e70c07":0,"feb67030":0,"7cd0ad7b":0,"42cd2360":0,"ba938220":0,"88ce179e":0,"e5b1abc6":0,"5a0ead91":0,"b5763ff6":1,"25a7a0a3":0,"cf775f58":0,"1ed46298":0,"1a2c020b":0,"4def63ee":0,"0a96f57a":0,"906632cb":0,"5410e9c6":0,"99d130c9":0,"3310a049":0
1604737400218,"d8e58a8c":0,"c38c2b52":0,"4258c176":0,"ba5c52af":0,"9e206c95":1,"d552eb2f":1,"227006e4":0,"77bae750":0,"9f2b16a7":0,"de11eb19":0,"b935fc1c":0,"8eb64769":0,"bab97de3":0,"2209903e":0,"dae0f922":1,"aa021138":0,"a5676c24":0,"67d30f2b":0,"bd62d7ed":1,"e28c2efc":0,"0277d748":0,"778c95e9":0,"6632fed0":0,"8a52882e":1,"408bb2ed":0,"3f2522c2":1,"bad6cdb1":2,"e0f7679f":0,"77300e4a":0,"ab7467de":0,"751bcf25":0,"49b358bd":0,"7ae34c64":0,"b9be31d6":1,"ea4d3f3e":0,"33d6bb6a":0
1604737400494,"12dd6f5e":1,"84b767be":0,"7e15f8e8":0,"68562193":0,"2e99f8fd":0,"e7773397":0,"17807120":0,"e81834aa":0,"efe84c27":0,"6bc5d32a":1,"2154b6e8":0,"66b7b5b4":0,"e356abf1":0,"a15713c6":0,"77bfed7e":2,"cd522166":1,"ec2cb1af":0,"fd369c21":0,"90d52475":1,"9f5e6cba":0,"39bbc4bc":1,"fa55f27a":1,"481754fc":0,"6d802fa2":0,"dcf85091":0,"40a745c0":0,"5a622a23":0,"3fdb08f5":0,"731fc335":1,"d7cb9bcf":0,"7735c3c2":0,"55928ef1":0,"f2f58418":0,"6e851762":0,"540df50f":0
1604737400735,"4ba6eb36":1,"792cfcbd":0,"a6bcb07e":0,"60e855ee":0,"c85a0d80":0,"719c8869":0,"5fa12feb":0,"31408822":0,"c6c85783":0,"dc03ebd2":0,"bec9d329":1,"67c57de4":0,"8063df14":0,"3661e12d":0,"4ac6bd4e":0,"c0b7e7d7":0,"868edcc0":0,"48655f09":0,"3498f223":0,"ce3bf5db":0,"61f25dd4":0,"21ad2f34":0,"13747b82":0,"2a06ab95":0,"9d63c4dd":1,"0785820e":1,"5ef93e5d":0,"88ce179e":1,"8007f30e":0,"49902219":0,"d0c0fc08":0,"5410e9c6":1,"d36125db":0,"ae8a09c4":0,"90a06ee9":1,"f4634d0b":1,"a0ce82b4":0,"f8b31ce5":0,"f271ed5d":1,"3a1d1632":0,"1d790491":0
1604737400969,"40569362":1,"820225e4":0,"a40846b7":1,"b7df1559":0,"7ae34c64":1,"d1d40c9c":0,"869cbaa0":0,"a59a8290":0,"4d35385e":0,"c0e2624b":0,"e9a8cf11":0,"527ff946":1,"34658473":0,"c27969ec":0,"83086d4c":0,"8aa78e2f":0,"fd482491":0,"f7231212":0,"ad2d7bed":0,"2a76f1dd":1,"f598a332":1,"dae0f922":2,"c8dc010f":0,"fce3c5c6":0,"22176537":0,"6e851762":1,"0ecfa1c9":1,"cb6c9e42":0,"3a1b9af5":0,"b769bdfb":0,"01cd8099":0,"fb44fa9c":1
1604737401204,"1247fa52":0,"ffc86f94":0,"ded7da5a":0,"61f25dd4":1,"aa76bc50":0,"0785820e":2,"ee21ad02":0,"0042f6eb":0,"9a467a82":1,"64db4feb":0,"d744bee2":0,"37fbb107":0,"6b78ad7f":0,"e2a7d915":0,"04ea5673":1,"5272520d":0,"d78dd457":0,"621d6b18":0,"3b2dee89":0,"d9a64845":0,"0cb80f4a":0,"0114160e":0,"2d382981":0,"8dd649a3":0,"12012fbd":0,"088feee2":0,"c64de0c0":0,"508aac3d":0,"4c4aa2e2":0,"c1bdfd41":0,"bb98a6cf":0,"547903ef":1
1604737401527,"d4ee22a4":0,"2a76f1dd":2,"28654c76":0,"5acce642":0,"8547fbc2":0,"1a0189c4":0,"bc3dc66a":0,"835358a0":0,"de11eb19":1,"0b5a0408":0,"a636f4c9":0,"b935fc1c":1,"f1df62b4":0,"0e2b5d2f":0,"69eeae0d":0,"677c6a09":0,"a4296d1e":0,"40e79dd3":0,"dbd2f139":0,"aa021138":1,"2cb29e5a":1,"6e98dfda":1,"57d5dee8":0,"b7832271":0,"0cb80f4a":1,"07fc4a9a":0,"cf52025e":0,"8e4c33d2":0,"82204d54":0,"313258f2":0,"0785820e":3,"16b476e9":0,"dcf85091":1,"dae0f922":3,"0f029727":0,"3ef7432b":0
1604737401691,"ef8321d8":0,"650bb0e0":0,"8323d333":0,"d9dcdc4b":1,"5410e9c6":2,"aa00769b":0,"afe8e06a":0,"4f59a322":0,"abc1d7ad":0,"6c20c153":0,"0ecfa1c9":2,"de6213c7":0,"470d50c2":0,"24ffcbd3":0,"74f234c6":1,"8f9b74b0":0,"d3e84616":1,"5f8517b7":0,"013ee301":0,"95d3d348":0,"2c24d929":1,"19551bad":0,"aa867541":0,"7e95c5a0":0,"935ec056":0,"bad1a1cc":0,"5eaa1581":0,"1f342a00":0,"685207b3":0,"0841052c":0,"07107f6e":0,"4c39240e":0,"00554ffd":0,"6291e9e9":0,"a40846b7":2,"a5aee5de":0
1604737401931,"eebc8d43":0,"ad303bda":0,"abc1d7ad":1,"e356abf1":1,"22176537":1,"99e171db":0,"6df0b2e8":1,"ef1c2dcb":1,"be2955bb":0,"df2b4d87":0,"bc09fa9e":0,"26ed1a5c":1,"7a2f3f06":0,"b2703001":0,"fe1d4419":0,"27c8e038":0,"b102f7bd":0,"e57d5cda":1,"fd482491":1,"ee75b607":0,"053f3451":1,"78467b8a":0,"28654c76":1,"d39724bc":0,"a77e8461":0,"8a52882e":2,"a47abfbb":0,"af0b61ab":0,"104721f0":1,"bc09fa9e":1,"9267f0ef":0,"cd3bbe7e":0,"aa021138":2,"c45d554f":0,"4279e829":0,"ba30e43a":0,"4ea4a2a1":0,"f044c0e1":0,"7ae3fc50":0,"458dcc3d":1,"b1f58563":0,"cf84fb54":0,"d599b566":0,"742f1425":1
1604737402059,"ac38a6a5":0,"47d27624":0,"6d339d45":1,"32133249":1,"d552eb2f":2,"5339e1e9":0,"7e991ab9":0,"c4bff41f":0,"f598a332":2,"b3863630":0,"c650b434":0,"20e470e0":0,"d9f512b9":0,"4360a1a3":1,"4c39240e":1,"27d8bf51":0,"dc0c8b09":0,"290b4714":0,"ef8987d7":0,"9fce073c":0,"8f10fa42":1,"4abb7aed":0,"0d770b97":1,"6a5b71b4":0,"8d000d6e":0,"6f0fcb9d":1,"69f3bfcc":0,"8298e976":1,"59c1e594":0,"fb7b7b3c":0,"a58bf525":1,"cbad3b92":0,"d6320619":0,"be4f8ba8":0,"6adce358":0,"c852d240":0,"48efc739":0,"de6213c7":1,"3c18f28e":0,"1f342a00":1,"34c5c729":1,"dbc9df44":0,"8f9b74b0":1,"93683c82":0,"b5ce0c0c":0,"b7434f57":0,"92f800f5":0,"fb8bfb36":0,"9a07d89b":0,"77bfed7e":3,"ef8987d7":1,"13b53c7a":0,"aa187e3b":0,"af7e5be8":0,"345c9967":0,"677c6a09":1,"1b153aef":0,"5ee911b5":1,"07fc4a9a":1,"fb44fa9c":2,"812b4f15":0,"a58bf525":2,"3c43e8a2":0,"12a2cd4b":0,"af157d29":1,"1634789b":1,"22ecaed0":0,"bc3dc66a":1,"f4b2f575":0,"3c6692a3":0,"4911acad":0,"92efd84f":0,"acac14fb":0,"1e232870":0,"25e0dd3d":1,"d70ca4f4":0,"b7505747":0,"6c524f99":0,"c1bb74f2":1,"d9d0c567":0,"87cd2add":0,"93e8cee5":0,"1e7753d9":1,"88fa53d6":0
1604737402417,"290b4714":1,"abd32136":0,"43bc86e3":1,"5eab91a0":0,"d33790a2":0,"554ebb83":0,"1db42092":0,"2d382981":1,"c7ab83c1":0,"b460f030":0,"d599b566":1,"95bc84f1":0,"b946e146":0,"a63bddd4":0,"97e75c19":0,"5774ac0d":0,"2a387957":1,"e4714415":0,"7db3edda":0,"730338c4":0,"90a06ee9":2,"c1bb74f2":2,"d34a29b9":0,"6bc5d32a":2,"ddec9e54":0,"142d6987":0,"40e79dd3":1,"719c8869":1,"dac109cf":0,"831c7b85":0,"3c0df8b4":0,"93b9fae6":0,"e4117b3b":0,"db8ba455":0,"621d6b18":1,"67d30f2b":1,"792c9b6a":0,"9260d96b":0,"5678ed7b":0,"c609739e":0,"a58bf525":3,"8298e976":2,"09560615":0,"9c045c61":0,"51f80f4c":0,"5f7d7195":0,"0670c466":0,"8cddb65e":0,"8cd78f77":0,"0fc5ac7e":0,"c4feee5b":0,"168e75d9":0,"7cd0ad7b":1,"2b3c49b9":0,"c8977844":0,"5ab7bc35":0,"03c398d2":0,"5623817d":0,"cc6bbe45":0,"40e79dd3":2,"ba5c52af":1,"b8488fc8":0,"3f75d3bc":0,"619fda68":0,"d83870f5":0,"ec110282":0,"9f74b8a4":0,"bf30a08f":0,"5ee911b5":2
1604737402739,"449d8475":1,"25a7a0a3":1,"4911acad":1,"ce3407dd":0,"7080f122":0,"ea822700":0,"aec4e1bf":0,"2f455cce":0,"c5b35e4d":0,"be2955bb":1,"cf1124db":0,"0a96f57a":1,"e32524d6":0,"d634aa28":0,"d0b297b2":0,"5678ed7b":1,"87922532":0,"5270f158":0,"aefe13f5":0,"de36827b":0,"312f7676":1,"868cda42":0,"debe1f65":0,"7af262e5":0,"eebc8d43":1,"00a17b46":0,"f905a555":0,"619fda68":1,"45b5746e":0,"730a4938":0,"7f6d1d0e":0,"c7c4ec5c":0,"9a467a82":2,"8cc4a982":0,"39a2fcce":0,"51f80f4c":1,"c67979e6":0,"2ab62345":0,"4bcd4a30":0,"ef1c2dcb":2,"a4296d1e":1,"f3992a31":0,"ea274174":0,"1438fad7":0,"a77e127d":0,"064a99c8":1,"d36125db":1,"3c43e8a2":1,"ad8f85d6":0,"a68a93b2":0,"07107f6e":1,"e3547548":0,"c1bdfd41":1,"381c68fa":1,"c650b434":1,"062179c1":0,"2a76f1dd":3,"b73e789c":0,"7896b953":0,"8db5a165":0,"67d30f2b":2,"8ac72326":0,"f0a06216":1,"f87c5031":0,"37fbb107":1,"140ce69e":1,"8a52882e":3,"deb31f35":0,"1ed46298":1,"f069bb07":0,"084cbc0b":0
1604737402847,"b4fdf90e":0,"9c58dd76":1,"0ac825ed":0,"d599b566":2,"d36125db":2,"e8d74304":0,"09f0db62":0,"1db42092":1,"554ebb83":1,"59c1e594":1,"06073f13":0,"39bbc4bc":2,"3c782bb3":1,"13f0e139":0,"59431390":1,"c318d350":0,"53431634":0,"9b546d65":0,"78b97937":0,"d9d0c567":1,"1dad0f99":0,"87083264":1,"54d7de6b":0,"a5fd8ffd":0,"d83870f5":1,"3454fa2b":0,"36b7003c":1,"affb82bf":0,"9d63c4dd":2,"8cddb65e":1,"4911acad":2,"72d7b461":0,"2d13e69b":0,"e1618359":0,"d033db8d":0,"ab7467de":1,"5f620a1e":0,"d634aa28":1,"14c682eb":0,"4295ce9a":0,"40569362":2,"8298e976":3,"1ff8c2fc":1,"ac62fac2":0,"263762cb":0,"8e4c33d2":1,"59431390":2,"4b4ef7fa":1,"25a2844e":0,"e35a63cd":1,"56473430":0,"abd32136":1,"7e95c5a0":1,"345c9967":1,"9d4f1fe6":0,"8bc04eb5":0,"bd984a8e":0,"36380d96":0,"07107f6e":2,"026766f3":0,"e2a7d915":1,"b5ce0c0c":1,"0d5ee801":0,"2045d7d6":0,"25a7a0a3":2,"bda8cdfb":1,"f3d68430":0,"77bae750":1,"c4bff41f":1,"61d4782d":1,"f271ed5d":2,"af0b61ab":1,"08a4c3f8":0,"92d38723":0
1604737403370,"efe84c27":1,"f598a332":3,"0a96f57a":2,"30d84dce":0,"d634aa28":2,"44c77422":0,"51c57542":0,"259930ee":0,"c463799d":0,"a66a2d8a":0,"7218c9f1":0,"69eeae0d":1,"012de09c":0,"7e95c5a0":2,"7735c3c2":1,"124fbe96":0,"172217e5":0,"558d5ce7":0,"254cc28c":0,"2198ba8e":0,"1f88a4b7":0,"f6fe095d":0,"b6aaf976":1,"3c43e8a2":2,"8aa78e2f":1,"c4feee5b":1,"53431634":1,"5cd3cfe0":0,"d25e0f8d":0,"bb98a6cf":1,"93e8cee5":1,"b5ce0c0c":2,"cf775f58":1,"42c80e69":0,"84b67924":0,"2132fe93":0,"8657c79d":0,"e5d3655c":0,"fead11cf":0,"be3a10f8":0,"f7231212":1,"43bc86e3":2,"ffa08d82":0,"8a165e17":0,"7f6d1d0e":1,"ee21ad02":1,"792c9b6a":1,"2e99f8fd":1,"04612878":0,"d599b566":3,"dd1fcb17":0,"0be540c5":0,"22aeaf03":0,"2cce4fb2":0,"c7313e0a":0,"1a2c020b":1,"a0cca8b7":0,"30fdcd3b":0,"36d340f2":0,"140ce69e":2,"c98d5272":0,"cb6c9e42":1,"57d5dee8":1,"de6213c7":2,"4125085e":1,"84b67924":1,"cd421290":0,"6e24d88b":0,"f8b31ce5":1,"ce3bf5db":1,"92ca52b7":1,"cd522166":2,"49cb2959":0,"9fce073c":1,"aa76bc50":1,"77bfed7e":4,"730a4938":1,"ee21ad02":2
1604737403680,"25a7a0a3":3,"e99318a3":0,"3454fa2b":1,"1634789b":2,"6632fed0":1,"ed4fad08":0,"a625328f":0,"d744bee2":1,"de11eb19":2,"9e878ec2":0,"cac4449a":0,"317c1591":0,"baebb391":0,"b84a06eb":0,"22aeaf03":1,"a6bcb07e":1,"2a4a402a":0,"50b558a7":0,"616d6dd6":0,"629800eb":2,"d2466211":0,"da04caac":1,"ee75b607":1,"9d4f1fe6":1,"e9679ede":0,"1a2c020b":2,"3f9b5722":0,"7b6a7048":0,"2b3c49b9":1,"d9f512b9":1,"751acea8":0,"2154b6e8":1,"140ce69e":3,"a9b1bd51":0,"bda8cdfb":2,"36d340f2":1,"61d4782d":2,"60d6cee2":0,"f4726450":0,"22234d6b":0,"288afc30":0,"b7407bd3":1,"e8d74304":1,"9a3cc55d":0,"0f72f2d8":0,"e8f173b5":0,"578f6e9e":1,"e36dfd6f":0,"b8488fc8":1,"30b6808c":0,"87083264":2,"71e53c93":0,"2a4a402a":1,"cb4f262b":0,"5f0c1b9d":1,"e4c312fe":0,"a3253019":1,"4c4aa2e2":1,"7bebff03":0,"b6591e25":0,"fce3c5c6":1,"0a96f57a":3,"c2bb8aae":0,"25776fc4":0,"1d790491":1,"6d339d45":2,"8547fbc2":1,"9d63c4dd":3,"57d5dee8":2,"5e09f69e":0,"f069bb07":1,"5747db6e":0,"379184a7":0,"de11eb19":3,"dfc89705":0,"77d35808":0,"8b2b601d":0,"9fc713b0":0,"c318d350":1,"8aa78e2f":2
1604737403866,"cd95f558":0,"b2a8761b":0,"17807120":1,"9a3cc55d":1,"06ddafc7":0,"437fc3ec":0,"812b4f15":1,"3310a049":1,"685207b3":1,"8e780922":1,"430a5db5":0,"20777945":0,"0f029727":1,"c8dc010f":1,"30d84dce":1,"92f800f5":1,"f3d68430":1,"5f7d7195":1,"12012fbd":1,"39a2fcce":1,"5774ac0d":1,"4125085e":2,"26c390d6":0,"98915a1f":0,"358e45b1":1,"fe0df575":0,"dfc89705":1,"263762cb":1,"aefe13f5":1,"0114160e":1,"5781776a":1,"8aa78e2f":3,"d78dd457":1,"43d87483":0,"5f0c1b9d":2,"77bfed7e":5,"2bcca6a7":0,"dd035d2a":0,"fea793f5":1,"79be29c8":0,"1e232870":1,"9b172ca8":1,"26ed1a5c":2,"a0ce82b4":1,"9d0546ac":1,"4279e829":1,"f8b31ce5":2,"dac109cf":1,"ce3407dd":1,"25a7a0a3":4,"b946e146":1,"4ed01268":0,"2ab62345":1,"e4714415":1,"fd07e0ed":0,"835358a0":1,"05f6ab35":0,"9496f56f":0,"3101354b":0,"831c7b85":1,"6f39f4d9":0,"cf1b8c47":0,"cb4f262b":1,"0d770b97":2,"379184a7":1,"b4fdf90e":1,"b1f58563":1,"aa00769b":1,"5623817d":1,"d36125db":3,"a43061ee":0,"e7e82473":0
1604737404217,"623c6a31":0,"cb6c9e42":2,"3f65f121":0,"44a4f7cd":0,"c64de0c0":1,"72805bf5":0,"70c1e715":0,"f4726450":1,"a5676c24":1,"4f59a322":1,"8007f30e":1,"3a291497":0,"ad303bda":1,"a59a8290":1,"730a4938":2,"cb4f262b":2,"a3253019":2,"5e193fc8":1,"a68a93b2":1,"2ad42a9e":0,"ffc86f94":1,"0841052c":1,"a851554d":0,"b5ce0c0c":3,"dfa1a89b":0,"5339e1e9":1,"af157d29":2,"4911acad":3,"bf822e33":0,"5eaa1581":1,"508aac3d":1,"d3a669ac":1,"b8488fc8":2,"dc03ebd2":1,"597c1f81":0,"ef91eaae":0,"a0685bf3":1,"db8ba455":1,"145c7559":1,"9b172ca8":2,"b7434f57":1,"8ea21393":0,"dbd2f139":1,"638cb163":1,"07107f6e":3,"14c682eb":1,"8d000d6e":1,"8f2a7d69":0,"5099c6a0":0,"0eaf08da":0,"8298e976":4,"a58bf525":4,"bad6cdb1":3,"2d1e1e9d":0,"22176537":2,"e15fd611":0,"f5596d0f":0,"2132fe93":1,"b88033fd":1,"4125085e":3,"8cd78f77":1,"0fc5ac7e":1,"aa187e3b":1,"d4d5f466":0,"2bcca6a7":1,"abc1d7ad":2,"2ce1af05":0,"4ea4a2a1":1,"4ac6bd4e":1,"26f99a1e":0,"2198ba8e":1,"437fc3ec":1,"e7e82473":1,"ad8f85d6":1,"a24e6670":0,"b3863630":1,"0c043224":0,"c4feee5b":2,"805534ac":1,"cf1124db":1,"cc6bbe45":1,"3007f31f":0,"a33fe0dd":0,"1634789b":3,"30dd2edc":0,"f4b2f575":1,"558d5ce7":1,"5a734022":1,"c4bff41f":2,"aaa274a5":0,"730338c4":1,"77bfed7e":6,"616d6dd6":1,"1bc0591f":0,"88ce179e":2,"4258c176":1
1604737404341,"5f8517b7":1,"db0a661e":0,"60e855ee":1,"d9dcdc4b":2,"f5cd79c1":1,"01cd8099":1,"b84a06eb":1,"b6aaf976":2,"168e75d9":1,"a4f1d83b":0,"1e7753d9":2,"1a2c020b":3,"c8fcad77":1,"805534ac":2,"4577b333":0,"c8dc010f":2,"a1921150":0,"9e206c95":2,"15620dca":0,"842c8340":0,"ed4fad08":1,"c852d240":1,"6a3eaf43":0,"284544ba":0,"a5676c24":2,"7e95c5a0":3,"a59a8290":2,"ec110282":1,"b9be31d6":2,"1bc0591f":1,"d83870f5":2,"abad2347":0,"379184a7":2,"6f0fcb9d":2,"836701f6":0,"23080895":1,"312f7676":2,"06ddafc7":1,"470d50c2":1,"4360a1a3":2,"1247fa52":1,"cf1124db":2,"caddd0a7":0,"2b3c49b9":2,"ded7da5a":1,"805af3c7":0,"865d9857":0,"449d8475":2,"51f57142":0,"77f31bab":0,"a2c334e7":1,"68562193":1,"8657c79d":1,"95539a58":0,"aa867541":1,"7c0a2db6":0,"af7e5be8":1,"fead11cf":1,"92ca52b7":2,"1c0a9eff":0,"1757a30e":0,"70bc8325":0,"4b3e3b1c":0,"a636f4c9":1,"b7407bd3":2,"9260d96b":1,"004f1ef3":0,"cb51f134":0,"61f25dd4":2,"be2955bb":2,"110b1ee3":0,"9a80f004":0,"49b358bd":1,"217c0327":0,"d1fe2868":0,"2cb29e5a":2,"527ff946":2,"288a2c43":0,"629800eb":3,"a0cf08b3":1,"b87158fb":0,"7218c9f1":1,"d8e58a8c":1,"05f6ab35":1,"d39724bc":1,"0d770b97":3,"081460bf":1,"af0b61ab":2,"a0b03218":0,"de36827b":1,"26f99a1e":1,"23080895":2,"bbe71605":0,"9fa62fee":0,"f8b31ce5":3,"51c57542":1,"972f4174":0,"8cc4a982":1,"39a2fcce":2,"be4f8ba8":1,"8ec3834d":0,"83b2f9c5":1,"77bfed7e":7,"ec11fe5f":0,"74c26380":0,"a85d89cc":1,"92ca52b7":3,"e356abf1":2,"ad2d7bed":1,"288a2c43":1,"6867261a":1,"70c1e715":1,"b8397293":0,"5099c6a0":1,"7a6aa4b6":0,"e7773397":1,"cf52025e":1,"11888cfa":0,"ce4da56f":1,"804d4dfa":0,"2c627253":0,"79f04300":0,"026766f3":1,"4dac6b20":0,"08a06557":0,"906632cb":1,"c4e70c07":1,"27d8bf51":1
1604737404748,"50312237":0,"b35e9e1a":0,"095ab3b4":0,"48655f09":1,"fb7b7b3c":1,"e8f173b5":1,"54a676d6":0,"f1098793":0,"2e3503e4":0,"e57d5cda":2,"7c0a2db6":1,"19551bad":1,"e28c2efc":1,"2dd0e808":0,"be3a10f8":1,"6c20c153":1,"7ee7621c":0,"de11eb19":4,"3f9b5722":1,"4c4aa2e2":2,"37a7d5b0":0,"ded7da5a":2,"c0b0f492":1,"e2a7d915":2,"a8726d50":0,"e6fac295":0,"437fc3ec":2,"761cf820":0,"5623817d":2,"946df4fd":0,"f5829ac0":1,"489a39f7":0,"f3992a31":1,"ef14000f":0,"da04caac":2,"e35a63cd":2,"6e44927f":0,"9c29f0ed":0,"9d023afb":0,"6c20c153":2,"ea4d3f3e":1,"ba30e43a":1,"7d112f4d":0,"e9679ede":1,"b6591e25":1,"44c77422":1,"026766f3":2,"4eed1bea":0,"9e878ec2":1,"a9b1bd51":1,"51f57142":1,"ccf8b803":0,"9de29816":0,"71279c46":0,"0fc5ac7e":2,"ed4fad08":2,"d3a669ac":2,"5099c6a0":2,"87922532":1,"820225e4":1,"c4aa1e38":1,"01cd8099":2,"a40846b7":3,"a6bcb07e":2,"56473430":1,"ae95f2ba":0,"c1bb74f2":3,"e4cfef0a":0,"95904ac4":0,"ec11fe5f":1,"ee21ad02":3,"730a4938":3,"6b78ad7f":1,"4b4ecbce":0,"27d8bf51":2,"30fdcd3b":1,"259930ee":1,"65a00a3c":0,"a0ce82b4":2,"5cd3cfe0":1,"1634789b":4,"ec2cb1af":1,"09560615":1,"90d52475":2,"6632fed0":2,"d6d61bfc":2,"835358a0":2,"b7832271":1,"6f0fcb9d":3,"92d38723":1,"17807120":2,"c95719e5":0,"a8871ddf":0,"eda6a690":0,"9c58dd76":2,"1f88a4b7":1
1604737404911,"ec11fe5f":2,"00a481e3":0,"10ec5a0b":0,"55928ef1":1,"b9be31d6":3,"a15713c6":1,"54d7de6b":1,"6c20c153":3,"f121b82c":0,"c0fea118":0,"9d4da635":0,"201cafad":0,"c7636527":0,"3b7763b1":0,"19e9776f":0,"14c682eb":2,"5957df9e":0,"6143f39d":1,"4ed01268":1,"f3d68430":2,"8d04852b":0,"c93c3508":0,"cbb54a0a":0,"d3a669ac":3,"11b2c8d9":0,"d4ee22a4":1,"f789f6d8":1,"ef8987d7":2,"e35a63cd":3,"8ac72326":1,"730a4938":4,"0d770b97":4,"ab7d4c9a":0,"f598a332":4,"5272520d":1,"a81a857c":0,"cd421290":1,"cf1124db":3,"5ab7bc35":1,"0a96f57a":4,"5a0eb771":0,"bb99c79c":0,"ce3407dd":2,"36d340f2":2,"03b4ab60":0,"181c3dd5":0,"fd07e0ed":1,"a6626a13":0,"3a1b9af5":1,"4f5e3e7d":0,"a24e6670":1,"4febf7c5":0,"3a204e56":0,"a0b03218":1,"c318d350":2,"b552beb3":0,"9f74b8a4":1,"e35a63cd":4,"abc1d7ad":3,"7a4c064c":0,"25a2844e":1,"65e4235b":1,"cb142908":0,"733c86f8":1,"e865e4dd":0,"fea793f5":2,"2882a956":2,"290b4714":2,"f598a332":5,"e7abc88d":0,"c3e6ef01":0,"d9d7c4c2":0,"2ad42a9e":1,"ebdbf580":0,"cd3bbe7e":1,"08a06557":1,"4eed1bea":1,"c2bb8aae":1,"30c5d755":2,"f9f2c53f":0
1604737405511,"50312237":1,"e7773397":2,"49910300":1,"bc392d1c":0,"b7407bd3":3,"6ebe2354":0,"8298e976":5,"2e99f8fd":2,"60e855ee":2,"c609739e":1,"e8f173b5":2,"8dd649a3":1,"a9b1bd51":2,"140ce69e":4,"0670c466":1,"b946e146":2,"37fbb107":2,"546f6845":0,"be149c6f":0,"5e09f69e":1,"9fa62fee":1,"51f80f4c":2,"8cd78f77":2,"22234d6b":1,"31f6d707":0,"6585adbe":0,"90731976":0,"cac4449a":1,"82868763":0,"67f6e4f2":0,"87922532":2,"54a676d6":1,"363590c7":0,"e7e82473":2,"17807120":3,"5270f158":1,"53b4e647":1,"ebdbf580":1,"b215547b":0,"9f2b16a7":1,"9e65c0ef":1,"381c68fa":2,"4295ce9a":1,"2ad42a9e":2,"a68a93b2":2,"dac109cf":2,"0a2f71bc":0,"fb8bfb36":1,"a8726d50":1,"315537b2":1,"1634789b":5,"39a2fcce":3,"bc021def":0,"e99318a3":1,"12012fbd":2,"5eaa1581":2,"5a07fc2e":0,"6df0b2e8":2,"a625328f":1,"2ab62345":2,"de6213c7":3,"d0e9a58e":0,"332820ce":0,"cf50e84e":0,"a85d89cc":2,"2c6cb96f":0,"b102f7bd":1,"7566fdd6":0,"a0685bf3":2,"d5dae4c4":0,"195eb771":0,"a8c93bed":0,"ee21ad02":4,"1757a30e":1,"abad2347":1,"77d35808":1,"45fb95c1":1,"74e01f6a":0,"c95719e5":1,"5f8517b7":2,"ad8f85d6":2,"6a60348e":0,"42191b64":0,"eed20185":0
1604737405661,"e4cfef0a":1,"7a4c064c":1,"9c29f0ed":1,"50b558a7":1,"e865e4dd":1,"478d2d4f":0,"ef8987d7":3,"7ee7621c":1,"2352c8ef":0,"71ba7561":1,"6841f77e":0,"c0b23081":2,"f33c0140":0,"c0fea118":1,"fe578280":0,"547903ef":2,"dbd2f139":2,"8f13c203":0,"b7434f57":2,"40e79dd3":3,"04ea5673":2,"805534ac":3,"ddec9e54":1,"08a06557":2,"9c045c61":1,"f2364460":0,"eafbf9fb":0,"25d1b2d8":0,"affb82bf":1,"9d63c4dd":4,"629800eb":4,"7566fdd6":1,"5f0c1b9d":3,"869cbaa0":1,"2bcca6a7":2,"51a3e9c2":0,"3c0df8b4":1,"70ee0491":0,"1a442bc7":1,"d9d0c567":2,"54d7de6b":2,"8721056e":0,"e9a8cf11":1,"540df50f":1,"0fc5ac7e":3,"a6003226":0,"778c95e9":1,"3c6692a3":1,"7f86be64":0,"8e99d5d0":0,"655954ba":0,"6f81493d":1,"3007f31f":1,"805af3c7":1,"0af920d8":0,"07107f6e":4,"57167c74":0,"4ee62a26":0,"e21c6207":0,"c0b0f492":2,"12dd6f5e":2,"77f31bab":1,"6adce358":1,"01d817b8":0,"379184a7":3,"4f5e3e7d":1,"b935fc1c":2,"66554572":0,"7ae3fc50":1,"aa00769b":2,"19f9ca86":0,"e8f173b5":3,"09f0db62":1,"4945c851":0,"ac62fac2":1,"a43061ee":1,"e57d5cda":3,"9aa6a054":0,"d9a64845":1,"87cd2add":1,"92ca52b7":4,"6c524f99":1,"3a291497":1,"b3f19a69":0,"a15713c6":2,"0042f6eb":1,"c67979e6":1,"4469c815":0,"35aa7fd0":0,"181c3dd5":1,"aec074c4":0,"9b3f8714":1,"8cd78f77":3,"2a06ab95":1,"4b125e7b":1,"5acce642":1,"ab7d4c9a":1,"69134f07":0,"696fdac5":0,"d033db8d":1,"d9f512b9":2,"9a80f004":1,"4c39240e":2,"5ccf94d6":1,"c650b434":2,"04ea5673":3,"30d84dce":2,"40e79dd3":4,"ef16ca37":0,"f044c0e1":1,"5ee911b5":3,"004f1ef3":1,"baebb391":1,"6d802fa2":1,"379184a7":4,"95d3d348":1,"88a30343":0,"e6fac295":1,"19f9ca86":1,"a43061ee":2
1604737406067,"842c8340":1,"546f6845":1,"1d153b20":0,"36684155":0,"53a8613c":0,"0670c466":2,"42c80e69":1,"aa9ea5e8":0,"6a3eaf43":1,"aec074c4":1,"a2c334e7":2,"508aac3d":2,"1bd5b20b":0,"b35e9e1a":1,"1db42092":2,"8dc9b4db":1,"804d4dfa":1,"fe0df575":1,"5781776a":2,"159ffd0b":0,"04612878":1,"b1f58563":2,"792cfcbd":1,"a24e6670":2,"7f86be64":1,"e9679ede":2,"4b4ecbce":1,"cf1124db":4,"dac109cf":3,"51c57542":2,"c8977844":1,"d141db49":0,"6490bac6":0,"e32524d6":1,"5ccf94d6":2,"261c9911":1,"3661e12d":1,"48efc739":1,"2dda3936":0,"650bb0e0":1,"66d94227":0,"3f65f121":1,"be149c6f":1,"6e851762":2,"35aa7fd0":1,"aec074c4":2,"c852d240":2,"f069bb07":2,"4f59a322":2,"4d9b0b10":1,"385ab7c6":0,"012de09c":1,"e5b1abc6":1,"ee21ad02":5,"55928ef1":2,"3f75d3bc":1,"7735c3c2":2,"2dd0e808":1,"7fdc2007":0,"67d30f2b":3,"332820ce":1,"e0e6a097":0,"7a6aa4b6":1,"263762cb":2,"8b2b601d":1,"8dc9b4db":2,"aa00769b":3,"2d1e1e9d":1,"f2470875":1,"74e01f6a":1,"0114160e":2,"a636f4c9":2,"f33c0140":1,"655954ba":1,"0b959527":1,"c8977844":2,"6490bac6":1,"a81a857c":1,"104721f0":2,"a8726d50":2,"8f9b74b0":2,"859545e6":0,"142d6987":1,"51c57542":3,"22ecaed0":1,"d1fe2868":1,"7080f122":1,"77f31bab":2,"51f57142":2,"088feee2":1,"71a2a493":0,"a6626a13":1,"60d6cee2":1,"70c1e715":2,"081460bf":2,"911e770b":0,"7e95c5a0":4,"753ca352":0,"5f0c1b9d":4,"b102f7bd":2,"d7cb9bcf":1,"ec11fe5f":3,"5f96c2bc":0,"51a3e9c2":1,"537634c9":0,"ba5c52af":2,"a502c93c":0,"7ee7621c":2,"ef16ca37":1,"761cf820":1,"8274885a":1,"3652bd66":0,"03dcfa3d":0,"27f52ed3":0,"f5829ac0":2,"bad6cdb1":4,"09f0db62":2,"6db0ea86":0,"a0bc1ceb":0,"07fc4a9a":2,"d548635d":0,"b3863630":2,"36380d96":1,"a33fe0dd":1,"26ed1a5c":3,"feb67030":1,"f4343817":1,"61f25dd4":3,"d9f512b9":3,"0f029727":2,"547903ef":3,"94a2fe10":0,"57540cc3":0,"394dc144":0,"9a467a82":3,"650bb0e0":2,"c6c85783":1,"a63bddd4":1,"be149c6f":2,"540df50f":2,"835358a0":3,"e28c2efc":2,"6a5b71b4":1,"74c26380":1,"733c86f8":2,"d5059415":1,"0a1d11e6":0,"13b53c7a":1,"7ae34c64":2,"fef750ca":0,"88ce179e":3,"1c0a9eff":1,"67d30f2b":4,"9e878ec2":2,"06073f13":1,"cfe72ead":1,"3e082b37":1
1604737406207,"dd7acb96":0,"288a2c43":2,"272c7672":3,"9496f56f":1,"76f94eda":0,"e865e4dd":2,"f789f6d8":2,"ec11fe5f":4,"753ca352":1,"a472532e":0,"33d6bb6a":1,"55928ef1":3,"cb51f134":1,"2e3503e4":1,"c0fea118":2,"5acce642":2,"a6b5e869":0,"ea4d3f3e":2,"a5aee5de":1,"b84a06eb":2,"08a06557":3,"3b7763b1":1,"30fdcd3b":2,"26dd2000":0,"805af3c7":2,"19e9776f":1,"b320feb9":0,"51c57542":4,"142d6987":2,"49902219":1,"3f65f121":2,"0670c466":3,"25d1b2d8":1,"be4f8ba8":2,"527ff946":3,"1ed46298":2,"2d13e69b":1,"72805bf5":1,"778c95e9":2,"5ac86fb9":0,"4bcd4a30":1,"6f39f4d9":1,"af7e5be8":2,"a851891c":0,"abd32136":2,"69eeae0d":2,"fead11cf":2,"34c5c729":2,"1a2c020b":4,"470d50c2":2,"a472532e":1,"478d2d4f":1,"dd3913d2":0,"e0e48a2d":0,"4258c176":2,"7735c3c2":3,"5ab7bc35":2,"6bc5d32a":3,"dae0f922":4,"2209903e":1,"66b7b5b4":1,"f8b31ce5":4,"9a80f004":2,"e32524d6":2,"f4634d0b":2,"4ea4a2a1":2,"ea274174":1,"f6fe095d":1,"6be9332a":0,"05642105":2,"74e01f6a":2,"eda6a690":1,"e0f7679f":1,"8dd2684c":0,"f4b2f575":2,"eeaa2d46":0,"789bd484":0,"51f57142":3,"815e4582":1,"57d5dee8":3,"aec074c4":3,"ed4fad08":3,"c793cdda":0,"13747b82":1,"de6213c7":4,"c803b4a3":0,"e28c2efc":3,"195eb771":1,"b73e789c":1,"61145ec9":0,"02d4753e":1,"fe1d4419":1,"b36a0d66":0,"baebb391":2,"3c43e8a2":3,"99d130c9":1,"6291e9e9":1,"1db42092":3,"09f0db62":3,"71bc1295":0,"fef750ca":1,"8063df14":1,"a5fd8ffd":1,"78b97937":1,"04cc7cbe":0,"7fef9973":0,"0d770b97":5,"4ba6eb36":2,"06073f13":2,"288d171f":0,"69134f07":1,"8e99d5d0":1,"b7505747":1,"40a745c0":1,"261c9911":2,"6f81493d":2,"b5ce0c0c":4,"8f9b74b0":3,"bfad1727":0,"e786063b":0,"8db62558":0,"21ee2afe":0,"0e036ae9":0,"b8ab8e6e":0,"af157d29":3,"1a0189c4":1,"7e15f8e8":1,"a2c334e7":3,"42c80e69":2,"26c390d6":1,"fd07e0ed":2,"5e09f69e":2,"72d7b461":1,"9fce073c":2,"00554ffd":1,"2c5c1dc0":1,"8dc9b4db":3,"045f280d":0,"dd1fcb17":1,"77d35808":2,"56752a4a":0,"b36a0d66":1,"013ee301":1,"87922532":3,"2dd0e808":2,"7566fdd6":2,"28654c76":2,"19551bad":2,"45b5746e":1,"1dad0f99":1,"a8c93bed":1,"25a2844e":2,"8bc04eb5":1,"a6b5e869":1,"95d331b1":0,"c382f054":1,"8e780922":2,"ebdbf580":2,"b7505747":2,"201cafad":1,"ca6d2d91":0,"4c39240e":3,"6b9eff39":1,"9316e7e8":0,"fbdffc95":0,"f4634d0b":3,"4eed1bea":2
1604737406564,"761cf820":2,"608bc832":0,"92d38723":2,"ea9bba6b":0,"2d382981":2,"a3d4a0e5":0,"0f72f2d8":1,"93ac9ca3":0,"363590c7":1,"cf84fb54":1,"ad8f85d6":3,"1138796e":0,"d0b297b2":1,"558d5ce7":2,"c67979e6":2,"217c0327":1,"842c8340":2,"b8ab8e6e":1,"f87c5031":1,"1ed46298":3,"f069bb07":3,"5f6613c8":0,"8cd78f77":4,"6df0b2e8":3,"084cbc0b":1,"7a6aa4b6":2,"3e602573":0,"fb7b7b3c":2,"4ea4a2a1":3,"014bdff0":0,"a5aee5de":2,"0114160e":3,"77d35808":3,"e6fac295":2,"d36125db":4,"69f3bfcc":1,"696fdac5":1,"f2086446":0,"efe84c27":2,"6b9eff39":2,"259930ee":2,"0d5ee801":1,"7043382d":0,"27d8bf51":3,"1a2ec5d7":1,"c7636527":1,"5a622a23":1,"3f9b5722":2,"623c6a31":1,"815e4582":2,"30dd2edc":1,"394dc144":1,"13747b82":2,"97e75c19":1,"0e036ae9":1,"eb7b4e29":1,"c9efc8f6":0,"b7cc7909":0,"9fa62fee":2,"884b0ad1":1,"408bb2ed":1,"40569362":3,"db0a661e":1,"3e082b37":2,"ae8a09c4":1,"b1f58563":3,"aefe13f5":2,"312f7676":3,"6be9332a":1,"5678ed7b":2,"bbe71605":1,"26009d3f":1,"b3f19a69":1,"50c468ba":0,"9496f56f":2,"ec110282":2,"d2466211":1,"28654c76":3,"20958d58":1,"abc1d7ad":4,"1bc0591f":2,"78467b8a":1,"5b5fc566":0,"00cf385d":1,"8fb236a9":1,"67c57de4":1,"43bc86e3":3,"7566fdd6":3,"bd62d7ed":2,"781ace7d":0,"ba5c52af":3,"7ae34c64":3,"a66a2d8a":1,"d548635d":1,"145c7559":2,"c85a0d80":1,"cd421290":2,"be40590d":0,"a33fe0dd":2,"859545e6":1,"7a9344a4":0,"93e8cee5":2,"4ee62a26":1,"e32524d6":3,"a851554d":1,"57540cc3":1,"088feee2":2,"bb99c79c":1,"a9b1bd51":3,"74e3d13e":0,"4ed01268":2,"be4f8ba8":3,"3c18f28e":1,"26c390d6":2,"32133249":2,"284544ba":1,"de6213c7":5,"a533489b":0,"4ac6bd4e":2,"336d0f08":0,"016953e4":0,"eed20185":1,"1138796e":1,"f6fe095d":2,"35b58ef9":1,"f0a06216":2,"04cc7cbe":1,"d815c5b4":0,"bab97de3":1,"25635c37":0,"ac62fac2":2,"6db0ea86":1,"43d87483":1,"d2466211":2,"30b6808c":1,"bd62d7ed":3,"fafb4cc2":0,"dc03ebd2":2,"a8c93bed":2,"6c524f99":2,"71ba7561":2,"06ee61b6":0,"69d4b754":0,"5be594be":0,"57167c74":1,"467773ac":0,"c45d554f":1,"0f029727":3,"c3e6ef01":1,"07107f6e":5,"868cda42":1,"d0c104c4":0,"efd23af5":0,"217c0327":2,"25d1b2d8":2,"bb99c79c":2,"23760167":0,"f3d68430":3,"a983a6dc":0,"031e488e":1,"dc473de1":1,"1f7607df":0,"71a2a493":1,"9147702f":0,"e58b26f6":0,"b7407bd3":4,"e0e6a097":1,"5a0ead91":1,"17807120":4,"ae8a09c4":2,"a40846b7":4,"0b3283c9":0,"c609739e":2,"1438fad7":1,"5acce642":3,"88ce179e":4,"7735c3c2":4,"8e4c33d2":2,"26009d3f":2
1604737406989,"c38c2b52":1,"e57d5cda":4,"d7cb9bcf":2,"cfafcda8":0,"3a291497":2,"cd522166":3,"dd035d2a":1,"6e44927f":1,"70ee0491":1,"f0a06216":3,"124fbe96":1,"4652b09a":0,"90a06ee9":3,"acac14fb":1,"9267f0ef":1,"7e76c93c":0,"44ff8baa":0,"ffc86f94":2,"b6591e25":2,"a577db1c":0,"daab45c6":0,"430a5db5":1,"8db62558":1,"547903ef":4,"6de0aaac":0,"2b3e4717":0,"f5596d0f":1,"789bd484":1,"51f57142":4,"07fc4a9a":3,"7fb4c521":0,"91536e85":0,"d83294cd":1,"82204d54":1,"28654c76":4,"6e44927f":2,"33d6bb6a":2,"8b5a8e9f":1,"fafb4cc2":1,"67d30f2b":5,"bf822e33":1,"0ecfa1c9":3,"92efd84f":1,"51f80f4c":3,"1f342a00":2,"bc3dc66a":2,"6a3eaf43":2,"51a3e9c2":2,"1c0a9eff":2,"c4feee5b":3,"dbc9df44":1,"972f4174":1,"c0b0f492":3,"6bc5d32a":4,"4def63ee":1,"df81ddee":0,"3f9b5722":3,"ba30e43a":2,"d25e0f8d":1,"381c68fa":3,"db703021":0,"8dd2684c":1,"b377a62a":0,"358e45b1":2,"45b038bb":1,"946df4fd":1,"b935fc1c":3,"59431390":3,"e238f09b":0,"9fc713b0":1,"05642105":3,"a636f4c9":3,"19f9ca86":2,"95bc84f1":1,"0d7d88f1":0,"cc5a1d47":0,"be3a10f8":2,"d7cb9bcf":3,"2bcca6a7":3,"fafb4cc2":2,"8721056e":1,"313258f2":1,"5339e1e9":2,"01d817b8":1,"088feee2":3,"6d5fcd4c":0,"794f652b":1,"181c3dd5":2,"c4bff41f":3,"b35bb8a1":0,"835358a0":4,"70bc8325":1,"9fa62fee":3,"3a291497":3,"54d7de6b":3,"730a4938":5,"7fef9973":1,"d34a29b9":1,"c5b35e4d":1,"f598a332":6,"14c682eb":3,"d25e0f8d":2,"4c39240e":4,"b6ee137a":0,"a577db1c":1,"1a2ec5d7":2,"27d8bf51":4,"56d315d8":0,"142d6987":3
1604737407355,"9263c525":0,"ea274174":2,"00554ffd":2,"b7df1559":1,"6be9332a":2,"8cf83787":0,"3e082b37":3,"458dcc3d":2,"25635c37":1,"17b08923":0,"b84a06eb":3,"5b60dd1d":0,"8547fbc2":2,"d5557fb4":0,"254cc28c":1,"4d35385e":1,"01d817b8":2,"394dc144":2,"8cddb65e":2,"3c18f28e":2,"50c3164b":0,"a2c334e7":4,"fd369c21":1,"d0d6acb1":0,"8f2a7d69":1,"b4fdf90e":2,"02d4753e":2,"ad8f85d6":4,"87ce8d1d":0,"1951480c":0,"a8871ddf":1,"8274885a":2,"4b4ef7fa":2,"8aa78e2f":4,"004f1ef3":2,"54a676d6":2,"6b78ad7f":2,"c0fea118":3,"aa021138":3,"aab4d996":0,"9267f0ef":2,"bc09fa9e":2,"30d84dce":3,"5fa12feb":1,"c8fcad77":2,"059d6c19":0,"201cafad":2,"a8726d50":3,"15620dca":1,"449d8475":3,"9c045c61":2,"1634789b":6,"945b63f0":0,"77f31bab":3,"72805bf5":2,"d552eb2f":3,"8d04852b":1,"98915a1f":1,"1ed46298":4,"8657c79d":2,"f7231212":2,"e4cfef0a":2,"e5b1abc6":2,"0d28db94":0,"8db5a165":1,"8b5a8e9f":2,"7c0a2db6":2,"1745a0f4":0,"71e53c93":1,"4258c176":3,"bec9d329":2,"ae99df30":0,"4ba6eb36":3,"b35e9e1a":2,"9e878ec2":3,"59c1e594":2,"b2bd8fd3":1,"4945c851":1,"6ce84ff8":0,"812b4f15":2,"6d61bf13":1,"cf50e84e":1,"83086d4c":1,"88a30343":1,"e0154608":0,"a577db1c":2,"d34a29b9":2,"e5d3655c":1,"94a2fe10":1,"92136ff5":0,"e1618359":1,"f1b493de":0,"ba30e43a":3,"3ef7432b":1,"be40590d":1,"8ea21393":1,"2dda3936":1,"449d8475":4,"e9adbe58":0,"3454fa2b":2,"6adce358":2,"b230e8d3":2,"faf3ed07":1,"c4bff41f":4,"3062379b":0,"2c01e624":1,"35aa7fd0":2,"8657c79d":3,"a06a6430":0,"53b4e647":2,"7566fdd6":4,"25a2844e":3,"ef8987d7":4,"78467b8a":2,"f905a555":1,"7fdc2007":1,"ee21ad02":6,"52eca0dc":3,"b3f19a69":2,"20811ddf":0,"792c9b6a":2,"5ee911b5":4,"9e878ec2":4,"4febf7c5":1,"b6aaf976":3,"3310a049":2,"09f0db62":4,"a543ec74":0,"0114160e":4,"71ff66e8":0,"95f6db13":0,"971675c5":0
1604737407706,"f33c0140":2,"c0fea118":4,"d9f512b9":4,"ebdbf580":3,"ce3bf5db":2,"18d20aa1":0,"08a06557":4,"25e0dd3d":2,"906632cb":2,"dae0f922":5,"5a622a23":2,"3661e12d":2,"bf822e33":2,"2cb29e5a":3,"a983a6dc":1,"945b63f0":1,"93fdbb44":2,"5e09f69e":3,"50c3164b":1,"2132fe93":2,"d3a669ac":4,"50c468ba":1,"a85d89cc":3,"0e2b5d2f":1,"9f74b8a4":2,"cd522166":4,"a15713c6":3,"1105f790":1,"65e4235b":2,"cf1b8c47":1,"a502c93c":1,"1757a30e":2,"e6ec8cbf":0,"50312237":2,"1bd5b20b":1,"06073f13":3,"c609739e":3,"d1676e89":0,"b552beb3":1,"751bcf25":1,"87922532":4,"f5cd79c1":2,"4945c851":2,"aa00769b":4,"8298e976":6,"6085137f":0,"6632fed0":3,"d1ca5d6b":0,"9b742f71":1,"0a92153e":0,"ea6de194":0,"4295ce9a":2,"57540cc3":2,"449d8475":5,"51f57142":5,"f2364460":1,"49902219":2,"c67979e6":3,"6751d8e4":0,"51f80f4c":4,"2ce1af05":1,"e57d5cda":5,"a567ace4":0,"0bfabf48":0,"0e2b5d2f":2,"8a165e17":1,"7bda83dd":0,"195eb771":2,"616d6dd6":2,"c0b23081":3,"79be29c8":1,"7fef9973":2,"b7407bd3":5,"e0e6a097":2,"3d1af513":0,"468fc85c":0,"25776fc4":1,"fe578280":1,"c45d554f":2,"0d5ee801":2,"df2b4d87":1,"4dac6b20":1,"c3e6ef01":2,"93683c82":1,"d6db2b02":0,"2c24d929":2,"71ff66e8":1,"c793cdda":1,"9f5e6cba":1,"2d13e69b":2,"24a9fb86":0,"2cce4fb2":1,"a543ec74":1,"09f0db62":5,"f277386e":0,"971675c5":1,"eeaa2d46":1,"527ff946":4,"9d63c4dd":5,"2dda3936":2,"1a0189c4":2,"a63bddd4":2,"ad303bda":2,"629800eb":5,"2352c8ef":1,"9496f56f":3,"0e2b5d2f":3,"dd3913d2":1,"f3a0c2ee":0,"313258f2":2,"fea793f5":3,"00a481e3":1,"e356abf1":3,"d815c5b4":1,"d33790a2":1,"5f8517b7":3,"4ba6eb36":4,"ad8f85d6":5,"8eb64769":1,"0da28f5b":0,"69d4b754":1,"aa021138":4,"7e8e1c3d":0,"7be025ce":0,"3f9b5722":4,"ab7467de":2,"8e99d5d0":2,"df2b4d87":2,"b6591e25":3,"1e7753d9":3,"ecfa8249":0,"32c9fc47":1,"cbad3b92":1,"578f6e9e":2,"ea9bba6b":1,"5678ed7b":3,"57d5dee8":4,"aec074c4":4,"dd7acb96":1,"288a2c43":3,"98915a1f":2,"540df50f":3,"07fc4a9a":4,"6d61bf13":2,"9de29816":1,"0670c466":4,"623c6a31":2,"ccf8b803":1
1604737408066,"91536e85":1,"ef91eaae":1,"9c29f0ed":2,"fef750ca":2,"cfafcda8":1,"43bc86e3":4,"74c26380":2,"e35a63cd":5,"00a481e3":2,"6c20c153":4,"6b82b527":0,"1a442bc7":2,"90a06ee9":4,"1247fa52":2,"fe578280":2,"2209903e":2,"e3547548":1,"c4e70c07":2,"21e10a2b":0,"9316e7e8":1,"6490bac6":2,"08a06557":5,"74f234c6":2,"1f11812e":1,"7080f122":2,"d5557fb4":1,"fd07e0ed":3,"2132fe93":3,"5f6613c8":1,"d744bee2":2,"d0d6acb1":1,"a2c334e7":5,"50c468ba":2,"cb142908":1,"9a3ab0b8":0,"753ca352":2,"30c184b8":2,"42cd2360":1,"a0685bf3":3,"dc03ebd2":3,"dd035d2a":2,"f0a06216":4,"ba586505":0,"5b5fc566":1,"c21ab51e":0,"0da28f5b":1,"f2086446":1,"e2cbe594":1,"c0b0f492":4,"25e0dd3d":3,"08a06557":6,"6f81493d":3,"3b7763b1":2,"110b1ee3":1,"88fa53d6":1,"f883d582":0,"1ff8c2fc":2,"8f2a7d69":2,"3661e12d":3,"794f652b":2,"175bc6b2":0,"8a52882e":4,"ce3407dd":3,"affb82bf":2,"084cbc0b":2,"72805bf5":3,"a2c334e7":6,"84b767be":1,"288a2c43":4,"39ba00f0":0,"c8113b77":0,"9aa6a054":1,"02d4753e":3,"be1746a0":0,"e7e82473":3,"b7df1559":2,"2c5c1dc0":2,"88a30343":2,"23080895":3,"7ee148e9":0,"95bc84f1":2,"09ff339a":0,"2a4a402a":2,"f789f6d8":3,"30b6808c":2,"78b97937":2,"b28a5e67":1,"f5e8dfee":0,"ad2d7bed":2,"abc1d7ad":5,"93b0a158":0,"730a4938":6,"1e232870":2,"696fdac5":2,"65a00a3c":1,"feb67030":2,"fe578280":3,"f883d582":1,"9bdf362a":0,"fb8bfb36":2,"430a5db5":2,"daab45c6":1,"fce3c5c6":2,"e62d705f":0,"175bc6b2":1,"6adce358":3,"b8ab8e6e":2,"0277d748":1,"92efd84f":2,"6632fed0":4,"a1921150":1,"bc021def":1,"8657c79d":4,"5e09f69e":4,"fd369c21":2,"17446892":0,"9fce073c":3,"de11eb19":5,"d0e9a58e":1,"a636f4c9":4,"8493f3b2":0,"87922532":5,"95f6db13":1,"8e4c33d2":3,"a24e6670":3,"c609739e":4,"a8871ddf":2,"a77e127d":1,"e7773397":3,"ba938220":1,"7e95c5a0":5,"0042f6eb":2,"2bcca6a7":4,"906fdec3":0,"6a7392d5":0,"ef8987d7":5,"ad2d7bed":3,"54d7de6b":4,"a472532e":2,"bf30a08f":1,"f3992a31":2,"0da28f5b":2,"4c4aa2e2":3,"6bc5d32a":5,"a33fe0dd":3,"110b1ee3":2,"dac109cf":4,"b6ee137a":1,"24ffcbd3":1,"a0ce82b4":3,"f1b493de":1,"74f234c6":3
1604737408239,"30dd2edc":2,"d2a841c9":0,"e99318a3":2,"789bd484":2,"175bc6b2":2,"9ab755d3":0,"449d8475":6,"af034fee":0,"e58b26f6":1,"5ac86fb9":1,"71a2a493":2,"84b767be":2,"4ba6eb36":5,"b377a62a":1,"71bc1295":1,"c7c4ec5c":1,"ac62fac2":3,"13f0e139":1,"de36827b":2,"a40846b7":5,"bbe71605":2,"6a60348e":1,"77d35808":4,"93ac9ca3":1,"0bfabf48":1,"67c57de4":2,"7a840529":0,"05f6ab35":2,"537634c9":1,"3c0df8b4":2,"ee75b607":2,"e35a63cd":6,"d9a64845":2,"9b546d65":1,"00cf385d":2,"ba586505":1,"53431634":2,"e1618359":2,"efd23af5":1,"ffc86f94":3,"9b742f71":2,"93e8cee5":3,"56d315d8":1,"9e65c0ef":2,"da3437cd":0,"b7505747":3,"20e470e0":1,"30dbfc69":0,"315537b2":2,"d957f027":0,"4d35385e":2,"01d817b8":3,"815e4582":3,"9147702f":1,"5957df9e":1,"aec4e1bf":1,"4ba6eb36":6,"0ac825ed":1,"742f1425":2,"3652bd66":1,"2cce4fb2":2,"b6aaf976":4,"25635c37":2,"c609739e":5,"fb7b7b3c":3,"0d2c95fe":0,"0114160e":5,"6ce84ff8":1,"385ab7c6":1,"76f94eda":1,"7218c9f1":2,"82204d54":2,"2dd0e808":3,"eb2e1983":1,"abc1d7ad":6,"b8488fc8":3,"ee75b607":3,"616d6dd6":3,"3b2dee89":1,"ec11fe5f":5,"00a481e3":3,"35aa7fd0":3,"88b3bc99":0,"5a07fc2e":1,"31f6ba51":0,"abad2347":2,"e4c312fe":1,"06ee61b6":1,"6b78ad7f":3,"2e3503e4":2,"e1571af7":0,"6b9eff39":3,"751bcf25":2,"2b3c49b9":3,"a33fe0dd":4,"efd23af5":2,"c3e6ef01":3,"69d4b754":2,"201cafad":3,"57167c74":2,"93683c82":2,"c015ec5a":1,"74f234c6":4,"0277d748":2,"1d153b20":1,"d5557fb4":2,"ec2cb1af":2,"6adce358":4,"5f7d7195":2,"6e851762":3,"554ebb83":2,"9263c525":1,"de11eb19":6,"2d1e1e9d":2,"d8475b95":2,"27f52ed3":1,"aefe13f5":3,"a24e6670":4,"ea9bba6b":2,"0b5a0408":1,"2d382981":3,"5b60dd1d":1,"6a60348e":2,"946df4fd":2,"3e082b37":4,"629800eb":6,"2ce1af05":2,"f7231212":3,"10ec5a0b":1,"19551bad":3,"478d2d4f":2,"a851891c":1,"616d6dd6":4,"afe8e06a":1,"9cb4697f":0,"fd482491":2,"8063df14":2,"7735c3c2":5,"dd035d2a":3,"ea4d3f3e":3,"87c462ee":0,"1f7607df":1,"5f6613c8":2,"9f5e6cba":2,"5747db6e":1,"d3a669ac":5,"4125085e":4,"deb31f35":1,"1e232870":3,"0da28f5b":3,"9f2b16a7":2,"9d0546ac":2,"0dad37d5":0,"a577db1c":3,"53747a91":0,"b5ce0c0c":5,"0d5ee801":3,"4e5aaaec":0,"88fa53d6":2,"20e470e0":2,"caddd0a7":1,"3ef7432b":2,"467773ac":1,"1e191c98":0,"b9a48a5c":0,"31d74eee":0,"0277d748":3,"789bd484":3,"f5596d0f":2,"842c8340":3,"379184a7":5,"9263c525":2,"cbad3b92":2,"de11eb19":7,"c609739e":6,"90731976":1,"c7ab83c1":1,"ae8a09c4":3,"b7407bd3":6,"17b08923":1,"0b3283c9":1,"64a7f79f":0,"b84a06eb":4,"09f0db62":6,"6291e9e9":2,"eda6a690":2
1604737408801,"cf9f4757":0,"597c1f81":1,"d5059415":2,"b87158fb":1,"7218c9f1":3,"83b2f9c5":2,"cfafcda8":2,"5ef93e5d":1,"bd2705b0":0,"2352c8ef":2,"d8e58a8c":2,"30c184b8":3,"140ce69e":5,"26c390d6":3,"a1921150":2,"bfcb912a":0,"fd369c21":3,"7db3edda":1,"9b3f8714":2,"bc3dc66a":3,"9fa62fee":4,"03b4ab60":1,"dffa7793":1,"9d4f1fe6":2,"5f0c1b9d":5,"93b0a158":1,"696fdac5":3,"a3253019":3,"4e3f5178":0,"72b84094":0,"e5d3655c":2,"4ee62a26":2,"30c5d755":3,"9a80f004":3,"b2c25d1c":0,"142d6987":4,"4def63ee":2,"7e8e1c3d":1,"4360a1a3":3,"b320feb9":1,"19e9776f":2,"51c57542":5,"d0c0fc08":1,"379184a7":6,"27c8e038":1,"5acaa06f":0,"cf52025e":2,"de36827b":3,"02d4753e":4,"363590c7":2,"e6fac295":3,"e7e82473":4,"42191b64":1,"8b2b601d":2,"bc392d1c":1,"a6bcb07e":3,"93ac9ca3":2,"7ee148e9":1,"e28c2efc":4,"9fce073c":4,"53b4e647":3,"30c184b8":4,"a06a6430":1,"c1bb74f2":4,"8f10fa42":2,"74c26380":3,"5957df9e":2,"22ecaed0":2,"12012fbd":3,"650bb0e0":3,"6adce358":5,"be149c6f":3,"50c3164b":2,"30dd2edc":3,"725dce8b":0,"aaa274a5":1,"90d52475":3,"21ee2afe":1,"98915a1f":3,"2132fe93":4,"d1ca5d6b":1,"540df50f":4,"345c9967":2,"afe8e06a":2,"9cb4697f":1,"124fbe96":2,"d8e58a8c":3,"0d770b97":6,"d5dae4c4":1,"e6ec8cbf":1,"104721f0":3,"a3253019":4,"6fb4cdda":0,"3498f223":1,"77898c22":0,"d141db49":1,"5cd3cfe0":2,"547903ef":5,"3bad3c95":1,"7cd0ad7b":2,"805af3c7":3,"7d112f4d":1,"7e8e1c3d":2,"ca6d2d91":1,"7e76c93c":1,"381c68fa":4,"1b153aef":1,"9263c525":3,"8323d333":1,"2c24d929":3,"4f5e3e7d":2,"26c6fa34":0,"695a2b92":0,"3c782bb3":2,"411b5027":0,"48655f09":2,"c95719e5":2,"74e01f6a":3,"6c73ae98":0,"42191b64":2,"39bbc4bc":3,"cf84fb54":2,"8fb236a9":2,"cc5a1d47":1,"ba938220":2,"6034b6d0":1,"30dd2edc":4,"5f7d7195":3,"8547fbc2":3,"d1fe2868":2,"ccdd1ce6":0,"ac38a6a5":1,"3062379b":1,"5d087c79":0,"c852d240":3,"2c01e624":2,"72805bf5":4,"aff8e442":0,"71279c46":1,"9147702f":2,"b230e8d3":3,"2d13e69b":3,"b102f7bd":3,"5f4102da":0,"ae016053":0,"05f6ab35":3,"49cb2959":1,"a567ace4":1,"4b125e7b":2,"6b82b527":1,"3f75d3bc":2,"4bc46d7a":1,"04cc7cbe":2,"685207b3":2,"d34a29b9":3,"f76a3e83":0,"34c5c729":3,"72b84094":1,"805af3c7":4,"ee21ad02":7,"7043382d":1,"f9f2c53f":1,"f883d582":2,"2045d7d6":1,"6f81493d":4,"bc09fa9e":3,"d141db49":2,"cd3bbe7e":2,"5fa12feb":2,"059d6c19":1,"8245f916":2,"08a4c3f8":1,"4ea4a2a1":4,"7ae3fc50":2,"812b4f15":3,"ad8f85d6":6,"49910300":2,"8e4c33d2":4,"6db0ea86":2,"2198ba8e":2,"4945c851":3,"e7773397":4,"a0b03218":2,"1da771fb":0,"6d802fa2":2,"004f1ef3":3,"2ce1af05":3,"9de29816":2,"c6c85783":2,"0277d748":4,"bda8cdfb":3,"8cc4a982":2,"623c6a31":3,"5a0eb771":1,"7e15f8e8":2,"2c01e624":3,"be149c6f":4,"b35bb8a1":1,"3062379b":2,"74e3d13e":1,"eb7b4e29":2,"fb7482fe":0,"dcfaba4c":0,"53b4e647":4,"4930f321":0,"cc5a1d47":2,"c510bfd3":0,"8063df14":3,"db8ba455":2,"7af262e5":1,"731fc335":2,"1105f790":2,"c21ab51e":1,"bd984a8e":1,"d929098e":0
1604737408982,"71ba7561":3,"d815c5b4":2,"906fdec3":1,"677c6a09":2,"a502c93c":2,"36380d96":2,"7043382d":2,"9d0546ac":3,"bb98a6cf":2,"501db4de":1,"c650b434":3,"5cd3cfe0":3,"d9d7c4c2":1,"2af60749":1,"467773ac":2,"53747a91":1,"b7434f57":3,"4fd645f1":0,"2ad42a9e":3,"8245f916":3,"50312237":3,"3652bd66":2,"8323d333":2,"13f0e139":2,"b460f030":1,"e7e82473":5,"e8d74304":2,"42191b64":3,"045f280d":1,"a0b03218":3,"5099c6a0":3,"12dd6f5e":3,"527ff946":5,"558d5ce7":3,"a9b1bd51":4,"22ecaed0":3,"a939b50b":0,"c67979e6":4,"ccdd1ce6":1,"3c6692a3":2,"47cfba38":0,"aaa274a5":2,"a2c334e7":7,"f4726450":2,"42c80e69":3,"bca2d7cd":0,"a47abfbb":1,"87083264":3,"9c29f0ed":3,"4d9b0b10":2,"1dad0f99":2,"fef750ca":3,"a567ace4":2,"012de09c":2,"b87158fb":2,"312f7676":4,"66554572":1,"95bc84f1":3,"f2470875":2,"7f6d1d0e":2,"d9a64845":3,"c6dc900c":1,"e6ec8cbf":2,"290b4714":3,"43bc86e3":5,"95904ac4":1,"1757a30e":3,"1e232870":4,"2e3503e4":3,"0da28f5b":4,"6bc5d32a":6,"b2c25d1c":1,"f734c84c":0,"57167c74":3,"751acea8":1,"75ffea08":0,"2209903e":3,"059d6c19":2,"2045d7d6":2,"7b6a7048":1,"1a2ec5d7":3,"719c8869":2,"d70ca4f4":1,"8493f3b2":1,"5f8517b7":4,"f1862e79":1,"31f6d707":1,"3e602573":1,"e7e82473":6,"6de0aaac":1,"f2364460":2,"25a7a0a3":5,"2b3e4717":1,"8ec3834d":1,"3661e12d":4,"36684155":1,"bc021def":2,"0ecfa1c9":4,"d552eb2f":4,"9b3f8714":3,"af0b61ab":3,"32133249":3,"7e991ab9":1,"74e3d13e":2,"3c6692a3":3,"8ac72326":2,"c38c2b52":2,"9496f56f":4,"1dad0f99":3,"2352c8ef":3,"55928ef1":4,"23080895":4,"19f9ca86":3,"a3d4a0e5":1,"6b79fec2":1,"a636f4c9":5,"b552beb3":2,"6085137f":1,"2d382981":4,"3c782bb3":3,"3f2522c2":2,"cd522166":5,"00a481e3":4,"0042f6eb":3,"b3f19a69":3,"5f96c2bc":1,"abad2347":3,"71ba7561":4,"5b5fc566":2,"cf1b8c47":2,"677c6a09":3,"79f04300":1,"f76a3e83":1,"ab7d4c9a":2,"cd421290":3,"ebdbf580":4,"fce3c5c6":3,"d634aa28":3,"261c9911":3,"d9d7c4c2":2,"c3e6ef01":4,"77898c22":1,"30dbfc69":1,"26dd2000":1,"e786063b":1,"142d6987":5,"57167c74":4,"45b038bb":2,"8323d333":3,"608bc832":1,"d33790a2":2,"315537b2":3,"01d817b8":4,"a983a6dc":2,"f2364460":3,"6d339d45":3,"cb6c9e42":3,"af157d29":4,"aa9ea5e8":1,"272c7672":4,"5957df9e":3,"e58b26f6":2,"162a7348":0,"c793cdda":2,"725dce8b":1,"084cbc0b":3,"a2c334e7":8,"0bfabf48":2,"597c1f81":2,"385ab7c6":2,"869cbaa0":2,"831c7b85":2,"3e082b37":5,"bab97de3":2,"a0bc1ceb":1,"09ff339a":1,"88a30343":3,"804d4dfa":2,"437fc3ec":3,"cf84fb54":3,"9c58dd76":3,"32c9fc47":2,"5099c6a0":4,"468fc85c":1,"c6dc900c":2,"11b2c8d9":1,"a901627e":0,"30c184b8":5,"012de09c":3,"a15713c6":4,"51a3e9c2":3,"3b2dee89":2,"abc1d7ad":7,"11b74e63":1,"d4d5f466":1
1604737409374,"cfe72ead":2,"792c9b6a":3,"7a6aa4b6":3,"336d0f08":1,"4febf7c5":2,"a77e127d":2,"1138796e":2,"804d4dfa":3,"22aeaf03":2,"49910300":3,"9c58dd76":4,"1db42092":4,"6b79fec2":2,"baebb391":3,"8dc9b4db":4,"e8f173b5":4,"608bc832":2,"b7407bd3":7,"a3253019":5,"77300e4a":1,"c7313e0a":1,"c21ab51e":2,"805534ac":4,"f4343817":2,"d9d7c4c2":3,"30d84dce":4,"5f620a1e":1,"547903ef":6,"6e24d88b":1,"9d0546ac":4,"ce3bf5db":3,"94a2fe10":2,"dac109cf":5,"30fdcd3b":3,"4ac6bd4e":3,"6585adbe":1,"21ee2afe":2,"3f65f121":3,"9e206c95":3,"527ff946":6,"5339e1e9":3,"9de29816":3,"39a2fcce":4,"90d52475":4,"6632fed0":5,"6751d8e4":1,"de6213c7":6,"03b4ab60":2,"4125085e":5,"2d54e0a8":0,"a1370ab0":0,"0d2a1c58":0,"a77e127d":3,"dfc89705":2,"28d41578":0,"3c782bb3":4,"f5cd79c1":3,"2d382981":5,"7732eb1e":2,"12a2cd4b":1,"3a204e56":1,"a8871ddf":3,"9a3cc55d":2,"04612878":2,"e4cfef0a":3,"77bfed7e":8,"7fb4c521":1,"87083264":4,"eb2e1983":2,"cd522166":6,"f5e8dfee":1,"655954ba":2,"ab7d4c9a":3,"e21c6207":1,"e1618359":3,"07107f6e":6,"c0b0f492":5,"db703021":1,"c650b434":4,"0a92153e":1,"0a2f71bc":1,"66497c7e":0,"e1f0dbfd":0,"30c5d755":4,"37a7d5b0":1,"30dbfc69":2,"40a745c0":2,"12dd6f5e":4,"315537b2":4,"90d52475":5,"49902219":3,"cf775f58":2,"9f5e6cba":3,"15620dca":2,"c98d5272":1,"2a06ab95":2,"17446892":1,"1b881e6e":0,"f271ed5d":3,"162a7348":1,"5747db6e":2,"725dce8b":2,"911e770b":1,"ea274174":3,"8c6e001f":0,"792c9b6a":4,"0cb80f4a":2,"6ce84ff8":2,"489a39f7":1,"0eaf08da":1,"d5dae4c4":2,"6ee92259":1,"2dd0e808":4,"78b97937":3,"e382ec3f":0,"dc03ebd2":4,"5b5fc566":3,"5ef93e5d":2,"37d0cae2":0,"8d753bb6":0,"312f7676":5,"26c6fa34":1,"1f88a4b7":2,"60e855ee":3,"0f72f2d8":2,"c0b7e7d7":1,"95f6db13":2,"b7df1559":3,"87cd2add":2,"869cbaa0":3,"67c57de4":3,"f1df62b4":1,"7fdc2007":2,"6c524f99":3,"78467b8a":3,"c382f054":2,"ab7d4c9a":4,"5c82d1ce":2,"9b172ca8":3,"cd421290":4,"902f49f5":0,"1e232870":5,"e1f0dbfd":1,"ca7d47f7":0,"21e10a2b":1,"24ffcbd3":2,"7cd0ad7b":3,"bb98a6cf":3,"259930ee":3,"e5d3655c":3,"0af920d8":1,"12dd6f5e":5,"789bd484":4,"172217e5":1,"aff8e442":1,"8547fbc2":4,"d6320619":1,"e15fd611":1,"cf775f58":3,"5a734022":2,"aec4e1bf":2,"b7cc7909":1,"084cbc0b":4,"e4714415":2,"39ba00f0":1,"5747db6e":3,"8cd78f77":5,"8c6e001f":1,"554ebb83":3,"02d4753e":5,"67f6e4f2":1,"345c9967":3,"781ace7d":1,"f67de058":0,"a5fd8ffd":2,"9d4f1fe6":3,"313258f2":3,"88ce179e":5,"9cb4697f":2,"aa187e3b":2,"27f52ed3":2,"06ddafc7":2,"d8475b95":3,"578f6e9e":3,"7732eb1e":3,"812b4f15":4,"42191b64":4,"11888cfa":1,"cbad3b92":3,"25635c37":3,"2cce4fb2":3,"bc392d1c":2
1604737409808,"ebdbf580":5,"a3253019":6,"c382f054":3,"0a92153e":2,"6b9eff39":4,"467773ac":3,"6490bac6":3,"d6f0d94a":0,"19e9776f":3,"93e8cee5":4,"4def63ee":3,"a68a93b2":3,"7043382d":3,"feb67030":3,"1e7753d9":4,"a81a857c":2,"e57d5cda":6,"abd32136":3,"e28c2efc":5,"ae95f2ba":1,"19551bad":4,"11b2c8d9":2,"dfcc2ad1":0,"3f75d3bc":3,"61145ec9":1,"a0685bf3":4,"2dd0e808":5,"08a561b7":0,"16b476e9":1,"d4d5f466":2,"9cb4697f":3,"67d30f2b":6,"3454fa2b":3,"f3d68430":4,"bb99c79c":3,"650bb0e0":4,"be4f8ba8":4,"5957df9e":4,"a9b1bd51":5,"0681c48e":1,"2a387957":2,"dcfaba4c":1,"03b4ab60":3,"7db3edda":2,"4125085e":6,"84b67924":2,"a625328f":2,"84b767be":3,"4c4aa2e2":4,"cb51f134":2,"3498f223":2,"0da28f5b":5,"93e8cee5":5,"db703021":2,"ce3bf5db":4,"e1f0dbfd":2,"aa021138":5,"93683c82":3,"7d112f4d":2,"ea6de194":1,"56d315d8":2,"8ac72326":3,"9fce073c":5,"9c29f0ed":4,"ef14000f":1,"a59a8290":3,"195eb771":3,"4c0e547b":0,"dc0c8b09":1,"0a1d11e6":1,"dc03ebd2":5,"2bcca6a7":5,"91f7ef72":1,"2882a956":3,"8bc04eb5":2,"7a9344a4":1,"c0b0f492":6,"bfad1727":1,"bd2705b0":1,"93b0a158":2,"fe0df575":2,"7ae3fc50":3,"3652bd66":3,"a533489b":1,"4ff2225d":1,"fb7b7b3c":4,"26c6fa34":2,"3712c4bd":1,"06ddafc7":3,"a0bc1ceb":2,"bad6cdb1":5,"69f3bfcc":2,"5b60dd1d":2,"27c8e038":2,"fb44fa9c":3,"a58bf525":5,"ac38a6a5":2,"8547fbc2":5,"f2f58418":1,"6d339d45":4,"2b3e4717":2,"31f6ba51":1,"ce3407dd":4,"e99318a3":3,"d6d61bfc":3,"3062379b":3,"c6c85783":3,"284544ba":2,"24a9fb86":1,"c0e2624b":1,"bb8a6337":0,"1f342a00":3,"8e99d5d0":3,"1a2c020b":5,"cb51f134":3,"a4296d1e":2,"9f74b8a4":3,"621d6b18":2,"7e95c5a0":6,"056ea7ff":0,"f67de058":1,"dc0c8b09":2,"da04caac":3,"0e2b5d2f":4,"ec110282":3,"0f89862c":0,"65e4235b":3,"08a561b7":1,"7bebff03":1,"df2b4d87":3,"1e7753d9":5,"868cda42":2,"debe1f65":1,"74f234c6":5,"7d112f4d":3,"93683c82":4,"caddd0a7":2,"d70ca4f4":2,"4777334c":0,"21e10a2b":2,"290b4714":4,"54d7de6b":5,"9cb4697f":4,"8bc04eb5":3,"5a0ead91":2,"d0b297b2":2,"336d0f08":2,"4f5e3e7d":3,"8d753bb6":1,"27c8e038":3,"fb7b7b3c":5,"bab97de3":3,"6ce84ff8":3,"cac4449a":2,"0be540c5":1,"458dcc3d":3,"27f52ed3":3,"aefe13f5":4,"82868763":1,"a4dafea5":1,"623c6a31":4,"d2a841c9":1,"21ee2afe":3,"1d153b20":2,"a1921150":3,"bda8cdfb":4,"71a2a493":3,"de6213c7":7,"a2c334e7":9,"c67979e6":5,"6e851762":4,"b230e8d3":4,"37fbb107":3,"64db4feb":1,"eb7b4e29":3,"ea822700":1,"470d50c2":3,"704bce0d":0,"8e780922":3,"ef91eaae":2,"9c29f0ed":5,"6f39f4d9":2,"7fb4c521":2,"0e2b5d2f":5,"8721056e":2,"f905a555":2,"0f89862c":1,"28654c76":5,"655954ba":3,"a0ce82b4":4,"25776fc4":2,"8942c35b":0,"efd23af5":3,"6f81493d":5,"cc6bbe45":2,"a851554d":2,"cd3bbe7e":3,"4dac6b20":2,"aa021138":6
1604737410245,"fe0df575":3,"792c9b6a":5,"4ac6bd4e":4,"0ac825ed":2,"2d382981":6,"013ee301":2,"ea9bba6b":3,"26c6fa34":3,"1138796e":3,"eda6a690":3,"045f280d":2,"a0b03218":4,"411b5027":1,"a5aee5de":3,"016953e4":1,"3712c4bd":2,"416a9e97":0,"d3e84616":2,"3454fa2b":4,"6d339d45":5,"36b7003c":2,"394dc144":3,"5774ac0d":2,"b8ab8e6e":3,"6867261a":2,"7e15f8e8":3,"5f6613c8":3,"c852d240":4,"ea822700":2,"c793cdda":3,"9ab755d3":1,"c463799d":1,"906fdec3":2,"61145ec9":2,"95d331b1":1,"d39724bc":2,"00cf385d":3,"d83870f5":3,"8c6e001f":2,"fe0df575":4,"c4aa1e38":2,"08a4c3f8":2,"dfc89705":3,"88a30343":4,"39bbc4bc":4,"0f72f2d8":3,"578f6e9e":4,"b84a06eb":5,"b2703001":1,"3c6692a3":4,"35b58ef9":2,"2c5c1dc0":3,"e0f7679f":2,"2d382981":7,"695a2b92":1,"25a7a0a3":6,"416a9e97":1,"2cb29e5a":4,"a77e8461":1,"2a387957":3,"aec4e1bf":3,"527ff946":7,"1ed46298":5,"faf3ed07":2,"24a9fb86":2,"ccf8b803":2,"dcfaba4c":2,"ab7d4c9a":5,"efe84c27":3,"859545e6":2,"655941a0":0,"f1df62b4":2,"9aa6a054":2,"ffa08d82":1,"7a840529":1,"c463799d":2,"afe8e06a":3,"8f10fa42":3,"7ae34c64":4,"a15713c6":5,"f67de058":2,"da04caac":4,"87c462ee":1,"ae016053":1,"11b74e63":2,"4652b09a":1,"7ee7621c":3,"6f0fcb9d":4,"b35e9e1a":3,"336d0f08":3,"2e99f8fd":3,"6be9332a":3,"27f52ed3":4,"836701f6":1,"bbe71605":3,"8eb64769":2,"44ff8baa":1,"4c4aa2e2":5,"2045d7d6":3,"3b690f68":0,"c382f054":4,"9a80f004":4,"9d4da635":1,"638cb163":2,"ca6d2d91":2,"40e79dd3":5,"6bc5d32a":7,"ba30e43a":4,"3f9b5722":5,"e32524d6":4,"578f6e9e":5,"0eaf08da":2,"2d54e0a8":1,"9fa62fee":5,"9147702f":3,"0fc5ac7e":4,"0114160e":6,"c564e316":0,"73b15e04":0,"59431390":4,"868edcc0":1,"69134f07":2,"06ee61b6":2,"7d6895f4":0,"57540cc3":3,"f2f58418":2,"315537b2":5,"b88033fd":2,"cf775f58":4,"8cddb65e":3,"32133249":4,"50d129cf":0,"6df0b2e8":4,"77f31bab":4,"053f3451":2,"ac030e74":0,"d7cb9bcf":4,"82204d54":3,"9c29f0ed":6,"fe8f3d36":0,"2352c8ef":4,"f789f6d8":4,"a59a8290":4,"3f75d3bc":4,"db8ba455":3,"a15713c6":6,"16b476e9":2,"e0e48a2d":1,"d815c5b4":3,"d929098e":1,"8d000d6e":2,"379184a7":7,"f1862e79":2,"40569362":4,"8e780922":4,"34c5c729":4,"44ff8baa":2,"906632cb":3,"ce3bf5db":5,"7e8e1c3d":3,"2af60749":2,"f734c84c":1,"a8726d50":4,"df81ddee":1,"fbdffc95":1,"430a5db5":3,"57167c74":5,"655941a0":1,"d8475b95":4,"64a7f79f":1,"8274885a":3,"6db0ea86":3,"1ed46298":6,"1f7607df":2,"d1ca5d6b":2,"aec074c4":5,"272c7672":5,"0eaf08da":3,"d9dcdc4b":3,"3a204e56":2,"2c24d929":4,"d599b566":4,"3c43e8a2":4,"06ddafc7":4,"2cce4fb2":4,"416a9e97":2,"0277d748":5,"7080f122":3,"8dd2684c":2,"ccf8b803":3,"162a7348":2,"254cc28c":2,"0681c48e":2,"a939b50b":1,"c8113b77":1,"a85d89cc":4,"00a17b46":1,"25a2844e":4,"d4ee22a4":2,"6c486702":1,"20958d58":2,"8007f30e":2,"cf1b8c47":3,"71e53c93":2,"4abb7aed":1,"012de09c":4,"ba586505":2,"bd2705b0":2,"d1d40c9c":1,"16b476e9":3,"288afc30":1,"379184a7":8,"34658473":1,"f1862e79":3,"754f98c9":0,"f76a3e83":2,"e9679ede":3,"e1618359":4,"547903ef":7,"5a622a23":3,"9bdf362a":1,"be40590d":2,"d25e0f8d":3,"2045d7d6":4,"94a2fe10":3,"9a80f004":5,"93683c82":5,"859545e6":3,"655941a0":2,"f8b31ce5":5,"99e171db":1,"aec4e1bf":4,"42c80e69":4,"d1ca5d6b":3,"fd369c21":4,"d0d6acb1":2,"835358a0":5,"17807120":5,"aefe13f5":5,"59431390":5,"5099c6a0":5,"458dcc3d":4,"f5cd79c1":4,"fb44fa9c":4,"73b15e04":1,"317c1591":1,"5678ed7b":4,"bab97de3":4,"d599b566":5
1604737410867,"d1715f3b":0,"08c6b5d2":0,"22176537":3,"623c6a31":5,"1b881e6e":1,"e57d5cda":7,"c38c2b52":3,"91536e85":2,"6a5b71b4":2,"b87158fb":3,"2bcca6a7":6,"6a7392d5":1,"cf1b8c47":4,"9a07d89b":1,"0a1d11e6":2,"b28a5e67":2,"aa867541":2,"6775d5cd":0,"3b2dee89":3,"6c20c153":5,"6f0fcb9d":5,"db0a661e":2,"8245f916":4,"80a8a56d":0,"2e3503e4":4,"4b4ecbce":2,"c5b35e4d":2,"0149e11a":0,"f4343817":3,"44c77422":2,"9d4da635":2,"30c5d755":5,"b7434f57":4,"bfad1727":2,"913a6226":0,"24ffcbd3":3,"30dbfc69":3,"a33fe0dd":5,"66497c7e":1,"00554ffd":3,"394dc144":4,"1634789b":7,"60d6cee2":2,"a983a6dc":3,"227006e4":1,"6df0b2e8":5,"5ac86fb9":2,"af0b61ab":4,"b947257e":0,"de6213c7":8,"084cbc0b":5,"bad6cdb1":6,"aefe13f5":6,"481754fc":1,"3f2522c2":3,"7732eb1e":4,"e8d74304":3,"5410e9c6":3,"045f280d":3,"2203f259":1,"f044c0e1":2,"fe1d4419":2,"88a30343":5,"7ee7621c":4,"b946e146":3,"6cba74ce":0,"0d28db94":1,"9c29f0ed":7,"7fb4c521":3,"ae95f2ba":2,"cfafcda8":3,"5f4102da":1,"f5e8dfee":2,"5f0c1b9d":6,"a567ace4":3,"4bc46d7a":2,"d5dae4c4":3,"ae016053":2,"1a442bc7":3,"7735c3c2":6,"d0c0fc08":2,"6fb4cdda":1,"501db4de":2,"f76a3e83":3,"8e99d5d0":4,"cd421290":5,"e1571af7":1,"d033db8d":2,"bfad1727":3,"8f13c203":1,"2b3c49b9":4,"1a2ec5d7":4,"b5ce0c0c":6,"805534ac":5,"a4f1d83b":1,"4fd645f1":1,"381c68fa":5,"4ac6bd4e":5,"00554ffd":4,"9263c525":4,"0277d748":6,"eafbf9fb":1,"449d8475":7,"47d27624":1,"a1921150":4,"288a2c43":5,"5e09f69e":5,"b88033fd":3,"13747b82":3,"bc3dc66a":4,"383e232d":0,"3c6692a3":5,"5a07fc2e":2,"d0d6acb1":3,"064a99c8":2,"eed20185":2,"e7e82473":7,"e8d74304":4,"c564e316":1,"1f88a4b7":3,"fe1d4419":3,"56752a4a":1,"2cce4fb2":5,"6d61bf13":3,"c0b23081":4,"cb4f262b":3,"cf84fb54":4,"437fc3ec":4,"af7e5be8":3,"ffa08d82":2,"c8113b77":2,"e28c2efc":6,"b8488fc8":4,"8b5a8e9f":3,"a0685bf3":5,"5ef93e5d":3,"733c86f8":3,"83b2f9c5":3,"e865e4dd":3,"b2cfdbcf":1,"8e99d5d0":5,"f121b82c":1,"5e193fc8":2,"704bce0d":1,"c45d554f":3,"ca7d47f7":1,"e2a7d915":3,"f883d582":3,"d9f512b9":5,"f734c84c":2,"1f11812e":2,"e2cbe594":2,"caddd0a7":3,"66497c7e":2,"49b358bd":2,"0af920d8":2,"3d1af513":1,"8245f916":5,"08a4c3f8":3,"2dda3936":3,"affb82bf":3,"d2a841c9":2,"f3d68430":5,"1634789b":8,"77bae750":2,"37fbb107":4,"c9efc8f6":1,"25d1b2d8":3,"a6003226":1,"af034fee":1,"b7cc7909":2,"284544ba":3,"d0d6acb1":4,"bca2d7cd":1,"8657c79d":5,"d0e9a58e":2,"71bc1295":2,"04612878":3,"b2703001":2,"a43061ee":3,"363590c7":3,"fea793f5":4,"c0b23081":5,"bec9d329":3,"1c0a9eff":3,"66554572":2,"f5cd79c1":5,"b2bd8fd3":2,"69f3bfcc":3,"83086d4c":2,"3c43e8a2":5,"8298e976":7,"d4ee22a4":3,"77bfed7e":9,"ad303bda":3,"cb142908":2,"50b558a7":2,"b8488fc8":5,"8f10fa42":4,"ae016053":3,"78467b8a":4,"00a481e3":5,"a5fd8ffd":3,"a5676c24":3,"53431634":3,"470d50c2":4,"754f98c9":1,"168e75d9":2,"5c82d1ce":3,"ecfa8249":1,"b7505747":4,"21e10a2b":3,"cc11fef9":0,"c7636527":2,"4eed1bea":3,"66b7b5b4":2,"31408822":1,"014460b9":0,"7e76c93c":2,"20e470e0":3
1604737411106,"36d340f2":3,"bc021def":3,"3f65f121":4,"d2a841c9":3,"449d8475":8,"d1fe2868":3,"2b3e4717":3,"8d04852b":2,"84369269":0,"72805bf5":5,"e9a8cf11":2,"a1370ab0":1,"d3a669ac":6,"50c3164b":3,"fd369c21":5,"0bd93cfd":0,"4ea4a2a1":5,"1ff8c2fc":3,"9263c525":5,"82b81567":0,"e0e48a2d":2,"730a4938":7,"fea793f5":5,"677c6a09":4,"8cf83787":1,"9c58dd76":5,"0b3283c9":2,"c6e3d352":1,"095ab3b4":1,"b84a06eb":6,"03c398d2":1,"56752a4a":2,"8b2b601d":3,"19f9ca86":4,"a40846b7":6,"1438fad7":2,"8fb236a9":3,"c8113b77":3,"c38c2b52":4,"30c184b8":6,"af7e5be8":4,"e35a63cd":7,"8b5a8e9f":4,"a5676c24":4,"e1618359":5,"104721f0":4,"26dd2000":2,"e0154608":1,"c0b0f492":7,"dbd2f139":3,"85de05f2":0,"69d4b754":3,"66b7b5b4":3,"4577b333":1,"4fd645f1":2,"d033db8d":3,"ded7da5a":3,"a0cca8b7":1,"9e65c0ef":3,"74f234c6":6,"22ecaed0":4,"b946e146":4,"6d339d45":6,"ac38a6a5":3,"39a2fcce":5,"23760167":1,"bad1a1cc":1,"76f3a3be":0,"b230e8d3":5,"1a0189c4":3,"4911acad":4,"227006e4":2,"6a3eaf43":3,"aa5dfdf5":0,"2f455cce":1,"3c6692a3":6,"92d38723":3,"8323d333":4,"3652bd66":4,"408bb2ed":2,"5f0c1b9d":7,"be3a10f8":3,"4bc46d7a":3,"61145ec9":3,"1a442bc7":4,"d83870f5":4,"00cf385d":4,"a6b5e869":2,"468fc85c":2,"7732eb1e":5,"b6aaf976":5,"5623817d":3,"3712c4bd":3,"9c58dd76":6,"8298e976":8,"59431390":6,"5b60dd1d":3,"a5aee5de":4,"d1676e89":1,"6db0ea86":4,"d83294cd":2,"053f3451":3,"7f86be64":2,"145c7559":3,"5e193fc8":3,"a836aa93":0,"72b84094":2,"805534ac":6,"3bad3c95":2,"381c68fa":6,"0f029727":4,"df81ddee":2,"f1b493de":2,"25e0dd3d":4,"a33fe0dd":6,"ca6d2d91":3,"719c8869":3,"1a2ec5d7":5,"8dd2684c":3,"bc021def":4,"7d6895f4":1,"a63bddd4":3,"5339e1e9":4,"bad1a1cc":2,"bda8cdfb":5,"03b4ab60":4,"bfcb912a":1,"91d52a55":0,"3a1d1632":1,"aec4e1bf":5,"a6626a13":2,"8657c79d":6,"fd369c21":6,"de6213c7":9,"b7407bd3":8,"9260d96b":2,"e0e6a097":3,"b2a8761b":1,"f5e8dfee":3,"385ab7c6":3,"7bda83dd":1,"9c29f0ed":8,"25a2844e":5,"3c0df8b4":3,"a59a8290":5,"fe44fc6f":1,"d8e58a8c":4,"95904ac4":2,"7735c3c2":7,"37d0cae2":1,"4b125e7b":3,"9cb4697f":5,"064a99c8":3,"2198ba8e":3,"489a39f7":2,"c27969ec":1,"82868763":2,"e7773397":5,"88a30343":6,"fb7b7b3c":6,"b84a06eb":7,"03dcfa3d":1,"25635c37":4,"4945c851":4,"06ee61b6":3,"f2086446":2,"c015ec5a":2,"69134f07":3,"27d8bf51":5,"381c68fa":7,"a851554d":3,"501db4de":3,"868cda42":3,"f1b493de":3,"affb82bf":4,"f3d68430":6,"416a9e97":3,"bb99c79c":4,"650bb0e0":5,"b8ab8e6e":4,"c9efc8f6":2,"ce3407dd":5,"b230e8d3":6,"bfcb912a":2,"e99318a3":4,"40860a4b":0,"b7832271":2,"8657c79d":7,"6e851762":5,"92efd84f":3,"8493f3b2":2,"9263c525":6,"06073f13":4,"d5059415":3,"6f39f4d9":3,"a567ace4":4,"4930f321":1,"2bcca6a7":7,"d4ee22a4":4,"8a165e17":2,"a66a2d8a":2,"a5fd8ffd":4,"6c524f99":4,"7c0a2db6":3,"3c0df8b4":4,"51a3e9c2":4,"1c0a9eff":4,"e356abf1":4,"79be29c8":2,"1ff8c2fc":4,"03dcfa3d":2,"1be05c14":0,"317c1591":2,"49910300":4,"cac4449a":3,"3f2522c2":4,"a3d4a0e5":2,"13f0e139":3,"868edcc0":2,"a58bf525":6,"0f72f2d8":4,"5410e9c6":4,"fce3c5c6":4,"655941a0":3,"c650b434":5,"430a5db5":4,"3ef7432b":3,"08a06557":7,"9b742f71":3,"69134f07":4,"9267f0ef":3,"d34a29b9":4,"2af60749":3,"6490bac6":4,"94a2fe10":4,"8547fbc2":6,"b9a48a5c":1,"53a8613c":1,"140ce69e":6,"ccf8b803":4,"4125085e":7,"37fbb107":5,"e9a8cf11":3,"a939b50b":2,"081460bf":3,"d957f027":1,"b7cc7909":3,"9ab755d3":2,"9fa62fee":6,"39ba00f0":2,"619fda68":2,"43d87483":2,"ac030e74":1,"831c7b85":3,"6a7392d5":2,"ae95f2ba":3,"13b53c7a":2,"fe8f3d36":1,"313258f2":4,"69eeae0d":3,"3f75d3bc":5,"fafb4cc2":3,"e6ec8cbf":3,"e382ec3f":1,"54d7de6b":6,"9d4f1fe6":4,"1b153aef":2,"9260d96b":3
1604737411861,"f1862e79":4,"ef16ca37":2,"2cce4fb2":6,"0eaf08da":4,"82868763":3,"aa00769b":5,"3310a049":3,"f5cd79c1":6,"6c73ae98":1,"2c24d929":5,"a77e127d":4,"4b4ef7fa":3,"fb44fa9c":5,"24ffcbd3":4,"51c57542":6,"66b7b5b4":4,"26dd2000":3,"c015ec5a":3,"30fdcd3b":4,"bfad1727":4,"49b358bd":3,"1e7753d9":6,"39bbc4bc":5,"af0b61ab":5,"f33c0140":3,"8e99d5d0":6,"2e3503e4":5,"1d153b20":3,"4d35385e":3,"21ee2afe":4,"9e206c95":4,"37fbb107":6,"cb6c9e42":4,"9f5e6cba":4,"99e171db":2,"2ab62345":3,"3a1d1632":2,"794f652b":3,"6632fed0":6,"2180f99b":0,"ad303bda":4,"c8113b77":4,"91536e85":3,"2bcca6a7":8,"00a17b46":2,"8007f30e":3,"fee32863":0,"c6dc900c":3,"95904ac4":3,"83b2f9c5":4,"45b5746e":2,"f789f6d8":5,"5eab91a0":1,"e356abf1":5,"9d4f1fe6":5,"54d7de6b":7,"d102b0c6":0,"08a4c3f8":4,"7a2f3f06":1,"5a0ead91":3,"1db42092":5,"77d35808":5,"23080895":5,"7732eb1e":6,"cbad3b92":4,"2c5c1dc0":4,"c85a0d80":2,"7b6a7048":2,"df2b4d87":4,"0c043224":1,"ccb5ea3e":0,"f4343817":4,"b7434f57":5,"4577b333":2,"56d315d8":3,"b6ee137a":2,"e786063b":2,"8942c35b":1,"dac109cf":6,"a0b03218":5,"42191b64":5,"f044c0e1":3,"12271e14":0,"2cce4fb2":7,"b947257e":1,"f4726450":3,"383e232d":1,"971675c5":2,"affb82bf":5,"9c045c61":3,"d6320619":2,"f3d68430":7,"a47abfbb":2,"aff8e442":2,"36b7003c":3,"5eaa1581":3,"5f6613c8":4,"1b881e6e":2,"6632fed0":7,"25d1b2d8":4,"7fb4c521":4,"93b9fae6":1,"9aa6a054":3,"cb142908":3,"0042f6eb":4,"7bda83dd":2,"50b558a7":3,"7fdc2007":3,"7896b953":1,"95904ac4":4,"69eeae0d":4,"e865e4dd":4,"67d30f2b":7,"e4117b3b":1,"3b2dee89":4,"6ee92259":2,"3a1b9af5":2,"8493f3b2":3,"e0e6a097":4,"6f0fcb9d":6,"9b742f71":4,"4e3f5178":1,"2e3503e4":6,"6b9eff39":5,"cc11fef9":1,"6fb4cdda":2,"4dac6b20":3,"3fdb08f5":1,"a4f1d83b":2,"ab7467de":3,"014460b9":1,"93683c82":6,"2154b6e8":2,"feb67030":4,"f1b493de":4,"e5d3655c":4,"f044c0e1":4,"d6db2b02":1,"60e855ee":4,"87922532":6,"6a60348e":3,"8657c79d":8,"b5763ff6":2,"a625328f":3,"39ba00f0":3,"25635c37":5,"4b4ef7fa":4,"88a30343":7,"c27969ec":2,"39bbc4bc":6,"5410e9c6":5,"c609739e":7,"9c045c61":4,"51f57142":6,"18815a1b":1,"21ee2afe":5,"cb6c9e42":5,"be149c6f":5,"6e98dfda":2,"dc473de1":2,"a983a6dc":4,"a9b1bd51":6,"3a1d1632":3,"07f98660":0,"385ab7c6":4,"faf4f98b":1,"82204d54":4,"cb142908":4,"bd62d7ed":4,"b2cfdbcf":2,"fe8f3d36":2,"ef8987d7":6,"e5b1abc6":3,"781ace7d":2,"fafb4cc2":4,"e6ec8cbf":4,"e382ec3f":2,"5b5fc566":4,"c0b23081":6,"3d1af513":2,"332820ce":2,"d102b0c6":1,"6f0fcb9d":7,"45b038bb":3,"145c7559":4,"1a2c020b":6,"9267f0ef":4,"9a80f004":6,"9f2b16a7":3,"df81ddee":3,"b6591e25":4,"3ef7432b":4,"1623fc9f":0,"d0c104c4":1,"44ff8baa":3,"4777334c":1,"381c68fa":8,"bb98a6cf":4,"b320feb9":2,"0af920d8":3,"b5ce0c0c":7,"28d40296":0,"57d5dee8":5,"8657c79d":9,"de6213c7":10,"f4726450":4,"911e770b":2,"49910300":5,"411b5027":2,"e8d74304":5,"3c43e8a2":6,"03dcfa3d":3,"e8f173b5":5,"fe1d4419":4,"742f1425":3,"8b2b601d":4,"363590c7":4,"04612878":4,"0b3283c9":3,"d36125db":5,"a636f4c9":6,"437fc3ec":5,"8cc4a982":3,"3454fa2b":5,"a63bddd4":4,"1d153b20":4,"725dce8b":3,"7e15f8e8":4,"9c045c61":5,"cb142908":5,"4d9b0b10":3,"eebc8d43":2,"87cd2add":3,"cd522166":7,"a66a2d8a":3,"0bfabf48":3,"597c1f81":3,"13b53c7a":3,"95904ac4":5,"00a481e3":6,"9d023afb":1,"74c26380":4,"7896b953":2,"616d6dd6":5,"d815c5b4":4,"6c20c153":6,"fe0df575":5,"cfe72ead":3,"79f04300":2,"53431634":4,"1247fa52":3,"104721f0":5,"93e8cee5":6,"9b172ca8":4,"719c8869":4,"e2a7d915":4,"c8977844":3,"d9d7c4c2":4,"7bebff03":2,"4279e829":2,"638cb163":3,"92136ff5":1,"751acea8":2,"26dd2000":4,"c015ec5a":4,"40a745c0":3,"caddd0a7":4,"1e7753d9":7,"3652bd66":5
1604737412119,"a502c93c":3,"bd2705b0":3,"290b4714":5,"0ecfa1c9":5,"c67979e6":6,"61d4782d":3,"d957f027":2,"0670c466":5,"3c18f28e":3,"faf3ed07":3,"c9efc8f6":3,"6751d8e4":2,"84b67924":3,"8cd78f77":6,"730338c4":2,"70c1e715":3,"685207b3":3,"53431634":5,"cb51f134":4,"daab45c6":2,"467773ac":4,"0a96f57a":5,"696fdac5":4,"5f620a1e":2,"5cd3cfe0":4,"c85a0d80":3,"c650b434":6,"30fdcd3b":5,"62d1d346":0,"e1f0dbfd":3,"2045d7d6":5,"8942c35b":2,"7b6a7048":3,"0c0e98ea":0,"aa021138":7,"4c39240e":5,"d4ee22a4":5,"67c57de4":4,"afe8e06a":4,"6f39f4d9":4,"831c7b85":4,"7218c9f1":4,"ec11fe5f":6,"ba5c52af":4,"af7e5be8":5,"56473430":2,"5ef93e5d":4,"d78dd457":2,"65e4235b":4,"ae016053":4,"74c26380":5,"4258c176":4,"bf30a08f":2,"d1d40c9c":2,"a6b5e869":3,"e356abf1":6,"01d817b8":5,"865d9857":1,"6d5fcd4c":1,"08a4c3f8":5,"06073f13":5,"a8871ddf":4,"1f88a4b7":4,"aefe13f5":7,"263762cb":3,"bab97de3":5,"e6fac295":4,"014bdff0":1,"99d130c9":2,"0d2c95fe":1,"d599b566":6,"12a2cd4b":2,"1138796e":4,"24d24fa3":1,"016953e4":2,"8dc9b4db":5,"a63bddd4":5,"25a7a0a3":7,"a2c334e7":10,"6e98dfda":3,"77f31bab":5,"deb31f35":2,"6867261a":3,"36b7003c":4,"76f3a3be":1,"a1921150":5,"5eaa1581":4,"527ff946":8,"af0b61ab":6,"b947257e":2,"a625328f":4,"b7832271":3,"730338c4":3,"1a68160d":0,"1a2c020b":7,"261c9911":4,"dae0f922":6,"655954ba":4,"0a2f71bc":2,"a851554d":4,"f121b82c":2,"8db62558":2,"638cb163":4,"f598a332":7,"79e4fa1c":0,"bb98a6cf":5,"5f620a1e":3,"21ad2f34":1,"655941a0":4,"dac109cf":7,"61f25dd4":4,"ccb5ea3e":1,"4c39240e":6,"8063df14":4,"07f98660":1,"b87158fb":4,"7566fdd6":5,"e35a63cd":8,"a901627e":1,"91536e85":4,"d5059415":4,"2a4a402a":3,"abc1d7ad":8,"be3a10f8":4,"71e53c93":3,"d4ee22a4":6,"aa187e3b":3,"45b5746e":3,"3101354b":1,"91b28f83":0,"fea793f5":6,"935ec056":1,"1757a30e":4,"8493f3b2":4,"6585adbe":2,"9263c525":7,"332820ce":3,"5acaa06f":1,"de36827b":4,"3310a049":4,"6291e9e9":3,"0eaf08da":5,"363590c7":5,"804d4dfa":4,"411b5027":3,"a58bf525":7,"a24e6670":5,"a636f4c9":7,"42191b64":6,"12a2cd4b":3,"3712c4bd":4,"836701f6":2,"eed20185":3,"d1715f3b":1,"01d817b8":6,"6de0aaac":2,"5e09f69e":6,"d2a841c9":4,"ccf8b803":5,"32133249":5,"088feee2":4,"6d5fcd4c":2,"3a1d1632":4,"faf3ed07":4,"e9a8cf11":4,"5f7d7195":4,"0681c48e":3,"36b7003c":5,"2a06ab95":3,"1f7607df":3,"50c3164b":4,"aaa274a5":3,"6751d8e4":3,"9b172ca8":5,"b2c25d1c":2,"be40590d":3,"cb51f134":5,"72b84094":3,"fbdffc95":2,"f121b82c":3,"c455f40e":0,"df2b4d87":5,"a4f1d83b":3,"efe84c27":4,"2209903e":4,"58d46189":0,"ba30e43a":5,"c38c2b52":5,"4930f321":2,"82204d54":5,"b102f7bd":4,"ef14000f":2,"af7e5be8":6,"537634c9":2,"c463799d":3,"6a7392d5":3,"45b5746e":4,"0d7d88f1":1,"ba5c52af":5,"65e4235b":5,"7c0a2db6":4,"b28a5e67":3,"ad2d7bed":4,"67d30f2b":8,"d1d40c9c":3,"bd2705b0":4,"906632cb":4,"a81a857c":3,"2ad42a9e":4,"df81ddee":4,"4777334c":2,"bb98a6cf":6,"20811ddf":1,"de11eb19":8,"408bb2ed":3,"3652bd66":6,"d0c0fc08":3,"d0b297b2":3,"1f88a4b7":5,"c609739e":8,"f2470875":3,"016953e4":3,"73b15e04":2,"6d802fa2":3,"59c1e594":3,"363590c7":6,"1be05c14":1,"792cfcbd":2,"eda6a690":4,"aefe13f5":8,"3310a049":5,"9a3cc55d":3,"7732eb1e":7,"6de0aaac":3,"eeaa2d46":2,"be149c6f":6,"50d129cf":1,"254cc28c":3,"36d340f2":4,"c4bff41f":5,"e99318a3":5,"6cba74ce":1,"0ecfa1c9":6,"bb99c79c":5,"e4714415":3,"6e98dfda":4,"1b881e6e":3,"725dce8b":4,"7db3edda":3,"70bc8325":2,"778c95e9":3,"88b3bc99":1,"5a07fc2e":3,"4e3f5178":2,"ab7d4c9a":6,"6fb4cdda":3,"80a8a56d":1,"8e780922":5,"19e9776f":4,"ab7467de":4,"07107f6e":7,"be40590d":4,"9fce073c":6,"ef14000f":3,"c1bb74f2":5,"cfafcda8":4,"621d6b18":3,"385ab7c6":5,"d78dd457":3,"0042f6eb":5,"ef91eaae":3,"d8e58a8c":5,"c463799d":4,"781ace7d":3,"c91966ce":0,"74c26380":6,"ef8987d7":7,"bec9d329":4,"059d6c19":3,"79e4fa1c":1,"caddd0a7":5,"da3437cd":1,"2af60749":4,"6e24d88b":2,"88fa53d6":3,"751bcf25":3,"25e0dd3d":5,"ea6de194":2,"4577b333":3
1604737412742,"ef16ca37":3,"792c9b6a":6,"5a0ead91":4,"358e45b1":3,"7ae3fc50":4,"e81834aa":1,"a4dafea5":2,"69f3bfcc":4,"7732eb1e":8,"a43061ee":4,"d9dcdc4b":4,"263762cb":4,"cac4449a":4,"77d35808":6,"458dcc3d":5,"d599b566":7,"71bc1295":3,"fb7b7b3c":7,"87922532":7,"27f52ed3":5,"558d5ce7":4,"affb82bf":6,"b8ab8e6e":5,"be149c6f":7,"945b63f0":2,"bad1a1cc":3,"140ce69e":7,"51f80f4c":5,"a939b50b":3,"faf3ed07":5,"0ecfa1c9":7,"f3d68430":8,"04643409":0,"a6003226":2,"6867261a":4,"a6626a13":3,"730338c4":4,"aec074c4":6,"a625328f":5,"d1ca5d6b":4,"1b153aef":3,"9260d96b":4,"9e878ec2":5,"1ff8c2fc":5,"1a442bc7":5,"bb00e71c":1,"d39724bc":3,"88ce179e":6,"7a2f3f06":2,"d36125db":6,"f5829ac0":3,"b552beb3":3,"064a99c8":4,"05642105":4,"a40846b7":7,"0be540c5":2,"03c398d2":2,"60e855ee":5,"64a7f79f":2,"437fc3ec":6,"b460f030":2,"d599b566":8,"01cd8099":3,"3c43e8a2":7,"ccdd1ce6":2,"d3e84616":3,"ce3407dd":6,"e9a8cf11":5,"9a467a82":4,"d5557fb4":3,"0277d748":7,"4911acad":5,"a939b50b":4,"315537b2":6,"bfcb912a":3,"2a387957":4,"b35bb8a1":2,"a1921150":6,"540df50f":5,"ef1c2dcb":3,"a6626a13":4,"7028b044":0,"88b3bc99":2,"f9c15fcc":0,"ad303bda":5,"733c86f8":4,"87083264":5,"9b546d65":2,"9d023afb":2,"d7cb9bcf":5,"4f59a322":3,"a59a8290":6,"a901627e":2,"eb2e1983":3,"00a17b46":3,"7c0a2db6":5,"08a561b7":2,"a5fd8ffd":5,"616d6dd6":6,"6b82b527":2,"b3f19a69":4,"c0b23081":7,"e356abf1":7,"e6ec8cbf":5,"49bf2e95":1,"82b81567":1,"104721f0":6,"daab45c6":3,"751bcf25":4,"f33c0140":4,"ecfa8249":2,"08a4c3f8":6,"b2a8761b":2,"0114160e":7,"3c782bb3":5,"69f3bfcc":5,"c27969ec":3,"6a60348e":4,"27f52ed3":6,"e0f7679f":3,"812b4f15":5,"03dcfa3d":4,"25635c37":6,"12271e14":1,"09f0db62":7,"f4634d0b":4,"b2c25d1c":3,"92136ff5":2,"c21ab51e":3,"30c5d755":6,"79e4fa1c":2,"58d46189":1,"0149e11a":1,"9e65c0ef":4,"696fdac5":5,"0d5ee801":4,"a33fe0dd":7,"110b1ee3":3,"caddd0a7":6,"4fd645f1":3,"59c1e594":4,"6085137f":2,"317c1591":3,"778c95e9":4,"6b78ad7f":4,"dfa1a89b":1,"6adce358":6,"315537b2":7,"1ed46298":7,"17446892":2,"77f31bab":6,"558d5ce7":5,"3f65f121":5,"48efc739":2,"bb8a6337":1,"30dd2edc":5,"40860a4b":1,"66d94227":1,"1634789b":9,"8cddb65e":4,"84b767be":4,"d1ca5d6b":5,"869cbaa0":4,"a85d89cc":5,"8063df14":5,"8ac72326":4,"478d2d4f":3,"77bfed7e":10,"fee32863":1,"9a07d89b":2,"30b6808c":3,"537634c9":3,"b102f7bd":5,"56473430":3,"a15713c6":7,"906fdec3":3,"ec110282":4,"91b28f83":1,"dffa7793":2,"6ee92259":3,"ea4d3f3e":4,"b3f19a69":5,"06073f13":6,"9263c525":8,"0cb80f4a":3,"fa55f27a":2,"288afc30":2,"0114160e":8,"e81834aa":2,"6db0ea86":5,"064a99c8":5,"0d2c95fe":2,"ea9bba6b":4,"481754fc":2,"4ff2225d":2,"8e4c33d2":5,"dfc89705":4,"9267f0ef":5,"c455f40e":1,"be2955bb":3,"61f25dd4":5,"80a8a56d":2,"430a5db5":5,"debe1f65":2,"caddd0a7":7,"1f11812e":3,"9e65c0ef":5,"ebdbf580":6,"6bc5d32a":8,"5272520d":2,"c7636527":3,"ccb5ea3e":2,"bfad1727":5,"19e9776f":5,"014460b9":2,"df2b4d87":6,"6085137f":3,"b460f030":3,"8dd649a3":2,"a636f4c9":8,"eb7b4e29":4,"d3a669ac":7,"2c01e624":4,"6b79fec2":3,"172217e5":2,"be149c6f":8,"c98d5272":2,"f2ca27d9":0,"dc473de1":3,"aff8e442":3,"865d9857":2,"f94bf9ea":0,"f5596d0f":3,"5a734022":3,"789bd484":5,"60d6cee2":3,"1d790491":2,"ac38a6a5":4,"f4b2f575":3,"50c468ba":3,"f5e8dfee":4,"e57d5cda":8,"385ab7c6":6,"33d6bb6a":3,"0d7d88f1":2,"92ca52b7":5,"3f75d3bc":6,"7a4c064c":2,"f789f6d8":6,"5f4102da":2,"0042f6eb":6,"aa76bc50":2,"ef8987d7":8,"49cb2959":2,"677c6a09":5,"e6ec8cbf":6,"87c462ee":2,"a502c93c":4,"91b28f83":2,"1ff8c2fc":6,"8245f916":6,"8c6e001f":3,"b8397293":1,"336d0f08":4,"1138796e":5,"7732eb1e":9,"820225e4":2,"dfc89705":5,"685207b3":4,"4b4ecbce":3,"ab7d4c9a":7,"e21c6207":2,"6e24d88b":3,"145c7559":5,"8ea21393":2,"d0c104c4":2,"547903ef":8,"90a06ee9":5,"a0ce82b4":5,"e62d705f":1,"4c39240e":7,"0c043224":2,"21e10a2b":4,"62d1d346":1,"a4f1d83b":4,"ffc86f94":4,"d9f512b9":6,"24ffcbd3":5,"6a60348e":5,"56752a4a":3,"c0b7e7d7":2,"1951480c":1,"411b5027":4,"87922532":8,"39bbc4bc":7,"73b15e04":3,"a6626a13":5,"6e851762":6,"8cd78f77":7,"7db3edda":4,"de6213c7":11,"5270f158":2,"eed20185":4,"e238f09b":1,"affb82bf":7,"6867261a":5,"51f57142":7,"44a4f7cd":1,"a63bddd4":6,"36b7003c":6,"8cddb65e":5,"b35bb8a1":3,"d1715f3b":2,"aff8e442":4,"558d5ce7":6,"3c18f28e":4,"e99318a3":6,"2132fe93":5,"a1921150":7,"cb142908":6,"faf4f98b":2,"05f6ab35":4,"f5e8dfee":5,"9f74b8a4":4,"8ac72326":5,"0042f6eb":7,"87cd2add":4,"30c184b8":7,"a15713c6":8,"906fdec3":4,"11b2c8d9":3,"4bc46d7a":4,"4abb7aed":2,"ae016053":5,"bec9d329":5,"d83870f5":5,"e0e48a2d":3,"b0869206":0,"1757a30e":5,"b7407bd3":9,"4ea4a2a1":6,"9e878ec2":6,"c7c4ec5c":2
1604737413345,"f121b82c":4,"1a2c020b":8,"9267f0ef":6,"f3992a31":3,"3007f31f":2,"c0fea118":5,"94a2fe10":5,"c455f40e":2,"cd3bbe7e":4,"feb67030":5,"ca6d2d91":4,"ecfa8249":3,"4577b333":4,"92136ff5":3,"0d5ee801":5,"a33fe0dd":8,"a8726d50":5,"ba30e43a":6,"b5ce0c0c":8,"04ea5673":4,"1247fa52":4,"2180f99b":1,"c793cdda":4,"4bcd4a30":2,"7028b044":1,"92efd84f":4,"ebdbf580":7,"a4296d1e":3,"f598a332":8,"6b9eff39":6,"cc11fef9":2,"6b78ad7f":5,"bfad1727":6,"751bcf25":5,"805534ac":7,"9d4da635":3,"d9d7c4c2":5,"44ff8baa":4,"ca6d2d91":5,"aab4d996":1,"5c82d1ce":4,"cd3bbe7e":5,"014460b9":3,"868cda42":4,"9bdf362a":2,"7566fdd6":6,"dc0c8b09":3,"621d6b18":4,"2352c8ef":5,"a06a6430":2,"e57d5cda":9,"0042f6eb":8,"05f6ab35":5,"0bfabf48":4,"a15713c6":9,"91f7ef72":2,"fead11cf":3,"3c0df8b4":5,"69eeae0d":5,"7896b953":3,"0d770b97":7,"cb4f262b":4,"4258c176":5,"1757a30e":6,"67d30f2b":9,"7ae3fc50":5,"449d8475":9,"1d153b20":5,"13747b82":4,"8cc4a982":4,"394dc144":5,"5eaa1581":5,"3661e12d":5,"ce3407dd":7,"bc3dc66a":5,"5d087c79":1,"0e036ae9":2,"deb31f35":3,"99e171db":3,"71279c46":2,"f3d68430":9,"383e232d":2,"84b767be":5,"6751d8e4":4,"92efd84f":5,"2d13e69b":4,"f598a332":9,"8e780922":6,"77898c22":2,"34c5c729":5,"7cd0ad7b":4,"80a8a56d":3,"cd421290":6,"d9d7c4c2":6,"5fa12feb":3,"04ea5673":5,"e7abc88d":1,"430a5db5":6,"feb67030":6,"bb98a6cf":7,"ba30e43a":7,"9d0546ac":5,"d6f0d94a":1,"0c043224":3,"8f13c203":2,"30fdcd3b":6,"c38c2b52":6,"6034b6d0":2,"c463799d":5,"af7e5be8":7,"33d6bb6a":4,"d4ee22a4":7,"55928ef1":5,"10ec5a0b":2,"2c6cb96f":1,"8b5a8e9f":5,"83b2f9c5":5,"6a7392d5":4,"db8ba455":4,"6023df54":0,"95904ac4":6,"5eab91a0":2,"37d0cae2":2,"54d7de6b":8,"ae99df30":1,"730a4938":8,"f9c15fcc":1,"0ac825ed":3,"b35e9e1a":4,"d0c0fc08":4,"140ce69e":8,"8a52882e":5,"1438fad7":3,"411b5027":5,"aefe13f5":9,"b36a0d66":2,"71bc1295":4,"804d4dfa":5,"5781776a":3,"cf50e84e":2,"bab97de3":6,"24d24fa3":2,"22aeaf03":3,"5099c6a0":6,"cbad3b92":5,"39bbc4bc":8,"27f52ed3":7,"bf822e33":3,"0277d748":8,"5f6613c8":5,"3454fa2b":6,"254cc28c":4,"227006e4":3,"9c045c61":6,"1b881e6e":4,"725dce8b":5,"deb31f35":4,"88432019":0,"9d9dd9e5":0,"a6003226":3,"3c6692a3":7,"84b67924":4,"fb7482fe":1,"98915a1f":4,"b947257e":3,"06073f13":7,"0b5a0408":2,"b552beb3":4,"6be9332a":4,"4cc141fa":0,"1138796e":6,"5678ed7b":5,"8eb64769":3,"56752a4a":4,"0b3283c9":4,"6c73ae98":2,"f2470875":4,"9fc713b0":2,"e238f09b":2,"22aeaf03":4,"09f0db62":8,"acac14fb":2,"53747a91":2,"9b742f71":5,"5a622a23":4,"2ad42a9e":5,"9b172ca8":6,"3f9b5722":6,"e1571af7":2,"4360a1a3":4,"e32524d6":5,"9f2b16a7":4,"e21c6207":3,"26ed1a5c":4,"37a7d5b0":2,"754f98c9":2,"5ccf94d6":3,"201cafad":4,"62d1d346":2,"cd3bbe7e":6,"a33fe0dd":9,"8fb236a9":4,"30b6808c":4,"0785820e":4,"9a3ab0b8":1,"c38c2b52":7,"e35a63cd":9,"7c0a2db6":6,"6034b6d0":3,"33d6bb6a":5,"a567ace4":5,"831c7b85":5,"0a1d11e6":3,"b3f19a69":6,"ef8987d7":9,"e4c312fe":2,"56473430":4,"cb4f262b":5,"dc03ebd2":6,"5ee911b5":5,"cd95f558":1,"2882a956":4,"935ec056":2,"336d0f08":5,"c7c4ec5c":3,"408bb2ed":4,"e0f7679f":4,"0be540c5":3,"eed20185":5,"de36827b":5,"39bbc4bc":9,"93ac9ca3":3,"aefe13f5":10,"45fb95c1":2,"317c1591":4,"bad6cdb1":7,"4945c851":5,"4febf7c5":3,"fb7b7b3c":8,"59c1e594":5,"c564e316":2,"527ff946":9,"e9adbe58":1,"15620dca":3,"77bae750":3,"c81b2bcf":1,"8dd2684c":4,"bb8a6337":2,"5d087c79":2,"e4714415":4,"af157d29":5,"5f7d7195":5,"c852d240":5,"f3d68430":10,"6df0b2e8":6,"0681c48e":4,"4bcd4a30":3,"92efd84f":6,"2a06ab95":4,"f069bb07":4,"84b767be":6,"501db4de":4,"dbc9df44":2,"5be594be":1,"e1618359":6,"07107f6e":8,"d548635d":2,"debe1f65":3,"7d112f4d":4,"0841052c":2,"e1571af7":3,"e62d705f":2,"6b9eff39":7,"c7636527":4,"bb98a6cf":8,"62d1d346":3,"0149e11a":2,"07f98660":2,"869cbaa0":5,"ef91eaae":4,"0bfabf48":5,"1105f790":3,"a0685bf3":6,"af7e5be8":8,"a15713c6":10,"8f10fa42":5,"810aa5e9":0,"cd522166":8,"1d44aff3":0,"9d023afb":3,"b28a5e67":4,"fe44fc6f":2,"7fef9973":3,"d4d5f466":3,"f0a06216":5,"a6b5e869":4,"fbdffc95":3,"d634aa28":4,"e5d3655c":5,"381c68fa":9,"a502c93c":5,"ac38a6a5":5,"c81b2bcf":2,"09560615":2,"eeaa2d46":3,"50d129cf":2,"a1921150":8,"1ed46298":8,"22176537":4,"39a2fcce":6,"6df0b2e8":7,"175bc6b2":3,"b7cc7909":4,"a983a6dc":5,"8d04852b":3,"dcfaba4c":3,"aa5dfdf5":1,"d744bee2":3,"22234d6b":2,"7db3edda":5,"fd369c21":7,"b2a8761b":3,"b4fdf90e":3,"4ea4a2a1":7,"9e878ec2":7,"1ff8c2fc":7,"2cce4fb2":8,"045f280d":4,"0b5a0408":3,"a3d4a0e5":3,"2d1e1e9d":3,"9a3cc55d":4,"fe1d4419":5,"bad6cdb1":8,"3a204e56":3,"1c3a30c5":0,"cac4449a":5,"27f52ed3":8,"13f0e139":4,"014bdff0":2,"eed20185":6,"2e3503e4":7,"145c7559":6,"a3253019":7,"1a68160d":1,"4295ce9a":3,"1247fa52":5,"92136ff5":4,"c803b4a3":1,"53b4e647":5,"50b558a7":4,"0785820e":5,"fee32863":2,"c1bb74f2":6,"f1df62b4":3,"92ca52b7":6,"f905a555":3,"9496f56f":5,"e5b1abc6":4,"a5fd8ffd":6,"d5dae4c4":4,"313258f2":5,"91f7ef72":3,"20811ddf":2,"1a442bc7":6,"9d0546ac":6,"e1571af7":4,"f1b493de":5,"ecfa8249":4,"d141db49":3,"655941a0":5,"c45d554f":4,"cc6bbe45":3,"ca6d2d91":6,"9316e7e8":2,"638cb163":5,"2045d7d6":6,"8db62558":3
1604737413640,"31f6d707":2,"4ea4a2a1":8,"92d38723":4,"3d1af513":3,"f1862e79":5,"1438fad7":4,"3310a049":6,"6d802fa2":4,"4945c851":6,"7732eb1e":10,"437fc3ec":7,"eda6a690":5,"064a99c8":6,"93ac9ca3":4,"bad6cdb1":9,"095ab3b4":2,"458dcc3d":6,"1951480c":2,"742f1425":4,"9c58dd76":7,"dfa1a89b":2,"3661e12d":6,"d5557fb4":4,"eafbf9fb":2,"47d27624":2,"6d339d45":7,"a939b50b":5,"24a9fb86":3,"bb99c79c":6,"b8ab8e6e":6,"162a7348":3,"2a387957":5,"72805bf5":6,"17446892":3,"6df0b2e8":8,"5a07fc2e":4,"aec074c4":7,"92efd84f":7,"ea822700":3,"b7832271":4,"50312237":4,"9260d96b":5,"9263c525":9,"288afc30":3,"8245f916":7,"11b74e63":3,"ee21ad02":8,"7fef9973":4,"b2703001":3,"a8871ddf":5,"1f88a4b7":6,"e36dfd6f":1,"59431390":7,"263762cb":5,"dfc89705":6,"e238f09b":3,"b6aaf976":6,"1951480c":3,"c564e316":3,"468fc85c":3,"42191b64":7,"01cd8099":4,"a43061ee":5,"2cb29e5a":5,"175bc6b2":4,"bad1a1cc":4,"b946e146":5,"e99318a3":7,"bc021def":5,"794f652b":4,"f5596d0f":4,"03b4ab60":5,"c67979e6":7,"d1fe2868":4,"d6d61bfc":4,"aec4e1bf":6,"2132fe93":6,"13747b82":5,"6e851762":7,"c793cdda":5,"5747db6e":4,"88b3bc99":3,"70c1e715":4,"00554ffd":5,"9260d96b":6,"f9c15fcc":2,"c7c4ec5c":4,"6f39f4d9":5,"0e2b5d2f":6,"e4cfef0a":4,"78467b8a":5,"67c57de4":5,"dc0c8b09":4,"c803b4a3":2,"fd482491":3,"25a2844e":6,"00a17b46":4,"2dd0e808":6,"8b5a8e9f":6,"61145ec9":4,"781ace7d":4,"95904ac4":7,"04cc7cbe":3,"4b125e7b":4,"04bef50c":1,"abad2347":4,"1bb4ccc0":0,"7a6aa4b6":4,"2cce4fb2":9,"0b5a0408":4,"2d1e1e9d":4,"bbe71605":4,"4b4ecbce":4,"104721f0":7,"805534ac":8,"0da28f5b":6,"3ef7432b":5,"5678ed7b":6,"93ac9ca3":5,"2198ba8e":4,"09f0db62":9,"0eaf08da":6,"d599b566":9,"99d130c9":3,"b935fc1c":4,"0f72f2d8":5,"95d3d348":2,"b3863630":3,"7e8e1c3d":4,"c0b0f492":8,"2e3503e4":8,"a0ce82b4":6,"6e24d88b":4,"92f800f5":2,"547903ef":9,"d70ca4f4":3,"b5ce0c0c":9,"906632cb":5,"57167c74":6,"4360a1a3":5,"d6f0d94a":2,"19e9776f":6,"35b58ef9":3,"80a8a56d":4,"470d50c2":5,"547903ef":10,"fe578280":4,"12dd6f5e":6,"d1715f3b":3,"f2364460":4,"affb82bf":8,"84369269":1,"6adce358":7,"315537b2":8,"162a7348":4,"dfa1a89b":3,"faf3ed07":6,"1ed46298":9,"bda8cdfb":6,"3c18f28e":5,"6867261a":6,"031e488e":2,"730338c4":5,"2d54e0a8":2,"cbb54a0a":1,"08a4c3f8":7,"ef14000f":4,"7a4c064c":3,"30b6808c":5,"ec11fe5f":7,"6a5b71b4":3,"8063df14":6,"4930f321":3,"1745a0f4":1,"616d6dd6":7,"7896b953":4,"9d023afb":4,"781ace7d":5,"c1bb74f2":7,"2c6cb96f":2,"d8e58a8c":6,"4652b09a":2,"ea4d3f3e":5,"6b82b527":3,"e0e48a2d":4,"e356abf1":8,"8f2a7d69":3,"50312237":5,"608bc832":3,"40569362":5,"e7e82473":8,"f044c0e1":5,"69f3bfcc":6,"fb7b7b3c":9,"e36dfd6f":2,"12a2cd4b":4,"dc583e64":0,"a0ce82b4":7,"b2c25d1c":4,"efd23af5":4,"20e470e0":4,"9e65c0ef":6,"56d315d8":4,"e0154608":2,"0a96f57a":6,"65a00a3c":2,"902f49f5":1,"7be025ce":1,"21e10a2b":5,"30fdcd3b":7,"37a7d5b0":3,"31408822":2,"24ffcbd3":6,"8d753bb6":2,"1951480c":4,"a0b03218":6,"bad6cdb1":10,"3e082b37":6,"3c43e8a2":8,"1c3a30c5":1,"cbad3b92":6,"0fc5ac7e":5,"0bd93cfd":1,"88432019":1,"d2a841c9":5,"945b63f0":3,"c98d5272":3,"9de29816":4,"e15fd611":2,"09560615":3,"cb6c9e42":6,"5957df9e":5,"24a9fb86":4,"48efc739":3,"03b4ab60":6,"1ed46298":10,"ed4fad08":4,"e9a8cf11":6,"383e232d":3,"ef1c2dcb":4,"8cd78f77":8,"3c6692a3":8,"fd369c21":8,"77bfed7e":11,"53b4e647":6,"d7cb9bcf":6,"82204d54":6,"9496f56f":6,"bd62d7ed":5,"d2466211":3,"d9a64845":4,"6a7392d5":5,"fe44fc6f":3,"6c486702":2,"2a76f1dd":4,"d9d0c567":3,"a5fd8ffd":7,"28654c76":6,"d83870f5":6,"6775d5cd":1,"54d7de6b":9,"677c6a09":6,"1757a30e":7,"4f5e3e7d":4,"fa55f27a":3,"de11eb19":9,"d33790a2":3,"1bd5b20b":2,"bab97de3":7,"cf84fb54":5,"6db0ea86":6,"a8871ddf":6,"26009d3f":3,"f121b82c":5,"0a92153e":3,"4e3f5178":3,"66b7b5b4":5,"ccb5ea3e":3,"25776fc4":3,"972f4174":2,"dbd2f139":4,"8ea21393":3,"caddd0a7":8,"145c7559":7,"c8977844":4,"4eed1bea":4,"0a2f71bc":3,"18d20aa1":1,"868cda42":5,"1a2ec5d7":6,"cd3bbe7e":7,"d9f512b9":7,"6490bac6":5,"095ab3b4":3,"9fc713b0":3,"5410e9c6":6,"b6aaf976":7,"1da771fb":1,"812b4f15":6,"77d35808":7,"ae8a09c4":4,"c318d350":3,"35b58ef9":4,"ad303bda":6,"76f94eda":2,"ef14000f":5,"25a2844e":7,"7fb4c521":5,"1dad0f99":4,"fef750ca":4,"5ef93e5d":5,"a66a2d8a":4,"dfcc2ad1":1,"0a1d11e6":4,"7bda83dd":3,"a15713c6":11,"f905a555":4,"731fc335":3,"11b74e63":4,"d39724bc":4,"f0a06216":6,"5eab91a0":3,"e4c312fe":3,"49902219":4,"d3e84616":4,"0e036ae9":3,"39a2fcce":7,"ec2cb1af":3,"7d6895f4":2,"f4b2f575":4,"48efc739":4,"a9b1bd51":7,"31f6ba51":2,"d6d61bfc":5,"c6c85783":4,"c852d240":6,"c64de0c0":2,"e4714415":5,"9fa62fee":7,"b7832271":5,"2d54e0a8":3,"50c3164b":5,"4bcd4a30":4,"8493f3b2":5,"db0a661e":3,"1bd5b20b":3,"3d1af513":4,"4ac6bd4e":6,"792c9b6a":7,"88a30343":8,"6a60348e":6,"5e193fc8":4,"6b78ad7f":6,"ab7467de":5,"06ee61b6":4,"dbd2f139":5,"debe1f65":4,"5272520d":3,"104721f0":8,"f734c84c":3,"2045d7d6":7,"0c0e98ea":1,"4c4aa2e2":6,"5f620a1e":4,"a851554d":5,"dae0f922":7,"014460b9":4,"2209903e":5,"381c68fa":10,"7e76c93c":3,"25776fc4":4,"d9dcdc4b":5,"4b3e3b1c":1,"b84a06eb":8,"fb7b7b3c":10,"19f9ca86":5,"e7e82473":9,"4febf7c5":4,"f1dffa24":0,"27c8e038":4,"d599b566":10,"cbad3b92":7,"09f0db62":10,"481754fc":3,"8dc9b4db":6,"a543ec74":2,"742f1425":5
1604737414550,"685207b3":5,"cd421290":7,"9267f0ef":7,"b215547b":1,"6490bac6":6,"1a2ec5d7":7,"6b9eff39":8,"b2c25d1c":5,"4279e829":3,"ded7da5a":4,"ebdbf580":8,"4fd645f1":4,"74f234c6":7,"c650b434":7,"c7313e0a":2,"638cb163":6,"4ee62a26":3,"75ffea08":1,"debe1f65":5,"751bcf25":6,"bb98a6cf":9,"3bad3c95":3,"57167c74":7,"aa021138":8,"c38c2b52":8,"76f94eda":3,"d7cb9bcf":7,"d2466211":4,"9aa6a054":4,"eb2e1983":4,"4d9b0b10":4,"a5fd8ffd":8,"c1bb74f2":8,"05f6ab35":6,"0a1d11e6":5,"7896b953":5,"831c7b85":6,"91f7ef72":4,"fead11cf":4,"25a2844e":8,"537634c9":4,"7fef9973":5,"d5dae4c4":5,"20811ddf":3,"bf30a08f":3,"3b2dee89":5,"cb4f262b":6,"f0a06216":7,"affb82bf":9,"9e206c95":5,"6de0aaac":4,"8547fbc2":7,"36d340f2":5,"842c8340":4,"12012fbd":4,"aff8e442":5,"48efc739":5,"181c3dd5":3,"6632fed0":8,"36684155":2,"3a1d1632":5,"6e98dfda":5,"650bb0e0":6,"4911acad":6,"0ecfa1c9":8,"72805bf5":7,"8657c79d":10,"0bd93cfd":2,"ea822700":4,"6e851762":8,"98915a1f":5,"2c01e624":5,"b6ee137a":3,"9b172ca8":7,"9a80f004":7,"655941a0":6,"0a92153e":4,"4e3f5178":4,"65a00a3c":3,"f4634d0b":5,"40e79dd3":6,"8e780922":7,"30fdcd3b":8,"25e0dd3d":6,"e786063b":3,"501db4de":5,"3b690f68":1,"21e10a2b":6,"e0154608":3,"ba30e43a":8,"a851554d":6,"30d84dce":5,"a81a857c":4,"805af3c7":5,"6f81493d":6,"2045d7d6":8,"d83294cd":3,"67c57de4":6,"ef91eaae":5,"7a4c064c":4,"2b698053":0,"cd522166":9,"ae95f2ba":4,"8a165e17":3,"8db5a165":2,"dfcc2ad1":2,"8f10fa42":6,"2dd0e808":7,"9d023afb":5,"781ace7d":6,"55928ef1":6,"ef8987d7":10,"2c6cb96f":3,"54d7de6b":10,"a66a2d8a":5,"5acce642":4,"e4117b3b":2,"20811ddf":4,"6775d5cd":2,"416a9e97":4,"d6320619":3,"b9a48a5c":2,"379184a7":9,"5a0ead91":5,"5f8517b7":5,"8f2a7d69":4,"332820ce":4,"d102b0c6":2,"4b125e7b":5,"eafbf9fb":3,"1d153b20":6,"30dd2edc":6,"c67979e6":8,"2132fe93":7,"f2364460":5,"d6d61bfc":6,"b7cc7909":5,"66d94227":2,"9d63c4dd":6,"a6003226":4,"b8ab8e6e":7,"c9efc8f6":4,"650bb0e0":7,"0ecfa1c9":9,"98915a1f":6,"835358a0":6,"b5763ff6":3,"8657c79d":11,"7db3edda":6,"dd7acb96":2,"805534ac":9,"8e99d5d0":7,"cf50e84e":3,"1f88a4b7":7,"8298e976":9,"f277386e":1,"b84a06eb":9,"016953e4":4,"bab97de3":8,"9c58dd76":8,"bc392d1c":3,"8e4c33d2":6,"e6fac295":5,"437fc3ec":8,"99d130c9":4,"f6fe095d":3,"59c1e594":6,"f1dffa24":1,"a5aee5de":5,"6b79fec2":4,"70594a28":0,"4577b333":5,"69d4b754":4,"0c0e98ea":2,"e2cbe594":3,"fe578280":5,"ce3bf5db":6,"c8977844":5,"8ea21393":4,"f33c0140":5,"381c68fa":11,"621d6b18":5,"c38c2b52":9,"2b698053":1,"6034b6d0":4,"a0cf08b3":2,"afe8e06a":5,"abd32136":4,"28654c76":7,"677c6a09":7,"78b97937":4,"7e95c5a0":7,"5f96c2bc":2,"7f6d1d0e":3,"44c77422":3,"fb8bfb36":3,"7bebff03":3,"751acea8":3,"0a92153e":5,"7e76c93c":4,"2e3503e4":9,"08a06557":8,"655941a0":7,"b5ce0c0c":10,"8db62558":4,"4ea4a2a1":9,"a533489b":2,"d33790a2":4,"db0a661e":4,"9263c525":10,"d0e9a58e":3,"7af262e5":2,"ad2d7bed":5,"7ae34c64":5,"dc0c8b09":5,"e4117b3b":3,"f67de058":3,"3101354b":2,"6841f77e":1,"8063df14":7,"195eb771":4,"f0a06216":8,"3f65f121":6,"08c6b5d2":1,"0e036ae9":4,"12012fbd":5,"9c045c61":7,"57d5dee8":6,"9d63c4dd":7,"6d339d45":8,"51f80f4c":6,"f66616b7":0,"3c18f28e":6,"4ed01268":3,"449d8475":10,"af034fee":2,"48efc739":6,"5a734022":4,"39a2fcce":8,"b230e8d3":7,"383e232d":4,"72d7b461":2,"9147702f":4,"8cd78f77":9,"d1ca5d6b":6,"aec074c4":8,"0b5a0408":5,"a6bcb07e":4,"0d2c95fe":3,"868edcc0":3,"363590c7":7,"26c6fa34":4,"6c73ae98":3,"d599b566":11,"71bc1295":5,"8d753bb6":3,"e238f09b":4,"f1dffa24":2,"cac4449a":6,"a5aee5de":6,"5099c6a0":7,"b2bd8fd3":3,"6d61bf13":4,"812b4f15":7,"dcf85091":2,"f76a3e83":4,"547903ef":11,"7218c9f1":5,"7a4c064c":5,"cc5a1d47":3,"8fb236a9":5,"b73e789c":2,"0d7d88f1":3,"6c524f99":5,"be3a10f8":5,"dc0c8b09":6,"30c184b8":8,"aa76bc50":3,"fafb4cc2":5,"05f6ab35":7,"dd3913d2":2,"91f7ef72":5,"7c0a2db6":7,"288d171f":1,"3b7763b1":3,"04ea5673":6,"dae0f922":8,"debe1f65":6,"4fd645f1":5,"d34a29b9":5,"381c68fa":12,"104721f0":9,"ba30e43a":9,"913a6226":1,"19e9776f":7,"40a745c0":4,"efd23af5":5,"caddd0a7":9,"c21ab51e":4,"daab45c6":4,"25776fc4":5,"059d6c19":4,"0c0e98ea":3,"dac109cf":8,"408bb2ed":5,"45b038bb":4,"fe44fc6f":4,"906fdec3":5,"e4c312fe":4,"8bc04eb5":4,"b3f19a69":7,"16b476e9":4,"91b28f83":3,"54d7de6b":11,"b946e146":6,"d3e84616":5,"53a8613c":2,"2dda3936":4,"be4f8ba8":5,"08c6b5d2":2,"f66616b7":1,"8d04852b":4,"5f6613c8":6,"789bd484":6,"8a52882e":6,"8cddb65e":6,"97e75c19":2,"4125085e":8,"2132fe93":8,"47d27624":3,"650bb0e0":8,"72805bf5":8,"2c627253":1,"aaa274a5":4,"6751d8e4":5,"3652bd66":7,"82b81567":2,"d33790a2":5,"d102b0c6":3,"bbe71605":5,"a6bcb07e":5,"a8871ddf":7,"bab97de3":9,"87ce8d1d":1,"5270f158":3,"8b2b601d":5,"b7df1559":4,"f5cd79c1":7,"f6fe095d":4,"489a39f7":3,"03dcfa3d":5,"5099c6a0":8,"12271e14":2,"fe1d4419":6,"f1098793":1,"b2bd8fd3":4,"971675c5":3,"056ea7ff":1,"0d28db94":2,"abd32136":5,"2b698053":2,"87083264":6,"621d6b18":6,"d78dd457":4,"4c0e547b":1,"c510bfd3":1,"cd522166":10,"0f89862c":2,"8007f30e":4,"7ae34c64":6,"8e99d5d0":8,"daab45c6":5,"696fdac5":6,"da3437cd":2,"36380d96":3,"c2bb8aae":2,"44c77422":4,"fb8bfb36":4,"f598a332":10,"d70ca4f4":4,"c455f40e":3,"638cb163":7,"1a68160d":2,"c1bdfd41":2,"547903ef":12,"d0c104c4":3,"2e3503e4":10,"a577db1c":4,"1a2ec5d7":8,"6bc5d32a":9,"56d315d8":5,"0f029727":5
1604737415109,"98915a1f":7,"e58b26f6":3,"72d7b461":3,"21ee2afe":6,"f87c5031":2,"172217e5":3,"e9adbe58":2,"945b63f0":4,"546f6845":2,"dc473de1":4,"e99318a3":8,"0681c48e":5,"4ed01268":4,"5ac86fb9":3,"91d52a55":1,"a1921150":9,"aa9ea5e8":2,"5d087c79":3,"031e488e":3,"51f80f4c":7,"9d9dd9e5":1,"272c7672":6,"3062379b":4,"5747db6e":5,"4bcd4a30":5,"884b0ad1":2,"8cd78f77":10,"de11eb19":10,"b7407bd3":10,"b2a8761b":4,"608bc832":4,"36fb15d2":1,"b35e9e1a":5,"17b08923":2,"d36125db":7,"45fb95c1":3,"1438fad7":5,"7ee148e9":2,"32c9fc47":3,"e7773397":6,"e81834aa":3,"a0b03218":7,"bad6cdb1":11,"19f9ca86":6,"ae8a09c4":5,"e238f09b":5,"2c5c1dc0":5,"6ebe2354":1,"03dcfa3d":6,"c95719e5":3,"2d382981":8,"6d5fcd4c":3,"01d817b8":7,"0277d748":9,"49902219":5,"dfa1a89b":4,"af157d29":6,"17446892":4,"162a7348":5,"ce3407dd":8,"1b881e6e":5,"af034fee":3,"bc3dc66a":6,"d5557fb4":5,"1a0189c4":4,"e4714415":6,"aff8e442":6,"a47abfbb":3,"345c9967":4,"d9d0c567":4,"71e53c93":4,"f789f6d8":7,"906fdec3":6,"6ee92259":4,"d83870f5":7,"d1d40c9c":4,"20811ddf":5,"04cc7cbe":4,"1757a30e":8,"5a0eb771":2,"22234d6b":3,"f069bb07":5,"0a2f71bc":4,"5ccf94d6":4,"f4726450":5,"8657c79d":12,"9fa62fee":8,"bca2d7cd":2,"c8113b77":5,"91536e85":5,"7218c9f1":6,"0bfabf48":6,"9fce073c":7,"c38c2b52":10,"f5e8dfee":6,"a59a8290":7,"4c0e547b":2,"1b153aef":4,"5acaa06f":2,"7a2f3f06":3,"d0e9a58e":4,"3d1af513":5,"8323d333":5,"e7e82473":10,"1be05c14":2,"95bc84f1":4,"6291e9e9":4,"263762cb":6,"6c73ae98":4,"26c6fa34":5,"6b79fec2":5,"88a30343":9,"2c24d929":6,"695a2b92":2,"ac38a6a5":6,"0277d748":10,"8cc4a982":5,"6cba74ce":2,"f2ca27d9":1,"416a9e97":5,"deb31f35":5,"842c8340":5,"35aa7fd0":4,"c4bff41f":6,"36b7003c":7,"36684155":3,"b35bb8a1":4,"6e98dfda":6,"aec4e1bf":7,"9d023afb":6,"43bc86e3":6,"6c486702":3,"0a1d11e6":6,"c1bb74f2":9,"781ace7d":7,"95904ac4":8,"00a481e3":7,"c91966ce":1,"ad2d7bed":6,"b0869206":1,"6ee92259":5,"c0b23081":8,"abad2347":5,"95d331b1":2,"24a9fb86":5,"77f31bab":7,"8dd649a3":3,"01cd8099":5,"82868763":4,"12271e14":3,"c609739e":9,"6085137f":4,"bc392d1c":4,"bad1a1cc":5,"0fc5ac7e":6,"4e3f5178":5,"c650b434":8,"1a2c020b":9,"27d8bf51":6,"c7636527":5,"381c68fa":13,"0a92153e":6,"44ff8baa":5,"30c5d755":7,"5a622a23":5,"bd984a8e":2,"f4634d0b":6,"ba30e43a":10,"e32524d6":6,"53747a91":3,"31408822":3,"77300e4a":2,"a33fe0dd":10,"40a745c0":5,"85de05f2":1,"7f86be64":3,"d0c104c4":4,"0b959527":2,"0841052c":3,"d552eb2f":5,"70c1e715":5,"c793cdda":6,"84b767be":7,"98915a1f":8,"619fda68":3,"b9be31d6":4,"95539a58":1,"ac030e74":2,"0785820e":6,"c38c2b52":11,"336d0f08":6,"b377a62a":2,"50312237":6,"6f0fcb9d":8,"00554ffd":6,"d0c0fc08":5,"17b08923":3,"8aa78e2f":5,"5678ed7b":7,"c564e316":4,"66554572":3,"f6fe095d":5,"2c24d929":7,"045f280d":5,"12012fbd":6,"1d153b20":7,"be4f8ba8":6,"0e036ae9":5,"b9a48a5c":3,"57540cc3":4,"540df50f":6,"0681c48e":6,"527ff946":10,"17446892":5,"a8c93bed":3,"1bc0591f":3,"6a7392d5":6,"70ee0491":2,"731fc335":4,"dfcc2ad1":3,"fd482491":4,"78b97937":5,"3101354b":3,"43bc86e3":7,"08a561b7":3,"7ee7621c":5,"91f7ef72":6,"d815c5b4":5,"bb00e71c":2,"4b125e7b":6,"04bef50c":2,"7fef9973":6,"cb6c9e42":7,"64db4feb":2,"a939b50b":6,"32133249":6,"c81b2bcf":3,"47cfba38":1,"5339e1e9":5,"97e75c19":3,"4295ce9a":4,"8e99d5d0":9,"f8b31ce5":6,"d0c104c4":5,"7f86be64":4,"f734c84c":4,"30c5d755":8,"66497c7e":3,"90a06ee9":6,"ddec9e54":2,"14c682eb":4,"85de05f2":2,"d34a29b9":6,"5ccf94d6":5,"3fdb08f5":2,"c4feee5b":4,"e21c6207":4,"0c043224":4,"754f98c9":3,"c7636527":6,"5a622a23":6,"58d46189":2,"28d40296":1,"44ff8baa":6,"c0b7e7d7":3,"87922532":9,"7732eb1e":11,"26c6fa34":6,"8dd649a3":4,"792cfcbd":3,"d599b566":12,"a0b03218":8,"836701f6":3,"c6e3d352":2,"de6213c7":12,"92efd84f":8,"d744bee2":4,"7028b044":2,"fd07e0ed":4,"c0e2624b":2,"4f59a322":4,"ffa08d82":3,"ac030e74":3,"87cd2add":5,"92d38723":5,"50312237":7,"fa55f27a":4,"d0c0fc08":6,"de11eb19":11,"9e878ec2":8,"d9dcdc4b":6,"88a30343":10,"f5829ac0":4,"17b08923":4,"60e855ee":6,"45fb95c1":4,"8547fbc2":8,"d3e84616":6,"9a467a82":5,"12012fbd":7,"f3d68430":11,"623c6a31":6,"6034b6d0":5,"7a4c064c":6,"30c184b8":9,"0042f6eb":9,"8f10fa42":7,"c463799d":6,"00a481e3":8,"f67de058":4,"345c9967":5,"52eca0dc":4,"6a7392d5":7,"74c26380":7,"7c0a2db6":8,"71e53c93":5,"2882a956":5,"fea793f5":7,"bec9d329":6,"95d331b1":3,"d83870f5":8,"1bb4ccc0":1,"5774ac0d":3,"e9a8cf11":7,"f2364460":6,"12534561":0,"1d790491":3,"64db4feb":3,"8a52882e":7,"bfcb912a":4,"f4b2f575":5,"b88033fd":4,"24a9fb86":6,"088feee2":5,"8e780922":8,"4e3f5178":6,"2ad42a9e":6,"fe578280":6,"e1571af7":5,"e2a7d915":5,"6b78ad7f":7,"a8726d50":6,"7f86be64":5,"7be025ce":2,"7d112f4d":5,"4279e829":4,"34c5c729":6,"ffc86f94":5,"6490bac6":7,"c455f40e":4,"859545e6":4,"d70ca4f4":5,"1a2ec5d7":9,"d6f0d94a":3,"0a96f57a":7,"66497c7e":4,"c8fcad77":3,"c3e6ef01":5,"a43061ee":6,"1db42092":6,"25635c37":7,"f1098793":2,"437fc3ec":9,"baebb391":4,"a77e127d":5,"26f99a1e":2,"59c1e594":7,"4febf7c5":5,"6b79fec2":6,"4cc141fa":1,"af0b61ab":7,"50c3164b":6,"39ba00f0":4,"bca2d7cd":3,"e58b26f6":4,"3062379b":5
1604737415747,"4ba6eb36":7,"0cb80f4a":4,"40569362":6,"ef16ca37":4,"8323d333":6,"5ee911b5":6,"cf84fb54":6,"b552beb3":5,"2d1e1e9d":5,"d6db2b02":2,"1db42092":7,"1f88a4b7":8,"e45b4b53":0,"d1676e89":2,"83086d4c":3,"ad8f85d6":7,"6be9332a":5,"5b60dd1d":4,"cf52025e":3,"5410e9c6":7,"a5aee5de":7,"09ff339a":2,"a0b03218":9,"e8d74304":6,"faf4f98b":3,"6f39f4d9":6,"619fda68":4,"d5059415":5,"8fb236a9":6,"cc5a1d47":4,"8007f30e":5,"78b97937":6,"7fdc2007":4,"0e2b5d2f":7,"eb2e1983":5,"dc0c8b09":7,"345c9967":6,"8db5a165":3,"7c0a2db6":9,"4bc46d7a":5,"00a481e3":9,"28654c76":8,"9d4f1fe6":6,"20811ddf":6,"bd2705b0":5,"04cc7cbe":5,"7a6aa4b6":5,"5a0ead91":6,"67f6e4f2":2,"d33790a2":6,"1ff8c2fc":8,"de11eb19":12,"a3253019":8,"1a2c020b":10,"1a68160d":3,"f734c84c":5,"4c39240e":8,"2e3503e4":11,"70594a28":1,"b7505747":5,"34c5c729":7,"7d112f4d":6,"66b7b5b4":6,"0b959527":3,"80a8a56d":5,"dbd2f139":6,"4dac6b20":4,"cc6bbe45":4,"d141db49":4,"6f81493d":7,"26dd2000":5,"f4634d0b":7,"7bebff03":4,"7043382d":4,"74f234c6":8,"20e470e0":5,"cf84fb54":7,"66554572":4,"69f3bfcc":7,"e8f173b5":6,"dc583e64":1,"3310a049":7,"fe1d4419":7,"a636f4c9":9,"3f2522c2":5,"8b2b601d":6,"5270f158":4,"946df4fd":3,"74e01f6a":4,"1951480c":5,"124fbe96":3,"5eab91a0":4,"c0b7e7d7":4,"c27969ec":4,"87922532":10,"2d382981":9,"b9be31d6":5,"7566fdd6":7,"d4ee22a4":8,"9aa6a054":5,"c38c2b52":12,"00a17b46":5,"7fdc2007":5,"78b97937":7,"ec11fe5f":8,"733c86f8":5,"8721056e":3,"9b546d65":3,"8db5a165":4,"fafb4cc2":6,"00a481e3":10,"7ae34c64":7,"42cd2360":2,"7c0a2db6":10,"b4fdf90e":4,"cd95f558":2,"5a0ead91":7,"1ff8c2fc":9,"08a4c3f8":8,"ef16ca37":5,"2e3503e4":12,"53431634":6,"e1618359":7,"ca7d47f7":2,"20777945":1,"d0c104c4":6,"1247fa52":6,"a33fe0dd":11,"e1f0dbfd":4,"fbdffc95":4,"b2c25d1c":6,"751bcf25":7,"da3437cd":3,"37a7d5b0":4,"0a92153e":7,"20e470e0":6,"18d20aa1":2,"3b7763b1":4,"2af60749":5,"5ccf94d6":6,"04ea5673":7,"3ef7432b":6,"1e7753d9":8,"d70ca4f4":6,"06ddafc7":5,"a4dafea5":3,"e81834aa":4,"8b2b601d":7,"c318d350":4,"4945c851":7,"312f7676":6,"ce4da56f":2,"5eab91a0":5,"1bb4ccc0":2,"f56ac638":1,"2882a956":6,"6841f77e":2,"e6ec8cbf":7,"b935fc1c":5,"ae8a09c4":6,"946df4fd":4,"fe1d4419":8,"e238f09b":6,"0eaf08da":7,"71ff66e8":2,"f1098793":3,"2c24d929":8,"aefe13f5":11,"9c29f0ed":9,"0bfabf48":7,"d2466211":5,"af7e5be8":9,"87cd2add":6,"9fce073c":8,"6a7392d5":8,"dfcc2ad1":4,"9a3ab0b8":2,"f5e8dfee":7,"8b5a8e9f":7,"78467b8a":6,"3c0df8b4":6,"d8e58a8c":7,"7ae34c64":8,"6751d8e4":6,"2c627253":2,"9fa62fee":9,"84b767be":8,"92efd84f":9,"fb7482fe":2,"88432019":2,"af157d29":7,"8547fbc2":9,"25a7a0a3":8,"d2a841c9":6,"b9a48a5c":4,"2ab62345":4,"03b4ab60":7,"91d52a55":2,"31f6ba51":3,"c852d240":7,"47d27624":4,"b8ab8e6e":8,"71279c46":3,"4ed01268":5,"32133249":7,"faf3ed07":7,"1b881e6e":6,"eeaa2d46":4,"15620dca":4,"49902219":6,"18815a1b":2,"af157d29":8,"30dd2edc":7,"b230e8d3":8,"71a2a493":4,"5a0eb771":3,"794f652b":5,"a47abfbb":4,"ed4fad08":5,"1d790491":4,"2132fe93":9,"aff8e442":7,"3a1b9af5":3,"50312237":8,"8c6e001f":4,"8e99d5d0":10,"dcf85091":3,"fe578280":7,"c8fcad77":4,"0dad37d5":1,"8db62558":5,"719c8869":5,"72b84094":4,"e0154608":4,"74f234c6":9,"ba30e43a":11,"c45d554f":5,"d34a29b9":7,"61f25dd4":6,"c1bdfd41":3,"c650b434":9,"bb98a6cf":10,"fb8bfb36":5,"259930ee":4,"be40590d":5,"2154b6e8":3,"21e10a2b":7,"913a6226":2,"a68a93b2":4,"67f6e4f2":3,"7ae3fc50":6,"5acaa06f":3,"17b08923":5,"181c3dd5":4,"04643409":1,"50d129cf":3,"98915a1f":9,"884b0ad1":3,"d0d6acb1":5,"b5763ff6":4,"d1ca5d6b":7,"6751d8e4":7,"6d802fa2":5,"0b5a0408":6,"db8ba455":5,"3f75d3bc":7,"d5dae4c4":6,"f56ac638":2,"0d770b97":8,"d4d5f466":4,"1a442bc7":7,"677c6a09":8,"abad2347":6,"f277386e":2,"0d2c95fe":4,"4945c851":8,"9a3cc55d":5,"d599b566":13,"a0bc1ceb":3,"2203f259":2,"aa00769b":6,"3712c4bd":5,"26c6fa34":7,"c0b7e7d7":5,"22aeaf03":5,"bc392d1c":5,"eed20185":7,"99d130c9":5,"b9a48a5c":5,"3454fa2b":7,"416a9e97":6,"49902219":7,"88432019":3,"e9adbe58":3,"2ab62345":5,"619fda68":5,"7fb4c521":6,"621d6b18":7,"7a4c064c":7,"ef14000f":6,"a06a6430":3,"20958d58":3,"25a2844e":9,"c510bfd3":2,"afe8e06a":6,"7af262e5":3,"fee32863":3,"53431634":7,"d34a29b9":8,"c0fea118":6,"79f04300":3,"638cb163":8,"110b1ee3":4,"0b959527":4,"a4296d1e":4,"751bcf25":8,"93e8cee5":7,"ce3bf5db":7,"4b4ecbce":5,"d25e0f8d":4,"30dbfc69":4,"49b358bd":4,"6490bac6":8,"61f25dd4":7,"b377a62a":3,"1ff8c2fc":10,"3652bd66":8,"a533489b":3,"0cb80f4a":5,"ea274174":4,"254cc28c":5,"8d04852b":5,"1634789b":10,"99e171db":4,"61d4782d":4,"77f31bab":8,"60d6cee2":4,"b230e8d3":9,"36b7003c":8,"23760167":2,"24a9fb86":7,"ef1c2dcb":5,"0bd93cfd":3,"2180f99b":2,"6e851762":9,"cbb54a0a":2,"72d7b461":4,"345c9967":7,"f905a555":5,"43bc86e3":8,"5f0c1b9d":8,"d8e58a8c":8,"08a561b7":4,"67d30f2b":10,"e6ec8cbf":8,"bf30a08f":4,"d815c5b4":6,"1bb4ccc0":3,"6841f77e":3,"4945c851":9,"a3d4a0e5":4,"e36dfd6f":3,"07fc4a9a":5,"be1746a0":1,"312f7676":7,"a4dafea5":4,"5b60dd1d":5,"88a30343":11,"d82592f4":1,"7ee148e9":3,"458dcc3d":7,"1951480c":6,"a543ec74":3,"a40846b7":8,"30c5d755":9,"902f49f5":2,"04ea5673":8,"2ad42a9e":7,"3b690f68":2,"c8dc010f":3,"25e0dd3d":7,"cac4449a":7,"93ac9ca3":6,"ac62fac2":4,"18815a1b":3,"217c0327":3,"eafbf9fb":4,"ef8321d8":1,"affb82bf":10,"57540cc3":5,"619fda68":6,"d2466211":6,"629800eb":7,"9496f56f":7,"8ac72326":6,"cd522166":11,"597c1f81":4,"c510bfd3":3,"704bce0d":2,"104721f0":10,"c7313e0a":3,"0dad37d5":2,"44c77422":5,"e62d705f":3,"77300e4a":3,"c382f054":5,"c7636527":7,"02d4753e":6,"8323d333":7,"3652bd66":9,"b2a8761b":5,"ea274174":5,"d33790a2":7,"6df0b2e8":9,"42c80e69":5,"7e15f8e8":5,"254cc28c":6,"3a1d1632":6,"5339e1e9":6,"e4714415":7,"c6c85783":5,"a47abfbb":5,"cb6c9e42":8,"03b4ab60":8,"2a387957":6,"2180f99b":3,"835358a0":7,"aec074c4":9,"2c627253":3,"eb7b4e29":5,"4bcd4a30":6,"c1bb74f2":10,"f67de058":5,"fef750ca":5,"a8c93bed":4,"a472532e":3,"fe44fc6f":5,"d8e58a8c":9,"69eeae0d":6,"b2cfdbcf":3,"5f0c1b9d":9,"a502c93c":6,"677c6a09":9,"d1d40c9c":5,"6775d5cd":3,"87c462ee":3,"730a4938":9,"ce4da56f":3,"b2703001":4,"69f3bfcc":8,"6d802fa2":6,"3e082b37":7,"4ff2225d":3,"e7e82473":11,"3712c4bd":6,"8274885a":4,"4febf7c5":6,"03dcfa3d":7,"3c43e8a2":9,"82868763":5,"f1098793":4,"b1f58563":4,"4cc141fa":2,"d70ca4f4":7,"4dac6b20":5,"d9f512b9":8,"31408822":4,"c650b434":10,"e32524d6":7,"feb67030":7,"74f234c6":10,"6bc5d32a":10,"a68a93b2":5,"d9d7c4c2":7,"1e7753d9":9,"08a06557":9,"ab7467de":6,"debe1f65":7,"3e602573":2,"1c3a30c5":2,"12dd6f5e":7,"ef8321d8":2,"d1715f3b":4,"e4cfef0a":5,"76f94eda":4,"6f39f4d9":7,"7fb4c521":7,"1dad0f99":5,"b215547b":2,"dbc9df44":3,"36380d96":4,"6585adbe":3,"9e878ec2":9,"8323d333":8,"c7c4ec5c":5,"36fb15d2":2,"d0b297b2":4,"49902219":8,"15620dca":5,"0277d748":11,"74e3d13e":3,"57d5dee8":7,"0f1ac912":0,"93fdbb44":3,"6867261a":7,"5ac86fb9":4,"25d1b2d8":5,"1a0189c4":5,"2132fe93":10,"5957df9e":6,"5a734022":5,"394dc144":6,"2180f99b":4,"d1ca5d6b":8,"f069bb07":6,"0fc5ac7e":7,"6751d8e4":8,"a625328f":6,"a06a6430":4,"f2e3c0e3":0,"eb2e1983":6,"a59a8290":8,"f5e8dfee":8,"0e2b5d2f":8,"8b5a8e9f":8,"b2cfdbcf":4,"65e4235b":6,"616d6dd6":8,"195eb771":5,"00a481e3":11,"ef8987d7":11,"730a4938":10,"6775d5cd":4,"88ce179e":7,"16b476e9":5,"bd2705b0":6,"1bb4ccc0":4,"1be05c14":3,"b84a06eb":10,"a8871ddf":8,"3a204e56":4,"e36dfd6f":4,"60e855ee":7,"54a676d6":3,"be1746a0":2,"95f6db13":3,"93ac9ca3":7,"2e3503e4":13,"5be594be":2,"e9679ede":4,"26ed1a5c":5,"014460b9":5,"62d1d346":4,"1e191c98":1,"30d84dce":6,"e1f0dbfd":5,"7043382d":5,"4fd645f1":6,"a0ce82b4":8,"d70ca4f4":8,"44ff8baa":7,"5ccf94d6":7,"719c8869":6,"ecfa8249":5,"3fdb08f5":3,"8942c35b":3,"5a622a23":7,"cd421290":8,"e8d74304":7,"b769bdfb":1,"aefe13f5":12,"26f99a1e":3,"b7df1559":5,"a58bf525":8,"2c24d929":9,"b460f030":4
1604737416391,"87cd2add":7,"6f39f4d9":8,"53b4e647":7,"cf9f4757":1,"c38c2b52":13,"9aa6a054":6,"a66a2d8a":6,"20958d58":4,"c463799d":7,"05f6ab35":8,"7bda83dd":4,"7f86be64":6,"1a2c020b":11,"a3253019":9,"69d4b754":5,"75ffea08":2,"dae0f922":9,"e7abc88d":2,"08a06557":10,"b2c25d1c":7,"751acea8":4,"37a7d5b0":5,"4dac6b20":6,"902f49f5":3,"0f029727":6,"21ad2f34":2,"ca6d2d91":7,"7be025ce":3,"5fa12feb":4,"a8726d50":7,"ce3bf5db":8,"4e5aaaec":1,"5ccf94d6":8,"9a80f004":8,"3ef7432b":7,"a59a8290":9,"ef8987d7":12,"4bc46d7a":6,"fe44fc6f":6,"aa867541":3,"83b2f9c5":6,"f3a0c2ee":1,"1757a30e":9,"51a3e9c2":5,"7ee7621c":6,"b3f19a69":8,"5acce642":5,"ba586505":3,"6cba74ce":3,"a63bddd4":7,"53a8613c":3,"b9a48a5c":6,"f3d68430":12,"ccdd1ce6":3,"57d5dee8":8,"1634789b":11,"5774ac0d":4,"9ceb5439":0,"c9efc8f6":5,"a983a6dc":6,"03b4ab60":9,"254cc28c":7,"031e488e":4,"bf822e33":4,"1ed46298":11,"d1fe2868":5,"00a17b46":6,"c803b4a3":3,"6034b6d0":6,"6a5b71b4":4,"053f3451":4,"67c57de4":7,"e5b1abc6":5,"aec074c4":10,"de6213c7":13,"ea822700":5,"0bd93cfd":4,"50c3164b":7,"1f342a00":4,"bd984a8e":3,"acac14fb":3,"f121b82c":6,"e9679ede":5,"7be025ce":4,"e62d705f":4,"aab4d996":2,"b215547b":3,"b7434f57":6,"79e4fa1c":3,"d548635d":3,"e5d3655c":6,"ddec9e54":3,"85de05f2":3,"4777334c":3,"902f49f5":4,"2209903e":6,"1623fc9f":1,"74f234c6":11,"7043382d":6,"5a622a23":8,"1e7753d9":10,"4295ce9a":5,"913a6226":3,"fe8f3d36":3,"a0685bf3":7,"5f4102da":3,"50b558a7":5,"c6dc900c":4,"52eca0dc":5,"a851891c":2,"7ae34c64":9,"43bc86e3":9,"83b2f9c5":7,"3f75d3bc":8,"79be29c8":3,"d4d5f466":5,"935ec056":3,"677c6a09":10,"d39724bc":5,"b0869206":2,"12dd6f5e":8,"36d340f2":6,"140ce69e":9,"f87c5031":3,"09560615":4,"9e206c95":6,"5a734022":6,"a47abfbb":6,"d957f027":3,"72805bf5":9,"2b3e4717":4,"1dad0f99":6,"cb142908":7,"869cbaa0":6,"2e99f8fd":4,"9260d96b":7,"3652bd66":10,"0cb80f4a":6,"288afc30":4,"0ac825ed":4,"2d1e1e9d":6,"4945c851":10,"2cce4fb2":10,"a58bf525":9,"6d61bf13":5,"b36a0d66":3,"af034fee":4,"aff8e442":8,"bb8a6337":3,"815e4582":4,"f66616b7":2,"24a9fb86":8,"5d087c79":4,"272c7672":7,"70bc8325":3,"dd7acb96":3,"fd07e0ed":5,"aa5dfdf5":2,"fb7482fe":3,"6085137f":5,"28d41578":1,"742f1425":6,"cf50e84e":4,"fe1d4419":9,"8dc9b4db":7,"03c398d2":3,"792cfcbd":4,"836701f6":4,"99d130c9":6,"27c8e038":5,"a0b03218":10,"06ee61b6":5,"90a06ee9":7,"a4296d1e":5,"bd984a8e":4,"d70ca4f4":9,"e1571af7":6,"b2c25d1c":8,"4279e829":5,"5ab7bc35":3,"1247fa52":7,"bc09fa9e":4,"0b959527":5,"bb98a6cf":11,"aa021138":9,"0a96f57a":8,"d033db8d":4,"a4f1d83b":5,"d25e0f8d":5,"ea6de194":3,"c2bb8aae":3,"9a80f004":9,"92f800f5":3,"b6ee137a":4,"7b6a7048":4,"385ab7c6":7,"c8113b77":6,"7a4c064c":8,"82204d54":7,"0042f6eb":10,"9a07d89b":3,"f67de058":6,"ec11fe5f":9,"c1bb74f2":11,"3c0df8b4":7,"fd482491":5,"fafb4cc2":7,"a0cf08b3":3,"69eeae0d":7,"906fdec3":7,"a502c93c":7,"935ec056":4,"ba586505":4,"730a4938":11,"87c462ee":4,"d929098e":2,"546f6845":3,"25a7a0a3":9,"ef8321d8":3,"09560615":5,"f5596d0f":5,"88432019":4,"5f8517b7":6,"6585adbe":4,"2e99f8fd":5,"a533489b":4,"9e878ec2":10,"792c9b6a":8,"8cf83787":2,"288a2c43":6,"2a387957":7,"081460bf":4,"39a2fcce":9,"af034fee":5,"90d52475":6,"47cfba38":2,"031e488e":5,"c6c85783":6,"bb8a6337":4,"91d52a55":3,"faf3ed07":8,"d0d6acb1":6,"2c01e624":6,"b947257e":4,"c0e2624b":3,"fd07e0ed":6,"c793cdda":7,"e0f7679f":5,"868edcc0":4,"09f0db62":11,"7ee148e9":4,"45fb95c1":5,"baebb391":5,"f6fe095d":6,"0be540c5":4,"99d130c9":7,"437fc3ec":10,"4b3e3b1c":2,"27c8e038":6,"ae8a09c4":7,"fb7b7b3c":11,"b935fc1c":6,"a0bc1ceb":4,"2d382981":10,"b2c25d1c":9,"f3992a31":4,"da3437cd":4,"d634aa28":5,"0a92153e":8,"75ffea08":3,"b7505747":6,"c650b434":11,"8e99d5d0":11,"9d4da635":4,"b7434f57":7,"27d8bf51":7,"d141db49":5,"0149e11a":3,"a33fe0dd":12,"40a745c0":6,"87083264":7,"a85d89cc":6,"ac030e74":4,"7566fdd6":8,"831c7b85":7,"4d9b0b10":5,"19551bad":5,"056ea7ff":2,"9a07d89b":4,"b8488fc8":6,"0042f6eb":11,"3c0df8b4":8,"1105f790":4,"00a481e3":12,"ef8987d7":13,"52eca0dc":6,"aa76bc50":4,"2c6cb96f":4,"f0a06216":9,"95d331b1":4,"4258c176":6,"5acce642":6,"53431634":8,"24ffcbd3":7,"c8dc010f":4,"0c043224":5,"4577b333":6,"7bebff03":5,"e1618359":8,"d70ca4f4":10,"3661e12d":7,"140ce69e":10,"3454fa2b":8,"b7407bd3":11,"4f5e3e7d":5,"3a1b9af5":4,"8d000d6e":3,"7a6aa4b6":6,"fe0df575":6,"ea4d3f3e":6,"bec9d329":7,"0e036ae9":6,"6d339d45":9,"9de29816":5,"8d04852b":6,"bda8cdfb":7,"71a2a493":5,"42c80e69":6,"f4b2f575":6,"088feee2":6,"a1370ab0":2,"2a387957":8,"51f80f4c":8,"b88033fd":5,"24a9fb86":9,"84369269":2,"b5763ff6":5,"c793cdda":8,"0fc5ac7e":8,"9ab755d3":3,"911e770b":3,"7e991ab9":2,"a4dafea5":5,"5678ed7b":8,"411b5027":6,"e0f7679f":6,"ae8a09c4":8,"6291e9e9":5,"5781776a":4,"b6aaf976":8,"b769bdfb":2,"bbe71605":6,"a0bc1ceb":5,"5099c6a0":9,"d8475b95":5,"1da771fb":2,"aefe13f5":13,"5623817d":4,"f6fe095d":7,"c27969ec":5,"9267f0ef":8,"a3253019":10,"d34a29b9":9,"5be594be":3,"c2bb8aae":4,"1247fa52":8,"e1571af7":7,"4eed1bea":5,"1e191c98":2,"ab7d4c9a":8,"a81a857c":5,"f4343817":5,"110b1ee3":5,"e4cfef0a":6,"6034b6d0":7,"a85d89cc":7,"1dad0f99":7,"056ea7ff":3,"c8113b77":7,"1105f790":5,"c510bfd3":4,"d78dd457":5,"70ee0491":3,"dc0c8b09":8,"33d6bb6a":6,"781ace7d":8,"a5676c24":5,"abc1d7ad":9,"83b2f9c5":8,"cf1b8c47":5,"56473430":5,"4258c176":7,"f56ac638":3,"bec9d329":8,"6bc5d32a":11,"9e65c0ef":7,"f883d582":4,"dac109cf":9,"e2cbe594":4,"74f234c6":12,"c0b0f492":9,"0a96f57a":9,"49b358bd":5,"430a5db5":7,"7e8e1c3d":5,"9de29816":6,"9c045c61":8,"865d9857":3,"de11eb19":13,"92d38723":6,"358e45b1":4,"b2a8761b":6,"45b038bb":5,"9263c525":11,"d83870f5":9,"9cb4697f":6,"677c6a09":11,"ec2cb1af":4,"d2a841c9":7,"2dda3936":5,"39a2fcce":10,"c852d240":8,"cf775f58":5,"61d4782d":5,"bad1a1cc":6,"47cfba38":3,"faf3ed07":9,"5e09f69e":7,"725dce8b":6,"9d9dd9e5":2,"24a9fb86":10,"6adce358":8,"84b67924":5,"7e991ab9":3,"911e770b":4,"eb7b4e29":6,"d1ca5d6b":9,"2f455cce":2,"b552beb3":6,"0d2c95fe":5,"e0f7679f":7,"11888cfa":2,"6c73ae98":5,"fb44fa9c":6,"6be9332a":6,"1951480c":7,"eed20185":8,"437fc3ec":11,"a5aee5de":8,"60e855ee":8,"cf52025e":4,"317c1591":5,"d82592f4":2,"014bdff0":3,"b460f030":5,"6b79fec2":7,"e7abc88d":3,"ab7d4c9a":9,"fe578280":8,"c382f054":6,"90a06ee9":8,"9f2b16a7":5,"629800eb":8,"9c29f0ed":10,"0785820e":7,"ef14000f":7,"6c524f99":6,"b73e789c":3,"67c57de4":8,"4c0e547b":3,"fef750ca":6,"2bcca6a7":9,"afe8e06a":7,"c6dc900c":5,"52eca0dc":7,"da04caac":5,"71ba7561":5,"95904ac4":9,"8a165e17":4,"d8e58a8c":10,"be40590d":6,"9316e7e8":3,"1623fc9f":2,"30fdcd3b":9,"a577db1c":5,"daab45c6":6,"751bcf25":9,"53747a91":4,"859545e6":5,"467773ac":5,"7d112f4d":7,"ca7d47f7":3,"c45d554f":6,"5ab7bc35":4,"93683c82":7,"6b9eff39":9,"805af3c7":6,"bfad1727":7,"5f8517b7":7,"50312237":9,"a533489b":5,"c7c4ec5c":6,"d0b297b2":5,"8d000d6e":4,"ae99df30":2,"ee21ad02":9,"54d7de6b":12,"e0e48a2d":5,"04bef50c":3,"d39724bc":6
1604737417019,"af157d29":9,"bb99c79c":7,"21ee2afe":7,"9e206c95":7,"7080f122":4,"865d9857":4,"af034fee":6,"d957f027":4,"aec4e1bf":8,"bf822e33":5,"6df0b2e8":10,"1634789b":12,"faf3ed07":10,"9f5e6cba":5,"cb6c9e42":9,"68562193":2,"1ed46298":12,"394dc144":7,"7fb4c521":8,"bbe71605":7,"45fb95c1":6,"b552beb3":7,"1db42092":8,"8d753bb6":4,"4ff2225d":4,"74e01f6a":5,"f6fe095d":8,"dd1fcb17":2,"17807120":6,"25635c37":8,"b1f58563":5,"bc392d1c":6,"cf52025e":5,"7ee148e9":5,"09ff339a":3,"48655f09":3,"19f9ca86":7,"cc5a1d47":5,"4f59a322":5,"e57d5cda":10,"1bc0591f":4,"f1df62b4":4,"a06a6430":5,"2a4a402a":4,"8f10fa42":8,"78b97937":8,"c510bfd3":5,"f67de058":7,"aa76bc50":5,"61145ec9":5,"a5fd8ffd":9,"313258f2":6,"28654c76":9,"9147702f":5,"2180f99b":5,"2f455cce":3,"d1ca5d6b":10,"d3a669ac":8,"3062379b":6,"65e4235b":7,"aa187e3b":4,"5b5fc566":5,"67d30f2b":11,"d4d5f466":6,"d34a29b9":10,"1247fa52":9,"972f4174":3,"8e99d5d0":12,"4b4ecbce":6,"168e75d9":3,"6841f77e":4,"677c6a09":12,"b377a62a":4,"5a0ead91":8,"a533489b":6,"b2a8761b":7,"db0a661e":5,"eafbf9fb":5,"be4f8ba8":7,"affb82bf":11,"546f6845":4,"8547fbc2":10,"0e036ae9":7,"5e09f69e":8,"2b3e4717":5,"ed4fad08":6,"c98d5272":4,"6e98dfda":7,"03b4ab60":10,"56d315d8":6,"14c682eb":5,"6f81493d":8,"f8b31ce5":7,"2045d7d6":9,"026766f3":3,"110b1ee3":6,"ca7d47f7":4,"26dd2000":6,"a577db1c":6,"efd23af5":6,"61f25dd4":8,"c0b0f492":10,"7d112f4d":8,"142d6987":6,"20777945":2,"21e10a2b":8,"77898c22":3,"0ac825ed":5,"32c9fc47":4,"a3d4a0e5":5,"0d2c95fe":6,"88a30343":12,"b2703001":5,"e8f173b5":7,"dfc89705":7,"2c5c1dc0":6,"8eb64769":4,"eda6a690":6,"48655f09":4,"27c8e038":7,"c0b7e7d7":6,"f6fe095d":9,"a0b03218":11,"b935fc1c":7,"4cc141fa":3,"836701f6":5,"87083264":8,"e57d5cda":11,"50c468ba":4,"ef14000f":8,"53b4e647":8,"eebc8d43":3,"478d2d4f":4,"7218c9f1":7,"b102f7bd":6,"78467b8a":7,"e5b1abc6":6,"2a76f1dd":5,"3c0df8b4":9,"0a1d11e6":7,"c64de0c0":3,"5a0eb771":4,"ce3407dd":9,"081460bf":5,"a2c334e7":11,"91d52a55":4,"6a3eaf43":4,"2c01e624":7,"1f7607df":4,"de6213c7":14,"aaa274a5":5,"9147702f":6,"abc1d7ad":10,"db8ba455":6,"65e4235b":8,"345c9967":8,"93b0a158":3,"6841f77e":5,"d929098e":3,"abad2347":7,"ebdbf580":9,"1a2c020b":12,"288d171f":2,"8e780922":9,"fea793f5":8,"8245f916":8,"79be29c8":4,"21ee2afe":8,"eafbf9fb":6,"53a8613c":4,"a77e8461":2,"e9adbe58":4,"49902219":9,"655954ba":5,"704bce0d":3,"059d6c19":5,"cc6bbe45":5,"a33fe0dd":13,"f1b493de":6,"d033db8d":5,"daab45c6":7,"4def63ee":4,"f8b31ce5":8,"26ed1a5c":6,"805534ac":10,"d25e0f8d":6,"caddd0a7":10,"cd3bbe7e":8,"2045d7d6":10,"4eed1bea":6,"8db62558":6,"27d8bf51":8,"f9f2c53f":2,"9260d96b":8,"45b038bb":6,"d33790a2":8,"cd95f558":3,"0cb80f4a":7,"a6bcb07e":6,"6a60348e":7,"1f88a4b7":9,"4ff2225d":5,"0d2c95fe":7,"cf84fb54":8,"804d4dfa":6,"a40846b7":9,"b7df1559":6,"3e082b37":8,"eda6a690":7,"59c1e594":8,"1951480c":8,"aefe13f5":14,"04612878":5,"fb7b7b3c":12,"8274885a":5,"aa00769b":7,"ffa08d82":4,"ef14000f":9,"ad303bda":7,"6a5b71b4":5,"ba5c52af":6,"faf4f98b":4,"1bc0591f":5,"87083264":9,"8b5a8e9f":9,"1105f790":6,"9d023afb":7,"c852d240":9,"31d74eee":1,"dcfaba4c":4,"c81b2bcf":4,"bc3dc66a":7,"4ed01268":6,"60d6cee2":5,"e15fd611":3,"35aa7fd0":5,"8a52882e":8,"b8ab8e6e":9,"162a7348":6,"835358a0":8,"70bc8325":4,"aa5dfdf5":3,"730338c4":6,"3c6692a3":9,"c1bb74f2":12,"42cd2360":3,"a472532e":4,"a5676c24":6,"5f96c2bc":3,"906fdec3":8,"a5fd8ffd":10,"e4117b3b":4,"e0e48a2d":6,"5acce642":7,"e356abf1":9,"b3f19a69":9,"ae99df30":3,"72d7b461":5,"f5596d0f":6,"ec2cb1af":5,"affb82bf":12,"145c7559":8,"5e193fc8":5,"fe578280":9,"4b4ecbce":7,"77300e4a":4,"c85a0d80":4,"37a7d5b0":6,"4360a1a3":6,"c7636527":8,"74f234c6":13,"30c5d755":10,"a8726d50":8,"ca7d47f7":5,"180377be":0,"44c77422":6,"6f81493d":9,"57167c74":8,"c3e6ef01":6,"9d0546ac":7,"0a96f57a":10,"ecfa8249":6,"ccb5ea3e":4,"201cafad":5,"df81ddee":5,"554ebb83":4,"b35e9e1a":6,"b4fdf90e":5,"c7c4ec5c":7,"cd95f558":4,"a533489b":7,"b552beb3":8,"45fb95c1":7,"c0b7e7d7":7,"59431390":8,"a0b03218":12,"bab97de3":10,"87ce8d1d":2,"095ab3b4":4,"6c73ae98":6,"6be9332a":7,"695a2b92":3,"07f98660":3,"629800eb":9,"056ea7ff":4,"7e95c5a0":8,"9f74b8a4":5,"c1bb74f2":13,"8ac72326":7,"f5e8dfee":9,"c463799d":8,"a77e8461":3,"30dd2edc":8,"fd6dcb20":0,"a6003226":5,"faf3ed07":11,"254cc28c":8,"47cfba38":4,"ed4fad08":7,"8a52882e":9,"7e15f8e8":6,"4911acad":7,"8cddb65e":7,"50d129cf":4,"789bd484":7,"725dce8b":7,"6751d8e4":9,"9d023afb":8,"55928ef1":7,"a59a8290":10,"810aa5e9":1,"1d44aff3":1,"49cb2959":3,"61145ec9":6,"7c0a2db6":11,"45b5746e":5,"e0f7679f":8,"12271e14":4,"e238f09b":7,"8e4c33d2":7,"9fc713b0":4,"836701f6":6,"c6e3d352":3,"ee75b607":4,"bb00e71c":3,"6ee92259":6,"37d0cae2":3,"abad2347":8,"54d7de6b":13,"730338c4":7,"884b0ad1":4,"aa5dfdf5":4,"6a3eaf43":5,"2d54e0a8":4,"f3992a31":5,"dcf85091":4,"f33c0140":6,"c85a0d80":5,"f121b82c":7,"acac14fb":4,"fbdffc95":5,"9d4da635":5,"c8fcad77":5,"66b7b5b4":7,"4fd645f1":7,"5272520d":4,"5ccf94d6":9,"d9f512b9":9,"07107f6e":9,"0f029727":7,"059d6c19":6,"0a96f57a":11,"180377be":1,"5ab7bc35":5,"e2cbe594":5,"2b3c49b9":5,"3ef7432b":8,"e1f0dbfd":6,"49bf2e95":2,"9260d96b":9,"b4fdf90e":6,"4ba6eb36":8,"4ac6bd4e":7,"67f6e4f2":4,"f5829ac0":5,"de36827b":6,"a3d4a0e5":6,"1f88a4b7":10,"59c1e594":9,"06ddafc7":6,"468fc85c":4,"09ff339a":4,"d5059415":6,"a85d89cc":8,"cf9f4757":2,"6f39f4d9":9,"18815a1b":4,"945b63f0":5,"f2ca27d9":2,"8547fbc2":11,"15620dca":6,"09560615":6,"b88033fd":6,"57d5dee8":9,"c67979e6":9,"bda8cdfb":8,"2132fe93":11,"5f7d7195":6,"162a7348":7,"b230e8d3":10,"91d52a55":5,"c98d5272":5,"540df50f":7,"71a2a493":6,"b73e789c":4,"a06a6430":6,"e35a63cd":10,"0e2b5d2f":9,"0f89862c":3,"f2e3c0e3":1,"b102f7bd":7,"fef750ca":7,"da04caac":6,"d9a64845":5,"b2cfdbcf":5,"74c26380":8,"8298e976":10,"458dcc3d":8,"42191b64":8,"aa00769b":8,"82868763":6,"812b4f15":8,"93ac9ca3":8,"3a204e56":5,"742f1425":7,"22aeaf03":6,"3a291497":4,"7c0a2db6":12,"0d770b97":9,"bec9d329":9,"d1d40c9c":6,"290b4714":6,"aa187e3b":5,"9d4f1fe6":7,"aa5dfdf5":5,"4bcd4a30":7,"d1ca5d6b":11,"0fc5ac7e":9,"f4726450":6,"5a07fc2e":5,"a836aa93":1,"7f86be64":7,"fe578280":10,"dcf85091":5,"a3253019":11,"f76a3e83":5,"c4e70c07":3,"26ed1a5c":7,"37a7d5b0":7,"c2bb8aae":5,"7cd0ad7b":5,"ea6de194":4,"40a745c0":7,"aa021138":10,"44c77422":7,"3b690f68":3,"547903ef":13,"b6591e25":5,"2b3c49b9":6,"65a00a3c":4,"bc09fa9e":5,"53747a91":5,"d25e0f8d":7,"8ea21393":5,"1b153aef":5,"9260d96b":10,"4ac6bd4e":8,"5ee911b5":7,"db0a661e":6,"40569362":7,"6d802fa2":7,"07fc4a9a":6,"a4dafea5":6,"26009d3f":4,"621d6b18":8,"8547fbc2":12,"af157d29":10,"9a467a82":6,"ef8321d8":4,"f3d68430":13,"416a9e97":7,"1d790491":5,"e9a8cf11":8,"254cc28c":9,"76f3a3be":2,"9d9dd9e5":3,"0ecfa1c9":10,"1b881e6e":7,"9f5e6cba":6,"04643409":2,"031e488e":6,"5f7d7195":7,"51f80f4c":9,"8ac72326":8,"d2466211":7,"869cbaa0":7,"b73e789c":5,"753ca352":3,"1745a0f4":2,"6a7392d5":9,"1105f790":7,"2a76f1dd":6,"33d6bb6a":7,"92ca52b7":7,"aa76bc50":6,"dc03ebd2":7
1604737417410,"8cd78f77":11,"0fc5ac7e":10,"6751d8e4":10,"9ab755d3":4,"de6213c7":15,"d1ca5d6b":12,"22ecaed0":5,"88432019":5,"eafbf9fb":7,"865d9857":5,"09560615":7,"ef8321d8":5,"dcfaba4c":5,"37fbb107":7,"03b4ab60":11,"97e75c19":4,"c852d240":10,"a939b50b":7,"5a734022":7,"48efc739":7,"aec4e1bf":9,"2b3e4717":6,"a2c334e7":12,"99e171db":5,"e7e82473":12,"0f72f2d8":6,"013ee301":3,"26c6fa34":8,"fe1d4419":10,"74e01f6a":6,"f2470875":5,"12271e14":5,"8e4c33d2":8,"6ebe2354":2,"6d61bf13":6,"a543ec74":4,"312f7676":8,"3c43e8a2":10,"26c390d6":4,"7028b044":3,"2180f99b":6,"d1ca5d6b":13,"50c3164b":8,"0fc5ac7e":11,"1b153aef":6,"d33790a2":9,"50312237":10,"e0e6a097":5,"fe0df575":7,"00554ffd":7,"8cf83787":3,"12dd6f5e":9,"d6320619":4,"6143f39d":2,"a5fd8ffd":11,"1d44aff3":2,"8a165e17":5,"71e53c93":6,"ee21ad02":10,"e4c312fe":5,"d1d40c9c":7,"aa187e3b":6,"abad2347":9,"290b4714":7,"9a467a82":7,"e9adbe58":5,"dfa1a89b":5,"32133249":8,"1634789b":13,"cb6c9e42":10,"162a7348":8,"9ceb5439":1,"c852d240":11,"bc3dc66a":8,"99e171db":6,"5a0eb771":5,"3c18f28e":7,"42c80e69":7,"77f31bab":9,"501db4de":6,"c0fea118":7,"efe84c27":5,"0dad37d5":3,"8e780922":10,"4e3f5178":7,"08a06557":11,"0d5ee801":6,"6f81493d":10,"c7636527":9,"026766f3":4,"9e65c0ef":8,"381c68fa":14,"e786063b":4,"a0ce82b4":9,"49b358bd":6,"0af920d8":4,"014460b9":6,"7cd0ad7b":6,"e2a7d915":6,"4eed1bea":7,"913a6226":4,"4e5aaaec":2,"5a622a23":9,"868edcc0":5,"07fc4a9a":7,"a6bcb07e":7,"5678ed7b":9,"3310a049":8,"d8475b95":6,"cbad3b92":8,"6085137f":6,"3e602573":3,"5099c6a0":10,"5781776a":5,"8eb64769":5,"a40846b7":10,"a543ec74":5,"24d24fa3":3,"6ce84ff8":4,"3a204e56":6,"c0e2624b":4,"730338c4":8,"84b767be":9,"508aac3d":3,"9ab755d3":5,"fd369c21":9,"b35e9e1a":7,"554ebb83":5,"1bd5b20b":4,"8f2a7d69":5,"e0e6a097":6,"3d1af513":6,"eeaa2d46":5,"12012fbd":8,"a63bddd4":8,"546f6845":5,"01d817b8":8,"be4f8ba8":8,"07f98660":4,"9496f56f":8,"cf9f4757":3,"7e95c5a0":9,"e57d5cda":12,"2b698053":3,"6c524f99":7,"0042f6eb":12,"8063df14":8,"55928ef1":8,"7fdc2007":6,"e5b1abc6":7,"f3a0c2ee":2,"a15713c6":12,"d9d0c567":5,"61145ec9":7,"aa867541":4,"56473430":6,"ba586505":5,"5eab91a0":6,"54d7de6b":14,"71a2a493":7,"9d9dd9e5":4,"cb6c9e42":11,"13747b82":6,"ab7d4c9a":10,"f598a332":11,"7f86be64":8,"9b742f71":6,"56d315d8":7,"c5b35e4d":3,"e1571af7":8,"381c68fa":15,"2045d7d6":11,"69d4b754":6,"142d6987":7,"08a06557":12,"110b1ee3":7,"b7505747":7,"24ffcbd3":8,"4360a1a3":7,"77898c22":4,"f4634d0b":8,"014460b9":7,"261c9911":5,"70594a28":2,"18d20aa1":3,"1d790491":6,"a2c334e7":13,"40860a4b":2,"cf775f58":6,"4125085e":9,"37fbb107":8,"0681c48e":7,"650bb0e0":9,"8cf83787":4,"8aa78e2f":6,"3c782bb3":6,"de36827b":7,"c27969ec":6,"d36125db":8,"99d130c9":8,"2203f259":3,"e0f7679f":9,"458dcc3d":9,"1da771fb":3,"9fc713b0":5,"b935fc1c":8,"0eaf08da":8,"19f9ca86":8,"d1676e89":3,"a43061ee":7,"0b3283c9":5,"a502c93c":8,"00cf385d":5,"9d4f1fe6":8,"cbb54a0a":3,"aa5dfdf5":6,"272c7672":8,"2d54e0a8":5,"79e4fa1c":4,"25e0dd3d":8,"e58b26f6":5,"7e991ab9":4,"358e45b1":5,"b7407bd3":12,"288afc30":5,"4ac6bd4e":9,"f1862e79":6,"9263c525":12,"0bfabf48":8,"af7e5be8":10,"e28c2efc":7,"c8113b77":8,"77bfed7e":12,"9c29f0ed":11,"5f4102da":4,"8063df14":9,"cfafcda8":5,"c510bfd3":6,"6c486702":4,"78467b8a":8,"61145ec9":8,"71e53c93":7,"91f7ef72":7,"616d6dd6":9,"f3a0c2ee":3,"da04caac":7,"25a7a0a3":10,"ef8321d8":6,"ec2cb1af":6,"a77e8461":4,"eafbf9fb":8,"1e232870":6,"145c7559":9,"a836aa93":2,"704bce0d":4,"e1618359":9,"d70ca4f4":11,"06ee61b6":6,"ca7d47f7":6,"b7505747":8,"93683c82":8,"9316e7e8":4,"fce3c5c6":5,"3f65f121":7,"2dda3936":6,"49910300":6,"7732eb1e":12,"0114160e":9,"bbe71605":8,"03c398d2":4,"a24e6670":6,"4ff2225d":6,"2203f259":4,"73b15e04":4,"742f1425":8,"437fc3ec":12,"dd1fcb17":3,"016953e4":5,"e238f09b":8,"4b4ef7fa":5,"5270f158":5,"946df4fd":5,"dc583e64":2,"bfcb912a":5,"36684155":4,"d6d61bfc":7,"e15fd611":4,"394dc144":8,"7af9d3b1":0,"2b3e4717":7,"31f6ba51":4,"449d8475":11,"aa9ea5e8":3,"48efc739":8,"77f31bab":10,"9f5e6cba":7,"081460bf":6,"290b4714":8,"dffa7793":3,"ad2d7bed":7,"16b476e9":6,"abad2347":10,"6b82b527":4,"d3a669ac":9,"21ad2f34":3,"d0c104c4":7,"b5ce0c0c":11,"655941a0":8,"44ff8baa":8,"14c682eb":6,"efd23af5":7,"2045d7d6":12,"142d6987":8,"5fa12feb":5,"f4343817":6,"c650b434":12,"a625328f":7,"7e991ab9":5,"911e770b":5,"e58b26f6":6,"2d13e69b":5,"c793cdda":9,"cd95f558":5,"36fb15d2":3,"761cf820":3,"ea274174":6,"0cb80f4a":8,"d0b297b2":6,"95539a58":2,"abd32136":6,"d4ee22a4":9,"93b9fae6":2,"9b546d65":4,"f1df62b4":5,"0785820e":8,"2bcca6a7":10,"8f10fa42":9,"53b4e647":9,"1bc0591f":6,"7bda83dd":5,"a66a2d8a":7,"ec11fe5f":10,"ae016053":6,"0a1d11e6":8,"731fc335":5,"a472532e":5,"0a92153e":9,"1a2c020b":13,"f2086446":3,"0da28f5b":7,"30dd2edc":9,"d3e84616":7,"2cb29e5a":6,"a77e8461":5,"f2ca27d9":3,"6143f39d":3,"bc021def":6,"7ae3fc50":7,"bbe71605":9,"e0f7679f":10,"e7e82473":13,"45fb95c1":8,"71bc1295":6,"1da771fb":4,"6d802fa2":8,"f1098793":5,"d1676e89":4,"24d24fa3":4,"59431390":9,"c564e316":5,"c27969ec":7,"26009d3f":5,"8274885a":6,"35b58ef9":5,"a40846b7":11,"742f1425":9,"5781776a":6,"c6e3d352":4,"695a2b92":4,"aec4e1bf":10,"288a2c43":7,"8a52882e":10,"77f31bab":11,"b7cc7909":6,"32133249":9,"0f1ac912":1,"e9a8cf11":9,"a1921150":10,"181c3dd5":5,"394dc144":9,"50d129cf":5,"dc473de1":5,"a983a6dc":7,"ec110282":5,"537634c9":5,"b2cfdbcf":6,"67d30f2b":12,"00cf385d":6,"d39724bc":7,"b0869206":3,"730a4938":12,"d815c5b4":7,"e0e48a2d":7,"80a8a56d":6,"6f81493d":11,"c2bb8aae":6,"168e75d9":4,"44c77422":8,"d141db49":6,"1a2ec5d7":10,"5e193fc8":6,"37a7d5b0":8,"1f11812e":4,"0841052c":4,"7e76c93c":5,"ab7467de":7,"2045d7d6":13,"c3e6ef01":7,"20777945":3,"7e8e1c3d":6,"467773ac":6,"df2b4d87":7,"da3437cd":5,"5f620a1e":5,"c8dc010f":5,"f9f2c53f":3,"44ff8baa":9,"2d13e69b":6,"272c7672":9,"39ba00f0":5,"36fb15d2":4,"b35e9e1a":8,"1ff8c2fc":11,"c7c4ec5c":8,"84b767be":10,"f069bb07":7,"0fc5ac7e":12,"ef1c2dcb":6,"af7e5be8":11,"d5059415":7,"385ab7c6":8,"0d7d88f1":4,"ba938220":3,"f1df62b4":6,"a06a6430":7,"fee32863":4,"478d2d4f":5,"8f10fa42":10,"78467b8a":9,"e5b1abc6":8,"733c86f8":6,"50b558a7":6,"696fdac5":7,"6d339d45":10,"6de0aaac":5,"53a8613c":5,"8cc4a982":6,"01d817b8":9,"9de29816":7,"358e45b1":6,"b8397293":2,"92d38723":7,"4945c851":11,"b36a0d66":4,"49910300":7,"d6db2b02":3,"a6bcb07e":8,"27f52ed3":9,"56752a4a":5,"e8f173b5":8,"6b79fec2":8,"73b15e04":5,"3f2522c2":6,"de36827b":8,"a43061ee":8,"c318d350":5,"95d3d348":3,"d8475b95":7,"971675c5":4,"b7df1559":7,"804d4dfa":7,"1951480c":9,"ae8a09c4":9,"416a9e97":8,"71279c46":4,"aff8e442":9,"76f3a3be":3,"9d63c4dd":8,"8cddb65e":8,"c67979e6":10,"61d4782d":6,"6adce358":9,"71a2a493":8,"0f1ac912":2,"64db4feb":4,"449d8475":12,"25d1b2d8":6,"5eaa1581":6,"a5676c24":7,"537634c9":6,"42cd2360":4,"5ef93e5d":6,"a851891c":3,"abc1d7ad":11,"00a481e3":13,"bd2705b0":7,"f56ac638":4,"4258c176":8,"87c462ee":5,"3b2dee89":6,"04cc7cbe":6,"7fef9973":7,"4b4ecbce":8,"b3863630":4,"79f04300":4,"6fb4cdda":4,"20e470e0":7,"754f98c9":4,"5ccf94d6":10,"1623fc9f":3,"c0fea118":8,"906632cb":6,"859545e6":6,"259930ee":5,"1a2ec5d7":11,"026766f3":5,"24ffcbd3":9,"daab45c6":8,"4577b333":7,"201cafad":6,"31408822":5,"7be025ce":5,"85de05f2":4,"f1b493de":7,"e1f0dbfd":7,"c015ec5a":5,"07107f6e":10,"ded7da5a":5,"ecfa8249":7,"1b153aef":7
1604737418200,"aec074c4":11,"730338c4":9,"284544ba":4,"88b3bc99":4,"8cd78f77":12,"de6213c7":16,"508aac3d":4,"00a17b46":7,"053f3451":5,"43d87483":3,"cb142908":8,"d5059415":8,"0bfabf48":9,"82204d54":8,"7e95c5a0":10,"fef750ca":8,"30c184b8":10,"e35a63cd":11,"92ca52b7":8,"945b63f0":6,"d3e84616":8,"6f0fcb9d":9,"5f8517b7":8,"f9c15fcc":3,"792c9b6a":9,"8f2a7d69":6,"554ebb83":6,"6d802fa2":9,"54a676d6":4,"59431390":10,"d9dcdc4b":7,"4b3e3b1c":3,"6b79fec2":9,"a0b03218":13,"26009d3f":6,"b769bdfb":3,"b6aaf976":9,"a24e6670":7,"dd1fcb17":4,"f6fe095d":10,"5623817d":5,"baebb391":6,"26f99a1e":4,"73b15e04":6,"5270f158":6,"27c8e038":8,"0eaf08da":9,"2203f259":5,"f87c5031":4,"08c6b5d2":3,"12012fbd":9,"4469c815":1,"f5596d0f":7,"76f3a3be":4,"227006e4":4,"31d74eee":2,"77f31bab":12,"13747b82":7,"a939b50b":8,"9f5e6cba":8,"dc473de1":6,"527ff946":11,"7fdc2007":7,"2a4a402a":5,"db8ba455":7,"f905a555":6,"ae016053":7,"012de09c":5,"65e4235b":9,"56473430":7,"a5676c24":8,"37d0cae2":4,"79be29c8":5,"5acce642":8,"51a3e9c2":6,"88ce179e":8,"91b28f83":4,"bf30a08f":5,"0681c48e":8,"36684155":5,"6632fed0":9,"b8ab8e6e":10,"4ed01268":7,"53431634":9,"80a8a56d":7,"1a68160d":4,"f121b82c":8,"77300e4a":5,"902f49f5":5,"3b690f68":4,"a4296d1e":6,"2045d7d6":14,"e1618359":10,"0841052c":5,"4777334c":4,"19e9776f":8,"ba30e43a":12,"430a5db5":8,"e21c6207":5,"0f029727":8,"30fdcd3b":10,"e2a7d915":7,"d9d7c4c2":8,"f883d582":5,"07107f6e":11,"ea6de194":5,"3ef7432b":9,"ab7467de":8,"a81a857c":6,"25e0dd3d":9,"f4343817":7,"d744bee2":5,"a625328f":8,"911e770b":6,"fd369c21":10,"084cbc0b":6,"c0e2624b":5,"ef1c2dcb":7,"abd32136":7,"76f94eda":5,"d83294cd":4,"95539a58":3,"d2466211":8,"288afc30":6,"50312237":11,"5ee911b5":8,"8d000d6e":5,"31f6d707":3,"7a6aa4b6":7,"332820ce":5,"8d753bb6":5,"8aa78e2f":7,"a8871ddf":9,"d9dcdc4b":8,"1138796e":7,"2203f259":6,"ae8a09c4":10,"b552beb3":9,"6b79fec2":10,"b6aaf976":10,"45fb95c1":9,"83086d4c":4,"d8475b95":8,"d599b566":14,"4cc141fa":4,"49902219":10,"6d5fcd4c":4,"865d9857":6,"fd6dcb20":1,"6143f39d":4,"eafbf9fb":9,"1d153b20":8,"1105f790":8,"9aa6a054":7,"b87158fb":5,"7fb4c521":9,"4c0e547b":4,"a8c93bed":5,"8063df14":10,"be3a10f8":6,"f2e3c0e3":2,"c91966ce":2,"d9d0c567":6,"2c6cb96f":5,"71e53c93":8,"4bc46d7a":7,"db8ba455":8,"1a442bc7":8,"2dd0e808":8,"9cb4697f":7,"d1d40c9c":8,"a6b5e869":5,"1c0a9eff":5,"bd2705b0":8,"ea4d3f3e":7,"32133249":10,"bfcb912a":6,"c6c85783":7,"47cfba38":5,"cf775f58":7,"f94bf9ea":1,"84369269":3,"0f1ac912":3,"031e488e":7,"68562193":3,"39a2fcce":11,"36b7003c":9,"64db4feb":5,"37fbb107":9,"a836aa93":3,"501db4de":7,"b2c25d1c":10,"20e470e0":8,"f33c0140":7,"a4f1d83b":6,"9267f0ef":9,"dae0f922":10,"e1618359":11,"638cb163":9,"30fdcd3b":11,"4777334c":5,"c21ab51e":5,"5ab7bc35":6,"059d6c19":7,"110b1ee3":8,"dac109cf":10,"8f9b74b0":4,"e2a7d915":8,"e3547548":2,"db703021":3,"92f800f5":4,"7d112f4d":9,"0149e11a":4,"e5d3655c":7,"bc09fa9e":6,"85de05f2":5,"debe1f65":8,"3a204e56":7,"64a7f79f":3,"c318d350":6,"23080895":6,"0f72f2d8":7,"3e082b37":9,"aec074c4":12,"70bc8325":5,"f4726450":7,"43d87483":4,"2a06ab95":5,"084cbc0b":7,"92efd84f":10,"50c3164b":9,"1b153aef":8,"08a4c3f8":9,"4ea4a2a1":10,"fa55f27a":5,"408bb2ed":6,"d33790a2":10,"45b038bb":7,"a3d4a0e5":7,"cf84fb54":9,"4ff2225d":7,"b552beb3":10,"ce4da56f":4,"8d753bb6":6,"558d5ce7":7,"546f6845":6,"9c045c61":9,"18815a1b":5,"3661e12d":8,"76f94eda":6,"9496f56f":9,"4f59a322":6,"53b4e647":10,"82204d54":9,"91536e85":6,"afe8e06a":8,"ef91eaae":6,"9a3ab0b8":3,"7fdc2007":8,"fef750ca":9,"c6dc900c":6,"fead11cf":5,"2dd0e808":9,"0a1d11e6":9,"3a291497":5,"313258f2":7,"a472532e":6,"1d44aff3":3,"f3a0c2ee":4,"0d770b97":10,"677c6a09":13,"d1d40c9c":9,"9cb4697f":8,"bb00e71c":4,"3b2dee89":7,"00cf385d":7,"b946e146":7,"9a467a82":8,"76f3a3be":5,"23760167":3,"64db4feb":6,"1d790491":7,"815e4582":5,"6df0b2e8":11,"faf3ed07":12,"8d04852b":7,"b215547b":4,"470d50c2":6,"36380d96":5,"f598a332":12,"381c68fa":16,"cb51f134":6,"e1618359":12,"751acea8":5,"ce3bf5db":9,"8942c35b":4,"4777334c":6,"145c7559":10,"e5d3655c":8,"58d46189":3,"638cb163":10,"4360a1a3":8,"5fa12feb":6,"e2a7d915":9,"c3e6ef01":8,"ea6de194":6,"c455f40e":5,"c015ec5a":6,"db703021":4,"79e4fa1c":5,"ffc86f94":6,"93e8cee5":8,"92136ff5":5,"bfad1727":8,"5d087c79":5,"72805bf5":10,"8ec3834d":2,"2ab62345":6,"66d94227":3,"7af9d3b1":1,"b2bd8fd3":5,"263762cb":7,"e8d74304":8,"0b3283c9":6,"0b5a0408":7,"a0b03218":14,"095ab3b4":5,"baebb391":7,"8dc9b4db":8,"c0b7e7d7":8,"6ebe2354":3,"836701f6":7,"946df4fd":6,"a636f4c9":10,"6ce84ff8":5,"26c390d6":5,"884b0ad1":5,"b5763ff6":6,"aaa274a5":6,"84b767be":11,"778c95e9":5,"af0b61ab":8,"9263c525":13,"1ff8c2fc":12,"379184a7":10,"fa55f27a":6,"00554ffd":8,"b2a8761b":8,"f9c15fcc":4,"95f6db13":4,"4945c851":12,"6cba74ce":4,"7218c9f1":8,"621d6b18":9,"82204d54":10,"d4ee22a4":10,"cd522166":12,"d5059415":9,"2a4a402a":6,"93b9fae6":3,"a567ace4":6,"05f6ab35":9,"8ac72326":9,"6f39f4d9":10,"9b546d65":5,"4abb7aed":3,"69eeae0d":8,"f67de058":8,"3c0df8b4":10,"a5676c24":9,"5f0c1b9d":10,"91f7ef72":8,"d929098e":4,"2dd0e808":10,"bb00e71c":5,"d1d40c9c":10,"a502c93c":9,"8cc4a982":7,"8dd2684c":5,"49902219":11,"f2f58418":3,"b946e146":8,"08c6b5d2":4,"470d50c2":7,"8e780922":11,"501db4de":8,"754f98c9":5,"30d84dce":7,"1a68160d":5,"5cd3cfe0":5,"df2b4d87":8,"f883d582":6,"2e3503e4":14,"1623fc9f":4,"8db62558":7,"4b4ecbce":9,"ba30e43a":13,"0841052c":6,"261c9911":6,"aa021138":11,"db703021":5,"feb67030":8,"0b959527":6,"0d5ee801":7,"7d112f4d":10,"92f800f5":5,"a851554d":7,"37a7d5b0":9,"40e79dd3":7,"a0cca8b7":2,"be149c6f":9,"84369269":4,"66d94227":4,"9b3f8714":4,"5a0eb771":6,"64db4feb":7,"50d129cf":6,"deb31f35":6,"a47abfbb":7,"ce3407dd":10,"d5557fb4":6,"57d5dee8":10,"5f7d7195":8,"13747b82":8,"868edcc0":6,"a636f4c9":11,"73b15e04":7,"e45b4b53":1,"6291e9e9":6,"0b3283c9":7,"1138796e":8,"4b4ef7fa":6,"bbe71605":10,"d599b566":15,"ad8f85d6":8,"0d2c95fe":8,"c318d350":7,"ac62fac2":5,"09f0db62":12,"e6fac295":6,"a58bf525":10,"2198ba8e":5,"19f9ca86":9,"4258c176":9,"bf30a08f":6,"6841f77e":6,"ef1c2dcb":8,"22234d6b":4,"3062379b":7,"88b3bc99":5,"2d13e69b":7,"bc09fa9e":7,"fb7482fe":4,"778c95e9":6,"1b153aef":9,"a533489b":8,"4ba6eb36":9,"cd95f558":6,"00554ffd":9,"6f0fcb9d":10,"c4aa1e38":3,"6a60348e":8,"869cbaa0":8,"0d28db94":3,"8fb236a9":7,"4c0e547b":5,"7e95c5a0":11,"0e2b5d2f":10,"e28c2efc":8,"c803b4a3":4,"fead11cf":6,"0042f6eb":13,"ba938220":4,"7bda83dd":6,"6a7392d5":10,"a59a8290":11,"65e4235b":10,"95904ac4":10,"cf1b8c47":6,"f905a555":7,"a851891c":4,"175bc6b2":5,"d3e84616":9,"bb99c79c":8,"7d6895f4":3,"21ee2afe":9,"4469c815":2,"685207b3":6,"a836aa93":4,"f598a332":13,"c7313e0a":4,"c5b35e4d":4,"efe84c27":6,"655941a0":9,"d548635d":4,"4c39240e":9,"8db62558":8,"49b358bd":7,"56d315d8":8,"a33fe0dd":14,"dae0f922":11,"b7505747":9,"d2a841c9":8,"cf775f58":8,"71279c46":5,"1b881e6e":8,"5e09f69e":9,"6df0b2e8":12,"bad1a1cc":7,"c64de0c0":4,"1a0189c4":6,"5ac86fb9":5,"842c8340":6,"1db42092":9,"e7e82473":14,"868edcc0":7,"ad8f85d6":9,"1138796e":9,"11888cfa":3,"b6aaf976":11,"ce4da56f":5,"8274885a":7,"458dcc3d":10,"12271e14":6,"c318d350":8,"3a204e56":8,"ac62fac2":6,"8e4c33d2":9,"03dcfa3d":8,"01cd8099":6,"26f99a1e":5,"0b3283c9":8,"c564e316":6,"44a4f7cd":2,"3c18f28e":8,"2a387957":9,"9f5e6cba":9,"1c0a9eff":6,"f789f6d8":8,"d4d5f466":7,"43bc86e3":10,"87c462ee":6,"e0e48a2d":8,"9cb4697f":9,"abad2347":11,"290b4714":9,"284544ba":5,"aaa274a5":7,"6a3eaf43":6,"d0c104c4":8,"e1f0dbfd":8,"e3547548":3,"f4634d0b":9,"d141db49":7,"f734c84c":6,"66497c7e":5,"3b7763b1":5,"5f620a1e":6,"5a622a23":10,"a851554d":8,"7bebff03":6,"9a80f004":10,"c0e2624b":6,"98915a1f":10,"272c7672":10,"2d13e69b":8,"6f0fcb9d":11,"b377a62a":5,"cfe72ead":4,"9263c525":14,"67f6e4f2":5,"06073f13":8,"40569362":8,"43d87483":5,"8ac72326":10,"d83294cd":5,"82204d54":11,"bd62d7ed":6,"6a5b71b4":6,"afe8e06a":9,"1dad0f99":8,"e57d5cda":13,"8007f30e":6,"2a76f1dd":7,"0d7d88f1":5,"cd522166":13,"a59a8290":12,"fafb4cc2":8,"dc03ebd2":8,"e865e4dd":5,"cf1b8c47":7,"8e780922":12,"36380d96":6,"4e3f5178":8,"d34a29b9":11,"501db4de":9,"c4feee5b":5,"3661e12d":9,"9de29816":8,"f2ca27d9":4,"fd6dcb20":2,"140ce69e":11,"b9a48a5c":7,"bb99c79c":9,"72805bf5":11,"527ff946":12,"07fc4a9a":8,"0be540c5":5,"88a30343":13,"b2703001":6,"6c73ae98":7,"6a60348e":9,"cbad3b92":9,"a3d4a0e5":8,"b6aaf976":12,"39bbc4bc":10,"792cfcbd":5,"095ab3b4":6,"a0bc1ceb":6,"e238f09b":9,"a0b03218":15,"27f52ed3":10,"6ebe2354":4,"c6e3d352":5,"c95719e5":4,"f1dffa24":3,"004f1ef3":4,"aa9ea5e8":4,"97e75c19":5,"725dce8b":8,"7e15f8e8":7,"540df50f":8,"23760167":4,"ccf8b803":6,"bfcb912a":7,"6df0b2e8":13,"e99318a3":9,"9ceb5439":2,"7af9d3b1":2,"a5676c24":10,"195eb771":6,"5f0c1b9d":11,"1bb4ccc0":5,"b3f19a69":10,"d1d40c9c":11,"d815c5b4":8,"7735c3c2":8,"e6ec8cbf":9,"20811ddf":7,"e1618359":13,"75ffea08":4,"8942c35b":5,"9e65c0ef":9,"74f234c6":14,"ca6d2d91":8,"df2b4d87":9,"059d6c19":8,"7b6a7048":5,"b7505747":10,"da3437cd":6,"381c68fa":17,"62d1d346":5,"bc09fa9e":8,"93683c82":9,"88fa53d6":4,"44ff8baa":10,"c8977844":6,"49b358bd":8,"efd23af5":8,"7bebff03":7,"bfad1727":9,"98915a1f":11,"911e770b":7,"8cd78f77":13,"4bcd4a30":8,"84b767be":12
1604737419272,"ea822700":6,"aaa274a5":8,"d0b297b2":7,"08a4c3f8":10,"9263c525":15,"c7c4ec5c":9,"8245f916":9,"f9c15fcc":5,"d33790a2":11,"43d87483":6,"9aa6a054":8,"91536e85":7,"82204d54":12,"7e95c5a0":12,"9a07d89b":5,"67c57de4":9,"ba5c52af":7,"e28c2efc":9,"733c86f8":7,"a06a6430":8,"11b2c8d9":4,"19551bad":6,"eb2e1983":7,"8547fbc2":13,"01d817b8":10,"30dd2edc":10,"ac38a6a5":7,"21ee2afe":10,"2cb29e5a":7,"7d6895f4":4,"59431390":11,"159ffd0b":1,"4945c851":13,"17b08923":6,"2d1e1e9d":7,"e36dfd6f":5,"e6fac295":7,"2cce4fb2":11,"a43061ee":9,"baebb391":8,"39bbc4bc":11,"aefe13f5":15,"a77e127d":6,"3c43e8a2":11,"d82592f4":3,"6b79fec2":11,"2d382981":11,"8e4c33d2":10,"0eaf08da":10,"c95719e5":5,"b935fc1c":9,"ed4fad08":8,"7af9d3b1":3,"e99318a3":10,"3a1d1632":7,"77bae750":4,"32133249":11,"7e15f8e8":8,"35aa7fd0":6,"66d94227":5,"74e3d13e":4,"8a52882e":11,"c64de0c0":5,"9d63c4dd":9,"cf775f58":9,"61145ec9":9,"a5fd8ffd":12,"fd482491":6,"43bc86e3":11,"71e53c93":9,"616d6dd6":10,"781ace7d":9,"1c0a9eff":7,"e0e48a2d":9,"6841f77e":7,"ba586505":6,"ea4d3f3e":8,"6b82b527":5,"e4117b3b":5,"685207b3":7,"34c5c729":8,"696fdac5":8,"dcf85091":6,"36380d96":7,"c0fea118":9,"e5d3655c":9,"430a5db5":9,"288d171f":3,"4279e829":6,"08a06557":13,"1a2ec5d7":12,"fbdffc95":6,"7e76c93c":6,"dbd2f139":7,"27d8bf51":9,"2ad42a9e":8,"30fdcd3b":12,"868cda42":6,"d141db49":8,"d634aa28":6,"77898c22":5,"7043382d":7,"a4f1d83b":7,"e2cbe594":6,"21e10a2b":9,"fb8bfb36":6,"4e5aaaec":3,"84b67924":6,"2f455cce":4,"5747db6e":6,"2a06ab95":6,"4ea4a2a1":11,"9260d96b":11,"379184a7":11,"c4aa1e38":4,"00554ffd":10,"67f6e4f2":6,"b5763ff6":7,"c0e2624b":7,"f069bb07":8,"ad303bda":8,"9fce073c":9,"e35a63cd":12,"d4ee22a4":11,"dc0c8b09":9,"d83294cd":6,"4c0e547b":6,"c510bfd3":7,"7a4c064c":9,"f1df62b4":7,"f2e3c0e3":3,"8547fbc2":14,"8cc4a982":8,"f2ca27d9":5,"82b81567":3,"a6bcb07e":9,"1db42092":10,"6d802fa2":10,"f277386e":3,"b2bd8fd3":6,"45fb95c1":10,"1f88a4b7":11,"b6aaf976":13,"3a204e56":9,"56752a4a":6,"bab97de3":11,"93ac9ca3":9,"3e602573":4,"312f7676":9,"d82592f4":4,"8dd649a3":5,"64a7f79f":4,"27f52ed3":11,"468fc85c":5,"09ff339a":5,"22ecaed0":6,"315537b2":9,"8dd2684c":6,"88432019":6,"60d6cee2":6,"081460bf":7,"f2364460":7,"35aa7fd0":7,"5957df9e":7,"bfcb912a":8,"aa9ea5e8":5,"c81b2bcf":5,"be3a10f8":7,"ae95f2ba":5,"2bcca6a7":11,"7ae34c64":10,"810aa5e9":2,"906fdec3":9,"74c26380":9,"83b2f9c5":9,"61145ec9":10,"fafb4cc2":9,"16b476e9":7,"37d0cae2":5,"ba586505":7,"abad2347":12,"bb00e71c":6,"20811ddf":8,"730a4938":13,"72805bf5":12,"1a0189c4":7,"4ed01268":8,"2ab62345":7,"6e98dfda":8,"97e75c19":6,"704bce0d":5,"1a2c020b":14,"36380d96":8,"5be594be":4,"df2b4d87":10,"0c043224":6,"77300e4a":6,"1623fc9f":5,"94a2fe10":6,"9267f0ef":10,"66497c7e":6,"5a622a23":11,"aa021138":12,"e21c6207":6,"104721f0":11,"638cb163":11,"40a745c0":8,"b5ce0c0c":12,"9a80f004":11,"1f11812e":5,"c3e6ef01":9,"fbdffc95":7,"5fa12feb":7,"24ffcbd3":10,"8ea21393":6,"db703021":6,"2209903e":7,"201cafad":7,"578f6e9e":6,"5ee911b5":9,"9e878ec2":11,"358e45b1":7,"26c390d6":6,"b7832271":6,"911e770b":8,"2a06ab95":7,"508aac3d":5,"98915a1f":12,"4bcd4a30":9,"7a4c064c":10,"abd32136":8,"77bfed7e":13,"92ca52b7":9,"6d339d45":11,"558d5ce7":8,"8245f916":10,"b2a8761b":9,"7ae3fc50":8,"b7407bd3":13,"8298e976":11,"3310a049":9,"013ee301":4,"d9dcdc4b":9,"c609739e":10,"6c73ae98":8,"f1098793":6,"d36125db":9,"2203f259":7,"812b4f15":9,"0d2c95fe":9,"f1dffa24":4,"aa00769b":9,"b7df1559":8,"c0b7e7d7":9,"a636f4c9":12,"6ce84ff8":6,"1c3a30c5":3,"5099c6a0":11,"836701f6":8,"c7ab83c1":2,"53a8613c":6,"315537b2":10,"546f6845":7,"2cb29e5a":8,"6df0b2e8":14,"a63bddd4":9,"dc473de1":7,"8b5a8e9f":10,"4d9b0b10":6,"b73e789c":6,"ec11fe5f":11,"ba938220":5,"13b53c7a":4,"eb2e1983":8,"faf4f98b":5,"dd3913d2":3,"c463799d":9,"91f7ef72":9,"65e4235b":11,"08a561b7":5,"a472532e":7,"abc1d7ad":12,"fd482491":7,"fe44fc6f":7,"ee75b607":5,"ee21ad02":11,"290b4714":10,"e6ec8cbf":10,"4652b09a":3,"93b0a158":4,"4258c176":10,"6e98dfda":9,"32133249":12,"aec4e1bf":11,"5f7d7195":9,"b3863630":5,"754f98c9":6,"f3992a31":6,"69d4b754":7,"62d1d346":6,"e0154608":5,"4777334c":7,"be2955bb":4,"65a00a3c":5,"751acea8":6,"719c8869":7,"5cd3cfe0":6,"5e193fc8":7,"51c57542":7,"d6f0d94a":4,"906632cb":7,"77898c22":6,"381c68fa":18,"ca7d47f7":7,"913a6226":5,"0841052c":7,"e32524d6":8,"805534ac":11,"d70ca4f4":12,"d25e0f8d":8,"467773ac":7,"26dd2000":7,"c650b434":13,"44a4f7cd":3,"bb8a6337":5,"66d94227":6,"3c18f28e":9,"2b3e4717":8,"a1921150":11,"b7cc7909":7,"77f31bab":13,"ef1c2dcb":9,"dd7acb96":4,"2c627253":4,"0d2a1c58":1,"0fc5ac7e":13,"50c3164b":10,"730338c4":10,"8f2a7d69":7,"db0a661e":7,"3a1b9af5":5,"358e45b1":8,"336d0f08":7,"554ebb83":7,"b4fdf90e":7,"1138796e":10,"28d41578":2,"b2703001":7,"71bc1295":7,"f277386e":4,"e45b4b53":2,"03dcfa3d":9,"e0f7679f":11,"a40846b7":12,"217c0327":4,"57540cc3":6,"21ee2afe":11,"0277d748":12,"3f65f121":8,"315537b2":11,"9e206c95":8,"abd32136":9,"55928ef1":9,"053f3451":6,"20958d58":5,"7fb4c521":10,"b87158fb":6,"0bfabf48":10,"91536e85":8,"70ee0491":4,"e28c2efc":10,"1105f790":9,"dd3913d2":4,"8fb236a9":8,"537634c9":7,"19551bad":7,"95904ac4":11,"d5dae4c4":7,"42cd2360":5,"313258f2":8,"2882a956":7,"2c6cb96f":6,"dffa7793":4,"dd035d2a":4,"aa187e3b":7,"cb4f262b":7,"6841f77e":8,"3c18f28e":10,"60d6cee2":7,"b230e8d3":11,"2b3e4717":9,"8cddb65e":9,"d5557fb4":7,"181c3dd5":6,"b8ab8e6e":11,"97e75c19":7,"dc473de1":8,"b7cc7909":8,"48efc739":9,"696fdac5":9,"4e3f5178":9,"f2086446":4,"e786063b":5,"f598a332":14,"dbd2f139":8,"c0b0f492":11,"be2955bb":5,"168e75d9":5,"4279e829":7,"3ef7432b":10,"2af60749":6,"5be594be":5,"07107f6e":12,"74f234c6":15,"dac109cf":11,"df81ddee":6,"c4e70c07":4,"ddec9e54":4,"92f800f5":6,"261c9911":7,"0c043224":7,"8ea21393":7,"ffc86f94":7,"3b690f68":5,"92136ff5":6,"be40590d":7,"25e0dd3d":10,"b88033fd":7,"9d63c4dd":10,"cac4449a":8,"fb7b7b3c":13,"868edcc0":8,"a0bc1ceb":7,"411b5027":7,"d599b566":16,"c609739e":11,"26f99a1e":6,"2d382981":12,"e7773397":7,"578f6e9e":7,"ae8a09c4":11,"7ee7621c":7,"677c6a09":14,"2180f99b":7,"911e770b":9,"9ab755d3":6,"84b67924":7,"e58b26f6":7,"fb7482fe":5,"bca2d7cd":4,"92d38723":8,"9260d96b":12,"d102b0c6":4,"cfe72ead":5,"f1862e79":7,"b35e9e1a":9,"0cb80f4a":9,"868edcc0":9,"a6bcb07e":10,"17b08923":7,"b2703001":8,"fb44fa9c":7,"3e602573":5,"f5596d0f":8,"0277d748":13,"f1df62b4":8,"9496f56f":10,"9fce073c":10,"a06a6430":9,"9c29f0ed":12,"25a2844e":10,"50c468ba":5,"fead11cf":7,"f67de058":9,"cb142908":9,"b102f7bd":8,"dc0c8b09":10,"c6dc900c":7,"e35a63cd":13,"da04caac":8,"8a165e17":6,"7ae34c64":11,"d8e58a8c":11,"d5dae4c4":8,"7c0a2db6":13,"04bef50c":4,"be4f8ba8":9,"945b63f0":7,"315537b2":12,"d6320619":5,"25a7a0a3":11,"4125085e":10,"7af9d3b1":4,"57d5dee8":11,"7f86be64":9,"be2955bb":6,"69134f07":5,"104721f0":12,"e786063b":6,"cc11fef9":3,"92136ff5":7,"c455f40e":6,"972f4174":4,"d634aa28":7,"638cb163":12,"ba30e43a":14,"70594a28":3,"1a68160d":6,"dae0f922":12,"381c68fa":19,"df81ddee":7,"cc6bbe45":6,"c4feee5b":6,"547903ef":14,"94a2fe10":7,"9bdf362a":3,"110b1ee3":9,"04ea5673":9,"3ef7432b":11,"dc473de1":9,"d5557fb4":8,"9b3f8714":5,"99e171db":7,"24a9fb86":11,"5957df9e":8,"6867261a":8,"449d8475":13,"088feee2":7,"815e4582":6,"1d790491":8,"e7e82473":15,"e45b4b53":3,"c27969ec":8,"39bbc4bc":12,"045f280d":6,"458dcc3d":11,"5623817d":6,"8eb64769":6,"5270f158":7,"cbad3b92":10,"b7df1559":9,"317c1591":6,"12a2cd4b":5,"22aeaf03":7,"25635c37":9,"28654c76":10,"a502c93c":10,"6841f77e":9,"ae99df30":4,"37d0cae2":6,"7fef9973":8,"00cf385d":8,"4bcd4a30":10,"2c01e624":8,"5747db6e":7,"84b67924":8,"cbb54a0a":4,"a8726d50":9,"d25e0f8d":9,"c015ec5a":7,"8657c79d":13,"eb7b4e29":7,"608bc832":5,"9260d96b":13,"8493f3b2":6,"b7407bd3":14,"00554ffd":11,"288afc30":7,"8323d333":9,"f044c0e1":6,"013ee301":5,"d2466211":9,"597c1f81":5,"7218c9f1":9,"619fda68":7,"92ca52b7":10,"c463799d":10,"9aa6a054":9,"0785820e":9,"b102f7bd":9,"e5b1abc6":9,"faf4f98b":6,"4c0e547b":7,"33d6bb6a":8,"a8c93bed":6,"a472532e":8,"906fdec3":10,"7896b953":6,"08a561b7":6,"b9a48a5c":8,"a63bddd4":10,"30dd2edc":11,"6d5fcd4c":5,"f3d68430":14,"f2ca27d9":6,"0e036ae9":8,"9267f0ef":11,"dcf85091":7,"7f86be64":10,"f76a3e83":6,"75ffea08":5,"efe84c27":7,"a3253019":12,"2af60749":7,"4b4ecbce":10,"ba30e43a":15,"92136ff5":8,"30d84dce":8,"30c5d755":11,"4eed1bea":8,"66b7b5b4":8,"719c8869":8,"0ecfa1c9":11,"6df0b2e8":15,"71a2a493":9,"7af9d3b1":5,"8d04852b":8,"faf3ed07":13,"227006e4":5,"288a2c43":8,"50d129cf":7,"a1921150":12,"48efc739":10,"23760167":5,"1d790491":9,"bda8cdfb":9,"4945c851":14,"d6db2b02":4,"1138796e":11,"b552beb3":11,"d9dcdc4b":10,"2198ba8e":6,"946df4fd":7,"09ff339a":6,"6b79fec2":12,"04612878":6,"fe1d4419":11,"bad6cdb1":12,"4b4ef7fa":7,"d1676e89":5,"64a7f79f":5,"578f6e9e":8,"5b60dd1d":6,"a543ec74":6,"695a2b92":5,"d5dae4c4":9,"313258f2":9,"fafb4cc2":10,"935ec056":5,"9d4f1fe6":9,"88ce179e":9,"bec9d329":10,"a502c93c":11,"677c6a09":15,"16b476e9":8,"2180f99b":8,"7028b044":4,"2d54e0a8":6,"c455f40e":7,"7cd0ad7b":7,"92f800f5":7,"40a745c0":9,"8ea21393":8,"859545e6":7,"5fa12feb":8,"74f234c6":16,"58d46189":4,"6490bac6":9,"3b690f68":6,"3b7763b1":6,"884b0ad1":6,"e58b26f6":8,"fd07e0ed":7,"284544ba":6,"40569362":9,"3a1b9af5":6,"fe0df575":8,"6f0fcb9d":12,"f9c15fcc":6,"ef16ca37":6,"de11eb19":14,"619fda68":8,"87cd2add":8,"6f39f4d9":11,"6a5b71b4":7,"e28c2efc":11,"cfafcda8":6,"478d2d4f":6,"621d6b18":10,"8b5a8e9f":11,"2ce1af05":4,"9b546d65":6,"9a3ab0b8":4,"05f6ab35":10,"dc0c8b09":11,"b946e146":9,"bb99c79c":10,"f121b82c":9,"a4296d1e":7,"fe578280":11,"704bce0d":6,"b3863630":6,"08a06557":14,"6cba74ce":5,"a77e8461":6,"22176537":5,"b9a48a5c":9,"3454fa2b":9,"5774ac0d":5
1604737420120,"e8f173b5":9,"bbe71605":11,"6db0ea86":7,"f277386e":5,"d36125db":10,"792cfcbd":6,"d9dcdc4b":11,"ac62fac2":7,"27f52ed3":12,"cf52025e":6,"1f88a4b7":12,"f5cd79c1":8,"01cd8099":7,"83086d4c":5,"eed20185":9,"fb7b7b3c":14,"5b60dd1d":7,"cbad3b92":11,"a40846b7":13,"4b4ef7fa":8,"a77e127d":7,"ea274174":7,"34658473":2,"8493f3b2":7,"f9c15fcc":7,"06073f13":9,"a533489b":9,"82b81567":4,"345c9967":9,"ef8987d7":14,"d9a64845":6,"28654c76":11,"c91966ce":3,"a0cf08b3":4,"f3a0c2ee":5,"37d0cae2":7,"d39724bc":8,"e4117b3b":6,"91b28f83":5,"aa187e3b":8,"b0869206":4,"e382ec3f":3,"4b3e3b1c":4,"6db0ea86":8,"bab97de3":12,"4945c851":15,"8b2b601d":8,"0eaf08da":11,"820225e4":3,"74e01f6a":7,"1438fad7":6,"792cfcbd":7,"971675c5":5,"2c5c1dc0":7,"b2bd8fd3":7,"bad6cdb1":13,"60e855ee":9,"87ce8d1d":3,"8274885a":8,"26f99a1e":7,"03dcfa3d":10,"1951480c":10,"3a204e56":10,"acac14fb":5,"7be025ce":6,"1623fc9f":6,"9267f0ef":12,"b6ee137a":5,"cc11fef9":4,"d6f0d94a":5,"92136ff5":9,"e3547548":4,"6f81493d":12,"7d112f4d":11,"24ffcbd3":11,"430a5db5":10,"21ad2f34":4,"cc6bbe45":7,"d634aa28":8,"201cafad":8,"751bcf25":10,"debe1f65":9,"8ea21393":9,"c3e6ef01":10,"b6591e25":6,"7a4c064c":11,"4d9b0b10":7,"9c29f0ed":13,"a85d89cc":9,"c8113b77":9,"82204d54":13,"753ca352":4,"dc0c8b09":12,"b102f7bd":10,"053f3451":7,"a59a8290":13,"bd984a8e":5,"4f5e3e7d":6,"358e45b1":9,"3652bd66":11,"08a4c3f8":11,"31f6d707":4,"9e878ec2":12,"5f8517b7":9,"78467b8a":10,"c6dc900c":8,"8b5a8e9f":12,"61145ec9":11,"00a481e3":14,"fe44fc6f":8,"731fc335":6,"b2cfdbcf":7,"8db5a165":5,"f789f6d8":9,"1757a30e":10,"abad2347":13,"d1d40c9c":12,"4258c176":11,"7735c3c2":9,"67d30f2b":13,"cb4f262b":8,"9b3f8714":6,"5f6613c8":7,"6867261a":9,"1b881e6e":9,"17446892":6,"36b7003c":10,"24a9fb86":12,"7af9d3b1":6,"a939b50b":9,"e15fd611":5,"91d52a55":6,"d5557fb4":9,"bad1a1cc":8,"70c1e715":6,"1f342a00":5,"59431390":12,"11888cfa":4,"2d1e1e9d":8,"6d802fa2":11,"6291e9e9":7,"489a39f7":4,"1f88a4b7":13,"064a99c8":7,"1951480c":11,"2198ba8e":7,"971675c5":6,"e7773397":8,"e6fac295":8,"4b4ef7fa":9,"8dd649a3":6,"6be9332a":8,"3712c4bd":7,"016953e4":6,"74e01f6a":8,"dbc9df44":4,"1247fa52":10,"2af60749":8,"69134f07":6,"9bdf362a":4,"c4feee5b":7,"259930ee":6,"acac14fb":6,"cc6bbe45":8,"e7abc88d":4,"ddec9e54":5,"f734c84c":7,"e2a7d915":10,"d141db49":9,"cd3bbe7e":9,"f1b493de":8,"d6f0d94a":6,"92136ff5":10,"dae0f922":13,"b320feb9":3,"cd421290":9,"b6591e25":7,"bfad1727":10,"059d6c19":9,"70594a28":4,"9d4da635":6,"daab45c6":9,"aa00769b":10,"437fc3ec":13,"2ce1af05":5,"0d7d88f1":6,"4d9b0b10":8,"de6213c7":17,"88b3bc99":6,"383e232d":5,"2a06ab95":8,"eb7b4e29":8,"eeaa2d46":6,"d3e84616":10,"fd6dcb20":3,"a77e8461":7,"f87c5031":5,"18815a1b":6,"332820ce":6,"36fb15d2":5,"c4aa1e38":5,"b4fdf90e":8,"f1862e79":8,"e0e6a097":7,"358e45b1":10,"7fb4c521":11,"2352c8ef":6,"8fb236a9":9,"478d2d4f":7,"30b6808c":6,"e4cfef0a":7,"a567ace4":7,"70ee0491":5,"8b5a8e9f":13,"6a7392d5":11,"a8c93bed":7,"dc03ebd2":9,"4abb7aed":4,"ef8987d7":15,"a15713c6":13,"f789f6d8":10,"a0cf08b3":5,"49cb2959":4,"ae99df30":5,"54d7de6b":15,"c0b23081":9,"e4117b3b":7,"f0a06216":10,"67d30f2b":14,"d4d5f466":8,"9e206c95":9,"03b4ab60":12,"a47abfbb":8,"deb31f35":7,"0681c48e":9,"31d74eee":3,"68562193":4,"48efc739":11,"8d04852b":9,"d5557fb4":10,"b7cc7909":9,"088feee2":8,"84369269":5,"5339e1e9":7,"ce3407dd":11,"0114160e":10,"d6db2b02":5,"69f3bfcc":9,"1f88a4b7":14,"e9679ede":6,"704bce0d":7,"04ea5673":10,"288d171f":4,"2045d7d6":15,"80a8a56d":8,"61f25dd4":9,"ba30e43a":16,"805534ac":12,"145c7559":11,"6e24d88b":5,"77898c22":7,"ca7d47f7":8,"30dbfc69":5,"69d4b754":8,"cc6bbe45":9,"547903ef":15,"259930ee":7,"d033db8d":6,"2209903e":8,"dbc9df44":5,"37a7d5b0":10,"0af920d8":5,"5a622a23":12,"07107f6e":13,"c3e6ef01":11,"53747a91":6,"8db62558":9,"95bc84f1":5,"a5aee5de":9,"489a39f7":5,"5099c6a0":12,"dfc89705":8,"045f280d":7,"82868763":7,"17807120":7,"f6fe095d":11,"c27969ec":9,"c564e316":7,"b460f030":6,"c609739e":12,"5270f158":8,"71bc1295":8,"b1f58563":6,"39bbc4bc":13,"26c390d6":7,"70bc8325":6,"8cd78f77":14,"9ab755d3":7,"de6213c7":18,"0fc5ac7e":14,"fd369c21":11,"9a467a82":9,"336d0f08":8,"d0b297b2":8,"ef16ca37":7,"332820ce":7,"f1862e79":9,"5acaa06f":4,"49bf2e95":3,"9496f56f":11,"6034b6d0":8,"d7cb9bcf":8,"0f89862c":4,"19551bad":8,"629800eb":10,"8063df14":11,"7a840529":2,"8007f30e":7,"0bfabf48":11,"7bda83dd":7,"ad303bda":9,"b102f7bd":11,"92ca52b7":11,"537634c9":8,"fe44fc6f":9,"d8e58a8c":12,"6023df54":1,"00a481e3":15,"8a165e17":7,"bc021def":7,"f87c5031":6,"18815a1b":7,"945b63f0":8,"51f57142":8,"4d35385e":4,"8d04852b":10,"5eaa1581":7,"2ab62345":8,"13747b82":9,"5774ac0d":6,"725dce8b":9,"cf775f58":10,"64db4feb":8,"7e15f8e8":9,"794f652b":6,"9d9dd9e5":5,"b88033fd":8,"a9b1bd51":8,"39a2fcce":12,"fb44fa9c":8,"8aa78e2f":8,"6db0ea86":9,"685207b3":8,"145c7559":12,"0da28f5b":8,"ccb5ea3e":5,"110b1ee3":10,"ca7d47f7":9,"0841052c":8,"4777334c":8,"25e0dd3d":11,"cb51f134":7,"9e65c0ef":10,"0c0e98ea":4,"8f9b74b0":5,"805af3c7":7,"40a745c0":10,"c85a0d80":6,"88fa53d6":5,"93e8cee5":9,"1a2ec5d7":13,"168e75d9":6,"aa021138":13,"b6591e25":8,"c45d554f":7,"f76a3e83":7,"0f029727":9,"31408822":6,"f9f2c53f":4,"3007f31f":3,"4ff2225d":8,"d6db2b02":6,"e81834aa":5,"a0bc1ceb":8,"411b5027":8,"c27969ec":10,"b7df1559":10,"6b79fec2":13,"f5cd79c1":9,"d8475b95":9,"5623817d":7,"87ce8d1d":4,"3f2522c2":7,"dd1fcb17":5,"4febf7c5":7,"c95719e5":6,"578f6e9e":9,"cb4f262b":9,"6e44927f":3,"93b0a158":5,"bec9d329":11,"a502c93c":12,"04cc7cbe":7,"1bb4ccc0":6,"ae99df30":6,"fe1d4419":12,"ea822700":7,"8cd78f77":15,"2180f99b":9,"4bcd4a30":11,"272c7672":11,"cbb54a0a":5,"9ab755d3":8,"31f6d707":5,"9260d96b":14,"cd95f558":7,"f7231212":4,"50c468ba":6,"d2466211":10,"6f39f4d9":12,"8b5a8e9f":14,"77bfed7e":14,"621d6b18":11,"55928ef1":10,"d4ee22a4":12,"78b97937":9,"fee32863":5,"f67de058":10,"f5e8dfee":10,"fead11cf":8,"5f96c2bc":4,"195eb771":7,"2dd0e808":11,"abc1d7ad":13,"ec110282":6,"5f0c1b9d":12,"34658473":3,"0cb80f4a":10,"22176537":6,"3661e12d":10,"53a8613c":7,"dfa1a89b":6,"bb99c79c":11,"3454fa2b":10,"25a7a0a3":12,"a1370ab0":3,"57d5dee8":12,"8cddb65e":10,"181c3dd5":7,"6df0b2e8":16,"1634789b":14,"5e09f69e":10,"cb6c9e42":12,"12534561":1,"2a387957":10,"c6c85783":8,"48efc739":12,"9d63c4dd":11,"f2364460":8,"8d000d6e":6,"8f2a7d69":8,"d548635d":5,"bd984a8e":6,"a577db1c":7,"8e780922":13,"0dad37d5":4,"df2b4d87":11,"72b84094":5,"77300e4a":7,"8942c35b":6,"ba30e43a":17,"8f9b74b0":6,"fce3c5c6":6,"1a68160d":7,"4dac6b20":7,"4279e829":8,"cd421290":10,"d70ca4f4":13,"53431634":10,"08a06557":15,"debe1f65":10,"180377be":2,"3fdb08f5":4,"ab7467de":9,"b6591e25":9,"0b959527":7,"61f25dd4":10,"f4343817":8,"0d5ee801":8,"a8871ddf":10,"6db0ea86":10,"3c782bb3":7,"411b5027":9,"90731976":2,"be1746a0":3,"d6db2b02":7,"0eaf08da":12,"0d2c95fe":10,"f1098793":7,"263762cb":8,"48655f09":5,"f1dffa24":5,"d5dae4c4":10,"5b5fc566":6,"6ee92259":7,"290b4714":11,"ad2d7bed":8,"e6ec8cbf":11,"67d30f2b":15,"f56ac638":5,"d82592f4":5,"836701f6":9,"73b15e04":8,"8dd649a3":7,"383e232d":6,"d744bee2":6,"84b767be":13,"88b3bc99":7,"dd7acb96":5,"39ba00f0":6,"c793cdda":10,"2c24d929":10,"39bbc4bc":14,"2c5c1dc0":8,"0b3283c9":9,"2ce1af05":6,"76f94eda":7,"ba938220":6,"053f3451":8,"50c468ba":7,"be3a10f8":8,"6f39f4d9":13,"478d2d4f":8,"d83294cd":7,"5f4102da":5,"dfcc2ad1":5,"b87158fb":7,"c510bfd3":8,"bd62d7ed":7,"537634c9":9,"0a1d11e6":10,"d102b0c6":5,"288afc30":8,"18815a1b":8,"d1715f3b":5,"12012fbd":10,"af157d29":11,"08c6b5d2":5,"eafbf9fb":10,"dfa1a89b":7,"51f80f4c":10,"0ecfa1c9":12,"8d04852b":11,"c9efc8f6":6,"5e09f69e":11,"71279c46":6,"5f7d7195":10,"a2c334e7":14,"5339e1e9":8,"a939b50b":10,"84369269":6,"1634789b":15,"b88033fd":9,"c98d5272":6,"5f8517b7":10,"92d38723":9,"8d000d6e":7,"0ac825ed":6,"49bf2e95":4,"a4296d1e":8,"145c7559":13,"fe578280":12,"3bad3c95":4,"cb51f134":8,"aab4d996":3,"37a7d5b0":11,"501db4de":10,"fce3c5c6":7,"b3863630":7,"58d46189":5,"c8dc010f":6,"79f04300":5,"ce3bf5db":10,"70594a28":5,"66497c7e":7,"5ab7bc35":7,"66b7b5b4":9,"bc09fa9e":9,"ffc86f94":8,"2209903e":9,"d0c104c4":9,"c8977844":7,"c455f40e":8,"5fa12feb":9,"a8726d50":10,"3ef7432b":12,"26ed1a5c":8,"32c9fc47":5,"1f88a4b7":15,"69f3bfcc":10,"1be05c14":4,"4febf7c5":8,"a5676c24":11,"a851891c":5,"3f75d3bc":9,"f905a555":8,"1d44aff3":4,"e4c312fe":6,"2882a956":8,"ba586505":8,"00cf385d":9,"5b5fc566":7,"bf30a08f":7,"6ee92259":8,"cac4449a":9,"7732eb1e":13,"17b08923":8,"99d130c9":9,"84b767be":14,"92efd84f":11,"884b0ad1":7,"2d13e69b":9,"6a3eaf43":7,"f069bb07":9,"9ab755d3":9,"a24e6670":8,"03dcfa3d":11,"c318d350":9,"73b15e04":9,"095ab3b4":7,"83086d4c":6,"792cfcbd":8,"12a2cd4b":6,"c564e316":8,"71ff66e8":3,"dc583e64":3,"fb7b7b3c":15,"87cd2add":9,"ffa08d82":5,"0d28db94":4,"ac030e74":5,"e57d5cda":14,"0e2b5d2f":11,"30b6808c":7,"20958d58":6,"ef91eaae":7,"0f89862c":5,"33d6bb6a":9,"dfcc2ad1":6,"c6dc900c":9,"fef750ca":10,"12dd6f5e":10,"9a467a82":10,"f2f58418":4,"ac38a6a5":8,"01d817b8":11,"623c6a31":7,"3f65f121":9,"181c3dd5":8,"c852d240":12,"64db4feb":9,"5ac86fb9":6,"725dce8b":10,"61d4782d":7,"a983a6dc":8,"0681c48e":10,"bf822e33":6,"394dc144":10,"faf3ed07":14,"d5557fb4":11,"e15fd611":6,"527ff946":13,"fe0df575":9,"ea274174":8,"336d0f08":9,"b7407bd3":15
1604737420880,"408bb2ed":7,"0ac825ed":7,"2e99f8fd":6,"80a8a56d":9,"a4296d1e":9,"dcf85091":8,"c8fcad77":6,"f598a332":15,"6fb4cdda":5,"dac109cf":12,"259930ee":8,"704bce0d":8,"719c8869":9,"7f86be64":11,"2209903e":10,"5ccf94d6":11,"d9f512b9":10,"4eed1bea":9,"f4634d0b":10,"a68a93b2":6,"0a96f57a":12,"92f800f5":8,"6db0ea86":11,"de36827b":9,"1d44aff3":5,"8a165e17":8,"a5fd8ffd":13,"fafb4cc2":11,"5f0c1b9d":13,"56473430":8,"a472532e":9,"51a3e9c2":7,"4b125e7b":7,"290b4714":12,"f56ac638":6,"91b28f83":6,"bec9d329":12,"11b74e63":5,"95f6db13":5,"6e851762":10,"2a06ab95":9,"39ba00f0":7,"9147702f":7,"7db3edda":7,"fb7482fe":6,"1f7607df":5,"5678ed7b":10,"13f0e139":5,"0eaf08da":13,"0b5a0408":8,"4b3e3b1c":5,"6be9332a":9,"03dcfa3d":12,"e81834aa":6,"2203f259":8,"d82592f4":6,"cac4449a":10,"095ab3b4":8,"73b15e04":10,"1951480c":12,"6ce84ff8":7,"8dc9b4db":9,"7ee148e9":6,"c7ab83c1":3,"df81ddee":8,"4fd645f1":8,"7a9344a4":2,"180377be":3,"2ad42a9e":9,"8942c35b":7,"9a80f004":12,"b7434f57":8,"5fa12feb":10,"43d87483":7,"9c29f0ed":14,"cc5a1d47":6,"0785820e":10,"78467b8a":11,"385ab7c6":9,"93b9fae6":4,"fee32863":6,"faf4f98b":7,"fef750ca":11,"b87158fb":8,"9a3ab0b8":5,"8007f30e":8,"6c524f99":8,"2dda3936":7,"9c045c61":10,"53a8613c":8,"bc021def":8,"f3d68430":15,"3661e12d":11,"d1715f3b":6,"a2c334e7":15,"2ab62345":9,"32133249":13,"31f6ba51":5,"bad1a1cc":9,"031e488e":8,"deb31f35":8,"c67979e6":11,"dcfaba4c":6,"bf822e33":7,"36684155":6,"2e99f8fd":7,"40569362":10,"9e878ec2":13,"7ae3fc50":9,"ea274174":9,"45b038bb":8,"34658473":4,"06ee61b6":7,"6b78ad7f":8,"7be025ce":7,"f33c0140":8,"e786063b":7,"288d171f":5,"259930ee":9,"d9a64845":7,"4abb7aed":5,"db8ba455":9,"45b5746e":6,"43bc86e3":12,"ae016053":8,"bb00e71c":7,"ef8987d7":16,"51a3e9c2":8,"6ee92259":9,"9cb4697f":10,"04cc7cbe":8,"67d30f2b":16,"93b0a158":6,"cb6c9e42":13,"93fdbb44":4,"815e4582":7,"8cd78f77":16,"284544ba":7,"5747db6e":8,"f271ed5d":4,"d744bee2":7,"272c7672":12,"39ba00f0":8,"90731976":3,"2cce4fb2":12,"a8871ddf":11,"812b4f15":10,"7732eb1e":14,"0b5a0408":9,"59c1e594":10,"23080895":7,"8298e976":12,"12271e14":7,"06ddafc7":7,"35b58ef9":6,"2c5c1dc0":9,"01cd8099":8,"e238f09b":10,"c27969ec":11,"77d35808":8,"a40846b7":14,"fb7b7b3c":16,"22aeaf03":8,"95d3d348":4,"49b358bd":9,"dcf85091":9,"9b172ca8":8,"65a00a3c":6,"4c4aa2e2":7,"cc11fef9":5,"b6ee137a":6,"ca7d47f7":10,"79e4fa1c":6,"2045d7d6":16,"30d84dce":9,"debe1f65":11,"180377be":4,"0149e11a":5,"cf1124db":5,"ca6d2d91":9,"9a80f004":13,"a851554d":9,"c3e6ef01":12,"93683c82":10,"e1f0dbfd":9,"4f59a322":7,"753ca352":5,"93b9fae6":5,"cb142908":10,"ec11fe5f":12,"b73e789c":7,"a567ace4":8,"ae95f2ba":6,"8f10fa42":11,"629800eb":11,"afe8e06a":10,"7bda83dd":8,"dfa1a89b":8,"d3e84616":11,"9e206c95":10,"ac38a6a5":9,"eeaa2d46":7,"558d5ce7":9,"1d153b20":9,"5ac86fb9":7,"bb8a6337":6,"0ecfa1c9":13,"761cf820":4,"fa55f27a":7,"50312237":12,"5f8517b7":11,"408bb2ed":8,"d0c0fc08":7,"49bf2e95":5,"fee32863":7,"fef750ca":12,"d9a64845":8,"a851891c":6,"c91966ce":4,"a5fd8ffd":14,"ec110282":7,"d9d0c567":7,"3a291497":6,"b3f19a69":11,"5acce642":9,"c0b23081":10,"11b74e63":6,"e6ec8cbf":12,"d815c5b4":9,"7ee7621c":8,"815e4582":8,"5774ac0d":7,"77bae750":5,"e9a8cf11":10,"32133249":14,"36b7003c":11,"6632fed0":10,"bda8cdfb":10,"a9b1bd51":9,"cf775f58":11,"c81b2bcf":6,"aaa274a5":9,"d744bee2":8,"6751d8e4":11,"88b3bc99":8,"e7e82473":16,"b36a0d66":5,"1db42092":11,"87ce8d1d":5,"49910300":8,"74e01f6a":9,"4b3e3b1c":6,"1f88a4b7":16,"812b4f15":11,"12271e14":8,"6085137f":7,"3310a049":10,"95d3d348":5,"cbad3b92":12,"ae8a09c4":12,"77d35808":9,"b2bd8fd3":8,"0b3283c9":10,"e7abc88d":5,"be2955bb":7,"ca7d47f7":11,"d34a29b9":12,"14c682eb":7,"44c77422":9,"8e780922":14,"f8b31ce5":9,"77300e4a":8,"3ef7432b":13,"93683c82":11,"6fb4cdda":6,"d9f512b9":11,"a68a93b2":7,"efd23af5":9,"dbc9df44":6,"c4e70c07":5,"f1b493de":9,"913a6226":6,"5fa12feb":11,"467773ac":8,"2af60749":9,"ca6d2d91":10,"a0cca8b7":3,"3b7763b1":7,"5cd3cfe0":7,"fb8bfb36":7,"0d5ee801":9,"26f99a1e":8,"6ce84ff8":8,"016953e4":7,"d83294cd":8,"ef14000f":10,"e4cfef0a":8,"93b9fae6":6,"e58b26f6":9,"272c7672":13,"2180f99b":10,"01d817b8":12,"217c0327":5,"f2f58418":5,"a63bddd4":11,"18815a1b":9,"82b81567":5,"08a4c3f8":12,"358e45b1":11,"9e878ec2":14,"d102b0c6":6,"31f6d707":6,"45b038bb":9,"597c1f81":6,"b8488fc8":7,"ad303bda":10,"f5e8dfee":11,"a85d89cc":10,"8f10fa42":12,"fead11cf":9,"a0685bf3":8,"c6dc900c":10,"ba5c52af":8,"a5676c24":12,"b2cfdbcf":8,"42cd2360":6,"4abb7aed":6,"ec110282":8,"731fc335":7,"3f75d3bc":10,"00cf385d":10,"d83870f5":10,"d4d5f466":9,"20811ddf":9,"7080f122":5,"5f6613c8":8,"3661e12d":12,"540df50f":9,"5e09f69e":12,"0ecfa1c9":14,"b7cc7909":10,"5f7d7195":11,"6867261a":10,"aff8e442":10,"e4714415":8,"2b3e4717":10,"b88033fd":10,"a1921150":13,"e15fd611":7,"66d94227":7,"6291e9e9":8,"6db0ea86":12,"59431390":13,"812b4f15":12,"9c58dd76":9,"8d753bb6":7,"b460f030":7,"a3d4a0e5":9,"88a30343":14,"aa00769b":11,"a836aa93":5,"ab7d4c9a":11,"c4e70c07":6,"d141db49":10,"bd984a8e":7,"0f029727":10,"696fdac5":10,"e21c6207":7,"f598a332":16,"88fa53d6":6,"754f98c9":7,"3ef7432b":14,"6f81493d":13,"259930ee":10,"44ff8baa":11,"be2955bb":8,"0a2f71bc":5,"1e7753d9":11,"24ffcbd3":12,"6490bac6":10,"58d46189":6,"51c57542":8,"8db62558":10,"110b1ee3":11,"25e0dd3d":12,"3b7763b1":8,"059d6c19":10,"74f234c6":17,"1138796e":12,"13f0e139":6,"eda6a690":8,"a636f4c9":13,"5099c6a0":13,"aefe13f5":16,"5623817d":8,"19f9ca86":10,"fb7b7b3c":17,"22aeaf03":9,"695a2b92":6,"b0869206":5,"6b82b527":6,"e356abf1":10,"f271ed5d":5,"8657c79d":14,"6a3eaf43":8,"af0b61ab":9,"9fa62fee":10,"70c1e715":7,"730338c4":11,"6d339d45":12,"3661e12d":13,"01d817b8":13,"175bc6b2":6,"8dd2684c":7,"792c9b6a":10,"31f6d707":7,"2e99f8fd":8,"7a2f3f06":4,"358e45b1":12,"3a1b9af5":7,"379184a7":12,"7fb4c521":12,"629800eb":12,"597c1f81":7,"c510bfd3":9,"ae95f2ba":7,"fead11cf":10,"0d7d88f1":7,"6c486702":5,"af7e5be8":12,"a85d89cc":11,"a66a2d8a":8,"fe8f3d36":4,"c1bb74f2":14,"50b558a7":7,"810aa5e9":3,"d8e58a8c":13,"61145ec9":12,"f905a555":9,"49cb2959":5,"4abb7aed":7,"e865e4dd":6,"3454fa2b":11,"6de0aaac":6,"181c3dd5":9,"e4714415":9,"081460bf":8,"a1370ab0":4,"dcfaba4c":7,"03b4ab60":13,"6632fed0":11,"50d129cf":8,"0f1ac912":4,"97e75c19":8,"4ed01268":9,"a983a6dc":9,"91d52a55":7,"48efc739":13,"4b3e3b1c":7,"d8475b95":10,"8298e976":13,"32c9fc47":6,"946df4fd":8,"de36827b":10,"01cd8099":9,"e9679ede":7,"1a68160d":8,"e1571af7":9,"9267f0ef":13,"4def63ee":5,"bd984a8e":8,"28d40296":2,"a3253019":13,"b6ee137a":7,"49b358bd":10,"0da28f5b":9,"0a96f57a":13,"3b690f68":7,"c1bdfd41":4,"be2955bb":9,"638cb163":13,"93e8cee5":10,"ca6d2d91":11,"66b7b5b4":10,"8ea21393":10,"a577db1c":8,"40a745c0":11,"51c57542":9,"d033db8d":7,"53747a91":7,"56d315d8":9,"7b6a7048":6,"7cd0ad7b":8,"aa00769b":12,"1438fad7":7,"f1098793":8,"0b5a0408":10,"468fc85c":6,"cf50e84e":5,"9fc713b0":6,"09f0db62":13,"5b60dd1d":8,"b1f58563":7,"fea793f5":9,"a502c93c":13,"d1d40c9c":13,"d815c5b4":10,"7735c3c2":10,"5eab91a0":7,"88ce179e":10,"5623817d":9,"578f6e9e":10,"2c627253":5,"272c7672":14,"a6626a13":6,"aaa274a5":10,"aec074c4":13,"aa5dfdf5":7,"0fc5ac7e":15,"8e4c33d2":11,"c7ab83c1":4,"e0e6a097":8,"8c6e001f":5,"5acaa06f":5,"cd95f558":8,"1ff8c2fc":13,"31f6d707":8,"4ac6bd4e":10,"619fda68":9,"1dad0f99":9,"ad303bda":11,"33d6bb6a":10,"20958d58":7,"753ca352":6,"d5059415":10,"c1bb74f2":15,"4930f321":4,"6c524f99":9,"0f89862c":6,"cf9f4757":4,"13b53c7a":5,"2bcca6a7":12,"b28a5e67":5,"49cb2959":6,"f3a0c2ee":6,"5f0c1b9d":14,"ec2cb1af":7,"9de29816":9,"2dda3936":8,"b946e146":10,"e9adbe58":6,"d6320619":6,"12012fbd":11,"72805bf5":13,"47cfba38":6,"ed4fad08":9,"4911acad":8,"5774ac0d":8,"1ed46298":13,"1b881e6e":10,"5a734022":8,"93fdbb44":5,"842c8340":7,"1d790491":10,"04643409":3,"b88033fd":11,"25d1b2d8":7,"f3992a31":7,"90a06ee9":9,"06ee61b6":8,"6fb4cdda":7,"ca7d47f7":12,"04ea5673":11,"2e3503e4":15,"c4e70c07":7,"168e75d9":7,"e1f0dbfd":10,"381c68fa":20,"805af3c7":8,"acac14fb":7,"d033db8d":8,"4e5aaaec":4,"0f029727":11,"7a9344a4":3,"93e8cee5":11,"25776fc4":6,"0c043224":8,"fce3c5c6":8,"07107f6e":14,"dae0f922":14,"ab7467de":10,"20e470e0":9,"6490bac6":11,"bb98a6cf":12,"20777945":4,"e0f7679f":12,"b2bd8fd3":9,"66554572":5,"0eaf08da":14,"a3d4a0e5":10,"6291e9e9":9,"481754fc":4,"8298e976":14,"9fc713b0":7,"06ddafc7":8,"946df4fd":9,"bab97de3":13,"b460f030":8,"52eca0dc":8,"5ef93e5d":7,"8a165e17":9,"7f6d1d0e":4,"8bc04eb5":5,"7fef9973":9,"04bef50c":5,"290b4714":13,"d39724bc":9,"5acce642":10,"cac4449a":11,"1da771fb":5,"82868763":8,"578f6e9e":11,"cbb54a0a":6,"2a06ab95":10,"c0e2624b":8,"6e851762":11,"3062379b":8,"2d54e0a8":7,"7028b044":5,"6ce84ff8":9,"c318d350":10,"19f9ca86":11,"39bbc4bc":15,"67f6e4f2":7,"b4fdf90e":9,"b7407bd3":16,"d83294cd":9,"ae95f2ba":8,"d7cb9bcf":9,"be3a10f8":9,"9fce073c":11,"a567ace4":9,"ffa08d82":6,"b87158fb":9,"4930f321":5,"ac030e74":6,"062179c1":1,"6c486702":6,"a0685bf3":9,"eb2e1983":9,"195eb771":8,"8245f916":11,"3a1b9af5":8,"8323d333":10,"50312237":13,"bc021def":9,"ef8321d8":7,"53a8613c":9,"140ce69e":12,"945b63f0":9,"49902219":12,"15620dca":7,"b35bb8a1":5,"d6d61bfc":8,"c93c3508":1,"40860a4b":3,"031e488e":9,"181c3dd5":10,"c9efc8f6":7,"394dc144":11,"b88033fd":12,"815e4582":9,"8ec3834d":3,"a1921150":14,"25d1b2d8":8,"c81b2bcf":7,"69134f07":7,"f33c0140":9,"3498f223":3,"2af60749":10,"d34a29b9":13,"5be594be":6,"3fdb08f5":5,"3b7763b1":9,"2e3503e4":16,"e786063b":8,"92136ff5":11,"bb98a6cf":13,"a4296d1e":10,"7043382d":8,"40e79dd3":8,"cd3bbe7e":10,"57167c74":9,"201cafad":9,"3f9b5722":7,"24ffcbd3":13,"2b3c49b9":7,"dae0f922":15,"b6ee137a":8,"fbdffc95":8,"1a2ec5d7":14,"c455f40e":9,"db703021":7,"c8977844":8,"a3d4a0e5":11,"c6e3d352":6,"cf84fb54":10,"4b4ef7fa":10,"06ddafc7":9,"17807120":8,"820225e4":4,"28d41578":3,"537634c9":10,"3101354b":4,"5f0c1b9d":15,"b2cfdbcf":9,"4abb7aed":8,"dd035d2a":5,"4258c176":12,"1757a30e":11,"cb4f262b":10,"00cf385d":11,"d929098e":5,"20811ddf":10,"e4c312fe":7,"99d130c9":10,"8d753bb6":8,"b460f030":9,"e6fac295":9,"90731976":4,"c609739e":13,"84b67924":9,"70bc8325":7,"fd369c21":12,"6e851762":12,"d1ca5d6b":14,"2180f99b":11,"a625328f":9,"09f0db62":14,"7ee148e9":7,"1951480c":13,"3e082b37":10,"9a3cc55d":6,"19f9ca86":12,"b769bdfb":4,"629800eb":13,"ad303bda":12,"ffa08d82":7,"87083264":10,"8063df14":12,"2a4a402a":7,"6034b6d0":9,"e57d5cda":15,"11b2c8d9":5,"05f6ab35":11,"0bfabf48":12,"cfafcda8":7,"f5e8dfee":12,"e35a63cd":14,"7ae3fc50":10,"0cb80f4a":11,"9e878ec2":15,"8dd2684c":8,"b946e146":11,"a63bddd4":12,"217c0327":6,"865d9857":7,"30dd2edc":12,"9a467a82":11,"4125085e":11,"e9a8cf11":11,"03b4ab60":14,"a47abfbb":9,"8cddb65e":11,"51f80f4c":11,"6632fed0":12,"0f1ac912":5,"2a387957":11,"bf822e33":8,"6e98dfda":10,"f66616b7":3,"7a6aa4b6":8,"a533489b":10,"7a2f3f06":5,"49bf2e95":6,"5be594be":7,"a4296d1e":11,"06ee61b6":9,"f3992a31":8,"65a00a3c":7,"a3253019":14,"638cb163":14,"fb8bfb36":8,"4c4aa2e2":8,"caddd0a7":11,"daab45c6":10,"69d4b754":9,"75ffea08":6,"f8b31ce5":10,"0a96f57a":14,"4dac6b20":8,"c1bdfd41":5,"7a9344a4":4,"ab7467de":11,"2af60749":11,"c8977844":9
1604737421532,"650bb0e0":10,"088feee2":9,"aec074c4":14,"1f7607df":6,"084cbc0b":8,"2d13e69b":10,"e58b26f6":10,"6e851762":13,"0d2a1c58":2,"217c0327":7,"a5fd8ffd":15,"810aa5e9":4,"7896b953":7,"51f57142":9,"0277d748":14,"bb99c79c":12,"d6320619":7,"d1715f3b":7,"f87c5031":7,"e9a8cf11":12,"7af9d3b1":7,"c9efc8f6":8,"6df0b2e8":17,"74e3d13e":5,"227006e4":6,"6632fed0":13,"d5557fb4":12,"7e15f8e8":10,"c6c85783":9,"794f652b":7,"8a52882e":12,"97e75c19":9,"0f1ac912":6,"5f0c1b9d":16,"ec110282":9,"1d44aff3":6,"dc03ebd2":10,"f56ac638":7,"e4117b3b":8,"ba586505":9,"95d331b1":5,"ea4d3f3e":9,"6b82b527":7,"5b5fc566":8,"778c95e9":7,"2f455cce":5,"508aac3d":6,"b6ee137a":9,"3f9b5722":8,"201cafad":10,"d634aa28":9,"5272520d":5,"d033db8d":9,"93683c82":12,"d3a669ac":10,"4bcd4a30":12,"7db3edda":8,"6a3eaf43":9,"07f98660":5,"10ec5a0b":3,"7566fdd6":9,"87cd2add":10,"7a840529":3,"1745a0f4":3,"7a4c064c":12,"0042f6eb":14,"e4cfef0a":9,"c510bfd3":10,"1bc0591f":7,"fef750ca":13,"05f6ab35":12,"0f89862c":7,"12dd6f5e":11,"09560615":8,"3f65f121":10,"9de29816":10,"b9a48a5c":10,"d6320619":8,"416a9e97":9,"8e780922":15,"501db4de":11,"c5b35e4d":5,"c4feee5b":8,"5be594be":8,"5ab7bc35":8,"8e99d5d0":13,"df2b4d87":12,"1e232870":7,"be149c6f":10,"6df0b2e8":18,"9b3f8714":7,"540df50f":10,"0ecfa1c9":15,"aa9ea5e8":6,"9f5e6cba":10,"31d74eee":4,"5957df9e":9,"2b3e4717":11,"254cc28c":10,"a1921150":15,"7e15f8e8":11,"9d63c4dd":12,"da04caac":9,"0a1d11e6":11,"49cb2959":7,"8a165e17":10,"db8ba455":10,"abc1d7ad":14,"810aa5e9":5,"bec9d329":13,"9cb4697f":11,"e6ec8cbf":13,"b3f19a69":12,"7735c3c2":11,"0d770b97":11,"ee21ad02":12,"2d13e69b":11,"cbb54a0a":7,"d6f0d94a":7,"07107f6e":15,"3ef7432b":15,"d9d7c4c2":9,"1e7753d9":12,"7d112f4d":12,"014460b9":8,"cf1124db":6,"2b3c49b9":8,"906632cb":8,"d141db49":11,"ab7467de":12,"40a745c0":12,"b5ce0c0c":13,"93e8cee5":12,"d033db8d":10,"f4343817":9,"7cd0ad7b":9,"026766f3":6,"8cd78f77":17,"7028b044":6,"b5763ff6":8,"fb7482fe":7,"d744bee2":9,"c803b4a3":5,"e57d5cda":16,"f1df62b4":9,"2b698053":4,"d2466211":11,"1105f790":10,"2352c8ef":7,"43d87483":8,"67c57de4":10,"f5e8dfee":13,"b8488fc8":8,"7af262e5":4,"6c486702":7,"92ca52b7":12,"8d753bb6":9,"e36dfd6f":6,"64a7f79f":6,"a8871ddf":12,"59c1e594":11,"b84a06eb":11,"f1098793":9,"95f6db13":6,"24d24fa3":5,"a6bcb07e":11,"792cfcbd":9,"d8475b95":11,"045f280d":8,"e6fac295":10,"263762cb":9,"dc583e64":4,"578f6e9e":12,"d1676e89":6,"26f99a1e":9,"95d3d348":6,"7ee148e9":8,"8547fbc2":15,"140ce69e":13,"a63bddd4":13,"6cba74ce":6,"2cb29e5a":9,"12012fbd":12,"0277d748":15,"7a6aa4b6":9,"7a2f3f06":6,"d0e9a58e":5,"d33790a2":12,"5ee911b5":10,"9263c525":16,"c4aa1e38":6,"685207b3":9,"d34a29b9":14,"1ed46298":14,"b7cc7909":11,"b35bb8a1":6,"51f80f4c":12,"9f5e6cba":11,"13747b82":10,"6632fed0":14,"8cf83787":5,"411b5027":10,"f1098793":10,"2cce4fb2":13,"a8871ddf":13,"a0bc1ceb":9,"458dcc3d":12,"26009d3f":7,"013ee301":6,"64a7f79f":7,"4b4ef7fa":11,"ce4da56f":6,"13f0e139":7,"b7df1559":11,"1da771fb":6,"e45b4b53":4,"60e855ee":10,"971675c5":7,"f6fe095d":12,"004f1ef3":5,"5781776a":7,"b88033fd":13,"f4b2f575":7,"48efc739":14,"1a0189c4":8,"cb6c9e42":14,"3f75d3bc":11,"0a1d11e6":12,"313258f2":10,"d8e58a8c":14,"ec110282":10,"43bc86e3":13,"a5fd8ffd":16,"7f6d1d0e":5,"3b2dee89":8,"e382ec3f":4,"cb4f262b":11,"5b5fc566":9,"124fbe96":4,"51a3e9c2":9,"794f652b":8,"c98d5272":7,"f76a3e83":8,"0dad37d5":5,"704bce0d":9,"4c39240e":10,"57167c74":10,"c7313e0a":5,"72b84094":6,"cb51f134":9,"3fdb08f5":6,"fb8bfb36":9,"c8977844":10,"9a80f004":14,"30c5d755":12,"f883d582":7,"70594a28":6,"d9f512b9":12,"14c682eb":8,"a0ce82b4":10,"30dbfc69":6,"4577b333":8,"5fa12feb":12,"7cd0ad7b":10,"059d6c19":11,"df81ddee":9,"f4634d0b":11,"0d5ee801":10,"8cd78f77":18,"0bd93cfd":5,"aa5dfdf5":8,"f9c15fcc":8,"1ff8c2fc":14,"45b038bb":10,"8d000d6e":8,"9e878ec2":16,"cd95f558":9,"ef16ca37":8,"6751d8e4":12,"2a06ab95":11,"8fb236a9":10,"9aa6a054":10,"d7cb9bcf":10,"67c57de4":11,"ad303bda":13,"53b4e647":11,"0042f6eb":15,"a85d89cc":12,"478d2d4f":9,"6c524f99":10,"b8488fc8":9,"a567ace4":10,"c463799d":11,"2a4a402a":8,"fd369c21":13,"383e232d":7,"0e036ae9":9,"6d5fcd4c":6,"546f6845":8,"bb99c79c":13,"f3d68430":16,"30dd2edc":13,"945b63f0":10,"74e3d13e":6,"68562193":5,"06ddafc7":10,"4b4ef7fa":12,"e7e82473":17,"b6aaf976":14,"2d1e1e9d":9,"59c1e594":12,"f277386e":6,"12271e14":9,"8298e976":15,"03dcfa3d":13,"868edcc0":10,"804d4dfa":8,"59431390":14,"cac4449a":12,"971675c5":8,"ea9bba6b":5,"f1dffa24":6,"016953e4":8,"5781776a":8,"437fc3ec":14,"7ee148e9":9,"57d5dee8":13,"a1370ab0":5,"a2c334e7":16,"5774ac0d":9,"dcfaba4c":8,"97e75c19":10,"c6c85783":10,"9ceb5439":3,"1a0189c4":9,"04643409":4,"5957df9e":10,"195eb771":9,"5f0c1b9d":17,"abc1d7ad":15,"3c0df8b4":11,"fafb4cc2":12,"d8e58a8c":15,"fe44fc6f":10,"6775d5cd":5,"bf30a08f":8,"677c6a09":16,"7f6d1d0e":6,"7fef9973":10,"6b82b527":8,"6c20c153":7,"7e15f8e8":12,"c382f054":7,"36380d96":9,"c4feee5b":9,"6b78ad7f":9,"2209903e":11,"805af3c7":9,"df2b4d87":13,"f9f2c53f":5,"69134f07":8,"cc11fef9":6,"30c5d755":13,"d25e0f8d":10,"bd984a8e":9,"6e24d88b":6,"7e76c93c":7,"e1618359":14,"debe1f65":12,"61f25dd4":11,"638cb163":15,"5a622a23":13,"1e7753d9":13,"88fa53d6":7,"ab7467de":13,"4c39240e":11,"77898c22":8,"31408822":7,"8db62558":11,"74f234c6":18,"fa55f27a":8,"b35e9e1a":10,"358e45b1":13,"00554ffd":12,"792c9b6a":11,"8c6e001f":6,"8323d333":11,"50c3164b":11,"70bc8325":8,"22234d6b":5,"272c7672":15,"9ab755d3":10,"619fda68":10,"10ec5a0b":4,"b9be31d6":6,"67c57de4":12,"abd32136":10,"50c468ba":8,"8721056e":4,"25a2844e":11,"d5059415":11,"05f6ab35":13,"6c524f99":11,"733c86f8":8,"2bcca6a7":13,"50b558a7":8,"2d13e69b":12,"9147702f":8,"7080f122":6,"36d340f2":7,"53a8613c":10,"a77e8461":8,"9a467a82":12,"15620dca":8,"9de29816":11,"d9dcdc4b":12,"4945c851":16,"0114160e":11,"0eaf08da":15,"04612878":7,"1438fad7":8,"6a60348e":10,"a0b03218":16,"e0f7679f":13,"6ebe2354":5,"6db0ea86":13,"48655f09":6,"cbad3b92":13,"bad6cdb1":14,"c0b7e7d7":10,"6ce84ff8":10,"016953e4":9,"dc583e64":5,"3712c4bd":8,"3a204e56":11,"695a2b92":7,"5a734022":9,"31f6ba51":6,"b35bb8a1":7,"c852d240":13,"6df0b2e8":19,"35aa7fd0":8,"6632fed0":15,"088feee2":10,"a1921150":16,"61145ec9":13,"65e4235b":12,"616d6dd6":11,"fafb4cc2":13,"91f7ef72":10,"4bc46d7a":8,"69eeae0d":9,"87c462ee":7,"677c6a09":17,"ae99df30":7,"fea793f5":10,"9d4f1fe6":10,"e382ec3f":5,"449d8475":14,"91d52a55":8,"23760167":6,"254cc28c":11,"9d9dd9e5":6,"a836aa93":6,"53431634":11,"dcf85091":10,"288d171f":6,"4c39240e":12,"f2086446":5,"49b358bd":11,"ecfa8249":8,"7e8e1c3d":7,"467773ac":9,"ebdbf580":10,"df2b4d87":14,"2af60749":12,"c8dc010f":7,"751bcf25":11,"acac14fb":8,"04ea5673":12,"df81ddee":10,"30d84dce":10,"21e10a2b":10,"c015ec5a":8,"4ee62a26":4,"efd23af5":10,"65a00a3c":8,"dbd2f139":9,"da3437cd":7,"3b690f68":8,"ca6d2d91":12,"9e878ec2":17,"792c9b6a":12,"92d38723":10,"336d0f08":10,"db0a661e":8,"ea274174":10,"358e45b1":14,"26c390d6":8,"ea822700":8,"a6626a13":7,"084cbc0b":9,"1c0a9eff":8,"cb142908":11,"ad303bda":14,"056ea7ff":5,"6a5b71b4":8,"8fb236a9":11,"a0685bf3":10,"6034b6d0":10,"b87158fb":10,"dfcc2ad1":7,"43d87483":9,"0e2b5d2f":12,"1745a0f4":4,"733c86f8":9,"0fc5ac7e":16,"a625328f":10,"c793cdda":11,"15620dca":9,"a63bddd4":14,"172217e5":4,"bc021def":10,"4ff2225d":9,"06ddafc7":11,"4febf7c5":9,"a8871ddf":14,"4b4ef7fa":13,"1c3a30c5":4,"ce4da56f":7,"bab97de3":14,"12271e14":10,"23080895":8,"95f6db13":7,"d6db2b02":8,"2c24d929":11,"3e602573":6,"dc583e64":6,"60e855ee":11,"39bbc4bc":16,"eeaa2d46":8,"546f6845":9,"b946e146":12,"a2c334e7":17,"d6d61bfc":9,"dcfaba4c":9,"40860a4b":4,"32133249":15,"13b53c7a":6,"71e53c93":10,"012de09c":6,"7ae34c64":12,"61145ec9":14,"616d6dd6":12,"56473430":9,"5f0c1b9d":18,"91b28f83":7,"fea793f5":11,"e382ec3f":6,"bf30a08f":9,"4258c176":13,"8bc04eb5":6,"ad2d7bed":9,"8d04852b":12,"0ecfa1c9":16,"ccf8b803":7,"77bae750":6,"6e98dfda":11,"5f7d7195":12,"39a2fcce":13,"bf822e33":9,"5a0eb771":7,"c4feee5b":10,"8e99d5d0":14,"6fb4cdda":8,"4777334c":9,"b3863630":8,"868cda42":7,"77300e4a":9,"168e75d9":8,"44c77422":10,"6bc5d32a":12,"1a68160d":9,"df2b4d87":15,"f9f2c53f":6,"cc6bbe45":10,"7e8e1c3d":8,"7a9344a4":5,"92f800f5":9,"c45d554f":8,"d033db8d":11,"e786063b":9,"4dac6b20":9,"26ed1a5c":9,"c650b434":14,"3b690f68":9,"d634aa28":10,"20777945":5,"1e7753d9":14,"94a2fe10":8,"ea9bba6b":6,"a58bf525":11,"d1676e89":7,"c7ab83c1":5,"2e99f8fd":9,"b377a62a":6,"ef16ca37":9,"de11eb19":15,"31f6d707":9,"1ff8c2fc":15,"5acaa06f":6,"abd32136":11,"76f94eda":8,"93b9fae6":7,"53b4e647":12,"053f3451":9,"733c86f8":10,"f7231212":5,"383e232d":8,"d0d6acb1":7,"d1ca5d6b":15,"88b3bc99":9,"7db3edda":9,"fb7482fe":8,"50c3164b":12,"0114160e":12,"5678ed7b":11,"f044c0e1":7,"b460f030":10,"59431390":15,"0eaf08da":16,"de36827b":11,"458dcc3d":13,"0b5a0408":11,"88a30343":15,"a636f4c9":14,"c609739e":14,"e9adbe58":7,"25a7a0a3":13,"a63bddd4":15,"3f65f121":11,"51f57142":10,"22ecaed0":7,"416a9e97":10,"13747b82":11,"25a2844e":12,"ef91eaae":8,"8063df14":13,"4c0e547b":8,"78467b8a":12,"f67de058":11,"2bcca6a7":14,"52eca0dc":9,"6e44927f":4,"08a561b7":7,"8db5a165":6,"aa76bc50":7,"56473430":10,"a15713c6":14,"b3f19a69":13,"f0a06216":11,"a502c93c":14,"5eaa1581":8,"3c18f28e":11,"5e09f69e":13,"68562193":6,"9f5e6cba":12,"288a2c43":9,"0f1ac912":7,"a9b1bd51":10,"6e98dfda":12,"cb6c9e42":15,"36684155":7,"650bb0e0":11,"5d087c79":6,"f121b82c":10,"efe84c27":8,"5e193fc8":8,"0dad37d5":6,"ce3bf5db":11,"3498f223":4,"aab4d996":4,"69134f07":9,"c7636527":10,"ded7da5a":6,"57167c74":11,"5fa12feb":13,"972f4174":5,"c8dc010f":8,"49b358bd":12,"a4f1d83b":8,"88fa53d6":8,"6f81493d":14,"3007f31f":4,"9d4da635":7,"c0b0f492":12,"21e10a2b":11,"debe1f65":13,"3f9b5722":9,"5272520d":6,"261c9911":8,"cf1124db":7,"19e9776f":9,"48655f09":7,"468fc85c":7,"71ff66e8":4,"437fc3ec":15,"2c5c1dc0":10,"3a204e56":12,"26f99a1e":10,"004f1ef3":6,"9a3cc55d":7,"608bc832":6,"31f6d707":10,"0cb80f4a":12,"1bb4ccc0":7,"91b28f83":8,"00cf385d":12,"677c6a09":18,"0d7d88f1":8,"9aa6a054":11,"d744bee2":10,"6751d8e4":13,"d1ca5d6b":16,"8cd78f77":19,"5a07fc2e":6,"730338c4":12,"911e770b":10,"d0b297b2":9,"34658473":5,"cd95f558":10,"a533489b":11,"5678ed7b":12,"d36125db":11,"69f3bfcc":11,"2d1e1e9d":10,"cac4449a":13,"12dd6f5e":12,"bc021def":11,"ccdd1ce6":4,"d2a841c9":9,"3661e12d":14,"f2ca27d9":7,"8cc4a982":9,"67c57de4":13,"6a5b71b4":9,"ae95f2ba":9,"2bcca6a7":15,"9f74b8a4":6,"062179c1":2,"4f59a322":8,"c1bb74f2":16,"cd522166":14,"9d023afb":9,"8b5a8e9f":15,"78467b8a":13,"da04caac":10,"db8ba455":11,"616d6dd6":13,"012de09c":7,"ec110282":11,"aa867541":5,"3f75d3bc":12,"64db4feb":10,"13747b82":12,"1ed46298":15,"68562193":7
1604737421958,"9267f0ef":14,"972f4174":6,"d34a29b9":15,"90a06ee9":10,"08a06557":16,"6fb4cdda":9,"a3253019":15,"fce3c5c6":9,"aa021138":14,"e9679ede":8,"df2b4d87":16,"805af3c7":10,"ecfa8249":9,"4dac6b20":10,"d9f512b9":13,"26ed1a5c":10,"d0c104c4":10,"4577b333":9,"3ef7432b":16,"77898c22":9,"c8977844":11,"61f25dd4":12,"201cafad":11,"8db62558":12,"7e8e1c3d":9,"4295ce9a":6,"ddec9e54":6,"20e470e0":10,"d4d5f466":10,"dffa7793":5,"5eab91a0":8,"c0b23081":11,"2882a956":9,"88ce179e":11,"ee21ad02":13,"792cfcbd":10,"d6db2b02":9,"c609739e":15,"0be540c5":6,"1be05c14":5,"13f0e139":8,"aa00769b":13,"baebb391":9,"59c1e594":13,"1951480c":14,"f5cd79c1":10,"a77e127d":8,"3f2522c2":8,"39bbc4bc":17,"27f52ed3":13,"5270f158":9,"056ea7ff":6,"6034b6d0":11,"10ec5a0b":5,"ffa08d82":8,"a8c93bed":8,"2352c8ef":8,"b73e789c":8,"7af262e5":5,"8fb236a9":12,"1105f790":11,"7a4c064c":13,"fead11cf":11,"831c7b85":8,"fef750ca":14,"a4296d1e":12,"f121b82c":11,"655954ba":6,"0dad37d5":7,"b3863630":9,"3fdb08f5":7,"88fa53d6":9,"80a8a56d":10,"145c7559":14,"0b959527":8,"719c8869":10,"5cd3cfe0":8,"4fd645f1":9,"feb67030":9,"ca7d47f7":13,"7e8e1c3d":10,"467773ac":10,"3b7763b1":10,"cd3bbe7e":11,"c0b0f492":13,"a8726d50":11,"f734c84c":8,"21e10a2b":12,"059d6c19":12,"e21c6207":8,"d70ca4f4":14,"50312237":14,"d33790a2":13,"b2a8761b":10,"b8397293":3,"d0b297b2":10,"0ac825ed":8,"761cf820":5,"d033db8d":12,"f4343817":10,"a15713c6":15,"c91966ce":5,"a851891c":7,"28654c76":12,"61145ec9":15,"ae016053":9,"a472532e":10,"6841f77e":10,"54d7de6b":16,"677c6a09":19,"a6b5e869":6,"f0a06216":12,"6b82b527":9,"88ce179e":12,"031e488e":10,"6867261a":11,"dcfaba4c":10,"527ff946":14,"088feee2":11,"f66616b7":4,"48efc739":15,"a983a6dc":10,"f4b2f575":8,"394dc144":12,"0be540c5":7,"bab97de3":15,"1db42092":12,"b2bd8fd3":10,"2d1e1e9d":11,"6c73ae98":9,"946df4fd":10,"49910300":9,"74e01f6a":10,"12271e14":11,"a24e6670":9,"bad6cdb1":15,"13f0e139":9,"c609739e":16,"19f9ca86":13,"1da771fb":7,"83086d4c":7,"eda6a690":9,"95d3d348":7,"b769bdfb":5,"c7ab83c1":6,"c8113b77":10,"e4cfef0a":10,"abd32136":12,"a0685bf3":11,"0d7d88f1":9,"c510bfd3":11,"92ca52b7":13,"8ac72326":11,"33d6bb6a":11,"056ea7ff":7,"19551bad":9,"00a17b46":8,"55928ef1":11,"2352c8ef":9,"c85a0d80":7,"69134f07":10,"655954ba":7,"cb51f134":10,"53431634":12,"c7313e0a":6,"d9d7c4c2":10,"b5ce0c0c":14,"f2086446":6,"f8b31ce5":11,"7e76c93c":8,"37a7d5b0":12,"d634aa28":11,"f069bb07":10,"2a06ab95":12,"5747db6e":9,"d3a669ac":11,"ea822700":9,"fb7482fe":9,"508aac3d":7,"140ce69e":14,"d3e84616":12,"57540cc3":7,"f2f58418":6,"1d153b20":10,"da3437cd":8,"30d84dce":11,"fce3c5c6":10,"57167c74":12,"44ff8baa":12,"902f49f5":6,"751acea8":7,"2ad42a9e":10,"bb98a6cf":14,"6bc5d32a":13,"8493f3b2":8,"8f2a7d69":9,"d102b0c6":7,"c7c4ec5c":10,"4ea4a2a1":12,"288afc30":9,"cd95f558":11,"547903ef":16,"0c0e98ea":5,"1e191c98":3,"9d0546ac":8,"6b9eff39":10,"da04caac":11,"69eeae0d":10,"ae016053":10,"45b5746e":7,"fd482491":8,"cf1b8c47":8,"4abb7aed":9,"ee75b607":6,"7fef9973":11,"7f6d1d0e":7,"5eab91a0":9,"d4d5f466":11,"0d770b97":12,"93b0a158":7,"9c045c61":11,"6d5fcd4c":7,"68562193":8,"540df50f":11,"af034fee":7,"725dce8b":11,"5774ac0d":10,"8d04852b":13,"5ac86fb9":8,"8ec3834d":4,"e15fd611":8,"a1921150":17,"aff8e442":11,"04643409":5,"4ed01268":10,"93fdbb44":6,"8b2b601d":9,"cf84fb54":11,"66554572":6,"a543ec74":7,"6a60348e":11,"cf52025e":7,"6d802fa2":12,"a636f4c9":15,"8d753bb6":10,"23080895":9,"54a676d6":5,"dd1fcb17":6,"be1746a0":4,"03dcfa3d":14,"2203f259":9,"363590c7":8,"b769bdfb":6,"3f2522c2":9,"5b60dd1d":9,"93ac9ca3":10,"95d3d348":8,"7a840529":4,"7e95c5a0":13,"ba938220":7,"2a4a402a":9,"a8c93bed":9,"cc5a1d47":7,"dc0c8b09":13,"4d9b0b10":9,"385ab7c6":10,"13b53c7a":7,"55928ef1":12,"e57d5cda":17,"9a07d89b":6,"11b2c8d9":6,"79f04300":6,"90a06ee9":11,"9b172ca8":9,"70c1e715":8,"72d7b461":6,"c0e2624b":9,"5a07fc2e":7,"39ba00f0":9,"a625328f":11,"1f7607df":7,"69d4b754":10,"972f4174":7,"e1571af7":10,"a4296d1e":13,"aab4d996":5,"1e232870":8,"e32524d6":9,"d141db49":12,"04ea5673":13,"e5d3655c":10,"cc11fef9":7,"21ad2f34":5,"0cb80f4a":13,"b8397293":4,"2e99f8fd":10,"4ba6eb36":10,"02d4753e":7,"8d000d6e":9,"4ea4a2a1":13,"906632cb":9,"85de05f2":6,"1623fc9f":7,"3b690f68":10,"4e5aaaec":5,"a0cca8b7":4,"c2bb8aae":7,"d0c104c4":11,"cd421290":11,"751acea8":8,"2ad42a9e":11,"19e9776f":10,"da3437cd":9,"71e53c93":11,"3101354b":5,"cf1b8c47":9,"f789f6d8":11,"ec110282":12,"65e4235b":13,"dd035d2a":6,"6c20c153":8,"7ee7621c":9,"730a4938":14,"290b4714":14,"3b2dee89":9,"bd2705b0":9,"cb4f262b":12,"140ce69e":15,"21ee2afe":12,"6de0aaac":7,"6d5fcd4c":8,"8dd2684c":9,"fd6dcb20":4,"eeaa2d46":9,"12534561":2,"d6d61bfc":10,"ed4fad08":10,"5f6613c8":9,"72805bf5":14,"725dce8b":12,"5a734022":10,"48efc739":16,"77bae750":7,"bf822e33":10,"6e98dfda":13,"97e75c19":11,"c81b2bcf":8,"1d790491":11,"1db42092":13,"d9dcdc4b":13,"e81834aa":7,"064a99c8":8,"2d1e1e9d":12,"013ee301":7,"74e01f6a":11,"d36125db":12,"a0b03218":17,"045f280d":9,"03c398d2":5,"b7df1559":12,"f1098793":11,"4b4ef7fa":14,"5781776a":9,"42191b64":9,"d599b566":17,"f1dffa24":7,"25635c37":10,"39bbc4bc":18,"09f0db62":15,"07f98660":6,"e28c2efc":12,"a85d89cc":13,"8063df14":14,"ad303bda":15,"fef750ca":15,"cf9f4757":5,"f2e3c0e3":4,"7af262e5":6,"6034b6d0":12,"a06a6430":10,"eebc8d43":4,"d0d6acb1":8,"70bc8325":9,"1f342a00":6,"a6626a13":8,"de6213c7":19,"bca2d7cd":5,"aec074c4":15,"efe84c27":9,"69d4b754":11,"f2086446":7,"c4feee5b":11,"0a92153e":10,"e1571af7":11,"b2c25d1c":11,"554ebb83":8,"50312237":15,"6f0fcb9d":13,"5ee911b5":11,"6585adbe":5,"8493f3b2":9,"7ae3fc50":11,"14c682eb":9,"3498f223":5,"d9d7c4c2":11,"b5ce0c0c":15,"110b1ee3":12,"3fdb08f5":8,"94a2fe10":9,"5ab7bc35":9,"26ed1a5c":11,"88fa53d6":10,"059d6c19":13,"25e0dd3d":13,"d70ca4f4":15,"70594a28":7,"2bcca6a7":16,"062179c1":3,"d5dae4c4":11,"d8e58a8c":16,"71ba7561":6,"00a481e3":16,"95904ac4":12,"5f96c2bc":5,"b2cfdbcf":10,"3b2dee89":10,"aa187e3b":9,"00cf385d":13,"ad2d7bed":10,"20811ddf":11,"ee21ad02":14,"a502c93c":15,"26dd2000":8,"467773ac":11,"1f11812e":6,"40e79dd3":9,"261c9911":9,"4dac6b20":11,"2ad42a9e":12,"8dd2684c":10,"01d817b8":14,"8cc4a982":10,"2cb29e5a":10,"172217e5":5,"ef8321d8":8,"eeaa2d46":10,"76f3a3be":6,"13747b82":13,"64db4feb":11,"2132fe93":12,"a2c334e7":18,"5a734022":11,"1b881e6e":11,"68562193":9,"37fbb107":10,"6e98dfda":14,"b8ab8e6e":12,"77f31bab":14,"2a387957":12,"527ff946":15,"26009d3f":8,"0114160e":13,"2d1e1e9d":13,"a3d4a0e5":12,"ac62fac2":8,"dd1fcb17":7,"88a30343":16,"e36dfd6f":7,"baebb391":10,"792cfcbd":11,"4945c851":17,"bad6cdb1":16,"27c8e038":9,"e6fac295":11,"e238f09b":11,"77d35808":10,"3c43e8a2":12,"95d3d348":9,"f2470875":6,"c803b4a3":6,"50c468ba":9,"93b9fae6":8,"ec11fe5f":13,"d2466211":12,"0042f6eb":16,"abd32136":13,"25a2844e":13,"a0685bf3":12,"9c29f0ed":15,"284544ba":8,"5a07fc2e":8,"508aac3d":8,"aa5dfdf5":9,"fd07e0ed":8,"be2955bb":10,"e9679ede":9,"fe578280":13,"c318d350":11,"f6fe095d":13,"d0e9a58e":6,"00554ffd":13,"4ba6eb36":11,"1bd5b20b":5,"08a4c3f8":13,"288afc30":10,"792c9b6a":13,"6b78ad7f":10,"9b172ca8":10,"44c77422":11,"f2086446":8,"caddd0a7":12,"90a06ee9":12,"638cb163":16,"08a06557":17,"ce3bf5db":12,"7cd0ad7b":11,"1bc0591f":8,"d83294cd":10,"9b546d65":7,"1745a0f4":5,"fafb4cc2":14,"1d44aff3":7,"a472532e":11,"ef8987d7":17,"61145ec9":16,"7896b953":8,"f789f6d8":12,"67d30f2b":17,"abad2347":14,"54d7de6b":17,"04cc7cbe":9,"00cf385d":14,"d634aa28":12,"62d1d346":7,"8942c35b":8,"a577db1c":9,"bfad1727":11,"ddec9e54":7,"c45d554f":9,"1e191c98":4,"0149e11a":6,"db703021":8,"7e8e1c3d":11,"b6591e25":10,"3b7763b1":11,"efd23af5":11,"d25e0f8d":11,"fb7482fe":10,"aec074c4":16,"12dd6f5e":13,"25a7a0a3":14,"ef8321d8":9,"0e036ae9":10,"2cb29e5a":11,"d6320619":9,"416a9e97":11,"5e09f69e":14,"d6d61bfc":11,"0ecfa1c9":17,"68562193":10,"8d04852b":14,"288a2c43":10,"a1370ab0":6,"d957f027":5,"6291e9e9":10,"e8f173b5":10,"7732eb1e":15,"c6e3d352":7,"c27969ec":12,"d36125db":13,"b84a06eb":12,"a543ec74":8,"cac4449a":14,"4b3e3b1c":8,"03c398d2":6,"0d2c95fe":11,"2198ba8e":8,"d82592f4":7,"fe1d4419":13,"0d770b97":13,"e4c312fe":8,"9f74b8a4":7,"6034b6d0":13,"43d87483":10,"66d94227":8,"5339e1e9":9,"9d63c4dd":13,"527ff946":16,"2a387957":13,"e15fd611":9,"778c95e9":8,"fd369c21":14,"5747db6e":10,"1f7607df":8,"98915a1f":13,"c564e316":9,"c0b7e7d7":11,"5781776a":10,"971675c5":9,"c95719e5":7,"c7ab83c1":7,"4ba6eb36":12,"5f8517b7":12,"408bb2ed":9,"358e45b1":15,"acac14fb":9,"9f2b16a7":6,"470d50c2":8,"5e193fc8":9,"4c4aa2e2":9,"9267f0ef":15,"4577b333":10,"6a5b71b4":10,"a59a8290":14,"fee32863":8,"597c1f81":8,"e35a63cd":15,"d4ee22a4":13,"dc0c8b09":14,"ef14000f":11,"7bda83dd":9,"ec11fe5f":14,"a66a2d8a":9,"ef8987d7":18,"dc03ebd2":11,"49cb2959":8,"28654c76":13,"d5dae4c4":12,"a851891c":8,"4abb7aed":10,"0d770b97":14,"104721f0":13,"2045d7d6":17,"44c77422":12,"7e76c93c":9,"66b7b5b4":11,"0b959527":9,"805af3c7":11,"110b1ee3":13,"a0cca8b7":5,"d70ca4f4":16,"e2a7d915":11,"e786063b":10,"9d4da635":8,"8ea21393":11,"0af920d8":6,"feb67030":10,"27d8bf51":10,"58d46189":7,"6490bac6":12,"be40590d":8,"daab45c6":11,"4bcd4a30":13,"2a06ab95":13,"f87c5031":8,"eafbf9fb":11,"175bc6b2":7,"a63bddd4":16,"0e036ae9":11,"558d5ce7":10,"546f6845":10,"c93c3508":2,"d6d61bfc":12,"1ed46298":16,"71a2a493":10,"5e09f69e":15,"03b4ab60":15,"b230e8d3":12,"554ebb83":9,"40569362":11,"b35e9e1a":11,"1db42092":14,"d6db2b02":10,"411b5027":11,"6a60348e":12,"a543ec74":9,"e36dfd6f":8,"59c1e594":14,"f5829ac0":6,"c6e3d352":8,"1f88a4b7":17,"ae8a09c4":13,"71bc1295":9,"cbad3b92":14,"bd2705b0":10,"5eab91a0":10,"a6b5e869":7,"7f6d1d0e":8,"935ec056":6,"9cb4697f":12,"5a0eb771":8,"bda8cdfb":11,"d957f027":6,"50d129cf":9,"842c8340":8,"650bb0e0":12,"c81b2bcf":9,"70c1e715":9,"4bcd4a30":14,"9fc713b0":8,"5781776a":11,"3e082b37":11,"9a3cc55d":8,"8e4c33d2":12,"71ff66e8":5,"39bbc4bc":19,"b1f58563":8,"b2c25d1c":12,"f121b82c":12,"4f59a322":9,"c8113b77":11,"f1df62b4":10,"c38c2b52":14,"cc5a1d47":8,"82204d54":14,"597c1f81":9,"fef750ca":16,"00a17b46":9,"7af262e5":7,"92ca52b7":14,"9b546d65":8,"fe8f3d36":5,"0042f6eb":17,"00a481e3":17,"a851891c":9,"d9a64845":9,"95904ac4":13,"ec110282":13,"a472532e":12,"4c4aa2e2":10,"e7abc88d":6,"7f86be64":12,"8e780922":16,"3fdb08f5":9,"9b742f71":7,"ce3bf5db":13,"d9d7c4c2":12,"14c682eb":10,"a8726d50":12,"5f620a1e":7,"5a622a23":14,"655941a0":10,"e786063b":11,"30dbfc69":7,"e2a7d915":12,"75ffea08":7,"2209903e":12,"30fdcd3b":13,"25e0dd3d":14,"66b7b5b4":12,"56d315d8":10,"bc09fa9e":10,"b6591e25":11,"6490bac6":13,"4eed1bea":10,"b947257e":5,"d1ca5d6b":17,"272c7672":16,"2f455cce":6,"7db3edda":10,"be4f8ba8":10,"22176537":7,"140ce69e":16,"af157d29":12,"945b63f0":11,"7d6895f4":5,"fd6dcb20":5,"64db4feb":12,"a2c334e7":19,"60d6cee2":8,"bfcb912a":9,"288afc30":11,"9260d96b":15,"36fb15d2":6,"cd95f558":12,"a533489b":12,"7a2f3f06":7,"fa55f27a":9,"8cf83787":6,"159ffd0b":2,"3310a049":11,"820225e4":5,"73b15e04":11,"69eeae0d":11,"1c0a9eff":9,"730a4938":15,"ba586505":10,"6ee92259":10,"d39724bc":10,"00cf385d":15,"fea793f5":12
1604737422689,"081460bf":9,"5ac86fb9":9,"aec4e1bf":12,"6adce358":10,"6e98dfda":15,"5957df9e":11,"bda8cdfb":12,"bad1a1cc":10,"7e15f8e8":13,"c98d5272":8,"e28c2efc":13,"cb142908":12,"4d9b0b10":10,"d4ee22a4":14,"ef91eaae":9,"2bcca6a7":17,"e5b1abc6":10,"7566fdd6":10,"629800eb":14,"9a07d89b":7,"dc0c8b09":15,"8b5a8e9f":16,"f67de058":12,"1105f790":12,"1be05c14":6,"c609739e":17,"489a39f7":6,"ae8a09c4":14,"cf84fb54":12,"2198ba8e":9,"48655f09":8,"03c398d2":7,"13f0e139":10,"263762cb":10,"42191b64":10,"b935fc1c":10,"b769bdfb":7,"3712c4bd":9,"27f52ed3":14,"836701f6":10,"a5676c24":13,"7db3edda":11,"4bcd4a30":15,"aa5dfdf5":10,"88b3bc99":10,"e58b26f6":11,"70c1e715":10,"cbb54a0a":8,"313258f2":11,"195eb771":10,"3a291497":7,"aa867541":6,"a5fd8ffd":17,"3f75d3bc":13,"7f6d1d0e":9,"5b5fc566":10,"20811ddf":12,"6ee92259":11,"d4d5f466":12,"aa187e3b":10,"bec9d329":14,"288afc30":12,"fa55f27a":10,"336d0f08":11,"82b81567":6,"b35e9e1a":12,"31f6d707":11,"1ff8c2fc":16,"95bc84f1":6,"a4296d1e":14,"1a68160d":10,"b2c25d1c":13,"34c5c729":9,"5be594be":9,"168e75d9":9,"c8fcad77":7,"79f04300":7,"df2b4d87":17,"2154b6e8":4,"fbdffc95":9,"7043382d":9,"5ccf94d6":12,"ce3bf5db":14,"655941a0":11,"72b84094":7,"30dbfc69":8,"f734c84c":9,"859545e6":8,"bfad1727":12,"0841052c":9,"18d20aa1":4,"6f81493d":15,"5fa12feb":14,"a8726d50":13,"18815a1b":10,"3f65f121":12,"1d153b20":11,"88432019":7,"6143f39d":5,"0277d748":16,"f5596d0f":9,"42c80e69":8,"aec4e1bf":13,"e9a8cf11":13,"227006e4":7,"031e488e":11,"2ab62345":10,"5a734022":12,"1d790491":12,"5339e1e9":10,"9fce073c":12,"a85d89cc":14,"f5e8dfee":14,"0785820e":11,"9d023afb":10,"6a5b71b4":11,"9a3ab0b8":6,"4c0e547b":9,"b73e789c":9,"2352c8ef":10,"f7231212":6,"be3a10f8":10,"1dad0f99":10,"20958d58":8,"0149e11a":7,"a68a93b2":8,"4eed1bea":11,"0b5a0408":12,"11888cfa":5,"fb44fa9c":9,"7732eb1e":16,"03c398d2":8,"e7e82473":18,"87922532":11,"b84a06eb":13,"a636f4c9":16,"a543ec74":10,"23080895":10,"2c24d929":12,"dfc89705":9,"2203f259":10,"971675c5":10,"83086d4c":8,"c564e316":10,"5b60dd1d":10,"71ff66e8":6,"9a3cc55d":9,"9d9dd9e5":7,"6e98dfda":16,"6adce358":11,"90d52475":7,"f4b2f575":9,"2a06ab95":14,"22234d6b":6,"2c01e624":9,"1f7607df":9,"dd7acb96":6,"4bcd4a30":16,"911e770b":11,"3a291497":8,"b28a5e67":6,"345c9967":10,"65e4235b":14,"616d6dd6":14,"56473430":11,"dd035d2a":7,"4652b09a":4,"b3f19a69":14,"00cf385d":16,"37d0cae2":8,"7fef9973":12,"e4117b3b":9,"7f6d1d0e":10,"5f8517b7":13,"8245f916":12,"e0e6a097":9,"d33790a2":14,"c4aa1e38":7,"336d0f08":12,"1bd5b20b":6,"c5b35e4d":6,"d34a29b9":16,"06ee61b6":10,"69134f07":11,"5be594be":10,"be2955bb":11,"8e99d5d0":15,"1623fc9f":8,"259930ee":11,"62d1d346":8,"261c9911":10,"d141db49":13,"d634aa28":13,"e2a7d915":13,"7be025ce":8,"debe1f65":14,"caddd0a7":13,"4279e829":9,"44c77422":13,"79e4fa1c":7,"30dbfc69":9,"0841052c":10,"21e10a2b":13,"f1b493de":10,"12dd6f5e":14,"dfa1a89b":9,"30dd2edc":14,"9c045c61":12,"fd6dcb20":6,"865d9857":8,"416a9e97":12,"1ed46298":17,"5774ac0d":11,"081460bf":10,"64db4feb":13,"32133249":16,"47cfba38":7,"e4714415":10,"ffa08d82":9,"9c29f0ed":16,"c8113b77":12,"eebc8d43":5,"062179c1":4,"67c57de4":14,"a59a8290":15,"53b4e647":13,"c803b4a3":7,"13b53c7a":8,"831c7b85":9,"cc5a1d47":9,"0f89862c":8,"78467b8a":14,"547903ef":17,"0c043224":9,"40e79dd3":10,"110b1ee3":14,"95bc84f1":7,"a6bcb07e":12,"28d41578":4,"cf50e84e":6,"d9dcdc4b":14,"3310a049":12,"8eb64769":7,"f044c0e1":8,"a636f4c9":17,"a543ec74":11,"9fc713b0":9,"804d4dfa":9,"bc392d1c":7,"56752a4a":7,"60e855ee":12,"71ff66e8":7,"19f9ca86":14,"c0b7e7d7":12,"b769bdfb":8,"6d61bf13":7,"1da771fb":8,"23760167":7,"7e15f8e8":14,"66d94227":9,"50d129cf":10,"04643409":6,"8ec3834d":5,"394dc144":13,"22234d6b":7,"6751d8e4":14,"884b0ad1":8,"88b3bc99":11,"1f7607df":10,"f789f6d8":13,"08a561b7":8,"ee75b607":7,"ae016053":11,"bd2705b0":11,"f905a555":10,"b7407bd3":17,"b377a62a":7,"06073f13":10,"4ea4a2a1":14,"fe0df575":10,"7a6aa4b6":10,"49bf2e95":7,"a0cf08b3":6,"4258c176":14,"e4117b3b":10,"7896b953":9,"f598a332":17,"c85a0d80":8,"dcf85091":11,"7043382d":10,"ebdbf580":11,"28d40296":3,"145c7559":15,"0a2f71bc":6,"4b4ecbce":11,"b6ee137a":10,"5f620a1e":8,"f3a0c2ee":7,"7fef9973":13,"ba586505":11,"aa187e3b":11,"dd7acb96":7,"911e770b":12,"172217e5":6,"945b63f0":12,"6143f39d":6,"22176537":8,"09560615":9,"6de0aaac":8,"f87c5031":9,"c93c3508":3,"bfcb912a":10,"47cfba38":8,"07f98660":7,"91536e85":9,"385ab7c6":11,"629800eb":15,"fead11cf":12,"7566fdd6":11,"78467b8a":15,"869cbaa0":9,"c510bfd3":12,"32c9fc47":7,"07fc4a9a":9,"d36125db":14,"820225e4":6,"7732eb1e":17,"c6e3d352":9,"b84a06eb":14,"792cfcbd":12,"26c6fa34":9,"05642105":5,"2c24d929":13,"742f1425":10,"48655f09":9,"9c58dd76":10,"317c1591":7,"3c43e8a2":13,"971675c5":11,"8dc9b4db":10,"77bfed7e":15,"a8c93bed":10,"1e232870":9,"e2a7d915":14,"3b690f68":11,"f8b31ce5":12,"547903ef":18,"4279e829":10,"92f800f5":10,"d634aa28":14,"a0ce82b4":11,"62d1d346":9,"913a6226":7,"751bcf25":12,"a8726d50":14,"0149e11a":8,"cd3bbe7e":12,"07107f6e":16,"180377be":5,"cd522166":15,"c6dc900c":11,"dc473de1":10,"c852d240":14,"57d5dee8":14,"35aa7fd0":9,"31d74eee":5,"23760167":8,"48efc739":17,"c81b2bcf":10,"aff8e442":12,"90d52475":8,"47d27624":5,"fe8f3d36":6,"313258f2":12,"0a1d11e6":13,"1d44aff3":8,"616d6dd6":15,"d8e58a8c":17,"8a165e17":11,"83b2f9c5":10,"7ee7621c":10,"bb00e71c":8,"26f99a1e":11,"3a204e56":13,"0b3283c9":11,"8c6e001f":7,"fa55f27a":11,"5ee911b5":12,"08a4c3f8":14,"cfe72ead":6,"7ae3fc50":12,"a533489b":13,"685207b3":10,"501db4de":12,"c21ab51e":6,"79f04300":8,"dbc9df44":7,"168e75d9":10,"d9d7c4c2":13,"e7abc88d":7,"0f029727":12,"2882a956":10,"93b0a158":8,"d929098e":6,"e6ec8cbf":14,"4b125e7b":8,"7028b044":7,"ef1c2dcb":10,"1f342a00":7,"2d54e0a8":8,"284544ba":9,"f069bb07":11,"dd7acb96":8,"8cc4a982":11,"3454fa2b":12,"6143f39d":7,"d2a841c9":10,"cf9f4757":6,"76f94eda":9,"f7231212":7,"9fce073c":13,"b73e789c":10,"0f89862c":9,"f8b31ce5":13,"b7505747":11,"e3547548":5,"5a622a23":15,"0a2f71bc":7,"a33fe0dd":15,"feb67030":11,"655941a0":12,"c8977844":12,"2b3c49b9":9,"27d8bf51":11,"0841052c":11,"30d84dce":12,"07107f6e":17,"21ad2f34":6,"467773ac":12,"61f25dd4":13,"4eed1bea":12,"d0c104c4":12,"20958d58":9,"2b698053":5,"a24e6670":10,"1f88a4b7":18,"59431390":16,"90731976":5,"064a99c8":9,"9fc713b0":10,"66554572":7,"cf50e84e":7,"ac62fac2":9,"f5829ac0":7,"64a7f79f":8,"c609739e":18,"87ce8d1d":6,"eed20185":10,"e238f09b":12,"363590c7":9,"83086d4c":9,"27f52ed3":15,"d599b566":18,"c564e316":11,"fb7b7b3c":18,"cfafcda8":8,"c803b4a3":8,"dd3913d2":5,"b87158fb":11,"a59a8290":16,"6de0aaac":9,"f87c5031":10,"8547fbc2":16,"9b3f8714":8,"d6d61bfc":13,"227006e4":8,"af034fee":8,"9f5e6cba":13,"24a9fb86":13,"0681c48e":11,"088feee2":12,"77f31bab":15,"6adce358":12,"a1921150":18,"d5557fb4":13,"8a52882e":13,"1634789b":16,"dc0c8b09":16,"a901627e":3,"83b2f9c5":11,"42cd2360":7,"a472532e":13,"ae016053":12,"a0cf08b3":7,"f905a555":11,"6b78ad7f":11,"1a2c020b":15,"c85a0d80":9,"9b742f71":8,"d0c0fc08":8,"fa55f27a":12,"3652bd66":12,"b377a62a":8,"b8397293":5,"40569362":12,"8c6e001f":8,"04bef50c":6,"9cb4697f":13,"d1d40c9c":14,"91b28f83":9,"26c390d6":9,"dd7acb96":9,"d1ca5d6b":18,"3c6692a3":10,"284544ba":10,"d744bee2":11,"a625328f":12,"140ce69e":17,"d3e84616":13,"546f6845":11,"2cb29e5a":12,"22ecaed0":8,"217c0327":8,"7fef9973":14,"95d331b1":6,"d815c5b4":11,"621d6b18":12,"d83294cd":11,"8b2b601d":10,"11888cfa":6,"1c3a30c5":5,"1138796e":13,"3310a049":13,"bc392d1c":8,"32c9fc47":8,"458dcc3d":14,"468fc85c":8,"d36125db":15,"8d753bb6":11,"71bc1295":10,"23080895":11,"8eb64769":8,"c0b7e7d7":13,"09ff339a":7,"2203f259":11,"39bbc4bc":20,"6d61bf13":8,"095ab3b4":9,"5410e9c6":8,"36380d96":10,"dbc9df44":8,"65a00a3c":9,"7f86be64":13,"638cb163":17,"04ea5673":14,"c7636527":11,"d9f512b9":14,"7e8e1c3d":12,"e5d3655c":11,"5f620a1e":9,"5fa12feb":15,"e2cbe594":7,"d70ca4f4":17,"27d8bf51":12,"4279e829":11,"3007f31f":5,"a68a93b2":9,"7bebff03":8,"b6591e25":12,"751acea8":9,"debe1f65":15,"c3e6ef01":13,"c8977844":13,"c803b4a3":9,"9aa6a054":12,"1dad0f99":11,"8721056e":5,"a85d89cc":15,"13b53c7a":9,"416a9e97":13,"6867261a":12,"60d6cee2":9,"af034fee":9,"5774ac0d":12,"aec4e1bf":14,"2132fe93":13,"9d9dd9e5":8,"32133249":17,"c67979e6":12,"faf3ed07":15,"97e75c19":12,"37fbb107":11,"cb6c9e42":16,"bad1a1cc":11,"93b9fae6":9,"8063df14":15,"eb2e1983":10,"d78dd457":6,"9a07d89b":8,"a8c93bed":11,"7896b953":10,"45b038bb":11,"00554ffd":14,"5a0ead91":9,"c7c4ec5c":11,"4ba6eb36":13,"7a6aa4b6":11,"82b81567":7,"43bc86e3":14,"52eca0dc":10,"f789f6d8":14,"61145ec9":17,"00a481e3":18,"45b5746e":8,"2d13e69b":13,"2180f99b":12,"ef1c2dcb":11,"c0e2624b":10,"84b767be":15,"7e991ab9":6,"2c01e624":10,"945b63f0":13,"0d770b97":15,"00cf385d":17,"e6ec8cbf":15,"a6b5e869":8,"9d4f1fe6":11,"bd2705b0":12,"7ee7621c":11,"d9dcdc4b":15,"bbe71605":12,"69f3bfcc":12,"a543ec74":12,"87ce8d1d":7,"1db42092":15,"66554572":8,"458dcc3d":15,"eed20185":11,"11888cfa":7,"f1098793":12,"06ddafc7":12,"2c24d929":14,"6be9332a":10,"7f86be64":14,"972f4174":8,"4e3f5178":10,"a4296d1e":15,"f121b82c":13,"9b742f71":9,"1247fa52":11,"ea6de194":7,"aab4d996":6,"57167c74":13,"c7636527":12,"dac109cf":13,"1623fc9f":9,"92136ff5":12,"c4e70c07":8,"4295ce9a":7,"c2bb8aae":8,"ab7467de":14,"dbd2f139":10,"f9f2c53f":7,"5272520d":7,"2209903e":13,"1e7753d9":15,"c8dc010f":9,"467773ac":13,"feb67030":12,"a4f1d83b":9,"66b7b5b4":13,"e57d5cda":18,"2b698053":6,"87cd2add":11,"ccdd1ce6":5,"9a467a82":13,"eeaa2d46":11,"0277d748":17,"f87c5031":11,"315537b2":13,"f94bf9ea":2,"aec4e1bf":15,"540df50f":12,"162a7348":9,"031e488e":12,"9d9dd9e5":9,"57d5dee8":15,"36b7003c":12,"74e3d13e":7,"a983a6dc":11,"6adce358":13,"c67979e6":13,"44a4f7cd":4,"c98d5272":9,"9fce073c":14,"b9be31d6":7,"0f89862c":10,"478d2d4f":10,"6f39f4d9":14,"13b53c7a":10,"0bfabf48":13,"2a76f1dd":8,"e35a63cd":16,"0042f6eb":18,"33d6bb6a":12,"f1dffa24":8,"77d35808":11,"39bbc4bc":21,"42191b64":11,"0b3283c9":12,"e7773397":9,"7ee148e9":10,"7a2f3f06":8,"4ac6bd4e":11,"7a6aa4b6":12,"1ff8c2fc":17,"336d0f08":13,"fa55f27a":13,"49bf2e95":8,"4bc46d7a":9,"5f96c2bc":6,"a472532e":14,"43bc86e3":15,"cbb54a0a":9,"dd7acb96":10,"b7832271":7,"6751d8e4":15,"ef1c2dcb":12,"2c627253":6,"aaa274a5":11,"5f0c1b9d":19,"781ace7d":10,"abc1d7ad":16,"20811ddf":13,"91b28f83":10,"ae99df30":8,"a6b5e869":9,"0d770b97":16,"4652b09a":5,"b3f19a69":15,"1db42092":16,"8aa78e2f":9,"cf84fb54":13,"07fc4a9a":10,"e6fac295":12,"0be540c5":8,"13f0e139":11,"4b3e3b1c":9,"8eb64769":9,"e81834aa":8,"04612878":8,"804d4dfa":10,"c27969ec":13,"80a8a56d":11,"9267f0ef":16,"e7abc88d":8,"754f98c9":8,"8e99d5d0":16,"168e75d9":11,"704bce0d":10,"e5d3655c":12,"cc6bbe45":11,"37a7d5b0":13,"e786063b":12,"30c5d755":14,"719c8869":11,"7e8e1c3d":13,"20777945":6,"dac109cf":14,"27d8bf51":13,"cc11fef9":8,"cd421290":12,"a851554d":10,"c8977844":14,"53747a91":8,"902f49f5":7,"0a96f57a":15,"751acea8":10,"0af920d8":7,"655941a0":13,"5ccf94d6":13,"9e206c95":11,"0e036ae9":12,"865d9857":9,"b946e146":13,"6cba74ce":7,"b9a48a5c":11,"08c6b5d2":6,"0ecfa1c9":18,"03b4ab60":16,"5774ac0d":13,"b35bb8a1":8,"031e488e":13,"31f6ba51":7,"37fbb107":12,"0681c48e":12,"815e4582":10,"f2364460":9,"9d63c4dd":14,"9ceb5439":4,"aff8e442":13,"c98d5272":10,"67c57de4":15,"93b9fae6":10
1604737423770,"1f342a00":8,"2180f99b":13,"71bc1295":11,"8274885a":9,"5410e9c6":9,"f2470875":7,"e45b4b53":5,"5270f158":10,"22aeaf03":10,"b769bdfb":9,"7a6aa4b6":13,"b7407bd3":18,"3652bd66":13,"45b038bb":12,"f1862e79":10,"0ac825ed":9,"d102b0c6":8,"6b78ad7f":12,"7f86be64":15,"af7e5be8":13,"6a5b71b4":12,"ad303bda":16,"92ca52b7":15,"e57d5cda":19,"33d6bb6a":13,"cd522166":16,"ef91eaae":10,"b87158fb":12,"062179c1":5,"1105f790":13,"2a76f1dd":9,"f33c0140":10,"0dad37d5":8,"acac14fb":10,"6fb4cdda":10,"696fdac5":11,"b320feb9":4,"72b84094":8,"14c682eb":11,"8ea21393":12,"db703021":9,"4def63ee":6,"c45d554f":10,"ddec9e54":8,"ca7d47f7":14,"75ffea08":8,"902f49f5":8,"2b3c49b9":10,"19e9776f":11,"cbb54a0a":10,"6e851762":14,"e58b26f6":12,"3062379b":9,"c793cdda":12,"12dd6f5e":15,"25a7a0a3":15,"53a8613c":11,"d1715f3b":8,"09560615":10,"2dda3936":9,"3661e12d":15,"da3437cd":10,"259930ee":12,"f883d582":8,"dac109cf":15,"7e8e1c3d":14,"cd3bbe7e":13,"c650b434":15,"c8977844":15,"95f6db13":8,"b2703001":9,"a3d4a0e5":13,"013ee301":8,"73b15e04":12,"7732eb1e":18,"f1098793":13,"26009d3f":9,"a15713c6":16,"28654c76":14,"91f7ef72":11,"8a165e17":12,"65e4235b":15,"ae016053":13,"935ec056":7,"781ace7d":11,"9cb4697f":14,"e382ec3f":7,"04bef50c":7,"f0a06216":13,"87c462ee":8,"ea4d3f3e":10,"5f6613c8":10,"d6d61bfc":14,"540df50f":13,"227006e4":9,"31f6ba51":8,"6867261a":13,"c9efc8f6":9,"815e4582":11,"36684155":8,"93fdbb44":7,"1a0189c4":10,"cf775f58":12,"aff8e442":14,"a9b1bd51":11,"cbad3b92":15,"e81834aa":9,"12a2cd4b":7,"87ce8d1d":8,"48655f09":10,"4b4ef7fa":15,"7ee148e9":11,"2203f259":12,"b935fc1c":11,"fe1d4419":14,"b1f58563":9,"b769bdfb":10,"f6fe095d":14,"b35e9e1a":13,"ea274174":11,"07f98660":8,"2b698053":7,"621d6b18":13,"b102f7bd":12,"af7e5be8":14,"0042f6eb":19,"6034b6d0":14,"9d023afb":11,"ffa08d82":10,"78467b8a":16,"7566fdd6":12,"33d6bb6a":14,"c463799d":12,"78b97937":10,"dbc9df44":9,"0a92153e":11,"5e193fc8":10,"0dad37d5":9,"1a68160d":11,"b2c25d1c":14,"5ab7bc35":10,"34c5c729":10,"7043382d":11,"ba30e43a":18,"44c77422":14,"88fa53d6":11,"7be025ce":9,"ea6de194":8,"70594a28":8,"27d8bf51":14,"142d6987":9,"751bcf25":13,"21ad2f34":7,"7e991ab9":7,"0d2a1c58":3,"508aac3d":9,"72d7b461":7,"b947257e":6,"fb7482fe":11,"2a06ab95":15,"3661e12d":16,"9e206c95":12,"0277d748":18,"be4f8ba8":11,"e9adbe58":8,"f87c5031":12,"3b690f68":12,"a0ce82b4":12,"7b6a7048":7,"7a9344a4":6,"b6591e25":13,"da3437cd":11,"f4343817":11,"5272520d":8,"30fdcd3b":14,"336d0f08":14,"d0e9a58e":7,"06073f13":11,"00554ffd":15,"379184a7":13,"8cf83787":7,"ce4da56f":8,"313258f2":13,"195eb771":11,"abc1d7ad":17,"dc03ebd2":12,"71e53c93":12,"2dd0e808":12,"db8ba455":12,"4b125e7b":9,"f0a06216":14,"9d4f1fe6":12,"04bef50c":8,"d815c5b4":12,"b0869206":6,"1c0a9eff":10,"2dda3936":10,"aa9ea5e8":7,"a6003226":6,"540df50f":14,"227006e4":10,"181c3dd5":11,"24a9fb86":14,"9f5e6cba":14,"d5557fb4":14,"90d52475":9,"394dc144":14,"d1fe2868":6,"5957df9e":12,"47d27624":6,"25d1b2d8":9,"820225e4":7,"28d41578":5,"59431390":17,"c27969ec":14,"6db0ea86":14,"dfc89705":10,"03dcfa3d":15,"0be540c5":9,"12271e14":12,"17807120":9,"24d24fa3":6,"03c398d2":9,"312f7676":10,"dc583e64":7,"a40846b7":15,"5623817d":10,"09f0db62":16,"363590c7":10,"6085137f":8,"a85d89cc":16,"056ea7ff":8,"7a840529":5,"6a5b71b4":13,"9a07d89b":9,"8b5a8e9f":17,"7566fdd6":13,"a567ace4":11,"91536e85":10,"dd3913d2":6,"af7e5be8":15,"a59a8290":17,"f2e3c0e3":5,"bd62d7ed":8,"696fdac5":12,"c5b35e4d":7,"704bce0d":11,"f8b31ce5":14,"730338c4":13,"2d13e69b":14,"6a3eaf43":10,"88b3bc99":12,"af0b61ab":10,"2c627253":7,"aec074c4":17,"315537b2":14,"57540cc3":8,"e1618359":15,"4fd645f1":10,"a836aa93":7,"4c39240e":13,"ab7467de":15,"bd984a8e":10,"4777334c":10,"6b78ad7f":13,"4dac6b20":12,"259930ee":13,"142d6987":10,"2b3c49b9":11,"a33fe0dd":16,"4279e829":12,"18d20aa1":5,"56d315d8":11,"ffc86f94":9,"b35e9e1a":14,"379184a7":14,"3d1af513":7,"02d4753e":8,"408bb2ed":10,"ea274174":12,"06073f13":12,"5c82d1ce":5,"c2bb8aae":9,"913a6226":8,"655941a0":14,"7b6a7048":8,"d70ca4f4":18,"4360a1a3":9,"c91966ce":6,"a5fd8ffd":18,"61145ec9":18,"49cb2959":9,"ec110282":14,"28654c76":15,"1d44aff3":9,"91b28f83":11,"04cc7cbe":10,"88ce179e":13,"51a3e9c2":10,"935ec056":8,"558d5ce7":11,"6143f39d":8,"fd6dcb20":7,"623c6a31":8,"9e206c95":13,"7af9d3b1":8,"74e3d13e":8,"181c3dd5":12,"5eaa1581":9,"1ed46298":18,"c64de0c0":6,"35aa7fd0":10,"23760167":9,"37fbb107":13,"a939b50b":11,"d5557fb4":15,"9d9dd9e5":10,"842c8340":9,"6e98dfda":17,"ce4da56f":9,"26009d3f":10,"d9dcdc4b":16,"5678ed7b":13,"a3d4a0e5":14,"4b4ef7fa":16,"90731976":6,"eed20185":12,"8d753bb6":12,"64a7f79f":9,"12271e14":13,"ac62fac2":10,"dd1fcb17":8,"481754fc":5,"3712c4bd":10,"27f52ed3":16,"83086d4c":10,"82868763":9,"26f99a1e":12,"b935fc1c":12,"c7ab83c1":8,"b3f19a69":16,"4b125e7b":10,"d4ee22a4":15,"f7231212":8,"ac030e74":7,"dc0c8b09":17,"478d2d4f":11,"e4cfef0a":11,"93b9fae6":11,"cd522166":17,"e28c2efc":14,"5f4102da":6,"1bc0591f":9,"cb142908":13,"c6dc900c":12,"2a76f1dd":10,"9267f0ef":17,"754f98c9":9,"a3253019":16,"470d50c2":9,"c7313e0a":7,"d548635d":6,"501db4de":13,"14c682eb":12,"aab4d996":7,"c8fcad77":8,"26c390d6":10,"d552eb2f":6,"2180f99b":14,"6751d8e4":16,"50c3164b":13,"fb7482fe":12,"aa5dfdf5":11,"7be025ce":10,"638cb163":18,"4577b333":11,"4295ce9a":8,"3a1b9af5":9,"b2a8761b":11,"de11eb19":16,"c7c4ec5c":12,"b7407bd3":19,"d102b0c6":9,"b377a62a":9,"57167c74":14,"8f9b74b0":7,"2b3c49b9":12,"142d6987":11,"5f0c1b9d":20,"6e44927f":5,"fd482491":9,"ef8987d7":19,"e865e4dd":7,"00a481e3":19,"dd035d2a":8,"ab7467de":16,"4279e829":13,"9a80f004":15,"e62d705f":5,"e21c6207":9,"1e7753d9":16,"d634aa28":15,"79e4fa1c":8,"0c043224":10,"bb98a6cf":15,"172217e5":7,"6cba74ce":8,"3661e12d":17,"25a7a0a3":16,"49902219":13,"12012fbd":13,"08c6b5d2":7,"5ac86fb9":10,"b230e8d3":13,"1ed46298":19,"2ab62345":11,"51f80f4c":13,"64db4feb":14,"3c18f28e":12,"7e15f8e8":15,"1d790491":13,"a939b50b":12,"a983a6dc":12,"04643409":7,"a1921150":19,"789bd484":8,"e7e82473":19,"d6db2b02":11,"f5829ac0":8,"4945c851":18,"26009d3f":11,"1c3a30c5":6,"e36dfd6f":9,"045f280d":10,"742f1425":11,"6be9332a":11,"a543ec74":13,"812b4f15":13,"cbad3b92":16,"c27969ec":15,"3712c4bd":11,"e45b4b53":6,"27f52ed3":17,"f2470875":8,"26f99a1e":13,"095ab3b4":10,"014bdff0":4,"ae99df30":9,"93b0a158":9,"abad2347":15,"1bb4ccc0":8,"00cf385d":18,"bf30a08f":10,"d39724bc":11,"d5059415":12,"597c1f81":10,"7a4c064c":14,"7a840529":6,"fef750ca":17,"87cd2add":12,"478d2d4f":12,"ba938220":8,"b8488fc8":10,"056ea7ff":9,"6a7392d5":12,"a59a8290":18,"972f4174":9,"acac14fb":11,"7f86be64":16,"f2086446":9,"4b4ecbce":12,"501db4de":14,"c4feee5b":12,"bca2d7cd":6,"d744bee2":12,"2d54e0a8":9,"f271ed5d":6,"92efd84f":12,"4bcd4a30":17,"508aac3d":10,"14c682eb":13,"e32524d6":10,"fa55f27a":14,"2e99f8fd":11,"b4fdf90e":10,"1bd5b20b":7,"8f2a7d69":10,"31f6d707":12,"8245f916":13,"ca7d47f7":15,"0f029727":13,"24ffcbd3":14,"2af60749":13,"c6dc900c":13,"dc0c8b09":18,"dc03ebd2":13,"195eb771":12,"810aa5e9":6,"781ace7d":12,"8a165e17":13,"61145ec9":19,"f3a0c2ee":8,"b7505747":12,"72b84094":9,"f734c84c":10,"e1f0dbfd":11,"c8977844":16,"07107f6e":18,"19e9776f":12,"a851554d":11,"30dbfc69":10,"70594a28":9,"6e24d88b":7,"6490bac6":14,"1a2ec5d7":15,"0841052c":12,"94a2fe10":10,"af157d29":13,"15620dca":10,"0e036ae9":13,"a77e8461":9,"9e206c95":14,"ec2cb1af":8,"945b63f0":14,"be149c6f":11,"35aa7fd0":11,"a1370ab0":7,"5ac86fb9":11,"aa9ea5e8":8,"42c80e69":9,"288a2c43":11,"5a0eb771":9,"cf775f58":13,"7e15f8e8":16,"5957df9e":13,"a1921150":20,"84369269":7,"77f31bab":16,"013ee301":9,"28d41578":6,"8298e976":16,"f277386e":7,"3c782bb3":8,"59431390":18,"b460f030":11,"d36125db":16,"aa00769b":14,"a43061ee":10,"12a2cd4b":8,"2198ba8e":10,"24d24fa3":7,"ad8f85d6":10,"3f2522c2":10,"7ee148e9":12,"9a3cc55d":10,"e45b4b53":7,"b935fc1c":13,"fe1d4419":15,"f56ac638":8,"d929098e":7,"ad2d7bed":11,"8bc04eb5":7,"7fef9973":15,"88ce179e":14,"9cb4697f":15,"6f39f4d9":15,"91536e85":11,"d4ee22a4":16,"ae95f2ba":10,"ef14000f":12,"9c29f0ed":17,"53b4e647":14,"6c486702":8,"ebdbf580":12,"69134f07":12,"f4726450":8,"835358a0":9,"9ab755d3":11,"b5763ff6":9,"508aac3d":11,"7db3edda":12,"7028b044":8,"53431634":13,"c4feee5b":13,"696fdac5":13,"c7ab83c1":9,"31f6d707":13,"92d38723":11,"608bc832":7,"5a0ead91":10,"8493f3b2":10,"82b81567":8,"8323d333":12,"d34a29b9":17,"acac14fb":12,"e1571af7":12,"75ffea08":9,"2154b6e8":5,"4fd645f1":11,"478d2d4f":13,"062179c1":6,"d78dd457":7,"13b53c7a":11,"8b5a8e9f":18,"50b558a7":9,"a901627e":4,"195eb771":13,"61145ec9":20,"6023df54":2,"a472532e":15,"d5dae4c4":13,"5f96c2bc":7,"57167c74":15,"3fdb08f5":10,"dac109cf":16,"92136ff5":13,"53747a91":9,"9d0546ac":9,"d70ca4f4":19,"6490bac6":15,"0c0e98ea":6,"07107f6e":19,"655941a0":15,"0149e11a":9,"4eed1bea":13,"9d4da635":9,"142d6987":12,"110b1ee3":15,"1a2ec5d7":16,"f87c5031":13,"d6320619":10,"53a8613c":12,"a63bddd4":17,"f2f58418":7,"623c6a31":9,"7080f122":7,"0681c48e":13,"42c80e69":10,"c9efc8f6":10,"c93c3508":4,"b7cc7909":12,"60d6cee2":10,"725dce8b":13,"36684155":9,"48efc739":18,"2b3e4717":12,"088feee2":13,"36b7003c":13,"25d1b2d8":10,"ce3407dd":12,"e36dfd6f":10,"1438fad7":9,"05642105":6,"de36827b":12,"d9dcdc4b":17,"11888cfa":8,"73b15e04":13,"07fc4a9a":11,"12a2cd4b":9,"458dcc3d":16,"aa00769b":15,"35b58ef9":7,"742f1425":12,"c609739e":19,"014bdff0":5,"5623817d":11,"39bbc4bc":22,"d1676e89":8,"ee75b607":8,"cb4f262b":13,"d1d40c9c":15,"b0869206":7,"aa187e3b":12,"124fbe96":5,"bb00e71c":9,"00a17b46":10,"e57d5cda":20,"abd32136":14,"3c6692a3":11,"2a06ab95":16,"5747db6e":11,"383e232d":9,"70c1e715":11,"1f342a00":9,"b947257e":7,"754f98c9":10,"c85a0d80":10,"26f99a1e":14,"a77e127d":9,"c7ab83c1":10,"82b81567":9,"6f0fcb9d":14,"554ebb83":10,"31f6d707":14,"00554ffd":16,"b4fdf90e":11,"cd95f558":13,"b2c25d1c":15,"0dad37d5":10,"b215547b":5,"5e193fc8":11,"4b4ecbce":13,"6a5b71b4":14,"c803b4a3":10,"9c29f0ed":18,"ae95f2ba":11,"9b546d65":9,"fead11cf":13,"2352c8ef":11,"cfafcda8":9,"19551bad":10,"c6dc900c":14,"50b558a7":10,"7c0a2db6":14,"e865e4dd":8,"195eb771":14,"3f75d3bc":14,"d9d7c4c2":14,"aab4d996":8,"5ab7bc35":11,"65a00a3c":10,"b5ce0c0c":16,"e32524d6":11,"a577db1c":10,"2ad42a9e":13,"8f9b74b0":8,"70594a28":10,"debe1f65":16,"9d4da635":10,"d033db8d":13,"ab7467de":17,"4ee62a26":5,"bfad1727":13,"751acea8":11,"53747a91":10,"dae0f922":16,"180377be":6,"3b690f68":13,"9de29816":12,"d3e84616":14,"9a467a82":14,"6cba74ce":9,"ccdd1ce6":6,"f5596d0f":10,"d2a841c9":11,"a6003226":7,"6df0b2e8":20,"3a1d1632":8,"13747b82":14,"5f6613c8":11,"181c3dd5":13,"227006e4":11,"254cc28c":12,"527ff946":17,"b8ab8e6e":13
1604737424578,"a3d4a0e5":15,"a24e6670":11,"f044c0e1":9,"66554572":9,"d6db2b02":12,"59431390":19,"0114160e":14,"064a99c8":10,"a43061ee":11,"6be9332a":12,"cf52025e":8,"0eaf08da":17,"468fc85c":9,"bc392d1c":9,"3f2522c2":11,"312f7676":11,"83086d4c":11,"5099c6a0":14,"26f99a1e":15,"c95719e5":8,"5410e9c6":10,"7ae3fc50":13,"9260d96b":16,"408bb2ed":11,"db0a661e":9,"de11eb19":17,"31f6d707":15,"d102b0c6":10,"cb6c9e42":17,"d5557fb4":16,"90d52475":10,"794f652b":9,"411b5027":12,"a6bcb07e":13,"05642105":7,"f277386e":8,"fb44fa9c":10,"6d802fa2":13,"17b08923":9,"481754fc":6,"59c1e594":15,"aa76bc50":8,"a472532e":16,"52eca0dc":11,"b0869206":8,"00cf385d":19,"f56ac638":9,"a6b5e869":10,"4b125e7b":11,"e6ec8cbf":16,"1a442bc7":9,"e6fac295":13,"f271ed5d":7,"aaa274a5":12,"5747db6e":12,"dd7acb96":11,"1f342a00":10,"778c95e9":9,"c0e2624b":11,"812b4f15":14,"263762cb":11,"87922532":12,"5623817d":12,"04612878":9,"83086d4c":12,"9fc713b0":11,"b1f58563":10,"437fc3ec":16,"5b60dd1d":11,"39bbc4bc":23,"8f2a7d69":11,"34658473":6,"8d000d6e":10,"ef91eaae":11,"30b6808c":8,"cc5a1d47":10,"9fce073c":15,"f7231212":9,"b9be31d6":8,"9d023afb":12,"faf4f98b":8,"062179c1":7,"c463799d":13,"70ee0491":6,"dc0c8b09":19,"92ca52b7":16,"b102f7bd":13,"e0e6a097":10,"5acaa06f":7,"9263c525":17,"b7407bd3":20,"be4f8ba8":12,"dfa1a89b":10,"f87c5031":14,"7080f122":8,"9c045c61":13,"12012fbd":14,"bc021def":12,"be149c6f":12,"e4714415":11,"03b4ab60":17,"40860a4b":5,"162a7348":10,"4911acad":9,"b7cc7909":13,"0670c466":6,"2a387957":14,"97e75c19":13,"5f7d7195":13,"b8ab8e6e":14,"6e98dfda":18,"faf3ed07":16,"6a60348e":13,"f5829ac0":9,"d36125db":17,"f277386e":9,"e0f7679f":14,"a3d4a0e5":16,"a851891c":10,"45b5746e":9,"71e53c93":13,"91f7ef72":12,"ec110282":15,"42cd2360":8,"012de09c":8,"ea4d3f3e":11,"1c0a9eff":11,"9d4f1fe6":13,"935ec056":9,"7735c3c2":12,"e0e48a2d":10,"7fef9973":16,"d6db2b02":13,"36380d96":11,"53431634":14,"7f86be64":17,"c0fea118":10,"69d4b754":12,"5e193fc8":12,"d6f0d94a":8,"acac14fb":13,"4577b333":12,"a577db1c":11,"7e76c93c":10,"3bad3c95":5,"5f620a1e":10,"4e5aaaec":6,"ecfa8249":10,"259930ee":14,"5fa12feb":16,"6bc5d32a":14,"5ccf94d6":14,"27d8bf51":15,"4279e829":14,"2b3c49b9":13,"6f81493d":16,"44ff8baa":13,"4ee62a26":6,"5272520d":9,"30fdcd3b":15,"cd3bbe7e":14,"f1098793":14,"6ebe2354":6,"458dcc3d":17,"cbb54a0a":11,"84b67924":10,"9ab755d3":12,"0bd93cfd":6,"c0e2624b":12,"2f455cce":7,"2a06ab95":17,"468fc85c":10,"24d24fa3":8,"cbad3b92":17,"03c398d2":10,"5623817d":13,"8274885a":10,"437fc3ec":17,"fb7b7b3c":19,"b1f58563":11,"c564e316":12,"3e082b37":12,"e28c2efc":15,"b9be31d6":9,"0bfabf48":14,"7fb4c521":13,"43d87483":11,"2a76f1dd":11,"4f59a322":10,"eebc8d43":6,"7e95c5a0":14,"78b97937":11,"c510bfd3":13,"be3a10f8":11,"11b2c8d9":7,"50b558a7":11,"de11eb19":18,"a533489b":14,"175bc6b2":8,"36d340f2":8,"53a8613c":13,"f87c5031":15,"217c0327":9,"d6320619":11,"bc021def":13,"6867261a":14,"61d4782d":8,"227006e4":12,"162a7348":11,"76f3a3be":7,"725dce8b":14,"2132fe93":14,"31d74eee":6,"1b881e6e":12,"9d63c4dd":15,"ea274174":13,"ef16ca37":10,"d33790a2":15,"761cf820":6,"67f6e4f2":8,"05642105":8,"95904ac4":14,"2dd0e808":13,"42cd2360":9,"616d6dd6":16,"db8ba455":13,"a5fd8ffd":19,"731fc335":8,"ee75b607":9,"8bc04eb5":8,"f044c0e1":10,"868edcc0":11,"f121b82c":14,"2e3503e4":17,"c0fea118":11,"53431634":15,"a3253019":17,"dcf85091":12,"0a92153e":12,"62d1d346":10,"7be025ce":11,"ea6de194":9,"4fd645f1":12,"debe1f65":17,"25776fc4":7,"1623fc9f":10,"e2a7d915":15,"08a06557":18,"7d112f4d":13,"c455f40e":10,"c45d554f":11,"a4f1d83b":10,"66554572":10,"84369269":8,"5f7d7195":14,"66d94227":10,"bad1a1cc":12,"2a06ab95":18,"c0e2624b":13,"084cbc0b":10,"dd7acb96":12,"b947257e":8,"39ba00f0":10,"0bd93cfd":7,"cf84fb54":14,"a24e6670":12,"a43061ee":12,"4ff2225d":10,"87922532":13,"d82592f4":8,"74e01f6a":12,"9fc713b0":12,"5099c6a0":15,"17807120":10,"8274885a":11,"a543ec74":14,"317c1591":8,"82868763":10,"09ff339a":8,"c0b7e7d7":14,"836701f6":11,"cd3bbe7e":15,"6490bac6":16,"df81ddee":11,"059d6c19":14,"66b7b5b4":14,"0af920d8":8,"a68a93b2":10,"93683c82":13,"6c20c153":9,"54d7de6b":18,"124fbe96":6,"5b5fc566":11,"3b2dee89":11,"07f98660":9,"869cbaa0":10,"9c29f0ed":19,"c8113b77":13,"87083264":11,"1bc0591f":10,"a06a6430":11,"fe8f3d36":7,"bd62d7ed":9,"619fda68":11,"a66a2d8a":10,"92ca52b7":17,"25a2844e":14,"50b558a7":12,"40569362":13,"1bd5b20b":8,"22ecaed0":9,"88432019":8,"172217e5":8,"a63bddd4":18,"22176537":9,"affb82bf":13,"9e206c95":15,"5a734022":13,"5774ac0d":14,"540df50f":15,"72805bf5":15,"4911acad":10,"081460bf":11,"8d04852b":15,"f9c15fcc":9,"761cf820":7,"31f6d707":16,"08a4c3f8":15,"408bb2ed":12,"781ace7d":13,"3101354b":6,"f905a555":12,"71e53c93":14,"74c26380":10,"a0cf08b3":8,"4bc46d7a":10,"f33c0140":11,"a836aa93":8,"c4feee5b":14,"b2c25d1c":16,"f76a3e83":9,"36380d96":12,"d548635d":7,"7be025ce":12,"44c77422":15,"ba30e43a":19,"c0b0f492":14,"719c8869":12,"92f800f5":11,"b5ce0c0c":17,"5c82d1ce":6,"6d802fa2":14,"45fb95c1":11,"cf84fb54":15,"815e4582":12,"4ed01268":11,"7e15f8e8":17,"1a0189c4":11,"bf822e33":11,"254cc28c":13,"f66616b7":5,"b7832271":8,"b947257e":9,"f277386e":10,"bab97de3":16,"0114160e":15,"95f6db13":9,"4cc141fa":5,"b6aaf976":15,"468fc85c":11,"71bc1295":12,"812b4f15":15,"baebb391":11,"2c24d929":15,"09f0db62":17,"c95719e5":9,"004f1ef3":7,"2c5c1dc0":11,"fe1d4419":16,"22aeaf03":11,"e7773397":10,"261c9911":11,"7d112f4d":14,"cc11fef9":9,"27d8bf51":16,"a851554d":12,"74f234c6":19,"430a5db5":11,"3007f31f":6,"f4634d0b":12,"fb8bfb36":10,"3b690f68":14,"c3e6ef01":14,"902f49f5":9,"bd2705b0":13,"fea793f5":13,"9cb4697f":16,"d83870f5":11,"124fbe96":7,"4652b09a":6,"bb00e71c":10,"87cd2add":13,"0bfabf48":15,"93b9fae6":12,"4d9b0b10":11,"c38c2b52":15,"e4cfef0a":12,"fee32863":9,"84b767be":16,"ea822700":10,"8657c79d":15,"af0b61ab":11,"bca2d7cd":7,"d6320619":12,"b9a48a5c":12,"3454fa2b":13,"ec2cb1af":9,"bb99c79c":14,"3f65f121":13,"22176537":10,"8323d333":13,"9260d96b":17,"8c6e001f":9,"45b038bb":13,"4ac6bd4e":12,"4ea4a2a1":15,"db0a661e":10,"478d2d4f":14,"ef14000f":13,"2a76f1dd":12,"70ee0491":7,"9b546d65":10,"e35a63cd":17,"5f4102da":7,"42cd2360":10,"0a1d11e6":14,"52eca0dc":12,"3a291497":9,"65e4235b":16,"c21ab51e":7,"06ee61b6":11,"ebdbf580":13,"e0154608":6,"e1618359":16,"c4e70c07":9,"5e193fc8":13,"9b742f71":10,"04ea5673":15,"24ffcbd3":15,"25776fc4":8,"be149c6f":13,"af034fee":10,"bfcb912a":11,"5ac86fb9":12,"1b881e6e":13,"a1370ab0":8,"f2364460":10,"32133249":18,"d5557fb4":17,"842c8340":10,"227006e4":13,"97e75c19":14,"84369269":9,"c98d5272":11,"8cf83787":8,"0114160e":16,"32c9fc47":9,"bab97de3":17,"0b5a0408":13,"05642105":9,"de36827b":13,"9fc713b0":13,"59c1e594":16,"a636f4c9":18,"99d130c9":11,"cac4449a":15,"9c58dd76":11,"2c24d929":16,"c0b7e7d7":15,"437fc3ec":18,"f2470875":9,"3f2522c2":12,"a40846b7":16,"3a204e56":14,"095ab3b4":11,"45b5746e":10,"f905a555":13,"ee75b607":10,"9d4f1fe6":14,"00cf385d":20,"d815c5b4":13,"1a442bc7":10,"4b125e7b":12,"20811ddf":14,"7a4c064c":15,"d4ee22a4":17,"f1df62b4":11,"65a00a3c":11,"e786063b":13,"0f029727":14,"0149e11a":10,"2209903e":14,"751bcf25":14,"ccb5ea3e":6,"feb67030":13,"26ed1a5c":12,"b6ee137a":11,"30dbfc69":11,"805534ac":13,"180377be":7,"70594a28":11,"0c043224":11,"6f81493d":17,"4ee62a26":7,"9fa62fee":11,"b5763ff6":10,"4bcd4a30":18,"730338c4":14,"fd07e0ed":9,"f4726450":9,"aa5dfdf5":12,"175bc6b2":9,"51f57142":11,"4d35385e":5,"1d153b20":12,"7080f122":9,"08c6b5d2":8,"9de29816":13,"288afc30":13,"ea274174":14,"d102b0c6":11,"9e878ec2":18,"b377a62a":10,"3d1af513":8,"358e45b1":16,"7a840529":7,"f7231212":10,"733c86f8":11,"7e95c5a0":15,"478d2d4f":15,"faf4f98b":9,"a567ace4":12,"d78dd457":8,"dfcc2ad1":8,"55928ef1":13,"f2e3c0e3":6,"69eeae0d":12,"685207b3":11,"501db4de":15,"53431634":16,"9b172ca8":11,"77300e4a":10,"cb51f134":11,"754f98c9":11,"4c39240e":14,"081460bf":12,"a6003226":8,"5eaa1581":10,"bc3dc66a":9,"6867261a":15,"a1370ab0":9,"36b7003c":14,"aa9ea5e8":9,"cb6c9e42":18,"ccf8b803":8,"5339e1e9":11,"aff8e442":15,"39a2fcce":14,"47d27624":7,"d36125db":18,"b36a0d66":6,"bab97de3":18,"159ffd0b":3,"45fb95c1":12,"8b2b601d":11,"6db0ea86":15,"74e01f6a":13,"3e602573":7,"9fc713b0":14,"e6fac295":14,"aefe13f5":17,"d8475b95":12,"946df4fd":11,"95d3d348":10,"2203f259":13,"c318d350":12,"f6fe095d":15,"19f9ca86":15,"6b79fec2":14,"5099c6a0":16,"a5676c24":14,"6e44927f":6,"aa76bc50":9,"345c9967":11,"74c26380":11,"abc1d7ad":18,"fea793f5":14,"7f6d1d0e":11,"935ec056":10,"290b4714":15,"7ee7621c":12,"b0869206":9,"4b125e7b":13,"ca7d47f7":16,"04ea5673":16,"e5d3655c":13,"9bdf362a":5,"cc6bbe45":12,"4def63ee":7,"7b6a7048":9,"df81ddee":12,"efd23af5":12,"4360a1a3":10,"c45d554f":12,"ddec9e54":9,"bc09fa9e":11,"20777945":7,"58d46189":8,"6bc5d32a":15,"26ed1a5c":13,"31408822":8,"142d6987":13,"cf1124db":8,"a6626a13":9,"7e991ab9":8,"f4726450":10,"22234d6b":8,"39ba00f0":11,"70c1e715":12,"cbb54a0a":12,"3f65f121":14,"bb99c79c":15,"2dda3936":11,"f2f58418":8,"8dd2684c":11,"1b153aef":10,"cfe72ead":7,"a533489b":15,"408bb2ed":13,"f1862e79":11,"67f6e4f2":9,"d0c0fc08":9,"0785820e":12,"9f74b8a4":8,"53b4e647":15,"c8113b77":14,"b73e789c":11,"cc5a1d47":11,"c38c2b52":16,"c510bfd3":14,"b87158fb":13,"a567ace4":13,"cd522166":18,"eb2e1983":11,"9a3ab0b8":7,"92ca52b7":18,"36380d96":13,"972f4174":10,"ab7d4c9a":12,"288d171f":7,"ccdd1ce6":7,"1d153b20":13,"a6003226":9,"725dce8b":15,"61d4782d":9,"40860a4b":6,"47d27624":8,"dc473de1":11,"51f80f4c":14,"8a52882e":14,"6632fed0":16,"0670c466":7,"449d8475":15,"36b7003c":15,"2a387957":15,"c98d5272":12,"e36dfd6f":11,"8aa78e2f":10,"17b08923":10,"8298e976":17,"6c73ae98":10,"2cce4fb2":14,"4b4ef7fa":17,"2c24d929":17,"4b3e3b1c":10,"71bc1295":13,"03dcfa3d":16,"71ff66e8":8,"792cfcbd":13,"fb7b7b3c":20,"4cc141fa":6,"43bc86e3":16,"d8e58a8c":18,"95904ac4":15,"6023df54":3,"ae016053":14,"a851891c":11,"7ae34c64":13,"d4d5f466":13,"d815c5b4":14,"abad2347":16,"6775d5cd":6,"677c6a09":20,"7ee7621c":13,"ea4d3f3e":12,"c318d350":13,"ac62fac2":11
1604737425423,"a40846b7":17,"a77e127d":10,"a836aa93":9,"704bce0d":12,"d548635d":8,"f8b31ce5":15,"b5ce0c0c":18,"4c39240e":15,"2154b6e8":6,"014460b9":9,"3fdb08f5":11,"c4e70c07":10,"913a6226":9,"c8dc010f":10,"2ad42a9e":14,"b6591e25":14,"18d20aa1":6,"4360a1a3":11,"c45d554f":13,"9d4da635":11,"6f81493d":18,"0a96f57a":16,"c650b434":16,"1f11812e":7,"c3e6ef01":15,"7cd0ad7b":12,"ea9bba6b":7,"437fc3ec":19,"b7832271":9,"a625328f":13,"8657c79d":16,"aaa274a5":13,"6751d8e4":17,"5a07fc2e":9,"72d7b461":8,"ef8321d8":10,"02d4753e":9,"9260d96b":18,"b377a62a":11,"6585adbe":6,"92d38723":12,"554ebb83":11,"af7e5be8":16,"2ce1af05":7,"e28c2efc":16,"7a840529":8,"87cd2add":14,"621d6b18":14,"faf4f98b":10,"6c486702":9,"478d2d4f":16,"8f10fa42":13,"7af262e5":8,"78467b8a":17,"9a07d89b":10,"19551bad":11,"cfe72ead":8,"22176537":11,"6143f39d":9,"b946e146":14,"bb99c79c":16,"15620dca":11,"30dd2edc":15,"b35bb8a1":9,"b230e8d3":14,"288a2c43":12,"c64de0c0":7,"e9a8cf11":14,"47d27624":9,"17446892":7,"5a0eb771":10,"71279c46":7,"394dc144":15,"36b7003c":16,"77f31bab":17,"7e15f8e8":18,"ccf8b803":9,"26009d3f":12,"e7e82473":20,"3310a049":14,"2d1e1e9d":14,"f044c0e1":11,"3c782bb3":9,"cf50e84e":8,"481754fc":7,"a543ec74":15,"8a165e17":14,"52eca0dc":13,"f905a555":14,"6023df54":4,"4abb7aed":11,"f789f6d8":15,"313258f2":14,"e382ec3f":8,"d83870f5":12,"d929098e":8,"677c6a09":21,"7fef9973":17,"00cf385d":21,"e0e48a2d":11,"bc392d1c":10,"e8d74304":9,"dd1fcb17":9,"3f2522c2":13,"004f1ef3":8,"a5aee5de":10,"4febf7c5":10,"5410e9c6":11,"e7773397":11,"f069bb07":12,"70c1e715":13,"5747db6e":13,"eb7b4e29":9,"a6626a13":10,"fd07e0ed":10,"bca2d7cd":8,"1951480c":15,"22aeaf03":12,"014bdff0":6,"288d171f":8,"0a92153e":13,"f33c0140":12,"e1618359":17,"d34a29b9":18,"79f04300":9,"c21ab51e":8,"719c8869":13,"e32524d6":12,"2154b6e8":7,"f8b31ce5":16,"0b959527":10,"d9f512b9":15,"c1bdfd41":6,"e21c6207":10,"5cd3cfe0":9,"e2a7d915":16,"4279e829":15,"a0cca8b7":6,"dbd2f139":11,"c8dc010f":11,"25e0dd3d":15,"ca6d2d91":13,"4295ce9a":9,"0c043224":12,"c2bb8aae":10,"4eed1bea":14,"94a2fe10":11,"1b153aef":11,"7a840529":9,"2ce1af05":8,"d2466211":13,"753ca352":7,"7e95c5a0":16,"43d87483":12,"8b5a8e9f":19,"af7e5be8":17,"78467b8a":18,"30c184b8":11,"f5e8dfee":15,"7bda83dd":10,"c1bb74f2":17,"8007f30e":9,"9e878ec2":19,"5acaa06f":8,"3d1af513":9,"7a2f3f06":9,"34658473":7,"de11eb19":19,"4d35385e":6,"d3e84616":15,"f5596d0f":11,"6cba74ce":10,"7d6895f4":6,"3661e12d":18,"bb99c79c":17,"a2c334e7":20,"32133249":19,"540df50f":16,"aa9ea5e8":10,"c9efc8f6":11,"24a9fb86":15,"e4714415":12,"9ceb5439":5,"842c8340":11,"f2364460":11,"c81b2bcf":11,"9d9dd9e5":11,"8ec3834d":6,"25d1b2d8":11,"b2703001":10,"8aa78e2f":11,"0d2c95fe":12,"05642105":10,"2dd0e808":14,"52eca0dc":14,"616d6dd6":17,"b28a5e67":7,"ec110282":16,"195eb771":15,"28654c76":16,"6c20c153":10,"88ce179e":15,"3b2dee89":12,"290b4714":16,"7735c3c2":13,"a502c93c":16,"bf30a08f":11,"7732eb1e":19,"04612878":10,"489a39f7":7,"59c1e594":17,"6a60348e":14,"12a2cd4b":10,"f1098793":15,"26c390d6":11,"eb7b4e29":10,"d744bee2":13,"8657c79d":17,"4bcd4a30":19,"7db3edda":13,"7e991ab9":9,"b2bd8fd3":11,"8dc9b4db":11,"9c58dd76":12,"c4feee5b":15,"c85a0d80":11,"8e99d5d0":17,"ebdbf580":14,"f121b82c":15,"cb51f134":12,"69d4b754":13,"75ffea08":10,"88fa53d6":12,"4def63ee":8,"25776fc4":9,"caddd0a7":14,"d6f0d94a":9,"d141db49":14,"9d0546ac":10,"93e8cee5":13,"0c0e98ea":7,"58d46189":9,"c8dc010f":12,"30dbfc69":12,"79e4fa1c":9,"df81ddee":13,"94a2fe10":12,"7cd0ad7b":13,"261c9911":12,"f734c84c":11,"cd3bbe7e":16,"19e9776f":13,"77d35808":12,"b7df1559":13,"95d3d348":11,"8dd649a3":8,"5623817d":14,"e45b4b53":8,"19f9ca86":16,"77bfed7e":16,"4f59a322":11,"0d28db94":5,"6a5b71b4":15,"ba938220":9,"9aa6a054":13,"b8488fc8":11,"00a17b46":11,"dd3913d2":7,"2bcca6a7":18,"a8c93bed":12,"9d023afb":13,"c6dc900c":15,"4c0e547b":10,"fe0df575":11,"4f5e3e7d":7,"49902219":14,"7d6895f4":7,"2cb29e5a":13,"a63bddd4":19,"4d35385e":7,"175bc6b2":10,"945b63f0":15,"be149c6f":14,"d6d61bfc":15,"bc3dc66a":10,"2132fe93":15,"a2c334e7":21,"bfcb912a":12,"d5557fb4":18,"7a6aa4b6":14,"9263c525":18,"b35e9e1a":15,"fa55f27a":15,"336d0f08":15,"906fdec3":11,"a0cf08b3":9,"43bc86e3":17,"6023df54":5,"28654c76":17,"a5fd8ffd":20,"71e53c93":15,"e382ec3f":9,"8b2b601d":12,"2c24d929":18,"eed20185":13,"17b08923":11,"4125085e":12,"77f31bab":18,"99e171db":8,"394dc144":16,"aff8e442":16,"48efc739":19,"2a387957":16,"b947257e":10,"a625328f":14,"272c7672":17,"6751d8e4":18,"e58b26f6":13,"4bcd4a30":20,"aec074c4":18,"c85a0d80":12,"4b4ecbce":14,"c382f054":8,"dcf85091":13,"69134f07":13,"f2086446":10,"d548635d":9,"e1571af7":13,"25776fc4":10,"37a7d5b0":14,"d141db49":15,"c0b0f492":15,"638cb163":19,"f8b31ce5":17,"21ad2f34":8,"8942c35b":9,"e2a7d915":17,"dae0f922":17,"92136ff5":14,"142d6987":14,"5cd3cfe0":10,"a0cca8b7":7,"21e10a2b":14,"3f9b5722":10,"70594a28":12,"6e24d88b":8,"c95719e5":10,"26c6fa34":10,"cf84fb54":16,"c0b7e7d7":16,"5099c6a0":17,"0be540c5":10,"cac4449a":16,"aefe13f5":18,"8dd649a3":9,"05642105":11,"13f0e139":12,"42191b64":12,"b36a0d66":7,"792cfcbd":14,"77d35808":13,"95f6db13":10,"eda6a690":10,"5b5fc566":12,"d83870f5":13,"730a4938":16,"7735c3c2":14,"d4d5f466":14,"5eab91a0":11,"95539a58":4,"af7e5be8":18,"056ea7ff":10,"ffa08d82":11,"0d28db94":6,"7566fdd6":14,"f1df62b4":12,"2352c8ef":12,"b102f7bd":14,"f2e3c0e3":7,"dc0c8b09":20,"eb2e1983":12,"4c0e547b":11,"5c82d1ce":7,"3b690f68":15,"3f65f121":15,"d1715f3b":9,"9a467a82":15,"01d817b8":15,"08c6b5d2":9,"51f57142":12,"eeaa2d46":12,"12534561":3,"d6d61bfc":16,"5f6613c8":12,"6df0b2e8":21,"31f6d707":17,"40569362":14,"792c9b6a":14,"c7c4ec5c":13,"332820ce":8,"b2a8761b":12,"7a2f3f06":10,"19551bad":12,"2c6cb96f":7,"3f75d3bc":15,"fd482491":10,"6023df54":6,"d5dae4c4":14,"95904ac4":16,"8a165e17":15,"013ee301":10,"f2086446":11,"288d171f":9,"efe84c27":10,"696fdac5":14,"5e193fc8":14,"5f620a1e":11,"168e75d9":12,"7043382d":12,"a577db1c":12,"754f98c9":12,"b7505747":13,"9e65c0ef":11,"2af60749":14,"014460b9":10,"4eed1bea":15,"d25e0f8d":12,"430a5db5":12,"92136ff5":15,"61f25dd4":14,"c93c3508":5,"60d6cee2":11,"b35bb8a1":10,"6adce358":14,"9d9dd9e5":12,"5d087c79":7,"bda8cdfb":13,"04643409":8,"44a4f7cd":5,"2a387957":17,"7e991ab9":10,"1f342a00":11,"835358a0":10,"b947257e":11,"2d54e0a8":10,"2d13e69b":15,"730338c4":15,"b84a06eb":15,"69f3bfcc":13,"d6db2b02":14,"064a99c8":11,"6291e9e9":11,"489a39f7":8,"4b4ef7fa":18,"87ce8d1d":9,"3310a049":15,"263762cb":12,"a0bc1ceb":10,"bc392d1c":11,"39bbc4bc":24,"d82592f4":9,"d599b566":19,"ea9bba6b":8,"2c24d929":19,"3712c4bd":12,"19f9ca86":17,"9a3cc55d":11,"16b476e9":9,"4652b09a":7,"e382ec3f":10,"5acce642":11,"677c6a09":22,"67d30f2b":18,"c0b23081":12,"91536e85":12,"76f94eda":10,"10ec5a0b":6,"7a4c064c":16,"7218c9f1":10,"05f6ab35":14,"0d7d88f1":10,"a567ace4":14,"f5e8dfee":16,"0d28db94":7,"ded7da5a":7,"3f9b5722":11,"31408822":9,"ecfa8249":11,"ab7467de":18,"f1b493de":11,"f4343817":12,"94a2fe10":13,"751bcf25":15,"30dd2edc":16,"88432019":9,"945b63f0":16,"a77e8461":10,"ac38a6a5":10,"dfa1a89b":11,"175bc6b2":11,"dc473de1":12,"b35e9e1a":16,"db0a661e":11,"b4fdf90e":12,"8493f3b2":11,"b377a62a":12,"ea274174":15,"08a4c3f8":16,"11b2c8d9":8,"dc0c8b09":21,"78b97937":12,"8721056e":6,"00a481e3":20,"3f75d3bc":16,"3c0df8b4":12,"e865e4dd":9,"7896b953":11,"b2cfdbcf":11,"db8ba455":14,"53431634":17,"c0fea118":12,"a4296d1e":16,"e7abc88d":9,"69d4b754":14,"08a06557":19,"4c4aa2e2":11,"638cb163":20,"0da28f5b":10,"a33fe0dd":17,"d9d7c4c2":15,"62d1d346":11,"3fdb08f5":12,"7043382d":13,"5f6613c8":13,"13747b82":15,"3c18f28e":13,"51f80f4c":15,"aff8e442":17,"c4bff41f":7,"5d087c79":8,"8d04852b":16,"ccf8b803":10,"b88033fd":14,"47d27624":10,"0f1ac912":8,"794f652b":10,"9147702f":9,"b7832271":10,"d1ca5d6b":19,"72d7b461":9,"9fa62fee":12,"8657c79d":18,"2c01e624":11,"28d41578":7,"a8871ddf":15,"de36827b":14,"e81834aa":10,"74e01f6a":14,"6c73ae98":11,"87922532":14,"b460f030":12,"489a39f7":9,"045f280d":11,"12271e14":14,"6ce84ff8":11,"13f0e139":13,"014bdff0":7,"4cc141fa":7,"2203f259":14,"e45b4b53":9,"0f72f2d8":8,"c564e316":13,"7ee148e9":13,"5099c6a0":18,"ee75b607":11,"a502c93c":17,"aa187e3b":13,"ba586505":12,"88ce179e":16,"8bc04eb5":9,"abad2347":17,"ef14000f":14,"87083264":12,"9fce073c":16,"e2cbe594":8,"21ad2f34":9,"180377be":8,"5272520d":10,"8ea21393":13,"85de05f2":7,"db703021":10,"df81ddee":14,"b6591e25":15,"3ef7432b":17,"1e191c98":5,"4360a1a3":12,"4295ce9a":10,"61f25dd4":15,"865d9857":10,"d6320619":13,"affb82bf":14,"8dd2684c":12,"bc021def":14,"d1715f3b":10,"ef8321d8":11,"32133249":20,"34658473":8,"cd95f558":14,"3652bd66":14,"9e878ec2":20,"fa55f27a":16,"82b81567":10,"8d000d6e":11,"ba938220":10,"d83294cd":12,"c510bfd3":15,"cf9f4757":7,"f1df62b4":13,"b8488fc8":12,"0f89862c":11,"0042f6eb":20,"33d6bb6a":15,"13b53c7a":12,"ec11fe5f":15,"616d6dd6":18,"74c26380":12,"52eca0dc":15,"685207b3":12,"d34a29b9":19,"ab7d4c9a":13,"4c4aa2e2":12,"e786063b":14,"d548635d":10,"d9d7c4c2":16,"3498f223":6,"754f98c9":13,"c015ec5a":9,"c0b0f492":16,"0f029727":15,"3fdb08f5":13,"288a2c43":13,"2ab62345":12,"3c18f28e":14,"aa9ea5e8":11,"aec4e1bf":16,"a1370ab0":10,"97e75c19":15,"50d129cf":11,"ccf8b803":11,"7e15f8e8":19,"aff8e442":18,"394dc144":17,"36684155":10,"af0b61ab":12,"70bc8325":10,"7028b044":9,"aa5dfdf5":13,"e0f7679f":15,"8aa78e2f":12,"a3d4a0e5":17,"0b5a0408":14,"2d1e1e9d":15,"804d4dfa":11,"03dcfa3d":17,"54a676d6":6,"4ff2225d":11,"d8475b95":13,"dfc89705":11,"82868763":11,"cac4449a":17,"ea9bba6b":9,"2c5c1dc0":12,"e8d74304":10,"13f0e139":14,"eda6a690":11,"25635c37":11,"363590c7":11,"b1f58563":12,"fafb4cc2":15,"fe44fc6f":11,"5ef93e5d":8,"2dd0e808":15,"e4117b3b":11,"5eab91a0":12,"f0a06216":15,"730a4938":17,"7f6d1d0e":12,"ea4d3f3e":13,"1a442bc7":11,"d6f0d94a":10,"bfad1727":14,"a8726d50":15,"07107f6e":20,"66497c7e":8,"2209903e":15,"18d20aa1":7,"d033db8d":14,"2b3c49b9":14,"8db62558":13,"c45d554f":14,"dbd2f139":12,"26dd2000":9,"110b1ee3":16,"c8977844":17,"8cd78f77":20,"6e851762":15,"0fc5ac7e":17,"12012fbd":15,"ac38a6a5":11,"53a8613c":14,"8547fbc2":17,"6d5fcd4c":9,"21ee2afe":13,"9c045c61":14,"a533489b":16,"336d0f08":16,"554ebb83":12,"1bd5b20b":9,"6f0fcb9d":15,"cfe72ead":9,"fa55f27a":17,"9fce073c":17,"30b6808c":9,"87cd2add":15,"e57d5cda":21,"8ac72326":12,"bd62d7ed":10,"c510bfd3":16,"f1df62b4":14,"f2e3c0e3":8,"869cbaa0":11,"b87158fb":14,"0f89862c":12,"2bcca6a7":19,"c1bb74f2":18,"80a8a56d":12,"a3253019":18,"90a06ee9":13,"e1618359":18,"e9679ede":10,"fbdffc95":10,"9e65c0ef":12,"79f04300":10
1604737426267,"deb31f35":9,"12534561":4,"e4714415":13,"a1370ab0":11,"1ed46298":20,"c4bff41f":8,"2132fe93":16,"a1921150":21,"39a2fcce":15,"97e75c19":16,"e15fd611":10,"b8ab8e6e":15,"650bb0e0":13,"842c8340":12,"84b67924":11,"dd7acb96":13,"f069bb07":13,"88b3bc99":13,"d552eb2f":7,"af0b61ab":13,"7db3edda":14,"d6320619":14,"49902219":15,"9c045c61":15,"57540cc3":9,"36d340f2":9,"b946e146":15,"d1715f3b":11,"be149c6f":15,"a472532e":17,"d9d0c567":8,"dc03ebd2":14,"5f96c2bc":8,"7ae34c64":14,"d8e58a8c":19,"616d6dd6":19,"47cfba38":9,"ed4fad08":11,"57d5dee8":16,"540df50f":17,"32133249":21,"c9efc8f6":12,"39a2fcce":16,"5d087c79":9,"25d1b2d8":12,"1634789b":17,"44a4f7cd":6,"4ed01268":12,"c67979e6":14,"259930ee":15,"9b172ca8":12,"a33fe0dd":18,"caddd0a7":15,"37a7d5b0":15,"30c5d755":15,"a851554d":13,"20777945":8,"d634aa28":16,"85de05f2":8,"8942c35b":10,"6bc5d32a":16,"56d315d8":12,"fb8bfb36":11,"0d5ee801":11,"e1f0dbfd":12,"655941a0":16,"40e79dd3":11,"66b7b5b4":15,"be40590d":9,"383e232d":10,"d3a669ac":12,"ea4d3f3e":14,"ae99df30":10,"91b28f83":12,"5b5fc566":13,"37d0cae2":9,"e4c312fe":9,"cb4f262b":14,"053f3451":10,"ad303bda":17,"0d28db94":8,"d2466211":14,"7a4c064c":17,"5747db6e":14,"de6213c7":20,"d1ca5d6b":20,"5a07fc2e":10,"50c3164b":14,"95f6db13":11,"4b3e3b1c":11,"4945c851":19,"11888cfa":9,"54a676d6":7,"fb44fa9c":11,"4febf7c5":11,"9c58dd76":13,"045f280d":12,"468fc85c":12,"bad6cdb1":17,"b935fc1c":14,"13f0e139":15,"b769bdfb":11,"73b15e04":14,"22ecaed0":10,"4d35385e":8,"f76a3e83":10,"7f86be64":18,"0277d748":19,"a77e8461":11,"af157d29":14,"7080f122":10,"09560615":11,"a0685bf3":13,"cf9f4757":8,"478d2d4f":17,"f7231212":11,"9d023afb":14,"70ee0491":8,"f5e8dfee":17,"8063df14":16,"f2e3c0e3":9,"d8e58a8c":20,"a15713c6":17,"3a291497":10,"b28a5e67":8,"7896b953":12,"28654c76":18,"ae016053":15,"725dce8b":16,"5774ac0d":15,"35aa7fd0":12,"76f3a3be":8,"181c3dd5":14,"31f6ba51":9,"b7cc7909":14,"31d74eee":7,"f2364460":12,"77f31bab":19,"44a4f7cd":7,"36b7003c":17,"650bb0e0":14,"b8ab8e6e":16,"5781776a":12,"e6fac295":15,"f2470875":10,"5099c6a0":19,"93ac9ca3":11,"5410e9c6":12,"e0e6a097":11,"a533489b":17,"b4fdf90e":13,"92d38723":13,"5f8517b7":14,"379184a7":15,"69134f07":14,"c382f054":9,"bd984a8e":11,"e1571af7":14,"972f4174":11,"aab4d996":9,"9b742f71":11,"719c8869":14,"57167c74":16,"b7505747":14,"c8fcad77":9,"0f029727":16,"805534ac":14,"e2a7d915":18,"61f25dd4":16,"e62d705f":6,"5fa12feb":17,"30dbfc69":13,"92136ff5":16,"31408822":10,"6bc5d32a":17,"20777945":9,"180377be":9,"e1f0dbfd":13,"0c043224":13,"dae0f922":18,"6ee92259":12,"93b0a158":10,"0d770b97":17,"54d7de6b":19,"e6ec8cbf":17,"bb00e71c":11,"d815c5b4":15,"f1df62b4":15,"5a07fc2e":11,"9147702f":10,"0bd93cfd":8,"7028b044":10,"b947257e":12,"70c1e715":14,"d3a669ac":13,"31f6d707":18,"cf84fb54":17,"8aa78e2f":13,"ce4da56f":10,"bbe71605":13,"12dd6f5e":16,"0277d748":20,"53a8613c":15,"15620dca":12,"629800eb":16,"9496f56f":12,"6a5b71b4":16,"7218c9f1":11,"a85d89cc":17,"9f74b8a4":9,"fee32863":10,"478d2d4f":18,"8f10fa42":14,"062179c1":8,"9a3ab0b8":8,"2bcca6a7":20,"c463799d":14,"83b2f9c5":12,"f3d68430":17,"546f6845":12,"57540cc3":10,"b230e8d3":15,"64db4feb":15,"2ab62345":13,"1ed46298":21,"e9a8cf11":15,"13747b82":16,"c64de0c0":8,"c67979e6":15,"ce3407dd":13,"4ed01268":13,"c6c85783":11,"3310a049":16,"56752a4a":8,"b84a06eb":16,"f1098793":16,"5678ed7b":14,"1951480c":16,"cbad3b92":18,"12a2cd4b":11,"695a2b92":8,"ad8f85d6":11,"dc583e64":8,"5b60dd1d":12,"b7df1559":14,"4febf7c5":12,"836701f6":12,"8274885a":12,"25635c37":12,"77f31bab":20,"394dc144":18,"36b7003c":18,"501db4de":16,"1a2c020b":16,"a3253019":19,"f3992a31":9,"d34a29b9":20,"c4feee5b":16,"104721f0":14,"aa021138":15,"14c682eb":14,"ba30e43a":20,"65a00a3c":12,"28d40296":4,"08a06557":20,"a577db1c":13,"72b84094":10,"4360a1a3":13,"261c9911":13,"4279e829":16,"0149e11a":11,"180377be":10,"6b9eff39":11,"3f9b5722":12,"ded7da5a":8,"5c82d1ce":8,"467773ac":14,"655941a0":17,"a0ce82b4":13,"430a5db5":13,"a851891c":12,"906fdec3":12,"65e4235b":17,"e865e4dd":10,"d9d0c567":9,"8a165e17":16,"4258c176":15,"dffa7793":6,"04cc7cbe":11,"a6b5e869":11,"a502c93c":18,"f0a06216":16,"bb00e71c":12,"26c390d6":12,"f271ed5d":8,"5747db6e":15,"911e770b":13,"4bcd4a30":21,"22234d6b":9,"9147702f":11,"8323d333":14,"8493f3b2":12,"f9c15fcc":10,"b377a62a":13,"f1862e79":12,"4ac6bd4e":13,"4ea4a2a1":16,"3310a049":17,"f1df62b4":16,"7fb4c521":14,"0d7d88f1":11,"ac030e74":8,"0bfabf48":16,"c38c2b52":17,"d4ee22a4":18,"be3a10f8":12,"25a2844e":15,"ba5c52af":9,"70ee0491":9,"cfafcda8":10,"733c86f8":12,"c510bfd3":17,"6de0aaac":10,"2dda3936":12,"8dd2684c":13,"08c6b5d2":10,"bb99c79c":18,"49902219":16,"4125085e":13,"3454fa2b":14,"6df0b2e8":22,"f94bf9ea":3,"ed4fad08":12,"e4714415":14,"a1370ab0":12,"6632fed0":17,"0d2c95fe":13,"3c782bb3":10,"11888cfa":10,"17b08923":12,"49910300":10,"820225e4":8,"48655f09":11,"812b4f15":16,"836701f6":13,"26c6fa34":11,"c0b7e7d7":17,"baebb391":12,"363590c7":12,"792cfcbd":15,"7ee148e9":14,"c564e316":14,"74e01f6a":15,"bc392d1c":12,"25635c37":13,"71ff66e8":9,"aff8e442":19,"5957df9e":14,"93fdbb44":8,"36684155":11,"6e98dfda":19,"d5557fb4":19,"91d52a55":9,"69d4b754":15,"bd984a8e":12,"ab7d4c9a":14,"f598a332":18,"d34a29b9":21,"4def63ee":9,"14c682eb":15,"8e780922":17,"ba30e43a":21,"efe84c27":11,"868cda42":8,"c015ec5a":10,"62d1d346":12,"c1bdfd41":7,"5c82d1ce":9,"261c9911":14,"3ef7432b":18,"4eed1bea":16,"9316e7e8":5,"daab45c6":12,"1e7753d9":17,"c8dc010f":13,"61f25dd4":17,"f4343817":13,"dbd2f139":13,"3f75d3bc":17,"b28a5e67":9,"71ba7561":7,"aa76bc50":10,"195eb771":16,"d9d0c567":10,"4bc46d7a":11,"2882a956":11,"f0a06216":17,"11b74e63":7,"a6b5e869":12,"7ee7621c":14,"ba586505":13,"37d0cae2":10,"b7832271":11,"f069bb07":14,"aaa274a5":14,"2d54e0a8":11,"6e851762":16,"72d7b461":10,"7db3edda":15,"06073f13":13,"fe0df575":12,"82b81567":11,"4f5e3e7d":8,"cfe72ead":10,"ef16ca37":11,"fa55f27a":18,"ca6d2d91":14,"430a5db5":14,"f4634d0b":13,"cc5a1d47":12,"9c29f0ed":20,"1dad0f99":12,"b9be31d6":10,"dfcc2ad1":9,"0bfabf48":17,"c8113b77":15,"062179c1":9,"53b4e647":16,"8f10fa42":15,"cfafcda8":11,"eebc8d43":7,"6c524f99":12,"c463799d":15,"217c0327":10,"2dda3936":13,"7080f122":11,"8cc4a982":12,"6d339d45":13,"623c6a31":10,"25a7a0a3":17,"be149c6f":16,"51f80f4c":16,"deb31f35":10,"a47abfbb":10,"0681c48e":14,"17446892":8,"a6003226":10,"0b5a0408":15,"6d802fa2":15,"a24e6670":13,"26009d3f":13,"07fc4a9a":12,"54a676d6":8,"d36125db":19,"baebb391":13,"ad8f85d6":12,"fe1d4419":17,"458dcc3d":18,"312f7676":12,"2203f259":15,"12a2cd4b":12,"f1dffa24":9,"c6e3d352":10,"2d382981":13,"5270f158":11,"e7773397":12,"87ce8d1d":10,"8dc9b4db":12,"d5557fb4":20,"6b78ad7f":14,"c7313e0a":8,"dbc9df44":10,"90a06ee9":14,"f121b82c":16,"c1bdfd41":8,"c4feee5b":17,"f8b31ce5":18,"36380d96":14,"e32524d6":13,"868cda42":9,"2154b6e8":8,"9bdf362a":6,"a577db1c":14,"44ff8baa":14,"c650b434":17,"1e191c98":6,"37fbb107":14,"c6c85783":12,"cb6c9e42":19,"e99318a3":11,"95904ac4":17,"71e53c93":16,"71ba7561":8,"d8e58a8c":21,"731fc335":9,"56473430":12,"cf1b8c47":10,"ee75b607":12,"fea793f5":15,"0d770b97":18,"7fef9973":18,"3b2dee89":13,"cb4f262b":15,"2b3e4717":13,"23760167":10,"bca2d7cd":9,"a625328f":15,"2d54e0a8":12,"6e851762":17,"02d4753e":10,"336d0f08":17,"9e878ec2":21,"1ff8c2fc":18,"f9c15fcc":11,"a533489b":18,"5f8517b7":15,"b947257e":13,"4bcd4a30":22,"c793cdda":13,"ded7da5a":9,"30d84dce":13,"66497c7e":9,"4eed1bea":17,"40e79dd3":12,"f1b493de":12,"94a2fe10":14,"f9f2c53f":8,"180377be":11,"daab45c6":13,"1a2ec5d7":17,"d929098e":9,"53b4e647":17,"9f74b8a4":10,"053f3451":11,"77bfed7e":17,"619fda68":12,"f1df62b4":17,"faf4f98b":11,"b102f7bd":15,"ec11fe5f":16,"fe8f3d36":8,"70ee0491":10,"fef750ca":18,"78b97937":13,"afe8e06a":11,"eafbf9fb":12,"558d5ce7":12,"b946e146":16,"2dda3936":14,"4d35385e":9,"2cb29e5a":14,"3454fa2b":15,"e4714415":15,"71279c46":8,"13747b82":17,"05642105":12,"cf84fb54":18,"69f3bfcc":14,"2cce4fb2":15,"6d802fa2":16,"de36827b":15,"a543ec74":16,"013ee301":11,"f2470875":11,"b6aaf976":16,"dfc89705":12,"5410e9c6":13,"468fc85c":13,"95d3d348":12,"82868763":12,"9fc713b0":15,"cbad3b92":19,"c564e316":15,"6be9332a":13,"eda6a690":12,"39bbc4bc":25,"71a2a493":11,"a2c334e7":22,"24a9fb86":16,"af034fee":11,"5e193fc8":15,"e1618359":19,"90a06ee9":15,"c382f054":10,"0da28f5b":11,"e786063b":15,"dac109cf":17,"e0154608":7,"1e232870":10,"c7636527":13,"7be025ce":13,"9e65c0ef":13,"2045d7d6":18,"ffc86f94":10,"45b5746e":11,"1d44aff3":10,"ef8987d7":20,"6023df54":7,"5f96c2bc":9,"d9a64845":10,"43bc86e3":18,"3b2dee89":14,"6841f77e":11,"50d129cf":12,"e99318a3":12,"a939b50b":13,"36b7003c":19,"f66616b7":6,"650bb0e0":15,"c98d5272":13,"761cf820":8,"de11eb19":20,"336d0f08":18,"5a0ead91":11,"b4fdf90e":14,"8323d333":15,"f9c15fcc":12,"f4726450":11,"84b767be":17,"c0e2624b":14,"88b3bc99":14,"778c95e9":10,"3c6692a3":12,"dd7acb96":14,"cc11fef9":10,"9d0546ac":11,"40e79dd3":13,"3f9b5722":13,"93e8cee5":14,"1f11812e":8,"c650b434":18,"3b690f68":16,"8ea21393":14,"d634aa28":17,"7e8e1c3d":15,"c3e6ef01":16,"430a5db5":15,"ded7da5a":10,"37d0cae2":11,"9d4f1fe6":15,"ee21ad02":15,"d83870f5":14,"4258c176":16,"f7231212":12,"30b6808c":10,"d7cb9bcf":11,"87cd2add":16,"7218c9f1":12,"67c57de4":16,"619fda68":13,"fee32863":11,"0042f6eb":21,"05f6ab35":15,"9a3ab0b8":9,"13b53c7a":13,"2352c8ef":13,"19551bad":13,"9e206c95":16,"6cba74ce":11,"f2ca27d9":8,"36d340f2":10,"865d9857":11,"0277d748":21,"bc021def":15,"32c9fc47":10,"2cce4fb2":16,"8298e976":18,"fb44fa9c":12,"f5829ac0":10,"a6bcb07e":14,"6d802fa2":17,"064a99c8":12,"b6aaf976":17,"01cd8099":10,"3e602573":8,"95d3d348":13,"a636f4c9":19,"fe1d4419":18,"b460f030":13,"a77e127d":11,"a5aee5de":11,"6ce84ff8":12,"42191b64":13,"004f1ef3":9,"a58bf525":12,"6df0b2e8":23,"2132fe93":17,"a47abfbb":11,"35aa7fd0":13,"031e488e":14,"685207b3":13,"972f4174":12,"470d50c2":10,"2e3503e4":18,"a4296d1e":17,"501db4de":17,"d548635d":11,"ca7d47f7":17,"ce3bf5db":15,"805af3c7":12,"0b959527":11,"4c39240e":16,"aa021138":16,"7be025ce":14,"5774ac0d":16,"b7cc7909":15,"c91966ce":7,"da04caac":12,"fe44fc6f":12,"95904ac4":18,"74c26380":13,"a0cf08b3":10,"61145ec9":21,"31d74eee":8,"5f7d7195":15,"97e75c19":17,"d957f027":7,"90d52475":11,"c81b2bcf":12,"254cc28c":14,"d0c0fc08":10,"4ba6eb36":14,"82b81567":12,"8f2a7d69":12,"554ebb83":13,"d0e9a58e":8,"7a2f3f06":11,"0fc5ac7e":18,"3062379b":10,"4bcd4a30":23,"b7832271":12,"7a9344a4":7,"913a6226":10,"805534ac":15,"4279e829":17,"059d6c19":15,"92136ff5":17,"df81ddee":15,"751bcf25":16,"f1b493de":13,"53747a91":11,"3f9b5722":14,"6b9eff39":12,"3007f31f":7,"74f234c6":20,"1f342a00":12,"22234d6b":10,"0d2a1c58":4,"b0869206":10,"37d0cae2":12,"e4c312fe":10,"a6b5e869":13,"4b125e7b":14,"bec9d329":15,"e356abf1":11,"0d28db94":9,"f7231212":13,"e57d5cda":22,"056ea7ff":11,"43d87483":13,"87083264":13,"4d9b0b10":12,"cfafcda8":12,"2352c8ef":14,"eb2e1983":13,"8dd2684c":14,"ac38a6a5":12,"f87c5031":16
1604737427127,"de36827b":16,"ce4da56f":11,"6db0ea86":16,"66554572":11,"e0f7679f":16,"1138796e":14,"6a60348e":15,"4b4ef7fa":19,"be1746a0":5,"946df4fd":12,"5781776a":13,"a543ec74":17,"016953e4":10,"35b58ef9":8,"363590c7":13,"aa00769b":16,"93ac9ca3":12,"26f99a1e":16,"26c6fa34":12,"7ee148e9":15,"a40846b7":18,"22176537":12,"88432019":10,"b946e146":17,"416a9e97":14,"f598a332":19,"53431634":18,"5be594be":11,"0da28f5b":12,"3498f223":7,"288d171f":10,"cb51f134":13,"24ffcbd3":16,"a81a857c":7,"e32524d6":14,"b230e8d3":16,"a1370ab0":13,"dcfaba4c":11,"9b3f8714":9,"aec4e1bf":17,"1745a0f4":6,"05f6ab35":16,"9b546d65":11,"dfcc2ad1":10,"a851891c":13,"3f75d3bc":18,"a0cf08b3":11,"7ae34c64":15,"ef8987d7":21,"e865e4dd":11,"d9a64845":11,"6867261a":16,"57d5dee8":17,"cb6c9e42":20,"b88033fd":15,"f4b2f575":10,"c67979e6":16,"842c8340":13,"23760167":11,"c98d5272":14,"3a1b9af5":10,"36fb15d2":7,"d0c0fc08":11,"ef16ca37":12,"08a4c3f8":17,"45b038bb":14,"67f6e4f2":10,"508aac3d":12,"0fc5ac7e":19,"28d40296":5,"f8b31ce5":19,"0a2f71bc":8,"c4e70c07":11,"a8726d50":16,"b6ee137a":12,"e2a7d915":19,"a4f1d83b":11,"30dbfc69":14,"bc09fa9e":12,"93683c82":14,"c45d554f":15,"51c57542":10,"906632cb":10,"5ccf94d6":15,"70594a28":13,"1e191c98":7,"f4343817":14,"5747db6e":16,"1a442bc7":12,"b0869206":11,"87c462ee":9,"79be29c8":6,"d815c5b4":16,"f0a06216":18,"04cc7cbe":12,"10ec5a0b":7,"4d9b0b10":13,"77bfed7e":18,"7566fdd6":15,"95539a58":5,"87cd2add":17,"9496f56f":13,"70c1e715":15,"d0d6acb1":9,"b947257e":14,"fd07e0ed":11,"a24e6670":14,"2cce4fb2":17,"49910300":11,"a8871ddf":16,"bbe71605":14,"489a39f7":10,"0d2c95fe":14,"c6e3d352":11,"b935fc1c":15,"792cfcbd":16,"09f0db62":18,"dfc89705":13,"e9adbe58":9,"ef8321d8":12,"ab7d4c9a":15,"a836aa93":10,"8e780922":18,"e1618359":20,"945b63f0":17,"6d339d45":14,"15620dca":13,"09560615":12,"8cc4a982":13,"c4bff41f":9,"0ecfa1c9":19,"5f6613c8":14,"a8c93bed":13,"8b5a8e9f":20,"062179c1":10,"a0685bf3":14,"0e2b5d2f":13,"20958d58":10,"f5e8dfee":18,"52eca0dc":16,"fd482491":11,"71ba7561":9,"a5fd8ffd":21,"28654c76":19,"cf1b8c47":11,"c93c3508":6,"c9efc8f6":13,"6df0b2e8":24,"71279c46":9,"31d74eee":9,"77bae750":8,"0670c466":8,"97e75c19":18,"23760167":12,"cf775f58":14,"36684155":12,"468fc85c":14,"77d35808":14,"be1746a0":6,"f6fe095d":16,"eed20185":14,"eda6a690":13,"b460f030":14,"695a2b92":9,"5b60dd1d":13,"b4fdf90e":15,"288afc30":14,"8323d333":16,"d0e9a58e":9,"f1862e79":13,"b2a8761b":13,"3d1af513":10,"9b742f71":12,"168e75d9":13,"4e3f5178":11,"62d1d346":13,"2154b6e8":9,"aa021138":17,"9e65c0ef":14,"fce3c5c6":11,"638cb163":21,"30c5d755":16,"61f25dd4":18,"f9f2c53f":9,"6490bac6":17,"381c68fa":21,"e62d705f":7,"daab45c6":14,"c650b434":19,"a68a93b2":11,"79e4fa1c":10,"b7434f57":9,"c3e6ef01":17,"2ad42a9e":15,"6bc5d32a":18,"d70ca4f4":20,"72d7b461":11,"3c6692a3":13,"730338c4":16,"f905a555":15,"87c462ee":10,"bb00e71c":13,"d1d40c9c":16,"88ce179e":17,"b0869206":12,"6b82b527":10,"e0e48a2d":12,"07f98660":10,"ef91eaae":12,"ef14000f":15,"0785820e":13,"e57d5cda":23,"084cbc0b":11,"d0d6acb1":10,"fb7482fe":13,"7db3edda":16,"a24e6670":15,"32c9fc47":11,"e81834aa":11,"05642105":13,"411b5027":13,"3c782bb3":11,"6db0ea86":17,"51f57142":13,"22176537":13,"01d817b8":16,"a77e8461":12,"f2ca27d9":9,"6d5fcd4c":10,"25a7a0a3":18,"cf9f4757":9,"d5059415":13,"0e2b5d2f":14,"fead11cf":14,"78b97937":14,"062179c1":11,"6c486702":10,"25a2844e":16,"55928ef1":14,"a472532e":18,"42cd2360":11,"b28a5e67":10,"781ace7d":14,"32133249":22,"13747b82":18,"0681c48e":15,"081460bf":13,"031e488e":15,"74e3d13e":9,"31f6ba51":10,"31d74eee":10,"5f7d7195":16,"8ec3834d":7,"9d63c4dd":16,"2a387957":18,"ccf8b803":12,"9d9dd9e5":13,"04612878":11,"baebb391":14,"17807120":11,"695a2b92":10,"742f1425":13,"f5cd79c1":11,"26c6fa34":13,"f6fe095d":17,"c27969ec":16,"39bbc4bc":26,"4cc141fa":8,"f2470875":12,"5099c6a0":20,"c7ab83c1":11,"7ae3fc50":14,"1bd5b20b":10,"408bb2ed":14,"685207b3":14,"d548635d":12,"8e99d5d0":18,"3498f223":8,"9f2b16a7":7,"49b358bd":13,"f33c0140":13,"c0b0f492":17,"1a68160d":12,"ba30e43a":22,"ca7d47f7":18,"9e65c0ef":15,"92f800f5":12,"259930ee":16,"7e8e1c3d":16,"110b1ee3":17,"20e470e0":11,"4eed1bea":18,"3b690f68":17,"9a80f004":16,"40e79dd3":14,"9d4da635":12,"a851554d":14,"4ee62a26":8,"805534ac":16,"8942c35b":11,"059d6c19":16,"bfad1727":15,"d8e58a8c":22,"cf1b8c47":12,"83b2f9c5":13,"ba586505":14,"91b28f83":13,"d1d40c9c":17,"d815c5b4":17,"3b2dee89":15,"bf30a08f":12,"1bb4ccc0":9,"b9be31d6":11,"ac030e74":9,"508aac3d":13,"84b67924":12,"0d2a1c58":5,"d552eb2f":8,"383e232d":11,"778c95e9":11,"f069bb07":15,"f9c15fcc":13,"379184a7":16,"3d1af513":11,"de11eb19":21,"6291e9e9":12,"1138796e":15,"868edcc0":12,"ef8321d8":13,"d3e84616":16,"be4f8ba8":13,"57540cc3":11,"49902219":17,"36d340f2":11,"056ea7ff":12,"9c29f0ed":21,"0bfabf48":18,"f7231212":14,"e28c2efc":17,"2a76f1dd":13,"831c7b85":10,"1105f790":14,"9b546d65":12,"4c0e547b":12,"78467b8a":19,"f2e3c0e3":10,"15620dca":14,"8d04852b":17,"5a734022":14,"74e3d13e":10,"b230e8d3":17,"fb44fa9c":13,"32c9fc47":12,"28d41578":8,"8298e976":19,"064a99c8":13,"be1746a0":7,"5410e9c6":14,"99d130c9":12,"f6fe095d":18,"aa00769b":17,"c95719e5":11,"bc392d1c":13,"578f6e9e":13,"baebb391":15,"fe1d4419":19,"812b4f15":17,"004f1ef3":10,"a58bf525":13,"25d1b2d8":13,"47cfba38":10,"ce3407dd":14,"5eaa1581":11,"6632fed0":18,"48efc739":20,"c6c85783":13,"d1fe2868":7,"be2955bb":12,"1a2c020b":17,"79f04300":11,"e0154608":8,"69d4b754":16,"f598a332":20,"28d40296":6,"e5d3655c":14,"1e232870":11,"5f620a1e":12,"f8b31ce5":20,"e3547548":6,"c1bdfd41":9,"88fa53d6":13,"c650b434":20,"7cd0ad7b":14,"f1b493de":14,"4dac6b20":13,"21ad2f34":10,"1e7753d9":18,"a4f1d83b":12,"77898c22":10,"467773ac":15,"21e10a2b":15,"94a2fe10":15,"40e79dd3":15,"4abb7aed":12,"0a1d11e6":15,"6e44927f":7,"a851891c":14,"dc03ebd2":15,"28654c76":20,"a5fd8ffd":22,"ee75b607":13,"6841f77e":12,"d1d40c9c":18,"54d7de6b":20,"935ec056":11,"730a4938":18,"d39724bc":12,"77f31bab":21,"c98d5272":15,"9147702f":12,"2f455cce":8,"9fa62fee":13,"9ab755d3":13,"fd369c21":15,"1f342a00":13,"84b767be":18,"cfe72ead":11,"9260d96b":19,"6585adbe":7,"8323d333":17,"b8397293":6,"d33790a2":16,"d102b0c6":12,"3b7763b1":12,"3f9b5722":15,"f2ca27d9":10,"12012fbd":16,"d4ee22a4":19,"7a840529":10,"9c29f0ed":22,"8ac72326":13,"93b9fae6":13,"cf9f4757":10,"4f59a322":12,"c510bfd3":18,"b8488fc8":13,"30c184b8":12,"831c7b85":11,"c463799d":16,"13b53c7a":14,"7fdc2007":9,"1d153b20":14,"140ce69e":18,"fd6dcb20":8,"eeaa2d46":13,"21ee2afe":14,"42c80e69":11,"5eaa1581":12,"7af9d3b1":9,"162a7348":12,"17446892":9,"b230e8d3":18,"12534561":5,"bbe71605":15,"0be540c5":11,"411b5027":14,"f277386e":11,"d36125db":20,"24d24fa3":9,"1951480c":17,"49910300":12,"971675c5":12,"c609739e":20,"045f280d":13,"93ac9ca3":13,"a5aee5de":12,"03dcfa3d":18,"5b60dd1d":14,"bad6cdb1":18,"016953e4":11,"b460f030":15,"c95719e5":12,"3e082b37":13,"cbad3b92":20,"c67979e6":17,"91d52a55":10,"cb6c9e42":21,"53431634":19,"a3253019":20,"90a06ee9":16,"dbc9df44":11,"145c7559":16,"168e75d9":14,"4def63ee":10,"c85a0d80":13,"fce3c5c6":12,"9bdf362a":7,"08a06557":21,"caddd0a7":16,"d6f0d94a":11,"0f029727":17,"c455f40e":11,"5a622a23":16,"0c043224":14,"6b9eff39":13,"8942c35b":12,"40e79dd3":16,"a983a6dc":13,"9ceb5439":6,"815e4582":13,"0670c466":9,"3a291497":11,"aa76bc50":11,"6e44927f":8,"6023df54":8,"da04caac":13,"5ef93e5d":9,"7ae34c64":16,"290b4714":17,"16b476e9":10,"ba586505":15,"cb4f262b":16,"d815c5b4":18,"84b67924":13,"7e991ab9":11,"9147702f":13,"aec074c4":19,"b5763ff6":11,"fb7482fe":14,"0bd93cfd":9,"31f6d707":19,"608bc832":8,"d33790a2":17,"fe0df575":13,"358e45b1":17,"0cb80f4a":14,"b4fdf90e":16,"1e7753d9":19,"53747a91":12,"dbd2f139":14,"ded7da5a":11,"f4634d0b":14,"f734c84c":12,"d0c104c4":13,"d70ca4f4":21,"00cf385d":22,"ad2d7bed":12,"d2466211":15,"76f94eda":11,"d5059415":14,"77bfed7e":19,"621d6b18":15,"d4ee22a4":20,"10ec5a0b":8,"e5b1abc6":11,"478d2d4f":19,"8f10fa42":16,"2a4a402a":10,"8b5a8e9f":21,"c510bfd3":19,"8007f30e":10,"9a467a82":16,"8dd2684c":15,"53a8613c":16,"36d340f2":12,"6d339d45":15,"217c0327":11,"f2f58418":9,"162a7348":13,"d6d61bfc":17,"61d4782d":10,"c4bff41f":10,"288a2c43":14,"0ecfa1c9":20,"5774ac0d":17,"b2703001":11,"fb44fa9c":14,"8298e976":20,"1db42092":17,"11888cfa":11,"2c24d929":20,"a3d4a0e5":18,"aefe13f5":19,"cf84fb54":19,"8274885a":13,"01cd8099":11,"f5cd79c1":12,"6be9332a":14,"c564e316":16,"f1098793":17,"8dd649a3":10,"cf52025e":9,"946df4fd":13,"26f99a1e":17,"eda6a690":14,"0b3283c9":13,"90a06ee9":17,"6fb4cdda":11,"2e3503e4":19,"0dad37d5":11,"9f2b16a7":8,"c85a0d80":14,"9267f0ef":18,"b320feb9":5,"719c8869":15,"ba30e43a":23,"7e76c93c":11,"fbdffc95":11,"1623fc9f":11,"5f620a1e":13,"72b84094":11,"99e171db":9,"44a4f7cd":8,"e99318a3":13,"cf775f58":15,"7896b953":13,"b28a5e67":11,"db8ba455":15,"a15713c6":18,"28654c76":21,"aa76bc50":12,"fafb4cc2":16,"90d52475":12,"254cc28c":15,"c81b2bcf":13,"ea822700":11,"508aac3d":14,"92efd84f":13,"2c01e624":12,"5a07fc2e":12,"778c95e9":12,"98915a1f":14,"336d0f08":19,"ef16ca37":13,"8323d333":18,"1bd5b20b":11,"332820ce":9,"67f6e4f2":11,"b35e9e1a":17,"ab7467de":19,"21ad2f34":11,"31408822":11,"18d20aa1":8,"906632cb":11,"5a622a23":17,"110b1ee3":18,"7bebff03":9,"3f9b5722":16,"fb8bfb36":12,"1e7753d9":20,"c3e6ef01":18,"430a5db5":16,"6ee92259":13,"f56ac638":10,"bec9d329":16,"a502c93c":19,"bf30a08f":13,"16b476e9":11,"87c462ee":11,"9aa6a054":14,"53b4e647":18,"77bfed7e":20,"c8113b77":16,"d2466211":16,"9496f56f":14,"9f74b8a4":11,"9a07d89b":11,"8721056e":7,"b87158fb":15,"6a7392d5":13,"cd522166":19,"733c86f8":13,"1105f790":15,"51f57142":14,"865d9857":12,"eafbf9fb":13,"9de29816":14,"6de0aaac":11,"f2f58418":10,"f2ca27d9":11,"61d4782d":11,"227006e4":14,"6867261a":17,"0ecfa1c9":21,"2ab62345":14,"bfcb912a":13,"c852d240":15,"b84a06eb":17,"8aa78e2f":14,"69f3bfcc":15,"0b5a0408":16,"49910300":13,"de36827b":17,"045f280d":14,"23080895":12,"b6aaf976":18,"aefe13f5":20,"d1676e89":9,"004f1ef3":11,"26c6fa34":14,"09ff339a":9,"9c58dd76":14,"a0b03218":18,"71ff66e8":10,"48655f09":12,"c318d350":14,"22aeaf03":13,"016953e4":12,"6fb4cdda":12,"b215547b":6,"1247fa52":12,"288d171f":11,"501db4de":18,"ab7d4c9a":16,"1e232870":12,"c0b0f492":18,"638cb163":22,"30c5d755":17,"fce3c5c6":13,"e32524d6":15,"4777334c":11,"d6f0d94a":12,"83b2f9c5":14,"0a1d11e6":16,"3101354b":7,"a5fd8ffd":23,"43bc86e3":19,"52eca0dc":17,"dd035d2a":9,"e99318a3":14,"d1fe2868":8,"b88033fd":16,"23760167":13,"39a2fcce":17,"650bb0e0":16,"c98d5272":16,"ea822700":12,"70c1e715":16,"9e878ec2":22,"9260d96b":20,"40569362":15,"de11eb19":22,"358e45b1":18,"e0e6a097":12,"49bf2e95":9,"5747db6e":17,"884b0ad1":9,"eb7b4e29":11,"2c627253":8,"c650b434":21,"79e4fa1c":11,"fb8bfb36":13,"4e5aaaec":7,"cd3bbe7e":17,"21e10a2b":16,"751acea8":12,"19e9776f":14,"77898c22":11,"efd23af5":13,"40a745c0":13,"0c0e98ea":8,"ca6d2d91":15,"f883d582":9,"778c95e9":13,"51a3e9c2":11,"b3f19a69":17,"3b2dee89":16,"04cc7cbe":13,"9d4f1fe6":16,"4652b09a":8,"935ec056":12,"e4cfef0a":13,"00a17b46":12,"ae95f2ba":12,"cf9f4757":11,"abd32136":15,"9c29f0ed":23,"ef14000f":16,"25a2844e":17,"cd522166":20,"2a76f1dd":14,"a8c93bed":14,"1bc0591f":11,"bd62d7ed":11,"0e2b5d2f":15,"d1715f3b":12,"546f6845":13,"6d339d45":16,"25a7a0a3":19,"6143f39d":10,"eafbf9fb":14,"36d340f2":13,"17446892":10,"60d6cee2":12,"ed4fad08":13,"8cf83787":9,"013ee301":12,"07fc4a9a":13,"a24e6670":16,"4ff2225d":12,"17b08923":13,"0be540c5":12,"aefe13f5":21,"baebb391":16,"2203f259":16,"468fc85c":15,"9c58dd76":15,"a58bf525":14,"c564e316":17,"bad6cdb1":19,"2d382981":14,"3712c4bd":13,"016953e4":13,"dd1fcb17":10,"f2470875":13,"317c1591":9,"dcfaba4c":12,"501db4de":19,"4c4aa2e2":13,"8e99d5d0":19,"2e3503e4":20,"ab7d4c9a":17,"c0fea118":13,"704bce0d":13,"e1571af7":15,"49b358bd":14,"d9f512b9":16,"d6f0d94a":13,"e3547548":7,"2045d7d6":19,"031e488e":16,"a1370ab0":14,"a6003226":11,"781ace7d":15,"a5676c24":15,"7c0a2db6":15,"b28a5e67":12,"aa76bc50":13,"a5fd8ffd":24,"4abb7aed":13,"ccf8b803":13,"9d63c4dd":17,"1b881e6e":14,"394dc144":19,"5d087c79":10,"8ec3834d":8,"5a0eb771":11
1604737428029,"8493f3b2":13,"cd95f558":15,"cfe72ead":12,"50312237":16,"b4fdf90e":17,"db0a661e":12,"c4aa1e38":8,"b5763ff6":12,"2180f99b":15,"c7636527":14,"9d0546ac":12,"5fa12feb":18,"6f81493d":19,"059d6c19":17,"ded7da5a":12,"8f9b74b0":9,"cd3bbe7e":18,"0c0e98ea":9,"efd23af5":14,"a0ce82b4":14,"0af920d8":9,"8ea21393":15,"c3e6ef01":19,"026766f3":7,"0bd93cfd":10,"9fa62fee":14,"7db3edda":17,"fb7482fe":15,"2a06ab95":19,"7f6d1d0e":13,"1c0a9eff":12,"6ee92259":14,"1757a30e":12,"4b125e7b":15,"ba586505":16,"e356abf1":12,"0bfabf48":19,"10ec5a0b":9,"7e95c5a0":17,"ad303bda":18,"9496f56f":15,"00a17b46":13,"87083264":14,"f67de058":13,"11b2c8d9":9,"05f6ab35":17,"fe8f3d36":9,"172217e5":9,"12012fbd":17,"ccdd1ce6":8,"3661e12d":19,"f5596d0f":12,"15620dca":15,"d6320619":15,"f598a332":21,"dbc9df44":12,"470d50c2":11,"b2c25d1c":17,"34c5c729":11,"4b4ecbce":15,"9b742f71":13,"0f029727":18,"aab4d996":10,"d9dcdc4b":18,"868edcc0":13,"a6bcb07e":15,"1138796e":16,"d6db2b02":15,"11888cfa":12,"a0bc1ceb":11,"3c782bb3":12,"b7df1559":15,"dfc89705":14,"578f6e9e":14,"aefe13f5":22,"5410e9c6":15,"71ff66e8":11,"bc392d1c":14,"74e01f6a":16,"95d3d348":14,"3c43e8a2":14,"a636f4c9":20,"095ab3b4":12,"ea9bba6b":10,"6df0b2e8":25,"d6d61bfc":18,"2132fe93":18,"40860a4b":7,"b7cc7909":16,"6c486702":11,"7af262e5":9,"f5e8dfee":19,"42cd2360":12,"313258f2":15,"abc1d7ad":19,"1d44aff3":11,"731fc335":10,"aa76bc50":14,"db8ba455":16,"9b3f8714":10,"bfcb912a":14,"97e75c19":19,"0f1ac912":9,"36b7003c":20,"527ff946":18,"47d27624":11,"0670c466":10,"9ceb5439":7,"1b153aef":12,"1bd5b20b":12,"34658473":9,"00554ffd":17,"ef16ca37":14,"4ea4a2a1":17,"cd95f558":16,"1f342a00":14,"7043382d":14,"25776fc4":11,"d9d7c4c2":17,"04ea5673":17,"259930ee":17,"3b7763b1":13,"cd3bbe7e":19,"5ccf94d6":16,"e1f0dbfd":14,"d25e0f8d":13,"bb98a6cf":16,"f4634d0b":15,"18d20aa1":9,"c8dc010f":14,"655941a0":18,"ca6d2d91":16,"b6ee137a":13,"0a96f57a":17,"1e191c98":8,"6a3eaf43":11,"ee21ad02":16,"d83870f5":15,"d39724bc":13,"4652b09a":9,"a502c93c":20,"7ee7621c":15,"e356abf1":13,"869cbaa0":12,"6034b6d0":15,"d83294cd":13,"9c29f0ed":24,"0bfabf48":20,"8cd78f77":21,"fd369c21":16,"b7832271":13,"f069bb07":16,"c0e2624b":15,"49902219":18,"d3e84616":17,"f2ca27d9":12,"217c0327":12,"6d802fa2":18,"8aa78e2f":15,"a3d4a0e5":19,"0b5a0408":17,"1be05c14":7,"ce4da56f":12,"12a2cd4b":13,"e7e82473":21,"48655f09":13,"6ce84ff8":13,"437fc3ec":20,"59c1e594":18,"c6e3d352":12,"09ff339a":10,"12012fbd":18,"558d5ce7":13,"d6320619":16,"288d171f":12,"ebdbf580":15,"470d50c2":12,"9f2b16a7":9,"e4cfef0a":14,"8b5a8e9f":22,"55928ef1":15,"7fb4c521":15,"5f4102da":8,"c463799d":17,"9d023afb":15,"7af262e5":10,"a59a8290":19,"fe44fc6f":13,"a15713c6":19,"9f5e6cba":15,"aa9ea5e8":12,"c64de0c0":9,"a1370ab0":15,"725dce8b":17,"32133249":23,"bb8a6337":7,"36684155":13,"842c8340":14,"f4b2f575":11,"39a2fcce":18,"527ff946":19,"ccf8b803":14,"faf3ed07":17,"a5aee5de":13,"ea9bba6b":11,"5099c6a0":21,"a636f4c9":21,"22aeaf03":14,"a43061ee":13,"82868763":13,"358e45b1":19,"b2a8761b":14,"9e878ec2":23,"792c9b6a":15,"5a0ead91":12,"8245f916":14,"b8397293":7,"b215547b":7,"e5d3655c":15,"4c4aa2e2":14,"1a68160d":13,"014460b9":11,"9bdf362a":8,"2154b6e8":10,"0a2f71bc":9,"04ea5673":18,"ffc86f94":11,"72b84094":12,"4ee62a26":9,"0d5ee801":12,"ecfa8249":12,"a8726d50":17,"e2cbe594":9,"059d6c19":18,"c455f40e":12,"27d8bf51":17,"f1b493de":15,"2b3c49b9":15,"a0cca8b7":8,"30d84dce":14,"b7434f57":10,"95904ac4":19,"5ef93e5d":10,"3101354b":8,"1d44aff3":12,"ef8987d7":22,"cb4f262b":17,"88ce179e":18,"bd2705b0":14,"51a3e9c2":12,"1a442bc7":13,"290b4714":18,"7f6d1d0e":14,"50c468ba":10,"6f39f4d9":16,"9f74b8a4":12,"6a5b71b4":17,"43d87483":14,"bca2d7cd":10,"72d7b461":12,"7e991ab9":12,"50c3164b":15,"d744bee2":14,"b947257e":15,"7db3edda":18,"90731976":7,"e81834aa":12,"d36125db":21,"b2703001":12,"a6bcb07e":16,"4febf7c5":13,"9c045c61":16,"af157d29":15,"c5b35e4d":8,"36380d96":15,"3661e12d":20,"217c0327":13,"f3d68430":18,"09560615":13,"77bfed7e":21,"f7231212":15,"cd522166":21,"7af262e5":11,"8721056e":8,"dc0c8b09":22,"8063df14":17,"8b5a8e9f":23,"eebc8d43":8,"21ee2afe":15,"5774ac0d":18,"ed4fad08":14,"17446892":11,"1ed46298":22,"42c80e69":12,"e4714415":16,"64db4feb":16,"31d74eee":11,"99e171db":10,"36684155":14,"a983a6dc":14,"9d9dd9e5":14,"50d129cf":13,"5d087c79":11,"3310a049":18,"a5aee5de":14,"868edcc0":14,"2203f259":17,"e8d74304":11,"87922532":15,"8274885a":14,"aa00769b":18,"c318d350":15,"2d382981":15,"836701f6":14,"0f72f2d8":9,"60e855ee":13,"fe1d4419":20,"578f6e9e":15,"8323d333":19,"4ba6eb36":15,"3652bd66":15,"d102b0c6":13,"d0e9a58e":10,"0ac825ed":10,"9f2b16a7":10,"c4feee5b":18,"77300e4a":11,"9b742f71":14,"c21ab51e":9,"c7636527":15,"aa021138":18,"5ab7bc35":12,"638cb163":23,"e786063b":16,"92f800f5":13,"b320feb9":6,"9a80f004":17,"dae0f922":19,"e2a7d915":20,"430a5db5":17,"4e5aaaec":8,"b6591e25":16,"18d20aa1":10,"dbd2f139":15,"6e24d88b":9,"92136ff5":18,"bfad1727":16,"f1b493de":16,"bc09fa9e":13,"3f9b5722":17,"5f0c1b9d":21,"ef8987d7":23,"012de09c":9,"781ace7d":16,"ec110282":17,"aa867541":7,"7896b953":14,"d929098e":10,"6841f77e":13,"5acce642":12,"4652b09a":10,"d815c5b4":19,"e4c312fe":11,"00cf385d":23,"753ca352":8,"1f342a00":15,"835358a0":11,"0d2a1c58":6,"dd7acb96":15,"4bcd4a30":24,"a6626a13":11,"aaa274a5":15,"b4fdf90e":18,"95f6db13":12,"159ffd0b":4,"d6320619":17,"51f57142":15,"53a8613c":17,"87083264":15,"af7e5be8":19,"6a5b71b4":18,"30b6808c":11,"4930f321":6,"0bfabf48":21,"c463799d":18,"0e2b5d2f":16,"8f10fa42":17,"13b53c7a":15,"9a07d89b":12,"1105f790":16,"dfcc2ad1":11,"b946e146":18,"9e206c95":17,"3454fa2b":16,"0e036ae9":14,"74e3d13e":11,"540df50f":18,"bc3dc66a":11,"5ac86fb9":13,"72805bf5":16,"bfcb912a":15,"5e09f69e":16,"25d1b2d8":14,"cb6c9e42":22,"1d790491":14,"36684155":15,"f2364460":13,"d1fe2868":9,"84369269":10,"1a68160d":14,"79f04300":12,"9f2b16a7":11,"53431634":20,"80a8a56d":13,"e1571af7":16,"f3992a31":10,"0a2f71bc":10,"4e3f5178":12,"014460b9":12,"d9f512b9":17,"e3547548":8,"ca7d47f7":19,"24ffcbd3":17,"0149e11a":12,"9a80f004":18,"1a2ec5d7":18,"45fb95c1":13,"4945c851":20,"6c73ae98":12,"489a39f7":11,"bc392d1c":15,"6a60348e":16,"03c398d2":11,"3a204e56":15,"73b15e04":15,"4b4ef7fa":20,"b769bdfb":12,"004f1ef3":12,"792cfcbd":17,"a40846b7":19,"d8475b95":14,"39bbc4bc":27,"26c6fa34":15,"3c43e8a2":15,"77d35808":15,"3a291497":12,"aa867541":8,"ae016053":16,"dc03ebd2":16,"52eca0dc":18,"2dd0e808":16,"4abb7aed":14,"88ce179e":19,"bd2705b0":15,"2d54e0a8":13,"0bd93cfd":11,"3c6692a3":14,"8657c79d":19,"6e851762":18,"9147702f":14,"fd369c21":17,"761cf820":9,"3a1b9af5":11,"50312237":17,"92d38723":14,"d0b297b2":11,"8d000d6e":12,"792c9b6a":16,"6db0ea86":18,"4945c851":21,"9d0546ac":13,"ca6d2d91":17,"a8726d50":18,"fb8bfb36":14,"d634aa28":18,"5fa12feb":19,"cd3bbe7e":20,"c455f40e":13,"8942c35b":13,"6bc5d32a":19,"5ccf94d6":17,"d1d40c9c":19,"9cb4697f":17,"67d30f2b":19,"629800eb":17,"053f3451":12,"1a442bc7":14,"cb142908":14,"7f6d1d0e":15,"2b698053":8,"ac030e74":10,"b9be31d6":12,"7218c9f1":13,"9d023afb":16,"fe8f3d36":10,"8b5a8e9f":24,"70ee0491":11,"c510bfd3":20,"831c7b85":12,"33d6bb6a":16,"f2ca27d9":13,"18815a1b":11,"bc021def":16,"08c6b5d2":11,"9c045c61":17,"140ce69e":19,"e9adbe58":10,"47cfba38":11,"d6d61bfc":19,"35aa7fd0":14,"c9efc8f6":14,"32133249":24,"24a9fb86":17,"5a734022":15,"6e98dfda":20,"6adce358":15,"8b2b601d":13,"d36125db":22,"90731976":8,"411b5027":15,"d6db2b02":16,"bad6cdb1":20,"12a2cd4b":14,"004f1ef3":13,"2c5c1dc0":13,"99d130c9":13,"3e082b37":14,"ac62fac2":12,"dd1fcb17":11,"695a2b92":11,"481754fc":8,"9a3cc55d":12,"aefe13f5":23,"8dc9b4db":13,"971675c5":13,"c382f054":11,"470d50c2":13,"f2086446":12,"a3253019":21,"ebdbf580":16,"868cda42":10,"ab7d4c9a":18,"caddd0a7":17,"a4296d1e":18,"1623fc9f":12,"4577b333":13,"49b358bd":15,"25776fc4":12,"d6f0d94a":14,"7e8e1c3d":17,"f734c84c":13,"20777945":10,"902f49f5":10,"d033db8d":15,"6bc5d32a":20,"36684155":16,"cf775f58":16,"b28a5e67":13,"61145ec9":22,"d8e58a8c":23,"28654c76":22,"dc03ebd2":17,"5ef93e5d":11,"8db5a165":7,"16b476e9":12,"93b0a158":11,"1b881e6e":15,"794f652b":11,"5a0eb771":12,"3c6692a3":15,"284544ba":11,"730338c4":17,"1f7607df":11,"aa5dfdf5":14,"eb7b4e29":12,"c793cdda":14,"d33790a2":18,"5ee911b5":13,"08a4c3f8":18,"2e99f8fd":12,"92d38723":15,"45b038bb":15,"b35e9e1a":18,"9a80f004":19,"d634aa28":19,"debe1f65":18,"3b690f68":18,"5272520d":11,"5fa12feb":20,"c3e6ef01":20,"be40590d":10,"87c462ee":12,"ba586505":17,"6775d5cd":7,"d39724bc":14,"aa187e3b":14,"b9be31d6":13,"0d7d88f1":12,"1dad0f99":13,"c803b4a3":11,"385ab7c6":12,"9c29f0ed":25,"67c57de4":17,"6a7392d5":14,"7fdc2007":10,"ec11fe5f":17,"6c524f99":13,"f67de058":14,"bd62d7ed":12,"2a4a402a":11,"ccdd1ce6":9,"1d153b20":15,"eeaa2d46":14,"88432019":11,"945b63f0":18,"546f6845":14,"2cb29e5a":15,"2132fe93":19,"ed4fad08":15,"57d5dee8":18,"af034fee":12,"8cddb65e":12,"51f80f4c":17,"60d6cee2":13,"754f98c9":14,"1a2c020b":18,"fe578280":14,"9b172ca8":13,"e1571af7":17,"288d171f":13,"2154b6e8":11,"ba30e43a":24,"168e75d9":15,"65a00a3c":13,"90a06ee9":18,"ce3bf5db":16,"88fa53d6":14,"57167c74":17,"5339e1e9":12,"bab97de3":19,"0b5a0408":18,"8298e976":21,"eed20185":15,"f277386e":12,"481754fc":9,"6d802fa2":19,"016953e4":14,"489a39f7":12,"e8d74304":12,"60e855ee":14,"49910300":14,"56752a4a":9,"bad6cdb1":21,"363590c7":14,"2d382981":16,"836701f6":15,"b7df1559":16,"26f99a1e":18,"22aeaf03":15,"6d61bf13":9,"cb6c9e42":23,"47d27624":12,"a901627e":5,"012de09c":10,"810aa5e9":7,"345c9967":12,"65e4235b":18,"43bc86e3":20,"dc03ebd2":18,"f66616b7":7,"04643409":9,"bf822e33":12,"a983a6dc":15,"2180f99b":16,"5a07fc2e":13,"4bcd4a30":25,"730338c4":18,"8657c79d":20,"0d2a1c58":7,"22234d6b":11,"4f5e3e7d":9,"50312237":18,"5f8517b7":16,"de11eb19":23,"c4aa1e38":9,"b377a62a":14,"8493f3b2":14,"53747a91":13,"6bc5d32a":21,"0841052c":13,"467773ac":16,"26dd2000":10,"bc09fa9e":14,"f1b493de":17,"0c043224":15,"92136ff5":19,"b6591e25":17,"70594a28":14,"261c9911":15,"5ccf94d6":18,"4ee62a26":10,"37d0cae2":13,"290b4714":19,"7fef9973":19,"d4d5f466":15,"5eab91a0":13,"e0e48a2d":13,"f56ac638":11,"07f98660":11,"0bfabf48":22,"43d87483":15,"629800eb":18,"753ca352":9,"9fce073c":18,"87083264":16,"1105f790":17,"733c86f8":14,"8f10fa42":18,"eebc8d43":9,"e5b1abc6":12,"9d023afb":17,"0f89862c":13,"3f65f121":16,"f87c5031":17,"b9a48a5c":13,"08c6b5d2":12,"d1715f3b":13,"ec2cb1af":10,"416a9e97":15,"181c3dd5":15,"74e3d13e":12,"71279c46":10,"35aa7fd0":15,"aa9ea5e8":13,"a6003226":12,"6632fed0":19,"5e193fc8":16,"cb51f134":14,"9b742f71":15,"0dad37d5":12,"655954ba":8,"e1618359":21,"d9d7c4c2":18,"53431634":21,"014460b9":13,"a577db1c":15,"7043382d":15,"d9f512b9":18,"fce3c5c6":14,"ffc86f94":12,"a6bcb07e":17,"b2703001":13,"d6db2b02":17,"f277386e":13,"9fc713b0":16,"6c73ae98":13,"59c1e594":19,"cf50e84e":9,"4cc141fa":9,"f044c0e1":12,"095ab3b4":13,"946df4fd":14,"d8475b95":15,"363590c7":15,"83086d4c":13,"56752a4a":10,"0eaf08da":18,"82868763":14,"5099c6a0":22,"0b3283c9":14,"695a2b92":12,"69eeae0d":13,"ef8987d7":24,"71ba7561":10,"616d6dd6":20,"aa867541":9,"7896b953":15,"dd035d2a":10,"bf822e33":13,"8a52882e":15,"1b881e6e":16,"c81b2bcf":14,"789bd484":9,"2b3e4717":14,"99e171db":11,"2c627253":9,"de6213c7":21,"1f342a00":16,"6751d8e4":19,"2f455cce":9,"f069bb07":17,"508aac3d":15,"332820ce":10,"9260d96b":21,"379184a7":17,"9e878ec2":24,"7ae3fc50":15,"5ee911b5":14,"8c6e001f":10,"26dd2000":11,"07107f6e":21,"bb98a6cf":17,"a0ce82b4":15,"b6591e25":18,"85de05f2":9,"66497c7e":10,"a851554d":15,"61f25dd4":19,"20777945":11,"026766f3":8,"f4343817":15,"db703021":11,"467773ac":17,"7ee7621c":16,"d83870f5":16,"5b5fc566":14,"9d4f1fe6":17,"cb4f262b":18,"bec9d329":17,"93b0a158":12,"d4ee22a4":21,"abd32136":16,"87083264":17,"c803b4a3":12,"597c1f81":11,"ba938220":11,"25a2844e":18,"ef91eaae":13,"fef750ca":19,"9b546d65":13,"a0685bf3":15,"7fdc2007":11,"05f6ab35":18,"fead11cf":15,"eeaa2d46":15,"d3e84616":18,"bc021def":17,"175bc6b2":12,"36d340f2":14,"6cba74ce":12,"8547fbc2":18,"c64de0c0":10,"13747b82":19
1604737428889,"d8e58a8c":24,"aa867541":10,"bd984a8e":13,"c5b35e4d":9,"655954ba":9,"dbc9df44":13,"6b78ad7f":15,"5ab7bc35":13,"168e75d9":16,"53431634":22,"b5ce0c0c":19,"5f620a1e":14,"abc1d7ad":20,"5f0c1b9d":22,"49cb2959":10,"da04caac":14,"83b2f9c5":15,"ee75b607":14,"dffa7793":7,"bd2705b0":16,"d4d5f466":16,"6841f77e":14,"91b28f83":14,"2882a956":12,"30b6808c":12,"ae95f2ba":13,"9496f56f":16,"753ca352":10,"7218c9f1":14,"4930f321":7,"df2b4d87":18,"75ffea08":11,"9bdf362a":9,"30c5d755":18,"6b9eff39":14,"92136ff5":20,"cc11fef9":11,"b7434f57":11,"a0cca8b7":9,"9d4da635":13,"cd421290":13,"40a745c0":14,"07107f6e":22,"bfad1727":17,"5272520d":12,"1f11812e":9,"fb8bfb36":15,"110b1ee3":19,"b9be31d6":14,"f2e3c0e3":11,"7af262e5":12,"8b5a8e9f":25,"55928ef1":16,"013ee301":13,"4945c851":22,"8298e976":22,"1be05c14":8,"2cce4fb2":18,"f1098793":18,"a0bc1ceb":12,"90731976":9,"24d24fa3":10,"045f280d":15,"f2470875":14,"13f0e139":16,"363590c7":16,"3e602573":9,"578f6e9e":16,"6ebe2354":7,"695a2b92":13,"5b60dd1d":15,"48655f09":14,"971675c5":14,"016953e4":15,"11b2c8d9":10,"b8488fc8":14,"9a3ab0b8":10,"9b172ca8":14,"c5b35e4d":10,"1247fa52":13,"972f4174":13,"345c9967":13,"2c6cb96f":8,"71ba7561":11,"02d4753e":11,"3d1af513":12,"8493f3b2":15,"08a4c3f8":19,"358e45b1":20,"f9c15fcc":14,"a533489b":19,"6023df54":9,"3a291497":13,"a5fd8ffd":25,"2dd0e808":17,"ee21ad02":17,"d815c5b4":20,"5b5fc566":15,"4b125e7b":16,"e4117b3b":12,"6841f77e":15,"5acce642":13,"cf9f4757":12,"629800eb":19,"43d87483":16,"77300e4a":12,"5e193fc8":17,"b7505747":15,"1e232870":13,"259930ee":18,"c7636527":16,"7be025ce":15,"e3547548":9,"d6f0d94a":15,"f8b31ce5":21,"3b7763b1":14,"026766f3":9,"77898c22":12,"d0c104c4":14,"805534ac":17,"58d46189":10,"bfad1727":18,"21e10a2b":17,"5ccf94d6":19,"53747a91":14,"f883d582":10,"31408822":12,"913a6226":11,"a8726d50":19,"056ea7ff":13,"8ac72326":14,"869cbaa0":13,"7566fdd6":16,"d36125db":23,"1be05c14":9,"4ff2225d":13,"6a60348e":17,"8298e976":23,"064a99c8":14,"b84a06eb":18,"99d130c9":14,"e36dfd6f":12,"742f1425":14,"e238f09b":13,"ac62fac2":13,"317c1591":10,"48655f09":15,"a58bf525":15,"59c1e594":20,"71bc1295":14,"8dd649a3":11,"5623817d":15,"c0b7e7d7":18,"82868763":15,"33d6bb6a":17,"478d2d4f":20,"9a3ab0b8":11,"70ee0491":12,"5f6613c8":15,"6df0b2e8":26,"68562193":11,"24a9fb86":18,"a2c334e7":23,"ccf8b803":15,"99e171db":12,"23760167":14,"1a0189c4":12,"2a387957":19,"789bd484":10,"d1fe2868":10,"7bda83dd":11,"f2e3c0e3":12,"a567ace4":15,"d0b297b2":12,"ea274174":16,"1bd5b20b":13,"d0c0fc08":12,"02d4753e":12,"6585adbe":8,"36fb15d2":8,"a901627e":6,"7c0a2db6":16,"28654c76":23,"8cd78f77":22,"22234d6b":12,"884b0ad1":10,"84b67924":14,"d3a669ac":14,"d1ca5d6b":21,"8657c79d":21,"945b63f0":19,"172217e5":10,"53a8613c":18,"08c6b5d2":13,"4bc46d7a":12,"00a481e3":21,"91f7ef72":13,"61145ec9":23,"ee75b607":15,"5acce642":14,"79be29c8":7,"a6b5e869":14,"9d4f1fe6":18,"37d0cae2":14,"16b476e9":13,"c8113b77":17,"7f86be64":19,"0da28f5b":13,"90a06ee9":19,"a836aa93":11,"77300e4a":13,"655954ba":10,"4777334c":12,"704bce0d":14,"b320feb9":7,"aa021138":19,"c0b0f492":19,"e3547548":10,"49b358bd":16,"638cb163":24,"dbd2f139":16,"26ed1a5c":14,"72b84094":13,"9a80f004":20,"0d5ee801":13,"20e470e0":12,"85de05f2":10,"c8dc010f":15,"7cd0ad7b":15,"f4634d0b":16,"c650b434":22,"26dd2000":12,"94a2fe10":16,"ecfa8249":13,"9496f56f":17,"8298e976":24,"6db0ea86":19,"868edcc0":15,"28d41578":9,"de36827b":18,"13f0e139":17,"411b5027":16,"17b08923":14,"e8d74304":13,"56752a4a":11,"d1676e89":10,"12271e14":15,"26c6fa34":16,"95d3d348":15,"83086d4c":14,"aa00769b":19,"1951480c":18,"03c398d2":12,"385ab7c6":13,"95539a58":6,"869cbaa0":14,"67c57de4":18,"bc021def":18,"18815a1b":12,"ec2cb1af":11,"31f6ba51":11,"32133249":25,"bb8a6337":8,"c4bff41f":11,"aec4e1bf":18,"bc3dc66a":12,"13747b82":20,"9d63c4dd":18,"77bae750":9,"088feee2":14,"a1921150":22,"04643409":10,"650bb0e0":17,"37fbb107":15,"ad303bda":19,"d78dd457":9,"e5b1abc6":13,"cfafcda8":13,"b87158fb":16,"be3a10f8":13,"cd522166":22,"30c184b8":13,"ea9bba6b":12,"82868763":16,"27f52ed3":18,"92d38723":16,"d0c0fc08":13,"5ee911b5":15,"36fb15d2":9,"d33790a2":19,"0ac825ed":11,"b35e9e1a":19,"26c390d6":13,"b947257e":16,"284544ba":12,"aa5dfdf5":15,"ef1c2dcb":13,"272c7672":18,"9fa62fee":15,"ef8987d7":25,"49cb2959":11,"43bc86e3":21,"6e44927f":9,"dc03ebd2":19,"2dd0e808":18,"aa76bc50":15,"ee75b607":16,"54d7de6b":21,"51a3e9c2":13,"0d770b97":19,"9b742f71":16,"b2c25d1c":18,"e9679ede":11,"6fb4cdda":13,"0da28f5b":14,"80a8a56d":14,"69d4b754":17,"49b358bd":17,"24ffcbd3":18,"a81a857c":8,"7e76c93c":12,"ca7d47f7":20,"d9f512b9":19,"868cda42":11,"142d6987":15,"0a96f57a":18,"1a2ec5d7":19,"e2a7d915":21,"ca6d2d91":18,"dbd2f139":17,"9d0546ac":14,"6e24d88b":10,"18d20aa1":11,"7735c3c2":15,"9cb4697f":18,"8b2b601d":14,"2cce4fb2":19,"fb44fa9c":15,"28d41578":10,"0be540c5":13,"eed20185":16,"e0f7679f":17,"d8475b95":16,"1be05c14":10,"1c3a30c5":7,"99d130c9":15,"35b58ef9":9,"c564e316":18,"935ec056":13,"12dd6f5e":17,"49902219":19,"172217e5":11,"9e206c95":18,"a63bddd4":20,"623c6a31":11,"7080f122":12,"1ed46298":23,"51f80f4c":18,"3a1d1632":9,"12534561":6,"227006e4":15,"17446892":12,"8d04852b":18,"d1fe2868":11,"5339e1e9":13,"39a2fcce":19,"1a0189c4":13,"50d129cf":14,"8a52882e":16,"ba938220":12,"87083264":18,"a06a6430":12,"43d87483":17,"a0685bf3":16,"7e95c5a0":18,"ec11fe5f":18,"4930f321":8,"7fdc2007":12,"2ce1af05":9,"8063df14":18,"2352c8ef":15,"cfafcda8":14,"831c7b85":13,"94a2fe10":17,"805534ac":18,"7bebff03":10,"be40590d":11,"2b3c49b9":16,"5781776a":14,"b460f030":16,"5099c6a0":23,"24d24fa3":11,"3f2522c2":14,"0b3283c9":15,"3e082b37":15,"d599b566":20,"3d1af513":13,"00554ffd":18,"fa55f27a":19,"8c6e001f":11,"394dc144":20,"9147702f":15,"2d54e0a8":14,"cbb54a0a":13,"508aac3d":16,"e58b26f6":14,"084cbc0b":12,"5a07fc2e":14,"012de09c":11,"45b5746e":12,"2dd0e808":19,"906fdec3":13,"313258f2":16,"da04caac":15,"fd482491":12,"685207b3":15,"0a92153e":14,"e9679ede":12,"30c5d755":19,"ab7d4c9a":19,"859545e6":9,"4e3f5178":13,"9bdf362a":10,"c7313e0a":9,"28d40296":7,"0da28f5b":15,"c8fcad77":10,"44c77422":16,"08a06557":22,"f883d582":11,"d815c5b4":21,"51a3e9c2":14,"4ea4a2a1":18,"5f8517b7":17,"45b038bb":16,"11888cfa":13,"06ddafc7":13,"69f3bfcc":16,"d83870f5":17,"e4117b3b":13,"91b28f83":15,"6b82b527":11,"f5596d0f":13,"8547fbc2":19,"4d35385e":10,"0277d748":22,"865d9857":13,"b946e146":19,"9c045c61":18,"71279c46":11,"5ac86fb9":14,"0ecfa1c9":22,"6df0b2e8":27,"a6003226":13,"ed4fad08":16,"6632fed0":20,"ad2d7bed":13,"619fda68":14,"a06a6430":13,"4f59a322":13,"ae95f2ba":14,"d83294cd":14,"1dad0f99":14,"1745a0f4":7,"0d28db94":10,"b102f7bd":16,"d78dd457":10,"cd522166":23,"7bda83dd":12,"2bcca6a7":21,"c510bfd3":21,"27d8bf51":18,"9316e7e8":6,"20777945":12,"94a2fe10":18,"201cafad":12,"f1b493de":18,"5fa12feb":21,"110b1ee3":20,"ccb5ea3e":7,"30fdcd3b":16,"b6ee137a":14,"d0c104c4":15,"547903ef":19,"820225e4":9,"9fc713b0":17,"b552beb3":12,"468fc85c":16,"489a39f7":13,"016953e4":16,"b36a0d66":8,"eed20185":17,"c564e316":19,"eda6a690":15,"a0bc1ceb":13,"1951480c":19,"5270f158":12,"e8d74304":14,"695a2b92":14,"2d382981":17,"fb7b7b3c":21,"946df4fd":15,"31d74eee":12,"37fbb107":16,"f66616b7":8,"4ed01268":14,"e15fd611":11,"3c6692a3":16,"1634789b":18,"284544ba":13,"23760167":15,"835358a0":12,"084cbc0b":13,"d744bee2":15,"383e232d":12,"778c95e9":14,"a15713c6":20,"d9a64845":12,"69eeae0d":14,"6023df54":10,"da04caac":16,"ef8987d7":26,"1d44aff3":13,"9267f0ef":19,"288d171f":14,"ebdbf580":17,"972f4174":14,"c4feee5b":19,"b3863630":10,"79f04300":13,"caddd0a7":18,"9e65c0ef":16,"ba30e43a":25,"37a7d5b0":16,"014460b9":14,"08a06557":23,"44c77422":17,"45b038bb":17,"0cb80f4a":15,"02d4753e":13,"82b81567":13,"358e45b1":21,"d0b297b2":13,"f9c15fcc":15,"6c20c153":11,"04bef50c":9,"0d770b97":20,"22ecaed0":11,"eafbf9fb":15,"53a8613c":19,"15620dca":16,"546f6845":15,"8cc4a982":14,"d2a841c9":12,"be149c6f":17,"5ac86fb9":15,"3a1d1632":10,"e9a8cf11":16,"031e488e":17,"a1370ab0":16,"47cfba38":12,"a502c93c":21,"93b0a158":13,"3b2dee89":17,"e356abf1":14,"ad303bda":20,"6034b6d0":16,"e4cfef0a":15,"869cbaa0":15,"ba938220":13,"9a3ab0b8":12,"ef14000f":17,"7af262e5":13,"2352c8ef":16,"faf4f98b":12,"f67de058":15,"8063df14":19,"8721056e":9,"50b558a7":13,"cc11fef9":12,"ddec9e54":10,"26dd2000":13,"0c043224":16,"44ff8baa":15,"f883d582":12,"0a96f57a":19,"56d315d8":13,"df81ddee":16,"30fdcd3b":17,"40e79dd3":17,"4dac6b20":14,"a8726d50":20,"4295ce9a":11,"a4dafea5":7,"bab97de3":20,"4ff2225d":14,"a24e6670":17,"064a99c8":15,"5678ed7b":15,"03c398d2":13,"11888cfa":14,"468fc85c":17,"07fc4a9a":14,"12271e14":16,"9c58dd76":16,"014bdff0":8,"437fc3ec":21,"dd1fcb17":12,"6be9332a":15,"004f1ef3":14,"8dd649a3":12,"c0b7e7d7":19,"a40846b7":20,"7ee148e9":16,"6adce358":16,"f4b2f575":12,"bf822e33":14,"794f652b":12,"5339e1e9":14,"650bb0e0":18,"0f1ac912":10,"98915a1f":15,"aec074c4":20,"383e232d":13,"1f7607df":12,"f271ed5d":9,"d3a669ac":15,"22234d6b":13,"1d44aff3":14,"7c0a2db6":17,"6e44927f":10,"fe44fc6f":14,"b28a5e67":14,"fd482491":13,"731fc335":11,"f2086446":13,"e1618359":22,"f121b82c":17,"2e3503e4":21,"cb51f134":15,"f76a3e83":11,"34c5c729":12,"aa021138":20,"aab4d996":11,"c4e70c07":12,"28d40296":8,"f8b31ce5":22,"1b153aef":13,"7a6aa4b6":15,"b7407bd3":21,"c7c4ec5c":14,"ef16ca37":15,"b8397293":8,"379184a7":18,"6143f39d":11,"bc021def":19,"945b63f0":20,"6de0aaac":12,"9e206c95":19,"175bc6b2":13,"1d153b20":16,"c4bff41f":12,"e4714415":17,"c9efc8f6":15,"64db4feb":17,"deb31f35":11,"f56ac638":12,"1bb4ccc0":10,"3b2dee89":18,"a6b5e869":15,"ee21ad02":18,"d83870f5":18,"67d30f2b":20,"a06a6430":14,"c803b4a3":13,"ef14000f":18,"9fce073c":19,"869cbaa0":16,"0d7d88f1":13,"c1bb74f2":19,"733c86f8":15,"c38c2b52":18,"b102f7bd":17,"9a07d89b":13,"0f89862c":14,"c510bfd3":22,"c8fcad77":11,"8f13c203":3,"0c043224":17,"b7434f57":12,"5cd3cfe0":11,"72b84094":14,"da3437cd":12,"1a2ec5d7":20,"0841052c":14,"4dac6b20":15,"8f9b74b0":10,"f1b493de":19,"66497c7e":11,"4eed1bea":19,"93e8cee5":15,"77898c22":13,"dfcc2ad1":12,"2cce4fb2":20,"7732eb1e":20,"4945c851":23,"3310a049":19,"4b3e3b1c":12,"411b5027":17,"baebb391":17,"59431390":20,"27c8e038":10,"26c6fa34":17,"03c398d2":14,"9c58dd76":17,"8dc9b4db":14,"2d382981":18,"8274885a":15,"cbad3b92":21,"83086d4c":15,"8dd649a3":13,"26f99a1e":19,"437fc3ec":22,"f6fe095d":19,"5e09f69e":17,"bfcb912a":16,"36684155":17,"449d8475":16,"815e4582":14,"088feee2":15,"5339e1e9":15,"d5557fb4":21,"9d63c4dd":19,"aaa274a5":16,"d3a669ac":16,"3062379b":11,"d552eb2f":9,"d744bee2":16,"a901627e":7,"3f75d3bc":19,"1d44aff3":15,"e1618359":23,"f598a332":22,"3498f223":9,"06ee61b6":12,"b3863630":11,"9267f0ef":20,"b2c25d1c":19,"6e44927f":11,"616d6dd6":21,"a5676c24":16,"810aa5e9":8,"d0e9a58e":11,"40569362":16,"b35e9e1a":20,"fa55f27a":20,"82b81567":14,"358e45b1":22,"6f0fcb9d":16,"98915a1f":16,"383e232d":14,"08c6b5d2":14,"f2f58418":11,"be4f8ba8":14,"49902219":20,"2dda3936":15,"623c6a31":12,"ac38a6a5":13,"4911acad":11,"8cddb65e":13,"a47abfbb":12,"c0b23081":13,"e4c312fe":12,"f56ac638":13,"a6b5e869":16,"d4d5f466":17,"7fef9973":20,"5b5fc566":16,"e28c2efc":18,"619fda68":15,"67c57de4":19,"7566fdd6":17,"fead11cf":16,"053f3451":13,"55928ef1":17,"4930f321":9,"c463799d":19,"0785820e":14,"9a07d89b":14,"2045d7d6":20,"04ea5673":19,"4577b333":14,"e5d3655c":16,"e3547548":11,"df2b4d87":19,"8f13c203":4,"56d315d8":14,"6e24d88b":11,"72b84094":15,"31408822":13,"7b6a7048":10,"30fdcd3b":18,"8db62558":14,"4295ce9a":12,"a851554d":16,"1e191c98":9,"d70ca4f4":22,"ccb5ea3e":8,"2ad42a9e":16,"ded7da5a":13,"831c7b85":14,"5f4102da":9,"be3a10f8":14,"54a676d6":9,"5678ed7b":16,"26009d3f":14,"6a60348e":18,"95bc84f1":8,"e36dfd6f":13,"49910300":15,"064a99c8":16,"9c58dd76":18,"dfc89705":15,"56752a4a":12,"1c3a30c5":8,"27f52ed3":19,"b7df1559":17,"3712c4bd":14,"8eb64769":10,"83086d4c":16,"5410e9c6":16,"004f1ef3":15,"39bbc4bc":28,"60e855ee":15,"081460bf":14,"162a7348":14,"2ab62345":15,"725dce8b":18,"d957f027":8,"36684155":18,"cb6c9e42":24,"1d790491":15,"d5557fb4":22,"088feee2":16,"e15fd611":12,"f4726450":12,"c382f054":12,"e1618359":24,"781ace7d":17,"0a1d11e6":17,"4abb7aed":15,"1b153aef":14,"2e99f8fd":13,"7a2f3f06":12,"34658473":10,"408bb2ed":15,"9e878ec2":25,"36fb15d2":10,"ae016053":17,"65e4235b":19,"537634c9":11,"fe44fc6f":15,"884b0ad1":11,"8657c79d":22,"a6626a13":12,"84b67924":15,"2f455cce":10,"de6213c7":22,"18815a1b":13,"ef8321d8":14,"25a7a0a3":20,"f87c5031":18,"3f65f121":17,"6d339d45":17,"bc021def":20,"d4d5f466":18
1604737430255,"081460bf":15,"17446892":13,"e4714415":18,"4911acad":12,"5eaa1581":13,"f94bf9ea":4,"6632fed0":21,"c67979e6":18,"36b7003c":21,"1b881e6e":17,"97e75c19":20,"faf3ed07":18,"650bb0e0":19,"5957df9e":15,"de6213c7":23,"f271ed5d":10,"383e232d":15,"b5763ff6":13,"7028b044":11,"2180f99b":17,"8657c79d":23,"f2ca27d9":14,"d3e84616":19,"53a8613c":20,"bb99c79c":19,"558d5ce7":14,"8cc4a982":15,"12012fbd":19,"34c5c729":13,"acac14fb":14,"a47abfbb":13,"411b5027":18,"05642105":14,"b2703001":14,"868edcc0":16,"1db42092":18,"4945c851":24,"56752a4a":13,"26009d3f":15,"aefe13f5":24,"9c58dd76":19,"dfc89705":16,"ae8a09c4":15,"01cd8099":12,"a5aee5de":15,"263762cb":13,"27f52ed3":20,"695a2b92":15,"6ce84ff8":14,"19f9ca86":18,"c318d350":16,"6d61bf13":10,"8cddb65e":14,"35aa7fd0":16,"c64de0c0":11,"031e488e":18,"725dce8b":19,"5ac86fb9":16,"bf822e33":15,"b8ab8e6e":17,"37fbb107":17,"c67979e6":19,"1d790491":16,"f66616b7":9,"815e4582":15,"8245f916":15,"b377a62a":15,"82b81567":15,"45b038bb":18,"9e878ec2":26,"cfe72ead":13,"ef16ca37":16,"1f342a00":17,"145c7559":17,"5be594be":12,"1e232870":14,"e1571af7":18,"57167c74":18,"25776fc4":13,"2af60749":15,"75ffea08":12,"fbdffc95":12,"cc6bbe45":13,"b6591e25":19,"4ee62a26":11,"5272520d":13,"9d4da635":14,"c650b434":23,"30d84dce":15,"e2a7d915":22,"110b1ee3":21,"a0ce82b4":16,"61f25dd4":20,"21ad2f34":12,"6bc5d32a":22,"4e5aaaec":9,"51c57542":11,"6751d8e4":20,"39ba00f0":12,"ef1c2dcb":14,"2d13e69b":16,"730338c4":19,"9ab755d3":14,"677c6a09":23,"d83870f5":19,"e6ec8cbf":18,"1c0a9eff":13,"f56ac638":14,"88ce179e":20,"a85d89cc":18,"e57d5cda":24,"ef91eaae":14,"0f89862c":15,"ffa08d82":12,"f5e8dfee":20,"0785820e":15,"eebc8d43":10,"869cbaa0":17,"2ce1af05":10,"bd62d7ed":13,"dfcc2ad1":13,"12dd6f5e":18,"546f6845":16,"3661e12d":21,"217c0327":14,"f5596d0f":14,"d6320619":18,"558d5ce7":15,"17b08923":15,"de36827b":19,"69f3bfcc":17,"0114160e":17,"ac62fac2":14,"c27969ec":17,"59431390":21,"1be05c14":11,"73b15e04":16,"06ddafc7":14,"014bdff0":9,"03c398d2":15,"695a2b92":16,"26c6fa34":18,"5eaa1581":14,"bc3dc66a":13,"8007f30e":11,"1bc0591f":12,"f789f6d8":16,"cf1b8c47":13,"fafb4cc2":17,"a5fd8ffd":26,"2ab62345":16,"40860a4b":8,"bb8a6337":9,"6df0b2e8":28,"162a7348":15,"9d9dd9e5":15,"5339e1e9":16,"1d790491":17,"ce3407dd":15,"088feee2":17,"bda8cdfb":14,"a983a6dc":16,"56752a4a":14,"5623817d":16,"b935fc1c":16,"eed20185":18,"25635c37":14,"09f0db62":19,"004f1ef3":16,"332820ce":11,"50312237":19,"02d4753e":14,"f9c15fcc":16,"b2a8761b":15,"5acaa06f":9,"792c9b6a":17,"685207b3":16,"06ee61b6":13,"f121b82c":18,"501db4de":20,"6b78ad7f":16,"90a06ee9":20,"efe84c27":12,"7be025ce":16,"b320feb9":8,"cc6bbe45":14,"719c8869":16,"4777334c":13,"259930ee":19,"aa021138":21,"430a5db5":18,"f883d582":13,"9316e7e8":7,"c2bb8aae":11,"913a6226":12,"4295ce9a":13,"26ed1a5c":15,"f9f2c53f":10,"c3e6ef01":21,"ecfa8249":14,"19e9776f":15,"cd421290":14,"2ad42a9e":17,"4eed1bea":20,"2c01e624":13,"22234d6b":14,"92efd84f":14,"88b3bc99":15,"012de09c":12,"fd482491":14,"3c0df8b4":13,"51a3e9c2":15,"bb00e71c":14,"4652b09a":11,"1c0a9eff":14,"5eab91a0":14,"677c6a09":24,"91b28f83":16,"0d28db94":11,"76f94eda":12,"c803b4a3":14,"aaa274a5":17,"50c3164b":16,"98915a1f":17,"9de29816":15,"3f65f121":18,"1138796e":17,"8aa78e2f":16,"a3d4a0e5":20,"e36dfd6f":14,"06ddafc7":15,"11888cfa":15,"d36125db":24,"01cd8099":13,"d8475b95":17,"9fc713b0":18,"eeaa2d46":16,"18815a1b":14,"9e206c95":20,"623c6a31":13,"ccdd1ce6":10,"78467b8a":20,"6a5b71b4":19,"dfcc2ad1":14,"8fb236a9":13,"af7e5be8":20,"7fdc2007":13,"a59a8290":20,"ae95f2ba":15,"7bda83dd":13,"1105f790":18,"062179c1":12,"e4714415":19,"8d04852b":19,"31f6ba51":12,"9b3f8714":11,"0681c48e":16,"bfcb912a":17,"ed4fad08":17,"b88033fd":17,"f66616b7":10,"c81b2bcf":15,"c67979e6":20,"44a4f7cd":9,"dbc9df44":14,"9f2b16a7":12,"470d50c2":14,"e7abc88d":10,"77300e4a":14,"efe84c27":13,"a81a857c":9,"1e232870":15,"fbdffc95":13,"4def63ee":11,"4fd645f1":13,"e3547548":12,"08a06557":24,"5f620a1e":15,"93683c82":15,"3f9b5722":18,"da3437cd":13,"94a2fe10":19,"1a2ec5d7":21,"8f9b74b0":11,"a0cca8b7":10,"26ed1a5c":16,"e21c6207":11,"8942c35b":14,"e62d705f":8,"27d8bf51":19,"c27969ec":18,"35b58ef9":10,"39bbc4bc":29,"5b60dd1d":16,"2d382981":19,"0f72f2d8":10,"f1dffa24":10,"f6fe095d":20,"d599b566":21,"77d35808":16,"6ce84ff8":15,"08a4c3f8":20,"c4aa1e38":10,"b7407bd3":22,"9ceb5439":8,"9d63c4dd":20,"4abb7aed":16,"b28a5e67":15,"616d6dd6":22,"2c6cb96f":9,"f789f6d8":17,"fd482491":15,"69eeae0d":15,"87c462ee":13,"91b28f83":17,"d815c5b4":22,"7fef9973":21,"730a4938":19,"51a3e9c2":16,"6775d5cd":8,"2c01e624":14,"8657c79d":24,"1f342a00":18,"d744bee2":17,"3c6692a3":17,"d3a669ac":17,"911e770b":14,"25e0dd3d":16,"a851554d":17,"1bd5b20b":14,"45b038bb":19,"d33790a2":20,"8323d333":20,"cf50e84e":10,"cf84fb54":20,"5678ed7b":17,"f2f58418":12,"6de0aaac":13,"f87c5031":19,"8547fbc2":20,"546f6845":17,"f5596d0f":15,"88432019":12,"07f98660":12,"af7e5be8":21,"d5059415":15,"6a5b71b4":20,"9f74b8a4":13,"d83294cd":15,"1105f790":19,"ef14000f":19,"dfcc2ad1":15,"be3a10f8":15,"8b5a8e9f":26,"dd3913d2":8,"e35a63cd":18,"33d6bb6a":18,"be149c6f":18,"57d5dee8":19,"a47abfbb":14,"f94bf9ea":5,"17446892":14,"0ecfa1c9":23,"a2c334e7":24,"36684155":19,"f4b2f575":13,"a4296d1e":19,"be2955bb":13,"014460b9":15,"704bce0d":15,"a3253019":22,"b7505747":16,"77300e4a":15,"65a00a3c":14,"75ffea08":13,"972f4174":15,"c8fcad77":12,"9f2b16a7":13,"e5d3655c":17,"bb98a6cf":18,"7043382d":16,"db703021":12,"4dac6b20":16,"751bcf25":17,"a851554d":18,"40a745c0":15,"85de05f2":11,"94a2fe10":20,"842c8340":15,"6adce358":17,"d9dcdc4b":19,"8b2b601d":15,"064a99c8":17,"a0bc1ceb":14,"411b5027":19,"5410e9c6":17,"88a30343":17,"5270f158":13,"4cc141fa":10,"1da771fb":9,"a5aee5de":16,"60e855ee":16,"095ab3b4":14,"d82592f4":10,"cf52025e":10,"b769bdfb":13,"a0b03218":19,"3c43e8a2":16,"b88033fd":18,"4ed01268":15,"254cc28c":16,"a15713c6":21,"d8e58a8c":25,"49cb2959":12,"dc03ebd2":20,"5f96c2bc":10,"3f75d3bc":20,"195eb771":17,"11b74e63":8,"ae99df30":11,"04bef50c":10,"87c462ee":14,"1a442bc7":15,"ad2d7bed":14,"124fbe96":8,"2180f99b":18,"98915a1f":18,"5747db6e":18,"2c627253":10,"ef1c2dcb":15,"4bcd4a30":26,"284544ba":14,"f883d582":14,"5c82d1ce":10,"61f25dd4":21,"9a80f004":21,"51c57542":12,"f4343817":16,"8493f3b2":16,"358e45b1":23,"5ee911b5":16,"c4aa1e38":11,"b35e9e1a":21,"0ac825ed":12,"761cf820":10,"4b3e3b1c":13,"2d1e1e9d":16,"315537b2":15,"25a7a0a3":21,"7d6895f4":8,"87083264":19,"76f94eda":13,"c803b4a3":15,"33d6bb6a":19,"e5b1abc6":14,"385ab7c6":14,"00a17b46":14,"1745a0f4":8,"6c524f99":14,"7e95c5a0":19,"1105f790":20,"753ca352":11,"0e2b5d2f":17,"dd3913d2":9,"2cb29e5a":16,"6143f39d":12,"ac38a6a5":14,"416a9e97":16,"12534561":7,"8d04852b":20,"a47abfbb":15,"725dce8b":20,"c4bff41f":13,"c9efc8f6":16,"6632fed0":22,"696fdac5":15,"c5b35e4d":11,"fe578280":15,"f598a332":23,"805af3c7":13,"f76a3e83":12,"4c39240e":17,"8e99d5d0":20,"c0b0f492":20,"ce3bf5db":17,"f121b82c":19,"24ffcbd3":19,"62d1d346":14,"ffc86f94":13,"cc11fef9":13,"7732eb1e":21,"05642105":15,"54a676d6":10,"d36125db":25,"8b2b601d":16,"4febf7c5":14,"a43061ee":14,"812b4f15":18,"04612878":12,"6ebe2354":8,"1da771fb":10,"27c8e038":11,"dc583e64":9,"3c43e8a2":17,"64a7f79f":10,"5270f158":14,"016953e4":17,"f2470875":15,"8dc9b4db":15,"faf3ed07":19,"088feee2":18,"97e75c19":21,"8ec3834d":9,"c81b2bcf":16,"74c26380":14,"fe44fc6f":16,"ae016053":18,"a15713c6":22,"42cd2360":13,"4abb7aed":17,"7ae34c64":17,"ba586505":18,"bd2705b0":17,"d83870f5":20,"4ed01268":16,"cf775f58":17,"72d7b461":13,"6a3eaf43":12,"0bd93cfd":12,"835358a0":13,"2180f99b":19,"284544ba":15,"c793cdda":15,"bb98a6cf":19,"1a2ec5d7":22,"261c9911":16,"1e7753d9":21,"bfad1727":19,"f883d582":15,"26dd2000":14,"58d46189":11,"18d20aa1":12,"94a2fe10":21,"93e8cee5":16,"4295ce9a":14,"9d0546ac":15,"67f6e4f2":12,"d102b0c6":14,"5f8517b7":18,"b8397293":9,"cd95f558":17,"0cb80f4a":16,"49bf2e95":10,"a6b5e869":17,"54d7de6b":22,"f0a06216":19,"e356abf1":15,"07f98660":13,"f1df62b4":18,"cc5a1d47":13,"e57d5cda":25,"a06a6430":15,"c8113b77":18,"8063df14":20,"ae95f2ba":16,"478d2d4f":21,"9a07d89b":15,"ec11fe5f":19,"fe8f3d36":11,"f5e8dfee":21,"f2e3c0e3":13,"eafbf9fb":16,"d3e84616":20,"49902219":21,"3f65f121":19,"2dda3936":16,"dfa1a89b":12,"affb82bf":15,"1ed46298":24,"6df0b2e8":29,"9f5e6cba":16,"a1370ab0":17,"a47abfbb":16,"bfcb912a":18,"deb31f35":12,"4e3f5178":14,"e7abc88d":11,"0a92153e":15,"b215547b":8,"dcf85091":14,"9267f0ef":21,"a33fe0dd":19,"a3253019":23,"fce3c5c6":15,"d6db2b02":18,"de36827b":20,"0be540c5":14,"95f6db13":13,"013ee301":14,"95bc84f1":9,"7732eb1e":22,"87922532":16,"2c24d929":21,"1c3a30c5":9,"23080895":13,"a543ec74":18,"946df4fd":16,"5623817d":17,"0f72f2d8":11,"ea9bba6b":13,"a77e127d":12,"3e082b37":16,"312f7676":13,"eda6a690":16,"004f1ef3":17,"5ef93e5d":12,"345c9967":14,"1d44aff3":16,"c91966ce":8,"7c0a2db6":18,"95904ac4":20,"731fc335":12,"4ed01268":17,"36684155":20,"5f7d7195":17,"1a0189c4":14,"faf3ed07":20,"5a0eb771":13,"44a4f7cd":10,"9147702f":16,"70c1e715":17,"d744bee2":18,"ef1c2dcb":16,"e58b26f6":15,"aa021138":22,"24ffcbd3":20,"62d1d346":15,"92f800f5":14,"f1b493de":20,"ffc86f94":14,"1e7753d9":22,"30dbfc69":15,"40a745c0":16,"a0ce82b4":17,"cf1124db":9,"751acea8":13,"e1f0dbfd":15,"c8977844":18,"85de05f2":12,"53747a91":15,"26dd2000":15,"f734c84c":14,"20777945":13,"f069bb07":18,"db0a661e":13,"b8397293":10,"8d000d6e":13,"d0e9a58e":12,"fa55f27a":21,"8493f3b2":17,"9263c525":19,"778c95e9":15,"93b0a158":14,"3b2dee89":19,"67d30f2b":21,"d39724bc":15,"ba586505":19,"e4c312fe":13,"4b125e7b":17,"ef14000f":20,"0bfabf48":23,"77bfed7e":22,"00a17b46":15,"b73e789c":12,"8b5a8e9f":27,"ba938220":14,"1105f790":21,"ae95f2ba":17,"a0685bf3":17,"70ee0491":13,"eebc8d43":11,"05f6ab35":19,"5f4102da":10,"bc021def":21,"9a467a82":17,"f2ca27d9":15,"36d340f2":15,"7d6895f4":9,"f2f58418":13,"57540cc3":12,"03b4ab60":18,"d6d61bfc":20,"c5b35e4d":12,"9b172ca8":15,"6fb4cdda":14,"13747b82":21,"5f6613c8":16,"0681c48e":17,"5ac86fb9":17,"dc473de1":13,"b84a06eb":19,"95bc84f1":10,"bab97de3":21,"a8871ddf":17,"88a30343":18,"1438fad7":10,"1db42092":19,"71bc1295":15,"804d4dfa":12,"ad8f85d6":13,"cbad3b92":22,"6be9332a":16,"39bbc4bc":30,"26c6fa34":19,"09f0db62":20,"74e01f6a":17,"5623817d":18,"3a204e56":16,"8274885a":16,"eda6a690":17,"004f1ef3":18,"8a165e17":17,"f3a0c2ee":9,"aa76bc50":16,"b2cfdbcf":12,"4bc46d7a":13,"61145ec9":24,"3f75d3bc":21,"cb6c9e42":25,"84369269":11,"6adce358":18,"e99318a3":15,"9d9dd9e5":16,"25d1b2d8":15,"44a4f7cd":11,"ea822700":13,"bca2d7cd":11,"5a07fc2e":15,"c382f054":13,"69134f07":15,"2af60749":16,"df2b4d87":20,"a3253019":24,"1a68160d":15,"ca7d47f7":21,"7be025ce":17,"c015ec5a":11,"ce3bf5db":18,"e32524d6":16,"6f81493d":20,"5ccf94d6":20,"dbd2f139":18,"d70ca4f4":23,"913a6226":13,"ca6d2d91":19,"e2a7d915":23,"0c0e98ea":10,"bc09fa9e":15,"1e191c98":10,"feb67030":14,"93e8cee5":17,"d25e0f8d":14,"c45d554f":16,"b947257e":17,"f9c15fcc":17,"379184a7":19,"554ebb83":14,"0cb80f4a":17,"d102b0c6":15,"9e878ec2":27,"06073f13":14,"84b767be":19,"af0b61ab":14,"6751d8e4":21,"ba586505":20,"95d331b1":7,"ae99df30":12,"c0b23081":14,"aa187e3b":15,"4258c176":17,"e356abf1":16,"07f98660":14,"95539a58":7,"4d9b0b10":14,"7566fdd6":18,"619fda68":16,"e57d5cda":26,"f1df62b4":19,"8007f30e":12,"ec11fe5f":20,"a0685bf3":18,"eb2e1983":14,"9d023afb":18,"c6dc900c":16,"9a3ab0b8":13,"945b63f0":21,"d3e84616":21,"eafbf9fb":17,"8dd2684c":16,"36d340f2":16,"623c6a31":14,"3f65f121":20,"74e3d13e":13,"76f3a3be":9,"e81834aa":13,"8aa78e2f":17,"59431390":22,"32c9fc47":13,"d6db2b02":19,"868edcc0":17,"bab97de3":22,"064a99c8":18,"2c24d929":22,"99d130c9":16,"03c398d2":16,"317c1591":11,"87ce8d1d":11,"fe1d4419":21,"3e602573":10,"9a3cc55d":13,"792cfcbd":18,"095ab3b4":15,"09f0db62":21,"a77e127d":13,"19f9ca86":19,"3a1d1632":11,"f94bf9ea":6
1604737432645,"0ecfa1c9":24,"24a9fb86":19,"fafb4cc2":18,"91f7ef72":14,"65e4235b":20,"bc3dc66a":14,"254cc28c":17,"7e15f8e8":20,"aff8e442":20,"e99318a3":16,"394dc144":21,"97e75c19":22,"c98d5272":17,"36380d96":16,"1a2c020b":19,"4e3f5178":15,"dbc9df44":15,"4c4aa2e2":15,"696fdac5":16,"c21ab51e":10,"7be025ce":18,"c1bdfd41":10,"88fa53d6":15,"7e76c93c":13,"4577b333":15,"ca7d47f7":22,"cc11fef9":14,"74f234c6":21,"5ab7bc35":14,"dae0f922":20,"40a745c0":17,"debe1f65":19,"19e9776f":16,"2209903e":16,"7d112f4d":15,"026766f3":10,"daab45c6":15,"b6591e25":20,"ccb5ea3e":9,"5fa12feb":22,"4e5aaaec":10,"1bd5b20b":15,"9263c525":20,"00554ffd":19,"7ae3fc50":16,"8493f3b2":18,"d0b297b2":14,"7a6aa4b6":16,"84b767be":20,"70bc8325":11,"aec074c4":21,"7db3edda":19,"730338c4":20,"28654c76":24,"2c6cb96f":10,"42cd2360":14,"f789f6d8":18,"ba586505":21,"2882a956":13,"d1d40c9c":20,"d4d5f466":19,"6775d5cd":9,"4652b09a":12,"6841f77e":16,"385ab7c6":15,"053f3451":14,"6f39f4d9":17,"869cbaa0":18,"4f59a322":14,"91536e85":13,"c8113b77":19,"1bc0591f":13,"2352c8ef":17,"8f10fa42":19,"55928ef1":18,"3c6692a3":18,"6a3eaf43":13,"175bc6b2":14,"172217e5":12,"53a8613c":21,"d2a841c9":13,"140ce69e":20,"af157d29":16,"fd6dcb20":9,"78467b8a":21,"78b97937":15,"9a07d89b":16,"aa9ea5e8":14,"a6bcb07e":18,"5678ed7b":18,"d6db2b02":20,"d9dcdc4b":20,"e7e82473":22,"489a39f7":14,"e81834aa":14,"dd1fcb17":13,"f1098793":19,"04612878":13,"aefe13f5":25,"48655f09":16,"3e082b37":17,"b769bdfb":14,"a5aee5de":17,"c0b7e7d7":20,"946df4fd":17,"7ee148e9":17,"d6d61bfc":21,"c93c3508":7,"c64de0c0":12,"13747b82":22,"540df50f":19,"6632fed0":23,"b88033fd":19,"f4b2f575":14,"527ff946":20,"c6c85783":14,"a983a6dc":17,"c81b2bcf":17,"c98d5272":18,"145c7559":18,"79f04300":14,"80a8a56d":15,"b3863630":12,"8e780922":19,"c21ab51e":11,"c382f054":14,"3bad3c95":6,"dac109cf":18,"8db62558":15,"30c5d755":20,"30d84dce":16,"c015ec5a":12,"30dbfc69":16,"a33fe0dd":20,"430a5db5":19,"3007f31f":8,"4777334c":14,"74f234c6":22,"0f029727":19,"26dd2000":16,"1a2ec5d7":23,"ab7467de":20,"dbd2f139":19,"913a6226":14,"21ad2f34":13,"6b9eff39":15,"53747a91":16,"f1dffa24":11,"2c5c1dc0":14,"836701f6":16,"d0e9a58e":13,"36fb15d2":11,"8f2a7d69":13,"db0a661e":14,"d0b297b2":15,"31f6d707":20,"fa55f27a":22,"9fa62fee":16,"c0e2624b":16,"884b0ad1":12,"b947257e":18,"dc03ebd2":21,"345c9967":15,"810aa5e9":9,"45b5746e":13,"3c0df8b4":14,"d9d0c567":11,"08a561b7":9,"87c462ee":15,"7ee7621c":17,"2882a956":14,"1c0a9eff":15,"a502c93c":22,"f56ac638":15,"1bb4ccc0":11,"cb142908":15,"e57d5cda":27,"a85d89cc":19,"8fb236a9":14,"d2466211":17,"3062379b":12,"cbb54a0a":14,"92efd84f":15,"6cba74ce":13,"dfa1a89b":13,"0277d748":23,"eeaa2d46":17,"7d6895f4":10,"01d817b8":17,"eafbf9fb":18,"013ee301":15,"cf50e84e":11,"8d753bb6":13,"7732eb1e":23,"b84a06eb":20,"90731976":10,"3c782bb3":13,"792cfcbd":19,"aefe13f5":26,"a43061ee":15,"ac62fac2":15,"2352c8ef":18,"4930f321":10,"2a76f1dd":15,"2b698053":9,"c510bfd3":23,"19551bad":14,"e5b1abc6":15,"1745a0f4":9,"fe8f3d36":12,"181c3dd5":16,"64db4feb":18,"af034fee":13,"4911acad":13,"162a7348":16,"31f6ba51":13,"b7cc7909":17,"bda8cdfb":15,"794f652b":13,"cf775f58":18,"8a52882e":17,"25d1b2d8":16,"c85a0d80":15,"0da28f5b":16,"c4feee5b":20,"36380d96":17,"b2c25d1c":20,"168e75d9":17,"37a7d5b0":17,"cc6bbe45":15,"972f4174":16,"638cb163":25,"1623fc9f":13,"8f13c203":5,"4777334c":15,"bb98a6cf":20,"df2b4d87":21,"26ed1a5c":17,"66b7b5b4":16,"ddec9e54":11,"b7434f57":13,"72b84094":16,"a8726d50":21,"25e0dd3d":17,"5a622a23":18,"6f81493d":21,"79e4fa1c":12,"47d27624":13,"91d52a55":11,"0eaf08da":19,"6b79fec2":15,"59c1e594":21,"5099c6a0":24,"3c43e8a2":18,"3e602573":11,"fe1d4419":22,"5270f158":15,"f6fe095d":21,"9a3cc55d":14,"5ee911b5":17,"fe0df575":14,"36fb15d2":12,"c7c4ec5c":15,"2a06ab95":20,"e865e4dd":12,"42cd2360":15,"4bc46d7a":14,"906fdec3":14,"00a481e3":22,"08a561b7":10,"aa76bc50":17,"ee75b607":17,"20811ddf":15,"fea793f5":16,"d929098e":11,"124fbe96":9,"93b0a158":15,"11b74e63":9,"10ec5a0b":10,"93b9fae6":14,"2f455cce":11,"284544ba":16,"b7832271":14,"f4726450":13,"de6213c7":24,"f271ed5d":11,"0149e11a":13,"07107f6e":23,"debe1f65":20,"12dd6f5e":19,"8dd2684c":17,"172217e5":13,"9263c525":21,"cd95f558":18,"408bb2ed":16,"8cf83787":10,"fb44fa9c":16,"1be05c14":12,"a24e6670":18,"32c9fc47":14,"07fc4a9a":15,"4b3e3b1c":14,"558d5ce7":16,"f2ca27d9":16,"49902219":22,"945b63f0":22,"91536e85":14,"4d9b0b10":15,"ae95f2ba":18,"50c468ba":11,"faf4f98b":13,"fe8f3d36":13,"7af262e5":14,"b8488fc8":15,"d78dd457":11,"7bda83dd":14,"dd3913d2":10,"dfcc2ad1":16,"2ab62345":17,"aa9ea5e8":15,"af034fee":14,"bfcb912a":19,"5e09f69e":18,"6867261a":18,"5774ac0d":19,"527ff946":21,"f2086446":14,"69d4b754":18,"f76a3e83":13,"0dad37d5":13,"c85a0d80":16,"145c7559":19,"0a92153e":16,"ce3bf5db":19,"24ffcbd3":21,"7043382d":17,"638cb163":26,"caddd0a7":19,"49b358bd":18,"ca7d47f7":23,"7a9344a4":8,"8db62558":16,"30dbfc69":17,"cd3bbe7e":21,"6e24d88b":12,"4dac6b20":17,"25d1b2d8":17,"a43061ee":16,"e8d74304":15,"64a7f79f":11,"804d4dfa":13,"6be9332a":17,"4b4ef7fa":21,"6ce84ff8":16,"23080895":14,"3712c4bd":15,"60e855ee":17,"004f1ef3":19,"26f99a1e":20,"09f0db62":22,"8274885a":17,"a939b50b":14,"f2364460":14,"e15fd611":13,"23760167":16,"254cc28c":18,"cf1b8c47":14,"e865e4dd":13,"91f7ef72":15,"5f0c1b9d":23,"7896b953":16,"a5676c24":17,"906fdec3":15,"91b28f83":18,"5b5fc566":17,"ae99df30":13,"51a3e9c2":17,"c0b23081":15,"67d30f2b":22,"7fef9973":22,"9ab755d3":15,"5a07fc2e":16,"aa5dfdf5":16,"2d54e0a8":15,"ea822700":14,"72d7b461":14,"fd369c21":18,"059d6c19":19,"debe1f65":21,"a4f1d83b":13,"21ad2f34":14,"27d8bf51":20,"547903ef":20,"b6ee137a":15,"d25e0f8d":15,"40569362":17,"de11eb19":24,"82b81567":16,"8f2a7d69":14,"b2a8761b":16,"fe0df575":15,"b35e9e1a":22,"1be05c14":13,"a3d4a0e5":21,"88a30343":19,"cf50e84e":12,"6c73ae98":14,"489a39f7":15,"d1715f3b":14,"fd6dcb20":10,"315537b2":16,"a85d89cc":20,"4d9b0b10":16,"7a840529":11,"619fda68":17,"87cd2add":18,"ef14000f":21,"869cbaa0":19,"25a2844e":19,"dd3913d2":11,"f67de058":16,"dfcc2ad1":17,"7bda83dd":15,"2bcca6a7":22,"05f6ab35":20,"6d5fcd4c":11,"f3d68430":19,"bc021def":22,"416a9e97":17,"a6003226":14,"5e09f69e":19,"bb8a6337":10,"540df50f":20,"71279c46":12,"1a68160d":16,"36380d96":18,"d548635d":13,"69134f07":16,"0a92153e":17,"0da28f5b":17,"dac109cf":19,"aab4d996":12,"d34a29b9":22,"e5d3655c":18,"17446892":15,"68562193":12,"cb6c9e42":26,"5d087c79":12,"4b3e3b1c":15,"946df4fd":18,"b2bd8fd3":12,"87922532":17,"56752a4a":15,"01cd8099":14,"695a2b92":17,"a636f4c9":22,"b1f58563":13,"4b4ef7fa":22,"60e855ee":18,"09ff339a":11,"9a3cc55d":15,"5099c6a0":25,"95d3d348":16,"8ec3834d":10,"aff8e442":21,"7e15f8e8":21,"ccf8b803":16,"28654c76":25,"0a1d11e6":18,"42cd2360":16,"537634c9":12,"ef8987d7":27,"a0cf08b3":12,"2c6cb96f":11,"5b5fc566":18,"c98d5272":19,"8cd78f77":23,"084cbc0b":14,"70c1e715":18,"d0d6acb1":11,"284544ba":17,"0bd93cfd":13,"778c95e9":16,"719c8869":17,"059d6c19":20,"b7505747":17,"4279e829":18,"88fa53d6":16,"74f234c6":23,"0841052c":15,"72b84094":17,"e32524d6":17,"0af920d8":10,"79e4fa1c":13,"5272520d":14,"261c9911":17,"18d20aa1":13,"be40590d":12,"6490bac6":18,"a0cca8b7":11,"93e8cee5":18,"67f6e4f2":13,"6f0fcb9d":17,"cd95f558":19,"4f5e3e7d":10,"8245f916":16,"5ee911b5":18,"b8397293":11,"d36125db":26,"eafbf9fb":19,"546f6845":18,"7080f122":13,"21ee2afe":16,"87c462ee":16,"91b28f83":19,"07f98660":15,"11b74e63":10,"77bfed7e":23,"7f6d1d0e":16,"d7cb9bcf":12,"5acce642":15,"385ab7c6":16,"ad2d7bed":15,"621d6b18":16,"6a7392d5":15,"d2466211":18,"55928ef1":19,"cf9f4757":13,"8f10fa42":20,"5f4102da":11,"7bda83dd":16,"f67de058":17,"05f6ab35":21,"f3d68430":20,"ef8321d8":15,"416a9e97":18,"13747b82":23,"d6d61bfc":22,"b7cc7909":18,"2132fe93":20,"c4bff41f":14,"be2955bb":14,"f2086446":15,"bd984a8e":14,"b2c25d1c":21,"69d4b754":19,"a836aa93":12,"5be594be":13,"04ea5673":20,"aab4d996":13,"f8b31ce5":23,"32133249":26,"5ac86fb9":18,"bab97de3":23,"411b5027":20,"3310a049":20,"f5829ac0":11,"1f88a4b7":19,"7732eb1e":24,"064a99c8":19,"64a7f79f":12,"73b15e04":17,"a0b03218":20,"aa00769b":20,"23080895":15,"b7df1559":18,"578f6e9e":17,"e238f09b":14,"09f0db62":23,"f1dffa24":12,"2203f259":18,"d599b566":22,"8274885a":18,"84369269":12,"1d790491":18,"69eeae0d":16,"49cb2959":13,"4abb7aed":18,"6023df54":11,"fafb4cc2":19,"f789f6d8":19,"aa76bc50":18,"8a52882e":18,"394dc144":22,"7e15f8e8":22,"650bb0e0":20,"c98d5272":20,"ea822700":15,"508aac3d":17,"aaa274a5":18,"84b67924":16,"d1ca5d6b":22,"2d13e69b":17,"c0e2624b":17,"37a7d5b0":18,"b7505747":18,"44c77422":18,"906632cb":12,"a33fe0dd":21,"3b690f68":19,"dbd2f139":20,"1e191c98":11,"e1f0dbfd":16,"0841052c":16,"70594a28":15,"3ef7432b":19,"4ee62a26":12,"a851554d":19,"5cd3cfe0":12,"40e79dd3":18,"ded7da5a":14,"27d8bf51":21,"332820ce":12,"0cb80f4a":18,"40569362":18,"c7c4ec5c":16,"379184a7":20,"45b038bb":20,"8245f916":17,"20811ddf":16,"124fbe96":10,"88ce179e":21,"bec9d329":18,"93b0a158":16,"c0b23081":16,"677c6a09":25,"6f39f4d9":18,"10ec5a0b":11,"cf9f4757":14,"53b4e647":19,"d2466211":19,"7566fdd6":19,"8fb236a9":15,"2bcca6a7":23,"30c184b8":14,"c463799d":20,"70ee0491":14,"9d023afb":19,"dd3913d2":12,"dc0c8b09":23,"2dda3936":17,"af157d29":17,"140ce69e":21,"36d340f2":17,"01d817b8":18,"22ecaed0":12,"25a7a0a3":22,"60d6cee2":14,"53431634":23,"4c4aa2e2":16,"06ee61b6":14,"9267f0ef":22,"71279c46":13,"227006e4":16,"c64de0c0":13,"031e488e":19,"181c3dd5":17,"03b4ab60":19,"8cf83787":11,"1438fad7":11,"4945c851":25,"a6bcb07e":19,"fb44fa9c":17,"66554572":12,"6291e9e9":13,"baebb391":18,"17807120":12,"cbad3b92":23,"b460f030":17,"a5aee5de":18,"ad8f85d6":14,"71bc1295":16,"6ce84ff8":17,"e45b4b53":10,"e7773397":13,"437fc3ec":23,"363590c7":17,"19f9ca86":20,"971675c5":15,"6e44927f":12,"3101354b":9,"731fc335":13,"6023df54":12,"ec110282":18,"2c6cb96f":12,"fd482491":16,"99e171db":13,"0670c466":11,"bda8cdfb":16,"5d087c79":13,"815e4582":16,"c6c85783":15,"37fbb107":18,"dd7acb96":16,"6e851762":19,"70c1e715":19,"fd369c21":19,"704bce0d":16,"104721f0":15,"f2086446":16,"d9f512b9":20,"d9d7c4c2":19,"4def63ee":12,"7e76c93c":14,"dac109cf":20,"5f620a1e":16,"906632cb":13,"4777334c":16,"6e24d88b":13,"31408822":14,"9316e7e8":8,"655941a0":19,"72b84094":18,"a68a93b2":12,"a0ce82b4":18,"4dac6b20":18,"902f49f5":11,"c455f40e":14,"70594a28":16,"26dd2000":17,"cd421290":15,"f271ed5d":12,"aa5dfdf5":17,"379184a7":21,"608bc832":9,"b8397293":12,"b2a8761b":17,"08a4c3f8":21,"50312237":20,"49bf2e95":11,"884b0ad1":13,"4258c176":18,"cb4f262b":19,"fea793f5":17,"bec9d329":19,"1a442bc7":16,"6841f77e":17,"4b125e7b":18,"c8113b77":20,"7a4c064c":18,"9f74b8a4":14,"43d87483":18,"0bfabf48":24,"6034b6d0":17,"af7e5be8":22,"9d023afb":20,"8063df14":21,"a59a8290":21,"70ee0491":15,"bd62d7ed":14,"33d6bb6a":20,"25a2844e":20,"0e036ae9":15,"175bc6b2":15,"9a467a82":18,"6cba74ce":14,"558d5ce7":17,"4469c815":3,"140ce69e":22,"a1370ab0":18,"c9efc8f6":17,"60d6cee2":15,"35aa7fd0":17,"031e488e":20,"b35bb8a1":11,"1db42092":20,"8b2b601d":17,"e81834aa":15,"a8871ddf":18,"4945c851":26,"88a30343":20,"05642105":16,"aefe13f5":27,"24d24fa3":12,"3e602573":12,"c27969ec":19,"a0b03218":21,"dd1fcb17":14,"b7df1559":19,"60e855ee":19,"3e082b37":18,"d1676e89":11,"e45b4b53":11,"5b60dd1d":17,"971675c5":16,"93ac9ca3":14,"6632fed0":24,"3c0df8b4":15,"7c0a2db6":19,"e865e4dd":14,"43bc86e3":22,"ec110282":19,"d9d0c567":12,"c91966ce":9,"5d087c79":14,"77bae750":10,"84369269":13,"c67979e6":21,"cb6c9e42":27,"4ed01268":18,"44a4f7cd":12,"26c390d6":14,"b5763ff6":14,"bd984a8e":15,"470d50c2":15,"d548635d":14,"754f98c9":15,"501db4de":21,"8e780922":20,"c21ab51e":12,"b320feb9":9,"859545e6":10,"aa021138":23,"014460b9":16,"c7636527":17,"25776fc4":14,"8db62558":17,"08a06557":25,"94a2fe10":22,"059d6c19":21,"40a745c0":18,"2209903e":17,"66497c7e":12,"5a622a23":19,"ab7467de":21,"142d6987":16,"467773ac":18,"e21c6207":12,"21e10a2b":18,"a0cca8b7":12,"6b9eff39":16,"379184a7":22,"554ebb83":15,"4ea4a2a1":19,"6f0fcb9d":18,"5ee911b5":19,"36fb15d2":13,"d0b297b2":16,"d0d6acb1":12,"2c627253":11,"72d7b461":15,"98915a1f":19,"6e851762":20,"1c0a9eff":16,"ad2d7bed":16,"6841f77e":18,"124fbe96":11,"f0a06216":20,"b0869206":13,"37d0cae2":15,"07f98660":16,"053f3451":15,"ad303bda":21,"621d6b18":17,"869cbaa0":20,"619fda68":18,"92ca52b7":19,"7566fdd6":20,"d78dd457":12,"b8488fc8":16,"70ee0491":16,"b102f7bd":18,"20958d58":11,"ef8321d8":16,"d3e84616":22,"53a8613c":22,"36d340f2":18,"865d9857":14,"6143f39d":13,"2cb29e5a":17,"be149c6f":19,"cf84fb54":21,"6291e9e9":14,"a6bcb07e":20,"e0f7679f":18,"3c782bb3":14,"6d802fa2":20,"045f280d":16,"812b4f15":19,"0eaf08da":20,"1c3a30c5":10,"aa00769b":21,"35b58ef9":11,"73b15e04":18,"f1098793":20,"09f0db62":24,"437fc3ec":24,"dc583e64":10,"8dd649a3":14,"19f9ca86":21,"695a2b92":18,"25635c37":15,"68562193":13,"60d6cee2":16,"76f3a3be":10,"bd62d7ed":15,"4abb7aed":19,"0a1d11e6":19,"d5dae4c4":15,"fd482491":17,"03b4ab60":20,"aec4e1bf":19,"57d5dee8":20,"a1921150":23,"394dc144":23,"c81b2bcf":18
1604737433409,"f33c0140":14,"53431634":24,"f76a3e83":14,"b3863630":13,"a4296d1e":20,"1a68160d":17,"c21ab51e":13,"49b358bd":19,"805af3c7":14,"57167c74":19,"4c39240e":18,"65a00a3c":15,"d9f512b9":21,"5272520d":15,"ffc86f94":15,"180377be":12,"30dbfc69":18,"0c043224":18,"f734c84c":15,"e2cbe594":10,"30fdcd3b":19,"8942c35b":15,"8ea21393":16,"58d46189":12,"bc09fa9e":16,"2ad42a9e":18,"3b7763b1":15,"5c82d1ce":11,"7896b953":17,"d8e58a8c":26,"da04caac":17,"bec9d329":20,"00cf385d":24,"1757a30e":13,"124fbe96":12,"54d7de6b":23,"04cc7cbe":14,"c0b23081":17,"6f39f4d9":19,"cc5a1d47":14,"2b698053":10,"67c57de4":20,"b73e789c":13,"b8488fc8":17,"4f59a322":15,"fef750ca":20,"f121b82c":20,"554ebb83":16,"1bd5b20b":16,"7a2f3f06":13,"b7407bd3":23,"fa55f27a":23,"358e45b1":24,"4f5e3e7d":11,"c7313e0a":10,"b3863630":14,"9b172ca8":16,"9fce073c":20,"2a4a402a":12,"1745a0f4":10,"9d023afb":21,"13b53c7a":16,"92ca52b7":20,"754f98c9":16,"69134f07":17,"4b4ecbce":16,"5ab7bc35":15,"2154b6e8":12,"0b959527":12,"2af60749":17,"b320feb9":10,"92f800f5":15,"8f13c203":6,"66b7b5b4":17,"cf1124db":10,"2ad42a9e":19,"2b3c49b9":17,"9d4da635":15,"d634aa28":20,"c8dc010f":16,"85de05f2":13,"0af920d8":11,"547903ef":21,"655941a0":20,"059d6c19":22,"53747a91":17,"e1f0dbfd":17,"e81834aa":16,"05642105":17,"4945c851":27,"f277386e":14,"b552beb3":13,"fb44fa9c":18,"cf84fb54":22,"71bc1295":17,"99d130c9":17,"59c1e594":22,"74e01f6a":18,"baebb391":19,"742f1425":15,"a0b03218":22,"a77e127d":14,"f5cd79c1":13,"8db5a165":8,"0a1d11e6":20,"aa76bc50":19,"5ef93e5d":13,"ef8987d7":28,"fd482491":18,"e865e4dd":15,"9cb4697f":19,"1a442bc7":17,"4652b09a":13,"5acce642":16,"ea4d3f3e":15,"d957f027":9,"bda8cdfb":17,"650bb0e0":21,"9d63c4dd":21,"2c01e624":15,"af0b61ab":15,"5747db6e":19,"3062379b":13,"272c7672":19,"0d2a1c58":8,"3c6692a3":19,"b769bdfb":15,"77d35808":17,"5781776a":15,"3e082b37":19,"95d3d348":17,"4ea4a2a1":20,"5f8517b7":19,"288afc30":15,"31f6d707":21,"f1862e79":14,"9267f0ef":23,"d34a29b9":23,"677c6a09":26,"9aa6a054":15,"a502c93c":23,"76f94eda":14,"a85d89cc":21,"fead11cf":17,"91536e85":15,"2a76f1dd":16,"0d28db94":12,"f1df62b4":20,"2352c8ef":19,"30b6808c":13,"f2e3c0e3":14,"a66a2d8a":11,"a567ace4":16,"50b558a7":14,"bd984a8e":16,"9b172ca8":17,"a836aa93":13,"3498f223":10,"e1571af7":19,"1e232870":16,"b7505747":19,"859545e6":11,"7e76c93c":15,"d9d7c4c2":20,"e5d3655c":19,"a4f1d83b":14,"a0ce82b4":19,"d141db49":16,"4279e829":19,"ab7467de":22,"30d84dce":17,"92136ff5":21,"c2bb8aae":12,"5cd3cfe0":13,"efd23af5":15,"805534ac":19,"c8977844":19,"110b1ee3":22,"df81ddee":17,"40e79dd3":19,"d1715f3b":15,"f5596d0f":16,"22ecaed0":13,"08c6b5d2":15,"2cb29e5a":18,"217c0327":15,"12012fbd":20,"3c18f28e":15,"a1370ab0":19,"71a2a493":12,"bfcb912a":20,"288a2c43":15,"0681c48e":18,"61d4782d":12,"02d4753e":15,"761cf820":11,"95bc84f1":11,"a6bcb07e":21,"e7e82473":23,"1138796e":18,"6a60348e":19,"3c782bb3":15,"4945c851":28,"99d130c9":18,"59c1e594":23,"ae016053":19,"4bc46d7a":15,"3a291497":14,"f905a555":16,"abc1d7ad":21,"f3a0c2ee":10,"dd035d2a":11,"5acce642":17,"a502c93c":24,"20811ddf":17,"04cc7cbe":15,"b0869206":14,"730a4938":20,"6adce358":19,"bda8cdfb":18,"90d52475":13,"088feee2":19,"04643409":11,"2a387957":20,"c98d5272":21,"22234d6b":15,"0bd93cfd":14,"2a06ab95":21,"383e232d":16,"de6213c7":25,"d744bee2":19,"d3a669ac":18,"be1746a0":8,"468fc85c":18,"b460f030":18,"eed20185":19,"9a3cc55d":16,"87ce8d1d":12,"5781776a":16,"971675c5":17,"8e4c33d2":13,"42191b64":14,"5099c6a0":26,"19f9ca86":22,"08a4c3f8":22,"6775d5cd":10,"6034b6d0":18,"6f39f4d9":20,"8007f30e":13,"b9be31d6":15,"b87158fb":17,"6a5b71b4":21,"cd522166":24,"70ee0491":17,"9f74b8a4":15,"cc5a1d47":15,"92ca52b7":21,"0e2b5d2f":18,"abd32136":17,"0f89862c":16,"d34a29b9":24,"0a92153e":18,"69134f07":18,"9267f0ef":24,"6fb4cdda":15,"e9679ede":13,"f121b82c":21,"e5d3655c":20,"9e65c0ef":17,"859545e6":12,"7e76c93c":16,"ca7d47f7":24,"d9d7c4c2":21,"906632cb":14,"c4e70c07":13,"0149e11a":14,"a68a93b2":13,"25e0dd3d":18,"7d112f4d":16,"66497c7e":13,"0841052c":17,"bfad1727":20,"805534ac":20,"0af920d8":12,"19e9776f":17,"f9f2c53f":11,"08c6b5d2":16,"8cc4a982":16,"ec2cb1af":12,"9a467a82":19,"57540cc3":13,"49902219":23,"9e206c95":21,"72805bf5":17,"540df50f":21,"162a7348":17,"8d04852b":21,"3c18f28e":16,"0681c48e":19,"deb31f35":13,"b7434f57":14,"53747a91":18,"3d1af513":14,"c4aa1e38":12,"b377a62a":16,"8245f916":18,"5f8517b7":20,"db0a661e":15,"3c782bb3":16,"868edcc0":18,"07fc4a9a":16,"a8871ddf":19,"8298e976":25,"489a39f7":16,"54a676d6":11,"f3a0c2ee":11,"8db5a165":9,"345c9967":16,"7896b953":18,"52eca0dc":19,"fafb4cc2":20,"5ef93e5d":14,"b3f19a69":18,"5eab91a0":15,"e6ec8cbf":19,"449d8475":17,"77bae750":11,"4ed01268":19,"48efc739":21,"77f31bab":22,"99e171db":14,"5a0eb771":14,"bca2d7cd":12,"2c01e624":16,"272c7672":20,"7db3edda":20,"835358a0":14,"84b767be":21,"e8d74304":16,"4febf7c5":15,"ad8f85d6":15,"bc392d1c":16,"d8475b95":18,"25635c37":16,"a0b03218":23,"f5cd79c1":14,"9fc713b0":19,"fe1d4419":23,"e7773397":14,"26f99a1e":21,"5270f158":16,"312f7676":14,"a6b5e869":18,"c0b23081":18,"e4117b3b":14,"bd2705b0":18,"0d7d88f1":14,"af7e5be8":23,"f7231212":16,"6a5b71b4":22,"ae95f2ba":19,"82204d54":15,"a85d89cc":22,"478d2d4f":22,"25a2844e":21,"ac030e74":11,"8b5a8e9f":28,"8721056e":10,"5f4102da":12,"9d023afb":22,"685207b3":17,"acac14fb":15,"c21ab51e":14,"36380d96":19,"77300e4a":16,"cb51f134":16,"5f620a1e":17,"06ee61b6":15,"e5d3655c":21,"0a2f71bc":11,"c0b0f492":21,"c015ec5a":13,"ddec9e54":12,"c0e2624b":18,"8dd2684c":18,"6cba74ce":15,"1d153b20":17,"7d6895f4":11,"945b63f0":23,"315537b2":17,"2cb29e5a":19,"5ac86fb9":19,"5774ac0d":20,"37a7d5b0":19,"e2cbe594":11,"1f11812e":10,"8f13c203":7,"142d6987":17,"df81ddee":18,"93e8cee5":19,"30d84dce":18,"902f49f5":12,"fb8bfb36":16,"c3e6ef01":22,"85de05f2":14,"4ac6bd4e":14,"7a6aa4b6":17,"6f0fcb9d":19,"ea274174":17,"761cf820":12,"f9c15fcc":18,"5acaa06f":10,"a6bcb07e":22,"66554572":13,"a4dafea5":8,"b84a06eb":21,"cf50e84e":13,"013ee301":16,"6db0ea86":20,"bfad1727":21,"1a2ec5d7":24,"4dac6b20":19,"a901627e":8,"d9a64845":13,"aa76bc50":20,"616d6dd6":23,"4bc46d7a":16,"71e53c93":17,"42cd2360":17,"2132fe93":21,"7af9d3b1":10,"dcfaba4c":13,"aa9ea5e8":16,"31f6ba51":14,"31d74eee":13,"5339e1e9":17,"e15fd611":14,"90d52475":14,"527ff946":22,"c67979e6":22,"36684155":21,"9fc713b0":20,"aa00769b":22,"a0bc1ceb":15,"a5aee5de":19,"e6fac295":16,"8dc9b4db":16,"3e602573":13,"792cfcbd":20,"f5cd79c1":15,"b1f58563":14,"25635c37":17,"27f52ed3":21,"312f7676":15,"095ab3b4":16,"b0869206":15,"1757a30e":14,"67d30f2b":23,"ee21ad02":19,"9cb4697f":20,"0d770b97":21,"11b74e63":11,"869cbaa0":21,"8721056e":11,"619fda68":19,"0e2b5d2f":19,"f7231212":17,"7af262e5":15,"af7e5be8":24,"0042f6eb":22,"67c57de4":21,"2bcca6a7":24,"95539a58":8,"ac030e74":12,"062179c1":13,"50b558a7":15,"f2086446":17,"90a06ee9":21,"5e193fc8":18,"9f2b16a7":14,"754f98c9":17,"e1571af7":20,"b2c25d1c":22,"aab4d996":14,"704bce0d":17,"9ab755d3":16,"778c95e9":17,"5747db6e":20,"d744bee2":20,"b947257e":19,"f4726450":14,"c0e2624b":19,"fd6dcb20":11,"dfa1a89b":14,"7d6895f4":12,"bc021def":23,"558d5ce7":18,"3661e12d":22,"8dd2684c":19,"ba30e43a":26,"638cb163":27,"e3547548":13,"cf1124db":11,"40e79dd3":20,"d6f0d94a":16,"f8b31ce5":24,"d634aa28":21,"93e8cee5":20,"27d8bf51":22,"d033db8d":16,"40a745c0":19,"5a622a23":20,"8f9b74b0":12,"1e191c98":12,"b28a5e67":16,"a5fd8ffd":27,"2c6cb96f":13,"3f75d3bc":22,"6e44927f":13,"8a165e17":18,"810aa5e9":10,"a4f1d83b":15,"ccb5ea3e":10,"7ae3fc50":17,"4ac6bd4e":15,"336d0f08":20,"608bc832":10,"08a4c3f8":23,"1bd5b20b":17,"ea274174":18,"f044c0e1":13,"f4634d0b":17,"d25e0f8d":16,"42c80e69":13,"5a734022":16,"6867261a":19,"0681c48e":20,"61d4782d":13,"ed4fad08":18,"c9efc8f6":18,"1634789b":19,"48efc739":22,"5d087c79":15,"6e98dfda":21,"99e171db":15,"8ec3834d":11,"c67979e6":23,"7fef9973":23,"935ec056":14,"67d30f2b":24,"a6b5e869":19,"b0869206":16,"e382ec3f":11,"bd2705b0":19,"6f39f4d9":21,"8ac72326":15,"a06a6430":16,"053f3451":16,"d5059415":16,"10ec5a0b":12,"9d023afb":23,"fead11cf":18,"7a4c064c":19,"fee32863":12,"33d6bb6a":21,"13b53c7a":17,"cfafcda8":15,"78467b8a":22,"4ff2225d":15,"69f3bfcc":18,"820225e4":10,"49910300":16,"e8d74304":17,"7732eb1e":25,"baebb391":20,"e7e82473":24,"c609739e":21,"3c43e8a2":19,"b460f030":19,"04612878":14,"004f1ef3":20,"695a2b92":19,"4cc141fa":11,"468fc85c":19,"a40846b7":21,"8dc9b4db":17,"a58bf525":16,"836701f6":17,"685207b3":18,"e9679ede":14,"f33c0140":15,"39ba00f0":13,"f069bb07":19,"5747db6e":21,"7028b044":12,"ea822700":16,"7db3edda":21,"2c627253":12,"3661e12d":23,"d3e84616":23,"2dda3936":18,"8547fbc2":21,"21ee2afe":17,"3f65f121":21,"22ecaed0":14,"79f04300":15,"a33fe0dd":22,"704bce0d":18,"638cb163":28,"b2c25d1c":23,"e32524d6":18,"c5b35e4d":13,"859545e6":13,"57167c74":20,"dac109cf":21,"fce3c5c6":16,"1e7753d9":23,"5fa12feb":23,"f4634d0b":18,"93683c82":16,"20777945":14,"e865e4dd":16,"a472532e":19,"45b5746e":14,"c91966ce":10,"a15713c6":23,"56473430":13,"f905a555":17,"8d000d6e":14,"06073f13":15,"fe0df575":16,"34658473":11,"554ebb83":17,"de11eb19":25,"02d4753e":16,"e7e82473":25,"17b08923":16,"913a6226":15,"e62d705f":9,"dae0f922":21,"c8dc010f":17,"cf1124db":12,"debe1f65":22,"7bebff03":11,"be40590d":13,"b6ee137a":16,"0681c48e":21,"5eaa1581":15,"dcfaba4c":14,"72805bf5":18,"0ecfa1c9":25,"24a9fb86":20,"2ab62345":18,"c6c85783":16,"c81b2bcf":19,"d957f027":10,"c67979e6":24,"8a52882e":19,"088feee2":20,"99e171db":16,"95d331b1":8,"1bb4ccc0":12,"8bc04eb5":10,"a6b5e869":20,"11b74e63":12,"730a4938":21,"bec9d329":21,"ffa08d82":13,"00a17b46":16,"d83294cd":16,"6a5b71b4":23,"af7e5be8":25,"753ca352":12,"fe8f3d36":14,"9496f56f":18,"5f4102da":13,"8f10fa42":21,"1bc0591f":14,"c463799d":21,"6c524f99":15,"4c0e547b":13,"05642105":18,"e81834aa":17,"1db42092":21,"6a60348e":20,"4b3e3b1c":16,"23080895":16,"baebb391":21,"f1098793":21,"cbad3b92":24,"ad8f85d6":16,"cf52025e":11,"6be9332a":18,"363590c7":18,"3c43e8a2":20,"2203f259":19,"5623817d":19,"0b3283c9":16,"eda6a690":18,"004f1ef3":21,"9fa62fee":17,"bca2d7cd":13,"5747db6e":22,"22234d6b":16,"9147702f":17,"84b67924":17,"c793cdda":16,"558d5ce7":19,"6d5fcd4c":12,"9c045c61":19,"36d340f2":19,"6cba74ce":16,"696fdac5":17,"6fb4cdda":16,"704bce0d":19,"0da28f5b":18,"288d171f":15,"b215547b":9,"fce3c5c6":17,"c4feee5b":21,"859545e6":14,"4777334c":17,"df2b4d87":22,"37a7d5b0":20,"65e4235b":21,"313258f2":17,"a851891c":15,"28654c76":26,"d9f512b9":22,"b7407bd3":24,"8245f916":19,"5acaa06f":11,"ef16ca37":17,"6f0fcb9d":20,"4f5e3e7d":12,"b35e9e1a":23,"ca7d47f7":25,"dae0f922":22,"30d84dce":19,"da3437cd":14,"6e24d88b":14,"85de05f2":15,"059d6c19":23,"7d112f4d":17,"20777945":15,"0af920d8":13,"9d0546ac":16,"c8977844":20,"0c043224":19,"ded7da5a":15,"53747a91":19,"bb99c79c":20,"3661e12d":24,"17446892":16,"71279c46":14,"47cfba38":13,"13747b82":24,"bb8a6337":11,"a6003226":15,"9b3f8714":12,"088feee2":21,"77bae750":12,"5a0eb771":15,"e15fd611":15,"04643409":12,"77f31bab":23,"a983a6dc":18,"fafb4cc2":21,"fe44fc6f":17,"cf1b8c47":15,"0d770b97":22,"fea793f5":18,"1a442bc7":18,"d815c5b4":23,"e4117b3b":15,"d39724bc":16,"93b0a158":17,"2ce1af05":11,"30b6808c":14,"619fda68":20,"0d28db94":13,"abd32136":18,"a06a6430":17,"ec11fe5f":21,"c803b4a3":16,"eb2e1983":15,"8f10fa42":22,"5f4102da":14,"3310a049":21,"1438fad7":12,"e0f7679f":19,"e8f173b5":11,"5678ed7b":19,"a24e6670":19,"045f280d":17,"baebb391":22,"e8d74304":18,"cf52025e":12,"ad8f85d6":17,"13f0e139":18,"48655f09":17,"ae8a09c4":16,"5410e9c6":18,"f1dffa24":13,"014bdff0":10,"f2470875":16,"437fc3ec":25,"5270f158":17,"c95719e5":13,"84b67924":18,"39ba00f0":14,"dd7acb96":17,"9ab755d3":17,"d1ca5d6b":23,"c0e2624b":20,"2180f99b":20,"09560615":14,"4e3f5178":16,"696fdac5":18,"4c4aa2e2":17,"7bda83dd":17,"afe8e06a":12,"fe8f3d36":15,"0b959527":13,"0dad37d5":14,"a4296d1e":21,"8f13c203":8,"50312237":21,"8f2a7d69":15,"f9c15fcc":19,"288afc30":16,"06073f13":16,"6f0fcb9d":21,"332820ce":13,"dcf85091":15,"4c39240e":19,"1a68160d":18,"25776fc4":15,"c4e70c07":14,"805af3c7":15,"ffc86f94":16,"f4634d0b":19,"2b3c49b9":18,"c8977844":21,"e2a7d915":24,"c650b434":24,"3b690f68":20,"40a745c0":20,"a851554d":20,"655941a0":21,"0a96f57a":20,"751acea8":14,"6490bac6":19,"ecfa8249":15,"0c043224":20,"fd6dcb20":12,"01d817b8":19,"7d6895f4":13,"b9a48a5c":14,"af157d29":18,"315537b2":18,"be149c6f":20,"bc3dc66a":15,"b35bb8a1":12,"aec4e1bf":20,"aa9ea5e8":17,"c64de0c0":14,"5f6613c8":17,"36684155":22,"3c782bb3":17,"1db42092":22,"cf50e84e":14,"28d41578":11,"e7e82473":26,"f5829ac0":12,"4945c851":29,"3e602573":14,"baebb391":23,"48655f09":18,"b7df1559":20,"0eaf08da":21,"87ce8d1d":13,"0f72f2d8":12,"f1dffa24":14,"3a204e56":17,"83086d4c":17,"8274885a":19,"016953e4":18,"00a481e3":23,"83b2f9c5":16,"3c0df8b4":16,"45b5746e":15,"aa76bc50":21,"65e4235b":22,"b28a5e67":17,"cb4f262b":20,"dffa7793":8,"93b0a158":18,"f0a06216":21,"b0869206":17,"ba586505":22,"124fbe96":13,"cf9f4757":15,"d4ee22a4":22,"cb142908":16,"6a5b71b4":24,"e57d5cda":28,"67c57de4":22,"1b881e6e":18,"91d52a55":12,"ccf8b803":17,"c6c85783":17,"254cc28c":19,"e99318a3":17,"5a07fc2e":17,"4bcd4a30":27,"2a06ab95":22,"39ba00f0":15,"911e770b":15,"dd7acb96":18,"c793cdda":17,"704bce0d":20,"6f39f4d9":22,"cd522166":25,"478d2d4f":23,"19551bad":15,"0f89862c":17,"ba5c52af":10,"dd3913d2":13,"1745a0f4":11,"d599b566":23,"f2470875":17,"00554ffd":20,"8c6e001f":12,"5f8517b7":21,"379184a7":23,"02d4753e":17,"5acaa06f":12,"b35e9e1a":24,"cb51f134":17
1604737434702,"57540cc3":14,"36d340f2":20,"8cc4a982":17,"ef8321d8":17,"945b63f0":24,"ec2cb1af":13,"af157d29":19,"a901627e":9,"781ace7d":18,"6e44927f":14,"5ef93e5d":15,"3a291497":15,"61145ec9":25,"a0cf08b3":13,"bb00e71c":15,"bf30a08f":14,"124fbe96":14,"145c7559":20,"a4296d1e":22,"e9679ede":15,"3bad3c95":7,"859545e6":15,"2e3503e4":22,"2154b6e8":13,"501db4de":22,"638cb163":29,"4def63ee":13,"5cd3cfe0":14,"72b84094":19,"5f620a1e":18,"1e191c98":13,"ffc86f94":17,"b6ee137a":17,"26ed1a5c":18,"e1f0dbfd":18,"b7434f57":15,"d25e0f8d":17,"6f81493d":22,"bc09fa9e":17,"1f11812e":11,"7bebff03":12,"902f49f5":13,"1757a30e":15,"91b28f83":20,"b3f19a69":19,"6775d5cd":11,"9f74b8a4":16,"76f94eda":15,"07fc4a9a":17,"b36a0d66":9,"69f3bfcc":19,"f277386e":15,"0d2c95fe":15,"868edcc0":19,"3c782bb3":18,"f1098793":22,"ac62fac2":16,"48655f09":19,"4b4ef7fa":23,"8eb64769":11,"e6fac295":17,"3e602573":15,"39bbc4bc":31,"6f39f4d9":23,"753ca352":13,"77bfed7e":24,"9fce073c":21,"82204d54":16,"a06a6430":18,"be149c6f":21,"dc473de1":14,"9b3f8714":13,"aec4e1bf":21,"31f6ba51":15,"a47abfbb":17,"6632fed0":25,"d1fe2868":12,"789bd484":11,"36b7003c":22,"449d8475":18,"39a2fcce":20,"f2364460":15,"7e15f8e8":23,"478d2d4f":24,"1745a0f4":12,"bd62d7ed":16,"6c486702":12,"eb2e1983":16,"33d6bb6a":22,"53747a91":20,"f5cd79c1":16,"8e4c33d2":14,"8dd649a3":15,"a58bf525":17,"22aeaf03":16,"c318d350":17,"a533489b":20,"761cf820":13,"5f8517b7":22,"9263c525":22,"02d4753e":18,"0ac825ed":13,"00554ffd":21,"2c627253":13,"92efd84f":16,"5747db6e":23,"fd369c21":20,"3c6692a3":20,"fb7482fe":16,"aa5dfdf5":18,"a63bddd4":21,"49902219":24,"eafbf9fb":20,"d6320619":19,"1d44aff3":17,"a15713c6":24,"012de09c":13,"6023df54":13,"95904ac4":21,"42cd2360":18,"65e4235b":23,"ebdbf580":18,"efe84c27":14,"fe578280":16,"acac14fb":16,"f3992a31":11,"b3863630":15,"90a06ee9":22,"c8fcad77":13,"b5ce0c0c":20,"37a7d5b0":21,"7e76c93c":17,"ce3bf5db":20,"3fdb08f5":14,"026766f3":11,"4279e829":20,"72b84094":20,"a81a857c":10,"d815c5b4":24,"dffa7793":9,"5eab91a0":16,"88ce179e":22,"51a3e9c2":18,"0114160e":18,"f5829ac0":13,"66554572":14,"06ddafc7":16,"411b5027":21,"a4dafea5":9,"5678ed7b":20,"b7df1559":21,"b6aaf976":19,"1c3a30c5":11,"56752a4a":16,"6be9332a":19,"0d770b97":23,"5b5fc566":19,"056ea7ff":14,"50c468ba":12,"fd6dcb20":13,"d1715f3b":16,"f2ca27d9":17,"c9efc8f6":19,"42c80e69":14,"bc3dc66a":16,"af034fee":15,"288a2c43":16,"ed4fad08":19,"6632fed0":26,"794f652b":14,"77f31bab":24,"36b7003c":23,"789bd484":12,"04643409":13,"1b881e6e":19,"815e4582":17,"8ac72326":16,"67c57de4":23,"b73e789c":14,"1dad0f99":15,"10ec5a0b":13,"8721056e":12,"2a4a402a":13,"fef750ca":21,"be3a10f8":16,"6c486702":13,"733c86f8":16,"6a7392d5":16,"56d315d8":15,"ecfa8249":16,"db703021":13,"efd23af5":16,"751acea8":15,"f9f2c53f":12,"93683c82":17,"26dd2000":18,"ded7da5a":16,"5272520d":16,"3b7763b1":16,"2d382981":20,"71bc1295":18,"8e4c33d2":15,"b935fc1c":17,"19f9ca86":23,"578f6e9e":18,"695a2b92":20,"b1f58563":15,"3712c4bd":16,"5f8517b7":23,"b2a8761b":18,"1ff8c2fc":19,"608bc832":11,"4bcd4a30":28,"6751d8e4":22,"ef1c2dcb":17,"2d54e0a8":16,"aaa274a5":19,"ea822700":17,"9147702f":18,"d9a64845":14,"b2cfdbcf":13,"3c0df8b4":17,"dc03ebd2":22,"74c26380":15,"dcf85091":16,"1a2c020b":20,"7f86be64":20,"f76a3e83":15,"9267f0ef":25,"be2955bb":15,"fbdffc95":14,"69d4b754":20,"e786063b":17,"83b2f9c5":17,"2c6cb96f":14,"bd2705b0":20,"67f6e4f2":14,"db0a661e":16,"49bf2e95":12,"6a60348e":21,"4b3e3b1c":17,"28d41578":12,"d36125db":27,"0114160e":19,"868edcc0":20,"ce4da56f":13,"20811ddf":18,"290b4714":20,"a6b5e869":21,"12dd6f5e":20,"6143f39d":14,"d6320619":20,"9a467a82":20,"2dda3936":19,"6de0aaac":14,"e9adbe58":11,"a6003226":16,"d6d61bfc":23,"3c18f28e":17,"42c80e69":15,"c93c3508":8,"c852d240":16,"c64de0c0":15,"0670c466":12,"97e75c19":23,"394dc144":24,"b3f19a69":20,"6b82b527":12,"f7231212":18,"bec9d329":22,"e57d5cda":29,"91536e85":16,"056ea7ff":15,"385ab7c6":17,"af7e5be8":26,"00a17b46":17,"19551bad":16,"6c486702":14,"afe8e06a":13,"9a3ab0b8":14,"20958d58":12,"c6dc900c":17,"50b558a7":16,"ba30e43a":27,"72b84094":21,"9bdf362a":11,"f4634d0b":20,"913a6226":16,"859545e6":16,"059d6c19":24,"a33fe0dd":23,"2209903e":18,"20e470e0":13,"0d5ee801":14,"df81ddee":19,"d9f512b9":23,"5c82d1ce":12,"f883d582":16,"4295ce9a":15,"c2bb8aae":13,"51c57542":13,"0841052c":18,"01cd8099":15,"dfc89705":17,"8eb64769":12,"b7df1559":22,"48655f09":20,"742f1425":16,"73b15e04":19,"1951480c":20,"27f52ed3":22,"c0b7e7d7":21,"5270f158":18,"60e855ee":20,"19f9ca86":24,"3a204e56":18,"44a4f7cd":13,"50d129cf":15,"5a0eb771":16,"c98d5272":22,"aa5dfdf5":19,"ea822700":18,"6a3eaf43":14,"272c7672":21,"72d7b461":16,"d0d6acb1":13,"c793cdda":18,"45b5746e":16,"cf1b8c47":16,"6b78ad7f":17,"f121b82c":22,"f33c0140":16,"ae016053":20,"2dd0e808":20,"fafb4cc2":22,"d9d0c567":13,"69eeae0d":17,"67f6e4f2":15,"02d4753e":19,"3652bd66":16,"1bd5b20b":18,"5f8517b7":24,"4ea4a2a1":21,"d0c0fc08":14,"8cf83787":12,"0d2c95fe":16,"69f3bfcc":20,"95d331b1":9,"cb4f262b":21,"08c6b5d2":17,"d2a841c9":14,"22ecaed0":15,"affb82bf":16,"175bc6b2":16,"15620dca":17,"bb99c79c":21,"b7cc7909":19,"a47abfbb":18,"c64de0c0":16,"72805bf5":19,"bfcb912a":21,"081460bf":16,"e4714415":20,"79be29c8":8,"124fbe96":15,"ea4d3f3e":16,"5eab91a0":17,"00cf385d":25,"cb142908":17,"7218c9f1":15,"d7cb9bcf":13,"056ea7ff":16,"05f6ab35":22,"30b6808c":15,"1105f790":22,"7fdc2007":14,"7a4c064c":20,"70ee0491":18,"a85d89cc":23,"c1bb74f2":20,"c0fea118":14,"7043382d":18,"ab7d4c9a":20,"805af3c7":16,"efe84c27":15,"4e3f5178":17,"28d40296":9,"d6f0d94a":17,"24ffcbd3":22,"0d5ee801":15,"daab45c6":16,"92f800f5":16,"f4634d0b":21,"bc09fa9e":18,"1623fc9f":14,"58d46189":13,"7d112f4d":18,"5272520d":17,"b6ee137a":18,"1e191c98":14,"21e10a2b":19,"ca6d2d91":20,"70594a28":17,"059d6c19":25,"5a622a23":21,"c463799d":22,"8721056e":13,"90731976":11,"1438fad7":13,"489a39f7":17,"a3d4a0e5":22,"2198ba8e":11,"b6aaf976":20,"23080895":17,"dd1fcb17":15,"6ce84ff8":18,"a43061ee":17,"742f1425":17,"7ee148e9":18,"56752a4a":17,"5623817d":20,"c95719e5":14,"5b60dd1d":18,"095ab3b4":17,"836701f6":18,"0f1ac912":11,"faf3ed07":21,"8a52882e":20,"2b3e4717":15,"088feee2":22,"48efc739":23,"1d790491":19,"26c390d6":15,"8657c79d":25,"72d7b461":17,"88b3bc99":16,"2c01e624":17,"de6213c7":26,"345c9967":17,"2c6cb96f":15,"fafb4cc2":23,"61145ec9":26,"5f8517b7":25,"b4fdf90e":19,"d0c0fc08":15,"b7407bd3":25,"8d000d6e":15,"92d38723":17,"00554ffd":22,"7c0a2db6":20,"e865e4dd":17,"69eeae0d":18,"cbb54a0a":15,"8dd2684c":20,"3454fa2b":17,"22ecaed0":16,"d6320619":21,"be4f8ba8":15,"623c6a31":15,"42c80e69":16,"15620dca":18,"a6003226":17,"5a734022":17,"31f6ba51":16,"e4714415":21,"57d5dee8":21,"9b3f8714":14,"e6ec8cbf":20,"3b2dee89":20,"11b74e63":13,"6775d5cd":12,"ad2d7bed":17,"9cb4697f":21,"e356abf1":17,"ae95f2ba":20,"7566fdd6":21,"e57d5cda":30,"6a5b71b4":25,"a66a2d8a":12,"7f86be64":21,"cb51f134":18,"288d171f":16,"3498f223":11,"b3863630":16,"655954ba":11,"37a7d5b0":22,"1247fa52":14,"8f13c203":9,"b7505747":20,"7e76c93c":18,"014460b9":17,"655941a0":22,"fb8bfb36":17,"4577b333":16,"8f9b74b0":13,"d70ca4f4":24,"14c682eb":16,"bc09fa9e":19,"5272520d":18,"20e470e0":14,"a0cca8b7":13,"3007f31f":9,"f4634d0b":22,"c3e6ef01":23,"26dd2000":19,"e2cbe594":12,"30d84dce":20,"b102f7bd":19,"7e95c5a0":20,"50c468ba":13,"6a7392d5":17,"e35a63cd":19,"7218c9f1":16,"7bda83dd":18,"b8488fc8":18,"50b558a7":17,"e36dfd6f":15,"95f6db13":14,"6a60348e":22,"2cce4fb2":21,"11888cfa":16,"946df4fd":19,"1be05c14":14,"54a676d6":12,"a0b03218":24,"742f1425":18,"87922532":18,"12a2cd4b":15,"aa00769b":23,"4febf7c5":16,"f1dffa24":15,"3c43e8a2":21,"fb7b7b3c":22,"ea9bba6b":14,"95d3d348":18,"19f9ca86":25,"2203f259":20,"cf775f58":19,"527ff946":23,"b8ab8e6e":18,"47d27624":14,"0670c466":13,"5d087c79":16,"c67979e6":25,"26c390d6":16,"6751d8e4":23,"92efd84f":17,"d9a64845":15,"8a165e17":19,"1ff8c2fc":20,"336d0f08":21,"3652bd66":17,"288afc30":17,"8f2a7d69":16,"92d38723":18,"06073f13":17,"69eeae0d":19,"d9d0c567":14,"345c9967":18,"aa867541":11,"71e53c93":18,"383e232d":17,"4bcd4a30":29,"778c95e9":18,"f4726450":15,"172217e5":14,"945b63f0":25,"53a8613c":23,"217c0327":16,"22ecaed0":17,"623c6a31":16,"6d339d45":18,"74e3d13e":14,"725dce8b":21,"288a2c43":17,"b230e8d3":19,"35aa7fd0":18,"730a4938":22,"290b4714":21,"87c462ee":17,"ea4d3f3e":17,"3b2dee89":21,"e6ec8cbf":21,"9d4f1fe6":19,"d4ee22a4":23,"be2955bb":16,"8e780922":21,"e1618359":25,"1a68160d":19,"ebdbf580":19,"8e99d5d0":21,"1e232870":17,"30c5d755":21,"57167c74":21,"25776fc4":16,"7e76c93c":19,"08a06557":26,"62d1d346":16,"c8dc010f":18,"8db62558":18,"719c8869":18,"53747a91":21,"4279e829":21,"19e9776f":18,"25e0dd3d":19,"1a2ec5d7":25,"c455f40e":15,"1e191c98":15,"2209903e":19,"f734c84c":16,"180377be":13,"2ad42a9e":20,"9d4da635":16,"597c1f81":12,"4f59a322":16,"0d28db94":14,"82204d54":17,"cc5a1d47":16,"eebc8d43":12,"4930f321":11,"8007f30e":14,"ac030e74":13,"2bcca6a7":25,"20958d58":13,"fef750ca":22,"cd522166":26,"de36827b":21,"f044c0e1":14,"69f3bfcc":21,"2d1e1e9d":17,"26009d3f":16,"1be05c14":15,"6d802fa2":21,"73b15e04":20,"b460f030":20,"87922532":19,"17807120":13,"a0b03218":25,"bc392d1c":17,"a5aee5de":20,"004f1ef3":22,"c0b7e7d7":22,"317c1591":12,"014bdff0":11,"dc583e64":11,"fe1d4419":24,"60e855ee":21,"24a9fb86":21,"a2c334e7":25,"0670c466":14,"d957f027":11,"25d1b2d8":18,"5f7d7195":18,"5d087c79":17,"36684155":23,"a9b1bd51":12,"08a4c3f8":24,"6f0fcb9d":22,"02d4753e":20,"d0e9a58e":14,"a533489b":21,"92d38723":19,"de11eb19":26,"012de09c":14,"ef8987d7":29,"d3a669ac":19,"fd369c21":21,"ef1c2dcb":18,"3c6692a3":21,"2d13e69b":18,"1f342a00":19,"a625328f":16,"6de0aaac":15,"57540cc3":15,"12012fbd":21,"a63bddd4":22,"f3d68430":21,"945b63f0":26,"21ee2afe":18,"95904ac4":22,"52eca0dc":20,"4bc46d7a":17,"906fdec3":16,"5f0c1b9d":24,"ba586505":23,"5b5fc566":20,"124fbe96":16,"a502c93c":25,"d929098e":12,"bf30a08f":15,"3b2dee89":22,"f76a3e83":16,"bd984a8e":17,"f33c0140":17,"7f86be64":22,"972f4174":17,"9b742f71":17,"a3253019":25,"57167c74":22,"4777334c":18,"c0b0f492":22,"2045d7d6":21,"49b358bd":20,"259930ee":20,"28d40296":10,"5c82d1ce":13,"a4f1d83b":16,"ecfa8249":17,"93683c82":18,"53747a91":22,"906632cb":15,"92136ff5":22,"debe1f65":23,"7a9344a4":9,"2209903e":20,"bb98a6cf":21,"1a2ec5d7":26,"4295ce9a":16,"db703021":14,"91536e85":17,"619fda68":21,"5f4102da":15,"ad303bda":22,"55928ef1":20,"6034b6d0":19,"fead11cf":19,"8298e976":26,"a8871ddf":20,"013ee301":17,"f277386e":16,"7732eb1e":26,"868edcc0":21,"e7e82473":27,"03dcfa3d":19,"a0b03218":26,"a0bc1ceb":16,"87ce8d1d":14,"13f0e139":19,"04612878":15,"24d24fa3":13,"09ff339a":12,"c0b7e7d7":23,"b1f58563":16,"ea9bba6b":15,"26f99a1e":22,"016953e4":19,"0e2b5d2f":20,"f1df62b4":21,"a567ace4":17,"c8113b77":21,"87cd2add":19,"7fdc2007":15,"9f5e6cba":17,"5e09f69e":20,"51f80f4c":19,"74e3d13e":15,"2132fe93":22,"a2c334e7":26,"31f6ba51":17,"1b881e6e":20,"47d27624":15,"37fbb107":19,"d5557fb4":23,"99e171db":17,"815e4582":18,"d1fe2868":13,"20958d58":14,"8e4c33d2":16,"ea274174":19,"761cf820":14,"336d0f08":22,"cfe72ead":14,"554ebb83":18,"0ac825ed":14,"7a2f3f06":14,"d744bee2":21,"70bc8325":12,"d0d6acb1":14,"af0b61ab":16,"1f342a00":20,"f4726450":16,"f069bb07":20,"ec2cb1af":14,"6143f39d":15,"53a8613c":24,"6d339d45":19,"0277d748":24,"f2f58418":14,"e9adbe58":12,"fe44fc6f":18,"3c0df8b4":18,"fd482491":19,"e865e4dd":18,"52eca0dc":21,"4bc46d7a":18,"45b5746e":17,"677c6a09":27,"935ec056":15,"d1d40c9c":21,"6ee92259":15,"f598a332":24,"f2086446":18,"b215547b":10,"c5b35e4d":14,"c21ab51e":15,"b3863630":17,"be2955bb":17,"c1bdfd41":11,"fce3c5c6":18,"e32524d6":19,"cc6bbe45":16,"dac109cf":22,"37a7d5b0":23,"88fa53d6":17,"fb8bfb36":18,"53747a91":23,"1f11812e":12,"44ff8baa":16,"8942c35b":16,"dae0f922":23,"4295ce9a":17,"a4f1d83b":17,"805534ac":21,"dbd2f139":21,"2209903e":21,"2b3c49b9":19,"142d6987":18,"7735c3c2":16,"ea4d3f3e":18,"9d4f1fe6":20,"1dad0f99":16,"e28c2efc":19,"e5b1abc6":16,"28d41578":13,"1438fad7":14,"868edcc0":22,"a3d4a0e5":23,"8b2b601d":18,"8d753bb6":14,"cf50e84e":15,"946df4fd":20,"a0b03218":27,"8eb64769":13,"c6e3d352":13,"64a7f79f":13,"2d382981":21,"2203f259":21,"26c6fa34":20,"c318d350":18,"25635c37":18,"ac030e74":14,"0f89862c":18,"3c18f28e":18,"e4714415":22,"162a7348":18,"deb31f35":14,"5eaa1581":16,"c9efc8f6":20,"71279c46":15,"c6c85783":18,"1b881e6e":21,"a939b50b":15,"794f652b":15,"97e75c19":24,"394dc144":25,"8ec3834d":12,"a8c93bed":15,"d83294cd":17,"4c0e547b":14
1604737435325,"9ab755d3":18,"70bc8325":13,"22234d6b":17,"d3a669ac":20,"dd7acb96":19,"f069bb07":21,"c793cdda":19,"30dd2edc":17,"2cb29e5a":20,"15620dca":19,"36d340f2":21,"f3d68430":22,"f2f58418":15,"51f57142":16,"74e3d13e":16,"8d04852b":22,"af034fee":16,"181c3dd5":18,"b230e8d3":20,"24a9fb86":22,"8cddb65e":15,"e99318a3":18,"25d1b2d8":19,"e15fd611":16,"bad1a1cc":13,"93fdbb44":9,"faf3ed07":22,"48efc739":24,"695a2b92":21,"09ff339a":13,"22aeaf03":17,"c7ab83c1":12,"fa55f27a":24,"92d38723":20,"5f8517b7":26,"4ea4a2a1":22,"d102b0c6":16,"8c6e001f":13,"d33790a2":21,"a625328f":17,"70bc8325":14,"aaa274a5":20,"88b3bc99":17,"e58b26f6":16,"fd07e0ed":12,"835358a0":15,"31408822":15,"08c6b5d2":18,"0e036ae9":16,"7d6895f4":14,"e9adbe58":13,"2cb29e5a":21,"d1715f3b":17,"8cf83787":13,"8aa78e2f":18,"28d41578":14,"6a60348e":23,"6c73ae98":15,"0114160e":20,"7732eb1e":27,"48655f09":21,"ac62fac2":17,"23080895":18,"4cc141fa":12,"d82592f4":11,"22176537":14,"f7231212":19,"dc0c8b09":24,"e57d5cda":31,"be3a10f8":17,"fee32863":13,"87083264":20,"c852d240":17,"5eaa1581":17,"31f6ba51":18,"e9a8cf11":17,"031e488e":21,"bb8a6337":12,"5f6613c8":18,"31d74eee":14,"90d52475":15,"ab7d4c9a":21,"b215547b":11,"0a92153e":19,"06ee61b6":16,"6b78ad7f":18,"dcf85091":17,"a33fe0dd":24,"b3863630":18,"c015ec5a":14,"72b84094":22,"8f13c203":10,"c455f40e":16,"25d1b2d8":20,"794f652b":16,"77f31bab":25,"5a0eb771":17,"527ff946":24,"8eb64769":14,"2198ba8e":12,"2203f259":22,"f5cd79c1":17,"09ff339a":14,"1951480c":21,"004f1ef3":23,"3c43e8a2":22,"71ff66e8":12,"4f5e3e7d":13,"8493f3b2":19,"45b038bb":21,"d0e9a58e":15,"7c0a2db6":21,"a15713c6":25,"71ba7561":12,"a0cf08b3":14,"6ee92259":16,"00a481e3":24,"fea793f5":19,"2dd0e808":21,"abad2347":18,"f3a0c2ee":12,"f0a06216":22,"7f6d1d0e":17,"ae99df30":14,"4258c176":19,"7db3edda":22,"f4726450":17,"284544ba":18,"84b67924":19,"2f455cce":12,"5a07fc2e":18,"2c01e624":18,"2af60749":18,"21ad2f34":15,"f1b493de":21,"a577db1c":16,"e21c6207":13,"dac109cf":23,"a8726d50":22,"9a80f004":22,"8942c35b":17,"24ffcbd3":23,"3ef7432b":20,"30d84dce":21,"d0c104c4":16,"7b6a7048":11,"30fdcd3b":20,"c8977844":22,"9a467a82":21,"57540cc3":16,"9de29816":16,"b4fdf90e":20,"3a1b9af5":12,"06073f13":18,"a8871ddf":21,"90731976":12,"1f88a4b7":20,"bab97de3":24,"a4dafea5":10,"8b2b601d":19,"26009d3f":17,"f1098793":23,"b460f030":21,"eafbf9fb":21,"6d5fcd4c":13,"88432019":13,"8cc4a982":18,"07f98660":17,"19551bad":17,"1105f790":23,"a85d89cc":24,"b87158fb":18,"7a4c064c":21,"f1df62b4":22,"11b2c8d9":11,"1bc0591f":15,"0785820e":16,"bd62d7ed":17,"87083264":21,"eb2e1983":17,"faf4f98b":14,"3c18f28e":19,"d6d61bfc":24,"31f6ba51":19,"5eaa1581":18,"a2c334e7":27,"5f6613c8":19,"57d5dee8":22,"0a92153e":20,"c5b35e4d":15,"e1618359":26,"c0fea118":15,"c382f054":15,"a3253019":26,"1e232870":18,"7043382d":19,"28d40296":11,"fce3c5c6":19,"9bdf362a":12,"4ed01268":20,"527ff946":25,"5d087c79":18,"254cc28c":20,"c6c85783":19,"5a0eb771":18,"91d52a55":13,"b7df1559":23,"cbad3b92":25,"87922532":20,"99d130c9":19,"87ce8d1d":15,"09f0db62":25,"a40846b7":22,"d1676e89":12,"39bbc4bc":32,"26f99a1e":23,"a58bf525":18,"c7ab83c1":13,"3c0df8b4":19,"7c0a2db6":22,"5f0c1b9d":25,"6023df54":14,"a851891c":16,"5f96c2bc":11,"45b5746e":18,"00cf385d":26,"ae99df30":15,"fea793f5":20,"7fef9973":24,"2882a956":15,"bd2705b0":21,"0d770b97":24,"fd07e0ed":13,"0d2a1c58":9,"3062379b":14,"22234d6b":18,"e58b26f6":17,"fb7482fe":17,"cbb54a0a":16,"65a00a3c":16,"04ea5673":21,"aa021138":24,"ded7da5a":17,"6bc5d32a":23,"201cafad":13,"5272520d":19,"e2cbe594":13,"4279e829":22,"547903ef":22,"2209903e":22,"5ccf94d6":21,"40a745c0":21,"2b3c49b9":20,"7cd0ad7b":16,"bb98a6cf":22,"93683c82":19,"45b038bb":22,"d0c0fc08":16,"cd95f558":20,"608bc832":12,"de11eb19":27,"a533489b":22,"761cf820":15,"8cf83787":14,"f044c0e1":15,"6d802fa2":22,"88a30343":21,"59431390":23,"4b3e3b1c":18,"a3d4a0e5":24,"3661e12d":25,"e9adbe58":14,"9de29816":17,"12012fbd":22,"f2ca27d9":18,"cfafcda8":16,"0d28db94":15,"0f89862c":19,"2a4a402a":14,"619fda68":22,"af7e5be8":27,"1105f790":24,"7a4c064c":22,"0042f6eb":23,"8063df14":22,"6034b6d0":20,"a66a2d8a":13,"753ca352":14,"53b4e647":20,"bb99c79c":22,"dfa1a89b":15,"47cfba38":14,"9b3f8714":15,"9f5e6cba":18,"32133249":27,"17446892":17,"c4bff41f":15,"6632fed0":27,"9f2b16a7":15,"8e99d5d0":22,"cb51f134":19,"90a06ee9":23,"dbc9df44":16,"e1618359":27,"d548635d":15,"2045d7d6":22,"77f31bab":26,"5957df9e":16,"842c8340":16,"789bd484":13,"1634789b":20,"c6c85783":20,"39a2fcce":21,"aa00769b":24,"468fc85c":20,"2198ba8e":13,"4febf7c5":17,"35b58ef9":12,"c6e3d352":14,"dfc89705":18,"d1676e89":13,"f6fe095d":22,"fb7b7b3c":23,"9a3cc55d":17,"7ee148e9":19,"b769bdfb":16,"c7ab83c1":14,"906fdec3":17,"c91966ce":11,"cf1b8c47":17,"abc1d7ad":22,"49cb2959":14,"8a165e17":20,"dc03ebd2":23,"54d7de6b":24,"b0869206":18,"af0b61ab":17,"9fa62fee":18,"dd7acb96":20,"6e851762":21,"e32524d6":20,"aa021138":25,"b7505747":21,"c7636527":18,"30c5d755":22,"ca7d47f7":26,"fb8bfb36":19,"f883d582":17,"77898c22":14,"44ff8baa":17,"26ed1a5c":19,"547903ef":23,"30dbfc69":19,"026766f3":12,"8ea21393":17,"0149e11a":15,"20e470e0":15,"a0ce82b4":20,"0c043224":21,"30fdcd3b":21,"eb7b4e29":13,"fd369c21":22,"272c7672":22,"45b038bb":23,"7a6aa4b6":18,"8493f3b2":20,"d102b0c6":17,"379184a7":24,"ef16ca37":18,"b35e9e1a":25,"d6db2b02":21,"cf84fb54":23,"b84a06eb":22,"6291e9e9":15,"d9dcdc4b":21,"66554572":15,"f87c5031":20,"1a442bc7":19,"bec9d329":23,"6c20c153":12,"88ce179e":23,"16b476e9":14,"062179c1":14,"30c184b8":15,"9496f56f":19,"92ca52b7":22,"869cbaa0":22,"77bfed7e":25,"0e2b5d2f":21,"7bda83dd":19,"6a5b71b4":26,"d83294cd":18,"831c7b85":15,"a8c93bed":16,"9aa6a054":16,"9f74b8a4":17,"d3e84616":24,"be4f8ba8":16,"a77e8461":13,"f5596d0f":17,"558d5ce7":20,"22176537":15,"6df0b2e8":30,"8cddb65e":16,"03b4ab60":21,"a3253019":27,"5be594be":14,"3498f223":12,"c4bff41f":16,"ed4fad08":20,"64db4feb":19,"5ac86fb9":20,"789bd484":14,"045f280d":18,"064a99c8":20,"742f1425":19,"6be9332a":20,"a543ec74":19,"01cd8099":16,"e6fac295":18,"9fc713b0":21,"3712c4bd":17,"5781776a":17,"fb7b7b3c":24,"b1f58563":17,"6d61bf13":11,"22aeaf03":18,"1951480c":22,"1634789b":21,"5d087c79":19,"815e4582":19,"449d8475":19,"a15713c6":26,"4bc46d7a":19,"f3a0c2ee":13,"91f7ef72":16,"a472532e":20,"fe44fc6f":19,"537634c9":13,"e99318a3":19,"99e171db":18,"dd7acb96":21,"104721f0":16,"79f04300":16,"655954ba":12,"b3863630":19,"e1571af7":21,"a33fe0dd":25,"859545e6":17,"c7636527":19,"b320feb9":11,"30c5d755":23,"4def63ee":14,"7a9344a4":10,"7e8e1c3d":18,"110b1ee3":23,"51c57542":14,"8db62558":19,"a0cca8b7":14,"655941a0":23,"a851554d":21,"751acea8":16,"f734c84c":17,"913a6226":17,"d70ca4f4":25,"26ed1a5c":20,"e2cbe594":14,"d3a669ac":21,"730338c4":21,"2d13e69b":19,"2a06ab95":23,"bca2d7cd":14,"84b767be":22,"6585adbe":9,"9260d96b":22,"554ebb83":19,"3d1af513":15,"6f0fcb9d":23,"fa55f27a":25,"67f6e4f2":16,"b552beb3":14,"8aa78e2f":19,"87c462ee":18,"4652b09a":14,"79be29c8":9,"a6b5e869":22,"51a3e9c2":19,"6b82b527":13,"730a4938":23,"7af262e5":16,"07f98660":18,"afe8e06a":14,"056ea7ff":17,"8fb236a9":16,"2a76f1dd":17,"831c7b85":16,"7a4c064c":23,"6034b6d0":21,"c463799d":23,"05f6ab35":23,"93b9fae6":15,"eebc8d43":13,"c8113b77":22,"172217e5":15,"865d9857":15,"9e206c95":22,"36d340f2":22,"6de0aaac":16,"d1715f3b":18,"49902219":25,"bb8a6337":13,"dc473de1":15,"60d6cee2":17,"42c80e69":17,"f94bf9ea":7,"51f80f4c":20,"76f3a3be":11,"cf84fb54":24,"3310a049":22,"a24e6670":20,"2cce4fb2":22,"1f88a4b7":21,"99d130c9":20,"59c1e594":24,"56752a4a":18,"12271e14":17,"e8d74304":19,"24d24fa3":14,"a543ec74":20,"5781776a":18,"27f52ed3":23,"0b3283c9":17,"39bbc4bc":33,"5b60dd1d":19,"3c43e8a2":23,"5623817d":21,"31d74eee":15,"aa76bc50":22,"3c0df8b4":20,"fafb4cc2":24,"c91966ce":12,"aa867541":12,"b28a5e67":18,"db8ba455":17,"815e4582":20,"f2364460":16,"ce3407dd":16,"449d8475":20,"5957df9e":17,"90d52475":16,"c7313e0a":11,"9b172ca8":18,"f33c0140":18,"a4296d1e":23,"470d50c2":16,"efe84c27":16,"34c5c729":14,"a33fe0dd":26,"9e65c0ef":18,"2045d7d6":23,"638cb163":30,"4577b333":17,"cc6bbe45":17,"a577db1c":17,"201cafad":14,"db703021":15,"0a96f57a":21,"c2bb8aae":14,"1f11812e":13,"27d8bf51":23,"547903ef":24,"7a9344a4":11,"ded7da5a":18,"751acea8":17,"7bebff03":13,"142d6987":19,"7e8e1c3d":19,"5ccf94d6":22,"f069bb07":22,"70bc8325":15,"5a07fc2e":19,"9ab755d3":19,"d552eb2f":10,"b7832271":15,"c793cdda":20,"34658473":12,"b2a8761b":19,"cfe72ead":15,"de11eb19":28,"d0e9a58e":16,"0ac825ed":15,"d0c0fc08":17,"4652b09a":15,"bd2705b0":22,"bf30a08f":16,"6c20c153":13,"730a4938":24,"11b74e63":14,"9cb4697f":22,"d83294cd":19,"33d6bb6a":23,"e35a63cd":20,"9c29f0ed":26,"8f10fa42":23,"8fb236a9":17,"25a2844e":22,"ef91eaae":15,"7bda83dd":20,"c38c2b52":19,"eb2e1983":18,"ba938220":15,"621d6b18":18,"50b558a7":18,"7d6895f4":15,"f2ca27d9":19,"21ee2afe":19,"eafbf9fb":22,"3661e12d":26,"3454fa2b":18,"945b63f0":27,"be149c6f":22,"1ed46298":25,"c852d240":18,"dc473de1":16,"031e488e":22,"17446892":18,"c9efc8f6":21,"1138796e":19,"e81834aa":18,"de36827b":22,"868edcc0":23,"0be540c5":15,"07fc4a9a":18,"045f280d":19,"4cc141fa":13,"8eb64769":15,"17807120":14,"87ce8d1d":16,"9c58dd76":20,"2d382981":22,"48655f09":22,"a40846b7":23,"971675c5":18,"6d61bf13":12,"312f7676":16,"19f9ca86":26,"22aeaf03":19,"e238f09b":15,"781ace7d":19,"345c9967":19,"d9d0c567":15,"313258f2":18,"49cb2959":15,"faf3ed07":23,"77f31bab":27,"a983a6dc":19,"bda8cdfb":19,"36b7003c":24,"ccf8b803":18,"c98d5272":23,"4b4ecbce":17,"104721f0":17,"53431634":25,"d548635d":16,"a4296d1e":24,"e1618359":28,"f3992a31":12,"dac109cf":24,"e32524d6":21,"28d40296":12,"638cb163":31,"4fd645f1":14,"a81a857c":11,"ffc86f94":18,"5cd3cfe0":15,"4295ce9a":18,"20777945":16,"4279e829":23,"4360a1a3":14,"805534ac":22,"261c9911":18,"f4634d0b":23,"70594a28":18,"d033db8d":17,"c3e6ef01":24,"b6ee137a":19,"feb67030":15,"d0c104c4":17,"8cd78f77":24,"884b0ad1":14,"4ac6bd4e":16,"c4aa1e38":13,"a533489b":23,"02d4753e":21,"f1862e79":15,"08a4c3f8":25,"b35e9e1a":26,"aaa274a5":21,"7e991ab9":13,"3c6692a3":22,"fb7482fe":18,"ef1c2dcb":19,"3101354b":10,"74c26380":16,"11b74e63":15,"79be29c8":10,"cb4f262b":22,"a6b5e869":23,"6841f77e":19,"1c0a9eff":17,"e356abf1":18,"dd3913d2":14,"5f4102da":16,"07f98660":19,"f2e3c0e3":15,"67c57de4":24,"0042f6eb":24,"d7cb9bcf":14,"6f39f4d9":24,"d78dd457":13,"33d6bb6a":24,"7a4c064c":24,"7fdc2007":16,"53b4e647":21,"ccdd1ce6":11,"09560615":15,"865d9857":16,"8dd2684c":21,"3454fa2b":19,"9c045c61":20,"8cc4a982":19,"bfcb912a":22,"deb31f35":15,"288a2c43":18,"181c3dd5":19,"e81834aa":19,"cf50e84e":16,"05642105":19,"fb44fa9c":19,"6c73ae98":16,"013ee301":18,"59431390":24,"74e01f6a":19,"a0bc1ceb":17,"9fc713b0":22,"a0b03218":28,"a58bf525":19,"48655f09":23,"27f52ed3":24,"aefe13f5":28,"83086d4c":18,"dfc89705":19,"5410e9c6":19,"8e4c33d2":17,"2203f259":23,"3712c4bd":18,"031e488e":23,"0ecfa1c9":26,"629800eb":20,"aa867541":13,"5ac86fb9":21,"d5557fb4":24,"5957df9e":18,"90d52475":17,"8ec3834d":13,"1d790491":20,"449d8475":21,"bf822e33":16,"f76a3e83":17,"dcf85091":18,"fe578280":17,"9267f0ef":26,"7be025ce":19,"aab4d996":15,"b3863630":20,"704bce0d":21,"ca7d47f7":27,"df2b4d87":23,"288d171f":17,"75ffea08":14,"c4e70c07":15,"c0b0f492":23,"da3437cd":15,"5cd3cfe0":16,"4360a1a3":15,"efd23af5":17,"61f25dd4":22,"c45d554f":17,"00554ffd":23,"508aac3d":18,"5a07fc2e":20,"7e991ab9":14,"ea822700":19,"dc03ebd2":24,"7896b953":19,"3c0df8b4":21,"810aa5e9":11,"cf1b8c47":18,"a15713c6":27,"e4c312fe":14,"a502c93c":26,"8721056e":14,"7218c9f1":17,"284544ba":19,"f069bb07":23,"84b67924":20,"74f234c6":24,"debe1f65":24,"902f49f5":14,"b6ee137a":20,"92136ff5":23,"e2cbe594":15,"c3e6ef01":25,"0c043224":22,"d2a841c9":15,"6d339d45":20,"7d6895f4":16,"15620dca":20,"ec2cb1af":15,"2cb29e5a":22,"ea274174":20,"4ba6eb36":16,"5f8517b7":27,"c4aa1e38":14,"5a0ead91":13,"67f6e4f2":17,"e7e82473":28,"95f6db13":15,"fb44fa9c":20,"5678ed7b":21,"e8f173b5":12,"32c9fc47":15,"a6bcb07e":23,"cac4449a":18,"aa00769b":25,"458dcc3d":19,"b7df1559":24,"17807120":15,"71bc1295":19,"99d130c9":21,"8e4c33d2":18,"416a9e97":19,"540df50f":22,"b7cc7909":20,"bfcb912a":23,"4125085e":14,"12534561":8,"8bc04eb5":11,"385ab7c6":18,"b102f7bd":20,"869cbaa0":23,"4652b09a":16,"55928ef1":21,"87cd2add":20,"e35a63cd":21,"93b0a158":19,"b73e789c":15,"2a4a402a":15,"1a442bc7":20,"4930f321":12,"6c20c153":14,"733c86f8":17,"c38c2b52":20,"92ca52b7":23,"72805bf5":20,"1ed46298":26,"088feee2":23,"d5557fb4":25,"5f7d7195":19,"685207b3":19,"1a2c020b":21,"fe578280":18,"34c5c729":15,"6b78ad7f":19,"972f4174":18,"06ee61b6":17,"aa021138":26,"259930ee":21,"fce3c5c6":20,"ca7d47f7":28,"30c5d755":24,"d9f512b9":24,"f8b31ce5":25,"d1fe2868":14,"9d9dd9e5":17,"c67979e6":26,"1d790491":21,"c318d350":19,"d1676e89":14,"77d35808":18,"b769bdfb":17,"27f52ed3":25,"c7ab83c1":15,"fa55f27a":26,"08a4c3f8":26,"de11eb19":29,"db0a661e":17,"40569362":19,"0cb80f4a":19,"49bf2e95":13,"b947257e":20,"9ab755d3":20,"a0cf08b3":15,"731fc335":14,"810aa5e9":12,"43bc86e3":23,"95904ac4":23,"56473430":14,"42cd2360":19,"ad2d7bed":18,"6841f77e":20,"d1d40c9c":22,"d815c5b4":25,"5acce642":18,"d929098e":13,"6ee92259":17,"835358a0":16,"2d13e69b":20,"0bd93cfd":15,"0fc5ac7e":20,"7028b044":13,"fb8bfb36":20,"cc11fef9":15,"21ad2f34":16,"9d4da635":17,"6f81493d":23,"f9f2c53f":13,"8942c35b":18,"e2cbe594":16,"1e191c98":16,"7b6a7048":12,"cd3bbe7e":22,"07107f6e":24,"bfad1727":22,"be40590d":14,"0277d748":25,"12012fbd":23,"53a8613c":25,"21ee2afe":20,"0e036ae9":17,"1be05c14":16,"4b3e3b1c":19,"6d802fa2":23,"b84a06eb":23,"6c73ae98":17,"95bc84f1":12,"5678ed7b":22,"064a99c8":21,"8eb64769":16,"812b4f15":20,"6d339d45":21,"416a9e97":20,"0d7d88f1":15,"9a07d89b":17,"30b6808c":16,"a8c93bed":17,"1745a0f4":13,"ac030e74":15,"8ac72326":17,"a0685bf3":19,"eb2e1983":19,"b73e789c":16,"b9be31d6":16,"dfcc2ad1":18,"fef750ca":23,"9f74b8a4":18,"9f5e6cba":19,"c852d240":19,"32133249":28,"60d6cee2":18,"61d4782d":14,"17446892":19,"288a2c43":19,"f33c0140":19,"b3863630":21,"f76a3e83":18,"7f86be64":23,"4c4aa2e2":18,"259930ee":22,"168e75d9":18,"88fa53d6":18,"f598a332":25,"ba30e43a":28,"8f13c203":11,"aa021138":27,"37a7d5b0":24,"859545e6":18,"f2364460":17,"47d27624":16,"2b3e4717":16,"44a4f7cd":14,"bda8cdfb":20,"6adce358":20,"0670c466":15,"9c58dd76":21,"9fc713b0":23,"3e602573":16,"c27969ec":20,"f6fe095d":23,"fb7b7b3c":25
1604737436648,"5270f158":19,"3712c4bd":19,"ea9bba6b":16,"b935fc1c":18,"5623817d":22,"02d4753e":22,"de11eb19":30,"cd95f558":21,"c7c4ec5c":17,"8245f916":20,"c4aa1e38":15,"8493f3b2":21,"1db42092":23,"d36125db":28,"1f88a4b7":22,"0114160e":21,"a8871ddf":22,"868edcc0":24,"43bc86e3":24,"e865e4dd":19,"28654c76":27,"6023df54":15,"d9a64845":16,"3a291497":16,"49cb2959":16,"a24e6670":21,"23080895":19,"b6aaf976":21,"e8d74304":20,"03c398d2":17,"99d130c9":22,"b460f030":22,"481754fc":10,"71ff66e8":13,"e7773397":15,"27f52ed3":26,"b935fc1c":19,"5099c6a0":27,"5270f158":20,"836701f6":19,"31408822":16,"94a2fe10":23,"77898c22":15,"059d6c19":26,"5c82d1ce":14,"c45d554f":18,"40a745c0":22,"cd421290":16,"6f81493d":24,"19e9776f":19,"8ea21393":18,"906632cb":16,"e1f0dbfd":19,"5a622a23":22,"4652b09a":17,"ee21ad02":20,"3b2dee89":23,"4b125e7b":19,"91b28f83":21,"5b5fc566":21,"8bc04eb5":12,"2352c8ef":20,"d2466211":20,"9b546d65":14,"ef91eaae":16,"be3a10f8":18,"30b6808c":17,"6034b6d0":22,"d78dd457":14,"0d28db94":16,"7bda83dd":21,"7a840529":12,"eb2e1983":20,"9496f56f":20,"b102f7bd":21,"c4aa1e38":16,"82b81567":17,"4ac6bd4e":17,"3d1af513":16,"9e878ec2":28,"761cf820":16,"7a2f3f06":15,"e0154608":9,"b2c25d1c":24,"655954ba":13,"c85a0d80":17,"9f2b16a7":16,"5be594be":15,"014460b9":18,"14c682eb":17,"8e99d5d0":23,"5f620a1e":19,"bbe71605":16,"810aa5e9":13,"f905a555":18,"49cb2959":17,"5f0c1b9d":26,"11888cfa":17,"69f3bfcc":22,"868edcc0":25,"fb44fa9c":21,"0b5a0408":19,"045f280d":20,"d8475b95":19,"ef1c2dcb":20,"1f7607df":13,"730338c4":22,"72d7b461":18,"fd369c21":23,"22234d6b":19,"2c01e624":19,"b2bd8fd3":13,"56752a4a":19,"12271e14":18,"59c1e594":25,"baebb391":24,"c609739e":22,"f6fe095d":24,"6d61bf13":13,"09f0db62":26,"3f2522c2":15,"6ce84ff8":19,"8274885a":20,"5270f158":21,"e5d3655c":22,"62d1d346":17,"7043382d":20,"868cda42":12,"f883d582":18,"26ed1a5c":21,"07107f6e":25,"2b3c49b9":21,"a68a93b2":14,"da3437cd":16,"6e24d88b":15,"85de05f2":16,"4ee62a26":13,"4360a1a3":16,"44ff8baa":18,"efd23af5":18,"5cd3cfe0":17,"fb8bfb36":21,"abc1d7ad":23,"1d44aff3":18,"906fdec3":18,"f0a06216":23,"1c0a9eff":18,"677c6a09":28,"bf30a08f":17,"d39724bc":17,"5acce642":19,"ea4d3f3e":19,"07f98660":20,"55928ef1":22,"0bfabf48":25,"dc0c8b09":25,"c510bfd3":24,"30b6808c":18,"f7231212":20,"ba5c52af":11,"5f4102da":17,"9aa6a054":17,"056ea7ff":18,"78b97937":16,"7fb4c521":16,"a66a2d8a":14,"b377a62a":17,"e0e6a097":13,"57540cc3":17,"945b63f0":28,"affb82bf":17,"6cba74ce":17,"865d9857":17,"546f6845":19,"4469c815":4,"8d04852b":23,"9f5e6cba":20,"51f80f4c":21,"40860a4b":9,"4125085e":15,"71279c46":16,"288a2c43":20,"36b7003c":25,"b88033fd":20,"394dc144":26,"3d1af513":17,"3a1b9af5":13,"5a0ead91":14,"792c9b6a":18,"49bf2e95":14,"9b742f71":18,"e0154608":10,"f2086446":19,"f044c0e1":16,"8b2b601d":20,"0d2c95fe":17,"a6bcb07e":24,"bab97de3":25,"4ff2225d":16,"b2703001":15,"4ed01268":21,"04643409":14,"b8ab8e6e":19,"815e4582":21,"50c3164b":17,"6751d8e4":24,"d3a669ac":22,"fd369c21":24,"84b767be":23,"af0b61ab":18,"a625328f":18,"27c8e038":12,"e8d74304":21,"87ce8d1d":17,"d82592f4":12,"ad8f85d6":18,"a636f4c9":23,"64a7f79f":14,"263762cb":14,"5270f158":22,"1da771fb":11,"a58bf525":20,"5099c6a0":28,"6b78ad7f":20,"145c7559":21,"c4e70c07":16,"e7abc88d":12,"28d40296":13,"cc6bbe45":18,"1247fa52":15,"d9f512b9":25,"49b358bd":21,"4777334c":19,"d6f0d94a":18,"e62d705f":10,"72b84094":23,"19e9776f":20,"a0ce82b4":21,"db703021":16,"547903ef":25,"7cd0ad7b":17,"9d0546ac":17,"dae0f922":24,"cd421290":17,"31408822":17,"58d46189":14,"d25e0f8d":18,"93e8cee5":21,"f6fe095d":25,"39bbc4bc":34,"abc1d7ad":24,"a15713c6":28,"aa76bc50":23,"83b2f9c5":18,"d9d0c567":16,"8a165e17":21,"dd035d2a":12,"4258c176":20,"ee21ad02":21,"bf30a08f":18,"37d0cae2":16,"b0869206":19,"91b28f83":22,"e382ec3f":12,"ae95f2ba":21,"0d7d88f1":16,"e5b1abc6":17,"fef750ca":24,"6034b6d0":23,"d2a841c9":16,"6d339d45":22,"36d340f2":23,"3f65f121":22,"9e206c95":23,"51f57142":17,"88432019":14,"0ecfa1c9":27,"d6d61bfc":25,"a1370ab0":20,"60d6cee2":19,"2132fe93":23,"24a9fb86":23,"4125085e":16,"db0a661e":18,"d33790a2":22,"b377a62a":18,"40569362":20,"a533489b":24,"de11eb19":31,"8323d333":21,"d78dd457":15,"9aa6a054":18,"87cd2add":21,"70ee0491":19,"6c486702":15,"c8113b77":23,"faf4f98b":15,"ba5c52af":12,"a0685bf3":20,"a4dafea5":11,"cf84fb54":25,"0114160e":22,"0b5a0408":20,"a3d4a0e5":25,"3c782bb3":19,"d36125db":29,"cf775f58":20,"6e98dfda":22,"789bd484":15,"ce3407dd":17,"d1fe2868":15,"815e4582":22,"9d9dd9e5":18,"a625328f":19,"70bc8325":16,"aa5dfdf5":20,"7db3edda":23,"eb7b4e29":14,"de6213c7":27,"b947257e":21,"bad6cdb1":22,"946df4fd":21,"48655f09":24,"59c1e594":26,"8eb64769":17,"a543ec74":21,"bc392d1c":18,"ea9bba6b":17,"f5cd79c1":18,"685207b3":20,"ab7d4c9a":22,"4e3f5178":18,"4b4ecbce":18,"f76a3e83":19,"fbdffc95":15,"7f86be64":24,"69d4b754":21,"c015ec5a":15,"a577db1c":18,"2af60749":19,"04ea5673":22,"a33fe0dd":27,"caddd0a7":20,"547903ef":26,"bb98a6cf":23,"f9f2c53f":14,"4279e829":24,"7cd0ad7b":18,"93e8cee5":22,"92136ff5":24,"381c68fa":22,"bfad1727":23,"0af920d8":14,"0149e11a":16,"ddec9e54":13,"94a2fe10":24,"f4343817":17,"95d3d348":19,"b1f58563":18,"3712c4bd":20,"8db5a165":10,"b28a5e67":19,"2dd0e808":22,"aa76bc50":24,"195eb771":18,"56473430":15,"abc1d7ad":25,"51a3e9c2":20,"4b125e7b":20,"bf30a08f":19,"abad2347":19,"5eab91a0":18,"5b5fc566":22,"bec9d329":24,"6b79fec2":16,"c564e316":20,"12dd6f5e":21,"d3e84616":25,"3454fa2b":20,"09560615":16,"0e036ae9":18,"eeaa2d46":18,"945b63f0":29,"32133249":29,"bc3dc66a":17,"a6003226":18,"8cddb65e":17,"031e488e":24,"bb8a6337":14,"dcfaba4c":15,"1b153aef":15,"7ae3fc50":18,"d0c0fc08":18,"92d38723":21,"1ff8c2fc":21,"02d4753e":23,"b7407bd3":26,"a85d89cc":25,"6c524f99":16,"ad303bda":23,"ef91eaae":17,"1745a0f4":14,"7a840529":13,"8b5a8e9f":29,"c463799d":24,"053f3451":17,"0f89862c":20,"30b6808c":19,"cd522166":27,"87cd2add":22,"f2e3c0e3":16,"d9dcdc4b":22,"11888cfa":18,"a6bcb07e":25,"f277386e":17,"6adce358":21,"d957f027":12,"2b3e4717":17,"faf3ed07":24,"789bd484":16,"a983a6dc":20,"5d087c79":20,"4bcd4a30":30,"f069bb07":24,"7e991ab9":15,"0d2a1c58":10,"7028b044":14,"6751d8e4":25,"0fc5ac7e":21,"6a60348e":24,"90731976":13,"26009d3f":18,"dd1fcb17":16,"aefe13f5":29,"d82592f4":13,"71bc1295":20,"ae8a09c4":17,"a3253019":28,"1a2c020b":22,"c7313e0a":12,"4e3f5178":19,"5ab7bc35":16,"104721f0":18,"75ffea08":15,"efe84c27":17,"e786063b":18,"0a92153e":21,"49b358bd":22,"b5ce0c0c":21,"7be025ce":20,"719c8869":19,"5c82d1ce":15,"b7434f57":16,"26dd2000":20,"ccb5ea3e":11,"58d46189":15,"4295ce9a":19,"110b1ee3":24,"3007f31f":10,"5272520d":20,"a0cca8b7":15,"0af920d8":15,"0c043224":23,"92136ff5":25,"be40590d":15,"804d4dfa":14,"4febf7c5":18,"fafb4cc2":25,"91f7ef72":17,"83b2f9c5":19,"a15713c6":29,"42cd2360":20,"56473430":16,"d8e58a8c":27,"ee21ad02":22,"ea4d3f3e":20,"6775d5cd":13,"290b4714":22,"d929098e":14,"0d770b97":25,"e7773397":16,"ea9bba6b":18,"3f2522c2":16,"e238f09b":16,"eda6a690":19,"312f7676":17,"c318d350":20,"7d6895f4":17,"7080f122":14,"be4f8ba8":17,"8cc4a982":20,"6cba74ce":18,"6d5fcd4c":14,"bc021def":24,"dcfaba4c":16,"0681c48e":22,"aa9ea5e8":18,"6867261a":20,"b8397293":13,"7ae3fc50":19,"379184a7":25,"c7c4ec5c":18,"db0a661e":19,"0ac825ed":16,"332820ce":14,"b0869206":20,"f67de058":18,"8fb236a9":18,"fead11cf":20,"2a4a402a":16,"053f3451":18,"4f59a322":17,"78467b8a":23,"a85d89cc":26,"0042f6eb":25,"30b6808c":20,"f5e8dfee":22,"7af262e5":17,"4930f321":13,"43d87483":19,"a2c334e7":28,"7af9d3b1":11,"6632fed0":28,"e99318a3":20,"5f7d7195":20,"23760167":17,"789bd484":17,"bad1a1cc":14,"e15fd611":17,"bf822e33":17,"af0b61ab":19,"084cbc0b":15,"cf84fb54":26,"6291e9e9":16,"a4dafea5":12,"d9dcdc4b":23,"2d1e1e9d":18,"b84a06eb":24,"32c9fc47":16,"56752a4a":20,"972f4174":19,"f33c0140":20,"1a68160d":20,"b215547b":12,"6fb4cdda":17,"9bdf362a":13,"aab4d996":16,"3498f223":13,"fce3c5c6":21,"53431634":26,"08a06557":27,"7043382d":21,"c0b0f492":24,"719c8869":20,"381c68fa":23,"4dac6b20":20,"4360a1a3":17,"4e5aaaec":11,"df81ddee":20,"751bcf25":18,"18d20aa1":14,"d033db8d":18,"906632cb":17,"547903ef":27,"db703021":17,"6bc5d32a":24,"0c0e98ea":11,"79e4fa1c":14,"b460f030":23,"ae016053":21,"cf1b8c47":19,"616d6dd6":24,"db8ba455":18,"2dd0e808":23,"a851891c":17,"dd035d2a":13,"e382ec3f":13,"12a2cd4b":16,"792cfcbd":21,"742f1425":20,"dfc89705":20,"a543ec74":22,"a58bf525":21,"6085137f":9,"7ee148e9":20,"dc583e64":12,"095ab3b4":18,"2203f259":24,"5099c6a0":29,"778c95e9":19,"9fa62fee":19,"1f342a00":21,"f271ed5d":13,"b5763ff6":15,"88432019":15,"ccdd1ce6":12,"7d6895f4":18,"f2ca27d9":20,"f3d68430":23,"30dd2edc":18,"865d9857":18,"3d1af513":18,"c4aa1e38":17,"336d0f08":23,"91b28f83":23,"677c6a09":29,"ba586505":24,"6841f77e":21,"730a4938":25,"ae99df30":16,"30c184b8":16,"831c7b85":17,"9496f56f":21,"cd522166":28,"67c57de4":25,"9fce073c":22,"5f4102da":18,"9aa6a054":19,"b87158fb":19,"4c0e547b":15,"d2466211":21,"a0685bf3":21,"95539a58":9,"629800eb":21,"c7c4ec5c":19,"358e45b1":25,"4ac6bd4e":18,"7a2f3f06":16,"71279c46":17,"5a734022":18,"dc473de1":17,"227006e4":17,"47cfba38":15,"c852d240":20,"c64de0c0":17,"91d52a55":14,"9ceb5439":9,"b88033fd":21,"39a2fcce":22,"f2364460":18,"23760167":18,"9d63c4dd":22,"45fb95c1":14,"b552beb3":15,"bbe71605":17,"6db0ea86":21,"e8f173b5":13,"8b2b601d":21,"e81834aa":20,"8e780922":22,"f598a332":26,"c0fea118":16,"972f4174":20,"719c8869":21,"77300e4a":17,"fce3c5c6":22,"1247fa52":16,"62d1d346":18,"d34a29b9":25,"14c682eb":18,"b7505747":22,"8f13c203":12,"37a7d5b0":25,"3ef7432b":21,"a68a93b2":15,"4279e829":25,"efd23af5":19,"77898c22":16,"d033db8d":19,"cf1124db":13,"18d20aa1":15,"a901627e":10,"db8ba455":19,"6e44927f":15,"abc1d7ad":26,"8a165e17":22,"65e4235b":24,"dd035d2a":14,"a5aee5de":21,"4febf7c5":19,"b2bd8fd3":14,"d82592f4":14,"a0b03218":29,"9c58dd76":22,"87922532":21,"19f9ca86":27,"3f2522c2":17,"014bdff0":12,"a58bf525":22,"09ff339a":15,"3c43e8a2":24,"60e855ee":22,"b947257e":22,"d3a669ac":23,"a625328f":20,"88b3bc99":18,"6751d8e4":26,"d744bee2":22,"2d54e0a8":17,"9a467a82":22,"558d5ce7":21,"b946e146":20,"6d339d45":23,"08c6b5d2":19,"12012fbd":24,"af157d29":20,"7cd0ad7b":19,"4e5aaaec":12,"dae0f922":25,"20777945":17,"be40590d":16,"6490bac6":20,"88ce179e":24,"290b4714":23,"e0e48a2d":14,"f56ac638":16,"ba586505":25,"bf30a08f":20,"ee21ad02":23,"20958d58":15,"8ac72326":18,"a0685bf3":22,"cc5a1d47":17,"9b546d65":15,"0d28db94":17,"7af262e5":18,"50c468ba":14,"cd522166":29,"9a3ab0b8":15,"f7231212":21,"78467b8a":24,"9fce073c":23,"ffa08d82":14,"8f2a7d69":17,"2e99f8fd":14,"288afc30":18,"ef16ca37":19,"f1862e79":16,"554ebb83":20,"f9c15fcc":20,"540df50f":23,"8cddb65e":18,"9b3f8714":16,"40860a4b":10,"68562193":14,"51f80f4c":22,"35aa7fd0":19,"789bd484":18,"6e98dfda":23,"cf775f58":21,"1a0189c4":15,"7e15f8e8":24,"37fbb107":20,"44a4f7cd":15,"6291e9e9":17,"4945c851":30,"07fc4a9a":19,"e0f7679f":20,"80a8a56d":16,"f3992a31":13,"b215547b":13,"655954ba":14,"f121b82c":23,"24ffcbd3":24,"4577b333":18,"704bce0d":22,"470d50c2":17,"a577db1c":19,"c8fcad77":14,"ea6de194":10,"28d40296":14,"65a00a3c":17,"8d753bb6":15,"7732eb1e":28,"013ee301":19,"7ae34c64":18,"abc1d7ad":27,"db8ba455":20,"906fdec3":19,"f905a555":19,"8db5a165":11,"345c9967":20,"12a2cd4b":17,"a5aee5de":22,"03dcfa3d":20,"c6e3d352":15,"27c8e038":13,"bad6cdb1":23,"0f72f2d8":13,"d1676e89":15,"5781776a":19,"e7773397":17,"1f7607df":14,"778c95e9":20,"8657c79d":26,"cbb54a0a":17,"fd07e0ed":14,"2180f99b":21,"de6213c7":28,"2cb29e5a":23,"315537b2":19,"18815a1b":15,"36d340f2":24,"ef8321d8":18,"42191b64":15,"695a2b92":22,"09ff339a":16,"3712c4bd":21,"751bcf25":19,"4295ce9a":20,"655941a0":24,"79e4fa1c":15,"902f49f5":15,"0a96f57a":22,"ddec9e54":14,"93e8cee5":23,"19e9776f":21,"21e10a2b":20,"8ea21393":19,"58d46189":16,"51c57542":15,"5272520d":21,"ee75b607":18,"d929098e":15,"b3f19a69":21,"730a4938":26,"20811ddf":19,"1bb4ccc0":13,"ad2d7bed":19,"dc0c8b09":26,"597c1f81":13,"25a2844e":23,"0bfabf48":26,"cfafcda8":17,"7fb4c521":17,"b102f7bd":22,"c803b4a3":17,"1745a0f4":15,"87083264":22,"cd522166":30,"a85d89cc":27,"19551bad":18,"67c57de4":26,"cfe72ead":16,"336d0f08":24,"b2a8761b":20,"c4aa1e38":18,"f9c15fcc":21,"02d4753e":24,"5f8517b7":28,"4d35385e":11,"6cba74ce":19,"081460bf":17,"162a7348":19,"3a1d1632":12,"40860a4b":11,"e9a8cf11":18,"2132fe93":24,"f94bf9ea":8,"77f31bab":28,"77bae750":13,"527ff946":26,"66d94227":11,"bda8cdfb":21,"93fdbb44":10,"1634789b":22,"b84a06eb":25,"f3992a31":14,"1a2c020b":23,"b215547b":14,"dbc9df44":17,"25776fc4":17,"34c5c729":16,"c5b35e4d":16,"30c5d755":25,"ba30e43a":29,"8e780922":23,"259930ee":23,"d9d7c4c2":22,"9bdf362a":14,"75ffea08":16,"bbe71605":18,"0b5a0408":21,"bab97de3":26,"07fc4a9a":20,"a24e6670":22,"8db5a165":12,"f3a0c2ee":14,"a15713c6":30,"f789f6d8":20,"ef8987d7":30,"3f75d3bc":23,"95904ac4":24,"32c9fc47":17,"2c24d929":23,"742f1425":21,"6be9332a":21,"c6e3d352":16,"12a2cd4b":18,"a543ec74":23,"ef1c2dcb":21,"fd369c21":25,"f271ed5d":14,"22234d6b":20,"72d7b461":19,"cbb54a0a":18,"730338c4":23,"481754fc":11,"5781776a":20,"25635c37":19,"83086d4c":19,"f6fe095d":26,"fb7b7b3c":26,"fe1d4419":25,"014bdff0":13,"61f25dd4":23,"ded7da5a":19,"913a6226":18,"66b7b5b4":18,"4ee62a26":14,"0a96f57a":23,"a4f1d83b":18,"18d20aa1":16,"40e79dd3":21,"a68a93b2":16,"8db62558":20,"85de05f2":17,"a8726d50":23,"0149e11a":17,"d4d5f466":20,"fea793f5":21,"91b28f83":24,"d39724bc":18,"ea4d3f3e":21,"bf30a08f":21,"6ee92259":18,"82204d54":18,"d5059415":17,"9b546d65":16,"ad303bda":24,"8063df14":23,"7a4c064c":25,"ba5c52af":13,"53b4e647":22,"6a7392d5":18,"f1df62b4":23,"7af262e5":19,"4930f321":14,"11b2c8d9":12,"e4cfef0a":16,"b377a62a":19,"6f0fcb9d":24,"3652bd66":18,"de11eb19":32,"379184a7":26,"0cb80f4a":20,"e0e6a097":14,"6d5fcd4c":15,"3f65f121":23,"546f6845":20,"b946e146":21,"dfa1a89b":16,"6d339d45":24,"fd6dcb20":14,"b35bb8a1":13,"35aa7fd0":20,"3a1d1632":13,"40860a4b":12,"32133249":30,"a6003226":19,"deb31f35":16,"d5557fb4":26,"44a4f7cd":16,"36b7003c":26,"5f7d7195":21,"04643409":15,"6adce358":22,"3498f223":14,"704bce0d":23,"1a68160d":21,"972f4174":21,"9bdf362a":15,"f3992a31":15,"aab4d996":17,"6b78ad7f":21,"b5ce0c0c":22,"c7313e0a":13,"805af3c7":17,"e7e82473":29,"810aa5e9":14,"61145ec9":27,"71ba7561":13,"a8871ddf":23,"6d802fa2":24,"6db0ea86":22,"cf50e84e":17,"90731976":14,"868edcc0":26,"71bc1295":21,"47d27624":17
1604737437637,"fbdffc95":16,"a577db1c":20,"b320feb9":12,"93e8cee5":24,"430a5db5":20,"1f11812e":14,"85de05f2":18,"7d112f4d":19,"381c68fa":24,"bb98a6cf":24,"18d20aa1":17,"fb8bfb36":22,"751bcf25":20,"059d6c19":27,"3007f31f":11,"261c9911":19,"94a2fe10":25,"3f75d3bc":24,"da04caac":18,"616d6dd6":25,"08a561b7":11,"6775d5cd":14,"d83870f5":21,"0d770b97":26,"cb4f262b":23,"95d331b1":10,"b3f19a69":22,"ae99df30":17,"30b6808c":21,"8721056e":15,"8fb236a9":19,"478d2d4f":25,"6a7392d5":19,"1dad0f99":17,"93b9fae6":16,"0042f6eb":26,"0e2b5d2f":22,"b73e789c":17,"c463799d":25,"4930f321":15,"c803b4a3":18,"062179c1":15,"5e193fc8":19,"efe84c27":18,"f121b82c":24,"36380d96":20,"26c390d6":17,"f069bb07":25,"92efd84f":18,"6751d8e4":27,"0fc5ac7e":22,"fd369c21":26,"b5763ff6":16,"9c045c61":21,"217c0327":17,"f2ca27d9":21,"af157d29":21,"18815a1b":16,"22ecaed0":18,"b7505747":23,"c0fea118":17,"34c5c729":17,"b5ce0c0c":23,"1e232870":19,"e5d3655c":23,"2af60749":20,"30c5d755":26,"259930ee":24,"25776fc4":18,"da3437cd":17,"cd3bbe7e":23,"85de05f2":19,"a4f1d83b":19,"655941a0":25,"3007f31f":12,"ded7da5a":20,"dae0f922":26,"6bc5d32a":25,"1f11812e":15,"7bebff03":14,"1e7753d9":24,"51c57542":16,"58d46189":17,"2dd0e808":24,"3101354b":11,"b2cfdbcf":14,"fafb4cc2":26,"ec110282":20,"fe44fc6f":20,"e865e4dd":20,"4d35385e":12,"a6003226":20,"74e3d13e":17,"227006e4":18,"35aa7fd0":21,"f94bf9ea":9,"181c3dd5":20,"081460bf":18,"1b881e6e":22,"d1fe2868":16,"9ceb5439":10,"394dc144":27,"1634789b":23,"650bb0e0":22,"faf3ed07":25,"12a2cd4b":19,"b7df1559":25,"12271e14":19,"eed20185":20,"b2bd8fd3":15,"e8d74304":22,"578f6e9e":19,"f5cd79c1":19,"c564e316":21,"95d3d348":20,"dc583e64":13,"014bdff0":14,"5b60dd1d":20,"677c6a09":30,"6841f77e":22,"e0e48a2d":15,"a6b5e869":24,"f56ac638":17,"87c462ee":19,"7fef9973":25,"062179c1":16,"ba938220":16,"76f94eda":16,"9a3ab0b8":16,"6a7392d5":20,"2ce1af05":12,"d83294cd":20,"fead11cf":21,"fee32863":14,"10ec5a0b":14,"6c486702":16,"50c468ba":15,"c1bb74f2":21,"87083264":23,"8cd78f77":25,"70bc8325":17,"5747db6e":24,"2d13e69b":21,"fd07e0ed":15,"4bcd4a30":31,"9fa62fee":20,"1a68160d":22,"3498f223":15,"c21ab51e":16,"0dad37d5":15,"f121b82c":25,"06ee61b6":18,"638cb163":32,"aab4d996":18,"c7313e0a":14,"37a7d5b0":26,"dac109cf":25,"62d1d346":19,"28d40296":15,"a577db1c":21,"d70ca4f4":26,"efd23af5":20,"655941a0":26,"d0c104c4":18,"e2a7d915":25,"d634aa28":22,"e2cbe594":17,"c4aa1e38":19,"3d1af513":19,"408bb2ed":17,"7a6aa4b6":19,"792c9b6a":19,"00554ffd":24,"b8397293":14,"5678ed7b":23,"0d2c95fe":18,"ce4da56f":14,"e0f7679f":21,"a4dafea5":13,"bab97de3":27,"95bc84f1":13,"1a2ec5d7":27,"ecfa8249":18,"8a165e17":23,"a0cf08b3":16,"aa867541":14,"71e53c93":19,"731fc335":15,"56473430":17,"dc03ebd2":25,"8db62558":21,"9a80f004":23,"6490bac6":21,"61f25dd4":24,"53747a91":24,"08c6b5d2":20,"140ce69e":23,"f2f58418":16,"ec2cb1af":16,"9a467a82":23,"175bc6b2":17,"217c0327":18,"c9efc8f6":22,"1ed46298":27,"61d4782d":15,"40860a4b":13,"081460bf":19,"24a9fb86":24,"4911acad":14,"2a387957":21,"f66616b7":11,"a939b50b":16,"254cc28c":21,"c6c85783":21,"cb6c9e42":28,"91d52a55":15,"804d4dfa":15,"e6fac295":19,"468fc85c":21,"a5aee5de":23,"99d130c9":23,"13f0e139":20,"2198ba8e":14,"317c1591":13,"3f2522c2":18,"09f0db62":27,"d1676e89":16,"6ce84ff8":20,"3a204e56":19,"c95719e5":15,"20811ddf":20,"abad2347":20,"ad2d7bed":20,"d39724bc":19,"e6ec8cbf":22,"6b82b527":14,"124fbe96":17,"00a17b46":18,"6c486702":17,"9a07d89b":18,"8fb236a9":20,"9f74b8a4":19,"11b2c8d9":13,"92ca52b7":24,"0d7d88f1":17,"1bc0591f":16,"af7e5be8":28,"385ab7c6":19,"fee32863":15,"629800eb":22,"1745a0f4":16,"d3a669ac":24,"084cbc0b":16,"39ba00f0":16,"ea822700":20,"fd07e0ed":16,"bca2d7cd":15,"70c1e715":20,"06ee61b6":19,"9f2b16a7":17,"9b742f71":19,"34c5c729":18,"696fdac5":19,"ca7d47f7":29,"9267f0ef":27,"1e232870":20,"d141db49":17,"f8b31ce5":26,"e5d3655c":24,"9bdf362a":16,"7043382d":22,"25776fc4":19,"a8726d50":24,"5ee911b5":20,"d0c0fc08":19,"34658473":13,"82b81567":18,"de11eb19":33,"358e45b1":26,"4ac6bd4e":19,"4b3e3b1c":20,"6d802fa2":25,"411b5027":22,"1138796e":20,"4ee62a26":15,"f883d582":19,"d9d0c567":17,"d8e58a8c":28,"ae016053":22,"781ace7d":20,"a0cf08b3":17,"7ae34c64":19,"616d6dd6":26,"4360a1a3":18,"261c9911":20,"25e0dd3d":20,"467773ac":19,"db703021":18,"bfad1727":24,"1a2ec5d7":28,"ab7467de":23,"20777945":18,"6490bac6":22,"bc09fa9e":20,"bb99c79c":23,"4469c815":5,"1d153b20":18,"a63bddd4":23,"2dda3936":20,"2cb29e5a":24,"d2a841c9":17,"32133249":31,"d6d61bfc":26,"1ed46298":28,"51f80f4c":23,"031e488e":25,"c9efc8f6":23,"a1370ab0":21,"91d52a55":16,"254cc28c":22,"d9dcdc4b":24,"2cce4fb2":23,"e8f173b5":14,"804d4dfa":16,"b6aaf976":22,"cf52025e":13,"27c8e038":14,"48655f09":25,"cbad3b92":26,"a0bc1ceb":18,"263762cb":15,"c0b7e7d7":24,"7ee148e9":21,"93ac9ca3":15,"1951480c":23,"c564e316":22,"016953e4":20,"cb4f262b":24,"2882a956":16,"290b4714":24,"7f6d1d0e":18,"e4c312fe":15,"677c6a09":31,"bd2705b0":23,"07f98660":21,"b87158fb":20,"67c57de4":27,"53b4e647":23,"9a07d89b":19,"1bc0591f":17,"43d87483":20,"e5b1abc6":18,"cb142908":18,"1105f790":25,"00a17b46":19,"d5059415":18,"eb2e1983":21,"2a76f1dd":18,"a939b50b":17,"1b881e6e":23,"84369269":14,"a9b1bd51":13,"cb6c9e42":29,"1f342a00":22,"730338c4":24,"9ab755d3":21,"2a06ab95":24,"b7832271":16,"272c7672":23,"aec074c4":22,"ebdbf580":20,"6b78ad7f":22,"704bce0d":24,"36380d96":21,"9b742f71":20,"0b959527":14,"e0154608":11,"a4296d1e":25,"b320feb9":13,"4fd645f1":15,"638cb163":33,"859545e6":19,"336d0f08":25,"4ea4a2a1":23,"554ebb83":21,"6f0fcb9d":25,"e0e6a097":15,"8f2a7d69":18,"358e45b1":27,"9e65c0ef":19,"aa021138":28,"aa867541":15,"28654c76":28,"19e9776f":22,"3b690f68":21,"d0c104c4":19,"0d5ee801":16,"44ff8baa":19,"0c0e98ea":12,"e62d705f":11,"0a96f57a":24,"3ef7432b":22,"66497c7e":14,"df81ddee":21,"c45d554f":19,"2cb29e5a":25,"546f6845":21,"ec2cb1af":17,"6cba74ce":20,"88432019":16,"623c6a31":17,"57540cc3":18,"9f5e6cba":21,"dc473de1":18,"7af9d3b1":12,"5f6613c8":20,"031e488e":26,"76f3a3be":12,"a1370ab0":22,"a851554d":22,"c8dc010f":19,"90731976":15,"fb44fa9c":22,"f044c0e1":17,"4b3e3b1c":21,"3c782bb3":20,"1438fad7":15,"8b2b601d":22,"56752a4a":21,"03c398d2":18,"aefe13f5":30,"4b4ef7fa":24,"a43061ee":18,"3c43e8a2":25,"0eaf08da":22,"77d35808":19,"87922532":22,"3f2522c2":19,"25635c37":20,"004f1ef3":24,"5781776a":21,"e45b4b53":12,"8a165e17":24,"dc03ebd2":26,"a851891c":18,"aa76bc50":25,"dd035d2a":15,"93b0a158":20,"fea793f5":22,"d83870f5":22,"4d9b0b10":17,"124fbe96":18,"78b97937":17,"7218c9f1":18,"5b5fc566":23,"25a2844e":24,"b9be31d6":17,"6a5b71b4":27,"6841f77e":23,"8f10fa42":24,"ad303bda":25,"bf822e33":18,"b8ab8e6e":20,"f4b2f575":15,"faf3ed07":26,"c6c85783":22,"7e15f8e8":25,"0670c466":16,"7028b044":15,"8cd78f77":26,"c0e2624b":21,"dd7acb96":22,"0d2a1c58":11,"7db3edda":24,"c793cdda":21,"6fb4cdda":18,"b215547b":15,"fe578280":19,"0dad37d5":16,"31f6d707":22,"145c7559":22,"62d1d346":20,"6b78ad7f":23,"5ab7bc35":17,"5e193fc8":20,"7043382d":23,"28d40296":16,"2a76f1dd":19,"f0a06216":24,"e57d5cda":32,"9a3ab0b8":17,"dd3913d2":15,"9fce073c":24,"dc0c8b09":27,"719c8869":22,"a33fe0dd":28,"30c5d755":27,"902f49f5":16,"751acea8":18,"c2bb8aae":15,"f4634d0b":24,"5fa12feb":24,"381c68fa":25,"a0ce82b4":22,"1d153b20":19,"0277d748":26,"53a8613c":26,"9a467a82":24,"a6003226":21,"175bc6b2":18,"e4714415":23,"88432019":17,"2cb29e5a":26,"51f80f4c":24,"61d4782d":16,"03b4ab60":22,"24a9fb86":25,"6df0b2e8":31,"c3e6ef01":26,"2b3c49b9":22,"18d20aa1":18,"d0c104c4":20,"e21c6207":14,"79e4fa1c":16,"2ad42a9e":21,"00554ffd":25,"1ff8c2fc":22,"b4fdf90e":21,"06073f13":19,"411b5027":23,"0ac825ed":17,"49bf2e95":15,"a24e6670":23,"1138796e":21,"11888cfa":19,"6c73ae98":18,"6a60348e":25,"0d2c95fe":19,"ad8f85d6":19,"a636f4c9":24,"1c3a30c5":12,"263762cb":16,"27c8e038":15,"8eb64769":18,"09f0db62":28,"d8475b95":20,"b769bdfb":18,"fe1d4419":26,"99d130c9":24,"9a3cc55d":18,"f2470875":18,"f789f6d8":21,"db8ba455":21,"a0cf08b3":18,"616d6dd6":27,"2c6cb96f":16,"49cb2959":18,"d9d0c567":18,"677c6a09":32,"ee21ad02":24,"c0b23081":19,"e382ec3f":14,"5b5fc566":24,"8bc04eb5":13,"597c1f81":14,"4c0e547b":16,"77f31bab":29,"b8ab8e6e":21,"a939b50b":18,"37fbb107":21,"8a52882e":21,"25d1b2d8":21,"91d52a55":17,"2f455cce":13,"39ba00f0":17,"aaa274a5":22,"0d2a1c58":12,"8cd78f77":27,"c0e2624b":22,"685207b3":21,"3c43e8a2":26,"45b038bb":24,"9260d96b":23,"4ba6eb36":17,"00554ffd":26,"36fb15d2":14,"bd984a8e":18,"4c4aa2e2":19,"972f4174":22,"470d50c2":18,"e356abf1":19,"87083264":24,"9d023afb":24,"33d6bb6a":25,"d4ee22a4":24,"ec11fe5f":22,"8fb236a9":21,"30c184b8":17,"b73e789c":18,"d2466211":22,"be3a10f8":19,"cd522166":31,"faf4f98b":16,"d9d7c4c2":23,"79f04300":17,"28d40296":17,"be2955bb":18,"0a2f71bc":12,"30c5d755":28,"a81a857c":12,"88fa53d6":19,"dac109cf":26,"b947257e":23,"ac38a6a5":15,"558d5ce7":22,"f87c5031":21,"2cb29e5a":27,"9c045c61":22,"18815a1b":17,"ec2cb1af":18,"5eaa1581":19,"d6d61bfc":27,"dcfaba4c":17,"906632cb":18,"58d46189":18,"20e470e0":16,"f883d582":20,"ab7467de":24,"7cd0ad7b":20,"5c82d1ce":16,"3f9b5722":19,"ccb5ea3e":12,"d634aa28":23,"c650b434":25,"21e10a2b":21,"4eed1bea":21,"913a6226":19,"d0b297b2":17,"5f8517b7":29,"5678ed7b":24,"1138796e":22,"0114160e":23,"f277386e":18,"54a676d6":13,"a3d4a0e5":26,"45fb95c1":15,"c609739e":23,"6ebe2354":9,"03c398d2":19,"99d130c9":25,"263762cb":17,"dd1fcb17":17,"39bbc4bc":35,"313258f2":19,"71e53c93":20,"537634c9":14,"6023df54":16,"ef8987d7":31,"69eeae0d":20,"42cd2360":21,"ee75b607":19,"32133249":32,"031e488e":27,"4125085e":17,"6df0b2e8":32,"31d74eee":16,"c67979e6":27,"2b3e4717":18,"f4b2f575":16,"0670c466":17,"254cc28c":23,"23760167":19,"2d54e0a8":18,"284544ba":20,"95d3d348":21,"eed20185":21,"095ab3b4":19,"468fc85c":22,"fb7b7b3c":27,"ea9bba6b":19,"e238f09b":17,"53431634":27,"2e3503e4":23,"abad2347":21,"b0869206":21,"a502c93c":27,"3b2dee89":24,"2ce1af05":13,"fead11cf":22,"00cf385d":27,"77bfed7e":26,"16b476e9":15,"9b546d65":17,"cf9f4757":16,"2352c8ef":21,"67c57de4":28,"9d023afb":25,"619fda68":23,"7fb4c521":18,"6c486702":18,"53b4e647":24,"b102f7bd":23,"f67de058":19,"8e780922":24,"6fb4cdda":19,"dcf85091":19,"e1618359":29,"4fd645f1":16,"b215547b":16,"37a7d5b0":27,"014460b9":19,"df2b4d87":24,"3fdb08f5":15,"d1ca5d6b":24,"508aac3d":19,"aec074c4":23,"a6626a13":13,"383e232d":18,"9c045c61":23,"d1715f3b":19,"49902219":26,"88432019":18,"7d6895f4":19,"5f620a1e":20,"fbdffc95":17,"142d6987":20,"66b7b5b4":19,"31408822":18,"d25e0f8d":19,"40a745c0":23,"e2a7d915":26,"5ccf94d6":23,"77898c22":17,"ddec9e54":15,"94a2fe10":26,"7b6a7048":13,"4e5aaaec":13,"a851554d":23,"8ea21393":20,"8493f3b2":22,"b7407bd3":27,"d0c0fc08":20,"c7c4ec5c":20,"8245f916":21,"5acaa06f":13,"a533489b":25,"0b5a0408":22,"90731976":16,"0be540c5":16,"05642105":20,"1438fad7":16,"ce4da56f":15,"a8871ddf":24,"42cd2360":22,"65e4235b":25,"52eca0dc":22,"313258f2":20,"a5676c24":18,"28654c76":29,"dc03ebd2":27,"623c6a31":18,"ec2cb1af":19,"181c3dd5":21,"5eaa1581":20,"bfcb912a":24,"31f6ba51":20,"c852d240":21,"4125085e":18,"c93c3508":9,"0670c466":18,"77bae750":14,"47d27624":18,"f2364460":19,"e15fd611":18,"7e15f8e8":26,"48efc739":25,"ac62fac2":18,"ad8f85d6":20,"8eb64769":19,"77d35808":20,"792cfcbd":22,"13f0e139":21,"d599b566":24,"4b4ef7fa":25,"a40846b7":24,"e238f09b":18,"481754fc":12,"6085137f":10,"f6fe095d":27,"5099c6a0":30,"5eab91a0":19,"f56ac638":18,"fea793f5":23,"5acce642":20,"0d28db94":18,"82204d54":19,"6c20c153":15,"c38c2b52":21,"11b74e63":16,"7fdc2007":17,"869cbaa0":24,"e356abf1":20,"2bcca6a7":26,"1dad0f99":18,"bd62d7ed":18,"1745a0f4":17,"a06a6430":19,"e5b1abc6":19,"ae95f2ba":22,"0e2b5d2f":23,"9f74b8a4":20,"972f4174":23,"e1618359":30,"53431634":28,"6b78ad7f":24,"4b4ecbce":19,"f76a3e83":20,"dcf85091":20,"df2b4d87":25,"859545e6":20,"aaa274a5":23,"6e851762":22,"7db3edda":25,"88b3bc99":19,"d3a669ac":25,"6751d8e4":28,"0fc5ac7e":23,"f2f58418":17,"30dd2edc":19,"dac109cf":27,"a81a857c":13,"ea6de194":11,"d9f512b9":26,"7be025ce":21,"e62d705f":12,"026766f3":13,"751acea8":19,"f734c84c":18,"db703021":19,"e2a7d915":27,"2ad42a9e":22,"b7434f57":17,"8f9b74b0":14,"3f9b5722":20,"58d46189":19,"4dac6b20":21,"c45d554f":20,"ab7467de":25,"00554ffd":27,"de11eb19":34,"3652bd66":19,"34658473":14,"5acaa06f":14,"f9c15fcc":22,"b4fdf90e":22,"8cf83787":15,"868edcc0":27,"e81834aa":21,"a3d4a0e5":27,"17b08923":17,"489a39f7":18,"a24e6670":24,"61145ec9":28,"781ace7d":21,"f905a555":20,"a0cf08b3":19,"012de09c":15,"aa76bc50":26,"c91966ce":13,"8547fbc2":22,"b946e146":22,"3454fa2b":21,"0e036ae9":19,"22176537":16,"f94bf9ea":10,"13747b82":25,"76f3a3be":13,"40860a4b":14,"31f6ba51":21,"5774ac0d":21,"0681c48e":23,"31d74eee":17,"1634789b":24,"48efc739":26,"23760167":20,"04643409":16,"aff8e442":22,"2a387957":22,"6be9332a":22,"27c8e038":16,"d82592f4":15,"fb7b7b3c":28,"13f0e139":22,"b769bdfb":19,"dd1fcb17":18,"f2470875":19,"03c398d2":20,"4cc141fa":14,"5410e9c6":20,"3f2522c2":20,"e7773397":18,"578f6e9e":20,"79be29c8":11,"6c20c153":16,"bec9d329":25,"aa187e3b":16,"5acce642":21,"4258c176":21,"ea4d3f3e":22,"82204d54":20,"cb142908":19,"7218c9f1":19,"a59a8290":22,"9d023afb":26,"53b4e647":25,"d83294cd":21,"ba5c52af":14,"0d7d88f1":18,"a567ace4":18,"056ea7ff":19,"25a2844e":25,"afe8e06a":15,"c8113b77":24,"6b78ad7f":25,"f3992a31":16,"288d171f":18,"6e851762":23,"f4726450":18,"dd7acb96":23,"2180f99b":22,"7db3edda":26,"2a06ab95":25,"3c6692a3":23,"53431634":29,"f598a332":27,"4e3f5178":20,"e9679ede":16,"014460b9":20,"5ab7bc35":18,"c015ec5a":16,"0a2f71bc":13,"04ea5673":23,"fbdffc95":18,"65a00a3c":18,"19e9776f":23,"a8726d50":25,"92136ff5":26,"07107f6e":26,"d033db8d":20,"34658473":15,"9260d96b":24,"792c9b6a":20,"6f0fcb9d":26,"36fb15d2":15,"4ba6eb36":18,"5ee911b5":21,"26009d3f":19,"28d41578":15,"a4dafea5":14,"3c782bb3":21,"d9dcdc4b":25,"fb44fa9c":23,"e81834aa":22,"26ed1a5c":22,"feb67030":16,"93e8cee5":25,"751bcf25":21,"4eed1bea":22,"94a2fe10":27,"cf1b8c47":20,"a851891c":19,"ef8987d7":32,"2dd0e808":25,"91f7ef72":18,"74c26380":17,"3a291497":17,"b6591e25":21,"261c9911":21,"7e8e1c3d":20,"88432019":19,"d3e84616":26,"0e036ae9":20,"a77e8461":14,"9de29816":18,"b946e146":23,"725dce8b":22,"6df0b2e8":33,"eafbf9fb":23,"3a1d1632":14,"5ac86fb9":22,"5f6613c8":21,"9f5e6cba":22,"3c18f28e":20,"cb6c9e42":30,"b8ab8e6e":22,"90d52475":18,"1a0189c4":16,"5d087c79":21,"789bd484":19,"449d8475":22
1604737438510,"4cc141fa":15,"26c6fa34":21,"25635c37":21,"73b15e04":21,"468fc85c":23,"0b3283c9":18,"4febf7c5":20,"83086d4c":20,"c27969ec":21,"dc583e64":14,"d82592f4":16,"1951480c":24,"f6fe095d":28,"77d35808":21,"31f6d707":23,"36fb15d2":16,"8c6e001f":14,"c7c4ec5c":21,"5acaa06f":15,"f9c15fcc":23,"b4fdf90e":23,"90731976":17,"e36dfd6f":16,"88a30343":22,"66554572":16,"8d753bb6":16,"1438fad7":17,"1f88a4b7":23,"c27969ec":22,"aa00769b":26,"c6e3d352":17,"263762cb":18,"24d24fa3":15,"2c5c1dc0":15,"a0bc1ceb":19,"b1f58563":19,"9fc713b0":24,"312f7676":18,"2c24d929":24,"5270f158":23,"578f6e9e":21,"016953e4":21,"d815c5b4":26,"d929098e":16,"b3f19a69":23,"f56ac638":19,"0d770b97":27,"de11eb19":35,"02d4753e":25,"fe0df575":17,"4ea4a2a1":24,"5a0ead91":15,"f069bb07":26,"84b767be":24,"5a07fc2e":21,"d744bee2":23,"e0e6a097":16,"358e45b1":28,"b5763ff6":17,"dd7acb96":24,"92efd84f":19,"49902219":27,"dfa1a89b":17,"6143f39d":16,"6d5fcd4c":16,"6d339d45":25,"2cb29e5a":28,"12012fbd":25,"aa9ea5e8":19,"4911acad":15,"1ed46298":29,"12534561":9,"b7cc7909":21,"2132fe93":25,"2ab62345":19,"e0e48a2d":16,"e356abf1":21,"062179c1":17,"07f98660":22,"9a3ab0b8":18,"ef14000f":22,"a06a6430":20,"0e2b5d2f":24,"87cd2add":23,"b102f7bd":24,"95539a58":10,"7bda83dd":22,"4c0e547b":17,"cb142908":20,"7566fdd6":22,"6c524f99":17,"013ee301":20,"bbe71605":19,"cf84fb54":27,"0be540c5":17,"59431390":25,"8d753bb6":17,"d1fe2868":17,"39a2fcce":23,"a939b50b":19,"0670c466":19,"1d790491":22,"f66616b7":12,"e15fd611":19,"26c390d6":18,"084cbc0b":17,"fd369c21":27,"2d13e69b":22,"8657c79d":27,"f271ed5d":15,"90731976":18,"d82592f4":17,"cac4449a":19,"4febf7c5":21,"e45b4b53":13,"cbad3b92":27,"6d61bf13":14,"12a2cd4b":20,"d1676e89":17,"42191b64":16,"99d130c9":26,"6ebe2354":10,"b769bdfb":20,"004f1ef3":25,"2c5c1dc0":16,"a836aa93":14,"8e780922":25,"4b4ecbce":20,"be2955bb":19,"f76a3e83":21,"470d50c2":19,"ce3bf5db":21,"655954ba":15,"37a7d5b0":28,"9e65c0ef":20,"44c77422":19,"638cb163":34,"aa021138":29,"e786063b":19,"bb98a6cf":25,"dbd2f139":22,"902f49f5":17,"e2cbe594":18,"61f25dd4":25,"5c82d1ce":17,"4360a1a3":19,"53747a91":25,"547903ef":28,"0841052c":19,"0149e11a":18,"059d6c19":28,"77898c22":18,"df81ddee":22,"012de09c":16,"537634c9":15,"616d6dd6":28,"61145ec9":29,"b2cfdbcf":15,"c91966ce":14,"71e53c93":21,"20811ddf":21,"6751d8e4":29,"172217e5":16,"f5596d0f":18,"4469c815":6,"9de29816":19,"546f6845":22,"623c6a31":19,"bb99c79c":24,"9b3f8714":17,"31f6ba51":22,"12534561":10,"92d38723":22,"d0c0fc08":21,"7a6aa4b6":20,"6f0fcb9d":27,"6585adbe":10,"b7407bd3":28,"ba586505":26,"79be29c8":12,"290b4714":25,"ae99df30":18,"6b82b527":15,"54d7de6b":25,"8ac72326":19,"c463799d":26,"a59a8290":23,"9f74b8a4":21,"9fce073c":25,"2bcca6a7":27,"ae95f2ba":23,"fead11cf":23,"9a3ab0b8":19,"b73e789c":19,"87083264":25,"c1bb74f2":22,"78467b8a":25,"2b698053":11,"34658473":16,"17446892":20,"7af9d3b1":13,"b35bb8a1":14,"2132fe93":26,"25d1b2d8":22,"77bae750":15,"a983a6dc":21,"9d9dd9e5":19,"2a387957":23,"650bb0e0":23,"8a52882e":22,"730338c4":25,"9147702f":19,"284544ba":21,"1138796e":23,"95bc84f1":14,"66554572":17,"d9dcdc4b":26,"a8871ddf":25,"e36dfd6f":17,"6db0ea86":23,"c6e3d352":18,"73b15e04":22,"fe1d4419":27,"812b4f15":21,"0a92153e":22,"80a8a56d":17,"b2c25d1c":25,"5e193fc8":21,"77300e4a":18,"5be594be":16,"8e780922":26,"d9d7c4c2":24,"2154b6e8":14,"c8fcad77":15,"0f029727":20,"e3547548":14,"57167c74":23,"c1bdfd41":12,"56d315d8":16,"0d5ee801":17,"c2bb8aae":16,"f4634d0b":25,"261c9911":22,"0a96f57a":25,"0841052c":20,"db703021":20,"2209903e":23,"5272520d":22,"18d20aa1":19,"70594a28":19,"f9f2c53f":15,"53747a91":26,"cbad3b92":28,"836701f6":20,"ac62fac2":19,"b935fc1c":20,"09f0db62":29,"a5aee5de":24,"9c58dd76":23,"3a291497":18,"f905a555":21,"a5fd8ffd":28,"1d44aff3":19,"5f0c1b9d":27,"b28a5e67":20,"781ace7d":22,"2c5c1dc0":17,"c95719e5":16,"8dc9b4db":18,"4bcd4a30":32,"22234d6b":21,"fb7482fe":19,"884b0ad1":15,"140ce69e":24,"9e206c95":24,"3661e12d":27,"945b63f0":30,"88432019":20,"bb99c79c":25,"2dda3936":21,"34658473":17,"ee21ad02":25,"b3f19a69":24,"87c462ee":20,"1757a30e":16,"730a4938":27,"6b82b527":16,"fea793f5":24,"ae95f2ba":24,"67c57de4":29,"597c1f81":15,"ec11fe5f":23,"d83294cd":22,"8063df14":24,"ba5c52af":15,"6034b6d0":24,"b87158fb":21,"cb142908":21,"733c86f8":18,"9c29f0ed":27,"1745a0f4":18,"6c524f99":18,"9e878ec2":29,"de11eb19":36,"7a2f3f06":17,"d0b297b2":18,"379184a7":27,"49bf2e95":16,"a2c334e7":29,"288a2c43":21,"4911acad":16,"61d4782d":17,"227006e4":19,"aec4e1bf":22,"71a2a493":13,"47d27624":19,"b8ab8e6e":23,"1b881e6e":24,"7e15f8e8":27,"36b7003c":27,"f66616b7":13,"4ed01268":22,"0be540c5":18,"820225e4":11,"a24e6670":25,"2d1e1e9d":19,"a15713c6":31,"810aa5e9":15,"3c0df8b4":22,"1d44aff3":20,"731fc335":16,"d5dae4c4":16,"28654c76":30,"dcf85091":21,"80a8a56d":18,"36380d96":22,"9f2b16a7":18,"77300e4a":19,"d548635d":17,"5ab7bc35":19,"cb51f134":20,"ce3bf5db":22,"2154b6e8":15,"e5d3655c":25,"37a7d5b0":29,"a81a857c":14,"f8b31ce5":27,"93683c82":20,"b6591e25":22,"7cd0ad7b":21,"261c9911":23,"6e24d88b":16,"a0ce82b4":23,"26ed1a5c":23,"daab45c6":17,"f044c0e1":18,"1c3a30c5":13,"aa00769b":27,"a3d4a0e5":28,"8274885a":21,"fb44fa9c":24,"6be9332a":23,"39bbc4bc":36,"b460f030":24,"3e082b37":20,"c0b7e7d7":25,"35b58ef9":13,"dc583e64":15,"ae8a09c4":18,"04612878":16,"22aeaf03":20,"c7ab83c1":16,"22234d6b":22,"70bc8325":18,"de6213c7":29,"7e991ab9":16,"b947257e":24,"0fc5ac7e":24,"2a06ab95":26,"2cb29e5a":29,"12012fbd":26,"be4f8ba8":18,"15620dca":21,"51f57142":18,"f5596d0f":19,"c3e6ef01":27,"0149e11a":19,"7b6a7048":14,"180377be":14,"d25e0f8d":20,"70594a28":20,"79be29c8":13,"e4c312fe":16,"6ee92259":19,"5eab91a0":20,"e382ec3f":15,"54d7de6b":26,"1c0a9eff":19,"0785820e":17,"d78dd457":16,"abd32136":19,"062179c1":18,"8063df14":25,"d5059415":19,"7218c9f1":20,"fef750ca":25,"9fce073c":26,"dfcc2ad1":19,"05f6ab35":24,"c803b4a3":19,"77bfed7e":27,"2352c8ef":22,"50312237":22,"ef16ca37":20,"d33790a2":23,"06073f13":20,"ea274174":21,"b377a62a":20,"8245f916":22,"6d339d45":26,"47cfba38":16,"540df50f":24,"9f5e6cba":23,"5ac86fb9":23,"2132fe93":27,"3c18f28e":21,"17446892":21,"c6c85783":23,"2b3e4717":19,"a939b50b":20,"5f7d7195":22,"1d790491":23,"f2364460":20,"d957f027":13,"8cf83787":16,"3c782bb3":22,"f044c0e1":19,"26009d3f":20,"3498f223":16,"f76a3e83":22,"34c5c729":19,"c5b35e4d":17,"cb51f134":21,"c382f054":16,"a33fe0dd":29,"1e232870":21,"aab4d996":19,"24ffcbd3":25,"65a00a3c":19,"ca7d47f7":30,"d9d7c4c2":25,"75ffea08":17,"d70ca4f4":27,"54a676d6":14,"59431390":26,"cf50e84e":18,"08a561b7":12,"aa867541":16,"5f96c2bc":12,"5f0c1b9d":28,"fe44fc6f":21,"195eb771":19,"28654c76":31,"aa00769b":28,"b6aaf976":23,"4febf7c5":22,"812b4f15":22,"d1676e89":18,"35b58ef9":14,"f5cd79c1":20,"74e01f6a":20,"014bdff0":15,"99d130c9":27,"a40846b7":25,"42191b64":17,"3e082b37":21,"8e4c33d2":19,"de6213c7":30,"5a07fc2e":22,"eb7b4e29":15,"88b3bc99":20,"d552eb2f":11,"fb7482fe":20,"a6626a13":14,"9c045c61":24,"3454fa2b":22,"140ce69e":25,"4d35385e":13,"a4f1d83b":20,"ca6d2d91":21,"07107f6e":27,"2209903e":24,"bb98a6cf":26,"93e8cee5":26,"1e191c98":17,"f1b493de":22,"6bc5d32a":26,"56d315d8":17,"bfad1727":25,"21ad2f34":17,"c45d554f":21,"37d0cae2":17,"d83870f5":23,"935ec056":16,"e6ec8cbf":23,"93b0a158":21,"6b82b527":17,"6ee92259":20,"619fda68":24,"13b53c7a":18,"9f74b8a4":22,"e57d5cda":33,"a66a2d8a":15,"d2466211":23,"8721056e":16,"91536e85":18,"1bc0591f":18,"9d023afb":27,"629800eb":23,"831c7b85":18,"d5059415":20,"7af262e5":20,"00554ffd":28,"792c9b6a":21,"de11eb19":37,"f9c15fcc":24,"40569362":21,"dfa1a89b":18,"623c6a31":20,"57540cc3":19,"ed4fad08":21,"d6d61bfc":28,"deb31f35":17,"8cddb65e":19,"081460bf":20,"5e09f69e":21,"a47abfbb":19,"9ceb5439":11,"44a4f7cd":17,"a939b50b":21,"2a387957":24,"e15fd611":20,"1b881e6e":25,"93fdbb44":11,"0ac825ed":18,"49bf2e95":17,"dcf85091":22,"06ee61b6":20,"a4296d1e":26,"80a8a56d":19,"b215547b":17,"b3863630":22,"69134f07":19,"e1571af7":22,"e786063b":20,"3fdb08f5":16,"8cf83787":17,"54a676d6":15,"7732eb1e":29,"f277386e":19,"2dd0e808":26,"dc03ebd2":28,"f5829ac0":14,"1438fad7":18,"de36827b":23,"04612878":17,"aa00769b":29,"baebb391":25,"ac62fac2":20,"01cd8099":17,"481754fc":13,"e7773397":19,"f2470875":20,"4febf7c5":23,"39bbc4bc":37,"8dd649a3":16,"eb7b4e29":16,"aec074c4":24,"730338c4":26,"2180f99b":23,"0fc5ac7e":25,"22234d6b":23,"dd7acb96":25,"004f1ef3":26,"5099c6a0":31,"42191b64":18,"28d40296":18,"5f620a1e":21,"c015ec5a":17,"805af3c7":18,"27d8bf51":24,"c2bb8aae":17,"93e8cee5":27,"e62d705f":13,"a0cca8b7":16,"cd3bbe7e":24,"07107f6e":28,"feb67030":17,"6f81493d":25,"8db62558":22,"92136ff5":27,"547903ef":29,"7cd0ad7b":22,"30fdcd3b":22,"313258f2":21,"7896b953":20,"781ace7d":23,"345c9967":21,"61145ec9":30,"ee75b607":20,"e0e48a2d":17,"67d30f2b":25,"a6b5e869":25,"ee21ad02":26,"d39724bc":20,"54d7de6b":27,"6c486702":19,"ac030e74":16,"43d87483":21,"9b546d65":18,"d5059415":21,"0e2b5d2f":25,"e4cfef0a":17,"67f6e4f2":18,"8245f916":23,"d6320619":22,"09560615":17,"51f57142":19,"7d6895f4":20,"f3d68430":24,"7080f122":15,"b9a48a5c":15,"3c18f28e":22,"bfcb912a":25,"b230e8d3":21,"61d4782d":18,"74e3d13e":18,"a47abfbb":20,"5e09f69e":22,"bad1a1cc":15,"77bae750":16,"a9b1bd51":14,"a1921150":24,"6e98dfda":24,"2b3e4717":20,"2e99f8fd":15,"4ba6eb36":19,"5acaa06f":16,"1ff8c2fc":23,"f9c15fcc":25,"d548635d":18,"c5b35e4d":18,"ab7d4c9a":23,"4e3f5178":21,"a4296d1e":27,"79f04300":18,"d141db49":18,"5be594be":17,"a81a857c":15,"d9d7c4c2":26,"c8fcad77":16,"25776fc4":20,"7732eb1e":30,"5f4102da":19,"00a17b46":20,"e5b1abc6":20,"9aa6a054":20,"c6dc900c":18,"056ea7ff":20,"2a76f1dd":20,"74c26380":18,"1d44aff3":21,"dc03ebd2":29,"4bc46d7a":20,"e81834aa":23,"45fb95c1":16,"11888cfa":20,"a4dafea5":15,"4945c851":31,"32c9fc47":18,"2c24d929":25,"a636f4c9":25,"59c1e594":27,"ac62fac2":21,"dfc89705":21,"39a2fcce":24,"2180f99b":24,"50c3164b":18,"2a06ab95":27,"284544ba":22,"a6626a13":15,"2c01e624":20,"de6213c7":31,"263762cb":19,"c6e3d352":19,"eda6a690":20,"a5aee5de":25,"83086d4c":21,"42191b64":19,"27f52ed3":27,"971675c5":19,"c95719e5":17,"92f800f5":17,"0f029727":21,"ded7da5a":21,"cc11fef9":16,"53747a91":27,"c455f40e":17,"4279e829":26,"3007f31f":13,"751acea8":20,"059d6c19":29,"8ea21393":21,"a68a93b2":17,"7bebff03":15,"3ef7432b":23,"4360a1a3":20,"dbd2f139":23,"52eca0dc":23,"a5676c24":19,"cf1b8c47":21,"d815c5b4":27,"5eab91a0":21,"7f6d1d0e":19,"6ee92259":21,"fea793f5":25,"124fbe96":19,"2882a956":17,"78b97937":18,"7fb4c521":19,"733c86f8":19,"0bfabf48":27,"8063df14":26,"d7cb9bcf":15,"a8c93bed":18,"abd32136":20,"7d6895f4":21,"e9adbe58":15,"7080f122":16,"15620dca":22,"bc021def":25,"623c6a31":21,"558d5ce7":23,"47cfba38":17,"dc473de1":19,"6867261a":21,"181c3dd5":22,"2ab62345":20,"12534561":11,"c852d240":22,"9ceb5439":12,"b377a62a":21,"b4fdf90e":24,"3652bd66":20,"358e45b1":29,"4ea4a2a1":25,"8493f3b2":23,"d102b0c6":18,"e7abc88d":13,"1a2c020b":24,"a836aa93":15,"80a8a56d":20,"f33c0140":21,"ebdbf580":21,"caddd0a7":21,"1e232870":22,"fce3c5c6":23,"a81a857c":16,"11b2c8d9":14,"0d28db94":19,"629800eb":24,"afe8e06a":16,"53b4e647":26,"33d6bb6a":26,"2cce4fb2":24,"e8f173b5":15,"3c782bb3":23,"f044c0e1":20,"f5829ac0":15,"59431390":27,"0b5a0408":23,"aa00769b":30,"77bae750":17,"aff8e442":23,"36684155":24,"815e4582":23,"b88033fd":22,"39a2fcce":25,"de6213c7":32,"9fa62fee":21,"508aac3d":20,"af0b61ab":20,"8cd78f77":28,"f069bb07":27,"b5763ff6":18,"8eb64769":20,"4febf7c5":24,"48655f09":26,"59c1e594":28,"03dcfa3d":21,"12a2cd4b":21,"d599b566":25,"5b60dd1d":21,"27f52ed3":28,"6085137f":11,"6d61bf13":15,"22aeaf03":21,"c7ab83c1":17,"d9d7c4c2":27,"868cda42":13,"0f029727":22,"ffc86f94":19,"c650b434":26,"4360a1a3":21,"5fa12feb":25,"1f11812e":16,"5c82d1ce":18,"30dbfc69":20,"18d20aa1":20,"0c0e98ea":13,"4eed1bea":23,"ddec9e54":16,"7bebff03":16,"c45d554f":22,"026766f3":14,"a4f1d83b":21,"8db5a165":13,"71e53c93":22,"fd482491":20,"810aa5e9":16,"3101354b":12,"f3a0c2ee":15,"1d44aff3":22,"54d7de6b":28,"6775d5cd":15,"4b125e7b":21,"ad2d7bed":21,"5b5fc566":25,"37d0cae2":18,"4652b09a":18,"15620dca":23,"558d5ce7":24,"6cba74ce":21,"ec2cb1af":20,"8cc4a982":21,"eafbf9fb":24,"88432019":21,"227006e4":20,"76f3a3be":14,"c4bff41f":17,"51f80f4c":25,"5ac86fb9":24,"af034fee":17,"c852d240":23,"b35e9e1a":27,"288afc30":19,"8245f916":24,"7f86be64":25,"69134f07":20,"9267f0ef":28,"5f8517b7":30,"8323d333":22,"d0c0fc08":22,"a533489b":26,"ef14000f":23,"30c184b8":18,"478d2d4f":26,"76f94eda":17,"dd3913d2":16,"9496f56f":22,"c38c2b52":22,"e5b1abc6":21,"55928ef1":23,"2ce1af05":14,"eebc8d43":14,"77bfed7e":28,"0e2b5d2f":26,"0785820e":18,"a24e6670":26,"cf50e84e":19,"69f3bfcc":23,"4ff2225d":17,"6a60348e":26,"8d753bb6":18,"84369269":15,"77bae750":18,"ccf8b803":19,"4ed01268":23,"b88033fd":23,"088feee2":24,"9d9dd9e5":20,"fd369c21":28,"730338c4":27,"7028b044":16,"4bcd4a30":33,"9ab755d3":22,"a625328f":21,"b7832271":17,"2d1e1e9d":20,"2198ba8e":15,"b6aaf976":24,"b7df1559":26,"b2bd8fd3":16,"cbad3b92":29,"0eaf08da":23,"a43061ee":19,"263762cb":20,"014bdff0":16,"3e082b37":22,"016953e4":22,"3f2522c2":21,"b1f58563":20,"acac14fb":17,"cb51f134":22,"be2955bb":20,"c0b0f492":25,"6b78ad7f":26,"44c77422":20,"caddd0a7":22,"2154b6e8":16,"e3547548":15,"014460b9":21,"4def63ee":15,"72b84094":24,"6f81493d":26,"ab7467de":26,"1e191c98":18,"180377be":15,"3007f31f":14,"3b690f68":22,"a851554d":24,"20777945":19,"31408822":19,"7bebff03":17,"7a9344a4":12,"6bc5d32a":27,"f883d582":21,"fe1d4419":28,"d9a64845":17,"5f96c2bc":13,"71ba7561":14,"fd482491":21,"00a481e3":25,"7c0a2db6":23,"d5dae4c4":17,"ee75b607":21,"6841f77e":24,"124fbe96":20,"8bc04eb5":14,"bd2705b0":24,"e6ec8cbf":24,"20811ddf":22,"b9a48a5c":16,"172217e5":17,"d6320619":23,"6de0aaac":17,"08c6b5d2":21,"ef8321d8":19,"6d339d45":27,"61d4782d":19,"0681c48e":24,"a47abfbb":21,"40860a4b":15,"bb8a6337":15,"3a1b9af5":14,"1bd5b20b":19,"fa55f27a":27,"7a2f3f06":18,"332820ce":15,"0ac825ed":19,"d33790a2":24,"c1bb74f2":23,"ef14000f":24,"19551bad":19,"10ec5a0b":15,"c510bfd3":25,"c803b4a3":20,"869cbaa0":25,"13b53c7a":19,"056ea7ff":21,"7af262e5":21,"c6dc900c":19,"ae95f2ba":25,"7218c9f1":21,"50b558a7":19,"6291e9e9":18,"68562193":15,"60d6cee2":20,"8ec3834d":14,"37fbb107":22,"48efc739":27,"bf822e33":19,"449d8475":23,"b8ab8e6e":24,"5957df9e":19,"7028b044":17,"70bc8325":19,"3062379b":15,"ef1c2dcb":22,"aa5dfdf5":21
1604737439478,"c91966ce":15,"65e4235b":26,"e865e4dd":21,"83b2f9c5":20,"7896b953":21,"52eca0dc":24,"d5dae4c4":18,"730a4938":28,"51a3e9c2":21,"677c6a09":33,"d39724bc":21,"6fb4cdda":20,"d548635d":19,"9b172ca8":19,"69134f07":21,"9267f0ef":29,"e1571af7":23,"f33c0140":22,"44c77422":21,"972f4174":24,"5f620a1e":22,"5ab7bc35":20,"04ea5673":24,"65a00a3c":20,"3bad3c95":8,"44ff8baa":20,"fb8bfb36":23,"142d6987":21,"c650b434":27,"66b7b5b4":20,"2209903e":25,"e21c6207":15,"4ee62a26":16,"0841052c":21,"53747a91":28,"b6ee137a":21,"ddec9e54":17,"c3e6ef01":28,"f883d582":22,"ba586505":27,"6b82b527":18,"e356abf1":22,"dfcc2ad1":20,"87083264":26,"ad303bda":26,"8b5a8e9f":30,"13b53c7a":20,"30b6808c":22,"a66a2d8a":16,"d2466211":24,"10ec5a0b":16,"9a07d89b":20,"dd3913d2":17,"4930f321":16,"a0685bf3":23,"faf4f98b":17,"d1ca5d6b":25,"9147702f":20,"906fdec3":20,"42cd2360":23,"4bc46d7a":21,"6023df54":17,"fd482491":22,"7c0a2db6":24,"dd035d2a":16,"6d5fcd4c":17,"6143f39d":17,"af157d29":22,"ec2cb1af":21,"8dd2684c":22,"21ee2afe":21,"bc021def":26,"68562193":16,"227006e4":21,"deb31f35":18,"685207b3":22,"5e193fc8":22,"a3253019":29,"b2c25d1c":26,"bd984a8e":19,"fce3c5c6":24,"696fdac5":20,"719c8869":23,"288d171f":19,"e32524d6":22,"a577db1c":22,"f8b31ce5":28,"fbdffc95":19,"0a2f71bc":14,"261c9911":24,"70594a28":21,"1f11812e":17,"bb98a6cf":27,"ecfa8249":19,"7e8e1c3d":21,"d634aa28":24,"94a2fe10":28,"a0cca8b7":17,"a0ce82b4":24,"0c043224":24,"6490bac6":23,"0c0e98ea":14,"1a2ec5d7":29,"d39724bc":22,"e0e48a2d":18,"935ec056":17,"bd2705b0":25,"7f6d1d0e":20,"d83870f5":24,"b0869206":22,"0d2c95fe":20,"3c782bb3":24,"cf50e84e":20,"e0f7679f":22,"013ee301":21,"1438fad7":19,"26c6fa34":22,"b6aaf976":25,"dd1fcb17":19,"9c58dd76":24,"27c8e038":17,"cf52025e":14,"01cd8099":18,"9a3cc55d":19,"fb7b7b3c":29,"c564e316":23,"2203f259":25,"26f99a1e":24,"19f9ca86":28,"c7ab83c1":18,"afe8e06a":17,"6f39f4d9":25,"87083264":27,"2a76f1dd":21,"621d6b18":19,"eebc8d43":15,"be3a10f8":20,"a06a6430":21,"f5e8dfee":23,"8ac72326":20,"51f80f4c":26,"b35bb8a1":15,"b230e8d3":22,"74e3d13e":19,"e15fd611":21,"e99318a3":21,"84369269":16,"a983a6dc":22,"36684155":25,"44a4f7cd":18,"ccf8b803":20,"2180f99b":25,"7a4c064c":26,"1105f790":26,"9b546d65":19,"9fce073c":27,"4ea4a2a1":26,"1ff8c2fc":24,"7a6aa4b6":21,"5f8517b7":31,"0cb80f4a":21,"0ac825ed":20,"95904ac4":25,"7896b953":22,"fd07e0ed":17,"6a3eaf43":15,"2c01e624":21,"a625328f":22,"fb7482fe":21,"2d54e0a8":19,"0277d748":27,"ef8321d8":20,"865d9857":19,"ccdd1ce6":13,"6d5fcd4c":18,"623c6a31":22,"be4f8ba8":19,"69eeae0d":21,"6023df54":18,"fd482491":23,"aa867541":17,"012de09c":17,"685207b3":23,"972f4174":25,"c0fea118":18,"90a06ee9":24,"0da28f5b":19,"88fa53d6":20,"d34a29b9":26,"04ea5673":25,"1623fc9f":15,"f76a3e83":23,"44c77422":22,"c7636527":20,"c8fcad77":17,"4c39240e":20,"f9f2c53f":16,"ecfa8249":20,"cc11fef9":17,"0c043224":25,"4eed1bea":24,"3b690f68":23,"f734c84c":19,"3b2dee89":25,"b3f19a69":25,"1a442bc7":21,"d815c5b4":28,"d4d5f466":21,"0d770b97":28,"bec9d329":26,"4f59a322":18,"19551bad":20,"478d2d4f":27,"7fb4c521":20,"629800eb":25,"288a2c43":22,"9b3f8714":18,"4125085e":19,"12534561":12,"03b4ab60":23,"72805bf5":21,"8d04852b":24,"5957df9e":20,"5d087c79":22,"d957f027":14,"b88033fd":24,"93fdbb44":12,"e15fd611":22,"9d9dd9e5":21,"8f10fa42":25,"ec11fe5f":24,"ac030e74":17,"6a7392d5":21,"6034b6d0":25,"e28c2efc":20,"0042f6eb":27,"53b4e647":27,"30c184b8":19,"6490bac6":24,"f883d582":23,"9a80f004":24,"ca6d2d91":22,"f1b493de":23,"fb8bfb36":24,"c2bb8aae":18,"7028b044":18,"911e770b":16,"5747db6e":25,"8657c79d":28,"de6213c7":33,"1f342a00":23,"af0b61ab":21,"88432019":22,"bb99c79c":26,"f87c5031":22,"9e206c95":25,"ec2cb1af":22,"6e44927f":16,"ae016053":23,"08a561b7":13,"d5dae4c4":19,"45b5746e":19,"56473430":18,"7896b953":23,"36380d96":23,"4c4aa2e2":20,"fe578280":20,"d548635d":20,"c4feee5b":22,"80a8a56d":21,"868cda42":14,"3bad3c95":9,"c382f054":17,"2045d7d6":24,"08a06557":28,"0b959527":15,"2154b6e8":17,"859545e6":21,"d0e9a58e":17,"608bc832":13,"49bf2e95":18,"b36a0d66":10,"7732eb1e":31,"0be540c5":19,"a24e6670":27,"6a60348e":27,"2cce4fb2":25,"fb44fa9c":25,"742f1425":22,"be1746a0":9,"73b15e04":23,"1c3a30c5":14,"cbad3b92":30,"9c58dd76":25,"6ebe2354":11,"f1dffa24":16,"f5cd79c1":21,"27f52ed3":29,"e7773397":20,"fe1d4419":29,"e238f09b":19,"d1676e89":19,"2e99f8fd":16,"50312237":23,"554ebb83":22,"f9c15fcc":26,"288afc30":20,"0d2c95fe":21,"b84a06eb":26,"868edcc0":28,"3c782bb3":25,"b2703001":16,"3310a049":23,"f044c0e1":21,"ae8a09c4":19,"ac62fac2":22,"3e602573":17,"0eaf08da":24,"17807120":16,"c609739e":24,"aefe13f5":31,"60e855ee":23,"0b3283c9":19,"6085137f":12,"2c5c1dc0":18,"6b79fec2":17,"cb4f262b":25,"00cf385d":28,"d1d40c9c":23,"04bef50c":11,"7fef9973":26,"b3f19a69":26,"ea4d3f3e":23,"3454fa2b":23,"8cc4a982":22,"57d5dee8":23,"aec4e1bf":23,"5ac86fb9":25,"b7cc7909":22,"c93c3508":10,"e9a8cf11":19,"6df0b2e8":34,"e99318a3":22,"48efc739":28,"6e98dfda":25,"84369269":17,"90d52475":19,"650bb0e0":24,"8ec3834d":15,"7218c9f1":22,"ba5c52af":16,"f2e3c0e3":17,"e28c2efc":21,"0042f6eb":28,"f7231212":22,"6a5b71b4":28,"831c7b85":19,"a66a2d8a":17,"0d7d88f1":19,"1745a0f4":19,"d4ee22a4":25,"72b84094":25,"da3437cd":18,"a4f1d83b":22,"b6ee137a":22,"a8726d50":26,"8db62558":23,"c8dc010f":20,"d25e0f8d":21,"1e191c98":19,"66497c7e":15,"4dac6b20":22,"cf1124db":14,"261c9911":25,"5ccf94d6":24,"cb142908":22,"1bc0591f":19,"f6fe095d":29,"c0b7e7d7":26,"2a06ab95":28,"ea822700":21,"72d7b461":20,"383e232d":19,"e58b26f6":18,"7db3edda":27,"2d13e69b":23,"57540cc3":20,"d9d0c567":19,"3f75d3bc":25,"71ba7561":15,"dc03ebd2":30,"195eb771":20,"470d50c2":20,"36380d96":24,"6fb4cdda":21,"acac14fb":18,"f598a332":28,"c382f054":18,"719c8869":24,"aab4d996":20,"a836aa93":16,"75ffea08":18,"cc6bbe45":19,"2154b6e8":18,"92f800f5":18,"a577db1c":23,"da04caac":19,"fafb4cc2":27,"5f8517b7":32,"6585adbe":11,"554ebb83":23,"36fb15d2":17,"5ee911b5":22,"0cb80f4a":22,"49bf2e95":19,"e8f173b5":16,"e0f7679f":23,"e81834aa":24,"4b3e3b1c":22,"a8871ddf":26,"de36827b":24,"06ddafc7":17,"aa00769b":31,"bc392d1c":19,"458dcc3d":20,"946df4fd":22,"35b58ef9":15,"9fc713b0":25,"d815c5b4":29,"0d770b97":29,"87c462ee":21,"11b74e63":17,"09560615":18,"af157d29":23,"d2a841c9":18,"ac38a6a5":16,"623c6a31":23,"945b63f0":31,"7af9d3b1":14,"d6d61bfc":29,"af034fee":18,"8cddb65e":20,"031e488e":28,"540df50f":25,"2132fe93":28,"842c8340":17,"77f31bab":30,"c67979e6":28,"aff8e442":24,"0f1ac912":12,"cf775f58":22,"794f652b":17,"cb4f262b":26,"7fef9973":27,"d83870f5":25,"a66a2d8a":18,"91536e85":19,"8ac72326":21,"fead11cf":24,"8b5a8e9f":31,"4f59a322":19,"0c0e98ea":15,"ab7467de":27,"25e0dd3d":21,"6f81493d":27,"9d4da635":18,"7d112f4d":20,"53747a91":29,"31408822":20,"56d315d8":18,"c45d554f":23,"77898c22":19,"dae0f922":27,"8db62558":24,"2209903e":26,"7566fdd6":23,"b87158fb":22,"d5059415":22,"0042f6eb":29,"9c29f0ed":28,"f2e3c0e3":18,"2bcca6a7":28,"faf4f98b":18,"03c398d2":21,"8e4c33d2":20,"8dc9b4db":19,"9a3cc55d":20,"1951480c":25,"5270f158":24,"dc583e64":16,"836701f6":21,"d1ca5d6b":26,"fd369c21":29,"f069bb07":28,"84b767be":25,"0fc5ac7e":26,"de6213c7":34,"b5763ff6":19,"685207b3":24,"e0154608":12,"f33c0140":23,"0b959527":16,"c85a0d80":18,"c4feee5b":23,"62d1d346":21,"79f04300":19,"638cb163":35,"f76a3e83":24,"7e76c93c":20,"a851891c":20,"aa867541":18,"71ba7561":16,"345c9967":22,"d9a64845":18,"56473430":19,"7896b953":24,"34658473":18,"06073f13":21,"67f6e4f2":19,"00554ffd":29,"0cb80f4a":23,"b2a8761b":21,"554ebb83":24,"90731976":19,"8aa78e2f":20,"1be05c14":17,"8298e976":27,"b552beb3":16,"2d1e1e9d":21,"3c782bb3":26,"2c24d929":26,"99d130c9":28,"4652b09a":19,"6143f39d":18,"15620dca":24,"9e206c95":26,"dfa1a89b":19,"25a7a0a3":23,"623c6a31":24,"9b3f8714":19,"8547fbc2":23,"d6d61bfc":30,"17446892":22,"7af9d3b1":15,"f94bf9ea":11,"76f3a3be":15,"64db4feb":20,"5d087c79":23,"abad2347":22,"7f6d1d0e":21,"54d7de6b":29,"6775d5cd":16,"4258c176":22,"730a4938":29,"4fd645f1":17,"4def63ee":16,"fce3c5c6":25,"026766f3":15,"d25e0f8d":22,"7e8e1c3d":22,"19e9776f":24,"201cafad":15,"3b690f68":24,"40a745c0":24,"27d8bf51":25,"cf1124db":15,"40e79dd3":22,"3b7763b1":17,"56d315d8":19,"debe1f65":25,"31408822":21,"9a07d89b":21,"8b5a8e9f":32,"1dad0f99":19,"c510bfd3":26,"a567ace4":19,"cc5a1d47":18,"ba938220":17,"6f39f4d9":26,"7bda83dd":23,"13f0e139":23,"cf52025e":15,"59c1e594":29,"48655f09":27,"4b4ef7fa":26,"eda6a690":21,"93ac9ca3":16,"d599b566":26,"3f2522c2":22,"a40846b7":26,"42191b64":20,"b769bdfb":21,"05f6ab35":25,"b73e789c":20,"dfcc2ad1":21,"2b698053":12,"95539a58":11,"a983a6dc":23,"d957f027":15,"cb6c9e42":31,"04643409":17,"254cc28c":24,"1634789b":25,"26c390d6":19,"d1ca5d6b":27,"b5763ff6":20,"aaa274a5":24,"bca2d7cd":16,"fd07e0ed":18,"39ba00f0":18,"f3992a31":17,"61145ec9":31,"781ace7d":24,"7896b953":25,"313258f2":22,"fafb4cc2":28,"e865e4dd":22,"5ef93e5d":16,"92d38723":23,"b35e9e1a":28,"4ba6eb36":20,"cfe72ead":17,"8493f3b2":24,"4f5e3e7d":14,"fe0df575":18,"e81834aa":25,"172217e5":18,"21ee2afe":22,"12012fbd":27,"eeaa2d46":19,"f3d68430":25,"6d5fcd4c":19,"6cba74ce":22,"35aa7fd0":22,"7fef9973":28,"e4117b3b":16,"6ee92259":22,"730a4938":30,"7735c3c2":17,"6b82b527":19,"cb4f262b":27,"7fdc2007":18,"e1571af7":24,"a4296d1e":28,"fe578280":21,"d9d7c4c2":28,"ca7d47f7":31,"5e193fc8":23,"ab7d4c9a":24,"4777334c":20,"c1bdfd41":13,"754f98c9":18,"145c7559":23,"65a00a3c":21,"30c5d755":29,"6b9eff39":17,"c45d554f":24,"27d8bf51":26,"902f49f5":18,"655941a0":27,"a0cca8b7":18,"26dd2000":21,"5ccf94d6":25,"21ad2f34":18,"0841052c":22,"f4343817":18,"8942c35b":19,"8db62558":25,"b7434f57":18,"50c468ba":16,"0f89862c":21,"6c486702":20,"6f39f4d9":27,"92ca52b7":25,"c803b4a3":21,"78b97937":19,"7218c9f1":23,"2a76f1dd":22,"f1df62b4":24,"ad303bda":27,"78467b8a":26,"faf4f98b":19,"de36827b":25,"eed20185":22,"0be540c5":20,"0d2c95fe":22,"baebb391":26,"1c3a30c5":15,"06ddafc7":18,"c609739e":25,"b36a0d66":11,"87922532":23,"bab97de3":28,"03c398d2":22,"a636f4c9":26,"263762cb":21,"578f6e9e":22,"971675c5":20,"d599b566":27,"5781776a":22,"016953e4":23,"b1f58563":21,"47cfba38":18,"77f31bab":31,"2ab62345":21,"1b881e6e":26,"181c3dd5":23,"a939b50b":22,"dcfaba4c":18,"1634789b":26,"68562193":17,"74e3d13e":20,"794f652b":18,"394dc144":28,"c98d5272":24,"3062379b":16,"70bc8325":20,"2180f99b":26,"fd07e0ed":19,"d552eb2f":12,"b5763ff6":21,"b7832271":18,"74c26380":19,"08a561b7":14,"7c0a2db6":25,"69eeae0d":22,"a0cf08b3":20,"2dd0e808":27,"a533489b":27,"3a1b9af5":15,"ea274174":22,"4ac6bd4e":20,"40569362":22,"82b81567":19,"0cb80f4a":24,"5f96c2bc":14,"9a467a82":25,"140ce69e":26,"b946e146":24,"0e036ae9":21,"51f57142":20,"6cba74ce":23,"af157d29":24,"deb31f35":19,"71279c46":18,"3a1d1632":15,"40860a4b":16,"af034fee":19,"a1370ab0":23,"1ed46298":30,"730a4938":31,"bec9d329":27,"95d331b1":11,"54d7de6b":30,"ea4d3f3e":24,"dbc9df44":18,"c4feee5b":24,"5f620a1e":23,"37a7d5b0":30,"e9679ede":17,"6b78ad7f":27,"8f13c203":13,"24ffcbd3":26,"dcf85091":23,"0da28f5b":20,"3bad3c95":10,"f598a332":29,"df2b4d87":26,"57167c74":24,"8ea21393":22,"4e5aaaec":14,"e1f0dbfd":20,"1e7753d9":25,"3007f31f":15,"1a2ec5d7":30,"20777945":20,"0c0e98ea":16,"751acea8":21,"debe1f65":26,"4eed1bea":25,"0af920d8":16,"1f11812e":18,"d634aa28":25,"7fef9973":29,"11b74e63":18,"9d023afb":28,"ba5c52af":17,"7fb4c521":21,"a567ace4":20,"6034b6d0":26,"cd522166":32,"4d9b0b10":18,"7bda83dd":24,"2bcca6a7":29,"7566fdd6":24,"9f74b8a4":23,"dc0c8b09":28,"28d41578":16,"54a676d6":16,"ac62fac2":23,"69f3bfcc":24,"b460f030":25,"87ce8d1d":18,"66554572":18,"9fc713b0":26,"11888cfa":21,"6ebe2354":12,"1138796e":24,"06ddafc7":19,"a543ec74":24,"be1746a0":10,"fb7b7b3c":30,"3712c4bd":22,"ea9bba6b":20,"971675c5":21,"d1676e89":20,"004f1ef3":27,"c7ab83c1":19,"d83294cd":23,"0d28db94":20,"39a2fcce":26,"77bae750":19,"ce3407dd":18,"1a0189c4":17,"37fbb107":23,"7e15f8e8":28,"a9b1bd51":15,"2d54e0a8":20,"2c01e624":22,"70c1e715":21,"0fc5ac7e":27,"d1ca5d6b":28,"39ba00f0":19,"a625328f":23,"8f2a7d69":19,"9260d96b":25,"02d4753e":26,"1ff8c2fc":25,"4ea4a2a1":27,"332820ce":16,"45b038bb":25,"f789f6d8":22,"a15713c6":32,"7ae34c64":20,"012de09c":18,"ec110282":21,"f905a555":22,"74c26380":20,"217c0327":19,"51f57142":21,"e9adbe58":16,"22176537":17,"dfa1a89b":20,"18815a1b":18,"fd6dcb20":15,"3c18f28e":23,"aec4e1bf":24,"4911acad":17,"74e3d13e":21,"4125085e":20,"725dce8b":23,"87c462ee":22,"8bc04eb5":15,"f76a3e83":25,"1a2c020b":25,"e1571af7":25,"c7313e0a":15,"0a92153e":23,"30c5d755":30,"014460b9":22,"f2086446":20,"ca7d47f7":32,"168e75d9":19,"ab7d4c9a":25,"8f13c203":14,"638cb163":36,"fbdffc95":20,"7b6a7048":15,"8ea21393":23,"c2bb8aae":19,"1a2ec5d7":31,"40e79dd3":23,"261c9911":26,"30dbfc69":21,"5272520d":23,"ccb5ea3e":13,"8942c35b":20,"27d8bf51":27,"655941a0":28,"25e0dd3d":22,"0841052c":23,"0d770b97":30,"bb00e71c":16,"1a442bc7":22,"95d331b1":12,"e356abf1":23,"2352c8ef":23,"1745a0f4":20,"9496f56f":23,"afe8e06a":18,"053f3451":19,"dc0c8b09":29,"a8871ddf":27,"4b4ef7fa":27,"4945c851":32,"17807120":17,"69f3bfcc":25,"59c1e594":30,"b2703001":17,"cac4449a":20,"159ffd0b":5,"74e01f6a":21,"820225e4":12,"ad8f85d6":21,"95f6db13":16,"468fc85c":24,"f2470875":21,"f5cd79c1":22,"317c1591":14,"0b3283c9":20,"26f99a1e":25,"93ac9ca3":17,"8dc9b4db":20,"05f6ab35":26,"869cbaa0":26,"8fb236a9":22,"11b2c8d9":15,"1bc0591f":20,"ad303bda":28,"4930f321":17,"b9be31d6":18,"6632fed0":29,"1d790491":24,"6e98dfda":26,"a939b50b":23,"f4b2f575":17,"8a52882e":23,"97e75c19":25,"f2364460":21,"c0e2624b":23,"d0d6acb1":15,"50c3164b":19,"88b3bc99":21,"332820ce":17,"5ee911b5":23,"08a4c3f8":27,"c7c4ec5c":22,"d0e9a58e":18,"d33790a2":25,"b8397293":15,"a0cf08b3":21,"3c0df8b4":23,"345c9967":23,"91f7ef72":19,"a5fd8ffd":29,"6e851762":24,"f271ed5d":16,"3c6692a3":24,"af157d29":25,"3454fa2b":24,"172217e5":19,"15620dca":25,"6de0aaac":18,"b9a48a5c":17,"36d340f2":25,"227006e4":22,"fafb4cc2":29,"d5dae4c4":20,"f76a3e83":26,"30c5d755":31,"0da28f5b":21,"c0b0f492":26,"655954ba":16,"0dad37d5":17,"e5d3655c":26,"34c5c729":20,"25776fc4":21,"9bdf362a":17,"9267f0ef":30,"754f98c9":19,"638cb163":37,"44c77422":23,"2209903e":27,"7e8e1c3d":23,"9316e7e8":9,"1e7753d9":26,"e2cbe594":19,"9d0546ac":18,"30dbfc69":22,"0c0e98ea":17,"25e0dd3d":23,"3ef7432b":24,"cf1124db":16,"f4343817":19,"db703021":21,"d4d5f466":22,"88ce179e":25,"cb4f262b":28,"ee21ad02":27,"935ec056":18
1604737440408,"4911acad":18,"17446892":23,"51f80f4c":27,"031e488e":29,"64db4feb":21,"7af9d3b1":16,"cf775f58":23,"77bae750":20,"47d27624":20,"ce3407dd":19,"2a387957":25,"d5557fb4":27,"90d52475":20,"284544ba":23,"6e851762":25,"ea822700":22,"f271ed5d":17,"0d2a1c58":13,"b947257e":25,"2f455cce":14,"d1715f3b":20,"8cc4a982":23,"53a8613c":27,"7080f122":17,"3f65f121":24,"6d339d45":28,"09560615":19,"bc3dc66a":18,"8d753bb6":19,"23080895":20,"64a7f79f":15,"45fb95c1":17,"56752a4a":22,"1f88a4b7":24,"0eaf08da":25,"f277386e":20,"1db42092":24,"a543ec74":25,"9fc713b0":27,"8298e976":28,"13f0e139":24,"1438fad7":20,"f2470875":22,"f5cd79c1":23,"c0b7e7d7":27,"016953e4":24,"ea9bba6b":21,"7ee148e9":22,"f6fe095d":30,"227006e4":23,"c4bff41f":18,"aa9ea5e8":20,"a2c334e7":30,"540df50f":26,"8cddb65e":21,"6adce358":23,"97e75c19":26,"815e4582":24,"b8ab8e6e":25,"8a52882e":24,"b88033fd":25,"c6c85783":24,"1b153aef":16,"d0c0fc08":23,"761cf820":17,"6585adbe":12,"b7407bd3":29,"c4aa1e38":20,"358e45b1":30,"8cd78f77":29,"5eab91a0":22,"5a07fc2e":23,"39ba00f0":20,"70c1e715":22,"d1ca5d6b":29,"50c3164b":20,"8657c79d":29,"be40590d":17,"f2f58418":18,"bc021def":27,"0e036ae9":22,"868edcc0":29,"12a2cd4b":22,"8aa78e2f":21,"bc392d1c":20,"bab97de3":29,"e36dfd6f":18,"26c6fa34":23,"946df4fd":23,"1be05c14":18,"3310a049":24,"742f1425":23,"66554572":19,"a636f4c9":27,"64a7f79f":16,"6b79fec2":18,"317c1591":15,"83086d4c":22,"8e4c33d2":21,"a77e8461":15,"6d339d45":29,"7d6895f4":22,"c0b23081":20,"8b5a8e9f":33,"f67de058":20,"c38c2b52":23,"fe8f3d36":16,"a66a2d8a":19,"0bfabf48":28,"ef91eaae":18,"20958d58":16,"6034b6d0":27,"c6dc900c":20,"9c29f0ed":29,"50b558a7":20,"7e95c5a0":21,"0d7d88f1":20,"558d5ce7":25,"c64de0c0":18,"42c80e69":18,"68562193":18,"8cddb65e":22,"5f6613c8":22,"24a9fb86":26,"6632fed0":30,"0670c466":20,"1b881e6e":27,"cb51f134":23,"efe84c27":19,"4777334c":21,"972f4174":26,"c8fcad77":18,"c7636527":21,"0dad37d5":18,"7e76c93c":21,"696fdac5":21,"a4296d1e":29,"cc6bbe45":20,"f2086446":21,"c1bdfd41":14,"ea6de194":12,"5a622a23":23,"0a96f57a":26,"f2364460":22,"ccf8b803":21,"254cc28c":25,"4ed01268":24,"66d94227":12,"71ff66e8":14,"014bdff0":17,"f6fe095d":31,"1b153aef":17,"9260d96b":26,"b8397293":16,"7ae3fc50":20,"db0a661e":20,"f905a555":23,"d5dae4c4":21,"28654c76":32,"83b2f9c5":21,"2dd0e808":28,"3101354b":13,"95904ac4":26,"aa187e3b":17,"26c390d6":20,"0bd93cfd":16,"ef1c2dcb":23,"cbb54a0a":19,"7db3edda":28,"b5763ff6":22,"d3a669ac":26,"bb98a6cf":28,"5fa12feb":26,"efd23af5":21,"180377be":16,"db703021":22,"3b7763b1":18,"c650b434":28,"40a745c0":25,"142d6987":22,"6490bac6":25,"4ee62a26":17,"0c0e98ea":18,"0ac825ed":21,"0cb80f4a":25,"ce4da56f":16,"1db42092":25,"f5829ac0":16,"24d24fa3":16,"88a30343":23,"013ee301":22,"b6aaf976":26,"4ff2225d":18,"d9dcdc4b":27,"1c3a30c5":16,"9c045c61":25,"3454fa2b":25,"546f6845":23,"20811ddf":23,"c0b23081":21,"730a4938":32,"1bb4ccc0":14,"4b125e7b":22,"cb4f262b":29,"19551bad":21,"7a840529":14,"e35a63cd":22,"8f10fa42":26,"76f94eda":18,"dc0c8b09":30,"e4cfef0a":18,"0d7d88f1":21,"c510bfd3":27,"0e2b5d2f":27,"d4ee22a4":26,"5f4102da":20,"cf9f4757":17,"7e95c5a0":22,"9de29816":20,"1d153b20":20,"623c6a31":25,"bc021def":28,"be149c6f":23,"d6d61bfc":31,"71279c46":19,"42c80e69":19,"2ab62345":22,"5774ac0d":22,"e4714415":24,"288d171f":20,"53431634":30,"4fd645f1":18,"69d4b754":22,"c382f054":19,"4c39240e":21,"25776fc4":22,"501db4de":23,"4def63ee":17,"5be594be":18,"e3547548":16,"e0154608":13,"14c682eb":19,"c015ec5a":18,"31d74eee":18,"2a387957":26,"a939b50b":24,"a1921150":25,"9d63c4dd":23,"93fdbb44":13,"e15fd611":23,"99d130c9":29,"35b58ef9":16,"95d3d348":22,"e7773397":21,"a43061ee":20,"e8d74304":23,"5623817d":23,"ea9bba6b":22,"f6fe095d":32,"d599b566":28,"0b3283c9":21,"3a291497":19,"f789f6d8":23,"71e53c93":23,"537634c9":16,"83b2f9c5":22,"8db5a165":14,"dd035d2a":17,"d744bee2":24,"84b767be":26,"dd7acb96":26,"0fc5ac7e":28,"f4726450":19,"778c95e9":21,"7db3edda":29,"c8dc010f":21,"913a6226":20,"85de05f2":20,"cf1124db":17,"7b6a7048":16,"6e24d88b":17,"30dbfc69":23,"21e10a2b":22,"467773ac":20,"51c57542":17,"a851554d":25,"61f25dd4":26,"19e9776f":25,"0d5ee801":18,"6f0fcb9d":28,"c4aa1e38":21,"b8397293":17,"7ae3fc50":21,"f1862e79":17,"34658473":19,"45b038bb":26,"b552beb3":17,"812b4f15":23,"820225e4":13,"804d4dfa":17,"6291e9e9":19,"2cce4fb2":26,"cbad3b92":31,"03c398d2":23,"a8871ddf":28,"6841f77e":25,"bec9d329":28,"e6ec8cbf":25,"1757a30e":17,"ea4d3f3e":25,"5acce642":22,"b0869206":23,"c1bb74f2":24,"8063df14":27,"55928ef1":24,"9c29f0ed":30,"ec11fe5f":25,"1dad0f99":20,"11b2c8d9":16,"d7cb9bcf":16,"c6dc900c":21,"ffa08d82":15,"0e2b5d2f":28,"b73e789c":21,"a85d89cc":28,"7fb4c521":22,"546f6845":24,"6d5fcd4c":20,"49902219":28,"217c0327":20,"22ecaed0":19,"15620dca":26,"e9adbe58":17,"a2c334e7":31,"227006e4":24,"c4bff41f":19,"2e3503e4":24,"704bce0d":25,"5ab7bc35":21,"f3992a31":18,"b7505747":24,"655954ba":17,"719c8869":25,"c9efc8f6":24,"e4714415":25,"181c3dd5":24,"51f80f4c":28,"9d63c4dd":24,"cb6c9e42":32,"a983a6dc":24,"47d27624":21,"b2bd8fd3":17,"1438fad7":21,"4febf7c5":25,"8d753bb6":20,"0f72f2d8":14,"c318d350":21,"971675c5":22,"6ce84ff8":21,"014bdff0":18,"5623817d":24,"eda6a690":22,"25635c37":22,"aff8e442":25,"650bb0e0":25,"cf1b8c47":22,"c91966ce":16,"d8e58a8c":29,"a15713c6":33,"012de09c":19,"7896b953":26,"3c0df8b4":24,"d5557fb4":28,"af0b61ab":22,"70c1e715":23,"5747db6e":26,"4bcd4a30":34,"284544ba":24,"3fdb08f5":17,"69d4b754":23,"168e75d9":20,"28d40296":19,"e5d3655c":27,"c7313e0a":16,"859545e6":22,"3b7763b1":19,"20777945":21,"79e4fa1c":17,"b6ee137a":23,"94a2fe10":29,"0a96f57a":27,"b6591e25":23,"180377be":17,"6bc5d32a":28,"7a9344a4":13,"0149e11a":20,"9d4da635":19,"655941a0":29,"1e191c98":20,"f271ed5d":18,"2c627253":14,"00554ffd":30,"6f0fcb9d":29,"8245f916":25,"792c9b6a":22,"f1862e79":18,"7ae3fc50":22,"9263c525":23,"95bc84f1":15,"71bc1295":22,"f1098793":24,"e8f173b5":17,"1a442bc7":23,"bf30a08f":22,"5eab91a0":23,"9d4f1fe6":21,"4652b09a":20,"7fef9973":30,"a502c93c":28,"cd522166":33,"5f4102da":21,"8063df14":28,"78b97937":20,"7fb4c521":23,"6c486702":21,"e4cfef0a":19,"eb2e1983":22,"67c57de4":30,"9d023afb":29,"597c1f81":16,"0d7d88f1":22,"a06a6430":22,"2b698053":13,"bc021def":29,"2cb29e5a":30,"a63bddd4":24,"ec2cb1af":23,"f3d68430":26,"68562193":19,"c852d240":24,"b9a48a5c":18,"f5596d0f":20,"71a2a493":14,"013ee301":23,"4febf7c5":26,"99d130c9":30,"88a30343":24,"11888cfa":22,"aa00769b":32,"e6fac295":20,"45fb95c1":18,"d82592f4":18,"d6db2b02":22,"263762cb":22,"6d61bf13":16,"e7773397":22,"312f7676":19,"1da771fb":12,"5270f158":25,"3a204e56":20,"36684155":26,"a47abfbb":22,"616d6dd6":29,"28654c76":33,"f3a0c2ee":16,"0670c466":21,"8d04852b":25,"b35bb8a1":16,"bad1a1cc":16,"31f6ba51":23,"0f1ac912":13,"7e15f8e8":29,"1634789b":27,"9d63c4dd":25,"b7832271":19,"4bcd4a30":35,"5a07fc2e":24,"2d54e0a8":21,"911e770b":17,"d552eb2f":13,"d744bee2":25,"e1571af7":26,"754f98c9":20,"caddd0a7":23,"f76a3e83":27,"3bad3c95":11,"b3863630":23,"e32524d6":23,"9b172ca8":20,"d9d7c4c2":29,"5e193fc8":24,"5ab7bc35":22,"f121b82c":26,"bd984a8e":20,"b7505747":25,"51c57542":18,"8f9b74b0":15,"debe1f65":27,"cc11fef9":18,"467773ac":21,"e2cbe594":20,"3ef7432b":25,"94a2fe10":30,"7cd0ad7b":23,"efd23af5":22,"e1f0dbfd":21,"b7434f57":19,"c3e6ef01":29,"9d4da635":20,"02d4753e":27,"358e45b1":31,"8493f3b2":25,"c7c4ec5c":23,"5f8517b7":33,"4f5e3e7d":15,"336d0f08":26,"6023df54":19,"3101354b":14,"abc1d7ad":28,"dd035d2a":18,"9cb4697f":23,"d39724bc":23,"d1d40c9c":24,"d83870f5":26,"04bef50c":12,"8bc04eb5":16,"1bb4ccc0":15,"78b97937":21,"7a4c064c":27,"8007f30e":15,"7fb4c521":24,"b102f7bd":25,"67c57de4":31,"ffa08d82":16,"0e2b5d2f":29,"315537b2":20,"25a7a0a3":24,"6d339d45":30,"fd6dcb20":16,"8547fbc2":24,"546f6845":25,"f5596d0f":21,"68562193":20,"a6003226":22,"c9efc8f6":25,"288a2c43":23,"ad8f85d6":22,"8cf83787":18,"e8d74304":24,"8aa78e2f":22,"12a2cd4b":23,"cf50e84e":21,"411b5027":24,"a0b03218":30,"b2703001":18,"dd1fcb17":20,"bc392d1c":21,"54a676d6":17,"0f72f2d8":15,"d36125db":30,"363590c7":19,"5b60dd1d":22,"b769bdfb":22,"3a204e56":21,"3e082b37":23,"695a2b92":23,"0b3283c9":22,"031e488e":30,"f94bf9ea":12,"8d04852b":26,"31d74eee":19,"cb6c9e42":33,"87cd2add":24,"f2e3c0e3":19,"597c1f81":17,"8721056e":17,"8ac72326":22,"eb2e1983":23,"810aa5e9":17,"abc1d7ad":29,"71ba7561":17,"83b2f9c5":23,"d5dae4c4":22,"5ef93e5d":17,"6e44927f":17,"48efc739":29,"47d27624":22,"2b3e4717":21,"4ed01268":25,"f4b2f575":18,"8f13c203":15,"1623fc9f":16,"ea6de194":13,"a577db1c":24,"80a8a56d":22,"014460b9":23,"dcf85091":24,"b215547b":18,"4577b333":19,"3fdb08f5":18,"696fdac5":22,"f121b82c":27,"9b172ca8":21,"1e232870":23,"ccb5ea3e":14,"ab7467de":28,"a68a93b2":18,"c8dc010f":22,"6e24d88b":18,"6bc5d32a":29,"f734c84c":20,"f1b493de":24,"180377be":18,"2209903e":28,"a8726d50":27,"c45d554f":25,"4360a1a3":22,"902f49f5":19,"aaa274a5":25,"fd369c21":30,"7028b044":19,"88b3bc99":22,"aec074c4":25,"3c6692a3":25,"af0b61ab":23,"45b038bb":27,"5f8517b7":34,"fa55f27a":28,"00554ffd":31,"f1862e79":19,"7a6aa4b6":22,"379184a7":28,"bb00e71c":17,"1757a30e":18,"6841f77e":26,"20811ddf":24,"124fbe96":21,"e382ec3f":16,"d4d5f466":23,"30c184b8":20,"e35a63cd":23,"a8c93bed":19,"1bc0591f":21,"dc0c8b09":31,"05f6ab35":27,"7a4c064c":28,"50b558a7":21,"d2466211":25,"0bfabf48":29,"93b9fae6":17,"b73e789c":22,"0785820e":19,"d1715f3b":21,"8cc4a982":24,"4469c815":7,"fd6dcb20":17,"ef8321d8":21,"dfa1a89b":21,"25a7a0a3":25,"9c58dd76":26,"b6aaf976":27,"28d41578":17,"6a60348e":28,"a0bc1ceb":20,"a6bcb07e":26,"4cc141fa":16,"f044c0e1":22,"eed20185":23,"bab97de3":30,"f5829ac0":17,"0eaf08da":26,"9fc713b0":28,"159ffd0b":6,"eda6a690":23,"a40846b7":27,"c0b7e7d7":28,"d1676e89":21,"2c5c1dc0":19,"3712c4bd":23,"6d61bf13":17,"51f80f4c":29,"162a7348":20,"deb31f35":20,"4125085e":21,"1ed46298":31,"869cbaa0":27,"95904ac4":27,"f905a555":24,"195eb771":21,"28654c76":34,"537634c9":17,"72805bf5":22,"6632fed0":31,"088feee2":25,"449d8475":24,"a939b50b":25,"36b7003c":28,"91d52a55":18,"9ceb5439":13,"5957df9e":21,"4577b333":20,"aab4d996":21,"8f13c203":16,"cc6bbe45":21,"f121b82c":28,"8e780922":27,"0b959527":17,"655954ba":18,"d6f0d94a":19,"a3253019":30,"3fdb08f5":19,"b2c25d1c":27,"5be594be":19,"1e232870":24,"ccb5ea3e":15,"e2cbe594":21,"7d112f4d":21,"3f9b5722":21,"0841052c":24,"805534ac":23,"0a96f57a":28,"ca6d2d91":23,"d033db8d":21,"7bebff03":18,"f883d582":24,"53747a91":30,"3b690f68":25,"b7434f57":20,"cbb54a0a":20,"eb7b4e29":17,"5747db6e":27,"67f6e4f2":20,"b8397293":18,"e0e6a097":17,"4ea4a2a1":28,"8323d333":23,"0ac825ed":22,"7ae3fc50":23,"b7832271":20,"508aac3d":21,"9ab755d3":23,"aec074c4":26,"4bc46d7a":22,"d5dae4c4":23,"bb00e71c":18,"6c20c153":17,"5eab91a0":24,"11b74e63":19,"a502c93c":29,"6b82b527":20,"c0b23081":22,"dfcc2ad1":22,"e35a63cd":24,"e5b1abc6":22,"70ee0491":20,"7bda83dd":25,"11b2c8d9":17,"2bcca6a7":30,"f7231212":23,"0277d748":28,"ac38a6a5":17,"af157d29":26,"7d6895f4":23,"6cba74ce":24,"b946e146":25,"546f6845":26,"87ce8d1d":19,"ac62fac2":24,"dd1fcb17":21,"868edcc0":30,"6ebe2354":13,"59431390":28,"4ff2225d":19,"dfc89705":22,"26009d3f":21,"baebb391":27,"0f72f2d8":16,"1db42092":26,"b36a0d66":12,"95bc84f1":16,"c318d350":22,"3f2522c2":23,"39bbc4bc":38,"6d61bf13":18,"19f9ca86":29,"b769bdfb":23,"3a204e56":22,"71279c46":20,"64db4feb":22,"9fce073c":28,"e4cfef0a":20,"7fb4c521":25,"95539a58":12,"ac030e74":18,"ba938220":18,"91f7ef72":20,"6df0b2e8":35,"5e09f69e":23,"181c3dd5":25,"aec4e1bf":25,"5ac86fb9":26,"815e4582":25,"394dc144":29,"9d63c4dd":26,"1a0189c4":18,"cf775f58":24,"bad1a1cc":17,"50d129cf":16,"e1571af7":27,"aab4d996":22,"ba30e43a":30,"4c39240e":22,"c21ab51e":17,"30c5d755":32,"c0b0f492":27,"6fb4cdda":22,"fe578280":22,"a577db1c":25,"a836aa93":17,"e1618359":31,"53431634":31,"4c4aa2e2":21,"cd421290":18,"51c57542":19,"261c9911":27,"1e7753d9":27,"7e8e1c3d":24,"655941a0":30,"c45d554f":26,"cf1124db":18,"7a9344a4":14,"da3437cd":19,"66b7b5b4":21,"ded7da5a":22,"8323d333":24,"92d38723":24,"554ebb83":25,"b8397293":19,"336d0f08":27,"fa55f27a":29,"cd95f558":22,"f4726450":20,"70bc8325":21,"5747db6e":28,"f069bb07":29,"aec074c4":27,"884b0ad1":16,"39ba00f0":21,"fafb4cc2":30,"61145ec9":32,"52eca0dc":25,"d9d0c567":20,"ef8987d7":33,"195eb771":22,"e0e48a2d":19,"124fbe96":22,"c0b23081":23,"290b4714":26,"b0869206":24,"91b28f83":25,"9d4f1fe6":22,"9a3ab0b8":20,"478d2d4f":28,"8db62558":26,"cd3bbe7e":25,"88432019":23,"6d339d45":31,"0277d748":29,"c27969ec":23,"c609739e":26,"812b4f15":24,"4cc141fa":17,"5678ed7b":25,"804d4dfa":18,"e8f173b5":18,"ad8f85d6":23,"0be540c5":21,"f277386e":21,"0f72f2d8":17,"2cce4fb2":27,"b84a06eb":27,"b2703001":19,"a58bf525":23,"e45b4b53":14,"6143f39d":19,"546f6845":27,"9a467a82":26,"9de29816":21,"17446892":24,"8721056e":18,"b102f7bd":26,"062179c1":19,"4c0e547b":18,"c803b4a3":22,"a567ace4":21,"7a4c064c":29,"b9be31d6":19,"95539a58":13,"4f59a322":20,"385ab7c6":20,"faf4f98b":20,"e4714415":26,"a2c334e7":32,"5eaa1581":21,"031e488e":31,"4911acad":19,"a1370ab0":24,"b88033fd":26,"d5557fb4":29,"2154b6e8":19,"0f029727":23,"8f13c203":17,"aa021138":30,"f3992a31":19,"e3547548":17,"ab7d4c9a":26,"53431634":32,"c1bdfd41":15,"a4296d1e":30,"d141db49":19,"d548635d":21,"8e780922":28,"696fdac5":23,"3007f31f":16,"142d6987":23,"e21c6207":16,"f1b493de":25,"ce3407dd":20,"1a0189c4":19,"97e75c19":27,"c81b2bcf":20,"394dc144":30,"83086d4c":23,"004f1ef3":28,"a40846b7":28,"b935fc1c":21,"b769bdfb":24,"d102b0c6":19,"06073f13":22,"8493f3b2":26,"50312237":24,"fa55f27a":30,"4f5e3e7d":16,"3d1af513":20,"aa5dfdf5":22,"2d13e69b":24,"dd7acb96":27,"88b3bc99":23,"a901627e":11,"f905a555":25,"69eeae0d":23,"db8ba455":22,"ec110282":22,"f3a0c2ee":17,"6e44927f":18,"2882a956":18,"6c20c153":18,"bf30a08f":23,"d83870f5":27,"e6ec8cbf":26,"7fef9973":31,"124fbe96":23,"84b767be":27,"92efd84f":20,"5a07fc2e":25,"dbd2f139":24,"bc09fa9e":21,"61f25dd4":27,"a0ce82b4":25,"467773ac":22,"20777945":22,"180377be":19,"547903ef":30,"5c82d1ce":19,"d634aa28":26,"dd1fcb17":22,"b6aaf976":28,"6ebe2354":14,"06ddafc7":20,"48655f09":28,"8eb64769":21,"07fc4a9a":21,"b84a06eb":28,"26c6fa34":24,"9c58dd76":27,"5678ed7b":26,"de36827b":26,"2cce4fb2":28,"e0f7679f":24,"d6320619":24,"be4f8ba8":20,"6d5fcd4c":21,"30dd2edc":20,"0277d748":30,"d1715f3b":22,"f2f58418":19,"f5e8dfee":24,"2352c8ef":24,"8f10fa42":27,"eb2e1983":24
1604737440968,"53b4e647":28,"7bda83dd":26,"a59a8290":24,"b9be31d6":20,"a8c93bed":20,"7a4c064c":30,"d4ee22a4":27,"7a840529":15,"ad303bda":29,"6034b6d0":28,"dc03ebd2":31,"345c9967":24,"313258f2":23,"6023df54":20,"43bc86e3":25,"8a165e17":25,"69eeae0d":24,"ce3bf5db":23,"259930ee":25,"8f13c203":18,"4c39240e":23,"c7313e0a":17,"b7505747":26,"c5b35e4d":19,"9e65c0ef":21,"9b742f71":21,"d9d7c4c2":30,"cb51f134":24,"1247fa52":17,"7f86be64":26,"104721f0":19,"5eab91a0":25,"7fef9973":32,"6ee92259":23,"11b74e63":20,"290b4714":27,"6b82b527":21,"ba586505":28,"831c7b85":20,"9a3ab0b8":21,"2a4a402a":17,"eb2e1983":25,"fee32863":16,"ef91eaae":19,"55928ef1":25,"9aa6a054":21,"0e2b5d2f":30,"10ec5a0b":17,"385ab7c6":21,"fb8bfb36":25,"b6591e25":24,"f9f2c53f":17,"58d46189":20,"9a80f004":25,"56d315d8":20,"da3437cd":20,"feb67030":18,"30d84dce":22,"0d5ee801":19,"df81ddee":23,"8f9b74b0":16,"c3e6ef01":30,"a8726d50":28,"6f39f4d9":28,"f1df62b4":25,"056ea7ff":22,"27f52ed3":30,"3f2522c2":24,"95d3d348":23,"1da771fb":13,"8e4c33d2":22,"6085137f":13,"5270f158":26,"7a6aa4b6":23,"f9c15fcc":27,"b4fdf90e":25,"34658473":20,"a901627e":12,"0a1d11e6":21,"a851891c":21,"616d6dd6":30,"ec110282":23,"0f029727":24,"aab4d996":23,"24ffcbd3":27,"aa021138":31,"9b172ca8":22,"9bdf362a":18,"c5b35e4d":20,"d548635d":22,"d9f512b9":27,"a81a857c":17,"754f98c9":21,"145c7559":24,"cf1b8c47":23,"74c26380":21,"ee75b607":22,"82b81567":20,"d102b0c6":20,"fe0df575":19,"1c3a30c5":17,"d82592f4":19,"458dcc3d":21,"11888cfa":23,"6291e9e9":20,"a5aee5de":26,"c6e3d352":20,"de36827b":27,"1be05c14":19,"17807120":18,"6c20c153":19,"e6ec8cbf":27,"67d30f2b":26,"677c6a09":34,"4258c176":23,"e356abf1":24,"be149c6f":24,"deb31f35":21,"68562193":21,"5e09f69e":24,"0681c48e":25,"24a9fb86":27,"ed4fad08":22,"90d52475":21,"5d087c79":24,"5339e1e9":18,"cf775f58":25,"66d94227":13,"d957f027":16,"c98d5272":25,"a0685bf3":24,"8721056e":19,"f3992a31":20,"501db4de":24,"72b84094":26,"21ad2f34":19,"93683c82":21,"51c57542":20,"30fdcd3b":23,"8942c35b":21,"70594a28":22,"a0ce82b4":26,"0d5ee801":20,"7cd0ad7b":24,"cd421290":19,"77898c22":20,"c3e6ef01":31,"3b690f68":26,"07f98660":23,"ec11fe5f":26,"cb142908":23,"eebc8d43":16,"4d9b0b10":19,"ffa08d82":17,"b102f7bd":27,"cc5a1d47":19,"8063df14":29,"7566fdd6":25,"9a07d89b":22,"621d6b18":20,"07fc4a9a":22,"0f72f2d8":18,"0be540c5":22,"004f1ef3":29,"a77e127d":15,"a4dafea5":16,"3a204e56":23,"3c43e8a2":27,"5099c6a0":32,"22aeaf03":22,"c318d350":23,"00554ffd":32,"fe0df575":20,"379184a7":29,"d1ca5d6b":30,"0fc5ac7e":29,"2d54e0a8":22,"284544ba":25,"fd369c21":31,"2c01e624":23,"084cbc0b":18,"5ab7bc35":23,"aab4d996":24,"3fdb08f5":20,"ef8987d7":34,"e865e4dd":23,"fd482491":24,"7c0a2db6":26,"ec110282":24,"db8ba455":23,"91f7ef72":21,"6775d5cd":17,"e4c312fe":17,"d815c5b4":30,"67d30f2b":27,"6841f77e":27,"ad2d7bed":22,"8bc04eb5":17,"a63bddd4":25,"d3e84616":27,"d6320619":25,"0277d748":31,"affb82bf":18,"e9adbe58":18,"0e036ae9":23,"181c3dd5":26,"162a7348":21,"71a2a493":15,"72805bf5":23,"e9a8cf11":20,"a6003226":23,"a2c334e7":33,"31d74eee":20,"b8ab8e6e":26,"a939b50b":26,"1b881e6e":28,"8a52882e":25,"cf775f58":26,"5f7d7195":23,"733c86f8":20,"37a7d5b0":31,"06ee61b6":21,"be2955bb":21,"638cb163":38,"44c77422":24,"e7abc88d":14,"4577b333":21,"79f04300":20,"145c7559":25,"c0fea118":19,"e9679ede":18,"df81ddee":24,"5a622a23":24,"1e191c98":21,"efd23af5":23,"8942c35b":22,"27d8bf51":28,"b6ee137a":24,"7cd0ad7b":25,"f734c84c":21,"655941a0":31,"0c043224":26,"debe1f65":28,"c3e6ef01":32,"751bcf25":22,"478d2d4f":29,"8721056e":20,"78467b8a":27,"a59a8290":25,"a0685bf3":25,"2ce1af05":15,"0042f6eb":30,"621d6b18":21,"67c57de4":32,"8ac72326":23,"753ca352":15,"ef91eaae":20,"385ab7c6":22,"07fc4a9a":23,"99d130c9":31,"1db42092":27,"045f280d":21,"263762cb":23,"363590c7":20,"b1f58563":22,"8dd649a3":17,"ea9bba6b":23,"b769bdfb":25,"312f7676":20,"b2a8761b":22,"332820ce":18,"0ac825ed":23,"8493f3b2":27,"4cc141fa":18,"01cd8099":19,"9fc713b0":29,"bbe71605":20,"ac62fac2":25,"fb44fa9c":26,"26c6fa34":25,"d9dcdc4b":28,"71bc1295":23,"6db0ea86":24,"7028b044":20,"d3a669ac":27,"284544ba":26,"de6213c7":35,"84b767be":28,"a625328f":24,"1f342a00":24,"a901627e":13,"43bc86e3":26,"f3a0c2ee":18,"5f96c2bc":15,"537634c9":18,"08a561b7":15,"aa76bc50":27,"d0b297b2":19,"67f6e4f2":21,"31f6d707":24,"b35e9e1a":29,"7ae3fc50":24,"d33790a2":26,"b4fdf90e":26,"aefe13f5":32,"6be9332a":24,"2198ba8e":16,"54d7de6b":31,"6ee92259":24,"c0b23081":24,"12dd6f5e":22,"d3e84616":28,"12012fbd":28,"d2a841c9":19,"09560615":20,"01d817b8":20,"a63bddd4":26,"8cddb65e":23,"b230e8d3":23,"47cfba38":19,"dcfaba4c":19,"c64de0c0":19,"0681c48e":26,"c93c3508":11,"47d27624":23,"8bc04eb5":18,"1757a30e":19,"7f6d1d0e":22,"d4d5f466":24,"4777334c":22,"8f13c203":19,"04ea5673":26,"f8b31ce5":29,"704bce0d":26,"acac14fb":19,"0b959527":18,"3fdb08f5":21,"fe578280":23,"b2c25d1c":28,"4fd645f1":19,"e7abc88d":15,"69134f07":22,"655954ba":19,"9d0546ac":19,"6bc5d32a":30,"94a2fe10":31,"79e4fa1c":18,"110b1ee3":25,"a0cca8b7":19,"30dbfc69":24,"a0ce82b4":27,"0a96f57a":29,"6f81493d":28,"0af920d8":17,"53747a91":31,"dbd2f139":25,"31408822":22,"e5b1abc6":23,"78b97937":22,"13b53c7a":21,"eebc8d43":17,"b8488fc8":19,"c6dc900c":22,"0e2b5d2f":31,"cf9f4757":18,"ad303bda":30,"d7cb9bcf":17,"1dad0f99":21,"cc5a1d47":20,"0785820e":20,"ef14000f":25,"d8475b95":21,"17807120":19,"1be05c14":20,"8eb64769":22,"5678ed7b":27,"4b4ef7fa":28,"e81834aa":26,"6291e9e9":21,"7732eb1e":32,"8b2b601d":23,"045f280d":22,"b769bdfb":26,"b935fc1c":22,"82868763":17,"e7773397":23,"971675c5":23,"77d35808":22,"f2470875":23,"815e4582":26,"d1fe2868":18,"84369269":18,"04643409":18,"f4b2f575":19,"9d9dd9e5":22,"d744bee2":26,"4bcd4a30":36,"1f342a00":25,"6751d8e4":30,"0fc5ac7e":30,"39ba00f0":22,"730338c4":28,"7c0a2db6":27,"2dd0e808":29,"a5676c24":20,"91f7ef72":22,"ae016053":24,"f789f6d8":24,"2c6cb96f":17,"02d4753e":28,"336d0f08":28,"d0e9a58e":19,"7a2f3f06":19,"288afc30":21,"3d1af513":21,"92d38723":25,"6de0aaac":19,"4d35385e":14,"f2f58418":20,"172217e5":20,"a63bddd4":27,"865d9857":20,"945b63f0":32,"9b3f8714":20,"42c80e69":20,"5e09f69e":25,"40860a4b":17,"162a7348":22,"288a2c43":24,"5f6613c8":23,"54d7de6b":32,"8bc04eb5":19,"1a442bc7":24,"6775d5cd":18,"87c462ee":23,"bd2705b0":26,"00cf385d":29,"5f620a1e":24,"88fa53d6":21,"aa021138":32,"1a68160d":23,"c4e70c07":17,"c7313e0a":18,"719c8869":26,"b5ce0c0c":24,"0a92153e":24,"c1bdfd41":16,"0dad37d5":19,"f2086446":22,"9b742f71":22,"4eed1bea":26,"6b78ad7f":28,"27d8bf51":29,"feb67030":19,"3b690f68":27,"c45d554f":27,"059d6c19":30,"93e8cee5":28,"dbd2f139":26,"1f11812e":19,"79e4fa1c":19,"f734c84c":22,"d033db8d":22,"c3e6ef01":33,"110b1ee3":26,"0042f6eb":31,"cfafcda8":18,"1bc0591f":22,"70ee0491":21,"a59a8290":26,"c6dc900c":23,"50b558a7":22,"67c57de4":33,"9496f56f":24,"053f3451":20,"87922532":24,"a43061ee":21,"48655f09":29,"742f1425":24,"bab97de3":31,"2c24d929":27,"3310a049":25,"6be9332a":25,"d6db2b02":23,"eed20185":24,"95f6db13":17,"59431390":29,"1138796e":25,"8b2b601d":24,"5b60dd1d":23,"2c5c1dc0":20,"e7773397":24,"971675c5":24,"dc583e64":17,"93ac9ca3":18,"95d3d348":24,"ba938220":19,"ac030e74":19,"9f74b8a4":24,"30b6808c":23,"93fdbb44":14,"a9b1bd51":16,"ce3407dd":21,"5957df9e":22,"449d8475":25,"6e98dfda":27,"088feee2":26,"7028b044":21,"de6213c7":36,"6a3eaf43":16,"22234d6b":24,"dd7acb96":28,"aec074c4":28,"8cd78f77":30,"f789f6d8":25,"2c6cb96f":18,"1b153aef":18,"82b81567":21,"b35e9e1a":30,"4f5e3e7d":17,"d0e9a58e":20,"7a6aa4b6":24,"08a4c3f8":28,"3f75d3bc":26,"69eeae0d":25,"ec110282":25,"b946e146":26,"af157d29":27,"8dd2684c":23,"546f6845":28,"eeaa2d46":20,"eafbf9fb":25,"51f57142":22,"6df0b2e8":36,"4911acad":20,"5ac86fb9":27,"012de09c":20,"43bc86e3":27,"7f6d1d0e":23,"7ee7621c":18,"d1d40c9c":25,"a81a857c":18,"5f620a1e":25,"ba30e43a":31,"5ab7bc35":24,"c4feee5b":25,"caddd0a7":24,"53431634":33,"d141db49":20,"b3863630":24,"ffc86f94":20,"72b84094":27,"daab45c6":18,"d548635d":23,"1f11812e":20,"6f81493d":29,"7b6a7048":17,"145c7559":26,"5ccf94d6":26,"d34a29b9":27,"ab7467de":29,"ca6d2d91":24,"104721f0":20,"b6ee137a":25,"5cd3cfe0":18,"e1f0dbfd":22,"7a9344a4":15,"70594a28":23,"026766f3":16,"6841f77e":28,"c0b23081":25,"11b74e63":21,"c6e3d352":21,"b7df1559":27,"26c6fa34":26,"aa00769b":33,"95f6db13":18,"71bc1295":24,"32c9fc47":19,"812b4f15":25,"5410e9c6":21,"0f72f2d8":19,"e7e82473":30,"578f6e9e":23,"fb44fa9c":27,"971675c5":25,"6291e9e9":22,"a0685bf3":26,"0d770b97":31,"0042f6eb":32,"9a3ab0b8":22,"ba5c52af":18,"d2466211":26,"51f80f4c":30,"031e488e":32,"dcfaba4c":20,"227006e4":25,"0f1ac912":14,"9ceb5439":14,"2b3e4717":22,"5339e1e9":19,"e99318a3":23,"284544ba":27,"b88033fd":27,"7e991ab9":17,"815e4582":27,"5747db6e":29,"fe8f3d36":17,"8ac72326":24,"a8c93bed":21,"e28c2efc":22,"ec11fe5f":27,"30b6808c":24,"00a17b46":21,"629800eb":26,"869cbaa0":28,"17b08923":18,"b1f58563":23,"0114160e":24,"312f7676":21,"42191b64":21,"695a2b92":24,"b35e9e1a":31,"7ae3fc50":25,"7a6aa4b6":25,"608bc832":14,"06073f13":23,"9e878ec2":30,"ef16ca37":21,"fe44fc6f":22,"3c0df8b4":25,"537634c9":19,"a851891c":22,"cf1b8c47":24,"5f0c1b9d":29,"2dd0e808":30,"911e770b":18,"39ba00f0":23,"72d7b461":21,"c793cdda":22,"f5596d0f":22,"175bc6b2":19,"0e036ae9":24,"3454fa2b":26,"d6320619":26,"1623fc9f":17,"caddd0a7":25,"2045d7d6":25,"0b959527":19,"8f13c203":20,"5ab7bc35":25,"5f620a1e":26,"704bce0d":27,"dbc9df44":19,"ebdbf580":22,"69d4b754":24,"6b78ad7f":29,"0da28f5b":22,"79f04300":21,"7e8e1c3d":25,"ded7da5a":23,"e21c6207":17,"58d46189":21,"4ee62a26":18,"3007f31f":17,"6bc5d32a":31,"19e9776f":26,"7bebff03":19,"110b1ee3":27,"c8977844":23,"fb8bfb36":26,"142d6987":24,"9cb4697f":24,"d815c5b4":31,"2882a956":19,"e4117b3b":17,"00cf385d":30,"6b82b527":22,"6c20c153":20,"baebb391":28,"ac62fac2":26,"b2bd8fd3":18,"01cd8099":20,"9c58dd76":28,"0114160e":25,"a24e6670":28,"dfc89705":23,"27c8e038":18,"69f3bfcc":26,"3310a049":26,"8298e976":29,"de36827b":28,"b2703001":20,"8e4c33d2":23,"fb7b7b3c":31,"8dc9b4db":21,"19f9ca86":30,"26f99a1e":26,"e238f09b":20,"eb2e1983":26,"0e2b5d2f":32,"831c7b85":21,"e5b1abc6":24,"7af262e5":22,"a0685bf3":27,"20958d58":17,"f94bf9ea":13,"623c6a31":26,"affb82bf":19,"181c3dd5":27,"8cddb65e":24,"76f3a3be":16,"c852d240":25,"61d4782d":20,"6632fed0":32,"9d9dd9e5":23,"789bd484":20,"e15fd611":24,"1a0189c4":20,"bf822e33":20,"93fdbb44":15,"bad1a1cc":18,"2d13e69b":25,"9147702f":21,"7028b044":22,"98915a1f":20,"7a4c064c":31,"2b698053":14,"ffa08d82":18,"a85d89cc":29,"ad303bda":31,"77bfed7e":29,"8db62558":27,"ef14000f":26,"77d35808":23,"8f2a7d69":20,"d0e9a58e":21,"379184a7":30,"5acaa06f":17,"31f6d707":25,"e0e6a097":18,"608bc832":15,"8db5a165":15,"f905a555":26,"71ba7561":18,"4bcd4a30":37,"84b767be":29,"084cbc0b":19,"22176537":18,"01d817b8":21,"21ee2afe":23,"18815a1b":19,"d1715f3b":23,"623c6a31":27,"f5596d0f":23,"95904ac4":28,"5f0c1b9d":30,"dc03ebd2":32,"83b2f9c5":24,"c7636527":22,"7043382d":24,"0a2f71bc":15,"1623fc9f":18,"805af3c7":19,"24ffcbd3":28,"f121b82c":29,"719c8869":27,"4b4ecbce":21,"ab7d4c9a":27,"d548635d":24,"df81ddee":25,"36380d96":25,"27d8bf51":30,"efe84c27":20,"0a96f57a":30,"972f4174":27,"201cafad":16,"cd3bbe7e":26,"26dd2000":22,"4b125e7b":23,"6c20c153":21,"16b476e9":16,"9d4f1fe6":23,"1bb4ccc0":16,"95d331b1":13,"5acce642":23,"ae8a09c4":20,"4b4ef7fa":29,"458dcc3d":22,"59c1e594":31,"48655f09":30,"dfc89705":24,"fb44fa9c":28,"cbad3b92":32,"06ddafc7":21,"0114160e":26,"411b5027":25,"32c9fc47":20,"17b08923":19,"6291e9e9":23,"93ac9ca3":19,"82868763":18,"3a204e56":24,"33d6bb6a":27,"f67de058":21,"cd522166":34,"a8c93bed":22,"76f3a3be":17,"3c18f28e":24,"1ed46298":32,"4125085e":22,"bfcb912a":26,"9b3f8714":21,"57d5dee8":24,"f2364460":23,"6adce358":24,"c67979e6":29,"842c8340":18,"84369269":19,"b8ab8e6e":27,"d1fe2868":19,"dd3913d2":18,"dc0c8b09":32,"50b558a7":23,"597c1f81":18,"87083264":28,"d7cb9bcf":18,"6a5b71b4":29,"142d6987":25,"25e0dd3d":24,"902f49f5":20,"40e79dd3":24,"9d4da635":21,"d634aa28":27,"c8977844":24,"dbd2f139":27,"53b4e647":29,"869cbaa0":29,"cc5a1d47":21,"e238f09b":21,"19f9ca86":31,"578f6e9e":24,"5099c6a0":33,"4ac6bd4e":21,"8c6e001f":15,"fa55f27a":31,"8d000d6e":16,"f1862e79":20,"b2a8761b":23,"fd369c21":32,"9fa62fee":22,"0fc5ac7e":31,"d744bee2":27,"ef1c2dcb":24,"084cbc0b":20,"c793cdda":23,"7080f122":18,"0277d748":32,"f87c5031":23,"172217e5":21,"f789f6d8":26,"781ace7d":25,"db8ba455":24,"7c0a2db6":28,"a5fd8ffd":30,"65e4235b":27,"c1bdfd41":17,"df2b4d87":27,"37a7d5b0":32,"ca7d47f7":33,"b320feb9":14,"4577b333":22,"868cda42":15,"80a8a56d":23,"a836aa93":18,"c7313e0a":19,"0da28f5b":23,"77300e4a":20,"345c9967":25,"1c0a9eff":20,"04cc7cbe":16,"a533489b":28,"b2bd8fd3":19,"c27969ec":24,"c609739e":27,"4febf7c5":27,"812b4f15":26,"6be9332a":26,"e8d74304":25,"8cf83787":19,"54a676d6":18,"a3d4a0e5":29,"1138796e":26,"4ff2225d":20,"489a39f7":19,"de36827b":29,"5acce642":24,"aa187e3b":18,"54d7de6b":33,"00cf385d":31,"e356abf1":25,"82204d54":21,"d6320619":27,"623c6a31":28,"4d35385e":15,"288a2c43":25,"5774ac0d":23,"bc3dc66a":19,"c9efc8f6":26,"68562193":22,"deb31f35":22,"32133249":33,"39a2fcce":27,"6adce358":25,"99e171db":19,"b8ab8e6e":28,"04643409":19,"2b3e4717":23,"bad1a1cc":19,"2a4a402a":18,"8f10fa42":28,"dd3913d2":19,"fef750ca":26,"a59a8290":27,"8b5a8e9f":34,"95539a58":14,"ecfa8249":21,"104721f0":21,"7b6a7048":18,"c4feee5b":26,"92136ff5":28,"3b7763b1":20,"902f49f5":21,"655941a0":32,"efd23af5":24,"9d0546ac":20,"61f25dd4":28,"f4343817":20,"f883d582":25,"1e7753d9":28,"d70ca4f4":28,"751acea8":22,"abd32136":21,"621d6b18":22,"053f3451":21,"e57d5cda":34,"cc5a1d47":22,"50c468ba":17,"25635c37":23,"e238f09b":22,"0b3283c9":23,"1951480c":26,"93ac9ca3":20,"e7773397":25,"c7ab83c1":20,"6751d8e4":31,"af0b61ab":24,"4bcd4a30":38,"2c01e624":24,"9fa62fee":23,"2c627253":15,"f069bb07":30,"345c9967":26,"731fc335":17,"f3a0c2ee":19,"5ab7bc35":26,"08a06557":29,"9e65c0ef":22,"c4e70c07":18,"b7505747":27,"5f620a1e":27,"259930ee":26,"8a165e17":26,"b28a5e67":21,"616d6dd6":31,"74c26380":22,"b2a8761b":24,"cd95f558":23,"b377a62a":22,"b4fdf90e":27,"6f0fcb9d":30,"b8397293":20,"fe0df575":21,"bad6cdb1":24,"e6fac295":21,"b460f030":26,"01cd8099":21,"468fc85c":25,"c27969ec":25,"0f72f2d8":20,"45fb95c1":19,"0be540c5":23,"17b08923":20,"d4d5f466":25,"7ee7621c":19,"6841f77e":29,"bb00e71c":19,"95d331b1":14,"0277d748":33,"d3e84616":29
1604737441908,"dbc9df44":20,"c21ab51e":18,"7f86be64":27,"e1618359":32,"470d50c2":21,"9267f0ef":31,"fb8bfb36":27,"79f04300":22,"8f9b74b0":17,"ecfa8249":22,"18d20aa1":21,"4360a1a3":23,"f9f2c53f":18,"5ccf94d6":27,"7b6a7048":19,"dae0f922":28,"f4343817":21,"0c0e98ea":19,"cf1124db":19,"c3e6ef01":34,"8db62558":28,"b946e146":27,"6143f39d":20,"e9adbe58":19,"623c6a31":29,"af157d29":28,"4911acad":21,"aa9ea5e8":21,"5f6613c8":24,"7af9d3b1":17,"71279c46":21,"162a7348":23,"51f80f4c":31,"bf822e33":21,"91d52a55":19,"a939b50b":27,"0670c466":22,"5339e1e9":20,"5957df9e":23,"a1921150":26,"d6db2b02":24,"4945c851":33,"489a39f7":20,"045f280d":23,"19f9ca86":32,"d599b566":29,"c318d350":24,"fb7b7b3c":32,"312f7676":22,"2203f259":26,"a40846b7":29,"5eab91a0":26,"f0a06216":25,"6c524f99":19,"ba5c52af":19,"8f10fa42":29,"70ee0491":22,"eebc8d43":18,"c6dc900c":24,"9a3ab0b8":23,"07f98660":24,"2b698053":15,"0d28db94":21,"00a17b46":22,"91536e85":20,"053f3451":22,"7566fdd6":26,"26c390d6":21,"cbb54a0a":21,"af0b61ab":25,"7e991ab9":18,"272c7672":24,"84b67924":21,"d0d6acb1":16,"e1571af7":28,"3fdb08f5":22,"d6f0d94a":20,"a577db1c":26,"e786063b":21,"c7636527":23,"a81a857c":19,"b2c25d1c":29,"e9679ede":19,"dcf85091":25,"ebdbf580":23,"6fb4cdda":23,"a836aa93":19,"51c57542":21,"e1f0dbfd":23,"1e232870":25,"792c9b6a":23,"1bd5b20b":20,"3652bd66":21,"c7c4ec5c":24,"332820ce":19,"0ac825ed":24,"608bc832":16,"ecfa8249":23,"debe1f65":29,"cc11fef9":19,"21e10a2b":23,"902f49f5":22,"bfad1727":26,"94a2fe10":32,"110b1ee3":28,"c455f40e":18,"0d5ee801":21,"6e24d88b":19,"026766f3":17,"83b2f9c5":25,"da04caac":20,"42cd2360":24,"08a561b7":16,"52eca0dc":26,"fe44fc6f":23,"d8e58a8c":30,"9a467a82":27,"d1715f3b":24,"12012fbd":29,"6d5fcd4c":22,"30dd2edc":21,"558d5ce7":26,"172217e5":22,"5774ac0d":24,"9f5e6cba":24,"3a1d1632":16,"0ecfa1c9":28,"76f3a3be":18,"57d5dee8":25,"71279c46":22,"5d087c79":25,"a1921150":27,"254cc28c":26,"a9b1bd51":17,"8eb64769":23,"87922532":25,"6ebe2354":15,"26c6fa34":27,"468fc85c":26,"2d382981":23,"ce4da56f":17,"742f1425":25,"d6db2b02":25,"69f3bfcc":27,"f277386e":22,"6c73ae98":19,"013ee301":24,"b2703001":21,"004f1ef3":30,"eda6a690":24,"1951480c":27,"8dd649a3":18,"c564e316":24,"d599b566":30,"a40846b7":30,"3b2dee89":26,"ee21ad02":28,"93b0a158":22,"a6b5e869":26,"1bb4ccc0":17,"0d770b97":32,"ad2d7bed":23,"8b5a8e9f":35,"6c486702":22,"a8c93bed":23,"2a4a402a":19,"13b53c7a":22,"1105f790":27,"fead11cf":25,"8fb236a9":23,"91536e85":21,"e28c2efc":23,"d5059415":23,"9f74b8a4":25,"629800eb":27,"0d28db94":22,"f66616b7":14,"2a387957":27,"c98d5272":26,"0fc5ac7e":32,"272c7672":25,"50c3164b":21,"2c627253":16,"e58b26f6":19,"72d7b461":22,"f069bb07":31,"e1571af7":29,"4c39240e":24,"ba30e43a":32,"ce3bf5db":24,"a33fe0dd":30,"49b358bd":23,"f2086446":23,"ffc86f94":21,"1a2c020b":26,"53431634":34,"d0b297b2":20,"9263c525":24,"4ba6eb36":21,"a533489b":29,"4f5e3e7d":18,"45b038bb":28,"fa55f27a":32,"e9679ede":20,"ebdbf580":24,"4e3f5178":22,"a851554d":26,"d34a29b9":28,"2b3c49b9":23,"f734c84c":23,"261c9911":28,"cc11fef9":20,"ab7467de":30,"93683c82":22,"8f9b74b0":18,"30fdcd3b":24,"40e79dd3":25,"d70ca4f4":29,"906632cb":19,"d033db8d":23,"b28a5e67":22,"28654c76":35,"d9d0c567":21,"a851891c":23,"537634c9":20,"1d44aff3":23,"fafb4cc2":31,"ca6d2d91":25,"ec2cb1af":24,"b946e146":28,"6d339d45":32,"22ecaed0":20,"6143f39d":21,"eafbf9fb":26,"21ee2afe":24,"3c18f28e":25,"227006e4":26,"3a1d1632":17,"bc3dc66a":20,"f94bf9ea":14,"af034fee":20,"6632fed0":33,"b460f030":27,"23080895":21,"804d4dfa":19,"dd1fcb17":23,"cf52025e":16,"4945c851":34,"8aa78e2f":23,"2d382981":24,"0f72f2d8":21,"fb44fa9c":29,"8b2b601d":25,"2d1e1e9d":22,"5678ed7b":28,"e36dfd6f":19,"5b60dd1d":24,"5099c6a0":34,"363590c7":21,"f2470875":24,"1da771fb":14,"93ac9ca3":21,"8274885a":22,"6c20c153":22,"d929098e":17,"d39724bc":24,"677c6a09":35,"88ce179e":26,"6b82b527":23,"67d30f2b":28,"cfafcda8":19,"733c86f8":21,"4c0e547b":19,"a567ace4":22,"2a4a402a":20,"c6dc900c":25,"bd62d7ed":19,"619fda68":25,"9496f56f":25,"67c57de4":34,"ef91eaae":21,"cc5a1d47":23,"ad303bda":32,"d5557fb4":30,"4ed01268":26,"842c8340":19,"f2364460":24,"44a4f7cd":19,"f66616b7":15,"5f7d7195":24,"0fc5ac7e":33,"70bc8325":22,"50c3164b":22,"d0d6acb1":17,"b947257e":26,"2d13e69b":26,"1f342a00":26,"719c8869":28,"49b358bd":24,"cc6bbe45":22,"4fd645f1":20,"ea274174":23,"40569362":23,"50312237":25,"b35e9e1a":32,"82b81567":22,"db0a661e":21,"4ba6eb36":22,"b5ce0c0c":25,"d141db49":21,"6fb4cdda":24,"754f98c9":22,"44c77422":25,"0a92153e":25,"4e3f5178":23,"a4296d1e":31,"72b84094":28,"34c5c729":21,"8ea21393":24,"e9679ede":21,"20777945":23,"dae0f922":29,"7fb4c521":26,"a901627e":14,"28654c76":36,"2dd0e808":31,"08a561b7":17,"95904ac4":29,"ef8987d7":35,"5f0c1b9d":31,"18d20aa1":22,"751bcf25":23,"751acea8":23,"c455f40e":19,"f2ca27d9":22,"9a467a82":28,"ec2cb1af":25,"945b63f0":33,"4469c815":8,"315537b2":21,"e9adbe58":20,"081460bf":21,"17446892":25,"3a1d1632":18,"c93c3508":12,"31f6ba51":24,"76f3a3be":19,"3b7763b1":21,"6e24d88b":20,"e62d705f":14,"ab7467de":31,"30fdcd3b":25,"1e7753d9":29,"a543ec74":26,"c27969ec":26,"2198ba8e":17,"23080895":22,"792cfcbd":23,"f5829ac0":18,"64a7f79f":17,"8d753bb6":21,"ad8f85d6":24,"69f3bfcc":28,"a8871ddf":29,"66554572":20,"411b5027":26,"3310a049":27,"09ff339a":17,"578f6e9e":25,"ea9bba6b":24,"25635c37":24,"4652b09a":21,"d39724bc":25,"95d331b1":15,"79be29c8":14,"677c6a09":36,"87c462ee":24,"b0869206":25,"dd3913d2":20,"831c7b85":22,"1745a0f4":21,"a66a2d8a":20,"c1bb74f2":25,"be3a10f8":21,"0042f6eb":33,"07f98660":25,"76f94eda":19,"6632fed0":34,"9ceb5439":15,"1634789b":28,"a939b50b":28,"1d790491":25,"527ff946":27,"0670c466":23,"5339e1e9":21,"272c7672":26,"70bc8325":23,"284544ba":28,"22234d6b":25,"e58b26f6":20,"8cd78f77":31,"2180f99b":27,"a77e127d":16,"971675c5":26,"5410e9c6":22,"288afc30":22,"358e45b1":32,"fa55f27a":33,"4f5e3e7d":19,"f9c15fcc":28,"82b81567":23,"608bc832":17,"08a06557":30,"a33fe0dd":31,"b7505747":28,"25776fc4":23,"3bad3c95":12,"5e193fc8":25,"ea6de194":14,"8e99d5d0":24,"2154b6e8":20,"6fb4cdda":25,"efe84c27":21,"95539a58":15,"93b9fae6":18,"619fda68":26,"1dad0f99":22,"385ab7c6":23,"537634c9":21,"db8ba455":25,"72b84094":29,"4e3f5178":24,"ccb5ea3e":16,"9f2b16a7":19,"c5b35e4d":21,"5a622a23":25,"daab45c6":19,"6bc5d32a":32,"cc11fef9":21,"2dda3936":22,"ec2cb1af":26,"53a8613c":28,"3f65f121":25,"6de0aaac":20,"08c6b5d2":22,"172217e5":23,"74e3d13e":22,"51f80f4c":32,"b6ee137a":26,"94a2fe10":33,"e2cbe594":22,"430a5db5":21,"f1b493de":26,"5272520d":24,"19e9776f":27,"0d5ee801":22,"064a99c8":22,"48655f09":31,"cf52025e":17,"28d41578":18,"5678ed7b":29,"04612878":18,"f044c0e1":23,"56752a4a":23,"2d1e1e9d":23,"b7df1559":28,"c609739e":28,"820225e4":14,"8a165e17":27,"f789f6d8":27,"4bc46d7a":23,"56473430":20,"fd482491":25,"00cf385d":32,"37d0cae2":19,"16b476e9":17,"5eab91a0":27,"79be29c8":15,"4b125e7b":24,"aa187e3b":19,"5f4102da":22,"42c80e69":21,"40860a4b":18,"b35bb8a1":17,"a6003226":24,"f4b2f575":20,"6632fed0":35,"8ec3834d":16,"f2364460":25,"d5557fb4":31,"a1921150":28,"77f31bab":32,"9d9dd9e5":24,"7028b044":23,"70bc8325":24,"aa5dfdf5":23,"1f342a00":27,"72d7b461":23,"d3a669ac":28,"92efd84f":21,"8e4c33d2":24,"26009d3f":22,"312f7676":23,"88a30343":25,"6ce84ff8":22,"93ac9ca3":22,"8dc9b4db":22,"09ff339a":18,"a40846b7":31,"00554ffd":33,"06073f13":24,"36fb15d2":18,"1ff8c2fc":26,"aa021138":33,"e786063b":22,"0a2f71bc":16,"caddd0a7":26,"d9f512b9":28,"a81a857c":20,"f67de058":22,"6a7392d5":22,"ec11fe5f":28,"2ce1af05":16,"76f94eda":20,"dc0c8b09":33,"d83294cd":24,"c463799d":27,"6a5b71b4":30,"f5e8dfee":25,"7fb4c521":27,"8fb236a9":24,"a85d89cc":30,"b7505747":29,"6fb4cdda":26,"69134f07":23,"4e3f5178":25,"9b172ca8":23,"cd421290":20,"201cafad":17,"a836aa93":20,"6d5fcd4c":23,"9a467a82":29,"93e8cee5":29,"104721f0":22,"7e8e1c3d":26,"696fdac5":24,"ccb5ea3e":17,"805534ac":24,"655941a0":33,"f4343817":22,"381c68fa":26,"56d315d8":21,"1e7753d9":30,"61f25dd4":29,"430a5db5":22,"f4634d0b":26,"db0a661e":22,"b7407bd3":30,"d0b297b2":21,"6be9332a":27,"9c58dd76":29,"458dcc3d":23,"ae8a09c4":21,"b2bd8fd3":20,"1db42092":28,"b460f030":28,"b84a06eb":29,"e6fac295":22,"59431390":30,"868edcc0":31,"ce4da56f":18,"45fb95c1":20,"f044c0e1":24,"906fdec3":21,"616d6dd6":32,"781ace7d":26,"49cb2959":19,"5f96c2bc":16,"a0cf08b3":22,"cf1b8c47":25,"e6ec8cbf":28,"ad2d7bed":24,"e0e48a2d":20,"6c20c153":23,"2882a956":20,"0d770b97":33,"c0b23081":26,"ec2cb1af":27,"a2c334e7":34,"b9a48a5c":19,"8d04852b":27,"af157d29":29,"bc3dc66a":21,"ccdd1ce6":14,"416a9e97":21,"b7cc7909":23,"c64de0c0":20,"a47abfbb":23,"60d6cee2":21,"66d94227":14,"48efc739":30,"b88033fd":28,"1a0189c4":21,"8a52882e":26,"25d1b2d8":23,"088feee2":27,"bca2d7cd":17,"508aac3d":22,"5747db6e":30,"b5763ff6":23,"2c627253":17,"2f455cce":15,"6751d8e4":32,"b769bdfb":27,"b1f58563":24,"317c1591":16,"eda6a690":25,"e45b4b53":15,"b935fc1c":23,"82868763":19,"e5d3655c":28,"fbdffc95":21,"c7636527":24,"b87158fb":23,"eebc8d43":19,"8f10fa42":30,"d78dd457":17,"30c184b8":21,"e5b1abc6":25,"92ca52b7":26,"ac030e74":20,"ae95f2ba":26,"d7cb9bcf":19,"cc5a1d47":24,"b73e789c":23,"0d7d88f1":23,"faf4f98b":21,"7e76c93c":22,"a81a857c":21,"e786063b":23,"df2b4d87":28,"9b172ca8":24,"4e3f5178":26,"704bce0d":28,"06ee61b6":22,"558d5ce7":27,"1d153b20":21,"ccdd1ce6":15,"dfa1a89b":22,"ec2cb1af":28,"4469c815":9,"22ecaed0":21,"92136ff5":29,"efe84c27":22,"e2a7d915":28,"4b4ecbce":22,"7d112f4d":22,"1247fa52":18,"5fa12feb":27,"2b3c49b9":24,"0a96f57a":31,"44ff8baa":21,"1e7753d9":31,"655941a0":34,"ca6d2d91":26,"f1b493de":27,"dae0f922":30,"7cd0ad7b":26,"7a9344a4":16,"332820ce":20,"b35e9e1a":33,"02d4753e":29,"6f0fcb9d":31,"40569362":24,"3a1b9af5":16,"2e99f8fd":17,"804d4dfa":20,"c6e3d352":22,"b460f030":29,"dd1fcb17":24,"baebb391":29,"56752a4a":24,"a4dafea5":17,"d82592f4":20,"b2703001":22,"69f3bfcc":29,"74c26380":23,"3a291497":20,"71ba7561":19,"da04caac":21,"95904ac4":30,"1d44aff3":24,"4abb7aed":20,"ae99df30":19,"e4117b3b":18,"5acce642":25,"a6b5e869":27,"51a3e9c2":22,"1ed46298":33,"af034fee":21,"c64de0c0":21,"13747b82":26,"03b4ab60":24,"5eaa1581":22,"0ecfa1c9":29,"0f1ac912":15,"1634789b":29,"a1921150":29,"25d1b2d8":24,"842c8340":20,"4ed01268":27,"c81b2bcf":21,"92efd84f":22,"70bc8325":25,"6751d8e4":33,"88a30343":26,"bbe71605":21,"59431390":31,"90731976":20,"263762cb":24,"77d35808":24,"a40846b7":32,"014bdff0":19,"578f6e9e":26,"016953e4":25,"5781776a":23,"e382ec3f":17,"04cc7cbe":17,"19551bad":22,"478d2d4f":30,"0042f6eb":34,"78b97937":23,"b87158fb":24,"f5e8dfee":26,"9b546d65":20,"07f98660":26,"f7231212":24,"77bfed7e":30,"619fda68":27,"2b698053":16,"4930f321":18,"50c468ba":18,"c015ec5a":19,"3fdb08f5":23,"805af3c7":20,"7e76c93c":23,"a33fe0dd":32,"1623fc9f":19,"39ba00f0":24,"5a07fc2e":26,"84b767be":30,"084cbc0b":21,"be4f8ba8":21,"3454fa2b":27,"638cb163":39,"a4296d1e":32,"4c4aa2e2":22,"90a06ee9":25,"be2955bb":22,"201cafad":18,"9b742f71":23,"a0ce82b4":28,"7d112f4d":23,"c4feee5b":27,"bfad1727":27,"f3992a31":21,"805534ac":25,"f734c84c":24,"20777945":24,"430a5db5":23,"93683c82":23,"1b153aef":19,"ef16ca37":22,"fa55f27a":34,"8f2a7d69":21,"31f6d707":26,"332820ce":21,"cd95f558":24,"b2bd8fd3":21,"946df4fd":24,"cf52025e":18,"c27969ec":27,"059d6c19":31,"142d6987":26,"e62d705f":15,"9316e7e8":10,"d70ca4f4":30,"fe44fc6f":24,"da04caac":22,"731fc335":18,"f789f6d8":28,"69eeae0d":26,"45b5746e":20,"91f7ef72":23,"4652b09a":22,"7080f122":19,"f2ca27d9":23,"22176537":19,"f2f58418":21,"b9a48a5c":20,"4125085e":23,"8d04852b":28,"32133249":34,"081460bf":22,"31f6ba51":25,"64db4feb":23,"181c3dd5":28,"ccf8b803":22,"1634789b":30,"842c8340":21,"bf822e33":22,"97e75c19":28,"5f7d7195":25,"a9b1bd51":18,"468fc85c":27,"aa00769b":34,"8cf83787":20,"1c3a30c5":18,"8aa78e2f":24,"a24e6670":29,"1438fad7":22,"b36a0d66":13,"e0f7679f":25,"06ddafc7":22,"578f6e9e":27,"a40846b7":33,"b769bdfb":28,"8e4c33d2":25,"695a2b92":25,"363590c7":22,"2c5c1dc0":21,"9d4f1fe6":24,"bd2705b0":27,"ee21ad02":29,"cb4f262b":30,"1c0a9eff":21,"7f6d1d0e":24,"0e2b5d2f":33,"9b546d65":21,"5f4102da":23,"2bcca6a7":31,"bd62d7ed":20,"a567ace4":23,"af7e5be8":29,"8b5a8e9f":36,"d83294cd":25,"d7cb9bcf":20,"6a5b71b4":31,"cb142908":24,"ac030e74":21,"6f39f4d9":29,"638cb163":40,"65a00a3c":22,"d3a669ac":29,"af0b61ab":26,"5747db6e":31,"ef1c2dcb":25,"70c1e715":24,"0d2a1c58":14,"383e232d":20,"e5d3655c":29,"805af3c7":21,"e3547548":18,"92f800f5":19,"d9f512b9":29,"9b742f71":24,"90a06ee9":26,"704bce0d":29,"c382f054":20,"feb67030":20,"1247fa52":19,"104721f0":23,"d25e0f8d":23,"1e232870":26,"efd23af5":25,"40e79dd3":26,"b377a62a":23,"b8397293":21,"02d4753e":30,"d0b297b2":22,"7a2f3f06":20,"379184a7":31,"7ae3fc50":26,"2b3c49b9":25,"7bebff03":20,"26ed1a5c":24,"e21c6207":18,"0841052c":25,"a68a93b2":19,"e62d705f":16,"dae0f922":31,"30fdcd3b":26,"467773ac":23,"71e53c93":24,"8a165e17":28,"7896b953":27,"61145ec9":33,"ec110282":26,"49cb2959":20,"ae016053":25,"36d340f2":26,"558d5ce7":28,"bc021def":30,"2cb29e5a":31,"865d9857":21,"623c6a31":30,"6d5fcd4c":24,"42c80e69":22,"bc3dc66a":22,"a47abfbb":24,"5eaa1581":23,"9b3f8714":22,"c93c3508":13,"5f6613c8":25,"44a4f7cd":20,"9ceb5439":16,"77f31bab":33,"1a0189c4":22,"04643409":20,"cb6c9e42":34,"91d52a55":20,"064a99c8":23,"26c6fa34":28,"23080895":23,"48655f09":32,"1c3a30c5":19,"2d382981":25,"01cd8099":22,"4b3e3b1c":23,"b2703001":23,"d6db2b02":26,"e36dfd6f":20,"05642105":21,"8298e976":30,"f5829ac0":19,"dc583e64":18,"fe1d4419":30,"b769bdfb":29,"8dd649a3":19,"fb7b7b3c":33,"c95719e5":18,"a40846b7":34,"cb4f262b":31,"7ee7621c":20,"ee21ad02":30,"ea4d3f3e":26,"e4117b3b":19,"b0869206":26,"4652b09a":23,"82204d54":22,"55928ef1":26,"8b5a8e9f":37,"1745a0f4":22,"9b546d65":22,"e5b1abc6":26,"50b558a7":24,"7a4c064c":32,"869cbaa0":30,"9fce073c":29,"6a5b71b4":32,"f7231212":25,"9f74b8a4":26,"9aa6a054":22,"d0d6acb1":18,"8657c79d":30,"aec074c4":29,"272c7672":27,"084cbc0b":22,"b5763ff6":24,"c793cdda":24,"a81a857c":22,"ce3bf5db":25,"e5d3655c":30,"ea6de194":15,"868cda42":16,"1623fc9f":20,"dac109cf":28,"d548635d":25,"1a2c020b":27,"c382f054":21,"92d38723":26,"1ff8c2fc":27,"1bd5b20b":21,"cd95f558":25,"8245f916":26,"fe0df575":22,"6585adbe":13,"288d171f":21,"da3437cd":21,"f121b82c":30,"25e0dd3d":25,"7d112f4d":24,"9267f0ef":32,"20777945":25,"ab7d4c9a":28,"21e10a2b":24,"4eed1bea":27,"dbd2f139":28,"e2cbe594":23,"381c68fa":27
1604737443251,"58d46189":22,"8db5a165":16,"0a1d11e6":22,"abc1d7ad":30,"a5676c24":21,"3101354b":15,"52eca0dc":27,"dc03ebd2":33,"c8977844":25,"d0c104c4":21,"8db62558":29,"b6591e25":25,"3454fa2b":28,"36d340f2":27,"865d9857":22,"6cba74ce":25,"f3d68430":27,"623c6a31":31,"172217e5":24,"1ed46298":34,"13747b82":27,"a47abfbb":25,"8cddb65e":25,"4911acad":22,"b35bb8a1":18,"64db4feb":24,"527ff946":28,"ce3407dd":22,"37fbb107":24,"c67979e6":30,"b460f030":30,"01cd8099":23,"87922532":26,"99d130c9":32,"d82592f4":21,"a543ec74":27,"8b2b601d":26,"b7df1559":29,"d9dcdc4b":29,"e81834aa":27,"5678ed7b":30,"820225e4":15,"1be05c14":21,"045f280d":24,"19f9ca86":33,"8dc9b4db":23,"93ac9ca3":23,"971675c5":27,"f6fe095d":33,"317c1591":17,"312f7676":24,"290b4714":28,"bf30a08f":24,"e0e48a2d":21,"4652b09a":24,"95d331b1":16,"9cb4697f":25,"20811ddf":25,"ec11fe5f":29,"7fdc2007":19,"78b97937":24,"bd62d7ed":21,"062179c1":20,"9496f56f":26,"dc0c8b09":34,"fef750ca":27,"7a4c064c":33,"1dad0f99":23,"385ab7c6":24,"ba938220":20,"ad303bda":33,"e28c2efc":24,"93fdbb44":16,"9d9dd9e5":25,"0f1ac912":16,"383e232d":21,"eb7b4e29":18,"70c1e715":25,"7e991ab9":19,"cbb54a0a":22,"3c6692a3":26,"fd369c21":33,"805af3c7":22,"a577db1c":27,"638cb163":41,"7e76c93c":24,"e3547548":19,"c7636527":25,"30c5d755":33,"3d1af513":22,"761cf820":18,"3652bd66":22,"5acaa06f":18,"82b81567":24,"b8397293":22,"4ac6bd4e":22,"5e193fc8":26,"288d171f":22,"501db4de":25,"69d4b754":25,"53747a91":32,"1247fa52":20,"696fdac5":25,"a0ce82b4":29,"9b172ca8":25,"9d0546ac":21,"c8dc010f":23,"a901627e":15,"3f75d3bc":27,"a5676c24":22,"91f7ef72":24,"4bc46d7a":24,"6e44927f":19,"b2cfdbcf":16,"40e79dd3":27,"a68a93b2":20,"4279e829":27,"0a96f57a":32,"30dbfc69":25,"f734c84c":25,"20e470e0":17,"902f49f5":23,"142d6987":27,"c2bb8aae":20,"546f6845":29,"d3e84616":30,"30dd2edc":22,"dfa1a89b":23,"7d6895f4":24,"0e036ae9":25,"2dda3936":23,"5e09f69e":26,"61d4782d":21,"4125085e":24,"a2c334e7":35,"42c80e69":23,"b230e8d3":24,"725dce8b":24,"e6fac295":23,"2c24d929":28,"cac4449a":21,"74e01f6a":22,"b2bd8fd3":22,"2d382981":26,"b7df1559":30,"95bc84f1":17,"4945c851":35,"cf50e84e":22,"3c782bb3":27,"2cce4fb2":29,"f044c0e1":25,"17b08923":21,"8e4c33d2":26,"6085137f":14,"5099c6a0":35,"b935fc1c":24,"b769bdfb":30,"1da771fb":15,"f1dffa24":17,"cb4f262b":32,"6841f77e":30,"d4d5f466":26,"ad2d7bed":25,"e0e48a2d":22,"5eab91a0":28,"16b476e9":18,"a8c93bed":24,"fe8f3d36":18,"831c7b85":23,"b87158fb":25,"f5e8dfee":27,"07f98660":27,"2b698053":17,"afe8e06a":19,"7af262e5":23,"d7cb9bcf":21,"385ab7c6":25,"2a387957":28,"a1921150":30,"36b7003c":29,"527ff946":29,"9ceb5439":17,"cb6c9e42":35,"1b881e6e":29,"7028b044":24,"7db3edda":30,"284544ba":29,"084cbc0b":23,"6a3eaf43":17,"d1ca5d6b":31,"730338c4":29,"62d1d346":22,"aab4d996":25,"df2b4d87":29,"08a06557":31,"d0c0fc08":24,"8245f916":27,"02d4753e":31,"de11eb19":38,"50312237":26,"8d000d6e":17,"65a00a3c":23,"92f800f5":20,"859545e6":23,"145c7559":27,"1a2c020b":28,"8e780922":29,"c7313e0a":20,"ef14000f":27,"cb142908":25,"e28c2efc":25,"95904ac4":31,"ef8987d7":36,"fafb4cc2":32,"c85a0d80":19,"21ad2f34":20,"e2cbe594":24,"b2c25d1c":30,"b6ee137a":27,"288d171f":23,"40e79dd3":28,"3b7763b1":22,"bfad1727":28,"f734c84c":26,"db703021":23,"4ee62a26":19,"e9adbe58":21,"865d9857":23,"d2a841c9":20,"0277d748":34,"f5596d0f":24,"945b63f0":34,"d6320619":28,"b35bb8a1":19,"74e3d13e":23,"3a1d1632":19,"ed4fad08":23,"71a2a493":16,"110b1ee3":29,"40a745c0":26,"f883d582":26,"66497c7e":16,"c2bb8aae":21,"7ae3fc50":27,"ad8f85d6":25,"17807120":20,"f1098793":25,"64a7f79f":18,"ae8a09c4":22,"d8475b95":22,"0b5a0408":24,"9fc713b0":30,"fb44fa9c":30,"013ee301":25,"b36a0d66":14,"6db0ea86":25,"d36125db":31,"045f280d":25,"6d61bf13":19,"5b60dd1d":25,"3e082b37":24,"016953e4":26,"8e4c33d2":27,"db8ba455":26,"71e53c93":25,"b2cfdbcf":17,"d9a64845":19,"5acce642":26,"935ec056":19,"abad2347":23,"730a4938":33,"b3f19a69":27,"f0a06216":26,"ee21ad02":31,"cfafcda8":20,"64db4feb":25,"c9efc8f6":27,"0670c466":24,"5957df9e":24,"394dc144":31,"2a387957":29,"25d1b2d8":25,"1d790491":26,"088feee2":28,"b7832271":21,"1f342a00":28,"2d54e0a8":23,"d0d6acb1":19,"2a06ab95":29,"fd07e0ed":20,"3062379b":17,"93ac9ca3":24,"6085137f":15,"31f6d707":27,"8c6e001f":16,"40569362":25,"aa021138":34,"868cda42":17,"1623fc9f":21,"c0b0f492":28,"2af60749":21,"57167c74":25,"c1bdfd41":18,"501db4de":26,"b3863630":25,"478d2d4f":31,"2ce1af05":17,"cd522166":35,"67c57de4":35,"e35a63cd":25,"00a17b46":23,"c463799d":28,"7a4c064c":34,"2a4a402a":21,"c38c2b52":24,"a85d89cc":31,"f5e8dfee":28,"faf4f98b":22,"34c5c729":22,"3498f223":17,"9f2b16a7":20,"26dd2000":23,"5a622a23":26,"168e75d9":21,"7d112f4d":25,"1e232870":27,"3ef7432b":26,"e21c6207":19,"945b63f0":35,"0e036ae9":26,"865d9857":24,"2cb29e5a":32,"affb82bf":20,"9a467a82":30,"d2a841c9":21,"35aa7fd0":23,"feb67030":21,"c8dc010f":24,"902f49f5":24,"430a5db5":24,"c2bb8aae":22,"4ee62a26":20,"026766f3":18,"c8977844":26,"0c0e98ea":20,"a533489b":30,"8245f916":28,"67f6e4f2":22,"e0e6a097":19,"cf52025e":19,"eed20185":25,"2c24d929":29,"27c8e038":19,"87922532":27,"bab97de3":32,"48655f09":33,"820225e4":16,"468fc85c":28,"0be540c5":24,"90731976":21,"6c73ae98":20,"a3d4a0e5":30,"4945c851":36,"263762cb":25,"a901627e":16,"a15713c6":34,"aa867541":19,"731fc335":19,"aa76bc50":28,"3f75d3bc":28,"dc03ebd2":34,"d83870f5":28,"f56ac638":20,"16b476e9":19,"0d770b97":34,"93b0a158":23,"290b4714":29,"935ec056":20,"0681c48e":27,"dc473de1":20,"aec4e1bf":26,"540df50f":27,"6df0b2e8":37,"a47abfbb":26,"50d129cf":17,"99e171db":20,"0f1ac912":17,"b88033fd":29,"04643409":21,"39a2fcce":28,"0670c466":25,"a625328f":25,"0fc5ac7e":34,"5747db6e":32,"2c01e624":25,"72d7b461":24,"6751d8e4":34,"b5763ff6":25,"fb7b7b3c":34,"e45b4b53":16,"016953e4":27,"77d35808":25,"fe1d4419":31,"09ff339a":19,"259930ee":27,"d9d7c4c2":31,"ea6de194":16,"b87158fb":26,"753ca352":16,"478d2d4f":32,"8f10fa42":31,"00a17b46":24,"d5059415":24,"8063df14":30,"f7231212":26,"a8c93bed":25,"7a4c064c":35,"2352c8ef":25,"9c29f0ed":31,"8721056e":21,"0785820e":21,"14c682eb":20,"08a06557":32,"a33fe0dd":33,"7be025ce":22,"e1618359":33,"754f98c9":23,"f76a3e83":28,"b946e146":29,"ac38a6a5":18,"fd6dcb20":18,"172217e5":25,"d2a841c9":22,"6d5fcd4c":25,"d1715f3b":25,"80a8a56d":24,"9f2b16a7":21,"ab7467de":32,"168e75d9":22,"77898c22":21,"e0154608":14,"2209903e":29,"07107f6e":29,"fb8bfb36":28,"cc11fef9":22,"4dac6b20":23,"8942c35b":23,"25e0dd3d":26,"31408822":23,"655941a0":35,"65e4235b":28,"0a1d11e6":23,"83b2f9c5":26,"616d6dd6":33,"dc03ebd2":35,"ae016053":26,"fafb4cc2":33,"b0869206":27,"5b5fc566":26,"8493f3b2":28,"4f5e3e7d":20,"00554ffd":34,"4ea4a2a1":29,"92d38723":27,"792c9b6a":24,"8f2a7d69":22,"c609739e":29,"17807120":21,"9c58dd76":30,"87ce8d1d":20,"468fc85c":29,"2cce4fb2":30,"b460f030":31,"a3d4a0e5":31,"0f72f2d8":22,"1138796e":27,"8d753bb6":22,"88a30343":27,"820225e4":17,"0c043224":27,"ca6d2d91":27,"be40590d":18,"dc473de1":21,"227006e4":27,"72805bf5":24,"c4bff41f":20,"031e488e":33,"71279c46":23,"725dce8b":25,"6e98dfda":28,"8a52882e":27,"0670c466":26,"2a387957":30,"1d790491":27,"650bb0e0":26,"9ceb5439":18,"af0b61ab":27,"3062379b":18,"2d1e1e9d":24,"363590c7":23,"82868763":20,"5b60dd1d":26,"fb7b7b3c":35,"014bdff0":20,"437fc3ec":26,"27f52ed3":31,"04bef50c":13,"5acce642":27,"d4d5f466":27,"7f6d1d0e":25,"bb00e71c":20,"b102f7bd":28,"be3a10f8":22,"07f98660":28,"11b2c8d9":18,"76f94eda":21,"dc0c8b09":35,"b9be31d6":21,"9a3ab0b8":24,"ba938220":21,"cd522166":36,"53b4e647":30,"d2466211":27,"7af262e5":24,"7fb4c521":28,"7be025ce":23,"cc6bbe45":23,"08a06557":33,"4777334c":23,"f8b31ce5":30,"d0d6acb1":20,"0fc5ac7e":35,"9ab755d3":24,"272c7672":28,"70c1e715":26,"8dd2684c":24,"7d6895f4":25,"c015ec5a":20,"c4e70c07":19,"a836aa93":21,"0da28f5b":24,"fe578280":24,"a0ce82b4":30,"a4296d1e":33,"21ad2f34":21,"f2086446":24,"7d112f4d":26,"f76a3e83":29,"9d0546ac":22,"f598a332":30,"c45d554f":28,"feb67030":22,"3f9b5722":22,"805534ac":26,"4ee62a26":21,"4360a1a3":24,"026766f3":19,"6f81493d":30,"751acea8":24,"be40590d":19,"7ae3fc50":28,"45b038bb":29,"2e99f8fd":18,"4ba6eb36":23,"332820ce":22,"8493f3b2":29,"9263c525":25,"064a99c8":24,"48655f09":34,"cac4449a":22,"12271e14":20,"a3d4a0e5":32,"195eb771":23,"012de09c":21,"45b5746e":21,"61145ec9":34,"fd482491":26,"b28a5e67":23,"810aa5e9":18,"4652b09a":25,"16b476e9":20,"6c20c153":24,"b0869206":28,"04bef50c":14,"6b82b527":24,"08c6b5d2":23,"3661e12d":28,"49902219":29,"15620dca":27,"eafbf9fb":27,"deb31f35":23,"71a2a493":17,"aec4e1bf":27,"0681c48e":28,"6df0b2e8":38,"5774ac0d":25,"13747b82":28,"0f1ac912":18,"bda8cdfb":22,"90d52475":22,"d1fe2868":20,"815e4582":28,"7e15f8e8":30,"e15fd611":25,"12a2cd4b":24,"868edcc0":32,"69f3bfcc":30,"9c58dd76":31,"2c24d929":30,"b552beb3":18,"f5829ac0":20,"d36125db":32,"b769bdfb":31,"cf50e84e":23,"c564e316":25,"016953e4":28,"6085137f":16,"26f99a1e":27,"437fc3ec":27,"c7ab83c1":21,"b3f19a69":28,"dd3913d2":21,"53b4e647":31,"bd62d7ed":22,"ae95f2ba":27,"d2466211":28,"d78dd457":18,"6a5b71b4":33,"e5b1abc6":27,"e28c2efc":26,"ec11fe5f":30,"4930f321":19,"fee32863":17,"fef750ca":28,"c803b4a3":23,"39ba00f0":25,"aa5dfdf5":24,"084cbc0b":24,"6a3eaf43":18,"b5763ff6":26,"bca2d7cd":18,"b947257e":27,"fce3c5c6":26,"b5ce0c0c":26,"3bad3c95":13,"b320feb9":15,"4c39240e":25,"25776fc4":24,"014460b9":24,"b215547b":19,"90a06ee9":27,"fe578280":25,"c0fea118":20,"f734c84c":27,"7e8e1c3d":27,"cb51f134":25,"80a8a56d":25,"261c9911":29,"69134f07":24,"a0ce82b4":31,"1e7753d9":32,"0a96f57a":33,"c4aa1e38":22,"34658473":21,"fe0df575":23,"8493f3b2":30,"f1862e79":21,"4f5e3e7d":21,"40569362":26,"71bc1295":25,"1c3a30c5":20,"74e01f6a":23,"c650b434":29,"059d6c19":32,"2209903e":30,"3b690f68":28,"0841052c":26,"0af920d8":18,"f4634d0b":27,"c8977844":27,"28654c76":37,"49cb2959":21,"5ef93e5d":18,"d8e58a8c":31,"91f7ef72":25,"195eb771":24,"7c0a2db6":29,"4258c176":24,"d6320619":29,"bc021def":31,"ec2cb1af":29,"b946e146":30,"2dda3936":24,"f2f58418":22,"51f57142":23,"725dce8b":26,"d6d61bfc":32,"9b3f8714":23,"12534561":13,"5eaa1581":24,"a1370ab0":25,"4911acad":23,"aff8e442":26,"1634789b":31,"47d27624":24,"1d790491":28,"f4b2f575":21,"b8ab8e6e":29,"394dc144":32,"9c58dd76":32,"a43061ee":22,"6d802fa2":26,"2c24d929":31,"0f72f2d8":23,"49910300":17,"bab97de3":33,"f277386e":23,"6c73ae98":21,"a4dafea5":18,"3310a049":28,"095ab3b4":20,"6b79fec2":19,"39bbc4bc":39,"5099c6a0":36,"09ff339a":20,"004f1ef3":31,"695a2b92":26,"dffa7793":10,"79be29c8":16,"e0e48a2d":23,"16b476e9":21,"5acce642":28,"bd2705b0":28,"6a7392d5":23,"0bfabf48":30,"629800eb":28,"c1bb74f2":26,"20958d58":18,"c803b4a3":24,"7fdc2007":20,"9c29f0ed":32,"b87158fb":27,"d83294cd":26,"ef14000f":28,"0e2b5d2f":34,"87083264":29,"d78dd457":19,"af0b61ab":28,"84b767be":31,"884b0ad1":17,"b5763ff6":27,"d3a669ac":30,"383e232d":22,"d0d6acb1":21,"3fdb08f5":24,"44c77422":26,"4c39240e":26,"b7505747":30,"4777334c":24,"a81a857c":23,"75ffea08":19,"f121b82c":31,"b2c25d1c":31,"c5b35e4d":22,"c85a0d80":20,"e21c6207":20,"0a92153e":26,"4dac6b20":24,"1b153aef":20,"b8397293":23,"2e99f8fd":19,"3d1af513":23,"06073f13":25,"d0e9a58e":22,"4ea4a2a1":30,"ab7467de":33,"9267f0ef":33,"288d171f":24,"8ea21393":25,"53747a91":33,"9316e7e8":11,"1a2ec5d7":32,"25e0dd3d":27,"40e79dd3":29,"30dbfc69":26,"b7434f57":21,"f789f6d8":29,"fd482491":27,"d5dae4c4":24,"4abb7aed":21,"3c0df8b4":26,"906fdec3":22,"dd035d2a":19,"20e470e0":18,"19e9776f":28,"30d84dce":23,"315537b2":22,"affb82bf":21,"ec2cb1af":30,"9e206c95":27,"9c045c61":26,"0e036ae9":27,"eafbf9fb":28,"35aa7fd0":24,"5eaa1581":25,"8cddb65e":26,"f94bf9ea":15,"c93c3508":14,"61d4782d":22,"51f80f4c":33,"a9b1bd51":19,"77f31bab":34,"44a4f7cd":21,"5a0eb771":19,"8a52882e":28,"650bb0e0":27,"93fdbb44":17,"064a99c8":25,"742f1425":26,"dd1fcb17":25,"12a2cd4b":25,"35b58ef9":17,"2d382981":27,"8cf83787":21,"ae8a09c4":23,"2d1e1e9d":25,"69f3bfcc":31,"4b3e3b1c":24,"411b5027":27,"1438fad7":23,"d6db2b02":27,"27f52ed3":32,"b1f58563":25,"a40846b7":35,"ea9bba6b":25,"317c1591":18,"22aeaf03":23,"3c43e8a2":28,"6ee92259":25,"9d4f1fe6":25,"ae99df30":20,"bb00e71c":21,"4258c176":25,"6775d5cd":19,"f0a06216":27,"a06a6430":23,"a567ace4":24,"8721056e":22,"76f94eda":22,"056ea7ff":23,"1105f790":28,"8b5a8e9f":38,"87083264":30,"b9be31d6":22,"e35a63cd":26,"dd3913d2":22,"4f59a322":21,"78467b8a":28,"00a17b46":25,"26c390d6":22,"7e991ab9":20,"8657c79d":31,"ef1c2dcb":26,"84b67924":22,"1f342a00":29,"3062379b":19,"638cb163":42,"fce3c5c6":27,"868cda42":18,"7043382d":25,"75ffea08":20,"ca7d47f7":34,"4c39240e":27,"f598a332":31,"2e99f8fd":20,"5acaa06f":19,"40569362":27,"c7c4ec5c":25,"36fb15d2":19,"3d1af513":24,"4ea4a2a1":31,"501db4de":27,"80a8a56d":26,"26dd2000":24,"8e780922":30,"6490bac6":26,"27d8bf51":31,"104721f0":24,"2ad42a9e":23,"d548635d":26,"5fa12feb":28,"c85a0d80":21,"142d6987":28,"261c9911":30,"d9d0c567":22,"61145ec9":35,"2c6cb96f":19,"00a481e3":26,"b28a5e67":24,"f789f6d8":30,"f905a555":27,"9d0546ac":23,"0c0e98ea":21,"6e24d88b":21,"0841052c":27,"4ee62a26":22,"b6591e25":26,"56d315d8":22,"d6320619":30,"22ecaed0":22,"53a8613c":29,"bb99c79c":27,"30dd2edc":23,"945b63f0":36,"0277d748":35,"c64de0c0":22,"9b3f8714":24,"5ac86fb9":28,"40860a4b":19,"4125085e":25,"b7cc7909":24,"af034fee":22,"13f0e139":25,"481754fc":14,"4cc141fa":19,"48655f09":35,"946df4fd":25,"aefe13f5":33,"1c3a30c5":21,"17b08923":22,"3310a049":29,"b36a0d66":15,"4b3e3b1c":25,"d6db2b02":28,"54a676d6":19,"07fc4a9a":24,"8dc9b4db":24,"5623817d":25,"83086d4c":24,"5270f158":27,"60e855ee":24,"e45b4b53":17,"6d61bf13":20,"1bb4ccc0":18,"67d30f2b":29,"f0a06216":28,"79be29c8":17,"6775d5cd":20,"ae99df30":21,"d39724bc":26,"6034b6d0":29,"9b546d65":23,"478d2d4f":33,"87cd2add":25,"cfafcda8":21,"d83294cd":27,"ffa08d82":19,"b87158fb":28,"5f7d7195":26,"c81b2bcf":22,"ccf8b803":23,"bad1a1cc":20,"04643409":22,"a983a6dc":25,"527ff946":30,"9fa62fee":24,"f4726450":21,"ea822700":23,"1f342a00":30,"70c1e715":27,"8cd78f77":32,"d3a669ac":31,"4c39240e":28,"b377a62a":24,"5a0ead91":16,"45b038bb":30,"9263c525":26,"4ba6eb36":24,"40569362":28,"7a2f3f06":21,"4777334c":25,"14c682eb":21,"b320feb9":16,"08a06557":34,"92f800f5":21,"0a92153e":27,"1a2c020b":29,"3bad3c95":14,"9267f0ef":34,"72b84094":30,"b73e789c":24,"1745a0f4":23,"9aa6a054":23,"20958d58":19,"b8488fc8":20,"d2466211":29,"7c0a2db6":30,"b2cfdbcf":18,"43bc86e3":28,"44ff8baa":22
1604737444240,"dd1fcb17":26,"c6e3d352":23,"792cfcbd":24,"b2bd8fd3":23,"cac4449a":23,"dfc89705":25,"64a7f79f":19,"a24e6670":30,"a6bcb07e":27,"b552beb3":19,"de36827b":30,"05642105":22,"3310a049":30,"e81834aa":28,"6ce84ff8":23,"fb7b7b3c":36,"3c43e8a2":29,"7ee148e9":23,"8274885a":23,"dc583e64":19,"e7773397":26,"57540cc3":21,"9de29816":22,"53a8613c":30,"6cba74ce":26,"36d340f2":28,"affb82bf":22,"3f65f121":26,"ed4fad08":24,"2132fe93":29,"8d04852b":29,"1ed46298":35,"bfcb912a":27,"3d1af513":25,"6585adbe":14,"6f0fcb9d":32,"5a0ead91":17,"7a6aa4b6":26,"00554ffd":35,"5ee911b5":24,"a43061ee":23,"dd1fcb17":27,"540df50f":28,"9f5e6cba":25,"449d8475":26,"794f652b":19,"50d129cf":18,"4ed01268":28,"088feee2":29,"527ff946":31,"ccf8b803":24,"de6213c7":37,"6e851762":26,"f271ed5d":19,"aa5dfdf5":25,"3c6692a3":27,"fb7482fe":22,"2d13e69b":27,"f1098793":26,"12271e14":21,"ae8a09c4":24,"73b15e04":24,"aefe13f5":34,"b552beb3":20,"de36827b":31,"17b08923":23,"0be540c5":25,"05642105":23,"2c6cb96f":20,"d9a64845":20,"aa867541":20,"dd035d2a":20,"ee75b607":23,"dffa7793":11,"677c6a09":37,"d815c5b4":32,"4652b09a":26,"2882a956":21,"b3f19a69":29,"e45b4b53":18,"3310a049":31,"d9dcdc4b":30,"42191b64":22,"5781776a":24,"971675c5":28,"27f52ed3":33,"f1dffa24":18,"3712c4bd":24,"e1618359":34,"972f4174":28,"1e191c98":22,"efd23af5":26,"d34a29b9":29,"cd421290":21,"4279e829":28,"5a622a23":27,"0841052c":28,"ebdbf580":25,"a4f1d83b":23,"feb67030":23,"30d84dce":24,"6490bac6":27,"e62d705f":17,"be40590d":20,"af157d29":30,"4469c815":10,"4d35385e":16,"6d5fcd4c":26,"ccdd1ce6":16,"6143f39d":22,"6de0aaac":21,"753ca352":17,"dfcc2ad1":23,"cc5a1d47":25,"ba938220":22,"55928ef1":27,"7a4c064c":36,"a567ace4":25,"c38c2b52":25,"fead11cf":26,"a06a6430":24,"f2e3c0e3":20,"7e95c5a0":23,"f5e8dfee":29,"fee32863":18,"82b81567":25,"2e99f8fd":21,"67f6e4f2":23,"332820ce":23,"fe0df575":24,"d0c0fc08":25,"06073f13":26,"35aa7fd0":25,"74e3d13e":24,"540df50f":29,"c93c3508":15,"725dce8b":27,"24a9fb86":28,"394dc144":33,"60d6cee2":22,"1634789b":32,"faf3ed07":27,"5d087c79":26,"794f652b":20,"789bd484":21,"e99318a3":24,"730338c4":30,"70bc8325":26,"c0e2624b":24,"1f342a00":31,"2c627253":18,"a0b03218":31,"17807120":22,"eed20185":26,"12271e14":22,"b2bd8fd3":24,"4febf7c5":28,"2198ba8e":18,"1438fad7":24,"49cb2959":22,"4bc46d7a":25,"45b5746e":22,"1d44aff3":25,"fe44fc6f":25,"345c9967":27,"dd035d2a":21,"d39724bc":27,"2882a956":22,"d1d40c9c":26,"5acce642":29,"4b3e3b1c":26,"1f88a4b7":25,"90731976":22,"8b2b601d":27,"09f0db62":30,"28d40296":20,"14c682eb":22,"e32524d6":24,"08a06557":35,"f8b31ce5":31,"0a92153e":28,"638cb163":43,"be2955bb":23,"104721f0":25,"2045d7d6":26,"8e99d5d0":25,"655954ba":20,"72b84094":31,"ab7d4c9a":29,"9d0546ac":24,"430a5db5":25,"972f4174":29,"8f9b74b0":19,"cf1124db":20,"a4f1d83b":24,"4dac6b20":25,"5272520d":25,"cd421290":22,"e1f0dbfd":24,"ddec9e54":18,"cd3bbe7e":27,"27d8bf51":32,"ca6d2d91":28,"489a39f7":21,"3c43e8a2":30,"1db42092":29,"3e082b37":25,"095ab3b4":21,"5270f158":28,"c318d350":25,"93ac9ca3":25,"50c3164b":23,"7028b044":25,"b946e146":31,"15620dca":28,"217c0327":21,"bc021def":32,"ac38a6a5":19,"ec2cb1af":31,"f2f58418":23,"cb4f262b":33,"ea4d3f3e":27,"fea793f5":26,"cd522166":37,"abd32136":22,"a59a8290":28,"053f3451":23,"8b5a8e9f":39,"fe8f3d36":19,"7566fdd6":27,"eebc8d43":20,"91536e85":22,"4f59a322":22,"9d023afb":30,"0042f6eb":35,"9496f56f":27,"53b4e647":32,"7ae3fc50":29,"9260d96b":27,"3a1b9af5":17,"2e99f8fd":22,"00554ffd":36,"b2a8761b":25,"0cb80f4a":26,"aec4e1bf":28,"181c3dd5":29,"9b3f8714":25,"b7cc7909":25,"725dce8b":28,"9f5e6cba":26,"aa9ea5e8":22,"c6c85783":25,"99e171db":21,"815e4582":29,"bad1a1cc":21,"9d63c4dd":27,"789bd484":22,"d1fe2868":21,"26c6fa34":29,"24d24fa3":17,"812b4f15":27,"aefe13f5":35,"48655f09":36,"ad8f85d6":26,"bc392d1c":22,"fd482491":28,"cf1b8c47":26,"43bc86e3":29,"a5fd8ffd":31,"2dd0e808":32,"a0cf08b3":23,"6e44927f":20,"4ff2225d":21,"49910300":18,"e81834aa":29,"5ab7bc35":27,"b320feb9":17,"25776fc4":25,"e32524d6":25,"685207b3":25,"37a7d5b0":33,"bd984a8e":21,"04ea5673":27,"e786063b":24,"655954ba":21,"72b84094":32,"f598a332":32,"9267f0ef":35,"8f9b74b0":20,"3b7763b1":23,"f76a3e83":30,"9d4da635":22,"1e232870":28,"ddec9e54":19,"4295ce9a":21,"d25e0f8d":24,"30dbfc69":27,"e21c6207":21,"0d5ee801":23,"f9f2c53f":19,"381c68fa":28,"d033db8d":24,"5ccf94d6":28,"bab97de3":34,"a24e6670":31,"263762cb":26,"f2470875":25,"11888cfa":24,"016953e4":29,"e7e82473":31,"7ee148e9":24,"26c390d6":23,"7028b044":26,"d552eb2f":14,"92efd84f":23,"4bcd4a30":39,"aaa274a5":26,"911e770b":19,"7080f122":20,"affb82bf":23,"6cba74ce":27,"5b60dd1d":27,"fb7b7b3c":37,"39bbc4bc":40,"d4d5f466":28,"1c0a9eff":22,"b3f19a69":30,"fea793f5":27,"ae99df30":22,"7fef9973":33,"7f6d1d0e":26,"afe8e06a":20,"f2e3c0e3":21,"fe8f3d36":20,"f1df62b4":26,"55928ef1":28,"cd522166":38,"0bfabf48":31,"c1bb74f2":27,"ad303bda":34,"0d28db94":23,"05f6ab35":28,"ba938220":23,"7e95c5a0":24,"0785820e":22,"31f6d707":28,"379184a7":32,"ea274174":24,"c7c4ec5c":26,"45b038bb":31,"a533489b":31,"49bf2e95":20,"3f65f121":27,"af157d29":31,"3454fa2b":29,"18815a1b":20,"5ac86fb9":29,"deb31f35":24,"13747b82":29,"c93c3508":16,"bc3dc66a":23,"e4714415":27,"b35bb8a1":20,"088feee2":30,"66d94227":15,"394dc144":34,"1a0189c4":23,"cf775f58":27,"6e98dfda":29,"5339e1e9":22,"792cfcbd":25,"cf52025e":20,"812b4f15":28,"6e44927f":21,"69eeae0d":27,"71ba7561":20,"ae016053":27,"9fc713b0":31,"ad8f85d6":27,"c5b35e4d":23,"c015ec5a":21,"a3253019":31,"2af60749":22,"8ea21393":26,"1247fa52":21,"27d8bf51":33,"e786063b":25,"d548635d":27,"0a96f57a":34,"25776fc4":26,"6f81493d":31,"4c4aa2e2":23,"c8fcad77":19,"da3437cd":22,"110b1ee3":30,"24d24fa3":18,"0f72f2d8":24,"26009d3f":23,"e0f7679f":26,"a24e6670":32,"45fb95c1":21,"6c73ae98":22,"95bc84f1":18,"28d41578":19,"5410e9c6":23,"60e855ee":25,"2c5c1dc0":22,"77d35808":26,"af0b61ab":29,"a625328f":26,"272c7672":29,"dd7acb96":29,"e58b26f6":21,"6a3eaf43":19,"084cbc0b":25,"09ff339a":21,"39bbc4bc":41,"82868763":21,"2e3503e4":25,"142d6987":29,"9d0546ac":25,"e5d3655c":31,"6e24d88b":22,"4e3f5178":27,"f1b493de":28,"719c8869":29,"fb8bfb36":29,"c3e6ef01":35,"4295ce9a":22,"8942c35b":24,"28654c76":38,"a15713c6":35,"d9a64845":21,"f56ac638":21,"935ec056":21,"51a3e9c2":23,"20811ddf":26,"67d30f2b":30,"0d770b97":35,"e4c312fe":18,"831c7b85":24,"eb2e1983":27,"20958d58":20,"e28c2efc":27,"d78dd457":20,"d83294cd":28,"9a07d89b":23,"9fce073c":30,"25a2844e":26,"67c57de4":36,"95539a58":16,"6c524f99":20,"7a2f3f06":22,"cfe72ead":18,"3a1b9af5":18,"57540cc3":22,"ac38a6a5":20,"9de29816":23,"ec2cb1af":32,"558d5ce7":29,"1d153b20":22,"88432019":24,"b230e8d3":25,"5e09f69e":27,"288a2c43":26,"3c18f28e":26,"f94bf9ea":16,"162a7348":24,"5774ac0d":26,"b88033fd":30,"449d8475":27,"0670c466":27,"5f7d7195":27,"ea274174":25,"fe0df575":25,"ef16ca37":23,"06073f13":27,"cf9f4757":19,"8ac72326":25,"a472532e":21,"17807120":23,"b2bd8fd3":25,"04612878":19,"12271e14":23,"6be9332a":28,"eed20185":27,"d82592f4":22,"820225e4":18,"b2703001":24,"de36827b":32,"e8f173b5":19,"6c73ae98":23,"815e4582":30,"36b7003c":30,"6e98dfda":30,"730338c4":31,"70bc8325":27,"72d7b461":25,"0bd93cfd":17,"835358a0":17,"1f7607df":15,"8657c79d":32,"26009d3f":24,"25635c37":25,"045f280d":26,"014bdff0":21,"3c43e8a2":31,"f2470875":26,"09f0db62":31,"5099c6a0":37,"c95719e5":19,"e865e4dd":24,"71e53c93":26,"83b2f9c5":27,"5f96c2bc":17,"8a165e17":29,"dd035d2a":22,"ee21ad02":32,"04bef50c":15,"1757a30e":20,"6c20c153":25,"04cc7cbe":18,"5acce642":30,"c0b23081":27,"82204d54":23,"19551bad":23,"5f4102da":24,"30c184b8":22,"e5d3655c":32,"1a68160d":24,"4777334c":26,"1e7753d9":33,"ccb5ea3e":18,"5e193fc8":27,"7be025ce":24,"381c68fa":29,"c45d554f":29,"f598a332":33,"1f11812e":21,"7d112f4d":27,"754f98c9":24,"014460b9":25,"bb98a6cf":29,"3498f223":18,"ab7467de":34,"f2086446":25,"08a06557":36,"059d6c19":33,"8ea21393":27,"cb51f134":26,"f8b31ce5":32,"c2bb8aae":23,"fb8bfb36":30,"44c77422":27,"c650b434":30,"467773ac":24,"af157d29":32,"2cb29e5a":33,"ac38a6a5":21,"fd6dcb20":19,"f3d68430":28,"ef8321d8":22,"315537b2":23,"b7cc7909":26,"e9a8cf11":21,"0681c48e":29,"40860a4b":20,"1ed46298":36,"a1370ab0":26,"71279c46":24,"a9b1bd51":20,"66d94227":16,"815e4582":31,"36b7003c":31,"8c6e001f":17,"9260d96b":28,"ef16ca37":24,"358e45b1":33,"1bd5b20b":22,"45b038bb":32,"b4fdf90e":28,"11b2c8d9":19,"91536e85":23,"2a76f1dd":23,"76f94eda":23,"c1bb74f2":28,"621d6b18":23,"77bfed7e":31,"c38c2b52":26,"7fb4c521":29,"cc5a1d47":26,"064a99c8":26,"b460f030":32,"f1098793":27,"12a2cd4b":26,"bad6cdb1":25,"2d382981":28,"d82592f4":23,"1438fad7":25,"cf50e84e":24,"1f88a4b7":26,"f2364460":26,"0670c466":28,"8a52882e":29,"272c7672":30,"9147702f":22,"7db3edda":31,"88b3bc99":24,"af0b61ab":30,"fd07e0ed":21,"2f455cce":16,"8298e976":31,"6a60348e":29,"0be540c5":26,"26009d3f":25,"578f6e9e":28,"836701f6":22,"6d61bf13":21,"95d3d348":25,"25635c37":26,"3712c4bd":25,"8274885a":24,"c91966ce":17,"91f7ef72":26,"aa867541":21,"d9d0c567":23,"2dd0e808":33,"6e44927f":22,"69eeae0d":28,"67d30f2b":31,"d39724bc":28,"1bb4ccc0":19,"ea4d3f3e":28,"4b125e7b":25,"730a4938":34,"5eab91a0":29,"34c5c729":23,"a81a857c":24,"be2955bb":24,"65a00a3c":24,"2154b6e8":21,"cb51f134":27,"25776fc4":27,"9b742f71":25,"0a92153e":29,"37a7d5b0":34,"d9f512b9":30,"8e99d5d0":26,"cc11fef9":23,"9b172ca8":26,"b7505747":31,"6e24d88b":23,"4eed1bea":28,"0c043224":28,"4e5aaaec":15,"93683c82":24,"f9f2c53f":20,"4360a1a3":25,"5a622a23":28,"913a6226":21,"110b1ee3":31,"feb67030":24,"be40590d":21,"f4343817":23,"945b63f0":37,"b946e146":32,"172217e5":26,"140ce69e":27,"ec2cb1af":33,"d6320619":31,"af157d29":33,"31f6ba51":26,"a47abfbb":27,"0681c48e":30,"a6003226":25,"3c18f28e":27,"5a734022":19,"deb31f35":25,"d33790a2":27,"1ff8c2fc":28,"b8397293":24,"b7407bd3":31,"cfe72ead":19,"5acaa06f":20,"49bf2e95":21,"9d023afb":31,"9a3ab0b8":25,"1745a0f4":24,"55928ef1":29,"8ac72326":26,"d83294cd":29,"831c7b85":25,"8b5a8e9f":40,"9c29f0ed":33,"0f89862c":22,"4f59a322":23,"e57d5cda":35,"0d7d88f1":24,"9f74b8a4":27,"9c58dd76":33,"b6aaf976":29,"ac62fac2":27,"12271e14":24,"3e602573":18,"f1098793":28,"4cc141fa":20,"23760167":21,"5339e1e9":23,"84369269":20,"97e75c19":29,"6e98dfda":31,"cb6c9e42":36,"c98d5272":27,"af0b61ab":31,"911e770b":20,"3c6692a3":28,"835358a0":18,"e58b26f6":22,"fb7482fe":23,"f4726450":22,"6db0ea86":26,"59431390":32,"4b3e3b1c":27,"54a676d6":20,"3310a049":32,"489a39f7":22,"7732eb1e":33,"8e4c33d2":28,"09f0db62":32,"e45b4b53":19,"c0b7e7d7":29,"5410e9c6":24,"a40846b7":36,"7ee148e9":25,"e865e4dd":25,"0a1d11e6":24,"a0cf08b3":24,"b2cfdbcf":19,"1d44aff3":26,"d9d0c567":24,"fafb4cc2":34,"6775d5cd":21,"93b0a158":24,"79be29c8":18,"7ee7621c":21,"1a442bc7":25,"37d0cae2":20,"cb4f262b":34,"470d50c2":22,"e1571af7":30,"0a92153e":30,"2af60749":23,"4b4ecbce":23,"d9d7c4c2":32,"6fb4cdda":27,"7e76c93c":25,"c4feee5b":28,"49b358bd":25,"104721f0":26,"3b690f68":29,"9bdf362a":19,"d34a29b9":30,"4c39240e":29,"e62d705f":18,"feb67030":25,"cf1124db":21,"77898c22":22,"751bcf25":24,"7e8e1c3d":28,"ded7da5a":24,"0af920d8":19,"547903ef":31,"f883d582":27,"ca6d2d91":29,"7bebff03":21,"f4343817":24,"57540cc3":23,"2cb29e5a":34,"4469c815":11,"a77e8461":16,"f3d68430":29,"0277d748":36,"558d5ce7":30,"be149c6f":25,"d6d61bfc":33,"6867261a":22,"db0a661e":23,"9260d96b":29,"608bc832":18,"b377a62a":25,"1bd5b20b":23,"5ee911b5":25,"45b038bb":33,"fee32863":19,"ba5c52af":20,"0042f6eb":36,"e28c2efc":28,"a8c93bed":26,"cfafcda8":22,"f1df62b4":27,"30c184b8":23,"9fce073c":31,"fe8f3d36":21,"cc5a1d47":27,"753ca352":18,"87083264":31,"50c468ba":19,"a543ec74":28,"baebb391":30,"b2bd8fd3":26,"03dcfa3d":22,"99d130c9":33,"0681c48e":31,"ed4fad08":25,"51f80f4c":34,"6632fed0":36,"cf775f58":28,"bda8cdfb":23,"36684155":27,"1a0189c4":24,"93fdbb44":18,"1b881e6e":30,"842c8340":22,"b5763ff6":28,"fd07e0ed":22,"bca2d7cd":19,"6751d8e4":35,"2c01e624":26,"cbb54a0a":23,"b947257e":28,"04612878":20,"12a2cd4b":27,"0b5a0408":25,"ce4da56f":19,"a24e6670":33,"0d2c95fe":23,"6d802fa2":27,"a3d4a0e5":33,"88a30343":28,"312f7676":25,"f1dffa24":19,"83086d4c":25,"82868763":22,"e865e4dd":26,"3101354b":16,"00a481e3":27,"08a561b7":18,"731fc335":20,"537634c9":22,"83b2f9c5":28,"51a3e9c2":24,"8bc04eb5":20,"9cb4697f":26,"95d331b1":17,"e4117b3b":20,"5623817d":26,"6b79fec2":20,"004f1ef3":32,"8e780922":31,"d9f512b9":31,"b5ce0c0c":27,"470d50c2":23,"ea6de194":17,"1a68160d":25,"e32524d6":26,"f76a3e83":31,"25776fc4":28,"ab7d4c9a":30,"638cb163":44,"69134f07":25,"ffc86f94":22,"e9679ede":22,"f883d582":28,"f4634d0b":28,"430a5db5":26,"ab7467de":35,"059d6c19":34,"e2a7d915":29,"e2cbe594":25,"20e470e0":19,"92136ff5":30,"74f234c6":25,"debe1f65":30,"a68a93b2":21,"bc09fa9e":22,"a851554d":27,"a63bddd4":28,"dfa1a89b":24,"7d6895f4":26,"d2a841c9":23,"f3d68430":30,"0e036ae9":28,"ef8321d8":23,"6585adbe":15,"c4aa1e38":23,"ae99df30":23,"bf30a08f":25,"eebc8d43":21,"78467b8a":29,"8f10fa42":32,"b87158fb":29,"53b4e647":33,"92ca52b7":27,"91536e85":24,"30c184b8":24,"d5059415":25,"5f4102da":25,"f1df62b4":28,"056ea7ff":24,"ad303bda":35,"9c29f0ed":34,"8493f3b2":31,"4ea4a2a1":32,"92d38723":28,"db0a661e":24,"00554ffd":37,"03dcfa3d":23,"5e09f69e":28,"288a2c43":27,"31f6ba51":27,"12534561":14,"bfcb912a":28,"a2c334e7":36,"72805bf5":25,"23760167":22,"e99318a3":25,"84369269":21,"39a2fcce":29,"6adce358":26,"97e75c19":30,"faf3ed07":28,"6e851762":27,"70bc8325":28,"5747db6e":33,"ef1c2dcb":27,"884b0ad1":18,"730338c4":32,"27c8e038":20,"12a2cd4b":28,"12271e14":25,"04612878":21,"b460f030":33,"74e01f6a":24,"26009d3f":26,"8aa78e2f":25,"69f3bfcc":32,"b84a06eb":30,"e81834aa":30,"17b08923":24,"868edcc0":33,"28654c76":39,"012de09c":22,"313258f2":24,"95904ac4":32,"906fdec3":23,"d9a64845":22,"da04caac":23,"bf30a08f":26,"95d3d348":26,"3f2522c2":25,"971675c5":29,"6b79fec2":21,"36380d96":26,"0a2f71bc":17,"c7313e0a":21,"a577db1c":28,"e1618359":35,"ba30e43a":33,"5f620a1e":28,"efe84c27":23,"9bdf362a":20,"9b742f71":26,"180377be":20,"dbc9df44":21,"4279e829":29,"37a7d5b0":35,"ded7da5a":25,"b7505747":32,"93683c82":25,"80a8a56d":27,"0c0e98ea":22,"44ff8baa":23,"cf1124db":22,"f9f2c53f":21,"18d20aa1":23,"30d84dce":25,"a4f1d83b":25,"21ad2f34":22,"913a6226":22,"20777945":26,"095ab3b4":22,"6ce84ff8":24,"c7ab83c1":22,"2c627253":19,"558d5ce7":31,"dfa1a89b":25,"d6320619":32,"9a467a82":31,"21ee2afe":25,"865d9857":25
1604737445187,"51f57142":24,"4652b09a":27,"d1d40c9c":27,"290b4714":30,"04cc7cbe":19,"1c0a9eff":23,"124fbe96":24,"c463799d":29,"cd522166":39,"fead11cf":27,"2352c8ef":26,"7fb4c521":30,"76f94eda":24,"6a7392d5":24,"c803b4a3":25,"733c86f8":22,"a0685bf3":28,"c8113b77":25,"b73e789c":25,"629800eb":29,"0d7d88f1":25,"4ba6eb36":25,"0cb80f4a":27,"332820ce":24,"9e878ec2":31,"4ea4a2a1":33,"0ac825ed":25,"7a6aa4b6":27,"8d04852b":30,"d6d61bfc":34,"5f6613c8":26,"f94bf9ea":17,"64db4feb":26,"c852d240":26,"6632fed0":37,"bda8cdfb":24,"93fdbb44":19,"77f31bab":35,"b8ab8e6e":30,"04643409":23,"ccf8b803":25,"37fbb107":25,"f069bb07":32,"04612878":22,"ae8a09c4":25,"458dcc3d":24,"2c24d929":32,"87922532":28,"03dcfa3d":24,"4febf7c5":29,"7732eb1e":34,"1438fad7":26,"c91966ce":18,"a472532e":22,"52eca0dc":28,"5f0c1b9d":32,"69eeae0d":29,"56473430":21,"fd482491":29,"f044c0e1":26,"32c9fc47":21,"0be540c5":27,"1db42092":30,"a24e6670":34,"263762cb":27,"5623817d":27,"8e780922":32,"06ee61b6":23,"4577b333":23,"d9f512b9":32,"f598a332":34,"0dad37d5":20,"08a06557":37,"7f86be64":28,"caddd0a7":27,"2af60749":24,"e0154608":15,"f76a3e83":32,"b320feb9":18,"d70ca4f4":31,"75ffea08":21,"c2bb8aae":24,"7a9344a4":17,"56d315d8":23,"ded7da5a":26,"430a5db5":27,"4eed1bea":29,"7e8e1c3d":29,"66b7b5b4":22,"cd3bbe7e":28,"2209903e":31,"27d8bf51":34,"21ad2f34":23,"e1f0dbfd":25,"363590c7":24,"fe1d4419":32,"a40846b7":37,"22aeaf03":24,"60e855ee":26,"70bc8325":29,"bca2d7cd":20,"884b0ad1":19,"0d2a1c58":15,"835358a0":19,"8657c79d":33,"140ce69e":28,"dfa1a89b":26,"4d35385e":17,"af157d29":34,"2882a956":23,"e4117b3b":21,"93b0a158":25,"d39724bc":29,"d4d5f466":29,"5acce642":31,"cb4f262b":35,"7af262e5":25,"f5e8dfee":30,"062179c1":21,"fee32863":20,"c463799d":30,"f7231212":27,"c38c2b52":27,"f67de058":23,"d7cb9bcf":22,"f2e3c0e3":22,"93b9fae6":19,"7566fdd6":28,"a06a6430":25,"faf4f98b":23,"92d38723":29,"fe0df575":26,"40569362":29,"02d4753e":32,"554ebb83":26,"ea274174":26,"b35e9e1a":34,"546f6845":30,"22176537":20,"88432019":25,"31f6ba51":28,"35aa7fd0":26,"03b4ab60":25,"5ac86fb9":30,"540df50f":30,"64db4feb":27,"3c18f28e":28,"97e75c19":31,"44a4f7cd":22,"e99318a3":26,"a1921150":31,"8ec3834d":17,"b88033fd":31,"9ceb5439":19,"aa00769b":35,"74e01f6a":25,"17807120":24,"2c24d929":33,"71e53c93":27,"b28a5e67":25,"4abb7aed":22,"345c9967":28,"e865e4dd":27,"cf52025e":21,"71bc1295":26,"812b4f15":29,"95f6db13":19,"0d2c95fe":24,"d36125db":33,"1db42092":31,"90731976":23,"25776fc4":29,"28d40296":21,"f598a332":35,"ba30e43a":34,"5e193fc8":28,"c0b0f492":29,"6b78ad7f":30,"b320feb9":19,"36380d96":27,"14c682eb":23,"acac14fb":20,"c85a0d80":22,"a577db1c":29,"180377be":21,"655954ba":22,"8942c35b":25,"b7434f57":22,"751acea8":25,"5ccf94d6":29,"c2bb8aae":25,"bc09fa9e":23,"de36827b":33,"fb44fa9c":31,"93ac9ca3":26,"b769bdfb":32,"5623817d":28,"6b79fec2":22,"835358a0":20,"84b767be":32,"d0d6acb1":22,"084cbc0b":26,"a6626a13":16,"ef1c2dcb":28,"7028b044":27,"8274885a":25,"3f2522c2":26,"437fc3ec":28,"f3a0c2ee":20,"db8ba455":27,"e0e48a2d":24,"dffa7793":12,"1bb4ccc0":20,"bec9d329":29,"e4c312fe":19,"6b82b527":25,"5eab91a0":30,"b102f7bd":29,"1bc0591f":23,"d78dd457":21,"5f4102da":26,"8b5a8e9f":41,"ba5c52af":21,"0d28db94":24,"8721056e":23,"8ac72326":27,"abd32136":23,"d83294cd":30,"07107f6e":30,"467773ac":25,"4dac6b20":26,"e21c6207":22,"8f9b74b0":21,"0a96f57a":35,"77898c22":23,"332820ce":25,"761cf820":19,"4ba6eb36":26,"dfa1a89b":27,"b9a48a5c":21,"53a8613c":31,"2cb29e5a":35,"9c045c61":27,"8cc4a982":25,"8dd2684c":25,"b230e8d3":26,"d6d61bfc":35,"deb31f35":26,"b35bb8a1":21,"7af9d3b1":18,"a2c334e7":37,"1ed46298":37,"0f1ac912":19,"6e98dfda":32,"789bd484":23,"527ff946":32,"bda8cdfb":25,"0670c466":29,"d5557fb4":32,"02d4753e":33,"f1862e79":22,"1ff8c2fc":29,"06073f13":28,"59c1e594":32,"f1df62b4":29,"4930f321":20,"87083264":32,"a5676c24":23,"a0bc1ceb":21,"c609739e":30,"a43061ee":24,"ae8a09c4":26,"e1571af7":31,"62d1d346":23,"4c4aa2e2":24,"a81a857c":25,"06ee61b6":24,"655954ba":23,"24ffcbd3":29,"501db4de":28,"c8fcad77":20,"3498f223":19,"4777334c":27,"9f2b16a7":22,"4577b333":24,"69d4b754":26,"2d382981":29,"90731976":24,"b2703001":25,"cac4449a":24,"69f3bfcc":33,"6a60348e":30,"0d2c95fe":25,"11888cfa":25,"95f6db13":20,"c95719e5":20,"884b0ad1":20,"70c1e715":28,"eb7b4e29":19,"6751d8e4":36,"22234d6b":26,"af0b61ab":32,"7db3edda":32,"60e855ee":27,"83086d4c":26,"8dd649a3":20,"fb7b7b3c":38,"6ce84ff8":25,"a40846b7":38,"a15713c6":36,"b28a5e67":26,"49cb2959":23,"7c0a2db6":31,"a5fd8ffd":32,"91f7ef72":27,"51a3e9c2":25,"5acce642":32,"91b28f83":26,"290b4714":31,"aa187e3b":20,"bf30a08f":27,"9a07d89b":24,"07f98660":29,"cc11fef9":24,"059d6c19":35,"142d6987":30,"40a745c0":27,"110b1ee3":32,"0149e11a":21,"0c0e98ea":23,"cd421290":23,"180377be":22,"d25e0f8d":25,"261c9911":31,"26dd2000":25,"ded7da5a":27,"daab45c6":20,"e9adbe58":22,"9e206c95":28,"f5596d0f":25,"57540cc3":24,"76f3a3be":20,"21ee2afe":26,"315537b2":24,"72805bf5":26,"12012fbd":30,"a2c334e7":38,"12534561":15,"b35bb8a1":22,"815e4582":32,"f94bf9ea":18,"71279c46":25,"c67979e6":31,"50d129cf":19,"088feee2":31,"47d27624":25,"7a2f3f06":23,"608bc832":19,"45b038bb":34,"8493f3b2":32,"1bd5b20b":24,"0ac825ed":26,"d33790a2":28,"c803b4a3":26,"9d023afb":32,"b3f19a69":31,"d7cb9bcf":23,"b87158fb":30,"8007f30e":16,"a85d89cc":32,"fee32863":21,"753ca352":19,"c6dc900c":26,"43d87483":22,"e57d5cda":36,"eb2e1983":28,"fce3c5c6":28,"0b959527":20,"a33fe0dd":34,"3fdb08f5":25,"c8fcad77":21,"baebb391":31,"eed20185":28,"e6fac295":24,"26c6fa34":30,"24d24fa3":19,"1c3a30c5":22,"481754fc":15,"d36125db":34,"b84a06eb":31,"59431390":33,"d9dcdc4b":31,"bab97de3":35,"8ec3834d":18,"99e171db":22,"26c390d6":24,"0bd93cfd":18,"bca2d7cd":21,"0d2a1c58":16,"aec074c4":30,"66554572":21,"f5829ac0":21,"93ac9ca3":27,"d1676e89":22,"c318d350":26,"e7773397":27,"c564e316":26,"e238f09b":23,"a58bf525":24,"fe44fc6f":26,"cf1b8c47":27,"db8ba455":28,"ef8987d7":37,"65e4235b":29,"d9a64845":23,"28654c76":40,"bf30a08f":28,"6ee92259":26,"67d30f2b":32,"93b0a158":26,"7f6d1d0e":27,"d4d5f466":30,"bb00e71c":22,"b102f7bd":30,"eebc8d43":22,"c1bb74f2":29,"afe8e06a":21,"cc6bbe45":24,"c7313e0a":22,"cb51f134":28,"ffc86f94":23,"c0fea118":21,"69134f07":26,"3f9b5722":23,"a4296d1e":34,"58d46189":23,"a8726d50":29,"e7abc88d":16,"72b84094":33,"dbc9df44":22,"6bc5d32a":33,"0841052c":29,"2209903e":32,"5272520d":26,"debe1f65":31,"c650b434":31,"430a5db5":28,"f1b493de":29,"fb8bfb36":31,"7b6a7048":20,"f069bb07":33,"70c1e715":29,"140ce69e":29,"d1715f3b":26,"b9a48a5c":22,"ac38a6a5":22,"8547fbc2":25,"f2ca27d9":24,"ccdd1ce6":17,"a6003226":26,"f94bf9ea":19,"bb8a6337":16,"40860a4b":21,"76f3a3be":21,"0ecfa1c9":30,"6632fed0":38,"97e75c19":32,"fe0df575":27,"3a1b9af5":19,"e0e6a097":20,"de11eb19":39,"45b038bb":35,"7a6aa4b6":28,"49bf2e95":22,"6c524f99":21,"2bcca6a7":32,"43d87483":23,"a8c93bed":27,"76f94eda":25,"e57d5cda":37,"0785820e":23,"53b4e647":34,"621d6b18":24,"597c1f81":19,"26c6fa34":31,"03dcfa3d":25,"a5aee5de":27,"1b881e6e":31,"c81b2bcf":23,"1d790491":29,"4ed01268":29,"650bb0e0":28,"39a2fcce":30,"d1ca5d6b":32,"d0d6acb1":23,"778c95e9":22,"2d54e0a8":24,"f4726450":23,"fd07e0ed":23,"272c7672":31,"04612878":23,"8cf83787":22,"dfc89705":26,"013ee301":26,"d82592f4":24,"8d753bb6":23,"3e602573":19,"d36125db":35,"e81834aa":31,"6a60348e":31,"2203f259":27,"045f280d":27,"f2470875":27,"fe1d4419":33,"8dd649a3":21,"25635c37":27,"5781776a":25,"fb7b7b3c":39,"f3a0c2ee":21,"42cd2360":25,"71ba7561":21,"91f7ef72":28,"da04caac":24,"a15713c6":37,"906fdec3":24,"ee75b607":24,"e0e48a2d":25,"1bb4ccc0":21,"5b5fc566":27,"2882a956":24,"87c462ee":25,"11b74e63":22,"5f620a1e":29,"aab4d996":26,"30c5d755":34,"df2b4d87":30,"d9f512b9":33,"ca7d47f7":35,"25776fc4":30,"b2c25d1c":32,"f3992a31":22,"3498f223":20,"ddec9e54":20,"059d6c19":36,"90a06ee9":28,"026766f3":20,"754f98c9":25,"501db4de":29,"d634aa28":28,"1a2ec5d7":33,"9267f0ef":36,"c8977844":28,"913a6226":23,"be40590d":22,"51c57542":22,"2b3c49b9":26,"ab7467de":36,"21e10a2b":25,"4dac6b20":27,"20777945":27,"18815a1b":21,"ac38a6a5":23,"f87c5031":24,"f2f58418":24,"172217e5":27,"affb82bf":24,"175bc6b2":20,"5e09f69e":29,"d6d61bfc":36,"bb8a6337":17,"1b153aef":21,"34658473":22,"4ea4a2a1":34,"c7c4ec5c":27,"358e45b1":34,"4ba6eb36":27,"49bf2e95":23,"2bcca6a7":33,"1bc0591f":24,"8f10fa42":33,"2a4a402a":22,"fee32863":22,"ba938220":24,"062179c1":22,"ec11fe5f":31,"869cbaa0":31,"7a840529":16,"6a5b71b4":34,"9aa6a054":24,"87083264":33,"cf9f4757":20,"eed20185":29,"a0b03218":32,"458dcc3d":25,"b7df1559":31,"a6003226":27,"6df0b2e8":39,"dcfaba4c":21,"527ff946":33,"9ceb5439":20,"5f6613c8":27,"f2364460":27,"1a0189c4":25,"789bd484":24,"b8ab8e6e":31,"394dc144":35,"d1ca5d6b":33,"2a06ab95":30,"778c95e9":23,"84b67924":23,"0bd93cfd":19,"272c7672":32,"9147702f":23,"aa00769b":36,"a43061ee":25,"0eaf08da":27,"1f88a4b7":27,"7732eb1e":35,"e8f173b5":20,"e36dfd6f":21,"6c73ae98":24,"66554572":22,"90731976":25,"3c43e8a2":32,"c564e316":27,"c318d350":27,"5099c6a0":38,"ea9bba6b":26,"3e082b37":26,"dc583e64":20,"42cd2360":26,"3101354b":17,"61145ec9":36,"e865e4dd":28,"fafb4cc2":35,"a15713c6":38,"537634c9":23,"6841f77e":31,"ee21ad02":33,"1bb4ccc0":22,"37d0cae2":21,"0a2f71bc":18,"4777334c":28,"df2b4d87":31,"c1bdfd41":19,"9e65c0ef":23,"868cda42":19,"b320feb9":20,"f3992a31":23,"c0fea118":22,"fe578280":26,"cc11fef9":25,"754f98c9":26,"bb98a6cf":30,"7f86be64":29,"58d46189":24,"9316e7e8":12,"34c5c729":24,"66497c7e":17,"470d50c2":24,"dbd2f139":29,"4e5aaaec":16,"be40590d":23,"ccb5ea3e":19,"b6ee137a":28,"c650b434":32,"27d8bf51":35,"51c57542":23,"0a96f57a":36,"d1715f3b":27,"d3e84616":31,"9e206c95":29,"175bc6b2":21,"f3d68430":31,"8547fbc2":26,"416a9e97":22,"8cddb65e":27,"3a1b9af5":20,"45b038bb":36,"db0a661e":25,"79be29c8":19,"c0b23081":28,"7fef9973":34,"ba5c52af":22,"fe8f3d36":22,"fef750ca":29,"e35a63cd":27,"7af262e5":26,"6c524f99":22,"e57d5cda":38,"8b5a8e9f":42,"0d7d88f1":26,"ffa08d82":20,"6034b6d0":30,"ba938220":25,"4930f321":21,"ae95f2ba":28,"b35e9e1a":35,"332820ce":26,"0ac825ed":27,"5ee911b5":26,"12a2cd4b":29,"aa9ea5e8":23,"4125085e":26,"5e09f69e":30,"5a734022":20,"b35bb8a1":23,"47cfba38":20,"5339e1e9":24,"4ed01268":30,"5f7d7195":28,"77f31bab":36,"04643409":24,"f4b2f575":22,"b88033fd":32,"dd7acb96":30,"9ab755d3":25,"b5763ff6":29,"508aac3d":23,"6e851762":28,"22234d6b":27,"3c6692a3":29,"b6aaf976":30,"6ebe2354":16,"2c24d929":34,"01cd8099":24,"59c1e594":33,"468fc85c":30,"49910300":19,"05642105":24,"e8f173b5":21,"b2703001":26,"66554572":23,"f5829ac0":22,"4945c851":37,"d1676e89":23,"437fc3ec":29,"836701f6":23,"da04caac":25,"a15713c6":39,"d8e58a8c":32,"abc1d7ad":31,"61145ec9":37,"fafb4cc2":36,"1d44aff3":27,"971675c5":30,"25635c37":28,"3a204e56":25,"3f2522c2":27,"fce3c5c6":29,"5f620a1e":30,"4def63ee":18,"e786063b":26,"88fa53d6":22,"75ffea08":22,"b320feb9":21,"a4296d1e":35,"f3992a31":24,"c5b35e4d":24,"655941a0":36,"1a68160d":26,"3b690f68":30,"1f11812e":22,"8e780922":33,"94a2fe10":34,"9b742f71":27,"c85a0d80":23,"ca6d2d91":30,"a4f1d83b":26,"381c68fa":30,"3007f31f":18,"f734c84c":28,"c8dc010f":25,"547903ef":32,"261c9911":32,"fb8bfb36":32,"a0cca8b7":20,"12dd6f5e":23,"558d5ce7":32,"6143f39d":23,"d6320619":33,"12012fbd":31,"01d817b8":22,"09560615":21,"ae99df30":24,"87c462ee":26,"d83870f5":29,"9cb4697f":27,"4258c176":26,"2882a956":25,"7f6d1d0e":28,"c463799d":31,"6a7392d5":25,"8f10fa42":34,"eb2e1983":29,"eebc8d43":23,"be3a10f8":23,"f5e8dfee":31,"b9be31d6":23,"67c57de4":37,"91536e85":25,"f7231212":28,"50c468ba":20,"c38c2b52":28,"faf4f98b":24,"02d4753e":34,"a533489b":32,"b4fdf90e":29,"e0e6a097":21,"0cb80f4a":28,"3a1b9af5":21,"36fb15d2":20,"76f3a3be":22,"288a2c43":28,"c9efc8f6":28,"c93c3508":17,"081460bf":23,"5eaa1581":26,"f94bf9ea":20,"faf3ed07":29,"c6c85783":26,"39a2fcce":31,"1a0189c4":26,"f4b2f575":23,"650bb0e0":29,"a9b1bd51":21,"70c1e715":30,"f069bb07":34,"bca2d7cd":22,"22234d6b":28,"d0d6acb1":24,"0bd93cfd":20,"d82592f4":25,"01cd8099":25,"12a2cd4b":30,"bc392d1c":23,"9fc713b0":32,"4b4ef7fa":30,"eed20185":30,"f5829ac0":23,"88a30343":29,"d36125db":36,"ce4da56f":20,"731fc335":21,"b28a5e67":27,"aa867541":22,"2dd0e808":34,"ec110282":27,"8db5a165":17,"d5dae4c4":25,"e0f7679f":27,"1438fad7":27,"b935fc1c":25,"a3d4a0e5":34,"fe1d4419":34,"363590c7":25,"9e65c0ef":24,"ea6de194":18,"805af3c7":23,"ca7d47f7":36,"c8fcad77":22,"b320feb9":22,"ffc86f94":24,"7f86be64":30,"4e3f5178":28,"acac14fb":21,"c8977844":29,"06ee61b6":25,"4279e829":30,"5e193fc8":29,"b7434f57":23,"5be594be":20,"906632cb":20,"1e232870":29,"19e9776f":29,"142d6987":31,"a4f1d83b":27,"2b3c49b9":27,"21ad2f34":24,"53747a91":34,"60e855ee":28,"95d3d348":27,"22aeaf03":25,"3c43e8a2":33,"84b767be":33,"ac38a6a5":24,"7080f122":21,"36d340f2":29,"bb99c79c":28,"b9a48a5c":23,"4295ce9a":23,"5fa12feb":29,"4eed1bea":30,"f4343817":25,"0d770b97":36,"bec9d329":30,"4652b09a":28,"04cc7cbe":20,"e382ec3f":18,"d815c5b4":33,"d39724bc":30,"a59a8290":29,"831c7b85":26,"9b546d65":24,"55928ef1":30,"30c184b8":25,"1745a0f4":25,"7fdc2007":21,"07f98660":30,"93b9fae6":20,"abd32136":24,"4d9b0b10":20,"43d87483":24,"87cd2add":26,"cc5a1d47":28,"b2a8761b":26,"b4fdf90e":30,"d102b0c6":21,"3a1b9af5":22,"c4aa1e38":24,"4ea4a2a1":35,"36fb15d2":21,"f2f58418":25,"d2a841c9":24,"c9efc8f6":29,"d6d61bfc":37,"a47abfbb":28,"162a7348":25,"4125085e":27,"5a734022":21,"47cfba38":21,"31d74eee":21,"bda8cdfb":26,"91d52a55":21,"e15fd611":26,"5339e1e9":25,"789bd484":25,"0670c466":30,"cbb54a0a":24,"804d4dfa":21,"eed20185":31,"48655f09":37,"d82592f4":26,"946df4fd":26,"a5fd8ffd":33,"aa76bc50":29,"52eca0dc":29,"87ce8d1d":21,"df2b4d87":32,"b7505747":33,"24ffcbd3":30,"868cda42":20,"e5d3655c":33,"ca7d47f7":37,"cc6bbe45":25,"685207b3":26,"704bce0d":30,"f76a3e83":33,"d0c104c4":22,"dae0f922":32,"104721f0":27,"a3253019":32,"1e7753d9":34,"7a9344a4":18,"6b78ad7f":31,"3c782bb3":28,"04612878":24,"013ee301":27,"e0f7679f":28,"8dc9b4db":25,"54a676d6":21,"c95719e5":21,"f1dffa24":20,"6c73ae98":25,"5b60dd1d":28,"cf84fb54":28,"de36827b":34,"5270f158":29,"3712c4bd":26,"0b3283c9":24,"5a07fc2e":27,"b7832271":22,"084cbc0b":27,"3062379b":20,"dd7acb96":31,"ef1c2dcb":29,"22ecaed0":23,"f598a332":36,"751acea8":26,"30fdcd3b":27,"be40590d":24,"daab45c6":21,"805534ac":27,"0149e11a":22,"40e79dd3":30,"fb8bfb36":33,"e1f0dbfd":26,"9d0546ac":26,"7c0a2db6":32,"95904ac4":33
1604737446282,"4d35385e":18,"bb99c79c":29,"b9a48a5c":24,"3f65f121":28,"9c045c61":28,"d6320619":34,"47cfba38":22,"bc3dc66a":24,"e4714415":28,"3c18f28e":29,"5eaa1581":27,"dc473de1":22,"7e15f8e8":31,"6632fed0":39,"e15fd611":27,"a939b50b":29,"84369269":22,"1b881e6e":32,"f2364460":28,"527ff946":34,"5a07fc2e":28,"70bc8325":30,"50c3164b":24,"7e991ab9":21,"f3a0c2ee":22,"abc1d7ad":32,"7ee7621c":22,"d4d5f466":31,"6841f77e":32,"88ce179e":27,"79be29c8":20,"eb7b4e29":20,"98915a1f":21,"0fc5ac7e":36,"21ee2afe":27,"6de0aaac":22,"8cc4a982":26,"5acce642":33,"bf30a08f":29,"92ca52b7":28,"c463799d":32,"fead11cf":28,"fe8f3d36":23,"6c486702":23,"1105f790":29,"7fdc2007":22,"869cbaa0":32,"76f94eda":26,"f7231212":29,"d5059415":26,"b73e789c":26,"4930f321":22,"ba938220":26,"0e036ae9":29,"f3d68430":32,"12012fbd":32,"416a9e97":23,"64db4feb":28,"9f5e6cba":27,"bb8a6337":18,"72805bf5":27,"c852d240":27,"24a9fb86":29,"9b3f8714":26,"cb6c9e42":37,"794f652b":21,"9d63c4dd":28,"5d087c79":27,"08a06557":38,"b5ce0c0c":28,"1623fc9f":22,"d6f0d94a":21,"14c682eb":24,"4def63ee":19,"c1bdfd41":20,"1247fa52":22,"34c5c729":25,"53431634":35,"142d6987":32,"5339e1e9":26,"91d52a55":22,"36b7003c":32,"61145ec9":38,"fafb4cc2":37,"aa76bc50":30,"fe44fc6f":27,"5f96c2bc":18,"b2cfdbcf":20,"dd035d2a":23,"22234d6b":29,"fd07e0ed":24,"f4726450":24,"af0b61ab":33,"730338c4":33,"8657c79d":34,"9ab755d3":26,"180377be":23,"f3992a31":25,"30dbfc69":28,"dbc9df44":23,"a68a93b2":22,"efe84c27":24,"94a2fe10":35,"1e232870":30,"059d6c19":37,"3f9b5722":24,"51c57542":24,"20777945":28,"e21c6207":23,"9d0546ac":27,"f734c84c":29,"4eed1bea":31,"3ef7432b":27,"1b153aef":22,"b4fdf90e":31,"5ee911b5":27,"d33790a2":29,"3a1b9af5":23,"34658473":23,"db0a661e":26,"d8475b95":23,"804d4dfa":22,"a543ec74":29,"27c8e038":21,"a0bc1ceb":22,"3b2dee89":27,"1c0a9eff":24,"d1d40c9c":28,"1a442bc7":26,"11b74e63":23,"6c486702":24,"6b82b527":26,"e5b1abc6":28,"6ee92259":27,"9a07d89b":25,"bd62d7ed":23,"8007f30e":17,"20958d58":21,"053f3451":24,"7af262e5":27,"87cd2add":27,"ffa08d82":21,"9f74b8a4":28,"a85d89cc":33,"c38c2b52":29,"d83294cd":31,"09560615":22,"3661e12d":29,"fd6dcb20":20,"d1715f3b":28,"175bc6b2":22,"3454fa2b":30,"22ecaed0":24,"8d04852b":31,"a1370ab0":27,"74e3d13e":25,"162a7348":26,"47cfba38":23,"24a9fb86":30,"b230e8d3":27,"c6c85783":27,"859545e6":24,"014460b9":26,"0a2f71bc":19,"14c682eb":25,"9bdf362a":21,"0b959527":21,"df2b4d87":33,"bf822e33":23,"6e98dfda":33,"254cc28c":27,"be1746a0":11,"1c3a30c5":23,"88a30343":30,"05642105":25,"cf84fb54":29,"0be540c5":28,"3712c4bd":27,"016953e4":30,"8b2b601d":28,"54a676d6":22,"82868763":23,"578f6e9e":29,"fb44fa9c":32,"a77e127d":17,"3f2522c2":28,"42191b64":23,"789bd484":26,"9ceb5439":21,"d957f027":17,"5f0c1b9d":33,"d8e58a8c":33,"616d6dd6":34,"fafb4cc2":38,"d5dae4c4":26,"e865e4dd":29,"b5763ff6":30,"84b67924":24,"4bcd4a30":40,"d3a669ac":32,"cbb54a0a":25,"a625328f":27,"911e770b":21,"cd95f558":26,"4f5e3e7d":22,"336d0f08":29,"332820ce":27,"1ff8c2fc":30,"761cf820":20,"49bf2e95":24,"2198ba8e":19,"a836aa93":22,"0da28f5b":25,"0c043224":29,"f3992a31":26,"61f25dd4":30,"c5b35e4d":25,"ca6d2d91":31,"1247fa52":23,"26ed1a5c":25,"8db62558":30,"9b172ca8":27,"e0154608":16,"30fdcd3b":28,"1e191c98":23,"21ad2f34":25,"cd421290":24,"5fa12feb":30,"daab45c6":22,"5a622a23":29,"c455f40e":20,"201cafad":19,"dd035d2a":24,"ad2d7bed":26,"abad2347":24,"1bb4ccc0":23,"87c462ee":27,"c0b23081":29,"bd2705b0":29,"2a76f1dd":24,"fef750ca":30,"d83870f5":30,"9d023afb":33,"30c184b8":26,"fe8f3d36":24,"c510bfd3":28,"9b546d65":25,"07f98660":31,"abd32136":25,"cc5a1d47":29,"b9be31d6":24,"53b4e647":35,"d2466211":30,"93b9fae6":21,"ac38a6a5":25,"8547fbc2":27,"eeaa2d46":21,"a77e8461":17,"36d340f2":30,"b946e146":33,"61d4782d":23,"0e036ae9":30,"bb8a6337":19,"5ac86fb9":31,"49b358bd":26,"5f620a1e":31,"ba30e43a":35,"540df50f":31,"35aa7fd0":27,"bfcb912a":29,"6632fed0":40,"26c6fa34":32,"dfc89705":27,"c6e3d352":24,"73b15e04":25,"74e01f6a":26,"8b2b601d":29,"d8475b95":24,"4b3e3b1c":28,"7732eb1e":36,"0b3283c9":25,"b552beb3":21,"5b60dd1d":29,"17b08923":25,"09f0db62":33,"cf84fb54":30,"d1676e89":24,"a3d4a0e5":35,"5099c6a0":39,"b769bdfb":33,"6d61bf13":22,"90d52475":23,"d957f027":18,"48efc739":31,"1d44aff3":28,"f3a0c2ee":23,"3a291497":21,"3f75d3bc":29,"f2364460":29,"37fbb107":26,"650bb0e0":30,"794f652b":22,"508aac3d":24,"70bc8325":31,"a6626a13":17,"2c627253":20,"d552eb2f":15,"084cbc0b":28,"d3a669ac":33,"d0b297b2":23,"792c9b6a":25,"3652bd66":23,"92d38723":30,"8493f3b2":33,"3d1af513":26,"288afc30":23,"014460b9":27,"b7505747":34,"f8b31ce5":33,"57167c74":26,"0a92153e":31,"f121b82c":32,"ddec9e54":21,"288d171f":25,"30fdcd3b":29,"dbd2f139":30,"0dad37d5":21,"e0154608":17,"b7434f57":24,"902f49f5":25,"9b742f71":28,"5e193fc8":30,"74f234c6":26,"ca6d2d91":32,"9a80f004":26,"53747a91":35,"e1f0dbfd":27,"5a622a23":30,"6490bac6":28,"51c57542":25,"debe1f65":32,"313258f2":25,"56473430":22,"cf1b8c47":28,"4652b09a":29,"5acce642":34,"ae99df30":25,"51a3e9c2":26,"87c462ee":28,"16b476e9":22,"54d7de6b":34,"82204d54":24,"7af262e5":28,"d78dd457":22,"be3a10f8":24,"b102f7bd":31,"0042f6eb":37,"9aa6a054":25,"7e95c5a0":25,"cd522166":40,"c803b4a3":27,"b9a48a5c":25,"51f57142":25,"30dd2edc":24,"7d6895f4":27,"9de29816":24,"623c6a31":32,"ccdd1ce6":18,"74e3d13e":26,"6867261a":23,"bc3dc66a":25,"7af9d3b1":19,"31f6ba51":29,"04612878":25,"c609739e":31,"4b4ef7fa":31,"12271e14":26,"12a2cd4b":31,"2cce4fb2":31,"03c398d2":24,"dc583e64":21,"3c782bb3":29,"27c8e038":22,"6d61bf13":23,"b84a06eb":32,"95f6db13":21,"836701f6":24,"1138796e":28,"8dd649a3":22,"b1f58563":26,"a24e6670":35,"60e855ee":29,"013ee301":28,"f2470875":28,"24a9fb86":31,"2ab62345":23,"7a4c064c":37,"9496f56f":28,"9fce073c":32,"d2466211":31,"8a52882e":30,"6e98dfda":34,"bda8cdfb":27,"d1fe2868":22,"cf775f58":29,"f2364460":30,"84369269":23,"835358a0":21,"6e851762":29,"884b0ad1":21,"084cbc0b":29,"9147702f":24,"508aac3d":25,"d1ca5d6b":34,"4ea4a2a1":36,"34658473":24,"3652bd66":24,"761cf820":21,"cfe72ead":20,"6585adbe":16,"b7407bd3":32,"c1bdfd41":21,"caddd0a7":28,"ba30e43a":36,"dac109cf":29,"2af60749":25,"2154b6e8":22,"9e65c0ef":25,"685207b3":27,"cb51f134":29,"e9679ede":23,"30d84dce":26,"c85a0d80":24,"d033db8d":25,"77300e4a":21,"19e9776f":30,"acac14fb":22,"0c043224":30,"79f04300":23,"66497c7e":18,"6f81493d":32,"ddec9e54":22,"cd421290":25,"c8dc010f":26,"a851554d":28,"51c57542":26,"9a80f004":27,"70594a28":24,"b6ee137a":29,"45b5746e":23,"95904ac4":34,"65e4235b":30,"7c0a2db6":33,"5ef93e5d":19,"db8ba455":29,"012de09c":23,"d83870f5":31,"6841f77e":33,"bb00e71c":23,"a6b5e869":28,"7735c3c2":18,"1a442bc7":27,"9d4f1fe6":26,"a8c93bed":28,"478d2d4f":34,"c463799d":33,"dfcc2ad1":24,"ba5c52af":23,"1bc0591f":25,"05f6ab35":29,"d5059415":27,"cb142908":26,"7566fdd6":29,"6d5fcd4c":27,"f2f58418":26,"1d153b20":23,"6143f39d":24,"12012fbd":33,"e9adbe58":23,"416a9e97":24,"064a99c8":27,"b6aaf976":31,"f1098793":29,"b7df1559":32,"aa00769b":37,"d9dcdc4b":32,"dd1fcb17":28,"4b3e3b1c":29,"a0b03218":33,"ce4da56f":21,"cf84fb54":31,"3c782bb3":30,"b935fc1c":26,"1951480c":28,"0114160e":27,"54a676d6":23,"83086d4c":27,"09ff339a":22,"26f99a1e":28,"22aeaf03":26,"5099c6a0":40,"162a7348":27,"03b4ab60":26,"2ab62345":24,"10ec5a0b":18,"b73e789c":27,"a85d89cc":34,"d4ee22a4":28,"76f3a3be":23,"1ed46298":38,"72805bf5":28,"dcfaba4c":22,"e99318a3":27,"bad1a1cc":22,"a939b50b":30,"50d129cf":20,"97e75c19":33,"650bb0e0":31,"77f31bab":37,"884b0ad1":22,"9fa62fee":25,"2c627253":21,"272c7672":33,"fd369c21":34,"fb7482fe":24,"50c3164b":25,"2154b6e8":23,"014460b9":28,"a33fe0dd":35,"d9d7c4c2":33,"805af3c7":24,"c015ec5a":22,"719c8869":30,"470d50c2":25,"ebdbf580":26,"19e9776f":31,"3498f223":21,"4279e829":31,"a4f1d83b":28,"972f4174":30,"754f98c9":27,"20e470e0":20,"b215547b":20,"94a2fe10":36,"0da28f5b":26,"1e7753d9":35,"c2bb8aae":26,"5c82d1ce":20,"805534ac":28,"77898c22":24,"27d8bf51":36,"feb67030":26,"cd421290":26,"cd95f558":27,"36fb15d2":22,"b8397293":25,"1bd5b20b":25,"332820ce":28,"a533489b":33,"8245f916":29,"fe44fc6f":28,"0a1d11e6":25,"43bc86e3":30,"b28a5e67":28,"71e53c93":28,"56473430":23,"3c0df8b4":27,"ee75b607":25,"4652b09a":30,"e0e48a2d":26,"51a3e9c2":27,"cb4f262b":36,"f56ac638":22,"ae99df30":26,"fee32863":23,"1bc0591f":26,"78b97937":25,"5f4102da":27,"8b5a8e9f":43,"c6dc900c":27,"cfafcda8":23,"6d5fcd4c":28,"3ef7432b":28,"36d340f2":31,"9e206c95":30,"0e036ae9":31,"3f65f121":29,"945b63f0":38,"57540cc3":25,"6be9332a":29,"4b4ef7fa":32,"17807120":25,"27c8e038":23,"59c1e594":34,"fb44fa9c":33,"aefe13f5":36,"99d130c9":34,"95f6db13":22,"06ddafc7":23,"cf84fb54":32,"6291e9e9":24,"4ff2225d":22,"39bbc4bc":42,"09ff339a":23,"3c782bb3":31,"0b3283c9":26,"d599b566":31,"e238f09b":24,"c318d350":28,"317c1591":19,"5774ac0d":27,"0bfabf48":32,"d5059415":28,"c8113b77":26,"9fce073c":33,"e28c2efc":29,"056ea7ff":25,"e57d5cda":39,"aec4e1bf":29,"9b3f8714":27,"c64de0c0":23,"dc473de1":23,"24a9fb86":32,"dcfaba4c":23,"31d74eee":22,"a1921150":32,"cb6c9e42":38,"97e75c19":34,"1b881e6e":33,"449d8475":28,"5a0eb771":20,"9ab755d3":27,"ef1c2dcb":30,"0fc5ac7e":37,"fd369c21":35,"28d40296":22,"08a06557":39,"d9d7c4c2":34,"9e65c0ef":26,"f8b31ce5":34,"92f800f5":22,"9bdf362a":22,"685207b3":28,"655941a0":37,"5be594be":21,"7cd0ad7b":27,"1247fa52":24,"1a2ec5d7":34,"e7abc88d":17,"6fb4cdda":28,"66497c7e":19,"0af920d8":20,"168e75d9":23,"69d4b754":27,"bb98a6cf":31,"be40590d":25,"39ba00f0":26,"b35e9e1a":36,"9260d96b":30,"36fb15d2":23,"1ff8c2fc":31,"40569362":30,"6f0fcb9d":33,"1f342a00":32,"c793cdda":25,"906fdec3":25,"616d6dd6":35,"d5dae4c4":27,"3101354b":18,"28654c76":41,"5f0c1b9d":34,"a15713c6":40,"fea793f5":28,"e0e48a2d":27,"e382ec3f":19,"bf30a08f":30,"e4c312fe":20,"00cf385d":33,"11b2c8d9":20,"cb4f262b":37,"7af262e5":29,"b6ee137a":30,"e2a7d915":30,"9a80f004":28,"efd23af5":27,"3b7763b1":24,"79e4fa1c":20,"f4343817":26,"b946e146":34,"49902219":30,"d0b297b2":24,"be1746a0":12,"26c6fa34":33,"c609739e":32,"ae8a09c4":27,"9fc713b0":33,"a0b03218":34,"4febf7c5":30,"0b5a0408":26,"fb44fa9c":34,"868edcc0":34,"d9dcdc4b":33,"6c73ae98":26,"09ff339a":24,"d6db2b02":29,"3c43e8a2":34,"e36dfd6f":22,"8274885a":26,"004f1ef3":33,"317c1591":20,"53a8613c":32,"ccdd1ce6":19,"558d5ce7":33,"a63bddd4":29,"140ce69e":30,"b87158fb":31,"13b53c7a":23,"be3a10f8":25,"8007f30e":18,"bd62d7ed":24,"4f59a322":24,"93b9fae6":22,"619fda68":28,"f7231212":30,"43d87483":25,"cb142908":27,"faf4f98b":25,"72805bf5":29,"c64de0c0":24,"60d6cee2":23,"181c3dd5":30,"a1370ab0":28,"51f80f4c":35,"bb8a6337":20,"ccf8b803":26,"a1921150":33,"1634789b":33,"9ceb5439":22,"527ff946":35,"faf3ed07":30,"77f31bab":38,"aaa274a5":27,"e32524d6":27,"fbdffc95":22,"c4e70c07":20,"7be025ce":25,"ea6de194":19,"75ffea08":23,"ffc86f94":25,"c0fea118":23,"56d315d8":24,"655941a0":38,"2e3503e4":26,"26ed1a5c":26,"f121b82c":33,"e62d705f":19,"0dad37d5":22,"efe84c27":25,"cd3bbe7e":29,"a3253019":33,"c3e6ef01":36,"ebdbf580":27,"1f11812e":23,"b769bdfb":34,"39bbc4bc":43,"7ae3fc50":30,"d0e9a58e":23,"5a07fc2e":29,"884b0ad1":23,"1f342a00":33,"aa5dfdf5":26,"9fa62fee":26,"b947257e":29,"a0cf08b3":25,"e865e4dd":30,"4bc46d7a":26,"69eeae0d":30,"61145ec9":39,"537634c9":24,"fe44fc6f":29,"0d770b97":37,"4b125e7b":26,"5acce642":35,"f9f2c53f":22,"2209903e":33,"261c9911":33,"8ea21393":28,"4295ce9a":24,"77898c22":25,"cd421290":27,"4ba6eb36":28,"8d000d6e":18,"f1862e79":23,"332820ce":29,"34658473":25,"27c8e038":24,"24d24fa3":20,"458dcc3d":26,"9fc713b0":34,"d8475b95":25,"f1098793":30,"d9dcdc4b":34,"aa00769b":38,"17b08923":26,"3310a049":33,"1138796e":29,"a4dafea5":19,"ea9bba6b":27,"4b3e3b1c":30,"e45b4b53":20,"2cce4fb2":32,"eafbf9fb":29,"9e206c95":31,"9a467a82":32,"b9a48a5c":26,"22ecaed0":25,"a6b5e869":29,"f0a06216":29,"79be29c8":21,"062179c1":23,"e356abf1":26,"20958d58":22,"33d6bb6a":28,"6c524f99":23,"6c486702":25,"a66a2d8a":21,"1105f790":30,"af7e5be8":30,"9c29f0ed":35,"cc5a1d47":30,"6f39f4d9":30,"ba938220":27,"8fb236a9":25,"87083264":34,"15620dca":29,"9c045c61":29,"dcfaba4c":24,"aec4e1bf":30,"a2c334e7":39,"1ed46298":39,"f94bf9ea":21,"4911acad":24,"12534561":16,"1b881e6e":34,"5957df9e":25,"1d790491":30,"c81b2bcf":24,"9ceb5439":23,"650bb0e0":32,"4fd645f1":21,"28d40296":23,"aa021138":35,"e5d3655c":34,"0a2f71bc":20,"62d1d346":24,"37a7d5b0":36,"c5b35e4d":26,"cc11fef9":26,"80a8a56d":28,"4360a1a3":26,"99e171db":23,"014bdff0":22,"8e4c33d2":29,"3a204e56":26,"39bbc4bc":44,"09f0db62":34,"f271ed5d":20,"70bc8325":32,"cbb54a0a":26,"2180f99b":28,"65e4235b":31,"7ae34c64":21,"69eeae0d":31,"43bc86e3":31,"ec110282":28,"7c0a2db6":34,"71e53c93":29,"4bcd4a30":41,"0d2a1c58":17,"b947257e":30,"d634aa28":29,"36380d96":28,"972f4174":31,"142d6987":33,"bb98a6cf":32,"e9679ede":24,"cb51f134":30,"3b690f68":31,"f1b493de":30,"9b742f71":29,"4295ce9a":25,"51c57542":27,"5c82d1ce":21,"18d20aa1":24,"8f9b74b0":22,"93e8cee5":30,"0149e11a":23,"4f5e3e7d":23,"fa55f27a":35,"92d38723":31,"d0e9a58e":24,"06073f13":29,"3d1af513":27,"49bf2e95":25,"17807120":26,"03dcfa3d":26,"8eb64769":24,"dfc89705":28,"ae8a09c4":28,"01cd8099":26,"e8f173b5":22,"b460f030":34,"172217e5":28,"7f6d1d0e":29,"54d7de6b":35,"91b28f83":27,"d83870f5":32,"1757a30e":21,"f67de058":24,"4258c176":27,"eb2e1983":30,"730a4938":35,"dd3913d2":23,"fee32863":24,"fead11cf":29,"b8488fc8":21,"cd522166":41,"6f39f4d9":31,"53b4e647":36,"385ab7c6":26,"053f3451":25,"7218c9f1":24,"0d7d88f1":27,"95539a58":17,"bb99c79c":30,"6d5fcd4c":29,"a77e8461":18,"d1715f3b":29,"6cba74ce":28,"416a9e97":25,"dc473de1":24,"d6d61bfc":38,"31f6ba51":30,"12534561":17,"c4bff41f":21,"13747b82":30,"8cddb65e":28,"e32524d6":28,"28d40296":24,"8f13c203":21,"c7636527":26,"b7505747":35,"dac109cf":30,"719c8869":31,"a1921150":34,"0f1ac912":20,"a939b50b":31,"1a0189c4":27,"cb6c9e42":39,"d5557fb4":33,"5678ed7b":31,"a3d4a0e5":36,"d599b566":32,"159ffd0b":7,"5270f158":30,"6c73ae98":27,"a8871ddf":30,"695a2b92":27,"95d3d348":28,"11888cfa":26,"317c1591":21,"22aeaf03":27,"5099c6a0":41,"97e75c19":35,"a901627e":17,"e865e4dd":31,"5f0c1b9d":35,"f905a555":28,"8db5a165":18,"3f75d3bc":30,"aec074c4":31,"2d54e0a8":25,"d744bee2":28,"884b0ad1":24,"fd07e0ed":25,"c0e2624b":25,"c793cdda":26,"972f4174":32,"ca6d2d91":33,"1a2c020b":30,"026766f3":21,"fe578280":27,"b6591e25":27,"288d171f":26,"751acea8":27,"f2086446":26,"8db62558":31,"b215547b":21,"754f98c9":28,"059d6c19":38
1604737447239,"1e7753d9":36,"f9f2c53f":23,"d25e0f8d":26,"5a622a23":31,"07107f6e":31,"6b9eff39":18,"805534ac":29,"4295ce9a":26,"6585adbe":17,"b4fdf90e":32,"3d1af513":28,"b8397293":26,"08a4c3f8":29,"0ac825ed":28,"00554ffd":38,"04612878":26,"742f1425":27,"2dd0e808":35,"677c6a09":38,"2882a956":26,"f0a06216":30,"e6ec8cbf":29,"6c20c153":26,"1745a0f4":26,"9d4f1fe6":27,"be3a10f8":26,"16b476e9":23,"a567ace4":26,"fead11cf":30,"7bda83dd":27,"1105f790":31,"d78dd457":23,"d5059415":29,"6034b6d0":31,"7e95c5a0":26,"e57d5cda":40,"0785820e":24,"7a4c064c":38,"7566fdd6":30,"22ecaed0":26,"315537b2":25,"af157d29":35,"175bc6b2":23,"25a7a0a3":26,"d2a841c9":25,"8547fbc2":28,"5774ac0d":28,"b35bb8a1":24,"0b959527":22,"aab4d996":27,"9f5e6cba":28,"aa9ea5e8":24,"57d5dee8":26,"c9efc8f6":30,"ed4fad08":26,"f2364460":31,"77f31bab":39,"99d130c9":35,"03c398d2":25,"1438fad7":28,"ae8a09c4":29,"cf84fb54":33,"1138796e":30,"dd1fcb17":29,"3c782bb3":32,"aa00769b":39,"39bbc4bc":45,"c0b7e7d7":30,"4ff2225d":23,"a40846b7":39,"95bc84f1":19,"0b5a0408":27,"5b60dd1d":30,"d1676e89":25,"19f9ca86":34,"437fc3ec":30,"1634789b":34,"3101354b":19,"0a1d11e6":26,"3a291497":22,"ae016053":28,"2b3e4717":24,"bf822e33":24,"48efc739":32,"8ec3834d":19,"084cbc0b":30,"508aac3d":26,"6a3eaf43":20,"d552eb2f":16,"9fa62fee":27,"6751d8e4":37,"0d2a1c58":18,"ce3bf5db":26,"2045d7d6":27,"3bad3c95":15,"4577b333":25,"ffc86f94":26,"906632cb":21,"dbd2f139":31,"f2086446":27,"5272520d":27,"7cd0ad7b":28,"b215547b":22,"9b742f71":30,"430a5db5":29,"501db4de":30,"d634aa28":30,"90a06ee9":29,"7a9344a4":19,"696fdac5":26,"9267f0ef":37,"cd421290":28,"4295ce9a":27,"6bc5d32a":34,"daab45c6":23,"4e5aaaec":17,"a0ce82b4":32,"0149e11a":24,"50312237":27,"554ebb83":27,"336d0f08":30,"cfe72ead":21,"ef16ca37":25,"02d4753e":35,"b8397293":27,"49cb2959":24,"b2cfdbcf":21,"cf1b8c47":29,"51a3e9c2":28,"7fef9973":35,"b0869206":29,"8bc04eb5":21,"bf30a08f":31,"cd522166":42,"ae99df30":27,"2a4a402a":23,"11b74e63":24,"1105f790":32,"7fdc2007":23,"9b546d65":26,"e35a63cd":28,"062179c1":24,"30b6808c":25,"f1df62b4":30,"056ea7ff":26,"ffa08d82":22,"1dad0f99":24,"c803b4a3":28,"ec2cb1af":34,"172217e5":29,"affb82bf":25,"0277d748":37,"18815a1b":22,"21ee2afe":28,"51f57142":26,"5a734022":22,"60d6cee2":24,"71a2a493":18,"b230e8d3":28,"2c24d929":35,"6be9332a":30,"2198ba8e":20,"12271e14":27,"12a2cd4b":32,"c27969ec":28,"32c9fc47":22,"f1098793":31,"4ff2225d":24,"06ddafc7":24,"8b2b601d":30,"6a60348e":32,"7ee148e9":26,"71ff66e8":15,"a8871ddf":31,"95d3d348":29,"90731976":26,"3a204e56":27,"39bbc4bc":46,"c564e316":28,"5099c6a0":42,"13747b82":31,"2ce1af05":18,"6df0b2e8":40,"5957df9e":26,"d957f027":19,"dc473de1":25,"bf822e33":25,"088feee2":32,"c67979e6":32,"36b7003c":33,"b88033fd":33,"eb7b4e29":21,"2f455cce":17,"70c1e715":31,"7e991ab9":22,"22234d6b":30,"af0b61ab":34,"884b0ad1":25,"e1571af7":32,"4def63ee":20,"259930ee":28,"d9f512b9":34,"caddd0a7":29,"638cb163":45,"3fdb08f5":26,"cc11fef9":27,"5cd3cfe0":19,"74f234c6":27,"06ee61b6":26,"6f81493d":33,"e62d705f":20,"69134f07":27,"0c043224":31,"3498f223":22,"d548635d":28,"93683c82":26,"dbc9df44":24,"1247fa52":25,"4c4aa2e2":25,"a0ce82b4":33,"e21c6207":24,"26dd2000":26,"93e8cee5":31,"7b6a7048":21,"25e0dd3d":28,"70594a28":25,"7a2f3f06":24,"554ebb83":28,"408bb2ed":18,"cd95f558":28,"4ac6bd4e":23,"4f5e3e7d":24,"fa55f27a":36,"4bc46d7a":27,"f905a555":29,"2c6cb96f":21,"195eb771":25,"95904ac4":35,"74c26380":24,"3f75d3bc":31,"ee21ad02":34,"4652b09a":31,"37d0cae2":22,"124fbe96":25,"3b2dee89":28,"4c0e547b":20,"d83870f5":33,"11b2c8d9":21,"a502c93c":30,"92ca52b7":29,"20958d58":23,"f2e3c0e3":23,"afe8e06a":22,"a8c93bed":29,"6034b6d0":32,"4d35385e":19,"6cba74ce":29,"53a8613c":33,"8dd2684c":26,"6143f39d":25,"a63bddd4":30,"af157d29":36,"946df4fd":27,"13f0e139":26,"812b4f15":30,"4febf7c5":31,"35b58ef9":18,"d36125db":37,"ad8f85d6":28,"3310a049":34,"c6e3d352":25,"b84a06eb":33,"411b5027":28,"26009d3f":27,"a3d4a0e5":37,"c95719e5":22,"317c1591":22,"bab97de3":36,"f6fe095d":34,"363590c7":26,"77d35808":27,"27f52ed3":34,"312f7676":26,"60d6cee2":25,"2ab62345":25,"bfcb912a":30,"50c468ba":21,"d7cb9bcf":24,"7e95c5a0":27,"629800eb":30,"d5059415":30,"053f3451":26,"51f80f4c":36,"68562193":23,"8ec3834d":20,"dcfaba4c":25,"2b3e4717":25,"64db4feb":29,"789bd484":27,"a9b1bd51":22,"c6c85783":28,"6e98dfda":35,"c98d5272":28,"4bcd4a30":42,"a6626a13":18,"1f342a00":34,"383e232d":23,"e58b26f6":23,"2c01e624":27,"aaa274a5":28,"b320feb9":23,"c4e70c07":21,"1623fc9f":23,"7e76c93c":26,"37a7d5b0":37,"b5ce0c0c":29,"24ffcbd3":31,"8942c35b":26,"8e780922":34,"4279e829":32,"bd984a8e":22,"f598a332":37,"db703021":24,"53431634":36,"69d4b754":28,"74f234c6":28,"77898c22":26,"4f5e3e7d":25,"408bb2ed":19,"761cf820":22,"de11eb19":40,"5a0ead91":18,"36fb15d2":24,"cfe72ead":22,"a15713c6":41,"a0cf08b3":26,"7ae34c64":22,"3f75d3bc":32,"00a481e3":28,"781ace7d":27,"db8ba455":30,"b0869206":30,"abad2347":25,"11b74e63":25,"062179c1":25,"95d331b1":18,"6c486702":26,"290b4714":32,"b102f7bd":32,"2a4a402a":24,"1c0a9eff":25,"ad2d7bed":27,"0042f6eb":38,"142d6987":34,"cb51f134":31,"d25e0f8d":27,"104721f0":28,"467773ac":26,"f734c84c":30,"7cd0ad7b":29,"ecfa8249":24,"4eed1bea":32,"51c57542":28,"a851554d":29,"ec2cb1af":35,"15620dca":30,"27c8e038":25,"ac62fac2":28,"03dcfa3d":27,"12271e14":28,"baebb391":32,"ce4da56f":22,"04612878":27,"59c1e594":35,"1138796e":31,"69f3bfcc":34,"32c9fc47":23,"54a676d6":24,"d599b566":33,"cf50e84e":25,"b769bdfb":35,"a6bcb07e":28,"5781776a":26,"5099c6a0":43,"f6fe095d":35,"42191b64":24,"1da771fb":16,"5f4102da":28,"50b558a7":25,"af7e5be8":31,"d5059415":31,"abd32136":26,"10ec5a0b":19,"ac030e74":22,"c803b4a3":29,"0785820e":25,"175bc6b2":24,"5e09f69e":31,"a77e8461":19,"17446892":26,"2dda3936":25,"ed4fad08":27,"51f57142":27,"35aa7fd0":28,"21ee2afe":29,"540df50f":32,"a983a6dc":26,"4125085e":28,"5f7d7195":29,"a6003226":28,"50d129cf":21,"23760167":23,"5a0eb771":21,"5d087c79":28,"c98d5272":29,"284544ba":30,"4bcd4a30":43,"0bd93cfd":21,"a6626a13":19,"aec074c4":32,"d1ca5d6b":35,"c793cdda":27,"8493f3b2":34,"f9c15fcc":29,"02d4753e":36,"8f13c203":22,"aa021138":36,"75ffea08":24,"dac109cf":31,"014460b9":29,"25776fc4":31,"c4e70c07":22,"430a5db5":30,"1a2ec5d7":35,"4360a1a3":27,"d70ca4f4":32,"5ccf94d6":30,"36380d96":29,"655941a0":39,"efe84c27":26,"4ee62a26":23,"06ee61b6":27,"69134f07":28,"0a92153e":32,"6fb4cdda":29,"616d6dd6":36,"a5676c24":24,"fafb4cc2":39,"49cb2959":25,"3c0df8b4":28,"56473430":24,"c91966ce":19,"aa187e3b":21,"16b476e9":24,"ea4d3f3e":29,"82204d54":25,"72b84094":34,"655954ba":24,"805534ac":30,"c8dc010f":27,"f734c84c":31,"85de05f2":21,"7bebff03":22,"21ad2f34":26,"eafbf9fb":30,"332820ce":30,"31f6d707":29,"50312237":28,"fe0df575":28,"59c1e594":36,"c609739e":33,"ae8a09c4":30,"b7df1559":33,"d8475b95":26,"e36dfd6f":23,"a543ec74":30,"06ddafc7":25,"73b15e04":26,"26009d3f":28,"07fc4a9a":25,"95d3d348":30,"b84a06eb":34,"19f9ca86":35,"0be540c5":29,"3310a049":35,"0b3283c9":27,"39bbc4bc":47,"971675c5":31,"f1dffa24":21,"3e082b37":27,"d3e84616":32,"315537b2":26,"062179c1":26,"37d0cae2":23,"4c0e547b":21,"93b0a158":27,"19551bad":24,"124fbe96":26,"fee32863":25,"8bc04eb5":22,"1dad0f99":25,"bd62d7ed":25,"0bfabf48":33,"78467b8a":30,"30b6808c":26,"93b9fae6":23,"95539a58":18,"385ab7c6":27,"ef14000f":29,"a77e8461":20,"25a7a0a3":27,"865d9857":26,"30dd2edc":25,"2132fe93":30,"288a2c43":29,"3c18f28e":30,"dcfaba4c":26,"031e488e":34,"72805bf5":30,"03b4ab60":27,"5339e1e9":27,"1b881e6e":35,"2a387957":31,"1d790491":31,"9d63c4dd":29,"650bb0e0":33,"d957f027":20,"f271ed5d":21,"1f7607df":16,"50c3164b":26,"d3a669ac":34,"ea274174":27,"06073f13":30,"8493f3b2":35,"1ff8c2fc":32,"f9c15fcc":30,"fe0df575":29,"b5763ff6":31,"b5ce0c0c":30,"aab4d996":28,"7043382d":26,"4def63ee":21,"c0b0f492":30,"d6f0d94a":22,"c015ec5a":23,"db703021":25,"7a9344a4":20,"cf1124db":23,"dbc9df44":25,"6e24d88b":24,"1a2c020b":31,"0d5ee801":24,"be2955bb":25,"c2bb8aae":27,"288d171f":27,"180377be":24,"77300e4a":22,"501db4de":31,"53431634":37,"6e851762":30,"0fc5ac7e":38,"a901627e":18,"abc1d7ad":33,"537634c9":25,"b2cfdbcf":22,"8db5a165":19,"71e53c93":30,"91f7ef72":29,"0149e11a":25,"efd23af5":28,"7d112f4d":28,"c45d554f":30,"bfad1727":29,"53747a91":36,"a0cca8b7":21,"67f6e4f2":24,"48655f09":38,"b6aaf976":32,"458dcc3d":27,"12271e14":29,"b7df1559":34,"f5829ac0":24,"c27969ec":29,"06ddafc7":26,"d8475b95":27,"54a676d6":25,"e0f7679f":29,"7732eb1e":37,"8d753bb6":24,"1da771fb":17,"28d41578":20,"ea9bba6b":28,"0b3283c9":28,"5410e9c6":25,"4652b09a":32,"dffa7793":13,"00cf385d":34,"cfafcda8":24,"7fef9973":36,"f5e8dfee":32,"4c0e547b":22,"9cb4697f":28,"be3a10f8":27,"79be29c8":22,"b102f7bd":33,"677c6a09":39,"f67de058":25,"fee32863":26,"869cbaa0":33,"4d9b0b10":21,"7e95c5a0":28,"ef91eaae":22,"abd32136":27,"4f59a322":25,"056ea7ff":27,"eeaa2d46":22,"7080f122":22,"0e036ae9":32,"ef8321d8":24,"36d340f2":32,"be149c6f":26,"945b63f0":39,"aec4e1bf":31,"21ee2afe":30,"3a1d1632":20,"4911acad":25,"31f6ba51":31,"8cddb65e":29,"2b3e4717":26,"64db4feb":30,"91d52a55":23,"5a0eb771":22,"48efc739":33,"04643409":25,"25d1b2d8":26,"c67979e6":33,"60e855ee":30,"77d35808":28,"25635c37":29,"1b153aef":23,"e1571af7":33,"2154b6e8":24,"a81a857c":26,"2af60749":26,"4577b333":26,"d9d7c4c2":35,"ffc86f94":27,"f4634d0b":29,"1e7753d9":37,"381c68fa":31,"751acea8":28,"685207b3":29,"93683c82":27,"c7313e0a":23,"d70ca4f4":33,"a68a93b2":23,"90a06ee9":30,"f3992a31":27,"bd984a8e":23,"884b0ad1":26,"d0d6acb1":25,"aa5dfdf5":27,"d552eb2f":17,"8cd78f77":33,"28654c76":42,"52eca0dc":30,"012de09c":24,"195eb771":26,"08a561b7":19,"95904ac4":36,"810aa5e9":19,"383e232d":24,"c0e2624b":26,"36380d96":30,"1e232870":31,"debe1f65":33,"51c57542":29,"7e8e1c3d":30,"f734c84c":32,"ab7467de":37,"4295ce9a":28,"c8dc010f":28,"4f5e3e7d":26,"d102b0c6":22,"ea274174":28,"d0e9a58e":25,"1ff8c2fc":33,"db0a661e":27,"6ebe2354":17,"0eaf08da":28,"27c8e038":26,"468fc85c":31,"d82592f4":27,"7732eb1e":38,"4febf7c5":32,"71bc1295":27,"e7e82473":32,"8d753bb6":25,"cf50e84e":26,"d929098e":18,"e0e48a2d":28,"7f6d1d0e":30,"04bef50c":16,"cd522166":43,"935ec056":22,"eebc8d43":24,"bf30a08f":32,"19551bad":25,"91b28f83":28,"ec11fe5f":32,"6c486702":27,"f2e3c0e3":24,"ba5c52af":24,"f7231212":31,"91536e85":26,"2ce1af05":19,"b9be31d6":25,"93b9fae6":24,"c8113b77":27,"8fb236a9":26,"ef8321d8":25,"6d5fcd4c":30,"7d6895f4":28,"eeaa2d46":23,"57540cc3":26,"ccdd1ce6":20,"5774ac0d":29,"22176537":21,"5e09f69e":32,"a1370ab0":29,"68562193":24,"c9efc8f6":31,"03b4ab60":28,"f66616b7":16,"9f5e6cba":29,"6e98dfda":36,"84369269":24,"c81b2bcf":25,"47d27624":26,"6adce358":27,"cb6c9e42":40,"65a00a3c":25,"4c39240e":30,"1623fc9f":24,"d6f0d94a":23,"75ffea08":25,"7043382d":27,"c7636527":27,"a4f1d83b":29,"56d315d8":25,"d70ca4f4":34,"6f81493d":34,"45fb95c1":22,"5270f158":31,"820225e4":19,"1951480c":29,"a4dafea5":20,"0b3283c9":29,"095ab3b4":23,"a58bf525":25,"578f6e9e":30,"6ce84ff8":26,"c0e2624b":27,"4bc46d7a":28,"fe44fc6f":30,"8a165e17":30,"49cb2959":26,"781ace7d":28,"a5676c24":25,"810aa5e9":20,"084cbc0b":31,"d0d6acb1":26,"72d7b461":26,"e58b26f6":24,"af0b61ab":35,"d3a669ac":35,"b377a62a":26,"1ff8c2fc":34,"b2a8761b":27,"6585adbe":18,"fe0df575":30,"379184a7":33,"8493f3b2":36,"cbad3b92":33,"b6aaf976":33,"458dcc3d":28,"804d4dfa":23,"c609739e":34,"145c7559":28,"0af920d8":21,"5272520d":28,"104721f0":29,"fe578280":28,"4360a1a3":28,"0da28f5b":27,"f598a332":38,"79f04300":24,"8e780922":35,"c8dc010f":29,"9d0546ac":28,"92136ff5":31,"93e8cee5":32,"2b3c49b9":28,"f734c84c":33,"27d8bf51":37,"67d30f2b":33,"e6ec8cbf":30,"4652b09a":33,"e4c312fe":21,"935ec056":23,"78467b8a":31,"478d2d4f":35,"54d7de6b":36,"b3f19a69":32,"8007f30e":19,"f2e3c0e3":25,"cd522166":44,"b8488fc8":22,"fe8f3d36":25,"8fb236a9":27,"76f94eda":27,"9fce073c":34,"9c29f0ed":36,"7e95c5a0":29,"2b698053":18,"faf4f98b":26,"4d35385e":20,"f5596d0f":26,"9e206c95":32,"9c045c61":30,"9a467a82":33,"deb31f35":27,"30dd2edc":26,"ed4fad08":28,"8ec3834d":21,"36d340f2":33,"64db4feb":31,"dd1fcb17":30,"4ff2225d":25,"2198ba8e":21,"1db42092":32,"6a60348e":33,"49910300":20,"de36827b":35,"3310a049":36,"5623817d":29,"363590c7":27,"0be540c5":30,"3f2522c2":29,"c318d350":29,"e45b4b53":21,"c95719e5":23,"ea9bba6b":29,"3fdb08f5":27,"04ea5673":28,"c1bdfd41":22,"49b358bd":27,"25776fc4":32,"719c8869":32,"ffc86f94":28,"5e09f69e":33,"9f5e6cba":30,"90d52475":24,"8cddb65e":30,"a1921150":35,"a6003226":29,"2dd0e808":36,"91f7ef72":30,"71e53c93":31,"7896b953":28,"616d6dd6":37,"61145ec9":40,"42cd2360":27,"5339e1e9":28,"99e171db":24,"8a52882e":31,"66d94227":17,"8657c79d":35,"383e232d":25,"84b67924":25,"ea822700":24,"22234d6b":31,"fb7482fe":25,"8cd78f77":34,"00554ffd":39,"8245f916":30,"b35e9e1a":37,"de11eb19":41,"8493f3b2":37,"554ebb83":29,"3d1af513":29,"db703021":26,"cd3bbe7e":30,"1e191c98":24,"5ccf94d6":31,"c4feee5b":29,"9316e7e8":13,"142d6987":35,"2e3503e4":27,"751acea8":29,"754f98c9":29,"90a06ee9":31,"e1618359":36,"34c5c729":26,"cb51f134":32,"debe1f65":34,"261c9911":34,"547903ef":33,"ecfa8249":25,"51c57542":30,"93e8cee5":33,"25e0dd3d":29,"93b0a158":28,"79be29c8":23,"7f6d1d0e":31,"6841f77e":34,"6c20c153":27,"eebc8d43":25,"e4c312fe":22,"c463799d":34,"7af262e5":30,"730a4938":36,"5f4102da":29,"fe8f3d36":26,"9a07d89b":26,"8b5a8e9f":44,"0d28db94":25,"76f94eda":28,"d2466211":32,"c38c2b52":30,"08c6b5d2":24,"be4f8ba8":22,"8dd2684c":27,"945b63f0":40,"12012fbd":34,"be149c6f":27,"ac38a6a5":26,"416a9e97":26,"31f6ba51":32,"8cddb65e":31,"9f5e6cba":31,"2198ba8e":22,"64a7f79f":20,"b552beb3":22,"48655f09":39,"0d2c95fe":26,"4cc141fa":21,"0b5a0408":28,"13f0e139":27,"317c1591":23,"45fb95c1":23,"0b3283c9":30,"f1098793":32,"27f52ed3":35,"0eaf08da":29,"a3d4a0e5":38,"1db42092":33,"5410e9c6":26,"437fc3ec":31,"f044c0e1":27,"fb7b7b3c":40,"6d61bf13":24,"c1bdfd41":23,"c7636527":28,"2af60749":27,"caddd0a7":30,"1623fc9f":25,"259930ee":29,"dac109cf":32,"288a2c43":30,"74e3d13e":27,"f66616b7":17,"8d04852b":32,"93b9fae6":25,"ae95f2ba":29,"0d7d88f1":28,"4bc46d7a":29,"0a1d11e6":27,"5ef93e5d":20,"195eb771":27,"bda8cdfb":28,"4ed01268":31,"1b881e6e":36,"f2364460":32,"8ec3834d":22,"50d129cf":22,"39ba00f0":27,"9ab755d3":28,"6e851762":31,"aaa274a5":29,"e58b26f6":25,"ef1c2dcb":31,"d744bee2":29,"332820ce":31,"ea274174":29,"5f8517b7":35,"c7c4ec5c":28,"b8397293":28,"31f6d707":30,"8323d333":25
1604737447812,"d634aa28":31,"31408822":24,"cd3bbe7e":31,"93683c82":28,"8db62558":32,"4b4ecbce":24,"7a9344a4":21,"6fb4cdda":30,"80a8a56d":29,"6e24d88b":25,"754f98c9":30,"e1618359":37,"acac14fb":23,"655954ba":25,"6490bac6":29,"efd23af5":29,"0a96f57a":37,"18d20aa1":25,"bfad1727":30,"7e8e1c3d":31,"7b6a7048":22,"83b2f9c5":29,"537634c9":26,"91f7ef72":31,"6ee92259":28,"3b2dee89":29,"fea793f5":29,"51a3e9c2":29,"d39724bc":31,"82204d54":26,"6b82b527":27,"fe8f3d36":27,"ea4d3f3e":30,"be3a10f8":28,"f67de058":26,"c463799d":35,"30c184b8":27,"eb2e1983":31,"77bfed7e":32,"ef14000f":30,"c38c2b52":31,"0d7d88f1":29,"30dd2edc":27,"945b63f0":41,"6143f39d":26,"b946e146":35,"ac38a6a5":27,"b7505747":36,"aab4d996":29,"04ea5673":29,"deb31f35":28,"25a7a0a3":28,"9b3f8714":28,"51f57142":28,"24d24fa3":21,"481754fc":16,"8cf83787":23,"dfc89705":29,"6d802fa2":28,"03c398d2":26,"95bc84f1":20,"2c24d929":36,"eda6a690":26,"48655f09":40,"5678ed7b":32,"6c73ae98":28,"4b4ef7fa":33,"2c5c1dc0":23,"489a39f7":23,"a40846b7":40,"a8871ddf":32,"3e082b37":28,"3712c4bd":28,"9a3cc55d":21,"c7ab83c1":23,"31f6ba51":33,"4f59a322":26,"91536e85":27,"ad303bda":36,"47cfba38":24,"dcfaba4c":27,"24a9fb86":33,"9d9dd9e5":26,"6632fed0":41,"2b3e4717":27,"44a4f7cd":23,"d1fe2868":23,"0670c466":31,"faf3ed07":31,"77f31bab":40,"aa5dfdf5":28,"9fa62fee":28,"0bd93cfd":22,"6a3eaf43":21,"e58b26f6":26,"fb7482fe":26,"98915a1f":22,"cd95f558":29,"d0e9a58e":26,"b35e9e1a":38,"7ae3fc50":31,"554ebb83":30,"b4fdf90e":33,"49bf2e95":26,"b5ce0c0c":31,"44c77422":28,"d9f512b9":35,"75ffea08":26,"a4f1d83b":30,"4360a1a3":29,"1e7753d9":38,"69134f07":29,"c85a0d80":25,"b7434f57":25,"6fb4cdda":31,"58d46189":25,"c8977844":30,"ebdbf580":28,"be40590d":26,"655954ba":26,"288d171f":28,"1e232870":32,"27d8bf51":38,"3007f31f":19,"913a6226":24,"5c82d1ce":22,"b6ee137a":31,"c650b434":33,"201cafad":20,"abc1d7ad":34,"fd482491":30,"195eb771":28,"f3a0c2ee":24,"8a165e17":31,"fafb4cc2":40,"2c6cb96f":22,"fea793f5":30,"37d0cae2":24,"82204d54":27,"0042f6eb":39,"d1d40c9c":29,"3b2dee89":30,"062179c1":27,"2a4a402a":25,"04cc7cbe":21,"e382ec3f":20,"385ab7c6":28,"ec11fe5f":33,"4258c176":28,"a66a2d8a":22,"67c57de4":38,"21ee2afe":31,"b946e146":36,"6be9332a":31,"a0bc1ceb":23,"458dcc3d":29,"a543ec74":31,"bab97de3":37,"d82592f4":28,"95bc84f1":21,"e8d74304":26,"3c782bb3":33,"59c1e594":37,"17b08923":27,"263762cb":28,"7732eb1e":39,"27f52ed3":36,"45fb95c1":24,"014bdff0":23,"8298e976":32,"8dd649a3":23,"60e855ee":31,"c318d350":30,"c0b7e7d7":31,"6d339d45":33,"61d4782d":24,"140ce69e":31,"597c1f81":20,"f5e8dfee":33,"9fce073c":35,"8fb236a9":28,"1dad0f99":26,"7e95c5a0":30,"288a2c43":31,"6cba74ce":30,"12534561":18,"6de0aaac":23,"7af9d3b1":20,"f2ca27d9":25,"71279c46":26,"2b3e4717":28,"77bae750":21,"dc473de1":26,"d1fe2868":24,"a2c334e7":40,"1634789b":35,"254cc28c":28,"e99318a3":28,"ef1c2dcb":32,"c6c85783":29,"22234d6b":32,"778c95e9":24,"88b3bc99":25,"b947257e":31,"2180f99b":29,"3c6692a3":30,"8d000d6e":19,"9e878ec2":32,"608bc832":20,"34658473":26,"6f0fcb9d":34,"4f5e3e7d":27,"b2a8761b":28,"3101354b":20,"5f0c1b9d":36,"810aa5e9":21,"43bc86e3":32,"49cb2959":27,"aa76bc50":31,"dd035d2a":25,"93b0a158":29,"bf30a08f":33,"c8fcad77":23,"ca7d47f7":38,"caddd0a7":31,"62d1d346":25,"868cda42":21,"ce3bf5db":27,"4577b333":27,"cb51f134":33,"dbd2f139":32,"06ee61b6":28,"66497c7e":20,"ab7d4c9a":31,"cf1124db":24,"754f98c9":31,"1a2ec5d7":36,"dbc9df44":26,"40e79dd3":31,"5e193fc8":31,"b6591e25":28,"ecfa8249":26,"5cd3cfe0":20,"be2955bb":26,"6b9eff39":19,"92136ff5":32,"56d315d8":26,"5c82d1ce":23,"2b3c49b9":29,"25e0dd3d":30,"be1746a0":13,"f1098793":33,"64a7f79f":21,"0b5a0408":29,"13f0e139":28,"a0b03218":35,"de36827b":36,"2d382981":30,"5623817d":30,"b36a0d66":16,"c6e3d352":26,"b552beb3":23,"6d61bf13":25,"8274885a":27,"6c73ae98":29,"77d35808":29,"7732eb1e":40,"11888cfa":27,"25635c37":30,"22aeaf03":28,"016953e4":31,"af157d29":37,"affb82bf":26,"6d5fcd4c":31,"be149c6f":28,"bb99c79c":31,"aa187e3b":22,"1105f790":33,"7af262e5":31,"b3f19a69":33,"95d331b1":19,"b8488fc8":23,"6c486702":28,"5eab91a0":31,"07f98660":32,"92ca52b7":30,"629800eb":31,"e0e48a2d":29,"13b53c7a":24,"1dad0f99":27,"f2e3c0e3":26,"ad303bda":37,"ef91eaae":23,"621d6b18":25,"abd32136":28,"ef8321d8":26,"5f6613c8":28,"b7cc7909":27,"8dd2684c":28,"9f5e6cba":32,"1d153b20":24,"71a2a493":19,"03b4ab60":29,"bb8a6337":21,"5d087c79":29,"47d27624":27,"50d129cf":23,"1a0189c4":28,"c67979e6":34,"1634789b":36,"449d8475":29,"92efd84f":24,"835358a0":22,"0d2a1c58":19,"d552eb2f":18,"aa5dfdf5":29,"1b153aef":24,"d0e9a58e":27,"8f2a7d69":23,"379184a7":34,"31f6d707":31,"b8397293":29,"fb7482fe":27,"de6213c7":38,"c1bdfd41":24,"c7636527":29,"9bdf362a":23,"7e76c93c":27,"0f029727":25,"92f800f5":23,"24ffcbd3":32,"bb98a6cf":33,"381c68fa":32,"a836aa93":23,"30d84dce":27,"cb51f134":34,"6f81493d":35,"4e3f5178":29,"0af920d8":22,"0dad37d5":23,"972f4174":33,"4ee62a26":24,"8e780922":36,"5ccf94d6":32,"efe84c27":27,"79e4fa1c":21,"201cafad":21,"a851554d":30,"5ef93e5d":21,"d9d0c567":25,"aa867541":23,"fafb4cc2":41,"a5676c24":26,"7c0a2db6":35,"2dd0e808":37,"4b125e7b":27,"d83870f5":34,"0a96f57a":38,"8ea21393":29,"7bebff03":23,"c455f40e":21,"cfe72ead":23,"b2bd8fd3":27,"b6aaf976":34,"b7df1559":35,"01cd8099":27,"411b5027":29,"e0f7679f":30,"a0b03218":36,"45fb95c1":25,"64a7f79f":22,"a40846b7":41,"95f6db13":23,"71bc1295":28,"a77e127d":18,"f5829ac0":25,"016953e4":32,"1db42092":34,"971675c5":32,"bab97de3":38,"fd6dcb20":21,"f5596d0f":27,"5acce642":36,"9a3ab0b8":26,"4258c176":29,"25a2844e":27,"7735c3c2":19,"9a07d89b":27,"9d023afb":34,"51a3e9c2":30,"a567ace4":27,"2882a956":27,"c6dc900c":28,"07f98660":33,"753ca352":20,"11b2c8d9":22,"9aa6a054":26,"619fda68":29,"597c1f81":21,"e57d5cda":41,"7a4c064c":39,"dfa1a89b":28,"57540cc3":27,"c4bff41f":22,"172217e5":30,"9e206c95":33,"60d6cee2":26,"8cc4a982":27,"725dce8b":29,"42c80e69":24,"1ed46298":40,"ed4fad08":29,"c64de0c0":25,"5f7d7195":30,"842c8340":23,"a939b50b":32,"5957df9e":27,"5a0eb771":23,"2a387957":32,"ce3407dd":23,"5623817d":31,"d1676e89":26,"e7773397":28,"92d38723":32,"911e770b":22,"b5763ff6":32,"5747db6e":34,"6a3eaf43":22,"37a7d5b0":38,"d9d7c4c2":36,"04ea5673":30,"24ffcbd3":33,"75ffea08":27,"4577b333":28,"dac109cf":33,"dae0f922":33,"e62d705f":21,"1e191c98":25,"20e470e0":21,"110b1ee3":33,"d548635d":29,"a68a93b2":24,"be40590d":27,"4c4aa2e2":26,"470d50c2":26,"f76a3e83":34,"77300e4a":23,"696fdac5":27,"835358a0":23,"9147702f":25,"84b767be":34,"52eca0dc":31,"b28a5e67":29,"49cb2959":28,"7c0a2db6":36,"5ef93e5d":22,"08a561b7":20,"e865e4dd":32,"08a4c3f8":30,"9e878ec2":33,"792c9b6a":26,"06073f13":31,"fe0df575":31,"2e99f8fd":23,"a543ec74":32,"17807120":27,"a43061ee":26,"3c782bb3":34,"12271e14":30,"820225e4":20,"35b58ef9":19,"f3992a31":28,"3ef7432b":29,"70594a28":26,"f734c84c":34,"0149e11a":26,"3007f31f":20,"2b3c49b9":30,"92136ff5":33,"67d30f2b":34,"bf30a08f":34,"b8488fc8":24,"79be29c8":24,"20958d58":24,"1a442bc7":28,"9b546d65":27,"1c0a9eff":26,"8b5a8e9f":45,"d4d5f466":32,"1105f790":34,"c0b23081":30,"2a4a402a":26,"a8c93bed":30,"ac030e74":23,"d4ee22a4":29,"95539a58":19,"621d6b18":26,"b73e789c":28,"0785820e":26,"2ce1af05":20,"18815a1b":23,"22176537":22,"b946e146":37,"3f65f121":30,"e4714415":29,"af157d29":38,"eafbf9fb":31,"2ab62345":26,"f94bf9ea":22,"140ce69e":32,"5774ac0d":30,"64db4feb":32,"61d4782d":25,"f2364460":33,"68562193":25,"47d27624":28,"394dc144":36,"ccf8b803":27,"aff8e442":27,"bda8cdfb":29,"794f652b":23,"004f1ef3":34,"de36827b":37,"24d24fa3":22,"2203f259":28,"1be05c14":22,"481754fc":17,"6c73ae98":30,"3a204e56":28,"d599b566":34,"489a39f7":24,"5270f158":32,"5678ed7b":33,"8274885a":28,"5b60dd1d":31,"aa021138":37,"25776fc4":33,"ce3bf5db":28,"75ffea08":28,"14c682eb":26,"c8fcad77":24,"ffc86f94":29,"430a5db5":31,"26ed1a5c":27,"61f25dd4":31,"381c68fa":33,"ca6d2d91":34,"180377be":25,"685207b3":30,"26c390d6":25,"6e851762":32,"730338c4":34,"cbb54a0a":27,"c0e2624b":28,"3a291497":23,"345c9967":29,"1d44aff3":29,"69eeae0d":32,"71e53c93":32,"f3a0c2ee":25,"8a165e17":32,"084cbc0b":32,"6a3eaf43":23,"f9c15fcc":31,"82b81567":26,"34658473":27,"379184a7":35,"db0a661e":28,"a533489b":34,"8493f3b2":38,"c5b35e4d":27,"8942c35b":27,"be2955bb":27,"69d4b754":29,"5be594be":22,"e1618359":38,"f33c0140":24,"4eed1bea":33,"7b6a7048":23,"7d112f4d":29,"92136ff5":34,"7e8e1c3d":32,"44ff8baa":24,"547903ef":34,"7f6d1d0e":32,"fee32863":27,"0d770b97":38,"c510bfd3":29,"d1d40c9c":30,"d78dd457":24,"5b5fc566":28,"6ee92259":29,"2a76f1dd":25,"eebc8d43":26,"54d7de6b":37,"95d331b1":20,"733c86f8":23,"6f39f4d9":32,"0042f6eb":40,"53b4e647":37,"ae95f2ba":30,"c38c2b52":32,"7566fdd6":31,"6034b6d0":33,"e28c2efc":30,"eeaa2d46":24,"6143f39d":27,"fd6dcb20":22,"0e036ae9":33,"6cba74ce":31,"60d6cee2":27,"ef8321d8":27,"03b4ab60":30,"416a9e97":27,"51f80f4c":37,"5774ac0d":31,"a1370ab0":30,"794f652b":24,"6adce358":28,"0681c48e":32,"74e3d13e":28,"90d52475":25,"97e75c19":36,"4fd645f1":22,"57167c74":27,"d9f512b9":36,"65a00a3c":26,"014460b9":30,"5f620a1e":32,"f8b31ce5":35,"cc11fef9":28,"cf1124db":25,"ccf8b803":28,"9fc713b0":35,"17807120":28,"d6db2b02":30,"ac62fac2":29,"05642105":26,"0be540c5":31,"99d130c9":36,"e0f7679f":31,"93ac9ca3":28,"4cc141fa":22,"3c43e8a2":35,"c6e3d352":27,"a24e6670":36,"cf52025e":22,"25635c37":31,"e8f173b5":23,"2d1e1e9d":26,"8dd649a3":24,"95d3d348":31,"1951480c":30,"c318d350":31,"650bb0e0":34,"e15fd611":28,"a5676c24":27,"dc03ebd2":36,"42cd2360":28,"45b5746e":24,"ec110282":29,"fe44fc6f":31,"7c0a2db6":37,"7e991ab9":23,"70c1e715":32,"7db3edda":33,"272c7672":34,"8657c79d":36,"f4726450":25,"dd7acb96":32,"0cb80f4a":29,"e0e6a097":22,"3652bd66":25,"3a1b9af5":24,"a533489b":35,"d102b0c6":23,"332820ce":32,"dbd2f139":33,"110b1ee3":34,"ddec9e54":23,"655954ba":27,"9d4da635":23,"c5b35e4d":28,"902f49f5":26,"145c7559":29,"704bce0d":31,"79f04300":25,"470d50c2":27,"ebdbf580":29,"72b84094":35,"fb8bfb36":34,"f9f2c53f":24,"daab45c6":24,"4dac6b20":28,"a0cca8b7":22,"e1f0dbfd":28,"ee75b607":26,"8bc04eb5":23,"c463799d":36,"2882a956":28,"55928ef1":31,"1bb4ccc0":24,"7fdc2007":24,"7735c3c2":20,"cfafcda8":25,"cd522166":45,"9cb4697f":29,"78467b8a":32,"1a442bc7":29,"9a3ab0b8":27,"6034b6d0":34,"ef91eaae":24,"d7cb9bcf":25,"9fce073c":36,"d83294cd":32,"4930f321":23,"cb142908":28,"0277d748":38,"af157d29":39,"6cba74ce":32,"51f57142":29,"8dd2684c":29,"71279c46":27,"ac38a6a5":28,"47cfba38":25,"546f6845":31,"f94bf9ea":23,"6df0b2e8":41,"c67979e6":35,"deb31f35":29,"2af60749":28,"e786063b":27,"49b358bd":28,"08a06557":40,"e32524d6":29,"014460b9":31,"cc6bbe45":26,"c6c85783":30,"dc473de1":27,"a1921150":36,"162a7348":28,"4ed01268":32,"5d087c79":30,"4ff2225d":26,"99d130c9":37,"aefe13f5":37,"8aa78e2f":26,"03dcfa3d":28,"0b5a0408":30,"26009d3f":29,"12271e14":31,"6d61bf13":26,"35b58ef9":20,"6291e9e9":25,"159ffd0b":8,"a543ec74":33,"f5cd79c1":24,"93ac9ca3":29,"e36dfd6f":24,"3e602573":20,"695a2b92":28,"eda6a690":27,"7ee148e9":27,"312f7676":27,"cb6c9e42":41,"394dc144":37,"8db5a165":20,"a5fd8ffd":34,"71ba7561":22,"da04caac":26,"781ace7d":29,"aa76bc50":32,"db8ba455":31,"84b767be":35,"1f7607df":17,"ea822700":25,"7028b044":28,"5a07fc2e":30,"8657c79d":37,"d0d6acb1":27,"a533489b":36,"31f6d707":32,"d0e9a58e":28,"cfe72ead":24,"379184a7":36,"7ae3fc50":32,"5ee911b5":28,"142d6987":36,"5272520d":29,"ca6d2d91":35,"6f81493d":36,"0af920d8":23,"8e99d5d0":27,"7a9344a4":22,"cb51f134":35,"1e191c98":26,"9f2b16a7":23,"dcf85091":26,"77300e4a":24,"6b78ad7f":32,"d34a29b9":31,"9a80f004":29,"c8dc010f":30,"25e0dd3d":31,"6bc5d32a":35,"4eed1bea":34,"20777945":29,"7b6a7048":24,"ad2d7bed":28,"5acce642":37,"d1d40c9c":31,"dfcc2ad1":25,"95d331b1":21,"eebc8d43":27,"a502c93c":31,"8f10fa42":35,"a567ace4":28,"4b125e7b":28,"730a4938":37,"c510bfd3":30,"733c86f8":24,"e28c2efc":31,"a0685bf3":29,"53b4e647":38,"ac030e74":24,"2ce1af05":21,"a85d89cc":35,"4930f321":24,"50c468ba":22,"12dd6f5e":24,"546f6845":32,"57540cc3":28,"8dd2684c":30,"be4f8ba8":23,"162a7348":29,"bc021def":33,"638cb163":46,"62d1d346":26,"c4e70c07":23,"04ea5673":31,"6df0b2e8":42,"416a9e97":28,"71279c46":28,"12a2cd4b":33,"bad6cdb1":26,"8cf83787":24,"d9dcdc4b":35,"9fc713b0":36,"87922532":29,"3c782bb3":35,"b7df1559":36,"05642105":27,"263762cb":29,"1be05c14":23,"56752a4a":25,"016953e4":33,"fb44fa9c":35,"13f0e139":29,"b1f58563":27,"88a30343":31,"3712c4bd":29,"82868763":24,"e7773397":29,"09ff339a":25,"40860a4b":22,"9d9dd9e5":27,"8cddb65e":32,"4125085e":29,"cb6c9e42":42,"288a2c43":32,"97e75c19":37,"7ae34c64":23,"cf1b8c47":30,"00a481e3":29,"3101354b":21,"fd482491":31,"d8e58a8c":34,"23760167":24,"04643409":26,"5a0eb771":24,"254cc28c":29,"b7832271":23,"d744bee2":30,"d0d6acb1":28,"1f342a00":35,"de6213c7":39,"9fa62fee":29,"730338c4":35,"9263c525":27,"b35e9e1a":39,"3652bd66":26,"00554ffd":40,"5ee911b5":29,"0ac825ed":29,"5acaa06f":21,"c7636527":30,"30c5d755":35,"08a06557":41,"110b1ee3":35,"93683c82":29,"c2bb8aae":28,"b7434f57":26,"d634aa28":32,"0da28f5b":28,"6b78ad7f":33,"74f234c6":29,"704bce0d":32,"430a5db5":32,"dbc9df44":27,"36380d96":31,"f2086446":28,"754f98c9":32,"a0cca8b7":23,"53747a91":37,"a0ce82b4":34,"7e8e1c3d":33,"21e10a2b":26,"6b9eff39":20,"2b3c49b9":31,"345c9967":30,"a502c93c":32,"51a3e9c2":31,"92ca52b7":31,"0d770b97":39,"8063df14":31,"67d30f2b":35,"290b4714":33,"20958d58":25,"88ce179e":28,"5f4102da":30,"ea4d3f3e":31,"7bda83dd":28,"78467b8a":33,"7af262e5":32,"cb142908":29,"53b4e647":39,"621d6b18":27,"88432019":26,"d3e84616":33,"a5aee5de":28,"cbad3b92":34,"0be540c5":32,"e8f173b5":24,"946df4fd":28,"6ebe2354":18,"09f0db62":35,"3310a049":37,"4945c851":38,"f2470875":29,"d82592f4":29,"e238f09b":25,"ae8a09c4":31,"f5829ac0":26,"59431390":34,"c6e3d352":28,"8dc9b4db":26,"77d35808":30,"d6db2b02":31,"22aeaf03":29,"a40846b7":42,"01d817b8":23,"a77e8461":21,"15620dca":31,"e9a8cf11":22,"e9adbe58":24,"b7cc7909":28,"f7231212":32,"ae95f2ba":31,"c38c2b52":33,"faf4f98b":27,"42cd2360":29,"012de09c":25,"0277d748":39,"60d6cee2":28,"527ff946":36,"40860a4b":23,"aff8e442":28,"57d5dee8":27,"99e171db":25,"2132fe93":31,"254cc28c":30,"5e09f69e":34,"04643409":27,"6e98dfda":37,"c98d5272":30,"272c7672":35,"aec074c4":33,"383e232d":26,"7028b044":29,"6e851762":33,"dd7acb96":33,"50c3164b":27,"1b153aef":25,"5ee911b5":30,"4ba6eb36":29,"5acaa06f":22,"5a0ead91":19,"7a2f3f06":25,"cd95f558":30,"e32524d6":30
1604737449230,"a81a857c":27,"fce3c5c6":30,"c015ec5a":24,"04ea5673":32,"fbdffc95":23,"d6f0d94a":24,"381c68fa":34,"4279e829":33,"110b1ee3":36,"cf1124db":26,"902f49f5":27,"7cd0ad7b":30,"f121b82c":34,"9f2b16a7":24,"0c043224":32,"145c7559":30,"104721f0":30,"4c4aa2e2":27,"bd984a8e":24,"36380d96":32,"72b84094":36,"e2a7d915":31,"53747a91":38,"fb8bfb36":35,"21e10a2b":27,"92136ff5":35,"b6ee137a":32,"8db5a165":21,"6023df54":21,"a472532e":23,"db8ba455":32,"345c9967":31,"e0e48a2d":30,"fee32863":28,"4b125e7b":29,"eebc8d43":28,"37d0cae2":25,"ba5c52af":25,"04cc7cbe":22,"7af262e5":33,"d39724bc":32,"742f1425":28,"b460f030":35,"ae8a09c4":32,"cf84fb54":34,"73b15e04":27,"e6fac295":25,"09f0db62":36,"b36a0d66":17,"48655f09":41,"d36125db":38,"971675c5":33,"8eb64769":25,"c564e316":29,"f5829ac0":27,"27f52ed3":37,"013ee301":29,"e7e82473":33,"26f99a1e":29,"d599b566":35,"1db42092":35,"5623817d":32,"172217e5":31,"49902219":31,"2dda3936":26,"a77e8461":22,"9e206c95":34,"730a4938":38,"78467b8a":34,"ffa08d82":23,"20811ddf":27,"6c524f99":24,"76f94eda":29,"c510bfd3":31,"d83294cd":33,"2b698053":19,"ba938220":28,"8fb236a9":29,"621d6b18":28,"623c6a31":33,"21ee2afe":32,"68562193":26,"d6d61bfc":39,"b230e8d3":29,"d5557fb4":34,"6df0b2e8":43,"1d790491":32,"aec4e1bf":32,"ce3407dd":24,"4125085e":30,"91d52a55":24,"32133249":35,"8ec3834d":23,"f66616b7":18,"a983a6dc":27,"8657c79d":38,"9147702f":26,"5747db6e":35,"d1ca5d6b":36,"a6626a13":20,"5a07fc2e":31,"b35e9e1a":40,"8d000d6e":20,"3652bd66":27,"82b81567":27,"ef16ca37":26,"4ea4a2a1":37,"608bc832":21,"778c95e9":25,"4fd645f1":23,"3bad3c95":16,"c8fcad77":25,"04ea5673":33,"7be025ce":26,"0b959527":23,"28d40296":25,"b6591e25":29,"6e24d88b":26,"dbd2f139":34,"f4634d0b":30,"31408822":25,"61f25dd4":32,"b215547b":23,"0841052c":30,"f76a3e83":35,"696fdac5":28,"5be594be":23,"f33c0140":25,"c85a0d80":26,"79f04300":26,"a0cca8b7":24,"fb8bfb36":36,"7d112f4d":30,"6490bac6":30,"74c26380":25,"a15713c6":42,"4bc46d7a":30,"69eeae0d":33,"2c6cb96f":23,"56473430":25,"45b5746e":25,"ee75b607":27,"f56ac638":23,"ee21ad02":35,"c650b434":34,"5a622a23":32,"0149e11a":27,"cbad3b92":35,"e6fac295":26,"aa00769b":40,"be1746a0":14,"a24e6670":37,"6d61bf13":27,"2198ba8e":23,"b552beb3":24,"836701f6":25,"01cd8099":28,"a3d4a0e5":39,"e7773397":30,"6db0ea86":27,"3e602573":21,"3c43e8a2":36,"1db42092":36,"eda6a690":28,"945b63f0":42,"5b5fc566":29,"a0685bf3":30,"677c6a09":40,"c463799d":37,"bec9d329":31,"6c486702":29,"afe8e06a":23,"e0e48a2d":31,"7bda83dd":29,"eb2e1983":32,"e35a63cd":29,"1dad0f99":28,"9c29f0ed":37,"6034b6d0":35,"d83294cd":34,"621d6b18":29,"869cbaa0":34,"9496f56f":29,"15620dca":32,"18815a1b":24,"68562193":27,"31d74eee":23,"6df0b2e8":44,"c6c85783":31,"8dd2684c":31,"32133249":36,"66d94227":18,"9c045c61":31,"e9a8cf11":23,"47d27624":29,"623c6a31":34,"74e3d13e":29,"a625328f":28,"9ceb5439":24,"71279c46":29,"416a9e97":29,"82868763":25,"d6db2b02":32,"695a2b92":29,"e8f173b5":25,"50312237":29,"4ba6eb36":30,"67f6e4f2":25,"5f8517b7":36,"fa55f27a":37,"d102b0c6":24,"b88033fd":34,"0fc5ac7e":39,"5774ac0d":32,"e1571af7":34,"24ffcbd3":34,"c8fcad77":26,"c015ec5a":25,"c4e70c07":24,"259930ee":30,"88fa53d6":23,"4ee62a26":25,"d70ca4f4":35,"0d5ee801":25,"b7434f57":27,"906632cb":22,"1a68160d":27,"c3e6ef01":37,"3b690f68":32,"80a8a56d":30,"972f4174":34,"4c4aa2e2":28,"9f2b16a7":25,"7f86be64":31,"f33c0140":26,"50d129cf":24,"a901627e":19,"65e4235b":32,"52eca0dc":32,"4abb7aed":23,"781ace7d":30,"cf1b8c47":31,"5f96c2bc":19,"2180f99b":30,"2c627253":22,"70c1e715":33,"b7832271":24,"6a3eaf43":24,"f9f2c53f":25,"e2a7d915":32,"daab45c6":25,"feb67030":27,"26dd2000":27,"7e8e1c3d":34,"53747a91":39,"31f6d707":33,"e8f173b5":26,"27c8e038":27,"3e082b37":29,"a24e6670":38,"59c1e594":38,"b8488fc8":25,"87c462ee":29,"053f3451":27,"7ee7621c":23,"619fda68":30,"dd3913d2":24,"00a17b46":26,"5eab91a0":32,"831c7b85":27,"10ec5a0b":20,"f67de058":27,"b73e789c":29,"92ca52b7":32,"869cbaa0":35,"fead11cf":31,"36d340f2":34,"22ecaed0":27,"8dd2684c":32,"fd6dcb20":23,"1d153b20":25,"51f57142":30,"f2f58418":27,"5774ac0d":33,"9f5e6cba":33,"6867261a":24,"2b3e4717":29,"0681c48e":33,"cb6c9e42":43,"540df50f":33,"a1921150":37,"1ed46298":41,"7e15f8e8":32,"288a2c43":33,"04643409":28,"48efc739":34,"5a0eb771":25,"fbdffc95":24,"0b959527":24,"ba30e43a":37,"638cb163":47,"719c8869":33,"a33fe0dd":36,"df2b4d87":34,"ca6d2d91":36,"3f9b5722":25,"30dbfc69":29,"1e191c98":27,"a68a93b2":25,"f76a3e83":36,"142d6987":37,"655954ba":28,"c382f054":22,"20e470e0":22,"972f4174":35,"77300e4a":25,"05642105":28,"f1098793":34,"1da771fb":18,"742f1425":29,"e0f7679f":32,"a40846b7":43,"dd1fcb17":31,"016953e4":34,"d36125db":39,"eed20185":32,"312f7676":28,"3e602573":22,"1db42092":37,"8dc9b4db":27,"3310a049":38,"39bbc4bc":48,"e0e6a097":23,"d0b297b2":25,"0cb80f4a":30,"fa55f27a":38,"aa5dfdf5":30,"0fc5ac7e":40,"a625328f":29,"d1ca5d6b":37,"0d770b97":40,"385ab7c6":29,"cfafcda8":26,"bd2705b0":30,"91b28f83":29,"4258c176":30,"a901627e":20,"52eca0dc":33,"616d6dd6":38,"7c0a2db6":38,"da04caac":27,"45b5746e":26,"810aa5e9":22,"2a06ab95":31,"84b67924":26,"d3a669ac":36,"92d38723":33,"4ea4a2a1":38,"ea274174":30,"e7abc88d":18,"696fdac5":29,"72b84094":37,"21ad2f34":27,"40e79dd3":32,"0a96f57a":39,"261c9911":35,"7bebff03":24,"cd421290":29,"c0b23081":31,"20811ddf":28,"1bc0591f":27,"5f4102da":31,"e4117b3b":22,"8f10fa42":36,"1c0a9eff":27,"f56ac638":24,"8063df14":32,"91b28f83":30,"dc0c8b09":36,"1745a0f4":27,"b0869206":31,"8007f30e":20,"67c57de4":39,"cc5a1d47":31,"87083264":35,"50c468ba":23,"0785820e":27,"2ce1af05":22,"f7231212":33,"7d6895f4":29,"3454fa2b":31,"ec2cb1af":36,"ef8321d8":28,"0277d748":40,"36d340f2":35,"945b63f0":43,"be149c6f":29,"f94bf9ea":24,"4125085e":31,"48efc739":35,"90d52475":26,"6df0b2e8":45,"25d1b2d8":27,"031e488e":35,"44a4f7cd":24,"9f5e6cba":34,"c9efc8f6":32,"9ceb5439":25,"d1fe2868":25,"6adce358":29,"fce3c5c6":31,"62d1d346":27,"c8fcad77":27,"2154b6e8":25,"e3547548":20,"b7505747":37,"ffc86f94":30,"cc11fef9":29,"f1b493de":31,"30dbfc69":30,"4e3f5178":30,"dfc89705":30,"6db0ea86":28,"ad8f85d6":29,"fb44fa9c":36,"a0b03218":37,"8298e976":33,"a77e127d":19,"742f1425":30,"bab97de3":39,"a43061ee":27,"ce4da56f":23,"f6fe095d":36,"489a39f7":25,"27f52ed3":38,"aefe13f5":38,"4b3e3b1c":31,"c0b7e7d7":32,"baebb391":33,"7ee148e9":28,"22aeaf03":30,"004f1ef3":35,"313258f2":26,"dc03ebd2":37,"42cd2360":30,"7c0a2db6":39,"da04caac":28,"1d44aff3":30,"95904ac4":37,"730338c4":36,"284544ba":31,"fd07e0ed":26,"aec074c4":34,"50c3164b":28,"cbb54a0a":28,"0d2a1c58":20,"1b153aef":26,"3d1af513":30,"cfe72ead":25,"6585adbe":19,"3a1b9af5":25,"5acaa06f":23,"2e99f8fd":24,"0da28f5b":29,"20e470e0":23,"d34a29b9":32,"e62d705f":22,"6b78ad7f":34,"cd3bbe7e":32,"79f04300":27,"be40590d":28,"69d4b754":30,"b2c25d1c":33,"debe1f65":35,"70594a28":27,"4295ce9a":29,"b6ee137a":33,"7b6a7048":25,"ecfa8249":27,"9d0546ac":29,"04bef50c":17,"1c0a9eff":28,"d4d5f466":33,"733c86f8":25,"5eab91a0":33,"fef750ca":31,"78467b8a":35,"6ee92259":30,"16b476e9":25,"55928ef1":32,"b102f7bd":34,"7ee7621c":24,"b8488fc8":26,"f2e3c0e3":27,"6f39f4d9":33,"b9be31d6":26,"2b698053":20,"056ea7ff":28,"00a17b46":27,"597c1f81":22,"d2466211":33,"12dd6f5e":25,"8547fbc2":29,"ec2cb1af":37,"3454fa2b":32,"d6320619":35,"eeaa2d46":25,"e9a8cf11":24,"09560615":23,"42c80e69":25,"3c18f28e":31,"bb8a6337":22,"f66616b7":19,"0ecfa1c9":31,"c81b2bcf":26,"2154b6e8":26,"aa021138":38,"d9f512b9":37,"c8fcad77":28,"e3547548":21,"868cda42":22,"ca7d47f7":39,"dc473de1":28,"254cc28c":31,"c4bff41f":23,"1a0189c4":29,"04643409":29,"cf84fb54":35,"aa00769b":41,"8aa78e2f":27,"b1f58563":28,"b460f030":36,"03c398d2":27,"b935fc1c":27,"6a60348e":34,"13f0e139":30,"26009d3f":30,"d599b566":36,"8b2b601d":31,"9a3cc55d":22,"a636f4c9":28,"49910300":21,"9c58dd76":34,"695a2b92":30,"095ab3b4":24,"6be9332a":32,"8298e976":34,"95d3d348":32,"650bb0e0":35,"815e4582":33,"7ae34c64":24,"dc03ebd2":38,"abc1d7ad":35,"8a165e17":33,"da04caac":29,"2c6cb96f":24,"dd035d2a":26,"50c3164b":29,"aec074c4":35,"eb7b4e29":22,"2c01e624":28,"aa5dfdf5":31,"2f455cce":18,"d3a669ac":37,"1b153aef":27,"379184a7":37,"6f0fcb9d":35,"cfe72ead":26,"fe0df575":32,"4ac6bd4e":24,"5f8517b7":37,"5ccf94d6":33,"a68a93b2":26,"6e24d88b":27,"be2955bb":28,"40a745c0":28,"0c043224":33,"f3992a31":29,"f4634d0b":31,"1a68160d":28,"655941a0":40,"06ee61b6":29,"6b78ad7f":35,"efe84c27":28,"7f86be64":32,"85de05f2":22,"daab45c6":26,"df81ddee":26,"9a80f004":30,"e1f0dbfd":29,"a0cca8b7":25,"efd23af5":30,"ad2d7bed":29,"6841f77e":35,"d4d5f466":34,"8b5a8e9f":46,"a0685bf3":31,"04bef50c":18,"8063df14":33,"7ee7621c":25,"b87158fb":32,"935ec056":24,"1bb4ccc0":25,"dd3913d2":25,"fee32863":29,"afe8e06a":24,"c803b4a3":30,"9fce073c":37,"e4cfef0a":21,"9496f56f":30,"e28c2efc":32,"2b698053":21,"9f74b8a4":29,"08c6b5d2":25,"9a467a82":34,"36d340f2":36,"be4f8ba8":24,"6867261a":25,"51f57142":31,"e1571af7":35,"24ffcbd3":35,"2af60749":29,"805af3c7":25,"014460b9":32,"f8b31ce5":36,"b5ce0c0c":32,"9e206c95":35,"a6003226":30,"bc3dc66a":26,"315537b2":27,"088feee2":33,"e4714415":30,"8ec3834d":24,"42c80e69":26,"dd1fcb17":32,"03dcfa3d":29,"0d2c95fe":27,"a543ec74":34,"a24e6670":39,"cac4449a":25,"f6fe095d":37,"1438fad7":29,"a636f4c9":29,"f5cd79c1":25,"d6db2b02":33,"468fc85c":32,"f2470875":30,"411b5027":30,"fe1d4419":35,"87ce8d1d":22,"013ee301":30,"26f99a1e":30,"b2703001":27,"5781776a":27,"a58bf525":26,"a983a6dc":28,"c93c3508":18,"2132fe93":32,"6adce358":30,"ccf8b803":29,"a0cf08b3":27,"a15713c6":43,"7ae34c64":25,"6023df54":22,"d5dae4c4":28,"8db5a165":22,"b2cfdbcf":23,"a1921150":38,"c98d5272":31,"8657c79d":39,"84b767be":36,"3062379b":21,"c0e2624b":29,"2d13e69b":28,"6a3eaf43":25,"a625328f":30,"ea274174":31,"9260d96b":31,"379184a7":38,"02d4753e":37,"06073f13":32,"cfe72ead":27,"b35e9e1a":41,"cc11fef9":30,"a68a93b2":27,"dae0f922":34,"be2955bb":29,"1a2c020b":32,"cf1124db":27,"66497c7e":21,"c382f054":23,"c3e6ef01":38,"69134f07":30,"d033db8d":26,"acac14fb":24,"1247fa52":26,"1e232870":33,"efd23af5":31,"4295ce9a":30,"21ad2f34":28,"c45d554f":31,"26dd2000":28,"51c57542":31,"da3437cd":23,"ad2d7bed":30,"3b2dee89":31,"a66a2d8a":23,"1745a0f4":28,"ba586505":29,"ea4d3f3e":32,"13b53c7a":25,"0e2b5d2f":35,"6c20c153":28,"2882a956":29,"b8488fc8":27,"1c0a9eff":29,"11b2c8d9":23,"be3a10f8":29,"07f98660":34,"4f59a322":27,"8fb236a9":30,"12dd6f5e":26,"0f029727":26,"c0b0f492":31,"ba30e43a":38,"6d5fcd4c":32,"172217e5":32,"09560615":24,"946df4fd":29,"a636f4c9":30,"a0b03218":38,"e8f173b5":27,"cf84fb54":36,"a0bc1ceb":24,"59431390":35,"014bdff0":24,"d82592f4":30,"6ebe2354":19,"f5cd79c1":26,"32c9fc47":24,"ae8a09c4":33,"1da771fb":19,"6c73ae98":31,"971675c5":34,"013ee301":31,"42191b64":25,"11888cfa":28,"1951480c":31,"6b79fec2":23,"a6003226":31,"08c6b5d2":26,"4911acad":26,"527ff946":37,"0e036ae9":34,"bfcb912a":31,"eafbf9fb":32,"25d1b2d8":28,"c38c2b52":34,"597c1f81":23,"cf9f4757":21,"7a4c064c":40,"ef8987d7":38,"8a165e17":34,"69eeae0d":34,"6e44927f":23,"e865e4dd":33,"a5fd8ffd":35,"5f0c1b9d":37,"0ecfa1c9":32,"a939b50b":33,"5a0eb771":26,"35aa7fd0":29,"8cddb65e":33,"1b881e6e":37,"9d63c4dd":30,"4125085e":32,"c98d5272":32,"2180f99b":31,"7e991ab9":24,"af0b61ab":36,"0bd93cfd":23,"aaa274a5":30,"4bcd4a30":44,"3c6692a3":31,"8245f916":31,"de11eb19":42,"7a6aa4b6":29,"b35e9e1a":42,"4f5e3e7d":28,"67f6e4f2":26,"49bf2e95":27,"aa021138":39,"e3547548":22,"0a2f71bc":21,"dac109cf":34,"3f9b5722":26,"b3863630":26,"cd3bbe7e":33,"4c4aa2e2":29,"61f25dd4":33,"ab7d4c9a":32,"6f81493d":37,"0dad37d5":24,"0c043224":34,"dbd2f139":35,"a836aa93":24,"efe84c27":29,"bb98a6cf":34,"696fdac5":30,"debe1f65":36,"25e0dd3d":32,"44ff8baa":25,"4dac6b20":29,"c650b434":35,"92136ff5":36,"efd23af5":32,"78b97937":26,"ee21ad02":36,"7ee7621c":26,"55928ef1":33,"13b53c7a":26,"95d331b1":22,"79be29c8":25,"a8c93bed":31,"e35a63cd":30,"93b0a158":30,"54d7de6b":38,"6c486702":30,"0042f6eb":41,"1bb4ccc0":26,"9c045c61":32,"27c8e038":28,"b6aaf976":35,"4cc141fa":23,"12271e14":32,"a6bcb07e":29,"48655f09":42,"a4dafea5":21,"e81834aa":32,"03c398d2":28,"1c3a30c5":24,"e8f173b5":28,"5410e9c6":27,"5623817d":33,"d6db2b02":34,"d36125db":40,"695a2b92":31,"26009d3f":31,"e7773397":31,"e45b4b53":22,"c564e316":30,"3712c4bd":30,"d3e84616":34,"9a467a82":35,"51f57142":32,"f3d68430":33,"10ec5a0b":21,"2ce1af05":23,"cb142908":30,"9496f56f":31,"621d6b18":30,"c38c2b52":35,"ef91eaae":25,"a901627e":21,"0a1d11e6":28,"810aa5e9":23,"b230e8d3":30,"12012fbd":35,"540df50f":34,"8547fbc2":30,"60d6cee2":29,"84369269":25,"725dce8b":30,"6adce358":31,"5a734022":23,"5a0eb771":27,"af034fee":23,"48efc739":36,"227006e4":28,"d957f027":21,"7e15f8e8":33,"66d94227":19,"8cd78f77":35,"9ab755d3":29,"39ba00f0":28,"0fc5ac7e":41,"e58b26f6":27,"5a07fc2e":32,"eb7b4e29":23,"4ac6bd4e":25,"5ee911b5":31,"d0c0fc08":26,"50312237":30,"f9c15fcc":32,"8493f3b2":39,"db0a661e":29,"e32524d6":31,"719c8869":34,"62d1d346":28,"7e76c93c":28,"014460b9":33,"08a06557":42,"24ffcbd3":36,"20e470e0":24,"1247fa52":27,"0d5ee801":26,"1f11812e":24,"c0fea118":24,"906632cb":23,"5e193fc8":32,"b3863630":27,"0c0e98ea":24,"9f2b16a7":26,"751acea8":30,"db703021":27,"7f86be64":33,"6fb4cdda":32,"feb67030":28,"c8dc010f":31,"5a622a23":33,"efd23af5":33,"a0cf08b3":28,"7ae34c64":26,"a15713c6":44,"d5dae4c4":29,"7fdc2007":25,"677c6a09":41,"7fef9973":37,"478d2d4f":36,"6c524f99":25,"bf30a08f":35,"cb4f262b":38,"a59a8290":30,"d25e0f8d":28,"20777945":30,"f4343817":27,"e6fac295":27,"0114160e":28,"2198ba8e":24,"2cce4fb2":33,"812b4f15":31,"05642105":29,"ce4da56f":24,"ae8a09c4":34,"e238f09b":26,"f044c0e1":28,"74e01f6a":27,"971675c5":35,"2d382981":31,"17b08923":28,"1da771fb":20,"e8d74304":27,"88a30343":32,"9a3cc55d":23,"3e082b37":30,"014bdff0":25,"6c486702":31,"9cb4697f":30,"7af262e5":34,"d815c5b4":34,"935ec056":25,"062179c1":28,"07f98660":35,"76f94eda":30,"753ca352":21,"c8113b77":28,"2b698053":22,"4930f321":25,"10ec5a0b":22,"30dd2edc":28,"172217e5":33,"6cba74ce":33,"945b63f0":44,"01d817b8":24,"aec4e1bf":33,"91d52a55":25,"42c80e69":27,"9c045c61":33,"c6c85783":32,"57540cc3":29,"3a1d1632":21,"227006e4":29,"36b7003c":34,"5339e1e9":29,"17446892":27,"4125085e":33,"04643409":30,"7e15f8e8":34,"0681c48e":34,"254cc28c":32,"884b0ad1":27,"aa5dfdf5":32,"c0b7e7d7":33,"9e878ec2":34,"a533489b":37,"d0c0fc08":27,"7a6aa4b6":30,"792c9b6a":27,"d102b0c6":25,"8323d333":26
1604737450258,"1f342a00":36,"284544ba":32,"04ea5673":34,"7be025ce":27,"c8fcad77":29,"5f620a1e":33,"3bad3c95":17,"4577b333":29,"44c77422":29,"ebdbf580":30,"d634aa28":33,"c21ab51e":19,"0a92153e":33,"7a9344a4":23,"dbc9df44":28,"8db62558":33,"9f2b16a7":27,"0c043224":35,"e1618359":39,"6e24d88b":28,"288d171f":29,"430a5db5":33,"5272520d":30,"7e8e1c3d":35,"e58b26f6":28,"84b767be":37,"c793cdda":28,"d9a64845":24,"aa867541":24,"a15713c6":45,"95904ac4":38,"fe44fc6f":32,"195eb771":29,"781ace7d":31,"a0cca8b7":26,"ded7da5a":28,"debe1f65":37,"5c82d1ce":24,"4e5aaaec":18,"d25e0f8d":29,"064a99c8":28,"8cf83787":25,"6db0ea86":29,"27c8e038":29,"f6fe095d":38,"3c782bb3":36,"4b4ef7fa":34,"1bc0591f":28,"67d30f2b":36,"e382ec3f":21,"4c0e547b":23,"f5e8dfee":34,"bd2705b0":31,"16b476e9":26,"dd3913d2":26,"9cb4697f":31,"0f89862c":23,"5b5fc566":30,"cfafcda8":27,"37d0cae2":26,"c1bb74f2":30,"77bfed7e":33,"597c1f81":24,"621d6b18":31,"629800eb":32,"10ec5a0b":23,"7fb4c521":31,"ac030e74":25,"0277d748":41,"d1715f3b":30,"6de0aaac":24,"a77e8461":23,"227006e4":30,"945b63f0":45,"d5557fb4":35,"181c3dd5":31,"d6320619":36,"f66616b7":20,"bb8a6337":23,"8dd2684c":33,"b7cc7909":29,"bad1a1cc":23,"ccf8b803":30,"42c80e69":28,"dcfaba4c":28,"23760167":25,"650bb0e0":36,"57d5dee8":28,"e15fd611":29,"48655f09":43,"f5cd79c1":27,"8298e976":35,"2c24d929":37,"317c1591":24,"868edcc0":35,"a5aee5de":29,"8dd649a3":25,"0114160e":29,"27f52ed3":39,"6ebe2354":20,"06ddafc7":27,"fb7b7b3c":41,"82868763":26,"7a2f3f06":26,"de11eb19":43,"5f8517b7":38,"719c8869":35,"259930ee":31,"fce3c5c6":32,"25776fc4":34,"2af60749":30,"1623fc9f":26,"37a7d5b0":39,"4c4aa2e2":30,"d70ca4f4":36,"8e99d5d0":28,"bd984a8e":25,"0c0e98ea":25,"66497c7e":22,"dcf85091":27,"b2c25d1c":34,"58d46189":26,"f883d582":29,"f3992a31":30,"655941a0":41,"1e232870":34,"f4634d0b":32,"72d7b461":27,"2f455cce":19,"6a3eaf43":26,"7db3edda":34,"db8ba455":33,"8db5a165":23,"a15713c6":46,"61145ec9":41,"a0cf08b3":29,"56473430":26,"dc03ebd2":39,"730338c4":37,"9fa62fee":30,"8657c79d":40,"8c6e001f":18,"408bb2ed":20,"0ac825ed":30,"5acaa06f":24,"5fa12feb":31,"6bc5d32a":36,"4295ce9a":31,"bfad1727":31,"9a80f004":31,"2ad42a9e":24,"ccb5ea3e":20,"5acce642":38,"20958d58":26,"8b5a8e9f":47,"6ee92259":31,"33d6bb6a":29,"00cf385d":35,"d929098e":19,"70ee0491":23,"93b0a158":31,"fee32863":30,"ea4d3f3e":33,"fead11cf":32,"55928ef1":34,"677c6a09":42,"cb142908":31,"9aa6a054":27,"869cbaa0":36,"7fb4c521":32,"9fce073c":38,"053f3451":28,"385ab7c6":30,"21ee2afe":33,"f5596d0f":28,"22176537":23,"bc021def":34,"af157d29":40,"e4714415":31,"5957df9e":28,"4d35385e":21,"a2c334e7":41,"9d63c4dd":31,"2cb29e5a":36,"deb31f35":30,"8ec3834d":25,"c93c3508":19,"91d52a55":26,"638cb163":48,"aab4d996":30,"ba30e43a":39,"a81a857c":28,"b7505747":38,"e5d3655c":35,"014460b9":34,"b3863630":28,"c85a0d80":27,"d0c104c4":23,"902f49f5":28,"fe578280":29,"dae0f922":35,"8e780922":37,"5e09f69e":35,"5339e1e9":30,"a0bc1ceb":25,"66554572":24,"03dcfa3d":30,"de36827b":38,"71bc1295":29,"2cce4fb2":34,"742f1425":31,"95d3d348":33,"ea9bba6b":30,"b84a06eb":35,"a636f4c9":31,"01cd8099":29,"1f88a4b7":28,"8dc9b4db":28,"6d802fa2":29,"2c5c1dc0":24,"27c8e038":30,"d9dcdc4b":36,"8274885a":29,"22aeaf03":31,"437fc3ec":32,"c9efc8f6":33,"7c0a2db6":40,"5ef93e5d":23,"71ba7561":23,"95904ac4":39,"5f0c1b9d":38,"d5dae4c4":30,"b2cfdbcf":24,"84b767be":38,"088feee2":34,"2180f99b":32,"e9a8cf11":25,"36b7003c":35,"9ab755d3":30,"8cd78f77":36,"3c6692a3":32,"7db3edda":35,"c793cdda":29,"26ed1a5c":28,"288d171f":30,"5e193fc8":33,"58d46189":27,"696fdac5":31,"93683c82":30,"db703021":28,"6490bac6":31,"cd421290":30,"ecfa8249":28,"c8dc010f":32,"7b6a7048":26,"f9f2c53f":26,"913a6226":25,"1b153aef":28,"b4fdf90e":34,"9e878ec2":35,"c7c4ec5c":29,"06073f13":33,"de11eb19":44,"6585adbe":20,"935ec056":26,"0f89862c":24,"f5e8dfee":35,"ba586505":30,"8f10fa42":37,"e4117b3b":23,"eb2e1983":33,"a6b5e869":30,"e382ec3f":22,"6c486702":32,"b8488fc8":28,"aa187e3b":23,"c803b4a3":31,"a0685bf3":32,"6d339d45":34,"d1715f3b":31,"8547fbc2":31,"30dd2edc":29,"9e206c95":36,"f94bf9ea":25,"8a52882e":32,"21ee2afe":34,"d6d61bfc":40,"ccf8b803":31,"12012fbd":36,"3c18f28e":32,"50d129cf":25,"37fbb107":27,"88fa53d6":24,"c0b0f492":32,"d141db49":22,"0b959527":25,"a577db1c":30,"c1bdfd41":25,"fbdffc95":25,"c7313e0a":24,"2b3e4717":30,"deb31f35":31,"5f7d7195":31,"60d6cee2":30,"8ec3834d":26,"4cc141fa":24,"27f52ed3":40,"bbe71605":22,"9fc713b0":37,"014bdff0":26,"1c3a30c5":25,"6db0ea86":30,"5099c6a0":44,"17807120":29,"fb44fa9c":37,"836701f6":26,"01cd8099":30,"a8871ddf":33,"b769bdfb":36,"804d4dfa":24,"6c73ae98":32,"5b60dd1d":32,"04612878":28,"3310a049":39,"0114160e":30,"6b79fec2":24,"ed4fad08":30,"35aa7fd0":30,"91b28f83":31,"10ec5a0b":24,"abd32136":29,"67c57de4":40,"c38c2b52":36,"4930f321":26,"ef14000f":31,"5ef93e5d":24,"7ae34c64":27,"d8e58a8c":35,"c91966ce":20,"52eca0dc":34,"56473430":27,"3f75d3bc":33,"1f342a00":37,"50c3164b":30,"5747db6e":36,"6e851762":34,"d3a669ac":38,"84b67924":27,"f4726450":26,"9e878ec2":36,"82b81567":28,"e0e6a097":24,"4ac6bd4e":26,"d33790a2":30,"1ff8c2fc":35,"02d4753e":38,"90a06ee9":32,"0c043224":36,"972f4174":36,"751acea8":31,"be2955bb":30,"66497c7e":23,"0d5ee801":27,"c85a0d80":28,"ddec9e54":24,"f76a3e83":37,"19e9776f":32,"1247fa52":28,"dbd2f139":36,"8f9b74b0":23,"85de05f2":23,"3ef7432b":30,"daab45c6":27,"20777945":31,"7bebff03":25,"bc09fa9e":24,"79be29c8":26,"82204d54":28,"1105f790":35,"8bc04eb5":24,"d815c5b4":35,"fef750ca":32,"062179c1":29,"d929098e":20,"2a76f1dd":26,"c0b23081":32,"124fbe96":27,"6c486702":33,"d78dd457":25,"51a3e9c2":32,"8fb236a9":31,"d83294cd":35,"9fce073c":39,"1dad0f99":29,"e57d5cda":42,"d5059415":32,"67c57de4":41,"a63bddd4":31,"ccdd1ce6":21,"21ee2afe":35,"d1715f3b":32,"8547fbc2":32,"04ea5673":35,"2af60749":31,"014460b9":35,"ce3bf5db":29,"aa021138":40,"0a2f71bc":22,"9bdf362a":24,"64db4feb":33,"bb99c79c":32,"c93c3508":20,"31d74eee":24,"3661e12d":30,"7af9d3b1":21,"254cc28c":33,"40860a4b":24,"a939b50b":34,"064a99c8":29,"946df4fd":30,"e7e82473":34,"6db0ea86":31,"ad8f85d6":30,"eda6a690":29,"481754fc":18,"45fb95c1":26,"f5cd79c1":28,"742f1425":32,"f277386e":24,"f6fe095d":39,"4febf7c5":33,"2c5c1dc0":25,"8b2b601d":32,"27c8e038":31,"411b5027":31,"5623817d":34,"a58bf525":27,"bab97de3":40,"3e082b37":31,"a1370ab0":31,"ce3407dd":25,"74c26380":26,"fe44fc6f":33,"91f7ef72":32,"65e4235b":33,"345c9967":32,"4bc46d7a":31,"95904ac4":40,"24a9fb86":34,"04643409":31,"181c3dd5":32,"394dc144":38,"9d63c4dd":32,"bca2d7cd":23,"cbb54a0a":29,"92efd84f":25,"b7832271":25,"de6213c7":40,"2a06ab95":32,"7e991ab9":25,"608bc832":22,"1bd5b20b":26,"7a2f3f06":27,"fa55f27a":39,"792c9b6a":28,"67f6e4f2":27,"49bf2e95":28,"be2955bb":31,"f2086446":29,"cd3bbe7e":34,"c382f054":24,"704bce0d":33,"d0c104c4":24,"9b172ca8":28,"4360a1a3":30,"40a745c0":29,"e1618359":40,"f4634d0b":33,"4b4ecbce":25,"cf1124db":28,"0d5ee801":28,"5a622a23":34,"9a80f004":32,"cd421290":31,"6bc5d32a":37,"8ea21393":30,"70594a28":28,"f4343817":28,"54d7de6b":39,"6c486702":34,"d39724bc":33,"a8c93bed":32,"25a2844e":28,"677c6a09":43,"bec9d329":32,"e5b1abc6":29,"bd62d7ed":26,"1bb4ccc0":27,"b0869206":32,"cd522166":46,"e6ec8cbf":31,"1bc0591f":29,"6f39f4d9":34,"93b9fae6":26,"a577db1c":31,"859545e6":25,"c8fcad77":30,"ca7d47f7":40,"ea6de194":20,"805af3c7":26,"a63bddd4":32,"7d6895f4":30,"22176537":24,"c609739e":35,"74e01f6a":28,"1438fad7":30,"12a2cd4b":34,"26009d3f":32,"fb7b7b3c":42,"64a7f79f":23,"09ff339a":26,"0b5a0408":31,"a40846b7":44,"8298e976":36,"35b58ef9":21,"c564e316":31,"aefe13f5":39,"0d2c95fe":28,"f6fe095d":40,"95bc84f1":22,"be1746a0":15,"5099c6a0":45,"07fc4a9a":26,"3c43e8a2":37,"a77e8461":24,"be149c6f":30,"ef8321d8":29,"51f80f4c":38,"bb99c79c":33,"2a387957":33,"f94bf9ea":26,"d6320619":37,"c38c2b52":37,"619fda68":31,"9c29f0ed":38,"9496f56f":32,"faf4f98b":28,"4bc46d7a":32,"0a1d11e6":29,"fafb4cc2":42,"a472532e":24,"fe44fc6f":34,"5ef93e5d":25,"313258f2":27,"7e15f8e8":35,"540df50f":35,"99e171db":26,"6df0b2e8":46,"6e98dfda":38,"4125085e":34,"725dce8b":31,"91d52a55":27,"1634789b":37,"a1921150":39,"7e991ab9":26,"2a06ab95":33,"6a3eaf43":27,"508aac3d":27,"e58b26f6":29,"835358a0":24,"eb7b4e29":24,"d0b297b2":26,"9260d96b":32,"b7407bd3":33,"792c9b6a":29,"f1862e79":24,"b4fdf90e":35,"7a2f3f06":28,"30c5d755":36,"4c4aa2e2":31,"5be594be":24,"dcf85091":28,"0dad37d5":25,"7a9344a4":24,"26ed1a5c":29,"1a68160d":29,"c7313e0a":25,"8942c35b":28,"2e3503e4":28,"1f11812e":25,"655941a0":42,"913a6226":26,"142d6987":38,"4eed1bea":35,"0c043224":37,"4295ce9a":32,"a851554d":31,"7b6a7048":27,"e1f0dbfd":30,"5c82d1ce":25,"67d30f2b":37,"dfcc2ad1":26,"dd3913d2":27,"04cc7cbe":23,"c0b23081":33,"a59a8290":31,"ae99df30":28,"831c7b85":28,"8b5a8e9f":48,"cb4f262b":39,"5f4102da":32,"6b82b527":28,"20811ddf":29,"a66a2d8a":24,"d6f0d94a":25,"aab4d996":31,"0eaf08da":30,"03dcfa3d":31,"a4dafea5":22,"6d802fa2":30,"be1746a0":16,"56752a4a":26,"69f3bfcc":35,"87ce8d1d":23,"cf50e84e":27,"c27969ec":30,"1db42092":38,"f1dffa24":22,"17b08923":29,"74e01f6a":29,"2c5c1dc0":26,"ce4da56f":25,"437fc3ec":33,"09ff339a":27,"8dc9b4db":29,"a77e127d":20,"dc583e64":22,"558d5ce7":34,"6034b6d0":36,"053f3451":29,"53b4e647":40,"9fce073c":40,"9496f56f":33,"8ac72326":28,"d5059415":33,"a901627e":22,"f789f6d8":31,"d9d0c567":26,"6023df54":23,"6d5fcd4c":33,"b9a48a5c":27,"b7cc7909":30,"f87c5031":25,"c852d240":28,"f3d68430":34,"f4b2f575":24,"540df50f":36,"623c6a31":35,"5eaa1581":28,"b8ab8e6e":32,"25a7a0a3":29,"f94bf9ea":27,"1d790491":33,"5a734022":24,"5957df9e":29,"deb31f35":32,"04643409":32,"789bd484":28,"0f1ac912":21,"de6213c7":41,"70bc8325":33,"9ab755d3":31,"7db3edda":36,"dd7acb96":34,"284544ba":33,"1b153aef":29,"82b81567":29,"3652bd66":28,"08a4c3f8":31,"50312237":31,"0cb80f4a":31,"34658473":28,"835358a0":25,"2af60749":32,"4def63ee":22,"ca7d47f7":41,"638cb163":49,"ffc86f94":31,"be2955bb":32,"704bce0d":34,"b215547b":24,"972f4174":37,"6e24d88b":29,"77300e4a":26,"9316e7e8":14,"c0fea118":25,"db703021":29,"9b742f71":31,"f883d582":30,"30d84dce":28,"655941a0":43,"dbd2f139":37,"d25e0f8d":30,"8ea21393":31,"3007f31f":21,"3b7763b1":25,"6b9eff39":21,"913a6226":27,"df81ddee":27,"dc03ebd2":40,"56473430":28,"012de09c":26,"6775d5cd":22,"9cb4697f":32,"d1d40c9c":32,"677c6a09":44,"1745a0f4":29,"0042f6eb":42,"bf30a08f":36,"d815c5b4":36,"6c524f99":26,"70ee0491":24,"abad2347":26,"8007f30e":21,"ec11fe5f":34,"baebb391":34,"8cf83787":26,"812b4f15":32,"04612878":29,"28d41578":21,"6d802fa2":31,"804d4dfa":25,"dc583e64":23,"3e602573":23,"0be540c5":33,"317c1591":25,"cac4449a":26,"83086d4c":28,"95bc84f1":23,"ce4da56f":26,"1da771fb":21,"a636f4c9":32,"27f52ed3":41,"b84a06eb":36,"8e4c33d2":30,"f1dffa24":23,"50b558a7":26,"e57d5cda":43,"621d6b18":32,"6034b6d0":37,"b9be31d6":27,"9496f56f":34,"ffa08d82":24,"ae95f2ba":32,"906fdec3":26,"d2a841c9":26,"d3e84616":35,"88432019":27,"4469c815":12,"c9efc8f6":34,"8cc4a982":28,"af034fee":24,"2a387957":34,"5f6613c8":29,"18815a1b":25,"9e206c95":37,"842c8340":24,"74e3d13e":30,"93fdbb44":20,"e4714415":32,"48efc739":37,"a2c334e7":42,"2132fe93":33,"36684155":28,"bf822e33":26,"5d087c79":31,"f4726450":27,"aa5dfdf5":33,"1b153aef":30,"332820ce":33,"b35e9e1a":43,"358e45b1":35,"5a0ead91":20,"8f2a7d69":24,"06073f13":34,"5747db6e":37,"b947257e":32,"b5763ff6":33,"d1ca5d6b":38,"8657c79d":41,"3fdb08f5":28,"49b358bd":29,"e5d3655c":36,"0f029727":27,"df2b4d87":35,"d6f0d94a":26,"9e65c0ef":27,"c5b35e4d":29,"80a8a56d":31,"dbc9df44":29,"b215547b":25,"be2955bb":33,"430a5db5":34,"751acea8":32,"7f86be64":34,"b6591e25":30,"4b4ecbce":26,"0c0e98ea":26,"1f11812e":26,"30fdcd3b":30,"94a2fe10":37,"2ad42a9e":25,"c45d554f":32,"bc09fa9e":25,"feb67030":29,"0149e11a":28,"70594a28":29,"d25e0f8d":31,"7ae34c64":28,"db8ba455":34,"43bc86e3":33,"a0cf08b3":30,"a472532e":25,"dd035d2a":27,"ee75b607":28,"124fbe96":28,"d1d40c9c":33,"9a07d89b":28,"730a4938":39,"a567ace4":29,"d815c5b4":37,"cac4449a":27,"49910300":22,"64a7f79f":24,"f5829ac0":28,"2c24d929":38,"3310a049":40,"17807120":30,"5678ed7b":34,"e6fac295":28,"fe1d4419":36,"de36827b":39,"77d35808":31,"a5aee5de":30,"6c20c153":29,"a8c93bed":33,"13b53c7a":27,"290b4714":34,"4c0e547b":24,"c6dc900c":29,"1bc0591f":30,"1dad0f99":30,"7a4c064c":41,"385ab7c6":31,"d2466211":34,"0d28db94":26,"056ea7ff":29,"10ec5a0b":25,"88432019":28,"d1715f3b":33,"6d5fcd4c":34,"6867261a":26,"bc021def":35,"c93c3508":21,"9e206c95":38,"31d74eee":25,"4469c815":13,"dc473de1":29,"90d52475":27,"2ab62345":27,"6cba74ce":34,"540df50f":37,"f2364460":34,"9b3f8714":29,"789bd484":29,"088feee2":35,"5eaa1581":29,"bad1a1cc":24,"93fdbb44":21,"dc583e64":24,"59c1e594":39,"1db42092":39,"e0f7679f":33,"ea9bba6b":31,"09f0db62":37,"3a204e56":29,"19f9ca86":36,"4ac6bd4e":27,"8493f3b2":40,"b377a62a":27,"d0c0fc08":28,"b35e9e1a":44,"608bc832":23,"b8397293":30,"6a3eaf43":28,"d9f512b9":38,"cc6bbe45":27,"805af3c7":27,"df2b4d87":36,"dac109cf":35,"4777334c":29,"2045d7d6":28,"685207b3":31,"059d6c19":39,"2e3503e4":29,"4279e829":34,"5272520d":31,"c21ab51e":20,"34c5c729":27,"20e470e0":25,"9267f0ef":38,"74f234c6":30,"db703021":30,"f3992a31":31,"1e232870":35,"1e7753d9":39,"25e0dd3d":33,"c8dc010f":33,"c650b434":36,"cbb54a0a":30,"eb7b4e29":25,"a5676c24":28,"d9d0c567":27,"42cd2360":31,"4abb7aed":24,"74c26380":27,"b28a5e67":30,"28654c76":43,"6775d5cd":23,"f4726450":28,"d744bee2":31,"778c95e9":26,"de6213c7":42,"064a99c8":30,"d6db2b02":35,"b84a06eb":37,"a0b03218":39,"547903ef":35,"e1f0dbfd":31,"a851554d":32,"f4343817":29,"124fbe96":29,"5acce642":39,"ea4d3f3e":34,"be3a10f8":30,"7735c3c2":21,"b87158fb":33,"abad2347":27,"c1bb74f2":31,"a66a2d8a":25,"7f6d1d0e":33,"b102f7bd":35,"dc0c8b09":37,"11b2c8d9":24,"9fce073c":41,"cc5a1d47":32,"af7e5be8":32,"ef91eaae":26,"4d9b0b10":22,"753ca352":22,"faf4f98b":29,"36d340f2":37,"dfa1a89b":29,"865d9857":27,"f87c5031":26,"25a7a0a3":30,"35aa7fd0":31,"8547fbc2":33,"d6d61bfc":41,"eafbf9fb":33,"31d74eee":26,"8cddb65e":34,"8a52882e":33,"4125085e":35,"5339e1e9":31,"03b4ab60":31,"162a7348":30,"449d8475":30,"5a0eb771":28,"5e09f69e":36,"5f7d7195":32,"66d94227":20,"d6f0d94a":27,"3fdb08f5":29,"62d1d346":29,"719c8869":36,"805af3c7":28,"e786063b":28,"9e65c0ef":28,"c5b35e4d":30,"53431634":38,"9b172ca8":29,"0dad37d5":26,"704bce0d":35,"d548635d":30,"381c68fa":35,"655941a0":44,"a836aa93":25,"30dbfc69":31,"31408822":26
1604737451218,"bab97de3":41,"baebb391":35,"1438fad7":31,"12271e14":33,"3f2522c2":30,"1c3a30c5":26,"6c73ae98":33,"eda6a690":30,"013ee301":32,"95d3d348":34,"c609739e":36,"b552beb3":25,"99d130c9":38,"2203f259":29,"fe1d4419":37,"f1dffa24":24,"c7ab83c1":24,"b35e9e1a":45,"358e45b1":36,"db0a661e":30,"45b038bb":37,"f1862e79":25,"cfe72ead":28,"3d1af513":31,"d70ca4f4":37,"c3e6ef01":39,"20e470e0":26,"0b5a0408":32,"fb44fa9c":38,"99d130c9":39,"48655f09":44,"06ddafc7":28,"a901627e":23,"313258f2":28,"28654c76":44,"da04caac":30,"74c26380":28,"45b5746e":27,"abc1d7ad":36,"0d2c95fe":29,"a0b03218":40,"6ebe2354":21,"6c73ae98":34,"5623817d":35,"dd1fcb17":33,"d1676e89":27,"d36125db":41,"71ff66e8":16,"23080895":24,"90731976":27,"8dd649a3":26,"baebb391":36,"f6fe095d":41,"004f1ef3":36,"c7ab83c1":25,"e21c6207":25,"53747a91":40,"c45d554f":33,"3ef7432b":31,"df81ddee":28,"a0ce82b4":35,"a851554d":33,"9e878ec2":37,"ef16ca37":27,"8493f3b2":41,"d0e9a58e":29,"1ff8c2fc":36,"f9c15fcc":33,"d0b297b2":27,"bd2705b0":32,"91b28f83":32,"1bb4ccc0":28,"82204d54":29,"ba586505":31,"13b53c7a":28,"9cb4697f":33,"ba5c52af":26,"95d331b1":23,"20958d58":27,"00cf385d":36,"bd62d7ed":27,"a8c93bed":34,"dd3913d2":28,"0785820e":28,"76f94eda":31,"629800eb":33,"6a5b71b4":35,"0bfabf48":34,"053f3451":30,"e28c2efc":33,"859545e6":26,"7043382d":28,"24ffcbd3":37,"65a00a3c":27,"805af3c7":29,"92f800f5":24,"a81a857c":29,"bd984a8e":26,"1a2c020b":33,"655954ba":29,"6b78ad7f":36,"3498f223":23,"ebdbf580":31,"cc11fef9":31,"b6591e25":31,"be2955bb":34,"95bc84f1":24,"61145ec9":42,"da04caac":31,"a15713c6":47,"db8ba455":35,"a851891c":24,"fe44fc6f":35,"dd035d2a":28,"2198ba8e":25,"e36dfd6f":25,"de6213c7":43,"835358a0":26,"2a06ab95":34,"508aac3d":28,"1f7607df":18,"f4726450":29,"fd369c21":36,"de36827b":40,"4cc141fa":25,"74e01f6a":30,"17b08923":30,"1951480c":32,"04612878":30,"3f2522c2":31,"0d2c95fe":30,"e238f09b":27,"e0f7679f":34,"87ce8d1d":24,"7ee148e9":29,"90731976":28,"12a2cd4b":35,"b460f030":37,"71ff66e8":17,"6ce84ff8":27,"93ac9ca3":30,"30d84dce":29,"1f11812e":27,"0af920d8":24,"1e7753d9":40,"026766f3":22,"9d0546ac":30,"cd421290":32,"daab45c6":28,"93e8cee5":34,"fb8bfb36":37,"4dac6b20":30,"26dd2000":29,"c4aa1e38":25,"06073f13":35,"ccdd1ce6":22,"315537b2":28,"49902219":32,"ef8321d8":30,"18815a1b":26,"8a52882e":34,"a1370ab0":32,"f87c5031":27,"5ac86fb9":32,"416a9e97":30,"b8ab8e6e":33,"aa9ea5e8":25,"a1921150":40,"5f6613c8":30,"8ec3834d":27,"aec4e1bf":34,"25d1b2d8":29,"50312237":32,"e6ec8cbf":32,"2882a956":30,"9d4f1fe6":28,"b102f7bd":36,"d815c5b4":38,"2bcca6a7":34,"04cc7cbe":24,"6c486702":35,"f0a06216":31,"c1bb74f2":32,"e356abf1":27,"2352c8ef":27,"c510bfd3":32,"0042f6eb":43,"e28c2efc":34,"a85d89cc":36,"0785820e":29,"6f39f4d9":35,"af7e5be8":33,"d2466211":35,"288afc30":24,"9263c525":28,"554ebb83":31,"d33790a2":31,"d9d7c4c2":37,"aab4d996":32,"7be025ce":28,"719c8869":37,"e3547548":23,"9bdf362a":25,"fbdffc95":26,"c4feee5b":30,"a836aa93":26,"9b742f71":32,"8fb236a9":32,"fe44fc6f":36,"906fdec3":27,"781ace7d":32,"abc1d7ad":37,"aa867541":25,"ef8987d7":39,"3101354b":22,"650bb0e0":37,"e4714415":33,"93fdbb44":22,"64db4feb":34,"2d13e69b":29,"bca2d7cd":24,"50c3164b":31,"284544ba":34,"aaa274a5":31,"aec074c4":36,"5a07fc2e":33,"28d41578":22,"d36125db":42,"1f88a4b7":29,"8b2b601d":33,"49910300":23,"6291e9e9":26,"4b4ef7fa":35,"07fc4a9a":27,"0eaf08da":31,"82868763":27,"56752a4a":27,"d599b566":37,"74e01f6a":31,"6ebe2354":22,"578f6e9e":31,"836701f6":27,"cf52025e":23,"a40846b7":45,"2c24d929":39,"f2470875":31,"8274885a":30,"d34a29b9":33,"e7abc88d":19,"1e191c98":28,"53431634":39,"1e232870":36,"0c0e98ea":27,"30dbfc69":32,"20e470e0":27,"40e79dd3":33,"b7434f57":28,"180377be":26,"bc09fa9e":26,"4eed1bea":36,"d634aa28":34,"5fa12feb":32,"21e10a2b":28,"ab7467de":38,"4295ce9a":33,"a502c93c":33,"733c86f8":26,"dfcc2ad1":27,"6c20c153":30,"4258c176":31,"0042f6eb":44,"70ee0491":25,"fea793f5":31,"55928ef1":35,"5eab91a0":34,"7e95c5a0":31,"ac38a6a5":29,"15620dca":33,"e9adbe58":25,"2cb29e5a":37,"47cfba38":26,"50d129cf":26,"eeaa2d46":26,"57540cc3":30,"9d63c4dd":33,"d6d61bfc":42,"fa55f27a":40,"358e45b1":37,"8323d333":27,"e0e6a097":25,"3a1b9af5":26,"45b038bb":38,"b35e9e1a":46,"5ab7bc35":28,"2045d7d6":29,"0f029727":28,"c4e70c07":25,"44c77422":30,"9f74b8a4":30,"e4117b3b":24,"2a4a402a":27,"6ee92259":32,"8721056e":24,"d2466211":36,"67c57de4":42,"a06a6430":26,"ffa08d82":25,"0785820e":30,"00a481e3":30,"3101354b":23,"71ba7561":24,"6023df54":24,"65e4235b":34,"2c6cb96f":25,"a939b50b":35,"7af9d3b1":22,"315537b2":29,"a983a6dc":29,"4125085e":36,"b8ab8e6e":34,"42c80e69":29,"0681c48e":35,"5339e1e9":32,"8cddb65e":35,"794f652b":25,"26c390d6":26,"911e770b":23,"3c6692a3":33,"92efd84f":26,"730338c4":38,"6e851762":35,"5a07fc2e":34,"d9dcdc4b":37,"6291e9e9":27,"4b3e3b1c":32,"2cce4fb2":35,"49910300":24,"23080895":25,"f044c0e1":29,"4febf7c5":34,"a543ec74":35,"411b5027":32,"5410e9c6":28,"e8d74304":28,"6ce84ff8":28,"8274885a":31,"468fc85c":33,"b2bd8fd3":28,"363590c7":28,"73b15e04":28,"695a2b92":32,"095ab3b4":25,"09f0db62":38,"88fa53d6":25,"08a06557":43,"80a8a56d":32,"104721f0":31,"6fb4cdda":33,"2e3503e4":30,"f3992a31":32,"cb51f134":36,"9b742f71":33,"94a2fe10":38,"58d46189":28,"430a5db5":35,"d033db8d":27,"5cd3cfe0":21,"c3e6ef01":40,"20e470e0":28,"cd421290":33,"efd23af5":34,"b6ee137a":34,"2b3c49b9":32,"40e79dd3":34,"3ef7432b":32,"fb8bfb36":38,"731fc335":22,"6ee92259":33,"e382ec3f":23,"51a3e9c2":33,"13b53c7a":29,"9a07d89b":29,"1757a30e":22,"8f10fa42":38,"124fbe96":30,"730a4938":40,"0f89862c":25,"b102f7bd":37,"04bef50c":19,"8b5a8e9f":49,"33d6bb6a":30,"ac38a6a5":30,"140ce69e":33,"bc021def":36,"b2a8761b":29,"358e45b1":38,"50312237":33,"cd95f558":31,"cfe72ead":29,"379184a7":39,"40569362":31,"7be025ce":29,"3bad3c95":18,"b320feb9":24,"07f98660":36,"abd32136":30,"67c57de4":43,"30b6808c":27,"b73e789c":30,"056ea7ff":30,"cb142908":32,"b2cfdbcf":25,"810aa5e9":24,"a77e8461":25,"48efc739":38,"5eaa1581":30,"84369269":26,"9e206c95":39,"c64de0c0":26,"47d27624":30,"57d5dee8":29,"12012fbd":37,"d1fe2868":26,"7080f122":23,"6867261a":27,"25d1b2d8":30,"2132fe93":34,"72805bf5":31,"5957df9e":30,"4ed01268":33,"51f80f4c":39,"284544ba":35,"a6626a13":21,"d3a669ac":39,"88b3bc99":26,"2c627253":23,"fb7482fe":28,"d552eb2f":19,"bbe71605":23,"95bc84f1":25,"b36a0d66":18,"e36dfd6f":26,"a0bc1ceb":26,"6c73ae98":35,"eed20185":33,"f5829ac0":29,"cbad3b92":36,"a3d4a0e5":40,"87ce8d1d":25,"3f2522c2":32,"f5cd79c1":29,"35b58ef9":22,"578f6e9e":32,"2198ba8e":26,"60e855ee":32,"17807120":31,"8e4c33d2":31,"42191b64":26,"3a204e56":30,"c015ec5a":26,"b5ce0c0c":33,"f8b31ce5":37,"c1bdfd41":26,"685207b3":32,"1a2c020b":34,"0a92153e":34,"ebdbf580":32,"c0fea118":26,"5be594be":25,"20e470e0":29,"655954ba":30,"5272520d":32,"0d5ee801":29,"3b690f68":33,"c8977844":31,"7cd0ad7b":31,"7a9344a4":25,"a0cca8b7":27,"6bc5d32a":38,"bc09fa9e":27,"8f9b74b0":24,"cd421290":34,"7bebff03":26,"ded7da5a":29,"fd482491":32,"6023df54":25,"ec110282":30,"313258f2":29,"a472532e":26,"ee75b607":29,"ee21ad02":37,"9a3ab0b8":28,"0d770b97":41,"b87158fb":34,"062179c1":30,"d815c5b4":39,"7af262e5":35,"4258c176":32,"2a4a402a":28,"f56ac638":25,"9cb4697f":34,"ba5c52af":27,"1105f790":36,"558d5ce7":35,"379184a7":40,"d102b0c6":26,"de11eb19":45,"fe0df575":33,"8493f3b2":42,"b8397293":31,"6f0fcb9d":36,"77bfed7e":34,"6f39f4d9":36,"d7cb9bcf":26,"4f59a322":28,"b73e789c":31,"30b6808c":28,"faf4f98b":30,"7d6895f4":31,"b946e146":38,"18815a1b":27,"21ee2afe":36,"254cc28c":34,"25d1b2d8":31,"c93c3508":22,"0277d748":42,"d6d61bfc":43,"a1921150":41,"416a9e97":31,"31f6ba51":34,"ce3407dd":26,"47cfba38":27,"449d8475":31,"8d04852b":33,"7e15f8e8":36,"2ab62345":28,"39a2fcce":32,"61d4782d":26,"de6213c7":44,"5a07fc2e":35,"d552eb2f":20,"88b3bc99":27,"272c7672":36,"dd7acb96":35,"39ba00f0":29,"54a676d6":26,"a4dafea5":23,"a3d4a0e5":41,"868edcc0":36,"12a2cd4b":36,"f044c0e1":30,"9c58dd76":35,"6d802fa2":32,"74e01f6a":32,"26009d3f":33,"e8d74304":29,"263762cb":30,"09f0db62":39,"481754fc":19,"4b4ef7fa":36,"c564e316":32,"836701f6":28,"56752a4a":28,"b935fc1c":28,"ea6de194":21,"5f620a1e":34,"ce3bf5db":30,"f8b31ce5":38,"df2b4d87":37,"7043382d":29,"0a2f71bc":23,"3498f223":24,"655954ba":31,"f598a332":39,"b2c25d1c":35,"e9679ede":25,"be2955bb":35,"1e232870":37,"dae0f922":36,"751acea8":33,"5272520d":33,"180377be":27,"d033db8d":28,"66b7b5b4":23,"7cd0ad7b":32,"70594a28":30,"79e4fa1c":22,"7b6a7048":28,"5fa12feb":33,"07107f6e":32,"7bebff03":27,"1da771fb":22,"77d35808":32,"e865e4dd":34,"f905a555":30,"906fdec3":28,"6023df54":26,"fd482491":33,"f3a0c2ee":26,"781ace7d":33,"e6ec8cbf":33,"aa187e3b":24,"b3f19a69":34,"6c486702":36,"a6b5e869":31,"1757a30e":23,"ba5c52af":28,"a567ace4":30,"6775d5cd":24,"cd95f558":32,"de11eb19":46,"7a2f3f06":29,"2e99f8fd":25,"db0a661e":31,"00554ffd":41,"3ef7432b":33,"82b81567":30,"a8c93bed":35,"4652b09a":34,"cfafcda8":28,"a66a2d8a":26,"50b558a7":27,"4d9b0b10":23,"76f94eda":32,"753ca352":23,"ffa08d82":26,"b9be31d6":28,"7a4c064c":42,"6f39f4d9":37,"865d9857":28,"ec2cb1af":38,"e9adbe58":26,"af157d29":41,"22ecaed0":28,"39a2fcce":33,"bc021def":37,"1b881e6e":38,"be4f8ba8":25,"47d27624":31,"f94bf9ea":28,"8cddb65e":36,"9d63c4dd":34,"c4bff41f":24,"faf3ed07":32,"71279c46":30,"d957f027":22,"35aa7fd0":32,"25d1b2d8":32,"31f6ba51":35,"7af9d3b1":23,"0d2a1c58":21,"084cbc0b":33,"4bcd4a30":45,"284544ba":36,"f044c0e1":31,"b84a06eb":38,"06ddafc7":29,"f277386e":25,"17807120":32,"6c73ae98":36,"ac62fac2":30,"a543ec74":36,"1be05c14":24,"a81a857c":30,"8f13c203":23,"f8b31ce5":39,"4c39240e":31,"d6f0d94a":28,"2154b6e8":27,"638cb163":50,"2e3503e4":31,"69d4b754":31,"4e3f5178":31,"501db4de":32,"f3992a31":33,"1a68160d":30,"dbc9df44":30,"7a9344a4":26,"6e24d88b":30,"5cd3cfe0":22,"c8977844":32,"30fdcd3b":31,"3b690f68":34,"1e7753d9":41,"72b84094":38,"03dcfa3d":32,"8298e976":37,"baebb391":37,"263762cb":31,"2203f259":30,"13f0e139":31,"b935fc1c":29,"9c58dd76":36,"93ac9ca3":31,"a5fd8ffd":36,"906fdec3":29,"7ae34c64":29,"db8ba455":36,"1d44aff3":31,"fafb4cc2":43,"7896b953":29,"f0a06216":32,"d929098e":21,"fb7b7b3c":43,"6d61bf13":28,"50c3164b":32,"778c95e9":27,"2a06ab95":35,"c7ab83c1":26,"2b3c49b9":33,"c8dc010f":34,"f734c84c":35,"0a96f57a":40,"7bebff03":28,"0149e11a":29,"4f5e3e7d":29,"9260d96b":33,"ea274174":32,"5f8517b7":39,"8245f916":32,"8323d333":28,"336d0f08":31,"0d770b97":42,"82204d54":30,"13b53c7a":30,"d4d5f466":35,"cb4f262b":40,"a0685bf3":33,"aa187e3b":25,"70ee0491":26,"00cf385d":37,"afe8e06a":25,"eb2e1983":34,"11b2c8d9":25,"cf9f4757":22,"7218c9f1":25,"10ec5a0b":26,"2b698053":23,"00a17b46":28,"67c57de4":44,"a85d89cc":37,"12dd6f5e":27,"175bc6b2":25,"d6320619":38,"15620dca":34,"945b63f0":46,"31d74eee":27,"22ecaed0":29,"be4f8ba8":26,"23760167":26,"cb6c9e42":44,"9b3f8714":30,"a2c334e7":43,"0670c466":32,"25d1b2d8":33,"5774ac0d":34,"74e3d13e":31,"5a0eb771":29,"76f3a3be":24,"2b3e4717":31,"24a9fb86":35,"8cddb65e":37,"fbdffc95":27,"49b358bd":30,"4577b333":30,"14c682eb":27,"9bdf362a":26,"30c5d755":37,"868cda42":23,"7f86be64":35,"4e3f5178":32,"4b4ecbce":27,"0dad37d5":27,"3310a049":41,"159ffd0b":9,"95f6db13":24,"ad8f85d6":31,"45fb95c1":27,"b6aaf976":36,"6291e9e9":28,"cf84fb54":37,"9fc713b0":38,"411b5027":33,"4cc141fa":26,"bad6cdb1":27,"48655f09":45,"a901627e":24,"fe44fc6f":37,"43bc86e3":34,"83b2f9c5":30,"5ef93e5d":26,"7c0a2db6":41,"71e53c93":33,"2c24d929":40,"6ce84ff8":29,"d599b566":38,"70c1e715":34,"fd07e0ed":27,"d0d6acb1":29,"6751d8e4":38,"50c3164b":33,"8cd78f77":37,"2d54e0a8":26,"8274885a":32,"5b60dd1d":33,"82868763":28,"c95719e5":24,"c7ab83c1":27,"69134f07":31,"1a68160d":31,"751bcf25":25,"1247fa52":29,"cf1124db":29,"93683c82":31,"110b1ee3":37,"4eed1bea":37,"2b3c49b9":34,"1e191c98":29,"906632cb":24,"fb8bfb36":39,"a851554d":34,"7cd0ad7b":33,"3007f31f":22,"6490bac6":32,"2ad42a9e":26,"336d0f08":32,"9260d96b":34,"d0b297b2":28,"0cb80f4a":32,"67f6e4f2":28,"34658473":29,"d39724bc":34,"19551bad":26,"c0b23081":34,"478d2d4f":37,"79be29c8":27,"c510bfd3":33,"d929098e":22,"b8488fc8":29,"ae99df30":29,"7bda83dd":30,"b0869206":33,"2a4a402a":29,"5eab91a0":35,"a0685bf3":34,"67c57de4":45,"053f3451":31,"7fb4c521":33,"10ec5a0b":27,"9c29f0ed":39,"1dad0f99":31,"d83294cd":36,"db0a661e":32,"8dd2684c":34,"ac38a6a5":31,"ec2cb1af":39,"eeaa2d46":27,"48efc739":39,"bb99c79c":34,"8a52882e":35,"aec4e1bf":35,"36d340f2":38,"bc3dc66a":27,"b946e146":39,"cb6c9e42":45,"71279c46":31,"d1fe2868":27,"6df0b2e8":47,"2132fe93":35,"04643409":33,"aff8e442":29,"61d4782d":27,"1ed46298":42,"6adce358":32,"65a00a3c":28,"aab4d996":33,"ea6de194":22,"0a2f71bc":24,"7043382d":30,"44c77422":31,"2af60749":33,"f76a3e83":38,"1a2c020b":35,"90a06ee9":33,"f598a332":40,"77300e4a":27,"145c7559":31,"f2086446":30,"1138796e":32,"28d41578":23,"a4dafea5":24,"5ef93e5d":27,"313258f2":30,"e865e4dd":35,"a15713c6":48,"d8e58a8c":36,"2dd0e808":38,"a472532e":27,"6d802fa2":33,"71bc1295":30,"c6e3d352":29,"e0f7679f":35,"99d130c9":40,"489a39f7":26,"fd07e0ed":28,"6a3eaf43":29,"fd369c21":37,"1f342a00":38,"a6626a13":22,"de6213c7":45,"1f7607df":19,"1f88a4b7":30,"01cd8099":31,"b2bd8fd3":29,"2d382981":32,"6ce84ff8":30,"71ff66e8":18,"0f72f2d8":25,"3712c4bd":31,"5b60dd1d":34,"5781776a":28,"e45b4b53":23,"d1676e89":28,"cc11fef9":32,"cd3bbe7e":35,"4dac6b20":31,"30dbfc69":33,"f734c84c":36,"ded7da5a":30,"26ed1a5c":30,"f9f2c53f":27,"0af920d8":25,"8ea21393":32,"1a2ec5d7":37,"daab45c6":29,"a8726d50":30,"3ef7432b":34,"b0869206":34,"bb00e71c":24,"82204d54":31,"2882a956":31,"fe8f3d36":28,"5f4102da":33,"bd2705b0":33,"dc0c8b09":38,"7fef9973":38,"a8c93bed":36,"e4c312fe":23,"0f89862c":26,"51a3e9c2":34,"78b97937":27,"07f98660":37,"10ec5a0b":28,"d7cb9bcf":27,"2b698053":24,"91536e85":28,"c38c2b52":38,"7e95c5a0":32,"00554ffd":42,"9260d96b":35,"d0e9a58e":30,"c7c4ec5c":30,"f1862e79":26,"315537b2":30,"01d817b8":25,"6de0aaac":25,"7d6895f4":32,"c67979e6":36,"2dda3936":27,"36b7003c":36,"1634789b":38,"175bc6b2":26,"1a0189c4":30,"affb82bf":27,"5957df9e":31,"c9efc8f6":35,"5f7d7195":33,"bfcb912a":32,"deb31f35":33,"794f652b":26,"ed4fad08":31,"a1370ab0":33,"24a9fb86":36,"40569362":32,"554ebb83":32,"4def63ee":23,"d141db49":23,"719c8869":38,"2af60749":34,"9bdf362a":27,"92f800f5":25,"ffc86f94":32,"754f98c9":33,"fafb4cc2":44,"74c26380":29,"a5fd8ffd":37,"5f96c2bc":20,"5f0c1b9d":39,"b2cfdbcf":26,"8a165e17":35
1604737453236,"c852d240":29,"7e991ab9":27,"aa5dfdf5":34,"8cd78f77":38,"3062379b":22,"cbb54a0a":31,"084cbc0b":34,"284544ba":37,"09560615":25,"36d340f2":39,"6143f39d":28,"945b63f0":47,"49902219":33,"25a7a0a3":31,"546f6845":33,"394dc144":39,"527ff946":38,"815e4582":34,"13747b82":32,"ce3407dd":27,"6e98dfda":39,"ed4fad08":32,"bfcb912a":33,"91d52a55":28,"03b4ab60":32,"bda8cdfb":30,"42c80e69":30,"9f5e6cba":35,"64db4feb":35,"6751d8e4":39,"730338c4":39,"7028b044":30,"084cbc0b":35,"0bd93cfd":24,"2180f99b":33,"98915a1f":23,"4b4ecbce":28,"be2955bb":36,"69134f07":32,"5e193fc8":34,"145c7559":32,"f33c0140":27,"94a2fe10":39,"261c9911":36,"56d315d8":27,"f1b493de":32,"92136ff5":37,"5272520d":34,"df81ddee":29,"902f49f5":29,"18d20aa1":26,"51c57542":32,"30d84dce":30,"bb98a6cf":35,"53747a91":41,"70594a28":31,"9cb4697f":35,"bec9d329":33,"6a7392d5":26,"b102f7bd":38,"87c462ee":30,"dfcc2ad1":28,"88ce179e":29,"bd62d7ed":28,"20811ddf":30,"ec11fe5f":35,"bf30a08f":37,"79be29c8":28,"a567ace4":31,"20958d58":28,"c803b4a3":32,"91536e85":29,"93b9fae6":27,"67c57de4":46,"d2a841c9":27,"affb82bf":28,"d1fe2868":28,"28d40296":26,"014460b9":36,"ba30e43a":40,"dac109cf":36,"5ab7bc35":29,"d141db49":24,"9e206c95":40,"ce3407dd":28,"97e75c19":38,"2b3e4717":32,"74e3d13e":32,"9d9dd9e5":28,"e7e82473":35,"05642105":30,"b7df1559":37,"69f3bfcc":36,"d8475b95":28,"b460f030":38,"411b5027":34,"ce4da56f":27,"4febf7c5":35,"6be9332a":33,"1438fad7":32,"a636f4c9":33,"4945c851":39,"317c1591":26,"946df4fd":31,"3712c4bd":32,"9a3cc55d":24,"a58bf525":28,"8dc9b4db":30,"39bbc4bc":49,"578f6e9e":33,"2132fe93":36,"a983a6dc":30,"a77e8461":26,"5a734022":25,"50d129cf":27,"e4cfef0a":22,"ac030e74":26,"87083264":36,"a901627e":25,"65e4235b":35,"e865e4dd":36,"b2cfdbcf":27,"b7cc7909":31,"6de0aaac":26,"dfa1a89b":30,"deb31f35":34,"8cddb65e":38,"416a9e97":32,"17446892":28,"084cbc0b":36,"1f342a00":39,"39ba00f0":30,"9147702f":27,"e58b26f6":30,"9ab755d3":32,"c0e2624b":30,"1b153aef":31,"cd95f558":33,"3652bd66":29,"08a4c3f8":32,"4ac6bd4e":28,"408bb2ed":21,"761cf820":23,"ea6de194":23,"d34a29b9":34,"4e3f5178":33,"c21ab51e":21,"f33c0140":28,"06ee61b6":30,"36380d96":33,"e0154608":18,"cc11fef9":33,"cf1124db":30,"261c9911":37,"d70ca4f4":38,"751bcf25":26,"c650b434":37,"7d112f4d":31,"ca6d2d91":37,"c3e6ef01":41,"18d20aa1":27,"2b3c49b9":35,"ddec9e54":25,"8ea21393":33,"ccb5ea3e":21,"3c0df8b4":29,"45b5746e":28,"f789f6d8":32,"79be29c8":29,"1a442bc7":30,"93b0a158":32,"eb2e1983":35,"cb4f262b":41,"0042f6eb":45,"4b125e7b":30,"9b546d65":28,"cd522166":47,"b0869206":35,"78467b8a":36,"ba586505":32,"11b2c8d9":26,"50b558a7":28,"12dd6f5e":28,"51f57142":33,"945b63f0":48,"a63bddd4":33,"d1715f3b":34,"4d35385e":22,"90731976":29,"a8871ddf":34,"73b15e04":29,"b36a0d66":19,"a5aee5de":31,"32c9fc47":25,"03dcfa3d":33,"88a30343":33,"71bc1295":31,"87ce8d1d":26,"a3d4a0e5":42,"045f280d":28,"12a2cd4b":37,"d599b566":39,"742f1425":33,"437fc3ec":34,"2c5c1dc0":27,"1da771fb":23,"71ff66e8":19,"22aeaf03":32,"5410e9c6":29,"91d52a55":29,"217c0327":22,"39a2fcce":34,"638cb163":51,"d9f512b9":39,"ba30e43a":41,"44c77422":32,"719c8869":39,"2af60749":35,"5f620a1e":35,"a983a6dc":31,"47d27624":32,"99e171db":27,"a1370ab0":34,"0670c466":33,"7af9d3b1":24,"36684155":29,"35aa7fd0":33,"4d9b0b10":24,"67c57de4":47,"ef14000f":32,"8ac72326":29,"87083264":37,"7218c9f1":26,"d5059415":34,"f789f6d8":33,"5f96c2bc":21,"313258f2":31,"5f0c1b9d":40,"da04caac":32,"e865e4dd":37,"a15713c6":49,"5f6613c8":31,"b35bb8a1":25,"24a9fb86":37,"12534561":19,"f4726450":30,"3062379b":23,"50c3164b":34,"911e770b":24,"72d7b461":28,"835358a0":27,"0bd93cfd":25,"8f2a7d69":25,"9260d96b":36,"b35e9e1a":47,"8323d333":29,"67f6e4f2":29,"fa55f27a":41,"d102b0c6":27,"6b78ad7f":37,"972f4174":38,"c382f054":25,"d548635d":31,"69d4b754":32,"168e75d9":24,"b215547b":26,"d634aa28":35,"4279e829":35,"ab7467de":39,"ddec9e54":26,"a851554d":35,"2ad42a9e":27,"cf1124db":31,"f4634d0b":34,"fb8bfb36":40,"20777945":32,"1e7753d9":42,"27d8bf51":39,"26ed1a5c":31,"0149e11a":30,"d83870f5":35,"e6ec8cbf":34,"82204d54":32,"bd2705b0":34,"2352c8ef":28,"ba5c52af":29,"124fbe96":31,"be3a10f8":31,"7f6d1d0e":34,"f56ac638":26,"eb2e1983":36,"733c86f8":27,"7fef9973":39,"e5b1abc6":30,"07f98660":38,"175bc6b2":27,"30dd2edc":30,"468fc85c":34,"8cf83787":27,"8aa78e2f":28,"24d24fa3":23,"0114160e":31,"0be540c5":34,"13f0e139":32,"b935fc1c":30,"8d753bb6":26,"87922532":30,"3e082b37":32,"cf84fb54":38,"a636f4c9":34,"312f7676":29,"045f280d":29,"aa00769b":42,"e45b4b53":24,"77d35808":33,"a0b03218":41,"004f1ef3":37,"c7ab83c1":28,"f2f58418":28,"b320feb9":25,"5ab7bc35":30,"e32524d6":32,"ce3bf5db":31,"f8b31ce5":40,"7080f122":24,"9de29816":25,"57540cc3":31,"5a0eb771":30,"d1715f3b":35,"6e98dfda":40,"f66616b7":21,"7e15f8e8":37,"9496f56f":35,"629800eb":34,"6a5b71b4":36,"056ea7ff":31,"a06a6430":27,"d4ee22a4":30,"a5fd8ffd":38,"00a481e3":31,"cf1b8c47":32,"3a291497":24,"90d52475":28,"bf822e33":27,"bc3dc66a":28,"c67979e6":37,"5a734022":26,"12534561":20,"ed4fad08":33,"51f80f4c":40,"a6003226":32,"76f3a3be":25,"508aac3d":29,"bca2d7cd":25,"4bcd4a30":46,"6a3eaf43":30,"f271ed5d":22,"084cbc0b":37,"8d000d6e":21,"d3a669ac":40,"2045d7d6":30,"4def63ee":24,"ab7d4c9a":33,"288d171f":31,"36380d96":34,"79f04300":28,"0a92153e":35,"a4296d1e":36,"70594a28":32,"470d50c2":28,"467773ac":27,"110b1ee3":38,"4e5aaaec":19,"d634aa28":36,"a5676c24":29,"b28a5e67":31,"fd482491":34,"16b476e9":27,"a0685bf3":35,"f56ac638":27,"8007f30e":22,"7ee7621c":27,"11b2c8d9":27,"e382ec3f":24,"c1bb74f2":33,"4b125e7b":31,"6c20c153":31,"20958d58":29,"124fbe96":32,"c6dc900c":30,"6c524f99":27,"9260d96b":37,"7a6aa4b6":31,"06073f13":36,"1bd5b20b":27,"7ae3fc50":33,"4f5e3e7d":30,"95bc84f1":26,"064a99c8":31,"d6db2b02":36,"d82592f4":31,"b2bd8fd3":30,"3c782bb3":37,"b84a06eb":39,"dd1fcb17":34,"5270f158":33,"87ce8d1d":27,"07fc4a9a":28,"27f52ed3":42,"71bc1295":32,"e0f7679f":36,"5410e9c6":30,"54a676d6":27,"a43061ee":28,"a77e127d":21,"7a9344a4":27,"7d112f4d":32,"93683c82":32,"8f9b74b0":25,"debe1f65":38,"dbd2f139":38,"e1f0dbfd":32,"906632cb":25,"f4343817":30,"4777334c":30,"8547fbc2":34,"315537b2":31,"945b63f0":49,"f2ca27d9":26,"d5059415":35,"43d87483":26,"4d9b0b10":25,"621d6b18":33,"7e95c5a0":33,"7fb4c521":34,"77bfed7e":35,"810aa5e9":25,"0a1d11e6":30,"71ba7561":25,"eeaa2d46":28,"be4f8ba8":27,"a1921150":42,"09560615":26,"0670c466":34,"9d9dd9e5":29,"5f7d7195":34,"aff8e442":30,"2132fe93":37,"91d52a55":30,"faf3ed07":33,"17446892":29,"9f5e6cba":36,"a1370ab0":35,"aec4e1bf":36,"72805bf5":32,"6867261a":28,"0fc5ac7e":42,"fb7b7b3c":44,"695a2b92":33,"2c5c1dc0":28,"af0b61ab":37,"de6213c7":46,"70c1e715":35,"aec074c4":37,"3062379b":24,"884b0ad1":28,"e5d3655c":37,"259930ee":32,"04ea5673":36,"08a06557":44,"92f800f5":26,"719c8869":40,"80a8a56d":33,"36380d96":35,"d34a29b9":35,"f2086446":31,"704bce0d":36,"1a68160d":32,"f598a332":41,"58d46189":29,"53747a91":42,"e2a7d915":33,"026766f3":23,"9d0546ac":31,"467773ac":28,"0d5ee801":30,"4eed1bea":38,"bb98a6cf":36,"79e4fa1c":23,"ecfa8249":29,"74f234c6":31,"fe44fc6f":38,"49cb2959":29,"ef8987d7":40,"4bc46d7a":33,"7fef9973":40,"11b74e63":26,"d1d40c9c":34,"d4d5f466":36,"6a7392d5":27,"9d023afb":35,"6ee92259":34,"2882a956":32,"c510bfd3":34,"7f6d1d0e":35,"fe8f3d36":29,"f9c15fcc":34,"8c6e001f":19,"02d4753e":39,"4ac6bd4e":29,"08a4c3f8":33,"761cf820":24,"40569362":33,"804d4dfa":26,"6ebe2354":23,"06ddafc7":30,"bbe71605":24,"792cfcbd":26,"dbd2f139":39,"8ea21393":34,"6cba74ce":35,"19551bad":27,"11b2c8d9":28,"a567ace4":32,"ad303bda":38,"ef14000f":33,"cc5a1d47":33,"621d6b18":34,"9f74b8a4":31,"93b9fae6":28,"d4ee22a4":31,"945b63f0":50,"08c6b5d2":27,"12012fbd":38,"9e206c95":41,"25d1b2d8":34,"6d339d45":35,"4d35385e":23,"66d94227":21,"088feee2":36,"23760167":27,"9d9dd9e5":30,"bda8cdfb":31,"51f80f4c":41,"39a2fcce":35,"2ab62345":29,"a6003226":33,"e4714415":34,"2132fe93":38,"7af9d3b1":25,"61d4782d":28,"a6bcb07e":30,"eed20185":34,"09ff339a":28,"d6db2b02":37,"a636f4c9":35,"004f1ef3":38,"aefe13f5":40,"fe1d4419":38,"820225e4":21,"fb7b7b3c":45,"59c1e594":40,"88a30343":34,"27f52ed3":43,"7732eb1e":41,"dc583e64":25,"3a204e56":31,"0bd93cfd":26,"0d2a1c58":22,"884b0ad1":29,"88b3bc99":28,"e1571af7":36,"aab4d996":34,"e786063b":29,"dac109cf":37,"4def63ee":25,"805af3c7":30,"4c39240e":32,"a3253019":34,"1247fa52":30,"8e99d5d0":29,"655954ba":32,"0da28f5b":30,"b215547b":27,"1e232870":38,"9fa62fee":31,"d3a669ac":41,"2c01e624":29,"5f0c1b9d":41,"da04caac":33,"4abb7aed":25,"ef8987d7":41,"3c0df8b4":30,"781ace7d":34,"3f75d3bc":34,"b0869206":36,"00cf385d":38,"288afc30":25,"8f2a7d69":26,"8323d333":30,"5acaa06f":25,"f1862e79":27,"34658473":30,"c4aa1e38":26,"f4634d0b":35,"77898c22":27,"51c57542":33,"8db62558":34,"27d8bf51":40,"cd3bbe7e":36,"61f25dd4":34,"ccb5ea3e":22,"0c0e98ea":28,"ded7da5a":31,"c3e6ef01":42,"7bebff03":29,"be40590d":29,"913a6226":28,"a8c93bed":37,"6841f77e":36,"f0a06216":33,"9d023afb":36,"0f89862c":27,"95d331b1":24,"1bb4ccc0":29,"25a2844e":29,"e6ec8cbf":35,"1745a0f4":30,"733c86f8":28,"1105f790":37,"93b9fae6":29,"43d87483":27,"056ea7ff":32,"621d6b18":35,"d2466211":37,"abd32136":31,"4d9b0b10":26,"865d9857":29,"9e206c95":42,"eeaa2d46":29,"ccdd1ce6":23,"d957f027":23,"9de29816":26,"66d94227":22,"ef8321d8":31,"d5557fb4":36,"7d6895f4":33,"36684155":30,"a1921150":43,"5a0eb771":31,"60d6cee2":31,"bf822e33":28,"71279c46":32,"bc3dc66a":29,"5774ac0d":35,"04612878":31,"b6aaf976":37,"e0f7679f":37,"d9dcdc4b":38,"03c398d2":29,"66554572":25,"d82592f4":32,"2c5c1dc0":29,"35b58ef9":23,"4ff2225d":27,"dc583e64":26,"a43061ee":29,"a8871ddf":35,"c318d350":32,"49910300":25,"a0bc1ceb":27,"a58bf525":29,"26f99a1e":31,"045f280d":30,"695a2b92":34,"5b60dd1d":35,"49b358bd":31,"4577b333":31,"b320feb9":26,"65a00a3c":29,"d6f0d94a":29,"5ab7bc35":31,"259930ee":33,"5be594be":26,"1a2c020b":36,"c21ab51e":22,"f33c0140":29,"f76a3e83":39,"f3992a31":34,"e1618359":41,"2d13e69b":30,"181c3dd5":33,"39ba00f0":31,"9b3f8714":31,"7e991ab9":28,"76f3a3be":26,"3c6692a3":34,"aa5dfdf5":35,"dc03ebd2":41,"5f0c1b9d":42,"71e53c93":34,"cf1b8c47":33,"f3a0c2ee":27,"45b5746e":29,"61145ec9":43,"8cd78f77":39,"9147702f":28,"4ba6eb36":31,"e0e6a097":26,"5f8517b7":40,"06073f13":37,"5ee911b5":32,"82b81567":31,"1bd5b20b":28,"bb98a6cf":37,"4279e829":36,"4e5aaaec":20,"26dd2000":30,"7cd0ad7b":34,"8f9b74b0":26,"1a2ec5d7":38,"0841052c":31,"6b9eff39":22,"efd23af5":35,"f1b493de":33,"d033db8d":29,"53747a91":43,"e2cbe594":26,"6775d5cd":25,"5acce642":40,"25a2844e":30,"78b97937":28,"5eab91a0":36,"9d4f1fe6":29,"afe8e06a":26,"cfafcda8":29,"e4c312fe":24,"c1bb74f2":34,"37d0cae2":27,"fead11cf":33,"c0b23081":35,"4c0e547b":25,"e57d5cda":44,"621d6b18":36,"6f39f4d9":38,"4d9b0b10":27,"629800eb":35,"9c29f0ed":40,"4f59a322":29,"f5596d0f":29,"ccdd1ce6":24,"12012fbd":39,"0277d748":43,"ccf8b803":32,"f3d68430":35,"5f7d7195":35,"fd6dcb20":24,"faf3ed07":34,"ac38a6a5":32,"1d790491":34,"66d94227":23,"650bb0e0":38,"84369269":27,"f94bf9ea":29,"d6d61bfc":44,"5f6613c8":32,"b230e8d3":31,"064a99c8":32,"d8475b95":29,"4b3e3b1c":33,"c6e3d352":30,"1f88a4b7":31,"74e01f6a":33,"411b5027":35,"13f0e139":33,"6d802fa2":34,"468fc85c":35,"6d61bf13":29,"159ffd0b":10,"0f72f2d8":26,"d1676e89":29,"88a30343":35,"dc583e64":27,"045f280d":31,"a40846b7":46,"e45b4b53":25,"39bbc4bc":50,"3c43e8a2":38,"181c3dd5":34,"a47abfbb":29,"227006e4":31,"d6f0d94a":30,"b5ce0c0c":34,"868cda42":24,"3fdb08f5":30,"57167c74":28,"4777334c":31,"c4e70c07":26,"7f86be64":36,"754f98c9":34,"d548635d":32,"2e3503e4":32,"efe84c27":30,"501db4de":33,"f2086446":32,"26c390d6":27,"a851891c":25,"da04caac":34,"cf1b8c47":34,"83b2f9c5":31,"49cb2959":30,"e865e4dd":38,"5f96c2bc":22,"f069bb07":35,"5747db6e":38,"383e232d":27,"884b0ad1":30,"778c95e9":28,"d0d6acb1":30,"761cf820":25,"5f8517b7":41,"9263c525":29,"3a1b9af5":27,"f1862e79":28,"b377a62a":28,"40569362":34,"4360a1a3":31,"f883d582":31,"44ff8baa":26,"3007f31f":23,"30dbfc69":34,"cd421290":35,"430a5db5":36,"fb8bfb36":41,"bfad1727":32,"cd3bbe7e":37,"53747a91":44,"4ee62a26":26,"0c043224":38,"a0ce82b4":36,"9cb4697f":36,"8bc04eb5":25,"9b546d65":29,"5b5fc566":31,"6c486702":37,"2a4a402a":30,"6ee92259":35,"78467b8a":37,"7ee7621c":28,"fef750ca":33,"2882a956":33,"79be29c8":30,"7fdc2007":26,"f67de058":28,"4d9b0b10":28,"9aa6a054":28,"ac030e74":27,"6a5b71b4":37,"53b4e647":41,"2b698053":25,"7a4c064c":43,"9de29816":27,"36d340f2":40,"6cba74ce":36,"f5596d0f":30,"6e98dfda":41,"15620dca":35,"f66616b7":22,"88432019":29,"1634789b":39,"eafbf9fb":34,"1a0189c4":31,"394dc144":40,"5957df9e":32,"794f652b":27,"a1370ab0":36,"9f5e6cba":37,"2198ba8e":27,"812b4f15":33,"c609739e":37,"06ddafc7":31,"a3d4a0e5":43,"12271e14":34,"aefe13f5":41,"59431390":36,"56752a4a":29,"f277386e":26,"dc583e64":28,"f1098793":35,"1951480c":33,"a6bcb07e":31,"a4dafea5":25,"8dc9b4db":31,"3c43e8a2":39,"8298e976":38,"09f0db62":40,"016953e4":35,"3a204e56":32,"af034fee":25,"aa9ea5e8":26,"d141db49":25,"caddd0a7":32,"df2b4d87":38,"3bad3c95":19,"4def63ee":26,"49b358bd":32,"7043382d":31,"6b78ad7f":38,"a3253019":35,"efe84c27":31,"ab7d4c9a":34,"c382f054":26,"f3992a31":35,"c0fea118":27,"4125085e":37,"a6003226":34,"dc03ebd2":42,"616d6dd6":39,"7896b953":30,"65e4235b":36,"ef8987d7":42,"a5676c24":30,"c91966ce":21,"081460bf":24,"d0d6acb1":31,"1f342a00":40,"9fa62fee":32,"0fc5ac7e":43,"f069bb07":36,"2f455cce":20,"508aac3d":30,"67f6e4f2":30,"8493f3b2":43,"db0a661e":33,"d33790a2":32,"45b038bb":39,"792c9b6a":30,"b35e9e1a":48,"7a9344a4":28,"4279e829":37,"0149e11a":31,"07107f6e":33,"1f11812e":28,"20777945":33,"40a745c0":30,"bc09fa9e":28,"8942c35b":29,"94a2fe10":40,"913a6226":29,"026766f3":24,"27d8bf51":41,"9d0546ac":32,"91b28f83":33,"0d770b97":43,"aa187e3b":26,"2bcca6a7":35,"ee21ad02":38,"8b5a8e9f":50,"c0b23081":36,"fee32863":31,"bf30a08f":38,"33d6bb6a":31,"f56ac638":28,"7bda83dd":31,"0042f6eb":46,"ec11fe5f":36,"93b9fae6":30,"67c57de4":48,"385ab7c6":32,"abd32136":32,"cf9f4757":23,"53b4e647":42,"7a840529":17,"18815a1b":28,"f2f58418":29,"48efc739":40,"9e206c95":43,"cf775f58":30,"57540cc3":32,"1634789b":40,"f3d68430":36,"a1921150":44,"eeaa2d46":30,"91d52a55":31,"87922532":31,"b6aaf976":38,"90731976":30,"468fc85c":36,"e45b4b53":26,"f1098793":36,"e8f173b5":29,"6d61bf13":30,"1db42092":40,"3a204e56":33,"73b15e04":30,"0eaf08da":32,"32c9fc47":26,"095ab3b4":26,"a43061ee":30,"cf50e84e":28
1604737455020,"f6fe095d":42,"a24e6670":40,"6b79fec2":25,"3f2522c2":33,"7732eb1e":42,"84369269":28,"12012fbd":40,"37fbb107":28,"60d6cee2":32,"3fdb08f5":31,"c4e70c07":27,"ba30e43a":42,"0a2f71bc":25,"44c77422":33,"d6f0d94a":31,"b5ce0c0c":35,"53431634":40,"ab7d4c9a":35,"aec4e1bf":37,"aa9ea5e8":27,"af034fee":26,"76f3a3be":27,"9f5e6cba":38,"32133249":37,"dc03ebd2":43,"810aa5e9":26,"28654c76":45,"ef8987d7":43,"f789f6d8":34,"1d44aff3":32,"db8ba455":37,"884b0ad1":31,"aec074c4":38,"7db3edda":37,"fd07e0ed":29,"d1ca5d6b":39,"2d13e69b":31,"3c6692a3":35,"fe0df575":34,"358e45b1":39,"3652bd66":30,"8f2a7d69":27,"00554ffd":43,"408bb2ed":22,"b4fdf90e":36,"be2955bb":37,"9267f0ef":39,"c85a0d80":29,"c0fea118":28,"34c5c729":28,"7b6a7048":29,"26dd2000":31,"c2bb8aae":29,"0a96f57a":41,"026766f3":25,"40e79dd3":35,"cf1124db":32,"2209903e":34,"5cd3cfe0":23,"c650b434":38,"5ccf94d6":34,"3007f31f":24,"f1b493de":34,"19e9776f":33,"290b4714":35,"1105f790":38,"91b28f83":34,"a66a2d8a":27,"ea4d3f3e":35,"11b2c8d9":29,"0d770b97":44,"78b97937":29,"51a3e9c2":35,"b87158fb":35,"7fef9973":41,"e5b1abc6":31,"11b74e63":27,"92ca52b7":33,"91536e85":30,"b9be31d6":29,"d5059415":36,"8ac72326":30,"d2466211":38,"12dd6f5e":29,"36d340f2":41,"31d74eee":28,"d6320619":39,"36684155":31,"6d339d45":36,"bad6cdb1":28,"a43061ee":31,"b460f030":39,"baebb391":38,"a5aee5de":32,"23080895":26,"263762cb":32,"cbad3b92":37,"66554572":26,"f5cd79c1":30,"3310a049":42,"2cce4fb2":36,"b1f58563":29,"8dd649a3":27,"cf50e84e":29,"eda6a690":31,"6291e9e9":29,"3e082b37":33,"1db42092":41,"5623817d":36,"7732eb1e":43,"e15fd611":30,"558d5ce7":36,"44c77422":34,"75ffea08":29,"c1bdfd41":27,"f8b31ce5":41,"d9d7c4c2":38,"c7636527":31,"805af3c7":31,"eeaa2d46":31,"cf775f58":31,"04643409":34,"140ce69e":34,"8a52882e":36,"66d94227":24,"5e09f69e":37,"71279c46":33,"5ac86fb9":33,"f7231212":34,"621d6b18":37,"6e44927f":24,"cf1b8c47":35,"ae016053":29,"d8e58a8c":37,"4abb7aed":26,"e865e4dd":39,"b35bb8a1":26,"47cfba38":28,"deb31f35":35,"6632fed0":42,"d552eb2f":21,"2f455cce":21,"508aac3d":31,"f271ed5d":23,"7db3edda":38,"2c627253":24,"fd369c21":38,"1b153aef":32,"de11eb19":47,"cd95f558":34,"288afc30":26,"3a1b9af5":28,"d0b297b2":29,"b4fdf90e":37,"4b4ecbce":29,"3498f223":25,"e0154608":19,"c0fea118":29,"90a06ee9":34,"104721f0":32,"1a68160d":33,"77898c22":28,"c8dc010f":35,"9d4da635":24,"93e8cee5":35,"3b690f68":35,"58d46189":30,"cd421290":36,"180377be":28,"fb8bfb36":42,"430a5db5":37,"6bc5d32a":39,"902f49f5":30,"0a96f57a":42,"5272520d":35,"dd035d2a":29,"fea793f5":32,"9d023afb":37,"d39724bc":35,"78b97937":30,"91b28f83":35,"d78dd457":26,"4258c176":33,"bd62d7ed":29,"8bc04eb5":26,"afe8e06a":27,"b0869206":37,"fef750ca":34,"6c20c153":32,"2352c8ef":29,"3661e12d":31,"c015ec5a":27,"259930ee":34,"7043382d":32,"08a06557":45,"812b4f15":34,"e8d74304":30,"a636f4c9":36,"12271e14":35,"742f1425":34,"01cd8099":32,"99d130c9":41,"6ce84ff8":31,"09f0db62":41,"49910300":26,"016953e4":36,"8dd649a3":28,"0b5a0408":33,"b2703001":28,"2c5c1dc0":30,"f277386e":27,"095ab3b4":27,"f2f58418":30,"a63bddd4":34,"1b881e6e":39,"dfa1a89b":31,"47d27624":33,"d1715f3b":36,"37fbb107":29,"53b4e647":43,"ac030e74":28,"385ab7c6":33,"c38c2b52":39,"00a17b46":29,"b9be31d6":30,"6f39f4d9":39,"a901627e":26,"a15713c6":50,"ae016053":30,"d5dae4c4":31,"2a387957":35,"12012fbd":41,"4911acad":27,"7080f122":25,"44a4f7cd":25,"13747b82":33,"5774ac0d":36,"bad1a1cc":25,"40860a4b":25,"7e15f8e8":38,"6df0b2e8":48,"4125085e":38,"bfcb912a":34,"d1ca5d6b":40,"ef1c2dcb":33,"ea822700":26,"bca2d7cd":26,"0d2c95fe":31,"5410e9c6":31,"1f88a4b7":32,"6291e9e9":30,"5ee911b5":33,"dd7acb96":36,"272c7672":37,"730338c4":40,"44c77422":35,"92f800f5":27,"49b358bd":33,"e9679ede":26,"4c4aa2e2":32,"7f86be64":37,"efe84c27":32,"655954ba":33,"f2086446":33,"acac14fb":25,"25e0dd3d":34,"913a6226":30,"7a9344a4":29,"9d0546ac":33,"902f49f5":31,"debe1f65":39,"5cd3cfe0":24,"21e10a2b":29,"feb67030":30,"1f11812e":29,"5ccf94d6":35,"85de05f2":24,"180377be":29,"026766f3":26,"a0cf08b3":31,"f905a555":31,"52eca0dc":35,"87c462ee":31,"9cb4697f":37,"dd3913d2":29,"25a2844e":31,"ad2d7bed":31,"31f6d707":34,"8245f916":33,"b8397293":32,"45b038bb":40,"358e45b1":40,"608bc832":24,"2198ba8e":28,"4febf7c5":36,"6be9332a":34,"a0bc1ceb":28,"71bc1295":33,"a636f4c9":37,"cbad3b92":38,"ea6de194":24,"75ffea08":30,"140ce69e":35,"175bc6b2":28,"9c045c61":34,"eafbf9fb":35,"48efc739":41,"ec2cb1af":40,"97e75c19":39,"217c0327":23,"36684155":32,"172217e5":34,"b8ab8e6e":35,"dcfaba4c":29,"93fdbb44":23,"162a7348":31,"d1fe2868":29,"2a387957":36,"17446892":30,"a1370ab0":37,"1c0a9eff":30,"1bc0591f":31,"7fdc2007":27,"c0b23081":37,"d39724bc":36,"2bcca6a7":36,"e35a63cd":31,"91b28f83":36,"87cd2add":28,"b87158fb":36,"6034b6d0":38,"597c1f81":25,"6a5b71b4":38,"67c57de4":49,"b9be31d6":31,"ef91eaae":27,"a901627e":27,"bfcb912a":35,"f94bf9ea":30,"dc473de1":30,"8d753bb6":27,"263762cb":33,"b769bdfb":37,"19f9ca86":37,"8aa78e2f":29,"95bc84f1":27,"c564e316":33,"5678ed7b":35,"f2470875":32,"a77e127d":22,"cf50e84e":30,"54a676d6":28,"a58bf525":30,"a3d4a0e5":44,"2c01e624":30,"383e232d":28,"b7832271":26,"0d2a1c58":23,"c0e2624b":31,"fb7482fe":29,"a625328f":31,"65a00a3c":30,"f8b31ce5":42,"36380d96":36,"5f620a1e":36,"f3992a31":36,"cb51f134":37,"d9f512b9":40,"ca7d47f7":42,"79f04300":29,"3498f223":26,"104721f0":33,"06ee61b6":31,"cc11fef9":34,"f1b493de":35,"2b3c49b9":36,"0c043224":39,"ecfa8249":30,"dc03ebd2":44,"71ba7561":26,"f789f6d8":35,"3f75d3bc":35,"56473430":29,"a472532e":28,"ee75b607":30,"ae99df30":30,"e5b1abc6":32,"6775d5cd":26,"78467b8a":38,"a6b5e869":32,"8b5a8e9f":51,"7735c3c2":22,"a66a2d8a":28,"ba586505":33,"7fdc2007":28,"e0e48a2d":32,"afe8e06a":28,"be3a10f8":32,"1b153aef":33,"5f8517b7":42,"3652bd66":31,"332820ce":34,"fe0df575":35,"5ee911b5":34,"9263c525":30,"f1098793":37,"b6aaf976":39,"3e602573":24,"4b4ef7fa":37,"c2bb8aae":30,"547903ef":36,"2209903e":35,"bb98a6cf":38,"4dac6b20":32,"0c0e98ea":29,"c8dc010f":36,"ddec9e54":27,"5c82d1ce":26,"f2ca27d9":27,"b946e146":40,"6cba74ce":37,"8dd2684c":35,"c67979e6":38,"7d6895f4":34,"5a0eb771":32,"bc021def":38,"d957f027":24,"30b6808c":29,"ac030e74":29,"50c468ba":24,"b9be31d6":32,"d2466211":39,"0785820e":31,"0d28db94":27,"a15713c6":51,"416a9e97":33,"f4b2f575":25,"bda8cdfb":32,"2b3e4717":33,"99e171db":28,"be149c6f":31,"540df50f":38,"5ac86fb9":34,"227006e4":32,"a1370ab0":38,"5eaa1581":31,"60d6cee2":33,"e8d74304":31,"03dcfa3d":34,"0f72f2d8":27,"42191b64":27,"836701f6":29,"5410e9c6":32,"8cf83787":28,"d599b566":40,"3c782bb3":38,"8e4c33d2":32,"e36dfd6f":27,"3a204e56":34,"cf50e84e":31,"05642105":31,"93ac9ca3":32,"6291e9e9":31,"49910300":27,"a6626a13":23,"f271ed5d":24,"2d54e0a8":27,"e1571af7":37,"65a00a3c":31,"145c7559":33,"c1bdfd41":28,"e7abc88d":20,"ca7d47f7":43,"25776fc4":35,"b3863630":29,"696fdac5":32,"b320feb9":27,"754f98c9":35,"7043382d":33,"f598a332":42,"be2955bb":38,"906632cb":26,"6e24d88b":31,"0c043224":40,"51c57542":34,"2d13e69b":32,"b947257e":33,"0bd93cfd":27,"c793cdda":30,"537634c9":27,"a5fd8ffd":39,"f789f6d8":36,"f3a0c2ee":28,"3a291497":25,"313258f2":32,"d929098e":23,"88ce179e":30,"ee21ad02":39,"0042f6eb":47,"f0a06216":34,"6c524f99":28,"fea793f5":33,"b87158fb":37,"bd2705b0":35,"e356abf1":28,"eebc8d43":29,"5f4102da":34,"4ea4a2a1":39,"de11eb19":48,"3d1af513":32,"f9c15fcc":35,"45b038bb":41,"67f6e4f2":31,"608bc832":25,"40a745c0":31,"daab45c6":30,"26ed1a5c":32,"3007f31f":25,"30d84dce":31,"c8dc010f":37,"30fdcd3b":32,"07107f6e":34,"4295ce9a":34,"f4343817":31,"945b63f0":51,"546f6845":34,"51f57142":34,"affb82bf":29,"e35a63cd":32,"c463799d":38,"00a17b46":30,"4f59a322":30,"87083264":38,"43d87483":28,"e4cfef0a":23,"2b698053":26,"faf4f98b":31,"9de29816":28,"39a2fcce":36,"49902219":34,"416a9e97":34,"f4b2f575":26,"77f31bab":41,"5957df9e":33,"36b7003c":37,"37fbb107":30,"44a4f7cd":26,"71279c46":34,"e9a8cf11":26,"aec4e1bf":38,"b230e8d3":32,"bfcb912a":36,"288a2c43":34,"7af9d3b1":26,"a636f4c9":38,"468fc85c":37,"24d24fa3":24,"04612878":32,"17807120":33,"99d130c9":42,"be1746a0":17,"3a204e56":35,"437fc3ec":35,"5781776a":29,"8cf83787":29,"54a676d6":29,"3c43e8a2":40,"004f1ef3":39,"69f3bfcc":37,"ea9bba6b":32,"1438fad7":33,"b769bdfb":38,"4945c851":40,"7732eb1e":44,"1db42092":42,"b5ce0c0c":36,"75ffea08":31,"24ffcbd3":38,"c8fcad77":31,"6b78ad7f":39,"4c39240e":33,"e9679ede":27,"92f800f5":28,"8e780922":38,"9bdf362a":28,"9b172ca8":30,"c21ab51e":23,"2e3503e4":33,"9f2b16a7":28,"9ab755d3":33,"98915a1f":24,"b947257e":34,"3062379b":25,"6751d8e4":40,"b7832271":27,"8657c79d":42,"a901627e":28,"95904ac4":41,"3c0df8b4":31,"810aa5e9":27,"4abb7aed":27,"2dd0e808":39,"195eb771":30,"1c0a9eff":31,"ea4d3f3e":36,"04bef50c":20,"19551bad":28,"55928ef1":36,"b2a8761b":30,"db0a661e":34,"ef16ca37":28,"408bb2ed":23,"d33790a2":33,"8d000d6e":22,"34658473":31,"66b7b5b4":24,"059d6c19":40,"93683c82":33,"f9f2c53f":28,"85de05f2":25,"c8977844":33,"7cd0ad7b":35,"7d112f4d":33,"dae0f922":37,"5a622a23":35,"c455f40e":22,"902f49f5":32,"0a96f57a":43,"f4343817":32,"51f57142":35,"217c0327":24,"7f6d1d0e":36,"20811ddf":31,"5f4102da":35,"54d7de6b":40,"70ee0491":27,"5acce642":41,"7bda83dd":32,"1bc0591f":32,"9b546d65":30,"07f98660":39,"ba938220":29,"621d6b18":38,"9496f56f":36,"87083264":39,"ef14000f":34,"c38c2b52":40,"affb82bf":30,"22176537":25,"ef8321d8":32,"9d9dd9e5":31,"0e036ae9":35,"394dc144":41,"6d5fcd4c":35,"a983a6dc":32,"bad1a1cc":26,"faf3ed07":35,"aff8e442":31,"540df50f":39,"6adce358":33,"aa9ea5e8":28,"71a2a493":20,"17807120":34,"9fc713b0":39,"a636f4c9":39,"c6e3d352":31,"f1098793":38,"2d382981":33,"a0b03218":42,"2c5c1dc0":31,"b1f58563":30,"d1676e89":30,"d36125db":43,"fb44fa9c":39,"77d35808":34,"f2470875":33,"e0f7679f":38,"4945c851":41,"a58bf525":31,"695a2b92":35,"6db0ea86":32,"88a30343":36,"f044c0e1":32,"2ab62345":30,"5774ac0d":37,"60d6cee2":34,"c93c3508":23,"2045d7d6":31,"caddd0a7":33,"8f13c203":24,"df2b4d87":39,"04ea5673":37,"d548635d":33,"259930ee":35,"9267f0ef":40,"d141db49":26,"fe578280":30,"5e193fc8":35,"c85a0d80":30,"f121b82c":35,"f2086446":34,"2c627253":25,"0fc5ac7e":44,"f4726450":31,"88b3bc99":29,"fd369c21":39,"2d13e69b":33,"c91966ce":22,"195eb771":31,"a5fd8ffd":40,"1d44aff3":33,"781ace7d":35,"fd482491":35,"dd035d2a":30,"c793cdda":31,"1b153aef":34,"7a2f3f06":30,"4f5e3e7d":31,"92d38723":34,"45b038bb":42,"554ebb83":33,"50312237":34,"381c68fa":36,"026766f3":27,"31408822":27,"92136ff5":38,"40a745c0":32,"ddec9e54":28,"8ea21393":35,"efd23af5":36,"4360a1a3":32,"2b3c49b9":37,"bb98a6cf":39,"e2cbe594":27,"6490bac6":33,"93e8cee5":36,"1bb4ccc0":30,"abad2347":28,"13b53c7a":31,"d815c5b4":40,"c1bb74f2":35,"91b28f83":37,"fef750ca":35,"0042f6eb":48,"4b125e7b":32,"9a3ab0b8":29,"cb4f262b":42,"93b0a158":33,"831c7b85":29,"a567ace4":33,"629800eb":36,"ae95f2ba":33,"e28c2efc":35,"87083264":40,"9aa6a054":29,"d83294cd":37,"7a840529":18,"12dd6f5e":30,"6de0aaac":27,"3661e12d":32,"eeaa2d46":32,"18815a1b":29,"623c6a31":36,"5957df9e":34,"315537b2":32,"5f7d7195":36,"cb6c9e42":46,"a983a6dc":33,"e6fac295":29,"64a7f79f":25,"ae8a09c4":35,"804d4dfa":27,"cbad3b92":39,"2d382981":34,"04612878":33,"93ac9ca3":33,"3f2522c2":34,"28d41578":24,"e45b4b53":27,"1f88a4b7":33,"014bdff0":27,"06ddafc7":32,"578f6e9e":34,"f277386e":28,"5410e9c6":33,"88a30343":37,"5623817d":37,"4945c851":42,"045f280d":32,"99e171db":29,"f2364460":35,"76f3a3be":28,"36b7003c":38,"725dce8b":32,"5a734022":27,"17446892":31,"64db4feb":36,"e32524d6":33,"08a06557":46,"cc6bbe45":28,"3bad3c95":20,"2154b6e8":28,"9b172ca8":31,"5f620a1e":37,"a836aa93":27,"4e3f5178":34,"638cb163":52,"f2086446":35,"9267f0ef":41,"8e99d5d0":30,"c5b35e4d":31,"0681c48e":36,"b230e8d3":33,"508aac3d":32,"272c7672":38,"1d44aff3":34,"3f75d3bc":36,"43bc86e3":35,"d5dae4c4":32,"08a561b7":21,"56473430":30,"e865e4dd":40,"2d54e0a8":28,"3c6692a3":36,"e58b26f6":31,"af0b61ab":38,"2a06ab95":36,"1b153aef":35,"8f2a7d69":28,"4ea4a2a1":40,"cfe72ead":30,"9e878ec2":38,"554ebb83":34,"db0a661e":35,"9316e7e8":15,"059d6c19":41,"66497c7e":24,"d0c104c4":25,"5cd3cfe0":25,"4e5aaaec":21,"6b9eff39":23,"3f9b5722":27,"efd23af5":37,"1e7753d9":43,"ecfa8249":31,"f734c84c":37,"a851554d":36,"25e0dd3d":35,"bd2705b0":36,"d815c5b4":41,"6841f77e":37,"cb4f262b":43,"16b476e9":28,"f5e8dfee":36,"e6ec8cbf":36,"fe8f3d36":30,"f0a06216":35,"25a2844e":32,"a0685bf3":36,"eebc8d43":30,"831c7b85":30,"55928ef1":37,"0785820e":32,"d83294cd":38,"1dad0f99":32,"e57d5cda":45,"0d7d88f1":30,"6f39f4d9":40,"056ea7ff":33,"dfa1a89b":32,"9c045c61":35,"ac38a6a5":33,"6143f39d":29,"aefe13f5":42,"4b4ef7fa":38,"458dcc3d":30,"12271e14":36,"b460f030":40,"ae8a09c4":36,"baebb391":39,"8dc9b4db":32,"45fb95c1":28,"95d3d348":35,"6291e9e9":32,"82868763":29,"e8f173b5":30,"e238f09b":28,"e7e82473":36,"5b60dd1d":36,"0b5a0408":34,"09f0db62":42,"e36dfd6f":28,"d1676e89":31,"cf84fb54":39,"bad1a1cc":27,"88432019":30,"77bae750":22,"4469c815":14,"d2a841c9":28,"789bd484":30,"37fbb107":31,"2a387957":37,"650bb0e0":39,"259930ee":36,"719c8869":41,"c015ec5a":28,"49b358bd":34,"f33c0140":30,"1a2c020b":37,"8f13c203":25,"0a92153e":36,"c0b0f492":33,"0dad37d5":28,"4577b333":32,"36380d96":37,"a836aa93":28,"be149c6f":32,"12534561":21,"50d129cf":28,"76f3a3be":29,"5ac86fb9":35,"b7cc7909":32,"9f5e6cba":39,"c93c3508":24,"313258f2":33,"71e53c93":35,"b2cfdbcf":28,"c91966ce":23,"fafb4cc2":45,"56473430":31,"a472532e":29,"f271ed5d":25,"d0d6acb1":32,"72d7b461":29,"88b3bc99":30,"a6626a13":24,"d744bee2":32,"2180f99b":34,"4ba6eb36":32,"06073f13":38,"b35e9e1a":49,"358e45b1":41,"fa55f27a":42,"f76a3e83":40,"3b690f68":36,"66497c7e":25,"0c0e98ea":30,"a4f1d83b":31,"6e24d88b":32,"7a9344a4":30,"0841052c":32,"72b84094":39,"92136ff5":39,"efd23af5":38,"feb67030":31,"cd421290":37,"ded7da5a":32,"9d0546ac":34,"bf30a08f":39,"aa187e3b":27,"b3f19a69":35,"51a3e9c2":36,"1bc0591f":33,"d39724bc":37,"e0e48a2d":33,"733c86f8":29,"6a7392d5":28,"93b0a158":34,"cfafcda8":30,"a0685bf3":37,"4f59a322":31,"dfcc2ad1":29,"dc0c8b09":39,"a06a6430":28,"c803b4a3":33,"7a840529":19,"9c29f0ed":41,"2b698053":27,"87cd2add":29,"be4f8ba8":28,"6f0fcb9d":37,"8f2a7d69":29,"87922532":32,"27c8e038":32,"a5aee5de":33,"cf52025e":24,"74e01f6a":34,"4febf7c5":37,"59c1e594":41,"e7773397":32,"f5829ac0":30,"2203f259":31,"8aa78e2f":30,"19f9ca86":38,"8298e976":39,"3712c4bd":33,"6d802fa2":35,"f6fe095d":43,"49910300":28,"bb99c79c":35
1604737455540,"d5dae4c4":33,"aa867541":26,"45b5746e":30,"6023df54":27,"638cb163":53,"a577db1c":32,"30c5d755":38,"7e76c93c":29,"4b4ecbce":30,"3bad3c95":21,"754f98c9":36,"00a481e3":32,"5f96c2bc":23,"61145ec9":44,"3b2dee89":32,"b0869206":38,"16b476e9":29,"a6b5e869":33,"bd2705b0":37,"bd62d7ed":30,"5eab91a0":37,"f5e8dfee":37,"124fbe96":33,"c463799d":39,"a0685bf3":38,"7bda83dd":33,"b102f7bd":39,"fee32863":32,"9267f0ef":42,"57167c74":29,"5be594be":27,"2af60749":36,"a3253019":36,"80a8a56d":34,"90a06ee9":35,"a4f1d83b":32,"4279e829":38,"0c0e98ea":31,"430a5db5":38,"ddec9e54":29,"6f81493d":38,"ab7467de":40,"026766f3":28,"a851554d":37,"7b6a7048":30,"79e4fa1c":24,"21ad2f34":29,"daab45c6":31,"4eed1bea":39,"07f98660":40,"ffa08d82":27,"d5059415":37,"ba938220":30,"8ac72326":31,"30b6808c":30,"4f59a322":32,"22aeaf03":33,"5678ed7b":36,"c7ab83c1":29,"1f88a4b7":34,"b2cfdbcf":29,"a472532e":30,"d8e58a8c":38,"08a561b7":22,"ec110282":31,"56473430":32,"a5fd8ffd":41,"4ba6eb36":33,"31f6d707":35,"2e99f8fd":26,"608bc832":26,"4f5e3e7d":32,"5a0ead91":21,"8f2a7d69":30,"6de0aaac":28,"6cba74ce":38,"dfa1a89b":33,"bf822e33":29,"af157d29":42,"d1fe2868":30,"815e4582":35,"865d9857":30,"faf3ed07":36,"99e171db":30,"ee75b607":31,"677c6a09":45,"00cf385d":39,"e6ec8cbf":37,"91b28f83":38,"3b2dee89":33,"1c0a9eff":32,"f2e3c0e3":28,"a8c93bed":38,"37a7d5b0":40,"aab4d996":35,"e786063b":30,"c7636527":32,"ce3bf5db":32,"7f86be64":38,"f33c0140":31,"7be025ce":30,"5e193fc8":36,"1623fc9f":27,"6b78ad7f":40,"79f04300":30,"696fdac5":33,"9b172ca8":32,"d0c104c4":26,"19e9776f":34,"5cd3cfe0":26,"8942c35b":30,"4ee62a26":27,"a851554d":38,"6e24d88b":33,"be40590d":30,"6490bac6":34,"0a96f57a":44,"ecfa8249":32,"70594a28":33,"7bebff03":30,"85de05f2":26,"cd522166":48,"062179c1":31,"6c486702":38,"8b5a8e9f":52,"4c0e547b":26,"cf9f4757":24,"abd32136":33,"4f59a322":33,"2b698053":28,"0785820e":33,"be1746a0":18,"b2bd8fd3":31,"24d24fa3":25,"9fc713b0":40,"03c398d2":30,"ae8a09c4":37,"baebb391":40,"5099c6a0":46,"e7e82473":37,"312f7676":30,"820225e4":22,"83086d4c":29,"e36dfd6f":29,"3310a049":43,"39bbc4bc":51,"6c73ae98":37,"82868763":30,"5b60dd1d":37,"6db0ea86":33,"fb44fa9c":40,"77d35808":35,"95539a58":20,"5d087c79":32,"a1921150":45,"42c80e69":31,"74e3d13e":33,"5e09f69e":38,"7af9d3b1":27,"081460bf":25,"32133249":38,"b35bb8a1":27,"aa5dfdf5":36,"72d7b461":30,"eb7b4e29":26,"730338c4":41,"a625328f":32,"6e851762":36,"3c6692a3":37,"50c468ba":25,"2c6cb96f":26,"b2cfdbcf":30,"aa76bc50":33,"3a291497":26,"71e53c93":36,"8a165e17":36,"b7407bd3":34,"f9c15fcc":36,"9263c525":31,"d33790a2":34,"8f2a7d69":31,"36fb15d2":25,"554ebb83":35,"fd482491":36,"be4f8ba8":29,"2dda3936":28,"12012fbd":42,"4d35385e":24,"f3d68430":37,"31d74eee":29,"00cf385d":40,"87c462ee":32,"bec9d329":34,"1623fc9f":28,"fbdffc95":28,"28d40296":27,"c1bdfd41":29,"2af60749":37,"685207b3":33,"ab7d4c9a":36,"25776fc4":36,"30c5d755":39,"c21ab51e":24,"0dad37d5":29,"501db4de":34,"104721f0":34,"0da28f5b":31,"93683c82":34,"26ed1a5c":33,"381c68fa":37,"b6591e25":32,"20e470e0":30,"a4f1d83b":33,"94a2fe10":41,"e1f0dbfd":33,"a851554d":39,"a6b5e869":34,"e382ec3f":25,"fea793f5":34,"dfcc2ad1":30,"2bcca6a7":37,"e356abf1":29,"27c8e038":33,"c6e3d352":32,"a5aee5de":34,"17807120":35,"9c58dd76":37,"2198ba8e":29,"12a2cd4b":38,"cf50e84e":32,"3c43e8a2":41,"411b5027":36,"8dc9b4db":33,"2203f259":32,"4b3e3b1c":34,"b769bdfb":39,"f5829ac0":31,"05642105":32,"5410e9c6":34,"82868763":31,"d6db2b02":38,"c7ab83c1":30,"88a30343":38,"affb82bf":31,"48efc739":42,"416a9e97":35,"a983a6dc":34,"b88033fd":35,"f2364460":36,"91d52a55":32,"789bd484":31,"61d4782d":29,"71a2a493":21,"dc473de1":31,"c64de0c0":27,"5f6613c8":33,"5e09f69e":39,"12534561":22,"508aac3d":33,"ea822700":27,"2f455cce":22,"39ba00f0":32,"aaa274a5":32,"50c3164b":35,"70c1e715":36,"ba5c52af":30,"0d7d88f1":31,"9aa6a054":30,"fe8f3d36":31,"ffa08d82":28,"6c524f99":29,"e21c6207":26,"5a622a23":36,"21ad2f34":30,"7bebff03":31,"4295ce9a":35,"597c1f81":26,"78467b8a":39,"b73e789c":32,"6c486702":39,"1d44aff3":35,"d4ee22a4":32,"45b038bb":43,"8d000d6e":23,"8c6e001f":20,"b4fdf90e":38,"fa55f27a":43,"0ac825ed":31,"30b6808c":31,"2dd0e808":40,"71e53c93":37,"6e44927f":25,"3101354b":24,"a5676c24":31,"731fc335":23,"df2b4d87":40,"d9d7c4c2":39,"9e65c0ef":29,"80a8a56d":35,"62d1d346":30,"3bad3c95":22,"dcf85091":29,"69134f07":33,"49b358bd":35,"0dad37d5":30,"ea6de194":25,"77300e4a":28,"9267f0ef":43,"d548635d":34,"6f81493d":39,"db703021":31,"30dbfc69":35,"a68a93b2":28,"ee75b607":32,"dffa7793":14,"9d4f1fe6":30,"c0b23081":38,"677c6a09":46,"5eab91a0":38,"554ebb83":36,"13f0e139":34,"d8475b95":30,"6ebe2354":24,"23080895":27,"8eb64769":26,"1c3a30c5":27,"01cd8099":33,"5410e9c6":35,"6291e9e9":33,"578f6e9e":35,"bab97de3":42,"2cce4fb2":37,"6d61bf13":31,"5f4102da":36,"172217e5":35,"bc021def":39,"faf3ed07":37,"dcfaba4c":30,"3f65f121":31,"6143f39d":30,"77bae750":23,"2132fe93":39,"9d63c4dd":35,"6df0b2e8":49,"ef8321d8":33,"5a734022":28,"37fbb107":32,"f87c5031":28,"36684155":33,"aa9ea5e8":29,"0e036ae9":36,"26c390d6":28,"aec4e1bf":39,"50d129cf":29,"1f342a00":41,"91d52a55":33,"57d5dee8":30,"4bcd4a30":47,"8cd78f77":40,"2bcca6a7":38,"cfafcda8":31,"ea4d3f3e":37,"ec11fe5f":37,"07f98660":41,"1bc0591f":34,"53b4e647":44,"a567ace4":34,"c510bfd3":35,"8fb236a9":33,"c38c2b52":41,"ef91eaae":28,"ba938220":31,"9c29f0ed":42,"4360a1a3":33,"5cd3cfe0":27,"72b84094":40,"7a9344a4":31,"e2cbe594":28,"d25e0f8d":32,"e21c6207":27,"5c82d1ce":27,"4295ce9a":36,"5fa12feb":34,"f277386e":29,"7ee148e9":30,"d6db2b02":39,"d1676e89":32,"014bdff0":28,"4945c851":43,"b935fc1c":31,"a8871ddf":36,"8493f3b2":44,"8c6e001f":21,"4ea4a2a1":41,"cd95f558":35,"554ebb83":37,"92efd84f":27,"2d13e69b":34,"2c627253":26,"3c0df8b4":32,"3101354b":25,"ae016053":31,"71e53c93":38,"7896b953":31,"56473430":33,"781ace7d":36,"c4e70c07":28,"dac109cf":38,"685207b3":34,"aa021138":41,"9b742f71":34,"f3992a31":37,"44c77422":36,"dcf85091":30,"62d1d346":31,"36380d96":38,"c015ec5a":29,"4fd645f1":24,"0da28f5b":32,"acac14fb":26,"f56ac638":29,"0d770b97":45,"d815c5b4":42,"93b0a158":35,"124fbe96":34,"bb00e71c":25,"db0a661e":36,"6585adbe":21,"99d130c9":43,"b6aaf976":40,"59c1e594":42,"bc392d1c":24,"4cc141fa":27,"2d382981":35,"b460f030":41,"60e855ee":33,"8e4c33d2":33,"8cf83787":30,"79be29c8":31,"25d1b2d8":35,"ce3407dd":29,"88432019":31,"d5557fb4":37,"dfa1a89b":34,"31f6ba51":36,"0277d748":44,"7e15f8e8":39,"35aa7fd0":34,"a1921150":46,"7d6895f4":35,"b230e8d3":34,"945b63f0":52,"74e3d13e":34,"5339e1e9":33,"51f57142":36,"031e488e":36,"36684155":34,"9c045c61":36,"61d4782d":30,"dcfaba4c":31,"884b0ad1":32,"6e851762":37,"2bcca6a7":39,"478d2d4f":38,"1745a0f4":31,"13b53c7a":32,"b87158fb":38,"b102f7bd":40,"0e2b5d2f":36,"c803b4a3":34,"cc5a1d47":34,"e4cfef0a":24,"67c57de4":50,"b73e789c":33,"8ac72326":32,"a8726d50":31,"4ee62a26":28,"66497c7e":26,"906632cb":27,"110b1ee3":39,"c3e6ef01":43,"9316e7e8":16,"fb8bfb36":43,"ab7467de":41,"201cafad":22,"ecfa8249":33,"44ff8baa":27,"3ef7432b":35,"bc09fa9e":29,"53b4e647":45,"54a676d6":30,"f2470875":34,"d6db2b02":40,"d1676e89":33,"a6bcb07e":32,"e238f09b":29,"22aeaf03":34,"411b5027":37,"5678ed7b":37,"5623817d":38,"0d2c95fe":32,"e0e6a097":27,"9260d96b":38,"45b038bb":44,"31f6d707":36,"fe0df575":36,"778c95e9":29,"7e991ab9":29,"8657c79d":43,"9147702f":29,"1f342a00":42,"f3a0c2ee":29,"810aa5e9":28,"906fdec3":30,"61145ec9":45,"ae016053":32,"dc03ebd2":45,"a5fd8ffd":42,"859545e6":27,"fbdffc95":29,"e5d3655c":38,"6b78ad7f":41,"90a06ee9":36,"08a06557":47,"8f13c203":26,"dbc9df44":31,"e786063b":31,"f76a3e83":41,"44c77422":37,"69d4b754":33,"ebdbf580":33,"c85a0d80":31,"b0869206":39,"bd2705b0":38,"06073f13":39,"6585adbe":22,"87ce8d1d":28,"73b15e04":31,"13f0e139":35,"4febf7c5":38,"aefe13f5":43,"e6fac295":30,"0f72f2d8":28,"37d0cae2":28,"bf30a08f":40,"5acce642":42,"6b82b527":29,"25a7a0a3":32,"f87c5031":29,"53a8613c":34,"4d35385e":25,"f3d68430":38,"865d9857":31,"9de29816":29,"36684155":35,"50d129cf":30,"394dc144":42,"90d52475":29,"72805bf5":33,"8a52882e":37,"76f3a3be":30,"1d790491":35,"0681c48e":37,"c98d5272":33,"74e3d13e":35,"deb31f35":36,"b35bb8a1":28,"288a2c43":35,"4b125e7b":33,"a8c93bed":39,"92ca52b7":34,"8f10fa42":39,"fef750ca":36,"55928ef1":38,"f5e8dfee":38,"0f89862c":28,"e4cfef0a":25,"61f25dd4":35,"dae0f922":38,"f1b493de":36,"c8977844":34,"1f11812e":30,"9d4da635":25,"e62d705f":23,"4295ce9a":37,"da3437cd":24,"daab45c6":32,"53747a91":45,"5c82d1ce":28,"7b6a7048":31,"a0cca8b7":28,"af7e5be8":34,"93b9fae6":31,"d5059415":38,"629800eb":37,"8fb236a9":34,"c803b4a3":35,"6d61bf13":32,"f5cd79c1":31,"0d2c95fe":33,"6291e9e9":34,"e238f09b":30,"1f88a4b7":35,"8dd649a3":29,"8dc9b4db":34,"820225e4":23,"22aeaf03":35,"06ddafc7":33,"a6bcb07e":33,"6ce84ff8":32,"b36a0d66":20,"f271ed5d":26,"50c3164b":36,"5747db6e":39,"284544ba":38,"508aac3d":34,"d0d6acb1":33,"39ba00f0":33,"345c9967":33,"f789f6d8":37,"71ba7561":27,"ae016053":33,"08a561b7":23,"49cb2959":31,"7896b953":32,"88fa53d6":26,"28d40296":28,"b7505747":39,"719c8869":42,"c1bdfd41":30,"5be594be":28,"f76a3e83":42,"5ab7bc35":32,"7ae3fc50":34,"336d0f08":33,"2e99f8fd":27,"c4aa1e38":27,"8d000d6e":24,"b2a8761b":31,"761cf820":26,"6be9332a":35,"64a7f79f":26,"6ebe2354":25,"baebb391":41,"cf52025e":25,"946df4fd":32,"0f72f2d8":29,"ae99df30":31,"3454fa2b":33,"bc021def":40,"175bc6b2":29,"b946e146":41,"8cc4a982":29,"ccdd1ce6":25,"08c6b5d2":28,"1d790491":36,"77bae750":24,"5a0eb771":33,"5774ac0d":38,"c9efc8f6":36,"66d94227":25,"48efc739":43,"61d4782d":31,"6e98dfda":42,"5eaa1581":32,"031e488e":37,"36b7003c":39,"24a9fb86":38,"aec4e1bf":40,"e6ec8cbf":38,"6841f77e":38,"9cb4697f":38,"04cc7cbe":25,"677c6a09":47,"e356abf1":30,"dd3913d2":30,"7fdc2007":29,"8f10fa42":40,"a66a2d8a":29,"05f6ab35":30,"1745a0f4":32,"25a2844e":33,"2154b6e8":29,"5e193fc8":37,"0dad37d5":31,"c382f054":27,"696fdac5":34,"655954ba":34,"8942c35b":31,"5cd3cfe0":28,"9d4da635":26,"4360a1a3":34,"902f49f5":33,"c3e6ef01":44,"5272520d":36,"72b84094":41,"26dd2000":32,"ded7da5a":33,"79e4fa1c":25,"debe1f65":40,"2ad42a9e":28,"93e8cee5":37,"9496f56f":37,"76f94eda":33,"c803b4a3":36,"6f39f4d9":41,"00a17b46":31,"ba938220":32,"ad303bda":39,"5410e9c6":36,"e81834aa":33,"8dc9b4db":35,"05642105":33,"1951480c":34,"d599b566":41,"66554572":27,"32c9fc47":27,"27f52ed3":44,"54a676d6":31,"82868763":32,"09f0db62":43,"a8871ddf":37,"8298e976":40,"26c390d6":29,"7db3edda":39,"3062379b":26,"70c1e715":37,"cbb54a0a":32,"af0b61ab":39,"1f7607df":20,"731fc335":24,"fd482491":37,"b2cfdbcf":31,"c015ec5a":30,"ea6de194":26,"2045d7d6":32,"a5676c24":32,"cf1b8c47":36,"7ae34c64":30,"195eb771":32,"82b81567":32,"9260d96b":39,"3d1af513":33,"34658473":32,"4ac6bd4e":30,"de11eb19":49,"d0c0fc08":29,"a5aee5de":35,"04612878":34,"9a467a82":36,"945b63f0":53,"6143f39d":31,"57540cc3":33,"09560615":27,"eeaa2d46":33,"f2ca27d9":28,"23760167":28,"84369269":29,"1b881e6e":40,"c9efc8f6":37,"2a387957":38,"ed4fad08":34,"6841f77e":39,"bf30a08f":41,"e4c312fe":25,"88ce179e":31,"bec9d329":35,"7fef9973":42,"95d331b1":25,"1bc0591f":35,"1105f790":39,"8f10fa42":41,"78467b8a":40,"caddd0a7":34,"685207b3":35,"719c8869":43,"c85a0d80":32,"c8fcad77":32,"014460b9":37,"c21ab51e":25,"0dad37d5":32,"a4296d1e":37,"a836aa93":29,"d548635d":35,"0c0e98ea":32,"4279e829":39,"751acea8":34,"ca6d2d91":38,"ddec9e54":30,"c3e6ef01":45,"d033db8d":30,"8f9b74b0":27,"e2a7d915":34,"ded7da5a":34,"27d8bf51":42,"20777945":34,"6bc5d32a":40,"2209903e":36,"9a07d89b":30,"b102f7bd":41,"2bcca6a7":40,"43d87483":29,"4d9b0b10":29,"a43061ee":32,"12271e14":37,"bc392d1c":25,"74e01f6a":35,"56752a4a":30,"71ff66e8":20,"42191b64":28,"a8871ddf":38,"4945c851":44,"19f9ca86":39,"317c1591":27,"013ee301":33,"b935fc1c":32,"ce4da56f":28,"3f2522c2":35,"4ff2225d":28,"8b2b601d":34,"c0b7e7d7":34,"95f6db13":25,"93b9fae6":32,"d83294cd":39,"6e98dfda":43,"42c80e69":32,"394dc144":43,"76f3a3be":31,"60d6cee2":35,"449d8475":32,"b7cc7909":33,"e4714415":35,"284544ba":39,"84b767be":39,"2d13e69b":35,"aa5dfdf5":37,"a625328f":33,"6751d8e4":41,"2d54e0a8":29,"629800eb":38,"c8113b77":29,"10ec5a0b":29,"a851891c":26,"f789f6d8":38,"3a291497":27,"810aa5e9":29,"d9d0c567":28,"61145ec9":46,"2dd0e808":41,"1b153aef":36,"db0a661e":37,"d0c0fc08":30,"1bd5b20b":29,"3d1af513":34,"554ebb83":38,"8245f916":34,"9de29816":30,"22ecaed0":30,"9c045c61":37,"bb99c79c":36,"8dd2684c":36,"945b63f0":54,"7080f122":26,"ee75b607":33,"bb00e71c":26,"e4c312fe":26,"5acce642":43,"d83870f5":36,"d39724bc":38,"1bb4ccc0":31,"c1bdfd41":31,"5ab7bc35":33,"3fdb08f5":32,"805af3c7":32,"f2086446":36,"b5ce0c0c":37,"79f04300":31,"e5d3655c":39,"b2c25d1c":36,"65a00a3c":32,"5e193fc8":38,"69134f07":34,"168e75d9":25,"104721f0":35,"b7434f57":29,"30d84dce":32,"0841052c":33,"059d6c19":42,"d70ca4f4":39,"751acea8":35,"467773ac":29,"a0cca8b7":29,"6b9eff39":24,"bfad1727":33,"07107f6e":35,"da3437cd":25,"4dac6b20":33,"f4343817":33,"1105f790":40,"dd3913d2":31,"8007f30e":23,"e35a63cd":33,"e5b1abc6":33,"f2e3c0e3":29,"25a2844e":34,"dd1fcb17":35,"792cfcbd":27,"73b15e04":32,"aa00769b":43,"56752a4a":31,"2d382981":36,"d82592f4":33,"b769bdfb":40,"e45b4b53":28,"0114160e":32,"54a676d6":32,"5099c6a0":47,"6085137f":17,"07fc4a9a":29,"1438fad7":34,"26f99a1e":32,"45fb95c1":29,"7ee148e9":31,"42191b64":29,"06ddafc7":34,"045f280d":33,"77bfed7e":36,"90d52475":30,"d957f027":25,"77f31bab":42,"be149c6f":33,"1a0189c4":32,"b7cc7909":34,"99e171db":31,"bda8cdfb":33,"76f3a3be":32,"1634789b":41,"40860a4b":26,"57d5dee8":31,"32133249":39,"5774ac0d":39,"26c390d6":30,"508aac3d":35,"a625328f":34,"2a06ab95":37,"b947257e":35,"ef1c2dcb":34,"d552eb2f":22,"4f59a322":34,"0d7d88f1":32,"0785820e":34,"6034b6d0":39,"2ce1af05":24,"67c57de4":51,"3c0df8b4":33,"0a1d11e6":31,"a5fd8ffd":43,"d8e58a8c":39,"3a291497":28,"d5dae4c4":34,"69eeae0d":35,"50312237":35,"9260d96b":40,"db0a661e":38,"d0c0fc08":31,"6f0fcb9d":38,"608bc832":27,"8f2a7d69":32,"140ce69e":36,"fd6dcb20":25,"22176537":26,"4d35385e":26,"3661e12d":33,"88ce179e":32,"5acce642":44,"d39724bc":39,"e4c312fe":27,"aa187e3b":28,"b0869206":40,"11b74e63":28,"0f029727":29,"3498f223":27,"57167c74":30,"cc6bbe45":29,"1a2c020b":38,"c4feee5b":31,"b7505747":40,"c5b35e4d":32,"5f620a1e":38,"d141db49":27,"1247fa52":31,"168e75d9":26,"014460b9":38,"c382f054":28,"3f9b5722":28,"a8726d50":32,"66497c7e":27,"56d315d8":28,"3b690f68":37,"9d4da635":27
1604737456789,"8942c35b":32,"913a6226":31,"3b7763b1":26,"3007f31f":26,"40e79dd3":36,"9d023afb":38,"05f6ab35":31,"1105f790":41,"bd62d7ed":31,"fef750ca":37,"20958d58":30,"baebb391":42,"0eaf08da":33,"a0bc1ceb":29,"aa00769b":44,"4febf7c5":39,"a543ec74":37,"74e01f6a":36,"27f52ed3":45,"f1dffa24":25,"d9dcdc4b":39,"d36125db":44,"eda6a690":32,"6a60348e":35,"6b79fec2":26,"c0b7e7d7":35,"e7e82473":38,"05642105":34,"8dc9b4db":36,"0be540c5":35,"1951480c":35,"b552beb3":26,"50b558a7":29,"6143f39d":32,"21ee2afe":37,"44a4f7cd":27,"6e98dfda":44,"c852d240":30,"b88033fd":36,"c81b2bcf":27,"4125085e":39,"51f80f4c":42,"e15fd611":31,"1ed46298":43,"8a52882e":38,"74e3d13e":36,"1b881e6e":41,"9f5e6cba":40,"5eaa1581":33,"2f455cce":23,"70bc8325":34,"1f342a00":43,"aec074c4":39,"dd7acb96":37,"508aac3d":36,"2a06ab95":38,"30b6808c":32,"d83294cd":40,"e28c2efc":36,"d4ee22a4":33,"c38c2b52":42,"6034b6d0":40,"ffa08d82":29,"7b6a7048":32,"6490bac6":35,"c45d554f":34,"d8e58a8c":40,"810aa5e9":30,"3d1af513":35,"8323d333":31,"de11eb19":50,"82b81567":33,"92d38723":35,"5f8517b7":43,"b2a8761b":32,"21ee2afe":38,"4bc46d7a":34,"28654c76":46,"3c0df8b4":34,"7ae34c64":31,"781ace7d":37,"a502c93c":34,"124fbe96":35,"cc6bbe45":30,"719c8869":44,"5f620a1e":39,"4b4ecbce":31,"7e76c93c":30,"c7313e0a":26,"e3547548":24,"c0b0f492":34,"fe578280":31,"8e780922":39,"d6f0d94a":32,"77300e4a":29,"9267f0ef":44,"acac14fb":27,"d70ca4f4":40,"d634aa28":37,"0841052c":34,"cd3bbe7e":38,"56d315d8":29,"1e7753d9":44,"9316e7e8":17,"bb00e71c":27,"1c0a9eff":33,"88ce179e":33,"5b5fc566":32,"6841f77e":40,"11b2c8d9":30,"8063df14":34,"24d24fa3":26,"23080895":28,"a636f4c9":40,"b460f030":42,"e8d74304":32,"2198ba8e":30,"13f0e139":36,"dc583e64":29,"5623817d":39,"f1dffa24":26,"71ff66e8":21,"ce4da56f":29,"0b3283c9":31,"159ffd0b":11,"013ee301":34,"22aeaf03":36,"f277386e":30,"971675c5":36,"32c9fc47":28,"cf50e84e":33,"7af262e5":36,"d1715f3b":37,"25a7a0a3":33,"ac38a6a5":34,"dfa1a89b":35,"d2a841c9":29,"eafbf9fb":36,"5a0eb771":34,"93fdbb44":24,"a939b50b":36,"288a2c43":36,"227006e4":33,"9d9dd9e5":32,"47d27624":34,"9f5e6cba":41,"cf775f58":32,"35aa7fd0":35,"8cddb65e":39,"cb6c9e42":47,"24a9fb86":39,"bb8a6337":24,"26c390d6":31,"aa5dfdf5":38,"284544ba":40,"272c7672":39,"25a2844e":35,"831c7b85":31,"a0685bf3":39,"7fdc2007":30,"07f98660":42,"10ec5a0b":30,"2b698053":29,"cf9f4757":25,"8ac72326":33,"30b6808c":33,"b9be31d6":33,"51c57542":35,"f9f2c53f":29,"e2cbe594":29,"2ad42a9e":29,"feb67030":32,"ab7467de":42,"a0cca8b7":30,"1be05c14":25,"c4aa1e38":28,"379184a7":41,"288afc30":27,"d0c0fc08":32,"8323d333":32,"7a6aa4b6":32,"8d000d6e":25,"f069bb07":37,"383e232d":29,"ef1c2dcb":35,"d9a64845":25,"dc03ebd2":46,"4abb7aed":28,"906fdec3":31,"4bc46d7a":35,"69eeae0d":36,"65e4235b":37,"b320feb9":28,"fce3c5c6":33,"104721f0":36,"4fd645f1":25,"e32524d6":34,"696fdac5":35,"efe84c27":33,"c0b0f492":35,"6fb4cdda":34,"2045d7d6":33,"1247fa52":32,"719c8869":45,"cb51f134":38,"79f04300":32,"d70ca4f4":41,"059d6c19":43,"e62d705f":24,"58d46189":31,"430a5db5":39,"ee75b607":34,"730a4938":41,"a502c93c":35,"87c462ee":33,"bd2705b0":39,"d39724bc":40,"e356abf1":31,"71bc1295":34,"87ce8d1d":29,"be1746a0":19,"1c3a30c5":28,"481754fc":20,"87922532":33,"a0b03218":43,"1da771fb":24,"d599b566":42,"2203f259":33,"d36125db":45,"8dd649a3":30,"45fb95c1":30,"09ff339a":29,"fb44fa9c":41,"9a467a82":37,"140ce69e":37,"ccdd1ce6":26,"a63bddd4":35,"558d5ce7":37,"f5596d0f":31,"88432019":32,"6adce358":34,"77bae750":25,"12534561":23,"5a0eb771":35,"c9efc8f6":38,"789bd484":32,"227006e4":34,"b88033fd":37,"42c80e69":33,"bad1a1cc":28,"71279c46":35,"e99318a3":29,"540df50f":40,"6867261a":29,"e35a63cd":34,"478d2d4f":39,"8f10fa42":42,"6c524f99":30,"92ca52b7":35,"ec11fe5f":38,"8b5a8e9f":53,"ef14000f":35,"0841052c":35,"be40590d":31,"6bc5d32a":41,"6b9eff39":25,"0149e11a":32,"18d20aa1":28,"ded7da5a":35,"cd421290":38,"913a6226":32,"385ab7c6":34,"50c468ba":26,"ef91eaae":29,"95539a58":21,"9f74b8a4":32,"0bfabf48":35,"09f0db62":44,"578f6e9e":36,"1f88a4b7":36,"6a60348e":36,"b552beb3":27,"11888cfa":29,"e0e6a097":28,"cfe72ead":31,"d0b297b2":30,"c7c4ec5c":31,"02d4753e":40,"34658473":33,"336d0f08":34,"2c01e624":31,"aec074c4":40,"084cbc0b":38,"9fa62fee":33,"8657c79d":44,"0d2a1c58":24,"d3a669ac":42,"b28a5e67":32,"45b5746e":31,"49cb2959":32,"aa76bc50":34,"5f96c2bc":24,"83b2f9c5":32,"3f75d3bc":37,"b5ce0c0c":38,"62d1d346":32,"ba30e43a":43,"34c5c729":29,"7e76c93c":31,"e1618359":42,"0a92153e":37,"c1bdfd41":32,"1623fc9f":29,"acac14fb":28,"d815c5b4":43,"dffa7793":15,"d1d40c9c":35,"04cc7cbe":26,"24d24fa3":27,"481754fc":21,"4cc141fa":28,"12271e14":38,"a5aee5de":36,"b7df1559":38,"9fc713b0":41,"04bef50c":21,"d4d5f466":37,"4469c815":15,"315537b2":33,"f2f58418":31,"01d817b8":26,"f3d68430":39,"8547fbc2":35,"09560615":28,"a983a6dc":35,"be149c6f":34,"f2364460":37,"dc473de1":32,"394dc144":44,"e9a8cf11":27,"5a734022":29,"d1fe2868":31,"51f80f4c":43,"8ec3834d":28,"17446892":32,"77f31bab":43,"f66616b7":23,"4125085e":40,"e4117b3b":25,"1745a0f4":33,"7af262e5":37,"2a4a402a":31,"bd62d7ed":32,"7bda83dd":34,"1105f790":42,"9a07d89b":31,"ffa08d82":30,"1f11812e":31,"77300e4a":30,"d9d7c4c2":40,"db703021":32,"8e780922":40,"30dbfc69":36,"ebdbf580":34,"902f49f5":34,"059d6c19":44,"72b84094":42,"0841052c":36,"d25e0f8d":33,"79e4fa1c":26,"7cd0ad7b":36,"e1f0dbfd":34,"3b7763b1":27,"f9f2c53f":30,"25e0dd3d":36,"cc5a1d47":35,"d2466211":40,"6a5b71b4":39,"6f39f4d9":42,"c803b4a3":37,"19f9ca86":40,"8e4c33d2":34,"0be540c5":36,"b1f58563":31,"ce4da56f":30,"836701f6":30,"06ddafc7":35,"6b79fec2":27,"a24e6670":41,"3712c4bd":34,"d36125db":46,"4945c851":45,"09ff339a":30,"5678ed7b":38,"ef16ca37":29,"4ac6bd4e":31,"70c1e715":38,"0d2a1c58":25,"50c3164b":37,"0bd93cfd":28,"284544ba":41,"d744bee2":33,"2180f99b":35,"ac030e74":30,"a5fd8ffd":44,"345c9967":34,"f789f6d8":39,"d5dae4c4":35,"db8ba455":38,"fd482491":38,"313258f2":34,"b320feb9":29,"7be025ce":31,"014460b9":39,"24ffcbd3":39,"754f98c9":37,"37d0cae2":29,"8dd2684c":37,"bb99c79c":37,"36d340f2":42,"f87c5031":30,"9e206c95":44,"623c6a31":37,"0277d748":45,"74e3d13e":37,"39a2fcce":37,"162a7348":32,"36684155":36,"9ceb5439":26,"bfcb912a":37,"4b125e7b":34,"e0e6a097":29,"761cf820":27,"f1862e79":29,"34658473":34,"2e99f8fd":28,"aa00769b":45,"a0bc1ceb":30,"458dcc3d":31,"99d130c9":44,"67d30f2b":38,"ad2d7bed":32,"7735c3c2":23,"ea4d3f3e":38,"2882a956":34,"9a07d89b":32,"e35a63cd":35,"a66a2d8a":30,"c1bb74f2":36,"1bc0591f":36,"25a2844e":36,"b87158fb":39,"4fd645f1":26,"06ee61b6":32,"5ab7bc35":34,"d548635d":36,"b7505747":41,"80a8a56d":36,"ab7d4c9a":37,"110b1ee3":40,"c5b35e4d":33,"902f49f5":35,"1a68160d":34,"7a9344a4":32,"93683c82":35,"30fdcd3b":33,"58d46189":32,"4360a1a3":35,"77898c22":29,"9a80f004":33,"c455f40e":23,"51c57542":36,"4eed1bea":40,"9d0546ac":35,"f734c84c":38,"053f3451":32,"7218c9f1":27,"d4ee22a4":34,"ef14000f":36,"0d28db94":28,"40860a4b":27,"97e75c19":40,"cb6c9e42":48,"ed4fad08":35,"725dce8b":33,"0670c466":35,"8a52882e":39,"6df0b2e8":50,"fd07e0ed":30,"b5763ff6":34,"aec074c4":41,"f4726450":32,"ef1c2dcb":36,"730338c4":42,"a625328f":35,"6034b6d0":41,"04612878":35,"6be9332a":36,"3f2522c2":36,"eed20185":35,"2d1e1e9d":27,"3e082b37":34,"28d41578":25,"d599b566":43,"820225e4":24,"0be540c5":37,"6085137f":18,"6ce84ff8":33,"4945c851":46,"5781776a":30,"54a676d6":33,"3310a049":44,"c7ab83c1":31,"e28c2efc":37,"345c9967":35,"d9a64845":26,"71ba7561":28,"5f0c1b9d":43,"db8ba455":39,"a15713c6":52,"1d44aff3":36,"315537b2":34,"eeaa2d46":34,"3661e12d":34,"3f65f121":32,"be4f8ba8":30,"172217e5":36,"fd6dcb20":26,"725dce8b":34,"31d74eee":30,"9b3f8714":32,"f4b2f575":27,"b230e8d3":35,"35aa7fd0":36,"25d1b2d8":36,"0681c48e":38,"6585adbe":23,"332820ce":35,"92d38723":36,"608bc832":28,"2e99f8fd":29,"7ae3fc50":35,"34658473":35,"a543ec74":38,"37d0cae2":30,"677c6a09":48,"bb00e71c":28,"4652b09a":35,"00cf385d":41,"a502c93c":36,"9cb4697f":39,"fee32863":33,"2bcca6a7":41,"d141db49":28,"08a06557":48,"d9d7c4c2":41,"0f029727":30,"a836aa93":30,"0da28f5b":33,"259930ee":37,"4577b333":33,"3498f223":28,"a4296d1e":38,"f8b31ce5":43,"c4feee5b":32,"d34a29b9":36,"751acea8":36,"4e3f5178":35,"7cd0ad7b":37,"5cd3cfe0":29,"381c68fa":38,"d70ca4f4":42,"3b690f68":38,"6f81493d":40,"f734c84c":39,"70594a28":34,"f9f2c53f":31,"6bc5d32a":42,"daab45c6":33,"ab7467de":43,"2209903e":37,"30c184b8":28,"20958d58":31,"7bda83dd":35,"25a2844e":37,"c1bb74f2":37,"50c468ba":27,"1a0189c4":33,"a9b1bd51":23,"7af9d3b1":28,"f2364460":38,"a6003226":35,"23760167":29,"af0b61ab":40,"b7832271":28,"6a3eaf43":31,"730338c4":43,"ef1c2dcb":37,"aec074c4":42,"835358a0":28,"056ea7ff":34,"869cbaa0":37,"27c8e038":34,"a0bc1ceb":31,"812b4f15":35,"1c3a30c5":29,"742f1425":35,"e6fac295":31,"013ee301":35,"263762cb":34,"06ddafc7":36,"b1f58563":32,"ce4da56f":31,"f6fe095d":44,"b2703001":29,"1951480c":36,"71ff66e8":22,"11888cfa":30,"2203f259":34,"26009d3f":34,"2c5c1dc0":32,"d36125db":47,"2b698053":30,"43d87483":30,"c803b4a3":38,"d2466211":41,"ef8987d7":44,"45b5746e":32,"95904ac4":42,"c91966ce":24,"da04caac":35,"313258f2":35,"42cd2360":32,"ef8321d8":34,"bb99c79c":38,"53a8613c":35,"a77e8461":27,"0277d748":46,"d1715f3b":38,"21ee2afe":39,"e4714415":36,"d6d61bfc":45,"36fb15d2":26,"02d4753e":41,"6f0fcb9d":39,"7a2f3f06":31,"31f6d707":37,"4ea4a2a1":42,"8323d333":33,"0d770b97":46,"04cc7cbe":27,"935ec056":27,"d929098e":24,"6c20c153":33,"11b74e63":29,"5b5fc566":33,"2045d7d6":34,"719c8869":46,"5f620a1e":40,"ea6de194":27,"805af3c7":33,"dcf85091":31,"d9f512b9":41,"e0154608":20,"ce3bf5db":33,"f3992a31":38,"f598a332":43,"79f04300":33,"b3863630":30,"c2bb8aae":31,"cb51f134":39,"94a2fe10":42,"cd3bbe7e":39,"5272520d":37,"142d6987":39,"9316e7e8":18,"902f49f5":36,"70594a28":35,"85de05f2":27,"a0cca8b7":31,"20777945":35,"4e5aaaec":22,"7b6a7048":33,"f4343817":34,"1105f790":43,"fef750ca":38,"05f6ab35":32,"eb2e1983":37,"8007f30e":24,"fe8f3d36":32,"b102f7bd":42,"3c18f28e":33,"e15fd611":32,"254cc28c":35,"42c80e69":34,"0670c466":36,"a47abfbb":30,"789bd484":33,"f94bf9ea":31,"540df50f":41,"0f1ac912":22,"bda8cdfb":34,"2b3e4717":34,"778c95e9":30,"f271ed5d":27,"9fa62fee":34,"2d54e0a8":30,"7db3edda":40,"b7832271":29,"0bd93cfd":29,"12a2cd4b":39,"23080895":29,"b460f030":43,"6ebe2354":26,"baebb391":43,"812b4f15":36,"a0bc1ceb":32,"60e855ee":34,"45fb95c1":31,"8aa78e2f":31,"6085137f":19,"095ab3b4":28,"cf50e84e":34,"c95719e5":25,"1438fad7":35,"5410e9c6":37,"8298e976":41,"8274885a":33,"d36125db":48,"a3d4a0e5":45,"3c43e8a2":42,"9fce073c":42,"abd32136":34,"c38c2b52":43,"50c468ba":28,"e57d5cda":46,"ffa08d82":31,"053f3451":33,"91f7ef72":33,"0a1d11e6":32,"71ba7561":29,"61145ec9":47,"00a481e3":33,"08a561b7":24,"dd035d2a":31,"30dd2edc":31,"fd6dcb20":27,"f5596d0f":32,"88432019":33,"2cb29e5a":38,"792c9b6a":31,"336d0f08":35,"d0c0fc08":33,"92d38723":37,"d33790a2":35,"ea274174":33,"408bb2ed":24,"935ec056":28,"d39724bc":41,"2882a956":35,"f56ac638":30,"ae99df30":32,"6b82b527":30,"6ee92259":36,"3fdb08f5":33,"a81a857c":31,"04ea5673":38,"4def63ee":27,"d9d7c4c2":42,"fce3c5c6":34,"c21ab51e":26,"28d40296":29,"9f2b16a7":29,"34c5c729":30,"0dad37d5":33,"d34a29b9":37,"467773ac":30,"6b78ad7f":42,"e62d705f":25,"26ed1a5c":34,"f121b82c":36,"94a2fe10":43,"19e9776f":35,"0c043224":41,"58d46189":33,"4e5aaaec":23,"8f9b74b0":28,"e21c6207":28,"201cafad":23,"ba5c52af":31,"8007f30e":25,"20958d58":32,"9d023afb":39,"fead11cf":34,"dd3913d2":32,"2bcca6a7":42,"48655f09":46,"ae8a09c4":38,"23080895":30,"eed20185":36,"03c398d2":31,"baebb391":44,"3e602573":25,"868edcc0":37,"2d1e1e9d":28,"69f3bfcc":38,"7ee148e9":32,"25635c37":32,"a24e6670":42,"6ce84ff8":34,"4945c851":47,"d599b566":44,"6a60348e":37,"4ff2225d":29,"c95719e5":26,"39bbc4bc":52,"578f6e9e":37,"eafbf9fb":37,"172217e5":37,"13747b82":34,"03b4ab60":33,"c4bff41f":25,"31d74eee":31,"2b3e4717":35,"40860a4b":28,"74e3d13e":38,"a9b1bd51":24,"24a9fb86":40,"47d27624":35,"ccf8b803":33,"6df0b2e8":51,"91d52a55":34,"50d129cf":31,"d0d6acb1":34,"70bc8325":35,"3c6692a3":38,"84b767be":40,"98915a1f":25,"fb7482fe":30,"dd7acb96":38,"abd32136":35,"8fb236a9":35,"f7231212":35,"cb142908":33,"d2466211":42,"619fda68":32,"faf4f98b":32,"805534ac":31,"c8dc010f":38,"ccb5ea3e":23,"d8e58a8c":41,"95904ac4":43,"61145ec9":48,"83b2f9c5":33,"1d44aff3":37,"781ace7d":38,"731fc335":25,"9de29816":31,"1d153b20":26,"7a2f3f06":32,"92d38723":38,"7a6aa4b6":33,"1ff8c2fc":37,"ea274174":34,"a533489b":38,"8323d333":34,"4652b09a":36,"87c462ee":34,"7ee7621c":29,"d6f0d94a":33,"c0b0f492":36,"e5d3655c":40,"fce3c5c6":35,"75ffea08":32,"57167c74":31,"b3863630":31,"c7313e0a":27,"44c77422":38,"f598a332":44,"9b172ca8":33,"f33c0140":32,"168e75d9":27,"f2086446":37,"19e9776f":36,"0c043224":42,"3b690f68":39,"9d4da635":28,"6e24d88b":34,"7a9344a4":33,"d0c104c4":27,"6841f77e":41,"d4d5f466":38,"6b82b527":31,"b0869206":41,"20958d58":33,"478d2d4f":40,"062179c1":32,"6c524f99":31,"01cd8099":34,"9c58dd76":38,"24d24fa3":28,"6ebe2354":27,"bc392d1c":26,"d8475b95":31,"ad8f85d6":32,"1138796e":33,"45fb95c1":32,"004f1ef3":40,"25635c37":33,"69f3bfcc":39,"b2703001":30,"42191b64":30,"e238f09b":31,"b552beb3":28,"19f9ca86":41,"489a39f7":27,"8274885a":34,"59431390":37,"71ff66e8":23,"ba5c52af":32,"36d340f2":43,"558d5ce7":38,"bc021def":41,"8dd2684c":38,"175bc6b2":30,"13747b82":35,"6df0b2e8":52,"91d52a55":35,"42c80e69":35,"39a2fcce":38,"66d94227":26,"47cfba38":29,"0ecfa1c9":33,"c6c85783":33,"bad1a1cc":29,"57d5dee8":32,"5a734022":30,"9ceb5439":27,"25d1b2d8":37,"fd369c21":40,"5a07fc2e":36,"50c3164b":38,"9147702f":30,"8007f30e":26,"cfafcda8":32,"4d9b0b10":30,"9496f56f":38,"d83294cd":41,"6a5b71b4":40,"95539a58":22,"4f59a322":35,"ba938220":33,"c45d554f":35,"8f9b74b0":29,"ecfa8249":34,"9d0546ac":36,"e1f0dbfd":35,"26dd2000":33,"0a96f57a":45,"a901627e":29,"4abb7aed":29,"3101354b":26,"2e99f8fd":30,"408bb2ed":25,"82b81567":34,"c7c4ec5c":32,"1bd5b20b":30,"9263c525":32,"4f5e3e7d":33,"a15713c6":53,"d1ca5d6b":41,"eb7b4e29":27,"7db3edda":41,"a5fd8ffd":45,"e865e4dd":41,"52eca0dc":36,"cc6bbe45":31,"49b358bd":36,"2af60749":38,"75ffea08":33,"9f2b16a7":30,"b5ce0c0c":39,"c015ec5a":31,"3498f223":29,"ffc86f94":33,"c5b35e4d":34,"cb51f134":40,"655954ba":35,"168e75d9":28,"d033db8d":31,"145c7559":34,"9d4da635":29,"20e470e0":31,"4360a1a3":36,"6ee92259":37,"20811ddf":32,"bf30a08f":42,"7ee7621c":30,"7735c3c2":24,"6b82b527":32
1604737457702,"ae99df30":33,"792cfcbd":28,"b2bd8fd3":32,"458dcc3d":32,"23080895":31,"6be9332a":37,"bc392d1c":27,"17807120":36,"f5829ac0":32,"e7e82473":39,"0d2c95fe":34,"868edcc0":38,"e7773397":33,"2cce4fb2":38,"5623817d":40,"de36827b":41,"317c1591":28,"05642105":35,"1da771fb":25,"26f99a1e":33,"6085137f":20,"9a3cc55d":25,"fef750ca":39,"4d35385e":27,"d3e84616":36,"53a8613c":36,"6143f39d":33,"8dd2684c":39,"18815a1b":30,"416a9e97":36,"c93c3508":25,"71279c46":36,"99e171db":32,"c9efc8f6":39,"8ec3834d":29,"b230e8d3":36,"77f31bab":44,"e9a8cf11":28,"5774ac0d":40,"5957df9e":35,"4125085e":41,"8a52882e":40,"37fbb107":33,"90d52475":31,"a66a2d8a":31,"d78dd457":27,"25a2844e":38,"a59a8290":32,"733c86f8":30,"831c7b85":32,"ae95f2ba":34,"f7231212":36,"655941a0":45,"f1b493de":37,"467773ac":31,"27d8bf51":43,"e2a7d915":35,"25e0dd3d":37,"ccb5ea3e":24,"efd23af5":39,"7bebff03":32,"8ea21393":36,"43d87483":31,"7566fdd6":32,"ba938220":34,"4930f321":27,"6f39f4d9":43,"608bc832":29,"cfe72ead":32,"9e878ec2":39,"8d000d6e":26,"1ff8c2fc":38,"d0e9a58e":31,"b35e9e1a":50,"2c01e624":32,"7028b044":31,"6a3eaf43":32,"88b3bc99":31,"2a06ab95":39,"2c627253":27,"72d7b461":31,"a5676c24":33,"8db5a165":24,"95904ac4":44,"61145ec9":49,"f905a555":32,"7c0a2db6":42,"83b2f9c5":34,"57167c74":32,"ca7d47f7":44,"b320feb9":30,"7e76c93c":32,"7be025ce":32,"ea6de194":28,"53431634":41,"1247fa52":33,"4c39240e":34,"c382f054":29,"0dad37d5":34,"efe84c27":34,"c85a0d80":33,"5e193fc8":39,"04cc7cbe":28,"04bef50c":22,"d1d40c9c":36,"bf30a08f":43,"7fef9973":43,"677c6a09":49,"91b28f83":39,"73b15e04":33,"cf52025e":26,"481754fc":22,"a543ec74":39,"c27969ec":31,"a636f4c9":41,"cac4449a":28,"bab97de3":43,"07fc4a9a":30,"e36dfd6f":30,"411b5027":38,"437fc3ec":36,"546f6845":35,"25a7a0a3":34,"6d339d45":37,"6143f39d":34,"eafbf9fb":38,"1d153b20":27,"a63bddd4":36,"b230e8d3":37,"a6003226":36,"12534561":24,"0670c466":37,"815e4582":36,"2ab62345":31,"9d9dd9e5":33,"13747b82":36,"1634789b":42,"deb31f35":37,"7e15f8e8":40,"bb8a6337":25,"650bb0e0":40,"90d52475":32,"c510bfd3":36,"1105f790":44,"f2e3c0e3":30,"70ee0491":28,"30c184b8":29,"6a7392d5":29,"50b558a7":30,"467773ac":32,"66b7b5b4":25,"751acea8":37,"40a745c0":33,"94a2fe10":44,"381c68fa":39,"c8977844":35,"2ad42a9e":30,"25e0dd3d":38,"40e79dd3":37,"18d20aa1":29,"2b3c49b9":38,"8ea21393":37,"7b6a7048":34,"6f39f4d9":44,"621d6b18":39,"95539a58":23,"c803b4a3":39,"4f59a322":36,"ad303bda":40,"faf4f98b":33,"5410e9c6":38,"4b3e3b1c":35,"3f2522c2":37,"88a30343":39,"e238f09b":32,"bbe71605":25,"3a204e56":36,"dc583e64":30,"095ab3b4":29,"06073f13":40,"fe0df575":37,"d1ca5d6b":42,"2f455cce":24,"6751d8e4":42,"2180f99b":36,"aa5dfdf5":39,"50c3164b":39,"d3a669ac":43,"810aa5e9":31,"906fdec3":32,"3a291497":29,"6023df54":28,"71e53c93":39,"2c6cb96f":27,"195eb771":33,"014460b9":40,"a81a857c":32,"24ffcbd3":40,"88fa53d6":27,"868cda42":25,"e0154608":21,"5ab7bc35":35,"b3863630":32,"08a06557":49,"d815c5b4":44,"abad2347":29,"5eab91a0":39,"408bb2ed":26,"cd95f558":36,"b8397293":33,"fa55f27a":44,"db0a661e":39,"812b4f15":37,"03dcfa3d":35,"9fc713b0":42,"67d30f2b":39,"04cc7cbe":29,"cb4f262b":44,"d929098e":25,"8547fbc2":36,"15620dca":36,"140ce69e":38,"9c045c61":38,"7080f122":27,"30dd2edc":32,"945b63f0":55,"6e98dfda":45,"03b4ab60":34,"394dc144":45,"31f6ba51":37,"842c8340":25,"9f5e6cba":42,"e4714415":37,"0670c466":38,"031e488e":38,"90d52475":33,"84369269":30,"5774ac0d":41,"c64de0c0":28,"25d1b2d8":38,"eebc8d43":31,"478d2d4f":41,"6c486702":40,"b102f7bd":43,"f5e8dfee":39,"55928ef1":39,"754f98c9":38,"7f86be64":39,"1247fa52":34,"8e780922":41,"f76a3e83":43,"cc11fef9":35,"8942c35b":33,"d634aa28":38,"66497c7e":28,"430a5db5":40,"4ee62a26":29,"0d5ee801":31,"bc09fa9e":30,"e2a7d915":36,"4e5aaaec":24,"18d20aa1":30,"2b3c49b9":39,"fb8bfb36":44,"261c9911":38,"9d023afb":40,"ffa08d82":32,"76f94eda":34,"d7cb9bcf":28,"87083264":41,"7a840529":20,"baebb391":45,"159ffd0b":12,"9c58dd76":39,"8aa78e2f":32,"dd1fcb17":36,"1db42092":43,"d599b566":45,"4b4ef7fa":39,"c95719e5":27,"e8f173b5":31,"1438fad7":36,"9a3cc55d":26,"2203f259":35,"26009d3f":35,"6b79fec2":28,"de36827b":42,"dc583e64":31,"fb7b7b3c":46,"ef91eaae":30,"3c6692a3":39,"0fc5ac7e":45,"fd07e0ed":31,"1f7607df":21,"272c7672":40,"b7832271":30,"fd369c21":41,"d83294cd":42,"65e4235b":38,"69eeae0d":37,"195eb771":34,"b320feb9":31,"75ffea08":34,"a5676c24":34,"906fdec3":33,"95904ac4":45,"00a481e3":34,"1b153aef":37,"8245f916":35,"8493f3b2":45,"00554ffd":44,"608bc832":30,"4f5e3e7d":34,"2e99f8fd":31,"f1098793":39,"124fbe96":36,"6841f77e":42,"bc021def":42,"08c6b5d2":29,"6d339d45":38,"a77e8461":28,"ac38a6a5":35,"8547fbc2":37,"1d153b20":28,"c81b2bcf":28,"03b4ab60":35,"254cc28c":36,"31f6ba51":38,"842c8340":26,"2132fe93":40,"6df0b2e8":53,"5d087c79":33,"a9b1bd51":25,"8cddb65e":40,"37fbb107":34,"162a7348":33,"794f652b":28,"7af9d3b1":29,"bf30a08f":44,"16b476e9":30,"6ee92259":38,"fea793f5":35,"2bcca6a7":43,"4258c176":34,"05f6ab35":33,"6c486702":41,"30c5d755":40,"24ffcbd3":41,"90a06ee9":37,"719c8869":47,"1a2c020b":39,"f8b31ce5":44,"fe578280":32,"e786063b":32,"0da28f5b":34,"53431634":42,"3498f223":30,"66b7b5b4":26,"9b742f71":35,"4279e829":40,"30dbfc69":37,"4ee62a26":30,"bb98a6cf":40,"c3e6ef01":46,"6f81493d":41,"77898c22":30,"07107f6e":36,"79e4fa1c":27,"25e0dd3d":39,"597c1f81":27,"3c6692a3":40,"2f455cce":25,"0d2a1c58":26,"ef1c2dcb":38,"84b767be":41,"a6626a13":25,"f069bb07":38,"7fdc2007":31,"dfcc2ad1":31,"9c29f0ed":43,"afe8e06a":29,"385ab7c6":35,"056ea7ff":35,"d78dd457":28,"a0b03218":44,"a636f4c9":42,"c609739e":38,"8cf83787":31,"a43061ee":33,"dfc89705":31,"54a676d6":34,"5781776a":31,"03c398d2":32,"de36827b":43,"fb7b7b3c":47,"ce4da56f":32,"8b2b601d":35,"e238f09b":33,"fb44fa9c":42,"a40846b7":47,"bbe71605":26,"363590c7":29,"8274885a":35,"8dc9b4db":37,"30b6808c":34,"c38c2b52":44,"a85d89cc":38,"42cd2360":33,"7ae34c64":32,"e865e4dd":42,"6023df54":29,"810aa5e9":32,"d5dae4c4":36,"dd035d2a":32,"3007f31f":27,"da3437cd":26,"0149e11a":33,"7be025ce":33,"aab4d996":36,"868cda42":26,"50312237":36,"408bb2ed":27,"761cf820":28,"336d0f08":36,"67f6e4f2":32,"332820ce":36,"a533489b":39,"eeaa2d46":35,"f2ca27d9":29,"30dd2edc":33,"5957df9e":36,"1d153b20":29,"bd2705b0":40,"20811ddf":33,"1a442bc7":31,"7fef9973":44,"7735c3c2":25,"6b82b527":33,"124fbe96":37,"0042f6eb":49,"dfcc2ad1":32,"e35a63cd":36,"4577b333":34,"c7313e0a":28,"57167c74":33,"1a2c020b":40,"0f029727":31,"f121b82c":37,"04ea5673":39,"cb51f134":41,"696fdac5":36,"9267f0ef":45,"2e3503e4":34,"430a5db5":41,"cd3bbe7e":40,"ca6d2d91":39,"40a745c0":34,"5cd3cfe0":30,"0d5ee801":32,"26ed1a5c":35,"f734c84c":40,"77898c22":31,"7d112f4d":34,"e21c6207":29,"debe1f65":41,"ded7da5a":36,"b6ee137a":35,"6c524f99":32,"20958d58":34,"78b97937":31,"50b558a7":31,"946df4fd":33,"2d1e1e9d":29,"6ebe2354":28,"0114160e":33,"0be540c5":38,"03dcfa3d":36,"d6db2b02":41,"12271e14":39,"263762cb":35,"2203f259":36,"bbe71605":27,"468fc85c":38,"5781776a":32,"26009d3f":36,"9c58dd76":40,"09ff339a":31,"a4dafea5":26,"0f72f2d8":30,"5099c6a0":48,"1951480c":37,"6ce84ff8":35,"b35bb8a1":29,"01d817b8":27,"77bae750":26,"d6d61bfc":46,"18815a1b":31,"d5557fb4":38,"0ecfa1c9":34,"fd6dcb20":28,"e4714415":38,"bc3dc66a":30,"0670c466":39,"64db4feb":37,"bad1a1cc":30,"5a734022":31,"789bd484":34,"99e171db":33,"26c390d6":32,"22234d6b":33,"508aac3d":37,"a6626a13":26,"50c3164b":40,"fd369c21":42,"911e770b":25,"9c29f0ed":44,"cf9f4757":26,"e28c2efc":38,"6a5b71b4":41,"f1df62b4":31,"c8113b77":30,"4d9b0b10":31,"2c6cb96f":28,"c91966ce":25,"4bc46d7a":36,"4abb7aed":30,"fe44fc6f":39,"8a165e17":37,"d9d0c567":29,"4ba6eb36":34,"0cb80f4a":33,"b2a8761b":33,"67f6e4f2":33,"b35e9e1a":51,"1bd5b20b":31,"b8397293":34,"6cba74ce":39,"bc021def":43,"315537b2":35,"546f6845":36,"88432019":34,"22ecaed0":31,"f87c5031":31,"79be29c8":32,"ba586505":34,"7f6d1d0e":37,"a6b5e869":35,"7735c3c2":26,"ea4d3f3e":39,"bb00e71c":29,"e1571af7":38,"e32524d6":35,"a81a857c":33,"75ffea08":35,"2af60749":39,"ce3bf5db":34,"704bce0d":37,"dac109cf":39,"69134f07":35,"b215547b":28,"1247fa52":35,"c0fea118":30,"168e75d9":29,"3b690f68":40,"754f98c9":39,"7cd0ad7b":38,"ca6d2d91":40,"9d4da635":30,"93683c82":36,"d0c104c4":28,"d033db8d":32,"913a6226":33,"4dac6b20":34,"7d112f4d":35,"3b7763b1":28,"6bc5d32a":43,"6490bac6":36,"07107f6e":37,"7af262e5":38,"dc0c8b09":40,"a59a8290":33,"78b97937":32,"25a2844e":39,"064a99c8":33,"b6aaf976":41,"458dcc3d":33,"2d1e1e9d":30,"cf52025e":27,"1438fad7":37,"4febf7c5":40,"90731976":31,"a3d4a0e5":46,"bad6cdb1":29,"28d41578":26,"a636f4c9":43,"3712c4bd":35,"8d753bb6":28,"6b79fec2":29,"b1f58563":33,"e81834aa":34,"25635c37":34,"971675c5":37,"e45b4b53":29,"3a204e56":37,"13b53c7a":33,"92ca52b7":36,"44a4f7cd":28,"68562193":28,"48efc739":44,"51f80f4c":44,"5d087c79":34,"aa9ea5e8":30,"e4714415":39,"1d790491":37,"60d6cee2":36,"ce3407dd":30,"5957df9e":37,"288a2c43":37,"6adce358":35,"bfcb912a":38,"a625328f":36,"50c3164b":41,"cbb54a0a":33,"22234d6b":34,"7db3edda":42,"2180f99b":37,"6e851762":38,"ffa08d82":33,"76f94eda":35,"8ac72326":34,"8fb236a9":36,"753ca352":24,"2b698053":31,"ba938220":35,"8db5a165":25,"83b2f9c5":35,"810aa5e9":33,"7c0a2db6":43,"91f7ef72":34,"3f75d3bc":38,"abc1d7ad":38,"fe0df575":38,"00554ffd":45,"06073f13":41,"379184a7":42,"288afc30":28,"0ac825ed":32,"7a6aa4b6":34,"3454fa2b":34,"865d9857":32,"18815a1b":32,"a502c93c":37,"5eab91a0":40,"e4117b3b":26,"1757a30e":24,"7ee7621c":31,"bd2705b0":41,"e356abf1":32,"fbdffc95":30,"57167c74":34,"7043382d":34,"ea6de194":29,"e786063b":33,"d9f512b9":42,"4def63ee":28,"a4296d1e":39,"e9679ede":28,"dbc9df44":32,"0dad37d5":35,"c85a0d80":34,"c7313e0a":29,"d34a29b9":38,"dbd2f139":40,"7a9344a4":34,"30dbfc69":38,"6e24d88b":35,"4ee62a26":31,"0841052c":37,"059d6c19":45,"3007f31f":28,"f734c84c":41,"a851554d":40,"5c82d1ce":29,"2209903e":38,"4295ce9a":38,"ccb5ea3e":25,"a0685bf3":40,"ec11fe5f":39,"1bc0591f":37,"b460f030":44,"ce4da56f":33,"74e01f6a":37,"e8f173b5":32,"ad8f85d6":33,"d36125db":49,"12a2cd4b":40,"88a30343":40,"1f88a4b7":37,"c6e3d352":33,"a5aee5de":37,"95f6db13":26,"8274885a":36,"aa00769b":46,"f5cd79c1":32,"4b3e3b1c":36,"3f2522c2":38,"42191b64":31,"26f99a1e":34,"25635c37":35,"c7ab83c1":32,"9d023afb":41,"1745a0f4":34,"f5596d0f":33,"eafbf9fb":39,"bb99c79c":39,"416a9e97":37,"4ed01268":34,"8ec3834d":30,"a939b50b":37,"7af9d3b1":30,"f4b2f575":28,"aec4e1bf":41,"842c8340":27,"3a1d1632":22,"47cfba38":30,"cb6c9e42":49,"44a4f7cd":29,"9f5e6cba":43,"13747b82":37,"8d04852b":34,"2d13e69b":36,"b7832271":31,"911e770b":26,"70c1e715":39,"e58b26f6":32,"2180f99b":38,"22234d6b":35,"f67de058":29,"b102f7bd":44,"07f98660":43,"629800eb":39,"abd32136":36,"d83294cd":43,"7566fdd6":33,"4f59a322":37,"385ab7c6":36,"a901627e":30,"012de09c":27,"6e44927f":26,"781ace7d":39,"5f8517b7":44,"9260d96b":41,"408bb2ed":28,"1ff8c2fc":39,"d102b0c6":28,"06073f13":42,"36fb15d2":27,"28654c76":47,"56473430":34,"5f0c1b9d":44,"7ee7621c":32,"abad2347":30,"8bc04eb5":27,"2882a956":36,"935ec056":29,"e0e48a2d":34,"e4c312fe":28,"719c8869":48,"2154b6e8":30,"65a00a3c":33,"4c39240e":35,"e3547548":25,"c7636527":33,"49b358bd":37,"c85a0d80":35,"90a06ee9":38,"fe578280":33,"c0fea118":31,"69d4b754":34,"80a8a56d":37,"f76a3e83":44,"19e9776f":37,"bb98a6cf":41,"7a9344a4":35,"0c0e98ea":33,"9316e7e8":19,"d634aa28":39,"a68a93b2":29,"70594a28":36,"e21c6207":30,"0a96f57a":46,"b460f030":45,"be1746a0":20,"6291e9e9":35,"73b15e04":34,"cf50e84e":35,"4febf7c5":41,"de36827b":44,"cbad3b92":40,"f277386e":31,"dd1fcb17":37,"a43061ee":34,"71ff66e8":24,"b2703001":31,"1da771fb":26,"5678ed7b":39,"5410e9c6":39,"8d753bb6":29,"eda6a690":33,"6b79fec2":30,"f2470875":35,"c7ab83c1":33,"dc0c8b09":41,"afe8e06a":30,"12dd6f5e":31,"1d153b20":30,"be4f8ba8":31,"affb82bf":32,"fd6dcb20":29,"4d35385e":28,"416a9e97":38,"394dc144":46,"254cc28c":37,"725dce8b":35,"6867261a":30,"527ff946":39,"3a1d1632":23,"90d52475":34,"bb8a6337":26,"d957f027":26,"f2364460":39,"540df50f":42,"b88033fd":38,"8d04852b":35,"e9a8cf11":29,"26c390d6":33,"70c1e715":40,"92efd84f":28,"88b3bc99":32,"284544ba":42,"8721056e":25,"19551bad":29,"55928ef1":40,"5f4102da":37,"d78dd457":29,"e4cfef0a":26,"597c1f81":28,"d5059415":39,"20777945":36,"79e4fa1c":28,"debe1f65":42,"547903ef":37,"629800eb":40,"10ec5a0b":31,"4930f321":28,"faf4f98b":34,"4abb7aed":31,"b2a8761b":34,"7a2f3f06":33,"7a6aa4b6":35,"e0e6a097":30,"82b81567":35,"3a1b9af5":29,"b7407bd3":35,"3c6692a3":41,"c793cdda":32,"313258f2":36,"3c0df8b4":35,"6023df54":30,"fd482491":39,"45b5746e":33,"b2cfdbcf":32,"bec9d329":36,"16b476e9":31,"79be29c8":33,"3b2dee89":34,"ba586505":35,"51a3e9c2":37,"a81a857c":34,"aab4d996":37,"30c5d755":41,"c4e70c07":29,"08a06557":50,"3bad3c95":23,"2045d7d6":35,"501db4de":35,"d34a29b9":39,"1a68160d":35,"b2c25d1c":37,"53431634":43,"9b742f71":36,"655954ba":36,"30d84dce":33,"a8726d50":33,"751bcf25":27,"dae0f922":39,"1e191c98":30,"cb4f262b":45,"a0b03218":45,"2c24d929":41,"5678ed7b":40,"4b4ef7fa":40,"7732eb1e":45,"12271e14":40,"e7e82473":40,"1c3a30c5":30,"013ee301":36,"263762cb":36,"13f0e139":37,"1db42092":44,"312f7676":31,"59431390":38,"d82592f4":34,"d1676e89":34,"88a30343":41,"27f52ed3":46,"f2f58418":32,"315537b2":36,"f87c5031":32,"558d5ce7":39,"1d153b20":31,"2cb29e5a":39,"9de29816":32,"0f1ac912":23,"4ed01268":35,"9b3f8714":33,"c6c85783":34,"68562193":29,"a1370ab0":39,"5957df9e":38,"84369269":31,"40860a4b":29,"76f3a3be":33,"faf3ed07":38,"8cddb65e":41,"ce3407dd":31,"6df0b2e8":54,"6c486702":42,"478d2d4f":42,"11b2c8d9":31,"062179c1":33,"0f89862c":29,"25a2844e":40,"6a7392d5":30,"053f3451":34,"c3e6ef01":47,"f9f2c53f":32,"66b7b5b4":27,"25e0dd3d":40,"5fa12feb":35,"7e8e1c3d":36,"e1f0dbfd":36,"5a622a23":37,"ab7467de":44,"4d9b0b10":32,"a06a6430":29,"ffa08d82":34,"87cd2add":30,"abd32136":37,"6034b6d0":42,"c564e316":34,"836701f6":31,"eda6a690":34,"06073f13":43,"336d0f08":37,"761cf820":29,"c7c4ec5c":33,"332820ce":37,"2e99f8fd":32,"7e991ab9":30,"2f455cce":26,"d1ca5d6b":43,"88b3bc99":33,"0d2a1c58":27,"284544ba":43,"8cd78f77":41,"3101354b":27,"6e44927f":27,"b2cfdbcf":33,"d8e58a8c":42,"fafb4cc2":46,"56473430":35,"00a481e3":35,"6ee92259":39,"e1571af7":39,"f8b31ce5":45,"df2b4d87":41,"e5d3655c":41,"a81a857c":35,"2045d7d6":36,"4577b333":35,"704bce0d":38,"9b172ca8":34,"972f4174":39,"79f04300":34,"77300e4a":31,"b2c25d1c":38,"288d171f":32,"cf1124db":33,"6c20c153":34
1604737458547,"379184a7":43,"2198ba8e":31,"56752a4a":32,"dd1fcb17":38,"8cf83787":32,"0be540c5":39,"cac4449a":29,"e8d74304":33,"2cce4fb2":39,"a58bf525":32,"4945c851":48,"24d24fa3":29,"312f7676":32,"6d802fa2":36,"23080895":32,"5270f158":34,"1438fad7":38,"17b08923":31,"a77e127d":23,"09f0db62":45,"fe1d4419":39,"3a204e56":38,"315537b2":37,"d3e84616":37,"ccdd1ce6":27,"3f65f121":33,"140ce69e":39,"f2ca27d9":30,"09560615":29,"bf822e33":30,"35aa7fd0":37,"b88033fd":39,"a47abfbb":31,"a939b50b":38,"1a0189c4":34,"7af9d3b1":31,"a1370ab0":40,"cf775f58":33,"3a1b9af5":30,"9e878ec2":40,"b35e9e1a":52,"34658473":36,"608bc832":31,"40569362":35,"b2a8761b":35,"dc473de1":33,"650bb0e0":41,"c81b2bcf":29,"e4714415":40,"c64de0c0":29,"9147702f":31,"2d13e69b":37,"8657c79d":45,"88b3bc99":34,"e58b26f6":33,"4bcd4a30":48,"730338c4":44,"c6e3d352":34,"468fc85c":39,"88a30343":42,"01cd8099":35,"e36dfd6f":31,"b2bd8fd3":33,"411b5027":39,"0d2c95fe":35,"a0bc1ceb":33,"f2470875":36,"be1746a0":21,"ea4d3f3e":40,"f56ac638":31,"7735c3c2":27,"7f6d1d0e":38,"1c0a9eff":34,"bbe71605":28,"8e4c33d2":35,"cac4449a":30,"eda6a690":35,"489a39f7":28,"016953e4":37,"cf84fb54":40,"5410e9c6":40,"1da771fb":27,"a58bf525":33,"ddec9e54":31,"7a9344a4":36,"8db62558":35,"906632cb":28,"dae0f922":40,"9316e7e8":20,"72b84094":43,"ecfa8249":35,"2ad42a9e":31,"20777945":37,"07107f6e":38,"c650b434":39,"44ff8baa":28,"172217e5":38,"be4f8ba8":32,"6d339d45":39,"51f57142":37,"22ecaed0":32,"558d5ce7":40,"416a9e97":39,"97e75c19":41,"379184a7":44,"db0a661e":40,"3652bd66":32,"b87158fb":40,"b8488fc8":30,"2352c8ef":30,"7af262e5":39,"dd3913d2":33,"20958d58":35,"a0685bf3":41,"f7231212":37,"67c57de4":52,"a85d89cc":39,"4d9b0b10":33,"7fb4c521":35,"8493f3b2":46,"792c9b6a":32,"7a6aa4b6":36,"50312237":37,"ea6de194":30,"e786063b":34,"4def63ee":29,"c0b0f492":37,"5ab7bc35":36,"a33fe0dd":37,"805af3c7":34,"685207b3":36,"655954ba":37,"cb6c9e42":50,"dc473de1":34,"f4b2f575":29,"57d5dee8":33,"6e98dfda":46,"f66616b7":24,"2ab62345":32,"c81b2bcf":30,"c9efc8f6":40,"9f5e6cba":44,"d1fe2868":32,"1ed46298":44,"8cddb65e":42,"72d7b461":32,"2d13e69b":38,"fd369c21":43,"9147702f":32,"e58b26f6":34,"084cbc0b":39,"508aac3d":38,"064a99c8":34,"8298e976":42,"04612878":36,"9f74b8a4":33,"faf4f98b":35,"8a165e17":38,"5f96c2bc":25,"71ba7561":30,"1d44aff3":38,"dc03ebd2":47,"5f0c1b9d":45,"5ef93e5d":28,"b0869206":42,"6c20c153":35,"51a3e9c2":38,"87c462ee":35,"d929098e":26,"8aa78e2f":33,"b7df1559":39,"f5829ac0":33,"73b15e04":35,"e45b4b53":30,"8d753bb6":30,"0eaf08da":34,"01cd8099":36,"695a2b92":36,"e36dfd6f":32,"8e4c33d2":36,"27c8e038":35,"0b5a0408":35,"5678ed7b":41,"b1f58563":34,"26f99a1e":35,"22aeaf03":37,"5781776a":33,"12dd6f5e":32,"08c6b5d2":30,"6de0aaac":29,"7d6895f4":36,"1d153b20":32,"f2ca27d9":31,"4b4ecbce":32,"0da28f5b":35,"e7abc88d":21,"467773ac":33,"2e3503e4":35,"d70ca4f4":43,"754f98c9":40,"f1b493de":38,"5cd3cfe0":31,"655941a0":46,"30d84dce":34,"56d315d8":30,"e1f0dbfd":37,"ded7da5a":37,"e2cbe594":30,"5fa12feb":36,"9a80f004":34,"c455f40e":24,"0a96f57a":47,"7fef9973":45,"ad2d7bed":33,"fead11cf":35,"1745a0f4":35,"fe8f3d36":33,"bd62d7ed":33,"7fdc2007":32,"0e2b5d2f":37,"20958d58":36,"1b153aef":38,"9e878ec2":41,"4ba6eb36":35,"7ae3fc50":36,"ef16ca37":30,"4f5e3e7d":35,"82b81567":36,"28d40296":30,"9bdf362a":29,"2154b6e8":31,"868cda42":27,"ca7d47f7":45,"fce3c5c6":36,"ea6de194":31,"15620dca":37,"7e15f8e8":41,"e4714415":41,"181c3dd5":35,"527ff946":40,"6df0b2e8":55,"5eaa1581":34,"ccf8b803":34,"47cfba38":31,"84369269":32,"b88033fd":40,"5a734022":32,"64db4feb":38,"bda8cdfb":35,"d1fe2868":33,"70c1e715":41,"508aac3d":39,"0bd93cfd":30,"a625328f":37,"2c627253":28,"72d7b461":33,"50c3164b":42,"ac62fac2":31,"2b698053":32,"ad303bda":41,"abd32136":38,"6a5b71b4":42,"c803b4a3":40,"ef91eaae":31,"ac030e74":31,"810aa5e9":34,"313258f2":37,"db8ba455":40,"45b5746e":34,"91f7ef72":35,"f905a555":33,"aa76bc50":35,"124fbe96":38,"dffa7793":16,"0d770b97":47,"8cf83787":33,"b84a06eb":40,"74e01f6a":38,"b2703001":32,"77d35808":36,"6be9332a":38,"a5aee5de":38,"3f2522c2":39,"cf84fb54":41,"95bc84f1":28,"9a3cc55d":27,"87922532":34,"09f0db62":46,"71bc1295":35,"b36a0d66":21,"5b60dd1d":38,"49910300":29,"0f72f2d8":31,"5099c6a0":49,"d599b566":46,"c21ab51e":27,"4e3f5178":36,"bd984a8e":27,"acac14fb":29,"9267f0ef":46,"c0fea118":32,"ab7d4c9a":38,"c2bb8aae":32,"7cd0ad7b":39,"dae0f922":41,"40a745c0":35,"9d4da635":31,"d634aa28":40,"44ff8baa":29,"6f81493d":42,"bfad1727":34,"debe1f65":43,"ccb5ea3e":26,"6b9eff39":26,"4dac6b20":35,"4e5aaaec":25,"9cb4697f":40,"11b74e63":30,"fea793f5":36,"4652b09a":37,"fee32863":34,"831c7b85":33,"fe8f3d36":34,"0042f6eb":50,"7bda83dd":36,"a567ace4":35,"7ae3fc50":37,"6f0fcb9d":40,"b8397293":35,"0cb80f4a":34,"5ee911b5":35,"9e878ec2":42,"c4aa1e38":29,"7043382d":35,"18815a1b":33,"d3e84616":38,"175bc6b2":31,"36d340f2":44,"3c18f28e":34,"9d63c4dd":36,"dfa1a89b":36,"6adce358":36,"4125085e":42,"9de29816":33,"93fdbb44":25,"6df0b2e8":56,"eafbf9fb":40,"5f7d7195":37,"5e09f69e":40,"031e488e":39,"25d1b2d8":39,"088feee2":37,"74e3d13e":39,"ed4fad08":36,"c67979e6":39,"8007f30e":27,"621d6b18":40,"e4cfef0a":27,"43d87483":32,"0bfabf48":36,"053f3451":35,"30b6808c":35,"faf4f98b":36,"3101354b":28,"b2cfdbcf":34,"731fc335":26,"db8ba455":41,"a472532e":31,"2c6cb96f":29,"abc1d7ad":39,"f1098793":40,"2c24d929":42,"bc392d1c":28,"7732eb1e":46,"24d24fa3":30,"a4dafea5":27,"03dcfa3d":37,"dd1fcb17":39,"312f7676":33,"e7e82473":41,"25635c37":36,"a0b03218":46,"4945c851":49,"a6bcb07e":34,"fb7b7b3c":48,"013ee301":37,"971675c5":38,"1da771fb":28,"f5829ac0":34,"016953e4":38,"e238f09b":34,"9ab755d3":34,"383e232d":30,"2180f99b":39,"f069bb07":39,"aa5dfdf5":40,"d552eb2f":23,"50c3164b":43,"aa021138":42,"c4e70c07":30,"62d1d346":33,"a33fe0dd":38,"9bdf362a":30,"685207b3":37,"638cb163":54,"5be594be":29,"4c4aa2e2":33,"53431634":44,"e0154608":22,"754f98c9":41,"704bce0d":39,"430a5db5":42,"30fdcd3b":34,"7cd0ad7b":40,"66497c7e":29,"f883d582":32,"8ea21393":38,"1e7753d9":45,"07107f6e":39,"180377be":30,"93e8cee5":38,"201cafad":24,"c45d554f":36,"cd421290":39,"7e8e1c3d":37,"a502c93c":38,"91b28f83":40,"d1d40c9c":37,"290b4714":36,"79be29c8":34,"e6ec8cbf":39,"54d7de6b":41,"9a3ab0b8":30,"92ca52b7":37,"ba5c52af":33,"70ee0491":29,"a59a8290":34,"a567ace4":36,"fe8f3d36":35,"cfe72ead":33,"b2a8761b":36,"3652bd66":33,"3d1af513":36,"7a6aa4b6":37,"0ac825ed":33,"8d000d6e":27,"ec2cb1af":41,"3f65f121":34,"f2f58418":33,"eeaa2d46":36,"6143f39d":35,"9a467a82":38,"ef8321d8":35,"66d94227":27,"be149c6f":35,"d6d61bfc":47,"77bae750":27,"47cfba38":32,"2b3e4717":36,"b88033fd":41,"a2c334e7":44,"9f5e6cba":45,"a983a6dc":36,"842c8340":28,"5774ac0d":42,"3c18f28e":35,"2a387957":39,"07f98660":44,"6034b6d0":43,"ffa08d82":35,"6f39f4d9":45,"7a4c064c":44,"c8113b77":31,"faf4f98b":37,"ef8987d7":45,"65e4235b":39,"49cb2959":33,"b2cfdbcf":35,"61145ec9":50,"71e53c93":40,"dd035d2a":33,"ad8f85d6":34,"1c3a30c5":31,"f5829ac0":35,"87ce8d1d":30,"90731976":32,"5623817d":41,"804d4dfa":28,"8d753bb6":31,"9c58dd76":41,"f5cd79c1":33,"4ff2225d":30,"59c1e594":43,"06ddafc7":37,"fe1d4419":40,"0f72f2d8":32,"489a39f7":29,"5781776a":34,"b7832271":32,"2d54e0a8":31,"b5763ff6":35,"84b767be":42,"aec074c4":43,"a6626a13":27,"c793cdda":33,"3c43e8a2":43,"b2703001":33,"3f2522c2":40,"19f9ca86":42,"08a06557":51,"014460b9":41,"4577b333":36,"5ab7bc35":37,"9e65c0ef":30,"c1bdfd41":33,"4777334c":32,"c85a0d80":36,"c7313e0a":30,"36380d96":39,"cc11fef9":36,"501db4de":36,"f121b82c":38,"9316e7e8":21,"c382f054":30,"467773ac":34,"a4f1d83b":34,"c0fea118":33,"a8726d50":34,"8942c35b":34,"4360a1a3":37,"2209903e":39,"85de05f2":28,"3b7763b1":29,"547903ef":38,"4295ce9a":39,"c8dc010f":39,"00cf385d":42,"935ec056":30,"d1d40c9c":38,"e6ec8cbf":40,"7fef9973":46,"124fbe96":39,"ee21ad02":40,"9a3ab0b8":31,"55928ef1":41,"dfcc2ad1":33,"4ba6eb36":36,"4e5aaaec":26,"67f6e4f2":34,"d102b0c6":29,"379184a7":45,"4ea4a2a1":43,"336d0f08":38,"0cb80f4a":35,"12dd6f5e":33,"22176537":27,"3661e12d":35,"b9a48a5c":28,"2dda3936":29,"e9adbe58":27,"eafbf9fb":41,"162a7348":34,"cb6c9e42":51,"faf3ed07":39,"42c80e69":36,"31f6ba51":39,"cf775f58":34,"91d52a55":36,"76f3a3be":34,"725dce8b":36,"39a2fcce":39,"7e15f8e8":42,"288a2c43":38,"bda8cdfb":36,"6632fed0":43,"13b53c7a":34,"b87158fb":41,"062179c1":34,"6a7392d5":31,"9496f56f":39,"d2466211":43,"d7cb9bcf":29,"869cbaa0":38,"8fb236a9":37,"7fb4c521":36,"0785820e":35,"345c9967":36,"a851891c":27,"a5fd8ffd":46,"95904ac4":46,"fd482491":40,"f789f6d8":40,"781ace7d":40,"24d24fa3":31,"be1746a0":22,"a0b03218":47,"48655f09":47,"e8f173b5":33,"b460f030":46,"5270f158":35,"fd07e0ed":32,"8cd78f77":42,"aaa274a5":33,"9fa62fee":35,"aec074c4":44,"2180f99b":40,"0fc5ac7e":46,"812b4f15":38,"95bc84f1":29,"39bbc4bc":53,"e1571af7":40,"a33fe0dd":39,"014460b9":42,"fbdffc95":31,"d9d7c4c2":43,"a81a857c":36,"8f13c203":27,"a836aa93":31,"f3992a31":39,"1247fa52":36,"c382f054":31,"be2955bb":39,"ab7d4c9a":39,"f4634d0b":36,"acac14fb":30,"30fdcd3b":35,"430a5db5":43,"1e191c98":31,"0af920d8":26,"8db62558":36,"1f11812e":32,"e21c6207":31,"6bc5d32a":44,"71bc1295":36,"90731976":33,"016953e4":39,"a77e127d":24,"88a30343":43,"b769bdfb":41,"32c9fc47":29,"3f2522c2":41,"0be540c5":40,"71ff66e8":25,"54a676d6":35,"11b74e63":31,"fea793f5":37,"bb00e71c":30,"91b28f83":41,"7735c3c2":28,"3b2dee89":35,"7f6d1d0e":39,"53747a91":46,"18d20aa1":31,"debe1f65":44,"feb67030":33,"85de05f2":29,"4f5e3e7d":36,"8547fbc2":38,"21ee2afe":40,"53a8613c":37,"e9adbe58":28,"88432019":35,"6cba74ce":40,"0e036ae9":37,"42c80e69":37,"a9b1bd51":26,"32133249":40,"f66616b7":25,"c64de0c0":30,"2b3e4717":37,"4911acad":28,"815e4582":37,"031e488e":40,"aff8e442":32,"deb31f35":38,"8a52882e":41,"2132fe93":41,"5957df9e":39,"8c6e001f":22,"9e878ec2":43,"4ba6eb36":37,"67f6e4f2":35,"6f0fcb9d":41,"6585adbe":24,"e5b1abc6":34,"13b53c7a":35,"9a07d89b":33,"a66a2d8a":32,"dd3913d2":34,"e35a63cd":37,"c510bfd3":37,"0785820e":36,"91536e85":31,"10ec5a0b":32,"6a5b71b4":43,"ad303bda":42,"af7e5be8":35,"056ea7ff":36,"cf1b8c47":37,"45b5746e":35,"3101354b":29,"0eaf08da":35,"8cd78f77":43,"778c95e9":31,"5747db6e":40,"ea822700":28,"730338c4":45,"fd07e0ed":33,"383e232d":31,"9c58dd76":42,"28d40296":31,"b7505747":42,"b5ce0c0c":40,"3bad3c95":24,"25776fc4":37,"4577b333":37,"868cda42":28,"bd984a8e":28,"9b172ca8":35,"a3253019":37,"696fdac5":37,"c7313e0a":31,"acac14fb":31,"972f4174":40,"5272520d":38,"7a9344a4":37,"5ccf94d6":36,"a68a93b2":30,"142d6987":40,"c2bb8aae":33,"a4f1d83b":35,"a5aee5de":39,"baebb391":46,"90731976":34,"59c1e594":44,"6d61bf13":33,"07fc4a9a":31,"5781776a":35,"eed20185":37,"868edcc0":39,"83086d4c":30,"c609739e":39,"3e082b37":35,"26009d3f":37,"e7e82473":42,"2c5c1dc0":33,"7732eb1e":47,"42191b64":32,"c318d350":33,"8b2b601d":36,"a15713c6":54,"616d6dd6":40,"dc03ebd2":48,"3a291497":30,"9d4f1fe6":31,"95d331b1":26,"d1d40c9c":39,"d39724bc":42,"d815c5b4":45,"a502c93c":39,"1c0a9eff":35,"805534ac":32,"b6ee137a":36,"2209903e":40,"40e79dd3":38,"201cafad":25,"7b6a7048":35,"df81ddee":30,"4d35385e":29,"af157d29":43,"2cb29e5a":40,"ec2cb1af":42,"f3d68430":40,"e9adbe58":29,"ef8321d8":36,"5eaa1581":35,"aff8e442":33,"789bd484":35,"288a2c43":39,"394dc144":47,"4125085e":43,"bf822e33":31,"6df0b2e8":57,"04643409":35,"0681c48e":39,"162a7348":35,"7e15f8e8":43,"c98d5272":34,"45b038bb":45,"de11eb19":51,"36fb15d2":28,"5f8517b7":45,"d0e9a58e":32,"34658473":37,"c4aa1e38":30,"c463799d":40,"478d2d4f":43,"fef750ca":40,"a0685bf3":42,"dfcc2ad1":34,"92ca52b7":38,"19551bad":30,"7566fdd6":34,"9f74b8a4":34,"597c1f81":29,"6f39f4d9":46,"91536e85":32,"cb142908":34,"00a17b46":32,"9b3f8714":34,"fd07e0ed":34,"284544ba":44,"2a06ab95":40,"92efd84f":29,"39ba00f0":34,"f4726450":33,"d1ca5d6b":44,"b320feb9":32,"c4e70c07":31,"65a00a3c":34,"0a2f71bc":26,"14c682eb":28,"aa021138":43,"c0b0f492":38,"288d171f":33,"9f2b16a7":31,"53431634":45,"c7313e0a":32,"145c7559":35,"e0154608":23,"696fdac5":38,"56d315d8":31,"8db62558":37,"467773ac":35,"bb98a6cf":42,"0af920d8":27,"9316e7e8":22,"e6fac295":32,"a636f4c9":44,"2198ba8e":32,"23080895":33,"9fc713b0":43,"8cf83787":34,"dfc89705":32,"8aa78e2f":34,"a40846b7":48,"468fc85c":40,"695a2b92":37,"28d41578":27,"8298e976":43,"39bbc4bc":54,"d1676e89":35,"a4dafea5":28,"4945c851":50,"2c5c1dc0":34,"f044c0e1":33,"c318d350":34,"83b2f9c5":36,"fe44fc6f":40,"d5dae4c4":37,"db8ba455":42,"7896b953":33,"8db5a165":26,"f905a555":34,"d4d5f466":39,"290b4714":37,"16b476e9":32,"5acce642":45,"93b0a158":36,"95d331b1":27,"e356abf1":33,"a58bf525":34,"751bcf25":28,"c8dc010f":40,"ded7da5a":38,"e1f0dbfd":38,"daab45c6":34,"70594a28":37,"4295ce9a":40,"f4343817":35,"ef8321d8":37,"08c6b5d2":31,"53a8613c":38,"546f6845":37,"8547fbc2":39,"88432019":36,"0277d748":47,"31f6ba51":40,"527ff946":41,"c4bff41f":26,"842c8340":29,"1ed46298":45,"2a387957":40,"8d04852b":36,"77f31bab":45,"7ae3fc50":38,"06073f13":44,"50312237":38,"d33790a2":36,"82204d54":33,"b102f7bd":45,"0042f6eb":51,"6c486702":43,"fee32863":35,"c6dc900c":31,"0f89862c":30,"07f98660":45,"4f59a322":38,"ef14000f":37,"385ab7c6":37,"9c29f0ed":45,"91536e85":33,"053f3451":36,"608bc832":32,"00554ffd":46,"1bd5b20b":32,"6867261a":31,"04643409":36,"24a9fb86":41,"5339e1e9":34,"ed4fad08":37,"bad1a1cc":31,"5a07fc2e":37,"9ab755d3":35,"ea822700":29,"84b767be":43,"22234d6b":36,"2c627253":29,"8cd78f77":44,"aa021138":44,"c7636527":34,"ba30e43a":44,"a33fe0dd":40,"719c8869":49,"0b959527":26,"c4feee5b":33,"4fd645f1":27,"36380d96":40,"f2086446":38,"0dad37d5":36,"90a06ee9":39,"b3863630":33,"ca6d2d91":41,"501db4de":37,"1f11812e":33,"26c6fa34":34,"468fc85c":41,"cbad3b92":41,"a5aee5de":40,"f1098793":41,"1be05c14":26,"6d802fa2":37,"742f1425":36,"695a2b92":38,"baebb391":47,"1438fad7":39,"2c6cb96f":30,"83b2f9c5":37,"3c0df8b4":36,"43bc86e3":36,"313258f2":38,"e865e4dd":43,"7c0a2db6":44,"88ce179e":34,"6c20c153":36,"f0a06216":36,"16b476e9":33,"6841f77e":43,"3b2dee89":36,"bf30a08f":45,"317c1591":29,"159ffd0b":13,"95d3d348":36,"c95719e5":28,"7732eb1e":48,"54a676d6":36,"d599b566":47,"93ac9ca3":34,"1f88a4b7":38,"d1676e89":36,"08c6b5d2":32,"57540cc3":34,"a63bddd4":37,"dfa1a89b":37,"21ee2afe":41,"6d339d45":40,"49902219":35,"c2bb8aae":34,"f1b493de":39,"bb98a6cf":43,"31408822":28,"30d84dce":35,"79e4fa1c":29,"07107f6e":40,"f734c84c":42,"6bc5d32a":45,"c45d554f":37,"6490bac6":37,"21ad2f34":31,"fee32863":36
1604737459036,"1bc0591f":38,"c510bfd3":38,"9a07d89b":34,"2a4a402a":32,"f67de058":30,"8b5a8e9f":54,"e4cfef0a":28,"7a4c064c":45,"9fce073c":43,"6a5b71b4":44,"93b9fae6":33,"ea6de194":32,"cc6bbe45":32,"04ea5673":40,"0b959527":27,"c8fcad77":33,"638cb163":55,"685207b3":38,"0da28f5b":36,"ffc86f94":34,"4b4ecbce":33,"145c7559":36,"53431634":46,"902f49f5":37,"c8977844":36,"470d50c2":29,"6e24d88b":36,"a836aa93":32,"8db62558":38,"87cd2add":31,"ef91eaae":32,"313258f2":39,"ef8987d7":46,"2dd0e808":42,"ae016053":34,"7896b953":34,"56473430":36,"b28a5e67":33,"3f9b5722":29,"66d94227":28,"61d4782d":32,"a1370ab0":41,"48efc739":45,"2132fe93":42,"842c8340":30,"c9efc8f6":41,"e99318a3":30,"af034fee":27,"99e171db":34,"5d087c79":35,"42c80e69":38,"cb6c9e42":52,"5eaa1581":36,"d634aa28":41,"40e79dd3":39,"be40590d":32,"e2a7d915":37,"c8dc010f":41,"93e8cee5":39,"913a6226":34,"7b6a7048":36,"8ea21393":39,"b7832271":33,"8657c79d":46,"c0e2624b":32,"2a06ab95":41,"2c627253":30,"d3a669ac":44,"72d7b461":34,"e4c312fe":29,"87c462ee":36,"d929098e":27,"aa187e3b":29,"79be29c8":35,"7f6d1d0e":40,"7fef9973":47,"2bcca6a7":44,"13b53c7a":36,"0f89862c":31,"062179c1":35,"0e2b5d2f":38,"eebc8d43":32,"50b558a7":32,"91536e85":34,"af7e5be8":36,"c4e70c07":32,"b35e9e1a":53,"45b038bb":46,"8f2a7d69":33,"5ee911b5":36,"06073f13":45,"1ff8c2fc":40,"b7407bd3":36,"44c77422":39,"b5ce0c0c":41,"7043382d":36,"cc6bbe45":33,"c015ec5a":32,"b320feb9":33,"c7313e0a":33,"c0fea118":34,"7f86be64":40,"cc11fef9":37,"972f4174":41,"56d315d8":32,"696fdac5":39,"4e3f5178":37,"94a2fe10":45,"467773ac":36,"655954ba":38,"cd3bbe7e":41,"bc021def":44,"d3e84616":39,"f2ca27d9":32,"f5596d0f":34,"4d35385e":30,"6143f39d":36,"a63bddd4":38,"527ff946":42,"af034fee":28,"77bae750":28,"76f3a3be":35,"aec4e1bf":42,"2b3e4717":38,"c3e6ef01":48,"110b1ee3":41,"cc5a1d47":36,"6a5b71b4":45,"6f39f4d9":47,"d83294cd":44,"b9be31d6":34,"45b5746e":36,"65e4235b":40,"aa76bc50":36,"345c9967":37,"2c6cb96f":31,"56473430":37,"4bc46d7a":37,"d25e0f8d":34,"e2a7d915":38,"a851554d":41,"b6ee137a":37,"9d0546ac":37,"a0cca8b7":32,"f4343817":36,"26c6fa34":35,"b460f030":47,"a543ec74":40,"0eaf08da":36,"159ffd0b":14,"481754fc":23,"8dc9b4db":38,"4b3e3b1c":37,"99d130c9":45,"312f7676":34,"69f3bfcc":40,"13f0e139":38,"8d753bb6":32,"5270f158":36,"b1f58563":35,"b2703001":34,"7ee148e9":33,"05642105":36,"045f280d":34,"5b60dd1d":39,"93ac9ca3":35,"99e171db":35,"bc3dc66a":31,"f2364460":40,"71a2a493":22,"288a2c43":40,"449d8475":33,"f66616b7":26,"71279c46":37,"50c3164b":44,"ea822700":30,"1f342a00":44,"88b3bc99":35,"e58b26f6":35,"c0e2624b":33,"383e232d":32,"6c20c153":37,"abad2347":31,"d929098e":28,"a6b5e869":36,"bec9d329":37,"6b82b527":34,"ea4d3f3e":41,"cd522166":49,"8007f30e":28,"bd62d7ed":34,"6c486702":44,"0042f6eb":52,"d78dd457":30,"cfafcda8":33,"d0b297b2":31,"92d38723":39,"5a0ead91":22,"c7c4ec5c":34,"8323d333":35,"c7636527":35,"ca7d47f7":46,"65a00a3c":35,"8f13c203":28,"08a06557":52,"014460b9":43,"e786063b":35,"53431634":47,"6fb4cdda":35,"b2c25d1c":39,"93683c82":37,"2cb29e5a":41,"2dda3936":30,"01d817b8":28,"21ee2afe":42,"f3d68430":41,"ac38a6a5":36,"15620dca":38,"4279e829":41,"c4feee5b":34,"30dbfc69":39,"d34a29b9":40,"2ce1af05":25,"9c29f0ed":46,"50c468ba":29,"91536e85":35,"ffa08d82":36,"619fda68":33,"629800eb":41,"43bc86e3":37,"195eb771":35,"a472532e":32,"cf1b8c47":38,"da04caac":36,"4bc46d7a":38,"731fc335":27,"20e470e0":32,"be2955bb":40,"180377be":31,"c382f054":32,"b7434f57":30,"be40590d":33,"51c57542":37,"e2a7d915":39,"bfad1727":35,"4eed1bea":41,"5a622a23":38,"a851554d":42,"daab45c6":35,"0ac825ed":34,"1bd5b20b":33,"99d130c9":46,"804d4dfa":29,"71bc1295":37,"946df4fd":34,"0d2c95fe":36,"bc392d1c":29,"411b5027":40,"695a2b92":39,"8d753bb6":33,"0b3283c9":32,"468fc85c":42,"03dcfa3d":38,"28d41578":28,"83086d4c":31,"54a676d6":37,"60e855ee":35,"ed4fad08":38,"2132fe93":43,"31d74eee":32,"288a2c43":41,"77bae750":29,"71a2a493":23,"97e75c19":42,"32133249":41,"527ff946":43,"0681c48e":40,"90d52475":35,"b35bb8a1":30,"f66616b7":27,"2a387957":41,"72d7b461":35,"6a3eaf43":33,"6e851762":39,"778c95e9":32,"aa5dfdf5":41,"2180f99b":41,"f271ed5d":28,"54d7de6b":42,"f0a06216":37,"87c462ee":37,"5eab91a0":41,"7735c3c2":29,"e4c312fe":30,"f56ac638":32,"be3a10f8":33,"0042f6eb":53,"6a7392d5":32,"ba5c52af":34,"a8c93bed":40,"9a07d89b":35,"92ca52b7":39,"8dc9b4db":39,"489a39f7":30,"4b3e3b1c":38,"a58bf525":35,"2203f259":37,"db0a661e":41,"c0b0f492":39,"b320feb9":34,"08a06557":53,"ca7d47f7":47,"5ab7bc35":38,"30c5d755":42,"c015ec5a":33,"30dd2edc":34,"bc021def":45,"865d9857":33,"3f65f121":35,"49902219":36,"e0154608":24,"a85d89cc":40,"d4ee22a4":35,"4f59a322":39,"ae95f2ba":35,"95539a58":24,"0bfabf48":37,"619fda68":34,"616d6dd6":41,"0a1d11e6":33,"cf1b8c47":39,"537634c9":28,"a5676c24":35,"3a291497":31,"5ef93e5d":29,"1a2c020b":41,"6fb4cdda":36,"dae0f922":42,"1a68160d":36,"8942c35b":35,"d033db8d":33,"36380d96":41,"c21ab51e":28,"56d315d8":33,"66b7b5b4":28,"79f04300":35,"c3e6ef01":49,"0c043224":43,"6bc5d32a":46,"3007f31f":29,"53747a91":47,"1ff8c2fc":41,"554ebb83":39,"45b038bb":47,"5f8517b7":46,"d102b0c6":30,"a533489b":40,"2c24d929":43,"27c8e038":36,"c6e3d352":35,"13f0e139":39,"aefe13f5":44,"18d20aa1":32,"7b6a7048":37,"85de05f2":30,"92136ff5":40,"ee75b607":35,"e6ec8cbf":41,"95d331b1":28,"0d770b97":48,"730a4938":42,"5b5fc566":34,"00cf385d":43,"82204d54":34,"6c486702":45,"21ee2afe":43,"f2f58418":34,"72805bf5":34,"d6d61bfc":48,"9d63c4dd":37,"aec4e1bf":43,"37fbb107":35,"e4714415":42,"4ed01268":36,"4125085e":44,"23760167":30,"0681c48e":41,"842c8340":31,"42c80e69":39,"36b7003c":40,"99e171db":36,"884b0ad1":33,"0d2a1c58":28,"730338c4":46,"84b67924":28,"d1ca5d6b":45,"fb7482fe":31,"b947257e":36,"32c9fc47":30,"39bbc4bc":55,"59c1e594":45,"d9dcdc4b":40,"17807120":37,"3c43e8a2":44,"7732eb1e":49,"8274885a":37,"363590c7":30,"e0f7679f":39,"fb44fa9c":43,"1951480c":38,"07fc4a9a":32,"fb7b7b3c":49,"411b5027":41,"004f1ef3":41,"30c5d755":43,"c015ec5a":34,"0a2f71bc":27,"04ea5673":41,"88fa53d6":28,"fe8f3d36":36,"e5b1abc6":35,"33d6bb6a":32,"b8488fc8":31,"a59a8290":35,"8fb236a9":38,"d83294cd":45,"4d9b0b10":34,"0d28db94":29,"b73e789c":34,"7fb4c521":37,"753ca352":25,"aa867541":27,"abc1d7ad":40,"db8ba455":43,"8db5a165":27,"ec110282":32,"45b5746e":37,"92f800f5":29,"c7636527":36,"685207b3":39,"655954ba":39,"7a9344a4":38,"bd984a8e":29,"f2086446":39,"110b1ee3":42,"77300e4a":32,"a4f1d83b":36,"4b4ecbce":34,"1a2ec5d7":39,"94a2fe10":46,"c5b35e4d":35,"bb98a6cf":44,"be40590d":34,"5a0ead91":23,"2e99f8fd":33,"b8397293":36,"02d4753e":42,"d0c0fc08":34,"ea274174":35,"1ff8c2fc":42,"3ef7432b":36,"79e4fa1c":30,"7d112f4d":36,"5fa12feb":37,"a851554d":43,"77898c22":32,"3007f31f":30,"fd482491":41,"d83870f5":37,"dffa7793":17,"04cc7cbe":30,"e0e48a2d":35,"d815c5b4":46,"bd2705b0":42,"ee21ad02":41,"945b63f0":56,"49902219":37,"217c0327":25,"d2a841c9":30,"eafbf9fb":42,"ac38a6a5":37,"22176537":28,"13747b82":38,"12534561":25,"1634789b":43,"2ab62345":33,"5957df9e":40,"c4bff41f":27,"162a7348":36,"789bd484":36,"91d52a55":37,"0ecfa1c9":35,"bda8cdfb":37,"c93c3508":26,"e15fd611":33,"2a387957":42,"22234d6b":37,"0fc5ac7e":47,"5747db6e":41,"468fc85c":43,"73b15e04":36,"24d24fa3":32,"17807120":38,"59431390":39,"014bdff0":29,"c609739e":40,"2c24d929":44,"4b3e3b1c":39,"c318d350":35,"0f72f2d8":33,"6a60348e":38,"ea9bba6b":33,"4945c851":51,"d599b566":48,"19f9ca86":43,"26009d3f":38,"4ff2225d":31,"09f0db62":47,"971675c5":39,"a24e6670":43,"0bd93cfd":31,"d744bee2":34,"f4726450":34,"2d54e0a8":32,"b5ce0c0c":42,"82204d54":35,"478d2d4f":44,"8721056e":26,"6c486702":46,"fef750ca":41,"b8488fc8":32,"4c0e547b":27,"c8113b77":32,"7fb4c521":38,"9fce073c":44,"753ca352":26,"6f39f4d9":48,"2ce1af05":26,"b9be31d6":35,"a901627e":31,"2c6cb96f":32,"c8fcad77":34,"c015ec5a":35,"caddd0a7":35,"d9d7c4c2":44,"25776fc4":38,"04ea5673":42,"acac14fb":32,"754f98c9":42,"7a9344a4":39,"8db62558":39,"69d4b754":35,"e62d705f":26,"b2c25d1c":40,"90a06ee9":40,"dbd2f139":41,"f2086446":40,"0841052c":38,"6b78ad7f":43,"a68a93b2":31,"be40590d":35,"8c6e001f":23,"9260d96b":42,"31f6d707":38,"50312237":39,"1ff8c2fc":43,"02d4753e":43,"792c9b6a":33,"ab7467de":45,"bc09fa9e":31,"25e0dd3d":41,"9a80f004":35,"5a622a23":39,"26dd2000":34,"2b3c49b9":40,"ccdd1ce6":28,"51f57142":38,"88432019":37,"a63bddd4":39,"15620dca":39,"eeaa2d46":37,"08c6b5d2":33,"35aa7fd0":38,"31d74eee":33,"64db4feb":39,"088feee2":38,"b230e8d3":38,"449d8475":34,"a47abfbb":32,"90d52475":36,"17446892":33,"8a52882e":42,"5a734022":33,"1634789b":44,"13747b82":39,"f2364460":41,"a5676c24":36,"52eca0dc":37,"537634c9":29,"ef8987d7":47,"012de09c":28,"2882a956":37,"9cb4697f":41,"fea793f5":38,"124fbe96":40,"67d30f2b":40,"ad2d7bed":34,"290b4714":38,"c6e3d352":36,"d82592f4":35,"99d130c9":47,"ac62fac2":32,"12a2cd4b":41,"26009d3f":39,"dc583e64":32,"fb7b7b3c":50,"b2703001":35,"bc392d1c":30,"d6db2b02":42,"f6fe095d":45,"e6fac295":33,"1438fad7":40,"971675c5":40,"90731976":35,"26f99a1e":36,"a4dafea5":29,"c318d350":36,"09f0db62":48,"49910300":30,"5a07fc2e":38,"70bc8325":36,"9ab755d3":36,"2d13e69b":39,"6751d8e4":43,"a6626a13":28,"2180f99b":42,"d78dd457":31,"478d2d4f":45,"55928ef1":42,"a8c93bed":41,"1bc0591f":39,"e35a63cd":38,"c463799d":41,"9f74b8a4":35,"87cd2add":32,"629800eb":42,"2ce1af05":27,"d2466211":44,"0bfabf48":38,"053f3451":37,"0a2f71bc":28,"fce3c5c6":37,"805af3c7":35,"7e76c93c":33,"9267f0ef":47,"56d315d8":34,"902f49f5":38,"7f86be64":41,"08a06557":54,"9b742f71":37,"5f620a1e":41,"5ccf94d6":37,"ea274174":36,"9260d96b":43,"9263c525":33,"408bb2ed":29,"02d4753e":44,"d102b0c6":31,"1bd5b20b":34,"5272520d":39,"a33fe0dd":41,"cb51f134":42,"751acea8":38,"972f4174":42,"c8977844":37,"6fb4cdda":37,"bd984a8e":30,"61f25dd4":36,"cd421290":40,"f734c84c":43,"e2cbe594":31,"6490bac6":38,"7b6a7048":38,"4d35385e":31,"f2f58418":35,"6de0aaac":30,"d2a841c9":31,"558d5ce7":41,"546f6845":38,"d1715f3b":39,"4125085e":45,"162a7348":37,"081460bf":26,"c93c3508":27,"31d74eee":34,"b8ab8e6e":36,"57d5dee8":34,"bfcb912a":39,"e15fd611":34,"faf3ed07":40,"31f6ba51":41,"b88033fd":42,"d5557fb4":39,"91d52a55":38,"7bebff03":33,"79e4fa1c":31,"08a561b7":25,"537634c9":30,"fafb4cc2":47,"6023df54":31,"28654c76":48,"3101354b":30,"d8e58a8c":43,"ea4d3f3e":42,"d815c5b4":47,"c0b23081":39,"6841f77e":44,"bec9d329":38,"04cc7cbe":31,"95d331b1":29,"a636f4c9":45,"2c24d929":45,"458dcc3d":34,"48655f09":48,"a58bf525":36,"95bc84f1":30,"e6fac295":34,"8aa78e2f":35,"cbad3b92":42,"a77e127d":25,"11888cfa":31,"3a204e56":39,"013ee301":38,"aefe13f5":45,"a4dafea5":30,"312f7676":35,"1db42092":45,"26f99a1e":37,"1951480c":39,"07fc4a9a":33,"8274885a":38,"3c6692a3":42,"98915a1f":26,"0bd93cfd":32,"2d54e0a8":33,"bca2d7cd":27,"ef1c2dcb":39,"7028b044":32,"6c486702":47,"fead11cf":36,"eebc8d43":33,"30c184b8":30,"b102f7bd":46,"5f4102da":38,"0042f6eb":54,"00a17b46":33,"30b6808c":36,"9f74b8a4":36,"95539a58":25,"abd32136":39,"4930f321":29,"2b698053":33,"28d40296":32,"4c39240e":36,"aa021138":45,"57167c74":35,"859545e6":28,"25776fc4":39,"719c8869":50,"db0a661e":42,"34658473":38,"a533489b":41,"36fb15d2":29,"3d1af513":37,"0ac825ed":35,"fa55f27a":45,"1a68160d":37,"53431634":48,"fe578280":34,"381c68fa":40,"4279e829":42,"d34a29b9":41,"a836aa93":33,"30d84dce":36,"ca6d2d91":42,"4e3f5178":38,"4ee62a26":32,"69d4b754":36,"f4634d0b":37,"a68a93b2":32,"f87c5031":33,"0e036ae9":38,"53a8613c":39,"01d817b8":29,"88432019":38,"2cb29e5a":42,"dfa1a89b":38,"7af9d3b1":32,"deb31f35":39,"e99318a3":31,"4911acad":29,"5d087c79":36,"8a52882e":43,"e9a8cf11":30,"51f80f4c":45,"d957f027":27,"4e5aaaec":27,"a0cca8b7":33,"7c0a2db6":45,"0a1d11e6":34,"c91966ce":26,"83b2f9c5":38,"a15713c6":55,"52eca0dc":38,"7ae34c64":33,"4b125e7b":35,"c0b23081":40,"d1d40c9c":40,"a6b5e869":37,"d83870f5":38,"290b4714":39,"5c82d1ce":30,"3007f31f":31,"f734c84c":44,"4dac6b20":36,"da3437cd":27,"ae8a09c4":39,"99d130c9":48,"26c6fa34":36,"8eb64769":27,"35b58ef9":24,"e7e82473":43,"2d382981":37,"263762cb":37,"7732eb1e":50,"dfc89705":33,"07fc4a9a":34,"39bbc4bc":56,"71ff66e8":26,"3310a049":45,"fb7b7b3c":51,"95bc84f1":31,"2d1e1e9d":31,"836701f6":32,"a24e6670":44,"437fc3ec":37,"25635c37":37,"bda8cdfb":38,"2132fe93":44,"99e171db":37,"03b4ab60":36,"6adce358":37,"7db3edda":43,"2f455cce":27,"d0d6acb1":35,"9147702f":33,"50c3164b":45,"3c6692a3":43,"aa5dfdf5":42,"1bb4ccc0":32,"c510bfd3":39,"7fdc2007":33,"f5e8dfee":40,"2352c8ef":31,"be3a10f8":34,"25a2844e":41,"dfcc2ad1":35,"cc5a1d47":37,"67c57de4":53,"7566fdd6":35,"6a5b71b4":46,"10ec5a0b":33,"b7505747":43,"2af60749":40,"37a7d5b0":41,"8f2a7d69":34,"40569362":36,"b35e9e1a":54,"06073f13":46,"8d000d6e":28,"6f0fcb9d":42,"288afc30":29,"7e76c93c":34,"b5ce0c0c":43,"a33fe0dd":42,"719c8869":51,"104721f0":37,"c21ab51e":29,"467773ac":37,"fe578280":35,"b6591e25":33,"501db4de":38,"90a06ee9":41,"f1b493de":40,"9f2b16a7":32,"142d6987":41,"655941a0":47,"3498f223":31,"a68a93b2":33,"c8977844":38,"6cba74ce":41,"ac38a6a5":38,"4469c815":16,"558d5ce7":42,"f5596d0f":35,"1d153b20":33,"fd6dcb20":30,"42c80e69":40,"5774ac0d":43,"51f80f4c":46,"5ac86fb9":36,"794f652b":29,"081460bf":27,"394dc144":48,"4930f321":30,"a85d89cc":41,"1d44aff3":39,"45b5746e":38,"d9a64845":27,"6023df54":32,"b28a5e67":34,"3c0df8b4":37,"f789f6d8":41,"11b74e63":32,"4e5aaaec":28,"7b6a7048":39,"2209903e":41,"261c9911":39,"6bc5d32a":47,"0149e11a":34,"c650b434":40,"cac4449a":31,"812b4f15":39,"bad6cdb1":30,"d1676e89":37,"8cf83787":35,"19f9ca86":44,"a5aee5de":41,"32c9fc47":31,"3e082b37":36,"868edcc0":40,"c6e3d352":37,"cbad3b92":43,"5099c6a0":50,"28d41578":29,"b2703001":36,"26f99a1e":38,"0f72f2d8":34,"016953e4":40,"e7e82473":44,"045f280d":35,"c7ab83c1":34,"61d4782d":33,"a1921150":47,"bfcb912a":40,"254cc28c":38,"25d1b2d8":40,"c6c85783":35,"c67979e6":40,"70c1e715":42,"d552eb2f":24,"0fc5ac7e":48,"84b767be":44,"2180f99b":43,"aaa274a5":34,"835358a0":29,"4b125e7b":36,"677c6a09":50,"04cc7cbe":32,"7fef9973":48,"f0a06216":38,"e356abf1":34,"cd522166":50,"f2e3c0e3":31,"1745a0f4":36,"33d6bb6a":33,"20958d58":37,"2a4a402a":33,"b87158fb":42,"d0c0fc08":35,"d33790a2":37,"5a0ead91":24,"fe0df575":39,"0cb80f4a":36,"d0e9a58e":33,"6585adbe":25,"e5d3655c":42,"d9f512b9":43,"28d40296":33,"fce3c5c6":38,"5ab7bc35":39,"9e65c0ef":31,"30c5d755":44,"69d4b754":37,"d548635d":37,"655954ba":40,"5e193fc8":40,"902f49f5":39,"f121b82c":39,"0c0e98ea":34
1604737460248,"09560615":30,"f5596d0f":36,"57540cc3":35,"6de0aaac":31,"01d817b8":30,"e9adbe58":30,"546f6845":39,"7af9d3b1":33,"c4bff41f":28,"c852d240":31,"50d129cf":32,"51f80f4c":47,"9d63c4dd":38,"e4714415":43,"162a7348":38,"2b3e4717":39,"dcfaba4c":32,"99e171db":38,"e15fd611":35,"aff8e442":34,"ce3407dd":32,"5a07fc2e":39,"6a3eaf43":34,"d0d6acb1":36,"8cd78f77":45,"aec074c4":45,"a625328f":38,"d1ca5d6b":46,"9e206c95":45,"f1098793":42,"24d24fa3":33,"468fc85c":44,"aefe13f5":46,"4ff2225d":32,"004f1ef3":42,"013ee301":39,"dfc89705":34,"3c43e8a2":45,"b552beb3":29,"b769bdfb":42,"bad6cdb1":31,"5678ed7b":42,"c609739e":41,"39bbc4bc":57,"54a676d6":38,"971675c5":41,"bb99c79c":40,"be4f8ba8":33,"0e036ae9":39,"51f57142":39,"a63bddd4":40,"ef8321d8":38,"a47abfbb":33,"deb31f35":40,"0681c48e":42,"47d27624":36,"b230e8d3":39,"6adce358":38,"c852d240":32,"50d129cf":33,"e4714415":44,"1a0189c4":35,"725dce8b":37,"6e98dfda":47,"9d63c4dd":39,"e28c2efc":39,"d4ee22a4":36,"7fb4c521":39,"ffa08d82":37,"87083264":42,"0bfabf48":39,"8ac72326":35,"00a481e3":36,"3c0df8b4":38,"3f75d3bc":39,"69eeae0d":38,"4abb7aed":32,"d9d0c567":30,"91f7ef72":36,"5339e1e9":35,"95f6db13":27,"f1dffa24":27,"d9dcdc4b":41,"695a2b92":40,"67f6e4f2":36,"ea274174":37,"7028b044":33,"af0b61ab":41,"2c627253":31,"bca2d7cd":28,"a6626a13":29,"2d13e69b":40,"1f7607df":22,"0d5ee801":33,"5be594be":30,"1a2ec5d7":40,"53431634":49,"7cd0ad7b":41,"58d46189":34,"6e24d88b":37,"0a96f57a":48,"77898c22":33,"93e8cee5":40,"c8dc010f":42,"6b9eff39":27,"26dd2000":35,"f734c84c":45,"e0e48a2d":36,"51a3e9c2":39,"c0b23081":41,"d83870f5":39,"d815c5b4":48,"93b0a158":37,"abad2347":32,"b8488fc8":33,"2a76f1dd":27,"831c7b85":34,"11b2c8d9":32,"9a3ab0b8":32,"5f4102da":39,"c510bfd3":40,"0cb80f4a":37,"4ba6eb36":38,"b8397293":37,"36fb15d2":30,"b2a8761b":37,"87922532":35,"6ebe2354":29,"74e01f6a":39,"bc021def":46,"d3e84616":40,"d1715f3b":40,"01d817b8":31,"1d153b20":34,"623c6a31":38,"172217e5":39,"b230e8d3":40,"71a2a493":24,"c64de0c0":31,"081460bf":28,"527ff946":44,"5f6613c8":34,"6e98dfda":48,"87083264":43,"753ca352":27,"9496f56f":40,"67c57de4":54,"95539a58":26,"77bfed7e":37,"faf4f98b":38,"08a561b7":26,"3101354b":31,"3a291497":32,"8a165e17":39,"a5fd8ffd":47,"95904ac4":47,"a851891c":28,"13747b82":40,"2a387957":43,"57d5dee8":35,"2b3e4717":40,"b88033fd":43,"25d1b2d8":41,"254cc28c":39,"dd1fcb17":40,"a0bc1ceb":34,"4b4ef7fa":41,"4b3e3b1c":40,"c0b7e7d7":36,"792cfcbd":29,"317c1591":30,"8aa78e2f":36,"de36827b":45,"1da771fb":29,"7ee148e9":34,"a4dafea5":31,"26009d3f":40,"1951480c":40,"f5829ac0":36,"014bdff0":30,"d36125db":50,"971675c5":42,"39ba00f0":35,"af0b61ab":42,"c0e2624b":34,"70c1e715":43,"d0d6acb1":37,"f069bb07":40,"8cd78f77":46,"e5d3655c":43,"14c682eb":29,"25776fc4":40,"1623fc9f":30,"08a06557":55,"92f800f5":30,"ea6de194":33,"c7313e0a":34,"e9679ede":29,"0da28f5b":37,"f3992a31":40,"cc11fef9":38,"9267f0ef":48,"8942c35b":36,"168e75d9":30,"4ee62a26":33,"470d50c2":30,"3b690f68":41,"a68a93b2":34,"e62d705f":27,"be40590d":36,"85de05f2":31,"6b9eff39":28,"c650b434":41,"3007f31f":32,"b6ee137a":38,"f734c84c":46,"9a80f004":36,"ee75b607":36,"d929098e":29,"d1d40c9c":41,"7f6d1d0e":41,"ea4d3f3e":43,"6b82b527":35,"6ee92259":40,"7fdc2007":34,"733c86f8":31,"eebc8d43":34,"e35a63cd":39,"a8c93bed":42,"a59a8290":36,"36fb15d2":31,"ef16ca37":31,"f9c15fcc":37,"4f5e3e7d":37,"b377a62a":29,"67f6e4f2":37,"b35e9e1a":55,"eeaa2d46":38,"546f6845":40,"1d153b20":35,"21ee2afe":44,"f3d68430":42,"18815a1b":34,"4469c815":17,"be149c6f":36,"a2c334e7":45,"a0685bf3":43,"8fb236a9":39,"ef91eaae":33,"43d87483":33,"7a840529":21,"ae95f2ba":36,"6f39f4d9":49,"619fda68":35,"313258f2":40,"fafb4cc2":48,"2dd0e808":43,"f789f6d8":42,"731fc335":28,"ae016053":35,"bfcb912a":41,"b230e8d3":41,"c81b2bcf":31,"4ed01268":37,"227006e4":35,"a983a6dc":37,"8d04852b":37,"e9a8cf11":31,"815e4582":38,"77f31bab":46,"5f7d7195":38,"449d8475":35,"2198ba8e":33,"a5aee5de":42,"ae8a09c4":40,"d82592f4":36,"9fc713b0":44,"be1746a0":23,"013ee301":40,"9a3cc55d":28,"0f72f2d8":35,"95f6db13":28,"695a2b92":41,"83086d4c":32,"f5829ac0":37,"1be05c14":27,"3712c4bd":36,"6db0ea86":34,"3f2522c2":42,"19f9ca86":45,"8d753bb6":34,"045f280d":36,"971675c5":43,"f271ed5d":29,"5a07fc2e":40,"fd369c21":44,"9ab755d3":37,"a33fe0dd":43,"014460b9":44,"c0b0f492":40,"caddd0a7":36,"e3547548":26,"08a06557":56,"b7505747":44,"69134f07":36,"f598a332":45,"53431634":50,"704bce0d":40,"6e24d88b":38,"19e9776f":38,"9f2b16a7":33,"972f4174":43,"5272520d":40,"40a745c0":36,"1a68160d":38,"b6591e25":34,"a68a93b2":35,"58d46189":35,"5fa12feb":38,"2b3c49b9":41,"0a96f57a":49,"e1f0dbfd":39,"c650b434":42,"b6ee137a":39,"e21c6207":32,"906fdec3":34,"290b4714":40,"7ee7621c":33,"b3f19a69":36,"6841f77e":45,"11b74e63":33,"7f6d1d0e":42,"e0e48a2d":37,"f2e3c0e3":32,"2bcca6a7":45,"911e770b":27,"fb7482fe":32,"84b67924":29,"3d1af513":38,"9260d96b":44,"3652bd66":34,"6f0fcb9d":43,"f1862e79":30,"31f6d707":39,"6585adbe":26,"172217e5":40,"8547fbc2":40,"7d6895f4":37,"d2a841c9":32,"15620dca":40,"a59a8290":37,"0e2b5d2f":39,"6a7392d5":33,"a0685bf3":44,"8063df14":35,"ad303bda":43,"9c29f0ed":47,"7a4c064c":46,"30b6808c":37,"6f39f4d9":50,"9fce073c":45,"faf4f98b":39,"d9d0c567":31,"623c6a31":39,"8d04852b":38,"9e206c95":46,"a47abfbb":34,"31f6ba51":42,"23760167":31,"35aa7fd0":39,"77bae750":30,"d8475b95":32,"ac62fac2":33,"458dcc3d":35,"c6e3d352":38,"cf52025e":28,"2d382981":38,"7732eb1e":51,"3c43e8a2":46,"437fc3ec":38,"de36827b":46,"0f72f2d8":36,"d1676e89":38,"0114160e":34,"5678ed7b":43,"fe1d4419":41,"bbe71605":29,"d599b566":49,"4b3e3b1c":41,"a58bf525":37,"c7ab83c1":35,"0b5a0408":36,"9d9dd9e5":34,"181c3dd5":36,"1ed46298":46,"1a0189c4":36,"9f5e6cba":46,"47d27624":37,"aff8e442":35,"527ff946":45,"805af3c7":36,"4def63ee":30,"25776fc4":41,"44c77422":40,"fbdffc95":32,"1247fa52":37,"8942c35b":37,"ca7d47f7":48,"1a68160d":39,"cd3bbe7e":42,"ebdbf580":35,"49b358bd":38,"4ee62a26":34,"efe84c27":35,"751acea8":39,"a3253019":38,"3f9b5722":30,"c0fea118":35,"bb98a6cf":45,"501db4de":39,"467773ac":38,"7e8e1c3d":38,"26c390d6":34,"2c627253":32,"0a1d11e6":35,"da04caac":37,"781ace7d":41,"616d6dd6":42,"4bc46d7a":39,"731fc335":29,"51a3e9c2":40,"11b74e63":34,"b3f19a69":37,"7fef9973":49,"1757a30e":25,"3b2dee89":37,"5b5fc566":35,"2f455cce":28,"84b67924":30,"0d2a1c58":29,"3c6692a3":44,"9fa62fee":36,"34658473":39,"a533489b":42,"45b038bb":48,"cd95f558":37,"336d0f08":39,"40569362":37,"5a0ead91":25,"7b6a7048":40,"a0ce82b4":37,"0149e11a":35,"ecfa8249":36,"07107f6e":41,"c45d554f":38,"0e036ae9":40,"82204d54":36,"478d2d4f":46,"13b53c7a":37,"0f89862c":32,"a66a2d8a":33,"cfafcda8":34,"e5b1abc6":36,"056ea7ff":37,"67c57de4":55,"d7cb9bcf":30,"95539a58":27,"f87c5031":34,"945b63f0":57,"8dd2684c":40,"9de29816":34,"bb99c79c":41,"22176537":29,"8cddb65e":43,"081460bf":29,"b35bb8a1":31,"b7cc7909":35,"031e488e":41,"725dce8b":38,"b230e8d3":42,"b88033fd":44,"a5aee5de":43,"05642105":37,"263762cb":38,"9c58dd76":43,"cf84fb54":42,"19f9ca86":46,"a0b03218":48,"56752a4a":33,"c318d350":37,"e7e82473":45,"8dc9b4db":40,"f1098793":43,"5678ed7b":44,"ae8a09c4":41,"09ff339a":32,"d36125db":51,"24d24fa3":34,"f6fe095d":46,"d6db2b02":43,"95d3d348":37,"6291e9e9":36,"9ceb5439":28,"a9b1bd51":27,"6adce358":39,"f4b2f575":30,"254cc28c":40,"84369269":33,"8f13c203":29,"57167c74":36,"caddd0a7":37,"4fd645f1":28,"c0b0f492":41,"04ea5673":43,"b2c25d1c":41,"7be025ce":34,"6e24d88b":39,"470d50c2":31,"754f98c9":43,"19e9776f":39,"180377be":32,"0da28f5b":38,"bb98a6cf":46,"4c4aa2e2":34,"30fdcd3b":36,"1a68160d":40,"ab7d4c9a":40,"467773ac":39,"e62d705f":28,"ac030e74":32,"d83294cd":46,"7896b953":35,"d5059415":40,"08a561b7":27,"195eb771":36,"61145ec9":51,"83b2f9c5":39,"b28a5e67":35,"313258f2":41,"93b0a158":38,"51a3e9c2":41,"e382ec3f":26,"e4c312fe":31,"d83870f5":40,"4652b09a":38,"ee21ad02":42,"fd07e0ed":35,"d744bee2":35,"b947257e":37,"84b67924":31,"9fa62fee":37,"84b767be":45,"730338c4":47,"f9c15fcc":38,"08a4c3f8":34,"288afc30":30,"5ee911b5":37,"8323d333":36,"02d4753e":45,"8d000d6e":29,"bc09fa9e":32,"85de05f2":32,"a0cca8b7":34,"18d20aa1":33,"fb8bfb36":45,"e1f0dbfd":40,"debe1f65":45,"9a07d89b":36,"478d2d4f":47,"8063df14":36,"f67de058":31,"33d6bb6a":34,"7af262e5":40,"50b558a7":33,"b9be31d6":36,"2b698053":34,"87cd2add":33,"6034b6d0":44,"0d28db94":30,"91536e85":36,"faf4f98b":40,"d6320619":40,"ec2cb1af":43,"3f65f121":36,"21ee2afe":45,"30dd2edc":35,"dfa1a89b":39,"0277d748":48,"e9a8cf11":32,"d6d61bfc":49,"5f6613c8":35,"57d5dee8":36,"03dcfa3d":39,"aefe13f5":47,"59c1e594":46,"bad6cdb1":32,"12a2cd4b":42,"4ff2225d":33,"64a7f79f":27,"d6db2b02":44,"0eaf08da":37,"95bc84f1":32,"bbe71605":30,"cf84fb54":43,"e36dfd6f":33,"4b3e3b1c":42,"5b60dd1d":40,"6ce84ff8":36,"3a204e56":40,"25635c37":38,"971675c5":44,"004f1ef3":43,"60e855ee":36,"5ac86fb9":37,"c64de0c0":32,"a1370ab0":42,"254cc28c":41,"99e171db":39,"1d790491":38,"37fbb107":36,"66d94227":29,"91d52a55":39,"d5557fb4":40,"caddd0a7":38,"f8b31ce5":46,"ce3bf5db":35,"7e76c93c":35,"25776fc4":42,"30c5d755":45,"5f620a1e":42,"c0fea118":36,"3498f223":32,"fe578280":36,"7a9344a4":40,"0da28f5b":39,"6e24d88b":40,"470d50c2":32,"3f9b5722":31,"1247fa52":38,"30d84dce":37,"c7313e0a":35,"b7434f57":31,"a901627e":32,"7896b953":36,"83b2f9c5":40,"52eca0dc":39,"5f0c1b9d":46,"00a481e3":37,"4bc46d7a":40,"e0e48a2d":38,"e6ec8cbf":42,"290b4714":41,"fea793f5":39,"cb4f262b":46,"6b82b527":36,"778c95e9":33,"9ab755d3":38,"aec074c4":46,"383e232d":33,"d552eb2f":25,"a625328f":39,"b947257e":38,"d33790a2":38,"ef16ca37":32,"8f2a7d69":35,"379184a7":46,"b377a62a":30,"8c6e001f":24,"02d4753e":46,"b6591e25":35,"9316e7e8":23,"51c57542":38,"a0cca8b7":35,"261c9911":40,"b6ee137a":40,"93e8cee5":41,"3007f31f":33,"da3437cd":28,"54d7de6b":43,"0f89862c":33,"831c7b85":35,"78b97937":33,"c463799d":42,"733c86f8":32,"20958d58":38,"05f6ab35":34,"d4ee22a4":37,"4d9b0b10":35,"b9be31d6":37,"87cd2add":34,"87083264":44,"053f3451":38,"8547fbc2":41,"d3e84616":41,"4d35385e":32,"49902219":38,"09560615":31,"546f6845":41,"416a9e97":40,"4febf7c5":42,"aa00769b":47,"481754fc":24,"6ebe2354":30,"bad6cdb1":33,"a43061ee":35,"e36dfd6f":34,"812b4f15":40,"11888cfa":32,"07fc4a9a":35,"a4dafea5":32,"1f88a4b7":39,"0be540c5":41,"8d753bb6":35,"19f9ca86":47,"f6fe095d":47,"b1f58563":36,"deb31f35":41,"03b4ab60":37,"9b3f8714":35,"a47abfbb":35,"af034fee":29,"72805bf5":35,"68562193":30,"0670c466":40,"794f652b":30,"36b7003c":41,"e1571af7":41,"c7636527":37,"4fd645f1":29,"cc6bbe45":34,"3bad3c95":25,"e5d3655c":44,"868cda42":29,"704bce0d":41,"470d50c2":33,"61f25dd4":37,"5e193fc8":41,"1b881e6e":42,"66d94227":30,"faf3ed07":41,"47d27624":38,"869cbaa0":39,"fafb4cc2":49,"616d6dd6":43,"71ba7561":31,"65e4235b":41,"a5fd8ffd":48,"b2cfdbcf":36,"28654c76":49,"d929098e":30,"ad2d7bed":35,"d1d40c9c":42,"f271ed5d":30,"70bc8325":37,"0d2a1c58":30,"835358a0":30,"2c627253":33,"095ab3b4":30,"d599b566":50,"fe1d4419":42,"09f0db62":49,"7ae3fc50":39,"7a2f3f06":34,"31f6d707":40,"c7c4ec5c":35,"f9c15fcc":39,"b35e9e1a":56,"6585adbe":27,"a6626a13":30,"fd07e0ed":36,"4279e829":43,"9267f0ef":49,"f33c0140":33,"cd3bbe7e":43,"40a745c0":37,"c85a0d80":37,"751bcf25":29,"4e3f5178":39,"3b690f68":42,"bb98a6cf":47,"6bc5d32a":48,"2b3c49b9":42,"7d112f4d":37,"5c82d1ce":31,"bfad1727":36,"d25e0f8d":35,"27d8bf51":44,"d4d5f466":40,"bec9d329":39,"d815c5b4":49,"20811ddf":34,"05f6ab35":35,"4c0e547b":28,"33d6bb6a":35,"70ee0491":30,"fead11cf":37,"c6dc900c":32,"fee32863":37,"e28c2efc":40,"21ee2afe":46,"57540cc3":36,"eafbf9fb":43,"0e036ae9":41,"4b4ef7fa":42,"2198ba8e":34,"2c24d929":46,"c6e3d352":39,"b460f030":48,"1438fad7":41,"cac4449a":32,"66554572":28,"792cfcbd":30,"b36a0d66":22,"cf50e84e":36,"59431390":40,"95f6db13":29,"045f280d":37,"9de29816":35,"623c6a31":40,"25a7a0a3":35,"7af9d3b1":34,"a6003226":37,"2132fe93":45,"181c3dd5":37,"af034fee":30,"2045d7d6":37,"c4e70c07":33,"a81a857c":37,"c1bdfd41":34,"df2b4d87":42,"92f800f5":31,"b230e8d3":43,"ed4fad08":39,"d1fe2868":34,"90d52475":37,"a939b50b":39,"faf3ed07":42,"449d8475":36,"bad1a1cc":32,"84369269":34,"7a840529":22,"619fda68":36,"6f39f4d9":51,"d4ee22a4":38,"7566fdd6":36,"053f3451":39,"d9a64845":28,"45b5746e":39,"5ef93e5d":30,"83b2f9c5":41,"d8e58a8c":44,"a5fd8ffd":49,"012de09c":29,"2f455cce":29,"39bbc4bc":58,"f5cd79c1":34,"e7773397":34,"27f52ed3":47,"c0b7e7d7":37,"82868763":33,"a77e127d":26,"02d4753e":47,"9260d96b":45,"31f6d707":41,"8f2a7d69":36,"f1862e79":31,"0cb80f4a":38,"45b038bb":49,"f4726450":35,"272c7672":41,"98915a1f":27,"fd369c21":45,"2a06ab95":42,"9147702f":34,"719c8869":52,"dcf85091":32,"754f98c9":44,"e7abc88d":22,"cc11fef9":39,"53431634":51,"61f25dd4":38,"4b4ecbce":35,"30d84dce":38,"470d50c2":34,"4360a1a3":38,"9b172ca8":36,"66497c7e":30,"c3e6ef01":50,"20e470e0":33,"72b84094":44,"cd421290":41,"e2cbe594":32,"18d20aa1":34,"ecfa8249":37,"9d0546ac":38,"ab7467de":46,"6ee92259":41,"7fef9973":50,"87c462ee":38,"fea793f5":40,"f0a06216":39,"d4d5f466":41,"9d4f1fe6":32,"8063df14":37,"13b53c7a":38,"9a07d89b":37,"a66a2d8a":34,"ec11fe5f":40,"c510bfd3":41,"7af262e5":41,"e8d74304":34,"a0b03218":49,"c27969ec":32,"9c58dd76":44,"01cd8099":37,"cf50e84e":37,"aefe13f5":48,"7732eb1e":52,"b7df1559":40,"8298e976":44,"de36827b":47,"07fc4a9a":36,"4945c851":52,"57540cc3":37,"fd6dcb20":31,"9c045c61":39,"d1715f3b":41,"6cba74ce":42,"6d5fcd4c":36,"49902219":39,"b230e8d3":44,"caddd0a7":39,"88fa53d6":29,"68562193":31,"dc473de1":35,"40860a4b":30,"bc3dc66a":32,"dcfaba4c":33,"3c18f28e":36,"47d27624":39,"c6c85783":36,"6e98dfda":49,"9ceb5439":29,"87cd2add":35,"76f94eda":36,"869cbaa0":40,"7218c9f1":28,"2b698053":35,"619fda68":37,"a85d89cc":42,"cf1b8c47":40,"6e44927f":28,"71ba7561":32,"aa867541":28,"ec110282":33,"fafb4cc2":50,"c91966ce":27,"97e75c19":43,"815e4582":39,"23760167":32,"28d41578":30,"263762cb":39,"1951480c":41,"578f6e9e":38,"016953e4":41,"77d35808":37,"fb7b7b3c":52,"a58bf525":38,"9e878ec2":44,"7a2f3f06":35,"0cb80f4a":39,"7028b044":34,"af0b61ab":43,"8cd78f77":47,"730338c4":48,"bca2d7cd":29,"d3a669ac":45,"b7832271":34,"3bad3c95":26,"7e76c93c":36,"ce3bf5db":36,"0f029727":32,"5f620a1e":43,"501db4de":40,"9b742f71":38,"c0fea118":37,"cc11fef9":40,"c7313e0a":36,"180377be":33,"f76a3e83":45,"7cd0ad7b":42,"4e3f5178":40,"6e24d88b":41,"2e3503e4":36,"d0c104c4":29,"bb98a6cf":48,"655941a0":48,"c455f40e":25,"a851554d":44,"b6ee137a":41
1604737461194,"67d30f2b":41,"3b2dee89":38,"ad2d7bed":36,"1757a30e":26,"d39724bc":43,"6b82b527":37,"e356abf1":35,"2bcca6a7":46,"062179c1":36,"d78dd457":32,"33d6bb6a":36,"4c0e547b":29,"78b97937":34,"2a4a402a":34,"cd421290":42,"debe1f65":46,"e21c6207":33,"25e0dd3d":42,"93b9fae6":34,"0785820e":37,"629800eb":43,"a85d89cc":43,"753ca352":28,"cb142908":35,"53b4e647":46,"49cb2959":34,"83b2f9c5":42,"a0cf08b3":32,"d9d0c567":32,"f789f6d8":43,"8a165e17":40,"abc1d7ad":41,"00554ffd":47,"2e99f8fd":34,"ef16ca37":33,"40569362":38,"5acce642":46,"93b0a158":39,"4652b09a":39,"e4117b3b":27,"00cf385d":44,"87c462ee":39,"bf30a08f":46,"a59a8290":38,"478d2d4f":48,"8b5a8e9f":55,"d78dd457":33,"fef750ca":42,"c0b0f492":42,"2af60749":41,"d6f0d94a":34,"cc6bbe45":35,"5ab7bc35":40,"4c39240e":37,"caddd0a7":40,"4c4aa2e2":35,"f3992a31":41,"d033db8d":34,"acac14fb":33,"059d6c19":46,"5e193fc8":42,"430a5db5":44,"4e3f5178":41,"168e75d9":31,"30d84dce":39,"906632cb":29,"dbc9df44":33,"26ed1a5c":36,"180377be":34,"20777945":38,"fb8bfb36":46,"ecfa8249":38,"9a80f004":37,"261c9911":41,"201cafad":26,"7b6a7048":41,"25a2844e":42,"55928ef1":43,"56752a4a":34,"87922532":36,"458dcc3d":36,"12271e14":41,"f1098793":44,"8cf83787":36,"23080895":34,"88a30343":44,"b2bd8fd3":34,"fb44fa9c":44,"28d41578":31,"013ee301":41,"e0f7679f":40,"07fc4a9a":37,"1951480c":42,"971675c5":45,"60e855ee":37,"09f0db62":50,"312f7676":36,"e238f09b":35,"a77e127d":27,"ac030e74":33,"af7e5be8":37,"cb142908":36,"6a5b71b4":47,"d5059415":41,"ae95f2ba":37,"9fce073c":46,"537634c9":31,"731fc335":30,"45b5746e":40,"08a561b7":28,"ec110282":34,"67f6e4f2":38,"08a4c3f8":35,"cfe72ead":34,"db0a661e":43,"de11eb19":52,"3d1af513":39,"d0b297b2":32,"fe44fc6f":41,"52eca0dc":40,"4d35385e":33,"22ecaed0":33,"21ee2afe":47,"558d5ce7":43,"9e206c95":47,"49902219":40,"25a7a0a3":36,"e0e48a2d":39,"b3f19a69":38,"730a4938":43,"cb4f262b":47,"7735c3c2":30,"bb00e71c":31,"bec9d329":40,"259930ee":38,"4def63ee":31,"b320feb9":35,"ca7d47f7":49,"868cda42":30,"c4e70c07":34,"ffc86f94":35,"7cd0ad7b":43,"4e3f5178":42,"d634aa28":42,"5be594be":31,"d34a29b9":42,"4360a1a3":39,"f1b493de":41,"cb51f134":43,"972f4174":44,"94a2fe10":47,"bd984a8e":31,"31408822":29,"30fdcd3b":37,"79f04300":36,"fb8bfb36":47,"26dd2000":36,"da3437cd":29,"5a622a23":40,"bfad1727":37,"a567ace4":37,"20958d58":39,"ba5c52af":35,"19551bad":31,"7bda83dd":37,"b102f7bd":47,"50b558a7":34,"b7df1559":41,"27c8e038":37,"24d24fa3":35,"468fc85c":45,"17807120":39,"73b15e04":37,"f5829ac0":38,"12a2cd4b":43,"ce4da56f":34,"b552beb3":30,"a8871ddf":39,"28d41578":32,"d9dcdc4b":42,"159ffd0b":15,"263762cb":40,"f2470875":37,"5781776a":36,"437fc3ec":39,"c95719e5":29,"68562193":32,"d6d61bfc":50,"a6003226":38,"7af9d3b1":35,"13747b82":41,"9f5e6cba":47,"c9efc8f6":42,"f66616b7":28,"faf3ed07":43,"4ed01268":38,"cf775f58":35,"47d27624":40,"394dc144":49,"99e171db":40,"72d7b461":36,"884b0ad1":34,"4bcd4a30":49,"3c6692a3":45,"b947257e":39,"2f455cce":30,"cf9f4757":27,"753ca352":29,"50c468ba":30,"93b9fae6":35,"629800eb":44,"d2466211":45,"ae95f2ba":38,"4eed1bea":42,"f4343817":37,"fafb4cc2":51,"c91966ce":28,"014bdff0":31,"09ff339a":33,"3d1af513":40,"b35e9e1a":57,"358e45b1":42,"9e878ec2":45,"6f0fcb9d":44,"e0e6a097":31,"49bf2e95":29,"b28a5e67":36,"5ef93e5d":31,"c793cdda":34,"eeaa2d46":39,"d3e84616":42,"15620dca":41,"3454fa2b":35,"95904ac4":48,"fe44fc6f":42,"a5676c24":37,"4b125e7b":37,"bd2705b0":43,"e382ec3f":27,"1a442bc7":32,"88ce179e":35,"11b74e63":35,"c0b23081":42,"f8b31ce5":47,"aab4d996":38,"ba30e43a":45,"4777334c":33,"b7505747":45,"4def63ee":32,"88fa53d6":30,"c7313e0a":37,"cc11fef9":41,"f598a332":46,"1a2ec5d7":41,"66497c7e":31,"e7abc88d":23,"d548635d":38,"7a9344a4":41,"53431634":52,"dbd2f139":42,"751acea8":40,"f33c0140":34,"906632cb":30,"ebdbf580":36,"c510bfd3":42,"0042f6eb":55,"7af262e5":42,"71bc1295":38,"c27969ec":33,"458dcc3d":37,"12a2cd4b":44,"35b58ef9":25,"cbad3b92":44,"28d41578":33,"26009d3f":41,"87ce8d1d":31,"fb44fa9c":45,"49910300":31,"f5829ac0":39,"e7e82473":46,"90731976":36,"cfafcda8":35,"7bda83dd":38,"9b546d65":31,"50b558a7":35,"9c045c61":40,"f5596d0f":37,"546f6845":42,"aec4e1bf":44,"5ac86fb9":38,"4911acad":30,"bfcb912a":42,"a2c334e7":46,"9b3f8714":36,"47cfba38":33,"d957f027":28,"088feee2":39,"5a0eb771":36,"1a0189c4":37,"f4b2f575":31,"1634789b":45,"5957df9e":41,"3062379b":27,"835358a0":31,"9496f56f":41,"d2466211":46,"67c57de4":56,"00a17b46":34,"b73e789c":35,"869cbaa0":41,"87cd2add":36,"0149e11a":36,"efd23af5":40,"51c57542":39,"20777945":39,"3007f31f":34,"e21c6207":34,"da3437cd":30,"3e082b37":37,"fb7b7b3c":53,"b769bdfb":43,"a58bf525":39,"437fc3ec":40,"d599b566":51,"5623817d":42,"8493f3b2":47,"08a4c3f8":36,"d0b297b2":33,"b377a62a":31,"b4fdf90e":39,"0ac825ed":36,"ef16ca37":34,"a901627e":33,"bca2d7cd":30,"1f7607df":23,"383e232d":34,"730338c4":49,"7028b044":35,"ae016053":36,"3101354b":32,"b28a5e67":37,"5ef93e5d":32,"95904ac4":49,"fafb4cc2":52,"e382ec3f":28,"e0e48a2d":40,"677c6a09":51,"a6b5e869":38,"6841f77e":46,"935ec056":31,"f56ac638":33,"4777334c":34,"75ffea08":36,"0a2f71bc":29,"a33fe0dd":44,"c1bdfd41":35,"2af60749":42,"3bad3c95":27,"8db62558":40,"06ee61b6":33,"58d46189":36,"145c7559":37,"b3863630":34,"5ccf94d6":38,"5be594be":32,"19e9776f":40,"1247fa52":39,"142d6987":42,"6b78ad7f":44,"1f11812e":34,"93683c82":38,"104721f0":38,"064a99c8":35,"a0b03218":50,"e8d74304":35,"ad8f85d6":35,"ac62fac2":34,"3e602573":26,"26009d3f":42,"a636f4c9":46,"5678ed7b":45,"1138796e":34,"3310a049":46,"b36a0d66":23,"489a39f7":31,"49910300":32,"2a4a402a":35,"05f6ab35":36,"13b53c7a":39,"733c86f8":33,"25a7a0a3":37,"2cb29e5a":43,"0277d748":49,"546f6845":43,"be4f8ba8":34,"2dda3936":31,"3454fa2b":36,"31f6ba51":43,"9f5e6cba":48,"dc473de1":36,"6df0b2e8":58,"deb31f35":42,"74e3d13e":40,"e4714415":45,"97e75c19":44,"d957f027":29,"25d1b2d8":42,"6e98dfda":50,"b88033fd":45,"36b7003c":42,"f2364460":42,"dc0c8b09":42,"cfafcda8":36,"b8488fc8":34,"07f98660":46,"2ce1af05":28,"621d6b18":41,"ffa08d82":38,"87083264":45,"debe1f65":47,"3b7763b1":30,"79e4fa1c":32,"e21c6207":35,"bc09fa9e":33,"5fa12feb":39,"93e8cee5":42,"53b4e647":47,"f1df62b4":32,"8dc9b4db":41,"5b60dd1d":41,"5623817d":43,"5781776a":37,"836701f6":33,"6ce84ff8":37,"971675c5":46,"92d38723":40,"336d0f08":40,"5a0ead91":26,"379184a7":47,"f1862e79":32,"db0a661e":44,"7028b044":36,"aa5dfdf5":43,"7db3edda":44,"72d7b461":37,"911e770b":28,"aaa274a5":35,"fd07e0ed":37,"f905a555":35,"616d6dd6":44,"1d44aff3":40,"345c9967":38,"74c26380":30,"71e53c93":41,"aa76bc50":37,"bd2705b0":44,"5eab91a0":42,"c0b0f492":43,"25776fc4":43,"ba30e43a":46,"62d1d346":34,"14c682eb":30,"2154b6e8":32,"b5ce0c0c":44,"1e7753d9":46,"90a06ee9":42,"c4feee5b":35,"cf1124db":34,"0c043224":44,"696fdac5":40,"1a2ec5d7":42,"c85a0d80":38,"74f234c6":32,"c0fea118":38,"93b0a158":40,"11b74e63":36,"e0e48a2d":41,"bf30a08f":47,"f56ac638":34,"7a2f3f06":36,"2c24d929":47,"4cc141fa":29,"b7df1559":42,"a636f4c9":47,"35b58ef9":26,"1138796e":35,"c27969ec":34,"95f6db13":30,"1c3a30c5":32,"45fb95c1":33,"f277386e":32,"12dd6f5e":34,"0e036ae9":42,"7d6895f4":38,"a77e8461":29,"22ecaed0":34,"57540cc3":38,"15620dca":42,"60d6cee2":37,"af034fee":31,"c4bff41f":29,"1ed46298":47,"6df0b2e8":59,"a1370ab0":43,"288a2c43":42,"90d52475":38,"8ec3834d":31,"a939b50b":40,"5a0eb771":37,"8a52882e":44,"97e75c19":45,"c98d5272":35,"9a07d89b":38,"e35a63cd":40,"2352c8ef":32,"6c486702":48,"fef750ca":43,"b8488fc8":35,"19551bad":32,"ffa08d82":39,"056ea7ff":38,"cb51f134":44,"c3e6ef01":51,"1e232870":39,"430a5db5":45,"3b7763b1":31,"51c57542":40,"4eed1bea":43,"2ad42a9e":32,"805534ac":33,"f9f2c53f":33,"93e8cee5":43,"f7231212":38,"7fb4c521":40,"67c57de4":57,"0d7d88f1":33,"af7e5be8":38,"b84a06eb":41,"0be540c5":42,"045f280d":38,"363590c7":31,"d1676e89":39,"5270f158":37,"fe1d4419":43,"71ff66e8":27,"b1f58563":37,"5099c6a0":51,"778c95e9":34,"22234d6b":38,"aaa274a5":36,"88b3bc99":36,"f271ed5d":31,"fb7482fe":33,"d744bee2":36,"4bc46d7a":41,"ae016053":37,"810aa5e9":35,"b2cfdbcf":37,"a5676c24":38,"3a291497":33,"012de09c":30,"14c682eb":31,"d9d7c4c2":45,"0b959527":28,"1623fc9f":31,"9bdf362a":31,"4777334c":35,"c015ec5a":36,"ee75b607":37,"79be29c8":36,"f0a06216":40,"4ac6bd4e":32,"9260d96b":46,"792c9b6a":34,"b35e9e1a":58,"8493f3b2":48,"0ac825ed":37,"8323d333":37,"ac62fac2":35,"be1746a0":24,"ae99df30":34,"ad2d7bed":37,"2882a956":38,"5eab91a0":43,"d1715f3b":42,"b946e146":42,"08c6b5d2":34,"49902219":41,"7080f122":28,"e9adbe58":31,"8547fbc2":42,"9f5e6cba":49,"a6003226":39,"76f3a3be":36,"60d6cee2":38,"e9a8cf11":33,"dcfaba4c":34,"42c80e69":41,"0f1ac912":24,"d957f027":30,"8a52882e":45,"815e4582":40,"088feee2":40,"47d27624":41,"a59a8290":39,"78467b8a":41,"8f10fa42":43,"70ee0491":31,"f2e3c0e3":33,"9a07d89b":39,"afe8e06a":31,"685207b3":40,"9316e7e8":24,"501db4de":41,"4279e829":44,"c4feee5b":36,"30dbfc69":40,"470d50c2":35,"d033db8d":35,"5272520d":41,"288d171f":34,"c3e6ef01":52,"145c7559":38,"93683c82":39,"36380d96":42,"7e8e1c3d":39,"debe1f65":48,"d25e0f8d":36,"3b7763b1":32,"21e10a2b":30,"9a80f004":38,"21ad2f34":32,"f7231212":39,"621d6b18":42,"abd32136":40,"d4ee22a4":39,"baebb391":48,"64a7f79f":28,"95f6db13":31,"26c6fa34":37,"1be05c14":28,"bbe71605":31,"bad6cdb1":34,"a6bcb07e":35,"ae8a09c4":42,"5678ed7b":46,"6db0ea86":35,"045f280d":39,"6d61bf13":34,"a40846b7":49,"6b79fec2":31,"016953e4":42,"60e855ee":38,"014bdff0":32,"b769bdfb":44,"c81b2bcf":32,"0fc5ac7e":49,"70bc8325":38,"aec074c4":47,"92efd84f":30,"0bd93cfd":33,"2d54e0a8":34,"84b67924":32,"53b4e647":48,"ae95f2ba":39,"9f74b8a4":37,"cf1b8c47":41,"74c26380":31,"a5676c24":39,"f3a0c2ee":30,"da04caac":38,"a0cf08b3":33,"5f0c1b9d":47,"d141db49":29,"7043382d":37,"d6f0d94a":35,"b320feb9":36,"e3547548":27,"ea274174":38,"c4aa1e38":31,"cfe72ead":35,"9263c525":34,"1bd5b20b":35,"d0e9a58e":34,"49bf2e95":30,"7f6d1d0e":43,"1bb4ccc0":33,"d929098e":31,"8547fbc2":43,"2dda3936":32,"b946e146":43,"6d339d45":41,"6cba74ce":43,"25a7a0a3":38,"3454fa2b":37,"03b4ab60":38,"7af9d3b1":36,"71279c46":38,"c9efc8f6":43,"9b3f8714":37,"64db4feb":40,"c4bff41f":30,"8ec3834d":32,"04cc7cbe":33,"6841f77e":47,"290b4714":42,"7ee7621c":34,"4c0e547b":30,"b87158fb":43,"be3a10f8":35,"2352c8ef":33,"1105f790":45,"c6dc900c":33,"b102f7bd":48,"30c5d755":46,"c8fcad77":35,"9b742f71":39,"26ed1a5c":37,"501db4de":42,"4279e829":45,"704bce0d":42,"b6591e25":36,"e9679ede":30,"4ee62a26":35,"efe84c27":36,"0841052c":39,"751bcf25":30,"1247fa52":40,"1e232870":40,"56d315d8":35,"f9f2c53f":34,"913a6226":35,"6b9eff39":29,"5c82d1ce":32,"4295ce9a":41,"7bebff03":34,"6bc5d32a":49,"9c58dd76":45,"73b15e04":38,"2d1e1e9d":32,"b84a06eb":42,"b2bd8fd3":35,"dd1fcb17":41,"5678ed7b":47,"d82592f4":37,"d6db2b02":45,"11888cfa":33,"b7df1559":43,"6db0ea86":36,"a5aee5de":44,"2cce4fb2":40,"004f1ef3":44,"f5cd79c1":35,"83086d4c":33,"8e4c33d2":37,"3712c4bd":37,"0b3283c9":33,"c7ab83c1":36,"91d52a55":40,"5a0eb771":38,"794f652b":31,"48efc739":46,"50d129cf":34,"6adce358":40,"2c01e624":33,"2d13e69b":41,"84b767be":46,"9fa62fee":38,"778c95e9":35,"d552eb2f":26,"1f342a00":45,"753ca352":30,"a06a6430":30,"ad303bda":44,"619fda68":38,"e4cfef0a":29,"621d6b18":43,"f1df62b4":33,"5f0c1b9d":48,"61145ec9":52,"abc1d7ad":42,"91f7ef72":37,"6e44927f":29,"65e4235b":42,"db8ba455":44,"8d000d6e":30,"d33790a2":39,"4f5e3e7d":38,"1bd5b20b":36,"cd95f558":38,"f9c15fcc":40,"50312237":40,"b946e146":44,"0e036ae9":43,"57540cc3":39,"12012fbd":43,"217c0327":26,"ccdd1ce6":29,"172217e5":41,"9b3f8714":38,"f94bf9ea":32,"a2c334e7":47,"6867261a":32,"e9a8cf11":34,"1a442bc7":33,"1bb4ccc0":34,"2882a956":39,"91b28f83":42,"5eab91a0":44,"1757a30e":27,"54d7de6b":44,"7af262e5":43,"b102f7bd":49,"733c86f8":34,"be3a10f8":36,"2bcca6a7":47,"d78dd457":34,"cfafcda8":37,"c4e70c07":35,"e32524d6":36,"7043382d":38,"b5ce0c0c":45,"f8b31ce5":48,"37a7d5b0":42,"c0b0f492":44,"5ccf94d6":39,"db703021":33,"30dbfc69":41,"9267f0ef":50,"5be594be":33,"d0c104c4":30,"f2086446":41,"26ed1a5c":38,"a836aa93":34,"1e7753d9":47,"d033db8d":36,"ebdbf580":37,"168e75d9":32,"80a8a56d":38,"ecfa8249":39,"f9f2c53f":35,"fb8bfb36":48,"913a6226":36,"5a622a23":41,"261c9911":42,"feb67030":34,"ae8a09c4":43,"01cd8099":38,"458dcc3d":38,"ad8f85d6":36,"0eaf08da":38,"8cf83787":37,"812b4f15":41,"a5aee5de":45,"3310a049":47,"06ddafc7":38,"90731976":37,"6d802fa2":38,"1db42092":46,"5678ed7b":48,"09ff339a":34,"312f7676":37,"c318d350":38,"f1dffa24":28,"ea9bba6b":34,"22aeaf03":38,"dc583e64":33,"dcfaba4c":35,"4911acad":31,"31d74eee":35,"97e75c19":46,"37fbb107":37,"f66616b7":29,"04643409":37,"a9b1bd51":28,"088feee2":41,"2f455cce":31,"aa5dfdf5":44,"884b0ad1":35,"f069bb07":41,"c0e2624b":35,"fb7482fe":34,"72d7b461":38,"ef14000f":38,"1dad0f99":33,"0d28db94":31,"6a5b71b4":48,"c8113b77":33,"4930f321":31,"869cbaa0":42,"c91966ce":29,"cf1b8c47":42,"91f7ef72":38,"dc03ebd2":49,"45b5746e":41,"69eeae0d":39,"a851891c":29,"92d38723":41,"d33790a2":40,"b4fdf90e":40,"b8397293":38,"8c6e001f":25,"5f8517b7":47,"a533489b":43,"12dd6f5e":35,"3454fa2b":38,"53a8613c":40,"d1715f3b":43,"f3d68430":43,"bc021def":47,"9de29816":36,"64db4feb":41,"ee75b607":38,"5b5fc566":36,"bb00e71c":32,"124fbe96":41,"1a442bc7":34,"00cf385d":45,"88ce179e":36,"ba5c52af":36,"65a00a3c":36,"5ab7bc35":41,"ba30e43a":47,"7e76c93c":37,"49b358bd":39,"cc11fef9":42,"2af60749":43,"259930ee":39,"f4634d0b":38,"2e3503e4":37,"61f25dd4":39,"0a92153e":38,"5ccf94d6":40,"6b78ad7f":45,"7cd0ad7b":44,"be2955bb":41,"93683c82":40,"dbc9df44":34,"be40590d":37,"06ee61b6":34,"b215547b":29,"f734c84c":47,"547903ef":39,"daab45c6":36,"93e8cee5":44,"5a622a23":42,"2352c8ef":34,"be3a10f8":37,"2a76f1dd":28,"9b546d65":32,"0042f6eb":56,"50b558a7":36,"b2bd8fd3":36,"eed20185":38,"24d24fa3":36,"a636f4c9":48,"8eb64769":28,"ce4da56f":35,"1db42092":47,"1c3a30c5":33,"2cce4fb2":41,"4b4ef7fa":43,"4945c851":53,"411b5027":42,"6a60348e":39,"5678ed7b":49,"a77e127d":28,"eda6a690":36,"836701f6":34,"8dd649a3":31,"227006e4":36,"540df50f":43,"6df0b2e8":60,"68562193":33,"dcfaba4c":36,"a2c334e7":48,"b88033fd":46,"f66616b7":30,"23760167":33,"1a0189c4":38,"77f31bab":47,"650bb0e0":42,"6adce358":41,"2180f99b":44,"284544ba":45,"0bd93cfd":34,"730338c4":50,"f271ed5d":32,"22234d6b":39,"7e95c5a0":34,"7a840529":23,"d7cb9bcf":31,"4f59a322":40,"7218c9f1":29,"869cbaa0":43,"8ac72326":36,"ab7467de":47,"40e79dd3":40,"b2cfdbcf":38,"4bc46d7a":42
1604737462143,"016953e4":43,"363590c7":32,"c7ab83c1":37,"cd95f558":39,"82b81567":37,"31f6d707":42,"02d4753e":48,"92d38723":42,"0ac825ed":38,"8d000d6e":31,"0eaf08da":39,"8eb64769":29,"481754fc":25,"7028b044":37,"cbad3b92":45,"28d41578":34,"1438fad7":42,"48655f09":49,"a0b03218":51,"cf50e84e":38,"a6bcb07e":36,"71bc1295":39,"05642105":38,"489a39f7":32,"0114160e":35,"695a2b92":42,"7ee148e9":35,"8e4c33d2":38,"578f6e9e":39,"095ab3b4":31,"77d35808":38,"004f1ef3":45,"1b153aef":39,"b7407bd3":37,"25a7a0a3":39,"88432019":39,"546f6845":44,"0e036ae9":44,"d2a841c9":33,"9e206c95":48,"0277d748":50,"aa9ea5e8":31,"47cfba38":34,"5f6613c8":36,"7af9d3b1":37,"b7cc7909":36,"a1370ab0":44,"12534561":26,"37fbb107":38,"47d27624":42,"cf775f58":36,"0f1ac912":25,"36b7003c":43,"3652bd66":35,"332820ce":38,"9263c525":35,"336d0f08":41,"8493f3b2":49,"42cd2360":34,"65e4235b":43,"4abb7aed":33,"6e98dfda":51,"bf822e33":32,"fd07e0ed":38,"d1ca5d6b":47,"84b67924":33,"2c01e624":34,"508aac3d":40,"af0b61ab":44,"3062379b":28,"e8d74304":36,"a636f4c9":49,"c4e70c07":36,"2154b6e8":33,"5ab7bc35":42,"5f620a1e":44,"259930ee":40,"e786063b":36,"f8b31ce5":49,"cc11fef9":43,"56d315d8":36,"ebdbf580":38,"696fdac5":41,"0c043224":45,"30d84dce":40,"efe84c27":37,"e0154608":25,"66497c7e":32,"0da28f5b":40,"1f11812e":35,"0a92153e":39,"aa00769b":48,"07fc4a9a":38,"dfc89705":35,"8aa78e2f":37,"481754fc":26,"56752a4a":35,"5678ed7b":50,"820225e4":25,"3e602573":27,"90731976":38,"49910300":33,"6db0ea86":37,"abc1d7ad":43,"db8ba455":45,"6775d5cd":27,"67d30f2b":42,"bd2705b0":45,"95d331b1":30,"730a4938":44,"c0b23081":43,"6c20c153":38,"1bc0591f":40,"95d3d348":38,"f5cd79c1":36,"71ff66e8":28,"0b3283c9":34,"26f99a1e":39,"5b60dd1d":42,"8274885a":39,"b946e146":45,"d2a841c9":34,"b9a48a5c":29,"08c6b5d2":35,"51f57142":40,"bb99c79c":42,"3f65f121":37,"288a2c43":43,"2132fe93":46,"6867261a":33,"71a2a493":25,"3c18f28e":37,"aec4e1bf":45,"8d04852b":39,"9d9dd9e5":35,"c67979e6":41,"1634789b":46,"3b690f68":43,"9267f0ef":51,"bc09fa9e":34,"e2a7d915":40,"e21c6207":36,"daab45c6":37,"20777945":40,"c455f40e":26,"c45d554f":39,"1b153aef":40,"c4aa1e38":32,"3652bd66":36,"478d2d4f":49,"78467b8a":42,"fead11cf":38,"7bda83dd":39,"11b2c8d9":33,"19551bad":33,"c38c2b52":45,"e57d5cda":47,"b9be31d6":38,"869cbaa0":44,"c803b4a3":41,"629800eb":45,"9aa6a054":31,"aa867541":29,"ea274174":39,"34658473":40,"b7407bd3":38,"336d0f08":42,"c6c85783":37,"5339e1e9":36,"6adce358":42,"2a387957":44,"fd07e0ed":39,"d3a669ac":46,"39ba00f0":36,"d1ca5d6b":48,"8657c79d":47,"fb7482fe":35,"f271ed5d":33,"e1571af7":42,"e32524d6":37,"014460b9":45,"c015ec5a":37,"24ffcbd3":42,"a81a857c":38,"805af3c7":37,"9d4da635":32,"30d84dce":41,"30dbfc69":42,"7a9344a4":42,"e1618359":43,"f2086446":42,"c8977844":39,"bc392d1c":31,"74e01f6a":40,"a543ec74":41,"a636f4c9":50,"a24e6670":45,"8b2b601d":37,"35b58ef9":27,"3310a049":48,"c27969ec":35,"1c3a30c5":34,"1138796e":36,"b552beb3":31,"45b5746e":42,"781ace7d":42,"a5fd8ffd":50,"ec110282":35,"5f96c2bc":26,"b2cfdbcf":39,"d39724bc":44,"ad2d7bed":38,"e4117b3b":28,"9cb4697f":42,"bd2705b0":46,"1438fad7":43,"820225e4":26,"fe1d4419":44,"88432019":40,"08c6b5d2":36,"140ce69e":40,"22176537":30,"9c045c61":41,"7af9d3b1":38,"57540cc3":40,"416a9e97":41,"5e09f69e":41,"5410e9c6":41,"dbc9df44":35,"c3e6ef01":53,"66497c7e":33,"b215547b":30,"0da28f5b":41,"2209903e":42,"90a06ee9":43,"25e0dd3d":43,"53747a91":48,"f121b82c":40,"6b9eff39":30,"e1f0dbfd":41,"201cafad":27,"fb8bfb36":49,"317c1591":31,"6085137f":21,"836701f6":35,"19f9ca86":48,"0cb80f4a":40,"3e082b37":38,"bec9d329":41,"8063df14":38,"04cc7cbe":34,"6a7392d5":34,"13b53c7a":40,"a0685bf3":45,"b87158fb":44,"ba5c52af":37,"78b97937":35,"c803b4a3":42,"9f74b8a4":38,"0785820e":38,"6f39f4d9":52,"10ec5a0b":34,"ac030e74":34,"faf4f98b":41,"fa55f27a":46,"288afc30":31,"4ea4a2a1":44,"4ac6bd4e":33,"cd95f558":40,"b35e9e1a":59,"44c77422":41,"36684155":37,"088feee2":42,"12534561":27,"57d5dee8":37,"cf775f58":37,"4911acad":32,"bda8cdfb":39,"2a387957":45,"c9efc8f6":44,"bad1a1cc":33,"deb31f35":43,"25d1b2d8":43,"aa5dfdf5":45,"dd7acb96":39,"fd369c21":46,"a6626a13":31,"481754fc":27,"3e602573":28,"27c8e038":38,"17b08923":32,"1c3a30c5":35,"32c9fc47":32,"4b4ef7fa":44,"74c26380":32,"f905a555":36,"537634c9":32,"fd482491":42,"c91966ce":30,"aa867541":30,"e865e4dd":44,"f56ac638":35,"bb00e71c":33,"fea793f5":41,"b7df1559":44,"7732eb1e":53,"868edcc0":41,"ad8f85d6":37,"45fb95c1":34,"e81834aa":35,"1be05c14":29,"6ce84ff8":38,"3c43e8a2":47,"82868763":34,"8274885a":40,"d744bee2":37,"d552eb2f":27,"2f455cce":32,"8dd2684c":41,"1d153b20":36,"6143f39d":37,"22176537":31,"18815a1b":35,"09560615":32,"e9adbe58":32,"3f2522c2":43,"016953e4":44,"e238f09b":36,"2154b6e8":34,"6fb4cdda":38,"a81a857c":39,"f2086446":43,"a577db1c":33,"0841052c":40,"4e3f5178":43,"0d5ee801":34,"14c682eb":32,"61f25dd4":40,"0a92153e":40,"a4296d1e":40,"c85a0d80":39,"d70ca4f4":44,"a33fe0dd":45,"8f9b74b0":30,"9b742f71":40,"93e8cee5":45,"1623fc9f":32,"19e9776f":41,"751acea8":41,"f9f2c53f":36,"6bc5d32a":50,"0c043224":46,"2209903e":43,"805534ac":34,"ecfa8249":40,"a6b5e869":39,"04bef50c":23,"d39724bc":45,"b3f19a69":39,"19551bad":34,"e5b1abc6":37,"ba5c52af":38,"dfcc2ad1":36,"7bda83dd":40,"1745a0f4":37,"11b2c8d9":34,"2ce1af05":29,"87083264":46,"93b9fae6":36,"f7231212":40,"4f59a322":41,"0d28db94":32,"b9be31d6":39,"b2a8761b":38,"c4aa1e38":33,"358e45b1":43,"8f2a7d69":37,"45b038bb":50,"50312237":41,"d0c0fc08":36,"181c3dd5":38,"227006e4":37,"815e4582":41,"081460bf":30,"77f31bab":48,"40860a4b":31,"d957f027":31,"bfcb912a":43,"ed4fad08":40,"5d087c79":37,"57d5dee8":38,"2b3e4717":41,"650bb0e0":43,"d1fe2868":35,"5a07fc2e":41,"2d54e0a8":35,"bca2d7cd":31,"0d2a1c58":31,"b7832271":35,"2f455cce":33,"dfc89705":36,"eed20185":39,"5ef93e5d":33,"cf1b8c47":43,"71ba7561":33,"aa76bc50":38,"4abb7aed":34,"345c9967":39,"a0cf08b3":34,"4258c176":35,"b460f030":49,"baebb391":49,"cf50e84e":39,"a6bcb07e":37,"1c3a30c5":36,"2d382981":39,"f5829ac0":40,"0f72f2d8":37,"66554572":29,"54a676d6":39,"4b3e3b1c":43,"e8f173b5":34,"a625328f":40,"4d35385e":34,"6143f39d":38,"b9a48a5c":30,"30dd2edc":36,"9a3cc55d":29,"b1f58563":38,"3f2522c2":44,"44c77422":42,"d6f0d94a":36,"49b358bd":40,"ce3bf5db":37,"7043382d":39,"c0b0f492":45,"2154b6e8":35,"e9679ede":31,"145c7559":39,"69134f07":37,"8942c35b":38,"4b4ecbce":36,"66497c7e":34,"0da28f5b":42,"6e24d88b":42,"36380d96":43,"a4f1d83b":37,"a4296d1e":41,"debe1f65":49,"19e9776f":42,"27d8bf51":45,"9316e7e8":25,"25e0dd3d":44,"f1b493de":42,"d25e0f8d":37,"bc09fa9e":35,"e2cbe594":33,"44ff8baa":30,"2203f259":38,"437fc3ec":41,"312f7676":38,"7ee148e9":36,"16b476e9":34,"f56ac638":36,"4652b09a":40,"7fef9973":51,"e382ec3f":29,"88ce179e":37,"55928ef1":44,"b8488fc8":36,"9b546d65":33,"70ee0491":32,"e5b1abc6":38,"c510bfd3":43,"50b558a7":37,"f7231212":41,"385ab7c6":38,"d7cb9bcf":32,"43d87483":34,"d0c0fc08":37,"00554ffd":48,"8493f3b2":50,"ef16ca37":35,"4ac6bd4e":34,"d102b0c6":32,"336d0f08":43,"ccdd1ce6":30,"6cba74ce":44,"9de29816":37,"be149c6f":37,"a2c334e7":49,"b8ab8e6e":37,"b7cc7909":37,"0681c48e":43,"cf775f58":38,"031e488e":42,"1634789b":47,"03b4ab60":39,"1a0189c4":39,"37fbb107":39,"c4bff41f":31,"7e15f8e8":44,"93fdbb44":26,"84b67924":34,"730338c4":51,"6a3eaf43":35,"b7832271":36,"ac030e74":35,"9aa6a054":32,"cc5a1d47":38,"7c0a2db6":46,"3f75d3bc":40,"da04caac":39,"195eb771":37,"3101354b":33,"f3a0c2ee":31,"61145ec9":53,"26c6fa34":38,"17807120":40,"458dcc3d":39,"8cf83787":38,"b7df1559":45,"d9dcdc4b":43,"baebb391":50,"a543ec74":42,"8b2b601d":38,"ce4da56f":36,"4b4ef7fa":45,"b84a06eb":43,"17b08923":33,"e81834aa":36,"c0e2624b":36,"70c1e715":44,"50c3164b":46,"15620dca":43,"c8fcad77":36,"5f620a1e":45,"b7505747":46,"4def63ee":33,"5ab7bc35":43,"3fdb08f5":34,"ffc86f94":36,"685207b3":41,"f33c0140":35,"c21ab51e":30,"ab7d4c9a":41,"142d6987":43,"1247fa52":41,"0d5ee801":35,"0c0e98ea":35,"754f98c9":45,"9316e7e8":26,"1a68160d":41,"19e9776f":43,"25e0dd3d":45,"6490bac6":39,"cd3bbe7e":44,"7d112f4d":38,"74f234c6":33,"4dac6b20":37,"a851554d":45,"8f9b74b0":31,"3b7763b1":33,"eda6a690":37,"60e855ee":39,"2203f259":39,"6d61bf13":35,"016953e4":45,"e7773397":35,"3a204e56":41,"4258c176":36,"1c0a9eff":36,"abad2347":33,"935ec056":32,"6c20c153":39,"91b28f83":43,"ee21ad02":43,"8007f30e":29,"478d2d4f":50,"8063df14":39,"0f89862c":34,"b87158fb":45,"bd62d7ed":35,"0042f6eb":57,"358e45b1":44,"45b038bb":51,"36fb15d2":32,"b7407bd3":39,"9e878ec2":46,"554ebb83":40,"9263c525":36,"bb99c79c":43,"140ce69e":41,"a77e8461":30,"a63bddd4":41,"ccdd1ce6":31,"57540cc3":41,"af034fee":32,"e4714415":46,"9ceb5439":30,"93fdbb44":27,"1ed46298":48,"540df50f":44,"bda8cdfb":40,"ed4fad08":41,"bf822e33":33,"44a4f7cd":30,"24a9fb86":42,"03b4ab60":40,"36684155":38,"37fbb107":40,"6751d8e4":44,"07f98660":47,"4f59a322":42,"f1df62b4":34,"056ea7ff":39,"43d87483":35,"053f3451":40,"10ec5a0b":35,"abc1d7ad":44,"52eca0dc":41,"012de09c":31,"195eb771":38,"ec110282":36,"91f7ef72":39,"da04caac":40,"064a99c8":36,"99d130c9":49,"cf52025e":29,"3e602573":29,"6db0ea86":38,"2198ba8e":35,"4945c851":54,"06ddafc7":39,"9c58dd76":46,"bc392d1c":32,"a6bcb07e":38,"6c73ae98":38,"411b5027":43,"90731976":39,"2c627253":34,"ef1c2dcb":40,"b947257e":40,"2d13e69b":42,"d0d6acb1":38,"eb7b4e29":28,"5f620a1e":46,"04ea5673":44,"4fd645f1":30,"0b959527":29,"c7636527":38,"2154b6e8":36,"c4e70c07":37,"dcf85091":33,"f3992a31":42,"fe578280":37,"f33c0140":36,"c382f054":33,"ddec9e54":32,"8e99d5d0":31,"1a2ec5d7":43,"f121b82c":41,"7cd0ad7b":45,"d033db8d":37,"a68a93b2":36,"30d84dce":42,"2ad42a9e":33,"902f49f5":40,"27d8bf51":46,"3b7763b1":34,"26dd2000":37,"9d0546ac":39,"bfad1727":38,"c455f40e":27,"7ee148e9":37,"09f0db62":51,"27f52ed3":48,"82868763":35,"095ab3b4":32,"7f6d1d0e":44,"e4c312fe":32,"b0869206":43,"e382ec3f":30,"6ee92259":42,"730a4938":45,"37d0cae2":31,"d78dd457":35,"478d2d4f":51,"8b5a8e9f":56,"ec11fe5f":41,"b102f7bd":50,"1745a0f4":38,"a59a8290":40,"22aeaf03":39,"95d3d348":39,"9e878ec2":47,"288afc30":32,"408bb2ed":30,"1d153b20":37,"a63bddd4":42,"ccdd1ce6":32,"be4f8ba8":35,"18815a1b":36,"9de29816":38,"d1715f3b":44,"7af9d3b1":39,"cb6c9e42":53,"9b3f8714":39,"57d5dee8":39,"5a0eb771":39,"c9efc8f6":45,"1b881e6e":43,"254cc28c":42,"c93c3508":28,"c852d240":33,"d957f027":32,"d1fe2868":36,"5a734022":34,"5d087c79":38,"5ee911b5":38,"b35e9e1a":60,"0ac825ed":39,"7ae3fc50":40,"6034b6d0":45,"597c1f81":30,"0d28db94":33,"6a5b71b4":49,"cf9f4757":28,"00a17b46":35,"8fb236a9":40,"49cb2959":35,"4abb7aed":35,"da04caac":41,"810aa5e9":36,"537634c9":33,"83b2f9c5":43,"43bc86e3":38,"4cc141fa":30,"73b15e04":39,"b2bd8fd3":37,"12271e14":42,"d6db2b02":46,"d36125db":52,"804d4dfa":30,"1f88a4b7":40,"cf52025e":30,"0eaf08da":40,"bbe71605":32,"6c73ae98":39,"95bc84f1":33,"a8871ddf":40,"730338c4":52,"72d7b461":39,"0d2a1c58":32,"7db3edda":45,"ea822700":31,"4bcd4a30":50,"a625328f":41,"0b959527":30,"5f620a1e":47,"dac109cf":40,"c0b0f492":46,"b5ce0c0c":46,"92f800f5":32,"1623fc9f":33,"8e99d5d0":32,"4b4ecbce":37,"9267f0ef":52,"5be594be":34,"1247fa52":42,"e1618359":44,"cf1124db":35,"61f25dd4":41,"4c4aa2e2":36,"1e191c98":32,"6e24d88b":43,"1f11812e":36,"66497c7e":35,"51c57542":41,"3b690f68":44,"77898c22":34,"44ff8baa":31,"6841f77e":48,"91b28f83":44,"1a442bc7":35,"79be29c8":37,"7fef9973":52,"124fbe96":42,"d815c5b4":50,"55928ef1":45,"dc0c8b09":43,"5f4102da":40,"1745a0f4":39,"9a07d89b":40,"1da771fb":30,"7ee148e9":38,"317c1591":32,"27f52ed3":49,"a77e127d":29,"004f1ef3":46,"f6fe095d":48,"dfa1a89b":40,"3f65f121":38,"d6320619":41,"51f57142":41,"bb99c79c":44,"a63bddd4":43,"2dda3936":33,"31d74eee":36,"a6003226":40,"aa9ea5e8":32,"ce3407dd":33,"5e09f69e":42,"527ff946":46,"2a387957":46,"0681c48e":44,"ed4fad08":42,"ccf8b803":35,"c81b2bcf":33,"31f6ba51":44,"d1fe2868":37,"e4714415":47,"5acaa06f":26,"40e79dd3":41,"261c9911":43,"5c82d1ce":33,"2ad42a9e":34,"1ff8c2fc":44,"792c9b6a":35,"8c6e001f":26,"b2a8761b":39,"ef16ca37":36,"19551bad":35,"dfcc2ad1":37,"2ce1af05":30,"af7e5be8":39,"619fda68":39,"ffa08d82":40,"b73e789c":36,"f7231212":42,"ae95f2ba":40,"00a481e3":38,"da04caac":42,"a472532e":33,"91f7ef72":40,"f3a0c2ee":32,"56473430":38,"d8e58a8c":45,"d33790a2":41,"e6fac295":35,"0be540c5":43,"b6aaf976":42,"9fc713b0":45,"1138796e":37,"778c95e9":36,"aec074c4":48,"ea822700":32,"eb7b4e29":29,"fd369c21":47,"f4726450":36,"f271ed5d":34,"792cfcbd":31,"69f3bfcc":41,"868edcc0":42,"be1746a0":25,"59431390":41,"2d382981":40,"0114160e":36,"4777334c":36,"c7636527":39,"9e65c0ef":32,"7e76c93c":38,"25776fc4":44,"37a7d5b0":43,"e786063b":37,"972f4174":45,"e0154608":26,"dbc9df44":36,"0a92153e":41,"bd984a8e":32,"cd3bbe7e":45,"c5b35e4d":36,"c4feee5b":37,"66497c7e":36,"751bcf25":31,"f1b493de":43,"74e01f6a":41,"fb44fa9c":46,"c0b23081":44,"37d0cae2":32,"935ec056":33,"bec9d329":42,"8bc04eb5":28,"d815c5b4":51,"1a442bc7":36,"6c524f99":33,"b935fc1c":33,"42191b64":33,"7ee148e9":39,"1da771fb":31,"26f99a1e":40,"6d61bf13":36,"8274885a":41,"6f81493d":43,"4360a1a3":40,"74f234c6":34,"4e5aaaec":29,"e2a7d915":41,"df81ddee":31,"07107f6e":42,"7b6a7048":42,"79e4fa1c":33,"e21c6207":37,"ac38a6a5":39,"9e206c95":49,"be4f8ba8":36,"30dd2edc":37,"22ecaed0":35,"01d817b8":32,"bc021def":48,"a6003226":41,"d957f027":33,"71a2a493":26,"bf822e33":34,"66d94227":31,"0ecfa1c9":36,"9f5e6cba":50,"a9b1bd51":29,"84369269":35,"32133249":42,"24a9fb86":43,"e99318a3":32,"bad1a1cc":34,"4125085e":46,"1b153aef":41,"7ae3fc50":41,"f9c15fcc":41,"36fb15d2":33,"761cf820":30,"0ac825ed":40,"50312237":42,"a8c93bed":43,"f5e8dfee":41,"78b97937":36,"7bda83dd":41,"6a7392d5":35,"b8488fc8":37,"07f98660":48,"f1df62b4":35,"e28c2efc":41,"91536e85":37,"53b4e647":49,"10ec5a0b":36,"67c57de4":58,"a901627e":34,"5ef93e5d":34,"9fa62fee":39,"2a06ab95":43,"84b767be":47,"70c1e715":45,"b7832271":37,"2c01e624":35,"7db3edda":46,"99d130c9":50,"719c8869":53,"4777334c":37,"b320feb9":37,"259930ee":41,"d9d7c4c2":46,"685207b3":42,"88fa53d6":31,"c4feee5b":38,"ffc86f94":37,"53431634":53,"288d171f":35,"145c7559":40,"0b5a0408":37,"49910300":34,"cf52025e":31,"bab97de3":44,"458dcc3d":40,"6291e9e9":37,"c27969ec":36,"74e01f6a":42,"1db42092":48,"28d41578":35,"baebb391":51,"de36827b":48,"59c1e594":47,"d8e58a8c":46,"1d44aff3":41,"8a165e17":41,"00a481e3":39,"db8ba455":46,"ee75b607":39,"7fef9973":53,"16b476e9":35,"fea793f5":42,"4258c176":37,"c0b23081":45
1604737462797,"f0a06216":41,"11b2c8d9":35,"2bcca6a7":48,"6a7392d5":36,"dd3913d2":35,"1bc0591f":41,"8b5a8e9f":57,"b87158fb":46,"d4ee22a4":40,"619fda68":40,"ef91eaae":34,"9fce073c":47,"af7e5be8":40,"0d28db94":34,"2ce1af05":31,"f2086446":44,"d0c104c4":31,"e62d705f":29,"696fdac5":42,"30dbfc69":43,"d033db8d":38,"31408822":30,"d70ca4f4":45,"db703021":34,"6bc5d32a":51,"201cafad":28,"debe1f65":50,"fb8bfb36":50,"53747a91":49,"da3437cd":31,"261c9911":44,"db8ba455":47,"012de09c":32,"45b5746e":43,"b2cfdbcf":40,"d5dae4c4":38,"8db5a165":28,"c91966ce":31,"bec9d329":43,"04cc7cbe":35,"6841f77e":49,"e1571af7":43,"5ab7bc35":44,"d9d7c4c2":47,"65a00a3c":37,"57167c74":37,"37a7d5b0":44,"259930ee":42,"dcf85091":34,"f33c0140":37,"5acce642":47,"1a442bc7":37,"5eab91a0":45,"d929098e":32,"3661e12d":36,"4469c815":18,"9de29816":39,"1d153b20":38,"865d9857":34,"140ce69e":42,"ef8321d8":39,"9b3f8714":40,"ce3407dd":34,"181c3dd5":39,"449d8475":37,"f94bf9ea":33,"725dce8b":39,"93fdbb44":28,"d5557fb4":41,"e9a8cf11":35,"04643409":38,"3c18f28e":38,"bb8a6337":27,"50d129cf":35,"bf822e33":35,"4c0e547b":31,"eebc8d43":35,"33d6bb6a":37,"cfafcda8":38,"831c7b85":36,"1745a0f4":40,"78b97937":37,"053f3451":41,"8ac72326":37,"4d9b0b10":36,"e28c2efc":42,"53b4e647":50,"e4cfef0a":30,"e1618359":45,"c382f054":34,"b2c25d1c":42,"c21ab51e":31,"d634aa28":43,"69134f07":38,"4360a1a3":41,"110b1ee3":43,"3b690f68":45,"6e24d88b":44,"b6591e25":37,"4ee62a26":36,"fb8bfb36":51,"79e4fa1c":34,"c45d554f":40,"92136ff5":41,"ecfa8249":41,"77898c22":35,"debe1f65":51,"0bfabf48":40,"c95719e5":30,"5781776a":38,"27f52ed3":50,"fb7b7b3c":54,"014bdff0":33,"3e082b37":39,"971675c5":47,"2c01e624":36,"508aac3d":41,"aa5dfdf5":46,"0fc5ac7e":50,"e58b26f6":36,"5a07fc2e":42,"98915a1f":28,"4bc46d7a":43,"42cd2360":35,"fe44fc6f":43,"28654c76":50,"a5fd8ffd":51,"83b2f9c5":44,"7ae34c64":34,"c0b0f492":47,"7be025ce":35,"c4e70c07":38,"2882a956":40,"91b28f83":45,"6775d5cd":28,"0cb80f4a":41,"67f6e4f2":39,"8d000d6e":32,"7a6aa4b6":38,"332820ce":39,"5f8517b7":48,"6f0fcb9d":45,"48655f09":50,"7ee7621c":35,"175bc6b2":32,"0277d748":51,"51f57142":42,"b946e146":46,"f2f58418":36,"623c6a31":41,"18815a1b":37,"32133249":43,"5774ac0d":44,"bb8a6337":28,"36b7003c":44,"a6003226":42,"5957df9e":42,"36684155":39,"c64de0c0":33,"35aa7fd0":40,"d1fe2868":38,"c93c3508":29,"93fdbb44":29,"5339e1e9":37,"f2364460":43,"677c6a09":52,"6841f77e":50,"abad2347":34,"4c0e547b":32,"478d2d4f":52,"eb2e1983":38,"1bc0591f":42,"c21ab51e":32,"2e3503e4":38,"8f13c203":30,"c7313e0a":38,"c7636527":40,"d6f0d94a":37,"0dad37d5":37,"ffc86f94":38,"bd984a8e":33,"20e470e0":34,"5be594be":35,"4279e829":46,"5e193fc8":43,"efd23af5":41,"ccb5ea3e":27,"bb98a6cf":49,"7d112f4d":39,"d25e0f8d":38,"94a2fe10":48,"0d5ee801":36,"a0ce82b4":38,"19e9776f":44,"c8dc010f":43,"f9f2c53f":37,"062179c1":37,"c803b4a3":43,"b8488fc8":38,"621d6b18":44,"778c95e9":37,"f4726450":37,"d3a669ac":47,"a625328f":42,"aaa274a5":37,"d744bee2":38,"2d54e0a8":36,"c38c2b52":46,"50b558a7":38,"4b4ef7fa":46,"013ee301":42,"8aa78e2f":38,"458dcc3d":41,"73b15e04":40,"8b2b601d":39,"12a2cd4b":45,"f277386e":33,"71bc1295":40,"1438fad7":44,"3c782bb3":39,"04612878":37,"f044c0e1":34,"5410e9c6":42,"c318d350":39,"09f0db62":52,"f6fe095d":49,"317c1591":33,"5270f158":38,"7ee148e9":40,"869cbaa0":45,"87cd2add":37,"e57d5cda":48,"faf4f98b":42,"ef8987d7":48,"0a1d11e6":36,"95904ac4":50,"6023df54":33,"2c6cb96f":33,"d9d0c567":33,"b28a5e67":38,"1a2ec5d7":44,"0b959527":31,"62d1d346":35,"b8397293":39,"67f6e4f2":40,"cd95f558":41,"02d4753e":49,"8d000d6e":33,"4ea4a2a1":45,"92d38723":43,"ba586505":36,"dffa7793":18,"5b5fc566":37,"a502c93c":40,"8cc4a982":30,"36d340f2":45,"f5596d0f":38,"175bc6b2":33,"5e09f69e":43,"945b63f0":58,"0ecfa1c9":37,"abad2347":35,"e4c312fe":33,"9cb4697f":43,"82204d54":37,"05f6ab35":37,"0e2b5d2f":40,"6a7392d5":37,"2a76f1dd":29,"b87158fb":47,"9a07d89b":41,"2045d7d6":38,"04ea5673":45,"7043382d":40,"d9f512b9":44,"3fdb08f5":35,"e9679ede":32,"f2086446":45,"a3253019":39,"a836aa93":35,"145c7559":41,"e1618359":46,"4b4ecbce":38,"cd3bbe7e":46,"dae0f922":43,"30dbfc69":44,"059d6c19":47,"1e7753d9":48,"1a2ec5d7":45,"8942c35b":39,"26dd2000":38,"4e5aaaec":30,"913a6226":37,"07107f6e":43,"21e10a2b":31,"ab7467de":48,"daab45c6":38,"67c57de4":59,"ffa08d82":41,"23080895":35,"a0bc1ceb":35,"e6fac295":36,"26c6fa34":39,"54a676d6":40,"d82592f4":38,"a3d4a0e5":47,"ae8a09c4":44,"a6bcb07e":39,"4cc141fa":31,"11888cfa":34,"e81834aa":37,"de36827b":49,"411b5027":44,"eda6a690":38,"f5cd79c1":37,"7ee148e9":41,"312f7676":39,"39bbc4bc":59,"ef91eaae":35,"ae95f2ba":41,"d2466211":47,"0d7d88f1":34,"97e75c19":47,"b946e146":47,"51f57142":43,"540df50f":45,"2a387957":47,"e9a8cf11":36,"794f652b":32,"61d4782d":34,"91d52a55":41,"44a4f7cd":31,"03b4ab60":41,"c64de0c0":34,"8ec3834d":33,"de6213c7":47,"0f1ac912":26,"70bc8325":39,"8657c79d":48,"d0d6acb1":39,"911e770b":29,"508aac3d":42,"d1ca5d6b":49,"629800eb":46,"83b2f9c5":45,"69eeae0d":40,"b2cfdbcf":41,"3a291497":34,"49cb2959":36,"d5dae4c4":39,"a851891c":30,"695a2b92":43,"d599b566":52,"379184a7":48,"50312237":43,"d0b297b2":34,"45b038bb":52,"f1862e79":33,"288afc30":33,"4ac6bd4e":35,"09560615":33,"b946e146":48,"7080f122":29,"4d35385e":35,"0277d748":52,"18815a1b":38,"51f57142":44,"4125085e":47,"a1370ab0":45,"290b4714":43,"aa187e3b":30,"93b0a158":41,"88ce179e":38,"bb00e71c":34,"9cb4697f":44,"d39724bc":46,"bd62d7ed":36,"0e2b5d2f":41,"9b546d65":34,"2352c8ef":35,"c463799d":43,"30c184b8":31,"8721056e":27,"e1571af7":44,"7be025ce":36,"a81a857c":40,"aa021138":46,"4def63ee":34,"3bad3c95":28,"f8b31ce5":50,"4c4aa2e2":37,"f598a332":47,"69d4b754":38,"0dad37d5":38,"1247fa52":43,"9b742f71":41,"1e232870":41,"30d84dce":43,"66b7b5b4":29,"d70ca4f4":46,"b7434f57":32,"26ed1a5c":39,"f1b493de":44,"1f11812e":37,"ccb5ea3e":28,"70594a28":38,"25e0dd3d":46,"4e5aaaec":31,"4dac6b20":38,"5fa12feb":40,"44ff8baa":32,"9c58dd76":47,"481754fc":28,"946df4fd":35,"71bc1295":41,"e36dfd6f":35,"35b58ef9":28,"e7e82473":47,"2d382981":41,"1be05c14":30,"0f72f2d8":38,"07fc4a9a":39,"6c73ae98":40,"26009d3f":43,"d9dcdc4b":44,"93b9fae6":37,"4f59a322":43,"5339e1e9":38,"0681c48e":45,"2b3e4717":42,"31f6ba51":45,"c67979e6":42,"af034fee":33,"449d8475":38,"deb31f35":44,"088feee2":43,"35aa7fd0":41,"97e75c19":48,"d5557fb4":42,"26c390d6":35,"ea822700":33,"5747db6e":42,"0bd93cfd":35,"730338c4":53,"fb7482fe":36,"c793cdda":35,"d7cb9bcf":33,"ae95f2ba":42,"1dad0f99":34,"0785820e":39,"053f3451":42,"3f75d3bc":41,"b28a5e67":39,"71ba7561":34,"d9d0c567":34,"f3a0c2ee":33,"a472532e":34,"d8e58a8c":47,"d1676e89":40,"19f9ca86":49,"5781776a":39,"09f0db62":53,"695a2b92":44,"39bbc4bc":60,"363590c7":33,"4ea4a2a1":46,"36fb15d2":34,"a533489b":44,"7a6aa4b6":39,"4ac6bd4e":36,"8d000d6e":34,"9e878ec2":48,"30dd2edc":38,"f5596d0f":39,"57540cc3":42,"9e206c95":50,"3661e12d":37,"2dda3936":34,"6d339d45":42,"6841f77e":51,"bd2705b0":47,"0d770b97":49,"7fef9973":54,"290b4714":44,"b3f19a69":40,"ee21ad02":44,"78b97937":38,"b102f7bd":51,"fef750ca":44,"a33fe0dd":46,"caddd0a7":41,"ea6de194":34,"f8b31ce5":51,"b320feb9":38,"14c682eb":33,"9e65c0ef":33,"a4296d1e":42,"be2955bb":42,"4b4ecbce":39,"4c4aa2e2":38,"77300e4a":33,"c85a0d80":40,"1e232870":42,"cc11fef9":44,"6e24d88b":45,"a8726d50":35,"751bcf25":32,"d70ca4f4":47,"31408822":31,"110b1ee3":44,"70594a28":39,"bc09fa9e":36,"261c9911":45,"c1bb74f2":38,"b8488fc8":39,"9a07d89b":42,"c6e3d352":40,"59c1e594":48,"99d130c9":51,"d8475b95":33,"b7df1559":46,"aa00769b":49,"49910300":35,"b2bd8fd3":38,"54a676d6":41,"05642105":39,"013ee301":43,"6c73ae98":41,"a6bcb07e":40,"f5829ac0":41,"f5e8dfee":42,"61d4782d":35,"bad1a1cc":35,"bc3dc66a":33,"f2364460":44,"aec4e1bf":46,"449d8475":39,"f94bf9ea":34,"5e09f69e":44,"a1921150":48,"2ab62345":34,"90d52475":39,"5ac86fb9":39,"9ceb5439":31,"bf822e33":36,"26c390d6":36,"508aac3d":43,"50c3164b":47,"9147702f":35,"778c95e9":38,"b7832271":38,"6a3eaf43":36,"77bfed7e":38,"93b9fae6":38,"d7cb9bcf":34,"6f39f4d9":53,"b9be31d6":40,"af7e5be8":41,"4d9b0b10":37,"f3a0c2ee":34,"2209903e":44,"9d0546ac":40,"c650b434":43,"ccb5ea3e":29,"d9d0c567":35,"5f96c2bc":27,"ae016053":38,"ec110282":37,"91f7ef72":41,"f789f6d8":44,"263762cb":41,"5099c6a0":52,"9a3cc55d":30,"82868763":36,"004f1ef3":47,"d1676e89":41,"6d61bf13":37,"5acaa06f":27,"40569362":39,"9263c525":37,"1ff8c2fc":45,"b2a8761b":40,"fe0df575":40,"5a0ead91":27,"3454fa2b":39,"ef8321d8":40,"ccdd1ce6":33,"d6320619":42,"1c0a9eff":37,"51a3e9c2":42,"e6ec8cbf":43,"bf30a08f":48,"93b0a158":42,"4652b09a":41,"9cb4697f":45,"b320feb9":39,"aab4d996":39,"dac109cf":41,"1623fc9f":34,"e3547548":28,"8f13c203":31,"4577b333":38,"c4feee5b":39,"1a68160d":42,"c21ab51e":33,"69134f07":39,"77300e4a":34,"104721f0":39,"bd984a8e":34,"dbd2f139":43,"74f234c6":35,"cd3bbe7e":47,"dae0f922":44,"db703021":35,"f4634d0b":39,"381c68fa":41,"dfcc2ad1":38,"78b97937":39,"064a99c8":37,"ac62fac2":36,"12a2cd4b":46,"aa00769b":50,"dd1fcb17":42,"24d24fa3":37,"0114160e":37,"73b15e04":41,"868edcc0":43,"26009d3f":44,"e7e82473":48,"cf50e84e":40,"7732eb1e":54,"a4dafea5":33,"dc0c8b09":44,"f67de058":32,"1745a0f4":41,"b102f7bd":52,"8b5a8e9f":58,"ec2cb1af":44,"623c6a31":42,"f5596d0f":40,"0681c48e":46,"7af9d3b1":40,"9f5e6cba":51,"93fdbb44":30,"12534561":28,"031e488e":43,"789bd484":37,"4125085e":48,"a1921150":49,"74e3d13e":41,"d957f027":34,"7e15f8e8":45,"0f1ac912":27,"90d52475":40,"6751d8e4":45,"835358a0":32,"7028b044":38,"0785820e":40,"ffa08d82":42,"f7231212":43,"ad303bda":45,"7566fdd6":37,"a06a6430":31,"30b6808c":38,"ab7467de":49,"3007f31f":35,"44ff8baa":33,"18d20aa1":35,"21e10a2b":32,"40e79dd3":42,"f4343817":38,"f905a555":37,"a472532e":35,"91f7ef72":42,"6023df54":34,"0b3283c9":35,"095ab3b4":33,"b1f58563":39,"f1dffa24":29,"d1676e89":42,"27f52ed3":51,"dc583e64":34,"8d000d6e":35,"d33790a2":42,"45b038bb":53,"7a6aa4b6":40,"ef16ca37":37,"8493f3b2":51,"40569362":40,"fd482491":43,"012de09c":33,"f789f6d8":45,"af0b61ab":45,"92efd84f":31,"50c3164b":48,"f069bb07":42,"bf30a08f":49,"67d30f2b":43,"9cb4697f":46,"aa187e3b":31,"290b4714":45,"3b2dee89":39,"ae99df30":35,"0b959527":32,"aab4d996":40,"c015ec5a":38,"30c5d755":47,"4fd645f1":31,"3bad3c95":29,"f8b31ce5":52,"7f86be64":42,"c382f054":35,"a836aa93":36,"6b78ad7f":46,"69134f07":40,"972f4174":46,"f33c0140":38,"20e470e0":35,"142d6987":44,"ddec9e54":33,"a4f1d83b":38,"4cc141fa":32,"8eb64769":30,"481754fc":29,"468fc85c":46,"ad8f85d6":38,"66554572":30,"23080895":36,"45fb95c1":35,"27c8e038":39,"cf50e84e":41,"fb44fa9c":47,"ce4da56f":37,"4b3e3b1c":44,"6db0ea86":39,"afe8e06a":32,"6c486702":49,"2a4a402a":36,"7fdc2007":35,"12dd6f5e":36,"09560615":34,"eeaa2d46":40,"eafbf9fb":44,"be4f8ba8":37,"30dd2edc":39,"7080f122":30,"8cddb65e":44,"288a2c43":44,"57d5dee8":40,"60d6cee2":39,"f2364460":45,"2ab62345":35,"c67979e6":43,"aa9ea5e8":33,"ccf8b803":36,"2132fe93":47,"1a0189c4":40,"6e98dfda":52,"088feee2":44,"91d52a55":42,"be3a10f8":38,"c510bfd3":44,"5f4102da":41,"95539a58":28,"753ca352":31,"d7cb9bcf":35,"619fda68":41,"629800eb":47,"91536e85":38,"d4ee22a4":41,"31408822":32,"dbd2f139":44,"a8726d50":36,"bfad1727":39,"cd421290":43,"3ef7432b":37,"fb8bfb36":52,"0a96f57a":50,"07107f6e":44,"7e8e1c3d":40,"42191b64":34,"0b3283c9":36,"e45b4b53":31,"5270f158":39,"6d61bf13":38,"22aeaf03":40,"f1dffa24":30,"9263c525":38,"554ebb83":41,"db0a661e":45,"43bc86e3":39,"911e770b":30,"2f455cce":34,"de6213c7":48,"dd7acb96":40,"9fa62fee":40,"0d2a1c58":33,"c793cdda":36,"aa76bc50":39,"71ba7561":35,"616d6dd6":45,"d9a64845":29,"1d44aff3":42,"6e44927f":30,"e6ec8cbf":44,"f0a06216":42,"e4c312fe":34,"aa187e3b":32,"e1571af7":45,"24ffcbd3":43,"57167c74":38,"7043382d":41,"62d1d346":36,"5f620a1e":48,"3fdb08f5":36,"6fb4cdda":39,"c0fea118":39,"34c5c729":31,"c7313e0a":39,"a502c93c":41,"5acce642":48,"4b125e7b":38,"8c6e001f":27,"6585adbe":28,"2e99f8fd":35,"45b038bb":54,"d8475b95":34,"8eb64769":31,"aa00769b":51,"99d130c9":52,"6be9332a":39,"88a30343":45,"792cfcbd":32,"cac4449a":33,"1f88a4b7":41,"11888cfa":35,"affb82bf":33,"f2ca27d9":33,"8cc4a982":31,"f2f58418":37,"558d5ce7":44,"0277d748":53,"21ee2afe":48,"6df0b2e8":61,"3c18f28e":39,"b8ab8e6e":38,"42c80e69":42,"c4bff41f":32,"39a2fcce":40,"8cddb65e":45,"a1921150":50,"c64de0c0":35,"f4b2f575":32,"5a0eb771":40,"31f6ba51":46,"7e15f8e8":46,"842c8340":32,"1745a0f4":42,"c1bb74f2":39,"6c486702":50,"0e2b5d2f":42,"9b546d65":35,"8721056e":28,"f2e3c0e3":34,"e57d5cda":49,"056ea7ff":40,"d7cb9bcf":36,"f1df62b4":36,"d2466211":48,"c8113b77":34,"9f74b8a4":39,"77300e4a":35,"5be594be":36,"467773ac":40,"6b78ad7f":47,"f1b493de":45,"3b690f68":46,"40a745c0":38,"66497c7e":37,"0d5ee801":37,"142d6987":45,"93e8cee5":46,"ab7467de":50,"40e79dd3":43,"da3437cd":32,"bfad1727":40,"25e0dd3d":47,"547903ef":40,"1db42092":49,"e36dfd6f":36,"1438fad7":45,"6a60348e":40,"5623817d":44,"1da771fb":32,"e45b4b53":32,"8dd649a3":32,"6ce84ff8":39,"5410e9c6":43,"c564e316":35,"22234d6b":40,"9fa62fee":41,"7e991ab9":31,"d552eb2f":28,"1f7607df":24,"fb7482fe":37,"aa5dfdf5":47,"42cd2360":36,"1d44aff3":43,"b28a5e67":40,"d9d0c567":36,"c91966ce":32,"810aa5e9":37,"a472532e":36,"e32524d6":38,"c015ec5a":39,"4fd645f1":32,"24ffcbd3":44,"868cda42":31,"7be025ce":37,"a33fe0dd":47,"d4d5f466":42,"dffa7793":19,"6ee92259":43,"4b125e7b":39,"abad2347":36,"67d30f2b":44,"2e99f8fd":36,"c4aa1e38":34,"3652bd66":37,"b4fdf90e":41,"358e45b1":45,"0ac825ed":41,"08a4c3f8":37,"2198ba8e":36,"baebb391":52,"24d24fa3":38,"c6e3d352":41,"ac62fac2":37,"00cf385d":46,"09560615":35,"30dd2edc":40,"22ecaed0":36,"f5596d0f":41,"57540cc3":43,"15620dca":44,"b9a48a5c":31,"61d4782d":36,"b7cc7909":38,"5774ac0d":45,"1634789b":48,"35aa7fd0":42,"1b881e6e":44,"12534561":29,"84369269":36,"5f7d7195":39,"b230e8d3":45,"9d9dd9e5":36,"c93c3508":30,"8ec3834d":34,"b88033fd":47,"0042f6eb":58,"78467b8a":43,"a567ace4":38,"be3a10f8":39,"c1bb74f2":40,"78b97937":40,"831c7b85":37,"87083264":47,"d2466211":49,"77bfed7e":39,"e4cfef0a":31,"53b4e647":51,"2e3503e4":39,"f2086446":46,"c5b35e4d":37,"acac14fb":34,"1247fa52":44,"c85a0d80":41,"61f25dd4":42,"66497c7e":38,"104721f0":40,"430a5db5":46,"9316e7e8":27,"66b7b5b4":30,"f1b493de":46,"7cd0ad7b":46,"44ff8baa":34,"bc09fa9e":37,"261c9911":46,"7b6a7048":43,"805534ac":35,"a851554d":46,"e21c6207":38,"87cd2add":38,"ef14000f":39,"48655f09":51,"eed20185":40,"26009d3f":45,"a3d4a0e5":48,"d9dcdc4b":45
1604737463768,"2a06ab95":44,"eb7b4e29":30,"39ba00f0":37,"8657c79d":49,"72d7b461":40,"5a07fc2e":43,"383e232d":35,"b946e146":49,"6d339d45":43,"15620dca":45,"8dd2684c":42,"140ce69e":43,"0e036ae9":45,"affb82bf":34,"95bc84f1":34,"0d2c95fe":37,"54a676d6":42,"868edcc0":44,"540df50f":46,"03b4ab60":42,"31d74eee":37,"36b7003c":45,"5e09f69e":45,"e9a8cf11":37,"7e15f8e8":47,"162a7348":39,"1a0189c4":41,"4911acad":33,"5957df9e":43,"39a2fcce":41,"a2c334e7":50,"0f1ac912":28,"c0e2624b":37,"ea822700":34,"72d7b461":41,"312f7676":40,"695a2b92":45,"5b60dd1d":43,"82868763":37,"f2470875":38,"5099c6a0":53,"8e4c33d2":39,"50312237":44,"b35e9e1a":61,"c4aa1e38":35,"792c9b6a":36,"d0c0fc08":38,"9e878ec2":49,"b2a8761b":41,"1f342a00":46,"730338c4":54,"84b767be":48,"b7832271":39,"4d35385e":36,"30dd2edc":41,"3661e12d":38,"c609739e":42,"2198ba8e":37,"04612878":38,"ae8a09c4":45,"48655f09":52,"06ddafc7":40,"01cd8099":39,"a0b03218":52,"1f88a4b7":42,"f044c0e1":35,"a63bddd4":44,"eafbf9fb":45,"e9adbe58":33,"88432019":41,"c93c3508":31,"0681c48e":47,"36b7003c":46,"a983a6dc":38,"1ed46298":49,"e15fd611":36,"8cddb65e":46,"227006e4":38,"97e75c19":49,"d141db49":30,"259930ee":43,"2045d7d6":39,"ce3407dd":35,"deb31f35":45,"5a734022":35,"8ec3834d":35,"37fbb107":41,"71e53c93":42,"65e4235b":44,"ef8987d7":49,"6023df54":35,"95904ac4":51,"195eb771":39,"74c26380":33,"20811ddf":35,"e6ec8cbf":45,"6751d8e4":46,"28d41578":36,"3c782bb3":40,"b552beb3":32,"4b3e3b1c":45,"b1f58563":40,"dc583e64":35,"83086d4c":34,"f2470875":39,"d599b566":53,"6e851762":40,"50c3164b":49,"4bcd4a30":51,"98915a1f":29,"0fc5ac7e":51,"eb7b4e29":31,"e786063b":38,"4577b333":39,"92f800f5":33,"3498f223":33,"4c4aa2e2":39,"9bdf362a":32,"4b4ecbce":40,"cc11fef9":45,"efe84c27":38,"f76a3e83":46,"7a9344a4":43,"168e75d9":33,"5cd3cfe0":32,"6fb4cdda":40,"40a745c0":39,"381c68fa":42,"026766f3":29,"d70ca4f4":48,"72b84094":45,"93e8cee5":47,"27d8bf51":47,"da3437cd":33,"85de05f2":33,"201cafad":29,"bfad1727":41,"4b125e7b":40,"a6b5e869":40,"fea793f5":43,"87c462ee":40,"7f6d1d0e":45,"4c0e547b":33,"05f6ab35":38,"dc0c8b09":45,"e35a63cd":41,"afe8e06a":33,"1bc0591f":43,"f2e3c0e3":35,"7a4c064c":47,"95539a58":29,"7a840529":24,"ad303bda":46,"abd32136":41,"ffa08d82":43,"d1715f3b":45,"34658473":41,"19f9ca86":50,"4ea4a2a1":47,"d1676e89":43,"554ebb83":42,"1bd5b20b":37,"8493f3b2":52,"0ac825ed":42,"8323d333":38,"87922532":37,"01cd8099":40,"b2bd8fd3":39,"946df4fd":36,"a543ec74":43,"a0b03218":53,"baebb391":53,"8cf83787":39,"de36827b":50,"11888cfa":36,"95bc84f1":35,"a24e6670":46,"18815a1b":39,"ec2cb1af":45,"01d817b8":33,"f5596d0f":42,"623c6a31":43,"30dd2edc":42,"2132fe93":48,"91d52a55":43,"0ecfa1c9":38,"c1bdfd41":36,"caddd0a7":42,"f4b2f575":33,"ed4fad08":43,"5d087c79":39,"dcfaba4c":37,"aff8e442":36,"081460bf":31,"04643409":39,"aec4e1bf":47,"84369269":37,"5ac86fb9":40,"b8ab8e6e":39,"1dad0f99":35,"fd482491":44,"69eeae0d":41,"ae016053":39,"43bc86e3":40,"2c6cb96f":34,"56473430":39,"5ef93e5d":35,"d9dcdc4b":46,"b84a06eb":44,"004f1ef3":48,"eda6a690":39,"f6fe095d":50,"42191b64":35,"5623817d":45,"014bdff0":34,"8e4c33d2":40,"d33790a2":43,"2a06ab95":45,"f069bb07":43,"d0d6acb1":40,"af0b61ab":46,"b5763ff6":36,"ea822700":35,"72d7b461":42,"65a00a3c":38,"7be025ce":38,"c7636527":41,"2154b6e8":37,"9e65c0ef":34,"501db4de":43,"9267f0ef":53,"fe578280":38,"c85a0d80":42,"a3253019":40,"d0c104c4":32,"0a92153e":42,"1e7753d9":49,"acac14fb":35,"7cd0ad7b":47,"751bcf25":33,"026766f3":30,"e62d705f":30,"c2bb8aae":35,"6b9eff39":31,"913a6226":38,"a851554d":47,"2209903e":45,"f9f2c53f":38,"e1f0dbfd":42,"a0cca8b7":36,"37d0cae2":33,"677c6a09":53,"ea4d3f3e":44,"9cb4697f":47,"bf30a08f":50,"cb4f262b":48,"c0b23081":46,"1bc0591f":44,"8063df14":40,"9d023afb":42,"be3a10f8":40,"a0685bf3":46,"2352c8ef":36,"1105f790":46,"cc5a1d47":39,"43d87483":36,"0785820e":41,"67f6e4f2":41,"3652bd66":38,"4ea4a2a1":48,"fa55f27a":47,"8d000d6e":36,"40569362":41,"b7df1559":47,"b6aaf976":43,"99d130c9":53,"9c58dd76":48,"4b4ef7fa":47,"13f0e139":40,"2cb29e5a":44,"175bc6b2":34,"9e206c95":51,"7080f122":31,"25a7a0a3":40,"a63bddd4":45,"416a9e97":42,"0ecfa1c9":39,"31f6ba51":47,"93fdbb44":31,"5e09f69e":46,"84369269":38,"13747b82":42,"dc473de1":37,"9d63c4dd":40,"aa9ea5e8":34,"c6c85783":38,"5a0eb771":41,"5f6613c8":37,"d5557fb4":43,"621d6b18":45,"9c29f0ed":48,"869cbaa0":46,"629800eb":48,"fe44fc6f":44,"b2cfdbcf":42,"7c0a2db6":47,"810aa5e9":38,"a0cf08b3":35,"195eb771":40,"3101354b":34,"789bd484":38,"411b5027":45,"a636f4c9":51,"ce4da56f":38,"e8f173b5":35,"b2703001":37,"e7e82473":49,"1138796e":38,"e81834aa":38,"263762cb":42,"a40846b7":50,"3712c4bd":38,"6085137f":22,"26f99a1e":41,"eda6a690":40,"014bdff0":35,"d3a669ac":48,"884b0ad1":36,"39ba00f0":38,"f271ed5d":35,"2c01e624":37,"778c95e9":39,"508aac3d":44,"805af3c7":38,"aab4d996":41,"49b358bd":41,"ca7d47f7":50,"f8b31ce5":53,"5f620a1e":49,"d9f512b9":45,"6fb4cdda":41,"b2c25d1c":43,"f76a3e83":47,"9f2b16a7":34,"7f86be64":43,"e9679ede":33,"90a06ee9":44,"4ee62a26":37,"430a5db5":47,"66b7b5b4":31,"dbd2f139":45,"26ed1a5c":40,"5ccf94d6":41,"8942c35b":40,"2b3c49b9":43,"f9f2c53f":39,"daab45c6":39,"18d20aa1":36,"efd23af5":42,"8f9b74b0":32,"aa187e3b":33,"87c462ee":41,"11b74e63":37,"3b2dee89":40,"4652b09a":42,"91b28f83":46,"16b476e9":36,"1bc0591f":45,"9d023afb":43,"afe8e06a":34,"70ee0491":33,"fef750ca":45,"8063df14":41,"b8488fc8":40,"fa55f27a":48,"d0e9a58e":35,"b8397293":40,"3d1af513":41,"db0a661e":46,"0ac825ed":43,"336d0f08":44,"24d24fa3":39,"be4f8ba8":38,"8dd2684c":43,"172217e5":42,"fd6dcb20":32,"546f6845":45,"ab7467de":51,"ac38a6a5":40,"49902219":42,"725dce8b":40,"aff8e442":37,"64db4feb":42,"77f31bab":49,"c93c3508":32,"842c8340":33,"2ab62345":36,"227006e4":39,"99e171db":41,"d4ee22a4":42,"ef91eaae":36,"ba938220":36,"6a5b71b4":50,"2ce1af05":32,"869cbaa0":47,"c803b4a3":44,"5f96c2bc":28,"49cb2959":37,"fafb4cc2":53,"83b2f9c5":46,"ec110282":38,"28654c76":51,"74c26380":34,"deb31f35":46,"088feee2":45,"f4b2f575":34,"162a7348":40,"36684155":40,"b6aaf976":44,"458dcc3d":42,"64a7f79f":29,"35b58ef9":29,"a43061ee":36,"49910300":36,"56752a4a":36,"8aa78e2f":39,"ce4da56f":39,"e81834aa":39,"88a30343":46,"cf84fb54":44,"2d1e1e9d":33,"578f6e9e":40,"f5cd79c1":38,"5b60dd1d":44,"b935fc1c":34,"82868763":38,"c318d350":40,"b947257e":41,"84b67924":35,"ea822700":36,"2c01e624":38,"868cda42":32,"0a2f71bc":30,"30c5d755":48,"c015ec5a":40,"e3547548":29,"ea6de194":35,"e5d3655c":45,"288d171f":36,"c5b35e4d":38,"6b78ad7f":48,"4e3f5178":44,"c85a0d80":43,"b3863630":35,"a836aa93":37,"a4f1d83b":39,"7cd0ad7b":48,"751acea8":42,"180377be":35,"5272520d":42,"902f49f5":41,"381c68fa":43,"feb67030":35,"dd7acb96":41,"9ab755d3":39,"9147702f":36,"6841f77e":52,"d4d5f466":43,"ad2d7bed":39,"93b0a158":43,"88ce179e":39,"aa187e3b":34,"d83870f5":41,"be3a10f8":41,"78b97937":41,"7af262e5":44,"70ee0491":34,"27f52ed3":52,"1b153aef":42,"31f6d707":43,"3652bd66":39,"8493f3b2":53,"f1862e79":34,"0cb80f4a":42,"36fb15d2":35,"6143f39d":39,"70594a28":40,"daab45c6":40,"2ad42a9e":35,"cd421290":44,"7bebff03":35,"a0ce82b4":39,"d3e84616":43,"21ee2afe":49,"f2ca27d9":34,"3f65f121":39,"558d5ce7":45,"22176537":32,"eb2e1983":39,"19551bad":36,"e5b1abc6":39,"07f98660":49,"597c1f81":31,"91536e85":39,"1dad0f99":36,"ef14000f":40,"6034b6d0":46,"abd32136":42,"95904ac4":52,"83b2f9c5":47,"71ba7561":36,"c91966ce":33,"a851891c":31,"60d6cee2":40,"1634789b":49,"a1370ab0":46,"f2364460":46,"50d129cf":36,"a47abfbb":36,"527ff946":47,"dc473de1":38,"12534561":30,"2a387957":48,"1d790491":39,"5a734022":36,"6632fed0":44,"c98d5272":36,"71bc1295":42,"aefe13f5":49,"cbad3b92":46,"468fc85c":47,"a5aee5de":46,"0be540c5":44,"2198ba8e":38,"1be05c14":31,"bc392d1c":33,"49910300":37,"d36125db":53,"6c73ae98":42,"45fb95c1":36,"b2703001":38,"5781776a":40,"24ffcbd3":45,"25776fc4":45,"4def63ee":35,"d9d7c4c2":48,"30c5d755":49,"57167c74":39,"37a7d5b0":45,"9267f0ef":54,"e1618359":47,"145c7559":42,"dbc9df44":37,"972f4174":47,"a836aa93":38,"b2c25d1c":44,"cc11fef9":46,"b6591e25":38,"7a9344a4":44,"61f25dd4":43,"6f81493d":44,"142d6987":46,"30d84dce":44,"835358a0":33,"b7832271":40,"cbb54a0a":34,"f4726450":38,"aa867541":31,"fafb4cc2":54,"5acce642":49,"bf30a08f":51,"ad2d7bed":40,"730a4938":46,"a502c93c":42,"bb00e71c":35,"aa187e3b":35,"7db3edda":47,"6a3eaf43":37,"2180f99b":45,"b935fc1c":35,"1da771fb":33,"f1dffa24":31,"016953e4":46,"93ac9ca3":36,"7ee148e9":42,"8323d333":39,"3a1b9af5":31,"7ae3fc50":42,"d0b297b2":35,"31f6d707":44,"ea274174":40,"0cb80f4a":43,"e2cbe594":34,"4eed1bea":44,"547903ef":41,"ecfa8249":42,"7e8e1c3d":41,"7bebff03":36,"debe1f65":52,"175bc6b2":35,"140ce69e":44,"0e036ae9":46,"f87c5031":35,"01d817b8":34,"2bcca6a7":49,"eebc8d43":36,"c510bfd3":45,"33d6bb6a":38,"c1bb74f2":41,"55928ef1":46,"fe8f3d36":37,"621d6b18":46,"d4ee22a4":43,"6f39f4d9":54,"7566fdd6":38,"e4cfef0a":32,"cc5a1d47":40,"4f59a322":44,"42cd2360":37,"f2ca27d9":35,"7080f122":32,"5f6613c8":38,"68562193":34,"a47abfbb":37,"47cfba38":35,"97e75c19":50,"9f5e6cba":52,"527ff946":48,"a939b50b":41,"4125085e":49,"6632fed0":45,"815e4582":42,"bf822e33":37,"ce3407dd":36,"9d9dd9e5":37,"9fc713b0":46,"aefe13f5":50,"ad8f85d6":39,"03dcfa3d":40,"6db0ea86":40,"e81834aa":40,"a543ec74":44,"04612878":39,"5678ed7b":51,"2cce4fb2":42,"03c398d2":33,"fb44fa9c":48,"b84a06eb":45,"4ff2225d":34,"263762cb":43,"8f13c203":32,"aab4d996":42,"805af3c7":39,"7e76c93c":39,"0f029727":33,"c7636527":42,"5e193fc8":44,"d9d7c4c2":49,"53431634":54,"c7313e0a":40,"5be594be":37,"dbc9df44":38,"a4f1d83b":40,"288d171f":37,"cd3bbe7e":48,"4c4aa2e2":40,"30dbfc69":45,"fd07e0ed":40,"71e53c93":43,"65e4235b":45,"dc03ebd2":50,"ec110282":39,"f3a0c2ee":35,"5f96c2bc":29,"16b476e9":37,"4b125e7b":41,"124fbe96":43,"51a3e9c2":43,"e4c312fe":35,"ae99df30":36,"2882a956":41,"dd7acb96":42,"5747db6e":43,"88b3bc99":37,"2c01e624":39,"6751d8e4":47,"d1ca5d6b":50,"f5cd79c1":39,"5781776a":41,"2203f259":40,"77d35808":39,"c0b7e7d7":38,"fb7b7b3c":55,"d0b297b2":36,"d102b0c6":33,"336d0f08":45,"fa55f27a":49,"c4aa1e38":36,"4f5e3e7d":39,"3d1af513":42,"906632cb":31,"751acea8":43,"5272520d":43,"751bcf25":34,"a851554d":48,"2209903e":46,"85de05f2":34,"0a96f57a":51,"fb8bfb36":53,"51c57542":42,"20777945":41,"f2f58418":38,"82204d54":38,"a0685bf3":47,"25a2844e":43,"70ee0491":35,"a567ace4":39,"30c184b8":32,"dfcc2ad1":39,"2ce1af05":33,"76f94eda":37,"056ea7ff":41,"2b698053":36,"753ca352":32,"d5059415":42,"0bfabf48":41,"f5596d0f":43,"945b63f0":59,"6143f39d":40,"8547fbc2":44,"8dd2684c":44,"57540cc3":44,"b230e8d3":46,"5a734022":37,"4ed01268":39,"8cddb65e":47,"bda8cdfb":41,"162a7348":41,"a983a6dc":39,"64db4feb":43,"cf775f58":39,"dd1fcb17":43,"aa00769b":52,"481754fc":30,"4ff2225d":35,"ac62fac2":38,"8aa78e2f":40,"dfc89705":37,"74e01f6a":43,"7732eb1e":55,"f277386e":34,"eed20185":41,"26009d3f":46,"1be05c14":32,"bbe71605":33,"815e4582":43,"540df50f":47,"c6c85783":39,"dcfaba4c":38,"254cc28c":43,"4c39240e":38,"c015ec5a":41,"ba30e43a":48,"fce3c5c6":39,"d9f512b9":46,"08a06557":57,"aa021138":47,"c7313e0a":41,"696fdac5":43,"731fc335":31,"810aa5e9":39,"ae016053":40,"6023df54":36,"dc03ebd2":51,"c91966ce":34,"83b2f9c5":48,"f0a06216":43,"bf30a08f":52,"1757a30e":28,"5eab91a0":46,"79be29c8":38,"dd7acb96":43,"fd07e0ed":41,"aa5dfdf5":48,"84b767be":49,"f271ed5d":36,"2c01e624":40,"1f342a00":47,"5b60dd1d":45,"b769bdfb":45,"60e855ee":40,"d1676e89":44,"5410e9c6":44,"971675c5":48,"3a204e56":42,"608bc832":33,"92d38723":44,"358e45b1":46,"f9c15fcc":42,"6585adbe":29,"7a6aa4b6":41,"b35e9e1a":62,"fe578280":39,"e62d705f":31,"f76a3e83":48,"4279e829":47,"4b4ecbce":41,"5cd3cfe0":33,"8942c35b":41,"34c5c729":32,"cf1124db":36,"c382f054":36,"902f49f5":42,"d634aa28":44,"21ad2f34":33,"e2a7d915":42,"7d112f4d":40,"805534ac":36,"e2cbe594":35,"ecfa8249":43,"201cafad":30,"3b2dee89":41,"e356abf1":36,"5f4102da":42,"e35a63cd":42,"a567ace4":40,"bd62d7ed":37,"831c7b85":38,"6c486702":51,"ba5c52af":39,"af7e5be8":42,"ad303bda":47,"869cbaa0":48,"6034b6d0":47,"30b6808c":39,"abd32136":43,"ac38a6a5":41,"dfa1a89b":41,"172217e5":43,"7d6895f4":39,"3f65f121":40,"945b63f0":60,"d1715f3b":46,"081460bf":32,"74e3d13e":42,"b2bd8fd3":40,"b6aaf976":45,"66554572":31,"ac62fac2":39,"e36dfd6f":37,"87922532":38,"11888cfa":37,"23080895":37,"0114160e":38,"0eaf08da":41,"a6bcb07e":41,"d9dcdc4b":47,"e8d74304":37,"f044c0e1":36,"bda8cdfb":42,"bc3dc66a":34,"f66616b7":31,"32133249":44,"ce3407dd":37,"ed4fad08":44,"8ec3834d":36,"1ed46298":50,"cb6c9e42":54,"725dce8b":41,"44a4f7cd":32,"48efc739":47,"37a7d5b0":46,"d9d7c4c2":50,"62d1d346":37,"75ffea08":37,"2af60749":44,"aa021138":48,"5ab7bc35":45,"e0154608":27,"053f3451":43,"4bc46d7a":44,"fafb4cc2":55,"d9d0c567":37,"43bc86e3":41,"61145ec9":54,"7896b953":37,"906fdec3":35,"e6ec8cbf":46,"54d7de6b":45,"98915a1f":30,"7028b044":39,"f069bb07":44,"911e770b":31,"9fa62fee":42,"aec074c4":49,"84b67924":36,"f2470875":40,"c95719e5":31,"e238f09b":37,"a77e127d":30,"7ee148e9":43,"578f6e9e":41,"27f52ed3":53,"b8397293":41,"5f8517b7":49,"06073f13":47,"8f2a7d69":38,"5a0ead91":28,"31f6d707":45,"3d1af513":43,"7f86be64":44,"e7abc88d":24,"2e3503e4":40,"0da28f5b":43,"168e75d9":34,"53431634":55,"059d6c19":48,"30fdcd3b":38,"93683c82":41,"ddec9e54":34,"d634aa28":45,"8db62558":41,"be40590d":38,"7e8e1c3d":42,"6bc5d32a":52,"cd421290":45,"ab7467de":52,"bfad1727":42,"7bebff03":37,"efd23af5":43,"8bc04eb5":29,"a6b5e869":41,"e0e48a2d":42,"93b0a158":44,"d929098e":33,"7fdc2007":36,"478d2d4f":53,"1bc0591f":46,"a0685bf3":48,"78467b8a":44,"6c486702":52,"9b546d65":36,"93b9fae6":39,"ef8321d8":41,"d3e84616":44,"88432019":42,"a0bc1ceb":36,"1138796e":39,"74e01f6a":44,"4b4ef7fa":48,"8b2b601d":40,"56752a4a":37,"69f3bfcc":42,"a6bcb07e":42,"a0b03218":54,"45fb95c1":37,"dfc89705":38,"05642105":40,"baebb391":54,"06ddafc7":41,"c9efc8f6":46,"3454fa2b":40,"aff8e442":38,"d6d61bfc":51,"f3d68430":44,"37fbb107":42,"5ac86fb9":41,"172217e5":44,"75ffea08":38,"24ffcbd3":46,"14c682eb":34,"ea6de194":36,"2a387957":49,"2ab62345":37,"7080f122":33,"f2364460":47,"a2c334e7":51,"9ceb5439":32,"181c3dd5":40,"a06a6430":32,"7e95c5a0":35,"2b698053":37,"b73e789c":37,"4930f321":32,"abd32136":44,"195eb771":41,"5f0c1b9d":49,"f789f6d8":46,"a472532e":37,"f3a0c2ee":36,"56473430":40,"95904ac4":53,"5339e1e9":39,"0ecfa1c9":40,"9d9dd9e5":38,"b947257e":42,"730338c4":55,"f271ed5d":37,"22234d6b":41,"971675c5":49
1604737464719,"7ee7621c":36,"04bef50c":24,"d1d40c9c":43,"91b28f83":47,"5b5fc566":38,"88ce179e":40,"37d0cae2":34,"d78dd457":36,"ba5c52af":40,"4fd645f1":33,"014460b9":46,"1623fc9f":35,"685207b3":43,"a836aa93":39,"f76a3e83":49,"c4feee5b":40,"b3863630":36,"a4f1d83b":41,"906632cb":32,"5be594be":38,"e1618359":48,"ddec9e54":35,"20e470e0":36,"110b1ee3":45,"4360a1a3":42,"d634aa28":46,"4eed1bea":45,"07f98660":50,"fee32863":38,"f5cd79c1":40,"7a840529":25,"10ec5a0b":37,"25a2844e":44,"f67de058":33,"2a4a402a":37,"2bcca6a7":50,"7218c9f1":30,"e57d5cda":50,"9496f56f":42,"95904ac4":54,"053f3451":44,"00a481e3":40,"71e53c93":44,"6023df54":37,"6e44927f":31,"56473430":41,"8db5a165":29,"df81ddee":32,"c455f40e":28,"26dd2000":39,"25e0dd3d":48,"9d0546ac":41,"bc09fa9e":38,"1623fc9f":36,"44c77422":43,"24ffcbd3":47,"4577b333":40,"1da771fb":34,"e45b4b53":33,"c318d350":41,"6b79fec2":32,"c7ab83c1":38,"34658473":42,"8245f916":36,"36fb15d2":36,"ef16ca37":38,"f1862e79":35,"4ea4a2a1":49,"677c6a09":54,"67d30f2b":45,"cb4f262b":49,"6775d5cd":29,"b0869206":44,"d83870f5":42,"e356abf1":37,"fe8f3d36":38,"a66a2d8a":35,"a577db1c":34,"4c39240e":39,"caddd0a7":43,"685207b3":44,"b2c25d1c":45,"b215547b":31,"696fdac5":44,"470d50c2":36,"6b78ad7f":49,"9f2b16a7":35,"f1b493de":47,"059d6c19":49,"a4f1d83b":42,"8942c35b":42,"0c0e98ea":36,"c3e6ef01":54,"751acea8":44,"72b84094":46,"92136ff5":42,"fb8bfb36":54,"efd23af5":44,"05f6ab35":39,"dd3913d2":36,"1745a0f4":43,"49bf2e95":31,"2d1e1e9d":34,"03dcfa3d":41,"01cd8099":41,"458dcc3d":43,"d6db2b02":47,"dfc89705":39,"fb44fa9c":49,"b7df1559":48,"e0f7679f":41,"742f1425":37,"a5aee5de":47,"820225e4":27,"a3d4a0e5":49,"0114160e":39,"f5e8dfee":43,"50b558a7":39,"7db3edda":48,"835358a0":34,"7218c9f1":31,"d2466211":50,"67c57de4":60,"597c1f81":32,"0d7d88f1":35,"4930f321":33,"621d6b18":47,"810aa5e9":40,"abc1d7ad":45,"731fc335":32,"d9a64845":30,"ef8987d7":50,"08a561b7":29,"df81ddee":33,"f9f2c53f":40,"f4343817":39,"a851891c":32,"bca2d7cd":32,"f87c5031":36,"172217e5":45,"dfa1a89b":42,"42191b64":36,"0b3283c9":37,"f6fe095d":51,"5623817d":46,"363590c7":34,"5270f158":40,"27f52ed3":54,"379184a7":49,"b35e9e1a":63,"2e99f8fd":37,"06073f13":48,"761cf820":31,"1bd5b20b":38,"31f6d707":46,"bb00e71c":36,"1c0a9eff":38,"e4c312fe":36,"bd2705b0":48,"d83870f5":43,"3b2dee89":42,"00cf385d":47,"1623fc9f":37,"4577b333":41,"0b959527":33,"e5d3655c":46,"df2b4d87":43,"c015ec5a":42,"638cb163":56,"7f86be64":45,"9f2b16a7":36,"a4296d1e":43,"0dad37d5":39,"d634aa28":47,"e0154608":28,"a68a93b2":37,"f33c0140":39,"94a2fe10":49,"40a745c0":40,"4e3f5178":45,"5cd3cfe0":34,"7cd0ad7b":49,"d0c104c4":33,"e35a63cd":43,"064a99c8":38,"11888cfa":38,"d9dcdc4b":48,"48655f09":53,"a24e6670":47,"27c8e038":40,"9fc713b0":47,"49910300":38,"6c73ae98":43,"71bc1295":43,"baebb391":55,"17b08923":34,"1138796e":40,"bad6cdb1":35,"49902219":43,"f2ca27d9":36,"b946e146":50,"7d6895f4":40,"f2364460":48,"c852d240":34,"47cfba38":36,"77bae750":31,"8ec3834d":37,"3a1d1632":24,"5eaa1581":37,"8a52882e":46,"5d087c79":40,"ed4fad08":45,"a6003226":43,"97e75c19":51,"0ecfa1c9":41,"47d27624":43,"eebc8d43":37,"b8488fc8":41,"d78dd457":37,"9d023afb":44,"fef750ca":46,"f67de058":34,"07f98660":51,"76f94eda":38,"f7231212":44,"ef14000f":41,"7fb4c521":41,"d5059415":43,"c8113b77":35,"313258f2":42,"8db5a165":30,"fafb4cc2":56,"70594a28":41,"a851554d":49,"27d8bf51":48,"4295ce9a":42,"21ad2f34":34,"e2cbe594":36,"44ff8baa":35,"3a291497":35,"f789f6d8":47,"f905a555":38,"d3a669ac":49,"70bc8325":40,"d552eb2f":29,"7028b044":40,"d1ca5d6b":51,"8657c79d":50,"5a07fc2e":44,"dd035d2a":34,"c564e316":36,"317c1591":34,"5b60dd1d":46,"016953e4":47,"d599b566":54,"22aeaf03":41,"95d3d348":40,"1b153aef":43,"554ebb83":43,"358e45b1":47,"408bb2ed":31,"ef16ca37":39,"4ba6eb36":39,"1ff8c2fc":46,"d39724bc":47,"20811ddf":36,"00cf385d":48,"6841f77e":53,"d815c5b4":52,"88ce179e":41,"4b125e7b":42,"e32524d6":39,"4def63ee":36,"c8fcad77":37,"0a2f71bc":31,"dac109cf":42,"638cb163":57,"aa021138":49,"704bce0d":43,"f121b82c":42,"470d50c2":37,"36380d96":44,"6f81493d":45,"7f86be64":46,"e9679ede":34,"4279e829":48,"d0c104c4":34,"8e99d5d0":33,"a4f1d83b":43,"0af920d8":28,"026766f3":31,"bb98a6cf":50,"064a99c8":39,"03dcfa3d":42,"d82592f4":39,"27c8e038":41,"8cf83787":40,"b84a06eb":46,"4febf7c5":43,"481754fc":31,"4b3e3b1c":46,"03c398d2":34,"1f88a4b7":43,"0d2c95fe":38,"7732eb1e":56,"159ffd0b":16,"3f65f121":41,"f87c5031":37,"3454fa2b":41,"546f6845":46,"140ce69e":45,"01d817b8":35,"416a9e97":43,"f2364460":49,"be149c6f":38,"0670c466":41,"60d6cee2":41,"a939b50b":42,"deb31f35":47,"36b7003c":47,"6867261a":34,"5a0eb771":42,"031e488e":44,"25d1b2d8":44,"8cddb65e":48,"f66616b7":32,"725dce8b":42,"ba5c52af":41,"fee32863":39,"fead11cf":39,"733c86f8":35,"7bda83dd":42,"eebc8d43":38,"a0685bf3":49,"0785820e":42,"10ec5a0b":38,"4d9b0b10":38,"91536e85":40,"4f59a322":45,"7566fdd6":39,"597c1f81":33,"72b84094":47,"53747a91":50,"0149e11a":37,"ecfa8249":44,"debe1f65":53,"fb8bfb36":55,"c45d554f":41,"65e4235b":46,"a0cf08b3":36,"b947257e":43,"84b767be":50,"5747db6e":44,"f271ed5d":38,"d744bee2":39,"4bcd4a30":52,"6e851762":41,"906fdec3":36,"263762cb":44,"8e4c33d2":41,"dc583e64":36,"c318d350":42,"2c5c1dc0":35,"22aeaf03":42,"c564e316":37,"0cb80f4a":44,"8493f3b2":54,"b4fdf90e":42,"761cf820":32,"40569362":42,"a851891c":33,"dc03ebd2":52,"56473430":42,"b2cfdbcf":43,"4b125e7b":43,"5b5fc566":39,"e6ec8cbf":47,"677c6a09":55,"8bc04eb5":30,"730a4938":47,"4258c176":38,"4577b333":42,"44c77422":44,"c0b0f492":48,"7e76c93c":40,"a81a857c":41,"88fa53d6":32,"0f029727":34,"288d171f":38,"c5b35e4d":39,"69134f07":41,"c382f054":37,"c85a0d80":44,"93683c82":42,"168e75d9":35,"9d4da635":33,"8e780922":42,"142d6987":47,"1e7753d9":50,"1f11812e":38,"5272520d":44,"a533489b":45,"d33790a2":44,"481754fc":32,"13f0e139":41,"d82592f4":40,"a5aee5de":48,"a3d4a0e5":50,"03dcfa3d":43,"bc392d1c":34,"1db42092":50,"4febf7c5":44,"e7e82473":50,"8b2b601d":41,"11888cfa":39,"a4dafea5":34,"e81834aa":41,"ec2cb1af":46,"8dd2684c":45,"2dda3936":35,"558d5ce7":46,"b946e146":51,"21ee2afe":50,"eafbf9fb":46,"1d790491":40,"bfcb912a":44,"6867261a":35,"d1fe2868":39,"9f5e6cba":53,"2b3e4717":43,"a2c334e7":52,"93fdbb44":32,"a9b1bd51":30,"dc473de1":39,"8cddb65e":49,"37fbb107":43,"c98d5272":37,"bc3dc66a":35,"78467b8a":45,"478d2d4f":54,"a0685bf3":50,"78b97937":42,"7bda83dd":43,"7fdc2007":37,"b87158fb":48,"d5059415":44,"ef91eaae":37,"8ac72326":38,"4f59a322":46,"e28c2efc":43,"cf9f4757":29,"056ea7ff":42,"f4634d0b":40,"ab7467de":53,"53747a91":51,"7d112f4d":41,"25e0dd3d":49,"9d0546ac":42,"ecfa8249":45,"92136ff5":43,"b5763ff6":37,"0fc5ac7e":52,"a625328f":43,"84b67924":37,"f271ed5d":39,"22234d6b":42,"0d2a1c58":34,"71ff66e8":29,"016953e4":48,"971675c5":50,"27f52ed3":55,"09ff339a":35,"1da771fb":35,"0b3283c9":38,"7ae3fc50":43,"d0c0fc08":39,"7896b953":38,"d9d0c567":38,"83b2f9c5":49,"7ae34c64":35,"aa867541":32,"49cb2959":38,"4abb7aed":36,"5b5fc566":40,"d4d5f466":44,"88ce179e":42,"d141db49":31,"4577b333":43,"3bad3c95":30,"0b959527":34,"75ffea08":39,"2045d7d6":40,"37a7d5b0":47,"5be594be":39,"c5b35e4d":40,"8e99d5d0":34,"34c5c729":33,"e0154608":29,"ca6d2d91":43,"972f4174":48,"7f6d1d0e":46,"7735c3c2":31,"f5596d0f":44,"6d5fcd4c":37,"53a8613c":41,"88432019":43,"d6320619":43,"25a7a0a3":41,"bb99c79c":45,"d1fe2868":40,"be149c6f":39,"a6003226":44,"97e75c19":52,"ed4fad08":46,"bf822e33":38,"088feee2":46,"bfcb912a":45,"8a52882e":47,"288a2c43":45,"13747b82":43,"36b7003c":48,"254cc28c":44,"12534561":31,"3652bd66":40,"b377a62a":32,"1ff8c2fc":47,"9e878ec2":50,"408bb2ed":32,"26c6fa34":40,"2c24d929":48,"d82592f4":41,"48655f09":54,"73b15e04":42,"05642105":41,"bc392d1c":35,"87922532":39,"013ee301":44,"b552beb3":33,"1be05c14":33,"59431390":42,"ad2d7bed":41,"6ee92259":44,"dfcc2ad1":40,"30c184b8":33,"8007f30e":30,"6c486702":53,"eebc8d43":39,"c6dc900c":34,"9b546d65":37,"0bfabf48":42,"9c29f0ed":49,"597c1f81":34,"d4ee22a4":44,"9fce073c":48,"f33c0140":40,"d634aa28":48,"1f11812e":39,"e62d705f":32,"dbd2f139":46,"cd3bbe7e":49,"c8977844":40,"e2cbe594":37,"7b6a7048":44,"2b3c49b9":44,"c455f40e":29,"d25e0f8d":39,"6b9eff39":32,"5a622a23":43,"92efd84f":32,"284544ba":46,"6751d8e4":48,"d1ca5d6b":52,"2c01e624":41,"835358a0":35,"6e851762":42,"4930f321":34,"d2466211":51,"489a39f7":33,"32c9fc47":33,"263762cb":45,"578f6e9e":42,"8dc9b4db":42,"71ff66e8":30,"fe1d4419":45,"f6fe095d":52,"60e855ee":41,"74c26380":35,"3c0df8b4":39,"7c0a2db6":48,"6023df54":38,"7ae34c64":36,"195eb771":42,"e865e4dd":45,"c7636527":43,"2af60749":45,"caddd0a7":44,"57167c74":40,"7043382d":42,"e32524d6":40,"24ffcbd3":48,"1a68160d":43,"655954ba":41,"54d7de6b":46,"bc021def":49,"b946e146":52,"30dd2edc":43,"a77e8461":31,"ccdd1ce6":34,"623c6a31":44,"af157d29":44,"71a2a493":27,"25d1b2d8":45,"725dce8b":43,"9ceb5439":33,"57d5dee8":41,"cb6c9e42":55,"b230e8d3":47,"ccf8b803":37,"99e171db":42,"aec4e1bf":48,"761cf820":33,"c4aa1e38":37,"792c9b6a":37,"b8397293":42,"08a4c3f8":38,"b35e9e1a":64,"db0a661e":47,"dfc89705":40,"26c6fa34":41,"e8d74304":38,"03c398d2":35,"59c1e594":49,"8bc04eb5":31,"1a442bc7":38,"677c6a09":56,"91b28f83":48,"e382ec3f":31,"6841f77e":54,"a0685bf3":51,"f5e8dfee":44,"fe8f3d36":39,"1105f790":47,"55928ef1":47,"1745a0f4":44,"c463799d":44,"a06a6430":33,"1dad0f99":37,"f598a332":48,"9f2b16a7":37,"a836aa93":40,"168e75d9":36,"dbd2f139":47,"145c7559":43,"66497c7e":39,"dae0f922":45,"f1b493de":48,"1e7753d9":51,"19e9776f":45,"cd3bbe7e":50,"9d0546ac":43,"ccb5ea3e":30,"93e8cee5":48,"2ad42a9e":36,"c650b434":44,"4e5aaaec":32,"4295ce9a":43,"d7cb9bcf":37,"abd32136":45,"794f652b":33,"c852d240":35,"36b7003c":49,"47cfba38":37,"26c390d6":37,"3c6692a3":46,"2c627253":35,"730338c4":56,"c0e2624b":38,"6e851762":43,"2f455cce":35,"053f3451":45,"9aa6a054":33,"6ebe2354":31,"dd1fcb17":44,"49910300":39,"6291e9e9":38,"07fc4a9a":40,"2cce4fb2":43,"d9dcdc4b":49,"7732eb1e":57,"045f280d":40,"5410e9c6":45,"60e855ee":42,"004f1ef3":49,"9a3cc55d":31,"317c1591":35,"22aeaf03":43,"695a2b92":46,"6f39f4d9":55,"d9a64845":31,"ae016053":41,"195eb771":43,"95904ac4":55,"db8ba455":48,"5f96c2bc":30,"3a291497":36,"4777334c":38,"805af3c7":40,"868cda42":33,"5ab7bc35":46,"a33fe0dd":48,"0a2f71bc":32,"c8fcad77":38,"f2ca27d9":37,"4469c815":19,"53a8613c":42,"a77e8461":32,"d6320619":44,"08c6b5d2":37,"12012fbd":44,"b88033fd":48,"608bc832":34,"8323d333":40,"a533489b":46,"5acaa06f":28,"358e45b1":48,"45b038bb":55,"5f8517b7":50,"ba586505":37,"e0e48a2d":43,"6775d5cd":30,"51a3e9c2":44,"124fbe96":44,"20811ddf":37,"bf30a08f":53,"f2e3c0e3":36,"2352c8ef":37,"ba5c52af":42,"eebc8d43":40,"c8113b77":36,"a8c93bed":44,"972f4174":49,"6fb4cdda":42,"69134f07":42,"e7abc88d":25,"ebdbf580":39,"0d5ee801":38,"53431634":56,"f883d582":33,"145c7559":44,"94a2fe10":50,"b7434f57":33,"0af920d8":29,"c8977844":41,"142d6987":48,"72b84094":48,"e2a7d915":43,"7b6a7048":45,"805534ac":37,"c650b434":45,"869cbaa0":49,"99e171db":43,"b7cc7909":39,"57d5dee8":42,"97e75c19":53,"9ceb5439":34,"c93c3508":33,"527ff946":49,"47cfba38":38,"8a52882e":48,"61d4782d":37,"c98d5272":38,"76f3a3be":37,"31f6ba51":48,"bca2d7cd":33,"6751d8e4":49,"2d13e69b":43,"778c95e9":40,"8657c79d":51,"a625328f":44,"c793cdda":37,"b102f7bd":53,"b460f030":50,"b6aaf976":46,"dfc89705":41,"12271e14":43,"9fc713b0":48,"2d1e1e9d":35,"a0b03218":55,"0b5a0408":38,"87922532":40,"88a30343":47,"d36125db":54,"6c73ae98":44,"11888cfa":40,"5678ed7b":52,"363590c7":35,"f5cd79c1":41,"39bbc4bc":61,"c318d350":43,"00a17b46":36,"1745a0f4":45,"6a5b71b4":51,"e4cfef0a":33,"4d9b0b10":39,"a06a6430":34,"7ae34c64":37,"aa867541":33,"49cb2959":39,"a5fd8ffd":52,"d5dae4c4":40,"c91966ce":35,"b2cfdbcf":44,"efd23af5":45,"77898c22":36,"868cda42":34,"c015ec5a":43,"7043382d":43,"f2470875":41,"e238f09b":38,"09f0db62":54,"379184a7":50,"9e878ec2":51,"332820ce":40,"50312237":45,"de11eb19":53,"31f6d707":47,"6585adbe":30,"bc021def":50,"8dd2684c":46,"22ecaed0":37,"37d0cae2":35,"d39724bc":48,"d1d40c9c":44,"abad2347":37,"1c0a9eff":39,"062179c1":38,"a502c93c":43,"d815c5b4":53,"13b53c7a":41,"b8488fc8":42,"ec11fe5f":42,"78467b8a":46,"6ebe2354":32,"01cd8099":42,"9c58dd76":49,"4febf7c5":45,"4b3e3b1c":47,"1c3a30c5":37,"11888cfa":41,"2d382981":42,"1138796e":41,"792cfcbd":33,"b2703001":39,"d36125db":55,"95bc84f1":36,"cf50e84e":42,"8b5a8e9f":59,"fead11cf":40,"0f029727":35,"c0b0f492":49,"a577db1c":35,"7f86be64":47,"df2b4d87":44,"53431634":57,"6fb4cdda":43,"8e99d5d0":35,"30fdcd3b":39,"c21ab51e":34,"026766f3":32,"e9679ede":35,"b6591e25":39,"1e232870":43,"180377be":36,"f883d582":34,"cf1124db":37,"be40590d":39,"72b84094":49,"e2a7d915":44,"5a622a23":44,"9a80f004":39,"a77e8461":33,"57540cc3":45,"ec2cb1af":47,"31d74eee":38,"b230e8d3":48,"08c6b5d2":38,"c67979e6":44,"540df50f":48,"61d4782d":38,"088feee2":47,"081460bf":33,"50d129cf":37,"47d27624":44,"64db4feb":44,"c6c85783":40,"aa9ea5e8":35,"a1921150":51,"8d04852b":40,"2f455cce":36,"aec074c4":50,"2180f99b":46,"0bd93cfd":36,"53b4e647":52,"9f74b8a4":40,"619fda68":42,"af7e5be8":43,"056ea7ff":43,"4930f321":35,"91536e85":41,"810aa5e9":41,"69eeae0d":42,"e865e4dd":46,"43bc86e3":42,"d5dae4c4":41,"28654c76":52,"c91966ce":36,"383e232d":36,"84b67924":38,"d552eb2f":30,"6de0aaac":32,"8ea21393":40,"92136ff5":44,"df81ddee":34,"d9f512b9":47,"aab4d996":43,"75ffea08":40,"d1676e89":45,"5781776a":42,"eda6a690":41,"8dd649a3":33,"3a204e56":43,"0b3283c9":39,"8274885a":42,"45b038bb":56,"b8397293":43,"b2a8761b":42,"9e878ec2":52,"5f8517b7":51,"de11eb19":54,"792c9b6a":38,"2882a956":42,"dffa7793":20,"e382ec3f":32,"e4117b3b":29,"1bb4ccc0":35,"7f6d1d0e":47,"aa187e3b":36,"afe8e06a":35,"b946e146":53,"0277d748":54,"172217e5":46,"558d5ce7":47,"08c6b5d2":39,"9e206c95":52,"a9b1bd51":31,"aa9ea5e8":36,"9d9dd9e5":39,"76f3a3be":38,"42c80e69":43,"90d52475":41,"35aa7fd0":43,"1a0189c4":42,"c67979e6":45,"8cddb65e":50,"650bb0e0":44,"5774ac0d":46,"37fbb107":44,"68562193":35,"98915a1f":31,"3c6692a3":47,"7af262e5":45,"65a00a3c":39,"d6f0d94a":38,"df2b4d87":45,"c4e70c07":39,"685207b3":45,"c7313e0a":42,"6b78ad7f":50,"34c5c729":34,"77300e4a":36,"a3253019":41,"dcf85091":35,"26ed1a5c":41,"059d6c19":50,"4ee62a26":38,"40a745c0":41,"bb98a6cf":51,"ca6d2d91":44,"8942c35b":43,"27c8e038":42,"71bc1295":44,"eed20185":42,"cbad3b92":47,"9fc713b0":49,"87ce8d1d":32,"b84a06eb":47,"812b4f15":42,"a4dafea5":35,"69f3bfcc":43,"2d1e1e9d":36
1604737466030,"6c73ae98":45,"54a676d6":43,"045f280d":41,"f6fe095d":53,"95d3d348":41,"dc583e64":37,"5410e9c6":46,"19f9ca86":51,"3712c4bd":39,"5781776a":43,"7ae3fc50":44,"36fb15d2":37,"408bb2ed":33,"08a4c3f8":39,"8c6e001f":28,"5a0ead91":29,"d102b0c6":34,"2198ba8e":39,"a0bc1ceb":37,"e8d74304":39,"99d130c9":54,"27c8e038":43,"8eb64769":32,"e6fac295":37,"d9dcdc4b":50,"0b5a0408":39,"8298e976":45,"26009d3f":47,"411b5027":46,"cf84fb54":45,"8cd78f77":48,"eb7b4e29":32,"2a06ab95":46,"2c627253":36,"dd7acb96":44,"a4dafea5":36,"312f7676":41,"1da771fb":36,"8f10fa42":44,"70ee0491":36,"2a76f1dd":30,"8007f30e":31,"a40846b7":51,"363590c7":36,"82868763":39,"3f2522c2":45,"c7ab83c1":39,"336d0f08":46,"1bd5b20b":39,"fa55f27a":50,"af157d29":45,"3454fa2b":42,"bc021def":51,"315537b2":38,"49902219":44,"22176537":33,"a63bddd4":46,"76f3a3be":39,"f66616b7":33,"d6d61bfc":52,"36b7003c":50,"af034fee":34,"088feee2":48,"60d6cee2":42,"a9b1bd51":32,"5eaa1581":38,"7e15f8e8":48,"081460bf":34,"7af9d3b1":41,"650bb0e0":45,"44a4f7cd":33,"82b81567":38,"45b038bb":57,"36fb15d2":38,"913a6226":39,"ccb5ea3e":31,"e21c6207":39,"c455f40e":30,"4295ce9a":44,"25e0dd3d":50,"d25e0f8d":40,"5f8517b7":52,"30c184b8":34,"07f98660":52,"f1df62b4":37,"1dad0f99":38,"6a5b71b4":52,"ffa08d82":44,"7fb4c521":42,"9fce073c":49,"74c26380":36,"f789f6d8":48,"71ba7561":37,"6023df54":39,"f3a0c2ee":37,"56473430":43,"aa76bc50":40,"2198ba8e":40,"c27969ec":37,"9fc713b0":50,"01cd8099":43,"a636f4c9":52,"2d382981":43,"baebb391":56,"8298e976":46,"6291e9e9":39,"26c390d6":38,"8cd78f77":49,"f4726450":39,"88b3bc99":38,"af0b61ab":47,"0fc5ac7e":53,"f069bb07":45,"4945c851":55,"159ffd0b":17,"06ddafc7":42,"1f88a4b7":44,"45fb95c1":38,"14c682eb":35,"44c77422":45,"a33fe0dd":49,"ca7d47f7":51,"e3547548":30,"92f800f5":34,"88fa53d6":33,"685207b3":46,"1a2c020b":42,"d34a29b9":43,"69d4b754":39,"104721f0":41,"704bce0d":44,"f3992a31":43,"3f9b5722":32,"902f49f5":43,"e62d705f":33,"7a9344a4":45,"a8726d50":37,"bb98a6cf":52,"142d6987":49,"95d331b1":31,"ad2d7bed":42,"e4117b3b":30,"730a4938":48,"d83870f5":44,"04bef50c":25,"e356abf1":38,"831c7b85":39,"3e082b37":40,"82868763":40,"e7773397":36,"c564e316":38,"71ff66e8":31,"6b79fec2":33,"77d35808":40,"3454fa2b":43,"f2f58418":39,"01d817b8":36,"1d153b20":39,"ccdd1ce6":35,"ac38a6a5":42,"416a9e97":44,"b7cc7909":40,"6867261a":36,"31d74eee":39,"bb8a6337":29,"ce3407dd":38,"71279c46":39,"cf775f58":40,"bc3dc66a":36,"64db4feb":45,"9d9dd9e5":40,"2a387957":50,"c4bff41f":33,"77898c22":37,"ccb5ea3e":32,"53747a91":52,"bc09fa9e":39,"9a80f004":40,"d25e0f8d":41,"f9f2c53f":41,"8d000d6e":37,"db0a661e":48,"288afc30":34,"ea274174":41,"408bb2ed":34,"b35e9e1a":65,"02d4753e":50,"733c86f8":36,"8f10fa42":45,"70ee0491":37,"7bda83dd":44,"f2e3c0e3":37,"b8488fc8":43,"9f74b8a4":41,"d5059415":45,"cf9f4757":30,"0785820e":43,"869cbaa0":50,"f1df62b4":38,"43d87483":37,"28654c76":53,"906fdec3":37,"616d6dd6":46,"da04caac":43,"00a481e3":41,"7896b953":39,"dc03ebd2":53,"ac62fac2":40,"e8d74304":40,"8eb64769":33,"481754fc":33,"c81b2bcf":34,"39a2fcce":42,"72d7b461":43,"7028b044":41,"5747db6e":45,"98915a1f":32,"aa5dfdf5":49,"9fa62fee":43,"284544ba":47,"35b58ef9":30,"71bc1295":45,"32c9fc47":34,"c6e3d352":42,"cf50e84e":43,"3c782bb3":41,"17b08923":35,"5f620a1e":50,"f8b31ce5":54,"62d1d346":38,"259930ee":44,"75ffea08":41,"e786063b":39,"9e65c0ef":35,"696fdac5":45,"06ee61b6":35,"4c4aa2e2":41,"0a92153e":43,"9b172ca8":37,"e7abc88d":26,"79f04300":37,"f1b493de":49,"30fdcd3b":40,"c8977844":42,"655941a0":49,"0af920d8":30,"c2bb8aae":36,"1e191c98":33,"cf84fb54":46,"5678ed7b":53,"05642105":42,"88ce179e":43,"ea4d3f3e":45,"1a442bc7":39,"1bb4ccc0":36,"e6ec8cbf":48,"bec9d329":44,"37d0cae2":36,"263762cb":46,"c318d350":44,"e238f09b":39,"695a2b92":47,"014bdff0":36,"a58bf525":40,"71ff66e8":32,"ec2cb1af":48,"f87c5031":38,"8cc4a982":32,"315537b2":39,"1d153b20":40,"e9adbe58":34,"15620dca":46,"dc473de1":40,"a1370ab0":47,"181c3dd5":41,"794f652b":34,"c81b2bcf":35,"162a7348":42,"85de05f2":35,"ded7da5a":39,"93e8cee5":49,"07107f6e":45,"26dd2000":40,"2ad42a9e":37,"3ef7432b":38,"a533489b":47,"408bb2ed":35,"554ebb83":44,"31f6d707":48,"4ac6bd4e":37,"332820ce":41,"9e878ec2":53,"30c184b8":35,"4c0e547b":34,"2a4a402a":38,"92ca52b7":40,"fef750ca":47,"7fdc2007":38,"7af262e5":46,"8fb236a9":41,"056ea7ff":44,"53b4e647":53,"c8113b77":37,"d4ee22a4":45,"87083264":48,"7566fdd6":40,"3a291497":37,"5f0c1b9d":50,"345c9967":40,"a0cf08b3":37,"3f75d3bc":42,"ae016053":42,"5e09f69e":47,"088feee2":49,"aff8e442":39,"bfcb912a":46,"254cc28c":45,"a2c334e7":53,"b88033fd":49,"48efc739":48,"5a07fc2e":45,"f069bb07":46,"911e770b":32,"fd369c21":48,"4bcd4a30":53,"39ba00f0":39,"0bd93cfd":37,"a636f4c9":53,"cbad3b92":48,"04612878":40,"baebb391":57,"b320feb9":40,"04ea5673":46,"638cb163":58,"44c77422":46,"d6f0d94a":39,"25776fc4":46,"c1bdfd41":37,"be2955bb":43,"288d171f":39,"e7abc88d":27,"8e99d5d0":36,"1247fa52":45,"c5b35e4d":41,"a836aa93":41,"db703021":36,"9316e7e8":28,"bb98a6cf":53,"b6591e25":40,"751bcf25":35,"64a7f79f":30,"d9dcdc4b":51,"ad8f85d6":40,"95bc84f1":37,"eed20185":43,"0b5a0408":40,"e81834aa":42,"49910300":40,"aa76bc50":41,"bec9d329":45,"7fef9973":55,"d1d40c9c":45,"8bc04eb5":32,"7ee7621c":37,"e382ec3f":33,"88ce179e":44,"f5829ac0":42,"2d1e1e9d":37,"c318d350":45,"6b79fec2":34,"f1dffa24":32,"fb7b7b3c":56,"2c5c1dc0":36,"36d340f2":46,"558d5ce7":48,"53a8613c":43,"57540cc3":46,"21ee2afe":51,"d6320619":45,"416a9e97":45,"dc583e64":38,"3c43e8a2":48,"94a2fe10":51,"ca6d2d91":45,"feb67030":36,"e2a7d915":45,"4dac6b20":39,"26dd2000":41,"4295ce9a":45,"201cafad":31,"3007f31f":36,"b4fdf90e":43,"f9c15fcc":43,"45b038bb":58,"fa55f27a":51,"e35a63cd":44,"a66a2d8a":36,"dc0c8b09":46,"11b2c8d9":36,"831c7b85":40,"2bcca6a7":51,"78b97937":43,"87cd2add":39,"c8113b77":38,"cb142908":37,"8ac72326":39,"a06a6430":35,"e28c2efc":44,"c38c2b52":47,"7ae34c64":38,"608bc832":35,"cfe72ead":36,"1bd5b20b":40,"227006e4":40,"6df0b2e8":62,"48efc739":49,"64db4feb":46,"77bae750":32,"32133249":45,"bda8cdfb":43,"51f80f4c":48,"d5557fb4":44,"c9efc8f6":47,"25d1b2d8":46,"31f6ba51":49,"254cc28c":46,"842c8340":34,"26c390d6":39,"7db3edda":49,"272c7672":42,"8cd78f77":50,"22234d6b":43,"fb7482fe":38,"2c01e624":42,"7be025ce":39,"df2b4d87":46,"c0b0f492":50,"30c5d755":50,"0a2f71bc":33,"caddd0a7":45,"868cda42":35,"1a68160d":44,"c85a0d80":45,"754f98c9":46,"7f86be64":48,"e7abc88d":28,"36380d96":45,"f33c0140":41,"8eb64769":34,"b6aaf976":47,"56752a4a":38,"01cd8099":44,"87922532":41,"a0b03218":56,"f1098793":45,"88a30343":48,"e8f173b5":36,"159ffd0b":18,"411b5027":47,"6c73ae98":46,"0a1d11e6":37,"aa76bc50":42,"fe44fc6f":45,"52eca0dc":42,"00a481e3":42,"dd035d2a":35,"04cc7cbe":36,"16b476e9":38,"9cb4697f":48,"1757a30e":29,"e382ec3f":34,"37d0cae2":37,"e4117b3b":31,"54a676d6":44,"7732eb1e":58,"363590c7":37,"f5596d0f":45,"30dd2edc":44,"4469c815":20,"7d6895f4":41,"21ee2afe":52,"bc021def":52,"18815a1b":40,"3c43e8a2":49,"f2470875":42,"6d61bf13":39,"60e855ee":43,"5099c6a0":54,"c2bb8aae":37,"430a5db5":48,"f1b493de":50,"cf1124db":38,"c8977844":43,"a4f1d83b":44,"19e9776f":46,"2ad42a9e":38,"c8dc010f":44,"547903ef":42,"6bc5d32a":53,"ab7467de":54,"7bebff03":38,"85de05f2":36,"27f52ed3":56,"2bcca6a7":52,"cfafcda8":39,"c463799d":45,"d78dd457":38,"33d6bb6a":39,"1745a0f4":46,"50b558a7":40,"6f39f4d9":56,"869cbaa0":51,"91536e85":42,"0785820e":44,"753ca352":33,"ac030e74":36,"faf4f98b":43,"cfe72ead":37,"5a0ead91":30,"288afc30":35,"d0e9a58e":36,"ea274174":42,"8f2a7d69":39,"5f8517b7":53,"be149c6f":40,"31f6ba51":50,"a47abfbb":38,"31d74eee":40,"2132fe93":49,"ccf8b803":38,"6df0b2e8":63,"5eaa1581":39,"f4b2f575":35,"91d52a55":44,"bb8a6337":30,"7e15f8e8":49,"5d087c79":41,"c98d5272":39,"9147702f":37,"2f455cce":37,"1f342a00":48,"88b3bc99":39,"2a06ab95":47,"e1571af7":46,"aab4d996":44,"ba30e43a":49,"5f620a1e":51,"c7636527":44,"04ea5673":47,"e32524d6":41,"3498f223":34,"acac14fb":36,"c5b35e4d":42,"c4feee5b":41,"27c8e038":44,"c6e3d352":43,"f1098793":46,"1c3a30c5":38,"12a2cd4b":47,"baebb391":58,"b28a5e67":41,"fafb4cc2":57,"5f96c2bc":31,"ae016053":43,"a5fd8ffd":53,"2c6cb96f":35,"69eeae0d":43,"677c6a09":57,"2d1e1e9d":38,"48655f09":55,"b552beb3":34,"a6bcb07e":43,"49910300":41,"d9dcdc4b":52,"a4dafea5":37,"cf50e84e":44,"d0d6acb1":41,"b947257e":44,"12dd6f5e":37,"4469c815":21,"affb82bf":35,"e7773397":37,"93ac9ca3":37,"d1676e89":46,"2c5c1dc0":37,"77300e4a":37,"501db4de":44,"4c4aa2e2":42,"1a2ec5d7":46,"4279e829":49,"19e9776f":47,"61f25dd4":44,"30d84dce":45,"9316e7e8":29,"7a9344a4":46,"d25e0f8d":42,"0a96f57a":52,"6b9eff39":33,"5a622a23":45,"6490bac6":40,"20777945":42,"fb8bfb36":56,"9a3cc55d":32,"8274885a":43,"dc583e64":39,"04bef50c":26,"bec9d329":46,"87c462ee":42,"11b74e63":38,"04cc7cbe":37,"d929098e":34,"fead11cf":41,"c1bb74f2":42,"9d023afb":45,"a8c93bed":45,"cfafcda8":40,"7af262e5":47,"a0685bf3":52,"c8113b77":39,"ac030e74":37,"d7cb9bcf":38,"629800eb":49,"00a17b46":37,"9aa6a054":34,"ad303bda":48,"9e878ec2":54,"31f6d707":49,"8493f3b2":55,"00554ffd":49,"5ee911b5":39,"6f0fcb9d":46,"288afc30":36,"01d817b8":37,"30dd2edc":45,"623c6a31":45,"416a9e97":46,"1ed46298":51,"254cc28c":47,"f94bf9ea":35,"ccf8b803":39,"47cfba38":39,"842c8340":35,"40860a4b":32,"93fdbb44":33,"5957df9e":44,"9b3f8714":41,"8ec3834d":38,"e9a8cf11":38,"8d04852b":41,"1b881e6e":45,"49b358bd":42,"8f13c203":33,"2af60749":46,"868cda42":36,"0b959527":35,"0a2f71bc":34,"719c8869":54,"012de09c":34,"71e53c93":45,"1d44aff3":44,"3101354b":35,"ec110282":40,"4bc46d7a":45,"cf1b8c47":44,"8eb64769":35,"ac62fac2":41,"87ce8d1d":33,"0b5a0408":41,"04612878":41,"6a60348e":41,"a543ec74":45,"820225e4":28,"f277386e":35,"64a7f79f":31,"87922532":42,"cf50e84e":45,"e7e82473":51,"d6db2b02":48,"f069bb07":47,"8cd78f77":51,"d3a669ac":50,"383e232d":37,"92efd84f":33,"84b767be":51,"2a06ab95":48,"79f04300":38,"2e3503e4":41,"e9679ede":36,"c4feee5b":42,"145c7559":45,"4e3f5178":46,"69d4b754":40,"cc11fef9":47,"94a2fe10":52,"142d6987":50,"467773ac":41,"5ccf94d6":42,"66b7b5b4":32,"30d84dce":46,"913a6226":40,"3007f31f":37,"f9f2c53f":42,"18d20aa1":37,"40e79dd3":44,"4eed1bea":46,"7ee148e9":44,"836701f6":36,"1951480c":43,"014bdff0":37,"a58bf525":41,"5623817d":47,"16b476e9":39,"4b125e7b":44,"1bb4ccc0":37,"20811ddf":38,"7735c3c2":32,"2882a956":43,"730a4938":49,"1745a0f4":47,"6a7392d5":38,"9d023afb":46,"9a07d89b":43,"30c184b8":36,"a66a2d8a":37,"be3a10f8":42,"c7ab83c1":40,"3d1af513":44,"9260d96b":47,"2dda3936":36,"217c0327":27,"ac38a6a5":43,"b9a48a5c":32,"2cb29e5a":45,"01d817b8":38,"8547fbc2":45,"c67979e6":46,"5eaa1581":40,"71a2a493":28,"8ec3834d":39,"5774ac0d":47,"7af9d3b1":42,"815e4582":44,"a47abfbb":39,"c6c85783":41,"9ceb5439":35,"64db4feb":47,"650bb0e0":46,"5a734022":38,"47d27624":45,"6f0fcb9d":47,"bfad1727":43,"e1571af7":47,"4577b333":44,"2af60749":47,"638cb163":59,"67f6e4f2":42,"3a1b9af5":32,"fe0df575":41,"7a6aa4b6":42,"804d4dfa":31,"03dcfa3d":44,"2c24d929":49,"30b6808c":40,"f1df62b4":39,"d5059415":46,"c8113b77":40,"67c57de4":61,"ac030e74":38,"7ae34c64":39,"faf4f98b":44,"0a1d11e6":38,"d5dae4c4":42,"fafb4cc2":58,"d9a64845":32,"fe44fc6f":46,"dd035d2a":36,"792cfcbd":34,"e36dfd6f":38,"a636f4c9":54,"b552beb3":35,"12a2cd4b":48,"868edcc0":45,"b460f030":51,"cf84fb54":47,"17b08923":36,"05642105":43,"1f88a4b7":45,"ea822700":37,"aa5dfdf5":50,"22234d6b":44,"98915a1f":33,"084cbc0b":40,"72d7b461":44,"84b767be":52,"25776fc4":47,"0f029727":36,"57167c74":41,"e0154608":30,"d34a29b9":44,"3498f223":35,"7cd0ad7b":50,"c4feee5b":43,"ab7d4c9a":42,"f1b493de":51,"f76a3e83":50,"d70ca4f4":49,"5be594be":40,"655941a0":50,"6e24d88b":46,"d599b566":55,"f5cd79c1":42,"8e4c33d2":42,"f1dffa24":33,"8274885a":44,"82868763":41,"0b3283c9":40,"e4c312fe":37,"d4d5f466":45,"9d4f1fe6":33,"91b28f83":49,"5eab91a0":47,"37d0cae2":38,"bd2705b0":49,"b87158fb":49,"1bc0591f":47,"13b53c7a":42,"0042f6eb":59,"be3a10f8":43,"cfafcda8":41,"c463799d":46,"af7e5be8":44,"ef14000f":42,"77bfed7e":40,"6034b6d0":48,"7fb4c521":43,"ef16ca37":40,"c4aa1e38":38,"b2a8761b":43,"7ae3fc50":45,"5ee911b5":40,"72b84094":50,"bb98a6cf":54,"3b7763b1":35,"9d4da635":34,"a0ce82b4":40,"6490bac6":41,"913a6226":41,"4eed1bea":47,"20777945":43,"7a6aa4b6":43,"ea274174":43,"12dd6f5e":38,"12012fbd":45,"d1715f3b":47,"9de29816":40,"be4f8ba8":39,"18815a1b":41,"a63bddd4":47,"6867261a":37,"d6d61bfc":53,"6df0b2e8":64,"789bd484":39,"a2c334e7":54,"181c3dd5":42,"f2364460":50,"47d27624":46,"68562193":36,"227006e4":41,"5957df9e":45,"04643409":40,"91d52a55":45,"088feee2":50,"ae95f2ba":43,"50c468ba":31,"ae016053":44,"616d6dd6":47,"537634c9":34,"65e4235b":47,"d8e58a8c":48,"74c26380":37,"4abb7aed":37,"946df4fd":37,"468fc85c":48,"24d24fa3":40,"87922532":43,"90731976":40,"baebb391":59,"8aa78e2f":41,"b7df1559":49,"69f3bfcc":44,"0f72f2d8":39,"32c9fc47":35,"bab97de3":45,"17b08923":37,"1438fad7":46,"26c390d6":40,"ef1c2dcb":41,"0fc5ac7e":54,"6e851762":44,"084cbc0b":41,"50c3164b":50,"8cd78f77":52,"c1bdfd41":38,"fce3c5c6":40,"b320feb9":41,"7e76c93c":41,"0f029727":37,"c7636527":45,"3bad3c95":31,"0da28f5b":44,"c85a0d80":46,"e1618359":49,"f3992a31":44,"f598a332":49,"a3253019":42,"1e232870":44,"cc11fef9":48,"1e7753d9":52,"58d46189":37,"40a745c0":42,"31408822":33,"ca6d2d91":46,"8942c35b":44,"5410e9c6":47,"19f9ca86":52,"c95719e5":32,"317c1591":36,"312f7676":42,"016953e4":49,"437fc3ec":42,"8bc04eb5":33,"e4117b3b":32,"04cc7cbe":38,"00cf385d":49,"abad2347":38,"e0e48a2d":44,"37d0cae2":39,"25a2844e":45,"8b5a8e9f":60,"a66a2d8a":38,"2bcca6a7":53,"cd522166":51,"c510bfd3":46,"78b97937":44,"9e878ec2":55,"ecfa8249":46,"ccb5ea3e":33,"4295ce9a":46,"9d0546ac":44,"21ad2f34":35,"40e79dd3":45,"913a6226":42,"408bb2ed":36,"2e99f8fd":38,"b7407bd3":40,"affb82bf":36,"3661e12d":39,"8dd2684c":47,"3454fa2b":44,"f3d68430":45,"25a7a0a3":42,"7d6895f4":42,"be149c6f":41,"35aa7fd0":44,"081460bf":35,"40860a4b":33,"088feee2":51,"77bae750":33,"2ab62345":38,"5ac86fb9":42,"36b7003c":51,"1a0189c4":43,"b230e8d3":49,"c6c85783":42,"bf822e33":39,"48efc739":50,"cd95f558":42,"9263c525":39,"34658473":43,"e4cfef0a":34,"ae95f2ba":44,"30b6808c":41,"f7231212":45,"ac030e74":39,"e57d5cda":51,"abd32136":46,"d5dae4c4":43,"2dd0e808":44,"8db5a165":31,"45b5746e":44,"ae016053":45,"3101354b":36,"dd035d2a":37,"064a99c8":40,"aefe13f5":51,"e6fac295":38,"59c1e594":50,"45fb95c1":39,"35b58ef9":31,"2d1e1e9d":39
1604737466942,"66554572":32,"2d382981":44,"3310a049":49,"c27969ec":38,"b36a0d66":24,"730338c4":57,"d3a669ac":51,"9ab755d3":40,"d0d6acb1":42,"e58b26f6":37,"7028b044":42,"2a06ab95":49,"e8f173b5":37,"65a00a3c":40,"b7505747":47,"24ffcbd3":49,"25776fc4":48,"0f029727":38,"259930ee":45,"cc6bbe45":36,"5be594be":41,"3498f223":36,"90a06ee9":45,"80a8a56d":39,"c7313e0a":43,"6fb4cdda":44,"e7abc88d":29,"cc11fef9":49,"1e7753d9":53,"d033db8d":39,"4360a1a3":43,"30d84dce":47,"dbd2f139":48,"9d4da635":35,"ce4da56f":40,"71ff66e8":33,"3a204e56":44,"f1dffa24":34,"6ce84ff8":40,"6d61bf13":40,"d4d5f466":46,"88ce179e":45,"4652b09a":43,"00cf385d":50,"7735c3c2":33,"1757a30e":30,"4258c176":39,"b102f7bd":54,"2a4a402a":39,"11b2c8d9":37,"fef750ca":48,"92ca52b7":41,"5781776a":44,"971675c5":51,"a851554d":50,"e2a7d915":46,"c45d554f":42,"6490bac6":42,"bc09fa9e":40,"ded7da5a":40,"daab45c6":41,"f87c5031":39,"f5596d0f":46,"53a8613c":44,"140ce69e":46,"09560615":36,"18815a1b":42,"d1715f3b":48,"c852d240":36,"c4bff41f":34,"bc3dc66a":37,"8d04852b":42,"4ed01268":40,"32133249":46,"77bae750":34,"5eaa1581":41,"254cc28c":48,"5e09f69e":48,"c6c85783":43,"b88033fd":50,"44a4f7cd":34,"b8ab8e6e":40,"fa55f27a":52,"36fb15d2":39,"b35e9e1a":66,"5f8517b7":54,"08a4c3f8":40,"a533489b":48,"40569362":43,"f5e8dfee":45,"8721056e":29,"ef14000f":43,"7a4c064c":48,"f1df62b4":40,"abd32136":47,"c803b4a3":45,"10ec5a0b":39,"6034b6d0":49,"4abb7aed":38,"a472532e":38,"da04caac":44,"aa867541":34,"71e53c93":46,"49cb2959":40,"5f96c2bc":32,"be1746a0":26,"b6aaf976":48,"eed20185":44,"49910300":42,"9e65c0ef":36,"fbdffc95":33,"9bdf362a":33,"c4e70c07":40,"e3547548":31,"7be025ce":40,"d141db49":32,"d34a29b9":45,"754f98c9":47,"bd984a8e":35,"b2c25d1c":46,"288d171f":40,"cb51f134":45,"06ee61b6":36,"ddec9e54":36,"dae0f922":46,"026766f3":33,"b6591e25":41,"94a2fe10":53,"26ed1a5c":42,"d634aa28":49,"24d24fa3":41,"ea822700":38,"cbb54a0a":35,"5a07fc2e":46,"3062379b":29,"d744bee2":40,"84b67924":39,"d3a669ac":52,"0114160e":40,"6be9332a":40,"bad6cdb1":36,"8d753bb6":36,"1138796e":42,"792cfcbd":35,"e81834aa":43,"26009d3f":48,"de36827b":51,"0d770b97":50,"93b0a158":45,"e4c312fe":38,"f0a06216":44,"ea4d3f3e":46,"bb00e71c":37,"7f6d1d0e":48,"9d023afb":47,"a40846b7":52,"b1f58563":41,"83086d4c":35,"fe1d4419":46,"317c1591":37,"363590c7":38,"1951480c":44,"25e0dd3d":51,"7b6a7048":46,"0a96f57a":53,"5c82d1ce":34,"21e10a2b":33,"feb67030":37,"0149e11a":38,"4d35385e":37,"d3e84616":45,"3f65f121":42,"6cba74ce":45,"b946e146":54,"88432019":44,"d6320619":46,"44a4f7cd":35,"6867261a":38,"84369269":39,"1ed46298":52,"a1370ab0":48,"37fbb107":45,"cb6c9e42":56,"c852d240":37,"181c3dd5":43,"1b881e6e":46,"8f2a7d69":40,"67f6e4f2":43,"d0c0fc08":40,"5acaa06f":29,"f1862e79":36,"ef16ca37":41,"5f8517b7":55,"33d6bb6a":40,"5f4102da":43,"eb2e1983":40,"05f6ab35":40,"c6dc900c":35,"0042f6eb":60,"67c57de4":62,"d5059415":47,"0785820e":45,"10ec5a0b":40,"7e95c5a0":36,"00a17b46":38,"6034b6d0":50,"83b2f9c5":50,"6e44927f":32,"71ba7561":38,"00a481e3":43,"a472532e":39,"781ace7d":43,"3f75d3bc":43,"4577b333":45,"4fd645f1":34,"2154b6e8":38,"7043382d":44,"44c77422":47,"0a2f71bc":35,"caddd0a7":46,"145c7559":46,"7f86be64":49,"f3992a31":45,"cb51f134":46,"3498f223":37,"104721f0":42,"1e232870":45,"b7434f57":34,"61f25dd4":45,"7a9344a4":47,"394dc144":50,"32133249":47,"25d1b2d8":47,"12534561":32,"eb7b4e29":33,"fd07e0ed":42,"aa5dfdf5":51,"d744bee2":41,"22234d6b":45,"fb7482fe":39,"2180f99b":47,"56752a4a":39,"a5aee5de":49,"24d24fa3":42,"4b3e3b1c":48,"3c782bb3":42,"d8475b95":35,"c609739e":43,"411b5027":48,"e81834aa":44,"c6e3d352":44,"ad8f85d6":41,"b36a0d66":25,"66554572":33,"fb44fa9c":50,"3b2dee89":43,"6775d5cd":31,"ad2d7bed":43,"7ee7621c":38,"54d7de6b":47,"11b74e63":39,"f56ac638":37,"6b79fec2":35,"c564e316":39,"6085137f":23,"5270f158":41,"3e082b37":41,"f6fe095d":54,"5781776a":45,"66b7b5b4":33,"906632cb":33,"c3e6ef01":55,"be40590d":40,"fb8bfb36":57,"44ff8baa":36,"cd421290":46,"3b7763b1":36,"0a96f57a":54,"c8dc010f":45,"7e8e1c3d":43,"f2ca27d9":38,"49902219":45,"53a8613c":45,"dfa1a89b":43,"175bc6b2":36,"f5596d0f":47,"51f57142":45,"cf775f58":41,"aec4e1bf":49,"4ac6bd4e":38,"f9c15fcc":44,"b7407bd3":41,"50312237":46,"45b038bb":59,"9263c525":40,"b35e9e1a":67,"82204d54":39,"1745a0f4":48,"a567ace4":41,"ec11fe5f":43,"c1bb74f2":43,"fef750ca":49,"2a4a402a":40,"c803b4a3":46,"76f94eda":39,"a85d89cc":44,"91536e85":43,"95539a58":30,"4930f321":36,"1dad0f99":39,"3f75d3bc":44,"012de09c":35,"a472532e":40,"95904ac4":56,"75ffea08":42,"c1bdfd41":39,"5f620a1e":52,"0b959527":36,"638cb163":60,"f598a332":50,"2af60749":48,"be2955bb":44,"ffc86f94":39,"12534561":33,"d1fe2868":41,"794f652b":35,"288a2c43":46,"5f6613c8":39,"93fdbb44":34,"5957df9e":46,"227006e4":42,"2132fe93":50,"ce3407dd":39,"c98d5272":40,"68562193":37,"50c3164b":51,"fd369c21":49,"5747db6e":46,"d744bee2":42,"a625328f":45,"284544ba":48,"d0d6acb1":43,"c27969ec":39,"6ebe2354":33,"87ce8d1d":34,"23080895":38,"1438fad7":47,"2c24d929":50,"b2703001":40,"07fc4a9a":41,"27c8e038":45,"0f72f2d8":40,"b552beb3":36,"6c73ae98":47,"66554572":34,"a8871ddf":41,"65e4235b":48,"906fdec3":38,"3c0df8b4":40,"677c6a09":58,"2882a956":44,"d1d40c9c":46,"e6ec8cbf":49,"290b4714":46,"abad2347":39,"4652b09a":44,"014bdff0":38,"b1f58563":42,"437fc3ec":43,"fe1d4419":47,"a836aa93":42,"06ee61b6":37,"f2086446":47,"0d5ee801":39,"bd984a8e":36,"f1b493de":52,"a3253019":43,"8db62558":42,"7a9344a4":48,"0af920d8":31,"6e24d88b":47,"381c68fa":44,"df81ddee":35,"e2a7d915":47,"ab7467de":55,"201cafad":32,"3ef7432b":39,"53747a91":53,"4eed1bea":48,"695a2b92":48,"6d339d45":44,"9e206c95":53,"53a8613c":46,"175bc6b2":37,"6143f39d":41,"8e4c33d2":43,"0b3283c9":41,"4ac6bd4e":39,"b35e9e1a":68,"f5e8dfee":46,"11b2c8d9":38,"8f10fa42":46,"8b5a8e9f":61,"c1bb74f2":44,"05f6ab35":41,"9a07d89b":44,"c8113b77":41,"76f94eda":40,"e57d5cda":52,"9fce073c":50,"43d87483":38,"056ea7ff":45,"91536e85":44,"8c6e001f":29,"b7407bd3":42,"358e45b1":49,"cfe72ead":38,"3a1b9af5":33,"e1571af7":48,"719c8869":55,"caddd0a7":47,"6cba74ce":46,"d6320619":47,"527ff946":50,"7e15f8e8":50,"be149c6f":42,"1b881e6e":47,"61d4782d":39,"5d087c79":42,"162a7348":43,"f4b2f575":36,"181c3dd5":44,"5ac86fb9":43,"c67979e6":47,"74e3d13e":43,"5f7d7195":40,"9b3f8714":42,"fd07e0ed":43,"cbb54a0a":36,"84b67924":40,"0d2a1c58":35,"aaa274a5":38,"a625328f":46,"84b767be":53,"d82592f4":42,"a0bc1ceb":38,"26c6fa34":42,"59c1e594":51,"cac4449a":34,"e36dfd6f":39,"12a2cd4b":49,"3310a049":50,"0f72f2d8":41,"868edcc0":46,"d8e58a8c":49,"1d44aff3":45,"da04caac":45,"2c6cb96f":36,"537634c9":35,"5f96c2bc":33,"cf1b8c47":45,"16b476e9":40,"95d331b1":32,"d1d40c9c":47,"4652b09a":45,"ae99df30":37,"1f88a4b7":46,"d36125db":56,"489a39f7":34,"95bc84f1":38,"546f6845":47,"3a204e56":45,"317c1591":38,"14c682eb":36,"501db4de":45,"c4e70c07":41,"e1618359":50,"24ffcbd3":50,"65a00a3c":41,"e0154608":31,"5e193fc8":45,"77300e4a":38,"dbc9df44":39,"5be594be":42,"655941a0":51,"8942c35b":45,"110b1ee3":46,"d033db8d":40,"1e191c98":34,"26ed1a5c":43,"180377be":37,"40e79dd3":46,"7e8e1c3d":44,"7d112f4d":42,"77898c22":38,"8f9b74b0":33,"dc583e64":40,"b769bdfb":46,"363590c7":39,"22aeaf03":44,"f6fe095d":55,"45b038bb":60,"e4c312fe":39,"88ce179e":46,"be3a10f8":44,"2352c8ef":38,"0e2b5d2f":43,"9d023afb":48,"fead11cf":42,"6a7392d5":39,"ec11fe5f":44,"6034b6d0":51,"ac030e74":40,"385ab7c6":39,"abd32136":48,"67c57de4":63,"869cbaa0":52,"93b9fae6":40,"4ba6eb36":40,"de11eb19":55,"7a2f3f06":37,"d33790a2":45,"0ac825ed":44,"408bb2ed":37,"efd23af5":46,"805534ac":38,"945b63f0":61,"53a8613c":47,"9de29816":41,"f5596d0f":48,"8cc4a982":33,"7080f122":34,"03b4ab60":43,"bad1a1cc":36,"162a7348":44,"5eaa1581":42,"84369269":40,"5957df9e":47,"40860a4b":34,"71279c46":40,"1a0189c4":44,"c4bff41f":35,"36b7003c":52,"b7cc7909":41,"b8ab8e6e":41,"9ceb5439":36,"26c390d6":41,"70c1e715":46,"d552eb2f":31,"0fc5ac7e":55,"aec074c4":51,"99d130c9":55,"a0cf08b3":38,"f789f6d8":49,"b28a5e67":42,"42cd2360":38,"28654c76":54,"61145ec9":55,"dd035d2a":38,"804d4dfa":32,"26c6fa34":43,"468fc85c":49,"a636f4c9":55,"6291e9e9":40,"0eaf08da":42,"54a676d6":45,"792cfcbd":36,"411b5027":49,"de36827b":52,"e8f173b5":38,"e7e82473":52,"820225e4":29,"2af60749":49,"859545e6":29,"65a00a3c":42,"25776fc4":49,"685207b3":47,"805af3c7":41,"e9679ede":37,"e7abc88d":30,"aa021138":50,"c382f054":38,"0f029727":39,"8e99d5d0":37,"3498f223":38,"704bce0d":45,"31408822":34,"4279e829":50,"059d6c19":51,"40a745c0":43,"655941a0":52,"c8977844":44,"be40590d":41,"5c82d1ce":35,"c0e2624b":39,"84b67924":41,"8274885a":45,"5b60dd1d":47,"c564e316":40,"e7773397":38,"25635c37":39,"09f0db62":55,"77d35808":41,"1757a30e":31,"bec9d329":47,"d1d40c9c":48,"a6b5e869":42,"79be29c8":39,"4258c176":40,"ea4d3f3e":47,"25a2844e":46,"a0685bf3":53,"fef750ca":50,"0042f6eb":61,"7bda83dd":45,"831c7b85":41,"9a07d89b":45,"332820ce":42,"9260d96b":48,"8323d333":41,"d0b297b2":37,"8493f3b2":56,"379184a7":51,"8d000d6e":38,"70594a28":42,"7d112f4d":43,"18d20aa1":38,"21e10a2b":34,"6b9eff39":34,"7e8e1c3d":45,"2dda3936":37,"8cc4a982":34,"fd6dcb20":33,"172217e5":47,"57540cc3":47,"b9a48a5c":33,"deb31f35":48,"4d35385e":38,"31d74eee":41,"51f80f4c":49,"254cc28c":49,"162a7348":45,"47d27624":47,"8d04852b":43,"f66616b7":34,"f2364460":51,"4911acad":34,"1634789b":50,"e9a8cf11":39,"5a734022":39,"088feee2":52,"d1ca5d6b":53,"6a3eaf43":38,"d552eb2f":32,"92efd84f":34,"fd369c21":50,"07f98660":53,"ef91eaae":38,"d4ee22a4":46,"e28c2efc":45,"629800eb":50,"6034b6d0":52,"7fb4c521":44,"f789f6d8":50,"ef8987d7":51,"fe44fc6f":47,"aa867541":35,"ec110282":41,"a5676c24":40,"fafb4cc2":59,"cbad3b92":49,"2198ba8e":41,"73b15e04":43,"804d4dfa":33,"a543ec74":46,"26009d3f":49,"812b4f15":43,"d6db2b02":49,"e0f7679f":42,"d8475b95":36,"cf84fb54":48,"d36125db":57,"0d2c95fe":39,"d9dcdc4b":53,"c8fcad77":39,"b2c25d1c":47,"2154b6e8":39,"14c682eb":37,"d34a29b9":46,"c5b35e4d":43,"d9f512b9":48,"bd984a8e":37,"868cda42":37,"b3863630":37,"2af60749":50,"4fd645f1":35,"168e75d9":37,"be2955bb":45,"4ee62a26":39,"4279e829":51,"26ed1a5c":44,"7cd0ad7b":51,"19e9776f":48,"58d46189":38,"56d315d8":37,"50c3164b":52,"9fa62fee":44,"22176537":34,"865d9857":35,"af157d29":46,"4469c815":22,"ac38a6a5":44,"42191b64":37,"d1676e89":47,"3c43e8a2":50,"dc583e64":41,"ee75b607":40,"abad2347":40,"935ec056":34,"2882a956":45,"67d30f2b":46,"5eab91a0":48,"9d4f1fe6":34,"4c0e547b":35,"b87158fb":50,"cd522166":52,"dc0c8b09":47,"8063df14":42,"c6dc900c":36,"1bc0591f":48,"c95719e5":33,"8dc9b4db":43,"5099c6a0":55,"8245f916":37,"9260d96b":49,"d0e9a58e":37,"8d000d6e":39,"fa55f27a":53,"53747a91":54,"2ad42a9e":39,"261c9911":47,"ded7da5a":41,"5c82d1ce":36,"ccb5ea3e":34,"cd421290":47,"7ae3fc50":46,"379184a7":52,"2cb29e5a":46,"140ce69e":47,"9ceb5439":37,"be149c6f":43,"2a387957":51,"72805bf5":36,"449d8475":40,"5774ac0d":48,"e15fd611":37,"ed4fad08":47,"bad1a1cc":37,"71a2a493":29,"50d129cf":38,"dc473de1":41,"d5557fb4":45,"5a734022":40,"f069bb07":48,"70bc8325":41,"fd369c21":51,"aaa274a5":39,"2d13e69b":44,"0fc5ac7e":56,"f4726450":40,"91536e85":45,"50c468ba":32,"0d28db94":35,"6a5b71b4":53,"c8113b77":42,"30b6808c":42,"0785820e":46,"b28a5e67":43,"345c9967":41,"91f7ef72":43,"537634c9":36,"fafb4cc2":60,"56473430":44,"69eeae0d":44,"a5aee5de":50,"99d130c9":56,"458dcc3d":44,"468fc85c":50,"87ce8d1d":35,"6be9332a":41,"e81834aa":45,"ad8f85d6":42,"0d2c95fe":40,"28d41578":37,"3c782bb3":43,"a24e6670":48,"66554572":35,"1be05c14":34,"dac109cf":43,"9267f0ef":55,"754f98c9":48,"4777334c":39,"e786063b":40,"c85a0d80":47,"b3863630":38,"65a00a3c":43,"c0fea118":40,"24ffcbd3":51,"8e99d5d0":38,"5ab7bc35":47,"4c4aa2e2":43,"638cb163":61,"6e24d88b":48,"5272520d":45,"93683c82":43,"66497c7e":40,"902f49f5":44,"467773ac":42,"7cd0ad7b":52,"88ce179e":47,"dffa7793":21,"935ec056":35,"7fef9973":56,"f0a06216":45,"c0b23081":47,"1c0a9eff":40,"5f4102da":44,"a66a2d8a":39,"2352c8ef":39,"cd522166":53,"9d023afb":49,"d1676e89":48,"0b3283c9":42,"83086d4c":36,"c318d350":46,"e45b4b53":34,"312f7676":43,"09f0db62":56,"8ea21393":41,"d25e0f8d":43,"25e0dd3d":52,"c45d554f":43,"20777945":44,"e1f0dbfd":43,"a0cca8b7":37,"06073f13":49,"1ff8c2fc":48,"b377a62a":33,"408bb2ed":38,"40569362":44,"9263c525":41,"34658473":44,"9c045c61":42,"b946e146":55,"30dd2edc":46,"6d339d45":45,"f3d68430":46,"2cb29e5a":47,"bc021def":53,"a983a6dc":40,"be149c6f":44,"31f6ba51":51,"77bae750":35,"2a387957":52,"c9efc8f6":48,"bc3dc66a":38,"842c8340":36,"47d27624":48,"03b4ab60":44,"e9a8cf11":40,"5f7d7195":41,"e99318a3":33,"5a734022":41,"26c390d6":42,"6c524f99":34,"f5e8dfee":47,"ad303bda":49,"ae95f2ba":45,"50c468ba":33,"d83294cd":47,"7fb4c521":45,"9aa6a054":35,"67c57de4":64,"7c0a2db6":49,"4abb7aed":39,"dc03ebd2":54,"ae016053":46,"5f0c1b9d":51,"2dd0e808":45,"dd035d2a":39,"24d24fa3":43,"23080895":39,"64a7f79f":32,"d82592f4":43,"a0bc1ceb":39,"4ff2225d":36,"90731976":41,"04612878":42,"7be025ce":41,"69134f07":43,"b320feb9":42,"e32524d6":42,"36380d96":46,"90a06ee9":46,"9e65c0ef":37,"ebdbf580":40,"d141db49":33,"a836aa93":43,"ce3bf5db":38,"fbdffc95":34,"6fb4cdda":45,"3498f223":39,"20e470e0":37,"1a2ec5d7":47,"3b690f68":47,"e62d705f":34,"d0c104c4":35,"1e7753d9":54,"66b7b5b4":34,"a24e6670":49,"cbad3b92":50,"1db42092":51,"3310a049":51,"411b5027":50,"49910300":43,"0bd93cfd":38,"3c6692a3":48,"d3a669ac":53,"84b67924":42,"778c95e9":41,"6a3eaf43":39,"ee75b607":41,"bb00e71c":38,"0d770b97":51,"6775d5cd":32,"7735c3c2":34,"ba586505":38,"677c6a09":59,"82204d54":40,"8dc9b4db":44,"c95719e5":34,"95d3d348":42,"8dd649a3":34,"26f99a1e":42,"9a3cc55d":33,"09f0db62":57,"ccb5ea3e":35,"a0ce82b4":41,"79e4fa1c":35,"2b3c49b9":45,"c455f40e":31,"8ea21393":42,"c650b434":46,"761cf820":34,"02d4753e":51,"67f6e4f2":44,"e0e6a097":32,"1bd5b20b":41,"c4aa1e38":39,"8f2a7d69":41,"25a7a0a3":43,"36d340f2":47,"b9a48a5c":34,"6143f39d":42,"3661e12d":40,"d6320619":48,"9e206c95":54,"5f6613c8":40,"449d8475":41,"03b4ab60":45,"a47abfbb":40,"90d52475":42,"540df50f":49,"a1921150":52,"17446892":34,"44a4f7cd":36,"a2c334e7":55,"04643409":41,"d1fe2868":42,"71a2a493":30,"9d9dd9e5":41,"fef750ca":51,"13b53c7a":43,"2a4a402a":41,"831c7b85":42,"cd522166":54,"9b546d65":38,"abd32136":49,"2ce1af05":34,"95539a58":31,"1dad0f99":40,"67c57de4":65,"30b6808c":43,"93b9fae6":41,"fafb4cc2":61,"ae016053":47,"7896b953":40,"7c0a2db6":50,"195eb771":44,"56473430":45
1604737467438,"1d44aff3":46,"ad8f85d6":43,"4577b333":46,"a4296d1e":44,"8f13c203":34,"c5b35e4d":44,"e32524d6":43,"36380d96":47,"4fd645f1":36,"80a8a56d":40,"e3547548":32,"754f98c9":49,"d9d7c4c2":51,"1247fa52":46,"ffc86f94":40,"c0fea118":41,"3f9b5722":33,"5272520d":46,"1a2ec5d7":48,"c2bb8aae":38,"bad6cdb1":37,"481754fc":34,"aefe13f5":52,"35b58ef9":32,"8b2b601d":42,"c609739e":44,"742f1425":38,"88a30343":49,"fb44fa9c":51,"d36125db":58,"cf50e84e":46,"aec074c4":52,"1f342a00":49,"884b0ad1":37,"3c6692a3":49,"bca2d7cd":34,"b7832271":41,"6a3eaf43":40,"8d753bb6":37,"a8871ddf":42,"ba586505":39,"6841f77e":55,"37d0cae2":40,"4652b09a":46,"00cf385d":51,"1c0a9eff":41,"e356abf1":39,"6ce84ff8":41,"095ab3b4":34,"e238f09b":40,"09f0db62":58,"2c5c1dc0":38,"c0b7e7d7":39,"c7ab83c1":41,"0af920d8":32,"f883d582":35,"906632cb":34,"ecfa8249":47,"4295ce9a":47,"d25e0f8d":44,"0a96f57a":55,"6490bac6":43,"e21c6207":40,"92136ff5":45,"d0c0fc08":41,"db0a661e":49,"9263c525":42,"8d000d6e":40,"cd95f558":43,"12dd6f5e":39,"558d5ce7":49,"546f6845":48,"a63bddd4":48,"e9adbe58":35,"1d153b20":41,"f2ca27d9":39,"e9a8cf11":41,"deb31f35":49,"84369269":41,"1634789b":51,"72805bf5":37,"d1fe2868":43,"40860a4b":35,"9d9dd9e5":42,"74e3d13e":44,"51f80f4c":50,"f2364460":52,"449d8475":42,"bfcb912a":47,"6adce358":43,"5f8517b7":56,"c4aa1e38":40,"1105f790":48,"b87158fb":51,"2bcca6a7":54,"a59a8290":41,"7bda83dd":46,"f2e3c0e3":38,"733c86f8":37,"7566fdd6":41,"7218c9f1":32,"c38c2b52":48,"2ce1af05":35,"7e95c5a0":37,"53b4e647":54,"9fce073c":51,"65e4235b":49,"0a1d11e6":39,"71ba7561":39,"04ea5673":48,"e32524d6":44,"685207b3":48,"a81a857c":42,"e1618359":51,"7e76c93c":42,"655954ba":42,"2045d7d6":41,"df2b4d87":47,"36380d96":48,"28d40296":34,"06ee61b6":38,"168e75d9":38,"80a8a56d":41,"64a7f79f":33,"bc392d1c":36,"2198ba8e":42,"812b4f15":44,"d6db2b02":50,"af0b61ab":48,"3062379b":30,"cbb54a0a":37,"d552eb2f":33,"d3a669ac":54,"2180f99b":48,"dd7acb96":45,"6ebe2354":34,"1db42092":52,"e6fac295":39,"411b5027":51,"bab97de3":46,"ac62fac2":42,"28d41578":38,"a5fd8ffd":54,"49cb2959":41,"71e53c93":47,"012de09c":36,"54d7de6b":48,"6841f77e":56,"d1d40c9c":49,"ae99df30":38,"51a3e9c2":45,"e6ec8cbf":50,"04cc7cbe":39,"05642105":44,"5678ed7b":54,"19f9ca86":53,"ea9bba6b":35,"5623817d":48,"09f0db62":59,"1951480c":45,"b769bdfb":47,"30d84dce":48,"4279e829":52,"31408822":35,"f1b493de":53,"7a9344a4":49,"4ee62a26":40,"dbd2f139":49,"72b84094":51,"e2a7d915":48,"e1f0dbfd":44,"18d20aa1":39,"f734c84c":48,"6bc5d32a":54,"ab7467de":56,"0b3283c9":43,"7a6aa4b6":44,"e9adbe58":36,"d3e84616":46,"9c045c61":43,"945b63f0":62,"21ee2afe":53,"af157d29":47,"a63bddd4":49,"af034fee":35,"f4b2f575":37,"5e09f69e":49,"cb6c9e42":57,"a6003226":45,"e9a8cf11":42,"f2364460":53,"2ab62345":39,"48efc739":51,"5a0eb771":43,"aa9ea5e8":37,"a9b1bd51":33,"6632fed0":46,"36684155":41,"5ee911b5":41,"7a2f3f06":38,"358e45b1":50,"a567ace4":42,"eb2e1983":41,"dd3913d2":37,"78b97937":45,"2bcca6a7":55,"4c0e547b":36,"c1bb74f2":45,"ba938220":37,"619fda68":43,"2b698053":38,"00a17b46":39,"b73e789c":38,"43d87483":39,"9496f56f":43,"ef16ca37":42,"00554ffd":50,"761cf820":35,"b5ce0c0c":47,"88fa53d6":34,"104721f0":43,"ea6de194":37,"a4296d1e":45,"470d50c2":38,"a577db1c":36,"064a99c8":41,"7db3edda":50,"835358a0":36,"911e770b":33,"ef1c2dcb":42,"bca2d7cd":35,"2d13e69b":45,"1f342a00":50,"baebb391":60,"71bc1295":46,"ac62fac2":43,"dd1fcb17":45,"eed20185":45,"6291e9e9":41,"0f72f2d8":42,"1138796e":43,"a901627e":35,"ae016053":48,"aa867541":36,"dc03ebd2":55,"d9d0c567":39,"1d44aff3":47,"74c26380":38,"cb4f262b":50,"ea4d3f3e":48,"d1d40c9c":50,"a6b5e869":43,"6c20c153":40,"bb00e71c":39,"677c6a09":60,"11888cfa":42,"bbe71605":34,"bab97de3":47,"5678ed7b":55,"045f280d":42,"095ab3b4":35,"2e3503e4":42,"4c39240e":40,"92f800f5":35,"8e780922":43,"90a06ee9":47,"b7505747":48,"e0154608":32,"906632cb":35,"059d6c19":52,"dbd2f139":50,"ca6d2d91":47,"19e9776f":49,"dae0f922":47,"026766f3":34,"b6ee137a":42,"ded7da5a":42,"f9f2c53f":43,"261c9911":48,"c8dc010f":46,"c650b434":47,"70594a28":43,"c318d350":47,"5099c6a0":56,"a58bf525":42,"77d35808":42,"6ce84ff8":42,"3e082b37":42,"30dd2edc":47,"9c045c61":44,"9a467a82":39,"6143f39d":43,"15620dca":47,"18815a1b":43,"af157d29":48,"be149c6f":45,"088feee2":53,"4125085e":50,"77f31bab":50,"288a2c43":47,"d957f027":35,"c852d240":38,"6adce358":44,"44a4f7cd":37,"82204d54":41,"20958d58":40,"9b546d65":39,"1105f790":49,"cfafcda8":42,"fef750ca":52,"50b558a7":41,"0d7d88f1":36,"76f94eda":41,"95539a58":32,"d2466211":52,"385ab7c6":40,"7218c9f1":33,"4ea4a2a1":50,"d0b297b2":38,"b8397293":44,"a533489b":49,"f1862e79":37,"0ac825ed":45,"08a4c3f8":41,"57d5dee8":43,"dc473de1":42,"2a387957":53,"c98d5272":41,"c4bff41f":36,"bca2d7cd":36,"884b0ad1":38,"5747db6e":47,"88b3bc99":40,"9fa62fee":45,"eb7b4e29":34,"1f342a00":51,"eed20185":46,"03dcfa3d":45,"812b4f15":45,"597c1f81":35,"fe44fc6f":48,"a5676c24":41,"fd482491":45,"08a561b7":30,"dc03ebd2":56,"8db5a165":32,"aa867541":37,"bec9d329":48,"4b125e7b":45,"ee21ad02":45,"a43061ee":37,"ae8a09c4":46,"f1098793":47,"2cce4fb2":44,"0f72f2d8":43,"a6bcb07e":44,"3c782bb3":44,"11888cfa":43,"e7e82473":53,"4ff2225d":37,"045f280d":43,"75ffea08":43,"dac109cf":44,"5ab7bc35":48,"9bdf362a":34,"8e99d5d0":39,"1a2c020b":43,"65a00a3c":44,"c1bdfd41":40,"c0fea118":42,"470d50c2":39,"57167c74":42,"77300e4a":39,"06ee61b6":39,"b3863630":39,"1e7753d9":55,"61f25dd4":46,"66b7b5b4":35,"bb98a6cf":55,"93683c82":44,"d70ca4f4":50,"751bcf25":36,"e2cbe594":38,"547903ef":43,"daab45c6":42,"93ac9ca3":38,"7ee148e9":45,"dc583e64":42,"c318d350":48,"3f2522c2":46,"25635c37":40,"5b60dd1d":48,"30dd2edc":48,"6d5fcd4c":38,"bb99c79c":46,"3f65f121":43,"be4f8ba8":40,"0277d748":55,"09560615":37,"47cfba38":40,"1bb4ccc0":38,"8bc04eb5":34,"3b2dee89":44,"e356abf1":40,"b87158fb":52,"dfcc2ad1":41,"2a4a402a":42,"f2e3c0e3":39,"b8488fc8":44,"f5e8dfee":48,"a0685bf3":54,"e28c2efc":46,"76f94eda":42,"92d38723":45,"d0c0fc08":42,"50312237":47,"4ba6eb36":41,"45b038bb":61,"08a4c3f8":42,"8245f916":38,"201cafad":33,"4dac6b20":40,"c650b434":48,"d25e0f8d":45,"60d6cee2":43,"789bd484":40,"5ac86fb9":44,"90d52475":43,"2b3e4717":44,"a2c334e7":56,"c64de0c0":36,"8ec3834d":40,"c67979e6":48,"162a7348":46,"1b881e6e":48,"6632fed0":47,"5339e1e9":40,"f4726450":41,"1f7607df":25,"98915a1f":34,"2c01e624":43,"bca2d7cd":37,"0fc5ac7e":57,"d3a669ac":55,"0785820e":47,"e57d5cda":53,"0bfabf48":43,"f7231212":46,"ae95f2ba":46,"7896b953":41,"0a1d11e6":40,"74c26380":39,"dc03ebd2":57,"ec110282":42,"b28a5e67":44,"f905a555":39,"ae8a09c4":47,"04612878":43,"24d24fa3":44,"aa00769b":53,"01cd8099":45,"e81834aa":46,"8aa78e2f":42,"2d382981":45,"03dcfa3d":46,"ce4da56f":41,"6291e9e9":42,"de36827b":53,"e7e82473":54,"95f6db13":32,"fbdffc95":35,"014460b9":47,"cc6bbe45":37,"2e3503e4":43,"7e76c93c":43,"104721f0":44,"972f4174":50,"fce3c5c6":41,"57167c74":43,"e1618359":52,"77300e4a":40,"b5ce0c0c":48,"f33c0140":42,"a836aa93":44,"0d5ee801":40,"4279e829":53,"467773ac":43,"430a5db5":49,"db703021":37,"1a2ec5d7":49,"180377be":38,"9a3cc55d":34,"016953e4":50,"9e206c95":55,"0277d748":56,"d2a841c9":35,"546f6845":49,"1d153b20":42,"3661e12d":41,"4469c815":23,"fe1d4419":48,"5781776a":46,"82868763":42,"7fef9973":57,"dffa7793":22,"2882a956":46,"9cb4697f":49,"730a4938":50,"37d0cae2":41,"91b28f83":50,"1bc0591f":49,"062179c1":39,"eb2e1983":42,"a8c93bed":46,"7fdc2007":39,"ec11fe5f":45,"5f4102da":45,"22aeaf03":45,"f2470875":43,"de11eb19":56,"d0e9a58e":38,"21ad2f34":36,"26dd2000":42,"e1f0dbfd":45,"4eed1bea":49,"2b3c49b9":46,"f734c84c":49,"a0cca8b7":38,"4ea4a2a1":51,"b4fdf90e":44,"3a1b9af5":34,"1bd5b20b":42,"379184a7":53,"ed4fad08":48,"60d6cee2":44,"a1921150":53,"66d94227":32,"3a1d1632":25,"61d4782d":40,"99e171db":44,"394dc144":51,"17446892":35,"e9a8cf11":43,"789bd484":41,"cb6c9e42":58,"0ecfa1c9":42,"7e15f8e8":51,"f4726450":42,"2c01e624":44,"b5763ff6":38,"bca2d7cd":38,"c0e2624b":40,"9ab755d3":41,"a625328f":47,"7a4c064c":49,"e57d5cda":54,"f1df62b4":41,"619fda68":44,"ba938220":38,"c38c2b52":49,"91536e85":46,"a901627e":36,"c91966ce":37,"43bc86e3":43,"aa76bc50":43,"ec110282":43,"00a481e3":44,"5f0c1b9d":52,"742f1425":39,"b6aaf976":49,"6be9332a":42,"792cfcbd":37,"f1098793":48,"c609739e":45,"b460f030":52,"88a30343":50,"411b5027":52,"11888cfa":44,"f277386e":36,"bbe71605":35,"489a39f7":35,"95bc84f1":39,"e786063b":41,"a81a857c":43,"c4e70c07":42,"4577b333":47,"f2086446":48,"7f86be64":50,"04ea5673":49,"f121b82c":43,"0b959527":37,"4777334c":40,"288d171f":41,"704bce0d":46,"d34a29b9":47,"3498f223":40,"180377be":39,"93683c82":45,"c8977844":45,"ccdd1ce6":36,"d6320619":49,"2203f259":41,"93ac9ca3":39,"1da771fb":37,"5781776a":47,"ee75b607":42,"677c6a09":61,"c0b23081":48,"1bb4ccc0":39,"d83870f5":45,"fea793f5":44,"e382ec3f":35,"82204d54":42,"478d2d4f":55,"2bcca6a7":56,"8e4c33d2":44,"f2470875":44,"1951480c":46,"381c68fa":45,"dbd2f139":51,"0c043224":47,"d033db8d":41,"fb8bfb36":58,"4eed1bea":50,"27d8bf51":49,"7e8e1c3d":46,"c45d554f":44,"2b3c49b9":47,"261c9911":49,"1b153aef":44,"cfe72ead":39,"36fb15d2":40,"5f8517b7":57,"6f0fcb9d":48,"92d38723":46,"8493f3b2":57,"53a8613c":48,"0277d748":57,"18815a1b":44,"546f6845":50,"af157d29":49,"5e09f69e":50,"a47abfbb":41,"91d52a55":46,"aa9ea5e8":38,"c81b2bcf":36,"c64de0c0":37,"bf822e33":40,"57d5dee8":44,"162a7348":47,"815e4582":45,"181c3dd5":45,"37fbb107":46,"d957f027":36,"5a0eb771":44,"2f455cce":38,"de6213c7":49,"b7832271":42,"8cd78f77":53,"c463799d":47,"c510bfd3":47,"78467b8a":47,"30c184b8":37,"0bfabf48":44,"76f94eda":43,"385ab7c6":41,"9fce073c":52,"93b9fae6":42,"9c29f0ed":50,"056ea7ff":46,"43bc86e3":44,"0a1d11e6":41,"2dd0e808":46,"5f0c1b9d":53,"ec110282":44,"810aa5e9":42,"db8ba455":49,"1c3a30c5":39,"4b4ef7fa":49,"458dcc3d":45,"04612878":44,"f5829ac0":43,"71bc1295":47,"0114160e":41,"a43061ee":38,"45fb95c1":40,"be1746a0":27,"5ab7bc35":49,"c85a0d80":48,"f8b31ce5":55,"2af60749":51,"b215547b":32,"53431634":58,"a81a857c":44,"7be025ce":42,"5be594be":43,"4c4aa2e2":44,"638cb163":62,"168e75d9":39,"df2b4d87":48,"c0fea118":43,"cc11fef9":50,"a68a93b2":38,"4ff2225d":38,"bbe71605":36,"6a60348e":42,"159ffd0b":19,"d3a669ac":56,"a6626a13":32,"98915a1f":35,"d815c5b4":54,"91b28f83":51,"1a442bc7":40,"bf30a08f":54,"c0b23081":49,"11b74e63":40,"6c20c153":41,"2203f259":42,"39bbc4bc":62,"7ee148e9":46,"1951480c":47,"6085137f":24,"b769bdfb":48,"1da771fb":38,"c2bb8aae":39,"f1b493de":54,"31408822":36,"61f25dd4":47,"dbd2f139":52,"44ff8baa":37,"c650b434":49,"20777945":45,"913a6226":43,"8f9b74b0":34,"f734c84c":50,"f4343817":40,"7a6aa4b6":45,"db0a661e":50,"de11eb19":57,"8c6e001f":30,"4ba6eb36":42,"ef16ca37":43,"5acaa06f":30,"7d6895f4":43,"6143f39d":44,"53a8613c":49,"8547fbc2":46,"f3d68430":47,"315537b2":40,"57540cc3":48,"dc473de1":43,"57d5dee8":45,"68562193":38,"288a2c43":48,"bda8cdfb":44,"c6c85783":44,"4125085e":51,"8a52882e":49,"7af9d3b1":43,"1a0189c4":45,"5eaa1581":43,"90d52475":44,"2b3e4717":45,"8ec3834d":41,"f5e8dfee":49,"e5b1abc6":40,"1bc0591f":50,"c463799d":48,"dfcc2ad1":42,"33d6bb6a":41,"13b53c7a":44,"0bfabf48":45,"385ab7c6":42,"ba938220":39,"10ec5a0b":41,"0d28db94":36,"9aa6a054":36,"0785820e":48,"95904ac4":57,"91f7ef72":44,"71ba7561":40,"6023df54":40,"61145ec9":56,"49cb2959":42,"f3a0c2ee":38,"4cc141fa":33,"719c8869":56,"c21ab51e":35,"88fa53d6":35,"e786063b":42,"dbc9df44":40,"f2086446":49,"859545e6":30,"0dad37d5":40,"ca7d47f7":52,"f598a332":51,"638cb163":63,"ea6de194":38,"d34a29b9":48,"1e232870":46,"b6aaf976":50,"99d130c9":57,"95f6db13":33,"bbe71605":37,"468fc85c":51,"3310a049":52,"8eb64769":36,"cf50e84e":47,"56752a4a":40,"64a7f79f":34,"e7e82473":55,"bab97de3":48,"e0f7679f":43,"f069bb07":49,"0d2a1c58":36,"383e232d":38,"aaa274a5":40,"d552eb2f":34,"911e770b":34,"b947257e":45,"54d7de6b":49,"2882a956":47,"d815c5b4":55,"4258c176":41,"4652b09a":47,"1c0a9eff":42,"7fef9973":58,"fb7b7b3c":57,"e45b4b53":35,"f2470875":45,"e7773397":39,"5410e9c6":48,"b935fc1c":36,"3e082b37":43,"059d6c19":53,"bb98a6cf":56,"1a2ec5d7":50,"30fdcd3b":41,"9d4da635":36,"d033db8d":42,"6e24d88b":49,"6bc5d32a":55,"547903ef":44,"44ff8baa":38,"18d20aa1":40,"c650b434":50,"c45d554f":45,"4eed1bea":51,"6585adbe":31,"d102b0c6":35,"f9c15fcc":45,"f2ca27d9":40,"25a7a0a3":44,"01d817b8":39,"7d6895f4":44,"9de29816":42,"bc021def":54,"8dd2684c":48,"e9a8cf11":44,"bb8a6337":31,"081460bf":36,"dcfaba4c":39,"bad1a1cc":38,"b35bb8a1":32,"a9b1bd51":34,"c4bff41f":37,"e4714415":48,"36684155":42,"a983a6dc":41,"cb6c9e42":59,"5957df9e":48,"37fbb107":47,"288afc30":37,"5f8517b7":58,"0cb80f4a":45,"9a07d89b":46,"1bc0591f":51,"fead11cf":43,"8721056e":30,"19551bad":37,"9d023afb":50,"9a3ab0b8":33,"8ac72326":40,"619fda68":45,"d83294cd":48,"c38c2b52":50,"abd32136":50,"10ec5a0b":42,"9aa6a054":37,"fafb4cc2":62,"95904ac4":58,"7896b953":42,"6023df54":41,"9263c525":43,"fbdffc95":36,"a577db1c":37,"014460b9":48,"4c39240e":41,"e1618359":53,"4777334c":41,"6fb4cdda":46,"2045d7d6":42,"655954ba":43,"28d40296":35,"e7abc88d":31,"5be594be":44,"c21ab51e":36,"6b78ad7f":51,"a0b03218":57,"2c24d929":51,"c27969ec":40,"812b4f15":46,"a636f4c9":56,"a543ec74":47,"a5aee5de":51,"59431390":43,"4945c851":56,"8b2b601d":43,"cbb54a0a":38,"4bcd4a30":54,"bca2d7cd":39,"2d13e69b":46,"9147702f":38,"1f7607df":26,"8657c79d":52,"49910300":44,"b552beb3":37,"bab97de3":49,"0114160e":42,"69eeae0d":45,"49cb2959":43,"74c26380":40,"290b4714":47,"79be29c8":40,"5eab91a0":49,"e4c312fe":40,"ad2d7bed":44,"6b82b527":38,"2882a956":48,"1951480c":48,"6b79fec2":36,"016953e4":51,"363590c7":40,"312f7676":44,"74f234c6":36,"4279e829":54,"1a2ec5d7":51,"31408822":37,"430a5db5":50,"3b690f68":48,"20e470e0":38,"913a6226":44,"4295ce9a":48,"3b7763b1":37,"18d20aa1":41,"53747a91":55,"7bebff03":39,"f4343817":41,"60e855ee":44,"d599b566":56,"d2a841c9":36,"9c045c61":45,"175bc6b2":38,"eeaa2d46":41,"ccdd1ce6":37,"57540cc3":49,"51f57142":46,"6df0b2e8":65,"7af9d3b1":44,"6867261a":39,"72805bf5":38,"394dc144":52,"5e09f69e":51,"50d129cf":39,"3c18f28e":40,"cf775f58":42,"deb31f35":50,"b8ab8e6e":42,"2b3e4717":46,"815e4582":46,"254cc28c":50,"5a0ead91":31,"82204d54":43,"4c0e547b":37,"c463799d":49,"a0685bf3":55,"bd62d7ed":38,"c510bfd3":48,"f2e3c0e3":40,"cf9f4757":31,"d5059415":48,"d4ee22a4":47,"0d28db94":37,"9fce073c":53,"43d87483":40,"53b4e647":55,"5ee911b5":42,"3a1b9af5":35,"8d000d6e":41,"792c9b6a":39
1604737468714,"6a3eaf43":41,"22234d6b":46,"d0d6acb1":44,"911e770b":35,"6e851762":45,"de6213c7":50,"0bd93cfd":39,"eafbf9fb":47,"6cba74ce":47,"fd6dcb20":34,"51f57142":47,"175bc6b2":39,"623c6a31":46,"f2f58418":40,"0ecfa1c9":43,"5e09f69e":52,"72805bf5":39,"74e3d13e":45,"dcfaba4c":40,"842c8340":37,"aff8e442":40,"3c18f28e":41,"84369269":42,"17446892":36,"f66616b7":35,"1d790491":41,"e1571af7":49,"5ab7bc35":50,"2154b6e8":40,"88fa53d6":36,"9b742f71":42,"e3547548":33,"c85a0d80":49,"e786063b":43,"8e99d5d0":40,"49b358bd":43,"650bb0e0":47,"5d087c79":43,"537634c9":37,"dc03ebd2":58,"3c0df8b4":41,"5f96c2bc":34,"28654c76":55,"b2cfdbcf":45,"dd035d2a":40,"7fef9973":59,"9d4f1fe6":35,"6ee92259":45,"1757a30e":32,"50c3164b":53,"f271ed5d":40,"884b0ad1":39,"88b3bc99":41,"cbb54a0a":39,"84b67924":43,"aaa274a5":41,"a533489b":50,"1bd5b20b":43,"0dad37d5":41,"c7313e0a":44,"a836aa93":45,"f121b82c":44,"751bcf25":37,"4279e829":55,"bb98a6cf":57,"110b1ee3":47,"ddec9e54":37,"58d46189":39,"751acea8":45,"9d0546ac":45,"7b6a7048":47,"4295ce9a":49,"5fa12feb":41,"debe1f65":54,"21ad2f34":37,"a851554d":51,"e4c312fe":41,"e6ec8cbf":51,"87c462ee":43,"a59a8290":42,"c463799d":50,"cd522166":55,"6c486702":54,"8063df14":43,"13b53c7a":45,"629800eb":51,"0e2b5d2f":44,"cc5a1d47":41,"e28c2efc":47,"0bfabf48":46,"f2ca27d9":41,"2dda3936":38,"140ce69e":48,"558d5ce7":50,"f3d68430":48,"d6320619":50,"eeaa2d46":42,"71279c46":41,"8d04852b":44,"6867261a":40,"08a06557":58,"0a2f71bc":36,"bfcb912a":48,"5a0eb771":45,"3c18f28e":42,"0670c466":42,"bb8a6337":32,"84369269":43,"cbad3b92":51,"b7df1559":50,"b2bd8fd3":41,"ad8f85d6":44,"74e01f6a":45,"b2703001":41,"812b4f15":47,"a5aee5de":52,"4ff2225d":39,"159ffd0b":20,"6db0ea86":41,"2cce4fb2":45,"32c9fc47":36,"820225e4":30,"312f7676":45,"8274885a":46,"6632fed0":48,"6adce358":45,"39a2fcce":43,"8a52882e":50,"254cc28c":51,"b73e789c":39,"8ac72326":41,"e57d5cda":55,"a901627e":37,"2c6cb96f":37,"b28a5e67":45,"1d44aff3":48,"ec110282":45,"52eca0dc":43,"d9a64845":33,"3c6692a3":50,"383e232d":39,"b7832271":43,"2f455cce":39,"2c627253":37,"d552eb2f":35,"c0e2624b":41,"7be025ce":43,"2045d7d6":43,"57167c74":44,"0da28f5b":45,"859545e6":31,"1a2c020b":44,"4777334c":42,"90a06ee9":48,"b215547b":33,"80a8a56d":42,"c85a0d80":50,"1e232870":47,"a8726d50":38,"0c0e98ea":37,"f883d582":36,"40a745c0":44,"31408822":38,"5ccf94d6":43,"110b1ee3":48,"b6ee137a":43,"77898c22":39,"547903ef":45,"a851554d":52,"9a80f004":41,"b769bdfb":49,"3712c4bd":40,"09ff339a":36,"39bbc4bc":63,"6085137f":25,"00554ffd":51,"554ebb83":45,"4ba6eb36":43,"7a2f3f06":39,"31f6d707":50,"f9c15fcc":46,"5f8517b7":59,"91b28f83":52,"67d30f2b":47,"d1d40c9c":51,"bec9d329":49,"bb00e71c":40,"7f6d1d0e":49,"ee21ad02":46,"c1bb74f2":46,"0f89862c":35,"19551bad":38,"a66a2d8a":40,"733c86f8":38,"78467b8a":48,"8007f30e":32,"a06a6430":36,"76f94eda":44,"0785820e":49,"09560615":38,"18815a1b":45,"af157d29":50,"ec2cb1af":49,"b946e146":56,"623c6a31":47,"affb82bf":37,"4295ce9a":50,"9d0546ac":46,"cbad3b92":52,"01cd8099":46,"1c3a30c5":40,"04612878":45,"ac62fac2":44,"8cf83787":41,"2198ba8e":43,"e6fac295":40,"95f6db13":34,"a8871ddf":43,"3c782bb3":45,"6db0ea86":42,"6291e9e9":43,"32c9fc47":37,"c852d240":39,"ed4fad08":49,"081460bf":37,"5a734022":42,"c81b2bcf":37,"a1370ab0":49,"cf775f58":43,"e9a8cf11":45,"a939b50b":43,"1a0189c4":46,"8a52882e":51,"bf822e33":41,"d957f027":37,"bfcb912a":49,"6034b6d0":53,"8fb236a9":42,"2b698053":39,"6f39f4d9":57,"8a165e17":42,"d9a64845":34,"2dd0e808":47,"61145ec9":57,"b28a5e67":46,"5ef93e5d":36,"3a291497":38,"aaa274a5":42,"7e991ab9":32,"b947257e":46,"88b3bc99":42,"b7832271":44,"2180f99b":49,"5a07fc2e":47,"44c77422":48,"04ea5673":50,"25776fc4":50,"719c8869":57,"4c4aa2e2":45,"9e65c0ef":38,"90a06ee9":49,"e32524d6":45,"fe578280":40,"c8fcad77":40,"1247fa52":47,"77300e4a":41,"34c5c729":35,"f2086446":50,"8db62558":43,"30d84dce":49,"94a2fe10":54,"110b1ee3":49,"0af920d8":33,"0c0e98ea":38,"cd3bbe7e":51,"8e4c33d2":45,"e7773397":40,"8274885a":47,"e45b4b53":36,"312f7676":46,"2203f259":43,"363590c7":41,"7a6aa4b6":46,"9260d96b":50,"ef16ca37":44,"fa55f27a":54,"332820ce":43,"06073f13":50,"49bf2e95":32,"bf30a08f":55,"1a442bc7":41,"d1d40c9c":52,"8bc04eb5":35,"11b74e63":41,"bb00e71c":41,"e382ec3f":36,"11b2c8d9":39,"78b97937":46,"8007f30e":33,"2a76f1dd":31,"7bda83dd":47,"c6dc900c":37,"a66a2d8a":41,"0e036ae9":47,"4469c815":24,"53a8613c":50,"8cc4a982":35,"558d5ce7":51,"07107f6e":46,"20777945":46,"79e4fa1c":36,"0a96f57a":56,"85de05f2":37,"c8dc010f":47,"21ad2f34":38,"0277d748":58,"ec2cb1af":50,"e8d74304":41,"27c8e038":46,"b7df1559":51,"74e01f6a":46,"a5aee5de":53,"5678ed7b":56,"ad8f85d6":45,"013ee301":45,"48655f09":56,"88a30343":51,"07fc4a9a":42,"b552beb3":38,"bab97de3":50,"045f280d":44,"be149c6f":46,"5a0eb771":46,"a47abfbb":42,"0bfabf48":47,"cc5a1d47":42,"93b9fae6":43,"9f74b8a4":42,"10ec5a0b":43,"50c468ba":34,"faf4f98b":45,"a0cf08b3":39,"08a561b7":31,"2c6cb96f":38,"616d6dd6":48,"8a165e17":43,"db8ba455":50,"a5676c24":42,"48efc739":52,"1ed46298":53,"40860a4b":36,"5f7d7195":42,"e9a8cf11":46,"bda8cdfb":45,"8a52882e":52,"24a9fb86":44,"bb8a6337":33,"c67979e6":49,"1b881e6e":49,"a625328f":48,"8657c79d":53,"8cd78f77":54,"af0b61ab":49,"22234d6b":47,"0f029727":40,"75ffea08":44,"dac109cf":45,"7e76c93c":44,"f8b31ce5":56,"c7313e0a":45,"ea6de194":39,"4c39240e":42,"145c7559":47,"8e780922":44,"c21ab51e":37,"be2955bb":46,"acac14fb":37,"6fb4cdda":47,"20e470e0":39,"3f9b5722":34,"059d6c19":54,"b6591e25":42,"cf1124db":39,"1f11812e":40,"c2bb8aae":40,"263762cb":47,"6085137f":26,"71ff66e8":34,"ea9bba6b":36,"6d61bf13":41,"22aeaf03":46,"695a2b92":49,"288afc30":38,"9e878ec2":56,"e0e6a097":33,"a533489b":51,"792c9b6a":40,"761cf820":36,"336d0f08":47,"fb7482fe":40,"eb7b4e29":35,"5acce642":50,"dffa7793":23,"1bb4ccc0":40,"4b125e7b":46,"7735c3c2":35,"e382ec3f":37,"6ee92259":46,"cfafcda8":43,"33d6bb6a":42,"9a07d89b":47,"7080f122":35,"72b84094":52,"2ad42a9e":40,"3ef7432b":40,"f9f2c53f":44,"fb8bfb36":59,"ded7da5a":43,"6bc5d32a":56,"8dd2684c":49,"30dd2edc":49,"17807120":41,"a636f4c9":57,"cbad3b92":53,"ac62fac2":45,"b2bd8fd3":42,"a24e6670":50,"66554572":36,"1c3a30c5":41,"b36a0d66":26,"87922532":44,"2cce4fb2":46,"820225e4":31,"1f88a4b7":47,"95f6db13":35,"4d35385e":39,"217c0327":28,"d2a841c9":37,"2cb29e5a":48,"2a4a402a":43,"e5b1abc6":41,"e35a63cd":45,"f5e8dfee":50,"7566fdd6":42,"67c57de4":66,"87cd2add":40,"385ab7c6":43,"e4cfef0a":35,"b9be31d6":41,"91536e85":47,"28654c76":56,"0a1d11e6":42,"a5676c24":43,"195eb771":45,"d5dae4c4":44,"781ace7d":44,"d8e58a8c":50,"5a734022":43,"e99318a3":34,"12534561":34,"91d52a55":47,"5a0eb771":47,"227006e4":43,"93fdbb44":35,"aa9ea5e8":39,"32133249":48,"4ed01268":41,"c67979e6":50,"24a9fb86":45,"1d790491":42,"6632fed0":49,"50c3164b":54,"ea6de194":40,"57167c74":45,"014460b9":49,"2af60749":52,"e786063b":44,"aa021138":51,"75ffea08":45,"e0154608":33,"f598a332":52,"6fb4cdda":48,"be2955bb":47,"d34a29b9":49,"f33c0140":43,"696fdac5":46,"74f234c6":37,"655941a0":53,"4360a1a3":44,"4bcd4a30":55,"25635c37":41,"b1f58563":43,"095ab3b4":36,"5270f158":42,"f2470875":46,"f6fe095d":56,"6ce84ff8":43,"92d38723":47,"36fb15d2":41,"8657c79d":54,"f0a06216":46,"e382ec3f":38,"c0b23081":50,"4652b09a":48,"aa187e3b":37,"ba586505":40,"4b125e7b":47,"884b0ad1":40,"84b767be":54,"ea822700":39,"8cd78f77":55,"31408822":39,"0af920d8":34,"20e470e0":40,"8db62558":44,"b6ee137a":44,"51c57542":43,"85de05f2":38,"f9f2c53f":45,"5c82d1ce":37,"c45d554f":46,"daab45c6":43,"12dd6f5e":40,"22176537":35,"5ee911b5":43,"8c6e001f":31,"4ea4a2a1":52,"5a0ead91":32,"b8397293":45,"4febf7c5":46,"2198ba8e":44,"e8d74304":42,"56752a4a":41,"27c8e038":47,"742f1425":40,"0eaf08da":43,"bab97de3":51,"5678ed7b":57,"8b2b601d":44,"07fc4a9a":43,"6c73ae98":48,"0114160e":43,"045f280d":45,"08c6b5d2":40,"4469c815":25,"0e2b5d2f":45,"dfcc2ad1":43,"8f10fa42":47,"f5e8dfee":51,"2a76f1dd":32,"78b97937":47,"11b2c8d9":40,"07f98660":54,"a85d89cc":45,"8ac72326":42,"77bfed7e":41,"0d28db94":38,"d2466211":53,"7566fdd6":43,"b28a5e67":47,"42cd2360":39,"71ba7561":41,"30dd2edc":50,"558d5ce7":52,"12012fbd":46,"2ab62345":40,"61d4782d":41,"5a734022":44,"c81b2bcf":38,"0681c48e":48,"44a4f7cd":38,"031e488e":45,"0f1ac912":29,"d957f027":38,"ed4fad08":50,"04643409":42,"e4714415":49,"1d790491":43,"0670c466":43,"7043382d":45,"d9f512b9":49,"0f029727":41,"7e76c93c":45,"2154b6e8":41,"65a00a3c":45,"685207b3":49,"f33c0140":44,"3bad3c95":32,"90a06ee9":50,"acac14fb":38,"972f4174":51,"c4feee5b":44,"f76a3e83":51,"5a07fc2e":48,"8dc9b4db":45,"dc583e64":43,"82868763":43,"a77e127d":31,"26f99a1e":43,"b769bdfb":50,"6085137f":27,"82b81567":39,"dd7acb96":46,"39ba00f0":40,"af0b61ab":50,"730338c4":58,"eb7b4e29":36,"2f455cce":40,"4bc46d7a":46,"3a291497":39,"2dd0e808":48,"f789f6d8":51,"d929098e":35,"dffa7793":24,"bd2705b0":50,"124fbe96":45,"0d770b97":52,"95d331b1":33,"381c68fa":46,"e62d705f":35,"7cd0ad7b":53,"a4f1d83b":45,"a8726d50":39,"180377be":40,"1a2ec5d7":52,"93e8cee5":50,"4295ce9a":51,"f734c84c":51,"70594a28":44,"5fa12feb":42,"2ad42a9e":41,"e21c6207":41,"4ac6bd4e":40,"02d4753e":52,"b35e9e1a":69,"761cf820":37,"0ac825ed":46,"4ea4a2a1":53,"03dcfa3d":47,"99d130c9":58,"56752a4a":42,"dfc89705":42,"74e01f6a":47,"03c398d2":36,"6a60348e":43,"0f72f2d8":44,"e0f7679f":44,"b84a06eb":48,"36d340f2":48,"eafbf9fb":48,"2cb29e5a":49,"6de0aaac":33,"abad2347":41,"b8488fc8":45,"19551bad":39,"8f10fa42":48,"e35a63cd":46,"831c7b85":43,"c6dc900c":38,"2bcca6a7":57,"91536e85":48,"7218c9f1":34,"629800eb":52,"0d28db94":39,"af7e5be8":45,"753ca352":34,"9aa6a054":38,"3101354b":37,"a15713c6":56,"a472532e":41,"95904ac4":59,"4469c815":26,"ef8321d8":42,"546f6845":51,"1d790491":44,"be149c6f":47,"77bae750":36,"a6003226":46,"f2364460":54,"76f3a3be":40,"1a0189c4":47,"f94bf9ea":36,"1b881e6e":50,"031e488e":46,"5ac86fb9":45,"5a0eb771":48,"bf822e33":42,"aec4e1bf":50,"0a2f71bc":37,"28d40296":36,"75ffea08":46,"a577db1c":38,"14c682eb":38,"2045d7d6":44,"44c77422":49,"104721f0":45,"1a68160d":45,"f76a3e83":52,"9b742f71":43,"4b4ecbce":42,"59431390":44,"868edcc0":47,"489a39f7":36,"045f280d":46,"5b60dd1d":49,"437fc3ec":44,"71ff66e8":35,"695a2b92":50,"77d35808":43,"095ab3b4":37,"1da771fb":39,"26c390d6":43,"012de09c":37,"2dd0e808":49,"7c0a2db6":51,"ee21ad02":47,"4258c176":42,"37d0cae2":42,"f069bb07":50,"2c627253":38,"aaa274a5":43,"2f455cce":41,"aec074c4":53,"c793cdda":38,"8e99d5d0":41,"e9679ede":38,"d70ca4f4":51,"467773ac":44,"8db62558":45,"74f234c6":38,"4360a1a3":45,"61f25dd4":48,"0841052c":41,"77898c22":40,"6b9eff39":35,"ab7467de":57,"5a622a23":46,"6bc5d32a":57,"21ad2f34":39,"efd23af5":47,"b35e9e1a":70,"31f6d707":51,"1ff8c2fc":49,"fe0df575":42,"ea274174":44,"0ac825ed":47,"e0e6a097":34,"742f1425":41,"b6aaf976":51,"4cc141fa":34,"8eb64769":37,"a502c93c":44,"67d30f2b":48,"e4c312fe":42,"1a442bc7":42,"0f89862c":36,"dfcc2ad1":44,"0042f6eb":62,"6a7392d5":40,"05f6ab35":42,"733c86f8":39,"d78dd457":39,"10ec5a0b":44,"43d87483":41,"621d6b18":48,"7566fdd6":44,"67c57de4":67,"9496f56f":44,"a06a6430":37,"30dd2edc":51,"ec2cb1af":51,"8547fbc2":47,"eeaa2d46":43,"dfa1a89b":44,"f5596d0f":49,"3454fa2b":45,"bda8cdfb":46,"1b881e6e":51,"9b3f8714":43,"5339e1e9":41,"5e09f69e":53,"b5ce0c0c":49,"0b959527":38,"e786063b":45,"c8fcad77":41,"0a2f71bc":38,"92f800f5":36,"805af3c7":42,"5e193fc8":46,"972f4174":52,"227006e4":44,"36684155":43,"50d129cf":40,"c4bff41f":38,"5eaa1581":44,"97e75c19":54,"5957df9e":49,"0681c48e":49,"5774ac0d":49,"73b15e04":44,"03c398d2":37,"eed20185":47,"a4dafea5":38,"1db42092":53,"b84a06eb":49,"f277386e":37,"b36a0d66":27,"95bc84f1":40,"6291e9e9":44,"e238f09b":41,"004f1ef3":50,"2203f259":44,"b1f58563":44,"a58bf525":43,"7c0a2db6":52,"7ae34c64":40,"a5fd8ffd":55,"3c0df8b4":42,"ec110282":46,"a472532e":42,"731fc335":33,"aec074c4":54,"ef1c2dcb":43,"1f342a00":52,"aa5dfdf5":52,"6751d8e4":50,"f271ed5d":41,"2180f99b":50,"0da28f5b":46,"696fdac5":47,"c382f054":39,"470d50c2":40,"f121b82c":45,"5ccf94d6":44,"58d46189":40,"30dbfc69":46,"cd3bbe7e":52,"30d84dce":50,"1a2ec5d7":53,"30fdcd3b":42,"6490bac6":44,"201cafad":34,"fb8bfb36":60,"18d20aa1":42,"53747a91":56,"f9f2c53f":46,"da3437cd":34,"f6fe095d":57,"fe1d4419":49,"608bc832":36,"4f5e3e7d":40,"31f6d707":52,"358e45b1":51,"332820ce":44,"6f0fcb9d":49,"92d38723":48,"e4c312fe":43,"7f6d1d0e":50,"f56ac638":38,"a6b5e869":44,"87c462ee":44,"e0e48a2d":45,"5acce642":51,"b87158fb":53,"9b546d65":40,"c1bb74f2":47,"a567ace4":43,"831c7b85":44,"eebc8d43":41,"55928ef1":48,"d2466211":54,"e4cfef0a":36,"c38c2b52":51,"ba938220":40,"eeaa2d46":44,"18815a1b":46,"d1715f3b":49,"0e036ae9":48,"21ee2afe":54,"12012fbd":47,"9a467a82":40,"e1571af7":50,"25776fc4":51,"ba30e43a":50,"9e65c0ef":39,"c4e70c07":43,"bad1a1cc":39,"12534561":35,"8a52882e":53,"8ec3834d":42,"d6d61bfc":54,"32133249":49,"d5557fb4":46,"e8d74304":43,"64a7f79f":35,"4febf7c5":47,"9c58dd76":50,"a0b03218":58,"dd1fcb17":46,"aa00769b":54,"3310a049":53,"8aa78e2f":43,"bbe71605":38,"d6db2b02":51,"6291e9e9":45,"e81834aa":47,"045f280d":47,"2203f259":45,"5774ac0d":50,"39a2fcce":44,"6adce358":46,"3c18f28e":43,"254cc28c":52,"a2c334e7":57,"71279c46":42,"8fb236a9":43,"d4ee22a4":48,"faf4f98b":46,"fe44fc6f":49,"db8ba455":51,"71ba7561":42,"08a561b7":32,"3c0df8b4":43,"da04caac":46,"a5676c24":44,"4bcd4a30":56,"eb7b4e29":37,"f069bb07":51,"f271ed5d":42,"383e232d":40,"884b0ad1":41,"1f7607df":27,"014460b9":50,"f8b31ce5":57,"685207b3":50,"2e3503e4":44,"145c7559":48,"34c5c729":36,"d548635d":39,"c5b35e4d":45,"972f4174":53,"f883d582":37,"20e470e0":41,"b7434f57":35,"40a745c0":45,"d70ca4f4":52,"c3e6ef01":56,"d0c104c4":36,"5c82d1ce":38,"debe1f65":55,"da3437cd":35,"51c57542":44,"fe1d4419":50,"014bdff0":39,"8dc9b4db":46,"19f9ca86":54,"578f6e9e":43,"5b60dd1d":50,"5f8517b7":60,"9260d96b":51,"5acaa06f":31,"1bd5b20b":44,"45b038bb":62,"ef16ca37":45,"6f0fcb9d":50,"ee75b607":43,"d4d5f466":47,"04cc7cbe":40,"1757a30e":33,"abad2347":42,"f56ac638":39,"e356abf1":41,"c463799d":51,"062179c1":40,"e35a63cd":47,"733c86f8":40,"4c0e547b":38,"fee32863":40,"ba5c52af":43,"08c6b5d2":41,"558d5ce7":53,"6d5fcd4c":39,"3454fa2b":46,"ac38a6a5":45,"22176537":36,"eeaa2d46":45,"c455f40e":32,"4e5aaaec":33,"f734c84c":52,"37a7d5b0":48,"44c77422":50,"064a99c8":42,"cbad3b92":54,"742f1425":42,"1c3a30c5":42,"59c1e594":52,"87922532":45,"2198ba8e":45,"a8871ddf":44,"32c9fc47":38
1604737469688,"ba30e43a":51,"4577b333":48,"c1bdfd41":41,"2154b6e8":42,"08a06557":59,"c7313e0a":46,"ab7d4c9a":43,"5be594be":45,"77bfed7e":42,"9f74b8a4":43,"629800eb":53,"6a5b71b4":54,"87083264":49,"4930f321":37,"7fb4c521":46,"db8ba455":52,"0a1d11e6":43,"3101354b":38,"a5676c24":45,"45b5746e":45,"012de09c":38,"d8e58a8c":51,"0dad37d5":42,"4c4aa2e2":46,"0da28f5b":47,"e9679ede":39,"cc11fef9":51,"61f25dd4":49,"059d6c19":55,"db703021":38,"1f11812e":41,"d634aa28":50,"be40590d":42,"72b84094":53,"a851554d":53,"daab45c6":44,"5c82d1ce":39,"ccb5ea3e":36,"9d0546ac":47,"bfad1727":44,"2cce4fb2":47,"26009d3f":50,"6a60348e":44,"a3d4a0e5":51,"e81834aa":48,"e382ec3f":39,"d39724bc":49,"ad2d7bed":45,"bb00e71c":42,"2882a956":49,"f56ac638":40,"e356abf1":42,"831c7b85":45,"2a4a402a":44,"ba5c52af":44,"b87158fb":54,"2bcca6a7":58,"75ffea08":47,"e786063b":46,"2154b6e8":43,"7e76c93c":46,"d9d7c4c2":52,"868cda42":38,"5410e9c6":49,"2203f259":46,"a58bf525":44,"014bdff0":40,"d1676e89":49,"0b3283c9":44,"5b60dd1d":51,"4ea4a2a1":54,"45b038bb":63,"554ebb83":46,"08a4c3f8":43,"8323d333":42,"40569362":45,"0cb80f4a":46,"4777334c":43,"c1bb74f2":48,"7af262e5":48,"10ec5a0b":45,"ffa08d82":45,"d2466211":55,"ae95f2ba":47,"95539a58":33,"d83294cd":49,"385ab7c6":44,"a901627e":38,"28654c76":57,"71ba7561":43,"a851891c":34,"f905a555":40,"45b5746e":46,"dd035d2a":41,"b215547b":34,"1a2c020b":45,"145c7559":49,"34c5c729":37,"c382f054":40,"168e75d9":40,"6fb4cdda":49,"6f81493d":46,"20e470e0":42,"7cd0ad7b":54,"e62d705f":36,"dbd2f139":53,"751bcf25":38,"c2bb8aae":41,"a851554d":54,"e2a7d915":49,"26dd2000":43,"7b6a7048":48,"6775d5cd":33,"dffa7793":25,"d1d40c9c":53,"67d30f2b":49,"7735c3c2":36,"9cb4697f":50,"04bef50c":27,"0e2b5d2f":46,"6490bac6":45,"c27969ec":41,"a5aee5de":54,"aefe13f5":53,"d82592f4":44,"dfc89705":43,"c6e3d352":45,"01cd8099":47,"6d802fa2":39,"a6bcb07e":45,"0114160e":44,"ce4da56f":42,"159ffd0b":21,"7732eb1e":59,"a3d4a0e5":52,"ded7da5a":44,"4295ce9a":52,"b35bb8a1":33,"91d52a55":48,"39a2fcce":45,"aa9ea5e8":40,"b8ab8e6e":43,"3a1d1632":26,"1a0189c4":48,"40860a4b":37,"deb31f35":51,"f4b2f575":38,"1d790491":45,"bfcb912a":50,"6e98dfda":53,"081460bf":38,"b7832271":45,"a6626a13":33,"eb7b4e29":38,"730338c4":59,"8657c79d":55,"1f7607df":28,"3062379b":31,"014460b9":51,"5f620a1e":53,"3c43e8a2":51,"b935fc1c":37,"42191b64":38,"c564e316":41,"3f2522c2":47,"25635c37":42,"9a3cc55d":35,"b35e9e1a":71,"761cf820":38,"358e45b1":52,"b377a62a":34,"cd95f558":44,"00554ffd":52,"e0e6a097":35,"4777334c":44,"9d023afb":51,"4c0e547b":39,"8721056e":31,"92ca52b7":42,"30c184b8":38,"eebc8d43":42,"10ec5a0b":46,"7fb4c521":47,"ef91eaae":39,"d4ee22a4":49,"ef14000f":44,"2b698053":40,"869cbaa0":53,"65e4235b":50,"74c26380":41,"4bc46d7a":47,"3a291497":40,"5ef93e5d":37,"49cb2959":44,"7c0a2db6":53,"44c77422":51,"4def63ee":37,"4577b333":49,"d6320619":51,"a63bddd4":50,"18815a1b":47,"9a467a82":41,"ac38a6a5":46,"57540cc3":50,"546f6845":52,"ffc86f94":41,"79f04300":39,"3498f223":41,"be2955bb":48,"104721f0":46,"53431634":59,"5be594be":46,"026766f3":35,"5e193fc8":47,"751acea8":46,"902f49f5":45,"8942c35b":46,"1f11812e":42,"7a9344a4":50,"9316e7e8":30,"d815c5b4":56,"bf30a08f":56,"8bc04eb5":36,"6ee92259":47,"1757a30e":34,"04bef50c":28,"e356abf1":43,"72b84094":54,"93e8cee5":51,"3ef7432b":41,"f734c84c":53,"cd421290":48,"c455f40e":33,"261c9911":50,"946df4fd":38,"4febf7c5":48,"c27969ec":42,"12271e14":44,"17807120":42,"c6e3d352":46,"b7df1559":52,"a8871ddf":45,"bab97de3":52,"d36125db":59,"28d41578":39,"6c73ae98":49,"489a39f7":37,"a3d4a0e5":53,"5d087c79":44,"9f5e6cba":54,"794f652b":36,"48efc739":53,"6df0b2e8":66,"25d1b2d8":48,"bb8a6337":34,"71a2a493":31,"0f1ac912":30,"031e488e":47,"5339e1e9":42,"9d63c4dd":41,"deb31f35":52,"081460bf":39,"d0d6acb1":45,"2d13e69b":47,"92efd84f":35,"2a06ab95":50,"aa5dfdf5":53,"7db3edda":51,"c793cdda":39,"77d35808":44,"a77e127d":32,"95d3d348":43,"016953e4":52,"971675c5":52,"5410e9c6":50,"437fc3ec":45,"d102b0c6":36,"5ee911b5":44,"50312237":48,"d33790a2":46,"08a4c3f8":44,"82204d54":44,"c463799d":52,"5f4102da":46,"9a3ab0b8":34,"7af262e5":49,"062179c1":41,"fef750ca":53,"c8113b77":43,"ad303bda":50,"f1df62b4":42,"0d7d88f1":37,"b73e789c":40,"67c57de4":68,"ef14000f":45,"61145ec9":58,"2dd0e808":50,"3c0df8b4":44,"7ae34c64":41,"ac38a6a5":47,"fd6dcb20":35,"558d5ce7":54,"88432019":45,"9bdf362a":35,"28d40296":37,"caddd0a7":48,"e32524d6":46,"f8b31ce5":58,"638cb163":64,"4c4aa2e2":47,"b7505747":49,"80a8a56d":43,"69134f07":44,"f121b82c":46,"5e193fc8":48,"501db4de":46,"7f86be64":51,"d0c104c4":37,"1e7753d9":56,"7a9344a4":51,"dae0f922":48,"3b690f68":49,"0c0e98ea":39,"26ed1a5c":45,"a851891c":35,"56473430":46,"a5676c24":46,"51a3e9c2":46,"e6ec8cbf":52,"abad2347":43,"6775d5cd":34,"ae99df30":39,"1c0a9eff":43,"e356abf1":44,"336d0f08":48,"8f2a7d69":42,"ad8f85d6":46,"71bc1295":48,"87ce8d1d":36,"b460f030":53,"ae8a09c4":48,"03dcfa3d":48,"9c58dd76":51,"d9dcdc4b":54,"3b7763b1":38,"a0ce82b4":42,"dfa1a89b":45,"9c045c61":46,"22ecaed0":38,"b8ab8e6e":44,"a6003226":47,"47cfba38":41,"2b3e4717":47,"2132fe93":51,"bda8cdfb":47,"e9a8cf11":47,"93fdbb44":36,"04643409":43,"ed4fad08":51,"aff8e442":41,"7af9d3b1":45,"725dce8b":44,"f2364460":55,"730338c4":60,"4bcd4a30":57,"6751d8e4":51,"d1ca5d6b":54,"2d13e69b":48,"a851554d":55,"7b6a7048":49,"4eed1bea":52,"c45d554f":47,"f4343817":42,"fb44fa9c":52,"a4dafea5":39,"8298e976":47,"f5829ac0":44,"bab97de3":53,"5678ed7b":58,"1da771fb":40,"8e4c33d2":46,"e238f09b":42,"317c1591":39,"77d35808":45,"09f0db62":60,"6085137f":28,"a66a2d8a":42,"2a4a402a":45,"f2e3c0e3":41,"0f89862c":37,"be3a10f8":45,"f5e8dfee":52,"5f4102da":47,"629800eb":54,"76f94eda":45,"621d6b18":49,"d4ee22a4":50,"c38c2b52":52,"0785820e":50,"faf4f98b":47,"cbb54a0a":40,"b947257e":47,"9bdf362a":36,"d9f512b9":50,"a577db1c":39,"25776fc4":52,"0f029727":42,"8f13c203":35,"a81a857c":45,"0da28f5b":48,"5e193fc8":49,"acac14fb":39,"0dad37d5":43,"145c7559":50,"e0154608":34,"c382f054":41,"b7434f57":36,"6e24d88b":50,"db703021":39,"110b1ee3":50,"c2bb8aae":42,"d634aa28":51,"67f6e4f2":45,"02d4753e":53,"3d1af513":45,"40569362":46,"554ebb83":47,"db0a661e":51,"9263c525":44,"aa00769b":55,"cf52025e":32,"87922532":46,"4b4ef7fa":50,"d82592f4":45,"a636f4c9":58,"ac62fac2":46,"5ef93e5d":38,"43bc86e3":45,"3c0df8b4":45,"c91966ce":38,"aa76bc50":44,"7896b953":43,"91f7ef72":45,"d83870f5":46,"dffa7793":26,"e4117b3b":33,"bf30a08f":57,"7ee7621c":39,"cd3bbe7e":53,"f2ca27d9":42,"ccdd1ce6":38,"3f65f121":44,"d2a841c9":38,"9c045c61":47,"0277d748":59,"18815a1b":48,"deb31f35":53,"ce3407dd":40,"bf822e33":43,"0ecfa1c9":44,"aa9ea5e8":41,"2a387957":54,"1b881e6e":52,"a1370ab0":50,"31f6ba51":52,"04643409":44,"24a9fb86":46,"088feee2":54,"32133249":50,"f2364460":56,"3ef7432b":42,"44ff8baa":39,"6b9eff39":36,"21ad2f34":40,"79e4fa1c":37,"201cafad":35,"261c9911":51,"e36dfd6f":40,"b552beb3":39,"69f3bfcc":45,"f277386e":38,"a3d4a0e5":54,"fb44fa9c":53,"17b08923":38,"312f7676":47,"3a204e56":46,"3f2522c2":48,"71ff66e8":36,"5410e9c6":51,"c318d350":49,"6d61bf13":42,"3b2dee89":45,"124fbe96":46,"0f89862c":38,"8721056e":32,"a0685bf3":56,"1bc0591f":52,"2a76f1dd":33,"fee32863":41,"dd3913d2":38,"1dad0f99":41,"76f94eda":46,"9c29f0ed":51,"3c6692a3":51,"284544ba":49,"b947257e":48,"39ba00f0":41,"508aac3d":45,"9147702f":39,"383e232d":41,"14c682eb":39,"1623fc9f":38,"5be594be":47,"9f2b16a7":38,"24ffcbd3":52,"7e76c93c":47,"8e99d5d0":42,"4c4aa2e2":48,"5f620a1e":54,"0a92153e":44,"868cda42":39,"c5b35e4d":46,"a33fe0dd":50,"c85a0d80":51,"f883d582":38,"1b153aef":45,"332820ce":45,"4ac6bd4e":41,"b35e9e1a":72,"288afc30":39,"4f5e3e7d":41,"49bf2e95":33,"56752a4a":43,"9fc713b0":51,"481754fc":35,"baebb391":61,"f4634d0b":41,"6f39f4d9":58,"b73e789c":41,"af7e5be8":46,"ae95f2ba":48,"69eeae0d":46,"3c0df8b4":46,"3101354b":39,"1d44aff3":49,"28654c76":58,"195eb771":46,"5f96c2bc":35,"430a5db5":51,"902f49f5":46,"0c043224":48,"3b690f68":50,"8db62558":46,"0e036ae9":49,"12012fbd":48,"558d5ce7":55,"ccdd1ce6":39,"d1715f3b":50,"30dd2edc":52,"a63bddd4":51,"5ac86fb9":46,"76f3a3be":41,"bc3dc66a":39,"8ec3834d":43,"cf775f58":44,"42c80e69":44,"5eaa1581":45,"a9b1bd51":35,"7af9d3b1":46,"1a0189c4":49,"b7cc7909":42,"04643409":45,"bad1a1cc":40,"aff8e442":42,"07107f6e":47,"805534ac":39,"26dd2000":44,"79e4fa1c":38,"93e8cee5":52,"e2cbe594":39,"debe1f65":56,"e4c312fe":44,"7f6d1d0e":51,"2882a956":50,"a6b5e869":45,"7735c3c2":37,"79be29c8":41,"bf30a08f":58,"8b5a8e9f":62,"11b2c8d9":41,"062179c1":42,"4c0e547b":40,"8007f30e":34,"2bcca6a7":59,"2a76f1dd":34,"f1098793":49,"eed20185":48,"48655f09":57,"de36827b":54,"0114160e":45,"013ee301":46,"f277386e":39,"f044c0e1":37,"32c9fc47":39,"4945c851":57,"c0b7e7d7":40,"312f7676":48,"83086d4c":37,"7ee148e9":47,"a77e127d":33,"b769bdfb":51,"004f1ef3":51,"2d54e0a8":37,"7e991ab9":33,"92efd84f":36,"cbb54a0a":41,"72d7b461":45,"9147702f":40,"bca2d7cd":40,"caddd0a7":49,"cc6bbe45":38,"a33fe0dd":51,"638cb163":65,"b215547b":35,"0da28f5b":49,"44c77422":52,"92f800f5":37,"288d171f":42,"5e193fc8":50,"0f029727":43,"f121b82c":47,"f598a332":53,"470d50c2":41,"36fb15d2":42,"d0e9a58e":39,"7a2f3f06":40,"c7c4ec5c":36,"8c6e001f":32,"761cf820":39,"6585adbe":32,"67c57de4":69,"385ab7c6":45,"43bc86e3":46,"a06a6430":38,"d8e58a8c":52,"4d9b0b10":40,"b28a5e67":48,"0d28db94":40,"4abb7aed":40,"ef14000f":46,"db8ba455":53,"7a4c064c":50,"906fdec3":39,"8db5a165":33,"20e470e0":43,"059d6c19":56,"bb98a6cf":58,"cd3bbe7e":54,"d70ca4f4":53,"c3e6ef01":57,"a68a93b2":39,"09560615":39,"eafbf9fb":49,"bc021def":55,"2cb29e5a":50,"3661e12d":42,"e9adbe58":37,"be149c6f":48,"0277d748":60,"e9a8cf11":48,"5d087c79":45,"725dce8b":45,"794f652b":37,"47cfba38":42,"c852d240":40,"b88033fd":51,"85de05f2":39,"f734c84c":54,"7d112f4d":44,"c455f40e":34,"e21c6207":42,"fb8bfb36":61,"df81ddee":36,"cbad3b92":55,"b6aaf976":52,"03c398d2":38,"468fc85c":52,"946df4fd":39,"742f1425":43,"5678ed7b":59,"b2bd8fd3":43,"4945c851":58,"45fb95c1":41,"e0f7679f":45,"6c73ae98":50,"820225e4":32,"411b5027":53,"263762cb":48,"c564e316":42,"5099c6a0":57,"730a4938":51,"37d0cae2":43,"54d7de6b":50,"ea4d3f3e":49,"7735c3c2":38,"a502c93c":45,"91b28f83":53,"ba5c52af":45,"6c524f99":35,"fe8f3d36":40,"dc0c8b09":48,"a66a2d8a":43,"dd3913d2":39,"11b2c8d9":42,"0670c466":44,"57d5dee8":46,"6df0b2e8":67,"2b3e4717":48,"bda8cdfb":48,"ef1c2dcb":44,"f2364460":57,"0fc5ac7e":58,"884b0ad1":42,"84b767be":55,"084cbc0b":42,"bca2d7cd":41,"d1ca5d6b":55,"259930ee":46,"88fa53d6":37,"2154b6e8":44,"f33c0140":45,"859545e6":32,"65a00a3c":46,"f598a332":54,"972f4174":54,"f8b31ce5":59,"4777334c":45,"1a68160d":46,"4b4ecbce":43,"016953e4":53,"317c1591":40,"5410e9c6":52,"6ce84ff8":44,"d33790a2":47,"fa55f27a":55,"3d1af513":46,"554ebb83":48,"1ff8c2fc":50,"288afc30":40,"02d4753e":54,"1247fa52":48,"d5059415":49,"0bfabf48":48,"87083264":50,"50c468ba":35,"67c57de4":70,"869cbaa0":54,"f1df62b4":43,"83b2f9c5":51,"0a1d11e6":44,"ae016053":49,"b2cfdbcf":46,"d8e58a8c":53,"2c6cb96f":39,"810aa5e9":43,"655954ba":44,"6cba74ce":48,"15620dca":48,"1d153b20":43,"01d817b8":40,"140ce69e":49,"9e206c95":56,"2dda3936":39,"c4bff41f":39,"a6003226":48,"725dce8b":46,"381c68fa":47,"19e9776f":50,"bb98a6cf":59,"5ccf94d6":45,"9316e7e8":31,"b6591e25":43,"ca6d2d91":48,"4295ce9a":53,"bfad1727":45,"3ef7432b":43,"51c57542":45,"5c82d1ce":40,"f0a06216":47,"ea4d3f3e":50,"1bb4ccc0":41,"95d331b1":34,"4b125e7b":48,"6b82b527":39,"88ce179e":48,"92ca52b7":43,"7fdc2007":40,"8007f30e":35,"05f6ab35":43,"a5aee5de":55,"64a7f79f":36,"27c8e038":48,"b460f030":54,"9c58dd76":52,"6be9332a":43,"56752a4a":44,"8b2b601d":45,"6291e9e9":46,"3c782bb3":46,"ce4da56f":43,"e7e82473":56,"4ff2225d":40,"4b3e3b1c":49,"f734c84c":55,"a0ce82b4":43,"23760167":34,"71a2a493":32,"842c8340":38,"bc3dc66a":40,"24a9fb86":47,"ce3407dd":41,"e15fd611":38,"aa9ea5e8":42,"04643409":46,"789bd484":42,"9ceb5439":38,"98915a1f":36,"22234d6b":48,"eb7b4e29":39,"6751d8e4":52,"d552eb2f":36,"f069bb07":52,"8cd78f77":56,"f8b31ce5":60,"14c682eb":40,"7043382d":46,"d141db49":34,"3c43e8a2":52,"f5cd79c1":43,"83086d4c":38,"9a3cc55d":36,"014bdff0":41,"19f9ca86":55,"1951480c":49,"50312237":49,"7ae3fc50":47,"3d1af513":47,"336d0f08":49,"6f0fcb9d":51,"4ba6eb36":44,"de11eb19":58,"19551bad":40,"b102f7bd":55,"ec11fe5f":46,"cb142908":38,"cf9f4757":32,"2ce1af05":36,"9f74b8a4":44,"abd32136":51,"6f39f4d9":59,"ef14000f":47,"fafb4cc2":63,"3a291497":41,"49cb2959":45,"fe44fc6f":50,"195eb771":47,"a472532e":43,"537634c9":38,"30c5d755":51,"34c5c729":38,"92f800f5":38,"4e3f5178":47,"08a06557":60,"9267f0ef":56,"288d171f":43,"6fb4cdda":50,"dbc9df44":41,"01d817b8":41,"9e206c95":57,"140ce69e":50,"6d5fcd4c":40,"f3d68430":49,"d1715f3b":51,"3454fa2b":47,"470d50c2":42,"ca6d2d91":49,"b7434f57":37,"059d6c19":57,"026766f3":36,"19e9776f":51,"751bcf25":39,"26ed1a5c":46,"aa00769b":56,"481754fc":36,"13f0e139":42,"0eaf08da":44,"35b58ef9":33,"03c398d2":39,"99d130c9":59,"6db0ea86":43,"a24e6670":51,"1db42092":54,"2cce4fb2":48,"3c782bb3":47,"1a442bc7":43,"d4d5f466":48,"d1d40c9c":54,"5b5fc566":41,"3b2dee89":46,"6b82b527":40,"fea793f5":45,"21ad2f34":41,"c455f40e":35,"85de05f2":40,"18d20aa1":43,"ecfa8249":48,"fb8bfb36":62,"9a80f004":42,"be149c6f":49,"e15fd611":39,"d6d61bfc":55,"2a387957":55,"8cddb65e":51,"bda8cdfb":49,"5f6613c8":41,"d5557fb4":47,"7af9d3b1":47,"842c8340":39,"af034fee":36,"650bb0e0":48,"5e09f69e":54,"c98d5272":42,"84b67924":44,"778c95e9":42,"0fc5ac7e":59,"a6626a13":34,"aa5dfdf5":54,"fb7482fe":41,"fd369c21":52,"45fb95c1":42,"b2703001":42,"6085137f":29,"3a204e56":47,"42191b64":39,"8dd649a3":35,"dc583e64":44,"22aeaf03":47,"fe1d4419":51,"c4aa1e38":41,"fe0df575":43,"7a6aa4b6":47,"9e878ec2":57,"d0b297b2":39,"f9c15fcc":47,"49bf2e95":34,"a567ace4":44,"a59a8290":43,"dfcc2ad1":45,"cd522166":56,"c510bfd3":49,"2352c8ef":40,"ba5c52af":46,"a85d89cc":46,"87cd2add":41,"0785820e":51,"c38c2b52":53,"e4cfef0a":37,"c8113b77":44,"7a840529":26,"e865e4dd":47,"a5fd8ffd":56,"781ace7d":45,"3101354b":40,"537634c9":39,"f789f6d8":52,"3f75d3bc":45,"24ffcbd3":53,"0b959527":39,"c0b0f492":51,"57167c74":46,"288d171f":44,"49902219":46,"546f6845":53,"175bc6b2":40,"eafbf9fb":50,"b946e146":57,"be4f8ba8":41,"22176537":37,"3bad3c95":33,"4e3f5178":48,"88fa53d6":38,"c5b35e4d":47,"9bdf362a":37,"c4feee5b":45,"efe84c27":39,"f121b82c":48,"8e780922":45,"a4f1d83b":46,"4360a1a3":46,"c2bb8aae":43
1604737470237,"a0bc1ceb":40,"b6aaf976":53,"dfc89705":44,"b7df1559":53,"cac4449a":35,"01cd8099":48,"04612878":46,"a8871ddf":46,"8d753bb6":38,"1438fad7":48,"2cce4fb2":49,"6a60348e":45,"d9dcdc4b":55,"de36827b":55,"60e855ee":45,"d1676e89":50,"578f6e9e":44,"d599b566":57,"26f99a1e":44,"a77e127d":34,"836701f6":37,"31f6d707":53,"40569362":47,"6f0fcb9d":52,"cd95f558":45,"00554ffd":53,"5f8517b7":61,"9263c525":45,"47cfba38":43,"181c3dd5":46,"5a0eb771":49,"0ecfa1c9":45,"f66616b7":36,"842c8340":40,"5eaa1581":46,"031e488e":48,"48efc739":54,"ce3407dd":42,"c852d240":41,"cb6c9e42":60,"61d4782d":42,"23760167":35,"9fa62fee":46,"aaa274a5":44,"5747db6e":48,"d552eb2f":37,"8657c79d":56,"cbb54a0a":42,"f4726450":43,"be1746a0":28,"74e01f6a":48,"458dcc3d":46,"9c58dd76":53,"baebb391":62,"0eaf08da":45,"dfc89705":45,"bbe71605":39,"3310a049":54,"31408822":40,"cd3bbe7e":55,"8942c35b":47,"be40590d":43,"2d1e1e9d":40,"e8f173b5":39,"06ddafc7":43,"01d817b8":42,"172217e5":48,"36d340f2":49,"8cc4a982":36,"945b63f0":63,"6d5fcd4c":41,"0277d748":61,"28d41578":40,"0b5a0408":42,"5b5fc566":42,"87c462ee":45,"ae99df30":40,"d83870f5":47,"00cf385d":52,"e6ec8cbf":53,"e4117b3b":34,"8b5a8e9f":63,"f67de058":35,"cd522166":57,"09f0db62":61,"5781776a":48,"fb7b7b3c":58,"d599b566":58,"b935fc1c":38,"016953e4":54,"95d3d348":44,"e21c6207":43,"e2cbe594":40,"25e0dd3d":53,"a851554d":56,"2b3c49b9":48,"92136ff5":46,"40e79dd3":47,"792c9b6a":41,"34658473":45,"3d1af513":48,"67f6e4f2":46,"7a6aa4b6":48,"379184a7":54,"ea274174":45,"c4bff41f":40,"84369269":44,"51f80f4c":51,"2132fe93":52,"99e171db":45,"c93c3508":34,"c67979e6":51,"35aa7fd0":45,"1a0189c4":50,"5d087c79":46,"b7cc7909":43,"c9efc8f6":49,"36b7003c":53,"088feee2":55,"fd07e0ed":44,"2f455cce":42,"5747db6e":49,"2c627253":39,"2180f99b":51,"dd7acb96":47,"b947257e":49,"e5b1abc6":42,"20958d58":41,"c6dc900c":39,"8063df14":44,"ad303bda":51,"00a17b46":40,"d7cb9bcf":39,"6a5b71b4":55,"af7e5be8":47,"7a840529":27,"9f74b8a4":45,"b2cfdbcf":47,"91f7ef72":46,"71ba7561":44,"f789f6d8":53,"d5dae4c4":45,"db8ba455":54,"d8e58a8c":54,"bad6cdb1":38,"ac62fac2":47,"d9f512b9":51,"e786063b":47,"ea6de194":41,"30c5d755":52,"8f13c203":36,"9f2b16a7":39,"92f800f5":39,"8e99d5d0":43,"2af60749":53,"8e780922":46,"1a68160d":47,"f3992a31":46,"f33c0140":46,"754f98c9":50,"f1b493de":55,"0841052c":42,"b460f030":55,"74e01f6a":49,"04612878":47,"c609739e":46,"27c8e038":49,"66554572":37,"a6bcb07e":46,"ea4d3f3e":51,"dffa7793":27,"bec9d329":50,"4b125e7b":49,"1757a30e":35,"00cf385d":53,"79be29c8":42,"69f3bfcc":46,"4ff2225d":41,"2d1e1e9d":41,"26009d3f":51,"8d753bb6":39,"095ab3b4":38,"f6fe095d":58,"317c1591":41,"93ac9ca3":40,"26f99a1e":45,"fe1d4419":52,"27f52ed3":57,"381c68fa":48,"1e7753d9":57,"4360a1a3":47,"19e9776f":52,"be40590d":44,"72b84094":55,"e2cbe594":41,"ded7da5a":45,"5fa12feb":43,"ecfa8249":49,"4e5aaaec":34,"3ef7432b":44,"1b153aef":46,"06073f13":51,"7ae3fc50":48,"b7407bd3":43,"761cf820":40,"d0b297b2":40,"d0e9a58e":40,"4d35385e":40,"30dd2edc":53,"ac38a6a5":48,"a77e8461":34,"f3d68430":50,"b9a48a5c":35,"9c045c61":48,"60d6cee2":45,"c81b2bcf":39,"71279c46":43,"a9b1bd51":36,"6adce358":47,"35aa7fd0":46,"f4b2f575":39,"74e3d13e":46,"794f652b":38,"47cfba38":44,"449d8475":43,"aa9ea5e8":43,"c98d5272":43,"6632fed0":50,"22234d6b":49,"fd07e0ed":45,"6751d8e4":53,"eb7b4e29":40,"1745a0f4":49,"dc0c8b09":49,"be3a10f8":46,"25a2844e":47,"5f4102da":48,"20958d58":42,"ec11fe5f":47,"c8113b77":45,"e57d5cda":56,"ef91eaae":40,"cf9f4757":33,"9fce073c":54,"1dad0f99":42,"d4ee22a4":51,"a0cf08b3":40,"cf1b8c47":46,"5f0c1b9d":54,"6023df54":42,"345c9967":42,"56473430":47,"abc1d7ad":46,"c1bdfd41":42,"ea6de194":42,"7043382d":47,"a3253019":44,"c015ec5a":44,"f3992a31":47,"caddd0a7":50,"0da28f5b":50,"1247fa52":49,"92f800f5":40,"77300e4a":42,"ffc86f94":42,"0a92153e":45,"d548635d":40,"e6fac295":41,"cbad3b92":56,"a43061ee":39,"dfc89705":46,"c27969ec":43,"2d382981":46,"27c8e038":50,"e58b26f6":38,"2d54e0a8":38,"a6626a13":35,"ee21ad02":48,"04cc7cbe":41,"d929098e":36,"51a3e9c2":47,"1bb4ccc0":42,"28d41578":41,"8aa78e2f":44,"4945c851":59,"59431390":45,"26009d3f":52,"0b5a0408":43,"820225e4":33,"263762cb":49,"cc11fef9":52,"c8977844":46,"4360a1a3":48,"58d46189":41,"56d315d8":38,"74f234c6":39,"f1b493de":56,"daab45c6":45,"a0ce82b4":44,"ab7467de":58,"fb8bfb36":63,"07107f6e":48,"4eed1bea":53,"6ce84ff8":45,"1da771fb":41,"8dd649a3":36,"8dc9b4db":47,"3712c4bd":41,"004f1ef3":52,"1bd5b20b":45,"9260d96b":52,"7a6aa4b6":49,"12dd6f5e":41,"1d153b20":44,"53a8613c":51,"2cb29e5a":51,"49902219":47,"6d339d45":46,"2dda3936":40,"31d74eee":42,"84369269":45,"b7cc7909":44,"bc3dc66a":41,"bda8cdfb":50,"e4714415":50,"97e75c19":55,"254cc28c":53,"5f6613c8":42,"99e171db":46,"a2c334e7":58,"c6c85783":45,"17446892":37,"288a2c43":49,"cfe72ead":40,"f1862e79":38,"ae99df30":41,"1757a30e":36,"b102f7bd":56,"fef750ca":54,"a567ace4":45,"afe8e06a":36,"be3a10f8":47,"05f6ab35":44,"c1bb74f2":49,"07f98660":55,"7566fdd6":45,"ad303bda":52,"6a5b71b4":56,"91536e85":49,"4930f321":38,"77bfed7e":43,"fd482491":46,"52eca0dc":44,"358e45b1":53,"50312237":50,"70594a28":45,"4def63ee":38,"2af60749":54,"0b959527":40,"a3253019":45,"d34a29b9":50,"805af3c7":43,"4e3f5178":49,"aa021138":52,"71bc1295":49,"eed20185":49,"804d4dfa":34,"946df4fd":40,"03c398d2":40,"a636f4c9":59,"f271ed5d":43,"730338c4":61,"d3a669ac":57,"b7832271":46,"284544ba":50,"a6626a13":36,"ef1c2dcb":45,"bad6cdb1":39,"d8e58a8c":55,"fafb4cc2":64,"8a165e17":44,"00a481e3":45,"c91966ce":39,"bd2705b0":51,"5eab91a0":50,"7ee7621c":40,"79be29c8":43,"7735c3c2":39,"9d4f1fe6":36,"1757a30e":37,"bbe71605":40,"e36dfd6f":41,"0d2c95fe":41,"8b2b601d":46,"cf84fb54":49,"411b5027":54,"013ee301":47,"92f800f5":41,"754f98c9":51,"44c77422":53,"77300e4a":43,"34c5c729":39,"e0154608":35,"d634aa28":52,"0841052c":43,"180377be":41,"7cd0ad7b":55,"74f234c6":40,"d033db8d":43,"e62d705f":37,"3007f31f":38,"b6ee137a":45,"ded7da5a":46,"82868763":44,"77d35808":46,"8dc9b4db":48,"19f9ca86":56,"c95719e5":35,"d1676e89":51,"014bdff0":42,"affb82bf":38,"0e036ae9":50,"6d339d45":47,"945b63f0":64,"88432019":46,"eafbf9fb":51,"22176537":38,"bad1a1cc":41,"9d9dd9e5":43,"42c80e69":45,"449d8475":44,"dcfaba4c":41,"ed4fad08":52,"90d52475":45,"789bd484":43,"aec4e1bf":51,"a9b1bd51":37,"12534561":36,"3d1af513":49,"82204d54":45,"9b546d65":41,"55928ef1":49,"78467b8a":49,"92ca52b7":44,"13b53c7a":46,"dc0c8b09":50,"7a4c064c":51,"753ca352":35,"ac030e74":41,"d5059415":50,"2ce1af05":37,"053f3451":46,"385ab7c6":46,"4ba6eb36":45,"92d38723":49,"379184a7":55,"8323d333":43,"e0e6a097":36,"d33790a2":48,"913a6226":45,"6b9eff39":37,"da3437cd":36,"f734c84c":56,"24ffcbd3":54,"a81a857c":46,"e6fac295":42,"aa00769b":57,"b460f030":56,"c81b2bcf":40,"4911acad":35,"51f80f4c":52,"72d7b461":46,"6e851762":46,"70c1e715":47,"2d13e69b":49,"f271ed5d":44,"39ba00f0":42,"2c01e624":45,"cac4449a":36,"1c3a30c5":43,"810aa5e9":44,"71e53c93":48,"f3a0c2ee":39,"8a165e17":45,"ec110282":47,"fd482491":47,"3a291497":42,"a502c93c":46,"d929098e":37,"abad2347":44,"aefe13f5":54,"cbad3b92":57,"1438fad7":49,"8b2b601d":47,"e7e82473":57,"a8871ddf":47,"28d40296":38,"d34a29b9":51,"ce3bf5db":39,"4e3f5178":50,"c8fcad77":42,"04ea5673":51,"f121b82c":49,"8f13c203":37,"e1618359":54,"c0fea118":44,"168e75d9":41,"90a06ee9":51,"b7434f57":38,"b6591e25":44,"7cd0ad7b":56,"40a745c0":46,"180377be":42,"026766f3":37,"e62d705f":38,"90731976":42,"bbe71605":41,"09ff339a":37,"b36a0d66":28,"6085137f":30,"3712c4bd":42,"8dd649a3":37,"315537b2":41,"4469c815":27,"217c0327":29,"25a7a0a3":45,"175bc6b2":41,"d6320619":52,"af157d29":51,"bda8cdfb":51,"7af9d3b1":48,"e0e48a2d":46,"ae99df30":42,"b3f19a69":41,"00cf385d":54,"fee32863":42,"478d2d4f":56,"30c184b8":39,"dc0c8b09":51,"afe8e06a":37,"33d6bb6a":43,"062179c1":43,"ad303bda":53,"76f94eda":47,"42191b64":40,"b769bdfb":52,"e7773397":41,"408bb2ed":39,"8493f3b2":58,"fe0df575":44,"1ff8c2fc":51,"a533489b":52,"608bc832":37,"5f8517b7":62,"93e8cee5":53,"a851554d":57,"5a622a23":47,"daab45c6":46,"5c82d1ce":41,"a0ce82b4":45,"3b7763b1":39,"30b6808c":44,"87083264":51,"53b4e647":56,"4930f321":39,"faf4f98b":48,"fd482491":48,"a0cf08b3":41,"d9a64845":35,"61145ec9":59,"012de09c":39,"aa867541":38,"d9d0c567":40,"1c3a30c5":44,"181c3dd5":47,"c67979e6":52,"9d9dd9e5":44,"f94bf9ea":37,"57d5dee8":47,"36684155":44,"f4b2f575":40,"42c80e69":46,"b35bb8a1":34,"37fbb107":48,"8d04852b":45,"bad1a1cc":42,"f4726450":44,"a625328f":49,"7e991ab9":34,"b947257e":50,"84b67924":45,"284544ba":51,"c793cdda":40,"2c24d929":52,"cbad3b92":58,"03c398d2":41,"bc392d1c":37,"4cc141fa":35,"bad6cdb1":40,"f8b31ce5":61,"a33fe0dd":52,"685207b3":51,"d9d7c4c2":53,"9b742f71":44,"cc6bbe45":39,"fe578280":41,"a577db1c":40,"94a2fe10":55,"f33c0140":47,"a81a857c":47,"b3863630":40,"d141db49":35,"a4f1d83b":47,"168e75d9":42,"20e470e0":44,"6b78ad7f":52,"5ccf94d6":46,"61f25dd4":50,"902f49f5":47,"ddec9e54":38,"f5829ac0":45,"0be540c5":45,"7732eb1e":60,"de36827b":56,"45fb95c1":43,"17b08923":39,"1db42092":55,"b1f58563":45,"695a2b92":51,"2dda3936":41,"22176537":39,"25a7a0a3":46,"8cc4a982":37,"217c0327":30,"f5596d0f":50,"6143f39d":45,"9d63c4dd":42,"578f6e9e":45,"6775d5cd":35,"37d0cae2":44,"b3f19a69":42,"91b28f83":54,"b0869206":45,"bd2705b0":52,"e356abf1":45,"6c524f99":36,"9b546d65":42,"13b53c7a":47,"b8488fc8":46,"2a76f1dd":35,"78b97937":48,"cfafcda8":44,"e7773397":42,"8e4c33d2":47,"1951480c":50,"6b79fec2":37,"ea274174":46,"db0a661e":52,"761cf820":41,"3ef7432b":45,"6bc5d32a":58,"0149e11a":39,"4e5aaaec":35,"8ea21393":43,"7b6a7048":50,"f734c84c":57,"67f6e4f2":47,"3d1af513":50,"0ac825ed":48,"5acaa06f":32,"10ec5a0b":47,"0d7d88f1":38,"ba938220":41,"e57d5cda":57,"e4cfef0a":38,"af7e5be8":48,"faf4f98b":49,"43bc86e3":47,"95904ac4":60,"a472532e":44,"313258f2":43,"731fc335":34,"56473430":48,"7ae34c64":42,"9ceb5439":39,"d1fe2868":44,"5957df9e":50,"25d1b2d8":49,"7af9d3b1":49,"17446892":38,"8ec3834d":44,"081460bf":40,"1634789b":52,"13747b82":44,"031e488e":49,"9f5e6cba":55,"dc473de1":44,"2d13e69b":50,"39ba00f0":43,"5747db6e":50,"2180f99b":52,"d552eb2f":38,"9ab755d3":42,"de6213c7":51,"be1746a0":29,"b7df1559":54,"458dcc3d":47,"12271e14":45,"b2bd8fd3":44,"59c1e594":53,"a636f4c9":60,"c7313e0a":47,"37a7d5b0":49,"c21ab51e":38,"aa021138":53,"ba30e43a":52,"fe578280":42,"36380d96":49,"75ffea08":48,"d9f512b9":52,"1a68160d":48,"8e780922":47,"8f13c203":38,"69d4b754":41,"cc6bbe45":40,"1e7753d9":58,"4279e829":56,"0d5ee801":41,"f1b493de":57,"4ee62a26":41,"58d46189":42,"d634aa28":53,"d9dcdc4b":56,"06ddafc7":44,"4b3e3b1c":50,"8298e976":48,"6c73ae98":51,"54a676d6":46,"cf50e84e":48,"54d7de6b":51,"4258c176":43,"aa187e3b":38,"37d0cae2":45,"e6ec8cbf":54,"7ee7621c":41,"ae99df30":43,"2bcca6a7":60,"9a3ab0b8":35,"ac38a6a5":49,"2cb29e5a":52,"a63bddd4":52,"affb82bf":39,"57540cc3":51,"9c045c61":49,"dfa1a89b":46,"004f1ef3":53,"f1dffa24":35,"27f52ed3":58,"09f0db62":62,"ea9bba6b":37,"22aeaf03":48,"e238f09b":43,"5c82d1ce":42,"6490bac6":46,"51c57542":46,"18d20aa1":44,"3ef7432b":46,"fb8bfb36":64,"e2cbe594":42,"d33790a2":49,"08a4c3f8":45,"6f0fcb9d":53,"3a1b9af5":36,"50312237":51,"d0b297b2":41,"92d38723":50,"fef750ca":55,"062179c1":44,"0f89862c":39,"4c0e547b":41,"eebc8d43":43,"07f98660":56,"2b698053":41,"d7cb9bcf":40,"77bfed7e":44,"b73e789c":42,"7a840529":28,"6f39f4d9":60,"d5dae4c4":46,"6e44927f":33,"dc03ebd2":59,"fe44fc6f":51,"83b2f9c5":52,"fafb4cc2":65,"95904ac4":61,"90d52475":46,"37fbb107":49,"93fdbb44":37,"36b7003c":54,"bc3dc66a":42,"cb6c9e42":61,"5774ac0d":51,"1d790491":46,"72805bf5":40,"b8ab8e6e":45,"1ed46298":54,"031e488e":50,"3c18f28e":44,"bfcb912a":51,"b5763ff6":39,"f069bb07":53,"2d13e69b":51,"50c3164b":55,"730338c4":62,"de6213c7":52,"c793cdda":41,"cbad3b92":59,"e6fac295":43,"d8475b95":37,"73b15e04":45,"71bc1295":50,"3e602573":30,"e8d74304":44,"ebdbf580":41,"b320feb9":43,"8e99d5d0":44,"75ffea08":49,"696fdac5":48,"719c8869":58,"f121b82c":50,"7be025ce":44,"014460b9":52,"dbc9df44":42,"6b78ad7f":53,"b7505747":50,"9e65c0ef":40,"6fb4cdda":51,"5272520d":47,"f4634d0b":42,"26ed1a5c":47,"93683c82":46,"0d5ee801":42,"655941a0":54,"19e9776f":53,"e81834aa":49,"d9dcdc4b":57,"06ddafc7":45,"28d41578":42,"4b3e3b1c":51,"bab97de3":54,"045f280d":48,"6841f77e":57,"04cc7cbe":42,"e6ec8cbf":55,"bd2705b0":53,"c0b23081":51,"d83870f5":48,"e356abf1":46,"ec2cb1af":52,"09560615":40,"1d153b20":45,"3454fa2b":48,"51f57142":48,"4469c815":28,"b935fc1c":39,"1da771fb":42,"d599b566":59,"8dd649a3":38,"2203f259":47,"971675c5":53,"09f0db62":63,"4eed1bea":54,"6b9eff39":38,"feb67030":38,"18d20aa1":45,"7b6a7048":51,"f734c84c":58,"0149e11a":40,"5ee911b5":45,"82b81567":40,"67f6e4f2":48,"b377a62a":35,"6585adbe":33,"9263c525":46,"0cb80f4a":47,"cd522166":58,"dfcc2ad1":46,"ba5c52af":47,"cfafcda8":45,"e5b1abc6":43,"a0685bf3":57,"8721056e":33,"cc5a1d47":43,"ba938220":42,"c803b4a3":47,"ae95f2ba":49,"ad303bda":54,"753ca352":36,"c8113b77":46,"012de09c":40,"345c9967":43,"dc03ebd2":60,"00a481e3":46,"6e44927f":34,"b28a5e67":49,"dd035d2a":42,"9e206c95":58,"47d27624":49,"254cc28c":54,"bad1a1cc":43,"1b881e6e":53,"725dce8b":47,"5f7d7195":43,"a2c334e7":59,"650bb0e0":49,"13747b82":45,"0670c466":45,"4125085e":52,"c64de0c0":38,"64db4feb":48,"42c80e69":47,"de6213c7":53,"bca2d7cd":42,"272c7672":43,"aa5dfdf5":55,"4bcd4a30":58,"2f455cce":43,"0d2a1c58":37,"c27969ec":44,"b6aaf976":54,"a0bc1ceb":41,"64a7f79f":37,"ca7d47f7":53,"501db4de":47,"aa021138":54,"4c4aa2e2":49,"3bad3c95":34,"0da28f5b":51,"fbdffc95":37,"b215547b":36,"2154b6e8":45,"5be594be":48,"e5d3655c":47,"e1618359":55,"df2b4d87":49,"4e3f5178":51,"d033db8d":44,"a68a93b2":40,"58d46189":43,"cf1124db":40,"751acea8":47,"c3e6ef01":58,"742f1425":44,"804d4dfa":35,"f1098793":50,"6d802fa2":40,"0be540c5":46,"0114160e":46,"ee75b607":44,"bb00e71c":43,"11b74e63":42,"6775d5cd":36,"4b125e7b":50,"79be29c8":44,"7f6d1d0e":52,"2cb29e5a":53,"8dd2684c":50,"45fb95c1":44,"1438fad7":50,"e7e82473":58,"b2703001":43,"c0b7e7d7":41,"fb7b7b3c":59,"971675c5":54,"6b79fec2":38,"b935fc1c":40,"3a204e56":48,"7ee148e9":48,"d634aa28":54,"79e4fa1c":39,"7e8e1c3d":47,"d25e0f8d":46,"bfad1727":46,"e21c6207":44,"ab7467de":59,"93e8cee5":54,"5acaa06f":33,"8493f3b2":59,"7a2f3f06":41,"fe0df575":45,"358e45b1":54,"3d1af513":51,"7a6aa4b6":50,"7fdc2007":41,"6c486702":55,"2a76f1dd":36,"a0685bf3":58,"0f89862c":40,"a66a2d8a":44,"eb2e1983":43
1604737471217,"95539a58":34,"8fb236a9":44,"30b6808c":45,"6f39f4d9":61,"ae95f2ba":50,"91536e85":50,"50c468ba":36,"5be594be":49,"0f029727":44,"c015ec5a":45,"2e3503e4":45,"c4e70c07":44,"9f2b16a7":40,"80a8a56d":44,"0a2f71bc":39,"4c39240e":43,"77300e4a":44,"92f800f5":42,"1247fa52":50,"3fdb08f5":37,"6fb4cdda":52,"a68a93b2":41,"1e191c98":35,"ca6d2d91":50,"bb98a6cf":60,"30fdcd3b":43,"751bcf25":40,"be40590d":45,"db8ba455":55,"7ae34c64":43,"71ba7561":45,"3101354b":41,"83b2f9c5":53,"fd482491":49,"b2cfdbcf":48,"00cf385d":55,"16b476e9":41,"5acce642":52,"7ee7621c":42,"4b125e7b":51,"7fef9973":60,"865d9857":36,"af157d29":52,"22176537":40,"dfa1a89b":47,"6d339d45":48,"36b7003c":55,"77bae750":37,"a939b50b":44,"e15fd611":40,"2ab62345":41,"97e75c19":56,"36684155":45,"b7cc7909":45,"c98d5272":44,"af034fee":37,"162a7348":48,"47cfba38":45,"5774ac0d":52,"dc473de1":45,"8cd78f77":57,"778c95e9":43,"a625328f":50,"508aac3d":46,"d3a669ac":58,"2a06ab95":51,"98915a1f":37,"51c57542":47,"547903ef":46,"c8dc010f":48,"0a96f57a":57,"ecfa8249":50,"2209903e":47,"3b7763b1":40,"e356abf1":47,"19551bad":41,"0f89862c":41,"8b5a8e9f":64,"dc0c8b09":52,"0042f6eb":63,"dfcc2ad1":47,"c510bfd3":50,"8ac72326":43,"76f94eda":48,"43d87483":42,"0d7d88f1":39,"f7231212":47,"4930f321":40,"145c7559":51,"dcf85091":36,"4577b333":50,"501db4de":48,"a81a857c":48,"80a8a56d":45,"0a2f71bc":40,"1247fa52":51,"9e65c0ef":41,"972f4174":55,"acac14fb":40,"638cb163":66,"25776fc4":53,"259930ee":47,"430a5db5":52,"180377be":43,"4360a1a3":49,"cf1124db":41,"31408822":41,"5272520d":48,"0d28db94":41,"28654c76":59,"8db5a165":34,"a0cf08b3":42,"5f0c1b9d":55,"1d44aff3":50,"abc1d7ad":47,"f789f6d8":54,"00cf385d":56,"9d4da635":37,"b460f030":57,"9fc713b0":52,"04612878":48,"aa00769b":58,"13f0e139":43,"a543ec74":48,"12dd6f5e":42,"ac38a6a5":50,"12012fbd":49,"22ecaed0":39,"25a7a0a3":47,"9de29816":43,"dfa1a89b":48,"99e171db":47,"794f652b":39,"a939b50b":45,"5f7d7195":44,"b7cc7909":46,"04643409":47,"76f3a3be":42,"5a0eb771":50,"3a1d1632":27,"c98d5272":45,"2132fe93":53,"5ac86fb9":47,"b35bb8a1":35,"bb8a6337":35,"b5763ff6":40,"dd7acb96":48,"d3a669ac":59,"911e770b":36,"e2cbe594":43,"5c82d1ce":43,"ab7467de":60,"201cafad":36,"21e10a2b":35,"7b6a7048":52,"d25e0f8d":47,"8bc04eb5":37,"d83870f5":49,"e6ec8cbf":56,"4b125e7b":52,"88ce179e":49,"e356abf1":48,"8721056e":34,"478d2d4f":57,"dfcc2ad1":48,"1105f790":50,"7bda83dd":48,"a66a2d8a":45,"78467b8a":50,"0f72f2d8":45,"d6db2b02":52,"bbe71605":42,"1138796e":44,"3c782bb3":48,"e81834aa":50,"0114160e":47,"45fb95c1":45,"93ac9ca3":41,"3a204e56":49,"6ce84ff8":46,"8dc9b4db":49,"5099c6a0":58,"a58bf525":45,"016953e4":55,"98915a1f":38,"d744bee2":43,"eb7b4e29":41,"704bce0d":47,"9b172ca8":38,"65a00a3c":47,"ebdbf580":42,"aab4d996":45,"53431634":60,"014460b9":53,"696fdac5":49,"c382f054":42,"5ab7bc35":51,"c4e70c07":45,"1e232870":48,"9bdf362a":38,"a81a857c":49,"2b698053":42,"53b4e647":57,"9aa6a054":39,"e28c2efc":48,"597c1f81":36,"7218c9f1":35,"313258f2":44,"43d87483":43,"83b2f9c5":54,"8a165e17":46,"52eca0dc":45,"abc1d7ad":48,"ae016053":50,"dd035d2a":43,"19e9776f":54,"c2bb8aae":44,"902f49f5":48,"7a9344a4":52,"db703021":40,"d102b0c6":37,"ea274174":47,"332820ce":46,"fe0df575":46,"d33790a2":50,"0ac825ed":49,"67f6e4f2":49,"6be9332a":44,"8db62558":47,"059d6c19":58,"175bc6b2":42,"9c045c61":50,"53a8613c":52,"b9a48a5c":36,"eeaa2d46":46,"6de0aaac":34,"21ee2afe":55,"1d790491":47,"842c8340":41,"37fbb107":50,"f66616b7":37,"04643409":48,"42c80e69":48,"9ceb5439":40,"4125085e":53,"c98d5272":46,"53747a91":57,"7b6a7048":53,"85de05f2":41,"21ad2f34":42,"21e10a2b":36,"efd23af5":48,"c455f40e":36,"124fbe96":47,"b3f19a69":43,"93b0a158":46,"95d331b1":35,"e4c312fe":45,"4b125e7b":53,"e356abf1":49,"1bc0591f":53,"dd3913d2":40,"ba5c52af":48,"19551bad":42,"7bda83dd":49,"fef750ca":56,"742f1425":45,"ae8a09c4":49,"71bc1295":51,"dd1fcb17":47,"03c398d2":42,"e8d74304":45,"2d1e1e9d":42,"d36125db":60,"de36827b":57,"32c9fc47":40,"a4dafea5":40,"868edcc0":48,"1438fad7":51,"3f2522c2":49,"f1dffa24":36,"0b3283c9":45,"95d3d348":45,"77d35808":47,"72805bf5":41,"6751d8e4":54,"8cddb65e":52,"70bc8325":42,"b35bb8a1":36,"22234d6b":50,"24a9fb86":48,"dd7acb96":49,"e58b26f6":39,"5a734022":45,"2a06ab95":52,"f271ed5d":45,"90a06ee9":52,"9267f0ef":57,"7be025ce":45,"69134f07":45,"719c8869":59,"4fd645f1":37,"a4296d1e":46,"77300e4a":45,"9bdf362a":39,"80a8a56d":46,"aa021138":55,"9f2b16a7":41,"9e65c0ef":42,"5f4102da":49,"753ca352":37,"2ce1af05":38,"0d7d88f1":40,"0785820e":52,"67c57de4":71,"f1df62b4":44,"00a17b46":41,"a901627e":39,"3f75d3bc":46,"49cb2959":46,"6023df54":43,"dc03ebd2":61,"da04caac":47,"fd482491":50,"49b358bd":44,"381c68fa":49,"27f52ed3":59,"e45b4b53":37,"379184a7":56,"d0c0fc08":43,"31f6d707":54,"288afc30":41,"5a0ead91":33,"82b81567":41,"7ae3fc50":49,"a68a93b2":42,"142d6987":51,"40a745c0":47,"31408822":42,"0d5ee801":43,"5272520d":49,"a63bddd4":53,"7d6895f4":45,"f5596d0f":51,"12012fbd":50,"ccdd1ce6":40,"0e036ae9":51,"416a9e97":47,"bf822e33":44,"91d52a55":49,"6adce358":48,"815e4582":47,"35aa7fd0":47,"5d087c79":47,"e4714415":51,"227006e4":45,"c6c85783":46,"b88033fd":52,"5e09f69e":55,"031e488e":51,"4295ce9a":54,"913a6226":46,"2209903e":48,"8ea21393":44,"aa187e3b":39,"93b0a158":47,"935ec056":36,"5b5fc566":43,"f56ac638":41,"ee21ad02":49,"e356abf1":50,"9d023afb":52,"cfafcda8":46,"bd62d7ed":39,"1bc0591f":54,"7fdc2007":42,"85de05f2":42,"ccb5ea3e":37,"cd421290":49,"064a99c8":43,"cf52025e":33,"87922532":47,"3e602573":31,"4cc141fa":36,"aefe13f5":55,"ad8f85d6":47,"820225e4":34,"de36827b":58,"88a30343":52,"f277386e":40,"a8871ddf":48,"45fb95c1":46,"b36a0d66":29,"2203f259":48,"e9a8cf11":49,"1ed46298":55,"b7832271":47,"ea822700":40,"cbb54a0a":43,"6e851762":47,"6751d8e4":55,"2c01e624":46,"aec074c4":55,"8e99d5d0":45,"7be025ce":46,"b215547b":37,"4fd645f1":38,"30c184b8":40,"50b558a7":42,"ba938220":43,"e4cfef0a":39,"7218c9f1":36,"9aa6a054":40,"d2466211":56,"53b4e647":58,"77bfed7e":45,"4abb7aed":41,"d9a64845":36,"42cd2360":40,"ef8987d7":52,"45b5746e":47,"61145ec9":60,"da04caac":48,"fe578280":43,"e786063b":48,"75ffea08":50,"7f86be64":52,"dbc9df44":43,"fce3c5c6":42,"c4e70c07":46,"f76a3e83":53,"eda6a690":42,"e238f09b":44,"5099c6a0":59,"fb7b7b3c":60,"8dc9b4db":50,"3c43e8a2":53,"792c9b6a":42,"b377a62a":36,"1bd5b20b":46,"fe0df575":47,"332820ce":47,"554ebb83":49,"49bf2e95":35,"f33c0140":48,"719c8869":60,"20e470e0":45,"4ee62a26":42,"dbd2f139":54,"8cc4a982":38,"6143f39d":46,"9e206c95":59,"6d5fcd4c":42,"f3d68430":51,"6de0aaac":35,"affb82bf":40,"d957f027":39,"0670c466":46,"faf3ed07":44,"bb8a6337":36,"19e9776f":55,"751bcf25":41,"66497c7e":41,"381c68fa":50,"0d770b97":53,"dffa7793":28,"aa187e3b":40,"e6ec8cbf":57,"20811ddf":39,"d4d5f466":49,"ad2d7bed":46,"6b9eff39":39,"261c9911":52,"4e5aaaec":36,"4dac6b20":41,"a0ce82b4":46,"2c24d929":53,"481754fc":37,"458dcc3d":48,"946df4fd":41,"13f0e139":44,"dfc89705":47,"6be9332a":45,"8cf83787":42,"4b3e3b1c":52,"7732eb1e":61,"4ff2225d":42,"cf50e84e":49,"a24e6670":52,"013ee301":48,"bfad1727":47,"da3437cd":37,"5339e1e9":43,"d6d61bfc":56,"12534561":37,"c67979e6":53,"cf775f58":45,"6867261a":41,"a2c334e7":60,"ce3407dd":43,"35aa7fd0":48,"b230e8d3":50,"3c6692a3":52,"70bc8325":43,"2d54e0a8":39,"c0e2624b":42,"6751d8e4":56,"d744bee2":44,"c793cdda":42,"55928ef1":50,"1bc0591f":55,"9d023afb":53,"8063df14":45,"30c184b8":41,"c6dc900c":40,"71e53c93":49,"8fb236a9":45,"6c486702":56,"7ae34c64":44,"87083264":52,"5f620a1e":55,"cb51f134":47,"f33c0140":49,"a33fe0dd":53,"f2086446":51,"c7636527":46,"dc583e64":45,"60e855ee":46,"83086d4c":39,"3f2522c2":50,"25635c37":43,"d1676e89":52,"c0b7e7d7":42,"1b153aef":47,"e0e6a097":37,"b377a62a":37,"4ea4a2a1":55,"9e878ec2":58,"36fb15d2":43,"6f0fcb9d":54,"e32524d6":47,"b215547b":38,"e0154608":36,"ca7d47f7":54,"9e65c0ef":43,"90a06ee9":53,"25776fc4":54,"36380d96":50,"ccdd1ce6":41,"d3e84616":47,"546f6845":54,"a63bddd4":54,"22ecaed0":40,"3f65f121":45,"0e036ae9":52,"66497c7e":42,"66b7b5b4":36,"180377be":44,"0841052c":44,"751bcf25":42,"74f234c6":41,"430a5db5":53,"8a165e17":47,"ba938220":44,"65e4235b":51,"43d87483":44,"1d44aff3":51,"50c468ba":37,"f3a0c2ee":40,"c8113b77":47,"906fdec3":40,"2ce1af05":39,"ee75b607":45,"20811ddf":40,"d1d40c9c":55,"f0a06216":48,"b0869206":46,"37d0cae2":46,"935ec056":37,"4b4ef7fa":51,"ac62fac2":48,"dd1fcb17":48,"4cc141fa":37,"0eaf08da":46,"bc392d1c":38,"c609739e":47,"a3d4a0e5":55,"e8f173b5":40,"0b5a0408":44,"bab97de3":55,"3007f31f":39,"51c57542":48,"da3437cd":38,"6b9eff39":40,"70594a28":46,"daab45c6":47,"201cafad":37,"842c8340":42,"23760167":36,"a983a6dc":42,"3c18f28e":45,"4ed01268":42,"f2364460":58,"9147702f":41,"af034fee":38,"449d8475":45,"bb8a6337":37,"794f652b":40,"2c627253":40,"dd7acb96":50,"8d04852b":46,"60d6cee2":46,"a6626a13":37,"a6003226":49,"aec074c4":56,"6632fed0":51,"835358a0":37,"a8c93bed":47,"7fdc2007":43,"dfcc2ad1":49,"e35a63cd":48,"cfafcda8":47,"0042f6eb":64,"1105f790":51,"07f98660":57,"87cd2add":42,"d4ee22a4":52,"a06a6430":39,"00a17b46":42,"ffa08d82":46,"0785820e":53,"f3a0c2ee":41,"a5676c24":47,"71e53c93":50,"d5dae4c4":47,"6a60348e":46,"6291e9e9":47,"5678ed7b":60,"9a3cc55d":37,"5781776a":49,"c0b7e7d7":43,"ea9bba6b":38,"19f9ca86":57,"22aeaf03":49,"695a2b92":52,"1ff8c2fc":52,"d0c0fc08":44,"3d1af513":52,"4b4ecbce":44,"f121b82c":51,"49b358bd":45,"9bdf362a":40,"f3992a31":48,"caddd0a7":51,"696fdac5":50,"98915a1f":39,"8547fbc2":48,"4469c815":29,"217c0327":31,"a3253019":46,"7e76c93c":48,"168e75d9":43,"e3547548":34,"719c8869":61,"b215547b":39,"7043382d":48,"94a2fe10":56,"93683c82":47,"7cd0ad7b":57,"40a745c0":48,"20e470e0":46,"c8977844":47,"1e7753d9":59,"5f96c2bc":36,"1d44aff3":52,"65e4235b":52,"ee75b607":46,"677c6a09":62,"e382ec3f":40,"cb4f262b":51,"2882a956":51,"1757a30e":38,"b0869206":47,"00554ffd":54,"31f6d707":55,"5f8517b7":63,"7a2f3f06":42,"59c1e594":54,"87922532":48,"17807120":43,"27c8e038":51,"a636f4c9":61,"be1746a0":30,"04612878":49,"c650b434":51,"9d0546ac":48,"7d112f4d":45,"9a80f004":43,"547903ef":47,"140ce69e":51,"bc021def":56,"945b63f0":65,"9a467a82":42,"91d52a55":50,"36b7003c":56,"a939b50b":46,"8a52882e":54,"47cfba38":46,"39a2fcce":46,"a47abfbb":43,"66d94227":33,"815e4582":48,"42c80e69":49,"5eaa1581":47,"725dce8b":48,"4911acad":36,"b35bb8a1":37,"9fa62fee":47,"70c1e715":48,"9147702f":42,"88b3bc99":43,"2a06ab95":53,"eb7b4e29":42,"c793cdda":43,"3ef7432b":47,"2209903e":49,"b87158fb":55,"4c0e547b":42,"c510bfd3":51,"70ee0491":38,"8007f30e":36,"2352c8ef":41,"0f89862c":42,"07f98660":58,"621d6b18":50,"00a17b46":43,"91536e85":51,"e4cfef0a":40,"4930f321":41,"7566fdd6":46,"1138796e":45,"3c782bb3":49,"820225e4":35,"de36827b":59,"59431390":46,"013ee301":49,"045f280d":49,"e7773397":43,"b935fc1c":41,"71ff66e8":37,"8dc9b4db":51,"c95719e5":36,"3c43e8a2":54,"09f0db62":64,"0cb80f4a":48,"cd95f558":46,"31f6d707":56,"8d000d6e":42,"49902219":48,"865d9857":37,"6143f39d":47,"315537b2":42,"affb82bf":41,"08c6b5d2":42,"6fb4cdda":53,"1a2c020b":46,"aa021138":56,"e9679ede":40,"0f029727":45,"c7313e0a":48,"49b358bd":46,"77300e4a":46,"288d171f":45,"9bdf362a":41,"08a06557":61,"c4feee5b":46,"75ffea08":51,"cc6bbe45":41,"74f234c6":42,"430a5db5":54,"751acea8":48,"40a745c0":49,"66497c7e":43,"059d6c19":59,"1f11812e":43,"616d6dd6":49,"fe44fc6f":52,"4abb7aed":42,"810aa5e9":45,"49cb2959":47,"7ae34c64":45,"e865e4dd":48,"88ce179e":50,"aa187e3b":41,"d1d40c9c":56,"a6b5e869":46,"ae99df30":44,"6b82b527":41,"b0869206":48,"761cf820":42,"db0a661e":53,"c4aa1e38":42,"d82592f4":46,"a543ec74":49,"a0b03218":59,"6ebe2354":35,"4cc141fa":38,"aefe13f5":56,"be1746a0":31,"a63bddd4":55,"aff8e442":43,"789bd484":44,"a1921150":54,"f66616b7":38,"60d6cee2":47,"540df50f":50,"a983a6dc":43,"71279c46":44,"48efc739":55,"cf775f58":46,"42c80e69":50,"61d4782d":43,"227006e4":46,"b230e8d3":51,"26c390d6":44,"7e991ab9":35,"2c01e624":47,"2180f99b":53,"508aac3d":47,"913a6226":47,"261c9911":53,"6b9eff39":41,"18d20aa1":46,"6bc5d32a":59,"07107f6e":49,"fb8bfb36":65,"bd62d7ed":40,"be3a10f8":48,"e5b1abc6":44,"fe8f3d36":41,"c463799d":53,"831c7b85":46,"dd3913d2":41,"9c29f0ed":52,"ffa08d82":47,"d2466211":57,"2ce1af05":40,"32c9fc47":41,"3310a049":55,"6db0ea86":44,"45fb95c1":47,"b552beb3":40,"d36125db":61,"88a30343":53,"09f0db62":65,"016953e4":56,"82868763":45,"5270f158":43,"26f99a1e":46,"3712c4bd":43,"f6fe095d":59,"7db3edda":52,"8cd78f77":58,"3f65f121":46,"a4296d1e":47,"655954ba":45,"a836aa93":46,"c7636527":47,"c7313e0a":49,"fce3c5c6":43,"69134f07":46,"caddd0a7":52,"638cb163":67,"104721f0":47,"014460b9":54,"f3992a31":49,"92f800f5":43,"e5d3655c":48,"9d4da635":38,"059d6c19":60,"31408822":43,"61f25dd4":51,"1f11812e":44,"3b690f68":51,"95539a58":35,"50c468ba":38,"10ec5a0b":48,"abc1d7ad":49,"f789f6d8":55,"71ba7561":46,"8db5a165":35,"ec110282":48,"ef8987d7":53,"4bc46d7a":48,"ae99df30":45,"dffa7793":29,"906632cb":36,"4ba6eb36":46,"761cf820":43,"d0c0fc08":45,"358e45b1":55,"336d0f08":50,"1ff8c2fc":53,"4ea4a2a1":56,"c27969ec":45,"804d4dfa":36,"458dcc3d":49,"01cd8099":49,"dfc89705":48,"12a2cd4b":50,"4febf7c5":49,"558d5ce7":56,"ac38a6a5":51,"ec2cb1af":53,"22176537":41,"623c6a31":48,"25a7a0a3":48,"37fbb107":51,"cb6c9e42":62,"90d52475":47,"0f1ac912":31,"76f3a3be":43,"1634789b":53,"d6d61bfc":57,"cf775f58":47,"47cfba38":47,"17446892":39,"23760167":37,"f94bf9ea":38,"12534561":38,"bfcb912a":52,"b7832271":48,"92efd84f":37,"72b84094":56,"ded7da5a":47,"805534ac":40,"bc09fa9e":41,"efd23af5":49,"3ef7432b":48,"8f9b74b0":35,"ad2d7bed":47,"04bef50c":29,"6ee92259":48,"67d30f2b":50,"88ce179e":51,"82204d54":46,"8721056e":35,"b8488fc8":47,"4c0e547b":43,"a567ace4":46,"2bcca6a7":61,"fee32863":43,"a06a6430":40,"013ee301":50,"4ff2225d":43,"e36dfd6f":42,"6a60348e":47,"1f88a4b7":48,"868edcc0":49,"0114160e":48,"578f6e9e":46,"b769bdfb":53,"83086d4c":40,"e238f09b":45,"26f99a1e":47,"71ff66e8":38,"5270f158":44,"ea822700":41,"2d13e69b":52,"9fa62fee":48,"884b0ad1":43,"bca2d7cd":43,"36380d96":51,"8e99d5d0":46,"24ffcbd3":55,"fe578280":44,"79f04300":40,"aab4d996":46,"06ee61b6":40,"d9d7c4c2":54,"6b78ad7f":54,"49b358bd":47,"f33c0140":50,"805af3c7":44,"c4e70c07":47,"4c39240e":44,"61f25dd4":52,"9f74b8a4":46,"d2466211":58,"8ac72326":44,"00a17b46":44,"621d6b18":51,"ffa08d82":48,"08a561b7":33,"7896b953":44,"616d6dd6":50,"3101354b":42,"d9a64845":37,"aa76bc50":45,"7ae34c64":46
1604737472522,"945b63f0":66,"09560615":41,"be4f8ba8":42,"9a467a82":43,"e9adbe58":38,"865d9857":38,"fd6dcb20":36,"9d63c4dd":43,"1d790491":48,"cf775f58":48,"2132fe93":54,"9d9dd9e5":45,"04643409":49,"68562193":39,"8a52882e":55,"60d6cee2":48,"c9efc8f6":50,"c98d5272":47,"5ac86fb9":48,"aa9ea5e8":44,"162a7348":49,"eb7b4e29":43,"bca2d7cd":44,"f4726450":45,"b947257e":51,"778c95e9":44,"2c627253":41,"39ba00f0":44,"8245f916":39,"9260d96b":53,"cd95f558":47,"379184a7":57,"7ae3fc50":50,"06073f13":52,"1bd5b20b":47,"0eaf08da":47,"23080895":40,"aa00769b":59,"26c6fa34":44,"c6e3d352":47,"eafbf9fb":52,"a63bddd4":56,"4d35385e":41,"a77e8461":35,"22ecaed0":41,"01d817b8":43,"3661e12d":43,"d957f027":40,"ccf8b803":40,"1d790491":49,"af034fee":39,"66d94227":34,"bda8cdfb":52,"7af9d3b1":50,"5d087c79":48,"1ed46298":56,"c9efc8f6":51,"0f1ac912":32,"51f80f4c":53,"32133249":51,"deb31f35":54,"6ebe2354":36,"0f72f2d8":46,"013ee301":51,"11888cfa":45,"0be540c5":47,"0114160e":49,"a4dafea5":41,"49910300":45,"95f6db13":36,"6085137f":31,"c564e316":43,"e238f09b":46,"8274885a":48,"317c1591":42,"1951480c":51,"e45b4b53":38,"20811ddf":41,"bec9d329":51,"d744bee2":45,"ea822700":42,"98915a1f":40,"22234d6b":51,"50c3164b":56,"2d54e0a8":40,"aaa274a5":45,"9316e7e8":32,"0841052c":45,"467773ac":45,"ca6d2d91":51,"655941a0":55,"c2bb8aae":45,"72b84094":57,"e1f0dbfd":46,"2ad42a9e":42,"261c9911":54,"4eed1bea":55,"c650b434":52,"5acaa06f":34,"9260d96b":54,"b8397293":46,"cd95f558":48,"0cb80f4a":49,"4ea4a2a1":57,"336d0f08":51,"aa187e3b":42,"ae99df30":46,"d83870f5":50,"6b82b527":42,"abad2347":45,"2a76f1dd":37,"ba5c52af":49,"8007f30e":37,"831c7b85":47,"1105f790":52,"fe8f3d36":42,"a66a2d8a":46,"b9a48a5c":37,"f2f58418":41,"53a8613c":53,"08c6b5d2":43,"6de0aaac":36,"6d5fcd4c":43,"6d339d45":49,"1634789b":54,"e15fd611":41,"23760167":38,"47d27624":50,"794f652b":41,"c67979e6":54,"5f6613c8":43,"2ab62345":42,"d957f027":41,"c9efc8f6":52,"3e602573":32,"b6aaf976":55,"bc392d1c":39,"12a2cd4b":51,"c609739e":48,"0eaf08da":48,"bad6cdb1":41,"4945c851":60,"1f88a4b7":49,"013ee301":52,"b552beb3":41,"fb44fa9c":54,"489a39f7":38,"f044c0e1":38,"27f52ed3":60,"2203f259":49,"57d5dee8":48,"42c80e69":51,"b6ee137a":46,"c382f054":43,"9b742f71":45,"80a8a56d":47,"49b358bd":48,"5be594be":50,"f8b31ce5":62,"3bad3c95":35,"79f04300":41,"62d1d346":39,"9b172ca8":39,"c015ec5a":46,"53431634":61,"24a9fb86":49,"6632fed0":52,"50c468ba":39,"9aa6a054":41,"ba938220":45,"4d9b0b10":41,"d83294cd":50,"95539a58":36,"a85d89cc":47,"95904ac4":62,"f789f6d8":56,"781ace7d":46,"43bc86e3":48,"c91966ce":40,"810aa5e9":46,"d8e58a8c":56,"84b67924":46,"911e770b":37,"a6626a13":38,"fd07e0ed":46,"f271ed5d":46,"d552eb2f":39,"f4726450":46,"93ac9ca3":42,"5781776a":50,"d1676e89":53,"d599b566":60,"3a204e56":50,"cd95f558":49,"7a6aa4b6":51,"6585adbe":34,"b2a8761b":44,"de11eb19":59,"4ac6bd4e":42,"4ea4a2a1":58,"24ffcbd3":56,"4c39240e":45,"d033db8d":45,"1a2ec5d7":54,"bb98a6cf":61,"8db62558":48,"ddec9e54":39,"142d6987":52,"f1b493de":58,"3007f31f":40,"e2cbe594":44,"6b9eff39":42,"ecfa8249":51,"77898c22":41,"ba586505":41,"d83870f5":51,"b0869206":49,"5acce642":53,"16b476e9":42,"6775d5cd":37,"51a3e9c2":48,"c510bfd3":52,"afe8e06a":38,"cd522166":59,"1105f790":53,"2bcca6a7":62,"062179c1":45,"6c486702":57,"2dda3936":42,"b9a48a5c":38,"0277d748":62,"d2a841c9":39,"4d35385e":42,"88432019":47,"6de0aaac":37,"31d74eee":43,"d5557fb4":48,"4febf7c5":50,"b2bd8fd3":45,"ae8a09c4":50,"12271e14":46,"812b4f15":48,"a636f4c9":62,"d82592f4":47,"d36125db":62,"95f6db13":37,"69f3bfcc":47,"66554572":38,"95bc84f1":41,"8298e976":49,"0b3283c9":46,"faf3ed07":45,"74e3d13e":47,"540df50f":51,"547903ef":48,"805534ac":41,"685207b3":52,"90a06ee9":54,"9b742f71":46,"8f13c203":39,"470d50c2":43,"c0b0f492":52,"14c682eb":41,"9b172ca8":40,"254cc28c":55,"77bfed7e":46,"ef14000f":48,"d7cb9bcf":41,"c38c2b52":54,"cb142908":39,"ba938220":46,"93b9fae6":44,"71e53c93":51,"4abb7aed":43,"28654c76":60,"d9d0c567":41,"b2cfdbcf":49,"7c0a2db6":54,"781ace7d":47,"d957f027":42,"a2c334e7":61,"9d63c4dd":44,"12534561":39,"5f6613c8":44,"a9b1bd51":38,"64db4feb":49,"76f3a3be":44,"dd7acb96":51,"383e232d":42,"1f342a00":53,"92efd84f":38,"0bd93cfd":40,"fb7482fe":42,"c793cdda":44,"045f280d":50,"004f1ef3":54,"d599b566":61,"014bdff0":43,"3a204e56":51,"71ff66e8":39,"f6fe095d":60,"4ea4a2a1":59,"9260d96b":55,"332820ce":48,"4f5e3e7d":42,"f1862e79":39,"6f0fcb9d":55,"45b038bb":64,"9bdf362a":42,"c4feee5b":47,"53431634":62,"b5ce0c0c":50,"28d40296":39,"2154b6e8":46,"ddec9e54":40,"4279e829":57,"93683c82":48,"d634aa28":55,"30d84dce":51,"74f234c6":43,"b7434f57":39,"e1f0dbfd":47,"04bef50c":30,"d929098e":38,"6c20c153":42,"e382ec3f":41,"f56ac638":42,"0d770b97":54,"7ee7621c":43,"9d023afb":54,"478d2d4f":58,"c510bfd3":53,"33d6bb6a":44,"05f6ab35":45,"2352c8ef":42,"49902219":49,"6d5fcd4c":44,"01d817b8":44,"4469c815":30,"25a7a0a3":49,"3f65f121":47,"865d9857":39,"dfc89705":49,"ac62fac2":49,"458dcc3d":50,"4b4ef7fa":52,"35b58ef9":34,"946df4fd":42,"12a2cd4b":52,"6291e9e9":48,"8aa78e2f":45,"bab97de3":56,"66554572":39,"31d74eee":44,"c45d554f":48,"daab45c6":48,"c8dc010f":49,"70594a28":47,"913a6226":48,"77898c22":42,"f3992a31":50,"9f2b16a7":42,"7e15f8e8":52,"36684155":46,"a59a8290":44,"87083264":53,"43d87483":45,"597c1f81":37,"6a5b71b4":57,"30b6808c":46,"a85d89cc":48,"fafb4cc2":66,"313258f2":45,"621d6b18":52,"f905a555":41,"6e44927f":35,"5f0c1b9d":56,"5f96c2bc":37,"b28a5e67":50,"9d63c4dd":45,"03b4ab60":46,"bf822e33":45,"9b3f8714":44,"9ceb5439":41,"bb8a6337":38,"8ec3834d":45,"35aa7fd0":49,"71279c46":45,"76f3a3be":45,"6632fed0":53,"730338c4":63,"70c1e715":49,"fd369c21":53,"2a06ab95":54,"e58b26f6":40,"284544ba":52,"2c627253":42,"d36125db":63,"e0f7679f":46,"045f280d":51,"2203f259":50,"f2470875":47,"fb7b7b3c":61,"95d3d348":46,"836701f6":38,"1da771fb":43,"c7ab83c1":42,"ea274174":48,"d0c0fc08":46,"8c6e001f":33,"45b038bb":65,"08a4c3f8":46,"8d000d6e":43,"4f5e3e7d":43,"80a8a56d":48,"c0fea118":45,"caddd0a7":53,"a4296d1e":48,"4777334c":46,"145c7559":52,"4577b333":51,"f33c0140":51,"014460b9":55,"44c77422":54,"28d40296":40,"5ab7bc35":52,"1e191c98":36,"93683c82":49,"430a5db5":55,"20e470e0":47,"902f49f5":49,"7a9344a4":53,"0c043224":49,"ee75b607":47,"4652b09a":49,"d929098e":39,"6c20c153":43,"730a4938":52,"54d7de6b":52,"8bc04eb5":38,"0f89862c":43,"f67de058":36,"92ca52b7":45,"7080f122":36,"ec2cb1af":54,"9c045c61":51,"0e036ae9":53,"87922532":49,"cbad3b92":60,"bc392d1c":40,"4cc141fa":39,"812b4f15":49,"4febf7c5":51,"04612878":50,"92136ff5":47,"6490bac6":47,"26dd2000":45,"3007f31f":41,"a0ce82b4":47,"a851554d":58,"4e5aaaec":37,"f3d68430":52,"51f57142":49,"d5557fb4":49,"4469c815":31,"1634789b":55,"77f31bab":51,"2352c8ef":43,"8721056e":36,"dfcc2ad1":50,"be3a10f8":49,"053f3451":47,"9f74b8a4":47,"7e95c5a0":38,"b9be31d6":42,"7a4c064c":52,"619fda68":46,"4d9b0b10":42,"71e53c93":52,"f789f6d8":57,"71ba7561":47,"6023df54":44,"08a561b7":34,"61145ec9":61,"3c0df8b4":47,"a1921150":55,"deb31f35":55,"50d129cf":41,"b35bb8a1":38,"081460bf":41,"91d52a55":51,"2c627253":43,"7e15f8e8":53,"03b4ab60":47,"1f342a00":54,"0ecfa1c9":46,"0d2a1c58":38,"9b3f8714":45,"92efd84f":39,"76f3a3be":46,"22234d6b":52,"fb7482fe":43,"aaa274a5":46,"0d2c95fe":42,"e36dfd6f":43,"ce4da56f":44,"013ee301":53,"b2703001":44,"d36125db":64,"3310a049":56,"016953e4":57,"1951480c":52,"2c5c1dc0":39,"b769bdfb":54,"5623817d":49,"f6fe095d":61,"f1dffa24":37,"cfe72ead":41,"abad2347":46,"e4117b3b":35,"1a442bc7":44,"16b476e9":43,"1bb4ccc0":43,"4652b09a":50,"1757a30e":39,"bd984a8e":38,"704bce0d":48,"69d4b754":42,"e1571af7":51,"3498f223":42,"ce3bf5db":40,"c015ec5a":47,"4b4ecbce":45,"aa021138":57,"d34a29b9":52,"0b959527":41,"1e232870":49,"65a00a3c":48,"805af3c7":45,"dbd2f139":55,"7a9344a4":54,"c8977844":48,"1e7753d9":60,"b7434f57":40,"31408822":44,"8cc4a982":39,"bb99c79c":47,"02d4753e":55,"288afc30":42,"fe0df575":48,"de11eb19":60,"e0e6a097":38,"67f6e4f2":50,"4febf7c5":52,"742f1425":46,"71bc1295":52,"9fc713b0":53,"a0b03218":60,"3e602573":33,"d1715f3b":52,"3f65f121":48,"3661e12d":44,"15620dca":49,"22176537":42,"19e9776f":56,"72b84094":58,"40e79dd3":48,"547903ef":49,"df81ddee":37,"93e8cee5":55,"fb8bfb36":66,"5c82d1ce":44,"789bd484":45,"dc0c8b09":53,"478d2d4f":59,"869cbaa0":55,"92ca52b7":46,"be3a10f8":50,"0d28db94":42,"b102f7bd":57,"a06a6430":41,"ae95f2ba":51,"1745a0f4":50,"ac030e74":42,"9a3ab0b8":36,"cb142908":40,"95904ac4":63,"a5fd8ffd":57,"ef91eaae":41,"2dd0e808":51,"012de09c":41,"345c9967":44,"56473430":49,"dd035d2a":44,"ccf8b803":41,"bf822e33":46,"25d1b2d8":50,"faf3ed07":46,"9d63c4dd":46,"b7cc7909":47,"37fbb107":52,"12534561":40,"227006e4":47,"181c3dd5":48,"af034fee":40,"60d6cee2":49,"1ed46298":57,"884b0ad1":44,"92efd84f":40,"1f342a00":55,"8cd78f77":59,"c0e2624b":43,"0eaf08da":49,"6a60348e":48,"7732eb1e":62,"e81834aa":51,"2cce4fb2":50,"90731976":43,"489a39f7":39,"e45b4b53":39,"5678ed7b":61,"014bdff0":44,"83086d4c":41,"437fc3ec":46,"b935fc1c":42,"c0b7e7d7":44,"6b79fec2":39,"792c9b6a":43,"608bc832":38,"fa55f27a":56,"c7c4ec5c":37,"fb7482fe":44,"4bcd4a30":59,"685207b3":53,"a4296d1e":49,"8e780922":48,"53431634":63,"25776fc4":55,"c7313e0a":50,"2af60749":55,"145c7559":53,"65a00a3c":49,"d6f0d94a":40,"c21ab51e":39,"62d1d346":40,"caddd0a7":54,"88fa53d6":39,"19e9776f":57,"66497c7e":44,"5272520d":50,"8942c35b":48,"db703021":41,"ddec9e54":41,"d0c104c4":38,"5eab91a0":51,"6c20c153":44,"11b74e63":43,"5b5fc566":44,"87c462ee":46,"b3f19a69":44,"935ec056":38,"f1862e79":40,"6585adbe":35,"379184a7":58,"1c3a30c5":45,"2198ba8e":46,"01cd8099":50,"217c0327":32,"f5596d0f":52,"a0ce82b4":48,"53747a91":58,"6bc5d32a":60,"18d20aa1":47,"ded7da5a":48,"bc09fa9e":42,"3ef7432b":49,"af157d29":53,"15620dca":50,"08c6b5d2":44,"558d5ce7":57,"f2e3c0e3":42,"478d2d4f":60,"a0685bf3":59,"7fdc2007":44,"a8c93bed":48,"4c0e547b":44,"d78dd457":40,"43d87483":46,"a85d89cc":49,"753ca352":38,"1dad0f99":43,"9496f56f":45,"30b6808c":47,"e57d5cda":58,"195eb771":48,"71e53c93":53,"a5676c24":48,"abc1d7ad":50,"ae016053":51,"49902219":50,"d1fe2868":45,"789bd484":46,"527ff946":51,"1634789b":56,"842c8340":43,"36b7003c":57,"5f6613c8":45,"39a2fcce":47,"b230e8d3":52,"32133249":52,"13747b82":46,"5e09f69e":56,"0681c48e":50,"5eaa1581":48,"911e770b":38,"9ab755d3":43,"7e991ab9":36,"27c8e038":52,"cbad3b92":61,"2d382981":47,"e8d74304":46,"8b2b601d":48,"8aa78e2f":46,"11888cfa":46,"cf84fb54":50,"06ddafc7":46,"d6db2b02":53,"e81834aa":52,"004f1ef3":55,"a40846b7":53,"39bbc4bc":64,"8274885a":49,"1951480c":53,"22aeaf03":50,"c564e316":44,"9fa62fee":49,"284544ba":53,"dd7acb96":52,"778c95e9":45,"acac14fb":41,"a836aa93":47,"b3863630":41,"c1bdfd41":43,"c7313e0a":51,"88fa53d6":40,"8e99d5d0":47,"e5d3655c":49,"0da28f5b":52,"c8fcad77":43,"4b4ecbce":46,"7043382d":49,"d141db49":36,"5f620a1e":56,"c2bb8aae":46,"059d6c19":61,"bb98a6cf":62,"a68a93b2":43,"d634aa28":56,"c3e6ef01":59,"be40590d":46,"2dd0e808":52,"fafb4cc2":67,"e6ec8cbf":58,"1c0a9eff":44,"2882a956":52,"c0b23081":52,"20811ddf":42,"6775d5cd":38,"ae99df30":47,"554ebb83":50,"5f8517b7":64,"5a0ead91":34,"1bd5b20b":48,"6585adbe":36,"d102b0c6":38,"8323d333":44,"26dd2000":46,"8ea21393":45,"4295ce9a":55,"f734c84c":59,"51c57542":49,"4e5aaaec":38,"0a96f57a":58,"fd6dcb20":37,"0f89862c":44,"30c184b8":42,"2352c8ef":44,"05f6ab35":46,"6c524f99":37,"ec11fe5f":48,"831c7b85":48,"c8113b77":48,"621d6b18":53,"d7cb9bcf":42,"6a5b71b4":58,"f1df62b4":45,"4d9b0b10":43,"ae95f2ba":52,"a472532e":45,"345c9967":45,"da04caac":49,"d3e84616":48,"af157d29":54,"eafbf9fb":53,"affb82bf":42,"0277d748":63,"f2f58418":42,"815e4582":49,"5d087c79":49,"0670c466":47,"1a0189c4":51,"90d52475":48,"66d94227":35,"8d04852b":47,"c81b2bcf":41,"bc3dc66a":43,"31f6ba51":53,"e4714415":52,"540df50f":52,"bfcb912a":53,"227006e4":48,"6be9332a":46,"87922532":50,"9c58dd76":54,"aa00769b":60,"baebb391":63,"6ebe2354":37,"ad8f85d6":48,"32c9fc47":42,"45fb95c1":48,"4ff2225d":44,"de36827b":60,"820225e4":36,"1db42092":56,"d36125db":65,"263762cb":50,"5099c6a0":60,"82868763":46,"695a2b92":53,"f2470875":48,"437fc3ec":47,"3a204e56":52,"8cd78f77":60,"b947257e":52,"6751d8e4":57,"84b767be":56,"39ba00f0":45,"eb7b4e29":44,"5f0c1b9d":57,"ae016053":52,"a0cf08b3":43,"b28a5e67":51,"ee75b607":48,"51a3e9c2":49,"00cf385d":57,"8bc04eb5":39,"93b0a158":48,"bd2705b0":54,"e356abf1":51,"dbc9df44":44,"1a2c020b":47,"9267f0ef":58,"37a7d5b0":50,"c7313e0a":52,"aab4d996":47,"34c5c729":40,"b2c25d1c":48,"c0b0f492":53,"1e232870":50,"d9d7c4c2":55,"e3547548":35,"08a06557":62,"719c8869":62,"56d315d8":39,"bb98a6cf":63,"0d5ee801":44,"61f25dd4":53,"9316e7e8":33,"f883d582":39,"be40590d":47,"aa5dfdf5":56,"f9c15fcc":48,"b35e9e1a":73,"5ee911b5":46,"08a4c3f8":47,"6f0fcb9d":56,"8d000d6e":44,"fe0df575":49,"bc09fa9e":43,"2ad42a9e":43,"85de05f2":43,"a0cca8b7":39,"4dac6b20":42,"7bebff03":40,"f4343817":43,"1bc0591f":56,"2a4a402a":46,"f2e3c0e3":43,"c463799d":54,"2bcca6a7":63,"a567ace4":47,"c510bfd3":54,"91536e85":52,"50c468ba":40,"87083264":54,"d2466211":59,"597c1f81":38,"8fb236a9":46,"2ce1af05":41,"f87c5031":40,"217c0327":33,"f2ca27d9":43,"22ecaed0":42,"d1715f3b":53,"fd6dcb20":38,"3454fa2b":49,"93fdbb44":38,"84369269":46,"5d087c79":50,"a983a6dc":44,"5339e1e9":44,"25d1b2d8":51,"7af9d3b1":51,"68562193":40,"6e98dfda":54,"725dce8b":49,"57d5dee8":49,"03b4ab60":48,"12534561":41,"b230e8d3":53,"13f0e139":45,"8eb64769":38,"71bc1295":53,"a43061ee":40,"804d4dfa":37,"74e01f6a":50,"0f72f2d8":47,"54a676d6":47,"4ff2225d":45,"411b5027":55,"159ffd0b":22,"32c9fc47":43,"1f88a4b7":50,"1438fad7":52,"3f2522c2":51,"d599b566":62,"6ce84ff8":47,"09ff339a":38,"c564e316":45,"25635c37":44,"71ff66e8":40,"de6213c7":54,"d552eb2f":40,"972f4174":56,"1a2c020b":48,"5be594be":51,"a577db1c":41,"655954ba":46,"c85a0d80":52,"5f620a1e":57,"53431634":64,"3bad3c95":36,"04ea5673":52,"a3253019":47,"e32524d6":48,"9bdf362a":43,"e5d3655c":50,"a4f1d83b":48,"5cd3cfe0":35,"0d5ee801":45,"d033db8d":46,"b7434f57":41,"467773ac":46,"61145ec9":62,"537634c9":40,"731fc335":35,"1d44aff3":53,"abc1d7ad":51,"95904ac4":64,"74c26380":42,"935ec056":39,"d4d5f466":50,"e382ec3f":42,"4258c176":44,"7db3edda":53,"911e770b":39,"b7832271":49,"9fa62fee":50,"7028b044":43,"6585adbe":37,"8d000d6e":45,"358e45b1":56,"6f0fcb9d":57,"b7407bd3":44,"fe0df575":50,"31f6d707":57,"a68a93b2":44,"7b6a7048":54,"4dac6b20":43,"547903ef":50
1604737473902,"064a99c8":44,"13f0e139":46,"b7df1559":55,"a0bc1ceb":42,"35b58ef9":35,"c609739e":49,"0f72f2d8":48,"5678ed7b":62,"bab97de3":57,"f044c0e1":39,"e7e82473":59,"45fb95c1":49,"e8f173b5":41,"013ee301":54,"c318d350":50,"f2470875":49,"ea9bba6b":39,"836701f6":39,"26f99a1e":48,"2203f259":51,"1da771fb":44,"0149e11a":41,"85de05f2":44,"ded7da5a":49,"3007f31f":42,"677c6a09":63,"8bc04eb5":40,"1c0a9eff":45,"20958d58":43,"733c86f8":41,"dfcc2ad1":51,"9d023afb":55,"5f4102da":50,"fead11cf":44,"bd62d7ed":41,"53b4e647":59,"77bfed7e":47,"d0c0fc08":47,"40569362":48,"b4fdf90e":45,"50312237":52,"d33790a2":51,"9263c525":47,"d0e9a58e":41,"f3992a31":51,"f121b82c":52,"a836aa93":48,"d548635d":41,"259930ee":48,"f76a3e83":54,"0b959527":42,"80a8a56d":49,"cb51f134":48,"ba30e43a":53,"5ab7bc35":53,"e5d3655c":51,"92f800f5":44,"2af60749":56,"dae0f922":49,"4279e829":58,"6f39f4d9":62,"c38c2b52":55,"8ac72326":45,"a06a6430":42,"a85d89cc":50,"3c0df8b4":48,"b2cfdbcf":50,"b28a5e67":52,"dc03ebd2":62,"7ae34c64":47,"da04caac":50,"a851891c":36,"cf52025e":34,"a5aee5de":56,"4febf7c5":53,"946df4fd":43,"73b15e04":46,"8eb64769":39,"17807120":44,"11888cfa":47,"b552beb3":42,"17b08923":40,"0d2c95fe":43,"e0f7679f":47,"2cce4fb2":51,"28d41578":43,"19f9ca86":58,"f2470875":50,"8dc9b4db":52,"39bbc4bc":65,"1a2ec5d7":55,"7cd0ad7b":58,"467773ac":47,"bb98a6cf":64,"b6591e25":45,"8ea21393":46,"e2a7d915":50,"efd23af5":50,"daab45c6":49,"77898c22":43,"ecfa8249":52,"21ad2f34":43,"317c1591":43,"27f52ed3":61,"e45b4b53":40,"1c0a9eff":46,"cb4f262b":52,"d1d40c9c":57,"ee21ad02":50,"f0a06216":49,"b0869206":50,"4b125e7b":54,"2bcca6a7":64,"478d2d4f":61,"b102f7bd":58,"6a7392d5":41,"1745a0f4":51,"be3a10f8":51,"55928ef1":51,"15620dca":51,"8dd2684c":51,"3f65f121":49,"dfa1a89b":49,"f2ca27d9":44,"d1715f3b":54,"08c6b5d2":45,"6e98dfda":55,"b88033fd":53,"a939b50b":47,"36b7003c":58,"1d790491":50,"bf822e33":47,"d1fe2868":46,"6585adbe":38,"7a2f3f06":43,"e0e6a097":39,"408bb2ed":40,"36fb15d2":44,"40569362":49,"49bf2e95":36,"06ee61b6":41,"5be594be":52,"4577b333":52,"a4296d1e":50,"75ffea08":52,"c8fcad77":44,"c7313e0a":53,"7e76c93c":49,"704bce0d":49,"b3863630":42,"c1bdfd41":44,"df2b4d87":50,"0a92153e":46,"5e09f69e":57,"d6d61bfc":58,"3a1d1632":28,"5774ac0d":53,"71a2a493":33,"e4714415":53,"35aa7fd0":50,"cbb54a0a":44,"1f342a00":56,"8657c79d":57,"aec074c4":57,"1f7607df":29,"9ab755d3":44,"92efd84f":41,"7566fdd6":47,"a06a6430":43,"e57d5cda":59,"74c26380":43,"c8113b77":49,"83b2f9c5":55,"d2466211":60,"71ba7561":48,"4930f321":42,"52eca0dc":46,"f905a555":42,"77bfed7e":48,"616d6dd6":51,"45b5746e":48,"f1098793":51,"27c8e038":53,"c6e3d352":48,"12271e14":47,"cbad3b92":62,"c27969ec":46,"03c398d2":43,"cf84fb54":51,"2cce4fb2":52,"e0f7679f":48,"a24e6670":53,"7732eb1e":63,"1138796e":46,"e32524d6":49,"db703021":42,"902f49f5":50,"381c68fa":51,"1e191c98":37,"61f25dd4":54,"f1b493de":59,"be40590d":48,"7b6a7048":55,"6bc5d32a":61,"5b60dd1d":52,"5623817d":50,"1be05c14":35,"5410e9c6":53,"315537b2":43,"30dd2edc":54,"49902219":51,"945b63f0":67,"88432019":48,"0e036ae9":54,"12012fbd":51,"31d74eee":45,"0f1ac912":33,"8dd649a3":39,"1a442bc7":45,"e382ec3f":43,"e4c312fe":46,"6ee92259":49,"cb4f262b":53,"1bb4ccc0":44,"6775d5cd":39,"ec11fe5f":49,"9b546d65":43,"831c7b85":49,"92ca52b7":47,"8721056e":37,"a567ace4":48,"8b5a8e9f":65,"3c43e8a2":55,"a77e127d":35,"fb7b7b3c":62,"3a1b9af5":37,"9e878ec2":59,"3652bd66":41,"9263c525":48,"36fb15d2":45,"1ff8c2fc":54,"332820ce":49,"a851554d":59,"5fa12feb":44,"df81ddee":38,"3ef7432b":50,"4e5aaaec":39,"06ee61b6":42,"5e193fc8":51,"acac14fb":42,"ea6de194":43,"0dad37d5":44,"0b959527":43,"ebdbf580":43,"8f13c203":40,"c38c2b52":56,"7e95c5a0":39,"ffa08d82":49,"ef14000f":49,"50c468ba":41,"2ce1af05":42,"b9be31d6":43,"a901627e":40,"345c9967":46,"28654c76":61,"6023df54":45,"b2cfdbcf":51,"56473430":50,"3101354b":43,"a939b50b":48,"39a2fcce":48,"5339e1e9":45,"6adce358":49,"93fdbb44":39,"deb31f35":56,"13747b82":47,"32133249":53,"60d6cee2":50,"e4714415":54,"7af9d3b1":52,"5a734022":46,"72d7b461":47,"b947257e":53,"d0d6acb1":46,"9ab755d3":45,"884b0ad1":45,"2180f99b":54,"84b67924":47,"9c58dd76":55,"59c1e594":55,"1c3a30c5":46,"742f1425":47,"4febf7c5":54,"2d382981":48,"01cd8099":51,"4b3e3b1c":53,"6d802fa2":41,"dcf85091":37,"7e76c93c":50,"f2086446":52,"859545e6":33,"c4e70c07":48,"c0b0f492":54,"0c043224":50,"180377be":45,"93683c82":50,"d634aa28":57,"66b7b5b4":37,"4360a1a3":50,"4ee62a26":43,"a24e6670":54,"28d41578":44,"12dd6f5e":43,"eeaa2d46":47,"53a8613c":54,"8cc4a982":40,"0277d748":64,"ec2cb1af":55,"d6320619":53,"88ce179e":52,"2882a956":53,"20811ddf":43,"a502c93c":47,"ba586505":42,"e0e48a2d":47,"677c6a09":64,"82204d54":47,"eebc8d43":44,"8f10fa42":49,"c510bfd3":55,"dfcc2ad1":52,"d6db2b02":54,"1be05c14":36,"c564e316":46,"6085137f":32,"045f280d":52,"014bdff0":45,"82b81567":42,"9260d96b":56,"437fc3ec":48,"c318d350":51,"3652bd66":42,"40569362":50,"5781776a":51,"6d61bf13":43,"e0e6a097":40,"6585adbe":39,"7a6aa4b6":52,"25e0dd3d":54,"6bc5d32a":62,"27d8bf51":50,"805534ac":42,"a0cca8b7":40,"2ad42a9e":44,"4e5aaaec":40,"655954ba":47,"7fdc2007":45,"55928ef1":52,"053f3451":48,"619fda68":47,"cf9f4757":34,"cb142908":41,"00a17b46":45,"9aa6a054":42,"50c468ba":42,"fe44fc6f":53,"f905a555":43,"3a291497":43,"74c26380":44,"5f96c2bc":38,"dc03ebd2":63,"e865e4dd":49,"bf822e33":48,"394dc144":53,"97e75c19":57,"9d63c4dd":47,"ccf8b803":42,"650bb0e0":50,"66d94227":36,"be149c6f":50,"af034fee":41,"35aa7fd0":51,"61d4782d":44,"32133249":54,"5e09f69e":58,"c9efc8f6":53,"fd369c21":54,"ef1c2dcb":46,"5747db6e":51,"88b3bc99":44,"2180f99b":55,"2f455cce":44,"884b0ad1":46,"9c58dd76":56,"bad6cdb1":42,"a43061ee":41,"a5aee5de":57,"99d130c9":60,"2d382981":49,"c6e3d352":49,"b215547b":40,"a836aa93":49,"d9d7c4c2":56,"5f620a1e":58,"a3253019":48,"8e99d5d0":48,"65a00a3c":50,"014460b9":56,"36380d96":52,"24ffcbd3":57,"f76a3e83":55,"7043382d":50,"906632cb":37,"259930ee":49,"4279e829":59,"e62d705f":39,"0841052c":46,"dbd2f139":56,"58d46189":44,"381c68fa":52,"6ee92259":50,"677c6a09":65,"6775d5cd":40,"124fbe96":48,"fea793f5":46,"b3f19a69":45,"d929098e":40,"e8f173b5":42,"12dd6f5e":44,"d3e84616":49,"6143f39d":48,"945b63f0":68,"7732eb1e":64,"a6bcb07e":47,"263762cb":51,"32c9fc47":44,"5b60dd1d":53,"4ff2225d":46,"83086d4c":42,"05642105":45,"6085137f":33,"2d1e1e9d":43,"09f0db62":66,"ea9bba6b":40,"b935fc1c":43,"b7407bd3":45,"50312237":53,"358e45b1":57,"a533489b":53,"554ebb83":51,"06073f13":53,"d0e9a58e":42,"4295ce9a":56,"debe1f65":57,"bfad1727":48,"18d20aa1":48,"daab45c6":50,"4dac6b20":44,"2b3c49b9":49,"f5e8dfee":53,"478d2d4f":62,"e5b1abc6":45,"a0685bf3":60,"1bc0591f":57,"dd3913d2":42,"ba5c52af":50,"ac030e74":43,"2ce1af05":43,"53b4e647":60,"869cbaa0":56,"ae95f2ba":53,"4930f321":43,"0785820e":54,"fd6dcb20":39,"f5596d0f":53,"99e171db":48,"794f652b":42,"3454fa2b":50,"ccf8b803":43,"dcfaba4c":42,"b230e8d3":54,"2a387957":56,"9d63c4dd":48,"7af9d3b1":53,"b7cc7909":48,"f66616b7":39,"61d4782d":45,"36b7003c":59,"24a9fb86":50,"0681c48e":51,"d3a669ac":60,"1f7607df":30,"f271ed5d":47,"03c398d2":44,"792cfcbd":38,"6be9332a":47,"8eb64769":40,"35b58ef9":36,"9fc713b0":54,"812b4f15":50,"0a92153e":47,"1623fc9f":39,"f2086446":53,"8e99d5d0":49,"ca7d47f7":55,"06ee61b6":43,"7be025ce":47,"cb51f134":49,"d141db49":37,"168e75d9":44,"9f2b16a7":43,"e3547548":36,"2045d7d6":45,"fce3c5c6":44,"a4f1d83b":49,"467773ac":48,"0c043224":51,"40a745c0":50,"430a5db5":56,"c3e6ef01":60,"58d46189":45,"a472532e":46,"a15713c6":57,"49cb2959":48,"95904ac4":65,"731fc335":36,"d9d0c567":42,"012de09c":42,"ee75b607":49,"bec9d329":52,"d1d40c9c":58,"e0e48a2d":48,"3b2dee89":47,"ea4d3f3e":52,"124fbe96":49,"af0b61ab":51,"de6213c7":55,"2180f99b":56,"d1ca5d6b":56,"172217e5":49,"18815a1b":49,"7d6895f4":46,"b9a48a5c":39,"d2a841c9":40,"6d339d45":50,"cf84fb54":52,"a4dafea5":42,"e7e82473":60,"b36a0d66":30,"88a30343":54,"45fb95c1":50,"5678ed7b":63,"9a3cc55d":38,"3e082b37":44,"5410e9c6":54,"a77e127d":36,"2203f259":52,"82868763":47,"5781776a":52,"3a1b9af5":38,"cfe72ead":42,"06073f13":54,"82b81567":43,"08a4c3f8":48,"4ea4a2a1":60,"72b84094":59,"e2a7d915":51,"ab7467de":61,"9a80f004":44,"c650b434":53,"daab45c6":51,"f4343817":44,"2e99f8fd":39,"9a07d89b":48,"eb2e1983":44,"05f6ab35":47,"ba5c52af":51,"19551bad":43,"d78dd457":41,"9d023afb":56,"4d9b0b10":44,"53b4e647":61,"d83294cd":51,"ae95f2ba":54,"91536e85":53,"b9be31d6":44,"4f59a322":47,"08c6b5d2":46,"a983a6dc":45,"91d52a55":52,"50d129cf":42,"6adce358":50,"44a4f7cd":39,"5a0eb771":51,"5339e1e9":46,"35aa7fd0":52,"aec4e1bf":52,"64db4feb":50,"51f80f4c":54,"ed4fad08":53,"bc3dc66a":44,"f069bb07":54,"884b0ad1":47,"f94bf9ea":39,"5747db6e":52,"8657c79d":58,"b7832271":50,"ef1c2dcb":47,"39ba00f0":46,"23080895":41,"d8475b95":38,"ac62fac2":50,"27c8e038":54,"24d24fa3":45,"742f1425":48,"792cfcbd":39,"f33c0140":52,"f121b82c":53,"b215547b":41,"d9d7c4c2":57,"49b358bd":49,"704bce0d":50,"ba30e43a":54,"79f04300":42,"df2b4d87":51,"06ee61b6":44,"acac14fb":43,"a33fe0dd":54,"b320feb9":44,"5f620a1e":59,"19e9776f":58,"66497c7e":45,"655941a0":56,"58d46189":46,"0af920d8":35,"cd3bbe7e":56,"f883d582":40,"a901627e":41,"3f75d3bc":47,"69eeae0d":47,"71e53c93":54,"91f7ef72":47,"f789f6d8":58,"95904ac4":66,"ea4d3f3e":53,"7f6d1d0e":53,"d83870f5":52,"51a3e9c2":50,"bd2705b0":55,"79be29c8":45,"6ee92259":51,"ccdd1ce6":42,"06ddafc7":47,"cf50e84e":50,"17b08923":41,"b552beb3":43,"013ee301":55,"159ffd0b":23,"045f280d":53,"25635c37":45,"c95719e5":37,"e238f09b":47,"016953e4":58,"2c5c1dc0":40,"19f9ca86":59,"5410e9c6":55,"cd95f558":50,"25e0dd3d":55,"a0ce82b4":49,"7d112f4d":46,"18d20aa1":49,"b6ee137a":47,"efd23af5":51,"26dd2000":47,"9260d96b":57,"34658473":46,"9e878ec2":60,"82b81567":44,"be3a10f8":52,"e35a63cd":49,"7fdc2007":46,"70ee0491":39,"fef750ca":57,"4c0e547b":45,"2bcca6a7":65,"ae95f2ba":55,"c38c2b52":57,"9aa6a054":43,"ef14000f":50,"629800eb":55,"87083264":55,"608bc832":39,"08a4c3f8":49,"b9a48a5c":40,"4469c815":32,"6cba74ce":49,"15620dca":52,"8547fbc2":49,"9e206c95":60,"527ff946":52,"1d790491":51,"0f1ac912":34,"a9b1bd51":39,"6e98dfda":56,"97e75c19":58,"93fdbb44":40,"be149c6f":51,"8d04852b":48,"b230e8d3":55,"61d4782d":46,"c852d240":42,"71279c46":46,"5774ac0d":54,"2c627253":44,"22234d6b":53,"b5763ff6":41,"3e602573":34,"ac62fac2":51,"aa00769b":61,"43d87483":47,"f3a0c2ee":42,"a851891c":37,"a5676c24":49,"6023df54":46,"ec110282":49,"74c26380":45,"b28a5e67":53,"4b125e7b":55,"e8d74304":47,"704bce0d":51,"c7313e0a":54,"04ea5673":53,"fe578280":45,"88fa53d6":41,"c85a0d80":53,"a3253019":49,"014460b9":57,"24ffcbd3":58,"79f04300":43,"08a06557":63,"1e232870":51,"49b358bd":50,"5f620a1e":60,"4360a1a3":51,"0841052c":47,"0c0e98ea":40,"f883d582":41,"30d84dce":52,"110b1ee3":51,"74f234c6":44,"dfc89705":50,"2d382981":50,"804d4dfa":38,"a6626a13":39,"aaa274a5":47,"fb7482fe":45,"9fa62fee":51,"a6bcb07e":48,"a8871ddf":49,"ce4da56f":45,"f277386e":41,"d36125db":66,"49910300":46,"cf50e84e":51,"82868763":48,"f5cd79c1":44,"016953e4":59,"9a3cc55d":39,"578f6e9e":47,"2c5c1dc0":41,"df81ddee":39,"5c82d1ce":45,"3007f31f":43,"fb8bfb36":67,"20777945":47,"feb67030":39,"6b9eff39":43,"5270f158":45,"4258c176":45,"6ee92259":52,"ad2d7bed":48,"b0869206":51,"e4117b3b":36,"d815c5b4":57,"e35a63cd":50,"13b53c7a":48,"f5e8dfee":54,"7af262e5":50,"b87158fb":56,"c6dc900c":41,"eb2e1983":45,"9f74b8a4":48,"36fb15d2":46,"8f2a7d69":43,"08a4c3f8":50,"31f6d707":58,"0cb80f4a":50,"0ac825ed":50,"00554ffd":55,"b946e146":58,"eafbf9fb":54,"22176537":43,"d1715f3b":55,"0277d748":65,"140ce69e":52,"affb82bf":43,"f66616b7":40,"5a0eb771":52,"36684155":47,"a1921150":56,"1634789b":57,"088feee2":56,"c6c85783":47,"081460bf":42,"4911acad":37,"bfcb912a":54,"5eaa1581":49,"0ecfa1c9":47,"dcf85091":38,"69134f07":47,"fe578280":46,"88fa53d6":42,"2154b6e8":47,"79f04300":44,"c0b0f492":55,"9b172ca8":41,"104721f0":48,"719c8869":63,"2af60749":57,"0a92153e":48,"0f029727":46,"c4e70c07":49,"cc11fef9":53,"5cd3cfe0":36,"7cd0ad7b":59,"4f59a322":48,"869cbaa0":57,"e57d5cda":60,"8ac72326":46,"4930f321":44,"597c1f81":39,"83b2f9c5":56,"f3a0c2ee":43,"a15713c6":58,"f789f6d8":59,"69eeae0d":48,"3c0df8b4":49,"e865e4dd":50,"ad8f85d6":49,"61d4782d":47,"6867261a":42,"a6626a13":40,"2c627253":45,"ea822700":43,"88b3bc99":45,"6e851762":48,"f4726450":47,"5a07fc2e":49,"87ce8d1d":37,"a0bc1ceb":43,"dfc89705":51,"64a7f79f":38,"17807120":45,"0f72f2d8":49,"8cf83787":43,"e36dfd6f":44,"69f3bfcc":48,"59431390":47,"07fc4a9a":44,"2d1e1e9d":44,"e7e82473":61,"e45b4b53":41,"39bbc4bc":66,"b7434f57":42,"d70ca4f4":54,"b6591e25":46,"be40590d":49,"df81ddee":40,"ded7da5a":50,"6bc5d32a":63,"79e4fa1c":40,"20777945":48,"a851554d":60,"83086d4c":43,"e238f09b":48,"26f99a1e":49,"2882a956":54,"e0e48a2d":49,"124fbe96":50,"4652b09a":51,"d929098e":41,"5b5fc566":45,"1bb4ccc0":45,"2a76f1dd":38,"a66a2d8a":47,"7af262e5":51,"c510bfd3":56,"7bda83dd":50,"be3a10f8":53,"b102f7bd":59,"014bdff0":46,"f2470875":51,"3d1af513":53,"358e45b1":58,"50312237":54,"09560615":42,"25a7a0a3":50,"eafbf9fb":55,"172217e5":50,"15620dca":53,"ec2cb1af":56,"416a9e97":48,"99e171db":49,"f4b2f575":41,"794f652b":43,"23760167":39,"5d087c79":51,"ccf8b803":44,"c98d5272":48,"081460bf":43,"e0e6a097":41,"f1862e79":41,"8f2a7d69":44,"4ea4a2a1":61,"4eed1bea":56,"685207b3":54,"3498f223":43,"b215547b":42,"7043382d":51,"be2955bb":49,"caddd0a7":55,"04ea5673":54,"a4296d1e":51,"acac14fb":44,"14c682eb":42,"4577b333":53,"5be594be":53,"b7505747":51,"a33fe0dd":55,"07f98660":59,"1dad0f99":44,"7fb4c521":48,"30b6808c":48,"7e95c5a0":40,"4d9b0b10":45,"385ab7c6":47,"a901627e":42,"906fdec3":41,"71ba7561":49,"db8ba455":56,"4abb7aed":44,"da04caac":51,"6e44927f":36,"a47abfbb":44,"c64de0c0":39,"2132fe93":55,"6867261a":43,"24a9fb86":51,"8d04852b":49,"de6213c7":56,"383e232d":43,"70c1e715":50,"88b3bc99":46,"2c01e624":48,"1f7607df":31,"4bcd4a30":60,"26c6fa34":45,"b6aaf976":56,"74e01f6a":51,"eed20185":50,"aefe13f5":57,"468fc85c":53,"a636f4c9":63,"d36125db":67,"45fb95c1":51,"1be05c14":37,"142d6987":53,"b6591e25":47,"180377be":46,"5272520d":51,"66b7b5b4":38,"66497c7e":46,"9d4da635":39,"72b84094":60,"e2a7d915":52,"6bc5d32a":64,"95bc84f1":42,"1db42092":57,"d815c5b4":58,"37d0cae2":47,"d1d40c9c":59,"ee21ad02":51,"d83870f5":53,"1757a30e":40,"00cf385d":58,"2352c8ef":45,"7af262e5":52,"20958d58":44,"70ee0491":40,"2a4a402a":47
1604737475915,"8721056e":38,"dfcc2ad1":53,"e8f173b5":43,"b36a0d66":31,"0b3283c9":47,"095ab3b4":39,"5099c6a0":61,"971675c5":55,"09ff339a":39,"d599b566":63,"12012fbd":52,"558d5ce7":58,"22176537":44,"f87c5031":41,"ccdd1ce6":43,"d1715f3b":56,"fd6dcb20":40,"f2364460":59,"48efc739":56,"e99318a3":35,"bf822e33":49,"5339e1e9":47,"088feee2":57,"5f7d7195":45,"c7ab83c1":43,"b4fdf90e":46,"1ff8c2fc":55,"4f5e3e7d":44,"d0e9a58e":43,"f1862e79":42,"d102b0c6":39,"06073f13":55,"c455f40e":37,"c45d554f":49,"4295ce9a":57,"70594a28":48,"c4feee5b":48,"6b78ad7f":55,"9b172ca8":42,"0dad37d5":45,"34c5c729":41,"805af3c7":46,"43d87483":48,"629800eb":56,"619fda68":48,"053f3451":49,"0785820e":55,"056ea7ff":47,"ef14000f":51,"a0cf08b3":44,"49cb2959":49,"d5dae4c4":48,"6023df54":47,"537634c9":41,"906fdec3":42,"ae016053":53,"7af9d3b1":54,"6df0b2e8":68,"deb31f35":57,"2132fe93":56,"47cfba38":48,"03b4ab60":49,"51f80f4c":55,"4bcd4a30":61,"2d54e0a8":41,"bca2d7cd":45,"911e770b":40,"2a06ab95":55,"70c1e715":51,"a625328f":51,"064a99c8":45,"ad8f85d6":50,"dfc89705":52,"cac4449a":37,"03dcfa3d":49,"3e602573":35,"f1098793":52,"168e75d9":45,"4577b333":54,"f2086446":54,"014460b9":58,"7e76c93c":51,"638cb163":68,"30c5d755":53,"6f81493d":47,"b5ce0c0c":51,"cf1124db":42,"0d5ee801":46,"61f25dd4":55,"db703021":43,"c3e6ef01":61,"381c68fa":53,"1f88a4b7":51,"6ee92259":53,"f0a06216":50,"7ee7621c":44,"b3f19a69":46,"fea793f5":47,"4652b09a":52,"00cf385d":59,"fe8f3d36":43,"92ca52b7":48,"a8c93bed":49,"20958d58":45,"7fdc2007":47,"55928ef1":53,"90731976":44,"e36dfd6f":45,"de36827b":61,"e7e82473":62,"2c5c1dc0":42,"bc021def":57,"88432019":49,"2dda3936":43,"6143f39d":49,"3661e12d":45,"ec2cb1af":57,"51f57142":50,"91d52a55":53,"77bae750":38,"84369269":47,"88a30343":55,"f6fe095d":62,"b84a06eb":50,"3a204e56":53,"8dc9b4db":53,"1da771fb":45,"8274885a":50,"60e855ee":47,"408bb2ed":41,"d0e9a58e":44,"379184a7":59,"3d1af513":54,"02d4753e":56,"0ac825ed":51,"cfe72ead":43,"f734c84c":60,"a0ce82b4":50,"26dd2000":48,"3ef7432b":51,"5fa12feb":45,"913a6226":49,"8f9b74b0":36,"470d50c2":44,"0f89862c":45,"43d87483":49,"7566fdd6":48,"2ce1af05":44,"753ca352":39,"621d6b18":54,"4930f321":45,"4d9b0b10":46,"69eeae0d":49,"7ae34c64":48,"45b5746e":49,"cf1b8c47":47,"fd482491":51,"7c0a2db6":55,"f3a0c2ee":44,"c67979e6":55,"04643409":50,"650bb0e0":51,"449d8475":46,"c4bff41f":41,"081460bf":44,"13747b82":48,"40860a4b":38,"bfcb912a":55,"64db4feb":51,"f94bf9ea":40,"a6626a13":41,"f069bb07":55,"eb7b4e29":45,"8657c79d":59,"e58b26f6":41,"fb7482fe":46,"d3a669ac":61,"87ce8d1d":38,"4cc141fa":40,"48655f09":58,"d82592f4":48,"2c24d929":54,"bc392d1c":41,"b2bd8fd3":46,"6fb4cdda":54,"9f2b16a7":44,"f76a3e83":56,"a4296d1e":52,"fce3c5c6":45,"e0154608":37,"4def63ee":39,"79f04300":45,"b320feb9":45,"57167c74":47,"ea6de194":44,"74f234c6":45,"ca7d47f7":56,"a81a857c":50,"7a9344a4":55,"110b1ee3":52,"40a745c0":51,"9316e7e8":34,"8942c35b":49,"b6591e25":48,"124fbe96":51,"bd2705b0":56,"87c462ee":47,"1c0a9eff":47,"1bb4ccc0":46,"16b476e9":44,"51a3e9c2":51,"b8488fc8":48,"2bcca6a7":66,"e0f7679f":49,"6291e9e9":49,"9de29816":44,"9c045c61":52,"ac38a6a5":52,"15620dca":54,"f3d68430":53,"b9a48a5c":41,"9e206c95":61,"8298e976":50,"a6bcb07e":49,"6c73ae98":52,"28d41578":45,"d9dcdc4b":58,"263762cb":52,"b1f58563":46,"004f1ef3":56,"77d35808":48,"d599b566":64,"8dc9b4db":54,"c0b7e7d7":45,"08a4c3f8":51,"4f5e3e7d":45,"6585adbe":40,"c7c4ec5c":38,"358e45b1":59,"d33790a2":52,"b8397293":47,"3007f31f":44,"ded7da5a":51,"c455f40e":38,"4295ce9a":58,"6bc5d32a":65,"7b6a7048":56,"261c9911":55,"13b53c7a":49,"ba5c52af":52,"c510bfd3":57,"6c486702":58,"33d6bb6a":45,"e57d5cda":61,"7a840529":29,"597c1f81":40,"2ce1af05":45,"7566fdd6":49,"d83294cd":52,"cc5a1d47":44,"3c0df8b4":50,"fafb4cc2":68,"7ae34c64":49,"345c9967":47,"2dd0e808":53,"5f7d7195":46,"6adce358":51,"9d63c4dd":49,"7e15f8e8":54,"794f652b":44,"84369269":48,"5957df9e":51,"72805bf5":42,"61d4782d":48,"5f6613c8":46,"bc3dc66a":45,"162a7348":50,"5e09f69e":59,"6632fed0":54,"0fc5ac7e":60,"d0d6acb1":47,"5747db6e":53,"284544ba":54,"d3a669ac":62,"2a06ab95":56,"98915a1f":41,"bad6cdb1":43,"a0b03218":61,"458dcc3d":51,"e6fac295":44,"56473430":51,"5f0c1b9d":58,"1757a30e":41,"ea4d3f3e":54,"abad2347":47,"bf30a08f":59,"4652b09a":53,"04cc7cbe":43,"bc392d1c":42,"742f1425":49,"217c0327":34,"9de29816":45,"6d5fcd4c":45,"a77e8461":36,"2cb29e5a":54,"6143f39d":50,"0277d748":66,"c4feee5b":49,"1247fa52":52,"754f98c9":52,"79f04300":46,"288d171f":46,"e1571af7":52,"014460b9":59,"8e99d5d0":50,"868cda42":40,"f3992a31":52,"f8b31ce5":63,"4777334c":47,"ce3bf5db":41,"56d315d8":40,"58d46189":47,"e786063b":49,"30dbfc69":47,"1e7753d9":61,"f883d582":42,"66497c7e":47,"5cd3cfe0":37,"b36a0d66":32,"03c398d2":45,"8e4c33d2":48,"1f88a4b7":52,"3a204e56":54,"6291e9e9":50,"014bdff0":47,"05642105":46,"004f1ef3":57,"66554572":40,"2203f259":53,"6b79fec2":40,"489a39f7":40,"67f6e4f2":51,"45fb95c1":52,"ef16ca37":46,"eda6a690":43,"b377a62a":38,"4ba6eb36":47,"02d4753e":57,"0ac825ed":52,"379184a7":60,"51a3e9c2":52,"062179c1":46,"9a3ab0b8":37,"8f10fa42":50,"5f4102da":51,"30c184b8":43,"2352c8ef":46,"8007f30e":38,"10ec5a0b":49,"0785820e":56,"a0ce82b4":51,"07107f6e":50,"201cafad":38,"20777945":49,"e21c6207":45,"7bebff03":41,"2209903e":50,"2b3e4717":49,"66d94227":37,"789bd484":47,"a983a6dc":46,"5f7d7195":47,"90d52475":49,"be149c6f":52,"bda8cdfb":53,"aec4e1bf":53,"a6626a13":42,"f94bf9ea":41,"911e770b":41,"162a7348":51,"081460bf":45,"be1746a0":32,"d82592f4":49,"a0bc1ceb":44,"3e602573":36,"01cd8099":52,"cbad3b92":63,"6be9332a":48,"fd482491":52,"abc1d7ad":52,"ae95f2ba":56,"621d6b18":55,"f789f6d8":60,"b73e789c":43,"3a291497":44,"9c29f0ed":53,"4abb7aed":45,"2dd0e808":54,"869cbaa0":58,"d8e58a8c":57,"cb4f262b":54,"20811ddf":44,"bec9d329":53,"54d7de6b":53,"d929098e":42,"5eab91a0":52,"9b172ca8":43,"4b4ecbce":47,"c382f054":44,"1623fc9f":40,"79f04300":47,"259930ee":50,"d548635d":42,"04ea5673":55,"56d315d8":41,"972f4174":57,"7e76c93c":52,"4279e829":60,"aa021138":58,"bd984a8e":39,"5272520d":52,"fbdffc95":38,"110b1ee3":53,"9e65c0ef":44,"0d5ee801":47,"94a2fe10":57,"5ccf94d6":47,"013ee301":56,"84b767be":57,"dd7acb96":53,"17446892":40,"8cddb65e":53,"ef1c2dcb":48,"6a3eaf43":42,"9ab755d3":46,"8547fbc2":50,"22ecaed0":43,"49902219":52,"f87c5031":42,"ec2cb1af":58,"15620dca":55,"a63bddd4":57,"a24e6670":55,"95bc84f1":43,"8d753bb6":40,"a4dafea5":43,"b2703001":45,"d6db2b02":55,"f1dffa24":38,"0b3283c9":48,"5b60dd1d":54,"71ff66e8":41,"004f1ef3":58,"c0b7e7d7":46,"1951480c":54,"9e878ec2":61,"7a2f3f06":44,"a533489b":54,"4f5e3e7d":46,"de11eb19":61,"8d000d6e":46,"c4aa1e38":43,"1a442bc7":46,"f2e3c0e3":44,"25a2844e":48,"19551bad":44,"f67de058":37,"7bda83dd":51,"b102f7bd":60,"fee32863":44,"d4ee22a4":53,"76f94eda":49,"8fb236a9":47,"056ea7ff":48,"b9be31d6":45,"385ab7c6":48,"30b6808c":49,"5a622a23":48,"5fa12feb":46,"7d112f4d":47,"913a6226":50,"ab7467de":62,"7bebff03":42,"805534ac":43,"789bd484":48,"48efc739":57,"ce3407dd":44,"91d52a55":54,"4ed01268":43,"b8ab8e6e":46,"47d27624":51,"dcfaba4c":43,"bb8a6337":39,"a1370ab0":51,"a2c334e7":62,"e9a8cf11":50,"deb31f35":58,"47cfba38":49,"ea822700":44,"70bc8325":44,"383e232d":44,"70c1e715":52,"6751d8e4":58,"50c3164b":57,"778c95e9":46,"48655f09":59,"6ebe2354":38,"a543ec74":50,"4febf7c5":55,"804d4dfa":39,"2d382981":51,"52eca0dc":47,"195eb771":49,"d9d0c567":43,"42cd2360":41,"1d44aff3":54,"3a291497":45,"012de09c":43,"5eab91a0":53,"fea793f5":48,"935ec056":40,"2198ba8e":47,"5e193fc8":52,"501db4de":49,"9f2b16a7":45,"696fdac5":51,"3498f223":44,"6fb4cdda":55,"f33c0140":53,"8f13c203":41,"c7636527":48,"ba30e43a":55,"f8b31ce5":64,"467773ac":49,"d6f0d94a":41,"c0b0f492":56,"142d6987":54,"61f25dd4":56,"ea6de194":45,"d634aa28":58,"7cd0ad7b":60,"655941a0":57,"3f9b5722":35,"12dd6f5e":45,"d1715f3b":57,"eafbf9fb":56,"51f57142":51,"4469c815":33,"2cb29e5a":55,"546f6845":55,"e81834aa":53,"8aa78e2f":47,"11888cfa":48,"0b5a0408":45,"1db42092":58,"bbe71605":43,"49910300":47,"42191b64":41,"b769bdfb":55,"3f2522c2":52,"f1dffa24":39,"2c5c1dc0":43,"eda6a690":44,"f2470875":52,"608bc832":40,"336d0f08":52,"b4fdf90e":47,"ad2d7bed":49,"bec9d329":54,"20811ddf":45,"2882a956":55,"7af262e5":53,"a66a2d8a":48,"ec11fe5f":50,"a0685bf3":61,"c463799d":55,"c510bfd3":58,"f67de058":38,"93b9fae6":45,"385ab7c6":49,"00a17b46":46,"cc5a1d47":45,"c8113b77":50,"6f0fcb9d":58,"b2a8761b":45,"fe0df575":51,"8c6e001f":34,"547903ef":51,"201cafad":39,"7d112f4d":48,"70594a28":49,"21ad2f34":44,"0a96f57a":59,"a0ce82b4":52,"a1921150":57,"5339e1e9":48,"99e171db":50,"1b881e6e":54,"04643409":51,"b8ab8e6e":47,"9d9dd9e5":46,"0ecfa1c9":48,"13747b82":49,"03b4ab60":50,"57d5dee8":50,"c9efc8f6":54,"4911acad":38,"5774ac0d":55,"dd7acb96":54,"3062379b":32,"3c6692a3":53,"1f342a00":57,"10ec5a0b":50,"9aa6a054":44,"7896b953":45,"d5dae4c4":49,"69eeae0d":50,"da04caac":52,"43bc86e3":49,"74c26380":46,"a851891c":38,"4b4ef7fa":53,"f1098793":53,"2c24d929":55,"c609739e":50,"946df4fd":44,"73b15e04":47,"04612878":51,"470d50c2":45,"53431634":65,"b215547b":43,"5e193fc8":53,"ab7d4c9a":44,"168e75d9":46,"e0154608":38,"0a2f71bc":41,"e32524d6":50,"c015ec5a":48,"014460b9":60,"93683c82":51,"638cb163":69,"751bcf25":43,"30c5d755":54,"0841052c":48,"65a00a3c":51,"4360a1a3":52,"a4f1d83b":50,"c3e6ef01":62,"906632cb":38,"e58b26f6":42,"d0d6acb1":48,"b947257e":54,"18815a1b":50,"d3e84616":50,"49902219":53,"1d153b20":46,"f3d68430":54,"affb82bf":44,"1db42092":59,"a24e6670":56,"a3d4a0e5":56,"820225e4":37,"f044c0e1":40,"489a39f7":41,"1138796e":47,"a58bf525":46,"c318d350":52,"27f52ed3":62,"25635c37":46,"d599b566":65,"095ab3b4":40,"fe1d4419":53,"7ee7621c":45,"bd2705b0":57,"6841f77e":58,"5b5fc566":46,"3b2dee89":48,"2882a956":56,"e6ec8cbf":59,"f67de058":39,"c463799d":56,"78b97937":49,"70ee0491":41,"d78dd457":42,"05f6ab35":48,"fe8f3d36":44,"00a17b46":47,"7566fdd6":50,"d7cb9bcf":43,"fe0df575":52,"36fb15d2":47,"72b84094":61,"4e5aaaec":41,"8f9b74b0":37,"44ff8baa":40,"fb8bfb36":68,"7bebff03":43,"bc09fa9e":44,"7a2f3f06":45,"d0c0fc08":48,"6f0fcb9d":59,"b4fdf90e":48,"8f2a7d69":45,"09560615":43,"31d74eee":46,"faf3ed07":47,"8ec3834d":46,"36b7003c":60,"a1921150":58,"bf822e33":50,"c98d5272":49,"74e3d13e":48,"deb31f35":59,"081460bf":46,"47cfba38":50,"42c80e69":52,"f94bf9ea":42,"7af9d3b1":55,"6a5b71b4":59,"ae95f2ba":57,"ac030e74":44,"0785820e":57,"7c0a2db6":56,"52eca0dc":48,"313258f2":46,"810aa5e9":47,"1d44aff3":55,"2c6cb96f":40,"dd035d2a":45,"2198ba8e":48,"13f0e139":47,"cf52025e":35,"cb51f134":50,"f3992a31":53,"9267f0ef":59,"79f04300":48,"c0fea118":46,"f2086446":55,"c85a0d80":54,"65a00a3c":52,"3bad3c95":37,"25776fc4":56,"57167c74":48,"74f234c6":46,"14c682eb":43,"4577b333":55,"3b690f68":52,"3fdb08f5":38,"059d6c19":62,"0c043224":52,"f883d582":43,"6e24d88b":51,"1f11812e":45,"87ce8d1d":39,"d8475b95":39,"56752a4a":45,"bad6cdb1":44,"2180f99b":57,"f069bb07":56,"272c7672":44,"50c3164b":58,"d1ca5d6b":57,"3062379b":33,"1f342a00":58,"ef8321d8":43,"8cf83787":44,"f5829ac0":46,"05642105":47,"11888cfa":49,"bab97de3":58,"cf84fb54":53,"820225e4":38,"2c5c1dc0":44,"87c462ee":48,"f56ac638":43,"0d770b97":55,"730a4938":53,"d83870f5":54,"9cb4697f":51,"b3f19a69":47,"82204d54":48,"55928ef1":54,"c463799d":57,"9d023afb":57,"e35a63cd":51,"1105f790":54,"fead11cf":45,"5781776a":53,"317c1591":44,"095ab3b4":41,"016953e4":60,"8dc9b4db":55,"2b3c49b9":50,"7b6a7048":57,"7d112f4d":49,"4295ce9a":59,"21e10a2b":37,"25e0dd3d":56,"2209903e":51,"09f0db62":67,"6585adbe":41,"9260d96b":58,"3652bd66":43,"8c6e001f":35,"b4fdf90e":49,"0ac825ed":53,"21ee2afe":56,"53a8613c":55,"eafbf9fb":57,"2dda3936":44,"36d340f2":50,"3661e12d":46,"aff8e442":44,"815e4582":50,"cb6c9e42":63,"faf3ed07":48,"527ff946":53,"1634789b":58,"8ec3834d":47,"be149c6f":53,"540df50f":53,"0ecfa1c9":49,"181c3dd5":49,"9b3f8714":46,"24a9fb86":52,"081460bf":47,"a533489b":55,"30b6808c":50,"f1df62b4":46,"c38c2b52":58,"a06a6430":44,"b73e789c":44,"7566fdd6":51,"619fda68":49,"db8ba455":57,"b28a5e67":54,"3c0df8b4":51,"00a481e3":47,"45b5746e":50,"fd482491":53,"d5dae4c4":50,"efe84c27":40,"cb51f134":51,"acac14fb":45,"0dad37d5":46,"4c4aa2e2":50,"168e75d9":47,"6b78ad7f":56,"f8b31ce5":65,"014460b9":61,"ba30e43a":56,"ce3bf5db":42,"26ed1a5c":48,"4360a1a3":53,"2045d7d6":46,"1c3a30c5":47,"ac62fac2":52,"c0e2624b":44,"9147702f":43,"7e991ab9":37,"884b0ad1":48,"2d54e0a8":42,"50c3164b":59,"eb7b4e29":46,"aefe13f5":58,"eed20185":51,"6be9332a":49,"8eb64769":41,"dd1fcb17":49,"11888cfa":50,"e7e82473":63,"69f3bfcc":49,"6db0ea86":45,"6d802fa2":42,"54d7de6b":54,"abad2347":48,"fea793f5":49,"5eab91a0":54,"7735c3c2":40,"1757a30e":42,"ee21ad02":52,"a8c93bed":50,"8721056e":39,"8f10fa42":51,"78467b8a":51,"dfcc2ad1":54,"8063df14":46,"6a7392d5":42,"49910300":48,"28d41578":46,"8274885a":51,"312f7676":49,"836701f6":40,"c95719e5":38,"71ff66e8":42,"d9f512b9":53,"0d5ee801":48,"3b690f68":53,"ffc86f94":43,"1f11812e":46,"c2bb8aae":47,"61f25dd4":57,"2b3c49b9":51,"7e8e1c3d":48,"4eed1bea":57,"4295ce9a":60,"21e10a2b":38,"547903ef":52,"51c57542":50,"014bdff0":48,"fe1d4419":54,"25a7a0a3":51,"d3e84616":51,"53a8613c":56,"6d5fcd4c":46,"f87c5031":43,"b9a48a5c":42,"416a9e97":49,"449d8475":47,"5a0eb771":53,"1b881e6e":55,"8ec3834d":48,"6adce358":52,"9d63c4dd":50,"b88033fd":54,"5a734022":47,"35aa7fd0":53,"c4bff41f":42,"c64de0c0":40,"de11eb19":62,"67f6e4f2":52,"d0b297b2":42,"a533489b":56,"b4fdf90e":50,"608bc832":41,"7ae3fc50":51,"87083264":56,"0bfabf48":49,"a85d89cc":51,"ae95f2ba":58,"93b9fae6":46,"c803b4a3":48,"621d6b18":56,"49cb2959":50,"f3a0c2ee":45,"28654c76":62,"195eb771":50,"f789f6d8":61,"e865e4dd":51,"cf1b8c47":48,"c21ab51e":40,"5be594be":54,"c85a0d80":55,"c4feee5b":50,"6b78ad7f":57,"34c5c729":42,"1e232870":52,"aa021138":59,"e5d3655c":52,"44c77422":55,"0d5ee801":49,"0681c48e":52,"bc3dc66a":46,"1ed46298":58,"6751d8e4":59,"aaa274a5":48,"7db3edda":54,"88b3bc99":47,"f271ed5d":48,"50c3164b":60,"c793cdda":45,"17807120":46,"a636f4c9":64,"e8d74304":48,"cac4449a":38,"24d24fa3":46,"2c24d929":56,"71bc1295":54,"d4d5f466":51,"87c462ee":49,"a502c93c":48,"6c20c153":45,"67d30f2b":51,"bec9d329":55,"d815c5b4":59,"eebc8d43":45,"2bcca6a7":67,"8f10fa42":52,"6c524f99":38,"cf84fb54":54,"a4dafea5":44,"06ddafc7":48,"a3d4a0e5":57,"1f88a4b7":53,"7732eb1e":65,"b36a0d66":33,"26ed1a5c":49,"7e76c93c":53,"30dbfc69":48,"0b959527":44
1604737477201,"9b546d65":44,"4c0e547b":46,"eb2e1983":46,"bb98a6cf":65,"868cda42":41,"0af920d8":36,"2045d7d6":47,"906632cb":39,"1f11812e":47,"e2cbe594":45,"9a80f004":45,"913a6226":51,"44ff8baa":41,"6490bac6":48,"53747a91":59,"0d7d88f1":41,"f1df62b4":47,"77bfed7e":49,"cc5a1d47":46,"b73e789c":45,"95539a58":37,"00a17b46":48,"fafb4cc2":69,"345c9967":48,"abc1d7ad":53,"d8e58a8c":58,"810aa5e9":48,"7ae34c64":50,"a472532e":47,"f734c84c":61,"f3992a31":54,"1a2c020b":49,"e0154608":39,"69d4b754":43,"77300e4a":47,"b3863630":43,"655954ba":48,"6841f77e":59,"175bc6b2":43,"9c045c61":53,"4469c815":34,"ac38a6a5":53,"7080f122":37,"eeaa2d46":48,"e9adbe58":39,"449d8475":48,"bad1a1cc":44,"48efc739":58,"e15fd611":42,"0670c466":48,"a9b1bd51":40,"5d087c79":52,"a1370ab0":52,"04bef50c":31,"9d4f1fe6":37,"e0e48a2d":50,"51a3e9c2":53,"00cf385d":60,"c0b23081":53,"05f6ab35":49,"8721056e":40,"a0685bf3":62,"bd62d7ed":42,"a66a2d8a":49,"b87158fb":57,"1bc0591f":58,"c8fcad77":45,"57167c74":49,"1a2ec5d7":56,"08a06557":64,"66b7b5b4":39,"1623fc9f":41,"30dbfc69":49,"0f029727":47,"e62d705f":40,"a577db1c":42,"ea6de194":46,"0af920d8":37,"61f25dd4":58,"381c68fa":54,"2b3c49b9":52,"f9f2c53f":47,"ae95f2ba":59,"0785820e":58,"7a840529":30,"91536e85":54,"081460bf":48,"dcfaba4c":44,"c64de0c0":41,"deb31f35":60,"32133249":55,"4125085e":54,"39ba00f0":47,"2180f99b":58,"84b767be":58,"508aac3d":48,"8cd78f77":61,"b947257e":55,"22234d6b":54,"87cd2add":43,"77bfed7e":50,"619fda68":50,"971675c5":56,"42191b64":42,"83086d4c":44,"312f7676":50,"d599b566":66,"6b79fec2":41,"1da771fb":46,"b4fdf90e":51,"fe0df575":53,"5acaa06f":35,"02d4753e":58,"332820ce":50,"71e53c93":55,"3101354b":44,"ae016053":54,"1d44aff3":56,"cf1b8c47":49,"49cb2959":51,"43bc86e3":50,"5fa12feb":47,"77898c22":44,"8f9b74b0":38,"bc09fa9e":45,"daab45c6":52,"80a8a56d":50,"a836aa93":50,"fe578280":47,"2e3503e4":46,"9e206c95":62,"175bc6b2":44,"3661e12d":47,"558d5ce7":59,"172217e5":51,"22176537":45,"ac38a6a5":54,"5d087c79":53,"a983a6dc":47,"faf3ed07":49,"23760167":40,"f2364460":60,"254cc28c":56,"fea793f5":50,"5ee911b5":47,"1ff8c2fc":56,"2198ba8e":49,"468fc85c":54,"99d130c9":61,"9cb4697f":52,"d1d40c9c":60,"04bef50c":32,"e382ec3f":44,"bec9d329":56,"54d7de6b":55,"6a7392d5":43,"20958d58":46,"92ca52b7":49,"8721056e":41,"dc0c8b09":54,"5f4102da":52,"4c0e547b":47,"79f04300":49,"972f4174":58,"c0fea118":47,"0b959527":45,"b320feb9":46,"caddd0a7":56,"5ab7bc35":54,"3b690f68":54,"e786063b":50,"381c68fa":55,"fbdffc95":39,"94a2fe10":58,"0d5ee801":50,"ffc86f94":44,"8942c35b":50,"31408822":45,"902f49f5":51,"ef14000f":52,"7566fdd6":52,"93b9fae6":47,"f1df62b4":48,"5339e1e9":49,"ed4fad08":54,"32133249":56,"57d5dee8":51,"6df0b2e8":69,"9f5e6cba":56,"162a7348":52,"b35bb8a1":39,"aec074c4":58,"f271ed5d":49,"835358a0":38,"88b3bc99":48,"72d7b461":48,"2c627253":46,"3062379b":34,"af7e5be8":49,"869cbaa0":59,"9aa6a054":45,"b2bd8fd3":47,"35b58ef9":37,"87922532":51,"03dcfa3d":50,"868edcc0":50,"07fc4a9a":45,"11888cfa":51,"49910300":49,"59431390":48,"5623817d":51,"4945c851":61,"95d3d348":47,"0d2c95fe":44,"ea9bba6b":41,"d5dae4c4":51,"345c9967":49,"8a165e17":48,"3101354b":45,"69eeae0d":51,"56473430":52,"fd482491":54,"cd421290":50,"26dd2000":49,"21ad2f34":45,"fb8bfb36":69,"9d0546ac":49,"b6ee137a":48,"bfad1727":49,"08c6b5d2":47,"d2a841c9":41,"8cc4a982":41,"bc021def":58,"21ee2afe":57,"ac38a6a5":55,"7080f122":38,"50d129cf":43,"60e855ee":48,"fa55f27a":57,"45b038bb":66,"0b3283c9":49,"014bdff0":49,"9e878ec2":62,"f6fe095d":63,"288afc30":43,"ef16ca37":47,"02d4753e":59,"5f8517b7":65,"ee75b607":50,"00cf385d":61,"1a442bc7":47,"7ee7621c":46,"d4d5f466":52,"0d770b97":56,"e4117b3b":37,"82204d54":49,"5f4102da":53,"9b546d65":45,"2bcca6a7":68,"9a3ab0b8":38,"733c86f8":42,"e5b1abc6":46,"685207b3":55,"1a2c020b":50,"a3253019":50,"b215547b":44,"d34a29b9":53,"8e99d5d0":51,"d548635d":43,"fbdffc95":40,"44c77422":56,"04ea5673":56,"e5d3655c":53,"9d4da635":40,"4c39240e":46,"92f800f5":45,"142d6987":55,"66497c7e":48,"caddd0a7":57,"b7434f57":43,"74f234c6":47,"30fdcd3b":44,"0841052c":49,"25d1b2d8":52,"815e4582":51,"2b3e4717":50,"c6c85783":48,"bda8cdfb":54,"a1921150":59,"7af9d3b1":56,"d6d61bfc":59,"8d04852b":50,"17446892":41,"af034fee":42,"5774ac0d":56,"51f80f4c":56,"bca2d7cd":46,"8cd78f77":62,"d552eb2f":41,"6e851762":49,"e58b26f6":43,"1dad0f99":45,"0785820e":59,"2b698053":43,"619fda68":51,"056ea7ff":49,"87cd2add":44,"aa00769b":62,"ae8a09c4":51,"a636f4c9":65,"26c6fa34":46,"13f0e139":48,"b460f030":58,"742f1425":50,"3310a049":57,"7732eb1e":66,"26009d3f":53,"66554572":41,"f5829ac0":47,"263762cb":53,"2c5c1dc0":45,"b552beb3":44,"ffa08d82":50,"6e44927f":37,"1d44aff3":57,"f905a555":44,"45b5746e":51,"71e53c93":56,"313258f2":47,"07107f6e":51,"e2a7d915":53,"7e8e1c3d":49,"8f9b74b0":39,"c8dc010f":50,"a0cca8b7":41,"a851554d":61,"ae016053":55,"911e770b":42,"d0d6acb1":49,"be4f8ba8":43,"f2ca27d9":45,"53a8613c":57,"f5596d0f":54,"f3d68430":55,"6d5fcd4c":47,"8dd2684c":52,"014bdff0":50,"59431390":49,"2203f259":54,"a77e127d":37,"b35e9e1a":74,"95d3d348":48,"8274885a":52,"8c6e001f":36,"332820ce":51,"7a2f3f06":46,"f1862e79":43,"e0e6a097":42,"5ee911b5":48,"37d0cae2":48,"5acce642":54,"4b125e7b":56,"bb00e71c":44,"7735c3c2":41,"d4d5f466":53,"93b0a158":49,"0e2b5d2f":47,"be3a10f8":54,"685207b3":56,"0a92153e":49,"f598a332":55,"c0fea118":48,"104721f0":49,"4c4aa2e2":51,"acac14fb":46,"9e65c0ef":45,"7043382d":52,"4c39240e":47,"0841052c":50,"4577b333":56,"0c043224":53,"5f620a1e":61,"37a7d5b0":51,"5272520d":53,"57167c74":50,"dbd2f139":57,"0af920d8":38,"8db62558":49,"cd3bbe7e":57,"9a3ab0b8":39,"b102f7bd":61,"afe8e06a":39,"a567ace4":49,"6c486702":59,"5d087c79":54,"7e15f8e8":55,"5a0eb771":54,"aff8e442":45,"84369269":49,"50d129cf":44,"cf775f58":49,"0681c48e":53,"13747b82":50,"c4bff41f":43,"a2c334e7":63,"5774ac0d":57,"162a7348":53,"17446892":42,"72d7b461":49,"d744bee2":46,"4f59a322":49,"629800eb":57,"48655f09":60,"03c398d2":46,"e6fac295":45,"12271e14":48,"17807120":47,"a43061ee":42,"eed20185":52,"3310a049":58,"820225e4":39,"b84a06eb":51,"1438fad7":53,"a6bcb07e":50,"c803b4a3":49,"6a5b71b4":60,"b73e789c":46,"4930f321":46,"6f39f4d9":63,"313258f2":48,"3007f31f":45,"93e8cee5":56,"7d112f4d":50,"0a96f57a":60,"21e10a2b":39,"fb8bfb36":70,"5a622a23":49,"f905a555":45,"d9a64845":38,"5f0c1b9d":59,"a851891c":39,"3101354b":46,"3f75d3bc":48,"911e770b":43,"3062379b":35,"6a3eaf43":43,"fb7482fe":47,"f4726450":48,"22ecaed0":44,"f2f58418":43,"546f6845":56,"7d6895f4":47,"4d35385e":43,"4ff2225d":47,"045f280d":54,"e238f09b":49,"42191b64":43,"19f9ca86":60,"ea9bba6b":42,"d1676e89":54,"27f52ed3":63,"71ff66e8":43,"5ee911b5":49,"40569362":51,"7a6aa4b6":53,"67f6e4f2":53,"fa55f27a":58,"d33790a2":53,"5a0ead91":35,"6841f77e":60,"4b125e7b":57,"ea4d3f3e":55,"16b476e9":45,"1c0a9eff":48,"104721f0":50,"9f2b16a7":46,"fe578280":48,"b2c25d1c":49,"9b172ca8":44,"69d4b754":44,"0a92153e":50,"e1571af7":53,"8f13c203":42,"88fa53d6":43,"e786063b":51,"08a06557":65,"381c68fa":56,"e5d3655c":54,"fce3c5c6":46,"74f234c6":48,"ddec9e54":42,"40a745c0":52,"b6591e25":49,"11b74e63":44,"8bc04eb5":41,"cfafcda8":48,"eebc8d43":46,"831c7b85":50,"9a07d89b":49,"623c6a31":49,"af157d29":55,"c6c85783":49,"ccf8b803":45,"bad1a1cc":45,"93fdbb44":41,"37fbb107":53,"0670c466":49,"36b7003c":61,"c4bff41f":44,"a2c334e7":64,"227006e4":49,"5eaa1581":50,"ed4fad08":55,"3c18f28e":46,"2132fe93":57,"6c524f99":39,"c510bfd3":59,"05f6ab35":50,"b460f030":59,"01cd8099":53,"4febf7c5":56,"a543ec74":51,"2c24d929":57,"0eaf08da":50,"946df4fd":45,"621d6b18":57,"0785820e":60,"869cbaa0":60,"53b4e647":62,"91536e85":55,"2b698053":44,"8fb236a9":48,"dbd2f139":58,"c8977844":49,"07107f6e":52,"26dd2000":50,"0149e11a":42,"e1f0dbfd":48,"547903ef":53,"44ff8baa":42,"3b7763b1":41,"a472532e":48,"aa867541":39,"ae016053":56,"810aa5e9":49,"4abb7aed":46,"835358a0":39,"92efd84f":42,"fd369c21":55,"39ba00f0":48,"d552eb2f":42,"aaa274a5":49,"3062379b":36,"3f75d3bc":49,"7896b953":46,"a6bcb07e":51,"1db42092":60,"de36827b":62,"f277386e":42,"a4dafea5":45,"b84a06eb":52,"17b08923":42,"263762cb":54,"317c1591":45,"93ac9ca3":43,"1da771fb":47,"d599b566":67,"3d1af513":55,"34658473":47,"014bdff0":51,"82b81567":45,"c95719e5":39,"f9c15fcc":49,"8c6e001f":37,"45b038bb":67,"0cb80f4a":51,"685207b3":57,"f3992a31":55,"dcf85091":39,"0dad37d5":47,"d34a29b9":54,"0da28f5b":53,"7f86be64":53,"d6f0d94a":42,"75ffea08":53,"a81a857c":51,"aa021138":60,"caddd0a7":58,"f8b31ce5":66,"dae0f922":50,"abad2347":49,"dffa7793":30,"730a4938":54,"e6ec8cbf":60,"87c462ee":50,"6841f77e":61,"4652b09a":54,"fd6dcb20":41,"0e036ae9":55,"7080f122":39,"a77e8461":37,"ef8321d8":44,"623c6a31":50,"865d9857":40,"f2364460":61,"50d129cf":45,"c6c85783":50,"47d27624":52,"6adce358":53,"36b7003c":62,"99e171db":51,"540df50f":54,"af034fee":43,"081460bf":49,"40860a4b":39,"0681c48e":54,"e9a8cf11":51,"6632fed0":55,"11b2c8d9":43,"9a07d89b":50,"6c524f99":40,"6c486702":60,"be3a10f8":55,"d78dd457":43,"dc0c8b09":55,"c27969ec":47,"64a7f79f":39,"a0b03218":62,"01cd8099":54,"23080895":42,"946df4fd":46,"13f0e139":49,"9fce073c":55,"ba938220":47,"c38c2b52":59,"95539a58":38,"7a4c064c":53,"2b698053":45,"385ab7c6":50,"a33fe0dd":56,"751bcf25":44,"19e9776f":59,"cd3bbe7e":58,"0af920d8":39,"8db62558":50,"d70ca4f4":55,"0a96f57a":61,"261c9911":56,"c455f40e":39,"18d20aa1":50,"9d0546ac":50,"4dac6b20":45,"70594a28":50,"08a561b7":35,"70c1e715":53,"af0b61ab":52,"508aac3d":49,"8657c79d":60,"2c01e624":49,"dd7acb96":55,"ef1c2dcb":49,"6e44927f":38,"52eca0dc":49,"a851891c":40,"5f0c1b9d":60,"56473430":53,"781ace7d":48,"2cce4fb2":53,"b2703001":46,"cf50e84e":52,"1be05c14":38,"f5829ac0":48,"4b3e3b1c":54,"b84a06eb":53,"60e855ee":49,"014bdff0":52,"83086d4c":45,"93ac9ca3":44,"7ee148e9":49,"1b153aef":48,"22aeaf03":51,"792c9b6a":44,"5270f158":46,"8f2a7d69":46,"7ae3fc50":52,"2e99f8fd":40,"4ba6eb36":48,"06073f13":56,"acac14fb":47,"be2955bb":50,"c0fea118":49,"36380d96":53,"5e193fc8":54,"9267f0ef":60,"3498f223":45,"638cb163":70,"d9f512b9":54,"3bad3c95":38,"fea793f5":51,"4258c176":46,"7f6d1d0e":54,"6775d5cd":41,"08c6b5d2":48,"01d817b8":45,"6d5fcd4c":48,"0277d748":67,"ef8321d8":45,"6143f39d":51,"9de29816":46,"8ec3834d":49,"97e75c19":59,"6adce358":54,"1d790491":52,"5f7d7195":48,"faf3ed07":50,"bda8cdfb":55,"7af9d3b1":57,"64db4feb":52,"4125085e":55,"47cfba38":51,"c9efc8f6":55,"bc3dc66a":47,"c64de0c0":42,"6c20c153":46,"67d30f2b":52,"bec9d329":57,"9b546d65":46,"0e2b5d2f":48,"1745a0f4":52,"12a2cd4b":53,"c6e3d352":50,"64a7f79f":40,"56752a4a":46,"481754fc":38,"6be9332a":50,"ad8f85d6":51,"f5e8dfee":55,"33d6bb6a":46,"dc0c8b09":56,"78467b8a":52,"f7231212":48,"87cd2add":45,"7566fdd6":53,"53b4e647":63,"d9d7c4c2":58,"a81a857c":52,"b6591e25":50,"3fdb08f5":39,"66b7b5b4":40,"a33fe0dd":57,"906632cb":40,"40a745c0":53,"61f25dd4":59,"e62d705f":41,"be40590d":50,"913a6226":52,"e2a7d915":54,"bc09fa9e":46,"70594a28":51,"4dac6b20":46,"2b3c49b9":53,"d25e0f8d":48,"e57d5cda":62,"2b698053":46,"0d7d88f1":42,"d3a669ac":63,"884b0ad1":49,"d552eb2f":43,"fd369c21":56,"e58b26f6":44,"84b67924":48,"2c627253":47,"db8ba455":58,"906fdec3":43,"810aa5e9":50,"fafb4cc2":70,"8a165e17":49,"45fb95c1":53,"a3d4a0e5":58,"f044c0e1":41,"e7e82473":64,"07fc4a9a":46,"3c782bb3":50,"de36827b":63,"263762cb":55,"60e855ee":50,"016953e4":61,"6ce84ff8":48,"3a204e56":55,"f1dffa24":40,"b4fdf90e":52,"e238f09b":50,"e0e6a097":43,"3a1b9af5":39,"c7c4ec5c":39,"f1862e79":44,"b2a8761b":46,"7ae3fc50":53,"4abb7aed":47,"a5fd8ffd":58,"e9679ede":41,"696fdac5":52,"501db4de":50,"145c7559":54,"69134f07":48,"9267f0ef":61,"efe84c27":41,"f2f58418":44,"d3e84616":52,"172217e5":52,"8dd2684c":53,"bb99c79c":48,"623c6a31":51,"09560615":44,"a983a6dc":48,"66d94227":38,"36684155":48,"5957df9e":52,"b8ab8e6e":48,"f2364460":62,"815e4582":52,"be149c6f":54,"bfcb912a":56,"04cc7cbe":44,"d929098e":43,"88ce179e":53,"1757a30e":43,"48655f09":61,"eed20185":53,"dfc89705":53,"a543ec74":52,"73b15e04":48,"c609739e":51,"468fc85c":55,"730a4938":55,"8bc04eb5":42,"c1bb74f2":50,"6841f77e":62,"6c486702":61,"8f10fa42":53,"e35a63cd":52,"30c184b8":44,"8721056e":42,"a0685bf3":63,"0d7d88f1":43,"259930ee":51,"7043382d":53,"9bdf362a":44,"cc6bbe45":42,"5f620a1e":62,"c8fcad77":46,"d141db49":38,"e62d705f":42,"142d6987":56,"31408822":46,"56d315d8":42,"0c043224":54,"381c68fa":57,"ca6d2d91":52,"c455f40e":40,"f734c84c":62,"d25e0f8d":49,"2ad42a9e":45,"79e4fa1c":41,"f9f2c53f":48,"3007f31f":46,"67c57de4":72,"d4ee22a4":54,"d2466211":61,"af7e5be8":50,"a06a6430":45,"e4714415":55,"9f5e6cba":57,"3c18f28e":47,"b7cc7909":49,"12534561":42,"22234d6b":55,"d744bee2":47,"730338c4":64,"1f342a00":59,"6a3eaf43":44,"fb7482fe":48,"383e232d":45,"43d87483":50,"0114160e":50,"6291e9e9":51,"7732eb1e":67,"1f88a4b7":54,"e8f173b5":44,"489a39f7":42,"045f280d":55,"7ee148e9":50,"3c43e8a2":56,"6085137f":34,"00554ffd":56,"437fc3ec":49,"4ea4a2a1":62,"d9a64845":39,"5ef93e5d":39,"537634c9":42,"906fdec3":44,"cf1b8c47":50,"ae016053":57,"b2cfdbcf":52,"9f2b16a7":47,"69134f07":49,"1247fa52":53,"e9679ede":42,"ebdbf580":44,"90a06ee9":55,"145c7559":55,"21ee2afe":58,"15620dca":56,"6143f39d":52,"ccdd1ce6":44,"9c045c61":54,"3f65f121":50,"9a467a82":44,"8ec3834d":50,"cf775f58":50,"794f652b":45,"6adce358":55,"1d790491":53,"c67979e6":56,"47d27624":53,"91b28f83":55,"aa187e3b":43,"f6fe095d":64,"8f2a7d69":47,"312f7676":51,"cfe72ead":44,"5a0ead91":36,"42191b64":44,"792c9b6a":45,"b35e9e1a":75,"a543ec74":53,"dfc89705":54,"be1746a0":33,"c27969ec":48,"8eb64769":42,"c6e3d352":51,"6775d5cd":42,"f0a06216":51,"ba586505":43,"e0e48a2d":51,"4b125e7b":58,"9a07d89b":51,"78467b8a":53,"20958d58":47,"9d023afb":58,"1105f790":55,"92ca52b7":50,"a0685bf3":64,"62d1d346":41,"65a00a3c":53,"d141db49":39,"f8b31ce5":67,"638cb163":71,"92f800f5":46,"0f029727":48,"74f234c6":49,"56d315d8":43,"66497c7e":49,"40a745c0":54,"4ee62a26":44,"c3e6ef01":63,"7a9344a4":56,"6490bac6":49,"7b6a7048":58,"ef91eaae":42,"6f39f4d9":64,"d83294cd":53,"76f3a3be":47,"bc3dc66a":48,"b35bb8a1":40,"42c80e69":53,"8d04852b":51,"61d4782d":49,"e9a8cf11":52,"d744bee2":48,"084cbc0b":43,"5747db6e":54,"2c627253":48,"7db3edda":55,"835358a0":40,"fd07e0ed":47,"0bfabf48":50,"8fb236a9":49,"9c29f0ed":54,"ef14000f":53,"9c58dd76":57,"159ffd0b":24,"8b2b601d":49,"cf50e84e":53,"e81834aa":54,"8d753bb6":41,"1438fad7":54,"1db42092":61,"39bbc4bc":67,"e45b4b53":42
1604737477685,"7d112f4d":51,"07107f6e":53,"3ef7432b":52,"51c57542":51,"daab45c6":53,"3e082b37":45,"8274885a":53,"5623817d":52,"704bce0d":52,"9b172ca8":45,"104721f0":51,"145c7559":56,"36380d96":54,"efe84c27":42,"c5b35e4d":48,"2cb29e5a":56,"d3e84616":53,"51f57142":52,"6d339d45":51,"175bc6b2":45,"e9adbe58":40,"8547fbc2":51,"9ceb5439":42,"d1fe2868":47,"7e15f8e8":56,"cf775f58":51,"ccf8b803":46,"c7636527":49,"4777334c":48,"49b358bd":51,"c1bdfd41":45,"14c682eb":44,"3c0df8b4":52,"71e53c93":57,"c91966ce":41,"db8ba455":59,"ec110282":50,"56473430":54,"da04caac":53,"0b959527":46,"ca7d47f7":57,"c8977844":50,"20e470e0":48,"93683c82":52,"430a5db5":57,"cf1124db":43,"e238f09b":51,"1951480c":55,"0cb80f4a":52,"45b038bb":68,"3652bd66":44,"31f6d707":59,"08a4c3f8":52,"761cf820":44,"b2a8761b":47,"064a99c8":46,"9316e7e8":35,"58d46189":48,"2ad42a9e":46,"79e4fa1c":42,"547903ef":54,"f734c84c":63,"feb67030":40,"c45d554f":50,"a0ce82b4":53,"36684155":49,"b8ab8e6e":49,"2ab62345":43,"a1370ab0":53,"47cfba38":52,"42c80e69":54,"72805bf5":43,"74e3d13e":49,"dc473de1":46,"835358a0":41,"084cbc0b":44,"383e232d":46,"9ab755d3":47,"284544ba":55,"2180f99b":59,"0fc5ac7e":61,"9cb4697f":53,"ad2d7bed":50,"b3f19a69":48,"a6b5e869":47,"1c0a9eff":49,"7ee7621c":47,"95d331b1":36,"7fdc2007":48,"7af262e5":54,"f67de058":40,"2a76f1dd":39,"b8488fc8":49,"0e2b5d2f":49,"a66a2d8a":50,"6f39f4d9":65,"cc5a1d47":47,"dd1fcb17":50,"9c58dd76":58,"b2bd8fd3":48,"ae8a09c4":52,"ac62fac2":53,"23080895":43,"f5829ac0":49,"26009d3f":54,"bbe71605":44,"2cce4fb2":54,"45fb95c1":54,"6291e9e9":52,"3c782bb3":51,"437fc3ec":50,"e1618359":56,"b2c25d1c":50,"7f86be64":54,"dcf85091":40,"4c4aa2e2":52,"d548635d":44,"1e232870":53,"175bc6b2":46,"8dd2684c":54,"49902219":54,"e9adbe58":41,"6d339d45":52,"affb82bf":45,"945b63f0":69,"5f7d7195":49,"e15fd611":43,"d141db49":40,"30b6808c":51,"1dad0f99":46,"b73e789c":47,"9496f56f":46,"d83294cd":54,"a5676c24":50,"dc03ebd2":64,"731fc335":37,"cf1b8c47":51,"537634c9":43,"195eb771":51,"dd035d2a":46,"b5ce0c0c":52,"014460b9":62,"7043382d":54,"65a00a3c":54,"b320feb9":47,"9a3cc55d":40,"c318d350":53,"6ce84ff8":49,"c0b7e7d7":47,"5b60dd1d":55,"d599b566":68,"b7407bd3":46,"b35e9e1a":76,"7a6aa4b6":54,"3d1af513":56,"67f6e4f2":54,"f9c15fcc":50,"358e45b1":60,"37a7d5b0":52,"655941a0":58,"4ee62a26":45,"30fdcd3b":45,"dbd2f139":59,"142d6987":57,"c3e6ef01":64,"58d46189":49,"daab45c6":54,"da3437cd":39,"debe1f65":58,"a939b50b":49,"bda8cdfb":56,"8a52882e":56,"d1fe2868":48,"ce3407dd":45,"6df0b2e8":70,"8cddb65e":54,"8d04852b":52,"e4714415":56,"35aa7fd0":54,"a6003226":50,"6632fed0":56,"72d7b461":50,"884b0ad1":50,"a6626a13":43,"4bcd4a30":62,"7db3edda":56,"2180f99b":60,"8f9b74b0":40,"2ad42a9e":47,"3ef7432b":53,"6c20c153":47,"d929098e":44,"ee21ad02":53,"124fbe96":52,"54d7de6b":56,"8bc04eb5":43,"e356abf1":52,"6a7392d5":44,"f67de058":41,"c510bfd3":60,"a66a2d8a":51,"20958d58":48,"831c7b85":51,"733c86f8":43,"f9f2c53f":49,"b2bd8fd3":49,"baebb391":64,"812b4f15":51,"4febf7c5":57,"481754fc":39,"4cc141fa":41,"d82592f4":50,"b2703001":47,"0b5a0408":46,"6291e9e9":53,"de36827b":64,"6a60348e":49,"e8f173b5":45,"bd984a8e":40,"cb51f134":52,"b2c25d1c":51,"3498f223":46,"911e770b":44,"8547fbc2":52,"1d153b20":47,"ef8321d8":46,"865d9857":41,"f2f58418":45,"945b63f0":70,"2cb29e5a":57,"501db4de":51,"d34a29b9":55,"efe84c27":43,"9c29f0ed":55,"ae95f2ba":60,"abd32136":52,"ef91eaae":43,"f1df62b4":49,"753ca352":40,"af7e5be8":51,"781ace7d":49,"0a1d11e6":45,"4bc46d7a":49,"69eeae0d":52,"abc1d7ad":54,"56473430":55,"61145ec9":63,"9bdf362a":45,"aab4d996":48,"259930ee":52,"dbd2f139":60,"b320feb9":48,"e3547548":37,"4279e829":61,"e7e82473":65,"2203f259":55,"437fc3ec":51,"363590c7":42,"fe1d4419":55,"c564e316":47,"7a2f3f06":47,"77d35808":49,"36fb15d2":48,"3712c4bd":44,"82b81567":46,"761cf820":45,"92d38723":51,"5ee911b5":50,"6585adbe":42,"31408822":47,"28d40296":41,"ddec9e54":43,"04ea5673":57,"db703021":44,"f4634d0b":43,"be40590d":51,"2a387957":57,"5339e1e9":50,"394dc144":54,"cf775f58":52,"815e4582":53,"50d129cf":46,"c98d5272":50,"540df50f":55,"64db4feb":53,"6867261a":44,"32133249":57,"b35bb8a1":41,"288a2c43":50,"3c18f28e":48,"284544ba":56,"935ec056":41,"c0b23081":54,"ae99df30":48,"e0e48a2d":52,"6775d5cd":43,"ea4d3f3e":56,"6ee92259":54,"a0685bf3":65,"2bcca6a7":69,"8f10fa42":54,"805534ac":44,"da3437cd":40,"07107f6e":54,"3ef7432b":54,"df81ddee":41,"9a80f004":46,"4e5aaaec":42,"cf52025e":36,"0eaf08da":51,"c6e3d352":52,"b460f030":60,"742f1425":51,"04612878":52,"64a7f79f":41,"f5829ac0":50,"8b2b601d":50,"cf50e84e":54,"868edcc0":51,"1138796e":48,"0d2a1c58":39,"d1ca5d6b":58,"6e851762":50,"bca2d7cd":47,"730338c4":65,"5a07fc2e":50,"25a7a0a3":52,"d3e84616":54,"0da28f5b":54,"f76a3e83":57,"501db4de":52,"c4feee5b":51,"a66a2d8a":52,"9b546d65":47,"ec11fe5f":51,"0f89862c":46,"9496f56f":47,"ffa08d82":51,"43d87483":51,"ad303bda":55,"c8113b77":51,"0d7d88f1":44,"4d9b0b10":47,"c91966ce":42,"aa76bc50":46,"537634c9":44,"5f96c2bc":39,"313258f2":49,"74c26380":47,"00a481e3":48,"77300e4a":48,"34c5c729":43,"a836aa93":51,"4ff2225d":48,"b36a0d66":34,"3f2522c2":53,"eda6a690":45,"8dc9b4db":56,"2c5c1dc0":46,"1bd5b20b":49,"26f99a1e":50,"ea274174":49,"5623817d":53,"7a6aa4b6":55,"6d61bf13":44,"4f5e3e7d":47,"8c6e001f":38,"4ba6eb36":49,"5a0ead91":37,"25776fc4":57,"4def63ee":40,"49b358bd":52,"7e76c93c":54,"ea6de194":47,"805af3c7":47,"3fdb08f5":40,"6e24d88b":52,"d0c104c4":39,"30d84dce":53,"d634aa28":59,"3f9b5722":36,"c2bb8aae":48,"19e9776f":60,"53a8613c":58,"6143f39d":53,"6de0aaac":38,"4469c815":35,"be4f8ba8":44,"a1921150":60,"8a52882e":57,"1d790491":54,"1a0189c4":52,"04643409":52,"c6c85783":51,"91d52a55":55,"bb8a6337":40,"c4bff41f":45,"3a1d1632":29,"9f5e6cba":58,"5a734022":48,"2132fe93":58,"dcfaba4c":45,"54d7de6b":57,"b0869206":52,"cb4f262b":55,"3b2dee89":49,"5acce642":55,"20811ddf":46,"d78dd457":44,"e4c312fe":47,"72b84094":62,"c650b434":54,"201cafad":40,"eed20185":54,"b6aaf976":57,"9fc713b0":55,"c27969ec":49,"59c1e594":56,"ad8f85d6":52,"0eaf08da":52,"4295ce9a":61,"44ff8baa":43,"c455f40e":41,"40e79dd3":49,"f4726450":49,"92efd84f":43,"3062379b":37,"ea822700":45,"fd07e0ed":48,"fb7482fe":49,"7028b044":44,"a8c93bed":51,"afe8e06a":40,"c463799d":58,"a567ace4":50,"c6dc900c":42,"78b97937":50,"ef14000f":54,"cc5a1d47":48,"d7cb9bcf":44,"67c57de4":73,"f7231212":49,"4f59a322":50,"50c468ba":43,"a15713c6":59,"a851891c":41,"f905a555":46,"8e780922":49,"c382f054":45,"b2c25d1c":52,"f121b82c":54,"0da28f5b":55,"be2955bb":51,"a4dafea5":46,"e0f7679f":50,"06ddafc7":49,"3c782bb3":52,"0be540c5":48,"f5829ac0":51,"6db0ea86":46,"fe1d4419":56,"09ff339a":40,"83086d4c":46,"c564e316":48,"016953e4":62,"3e082b37":46,"4ba6eb36":50,"e45b4b53":43,"3a1b9af5":40,"3652bd66":45,"b377a62a":39,"9e878ec2":63,"5acaa06f":36,"40569362":52,"e7abc88d":32,"5f620a1e":63,"b7505747":52,"5ab7bc35":55,"014460b9":63,"259930ee":53,"c8fcad77":47,"b6591e25":51,"c4e70c07":50,"4279e829":62,"f883d582":44,"3b690f68":55,"906632cb":41,"bb98a6cf":66,"3f9b5722":37,"a63bddd4":58,"7d6895f4":48,"3f65f121":51,"22176537":46,"22ecaed0":45,"affb82bf":46,"9a467a82":45,"d957f027":43,"8ec3834d":51,"66d94227":39,"50d129cf":47,"254cc28c":57,"a983a6dc":49,"ce3407dd":46,"bc3dc66a":49,"76f3a3be":48,"57d5dee8":52,"4125085e":56,"64db4feb":54,"181c3dd5":50,"9f5e6cba":59,"6023df54":48,"91f7ef72":48,"71e53c93":58,"7896b953":47,"3b2dee89":50,"67d30f2b":53,"4258c176":47,"7ee7621c":48,"1a442bc7":48,"d82592f4":51,"74e01f6a":52,"c27969ec":50,"b2bd8fd3":50,"a636f4c9":66,"71bc1295":55,"1c3a30c5":48,"8f9b74b0":41,"7b6a7048":59,"9a80f004":47,"bfad1727":50,"07107f6e":55,"3b7763b1":42,"3ef7432b":55,"0fc5ac7e":62,"84b767be":59,"272c7672":45,"8cd78f77":63,"af0b61ab":53,"de6213c7":57,"d3a669ac":64,"95d331b1":37,"9d4f1fe6":38,"1745a0f4":53,"5f4102da":54,"8f10fa42":55,"d78dd457":45,"cd522166":60,"e5b1abc6":47,"be3a10f8":56,"629800eb":58,"76f94eda":50,"ac030e74":45,"9496f56f":48,"67c57de4":74,"af7e5be8":52,"9c29f0ed":56,"79f04300":50,"c382f054":46,"6b78ad7f":58,"cf84fb54":55,"bbe71605":45,"a8871ddf":50,"3c782bb3":53,"4b3e3b1c":55,"a6bcb07e":52,"a4dafea5":47,"f1dffa24":41,"c318d350":54,"1da771fb":48,"5270f158":47,"3f2522c2":54,"3712c4bd":45,"014bdff0":53,"336d0f08":53,"92d38723":52,"b4fdf90e":53,"8323d333":45,"5acaa06f":37,"288afc30":44,"4ba6eb36":51,"c4feee5b":52,"77300e4a":49,"4e3f5178":52,"f2086446":56,"e5d3655c":55,"25776fc4":58,"ce3bf5db":43,"4def63ee":41,"b5ce0c0c":53,"719c8869":64,"dbd2f139":61,"57167c74":51,"4279e829":63,"61f25dd4":60,"f1b493de":60,"9316e7e8":36,"865d9857":42,"b946e146":59,"f87c5031":44,"8cc4a982":42,"fd6dcb20":42,"546f6845":57,"18815a1b":51,"ce3407dd":47,"e15fd611":44,"bf822e33":51,"77f31bab":52,"2b3e4717":51,"815e4582":54,"5f7d7195":50,"be149c6f":55,"5eaa1581":51,"2132fe93":59,"66b7b5b4":41,"0c043224":55,"65e4235b":53,"fd482491":55,"7ae34c64":51,"6023df54":49,"906fdec3":45,"45b5746e":52,"d8e58a8c":59,"2882a956":57,"dffa7793":31,"00cf385d":62,"a543ec74":54,"b6aaf976":58,"8eb64769":43,"0eaf08da":53,"35b58ef9":38,"f1098793":54,"e6fac295":46,"f734c84c":64,"e2a7d915":55,"ecfa8249":53,"ccb5ea3e":38,"c8dc010f":51,"4dac6b20":47,"3ef7432b":56,"68562193":41,"c64de0c0":43,"24a9fb86":53,"aec4e1bf":54,"0d2a1c58":40,"6a3eaf43":45,"a6626a13":44,"2a06ab95":57,"92efd84f":44,"2d13e69b":53,"272c7672":46,"1a442bc7":49,"e0e48a2d":53,"e382ec3f":45,"04cc7cbe":45,"062179c1":47,"eebc8d43":47,"c510bfd3":61,"9b546d65":48,"eb2e1983":47,"a59a8290":45,"e35a63cd":53,"753ca352":41,"76f94eda":51,"2b698053":47,"0d28db94":43,"7218c9f1":37,"87083264":57,"93b9fae6":48,"59431390":50,"a8871ddf":51,"2d1e1e9d":45,"b36a0d66":35,"f044c0e1":42,"f5829ac0":52,"49910300":50,"f6fe095d":65,"0b3283c9":50,"578f6e9e":48,"312f7676":52,"c95719e5":40,"8245f916":40,"5270f158":48,"7a6aa4b6":56,"5781776a":54,"3652bd66":46,"b4fdf90e":54,"ef16ca37":48,"5a0ead91":38,"655954ba":49,"bd984a8e":41,"f3992a31":56,"69134f07":50,"b3863630":44,"3498f223":47,"1247fa52":54,"28d40296":42,"c8fcad77":48,"44c77422":57,"b320feb9":49,"fbdffc95":41,"92f800f5":47,"db703021":45,"6d5fcd4c":49,"d3e84616":55,"172217e5":53,"7d6895f4":49,"ec2cb1af":59,"2dda3936":45,"49902219":55,"f4b2f575":42,"254cc28c":58,"aff8e442":46,"99e171db":52,"cf775f58":53,"e15fd611":45,"ccf8b803":47,"24ffcbd3":59,"4ee62a26":46,"751acea8":49,"5ccf94d6":48,"751bcf25":45,"5cd3cfe0":38,"52eca0dc":50,"fe44fc6f":54,"da04caac":54,"6023df54":50,"3a291497":46,"cf1b8c47":52,"aa76bc50":47,"e62d705f":43,"cd95f558":51,"03dcfa3d":51,"e8d74304":49,"458dcc3d":52,"cac4449a":39,"bc392d1c":43,"eed20185":55,"93e8cee5":57,"6490bac6":50,"201cafad":41,"df81ddee":42,"07107f6e":56,"d25e0f8d":50,"26dd2000":51,"13747b82":51,"deb31f35":61,"5a734022":49,"8d04852b":53,"aec4e1bf":55,"540df50f":56,"725dce8b":50,"2f455cce":45,"dd7acb96":56,"778c95e9":47,"884b0ad1":51,"aec074c4":59,"3062379b":38,"84b767be":60,"4b125e7b":59,"7ee7621c":49,"a502c93c":49,"95d331b1":38,"87c462ee":51,"b3f19a69":49,"cb4f262b":56,"6c486702":62,"78b97937":51,"ba5c52af":53,"78467b8a":54,"2a4a402a":48,"13b53c7a":50,"50b558a7":43,"d2466211":62,"e28c2efc":49,"8fb236a9":50,"2b698053":48,"ae95f2ba":61,"7566fdd6":54,"597c1f81":41,"cf52025e":37,"8cf83787":45,"11888cfa":52,"1be05c14":39,"f277386e":43,"bbe71605":46,"0b5a0408":47,"013ee301":57,"095ab3b4":42,"971675c5":57,"5270f158":49,"c564e316":49,"8f2a7d69":48,"6b78ad7f":59,"972f4174":59,"e1618359":57,"f2086446":57,"dcf85091":41,"470d50c2":46,"c5b35e4d":49,"3fdb08f5":41,"f2ca27d9":46,"6d5fcd4c":50,"53a8613c":59,"dfa1a89b":50,"15620dca":57,"1d153b20":48,"21ee2afe":59,"c67979e6":57,"91d52a55":56,"48efc739":59,"5339e1e9":51,"5957df9e":53,"f66616b7":41,"14c682eb":45,"b5ce0c0c":54,"b7505747":53,"caddd0a7":59,"62d1d346":42,"66497c7e":50,"93683c82":53,"a33fe0dd":58,"3a291497":47,"52eca0dc":51,"fafb4cc2":71,"4abb7aed":48,"74c26380":48,"83b2f9c5":57,"69eeae0d":53,"906632cb":42,"f4634d0b":44,"dae0f922":51,"1e7753d9":62,"26ed1a5c":50,"7a2f3f06":48,"317c1591":46,"c318d350":55,"3652bd66":47,"6ce84ff8":50,"c7c4ec5c":40,"6f0fcb9d":60,"8245f916":41,"d33790a2":54,"17807120":48,"d8475b95":40,"b460f030":61,"b6ee137a":49,"201cafad":42,"20777945":50,"18d20aa1":51,"fb8bfb36":71,"a0cca8b7":42,"37fbb107":54,"4125085e":57,"03b4ab60":51,"6df0b2e8":71,"47cfba38":53,"2ab62345":44,"60d6cee2":51,"288a2c43":51,"2c627253":49,"a6626a13":45,"2d54e0a8":43,"92efd84f":45,"2209903e":52,"79be29c8":46,"0d770b97":57,"9d4f1fe6":39,"e6ec8cbf":61,"1757a30e":44,"6b82b527":43,"82204d54":50,"2882a956":58,"fef750ca":58,"6c524f99":41,"fe8f3d36":45,"dc0c8b09":57,"dfcc2ad1":55,"dd3913d2":43,"0bfabf48":51,"ef14000f":55,"056ea7ff":50,"67c57de4":75,"00a17b46":49,"dfc89705":55,"bad6cdb1":45,"ae8a09c4":53,"be1746a0":34,"90731976":45,"2cce4fb2":55,"1db42092":62,"06ddafc7":50,"0114160e":51,"45fb95c1":55,"045f280d":56,"363590c7":43,"1951480c":56,"b215547b":45,"c7313e0a":55,"e9679ede":43,"0dad37d5":48,"e7abc88d":33,"288d171f":47,"972f4174":60,"2a06ab95":58,"fb7482fe":50,"d1ca5d6b":59,"25a7a0a3":53,"315537b2":44,"9a467a82":46,"eeaa2d46":49,"22176537":47,"22ecaed0":46,"7080f122":40,"a33fe0dd":59,"df2b4d87":52,"caddd0a7":60,"aa021138":61,"4930f321":47,"a06a6430":46,"db8ba455":60,"1d44aff3":58,"a5fd8ffd":59,"65e4235b":54,"d9a64845":40,"b2cfdbcf":53,"08a561b7":36,"57167c74":52,"92f800f5":48,"b320feb9":50,"74f234c6":50,"0841052c":51,"180377be":47,"c95719e5":41,"b935fc1c":44,"317c1591":47,"92d38723":53,"312f7676":53,"67f6e4f2":55,"2c5c1dc0":47,"0cb80f4a":53,"e0e6a097":44,"db0a661e":54,"d0c0fc08":49,"288afc30":45,"cd3bbe7e":59,"8942c35b":51,"1a2ec5d7":57,"f883d582":45,"27d8bf51":51,"77f31bab":53,"36b7003c":63,"ce3407dd":48,"50d129cf":48,"6adce358":56,"c81b2bcf":42,"9d63c4dd":51,"be149c6f":56,"9b3f8714":47,"b7cc7909":50,"b35bb8a1":42,"57d5dee8":53,"bc3dc66a":50,"aec4e1bf":56,"ea822700":46,"4bcd4a30":63,"508aac3d":50,"aec074c4":60,"ef1c2dcb":50,"c8dc010f":52,"e21c6207":46,"44ff8baa":44,"f734c84c":65,"debe1f65":59,"df81ddee":43,"f0a06216":52,"5acce642":56,"9d4f1fe6":40,"ae99df30":49,"7735c3c2":42,"7f6d1d0e":55,"ee21ad02":54,"0042f6eb":65,"478d2d4f":63,"8f10fa42":56,"70ee0491":42,"1745a0f4":54,"9a3ab0b8":40,"7af262e5":55,"cbad3b92":64,"48655f09":62,"d82592f4":52,"9c58dd76":59,"64a7f79f":42,"a0bc1ceb":45,"74e01f6a":53,"95f6db13":38,"32c9fc47":45,"a8871ddf":52,"0d2c95fe":45,"6c73ae98":53
1604737478943,"4ff2225d":49,"cf50e84e":55,"e238f09b":52,"c95719e5":42,"c564e316":50,"1da771fb":49,"f1dffa24":42,"312f7676":54,"608bc832":42,"eda6a690":46,"6585adbe":43,"67f6e4f2":56,"ea274174":50,"8493f3b2":60,"0ac825ed":54,"3d1af513":57,"aefe13f5":59,"12a2cd4b":54,"1c3a30c5":49,"792cfcbd":40,"0eaf08da":54,"74e01f6a":54,"59c1e594":57,"778c95e9":48,"0fc5ac7e":63,"bc021def":59,"ef8321d8":47,"f87c5031":45,"0e036ae9":56,"7d6895f4":50,"172217e5":54,"0b5a0408":48,"0be540c5":49,"fb44fa9c":55,"a6bcb07e":53,"1438fad7":55,"2cce4fb2":56,"ce4da56f":46,"437fc3ec":52,"5410e9c6":56,"b935fc1c":45,"c0b7e7d7":48,"5b60dd1d":56,"60e855ee":51,"f1dffa24":43,"5acaa06f":38,"7a4c064c":54,"cf9f4757":35,"87083264":58,"0785820e":61,"77bfed7e":51,"67c57de4":76,"385ab7c6":51,"332820ce":52,"00554ffd":57,"d102b0c6":40,"cd95f558":52,"3a1b9af5":41,"2e99f8fd":41,"3f65f121":52,"bda8cdfb":57,"77bae750":39,"5957df9e":54,"1634789b":59,"5a0eb771":55,"48efc739":60,"394dc144":55,"be149c6f":57,"540df50f":57,"3a1d1632":30,"aec4e1bf":57,"6867261a":45,"162a7348":54,"47cfba38":54,"cbb54a0a":45,"b2bd8fd3":51,"a636f4c9":67,"5ef93e5d":40,"61145ec9":64,"71ba7561":50,"4abb7aed":49,"db8ba455":61,"aa76bc50":48,"45b5746e":53,"59c1e594":58,"f1098793":55,"56752a4a":47,"2c24d929":58,"aefe13f5":60,"6fb4cdda":56,"5be594be":55,"bd984a8e":42,"b215547b":46,"f121b82c":55,"754f98c9":53,"f33c0140":54,"dac109cf":46,"75ffea08":54,"caddd0a7":61,"4777334c":49,"0a2f71bc":42,"37a7d5b0":53,"aa021138":62,"3b690f68":56,"66497c7e":51,"6e24d88b":53,"5cd3cfe0":39,"026766f3":38,"61f25dd4":61,"4ee62a26":47,"b5763ff6":42,"2c627253":50,"f271ed5d":50,"1f7607df":32,"fb7482fe":51,"af0b61ab":54,"9e206c95":63,"9a467a82":47,"6d5fcd4c":51,"3310a049":59,"6db0ea86":47,"4945c851":62,"f044c0e1":43,"07fc4a9a":47,"489a39f7":43,"2d1e1e9d":46,"2c5c1dc0":48,"971675c5":58,"b1f58563":47,"ee75b607":51,"c0b23081":55,"d39724bc":50,"aa187e3b":44,"bf30a08f":60,"6b82b527":44,"9d4f1fe6":41,"7af262e5":56,"1105f790":56,"cd522166":61,"e35a63cd":54,"78b97937":52,"cfafcda8":49,"a66a2d8a":53,"c38c2b52":60,"0d28db94":44,"619fda68":52,"87cd2add":46,"c8113b77":52,"6f39f4d9":66,"6034b6d0":54,"60e855ee":52,"5781776a":55,"6b9eff39":44,"bc09fa9e":47,"9d0546ac":51,"547903ef":55,"3007f31f":47,"93e8cee5":58,"da3437cd":41,"5099c6a0":62,"761cf820":46,"b769bdfb":56,"bc021def":60,"f3d68430":56,"623c6a31":52,"6143f39d":54,"d5557fb4":50,"66d94227":40,"2b3e4717":52,"5d087c79":55,"91d52a55":57,"aff8e442":47,"c98d5272":51,"a6003226":51,"bb8a6337":41,"9b3f8714":48,"b35bb8a1":43,"f94bf9ea":43,"76f3a3be":49,"35aa7fd0":55,"5a0ead91":39,"00554ffd":58,"5f8517b7":66,"379184a7":61,"7ae3fc50":54,"d33790a2":55,"a901627e":43,"a851891c":42,"e865e4dd":52,"52eca0dc":52,"08a561b7":37,"56473430":56,"616d6dd6":52,"27c8e038":55,"a543ec74":55,"2198ba8e":50,"cac4449a":40,"24d24fa3":47,"4e3f5178":53,"36380d96":55,"470d50c2":47,"0dad37d5":49,"b2c25d1c":53,"168e75d9":48,"e9679ede":44,"259930ee":54,"4777334c":50,"dac109cf":47,"7e76c93c":55,"fbdffc95":42,"cc6bbe45":43,"b7505747":54,"cc11fef9":54,"c8977844":51,"902f49f5":52,"5272520d":54,"e8d74304":50,"2c01e624":50,"d552eb2f":44,"b947257e":56,"cbb54a0a":46,"1f7607df":33,"0bd93cfd":41,"730338c4":66,"d82592f4":53,"17b08923":43,"88a30343":56,"2cce4fb2":57,"a3d4a0e5":59,"5678ed7b":64,"26009d3f":55,"8b2b601d":51,"88ce179e":54,"6ee92259":55,"d4d5f466":54,"37d0cae2":49,"1c0a9eff":50,"e5b1abc6":48,"3b2dee89":51,"92ca52b7":51,"0d770b97":58,"19551bad":45,"6c486702":63,"9496f56f":49,"87083264":59,"a58bf525":47,"8dc9b4db":57,"27f52ed3":64,"f6fe095d":66,"82868763":49,"b1f58563":48,"578f6e9e":49,"49902219":56,"f2ca27d9":47,"ef8321d8":48,"ac38a6a5":56,"25a7a0a3":54,"8cc4a982":43,"815e4582":55,"416a9e97":50,"faf3ed07":51,"227006e4":50,"5a734022":50,"4ed01268":44,"48efc739":61,"2ab62345":45,"30fdcd3b":46,"d634aa28":60,"026766f3":39,"44ff8baa":45,"3ef7432b":57,"40e79dd3":50,"3007f31f":48,"805534ac":45,"21ad2f34":46,"6b9eff39":45,"4ac6bd4e":43,"9260d96b":59,"b4fdf90e":55,"31f6d707":60,"d0b297b2":43,"358e45b1":61,"ef16ca37":49,"af7e5be8":53,"7218c9f1":38,"eebc8d43":48,"753ca352":42,"30c184b8":45,"4930f321":48,"733c86f8":44,"ef14000f":56,"c91966ce":43,"6e44927f":39,"d9a64845":41,"95904ac4":67,"5ef93e5d":41,"dc03ebd2":65,"731fc335":38,"03c398d2":47,"2198ba8e":51,"17807120":49,"56752a4a":48,"4febf7c5":58,"8a52882e":58,"dcfaba4c":46,"36684155":50,"a2c334e7":65,"5f7d7195":51,"5eaa1581":52,"af034fee":44,"8cd78f77":64,"ef1c2dcb":51,"383e232d":47,"778c95e9":49,"2f455cce":46,"884b0ad1":52,"1f342a00":60,"74e01f6a":55,"ae8a09c4":54,"2e3503e4":47,"1247fa52":55,"fe578280":49,"8e780922":50,"4c4aa2e2":53,"4b4ecbce":48,"1a68160d":49,"2154b6e8":48,"c7636527":50,"28d40296":43,"c8fcad77":49,"e32524d6":51,"65a00a3c":55,"24ffcbd3":60,"5ccf94d6":49,"a8726d50":40,"059d6c19":63,"db703021":46,"9d4da635":41,"4ee62a26":48,"467773ac":50,"2cce4fb2":58,"45fb95c1":56,"69f3bfcc":50,"16b476e9":46,"6775d5cd":44,"d83870f5":55,"1a442bc7":50,"d4d5f466":55,"91b28f83":56,"d39724bc":51,"82204d54":51,"b8488fc8":50,"cd522166":62,"dfcc2ad1":56,"11b2c8d9":44,"bd62d7ed":43,"1bc0591f":59,"07fc4a9a":48,"17b08923":44,"26009d3f":56,"045f280d":57,"77d35808":50,"19f9ca86":61,"b1f58563":49,"4d35385e":44,"bb99c79c":49,"57540cc3":52,"d6320619":54,"0e036ae9":57,"6143f39d":55,"416a9e97":51,"1b881e6e":56,"a1921150":61,"c67979e6":58,"088feee2":58,"789bd484":49,"cb6c9e42":64,"90d52475":50,"a2c334e7":66,"c4bff41f":46,"aec4e1bf":58,"b230e8d3":56,"17446892":43,"5f6613c8":47,"5270f158":50,"6b9eff39":46,"2ad42a9e":48,"7d112f4d":52,"25e0dd3d":57,"bfad1727":51,"c455f40e":42,"df81ddee":44,"2203f259":56,"71ff66e8":44,"095ab3b4":43,"358e45b1":62,"9260d96b":60,"9e878ec2":64,"2e99f8fd":42,"0cb80f4a":54,"608bc832":43,"b377a62a":40,"6f39f4d9":67,"77bfed7e":52,"7218c9f1":39,"ba938220":48,"67c57de4":77,"e4cfef0a":41,"385ab7c6":52,"a0cf08b3":45,"5f96c2bc":40,"5ef93e5d":42,"aa867541":40,"db8ba455":62,"7ae34c64":52,"2dd0e808":55,"6632fed0":57,"ef1c2dcb":52,"d552eb2f":45,"730338c4":67,"cbb54a0a":47,"70c1e715":54,"d744bee2":49,"de6213c7":58,"23080895":44,"4b4ef7fa":54,"458dcc3d":53,"685207b3":58,"06ee61b6":45,"ab7d4c9a":45,"0dad37d5":50,"77300e4a":50,"f3992a31":57,"1e232870":54,"e5d3655c":56,"ea6de194":48,"08a06557":66,"04ea5673":58,"caddd0a7":62,"b5ce0c0c":55,"28d40296":44,"cc11fef9":55,"906632cb":43,"a4f1d83b":51,"1e7753d9":63,"381c68fa":58,"cac4449a":41,"24d24fa3":48,"a543ec74":56,"cbad3b92":65,"ee75b607":52,"ee21ad02":55,"37d0cae2":50,"a6b5e869":48,"e4117b3b":38,"7f6d1d0e":56,"7ee7621c":50,"78467b8a":55,"b87158fb":58,"cfafcda8":50,"2352c8ef":47,"7bda83dd":52,"6d802fa2":43,"8298e976":51,"820225e4":40,"49910300":51,"8d753bb6":42,"fb44fa9c":56,"d9dcdc4b":59,"d1715f3b":58,"affb82bf":47,"51f57142":53,"9de29816":47,"f3d68430":57,"36d340f2":51,"f2364460":63,"cf775f58":54,"e9adbe58":42,"a939b50b":50,"99e171db":53,"a1921150":62,"90d52475":51,"527ff946":54,"3c18f28e":49,"74e3d13e":50,"971675c5":59,"56d315d8":44,"4360a1a3":54,"201cafad":43,"5c82d1ce":46,"4295ce9a":62,"7b6a7048":60,"8f9b74b0":42,"261c9911":57,"e21c6207":47,"5270f158":51,"27f52ed3":65,"014bdff0":54,"a77e127d":38,"c564e316":51,"363590c7":44,"3a1b9af5":42,"9260d96b":61,"b377a62a":41,"34658473":48,"d33790a2":56,"4f5e3e7d":48,"9e878ec2":65,"0f89862c":47,"fead11cf":46,"53b4e647":64,"ef14000f":57,"ac030e74":46,"6a5b71b4":61,"4f59a322":51,"4930f321":49,"1dad0f99":47,"c91966ce":44,"fd482491":56,"8a165e17":50,"cf1b8c47":53,"7896b953":48,"69eeae0d":54,"dd035d2a":47,"8d04852b":54,"0681c48e":55,"c9efc8f6":56,"60d6cee2":52,"4125085e":58,"1f7607df":34,"70bc8325":45,"911e770b":45,"9fa62fee":52,"3062379b":39,"0d2a1c58":41,"884b0ad1":53,"90a06ee9":56,"145c7559":57,"f33c0140":55,"0dad37d5":51,"80a8a56d":51,"34c5c729":44,"1247fa52":56,"0f029727":49,"a577db1c":43,"a33fe0dd":60,"30c5d755":55,"88fa53d6":44,"92f800f5":49,"ffc86f94":45,"110b1ee3":54,"cf52025e":38,"ae8a09c4":55,"03c398d2":48,"01cd8099":55,"9c58dd76":60,"b2bd8fd3":52,"27c8e038":56,"9cb4697f":54,"124fbe96":53,"d1d40c9c":61,"bd2705b0":58,"7735c3c2":43,"b0869206":53,"6c20c153":48,"f5829ac0":53,"28d41578":47,"69f3bfcc":51,"013ee301":58,"6a60348e":50,"d6db2b02":56,"7d6895f4":51,"22176537":48,"57540cc3":53,"9de29816":48,"315537b2":45,"6143f39d":56,"e9adbe58":43,"b8ab8e6e":50,"f2364460":64,"5957df9e":55,"8a52882e":59,"bf822e33":52,"aff8e442":48,"90d52475":52,"e81834aa":55,"655941a0":59,"d70ca4f4":56,"dae0f922":52,"467773ac":51,"026766f3":40,"be40590d":52,"fb8bfb36":72,"c455f40e":43,"2209903e":53,"4295ce9a":63,"a851554d":62,"93e8cee5":59,"e21c6207":48,"60e855ee":53,"77d35808":51,"dc583e64":46,"27f52ed3":66,"e238f09b":53,"004f1ef3":59,"ea9bba6b":43,"5f8517b7":67,"f9c15fcc":51,"b35e9e1a":77,"82b81567":47,"ef16ca37":50,"0ac825ed":55,"288afc30":46,"2bcca6a7":70,"25a2844e":49,"9d023afb":59,"733c86f8":45,"e35a63cd":55,"55928ef1":55,"92ca52b7":52,"869cbaa0":61,"ad303bda":56,"d7cb9bcf":45,"0bfabf48":52,"cb142908":42,"6034b6d0":55,"a85d89cc":52,"ae016053":58,"fafb4cc2":72,"aa867541":41,"d9a64845":42,"42c80e69":55,"aa9ea5e8":45,"51f80f4c":57,"60d6cee2":53,"3c18f28e":50,"1ed46298":59,"5f6613c8":48,"26c390d6":45,"aaa274a5":50,"6e851762":51,"7db3edda":57,"7028b044":45,"39ba00f0":49,"eb7b4e29":47,"f2086446":58,"1a2c020b":51,"6b78ad7f":60,"ebdbf580":45,"9267f0ef":62,"9b742f71":47,"e0154608":40,"2045d7d6":48,"aab4d996":49,"75ffea08":55,"08a06557":67,"064a99c8":47,"ad8f85d6":53,"458dcc3d":54,"ae8a09c4":56,"cbad3b92":66,"b460f030":62,"aefe13f5":61,"db8ba455":63,"2c6cb96f":41,"00a481e3":49,"20811ddf":47,"5b5fc566":47,"f0a06216":53,"bd2705b0":59,"1a442bc7":51,"cb4f262b":57,"124fbe96":54,"8dd2684c":55,"12012fbd":53,"ccdd1ce6":45,"a77e8461":38,"e9adbe58":44,"fd6dcb20":43,"49902219":57,"31d74eee":47,"05642105":48,"de36827b":65,"0114160e":52,"e3547548":38,"8f13c203":43,"44c77422":58,"dbd2f139":62,"0c0e98ea":41,"142d6987":58,"6e24d88b":54,"db703021":47,"c8977844":52,"58d46189":50,"25e0dd3d":58,"8ea21393":47,"9a80f004":48,"c8dc010f":53,"ab7467de":63,"1438fad7":56,"4ff2225d":50,"8298e976":52,"0be540c5":50,"60e855ee":54,"e45b4b53":44,"3e082b37":47,"6d61bf13":45,"b1f58563":50,"317c1591":48,"836701f6":41,"d102b0c6":41,"67f6e4f2":57,"7a6aa4b6":57,"1105f790":57,"30c184b8":46,"8f10fa42":57,"78b97937":53,"6a7392d5":45,"5f4102da":55,"bd62d7ed":44,"f7231212":50,"7a840529":31,"d7cb9bcf":46,"6034b6d0":56,"a85d89cc":53,"8fb236a9":51,"d2466211":63,"5a0ead91":40,"40569362":53,"3d1af513":58,"d33790a2":57,"47d27624":54,"4ed01268":45,"44a4f7cd":40,"c6c85783":52,"7e15f8e8":57,"8a52882e":60,"aa9ea5e8":46,"bb8a6337":42,"13747b82":52,"7af9d3b1":58,"9f5e6cba":60,"2ab62345":46,"6df0b2e8":72,"2c01e624":51,"911e770b":46,"6751d8e4":60,"c0e2624b":45,"98915a1f":42,"0fc5ac7e":64,"8657c79d":61,"7bebff03":44,"92136ff5":48,"3498f223":48,"90a06ee9":57,"f2086446":59,"e1618359":58,"470d50c2":48,"dbc9df44":45,"acac14fb":48,"064a99c8":48,"b6aaf976":59,"ad8f85d6":54,"cf52025e":39,"2c24d929":59,"8eb64769":44,"4febf7c5":59,"cf1b8c47":54,"0a1d11e6":46,"4bc46d7a":50,"a0cf08b3":46,"abc1d7ad":55,"7896b953":49,"6e44927f":40,"1bb4ccc0":47,"ae99df30":50,"11b74e63":45,"e382ec3f":46,"4258c176":48,"315537b2":46,"0277d748":68,"53a8613c":60,"30dd2edc":55,"4469c815":36,"e786063b":52,"a33fe0dd":61,"8f13c203":44,"1623fc9f":42,"7043382d":55,"e5d3655c":57,"c0b0f492":57,"cc11fef9":56,"3f9b5722":38,"180377be":48,"cd3bbe7e":60,"7a9344a4":57,"d033db8d":47,"467773ac":52,"a851554d":63,"45fb95c1":57,"90731976":46,"66554572":42,"4ff2225d":51,"bbe71605":47,"07fc4a9a":49,"0114160e":53,"b935fc1c":46,"3f2522c2":55,"c95719e5":43,"8dd649a3":40,"26f99a1e":51,"22aeaf03":52,"a40846b7":54,"6b82b527":45,"e4c312fe":48,"bd62d7ed":45,"f67de058":42,"c510bfd3":62,"f2e3c0e3":45,"a59a8290":46,"8b5a8e9f":66,"25a2844e":50,"07f98660":60,"f1df62b4":50,"753ca352":43,"4d9b0b10":48,"00a17b46":50,"f7231212":51,"c8113b77":53,"45b038bb":69,"d0e9a58e":45,"b377a62a":42,"93e8cee5":60,"c650b434":55,"ab7467de":64,"79e4fa1c":43,"7b6a7048":61,"9a80f004":49,"6fb4cdda":57,"696fdac5":53,"22ecaed0":47,"21ee2afe":60,"5339e1e9":52,"47d27624":55,"44a4f7cd":41,"aff8e442":49,"f4b2f575":43,"b88033fd":55,"1b881e6e":57,"a47abfbb":45,"6df0b2e8":73,"71279c46":47,"a6003226":52,"2132fe93":60,"bc3dc66a":51,"5a734022":51,"c7c4ec5c":41,"92d38723":54,"00554ffd":59,"d102b0c6":42,"87922532":52,"03c398d2":49,"12a2cd4b":55,"cf52025e":40,"2c6cb96f":42,"83b2f9c5":58,"cf1b8c47":55,"f789f6d8":62,"a472532e":49,"56473430":57,"345c9967":50,"24d24fa3":49,"56752a4a":49,"2c24d929":60,"911e770b":47,"084cbc0b":45,"5747db6e":55,"eb7b4e29":48,"778c95e9":50,"a6626a13":46,"d3a669ac":65,"2dda3936":46,"ccdd1ce6":46,"ab7d4c9a":46,"704bce0d":53,"7f86be64":55,"4b4ecbce":49,"1e232870":55,"b320feb9":51,"638cb163":72,"ba30e43a":57,"62d1d346":43,"b5ce0c0c":56,"a33fe0dd":62,"e32524d6":52,"f883d582":46,"8942c35b":52,"d0c104c4":40,"30fdcd3b":47,"8db62558":51,"d033db8d":48,"1f11812e":48,"07fc4a9a":50,"1db42092":63,"e0f7679f":51,"b84a06eb":54,"6c73ae98":54,"0be540c5":51,"f6fe095d":67,"a77e127d":39,"49910300":52,"fb7b7b3c":63,"ea9bba6b":44,"8e4c33d2":49,"19f9ca86":62,"5410e9c6":57,"e6ec8cbf":62,"04bef50c":33,"6841f77e":63,"37d0cae2":51,"88ce179e":55,"b3f19a69":50,"1bb4ccc0":48,"afe8e06a":41,"9a07d89b":52,"be3a10f8":57,"8b5a8e9f":67,"6c524f99":42,"b87158fb":59,"2a76f1dd":40,"ad303bda":57,"6034b6d0":57,"869cbaa0":62,"9496f56f":50,"9aa6a054":46,"c8113b77":54,"91536e85":56,"70594a28":52,"bfad1727":52,"7d112f4d":53,"feb67030":41,"5c82d1ce":47,"c8dc010f":54,"f4343817":45,"08a4c3f8":53,"d6320619":55,"ac38a6a5":57,"175bc6b2":47,"b9a48a5c":43,"e9adbe58":45,"f66616b7":42,"4ed01268":46,"77f31bab":54,"bad1a1cc":46,"0670c466":50,"37fbb107":55,"d5557fb4":51,"57d5dee8":54,"c64de0c0":44,"5eaa1581":53,"8cddb65e":55,"031e488e":52,"51f80f4c":58,"7af9d3b1":59,"fe0df575":54,"4ac6bd4e":44,"608bc832":44,"8245f916":42,"8493f3b2":61,"ef16ca37":51,"a901627e":44,"3c0df8b4":53,"d9a64845":43,"95904ac4":68,"28654c76":63,"cf1b8c47":56,"195eb771":52,"24d24fa3":50,"dd1fcb17":51,"b460f030":63,"0eaf08da":55,"a0bc1ceb":46,"87ce8d1d":40,"c609739e":52,"8657c79d":62,"9147702f":44,"aa5dfdf5":57,"af0b61ab":55,"272c7672":47,"6751d8e4":61,"70c1e715":55,"5e193fc8":55,"e0154608":41,"d548635d":45,"3498f223":49,"b320feb9":52,"dcf85091":42,"c015ec5a":49,"0da28f5b":56,"0b959527":47
1604737479843,"14c682eb":46,"36380d96":56,"8f13c203":45,"0a2f71bc":43,"1623fc9f":43,"cc11fef9":57,"19e9776f":61,"66b7b5b4":42,"a8726d50":41,"ca6d2d91":53,"a68a93b2":45,"059d6c19":64,"93b0a158":50,"dffa7793":32,"7ee7621c":51,"ae99df30":51,"ea4d3f3e":57,"bd2705b0":60,"91b28f83":57,"78b97937":54,"25e0dd3d":59,"93e8cee5":61,"7d112f4d":54,"bc09fa9e":48,"debe1f65":60,"f734c84c":66,"ab7467de":65,"f3992a31":58,"f2086446":60,"cd522166":63,"6a7392d5":46,"78467b8a":56,"dd3913d2":44,"a59a8290":47,"50b558a7":44,"10ec5a0b":51,"7218c9f1":40,"e4cfef0a":42,"ae95f2ba":62,"53b4e647":65,"ba938220":49,"4d9b0b10":49,"43bc86e3":51,"d5dae4c4":52,"71ba7561":51,"8a165e17":51,"5f0c1b9d":61,"f789f6d8":63,"616d6dd6":53,"fe578280":50,"5be594be":56,"470d50c2":49,"f33c0140":56,"501db4de":53,"b5ce0c0c":57,"aab4d996":50,"ca7d47f7":58,"c4e70c07":51,"719c8869":65,"9e65c0ef":46,"7be025ce":48,"059d6c19":65,"4279e829":64,"b7434f57":44,"30fdcd3b":48,"902f49f5":53,"66497c7e":52,"66b7b5b4":43,"af157d29":56,"affb82bf":48,"ef8321d8":49,"a77e8461":39,"6d5fcd4c":52,"3f65f121":53,"8dd2684c":56,"5d087c79":56,"48efc739":62,"9d9dd9e5":47,"c6c85783":53,"c67979e6":59,"23760167":41,"36b7003c":64,"8cddb65e":56,"4125085e":59,"61d4782d":50,"c852d240":43,"9f5e6cba":61,"a6003226":53,"71a2a493":34,"00cf385d":63,"4258c176":49,"88ce179e":56,"7ee7621c":52,"7f6d1d0e":57,"4652b09a":55,"72b84094":63,"7b6a7048":62,"85de05f2":45,"4295ce9a":64,"70594a28":53,"92136ff5":49,"44ff8baa":46,"3062379b":40,"eb7b4e29":49,"84b67924":49,"a6626a13":47,"e58b26f6":45,"6751d8e4":62,"ef1c2dcb":53,"79be29c8":47,"2a4a402a":49,"fef750ca":59,"55928ef1":56,"20958d58":49,"c510bfd3":63,"2352c8ef":48,"b9be31d6":46,"cd522166":64,"f7231212":52,"056ea7ff":51,"1dad0f99":48,"f1df62b4":51,"50c468ba":44,"4d9b0b10":50,"616d6dd6":54,"e81834aa":56,"8aa78e2f":48,"5678ed7b":65,"07fc4a9a":51,"6a60348e":51,"489a39f7":44,"013ee301":59,"09f0db62":68,"a77e127d":40,"83086d4c":47,"2203f259":57,"f6fe095d":68,"836701f6":42,"3c43e8a2":57,"2e99f8fd":43,"0cb80f4a":55,"d102b0c6":43,"685207b3":59,"d34a29b9":56,"7f86be64":56,"0dad37d5":52,"1a68160d":50,"cb51f134":53,"e1571af7":54,"aab4d996":51,"69134f07":51,"0f029727":50,"0b959527":48,"0841052c":52,"e32524d6":53,"26ed1a5c":51,"d141db49":41,"08c6b5d2":49,"12012fbd":54,"3661e12d":48,"2dda3936":47,"f5596d0f":55,"9e206c95":64,"affb82bf":49,"4ed01268":47,"a9b1bd51":41,"99e171db":54,"8ec3834d":52,"36684155":51,"bb8a6337":43,"5a0eb771":56,"6867261a":46,"e99318a3":36,"e62d705f":44,"40a745c0":55,"9bdf362a":46,"bb98a6cf":67,"059d6c19":66,"65e4235b":55,"3101354b":47,"ae016053":59,"7ae34c64":53,"43bc86e3":52,"d5dae4c4":53,"cb4f262b":58,"5eab91a0":55,"c8977844":53,"db0a661e":55,"fa55f27a":59,"1bd5b20b":50,"ef16ca37":52,"d82592f4":54,"4b4ef7fa":55,"ad8f85d6":55,"792cfcbd":41,"8eb64769":45,"3e602573":37,"cf52025e":41,"44ff8baa":47,"8ea21393":48,"805534ac":46,"4e5aaaec":43,"c45d554f":51,"7bebff03":45,"261c9911":58,"f94bf9ea":44,"57d5dee8":55,"60d6cee2":54,"35aa7fd0":56,"aa9ea5e8":47,"8cd78f77":65,"92efd84f":46,"778c95e9":51,"88b3bc99":49,"e58b26f6":46,"4bcd4a30":64,"a6626a13":48,"5acce642":57,"c0b23081":56,"e0e48a2d":54,"6c20c153":49,"1757a30e":45,"e5b1abc6":49,"33d6bb6a":47,"f67de058":43,"05f6ab35":51,"c510bfd3":64,"7218c9f1":41,"9a3ab0b8":41,"30c184b8":47,"0d7d88f1":45,"abd32136":53,"869cbaa0":63,"50c468ba":45,"e28c2efc":50,"faf4f98b":50,"6db0ea86":48,"1138796e":49,"7732eb1e":68,"17b08923":45,"0d2c95fe":46,"25635c37":47,"3c782bb3":54,"a58bf525":48,"5410e9c6":58,"95f6db13":39,"0b3283c9":51,"d1676e89":55,"e7773397":44,"971675c5":60,"5e193fc8":56,"b3863630":45,"79f04300":51,"288d171f":48,"7f86be64":57,"34c5c729":45,"fbdffc95":43,"36380d96":57,"14c682eb":47,"65a00a3c":56,"37a7d5b0":54,"fce3c5c6":47,"5f620a1e":64,"5ab7bc35":56,"8942c35b":53,"3454fa2b":51,"f5596d0f":56,"bb99c79c":50,"f87c5031":46,"51f57142":54,"22ecaed0":48,"315537b2":47,"6adce358":57,"842c8340":44,"bad1a1cc":47,"0f1ac912":35,"04643409":53,"2a387957":58,"bb98a6cf":68,"d0c104c4":41,"655941a0":60,"a901627e":45,"fe44fc6f":55,"f3a0c2ee":46,"aa867541":42,"cf1b8c47":57,"00a481e3":50,"45b5746e":54,"4360a1a3":55,"19e9776f":62,"026766f3":41,"336d0f08":54,"8245f916":43,"d33790a2":58,"f9c15fcc":52,"7a6aa4b6":58,"0ac825ed":56,"5f8517b7":68,"ac62fac2":54,"aa00769b":63,"742f1425":52,"12271e14":49,"6ebe2354":39,"23080895":45,"87ce8d1d":41,"53747a91":60,"26dd2000":52,"0149e11a":43,"7e8e1c3d":50,"21e10a2b":40,"a0ce82b4":54,"4eed1bea":58,"47d27624":56,"64db4feb":55,"e9a8cf11":53,"c9efc8f6":57,"0681c48e":56,"227006e4":51,"3c18f28e":51,"17446892":44,"d552eb2f":46,"d1ca5d6b":60,"5747db6e":56,"50c3164b":61,"2d13e69b":54,"fb7482fe":52,"9147702f":45,"ee75b607":53,"0d770b97":59,"67d30f2b":54,"bd2705b0":61,"2882a956":59,"f56ac638":44,"5eab91a0":56,"82204d54":52,"30c184b8":48,"9a3ab0b8":42,"2a76f1dd":41,"f5e8dfee":56,"a0685bf3":66,"55928ef1":57,"d5059415":51,"9aa6a054":47,"629800eb":59,"6034b6d0":58,"b73e789c":48,"17b08923":46,"1f88a4b7":55,"54a676d6":48,"f277386e":44,"6c73ae98":55,"95f6db13":40,"ce4da56f":47,"0b3283c9":52,"a77e127d":41,"71ff66e8":45,"2203f259":58,"e0154608":42,"acac14fb":49,"e1618359":59,"c382f054":47,"c85a0d80":56,"9f2b16a7":48,"0da28f5b":57,"b320feb9":53,"aab4d996":52,"859545e6":34,"7e76c93c":56,"88fa53d6":45,"259930ee":55,"22176537":49,"140ce69e":53,"ef8321d8":50,"8547fbc2":53,"08c6b5d2":50,"3454fa2b":52,"b946e146":60,"cb6c9e42":65,"ce3407dd":49,"b88033fd":56,"97e75c19":60,"cf775f58":55,"cc6bbe45":44,"9316e7e8":37,"b9be31d6":47,"faf4f98b":51,"012de09c":44,"616d6dd6":55,"d9a64845":44,"8a165e17":52,"810aa5e9":51,"a5fd8ffd":60,"4bc46d7a":51,"026766f3":42,"f883d582":47,"b6591e25":52,"d0c104c4":42,"7cd0ad7b":61,"4360a1a3":56,"26f99a1e":52,"dc583e64":47,"77d35808":52,"b4fdf90e":56,"d0b297b2":44,"8f2a7d69":49,"b2a8761b":48,"36fb15d2":49,"761cf820":47,"336d0f08":55,"a0bc1ceb":47,"b7df1559":56,"481754fc":40,"804d4dfa":40,"dfc89705":56,"1c3a30c5":50,"201cafad":44,"92136ff5":50,"93e8cee5":62,"c650b434":56,"5c82d1ce":48,"25e0dd3d":60,"5fa12feb":48,"faf3ed07":52,"d957f027":44,"bfcb912a":57,"5774ac0d":58,"c4bff41f":47,"8d04852b":55,"5eaa1581":54,"71a2a493":35,"17446892":45,"911e770b":48,"d1ca5d6b":61,"eb7b4e29":50,"aec074c4":61,"72d7b461":51,"d3a669ac":66,"ea822700":47,"16b476e9":47,"7f6d1d0e":58,"54d7de6b":58,"7ee7621c":53,"ba586505":44,"2882a956":60,"6ee92259":56,"78b97937":55,"05f6ab35":52,"c463799d":59,"eebc8d43":49,"a59a8290":48,"7fdc2007":49,"8721056e":43,"2ce1af05":46,"abd32136":54,"d7cb9bcf":47,"d4ee22a4":55,"a636f4c9":68,"8b2b601d":52,"b84a06eb":55,"fb44fa9c":57,"1438fad7":57,"d9dcdc4b":60,"4945c851":63,"6d802fa2":44,"4e3f5178":54,"a836aa93":52,"f2086446":61,"0dad37d5":53,"0a92153e":51,"ebdbf580":46,"6b78ad7f":61,"f8b31ce5":68,"12dd6f5e":46,"175bc6b2":48,"945b63f0":71,"d2a841c9":42,"3454fa2b":53,"315537b2":48,"140ce69e":54,"2045d7d6":49,"9bdf362a":47,"49b358bd":53,"caddd0a7":63,"1623fc9f":44,"4577b333":57,"056ea7ff":52,"87cd2add":47,"e28c2efc":51,"a901627e":46,"52eca0dc":53,"71ba7561":52,"aa76bc50":49,"3a291497":48,"56473430":58,"fd482491":57,"f883d582":48,"bb98a6cf":69,"381c68fa":59,"66b7b5b4":44,"8942c35b":54,"c318d350":56,"312f7676":55,"1da771fb":50,"363590c7":45,"27f52ed3":67,"836701f6":43,"f6fe095d":69,"ea274174":51,"92d38723":55,"332820ce":53,"c7c4ec5c":42,"6585adbe":44,"0ac825ed":57,"4ea4a2a1":63,"dfc89705":57,"3b690f68":57,"1e7753d9":64,"26dd2000":53,"0a96f57a":62,"27d8bf51":52,"b6ee137a":50,"51c57542":52,"527ff946":55,"48efc739":63,"77f31bab":55,"f2364460":65,"84369269":50,"c67979e6":60,"d1fe2868":49,"03b4ab60":52,"d6d61bfc":60,"42c80e69":56,"c9efc8f6":58,"aec4e1bf":59,"b35bb8a1":44,"0681c48e":57,"92efd84f":47,"730338c4":68,"9ab755d3":48,"884b0ad1":54,"2d13e69b":55,"8657c79d":63,"7028b044":46,"ccb5ea3e":39,"c45d554f":52,"1a442bc7":52,"d4d5f466":56,"6c20c153":50,"cb4f262b":59,"bf30a08f":61,"6b82b527":46,"ba586505":45,"1bc0591f":60,"c1bb74f2":51,"8f10fa42":58,"8b5a8e9f":68,"b102f7bd":62,"062179c1":48,"a567ace4":51,"b460f030":64,"2198ba8e":52,"be1746a0":35,"12a2cd4b":56,"468fc85c":56,"71bc1295":56,"d36125db":68,"4945c851":64,"b84a06eb":56,"159ffd0b":25,"6c73ae98":56,"26009d3f":57,"bab97de3":59,"69134f07":52,"972f4174":61,"c85a0d80":57,"b2c25d1c":54,"88432019":50,"18815a1b":52,"49902219":58,"eeaa2d46":50,"0e036ae9":58,"623c6a31":53,"51f57142":55,"9b172ca8":46,"53431634":66,"c21ab51e":41,"a33fe0dd":63,"88fa53d6":46,"ba30e43a":58,"629800eb":60,"6034b6d0":59,"d7cb9bcf":48,"ac030e74":47,"869cbaa0":64,"43d87483":52,"2b698053":49,"d5dae4c4":54,"00a481e3":51,"65e4235b":56,"db8ba455":64,"91f7ef72":49,"fafb4cc2":73,"83b2f9c5":59,"c015ec5a":50,"a577db1c":44,"4577b333":58,"e5d3655c":58,"3a204e56":56,"8274885a":54,"d1676e89":56,"ea9bba6b":45,"5410e9c6":59,"f2470875":53,"c7ab83c1":44,"c4aa1e38":44,"2e99f8fd":44,"8c6e001f":39,"92d38723":56,"f1862e79":45,"336d0f08":56,"31f6d707":61,"5ccf94d6":50,"1e7753d9":65,"0c043224":56,"ddec9e54":44,"381c68fa":60,"4ee62a26":49,"026766f3":43,"36b7003c":65,"e15fd611":46,"1b881e6e":58,"c81b2bcf":43,"91d52a55":58,"36684155":52,"815e4582":56,"a1370ab0":54,"deb31f35":62,"bfcb912a":58,"64db4feb":56,"ed4fad08":56,"181c3dd5":51,"13747b82":53,"d552eb2f":47,"de6213c7":59,"af0b61ab":56,"92efd84f":48,"e58b26f6":47,"26dd2000":54,"4295ce9a":65,"ee75b607":54,"dffa7793":33,"d929098e":45,"a6b5e869":49,"abad2347":50,"290b4714":48,"04bef50c":34,"dd3913d2":45,"78467b8a":57,"fef750ca":60,"13b53c7a":51,"92ca52b7":53,"f2e3c0e3":46,"ec11fe5f":52,"261c9911":59,"a0cca8b7":43,"a0ce82b4":55,"6b9eff39":47,"07107f6e":57,"a0bc1ceb":48,"b6aaf976":60,"c609739e":53,"01cd8099":56,"2198ba8e":53,"71bc1295":57,"73b15e04":49,"1f88a4b7":56,"0be540c5":52,"69f3bfcc":52,"7732eb1e":69,"95f6db13":41,"411b5027":56,"28d41578":48,"835358a0":42,"aec074c4":62,"ac38a6a5":58,"8547fbc2":54,"172217e5":55,"a77e8461":40,"88432019":51,"06ee61b6":46,"1a2c020b":52,"efe84c27":44,"288d171f":49,"c4feee5b":53,"655954ba":50,"9496f56f":51,"c803b4a3":50,"d7cb9bcf":49,"b9be31d6":48,"053f3451":50,"00a17b46":51,"c38c2b52":61,"3a291497":49,"db8ba455":65,"5f0c1b9d":62,"3c0df8b4":54,"781ace7d":50,"f789f6d8":64,"1d44aff3":59,"4e3f5178":55,"d9f512b9":55,"aab4d996":53,"0b959527":49,"7043382d":56,"a81a857c":53,"b769bdfb":57,"6085137f":35,"5410e9c6":60,"6d61bf13":46,"27f52ed3":68,"93ac9ca3":45,"f1dffa24":44,"ef16ca37":53,"9e878ec2":66,"ea274174":52,"1bd5b20b":51,"45b038bb":70,"408bb2ed":42,"4ea4a2a1":64,"0f029727":51,"ffc86f94":46,"74f234c6":51,"180377be":49,"4360a1a3":57,"751bcf25":46,"0c043224":57,"d70ca4f4":57,"9d4da635":42,"d6320619":56,"15620dca":58,"c6c85783":54,"394dc144":56,"a939b50b":51,"b88033fd":57,"04643409":54,"5a0eb771":57,"9d9dd9e5":48,"162a7348":55,"d6d61bfc":61,"f94bf9ea":45,"2132fe93":61,"081460bf":50,"5ac86fb9":49,"3c18f28e":52,"4258c176":50,"290b4714":49,"bec9d329":58,"8bc04eb5":44,"9a80f004":50,"cd421290":51,"ac62fac2":55,"4febf7c5":60,"804d4dfa":41,"12271e14":50,"e6fac295":47,"0eaf08da":56,"27c8e038":57,"06ddafc7":51,"6291e9e9":54,"28d41578":49,"25e0dd3d":61,"a0ce82b4":56,"2ad42a9e":49,"ab7467de":66,"20777945":51,"26c390d6":46,"d1ca5d6b":62,"5747db6e":57,"0fc5ac7e":65,"4bcd4a30":65,"084cbc0b":46,"a6626a13":49,"c0fea118":50,"0f89862c":48,"11b74e63":46,"6c486702":64,"93b0a158":51,"a0685bf3":67,"1bb4ccc0":49,"70ee0491":43,"30c184b8":49,"9a07d89b":53,"619fda68":53,"a59a8290":49,"9aa6a054":48,"1dad0f99":49,"0d28db94":45,"87cd2add":48,"ae95f2ba":63,"cb142908":43,"731fc335":39,"906fdec3":46,"d9a64845":45,"fafb4cc2":74,"08a561b7":38,"4bc46d7a":52,"69eeae0d":55,"efe84c27":45,"0da28f5b":58,"e9679ede":45,"c4feee5b":54,"e7abc88d":34,"1247fa52":57,"c0b0f492":58,"8b2b601d":53,"8298e976":53,"4945c851":65,"1138796e":50,"5623817d":54,"8dc9b4db":58,"363590c7":46,"8dd649a3":41,"3712c4bd":46,"b769bdfb":58,"b7407bd3":47,"f1dffa24":45,"9260d96b":62,"d0c0fc08":50,"37a7d5b0":55,"8f13c203":46,"49b358bd":54,"e5d3655c":59,"259930ee":56,"08a06557":68,"7a9344a4":58,"110b1ee3":55,"dbd2f139":63,"4ee62a26":50,"93683c82":54,"430a5db5":58,"31408822":48,"51f57142":56,"57540cc3":54,"f5596d0f":57,"f87c5031":47,"d957f027":45,"01d817b8":46,"ce3407dd":50,"0e036ae9":59,"1b881e6e":59,"be4f8ba8":45,"5957df9e":56,"23760167":42,"bc3dc66a":52,"254cc28c":59,"7e15f8e8":58,"181c3dd5":52,"61d4782d":51,"64db4feb":57,"76f3a3be":50,"b35bb8a1":45,"5eaa1581":55,"ba586505":46,"ea4d3f3e":58,"04cc7cbe":46,"11b74e63":47,"cb4f262b":60,"9e878ec2":67,"f9c15fcc":53,"40569362":54,"49bf2e95":37,"48655f09":63,"c6e3d352":53,"458dcc3d":55,"64a7f79f":43,"17807120":50,"c609739e":54,"d8475b95":41,"6bc5d32a":66,"c8dc010f":55,"c650b434":57,"18d20aa1":52,"2ad42a9e":50,"cd421290":52,"92136ff5":51,"4bcd4a30":66,"bca2d7cd":48,"6a3eaf43":46,"884b0ad1":55,"0d2a1c58":42,"de6213c7":60,"dd7acb96":57,"51a3e9c2":54,"f0a06216":54,"eebc8d43":50,"19551bad":46,"eb2e1983":48,"2bcca6a7":71,"a567ace4":52,"8063df14":47,"78b97937":56,"07f98660":61,"76f94eda":52,"a85d89cc":54,"91536e85":57,"619fda68":54,"8fb236a9":52,"2b698053":50,"ae016053":60,"d9a64845":46,"71ba7561":53,"3a291497":50,"ef8987d7":54,"c21ab51e":42,"06ee61b6":47,"a4296d1e":53,"e36dfd6f":46,"f044c0e1":44,"a24e6670":57,"a4dafea5":48,"1438fad7":58,"cf84fb54":56,"5678ed7b":66,"fb7b7b3c":64,"836701f6":44,"8dc9b4db":59,"0b3283c9":53,"1da771fb":51,"c95719e5":44,"42191b64":45,"4ba6eb36":52,"b377a62a":43,"d0b297b2":45,"c7c4ec5c":43,"6b78ad7f":62,"cb51f134":54,"53431634":67,"57167c74":53,"4b4ecbce":50,"0f029727":52,"ba30e43a":59,"d9f512b9":56,"a33fe0dd":64,"df2b4d87":53,"2af60749":58,"c8977844":54,"4279e829":65,"5272520d":55,"40a745c0":56,"dbd2f139":64,"5cd3cfe0":40,"93683c82":55,"74c26380":49,"6e44927f":41,"d83870f5":56,"fea793f5":52,"54d7de6b":59,"af157d29":57,"e9adbe58":46,"172217e5":56,"9e206c95":65,"f2ca27d9":48,"ccdd1ce6":47,"0e036ae9":60,"5f7d7195":52,"d1fe2868":50,"c67979e6":61,"37fbb107":56,"bad1a1cc":48,"088feee2":59,"ce3407dd":51,"f94bf9ea":46,"d6d61bfc":62,"5e09f69e":60,"0681c48e":58,"74e3d13e":51,"24a9fb86":54,"5f8517b7":69,"50312237":55,"4ea4a2a1":65,"4cc141fa":42,"6be9332a":51,"d82592f4":55,"13f0e139":50,"4b4ef7fa":56,"24d24fa3":51,"c27969ec":51,"805534ac":47,"ab7467de":67,"ccb5ea3e":40,"c455f40e":44,"ecfa8249":54,"e4714415":57,"fd07e0ed":49,"6a3eaf43":47,"1f342a00":61,"5a07fc2e":51,"22234d6b":56,"b947257e":57,"6751d8e4":63
1604737480346,"8298e976":54,"b2703001":48,"1db42092":64,"f277386e":45,"1f88a4b7":57,"11888cfa":53,"b84a06eb":57,"6085137f":36,"b769bdfb":59,"25635c37":48,"004f1ef3":60,"b935fc1c":47,"5410e9c6":61,"09ff339a":41,"b7407bd3":48,"40569362":55,"08a4c3f8":54,"fa55f27a":60,"4ba6eb36":53,"0ac825ed":58,"608bc832":45,"56752a4a":50,"dfc89705":58,"87ce8d1d":42,"87922532":53,"468fc85c":57,"f1098793":56,"b2bd8fd3":53,"a3d4a0e5":60,"a24e6670":58,"e7e82473":66,"5678ed7b":67,"28d41578":50,"95f6db13":42,"bab97de3":60,"b0869206":54,"6c20c153":51,"0d770b97":60,"677c6a09":66,"82204d54":53,"1745a0f4":55,"5f4102da":56,"a66a2d8a":54,"cd522166":65,"6a7392d5":47,"a59a8290":50,"6b79fec2":42,"4d35385e":45,"8dd2684c":57,"af157d29":58,"dfa1a89b":51,"865d9857":43,"2dda3936":48,"25a7a0a3":55,"31d74eee":48,"789bd484":50,"5a0eb771":58,"e99318a3":37,"36b7003c":66,"aff8e442":50,"527ff946":56,"dc583e64":48,"77d35808":53,"3712c4bd":47,"5623817d":55,"22aeaf03":53,"363590c7":47,"02d4753e":60,"9e878ec2":68,"d33790a2":59,"45b038bb":71,"288afc30":47,"056ea7ff":53,"76f94eda":53,"7566fdd6":55,"db8ba455":66,"d2466211":64,"f905a555":47,"195eb771":53,"a06a6430":47,"053f3451":51,"8a165e17":53,"5f0c1b9d":63,"faf4f98b":52,"45b5746e":55,"fe44fc6f":56,"8323d333":46,"82b81567":48,"064a99c8":49,"a43061ee":43,"5774ac0d":59,"d6d61bfc":63,"aec4e1bf":60,"64db4feb":58,"284544ba":57,"0fc5ac7e":66,"5f6613c8":49,"5747db6e":58,"081460bf":51,"c4bff41f":48,"6a3eaf43":48,"72d7b461":52,"98915a1f":43,"c793cdda":46,"d82592f4":56,"12271e14":51,"73b15e04":50,"b6ee137a":51,"201cafad":45,"5e193fc8":57,"a4296d1e":54,"470d50c2":50,"0dad37d5":54,"be2955bb":52,"9b742f71":48,"d34a29b9":57,"a81a857c":54,"2af60749":59,"5f620a1e":65,"fbdffc95":44,"3fdb08f5":42,"37a7d5b0":56,"a4f1d83b":52,"ea6de194":49,"1e7753d9":66,"20e470e0":49,"3e602573":38,"8eb64769":46,"4945c851":66,"0d2c95fe":47,"8298e976":55,"67d30f2b":55,"677c6a09":67,"b3f19a69":51,"d83870f5":57,"7735c3c2":44,"93b0a158":52,"ee21ad02":56,"78467b8a":58,"8b5a8e9f":69,"b36a0d66":36,"cf50e84e":56,"05642105":49,"0be540c5":53,"af157d29":59,"7080f122":41,"175bc6b2":49,"d1715f3b":59,"2cb29e5a":58,"6d5fcd4c":53,"f2ca27d9":49,"ce3407dd":52,"37fbb107":57,"a1921150":63,"40a745c0":57,"0af920d8":40,"430a5db5":59,"58d46189":51,"ded7da5a":52,"c8dc010f":56,"79e4fa1c":44,"547903ef":56,"4295ce9a":66,"26dd2000":55,"53747a91":61,"09f0db62":69,"82868763":50,"5410e9c6":62,"363590c7":48,"b935fc1c":48,"578f6e9e":50,"f1dffa24":46,"de11eb19":63,"d0e9a58e":46,"792c9b6a":46,"b7407bd3":49,"c4aa1e38":45,"ea274174":53,"608bc832":46,"c1bb74f2":52,"1745a0f4":56,"33d6bb6a":48,"6c486702":65,"0042f6eb":66,"f7231212":53,"053f3451":52,"7a4c064c":55,"056ea7ff":54,"4d9b0b10":51,"d4ee22a4":56,"629800eb":61,"b2cfdbcf":54,"52eca0dc":54,"810aa5e9":52,"cf1b8c47":58,"83b2f9c5":60,"d9a64845":47,"74c26380":50,"1b881e6e":60,"bf822e33":53,"35aa7fd0":57,"5339e1e9":53,"12534561":43,"a9b1bd51":42,"72805bf5":44,"57d5dee8":56,"a2c334e7":67,"e9a8cf11":54,"725dce8b":51,"9ab755d3":49,"fd07e0ed":50,"fd369c21":57,"bca2d7cd":49,"b947257e":58,"de6213c7":61,"0bd93cfd":42,"2e3503e4":48,"be2955bb":53,"f121b82c":56,"704bce0d":54,"7f86be64":58,"8e99d5d0":52,"c5b35e4d":50,"1623fc9f":45,"c1bdfd41":46,"caddd0a7":64,"8f13c203":47,"44c77422":59,"4c39240e":48,"9316e7e8":38,"fbdffc95":45,"d70ca4f4":58,"5272520d":56,"eed20185":56,"48655f09":64,"04612878":53,"d82592f4":57,"ad8f85d6":56,"a43061ee":44,"b7df1559":57,"04cc7cbe":47,"bec9d329":59,"ba586505":47,"a6b5e869":50,"6c20c153":52,"00cf385d":64,"9cb4697f":55,"7732eb1e":70,"f044c0e1":45,"a24e6670":59,"17b08923":47,"a6bcb07e":54,"0d2c95fe":48,"90731976":47,"12dd6f5e":47,"0e036ae9":61,"f5596d0f":58,"dfa1a89b":52,"a63bddd4":59,"08c6b5d2":51,"416a9e97":52,"d957f027":46,"66d94227":41,"84369269":51,"7a9344a4":59,"0c043224":58,"b7434f57":45,"db703021":48,"6b9eff39":48,"e1f0dbfd":49,"6490bac6":51,"85de05f2":46,"3712c4bd":48,"d1676e89":57,"fb7b7b3c":65,"014bdff0":55,"25635c37":49,"e238f09b":54,"578f6e9e":51,"fa55f27a":61,"6f0fcb9d":61,"3652bd66":48,"9b546d65":49,"9d023afb":60,"9a3ab0b8":43,"eebc8d43":51,"f5e8dfee":57,"cd522166":66,"2352c8ef":49,"d5059415":52,"629800eb":62,"77bfed7e":53,"87cd2add":49,"ef14000f":58,"91536e85":58,"af7e5be8":54,"a15713c6":60,"7ae34c64":54,"da04caac":55,"28654c76":64,"fafb4cc2":75,"7896b953":50,"f905a555":48,"ea274174":54,"4ba6eb36":54,"8245f916":44,"a533489b":57,"a1921150":64,"5339e1e9":54,"99e171db":55,"1b881e6e":61,"bb8a6337":44,"12534561":44,"47cfba38":55,"13747b82":54,"3c18f28e":53,"aa9ea5e8":48,"b230e8d3":57,"6a3eaf43":49,"0d2a1c58":43,"aa5dfdf5":58,"272c7672":48,"d744bee2":50,"835358a0":43,"c793cdda":47,"805534ac":48,"70594a28":54,"3ef7432b":58,"9b742f71":49,"f121b82c":57,"fe578280":51,"f2086446":62,"6fb4cdda":58,"90a06ee9":58,"e1618359":60,"cc6bbe45":45,"7be025ce":49,"c0b0f492":59,"792cfcbd":42,"9c58dd76":61,"6be9332a":52,"12271e14":52,"be1746a0":36,"27c8e038":58,"0f72f2d8":50,"8bc04eb5":45,"6841f77e":64,"e4c312fe":49,"ad2d7bed":51,"f56ac638":45,"6775d5cd":45,"cf84fb54":57,"6a60348e":52,"49910300":53,"2cce4fb2":59,"1d153b20":49,"08c6b5d2":52,"53a8613c":61,"a77e8461":41,"0e036ae9":62,"eeaa2d46":51,"6d5fcd4c":54,"de36827b":66,"489a39f7":45,"54a676d6":49,"805af3c7":48,"f8b31ce5":69,"92f800f5":50,"cc11fef9":58,"751bcf25":47,"57167c74":54,"5ccf94d6":51,"3b690f68":58,"56d315d8":45,"cf1124db":44,"b7434f57":46,"3a204e56":57,"312f7676":56,"83086d4c":48,"09f0db62":70,"0b3283c9":54,"19f9ca86":63,"a40846b7":55,"04cc7cbe":48,"cfafcda8":51,"55928ef1":58,"c463799d":60,"30c184b8":50,"dc0c8b09":58,"13b53c7a":52,"b102f7bd":63,"67c57de4":78,"b9be31d6":49,"53b4e647":66,"d4ee22a4":57,"30b6808c":52,"4930f321":50,"9fce073c":56,"731fc335":40,"a15713c6":61,"7896b953":51,"49cb2959":52,"e0e6a097":45,"8493f3b2":62,"d0b297b2":46,"6f0fcb9d":62,"3a1b9af5":43,"8245f916":45,"b377a62a":44,"91d52a55":59,"088feee2":60,"cb6c9e42":66,"90d52475":53,"0670c466":51,"99e171db":56,"44a4f7cd":42,"e4714415":58,"d6d61bfc":64,"725dce8b":52,"dcfaba4c":47,"17446892":46,"bc3dc66a":53,"227006e4":52,"de6213c7":62,"8657c79d":64,"508aac3d":51,"fd369c21":58,"6a3eaf43":50,"fb7482fe":53,"1f342a00":62,"f734c84c":67,"bc09fa9e":49,"2ad42a9e":51,"8f9b74b0":43,"70594a28":55,"ded7da5a":53,"9a80f004":51,"704bce0d":55,"470d50c2":51,"c85a0d80":58,"c382f054":48,"e1618359":61,"baebb391":65,"742f1425":53,"26c6fa34":47,"aa00769b":64,"27c8e038":59,"12a2cd4b":57,"4febf7c5":61,"f789f6d8":65,"b2cfdbcf":55,"f905a555":49,"ee75b607":55,"7d6895f4":52,"d3e84616":56,"bc021def":61,"08c6b5d2":53,"2dda3936":49,"f2ca27d9":50,"12012fbd":55,"45fb95c1":58,"7732eb1e":71,"06ddafc7":52,"b552beb3":45,"168e75d9":49,"1e232870":56,"e32524d6":54,"4c39240e":49,"ba30e43a":60,"5f620a1e":66,"fbdffc95":46,"c1bdfd41":47,"08a06557":69,"66b7b5b4":45,"ca6d2d91":54,"e62d705f":45,"751bcf25":48,"a4f1d83b":53,"cd3bbe7e":61,"be40590d":53,"cf50e84e":57,"0d2c95fe":49,"05642105":50,"363590c7":49,"8e4c33d2":50,"9a3cc55d":41,"8dd649a3":42,"6b79fec2":43,"d1676e89":58,"2c5c1dc0":49,"88ce179e":57,"cb4f262b":61,"ea4d3f3e":59,"ad2d7bed":52,"4b125e7b":60,"935ec056":42,"eb2e1983":49,"2a76f1dd":42,"a59a8290":51,"25a2844e":51,"7bda83dd":53,"062179c1":49,"dc0c8b09":59,"07f98660":62,"abd32136":55,"753ca352":44,"95539a58":39,"93b9fae6":49,"597c1f81":42,"0785820e":62,"34658473":49,"40569362":56,"7a2f3f06":49,"ccf8b803":48,"254cc28c":60,"37fbb107":58,"48efc739":64,"5f7d7195":53,"8ec3834d":53,"aff8e442":51,"5eaa1581":56,"57d5dee8":57,"17446892":47,"40860a4b":40,"dcfaba4c":48,"24a9fb86":55,"6632fed0":58,"508aac3d":52,"730338c4":69,"b947257e":59,"2c627253":51,"e58b26f6":48,"92d38723":57,"79e4fa1c":45,"e1f0dbfd":50,"2b3c49b9":54,"df81ddee":45,"6490bac6":52,"77898c22":45,"2209903e":54,"b2c25d1c":55,"be2955bb":54,"332820ce":54,"288afc30":48,"4ba6eb36":55,"064a99c8":50,"d82592f4":58,"26c6fa34":48,"b7df1559":58,"946df4fd":47,"bad6cdb1":46,"08a561b7":39,"7ae34c64":55,"91f7ef72":50,"ef8987d7":55,"42cd2360":42,"2dd0e808":56,"3101354b":48,"f1098793":57,"9147702f":46,"39ba00f0":50,"945b63f0":72,"1d153b20":50,"bc021def":62,"fe578280":52,"0dad37d5":55,"696fdac5":54,"104721f0":52,"1247fa52":58,"62d1d346":44,"aab4d996":54,"cc6bbe45":46,"7e76c93c":57,"57167c74":55,"ce3bf5db":44,"61f25dd4":62,"142d6987":59,"44c77422":60,"5cd3cfe0":41,"655941a0":61,"0af920d8":41,"7a9344a4":60,"430a5db5":60,"59431390":51,"b36a0d66":37,"2cce4fb2":60,"bab97de3":61,"e7e82473":67,"868edcc0":52,"cf84fb54":58,"77d35808":54,"39bbc4bc":68,"5410e9c6":63,"95d331b1":39,"7f6d1d0e":59,"54d7de6b":60,"51a3e9c2":55,"6775d5cd":46,"a502c93c":50,"b0869206":55,"1105f790":58,"478d2d4f":64,"8f10fa42":59,"8b5a8e9f":70,"30c184b8":51,"dfcc2ad1":57,"dd3913d2":46,"e4cfef0a":43,"43d87483":53,"9f74b8a4":49,"869cbaa0":65,"93b9fae6":50,"af7e5be8":55,"91536e85":59,"8dd649a3":43,"971675c5":61,"c564e316":52,"ea9bba6b":46,"a77e8461":42,"e9adbe58":47,"4d35385e":46,"0277d748":69,"99e171db":57,"0f1ac912":36,"5a0eb771":59,"25d1b2d8":53,"44a4f7cd":43,"e99318a3":38,"66d94227":42,"1ed46298":60,"5774ac0d":60,"bfcb912a":59,"f94bf9ea":47,"8cddb65e":57,"24a9fb86":56,"57d5dee8":58,"6751d8e4":64,"07107f6e":58,"c455f40e":45,"805534ac":49,"26dd2000":56,"547903ef":57,"93e8cee5":63,"0149e11a":44,"761cf820":48,"d0c0fc08":51,"45b038bb":72,"db0a661e":56,"cfe72ead":45,"31f6d707":62,"40569362":57,"0eaf08da":57,"d8e58a8c":60,"3a291497":51,"da04caac":56,"a0cf08b3":47,"7896b953":52,"d5dae4c4":55,"dc03ebd2":66,"74e01f6a":56,"458dcc3d":56,"12a2cd4b":58,"cf52025e":42,"8eb64769":47,"aa00769b":65,"b947257e":60,"f271ed5d":51,"7db3edda":58,"9fa62fee":53,"84b767be":61,"c793cdda":48,"c382f054":49,"b3863630":46,"4b4ecbce":51,"b2c25d1c":56,"ab7d4c9a":47,"90a06ee9":59,"9b172ca8":47,"c8fcad77":50,"d141db49":42,"110b1ee3":56,"14c682eb":48,"7a9344a4":61,"5f620a1e":67,"d0c104c4":43,"e32524d6":55,"a68a93b2":46,"4ee62a26":51,"92f800f5":51,"751bcf25":49,"ffc86f94":47,"430a5db5":61,"5678ed7b":68,"e8f173b5":46,"2d1e1e9d":47,"8d753bb6":43,"8298e976":56,"0b5a0408":49,"06ddafc7":53,"11b74e63":48,"cb4f262b":62,"bb00e71c":45,"54d7de6b":61,"6ee92259":57,"aa187e3b":45,"ae99df30":52,"25a2844e":52,"33d6bb6a":49,"9d023afb":61,"13b53c7a":53,"6a7392d5":48,"c510bfd3":65,"0042f6eb":67,"10ec5a0b":52,"c318d350":57,"25635c37":50,"2203f259":59,"d599b566":69,"26f99a1e":53,"3712c4bd":49,"39bbc4bc":69,"6cba74ce":50,"25a7a0a3":56,"53a8613c":62,"7080f122":42,"eeaa2d46":52,"f5596d0f":59,"6de0aaac":39,"8ec3834d":54,"e99318a3":39,"97e75c19":61,"bad1a1cc":49,"088feee2":61,"bda8cdfb":58,"f4b2f575":44,"5774ac0d":61,"c4bff41f":49,"dcfaba4c":49,"76f3a3be":51,"1ed46298":61,"288a2c43":52,"6632fed0":59,"d25e0f8d":51,"9d0546ac":52,"cd421290":53,"85de05f2":47,"f9f2c53f":50,"3ef7432b":59,"fb8bfb36":73,"5a0ead91":41,"cfe72ead":46,"3d1af513":59,"b35e9e1a":78,"82b81567":49,"02d4753e":61,"ef16ca37":54,"53b4e647":67,"6f39f4d9":68,"a85d89cc":55,"f7231212":54,"77bfed7e":54,"c803b4a3":51,"45b5746e":56,"f905a555":50,"d8e58a8c":61,"1d44aff3":60,"83b2f9c5":61,"da04caac":57,"c91966ce":45,"468fc85c":58,"3e602573":39,"aefe13f5":62,"481754fc":41,"bc392d1c":44,"cbad3b92":67,"73b15e04":51,"8657c79d":65,"fd07e0ed":51,"3c6692a3":54,"50c3164b":62,"b7832271":51,"a625328f":52,"2d13e69b":56,"470d50c2":52,"104721f0":53,"8e780922":51,"e5d3655c":60,"e7abc88d":35,"f598a332":56,"57167c74":56,"ebdbf580":47,"4577b333":59,"7e76c93c":58,"c21ab51e":43,"b7434f57":47,"bb98a6cf":70,"1623fc9f":46,"2045d7d6":50,"430a5db5":62,"7be025ce":50,"3b690f68":59,"4360a1a3":58,"61f25dd4":63,"6e24d88b":55,"d6db2b02":57,"17b08923":48,"95bc84f1":44,"b36a0d66":38,"90731976":48,"489a39f7":46,"0b5a0408":50,"f0a06216":55,"93b0a158":53,"d815c5b4":60,"ea4d3f3e":60,"95d331b1":40,"ee21ad02":57,"8bc04eb5":46,"a8c93bed":52,"dfcc2ad1":58,"cd522166":67,"8b5a8e9f":71,"8007f30e":39,"13b53c7a":54,"eebc8d43":52,"5b60dd1d":57,"39bbc4bc":70,"1da771fb":52,"f2470875":54,"578f6e9e":52,"ecfa8249":55,"f734c84c":68,"a851554d":64,"92136ff5":52,"8ea21393":49,"7bebff03":46,"c455f40e":46,"affb82bf":50,"d3e84616":57,"a63bddd4":60,"558d5ce7":60,"8cc4a982":44,"4469c815":37,"140ce69e":55,"25d1b2d8":54,"47d27624":57,"e99318a3":40,"254cc28c":61,"04643409":55,"a983a6dc":50,"0f1ac912":37,"5e09f69e":61,"64db4feb":59,"4911acad":39,"40860a4b":41,"8cddb65e":58,"dc473de1":47,"e7773397":45,"6085137f":37,"1b153aef":49,"3d1af513":60,"0cb80f4a":56,"f9c15fcc":54,"fe0df575":55,"8323d333":47,"8d000d6e":47,"621d6b18":58,"d5059415":53,"e28c2efc":52,"00a17b46":52,"0d28db94":46,"53b4e647":68,"f1df62b4":52,"abc1d7ad":56,"69eeae0d":56,"a5676c24":51,"74c26380":51,"a851891c":43,"537634c9":45,"4abb7aed":50,"12a2cd4b":59,"481754fc":42,"804d4dfa":42,"b7df1559":59,"a6003226":54,"bca2d7cd":50,"70bc8325":46,"284544ba":58,"d0d6acb1":50,"383e232d":48,"22234d6b":57,"2f455cce":47,"9fc713b0":56,"cf52025e":43,"59c1e594":59,"6fb4cdda":59,"9267f0ef":63,"80a8a56d":52,"2e3503e4":49,"e7abc88d":36,"c5b35e4d":51,"1e232870":57,"04ea5673":59,"b320feb9":54,"ba30e43a":61,"d141db49":43,"cc11fef9":59,"5f620a1e":68,"cd3bbe7e":62,"805af3c7":49,"30c5d755":56,"5272520d":57,"b7434f57":48,"4ee62a26":52,"d033db8d":49,"bb98a6cf":71,"159ffd0b":26,"e81834aa":57,"5678ed7b":69,"1438fad7":59,"0d2c95fe":50,"489a39f7":47,"a8871ddf":53,"ee21ad02":58,"d815c5b4":61,"e0e48a2d":55,"a6b5e869":51,"7735c3c2":45,"5b5fc566":48,"e356abf1":53,"a8c93bed":53,"9a3ab0b8":44,"ec11fe5f":53,"dc0c8b09":60,"ba5c52af":54,"2a4a402a":50,"b6ee137a":52,"e2a7d915":56,"e2cbe594":46,"44ff8baa":48,"2b3c49b9":55,"e21c6207":49,"c45d554f":53,"5623817d":56,"140ce69e":56,"315537b2":49,"22176537":50,"e9adbe58":48,"f3d68430":58,"51f57142":57,"57540cc3":55,"7e15f8e8":59,"0f1ac912":38,"0670c466":52,"1a0189c4":53,"9ceb5439":43,"1d790491":55,"36684155":53,"725dce8b":53,"e4714415":59,"61d4782d":52,"f5cd79c1":45,"e7773397":46,"6d61bf13":47,"3f2522c2":56,"22aeaf03":54,"d599b566":70,"554ebb83":52,"4f5e3e7d":49,"d33790a2":60,"00554ffd":60,"4ba6eb36":56,"b8397293":48,"608bc832":47,"20958d58":50,"7218c9f1":42,"597c1f81":43,"77bfed7e":55,"ac030e74":48,"a85d89cc":56,"9c29f0ed":57,"0bfabf48":53,"d5dae4c4":56,"3101354b":49,"71ba7561":54,"3f75d3bc":50,"d9a64845":48,"95904ac4":69,"61145ec9":65,"dd1fcb17":52,"35aa7fd0":58,"031e488e":53,"f94bf9ea":48,"6632fed0":60,"72d7b461":53,"70bc8325":47,"f271ed5d":52,"88b3bc99":50,"8cd78f77":66,"508aac3d":53
1604737481649,"8e99d5d0":53,"69134f07":53,"d34a29b9":58,"c382f054":50,"f33c0140":57,"e0154608":43,"9f2b16a7":49,"30c5d755":57,"014460b9":64,"04ea5673":60,"719c8869":66,"f8b31ce5":70,"c0b0f492":60,"cc11fef9":60,"d634aa28":61,"75ffea08":56,"30dbfc69":50,"4ee62a26":53,"cf1124db":45,"1a2ec5d7":58,"a8726d50":42,"5a622a23":50,"5fa12feb":49,"df81ddee":46,"25e0dd3d":62,"bc09fa9e":50,"77898c22":46,"93e8cee5":64,"aaa274a5":51,"2882a956":61,"00cf385d":65,"6841f77e":65,"7fef9973":61,"8bc04eb5":47,"9cb4697f":56,"ea4d3f3e":61,"78b97937":57,"0042f6eb":68,"25a2844e":53,"ec11fe5f":54,"9b546d65":50,"9a3ab0b8":45,"7af262e5":57,"2b698053":51,"7fb4c521":49,"87cd2add":50,"50c468ba":46,"053f3451":53,"43d87483":54,"faf4f98b":53,"d548635d":46,"a3253019":51,"69d4b754":45,"754f98c9":54,"9267f0ef":64,"c7313e0a":56,"dcf85091":43,"c0b0f492":61,"859545e6":35,"a577db1c":45,"04ea5673":61,"e5d3655c":61,"9bdf362a":48,"26ed1a5c":52,"9e65c0ef":47,"4360a1a3":59,"e62d705f":46,"f3a0c2ee":47,"65e4235b":57,"da04caac":58,"616d6dd6":56,"ec110282":51,"5f0c1b9d":64,"52eca0dc":55,"94a2fe10":59,"f2ca27d9":51,"9c045c61":55,"3f65f121":54,"b946e146":61,"546f6845":58,"623c6a31":54,"9a467a82":48,"50d129cf":49,"cf775f58":56,"5d087c79":57,"449d8475":49,"23760167":43,"4ed01268":48,"25d1b2d8":55,"61f25dd4":64,"58d46189":52,"be40590d":54,"8eb64769":48,"03dcfa3d":52,"4febf7c5":62,"35b58ef9":39,"eed20185":57,"26dd2000":57,"6b9eff39":49,"27d8bf51":53,"913a6226":53,"3b7763b1":43,"a1370ab0":55,"13747b82":55,"57d5dee8":59,"c64de0c0":45,"35aa7fd0":59,"5774ac0d":62,"6632fed0":61,"f069bb07":57,"af0b61ab":57,"3c6692a3":55,"84b767be":62,"fd369c21":59,"778c95e9":52,"c793cdda":49,"6775d5cd":47,"88ce179e":58,"d1d40c9c":62,"b3f19a69":52,"3b2dee89":52,"6b82b527":47,"e356abf1":54,"eebc8d43":53,"c1bb74f2":53,"2a76f1dd":43,"70ee0491":44,"f67de058":44,"a0685bf3":68,"fee32863":45,"8ac72326":47,"0bfabf48":54,"7bebff03":47,"c8dc010f":57,"804d4dfa":43,"159ffd0b":27,"7732eb1e":72,"bab97de3":62,"f277386e":46,"f044c0e1":46,"489a39f7":48,"1138796e":51,"f2470875":55,"578f6e9e":53,"e1618359":62,"be2955bb":55,"dcf85091":44,"4c4aa2e2":54,"6fb4cdda":60,"9267f0ef":65,"e9679ede":46,"75ffea08":57,"ca7d47f7":59,"25776fc4":59,"30b6808c":53,"7a4c064c":56,"b73e789c":49,"ac030e74":49,"2ce1af05":47,"d5dae4c4":57,"7c0a2db6":57,"f3a0c2ee":48,"fe44fc6f":57,"b28a5e67":55,"f905a555":51,"abc1d7ad":57,"5ab7bc35":57,"01d817b8":47,"1d153b20":51,"2dda3936":50,"6d5fcd4c":55,"d6320619":57,"af157d29":60,"b946e146":62,"36684155":54,"e15fd611":47,"c67979e6":62,"0f1ac912":39,"a33fe0dd":65,"b320feb9":55,"bb98a6cf":72,"24ffcbd3":61,"66497c7e":53,"1e7753d9":67,"dbd2f139":65,"0c0e98ea":42,"906632cb":44,"09f0db62":71,"363590c7":50,"095ab3b4":44,"22aeaf03":55,"f6fe095d":70,"7ae3fc50":55,"cd95f558":53,"332820ce":55,"a533489b":58,"b35e9e1a":79,"cfe72ead":47,"3a1b9af5":44,"468fc85c":59,"13f0e139":51,"0c043224":59,"c81b2bcf":44,"650bb0e0":52,"2a387957":59,"c93c3508":35,"74e3d13e":52,"ed4fad08":57,"0ecfa1c9":50,"a47abfbb":46,"24a9fb86":57,"5ac86fb9":50,"84b67924":50,"0d2a1c58":44,"f4726450":50,"aaa274a5":52,"5a07fc2e":52,"9ab755d3":50,"4bcd4a30":67,"20777945":52,"c650b434":58,"6490bac6":53,"b6ee137a":53,"fea793f5":53,"4652b09a":56,"5eab91a0":57,"6c20c153":53,"e6ec8cbf":63,"7ee7621c":54,"7f6d1d0e":60,"733c86f8":46,"be3a10f8":58,"fead11cf":47,"05f6ab35":53,"19551bad":47,"df81ddee":47,"bad6cdb1":47,"b7df1559":60,"c27969ec":52,"a43061ee":45,"03c398d2":50,"159ffd0b":28,"a8871ddf":54,"3c782bb3":55,"6a60348e":53,"a4dafea5":49,"7732eb1e":73,"4945c851":67,"debe1f65":61,"913a6226":54,"69134f07":54,"3498f223":50,"c0fea118":51,"4c4aa2e2":55,"53431634":68,"dbc9df44":46,"36380d96":58,"315537b2":50,"4469c815":38,"4d35385e":47,"af157d29":61,"172217e5":57,"8dd2684c":58,"51f57142":58,"7fdc2007":50,"ba938220":50,"c463799d":61,"7a840529":32,"385ab7c6":53,"619fda68":55,"8fb236a9":53,"e28c2efc":53,"faf4f98b":54,"5f96c2bc":41,"0a1d11e6":47,"a5fd8ffd":61,"b28a5e67":56,"a15713c6":62,"dc03ebd2":67,"731fc335":41,"805af3c7":50,"fbdffc95":47,"25776fc4":60,"e786063b":53,"fce3c5c6":48,"4ee62a26":54,"c1bdfd41":48,"0b3283c9":55,"9a3cc55d":42,"fb7b7b3c":66,"695a2b92":54,"8e4c33d2":51,"e7773397":47,"b769bdfb":60,"fa55f27a":62,"b2a8761b":49,"b7407bd3":50,"332820ce":56,"d0b297b2":47,"e0e6a097":46,"34658473":50,"906632cb":45,"75ffea08":58,"3b690f68":60,"30fdcd3b":49,"66497c7e":54,"751acea8":50,"a68a93b2":47,"ea4d3f3e":62,"4652b09a":57,"ee21ad02":59,"bd2705b0":62,"124fbe96":55,"4b125e7b":61,"e356abf1":55,"6c524f99":43,"dd3913d2":47,"5957df9e":57,"66d94227":43,"93fdbb44":42,"1a0189c4":54,"91d52a55":60,"d5557fb4":52,"c67979e6":63,"74e3d13e":53,"6867261a":47,"3a1d1632":31,"b230e8d3":58,"c852d240":44,"540df50f":58,"72805bf5":45,"a6626a13":50,"dd7acb96":58,"d744bee2":51,"272c7672":49,"508aac3d":54,"aec074c4":63,"9147702f":47,"feb67030":42,"6490bac6":54,"8f9b74b0":44,"03dcfa3d":53,"a543ec74":57,"eed20185":58,"12271e14":53,"0eaf08da":58,"792cfcbd":43,"8eb64769":49,"95bc84f1":45,"8aa78e2f":49,"07fc4a9a":52,"6a60348e":54,"90731976":49,"b84a06eb":58,"a4dafea5":50,"a0ce82b4":57,"85de05f2":48,"92136ff5":53,"3b7763b1":44,"f121b82c":58,"69d4b754":46,"7d6895f4":53,"affb82bf":51,"217c0327":35,"eeaa2d46":53,"57540cc3":56,"be4f8ba8":46,"e7abc88d":37,"06ee61b6":48,"0a92153e":52,"fef750ca":61,"be3a10f8":59,"30c184b8":52,"1745a0f4":57,"2352c8ef":50,"f1df62b4":53,"6034b6d0":60,"ba938220":51,"43d87483":55,"f7231212":55,"4930f321":51,"faf4f98b":55,"ef8987d7":56,"a5676c24":52,"f905a555":52,"aa76bc50":50,"b2cfdbcf":56,"f3a0c2ee":49,"00a481e3":52,"cb51f134":55,"e0154608":44,"c0b0f492":62,"caddd0a7":65,"ba30e43a":62,"f6fe095d":71,"09f0db62":72,"5099c6a0":63,"d599b566":71,"26f99a1e":54,"93ac9ca3":46,"5781776a":56,"67f6e4f2":58,"8245f916":46,"06073f13":57,"9263c525":49,"4ea4a2a1":66,"40569362":58,"d33790a2":61,"c1bdfd41":49,"25776fc4":61,"49b358bd":55,"30c5d755":58,"142d6987":60,"1e191c98":38,"d70ca4f4":59,"3f9b5722":39,"61f25dd4":65,"5ccf94d6":52,"7a9344a4":62,"7fef9973":62,"6ee92259":58,"d815c5b4":62,"cb4f262b":63,"d83870f5":58,"6b82b527":48,"fea793f5":54,"2dda3936":51,"d957f027":47,"faf3ed07":53,"254cc28c":62,"ce3407dd":53,"527ff946":57,"6e98dfda":57,"aff8e442":52,"8cddb65e":59,"76f3a3be":52,"aa9ea5e8":49,"0681c48e":59,"f94bf9ea":49,"35aa7fd0":60,"9b3f8714":49,"2d13e69b":57,"1f7607df":35,"b947257e":61,"a625328f":53,"b5763ff6":43,"911e770b":49,"f271ed5d":53,"03c398d2":51,"87ce8d1d":43,"458dcc3d":57,"bc392d1c":45,"792cfcbd":44,"4cc141fa":43,"48655f09":65,"d9dcdc4b":61,"a3d4a0e5":61,"d36125db":69,"fb44fa9c":58,"11888cfa":54,"bbe71605":48,"b552beb3":46,"0149e11a":45,"d25e0f8d":52,"8f9b74b0":45,"4eed1bea":59,"bfad1727":53,"5fa12feb":50,"3007f31f":49,"a63bddd4":61,"ef8321d8":51,"cb51f134":56,"696fdac5":55,"7af262e5":58,"e5b1abc6":50,"733c86f8":47,"afe8e06a":42,"fe8f3d36":46,"9b546d65":51,"9d023afb":62,"c803b4a3":52,"ac030e74":50,"1dad0f99":50,"621d6b18":59,"0bfabf48":55,"753ca352":45,"a06a6430":48,"a5fd8ffd":62,"52eca0dc":56,"2c6cb96f":43,"313258f2":50,"a0cf08b3":48,"49cb2959":53,"810aa5e9":53,"f598a332":57,"0dad37d5":56,"69d4b754":47,"34c5c729":46,"363590c7":51,"c564e316":53,"8e4c33d2":52,"8dd649a3":44,"0b3283c9":56,"22aeaf03":56,"e7773397":48,"00554ffd":61,"36fb15d2":50,"6f0fcb9d":63,"d33790a2":62,"3498f223":51,"e1571af7":55,"c8fcad77":51,"d033db8d":50,"180377be":50,"ba30e43a":63,"30dbfc69":51,"4577b333":60,"7043382d":57,"40a745c0":58,"79be29c8":48,"5272520d":58,"719c8869":67,"5cd3cfe0":42,"ffc86f94":48,"53a8613c":63,"ec2cb1af":60,"f2ca27d9":52,"b946e146":63,"8547fbc2":55,"e15fd611":48,"a1921150":65,"1b881e6e":62,"f2364460":66,"2b3e4717":53,"be149c6f":58,"0670c466":53,"c852d240":45,"c6c85783":55,"a47abfbb":47,"60d6cee2":55,"8cddb65e":60,"3c6692a3":56,"c8977844":55,"fa55f27a":63,"9263c525":50,"e0e6a097":47,"468fc85c":60,"99d130c9":62,"23080895":46,"a543ec74":58,"0eaf08da":59,"c6e3d352":54,"742f1425":54,"4ff2225d":52,"8aa78e2f":50,"6490bac6":55,"9a80f004":52,"c650b434":59,"f734c84c":69,"bfad1727":54,"85de05f2":49,"5c82d1ce":49,"54d7de6b":62,"b3f19a69":53,"bd2705b0":63,"a567ace4":53,"ba5c52af":55,"87c462ee":52,"2bcca6a7":72,"93b0a158":54,"0e2b5d2f":50,"07f98660":63,"d39724bc":52,"08a561b7":40,"062179c1":50,"00a17b46":53,"629800eb":63,"5ef93e5d":43,"b8488fc8":51,"93b9fae6":51,"b3863630":47,"45fb95c1":59,"1be05c14":40,"95bc84f1":46,"e7e82473":68,"1f88a4b7":58,"82868763":51,"ea9bba6b":47,"83086d4c":49,"3712c4bd":50,"19f9ca86":64,"69134f07":55,"be2955bb":56,"7db3edda":59,"227006e4":53,"eb7b4e29":51,"5ac86fb9":51,"bca2d7cd":51,"aaa274a5":53,"0d2a1c58":45,"92efd84f":49,"eafbf9fb":58,"a3253019":52,"dbc9df44":47,"4b4ecbce":52,"754f98c9":55,"5f620a1e":69,"0a2f71bc":44,"4777334c":51,"7be025ce":51,"110b1ee3":57,"d141db49":44,"f883d582":49,"a8726d50":43,"e5d3655c":62,"37a7d5b0":57,"5ccf94d6":53,"c2bb8aae":49,"0c043224":60,"a4f1d83b":54,"2352c8ef":51,"a851891c":44,"d4ee22a4":58,"dc03ebd2":68,"95539a58":40,"f789f6d8":66,"7218c9f1":43,"42cd2360":43,"fe44fc6f":58,"71ff66e8":46,"4ea4a2a1":67,"ef16ca37":55,"c0b7e7d7":49,"4ac6bd4e":45,"554ebb83":53,"b4fdf90e":57,"cd95f558":54,"d33790a2":63,"bad6cdb1":48,"b6aaf976":61,"c27969ec":53,"bc392d1c":46,"ad8f85d6":57,"2d382981":52,"0f72f2d8":51,"d3e84616":58,"558d5ce7":61,"a63bddd4":62,"91d52a55":61,"bb99c79c":51,"bf822e33":54,"b9a48a5c":44,"9ceb5439":44,"61d4782d":53,"affb82bf":52,"50d129cf":50,"9b3f8714":50,"af034fee":45,"97e75c19":62,"25d1b2d8":56,"51f80f4c":59,"d1fe2868":51,"70c1e715":56,"1ed46298":62,"70bc8325":48,"081460bf":52,"1f7607df":36,"35aa7fd0":61,"aec074c4":64,"e58b26f6":49,"a851554d":65,"feb67030":43,"4e5aaaec":44,"ccb5ea3e":41,"21e10a2b":41,"201cafad":46,"e1f0dbfd":51,"e4c312fe":50,"d815c5b4":63,"6c20c153":54,"88ce179e":59,"c0b23081":57,"bec9d329":60,"79be29c8":49,"b87158fb":60,"dfcc2ad1":59,"30c184b8":53,"33d6bb6a":50,"afe8e06a":43,"a567ace4":54,"a66a2d8a":55,"9c29f0ed":58,"ba938220":52,"c803b4a3":53,"0d7d88f1":46,"cf9f4757":36,"87cd2add":51,"2ce1af05":48,"616d6dd6":57,"6a60348e":55,"d6db2b02":58,"fb44fa9c":59,"6db0ea86":49,"0d2c95fe":51,"11888cfa":55,"de36827b":67,"1951480c":57,"d1676e89":59,"e7773397":49,"6b79fec2":44,"7ee148e9":51,"93ac9ca3":47,"5781776a":57,"508aac3d":55,"dd7acb96":59,"3454fa2b":54,"d6320619":58,"affb82bf":53,"7080f122":43,"dcf85091":45,"90a06ee9":60,"e9679ede":47,"6b78ad7f":63,"c5b35e4d":52,"c85a0d80":59,"9b742f71":50,"57167c74":57,"25776fc4":62,"08a06557":70,"c1bdfd41":50,"ca6d2d91":55,"4279e829":66,"37a7d5b0":58,"c2bb8aae":50,"b5ce0c0c":58,"66b7b5b4":46,"e786063b":54,"902f49f5":54,"1e7753d9":68,"be40590d":55,"a5676c24":53,"a0cf08b3":49,"61145ec9":66,"f905a555":53,"345c9967":51,"dd035d2a":48,"0cb80f4a":57,"c4aa1e38":46,"8245f916":47,"45b038bb":73,"d33790a2":64,"d0b297b2":48,"08a4c3f8":55,"4febf7c5":63,"bad6cdb1":49,"aefe13f5":63,"12271e14":54,"0eaf08da":60,"e6fac295":48,"a0bc1ceb":49,"f3d68430":59,"0e036ae9":63,"8dd2684c":59,"5d087c79":58,"36b7003c":67,"d5557fb4":53,"c81b2bcf":45,"d1fe2868":52,"650bb0e0":53,"d957f027":48,"081460bf":53,"bb8a6337":45,"9b3f8714":51,"5774ac0d":63,"031e488e":54,"24a9fb86":58,"68562193":42,"084cbc0b":47,"508aac3d":56,"2f455cce":48,"d1ca5d6b":63,"df81ddee":48,"3b7763b1":45,"4e5aaaec":45,"9a80f004":53,"21e10a2b":42,"51c57542":53,"201cafad":47,"d39724bc":53,"dffa7793":34,"9d4f1fe6":42,"51a3e9c2":56,"ad2d7bed":53,"d4d5f466":57,"e4c312fe":51,"fef750ca":62,"1bc0591f":61,"8b5a8e9f":72,"eb2e1983":50,"5f4102da":57,"4c0e547b":48,"831c7b85":52,"87cd2add":52,"cb142908":44,"8ac72326":48,"50c468ba":47,"b9be31d6":50,"a06a6430":49,"ad303bda":58,"6291e9e9":55,"2d1e1e9d":48,"bab97de3":63,"e7e82473":69,"45fb95c1":60,"b552beb3":47,"8d753bb6":44,"578f6e9e":54,"c95719e5":45,"2203f259":60,"8dd649a3":45,"6b79fec2":45,"d552eb2f":48,"835358a0":44,"2a06ab95":59,"a836aa93":53,"90a06ee9":61,"cb51f134":57,"0dad37d5":57,"6b78ad7f":64,"79f04300":52,"5be594be":57,"c1bdfd41":51,"c015ec5a":51,"e5d3655c":63,"c8fcad77":52,"d141db49":45,"180377be":51,"c0b0f492":63,"430a5db5":63,"fce3c5c6":49,"3b690f68":61,"66497c7e":55,"3f75d3bc":51,"d9d0c567":44,"345c9967":52,"ef8987d7":57,"f3a0c2ee":50,"61145ec9":67,"5f96c2bc":42,"d033db8d":51,"142d6987":61,"5ccf94d6":54,"a58bf525":49,"60e855ee":55,"92d38723":58,"4ea4a2a1":68,"3652bd66":49,"45b038bb":74,"02d4753e":62,"379184a7":62,"761cf820":49,"cf52025e":44,"e8d74304":51,"c609739e":55,"26c6fa34":49,"aa00769b":66,"ad8f85d6":58,"dfa1a89b":53,"7d6895f4":54,"3454fa2b":55,"8cc4a982":45,"57540cc3":57,"bb99c79c":52,"f2f58418":46,"cf775f58":57,"a9b1bd51":43,"789bd484":51,"23760167":44,"842c8340":45,"99e171db":58,"2132fe93":62,"f4b2f575":45,"ed4fad08":58,"a2c334e7":68,"e9a8cf11":55,"32133249":58,"03b4ab60":53,"5f6613c8":50,"72b84094":64,"5fa12feb":51,"bf30a08f":62,"e4c312fe":52,"ae99df30":53,"a6b5e869":52,"bec9d329":61,"6775d5cd":48,"e356abf1":56,"1105f790":59,"b102f7bd":64,"78b97937":58,"733c86f8":48,"9d023afb":63,"7fdc2007":51,"1745a0f4":58,"e4cfef0a":44,"621d6b18":60,"07107f6e":59,"a851554d":66,"8f9b74b0":46,"7e8e1c3d":51,"3ef7432b":60,"0f72f2d8":52,"1be05c14":41,"d6db2b02":59,"0b5a0408":51,"90731976":50,"b2703001":49,"1db42092":65,"045f280d":58,"d552eb2f":49,"b7832271":52,"284544ba":59,"5a07fc2e":53,"e58b26f6":50,"8cd78f77":67,"c793cdda":50,"4c4aa2e2":56,"2e3503e4":50,"fe578280":53,"bd984a8e":43,"c7313e0a":57,"4b4ecbce":53,"80a8a56d":53,"04ea5673":62,"9bdf362a":49,"805af3c7":51,"ea6de194":50,"caddd0a7":66,"d70ca4f4":60,"1dad0f99":51,"67c57de4":79,"c8113b77":55,"d83294cd":55,"53b4e647":69,"3f75d3bc":52,"43bc86e3":53,"3101354b":50,"537634c9":46,"2dd0e808":57,"731fc335":42,"012de09c":45,"4def63ee":42,"3f9b5722":40,"3fdb08f5":43,"c8977844":56,"9d4da635":43,"1a2ec5d7":59,"906632cb":46,"1f11812e":49,"27f52ed3":69,"a58bf525":50,"83086d4c":50,"8dd649a3":46,"6d61bf13":48,"3e082b37":48,"b935fc1c":49,"e0e6a097":48,"9260d96b":63,"1bd5b20b":52,"b7407bd3":51,"5ee911b5":51,"00554ffd":62,"b2a8761b":50,"04612878":54,"87922532":54,"0e036ae9":64,"d3e84616":59,"09560615":45,"57540cc3":58,"9c045c61":56,"bc021def":63,"6d339d45":53,"31d74eee":49,"c6c85783":56,"2b3e4717":54,"36b7003c":68,"d957f027":49,"44a4f7cd":44,"527ff946":58,"0681c48e":60,"e4714415":60,"c4bff41f":50,"b7cc7909":51,"13747b82":56,"71a2a493":36,"a47abfbb":48,"b0869206":56,"ea4d3f3e":63,"aa187e3b":46,"5eab91a0":58
1604737482169,"ad2d7bed":54,"ee21ad02":60,"7ee7621c":55,"6a7392d5":49,"13b53c7a":55,"fead11cf":48,"be3a10f8":60,"733c86f8":49,"fee32863":46,"f5e8dfee":58,"547903ef":58,"debe1f65":62,"805534ac":50,"71bc1295":58,"c609739e":56,"27c8e038":60,"13f0e139":52,"12a2cd4b":60,"54a676d6":50,"b84a06eb":59,"4945c851":68,"ce4da56f":48,"1138796e":52,"8298e976":57,"2cce4fb2":61,"bc09fa9e":51,"e21c6207":50,"aaa274a5":54,"d744bee2":52,"84b67924":51,"2c01e624":52,"6a3eaf43":51,"4bcd4a30":68,"c0e2624b":46,"7bebff03":48,"ecfa8249":56,"655954ba":51,"80a8a56d":54,"9b742f71":51,"3498f223":52,"77300e4a":51,"f33c0140":58,"1247fa52":59,"868cda42":42,"24ffcbd3":62,"07f98660":64,"7fb4c521":50,"ef14000f":59,"f1df62b4":54,"b73e789c":50,"abd32136":56,"af7e5be8":56,"dc03ebd2":69,"0a1d11e6":48,"7ae34c64":56,"ae016053":61,"5ef93e5d":44,"f789f6d8":67,"3f75d3bc":53,"3bad3c95":39,"4def63ee":43,"b320feb9":56,"8942c35b":55,"62d1d346":45,"ce3bf5db":45,"cf1124db":46,"9316e7e8":39,"b769bdfb":61,"09ff339a":42,"317c1591":49,"8dd649a3":47,"5623817d":57,"95d3d348":49,"1951480c":58,"1b153aef":50,"3d1af513":61,"2e99f8fd":45,"ea274174":55,"cfe72ead":48,"8245f916":48,"d33790a2":65,"dae0f922":53,"31408822":49,"b7434f57":49,"dbd2f139":66,"49902219":59,"21ee2afe":61,"2cb29e5a":59,"217c0327":36,"a63bddd4":63,"fd6dcb20":44,"558d5ce7":62,"31d74eee":50,"77bae750":40,"9d63c4dd":52,"b88033fd":58,"aff8e442":53,"2b3e4717":55,"39a2fcce":49,"0ecfa1c9":51,"aa9ea5e8":50,"540df50f":59,"51a3e9c2":57,"93b0a158":55,"ad2d7bed":55,"3b2dee89":53,"37d0cae2":52,"5eab91a0":59,"4b125e7b":62,"5f4102da":58,"478d2d4f":65,"f67de058":45,"2c24d929":61,"48655f09":66,"bad6cdb1":50,"12271e14":55,"baebb391":66,"e8d74304":52,"0f72f2d8":53,"3c782bb3":56,"a24e6670":60,"06ddafc7":54,"6d802fa2":45,"2cce4fb2":62,"1138796e":53,"045f280d":59,"72b84094":65,"21ad2f34":47,"6df0b2e8":74,"031e488e":55,"a1370ab0":56,"c9efc8f6":59,"dd7acb96":60,"d0d6acb1":51,"778c95e9":53,"884b0ad1":56,"1f7607df":37,"ea822700":48,"50c3164b":63,"0149e11a":46,"f9f2c53f":51,"44ff8baa":49,"7bebff03":49,"547903ef":59,"e1618359":63,"696fdac5":56,"9b172ca8":48,"b215547b":47,"5e193fc8":58,"168e75d9":50,"5be594be":58,"6a7392d5":50,"0e2b5d2f":51,"8b5a8e9f":73,"062179c1":51,"c38c2b52":62,"ffa08d82":52,"00a17b46":54,"2ce1af05":49,"4d9b0b10":52,"619fda68":56,"8ac72326":49,"d5dae4c4":58,"08a561b7":41,"43bc86e3":54,"83b2f9c5":62,"52eca0dc":57,"a0cf08b3":50,"537634c9":47,"2af60749":60,"014460b9":65,"49b358bd":56,"c8fcad77":53,"b1f58563":51,"f5cd79c1":46,"312f7676":57,"971675c5":62,"2203f259":61,"1da771fb":53,"2c5c1dc0":50,"332820ce":57,"5acaa06f":39,"f9c15fcc":55,"358e45b1":63,"7a6aa4b6":59,"3a1b9af5":45,"00554ffd":63,"04ea5673":63,"c0b0f492":64,"a4f1d83b":55,"ea6de194":51,"8db62558":52,"66b7b5b4":47,"51f57142":59,"b946e146":64,"6d339d45":54,"0277d748":70,"08c6b5d2":54,"2dda3936":52,"affb82bf":54,"254cc28c":63,"23760167":45,"8a52882e":61,"794f652b":46,"39a2fcce":50,"026766f3":44,"751acea8":51,"4360a1a3":60,"be40590d":56,"4652b09a":58,"d4d5f466":58,"88ce179e":60,"11b74e63":49,"95d331b1":41,"ae99df30":54,"7f6d1d0e":61,"064a99c8":51,"946df4fd":48,"458dcc3d":58,"cac4449a":42,"73b15e04":52,"2d382981":53,"baebb391":67,"b552beb3":48,"07fc4a9a":53,"69f3bfcc":53,"f277386e":47,"6291e9e9":56,"1f88a4b7":59,"45fb95c1":61,"7e15f8e8":60,"be149c6f":59,"c67979e6":64,"c852d240":46,"bfcb912a":60,"dc473de1":48,"081460bf":54,"a2c334e7":69,"a47abfbb":49,"aec074c4":65,"2f455cce":49,"5747db6e":59,"2d54e0a8":44,"39ba00f0":51,"9147702f":48,"bca2d7cd":52,"201cafad":48,"e2a7d915":57,"a0ce82b4":58,"93e8cee5":65,"debe1f65":63,"85de05f2":50,"4295ce9a":67,"d34a29b9":59,"1a68160d":51,"c0fea118":52,"c382f054":51,"30c184b8":54,"0f89862c":49,"dfcc2ad1":60,"fead11cf":49,"a8c93bed":54,"8721056e":44,"50b558a7":45,"91536e85":60,"7fb4c521":51,"50c468ba":48,"a06a6430":50,"cc5a1d47":49,"d5059415":54,"e28c2efc":54,"781ace7d":51,"7896b953":53,"71ba7561":55,"810aa5e9":54,"aa867541":43,"537634c9":48,"dd035d2a":49,"b3863630":48,"9f2b16a7":50,"a836aa93":54,"3712c4bd":51,"eda6a690":47,"83086d4c":51,"77d35808":55,"578f6e9e":55,"71ff66e8":47,"695a2b92":55,"a533489b":59,"336d0f08":57,"3652bd66":50,"34658473":51,"608bc832":48,"4ba6eb36":57,"2045d7d6":51,"7be025ce":52,"5f620a1e":70,"4d35385e":48,"eafbf9fb":59,"49902219":60,"6cba74ce":51,"945b63f0":73,"6d5fcd4c":56,"6de0aaac":40,"8f13c203":48,"5ab7bc35":58,"66b7b5b4":48,"259930ee":57,"2af60749":61,"5cd3cfe0":43,"30dbfc69":52,"902f49f5":55,"ca6d2d91":56,"bb98a6cf":73,"f4634d0b":45,"ee75b607":56,"04bef50c":35,"4258c176":51,"9cb4697f":57,"bd2705b0":64,"9263c525":51,"99d130c9":63,"04612878":55,"458dcc3d":59,"17807120":51,"24d24fa3":52,"c6e3d352":55,"946df4fd":49,"a6bcb07e":55,"ce4da56f":49,"a3d4a0e5":62,"4b3e3b1c":56,"31d74eee":51,"36b7003c":69,"527ff946":59,"c81b2bcf":46,"8ec3834d":55,"815e4582":57,"17446892":48,"0670c466":54,"b35bb8a1":46,"c93c3508":36,"74e3d13e":54,"42c80e69":57,"af034fee":46,"aa9ea5e8":51,"2f455cce":50,"a625328f":54,"fd07e0ed":52,"2c627253":52,"c0e2624b":47,"0d2a1c58":46,"9147702f":49,"72b84094":66,"b6ee137a":54,"805534ac":51,"07107f6e":60,"8ea21393":50,"79e4fa1c":46,"2ad42a9e":52,"696fdac5":57,"1a442bc7":53,"e356abf1":57,"ec11fe5f":55,"478d2d4f":66,"831c7b85":53,"fee32863":47,"7bda83dd":54,"30c184b8":55,"afe8e06a":44,"07f98660":65,"2b698053":52,"43d87483":56,"4d9b0b10":53,"621d6b18":61,"4f59a322":52,"30b6808c":54,"5f0c1b9d":65,"345c9967":53,"08a561b7":42,"d5dae4c4":59,"49cb2959":54,"fafb4cc2":76,"42cd2360":44,"e7abc88d":38,"288d171f":50,"be2955bb":57,"3c782bb3":57,"e7e82473":70,"868edcc0":53,"578f6e9e":56,"5270f158":52,"363590c7":52,"695a2b92":56,"317c1591":50,"95d3d348":50,"eda6a690":48,"82b81567":50,"d0c0fc08":52,"77300e4a":52,"e9679ede":48,"9b742f71":52,"eeaa2d46":54,"1d153b20":52,"fd6dcb20":45,"ec2cb1af":61,"d2a841c9":43,"4469c815":39,"e9adbe58":49,"9e65c0ef":48,"aab4d996":55,"24ffcbd3":63,"d9f512b9":57,"d9d7c4c2":59,"1e191c98":39,"37a7d5b0":59,"8db62558":53,"7be025ce":53,"5ccf94d6":55,"059d6c19":67,"3b690f68":62,"a8726d50":44,"be40590d":57,"d33790a2":66,"a533489b":60,"fa55f27a":64,"5a0ead91":42,"608bc832":49,"3e602573":40,"ac62fac2":56,"458dcc3d":60,"26c6fa34":50,"35b58ef9":40,"59c1e594":60,"dd1fcb17":53,"6adce358":58,"5339e1e9":55,"e99318a3":41,"9ceb5439":45,"b8ab8e6e":51,"5957df9e":58,"181c3dd5":53,"57d5dee8":60,"c98d5272":52,"61d4782d":54,"40860a4b":42,"540df50f":60,"a47abfbb":50,"47cfba38":56,"383e232d":49,"39ba00f0":52,"d552eb2f":50,"2d13e69b":58,"98915a1f":44,"9fa62fee":54,"d1ca5d6b":64,"8f9b74b0":47,"d25e0f8d":53,"7d112f4d":55,"e1f0dbfd":52,"a0ce82b4":59,"805534ac":52,"9d0546ac":53,"6c20c153":55,"935ec056":43,"ba586505":48,"37d0cae2":53,"a502c93c":51,"e4117b3b":39,"6ee92259":59,"a8c93bed":55,"92ca52b7":54,"fee32863":48,"e5b1abc6":51,"9a07d89b":54,"b87158fb":61,"6a7392d5":51,"ae95f2ba":64,"7566fdd6":56,"4d9b0b10":54,"7fb4c521":52,"2b698053":53,"ba938220":53,"6f39f4d9":69,"49cb2959":55,"3101354b":51,"45b5746e":57,"91f7ef72":51,"b36a0d66":39,"8d753bb6":45,"b552beb3":49,"a24e6670":61,"820225e4":41,"1438fad7":60,"07fc4a9a":54,"f6fe095d":72,"6b79fec2":46,"fe1d4419":57,"e238f09b":55,"5781776a":58,"42191b64":46,"3f2522c2":57,"a3253019":53,"c382f054":52,"d548635d":47,"315537b2":51,"d3e84616":60,"53a8613c":64,"22ecaed0":49,"140ce69e":57,"d2a841c9":44,"e0154608":45,"c85a0d80":60,"972f4174":62,"470d50c2":53,"e786063b":55,"9e65c0ef":49,"2045d7d6":52,"e32524d6":56,"c015ec5a":52,"dbd2f139":67,"b320feb9":57,"d70ca4f4":61,"ffc86f94":49,"f4634d0b":46,"8db62558":54,"f1b493de":61,"f883d582":50,"c2bb8aae":51,"a5676c24":54,"8a165e17":54,"a15713c6":63,"d0c0fc08":53,"f9c15fcc":56,"3652bd66":51,"ea274174":56,"c4aa1e38":47,"0ac825ed":59,"1bd5b20b":53,"eed20185":59,"dfc89705":59,"b2bd8fd3":54,"12271e14":56,"ae8a09c4":57,"dd1fcb17":54,"792cfcbd":45,"fd6dcb20":46,"394dc144":57,"a983a6dc":51,"f2364460":67,"1a0189c4":55,"7af9d3b1":60,"9ceb5439":46,"0ecfa1c9":52,"a9b1bd51":44,"2132fe93":63,"449d8475":50,"1ed46298":63,"3c18f28e":54,"c64de0c0":46,"60d6cee2":56,"fd369c21":60,"70bc8325":49,"272c7672":50,"284544ba":60,"6a3eaf43":52,"aec074c4":66,"af0b61ab":58,"debe1f65":64,"e2a7d915":58,"0a96f57a":63,"ab7467de":68,"21e10a2b":43,"805534ac":53,"cd421290":54,"bf30a08f":63,"aa187e3b":47,"e4c312fe":53,"fea793f5":55,"f56ac638":46,"d929098e":46,"e356abf1":58,"4c0e547b":49,"c463799d":62,"a8c93bed":56,"062179c1":52,"11b2c8d9":45,"cfafcda8":52,"30c184b8":56,"50c468ba":49,"67c57de4":80,"619fda68":57,"9c29f0ed":59,"10ec5a0b":53,"597c1f81":44,"53b4e647":70,"a901627e":47,"8b2b601d":54,"28d41578":51,"6db0ea86":50,"013ee301":60,"a8871ddf":55,"1438fad7":61,"d6db2b02":60,"09f0db62":73,"fb7b7b3c":67,"6ce84ff8":51,"25635c37":51,"5099c6a0":64,"3e082b37":49,"d599b566":72,"21ee2afe":62,"8cc4a982":46,"36380d96":59,"06ee61b6":49,"e9679ede":49,"b2c25d1c":57,"6fb4cdda":61,"b215547b":48,"501db4de":54,"c0b0f492":65,"aab4d996":56,"0a2f71bc":45,"e32524d6":57,"180377be":52,"dae0f922":54,"014460b9":66,"4577b333":61,"430a5db5":64,"40a745c0":59,"ffc86f94":50,"8942c35b":56,"db703021":49,"30d84dce":54,"a5676c24":55,"4abb7aed":51,"fd482491":58,"012de09c":46,"810aa5e9":55,"d9a64845":49,"d0c0fc08":54,"cd95f558":55,"3652bd66":52,"6585adbe":45,"b35e9e1a":80,"b7407bd3":52,"49bf2e95":38,"9fc713b0":57,"be1746a0":37,"a0bc1ceb":50,"aefe13f5":64,"04612878":56,"03c398d2":52,"a5aee5de":58,"ccdd1ce6":48,"f87c5031":48,"01d817b8":48,"51f57142":60,"08c6b5d2":55,"254cc28c":64,"a983a6dc":52,"9ceb5439":47,"17446892":49,"4ed01268":49,"61d4782d":55,"04643409":56,"5ac86fb9":52,"650bb0e0":54,"c64de0c0":47,"99e171db":59,"6df0b2e8":75,"bc3dc66a":54,"32133249":59,"0fc5ac7e":67,"b5763ff6":44,"4e5aaaec":46,"ded7da5a":54,"ecfa8249":57,"92136ff5":54,"21e10a2b":44,"85de05f2":51,"04bef50c":36,"6775d5cd":49,"ea4d3f3e":64,"a6b5e869":53,"5b5fc566":49,"c0b23081":58,"935ec056":44,"55928ef1":59,"25a2844e":54,"19551bad":48,"33d6bb6a":51,"7bda83dd":55,"a66a2d8a":56,"bd62d7ed":46,"0785820e":63,"e57d5cda":63,"af7e5be8":57,"ac030e74":51,"b73e789c":51,"619fda68":58,"597c1f81":45,"261c9911":60,"32c9fc47":46,"2d1e1e9d":49,"1f88a4b7":60,"7732eb1e":74,"f044c0e1":47,"6a60348e":56,"90731976":51,"263762cb":56,"93ac9ca3":48,"8e4c33d2":53,"e45b4b53":45,"778c95e9":54,"383e232d":50,"272c7672":51,"92efd84f":50,"aa5dfdf5":59,"e7abc88d":39,"6fb4cdda":62,"104721f0":54,"cb51f134":58,"9f2b16a7":51,"c21ab51e":44,"f2086446":63,"65a00a3c":57,"ce3bf5db":46,"259930ee":58,"7e76c93c":59,"1623fc9f":47,"a81a857c":55,"58d46189":53,"2045d7d6":53,"6e24d88b":56,"1f11812e":50,"dbd2f139":68,"906632cb":47,"d634aa28":62,"c2bb8aae":52,"43bc86e3":55,"e865e4dd":53,"3f75d3bc":54,"616d6dd6":58,"3101354b":52,"69eeae0d":57,"781ace7d":52,"b1f58563":52,"312f7676":58,"6ce84ff8":52,"fa55f27a":65,"b8397293":49,"92d38723":59,"b35e9e1a":81,"f1862e79":46,"1ff8c2fc":57,"b2a8761b":51,"eed20185":60,"812b4f15":52,"b2bd8fd3":55,"e6fac295":49,"35b58ef9":41,"24d24fa3":53,"b460f030":65,"6de0aaac":41,"4d35385e":49,"f2f58418":47,"4469c815":40,"7080f122":44,"b946e146":65,"0e036ae9":65,"bf822e33":55,"77bae750":41,"8a52882e":62,"c81b2bcf":47,"c93c3508":37,"0f1ac912":40,"af034fee":47,"99e171db":60,"42c80e69":58,"76f3a3be":53,"47d27624":58,"ed4fad08":59,"3c18f28e":55,"35aa7fd0":62,"26dd2000":58,"ee75b607":57,"1c0a9eff":51,"0d770b97":61,"95d331b1":42,"87c462ee":53,"935ec056":45,"730a4938":56,"33d6bb6a":52,"478d2d4f":67,"7fdc2007":52,"733c86f8":50,"78467b8a":59,"a567ace4":55,"6c486702":66,"9fce073c":57,"621d6b18":62,"d7cb9bcf":50,"629800eb":64,"ae95f2ba":65,"2209903e":55,"e1f0dbfd":53,"b36a0d66":40,"6db0ea86":51,"59431390":52,"2cce4fb2":63,"cf84fb54":59,"e7e82473":71,"ce4da56f":50,"27d8bf51":54,"21e10a2b":45,"9a80f004":54,"40e79dd3":51,"bca2d7cd":53,"7e991ab9":38,"911e770b":50,"22234d6b":58,"0fc5ac7e":68,"50c3164b":64,"d0d6acb1":52,"a3253019":54,"c5b35e4d":53,"972f4174":63,"145c7559":58,"7f86be64":59,"cb51f134":59,"b215547b":49,"b320feb9":58,"868cda42":43,"5ab7bc35":59,"ce3bf5db":47,"a577db1c":46,"c4e70c07":52,"1e7753d9":69,"014460b9":67,"059d6c19":68,"93b9fae6":52,"d2466211":65,"810aa5e9":56,"49cb2959":56,"00a481e3":53,"6023df54":51,"ec110282":52,"69eeae0d":58,"42cd2360":45,"3f9b5722":41,"31408822":50,"8db62558":55,"ca6d2d91":57,"751bcf25":50,"578f6e9e":57,"c564e316":54,"095ab3b4":45,"3a204e56":58,"8e4c33d2":54,"39bbc4bc":71,"d1676e89":60,"4f5e3e7d":50,"d0e9a58e":47,"8d000d6e":48,"5f8517b7":70,"f1862e79":47,"ea274174":57,"00554ffd":64,"bc392d1c":47,"4febf7c5":64,"12a2cd4b":61,"a63bddd4":64,"6cba74ce":52,"172217e5":58,"21ee2afe":63,"51f57142":61,"9a467a82":49,"865d9857":44,"a983a6dc":53,"2a387957":60,"a1921150":66,"af034fee":48,"37fbb107":59,"a1370ab0":57,"f66616b7":43,"bc3dc66a":55,"e99318a3":42,"aa9ea5e8":52,"c67979e6":65,"35aa7fd0":63,"24a9fb86":59,"290b4714":50,"bec9d329":62,"a502c93c":52,"1bb4ccc0":50,"7735c3c2":46,"6b82b527":49,"2882a956":62,"cd522166":68,"05f6ab35":54,"831c7b85":54,"dc0c8b09":61,"7bda83dd":56,"9b546d65":52,"a66a2d8a":57,"cf52025e":45,"b460f030":66,"aa00769b":67,"be1746a0":38,"1138796e":54,"06ddafc7":55,"b2703001":50,"1f88a4b7":61,"411b5027":57,"95bc84f1":47,"1be05c14":42,"2209903e":56,"b6ee137a":55,"7d112f4d":56,"7b6a7048":63,"b7cc7909":52,"eb7b4e29":52,"cbb54a0a":48,"7db3edda":60,"8657c79d":66,"e58b26f6":51,"383e232d":51,"1f7607df":38,"21ad2f34":48,"0a96f57a":64,"e2cbe594":47,"8e99d5d0":54,"dcf85091":46,"fe578280":54,"bd984a8e":44,"f3992a31":59,"ab7d4c9a":48,"f121b82c":59,"0f029727":53,"88fa53d6":47,"868cda42":44,"a81a857c":56,"056ea7ff":55,"4d9b0b10":55,"91536e85":61,"619fda68":59,"7218c9f1":44,"ac030e74":52,"7566fdd6":57,"781ace7d":53,"65e4235b":58,"8db5a165":36,"3a291497":52,"a851891c":45,"7896b953":54,"52eca0dc":58,"a33fe0dd":66,"fbdffc95":48,"ffc86f94":51,"bb98a6cf":74,"6f81493d":48,"4360a1a3":61,"cd3bbe7e":63,"27f52ed3":70,"5623817d":58,"0b3283c9":57,"095ab3b4":46,"19f9ca86":65,"8dc9b4db":60,"c7ab83c1":45,"36fb15d2":51,"1ff8c2fc":58,"a533489b":61,"6f0fcb9d":64,"5ee911b5":52,"5a0ead91":43,"f9c15fcc":57,"56d315d8":46,"19e9776f":63,"30fdcd3b":50,"12dd6f5e":48,"eafbf9fb":60,"7080f122":45,"9a467a82":50,"51f57142":62,"1d153b20":53,"2cb29e5a":60,"e99318a3":43,"1634789b":60,"f66616b7":44,"c852d240":47,"1a0189c4":56,"deb31f35":63,"b88033fd":59,"c93c3508":38,"e4c312fe":54,"11b74e63":50,"2882a956":63,"1bb4ccc0":51
1604737483443,"aa00769b":68,"6be9332a":53,"12a2cd4b":62,"ad8f85d6":59,"e6fac295":50,"56752a4a":51,"804d4dfa":44,"0be540c5":54,"a4dafea5":51,"5678ed7b":70,"d9dcdc4b":62,"59431390":53,"07fc4a9a":55,"bab97de3":64,"317c1591":51,"77d35808":56,"27f52ed3":71,"8e4c33d2":55,"a77e127d":42,"6085137f":38,"836701f6":45,"1b153aef":51,"6585adbe":46,"8c6e001f":40,"7a2f3f06":50,"f1862e79":48,"82b81567":51,"b35e9e1a":82,"481754fc":43,"b6aaf976":62,"04612878":57,"42c80e69":59,"6e98dfda":58,"bfcb912a":61,"a983a6dc":54,"12534561":45,"dcfaba4c":50,"0d2a1c58":47,"7e991ab9":39,"2180f99b":61,"b947257e":62,"6751d8e4":65,"f271ed5d":54,"dd7acb96":61,"12271e14":57,"35b58ef9":42,"2d382981":54,"baebb391":68,"d36125db":70,"820225e4":42,"e8f173b5":47,"49910300":54,"bab97de3":65,"b36a0d66":41,"0d2c95fe":52,"12dd6f5e":49,"9de29816":49,"1d153b20":54,"9a467a82":51,"f3d68430":60,"ef8321d8":52,"865d9857":45,"254cc28c":65,"cb6c9e42":67,"3c43e8a2":58,"25635c37":52,"014bdff0":56,"6d61bf13":49,"016953e4":63,"39bbc4bc":72,"c318d350":58,"bec9d329":63,"6b82b527":50,"290b4714":51,"2a4a402a":51,"19551bad":49,"8f10fa42":60,"831c7b85":55,"8721056e":45,"dfcc2ad1":61,"062179c1":53,"c8113b77":56,"87cd2add":53,"0d28db94":47,"9c29f0ed":60,"cb142908":45,"056ea7ff":56,"cc5a1d47":50,"d5dae4c4":60,"b28a5e67":57,"5f0c1b9d":66,"fd482491":59,"3f75d3bc":55,"cd95f558":56,"27d8bf51":55,"07107f6e":61,"26dd2000":59,"e1f0dbfd":54,"6bc5d32a":67,"da3437cd":42,"bfad1727":55,"36380d96":60,"f121b82c":60,"696fdac5":58,"02d4753e":63,"d0b297b2":49,"3d1af513":62,"d0e9a58e":48,"358e45b1":64,"8323d333":48,"eed20185":61,"cf775f58":58,"91d52a55":62,"bc3dc66a":56,"1b881e6e":63,"e9a8cf11":56,"3a1d1632":32,"5f7d7195":54,"44a4f7cd":45,"a2c334e7":70,"9b3f8714":52,"9f5e6cba":62,"6632fed0":62,"0fc5ac7e":69,"1f7607df":39,"9fa62fee":55,"aa5dfdf5":60,"7e991ab9":40,"084cbc0b":48,"884b0ad1":57,"b460f030":67,"e6fac295":51,"12a2cd4b":63,"35b58ef9":43,"cac4449a":43,"03dcfa3d":54,"a5fd8ffd":63,"2dd0e808":58,"59431390":54,"1a68160d":52,"e7abc88d":40,"8e99d5d0":55,"d548635d":48,"ca7d47f7":60,"4def63ee":44,"b5ce0c0c":59,"c4e70c07":53,"9e65c0ef":50,"8f13c203":49,"a68a93b2":48,"49b358bd":57,"c2bb8aae":53,"751bcf25":51,"40a745c0":60,"f4634d0b":47,"3b690f68":63,"1e191c98":40,"bab97de3":66,"411b5027":58,"6db0ea86":52,"b2703001":51,"4ff2225d":53,"d6db2b02":61,"b946e146":66,"140ce69e":58,"8547fbc2":56,"f2f58418":48,"fd6dcb20":47,"623c6a31":55,"15620dca":59,"42191b64":47,"363590c7":53,"1da771fb":54,"6b79fec2":47,"014bdff0":57,"dc583e64":49,"016953e4":64,"e0e48a2d":56,"6775d5cd":50,"1bb4ccc0":52,"d4d5f466":59,"c0b23081":59,"bec9d329":64,"9d4f1fe6":43,"0e2b5d2f":52,"11b2c8d9":46,"a567ace4":56,"7fdc2007":53,"2a4a402a":52,"cd522166":69,"a0685bf3":69,"9f74b8a4":50,"76f94eda":54,"ef14000f":60,"87cd2add":54,"a06a6430":51,"0d7d88f1":47,"faf4f98b":56,"28654c76":65,"2209903e":57,"e2a7d915":59,"d25e0f8d":54,"c45d554f":54,"bfad1727":56,"25e0dd3d":63,"4eed1bea":60,"d33790a2":67,"4ba6eb36":58,"6585adbe":47,"cd95f558":57,"b4fdf90e":58,"e0e6a097":49,"36fb15d2":52,"8ec3834d":56,"6adce358":59,"d5557fb4":54,"bda8cdfb":59,"04643409":57,"e4714415":61,"a2c334e7":71,"ccf8b803":49,"60d6cee2":57,"77f31bab":56,"72805bf5":46,"288a2c43":53,"227006e4":54,"6632fed0":63,"39ba00f0":53,"a625328f":55,"70c1e715":57,"7028b044":47,"8cd78f77":68,"fd369c21":61,"c793cdda":51,"ae8a09c4":58,"03dcfa3d":55,"d82592f4":59,"a43061ee":46,"481754fc":44,"59c1e594":61,"3c0df8b4":55,"a15713c6":64,"d9d0c567":45,"ec110282":53,"56473430":59,"f789f6d8":68,"04612878":58,"69d4b754":48,"a836aa93":55,"c4feee5b":55,"f121b82c":61,"77300e4a":53,"c21ab51e":45,"1e232870":58,"d9f512b9":58,"aab4d996":57,"5f620a1e":71,"e32524d6":58,"1623fc9f":48,"24ffcbd3":64,"751acea8":52,"14c682eb":49,"4360a1a3":62,"30dbfc69":53,"c8977844":57,"20e470e0":50,"381c68fa":61,"7cd0ad7b":62,"e81834aa":58,"90731976":52,"8d753bb6":46,"2d1e1e9d":50,"3310a049":60,"8298e976":58,"0114160e":54,"f2ca27d9":53,"f5596d0f":60,"a63bddd4":65,"bc021def":64,"6143f39d":57,"d6320619":59,"ec2cb1af":62,"3e082b37":50,"971675c5":63,"c564e316":55,"437fc3ec":53,"bd2705b0":65,"9d4f1fe6":44,"a502c93c":53,"4258c176":52,"7735c3c2":47,"87c462ee":54,"e356abf1":59,"fee32863":49,"2a4a402a":53,"8f10fa42":61,"c510bfd3":66,"0f89862c":50,"eebc8d43":54,"c463799d":63,"10ec5a0b":54,"7a840529":33,"4f59a322":53,"9f74b8a4":51,"ad303bda":59,"0785820e":64,"ffa08d82":53,"d599b566":73,"fe1d4419":58,"5623817d":59,"cd421290":55,"c455f40e":47,"4295ce9a":68,"5fa12feb":52,"f9f2c53f":52,"4eed1bea":61,"3b7763b1":46,"a533489b":62,"40569362":59,"92d38723":60,"06073f13":58,"b8ab8e6e":52,"2a387957":61,"bda8cdfb":60,"7e15f8e8":61,"0f1ac912":41,"f2364460":68,"c98d5272":53,"bb8a6337":46,"4125085e":60,"6867261a":48,"b230e8d3":59,"031e488e":56,"0681c48e":61,"35aa7fd0":64,"26c390d6":47,"084cbc0b":49,"3062379b":41,"9fa62fee":56,"730338c4":70,"9ab755d3":51,"b5763ff6":45,"5acaa06f":40,"b377a62a":45,"49bf2e95":39,"cf52025e":46,"baebb391":69,"a901627e":48,"d9a64845":50,"abc1d7ad":58,"28654c76":66,"2dd0e808":59,"56473430":60,"dd035d2a":50,"8eb64769":50,"dd1fcb17":55,"ac62fac2":57,"2d382981":55,"ae8a09c4":59,"bd984a8e":45,"e9679ede":50,"53431634":69,"f2086446":64,"470d50c2":54,"a4296d1e":55,"a3253019":55,"e5d3655c":64,"4c39240e":50,"e786063b":56,"719c8869":68,"0b959527":50,"c4e70c07":54,"a4f1d83b":56,"014460b9":68,"6e24d88b":57,"26ed1a5c":53,"0841052c":53,"655941a0":62,"d70ca4f4":62,"66b7b5b4":49,"8cf83787":46,"6a60348e":57,"95bc84f1":48,"8cc4a982":47,"2dda3936":53,"a63bddd4":66,"4469c815":41,"21ee2afe":64,"01d817b8":49,"9a467a82":52,"a6bcb07e":56,"0114160e":55,"489a39f7":49,"bbe71605":49,"3b2dee89":54,"abad2347":51,"20811ddf":48,"5b5fc566":50,"e4117b3b":40,"9cb4697f":58,"7ee7621c":56,"82204d54":54,"831c7b85":56,"6c486702":67,"92ca52b7":55,"6a7392d5":52,"ba5c52af":56,"f67de058":46,"f7231212":56,"ffa08d82":54,"67c57de4":81,"1dad0f99":52,"836701f6":46,"60e855ee":56,"8e4c33d2":56,"8dd649a3":48,"c650b434":60,"efd23af5":52,"805534ac":54,"da3437cd":43,"09ff339a":43,"2c5c1dc0":51,"3e082b37":51,"36684155":55,"0670c466":55,"25d1b2d8":57,"48efc739":65,"c6c85783":57,"2b3e4717":56,"68562193":43,"1b881e6e":64,"c64de0c0":48,"12534561":46,"76f3a3be":54,"081460bf":55,"aec4e1bf":61,"c852d240":48,"22234d6b":59,"b7832271":53,"2d13e69b":59,"50c3164b":65,"84b767be":63,"fb7482fe":54,"7db3edda":61,"b8397293":50,"9260d96b":64,"02d4753e":64,"8c6e001f":41,"06073f13":59,"9e878ec2":69,"5a0ead91":44,"9aa6a054":49,"ac030e74":53,"619fda68":60,"a5fd8ffd":64,"5f0c1b9d":67,"d5dae4c4":61,"6023df54":52,"616d6dd6":59,"08a561b7":43,"a472532e":50,"bc392d1c":48,"0eaf08da":61,"baebb391":70,"03c398d2":53,"2c24d929":62,"2d382981":56,"0f72f2d8":54,"ccb5ea3e":42,"79e4fa1c":47,"77898c22":47,"685207b3":60,"be2955bb":58,"fe578280":55,"4e3f5178":56,"e9679ede":51,"69d4b754":49,"704bce0d":56,"c0b0f492":66,"62d1d346":46,"805af3c7":52,"14c682eb":50,"3fdb08f5":44,"c8fcad77":54,"20e470e0":51,"3b690f68":64,"ea6de194":52,"30dbfc69":54,"142d6987":62,"4360a1a3":63,"61f25dd4":66,"7a9344a4":63,"6cba74ce":53,"ac38a6a5":59,"ef8321d8":53,"57540cc3":59,"a24e6670":62,"b84a06eb":60,"3c782bb3":58,"159ffd0b":29,"ce4da56f":51,"7732eb1e":75,"66554572":43,"8bc04eb5":48,"dffa7793":35,"1c0a9eff":52,"a6b5e869":54,"ee21ad02":61,"fea793f5":56,"6775d5cd":51,"9a07d89b":55,"478d2d4f":68,"19551bad":50,"1745a0f4":59,"33d6bb6a":53,"7ee148e9":52,"f5cd79c1":47,"c0b7e7d7":50,"71ff66e8":48,"09f0db62":74,"578f6e9e":58,"095ab3b4":47,"0e036ae9":66,"30dd2edc":56,"18815a1b":53,"44a4f7cd":46,"77bae750":42,"1634789b":61,"8ec3834d":57,"9ceb5439":48,"be149c6f":60,"48efc739":66,"081460bf":56,"3a1d1632":33,"1d790491":56,"51f80f4c":60,"47cfba38":57,"7af9d3b1":61,"540df50f":61,"bca2d7cd":54,"70bc8325":50,"6e851762":52,"c4aa1e38":48,"82b81567":52,"50312237":56,"7ae3fc50":56,"4ea4a2a1":69,"8d000d6e":49,"5a0ead91":45,"be3a10f8":61,"9b546d65":53,"597c1f81":46,"9aa6a054":50,"d7cb9bcf":51,"753ca352":46,"ef14000f":61,"d4ee22a4":59,"1dad0f99":53,"fafb4cc2":77,"313258f2":51,"71ba7561":56,"00a481e3":54,"69eeae0d":59,"7896b953":55,"ae016053":62,"946df4fd":50,"feb67030":44,"77898c22":48,"4e5aaaec":47,"2ad42a9e":53,"21e10a2b":46,"40e79dd3":52,"a0cca8b7":44,"685207b3":61,"704bce0d":57,"104721f0":55,"f121b82c":62,"69d4b754":50,"168e75d9":51,"288d171f":51,"8f13c203":50,"28d40296":45,"c1bdfd41":52,"4577b333":62,"e3547548":39,"d6f0d94a":43,"66497c7e":56,"c0b0f492":67,"8942c35b":57,"6f81493d":49,"f4634d0b":48,"655941a0":63,"f1b493de":62,"be1746a0":39,"dfc89705":60,"2c24d929":63,"03dcfa3d":56,"742f1425":55,"8eb64769":51,"835358a0":45,"e58b26f6":52,"2d54e0a8":45,"0fc5ac7e":70,"0114160e":56,"8298e976":59,"e8f173b5":48,"11888cfa":56,"cf84fb54":60,"07fc4a9a":56,"7f6d1d0e":62,"dffa7793":36,"1bb4ccc0":53,"1c0a9eff":53,"bb00e71c":46,"79be29c8":50,"fea793f5":57,"ec11fe5f":56,"733c86f8":51,"045f280d":60,"902f49f5":56,"19f9ca86":66,"3a204e56":59,"5b60dd1d":58,"8dc9b4db":61,"363590c7":54,"22aeaf03":57,"09f0db62":75,"175bc6b2":50,"12012fbd":56,"ac38a6a5":60,"b946e146":67,"217c0327":37,"be4f8ba8":47,"7080f122":46,"815e4582":58,"77f31bab":57,"a939b50b":52,"93fdbb44":43,"bda8cdfb":61,"c852d240":49,"f66616b7":45,"1b881e6e":65,"47cfba38":58,"dcfaba4c":51,"c64de0c0":49,"227006e4":55,"61d4782d":56,"c93c3508":39,"3a1b9af5":46,"5acaa06f":41,"92d38723":61,"ba5c52af":57,"4c0e547b":50,"7af262e5":59,"1105f790":60,"cd522166":70,"0785820e":65,"77bfed7e":56,"d7cb9bcf":52,"b9be31d6":51,"9f74b8a4":52,"c8113b77":57,"7e95c5a0":41,"8db5a165":37,"d9a64845":51,"28654c76":67,"6023df54":53,"4abb7aed":52,"56473430":61,"8a165e17":55,"50312237":57,"b35e9e1a":83,"8245f916":49,"45b038bb":75,"201cafad":49,"79e4fa1c":48,"7d112f4d":57,"daab45c6":55,"07107f6e":62,"7bebff03":50,"3ef7432b":61,"69134f07":56,"8e99d5d0":56,"9b742f71":53,"4c4aa2e2":57,"c7313e0a":58,"9f2b16a7":52,"1e232870":59,"c8fcad77":55,"aab4d996":58,"259930ee":59,"b5ce0c0c":60,"37a7d5b0":60,"c015ec5a":53,"f1098793":58,"c6e3d352":56,"a543ec74":59,"d8475b95":42,"c27969ec":54,"6a3eaf43":53,"4bcd4a30":69,"72d7b461":54,"8657c79d":67,"3c6692a3":57,"1f342a00":63,"a625328f":56,"03c398d2":54,"99d130c9":64,"cf84fb54":61,"1be05c14":43,"11b74e63":51,"95d331b1":43,"d1d40c9c":63,"6ee92259":60,"1757a30e":46,"4652b09a":59,"1bb4ccc0":54,"45fb95c1":62,"159ffd0b":30,"3310a049":61,"05642105":51,"7732eb1e":76,"dae0f922":55,"14c682eb":51,"906632cb":48,"b6591e25":53,"a4f1d83b":57,"381c68fa":62,"e62d705f":47,"30fdcd3b":51,"71ff66e8":49,"014bdff0":58,"83086d4c":52,"095ab3b4":48,"26f99a1e":55,"ec2cb1af":63,"b946e146":68,"9e206c95":66,"d2a841c9":45,"f3d68430":61,"0e036ae9":67,"2dda3936":54,"39a2fcce":51,"1b881e6e":66,"5f7d7195":55,"77f31bab":58,"254cc28c":66,"288a2c43":54,"22aeaf03":58,"a58bf525":51,"2a4a402a":54,"19551bad":51,"7fdc2007":54,"7af262e5":60,"1bc0591f":62,"0f89862c":51,"c510bfd3":67,"07f98660":66,"053f3451":54,"1dad0f99":54,"67c57de4":82,"b73e789c":52,"7e95c5a0":42,"faf4f98b":57,"cf1b8c47":59,"4abb7aed":53,"71ba7561":57,"2c6cb96f":44,"71e53c93":59,"b2cfdbcf":57,"3f75d3bc":56,"fe0df575":56,"8493f3b2":63,"a0cca8b7":45,"daab45c6":56,"b6ee137a":56,"c45d554f":55,"92136ff5":55,"51c57542":54,"f4343817":46,"e7abc88d":41,"9267f0ef":66,"f121b82c":63,"34c5c729":47,"dcf85091":47,"470d50c2":55,"79f04300":53,"7be025ce":54,"67f6e4f2":59,"b377a62a":46,"02d4753e":65,"358e45b1":65,"4ba6eb36":59,"26c6fa34":51,"03c398d2":55,"e6fac295":52,"a983a6dc":55,"a6003226":55,"c98d5272":54,"17446892":50,"b35bb8a1":47,"0fc5ac7e":71,"bc3dc66a":57,"70bc8325":51,"68562193":44,"911e770b":51,"51f80f4c":61,"508aac3d":57,"af0b61ab":59,"cbb54a0a":49,"c793cdda":52,"c27969ec":55,"35b58ef9":44,"2d382981":57,"aa00769b":69,"79be29c8":51,"1bb4ccc0":55,"20811ddf":49,"1f88a4b7":62,"fb44fa9c":60,"95f6db13":43,"868edcc0":54,"805af3c7":53,"8f13c203":51,"7e76c93c":60,"f8b31ce5":71,"92f800f5":52,"1623fc9f":49,"7a9344a4":64,"906632cb":49,"026766f3":45,"40a745c0":61,"dae0f922":56,"0d5ee801":51,"b7434f57":50,"3310a049":62,"f5829ac0":54,"2cce4fb2":64,"22ecaed0":50,"2dda3936":55,"8cc4a982":48,"a77e8461":43,"18815a1b":54,"6d339d45":55,"36d340f2":52,"31d74eee":52,"d5557fb4":55,"ce3407dd":54,"1a0189c4":57,"695a2b92":57,"5623817d":60,"e7773397":50,"3c43e8a2":59,"b935fc1c":50,"09f0db62":76,"6b79fec2":48,"e4c312fe":55,"bb00e71c":47,"c0b23081":60,"67d30f2b":56,"e35a63cd":56,"1bc0591f":63,"b102f7bd":65,"0f89862c":52,"ba5c52af":58,"25a2844e":55,"ef91eaae":44,"50b558a7":46,"385ab7c6":54,"869cbaa0":66,"9fce073c":58,"ad303bda":60,"4930f321":52,"10ec5a0b":55,"00a481e3":55,"5ef93e5d":45,"5f0c1b9d":68,"c650b434":61,"c8dc010f":58,"913a6226":55,"ccb5ea3e":43,"53747a91":62,"77898c22":49,"8ea21393":51,"a3253019":56,"696fdac5":59,"655954ba":52,"0dad37d5":58,"c0fea118":53,"db0a661e":57,"cd95f558":58,"d0b297b2":50,"cfe72ead":49,"7ae3fc50":57,"31f6d707":63,"82b81567":53,"5d087c79":59,"deb31f35":64,"650bb0e0":55,"b7cc7909":53,"93fdbb44":44,"081460bf":57,"c4bff41f":51,"76f3a3be":55,"288a2c43":55,"9b3f8714":53,"26c390d6":48,"af0b61ab":60,"f4726450":51,"88b3bc99":51,"fd369c21":62,"4bcd4a30":70,"8cd78f77":69,"48655f09":67,"804d4dfa":45,"87ce8d1d":44,"6ebe2354":40,"812b4f15":53,"8eb64769":52,"6be9332a":54,"6023df54":54,"3f75d3bc":57,"95904ac4":70,"fafb4cc2":78,"1a68160d":53,"5e193fc8":59,"b7505747":55,"14c682eb":52,"d9f512b9":59,"719c8869":69,"d9d7c4c2":60,"4c39240e":51,"ffc86f94":52,"8db62558":56,"d033db8d":52,"58d46189":54,"8942c35b":58,"cd3bbe7e":64,"467773ac":53,"902f49f5":57,"0b5a0408":52,"95bc84f1":49,"b36a0d66":42,"868edcc0":55,"6c73ae98":57,"d6db2b02":62,"de36827b":68,"12dd6f5e":50,"a63bddd4":67,"12012fbd":57,"f5596d0f":61,"49902219":61,"30dd2edc":57,"416a9e97":53,"47d27624":59,"2203f259":62,"312f7676":59,"5781776a":59,"5099c6a0":65,"3c43e8a2":60,"0b3283c9":58,"fe1d4419":59,"b3f19a69":54,"ea4d3f3e":65,"cb4f262b":64,"a6b5e869":55,"d815c5b4":64,"7fef9973":63,"e356abf1":60,"25a2844e":56,"b8488fc8":52,"c510bfd3":68,"19551bad":52,"0e2b5d2f":53,"6c486702":68,"50b558a7":47,"43d87483":57,"9496f56f":52,"1dad0f99":55,"50c468ba":50,"9c29f0ed":61,"a06a6430":52,"ffa08d82":55,"4dac6b20":48,"bfad1727":57,"4e5aaaec":48,"92136ff5":56,"debe1f65":65,"547903ef":60,"f4343817":47,"3a1b9af5":47,"45b038bb":76,"8493f3b2":64,"67f6e4f2":60,"f9c15fcc":58,"1d790491":57,"1b881e6e":67,"c6c85783":58,"c81b2bcf":48,"a9b1bd51":45
1604737484395,"53431634":70,"a3253019":57,"34c5c729":48,"145c7559":59,"b7505747":56,"b215547b":50,"719c8869":70,"a901627e":49,"195eb771":54,"49cb2959":57,"6023df54":55,"313258f2":52,"d9a64845":52,"74c26380":52,"3fdb08f5":45,"36380d96":61,"c0fea118":54,"14c682eb":53,"8f13c203":52,"caddd0a7":67,"859545e6":36,"cc11fef9":61,"30d84dce":55,"58d46189":55,"059d6c19":69,"94a2fe10":60,"a4f1d83b":58,"430a5db5":65,"815e4582":59,"57d5dee8":61,"13747b82":57,"a2c334e7":72,"40860a4b":43,"031e488e":57,"7af9d3b1":62,"2132fe93":64,"7db3edda":62,"2f455cce":51,"c0e2624b":48,"eb7b4e29":53,"bca2d7cd":55,"6a3eaf43":54,"911e770b":52,"72b84094":67,"8ea21393":52,"7d112f4d":58,"07107f6e":63,"0a96f57a":65,"debe1f65":66,"b6ee137a":57,"d548635d":49,"e0154608":46,"f33c0140":59,"c382f054":53,"f76a3e83":58,"f0a06216":56,"dffa7793":37,"93b0a158":56,"cfafcda8":53,"bd2705b0":66,"1bc0591f":64,"37d0cae2":54,"dfcc2ad1":62,"5b5fc566":51,"20811ddf":50,"d78dd457":46,"afe8e06a":45,"ef91eaae":45,"f5e8dfee":59,"f1df62b4":55,"9d023afb":64,"0d28db94":48,"597c1f81":47,"87cd2add":55,"abd32136":57,"7a840529":34,"d9a64845":53,"db8ba455":67,"d9d0c567":46,"08a561b7":44,"74c26380":53,"7c0a2db6":58,"71e53c93":60,"f3992a31":60,"8f13c203":53,"9a467a82":53,"d3e84616":61,"172217e5":59,"175bc6b2":51,"2dda3936":56,"f2ca27d9":54,"546f6845":59,"805af3c7":54,"6fb4cdda":63,"dac109cf":48,"30c5d755":59,"4fd645f1":39,"d033db8d":53,"ce3bf5db":48,"9d4da635":44,"d141db49":46,"94a2fe10":61,"61f25dd4":67,"ca6d2d91":58,"430a5db5":66,"be40590d":58,"8c6e001f":42,"5ee911b5":53,"c27969ec":56,"f1098793":59,"1c3a30c5":51,"4cc141fa":44,"35b58ef9":45,"04612878":59,"12a2cd4b":64,"49910300":55,"44a4f7cd":47,"25d1b2d8":58,"36b7003c":70,"2ab62345":47,"6867261a":49,"47d27624":60,"35aa7fd0":65,"04643409":58,"f2364460":69,"03b4ab60":54,"5774ac0d":64,"a1921150":67,"24a9fb86":60,"9f5e6cba":63,"aec074c4":67,"aa5dfdf5":61,"98915a1f":45,"b947257e":63,"730338c4":71,"de6213c7":63,"d744bee2":53,"27d8bf51":56,"ecfa8249":58,"9d0546ac":54,"18d20aa1":53,"2b3c49b9":56,"a0cca8b7":46,"3007f31f":50,"9267f0ef":67,"54a676d6":51,"26009d3f":58,"8b2b601d":55,"28d41578":52,"e81834aa":59,"045f280d":61,"312f7676":60,"b1f58563":53,"8e4c33d2":57,"f6fe095d":73,"09f0db62":77,"39bbc4bc":73,"c318d350":59,"4c4aa2e2":58,"bd984a8e":46,"730a4938":57,"e0e48a2d":57,"6841f77e":66,"37d0cae2":55,"1757a30e":47,"51a3e9c2":58,"9d4f1fe6":45,"dc0c8b09":62,"78b97937":59,"c510bfd3":69,"6c486702":69,"eb2e1983":51,"053f3451":55,"a0685bf3":70,"cb142908":46,"50b558a7":48,"b9be31d6":52,"9496f56f":53,"f7231212":57,"7566fdd6":58,"93b9fae6":53,"6e44927f":42,"616d6dd6":60,"45b5746e":58,"fafb4cc2":79,"69d4b754":51,"655954ba":53,"168e75d9":52,"53431634":71,"7be025ce":55,"f8b31ce5":72,"3fdb08f5":46,"aa021138":63,"c8fcad77":56,"ea6de194":53,"15620dca":60,"fd6dcb20":48,"36d340f2":53,"ec2cb1af":64,"affb82bf":55,"ccdd1ce6":49,"9de29816":50,"08a06557":71,"4360a1a3":64,"059d6c19":70,"19e9776f":64,"a68a93b2":49,"180377be":53,"0c043224":61,"be40590d":59,"49cb2959":58,"537634c9":49,"5f0c1b9d":69,"7ae3fc50":58,"02d4753e":66,"5a0ead91":46,"8323d333":49,"a533489b":63,"d0e9a58e":49,"0cb80f4a":58,"0eaf08da":62,"26c6fa34":52,"3e602573":41,"baebb391":71,"9c58dd76":62,"87ce8d1d":45,"56752a4a":52,"ce3407dd":55,"449d8475":51,"5a0eb771":60,"4ed01268":50,"b8ab8e6e":53,"e99318a3":44,"48efc739":67,"162a7348":56,"72805bf5":47,"c93c3508":40,"e4714415":62,"71279c46":48,"c9efc8f6":60,"6632fed0":64,"fd07e0ed":53,"d3a669ac":67,"af0b61ab":61,"d552eb2f":51,"2d54e0a8":46,"3c6692a3":58,"383e232d":52,"25e0dd3d":64,"cd421290":56,"20777945":53,"7e8e1c3d":52,"5fa12feb":53,"e21c6207":51,"4eed1bea":62,"e36dfd6f":47,"e8f173b5":49,"f5829ac0":55,"f277386e":48,"ce4da56f":52,"e7e82473":72,"868edcc0":56,"f6fe095d":74,"317c1591":52,"2c5c1dc0":52,"82868763":52,"5410e9c6":64,"437fc3ec":54,"3c43e8a2":61,"730a4938":58,"abad2347":52,"88ce179e":61,"54d7de6b":63,"cb4f262b":65,"9cb4697f":59,"04cc7cbe":49,"0f89862c":53,"fe8f3d36":47,"55928ef1":60,"fef750ca":63,"19551bad":53,"d83294cd":56,"6c486702":70,"11b2c8d9":47,"76f94eda":55,"0bfabf48":56,"67c57de4":83,"e4cfef0a":45,"ae95f2ba":66,"87cd2add":56,"0a92153e":53,"34c5c729":49,"c4feee5b":56,"9f2b16a7":53,"c85a0d80":61,"dcf85091":48,"5e193fc8":60,"dac109cf":49,"01d817b8":50,"eafbf9fb":61,"18815a1b":55,"0277d748":71,"558d5ce7":63,"57540cc3":60,"28d40296":46,"75ffea08":59,"1623fc9f":50,"2154b6e8":49,"d9f512b9":60,"0a2f71bc":46,"430a5db5":67,"110b1ee3":58,"381c68fa":63,"751acea8":53,"9d4da635":45,"ddec9e54":45,"026766f3":46,"4bc46d7a":53,"7896b953":56,"da04caac":59,"a851891c":46,"906fdec3":47,"3f75d3bc":58,"dd035d2a":51,"288afc30":49,"b2a8761b":52,"ef16ca37":56,"fe0df575":57,"8245f916":50,"5f8517b7":71,"b377a62a":47,"73b15e04":53,"59c1e594":62,"c6e3d352":57,"2198ba8e":54,"35b58ef9":46,"9de29816":51,"f2364460":70,"d5557fb4":56,"90d52475":54,"5d087c79":60,"f66616b7":46,"650bb0e0":56,"1634789b":62,"60d6cee2":58,"5e09f69e":62,"081460bf":58,"a2c334e7":73,"c4bff41f":52,"181c3dd5":54,"5ac86fb9":53,"5a07fc2e":54,"284544ba":61,"383e232d":53,"72d7b461":55,"7028b044":48,"aa5dfdf5":62,"c793cdda":53,"5c82d1ce":50,"201cafad":50,"0a96f57a":66,"a851554d":67,"ae99df30":55,"677c6a09":68,"e4117b3b":41,"87c462ee":55,"bd2705b0":67,"d815c5b4":65,"5eab91a0":60,"55928ef1":61,"c1bb74f2":54,"7af262e5":61,"33d6bb6a":54,"6c486702":71,"25a2844e":57,"87083264":60,"621d6b18":63,"dc0c8b09":63,"8fb236a9":54,"00a17b46":55,"b73e789c":53,"6034b6d0":61,"385ab7c6":55,"742f1425":56,"468fc85c":61,"f5829ac0":56,"3310a049":63,"8d753bb6":47,"05642105":52,"95f6db13":44,"e8f173b5":50,"045f280d":62,"3f2522c2":58,"014bdff0":59,"e45b4b53":46,"a77e127d":43,"fe1d4419":60,"07107f6e":64,"51c57542":55,"ecfa8249":59,"501db4de":55,"e7abc88d":42,"c21ab51e":46,"be4f8ba8":48,"c382f054":54,"470d50c2":56,"ebdbf580":48,"79f04300":54,"0b959527":51,"014460b9":69,"08a06557":72,"d6f0d94a":44,"859545e6":37,"868cda42":45,"fbdffc95":49,"0841052c":54,"9316e7e8":40,"c8977844":58,"1e191c98":41,"a4f1d83b":59,"d70ca4f4":63,"5cd3cfe0":44,"2dd0e808":60,"fd482491":60,"fafb4cc2":80,"6023df54":56,"61145ec9":68,"d9d0c567":47,"00a481e3":56,"5623817d":61,"095ab3b4":49,"336d0f08":58,"e0e6a097":50,"4f5e3e7d":51,"fe0df575":58,"6585adbe":48,"a533489b":64,"d102b0c6":44,"87922532":55,"d3e84616":62,"7080f122":47,"88432019":52,"12012fbd":58,"4d35385e":50,"865d9857":46,"90d52475":55,"e15fd611":49,"44a4f7cd":48,"ce3407dd":56,"d5557fb4":57,"bad1a1cc":50,"b8ab8e6e":54,"51f80f4c":62,"8d04852b":56,"68562193":45,"e4714415":63,"c93c3508":41,"31f6ba51":54,"17446892":51,"6751d8e4":66,"7028b044":49,"b7832271":54,"f4726450":52,"0d2a1c58":48,"946df4fd":51,"a543ec74":60,"12271e14":58,"59c1e594":63,"2198ba8e":55,"be1746a0":40,"fb44fa9c":61,"90731976":53,"11888cfa":57,"54a676d6":52,"07fc4a9a":57,"3c782bb3":59,"4b3e3b1c":57,"6841f77e":67,"cb4f262b":66,"ee21ad02":62,"04bef50c":37,"abad2347":53,"4b125e7b":63,"79be29c8":52,"5f4102da":59,"13b53c7a":56,"8f10fa42":62,"70ee0491":45,"4c0e547b":51,"a59a8290":52,"b8488fc8":53,"056ea7ff":57,"76f94eda":56,"8fb236a9":55,"ae95f2ba":67,"ffa08d82":56,"4295ce9a":69,"c45d554f":56,"5fa12feb":54,"18d20aa1":54,"44ff8baa":50,"d25e0f8d":55,"d1ca5d6b":65,"cbb54a0a":50,"5c82d1ce":51,"6fb4cdda":64,"288d171f":52,"f2086446":65,"1a68160d":54,"dcf85091":49,"bd984a8e":47,"c4feee5b":57,"08a06557":73,"d9f512b9":61,"4777334c":52,"b5ce0c0c":61,"4fd645f1":40,"f8b31ce5":73,"868cda42":46,"19e9776f":65,"d0c104c4":44,"d033db8d":54,"1a2ec5d7":60,"629800eb":65,"2ce1af05":50,"b28a5e67":58,"da04caac":60,"f789f6d8":69,"8db5a165":38,"ec110282":54,"313258f2":53,"43bc86e3":56,"61f25dd4":68,"5cd3cfe0":45,"1e191c98":42,"8274885a":55,"578f6e9e":59,"312f7676":61,"8dd649a3":49,"82868763":53,"22aeaf03":59,"e45b4b53":47,"8493f3b2":65,"408bb2ed":43,"4ac6bd4e":46,"cd95f558":59,"45b038bb":77,"50312237":58,"92d38723":62,"49902219":62,"36d340f2":54,"be4f8ba8":49,"bc021def":65,"175bc6b2":52,"623c6a31":56,"4469c815":42,"842c8340":46,"5957df9e":59,"394dc144":58,"a983a6dc":56,"2a387957":62,"93fdbb44":45,"e99318a3":45,"32133249":60,"61d4782d":57,"2132fe93":65,"725dce8b":54,"3c18f28e":56,"64db4feb":60,"1ed46298":64,"9147702f":50,"abad2347":54,"dffa7793":38,"3b2dee89":55,"a6b5e869":56,"ba586505":49,"6b82b527":51,"00cf385d":66,"13b53c7a":57,"478d2d4f":69,"2a76f1dd":44,"597c1f81":48,"26c6fa34":53,"4b4ef7fa":57,"3e602573":42,"74e01f6a":57,"23080895":47,"a5aee5de":59,"d82592f4":60,"de36827b":69,"3310a049":64,"868edcc0":57,"fb44fa9c":62,"8298e976":60,"66554572":44,"bbe71605":50,"3ef7432b":62,"9d0546ac":55,"4e5aaaec":49,"b6ee137a":58,"fb8bfb36":74,"7e991ab9":41,"2a06ab95":60,"d1ca5d6b":66,"ea822700":49,"272c7672":52,"84b67924":52,"85de05f2":52,"ded7da5a":55,"79f04300":55,"c21ab51e":47,"69134f07":57,"655954ba":54,"4e3f5178":57,"9f2b16a7":54,"8e99d5d0":57,"e1571af7":56,"014460b9":70,"c1bdfd41":53,"ea6de194":54,"57167c74":58,"1623fc9f":51,"e32524d6":59,"0e2b5d2f":54,"6f39f4d9":70,"b102f7bd":66,"9496f56f":54,"eebc8d43":55,"87083264":61,"ef14000f":62,"afe8e06a":46,"53b4e647":71,"c38c2b52":63,"b28a5e67":59,"f3a0c2ee":51,"71e53c93":61,"345c9967":54,"012de09c":47,"56473430":62,"a15713c6":65,"6f81493d":50,"5272520d":59,"5781776a":60,"095ab3b4":50,"b1f58563":54,"8dd649a3":50,"b935fc1c":51,"22aeaf03":60,"3f2522c2":59,"1b153aef":52,"761cf820":50,"3d1af513":63,"9263c525":52,"50312237":59,"fa55f27a":66,"9e878ec2":70,"bb98a6cf":75,"0c0e98ea":43,"9d4da635":46,"a8726d50":45,"dae0f922":57,"140ce69e":59,"36d340f2":55,"53a8613c":65,"be4f8ba8":50,"6de0aaac":42,"51f57142":63,"416a9e97":54,"842c8340":47,"2b3e4717":57,"97e75c19":63,"ce3407dd":57,"0681c48e":62,"d5557fb4":58,"d6d61bfc":65,"8ec3834d":58,"c852d240":50,"00cf385d":67,"e382ec3f":47,"6ee92259":61,"1a442bc7":54,"7f6d1d0e":63,"e0e48a2d":58,"290b4714":52,"bd62d7ed":47,"d82592f4":61,"cf52025e":47,"4cc141fa":45,"bc392d1c":49,"812b4f15":54,"c27969ec":57,"24d24fa3":54,"159ffd0b":31,"0b5a0408":53,"6db0ea86":53,"868edcc0":58,"05642105":53,"b552beb3":50,"bbe71605":51,"ccb5ea3e":44,"e2a7d915":60,"c4bff41f":53,"c98d5272":55,"f94bf9ea":50,"57d5dee8":62,"26c390d6":49,"8d04852b":57,"70bc8325":52,"a625328f":57,"911e770b":53,"b947257e":64,"508aac3d":58,"2c627253":53,"c650b434":62,"51c57542":56,"ded7da5a":56,"c455f40e":48,"0149e11a":47,"9b742f71":54,"ebdbf580":49,"5e193fc8":61,"f598a332":58,"e1618359":64,"36380d96":62,"06ee61b6":50,"4c39240e":52,"30c5d755":60,"859545e6":38,"7043382d":58,"09ff339a":44,"8e4c33d2":58,"fe1d4419":61,"317c1591":53,"3a204e56":60,"3e082b37":52,"8274885a":56,"332820ce":58,"ef16ca37":57,"b7407bd3":53,"4f5e3e7d":52,"67f6e4f2":61,"25a2844e":58,"8063df14":48,"19551bad":54,"d2466211":66,"b8488fc8":54,"7e95c5a0":43,"d7cb9bcf":53,"f5e8dfee":60,"4f59a322":54,"c463799d":64,"50c468ba":51,"ef14000f":63,"1dad0f99":56,"345c9967":55,"a0cf08b3":51,"195eb771":55,"8db5a165":39,"810aa5e9":57,"012de09c":48,"c91966ce":46,"44c77422":61,"014460b9":71,"c7636527":51,"19e9776f":66,"4360a1a3":65,"dbd2f139":69,"30fdcd3b":52,"5272520d":60,"cd3bbe7e":65,"66b7b5b4":50,"4d35385e":51,"36d340f2":56,"eafbf9fb":62,"865d9857":47,"25a7a0a3":57,"bb99c79c":53,"51f57142":64,"a1921150":68,"39a2fcce":52,"e99318a3":46,"2a387957":63,"e0e48a2d":59,"c0b23081":61,"abad2347":55,"d815c5b4":66,"124fbe96":56,"1bb4ccc0":56,"d0c0fc08":55,"82b81567":54,"064a99c8":52,"9c58dd76":63,"48655f09":68,"baebb391":72,"aa00769b":70,"eed20185":62,"c6e3d352":58,"a6bcb07e":57,"05642105":54,"5678ed7b":71,"8298e976":61,"1138796e":55,"28d41578":53,"b88033fd":60,"bc3dc66a":58,"c81b2bcf":49,"5f6613c8":51,"9ceb5439":49,"68562193":46,"162a7348":57,"031e488e":58,"c64de0c0":50,"dc473de1":49,"1f7607df":40,"fd07e0ed":54,"778c95e9":55,"8cd78f77":70,"e58b26f6":53,"b7832271":55,"4bcd4a30":71,"efd23af5":53,"2e3503e4":51,"c455f40e":49,"b2c25d1c":58,"e1f0dbfd":55,"145c7559":60,"4b4ecbce":54,"261c9911":61,"a4296d1e":56,"21e10a2b":47,"e356abf1":61,"f5e8dfee":61,"6c524f99":44,"c463799d":65,"9d023afb":65,"c510bfd3":70,"a567ace4":57,"fee32863":50,"c803b4a3":54,"0785820e":66,"50c468ba":52,"4f59a322":55,"d5059415":55,"49cb2959":59,"00a17b46":56,"906fdec3":48,"a4dafea5":52,"7ee148e9":53,"25635c37":53,"71ff66e8":50,"fb7b7b3c":68,"8dc9b4db":62,"95d3d348":51,"014bdff0":60,"07107f6e":65,"d548635d":50,"c650b434":63,"9e65c0ef":51,"1e232870":60,"719c8869":71,"37a7d5b0":61,"1623fc9f":52,"aa021138":64,"d9d7c4c2":61,"c1bdfd41":54,"30fdcd3b":53,"6f81493d":51,"cf1124db":47,"bb99c79c":54,"d2a841c9":46,"53a8613c":66,"6143f39d":58,"546f6845":60,"4469c815":43,"be4f8ba8":51,"e62d705f":48,"3b690f68":65,"58d46189":56,"be40590d":60,"71ba7561":58,"93b9fae6":54,"71e53c93":62,"d5dae4c4":62,"4abb7aed":54,"74c26380":54,"b377a62a":48,"d33790a2":68,"3d1af513":64,"1bd5b20b":54,"8245f916":51,"34658473":52,"5ee911b5":54,"87922532":56,"ad8f85d6":60,"73b15e04":54,"f1098793":60,"04612878":60,"cf52025e":48,"013ee301":61,"8ec3834d":59,"5339e1e9":56,"ce3407dd":58,"2b3e4717":58,"8d04852b":58,"c6c85783":59,"17446892":52,"5a734022":52,"b8ab8e6e":55,"7db3edda":63,"081460bf":59,"37fbb107":60,"f271ed5d":55,"9f5e6cba":64,"92efd84f":51,"540df50f":62,"c0e2624b":49,"e4714415":64,"911e770b":54,"fd369c21":63,"8657c79d":68,"6490bac6":56,"f734c84c":70,"dbc9df44":48,"07107f6e":66,"df81ddee":49,"c382f054":55,"bec9d329":65,"935ec056":46,"20811ddf":51,"2bcca6a7":73,"3b2dee89":56,"b3f19a69":55,"062179c1":54,"7fdc2007":55,"d39724bc":54,"677c6a09":69,"33d6bb6a":55,"78467b8a":60,"9aa6a054":51,"dd3913d2":48,"c803b4a3":55,"ae95f2ba":68,"dfcc2ad1":63,"1dad0f99":57,"d5059415":56,"53b4e647":72,"93b9fae6":55,"a4296d1e":57,"85de05f2":53,"64a7f79f":44,"bab97de3":67,"a8871ddf":56,"2d1e1e9d":51,"1138796e":56,"a6bcb07e":58,"8298e976":62,"c564e316":56,"971675c5":64,"60e855ee":57,"8dd649a3":51,"b1f58563":55,"22aeaf03":61,"b935fc1c":52,"b3863630":49,"c8dc010f":59,"1a68160d":55,"44ff8baa":51,"168e75d9":53,"1e232870":61,"e1571af7":57,"e5d3655c":65,"ba30e43a":64,"259930ee":60,"ca7d47f7":61,"30c5d755":61,"2154b6e8":50,"a63bddd4":68,"9de29816":52,"e9adbe58":50,"4d35385e":52,"15620dca":61,"623c6a31":57,"12012fbd":59,"a8726d50":46,"d634aa28":63,"430a5db5":68,"110b1ee3":59,"e62d705f":49,"8db62558":57,"6f81493d":52,"8a165e17":56,"e865e4dd":54,"fe44fc6f":59,"345c9967":56,"c91966ce":47,"43bc86e3":57,"abc1d7ad":59,"761cf820":51,"d0e9a58e":50,"a533489b":65
1604737484933,"40569362":60,"06073f13":60,"792c9b6a":47,"608bc832":50,"064a99c8":53,"dfc89705":61,"742f1425":57,"ad8f85d6":61,"01cd8099":57,"04612878":61,"c6e3d352":59,"ce4da56f":53,"a24e6670":63,"59431390":55,"1f88a4b7":63,"0be540c5":55,"a6bcb07e":59,"411b5027":59,"263762cb":57,"71ff66e8":51,"83086d4c":53,"e238f09b":56,"6b79fec2":49,"836701f6":47,"3e082b37":53,"08a4c3f8":56,"db0a661e":58,"3652bd66":53,"6f0fcb9d":65,"6585adbe":49,"c6c85783":60,"9ceb5439":50,"794f652b":47,"e4714415":65,"35aa7fd0":66,"50d129cf":51,"36b7003c":71,"b230e8d3":60,"40860a4b":44,"44a4f7cd":49,"42c80e69":60,"cb6c9e42":68,"0681c48e":63,"162a7348":58,"0d2a1c58":49,"fd07e0ed":55,"72d7b461":56,"884b0ad1":58,"084cbc0b":50,"70c1e715":58,"af0b61ab":62,"1bd5b20b":55,"f9c15fcc":59,"12a2cd4b":65,"71bc1295":59,"be1746a0":41,"6be9332a":55,"a43061ee":47,"2d382981":58,"c27969ec":58,"8cf83787":47,"868edcc0":59,"69f3bfcc":54,"32c9fc47":47,"d6db2b02":63,"01d817b8":51,"0277d748":72,"9c045c61":57,"22176537":51,"3454fa2b":56,"bc021def":66,"4b3e3b1c":58,"e81834aa":60,"c564e316":57,"f2470875":56,"a58bf525":52,"c0b7e7d7":51,"3b2dee89":57,"b3f19a69":56,"1bb4ccc0":57,"bf30a08f":64,"ba586505":50,"2882a956":64,"88ce179e":62,"733c86f8":52,"cd522166":71,"8007f30e":40,"e5b1abc6":52,"8063df14":49,"78b97937":60,"cfafcda8":54,"0b3283c9":59,"3a204e56":61,"fe1d4419":62,"1d153b20":55,"84369269":52,"c67979e6":66,"9d9dd9e5":49,"90d52475":56,"b8ab8e6e":56,"42c80e69":61,"36684155":56,"6867261a":50,"e9a8cf11":57,"0670c466":56,"51f80f4c":63,"a47abfbb":51,"8cddb65e":61,"35aa7fd0":67,"d552eb2f":52,"af0b61ab":63,"272c7672":53,"778c95e9":56,"1b153aef":53,"82b81567":55,"1bd5b20b":56,"336d0f08":59,"8493f3b2":66,"e0e6a097":51,"6f0fcb9d":66,"e57d5cda":64,"869cbaa0":67,"4d9b0b10":56,"ef14000f":64,"af7e5be8":58,"7a4c064c":57,"b9be31d6":53,"810aa5e9":58,"aa76bc50":51,"db8ba455":68,"69eeae0d":60,"f3a0c2ee":52,"3a291497":53,"abc1d7ad":60,"59c1e594":64,"74e01f6a":58,"261c9911":62,"ab7467de":69,"cb51f134":60,"7d112f4d":59,"c382f054":56,"655954ba":55,"201cafad":51,"696fdac5":60,"5fa12feb":55,"470d50c2":57,"6b9eff39":50,"ebdbf580":50,"85de05f2":54,"c0fea118":55,"30c5d755":62,"14c682eb":54,"4fd645f1":41,"ce3bf5db":49,"49b358bd":58,"28d40296":47,"2045d7d6":54,"e62d705f":50,"d70ca4f4":64,"a4f1d83b":60,"66b7b5b4":51,"1f11812e":51,"b6591e25":54,"0c043224":62,"27c8e038":61,"6be9332a":56,"a636f4c9":69,"ad8f85d6":62,"ac62fac2":58,"6751d8e4":67,"3c6692a3":59,"b947257e":65,"be4f8ba8":52,"fd6dcb20":49,"0114160e":57,"28d41578":54,"0d2c95fe":53,"d9dcdc4b":63,"e36dfd6f":48,"1138796e":57,"159ffd0b":32,"91b28f83":58,"ee21ad02":63,"51a3e9c2":59,"1c0a9eff":54,"5acce642":58,"4652b09a":60,"ba586505":51,"ba5c52af":59,"a66a2d8a":58,"0f89862c":54,"70ee0491":46,"062179c1":55,"dfcc2ad1":64,"77d35808":57,"836701f6":48,"8274885a":57,"312f7676":62,"971675c5":65,"695a2b92":58,"fb7b7b3c":69,"558d5ce7":64,"88432019":53,"8dd2684c":60,"f5596d0f":62,"8cc4a982":49,"789bd484":52,"cb6c9e42":69,"47d27624":61,"b88033fd":61,"31f6ba51":55,"36b7003c":72,"9ceb5439":51,"4125085e":61,"64db4feb":61,"bda8cdfb":62,"162a7348":59,"12534561":47,"540df50f":63,"03b4ab60":55,"3062379b":42,"2c01e624":53,"1b153aef":54,"9260d96b":65,"608bc832":51,"b377a62a":49,"358e45b1":66,"fe0df575":59,"5acaa06f":42,"fe8f3d36":48,"07f98660":67,"f7231212":58,"753ca352":47,"4d9b0b10":57,"af7e5be8":59,"4930f321":53,"869cbaa0":68,"d9a64845":54,"fd482491":61,"6e44927f":43,"906fdec3":49,"4bc46d7a":54,"a5fd8ffd":65,"012de09c":49,"bc09fa9e":52,"25e0dd3d":65,"8ea21393":53,"c650b434":64,"655954ba":56,"51c57542":57,"b215547b":51,"da3437cd":44,"f734c84c":71,"fe578280":56,"696fdac5":61,"1a68160d":56,"a4296d1e":58,"470d50c2":58,"e1571af7":58,"b5ce0c0c":62,"638cb163":73,"7e76c93c":61,"d141db49":47,"49b358bd":59,"dae0f922":58,"1623fc9f":53,"902f49f5":58,"7cd0ad7b":63,"026766f3":47,"1f11812e":52,"e6fac295":53,"cf52025e":49,"458dcc3d":61,"baebb391":73,"ae8a09c4":60,"a543ec74":61,"ac62fac2":59,"2d54e0a8":47,"272c7672":54,"7e991ab9":42,"835358a0":46,"c793cdda":54,"8d753bb6":48,"e81834aa":61,"cf50e84e":58,"2cce4fb2":65,"fb44fa9c":63,"1be05c14":44,"bab97de3":68,"4258c176":53,"dffa7793":39,"5eab91a0":61,"677c6a09":70,"7735c3c2":48,"bf30a08f":65,"290b4714":53,"5f4102da":60,"e5b1abc6":53,"94a2fe10":62,"f4634d0b":49,"0b3283c9":60,"5b60dd1d":59,"09f0db62":78,"f2470875":57,"f1dffa24":47,"5781776a":61,"7ee148e9":54,"3f65f121":55,"18815a1b":56,"9e206c95":67,"a77e8461":44,"1d153b20":56,"6143f39d":59,"6de0aaac":43,"31d74eee":53,"5d087c79":61,"d957f027":50,"842c8340":48,"bc3dc66a":59,"1b881e6e":68,"44a4f7cd":50,"60d6cee2":59,"97e75c19":64,"a2c334e7":74,"8d04852b":59,"a47abfbb":52,"ed4fad08":60,"5a734022":53,"3d1af513":65,"45b038bb":78,"332820ce":59,"fe0df575":60,"08a4c3f8":57,"379184a7":63,"20958d58":51,"dfcc2ad1":65,"13b53c7a":58,"c1bb74f2":55,"2a4a402a":55,"07f98660":68,"ae95f2ba":69,"e4cfef0a":46,"629800eb":66,"95539a58":41,"7a4c064c":58,"ad303bda":61,"3101354b":53,"195eb771":56,"d9a64845":55,"fafb4cc2":81,"2c6cb96f":45,"5f96c2bc":43,"00a481e3":57,"5ee911b5":55,"201cafad":52,"c8dc010f":60,"26dd2000":60,"4e5aaaec":50,"ccb5ea3e":45,"685207b3":62,"3ef7432b":63,"547903ef":61,"3498f223":53,"8e99d5d0":58,"f2086446":66,"e0154608":47,"4b4ecbce":55,"53431634":72,"d141db49":48,"aab4d996":59,"fce3c5c6":50,"7be025ce":56,"65a00a3c":58,"059d6c19":71,"c015ec5a":54,"946df4fd":52,"b460f030":68,"64a7f79f":45,"bad6cdb1":51,"c6e3d352":60,"cf52025e":50,"911e770b":55,"2180f99b":62,"2d13e69b":60,"2f455cce":52,"22234d6b":60,"8657c79d":69,"aa5dfdf5":63,"b7df1559":61,"d9dcdc4b":64,"cf50e84e":59,"59431390":56,"2d1e1e9d":52,"4b3e3b1c":59,"bbe71605":52,"e0e48a2d":60,"124fbe96":57,"bec9d329":66,"e382ec3f":48,"ad2d7bed":56,"54d7de6b":64,"2882a956":65,"d6db2b02":64,"cf1124db":48,"49b358bd":60,"93683c82":56,"ddec9e54":46,"430a5db5":69,"3b690f68":66,"a4f1d83b":61,"363590c7":55,"836701f6":49,"5b60dd1d":60,"a58bf525":53,"f1dffa24":48,"f6fe095d":75,"f2f58418":49,"865d9857":48,"3661e12d":49,"8dd2684c":61,"217c0327":38,"6de0aaac":44,"d6320619":60,"9d9dd9e5":50,"36684155":57,"a939b50b":53,"6adce358":60,"cb6c9e42":70,"c6c85783":61,"2ab62345":48,"c81b2bcf":50,"17446892":53,"bb8a6337":47,"74e3d13e":55,"181c3dd5":55,"fb7b7b3c":70,"ea274174":58,"f67de058":47,"19551bad":55,"831c7b85":57,"fe8f3d36":49,"a567ace4":58,"2bcca6a7":74,"bd62d7ed":48,"9496f56f":55,"76f94eda":57,"6034b6d0":62,"9fce073c":59,"4d9b0b10":58,"77bfed7e":57,"faf4f98b":58,"91f7ef72":52,"7ae34c64":57,"9260d96b":66,"06073f13":61,"08a4c3f8":58,"e1f0dbfd":56,"e2a7d915":61,"547903ef":62,"f9f2c53f":53,"805534ac":55,"8f9b74b0":48,"0da28f5b":59,"85de05f2":55,"d548635d":51,"fe578280":57,"ebdbf580":51,"f33c0140":60,"754f98c9":56,"f2086446":67,"259930ee":61,"1bd5b20b":57,"761cf820":52,"fe0df575":61,"b35bb8a1":48,"61d4782d":58,"884b0ad1":59,"84b67924":53,"aaa274a5":55,"9ab755d3":52,"1f7607df":41,"272c7672":55,"0fc5ac7e":72,"12a2cd4b":66,"a0b03218":63,"87ce8d1d":46,"03c398d2":56,"481754fc":45,"b7df1559":62,"0f72f2d8":55,"d9dcdc4b":65,"65e4235b":59,"6023df54":57,"d9d0c567":48,"a472532e":51,"dc03ebd2":70,"7ee7621c":57,"8b2b601d":56,"69f3bfcc":55,"05642105":55,"e36dfd6f":49,"30c5d755":63,"ce3bf5db":50,"110b1ee3":60,"d9d7c4c2":62,"4360a1a3":66,"88fa53d6":48,"5f620a1e":72,"059d6c19":72,"ffc86f94":53,"30d84dce":56,"142d6987":63,"20e470e0":52,"7a9344a4":65,"e81834aa":62,"820225e4":43,"a58bf525":54,"004f1ef3":61,"83086d4c":54,"fb7b7b3c":71,"22176537":52,"d3e84616":63,"9de29816":53,"08c6b5d2":56,"6d339d45":56,"ac38a6a5":61,"6d5fcd4c":57,"91d52a55":63,"bda8cdfb":63,"4ed01268":51,"5a0eb771":61,"c67979e6":67,"19f9ca86":67,"2c5c1dc0":53,"578f6e9e":60,"4b125e7b":64,"87c462ee":56,"93b0a158":57,"7735c3c2":49,"abad2347":56,"7fdc2007":56,"20811ddf":52,"4c0e547b":52,"19551bad":56,"70ee0491":47,"0042f6eb":69,"a59a8290":53,"ba5c52af":60,"ffa08d82":57,"385ab7c6":56,"50c468ba":53,"e57d5cda":65,"d2466211":67,"67c57de4":84,"cb142908":47,"a0cca8b7":47,"7e8e1c3d":53,"2209903e":58,"2ad42a9e":54,"70594a28":56,"acac14fb":50,"26dd2000":61,"696fdac5":62,"f4343817":48,"d548635d":52,"34c5c729":50,"e9679ede":52,"f3992a31":61,"4ea4a2a1":70,"fe0df575":62,"6585adbe":50,"67f6e4f2":62,"b8397293":51,"7a2f3f06":51,"4ba6eb36":60,"47d27624":62,"254cc28c":67,"dc473de1":50,"0681c48e":64,"540df50f":64,"3c18f28e":57,"b230e8d3":61,"288a2c43":56,"9f5e6cba":65,"2f455cce":53,"d744bee2":54,"8657c79d":70,"2c627253":54,"e58b26f6":54,"84b767be":64,"284544ba":62,"87922532":57,"a0bc1ceb":51,"e8d74304":53,"b460f030":69,"27c8e038":62,"cbad3b92":68,"56752a4a":53,"91f7ef72":53,"5ef93e5d":46,"2dd0e808":61,"00a481e3":58,"42cd2360":46,"c91966ce":48,"dd035d2a":52,"e0f7679f":52,"95f6db13":45,"1a68160d":57,"88fa53d6":49,"4577b333":63,"868cda42":47,"7043382d":59,"d033db8d":55,"e3547548":40,"4279e829":67,"4c39240e":53,"430a5db5":70,"cf1124db":49,"2af60749":62,"0af920d8":42,"6f81493d":53,"0c043224":63,"e8f173b5":51,"1f88a4b7":64,"6c73ae98":58,"a24e6670":64,"8b2b601d":57,"ec2cb1af":65,"51f57142":65,"b946e146":69,"18815a1b":57,"bb99c79c":55,"558d5ce7":65,"9a467a82":54,"6adce358":61,"5099c6a0":66,"ea9bba6b":48,"1951480c":59,"5270f158":53,"363590c7":56,"d1676e89":61,"3c43e8a2":62,"290b4714":54,"935ec056":47,"ad2d7bed":57,"88ce179e":63,"1105f790":61,"7735c3c2":50,"fef750ca":64,"a502c93c":54,"92ca52b7":56,"e382ec3f":49,"9a07d89b":56,"fe8f3d36":50,"e35a63cd":57,"bd62d7ed":49,"d83294cd":57,"619fda68":61,"93b9fae6":56,"4f59a322":56,"a06a6430":53,"8fb236a9":56,"faf4f98b":59,"8ea21393":54,"27d8bf51":57,"4295ce9a":70,"a0cca8b7":48,"a0ce82b4":60,"cb51f134":61,"cd95f558":60,"358e45b1":67,"fe0df575":63,"332820ce":60,"92d38723":63,"0ac825ed":60,"d0c0fc08":56,"1b881e6e":69,"93fdbb44":46,"36b7003c":73,"04643409":59,"bf822e33":56,"6e98dfda":59,"c64de0c0":51,"12534561":48,"71a2a493":37,"e4714415":66,"c852d240":51,"8cddb65e":62,"6632fed0":65,"cbb54a0a":51,"2180f99b":63,"383e232d":54,"bca2d7cd":56,"eb7b4e29":54,"aaa274a5":56,"b5763ff6":46,"03c398d2":57,"9c58dd76":64,"812b4f15":55,"2c24d929":64,"ac62fac2":60,"3101354b":54,"f789f6d8":70,"91f7ef72":54,"a5676c24":56,"d5dae4c4":63,"fd482491":62,"8db5a165":40,"2d382981":59,"ae8a09c4":61,"1a2c020b":53,"ecfa8249":60,"80a8a56d":55,"bc09fa9e":53,"69d4b754":52,"77300e4a":54,"f121b82c":64,"ebdbf580":52,"4def63ee":45,"d6f0d94a":45,"ca7d47f7":62,"0841052c":55,"c7636527":52,"d9f512b9":62,"58d46189":57,"cc6bbe45":47,"751bcf25":52,"1f11812e":53,"f8b31ce5":74,"4360a1a3":67,"a8726d50":47,"d634aa28":64,"4b3e3b1c":60,"bbe71605":53,"b36a0d66":43,"b2703001":52,"8298e976":63,"6a60348e":58,"7732eb1e":77,"ef8321d8":54,"1d153b20":57,"140ce69e":60,"d6320619":61,"f3d68430":62,"175bc6b2":53,"9e206c95":68,"095ab3b4":51,"317c1591":54,"5270f158":54,"2203f259":63,"971675c5":66,"3f2522c2":60,"2c5c1dc0":54,"df81ddee":50,"bfad1727":58,"0d770b97":62,"730a4938":59,"290b4714":55,"e6ec8cbf":64,"78467b8a":61,"e382ec3f":50,"6c486702":72,"6775d5cd":52,"e4c312fe":56,"8f10fa42":63,"1745a0f4":60,"a66a2d8a":59,"2a76f1dd":45,"25a2844e":59,"ae95f2ba":70,"91536e85":62,"d4ee22a4":60,"c803b4a3":56,"b73e789c":54,"7a840529":35,"b9be31d6":54,"2e99f8fd":46,"0cb80f4a":59,"c6c85783":62,"0f1ac912":42,"37fbb107":61,"25d1b2d8":59,"97e75c19":65,"8ec3834d":60,"bad1a1cc":51,"ed4fad08":61,"d6d61bfc":66,"5774ac0d":65,"bc3dc66a":60,"03b4ab60":56,"aa9ea5e8":53,"725dce8b":55,"2a06ab95":61,"d744bee2":55,"d1ca5d6b":67,"72d7b461":57,"7e991ab9":43,"92efd84f":52,"ef1c2dcb":54,"82b81567":56,"4f5e3e7d":53,"45b038bb":79,"8d000d6e":50,"288afc30":50,"c6e3d352":61,"c609739e":57,"6ebe2354":41,"a5aee5de":60,"35b58ef9":47,"bad6cdb1":52,"781ace7d":54,"0a1d11e6":49,"71ba7561":59,"7896b953":57,"cf1b8c47":60,"49cb2959":60,"e865e4dd":55,"c27969ec":59,"51c57542":58,"85de05f2":56,"21e10a2b":48,"b2c25d1c":59,"21ad2f34":49,"c382f054":57,"5a622a23":51,"c7313e0a":59,"9bdf362a":50,"9f2b16a7":55,"30fdcd3b":54,"754f98c9":57,"8f13c203":54,"ca6d2d91":59,"d34a29b9":60,"ddec9e54":47,"ba30e43a":65,"a4296d1e":59,"4def63ee":46,"cf1124db":50,"0d5ee801":52,"ce3bf5db":51,"e786063b":57,"110b1ee3":61,"44c77422":62,"d634aa28":65,"6db0ea86":54,"0b5a0408":54,"69f3bfcc":56,"8d753bb6":49,"b36a0d66":44,"868edcc0":60,"cf50e84e":60,"12dd6f5e":51,"eeaa2d46":55,"57540cc3":61,"3f2522c2":61,"27f52ed3":72,"5623817d":62,"f1dffa24":49,"b935fc1c":53,"1951480c":60,"c7ab83c1":46,"d83870f5":59,"16b476e9":48,"7fef9973":64,"67d30f2b":57,"f2e3c0e3":47,"04bef50c":38,"91536e85":63,"a567ace4":59,"ffa08d82":58,"ae95f2ba":71,"2ce1af05":51,"ae99df30":56,"9a07d89b":57,"753ca352":48,"fead11cf":50,"bf30a08f":66,"6f39f4d9":71,"ab7467de":70,"288afc30":51,"9260d96b":67,"379184a7":64,"b8397293":52,"fe0df575":64,"de11eb19":64,"7080f122":48,"d5557fb4":59,"2cb29e5a":61,"09560615":46,"aff8e442":54,"01d817b8":52,"36684155":58,"93fdbb44":47,"be149c6f":61,"47d27624":63,"5ac86fb9":54,"a47abfbb":53,"9d9dd9e5":51,"c98d5272":56,"dc473de1":51,"f94bf9ea":51,"5eaa1581":57,"51f80f4c":64,"284544ba":63,"84b767be":65,"f271ed5d":56,"1f7607df":42,"3062379b":43,"22234d6b":61,"e0e6a097":52,"2c24d929":65,"9fc713b0":58,"3e602573":43,"cfafcda8":55,"053f3451":56,"fe8f3d36":51,"13b53c7a":59,"fd482491":63,"012de09c":50,"345c9967":57,"616d6dd6":61,"e865e4dd":56,"fafb4cc2":82,"dd035d2a":53,"71bc1295":60,"ae8a09c4":62,"812b4f15":56,"87922532":58,"5fa12feb":56,"6bc5d32a":68,"85de05f2":57,"34c5c729":51,"6490bac6":57,"754f98c9":58,"913a6226":56,"0a92153e":54,"c4feee5b":58,"7b6a7048":64,"b3863630":50,"972f4174":64,"f2086446":68,"e1571af7":59,"0f029727":54,"0b959527":52,"c7636527":53,"1e7753d9":70,"3f9b5722":42,"7be025ce":57,"caddd0a7":68,"8942c35b":59,"b6591e25":55,"04ea5673":64,"0af920d8":43,"3b690f68":67,"1e191c98":43,"1138796e":58,"11888cfa":58,"5678ed7b":72,"0be540c5":56,"7e991ab9":44,"dfa1a89b":54,"3661e12d":50,"15620dca":62,"0e036ae9":68,"3f65f121":56,"f2ca27d9":55,"a4dafea5":53,"159ffd0b":33,"95bc84f1":50,"f2470875":58,"c95719e5":46,"a77e127d":44,"27f52ed3":73,"09f0db62":79,"1951480c":61,"971675c5":67,"ee75b607":58,"7fef9973":65,"f56ac638":47,"8b5a8e9f":74,"935ec056":48,"831c7b85":58,"8721056e":46,"7735c3c2":51,"290b4714":56,"1105f790":62,"f5e8dfee":62,"ba586505":52,"733c86f8":53,"5f4102da":61,"0d28db94":49,"9c29f0ed":62,"7566fdd6":59,"6a5b71b4":62,"ba938220":54,"056ea7ff":58,"5fa12feb":57,"2dda3936":57,"d5557fb4":60,"77bae750":43
1604737485956,"51c57542":59,"597c1f81":49,"c8dc010f":61,"c650b434":65,"a851554d":68,"debe1f65":67,"20777945":54,"ab7d4c9a":49,"c0fea118":56,"69d4b754":53,"f121b82c":65,"acac14fb":51,"168e75d9":54,"5e193fc8":62,"4fd645f1":42,"4def63ee":47,"dac109cf":50,"7e76c93c":62,"c1bdfd41":55,"ddec9e54":48,"57167c74":59,"b5ce0c0c":63,"cf1124db":51,"20e470e0":53,"d70ca4f4":65,"0af920d8":44,"b7434f57":51,"66497c7e":57,"aa76bc50":52,"e865e4dd":57,"f3a0c2ee":53,"b28a5e67":60,"6e44927f":44,"7ae34c64":58,"00a481e3":59,"cb6c9e42":71,"5957df9e":60,"84369269":53,"9d9dd9e5":52,"c81b2bcf":51,"e9a8cf11":58,"c9efc8f6":61,"3a1d1632":34,"76f3a3be":56,"c93c3508":42,"31f6ba51":56,"12534561":49,"ef1c2dcb":55,"c0e2624b":50,"d815c5b4":67,"9cb4697f":60,"88ce179e":64,"25a2844e":60,"abad2347":57,"0f89862c":55,"7735c3c2":52,"1bc0591f":65,"730a4938":60,"8007f30e":41,"e4c312fe":57,"7bda83dd":57,"b87158fb":62,"cfafcda8":56,"91536e85":64,"ffa08d82":59,"e57d5cda":66,"ad303bda":62,"b73e789c":55,"4930f321":54,"72b84094":68,"85de05f2":58,"debe1f65":68,"2ad42a9e":55,"3ef7432b":64,"c455f40e":50,"ab7467de":71,"f121b82c":66,"0a92153e":55,"6a3eaf43":55,"fd07e0ed":56,"911e770b":56,"bca2d7cd":57,"39ba00f0":54,"eafbf9fb":63,"49902219":63,"efe84c27":46,"c0fea118":57,"501db4de":56,"754f98c9":59,"c5b35e4d":54,"ca7d47f7":63,"2154b6e8":51,"3bad3c95":40,"7e76c93c":63,"a577db1c":47,"d70ca4f4":66,"6f81493d":54,"df2b4d87":54,"4fd645f1":43,"d634aa28":66,"4360a1a3":68,"30fdcd3b":55,"e62d705f":51,"30d84dce":57,"50312237":60,"fa55f27a":67,"608bc832":52,"b7407bd3":54,"d0c0fc08":57,"92d38723":64,"00554ffd":65,"faf4f98b":60,"7c0a2db6":59,"e865e4dd":58,"a851891c":47,"2dd0e808":62,"69eeae0d":61,"6e44927f":45,"dc03ebd2":71,"172217e5":60,"140ce69e":61,"eeaa2d46":56,"30dd2edc":58,"2dda3936":58,"394dc144":59,"77bae750":44,"faf3ed07":54,"66d94227":44,"e99318a3":47,"e15fd611":50,"9d63c4dd":53,"5a734022":54,"9b3f8714":54,"8cddb65e":63,"35aa7fd0":68,"b7cc7909":54,"13747b82":58,"72805bf5":48,"ad8f85d6":63,"ac62fac2":61,"481754fc":46,"99d130c9":65,"1c3a30c5":52,"01cd8099":58,"9c58dd76":65,"6a60348e":59,"49910300":56,"2cce4fb2":66,"cf84fb54":62,"28d41578":55,"e36dfd6f":50,"88a30343":57,"19f9ca86":68,"bec9d329":67,"dffa7793":40,"91b28f83":59,"6a7392d5":53,"b0869206":57,"87c462ee":57,"7af262e5":62,"dc0c8b09":64,"bd2705b0":68,"e356abf1":62,"b102f7bd":67,"78b97937":61,"92ca52b7":57,"50b558a7":49,"621d6b18":64,"f734c84c":72,"ab7467de":72,"3007f31f":51,"2b3c49b9":57,"a851554d":69,"284544ba":64,"84b67924":54,"2a06ab95":62,"d0d6acb1":53,"6751d8e4":68,"22234d6b":62,"8657c79d":71,"7bebff03":51,"f4343817":49,"b3863630":51,"6b78ad7f":65,"69d4b754":54,"4b4ecbce":56,"0a92153e":56,"145c7559":61,"b320feb9":59,"1e232870":62,"c7636527":54,"cc6bbe45":48,"7e76c93c":64,"1e191c98":44,"75ffea08":60,"7cd0ad7b":64,"a577db1c":48,"0c0e98ea":44,"805af3c7":55,"751bcf25":53,"d70ca4f4":67,"6e24d88b":58,"180377be":54,"0bfabf48":57,"7566fdd6":60,"e57d5cda":67,"f1df62b4":56,"ef91eaae":46,"619fda68":62,"7c0a2db6":60,"c91966ce":49,"a472532e":52,"3c0df8b4":56,"a5fd8ffd":66,"2c6cb96f":46,"8a165e17":57,"2c5c1dc0":55,"8dc9b4db":63,"c564e316":58,"26f99a1e":56,"f2470875":59,"b769bdfb":62,"36fb15d2":53,"b35e9e1a":84,"2e99f8fd":47,"c7c4ec5c":44,"67f6e4f2":63,"761cf820":53,"d102b0c6":45,"0e036ae9":69,"12012fbd":60,"0277d748":73,"57540cc3":62,"f3d68430":63,"546f6845":61,"49902219":64,"0f1ac912":43,"f2364460":71,"a939b50b":54,"2b3e4717":59,"48efc739":68,"394dc144":60,"99e171db":61,"4125085e":62,"a2c334e7":75,"76f3a3be":57,"03b4ab60":57,"bc3dc66a":61,"e382ec3f":51,"5eab91a0":62,"37d0cae2":56,"b0869206":58,"c463799d":66,"cd522166":72,"7f6d1d0e":64,"8007f30e":42,"93b0a158":58,"9a07d89b":58,"d83870f5":60,"7bda83dd":58,"0f89862c":56,"804d4dfa":46,"b6aaf976":63,"0eaf08da":63,"4b4ef7fa":58,"35b58ef9":48,"99d130c9":66,"be1746a0":42,"a8871ddf":57,"d36125db":71,"1db42092":66,"4ff2225d":54,"a6bcb07e":60,"cf84fb54":63,"1138796e":59,"a851554d":70,"57d5dee8":63,"64db4feb":62,"b5763ff6":47,"39ba00f0":55,"a625328f":58,"f271ed5d":57,"084cbc0b":51,"835358a0":47,"884b0ad1":60,"bc09fa9e":54,"20777945":55,"5c82d1ce":52,"27d8bf51":58,"805534ac":56,"0149e11a":48,"104721f0":56,"655954ba":57,"7f86be64":60,"9267f0ef":68,"501db4de":57,"efe84c27":47,"30c5d755":64,"e9679ede":53,"9e65c0ef":52,"25776fc4":63,"27f52ed3":74,"a40846b7":56,"09f0db62":80,"695a2b92":59,"3a204e56":62,"b769bdfb":63,"3e082b37":54,"4ba6eb36":61,"9e878ec2":71,"7a2f3f06":52,"5a0ead91":47,"02d4753e":67,"8942c35b":60,"8f13c203":55,"20958d58":52,"1dad0f99":58,"e57d5cda":68,"d2466211":68,"53b4e647":73,"b73e789c":56,"7a840529":36,"056ea7ff":59,"3a291497":54,"dc03ebd2":72,"71e53c93":63,"781ace7d":55,"ec110282":55,"cf1b8c47":61,"db8ba455":69,"c1bdfd41":56,"5cd3cfe0":46,"65a00a3c":59,"a68a93b2":50,"180377be":55,"cc6bbe45":49,"db703021":50,"20e470e0":54,"0c0e98ea":45,"57540cc3":63,"bb99c79c":56,"af157d29":62,"affb82bf":56,"2cb29e5a":62,"3661e12d":51,"9de29816":54,"7e15f8e8":62,"789bd484":53,"5f7d7195":56,"449d8475":52,"04643409":60,"650bb0e0":57,"c98d5272":57,"5f6613c8":52,"1757a30e":48,"11b74e63":52,"2352c8ef":52,"7f6d1d0e":65,"4ea4a2a1":71,"b377a62a":50,"a5aee5de":61,"ad8f85d6":64,"a636f4c9":70,"1c3a30c5":53,"35b58ef9":49,"f1098793":61,"bad6cdb1":53,"e0f7679f":53,"a6bcb07e":61,"4b3e3b1c":61,"17b08923":49,"1138796e":60,"b84a06eb":61,"31f6ba51":57,"6867261a":51,"32133249":61,"aec4e1bf":62,"0ecfa1c9":53,"ed4fad08":62,"7028b044":50,"70bc8325":53,"2c01e624":54,"084cbc0b":52,"e58b26f6":55,"c0e2624b":51,"4bcd4a30":72,"261c9911":63,"a0cca8b7":49,"5c82d1ce":53,"201cafad":53,"3b7763b1":47,"2b3c49b9":58,"f4343817":50,"f3992a31":62,"53431634":73,"0be540c5":57,"e238f09b":57,"fb7b7b3c":72,"004f1ef3":62,"71ff66e8":52,"5623817d":63,"1da771fb":55,"8e4c33d2":59,"fe578280":58,"aa187e3b":48,"b102f7bd":68,"cd522166":73,"7735c3c2":53,"eb2e1983":52,"d4d5f466":60,"7af262e5":63,"e356abf1":63,"4c0e547b":53,"1745a0f4":61,"ffa08d82":60,"cb142908":48,"c8113b77":58,"8ac72326":50,"77bfed7e":58,"ac030e74":54,"4d9b0b10":59,"a851891c":48,"a5676c24":57,"95904ac4":71,"da04caac":61,"57167c74":60,"aab4d996":60,"c5b35e4d":55,"69134f07":58,"859545e6":39,"1a2ec5d7":61,"ce3bf5db":52,"3b690f68":68,"696fdac5":63,"a577db1c":49,"6e24d88b":59,"e7abc88d":43,"b5ce0c0c":64,"0841052c":56,"fce3c5c6":51,"66b7b5b4":52,"0c0e98ea":46,"7cd0ad7b":65,"d2a841c9":47,"d3e84616":64,"4469c815":44,"49902219":65,"3661e12d":52,"9c045c61":58,"172217e5":61,"0670c466":57,"c81b2bcf":52,"2a387957":64,"a1921150":69,"c67979e6":68,"ec110282":56,"5f0c1b9d":70,"fd482491":64,"4ea4a2a1":72,"d0b297b2":51,"2e99f8fd":48,"ea274174":59,"8d000d6e":51,"554ebb83":54,"49bf2e95":40,"a5aee5de":62,"26c6fa34":54,"c609739e":58,"87922532":59,"35b58ef9":50,"8eb64769":53,"1c3a30c5":54,"44a4f7cd":51,"8a52882e":63,"bb8a6337":48,"64db4feb":63,"0681c48e":65,"081460bf":60,"9b3f8714":55,"c852d240":52,"13747b82":59,"a625328f":59,"af0b61ab":64,"3062379b":44,"5a07fc2e":55,"aec074c4":68,"50c3164b":66,"70c1e715":59,"a851554d":71,"ecfa8249":61,"a0ce82b4":61,"df81ddee":51,"ded7da5a":57,"7bebff03":52,"79e4fa1c":49,"b36a0d66":45,"49910300":57,"05642105":56,"cf84fb54":64,"8298e976":64,"cf50e84e":61,"2cce4fb2":67,"c564e316":59,"c318d350":60,"b1f58563":56,"1da771fb":56,"42191b64":48,"dc583e64":50,"317c1591":55,"4b4ecbce":57,"470d50c2":59,"ab7d4c9a":50,"fea793f5":58,"1bb4ccc0":58,"ba586505":53,"bec9d329":68,"6c524f99":45,"88ce179e":65,"2a4a402a":56,"91b28f83":60,"9a3ab0b8":46,"e0e48a2d":61,"78b97937":62,"8063df14":50,"9b546d65":54,"ba5c52af":61,"753ca352":49,"385ab7c6":57,"d7cb9bcf":54,"f7231212":59,"67c57de4":85,"d4ee22a4":61,"869cbaa0":69,"c85a0d80":62,"a836aa93":56,"be2955bb":59,"0da28f5b":60,"14c682eb":55,"638cb163":74,"d9f512b9":63,"d141db49":49,"31408822":51,"ca6d2d91":60,"d6f0d94a":46,"8942c35b":61,"30c5d755":65,"8547fbc2":57,"6de0aaac":45,"53a8613c":67,"865d9857":49,"21ee2afe":65,"01d817b8":53,"416a9e97":55,"84369269":54,"cf1124db":52,"4fd645f1":44,"0d5ee801":53,"467773ac":54,"93683c82":57,"28654c76":68,"781ace7d":56,"d5dae4c4":64,"6e44927f":46,"8db5a165":41,"42cd2360":47,"cf1b8c47":62,"1b153aef":55,"de11eb19":65,"1ff8c2fc":59,"c4aa1e38":49,"5ee911b5":56,"4ba6eb36":62,"3d1af513":66,"71bc1295":61,"bc392d1c":50,"6be9332a":57,"c27969ec":60,"c609739e":59,"8eb64769":54,"0f72f2d8":56,"c67979e6":69,"c6c85783":63,"47d27624":64,"50d129cf":52,"6adce358":62,"2a387957":65,"57d5dee8":64,"4911acad":40,"32133249":62,"bfcb912a":62,"35aa7fd0":69,"24a9fb86":61,"71a2a493":38,"272c7672":56,"8cd78f77":71,"92efd84f":53,"9fa62fee":57,"383e232d":55,"1f342a00":64,"d3a669ac":68,"547903ef":63,"27d8bf51":59,"6291e9e9":57,"bab97de3":69,"95bc84f1":51,"a3d4a0e5":63,"f5829ac0":57,"3310a049":65,"5678ed7b":73,"1951480c":62,"971675c5":68,"b1f58563":57,"6d61bf13":50,"016953e4":65,"22aeaf03":62,"eda6a690":49,"4b125e7b":65,"aa187e3b":49,"0d770b97":63,"4652b09a":61,"7735c3c2":54,"fead11cf":51,"eb2e1983":53,"bec9d329":69,"be3a10f8":62,"e4c312fe":58,"6c524f99":46,"2a4a402a":57,"6f39f4d9":72,"9a07d89b":59,"4f59a322":57,"bd62d7ed":50,"4d9b0b10":60,"77bfed7e":59,"621d6b18":65,"056ea7ff":60,"8ac72326":51,"ccb5ea3e":46,"9f2b16a7":56,"a0cca8b7":50,"b3863630":52,"2b3c49b9":59,"8e780922":52,"90a06ee9":62,"fb8bfb36":75,"d34a29b9":61,"44ff8baa":52,"0b959527":53,"9267f0ef":69,"08a06557":74,"69d4b754":55,"6d339d45":57,"546f6845":62,"9a467a82":55,"57540cc3":64,"49902219":66,"172217e5":62,"9e206c95":69,"3bad3c95":41,"58d46189":58,"b7505747":57,"f883d582":51,"751acea8":54,"c1bdfd41":57,"059d6c19":73,"a577db1c":50,"0841052c":57,"5ab7bc35":60,"d634aa28":67,"31408822":52,"95904ac4":72,"aa76bc50":53,"7c0a2db6":61,"a0cf08b3":52,"d9a64845":56,"91f7ef72":55,"42cd2360":48,"4ba6eb36":63,"3d1af513":67,"de11eb19":66,"d102b0c6":46,"02d4753e":68,"0ac825ed":61,"5ee911b5":57,"c609739e":60,"39a2fcce":53,"d1fe2868":53,"77f31bab":59,"ccf8b803":50,"1634789b":63,"f94bf9ea":52,"650bb0e0":58,"2132fe93":66,"c6c85783":64,"5ac86fb9":55,"72805bf5":49,"61d4782d":59,"24a9fb86":62,"081460bf":61,"fd07e0ed":57,"2d13e69b":61,"de6213c7":64,"cbb54a0a":52,"3b2dee89":58,"bf30a08f":67,"7f6d1d0e":66,"eb2e1983":54,"be3a10f8":63,"91b28f83":61,"fead11cf":52,"6ee92259":62,"8721056e":47,"6b82b527":52,"00a17b46":57,"e356abf1":64,"1bc0591f":66,"53b4e647":74,"1105f790":63,"d83294cd":58,"0f89862c":57,"6a5b71b4":63,"d4ee22a4":62,"a85d89cc":57,"91536e85":65,"72b84094":69,"21ad2f34":50,"e2cbe594":48,"da3437cd":45,"6ebe2354":42,"87ce8d1d":47,"17807120":52,"13f0e139":53,"56752a4a":54,"dd1fcb17":56,"7732eb1e":78,"0114160e":58,"a6bcb07e":62,"95bc84f1":52,"1be05c14":45,"cf50e84e":62,"5781776a":62,"4b3e3b1c":62,"0b3283c9":61,"09ff339a":45,"8dd649a3":52,"9a3cc55d":43,"e7773397":51,"51c57542":60,"ab7d4c9a":51,"4c4aa2e2":59,"a0cca8b7":51,"805534ac":57,"06ee61b6":51,"0dad37d5":59,"b5763ff6":48,"a6626a13":51,"9ab755d3":53,"88432019":54,"d3e84616":65,"0277d748":74,"6cba74ce":54,"af157d29":63,"bc021def":67,"546f6845":63,"ebdbf580":53,"f76a3e83":59,"d9f512b9":64,"2e3503e4":52,"014460b9":72,"0c043224":64,"2154b6e8":52,"4279e829":68,"868cda42":48,"ddec9e54":49,"cc6bbe45":50,"58d46189":59,"b320feb9":60,"0af920d8":45,"65a00a3c":60,"1a2ec5d7":62,"180377be":56,"b28a5e67":61,"ef8987d7":58,"8a165e17":58,"71e53c93":64,"f789f6d8":71,"5f96c2bc":44,"f3a0c2ee":54,"c7ab83c1":47,"8323d333":50,"08a4c3f8":59,"b377a62a":51,"332820ce":61,"792c9b6a":48,"0cb80f4a":60,"358e45b1":68,"8ec3834d":61,"93fdbb44":48,"a939b50b":55,"d1fe2868":54,"794f652b":48,"815e4582":60,"bf822e33":57,"c4bff41f":54,"d6d61bfc":67,"3a1d1632":35,"a2c334e7":76,"2ab62345":49,"5ac86fb9":56,"1ed46298":65,"d815c5b4":68,"5b5fc566":52,"b3f19a69":57,"1c0a9eff":55,"7f6d1d0e":67,"0f89862c":58,"e4117b3b":42,"a66a2d8a":60,"bd2705b0":69,"fe8f3d36":52,"6c486702":73,"a0685bf3":71,"9a07d89b":60,"eb2e1983":55,"00a17b46":58,"cc5a1d47":51,"ad303bda":63,"2b698053":54,"77bfed7e":60,"23080895":48,"48655f09":69,"458dcc3d":62,"a5aee5de":63,"b2bd8fd3":56,"0eaf08da":64,"64a7f79f":46,"159ffd0b":34,"8d753bb6":50,"32c9fc47":48,"07fc4a9a":58,"5678ed7b":74,"489a39f7":50,"1f88a4b7":65,"3712c4bd":52,"25635c37":54,"0b3283c9":62,"016953e4":66,"26f99a1e":57,"1951480c":63,"2ad42a9e":56,"e2a7d915":62,"debe1f65":69,"7e8e1c3d":54,"ded7da5a":58,"a0cca8b7":52,"df81ddee":52,"79f04300":56,"ab7d4c9a":52,"84b67924":55,"3c6692a3":60,"cbb54a0a":53,"88b3bc99":52,"911e770b":57,"0fc5ac7e":73,"aaa274a5":57,"22ecaed0":51,"3661e12d":53,"53a8613c":68,"2cb29e5a":63,"1d153b20":58,"8e780922":53,"34c5c729":52,"77300e4a":55,"a3253019":58,"e7abc88d":44,"cc6bbe45":51,"2154b6e8":53,"66497c7e":58,"a33fe0dd":67,"c2bb8aae":54,"0841052c":58,"88fa53d6":50,"14c682eb":56,"d0c104c4":45,"30fdcd3b":56,"92f800f5":53,"44c77422":63,"f883d582":52,"d033db8d":56,"ffa08d82":61,"e28c2efc":55,"08a561b7":45,"d9d0c567":49,"781ace7d":57,"c91966ce":50,"d5dae4c4":65,"74c26380":55,"f3a0c2ee":55,"836701f6":50,"b4fdf90e":59,"8c6e001f":43,"1bd5b20b":58,"358e45b1":69,"fe0df575":65,"554ebb83":55,"82b81567":57,"30dd2edc":59,"d6320619":62,"0670c466":58,"2a387957":66,"5a0eb771":62,"36684155":59,"789bd484":54,"527ff946":60,"d1fe2868":55,"dcfaba4c":52,"2ab62345":50,"32133249":63,"b35bb8a1":49,"51f80f4c":65,"4125085e":63,"03b4ab60":58,"bd2705b0":70,"dffa7793":41,"bec9d329":70,"51a3e9c2":60,"b3f19a69":58,"16b476e9":49,"fea793f5":59,"19551bad":57,"dc0c8b09":65,"8f10fa42":64,"78467b8a":62,"0f89862c":59,"2a76f1dd":46,"50b558a7":50,"04612878":62,"a5aee5de":64,"03c398d2":58,"f1098793":62,"b7df1559":63,"27c8e038":63,"ad8f85d6":65,"fb44fa9c":64,"411b5027":60,"17b08923":50,"07fc4a9a":59,"0114160e":59,"868edcc0":61,"a4dafea5":54,"317c1591":56,"f1dffa24":50,"5a622a23":52,"2b3c49b9":60,"2ad42a9e":57,"9a80f004":55,"79e4fa1c":50,"26c390d6":50,"70bc8325":54,"7028b044":51,"a625328f":60,"84b767be":66,"2a06ab95":63,"7db3edda":64,"3454fa2b":57,"bc09fa9e":55,"40e79dd3":53,"53431634":74,"5e193fc8":63,"a836aa93":57,"145c7559":62,"104721f0":57,"c382f054":58,"b215547b":52,"7043382d":60,"aab4d996":61,"3b690f68":69,"65a00a3c":61,"1f11812e":54,"6f81493d":55,"c1bdfd41":58,"26ed1a5c":54,"2af60749":63,"6034b6d0":63,"76f94eda":58,"621d6b18":66,"6a5b71b4":64,"0bfabf48":58,"67c57de4":86,"10ec5a0b":56,"f789f6d8":72,"0a1d11e6":50,"d8e58a8c":62,"731fc335":43,"4abb7aed":55,"7ae34c64":59,"3101354b":55,"a33fe0dd":68,"2c5c1dc0":56,"1951480c":64
1604737487298,"578f6e9e":61,"836701f6":51,"71ff66e8":53,"1b153aef":56,"f9c15fcc":60,"40569362":61,"31f6d707":64,"b35e9e1a":85,"cd95f558":61,"de11eb19":67,"dae0f922":59,"805af3c7":56,"4ee62a26":55,"d3e84616":66,"53a8613c":69,"6de0aaac":46,"f5596d0f":63,"a63bddd4":69,"be4f8ba8":53,"6adce358":63,"77bae750":45,"c81b2bcf":53,"f2364460":72,"4ed01268":52,"c6c85783":65,"842c8340":49,"71a2a493":39,"9f5e6cba":66,"6867261a":52,"0ecfa1c9":54,"540df50f":65,"54d7de6b":65,"4652b09a":62,"37d0cae2":57,"95d331b1":44,"6775d5cd":53,"91b28f83":62,"6a7392d5":54,"d83870f5":61,"78467b8a":63,"cfafcda8":57,"a0685bf3":72,"9d023afb":66,"c6dc900c":43,"946df4fd":53,"d8475b95":43,"a636f4c9":71,"64a7f79f":47,"eed20185":63,"74e01f6a":59,"1c3a30c5":55,"8b2b601d":58,"95bc84f1":53,"bbe71605":54,"17b08923":51,"28d41578":56,"1438fad7":62,"f67de058":48,"07f98660":69,"10ec5a0b":57,"ca6d2d91":61,"7a840529":37,"9c29f0ed":63,"6f39f4d9":73,"9496f56f":56,"cf9f4757":37,"bc3dc66a":62,"dcfaba4c":53,"7db3edda":65,"2d13e69b":62,"2a06ab95":64,"dd7acb96":62,"e58b26f6":56,"8cd78f77":72,"c793cdda":55,"91f7ef72":56,"6e44927f":47,"42cd2360":49,"5f96c2bc":45,"52eca0dc":59,"abc1d7ad":61,"83b2f9c5":63,"45fb95c1":63,"1951480c":65,"fb7b7b3c":73,"1da771fb":57,"19f9ca86":69,"26f99a1e":58,"8e4c33d2":60,"dc583e64":51,"8245f916":52,"9260d96b":68,"00554ffd":66,"fa55f27a":68,"8493f3b2":67,"4f5e3e7d":54,"67f6e4f2":64,"bc09fa9e":56,"5c82d1ce":54,"d25e0f8d":56,"a0ce82b4":62,"913a6226":57,"3007f31f":52,"f4343817":51,"c382f054":59,"5e193fc8":64,"9b742f71":55,"be2955bb":60,"754f98c9":60,"e0154608":48,"b215547b":53,"7be025ce":58,"ca6d2d91":62,"14c682eb":57,"0a2f71bc":47,"9316e7e8":41,"e786063b":58,"66497c7e":59,"868cda42":49,"40a745c0":62,"88432019":55,"08c6b5d2":57,"18815a1b":58,"a63bddd4":70,"f3d68430":64,"25a7a0a3":58,"546f6845":64,"8a52882e":64,"794f652b":49,"cf775f58":59,"9d9dd9e5":53,"04643409":61,"5339e1e9":57,"77f31bab":60,"540df50f":66,"ee75b607":59,"ad2d7bed":58,"d1d40c9c":64,"290b4714":57,"0d770b97":64,"b0869206":59,"0e2b5d2f":55,"bd2705b0":71,"13b53c7a":60,"8721056e":48,"a543ec74":62,"a5aee5de":65,"3e602573":44,"87922532":60,"59c1e594":65,"946df4fd":54,"dfc89705":62,"8cf83787":48,"868edcc0":62,"de36827b":70,"dc0c8b09":66,"fe8f3d36":53,"b8488fc8":55,"c463799d":67,"430a5db5":71,"d9f512b9":65,"c3e6ef01":65,"ffc86f94":54,"1a2ec5d7":63,"a06a6430":54,"ad303bda":64,"9fce073c":60,"10ec5a0b":58,"ef91eaae":47,"9496f56f":57,"43d87483":58,"bb8a6337":49,"0681c48e":66,"0ecfa1c9":55,"42c80e69":62,"6867261a":53,"6632fed0":66,"6e851762":53,"778c95e9":57,"272c7672":57,"2a06ab95":65,"92efd84f":54,"ef1c2dcb":56,"911e770b":58,"45b5746e":59,"d9d0c567":50,"313258f2":54,"c91966ce":51,"3a291497":55,"42cd2360":50,"537634c9":50,"1be05c14":46,"b552beb3":51,"489a39f7":51,"6291e9e9":58,"09ff339a":46,"f5cd79c1":48,"dc583e64":52,"b769bdfb":64,"312f7676":63,"fe1d4419":63,"695a2b92":60,"06073f13":62,"4ba6eb36":64,"761cf820":54,"379184a7":65,"8d000d6e":52,"34658473":53,"4e5aaaec":51,"c8dc010f":62,"7b6a7048":65,"26dd2000":62,"d25e0f8d":57,"8f9b74b0":49,"9a80f004":56,"36380d96":63,"7f86be64":61,"acac14fb":52,"be2955bb":61,"77300e4a":56,"c85a0d80":63,"65a00a3c":62,"e786063b":59,"dcf85091":50,"d2a841c9":48,"865d9857":50,"b946e146":70,"f2f58418":50,"175bc6b2":54,"623c6a31":58,"15620dca":63,"84369269":55,"39a2fcce":54,"23760167":46,"f4b2f575":46,"93fdbb44":49,"f2364460":73,"c98d5272":58,"ad2d7bed":59,"cb4f262b":67,"51a3e9c2":61,"87c462ee":58,"db0a661e":59,"804d4dfa":47,"ac62fac2":62,"a636f4c9":72,"792cfcbd":46,"99d130c9":67,"481754fc":47,"9c58dd76":66,"d4d5f466":61,"bec9d329":71,"93b0a158":59,"a8c93bed":57,"0e2b5d2f":56,"6a7392d5":55,"afe8e06a":47,"7bda83dd":59,"f67de058":49,"655941a0":64,"25776fc4":64,"b7505747":58,"1a2ec5d7":64,"e3547548":41,"1e7753d9":71,"d6f0d94a":47,"58d46189":60,"a68a93b2":51,"9e65c0ef":53,"19e9776f":67,"0d5ee801":54,"e5b1abc6":54,"9c29f0ed":64,"7a4c064c":59,"e4cfef0a":47,"ef14000f":65,"4f59a322":58,"f1df62b4":57,"60d6cee2":60,"a6003226":56,"64db4feb":64,"c9efc8f6":62,"8d04852b":60,"24a9fb86":63,"74e3d13e":56,"0d2a1c58":50,"39ba00f0":56,"d1ca5d6b":68,"88b3bc99":53,"b947257e":66,"a625328f":61,"ef1c2dcb":57,"629800eb":67,"abc1d7ad":62,"7ae34c64":60,"3c0df8b4":57,"08a561b7":46,"7c0a2db6":62,"820225e4":44,"1db42092":67,"ce4da56f":54,"66554572":45,"b36a0d66":46,"1be05c14":47,"b552beb3":52,"004f1ef3":63,"25635c37":55,"6b79fec2":50,"5781776a":63,"26f99a1e":59,"312f7676":64,"c7ab83c1":48,"3d1af513":68,"7ae3fc50":59,"2dd0e808":63,"a472532e":53,"0149e11a":49,"bfad1727":59,"2b3c49b9":61,"f734c84c":73,"a851554d":72,"20777945":56,"ebdbf580":54,"f4343817":52,"704bce0d":58,"36380d96":64,"c4feee5b":59,"12dd6f5e":52,"18815a1b":59,"945b63f0":74,"0277d748":75,"f2f58418":51,"6d5fcd4c":58,"08c6b5d2":58,"d957f027":51,"c81b2bcf":54,"a983a6dc":57,"4652b09a":63,"730a4938":61,"3652bd66":54,"b35e9e1a":86,"3a1b9af5":48,"5acaa06f":43,"49bf2e95":41,"bc392d1c":51,"a636f4c9":73,"458dcc3d":63,"a5aee5de":66,"59c1e594":66,"9fc713b0":59,"481754fc":48,"d1d40c9c":65,"aa187e3b":50,"6c20c153":56,"dfcc2ad1":66,"7f6d1d0e":68,"478d2d4f":70,"20811ddf":53,"33d6bb6a":56,"f33c0140":61,"0a92153e":57,"08a06557":75,"bd984a8e":48,"859545e6":40,"8942c35b":62,"ce3bf5db":53,"3f9b5722":43,"dac109cf":51,"5272520d":61,"7be025ce":59,"0f029727":55,"6e24d88b":60,"b7434f57":52,"ffc86f94":55,"1a2ec5d7":65,"f4634d0b":50,"6a7392d5":56,"b87158fb":63,"c463799d":68,"5f4102da":62,"0d28db94":50,"a06a6430":55,"ffa08d82":62,"9ceb5439":52,"77f31bab":61,"789bd484":55,"44a4f7cd":52,"c852d240":53,"a1370ab0":58,"9f5e6cba":67,"b35bb8a1":50,"64db4feb":65,"57d5dee8":65,"162a7348":60,"92efd84f":55,"a625328f":62,"5a07fc2e":56,"aaa274a5":58,"e58b26f6":57,"d744bee2":56,"aec074c4":69,"cf9f4757":38,"7218c9f1":45,"cc5a1d47":52,"f7231212":60,"fd482491":65,"7896b953":58,"d36125db":72,"de36827b":71,"ce4da56f":55,"6291e9e9":59,"4945c851":69,"88a30343":58,"d9dcdc4b":66,"a40846b7":57,"3f2522c2":62,"578f6e9e":62,"5781776a":64,"95d3d348":52,"dc583e64":53,"27f52ed3":75,"d5dae4c4":66,"6023df54":58,"3ef7432b":65,"c8dc010f":63,"44ff8baa":53,"ab7467de":73,"efd23af5":54,"3007f31f":53,"4e3f5178":58,"195eb771":57,"dc03ebd2":73,"906fdec3":50,"9e206c95":70,"49902219":67,"546f6845":65,"affb82bf":57,"f3d68430":65,"15620dca":64,"3f65f121":57,"608bc832":53,"9e878ec2":72,"358e45b1":70,"67f6e4f2":65,"288afc30":52,"8245f916":53,"06073f13":63,"d8475b95":44,"ae8a09c4":63,"a0b03218":64,"8eb64769":55,"742f1425":58,"e6fac295":54,"cbad3b92":69,"1bb4ccc0":59,"935ec056":49,"d815c5b4":69,"8bc04eb5":49,"aa187e3b":51,"d4d5f466":62,"a851554d":73,"3498f223":54,"79f04300":57,"06ee61b6":52,"1247fa52":60,"168e75d9":55,"9b742f71":56,"c7636527":55,"66497c7e":60,"44c77422":64,"3f9b5722":44,"ca7d47f7":64,"751bcf25":54,"caddd0a7":69,"40a745c0":63,"014460b9":73,"ddec9e54":50,"f8b31ce5":75,"2af60749":64,"3b690f68":70,"d634aa28":68,"9cb4697f":61,"831c7b85":59,"9a07d89b":61,"e35a63cd":58,"9a3ab0b8":47,"fee32863":51,"bd62d7ed":51,"b87158fb":64,"44a4f7cd":53,"d1fe2868":56,"449d8475":53,"f66616b7":47,"527ff946":61,"77f31bab":62,"7e15f8e8":63,"a47abfbb":54,"72805bf5":50,"5774ac0d":66,"9b3f8714":56,"bb8a6337":50,"5e09f69e":63,"bfcb912a":63,"7e991ab9":45,"84b767be":67,"884b0ad1":61,"d552eb2f":53,"bca2d7cd":58,"2c01e624":55,"2d13e69b":63,"07f98660":70,"621d6b18":67,"53b4e647":75,"0d28db94":51,"1dad0f99":59,"7566fdd6":61,"7a840529":38,"2cce4fb2":68,"07fc4a9a":60,"69f3bfcc":57,"a4dafea5":55,"ce4da56f":56,"7732eb1e":79,"1be05c14":48,"c564e316":60,"5099c6a0":67,"2203f259":64,"d1676e89":62,"39bbc4bc":74,"8e4c33d2":61,"5410e9c6":65,"da04caac":62,"61145ec9":69,"5c82d1ce":55,"71ba7561":60,"65e4235b":60,"d9a64845":57,"3a291497":56,"b2cfdbcf":58,"be4f8ba8":54,"217c0327":39,"a63bddd4":71,"a77e8461":45,"57540cc3":65,"e9adbe58":51,"51f57142":66,"ef16ca37":58,"92d38723":65,"3652bd66":55,"3d1af513":69,"fe0df575":66,"50312237":61,"49bf2e95":42,"27c8e038":64,"0eaf08da":65,"2198ba8e":56,"ac62fac2":63,"ba586505":54,"1a442bc7":55,"7ee7621c":58,"6841f77e":68,"0d770b97":65,"e21c6207":52,"145c7559":63,"8e780922":54,"c8dc010f":64,"85de05f2":59,"e9679ede":54,"c2bb8aae":55,"9b172ca8":49,"44ff8baa":54,"110b1ee3":62,"8ea21393":55,"c382f054":60,"31408822":53,"2154b6e8":54,"be2955bb":62,"0a96f57a":67,"1e7753d9":72,"e5d3655c":66,"1e232870":63,"aa021138":65,"d0c104c4":46,"c4e70c07":55,"cd3bbe7e":66,"d9d7c4c2":63,"0c043224":65,"4777334c":53,"caddd0a7":70,"37d0cae2":58,"afe8e06a":48,"e356abf1":65,"dc0c8b09":67,"f4b2f575":47,"d5557fb4":61,"1d790491":58,"bf822e33":58,"1b881e6e":70,"9d9dd9e5":54,"99e171db":62,"4125085e":64,"76f3a3be":58,"61d4782d":60,"03b4ab60":59,"64db4feb":66,"e9a8cf11":59,"9b3f8714":57,"0bd93cfd":43,"8007f30e":43,"70ee0491":48,"e5b1abc6":55,"30c184b8":57,"eebc8d43":56,"7e95c5a0":44,"43d87483":59,"4f59a322":59,"d4ee22a4":63,"a06a6430":56,"0bfabf48":59,"7fb4c521":53,"b460f030":70,"9c58dd76":67,"f1098793":63,"8cf83787":49,"e81834aa":63,"e7e82473":73,"a3d4a0e5":64,"1be05c14":49,"a6bcb07e":63,"27f52ed3":76,"3712c4bd":53,"d6db2b02":65,"42191b64":49,"8dd649a3":53,"014bdff0":61,"c564e316":61,"82868763":54,"aa76bc50":54,"5f96c2bc":46,"49cb2959":61,"fd482491":66,"b28a5e67":62,"56473430":63,"6e44927f":48,"6751d8e4":69,"72d7b461":58,"778c95e9":58,"e58b26f6":58,"1f342a00":65,"9fa62fee":58,"57540cc3":66,"172217e5":63,"0277d748":76,"d6320619":63,"1b153aef":57,"1ff8c2fc":60,"d102b0c6":47,"358e45b1":71,"b2a8761b":53,"4ba6eb36":65,"5f8517b7":72,"72b84094":70,"e1f0dbfd":57,"2209903e":59,"a851554d":74,"c85a0d80":64,"0a92153e":58,"85de05f2":60,"6490bac6":58,"90a06ee9":63,"f33c0140":62,"2b3c49b9":62,"f598a332":59,"69d4b754":56,"6b78ad7f":66,"f1b493de":63,"b7434f57":53,"180377be":57,"e62d705f":52,"61f25dd4":69,"5f620a1e":73,"6f81493d":56,"d9d7c4c2":64,"4ee62a26":56,"8f13c203":56,"7e76c93c":65,"c1bdfd41":59,"dac109cf":52,"d6f0d94a":48,"b0869206":60,"5acce642":59,"f0a06216":57,"00cf385d":68,"7fef9973":66,"d815c5b4":70,"290b4714":58,"a59a8290":54,"f67de058":50,"25a2844e":61,"1d153b20":59,"7d6895f4":55,"affb82bf":58,"8ec3834d":62,"66d94227":45,"50d129cf":53,"f66616b7":48,"c67979e6":70,"93fdbb44":50,"ce3407dd":59,"c64de0c0":52,"deb31f35":65,"aa9ea5e8":54,"227006e4":56,"540df50f":67,"7af9d3b1":63,"c93c3508":43,"26c390d6":51,"1f7607df":43,"9a07d89b":62,"13b53c7a":61,"a8c93bed":58,"19551bad":58,"e57d5cda":69,"43d87483":60,"7218c9f1":46,"0d28db94":52,"cf9f4757":39,"59c1e594":67,"03c398d2":59,"458dcc3d":64,"b460f030":71,"ac62fac2":64,"1c3a30c5":56,"2c24d929":66,"8cf83787":50,"88a30343":59,"a6bcb07e":64,"32c9fc47":49,"54a676d6":53,"59431390":57,"3310a049":66,"93ac9ca3":49,"5099c6a0":68,"1da771fb":58,"3f2522c2":63,"ad303bda":65,"faf4f98b":61,"ae016053":63,"d9d0c567":51,"52eca0dc":60,"6023df54":59,"43bc86e3":58,"7ae34c64":61,"2c6cb96f":47,"84b767be":68,"9ab755d3":54,"084cbc0b":53,"a625328f":63,"c0e2624b":52,"ef8321d8":55,"e9adbe58":52,"d6320619":64,"b946e146":71,"08c6b5d2":59,"546f6845":66,"15620dca":65,"016953e4":67,"836701f6":52,"0b3283c9":63,"3d1af513":70,"00554ffd":67,"1ff8c2fc":61,"7a6aa4b6":60,"ef16ca37":59,"f9c15fcc":61,"de11eb19":68,"debe1f65":70,"a0ce82b4":63,"5a622a23":53,"c650b434":66,"21e10a2b":49,"e1f0dbfd":58,"77898c22":50,"145c7559":64,"e9679ede":55,"c7313e0a":60,"470d50c2":60,"501db4de":58,"168e75d9":56,"69d4b754":57,"9316e7e8":42,"ca6d2d91":63,"7a9344a4":66,"7043382d":61,"655941a0":65,"259930ee":62,"31408822":54,"c1bdfd41":60,"180377be":58,"14c682eb":58,"0841052c":59,"4777334c":54,"b3f19a69":59,"290b4714":59,"d39724bc":55,"fea793f5":60,"67d30f2b":58,"5acce642":60,"e99318a3":48,"91d52a55":64,"a939b50b":56,"37fbb107":62,"66d94227":46,"254cc28c":68,"f66616b7":49,"deb31f35":66,"74e3d13e":57,"68562193":47,"0ecfa1c9":56,"5774ac0d":67,"12534561":50,"76f3a3be":59,"e0e48a2d":62,"fead11cf":53,"eebc8d43":57,"11b2c8d9":48,"92ca52b7":58,"78b97937":63,"c6dc900c":44,"2a4a402a":58,"cf52025e":51,"a5aee5de":67,"1c3a30c5":57,"56752a4a":55,"ac62fac2":65,"c6e3d352":62,"baebb391":74,"8cf83787":51,"95bc84f1":54,"a8871ddf":58,"de36827b":72,"6291e9e9":60,"07f98660":71,"76f94eda":59,"10ec5a0b":59,"87083264":62,"ef14000f":66,"7218c9f1":47,"fbdffc95":50,"8f13c203":57,"9496f56f":58,"616d6dd6":62,"d8e58a8c":63,"61145ec9":70,"a0cf08b3":53,"d5dae4c4":67,"39ba00f0":57,"ef1c2dcb":58,"af0b61ab":65,"4bcd4a30":73,"0bd93cfd":44,"3062379b":45,"730338c4":72,"b946e146":72,"8cc4a982":50,"25a7a0a3":59,"140ce69e":62,"36d340f2":57,"2cb29e5a":64,"0277d748":77,"aa76bc50":55,"5f0c1b9d":71,"4ff2225d":55,"8d753bb6":51,"016953e4":68,"f5cd79c1":49,"09f0db62":81,"2c5c1dc0":57,"77d35808":58,"93ac9ca3":50,"3a204e56":63,"2e99f8fd":49,"8d000d6e":53,"fe0df575":67,"c4aa1e38":50,"de11eb19":69,"b7407bd3":55,"49bf2e95":43,"c45d554f":57,"2b3c49b9":63,"a0ce82b4":64,"feb67030":45,"6490bac6":59,"3b7763b1":48,"685207b3":63,"e1f0dbfd":59,"1a68160d":58,"972f4174":65,"06ee61b6":53,"90a06ee9":64,"79f04300":58,"f76a3e83":60,"c2bb8aae":56,"4279e829":69,"04cc7cbe":50,"f0a06216":58,"48efc739":69,"bda8cdfb":64,"088feee2":62,"36684155":60,"37fbb107":63,"842c8340":50,"794f652b":50,"47cfba38":59,"d6d61bfc":68,"1ed46298":66,"74e3d13e":58,"e4714415":67,"57d5dee8":66,"42c80e69":63,"79be29c8":53,"d4d5f466":63,"51a3e9c2":62,"6ee92259":63,"fea793f5":61,"cd522166":74,"78467b8a":64,"05f6ab35":55,"eb2e1983":56,"cbad3b92":70,"b6aaf976":64,"cf52025e":52,"aa00769b":71,"481754fc":49,"b460f030":72,"13f0e139":54,"25a2844e":62,"b8488fc8":56,"20958d58":53,"6034b6d0":64,"9496f56f":59,"4f59a322":60,"9e65c0ef":54,"1e191c98":45,"74f234c6":52,"d141db49":50,"ba30e43a":66,"751bcf25":55,"5cd3cfe0":47,"5ab7bc35":61,"c015ec5a":55,"7a9344a4":67,"92f800f5":54,"fce3c5c6":52,"a85d89cc":58,"ef91eaae":48,"753ca352":50,"869cbaa0":70,"83b2f9c5":64,"70c1e715":60,"4bcd4a30":74,"d0d6acb1":54,"1f342a00":66,"2f455cce":54,"508aac3d":59,"8cd78f77":73,"f2f58418":52,"d3e84616":67,"6143f39d":60,"6cba74ce":55,"fe44fc6f":60,"b2cfdbcf":59,"fd482491":67,"45b5746e":60,"3c0df8b4":58,"aa867541":44,"8cf83787":52,"54a676d6":54,"32c9fc47":50,"90731976":54,"2203f259":65,"ce4da56f":57,"a8871ddf":59,"f5cd79c1":50,"004f1ef3":64,"cf50e84e":63,"5781776a":65,"6b79fec2":51,"93ac9ca3":51,"42191b64":50,"fe0df575":68,"1bd5b20b":59,"3652bd66":56,"45b038bb":80,"ea274174":60,"4ea4a2a1":73,"cd95f558":62,"547903ef":64,"f734c84c":74,"df81ddee":53
1604737488312,"946df4fd":55,"ad8f85d6":66,"2198ba8e":57,"4cc141fa":46,"87ce8d1d":48,"812b4f15":57,"baebb391":75,"b84a06eb":62,"a3d4a0e5":65,"e7e82473":74,"e0f7679f":54,"3c782bb3":60,"489a39f7":52,"77d35808":59,"3f2522c2":64,"6db0ea86":55,"578f6e9e":63,"eda6a690":50,"a40846b7":58,"27f52ed3":77,"363590c7":57,"b9a48a5c":45,"ef8321d8":56,"416a9e97":56,"ce3407dd":60,"5957df9e":61,"faf3ed07":55,"c81b2bcf":55,"44a4f7cd":54,"650bb0e0":59,"cf775f58":60,"761cf820":55,"cfe72ead":50,"db0a661e":60,"5ee911b5":58,"c4aa1e38":51,"8c6e001f":44,"7a6aa4b6":61,"e21c6207":53,"efd23af5":55,"21ad2f34":51,"685207b3":64,"a0ce82b4":65,"1a2c020b":54,"34c5c729":53,"1247fa52":61,"b215547b":54,"2e3503e4":53,"c7313e0a":61,"1ed46298":67,"c852d240":54,"bc3dc66a":63,"3c18f28e":58,"76f3a3be":60,"540df50f":68,"c4bff41f":55,"0fc5ac7e":74,"4bcd4a30":75,"d0d6acb1":55,"2f455cce":55,"b947257e":67,"aec074c4":70,"92efd84f":56,"804d4dfa":48,"f1098793":64,"03dcfa3d":57,"04612878":63,"be1746a0":43,"468fc85c":62,"26c6fa34":55,"1bb4ccc0":60,"e6ec8cbf":65,"6775d5cd":54,"a502c93c":55,"e4c312fe":59,"0d770b97":66,"9cb4697f":62,"902f49f5":59,"4279e829":70,"059d6c19":74,"467773ac":55,"d9d7c4c2":65,"a8726d50":48,"aa021138":66,"c3e6ef01":66,"259930ee":63,"74f234c6":53,"25776fc4":65,"0a2f71bc":48,"859545e6":41,"d141db49":51,"49910300":58,"8aa78e2f":51,"2d1e1e9d":53,"f5829ac0":58,"66554572":46,"3712c4bd":54,"e7773397":52,"6a60348e":60,"fe1d4419":64,"b552beb3":53,"7080f122":49,"2dda3936":59,"6de0aaac":47,"4469c815":45,"9e206c95":71,"49902219":68,"416a9e97":57,"31d74eee":54,"d957f027":52,"815e4582":61,"47d27624":65,"e15fd611":51,"c6c85783":66,"cf775f58":61,"25635c37":56,"578f6e9e":64,"d599b566":74,"09ff339a":47,"fa55f27a":69,"336d0f08":60,"5f8517b7":73,"9e878ec2":73,"d0c0fc08":58,"d0b297b2":52,"92ca52b7":59,"dc0c8b09":68,"9d023afb":67,"cfafcda8":58,"6c524f99":47,"25a2844e":63,"0042f6eb":70,"b9be31d6":55,"2ce1af05":52,"9c29f0ed":65,"50c468ba":54,"abd32136":58,"0d7d88f1":48,"6f39f4d9":74,"906fdec3":51,"83b2f9c5":65,"8db5a165":42,"fd482491":68,"731fc335":44,"49cb2959":62,"69eeae0d":62,"4f5e3e7d":55,"72b84094":71,"7b6a7048":66,"cd421290":57,"26dd2000":63,"70594a28":57,"fb8bfb36":76,"a0ce82b4":66,"bd984a8e":49,"704bce0d":59,"c7313e0a":62,"a2c334e7":77,"540df50f":69,"c93c3508":44,"71a2a493":40,"288a2c43":57,"24a9fb86":64,"5e09f69e":64,"26c390d6":52,"8657c79d":72,"5747db6e":60,"ea822700":50,"b7832271":56,"6a3eaf43":56,"2f455cce":56,"064a99c8":54,"6be9332a":58,"87922532":61,"0eaf08da":66,"cbad3b92":71,"a43061ee":48,"59c1e594":68,"d83870f5":62,"730a4938":62,"c85a0d80":65,"34c5c729":54,"b2c25d1c":60,"0a92153e":59,"dae0f922":60,"110b1ee3":63,"1e7753d9":73,"026766f3":48,"a33fe0dd":69,"57167c74":61,"cf1124db":53,"c1bdfd41":61,"142d6987":64,"902f49f5":60,"f8b31ce5":76,"1623fc9f":54,"62d1d346":47,"0a2f71bc":49,"17b08923":52,"2cce4fb2":69,"3661e12d":54,"6143f39d":61,"2cb29e5a":65,"3f65f121":58,"a63bddd4":72,"623c6a31":59,"4469c815":46,"0f1ac912":44,"842c8340":51,"789bd484":56,"06ddafc7":56,"82868763":55,"88a30343":60,"ea9bba6b":49,"e81834aa":64,"d9dcdc4b":67,"8e4c33d2":62,"f6fe095d":76,"411b5027":61,"26f99a1e":60,"c318d350":61,"60e855ee":58,"e6ec8cbf":66,"b3f19a69":60,"1c0a9eff":56,"6b82b527":53,"b0869206":61,"0e2b5d2f":57,"478d2d4f":71,"733c86f8":54,"e5b1abc6":56,"e35a63cd":59,"dd3913d2":49,"b8488fc8":57,"9496f56f":60,"76f94eda":60,"d7cb9bcf":55,"d4ee22a4":64,"d2466211":69,"4930f321":55,"abd32136":59,"00a481e3":60,"65e4235b":61,"50312237":62,"51c57542":61,"6490bac6":60,"77898c22":51,"92136ff5":57,"21e10a2b":50,"40569362":62,"8c6e001f":45,"ea274174":61,"3d1af513":71,"288afc30":53,"34658473":54,"cb6c9e42":72,"f4b2f575":48,"47d27624":66,"36b7003c":74,"7af9d3b1":64,"a1370ab0":59,"227006e4":57,"40860a4b":45,"c93c3508":45,"5ac86fb9":57,"6632fed0":67,"7028b044":52,"5a07fc2e":57,"5747db6e":61,"7e991ab9":46,"50c3164b":67,"6ebe2354":43,"c609739e":61,"12a2cd4b":67,"9fc713b0":60,"ae8a09c4":64,"dfc89705":63,"0eaf08da":67,"8a165e17":59,"dc03ebd2":74,"fd482491":69,"2dd0e808":64,"e865e4dd":59,"8ea21393":56,"bd984a8e":50,"6b78ad7f":67,"6b9eff39":51,"a836aa93":58,"acac14fb":53,"36380d96":65,"d141db49":52,"cc11fef9":62,"754f98c9":61,"430a5db5":72,"aab4d996":62,"d548635d":53,"c8fcad77":57,"30dbfc69":55,"7cd0ad7b":66,"3fdb08f5":47,"751bcf25":56,"805af3c7":57,"2045d7d6":55,"8942c35b":63,"37a7d5b0":62,"1f11812e":55,"084cbc0b":54,"508aac3d":60,"f2f58418":53,"8dd2684c":62,"0e036ae9":70,"7080f122":50,"51f57142":67,"4469c815":47,"22ecaed0":52,"159ffd0b":35,"45fb95c1":64,"e8f173b5":52,"26009d3f":59,"b2703001":53,"19f9ca86":70,"e45b4b53":48,"a3d4a0e5":66,"5410e9c6":66,"66554572":47,"5099c6a0":69,"1951480c":66,"3e082b37":55,"e238f09b":58,"ded7da5a":59,"bb00e71c":48,"ea4d3f3e":66,"6ee92259":64,"ee21ad02":64,"e4c312fe":60,"bd2705b0":72,"ba586505":55,"a66a2d8a":61,"25a2844e":64,"05f6ab35":56,"831c7b85":60,"f5e8dfee":63,"78467b8a":65,"13b53c7a":62,"ef14000f":67,"0d7d88f1":49,"d7cb9bcf":56,"9f74b8a4":53,"d83294cd":59,"ffa08d82":63,"faf4f98b":62,"9263c525":53,"9260d96b":69,"4f5e3e7d":56,"c7c4ec5c":45,"5a0ead91":48,"d0b297b2":53,"b8397293":53,"4ed01268":53,"1634789b":64,"84369269":56,"5957df9e":62,"9d63c4dd":54,"088feee2":63,"6adce358":64,"162a7348":61,"dc473de1":52,"61d4782d":61,"76f3a3be":61,"0681c48e":67,"24a9fb86":65,"2ab62345":51,"92efd84f":57,"7e991ab9":47,"4b4ef7fa":59,"12a2cd4b":68,"be1746a0":44,"aa00769b":72,"03c398d2":60,"6be9332a":59,"c27969ec":61,"3c0df8b4":59,"e865e4dd":60,"345c9967":58,"6023df54":60,"ec110282":57,"f3a0c2ee":56,"ae016053":64,"21ad2f34":52,"7d112f4d":60,"201cafad":54,"feb67030":46,"c650b434":67,"5c82d1ce":56,"145c7559":65,"1a2c020b":55,"d34a29b9":62,"8e780922":55,"efe84c27":48,"e1618359":65,"1e232870":64,"ddec9e54":51,"0c0e98ea":47,"6f81493d":57,"a8726d50":49,"f4634d0b":51,"906632cb":50,"110b1ee3":64,"805af3c7":58,"638cb163":75,"c7636527":56,"c4e70c07":56,"30c5d755":66,"c0b0f492":68,"f8b31ce5":77,"b947257e":68,"272c7672":58,"730338c4":73,"084cbc0b":55,"fd07e0ed":58,"08c6b5d2":60,"d2a841c9":49,"53a8613c":70,"36d340f2":58,"bc021def":68,"f5596d0f":64,"f2f58418":54,"90731976":55,"2d1e1e9d":54,"d9dcdc4b":68,"f277386e":49,"66554572":48,"6b79fec2":52,"868edcc0":63,"363590c7":58,"004f1ef3":65,"6291e9e9":61,"3712c4bd":55,"b1f58563":58,"3c43e8a2":63,"3e082b37":56,"ba586505":56,"6775d5cd":55,"ae99df30":57,"290b4714":60,"88ce179e":66,"6841f77e":69,"e6ec8cbf":67,"eebc8d43":58,"6a7392d5":57,"f67de058":51,"fead11cf":54,"cd522166":75,"fee32863":52,"a8c93bed":59,"43d87483":61,"8ac72326":52,"0d7d88f1":50,"6a5b71b4":65,"87083264":63,"7566fdd6":62,"77bfed7e":61,"db0a661e":61,"4ea4a2a1":74,"8f2a7d69":50,"8c6e001f":46,"6e98dfda":60,"f66616b7":50,"84369269":57,"815e4582":62,"04643409":62,"66d94227":47,"e99318a3":49,"c64de0c0":53,"57d5dee8":67,"3a1d1632":36,"e9a8cf11":60,"9b3f8714":58,"60d6cee2":61,"71279c46":49,"b377a62a":52,"92d38723":66,"31f6d707":65,"8db5a165":43,"3f75d3bc":59,"5f0c1b9d":72,"42cd2360":51,"1d44aff3":61,"65e4235b":62,"3c0df8b4":60,"daab45c6":57,"ecfa8249":62,"92136ff5":58,"51c57542":62,"fb8bfb36":77,"8ea21393":57,"80a8a56d":56,"ccb5ea3e":47,"9267f0ef":70,"972f4174":66,"0dad37d5":60,"36380d96":66,"2e3503e4":54,"1a68160d":59,"bb98a6cf":76,"cf1124db":54,"7a9344a4":68,"7cd0ad7b":67,"1e7753d9":74,"c3e6ef01":67,"a4f1d83b":62,"e32524d6":60,"44c77422":65,"1623fc9f":55,"e8d74304":54,"a5aee5de":68,"aefe13f5":65,"2c627253":55,"dd7acb96":63,"884b0ad1":62,"88b3bc99":54,"39ba00f0":58,"7028b044":53,"9147702f":51,"8547fbc2":58,"bb99c79c":57,"22176537":53,"22ecaed0":53,"175bc6b2":55,"9a467a82":56,"87ce8d1d":49,"2198ba8e":58,"ae8a09c4":65,"24d24fa3":55,"6a60348e":61,"ce4da56f":58,"0b5a0408":55,"60e855ee":59,"e36dfd6f":51,"ea9bba6b":50,"b552beb3":54,"5781776a":66,"f5829ac0":59,"c95719e5":47,"95f6db13":46,"20811ddf":54,"abad2347":58,"935ec056":50,"e4c312fe":61,"6ee92259":65,"0d770b97":67,"37d0cae2":59,"a59a8290":55,"dd3913d2":50,"f5e8dfee":64,"9496f56f":61,"33d6bb6a":57,"eda6a690":51,"75ffea08":61,"88fa53d6":51,"24ffcbd3":65,"259930ee":64,"3e082b37":57,"5410e9c6":67,"eafbf9fb":64,"6adce358":65,"faf3ed07":56,"394dc144":61,"0670c466":59,"5d087c79":62,"b8ab8e6e":57,"d5557fb4":62,"c852d240":55,"2132fe93":67,"71a2a493":41,"d33790a2":69,"36fb15d2":54,"fa55f27a":70,"408bb2ed":44,"8c6e001f":47,"0ac825ed":62,"288afc30":54,"76f94eda":61,"7bda83dd":60,"9a07d89b":63,"7566fdd6":63,"f67de058":52,"43d87483":62,"00a481e3":61,"cc5a1d47":53,"8db5a165":44,"e57d5cda":70,"1dad0f99":60,"e865e4dd":61,"7c0a2db6":63,"946df4fd":56,"b6aaf976":65,"6bc5d32a":69,"1a68160d":60,"69134f07":59,"51c57542":63,"80a8a56d":57,"a0cca8b7":53,"18d20aa1":55,"0dad37d5":61,"7e8e1c3d":55,"0da28f5b":61,"d0c104c4":47,"cb51f134":62,"daab45c6":58,"d70ca4f4":68,"2ad42a9e":58,"9b742f71":57,"751bcf25":57,"f1b493de":64,"dae0f922":61,"c27969ec":62,"a0b03218":65,"6be9332a":60,"cbad3b92":72,"0f72f2d8":57,"8cddb65e":64,"b5763ff6":49,"227006e4":58,"24a9fb86":66,"84b67924":56,"6df0b2e8":76,"5747db6e":62,"2c627253":56,"6751d8e4":70,"2f455cce":57,"730338c4":74,"bc021def":69,"51f57142":68,"53a8613c":71,"f5596d0f":65,"95f6db13":47,"4b3e3b1c":63,"69f3bfcc":58,"f277386e":50,"74f234c6":54,"24ffcbd3":66,"19e9776f":68,"3fdb08f5":48,"9e65c0ef":55,"638cb163":76,"8f13c203":58,"7043382d":62,"14c682eb":59,"aa867541":45,"56473430":64,"dd035d2a":54,"54d7de6b":66,"aa187e3b":52,"4258c176":54,"11b74e63":53,"04cc7cbe":51,"67d30f2b":59,"f56ac638":48,"a8c93bed":60,"cd522166":76,"b87158fb":65,"a0685bf3":73,"5f4102da":63,"a66a2d8a":62,"f2e3c0e3":48,"8d753bb6":52,"39bbc4bc":75,"f1dffa24":51,"a6bcb07e":65,"b1f58563":59,"045f280d":63,"60e855ee":60,"3712c4bd":56,"014bdff0":62,"6085137f":39,"6cba74ce":56,"9de29816":55,"21ee2afe":66,"1b881e6e":71,"6e98dfda":61,"ce3407dd":61,"789bd484":57,"6adce358":66,"088feee2":64,"37fbb107":64,"2132fe93":68,"f94bf9ea":53,"c93c3508":46,"c9efc8f6":63,"1b153aef":58,"288afc30":55,"379184a7":66,"3d1af513":72,"f1862e79":49,"0ac825ed":63,"7ae3fc50":60,"67c57de4":87,"87cd2add":57,"9496f56f":62,"00a17b46":59,"c38c2b52":64,"50c468ba":55,"10ec5a0b":60,"b28a5e67":63,"dc03ebd2":75,"a472532e":54,"4abb7aed":56,"ec110282":58,"313258f2":55,"f3a0c2ee":57,"feb67030":47,"e21c6207":54,"ab7467de":74,"dbc9df44":49,"c45d554f":58,"c5b35e4d":56,"cd421290":58,"a4296d1e":60,"104721f0":58,"efd23af5":56,"4b4ecbce":58,"5c82d1ce":57,"69d4b754":58,"79f04300":59,"d033db8d":57,"430a5db5":73,"48655f09":70,"b6aaf976":66,"458dcc3d":65,"2c24d929":67,"87922532":62,"6867261a":54,"dcfaba4c":54,"2ab62345":52,"2f455cce":58,"92efd84f":58,"d552eb2f":54,"8657c79d":73,"e58b26f6":59,"d744bee2":57,"284544ba":65,"6ebe2354":44,"468fc85c":63,"04cc7cbe":52,"e382ec3f":52,"3b2dee89":59,"c0b23081":62,"8bc04eb5":50,"79be29c8":54,"e356abf1":66,"6c486702":74,"20958d58":54,"8f10fa42":65,"fee32863":53,"9a07d89b":64,"8298e976":65,"902f49f5":61,"f1b493de":65,"5cd3cfe0":48,"a4f1d83b":63,"c8fcad77":58,"3f9b5722":45,"aab4d996":63,"ba30e43a":67,"5ab7bc35":62,"ea6de194":55,"04ea5673":65,"259930ee":65,"013ee301":62,"2d1e1e9d":55,"b36a0d66":47,"2cce4fb2":70,"489a39f7":53,"6085137f":40,"27f52ed3":78,"e8f173b5":53,"7ee148e9":55,"a77e127d":45,"f2470875":60,"c564e316":62,"f6fe095d":77,"25a7a0a3":60,"7d6895f4":56,"af157d29":64,"f2f58418":55,"f5596d0f":66,"eafbf9fb":65,"ac38a6a5":62,"9ceb5439":53,"77bae750":46,"25d1b2d8":60,"7e15f8e8":64,"04643409":63,"0f1ac912":45,"4ed01268":54,"1b153aef":59,"d0c0fc08":59,"a533489b":66,"b35e9e1a":87,"f1862e79":50,"b2a8761b":54,"3a1b9af5":49,"6c524f99":48,"2bcca6a7":75,"7a840529":39,"2b698053":55,"056ea7ff":61,"ad303bda":66,"ef14000f":68,"cb142908":49,"0d7d88f1":51,"a5676c24":58,"3101354b":56,"3f75d3bc":60,"012de09c":51,"781ace7d":58,"d5dae4c4":68,"c91966ce":52,"a851554d":75,"79e4fa1c":51,"5fa12feb":58,"70594a28":58,"a3253019":59,"ccb5ea3e":48,"77898c22":52,"9f2b16a7":57,"4e5aaaec":52,"ab7d4c9a":53,"c0fea118":58,"3e602573":45,"bc3dc66a":64,"13747b82":60,"af034fee":49,"64db4feb":67,"71279c46":50,"9f5e6cba":68,"3c18f28e":59,"b947257e":69,"70bc8325":55,"3062379b":46,"6e851762":54,"d552eb2f":55,"2c01e624":56,"d744bee2":58,"87922532":63,"b2bd8fd3":57,"17807120":53,"be1746a0":45,"dd1fcb17":57,"d82592f4":62,"ad2d7bed":60,"54d7de6b":67,"67d30f2b":60,"a6b5e869":57,"1a442bc7":56,"e4117b3b":43,"5eab91a0":63,"f598a332":60,"470d50c2":61,"180377be":59,"1e232870":65,"31408822":55,"20e470e0":55,"3b690f68":71,"1f11812e":56,"30fdcd3b":57,"b6591e25":56,"a33fe0dd":70,"719c8869":72,"08a06557":76,"2af60749":65,"d141db49":53,"638cb163":77,"caddd0a7":71,"1be05c14":50,"8298e976":66,"28d41578":57,"45fb95c1":65,"ce4da56f":59,"836701f6":53,"159ffd0b":36,"9a3cc55d":44,"f5829ac0":60,"25635c37":57,"9a467a82":57,"30dd2edc":60,"9c045c61":59,"12012fbd":61,"6de0aaac":48,"3f65f121":59,"f2ca27d9":56,"f4b2f575":49,"f2364460":74,"50d129cf":54,"2a387957":67,"04643409":64,"7e15f8e8":65,"c98d5272":59,"60e855ee":61,"f6fe095d":78,"a58bf525":55,"e7773397":53,"608bc832":54,"554ebb83":56,"a533489b":67,"332820ce":62,"f1862e79":51,"9263c525":54,"8c6e001f":48,"261c9911":64,"f734c84c":75,"c45d554f":59,"2b3c49b9":64,"93e8cee5":66,"9a3ab0b8":48,"e35a63cd":60,"13b53c7a":63,"b87158fb":66,"1105f790":64,"e5b1abc6":57,"dc0c8b09":69,"07f98660":72,"ef14000f":69,"e57d5cda":71,"87cd2add":58,"9fce073c":61,"4d9b0b10":61,"af7e5be8":60,"d9d0c567":52,"aa867541":46,"49cb2959":63,"195eb771":58,"db8ba455":70,"a5fd8ffd":67,"71e53c93":65,"bfcb912a":64,"e4714415":68,"71279c46":51,"31f6ba51":58,"c852d240":56,"162a7348":62,"4911acad":41,"d552eb2f":56,"70bc8325":56,"aec074c4":71,"aa5dfdf5":64,"72d7b461":59,"084cbc0b":56,"de6213c7":65,"27c8e038":65,"eed20185":64,"c609739e":62,"c6e3d352":63,"a5aee5de":69,"2d382981":60,"1c3a30c5":58,"cb4f262b":68,"ee21ad02":65,"4652b09a":64,"5eab91a0":64,"7735c3c2":55,"0a92153e":60,"6490bac6":61,"ab7467de":75,"754f98c9":62,"dbc9df44":50,"9267f0ef":71,"77300e4a":57,"f33c0140":63,"f76a3e83":61,"9316e7e8":43,"142d6987":65,"655941a0":66,"7a9344a4":69,"3b690f68":72,"cf1124db":55,"6e24d88b":61,"4c39240e":54,"0b959527":54,"805af3c7":59,"75ffea08":62,"cc6bbe45":52,"d6f0d94a":49,"e786063b":60,"b36a0d66":48,"bb99c79c":58,"6de0aaac":49,"ac38a6a5":63,"a77e8461":46,"d1715f3b":60,"eeaa2d46":57,"8dd2684c":63,"31d74eee":55,"5339e1e9":58,"cf50e84e":64,"d9dcdc4b":69,"e81834aa":65,"971675c5":69,"3c782bb3":61
1604737489326,"016953e4":69,"de36827b":73,"77d35808":60,"17b08923":53,"004f1ef3":66,"95d3d348":53,"5781776a":67,"0b3283c9":64,"8d000d6e":54,"40569362":63,"336d0f08":61,"da3437cd":46,"fe0df575":69,"7ee7621c":59,"1757a30e":49,"9a3ab0b8":49,"cfafcda8":59,"b87158fb":67,"11b2c8d9":49,"f2e3c0e3":49,"ba5c52af":62,"7fdc2007":57,"91536e85":66,"9c29f0ed":66,"50c468ba":56,"95539a58":42,"ef91eaae":49,"619fda68":63,"7a4c064c":60,"7c0a2db6":64,"731fc335":45,"ef8987d7":59,"45b038bb":81,"c4aa1e38":52,"8323d333":51,"088feee2":65,"1a0189c4":58,"c67979e6":71,"b88033fd":62,"8ec3834d":63,"aa9ea5e8":55,"0681c48e":68,"288a2c43":58,"a1370ab0":60,"031e488e":59,"081460bf":62,"5774ac0d":68,"7e991ab9":48,"b5763ff6":50,"92efd84f":59,"2c627253":57,"2d13e69b":64,"d3a669ac":69,"383e232d":56,"064a99c8":55,"792cfcbd":47,"9c58dd76":68,"74e01f6a":60,"87ce8d1d":50,"48655f09":71,"481754fc":50,"616d6dd6":63,"ec110282":59,"7896b953":59,"3f75d3bc":61,"935ec056":51,"d25e0f8d":58,"7d112f4d":61,"51c57542":64,"4dac6b20":49,"a3253019":60,"79e4fa1c":52,"c5b35e4d":57,"f4343817":53,"c382f054":61,"e0154608":49,"5e193fc8":65,"696fdac5":64,"d34a29b9":63,"d634aa28":69,"ddec9e54":52,"110b1ee3":65,"e62d705f":53,"66b7b5b4":53,"b6591e25":57,"180377be":60,"a33fe0dd":71,"dac109cf":53,"d9f512b9":66,"7be025ce":60,"4777334c":55,"0f029727":56,"e5d3655c":67,"be4f8ba8":55,"d3e84616":68,"3f65f121":60,"08c6b5d2":61,"f3d68430":66,"2cb29e5a":66,"ef8321d8":57,"6291e9e9":62,"1f88a4b7":66,"b2703001":54,"578f6e9e":65,"19f9ca86":71,"f5829ac0":61,"a6bcb07e":66,"0b3283c9":65,"dc583e64":54,"489a39f7":54,"cf84fb54":65,"3f2522c2":65,"22aeaf03":63,"5410e9c6":68,"290b4714":61,"730a4938":63,"bb00e71c":49,"79be29c8":55,"8bc04eb5":51,"37d0cae2":60,"b102f7bd":69,"733c86f8":55,"11b2c8d9":50,"30c184b8":58,"a0685bf3":74,"0f89862c":60,"0e2b5d2f":58,"ba938220":55,"619fda68":64,"8ac72326":53,"cf9f4757":40,"e4cfef0a":48,"ae95f2ba":72,"d2466211":70,"8d000d6e":55,"288afc30":56,"34658473":55,"336d0f08":62,"e0e6a097":53,"5a0ead91":49,"fe0df575":70,"48efc739":70,"ce3407dd":62,"a939b50b":57,"527ff946":62,"bad1a1cc":52,"90d52475":57,"aff8e442":55,"74e3d13e":59,"32133249":64,"a6003226":57,"40860a4b":46,"03b4ab60":60,"1ed46298":68,"76f3a3be":62,"2f455cce":59,"1f7607df":44,"a6626a13":52,"4febf7c5":65,"26c6fa34":56,"03c398d2":61,"ac62fac2":66,"23080895":49,"99d130c9":68,"cbad3b92":73,"731fc335":46,"cf1b8c47":63,"71e53c93":66,"f789f6d8":73,"3a291497":57,"abc1d7ad":63,"fd482491":70,"547903ef":65,"c455f40e":51,"79e4fa1c":53,"26dd2000":64,"e1f0dbfd":60,"4dac6b20":50,"a0cca8b7":54,"0a92153e":61,"470d50c2":62,"90a06ee9":65,"9b742f71":58,"c21ab51e":48,"8e99d5d0":59,"79f04300":60,"4360a1a3":69,"c8977844":59,"30dbfc69":56,"26ed1a5c":55,"e32524d6":61,"f1b493de":66,"66b7b5b4":54,"c7636527":57,"0a2f71bc":50,"7cd0ad7b":68,"88b3bc99":55,"0fc5ac7e":75,"84b67924":57,"2d54e0a8":48,"9c045c61":60,"21ee2afe":67,"09560615":47,"9a467a82":58,"1d153b20":60,"0e036ae9":71,"546f6845":67,"8cf83787":53,"159ffd0b":37,"a3d4a0e5":67,"e8f173b5":54,"1db42092":68,"dc583e64":55,"17b08923":54,"f5cd79c1":51,"f044c0e1":48,"27f52ed3":79,"3f2522c2":66,"3c43e8a2":64,"5410e9c6":69,"0b3283c9":66,"7e76c93c":66,"65a00a3c":63,"a81a857c":57,"ffc86f94":56,"ee75b607":60,"4652b09a":65,"124fbe96":58,"a6b5e869":58,"95d331b1":45,"c0b23081":63,"e6ec8cbf":68,"831c7b85":61,"2352c8ef":53,"9a07d89b":65,"05f6ab35":57,"f2e3c0e3":50,"0042f6eb":71,"dc0c8b09":70,"c803b4a3":57,"2b698053":56,"abd32136":60,"ad303bda":67,"77bfed7e":62,"d83294cd":60,"053f3451":57,"5f8517b7":74,"b8397293":54,"b2a8761b":55,"9e878ec2":74,"cb6c9e42":73,"8a52882e":65,"5f7d7195":57,"2a387957":68,"c6c85783":67,"e15fd611":52,"c98d5272":60,"12534561":51,"03b4ab60":61,"13747b82":61,"64db4feb":68,"181c3dd5":56,"c64de0c0":54,"72805bf5":51,"e0e6a097":54,"6f0fcb9d":67,"49bf2e95":44,"6ebe2354":45,"87922532":64,"64a7f79f":48,"a43061ee":49,"345c9967":59,"c91966ce":53,"fe44fc6f":61,"95904ac4":73,"65e4235b":63,"3f75d3bc":62,"db8ba455":71,"da3437cd":47,"ccb5ea3e":49,"53747a91":63,"70594a28":59,"c650b434":68,"6b9eff39":52,"34c5c729":55,"ded7da5a":60,"be2955bb":63,"acac14fb":54,"06ee61b6":54,"4c4aa2e2":60,"e9679ede":56,"9b742f71":59,"430a5db5":74,"b6591e25":58,"3f9b5722":46,"f1b493de":67,"751acea8":55,"0c043224":66,"61f25dd4":70,"ac62fac2":67,"56752a4a":56,"2198ba8e":59,"fd07e0ed":59,"aa5dfdf5":65,"98915a1f":46,"92efd84f":60,"fd369c21":64,"6751d8e4":71,"d0d6acb1":56,"ccdd1ce6":50,"315537b2":52,"eafbf9fb":66,"09560615":48,"b9a48a5c":46,"bb99c79c":59,"0b5a0408":56,"8b2b601d":59,"5678ed7b":75,"6db0ea86":56,"45fb95c1":66,"5623817d":64,"bab97de3":70,"014bdff0":63,"e7e82473":75,"016953e4":70,"dc583e64":56,"5ab7bc35":63,"9e65c0ef":56,"a81a857c":58,"df2b4d87":55,"04ea5673":66,"a577db1c":51,"b5ce0c0c":65,"3c43e8a2":65,"2882a956":66,"3b2dee89":60,"f56ac638":49,"1bb4ccc0":61,"ea4d3f3e":67,"1757a30e":50,"88ce179e":67,"dfcc2ad1":67,"478d2d4f":72,"1745a0f4":62,"9a3ab0b8":50,"1bc0591f":67,"8b5a8e9f":75,"bd62d7ed":52,"7a4c064c":61,"9496f56f":63,"6f39f4d9":75,"67c57de4":88,"9fce073c":62,"e57d5cda":72,"a58bf525":56,"004f1ef3":67,"a533489b":68,"bc021def":70,"8ec3834d":64,"bda8cdfb":65,"44a4f7cd":55,"36b7003c":75,"97e75c19":66,"d957f027":53,"c6c85783":68,"4125085e":65,"5ac86fb9":58,"2ab62345":53,"8d04852b":61,"68562193":48,"8cddb65e":65,"6632fed0":68,"3d1af513":73,"7a2f3f06":53,"cd95f558":63,"8245f916":54,"34658473":56,"358e45b1":72,"24d24fa3":56,"72b84094":72,"26dd2000":65,"51c57542":65,"2b3c49b9":65,"0149e11a":50,"6490bac6":62,"685207b3":65,"da3437cd":48,"80a8a56d":58,"a4296d1e":61,"b2c25d1c":61,"d548635d":54,"ab7d4c9a":54,"f883d582":53,"754f98c9":63,"026766f3":49,"31408822":56,"8942c35b":64,"20e470e0":56,"d70ca4f4":69,"902f49f5":62,"1dad0f99":61,"d9a64845":58,"d5dae4c4":69,"08a561b7":47,"1d44aff3":62,"49cb2959":64,"810aa5e9":59,"8db5a165":45,"b6aaf976":67,"3e602573":46,"eed20185":65,"64a7f79f":49,"b7df1559":64,"a0b03218":66,"7028b044":54,"22234d6b":63,"c0e2624b":53,"88b3bc99":56,"6a3eaf43":57,"2a06ab95":66,"c793cdda":56,"09560615":49,"d3e84616":69,"28d41578":58,"59431390":58,"bbe71605":55,"578f6e9e":66,"fb44fa9c":65,"f1dffa24":52,"7043382d":63,"c8fcad77":59,"d9f512b9":67,"868cda42":50,"57167c74":62,"28d40296":48,"7be025ce":61,"dc583e64":57,"e8f173b5":55,"a40846b7":59,"013ee301":63,"1c0a9eff":57,"fea793f5":62,"1757a30e":51,"6775d5cd":56,"bb00e71c":50,"ee21ad02":66,"a502c93c":56,"2a4a402a":59,"a59a8290":56,"6a7392d5":58,"eebc8d43":59,"1105f790":65,"ec11fe5f":57,"b8488fc8":58,"77bfed7e":63,"26f99a1e":61,"6d802fa2":46,"d599b566":75,"5781776a":68,"a533489b":69,"9a467a82":59,"0e036ae9":72,"2dda3936":60,"88432019":56,"af157d29":65,"bad1a1cc":53,"77bae750":47,"cb6c9e42":74,"5339e1e9":59,"04643409":65,"2b3e4717":60,"5a0eb771":63,"6df0b2e8":77,"d6d61bfc":69,"bc3dc66a":65,"71279c46":52,"8493f3b2":68,"3652bd66":57,"1ff8c2fc":62,"92d38723":67,"0cb80f4a":61,"c4aa1e38":53,"8f9b74b0":50,"53747a91":64,"a0ce82b4":67,"cd421290":59,"6b9eff39":53,"85de05f2":61,"f4343817":54,"93683c82":58,"288d171f":53,"6e24d88b":62,"26ed1a5c":56,"be2955bb":64,"40a745c0":64,"67c57de4":89,"a85d89cc":59,"b9be31d6":56,"af7e5be8":61,"629800eb":68,"4f59a322":61,"a901627e":50,"7ae34c64":62,"a15713c6":66,"5f0c1b9d":73,"345c9967":60,"95904ac4":74,"00a481e3":62,"e6fac295":55,"e8d74304":55,"458dcc3d":66,"74e01f6a":61,"27c8e038":66,"be1746a0":46,"04612878":64,"e9a8cf11":61,"24a9fb86":67,"288a2c43":59,"d552eb2f":57,"22234d6b":64,"6a3eaf43":58,"b7832271":57,"84b767be":69,"fb7482fe":55,"fd07e0ed":60,"12dd6f5e":53,"b3863630":53,"4360a1a3":70,"f3992a31":63,"d634aa28":70,"f33c0140":64,"751acea8":56,"bd984a8e":51,"972f4174":67,"c0b0f492":69,"859545e6":42,"259930ee":66,"0a2f71bc":51,"9e65c0ef":57,"0b959527":55,"4c39240e":55,"8d753bb6":53,"79be29c8":56,"124fbe96":59,"d39724bc":56,"935ec056":52,"e6ec8cbf":69,"04cc7cbe":53,"88ce179e":68,"1bc0591f":68,"733c86f8":56,"c510bfd3":71,"e5b1abc6":58,"2bcca6a7":76,"eebc8d43":60,"ec11fe5f":58,"2d1e1e9d":56,"8e4c33d2":63,"1f88a4b7":67,"312f7676":65,"d9dcdc4b":70,"971675c5":70,"820225e4":45,"3e082b37":58,"8b2b601d":60,"1438fad7":63,"26f99a1e":62,"0b3283c9":67,"014bdff0":64,"d3e84616":70,"53a8613c":72,"7d6895f4":57,"15620dca":66,"d1715f3b":61,"88432019":57,"91d52a55":65,"789bd484":58,"a939b50b":58,"cb6c9e42":75,"90d52475":58,"84369269":58,"bda8cdfb":66,"0ecfa1c9":57,"9b3f8714":59,"3a1d1632":37,"c93c3508":47,"0681c48e":69,"51f80f4c":66,"b2a8761b":56,"b377a62a":53,"3652bd66":58,"06073f13":64,"1bd5b20b":60,"332820ce":63,"b7407bd3":56,"efd23af5":57,"4e5aaaec":53,"3ef7432b":66,"53747a91":65,"e1f0dbfd":61,"7bebff03":53,"bc09fa9e":57,"abd32136":61,"67c57de4":90,"7a4c064c":62,"621d6b18":68,"b73e789c":57,"0d28db94":53,"91536e85":67,"f905a555":54,"3c0df8b4":61,"781ace7d":59,"08a561b7":48,"aa867541":47,"195eb771":59,"28654c76":69,"cf52025e":53,"4cc141fa":47,"b7df1559":65,"13f0e139":55,"17807120":54,"2198ba8e":60,"1ed46298":69,"6e851762":55,"d3a669ac":70,"70c1e715":61,"a625328f":64,"d552eb2f":58,"7028b044":55,"778c95e9":59,"c27969ec":63,"ee75b607":61,"16b476e9":50,"88ce179e":69,"5acce642":61,"04bef50c":39,"67d30f2b":61,"aa187e3b":53,"f2e3c0e3":51,"478d2d4f":73,"470d50c2":63,"059d6c19":75,"381c68fa":64,"c7313e0a":63,"751acea8":57,"6fb4cdda":65,"40a745c0":65,"9f2b16a7":58,"b215547b":55,"58d46189":61,"c85a0d80":66,"a68a93b2":52,"7a9344a4":70,"9b172ca8":50,"259930ee":67,"24ffcbd3":67,"c4e70c07":57,"e32524d6":62,"e3547548":42,"014460b9":74,"ffc86f94":57,"1f88a4b7":68,"bab97de3":71,"0be540c5":58,"a24e6670":65,"dc583e64":58,"0114160e":60,"77d35808":61,"fb44fa9c":66,"578f6e9e":67,"b552beb3":55,"014bdff0":65,"f2470875":61,"22aeaf03":64,"9a3cc55d":45,"f5596d0f":67,"315537b2":53,"2dda3936":61,"15620dca":67,"b9a48a5c":47,"bc021def":71,"f87c5031":49,"1b881e6e":72,"ce3407dd":63,"815e4582":63,"5339e1e9":60,"f4b2f575":50,"f2364460":75,"c98d5272":61,"61d4782d":62,"408bb2ed":45,"34658473":57,"5f8517b7":75,"fa55f27a":71,"358e45b1":73,"9e878ec2":75,"bfad1727":60,"8ea21393":58,"da3437cd":49,"4e5aaaec":54,"92136ff5":59,"7bebff03":54,"feb67030":48,"cd95f558":64,"0f89862c":61,"0e2b5d2f":59,"8b5a8e9f":76,"e5b1abc6":59,"a0685bf3":75,"7fb4c521":54,"d4ee22a4":65,"d7cb9bcf":57,"7a4c064c":63,"b73e789c":58,"cf9f4757":41,"056ea7ff":62,"61145ec9":71,"f905a555":55,"3c0df8b4":62,"4bc46d7a":55,"42cd2360":52,"69eeae0d":63,"a851891c":49,"bad6cdb1":54,"be1746a0":47,"c609739e":63,"42c80e69":64,"03b4ab60":62,"64db4feb":69,"c64de0c0":55,"76f3a3be":63,"bb8a6337":51,"2c01e624":57,"aaa274a5":59,"2180f99b":64,"9fa62fee":59,"e58b26f6":60,"a6626a13":53,"af0b61ab":66,"01cd8099":59,"03dcfa3d":58,"0eaf08da":68,"946df4fd":57,"2882a956":67,"04bef50c":40,"00cf385d":69,"8bc04eb5":52,"a4296d1e":62,"5be594be":59,"5ccf94d6":56,"c0fea118":59,"467773ac":56,"f76a3e83":62,"8db62558":58,"53431634":75,"93683c82":59,"655941a0":67,"a3253019":61,"6b78ad7f":68,"d0c104c4":48,"3b690f68":73,"fbdffc95":51,"2154b6e8":55,"44c77422":66,"b7505747":59,"37a7d5b0":63,"a81a857c":59,"57167c74":63,"fb44fa9c":67,"8aa78e2f":52,"bbe71605":56,"17b08923":55,"09f0db62":82,"6d802fa2":47,"437fc3ec":55,"0114160e":61,"7ee148e9":56,"3e082b37":59,"820225e4":46,"21ee2afe":68,"d3e84616":71,"22176537":54,"51f57142":69,"af157d29":66,"22ecaed0":54,"8547fbc2":59,"bf822e33":59,"e99318a3":50,"b88033fd":63,"1a0189c4":59,"04643409":66,"842c8340":52,"0f1ac912":46,"f6fe095d":79,"363590c7":59,"8274885a":58,"4ea4a2a1":75,"2209903e":60,"79e4fa1c":54,"70594a28":60,"21ad2f34":53,"3007f31f":54,"5acaa06f":44,"40569362":64,"3d1af513":74,"95d331b1":46,"6ee92259":66,"4652b09a":66,"8b5a8e9f":77,"478d2d4f":74,"8f10fa42":66,"2bcca6a7":77,"78b97937":64,"5f4102da":64,"50b558a7":51,"cf9f4757":42,"4d9b0b10":62,"ac030e74":55,"cb142908":50,"7a840529":40,"0785820e":67,"053f3451":58,"28654c76":70,"b28a5e67":64,"c91966ce":54,"1d44aff3":63,"dc03ebd2":76,"49cb2959":65,"00a481e3":63,"761cf820":56,"288afc30":57,"92d38723":68,"0ecfa1c9":58,"d6d61bfc":70,"e4714415":69,"162a7348":63,"031e488e":60,"76f3a3be":64,"288a2c43":60,"0d2a1c58":51,"b947257e":70,"b5763ff6":51,"3c6692a3":61,"22234d6b":65,"1f7607df":45,"084cbc0b":57,"ad8f85d6":67,"8eb64769":56,"aefe13f5":66,"01cd8099":60,"cbad3b92":74,"d8475b95":45,"64a7f79f":50,"7bebff03":55,"0a96f57a":68,"704bce0d":60,"2e3503e4":55,"cc11fef9":63,"34c5c729":56,"c4feee5b":60,"61f25dd4":71,"751bcf25":58,"77300e4a":58,"ddec9e54":53,"9b742f71":60,"b215547b":56,"ca6d2d91":64,"d634aa28":71,"e62d705f":54,"4def63ee":48,"638cb163":78,"4c39240e":56,"24ffcbd3":68,"37a7d5b0":64,"92f800f5":55,"2af60749":66,"3310a049":67,"4ff2225d":56,"9e206c95":72,"3454fa2b":58,"217c0327":40,"945b63f0":75,"4d35385e":53,"fd6dcb20":50,"ccdd1ce6":51,"1d790491":59,"23760167":47,"815e4582":64,"97e75c19":67,"17b08923":56,"f277386e":51,"6085137f":41,"868edcc0":64,"5270f158":55,"8b2b601d":61,"3c43e8a2":66,"6d802fa2":48,"317c1591":57,"09f0db62":83,"5b60dd1d":61,"fe1d4419":65,"d102b0c6":48,"b2a8761b":57,"ee75b607":62,"79be29c8":57,"4258c176":55,"54d7de6b":68,"677c6a09":71,"9d4f1fe6":46,"82204d54":55,"ae99df30":58,"c463799d":69,"05f6ab35":58,"25a2844e":65,"e5b1abc6":60,"afe8e06a":49,"4c0e547b":54,"00a17b46":60,"cf9f4757":43,"cb142908":51,"2ce1af05":53,"b73e789c":59,"af7e5be8":62,"385ab7c6":58,"aa867541":48,"8db5a165":46,"d8e58a8c":64,"b377a62a":54,"d0c0fc08":60,"332820ce":64,"36fb15d2":55,"761cf820":57,"d957f027":54,"2a387957":69,"5d087c79":63,"12534561":52,"5f6613c8":53,"8cddb65e":66,"c9efc8f6":64,"c4bff41f":56,"a1370ab0":61,"74e3d13e":60,"d0d6acb1":57,"3c6692a3":62,"5747db6e":63,"d3a669ac":71,"9ab755d3":55,"835358a0":48,"7028b044":56,"a43061ee":50,"bad6cdb1":55,"468fc85c":64,"3e602573":47,"e8d74304":56,"59c1e594":69,"0f72f2d8":58,"d5dae4c4":70,"cf1b8c47":64,"69eeae0d":64,"e865e4dd":62,"5fa12feb":59,"2209903e":61,"f734c84c":76,"9a80f004":57,"d25e0f8d":59,"7b6a7048":67,"9d0546ac":56,"655954ba":58,"9b742f71":61,"cc11fef9":64,"fe578280":59,"381c68fa":65,"972f4174":68,"19e9776f":69,"501db4de":59,"1a68160d":61,"56d315d8":47,"6b78ad7f":69,"1a2ec5d7":66,"7cd0ad7b":69,"cf1124db":56,"24ffcbd3":69,"12012fbd":62,"6cba74ce":57,"f5596d0f":68,"9e206c95":73,"d6320619":65,"57540cc3":67,"ac38a6a5":64,"0d2c95fe":54,"fb44fa9c":68,"820225e4":47,"f277386e":52,"5b60dd1d":62,"4ff2225d":57,"b1f58563":60,"b36a0d66":49,"77d35808":62,"3310a049":68,"8274885a":59
1604737490185,"ce3bf5db":54,"0a2f71bc":52,"2154b6e8":56,"caddd0a7":72,"88fa53d6":52,"c8fcad77":60,"9cb4697f":63,"677c6a09":72,"9d4f1fe6":47,"c0b23081":64,"91b28f83":63,"51a3e9c2":63,"37d0cae2":61,"9a07d89b":66,"afe8e06a":50,"0f89862c":62,"7fdc2007":58,"a0685bf3":76,"b8488fc8":59,"50b558a7":52,"6f39f4d9":76,"30b6808c":55,"4d9b0b10":63,"d83294cd":61,"ae95f2ba":73,"91536e85":68,"9aa6a054":52,"53747a91":66,"201cafad":55,"9a80f004":58,"18d20aa1":56,"26dd2000":66,"53431634":76,"ded7da5a":61,"288d171f":54,"cc11fef9":65,"6bc5d32a":70,"a3253019":62,"655941a0":68,"2e3503e4":56,"4c4aa2e2":61,"5cd3cfe0":49,"40a745c0":66,"d548635d":55,"4e3f5178":59,"5ccf94d6":57,"58d46189":62,"66b7b5b4":55,"a901627e":51,"781ace7d":60,"b28a5e67":65,"616d6dd6":64,"ec110282":60,"56473430":65,"aa867541":49,"e1571af7":60,"4fd645f1":45,"3fdb08f5":49,"08a06557":77,"88fa53d6":53,"d141db49":54,"37a7d5b0":65,"9d63c4dd":55,"794f652b":51,"394dc144":62,"faf3ed07":57,"8ec3834d":65,"36b7003c":76,"527ff946":63,"5774ac0d":69,"5ac86fb9":59,"3a1d1632":38,"32133249":65,"725dce8b":56,"dc473de1":53,"4125085e":66,"f4726450":53,"835358a0":49,"7028b044":57,"88b3bc99":57,"92efd84f":61,"a40846b7":60,"437fc3ec":56,"f2470875":62,"67d30f2b":62,"88ce179e":70,"3b2dee89":61,"9d4f1fe6":48,"d83870f5":63,"6b82b527":54,"11b2c8d9":51,"d39724bc":57,"f67de058":53,"6a7392d5":59,"20958d58":55,"7bda83dd":61,"afe8e06a":51,"78b97937":65,"0d7d88f1":52,"7fb4c521":55,"4f59a322":62,"ef14000f":70,"e4cfef0a":49,"cb142908":52,"6034b6d0":65,"20777945":57,"fb8bfb36":78,"7d112f4d":62,"18d20aa1":57,"a851554d":76,"85de05f2":62,"ccb5ea3e":50,"f33c0140":65,"b7832271":58,"8657c79d":74,"f2f58418":56,"d3e84616":72,"53a8613c":73,"3661e12d":55,"9a467a82":60,"623c6a31":60,"b946e146":73,"53431634":77,"9b742f71":62,"9d4da635":47,"470d50c2":64,"b6591e25":59,"7f86be64":62,"c7313e0a":64,"db703021":51,"1e232870":66,"cf1124db":57,"20e470e0":57,"26ed1a5c":57,"0c0e98ea":48,"02d4753e":69,"4f5e3e7d":57,"a533489b":70,"45b038bb":82,"d102b0c6":49,"8d000d6e":56,"408bb2ed":46,"4b4ef7fa":60,"91f7ef72":57,"4bc46d7a":56,"3f75d3bc":63,"195eb771":60,"d9d0c567":53,"ae016053":65,"810aa5e9":60,"c4e70c07":58,"fbdffc95":52,"cc6bbe45":53,"0f029727":57,"0b959527":56,"24ffcbd3":70,"fce3c5c6":53,"97e75c19":68,"4ed01268":55,"5339e1e9":61,"d1fe2868":57,"794f652b":52,"37fbb107":65,"254cc28c":69,"b35bb8a1":51,"71279c46":53,"51f80f4c":67,"57d5dee8":68,"dc473de1":54,"74e3d13e":61,"0ecfa1c9":59,"1f342a00":67,"d552eb2f":59,"70c1e715":62,"a0bc1ceb":52,"cf52025e":54,"6ebe2354":46,"73b15e04":55,"be1746a0":48,"04612878":65,"8cf83787":54,"59431390":59,"95bc84f1":55,"016953e4":71,"45fb95c1":67,"5410e9c6":70,"1a442bc7":57,"5acce642":62,"290b4714":62,"16b476e9":51,"e6ec8cbf":70,"1c0a9eff":58,"a502c93c":57,"0042f6eb":72,"05f6ab35":59,"dd3913d2":51,"d78dd457":47,"25a2844e":66,"b102f7bd":70,"a8c93bed":61,"2b698053":57,"753ca352":51,"053f3451":59,"53b4e647":76,"4d9b0b10":64,"a85d89cc":60,"8ac72326":54,"805534ac":58,"6bc5d32a":71,"c8dc010f":65,"261c9911":65,"21e10a2b":51,"e21c6207":55,"3c6692a3":63,"f271ed5d":58,"39ba00f0":59,"f069bb07":58,"12dd6f5e":54,"d3e84616":73,"140ce69e":63,"a77e8461":47,"f2f58418":57,"6cba74ce":58,"d6320619":66,"a0ce82b4":68,"e1618359":66,"ab7d4c9a":55,"bd984a8e":52,"1a68160d":62,"f3992a31":64,"4360a1a3":71,"d0c104c4":49,"8e99d5d0":60,"ebdbf580":55,"1f11812e":57,"902f49f5":63,"0841052c":60,"9316e7e8":44,"c8977844":60,"08a561b7":49,"f3a0c2ee":58,"71ba7561":61,"00a481e3":64,"5f96c2bc":47,"012de09c":52,"7c0a2db6":65,"a3d4a0e5":68,"2c5c1dc0":58,"1f88a4b7":69,"317c1591":58,"578f6e9e":68,"d6db2b02":66,"c95719e5":48,"6085137f":42,"34658473":58,"5a0ead91":50,"de11eb19":70,"1bd5b20b":61,"f9c15fcc":62,"08a4c3f8":60,"c4aa1e38":54,"1623fc9f":56,"014460b9":75,"ce3bf5db":55,"b7505747":60,"5ab7bc35":64,"92f800f5":56,"f66616b7":51,"37fbb107":66,"815e4582":65,"789bd484":59,"48efc739":71,"e99318a3":51,"b88033fd":64,"540df50f":70,"ed4fad08":63,"dcfaba4c":55,"12534561":53,"162a7348":64,"b230e8d3":62,"af034fee":50,"4fd645f1":46,"946df4fd":58,"804d4dfa":49,"03dcfa3d":59,"01cd8099":61,"6ebe2354":47,"2d382981":61,"1c3a30c5":59,"c0b23081":65,"d4d5f466":64,"6841f77e":70,"4652b09a":67,"9d4f1fe6":49,"bd2705b0":73,"7f6d1d0e":69,"5f4102da":65,"062179c1":56,"a8c93bed":62,"78467b8a":66,"bd62d7ed":53,"e4cfef0a":50,"a0cca8b7":55,"6b9eff39":54,"0bd93cfd":45,"eb7b4e29":55,"272c7672":59,"835358a0":50,"2180f99b":65,"fb7482fe":56,"92efd84f":62,"4d35385e":54,"fd6dcb20":51,"b946e146":74,"a63bddd4":73,"217c0327":41,"6143f39d":62,"f87c5031":50,"9a80f004":59,"2b3c49b9":66,"6bc5d32a":72,"e21c6207":56,"8ea21393":59,"8e780922":56,"d548635d":56,"cf84fb54":66,"6d802fa2":49,"e0f7679f":55,"9a3cc55d":46,"d1676e89":63,"0114160e":62,"a6bcb07e":67,"ce4da56f":60,"fe1d4419":66,"1db42092":69,"3a204e56":64,"d599b566":76,"93ac9ca3":52,"c7ab83c1":49,"02d4753e":70,"06073f13":65,"de11eb19":71,"c7c4ec5c":46,"7ae3fc50":61,"3d1af513":75,"36fb15d2":56,"74f234c6":55,"c0fea118":60,"1745a0f4":63,"9c29f0ed":67,"78b97937":66,"d7cb9bcf":58,"053f3451":60,"a06a6430":57,"4930f321":56,"c38c2b52":65,"d9d0c567":54,"8a165e17":60,"781ace7d":61,"43bc86e3":59,"42cd2360":53,"a0cf08b3":54,"65e4235b":64,"902f49f5":64,"0841052c":61,"58d46189":63,"e1571af7":61,"e32524d6":63,"7cd0ad7b":70,"a68a93b2":53,"a9b1bd51":46,"2b3e4717":61,"44a4f7cd":56,"9ceb5439":54,"bf822e33":60,"97e75c19":69,"6e98dfda":62,"af034fee":51,"74e3d13e":62,"dc473de1":55,"9b3f8714":60,"47cfba38":60,"6867261a":55,"162a7348":65,"719c8869":73,"30c5d755":67,"94a2fe10":63,"859545e6":43,"ca7d47f7":65,"638cb163":79,"481754fc":51,"2198ba8e":61,"13f0e139":56,"c6e3d352":64,"27c8e038":67,"03dcfa3d":60,"b2bd8fd3":58,"0dad37d5":62,"972f4174":69,"a836aa93":59,"9b742f71":63,"d815c5b4":71,"e4117b3b":44,"f0a06216":59,"bf30a08f":68,"1757a30e":52,"37d0cae2":62,"dfcc2ad1":68,"e356abf1":67,"c1bb74f2":56,"9b546d65":55,"062179c1":57,"a8c93bed":63,"8007f30e":44,"f1df62b4":58,"4f59a322":63,"fef750ca":65,"8657c79d":75,"0fc5ac7e":76,"d1ca5d6b":69,"911e770b":59,"d3a669ac":72,"fb7482fe":57,"7e991ab9":49,"c455f40e":52,"5fa12feb":60,"805534ac":59,"f734c84c":77,"21e10a2b":52,"3007f31f":55,"20777945":58,"4b4ecbce":59,"4c4aa2e2":62,"bab97de3":72,"b935fc1c":54,"b769bdfb":65,"4b3e3b1c":64,"6d61bf13":51,"159ffd0b":38,"05642105":57,"014bdff0":66,"312f7676":66,"7732eb1e":80,"ce4da56f":61,"c95719e5":49,"6d802fa2":50,"095ab3b4":52,"8323d333":52,"9260d96b":70,"379184a7":67,"b2a8761b":58,"31f6d707":66,"e7abc88d":45,"704bce0d":61,"cb51f134":63,"655954ba":59,"dcf85091":51,"7a840529":41,"a06a6430":58,"0d28db94":54,"053f3451":61,"d5059415":57,"d5dae4c4":71,"a15713c6":67,"781ace7d":62,"28654c76":71,"b2cfdbcf":60,"56473430":66,"d8e58a8c":65,"7cd0ad7b":71,"d70ca4f4":70,"751acea8":58,"5ccf94d6":58,"0af920d8":46,"ca6d2d91":65,"94a2fe10":64,"15620dca":68,"57540cc3":68,"7080f122":51,"3f65f121":61,"4d35385e":55,"558d5ce7":66,"dfa1a89b":55,"8a52882e":66,"1b881e6e":73,"bad1a1cc":54,"1a0189c4":60,"9d9dd9e5":55,"36b7003c":77,"6adce358":67,"17446892":54,"4911acad":42,"3a1d1632":39,"e1571af7":62,"7be025ce":62,"b5ce0c0c":66,"08a06557":78,"e3547548":43,"25776fc4":66,"d9f512b9":68,"a533489b":71,"ea274174":62,"8eb64769":57,"cac4449a":44,"eed20185":66,"baebb391":76,"64a7f79f":51,"946df4fd":59,"804d4dfa":50,"51a3e9c2":64,"8bc04eb5":53,"4652b09a":68,"7fef9973":67,"ee21ad02":67,"95d331b1":47,"fe8f3d36":54,"00cf385d":70,"cfafcda8":60,"a8c93bed":64,"f67de058":54,"7af262e5":64,"2a76f1dd":47,"c463799d":70,"42c80e69":65,"bb8a6337":52,"deb31f35":67,"5a734022":55,"2180f99b":66,"d0d6acb1":58,"284544ba":66,"b5763ff6":52,"7028b044":58,"fb7482fe":58,"2d54e0a8":49,"5a622a23":54,"5c82d1ce":58,"feb67030":49,"b6ee137a":59,"21e10a2b":53,"8e4c33d2":64,"014bdff0":67,"3c43e8a2":67,"07fc4a9a":61,"2203f259":66,"bab97de3":73,"82868763":56,"c564e316":63,"fb44fa9c":69,"32c9fc47":51,"437fc3ec":57,"6d802fa2":51,"b552beb3":56,"95f6db13":48,"31f6d707":67,"e0e6a097":55,"7bebff03":56,"debe1f65":71,"f3992a31":65,"acac14fb":55,"104721f0":59,"5be594be":60,"4e3f5178":60,"07f98660":73,"53b4e647":77,"ffa08d82":64,"d4ee22a4":66,"597c1f81":50,"91536e85":69,"faf4f98b":63,"313258f2":56,"65e4235b":65,"a5676c24":59,"1d44aff3":64,"ec110282":61,"7ae34c64":63,"a15713c6":68,"1a68160d":63,"9f2b16a7":59,"61f25dd4":72,"4279e829":71,"30dbfc69":57,"110b1ee3":66,"1d153b20":61,"bb99c79c":60,"7080f122":52,"a77e8461":48,"01d817b8":54,"2dda3936":62,"6d5fcd4c":59,"0670c466":60,"b88033fd":65,"ccf8b803":51,"aff8e442":56,"cb6c9e42":76,"6adce358":68,"37fbb107":67,"d033db8d":58,"66b7b5b4":56,"0d5ee801":55,"25776fc4":67,"259930ee":68,"ba30e43a":68,"08a06557":79,"57167c74":64,"4777334c":56,"7a2f3f06":54,"0cb80f4a":62,"332820ce":65,"02d4753e":71,"45b038bb":83,"cbad3b92":75,"6be9332a":61,"a0bc1ceb":53,"59c1e594":70,"a0b03218":67,"a5aee5de":70,"13f0e139":57,"5ab7bc35":65,"e382ec3f":53,"88ce179e":71,"93b0a158":60,"9d4f1fe6":50,"7735c3c2":56,"677c6a09":73,"bb00e71c":51,"c510bfd3":72,"fee32863":54,"5a734022":56,"72805bf5":52,"c852d240":57,"a1370ab0":62,"5e09f69e":65,"540df50f":71,"181c3dd5":57,"eb7b4e29":56,"508aac3d":61,"2d54e0a8":50,"88b3bc99":58,"d552eb2f":60,"911e770b":60,"d0d6acb1":59,"437fc3ec":58,"06ddafc7":57,"7732eb1e":81,"ea9bba6b":51,"d9dcdc4b":71,"19f9ca86":72,"2203f259":67,"5678ed7b":76,"8dc9b4db":64,"8b2b601d":62,"f2470875":63,"95bc84f1":56,"f6fe095d":80,"b552beb3":57,"3007f31f":56,"25e0dd3d":66,"6b9eff39":55,"93e8cee5":67,"c45d554f":60,"2b3c49b9":67,"feb67030":50,"9f2b16a7":60,"9267f0ef":72,"cfafcda8":61,"2a4a402a":60,"19551bad":59,"5f4102da":66,"78467b8a":67,"07f98660":74,"50c468ba":57,"a06a6430":59,"f1df62b4":59,"cb142908":53,"9c29f0ed":68,"e57d5cda":73,"b2cfdbcf":61,"f789f6d8":74,"ae016053":66,"c91966ce":55,"da04caac":63,"4bc46d7a":57,"43bc86e3":60,"fe578280":60,"a836aa93":60,"f121b82c":67,"36380d96":67,"ebdbf580":56,"affb82bf":59,"fd6dcb20":52,"49902219":69,"3f65f121":62,"57540cc3":69,"6d5fcd4c":60,"12012fbd":63,"31d74eee":56,"50d129cf":55,"4ed01268":56,"254cc28c":70,"66d94227":48,"751acea8":59,"0c043224":67,"c2bb8aae":57,"110b1ee3":67,"56d315d8":48,"4360a1a3":72,"20e470e0":58,"37a7d5b0":66,"c0b0f492":70,"2e99f8fd":50,"9260d96b":71,"c4aa1e38":55,"9e878ec2":76,"1bd5b20b":62,"02d4753e":72,"cfe72ead":51,"792cfcbd":48,"b6aaf976":68,"03dcfa3d":61,"12a2cd4b":69,"9fc713b0":61,"be1746a0":49,"48655f09":72,"b7505747":61,"c1bdfd41":62,"3fdb08f5":50,"868cda42":51,"cc6bbe45":54,"d83870f5":64,"ad2d7bed":61,"93b0a158":61,"20811ddf":55,"9cb4697f":64,"650bb0e0":60,"d5557fb4":63,"b7cc7909":55,"af034fee":52,"61d4782d":63,"162a7348":66,"74e3d13e":63,"081460bf":63,"c64de0c0":56,"6751d8e4":72,"2f455cce":60,"5747db6e":64,"92efd84f":63,"eb7b4e29":57,"ea822700":51,"72d7b461":60,"e238f09b":59,"d9dcdc4b":72,"8dc9b4db":65,"60e855ee":62,"3c782bb3":62,"59431390":60,"6d61bf13":52,"c95719e5":50,"e36dfd6f":52,"de36827b":74,"1da771fb":59,"1db42092":70,"a77e127d":46,"6d802fa2":52,"c650b434":69,"a851554d":77,"e1f0dbfd":62,"27d8bf51":60,"3ef7432b":67,"d39724bc":58,"6775d5cd":57,"a0685bf3":77,"0e2b5d2f":60,"7af262e5":65,"6a7392d5":60,"30c184b8":59,"c1bb74f2":57,"c510bfd3":73,"07f98660":75,"629800eb":69,"e4cfef0a":51,"753ca352":52,"a06a6430":60,"ae95f2ba":74,"ac030e74":56,"fafb4cc2":83,"71e53c93":67,"8a165e17":61,"74c26380":56,"8db5a165":47,"91f7ef72":58,"d5dae4c4":72,"d25e0f8d":60,"5fa12feb":61,"9b172ca8":51,"5be594be":61,"8e99d5d0":61,"b215547b":57,"f33c0140":66,"c382f054":62,"06ee61b6":55,"affb82bf":60,"175bc6b2":56,"d6320619":67,"d2a841c9":50,"bc021def":72,"18815a1b":60,"0e036ae9":73,"cc11fef9":66,"dae0f922":62,"cf1124db":58,"3f9b5722":47,"4360a1a3":73,"94a2fe10":65,"cd3bbe7e":67,"8493f3b2":69,"06073f13":66,"4ba6eb36":66,"08a4c3f8":61,"6f0fcb9d":68,"36fb15d2":57,"49bf2e95":45,"064a99c8":56,"99d130c9":69,"ac62fac2":68,"481754fc":52,"87922532":65,"13f0e139":58,"5f620a1e":74,"5ab7bc35":66,"28d40296":49,"9bdf362a":51,"4577b333":64,"f8b31ce5":78,"ca7d47f7":66,"b8ab8e6e":58,"088feee2":66,"794f652b":53,"97e75c19":70,"37fbb107":68,"50d129cf":56,"c98d5272":62,"c852d240":58,"3c18f28e":60,"c4bff41f":57,"0681c48e":70,"e9a8cf11":62,"68562193":49,"6632fed0":69,"8cd78f77":74,"2c627253":58,"3c6692a3":64,"f4726450":54,"5a07fc2e":58,"84b767be":70,"d0d6acb1":60,"3e602573":48,"5b60dd1d":63,"8274885a":60,"b2703001":55,"ea9bba6b":52,"1438fad7":64,"71ff66e8":54,"66554572":49,"72b84094":73,"7fef9973":68,"ad2d7bed":62,"6ee92259":67,"f0a06216":60,"54d7de6b":69,"20811ddf":56,"b87158fb":68,"e0e48a2d":63,"fee32863":55,"19551bad":60,"9b546d65":56,"2a4a402a":61,"f2e3c0e3":52,"30c184b8":60,"d2466211":71,"76f94eda":62,"d5059415":58,"93b9fae6":57,"7fb4c521":56,"053f3451":62,"50c468ba":58,"345c9967":61,"7c0a2db6":66,"d5dae4c4":73,"b2cfdbcf":62,"805534ac":60,"3b7763b1":49,"4eed1bea":63,"201cafad":56,"7b6a7048":68,"bc09fa9e":58,"ebdbf580":57,"c21ab51e":49,"cb51f134":64,"be4f8ba8":56,"e9adbe58":53,"affb82bf":61,"7080f122":53,"25a7a0a3":61,"945b63f0":76,"2cb29e5a":67,"79f04300":61,"69134f07":60,"655954ba":60,"1e232870":67,"58d46189":64,"66b7b5b4":57,"751acea8":60,"902f49f5":65,"3f9b5722":48,"467773ac":57,"c564e316":64,"95f6db13":49,"d1676e89":64,"1be05c14":51,"9a3cc55d":47,"013ee301":64,"88a30343":61,"d0b297b2":54,"fe0df575":71,"4ac6bd4e":47,"2e99f8fd":51,"b2a8761b":59,"5acaa06f":45,"8323d333":53,"792cfcbd":49,"026766f3":50,"2c6cb96f":48,"95904ac4":75,"6e44927f":49,"e1571af7":63,"caddd0a7":73,"b7505747":62,"638cb163":80,"75ffea08":63,"92f800f5":57,"d141db49":55,"99e171db":63,"6e98dfda":63,"394dc144":63,"e99318a3":52,"b88033fd":66,"2a387957":70,"c67979e6":72,"35aa7fd0":70,"227006e4":59,"dcfaba4c":56,"40860a4b":47,"e9a8cf11":63,"4911acad":43,"5a734022":57,"70c1e715":63,"383e232d":57,"2a06ab95":67,"1f342a00":68,"84b67924":58,"48655f09":73,"dd1fcb17":58,"cbad3b92":76,"35b58ef9":51,"e6fac295":56,"0f72f2d8":59,"c0b7e7d7":52,"ee75b607":63,"bec9d329":72,"6841f77e":71,"1a442bc7":58,"4652b09a":69,"e35a63cd":61,"d4d5f466":65,"1bc0591f":69,"33d6bb6a":58,"6775d5cd":58,"9496f56f":64,"1105f790":66,"b9be31d6":57,"a567ace4":60,"ae95f2ba":75,"c6dc900c":45,"597c1f81":51,"87083264":64,"ba5c52af":63,"abd32136":62,"d83294cd":62,"e2cbe594":49,"4295ce9a":71,"df81ddee":54,"efd23af5":58,"daab45c6":59,"d1ca5d6b":70,"4bcd4a30":76,"0e036ae9":74,"140ce69e":64,"9e206c95":74,"a77e8461":49,"eeaa2d46":58
1604737491063,"2cb29e5a":68,"9a467a82":61,"31d74eee":57,"5d087c79":64,"2ab62345":54,"a2c334e7":78,"93fdbb44":51,"3a1d1632":40,"c67979e6":73,"51f80f4c":68,"f2364460":76,"5ac86fb9":60,"d5557fb4":64,"71a2a493":42,"c98d5272":63,"5eaa1581":58,"2f455cce":61,"9147702f":52,"84b767be":71,"3062379b":47,"d1ca5d6b":71,"2d13e69b":65,"cbb54a0a":54,"f5cd79c1":52,"83086d4c":55,"8cf83787":55,"6d61bf13":53,"17b08923":57,"45fb95c1":68,"d1676e89":65,"49910300":59,"09f0db62":84,"59431390":61,"a40846b7":61,"cf50e84e":65,"a3d4a0e5":69,"b4fdf90e":60,"3a1b9af5":50,"cd95f558":65,"0277d748":78,"30dd2edc":61,"2cb29e5a":69,"315537b2":54,"57540cc3":70,"18815a1b":61,"8cc4a982":51,"85de05f2":63,"f4343817":55,"f33c0140":67,"f598a332":61,"97e75c19":71,"77bae750":48,"b8ab8e6e":59,"f66616b7":52,"d33790a2":70,"31f6d707":68,"40569362":65,"f1098793":65,"ea274174":63,"d82592f4":63,"6ebe2354":48,"bad6cdb1":56,"35b58ef9":52,"ac62fac2":69,"946df4fd":60,"bf822e33":61,"5d087c79":65,"8ec3834d":66,"2132fe93":69,"906fdec3":52,"cf1b8c47":65,"e865e4dd":63,"7c0a2db6":67,"fd482491":71,"c91966ce":56,"91f7ef72":59,"d6d61bfc":71,"aa9ea5e8":56,"17446892":55,"7af9d3b1":65,"e9a8cf11":64,"c852d240":59,"26c390d6":53,"8cd78f77":75,"b5763ff6":53,"730338c4":75,"0d2a1c58":52,"7028b044":59,"84b67924":59,"34c5c729":57,"9b742f71":64,"288d171f":55,"972f4174":70,"9f2b16a7":61,"110b1ee3":68,"61f25dd4":73,"8942c35b":65,"026766f3":51,"d0c104c4":50,"3f9b5722":49,"f1b493de":68,"b7505747":63,"638cb163":81,"4def63ee":49,"57167c74":65,"4fd645f1":47,"caddd0a7":74,"c1bdfd41":63,"f2470875":64,"e238f09b":60,"32c9fc47":52,"5410e9c6":71,"cf50e84e":66,"8dd649a3":54,"3310a049":69,"a3d4a0e5":70,"c95719e5":51,"971675c5":71,"5678ed7b":77,"eda6a690":52,"820225e4":48,"d9dcdc4b":73,"00554ffd":68,"9260d96b":72,"3652bd66":59,"8c6e001f":49,"92d38723":69,"5f8517b7":76,"5a0ead91":51,"e4c312fe":62,"ae99df30":59,"d1d40c9c":66,"4258c176":56,"04bef50c":41,"eebc8d43":61,"b102f7bd":71,"7f6d1d0e":70,"f67de058":55,"79be29c8":58,"dfcc2ad1":69,"30c184b8":61,"6c524f99":49,"22176537":55,"fd6dcb20":53,"08c6b5d2":62,"9c045c61":61,"7d6895f4":58,"49902219":70,"a63bddd4":74,"6b9eff39":56,"27d8bf51":61,"feb67030":51,"0a96f57a":69,"31d74eee":58,"064a99c8":57,"9fc713b0":62,"c6e3d352":65,"48655f09":74,"35b58ef9":53,"e6fac295":57,"0f72f2d8":60,"f2364460":77,"9d9dd9e5":56,"2a387957":71,"4ed01268":57,"8ec3834d":67,"0670c466":61,"1105f790":67,"1dad0f99":62,"53b4e647":78,"7a4c064c":64,"6a5b71b4":66,"f7231212":61,"7218c9f1":48,"e28c2efc":56,"a901627e":52,"8db5a165":48,"5ef93e5d":47,"d9d0c567":55,"dc03ebd2":77,"3c0df8b4":63,"52eca0dc":61,"35aa7fd0":71,"3c18f28e":61,"5eaa1581":59,"31f6ba51":59,"5774ac0d":70,"9b3f8714":61,"4125085e":67,"383e232d":58,"af0b61ab":67,"9ab755d3":56,"88b3bc99":59,"272c7672":60,"ea822700":52,"2d13e69b":66,"40e79dd3":54,"5c82d1ce":59,"c45d554f":61,"90a06ee9":66,"d548635d":57,"4e3f5178":61,"0dad37d5":63,"a836aa93":61,"168e75d9":57,"ebdbf580":58,"c8977844":61,"059d6c19":76,"9316e7e8":45,"467773ac":58,"5ccf94d6":59,"5272520d":62,"ddec9e54":54,"62d1d346":48,"0b959527":57,"3fdb08f5":51,"4c39240e":57,"e786063b":61,"8f13c203":59,"25776fc4":68,"1951480c":67,"a24e6670":66,"49910300":60,"d599b566":77,"2d1e1e9d":57,"5270f158":56,"60e855ee":63,"4945c851":70,"0114160e":63,"5b60dd1d":64,"3a204e56":65,"59431390":62,"cf84fb54":67,"c564e316":65,"792c9b6a":49,"332820ce":66,"a533489b":72,"34658473":59,"b8397293":55,"ee75b607":64,"5acce642":63,"ad2d7bed":63,"a6b5e869":59,"c0b23081":66,"b87158fb":69,"e35a63cd":62,"0d770b97":68,"0277d748":79,"bb99c79c":61,"f87c5031":51,"a77e8461":50,"36d340f2":59,"623c6a31":61,"1bd5b20b":63,"2e99f8fd":52,"ae8a09c4":66,"d8475b95":46,"17807120":55,"468fc85c":65,"baebb391":77,"71bc1295":62,"8eb64769":58,"ac38a6a5":65,"6adce358":69,"c81b2bcf":56,"aff8e442":57,"088feee2":67,"39a2fcce":55,"7e15f8e8":66,"8721056e":49,"bb00e71c":52,"0f89862c":63,"fead11cf":55,"d78dd457":48,"733c86f8":57,"d5059415":59,"0d7d88f1":53,"e57d5cda":74,"91536e85":70,"e4cfef0a":52,"4930f321":57,"597c1f81":52,"f905a555":56,"8db5a165":49,"fafb4cc2":84,"08a561b7":50,"dc03ebd2":78,"56473430":67,"3a291497":58,"1d790491":60,"64db4feb":70,"9f5e6cba":69,"bb8a6337":53,"5eaa1581":60,"162a7348":67,"2ab62345":55,"227006e4":60,"0fc5ac7e":77,"70bc8325":57,"4bcd4a30":77,"88b3bc99":60,"8657c79d":76,"fb7482fe":59,"6bc5d32a":73,"70594a28":61,"a0cca8b7":56,"44ff8baa":55,"c8dc010f":66,"bc09fa9e":59,"2209903e":62,"8e780922":57,"696fdac5":65,"972f4174":71,"655954ba":61,"80a8a56d":59,"754f98c9":64,"8e99d5d0":62,"30fdcd3b":58,"430a5db5":75,"dae0f922":63,"f1b493de":69,"c8977844":62,"fd369c21":65,"263762cb":58,"6b79fec2":53,"e45b4b53":49,"32c9fc47":53,"fe1d4419":67,"17b08923":58,"a40846b7":62,"6d802fa2":53,"d6db2b02":67,"22aeaf03":65,"09f0db62":85,"6c73ae98":59,"e6ec8cbf":71,"04cc7cbe":54,"82204d54":56,"7ee7621c":60,"2bcca6a7":78,"e9adbe58":54,"4d35385e":56,"53a8613c":74,"865d9857":51,"d0c104c4":51,"37a7d5b0":67,"7a9344a4":71,"3bad3c95":42,"0a2f71bc":53,"7e76c93c":67,"14c682eb":60,"ce3bf5db":56,"c8fcad77":61,"51f57142":70,"1d153b20":62,"3f65f121":63,"31f6d707":69,"a8871ddf":60,"d9dcdc4b":74,"9260d96b":73,"40569362":66,"c4aa1e38":56,"4ea4a2a1":76,"3a1b9af5":51,"67f6e4f2":66,"468fc85c":66,"a5aee5de":71,"d8475b95":47,"be1746a0":50,"946df4fd":61,"03dcfa3d":62,"b2bd8fd3":59,"2a387957":72,"b88033fd":67,"c6c85783":69,"6a7392d5":61,"a6b5e869":60,"55928ef1":62,"e0e48a2d":64,"0f89862c":64,"c0b23081":67,"eebc8d43":62,"aa187e3b":54,"d78dd457":49,"629800eb":70,"9aa6a054":53,"d7cb9bcf":59,"d4ee22a4":67,"f1df62b4":60,"8ac72326":55,"4d9b0b10":65,"ae016053":67,"0a1d11e6":51,"ef8987d7":60,"83b2f9c5":66,"fafb4cc2":85,"4bc46d7a":58,"69eeae0d":65,"8ec3834d":68,"b8ab8e6e":60,"088feee2":68,"47d27624":67,"e4714415":70,"e9a8cf11":65,"2ab62345":56,"227006e4":61,"3c18f28e":62,"ed4fad08":64,"44ff8baa":56,"c455f40e":53,"547903ef":66,"daab45c6":60,"8f9b74b0":51,"ded7da5a":62,"3007f31f":57,"0da28f5b":62,"1247fa52":62,"2e3503e4":57,"4e3f5178":62,"c5b35e4d":58,"a836aa93":62,"9f2b16a7":62,"9d4da635":48,"4279e829":72,"bc3dc66a":66,"6a3eaf43":59,"730338c4":76,"2a06ab95":68,"284544ba":67,"6085137f":43,"b769bdfb":66,"6d802fa2":54,"eda6a690":53,"4945c851":71,"5b60dd1d":65,"317c1591":59,"11888cfa":59,"9a3cc55d":48,"a3d4a0e5":71,"d599b566":78,"a4dafea5":56,"b552beb3":58,"6291e9e9":63,"a625328f":65,"72d7b461":61,"0d2a1c58":53,"ad2d7bed":64,"d929098e":47,"b7434f57":54,"4360a1a3":74,"93683c82":60,"c3e6ef01":68,"3b690f68":74,"8f13c203":60,"9bdf362a":52,"0a2f71bc":54,"7043382d":64,"0f029727":58,"04ea5673":67,"14c682eb":61,"12dd6f5e":55,"546f6845":68,"f2ca27d9":57,"0e036ae9":75,"f3d68430":67,"e9adbe58":55,"eeaa2d46":59,"4ba6eb36":67,"8493f3b2":70,"7a2f3f06":55,"b7407bd3":57,"379184a7":68,"40569362":67,"08a4c3f8":62,"792cfcbd":50,"ad8f85d6":68,"48655f09":75,"804d4dfa":51,"dd1fcb17":59,"13f0e139":59,"aa00769b":73,"9d4f1fe6":51,"e382ec3f":54,"aa187e3b":55,"f67de058":56,"2882a956":68,"0d770b97":69,"55928ef1":63,"7af262e5":66,"ec11fe5f":59,"30c184b8":62,"05f6ab35":60,"8063df14":51,"619fda68":65,"1dad0f99":63,"9fce073c":63,"a06a6430":61,"629800eb":71,"4930f321":58,"7a4c064c":65,"65e4235b":66,"f789f6d8":75,"fe44fc6f":62,"95904ac4":76,"28654c76":72,"a851891c":50,"61145ec9":72,"c6c85783":70,"97e75c19":72,"b8ab8e6e":61,"c81b2bcf":57,"bf822e33":62,"cb6c9e42":77,"50d129cf":57,"5e09f69e":66,"3ef7432b":68,"feb67030":52,"ccb5ea3e":51,"da3437cd":50,"6490bac6":63,"93e8cee5":68,"6bc5d32a":74,"80a8a56d":60,"6fb4cdda":66,"6b78ad7f":70,"655954ba":62,"4c4aa2e2":63,"c21ab51e":50,"2e3503e4":58,"4911acad":44,"bb8a6337":54,"b35bb8a1":52,"5774ac0d":71,"540df50f":72,"6632fed0":70,"f6fe095d":81,"a58bf525":57,"312f7676":67,"19f9ca86":73,"93ac9ca3":53,"095ab3b4":53,"016953e4":72,"17b08923":59,"4b3e3b1c":65,"e81834aa":66,"e0f7679f":56,"88a30343":62,"fb44fa9c":70,"a8871ddf":61,"26c390d6":54,"f069bb07":59,"911e770b":61,"9147702f":53,"0fc5ac7e":78,"5a07fc2e":59,"778c95e9":60,"30d84dce":58,"4279e829":73,"f883d582":54,"1f11812e":58,"180377be":61,"58d46189":65,"30fdcd3b":59,"a81a857c":60,"75ffea08":64,"ba30e43a":69,"9bdf362a":53,"3fdb08f5":52,"aa021138":67,"c015ec5a":56,"4d35385e":57,"7080f122":54,"15620dca":69,"8f2a7d69":51,"5ee911b5":59,"db0a661e":62,"08a4c3f8":63,"d0e9a58e":51,"cfe72ead":52,"49bf2e95":46,"17807120":56,"aefe13f5":67,"c27969ec":64,"eed20185":67,"bc392d1c":52,"a0bc1ceb":54,"e6fac295":58,"25a7a0a3":62,"08c6b5d2":63,"09560615":50,"6d5fcd4c":61,"d39724bc":59,"11b74e63":54,"b3f19a69":61,"4258c176":57,"bec9d329":73,"67d30f2b":63,"e5b1abc6":61,"5eab91a0":65,"9a07d89b":67,"8f10fa42":67,"be3a10f8":64,"dc0c8b09":71,"2352c8ef":54,"a567ace4":61,"a85d89cc":61,"af7e5be8":63,"d7cb9bcf":60,"6a5b71b4":67,"619fda68":66,"4930f321":59,"d4ee22a4":68,"d8e58a8c":66,"da04caac":64,"91f7ef72":60,"fd482491":72,"d9d0c567":56,"906fdec3":53,"3f75d3bc":64,"5f7d7195":58,"c6c85783":71,"44a4f7cd":57,"8ec3834d":69,"794f652b":54,"650bb0e0":61,"36b7003c":78,"27d8bf51":62,"e2a7d915":63,"cd421290":60,"e21c6207":57,"5a622a23":55,"ab7467de":76,"655954ba":63,"c8dc010f":67,"972f4174":72,"e0154608":50,"9267f0ef":73,"80a8a56d":61,"36380d96":68,"e7abc88d":46,"be149c6f":62,"f94bf9ea":54,"71279c46":54,"39bbc4bc":76,"5270f158":57,"c318d350":62,"5781776a":69,"836701f6":54,"71ff66e8":55,"a24e6670":67,"437fc3ec":59,"013ee301":65,"b84a06eb":63,"66554572":50,"aec4e1bf":63,"b7cc7909":56,"5a734022":58,"5ac86fb9":61,"d744bee2":59,"d552eb2f":61,"6a3eaf43":60,"22234d6b":66,"9ab755d3":57,"af0b61ab":68,"0fc5ac7e":79,"bb98a6cf":77,"8942c35b":66,"4360a1a3":75,"58d46189":66,"902f49f5":66,"b6591e25":60,"66497c7e":61,"e1571af7":64,"df2b4d87":56,"ba30e43a":70,"859545e6":44,"ce3bf5db":57,"e32524d6":64,"ea6de194":56,"59431390":63,"6d802fa2":55,"8298e976":67,"fa55f27a":72,"5ee911b5":60,"554ebb83":57,"792c9b6a":50,"f1862e79":52,"b8397293":56,"d0b297b2":55,"4cc141fa":48,"946df4fd":62,"21ee2afe":69,"d1715f3b":62,"0e036ae9":76,"15620dca":70,"3f65f121":64,"88432019":58,"22176537":56,"677c6a09":74,"d39724bc":60,"e4c312fe":63,"ba586505":57,"7735c3c2":57,"f56ac638":50,"730a4938":64,"ec11fe5f":60,"eebc8d43":63,"fee32863":56,"7fdc2007":59,"f5e8dfee":65,"8063df14":52,"d78dd457":50,"07f98660":76,"0d7d88f1":54,"e57d5cda":75,"ffa08d82":65,"2ce1af05":54,"0785820e":68,"cf9f4757":44,"2c6cb96f":49,"a5fd8ffd":68,"088feee2":69,"a983a6dc":58,"aff8e442":58,"cf775f58":62,"913a6226":58,"92136ff5":60,"ded7da5a":63,"53747a91":67,"c45d554f":62,"07107f6e":67,"c382f054":63,"d548635d":58,"2b3c49b9":68,"69d4b754":59,"acac14fb":56,"4c4aa2e2":64,"dcf85091":52,"1e232870":68,"39a2fcce":56,"789bd484":60,"c98d5272":64,"24d24fa3":57,"9c58dd76":69,"2c24d929":68,"be1746a0":51,"4febf7c5":66,"5099c6a0":70,"317c1591":60,"6ce84ff8":53,"8e4c33d2":65,"dc583e64":59,"19f9ca86":74,"c93c3508":48,"60d6cee2":62,"288a2c43":61,"42c80e69":66,"af034fee":53,"7af9d3b1":66,"725dce8b":57,"313258f2":57,"3c0df8b4":64,"f789f6d8":76,"a851891c":51,"f3a0c2ee":59,"26c390d6":55,"0bd93cfd":46,"7db3edda":66,"f069bb07":60,"2c01e624":58,"7e991ab9":50,"835358a0":51,"8db62558":59,"142d6987":66,"31408822":57,"0c043224":68,"467773ac":59,"6e24d88b":63,"be40590d":61,"25776fc4":69,"4c39240e":58,"014460b9":76,"fbdffc95":53,"2af60749":67,"04ea5673":68,"868cda42":52,"e238f09b":61,"3c782bb3":63,"1438fad7":65,"1be05c14":52,"0d2c95fe":55,"e36dfd6f":53,"2cce4fb2":71,"cf84fb54":68,"336d0f08":63,"cd95f558":66,"8493f3b2":71,"0cb80f4a":63,"b2a8761b":60,"f9c15fcc":63,"49bf2e95":47,"ccdd1ce6":52,"d3e84616":74,"2cb29e5a":70,"ee75b607":65,"20811ddf":57,"ad2d7bed":65,"1a442bc7":59,"1c0a9eff":59,"04cc7cbe":55,"ae99df30":60,"dfcc2ad1":70,"05f6ab35":61,"2a76f1dd":48,"0e2b5d2f":61,"fe8f3d36":55,"25a2844e":67,"eb2e1983":57,"4f59a322":64,"76f94eda":63,"9c29f0ed":69,"ef14000f":71,"056ea7ff":63,"e57d5cda":76,"2ce1af05":55,"945b63f0":77,"9c045c61":62,"affb82bf":62,"3661e12d":56,"3007f31f":58,"c455f40e":54,"7d112f4d":63,"c650b434":70,"ccb5ea3e":52,"21ad2f34":54,"6bc5d32a":75,"bd984a8e":53,"9b172ca8":52,"4ed01268":58,"d1fe2868":58,"1b881e6e":74,"f2364460":78,"b88033fd":68,"24d24fa3":58,"cf52025e":55,"74e01f6a":62,"e8d74304":57,"dfc89705":64,"eed20185":68,"03c398d2":62,"09ff339a":48,"836701f6":55,"84369269":59,"527ff946":64,"3c18f28e":63,"b35bb8a1":53,"5e09f69e":67,"081460bf":64,"fe44fc6f":63,"906fdec3":54,"71ba7561":62,"65e4235b":67,"f789f6d8":77,"28654c76":73,"b28a5e67":66,"dc473de1":56,"64db4feb":71,"6632fed0":71,"aaa274a5":60,"a625328f":66,"7db3edda":67,"a6626a13":54,"3c6692a3":65,"2a06ab95":69,"50c3164b":68,"c382f054":64,"4e3f5178":63,"a4296d1e":63,"3498f223":55,"a3253019":63,"6f81493d":58,"0c0e98ea":49,"56d315d8":49,"180377be":62,"61f25dd4":74,"ddec9e54":55,"94a2fe10":66,"5f620a1e":75,"3bad3c95":43,"08a06557":80,"7e76c93c":68,"aa021138":68,"92f800f5":58,"3fdb08f5":53,"d599b566":79,"3c43e8a2":68,"1951480c":68,"f2470875":65,"5270f158":58,"0114160e":64,"159ffd0b":39,"1f88a4b7":70,"8b2b601d":63,"de36827b":75,"e8f173b5":56,"a8871ddf":62,"3d1af513":76,"5f8517b7":77,"8d000d6e":57,"8c6e001f":50,"f9c15fcc":64,"2e99f8fd":53,"379184a7":69,"4258c176":58,"3b2dee89":62,"7f6d1d0e":71,"6841f77e":72,"730a4938":65,"bb00e71c":53,"7fef9973":69,"30c184b8":63,"2a76f1dd":49,"8f10fa42":68,"f5e8dfee":66,"fe8f3d36":56,"9d023afb":68,"cd522166":77,"ac030e74":57,"d2466211":72,"c803b4a3":58,"51f57142":71,"dfa1a89b":56,"6d339d45":58,"f5596d0f":69,"d6320619":68,"affb82bf":63,"b9a48a5c":48,"261c9911":66,"92136ff5":61,"93e8cee5":69,"dfc89705":65,"6ebe2354":49,"c6e3d352":66,"59c1e594":71,"87ce8d1d":51,"2d382981":62,"27c8e038":68,"6e98dfda":64,"77bae750":49,"d957f027":55,"48efc739":72,"8ec3834d":70,"5f7d7195":59,"c98d5272":65,"43d87483":63,"0bfabf48":60,"95539a58":43,"cf9f4757":45,"a901627e":53,"f905a555":57,"74c26380":57,"1d44aff3":65,"abc1d7ad":64,"6e44927f":50,"012de09c":53,"64db4feb":72,"dc473de1":57,"bfcb912a":65,"40860a4b":48,"2132fe93":70,"4911acad":45,"e4714415":71,"dd7acb96":64,"0bd93cfd":47,"92efd84f":64,"21ad2f34":55,"25e0dd3d":67,"dbc9df44":51,"4eed1bea":64,"1a68160d":64,"f4343817":56,"5be594be":62,"53431634":78,"4e3f5178":64,"288d171f":56,"c382f054":65,"4360a1a3":76,"0c0e98ea":50,"180377be":63,"40a745c0":67,"9316e7e8":46,"f883d582":55,"655941a0":69,"e5d3655c":68,"aab4d996":64,"57167c74":66,"df2b4d87":57,"88b3bc99":61,"383e232d":59,"aa5dfdf5":66
1604737491954,"f4726450":55,"8274885a":61,"c95719e5":52,"fe1d4419":68,"25635c37":58,"e7773397":54,"09f0db62":86,"5099c6a0":71,"e0f7679f":57,"7732eb1e":82,"e8f173b5":57,"3310a049":70,"e81834aa":67,"54a676d6":55,"1be05c14":53,"36fb15d2":58,"9260d96b":74,"d0b297b2":56,"06073f13":67,"db0a661e":63,"5f8517b7":78,"fa55f27a":73,"e0e48a2d":65,"79be29c8":59,"93b0a158":62,"ae99df30":61,"4b125e7b":66,"9b546d65":57,"95d331b1":48,"7f6d1d0e":72,"be3a10f8":65,"9a07d89b":68,"a0685bf3":78,"0e2b5d2f":62,"30c184b8":64,"18815a1b":62,"6de0aaac":50,"88432019":59,"a77e8461":51,"30dd2edc":62,"ef8321d8":58,"7080f122":55,"b320feb9":61,"a577db1c":52,"b7505747":64,"cac4449a":45,"24d24fa3":59,"bad6cdb1":57,"c609739e":64,"e6fac295":59,"73b15e04":56,"a636f4c9":74,"789bd484":61,"a9b1bd51":47,"2a387957":73,"f66616b7":53,"66d94227":49,"97e75c19":73,"d78dd457":51,"ad303bda":68,"91536e85":71,"8fb236a9":57,"87083264":65,"621d6b18":69,"9fce073c":64,"10ec5a0b":61,"7896b953":60,"83b2f9c5":67,"dc03ebd2":79,"012de09c":54,"69eeae0d":66,"8a165e17":62,"dd035d2a":55,"bda8cdfb":67,"e4714415":72,"d6d61bfc":72,"4911acad":46,"7af9d3b1":67,"64db4feb":73,"2132fe93":71,"6632fed0":72,"a0ce82b4":69,"e2a7d915":64,"4dac6b20":51,"79e4fa1c":55,"da3437cd":51,"104721f0":60,"3b7763b1":50,"51c57542":66,"1a68160d":65,"be2955bb":65,"3498f223":56,"8e780922":58,"754f98c9":65,"8e99d5d0":63,"906632cb":51,"cd3bbe7e":68,"20e470e0":59,"059d6c19":77,"0af920d8":47,"0c043224":69,"31408822":58,"d3a669ac":73,"3062379b":48,"a6626a13":55,"88b3bc99":62,"d0d6acb1":61,"778c95e9":61,"6ce84ff8":54,"5099c6a0":72,"b769bdfb":67,"a40846b7":63,"26f99a1e":63,"93ac9ca3":54,"77d35808":63,"e7e82473":76,"bbe71605":57,"66554572":51,"05642105":58,"6c73ae98":60,"fb44fa9c":71,"6291e9e9":64,"379184a7":70,"84b67924":60,"37d0cae2":63,"c0b23081":68,"5b5fc566":53,"4652b09a":70,"1bc0591f":70,"d929098e":48,"2a76f1dd":50,"8f10fa42":69,"9d4f1fe6":52,"ef8321d8":59,"c0b0f492":71,"65a00a3c":64,"e5d3655c":69,"719c8869":74,"2154b6e8":57,"dac109cf":54,"ce3bf5db":58,"bb99c79c":62,"b946e146":75,"792c9b6a":51,"e0e6a097":56,"de11eb19":72,"761cf820":58,"8c6e001f":51,"554ebb83":58,"a43061ee":51,"a5aee5de":72,"6ebe2354":50,"73b15e04":57,"f1098793":66,"23080895":50,"bad6cdb1":58,"a77e8461":52,"18815a1b":63,"6d339d45":59,"f2f58418":58,"84369269":60,"b88033fd":69,"a939b50b":59,"97e75c19":74,"a567ace4":62,"1bb4ccc0":62,"11b2c8d9":52,"a66a2d8a":63,"1105f790":68,"9496f56f":65,"e28c2efc":57,"6034b6d0":66,"ad303bda":69,"b73e789c":60,"d4ee22a4":69,"6f39f4d9":77,"fafb4cc2":86,"5f0c1b9d":74,"345c9967":62,"52eca0dc":62,"195eb771":61,"56473430":68,"ef8987d7":61,"0670c466":62,"48efc739":73,"b8ab8e6e":62,"c852d240":60,"bb8a6337":55,"03b4ab60":63,"ed4fad08":65,"0149e11a":51,"f734c84c":78,"ded7da5a":64,"ecfa8249":63,"efe84c27":49,"c45d554f":63,"e0154608":51,"d25e0f8d":61,"f4343817":57,"c382f054":66,"0dad37d5":64,"c85a0d80":67,"d34a29b9":64,"c7313e0a":65,"a68a93b2":54,"655941a0":70,"26ed1a5c":58,"227006e4":62,"014bdff0":68,"e238f09b":62,"60e855ee":64,"09ff339a":49,"971675c5":72,"c95719e5":53,"25635c37":59,"8cf83787":56,"59431390":64,"6a60348e":62,"05642105":59,"6db0ea86":57,"84b767be":72,"730338c4":77,"f94bf9ea":55,"fd07e0ed":61,"6632fed0":73,"7028b044":60,"1f7607df":46,"fb7482fe":60,"1f342a00":69,"142d6987":67,"3f9b5722":50,"059d6c19":78,"d033db8d":59,"24ffcbd3":71,"e32524d6":65,"4777334c":57,"b5ce0c0c":67,"e3547548":44,"c8fcad77":62,"719c8869":75,"546f6845":69,"172217e5":64,"53a8613c":75,"ac38a6a5":66,"12012fbd":64,"8dd2684c":64,"49910300":61,"b4fdf90e":61,"00554ffd":69,"17b08923":60,"b377a62a":55,"d0e9a58e":52,"ef16ca37":60,"3a1b9af5":52,"de11eb19":73,"04612878":66,"a0bc1ceb":55,"cac4449a":46,"0eaf08da":69,"a0b03218":68,"59c1e594":72,"aefe13f5":68,"8cc4a982":52,"d815c5b4":72,"82204d54":57,"87c462ee":59,"20958d58":56,"78b97937":67,"1757a30e":53,"67d30f2b":64,"4c0e547b":55,"6ee92259":68,"5f4102da":67,"11b2c8d9":53,"1a442bc7":60,"04bef50c":42,"fef750ca":66,"9496f56f":66,"7e95c5a0":45,"abd32136":63,"1dad0f99":64,"056ea7ff":64,"2ce1af05":56,"71e53c93":68,"10ec5a0b":62,"f3a0c2ee":60,"6e44927f":51,"3c0df8b4":65,"527ff946":65,"37fbb107":69,"84369269":61,"6e98dfda":65,"36684155":61,"c81b2bcf":58,"48efc739":74,"5a734022":59,"9f5e6cba":70,"13747b82":62,"72805bf5":53,"5774ac0d":72,"2132fe93":72,"42c80e69":67,"3e082b37":60,"f6fe095d":82,"83086d4c":56,"59431390":65,"363590c7":60,"a0cca8b7":57,"b6ee137a":60,"4c4aa2e2":65,"ab7467de":77,"4e3f5178":65,"40e79dd3":55,"d34a29b9":65,"a0ce82b4":70,"470d50c2":65,"913a6226":59,"145c7559":66,"cd421290":61,"6b78ad7f":71,"9267f0ef":74,"30fdcd3b":60,"00a481e3":65,"95904ac4":77,"db8ba455":72,"fd07e0ed":62,"f271ed5d":59,"0d2a1c58":54,"272c7672":61,"e58b26f6":61,"884b0ad1":63,"c793cdda":57,"12dd6f5e":56,"142d6987":68,"751bcf25":59,"66b7b5b4":58,"e1571af7":65,"4577b333":65,"58d46189":67,"75ffea08":65,"ca7d47f7":67,"dbd2f139":70,"df2b4d87":58,"20e470e0":60,"4fd645f1":48,"859545e6":45,"25a7a0a3":63,"945b63f0":78,"6de0aaac":51,"45fb95c1":69,"26f99a1e":64,"0b3283c9":68,"26009d3f":60,"dc583e64":60,"3c782bb3":64,"d9dcdc4b":75,"e36dfd6f":54,"06073f13":68,"a24e6670":68,"358e45b1":74,"d33790a2":71,"336d0f08":64,"8f2a7d69":52,"064a99c8":58,"36fb15d2":59,"b6aaf976":69,"8c6e001f":52,"ad8f85d6":69,"946df4fd":63,"b460f030":73,"87ce8d1d":52,"9e206c95":75,"f87c5031":52,"3661e12d":57,"bf30a08f":69,"4b125e7b":67,"78b97937":68,"9d4f1fe6":53,"2bcca6a7":79,"0042f6eb":73,"e4c312fe":64,"1105f790":69,"6c20c153":57,"a59a8290":57,"6b82b527":55,"dfcc2ad1":71,"e356abf1":68,"be3a10f8":66,"cc5a1d47":54,"a85d89cc":62,"1dad0f99":65,"67c57de4":91,"8fb236a9":58,"7566fdd6":64,"2b698053":58,"d8e58a8c":67,"6e44927f":52,"da04caac":65,"7ae34c64":64,"5f0c1b9d":75,"cf1b8c47":66,"dd035d2a":56,"c81b2bcf":59,"23760167":48,"90d52475":59,"48efc739":75,"d5557fb4":65,"aff8e442":59,"ccf8b803":52,"c852d240":61,"6867261a":56,"5f6613c8":54,"a1370ab0":63,"031e488e":61,"0ecfa1c9":60,"aec4e1bf":64,"7b6a7048":69,"20777945":59,"daab45c6":61,"5fa12feb":62,"cb51f134":65,"4e5aaaec":55,"d34a29b9":66,"fb8bfb36":79,"2e3503e4":59,"261c9911":67,"a3253019":64,"8e780922":59,"168e75d9":58,"c5b35e4d":59,"cc11fef9":67,"4279e829":74,"3f9b5722":51,"430a5db5":76,"bad6cdb1":59,"5623817d":65,"ea9bba6b":53,"971675c5":73,"3f2522c2":67,"a40846b7":64,"19f9ca86":75,"fb7b7b3c":74,"de36827b":76,"820225e4":49,"f4726450":56,"778c95e9":62,"98915a1f":47,"3062379b":49,"4bcd4a30":78,"6a3eaf43":61,"fd369c21":66,"110b1ee3":69,"d70ca4f4":71,"6e24d88b":64,"e1571af7":66,"c4e70c07":59,"ba30e43a":71,"7e76c93c":69,"ca7d47f7":68,"a33fe0dd":72,"ffc86f94":58,"36d340f2":60,"28d41578":59,"e81834aa":68,"1db42092":71,"b36a0d66":50,"3c782bb3":65,"9e878ec2":77,"d0e9a58e":53,"d33790a2":72,"db0a661e":64,"3a1b9af5":53,"00554ffd":70,"36fb15d2":60,"bad6cdb1":60,"99d130c9":70,"12a2cd4b":70,"c6e3d352":67,"a0b03218":69,"7d6895f4":59,"945b63f0":79,"d1715f3b":63,"bc021def":73,"172217e5":65,"f87c5031":53,"ee75b607":66,"bf30a08f":70,"1105f790":70,"95d331b1":49,"7af262e5":67,"7f6d1d0e":73,"8f10fa42":70,"cb4f262b":69,"1a442bc7":61,"a8c93bed":65,"d4d5f466":66,"9d023afb":69,"8b5a8e9f":78,"78467b8a":68,"ac030e74":58,"ba938220":56,"d7cb9bcf":61,"7a4c064c":66,"ffa08d82":66,"8fb236a9":59,"cf9f4757":46,"3c0df8b4":66,"d9a64845":59,"c6c85783":72,"c67979e6":74,"aff8e442":60,"93fdbb44":52,"37fbb107":70,"cf775f58":63,"a9b1bd51":48,"b230e8d3":63,"9b3f8714":62,"ecfa8249":64,"8f9b74b0":52,"5a622a23":56,"18d20aa1":58,"bfad1727":61,"e1f0dbfd":63,"3007f31f":59,"9b172ca8":53,"a4296d1e":64,"6fb4cdda":67,"7f86be64":63,"cb51f134":66,"ab7d4c9a":56,"5e193fc8":66,"a1370ab0":64,"03c398d2":63,"26c6fa34":57,"6b79fec2":54,"3f2522c2":68,"83086d4c":57,"b1f58563":61,"e7773397":55,"971675c5":74,"c318d350":63,"74e3d13e":64,"6df0b2e8":78,"68562193":50,"f94bf9ea":56,"4abb7aed":57,"7ae34c64":65,"906fdec3":55,"a472532e":55,"f789f6d8":78,"eb7b4e29":58,"fd369c21":67,"72d7b461":62,"39ba00f0":60,"e58b26f6":62,"98915a1f":48,"c793cdda":58,"f4634d0b":52,"180377be":64,"110b1ee3":70,"6f81493d":59,"f883d582":56,"cd3bbe7e":69,"5ccf94d6":60,"c015ec5a":57,"c4e70c07":60,"b7505747":65,"25776fc4":70,"4c39240e":59,"c8fcad77":63,"9bdf362a":54,"95bc84f1":57,"0d2c95fe":56,"28d41578":60,"0b5a0408":57,"d36125db":73,"489a39f7":55,"045f280d":64,"1b153aef":60,"b4fdf90e":62,"db0a661e":65,"d33790a2":73,"2e99f8fd":54,"e0e6a097":57,"1bd5b20b":64,"a0bc1ceb":56,"ccdd1ce6":53,"3661e12d":58,"945b63f0":80,"d4d5f466":67,"d815c5b4":73,"eebc8d43":64,"a502c93c":58,"1757a30e":54,"13b53c7a":64,"0f89862c":65,"bb00e71c":54,"a59a8290":58,"95d331b1":50,"b3f19a69":62,"7bda83dd":62,"2bcca6a7":80,"6c524f99":50,"30b6808c":56,"c803b4a3":59,"87cd2add":59,"ffa08d82":67,"93b9fae6":58,"7a4c064c":67,"affb82bf":64,"546f6845":70,"ac38a6a5":67,"0277d748":80,"e99318a3":53,"faf3ed07":58,"a1921150":70,"cb6c9e42":78,"5f7d7195":60,"d1fe2868":59,"99e171db":64,"40e79dd3":56,"a0ce82b4":71,"547903ef":67,"df81ddee":55,"2209903e":63,"0149e11a":52,"f4343817":58,"efe84c27":50,"104721f0":61,"a836aa93":63,"e9679ede":57,"1247fa52":63,"69d4b754":60,"cb51f134":67,"c609739e":65,"9fc713b0":63,"ac62fac2":70,"35b58ef9":54,"b460f030":74,"26c6fa34":58,"e45b4b53":50,"f5cd79c1":53,"3712c4bd":57,"a58bf525":58,"5b60dd1d":66,"aec4e1bf":65,"162a7348":68,"a1370ab0":65,"40860a4b":49,"d2466211":73,"c91966ce":57,"00a481e3":66,"91f7ef72":61,"aa867541":50,"7896b953":61,"fd482491":73,"537634c9":51,"12534561":54,"5ac86fb9":62,"0ecfa1c9":61,"aaa274a5":61,"d552eb2f":62,"5747db6e":65,"0fc5ac7e":80,"f4726450":57,"b947257e":71,"284544ba":68,"9316e7e8":47,"0c043224":70,"30dbfc69":58,"bb98a6cf":78,"ddec9e54":56,"74f234c6":56,"a68a93b2":55,"e1571af7":67,"ce3bf5db":59,"24ffcbd3":72,"7e76c93c":70,"9e65c0ef":58,"0b959527":58,"c015ec5a":58,"f2470875":66,"004f1ef3":68,"a6bcb07e":68,"a8871ddf":63,"3c782bb3":66,"a24e6670":69,"88a30343":63,"1be05c14":54,"ce4da56f":62,"cd95f558":67,"ea274174":64,"d33790a2":74,"336d0f08":65,"554ebb83":59,"d0e9a58e":54,"45b038bb":84,"9d4f1fe6":54,"93b0a158":63,"82204d54":58,"dfcc2ad1":72,"7f6d1d0e":74,"92ca52b7":60,"1757a30e":55,"5acce642":64,"bd62d7ed":54,"05f6ab35":62,"f56ac638":51,"9b546d65":58,"1a442bc7":62,"50b558a7":53,"7a840529":42,"8cc4a982":53,"8547fbc2":60,"be4f8ba8":57,"a77e8461":53,"9c045c61":63,"9a467a82":62,"ef8321d8":60,"90d52475":60,"48efc739":76,"d957f027":56,"c67979e6":75,"0a96f57a":70,"44ff8baa":57,"df81ddee":56,"e21c6207":58,"261c9911":68,"7e8e1c3d":56,"3ef7432b":69,"685207b3":66,"1a2c020b":56,"6fb4cdda":68,"04643409":67,"742f1425":59,"01cd8099":62,"b7df1559":66,"6be9332a":62,"6ebe2354":51,"a0bc1ceb":57,"aa00769b":74,"004f1ef3":69,"ce3407dd":64,"aff8e442":61,"f7231212":62,"7fb4c521":57,"6a5b71b4":68,"619fda68":67,"cb142908":54,"87083264":66,"a901627e":54,"fe44fc6f":64,"b28a5e67":67,"45b5746e":61,"aa76bc50":56,"d9d0c567":57,"da04caac":66,"71279c46":55,"5f6613c8":55,"57d5dee8":69,"e4714415":73,"725dce8b":58,"68562193":51,"288a2c43":62,"7e991ab9":51,"72d7b461":63,"5747db6e":66,"2f455cce":62,"bca2d7cd":59,"778c95e9":63,"0d2a1c58":55,"3498f223":57,"9b172ca8":54,"0da28f5b":63,"8e780922":60,"d70ca4f4":72,"4ee62a26":57,"30dbfc69":59,"7cd0ad7b":72,"f4634d0b":53,"74f234c6":57,"059d6c19":79,"805af3c7":60,"ea6de194":57,"9e65c0ef":59,"49b358bd":61,"7043382d":65,"0f029727":59,"df2b4d87":59,"f5cd79c1":54,"016953e4":73,"82868763":57,"317c1591":61,"5b60dd1d":67,"9a3cc55d":49,"95bc84f1":58,"8aa78e2f":53,"0b5a0408":58,"a4dafea5":57,"8298e976":68,"489a39f7":56,"07fc4a9a":62,"379184a7":71,"7a6aa4b6":62,"6f0fcb9d":69,"c7c4ec5c":47,"b8397293":57,"5acaa06f":46,"02d4753e":73,"88ce179e":72,"25a2844e":68,"b0869206":62,"478d2d4f":75,"935ec056":53,"4c0e547b":56,"fef750ca":67,"ae99df30":62,"b102f7bd":72,"ee21ad02":68,"6c20c153":58,"c463799d":71,"a0685bf3":79,"e356abf1":69,"8cc4a982":54,"eeaa2d46":60,"3454fa2b":59,"dfa1a89b":57,"f5596d0f":70,"6cba74ce":59,"945b63f0":81,"c8dc010f":68,"4eed1bea":65,"07107f6e":68,"79e4fa1c":56,"26dd2000":67,"9d0546ac":57,"5f7d7195":61,"77bae750":50,"a939b50b":60,"0f1ac912":47,"8ec3834d":71,"812b4f15":58,"b6aaf976":70,"17807120":57,"12271e14":59,"2c24d929":69,"12a2cd4b":71,"0eaf08da":70,"d957f027":57,"f2364460":79,"053f3451":63,"10ec5a0b":63,"ef91eaae":50,"93b9fae6":59,"f1df62b4":61,"0bfabf48":61,"8fb236a9":60,"28654c76":74,"61145ec9":73,"43bc86e3":61,"6023df54":61,"7c0a2db6":68,"a472532e":56,"d9d0c567":58,"bfcb912a":66,"deb31f35":68,"6df0b2e8":79,"c4bff41f":58,"031e488e":62,"5a734022":60,"a47abfbb":55,"911e770b":62,"70bc8325":58,"cbb54a0a":55,"8f9b74b0":53,"c4feee5b":61,"be2955bb":66,"8e99d5d0":64,"f2086446":69,"6fb4cdda":69,"655954ba":64,"d34a29b9":67,"db703021":52,"c2bb8aae":58,"430a5db5":77,"906632cb":52,"20e470e0":61,"381c68fa":66,"b6591e25":61,"d9d7c4c2":66,"c015ec5a":59,"859545e6":46,"f8b31ce5":79,"638cb163":82,"312f7676":68,"014bdff0":69,"1951480c":69,"25635c37":60,"578f6e9e":69,"8274885a":62,"9a3cc55d":50,"0114160e":65,"95bc84f1":59,"17b08923":61,"32c9fc47":54,"d6db2b02":68,"489a39f7":57,"0d2c95fe":57,"336d0f08":66,"b8397293":58,"92d38723":70,"6751d8e4":73,"3062379b":50,"8657c79d":77,"50c3164b":69,"c0b23081":69,"f2e3c0e3":53,"6c524f99":51,"a502c93c":59,"c510bfd3":74,"3b2dee89":63,"7f6d1d0e":75,"9b546d65":59,"4652b09a":71,"7af262e5":68,"6b82b527":56,"d78dd457":52,"dfa1a89b":58,"d3e84616":75,"12012fbd":65,"a77e8461":54,"08c6b5d2":64,"15620dca":71,"af157d29":67,"d141db49":56,"57167c74":67,"bc09fa9e":60,"daab45c6":62,"1ff8c2fc":63,"6f0fcb9d":70,"d0c0fc08":61,"8323d333":54,"a43061ee":52,"6ebe2354":52,"9c58dd76":70,"a5aee5de":73,"b2bd8fd3":60,"481754fc":53,"bc392d1c":53,"50d129cf":58,"254cc28c":71,"84369269":62,"b88033fd":70,"a9b1bd51":49,"bad1a1cc":55,"c67979e6":76,"4258c176":59,"9d023afb":70,"6f39f4d9":78,"50c468ba":59,"629800eb":72,"c803b4a3":60,"2ce1af05":57,"4f59a322":65,"db8ba455":73,"d2466211":74,"537634c9":52,"195eb771":62,"abc1d7ad":65,"ec110282":62,"313258f2":58,"6e44927f":53,"17446892":56,"aa9ea5e8":57,"4911acad":47,"61d4782d":64,"03b4ab60":64,"1ed46298":70,"dcfaba4c":57,"7d112f4d":64,"4eed1bea":66,"2b3c49b9":69,"efd23af5":59,"f4343817":59,"6b78ad7f":72,"104721f0":62,"3498f223":58,"704bce0d":62,"d548635d":59,"168e75d9":59,"1247fa52":64,"110b1ee3":71,"66b7b5b4":59,"b6591e25":62,"5ccf94d6":61,"f4634d0b":54,"6e24d88b":65,"ddec9e54":57,"5a07fc2e":60,"27f52ed3":80
1604737492901,"44c77422":67,"2af60749":68,"0f029727":60,"57167c74":68,"014460b9":77,"4fd645f1":49,"0b959527":59,"54d7de6b":70,"00cf385d":71,"9cb4697f":65,"82204d54":59,"bf30a08f":71,"1745a0f4":64,"c8dc010f":69,"93e8cee5":70,"913a6226":60,"2ad42a9e":59,"201cafad":57,"bfad1727":62,"a58bf525":59,"3f2522c2":69,"f2470875":67,"695a2b92":61,"dc583e64":61,"8274885a":63,"11888cfa":60,"cf84fb54":69,"e8f173b5":58,"1138796e":61,"49910300":62,"8298e976":69,"06ddafc7":58,"debe1f65":72,"8e780922":61,"ae99df30":63,"1bc0591f":71,"ee21ad02":69,"a66a2d8a":64,"9b546d65":60,"93b0a158":64,"8007f30e":45,"dc0c8b09":72,"e57d5cda":77,"ef91eaae":51,"d7cb9bcf":62,"af7e5be8":64,"ae95f2ba":76,"9496f56f":67,"7566fdd6":65,"012de09c":55,"52eca0dc":63,"a15713c6":69,"d8e58a8c":68,"91f7ef72":62,"83b2f9c5":68,"a5676c24":60,"79f04300":62,"5e193fc8":67,"b215547b":58,"0da28f5b":64,"69134f07":61,"dbc9df44":52,"ddec9e54":58,"cf1124db":59,"3b690f68":75,"f883d582":57,"d033db8d":60,"8db62558":60,"dbd2f139":71,"d9d7c4c2":67,"57167c74":69,"2045d7d6":56,"b7407bd3":58,"40569362":68,"8c6e001f":53,"c7c4ec5c":48,"f9c15fcc":65,"b4fdf90e":63,"fa55f27a":74,"cf52025e":56,"74e01f6a":63,"a636f4c9":75,"ae8a09c4":67,"23080895":51,"87ce8d1d":53,"0f72f2d8":61,"65a00a3c":65,"5ab7bc35":67,"92f800f5":59,"ce3bf5db":60,"b7832271":59,"7028b044":61,"9fa62fee":60,"3c6692a3":66,"fd369c21":68,"85de05f2":64,"82868763":58,"c318d350":64,"83086d4c":58,"f6fe095d":83,"71ff66e8":56,"8274885a":64,"a40846b7":65,"f044c0e1":49,"d9dcdc4b":76,"e36dfd6f":55,"e8f173b5":59,"de36827b":77,"b84a06eb":64,"f5829ac0":62,"da3437cd":52,"4e5aaaec":56,"4295ce9a":72,"d25e0f8d":62,"7e8e1c3d":57,"51c57542":67,"69d4b754":61,"91b28f83":64,"16b476e9":52,"7f6d1d0e":76,"8b5a8e9f":79,"2882a956":69,"25a2844e":69,"7735c3c2":58,"78b97937":69,"4258c176":60,"bd62d7ed":55,"dfcc2ad1":73,"ae99df30":64,"b87158fb":70,"fef750ca":68,"9fce073c":65,"7e95c5a0":46,"ef91eaae":52,"d83294cd":63,"67c57de4":92,"869cbaa0":71,"b9be31d6":58,"49cb2959":66,"a5676c24":61,"ef8987d7":62,"abc1d7ad":66,"2dd0e808":65,"a15713c6":70,"dd035d2a":57,"69134f07":62,"80a8a56d":62,"8e780922":62,"2e3503e4":60,"1247fa52":65,"2a06ab95":70,"ac38a6a5":68,"22ecaed0":55,"315537b2":55,"49902219":71,"8dd2684c":65,"08c6b5d2":65,"4d35385e":58,"104721f0":63,"db703021":53,"1a2ec5d7":67,"93683c82":61,"7cd0ad7b":73,"56d315d8":50,"5ccf94d6":62,"be40590d":62,"d0e9a58e":55,"9260d96b":75,"8d000d6e":58,"554ebb83":60,"288afc30":58,"1bd5b20b":65,"a533489b":73,"4febf7c5":67,"bad6cdb1":61,"ae8a09c4":68,"73b15e04":58,"8eb64769":59,"6ebe2354":53,"3bad3c95":44,"b7505747":66,"ba30e43a":72,"24ffcbd3":73,"04ea5673":69,"ce3bf5db":61,"3fdb08f5":54,"b88033fd":71,"2a387957":74,"36684155":62,"aff8e442":62,"815e4582":66,"bf822e33":63,"f4b2f575":51,"64db4feb":74,"a47abfbb":56,"c9efc8f6":65,"32133249":66,"bc3dc66a":67,"dc473de1":58,"a2c334e7":79,"3062379b":51,"d3a669ac":74,"de6213c7":66,"be1746a0":52,"5b60dd1d":68,"695a2b92":62,"2203f259":68,"25635c37":61,"09f0db62":87,"8274885a":65,"437fc3ec":60,"26009d3f":61,"1be05c14":55,"69f3bfcc":59,"e7e82473":77,"bb00e71c":55,"d815c5b4":74,"e35a63cd":63,"13b53c7a":65,"d1d40c9c":67,"dfcc2ad1":74,"20811ddf":58,"753ca352":53,"afe8e06a":52,"51a3e9c2":65,"0bfabf48":62,"aa187e3b":56,"9a07d89b":69,"87083264":67,"cb142908":55,"5f96c2bc":48,"87c462ee":60,"a66a2d8a":65,"0fc5ac7e":81,"084cbc0b":58,"84b767be":73,"d552eb2f":63,"6d5fcd4c":62,"140ce69e":65,"25a7a0a3":64,"a77e8461":55,"7080f122":56,"623c6a31":62,"9c045c61":64,"5fa12feb":63,"f121b82c":68,"704bce0d":63,"27d8bf51":63,"d34a29b9":68,"c45d554f":64,"e1618359":67,"18d20aa1":59,"5c82d1ce":60,"8e99d5d0":65,"34c5c729":58,"53747a91":68,"90a06ee9":67,"feb67030":53,"58d46189":68,"5272520d":63,"dae0f922":64,"8d753bb6":54,"32c9fc47":55,"5678ed7b":78,"d0c0fc08":62,"7a6aa4b6":63,"ea274174":65,"1bd5b20b":66,"408bb2ed":47,"288afc30":59,"336d0f08":67,"db703021":54,"906632cb":53,"3f9b5722":52,"be40590d":63,"95904ac4":78,"9a3ab0b8":51,"869cbaa0":72,"95539a58":44,"7ae34c64":66,"43d87483":64,"00a481e3":67,"ef8987d7":63,"f3a0c2ee":61,"da04caac":67,"9e65c0ef":60,"014460b9":78,"1623fc9f":57,"dac109cf":55,"d6f0d94a":50,"638cb163":83,"a33fe0dd":73,"91d52a55":66,"254cc28c":72,"a939b50b":61,"bda8cdfb":68,"9d9dd9e5":57,"bad1a1cc":56,"59c1e594":73,"792cfcbd":51,"01cd8099":63,"c609739e":66,"35b58ef9":55,"bad6cdb1":62,"4febf7c5":68,"a58bf525":60,"971675c5":75,"83086d4c":59,"ea9bba6b":54,"26f99a1e":65,"6b79fec2":55,"fb7b7b3c":75,"abad2347":59,"d815c5b4":75,"5acce642":65,"aa187e3b":57,"8721056e":50,"eb2e1983":58,"11b74e63":55,"a66a2d8a":66,"e4117b3b":45,"fea793f5":63,"e35a63cd":64,"7bda83dd":63,"9d023afb":71,"bd62d7ed":56,"753ca352":54,"9aa6a054":54,"c803b4a3":61,"30b6808c":57,"2b698053":59,"1dad0f99":66,"9fce073c":66,"25e0dd3d":68,"efd23af5":60,"b6ee137a":61,"92136ff5":62,"21e10a2b":54,"df81ddee":57,"40e79dd3":57,"bd984a8e":54,"6e851762":56,"31f6ba51":60,"1634789b":65,"deb31f35":69,"2c627253":59,"bb8a6337":56,"6a3eaf43":62,"5a734022":61,"98915a1f":49,"9b3f8714":63,"f069bb07":61,"5ac86fb9":63,"5f6613c8":56,"3c6692a3":67,"7e991ab9":52,"12dd6f5e":57,"bc021def":74,"53a8613c":76,"fd6dcb20":54,"315537b2":56,"140ce69e":66,"d2a841c9":51,"1a2c020b":57,"a836aa93":64,"69134f07":63,"53431634":79,"470d50c2":66,"90a06ee9":68,"b2703001":56,"411b5027":62,"69f3bfcc":60,"013ee301":66,"b552beb3":59,"fb44fa9c":72,"45fb95c1":70,"4ba6eb36":68,"8323d333":55,"3652bd66":60,"fa55f27a":75,"02d4753e":74,"332820ce":67,"49bf2e95":48,"f1b493de":70,"026766f3":52,"180377be":65,"f883d582":58,"0af920d8":48,"d9d0c567":59,"dc03ebd2":80,"3f75d3bc":65,"6023df54":62,"28654c76":75,"cf1b8c47":67,"8db5a165":50,"a4f1d83b":64,"7cd0ad7b":74,"d9f512b9":69,"c7636527":58,"d141db49":57,"7e76c93c":71,"75ffea08":66,"b7505747":67,"8f13c203":61,"93fdbb44":53,"5d087c79":66,"088feee2":70,"842c8340":53,"04643409":68,"5339e1e9":62,"794f652b":55,"be149c6f":63,"a6003226":58,"35aa7fd0":72,"ed4fad08":66,"725dce8b":59,"8cddb65e":67,"a1370ab0":66,"2198ba8e":62,"ad8f85d6":70,"eed20185":69,"03c398d2":64,"12a2cd4b":72,"2d382981":63,"13f0e139":60,"016953e4":74,"c95719e5":54,"83086d4c":60,"77d35808":64,"935ec056":54,"bec9d329":74,"abad2347":60,"bd2705b0":74,"eebc8d43":65,"fead11cf":56,"88ce179e":73,"1bb4ccc0":63,"c463799d":72,"7ee7621c":61,"6c524f99":52,"30c184b8":65,"a567ace4":63,"20958d58":57,"056ea7ff":65,"e28c2efc":58,"8fb236a9":61,"0d7d88f1":55,"77bfed7e":64,"27d8bf51":64,"ded7da5a":65,"8ea21393":60,"3b7763b1":51,"51c57542":68,"6a3eaf43":63,"84b67924":61,"5747db6e":67,"22234d6b":67,"272c7672":62,"6e851762":57,"c0e2624b":54,"fd6dcb20":55,"1d153b20":63,"9a467a82":63,"22176537":57,"175bc6b2":57,"3f65f121":65,"5a622a23":57,"ab7467de":78,"f3992a31":66,"c5b35e4d":60,"a4296d1e":65,"b2c25d1c":62,"b3863630":54,"168e75d9":60,"69d4b754":62,"dc583e64":62,"1da771fb":60,"93ac9ca3":55,"f044c0e1":50,"a8871ddf":64,"32c9fc47":56,"88a30343":64,"0be540c5":59,"b2703001":57,"90731976":56,"1b153aef":61,"288afc30":60,"2e99f8fd":55,"c7c4ec5c":49,"b2a8761b":61,"b35e9e1a":88,"0cb80f4a":64,"cc11fef9":68,"9f74b8a4":54,"d5059415":60,"3c0df8b4":67,"00a481e3":68,"a0cf08b3":55,"28654c76":76,"a15713c6":71,"aa76bc50":57,"f905a555":58,"4279e829":75,"e62d705f":55,"56d315d8":51,"751bcf25":60,"b7434f57":55,"7a9344a4":72,"0b959527":60,"cc6bbe45":55,"ba30e43a":73,"416a9e97":58,"b88033fd":72,"23760167":49,"4ed01268":59,"bf822e33":64,"04643409":69,"36b7003c":79,"f4b2f575":52,"bb8a6337":57,"4911acad":48,"a2c334e7":80,"30c5d755":68,"a33fe0dd":74,"44c77422":68,"805af3c7":61,"b460f030":75,"804d4dfa":52,"6ebe2354":54,"12271e14":60,"01cd8099":64,"a0bc1ceb":58,"cf52025e":57,"93ac9ca3":56,"b0869206":63,"20811ddf":59,"33d6bb6a":59,"1757a30e":56,"f56ac638":52,"13b53c7a":66,"7735c3c2":59,"f5e8dfee":67,"f67de058":57,"e0e48a2d":66,"bf30a08f":72,"cd522166":78,"9a3ab0b8":52,"062179c1":58,"5774ac0d":73,"031e488e":63,"b230e8d3":64,"3c18f28e":64,"a6626a13":56,"0bd93cfd":48,"9fa62fee":61,"98915a1f":50,"e58b26f6":63,"39ba00f0":61,"aa5dfdf5":67,"f87c5031":54,"0277d748":81,"da3437cd":53,"e2a7d915":65,"805534ac":61,"4eed1bea":67,"6b9eff39":57,"3ef7432b":70,"f4343817":60,"f33c0140":68,"1a2c020b":58,"f121b82c":69,"145c7559":67,"4b4ecbce":60,"39bbc4bc":77,"ea9bba6b":55,"8274885a":66,"f2470875":68,"fb7b7b3c":76,"c318d350":65,"26009d3f":62,"3c782bb3":67,"1db42092":72,"0be540c5":60,"95bc84f1":60,"2cce4fb2":72,"045f280d":65,"6f0fcb9d":71,"36fb15d2":61,"1bd5b20b":67,"fe0df575":72,"f9c15fcc":66,"34c5c729":59,"cb51f134":68,"10ec5a0b":64,"0d28db94":55,"abd32136":64,"ffa08d82":68,"c803b4a3":62,"ba938220":57,"ef14000f":72,"3c0df8b4":68,"7ae34c64":67,"313258f2":59,"8a165e17":63,"f789f6d8":79,"4bc46d7a":59,"42cd2360":54,"142d6987":69,"bb98a6cf":79,"a68a93b2":56,"655941a0":71,"61f25dd4":75,"751bcf25":61,"dbd2f139":72,"eafbf9fb":67,"6de0aaac":52,"e9adbe58":56,"0e036ae9":77,"3661e12d":59,"8ec3834d":72,"77bae750":51,"789bd484":62,"0f1ac912":48,"77f31bab":63,"5f7d7195":62,"449d8475":54,"e1571af7":68,"1623fc9f":58,"c015ec5a":60,"c4e70c07":61,"9bdf362a":55,"92f800f5":60,"cc6bbe45":56,"5a0ead91":52,"34658473":60,"4b4ef7fa":61,"804d4dfa":53,"03dcfa3d":63,"24d24fa3":60,"c6e3d352":68,"87922532":66,"0f72f2d8":62,"5b5fc566":54,"b0869206":64,"6841f77e":73,"f67de058":58,"d78dd457":53,"abad2347":61,"cfafcda8":62,"f56ac638":53,"7fef9973":70,"8721056e":51,"dd3913d2":52,"935ec056":55,"725dce8b":60,"bc3dc66a":68,"9f5e6cba":71,"17446892":57,"c9efc8f6":66,"a47abfbb":57,"4911acad":49,"26c390d6":56,"c0e2624b":55,"aec074c4":72,"084cbc0b":59,"3062379b":52,"6751d8e4":74,"70c1e715":64,"4e5aaaec":57,"70594a28":62,"547903ef":68,"4eed1bea":68,"df81ddee":58,"79e4fa1c":57,"d25e0f8d":63,"6d61bf13":54,"e7773397":56,"83086d4c":61,"6b79fec2":56,"578f6e9e":70,"a40846b7":66,"836701f6":56,"95f6db13":50,"b84a06eb":65,"a6bcb07e":69,"013ee301":67,"d6db2b02":69,"07fc4a9a":63,"1db42092":73,"31f6d707":70,"9f2b16a7":63,"5e193fc8":68,"5be594be":63,"8e99d5d0":66,"d34a29b9":69,"efe84c27":51,"c6dc900c":46,"a8c93bed":66,"7218c9f1":49,"76f94eda":64,"cb142908":56,"53b4e647":79,"9c29f0ed":70,"753ca352":55,"9fce073c":67,"5ef93e5d":48,"810aa5e9":61,"fafb4cc2":87,"3f75d3bc":66,"7896b953":62,"3c0df8b4":69,"731fc335":47,"1247fa52":66,"93683c82":62,"110b1ee3":72,"9316e7e8":48,"8db62558":61,"0af920d8":49,"1d153b20":64,"15620dca":72,"dfa1a89b":59,"8547fbc2":61,"09560615":51,"623c6a31":63,"fd6dcb20":56,"cf775f58":64,"f2364460":80,"77f31bab":64,"7e15f8e8":67,"faf3ed07":59,"c67979e6":77,"0f1ac912":49,"c3e6ef01":69,"0c043224":71,"c1bdfd41":64,"4c39240e":60,"44c77422":69,"d6f0d94a":51,"f8b31ce5":80,"92f800f5":61,"805af3c7":62,"82b81567":58,"cd95f558":68,"08a4c3f8":64,"50312237":63,"9263c525":55,"288afc30":61,"71bc1295":63,"9fc713b0":64,"23080895":52,"9c58dd76":71,"35b58ef9":56,"2198ba8e":63,"baebb391":78,"c0b23081":70,"00cf385d":72,"82204d54":60,"d1d40c9c":68,"19551bad":61,"17446892":58,"d6d61bfc":73,"47cfba38":61,"dc473de1":59,"61d4782d":65,"35aa7fd0":73,"51f80f4c":69,"6751d8e4":75,"70bc8325":59,"d3a669ac":75,"88b3bc99":63,"aec074c4":73,"b7832271":60,"2f455cce":63,"72b84094":74,"da3437cd":54,"6bc5d32a":76,"92136ff5":63,"cd421290":62,"4eed1bea":69,"b769bdfb":68,"5b60dd1d":69,"8e4c33d2":66,"39bbc4bc":78,"5099c6a0":73,"42191b64":51,"2c5c1dc0":59,"f5829ac0":63,"11888cfa":61,"69f3bfcc":61,"5678ed7b":79,"05642105":60,"d6db2b02":70,"045f280d":66,"25e0dd3d":69,"501db4de":60,"5acce642":66,"8f10fa42":71,"ec11fe5f":61,"7f6d1d0e":77,"9d4f1fe6":55,"9a07d89b":70,"ea4d3f3e":68,"2a76f1dd":51,"d78dd457":54,"e4cfef0a":53,"93b9fae6":60,"629800eb":73,"7a840529":43,"2b698053":60,"9c29f0ed":71,"9aa6a054":55,"95904ac4":79,"52eca0dc":64,"71ba7561":63,"a851891c":52,"345c9967":63,"61145ec9":74,"dd035d2a":58,"e1618359":68,"ab7d4c9a":57,"f76a3e83":63,"dcf85091":53,"b3863630":55,"3498f223":59,"19e9776f":70,"9c045c61":65,"b946e146":76,"fd6dcb20":57,"f2ca27d9":58,"09560615":52,"8cc4a982":55,"6d5fcd4c":63,"faf3ed07":60,"d1fe2868":60,"84369269":63,"2a387957":75,"394dc144":64,"91d52a55":67,"c8977844":63,"059d6c19":80,"20e470e0":62,"1a2ec5d7":68,"f4634d0b":55,"30d84dce":59,"44c77422":70,"30c5d755":69,"ba30e43a":74,"792c9b6a":52,"40569362":69,"6f0fcb9d":72,"0cb80f4a":65,"6585adbe":51,"0ac825ed":64,"8493f3b2":72,"ae8a09c4":69,"b6aaf976":71,"ad8f85d6":71,"c6e3d352":69,"35b58ef9":57,"a0bc1ceb":59,"b460f030":76,"dac109cf":56,"e5d3655c":70,"2af60749":69,"2045d7d6":57,"c98d5272":66,"6df0b2e8":80,"13747b82":63,"9f5e6cba":72,"725dce8b":61,"4911acad":50,"dcfaba4c":58,"42c80e69":68,"0fc5ac7e":82,"70bc8325":60,"84b67924":62,"d3a669ac":76,"b7832271":61,"8657c79d":78,"aaa274a5":62,"da3437cd":55,"8274885a":67,"c564e316":66,"95d3d348":54,"8e4c33d2":67,"3c43e8a2":69,"82868763":59,"5410e9c6":72,"6291e9e9":65,"88a30343":65,"45fb95c1":71,"2cce4fb2":73,"a8871ddf":65,"1be05c14":56,"a24e6670":70,"a851554d":78,"2b3c49b9":70,"3ef7432b":71,"21e10a2b":55,"201cafad":58,"ab7467de":79,"ad2d7bed":66,"dffa7793":42,"a8c93bed":67,"04bef50c":43,"05f6ab35":63,"9d4f1fe6":56,"37d0cae2":64,"0042f6eb":74,"bec9d329":75,"70ee0491":49,"cd522166":79,"ae99df30":65,"ad303bda":70,"e35a63cd":65,"ae95f2ba":77,"d2466211":75,"062179c1":59,"93b9fae6":61,"1dad0f99":67,"cf9f4757":47,"abd32136":65,"69eeae0d":67,"08a561b7":51,"71ba7561":64,"45b5746e":62,"ec110282":63,"49cb2959":67,"cf1b8c47":68,"2e3503e4":61,"7f86be64":64,"fe578280":61,"b3863630":56,"4c4aa2e2":66,"168e75d9":61,"a4296d1e":66,"315537b2":57,"dfa1a89b":60,"4d35385e":59,"a77e8461":56,"49902219":72,"bc021def":75,"18815a1b":64,"842c8340":54,"36b7003c":80,"bf822e33":65,"6f81493d":60,"c2bb8aae":59,"381c68fa":67,"b6591e25":63,"7a9344a4":73,"430a5db5":78,"180377be":66,"408bb2ed":48,"fa55f27a":76,"5a0ead91":53,"c7c4ec5c":50,"40569362":70,"0ac825ed":65,"9e878ec2":78,"b7df1559":67,"13f0e139":61,"17807120":58,"aa00769b":75,"2c24d929":70,"a43061ee":53,"ae8a09c4":70,"ea6de194":58,"49b358bd":62,"d141db49":58,"8f13c203":62,"dac109cf":57,"2154b6e8":58,"ce3bf5db":62,"5339e1e9":63,"faf3ed07":61,"9ceb5439":55,"cf775f58":65,"ed4fad08":67,"4911acad":51,"9b3f8714":64,"1ed46298":71,"dc473de1":60,"8d04852b":62,"71a2a493":43,"1f342a00":70,"fd369c21":69,"911e770b":63,"8657c79d":79,"72d7b461":64,"2d54e0a8":51,"c793cdda":59,"3a204e56":66,"016953e4":75,"83086d4c":62,"8dc9b4db":66,"95d3d348":55,"19f9ca86":76,"fe1d4419":69,"8cf83787":57
1604737493790,"1db42092":74,"69f3bfcc":62,"411b5027":63,"40e79dd3":58,"3b7763b1":52,"95d331b1":51,"dffa7793":43,"f5e8dfee":68,"9d4f1fe6":57,"7af262e5":69,"0d770b97":70,"4c0e547b":57,"e6ec8cbf":72,"a66a2d8a":67,"4652b09a":72,"dd3913d2":53,"ef91eaae":53,"e4117b3b":46,"9f74b8a4":55,"be3a10f8":67,"d7cb9bcf":63,"8721056e":52,"7a4c064c":68,"ac030e74":59,"7566fdd6":66,"faf4f98b":64,"a901627e":55,"2c6cb96f":50,"a851891c":53,"aa76bc50":58,"ec110282":64,"a15713c6":72,"fe44fc6f":65,"261c9911":69,"44ff8baa":58,"6bc5d32a":77,"ccb5ea3e":53,"f4343817":61,"685207b3":67,"1a2c020b":59,"34c5c729":60,"b215547b":59,"0e036ae9":78,"3f65f121":66,"2cb29e5a":71,"a77e8461":57,"9de29816":56,"22176537":58,"546f6845":71,"704bce0d":64,"655954ba":65,"69134f07":64,"1e7753d9":75,"66497c7e":62,"30dbfc69":60,"f1b493de":71,"bbe71605":58,"e8f173b5":60,"820225e4":50,"e0e6a097":58,"b35e9e1a":89,"2e99f8fd":56,"02d4753e":75,"7ae3fc50":62,"7a2f3f06":56,"06073f13":69,"4cc141fa":49,"13f0e139":62,"04612878":67,"58d46189":69,"e62d705f":56,"1a2ec5d7":69,"4fd645f1":50,"aab4d996":65,"9e65c0ef":61,"2af60749":70,"caddd0a7":75,"24ffcbd3":74,"1623fc9f":59,"527ff946":66,"c67979e6":78,"a939b50b":62,"794f652b":56,"ccf8b803":53,"6adce358":70,"48efc739":77,"4125085e":68,"181c3dd5":58,"3a1d1632":41,"c4bff41f":59,"081460bf":65,"7af9d3b1":68,"4911acad":52,"f4726450":58,"884b0ad1":64,"d552eb2f":64,"9147702f":54,"84b767be":74,"b2bd8fd3":61,"71bc1295":64,"c6e3d352":70,"23080895":53,"8274885a":68,"9a3cc55d":51,"3f2522c2":70,"eda6a690":54,"93ac9ca3":57,"22aeaf03":66,"c7ab83c1":50,"20811ddf":60,"aa187e3b":58,"8063df14":53,"e382ec3f":55,"92ca52b7":61,"b0869206":65,"dfcc2ad1":75,"0e2b5d2f":63,"bf30a08f":73,"ba938220":58,"51a3e9c2":66,"fead11cf":57,"e4117b3b":47,"20958d58":58,"ffa08d82":69,"cd522166":80,"d7cb9bcf":64,"ae95f2ba":78,"0d28db94":56,"753ca352":56,"50c468ba":60,"0a96f57a":71,"df81ddee":59,"7d112f4d":65,"07107f6e":69,"85de05f2":65,"5c82d1ce":61,"547903ef":69,"104721f0":64,"2c627253":60,"c793cdda":60,"12dd6f5e":58,"8547fbc2":62,"af157d29":68,"dfa1a89b":61,"09560615":53,"865d9857":52,"9e206c95":76,"f598a332":62,"efe84c27":52,"e1618359":69,"5be594be":64,"4e3f5178":66,"bd984a8e":55,"cf84fb54":70,"d9dcdc4b":77,"69f3bfcc":63,"28d41578":61,"88a30343":66,"1f88a4b7":71,"f044c0e1":51,"ef16ca37":61,"b2a8761b":62,"3652bd66":61,"c7c4ec5c":51,"f1862e79":53,"9e878ec2":79,"d102b0c6":50,"cc11fef9":69,"4360a1a3":77,"7a9344a4":74,"c8977844":64,"4bc46d7a":60,"2c6cb96f":51,"61145ec9":75,"5f0c1b9d":76,"5ef93e5d":49,"aa867541":51,"e865e4dd":64,"19e9776f":71,"db703021":55,"dbd2f139":73,"d141db49":59,"1623fc9f":60,"815e4582":67,"0670c466":63,"cb6c9e42":79,"84369269":64,"8ec3834d":73,"d5557fb4":66,"b88033fd":73,"deb31f35":70,"bfcb912a":67,"9f5e6cba":73,"5a734022":62,"a2c334e7":81,"c4bff41f":60,"1ed46298":72,"3fdb08f5":55,"7e76c93c":72,"ea6de194":59,"9c58dd76":72,"03c398d2":65,"a636f4c9":76,"cac4449a":47,"24d24fa3":61,"87922532":67,"c6e3d352":71,"6b79fec2":57,"93ac9ca3":58,"3a204e56":67,"5623817d":66,"a77e127d":47,"14c682eb":62,"b3f19a69":63,"c0b23081":71,"7af262e5":70,"aa187e3b":59,"053f3451":64,"0e2b5d2f":64,"a6b5e869":61,"869cbaa0":73,"79be29c8":60,"fead11cf":58,"2af60749":71,"85de05f2":66,"e2a7d915":66,"ded7da5a":66,"6490bac6":64,"ef1c2dcb":59,"508aac3d":62,"b5763ff6":54,"272c7672":63,"f271ed5d":60,"4bcd4a30":79,"f4726450":59,"f5596d0f":71,"3661e12d":60,"51f57142":72,"a77e8461":58,"e21c6207":59,"a851554d":79,"ecfa8249":65,"288d171f":57,"6b78ad7f":73,"e0154608":52,"972f4174":73,"be2955bb":67,"30fdcd3b":61,"27f52ed3":81,"c95719e5":55,"4ff2225d":58,"8d753bb6":55,"54a676d6":56,"a24e6670":71,"05642105":61,"32c9fc47":57,"de36827b":78,"b2a8761b":63,"9260d96b":76,"08a4c3f8":65,"4279e829":76,"c85a0d80":68,"1f11812e":59,"9b172ca8":55,"cb142908":57,"54d7de6b":71,"70ee0491":50,"385ab7c6":59,"ba586505":58,"11b2c8d9":54,"f2e3c0e3":54,"95539a58":45,"28654c76":77,"7a4c064c":69,"062179c1":60,"4bc46d7a":61,"95904ac4":80,"87083264":68,"012de09c":56,"43bc86e3":62,"6e44927f":54,"7896b953":63,"d70ca4f4":73,"f1b493de":72,"19e9776f":72,"0d5ee801":56,"cc6bbe45":57,"2154b6e8":59,"8f13c203":63,"ea6de194":60,"30dd2edc":63,"d2a841c9":52,"39a2fcce":57,"eeaa2d46":61,"77bae750":52,"a939b50b":63,"6df0b2e8":81,"1a0189c4":61,"c4bff41f":61,"e15fd611":53,"13747b82":64,"a983a6dc":59,"30c5d755":70,"37a7d5b0":68,"44c77422":71,"6f0fcb9d":73,"b4fdf90e":64,"b35e9e1a":90,"36fb15d2":62,"b7df1559":68,"4febf7c5":69,"87922532":68,"64a7f79f":52,"ac62fac2":71,"bc392d1c":54,"0eaf08da":71,"124fbe96":60,"5eab91a0":66,"ba5c52af":64,"d1d40c9c":69,"7f6d1d0e":78,"dfcc2ad1":76,"1745a0f4":65,"ee21ad02":70,"8cddb65e":68,"cf775f58":66,"031e488e":64,"6867261a":57,"70c1e715":65,"0681c48e":71,"70bc8325":61,"4bcd4a30":80,"284544ba":69,"84b767be":75,"1f342a00":71,"2f455cce":64,"9d0546ac":58,"92136ff5":64,"25e0dd3d":70,"18d20aa1":60,"21e10a2b":56,"e1f0dbfd":64,"e21c6207":60,"5be594be":65,"f121b82c":70,"c7313e0a":66,"5781776a":70,"b769bdfb":69,"83086d4c":63,"2d1e1e9d":58,"8e4c33d2":68,"d9dcdc4b":78,"42191b64":52,"e238f09b":63,"69f3bfcc":64,"0be540c5":61,"27f52ed3":82,"1138796e":62,"95bc84f1":61,"e81834aa":69,"cfe72ead":53,"1bd5b20b":68,"ea274174":66,"f3992a31":67,"754f98c9":66,"0da28f5b":65,"501db4de":61,"ba938220":59,"a59a8290":59,"e6ec8cbf":73,"76f94eda":65,"5b5fc566":55,"1105f790":71,"9aa6a054":56,"be3a10f8":68,"6a5b71b4":69,"0e2b5d2f":65,"e4cfef0a":54,"a85d89cc":63,"869cbaa0":74,"537634c9":53,"7896b953":64,"a472532e":57,"6023df54":63,"a851891c":54,"d9a64845":60,"3101354b":57,"dae0f922":65,"26ed1a5c":59,"d70ca4f4":74,"751bcf25":62,"74f234c6":58,"d033db8d":61,"30d84dce":60,"8f13c203":64,"25776fc4":71,"51f57142":73,"6143f39d":63,"8cc4a982":56,"a77e8461":59,"9e206c95":77,"4469c815":48,"09560615":54,"31d74eee":59,"ccf8b803":54,"36684155":63,"d5557fb4":67,"04643409":70,"394dc144":65,"66d94227":50,"f8b31ce5":81,"4c39240e":61,"e5d3655c":71,"49b358bd":63,"d9f512b9":70,"c7c4ec5c":52,"9263c525":56,"45b038bb":85,"de11eb19":74,"c609739e":67,"23080895":54,"01cd8099":65,"aa00769b":76,"4b4ef7fa":62,"a5aee5de":74,"3e602573":49,"6775d5cd":59,"57d5dee8":70,"4125085e":69,"8cddb65e":69,"42c80e69":69,"031e488e":65,"24a9fb86":68,"a1370ab0":67,"2180f99b":67,"92efd84f":65,"8cd78f77":76,"c0e2624b":56,"4bcd4a30":81,"835358a0":52,"fd369c21":70,"6bc5d32a":78,"bc09fa9e":61,"feb67030":54,"44ff8baa":59,"92136ff5":65,"261c9911":70,"71ff66e8":57,"f2470875":69,"39bbc4bc":79,"437fc3ec":61,"e238f09b":64,"27f52ed3":83,"6d61bf13":55,"e0f7679f":58,"32c9fc47":58,"88a30343":67,"159ffd0b":40,"7732eb1e":83,"90731976":57,"4b3e3b1c":66,"6b9eff39":58,"bd984a8e":56,"69d4b754":63,"fe578280":62,"1a68160d":66,"06ee61b6":56,"dffa7793":44,"37d0cae2":65,"c463799d":73,"51a3e9c2":67,"0f89862c":66,"92ca52b7":62,"7735c3c2":60,"8721056e":53,"1c0a9eff":60,"4d9b0b10":66,"bd2705b0":75,"ffa08d82":70,"b8488fc8":60,"eb2e1983":59,"d7cb9bcf":65,"2352c8ef":55,"cf9f4757":48,"b9be31d6":59,"ac030e74":60,"621d6b18":70,"a901627e":56,"61145ec9":76,"5f96c2bc":49,"91f7ef72":63,"d8e58a8c":69,"abc1d7ad":67,"dd035d2a":59,"36380d96":69,"53431634":80,"8db62558":62,"ca6d2d91":66,"9d4da635":49,"dbd2f139":74,"5ccf94d6":63,"0c043224":72,"22ecaed0":56,"6d339d45":60,"6cba74ce":60,"140ce69e":67,"88432019":60,"a63bddd4":75,"416a9e97":59,"25d1b2d8":61,"789bd484":63,"e15fd611":54,"f66616b7":54,"44a4f7cd":58,"93fdbb44":54,"5957df9e":63,"3f9b5722":53,"0b959527":61,"08a06557":81,"a33fe0dd":75,"719c8869":76,"5ab7bc35":68,"c015ec5a":61,"259930ee":69,"b35e9e1a":91,"cd95f558":69,"8245f916":55,"b7407bd3":59,"de11eb19":75,"02d4753e":76,"336d0f08":68,"9c58dd76":73,"64a7f79f":53,"2c24d929":71,"73b15e04":59,"35b58ef9":58,"eed20185":70,"a5aee5de":75,"be149c6f":64,"bfcb912a":68,"51f80f4c":70,"e4714415":74,"32133249":67,"b35bb8a1":54,"b7cc7909":57,"f069bb07":62,"de6213c7":67,"fd07e0ed":63,"1f342a00":72,"730338c4":78,"c0e2624b":57,"cbb54a0a":56,"913a6226":61,"ecfa8249":66,"feb67030":55,"014bdff0":70,"f2470875":70,"83086d4c":64,"3e082b37":61,"a40846b7":67,"5623817d":67,"0b3283c9":69,"95f6db13":51,"e81834aa":70,"b36a0d66":51,"1138796e":63,"0d2c95fe":58,"bbe71605":59,"26009d3f":63,"da3437cd":56,"a851554d":80,"3007f31f":60,"4295ce9a":73,"c4feee5b":62,"3b2dee89":64,"d78dd457":55,"c1bb74f2":58,"a502c93c":60,"25a2844e":70,"04bef50c":44,"0d770b97":71,"fe8f3d36":57,"eebc8d43":66,"ae99df30":66,"0785820e":69,"5f4102da":68,"fea793f5":64,"4b125e7b":68,"062179c1":61,"53b4e647":80,"7e95c5a0":47,"95539a58":46,"ef14000f":73,"0d7d88f1":56,"f7231212":63,"cf1b8c47":69,"1d44aff3":66,"3f75d3bc":67,"4bc46d7a":62,"ae016053":68,"7896b953":65,"d9a64845":61,"acac14fb":57,"8e780922":63,"972f4174":74,"77300e4a":59,"06ee61b6":57,"655954ba":66,"d70ca4f4":75,"dbd2f139":75,"4d35385e":60,"ccdd1ce6":54,"9c045c61":66,"0e036ae9":79,"bc021def":76,"21ee2afe":70,"ef8321d8":61,"31d74eee":60,"394dc144":66,"93fdbb44":55,"d1fe2868":61,"ccf8b803":55,"b7434f57":56,"9316e7e8":49,"1f11812e":60,"56d315d8":52,"751bcf25":63,"14c682eb":63,"014460b9":79,"d9f512b9":71,"a577db1c":53,"1bd5b20b":69,"c4aa1e38":57,"b4fdf90e":65,"5acaa06f":47,"8d000d6e":59,"b8397293":59,"00554ffd":71,"03c398d2":66,"03dcfa3d":64,"458dcc3d":67,"ac62fac2":72,"35b58ef9":59,"946df4fd":64,"8eb64769":60,"719c8869":77,"62d1d346":49,"ffc86f94":59,"650bb0e0":62,"c98d5272":67,"bb8a6337":58,"d6d61bfc":74,"7af9d3b1":69,"8cddb65e":70,"17446892":59,"5ac86fb9":64,"9f5e6cba":74,"b7832271":62,"f4726450":60,"fd07e0ed":64,"aa5dfdf5":68,"aec074c4":74,"730338c4":79,"92efd84f":66,"6085137f":44,"971675c5":76,"1da771fb":61,"095ab3b4":54,"a40846b7":68,"fb7b7b3c":77,"312f7676":69,"5678ed7b":80,"8aa78e2f":54,"b36a0d66":52,"0be540c5":62,"6d802fa2":56,"ce4da56f":63,"95f6db13":52,"2209903e":64,"ded7da5a":67,"b6ee137a":62,"201cafad":59,"70594a28":63,"2882a956":70,"30c184b8":66,"ba586505":59,"9d023afb":72,"dc0c8b09":73,"6775d5cd":60,"bd2705b0":76,"19551bad":62,"fead11cf":59,"1c0a9eff":61,"9496f56f":68,"730a4938":66,"c6dc900c":47,"4652b09a":73,"f1df62b4":62,"8007f30e":46,"b9be31d6":60,"7218c9f1":50,"7e95c5a0":48,"2ce1af05":58,"9f74b8a4":56,"731fc335":48,"aa867541":52,"c91966ce":58,"7ae34c64":68,"08a561b7":52,"d8e58a8c":70,"7896b953":66,"85de05f2":67,"c8dc010f":70,"685207b3":68,"f76a3e83":64,"d34a29b9":70,"ebdbf580":59,"9f2b16a7":64,"a3253019":65,"1e232870":69,"6de0aaac":53,"9de29816":57,"e9adbe58":57,"f2f58418":59,"4d35385e":61,"49902219":73,"175bc6b2":58,"ce3407dd":65,"a68a93b2":57,"d0c104c4":52,"7cd0ad7b":75,"902f49f5":67,"381c68fa":68,"dbd2f139":76,"180377be":67,"8323d333":56,"1bd5b20b":70,"b377a62a":56,"a533489b":74,"288afc30":62,"0ac825ed":66,"9e878ec2":80,"d82592f4":64,"dfc89705":66,"6be9332a":63,"ad8f85d6":72,"6ebe2354":55,"c609739e":68,"e8d74304":58,"e1571af7":69,"9bdf362a":56,"c1bdfd41":65,"0f029727":61,"3bad3c95":45,"25776fc4":72,"24ffcbd3":75,"9d63c4dd":56,"a9b1bd51":50,"527ff946":67,"1d790491":61,"23760167":50,"aff8e442":63,"5e09f69e":68,"c852d240":62,"b35bb8a1":55,"8cddb65e":71,"b7cc7909":58,"aa9ea5e8":58,"725dce8b":62,"d744bee2":60,"383e232d":60,"39ba00f0":62,"d1ca5d6b":72,"1f7607df":47,"f069bb07":63,"9147702f":55,"71ff66e8":58,"b935fc1c":55,"83086d4c":65,"c564e316":67,"26f99a1e":66,"22aeaf03":67,"004f1ef3":70,"28d41578":62,"8aa78e2f":55,"7732eb1e":84,"45fb95c1":72,"013ee301":68,"e382ec3f":56,"11b2c8d9":55,"2bcca6a7":81,"aa187e3b":60,"8f10fa42":72,"e6ec8cbf":74,"7a840529":44,"ae99df30":67,"05f6ab35":64,"b9be31d6":61,"7735c3c2":61,"afe8e06a":53,"d2466211":76,"4b125e7b":69,"55928ef1":64,"95d331b1":52,"c510bfd3":75,"4d9b0b10":67,"77bfed7e":65,"87cd2add":60,"7a4c064c":70,"7ae34c64":69,"5ef93e5d":50,"42cd2360":55,"4bc46d7a":63,"8a165e17":64,"261c9911":71,"2b3c49b9":71,"bc09fa9e":62,"e2cbe594":50,"27d8bf51":65,"feb67030":56,"5fa12feb":64,"69d4b754":64,"b2c25d1c":63,"fe578280":63,"f598a332":63,"79f04300":63,"c4feee5b":63,"972f4174":75,"546f6845":72,"bc021def":77,"53a8613c":77,"a77e8461":60,"be4f8ba8":58,"9c045c61":67,"ef8321d8":62,"467773ac":60,"0c043224":73,"20e470e0":63,"026766f3":53,"f3a0c2ee":62,"dd035d2a":60,"19e9776f":73,"6db0ea86":58,"54a676d6":57,"3d1af513":77,"3a1b9af5":54,"408bb2ed":49,"5a0ead91":54,"db0a661e":66,"9263c525":57,"d33790a2":75,"03dcfa3d":65,"64a7f79f":54,"ae8a09c4":71,"f883d582":59,"4def63ee":50,"180377be":68,"4c39240e":62,"75ffea08":67,"25776fc4":73,"9bdf362a":57,"b320feb9":62,"4fd645f1":51,"bda8cdfb":69,"449d8475":55,"789bd484":64,"ce3407dd":66,"7e15f8e8":68,"9d63c4dd":57,"c98d5272":68,"c93c3508":49,"0ecfa1c9":62,"47cfba38":62,"288a2c43":63,"031e488e":66,"6df0b2e8":82,"64db4feb":75,"26c390d6":57,"6751d8e4":76,"d552eb2f":65,"d1ca5d6b":73,"01cd8099":66,"2c24d929":72,"dd1fcb17":60,"26c6fa34":59,"b935fc1c":56,"5410e9c6":73,"2203f259":69,"3f2522c2":71,"8e4c33d2":69,"c564e316":68,"82868763":60,"95d331b1":53,"dfcc2ad1":77,"aa187e3b":61,"20958d58":59,"88ce179e":74,"8f10fa42":73,"00cf385d":73,"0bfabf48":63,"a567ace4":64,"730a4938":67,"621d6b18":71,"be3a10f8":69,"8ac72326":56,"0d770b97":72,"afe8e06a":54,"9cb4697f":66,"7a840529":45,"831c7b85":62,"b73e789c":61,"9c29f0ed":72,"d4ee22a4":70,"51c57542":69,"ded7da5a":68,"6b9eff39":59,"e2cbe594":51,"c455f40e":55,"7bebff03":57,"70594a28":64,"ab7d4c9a":58,"c5b35e4d":61,"fe578280":64,"c0e2624b":58,"2d13e69b":67,"4bcd4a30":82,"f5596d0f":72,"d3e84616":76,"eafbf9fb":68,"a63bddd4":76,"49902219":74,"21ee2afe":71,"8dd2684c":66,"696fdac5":66,"4c4aa2e2":67,"acac14fb":58,"145c7559":68,"9316e7e8":50,"5678ed7b":81,"a6bcb07e":70,"90731976":58,"1f88a4b7":72,"411b5027":64,"cf50e84e":67,"26009d3f":64,"288afc30":63,"4ba6eb36":69,"3d1af513":78,"02d4753e":77,"554ebb83":61,"45b038bb":86,"9263c525":58,"4ee62a26":58,"6f81493d":61,"0c0e98ea":51,"95904ac4":81,"345c9967":64,"83b2f9c5":69,"a5fd8ffd":69,"012de09c":57,"aa867541":53,"45b5746e":63,"db703021":56,"0841052c":62,"30fdcd3b":62,"0b959527":62,"aa021138":69,"1623fc9f":61,"ce3bf5db":63,"c0b0f492":72,"868cda42":53,"dac109cf":58,"90d52475":61,"9d63c4dd":58,"a939b50b":64,"aff8e442":64,"36b7003c":81,"9d9dd9e5":58,"0f1ac912":50,"4125085e":70,"d6d61bfc":75,"540df50f":73,"5ac86fb9":65,"288a2c43":64,"32133249":68,"9f5e6cba":75,"01cd8099":67,"cac4449a":48,"dfc89705":67,"c609739e":69,"03c398d2":67,"468fc85c":67,"a543ec74":63,"93ac9ca3":59,"8274885a":69,"b935fc1c":57,"b769bdfb":70,"6b79fec2":58,"b0869206":66,"fef750ca":69
1604737495136,"5b5fc566":56,"fee32863":57,"00a17b46":61,"cfafcda8":63,"93b0a158":65,"f1df62b4":63,"79be29c8":61,"d7cb9bcf":66,"a59a8290":60,"d4d5f466":68,"dfcc2ad1":78,"619fda68":68,"6775d5cd":61,"ac030e74":61,"1105f790":72,"629800eb":74,"c1bb74f2":59,"04cc7cbe":56,"7fb4c521":58,"8a165e17":65,"fe44fc6f":66,"012de09c":58,"cf1b8c47":70,"c91966ce":59,"537634c9":54,"d5dae4c4":74,"26c390d6":58,"92efd84f":67,"72d7b461":65,"2f455cce":65,"fd369c21":71,"aec074c4":75,"d1ca5d6b":74,"4d35385e":62,"d3e84616":77,"8dd2684c":67,"f1dffa24":53,"a77e127d":48,"90731976":59,"6a60348e":63,"820225e4":51,"e81834aa":71,"1be05c14":57,"4ff2225d":59,"8d753bb6":56,"5acaa06f":48,"36fb15d2":63,"92d38723":71,"5f8517b7":79,"b35e9e1a":92,"8245f916":56,"5ee911b5":61,"5c82d1ce":62,"0149e11a":53,"7d112f4d":66,"79e4fa1c":58,"8f9b74b0":54,"c8dc010f":71,"c7313e0a":67,"1a2c020b":60,"f4343817":62,"ab7d4c9a":59,"ebdbf580":60,"b2c25d1c":64,"f76a3e83":65,"e9679ede":58,"a4f1d83b":65,"26ed1a5c":60,"6e24d88b":66,"56d315d8":53,"66497c7e":63,"db703021":57,"8547fbc2":63,"22ecaed0":57,"6de0aaac":54,"416a9e97":60,"815e4582":68,"6adce358":71,"a939b50b":65,"794f652b":57,"d957f027":58,"9d63c4dd":59,"39a2fcce":58,"61d4782d":66,"9f5e6cba":76,"3a1d1632":42,"17446892":60,"71279c46":56,"24a9fb86":69,"064a99c8":59,"a0b03218":70,"458dcc3d":68,"9c58dd76":74,"87ce8d1d":54,"6be9332a":64,"742f1425":60,"c564e316":69,"51a3e9c2":68,"e35a63cd":66,"ffa08d82":71,"1745a0f4":66,"e0e48a2d":67,"8ac72326":57,"78b97937":70,"20811ddf":61,"4258c176":61,"dfcc2ad1":79,"7af262e5":71,"4652b09a":74,"733c86f8":58,"88ce179e":75,"be40590d":64,"e1571af7":70,"014460b9":80,"dac109cf":59,"c015ec5a":62,"e5d3655c":72,"30c5d755":71,"caddd0a7":76,"0bfabf48":64,"bd2705b0":77,"f67de058":59,"50c468ba":61,"7fb4c521":59,"781ace7d":63,"621d6b18":72,"c64de0c0":57,"d3a669ac":77,"4bcd4a30":83,"bca2d7cd":60,"8cd78f77":77,"84b767be":76,"2c627253":61,"aa5dfdf5":69,"00a481e3":69,"71e53c93":69,"753ca352":57,"f3a0c2ee":63,"ec110282":65,"83b2f9c5":70,"49cb2959":68,"93ac9ca3":60,"a58bf525":61,"363590c7":61,"26f99a1e":67,"8e4c33d2":70,"c7ab83c1":51,"8b2b601d":64,"0d2c95fe":59,"2cce4fb2":74,"f277386e":53,"7732eb1e":85,"0b5a0408":59,"0be540c5":63,"67f6e4f2":67,"7a2f3f06":57,"fe0df575":73,"3a1b9af5":55,"f1862e79":54,"cd95f558":70,"547903ef":70,"53747a91":69,"0a96f57a":72,"a851554d":81,"21e10a2b":57,"21ad2f34":56,"696fdac5":67,"805534ac":62,"c7313e0a":68,"5be594be":66,"f598a332":64,"ebdbf580":61,"acac14fb":59,"501db4de":62,"d6320619":69,"be4f8ba8":59,"bb99c79c":63,"558d5ce7":67,"2cb29e5a":72,"1d153b20":65,"12012fbd":66,"37fbb107":71,"794f652b":58,"ce3407dd":67,"1d790491":62,"66d94227":51,"23760167":51,"a983a6dc":60,"7a6aa4b6":64,"792cfcbd":52,"dfc89705":68,"a636f4c9":77,"a43061ee":54,"cf52025e":58,"71bc1295":65,"aa00769b":77,"e4117b3b":48,"9d023afb":73,"67c57de4":93,"5acce642":67,"f2e3c0e3":55,"91b28f83":65,"9a07d89b":71,"93b9fae6":62,"c463799d":74,"e57d5cda":78,"4b125e7b":70,"3f9b5722":54,"467773ac":61,"a68a93b2":58,"cd3bbe7e":70,"93683c82":63,"059d6c19":81,"026766f3":54,"e1571af7":71,"a81a857c":61,"7043382d":66,"37a7d5b0":69,"2af60749":72,"3bad3c95":46,"fbdffc95":54,"bb00e71c":56,"fee32863":58,"d5059415":61,"00cf385d":74,"2b698053":61,"13b53c7a":67,"f7231212":64,"1105f790":73,"9cb4697f":67,"ef14000f":74,"ae016053":69,"83b2f9c5":71,"f789f6d8":80,"61145ec9":77,"ec110282":66,"014bdff0":71,"d1676e89":66,"77d35808":65,"971675c5":77,"d599b566":80,"b1f58563":62,"6b79fec2":59,"bbe71605":60,"6db0ea86":59,"b84a06eb":66,"bab97de3":74,"b552beb3":60,"d9dcdc4b":79,"045f280d":67,"9e878ec2":81,"7c0a2db6":69,"71a2a493":44,"c64de0c0":58,"71279c46":57,"f94bf9ea":57,"a6003226":59,"24a9fb86":70,"9b3f8714":65,"1f342a00":73,"c0e2624b":59,"6a3eaf43":64,"a625328f":67,"b947257e":72,"9ab755d3":58,"272c7672":64,"810aa5e9":62,"df81ddee":60,"20777945":60,"7d112f4d":67,"201cafad":60,"c455f40e":56,"0da28f5b":66,"4295ce9a":74,"c5b35e4d":62,"6bc5d32a":79,"79f04300":64,"34c5c729":61,"6b78ad7f":74,"69134f07":65,"104721f0":65,"fe0df575":74,"fa55f27a":77,"332820ce":68,"5ee911b5":62,"e0e6a097":59,"8493f3b2":73,"e6fac295":60,"2c24d929":73,"c609739e":70,"6ebe2354":56,"03c398d2":68,"468fc85c":68,"804d4dfa":54,"315537b2":58,"0277d748":82,"8cc4a982":57,"eafbf9fb":69,"4469c815":49,"558d5ce7":68,"d1715f3b":64,"842c8340":55,"088feee2":71,"44a4f7cd":59,"bf822e33":66,"37fbb107":72,"aff8e442":65,"23760167":52,"2132fe93":73,"ba586505":60,"0e2b5d2f":66,"d634aa28":72,"b6591e25":64,"30fdcd3b":63,"026766f3":55,"bb98a6cf":80,"5cd3cfe0":50,"906632cb":54,"b7505747":68,"49b358bd":64,"2af60749":73,"d6f0d94a":52,"ce3bf5db":64,"4777334c":58,"638cb163":84,"20811ddf":62,"478d2d4f":76,"c803b4a3":63,"11b74e63":56,"11b2c8d9":56,"733c86f8":59,"6c20c153":59,"77bfed7e":66,"d39724bc":61,"9aa6a054":57,"9a07d89b":72,"6f39f4d9":79,"f56ac638":54,"dc0c8b09":74,"0d28db94":57,"e356abf1":70,"f5e8dfee":69,"af7e5be8":65,"f1df62b4":64,"263762cb":59,"f1dffa24":54,"095ab3b4":55,"ea9bba6b":56,"e7773397":57,"312f7676":70,"c95719e5":56,"820225e4":52,"bab97de3":75,"2d1e1e9d":59,"d9dcdc4b":80,"6db0ea86":60,"54a676d6":58,"a3d4a0e5":72,"db8ba455":74,"c93c3508":50,"03b4ab60":65,"227006e4":63,"74e3d13e":65,"24a9fb86":71,"aa9ea5e8":59,"8cd78f77":78,"98915a1f":51,"aec074c4":76,"84b767be":77,"084cbc0b":60,"0d2a1c58":56,"f271ed5d":61,"172217e5":66,"7896b953":67,"a15713c6":73,"810aa5e9":63,"dc03ebd2":81,"52eca0dc":65,"d5dae4c4":75,"93e8cee5":71,"b6ee137a":63,"d25e0f8d":64,"ccb5ea3e":54,"6b9eff39":60,"e1f0dbfd":65,"ebdbf580":62,"5c82d1ce":63,"8e780922":64,"f598a332":65,"b3863630":57,"f2086446":70,"f3992a31":68,"d33790a2":76,"7a2f3f06":58,"3a1b9af5":56,"c7c4ec5c":53,"d102b0c6":51,"e0e6a097":60,"4ac6bd4e":48,"cac4449a":49,"d82592f4":65,"23080895":55,"9c58dd76":75,"c27969ec":65,"87ce8d1d":55,"bc392d1c":55,"b9a48a5c":49,"ef8321d8":63,"d1715f3b":65,"175bc6b2":59,"7080f122":57,"4469c815":50,"394dc144":67,"77bae750":53,"ce3407dd":68,"0f1ac912":51,"1634789b":66,"66d94227":52,"2b3e4717":62,"7f86be64":65,"0c043224":74,"4279e829":77,"bb98a6cf":81,"f1b493de":73,"d634aa28":73,"655941a0":72,"dbd2f139":77,"c7636527":59,"c015ec5a":63,"ba30e43a":75,"ea6de194":61,"868cda42":54,"8f13c203":65,"ffc86f94":60,"1757a30e":57,"00cf385d":75,"6c486702":75,"91b28f83":66,"ba938220":60,"6a7392d5":62,"6775d5cd":62,"d4ee22a4":71,"d815c5b4":76,"78467b8a":69,"056ea7ff":66,"9d023afb":74,"6ee92259":69,"d83294cd":64,"f5e8dfee":70,"1a442bc7":63,"2ce1af05":59,"33d6bb6a":60,"9f74b8a4":57,"afe8e06a":55,"0d7d88f1":57,"8274885a":70,"f6fe095d":84,"c0b7e7d7":53,"5270f158":59,"26f99a1e":68,"312f7676":71,"c7ab83c1":52,"013ee301":69,"8298e976":70,"95f6db13":53,"6db0ea86":61,"6d802fa2":57,"cf50e84e":68,"cf84fb54":71,"f94bf9ea":58,"57d5dee8":71,"1ed46298":73,"227006e4":64,"af034fee":54,"ed4fad08":68,"aec4e1bf":66,"af0b61ab":69,"c0e2624b":60,"5747db6e":68,"70c1e715":66,"aaa274a5":63,"2c01e624":59,"f271ed5d":62,"781ace7d":64,"8a165e17":66,"8db5a165":51,"2dd0e808":66,"e865e4dd":65,"92136ff5":66,"feb67030":57,"913a6226":62,"7e8e1c3d":58,"25e0dd3d":71,"74c26380":58,"43bc86e3":63,"bb99c79c":64,"25a7a0a3":65,"8547fbc2":64,"01d817b8":55,"a63bddd4":77,"d1715f3b":66,"1d153b20":66,"789bd484":65,"f4b2f575":53,"6e98dfda":66,"36684155":64,"97e75c19":75,"650bb0e0":63,"25d1b2d8":62,"6585adbe":52,"d33790a2":77,"408bb2ed":50,"7a6aa4b6":65,"8245f916":57,"7ae3fc50":63,"1bd5b20b":71,"2c24d929":74,"12a2cd4b":73,"458dcc3d":69,"27c8e038":69,"04612878":68,"2d382981":64,"a543ec74":64,"7b6a7048":70,"5e193fc8":69,"0149e11a":54,"acac14fb":60,"d548635d":60,"145c7559":69,"06ee61b6":58,"0da28f5b":67,"efe84c27":53,"9316e7e8":51,"c2bb8aae":60,"3f9b5722":55,"902f49f5":68,"0af920d8":50,"58d46189":70,"74f234c6":59,"3fdb08f5":56,"0b959527":63,"a33fe0dd":76,"62d1d346":50,"259930ee":70,"9cb4697f":68,"dffa7793":45,"6841f77e":74,"ba586505":61,"05f6ab35":65,"20811ddf":63,"0f89862c":67,"e4117b3b":49,"0785820e":70,"e356abf1":71,"b9be31d6":62,"5f4102da":69,"831c7b85":63,"87cd2add":61,"056ea7ff":67,"a0685bf3":80,"b73e789c":62,"92ca52b7":63,"f2e3c0e3":56,"60d6cee2":63,"e9a8cf11":66,"5ac86fb9":66,"7af9d3b1":70,"031e488e":67,"a2c334e7":82,"03b4ab60":66,"fd07e0ed":65,"730338c4":80,"5a07fc2e":61,"aaa274a5":64,"a625328f":68,"d744bee2":61,"39ba00f0":63,"cf9f4757":49,"ffa08d82":72,"014bdff0":72,"1da771fb":62,"6b79fec2":60,"578f6e9e":71,"5099c6a0":74,"2c5c1dc0":60,"93ac9ca3":61,"05642105":62,"e8f173b5":61,"69f3bfcc":65,"4945c851":72,"49910300":63,"1db42092":75,"07fc4a9a":64,"a901627e":57,"37a7d5b0":70,"d9f512b9":72,"ecfa8249":67,"feb67030":58,"e865e4dd":66,"83b2f9c5":72,"1d44aff3":67,"aa867541":54,"d9d0c567":60,"fe44fc6f":67,"546f6845":73,"bb99c79c":65,"88432019":61,"bc021def":78,"f5596d0f":73,"30dd2edc":64,"22176537":59,"254cc28c":73,"23760167":53,"794f652b":59,"527ff946":68,"0f1ac912":52,"8a52882e":67,"1d790491":63,"f9c15fcc":67,"ea274174":67,"6585adbe":53,"1ff8c2fc":64,"d0b297b2":57,"761cf820":59,"8493f3b2":74,"742f1425":61,"bc392d1c":56,"946df4fd":65,"3e602573":50,"468fc85c":69,"f1098793":67,"74e01f6a":64,"c455f40e":57,"c650b434":71,"c8dc010f":72,"e1f0dbfd":66,"6b78ad7f":75,"6bc5d32a":80,"104721f0":66,"b3863630":58,"8e780922":65,"b215547b":60,"b2c25d1c":65,"145c7559":70,"cc11fef9":70,"cd3bbe7e":71,"059d6c19":82,"f4634d0b":56,"0c0e98ea":52,"a68a93b2":59,"a4f1d83b":66,"5ab7bc35":69,"2882a956":71,"79be29c8":62,"a502c93c":61,"4258c176":62,"2a4a402a":62,"6841f77e":75,"1bc0591f":72,"ad303bda":71,"730a4938":68,"eebc8d43":67,"f2470875":71,"60e855ee":65,"8dc9b4db":67,"363590c7":62,"6085137f":45,"c95719e5":57,"a58bf525":62,"8298e976":71,"f5829ac0":64,"90731976":60,"5678ed7b":82,"f94bf9ea":59,"a2c334e7":83,"dc473de1":61,"162a7348":69,"031e488e":68,"76f3a3be":65,"a47abfbb":58,"1f342a00":74,"b5763ff6":55,"84b67924":63,"b947257e":73,"39ba00f0":64,"0fc5ac7e":83,"c793cdda":61,"0e2b5d2f":67,"95539a58":47,"bd2705b0":78,"0785820e":71,"8063df14":54,"c38c2b52":66,"fead11cf":60,"d5059415":62,"8721056e":54,"cb142908":58,"629800eb":75,"7be025ce":63,"0a2f71bc":55,"3fdb08f5":57,"d141db49":60,"c0b0f492":73,"08a06557":82,"b2cfdbcf":63,"731fc335":49,"c91966ce":60,"7c0a2db6":70,"74c26380":59,"a0cf08b3":56,"d9a64845":62,"e9adbe58":58,"bb99c79c":66,"175bc6b2":60,"affb82bf":65,"51f57142":74,"3661e12d":61,"d1715f3b":67,"37fbb107":73,"84369269":65,"66d94227":53,"c81b2bcf":60,"e99318a3":54,"4ff2225d":60,"7732eb1e":86,"45fb95c1":73,"82b81567":59,"40569362":71,"761cf820":60,"00554ffd":72,"fe0df575":75,"3d1af513":79,"5acaa06f":49,"a0bc1ceb":60,"c6e3d352":72,"01cd8099":68,"c45d554f":65,"d25e0f8d":65,"7d112f4d":68,"913a6226":63,"21e10a2b":58,"85de05f2":68,"501db4de":63,"92136ff5":67,"5e193fc8":70,"b215547b":61,"8e99d5d0":67,"36380d96":70,"696fdac5":68,"b2c25d1c":66,"cd3bbe7e":72,"bb98a6cf":82,"58d46189":71,"56d315d8":54,"906632cb":55,"d033db8d":62,"5ccf94d6":64,"ae99df30":68,"90d52475":62,"91d52a55":68,"64db4feb":76,"725dce8b":63,"5eaa1581":61,"40860a4b":50,"aec4e1bf":67,"a47abfbb":59,"1ed46298":74,"a625328f":69,"f069bb07":64,"72d7b461":66,"d3a669ac":78,"5a07fc2e":62,"aaa274a5":65,"3c6692a3":68,"f1098793":68,"56752a4a":57,"a543ec74":65,"48655f09":76,"5b60dd1d":70,"004f1ef3":71,"016953e4":76,"f1dffa24":55,"60e855ee":66,"3a204e56":68,"a58bf525":63,"a502c93c":62,"bd62d7ed":57,"eebc8d43":68,"cb4f262b":70,"7566fdd6":67,"a6b5e869":62,"d2466211":77,"c1bb74f2":60,"e4c312fe":65,"056ea7ff":68,"a66a2d8a":68,"6c524f99":53,"869cbaa0":75,"e6ec8cbf":75,"9cb4697f":69,"e57d5cda":79,"8063df14":55,"be3a10f8":70,"e4cfef0a":55,"cb142908":59,"aa021138":70,"259930ee":71,"1623fc9f":62,"28d40296":50,"fbdffc95":55,"2af60749":74,"4fd645f1":52,"da04caac":68,"aa867541":55,"2c6cb96f":52,"a472532e":58,"313258f2":60,"6e44927f":55,"dd035d2a":61,"f87c5031":55,"315537b2":59,"6de0aaac":55,"22ecaed0":58,"2cb29e5a":73,"217c0327":42,"416a9e97":61,"815e4582":69,"6d802fa2":58,"b84a06eb":67,"54a676d6":59,"6db0ea86":62,"2d1e1e9d":60,"d36125db":74,"045f280d":68,"5acaa06f":50,"34658473":61,"3652bd66":62,"31f6d707":71,"45b038bb":87,"2e99f8fd":57,"00554ffd":73,"a851554d":82,"77898c22":53,"21ad2f34":57,"e1f0dbfd":67,"93e8cee5":72,"f9f2c53f":54,"f4343817":63,"5e193fc8":71,"34c5c729":62,"4e3f5178":67,"6b78ad7f":76,"53431634":81,"c0fea118":61,"655941a0":73,"9267f0ef":75,"e62d705f":57,"180377be":69,"1e191c98":46,"0af920d8":51,"8db62558":63,"0841052c":63,"d1fe2868":62,"37fbb107":74,"ce3407dd":69,"04643409":71,"789bd484":66,"449d8475":56,"7af9d3b1":71,"081460bf":66,"60d6cee2":64,"8d04852b":63,"68562193":52,"31f6ba51":61,"72805bf5":54,"508aac3d":63,"2180f99b":68,"064a99c8":60,"17807120":59,"b7df1559":69,"bc392d1c":57,"468fc85c":70,"c27969ec":66,"0f72f2d8":63,"e6ec8cbf":76,"0e2b5d2f":68,"2882a956":72,"be3a10f8":71,"ad2d7bed":67,"8ac72326":58,"6a7392d5":63,"1dad0f99":68,"4652b09a":75,"93b0a158":66,"cb142908":60,"2a76f1dd":52,"c4e70c07":62,"aab4d996":66,"c1bdfd41":66,"7be025ce":64,"e3547548":45,"4fd645f1":53,"88fa53d6":54,"7af262e5":72,"9cb4697f":70,"0d7d88f1":58,"056ea7ff":69,"c1bb74f2":61,"79be29c8":63,"fead11cf":61,"91536e85":72,"6f39f4d9":80,"7c0a2db6":71,"7896b953":68,"da04caac":69,"5f96c2bc":50,"d8e58a8c":71,"3c0df8b4":70,"95904ac4":82,"9fa62fee":62,"6a3eaf43":65,"aaa274a5":66,"8cd78f77":79,"fd369c21":72,"21ee2afe":72,"25a7a0a3":66,"546f6845":74,"8547fbc2":65,"f3d68430":68,"623c6a31":64,"945b63f0":82,"0b3283c9":70,"6d61bf13":56,"a58bf525":64,"5b60dd1d":71,"004f1ef3":72,"09f0db62":88,"e7e82473":78,"0be540c5":64,"578f6e9e":72,"69f3bfcc":66,"a6bcb07e":71,"a4dafea5":58,"411b5027":65,"32c9fc47":59,"b377a62a":57,"d33790a2":78,"00554ffd":74,"d0e9a58e":56,"ea274174":68,"92d38723":72,"5a0ead91":55,"547903ef":71,"92136ff5":68,"4eed1bea":70,"e1f0dbfd":68,"6b9eff39":61,"51c57542":70,"f4343817":64,"c0fea118":62,"f2086446":71,"f121b82c":71,"6fb4cdda":70,"0da28f5b":68,"288d171f":58,"9f2b16a7":65,"906632cb":56,"b6591e25":65,"d1fe2868":63,"394dc144":68,"66d94227":54,"25d1b2d8":63,"a983a6dc":61,"cf775f58":67,"77f31bab":65,"5774ac0d":74,"d6d61bfc":76,"a6003226":60,"61d4782d":67,"bb8a6337":59,"cf52025e":59,"4febf7c5":70,"458dcc3d":70,"4b4ef7fa":63,"a636f4c9":78,"2d382981":65,"c6e3d352":73,"87c462ee":61,"f56ac638":55,"82204d54":61,"ee21ad02":71,"c510bfd3":76,"e6ec8cbf":77,"78467b8a":70,"b3f19a69":64,"ca6d2d91":67,"db703021":58,"74f234c6":60,"026766f3":56,"c8977844":65
1604737497588,"cc6bbe45":58,"d9d7c4c2":68,"ba30e43a":76,"0f029727":62,"0b959527":64,"57167c74":70,"5ab7bc35":70,"21ad2f34":58,"92136ff5":69,"6b9eff39":62,"18d20aa1":61,"42c80e69":70,"64db4feb":77,"730338c4":81,"f069bb07":65,"22234d6b":68,"d0d6acb1":62,"9147702f":56,"d3a669ac":79,"835358a0":53,"3f65f121":67,"217c0327":43,"546f6845":75,"3454fa2b":60,"affb82bf":66,"f734c84c":79,"85de05f2":69,"51c57542":71,"685207b3":69,"f3992a31":69,"a836aa93":65,"8274885a":71,"77d35808":66,"1da771fb":63,"0b3283c9":71,"014bdff0":73,"7ee148e9":57,"5099c6a0":75,"06ddafc7":59,"2d1e1e9d":61,"bab97de3":76,"e7e82473":79,"88a30343":68,"489a39f7":58,"b2703001":58,"4ac6bd4e":49,"c85a0d80":69,"f598a332":66,"19551bad":63,"8fb236a9":62,"6c20c153":60,"a59a8290":61,"9c29f0ed":73,"6841f77e":76,"9a07d89b":73,"385ab7c6":60,"cd522166":81,"cc5a1d47":55,"2b698053":62,"753ca352":58,"ffa08d82":73,"8db5a165":52,"da04caac":70,"71ba7561":65,"a5fd8ffd":70,"ec110282":67,"4c4aa2e2":68,"1e232870":70,"d033db8d":63,"026766f3":57,"b6591e25":66,"d634aa28":74,"a4f1d83b":67,"5cd3cfe0":51,"be40590d":65,"4c39240e":63,"65a00a3c":66,"30c5d755":72,"ef8321d8":64,"416a9e97":62,"a1921150":71,"b8ab8e6e":63,"77f31bab":66,"c6c85783":73,"04643409":72,"2b3e4717":63,"c98d5272":69,"aa021138":71,"4777334c":59,"4def63ee":51,"caddd0a7":77,"fd482491":74,"5ef93e5d":51,"fa55f27a":78,"288afc30":64,"554ebb83":62,"336d0f08":69,"1ff8c2fc":65,"379184a7":72,"12a2cd4b":74,"b6aaf976":72,"946df4fd":66,"1c3a30c5":60,"742f1425":62,"481754fc":54,"0eaf08da":72,"e9a8cf11":67,"2ab62345":57,"725dce8b":64,"71279c46":58,"181c3dd5":59,"bfcb912a":69,"c852d240":63,"39ba00f0":65,"9147702f":57,"d744bee2":62,"383e232d":61,"7e991ab9":53,"fb7482fe":61,"778c95e9":64,"12dd6f5e":59,"88432019":62,"92136ff5":70,"7e8e1c3d":59,"feb67030":59,"c95719e5":58,"93ac9ca3":62,"60e855ee":67,"d599b566":81,"004f1ef3":73,"22aeaf03":68,"c564e316":70,"4b3e3b1c":67,"6d802fa2":59,"d6db2b02":71,"fb44fa9c":73,"6db0ea86":63,"54a676d6":60,"3310a049":71,"2209903e":65,"54d7de6b":72,"1a442bc7":64,"f67de058":60,"2882a956":73,"dc0c8b09":75,"16b476e9":53,"a8c93bed":68,"8bc04eb5":54,"7a4c064c":71,"9a3ab0b8":53,"c38c2b52":67,"6b82b527":57,"8b5a8e9f":80,"d7cb9bcf":67,"93b0a158":67,"1105f790":74,"621d6b18":73,"cfafcda8":64,"77bfed7e":67,"869cbaa0":76,"7e95c5a0":49,"a901627e":58,"8ea21393":61,"e0154608":53,"288d171f":59,"0149e11a":55,"ccb5ea3e":55,"2e3503e4":62,"9b172ca8":56,"e62d705f":58,"77300e4a":60,"5e193fc8":72,"a4f1d83b":68,"ebdbf580":63,"467773ac":62,"a8726d50":50,"0841052c":64,"110b1ee3":73,"dae0f922":66,"affb82bf":67,"ac38a6a5":69,"3661e12d":62,"9a467a82":64,"f5596d0f":74,"84369269":66,"9d9dd9e5":59,"8ec3834d":74,"37fbb107":75,"5a0eb771":64,"66d94227":55,"bda8cdfb":70,"e786063b":62,"e32524d6":66,"dac109cf":60,"7e76c93c":73,"288afc30":65,"8323d333":57,"a533489b":75,"ef16ca37":62,"1bd5b20b":72,"50312237":64,"4ea4a2a1":77,"59c1e594":74,"cac4449a":50,"c27969ec":67,"71bc1295":66,"2c24d929":75,"73b15e04":60,"ac62fac2":73,"aa021138":72,"859545e6":47,"2045d7d6":58,"313258f2":61,"3f75d3bc":68,"4abb7aed":58,"83b2f9c5":73,"616d6dd6":65,"d5dae4c4":76,"af034fee":55,"c93c3508":51,"7af9d3b1":72,"b230e8d3":65,"b7cc7909":59,"dcfaba4c":59,"227006e4":65,"26c390d6":59,"8cd78f77":80,"af0b61ab":70,"272c7672":65,"2a06ab95":71,"b947257e":74,"c793cdda":62,"c95719e5":59,"77d35808":67,"95d3d348":56,"2c5c1dc0":61,"b769bdfb":71,"22aeaf03":69,"dc583e64":63,"159ffd0b":41,"de36827b":79,"e8f173b5":62,"f044c0e1":52,"ce4da56f":64,"a24e6670":72,"95f6db13":54,"debe1f65":73,"f734c84c":80,"df81ddee":61,"733c86f8":60,"c38c2b52":68,"d2466211":78,"30c184b8":67,"00a17b46":62,"93b0a158":68,"ef91eaae":54,"4c0e547b":58,"dffa7793":46,"10ec5a0b":65,"dfcc2ad1":80,"056ea7ff":70,"e382ec3f":57,"8ea21393":62,"4e5aaaec":58,"ebdbf580":64,"4b4ecbce":61,"7bebff03":58,"efd23af5":61,"d548635d":61,"bd984a8e":57,"104721f0":67,"80a8a56d":63,"145c7559":71,"f4634d0b":57,"906632cb":57,"20e470e0":64,"026766f3":58,"8942c35b":67,"c8977844":66,"a4f1d83b":69,"217c0327":44,"25a7a0a3":67,"ec2cb1af":66,"ac38a6a5":70,"d1715f3b":68,"623c6a31":65,"416a9e97":63,"6e98dfda":67,"1b881e6e":75,"394dc144":69,"c4e70c07":63,"d0c0fc08":63,"8f2a7d69":53,"f9c15fcc":68,"379184a7":73,"1ff8c2fc":66,"8d000d6e":60,"4febf7c5":71,"336d0f08":70,"d82592f4":66,"014460b9":81,"4652b09a":76,"9fce073c":68,"c463799d":75,"1745a0f4":67,"bf30a08f":74,"7f6d1d0e":79,"fee32863":59,"e865e4dd":67,"00cf385d":76,"345c9967":65,"db8ba455":75,"8a165e17":67,"aa76bc50":59,"74c26380":60,"1d44aff3":68,"2154b6e8":60,"df2b4d87":60,"d141db49":61,"37a7d5b0":71,"5f620a1e":76,"5957df9e":64,"f4b2f575":54,"5d087c79":67,"5f7d7195":63,"c4bff41f":62,"2132fe93":74,"5a734022":63,"f94bf9ea":60,"dcfaba4c":60,"76f3a3be":66,"6867261a":58,"383e232d":62,"eb7b4e29":59,"d1ca5d6b":75,"39ba00f0":66,"9147702f":58,"fb7482fe":62,"d744bee2":63,"a543ec74":66,"792cfcbd":53,"a5aee5de":76,"2d382981":66,"481754fc":55,"1951480c":70,"82868763":61,"b1f58563":63,"3a204e56":69,"8274885a":72,"c95719e5":60,"1da771fb":64,"2cce4fb2":75,"59431390":66,"4945c851":73,"a8871ddf":66,"d6db2b02":72,"4ff2225d":61,"b2703001":59,"0d770b97":73,"d4d5f466":69,"bd2705b0":79,"afe8e06a":56,"ee21ad02":72,"55928ef1":65,"8063df14":56,"5b5fc566":57,"abad2347":62,"b87158fb":71,"056ea7ff":71,"78b97937":71,"e356abf1":72,"0bfabf48":65,"cfafcda8":65,"6f39f4d9":81,"6a5b71b4":70,"b8488fc8":61,"30b6808c":58,"7fb4c521":60,"8f9b74b0":55,"c8dc010f":73,"e21c6207":61,"feb67030":60,"c650b434":72,"93e8cee5":73,"44ff8baa":60,"685207b3":70,"d548635d":62,"c85a0d80":70,"c4feee5b":64,"6fb4cdda":71,"8e99d5d0":68,"288d171f":60,"1a2ec5d7":70,"d634aa28":75,"110b1ee3":74,"d033db8d":64,"30d84dce":61,"9e206c95":78,"18815a1b":65,"53a8613c":78,"4469c815":51,"f3d68430":69,"2cb29e5a":74,"eeaa2d46":62,"1634789b":67,"794f652b":60,"2a387957":76,"bf822e33":67,"ce3407dd":70,"c6c85783":74,"a68a93b2":60,"be40590d":66,"6034b6d0":67,"fafb4cc2":88,"d5dae4c4":77,"7ae34c64":70,"42cd2360":56,"ec110282":68,"a5676c24":62,"3101354b":58,"1b153aef":62,"fa55f27a":79,"08a4c3f8":66,"92d38723":73,"8245f916":58,"8f2a7d69":54,"8493f3b2":75,"064a99c8":61,"6ebe2354":57,"aa00769b":78,"73b15e04":61,"719c8869":78,"d9d7c4c2":69,"d6f0d94a":53,"62d1d346":51,"e3547548":46,"25776fc4":74,"ffc86f94":61,"36684155":65,"bfcb912a":70,"c4bff41f":63,"32133249":69,"35aa7fd0":74,"61d4782d":68,"c852d240":64,"03b4ab60":67,"de6213c7":68,"9147702f":59,"084cbc0b":61,"dd7acb96":65,"383e232d":63,"bca2d7cd":61,"4bcd4a30":84,"7f6d1d0e":80,"dffa7793":47,"51a3e9c2":69,"25a2844e":71,"e4c312fe":66,"d78dd457":56,"bd62d7ed":58,"20811ddf":64,"e0e48a2d":68,"9d023afb":75,"4c0e547b":59,"6ee92259":70,"9fce073c":69,"bc392d1c":58,"2d382981":67,"26c6fa34":60,"263762cb":60,"014bdff0":74,"a58bf525":65,"3e082b37":62,"d1676e89":67,"8dc9b4db":68,"004f1ef3":74,"11888cfa":62,"06ddafc7":60,"69f3bfcc":67,"820225e4":53,"4eed1bea":71,"9d0546ac":59,"3ef7432b":72,"6bc5d32a":81,"25e0dd3d":72,"efd23af5":62,"69134f07":66,"8ea21393":63,"cb51f134":69,"e9679ede":59,"f76a3e83":66,"7f86be64":66,"f598a332":67,"696fdac5":69,"f2ca27d9":59,"7d6895f4":60,"3454fa2b":61,"ec2cb1af":67,"4d35385e":63,"dfa1a89b":62,"d6320619":70,"d5557fb4":68,"110b1ee3":75,"467773ac":63,"5ccf94d6":65,"93683c82":64,"6f81493d":62,"dbd2f139":78,"58d46189":72,"6d802fa2":60,"1138796e":64,"59431390":67,"288afc30":66,"d33790a2":79,"761cf820":61,"5acaa06f":51,"50312237":65,"6f0fcb9d":74,"3a1b9af5":57,"a5aee5de":77,"78467b8a":71,"4f59a322":66,"0785820e":72,"50b558a7":54,"c803b4a3":64,"87cd2add":62,"e28c2efc":59,"9496f56f":69,"fd482491":75,"83b2f9c5":74,"7ae34c64":71,"8db5a165":53,"f905a555":59,"56473430":69,"91f7ef72":64,"04ea5673":70,"638cb163":85,"c015ec5a":64,"b7505747":69,"c8fcad77":64,"ce3bf5db":65,"ca7d47f7":69,"9d9dd9e5":60,"c6c85783":75,"6adce358":72,"a1921150":72,"44a4f7cd":60,"c67979e6":79,"64db4feb":78,"17446892":61,"7af9d3b1":73,"03b4ab60":68,"e4714415":75,"540df50f":74,"0681c48e":72,"1f7607df":48,"272c7672":66,"7e991ab9":54,"5acce642":68,"a502c93c":63,"cb4f262b":71,"30c184b8":68,"cf52025e":60,"4cc141fa":50,"6ebe2354":58,"03c398d2":69,"812b4f15":59,"ad8f85d6":73,"d1676e89":68,"e45b4b53":51,"363590c7":63,"77d35808":68,"6085137f":46,"5b60dd1d":72,"82868763":62,"5a622a23":58,"c455f40e":58,"913a6226":64,"07107f6e":70,"21e10a2b":59,"f734c84c":81,"2ad42a9e":60,"c0fea118":63,"c7313e0a":69,"c382f054":67,"69d4b754":65,"2d54e0a8":52,"d744bee2":64,"730338c4":82,"0d2a1c58":57,"ccdd1ce6":55,"d3e84616":78,"6d5fcd4c":64,"7d6895f4":61,"9c045c61":68,"eeaa2d46":63,"22ecaed0":59,"696fdac5":70,"c21ab51e":51,"dcf85091":54,"430a5db5":79,"1f11812e":61,"26009d3f":65,"159ffd0b":42,"69f3bfcc":68,"32c9fc47":60,"cf84fb54":72,"411b5027":66,"bbe71605":61,"f9c15fcc":69,"b2a8761b":64,"ea274174":69,"288afc30":67,"08a4c3f8":67,"0ac825ed":67,"554ebb83":63,"3b690f68":76,"9316e7e8":52,"9a3ab0b8":54,"a6b5e869":63,"13b53c7a":68,"e0e48a2d":69,"7ee7621c":62,"eebc8d43":69,"be3a10f8":72,"7f6d1d0e":81,"597c1f81":53,"2a4a402a":63,"9aa6a054":58,"1105f790":75,"1dad0f99":69,"d5059415":63,"9496f56f":70,"cc5a1d47":56,"053f3451":65,"c91966ce":61,"b28a5e67":68,"a15713c6":74,"6023df54":64,"69eeae0d":68,"61145ec9":78,"537634c9":55,"f1b493de":74,"c3e6ef01":70,"ca6d2d91":68,"7043382d":67,"14c682eb":64,"28d40296":51,"5ab7bc35":71,"e3547548":47,"b5ce0c0c":68,"3fdb08f5":58,"8a52882e":68,"8ec3834d":75,"a983a6dc":62,"e99318a3":55,"0670c466":64,"c67979e6":80,"815e4582":70,"60d6cee2":65,"725dce8b":65,"8cddb65e":72,"5f6613c8":57,"c4bff41f":64,"24a9fb86":72,"b35bb8a1":56,"804d4dfa":55,"aefe13f5":69,"59c1e594":75,"cbad3b92":77,"d8475b95":48,"6be9332a":65,"a636f4c9":79,"27f52ed3":84,"971675c5":78,"0b3283c9":72,"004f1ef3":75,"a58bf525":66,"317c1591":62,"20777945":61,"07107f6e":71,"547903ef":72,"c650b434":73,"f734c84c":82,"3007f31f":61,"cd421290":63,"8e99d5d0":69,"1a2c020b":61,"70c1e715":67,"70bc8325":62,"aaa274a5":67,"f271ed5d":63,"af0b61ab":71,"0bd93cfd":49,"2f455cce":66,"08c6b5d2":66,"546f6845":76,"53a8613c":79,"3661e12d":63,"2cb29e5a":75,"8547fbc2":66,"e9adbe58":59,"e7abc88d":47,"0dad37d5":65,"145c7559":72,"1247fa52":67,"d34a29b9":71,"016953e4":77,"0114160e":66,"4ff2225d":62,"cf84fb54":73,"66554572":52,"e8f173b5":63,"ce4da56f":65,"2cce4fb2":76,"c4aa1e38":58,"34658473":62,"9e878ec2":82,"8323d333":58,"f1862e79":55,"fe0df575":76,"f9c15fcc":70,"95d331b1":54,"bf30a08f":75,"1a442bc7":65,"062179c1":62,"7ee7621c":63,"c1bb74f2":62,"ae99df30":69,"78b97937":72,"6b82b527":58,"7fdc2007":60,"124fbe96":61,"a8c93bed":69,"b9be31d6":63,"733c86f8":61,"76f94eda":66,"4c0e547b":60,"1dad0f99":70,"0785820e":73,"b73e789c":63,"53b4e647":81,"ffa08d82":74,"74c26380":61,"0a1d11e6":52,"2c6cb96f":53,"6023df54":65,"ef8987d7":64,"b28a5e67":69,"abc1d7ad":68,"f1b493de":75,"655941a0":74,"30dbfc69":61,"c2bb8aae":61,"8db62558":64,"db703021":59,"3f9b5722":56,"c015ec5a":65,"e5d3655c":73,"c4e70c07":64,"f8b31ce5":82,"e3547548":48,"2af60749":75,"c1bdfd41":67,"254cc28c":74,"77bae750":54,"50d129cf":59,"b8ab8e6e":64,"c6c85783":76,"36684155":66,"c98d5272":70,"6df0b2e8":83,"9b3f8714":66,"6867261a":59,"13747b82":65,"5a734022":64,"5e09f69e":69,"b7cc7909":60,"23080895":56,"a43061ee":55,"458dcc3d":71,"4b4ef7fa":64,"27c8e038":70,"56752a4a":58,"0f72f2d8":64,"263762cb":61,"317c1591":63,"805534ac":63,"c8dc010f":74,"f9f2c53f":55,"b6ee137a":64,"1f342a00":75,"778c95e9":65,"5747db6e":69,"272c7672":67,"22234d6b":69,"fb7482fe":63,"aec074c4":77,"1d153b20":67,"15620dca":73,"bc021def":79,"945b63f0":83,"af157d29":69,"6d5fcd4c":65,"315537b2":60,"21e10a2b":60,"daab45c6":63,"e7abc88d":48,"913a6226":65,"0a92153e":62,"0da28f5b":69,"470d50c2":67,"b2c25d1c":67,"fe1d4419":70,"93ac9ca3":63,"6085137f":47,"5099c6a0":76,"60e855ee":68,"32c9fc47":61,"11888cfa":63,"1138796e":65,"90731976":61,"59431390":68,"bbe71605":62,"66554572":53,"4ea4a2a1":78,"45b038bb":88,"2e99f8fd":58,"b4fdf90e":66,"02d4753e":78,"408bb2ed":51,"69d4b754":66,"f76a3e83":67,"ee75b607":67,"a567ace4":65,"dffa7793":48,"478d2d4f":77,"bd2705b0":80,"78b97937":73,"9cb4697f":71,"9d023afb":76,"2882a956":74,"1bc0591f":73,"1a442bc7":66,"78467b8a":72,"87c462ee":62,"7a4c064c":72,"50b558a7":55,"91536e85":73,"e28c2efc":60,"6f39f4d9":82,"00a17b46":63,"056ea7ff":72,"faf4f98b":65,"d9a64845":63,"dc03ebd2":82,"f3a0c2ee":64,"a15713c6":75,"aa867541":56,"b28a5e67":70,"7896b953":69,"61f25dd4":76,"a68a93b2":61,"8942c35b":68,"c8977844":67,"ca6d2d91":69,"c3e6ef01":71,"1e7753d9":76,"e1571af7":72,"75ffea08":68,"14c682eb":65,"2045d7d6":59,"4fd645f1":54,"6e98dfda":68,"f66616b7":55,"5339e1e9":64,"8ec3834d":76,"0f1ac912":53,"37fbb107":76,"5a0eb771":65,"57d5dee8":72,"081460bf":67,"b35bb8a1":57,"4777334c":60,"49b358bd":65,"6585adbe":54,"a0bc1ceb":61,"bc392d1c":59,"27c8e038":71,"f1098793":69,"be1746a0":53,"48655f09":77,"dfc89705":69,"20777945":62,"4911acad":53,"2132fe93":75,"725dce8b":66,"dcfaba4c":61,"7db3edda":68,"d744bee2":65,"2c01e624":60,"ef1c2dcb":60,"ea822700":53,"dd7acb96":66,"508aac3d":64,"f87c5031":56,"945b63f0":84,"21ee2afe":73,"6d5fcd4c":66,"15620dca":74,"eafbf9fb":70,"5a622a23":59,"51c57542":72,"efd23af5":63,"daab45c6":64,"cd421290":64,"3a204e56":70,"f2470875":72,"3712c4bd":58,"8e4c33d2":71,"26f99a1e":69,"b1f58563":64,"5270f158":60,"8cf83787":58,"f044c0e1":53,"5678ed7b":83,"f277386e":54,"1438fad7":66,"b2703001":60,"045f280d":69,"9263c525":59,"ee75b607":68,"8721056e":55,"1c0a9eff":62,"e5b1abc6":62,"bf30a08f":76,"f5e8dfee":71,"935ec056":56,"16b476e9":54,"70ee0491":51,"afe8e06a":57,"91b28f83":67,"92ca52b7":64,"ee21ad02":73,"10ec5a0b":66,"76f94eda":67,"831c7b85":64,"053f3451":66,"619fda68":69,"9c29f0ed":74,"2b698053":63,"50c468ba":62,"3f75d3bc":69,"b3863630":59,"e1f0dbfd":69,"696fdac5":71,"d34a29b9":72,"288d171f":61,"efe84c27":54,"754f98c9":67,"9267f0ef":76,"0c043224":75,"f4634d0b":58,"180377be":70,"56d315d8":55,"66497c7e":64,"19e9776f":74,"be40590d":67,"2154b6e8":61,"7043382d":68,"bb99c79c":67,"f66616b7":56,"ccf8b803":56,"4ed01268":60,"6adce358":73,"527ff946":69,"25d1b2d8":64,"99e171db":65,"75ffea08":69,"805af3c7":63,"e3547548":49,"92f800f5":62,"65a00a3c":67,"7c0a2db6":72,"49cb2959":69,"69eeae0d":69,"42cd2360":57,"b2cfdbcf":64,"dd035d2a":62,"761cf820":62,"b377a62a":58,"408bb2ed":52,"67f6e4f2":68,"8323d333":59,"de11eb19":76,"064a99c8":62,"a5aee5de":78,"73b15e04":62,"2198ba8e":64,"bc392d1c":60
1604737498147,"48655f09":78,"aa00769b":79,"32133249":70,"081460bf":68,"5a734022":65,"725dce8b":67,"2132fe93":76,"dc473de1":62,"540df50f":75,"f4726450":61,"70bc8325":63,"2180f99b":69,"0d2a1c58":58,"284544ba":70,"dd7acb96":67,"6a3eaf43":66,"b946e146":77,"72b84094":75,"014bdff0":75,"836701f6":57,"b935fc1c":58,"8dd649a3":55,"437fc3ec":62,"b769bdfb":72,"27f52ed3":85,"cf50e84e":69,"fb44fa9c":74,"69f3bfcc":69,"05642105":63,"8298e976":72,"820225e4":54,"90731976":62,"e35a63cd":67,"8063df14":57,"6841f77e":77,"67d30f2b":65,"78b97937":74,"f2e3c0e3":57,"124fbe96":62,"fea793f5":65,"2bcca6a7":82,"7fdc2007":61,"1757a30e":58,"a502c93c":64,"8007f30e":47,"869cbaa0":77,"87cd2add":63,"54d7de6b":73,"c803b4a3":65,"7566fdd6":68,"30b6808c":59,"619fda68":70,"9c29f0ed":75,"51c57542":73,"9d0546ac":60,"26dd2000":68,"40e79dd3":59,"f33c0140":69,"d25e0f8d":66,"704bce0d":65,"f9f2c53f":56,"c7313e0a":70,"34c5c729":63,"efe84c27":55,"2e3503e4":63,"e1618359":70,"f883d582":60,"b7434f57":57,"31408822":59,"40a745c0":68,"0af920d8":52,"d033db8d":65,"30fdcd3b":64,"d3e84616":79,"7d6895f4":62,"f87c5031":57,"f3d68430":70,"30dd2edc":65,"9e206c95":79,"4ed01268":61,"47d27624":68,"77f31bab":67,"a1921150":73,"a9b1bd51":51,"1b881e6e":76,"e99318a3":56,"04ea5673":71,"3fdb08f5":59,"e32524d6":67,"4abb7aed":59,"db8ba455":76,"da04caac":71,"6023df54":66,"91f7ef72":65,"4bc46d7a":64,"5f96c2bc":51,"0a2f71bc":56,"fce3c5c6":54,"761cf820":63,"332820ce":69,"5f8517b7":80,"9e878ec2":83,"7a6aa4b6":66,"1bd5b20b":73,"5acaa06f":52,"01cd8099":69,"a5aee5de":79,"a43061ee":56,"17807120":60,"cf52025e":61,"aa00769b":80,"26c6fa34":61,"c4e70c07":65,"c0b0f492":74,"5a734022":66,"9b3f8714":67,"3a1d1632":43,"40860a4b":51,"31f6ba51":62,"32133249":71,"6632fed0":74,"8cd78f77":81,"284544ba":71,"2d54e0a8":53,"aaa274a5":68,"8657c79d":80,"98915a1f":52,"1f342a00":76,"263762cb":62,"60e855ee":69,"71ff66e8":59,"b935fc1c":59,"82868763":63,"8e4c33d2":72,"5781776a":71,"b552beb3":61,"b2703001":61,"cf84fb54":74,"fb44fa9c":75,"6db0ea86":64,"54a676d6":61,"a24e6670":73,"92ca52b7":65,"cd522166":82,"7f6d1d0e":82,"05f6ab35":66,"04bef50c":45,"91b28f83":68,"70ee0491":52,"91536e85":74,"f5e8dfee":72,"4b125e7b":71,"e6ec8cbf":78,"7e95c5a0":50,"afe8e06a":58,"9b546d65":61,"3b2dee89":65,"d7cb9bcf":68,"6a5b71b4":71,"16b476e9":55,"6f39f4d9":83,"8ac72326":59,"72b84094":76,"c45d554f":66,"7d112f4d":69,"9d0546ac":61,"7e8e1c3d":60,"3007f31f":62,"754f98c9":68,"5fa12feb":65,"c0fea118":64,"1a68160d":67,"f2086446":72,"655954ba":67,"79f04300":65,"26ed1a5c":61,"6b78ad7f":77,"0c0e98ea":53,"751bcf25":64,"d634aa28":76,"ddec9e54":59,"467773ac":64,"8cc4a982":58,"175bc6b2":61,"53a8613c":80,"22ecaed0":60,"eafbf9fb":71,"51f57142":75,"2dda3936":63,"e15fd611":55,"77bae750":55,"48efc739":78,"99e171db":66,"97e75c19":76,"2b3e4717":64,"f66616b7":57,"180377be":71,"cf9f4757":50,"fafb4cc2":89,"e865e4dd":68,"4abb7aed":60,"3a291497":59,"d5dae4c4":78,"a15713c6":76,"61145ec9":79,"5ee911b5":63,"db0a661e":67,"36fb15d2":64,"45b038bb":89,"b7407bd3":60,"0ac825ed":68,"31f6d707":72,"064a99c8":63,"946df4fd":67,"99d130c9":71,"c6e3d352":74,"35b58ef9":60,"df2b4d87":61,"49b358bd":66,"d9f512b9":73,"c1bdfd41":68,"c0b0f492":75,"37a7d5b0":72,"ca7d47f7":70,"71279c46":59,"12534561":55,"9b3f8714":68,"40860a4b":52,"031e488e":69,"5f6613c8":58,"7af9d3b1":74,"7e991ab9":55,"b7832271":63,"5747db6e":70,"835358a0":54,"e58b26f6":64,"778c95e9":66,"c793cdda":63,"17807120":61,"792cfcbd":54,"71ff66e8":60,"b1f58563":65,"60e855ee":70,"fe1d4419":71,"e238f09b":65,"22aeaf03":70,"0b3283c9":73,"d6db2b02":73,"fb44fa9c":76,"6db0ea86":65,"159ffd0b":43,"6a60348e":64,"eebc8d43":70,"dc0c8b09":76,"00cf385d":77,"2a4a402a":64,"51a3e9c2":70,"70ee0491":53,"79be29c8":64,"6c524f99":54,"733c86f8":62,"a6b5e869":64,"cb142908":61,"6841f77e":78,"1745a0f4":68,"9fce073c":70,"87c462ee":63,"056ea7ff":73,"7ee7621c":64,"77898c22":54,"44ff8baa":61,"a0cca8b7":58,"feb67030":61,"c85a0d80":71,"21e10a2b":61,"1a68160d":68,"2b3c49b9":72,"69d4b754":67,"261c9911":72,"0dad37d5":66,"972f4174":76,"c0fea118":65,"4c4aa2e2":69,"110b1ee3":76,"6e24d88b":67,"66b7b5b4":60,"58d46189":73,"affb82bf":68,"d3e84616":80,"6d339d45":61,"b946e146":78,"bc021def":80,"8cc4a982":59,"ccdd1ce6":56,"6adce358":74,"77bae750":56,"6e98dfda":69,"c6c85783":77,"5f7d7195":64,"cf1124db":60,"8db62558":65,"e62d705f":59,"1f88a4b7":73,"045f280d":70,"288afc30":68,"b2a8761b":65,"336d0f08":71,"c7c4ec5c":54,"4ba6eb36":70,"d0b297b2":58,"de11eb19":77,"d8475b95":49,"cf9f4757":51,"0d7d88f1":59,"1dad0f99":71,"385ab7c6":61,"d9d0c567":61,"012de09c":59,"69eeae0d":70,"195eb771":63,"b28a5e67":71,"fe44fc6f":68,"2dd0e808":67,"2154b6e8":62,"868cda42":55,"e5d3655c":74,"65a00a3c":68,"9e65c0ef":62,"0a2f71bc":57,"3bad3c95":47,"2b3e4717":65,"088feee2":72,"8d04852b":64,"dcfaba4c":62,"b35bb8a1":58,"aec4e1bf":68,"a2c334e7":84,"aec074c4":78,"cbb54a0a":57,"42c80e69":71,"181c3dd5":60,"0d2a1c58":59,"911e770b":64,"d552eb2f":66,"72d7b461":67,"8eb64769":61,"aa00769b":81,"12271e14":61,"804d4dfa":56,"792cfcbd":55,"1c3a30c5":61,"fb7b7b3c":78,"f5cd79c1":55,"83086d4c":66,"09f0db62":89,"836701f6":58,"a40846b7":69,"c7ab83c1":53,"2a4a402a":65,"cfafcda8":66,"b8488fc8":62,"2352c8ef":56,"f0a06216":61,"8721056e":56,"e4c312fe":67,"c463799d":76,"4258c176":63,"9cb4697f":72,"0e2b5d2f":69,"8fb236a9":63,"d815c5b4":77,"7a840529":46,"d2466211":79,"6b82b527":59,"547903ef":73,"7b6a7048":71,"ecfa8249":68,"ded7da5a":69,"77898c22":55,"261c9911":73,"44ff8baa":62,"c7313e0a":71,"dbc9df44":53,"4e3f5178":68,"6fb4cdda":72,"b2c25d1c":68,"4b4ecbce":62,"f3992a31":70,"ea822700":54,"57540cc3":71,"e9adbe58":60,"dfa1a89b":63,"88432019":63,"175bc6b2":62,"ec2cb1af":68,"ccdd1ce6":57,"84369269":67,"b8ab8e6e":65,"44a4f7cd":61,"6adce358":75,"77f31bab":68,"cc11fef9":71,"430a5db5":80,"0c043224":76,"d0c104c4":53,"66497c7e":65,"013ee301":70,"b552beb3":62,"159ffd0b":44,"90731976":63,"88a30343":69,"411b5027":67,"0be540c5":65,"40569362":72,"9260d96b":77,"36fb15d2":65,"2e99f8fd":59,"5f8517b7":81,"9263c525":60,"49bf2e95":49,"d634aa28":77,"cf1124db":61,"6a5b71b4":72,"d83870f5":65,"9c29f0ed":76,"87083264":69,"9f74b8a4":58,"c91966ce":62,"abc1d7ad":69,"f3a0c2ee":65,"b28a5e67":72,"ec110282":69,"4abb7aed":61,"d9a64845":64,"c4e70c07":66,"49b358bd":67,"9bdf362a":58,"805af3c7":64,"0a2f71bc":58,"df2b4d87":62,"9e65c0ef":63,"d5557fb4":69,"aff8e442":66,"13747b82":66,"8cddb65e":73,"03b4ab60":69,"dcfaba4c":63,"0ecfa1c9":63,"6df0b2e8":84,"081460bf":69,"2d13e69b":68,"b7832271":64,"1f342a00":77,"4b4ef7fa":65,"742f1425":63,"99d130c9":72,"c609739e":71,"cac4449a":51,"12a2cd4b":75,"bad6cdb1":63,"6085137f":48,"93ac9ca3":64,"c318d350":66,"0042f6eb":75,"cfafcda8":67,"dfcc2ad1":81,"92ca52b7":66,"1bb4ccc0":64,"91b28f83":69,"9a3ab0b8":55,"2352c8ef":57,"7ee7621c":65,"c650b434":74,"f9f2c53f":57,"40e79dd3":60,"4295ce9a":75,"feb67030":62,"8ea21393":64,"c7313e0a":72,"f734c84c":83,"104721f0":68,"fe578280":65,"cb51f134":70,"3c6692a3":69,"e58b26f6":65,"9ab755d3":59,"af0b61ab":72,"36d340f2":61,"b946e146":79,"ef8321d8":65,"8547fbc2":67,"9a467a82":65,"3454fa2b":62,"865d9857":53,"c5b35e4d":63,"972f4174":77,"704bce0d":66,"8dd649a3":56,"014bdff0":76,"5270f158":61,"a6bcb07e":72,"b935fc1c":60,"e7e82473":80,"3310a049":72,"a24e6670":74,"a4dafea5":59,"489a39f7":59,"045f280d":71,"1b153aef":63,"7a6aa4b6":67,"6f0fcb9d":75,"8323d333":60,"9263c525":61,"2e99f8fd":60,"e0e6a097":61,"cc11fef9":72,"0841052c":65,"b7434f57":58,"30d84dce":62,"0d5ee801":57,"0e2b5d2f":70,"67d30f2b":66,"935ec056":57,"8fb236a9":64,"76f94eda":68,"730a4938":69,"677c6a09":75,"50c468ba":63,"6a5b71b4":73,"1dad0f99":72,"056ea7ff":74,"faf4f98b":66,"f905a555":60,"45b5746e":64,"71ba7561":66,"6e44927f":56,"aa76bc50":60,"28654c76":78,"fe44fc6f":69,"3b690f68":77,"30fdcd3b":65,"859545e6":48,"aab4d996":67,"ba30e43a":77,"7e76c93c":74,"7043382d":69,"08a06557":83,"ea6de194":62,"a983a6dc":63,"d957f027":59,"0f1ac912":54,"b8ab8e6e":66,"a9b1bd51":52,"37fbb107":77,"c98d5272":71,"12534561":56,"e4714415":76,"0681c48e":73,"ed4fad08":69,"540df50f":76,"c9efc8f6":67,"8d04852b":65,"aefe13f5":70,"baebb391":79,"9fc713b0":65,"03dcfa3d":66,"a636f4c9":80,"4febf7c5":72,"87ce8d1d":56,"e35a63cd":68,"13b53c7a":69,"85de05f2":70,"b6ee137a":65,"bfad1727":63,"c650b434":75,"40e79dd3":61,"a625328f":70,"084cbc0b":62,"92efd84f":68,"284544ba":72,"8657c79d":81,"7e991ab9":56,"b7832271":65,"217c0327":45,"4d35385e":64,"25a7a0a3":68,"a77e8461":61,"546f6845":77,"2dda3936":64,"3f65f121":68,"27d8bf51":66,"0a92153e":63,"f4343817":65,"754f98c9":69,"145c7559":73,"acac14fb":61,"77d35808":69,"f5cd79c1":56,"e238f09b":66,"5270f158":62,"26f99a1e":70,"317c1591":64,"c95719e5":61,"90731976":64,"1be05c14":58,"69f3bfcc":70,"bab97de3":77,"6d802fa2":61,"4b3e3b1c":68,"d9dcdc4b":81,"6f0fcb9d":76,"d0e9a58e":57,"e0e6a097":62,"fe0df575":77,"b4fdf90e":67,"761cf820":64,"de11eb19":78,"ab7d4c9a":60,"a4296d1e":67,"0da28f5b":70,"d634aa28":78,"b8488fc8":63,"92ca52b7":67,"d78dd457":57,"0e2b5d2f":71,"2a76f1dd":53,"4b125e7b":72,"37d0cae2":66,"9f74b8a4":59,"d4d5f466":70,"b9be31d6":64,"9cb4697f":73,"d5059415":64,"67d30f2b":67,"619fda68":71,"abad2347":63,"4f59a322":67,"6ee92259":71,"d2466211":80,"7a840529":47,"2c6cb96f":54,"3a291497":60,"fe44fc6f":70,"69eeae0d":71,"d8e58a8c":72,"56473430":70,"52eca0dc":66,"c2bb8aae":62,"58d46189":74,"5cd3cfe0":52,"381c68fa":69,"4360a1a3":78,"0d5ee801":58,"d6f0d94a":54,"f8b31ce5":83,"88fa53d6":55,"868cda42":56,"4def63ee":52,"1623fc9f":63,"65a00a3c":69,"1634789b":68,"48efc739":79,"a9b1bd51":53,"36684155":67,"9ceb5439":56,"0670c466":65,"66d94227":56,"5774ac0d":75,"17446892":62,"c27969ec":68,"4febf7c5":73,"bad6cdb1":64,"73b15e04":63,"59c1e594":76,"b460f030":77,"2198ba8e":65,"261c9911":74,"bb8a6337":60,"ed4fad08":70,"c9efc8f6":68,"725dce8b":68,"72805bf5":55,"2a06ab95":72,"d552eb2f":67,"b947257e":75,"3c6692a3":70,"84b67924":64,"d3a669ac":80,"284544ba":73,"ac38a6a5":71,"15620dca":75,"53a8613c":81,"18815a1b":66,"22176537":60,"eafbf9fb":72,"416a9e97":64,"c45d554f":67,"debe1f65":74,"e1f0dbfd":70,"836701f6":59,"f5cd79c1":57,"016953e4":78,"8dd649a3":57,"c0b7e7d7":54,"578f6e9e":73,"6d61bf13":57,"4b3e3b1c":69,"d6db2b02":74,"54a676d6":62,"f277386e":55,"d9dcdc4b":82,"5678ed7b":84,"17b08923":62,"45b038bb":90,"20777945":63,"8ea21393":65,"201cafad":61,"dcf85091":55,"9f2b16a7":66,"e7abc88d":49,"9267f0ef":77,"0a92153e":64,"2bcca6a7":83,"dfcc2ad1":82,"8f10fa42":74,"a0685bf3":81,"b8488fc8":64,"eebc8d43":71,"6c524f99":55,"6775d5cd":63,"87c462ee":64,"4b125e7b":73,"5eab91a0":67,"d39724bc":62,"6f39f4d9":84,"e4c312fe":68,"0785820e":74,"7f6d1d0e":83,"9aa6a054":59,"2b698053":64,"753ca352":59,"ef14000f":75,"faf4f98b":67,"f3a0c2ee":66,"b28a5e67":73,"d9a64845":65,"52eca0dc":67,"8a165e17":68,"00a481e3":70,"28654c76":79,"c4feee5b":65,"9b172ca8":57,"0c043224":77,"8942c35b":69,"19e9776f":75,"40a745c0":69,"7a9344a4":75,"66b7b5b4":61,"d634aa28":79,"259930ee":72,"014460b9":82,"ba30e43a":78,"d9f512b9":74,"ea6de194":63,"08a06557":84,"394dc144":70,"bad1a1cc":57,"527ff946":70,"088feee2":73,"0670c466":66,"2b3e4717":66,"91d52a55":69,"638cb163":86,"31f6d707":73,"7a6aa4b6":68,"f9c15fcc":71,"cd95f558":71,"608bc832":55,"8f2a7d69":55,"74e01f6a":65,"6be9332a":66,"12a2cd4b":76,"c27969ec":69,"26c6fa34":62,"b2bd8fd3":62,"cbad3b92":78,"c93c3508":52,"5774ac0d":76,"42c80e69":72,"72805bf5":56,"5f6613c8":59,"6867261a":60,"0681c48e":74,"2180f99b":70,"3c6692a3":71,"aaa274a5":69,"9147702f":60,"84b767be":78,"8657c79d":82,"0d2a1c58":60,"9c045c61":69,"51f57142":76,"f87c5031":58,"d2a841c9":53,"b946e146":80,"623c6a31":66,"7e8e1c3d":61,"3f2522c2":72,"095ab3b4":56,"fb7b7b3c":79,"71ff66e8":61,"1951480c":71,"3712c4bd":59,"c7ab83c1":54,"1f88a4b7":74,"a24e6670":75,"4b3e3b1c":70,"d9dcdc4b":83,"59431390":69,"e81834aa":72,"49910300":64,"4eed1bea":72,"ecfa8249":69,"27d8bf51":67,"a0cca8b7":59,"6bc5d32a":82,"8ea21393":66,"9a07d89b":74,"ba5c52af":65,"8721056e":57,"78467b8a":73,"51a3e9c2":71,"0f89862c":68,"5eab91a0":68,"55928ef1":66,"ae99df30":70,"07f98660":77,"7af262e5":73,"9d4f1fe6":58,"88ce179e":76,"7a4c064c":73,"fea793f5":66,"d7cb9bcf":69,"6a5b71b4":74,"6ee92259":72,"b73e789c":64,"50c468ba":64,"1dad0f99":73,"3c0df8b4":71,"ae016053":70,"8a165e17":69,"3a291497":61,"4e3f5178":69,"7f86be64":67,"145c7559":74,"6fb4cdda":73,"c4feee5b":66,"79f04300":66,"69d4b754":68,"a68a93b2":62,"4279e829":78,"906632cb":58,"20e470e0":65,"dbd2f139":79,"66497c7e":66,"d033db8d":66,"e32524d6":68,"558d5ce7":69,"527ff946":71,"449d8475":57,"a939b50b":66,"7e15f8e8":69,"39a2fcce":59,"789bd484":67,"4ed01268":62,"4577b333":66,"805af3c7":65,"868cda42":57,"fce3c5c6":55,"25776fc4":75,"5ab7bc35":72,"5ee911b5":64,"7ae3fc50":64,"3652bd66":63,"c7c4ec5c":55,"8493f3b2":76,"7a6aa4b6":69,"8f2a7d69":56,"c609739e":72,"a543ec74":67,"aefe13f5":71,"8eb64769":62,"4b4ef7fa":66,"a43061ee":57,"3e602573":51,"7896b953":70,"f3a0c2ee":67,"fafb4cc2":90,"5eaa1581":62,"76f3a3be":67,"57d5dee8":73,"725dce8b":69,"32133249":72,"181c3dd5":61,"5e09f69e":70,"22234d6b":70,"b947257e":76,"af0b61ab":73,"88b3bc99":64,"730338c4":83,"0bd93cfd":50,"7028b044":62,"004f1ef3":76,"6085137f":49,"c318d350":67,"5623817d":68,"eda6a690":55,"22aeaf03":71,"fb7b7b3c":80,"66554572":54,"8aa78e2f":56,"0d2c95fe":60,"f5829ac0":65,"6291e9e9":66,"1db42092":76,"1138796e":66,"0a96f57a":73,"2a4a402a":66,"478d2d4f":78,"2bcca6a7":84,"11b2c8d9":57,"dc0c8b09":77,"dd3913d2":54,"6c524f99":56,"37d0cae2":67,"dffa7793":49,"8ac72326":60,"e4117b3b":50,"ad2d7bed":68,"d5059415":65,"6034b6d0":68,"00cf385d":78,"385ab7c6":62,"7f6d1d0e":84,"abad2347":64,"d2466211":81,"7fb4c521":61,"ad303bda":72,"44ff8baa":63,"c8dc010f":75,"e2cbe594":52,"5c82d1ce":64,"7bebff03":59,"4dac6b20":52,"b3863630":60,"655954ba":68,"b215547b":62,"f3992a31":71,"69d4b754":69,"efe84c27":56,"e9679ede":60,"8db62558":66,"a8726d50":51,"906632cb":59,"12dd6f5e":60,"ef8321d8":66,"18815a1b":67,"217c0327":46,"eeaa2d46":64,"172217e5":67,"6143f39d":64,"31d74eee":61,"9d9dd9e5":61,"39a2fcce":60,"93fdbb44":56,"527ff946":72,"ce3407dd":71,"90d52475":63,"5272520d":64,"1e7753d9":77,"d6f0d94a":55,"c3e6ef01":72,"2154b6e8":63,"3d1af513":80,"8f2a7d69":57,"3652bd66":64,"34658473":63,"5f8517b7":82,"7a6aa4b6":70,"1ff8c2fc":67,"804d4dfa":57,"a5aee5de":80,"23080895":57,"ac62fac2":74,"a0bc1ceb":62,"902f49f5":69,"a81a857c":62,"a5fd8ffd":71,"49cb2959":70,"d9a64845":66
1604737499439,"725dce8b":70,"b7cc7909":61,"13747b82":67,"9f5e6cba":77,"1ed46298":75,"24a9fb86":73,"17446892":63,"fd07e0ed":66,"f271ed5d":64,"5747db6e":71,"88b3bc99":65,"cbb54a0a":58,"508aac3d":65,"a6626a13":57,"30dd2edc":66,"217c0327":47,"36d340f2":62,"eeaa2d46":65,"af157d29":70,"21ee2afe":74,"e9adbe58":61,"27c8e038":72,"b460f030":78,"8a52882e":69,"77bae750":57,"2b3e4717":67,"b8ab8e6e":67,"d957f027":60,"650bb0e0":64,"5957df9e":65,"a6003226":61,"540df50f":77,"0681c48e":75,"57d5dee8":74,"da04caac":72,"1d44aff3":69,"65e4235b":68,"537634c9":56,"578f6e9e":74,"b935fc1c":61,"3f2522c2":73,"2c5c1dc0":62,"095ab3b4":57,"8cf83787":59,"82868763":64,"0b5a0408":60,"c7ab83c1":55,"5678ed7b":85,"1438fad7":67,"2d1e1e9d":62,"489a39f7":60,"1be05c14":59,"6867261a":61,"3c6692a3":72,"17446892":64,"39ba00f0":67,"6751d8e4":77,"6632fed0":75,"f271ed5d":65,"0bd93cfd":51,"aec074c4":79,"84b67924":65,"ccdd1ce6":58,"b7505747":70,"14c682eb":66,"3fdb08f5":60,"e786063b":63,"eeaa2d46":66,"53a8613c":82,"f87c5031":59,"12012fbd":67,"217c0327":48,"416a9e97":65,"eb2e1983":60,"ba5c52af":66,"11b2c8d9":58,"c463799d":77,"dd3913d2":55,"a59a8290":62,"d78dd457":58,"5b5fc566":58,"dffa7793":50,"d39724bc":63,"597c1f81":54,"5eab91a0":69,"7735c3c2":62,"9aa6a054":60,"4f5e3e7d":58,"cfe72ead":54,"6f0fcb9d":77,"336d0f08":72,"d0b297b2":59,"332820ce":70,"0cb80f4a":66,"b7df1559":70,"66d94227":57,"b8ab8e6e":68,"a939b50b":67,"9ceb5439":57,"9d9dd9e5":62,"7e15f8e8":70,"25e0dd3d":73,"07107f6e":72,"a851554d":83,"4eed1bea":73,"261c9911":75,"69134f07":67,"4e3f5178":70,"a0cca8b7":60,"34c5c729":64,"93e8cee5":74,"2e3503e4":64,"c5b35e4d":64,"4c4aa2e2":70,"5f7d7195":65,"c803b4a3":66,"04cc7cbe":57,"cf9f4757":52,"7ee7621c":66,"a901627e":59,"8fb236a9":65,"5f0c1b9d":77,"7566fdd6":69,"aa867541":57,"d4ee22a4":72,"4abb7aed":62,"731fc335":50,"3c0df8b4":72,"abc1d7ad":70,"5e09f69e":71,"57d5dee8":75,"3a1d1632":44,"73b15e04":64,"cac4449a":52,"dd1fcb17":61,"b460f030":79,"9fc713b0":66,"c27969ec":70,"c564e316":71,"016953e4":79,"c318d350":68,"8dc9b4db":69,"9a3cc55d":52,"5410e9c6":74,"e238f09b":67,"b552beb3":63,"a4dafea5":60,"e36dfd6f":56,"0b5a0408":61,"ce4da56f":66,"411b5027":68,"71a2a493":45,"0681c48e":76,"181c3dd5":62,"26c390d6":60,"a625328f":71,"8d04852b":66,"5747db6e":72,"ef1c2dcb":61,"778c95e9":67,"0bd93cfd":52,"eb7b4e29":60,"9b172ca8":58,"b7434f57":59,"cd3bbe7e":73,"26ed1a5c":62,"a68a93b2":63,"026766f3":59,"a8726d50":52,"467773ac":65,"1623fc9f":64,"aab4d996":68,"b7505747":71,"2af60749":76,"c0b0f492":76,"d6f0d94a":56,"9bdf362a":59,"d2a841c9":54,"08c6b5d2":67,"8547fbc2":68,"ec2cb1af":69,"ccdd1ce6":59,"623c6a31":67,"733c86f8":63,"1745a0f4":69,"79be29c8":65,"8f10fa42":75,"bec9d329":76,"6d5fcd4c":67,"05642105":64,"379184a7":74,"3d1af513":81,"08a4c3f8":68,"06073f13":70,"408bb2ed":53,"9263c525":62,"7ae3fc50":65,"b7df1559":71,"6be9332a":67,"93fdbb44":57,"90d52475":64,"d957f027":61,"e99318a3":57,"b8ab8e6e":69,"aff8e442":67,"0f1ac912":55,"debe1f65":75,"f734c84c":84,"547903ef":74,"ecfa8249":70,"a0cca8b7":61,"e21c6207":62,"a0ce82b4":72,"685207b3":71,"9f2b16a7":67,"9267f0ef":78,"470d50c2":68,"8007f30e":48,"d815c5b4":78,"a06a6430":62,"4b125e7b":74,"11b2c8d9":59,"597c1f81":55,"b8488fc8":65,"cf9f4757":53,"ea4d3f3e":69,"fead11cf":62,"1bb4ccc0":65,"d4ee22a4":73,"9f74b8a4":60,"e356abf1":73,"b9be31d6":65,"7fb4c521":62,"6e44927f":57,"91f7ef72":66,"abc1d7ad":71,"aa867541":58,"8a165e17":70,"fafb4cc2":91,"08a561b7":53,"468fc85c":71,"56752a4a":59,"c6e3d352":75,"481754fc":56,"a5aee5de":81,"b769bdfb":73,"dc583e64":64,"9a3cc55d":53,"f2470875":73,"c318d350":69,"22aeaf03":72,"a77e127d":49,"b36a0d66":53,"d36125db":75,"69f3bfcc":71,"aec4e1bf":69,"7af9d3b1":75,"227006e4":66,"c852d240":65,"57d5dee8":76,"60d6cee2":66,"72805bf5":57,"8cd78f77":82,"3062379b":53,"f271ed5d":66,"50c3164b":70,"e58b26f6":66,"1f7607df":49,"2a06ab95":73,"e9679ede":61,"f598a332":68,"4c4aa2e2":71,"059d6c19":83,"0c043224":78,"c8977844":68,"906632cb":60,"7a9344a4":76,"93683c82":65,"19e9776f":76,"c4e70c07":67,"30c5d755":73,"57167c74":71,"d6f0d94a":57,"e32524d6":69,"c0b0f492":77,"14c682eb":67,"b946e146":81,"f67de058":61,"2a76f1dd":54,"8063df14":58,"70ee0491":54,"6c524f99":57,"e35a63cd":69,"f5596d0f":75,"0e036ae9":80,"217c0327":49,"2d1e1e9d":63,"e7e82473":81,"489a39f7":61,"6291e9e9":67,"b35e9e1a":93,"358e45b1":75,"608bc832":56,"7a6aa4b6":71,"40569362":73,"3d1af513":82,"7a2f3f06":59,"15620dca":76,"6d339d45":62,"f2ca27d9":60,"23760167":54,"6e98dfda":70,"449d8475":58,"c67979e6":81,"5a0eb771":66,"1d790491":64,"47d27624":69,"6490bac6":65,"2ad42a9e":61,"e1f0dbfd":71,"25e0dd3d":74,"c455f40e":59,"5a622a23":60,"bd62d7ed":59,"677c6a09":76,"b3f19a69":65,"4652b09a":77,"67d30f2b":68,"ef14000f":76,"4d9b0b10":68,"1c0a9eff":63,"e0e48a2d":70,"0d7d88f1":60,"629800eb":76,"c0b23081":72,"c38c2b52":69,"abd32136":66,"d4ee22a4":74,"00a481e3":71,"012de09c":60,"fafb4cc2":92,"6023df54":67,"5f0c1b9d":78,"7ae34c64":72,"4abb7aed":63,"59c1e594":77,"c6e3d352":76,"9c58dd76":76,"b2bd8fd3":63,"64a7f79f":55,"2d382981":68,"baebb391":80,"82868763":65,"578f6e9e":75,"3a204e56":71,"8e4c33d2":73,"71ff66e8":62,"ea9bba6b":57,"8274885a":73,"a3d4a0e5":73,"8aa78e2f":57,"35aa7fd0":75,"081460bf":70,"5eaa1581":63,"40860a4b":53,"deb31f35":71,"6df0b2e8":85,"9f5e6cba":78,"92efd84f":69,"383e232d":64,"c0e2624b":61,"b947257e":77,"7028b044":63,"bca2d7cd":62,"eb7b4e29":61,"feb67030":63,"0a92153e":65,"4c4aa2e2":72,"1a68160d":69,"e1618359":71,"8e99d5d0":70,"69134f07":68,"9b172ca8":59,"d70ca4f4":76,"655941a0":75,"f1b493de":76,"40a745c0":70,"906632cb":61,"902f49f5":70,"5cd3cfe0":53,"30c5d755":74,"4fd645f1":55,"ba30e43a":79,"cc6bbe45":59,"805af3c7":66,"fbdffc95":56,"ea6de194":64,"0e2b5d2f":72,"2bcca6a7":85,"7080f122":58,"d3e84616":81,"32c9fc47":62,"b552beb3":64,"fb44fa9c":77,"f5829ac0":66,"1db42092":77,"31f6d707":74,"7ae3fc50":66,"336d0f08":73,"f9c15fcc":72,"9e878ec2":84,"82b81567":60,"ef16ca37":63,"0e036ae9":81,"8dd2684c":68,"3454fa2b":63,"be4f8ba8":60,"558d5ce7":70,"faf3ed07":62,"f66616b7":58,"815e4582":71,"1a0189c4":62,"ce3407dd":72,"fb8bfb36":80,"0149e11a":56,"ecfa8249":71,"650bb0e0":65,"c98d5272":72,"2a4a402a":67,"6a7392d5":64,"05f6ab35":67,"6c524f99":58,"4c0e547b":61,"04bef50c":46,"11b74e63":57,"f56ac638":56,"c8113b77":59,"7a4c064c":74,"abad2347":65,"a06a6430":63,"54d7de6b":74,"e4117b3b":51,"95539a58":48,"ea4d3f3e":70,"0d28db94":58,"9f74b8a4":61,"cf9f4757":54,"537634c9":57,"abc1d7ad":72,"d9d0c567":62,"fd482491":76,"7896b953":71,"195eb771":64,"43bc86e3":64,"a543ec74":68,"9c58dd76":77,"b7df1559":72,"8eb64769":63,"a636f4c9":81,"4febf7c5":74,"ae8a09c4":72,"60e855ee":71,"b935fc1c":62,"83086d4c":67,"af034fee":56,"d6d61bfc":77,"47cfba38":63,"c852d240":66,"5f6613c8":60,"bfcb912a":71,"e4714415":77,"aa5dfdf5":70,"e1f0dbfd":72,"85de05f2":71,"b6ee137a":66,"2b3c49b9":73,"9b172ca8":60,"0da28f5b":71,"4e3f5178":71,"8e780922":66,"34c5c729":65,"168e75d9":62,"1e232870":71,"61f25dd4":77,"467773ac":66,"dae0f922":67,"66b7b5b4":62,"f4634d0b":59,"1f11812e":62,"0c0e98ea":54,"4def63ee":53,"fce3c5c6":56,"7043382d":70,"ca7d47f7":71,"e3547548":50,"2154b6e8":64,"f8b31ce5":84,"de6213c7":69,"84b767be":79,"bca2d7cd":63,"d744bee2":66,"0d2a1c58":61,"0fc5ac7e":84,"ea9bba6b":58,"d1676e89":69,"28d41578":63,"7ee148e9":58,"a3d4a0e5":74,"a77e127d":50,"1be05c14":60,"868edcc0":65,"11888cfa":64,"3310a049":73,"045f280d":72,"ea274174":70,"c4aa1e38":59,"36fb15d2":66,"608bc832":57,"8f2a7d69":58,"ef16ca37":64,"49bf2e95":50,"f2ca27d9":61,"f5596d0f":76,"dfa1a89b":64,"e9adbe58":62,"d1715f3b":69,"4d35385e":65,"57540cc3":72,"1b881e6e":77,"a9b1bd51":54,"c81b2bcf":61,"b88033fd":74,"04643409":73,"91d52a55":70,"48efc739":80,"d78dd457":59,"30c184b8":69,"19551bad":64,"2352c8ef":58,"a8c93bed":70,"8721056e":58,"f5e8dfee":73,"ee75b607":69,"3b2dee89":66,"730a4938":70,"54d7de6b":75,"07f98660":78,"ef91eaae":55,"bec9d329":77,"11b74e63":58,"0bfabf48":66,"677c6a09":77,"af7e5be8":66,"91536e85":75,"10ec5a0b":67,"d83294cd":65,"fafb4cc2":93,"42cd2360":58,"3f75d3bc":70,"83b2f9c5":75,"ec110282":70,"aa867541":59,"00a481e3":72,"17807120":62,"4cc141fa":51,"87ce8d1d":57,"a43061ee":58,"35b58ef9":61,"cbad3b92":79,"9fc713b0":67,"17446892":65,"60d6cee2":67,"b7cc7909":62,"9f5e6cba":79,"540df50f":78,"61d4782d":69,"a47abfbb":60,"ab7467de":80,"efd23af5":64,"805534ac":64,"20777945":64,"a0ce82b4":73,"daab45c6":65,"4295ce9a":76,"2e3503e4":65,"f2086446":73,"b215547b":63,"34c5c729":66,"0a92153e":66,"e1618359":72,"6b78ad7f":78,"751bcf25":65,"110b1ee3":77,"dae0f922":68,"3b690f68":78,"8db62558":67,"ddec9e54":60,"19e9776f":77,"c0b0f492":78,"9bdf362a":60,"b5ce0c0c":69,"25776fc4":76,"859545e6":49,"22234d6b":71,"d3a669ac":81,"b7832271":66,"911e770b":65,"ef1c2dcb":62,"fb7482fe":64,"9147702f":61,"82868763":66,"39bbc4bc":80,"5410e9c6":75,"fe1d4419":72,"1951480c":72,"22aeaf03":73,"9a3cc55d":54,"4945c851":74,"d9dcdc4b":84,"0d2c95fe":61,"17b08923":63,"4ff2225d":63,"a4dafea5":61,"e7e82473":82,"e0e6a097":63,"fa55f27a":80,"a533489b":76,"408bb2ed":54,"f1862e79":56,"ea274174":71,"31f6d707":75,"eafbf9fb":73,"01d817b8":56,"9de29816":58,"a77e8461":62,"dfa1a89b":65,"fd6dcb20":58,"ccdd1ce6":60,"719c8869":79,"57167c74":72,"48efc739":81,"c81b2bcf":62,"9ceb5439":58,"5957df9e":66,"f4b2f575":55,"794f652b":61,"f66616b7":59,"f67de058":62,"f2e3c0e3":58,"33d6bb6a":61,"c510bfd3":77,"9d023afb":77,"c6dc900c":48,"6c486702":76,"ee21ad02":74,"dffa7793":51,"5acce642":69,"16b476e9":56,"ae95f2ba":79,"bf30a08f":77,"d5059415":66,"11b74e63":59,"9f74b8a4":62,"9cb4697f":74,"385ab7c6":63,"f7231212":65,"ffa08d82":75,"2ce1af05":60,"e865e4dd":69,"012de09c":61,"8db5a165":54,"064a99c8":64,"27c8e038":73,"64a7f79f":56,"04612878":69,"35b58ef9":62,"4febf7c5":75,"be1746a0":54,"725dce8b":71,"3ef7432b":73,"92136ff5":71,"5fa12feb":66,"51c57542":74,"261c9911":76,"93e8cee5":75,"8f9b74b0":56,"36380d96":71,"efe84c27":57,"c7313e0a":73,"ab7d4c9a":61,"77300e4a":61,"c0fea118":66,"288d171f":62,"cd3bbe7e":74,"7cd0ad7b":76,"8942c35b":70,"8db62558":68,"e62d705f":60,"c8977844":69,"9316e7e8":53,"72805bf5":58,"a5fd8ffd":72,"c91966ce":63,"71e53c93":70,"69eeae0d":72,"12534561":57,"40860a4b":54,"51f80f4c":71,"f069bb07":66,"fe1d4419":73,"6b79fec2":61,"437fc3ec":63,"3c43e8a2":70,"1da771fb":65,"2c5c1dc0":63,"dc583e64":65,"d6db2b02":75,"de36827b":80,"8298e976":73,"b84a06eb":68,"e36dfd6f":57,"b2703001":62,"d9dcdc4b":85,"761cf820":65,"792c9b6a":53,"50312237":66,"deb31f35":72,"a625328f":72,"272c7672":68,"181c3dd5":63,"88b3bc99":66,"2a06ab95":74,"22234d6b":72,"7db3edda":69,"30dd2edc":67,"fd6dcb20":59,"53a8613c":83,"4469c815":52,"f3d68430":71,"217c0327":50,"affb82bf":69,"a81a857c":63,"ce3bf5db":66,"ba30e43a":80,"7e76c93c":75,"04ea5673":72,"df2b4d87":63,"24ffcbd3":76,"e15fd611":56,"77bae750":58,"4ed01268":63,"50d129cf":60,"0f1ac912":56,"449d8475":59,"fe0df575":78,"f1862e79":57,"45b038bb":91,"b2a8761b":66,"71bc1295":67,"03c398d2":70,"e8d74304":59,"24d24fa3":62,"792cfcbd":56,"23080895":58,"088feee2":74,"7fdc2007":62,"e35a63cd":70,"eebc8d43":72,"a0685bf3":82,"dd3913d2":56,"0f89862c":69,"fead11cf":63,"1c0a9eff":64,"91b28f83":70,"4b125e7b":75,"04bef50c":47,"f1df62b4":65,"ad2d7bed":69,"04cc7cbe":58,"ae95f2ba":80,"5acce642":70,"d2466211":82,"67c57de4":94,"cc5a1d47":57,"0d28db94":59,"ded7da5a":70,"a4296d1e":68,"547903ef":75,"c382f054":68,"ecfa8249":72,"4e3f5178":72,"5c82d1ce":65,"c7313e0a":74,"27d8bf51":68,"44ff8baa":64,"77300e4a":62,"ab7d4c9a":62,"cd421290":65,"1e232870":72,"b7434f57":60,"026766f3":60,"6e24d88b":68,"a68a93b2":64,"0af920d8":53,"72805bf5":59,"5f6613c8":61,"a15713c6":77,"a06a6430":64,"abc1d7ad":73,"65e4235b":69,"74c26380":62,"91f7ef72":67,"95904ac4":83,"195eb771":65,"35aa7fd0":76,"32133249":73,"60d6cee2":68,"4b4ef7fa":67,"695a2b92":63,"0b3283c9":74,"c564e316":72,"09f0db62":90,"c0b7e7d7":55,"c95719e5":62,"42191b64":53,"3310a049":74,"4ff2225d":64,"e81834aa":73,"b36a0d66":54,"0b5a0408":62,"17b08923":64,"d36125db":76,"a6003226":62,"0fc5ac7e":85,"42c80e69":73,"aa5dfdf5":71,"6751d8e4":78,"88b3bc99":67,"3062379b":54,"72d7b461":68,"d1ca5d6b":76,"36d340f2":63,"7080f122":59,"bb99c79c":68,"2cb29e5a":76,"546f6845":78,"3b690f68":79,"8db62558":69,"868cda42":58,"7be025ce":65,"4577b333":67,"e786063b":64,"2045d7d6":60,"1623fc9f":65,"57167c74":73,"18815a1b":68,"416a9e97":66,"a1921150":74,"7e15f8e8":71,"82b81567":61,"92d38723":74,"b2a8761b":67,"1ff8c2fc":68,"608bc832":58,"d0e9a58e":58,"5f8517b7":83,"c609739e":73,"1c3a30c5":62,"26c6fa34":63,"56752a4a":60,"17807120":63,"a543ec74":69,"0f72f2d8":65,"fee32863":60,"dc0c8b09":78,"062179c1":63,"f67de058":63,"7fdc2007":63,"fef750ca":70,"50b558a7":56,"ee75b607":70,"dffa7793":52,"4652b09a":78,"d4d5f466":71,"07f98660":79,"ad303bda":73,"e4117b3b":52,"a939b50b":68,"5339e1e9":65,"47d27624":70,"1d790491":65,"9ceb5439":59,"5c82d1ce":66,"bc09fa9e":63,"d25e0f8d":67,"9a80f004":60,"21e10a2b":62,"e1f0dbfd":73,"6fb4cdda":74,"5a622a23":61,"a4296d1e":69,"c21ab51e":52,"a3253019":66,"34c5c729":67,"e0154608":54,"145c7559":75,"9aa6a054":61,"6b82b527":60,"abd32136":67,"51a3e9c2":72,"cb142908":62,"7a4c064c":75,"869cbaa0":78,"c91966ce":64,"0a1d11e6":53,"1d44aff3":70,"d9a64845":67,"3f75d3bc":71,"fd482491":77,"da04caac":73,"1ed46298":76,"081460bf":71,"09f0db62":91,"5623817d":69,"8dc9b4db":70,"09ff339a":50,"437fc3ec":64,"60e855ee":72,"05642105":65,"c0b7e7d7":56,"e81834aa":74,"26009d3f":66,"6db0ea86":66,"ce4da56f":67,"489a39f7":62,"de36827b":81,"4911acad":54,"40860a4b":55,"031e488e":70,"aa9ea5e8":60,"b947257e":78,"181c3dd5":64,"284544ba":74,"f4726450":62,"2dda3936":65,"f883d582":61,"d0c104c4":54,"30dbfc69":62,"059d6c19":84,"9316e7e8":54,"3f9b5722":57,"1f11812e":63,"5f620a1e":77,"ea6de194":65,"c4e70c07":68,"719c8869":80,"e32524d6":70,"df2b4d87":64,"c8fcad77":65,"2d54e0a8":54,"d3e84616":82,"57540cc3":73,"2180f99b":71,"0e036ae9":82,"9fa62fee":63,"72d7b461":69,"1d153b20":68,"f5e8dfee":74,"19551bad":65,"a66a2d8a":69,"f67de058":64,"7bda83dd":64,"7fdc2007":64,"b87158fb":72,"ee75b607":71,"623c6a31":68,"1b153aef":64,"45b038bb":92,"40569362":74,"608bc832":59,"b8397293":60,"e0e6a097":64,"00554ffd":75,"cac4449a":53,"dfa1a89b":66,"f2364460":81,"c67979e6":82,"99e171db":67,"254cc28c":75,"48efc739":82,"650bb0e0":66,"a1921150":75,"946df4fd":68,"2c24d929":76,"c609739e":74,"01cd8099":70,"6be9332a":68,"bad6cdb1":65,"93ac9ca3":65,"971675c5":79
1604737500391,"83086d4c":68,"6867261a":62,"0785820e":75,"056ea7ff":75,"b0869206":67,"a06a6430":65,"6841f77e":79,"124fbe96":63,"53b4e647":82,"053f3451":67,"16b476e9":57,"10ec5a0b":68,"1a442bc7":67,"677c6a09":78,"0d28db94":60,"3c0df8b4":73,"b2cfdbcf":65,"5ef93e5d":52,"2dd0e808":68,"3f75d3bc":72,"7c0a2db6":73,"dd035d2a":63,"4125085e":71,"2ad42a9e":62,"a0cca8b7":62,"7d112f4d":70,"26dd2000":69,"201cafad":62,"2e3503e4":66,"92136ff5":72,"f2086446":74,"9b3f8714":69,"76f3a3be":68,"deb31f35":73,"c64de0c0":59,"60d6cee2":69,"7028b044":64,"a625328f":73,"72d7b461":70,"383e232d":65,"272c7672":69,"7e991ab9":57,"3c6692a3":73,"25e0dd3d":75,"4e3f5178":73,"059d6c19":85,"1247fa52":68,"61f25dd4":78,"470d50c2":69,"74f234c6":61,"168e75d9":63,"d634aa28":80,"f76a3e83":68,"93683c82":66,"f1b493de":77,"14c682eb":68,"d033db8d":67,"fce3c5c6":57,"7be025ce":66,"7e76c93c":76,"4def63ee":54,"75ffea08":70,"e786063b":65,"ef8321d8":67,"12012fbd":68,"25a7a0a3":69,"2bcca6a7":86,"9b546d65":62,"8547fbc2":69,"d2a841c9":55,"8dd649a3":58,"d6db2b02":76,"0b5a0408":63,"77d35808":70,"a77e127d":51,"32c9fc47":63,"2c5c1dc0":64,"2cce4fb2":77,"cf84fb54":75,"1f88a4b7":75,"07fc4a9a":65,"9263c525":63,"92d38723":75,"332820ce":71,"408bb2ed":55,"608bc832":60,"0ac825ed":69,"1ff8c2fc":69,"be4f8ba8":61,"18815a1b":69,"90d52475":65,"cf775f58":68,"bf822e33":68,"8ec3834d":77,"9ceb5439":60,"6adce358":76,"36b7003c":82,"4295ce9a":77,"0a96f57a":74,"c8dc010f":76,"18d20aa1":62,"064a99c8":65,"aefe13f5":72,"56752a4a":61,"12271e14":62,"bc392d1c":61,"dd1fcb17":62,"6be9332a":69,"5099c6a0":77,"e238f09b":68,"e45b4b53":52,"7ee148e9":59,"317c1591":65,"c0b7e7d7":57,"6085137f":50,"8f10fa42":76,"062179c1":64,"c8113b77":60,"1757a30e":59,"ba586505":62,"7fb4c521":63,"a59a8290":63,"ad303bda":74,"92ca52b7":68,"9d4f1fe6":59,"9c29f0ed":77,"e35a63cd":71,"b0869206":68,"ae95f2ba":81,"fea793f5":67,"cf1b8c47":71,"ef14000f":77,"42cd2360":59,"e382ec3f":58,"aa76bc50":61,"7218c9f1":51,"abad2347":66,"a472532e":59,"4bc46d7a":65,"abc1d7ad":74,"28654c76":80,"bb8a6337":61,"8d04852b":67,"c64de0c0":60,"0681c48e":77,"35aa7fd0":77,"32133249":74,"71279c46":60,"2d13e69b":69,"70bc8325":64,"84b67924":66,"508aac3d":66,"72d7b461":71,"21e10a2b":63,"93e8cee5":76,"0149e11a":57,"bd984a8e":58,"6fb4cdda":75,"1a68160d":70,"ab7d4c9a":63,"0da28f5b":72,"4c4aa2e2":73,"7f86be64":68,"61f25dd4":79,"b7434f57":61,"26ed1a5c":63,"1f11812e":64,"180377be":72,"1e7753d9":78,"d634aa28":81,"c4e70c07":69,"719c8869":81,"ba30e43a":81,"62d1d346":52,"e3547548":51,"1623fc9f":66,"d9f512b9":75,"eb7b4e29":62,"6e851762":58,"30c184b8":70,"478d2d4f":79,"8b5a8e9f":81,"dc0c8b09":79,"21ee2afe":75,"a6bcb07e":73,"95f6db13":55,"2d1e1e9d":64,"6d802fa2":62,"bbe71605":63,"a3d4a0e5":75,"1f88a4b7":76,"b35e9e1a":94,"1bd5b20b":74,"8d000d6e":61,"554ebb83":64,"02d4753e":79,"ef16ca37":65,"5a0ead91":56,"4d35385e":66,"0e036ae9":83,"945b63f0":85,"4469c815":53,"623c6a31":69,"af157d29":71,"bad1a1cc":58,"5f7d7195":66,"b8ab8e6e":70,"aff8e442":68,"1d790491":66,"5957df9e":67,"c67979e6":83,"c27969ec":71,"946df4fd":69,"24d24fa3":63,"dd1fcb17":63,"2c24d929":77,"1c3a30c5":63,"804d4dfa":58,"6ce84ff8":55,"5410e9c6":76,"0b3283c9":75,"8dd649a3":59,"fead11cf":64,"6c486702":77,"0042f6eb":76,"6c20c153":61,"d5059415":67,"b9be31d6":66,"4b125e7b":76,"730a4938":71,"619fda68":72,"00cf385d":79,"1dad0f99":74,"9cb4697f":75,"056ea7ff":76,"6b82b527":61,"53b4e647":83,"2882a956":75,"2ce1af05":61,"d5dae4c4":79,"0a1d11e6":54,"4abb7aed":64,"42cd2360":60,"d8e58a8c":73,"69eeae0d":73,"d9d0c567":63,"5eaa1581":64,"b230e8d3":66,"17446892":66,"a1370ab0":68,"031e488e":71,"5f6613c8":62,"4911acad":55,"0fc5ac7e":86,"4bcd4a30":85,"7b6a7048":72,"e2a7d915":67,"debe1f65":76,"685207b3":72,"18d20aa1":63,"972f4174":78,"21e10a2b":64,"f598a332":69,"5c82d1ce":67,"21ad2f34":59,"5e193fc8":73,"e1618359":73,"9b742f71":65,"36380d96":72,"61f25dd4":80,"4279e829":79,"1f11812e":65,"20e470e0":66,"142d6987":70,"c3e6ef01":73,"be40590d":68,"2154b6e8":65,"4777334c":61,"014460b9":83,"44c77422":72,"88fa53d6":56,"c0b0f492":79,"62d1d346":53,"5747db6e":73,"884b0ad1":65,"f271ed5d":67,"835358a0":55,"c793cdda":64,"c564e316":73,"2203f259":70,"fe1d4419":74,"e0f7679f":59,"a8871ddf":67,"11888cfa":65,"b2703001":63,"d6db2b02":77,"e7e82473":83,"045f280d":73,"1b153aef":65,"02d4753e":80,"1ff8c2fc":70,"40569362":75,"9263c525":64,"554ebb83":65,"336d0f08":74,"22176537":61,"7d6895f4":63,"315537b2":61,"0e036ae9":84,"25a7a0a3":70,"fd6dcb20":60,"01d817b8":57,"faf3ed07":63,"0670c466":67,"23760167":55,"cb6c9e42":80,"5d087c79":68,"84369269":68,"c98d5272":73,"946df4fd":70,"71bc1295":68,"bad6cdb1":66,"4febf7c5":76,"468fc85c":72,"2c24d929":78,"ae8a09c4":73,"82204d54":62,"478d2d4f":80,"13b53c7a":70,"78b97937":75,"b102f7bd":73,"30c184b8":71,"b87158fb":73,"053f3451":68,"4258c176":64,"d5059415":68,"ee21ad02":75,"67d30f2b":69,"7e95c5a0":51,"6f39f4d9":85,"c0b23081":73,"93b0a158":69,"385ab7c6":64,"ea4d3f3e":71,"87cd2add":64,"9cb4697f":76,"43d87483":65,"731fc335":51,"db8ba455":77,"5ef93e5d":53,"6023df54":68,"d5dae4c4":80,"3101354b":59,"d9d0c567":64,"b7cc7909":63,"a47abfbb":61,"2ab62345":58,"5eaa1581":65,"03b4ab60":70,"4e5aaaec":59,"40e79dd3":62,"85de05f2":72,"e21c6207":63,"70594a28":65,"e1f0dbfd":74,"cb51f134":71,"d548635d":63,"6bc5d32a":83,"fe578280":66,"a4296d1e":70,"77300e4a":63,"f76a3e83":69,"dcf85091":56,"cf1124db":62,"26ed1a5c":64,"f4634d0b":60,"655941a0":76,"1e7753d9":79,"7a9344a4":77,"0c043224":79,"30c5d755":75,"0b959527":65,"a33fe0dd":77,"7e76c93c":77,"259930ee":73,"5e09f69e":72,"e4714415":78,"26c390d6":61,"ea822700":55,"ef1c2dcb":63,"2c627253":62,"e58b26f6":67,"884b0ad1":66,"508aac3d":67,"263762cb":63,"f6fe095d":85,"71ff66e8":63,"317c1591":66,"26f99a1e":71,"8274885a":74,"e7773397":58,"8b2b601d":65,"1db42092":78,"6291e9e9":68,"e8f173b5":64,"45fb95c1":74,"868edcc0":66,"a24e6670":76,"fe0df575":79,"4ea4a2a1":79,"db0a661e":68,"5a0ead91":57,"9e878ec2":85,"5f8517b7":84,"de11eb19":79,"1d153b20":69,"4d35385e":67,"22176537":62,"51f57142":77,"30dd2edc":68,"4469c815":54,"ec2cb1af":70,"c67979e6":84,"d6f0d94a":58,"859545e6":50,"8ec3834d":78,"a939b50b":69,"1634789b":69,"b88033fd":75,"815e4582":72,"66d94227":58,"aefe13f5":73,"87922532":69,"26c6fa34":64,"27c8e038":74,"17807120":64,"01cd8099":71,"0f72f2d8":66,"c1bb74f2":63,"6c486702":78,"fee32863":61,"6c524f99":59,"a59a8290":64,"1105f790":76,"20958d58":60,"95539a58":49,"95d331b1":55,"7e95c5a0":52,"87c462ee":65,"935ec056":58,"6f39f4d9":86,"91536e85":76,"290b4714":63,"7735c3c2":63,"f7231212":66,"385ab7c6":65,"6ee92259":73,"e57d5cda":80,"93b0a158":70,"906fdec3":56,"fd482491":78,"00a481e3":73,"012de09c":62,"4bc46d7a":66,"ded7da5a":71,"7e8e1c3d":62,"c8dc010f":77,"c45d554f":68,"44ff8baa":65,"d25e0f8d":68,"06ee61b6":59,"ebdbf580":65,"4e5aaaec":60,"e7abc88d":50,"be2955bb":68,"5be594be":67,"b215547b":64,"b2c25d1c":69,"cc11fef9":73,"a4f1d83b":70,"b7434f57":62,"655941a0":77,"58d46189":75,"1a2ec5d7":71,"cf1124db":63,"6df0b2e8":86,"5774ac0d":77,"c4bff41f":65,"b35bb8a1":59,"7af9d3b1":76,"57d5dee8":77,"af034fee":57,"fe44fc6f":71,"71e53c93":71,"b947257e":79,"1f7607df":50,"dd7acb96":68,"2180f99b":72,"6ce84ff8":56,"b935fc1c":63,"1da771fb":66,"82868763":67,"e45b4b53":53,"a40846b7":70,"d1676e89":70,"8cf83787":60,"66554572":55,"ce4da56f":68,"07fc4a9a":66,"e36dfd6f":58,"489a39f7":63,"045f280d":74,"792c9b6a":54,"2e99f8fd":61,"34658473":64,"02d4753e":81,"408bb2ed":56,"82b81567":62,"e58b26f6":68,"d1ca5d6b":77,"84b67924":67,"12dd6f5e":61,"2dda3936":66,"175bc6b2":63,"a77e8461":63,"affb82bf":70,"623c6a31":70,"f5596d0f":77,"c8fcad77":66,"25776fc4":77,"259930ee":74,"b5ce0c0c":70,"30c5d755":76,"2af60749":77,"88fa53d6":57,"8a52882e":70,"faf3ed07":64,"c67979e6":85,"2b3e4717":68,"c6c85783":78,"449d8475":60,"d5557fb4":70,"4ba6eb36":71,"a636f4c9":82,"bc392d1c":62,"b460f030":80,"4cc141fa":52,"9fc713b0":68,"468fc85c":73,"87ce8d1d":58,"733c86f8":64,"55928ef1":67,"9a07d89b":75,"dfcc2ad1":83,"cd522166":83,"0e2b5d2f":73,"eebc8d43":73,"00cf385d":80,"629800eb":77,"c803b4a3":67,"6775d5cd":64,"04cc7cbe":59,"385ab7c6":66,"cf9f4757":55,"0d770b97":74,"5eab91a0":70,"d4ee22a4":75,"6034b6d0":69,"04bef50c":48,"9fce073c":71,"c0b23081":74,"fafb4cc2":94,"daab45c6":66,"f9f2c53f":58,"201cafad":63,"ecfa8249":73,"92136ff5":73,"2ad42a9e":63,"0a96f57a":75,"efe84c27":58,"e0154608":55,"c5b35e4d":65,"cb51f134":72,"0a92153e":67,"8e99d5d0":71,"4b4ecbce":63,"4360a1a3":79,"0c0e98ea":55,"7a9344a4":78,"a4f1d83b":71,"655941a0":78,"1e191c98":47,"a47abfbb":62,"d6d61bfc":78,"bc3dc66a":69,"13747b82":68,"5ac86fb9":67,"8cddb65e":74,"5f96c2bc":52,"fe44fc6f":72,"906fdec3":57,"f905a555":61,"195eb771":66,"4bc46d7a":67,"27f52ed3":86,"25635c37":62,"eda6a690":56,"09f0db62":92,"363590c7":64,"5781776a":72,"a58bf525":67,"8cf83787":61,"0be540c5":66,"6db0ea86":67,"820225e4":55,"0114160e":67,"a4dafea5":62,"1438fad7":68,"1b153aef":66,"67f6e4f2":69,"39ba00f0":68,"dcfaba4c":64,"d744bee2":67,"bca2d7cd":64,"fd369c21":73,"70c1e715":68,"8657c79d":83,"c793cdda":65,"8cc4a982":60,"9e206c95":80,"30dd2edc":69,"546f6845":79,"5cd3cfe0":54,"7be025ce":67,"b320feb9":63,"8f13c203":66,"a81a857c":64,"c0b0f492":80,"49b358bd":68,"719c8869":82,"f2f58418":60,"3454fa2b":64,"b946e146":82,"e15fd611":57,"36684155":68,"6adce358":77,"5d087c79":69,"04643409":74,"23760167":56,"3652bd66":65,"332820ce":72,"5acaa06f":53,"408bb2ed":57,"4f5e3e7d":59,"17807120":65,"48655f09":79,"a0bc1ceb":63,"be1746a0":55,"f1098793":70,"6be9332a":70,"4ed01268":64,"78b97937":76,"ba5c52af":67,"11b2c8d9":60,"8b5a8e9f":82,"92ca52b7":69,"733c86f8":65,"bd62d7ed":60,"e57d5cda":81,"e4117b3b":53,"7fef9973":71,"e4cfef0a":56,"b0869206":69,"95d331b1":56,"4f59a322":68,"00a17b46":64,"87c462ee":66,"aa187e3b":62,"cf9f4757":56,"0785820e":76,"00cf385d":81,"ffa08d82":76,"8a165e17":71,"a5676c24":63,"a0ce82b4":74,"cd421290":66,"9f2b16a7":68,"efd23af5":65,"9267f0ef":79,"5c82d1ce":68,"696fdac5":72,"7e8e1c3d":63,"a4296d1e":71,"da3437cd":57,"77300e4a":64,"53747a91":70,"2132fe93":77,"43bc86e3":65,"1d44aff3":71,"ec110282":71,"28654c76":81,"616d6dd6":66,"04612878":70,"004f1ef3":77,"d599b566":82,"42191b64":54,"c318d350":70,"26f99a1e":72,"09f0db62":93,"9a3cc55d":55,"d9dcdc4b":86,"17b08923":65,"8d753bb6":57,"5678ed7b":86,"11888cfa":66,"95f6db13":56,"f5829ac0":67,"d6d61bfc":79,"c93c3508":53,"40860a4b":56,"6e851762":59,"a47abfbb":63,"2c627253":63,"24a9fb86":74,"2f455cce":67,"5eaa1581":66,"aec074c4":80,"0bd93cfd":53,"2c01e624":61,"3c6692a3":74,"bd984a8e":59,"0c043224":80,"972f4174":79,"180377be":73,"142d6987":71,"026766f3":61,"8942c35b":71,"26ed1a5c":65,"30fdcd3b":66,"7043382d":71,"08a06557":85,"c7636527":60,"7e76c93c":78,"9e65c0ef":64,"ce3bf5db":67,"014460b9":84,"eeaa2d46":67,"6de0aaac":56,"15620dca":77,"a77e8461":64,"d2a841c9":56,"8547fbc2":70,"6d5fcd4c":68,"37fbb107":78,"77bae750":59,"40569362":76,"0cb80f4a":67,"9e878ec2":86,"379184a7":75,"02d4753e":82,"92d38723":76,"7a2f3f06":60,"27c8e038":75,"48655f09":80,"4ed01268":65,"9a07d89b":76,"2352c8ef":59,"8b5a8e9f":83,"c510bfd3":78,"7bda83dd":65,"ec11fe5f":62,"92ca52b7":70,"07f98660":80,"2b698053":65,"04cc7cbe":60,"730a4938":72,"a85d89cc":64,"d2466211":83,"d1d40c9c":70,"d39724bc":64,"753ca352":60,"2ce1af05":62,"1a442bc7":68,"e4cfef0a":57,"c67979e6":86,"a983a6dc":64,"97e75c19":77,"794f652b":62,"bfad1727":64,"2ad42a9e":64,"ecfa8249":74,"21ad2f34":60,"5c82d1ce":69,"5fa12feb":67,"261c9911":77,"b3863630":61,"cb51f134":73,"d8475b95":50,"3e602573":52,"f1098793":71,"742f1425":64,"ae8a09c4":74,"5410e9c6":77,"f5cd79c1":58,"f2470875":74,"26009d3f":67,"71ff66e8":64,"54a676d6":63,"e7e82473":84,"93ac9ca3":66,"95d3d348":57,"f277386e":56,"f1dffa24":56,"59431390":70,"0d2c95fe":62,"95f6db13":57,"8bc04eb5":55,"abad2347":67,"ae016053":71,"ef8987d7":65,"7c0a2db6":74,"4bc46d7a":68,"2c6cb96f":55,"a0cf08b3":57,"616d6dd6":67,"162a7348":70,"dcfaba4c":65,"af034fee":58,"e4714415":79,"13747b82":69,"e9a8cf11":68,"51f80f4c":72,"f271ed5d":68,"8657c79d":84,"3c6692a3":75,"88b3bc99":68,"508aac3d":68,"72d7b461":72,"0a92153e":68,"d34a29b9":73,"2e3503e4":67,"a3253019":67,"61f25dd4":81,"501db4de":64,"4279e829":80,"30fdcd3b":67,"026766f3":62,"906632cb":62,"d033db8d":68,"be40590d":69,"0b959527":66,"3fdb08f5":61,"dac109cf":61,"638cb163":87,"24ffcbd3":77,"ca7d47f7":72,"014460b9":85,"6e851762":60,"12dd6f5e":62,"9c045c61":70,"d2a841c9":57,"6143f39d":65,"19551bad":66,"f5e8dfee":75,"8f10fa42":77,"5f4102da":70,"c463799d":78,"a567ace4":66,"1bc0591f":74,"f1df62b4":66,"e4cfef0a":58,"124fbe96":64,"d39724bc":65,"e28c2efc":61,"6cba74ce":61,"7a6aa4b6":72,"cfe72ead":55,"1ff8c2fc":71,"9e878ec2":87,"b8397293":61,"ef16ca37":66,"ea274174":72,"22ecaed0":61,"2cb29e5a":77,"8ec3834d":79,"cf775f58":69,"a939b50b":70,"a983a6dc":65,"f66616b7":60,"4ed01268":66,"44a4f7cd":62,"2209903e":66,"e2cbe594":53,"51c57542":75,"daab45c6":67,"21e10a2b":65,"feb67030":64,"064a99c8":66,"a0b03218":71,"aefe13f5":74,"792cfcbd":57,"804d4dfa":59,"4b4ef7fa":68,"23080895":59,"8e4c33d2":74,"5b60dd1d":73,"83086d4c":69,"8dc9b4db":71,"7ee148e9":60,"dc583e64":66,"b2703001":64,"695a2b92":64,"4945c851":75,"30b6808c":60,"7218c9f1":52,"54d7de6b":76,"93b0a158":71,"7e95c5a0":53,"ef14000f":78,"1757a30e":60,"f56ac638":57,"b0869206":70,"52eca0dc":68,"d9a64845":68,"3101354b":60,"43bc86e3":66,"dc03ebd2":83,"906fdec3":58,"dd035d2a":64,"17446892":67,"35aa7fd0":78,"1ed46298":77,"b35bb8a1":60,"b7cc7909":64,"7af9d3b1":77,"74e3d13e":66,"ef1c2dcb":64,"2c01e624":62,"bca2d7cd":65,"7028b044":65,"f4343817":66,"6fb4cdda":76,"3498f223":60,"ab7d4c9a":64,"0a92153e":69,"b215547b":65,"c0fea118":67,"1e232870":73,"19e9776f":78,"dbd2f139":80,"026766f3":63,"66b7b5b4":63,"74f234c6":62,"c2bb8aae":63,"142d6987":72,"a33fe0dd":78,"28d40296":52,"ba30e43a":82,"7e76c93c":79,"0f029727":63,"719c8869":83,"e58b26f6":69,"2d54e0a8":55,"eeaa2d46":68,"afe8e06a":59,"7af262e5":74,"fef750ca":71,"78b97937":77,"9a07d89b":77,"0f89862c":70,"d78dd457":60,"b947257e":80,"6143f39d":66,"a63bddd4":78,"b9a48a5c":50,"e8f173b5":65,"de36827b":82,"1b153aef":67,"17b08923":66,"00554ffd":76,"3652bd66":66,"3c782bb3":68,"b4fdf90e":68,"54a676d6":64,"332820ce":73,"608bc832":61,"ea274174":73,"49902219":75,"172217e5":68,"1b881e6e":78,"315537b2":62,"2b3e4717":69,"a939b50b":71,"794f652b":63,"90d52475":66,"50d129cf":61,"37fbb107":79,"c8fcad77":67,"c650b434":76,"619fda68":73
1604737500994,"481754fc":57,"17807120":66,"468fc85c":74,"dfc89705":70,"b460f030":81,"804d4dfa":60,"cbad3b92":80,"d599b566":83,"8dc9b4db":72,"ea9bba6b":59,"f2470875":75,"004f1ef3":78,"4ff2225d":65,"b2703001":65,"95d3d348":58,"90731976":65,"4b3e3b1c":71,"b1f58563":66,"6c73ae98":61,"a3d4a0e5":76,"a24e6670":77,"4ba6eb36":72,"5f8517b7":85,"08a4c3f8":69,"b377a62a":59,"cd95f558":72,"8f2a7d69":59,"ea274174":74,"7218c9f1":53,"ee75b607":72,"cf9f4757":57,"1dad0f99":75,"bd2705b0":81,"11b74e63":60,"053f3451":69,"00a17b46":65,"9cb4697f":77,"6841f77e":80,"869cbaa0":79,"6b82b527":62,"a901627e":60,"91b28f83":71,"74c26380":63,"ef8987d7":66,"537634c9":58,"313258f2":62,"34c5c729":68,"c455f40e":60,"e2cbe594":54,"1a2c020b":62,"ccb5ea3e":56,"c7313e0a":75,"dbd2f139":81,"f734c84c":85,"7f86be64":69,"b7df1559":73,"48655f09":81,"cbad3b92":81,"26c6fa34":65,"cac4449a":54,"04612878":71,"a636f4c9":83,"56473430":71,"dd035d2a":65,"0b3283c9":76,"42191b64":55,"7ee148e9":61,"3712c4bd":60,"74f234c6":63,"93e8cee5":77,"a3253019":68,"ca6d2d91":70,"c2bb8aae":64,"efd23af5":66,"104721f0":69,"501db4de":65,"0af920d8":54,"0841052c":66,"db703021":60,"e1571af7":73,"859545e6":51,"2045d7d6":61,"7e76c93c":80,"b320feb9":64,"75ffea08":71,"a81a857c":65,"c318d350":71,"695a2b92":65,"e45b4b53":54,"4945c851":76,"cf84fb54":76,"bab97de3":78,"f277386e":57,"2cce4fb2":78,"7732eb1e":87,"59431390":71,"1b153aef":68,"9260d96b":78,"50312237":67,"e0e6a097":65,"31f6d707":76,"fe0df575":80,"6c524f99":60,"062179c1":65,"a567ace4":67,"f2e3c0e3":59,"55928ef1":68,"8063df14":59,"e35a63cd":72,"869cbaa0":80,"53b4e647":84,"93b9fae6":63,"fea793f5":68,"597c1f81":56,"1bb4ccc0":66,"7fef9973":72,"c803b4a3":68,"7f6d1d0e":85,"87cd2add":65,"c0b23081":75,"faf4f98b":68,"bd2705b0":82,"abad2347":68,"616d6dd6":68,"781ace7d":65,"012de09c":63,"cfe72ead":56,"c8dc010f":78,"9a80f004":61,"4dac6b20":53,"c455f40e":61,"c650b434":77,"bc09fa9e":64,"efe84c27":59,"754f98c9":70,"79e4fa1c":59,"af034fee":59,"8d04852b":68,"64db4feb":79,"60d6cee2":70,"f94bf9ea":61,"2ab62345":59,"e4714415":80,"2d54e0a8":56,"70bc8325":65,"50c3164b":71,"3062379b":55,"eb7b4e29":63,"3c6692a3":76,"d0d6acb1":63,"2c24d929":79,"87922532":70,"ad8f85d6":74,"12271e14":63,"59c1e594":78,"c609739e":75,"4cc141fa":53,"8a165e17":72,"c91966ce":65,"2c6cb96f":56,"dc03ebd2":84,"b769bdfb":74,"c85a0d80":72,"f3992a31":72,"a836aa93":66,"8942c35b":72,"180377be":74,"696fdac5":73,"1e232870":74,"1e191c98":48,"db703021":61,"56d315d8":56,"1a2ec5d7":72,"b6591e25":67,"e786063b":66,"c015ec5a":66,"57167c74":74,"c1bdfd41":69,"e5d3655c":75,"92f800f5":63,"88fa53d6":58,"8e4c33d2":75,"a77e127d":52,"8dd649a3":60,"ea9bba6b":60,"f2470875":76,"be4f8ba8":62,"eeaa2d46":69,"3661e12d":64,"88432019":64,"3454fa2b":65,"7d6895f4":64,"416a9e97":67,"789bd484":68,"25d1b2d8":65,"a939b50b":72,"90d52475":67,"1b881e6e":79,"77f31bab":69,"cb6c9e42":81,"6d61bf13":58,"4b3e3b1c":72,"8aa78e2f":58,"69f3bfcc":72,"159ffd0b":45,"05642105":66,"d36125db":77,"b36a0d66":55,"d33790a2":80,"bd62d7ed":61,"eebc8d43":74,"55928ef1":69,"afe8e06a":60,"20958d58":61,"a66a2d8a":70,"c1bb74f2":64,"c38c2b52":70,"d4ee22a4":76,"7f6d1d0e":86,"ae95f2ba":82,"aa187e3b":63,"f0a06216":62,"7566fdd6":70,"f7231212":67,"ae99df30":71,"6034b6d0":70,"7735c3c2":64,"abd32136":68,"d4d5f466":72,"d929098e":49,"0cb80f4a":68,"4ac6bd4e":50,"fa55f27a":81,"f9c15fcc":73,"d0b297b2":60,"d102b0c6":52,"8f9b74b0":57,"913a6226":66,"4eed1bea":74,"efd23af5":67,"ded7da5a":72,"d25e0f8d":69,"5eaa1581":67,"f94bf9ea":62,"725dce8b":72,"162a7348":71,"b230e8d3":67,"47cfba38":64,"8cddb65e":75,"1f7607df":51,"98915a1f":53,"5747db6e":74,"284544ba":75,"b947257e":81,"2d54e0a8":57,"ea822700":56,"064a99c8":67,"804d4dfa":61,"24d24fa3":64,"812b4f15":60,"c6e3d352":77,"1d44aff3":72,"345c9967":66,"91f7ef72":68,"a472532e":60,"d9a64845":69,"08a561b7":54,"f3a0c2ee":68,"aefe13f5":75,"c609739e":76,"f4343817":67,"7f86be64":70,"0a92153e":70,"8e780922":67,"e1618359":74,"79f04300":67,"168e75d9":64,"8e99d5d0":72,"66b7b5b4":64,"902f49f5":71,"30dbfc69":63,"6e24d88b":69,"5ccf94d6":66,"8942c35b":73,"f883d582":62,"868cda42":59,"caddd0a7":78,"719c8869":84,"c4e70c07":70,"62d1d346":54,"f8b31ce5":85,"37a7d5b0":73,"317c1591":67,"c564e316":74,"83086d4c":70,"21ee2afe":76,"b9a48a5c":51,"af157d29":72,"d6320619":71,"ccdd1ce6":61,"88432019":65,"4469c815":55,"5a0eb771":67,"aff8e442":69,"8ec3834d":80,"23760167":57,"bf822e33":69,"36b7003c":83,"b88033fd":76,"19f9ca86":77,"5b60dd1d":74,"5099c6a0":78,"a40846b7":71,"1f88a4b7":77,"8aa78e2f":59,"4ff2225d":66,"2d1e1e9d":65,"1138796e":67,"ce4da56f":69,"b552beb3":65,"6c486702":79,"478d2d4f":81,"78b97937":78,"1bc0591f":75,"05f6ab35":68,"20958d58":62,"7fdc2007":65,"53b4e647":85,"cf9f4757":58,"10ec5a0b":69,"c0b23081":76,"6034b6d0":71,"7f6d1d0e":87,"d5059415":69,"d83870f5":66,"290b4714":64,"91536e85":77,"88ce179e":77,"0d28db94":61,"4652b09a":79,"1bd5b20b":75,"92d38723":77,"3652bd66":67,"ef16ca37":67,"d0b297b2":61,"72b84094":77,"67f6e4f2":70,"de11eb19":80,"e4714415":81,"9f5e6cba":80,"aa9ea5e8":61,"9b3f8714":70,"bb8a6337":62,"5e09f69e":73,"7af9d3b1":78,"98915a1f":54,"1f7607df":52,"0d2a1c58":62,"f0a06216":63,"83b2f9c5":76,"fe44fc6f":73,"61145ec9":80,"dc03ebd2":85,"ec110282":72,"a5fd8ffd":73,"195eb771":67,"064a99c8":68,"742f1425":65,"d82592f4":67,"a43061ee":59,"cac4449a":55,"a543ec74":70,"aa00769b":82,"e2a7d915":68,"ccb5ea3e":57,"8f9b74b0":58,"92136ff5":74,"e1618359":75,"44ff8baa":66,"77898c22":56,"9f2b16a7":69,"53431634":82,"a4296d1e":72,"ab7d4c9a":65,"4b4ecbce":64,"1e232870":75,"3b690f68":80,"4279e829":81,"56d315d8":57,"20e470e0":67,"d634aa28":82,"f1b493de":78,"906632cb":63,"ca7d47f7":73,"b5ce0c0c":71,"3fdb08f5":62,"a33fe0dd":79,"859545e6":52,"dac109cf":62,"5ab7bc35":73,"911e770b":66,"d744bee2":68,"3c6692a3":77,"508aac3d":69,"b9a48a5c":52,"b946e146":83,"51f57142":78,"01d817b8":58,"945b63f0":86,"ccdd1ce6":62,"2cb29e5a":78,"91d52a55":71,"25d1b2d8":66,"d5557fb4":71,"0f1ac912":57,"04643409":75,"650bb0e0":67,"c98d5272":74,"e45b4b53":55,"363590c7":65,"09f0db62":94,"695a2b92":66,"095ab3b4":58,"004f1ef3":79,"27f52ed3":87,"159ffd0b":46,"05642105":67,"4b3e3b1c":73,"32c9fc47":64,"b2703001":66,"5f4102da":71,"eebc8d43":75,"e35a63cd":73,"19551bad":67,"6a7392d5":65,"13b53c7a":71,"062179c1":66,"07f98660":81,"af7e5be8":67,"abd32136":69,"7ee7621c":67,"17b08923":67,"e7e82473":85,"336d0f08":75,"de11eb19":81,"cd95f558":73,"a533489b":77,"8c6e001f":54,"3a1b9af5":58,"6867261a":63,"47cfba38":65,"72805bf5":60,"13747b82":70,"227006e4":67,"c9efc8f6":69,"32133249":75,"1bd5b20b":76,"5eab91a0":71,"ef14000f":79,"a85d89cc":65,"d815c5b4":79,"77bfed7e":68,"6ee92259":74,"43d87483":66,"7735c3c2":65,"290b4714":65,"e356abf1":74,"3101354b":61,"abc1d7ad":75,"69eeae0d":74,"7ae34c64":73,"a0cf08b3":58,"6e44927f":58,"00a481e3":74,"13f0e139":63,"e6fac295":61,"4b4ef7fa":69,"12271e14":64,"c27969ec":72,"2c24d929":80,"aefe13f5":76,"4e5aaaec":61,"51c57542":76,"da3437cd":58,"5a622a23":62,"c8dc010f":79,"9d0546ac":62,"bfad1727":65,"d548635d":64,"1a2c020b":63,"2e3503e4":68,"c382f054":69,"f1b493de":79,"e62d705f":61,"90a06ee9":69,"751bcf25":66,"53431634":83,"74f234c6":64,"9f2b16a7":70,"4ee62a26":59,"c3e6ef01":74,"56d315d8":58,"fbdffc95":57,"014460b9":86,"638cb163":88,"4fd645f1":56,"859545e6":53,"f8b31ce5":86,"ffc86f94":62,"8657c79d":85,"84b67924":68,"0bd93cfd":54,"d3a669ac":82,"e58b26f6":70,"2c627253":64,"911e770b":67,"affb82bf":71,"6d5fcd4c":69,"dfa1a89b":67,"a77e8461":65,"2cb29e5a":79,"9a467a82":66,"15620dca":78,"39a2fcce":61,"5f7d7195":67,"0f1ac912":58,"ce3407dd":73,"48efc739":83,"437fc3ec":65,"e45b4b53":56,"8e4c33d2":76,"3c43e8a2":71,"578f6e9e":76,"39bbc4bc":81,"6b79fec2":62,"062179c1":67,"9a07d89b":78,"733c86f8":66,"0f89862c":71,"05f6ab35":69,"2bcca6a7":87,"78467b8a":74,"ce4da56f":70,"8298e976":74,"3310a049":75,"cf84fb54":77,"868edcc0":67,"e36dfd6f":59,"a6bcb07e":74,"d957f027":62,"c81b2bcf":63,"6df0b2e8":87,"4125085e":72,"64db4feb":80,"b377a62a":60,"a533489b":78,"7a2f3f06":61,"761cf820":66,"1ff8c2fc":72,"0ac825ed":70,"49bf2e95":51,"621d6b18":74,"9c29f0ed":78,"0d7d88f1":61,"8bc04eb5":56,"7a840529":48,"6c20c153":62,"4652b09a":80,"f7231212":68,"9496f56f":71,"16b476e9":58,"04cc7cbe":61,"0bfabf48":67,"6b82b527":63,"d39724bc":66,"616d6dd6":69,"5f0c1b9d":79,"aa867541":60,"810aa5e9":64,"ec110282":73,"56473430":72,"ae016053":72,"74e01f6a":66,"3e602573":53,"eed20185":71,"12271e14":65,"64a7f79f":57,"4cc141fa":54,"a636f4c9":84,"288a2c43":65,"2ab62345":60,"6867261a":64,"51f80f4c":73,"26c390d6":62,"70bc8325":66,"84b67924":69,"98915a1f":55,"7e991ab9":58,"730338c4":84,"f069bb07":67,"a63bddd4":79,"01d817b8":59,"36d340f2":64,"af157d29":73,"4d35385e":68,"6143f39d":67,"6cba74ce":62,"bc09fa9e":65,"e2a7d915":69,"fb8bfb36":81,"3b7763b1":53,"201cafad":64,"7b6a7048":73,"d25e0f8d":70,"6fb4cdda":77,"c4feee5b":67,"34c5c729":69,"5be594be":68,"501db4de":66,"c7313e0a":76,"3498f223":61,"31408822":60,"0c043224":81,"180377be":75,"ca6d2d91":71,"61f25dd4":82,"db703021":62,"30d84dce":63,"8f13c203":67,"2203f259":71,"437fc3ec":66,"312f7676":72,"1105f790":77,"7fdc2007":66,"9d023afb":78,"062179c1":68,"cd522166":84,"6c524f99":61,"8dd649a3":61,"a40846b7":72,"95d3d348":59,"363590c7":66,"d6db2b02":78,"4945c851":77,"f5829ac0":68,"cf84fb54":78,"2cce4fb2":79,"06ddafc7":61,"6db0ea86":68,"24ffcbd3":78,"9bdf362a":61,"ca7d47f7":74,"e5d3655c":76,"25776fc4":78,"e32524d6":71,"37fbb107":80,"8a52882e":71,"842c8340":56,"1a0189c4":63,"8ec3834d":81,"aff8e442":70,"7e15f8e8":72,"d0b297b2":62,"9260d96b":79,"9e878ec2":88,"c7c4ec5c":56,"379184a7":76,"8493f3b2":77,"d102b0c6":53,"11b2c8d9":61,"a85d89cc":66,"f0a06216":64,"ba938220":61,"ad2d7bed":70,"2b698053":66,"04bef50c":49,"9496f56f":72,"d815c5b4":80,"869cbaa0":81,"ae99df30":72,"9fce073c":72,"00cf385d":82,"7a840529":49,"04cc7cbe":62,"b28a5e67":74,"731fc335":52,"65e4235b":70,"616d6dd6":70,"d8e58a8c":74,"a0cf08b3":59,"4bc46d7a":69,"792cfcbd":58,"b6aaf976":73,"2198ba8e":66,"73b15e04":65,"c650b434":78,"9a80f004":62,"ccb5ea3e":58,"2b3c49b9":74,"df81ddee":62,"501db4de":67,"e21c6207":64,"9d0546ac":63,"9b742f71":66,"6b78ad7f":79,"0dad37d5":67,"696fdac5":74,"c8977844":70,"ab7d4c9a":66,"7cd0ad7b":77,"b3863630":62,"0c043224":82,"cd3bbe7e":75,"f1b493de":80,"142d6987":73,"dbd2f139":82,"7043382d":72,"0f029727":64,"4c39240e":64,"48655f09":82,"c93c3508":54,"bc3dc66a":70,"dcfaba4c":66,"0ecfa1c9":64,"60d6cee2":71,"c64de0c0":61,"51f80f4c":74,"26c390d6":63,"0bd93cfd":55,"b947257e":82,"911e770b":68,"eb7b4e29":64,"8657c79d":86,"884b0ad1":67,"9a467a82":67,"d3e84616":83,"e9adbe58":63,"945b63f0":87,"87922532":71,"3e602573":54,"a8c93bed":71,"9b546d65":63,"f2e3c0e3":60,"263762cb":64,"c95719e5":63,"578f6e9e":77,"09ff339a":51,"42191b64":56,"5270f158":63,"b1f58563":67,"07fc4a9a":67,"a6bcb07e":75,"6db0ea86":69,"8b2b601d":66,"de36827b":83,"b2703001":67,"2154b6e8":66,"859545e6":54,"aa021138":73,"c7636527":61,"1438fad7":69,"f2ca27d9":62,"3f65f121":69,"6cba74ce":63,"50d129cf":62,"d1fe2868":64,"789bd484":69,"faf3ed07":65,"794f652b":64,"77f31bab":70,"39a2fcce":62,"5acaa06f":54,"45b038bb":93,"06073f13":71,"00554ffd":77,"b377a62a":61,"408bb2ed":58,"fa55f27a":82,"eebc8d43":76,"19551bad":68,"5f4102da":72,"7af262e5":75,"9cb4697f":78,"753ca352":61,"5b5fc566":59,"7e95c5a0":54,"d1d40c9c":71,"d7cb9bcf":70,"1a442bc7":69,"619fda68":74,"4258c176":65,"7fb4c521":64,"597c1f81":57,"7ee7621c":68,"54d7de6b":77,"8ac72326":61,"8db5a165":55,"28654c76":82,"b2cfdbcf":66,"abc1d7ad":76,"fd482491":79,"4abb7aed":65,"61d4782d":70,"c4bff41f":66,"c64de0c0":62,"288a2c43":66,"5e09f69e":74,"af034fee":60,"35aa7fd0":79,"72d7b461":73,"ef1c2dcb":65,"911e770b":69,"f271ed5d":69,"e58b26f6":71,"d552eb2f":68,"22234d6b":73,"2b3c49b9":75,"6b9eff39":63,"21ad2f34":61,"3007f31f":63,"cd421290":67,"dcf85091":57,"debe1f65":77,"f2086446":75,"ccb5ea3e":59,"9267f0ef":80,"34c5c729":70,"a3253019":69,"79f04300":68,"f33c0140":70,"5ccf94d6":67,"b6591e25":68,"f883d582":63,"0c0e98ea":56,"751bcf25":67,"381c68fa":70,"e8d74304":60,"9c58dd76":78,"59c1e594":79,"04612878":72,"b7df1559":74,"c6e3d352":78,"48655f09":83,"91f7ef72":69,"263762cb":65,"6b79fec2":63,"9a3cc55d":56,"8274885a":75,"d599b566":84,"5099c6a0":79,"f5829ac0":69,"c95719e5":64,"d9dcdc4b":87,"f1b493de":81,"a33fe0dd":80,"04ea5673":73,"fbdffc95":58,"2045d7d6":62,"3bad3c95":48,"df2b4d87":65,"9e65c0ef":65,"e8f173b5":66,"e0f7679f":60,"172217e5":69,"49902219":76,"b9a48a5c":53,"3454fa2b":66,"f2ca27d9":63,"fd6dcb20":61,"be4f8ba8":63,"31d74eee":62,"794f652b":65,"a1921150":76,"1a0189c4":64,"1d790491":67,"cf775f58":70,"91d52a55":72,"0b5a0408":64,"07fc4a9a":68,"b84a06eb":69,"288afc30":69,"9b546d65":64,"f5e8dfee":76,"4c0e547b":62,"2352c8ef":60,"f67de058":65,"a0685bf3":83,"cfafcda8":68,"4652b09a":81,"9c29f0ed":79,"cb4f262b":72,"597c1f81":58,"d815c5b4":81,"4f59a322":69,"ba938220":62,"00cf385d":83,"af7e5be8":68,"e4117b3b":54,"b35e9e1a":95,"332820ce":74,"c7c4ec5c":57,"408bb2ed":59,"6585adbe":55,"db0a661e":69,"42c80e69":74,"5e09f69e":75,"1ed46298":78,"6e851762":61,"2ab62345":61,"12534561":58,"911e770b":70,"92136ff5":75,"27d8bf51":69,"cd421290":68,"c45d554f":69,"2209903e":67,"53431634":84,"0a92153e":71,"2b3c49b9":76,"0d5ee801":59,"a4296d1e":73,"efd23af5":68,"4279e829":82,"0dad37d5":68,"064a99c8":69,"a5aee5de":82,"3e602573":55,"27c8e038":76,"35b58ef9":63,"d82592f4":68,"87922532":72,"a901627e":61,"bd2705b0":83,"e57d5cda":82,"f0a06216":65,"0d28db94":62,"313258f2":63,"1d44aff3":73,"fafb4cc2":95,"aa76bc50":62,"a472532e":61,"b2cfdbcf":67,"95d3d348":60,"09ff339a":52,"f2470875":77,"437fc3ec":67,"6ce84ff8":57,"026766f3":64,"36380d96":73,"168e75d9":65,"3b690f68":81,"d033db8d":69,"69134f07":69,"26ed1a5c":66,"906632cb":64,"ca7d47f7":75,"aa021138":74,"8f13c203":68,"f8b31ce5":87,"fce3c5c6":58,"08a06557":86,"30c5d755":77,"3a204e56":72,"6085137f":51,"d552eb2f":69,"24a9fb86":75,"50c3164b":72,"081460bf":72,"e58b26f6":72,"ec2cb1af":71,"3062379b":56,"d6320619":72,"ea822700":57,"a63bddd4":80,"394dc144":71,"9a467a82":68,"315537b2":63,"1d153b20":70,"77f31bab":71,"794f652b":66,"ef8321d8":68,"842c8340":57,"a9b1bd51":55,"66d94227":59,"c98d5272":75,"6db0ea86":70,"05642105":68,"a8871ddf":68,"a24e6670":78,"95f6db13":58,"cf50e84e":70,"32c9fc47":65,"1bd5b20b":77,"c463799d":79,"78467b8a":75,"8f10fa42":78,"733c86f8":67,"6c486702":80,"eb2e1983":61,"f2e3c0e3":61
1604737501988,"efd23af5":69,"261c9911":78,"0d770b97":75,"53b4e647":86,"597c1f81":59,"dffa7793":53,"6775d5cd":65,"f1df62b4":67,"d83294cd":66,"d39724bc":67,"e4117b3b":55,"7566fdd6":71,"6b82b527":64,"ef14000f":80,"9496f56f":73,"b0869206":71,"d8e58a8c":75,"c91966ce":66,"fd482491":80,"08a561b7":55,"00a481e3":75,"69eeae0d":75,"3101354b":62,"e2cbe594":55,"fb8bfb36":82,"36380d96":74,"21e10a2b":66,"53747a91":71,"5be594be":69,"70594a28":66,"c21ab51e":53,"efe84c27":60,"6fb4cdda":78,"cc11fef9":74,"145c7559":76,"9316e7e8":55,"3f9b5722":58,"dcf85091":58,"58d46189":76,"a68a93b2":65,"20e470e0":68,"d70ca4f4":77,"638cb163":89,"9bdf362a":62,"24ffcbd3":79,"88fa53d6":59,"1623fc9f":67,"44c77422":73,"c1bdfd41":70,"a2c334e7":85,"dcfaba4c":67,"bc3dc66a":71,"6df0b2e8":88,"0ecfa1c9":65,"a47abfbb":64,"8d04852b":69,"1f7607df":53,"9fa62fee":64,"5747db6e":75,"508aac3d":70,"e58b26f6":73,"884b0ad1":68,"730338c4":85,"49902219":77,"9de29816":59,"53a8613c":84,"dc0c8b09":80,"0042f6eb":77,"eebc8d43":77,"2a4a402a":68,"a8c93bed":72,"f2e3c0e3":62,"a567ace4":68,"9496f56f":74,"e0e48a2d":71,"7fb4c521":65,"04cc7cbe":63,"c803b4a3":69,"b3f19a69":66,"a6b5e869":65,"00a17b46":66,"ad303bda":75,"ba586505":63,"e382ec3f":59,"9f74b8a4":63,"faf4f98b":69,"bec9d329":78,"d9d0c567":65,"08a561b7":56,"f789f6d8":81,"3007f31f":64,"e2a7d915":70,"df81ddee":63,"f9c15fcc":74,"cd95f558":74,"8323d333":61,"408bb2ed":60,"8493f3b2":78,"67f6e4f2":71,"0da28f5b":73,"b6ee137a":67,"1a2c020b":64,"201cafad":65,"f33c0140":71,"9267f0ef":81,"c455f40e":62,"21ad2f34":62,"e7abc88d":51,"110b1ee3":78,"c4feee5b":68,"c8977844":71,"3498f223":62,"8db62558":70,"a4f1d83b":72,"7a9344a4":79,"1f11812e":66,"ddec9e54":61,"865d9857":54,"2cb29e5a":80,"9c045c61":71,"bb99c79c":69,"394dc144":72,"77bae750":60,"bda8cdfb":71,"2b3e4717":70,"f66616b7":61,"a1921150":77,"5d087c79":70,"9e65c0ef":66,"57167c74":75,"30c5d755":78,"4c39240e":65,"0f029727":65,"3fdb08f5":63,"44c77422":74,"d8e58a8c":76,"74c26380":64,"56473430":73,"dd035d2a":66,"dfc89705":71,"eed20185":72,"2198ba8e":67,"2c24d929":81,"ac62fac2":75,"a0b03218":72,"ae8a09c4":75,"081460bf":73,"bc3dc66a":72,"1ed46298":79,"b35bb8a1":61,"71279c46":61,"64db4feb":81,"31f6ba51":63,"fd07e0ed":67,"70bc8325":67,"5747db6e":76,"98915a1f":56,"e58b26f6":74,"fb7482fe":65,"84b67924":70,"92ca52b7":71,"b8488fc8":66,"e35a63cd":74,"9a3ab0b8":56,"a567ace4":69,"bd62d7ed":62,"11b2c8d9":62,"ef14000f":81,"87c462ee":67,"9c29f0ed":80,"e4c312fe":69,"77bfed7e":69,"1a442bc7":70,"67c57de4":95,"0d770b97":76,"cf9f4757":59,"124fbe96":65,"a06a6430":66,"95539a58":50,"88ce179e":78,"f56ac638":58,"2209903e":68,"a40846b7":73,"5781776a":73,"b769bdfb":75,"695a2b92":67,"312f7676":73,"dc583e64":67,"437fc3ec":68,"8d753bb6":58,"4ff2225d":67,"b36a0d66":56,"6d802fa2":63,"17b08923":68,"2d1e1e9d":66,"de36827b":84,"4ba6eb36":73,"608bc832":62,"379184a7":77,"08a4c3f8":70,"6585adbe":56,"7a6aa4b6":73,"6b9eff39":64,"4eed1bea":75,"4dac6b20":54,"3498f223":63,"20777945":65,"7f86be64":71,"7bebff03":60,"bd984a8e":60,"93e8cee5":78,"0dad37d5":69,"69134f07":70,"470d50c2":70,"94a2fe10":67,"f1b493de":82,"dbc9df44":54,"751bcf25":68,"66497c7e":67,"3b690f68":82,"8cc4a982":61,"9e206c95":81,"e9adbe58":64,"21ee2afe":77,"1d153b20":71,"b946e146":84,"ccdd1ce6":63,"842c8340":58,"9ceb5439":61,"93fdbb44":58,"48efc739":84,"cf775f58":71,"8ec3834d":82,"cb6c9e42":82,"751acea8":61,"381c68fa":71,"a33fe0dd":81,"aab4d996":69,"df2b4d87":66,"04ea5673":74,"805af3c7":67,"74c26380":65,"012de09c":64,"8a165e17":73,"d8e58a8c":77,"3f75d3bc":73,"dc03ebd2":86,"8db5a165":56,"fbdffc95":59,"caddd0a7":79,"de11eb19":82,"24d24fa3":65,"71bc1295":69,"812b4f15":61,"a5aee5de":83,"6ebe2354":59,"59c1e594":80,"f1098793":72,"e4714415":82,"5eaa1581":68,"c93c3508":55,"51f80f4c":75,"dc473de1":63,"f94bf9ea":63,"57d5dee8":78,"0bd93cfd":56,"fd07e0ed":68,"9fa62fee":65,"778c95e9":68,"fd369c21":74,"84b767be":80,"c793cdda":66,"c510bfd3":79,"fead11cf":65,"6a7392d5":66,"1bc0591f":76,"9d023afb":79,"25a2844e":72,"2bcca6a7":88,"5b5fc566":60,"67c57de4":96,"d2466211":84,"b0869206":72,"6ee92259":75,"597c1f81":60,"6841f77e":81,"6f39f4d9":87,"619fda68":75,"7f6d1d0e":88,"1757a30e":61,"0bfabf48":68,"621d6b18":75,"51a3e9c2":73,"1951480c":73,"f2470875":78,"71ff66e8":65,"578f6e9e":78,"6d61bf13":59,"42191b64":57,"f6fe095d":86,"e81834aa":75,"2d1e1e9d":67,"d6db2b02":79,"95bc84f1":62,"159ffd0b":47,"1be05c14":61,"0114160e":68,"06073f13":72,"72b84094":78,"21ad2f34":63,"ab7467de":81,"e2cbe594":56,"27d8bf51":70,"5be594be":70,"1a2c020b":65,"c45d554f":70,"f4343817":68,"79f04300":69,"8e99d5d0":73,"972f4174":80,"a3253019":70,"0c043224":83,"12012fbd":69,"bb99c79c":70,"21ee2afe":78,"e9adbe58":65,"3661e12d":65,"2dda3936":67,"a63bddd4":81,"5339e1e9":66,"5a0eb771":68,"5f7d7195":68,"789bd484":70,"d1fe2868":65,"650bb0e0":68,"794f652b":67,"1e232870":76,"3b690f68":83,"cf1124db":64,"8db62558":71,"4360a1a3":80,"26ed1a5c":67,"d634aa28":83,"719c8869":85,"313258f2":64,"0a1d11e6":55,"71ba7561":67,"6023df54":69,"db8ba455":78,"42cd2360":61,"2c6cb96f":57,"0b959527":67,"859545e6":55,"4def63ee":55,"fbdffc95":60,"aa021138":75,"08a06557":87,"5acaa06f":55,"792c9b6a":55,"8245f916":59,"e0e6a097":66,"82b81567":63,"332820ce":75,"13f0e139":64,"b6aaf976":74,"458dcc3d":72,"dcfaba4c":68,"3c18f28e":65,"72805bf5":61,"aec4e1bf":70,"35aa7fd0":80,"deb31f35":74,"4911acad":56,"aec074c4":81,"2180f99b":73,"de6213c7":70,"2d13e69b":70,"6c524f99":62,"8721056e":59,"6a7392d5":67,"70ee0491":55,"fee32863":62,"b87158fb":74,"afe8e06a":61,"7e95c5a0":55,"ad2d7bed":71,"3b2dee89":67,"d2466211":85,"d815c5b4":82,"9f74b8a4":64,"51a3e9c2":74,"95539a58":51,"a636f4c9":85,"71bc1295":70,"ac62fac2":76,"48655f09":84,"5270f158":64,"f5cd79c1":59,"83086d4c":71,"95d3d348":61,"09f0db62":95,"25635c37":63,"3a204e56":73,"54a676d6":65,"013ee301":71,"8298e976":75,"4b3e3b1c":74,"a6bcb07e":76,"11888cfa":67,"d6db2b02":80,"a851554d":84,"4295ce9a":78,"e21c6207":65,"bfad1727":66,"6bc5d32a":84,"92136ff5":76,"9d0546ac":64,"9b172ca8":61,"bca2d7cd":66,"3c6692a3":78,"af0b61ab":74,"7080f122":60,"bb99c79c":71,"53a8613c":85,"09560615":55,"f3d68430":72,"172217e5":70,"25a7a0a3":71,"36b7003c":84,"25d1b2d8":67,"254cc28c":76,"1a0189c4":65,"d5557fb4":72,"d1fe2868":66,"c98d5272":76,"501db4de":68,"36380d96":75,"145c7559":77,"906632cb":65,"7cd0ad7b":78,"754f98c9":71,"1e191c98":49,"972f4174":81,"e1618359":76,"3f9b5722":59,"f883d582":64,"db703021":63,"87083264":70,"37d0cae2":68,"290b4714":66,"6775d5cd":66,"2b698053":67,"faf4f98b":70,"a15713c6":78,"61145ec9":81,"d8e58a8c":78,"7ae34c64":74,"d9a64845":70,"2dd0e808":69,"08a561b7":57,"7a9344a4":80,"75ffea08":72,"caddd0a7":80,"014460b9":87,"d9d7c4c2":70,"0cb80f4a":69,"b2a8761b":68,"7a6aa4b6":74,"c4aa1e38":60,"f1862e79":58,"761cf820":67,"288afc30":70,"868cda42":60,"a81a857c":66,"5f620a1e":78,"a2c334e7":86,"31f6ba51":64,"61d4782d":71,"c852d240":67,"031e488e":72,"540df50f":79,"6df0b2e8":89,"b8488fc8":67,"eb2e1983":62,"dc0c8b09":81,"78467b8a":76,"8007f30e":49,"2352c8ef":61,"fead11cf":66,"064a99c8":70,"c27969ec":73,"64a7f79f":58,"cbad3b92":82,"804d4dfa":62,"26c6fa34":66,"03c398d2":71,"263762cb":66,"1da771fb":67,"39bbc4bc":82,"60e855ee":73,"77d35808":71,"42191b64":58,"b1f58563":68,"8cf83787":62,"868edcc0":68,"1438fad7":70,"32c9fc47":66,"88a30343":70,"a6bcb07e":77,"ab7467de":82,"4295ce9a":79,"e2cbe594":57,"4e5aaaec":62,"884b0ad1":69,"aaa274a5":70,"5747db6e":77,"0fc5ac7e":87,"84b767be":81,"fb7482fe":66,"72d7b461":74,"315537b2":64,"9a467a82":69,"b9a48a5c":54,"49902219":78,"3f65f121":70,"01d817b8":60,"dfa1a89b":68,"aff8e442":71,"d5557fb4":73,"faf3ed07":66,"2b3e4717":71,"088feee2":75,"5f7d7195":69,"c98d5272":77,"bc09fa9e":66,"5fa12feb":68,"9f2b16a7":71,"21ad2f34":64,"e0154608":56,"6fb4cdda":79,"9b742f71":67,"d34a29b9":74,"cc11fef9":75,"db703021":64,"9267f0ef":82,"36380d96":76,"467773ac":67,"730a4938":73,"ac030e74":62,"dffa7793":54,"9aa6a054":62,"e28c2efc":62,"a502c93c":65,"67d30f2b":70,"629800eb":78,"b73e789c":65,"6c20c153":63,"93b0a158":72,"7e95c5a0":56,"7a4c064c":76,"4652b09a":82,"5f96c2bc":53,"6e44927f":59,"dc03ebd2":87,"08a561b7":58,"49cb2959":71,"abc1d7ad":77,"8a165e17":74,"40a745c0":71,"059d6c19":86,"180377be":76,"20e470e0":69,"b2703001":68,"3a1b9af5":59,"fe0df575":81,"ef16ca37":68,"ea274174":75,"a533489b":79,"0ac825ed":71,"8c6e001f":55,"37a7d5b0":74,"805af3c7":68,"57167c74":76,"4577b333":68,"e3547548":52,"4c39240e":66,"b320feb9":65,"13747b82":71,"47cfba38":66,"3a1d1632":45,"32133249":76,"2132fe93":78,"30c184b8":72,"dd3913d2":57,"8f10fa42":79,"a66a2d8a":71,"7fdc2007":67,"f5e8dfee":77,"b87158fb":75,"56752a4a":62,"64a7f79f":59,"baebb391":81,"a5aee5de":84,"b7df1559":75,"73b15e04":66,"48655f09":85,"263762cb":67,"6d61bf13":60,"b769bdfb":76,"42191b64":59,"eda6a690":57,"22aeaf03":74,"a58bf525":68,"c64de0c0":63,"72805bf5":62,"b7832271":67,"6751d8e4":79,"5747db6e":78,"50c3164b":73,"7db3edda":70,"6a3eaf43":67,"d552eb2f":70,"d6320619":73,"3661e12d":66,"a63bddd4":82,"6143f39d":68,"f3d68430":73,"18815a1b":70,"f2ca27d9":64,"449d8475":61,"794f652b":68,"c81b2bcf":64,"c650b434":79,"913a6226":67,"805534ac":65,"0149e11a":58,"da3437cd":59,"261c9911":79,"90a06ee9":70,"bc09fa9e":67,"c382f054":70,"7f86be64":72,"e9679ede":62,"04cc7cbe":64,"8fb236a9":66,"bb00e71c":57,"9aa6a054":63,"6034b6d0":72,"abad2347":69,"e57d5cda":83,"124fbe96":66,"e4c312fe":70,"7fb4c521":66,"e4117b3b":56,"c803b4a3":70,"e28c2efc":63,"67d30f2b":71,"1d44aff3":74,"f905a555":62,"7ae34c64":75,"3101354b":63,"08a561b7":59,"49cb2959":72,"8db5a165":57,"655954ba":69,"972f4174":82,"ab7d4c9a":67,"7cd0ad7b":79,"1e191c98":50,"30dbfc69":64,"a8871ddf":69,"6291e9e9":69,"b84a06eb":70,"e8f173b5":67,"1438fad7":71,"489a39f7":64,"d9dcdc4b":88,"1b153aef":69,"9263c525":65,"4ac6bd4e":51,"0cb80f4a":70,"1ff8c2fc":73,"d0e9a58e":59,"608bc832":63,"dbd2f139":83,"0c0e98ea":57,"a8726d50":53,"d6f0d94a":59,"5cd3cfe0":55,"57167c74":77,"0b959527":68,"a577db1c":54,"c015ec5a":67,"28d40296":53,"44c77422":75,"1a0189c4":66,"bad1a1cc":59,"ce3407dd":74,"b88033fd":77,"831c7b85":65,"a66a2d8a":72,"b87158fb":76,"70ee0491":56,"55928ef1":70,"64a7f79f":60,"b6aaf976":75,"a5aee5de":85,"812b4f15":62,"35b58ef9":64,"ac62fac2":77,"0f72f2d8":67,"71ff66e8":66,"60e855ee":74,"b769bdfb":77,"5099c6a0":80,"3712c4bd":61,"03b4ab60":71,"71a2a493":46,"64db4feb":82,"35aa7fd0":81,"42c80e69":75,"57d5dee8":79,"32133249":77,"f069bb07":68,"fd369c21":75,"730338c4":86,"911e770b":71,"50c3164b":74,"508aac3d":71,"1f342a00":78,"dfa1a89b":69,"affb82bf":72,"6de0aaac":57,"f5596d0f":78,"865d9857":55,"01d817b8":61,"8f9b74b0":59,"4b4ecbce":65,"5fa12feb":69,"e0154608":57,"feb67030":65,"06ee61b6":60,"dfcc2ad1":84,"a8c93bed":73,"e6ec8cbf":79,"07f98660":82,"bf30a08f":78,"c803b4a3":71,"8fb236a9":67,"d929098e":50,"a6b5e869":66,"c38c2b52":71,"ffa08d82":77,"6775d5cd":67,"cb142908":63,"1bb4ccc0":67,"7566fdd6":72,"93b0a158":73,"52eca0dc":69,"2c6cb96f":58,"d8e58a8c":79,"012de09c":65,"2dd0e808":70,"7ae34c64":76,"c8dc010f":80,"0dad37d5":70,"42191b64":60,"5781776a":74,"5678ed7b":87,"d36125db":78,"69f3bfcc":73,"f277386e":58,"fb44fa9c":78,"6d802fa2":64,"045f280d":75,"379184a7":78,"554ebb83":66,"db0a661e":70,"36fb15d2":67,"d33790a2":81,"0ac825ed":72,"49bf2e95":52,"f9f2c53f":59,"f3992a31":73,"e2cbe594":58,"30fdcd3b":68,"efe84c27":61,"20e470e0":70,"26dd2000":70,"1e7753d9":80,"470d50c2":71,"d70ca4f4":78,"66b7b5b4":65,"ca6d2d91":72,"5cd3cfe0":56,"65a00a3c":70,"dac109cf":63,"ea6de194":66,"9e206c95":82,"449d8475":62,"77bae750":61,"1b881e6e":80,"1a0189c4":67,"789bd484":71,"650bb0e0":69,"1d790491":68,"62d1d346":55,"fbdffc95":61,"d9d7c4c2":71,"805af3c7":69,"731fc335":53,"78b97937":79,"bc392d1c":63,"804d4dfa":63,"4cc141fa":55,"74e01f6a":67,"71bc1295":71,"56752a4a":63,"ae8a09c4":76,"c852d240":68,"68562193":53,"5774ac0d":78,"b35bb8a1":62,"540df50f":80,"60d6cee2":72,"6632fed0":76,"835358a0":56,"778c95e9":69,"cbb54a0a":59,"bca2d7cd":67,"508aac3d":72,"2c627253":65,"b7832271":68,"6d5fcd4c":70,"51f57142":79,"19551bad":69,"c463799d":80,"be3a10f8":73,"4c0e547b":63,"733c86f8":68,"2a4a402a":69,"4652b09a":83,"d4d5f466":73,"cf9f4757":60,"fea793f5":69,"7ee7621c":69,"abd32136":70,"20811ddf":65,"056ea7ff":77,"ba586505":64,"79be29c8":66,"385ab7c6":67,"4f59a322":70,"a901627e":62,"621d6b18":76,"74c26380":66,"00a17b46":67,"3a291497":62,"51c57542":77,"a836aa93":67,"4dac6b20":55,"7d112f4d":71,"c382f054":71,"9a3cc55d":57,"c318d350":72,"437fc3ec":69,"60e855ee":75,"5781776a":75,"6ce84ff8":58,"f5829ac0":70,"971675c5":80,"cf50e84e":71,"95bc84f1":63,"1db42092":79,"88a30343":71,"159ffd0b":48,"045f280d":76,"31f6d707":77,"de11eb19":83,"5acaa06f":56,"3d1af513":83,"f1862e79":59,"cd95f558":75,"792c9b6a":56,"e9679ede":63,"913a6226":68,"c8dc010f":81,"145c7559":78,"34c5c729":71,"93e8cee5":79,"2ad42a9e":65,"69134f07":71,"1e232870":77,"ca6d2d91":73,"3f9b5722":60,"30dbfc69":65,"40a745c0":72,"0af920d8":55,"7cd0ad7b":80,"61f25dd4":83,"a33fe0dd":82,"7043382d":73,"8f13c203":69,"f5596d0f":79,"15620dca":79,"8dd2684c":69,"21ee2afe":79,"97e75c19":78,"57540cc3":74,"9d9dd9e5":63,"d957f027":63,"36b7003c":85,"04643409":76,"794f652b":69,"5f7d7195":70,"868cda42":61,"e786063b":67,"859545e6":56,"c7636527":62,"616d6dd6":71,"a5fd8ffd":74,"d9a64845":71,"cf1b8c47":72,"13f0e139":65,"e8d74304":61,"458dcc3d":73,"99d130c9":73,"742f1425":66,"1c3a30c5":64,"b7df1559":76,"a2c334e7":87,"181c3dd5":65,"deb31f35":75,"0ecfa1c9":66,"031e488e":73,"57d5dee8":80,"4125085e":73,"284544ba":76,"0fc5ac7e":88,"7db3edda":71,"fd369c21":76,"4bcd4a30":86,"50c3164b":75,"c793cdda":67,"82204d54":63,"b8488fc8":68,"bd62d7ed":63,"2a76f1dd":55,"b87158fb":77,"a66a2d8a":73,"50b558a7":57,"5acce642":71,"6c20c153":64,"e382ec3f":60,"00cf385d":84,"87cd2add":66,"6841f77e":82,"f0a06216":66,"9496f56f":75,"ef91eaae":56,"88ce179e":79,"6a5b71b4":75,"c803b4a3":72,"10ec5a0b":70,"385ab7c6":68,"b1f58563":69,"578f6e9e":79,"c95719e5":65,"8dd649a3":62,"6ce84ff8":59,"39bbc4bc":83,"3f2522c2":74,"45fb95c1":75,"ce4da56f":71,"b552beb3":66,"49910300":65,"0114160e":69,"de36827b":85,"e81834aa":76,"608bc832":64,"9260d96b":80,"3652bd66":68,"d0b297b2":63,"5a0ead91":58,"e0e6a097":67,"8f2a7d69":60,"72b84094":79,"f9f2c53f":60,"704bce0d":67,"6fb4cdda":80,"4295ce9a":80,"d548635d":65,"fb8bfb36":83,"c5b35e4d":66,"70594a28":67,"79f04300":70,"3b7763b1":54,"f33c0140":72,"2209903e":69,"2e3503e4":69
1604737503310,"b2cfdbcf":68,"8db5a165":58,"8a165e17":75,"6023df54":70,"08a561b7":60,"3c0df8b4":74,"a851891c":55,"3661e12d":67,"d1715f3b":70,"53a8613c":86,"945b63f0":88,"09560615":56,"f87c5031":60,"7d6895f4":65,"77f31bab":72,"ce3407dd":75,"842c8340":59,"36b7003c":86,"794f652b":70,"f66616b7":62,"527ff946":73,"23080895":60,"d8475b95":51,"be1746a0":56,"c6e3d352":79,"73b15e04":67,"0eaf08da":73,"8eb64769":64,"82204d54":64,"f2e3c0e3":63,"dd3913d2":58,"dfcc2ad1":85,"c510bfd3":80,"25a2844e":73,"8063df14":60,"751acea8":62,"30fdcd3b":69,"381c68fa":72,"3f9b5722":61,"20e470e0":71,"c8977844":72,"0b959527":69,"7cd0ad7b":81,"3fdb08f5":64,"88fa53d6":60,"4def63ee":56,"e3547548":53,"259930ee":75,"ca7d47f7":76,"290b4714":67,"b0869206":73,"ea4d3f3e":72,"2882a956":76,"4652b09a":84,"081460bf":74,"60d6cee2":73,"3a1d1632":46,"aa9ea5e8":62,"5ac86fb9":68,"24a9fb86":76,"a6003226":63,"b5763ff6":56,"d3a669ac":83,"b7832271":69,"835358a0":57,"6e851762":62,"9ab755d3":60,"c793cdda":68,"cf9f4757":61,"abad2347":70,"a06a6430":67,"e6ec8cbf":80,"50c468ba":65,"c8113b77":61,"629800eb":79,"f7231212":69,"faf4f98b":71,"cf1b8c47":73,"1d44aff3":75,"6ce84ff8":60,"27f52ed3":88,"8dc9b4db":73,"e45b4b53":57,"836701f6":60,"c95719e5":66,"6d61bf13":61,"32c9fc47":67,"90731976":66,"e7e82473":86,"4b3e3b1c":75,"a8871ddf":70,"6a60348e":65,"a6bcb07e":78,"d33790a2":82,"c4aa1e38":61,"31f6d707":78,"95904ac4":84,"28654c76":83,"49cb2959":73,"3a291497":63,"7896b953":72,"eafbf9fb":74,"d3e84616":84,"9de29816":60,"6143f39d":69,"2cb29e5a":81,"49902219":79,"57540cc3":75,"f4b2f575":56,"cf775f58":72,"e99318a3":58,"1634789b":70,"d5557fb4":74,"44a4f7cd":63,"50d129cf":63,"34658473":65,"9e878ec2":89,"408bb2ed":61,"45b038bb":94,"64a7f79f":61,"946df4fd":71,"dfc89705":72,"cf52025e":62,"74e01f6a":68,"8eb64769":65,"b7df1559":77,"92ca52b7":72,"f5e8dfee":78,"11b2c8d9":63,"30c184b8":73,"062179c1":69,"bd984a8e":61,"f734c84c":86,"06ee61b6":61,"d25e0f8d":71,"51c57542":78,"e1618359":77,"53747a91":72,"c382f054":72,"cb51f134":74,"4e5aaaec":63,"0da28f5b":74,"27d8bf51":71,"5a622a23":63,"c21ab51e":54,"1a2ec5d7":73,"1e191c98":51,"c8977844":73,"5cd3cfe0":57,"ddec9e54":62,"24ffcbd3":80,"bb98a6cf":83,"1623fc9f":68,"d634aa28":84,"fce3c5c6":59,"7e76c93c":81,"df2b4d87":67,"92f800f5":64,"75ffea08":73,"a66a2d8a":74,"cfafcda8":69,"e9a8cf11":69,"a6003226":64,"f94bf9ea":64,"9b3f8714":71,"162a7348":72,"081460bf":75,"540df50f":81,"5a07fc2e":63,"eb7b4e29":65,"272c7672":70,"de6213c7":71,"f4726450":63,"fd07e0ed":69,"4bcd4a30":87,"d929098e":51,"95d331b1":57,"5eab91a0":72,"16b476e9":59,"bec9d329":79,"7a840529":50,"e6ec8cbf":81,"053f3451":70,"37d0cae2":69,"d5059415":70,"6034b6d0":73,"7566fdd6":73,"f7231212":70,"619fda68":76,"fe1d4419":75,"363590c7":67,"312f7676":74,"71ff66e8":67,"004f1ef3":80,"b769bdfb":78,"437fc3ec":70,"0114160e":70,"e7e82473":87,"1f88a4b7":78,"90731976":67,"1138796e":68,"6291e9e9":70,"95bc84f1":64,"313258f2":65,"d5dae4c4":81,"08a561b7":61,"abc1d7ad":78,"906fdec3":59,"91f7ef72":70,"dd035d2a":67,"140ce69e":68,"08c6b5d2":68,"53a8613c":87,"2dda3936":68,"9e206c95":83,"7d6895f4":66,"30dd2edc":70,"c81b2bcf":65,"f4b2f575":57,"f2364460":82,"9ceb5439":62,"d957f027":64,"cb6c9e42":83,"5f7d7195":71,"336d0f08":76,"08a4c3f8":71,"ea274174":76,"5ee911b5":65,"d0e9a58e":60,"0ac825ed":73,"8d000d6e":62,"8eb64769":66,"946df4fd":72,"be1746a0":57,"6b9eff39":65,"06ee61b6":62,"5fa12feb":70,"36380d96":77,"e21c6207":66,"efe84c27":62,"18d20aa1":64,"2e3503e4":70,"21e10a2b":67,"145c7559":79,"696fdac5":75,"92136ff5":77,"44ff8baa":67,"704bce0d":68,"e62d705f":62,"3b690f68":84,"30dbfc69":66,"1e7753d9":81,"0af920d8":56,"8942c35b":74,"cc6bbe45":60,"f8b31ce5":88,"110b1ee3":79,"ba30e43a":83,"b320feb9":66,"5ab7bc35":74,"1bc0591f":77,"ba5c52af":68,"dfcc2ad1":86,"11b2c8d9":64,"a66a2d8a":75,"fef750ca":72,"d78dd457":61,"dcfaba4c":69,"42c80e69":76,"35aa7fd0":82,"12534561":59,"e9a8cf11":70,"162a7348":73,"03b4ab60":72,"b7832271":70,"d552eb2f":71,"2a06ab95":75,"bb00e71c":58,"67d30f2b":72,"aa187e3b":64,"ba586505":65,"6775d5cd":68,"0d7d88f1":62,"f1df62b4":68,"11b74e63":61,"1757a30e":62,"619fda68":77,"ef14000f":82,"9fce073c":73,"d5059415":71,"abd32136":71,"03c398d2":72,"04612878":73,"a43061ee":60,"2c24d929":82,"c564e316":75,"25635c37":64,"437fc3ec":71,"363590c7":68,"2c5c1dc0":65,"c318d350":73,"c7ab83c1":56,"868edcc0":69,"a3d4a0e5":77,"8b2b601d":67,"54a676d6":66,"d141db49":62,"4c39240e":67,"7ae34c64":77,"f3a0c2ee":69,"28654c76":84,"4bc46d7a":70,"3c0df8b4":75,"71e53c93":72,"4abb7aed":66,"ef1c2dcb":66,"383e232d":66,"6751d8e4":80,"fd07e0ed":70,"d2a841c9":58,"ac38a6a5":72,"12012fbd":70,"f2ca27d9":65,"9c045c61":72,"fd6dcb20":62,"8547fbc2":71,"36b7003c":87,"7e15f8e8":73,"f4b2f575":58,"aff8e442":72,"449d8475":63,"4ed01268":67,"2b3e4717":72,"4945c851":78,"17b08923":69,"1438fad7":72,"cfe72ead":57,"1ff8c2fc":74,"0cb80f4a":71,"379184a7":79,"ef16ca37":69,"de11eb19":84,"5ee911b5":66,"0149e11a":59,"f598a332":70,"c0fea118":68,"a0ce82b4":75,"44ff8baa":68,"a836aa93":68,"c382f054":73,"18d20aa1":65,"805534ac":66,"80a8a56d":64,"f9f2c53f":61,"cb51f134":75,"e2cbe594":59,"288d171f":63,"7a9344a4":81,"6e24d88b":70,"ddec9e54":63,"6f81493d":63,"61f25dd4":84,"3fdb08f5":65,"7cd0ad7b":82,"0f89862c":72,"f5e8dfee":79,"8f10fa42":80,"35aa7fd0":83,"dcfaba4c":70,"72805bf5":63,"61d4782d":72,"2ab62345":62,"e4714415":83,"11b2c8d9":65,"d78dd457":62,"ba5c52af":69,"733c86f8":69,"ea4d3f3e":73,"d929098e":52,"d1d40c9c":72,"8fb236a9":68,"b0869206":74,"20811ddf":66,"76f94eda":69,"ad303bda":76,"abad2347":71,"619fda68":78,"d39724bc":68,"04612878":74,"bad6cdb1":67,"458dcc3d":74,"4febf7c5":77,"a43061ee":61,"8eb64769":67,"12a2cd4b":77,"5781776a":76,"2203f259":72,"83086d4c":72,"b935fc1c":64,"f2470875":79,"60e855ee":76,"fe1d4419":76,"cc5a1d47":58,"87cd2add":67,"7e95c5a0":57,"fbdffc95":62,"56d315d8":59,"c7636527":63,"7e76c93c":82,"2af60749":78,"b5ce0c0c":72,"805af3c7":70,"a5676c24":64,"49cb2959":74,"71e53c93":73,"dc03ebd2":88,"aa76bc50":63,"3a291497":64,"db8ba455":79,"1ed46298":80,"778c95e9":70,"2a06ab95":76,"b7832271":71,"72d7b461":75,"f069bb07":69,"2c627253":66,"fd369c21":77,"6d339d45":63,"e9adbe58":66,"f87c5031":61,"b9a48a5c":55,"6d5fcd4c":71,"3454fa2b":67,"d1fe2868":67,"0277d748":83,"6adce358":78,"088feee2":76,"0670c466":68,"5a0eb771":69,"99e171db":68,"b2703001":69,"0be540c5":67,"3310a049":76,"32c9fc47":68,"a4dafea5":63,"66554572":56,"4ff2225d":68,"3a1b9af5":60,"7a6aa4b6":75,"cd95f558":76,"36fb15d2":68,"8d000d6e":63,"b2a8761b":69,"fa55f27a":83,"2ad42a9e":66,"90a06ee9":71,"9f2b16a7":72,"4e5aaaec":64,"3007f31f":65,"a836aa93":69,"daab45c6":68,"e7abc88d":52,"1a68160d":71,"44ff8baa":69,"3ef7432b":74,"d34a29b9":75,"bc09fa9e":68,"34c5c729":72,"6f81493d":64,"4279e829":83,"aff8e442":73,"1ed46298":81,"17446892":68,"55928ef1":71,"dc0c8b09":82,"831c7b85":66,"eebc8d43":78,"b8488fc8":69,"ba5c52af":70,"a66a2d8a":76,"d815c5b4":83,"d39724bc":69,"99d130c9":74,"b6aaf976":76,"cbad3b92":83,"24d24fa3":66,"a636f4c9":86,"a43061ee":62,"87922532":73,"82868763":68,"3a204e56":74,"dc583e64":68,"ea9bba6b":61,"5eab91a0":73,"753ca352":62,"7fef9973":73,"67c57de4":97,"6c20c153":65,"6034b6d0":74,"95d331b1":58,"9aa6a054":64,"1c0a9eff":65,"1e191c98":52,"f1b493de":83,"5272520d":65,"906632cb":66,"5ab7bc35":75,"d6f0d94a":60,"0c0e98ea":58,"14c682eb":69,"e32524d6":72,"e3547548":54,"cc6bbe45":61,"fbdffc95":63,"2ce1af05":63,"ad303bda":77,"7218c9f1":54,"2c6cb96f":59,"012de09c":66,"a6003226":65,"3c18f28e":66,"031e488e":74,"ed4fad08":71,"d0d6acb1":64,"5eaa1581":69,"6751d8e4":81,"4bcd4a30":88,"a625328f":74,"d1ca5d6b":78,"fb7482fe":67,"50c3164b":76,"6d339d45":64,"57540cc3":76,"f2f58418":61,"ccdd1ce6":64,"2dda3936":69,"6143f39d":70,"2cb29e5a":82,"39a2fcce":63,"088feee2":77,"4abb7aed":67,"5ef93e5d":54,"69eeae0d":76,"3c0df8b4":76,"4bc46d7a":71,"26f99a1e":73,"22aeaf03":75,"b1f58563":70,"3310a049":77,"f044c0e1":54,"8298e976":76,"11888cfa":68,"4ff2225d":69,"ce4da56f":72,"e81834aa":77,"5ee911b5":67,"8c6e001f":56,"9263c525":66,"c7c4ec5c":58,"82b81567":64,"4f5e3e7d":60,"761cf820":68,"72b84094":80,"dcf85091":59,"145c7559":80,"da3437cd":60,"06ee61b6":63,"913a6226":69,"c0fea118":69,"9d0546ac":65,"77300e4a":65,"6490bac6":66,"5a622a23":64,"f3992a31":74,"21ad2f34":65,"4c4aa2e2":74,"c6c85783":79,"9d63c4dd":60,"ce3407dd":76,"650bb0e0":70,"37fbb107":81,"b87158fb":78,"0042f6eb":78,"5f4102da":73,"9a07d89b":79,"7bda83dd":66,"9a3ab0b8":57,"f67de058":66,"03c398d2":73,"481754fc":58,"c6e3d352":80,"27c8e038":77,"99d130c9":75,"4febf7c5":78,"cbad3b92":84,"4258c176":66,"dffa7793":55,"10ec5a0b":71,"d4d5f466":74,"cc11fef9":76,"7cd0ad7b":83,"4ee62a26":60,"d634aa28":85,"dbd2f139":84,"c3e6ef01":75,"cc6bbe45":62,"f8b31ce5":89,"74f234c6":65,"e5d3655c":77,"30c5d755":79,"c7636527":64,"92f800f5":65,"9bdf362a":63,"1dad0f99":76,"e6ec8cbf":82,"7735c3c2":66,"50c468ba":66,"cb4f262b":73,"9c29f0ed":81,"d4ee22a4":77,"1c0a9eff":66,"d5059415":72,"6034b6d0":75,"31f6ba51":65,"2132fe93":79,"ed4fad08":72,"227006e4":68,"031e488e":75,"6df0b2e8":90,"b35bb8a1":63,"2f455cce":68,"2180f99b":74,"c0e2624b":62,"eb7b4e29":66,"3c6692a3":79,"d1ca5d6b":79,"2c01e624":63,"49902219":80,"7080f122":61,"eeaa2d46":70,"ec2cb1af":72,"fafb4cc2":96,"0a1d11e6":56,"83b2f9c5":77,"4bc46d7a":72,"fd482491":81,"52eca0dc":70,"3a291497":65,"b1f58563":71,"09f0db62":96,"014bdff0":77,"71ff66e8":68,"b935fc1c":65,"2c5c1dc0":66,"f1dffa24":57,"66554572":57,"95bc84f1":65,"32c9fc47":69,"bab97de3":79,"fb44fa9c":79,"07fc4a9a":69,"045f280d":77,"1b153aef":70,"8f2a7d69":61,"8c6e001f":57,"36fb15d2":69,"82b81567":65,"4ba6eb36":74,"358e45b1":76,"79e4fa1c":60,"f76a3e83":70,"ded7da5a":73,"1a68160d":72,"7d112f4d":72,"9b172ca8":62,"a4296d1e":74,"9d0546ac":66,"3454fa2b":68,"30dd2edc":71,"12012fbd":71,"36b7003c":88,"0f1ac912":59,"5d087c79":71,"1a0189c4":68,"4ed01268":68,"449d8475":64,"6adce358":79,"e5b1abc6":63,"f67de058":67,"f5e8dfee":80,"ba5c52af":71,"8063df14":61,"2352c8ef":62,"b460f030":82,"27c8e038":78,"24d24fa3":67,"f1098793":73,"cbad3b92":85,"bad6cdb1":68,"c27969ec":74,"b8488fc8":70,"e9679ede":64,"c455f40e":63,"168e75d9":66,"d25e0f8d":72,"201cafad":66,"bd984a8e":62,"1a2ec5d7":74,"61f25dd4":85,"30dbfc69":67,"430a5db5":81,"74f234c6":66,"0c0e98ea":59,"e1571af7":74,"d634aa28":86,"aab4d996":70,"0a2f71bc":59,"2045d7d6":63,"d6f0d94a":61,"3bad3c95":49,"4fd645f1":57,"67d30f2b":73,"ad2d7bed":72,"d1d40c9c":73,"ef14000f":83,"a6b5e869":67,"9aa6a054":65,"a502c93c":66,"053f3451":71,"7fef9973":74,"95539a58":52,"87c462ee":68,"b73e789c":66,"4930f321":60,"619fda68":79,"aa9ea5e8":63,"47cfba38":67,"162a7348":74,"6df0b2e8":91,"227006e4":69,"71279c46":62,"b7cc7909":65,"72d7b461":76,"7e991ab9":59,"911e770b":72,"383e232d":67,"284544ba":77,"2d54e0a8":58,"f271ed5d":70,"ef8987d7":67,"6e44927f":60,"4abb7aed":68,"6023df54":71,"d8e58a8c":80,"3c0df8b4":77,"08a561b7":62,"b1f58563":72,"f5cd79c1":60,"60e855ee":77,"016953e4":80,"9a3cc55d":58,"6b79fec2":64,"363590c7":69,"a24e6670":79,"159ffd0b":49,"1f88a4b7":79,"de36827b":86,"6c73ae98":62,"b2703001":70,"26009d3f":68,"a533489b":80,"9260d96b":81,"7a6aa4b6":76,"3a1b9af5":61,"d0b297b2":64,"00554ffd":78,"b35e9e1a":96,"9a467a82":70,"08c6b5d2":69,"2dda3936":70,"3f65f121":71,"945b63f0":89,"ccdd1ce6":65,"ac38a6a5":73,"ccf8b803":57,"77bae750":62,"36684155":69,"b88033fd":78,"6e98dfda":71,"9d9dd9e5":64,"97e75c19":79,"11b2c8d9":66,"87ce8d1d":59,"a636f4c9":87,"742f1425":67,"9fc713b0":69,"56752a4a":64,"b7df1559":78,"04612878":75,"8b5a8e9f":84,"78467b8a":77,"ba5c52af":72,"0e2b5d2f":74,"fead11cf":67,"19551bad":70,"8e780922":68,"f33c0140":73,"9d0546ac":67,"9f2b16a7":73,"201cafad":67,"ab7d4c9a":68,"c455f40e":64,"f734c84c":87,"b215547b":66,"f121b82c":72,"efd23af5":70,"913a6226":70,"1e232870":78,"4dac6b20":56,"142d6987":74,"66b7b5b4":66,"a68a93b2":66,"d033db8d":70,"8942c35b":75,"9d4da635":50,"08a06557":88,"be40590d":70,"4fd645f1":58,"d9d7c4c2":72,"ca7d47f7":77,"c8fcad77":68,"92f800f5":66,"b7505747":72,"bd2705b0":84,"935ec056":59,"5eab91a0":74,"af7e5be8":69,"87c462ee":69,"ae99df30":73,"abd32136":72,"f56ac638":59,"d7cb9bcf":71,"385ab7c6":69,"1757a30e":63,"ae95f2ba":83,"42c80e69":77,"a2c334e7":88,"3a1d1632":47,"61d4782d":73,"7af9d3b1":79,"72805bf5":64,"9b3f8714":72,"9ab755d3":61,"730338c4":87,"835358a0":58,"9fa62fee":66,"50c3164b":77,"6a3eaf43":68,"284544ba":78,"9aa6a054":66,"00a17b46":68,"dc03ebd2":89,"781ace7d":66,"fe44fc6f":74,"731fc335":54,"004f1ef3":81,"f1dffa24":58,"83086d4c":73,"eda6a690":58,"3a204e56":75,"5623817d":70,"6b79fec2":65,"de36827b":87,"a3d4a0e5":78,"66554572":58,"0b5a0408":65,"6c73ae98":63,"d36125db":79,"d9dcdc4b":89,"358e45b1":77,"de11eb19":85,"1ff8c2fc":75,"b2a8761b":70,"b4fdf90e":69,"5f8517b7":86,"83b2f9c5":78,"a5676c24":65,"45b5746e":65,"6143f39d":71,"15620dca":80,"9de29816":61,"49902219":81,"f3d68430":74,"3661e12d":68,"416a9e97":68,"7e15f8e8":74,"1b881e6e":81,"48efc739":85,"9d63c4dd":61,"394dc144":73,"ce3407dd":77,"2a387957":77,"9263c525":67,"13f0e139":66,"eed20185":73,"0eaf08da":74,"be1746a0":58,"bad6cdb1":69,"742f1425":68,"17807120":67,"fee32863":63,"be3a10f8":74,"fef750ca":73,"2a4a402a":70,"6c524f99":63,"4c0e547b":64,"11b2c8d9":67,"be2955bb":69,"c382f054":74,"79f04300":71,"debe1f65":78,"288d171f":64,"26dd2000":71,"d548635d":66,"7d112f4d":73,"754f98c9":72,"c650b434":80,"1e232870":79,"ecfa8249":75,"27d8bf51":72,"df81ddee":64,"5cd3cfe0":58,"56d315d8":60,"d70ca4f4":79,"142d6987":75,"f883d582":65,"655941a0":79,"014460b9":88,"751bcf25":69,"2154b6e8":67,"f8b31ce5":90,"4c39240e":68,"c4e70c07":71,"88fa53d6":61,"7043382d":74,"bb00e71c":59,"ea4d3f3e":74,"e0e48a2d":72,"30b6808c":61,"11b74e63":62,"053f3451":72,"be149c6f":65,"162a7348":75,"7af9d3b1":80,"5ac86fb9":69,"a6003226":66,"aa9ea5e8":64,"c64de0c0":64,"aec074c4":82,"70c1e715":69,"0bd93cfd":57,"508aac3d":73,"9147702f":62,"fb7482fe":68,"ea822700":58,"8bc04eb5":57,"c38c2b52":72,"04bef50c":50,"9c29f0ed":82,"f0a06216":67,"ef91eaae":57,"7218c9f1":55,"9f74b8a4":65,"09f0db62":97,"f6fe095d":87,"2203f259":73,"42191b64":61,"016953e4":81,"22aeaf03":76,"6d61bf13":62,"0d2c95fe":63,"8d753bb6":59,"a6bcb07e":79,"868edcc0":70,"90731976":68,"1438fad7":73,"820225e4":56,"3c0df8b4":78,"4abb7aed":69,"1d44aff3":76,"3101354b":64,"28654c76":85,"dc03ebd2":90,"a5fd8ffd":75,"9de29816":62,"4d35385e":69,"22176537":63,"a77e8461":66,"b946e146":85,"d1715f3b":71
1604737503846,"8f2a7d69":62,"3a1b9af5":62,"4ea4a2a1":80,"34658473":66,"358e45b1":78,"b7407bd3":61,"40569362":77,"71bc1295":72,"6be9332a":71,"48655f09":86,"c6e3d352":81,"03dcfa3d":67,"812b4f15":63,"01cd8099":72,"172217e5":71,"faf3ed07":67,"2a387957":78,"93ac9ca3":67,"f5cd79c1":61,"5270f158":65,"3712c4bd":62,"fb7b7b3c":81,"3f2522c2":75,"09ff339a":53,"28d41578":64,"868edcc0":71,"2d1e1e9d":68,"411b5027":69,"3310a049":78,"a6bcb07e":80,"6db0ea86":71,"db0a661e":71,"08a4c3f8":72,"36684155":70,"d957f027":65,"97e75c19":80,"394dc144":74,"b88033fd":79,"2ab62345":63,"68562193":54,"17446892":69,"ef16ca37":70,"6f0fcb9d":78,"92d38723":78,"0ac825ed":74,"49bf2e95":53,"eed20185":74,"d82592f4":69,"13f0e139":67,"48655f09":87,"b460f030":83,"8eb64769":68,"dfc89705":73,"31f6ba51":66,"bc3dc66a":73,"5f6613c8":63,"5774ac0d":79,"272c7672":71,"5a07fc2e":64,"f271ed5d":71,"aec074c4":83,"39ba00f0":69,"b7832271":72,"911e770b":73,"8dd2684c":70,"558d5ce7":71,"ccdd1ce6":66,"d2a841c9":59,"12012fbd":72,"6de0aaac":58,"2cb29e5a":83,"36380d96":78,"0a92153e":72,"fe578280":67,"f76a3e83":71,"6b9eff39":66,"79e4fa1c":61,"f33c0140":74,"7f86be64":73,"feb67030":66,"18d20aa1":66,"bd984a8e":63,"c45d554f":71,"5c82d1ce":70,"f4343817":69,"906632cb":67,"f883d582":66,"30dbfc69":68,"5272520d":66,"ea6de194":67,"74f234c6":67,"66b7b5b4":67,"04ea5673":75,"62d1d346":56,"d033db8d":71,"7e76c93c":83,"c8fcad77":69,"c0b0f492":81,"7ee148e9":62,"cd522166":85,"fef750ca":74,"a59a8290":65,"55928ef1":72,"33d6bb6a":62,"c6dc900c":49,"dd3913d2":59,"5099c6a0":81,"695a2b92":68,"3a204e56":76,"39bbc4bc":84,"b935fc1c":66,"c95719e5":67,"b2703001":71,"e36dfd6f":60,"0114160e":71,"2cce4fb2":80,"ce4da56f":73,"3fdb08f5":66,"b552beb3":67,"a4dafea5":64,"e99318a3":59,"f66616b7":63,"527ff946":74,"394dc144":75,"8ec3834d":83,"ccf8b803":58,"c98d5272":78,"7a2f3f06":62,"6585adbe":57,"4ac6bd4e":52,"ef16ca37":71,"f1862e79":60,"b7407bd3":62,"f9c15fcc":75,"3b2dee89":68,"1c0a9eff":67,"e4c312fe":71,"fea793f5":70,"677c6a09":79,"9c29f0ed":83,"79be29c8":67,"1dad0f99":77,"d39724bc":70,"ef91eaae":58,"d2466211":86,"b73e789c":67,"753ca352":63,"87083264":71,"3f75d3bc":74,"cf1b8c47":74,"49cb2959":75,"d9d0c567":66,"906fdec3":60,"91f7ef72":71,"810aa5e9":65,"eed20185":75,"03dcfa3d":68,"cf52025e":63,"c4bff41f":67,"5ac86fb9":70,"17446892":70,"32133249":78,"aec4e1bf":71,"181c3dd5":66,"aa9ea5e8":65,"d744bee2":69,"de6213c7":72,"a6626a13":58,"5a07fc2e":65,"bca2d7cd":68,"d3a669ac":84,"b947257e":83,"9e206c95":84,"22176537":64,"4d35385e":70,"04612878":76,"733c86f8":70,"2352c8ef":63,"20958d58":63,"7fdc2007":68,"a59a8290":66,"704bce0d":69,"4e3f5178":74,"9b742f71":68,"ab7467de":83,"0a92153e":73,"40e79dd3":63,"ebdbf580":66,"a3253019":71,"07107f6e":73,"c85a0d80":73,"261c9911":80,"6bc5d32a":85,"8942c35b":76,"7b6a7048":74,"026766f3":65,"2209903e":70,"66b7b5b4":68,"a577db1c":55,"5099c6a0":82,"4cc141fa":56,"014bdff0":78,"a0bc1ceb":64,"8cc4a982":62,"1d153b20":72,"b946e146":86,"bc021def":81,"23760167":58,"bda8cdfb":72,"97e75c19":81,"37fbb107":82,"25d1b2d8":68,"a983a6dc":66,"9d63c4dd":62,"9c58dd76":79,"f5829ac0":71,"2203f259":74,"8b2b601d":68,"2c5c1dc0":67,"49910300":66,"a58bf525":69,"de36827b":88,"dbd2f139":85,"db703021":65,"14c682eb":70,"c8977844":74,"a68a93b2":67,"2af60749":79,"868cda42":62,"1623fc9f":69,"fce3c5c6":60,"4577b333":69,"22aeaf03":77,"332820ce":76,"fb44fa9c":80,"1951480c":74,"5a0ead91":59,"cf50e84e":72,"f044c0e1":55,"9e878ec2":90,"1ff8c2fc":76,"7a2f3f06":63,"cd95f558":77,"792c9b6a":57,"ba5c52af":73,"11b2c8d9":68,"124fbe96":67,"bd2705b0":85,"f7231212":71,"abad2347":72,"629800eb":80,"5b5fc566":61,"056ea7ff":78,"621d6b18":77,"7735c3c2":67,"1a442bc7":71,"ffa08d82":78,"a15713c6":79,"91b28f83":72,"a0cf08b3":60,"7566fdd6":74,"dc473de1":64,"7af9d3b1":81,"dcfaba4c":71,"26c390d6":64,"deb31f35":76,"3c18f28e":67,"2a06ab95":77,"5e09f69e":76,"84b767be":82,"eb7b4e29":67,"71a2a493":47,"064a99c8":71,"9b742f71":69,"f76a3e83":72,"d25e0f8d":73,"a4296d1e":75,"8942c35b":77,"2b3c49b9":77,"0dad37d5":71,"80a8a56d":65,"8db62558":72,"e21c6207":67,"ac62fac2":78,"aa00769b":83,"c6e3d352":82,"ad8f85d6":75,"a0bc1ceb":65,"468fc85c":75,"810aa5e9":66,"faf4f98b":72,"906fdec3":61,"ec110282":74,"5f0c1b9d":80,"00a481e3":76,"a567ace4":70,"b769bdfb":79,"095ab3b4":59,"ea9bba6b":62,"27f52ed3":89,"fe1d4419":77,"a40846b7":74,"695a2b92":69,"39ba00f0":70,"084cbc0b":63,"49902219":82,"4d35385e":71,"6cba74ce":64,"aaa274a5":71,"a77e8461":67,"2dda3936":71,"6d5fcd4c":72,"48efc739":86,"6de0aaac":59,"d5557fb4":75,"c67979e6":87,"bf822e33":70,"d957f027":66,"d1fe2868":68,"99e171db":69,"8cf83787":63,"e1571af7":75,"145c7559":81,"bfad1727":67,"a8726d50":54,"288d171f":65,"ccb5ea3e":60,"40a745c0":73,"49b358bd":69,"f8b31ce5":91,"180377be":77,"40e79dd3":64,"5f620a1e":79,"5cd3cfe0":59,"daab45c6":69,"a577db1c":56,"58d46189":77,"4577b333":70,"37a7d5b0":75,"013ee301":72,"2d1e1e9d":69,"8298e976":77,"a6bcb07e":81,"e0f7679f":61,"0114160e":72,"d102b0c6":54,"b7407bd3":63,"3652bd66":69,"db0a661e":72,"4ac6bd4e":53,"4ba6eb36":75,"f9c15fcc":76,"9d023afb":80,"0f89862c":73,"78b97937":80,"7bda83dd":67,"c1bb74f2":65,"1745a0f4":70,"bd2705b0":86,"4258c176":67,"e382ec3f":61,"a6b5e869":68,"7f6d1d0e":89,"87cd2add":68,"d83870f5":67,"cf9f4757":62,"869cbaa0":82,"1757a30e":64,"9496f56f":76,"0d7d88f1":63,"87083264":72,"8ac72326":62,"95904ac4":85,"0a1d11e6":57,"dc473de1":65,"bb8a6337":63,"03b4ab60":73,"725dce8b":73,"a6003226":67,"aec074c4":84,"aa9ea5e8":66,"508aac3d":74,"0681c48e":78,"6751d8e4":82,"835358a0":59,"2f455cce":69,"6e851762":63,"84b67924":71,"acac14fb":62,"e9679ede":65,"3b7763b1":55,"6b9eff39":67,"9267f0ef":83,"c7313e0a":77,"e2cbe594":60,"34c5c729":73,"92136ff5":78,"0a92153e":74,"40e79dd3":65,"8e99d5d0":74,"5c82d1ce":71,"77898c22":57,"742f1425":69,"cf52025e":64,"458dcc3d":75,"4febf7c5":79,"eed20185":76,"56752a4a":65,"a5aee5de":86,"00a481e3":77,"3f75d3bc":75,"ec110282":75,"d8e58a8c":81,"3a291497":66,"ea9bba6b":63,"39bbc4bc":85,"5410e9c6":78,"8e4c33d2":77,"3e082b37":63,"217c0327":51,"eafbf9fb":75,"a63bddd4":83,"2cb29e5a":84,"f3d68430":75,"315537b2":65,"bc021def":82,"1d790491":69,"93fdbb44":59,"449d8475":65,"794f652b":71,"04643409":77,"48efc739":87,"9d63c4dd":63,"09ff339a":54,"695a2b92":70,"0841052c":67,"059d6c19":87,"30dbfc69":69,"74f234c6":68,"0c0e98ea":60,"c3e6ef01":76,"93683c82":67,"719c8869":86,"25776fc4":79,"4c39240e":69,"44c77422":76,"c8fcad77":70,"859545e6":57,"3fdb08f5":67,"59431390":72,"e7e82473":88,"69f3bfcc":74,"cf50e84e":73,"b2703001":72,"8298e976":78,"88a30343":72,"3a1b9af5":63,"36fb15d2":70,"50312237":68,"82204d54":65,"9b546d65":65,"55928ef1":73,"20958d58":64,"6c524f99":64,"062179c1":70,"19551bad":71,"7f6d1d0e":90,"5eab91a0":75,"ea4d3f3e":75,"fea793f5":71,"79be29c8":68,"c0b23081":77,"1757a30e":65,"629800eb":81,"621d6b18":78,"9fce073c":74,"e4cfef0a":59,"67c57de4":98,"7a4c064c":77,"0785820e":77,"4ea4a2a1":81,"31f6d707":79,"5a0ead91":60,"d0c0fc08":64,"aa9ea5e8":67,"1ed46298":82,"42c80e69":78,"40860a4b":57,"68562193":55,"9147702f":63,"3062379b":57,"9f5e6cba":81,"9ab755d3":62,"9b3f8714":73,"dd7acb96":69,"39ba00f0":71,"884b0ad1":70,"c793cdda":69,"efe84c27":63,"dbc9df44":55,"fe578280":68,"f734c84c":88,"26dd2000":72,"704bce0d":70,"5fa12feb":71,"d548635d":67,"e7abc88d":53,"a0ce82b4":76,"21e10a2b":68,"9b172ca8":63,"21ad2f34":66,"ded7da5a":74,"26c6fa34":67,"c6e3d352":83,"3e602573":56,"12271e14":66,"1c3a30c5":65,"2d382981":69,"73b15e04":68,"d8e58a8c":82,"db8ba455":80,"71ba7561":68,"6e44927f":61,"3a291497":67,"56473430":74,"f789f6d8":82,"004f1ef3":82,"30dd2edc":72,"0277d748":84,"bc021def":83,"f2f58418":62,"0e036ae9":85,"9de29816":63,"175bc6b2":64,"84369269":69,"e99318a3":60,"ccf8b803":59,"66d94227":60,"5339e1e9":67,"91d52a55":73,"9d9dd9e5":65,"7ee148e9":63,"25635c37":65,"fb7b7b3c":82,"e238f09b":69,"2203f259":75,"74f234c6":69,"26ed1a5c":68,"7a9344a4":82,"19e9776f":79,"b6591e25":69,"31408822":61,"cf1124db":65,"65a00a3c":71,"cc6bbe45":63,"a577db1c":57,"c7636527":65,"9bdf362a":64,"ea6de194":68,"e5d3655c":78,"6ce84ff8":61,"e36dfd6f":61,"0be540c5":68,"f044c0e1":56,"1be05c14":62,"4b3e3b1c":76,"4945c851":79,"ce4da56f":74,"c510bfd3":81,"a567ace4":71,"8063df14":62,"78467b8a":78,"8b5a8e9f":85,"f5e8dfee":81,"50b558a7":58,"124fbe96":68,"5eab91a0":76,"6841f77e":83,"e0e48a2d":73,"4258c176":68,"6b82b527":65,"88ce179e":80,"b9be31d6":67,"ffa08d82":79,"e4cfef0a":60,"d2466211":87,"cb142908":64,"43d87483":67,"4f59a322":71,"31f6d707":80,"379184a7":80,"cd95f558":78,"fa55f27a":84,"792c9b6a":58,"de11eb19":86,"a533489b":81,"a2c334e7":89,"5a734022":67,"a6003226":68,"5eaa1581":70,"35aa7fd0":84,"aec4e1bf":72,"272c7672":72,"bfcb912a":72,"0bd93cfd":58,"b5763ff6":57,"778c95e9":71,"884b0ad1":71,"754f98c9":73,"f33c0140":75,"36380d96":79,"0dad37d5":72,"c455f40e":65,"0a96f57a":76,"79f04300":72,"cf52025e":65,"a0b03218":73,"cbad3b92":86,"0eaf08da":75,"52eca0dc":71,"731fc335":55,"fafb4cc2":97,"7ae34c64":78,"c91966ce":67,"2c6cb96f":60,"69eeae0d":77,"48655f09":88,"1c3a30c5":66,"792cfcbd":59,"2f455cce":70,"284544ba":79,"12dd6f5e":63,"fd6dcb20":63,"affb82bf":73,"a63bddd4":84,"f87c5031":62,"9c045c61":73,"8cc4a982":63,"cf775f58":73,"0f1ac912":60,"3f2522c2":76,"f5cd79c1":62,"437fc3ec":72,"913a6226":71,"168e75d9":67,"9d0546ac":68,"7f86be64":74,"21e10a2b":69,"3007f31f":66,"daab45c6":70,"0841052c":68,"4279e829":84,"b7434f57":63,"8db62558":73,"0d5ee801":60,"26ed1a5c":69,"d634aa28":87,"9bdf362a":65,"df2b4d87":68,"57167c74":78,"f8b31ce5":92,"b7505747":73,"92f800f5":67,"c7636527":66,"2203f259":76,"6d61bf13":63,"6085137f":52,"578f6e9e":80,"07fc4a9a":70,"cf50e84e":74,"6a60348e":66,"a66a2d8a":77,"a59a8290":67,"8f10fa42":81,"6c524f99":65,"1105f790":78,"dd3913d2":60,"c463799d":81,"11b74e63":63,"d4d5f466":75,"4652b09a":85,"04cc7cbe":65,"0d770b97":77,"e0e48a2d":74,"c0b23081":78,"af7e5be8":70,"ba938220":63,"d4ee22a4":78,"93b9fae6":64,"7a4c064c":78,"385ab7c6":70,"cc5a1d47":59,"6291e9e9":71,"6db0ea86":72,"411b5027":70,"95f6db13":59,"d102b0c6":55,"332820ce":77,"3652bd66":70,"5a0ead91":61,"7a6aa4b6":77,"ef16ca37":72,"f66616b7":64,"2a387957":79,"842c8340":60,"47d27624":71,"50d129cf":64,"13747b82":72,"72805bf5":65,"c852d240":69,"b7cc7909":66,"b8397293":62,"9267f0ef":84,"1d44aff3":77,"345c9967":67,"8a165e17":76,"7ae34c64":79,"616d6dd6":72,"313258f2":66,"a5fd8ffd":76,"a0bc1ceb":66,"481754fc":59,"4febf7c5":80,"24d24fa3":68,"9fc713b0":70,"cf52025e":66,"0f72f2d8":68,"ef1c2dcb":67,"a2c334e7":90,"b5763ff6":58,"9b3f8714":74,"227006e4":70,"1f342a00":79,"7db3edda":72,"f271ed5d":72,"84b67924":72,"f069bb07":70,"3f65f121":72,"d3e84616":85,"53a8613c":88,"b946e146":87,"4d35385e":72,"57540cc3":77,"21ee2afe":80,"3c43e8a2":72,"e45b4b53":58,"5781776a":77,"f76a3e83":73,"fe578280":69,"1247fa52":69,"53747a91":73,"fb8bfb36":84,"e0154608":58,"7e8e1c3d":64,"9f2b16a7":74,"36380d96":80,"0a96f57a":77,"efd23af5":71,"9a80f004":63,"f9f2c53f":62,"142d6987":76,"7a9344a4":83,"f1b493de":84,"dbd2f139":86,"dae0f922":69,"f883d582":67,"c8977844":75,"f8b31ce5":93,"30c5d755":80,"4577b333":71,"a81a857c":67,"d141db49":63,"805af3c7":71,"ea6de194":69,"39bbc4bc":86,"7ee148e9":64,"8dc9b4db":74,"c7ab83c1":57,"b87158fb":79,"478d2d4f":82,"dd3913d2":61,"fee32863":64,"7bda83dd":68,"c6dc900c":50,"55928ef1":74,"11b74e63":64,"20811ddf":67,"ea4d3f3e":76,"bec9d329":80,"9cb4697f":79,"e0e48a2d":75,"88ce179e":81,"87cd2add":69,"ffa08d82":80,"d4ee22a4":79,"8298e976":79,"4945c851":80,"88a30343":73,"07fc4a9a":71,"1db42092":80,"49910300":67,"411b5027":71,"8c6e001f":58,"088feee2":78,"77bae750":63,"842c8340":61,"44a4f7cd":64,"97e75c19":82,"ce3407dd":78,"c98d5272":79,"d33790a2":83,"408bb2ed":62,"36fb15d2":71,"d0b297b2":65,"45b038bb":95,"608bc832":65,"30b6808c":62,"50c468ba":67,"7fb4c521":67,"10ec5a0b":72,"08a561b7":63,"f3a0c2ee":70,"3a291497":68,"a472532e":62,"3101354b":65,"781ace7d":67,"5ef93e5d":55,"946df4fd":73,"13f0e139":68,"dd1fcb17":64,"12271e14":67,"1c3a30c5":67,"cac4449a":56,"6ebe2354":60,"725dce8b":74,"a1370ab0":69,"9f5e6cba":82,"40860a4b":58,"6751d8e4":83,"6a3eaf43":69,"b230e8d3":68,"7028b044":66,"deb31f35":77,"b947257e":84,"c4bff41f":68,"3062379b":58,"f4726450":64,"778c95e9":72,"315537b2":66,"3f65f121":73,"eafbf9fb":76,"8cc4a982":64,"6d5fcd4c":73,"172217e5":72,"140ce69e":69,"b215547b":67,"696fdac5":76,"f598a332":71,"36380d96":81,"f121b82c":73,"f76a3e83":74,"805534ac":67,"9b172ca8":64,"df81ddee":65,"ded7da5a":75,"25e0dd3d":76,"ab7467de":84,"ccb5ea3e":61,"21ad2f34":67,"61f25dd4":86,"8942c35b":78,"655941a0":80,"381c68fa":73,"7a9344a4":84,"ce3bf5db":68,"b6591e25":70,"2045d7d6":64,"6f81493d":65,"ba30e43a":84,"0f029727":66,"859545e6":58,"24ffcbd3":81,"c4e70c07":72,"3a204e56":77,"0b3283c9":77,"83086d4c":74,"dc583e64":69,"d599b566":85,"22aeaf03":78,"8274885a":76,"8b5a8e9f":86,"9a3ab0b8":58,"e5b1abc6":64,"be3a10f8":75,"eb2e1983":63,"831c7b85":67,"13b53c7a":72,"4652b09a":86,"79be29c8":69,"93b0a158":74,"00cf385d":85,"bec9d329":81,"f044c0e1":57,"32c9fc47":70,"07fc4a9a":72,"5678ed7b":88,"159ffd0b":50,"6db0ea86":73,"de36827b":89,"25d1b2d8":69,"48efc739":88,"a939b50b":73,"ccf8b803":60,"d5557fb4":76,"99e171db":70,"9ceb5439":63,"b35e9e1a":97,"02d4753e":83,"c4aa1e38":62,"ef16ca37":73,"6f0fcb9d":79,"761cf820":69,"332820ce":78,"6c20c153":66,"b3f19a69":67,"07f98660":83,"a06a6430":68,"9aa6a054":67,"cb142908":65,"b73e789c":68,"4930f321":61,"af7e5be8":71,"dc03ebd2":91,"781ace7d":68,"71ba7561":69,"fafb4cc2":98,"ec110282":76,"810aa5e9":67,"8db5a165":59,"4b4ef7fa":70,"c609739e":77,"804d4dfa":64,"b7df1559":79,"481754fc":60,"56752a4a":66,"64a7f79f":62,"deb31f35":78,"35aa7fd0":85,"a6003226":69,"c93c3508":56,"d0d6acb1":65,"70bc8325":68,"5e09f69e":77,"d1ca5d6b":80,"b230e8d3":69,"911e770b":74,"7af9d3b1":82,"aaa274a5":72,"084cbc0b":64,"7db3edda":73,"140ce69e":70,"8547fbc2":72,"3f65f121":74,"f5596d0f":80,"ef8321d8":69,"ac38a6a5":74,"9de29816":64,"9267f0ef":85,"5be594be":71,"972f4174":83,"c85a0d80":74,"6fb4cdda":81,"1247fa52":70,"696fdac5":77,"8f9b74b0":60,"a0cca8b7":63,"df81ddee":66,"c455f40e":66,"e2cbe594":61,"3007f31f":67,"ded7da5a":76,"7a9344a4":85,"4360a1a3":81,"94a2fe10":68,"40a745c0":74,"0841052c":69,"ca6d2d91":74,"014460b9":89,"d634aa28":88,"b7505747":74,"3fdb08f5":68,"65a00a3c":72,"0f029727":67,"c1bdfd41":71,"3712c4bd":63,"f5cd79c1":63,"312f7676":75,"a77e127d":53,"7fdc2007":69,"92ca52b7":73
1604737505094,"c510bfd3":82,"c463799d":82,"55928ef1":75,"78b97937":81,"fead11cf":68,"d1676e89":71,"971675c5":81,"8274885a":77,"b552beb3":68,"bab97de3":80,"2d1e1e9d":70,"faf3ed07":68,"bda8cdfb":73,"6e98dfda":72,"37fbb107":83,"04643409":78,"5d087c79":72,"c67979e6":88,"0b5a0408":66,"6c73ae98":64,"4945c851":81,"1f88a4b7":80,"f8b31ce5":94,"34658473":67,"d33790a2":84,"cd95f558":79,"fe0df575":82,"fa55f27a":85,"de11eb19":87,"b7407bd3":64,"d815c5b4":84,"88ce179e":82,"87c462ee":70,"04cc7cbe":66,"1a442bc7":72,"d4d5f466":76,"1c0a9eff":68,"053f3451":73,"0785820e":78,"ef14000f":84,"b9be31d6":68,"ad303bda":78,"a85d89cc":67,"9c29f0ed":84,"cf1b8c47":75,"3f75d3bc":76,"d9d0c567":67,"d5dae4c4":82,"537634c9":59,"56473430":75,"abc1d7ad":79,"2198ba8e":68,"a43061ee":63,"458dcc3d":76,"be149c6f":66,"03b4ab60":74,"1ed46298":83,"40860a4b":59,"ea822700":59,"383e232d":68,"b7cc7909":67,"74e3d13e":67,"508aac3d":75,"a2c334e7":91,"d1ca5d6b":81,"ef1c2dcb":68,"f271ed5d":73,"6751d8e4":84,"6d5fcd4c":74,"ac38a6a5":75,"3f65f121":75,"a0bc1ceb":67,"35b58ef9":65,"13f0e139":69,"804d4dfa":65,"972f4174":84,"f598a332":72,"1a68160d":73,"104721f0":70,"655954ba":70,"168e75d9":68,"72b84094":81,"6fb4cdda":82,"2ad42a9e":67,"93e8cee5":80,"e1f0dbfd":75,"c8dc010f":82,"85de05f2":73,"70594a28":68,"467773ac":68,"30fdcd3b":70,"31408822":62,"180377be":78,"0841052c":70,"58d46189":78,"62d1d346":57,"f67de058":68,"7af262e5":76,"b8488fc8":71,"09ff339a":55,"e45b4b53":59,"016953e4":82,"9a3cc55d":59,"ea9bba6b":64,"f2470875":80,"8dc9b4db":75,"09560615":57,"315537b2":67,"172217e5":73,"e9adbe58":67,"d5557fb4":77,"77f31bab":73,"9d9dd9e5":66,"e15fd611":58,"1634789b":71,"23760167":59,"9d63c4dd":64,"f5829ac0":72,"0114160e":73,"7732eb1e":88,"e81834aa":78,"b2703001":73,"c8fcad77":71,"ddec9e54":64,"b5ce0c0c":73,"7e76c93c":84,"04ea5673":76,"92f800f5":68,"3bad3c95":50,"4b3e3b1c":77,"8d753bb6":60,"1ff8c2fc":77,"7a2f3f06":64,"3a1b9af5":64,"fa55f27a":86,"8d000d6e":64,"761cf820":70,"288afc30":71,"55928ef1":76,"b102f7bd":74,"2352c8ef":64,"4c0e547b":65,"ee75b607":73,"9cb4697f":80,"d1d40c9c":74,"fea793f5":72,"1c0a9eff":69,"aa187e3b":65,"bd2705b0":87,"c803b4a3":73,"91536e85":78,"d4ee22a4":80,"9aa6a054":68,"869cbaa0":83,"1dad0f99":78,"0785820e":79,"3f75d3bc":77,"5f96c2bc":54,"a5fd8ffd":77,"616d6dd6":73,"ec110282":77,"906fdec3":62,"b28a5e67":75,"be149c6f":67,"c9efc8f6":70,"6df0b2e8":92,"f271ed5d":74,"ed4fad08":73,"6751d8e4":85,"af034fee":61,"f94bf9ea":65,"de6213c7":73,"6632fed0":77,"f4726450":65,"7e991ab9":60,"2d13e69b":71,"6e851762":64,"ac62fac2":79,"87922532":74,"17807120":68,"12271e14":68,"35b58ef9":66,"2d382981":70,"0f72f2d8":69,"f121b82c":74,"e7abc88d":54,"0da28f5b":75,"f76a3e83":75,"9f2b16a7":75,"acac14fb":63,"3007f31f":68,"a836aa93":70,"9a80f004":64,"6490bac6":67,"a851554d":85,"92136ff5":79,"c45d554f":72,"53747a91":74,"180377be":79,"bb98a6cf":84,"c318d350":74,"836701f6":61,"363590c7":70,"19f9ca86":78,"95d3d348":62,"dc583e64":70,"a40846b7":75,"d6320619":74,"f2ca27d9":66,"9c045c61":74,"3f65f121":76,"25a7a0a3":72,"7080f122":62,"30dd2edc":73,"5339e1e9":68,"99e171db":71,"37fbb107":84,"cb6c9e42":84,"23760167":60,"aff8e442":74,"f66616b7":65,"30dbfc69":70,"20e470e0":72,"d70ca4f4":80,"66b7b5b4":69,"ea6de194":70,"5ccf94d6":68,"a33fe0dd":83,"3bad3c95":51,"b7505747":75,"014460b9":90,"b5ce0c0c":74,"62d1d346":58,"28d41578":65,"bab97de3":81,"f5829ac0":73,"2d1e1e9d":71,"a6bcb07e":82,"e7e82473":89,"0d2c95fe":64,"36fb15d2":72,"8d000d6e":65,"2e99f8fd":62,"332820ce":79,"00554ffd":79,"b4fdf90e":70,"831c7b85":68,"d78dd457":63,"dd3913d2":62,"062179c1":71,"fee32863":65,"afe8e06a":62,"2a4a402a":71,"8bc04eb5":58,"935ec056":60,"5b5fc566":62,"d815c5b4":85,"bb00e71c":60,"67d30f2b":74,"b0869206":75,"7e95c5a0":58,"cb142908":66,"9f74b8a4":66,"6a5b71b4":76,"9aa6a054":69,"e28c2efc":64,"4d9b0b10":69,"abc1d7ad":80,"2c6cb96f":61,"554ebb83":67,"0ecfa1c9":67,"a1370ab0":70,"26c390d6":65,"6a3eaf43":70,"71a2a493":48,"911e770b":75,"8d04852b":70,"031e488e":76,"9147702f":64,"b7cc7909":68,"c0e2624b":63,"ef1c2dcb":69,"2ab62345":64,"a625328f":75,"685207b3":73,"e9679ede":66,"ab7d4c9a":69,"c7313e0a":78,"a836aa93":71,"704bce0d":71,"9f2b16a7":76,"26dd2000":73,"93e8cee5":81,"27d8bf51":73,"a0ce82b4":77,"efd23af5":72,"261c9911":81,"25e0dd3d":77,"9fc713b0":71,"cac4449a":57,"b2bd8fd3":64,"1c3a30c5":68,"3e602573":57,"ad8f85d6":76,"01cd8099":73,"3f75d3bc":78,"52eca0dc":72,"fd482491":82,"5f96c2bc":55,"a0cf08b3":61,"a58bf525":70,"5623817d":71,"95d3d348":63,"d599b566":86,"42191b64":62,"93ac9ca3":68,"c7ab83c1":58,"945b63f0":90,"09560615":58,"08c6b5d2":70,"7d6895f4":67,"ccdd1ce6":67,"623c6a31":71,"21ee2afe":81,"527ff946":75,"4ed01268":69,"44a4f7cd":65,"1a0189c4":69,"bad1a1cc":60,"93fdbb44":60,"d5557fb4":78,"1e191c98":53,"a8726d50":55,"430a5db5":82,"db703021":66,"906632cb":68,"58d46189":79,"a4f1d83b":73,"b7505747":76,"fbdffc95":64,"5f620a1e":80,"a577db1c":58,"88fa53d6":62,"c7636527":67,"d141db49":64,"fb44fa9c":81,"a6bcb07e":83,"e36dfd6f":62,"de36827b":90,"411b5027":72,"489a39f7":65,"cf84fb54":79,"82b81567":66,"9a07d89b":80,"a66a2d8a":78,"b102f7bd":75,"fe8f3d36":58,"bd62d7ed":64,"c6dc900c":51,"f5e8dfee":82,"54d7de6b":78,"ee21ad02":76,"d1d40c9c":75,"7fef9973":75,"1757a30e":66,"e4117b3b":57,"677c6a09":80,"30b6808c":63,"385ab7c6":71,"c803b4a3":74,"ef91eaae":59,"87cd2add":70,"8fb236a9":69,"056ea7ff":79,"d0e9a58e":61,"9263c525":68,"c7c4ec5c":59,"31f6d707":81,"4ba6eb36":76,"ef16ca37":74,"081460bf":76,"6a3eaf43":71,"5ac86fb9":71,"deb31f35":79,"b7832271":73,"84b767be":83,"a1370ab0":71,"a625328f":76,"61d4782d":74,"2d54e0a8":59,"6867261a":65,"f4726450":66,"aec4e1bf":73,"84b67924":73,"9f2b16a7":77,"501db4de":69,"4e3f5178":75,"36380d96":82,"ab7d4c9a":70,"acac14fb":64,"7f86be64":75,"5fa12feb":72,"2209903e":71,"e2cbe594":62,"53747a91":75,"6b9eff39":68,"efd23af5":73,"be1746a0":59,"71bc1295":73,"03c398d2":74,"2198ba8e":69,"59c1e594":81,"99d130c9":76,"812b4f15":64,"61145ec9":82,"a0cf08b3":62,"d5dae4c4":83,"cf1b8c47":76,"83b2f9c5":79,"ae016053":73,"a851891c":56,"b769bdfb":80,"27f52ed3":90,"09ff339a":56,"e9adbe58":68,"a63bddd4":85,"53a8613c":89,"8cc4a982":65,"6d5fcd4c":75,"d1715f3b":72,"b9a48a5c":56,"789bd484":72,"842c8340":62,"1634789b":72,"8dd649a3":63,"5270f158":66,"437fc3ec":73,"e7773397":59,"f4343817":70,"cc11fef9":77,"4279e829":85,"db703021":67,"20e470e0":73,"3f9b5722":62,"c2bb8aae":65,"1e7753d9":82,"7043382d":75,"259930ee":76,"2154b6e8":68,"1623fc9f":70,"e5d3655c":79,"92f800f5":69,"aa021138":76,"d6db2b02":81,"8298e976":80,"1be05c14":63,"f277386e":59,"d36125db":80,"1f88a4b7":81,"82204d54":66,"f5e8dfee":83,"8f10fa42":82,"fef750ca":75,"2bcca6a7":89,"831c7b85":69,"a66a2d8a":79,"ee21ad02":77,"91b28f83":73,"d1d40c9c":76,"730a4938":74,"51a3e9c2":75,"11b74e63":65,"677c6a09":81,"07f98660":84,"0d7d88f1":64,"0d28db94":63,"a06a6430":69,"7e95c5a0":59,"9fce073c":75,"619fda68":80,"d9dcdc4b":90,"db0a661e":73,"9260d96b":82,"8d000d6e":66,"5f8517b7":87,"8f2a7d69":63,"1bd5b20b":78,"49bf2e95":54,"5d087c79":73,"c67979e6":89,"527ff946":76,"b8ab8e6e":71,"32133249":79,"6df0b2e8":93,"1f7607df":54,"aaa274a5":73,"71a2a493":49,"7028b044":67,"40860a4b":60,"0a92153e":75,"1a2c020b":66,"f121b82c":75,"9267f0ef":86,"c0fea118":70,"3498f223":64,"9b742f71":70,"d8475b95":52,"ac62fac2":80,"742f1425":70,"804d4dfa":66,"8a165e17":77,"3f75d3bc":79,"d9d0c567":68,"b28a5e67":76,"7ae34c64":80,"a851891c":57,"aa867541":61,"17807120":69,"13f0e139":70,"a636f4c9":88,"84b767be":84,"bc3dc66a":74,"a6626a13":59,"24a9fb86":77,"70c1e715":70,"6632fed0":78,"c793cdda":70,"12dd6f5e":64,"0e036ae9":86,"53a8613c":90,"7d6895f4":68,"6143f39d":72,"8cc4a982":66,"6cba74ce":65,"437fc3ec":74,"dc583e64":71,"3e082b37":64,"3a204e56":78,"b935fc1c":67,"a58bf525":71,"72b84094":82,"0a96f57a":78,"c45d554f":73,"ab7467de":85,"daab45c6":71,"261c9911":82,"8f9b74b0":61,"cc11fef9":78,"0c043224":84,"381c68fa":74,"3f9b5722":63,"751acea8":63,"c3e6ef01":77,"3b690f68":85,"ca7d47f7":78,"719c8869":87,"859545e6":59,"08a06557":89,"2af60749":80,"25776fc4":80,"259930ee":77,"363590c7":71,"1db42092":81,"ba5c52af":74,"fef750ca":76,"a8c93bed":74,"5f4102da":74,"9a3ab0b8":59,"2a76f1dd":56,"8063df14":63,"1a442bc7":73,"677c6a09":82,"730a4938":75,"8bc04eb5":59,"4258c176":69,"5acce642":72,"e356abf1":75,"87083264":73,"4f59a322":72,"d7cb9bcf":72,"6a5b71b4":77,"91536e85":79,"43d87483":68,"e4cfef0a":61,"013ee301":73,"69f3bfcc":75,"e7e82473":90,"6c73ae98":65,"4945c851":82,"4b3e3b1c":78,"de11eb19":88,"d0e9a58e":62,"4ea4a2a1":82,"db0a661e":74,"f4b2f575":59,"9d9dd9e5":67,"47d27624":72,"50d129cf":65,"0670c466":69,"97e75c19":83,"d1fe2868":69,"fe0df575":83,"8f2a7d69":64,"49bf2e95":55,"c85a0d80":75,"0da28f5b":76,"80a8a56d":66,"cf1b8c47":77,"d9d0c567":69,"313258f2":67,"6023df54":72,"ec110282":78,"a5676c24":66,"810aa5e9":68,"cf52025e":67,"d8475b95":53,"17807120":70,"26c6fa34":68,"01cd8099":74,"b2bd8fd3":65,"c6e3d352":84,"181c3dd5":67,"13747b82":73,"26c390d6":66,"aec4e1bf":74,"92efd84f":70,"3c18f28e":68,"b947257e":85,"dc473de1":66,"0bd93cfd":59,"0ecfa1c9":68,"272c7672":73,"8d04852b":71,"6a3eaf43":72,"1f7607df":55,"8dd2684c":71,"fd6dcb20":64,"9e206c95":85,"0277d748":85,"865d9857":56,"88432019":66,"416a9e97":69,"5099c6a0":83,"c0b7e7d7":58,"6ce84ff8":62,"0dad37d5":73,"f2086446":76,"ebdbf580":67,"7f86be64":76,"547903ef":76,"4dac6b20":57,"77898c22":58,"c650b434":81,"f9f2c53f":63,"40e79dd3":66,"0149e11a":60,"9d4da635":51,"db703021":68,"74f234c6":70,"6f81493d":66,"1e7753d9":83,"751acea8":64,"30d84dce":64,"868cda42":63,"0a2f71bc":60,"3fdb08f5":69,"1623fc9f":71,"e3547548":55,"fbdffc95":65,"44c77422":77,"c564e316":76,"19f9ca86":79,"22aeaf03":79,"71ff66e8":69,"062179c1":72,"478d2d4f":83,"11b2c8d9":69,"20958d58":65,"8b5a8e9f":87,"13b53c7a":73,"4c0e547b":66,"87c462ee":71,"6ee92259":76,"5acce642":73,"ba586505":66,"95d331b1":59,"20811ddf":68,"ea4d3f3e":77,"30b6808c":64,"95bc84f1":66,"0b5a0408":67,"4b3e3b1c":79,"2cce4fb2":81,"de36827b":91,"e81834aa":79,"045f280d":78,"c6c85783":80,"a983a6dc":67,"f2364460":83,"f66616b7":66,"9ceb5439":64,"5d087c79":74,"25d1b2d8":70,"31f6d707":82,"3a1b9af5":65,"6f0fcb9d":80,"ea274174":77,"2e99f8fd":63,"379184a7":81,"b2a8761b":71,"ef91eaae":60,"056ea7ff":80,"7e95c5a0":60,"91536e85":80,"abd32136":73,"4d9b0b10":70,"a901627e":63,"00a481e3":78,"f789f6d8":83,"83b2f9c5":80,"08a561b7":64,"56473430":76,"74c26380":67,"6ebe2354":61,"ac62fac2":81,"8eb64769":69,"64a7f79f":63,"12a2cd4b":78,"26c6fa34":69,"dd1fcb17":65,"4125085e":74,"af0b61ab":75,"d6d61bfc":80,"cbb54a0a":60,"1ed46298":84,"5747db6e":79,"51f80f4c":76,"88b3bc99":69,"725dce8b":75,"bca2d7cd":69,"aec4e1bf":75,"fb7482fe":69,"6632fed0":79,"4bcd4a30":89,"d1715f3b":73,"bc021def":84,"53a8613c":91,"558d5ce7":72,"9a467a82":71,"ac38a6a5":76,"01d817b8":62,"c5b35e4d":67,"e1618359":78,"f33c0140":76,"dbc9df44":56,"8e99d5d0":75,"bd984a8e":64,"1e232870":80,"8ea21393":67,"a0cca8b7":64,"6bc5d32a":86,"b6ee137a":68,"fb8bfb36":85,"e2cbe594":63,"f4343817":71,"430a5db5":83,"7a9344a4":86,"d634aa28":89,"bb98a6cf":85,"381c68fa":75,"ddec9e54":65,"be40590d":71,"b320feb9":67,"4def63ee":57,"014460b9":91,"d6f0d94a":62,"7be025ce":68,"ce3bf5db":69,"f8b31ce5":95,"016953e4":83,"5623817d":72,"f2470875":81,"77d35808":72,"95d3d348":64,"e238f09b":70,"317c1591":68,"b8488fc8":72,"afe8e06a":63,"8f10fa42":83,"a0685bf3":84,"ec11fe5f":63,"30c184b8":74,"5f4102da":75,"8bc04eb5":60,"93b0a158":75,"67d30f2b":75,"290b4714":68,"17b08923":70,"8298e976":81,"1b881e6e":82,"47d27624":73,"e99318a3":61,"50d129cf":66,"ccf8b803":61,"23760167":61,"5f7d7195":72,"820225e4":57,"8b2b601d":69,"a3d4a0e5":79,"489a39f7":66,"2d1e1e9d":72,"4ea4a2a1":83,"288afc30":72,"34658473":68,"5acaa06f":57,"08a4c3f8":73,"f9c15fcc":77,"b2a8761b":72,"1c0a9eff":70,"b3f19a69":68,"04cc7cbe":67,"7a840529":51,"9c29f0ed":85,"43d87483":69,"cf9f4757":63,"d5059415":73,"0bfabf48":69,"cc5a1d47":60,"abc1d7ad":81,"49cb2959":76,"c91966ce":68,"a0cf08b3":63,"db8ba455":81,"aa76bc50":64,"731fc335":56,"eed20185":77,"1c3a30c5":69,"3e602573":58,"87ce8d1d":60,"aa00769b":84,"b7df1559":80,"84b67924":74,"b230e8d3":70,"2c627253":67,"0bd93cfd":60,"d6d61bfc":81,"2c01e624":64,"3a1d1632":48,"aa5dfdf5":72,"64db4feb":83,"9b3f8714":75,"de6213c7":74,"9f5e6cba":83,"92efd84f":71,"aec4e1bf":76,"f87c5031":63,"3f65f121":77,"22ecaed0":62,"6143f39d":73,"ac62fac2":82,"ebdbf580":68,"1a2c020b":67,"0a92153e":76,"bd984a8e":65,"288d171f":66,"168e75d9":69,"80a8a56d":67,"e21c6207":68,"9a80f004":65,"79e4fa1c":62,"7e8e1c3d":65,"21e10a2b":70,"4295ce9a":81,"27d8bf51":74,"31408822":63,"0c0e98ea":61,"6f81493d":67,"1e191c98":54,"430a5db5":84,"56d315d8":61,"be40590d":72,"4c39240e":70,"2045d7d6":65,"ba30e43a":85,"5623817d":73,"1da771fb":68,"b935fc1c":68,"317c1591":69,"4c0e547b":67,"2a4a402a":72,"6c524f99":66,"70ee0491":57,"dd3913d2":63,"20958d58":66,"2bcca6a7":90,"5b60dd1d":75,"93ac9ca3":69,"82868763":69,"bb99c79c":72,"8cc4a982":67,"25a7a0a3":73,"f4b2f575":60,"36684155":71,"47d27624":74,"cb6c9e42":85,"088feee2":79,"650bb0e0":71,"e99318a3":62,"8b2b601d":70,"0114160e":74,"6d802fa2":65,"30c5d755":81,"2af60749":81,"4577b333":72,"d141db49":65,"d36125db":81,"6c73ae98":66,"e36dfd6f":63,"b84a06eb":71,"1b153aef":71,"82b81567":67,"379184a7":82,"d33790a2":85,"336d0f08":77,"0ac825ed":75,"408bb2ed":63,"c0b23081":79,"dffa7793":56,"6775d5cd":69,"e4117b3b":58,"5b5fc566":63,"9cb4697f":81,"6c20c153":67,"c803b4a3":75,"7218c9f1":56,"d7cb9bcf":73,"0d7d88f1":65,"7a4c064c":79,"53b4e647":87,"621d6b18":79,"52eca0dc":73,"83b2f9c5":81,"00a481e3":79,"3101354b":66,"d9a64845":72,"dc03ebd2":92,"43bc86e3":67,"c27969ec":75,"cac4449a":58,"4bcd4a30":90,"be149c6f":68,"92efd84f":72,"ed4fad08":74,"2a06ab95":78,"0ecfa1c9":69,"ea822700":60,"b7cc7909":69,"a625328f":77,"3c6692a3":80,"aa9ea5e8":68,"181c3dd5":68,"cbb54a0a":61,"f94bf9ea":66,"57540cc3":78,"71bc1295":74,"b460f030":84,"ad8f85d6":77,"742f1425":71,"48655f09":89,"685207b3":74,"6fb4cdda":83,"cb51f134":76,"9267f0ef":87,"704bce0d":72,"c0fea118":71,"07107f6e":74,"e7abc88d":55,"5a622a23":65,"c650b434":82,"f734c84c":89,"debe1f65":79,"e2cbe594":64,"c8dc010f":83,"5cd3cfe0":60,"1e7753d9":84,"ddec9e54":66,"026766f3":66,"0c0e98ea":62,"2352c8ef":65,"5f4102da":76,"8721056e":60,"6ce84ff8":63,"f5cd79c1":64,"83086d4c":75,"317c1591":70,"5b60dd1d":76,"0b3283c9":78,"95d3d348":65,"08c6b5d2":71,"53a8613c":92
1604737505590,"906632cb":69,"1f11812e":67,"fee32863":66,"a567ace4":72,"19551bad":72,"0f89862c":74,"1c0a9eff":71,"54d7de6b":79,"d1d40c9c":77,"e382ec3f":62,"935ec056":61,"4652b09a":87,"124fbe96":69,"621d6b18":80,"b9be31d6":69,"d7cb9bcf":74,"7218c9f1":57,"d4ee22a4":81,"9496f56f":77,"7566fdd6":75,"e1571af7":76,"868cda42":64,"b320feb9":68,"44c77422":78,"e3547548":56,"d9d7c4c2":73,"4777334c":62,"5f0c1b9d":81,"28654c76":86,"ae016053":74,"ef8987d7":68,"00a481e3":80,"4469c815":56,"2dda3936":72,"8dd2684c":72,"6d339d45":65,"731fc335":57,"810aa5e9":69,"efe84c27":64,"dcf85091":60,"145c7559":82,"8e99d5d0":76,"1247fa52":71,"f3992a31":75,"0a96f57a":79,"3498f223":65,"f734c84c":90,"7e8e1c3d":66,"77898c22":59,"6490bac6":68,"79e4fa1c":63,"8ea21393":68,"6e24d88b":71,"20e470e0":74,"059d6c19":88,"9d9dd9e5":68,"37fbb107":85,"bda8cdfb":74,"5f7d7195":73,"ccf8b803":62,"5339e1e9":69,"c98d5272":80,"eb2e1983":64,"9d023afb":81,"831c7b85":70,"55928ef1":77,"8721056e":61,"fef750ca":77,"19551bad":73,"87c462ee":72,"ad2d7bed":73,"abad2347":73,"a6b5e869":69,"935ec056":62,"3b2dee89":69,"ee21ad02":78,"d83294cd":67,"af7e5be8":72,"6034b6d0":76,"ef14000f":85,"d2466211":88,"e28c2efc":65,"d4ee22a4":82,"9316e7e8":56,"7a9344a4":87,"7cd0ad7b":84,"751bcf25":70,"fce3c5c6":61,"08a06557":90,"ba30e43a":86,"c015ec5a":68,"f8b31ce5":96,"30c5d755":82,"5ab7bc35":76,"778c95e9":73,"c852d240":70,"70bc8325":69,"72805bf5":66,"22234d6b":74,"61d4782d":75,"aa5dfdf5":73,"47cfba38":68,"6751d8e4":86,"a1370ab0":72,"84b767be":85,"2ab62345":65,"7028b044":68,"64db4feb":84,"172217e5":74,"d3e84616":86,"affb82bf":74,"f87c5031":64,"6cba74ce":66,"25a7a0a3":74,"7ae34c64":81,"a0cf08b3":64,"95904ac4":86,"fd482491":83,"4bc46d7a":73,"5f0c1b9d":82,"d9d0c567":70,"32c9fc47":71,"a8871ddf":71,"69f3bfcc":76,"45fb95c1":76,"66554572":59,"8298e976":82,"06ddafc7":62,"5a0ead91":62,"9263c525":69,"7a2f3f06":65,"4ea4a2a1":84,"8f2a7d69":65,"b8397293":63,"db0a661e":75,"e9679ede":67,"a836aa93":72,"8e780922":69,"df81ddee":67,"e7abc88d":56,"547903ef":77,"77300e4a":66,"5a622a23":66,"b2c25d1c":70,"a0ce82b4":78,"501db4de":70,"b6ee137a":69,"201cafad":68,"93e8cee5":82,"416a9e97":70,"91d52a55":74,"e99318a3":63,"c6c85783":81,"25d1b2d8":71,"d1fe2868":70,"6adce358":80,"2b3e4717":73,"9b546d65":66,"478d2d4f":84,"7af262e5":77,"8063df14":64,"7bda83dd":69,"062179c1":73,"50b558a7":59,"e0e48a2d":76,"935ec056":63,"e6ec8cbf":83,"bad6cdb1":70,"946df4fd":74,"cf52025e":68,"87ce8d1d":61,"73b15e04":69,"24d24fa3":69,"9fc713b0":72,"a40846b7":76,"71ff66e8":70,"3e082b37":65,"19f9ca86":80,"a58bf525":72,"f6fe095d":88,"c7ab83c1":59,"290b4714":69,"e4c312fe":72,"bf30a08f":79,"9d4f1fe6":60,"af7e5be8":73,"95539a58":53,"0785820e":80,"e57d5cda":84,"9aa6a054":70,"bb98a6cf":86,"8942c35b":79,"f4634d0b":61,"4ee62a26":61,"026766f3":67,"902f49f5":72,"31408822":64,"e1571af7":77,"859545e6":60,"4577b333":73,"75ffea08":74,"5f620a1e":81,"4c39240e":71,"57167c74":79,"9496f56f":78,"0d28db94":64,"84b767be":86,"70bc8325":70,"9f5e6cba":84,"5747db6e":80,"f069bb07":71,"288a2c43":67,"2c01e624":65,"42c80e69":79,"61d4782d":76,"a625328f":78,"c4bff41f":69,"c793cdda":71,"24a9fb86":78,"5a734022":68,"18815a1b":71,"a851891c":58,"1d44aff3":78,"aa867541":62,"6023df54":73,"ae016053":75,"5f96c2bc":56,"65e4235b":71,"8cf83787":64,"8aa78e2f":60,"0b5a0408":68,"ce4da56f":75,"e81834aa":80,"8b2b601d":71,"bab97de3":82,"06073f13":73,"08a4c3f8":74,"de11eb19":89,"5f8517b7":88,"7ae3fc50":67,"1ff8c2fc":78,"40569362":78,"972f4174":85,"c21ab51e":55,"4c4aa2e2":75,"cb51f134":77,"77300e4a":67,"168e75d9":70,"ecfa8249":76,"bfad1727":68,"c85a0d80":76,"27d8bf51":75,"5fa12feb":73,"8547fbc2":73,"172217e5":75,"25a7a0a3":75,"22176537":65,"546f6845":80,"a63bddd4":86,"36b7003c":89,"815e4582":73,"50d129cf":67,"23760167":62,"cb6c9e42":86,"650bb0e0":72,"8ec3834d":84,"a59a8290":68,"5f4102da":77,"11b2c8d9":70,"8063df14":65,"7bda83dd":70,"8721056e":62,"30c184b8":75,"9c58dd76":80,"b6aaf976":77,"946df4fd":75,"a0b03218":74,"4b4ef7fa":71,"8eb64769":70,"baebb391":82,"e45b4b53":60,"6ce84ff8":64,"09f0db62":98,"ea9bba6b":65,"26f99a1e":74,"cb4f262b":74,"11b74e63":66,"6775d5cd":70,"0d770b97":78,"7735c3c2":68,"6841f77e":84,"e356abf1":76,"92136ff5":80,"77898c22":60,"f4343817":72,"7cd0ad7b":85,"5272520d":67,"cd3bbe7e":76,"d033db8d":72,"20e470e0":75,"059d6c19":89,"0c0e98ea":63,"fce3c5c6":62,"c8fcad77":72,"805af3c7":72,"5ab7bc35":77,"7043382d":76,"4c39240e":72,"cc6bbe45":64,"87083264":74,"e4cfef0a":62,"43d87483":70,"4d9b0b10":71,"d552eb2f":72,"6a3eaf43":73,"b947257e":86,"288a2c43":68,"88b3bc99":70,"e9a8cf11":71,"6e851762":65,"51f80f4c":77,"911e770b":76,"03b4ab60":75,"c793cdda":72,"42c80e69":80,"1ed46298":85,"32133249":80,"9f74b8a4":67,"93b9fae6":65,"7218c9f1":58,"537634c9":60,"83b2f9c5":82,"49cb2959":77,"6023df54":74,"f789f6d8":84,"cf1b8c47":78,"731fc335":58,"22aeaf03":80,"d599b566":87,"54a676d6":67,"bab97de3":83,"0be540c5":69,"868edcc0":72,"d9dcdc4b":91,"6db0ea86":74,"159ffd0b":51,"5acaa06f":58,"67f6e4f2":72,"336d0f08":78,"1ff8c2fc":79,"6f0fcb9d":81,"de11eb19":90,"5ee911b5":68,"d34a29b9":76,"eeaa2d46":71,"12012fbd":73,"6d339d45":66,"558d5ce7":73,"08c6b5d2":72,"7d6895f4":69,"1d153b20":73,"31d74eee":63,"5f7d7195":74,"91d52a55":75,"90d52475":68,"f66616b7":67,"77f31bab":74,"8a52882e":72,"82204d54":67,"dfc89705":74,"0eaf08da":76,"04612878":77,"73b15e04":70,"03dcfa3d":69,"a636f4c9":89,"23080895":61,"30c184b8":76,"cd522166":86,"b87158fb":80,"fee32863":67,"9d023afb":82,"bd2705b0":88,"d78dd457":64,"9d4f1fe6":61,"00cf385d":86,"d929098e":53,"6ee92259":77,"104721f0":71,"ecfa8249":77,"0a96f57a":80,"4c4aa2e2":76,"ab7467de":86,"972f4174":86,"7b6a7048":75,"e7abc88d":57,"f76a3e83":76,"bc09fa9e":69,"c382f054":75,"53747a91":76,"df81ddee":68,"cc11fef9":79,"b7434f57":64,"74f234c6":71,"467773ac":69,"8db62558":74,"3f9b5722":64,"93683c82":68,"0f029727":68,"868cda42":65,"805af3c7":73,"fce3c5c6":63,"e32524d6":73,"92f800f5":70,"a81a857c":68,"d83870f5":68,"b947257e":87,"162a7348":76,"b5763ff6":59,"8d04852b":72,"0fc5ac7e":89,"5e09f69e":78,"51f80f4c":78,"2180f99b":75,"2c01e624":66,"0ecfa1c9":70,"3b2dee89":70,"a06a6430":70,"597c1f81":61,"c803b4a3":76,"ac030e74":63,"7566fdd6":76,"7fb4c521":68,"faf4f98b":73,"db8ba455":82,"0a1d11e6":58,"3f75d3bc":80,"74c26380":68,"a851891c":59,"5f96c2bc":57,"28654c76":87,"ea9bba6b":66,"a58bf525":73,"dc583e64":72,"1da771fb":69,"c318d350":75,"6d61bf13":64,"7ee148e9":65,"11888cfa":69,"8aa78e2f":61,"b84a06eb":72,"a6bcb07e":84,"90731976":69,"54a676d6":68,"2d1e1e9d":73,"408bb2ed":64,"cd95f558":80,"6f0fcb9d":82,"c7c4ec5c":60,"39ba00f0":72,"72805bf5":67,"9b3f8714":76,"dd7acb96":70,"d2a841c9":60,"3454fa2b":69,"0e036ae9":87,"7080f122":63,"be4f8ba8":64,"21ee2afe":82,"416a9e97":71,"31d74eee":64,"ccf8b803":63,"37fbb107":86,"aff8e442":75,"6adce358":81,"2b3e4717":74,"7a6aa4b6":78,"358e45b1":79,"1bd5b20b":79,"ae8a09c4":77,"eed20185":78,"27c8e038":79,"12271e14":69,"aefe13f5":77,"87922532":75,"c6e3d352":85,"f5e8dfee":84,"478d2d4f":85,"6c524f99":67,"30c184b8":77,"b8488fc8":73,"c7313e0a":79,"36380d96":83,"547903ef":78,"3b7763b1":56,"9f2b16a7":78,"b2c25d1c":71,"261c9911":83,"8e99d5d0":77,"93e8cee5":83,"d34a29b9":77,"bc09fa9e":70,"dbc9df44":57,"a0ce82b4":79,"8ea21393":69,"d70ca4f4":81,"b7434f57":65,"e62d705f":63,"5272520d":68,"ca6d2d91":75,"c3e6ef01":78,"1f11812e":68,"c0b0f492":82,"0b959527":70,"65a00a3c":73,"d141db49":66,"d9d7c4c2":74,"caddd0a7":81,"ee75b607":74,"dfcc2ad1":87,"9cb4697f":82,"e35a63cd":75,"87c462ee":73,"a1921150":78,"ed4fad08":75,"162a7348":77,"a625328f":79,"bb8a6337":64,"4bcd4a30":91,"40860a4b":61,"5ac86fb9":72,"3c6692a3":81,"284544ba":80,"13747b82":74,"4125085e":75,"2c627253":68,"98915a1f":57,"9d4f1fe6":62,"88ce179e":83,"bd2705b0":89,"bf30a08f":80,"d83294cd":68,"7e95c5a0":61,"621d6b18":81,"597c1f81":62,"6034b6d0":77,"4d9b0b10":72,"faf4f98b":74,"08a561b7":65,"da04caac":74,"3f75d3bc":81,"537634c9":61,"6ce84ff8":65,"b769bdfb":81,"a40846b7":77,"dc583e64":73,"5099c6a0":84,"b1f58563":73,"6d61bf13":65,"8cf83787":65,"8aa78e2f":62,"07fc4a9a":73,"17b08923":71,"411b5027":73,"6d802fa2":66,"6291e9e9":72,"71e53c93":74,"91f7ef72":72,"a851891c":60,"08a06557":91,"fd07e0ed":71,"be4f8ba8":65,"1d153b20":74,"53a8613c":93,"8dd2684c":73,"fd6dcb20":65,"affb82bf":75,"315537b2":68,"3a1b9af5":66,"67f6e4f2":73,"1ff8c2fc":80,"554ebb83":68,"608bc832":66,"7ae3fc50":68,"02d4753e":84,"be1746a0":60,"b6aaf976":78,"24d24fa3":70,"99d130c9":77,"03dcfa3d":70,"17807120":71,"48655f09":90,"6b78ad7f":80,"f33c0140":77,"bfad1727":69,"fe578280":70,"a0ce82b4":80,"7f86be64":77,"53747a91":77,"655954ba":71,"da3437cd":61,"4eed1bea":76,"cb51f134":78,"5c82d1ce":72,"0da28f5b":77,"51c57542":79,"d70ca4f4":82,"20e470e0":76,"93683c82":69,"9316e7e8":57,"cd3bbe7e":77,"c3e6ef01":79,"19e9776f":80,"08a06557":92,"638cb163":90,"82204d54":68,"dd3913d2":64,"6c486702":81,"527ff946":77,"9d63c4dd":65,"d1fe2868":71,"66d94227":61,"bf822e33":71,"650bb0e0":73,"088feee2":80,"725dce8b":76,"fd07e0ed":72,"5ac86fb9":73,"6a3eaf43":74,"33d6bb6a":63,"1757a30e":67,"c1bb74f2":66,"7fdc2007":70,"730a4938":76,"eb2e1983":65,"7f6d1d0e":91,"2882a956":77,"ad2d7bed":74,"00cf385d":87,"88ce179e":84,"a85d89cc":68,"7a840529":52,"cb142908":67,"ba938220":64,"597c1f81":63,"d5059415":74,"9f74b8a4":68,"f1dffa24":59,"82868763":70,"09f0db62":99,"f2470875":82,"095ab3b4":60,"dc583e64":74,"95d3d348":66,"54a676d6":69,"0114160e":75,"d9dcdc4b":92,"b36a0d66":57,"7732eb1e":89,"a472532e":63,"08a561b7":66,"71ba7561":70,"b2cfdbcf":69,"537634c9":62,"a0cf08b3":65,"43bc86e3":68,"c015ec5a":69,"75ffea08":75,"37a7d5b0":76,"d9d7c4c2":75,"c7636527":68,"2c01e624":67,"3a1d1632":49,"5f6613c8":64,"f069bb07":72,"deb31f35":80,"a625328f":80,"d3a669ac":85,"61d4782d":77,"9fa62fee":67,"13747b82":75,"15620dca":81,"140ce69e":71,"8cc4a982":68,"3f65f121":78,"22176537":66,"9c045c61":75,"0e036ae9":88,"b2703001":74,"28d41578":66,"fe0df575":84,"7a2f3f06":66,"358e45b1":80,"8f2a7d69":66,"5a0ead91":63,"608bc832":67,"336d0f08":79,"99d130c9":78,"a43061ee":64,"a0b03218":75,"dd1fcb17":66,"03c398d2":75,"ac62fac2":83,"0f72f2d8":70,"088feee2":81,"1b881e6e":83,"b88033fd":80,"f4b2f575":61,"cf775f58":74,"254cc28c":77,"8a52882e":73,"20958d58":67,"afe8e06a":64,"c5b35e4d":68,"9d0546ac":69,"69134f07":72,"0da28f5b":78,"6b9eff39":69,"7d112f4d":74,"e1618359":79,"40e79dd3":67,"751acea8":65,"5be594be":72,"168e75d9":71,"da3437cd":62,"9316e7e8":58,"3b690f68":86,"a851554d":86,"0a92153e":77,"0c043224":85,"d9d7c4c2":76,"f4343817":73,"55928ef1":78,"1bb4ccc0":68,"ee21ad02":79,"30c184b8":78,"7bda83dd":71,"f56ac638":60,"c1bb74f2":67,"fea793f5":73,"fef750ca":78,"91b28f83":74,"0bfabf48":70,"76f94eda":70,"4652b09a":88,"e4cfef0a":63,"677c6a09":83,"8fb236a9":70,"95539a58":54,"cf9f4757":64,"faf4f98b":75,"a58bf525":74,"a40846b7":78,"7ee148e9":66,"dc583e64":75,"971675c5":82,"3c43e8a2":73,"b36a0d66":58,"5099c6a0":85,"5f0c1b9d":83,"91f7ef72":73,"f789f6d8":85,"a15713c6":80,"69eeae0d":78,"43bc86e3":69,"42cd2360":62,"62d1d346":59,"c8977844":76,"014460b9":92,"0d5ee801":61,"638cb163":91,"859545e6":61,"1e191c98":55,"24ffcbd3":82,"aa021138":77,"76f3a3be":69,"26c390d6":67,"70c1e715":71,"2132fe93":80,"13747b82":76,"4bcd4a30":92,"88b3bc99":71,"72805bf5":68,"288a2c43":69,"b7832271":74,"3c18f28e":69,"92efd84f":73,"c793cdda":73,"17446892":71,"9de29816":65,"8cc4a982":69,"6cba74ce":67,"6db0ea86":75,"8298e976":83,"95f6db13":60,"de36827b":92,"4ac6bd4e":54,"05642105":69,"1138796e":69,"3a1b9af5":67,"3652bd66":71,"d0c0fc08":65,"31f6d707":83,"554ebb83":69,"7a2f3f06":67,"064a99c8":72,"71bc1295":75,"6be9332a":72,"a0bc1ceb":68,"4cc141fa":57,"ad8f85d6":78,"bad6cdb1":71,"b946e146":88,"ccdd1ce6":68,"558d5ce7":74,"eeaa2d46":72,"a983a6dc":68,"66d94227":62,"36b7003c":90,"cb6c9e42":87,"449d8475":66,"f2364460":84,"f66616b7":68,"f9f2c53f":64,"fb8bfb36":86,"9f2b16a7":79,"79e4fa1c":64,"c21ab51e":56,"bc09fa9e":71,"9267f0ef":88,"972f4174":87,"3007f31f":69,"20777945":66,"b3863630":63,"4e3f5178":76,"a0cca8b7":65,"efe84c27":65,"cc11fef9":80,"4279e829":86,"142d6987":77,"dae0f922":70,"5cd3cfe0":61,"430a5db5":85,"3f9b5722":65,"b87158fb":81,"478d2d4f":86,"e5b1abc6":65,"fee32863":68,"8007f30e":50,"c463799d":83,"1757a30e":68,"eb2e1983":66,"1a442bc7":74,"d815c5b4":86,"e4117b3b":59,"7735c3c2":69,"c0b23081":80,"7ee7621c":70,"4d9b0b10":73,"e238f09b":71,"3c43e8a2":74,"82868763":71,"8dd649a3":64,"0b3283c9":79,"8dc9b4db":76,"60e855ee":78,"cc5a1d47":61,"c803b4a3":77,"d4ee22a4":83,"b9be31d6":70,"87cd2add":71,"10ec5a0b":73,"c91966ce":69,"b7505747":77,"a81a857c":69,"57167c74":80,"25776fc4":81,"3bad3c95":52,"259930ee":78,"638cb163":92,"0a1d11e6":59,"3f75d3bc":82,"d1ca5d6b":82,"9ab755d3":63,"5774ac0d":80,"ef1c2dcb":70,"a1370ab0":73,"2d54e0a8":60,"af034fee":62,"e58b26f6":75,"dcfaba4c":72,"fb7482fe":70,"a47abfbb":65,"5a07fc2e":66,"f94bf9ea":67,"2132fe93":81,"eafbf9fb":77,"172217e5":76,"558d5ce7":75,"4469c815":57,"88432019":67,"3101354b":67,"7c0a2db6":75,"56473430":77,"4abb7aed":70,"ce4da56f":76,"11888cfa":70,"17b08923":72,"07fc4a9a":74,"f5829ac0":74,"8b2b601d":72,"cf50e84e":75,"02d4753e":85,"8c6e001f":59,"8323d333":62,"0cb80f4a":72,"d0e9a58e":63,"0ac825ed":76,"82b81567":68,"03c398d2":76,"d1715f3b":74,"22ecaed0":63,"99e171db":72,"77bae750":64,"1d790491":70,"a1921150":79,"ccf8b803":64,"842c8340":63,"9ceb5439":65,"51c57542":80,"93e8cee5":84,"7e8e1c3d":67,"288d171f":67,"ab7467de":87,"27d8bf51":76,"f598a332":73,"07107f6e":75,"145c7559":83,"ded7da5a":77,"e1618359":80,"c4feee5b":69,"501db4de":71,"c382f054":76,"cc11fef9":81,"d634aa28":90,"7cd0ad7b":86,"30d84dce":65,"9b546d65":67,"d78dd457":65,"8f10fa42":84,"0e2b5d2f":75,"11b2c8d9":71,"afe8e06a":65,"ad2d7bed":75,"6ee92259":78,"55928ef1":79,"aa187e3b":66,"0d770b97":79,"b3f19a69":69,"bd2705b0":90,"13f0e139":71,"bc392d1c":64,"bad6cdb1":72,"9fc713b0":73,"3e602573":59,"9c58dd76":81,"263762cb":68,"42191b64":63,"83086d4c":76,"3e082b37":66,"2c5c1dc0":68,"22aeaf03":81,"c318d350":76,"e382ec3f":63,"d5059415":75,"76f94eda":71,"621d6b18":82,"385ab7c6":72,"7e95c5a0":62,"0785820e":81,"ae95f2ba":84,"467773ac":70,"30fdcd3b":71,"751acea8":66,"b7505747":78,"62d1d346":60,"aa021138":78,"d9f512b9":76,"0a2f71bc":61,"92f800f5":71,"c0b0f492":83,"5a07fc2e":67,"227006e4":71,"5774ac0d":81,"911e770b":77,"8d04852b":73,"835358a0":60,"cbb54a0a":62,"12534561":60,"71279c46":63,"0bd93cfd":61
1604737506969,"1138796e":70,"e81834aa":81,"6db0ea86":76,"6291e9e9":73,"88a30343":74,"b552beb3":69,"17b08923":73,"0cb80f4a":73,"9260d96b":83,"5a0ead91":64,"f9c15fcc":78,"ea274174":78,"40569362":79,"761cf820":71,"04612878":78,"b2bd8fd3":66,"cf52025e":69,"3c6692a3":82,"5ac86fb9":74,"a1370ab0":74,"aaa274a5":74,"c27969ec":76,"99d130c9":79,"73b15e04":71,"481754fc":61,"3c43e8a2":75,"c318d350":77,"83086d4c":77,"d599b566":88,"e45b4b53":61,"8e4c33d2":78,"5410e9c6":79,"01d817b8":63,"88432019":68,"affb82bf":76,"a77e8461":68,"8547fbc2":74,"30dd2edc":74,"eeaa2d46":73,"8ec3834d":85,"5a0eb771":70,"faf3ed07":69,"50d129cf":68,"b8ab8e6e":72,"d1fe2868":72,"84369269":70,"8298e976":84,"4ff2225d":70,"3310a049":79,"d6db2b02":82,"0d2c95fe":65,"e8f173b5":68,"49910300":68,"cf1b8c47":79,"34658473":69,"b377a62a":62,"00554ffd":80,"5ee911b5":69,"06073f13":74,"b4fdf90e":71,"cfe72ead":58,"f734c84c":91,"efd23af5":74,"3b7763b1":57,"470d50c2":72,"913a6226":72,"f33c0140":78,"ab7467de":88,"c4feee5b":70,"3062379b":59,"6e851762":66,"bc3dc66a":75,"35aa7fd0":86,"383e232d":69,"88b3bc99":72,"31f6ba51":67,"d1ca5d6b":83,"a1370ab0":75,"6df0b2e8":94,"7028b044":69,"2a06ab95":79,"e4714415":84,"9f5e6cba":85,"f1098793":74,"b6aaf976":79,"bc392d1c":65,"bad6cdb1":73,"03dcfa3d":71,"c609739e":78,"a543ec74":71,"ae016053":76,"3c0df8b4":79,"95904ac4":87,"fe44fc6f":75,"7896b953":73,"65e4235b":72,"6b79fec2":66,"317c1591":71,"5b60dd1d":77,"014bdff0":79,"26f99a1e":75,"6fb4cdda":84,"c650b434":83,"0149e11a":61,"d34a29b9":78,"53431634":85,"a836aa93":73,"74f234c6":72,"9d4da635":52,"66b7b5b4":70,"cd3bbe7e":78,"a4f1d83b":74,"dbd2f139":87,"19e9776f":81,"88fa53d6":63,"d9f512b9":77,"ba30e43a":87,"c015ec5a":70,"e3547548":57,"30c5d755":83,"259930ee":79,"a40846b7":79,"ea9bba6b":67,"d6320619":75,"d3e84616":87,"8dd2684c":74,"a77e8461":69,"b9a48a5c":57,"b946e146":89,"416a9e97":72,"b8ab8e6e":73,"37fbb107":87,"842c8340":64,"4ed01268":70,"0670c466":70,"794f652b":72,"90731976":70,"159ffd0b":52,"831c7b85":71,"b102f7bd":76,"6c486702":82,"70ee0491":58,"7bda83dd":72,"a59a8290":69,"730a4938":77,"a66a2d8a":80,"b0869206":76,"91b28f83":75,"37d0cae2":70,"7735c3c2":70,"6b82b527":66,"5eab91a0":77,"9496f56f":79,"8ac72326":63,"53b4e647":88,"87083264":75,"597c1f81":64,"c8113b77":62,"b36a0d66":59,"0114160e":76,"e81834aa":82,"1db42092":82,"f044c0e1":58,"1b153aef":72,"67f6e4f2":74,"d102b0c6":56,"b377a62a":63,"b35e9e1a":98,"4ea4a2a1":85,"d33790a2":86,"a1921150":80,"9fa62fee":68,"1f7607df":56,"aa9ea5e8":69,"f069bb07":73,"5eaa1581":71,"ef1c2dcb":71,"31f6ba51":68,"1ed46298":86,"39ba00f0":73,"f4726450":67,"5ac86fb9":75,"c4bff41f":70,"2c627253":69,"51f80f4c":79,"99d130c9":80,"b6aaf976":80,"cac4449a":59,"804d4dfa":67,"c609739e":79,"48655f09":91,"baebb391":83,"0bfabf48":71,"a0cf08b3":66,"195eb771":68,"1d44aff3":79,"71e53c93":75,"da04caac":75,"a5676c24":67,"7896b953":74,"6085137f":53,"004f1ef3":83,"bc09fa9e":72,"6bc5d32a":87,"f76a3e83":77,"261c9911":84,"2b3c49b9":78,"8e99d5d0":78,"21e10a2b":71,"9b742f71":71,"b6ee137a":70,"90a06ee9":72,"69d4b754":70,"9a80f004":66,"e0154608":59,"696fdac5":78,"1a2ec5d7":75,"110b1ee3":80,"1f11812e":69,"40a745c0":75,"bb98a6cf":87,"4360a1a3":82,"dae0f922":71,"4777334c":63,"1623fc9f":72,"868cda42":66,"7e76c93c":85,"9e65c0ef":67,"859545e6":62,"dac109cf":64,"25a7a0a3":76,"d3e84616":88,"6cba74ce":68,"a63bddd4":87,"af157d29":74,"623c6a31":72,"15620dca":82,"71ff66e8":71,"fb7b7b3c":83,"9a3cc55d":60,"5270f158":67,"6ce84ff8":66,"a59a8290":70,"33d6bb6a":64,"0d770b97":80,"9d023afb":83,"dffa7793":57,"1745a0f4":71,"16b476e9":60,"4c0e547b":68,"a6b5e869":70,"f67de058":69,"730a4938":78,"a8c93bed":75,"6841f77e":85,"1bb4ccc0":69,"fb44fa9c":82,"95f6db13":61,"90731976":71,"8298e976":85,"6c73ae98":67,"cf84fb54":80,"045f280d":79,"9e878ec2":91,"5acaa06f":59,"8f2a7d69":67,"cd95f558":81,"92d38723":79,"0ac825ed":77,"d33790a2":87,"e99318a3":64,"77bae750":65,"cb6c9e42":88,"0f1ac912":61,"6adce358":82,"66d94227":63,"449d8475":67,"2f455cce":71,"deb31f35":81,"a6626a13":60,"2c627253":70,"60d6cee2":74,"fd369c21":78,"3a1d1632":50,"40860a4b":62,"98915a1f":58,"ac62fac2":84,"67c57de4":99,"93b9fae6":66,"2ce1af05":64,"621d6b18":83,"7a4c064c":80,"619fda68":81,"6034b6d0":78,"a901627e":64,"a472532e":64,"71ba7561":71,"52eca0dc":74,"a851891c":61,"dc03ebd2":93,"616d6dd6":74,"b6aaf976":81,"458dcc3d":77,"d82592f4":70,"48655f09":92,"b2bd8fd3":67,"24d24fa3":71,"ed4fad08":76,"1f7607df":57,"f271ed5d":75,"68562193":56,"a2c334e7":92,"3454fa2b":70,"6d5fcd4c":76,"ef8321d8":70,"01d817b8":64,"22176537":67,"8dd2684c":75,"49902219":83,"efd23af5":75,"f734c84c":92,"a851554d":87,"21ad2f34":68,"685207b3":75,"1247fa52":72,"21e10a2b":72,"4e3f5178":77,"3b7763b1":58,"92136ff5":81,"c0fea118":72,"8e780922":70,"c5b35e4d":69,"0da28f5b":79,"30fdcd3b":72,"059d6c19":90,"dae0f922":72,"f4634d0b":62,"0af920d8":57,"ddec9e54":67,"a4f1d83b":75,"4577b333":74,"37a7d5b0":77,"04ea5673":77,"a81a857c":70,"e3547548":58,"c0b0f492":84,"e5d3655c":80,"0b3283c9":80,"9a3cc55d":61,"f2470875":83,"1da771fb":70,"19f9ca86":81,"8dc9b4db":77,"e7773397":60,"82204d54":69,"92ca52b7":74,"8721056e":63,"95d331b1":60,"70ee0491":59,"a8871ddf":72,"fb44fa9c":83,"66554572":60,"28d41578":67,"7732eb1e":90,"8b2b601d":73,"e36dfd6f":64,"c4aa1e38":63,"b2a8761b":73,"31f6d707":84,"4f5e3e7d":61,"b4fdf90e":72,"3d1af513":84,"e99318a3":65,"ce3407dd":79,"25d1b2d8":72,"0670c466":71,"66d94227":64,"794f652b":73,"cf775f58":75,"39ba00f0":74,"84b67924":75,"de11eb19":91,"062179c1":74,"00cf385d":88,"f67de058":70,"d929098e":54,"dd3913d2":65,"ad2d7bed":76,"290b4714":70,"869cbaa0":84,"124fbe96":70,"f7231212":72,"93b0a158":76,"9aa6a054":71,"af7e5be8":74,"2b698053":68,"a5676c24":68,"9496f56f":80,"7896b953":75,"cc5a1d47":62,"49cb2959":78,"781ace7d":69,"cf1b8c47":80,"4abb7aed":71,"345c9967":68,"c27969ec":77,"bc392d1c":66,"01cd8099":75,"6ebe2354":62,"804d4dfa":68,"cbad3b92":87,"0f72f2d8":71,"72b84094":83,"9d0546ac":70,"df81ddee":69,"efe84c27":66,"b6ee137a":71,"ebdbf580":69,"913a6226":73,"0da28f5b":80,"a0ce82b4":81,"f76a3e83":78,"e1f0dbfd":76,"501db4de":72,"c7313e0a":80,"1a68160d":74,"dae0f922":73,"f4634d0b":63,"059d6c19":91,"4360a1a3":83,"180377be":80,"751bcf25":71,"ddec9e54":68,"c1bdfd41":72,"24ffcbd3":83,"caddd0a7":82,"37a7d5b0":78,"5747db6e":81,"a6626a13":61,"13747b82":77,"730338c4":88,"081460bf":77,"2d54e0a8":61,"74e3d13e":68,"84b767be":87,"c4bff41f":71,"f94bf9ea":68,"64db4feb":85,"47cfba38":69,"2cb29e5a":85,"d3e84616":89,"53a8613c":94,"be4f8ba8":66,"140ce69e":72,"6143f39d":74,"8547fbc2":75,"25635c37":66,"e238f09b":72,"437fc3ec":75,"5623817d":74,"a58bf525":75,"312f7676":76,"a77e127d":54,"78467b8a":79,"4c0e547b":69,"8f10fa42":85,"5f4102da":78,"51a3e9c2":76,"fe8f3d36":59,"bf30a08f":81,"b3f19a69":70,"8b5a8e9f":88,"b2703001":75,"1138796e":71,"a3d4a0e5":80,"0114160e":77,"0f029727":69,"f8b31ce5":97,"04ea5673":78,"0be540c5":70,"8d753bb6":61,"82b81567":69,"868edcc0":73,"ce3407dd":80,"bf822e33":72,"5a0eb771":71,"a983a6dc":69,"04643409":79,"90d52475":69,"f4b2f575":62,"4ea4a2a1":86,"4ac6bd4e":55,"8d000d6e":67,"cfe72ead":59,"d102b0c6":57,"49bf2e95":56,"cfafcda8":70,"37d0cae2":71,"c0b23081":81,"11b74e63":67,"5b5fc566":64,"ba938220":65,"76f94eda":72,"d7cb9bcf":75,"ae95f2ba":85,"abc1d7ad":82,"93b9fae6":67,"aa76bc50":65,"f905a555":63,"0bfabf48":72,"5f0c1b9d":84,"87cd2add":72,"d5dae4c4":84,"71e53c93":76,"313258f2":68,"9c58dd76":82,"b6aaf976":82,"792cfcbd":60,"99d130c9":81,"a5aee5de":87,"b460f030":85,"74e01f6a":69,"8ea21393":70,"9d0546ac":71,"2b3c49b9":79,"ab7467de":89,"0149e11a":62,"7bebff03":61,"0da28f5b":81,"a4296d1e":76,"5fa12feb":74,"c4feee5b":71,"1247fa52":73,"cb51f134":79,"a836aa93":74,"c0fea118":73,"7cd0ad7b":87,"58d46189":80,"6f81493d":68,"c8977844":77,"19e9776f":82,"d0c104c4":55,"50c3164b":78,"aa5dfdf5":74,"de6213c7":75,"f4726450":68,"8cd78f77":83,"2d54e0a8":62,"c4bff41f":72,"778c95e9":74,"60d6cee2":75,"5ac86fb9":76,"c852d240":71,"bc3dc66a":76,"ed4fad08":77,"35aa7fd0":87,"6d5fcd4c":77,"e9adbe58":69,"be4f8ba8":67,"30dd2edc":75,"fd6dcb20":66,"172217e5":77,"f5596d0f":81,"09ff339a":57,"f2470875":84,"fe8f3d36":60,"f5e8dfee":85,"e7773397":61,"1951480c":75,"c0b7e7d7":59,"d1676e89":72,"25635c37":67,"0b5a0408":69,"26ed1a5c":70,"b5ce0c0c":75,"aab4d996":71,"0b959527":71,"dac109cf":65,"b7505747":79,"e32524d6":74,"805af3c7":74,"90731976":72,"013ee301":74,"0be540c5":71,"9d9dd9e5":69,"a983a6dc":70,"2a387957":80,"39a2fcce":64,"394dc144":76,"77f31bab":75,"1d790491":71,"868edcc0":74,"7a6aa4b6":79,"608bc832":68,"1438fad7":74,"d0e9a58e":64,"05642105":70,"02d4753e":86,"3a1b9af5":68,"b35e9e1a":99,"ea274174":79,"30c184b8":79,"a66a2d8a":81,"95d331b1":61,"7bda83dd":73,"dffa7793":58,"1bb4ccc0":70,"b102f7bd":77,"4258c176":70,"25a2844e":74,"5acce642":74,"d83870f5":69,"290b4714":71,"7e95c5a0":63,"50c468ba":68,"9aa6a054":72,"8fb236a9":71,"00a481e3":81,"0d7d88f1":66,"71e53c93":77,"7a4c064c":81,"5f0c1b9d":85,"b9be31d6":71,"f3a0c2ee":71,"52eca0dc":75,"906fdec3":63,"dd035d2a":68,"03dcfa3d":72,"ad8f85d6":79,"1c3a30c5":70,"26c6fa34":70,"73b15e04":72,"72b84094":84,"f734c84c":93,"4295ce9a":82,"daab45c6":72,"547903ef":79,"e9679ede":68,"6b78ad7f":81,"7bebff03":62,"ab7d4c9a":71,"feb67030":67,"90a06ee9":73,"5be594be":73,"104721f0":72,"381c68fa":76,"8e780922":71,"5ccf94d6":69,"30dbfc69":71,"7a9344a4":88,"0eaf08da":77,"ae8a09c4":78,"6a3eaf43":75,"aaa274a5":75,"884b0ad1":72,"fd369c21":79,"aa5dfdf5":75,"dd7acb96":71,"39ba00f0":75,"0681c48e":79,"0ecfa1c9":71,"181c3dd5":69,"31f6ba51":69,"5a734022":69,"03b4ab60":76,"b230e8d3":71,"8dd2684c":76,"d1715f3b":75,"eeaa2d46":74,"b1f58563":74,"3712c4bd":64,"5270f158":68,"5623817d":75,"95d3d348":67,"71ff66e8":72,"f6fe095d":89,"74f234c6":73,"dac109cf":66,"1a2ec5d7":76,"be40590d":73,"f8b31ce5":98,"a577db1c":59,"d9f512b9":78,"e3547548":59,"3fdb08f5":70,"259930ee":80,"1d153b20":75,"6cba74ce":69,"6d5fcd4c":78,"08c6b5d2":73,"31d74eee":65,"9ceb5439":66,"8a52882e":74,"ce3407dd":81,"2b3e4717":75,"842c8340":65,"5a0eb771":72,"49910300":69,"07fc4a9a":75,"4945c851":83,"6d802fa2":67,"bab97de3":84,"a8871ddf":73,"95f6db13":62,"379184a7":83,"3a1b9af5":69,"3652bd66":72,"92d38723":80,"9e878ec2":92,"b377a62a":64,"4ea4a2a1":87,"cfafcda8":71,"ee75b607":75,"478d2d4f":87,"f56ac638":61,"c1bb74f2":68,"e0e48a2d":77,"1745a0f4":72,"7bda83dd":74,"95d331b1":62,"ad2d7bed":77,"2a4a402a":73,"0e2b5d2f":76,"f0a06216":68,"2882a956":78,"621d6b18":84,"c8113b77":63,"f7231212":73,"00a17b46":69,"45b5746e":66,"ad303bda":79,"8db5a165":60,"a85d89cc":69,"f905a555":64,"ae95f2ba":86,"537634c9":63,"db8ba455":83,"56473430":78,"ae016053":77,"77898c22":61,"51c57542":81,"d25e0f8d":74,"e2cbe594":65,"79f04300":73,"8e99d5d0":79,"21e10a2b":73,"90a06ee9":74,"a0bc1ceb":69,"d82592f4":71,"742f1425":72,"12271e14":70,"f1098793":75,"2d382981":71,"59c1e594":82,"c0e2624b":64,"aec074c4":85,"2c01e624":68,"508aac3d":76,"a6003226":70,"2d54e0a8":63,"d6d61bfc":82,"f069bb07":74,"e9a8cf11":72,"c793cdda":74,"c852d240":72,"031e488e":77,"5e09f69e":79,"1ed46298":87,"e9adbe58":70,"82868763":72,"eda6a690":59,"5410e9c6":80,"1951480c":76,"8e4c33d2":79,"095ab3b4":61,"6b79fec2":67,"5ccf94d6":70,"b3863630":64,"f734c84c":94,"6f81493d":69,"288d171f":68,"3007f31f":70,"a4f1d83b":76,"b2c25d1c":72,"c4feee5b":72,"7a9344a4":89,"902f49f5":73,"cf1124db":66,"9316e7e8":59,"259930ee":81,"aab4d996":72,"fce3c5c6":64,"37a7d5b0":79,"a81a857c":71,"88fa53d6":64,"868cda42":67,"1138796e":72,"95f6db13":63,"6db0ea86":77,"be4f8ba8":68,"22176537":68,"51f57142":80,"8cc4a982":70,"9e206c95":86,"12012fbd":74,"6adce358":83,"50d129cf":69,"449d8475":68,"48efc739":89,"04643409":80,"650bb0e0":74,"2b3e4717":76,"1be05c14":64,"b2703001":76,"f5829ac0":75,"f044c0e1":59,"2e99f8fd":64,"4ac6bd4e":56,"34658473":70,"db0a661e":76,"4f5e3e7d":62,"8c6e001f":60,"19551bad":74,"8063df14":66,"bb00e71c":61,"05f6ab35":70,"b0869206":77,"d1d40c9c":78,"fead11cf":69,"bec9d329":82,"4c0e547b":70,"20958d58":68,"87c462ee":74,"95d331b1":63,"733c86f8":71,"d815c5b4":87,"9f74b8a4":69,"597c1f81":65,"d7cb9bcf":76,"906fdec3":64,"0a1d11e6":60,"1dad0f99":79,"0785820e":82,"5f96c2bc":58,"43bc86e3":70,"7fb4c521":69,"af7e5be8":75,"f905a555":65,"3a291497":69,"a851891c":62,"a533489b":82,"daab45c6":73,"20777945":67,"685207b3":76,"ecfa8249":78,"bd984a8e":66,"3007f31f":71,"d82592f4":72,"27c8e038":80,"be1746a0":61,"a543ec74":72,"59c1e594":83,"2d382981":72,"03dcfa3d":73,"af0b61ab":76,"2180f99b":76,"3c6692a3":83,"272c7672":74,"a6626a13":62,"7db3edda":74,"22234d6b":75,"60d6cee2":76,"6867261a":66,"3a1d1632":51,"71a2a493":50,"081460bf":78,"f94bf9ea":69,"a1370ab0":76,"09f0db62":100,"5b60dd1d":78,"312f7676":77,"77d35808":73,"f2470875":85,"014bdff0":80,"fe578280":71,"4e5aaaec":65,"913a6226":74,"8e780922":72,"85de05f2":74,"69d4b754":71,"0da28f5b":82,"a4296d1e":77,"cc11fef9":82,"655941a0":81,"19e9776f":83,"dae0f922":74,"381c68fa":77,"c3e6ef01":80,"d0c104c4":56,"259930ee":82,"fbdffc95":66,"25776fc4":82,"4c39240e":73,"3fdb08f5":71,"92f800f5":72,"e32524d6":75,"2203f259":77,"0277d748":86,"3f65f121":79,"140ce69e":73,"a77e8461":70,"21ee2afe":83,"9c045c61":76,"22ecaed0":64,"d1fe2868":73,"9ceb5439":67,"25d1b2d8":73,"50d129cf":70,"37fbb107":88,"99e171db":73,"842c8340":66,"88a30343":75,"8aa78e2f":63,"69f3bfcc":77,"4945c851":84,"e81834aa":83,"159ffd0b":53,"be3a10f8":76,"78467b8a":80,"8f10fa42":86,"f2e3c0e3":64,"87c462ee":75,"1745a0f4":73,"9cb4697f":83,"9a07d89b":81,"2882a956":79,"79be29c8":70,"19551bad":75,"b3f19a69":71,"bf30a08f":82,"ad2d7bed":78,"f7231212":74,"93b9fae6":68,"9c29f0ed":86,"4abb7aed":72,"7ae34c64":82,"0bfabf48":73,"ae95f2ba":87,"45b5746e":67,"ef16ca37":75,"17b08923":74,"b4fdf90e":73,"fe0df575":85,"c7c4ec5c":61,"379184a7":84,"5ee911b5":70,"36fb15d2":73,"a5aee5de":88,"3e602573":60,"bca2d7cd":70,"d552eb2f":73,"4bcd4a30":93,"0bd93cfd":62,"22234d6b":76,"a625328f":81,"84b767be":88,"b35bb8a1":64,"2ab62345":66,"03b4ab60":77,"725dce8b":77,"bb8a6337":65,"24a9fb86":79,"60d6cee2":77,"792cfcbd":61,"bad6cdb1":74,"dd1fcb17":67,"a636f4c9":90,"03c398d2":77,"43bc86e3":71,"43d87483":71,"8fb236a9":72,"e865e4dd":70,"195eb771":69,"dd035d2a":69,"8e4c33d2":80,"695a2b92":71,"e21c6207":69,"feb67030":68,"e9679ede":69,"5fa12feb":75,"e0154608":60,"3007f31f":72,"0a92153e":78,"21e10a2b":74,"4c4aa2e2":77,"5e193fc8":74,"27d8bf51":77,"c4feee5b":73,"a0cca8b7":66,"a4296d1e":78
1604737507852,"0841052c":71,"94a2fe10":69,"30dbfc69":72,"751bcf25":72,"d634aa28":91,"e62d705f":64,"9a3ab0b8":60,"37d0cae2":72,"0042f6eb":79,"11b2c8d9":72,"93b0a158":77,"677c6a09":84,"fee32863":69,"dd3913d2":66,"b3f19a69":72,"733c86f8":72,"b0869206":78,"c1bb74f2":69,"d929098e":55,"7ee7621c":71,"0d28db94":65,"7a4c064c":82,"fd482491":84,"6e24d88b":72,"b7505747":80,"d9d7c4c2":77,"65a00a3c":74,"e32524d6":76,"2045d7d6":66,"4c39240e":74,"49b358bd":70,"621d6b18":85,"42cd2360":63,"52eca0dc":76,"2b698053":69,"906fdec3":65,"ba938220":66,"95539a58":55,"012de09c":67,"faf4f98b":76,"d9d0c567":71,"b28a5e67":77,"6143f39d":75,"88432019":69,"fd6dcb20":67,"9e206c95":87,"15620dca":83,"6d5fcd4c":79,"f2ca27d9":67,"5339e1e9":70,"b88033fd":81,"99e171db":74,"5957df9e":68,"04643409":81,"650bb0e0":75,"66d94227":65,"5fa12feb":76,"c45d554f":74,"93e8cee5":85,"18d20aa1":67,"685207b3":77,"0149e11a":63,"a836aa93":75,"26dd2000":74,"80a8a56d":68,"ecfa8249":79,"2e3503e4":71,"4c4aa2e2":78,"c85a0d80":77,"d34a29b9":79,"110b1ee3":81,"c2bb8aae":66,"fe8f3d36":61,"fee32863":70,"8f10fa42":87,"4b125e7b":77,"9d4f1fe6":63,"733c86f8":73,"f0a06216":69,"a567ace4":73,"4c0e547b":71,"1bb4ccc0":71,"6c20c153":68,"dfcc2ad1":88,"935ec056":64,"1a442bc7":75,"ef1c2dcb":72,"50c3164b":79,"8cd78f77":84,"9147702f":65,"a6626a13":63,"fb7482fe":71,"2c627253":71,"b230e8d3":72,"6867261a":67,"5ac86fb9":77,"288a2c43":70,"a6003226":71,"bfcb912a":73,"5e09f69e":80,"026766f3":68,"30fdcd3b":73,"8db62558":75,"26ed1a5c":71,"d033db8d":73,"28d40296":54,"f8b31ce5":99,"ea6de194":71,"3fdb08f5":72,"c8fcad77":73,"d6f0d94a":63,"5f620a1e":82,"91536e85":81,"7ae34c64":83,"0bfabf48":74,"abd32136":74,"b28a5e67":78,"ad303bda":80,"e865e4dd":71,"cb142908":68,"8db5a165":61,"c38c2b52":73,"537634c9":64,"6034b6d0":79,"d8e58a8c":83,"74c26380":69,"c318d350":78,"8dd649a3":65,"971675c5":83,"b1f58563":75,"e238f09b":73,"8cf83787":66,"b36a0d66":60,"1f88a4b7":82,"28d41578":68,"95bc84f1":67,"0114160e":78,"8298e976":86,"1b153aef":73,"9260d96b":84,"288afc30":73,"e0e6a097":68,"d0b297b2":66,"554ebb83":70,"45b038bb":96,"9c045c61":77,"15620dca":84,"51f57142":81,"be4f8ba8":69,"7080f122":64,"623c6a31":73,"416a9e97":73,"48efc739":90,"c6c85783":82,"bad1a1cc":61,"0149e11a":64,"cd421290":69,"c8dc010f":84,"3007f31f":73,"79f04300":74,"8e99d5d0":80,"d25e0f8d":75,"debe1f65":80,"fe578280":72,"4e3f5178":78,"f4343817":74,"946df4fd":76,"a543ec74":73,"04612878":79,"4cc141fa":58,"792cfcbd":62,"17807120":72,"48655f09":93,"fef750ca":79,"a66a2d8a":82,"8f10fa42":88,"04bef50c":51,"70ee0491":60,"bf30a08f":83,"e5b1abc6":66,"54d7de6b":80,"4b125e7b":78,"78467b8a":81,"a983a6dc":71,"04643409":82,"527ff946":78,"cb6c9e42":89,"50c3164b":80,"a6626a13":64,"4bcd4a30":94,"2f455cce":72,"f4726450":69,"2a06ab95":80,"b947257e":88,"dc473de1":67,"6867261a":68,"12534561":61,"be3a10f8":77,"ea4d3f3e":78,"ae99df30":74,"c0b23081":82,"f121b82c":76,"696fdac5":79,"06ee61b6":64,"026766f3":69,"31408822":65,"bb98a6cf":88,"30d84dce":66,"7a9344a4":90,"906632cb":70,"4ee62a26":62,"57167c74":81,"719c8869":88,"ba30e43a":88,"b5ce0c0c":76,"a33fe0dd":84,"dac109cf":67,"caddd0a7":83,"d5059415":76,"77bfed7e":70,"43bc86e3":72,"ae95f2ba":88,"83b2f9c5":83,"056ea7ff":81,"0d28db94":66,"dc03ebd2":94,"7a4c064c":83,"00a481e3":82,"8ac72326":64,"95904ac4":88,"d9d0c567":72,"8a165e17":78,"09f0db62":101,"2c5c1dc0":69,"95d3d348":68,"437fc3ec":76,"26f99a1e":76,"7ee148e9":67,"312f7676":78,"159ffd0b":54,"05642105":71,"59431390":73,"88a30343":76,"1438fad7":75,"1138796e":73,"cf50e84e":76,"8c6e001f":61,"06073f13":75,"b7407bd3":65,"f9c15fcc":79,"8cddb65e":76,"a1370ab0":77,"5774ac0d":82,"31f6ba51":70,"30dd2edc":76,"d3e84616":90,"53a8613c":95,"bc021def":85,"315537b2":69,"d6320619":76,"d1715f3b":76,"8493f3b2":79,"6f0fcb9d":83,"31f6d707":85,"12a2cd4b":79,"4febf7c5":81,"03c398d2":78,"dd1fcb17":68,"4cc141fa":59,"99d130c9":82,"804d4dfa":69,"c81b2bcf":66,"48efc739":91,"bf822e33":73,"0670c466":72,"90d52475":70,"815e4582":74,"1d790491":72,"508aac3d":77,"70bc8325":71,"2f455cce":73,"ba5c52af":75,"5b5fc566":65,"78467b8a":82,"bf30a08f":84,"78b97937":82,"b102f7bd":78,"ee21ad02":80,"290b4714":72,"cfafcda8":72,"04cc7cbe":68,"a0ce82b4":82,"daab45c6":74,"7d112f4d":75,"44ff8baa":70,"6fb4cdda":85,"c7313e0a":81,"21e10a2b":75,"9d0546ac":72,"f33c0140":79,"80a8a56d":69,"53747a91":78,"77300e4a":68,"cc11fef9":83,"e1618359":81,"026766f3":70,"470d50c2":73,"a4f1d83b":77,"66497c7e":68,"26ed1a5c":72,"0c043224":86,"be40590d":74,"5ab7bc35":78,"d141db49":67,"259930ee":83,"4577b333":75,"9e65c0ef":68,"25776fc4":83,"7be025ce":69,"25a2844e":75,"a567ace4":74,"bec9d329":83,"7fef9973":76,"629800eb":82,"597c1f81":66,"2ce1af05":65,"6034b6d0":80,"7896b953":76,"a06a6430":71,"74c26380":70,"4930f321":62,"5f0c1b9d":86,"8fb236a9":73,"ae016053":78,"95904ac4":89,"fe1d4419":78,"93ac9ca3":70,"095ab3b4":62,"b769bdfb":82,"8274885a":78,"6ce84ff8":67,"c95719e5":68,"4b3e3b1c":80,"8aa78e2f":64,"1138796e":74,"e0f7679f":62,"8d753bb6":62,"6e44927f":62,"45b5746e":68,"227006e4":72,"0fc5ac7e":90,"f94bf9ea":70,"a625328f":82,"68562193":57,"bb8a6337":66,"4bcd4a30":95,"2ab62345":67,"cbb54a0a":63,"7af9d3b1":83,"725dce8b":78,"f2ca27d9":68,"f5596d0f":82,"f2f58418":63,"172217e5":78,"ccdd1ce6":69,"b9a48a5c":58,"6de0aaac":60,"31f6d707":86,"e7e82473":91,"bab97de3":85,"2e99f8fd":65,"379184a7":85,"4f5e3e7d":63,"ea274174":80,"fa55f27a":87,"6585adbe":58,"b460f030":86,"a0bc1ceb":70,"87922532":76,"b7df1559":81,"64a7f79f":64,"12a2cd4b":80,"be1746a0":62,"44a4f7cd":66,"f2364460":85,"1634789b":73,"36b7003c":91,"04643409":83,"d5557fb4":79,"99e171db":75,"084cbc0b":65,"c0e2624b":65,"0f89862c":75,"20958d58":69,"b87158fb":82,"730a4938":79,"70594a28":69,"2ad42a9e":68,"5c82d1ce":73,"bd984a8e":67,"8ea21393":71,"d25e0f8d":76,"5be594be":74,"93e8cee5":86,"c4feee5b":74,"3b7763b1":59,"4b4ecbce":66,"79f04300":75,"cb51f134":80,"80a8a56d":70,"0c0e98ea":64,"6f81493d":70,"1e7753d9":85,"66497c7e":69,"30d84dce":67,"56d315d8":62,"8db62558":76,"e32524d6":77,"aab4d996":73,"14c682eb":71,"49b358bd":71,"e5d3655c":81,"25776fc4":84,"dac109cf":68,"5b5fc566":66,"fee32863":71,"11b74e63":68,"f5e8dfee":86,"87c462ee":76,"9b546d65":68,"a567ace4":75,"9cb4697f":84,"04bef50c":52,"6841f77e":86,"cb142908":69,"263762cb":69,"8274885a":79,"5099c6a0":86,"a58bf525":76,"b769bdfb":83,"eda6a690":60,"5623817d":76,"61145ec9":83,"7566fdd6":77,"d7cb9bcf":77,"fe44fc6f":76,"8fb236a9":74,"616d6dd6":75,"3101354b":68,"87083264":76,"d83294cd":69,"d5dae4c4":85,"b28a5e67":79,"d2466211":89,"45b5746e":69,"884b0ad1":73,"dd7acb96":72,"7028b044":70,"aaa274a5":76,"f271ed5d":76,"0681c48e":80,"181c3dd5":70,"a6003226":72,"31f6ba51":71,"3c18f28e":70,"7af9d3b1":84,"a2c334e7":93,"9e206c95":88,"4469c815":58,"88432019":70,"ef8321d8":71,"eeaa2d46":75,"0e036ae9":89,"5678ed7b":89,"1138796e":75,"45fb95c1":77,"de36827b":93,"3c782bb3":69,"54a676d6":70,"fb44fa9c":84,"db0a661e":77,"ef16ca37":76,"554ebb83":71,"08a4c3f8":75,"b35e9e1a":100,"7ae3fc50":69,"ea274174":81,"a0b03218":76,"12a2cd4b":81,"cac4449a":60,"e8d74304":62,"aa00769b":85,"2c24d929":83,"a43061ee":65,"2dda3936":73,"23760167":63,"cf775f58":76,"44a4f7cd":67,"789bd484":73,"25d1b2d8":74,"c6c85783":83,"c98d5272":81,"72b84094":85,"ab7467de":90,"3007f31f":74,"5a622a23":67,"547903ef":80,"3b7763b1":60,"f4343817":75,"7f86be64":78,"754f98c9":74,"34c5c729":74,"b215547b":68,"c85a0d80":78,"e62d705f":65,"ab7d4c9a":72,"d70ca4f4":83,"655954ba":72,"74f234c6":74,"ca6d2d91":76,"0d5ee801":62,"3b690f68":87,"dac109cf":69,"cf1124db":67,"37a7d5b0":80,"c4e70c07":73,"0042f6eb":80,"87c462ee":77,"30c184b8":80,"290b4714":73,"0e2b5d2f":77,"ea4d3f3e":79,"11b2c8d9":73,"be3a10f8":78,"bd2705b0":91,"c6dc900c":52,"ad2d7bed":79,"54d7de6b":81,"c510bfd3":83,"f0a06216":70,"3a204e56":79,"6d61bf13":66,"e45b4b53":62,"2c5c1dc0":70,"5623817d":77,"363590c7":72,"95539a58":56,"629800eb":83,"f789f6d8":86,"d7cb9bcf":78,"3f75d3bc":83,"619fda68":82,"ef8987d7":69,"10ec5a0b":74,"810aa5e9":70,"0d28db94":67,"91f7ef72":74,"056ea7ff":82,"195eb771":70,"95904ac4":90,"08a06557":93,"3bad3c95":53,"805af3c7":75,"4def63ee":58,"9ab755d3":64,"2f455cce":74,"92efd84f":74,"7db3edda":75,"6751d8e4":87,"af0b61ab":77,"7e991ab9":61,"74e3d13e":69,"c4bff41f":73,"5774ac0d":83,"b230e8d3":73,"288a2c43":71,"e4714415":85,"9b3f8714":77,"ef8321d8":72,"c318d350":79,"8cf83787":67,"159ffd0b":55,"45fb95c1":78,"8f2a7d69":68,"de11eb19":92,"90731976":73,"34658473":71,"32c9fc47":72,"b377a62a":65,"489a39f7":67,"5ee911b5":71,"e81834aa":84,"9e878ec2":93,"288afc30":74,"cac4449a":61,"742f1425":73,"affb82bf":77,"ec2cb1af":73,"dfa1a89b":70,"f3d68430":76,"175bc6b2":65,"546f6845":81,"254cc28c":78,"36b7003c":92,"449d8475":69,"aff8e442":76,"50d129cf":71,"d5557fb4":80,"bda8cdfb":75,"c8dc010f":85,"e1f0dbfd":77,"7d112f4d":76,"c45d554f":75,"3ef7432b":75,"80a8a56d":71,"e21c6207":70,"0a92153e":79,"bb98a6cf":89,"ecfa8249":80,"cb51f134":81,"751bcf25":73,"c4feee5b":75,"0c043224":87,"6fb4cdda":86,"d548635d":68,"d70ca4f4":84,"f883d582":68,"a4296d1e":79,"c8977844":78,"e62d705f":66,"6ee92259":79,"4c0e547b":72,"4258c176":71,"5eab91a0":78,"478d2d4f":88,"8b5a8e9f":89,"aa187e3b":67,"b0869206":79,"30c184b8":81,"ba5c52af":76,"ba586505":67,"bec9d329":84,"b8488fc8":74,"78467b8a":83,"2c24d929":84,"a543ec74":74,"bc392d1c":67,"b460f030":87,"23080895":62,"5410e9c6":81,"fb7b7b3c":84,"93ac9ca3":71,"5099c6a0":87,"ffa08d82":81,"cf9f4757":65,"d9a64845":73,"597c1f81":67,"3f75d3bc":84,"619fda68":83,"4abb7aed":73,"1f342a00":80,"7db3edda":76,"884b0ad1":74,"084cbc0b":66,"e58b26f6":76,"92efd84f":75,"a625328f":83,"227006e4":73,"71279c46":64,"8d04852b":74,"540df50f":82,"081460bf":79,"c852d240":73,"03b4ab60":78,"9fce073c":76,"42cd2360":64,"91536e85":82,"caddd0a7":84,"ea6de194":72,"30c5d755":84,"d6f0d94a":64,"d141db49":68,"0b959527":72,"014460b9":93,"f905a555":66,"b9be31d6":72,"7c0a2db6":76,"3a291497":70,"317c1591":72,"1da771fb":71,"312f7676":79,"07fc4a9a":76,"6d802fa2":68,"32c9fc47":73,"db0a661e":78,"59431390":74,"1138796e":76,"34658473":72,"b36a0d66":61,"9263c525":70,"5f8517b7":89,"bab97de3":86,"8d000d6e":68,"0ac825ed":78,"9e878ec2":94,"24d24fa3":72,"fd6dcb20":68,"22ecaed0":65,"9a467a82":72,"49902219":84,"e9adbe58":71,"b9a48a5c":59,"b946e146":90,"d957f027":67,"b88033fd":82,"a939b50b":74,"90d52475":71,"254cc28c":79,"23760167":64,"d1fe2868":74,"85de05f2":75,"c650b434":84,"f734c84c":95,"3b7763b1":61,"79e4fa1c":65,"2209903e":72,"8f9b74b0":62,"8e780922":73,"53431634":86,"e7abc88d":58,"f1b493de":85,"0dad37d5":74,"381c68fa":78,"c382f054":77,"f121b82c":77,"30dbfc69":73,"69d4b754":72,"40a745c0":76,"5272520d":69,"4ee62a26":63,"1757a30e":69,"730a4938":80,"a567ace4":76,"e4c312fe":73,"2a76f1dd":57,"4258c176":72,"eed20185":79,"73b15e04":73,"6ebe2354":63,"56752a4a":67,"6be9332a":73,"a5aee5de":89,"dc583e64":76,"f5cd79c1":65,"87c462ee":78,"8f10fa42":89,"e35a63cd":76,"6b82b527":67,"16b476e9":61,"25a2844e":76,"2bcca6a7":91,"50b558a7":60,"70c1e715":72,"d744bee2":70,"f4726450":70,"ea822700":61,"9fa62fee":69,"bca2d7cd":71,"911e770b":78,"c64de0c0":65,"540df50f":83,"c9efc8f6":71,"0681c48e":81,"64db4feb":86,"24a9fb86":80,"31f6ba51":72,"e28c2efc":66,"751acea8":67,"d9d7c4c2":78,"14c682eb":72,"9bdf362a":66,"ce3bf5db":70,"b5ce0c0c":77,"2154b6e8":69,"805af3c7":76,"a472532e":65,"43d87483":72,"0a1d11e6":61,"7fb4c521":70,"65e4235b":73,"7218c9f1":59,"7896b953":77,"9fce073c":77,"4930f321":63,"f905a555":67,"9aa6a054":73,"56473430":79,"5f96c2bc":59,"09ff339a":58,"ea9bba6b":68,"5781776a":78,"363590c7":73,"5270f158":69,"6a60348e":67,"49910300":70,"a6bcb07e":85,"ce4da56f":77,"b36a0d66":62,"8d000d6e":69,"8298e976":87,"288afc30":75,"3c782bb3":70,"d0b297b2":67,"c7c4ec5c":62,"8493f3b2":80,"d33790a2":88,"50312237":69,"2dda3936":74,"18815a1b":72,"d1715f3b":77,"15620dca":85,"b946e146":91,"6d5fcd4c":80,"e9adbe58":72,"93fdbb44":61,"bad1a1cc":62,"d1fe2868":75,"ce3407dd":82,"f2364460":86,"66d94227":66,"c81b2bcf":67,"261c9911":85,"25e0dd3d":78,"efd23af5":76,"85de05f2":76,"cd421290":70,"df81ddee":70,"0149e11a":65,"685207b3":78,"e0154608":61,"754f98c9":75,"ac62fac2":85,"4b4ef7fa":72,"f1098793":76,"cac4449a":62,"bc392d1c":68,"d8475b95":54,"01cd8099":76,"5eab91a0":79,"82204d54":70,"6c20c153":69,"8b5a8e9f":90,"cfafcda8":73,"6ee92259":80,"a0685bf3":85,"d83870f5":70,"d39724bc":71,"c1bb74f2":70,"5acce642":75,"4c0e547b":73,"e356abf1":77,"0e2b5d2f":78,"b7832271":75,"70bc8325":72,"c0e2624b":66,"0bd93cfd":63,"9fa62fee":70,"84b67924":76,"2d54e0a8":64,"12534561":62,"2132fe93":82,"bb8a6337":67,"8d04852b":75,"af034fee":63,"bfcb912a":74,"71279c46":65,"cb51f134":82,"d634aa28":92,"470d50c2":74,"1f11812e":70,"b215547b":69,"20e470e0":77,"c382f054":78,"26ed1a5c":73,"6f81493d":71,"dbd2f139":88,"1e7753d9":86,"a577db1c":60,"ce3bf5db":71,"ba30e43a":89,"805af3c7":77,"c8fcad77":74,"d9d7c4c2":79,"ffc86f94":63,"07f98660":85,"aa76bc50":66,"49cb2959":79,"76f94eda":73,"cc5a1d47":63,"61145ec9":84,"195eb771":71,"ac030e74":64,"ae95f2ba":89,"ec110282":79,"ae016053":79,"43d87483":73,"abc1d7ad":83,"753ca352":64,"6b79fec2":68,"014bdff0":81,"d599b566":89,"6d61bf13":67,"fe1d4419":79,"3f2522c2":77,"27f52ed3":91,"1138796e":77,"07fc4a9a":77,"28d41578":69,"95f6db13":64,"e7e82473":92,"a8871ddf":74,"08a4c3f8":76,"b35e9e1a":101,"d9dcdc4b":93,"2e99f8fd":66,"7080f122":65,"217c0327":52,"01d817b8":65,"172217e5":79,"fd6dcb20":69,"945b63f0":91,"bc021def":86,"9d63c4dd":66,"5a0eb771":73,"99e171db":76,"72b84094":86,"a0ce82b4":83,"6b9eff39":70,"18d20aa1":68,"da3437cd":63,"9263c525":71,"4ac6bd4e":57,"36fb15d2":74,"67f6e4f2":75,"73b15e04":74,"ac62fac2":86,"87ce8d1d":62,"01cd8099":77,"24d24fa3":73,"74e01f6a":70,"aefe13f5":78,"ae99df30":75,"0042f6eb":81,"abad2347":74,"20958d58":70,"a66a2d8a":83,"e0e48a2d":78,"831c7b85":72,"ee21ad02":81,"ec11fe5f":64,"90d52475":72,"77f31bab":76,"6adce358":84,"97e75c19":84,"bca2d7cd":72,"50c3164b":81,"884b0ad1":75,"d744bee2":71,"084cbc0b":67,"9ab755d3":65,"b5763ff6":60,"4125085e":76,"c852d240":74,"3a1d1632":52,"13747b82":78,"57d5dee8":81,"76f3a3be":70,"d929098e":56,"062179c1":75,"16b476e9":62,"9a07d89b":82,"5eab91a0":80,"debe1f65":81,"ded7da5a":78,"dbc9df44":58,"69d4b754":73,"bd984a8e":68,"36380d96":84,"53431634":87,"6f81493d":72,"acac14fb":65,"180377be":81,"e0154608":62,"902f49f5":74,"40a745c0":77,"74f234c6":75,"d634aa28":93,"3b690f68":88,"805af3c7":78,"4577b333":76
1604737508773,"39bbc4bc":87,"f5cd79c1":66,"1da771fb":72,"e238f09b":74,"3a204e56":80,"95d3d348":69,"8e4c33d2":81,"fb44fa9c":85,"e36dfd6f":65,"cf84fb54":81,"cf50e84e":77,"4945c851":85,"1bd5b20b":80,"d36125db":82,"67f6e4f2":76,"408bb2ed":65,"4ff2225d":71,"c7c4ec5c":63,"8d000d6e":70,"b4fdf90e":74,"5f8517b7":90,"d82592f4":73,"b6aaf976":83,"a43061ee":66,"27c8e038":81,"74e01f6a":71,"742f1425":74,"8eb64769":71,"181c3dd5":71,"08c6b5d2":74,"bc021def":87,"945b63f0":92,"9a467a82":73,"be4f8ba8":70,"172217e5":80,"315537b2":70,"25635c37":68,"eda6a690":61,"71ff66e8":73,"c0b7e7d7":60,"f2470875":86,"dc583e64":77,"9a3cc55d":62,"c1bdfd41":73,"aa021138":79,"d9f512b9":79,"014460b9":94,"4fd645f1":59,"868edcc0":75,"95f6db13":65,"b552beb3":70,"1138796e":78,"6c73ae98":68,"6db0ea86":78,"b2a8761b":74,"e7e82473":93,"9260d96b":85,"5a0ead91":65,"3a1b9af5":70,"f1862e79":61,"e0e6a097":69,"8c6e001f":62,"789bd484":74,"a983a6dc":72,"5339e1e9":71,"90d52475":73,"c81b2bcf":68,"ccf8b803":65,"9d9dd9e5":70,"884b0ad1":76,"70c1e715":73,"a625328f":84,"3c6692a3":84,"84b67924":77,"c0e2624b":67,"f069bb07":75,"dcfaba4c":73,"17446892":72,"0eaf08da":78,"08a561b7":67,"6f39f4d9":88,"abc1d7ad":84,"d83294cd":70,"869cbaa0":85,"fafb4cc2":99,"6a5b71b4":78,"a5676c24":69,"cc5a1d47":64,"c91966ce":70,"d8e58a8c":84,"619fda68":84,"e28c2efc":67,"61145ec9":85,"b6aaf976":84,"bad6cdb1":75,"481754fc":62,"4febf7c5":82,"a43061ee":67,"946df4fd":77,"27d8bf51":78,"bc09fa9e":73,"20777945":68,"f734c84c":96,"feb67030":69,"c7313e0a":82,"cd421290":71,"90a06ee9":75,"4e5aaaec":66,"d548635d":69,"6fb4cdda":87,"6b78ad7f":82,"dae0f922":75,"4279e829":87,"168e75d9":72,"3b690f68":89,"be2955bb":70,"40a745c0":78,"1e7753d9":87,"7a9344a4":91,"3a1d1632":53,"40860a4b":63,"1ed46298":88,"3c18f28e":71,"42c80e69":81,"49902219":85,"f2ca27d9":69,"ac38a6a5":77,"a77e8461":71,"affb82bf":78,"623c6a31":74,"57540cc3":79,"6ce84ff8":68,"d1676e89":73,"ee75b607":76,"7fdc2007":71,"bb00e71c":62,"b769bdfb":84,"95d3d348":70,"8274885a":80,"014bdff0":82,"578f6e9e":81,"c2bb8aae":67,"7be025ce":70,"25776fc4":85,"c0b0f492":85,"7043382d":77,"4fd645f1":60,"08a06557":94,"aa021138":80,"6d802fa2":69,"411b5027":74,"e0f7679f":63,"f5829ac0":76,"28d41578":70,"4f5e3e7d":64,"0be540c5":72,"1f88a4b7":83,"5ee911b5":72,"336d0f08":80,"47d27624":75,"5d087c79":75,"6e98dfda":73,"a1921150":81,"9d63c4dd":67,"8a52882e":75,"a9b1bd51":56,"b5763ff6":61,"3062379b":60,"272c7672":75,"84b767be":89,"9e878ec2":95,"d33790a2":89,"0ac825ed":79,"00554ffd":81,"dfc89705":75,"dd1fcb17":69,"458dcc3d":78,"05f6ab35":71,"d815c5b4":88,"ad2d7bed":80,"78467b8a":84,"8b5a8e9f":91,"37d0cae2":73,"a8c93bed":76,"6b82b527":68,"cd522166":87,"e0e48a2d":79,"385ab7c6":73,"43bc86e3":73,"c1bb74f2":71,"91536e85":83,"a5fd8ffd":78,"d7cb9bcf":79,"345c9967":69,"7566fdd6":78,"6023df54":75,"3f75d3bc":85,"6f39f4d9":89,"4930f321":64,"52eca0dc":77,"cc5a1d47":65,"b2cfdbcf":70,"12271e14":71,"b2bd8fd3":68,"aa00769b":86,"2ad42a9e":69,"79e4fa1c":66,"6bc5d32a":88,"0149e11a":66,"201cafad":69,"c0fea118":74,"547903ef":81,"bd984a8e":69,"6b78ad7f":83,"b6ee137a":72,"8e99d5d0":81,"d548635d":70,"5ccf94d6":71,"7f86be64":79,"b460f030":88,"aaa274a5":77,"a625328f":85,"7db3edda":77,"71279c46":66,"c9efc8f6":72,"74e3d13e":70,"35aa7fd0":88,"7af9d3b1":85,"76f3a3be":71,"13747b82":79,"e9adbe58":73,"d1715f3b":78,"15620dca":86,"175bc6b2":66,"0e036ae9":90,"3454fa2b":71,"18815a1b":73,"54d7de6b":82,"d815c5b4":89,"8e4c33d2":82,"e7773397":62,"836701f6":62,"8dc9b4db":78,"09ff339a":59,"3c43e8a2":76,"77d35808":74,"26ed1a5c":74,"1e232870":81,"94a2fe10":70,"66b7b5b4":71,"cf1124db":68,"c3e6ef01":81,"be40590d":75,"04ea5673":79,"868cda42":68,"b320feb9":69,"0f029727":70,"a81a857c":72,"3bad3c95":54,"638cb163":93,"1db42092":83,"e81834aa":85,"d5557fb4":81,"77bae750":66,"44a4f7cd":68,"bda8cdfb":76,"2a387957":81,"bf822e33":74,"23760167":65,"2f455cce":75,"4b3e3b1c":81,"b84a06eb":73,"3310a049":80,"8323d333":63,"26009d3f":69,"5acaa06f":60,"a4dafea5":65,"9263c525":72,"00554ffd":82,"b4fdf90e":75,"5a0ead91":66,"ea274174":82,"8b5a8e9f":92,"7f6d1d0e":92,"78b97937":83,"93b0a158":78,"9cb4697f":85,"afe8e06a":66,"2a4a402a":74,"a502c93c":67,"eebc8d43":79,"16b476e9":63,"2bcca6a7":92,"dd3913d2":67,"195eb771":72,"5f96c2bc":60,"8a165e17":79,"7566fdd6":79,"65e4235b":74,"4d9b0b10":74,"83b2f9c5":84,"d83294cd":71,"56473430":80,"43d87483":74,"731fc335":59,"b73e789c":69,"056ea7ff":83,"6f39f4d9":90,"481754fc":63,"6b9eff39":71,"4eed1bea":77,"79e4fa1c":67,"70594a28":70,"c0fea118":75,"73b15e04":75,"be1746a0":63,"64a7f79f":65,"35b58ef9":67,"4febf7c5":83,"cbad3b92":88,"9147702f":66,"c0e2624b":68,"884b0ad1":77,"dc473de1":68,"835358a0":61,"9fa62fee":71,"5ac86fb9":78,"32133249":81,"3c6692a3":85,"c4bff41f":74,"57d5dee8":82,"deb31f35":82,"a2c334e7":94,"51f57142":82,"60e855ee":79,"5410e9c6":82,"3e082b37":67,"27f52ed3":92,"363590c7":74,"95d3d348":71,"1a2c020b":68,"f9f2c53f":65,"acac14fb":66,"c650b434":85,"f1b493de":86,"4e3f5178":79,"07107f6e":76,"7a9344a4":92,"c382f054":79,"0d5ee801":63,"9b172ca8":65,"8db62558":77,"1e232870":82,"3f9b5722":66,"37a7d5b0":81,"b7505747":81,"6f81493d":73,"dae0f922":76,"4777334c":64,"aa021138":81,"e3547548":60,"9e65c0ef":69,"d9f512b9":80,"a40846b7":80,"49902219":86,"eeaa2d46":76,"558d5ce7":76,"2dda3936":75,"eafbf9fb":78,"ac38a6a5":78,"8ec3834d":86,"5f7d7195":75,"23760167":66,"91d52a55":76,"39a2fcce":65,"650bb0e0":76,"d5557fb4":82,"d9dcdc4b":94,"88a30343":77,"b552beb3":71,"a4dafea5":66,"a6bcb07e":86,"67f6e4f2":77,"49910300":71,"e36dfd6f":66,"45b038bb":97,"3652bd66":73,"a533489b":83,"761cf820":72,"d0c0fc08":66,"00554ffd":83,"6c20c153":70,"2a76f1dd":58,"dfcc2ad1":89,"11b74e63":69,"bf30a08f":85,"fee32863":72,"70ee0491":61,"e4117b3b":60,"00cf385d":89,"7bda83dd":75,"d78dd457":66,"16b476e9":64,"e356abf1":78,"20958d58":71,"a851891c":63,"6f39f4d9":91,"619fda68":85,"aa867541":63,"0bfabf48":75,"95904ac4":91,"4bc46d7a":74,"6a5b71b4":79,"7566fdd6":80,"ec110282":80,"f789f6d8":87,"93b9fae6":69,"dd035d2a":70,"c38c2b52":74,"ae8a09c4":79,"6be9332a":74,"a5aee5de":90,"e6fac295":62,"26c6fa34":71,"a543ec74":75,"4cc141fa":60,"508aac3d":78,"d552eb2f":74,"b947257e":89,"70c1e715":74,"f271ed5d":77,"22234d6b":77,"d3a669ac":86,"71a2a493":51,"5a734022":70,"8cddb65e":77,"7af9d3b1":86,"dc473de1":69,"24a9fb86":81,"aec4e1bf":77,"fd6dcb20":70,"1da771fb":73,"0a96f57a":81,"b6ee137a":73,"805534ac":68,"ecfa8249":81,"daab45c6":75,"e7abc88d":59,"ccb5ea3e":62,"5e193fc8":75,"c45d554f":76,"d548635d":71,"f2086446":77,"f883d582":69,"f76a3e83":79,"31408822":66,"ddec9e54":69,"0da28f5b":83,"a68a93b2":68,"4b4ecbce":67,"1e191c98":56,"f1b493de":87,"d0c104c4":57,"ea6de194":73,"9e65c0ef":70,"c4e70c07":74,"57167c74":82,"805af3c7":79,"28d40296":55,"2045d7d6":67,"77d35808":75,"83086d4c":78,"39bbc4bc":88,"26f99a1e":77,"437fc3ec":77,"b769bdfb":85,"9a467a82":74,"7d6895f4":70,"f2f58418":64,"f3d68430":77,"22176537":69,"2dda3936":76,"bf822e33":75,"faf3ed07":70,"66d94227":67,"1b881e6e":84,"04643409":84,"bda8cdfb":77,"36684155":72,"013ee301":75,"8aa78e2f":65,"0be540c5":73,"bbe71605":64,"0d2c95fe":66,"8d753bb6":63,"4f5e3e7d":65,"ee75b607":77,"2a4a402a":75,"8bc04eb5":61,"d1d40c9c":79,"92ca52b7":75,"0e2b5d2f":79,"290b4714":74,"677c6a09":85,"9a07d89b":83,"e382ec3f":64,"cd522166":88,"e356abf1":79,"c6dc900c":53,"2a76f1dd":59,"781ace7d":70,"619fda68":86,"fd482491":85,"d83294cd":72,"71ba7561":72,"8fb236a9":75,"8ac72326":65,"74c26380":71,"49cb2959":80,"e57d5cda":85,"345c9967":70,"4930f321":65,"053f3451":74,"71e53c93":78,"b2703001":77,"9260d96b":86,"c4aa1e38":64,"0cb80f4a":74,"336d0f08":81,"92d38723":81,"49bf2e95":57,"03dcfa3d":74,"01cd8099":78,"b7df1559":82,"742f1425":75,"64a7f79f":66,"bc392d1c":69,"b460f030":89,"5a07fc2e":68,"284544ba":81,"ef1c2dcb":73,"d552eb2f":75,"e58b26f6":77,"98915a1f":59,"d3a669ac":87,"5eaa1581":72,"af034fee":64,"ed4fad08":78,"74e3d13e":71,"031e488e":78,"bfcb912a":75,"9b3f8714":78,"25e0dd3d":79,"e2a7d915":71,"daab45c6":76,"d25e0f8d":77,"21e10a2b":76,"c4feee5b":76,"6b78ad7f":84,"3b7763b1":62,"c7313e0a":83,"0a96f57a":82,"e0154608":63,"4e3f5178":80,"8942c35b":80,"3f9b5722":67,"cb51f134":83,"696fdac5":80,"d033db8d":74,"655941a0":82,"4c39240e":75,"cd3bbe7e":79,"f883d582":70,"fce3c5c6":65,"94a2fe10":71,"836701f6":63,"5781776a":79,"c318d350":80,"ea9bba6b":69,"695a2b92":72,"b769bdfb":86,"57540cc3":80,"b946e146":92,"6de0aaac":61,"d2a841c9":61,"d1715f3b":79,"7d6895f4":71,"1d153b20":76,"f4b2f575":63,"1b881e6e":85,"2a387957":82,"1a0189c4":70,"7e15f8e8":75,"5957df9e":69,"a983a6dc":73,"c7ab83c1":60,"d6db2b02":83,"ce4da56f":78,"8298e976":88,"d815c5b4":90,"67d30f2b":76,"8721056e":64,"4b125e7b":79,"37d0cae2":74,"55928ef1":80,"f0a06216":71,"831c7b85":73,"2a76f1dd":60,"5eab91a0":81,"e356abf1":80,"a567ace4":77,"c463799d":84,"bd62d7ed":65,"8a165e17":80,"e57d5cda":86,"4f59a322":73,"3a291497":71,"313258f2":69,"d7cb9bcf":80,"d5059415":77,"ca7d47f7":79,"5f620a1e":83,"0f029727":71,"08a06557":95,"caddd0a7":85,"f044c0e1":60,"05642105":72,"a4dafea5":67,"a3d4a0e5":81,"1b153aef":74,"336d0f08":82,"4ea4a2a1":88,"8f2a7d69":69,"02d4753e":87,"0ac825ed":80,"d33790a2":90,"aefe13f5":79,"b6aaf976":85,"946df4fd":78,"27c8e038":82,"22234d6b":78,"835358a0":62,"2c627253":72,"181c3dd5":72,"61d4782d":78,"3c6692a3":86,"725dce8b":79,"f4726450":71,"3062379b":61,"af034fee":65,"72d7b461":77,"6df0b2e8":95,"2132fe93":83,"cbad3b92":89,"bad6cdb1":76,"17807120":73,"50c468ba":69,"5f96c2bc":61,"30b6808c":65,"ad303bda":81,"ef8987d7":70,"aa867541":64,"a472532e":66,"40e79dd3":68,"2209903e":73,"7d112f4d":77,"3ef7432b":76,"ccb5ea3e":63,"5c82d1ce":74,"972f4174":88,"7b6a7048":76,"c85a0d80":79,"cc11fef9":84,"9d4da635":53,"acac14fb":67,"f121b82c":78,"751acea8":68,"b3863630":65,"19e9776f":84,"2e3503e4":72,"c8977844":79,"be2955bb":71,"58d46189":81,"8db62558":78,"b7505747":82,"4c39240e":76,"e45b4b53":63,"dc583e64":78,"8274885a":81,"2203f259":78,"93ac9ca3":72,"f94bf9ea":71,"f5596d0f":83,"49902219":87,"4469c815":59,"a77e8461":72,"6de0aaac":62,"172217e5":81,"51f57142":83,"b88033fd":83,"bf822e33":76,"254cc28c":80,"aff8e442":77,"bda8cdfb":78,"48efc739":92,"527ff946":79,"82868763":73,"c7ab83c1":61,"4b125e7b":80,"eb2e1983":67,"3b2dee89":71,"dd3913d2":68,"be3a10f8":79,"d39724bc":72,"bb00e71c":63,"30c184b8":82,"ee21ad02":82,"afe8e06a":67,"78467b8a":85,"ea4d3f3e":80,"7ee7621c":72,"a0685bf3":86,"869cbaa0":86,"d9d0c567":73,"e28c2efc":68,"616d6dd6":76,"e786063b":68,"88fa53d6":65,"4777334c":65,"0f029727":72,"37a7d5b0":82,"28d41578":71,"a3d4a0e5":82,"0114160e":79,"1f88a4b7":84,"fa55f27a":88,"fb44fa9c":86,"fe0df575":86,"8298e976":89,"3652bd66":74,"792c9b6a":59,"b84a06eb":74,"4ac6bd4e":58,"288afc30":76,"31f6d707":87,"17807120":74,"26c390d6":68,"d552eb2f":76,"f271ed5d":78,"84b67924":78,"7db3edda":78,"fd369c21":80,"2180f99b":77,"b230e8d3":74,"725dce8b":80,"12534561":63,"ed4fad08":79,"64db4feb":87,"1ed46298":89,"c852d240":75,"a636f4c9":91,"458dcc3d":79,"c6e3d352":86,"87ce8d1d":63,"48655f09":94,"23080895":63,"71ba7561":73,"c803b4a3":78,"5f0c1b9d":87,"385ab7c6":74,"5f96c2bc":62,"6f39f4d9":92,"012de09c":68,"4930f321":66,"08a561b7":68,"ad303bda":82,"44ff8baa":71,"f734c84c":97,"debe1f65":82,"9d0546ac":73,"288d171f":69,"4dac6b20":58,"7f86be64":80,"261c9911":86,"df81ddee":71,"fe578280":73,"cc11fef9":85,"f121b82c":79,"77300e4a":69,"4279e829":88,"972f4174":89,"110b1ee3":82,"f3992a31":76,"40a745c0":79,"1e7753d9":88,"c8977844":80,"fe1d4419":80,"8dd2684c":77,"bc021def":88,"2dda3936":77,"a77e8461":73,"f3d68430":78,"30dd2edc":77,"21ee2afe":84,"5339e1e9":72,"8274885a":82,"3a204e56":81,"5410e9c6":83,"eda6a690":62,"3712c4bd":65,"8dc9b4db":79,"ee75b607":78,"6a7392d5":68,"a8c93bed":77,"bb00e71c":64,"9b546d65":69,"1bb4ccc0":72,"a0685bf3":87,"7fef9973":77,"54d7de6b":83,"bd62d7ed":66,"92ca52b7":76,"ea4d3f3e":81,"0e2b5d2f":80,"5acce642":76,"20e470e0":78,"65a00a3c":75,"e786063b":69,"ba30e43a":90,"e5d3655c":82,"1623fc9f":73,"4c39240e":77,"08a06557":96,"59431390":75,"90731976":74,"8d753bb6":64,"6db0ea86":79,"bbe71605":65,"489a39f7":68,"f9c15fcc":80,"08a4c3f8":77,"8298e976":90,"fa55f27a":89,"50312237":70,"f1862e79":62,"93fdbb44":62,"c6c85783":84,"1d790491":73,"04643409":85,"97e75c19":85,"0f1ac912":62,"1f7607df":58,"9ab755d3":66,"084cbc0b":68,"6751d8e4":88,"911e770b":79,"fd369c21":81,"bca2d7cd":73,"af034fee":66,"68562193":58,"b7cc7909":70,"40860a4b":64,"d102b0c6":58,"4f5e3e7d":66,"26c6fa34":72,"74e01f6a":72,"03dcfa3d":75,"aefe13f5":80,"946df4fd":79,"a43061ee":68,"8ac72326":66,"b2cfdbcf":71,"95539a58":57,"0a1d11e6":62,"87083264":77,"95904ac4":92,"a851891c":64,"6a5b71b4":80,"00a17b46":70,"3f75d3bc":86,"aa76bc50":67,"0d7d88f1":67,"7566fdd6":81,"08a561b7":69,"a0bc1ceb":71,"ecfa8249":82,"201cafad":70,"53747a91":79,"df81ddee":72,"77898c22":62,"ccb5ea3e":64,"f4343817":76,"0a92153e":80,"4e3f5178":81,"8942c35b":81,"8e780922":74,"58d46189":82,"0da28f5b":84,"5ccf94d6":72,"80a8a56d":72,"94a2fe10":72,"5e193fc8":76,"bb8a6337":68,"1ed46298":90,"72805bf5":69,"8dd2684c":78,"4d35385e":73,"88432019":71,"f87c5031":65,"9e206c95":89,"25a7a0a3":77,"3661e12d":69,"5781776a":80,"d1676e89":74,"fb7b7b3c":85,"fe1d4419":81,"b1f58563":76,"dc583e64":79,"c7ab83c1":62,"2352c8ef":66,"d815c5b4":91,"e4c312fe":74,"0f89862c":76,"ee21ad02":83,"e35a63cd":77,"a567ace4":78,"9d4f1fe6":64,"ba5c52af":77,"7735c3c2":71,"dae0f922":77,"ebdbf580":70,"c2bb8aae":68,"142d6987":78,"5f620a1e":84,"dac109cf":70,"b7505747":83,"7e76c93c":86,"0a2f71bc":62,"3fdb08f5":73,"a577db1c":61,"a4dafea5":68,"fb44fa9c":87,"e7e82473":94,"013ee301":76,"7732eb1e":91,"d0c0fc08":67,"4945c851":86,"50312237":71,"31d74eee":66,"8ec3834d":87,"6adce358":85,"ccf8b803":66,"04643409":86,"e99318a3":66,"d957f027":68,"1f342a00":81,"dd7acb96":73,"39ba00f0":76,"7028b044":71,"aec074c4":86,"f271ed5d":79,"6a3eaf43":76,"07fc4a9a":78,"3d1af513":85,"fe0df575":87,"761cf820":73,"31f6d707":88,"8493f3b2":81,"ac62fac2":87,"2a76f1dd":61,"6ee92259":81,"eebc8d43":80,"a502c93c":68,"195eb771":73,"ba938220":67,"385ab7c6":75,"71e53c93":79,"a06a6430":72,"08a561b7":70,"ac030e74":65,"5f96c2bc":63,"4bc46d7a":75,"67c57de4":100,"3c0df8b4":80,"7fb4c521":71,"10ec5a0b":75,"00a481e3":83,"eed20185":80,"9fc713b0":74,"feb67030":70,"44ff8baa":72,"7d112f4d":78,"da3437cd":64,"c8dc010f":86,"d25e0f8d":78,"f4343817":77,"685207b3":79,"501db4de":73,"b2bd8fd3":69,"35b58ef9":68
1604737509698,"1ed46298":91,"4125085e":77,"2ab62345":68,"7af9d3b1":87,"64db4feb":88,"74e3d13e":72,"68562193":59,"eeaa2d46":77,"ccdd1ce6":70,"09560615":59,"6cba74ce":70,"4d35385e":74,"865d9857":57,"3f65f121":80,"9d9dd9e5":71,"cb6c9e42":90,"bf822e33":77,"1a0189c4":71,"8ec3834d":88,"650bb0e0":77,"66d94227":68,"2c01e624":69,"272c7672":76,"aaa274a5":78,"88b3bc99":73,"884b0ad1":78,"835358a0":63,"84b67924":79,"f94bf9ea":72,"3c18f28e":72,"5774ac0d":84,"72805bf5":70,"bc3dc66a":77,"5a734022":71,"6632fed0":80,"1a68160d":75,"3f9b5722":68,"79f04300":76,"b6591e25":71,"53431634":88,"30dbfc69":74,"6b78ad7f":85,"94a2fe10":73,"4b4ecbce":68,"0af920d8":58,"31408822":67,"1f11812e":71,"a33fe0dd":85,"b5ce0c0c":78,"5f620a1e":85,"7e76c93c":87,"e3547548":61,"92f800f5":73,"3fdb08f5":74,"140ce69e":74,"21ee2afe":85,"1757a30e":70,"20958d58":72,"8721056e":65,"ad2d7bed":81,"92ca52b7":77,"f56ac638":62,"8007f30e":51,"d929098e":57,"11b2c8d9":74,"d83870f5":71,"7fdc2007":72,"c0b23081":83,"30dd2edc":78,"d6320619":77,"d1715f3b":80,"623c6a31":75,"be4f8ba8":71,"17807120":75,"d8475b95":55,"bf822e33":78,"394dc144":77,"48efc739":93,"9d63c4dd":68,"23760167":67,"8ec3834d":89,"99e171db":77,"19551bad":76,"730a4938":81,"49cb2959":81,"a5fd8ffd":79,"87083264":78,"00a481e3":84,"869cbaa0":87,"2ce1af05":66,"2c6cb96f":62,"ec110282":81,"7a840529":53,"fd482491":86,"cb142908":70,"af7e5be8":76,"dd035d2a":71,"faf4f98b":77,"c318d350":81,"1951480c":77,"a40846b7":81,"5b60dd1d":79,"26f99a1e":78,"5099c6a0":88,"d599b566":90,"8657c79d":87,"9ab755d3":67,"284544ba":82,"508aac3d":79,"d3a669ac":88,"3c6692a3":87,"72d7b461":78,"35aa7fd0":89,"540df50f":84,"68562193":60,"7af9d3b1":88,"725dce8b":81,"deb31f35":83,"c8dc010f":87,"79e4fa1c":68,"4e5aaaec":67,"ded7da5a":79,"2ad42a9e":70,"e2cbe594":66,"5fa12feb":77,"dbc9df44":59,"a4296d1e":80,"26ed1a5c":75,"06ee61b6":65,"f121b82c":80,"1e191c98":57,"f883d582":71,"c5b35e4d":70,"1e7753d9":89,"f2086446":78,"e62d705f":67,"a836aa93":76,"31408822":68,"66b7b5b4":72,"08a06557":97,"d9d7c4c2":80,"5ab7bc35":79,"181c3dd5":73,"831c7b85":74,"12dd6f5e":65,"8d753bb6":65,"8aa78e2f":66,"49910300":72,"fb44fa9c":88,"50312237":72,"cf84fb54":82,"358e45b1":81,"0be540c5":74,"336d0f08":83,"6db0ea86":80,"c7c4ec5c":64,"a533489b":84,"34658473":73,"fa55f27a":90,"9fc713b0":75,"cac4449a":63,"ae8a09c4":80,"ad8f85d6":80,"9de29816":66,"d6320619":78,"51f57142":84,"08c6b5d2":75,"140ce69e":75,"bb99c79c":73,"7e76c93c":88,"b320feb9":70,"7be025ce":71,"7043382d":78,"31d74eee":67,"90d52475":74,"b8ab8e6e":74,"254cc28c":81,"5a0eb771":74,"5957df9e":70,"25d1b2d8":75,"17807120":76,"792cfcbd":63,"87922532":77,"7ee148e9":68,"095ab3b4":63,"83086d4c":79,"317c1591":73,"27f52ed3":93,"19f9ca86":82,"578f6e9e":82,"dc0c8b09":83,"87c462ee":79,"c1bb74f2":72,"bb00e71c":65,"fee32863":73,"f67de058":71,"6775d5cd":71,"c6dc900c":54,"d83870f5":72,"50b558a7":61,"e0e48a2d":80,"4652b09a":89,"537634c9":65,"7fef9973":78,"8ac72326":67,"7e95c5a0":64,"4abb7aed":74,"af7e5be8":77,"00a481e3":85,"61145ec9":86,"f1df62b4":69,"731fc335":60,"b73e789c":70,"d9d0c567":74,"4930f321":67,"f905a555":68,"a85d89cc":70,"b947257e":90,"2a06ab95":81,"2c01e624":70,"835358a0":64,"dd7acb96":74,"fb7482fe":72,"c0e2624b":69,"bc3dc66a":78,"6bc5d32a":89,"4295ce9a":83,"da3437cd":65,"18d20aa1":69,"c8dc010f":88,"6b78ad7f":86,"27d8bf51":79,"4b4ecbce":69,"2b3c49b9":80,"acac14fb":68,"66b7b5b4":73,"0a92153e":81,"0d5ee801":64,"b215547b":70,"1f11812e":72,"b2c25d1c":73,"dae0f922":78,"cd3bbe7e":80,"e9679ede":70,"026766f3":71,"9316e7e8":60,"42c80e69":82,"31f6ba51":73,"c64de0c0":66,"8d04852b":76,"5eaa1581":73,"bfcb912a":76,"0be540c5":75,"1f88a4b7":85,"e7e82473":95,"f277386e":60,"07fc4a9a":79,"d0b297b2":68,"ea274174":83,"7732eb1e":92,"5f8517b7":91,"e36dfd6f":67,"5ee911b5":73,"8323d333":64,"06073f13":76,"9e878ec2":96,"51f57142":85,"7d6895f4":72,"be4f8ba8":72,"ac38a6a5":79,"217c0327":53,"f2ca27d9":70,"88432019":72,"caddd0a7":86,"62d1d346":61,"b7505747":84,"30c5d755":85,"3fdb08f5":75,"259930ee":84,"aa021138":82,"c81b2bcf":69,"25d1b2d8":76,"91d52a55":77,"b8ab8e6e":75,"254cc28c":82,"37fbb107":89,"9ceb5439":68,"55928ef1":81,"33d6bb6a":65,"8b5a8e9f":93,"f0a06216":72,"f2e3c0e3":65,"6c20c153":71,"19551bad":77,"8bc04eb5":62,"8063df14":67,"1c0a9eff":72,"cc5a1d47":66,"74c26380":72,"f56ac638":63,"2352c8ef":67,"e4cfef0a":64,"906fdec3":66,"e382ec3f":65,"781ace7d":71,"95d331b1":64,"e57d5cda":87,"4bc46d7a":76,"ae95f2ba":90,"b73e789c":71,"42cd2360":65,"3c0df8b4":81,"7218c9f1":60,"f1df62b4":70,"00a481e3":86,"1c3a30c5":71,"12a2cd4b":82,"458dcc3d":80,"e6fac295":63,"bc392d1c":70,"ac62fac2":88,"b2bd8fd3":70,"d1676e89":75,"836701f6":64,"f6fe095d":90,"004f1ef3":84,"f2470875":87,"e45b4b53":64,"6ce84ff8":69,"fd369c21":82,"b7832271":76,"50c3164b":82,"ef1c2dcb":74,"26dd2000":75,"c650b434":86,"e1f0dbfd":78,"f9f2c53f":66,"c45d554f":77,"c455f40e":67,"80a8a56d":73,"27d8bf51":80,"be2955bb":72,"501db4de":74,"b215547b":71,"cc11fef9":86,"d70ca4f4":85,"77300e4a":70,"30dbfc69":75,"9b172ca8":66,"8e99d5d0":82,"ddec9e54":70,"bb98a6cf":90,"bca2d7cd":74,"aa5dfdf5":76,"a625328f":86,"68562193":61,"c64de0c0":67,"71279c46":67,"5ac86fb9":79,"dc473de1":70,"ed4fad08":80,"181c3dd5":74,"8cf83787":68,"6d802fa2":70,"d36125db":83,"7732eb1e":93,"e8f173b5":69,"b36a0d66":63,"50312237":73,"f9c15fcc":81,"88a30343":78,"db0a661e":79,"fe0df575":88,"d102b0c6":59,"82b81567":70,"4ea4a2a1":89,"15620dca":87,"e9adbe58":74,"49902219":88,"ccdd1ce6":71,"f4634d0b":64,"902f49f5":75,"014460b9":95,"c015ec5a":71,"44c77422":79,"28d40296":56,"e5d3655c":83,"868cda42":69,"a81a857c":73,"ec2cb1af":74,"0e036ae9":91,"945b63f0":93,"97e75c19":86,"77bae750":67,"a939b50b":75,"f66616b7":69,"a983a6dc":74,"cfafcda8":74,"2bcca6a7":93,"9a07d89b":84,"be3a10f8":80,"afe8e06a":68,"4258c176":73,"062179c1":76,"ae99df30":76,"6c20c153":72,"a66a2d8a":84,"1a442bc7":76,"37d0cae2":75,"7ee7621c":73,"ffa08d82":82,"9aa6a054":74,"4abb7aed":75,"51a3e9c2":77,"7c0a2db6":77,"e57d5cda":88,"30b6808c":66,"3f75d3bc":87,"af7e5be8":78,"2c6cb96f":63,"d4ee22a4":84,"d5dae4c4":86,"43d87483":75,"5f96c2bc":64,"2dd0e808":71,"bda8cdfb":79,"91d52a55":78,"cf52025e":70,"6ebe2354":64,"a636f4c9":92,"aa00769b":87,"a0bc1ceb":72,"87922532":78,"ad8f85d6":81,"d599b566":91,"0a96f57a":83,"df81ddee":73,"4295ce9a":84,"18d20aa1":70,"201cafad":71,"5a622a23":68,"ab7467de":91,"5e193fc8":77,"d548635d":72,"508aac3d":80,"1f7607df":59,"9147702f":67,"88b3bc99":74,"c0e2624b":70,"9fa62fee":72,"b7832271":77,"71a2a493":52,"9b3f8714":79,"51f80f4c":80,"7af9d3b1":89,"af034fee":67,"0ecfa1c9":72,"6632fed0":81,"2203f259":79,"3712c4bd":66,"971675c5":84,"77d35808":76,"5099c6a0":89,"7ee148e9":69,"95f6db13":66,"8d753bb6":66,"de36827b":94,"1138796e":79,"379184a7":86,"92d38723":82,"411b5027":75,"3d1af513":86,"0b5a0408":70,"013ee301":77,"c7c4ec5c":65,"f1862e79":63,"b7407bd3":66,"49bf2e95":58,"2cb29e5a":86,"affb82bf":79,"34c5c729":75,"f4634d0b":65,"655954ba":73,"dae0f922":79,"d634aa28":94,"ebdbf580":71,"751bcf25":74,"168e75d9":73,"9316e7e8":61,"145c7559":84,"0c0e98ea":65,"c2bb8aae":69,"b7505747":85,"2154b6e8":70,"a33fe0dd":86,"014460b9":96,"c4e70c07":75,"92f800f5":74,"4777334c":66,"18815a1b":74,"315537b2":71,"88432019":73,"9c045c61":78,"3f65f121":81,"78467b8a":86,"dc0c8b09":84,"30c184b8":83,"20958d58":73,"730a4938":82,"be3a10f8":81,"88ce179e":85,"7af262e5":78,"d929098e":58,"4c0e547b":74,"a6b5e869":71,"87c462ee":80,"7a4c064c":84,"49cb2959":82,"4b125e7b":81,"95904ac4":93,"7fb4c521":72,"b3f19a69":73,"08a561b7":71,"53b4e647":89,"619fda68":87,"906fdec3":67,"e865e4dd":72,"cb142908":71,"b9be31d6":73,"616d6dd6":77,"87083264":79,"dd035d2a":72,"5957df9e":71,"d5557fb4":83,"bf822e33":79,"ac62fac2":89,"dd1fcb17":70,"dfc89705":76,"4b4ef7fa":73,"c27969ec":78,"03dcfa3d":76,"a543ec74":76,"6adce358":86,"48efc739":94,"527ff946":80,"47d27624":76,"70594a28":71,"9a80f004":67,"40e79dd3":69,"93e8cee5":87,"21ad2f34":69,"92efd84f":76,"911e770b":80,"5747db6e":82,"8cd78f77":85,"e58b26f6":78,"9147702f":68,"a625328f":87,"47cfba38":70,"74e3d13e":73,"bc3dc66a":79,"39bbc4bc":89,"e7773397":63,"e238f09b":75,"2203f259":80,"26f99a1e":79,"e45b4b53":65,"5099c6a0":90,"0be540c5":76,"06ddafc7":63,"d36125db":84,"d102b0c6":60,"32c9fc47":74,"159ffd0b":56,"de11eb19":93,"6291e9e9":74,"b7407bd3":67,"57d5dee8":83,"288a2c43":72,"b7cc7909":71,"35aa7fd0":90,"7bebff03":63,"20777945":69,"5e193fc8":78,"f3992a31":77,"a3253019":72,"a4f1d83b":78,"53431634":89,"3498f223":66,"1e7753d9":90,"1a2ec5d7":77,"168e75d9":74,"8942c35b":82,"145c7559":85,"a68a93b2":69,"751acea8":69,"08a06557":98,"6f81493d":74,"75ffea08":76,"5f620a1e":86,"7e76c93c":89,"d141db49":69,"d9d7c4c2":81,"ea6de194":74,"9e206c95":90,"af157d29":75,"9c045c61":79,"f2f58418":65,"22176537":70,"6de0aaac":63,"8b5a8e9f":94,"831c7b85":75,"7fdc2007":73,"13b53c7a":74,"9b546d65":70,"d39724bc":73,"7fef9973":79,"5f4102da":79,"7f6d1d0e":93,"50b558a7":62,"f56ac638":64,"b9be31d6":74,"195eb771":74,"1757a30e":71,"3f75d3bc":88,"597c1f81":68,"7d6895f4":73,"449d8475":70,"554ebb83":72,"a3d4a0e5":83,"8d000d6e":71,"b2a8761b":75,"3a1b9af5":71,"a5aee5de":91,"cac4449a":64,"c609739e":80,"12a2cd4b":83,"64a7f79f":67,"b7df1559":83,"cbad3b92":90,"23760167":68,"44a4f7cd":69,"088feee2":82,"bad1a1cc":63,"0f1ac912":63,"c6c85783":85,"79be29c8":71,"a5fd8ffd":80,"869cbaa0":88,"49cb2959":83,"aa187e3b":68,"9c29f0ed":87,"3c0df8b4":82,"4d9b0b10":75,"4bc46d7a":77,"0d28db94":68,"b28a5e67":80,"67c57de4":101,"98915a1f":60,"2f455cce":76,"2a06ab95":82,"9ab755d3":68,"39ba00f0":77,"6751d8e4":89,"22234d6b":79,"004f1ef3":85,"f5cd79c1":67,"83086d4c":80,"f6fe095d":91,"a58bf525":77,"8274885a":83,"016953e4":84,"162a7348":78,"47cfba38":71,"af034fee":68,"72805bf5":71,"e9a8cf11":73,"64db4feb":89,"725dce8b":82,"972f4174":90,"2209903e":74,"20e470e0":79,"142d6987":79,"1a2c020b":69,"5a622a23":69,"bfad1727":70,"b6591e25":72,"a4296d1e":81,"24ffcbd3":84,"f2086446":79,"430a5db5":86,"3ef7432b":77,"9b172ca8":67,"014460b9":97,"61f25dd4":87,"a33fe0dd":87,"06ee61b6":66,"a0cca8b7":67,"b7434f57":66,"026766f3":72,"f734c84c":98,"65a00a3c":76,"c7313e0a":84,"d141db49":70,"e2cbe594":67,"c0b0f492":86,"c015ec5a":72,"21ee2afe":86,"fd6dcb20":71,"53a8613c":96,"19551bad":78,"9a3ab0b8":61,"6c486702":83,"831c7b85":76,"6775d5cd":72,"fea793f5":74,"cd522166":89,"20811ddf":69,"f67de058":72,"dc0c8b09":85,"f56ac638":65,"04bef50c":53,"d83870f5":73,"af157d29":76,"e9adbe58":75,"ec2cb1af":75,"172217e5":82,"28d41578":72,"f5829ac0":77,"6f0fcb9d":84,"d9dcdc4b":95,"8f2a7d69":70,"3c782bb3":71,"6c73ae98":69,"792c9b6a":60,"e0f7679f":64,"c4aa1e38":65,"0b5a0408":71,"4ba6eb36":77,"b7407bd3":68,"49bf2e95":59,"03dcfa3d":77,"48655f09":95,"4b4ef7fa":74,"d8475b95":56,"2c24d929":85,"946df4fd":80,"a0b03218":77,"254cc28c":83,"6e98dfda":74,"2a387957":83,"4ed01268":71,"04643409":87,"36b7003c":93,"c67979e6":90,"e4c312fe":75,"91f7ef72":75,"db8ba455":84,"cc5a1d47":67,"74c26380":73,"abd32136":75,"ae95f2ba":91,"810aa5e9":71,"e28c2efc":69,"ec110282":82,"8db5a165":62,"30b6808c":67,"2dd0e808":72,"7a4c064c":85,"87083264":80,"1f7607df":60,"aec074c4":87,"2f455cce":77,"c95719e5":69,"8dc9b4db":80,"d1676e89":76,"fe1d4419":82,"317c1591":74,"09f0db62":102,"016953e4":85,"272c7672":77,"1f342a00":82,"39ba00f0":78,"9147702f":69,"bb8a6337":69,"6867261a":69,"76f3a3be":72,"af034fee":69,"081460bf":80,"c93c3508":57,"0ecfa1c9":73,"c8dc010f":89,"e1f0dbfd":79,"6490bac6":69,"6bc5d32a":90,"70594a28":72,"5c82d1ce":75,"5a622a23":70,"34c5c729":76,"be2955bb":73,"fe578280":74,"58d46189":83,"104721f0":73,"0841052c":72,"c21ab51e":57,"db703021":69,"cb51f134":84,"1e232870":83,"6f81493d":75,"5272520d":70,"61f25dd4":88,"30fdcd3b":74,"75ffea08":77,"e5d3655c":84,"3bad3c95":55,"ea6de194":75,"a577db1c":62,"dd3913d2":69,"dfcc2ad1":90,"b102f7bd":79,"54d7de6b":84,"91b28f83":76,"be3a10f8":82,"ea4d3f3e":82,"7bda83dd":76,"ccdd1ce6":72,"8cc4a982":71,"18815a1b":75,"a77e8461":74,"8dd2684c":79,"51f57142":86,"b84a06eb":75,"8aa78e2f":67,"1138796e":80,"336d0f08":84,"6291e9e9":75,"45b038bb":98,"d9dcdc4b":96,"b7407bd3":69,"b36a0d66":64,"06ddafc7":64,"db0a661e":80,"ef16ca37":77,"c4aa1e38":66,"2e99f8fd":67,"4b4ef7fa":75,"b6aaf976":86,"cac4449a":65,"64a7f79f":68,"bad6cdb1":77,"87922532":79,"03c398d2":79,"bb99c79c":74,"868cda42":70,"caddd0a7":87,"93fdbb44":63,"66d94227":69,"90d52475":75,"1a0189c4":72,"f2364460":87,"5d087c79":76,"6adce358":87,"bf30a08f":86,"c6dc900c":55,"e4c312fe":76,"2a76f1dd":62,"ae99df30":77,"00cf385d":90,"5f96c2bc":65,"0d28db94":69,"6e44927f":63,"621d6b18":86,"2c6cb96f":64,"30b6808c":68,"012de09c":69,"ae95f2ba":92,"00a481e3":87,"56473430":81,"b73e789c":72,"4930f321":68,"f3a0c2ee":72,"faf4f98b":78,"b1f58563":77,"3a204e56":82,"5781776a":81,"9a3cc55d":63,"3c43e8a2":77,"312f7676":80,"5410e9c6":84,"d1ca5d6b":84,"fd07e0ed":73,"d3a669ac":89,"4bcd4a30":96,"284544ba":83,"cbb54a0a":64,"50c3164b":83,"0681c48e":82,"6867261a":70,"68562193":62,"feb67030":71,"07107f6e":77,"6bc5d32a":91,"c650b434":87,"4e5aaaec":68,"df81ddee":74,"d25e0f8d":79,"6fb4cdda":88,"b3863630":66,"104721f0":74,"c0fea118":76,"a68a93b2":70,"bb98a6cf":91,"e0154608":64,"30d84dce":68,"8e99d5d0":83,"b7434f57":67,"efe84c27":67,"9316e7e8":62,"1f11812e":73,"381c68fa":79,"3fdb08f5":76,"04ea5673":80,"8cddb65e":78,"17446892":73,"227006e4":74,"c64de0c0":68,"82204d54":71,"8721056e":66,"22ecaed0":66,"3661e12d":70,"17b08923":75,"159ffd0b":57,"e36dfd6f":68,"5f8517b7":92,"2cce4fb2":82,"92d38723":83,"e81834aa":86,"3652bd66":75,"8298e976":91,"761cf820":74,"d36125db":85,"4ea4a2a1":90,"8c6e001f":63,"d0b297b2":69,"d82592f4":74,"be1746a0":64,"aa00769b":88,"87922532":80,"affb82bf":80,"2dda3936":78,"865d9857":58,"9c045c61":80,"f5596d0f":84,"fce3c5c6":66,"25776fc4":86,"24ffcbd3":85,"92f800f5":75,"f8b31ce5":100,"bf822e33":80,"aff8e442":78,"d5557fb4":84,"c6c85783":86,"e15fd611":59,"0f1ac912":64,"36684155":73,"8f10fa42":90,"4652b09a":90,"4c0e547b":75,"dffa7793":59,"9d4f1fe6":65,"92ca52b7":78,"11b74e63":70,"a66a2d8a":85,"7735c3c2":72,"25a2844e":77,"88ce179e":86,"1c0a9eff":73,"3c0df8b4":83,"50c468ba":70,"af7e5be8":79,"5f0c1b9d":88,"8a165e17":81,"753ca352":65,"053f3451":75,"74c26380":74,"781ace7d":72,"6034b6d0":81,"4d9b0b10":76,"52eca0dc":78,"731fc335":61,"8ac72326":68,"35b58ef9":69,"99d130c9":83,"4febf7c5":84,"6085137f":54,"f5cd79c1":68,"83086d4c":81,"e45b4b53":66,"5781776a":82,"5099c6a0":91
1604737510588,"d25e0f8d":80,"8ea21393":72,"3ef7432b":78,"5a622a23":71,"9d0546ac":74,"4eed1bea":78,"a851554d":88,"3498f223":67,"5e193fc8":79,"69134f07":73,"9b172ca8":68,"c2bb8aae":70,"94a2fe10":74,"be2955bb":74,"3f9b5722":69,"b3863630":67,"142d6987":80,"a836aa93":77,"751bcf25":75,"d70ca4f4":86,"93683c82":70,"7043382d":79,"5ab7bc35":80,"9bdf362a":67,"a577db1c":63,"259930ee":85,"c8fcad77":75,"ffc86f94":64,"09ff339a":60,"bfad1727":71,"a66a2d8a":86,"478d2d4f":89,"ba5c52af":78,"be3a10f8":83,"1a442bc7":77,"1c0a9eff":74,"33d6bb6a":66,"4652b09a":91,"dc0c8b09":86,"50b558a7":63,"a6b5e869":72,"04bef50c":54,"d815c5b4":92,"79be29c8":72,"a0cf08b3":67,"7a840529":54,"abc1d7ad":85,"2b698053":70,"b9be31d6":75,"f789f6d8":88,"619fda68":88,"6023df54":76,"83b2f9c5":85,"95539a58":58,"597c1f81":69,"d9d0c567":75,"74c26380":75,"faf4f98b":79,"5c82d1ce":76,"20777945":70,"daab45c6":77,"26dd2000":76,"2ad42a9e":71,"f598a332":74,"77898c22":63,"53431634":90,"a24e6670":80,"8b2b601d":74,"b552beb3":72,"5a0ead91":67,"90731976":75,"b35e9e1a":102,"1438fad7":76,"7ae3fc50":70,"4ff2225d":72,"28d41578":73,"8245f916":60,"f9c15fcc":82,"45b038bb":99,"554ebb83":73,"34c5c729":77,"efe84c27":68,"430a5db5":87,"0a92153e":82,"19e9776f":85,"704bce0d":73,"79f04300":77,"c8977844":81,"d70ca4f4":87,"0af920d8":59,"f1b493de":88,"906632cb":71,"aa021138":83,"fce3c5c6":67,"fbdffc95":67,"2af60749":82,"b7505747":86,"0a2f71bc":63,"719c8869":89,"59c1e594":84,"27c8e038":83,"24d24fa3":74,"ac62fac2":90,"f1098793":77,"a0bc1ceb":73,"aa00769b":89,"317c1591":75,"eda6a690":63,"a40846b7":82,"09f0db62":103,"72d7b461":79,"d3a669ac":90,"2180f99b":78,"88b3bc99":75,"9fa62fee":73,"5a07fc2e":69,"b5763ff6":62,"c852d240":76,"5ac86fb9":80,"e4714415":86,"0681c48e":83,"32133249":82,"60d6cee2":78,"f94bf9ea":73,"8721056e":67,"33d6bb6a":67,"8f10fa42":91,"dd3913d2":70,"bec9d329":85,"733c86f8":74,"d78dd457":67,"d929098e":59,"9a07d89b":85,"7ee7621c":74,"87c462ee":81,"ad2d7bed":82,"cb4f262b":75,"3b2dee89":72,"91f7ef72":76,"d83294cd":73,"597c1f81":70,"83b2f9c5":86,"781ace7d":73,"621d6b18":87,"52eca0dc":79,"9c29f0ed":88,"a06a6430":73,"a851891c":65,"74c26380":76,"77bfed7e":71,"f905a555":69,"af7e5be8":80,"4e5aaaec":69,"e21c6207":71,"21ad2f34":70,"836701f6":65,"016953e4":86,"6085137f":55,"0114160e":80,"06ddafc7":65,"11888cfa":71,"5a0ead91":68,"5678ed7b":90,"9263c525":73,"1438fad7":77,"1be05c14":65,"31f6d707":89,"d6db2b02":84,"608bc832":69,"8323d333":65,"b4fdf90e":76,"336d0f08":85,"daab45c6":78,"debe1f65":83,"655954ba":74,"c650b434":88,"e1f0dbfd":80,"c5b35e4d":71,"f3992a31":78,"696fdac5":81,"0841052c":73,"180377be":82,"9b172ca8":69,"12dd6f5e":66,"3454fa2b":72,"22ecaed0":67,"6d339d45":67,"546f6845":82,"49902219":89,"25a7a0a3":78,"6e98dfda":75,"088feee2":83,"a983a6dc":75,"449d8475":71,"9d63c4dd":69,"44a4f7cd":70,"5a0eb771":75,"1e191c98":58,"8e780922":75,"58d46189":84,"1e232870":84,"d033db8d":75,"d0c104c4":58,"be40590d":76,"9bdf362a":68,"aab4d996":74,"7be025ce":72,"e786063b":70,"65a00a3c":77,"92f800f5":76,"b320feb9":71,"71bc1295":76,"73b15e04":76,"d82592f4":75,"12271e14":72,"a5aee5de":92,"aefe13f5":81,"0f72f2d8":72,"26c390d6":69,"92efd84f":77,"bca2d7cd":75,"2c627253":73,"fd07e0ed":74,"d552eb2f":77,"3062379b":62,"5ac86fb9":81,"c852d240":77,"42c80e69":83,"51f80f4c":81,"bfcb912a":77,"c9efc8f6":73,"0681c48e":84,"c463799d":85,"a0685bf3":88,"bd62d7ed":67,"cd522166":90,"8007f30e":52,"cfafcda8":75,"bd2705b0":92,"1105f790":79,"cb4f262b":76,"79be29c8":73,"ea4d3f3e":83,"1757a30e":72,"2dd0e808":73,"c8113b77":64,"a851891c":66,"b9be31d6":76,"5b5fc566":67,"42cd2360":66,"b0869206":80,"d83294cd":74,"95539a58":59,"781ace7d":74,"9496f56f":81,"cf1b8c47":81,"a472532e":67,"abd32136":76,"fe44fc6f":77,"f7231212":75,"ecfa8249":83,"a0cca8b7":68,"317c1591":76,"7ee148e9":70,"71ff66e8":74,"77d35808":77,"e238f09b":76,"312f7676":81,"437fc3ec":78,"1138796e":81,"a3d4a0e5":84,"fb44fa9c":89,"1be05c14":66,"9e878ec2":97,"a24e6670":81,"e0e6a097":70,"d6db2b02":85,"b377a62a":66,"28d41578":74,"c7c4ec5c":66,"5f8517b7":93,"67f6e4f2":78,"3d1af513":87,"daab45c6":79,"51c57542":82,"ded7da5a":80,"7b6a7048":77,"ebdbf580":72,"288d171f":70,"2ad42a9e":72,"12dd6f5e":67,"3454fa2b":73,"d6320619":79,"ac38a6a5":80,"3f65f121":82,"08c6b5d2":76,"175bc6b2":67,"44a4f7cd":71,"39a2fcce":66,"b88033fd":84,"f66616b7":70,"794f652b":74,"99e171db":78,"23760167":69,"69d4b754":74,"b7434f57":68,"53431634":91,"5272520d":71,"655954ba":75,"31408822":69,"751bcf25":76,"c5b35e4d":72,"1247fa52":74,"30d84dce":69,"ca6d2d91":77,"61f25dd4":89,"62d1d346":62,"b5ce0c0c":79,"fbdffc95":68,"44c77422":80,"e3547548":62,"859545e6":63,"4777334c":67,"99d130c9":84,"27c8e038":84,"56752a4a":68,"64a7f79f":69,"4cc141fa":61,"b460f030":90,"aa00769b":90,"dd7acb96":75,"84b67924":80,"d3a669ac":91,"2c01e624":71,"8cd78f77":86,"d744bee2":72,"9ab755d3":69,"227006e4":75,"b35bb8a1":65,"0681c48e":85,"40860a4b":65,"71279c46":68,"b230e8d3":75,"03b4ab60":79,"9d023afb":84,"831c7b85":77,"55928ef1":82,"bf30a08f":87,"7af262e5":79,"afe8e06a":69,"37d0cae2":76,"9a07d89b":86,"bb00e71c":66,"a66a2d8a":87,"ea4d3f3e":84,"61145ec9":87,"ba938220":68,"7735c3c2":73,"76f94eda":74,"da04caac":76,"e4117b3b":61,"7e95c5a0":65,"dc03ebd2":95,"6d61bf13":68,"f2470875":88,"d599b566":92,"8dd649a3":66,"5623817d":78,"363590c7":75,"d1676e89":77,"a6bcb07e":87,"e81834aa":87,"26009d3f":70,"40569362":80,"b8397293":64,"1db42092":84,"a63bddd4":88,"d3e84616":91,"3661e12d":71,"8dd2684c":80,"315537b2":72,"623c6a31":76,"2cb29e5a":87,"31d74eee":68,"d5557fb4":85,"26dd2000":77,"2ad42a9e":73,"7e8e1c3d":68,"7b6a7048":78,"f121b82c":81,"6bc5d32a":92,"c4feee5b":77,"ab7d4c9a":73,"e21c6207":72,"501db4de":75,"44ff8baa":73,"30d84dce":70,"470d50c2":75,"b6591e25":73,"168e75d9":75,"3b690f68":90,"4c4aa2e2":79,"059d6c19":92,"58d46189":85,"67c57de4":102,"04cc7cbe":69,"345c9967":71,"9aa6a054":75,"abc1d7ad":86,"cc5a1d47":68,"7ae34c64":84,"a0cf08b3":68,"c803b4a3":79,"c3e6ef01":82,"20e470e0":80,"4c39240e":78,"d6f0d94a":65,"7be025ce":73,"868cda42":71,"28d40296":57,"2d1e1e9d":74,"3d1af513":88,"5ee911b5":74,"6291e9e9":76,"7732eb1e":94,"8245f916":61,"de11eb19":94,"b35e9e1a":103,"04612878":80,"bad6cdb1":78,"9c58dd76":83,"bc392d1c":71,"27c8e038":85,"87ce8d1d":64,"99d130c9":85,"2af60749":83,"2154b6e8":71,"5d087c79":77,"c81b2bcf":70,"e99318a3":67,"91d52a55":79,"c98d5272":82,"084cbc0b":69,"22234d6b":80,"98915a1f":61,"1f342a00":83,"8cd78f77":87,"b5763ff6":63,"5a07fc2e":70,"57d5dee8":84,"d6d61bfc":83,"b35bb8a1":66,"ba5c52af":79,"062179c1":77,"dd3913d2":71,"b102f7bd":80,"fef750ca":80,"cb4f262b":77,"55928ef1":83,"1c0a9eff":75,"afe8e06a":70,"677c6a09":86,"c0b23081":84,"fea793f5":75,"d929098e":60,"d83870f5":74,"578f6e9e":83,"c0b7e7d7":61,"6b79fec2":69,"e238f09b":77,"ea9bba6b":70,"363590c7":76,"42191b64":64,"0be540c5":77,"ed4fad08":81,"c4bff41f":75,"e9a8cf11":74,"1ed46298":92,"30dd2edc":79,"140ce69e":76,"945b63f0":94,"2dda3936":79,"f3d68430":79,"18815a1b":76,"546f6845":83,"92136ff5":82,"4dac6b20":59,"8ea21393":73,"261c9911":87,"145c7559":86,"a0cca8b7":69,"3007f31f":75,"5be594be":75,"f4343817":78,"90a06ee9":76,"1a68160d":76,"3b690f68":91,"8942c35b":83,"f121b82c":82,"b28a5e67":81,"6034b6d0":82,"aa867541":65,"597c1f81":71,"fe44fc6f":78,"67c57de4":103,"a5676c24":70,"d8e58a8c":85,"87083264":81,"b73e789c":73,"45b5746e":70,"4930f321":69,"a5fd8ffd":81,"d5059415":78,"53431634":92,"467773ac":71,"ab7d4c9a":74,"40a745c0":80,"110b1ee3":83,"c3e6ef01":83,"26ed1a5c":76,"1438fad7":78,"d6db2b02":86,"6f0fcb9d":85,"4ea4a2a1":91,"b84a06eb":76,"0b5a0408":72,"8c6e001f":64,"7732eb1e":95,"fa55f27a":91,"5f8517b7":94,"fb44fa9c":90,"fe0df575":89,"7a2f3f06":68,"9fc713b0":76,"a5aee5de":93,"946df4fd":81,"73b15e04":77,"4cc141fa":62,"742f1425":76,"812b4f15":65,"a577db1c":64,"ea6de194":76,"c81b2bcf":71,"8a52882e":76,"9d63c4dd":70,"25d1b2d8":77,"8ec3834d":90,"1d790491":74,"6adce358":88,"2180f99b":79,"ea822700":62,"3062379b":63,"1f342a00":84,"6a3eaf43":77,"ba30e43a":91,"a81a857c":74,"0a2f71bc":64,"2154b6e8":72,"25776fc4":87,"82204d54":72,"b102f7bd":81,"5f4102da":80,"f67de058":73,"a66a2d8a":88,"5b5fc566":68,"9a3ab0b8":62,"2882a956":80,"b3f19a69":74,"fee32863":74,"9cb4697f":86,"e238f09b":78,"6ce84ff8":70,"0b3283c9":81,"8274885a":84,"a40846b7":83,"f6fe095d":92,"6d61bf13":69,"b947257e":91,"9fa62fee":74,"42c80e69":84,"288a2c43":73,"a6003226":73,"7af9d3b1":90,"c64de0c0":69,"51f80f4c":82,"35aa7fd0":91,"558d5ce7":77,"01d817b8":66,"e9adbe58":76,"7080f122":66,"30dd2edc":80,"315537b2":73,"4d35385e":75,"72b84094":87,"7ee7621c":75,"93b0a158":79,"ee21ad02":84,"ae016053":80,"810aa5e9":72,"b28a5e67":82,"ae95f2ba":93,"aa76bc50":68,"83b2f9c5":87,"195eb771":75,"4f59a322":74,"dc03ebd2":96,"0785820e":83,"629800eb":84,"7566fdd6":82,"ba938220":69,"c8113b77":65,"685207b3":80,"e2a7d915":72,"d548635d":73,"79e4fa1c":69,"21ad2f34":71,"53431634":93,"cc11fef9":87,"e2cbe594":68,"0dad37d5":75,"db703021":70,"6b9eff39":72,"e7abc88d":60,"0a92153e":83,"7e8e1c3d":69,"30dbfc69":76,"58d46189":86,"c0fea118":77,"4360a1a3":84,"d9dcdc4b":97,"26009d3f":71,"411b5027":76,"2cce4fb2":83,"45fb95c1":79,"ea274174":84,"792c9b6a":61,"0114160e":81,"4ea4a2a1":92,"6a60348e":68,"b4fdf90e":77,"b8397293":65,"4f5e3e7d":67,"49bf2e95":60,"c6e3d352":87,"23080895":64,"64a7f79f":70,"804d4dfa":70,"792cfcbd":64,"b7df1559":84,"c27969ec":79,"20e470e0":81,"94a2fe10":75,"e1571af7":78,"1623fc9f":74,"36684155":74,"088feee2":84,"527ff946":81,"842c8340":67,"794f652b":75,"f4b2f575":64,"36b7003c":94,"638cb163":94,"04ea5673":81,"0a2f71bc":65,"c7636527":69,"49b358bd":72,"8063df14":68,"f5e8dfee":87,"eb2e1983":68,"be3a10f8":84,"ea9bba6b":71,"93ac9ca3":73,"6ce84ff8":71,"363590c7":77,"26f99a1e":80,"8dc9b4db":81,"26c390d6":70,"3062379b":64,"72d7b461":80,"6df0b2e8":96,"9ab755d3":70,"aa9ea5e8":70,"a625328f":88,"12534561":64,"92efd84f":78,"40860a4b":66,"4bcd4a30":97,"031e488e":79,"546f6845":84,"5774ac0d":85,"725dce8b":83,"4d35385e":76,"ac38a6a5":81,"e1f0dbfd":81,"ecfa8249":84,"8721056e":68,"e6ec8cbf":84,"04bef50c":55,"4c0e547b":76,"9d023afb":85,"5b5fc566":69,"bd2705b0":93,"935ec056":65,"290b4714":75,"1a442bc7":78,"00a481e3":88,"42cd2360":67,"1d44aff3":80,"30b6808c":69,"93b9fae6":70,"aa867541":66,"7e95c5a0":66,"a5676c24":71,"621d6b18":88,"d9a64845":74,"dd035d2a":73,"e28c2efc":70,"0d28db94":70,"7218c9f1":61,"913a6226":75,"25e0dd3d":80,"d34a29b9":80,"20777945":71,"2e3503e4":73,"93e8cee5":88,"501db4de":76,"5c82d1ce":77,"dbc9df44":60,"8e780922":76,"168e75d9":76,"8db62558":79,"c7ab83c1":63,"95bc84f1":68,"a4dafea5":69,"411b5027":77,"b84a06eb":77,"fa55f27a":92,"b7407bd3":70,"1138796e":82,"d102b0c6":61,"8298e976":92,"5a0ead91":69,"a24e6670":82,"d33790a2":91,"0ac825ed":81,"9263c525":74,"d8475b95":57,"a43061ee":69,"696fdac5":82,"0d5ee801":65,"9d4da635":54,"30d84dce":71,"ddec9e54":71,"b6591e25":74,"bb98a6cf":92,"a77e8461":75,"865d9857":59,"ec2cb1af":76,"affb82bf":81,"bda8cdfb":80,"99e171db":79,"48efc739":95,"36b7003c":95,"f66616b7":71,"50d129cf":72,"842c8340":68,"868cda42":72,"2af60749":84,"719c8869":90,"b320feb9":72,"d6f0d94a":66,"4def63ee":59,"e786063b":71,"b87158fb":83,"b7df1559":85,"4b4ef7fa":76,"b2bd8fd3":71,"946df4fd":82,"b460f030":91,"71ff66e8":75,"ea9bba6b":72,"95d3d348":72,"8dd649a3":67,"b1f58563":78,"2203f259":81,"a40846b7":84,"39ba00f0":79,"1f342a00":85,"383e232d":70,"72d7b461":81,"d552eb2f":78,"1f7607df":61,"3c6692a3":88,"12534561":65,"4911acad":57,"725dce8b":84,"a2c334e7":95,"af034fee":70,"64db4feb":90,"9f5e6cba":86,"bc021def":89,"dfa1a89b":71,"6d339d45":68,"30c184b8":84,"f5e8dfee":88,"9b546d65":71,"a502c93c":69,"8bc04eb5":63,"a8c93bed":78,"4258c176":74,"831c7b85":78,"3b2dee89":73,"8007f30e":53,"cb4f262b":78,"6b82b527":69,"d83870f5":75,"cf1b8c47":82,"07f98660":86,"08a561b7":72,"0d7d88f1":68,"b2cfdbcf":72,"7e95c5a0":67,"ef91eaae":61,"db8ba455":85,"6f39f4d9":93,"ae016053":81,"781ace7d":75,"9f74b8a4":70,"65e4235b":75,"cb142908":72,"f9f2c53f":67,"4e5aaaec":70,"feb67030":72,"2209903e":75,"daab45c6":80,"c5b35e4d":73,"1f88a4b7":86,"6db0ea86":81,"e36dfd6f":69,"e8f173b5":70,"28d41578":75,"4945c851":87,"e0f7679f":65,"336d0f08":86,"9260d96b":87,"db0a661e":81,"b8397293":66,"8d000d6e":72,"36fb15d2":75,"50312237":74,"21ad2f34":72,"4e3f5178":82,"f734c84c":99,"fe578280":75,"0dad37d5":76,"b215547b":72,"ca6d2d91":78,"c7313e0a":85,"381c68fa":80,"c4feee5b":78,"58d46189":87,"74f234c6":76,"4360a1a3":85,"7d6895f4":74,"d2a841c9":62,"18815a1b":77,"01d817b8":67,"50d129cf":73,"e15fd611":60,"5d087c79":78,"394dc144":78,"04643409":88,"088feee2":85,"1634789b":74,"a8726d50":56,"906632cb":72,"a577db1c":65,"c0b0f492":87,"ba30e43a":92,"2045d7d6":68,"cc6bbe45":65,"9e65c0ef":71,"b320feb9":73,"064a99c8":73,"e6fac295":64,"64a7f79f":71,"2198ba8e":70,"d8475b95":58,"2d382981":73,"cf52025e":71,"d599b566":93,"7ee148e9":71,"83086d4c":82,"af0b61ab":78,"2c01e624":72,"5747db6e":83,"be149c6f":69,"508aac3d":81,"7028b044":72,"6867261a":71,"72d7b461":82,"725dce8b":85,"c9efc8f6":74,"c793cdda":75,"61d4782d":79,"5f6613c8":65,"6632fed0":82,"9b546d65":72,"f5e8dfee":89,"831c7b85":79,"1745a0f4":74,"b3f19a69":75,"f67de058":74,"4258c176":75,"fe8f3d36":62,"e6ec8cbf":85,"c1bb74f2":73,"88ce179e":87,"6ee92259":82,"e382ec3f":66,"6775d5cd":73,"7218c9f1":62,"d5dae4c4":87,"fe44fc6f":79,"ac030e74":66,"a5676c24":72,"43d87483":76,"cb142908":73,"d9d0c567":76,"fafb4cc2":100,"e57d5cda":89,"621d6b18":89,"aa867541":67,"61145ec9":88,"2b698053":71,"79e4fa1c":70,"e2a7d915":73,"7d112f4d":79,"92136ff5":83,"8274885a":85,"3c43e8a2":78,"2c5c1dc0":71,"6ce84ff8":72,"8298e976":93,"59431390":76,"2cce4fb2":84,"d6db2b02":87,"1db42092":85,"159ffd0b":58,"e8f173b5":71,"b7407bd3":71,"b377a62a":67,"de11eb19":95,"d0c0fc08":68,"fe0df575":90,"1ff8c2fc":81,"8d000d6e":73,"20777945":72,"0149e11a":67,"c5b35e4d":74,"cb51f134":85,"85de05f2":77,"bd984a8e":70,"6b78ad7f":87,"b2c25d1c":74,"288d171f":71,"dae0f922":80,"c4feee5b":79,"a63bddd4":89,"945b63f0":95,"49902219":90,"57540cc3":81,"140ce69e":77,"8dd2684c":81,"bc021def":90,"1d790491":75,"36b7003c":96,"6e98dfda":76,"f66616b7":72,"a9b1bd51":57,"088feee2":86,"2b3e4717":77,"a4f1d83b":79,"30fdcd3b":75,"467773ac":72,"a8726d50":57,"b7434f57":69,"0c043224":88,"4fd645f1":61,"a33fe0dd":88,"868cda42":73,"62d1d346":63,"30c5d755":86,"92f800f5":77,"b5ce0c0c":80,"064a99c8":74,"9c58dd76":84,"87ce8d1d":65,"12271e14":73,"74e01f6a":73
1604737511140,"a636f4c9":93,"03c398d2":80,"e35a63cd":78,"30c184b8":85,"e5b1abc6":67,"05f6ab35":72,"730a4938":83,"d929098e":61,"92ca52b7":79,"ea4d3f3e":85,"6c524f99":68,"19551bad":79,"124fbe96":71,"7fef9973":80,"37d0cae2":77,"1a442bc7":79,"2180f99b":80,"d1ca5d6b":85,"1f342a00":86,"f4726450":72,"aa5dfdf5":77,"aec074c4":88,"835358a0":65,"68562193":63,"e9a8cf11":75,"64db4feb":91,"60d6cee2":79,"e4714415":87,"24a9fb86":82,"2132fe93":84,"07f98660":87,"ae95f2ba":94,"ffa08d82":83,"3a291497":72,"6a5b71b4":81,"0a1d11e6":63,"b9be31d6":77,"7ae34c64":85,"619fda68":89,"731fc335":62,"af7e5be8":81,"a5676c24":73,"2dd0e808":74,"f3a0c2ee":73,"578f6e9e":84,"fb7b7b3c":86,"6085137f":56,"8dd649a3":68,"1da771fb":74,"5b60dd1d":80,"6d61bf13":70,"32c9fc47":75,"05642105":73,"e8f173b5":72,"820225e4":58,"f5829ac0":78,"4945c851":88,"e81834aa":88,"7a6aa4b6":80,"332820ce":80,"408bb2ed":66,"4469c815":60,"36d340f2":65,"2cb29e5a":88,"ccdd1ce6":73,"8cc4a982":72,"546f6845":85,"51f57142":87,"f66616b7":73,"bda8cdfb":81,"36684155":75,"0f1ac912":65,"91d52a55":80,"650bb0e0":78,"8f9b74b0":63,"e2a7d915":74,"8ea21393":74,"d25e0f8d":81,"ecfa8249":85,"25e0dd3d":81,"2b3c49b9":81,"972f4174":91,"5e193fc8":80,"4c4aa2e2":80,"9f2b16a7":80,"6585adbe":59,"792c9b6a":62,"0ac825ed":82,"5a0ead91":70,"01cd8099":79,"9c58dd76":85,"27c8e038":86,"0eaf08da":79,"35b58ef9":70,"946df4fd":83,"b460f030":92,"eb2e1983":69,"dd3913d2":72,"fee32863":75,"e0e48a2d":81,"30c184b8":86,"7bda83dd":77,"ea4d3f3e":86,"25d1b2d8":78,"dd7acb96":76,"084cbc0b":70,"d1ca5d6b":86,"ea822700":63,"fd369c21":83,"7e991ab9":62,"35aa7fd0":92,"383e232d":71,"bfcb912a":78,"74e3d13e":74,"bb8a6337":70,"17446892":74,"a2c334e7":96,"6867261a":72,"19551bad":80,"51a3e9c2":78,"6a7392d5":69,"124fbe96":72,"2e3503e4":74,"be2955bb":75,"288d171f":72,"74f234c6":77,"4279e829":89,"3b690f68":92,"f1b493de":89,"7cd0ad7b":88,"c2bb8aae":71,"be40590d":77,"44c77422":81,"c4e70c07":76,"ea6de194":77,"d141db49":71,"4fd645f1":62,"e5d3655c":85,"2154b6e8":73,"ba586505":68,"3b2dee89":74,"91536e85":84,"91b28f83":77,"ef8987d7":71,"f7231212":76,"45b5746e":71,"10ec5a0b":76,"4f59a322":75,"810aa5e9":73,"fd482491":87,"95539a58":60,"ec110282":83,"77bfed7e":72,"5f0c1b9d":89,"87083264":82,"da04caac":77,"b935fc1c":69,"c564e316":77,"b1f58563":79,"0b3283c9":82,"26f99a1e":81,"2203f259":82,"c7ab83c1":64,"0114160e":82,"11888cfa":72,"05642105":74,"de36827b":95,"1db42092":86,"28d41578":76,"26009d3f":72,"ec2cb1af":77,"9e206c95":91,"eafbf9fb":79,"ac38a6a5":82,"d6320619":80,"623c6a31":77,"6d5fcd4c":81,"5a0eb771":76,"815e4582":75,"d25e0f8d":82,"27d8bf51":81,"2ad42a9e":74,"0a96f57a":84,"debe1f65":84,"5a0ead91":71,"fe0df575":91,"b377a62a":68,"3a1b9af5":72,"332820ce":81,"358e45b1":82,"3d1af513":89,"04612878":81,"64a7f79f":72,"aefe13f5":82,"eed20185":81,"804d4dfa":71,"ad8f85d6":82,"1c3a30c5":72,"062179c1":78,"0e2b5d2f":81,"8721056e":69,"8b5a8e9f":95,"b0869206":81,"cb6c9e42":91,"1a0189c4":73,"cf775f58":77,"a983a6dc":76,"e99318a3":68,"084cbc0b":71,"2a06ab95":83,"835358a0":66,"ef1c2dcb":75,"d1ca5d6b":87,"6e851762":67,"a1370ab0":78,"0d2a1c58":63,"dc473de1":71,"3a1d1632":54,"9f5e6cba":87,"081460bf":81,"c93c3508":58,"ed4fad08":82,"f2e3c0e3":66,"87c462ee":82,"c6dc900c":56,"20811ddf":70,"7bebff03":64,"4c4aa2e2":81,"1a68160d":77,"2209903e":76,"a3253019":73,"4b4ecbce":70,"53431634":94,"b215547b":73,"cc11fef9":88,"9f2b16a7":81,"19e9776f":86,"c2bb8aae":72,"026766f3":73,"8942c35b":84,"7a9344a4":93,"6f81493d":76,"e1571af7":79,"14c682eb":73,"ea6de194":78,"a81a857c":75,"f56ac638":66,"eb2e1983":70,"d929098e":62,"abad2347":75,"91b28f83":78,"616d6dd6":78,"9fce073c":78,"43bc86e3":74,"76f94eda":75,"7896b953":78,"abc1d7ad":87,"af7e5be8":82,"87cd2add":73,"3f75d3bc":89,"49cb2959":84,"d8e58a8c":86,"7218c9f1":63,"cb142908":74,"0b3283c9":83,"7ee148e9":72,"3c43e8a2":79,"27f52ed3":94,"95d3d348":73,"b935fc1c":70,"095ab3b4":64,"4b3e3b1c":82,"b9be31d6":78,"558d5ce7":78,"88432019":74,"6cba74ce":71,"6de0aaac":64,"21ee2afe":87,"623c6a31":78,"3f65f121":83,"e3547548":63,"7be025ce":74,"ce3bf5db":72,"6b9eff39":73,"07107f6e":78,"0b5a0408":73,"3c782bb3":72,"e0f7679f":66,"6d802fa2":71,"1b153aef":75,"0d2c95fe":67,"9260d96b":88,"b2703001":78,"9263c525":75,"92d38723":84,"f1862e79":64,"31f6d707":90,"554ebb83":74,"eed20185":82,"59c1e594":85,"64a7f79f":73,"cbad3b92":91,"e8d74304":63,"cac4449a":66,"b7df1559":86,"99e171db":80,"1b881e6e":86,"a983a6dc":77,"a1921150":82,"faf3ed07":71,"d5557fb4":86,"a9b1bd51":58,"4bcd4a30":98,"7028b044":73,"d552eb2f":79,"6a3eaf43":78,"835358a0":67,"84b67924":81,"f94bf9ea":74,"51f80f4c":83,"fd369c21":84,"0681c48e":86,"a1370ab0":79,"6a7392d5":70,"78b97937":84,"8f10fa42":92,"70ee0491":62,"a567ace4":79,"b0869206":82,"bf30a08f":88,"831c7b85":80,"d1d40c9c":80,"8b5a8e9f":96,"5b5fc566":70,"7fef9973":81,"26dd2000":78,"4eed1bea":79,"21e10a2b":77,"36380d96":85,"e1f0dbfd":82,"c7313e0a":86,"f4343817":79,"c4feee5b":80,"c5b35e4d":75,"f121b82c":83,"3498f223":68,"53431634":95,"180377be":83,"4279e829":90,"5ccf94d6":73,"40a745c0":81,"30d84dce":72,"c3e6ef01":84,"d033db8d":76,"75ffea08":78,"d141db49":72,"ba30e43a":93,"a81a857c":76,"ba586505":69,"9d4f1fe6":66,"a901627e":65,"8ac72326":69,"0a1d11e6":64,"76f94eda":76,"d5dae4c4":88,"5270f158":70,"f5cd79c1":69,"d599b566":94,"363590c7":78,"5099c6a0":92,"93ac9ca3":74,"09f0db62":104,"71e53c93":80,"9c29f0ed":89,"69eeae0d":79,"385ab7c6":76,"0d28db94":71,"5f0c1b9d":90,"0d7d88f1":69,"c91966ce":71,"cf9f4757":66,"bfcb912a":79,"dcfaba4c":74,"bc3dc66a":80,"12dd6f5e":68,"4469c815":61,"6de0aaac":65,"0277d748":87,"12012fbd":75,"e9adbe58":77,"eeaa2d46":78,"e32524d6":78,"df2b4d87":69,"44c77422":82,"b552beb3":73,"b84a06eb":78,"45fb95c1":80,"28d41578":77,"bbe71605":66,"489a39f7":69,"6291e9e9":77,"7ae3fc50":71,"608bc832":70,"06073f13":77,"40569362":81,"baebb391":84,"8c6e001f":65,"a0bc1ceb":74,"db0a661e":82,"a0b03218":78,"6ebe2354":65,"5a0ead91":72,"03dcfa3d":78,"23080895":65,"dd1fcb17":71,"0670c466":73,"ccf8b803":67,"e99318a3":69,"1a0189c4":74,"842c8340":69,"cf775f58":78,"4ed01268":72,"aa5dfdf5":78,"ea822700":64,"d3a669ac":92,"2d13e69b":72,"b947257e":92,"22234d6b":81,"53747a91":80,"4e5aaaec":71,"77898c22":64,"85de05f2":78,"9d0546ac":75,"685207b3":81,"0149e11a":68,"f2086446":80,"69d4b754":75,"da3437cd":66,"f121b82c":84,"efe84c27":69,"d548635d":74,"b215547b":74,"381c68fa":81,"a68a93b2":71,"f883d582":72,"0d5ee801":66,"93683c82":71,"9316e7e8":63,"e62d705f":68,"868cda42":74,"4fd645f1":63,"25a2844e":78,"7ee7621c":76,"e35a63cd":79,"5acce642":77,"1da771fb":75,"19f9ca86":83,"fb7b7b3c":87,"f1dffa24":60,"317c1591":77,"f2470875":89,"95d3d348":74,"33d6bb6a":68,"e4c312fe":77,"d815c5b4":93,"7c0a2db6":78,"6c486702":84,"87083264":83,"d929098e":63,"d5059415":79,"a5676c24":74,"7bda83dd":78,"7f6d1d0e":94,"fe44fc6f":80,"f67de058":75,"f7231212":77,"313258f2":70,"056ea7ff":84,"54d7de6b":85,"13b53c7a":75,"7e95c5a0":68,"91f7ef72":77,"abc1d7ad":88,"9fce073c":79,"5ef93e5d":56,"faf4f98b":80,"638cb163":95,"fbdffc95":69,"2af60749":85,"3bad3c95":56,"3fdb08f5":77,"92efd84f":79,"e9a8cf11":76,"47cfba38":72,"c93c3508":59,"ed4fad08":83,"32133249":83,"31f6ba51":74,"a47abfbb":66,"945b63f0":96,"12012fbd":76,"57540cc3":82,"08c6b5d2":77,"ccdd1ce6":74,"623c6a31":79,"0e036ae9":92,"6a60348e":69,"6291e9e9":78,"a8871ddf":75,"f277386e":61,"de36827b":96,"6d802fa2":72,"0d2c95fe":68,"332820ce":82,"b4fdf90e":78,"de11eb19":96,"5ee911b5":75,"08a4c3f8":78,"5acaa06f":61,"f9c15fcc":83,"3e602573":61,"90d52475":76,"1d790491":76,"aff8e442":79,"f2364460":88,"527ff946":82,"2a387957":84,"84369269":71,"aaa274a5":79,"1f7607df":62,"72b84094":88,"efd23af5":77,"3007f31f":76,"6bc5d32a":93,"21e10a2b":78,"daab45c6":81,"4dac6b20":60,"501db4de":77,"470d50c2":76,"4e3f5178":83,"5be594be":76,"a836aa93":78,"e1618359":82,"4c4aa2e2":82,"cc11fef9":89,"059d6c19":93,"1e7753d9":91,"6c486702":85,"9cb4697f":87,"20958d58":74,"935ec056":66,"8063df14":69,"d1d40c9c":81,"51a3e9c2":79,"dd3913d2":73,"48655f09":96,"458dcc3d":81,"01cd8099":80,"cbad3b92":92,"13f0e139":72,"87922532":81,"5099c6a0":93,"a40846b7":85,"8dc9b4db":82,"2c5c1dc0":72,"3e082b37":68,"578f6e9e":85,"77d35808":78,"730a4938":84,"a567ace4":80,"8721056e":70,"bec9d329":86,"e4c312fe":78,"2a4a402a":76,"a901627e":66,"810aa5e9":74,"cf1b8c47":83,"616d6dd6":79,"07f98660":88,"012de09c":70,"a472532e":68,"76f94eda":77,"7a4c064c":86,"dd035d2a":74,"ba938220":70,"af7e5be8":83,"053f3451":76,"a8726d50":58,"b320feb9":74,"3bad3c95":57,"66497c7e":70,"88fa53d6":66,"c3e6ef01":85,"c0b0f492":88,"110b1ee3":84,"f8b31ce5":101,"a577db1c":66,"e786063b":72,"c8113b77":66,"5747db6e":84,"508aac3d":82,"ef1c2dcb":76,"f271ed5d":80,"5a734022":72,"284544ba":84,"e9a8cf11":77,"3a1d1632":55,"03b4ab60":80,"031e488e":80,"24a9fb86":83,"a47abfbb":67,"eafbf9fb":80,"18815a1b":78,"bbe71605":67,"54a676d6":71,"5678ed7b":91,"4ac6bd4e":59,"95f6db13":67,"ce4da56f":79,"5f8517b7":95,"0b5a0408":74,"1ff8c2fc":82,"045f280d":80,"50312237":75,"b2a8761b":76,"9a80f004":68,"6b9eff39":74,"77898c22":65,"20777945":73,"6490bac6":70,"df81ddee":75,"c455f40e":68,"ab7d4c9a":75,"c5b35e4d":76,"8e99d5d0":84,"1247fa52":75,"77300e4a":71,"168e75d9":77,"34c5c729":78,"5ccf94d6":74,"142d6987":81,"dae0f922":81,"7a9344a4":94,"b7434f57":70,"3b690f68":93,"ddec9e54":72,"ef8321d8":73,"d1715f3b":81,"be4f8ba8":73,"623c6a31":80,"172217e5":83,"cb6c9e42":92,"5f7d7195":76,"527ff946":83,"c81b2bcf":72,"394dc144":79,"794f652b":76,"47d27624":77,"2f455cce":78,"b377a62a":69,"b35e9e1a":104,"17807120":77,"0eaf08da":80,"6ebe2354":66,"aefe13f5":83,"04612878":82,"87ce8d1d":66,"9c58dd76":86,"5270f158":71,"82868763":74,"eda6a690":64,"8dd649a3":69,"5781776a":83,"3b2dee89":75,"6c486702":86,"062179c1":79,"51a3e9c2":80,"afe8e06a":71,"6841f77e":87,"d39724bc":74,"70ee0491":63,"be3a10f8":85,"e4c312fe":79,"67d30f2b":77,"c6dc900c":57,"e356abf1":81,"78b97937":85,"ae016053":82,"d8e58a8c":87,"71ba7561":74,"7ae34c64":86,"3101354b":69,"00a481e3":89,"ef14000f":86,"7be025ce":75,"5ab7bc35":81,"ba30e43a":94,"b7505747":87,"259930ee":86,"62d1d346":64,"65a00a3c":78,"2dd0e808":75,"10ec5a0b":77,"a85d89cc":71,"30b6808c":70,"e4cfef0a":65,"2d13e69b":73,"5747db6e":85,"92efd84f":80,"ea822700":65,"be149c6f":70,"d552eb2f":80,"c4bff41f":76,"fd369c21":85,"081460bf":82,"42c80e69":85,"ed4fad08":84,"725dce8b":86,"35aa7fd0":93,"6143f39d":76,"9de29816":67,"315537b2":74,"bb99c79c":75,"546f6845":86,"36d340f2":66,"d6320619":81,"50c468ba":71,"ba938220":71,"016953e4":87,"a58bf525":78,"e7e82473":96,"8aa78e2f":68,"cf50e84e":78,"a6bcb07e":88,"d36125db":86,"0be540c5":78,"e8f173b5":73,"4ea4a2a1":93,"792c9b6a":63,"ab7467de":92,"7e8e1c3d":70,"6bc5d32a":94,"da3437cd":67,"fb8bfb36":87,"8f9b74b0":64,"e1f0dbfd":83,"b2c25d1c":75,"1a68160d":78,"a4296d1e":82,"4c4aa2e2":83,"34c5c729":79,"972f4174":92,"145c7559":87,"4360a1a3":86,"381c68fa":82,"30dbfc69":77,"a1921150":83,"77f31bab":77,"39a2fcce":67,"bad1a1cc":64,"9d9dd9e5":72,"650bb0e0":79,"789bd484":75,"5f8517b7":96,"36fb15d2":76,"8c6e001f":66,"9263c525":76,"a533489b":85,"17807120":78,"742f1425":77,"9c58dd76":87,"a0bc1ceb":75,"aa00769b":91,"2d382981":74,"be1746a0":65,"92ca52b7":80,"ee75b607":79,"37d0cae2":78,"a8c93bed":79,"677c6a09":87,"9b546d65":73,"ae99df30":78,"0e2b5d2f":82,"33d6bb6a":69,"5acce642":78,"3b2dee89":76,"4c0e547b":77,"e356abf1":82,"dd3913d2":74,"a5676c24":75,"e865e4dd":73,"7c0a2db6":79,"1e7753d9":92,"bb98a6cf":93,"d70ca4f4":88,"180377be":84,"cc6bbe45":66,"859545e6":64,"49b358bd":73,"e5d3655c":86,"d6f0d94a":67,"2045d7d6":69,"d9f512b9":81,"fd482491":88,"45b5746e":72,"52eca0dc":80,"2180f99b":81,"2a06ab95":84,"9ab755d3":71,"aa5dfdf5":79,"f4726450":73,"5ac86fb9":82,"f271ed5d":81,"2ab62345":69,"4bcd4a30":99,"03b4ab60":81,"8d04852b":77,"5774ac0d":86,"af034fee":71,"42c80e69":86,"f2f58418":66,"8dd2684c":82,"2cb29e5a":89,"a06a6430":74,"a851891c":67,"2b698053":72,"619fda68":90,"d2466211":90,"b9be31d6":79,"f1df62b4":71,"00a17b46":71,"971675c5":85,"3a204e56":83,"6085137f":57,"5270f158":72,"3712c4bd":67,"9a3cc55d":64,"09ff339a":61,"2cce4fb2":85,"e81834aa":89,"5678ed7b":92,"59431390":77,"0be540c5":79,"07fc4a9a":80,"045f280d":81,"77898c22":66,"53747a91":81,"5c82d1ce":78,"6b9eff39":75,"2ad42a9e":75,"df81ddee":76,"ab7467de":93,"704bce0d":74,"90a06ee9":77,"b3863630":68,"e0154608":65,"f2086446":81,"3498f223":69,"8e780922":77,"eafbf9fb":81,"f3d68430":80,"4d35385e":77,"01d817b8":68,"5d087c79":79,"254cc28c":84,"1d790491":77,"794f652b":77,"04643409":89,"a9b1bd51":59,"44a4f7cd":72,"7ae3fc50":72,"6585adbe":60,"8323d333":66,"b35e9e1a":105,"a533489b":86,"1ff8c2fc":83,"8245f916":62,"9fc713b0":77,"87ce8d1d":67,"74e01f6a":74,"6be9332a":75,"64a7f79f":74,"2d382981":75,"be1746a0":66,"8007f30e":54,"95d331b1":65,"11b74e63":71,"cfafcda8":76,"9cb4697f":88,"eb2e1983":71,"6775d5cd":74,"8721056e":71,"7bda83dd":79,"d83870f5":76,"ee21ad02":85,"0f89862c":77,"f0a06216":73,"bd62d7ed":68,"6e24d88b":73,"f1b493de":90,"d634aa28":95,"180377be":85,"026766f3":74,"c3e6ef01":86,"a8726d50":59,"30c5d755":87,"dac109cf":71,"2045d7d6":70,"df2b4d87":70,"8f13c203":70,"92f800f5":78,"4c39240e":79,"a901627e":67,"911e770b":81,"835358a0":68,"af0b61ab":79,"88b3bc99":76,"0fc5ac7e":91,"a1370ab0":80,"8657c79d":88,"51f80f4c":84,"2f455cce":79,"b35bb8a1":67,"1ed46298":93,"a2c334e7":97,"a47abfbb":68,"a6003226":74,"537634c9":66,"da04caac":78,"fd482491":89,"ec110282":84,"56473430":82,"ae016053":83,"00a17b46":72,"597c1f81":72,"95539a58":61,"6f39f4d9":94,"0d28db94":72,"7a840529":55,"1951480c":78,"c318d350":82,"5099c6a0":94,"27f52ed3":95,"3712c4bd":68,"fb7b7b3c":88,"f6fe095d":93,"b552beb3":74,"8aa78e2f":69,"faf4f98b":81,"26dd2000":79,"e2a7d915":75,"debe1f65":85,"4dac6b20":61,"ded7da5a":81,"70594a28":73,"c650b434":89,"9267f0ef":89,"bd984a8e":71,"288d171f":73,"88432019":75,"175bc6b2":68,"01d817b8":69,"a63bddd4":90,"d1715f3b":82,"f2f58418":67,"fd6dcb20":72,"842c8340":70,"815e4582":76,"0f1ac912":66,"25d1b2d8":79,"5a0eb771":77,"f66616b7":74,"a4dafea5":70,"d9dcdc4b":98,"06ddafc7":66,"26009d3f":73,"5678ed7b":93,"8245f916":63,"d102b0c6":62,"8323d333":67,"5a0ead91":73,"3a1b9af5":73,"8f2a7d69":71,"02d4753e":88,"aa00769b":92,"a43061ee":70,"c27969ec":80,"03dcfa3d":79,"c609739e":81,"59c1e594":86,"0f72f2d8":73,"33d6bb6a":70,"cfafcda8":77,"6c486702":87,"6c20c153":73,"062179c1":80,"3b2dee89":77,"d1d40c9c":82,"a59a8290":71,"696fdac5":83
1604737512413,"8e780922":78,"4e3f5178":84,"d34a29b9":81,"56d315d8":63,"7a9344a4":95,"30dbfc69":78,"381c68fa":83,"5ccf94d6":75,"bb98a6cf":94,"74f234c6":78,"2af60749":86,"aab4d996":75,"4def63ee":60,"1623fc9f":75,"fbdffc95":70,"b320feb9":75,"4fd645f1":64,"d78dd457":68,"5eab91a0":82,"733c86f8":75,"36b7003c":97,"383e232d":72,"eb7b4e29":68,"0fc5ac7e":92,"a625328f":89,"72d7b461":83,"a2c334e7":98,"6751d8e4":90,"0ecfa1c9":74,"c793cdda":76,"5ac86fb9":83,"17446892":75,"2132fe93":85,"24a9fb86":84,"e4714415":88,"d39724bc":75,"9d4f1fe6":67,"51a3e9c2":81,"42cd2360":68,"dc03ebd2":97,"fafb4cc2":101,"8a165e17":82,"8fb236a9":76,"195eb771":76,"abd32136":77,"cf1b8c47":84,"8dc9b4db":83,"d599b566":95,"971675c5":86,"93ac9ca3":75,"e238f09b":79,"3e082b37":69,"3712c4bd":69,"d5059415":80,"d5dae4c4":89,"95539a58":62,"b73e789c":74,"cf9f4757":67,"7218c9f1":64,"25e0dd3d":82,"c45d554f":78,"c650b434":90,"f9f2c53f":68,"ab7467de":94,"4295ce9a":85,"a851554d":89,"be4f8ba8":74,"d3e84616":92,"09560615":60,"a77e8461":76,"f3d68430":81,"f87c5031":66,"b9a48a5c":60,"aff8e442":80,"1b881e6e":87,"8298e976":94,"8aa78e2f":70,"95f6db13":68,"e8f173b5":74,"820225e4":59,"6291e9e9":79,"411b5027":78,"8d000d6e":74,"36fb15d2":77,"1bd5b20b":81,"31f6d707":91,"d0c0fc08":69,"5f8517b7":97,"608bc832":71,"e8d74304":64,"0eaf08da":81,"26c6fa34":73,"792cfcbd":65,"a0b03218":79,"17807120":79,"468fc85c":76,"5f4102da":81,"a66a2d8a":89,"6e98dfda":77,"5957df9e":72,"2a387957":85,"84369269":72,"93fdbb44":64,"3c6692a3":89,"2c01e624":73,"272c7672":78,"39ba00f0":80,"0fc5ac7e":93,"22234d6b":82,"35aa7fd0":94,"ed4fad08":85,"2f455cce":80,"dc473de1":72,"57d5dee8":85,"b7cc7909":72,"4911acad":58,"2132fe93":86,"e0e48a2d":82,"8f10fa42":93,"f76a3e83":80,"8e99d5d0":85,"36380d96":86,"1a68160d":79,"4e3f5178":85,"b215547b":75,"69134f07":74,"7cd0ad7b":89,"6e24d88b":74,"f4634d0b":66,"9316e7e8":64,"0af920d8":60,"f1b493de":91,"a8726d50":60,"88fa53d6":67,"f8b31ce5":102,"28d40296":58,"4fd645f1":65,"e3547548":64,"d9d7c4c2":82,"ad2d7bed":83,"2352c8ef":68,"dfcc2ad1":91,"6841f77e":88,"f5e8dfee":90,"bf30a08f":89,"50b558a7":64,"810aa5e9":75,"5acce642":79,"c91966ce":72,"54d7de6b":86,"e7773397":64,"363590c7":79,"578f6e9e":86,"19f9ca86":84,"c564e316":78,"77d35808":79,"42191b64":65,"91f7ef72":78,"e356abf1":83,"781ace7d":76,"385ab7c6":77,"3101354b":70,"af7e5be8":84,"616d6dd6":80,"f1df62b4":72,"e865e4dd":74,"e4cfef0a":66,"869cbaa0":89,"4930f321":70,"1dad0f99":80,"b320feb9":76,"c650b434":91,"daab45c6":82,"7d112f4d":80,"805534ac":69,"8ea21393":75,"bb99c79c":76,"6cba74ce":72,"3454fa2b":74,"7080f122":67,"ac38a6a5":83,"01d817b8":70,"fd6dcb20":73,"88a30343":79,"8b2b601d":75,"1f88a4b7":87,"45fb95c1":81,"1438fad7":79,"6d802fa2":73,"045f280d":82,"b377a62a":70,"554ebb83":75,"8f2a7d69":72,"4ba6eb36":78,"de11eb19":97,"1bd5b20b":82,"cfe72ead":60,"a0bc1ceb":76,"e8d74304":65,"8eb64769":72,"03c398d2":81,"bad6cdb1":79,"4dac6b20":62,"c455f40e":69,"f598a332":75,"c85a0d80":80,"fe578280":76,"69134f07":75,"1247fa52":76,"e7abc88d":61,"1e232870":85,"4ee62a26":64,"7a9344a4":96,"66497c7e":71,"40a745c0":82,"655941a0":83,"d033db8d":77,"0c043224":89,"08a06557":99,"7043382d":80,"5f620a1e":87,"24ffcbd3":86,"b5ce0c0c":81,"25776fc4":88,"97e75c19":87,"77bae750":68,"b8ab8e6e":76,"1a0189c4":75,"e15fd611":61,"77f31bab":78,"394dc144":80,"7028b044":74,"0d2a1c58":64,"22234d6b":83,"778c95e9":75,"2c01e624":74,"fd369c21":86,"71a2a493":53,"8cd78f77":88,"60d6cee2":80,"181c3dd5":75,"31f6ba51":75,"76f3a3be":73,"13b53c7a":76,"6c486702":88,"abad2347":76,"91b28f83":79,"f2e3c0e3":67,"4652b09a":92,"20958d58":75,"1a442bc7":80,"4c0e547b":78,"f5e8dfee":91,"1bb4ccc0":73,"13f0e139":73,"d82592f4":76,"317c1591":78,"b1f58563":80,"2c5c1dc0":73,"a58bf525":79,"77d35808":80,"09ff339a":62,"82868763":75,"50b558a7":65,"cb4f262b":79,"f0a06216":74,"781ace7d":77,"2c6cb96f":65,"f789f6d8":89,"195eb771":77,"d5dae4c4":90,"52eca0dc":81,"4d9b0b10":77,"012de09c":71,"8ac72326":70,"7566fdd6":83,"869cbaa0":90,"053f3451":77,"385ab7c6":78,"ae95f2ba":95,"dac109cf":72,"71279c46":69,"6867261a":73,"affb82bf":82,"0277d748":88,"945b63f0":97,"2cb29e5a":90,"ccdd1ce6":75,"8dd2684c":83,"51f57142":88,"8298e976":95,"0d2c95fe":69,"6d802fa2":74,"f044c0e1":61,"1db42092":87,"4ff2225d":73,"cf50e84e":79,"4f5e3e7d":68,"332820ce":83,"b8397293":67,"9e878ec2":98,"5f8517b7":98,"82b81567":71,"6f0fcb9d":86,"0eaf08da":82,"4dac6b20":63,"25e0dd3d":83,"ab7467de":95,"fb8bfb36":88,"ecfa8249":86,"b6ee137a":74,"c8dc010f":90,"8e780922":79,"5e193fc8":81,"470d50c2":77,"dbc9df44":61,"501db4de":78,"acac14fb":69,"7f86be64":81,"6f81493d":77,"74f234c6":79,"430a5db5":88,"110b1ee3":85,"bb98a6cf":95,"94a2fe10":76,"a8726d50":61,"e1571af7":80,"4c39240e":80,"4577b333":77,"1d790491":78,"4ed01268":73,"088feee2":87,"1a0189c4":76,"37fbb107":90,"650bb0e0":80,"bad1a1cc":65,"70c1e715":75,"383e232d":73,"3c6692a3":90,"c0e2624b":71,"dd7acb96":77,"4bcd4a30":100,"288a2c43":74,"13b53c7a":77,"4652b09a":93,"eebc8d43":81,"bd2705b0":94,"a66a2d8a":90,"12a2cd4b":84,"458dcc3d":82,"23080895":66,"ac62fac2":91,"792cfcbd":66,"b2bd8fd3":72,"93ac9ca3":76,"f5cd79c1":70,"fe1d4419":83,"39bbc4bc":90,"bec9d329":87,"70ee0491":64,"95d331b1":66,"6c524f99":69,"733c86f8":76,"51a3e9c2":82,"be3a10f8":86,"290b4714":76,"ea4d3f3e":87,"d5dae4c4":91,"42cd2360":69,"65e4235b":76,"6023df54":77,"f789f6d8":90,"ef91eaae":62,"195eb771":78,"4d9b0b10":78,"5f96c2bc":66,"f1df62b4":73,"cf9f4757":68,"b73e789c":75,"f7231212":78,"9496f56f":82,"d9d7c4c2":83,"caddd0a7":88,"259930ee":87,"1623fc9f":76,"de6213c7":76,"8cddb65e":79,"b230e8d3":76,"5f6613c8":66,"031e488e":81,"24a9fb86":85,"6632fed0":83,"f5596d0f":85,"fd6dcb20":74,"3454fa2b":75,"eafbf9fb":82,"9c045c61":81,"865d9857":60,"416a9e97":74,"26f99a1e":82,"5781776a":84,"1da771fb":76,"6db0ea86":82,"bbe71605":68,"69f3bfcc":78,"0d2c95fe":70,"4ff2225d":74,"8298e976":96,"e0f7679f":67,"f9c15fcc":84,"ea274174":85,"4ba6eb36":79,"7a2f3f06":69,"e0e6a097":71,"5ee911b5":76,"8245f916":64,"a851554d":90,"c650b434":92,"7d112f4d":81,"53747a91":82,"e21c6207":73,"7e8e1c3d":71,"0a96f57a":85,"685207b3":82,"6fb4cdda":89,"3498f223":70,"be2955bb":76,"06ee61b6":67,"dbc9df44":62,"a3253019":74,"cc11fef9":90,"430a5db5":89,"61f25dd4":90,"655941a0":84,"c8977844":82,"1f11812e":74,"94a2fe10":77,"a9b1bd51":60,"794f652b":78,"a939b50b":76,"1634789b":75,"0f1ac912":67,"0670c466":74,"36684155":76,"bca2d7cd":76,"2f455cce":81,"98915a1f":62,"dfc89705":77,"a636f4c9":94,"9c58dd76":88,"13f0e139":74,"35b58ef9":71,"64a7f79f":75,"12a2cd4b":85,"c0b7e7d7":62,"91b28f83":80,"c510bfd3":84,"95d331b1":67,"f2e3c0e3":68,"831c7b85":81,"7f6d1d0e":95,"ad2d7bed":84,"d78dd457":69,"33d6bb6a":71,"124fbe96":73,"1757a30e":73,"eebc8d43":82,"d4d5f466":77,"6c486702":89,"7e95c5a0":69,"5f0c1b9d":91,"c0b0f492":89,"04ea5673":82,"88fa53d6":68,"7be025ce":76,"e3547548":65,"e786063b":73,"4c39240e":81,"619fda68":91,"5f96c2bc":67,"a625328f":90,"aaa274a5":80,"ef1c2dcb":77,"2180f99b":82,"bc3dc66a":81,"c64de0c0":70,"f94bf9ea":75,"a1370ab0":81,"0681c48e":87,"4125085e":78,"540df50f":85,"9a467a82":75,"be4f8ba8":75,"140ce69e":78,"7080f122":68,"18815a1b":79,"623c6a31":81,"945b63f0":98,"93b9fae6":71,"345c9967":72,"87083264":84,"f3a0c2ee":74,"2ce1af05":67,"7ae34c64":87,"b9be31d6":80,"91f7ef72":79,"f1df62b4":74,"7896b953":79,"3712c4bd":70,"c318d350":83,"8dd649a3":70,"317c1591":79,"3c43e8a2":80,"1951480c":79,"f5829ac0":79,"5678ed7b":94,"6db0ea86":83,"3c782bb3":73,"32c9fc47":76,"17b08923":76,"1438fad7":80,"1b153aef":76,"fe0df575":92,"31f6d707":92,"6585adbe":61,"288afc30":77,"5c82d1ce":79,"8ea21393":76,"9b172ca8":70,"8f9b74b0":65,"104721f0":75,"9b742f71":72,"18d20aa1":71,"dbc9df44":63,"9a80f004":69,"cb51f134":86,"3b7763b1":63,"c382f054":80,"66497c7e":72,"f734c84c":100,"4e3f5178":86,"30fdcd3b":76,"142d6987":82,"902f49f5":76,"0841052c":74,"110b1ee3":86,"9d63c4dd":71,"449d8475":72,"cb6c9e42":93,"e99318a3":70,"5f7d7195":77,"25d1b2d8":80,"c98d5272":83,"0ac825ed":83,"45b038bb":100,"be1746a0":67,"dfc89705":78,"4b4ef7fa":77,"a5aee5de":94,"3e602573":62,"2c24d929":86,"cac4449a":67,"ee75b607":80,"730a4938":85,"d1d40c9c":83,"30c184b8":87,"478d2d4f":90,"ae99df30":79,"8063df14":70,"bd2705b0":95,"6b82b527":70,"dfcc2ad1":92,"e382ec3f":67,"7bda83dd":80,"13b53c7a":78,"1745a0f4":75,"a901627e":68,"da04caac":79,"3f75d3bc":90,"5ef93e5d":57,"a15713c6":81,"810aa5e9":76,"3b690f68":94,"259930ee":88,"ea6de194":79,"28d40296":59,"c015ec5a":73,"d6f0d94a":68,"49b358bd":74,"44c77422":83,"43d87483":77,"65e4235b":77,"e4cfef0a":67,"c803b4a3":80,"ef91eaae":63,"053f3451":78,"2d54e0a8":65,"a625328f":91,"31f6ba51":76,"50c3164b":84,"7af9d3b1":91,"c0e2624b":72,"af034fee":72,"2c01e624":75,"13747b82":80,"2f455cce":82,"57d5dee8":86,"f4726450":74,"8cddb65e":80,"71279c46":70,"bc021def":91,"8cc4a982":73,"15620dca":88,"88432019":76,"8547fbc2":76,"30b6808c":71,"1dad0f99":81,"8dc9b4db":84,"f1dffa24":61,"83086d4c":83,"60e855ee":80,"6b79fec2":70,"317c1591":80,"5099c6a0":95,"bbe71605":69,"fb44fa9c":91,"66554572":61,"868edcc0":76,"e7e82473":97,"3310a049":81,"045f280d":83,"2209903e":77,"79e4fa1c":71,"ded7da5a":82,"26dd2000":80,"3007f31f":77,"d25e0f8d":83,"e2cbe594":69,"6b78ad7f":88,"1a2c020b":70,"d34a29b9":82,"754f98c9":76,"a836aa93":79,"9267f0ef":90,"c21ab51e":58,"30d84dce":73,"623c6a31":82,"d6320619":82,"44a4f7cd":73,"815e4582":77,"99e171db":81,"789bd484":76,"0f1ac912":68,"650bb0e0":81,"0670c466":75,"8c6e001f":67,"02d4753e":89,"36fb15d2":78,"50312237":76,"358e45b1":83,"379184a7":87,"3a1b9af5":74,"aa00769b":93,"c609739e":82,"ae8a09c4":81,"a0b03218":80,"6ebe2354":67,"03dcfa3d":80,"1c3a30c5":73,"bf30a08f":90,"88ce179e":88,"abad2347":77,"ec11fe5f":65,"a6b5e869":73,"7af262e5":80,"5acce642":80,"c463799d":86,"7ee7621c":77,"1bc0591f":78,"00cf385d":91,"ba5c52af":80,"1745a0f4":76,"4c0e547b":79,"b28a5e67":83,"2dd0e808":76,"19e9776f":87,"1f11812e":75,"467773ac":73,"0c043224":90,"61f25dd4":91,"1e191c98":59,"719c8869":91,"aab4d996":76,"37a7d5b0":83,"e786063b":74,"ce3bf5db":73,"92f800f5":79,"30c5d755":88,"195eb771":79,"f3a0c2ee":75,"83b2f9c5":88,"5f96c2bc":68,"730338c4":89,"1f342a00":87,"50c3164b":85,"ef1c2dcb":78,"8cd78f77":89,"cbb54a0a":65,"c4bff41f":77,"d6d61bfc":84,"b947257e":93,"71a2a493":54,"e4714415":89,"42c80e69":87,"32133249":84,"9f5e6cba":88,"a63bddd4":91,"dd035d2a":75,"629800eb":85,"597c1f81":73,"1dad0f99":82,"00a17b46":73,"2ce1af05":68,"4930f321":71,"3712c4bd":71,"93ac9ca3":77,"c0b7e7d7":63,"6d61bf13":71,"27f52ed3":96,"312f7676":82,"19f9ca86":85,"b36a0d66":65,"3310a049":82,"26009d3f":74,"411b5027":79,"cc5a1d47":69,"72b84094":89,"d25e0f8d":84,"4295ce9a":86,"6bc5d32a":95,"ecfa8249":87,"3007f31f":78,"8f9b74b0":66,"bd984a8e":72,"972f4174":93,"b3863630":69,"a4296d1e":83,"f121b82c":85,"be2955bb":77,"34c5c729":80,"22ecaed0":68,"53a8613c":97,"7080f122":69,"f2f58418":68,"18815a1b":80,"fd6dcb20":75,"5339e1e9":73,"6adce358":89,"a939b50b":77,"d5557fb4":87,"36b7003c":98,"5f7d7195":78,"1b881e6e":88,"28d41578":78,"b552beb3":75,"8298e976":97,"379184a7":88,"d0c0fc08":70,"50312237":77,"c7c4ec5c":67,"db0a661e":83,"5ee911b5":77,"cfe72ead":61,"12a2cd4b":86,"73b15e04":78,"ac62fac2":92,"4febf7c5":85,"71bc1295":77,"2d382981":76,"2c24d929":87,"79be29c8":74,"bec9d329":88,"c0b23081":85,"82204d54":73,"ae99df30":80,"87c462ee":83,"6c486702":90,"be3a10f8":87,"e6ec8cbf":86,"ea4d3f3e":88,"9d023afb":86,"78467b8a":87,"1f11812e":76,"db703021":71,"0c043224":91,"d70ca4f4":89,"4ee62a26":65,"3f9b5722":70,"1e191c98":60,"3bad3c95":58,"aab4d996":77,"dac109cf":73,"14c682eb":74,"4c39240e":82,"a577db1c":67,"014460b9":98,"c6dc900c":58,"c510bfd3":85,"72d7b461":84,"f271ed5d":82,"9fa62fee":75,"fd07e0ed":75,"84b767be":90,"fb7482fe":73,"5a734022":73,"911e770b":82,"aec4e1bf":78,"68562193":64,"31f6ba51":77,"0ecfa1c9":75,"61d4782d":80,"b35bb8a1":68,"43bc86e3":75,"0a1d11e6":65,"1d44aff3":81,"8db5a165":63,"731fc335":63,"fd482491":90,"8e4c33d2":83,"f2470875":90,"83086d4c":84,"e45b4b53":67,"09f0db62":105,"437fc3ec":79,"5623817d":79,"30b6808c":72,"aa867541":68,"50c468ba":72,"abd32136":78,"d2466211":91,"9fce073c":80,"a85d89cc":72,"af7e5be8":85,"2ad42a9e":76,"27d8bf51":82,"b6ee137a":75,"18d20aa1":72,"26dd2000":81,"e1f0dbfd":84,"0da28f5b":85,"25e0dd3d":84,"104721f0":76,"fe578280":77,"2e3503e4":75,"6fb4cdda":90,"168e75d9":78,"12dd6f5e":69,"d3e84616":93,"9c045c61":82,"ef8321d8":74,"0277d748":89,"d2a841c9":63,"d1715f3b":83,"23760167":70,"5d087c79":80,"44a4f7cd":74,"2a387957":86,"f2364460":89,"527ff946":84,"36684155":77,"4b3e3b1c":83,"0d2c95fe":71,"a6bcb07e":89,"1438fad7":81,"8298e976":98,"d36125db":87,"4945c851":89,"336d0f08":87,"0cb80f4a":75,"b35e9e1a":106,"fe0df575":93,"50312237":78,"e0e6a097":72,"49bf2e95":61,"be1746a0":68,"dfc89705":79,"23080895":67,"d82592f4":77,"baebb391":85,"87922532":82,"2198ba8e":71,"93b0a158":80,"dffa7793":60,"0d770b97":81,"95d331b1":68,"7af262e5":81,"b8488fc8":75,"290b4714":77,"655954ba":76,"58d46189":88,"19e9776f":88,"dae0f922":82,"c2bb8aae":73,"751acea8":70,"906632cb":73,"be40590d":78,"c8fcad77":76,"aab4d996":78,"df2b4d87":71,"ea6de194":80,"0b959527":73,"1623fc9f":77,"d6f0d94a":69,"a66a2d8a":91,"6b82b527":71,"e6ec8cbf":87,"dc0c8b09":87,"26c390d6":71,"70bc8325":73,"d1ca5d6b":88,"f069bb07":76,"84b767be":91,"b5763ff6":64,"d552eb2f":81,"c9efc8f6":75,"0681c48e":88,"68562193":65,"57d5dee8":87,"031e488e":82,"24a9fb86":86,"e9a8cf11":78,"cfafcda8":78,"8007f30e":55,"78467b8a":88,"74c26380":77,"f905a555":70,"6ce84ff8":73,"6d61bf13":72,"5623817d":80,"95d3d348":75,"8274885a":86,"363590c7":80,"c7ab83c1":65,"d5dae4c4":92,"71e53c93":81,"5f96c2bc":69,"7896b953":80,"7218c9f1":65,"5ef93e5d":58,"a85d89cc":73,"e57d5cda":90,"cf9f4757":69,"ac030e74":67,"7566fdd6":84,"faf4f98b":82,"6490bac6":71,"e2a7d915":76,"8f9b74b0":67,"0149e11a":69,"e2cbe594":70,"ab7d4c9a":76,"e1618359":83,"5a622a23":72,"3f65f121":84,"a63bddd4":92,"6d5fcd4c":82,"22ecaed0":69,"945b63f0":99,"25a7a0a3":79,"15620dca":89,"5d087c79":81,"d957f027":69,"e15fd611":62,"de36827b":97,"1db42092":88,"69f3bfcc":79,"06ddafc7":67,"d6db2b02":88,"32c9fc47":77,"a6bcb07e":90,"c4aa1e38":67,"cfe72ead":62,"d0e9a58e":65,"c7c4ec5c":68,"792c9b6a":64,"40569362":82,"00554ffd":84,"ad8f85d6":83,"dfc89705":80,"17807120":80,"87922532":83,"1c3a30c5":74,"4b125e7b":82,"6775d5cd":75,"79be29c8":75,"be2955bb":78,"f4343817":80,"e9679ede":71,"2e3503e4":76,"c5b35e4d":77
1604737513342,"c21ab51e":59,"9316e7e8":65,"1f11812e":77,"30d84dce":74,"61f25dd4":92,"f883d582":73,"5cd3cfe0":62,"7cd0ad7b":90,"65a00a3c":79,"d141db49":73,"aa021138":84,"4777334c":68,"a81a857c":77,"df2b4d87":72,"37a7d5b0":84,"7ee7621c":78,"1d790491":79,"a1921150":84,"650bb0e0":82,"f2364460":90,"9fa62fee":76,"0fc5ac7e":94,"84b767be":92,"0bd93cfd":64,"de6213c7":77,"aaa274a5":81,"a6626a13":65,"b230e8d3":77,"deb31f35":84,"47cfba38":73,"bc3dc66a":82,"4125085e":79,"24a9fb86":87,"abad2347":78,"6a7392d5":71,"25a2844e":79,"1757a30e":74,"d39724bc":76,"f67de058":76,"55928ef1":84,"7fdc2007":74,"b8488fc8":76,"8007f30e":56,"812b4f15":66,"0f72f2d8":74,"60e855ee":81,"6b79fec2":71,"b769bdfb":87,"836701f6":66,"2203f259":83,"c318d350":84,"93ac9ca3":78,"6e44927f":64,"71e53c93":82,"a15713c6":82,"7a4c064c":87,"af7e5be8":86,"f905a555":71,"52eca0dc":82,"d4ee22a4":85,"537634c9":67,"9aa6a054":76,"869cbaa0":91,"f789f6d8":91,"cf9f4757":70,"d2466211":92,"72b84094":90,"7b6a7048":79,"cd421290":72,"dc473de1":73,"22ecaed0":70,"d3e84616":94,"be4f8ba8":76,"01d817b8":71,"d6320619":83,"30dd2edc":81,"1d153b20":77,"90731976":76,"e81834aa":90,"07fc4a9a":81,"bbe71605":70,"f044c0e1":62,"4b3e3b1c":84,"a4dafea5":71,"792c9b6a":65,"d0c0fc08":71,"d0e9a58e":66,"8d000d6e":75,"de11eb19":98,"cfe72ead":63,"06073f13":78,"4b4ef7fa":78,"a5aee5de":95,"3007f31f":79,"5fa12feb":78,"efd23af5":78,"d25e0f8d":85,"704bce0d":75,"06ee61b6":68,"1247fa52":77,"36380d96":87,"d34a29b9":83,"be2955bb":79,"f76a3e83":81,"cc11fef9":91,"026766f3":75,"26ed1a5c":77,"4360a1a3":87,"db703021":72,"751bcf25":77,"66497c7e":73,"805af3c7":80,"4777334c":69,"c0b0f492":90,"aa021138":85,"65a00a3c":80,"a81a857c":78,"259930ee":89,"36b7003c":99,"1d790491":80,"449d8475":73,"1a0189c4":77,"faf3ed07":72,"1b881e6e":89,"c6c85783":87,"92efd84f":81,"084cbc0b":72,"5747db6e":86,"2a06ab95":85,"f4726450":75,"778c95e9":76,"8d04852b":78,"8657c79d":89,"bd2705b0":96,"3b2dee89":78,"1c0a9eff":76,"e0e48a2d":83,"fea793f5":76,"9c58dd76":89,"b460f030":93,"6be9332a":76,"3e602573":63,"4febf7c5":86,"8e4c33d2":84,"0b3283c9":84,"1da771fb":77,"04bef50c":56,"e5b1abc6":68,"d83870f5":77,"25a2844e":80,"13b53c7a":79,"2a76f1dd":63,"5f4102da":82,"8007f30e":57,"55928ef1":85,"71e53c93":83,"0a1d11e6":66,"a5fd8ffd":82,"4bc46d7a":78,"45b5746e":73,"dc03ebd2":98,"abc1d7ad":89,"b9be31d6":81,"f7231212":79,"30b6808c":73,"c38c2b52":75,"d2466211":93,"abd32136":79,"753ca352":66,"c4bff41f":78,"9f5e6cba":89,"0681c48e":89,"03b4ab60":82,"c64de0c0":71,"8cddb65e":81,"15620dca":90,"22176537":71,"6cba74ce":73,"d1715f3b":84,"57540cc3":83,"217c0327":54,"affb82bf":83,"8274885a":87,"014bdff0":83,"3c43e8a2":81,"77d35808":81,"d36125db":88,"b36a0d66":66,"bab97de3":87,"820225e4":60,"f5829ac0":80,"411b5027":80,"e36dfd6f":70,"67f6e4f2":79,"7a2f3f06":70,"d0b297b2":70,"ef16ca37":78,"379184a7":89,"40569362":83,"8d000d6e":76,"9d9dd9e5":73,"1634789b":76,"bad1a1cc":66,"50d129cf":74,"d1fe2868":76,"842c8340":71,"cf775f58":79,"26c390d6":72,"f271ed5d":83,"72d7b461":85,"72b84094":91,"e1f0dbfd":85,"8f9b74b0":68,"d25e0f8d":86,"fb8bfb36":89,"7bebff03":65,"daab45c6":83,"470d50c2":78,"bd984a8e":73,"2e3503e4":77,"b215547b":76,"77300e4a":72,"f3992a31":79,"696fdac5":84,"751acea8":71,"9316e7e8":66,"f883d582":74,"dbd2f139":89,"a8726d50":62,"31408822":70,"db703021":73,"d9f512b9":82,"aab4d996":79,"dd1fcb17":72,"cac4449a":68,"cbad3b92":93,"4b4ef7fa":79,"ad8f85d6":84,"aa00769b":94,"bad6cdb1":80,"312f7676":83,"1757a30e":75,"b0869206":83,"93b0a158":81,"e4117b3b":62,"cb4f262b":80,"79be29c8":76,"cd522166":91,"d39724bc":77,"dc0c8b09":88,"13b53c7a":80,"78467b8a":89,"9d023afb":87,"6c524f99":70,"cf1b8c47":85,"012de09c":72,"25a2844e":81,"fe44fc6f":81,"f3a0c2ee":76,"d9a64845":75,"3f75d3bc":91,"4bc46d7a":79,"4777334c":70,"0b959527":74,"e786063b":75,"2af60749":87,"37a7d5b0":85,"af7e5be8":87,"7a840529":56,"0d28db94":73,"3c6692a3":91,"7028b044":75,"2a06ab95":86,"deb31f35":85,"bb8a6337":71,"bca2d7cd":77,"725dce8b":87,"c64de0c0":72,"9b3f8714":80,"f94bf9ea":76,"5e09f69e":81,"7d6895f4":75,"ac38a6a5":84,"2cb29e5a":91,"88432019":77,"f3d68430":82,"6d5fcd4c":83,"945b63f0":100,"597c1f81":74,"ba938220":72,"cb142908":75,"7ee148e9":73,"83086d4c":85,"09ff339a":63,"c0b7e7d7":64,"60e855ee":82,"004f1ef3":86,"b84a06eb":79,"5678ed7b":95,"88a30343":80,"868edcc0":77,"a3d4a0e5":85,"1db42092":89,"fb44fa9c":92,"02d4753e":90,"2e99f8fd":68,"608bc832":72,"fe0df575":94,"9f74b8a4":71,"b8ab8e6e":77,"97e75c19":88,"36b7003c":100,"789bd484":77,"04643409":90,"7e15f8e8":76,"d5557fb4":88,"72b84094":92,"21ad2f34":73,"7d112f4d":82,"288d171f":74,"feb67030":73,"d34a29b9":84,"3b7763b1":64,"547903ef":82,"80a8a56d":74,"0dad37d5":77,"fb8bfb36":90,"acac14fb":70,"8e99d5d0":86,"1e232870":86,"026766f3":76,"0d5ee801":67,"93683c82":72,"655941a0":85,"a68a93b2":72,"d0c104c4":59,"6585adbe":62,"de11eb19":99,"1bd5b20b":83,"d82592f4":78,"dfc89705":81,"27c8e038":87,"481754fc":64,"35b58ef9":72,"73b15e04":79,"71bc1295":78,"8bc04eb5":64,"87c462ee":84,"e4c312fe":80,"b3f19a69":76,"79be29c8":77,"c0b23081":86,"f0a06216":75,"33d6bb6a":72,"478d2d4f":91,"cfafcda8":79,"6a7392d5":72,"be3a10f8":88,"7af262e5":82,"f905a555":72,"810aa5e9":77,"78467b8a":90,"313258f2":71,"6023df54":78,"ec110282":85,"45b5746e":74,"be40590d":79,"5ab7bc35":82,"d9d7c4c2":84,"719c8869":92,"868cda42":75,"e3547548":66,"75ffea08":79,"0a2f71bc":66,"b28a5e67":84,"ffa08d82":84,"ba938220":73,"b5763ff6":65,"de6213c7":78,"b947257e":94,"a625328f":92,"72d7b461":86,"a2c334e7":99,"3c6692a3":92,"c0e2624b":73,"5a734022":74,"4125085e":80,"aec4e1bf":79,"17446892":76,"12534561":66,"725dce8b":88,"12dd6f5e":70,"d3e84616":95,"08c6b5d2":78,"7080f122":70,"dfa1a89b":72,"cc5a1d47":70,"43d87483":78,"b73e789c":76,"629800eb":86,"753ca352":67,"f1dffa24":62,"b935fc1c":71,"dc583e64":80,"77d35808":82,"93ac9ca3":79,"014bdff0":84,"2c5c1dc0":74,"411b5027":81,"8aa78e2f":71,"820225e4":61,"cf84fb54":83,"e7e82473":98,"59431390":78,"e8f173b5":75,"8f9b74b0":69,"ab7467de":96,"4eed1bea":80,"3b7763b1":65,"4c4aa2e2":84,"470d50c2":79,"7e8e1c3d":72,"9b742f71":73,"b6ee137a":76,"e1f0dbfd":86,"0dad37d5":78,"ebdbf580":73,"d548635d":75,"0da28f5b":86,"1f11812e":78,"d033db8d":78,"be4f8ba8":77,"eeaa2d46":79,"449d8475":74,"77bae750":69,"a939b50b":78,"9d63c4dd":72,"6adce358":90,"d957f027":70,"36684155":78,"1ff8c2fc":84,"3a1b9af5":75,"6585adbe":63,"d0b297b2":71,"00554ffd":85,"4ea4a2a1":94,"2e99f8fd":69,"17807120":81,"59c1e594":87,"0eaf08da":83,"a5aee5de":96,"a0b03218":81,"03c398d2":82,"87922532":84,"04cc7cbe":70,"ba586505":70,"20811ddf":71,"bb00e71c":67,"7735c3c2":74,"e0e48a2d":84,"82204d54":74,"c0b23081":87,"2a76f1dd":64,"a0685bf3":89,"a567ace4":81,"c1bb74f2":74,"c6dc900c":59,"fd482491":91,"52eca0dc":83,"7fdc2007":75,"2dd0e808":77,"5ccf94d6":76,"751bcf25":78,"059d6c19":94,"dae0f922":83,"74f234c6":80,"e32524d6":79,"d6f0d94a":70,"3fdb08f5":78,"b7505747":88,"c7636527":70,"ea6de194":81,"c4e70c07":77,"6023df54":79,"43bc86e3":76,"b7832271":78,"70bc8325":74,"f94bf9ea":77,"d6d61bfc":85,"dd7acb96":78,"d0d6acb1":66,"3a1d1632":56,"2ab62345":70,"84b767be":93,"50c3164b":86,"42c80e69":88,"aa5dfdf5":80,"74e3d13e":75,"6df0b2e8":97,"36d340f2":67,"f2ca27d9":71,"1d44aff3":82,"74c26380":78,"e57d5cda":91,"50c468ba":73,"a06a6430":75,"e4cfef0a":68,"b73e789c":77,"fe1d4419":84,"004f1ef3":87,"83086d4c":86,"e7773397":65,"5b60dd1d":81,"b769bdfb":88,"95d3d348":76,"3c782bb3":74,"11888cfa":73,"69f3bfcc":80,"5678ed7b":96,"e7e82473":99,"7a840529":57,"7566fdd6":85,"7e8e1c3d":73,"2ad42a9e":77,"f734c84c":101,"547903ef":83,"4295ce9a":87,"feb67030":74,"6bc5d32a":96,"69d4b754":76,"1247fa52":78,"f33c0140":80,"f598a332":76,"acac14fb":71,"704bce0d":76,"e0154608":66,"ccdd1ce6":76,"ac38a6a5":85,"f3d68430":83,"8cc4a982":74,"bc021def":92,"527ff946":85,"25d1b2d8":81,"e15fd611":63,"815e4582":78,"088feee2":88,"650bb0e0":83,"a9b1bd51":61,"e81834aa":91,"a6bcb07e":91,"6585adbe":64,"36fb15d2":79,"3652bd66":76,"fe0df575":95,"f9c15fcc":85,"08a4c3f8":79,"cd95f558":82,"792cfcbd":67,"a636f4c9":95,"481754fc":65,"be1746a0":69,"01cd8099":81,"59c1e594":88,"0f72f2d8":75,"d83870f5":78,"04bef50c":57,"93b0a158":82,"6775d5cd":76,"37d0cae2":79,"8b5a8e9f":97,"30c184b8":88,"6b82b527":72,"124fbe96":74,"f67de058":77,"6c524f99":71,"7bda83dd":81,"cd3bbe7e":81,"dbd2f139":90,"1f11812e":79,"7a9344a4":97,"d70ca4f4":90,"4ee62a26":66,"a68a93b2":73,"08a06557":100,"719c8869":93,"2045d7d6":71,"7e76c93c":90,"65a00a3c":81,"24ffcbd3":87,"c015ec5a":74,"ec11fe5f":66,"f2e3c0e3":69,"730338c4":90,"9ab755d3":72,"3062379b":65,"8657c79d":90,"84b767be":94,"3c6692a3":93,"12534561":67,"c793cdda":77,"a6003226":75,"3a1d1632":57,"5f6613c8":67,"71279c46":71,"61d4782d":81,"540df50f":86,"1d44aff3":83,"4abb7aed":76,"aa867541":69,"6e44927f":65,"db8ba455":86,"810aa5e9":78,"28654c76":88,"317c1591":81,"3a204e56":84,"5781776a":85,"fb7b7b3c":89,"5099c6a0":96,"b1f58563":81,"a58bf525":80,"6291e9e9":80,"7e95c5a0":70,"869cbaa0":92,"cf9f4757":71,"0d28db94":74,"b9be31d6":82,"e57d5cda":92,"7566fdd6":86,"40e79dd3":70,"2b3c49b9":82,"feb67030":75,"07107f6e":79,"92136ff5":84,"fb8bfb36":91,"da3437cd":68,"6b78ad7f":89,"80a8a56d":75,"704bce0d":77,"d34a29b9":85,"36380d96":88,"15620dca":91,"6d5fcd4c":84,"eeaa2d46":80,"dfa1a89b":73,"30dd2edc":82,"1d153b20":78,"4469c815":62,"a9b1bd51":62,"1b881e6e":90,"a939b50b":79,"48efc739":96,"97e75c19":89,"8a52882e":77,"c67979e6":91,"59431390":79,"b2703001":79,"0be540c5":80,"a24e6670":83,"de36827b":98,"0114160e":83,"336d0f08":88,"c4aa1e38":68,"4ba6eb36":80,"9e878ec2":99,"06073f13":79,"31f6d707":93,"792c9b6a":66,"cac4449a":69,"9fc713b0":78,"2c24d929":88,"dd1fcb17":73,"aa00769b":95,"56752a4a":69,"a543ec74":77,"abad2347":79,"79be29c8":78,"51a3e9c2":83,"d929098e":64,"b3f19a69":77,"d78dd457":70,"7ee7621c":79,"1a68160d":80,"9f2b16a7":82,"059d6c19":95,"b6591e25":75,"9d4da635":55,"1e7753d9":93,"5ccf94d6":77,"61f25dd4":93,"db703021":74,"e1571af7":81,"c0b0f492":91,"3bad3c95":59,"4c39240e":83,"805af3c7":81,"a577db1c":68,"2154b6e8":74,"05f6ab35":73,"bb00e71c":68,"b87158fb":84,"1f7607df":63,"ea822700":66,"6a3eaf43":79,"8cd78f77":90,"f271ed5d":84,"d552eb2f":82,"8657c79d":91,"540df50f":87,"a1370ab0":82,"9b3f8714":81,"03b4ab60":83,"c4bff41f":79,"e4714415":90,"6df0b2e8":98,"fee32863":76,"6c524f99":72,"2bcca6a7":94,"7af262e5":83,"5f96c2bc":70,"2c6cb96f":66,"aa867541":70,"5623817d":81,"39bbc4bc":91,"437fc3ec":80,"c95719e5":70,"3e082b37":70,"c318d350":85,"c7ab83c1":66,"b28a5e67":85,"cf1b8c47":86,"345c9967":73,"7896b953":81,"07f98660":89,"76f94eda":78,"619fda68":92,"8fb236a9":77,"9c29f0ed":90,"4d9b0b10":79,"7e95c5a0":71,"d25e0f8d":87,"79e4fa1c":72,"92136ff5":85,"20777945":74,"c650b434":93,"f734c84c":102,"f9f2c53f":69,"6143f39d":77,"1d153b20":79,"53a8613c":98,"30dd2edc":83,"7d6895f4":76,"b9a48a5c":61,"865d9857":61,"0670c466":76,"77bae750":70,"bf822e33":81,"e99318a3":71,"2b3e4717":78,"1be05c14":67,"b2703001":80,"90731976":77,"de36827b":99,"1db42092":90,"0b5a0408":75,"07fc4a9a":82,"4ac6bd4e":60,"9260d96b":89,"fe0df575":96,"fa55f27a":93,"3a1b9af5":76,"8d000d6e":77,"f9c15fcc":86,"73b15e04":80,"3e602573":64,"9fc713b0":79,"dfc89705":82,"cac4449a":70,"792cfcbd":68,"0f72f2d8":76,"abad2347":80,"ea4d3f3e":89,"e4117b3b":63,"fea793f5":77,"c0fea118":78,"b2c25d1c":76,"e7abc88d":62,"c85a0d80":81,"34c5c729":81,"168e75d9":79,"a836aa93":80,"a4f1d83b":80,"d033db8d":79,"30fdcd3b":77,"1f11812e":80,"61f25dd4":94,"0841052c":75,"30d84dce":75,"dac109cf":74,"37a7d5b0":86,"5f620a1e":88,"3fdb08f5":79,"d141db49":74,"d9d7c4c2":85,"7043382d":81,"4b125e7b":83,"9d9dd9e5":74,"44a4f7cd":75,"2d13e69b":74,"70bc8325":75,"f271ed5d":85,"b7832271":79,"39ba00f0":81,"af0b61ab":80,"383e232d":74,"be149c6f":71,"76f3a3be":74,"e9a8cf11":79,"162a7348":79,"bc3dc66a":83,"0681c48e":90,"c93c3508":60,"6c20c153":74,"9d023afb":88,"1bb4ccc0":74,"5f4102da":83,"1bc0591f":79,"4c0e547b":80,"77d35808":83,"c318d350":86,"971675c5":87,"8e4c33d2":85,"f6fe095d":94,"22aeaf03":82,"60e855ee":83,"2a4a402a":77,"9a3ab0b8":63,"2a76f1dd":65,"61145ec9":89,"f789f6d8":92,"e865e4dd":75,"781ace7d":78,"a472532e":69,"49cb2959":85,"313258f2":72,"ffa08d82":85,"77bfed7e":73,"6f39f4d9":95,"753ca352":68,"9c29f0ed":91,"e57d5cda":93,"0bfabf48":76,"f9f2c53f":70,"fb8bfb36":92,"913a6226":76,"0a96f57a":86,"a0cca8b7":70,"8cc4a982":75,"9c045c61":83,"57540cc3":84,"a63bddd4":93,"30dd2edc":84,"f5596d0f":86,"0277d748":90,"254cc28c":85,"868edcc0":78,"1438fad7":82,"e0f7679f":68,"4ff2225d":75,"0114160e":84,"05642105":75,"95f6db13":69,"608bc832":73,"36fb15d2":80,"50312237":79,"5ee911b5":78,"ea274174":86,"06073f13":80,"c4aa1e38":69,"064a99c8":75,"48655f09":97,"87922532":85,"99d130c9":86,"a1921150":85,"5f7d7195":79,"cb6c9e42":94,"9d9dd9e5":75,"794f652b":79,"1634789b":77,"84b67924":82,"835358a0":69,"de6213c7":79,"8cd78f77":91,"508aac3d":83,"b5763ff6":66,"98915a1f":63,"3c18f28e":73,"71279c46":72,"725dce8b":89,"bc3dc66a":84,"5a622a23":73,"b6ee137a":77,"f2086446":82,"972f4174":94,"8e780922":80,"e0154608":67,"79f04300":78,"104721f0":77,"4e3f5178":87,"d70ca4f4":91,"9316e7e8":67,"f4634d0b":67,"1e7753d9":94,"31408822":71,"c3e6ef01":87,"93683c82":73,"805af3c7":82,"4fd645f1":66,"4577b333":78,"ce3bf5db":74,"c015ec5a":75,"04ea5673":83,"28d40296":60,"d83870f5":79,"f56ac638":67,"ad2d7bed":85,"1bb4ccc0":75,"4b125e7b":84,"6c524f99":73,"6b82b527":73,"1105f790":80,"eebc8d43":83,"e356abf1":84,"87ce8d1d":68,"bc392d1c":72,"ad8f85d6":85,"263762cb":70,"c0b7e7d7":65,"c564e316":79,"3f2522c2":78,"ea9bba6b":73,"a40846b7":86,"d1676e89":78,"92ca52b7":81,"05f6ab35":74,"25a2844e":82,"fafb4cc2":102,"50b558a7":66,"f3a0c2ee":77,"4abb7aed":77,"2c6cb96f":67,"ec110282":86,"db8ba455":87,"49cb2959":86,"053f3451":79,"30b6808c":74,"6f39f4d9":96,"c38c2b52":76,"c803b4a3":81,"7218c9f1":66,"77bfed7e":74,"4125085e":81,"dcfaba4c":75,"6632fed0":84,"b946e146":93,"f87c5031":67,"2cb29e5a":92,"57540cc3":85,"140ce69e":79,"9a467a82":76,"8cc4a982":76,"d36125db":89,"159ffd0b":59,"e36dfd6f":71,"4ff2225d":76,"45fb95c1":82,"1bd5b20b":84,"fb44fa9c":93,"4ac6bd4e":61,"8493f3b2":82,"05642105":76,"6ebe2354":68,"7a6aa4b6":81,"baebb391":86,"51c57542":83,"547903ef":84,"7e8e1c3d":74,"40e79dd3":71,"93e8cee5":89,"21ad2f34":74,"805534ac":70,"685207b3":83,"79f04300":79,"f598a332":77,"8e99d5d0":87,"f2086446":83,"e0154608":68,"ebdbf580":74,"e62d705f":69,"9d4da635":56,"31408822":72
1604737514265,"bc392d1c":73,"e0e6a097":73,"12271e14":74,"06073f13":81,"2c24d929":89,"d0e9a58e":67,"99d130c9":87,"be1746a0":70,"014bdff0":85,"f5cd79c1":71,"19f9ca86":86,"8dd649a3":71,"3a204e56":85,"09f0db62":106,"578f6e9e":87,"0d2c95fe":72,"32c9fc47":78,"d36125db":90,"ce4da56f":80,"1f88a4b7":88,"49910300":73,"9ceb5439":69,"cb6c9e42":95,"842c8340":72,"d1fe2868":77,"5339e1e9":74,"faf3ed07":73,"1634789b":78,"3c6692a3":94,"911e770b":83,"8cd78f77":92,"f271ed5d":86,"9147702f":70,"fd369c21":87,"bca2d7cd":78,"f5829ac0":81,"d0e9a58e":68,"5a0ead91":74,"1bd5b20b":85,"ef16ca37":79,"82b81567":72,"792c9b6a":67,"d102b0c6":63,"dfc89705":83,"73b15e04":81,"be1746a0":71,"bad6cdb1":81,"04612878":83,"2d382981":77,"812b4f15":67,"8d04852b":79,"e4714415":91,"74e3d13e":76,"f94bf9ea":78,"60d6cee2":81,"24a9fb86":88,"b230e8d3":78,"7d6895f4":77,"9de29816":68,"bc021def":93,"08c6b5d2":79,"546f6845":87,"ec2cb1af":78,"d2a841c9":64,"40a745c0":83,"66b7b5b4":74,"94a2fe10":78,"059d6c19":96,"49b358bd":75,"2af60749":88,"e5d3655c":87,"d141db49":75,"638cb163":96,"b5ce0c0c":82,"014460b9":99,"7ee148e9":74,"014bdff0":86,"b935fc1c":72,"8dd649a3":72,"d599b566":96,"317c1591":82,"c95719e5":71,"1138796e":83,"3310a049":83,"9d9dd9e5":76,"e99318a3":72,"50d129cf":75,"0670c466":77,"6e98dfda":78,"d1fe2868":78,"c98d5272":84,"0fc5ac7e":95,"c0e2624b":74,"1f88a4b7":89,"4945c851":90,"d9dcdc4b":99,"1db42092":91,"e36dfd6f":72,"d815c5b4":94,"b0869206":84,"5b5fc566":71,"16b476e9":65,"7735c3c2":75,"82204d54":75,"fe8f3d36":63,"54d7de6b":87,"a567ace4":82,"f56ac638":68,"be3a10f8":89,"20958d58":76,"a5676c24":76,"7c0a2db6":80,"733c86f8":77,"810aa5e9":79,"dfcc2ad1":93,"a5fd8ffd":83,"71e53c93":84,"d8e58a8c":88,"8a165e17":83,"07f98660":90,"9fce073c":81,"ba938220":74,"6a5b71b4":82,"5a0ead91":75,"d102b0c6":64,"9263c525":77,"201cafad":72,"da3437cd":69,"4eed1bea":81,"3007f31f":80,"2209903e":78,"85de05f2":79,"92136ff5":86,"8f2a7d69":73,"fa55f27a":94,"288afc30":78,"82b81567":73,"ad8f85d6":86,"48655f09":98,"6be9332a":77,"56752a4a":70,"468fc85c":77,"aefe13f5":84,"0f72f2d8":77,"6a3eaf43":80,"7e991ab9":63,"272c7672":79,"fd07e0ed":76,"0d2a1c58":65,"4911acad":59,"0ecfa1c9":76,"a1370ab0":83,"540df50f":88,"dcfaba4c":76,"31f6ba51":78,"68562193":66,"bb99c79c":77,"ccdd1ce6":77,"53a8613c":99,"ef8321d8":75,"7d6895f4":78,"0e036ae9":93,"0785820e":84,"67c57de4":104,"e57d5cda":94,"288d171f":75,"be2955bb":80,"acac14fb":72,"7f86be64":82,"77300e4a":73,"f76a3e83":82,"ab7d4c9a":77,"9d4da635":57,"381c68fa":84,"a4f1d83b":81,"8db62558":80,"0af920d8":61,"467773ac":74,"4ee62a26":67,"04ea5673":84,"49b358bd":76,"37a7d5b0":87,"c1bdfd41":74,"c015ec5a":76,"c4e70c07":78,"7043382d":82,"71ff66e8":76,"f6fe095d":95,"c318d350":87,"363590c7":81,"b1f58563":82,"a77e127d":55,"eda6a690":65,"15620dca":92,"1634789b":79,"77bae750":71,"aff8e442":81,"37fbb107":91,"bf822e33":82,"5f7d7195":80,"5a0eb771":78,"5678ed7b":97,"8aa78e2f":72,"b36a0d66":67,"05642105":77,"1138796e":84,"37d0cae2":80,"ee21ad02":86,"f56ac638":69,"9d4f1fe6":68,"1757a30e":76,"bec9d329":89,"677c6a09":88,"f2e3c0e3":70,"92ca52b7":82,"6a7392d5":73,"c510bfd3":86,"906fdec3":68,"e35a63cd":80,"d9d0c567":77,"b28a5e67":86,"f5e8dfee":92,"45b5746e":75,"a59a8290":72,"ec110282":87,"56473430":83,"f789f6d8":93,"869cbaa0":93,"ce4da56f":81,"b84a06eb":80,"72b84094":93,"9d0546ac":76,"7d112f4d":83,"27d8bf51":83,"ded7da5a":83,"efd23af5":79,"d102b0c6":65,"f9c15fcc":87,"de11eb19":100,"358e45b1":84,"06073f13":82,"7ae3fc50":73,"b8397293":68,"468fc85c":78,"bc392d1c":74,"458dcc3d":83,"99d130c9":88,"aaa274a5":82,"f069bb07":77,"3c6692a3":95,"84b767be":95,"2c627253":74,"835358a0":70,"b7832271":80,"5ac86fb9":84,"4911acad":60,"227006e4":76,"c852d240":78,"5a734022":75,"17446892":77,"181c3dd5":76,"f2f58418":69,"8ac72326":71,"ef14000f":87,"619fda68":93,"91536e85":85,"629800eb":87,"2b698053":73,"a636f4c9":96,"2d382981":78,"804d4dfa":72,"daab45c6":84,"b215547b":77,"e9679ede":72,"6b78ad7f":90,"34c5c729":82,"77300e4a":74,"c5b35e4d":78,"1e191c98":61,"8e780922":81,"4279e829":91,"180377be":86,"d70ca4f4":92,"0af920d8":62,"751bcf25":79,"4360a1a3":88,"2154b6e8":75,"aab4d996":80,"c1bdfd41":75,"5ab7bc35":83,"868cda42":76,"4def63ee":61,"df2b4d87":73,"e7773397":66,"6b79fec2":72,"2c5c1dc0":75,"8dd649a3":73,"ac38a6a5":86,"a63bddd4":94,"f87c5031":68,"dfa1a89b":74,"623c6a31":83,"9a467a82":77,"5957df9e":73,"4ed01268":74,"794f652b":80,"9d63c4dd":73,"bad1a1cc":67,"789bd484":78,"f66616b7":75,"5b60dd1d":82,"c0b7e7d7":66,"578f6e9e":88,"a4dafea5":72,"1f88a4b7":90,"868edcc0":79,"3310a049":84,"88a30343":81,"d6db2b02":89,"3b2dee89":79,"aa187e3b":69,"7fef9973":82,"4b125e7b":85,"a66a2d8a":92,"a472532e":70,"5b5fc566":72,"aa76bc50":69,"c463799d":87,"16b476e9":66,"ef8987d7":72,"dc0c8b09":89,"045f280d":84,"d0b297b2":72,"e0e6a097":74,"9e878ec2":100,"1bd5b20b":86,"50312237":80,"379184a7":90,"408bb2ed":67,"468fc85c":79,"b6aaf976":87,"2d13e69b":75,"3062379b":66,"8657c79d":92,"2f455cce":83,"cbb54a0a":66,"c93c3508":61,"884b0ad1":79,"c64de0c0":73,"a625328f":93,"03b4ab60":84,"31f6ba51":79,"4cc141fa":63,"12271e14":75,"c27969ec":81,"c6e3d352":88,"26c6fa34":74,"9f74b8a4":72,"313258f2":73,"0d770b97":82,"e865e4dd":76,"e35a63cd":81,"50c468ba":74,"00a17b46":74,"a0685bf3":90,"7896b953":82,"65e4235b":78,"c6dc900c":60,"e28c2efc":71,"c1bb74f2":75,"b73e789c":78,"7fb4c521":73,"faf4f98b":83,"20777945":75,"e21c6207":74,"547903ef":85,"e1f0dbfd":87,"ded7da5a":84,"4b4ecbce":71,"0149e11a":70,"ca6d2d91":79,"dcf85091":61,"5272520d":72,"bfad1727":72,"9d4da635":58,"bd984a8e":74,"6e24d88b":75,"b3863630":70,"acac14fb":73,"94a2fe10":79,"7f86be64":83,"026766f3":77,"30fdcd3b":78,"1a68160d":81,"d9d7c4c2":86,"f8b31ce5":103,"263762cb":71,"dc583e64":81,"004f1ef3":88,"1da771fb":78,"60e855ee":84,"016953e4":88,"42c80e69":89,"217c0327":55,"8cddb65e":82,"3661e12d":72,"61d4782d":82,"546f6845":88,"6d5fcd4c":85,"36d340f2":68,"6cba74ce":74,"945b63f0":101,"a1921150":86,"1b881e6e":91,"1d790491":81,"4ed01268":75,"66d94227":70,"36b7003c":101,"c6c85783":88,"95d3d348":77,"dac109cf":75,"25776fc4":89,"e3547548":67,"44c77422":84,"805af3c7":83,"bd2705b0":97,"dffa7793":61,"16b476e9":67,"4652b09a":94,"1c0a9eff":77,"d39724bc":78,"6775d5cd":77,"82204d54":76,"1745a0f4":77,"8f10fa42":94,"92ca52b7":83,"f905a555":73,"3c0df8b4":84,"b8488fc8":77,"71ba7561":75,"a66a2d8a":93,"062179c1":81,"d9d0c567":78,"aa867541":71,"1438fad7":83,"8aa78e2f":73,"3310a049":85,"17b08923":77,"88a30343":82,"489a39f7":70,"bbe71605":71,"45b038bb":101,"379184a7":91,"50312237":81,"608bc832":74,"336d0f08":89,"4f5e3e7d":69,"b35e9e1a":107,"d744bee2":73,"22234d6b":84,"4bcd4a30":101,"ef1c2dcb":79,"c852d240":79,"72d7b461":87,"3c18f28e":74,"730338c4":91,"31f6ba51":80,"0d2a1c58":66,"1ed46298":94,"bc3dc66a":85,"b230e8d3":79,"32133249":85,"cf52025e":72,"c27969ec":82,"ad8f85d6":87,"468fc85c":80,"946df4fd":84,"04612878":84,"bc392d1c":75,"fafb4cc2":103,"b2cfdbcf":73,"1dad0f99":83,"869cbaa0":94,"7566fdd6":87,"056ea7ff":85,"629800eb":88,"4930f321":72,"87083264":85,"2b3c49b9":83,"ded7da5a":85,"79e4fa1c":73,"18d20aa1":73,"4dac6b20":64,"6bc5d32a":97,"f4343817":81,"972f4174":95,"efe84c27":70,"be2955bb":81,"470d50c2":80,"a3253019":75,"501db4de":79,"c382f054":81,"5272520d":73,"0c0e98ea":66,"9316e7e8":68,"61f25dd4":95,"d033db8d":80,"19e9776f":89,"58d46189":89,"f6fe095d":96,"695a2b92":73,"12dd6f5e":71,"6cba74ce":75,"945b63f0":102,"8cc4a982":77,"d1715f3b":85,"f5596d0f":87,"3f65f121":85,"44a4f7cd":76,"8ec3834d":91,"36684155":79,"1a0189c4":78,"93fdbb44":65,"7e15f8e8":77,"e15fd611":64,"6b79fec2":73,"ea9bba6b":74,"2c5c1dc0":76,"7ee148e9":75,"c564e316":80,"75ffea08":80,"24ffcbd3":88,"08a06557":101,"65a00a3c":82,"e3547548":68,"4777334c":71,"ffc86f94":65,"fea793f5":78,"04cc7cbe":71,"8bc04eb5":65,"a6b5e869":74,"b3f19a69":78,"1a442bc7":81,"e356abf1":85,"c510bfd3":87,"1bc0591f":80,"eb2e1983":72,"cfafcda8":80,"b8488fc8":78,"95904ac4":94,"062179c1":82,"0a1d11e6":67,"e36dfd6f":73,"49910300":74,"a4dafea5":73,"95bc84f1":69,"bbe71605":72,"8b2b601d":76,"045f280d":85,"ea274174":87,"08a4c3f8":80,"3652bd66":77,"6585adbe":65,"3a1b9af5":77,"36fb15d2":81,"49bf2e95":62,"272c7672":80,"84b67924":83,"70c1e715":76,"aec074c4":89,"8cd78f77":93,"8657c79d":93,"57d5dee8":88,"c793cdda":78,"d6d61bfc":86,"03b4ab60":85,"2132fe93":87,"71a2a493":55,"288a2c43":75,"064a99c8":76,"a543ec74":78,"03dcfa3d":81,"be3a10f8":90,"28654c76":89,"a5676c24":77,"8a165e17":84,"8db5a165":64,"71e53c93":85,"7fb4c521":74,"9f74b8a4":73,"77bfed7e":75,"d2466211":94,"2b698053":74,"4930f321":73,"87cd2add":74,"b2bd8fd3":73,"35b58ef9":73,"26dd2000":82,"6b9eff39":76,"cd421290":73,"f9f2c53f":71,"70594a28":74,"6bc5d32a":98,"feb67030":76,"655954ba":77,"ebdbf580":75,"972f4174":96,"9267f0ef":91,"c21ab51e":60,"288d171f":76,"1e232870":87,"7a9344a4":98,"9316e7e8":69,"381c68fa":85,"26ed1a5c":78,"1c3a30c5":75,"cbad3b92":94,"bb8a6337":72,"b9a48a5c":62,"6de0aaac":66,"09560615":61,"51f57142":89,"f3d68430":84,"945b63f0":103,"315537b2":75,"d5557fb4":89,"c67979e6":92,"263762cb":72,"dc583e64":82,"f1dffa24":63,"437fc3ec":81,"09f0db62":107,"c95719e5":72,"c318d350":88,"aa187e3b":70,"87c462ee":85,"8bc04eb5":66,"b0869206":85,"54d7de6b":88,"ee21ad02":87,"e356abf1":86,"e62d705f":70,"a4f1d83b":82,"f1b493de":92,"4c39240e":84,"4577b333":79,"d141db49":76,"b7505747":89,"3fdb08f5":80,"a33fe0dd":89,"a577db1c":69,"bab97de3":88,"8298e976":99,"26009d3f":75,"7732eb1e":96,"0be540c5":81,"6a60348e":70,"868edcc0":80,"1bd5b20b":87,"7a6aa4b6":82,"d957f027":71,"37fbb107":92,"77f31bab":79,"c6c85783":89,"97e75c19":90,"d744bee2":74,"508aac3d":84,"5747db6e":87,"0fc5ac7e":96,"70c1e715":77,"84b67924":84,"dcfaba4c":77,"bca2d7cd":79,"5a734022":76,"36fb15d2":82,"3d1af513":90,"8323d333":68,"ef16ca37":80,"08a4c3f8":81,"547903ef":86,"4eed1bea":82,"a0ce82b4":84,"6b9eff39":77,"5a622a23":74,"0a96f57a":87,"e2cbe594":71,"c0fea118":79,"a3253019":76,"bd984a8e":75,"704bce0d":78,"6b78ad7f":91,"168e75d9":80,"3e602573":65,"f67de058":78,"05f6ab35":75,"1105f790":81,"2c6cb96f":68,"a66a2d8a":94,"345c9967":74,"be3a10f8":91,"cf1b8c47":87,"ec11fe5f":67,"8db5a165":65,"7fdc2007":76,"a472532e":71,"dc03ebd2":99,"195eb771":80,"af7e5be8":88,"056ea7ff":86,"869cbaa0":95,"43d87483":79,"b9be31d6":83,"53b4e647":90,"faf4f98b":84,"a543ec74":79,"27c8e038":88,"cbad3b92":95,"71bc1295":79,"cac4449a":71,"b460f030":94,"9b3f8714":82,"181c3dd5":77,"2132fe93":88,"b230e8d3":80,"35aa7fd0":95,"12012fbd":77,"4469c815":63,"6cba74ce":76,"a77e8461":77,"217c0327":56,"175bc6b2":69,"ac38a6a5":87,"a77e127d":56,"c0b7e7d7":67,"82868763":76,"09ff339a":64,"9cb4697f":89,"e6ec8cbf":88,"88ce179e":89,"7fef9973":83,"3b2dee89":80,"3a204e56":86,"60e855ee":85,"1e232870":88,"f883d582":75,"1e191c98":62,"d0c104c4":60,"94a2fe10":80,"cf1124db":69,"b6591e25":76,"0c0e98ea":67,"e1571af7":82,"e5d3655c":88,"0b959527":75,"b5ce0c0c":83,"859545e6":65,"2af60749":89,"b320feb9":77,"836701f6":67,"1138796e":85,"8aa78e2f":74,"2d1e1e9d":75,"2cce4fb2":86,"45fb95c1":83,"6a60348e":71,"e81834aa":92,"2b3e4717":79,"90d52475":77,"0670c466":78,"c6c85783":90,"c67979e6":93,"5a0eb771":79,"ce3407dd":83,"7db3edda":79,"1f7607df":64,"06073f13":83,"5f8517b7":99,"9263c525":78,"b377a62a":71,"6f0fcb9d":87,"0ac825ed":84,"c4aa1e38":70,"c455f40e":70,"70594a28":75,"913a6226":77,"77898c22":67,"5fa12feb":79,"7bebff03":66,"4e5aaaec":72,"1247fa52":79,"ba586505":71,"ea4d3f3e":90,"82204d54":77,"b8488fc8":79,"55928ef1":86,"11b2c8d9":75,"7bda83dd":82,"731fc335":64,"fead11cf":70,"1d44aff3":84,"dc03ebd2":100,"6c524f99":74,"f3a0c2ee":78,"5f96c2bc":71,"ef8987d7":73,"dd035d2a":76,"a06a6430":76,"4d9b0b10":80,"ae95f2ba":96,"7fb4c521":75,"621d6b18":90,"9fce073c":82,"67c57de4":105,"468fc85c":81,"a0bc1ceb":77,"baebb391":87,"99d130c9":89,"03c398d2":83,"2d382981":79,"4b4ef7fa":80,"50c3164b":87,"bca2d7cd":80,"d1ca5d6b":89,"3c18f28e":75,"d3a669ac":93,"725dce8b":90,"383e232d":75,"3a1d1632":58,"af034fee":73,"bc3dc66a":86,"51f80f4c":85,"b7cc7909":73,"15620dca":93,"8547fbc2":77,"6d339d45":69,"a77e8461":78,"8cc4a982":78,"172217e5":84,"140ce69e":80,"263762cb":73,"19f9ca86":87,"e0154608":69,"dcf85091":62,"f3992a31":80,"53431634":96,"c7313e0a":87,"5e193fc8":82,"ca6d2d91":80,"4279e829":92,"5ccf94d6":78,"40a745c0":84,"381c68fa":86,"751acea8":72,"6f81493d":78,"ca7d47f7":80,"88fa53d6":69,"62d1d346":65,"25776fc4":90,"4777334c":72,"b7505747":90,"0b959527":76,"f6fe095d":97,"004f1ef3":89,"26f99a1e":83,"71ff66e8":77,"c7ab83c1":67,"59431390":80,"a4dafea5":74,"90731976":78,"a24e6670":84,"5339e1e9":75,"5a0eb771":80,"bda8cdfb":82,"254cc28c":86,"f66616b7":76,"77f31bab":80,"5d087c79":82,"11888cfa":74,"489a39f7":71,"013ee301":78,"a533489b":87,"9260d96b":90,"2b3c49b9":84,"2209903e":79,"e1f0dbfd":88,"18d20aa1":74,"f734c84c":103,"a0ce82b4":85,"4ba6eb36":81,"9e878ec2":101,"6585adbe":66,"5acaa06f":62,"e382ec3f":68,"87c462ee":86,"d815c5b4":95,"fea793f5":79,"16b476e9":68,"aa187e3b":71,"1a442bc7":82,"82204d54":78,"d78dd457":71,"a8c93bed":80,"062179c1":83,"a567ace4":83,"08a561b7":73,"fee32863":77,"537634c9":68,"f789f6d8":94,"2a4a402a":78,"da04caac":80,"65e4235b":79,"74c26380":79,"cf1b8c47":88,"50c468ba":75,"af7e5be8":89,"67c57de4":106,"d83294cd":75,"053f3451":80,"9aa6a054":77,"87083264":86,"408bb2ed":68,"064a99c8":77,"9c58dd76":90,"aa00769b":96,"87922532":86,"4febf7c5":87,"23080895":68,"a636f4c9":97,"70c1e715":78,"d552eb2f":83,"5747db6e":88,"3062379b":67,"84b67924":85,"d1ca5d6b":90,"1ed46298":95,"b947257e":95,"bb8a6337":73,"64db4feb":92,"12534561":68,"c93c3508":62,"32133249":86,"181c3dd5":78,"7d6895f4":79,"b9a48a5c":63,"eeaa2d46":81,"a63bddd4":95,"88432019":78,"6143f39d":78,"49902219":91,"547903ef":87,"a836aa93":81,"c85a0d80":82,"0a92153e":84,"53431634":97,"69134f07":76,"501db4de":80,"be2955bb":82,"059d6c19":97,"381c68fa":87,"a4f1d83b":83,"66497c7e":74,"f883d582":76,"a68a93b2":74,"751acea8":73,"dac109cf":76,"0b959527":77,"7be025ce":77,"0f029727":73,"62d1d346":66,"fbdffc95":71,"e786063b":76,"016953e4":89,"004f1ef3":90,"2c5c1dc0":77,"695a2b92":74,"3a204e56":87,"ea9bba6b":75,"c7ab83c1":68,"31d74eee":69,"a1921150":87,"ccf8b803":68,"b88033fd":85,"aff8e442":82,"842c8340":73,"0f1ac912":69,"66554572":62,"f044c0e1":63,"0114160e":85,"3c782bb3":75,"e0f7679f":69,"90731976":79,"8298e976":100,"7e8e1c3d":75,"e2cbe594":72,"3a1b9af5":78,"5f8517b7":100,"e4c312fe":81,"abad2347":81,"d815c5b4":96,"e6ec8cbf":89
1604737515218,"79be29c8":79,"67d30f2b":78,"20811ddf":72,"4c0e547b":81,"20958d58":77,"13b53c7a":81,"be3a10f8":92,"062179c1":84,"fead11cf":71,"91f7ef72":80,"2352c8ef":69,"781ace7d":79,"da04caac":81,"810aa5e9":80,"45b5746e":76,"08a561b7":74,"c91966ce":73,"8fb236a9":78,"4d9b0b10":81,"b9be31d6":84,"6a5b71b4":83,"f7231212":80,"67c57de4":107,"6034b6d0":83,"6bc5d32a":99,"e21c6207":75,"79e4fa1c":74,"26dd2000":83,"07107f6e":80,"3498f223":71,"c7313e0a":88,"a836aa93":82,"7f86be64":84,"79f04300":80,"168e75d9":81,"704bce0d":79,"f1b493de":93,"c8977844":83,"4360a1a3":89,"d634aa28":96,"bd2705b0":98,"1c0a9eff":78,"04bef50c":58,"7fef9973":84,"6775d5cd":78,"4258c176":76,"ba586505":72,"a66a2d8a":95,"be3a10f8":93,"ec11fe5f":68,"20958d58":78,"dd3913d2":75,"cd522166":92,"28654c76":90,"1f11812e":81,"c3e6ef01":88,"1e7753d9":95,"49b358bd":77,"aab4d996":81,"2154b6e8":76,"cc6bbe45":67,"ea6de194":82,"fbdffc95":72,"dac109cf":77,"a0cf08b3":69,"ba5c52af":81,"a15713c6":83,"91f7ef72":81,"ec110282":88,"f789f6d8":95,"dd035d2a":77,"fd07e0ed":77,"22234d6b":85,"5747db6e":89,"88b3bc99":77,"8cd78f77":94,"272c7672":81,"9b3f8714":83,"2c627253":75,"61d4782d":83,"3a1d1632":59,"dcfaba4c":78,"a6003226":76,"c4bff41f":80,"1ed46298":96,"2cb29e5a":93,"6d339d45":70,"cb142908":76,"a06a6430":77,"ef91eaae":64,"f1df62b4":75,"619fda68":94,"4930f321":74,"753ca352":69,"26dd2000":84,"c8dc010f":91,"201cafad":73,"6b9eff39":78,"debe1f65":86,"7bebff03":67,"f4343817":82,"4c4aa2e2":85,"b3863630":71,"d34a29b9":86,"470d50c2":81,"c85a0d80":83,"754f98c9":77,"4e3f5178":88,"2dda3936":80,"ccdd1ce6":78,"3661e12d":73,"8547fbc2":78,"08c6b5d2":80,"31d74eee":70,"66d94227":71,"bda8cdfb":83,"5339e1e9":76,"4ed01268":76,"d957f027":72,"e99318a3":73,"7a2f3f06":71,"4ac6bd4e":62,"b377a62a":72,"8323d333":69,"b7407bd3":72,"a543ec74":80,"b7df1559":87,"baebb391":88,"1c3a30c5":76,"9c58dd76":91,"2d382981":80,"27c8e038":89,"6c20c153":75,"6775d5cd":79,"b0869206":86,"3b2dee89":81,"67d30f2b":79,"abad2347":82,"e382ec3f":69,"733c86f8":78,"fee32863":78,"56d315d8":64,"a4f1d83b":84,"3b690f68":95,"c8977844":84,"f883d582":77,"8942c35b":85,"467773ac":75,"4577b333":80,"fbdffc95":73,"e32524d6":80,"7043382d":83,"37a7d5b0":88,"ea6de194":83,"d6f0d94a":71,"fef750ca":81,"a66a2d8a":96,"fe8f3d36":64,"5ef93e5d":59,"eebc8d43":84,"fead11cf":72,"83b2f9c5":89,"383e232d":76,"cbb54a0a":67,"b7832271":81,"f271ed5d":87,"6e851762":68,"081460bf":83,"b947257e":96,"74e3d13e":77,"13747b82":81,"2d13e69b":76,"4911acad":61,"9f5e6cba":90,"c93c3508":63,"8d04852b":80,"71ba7561":76,"537634c9":69,"45b5746e":77,"db8ba455":88,"9c29f0ed":92,"7c0a2db6":81,"2b698053":75,"1da771fb":79,"82868763":77,"437fc3ec":82,"e7773397":67,"09ff339a":65,"dc583e64":83,"004f1ef3":91,"6db0ea86":84,"8aa78e2f":75,"868edcc0":81,"1db42092":92,"053f3451":81,"6a5b71b4":84,"629800eb":89,"753ca352":70,"869cbaa0":96,"c455f40e":71,"44ff8baa":74,"5a622a23":75,"4dac6b20":65,"ccb5ea3e":65,"07107f6e":81,"85de05f2":80,"f33c0140":81,"ebdbf580":76,"a4296d1e":84,"f2ca27d9":72,"f5596d0f":88,"15620dca":94,"d1715f3b":86,"f3d68430":85,"3454fa2b":76,"ccdd1ce6":79,"cb6c9e42":96,"1634789b":80,"36684155":80,"5a0eb771":81,"97e75c19":91,"789bd484":79,"1b881e6e":92,"8b2b601d":77,"49910300":75,"a4dafea5":75,"761cf820":75,"9260d96b":91,"5acaa06f":63,"e0e6a097":75,"db0a661e":84,"3a1b9af5":79,"b4fdf90e":79,"23080895":69,"e8d74304":66,"458dcc3d":84,"946df4fd":85,"a5aee5de":97,"9fc713b0":80,"4b4ef7fa":81,"3b2dee89":82,"ea4d3f3e":91,"d1d40c9c":84,"16b476e9":69,"51a3e9c2":84,"80a8a56d":76,"4ee62a26":68,"d548635d":76,"ddec9e54":73,"c382f054":82,"c85a0d80":84,"d033db8d":81,"c0b0f492":92,"dac109cf":78,"a4f1d83b":85,"0b959527":78,"b7434f57":71,"638cb163":97,"751bcf25":80,"c8977844":85,"c7636527":71,"4fd645f1":67,"3bad3c95":60,"d4d5f466":78,"6ee92259":83,"82204d54":79,"831c7b85":82,"8f10fa42":95,"78467b8a":91,"26c390d6":73,"72d7b461":88,"98915a1f":64,"a6626a13":66,"e58b26f6":79,"b7832271":82,"c9efc8f6":76,"4911acad":62,"c793cdda":79,"3a1d1632":60,"2132fe93":89,"f94bf9ea":79,"64db4feb":93,"4125085e":82,"a901627e":69,"33d6bb6a":73,"cf1b8c47":89,"dd3913d2":76,"55928ef1":87,"43bc86e3":77,"621d6b18":91,"2c6cb96f":69,"e7773397":68,"f5cd79c1":72,"83086d4c":87,"f2470875":91,"2c5c1dc0":78,"77d35808":84,"a58bf525":81,"d5dae4c4":93,"385ab7c6":79,"7e95c5a0":72,"012de09c":73,"5fa12feb":80,"e2a7d915":77,"0149e11a":71,"27d8bf51":84,"2dd0e808":78,"50c468ba":76,"d5059415":81,"cf9f4757":72,"0d28db94":75,"4d35385e":78,"b9a48a5c":64,"6de0aaac":67,"ec2cb1af":79,"eeaa2d46":82,"8cc4a982":79,"30dd2edc":85,"31d74eee":71,"088feee2":89,"a939b50b":80,"1d790491":82,"36b7003c":102,"254cc28c":87,"c98d5272":85,"8cf83787":69,"1db42092":93,"8b2b601d":78,"cf84fb54":84,"2d1e1e9d":76,"6db0ea86":85,"bbe71605":73,"50312237":82,"9260d96b":92,"40569362":84,"b35e9e1a":108,"f9c15fcc":88,"408bb2ed":69,"4ba6eb36":82,"64a7f79f":76,"99d130c9":90,"458dcc3d":85,"d8475b95":59,"ad8f85d6":88,"26c6fa34":75,"eed20185":83,"8bc04eb5":67,"a502c93c":70,"d1d40c9c":85,"124fbe96":75,"a0cca8b7":71,"8f9b74b0":70,"f598a332":78,"79e4fa1c":75,"d34a29b9":87,"dcf85091":63,"0dad37d5":79,"972f4174":97,"168e75d9":82,"db703021":75,"0da28f5b":87,"4ee62a26":69,"4360a1a3":90,"0841052c":76,"6f81493d":79,"dae0f922":84,"026766f3":78,"28d40296":61,"24ffcbd3":89,"caddd0a7":89,"a81a857c":79,"08a06557":102,"0a2f71bc":67,"2045d7d6":72,"1757a30e":77,"6b82b527":74,"5acce642":81,"aaa274a5":83,"70bc8325":76,"98915a1f":65,"778c95e9":77,"081460bf":84,"dd7acb96":79,"8cddb65e":83,"c510bfd3":88,"a66a2d8a":97,"7fdc2007":77,"810aa5e9":81,"ec11fe5f":69,"d5dae4c4":94,"195eb771":81,"09ff339a":66,"6b79fec2":74,"e45b4b53":68,"b935fc1c":73,"317c1591":83,"3c43e8a2":82,"c318d350":89,"e5b1abc6":69,"69eeae0d":80,"c6dc900c":61,"c463799d":88,"b2cfdbcf":74,"f3a0c2ee":79,"fe44fc6f":82,"d2466211":95,"ac030e74":68,"87083264":87,"d4ee22a4":86,"ffa08d82":86,"00a17b46":75,"2b698053":76,"ab7467de":97,"21ad2f34":75,"c852d240":80,"fd369c21":88,"6e851762":69,"35aa7fd0":96,"9b3f8714":84,"af034fee":74,"6632fed0":85,"0e036ae9":94,"546f6845":89,"af157d29":77,"22ecaed0":71,"12012fbd":78,"be4f8ba8":78,"416a9e97":75,"23760167":71,"77bae750":72,"a939b50b":81,"1634789b":81,"5a0eb771":82,"527ff946":86,"d36125db":91,"e8f173b5":76,"013ee301":79,"f277386e":62,"3c782bb3":76,"b552beb3":76,"05642105":78,"1b153aef":77,"4ba6eb36":83,"31f6d707":94,"e0e6a097":76,"9263c525":79,"3a1b9af5":80,"b2a8761b":77,"27c8e038":90,"a0bc1ceb":78,"3e602573":66,"0eaf08da":84,"ad8f85d6":89,"9c58dd76":92,"d25e0f8d":88,"3007f31f":81,"21e10a2b":79,"70594a28":76,"ecfa8249":88,"acac14fb":74,"0da28f5b":88,"f598a332":79,"655954ba":78,"f76a3e83":83,"2e3503e4":78,"dcf85091":64,"026766f3":79,"5ccf94d6":79,"94a2fe10":81,"dbd2f139":91,"1e7753d9":96,"d634aa28":97,"cd3bbe7e":82,"4577b333":81,"fce3c5c6":68,"ba30e43a":95,"3bad3c95":61,"638cb163":98,"df2b4d87":74,"a502c93c":71,"67d30f2b":80,"ee21ad02":88,"a6b5e869":75,"8ec3834d":92,"f4726450":76,"aaa274a5":84,"3c6692a3":96,"0d2a1c58":67,"b7832271":83,"b947257e":97,"de6213c7":80,"4911acad":63,"0681c48e":91,"0ecfa1c9":77,"04cc7cbe":72,"bf30a08f":91,"e0e48a2d":85,"30c184b8":89,"26c6fa34":76,"5099c6a0":97,"7ee148e9":76,"e238f09b":80,"39bbc4bc":92,"25635c37":69,"eda6a690":66,"a40846b7":87,"8b5a8e9f":98,"a0685bf3":91,"8063df14":71,"e5b1abc6":70,"d9d0c567":79,"e35a63cd":82,"fe44fc6f":83,"2a4a402a":79,"012de09c":74,"abc1d7ad":90,"52eca0dc":84,"dc03ebd2":101,"08a561b7":75,"91536e85":86,"c803b4a3":82,"cb142908":77,"6a5b71b4":85,"9c29f0ed":93,"b7505747":91,"cf9f4757":73,"ef91eaae":65,"74e3d13e":78,"42c80e69":90,"24a9fb86":89,"1ed46298":97,"57540cc3":86,"217c0327":57,"0e036ae9":95,"140ce69e":81,"8547fbc2":79,"08c6b5d2":81,"945b63f0":104,"1438fad7":84,"95bc84f1":70,"26009d3f":76,"0114160e":86,"54a676d6":72,"820225e4":62,"de36827b":100,"31f6d707":95,"f9c15fcc":89,"1ff8c2fc":85,"c7c4ec5c":69,"554ebb83":76,"332820ce":84,"a533489b":88,"3e602573":67,"e8d74304":67,"812b4f15":68,"3b7763b1":66,"26dd2000":85,"e2cbe594":73,"85de05f2":81,"ccb5ea3e":66,"f734c84c":104,"f9f2c53f":72,"ebdbf580":77,"5e193fc8":83,"f121b82c":86,"e1618359":84,"145c7559":88,"90a06ee9":78,"79f04300":81,"19e9776f":90,"a4f1d83b":86,"61f25dd4":96,"467773ac":76,"655941a0":86,"c3e6ef01":89,"9d4da635":59,"e1571af7":83,"aab4d996":82,"5a0eb771":83,"36684155":81,"b8ab8e6e":78,"0f1ac912":70,"1d790491":83,"9d63c4dd":74,"c6c85783":91,"0d2a1c58":68,"b947257e":98,"72d7b461":89,"d744bee2":75,"2c627253":76,"2d54e0a8":66,"4652b09a":95,"7fef9973":85,"88ce179e":90,"16b476e9":70,"7735c3c2":76,"677c6a09":89,"87922532":87,"aefe13f5":85,"a543ec74":81,"6ebe2354":69,"fb7b7b3c":90,"014bdff0":87,"095ab3b4":65,"5623817d":82,"e356abf1":87,"a8c93bed":81,"6c486702":91,"8f10fa42":96,"ec11fe5f":70,"1745a0f4":78,"313258f2":74,"74c26380":80,"2a4a402a":80,"0f89862c":78,"731fc335":65,"42cd2360":70,"91f7ef72":82,"345c9967":75,"3101354b":71,"6f39f4d9":97,"259930ee":90,"b320feb9":78,"24ffcbd3":90,"ea6de194":84,"d6f0d94a":72,"76f94eda":79,"c8113b77":67,"ae95f2ba":97,"8ac72326":72,"629800eb":90,"b9be31d6":85,"8657c79d":94,"4125085e":83,"d6d61bfc":87,"5774ac0d":87,"40860a4b":67,"e9a8cf11":80,"5e09f69e":82,"6632fed0":86,"ac38a6a5":88,"1d153b20":80,"8547fbc2":80,"4469c815":64,"f3d68430":86,"12012fbd":79,"416a9e97":76,"363590c7":82,"3712c4bd":72,"8e4c33d2":86,"fb44fa9c":94,"0be540c5":82,"a24e6670":85,"e81834aa":93,"6c73ae98":70,"159ffd0b":60,"d6db2b02":90,"761cf820":76,"9260d96b":93,"9e878ec2":102,"7a6aa4b6":83,"5f8517b7":101,"b7407bd3":73,"379184a7":92,"547903ef":88,"a0ce82b4":86,"7d112f4d":84,"ab7467de":98,"c8dc010f":92,"9a80f004":70,"5c82d1ce":80,"145c7559":89,"754f98c9":78,"efe84c27":71,"34c5c729":83,"704bce0d":80,"d34a29b9":88,"c382f054":83,"31408822":73,"4279e829":93,"d033db8d":82,"58d46189":90,"4ee62a26":70,"bb98a6cf":96,"94a2fe10":82,"6adce358":91,"99e171db":82,"5a0eb771":84,"97e75c19":92,"04643409":91,"37fbb107":93,"0670c466":79,"884b0ad1":80,"f271ed5d":88,"1bb4ccc0":76,"7ee7621c":80,"59c1e594":89,"71bc1295":80,"cf52025e":73,"a5aee5de":98,"d82592f4":79,"b460f030":95,"0f72f2d8":78,"d1d40c9c":86,"4652b09a":96,"e382ec3f":70,"54d7de6b":89,"ba586505":73,"0e2b5d2f":83,"92ca52b7":84,"8f10fa42":97,"dc0c8b09":90,"a59a8290":73,"a472532e":72,"eebc8d43":85,"a15713c6":84,"fafb4cc2":104,"30c184b8":90,"b28a5e67":87,"b2cfdbcf":75,"c91966ce":74,"a851891c":68,"d9f512b9":83,"0a2f71bc":68,"cc6bbe45":68,"fce3c5c6":69,"3fdb08f5":81,"a577db1c":70,"d6f0d94a":73,"6034b6d0":84,"77bfed7e":76,"ffa08d82":87,"7e95c5a0":73,"b73e789c":79,"ac030e74":69,"7566fdd6":88,"84b67924":86,"d552eb2f":84,"0fc5ac7e":97,"ea822700":67,"c793cdda":80,"ed4fad08":86,"b230e8d3":81,"5eaa1581":74,"c4bff41f":81,"a47abfbb":69,"24a9fb86":90,"4125085e":84,"315537b2":76,"9c045c61":84,"7d6895f4":80,"865d9857":62,"f3d68430":87,"f2f58418":70,"b946e146":94,"695a2b92":75,"5623817d":83,"09f0db62":108,"fe1d4419":85,"016953e4":90,"9a3cc55d":65,"c95719e5":73,"17b08923":78,"8b2b601d":79,"b552beb3":77,"fb44fa9c":95,"cf84fb54":85,"28d41578":79,"a4dafea5":76,"02d4753e":91,"db0a661e":85,"d33790a2":92,"761cf820":77,"1bd5b20b":88,"79e4fa1c":76,"f734c84c":105,"51c57542":84,"ccb5ea3e":67,"913a6226":78,"77898c22":68,"bc09fa9e":74,"34c5c729":84,"0da28f5b":89,"5be594be":77,"dcf85091":65,"655954ba":79,"90a06ee9":79,"bd984a8e":76,"cf1124db":70,"902f49f5":77,"906632cb":74,"61f25dd4":97,"f4b2f575":65,"bf822e33":83,"d5557fb4":90,"7e15f8e8":78,"04643409":92,"9d63c4dd":75,"1634789b":82,"7ae3fc50":74,"5f8517b7":102,"aefe13f5":86,"1c3a30c5":77,"458dcc3d":86,"73b15e04":82,"04612878":85,"eed20185":84,"71bc1295":81,"20811ddf":73,"6c20c153":76,"16b476e9":71,"5b5fc566":73,"e4c312fe":82,"6b82b527":75,"fea793f5":80,"e35a63cd":83,"55928ef1":88,"1745a0f4":79,"0e2b5d2f":84,"5f4102da":84,"fee32863":79,"1d44aff3":85,"bd62d7ed":69,"0af920d8":63,"66497c7e":75,"0c0e98ea":68,"fce3c5c6":70,"28d40296":62,"4777334c":73,"2045d7d6":73,"719c8869":94,"7043382d":84,"c8fcad77":77,"3c0df8b4":85,"cf1b8c47":90,"781ace7d":80,"a472532e":73,"f905a555":74,"dd035d2a":78,"7a840529":58,"98915a1f":66,"f271ed5d":89,"7db3edda":80,"fd369c21":89,"911e770b":84,"2d54e0a8":67,"d0d6acb1":67,"c93c3508":64,"a6003226":77,"b7cc7909":74,"af034fee":75,"031e488e":83,"181c3dd5":79,"deb31f35":86,"945b63f0":105,"d6320619":84,"57540cc3":87,"a77e8461":79,"172217e5":85,"22176537":72,"3661e12d":74,"ae95f2ba":98,"0d7d88f1":70,"b9be31d6":86,"9a3cc55d":66,"39bbc4bc":93,"83086d4c":88,"f6fe095d":98,"004f1ef3":92,"095ab3b4":66,"8dc9b4db":85,"a3d4a0e5":86,"b2703001":81,"6291e9e9":81,"159ffd0b":61,"6c73ae98":71,"ce4da56f":82,"868edcc0":82,"0cb80f4a":76,"b73e789c":80,"629800eb":91,"4d9b0b10":82,"27d8bf51":85,"261c9911":88,"805534ac":71,"efe84c27":72,"18d20aa1":75,"501db4de":81,"4e5aaaec":73,"288d171f":77,"2209903e":80,"ab7d4c9a":78,"d25e0f8d":89,"69134f07":77,"bd984a8e":77,"50d129cf":76,"794f652b":81,"7e15f8e8":79,"815e4582":79,"254cc28c":88,"97e75c19":93,"c67979e6":94,"b35e9e1a":109,"4ac6bd4e":63,"c7c4ec5c":70,"31f6d707":96,"34658473":74,"82b81567":74,"9fc713b0":81,"a5aee5de":99,"99d130c9":91,"17807120":82,"2c24d929":90,"13f0e139":75,"eed20185":85,"4652b09a":97,"04bef50c":59,"1c0a9eff":79,"935ec056":67,"ae99df30":81,"6b82b527":76,"16b476e9":72,"78467b8a":92,"05f6ab35":76,"9a07d89b":87,"34c5c729":85,"5cd3cfe0":63,"1e7753d9":97,"1f11812e":82,"74f234c6":81,"0af920d8":64,"8db62558":81,"467773ac":77,"75ffea08":81,"62d1d346":67,"805af3c7":84,"e32524d6":81,"259930ee":91,"4577b333":82,"a577db1c":71,"8b5a8e9f":99,"c1bb74f2":76,"ba5c52af":82,"fee32863":80,"fd482491":92,"fafb4cc2":105,"45b5746e":78,"810aa5e9":82,"537634c9":70,"8cd78f77":95,"835358a0":71,"7e991ab9":64,"0d2a1c58":69,"911e770b":85,"50c3164b":88,"9ab755d3":73,"5f6613c8":68,"4125085e":85,"31f6ba51":81,"a47abfbb":70,"ed4fad08":87,"4911acad":64,"6632fed0":87,"1d153b20":81,"d3e84616":96,"a63bddd4":96,"ef8987d7":74,"6e44927f":66,"e57d5cda":95,"4d9b0b10":83,"2b698053":77,"10ec5a0b":78,"597c1f81":75,"004f1ef3":93,"25635c37":70,"578f6e9e":89,"5270f158":73,"836701f6":68,"3712c4bd":73,"e7773397":69,"8cf83787":70,"7732eb1e":97,"a3d4a0e5":87,"54a676d6":73,"d9dcdc4b":100,"26009d3f":77,"f1df62b4":76,"0785820e":85,"72b84094":94,"2209903e":81,"70594a28":77,"547903ef":89,"a851554d":91,"f76a3e83":84,"85de05f2":82,"e7abc88d":63,"4e5aaaec":74,"655954ba":80,"dfa1a89b":75,"eeaa2d46":83
1604737516611,"623c6a31":84,"416a9e97":77,"794f652b":82,"6e98dfda":79,"449d8475":75,"36684155":82,"44a4f7cd":77,"a1921150":88,"e15fd611":65,"92efd84f":82,"9ab755d3":74,"835358a0":72,"1f342a00":88,"72d7b461":90,"84b67924":87,"2c627253":77,"9f5e6cba":91,"b230e8d3":82,"68562193":67,"4911acad":65,"031e488e":84,"081460bf":85,"12534561":69,"b9a48a5c":65,"49902219":92,"a63bddd4":97,"a77e8461":80,"9de29816":69,"12012fbd":80,"172217e5":86,"b2703001":82,"379184a7":93,"50312237":83,"4ea4a2a1":95,"40569362":85,"b8397293":69,"0ac825ed":85,"08a4c3f8":82,"804d4dfa":73,"b2bd8fd3":74,"0eaf08da":85,"f1098793":78,"99d130c9":92,"87922532":88,"c27969ec":83,"77f31bab":81,"77bae750":73,"66d94227":72,"f2364460":91,"39a2fcce":68,"a9b1bd51":63,"254cc28c":89,"730338c4":92,"95d3d348":78,"9a3cc55d":67,"dc583e64":84,"a77e127d":57,"c564e316":81,"c0b7e7d7":68,"42191b64":66,"868edcc0":83,"fb44fa9c":96,"ea822700":68,"9147702f":71,"f069bb07":78,"39ba00f0":82,"aec074c4":90,"ed4fad08":88,"f4726450":77,"725dce8b":91,"9b172ca8":71,"4b4ecbce":72,"ebdbf580":78,"dbc9df44":64,"8942c35b":86,"26ed1a5c":79,"1e191c98":63,"655941a0":87,"d70ca4f4":93,"66497c7e":76,"5272520d":74,"719c8869":95,"e32524d6":82,"a33fe0dd":90,"62d1d346":68,"b5ce0c0c":84,"f8b31ce5":104,"0f029727":74,"3c18f28e":76,"8cddb65e":84,"5ac86fb9":85,"17446892":78,"60d6cee2":82,"21ee2afe":88,"09560615":62,"9c045c61":85,"8dd2684c":84,"ef8321d8":76,"6d339d45":71,"416a9e97":78,"8b2b601d":80,"a3d4a0e5":88,"d6db2b02":91,"95bc84f1":71,"1be05c14":68,"5ee911b5":79,"08a4c3f8":83,"3652bd66":78,"06073f13":84,"c4aa1e38":71,"0ac825ed":86,"92d38723":85,"a43061ee":71,"24d24fa3":75,"458dcc3d":87,"a0b03218":82,"b460f030":96,"c6e3d352":89,"99d130c9":93,"e15fd611":66,"5b5fc566":74,"ba586505":74,"124fbe96":76,"abad2347":83,"e4117b3b":64,"e6ec8cbf":90,"1105f790":82,"9d4f1fe6":69,"e5b1abc6":71,"92ca52b7":85,"831c7b85":83,"d78dd457":72,"9d023afb":89,"1d44aff3":86,"fead11cf":73,"2dd0e808":79,"8a165e17":85,"a0cf08b3":70,"b28a5e67":88,"4abb7aed":78,"aa76bc50":70,"7566fdd6":89,"6034b6d0":85,"d7cb9bcf":81,"794f652b":83,"66d94227":73,"ccf8b803":69,"04643409":93,"6adce358":92,"91d52a55":81,"25e0dd3d":85,"095ab3b4":67,"f5cd79c1":73,"fe1d4419":86,"3c43e8a2":83,"27f52ed3":97,"ef1c2dcb":80,"84b767be":96,"7fb4c521":76,"e28c2efc":72,"6f39f4d9":98,"2b698053":78,"4bcd4a30":102,"b7832271":84,"af0b61ab":81,"50c3164b":89,"f4726450":78,"a47abfbb":71,"b230e8d3":83,"c9efc8f6":77,"081460bf":86,"ed4fad08":89,"5774ac0d":88,"51f80f4c":86,"d25e0f8d":90,"9f2b16a7":83,"77898c22":69,"34c5c729":86,"f9f2c53f":73,"21e10a2b":80,"b2c25d1c":77,"754f98c9":79,"7bebff03":68,"0149e11a":72,"470d50c2":82,"c85a0d80":85,"2e3503e4":79,"b7434f57":72,"0841052c":77,"3b690f68":96,"906632cb":75,"66b7b5b4":75,"e62d705f":71,"a8726d50":63,"d9d7c4c2":87,"5f620a1e":89,"49b358bd":78,"b320feb9":79,"c8fcad77":78,"e5d3655c":89,"805af3c7":85,"12dd6f5e":72,"d3e84616":97,"08c6b5d2":82,"140ce69e":82,"30dd2edc":86,"6de0aaac":68,"315537b2":77,"60e855ee":86,"cf50e84e":80,"5270f158":74,"59431390":81,"f5829ac0":82,"411b5027":82,"90731976":80,"b552beb3":78,"b2703001":83,"6585adbe":67,"de11eb19":101,"608bc832":75,"36fb15d2":83,"fa55f27a":95,"379184a7":94,"08a4c3f8":84,"87ce8d1d":69,"87922532":89,"eed20185":86,"4b4ef7fa":82,"27c8e038":91,"2d382981":81,"1c3a30c5":78,"f0a06216":76,"935ec056":68,"677c6a09":90,"a6b5e869":76,"5acce642":82,"6b82b527":77,"d929098e":65,"8721056e":72,"a0685bf3":92,"dd3913d2":77,"70ee0491":65,"dfcc2ad1":94,"a901627e":70,"95904ac4":95,"be3a10f8":94,"a59a8290":74,"71ba7561":77,"5d087c79":83,"bda8cdfb":84,"aff8e442":83,"a983a6dc":78,"6e98dfda":80,"ccf8b803":70,"c98d5272":86,"6085137f":58,"5623817d":84,"ea9bba6b":76,"dc583e64":85,"578f6e9e":90,"09ff339a":67,"f6fe095d":99,"7a840529":59,"42cd2360":71,"7566fdd6":90,"a851891c":69,"869cbaa0":97,"d9a64845":76,"ad303bda":83,"6e44927f":67,"8ac72326":73,"6034b6d0":86,"ae95f2ba":99,"8657c79d":95,"f271ed5d":90,"5747db6e":90,"1f7607df":65,"fd07e0ed":78,"0bd93cfd":65,"d0d6acb1":68,"a6003226":78,"35aa7fd0":97,"b35bb8a1":69,"13747b82":82,"ecfa8249":89,"547903ef":90,"e21c6207":76,"7b6a7048":80,"70594a28":78,"80a8a56d":77,"6490bac6":72,"ebdbf580":79,"f4343817":83,"b3863630":72,"acac14fb":75,"c7313e0a":89,"dcf85091":66,"0a92153e":85,"9d4da635":60,"430a5db5":90,"751acea8":74,"a8726d50":64,"74f234c6":82,"66497c7e":77,"e5d3655c":90,"be40590d":80,"37a7d5b0":89,"44c77422":85,"4def63ee":62,"57167c74":83,"4fd645f1":68,"4577b333":83,"725dce8b":92,"3c18f28e":77,"dcfaba4c":79,"f2ca27d9":73,"18815a1b":81,"51f57142":90,"22ecaed0":72,"9c045c61":86,"01d817b8":72,"315537b2":78,"95bc84f1":72,"4945c851":91,"7732eb1e":98,"0be540c5":83,"cf84fb54":86,"a6bcb07e":92,"6a60348e":72,"b4fdf90e":80,"9260d96b":94,"e0e6a097":77,"c7c4ec5c":71,"b7407bd3":74,"7ae3fc50":75,"4ac6bd4e":64,"064a99c8":78,"792cfcbd":69,"3e602573":68,"24d24fa3":76,"dd1fcb17":74,"742f1425":78,"0f72f2d8":79,"b3f19a69":79,"79be29c8":80,"f0a06216":77,"1bb4ccc0":77,"d815c5b4":97,"cb4f262b":81,"54d7de6b":90,"4c0e547b":82,"cd522166":93,"eb2e1983":73,"831c7b85":84,"ec11fe5f":71,"c6dc900c":62,"3c0df8b4":86,"f2e3c0e3":71,"2dd0e808":80,"b2cfdbcf":76,"31d74eee":72,"2b3e4717":80,"5f7d7195":81,"7e15f8e8":80,"088feee2":90,"650bb0e0":84,"5957df9e":74,"9a3cc55d":68,"5410e9c6":85,"93ac9ca3":80,"09f0db62":109,"09ff339a":68,"dc583e64":86,"016953e4":91,"f3a0c2ee":80,"8a165e17":86,"d9a64845":77,"db8ba455":89,"af7e5be8":90,"00a17b46":76,"ba938220":75,"10ec5a0b":79,"e28c2efc":73,"cc5a1d47":71,"b9be31d6":87,"fd07e0ed":79,"ef1c2dcb":81,"5747db6e":91,"88b3bc99":78,"2c01e624":76,"778c95e9":78,"ea822700":69,"77898c22":70,"547903ef":91,"21ad2f34":76,"4e5aaaec":75,"c650b434":94,"e7abc88d":64,"7bebff03":69,"6fb4cdda":91,"36380d96":89,"f4343817":84,"b215547b":78,"d548635d":77,"69134f07":78,"2e3503e4":80,"059d6c19":98,"d634aa28":98,"d033db8d":83,"30d84dce":76,"74f234c6":83,"c3e6ef01":90,"0f029727":75,"4360a1a3":91,"4777334c":74,"ba30e43a":96,"df2b4d87":75,"4fd645f1":69,"c4bff41f":82,"32133249":87,"0681c48e":92,"aec4e1bf":80,"e9a8cf11":81,"5ac86fb9":86,"76f3a3be":75,"49902219":93,"18815a1b":82,"3c782bb3":77,"8aa78e2f":76,"95bc84f1":73,"0be540c5":84,"6c73ae98":72,"45fb95c1":84,"b36a0d66":68,"5a0ead91":76,"5ee911b5":80,"8493f3b2":83,"c7c4ec5c":72,"cd95f558":83,"379184a7":95,"9e878ec2":103,"3e602573":69,"03dcfa3d":82,"946df4fd":86,"12271e14":76,"d1715f3b":87,"be4f8ba8":79,"dfa1a89b":76,"9de29816":70,"416a9e97":79,"6ee92259":84,"677c6a09":91,"730a4938":86,"c0b23081":88,"9d4f1fe6":70,"e4117b3b":65,"ad2d7bed":86,"f5e8dfee":93,"b102f7bd":82,"fe8f3d36":65,"b8488fc8":80,"8721056e":73,"c6dc900c":63,"c4e70c07":79,"28d40296":63,"31d74eee":73,"794f652b":84,"a939b50b":82,"0f1ac912":71,"04643409":94,"449d8475":76,"a983a6dc":79,"35b58ef9":74,"812b4f15":69,"0f72f2d8":80,"095ab3b4":68,"78b97937":86,"810aa5e9":83,"906fdec3":69,"5f96c2bc":72,"a0cf08b3":71,"7c0a2db6":82,"3c0df8b4":87,"a5676c24":78,"9fce073c":83,"9496f56f":83,"95539a58":63,"d2466211":96,"753ca352":71,"d5059415":82,"30b6808c":75,"2d13e69b":77,"8657c79d":96,"5a07fc2e":71,"c650b434":95,"40e79dd3":72,"805534ac":72,"efd23af5":80,"261c9911":89,"f2086446":84,"4e5aaaec":76,"f4343817":85,"501db4de":82,"104721f0":78,"f598a332":80,"8e780922":82,"4b4ecbce":73,"0da28f5b":90,"0c043224":92,"4279e829":94,"4ee62a26":71,"d634aa28":99,"5cd3cfe0":64,"142d6987":83,"30c5d755":89,"56d315d8":65,"0b959527":79,"259930ee":92,"9ab755d3":75,"e58b26f6":80,"508aac3d":85,"9147702f":72,"8d04852b":81,"71a2a493":56,"725dce8b":93,"aa9ea5e8":71,"71279c46":73,"b35bb8a1":70,"4125085e":86,"b769bdfb":89,"e7773397":70,"6d61bf13":73,"27f52ed3":98,"d599b566":97,"60e855ee":87,"1138796e":86,"8aa78e2f":77,"90731976":81,"e36dfd6f":74,"8b2b601d":81,"49910300":76,"1be05c14":69,"2e99f8fd":70,"67f6e4f2":80,"3652bd66":79,"db0a661e":86,"9e878ec2":104,"379184a7":96,"d0c0fc08":72,"f2ca27d9":74,"217c0327":58,"8dd2684c":85,"f87c5031":69,"d83870f5":80,"1757a30e":78,"1bb4ccc0":78,"91b28f83":81,"11b74e63":72,"6775d5cd":80,"730a4938":87,"0e2b5d2f":85,"eebc8d43":86,"d6320619":85,"18815a1b":83,"09560615":63,"4777334c":75,"b320feb9":80,"4def63ee":63,"c4e70c07":80,"36b7003c":103,"2b3e4717":81,"36684155":83,"2a387957":87,"e99318a3":74,"66d94227":74,"47d27624":78,"d82592f4":80,"a0b03218":83,"a43061ee":72,"a5aee5de":100,"1c3a30c5":79,"2d382981":82,"0eaf08da":86,"8f10fa42":98,"be3a10f8":95,"733c86f8":79,"062179c1":85,"2bcca6a7":95,"731fc335":66,"ef8987d7":75,"abc1d7ad":91,"8db5a165":66,"7896b953":83,"fd482491":93,"b2cfdbcf":77,"ef14000f":88,"c8113b77":68,"6034b6d0":87,"d5059415":83,"385ab7c6":80,"d2466211":97,"f1df62b4":77,"0149e11a":73,"70594a28":79,"27d8bf51":86,"7e8e1c3d":76,"21e10a2b":81,"53431634":98,"201cafad":74,"acac14fb":76,"93e8cee5":90,"145c7559":90,"d34a29b9":89,"104721f0":79,"d548635d":78,"69134f07":79,"d033db8d":84,"7cd0ad7b":91,"381c68fa":88,"902f49f5":78,"26c390d6":74,"ef1c2dcb":82,"7028b044":76,"88b3bc99":79,"98915a1f":67,"911e770b":86,"fd369c21":90,"1ed46298":98,"5e09f69e":83,"bc3dc66a":87,"725dce8b":94,"aec4e1bf":81,"b230e8d3":84,"162a7348":80,"8274885a":88,"39bbc4bc":94,"6ce84ff8":74,"f2470875":92,"5270f158":75,"a77e127d":58,"71ff66e8":78,"4b3e3b1c":85,"e81834aa":94,"69f3bfcc":81,"6a60348e":73,"0be540c5":85,"2d1e1e9d":77,"45fb95c1":85,"67f6e4f2":81,"00554ffd":86,"d0e9a58e":69,"08a4c3f8":85,"f1862e79":65,"4ac6bd4e":65,"5ee911b5":81,"51a3e9c2":85,"677c6a09":92,"8bc04eb5":68,"00cf385d":92,"1a442bc7":83,"cb4f262b":82,"9d4f1fe6":71,"217c0327":59,"fd6dcb20":76,"25a7a0a3":80,"a77e8461":81,"6de0aaac":69,"0e036ae9":96,"36d340f2":69,"0af920d8":65,"58d46189":91,"dbd2f139":92,"65a00a3c":83,"d9f512b9":84,"ea6de194":85,"df2b4d87":76,"aa021138":86,"04ea5673":85,"ca7d47f7":81,"1d790491":84,"f4b2f575":66,"aff8e442":84,"99e171db":83,"4cc141fa":64,"3e602573":70,"792cfcbd":70,"a543ec74":82,"04612878":86,"1c3a30c5":80,"f1098793":79,"d957f027":73,"47d27624":79,"9ceb5439":70,"c510bfd3":89,"fee32863":81,"831c7b85":85,"70ee0491":66,"dfcc2ad1":95,"4c0e547b":83,"9a3ab0b8":64,"ae016053":84,"0a1d11e6":68,"71ba7561":78,"da04caac":82,"00a481e3":90,"a15713c6":85,"08a561b7":76,"95539a58":64,"76f94eda":80,"87083264":88,"93b9fae6":72,"c38c2b52":77,"87cd2add":75,"ef14000f":89,"4eed1bea":83,"547903ef":92,"a851554d":92,"40e79dd3":73,"3b7763b1":67,"0a96f57a":88,"6fb4cdda":92,"c8dc010f":93,"36380d96":90,"b3863630":73,"501db4de":83,"704bce0d":81,"d34a29b9":90,"a836aa93":83,"4bcd4a30":103,"272c7672":82,"50c3164b":90,"a625328f":94,"0bd93cfd":66,"9fa62fee":77,"d552eb2f":85,"64db4feb":94,"93ac9ca3":81,"dc583e64":87,"a77e127d":59,"7ee148e9":77,"695a2b92":76,"8dc9b4db":86,"c7ab83c1":69,"6d802fa2":75,"820225e4":63,"e0f7679f":70,"013ee301":80,"a3d4a0e5":89,"95f6db13":70,"3c782bb3":78,"608bc832":76,"8f2a7d69":74,"82b81567":75,"7a6aa4b6":84,"b230e8d3":85,"5e09f69e":84,"0ecfa1c9":78,"b7cc7909":75,"24a9fb86":91,"4258c176":77,"16b476e9":73,"e4714415":92,"30dd2edc":87,"9de29816":71,"ac38a6a5":89,"026766f3":80,"5cd3cfe0":65,"30dbfc69":79,"3f9b5722":71,"58d46189":92,"26ed1a5c":80,"a81a857c":80,"6e24d88b":76,"c8fcad77":79,"62d1d346":69,"aa021138":87,"88fa53d6":70,"5f620a1e":90,"fce3c5c6":71,"d1715f3b":88,"18815a1b":84,"623c6a31":85,"9c045c61":87,"4ac6bd4e":66,"ef16ca37":81,"1bd5b20b":89,"a5aee5de":101,"e6fac295":65,"6ebe2354":70,"a0b03218":84,"8eb64769":73,"a43061ee":73,"0f72f2d8":81,"faf3ed07":74,"5f7d7195":82,"44a4f7cd":78,"5a0eb771":85,"5957df9e":75,"a9b1bd51":64,"1634789b":83,"37d0cae2":81,"e382ec3f":71,"677c6a09":93,"00cf385d":93,"54d7de6b":91,"062179c1":86,"fead11cf":74,"afe8e06a":72,"6c524f99":75,"1105f790":83,"a851891c":70,"dc0c8b09":91,"0e2b5d2f":86,"4abb7aed":79,"71ba7561":79,"5ef93e5d":60,"2dd0e808":81,"7896b953":84,"012de09c":75,"cc5a1d47":72,"869cbaa0":98,"9aa6a054":78,"c803b4a3":83,"621d6b18":92,"9496f56f":84,"6034b6d0":88,"72b84094":95,"5c82d1ce":81,"3b7763b1":68,"85de05f2":83,"70594a28":80,"93e8cee5":91,"0da28f5b":91,"f9f2c53f":74,"f2086446":85,"84b67924":88,"d744bee2":76,"778c95e9":79,"2c627253":78,"6d61bf13":74,"095ab3b4":69,"b1f58563":83,"e7773397":71,"95d3d348":79,"971675c5":88,"5781776a":86,"bbe71605":74,"88a30343":83,"cf50e84e":81,"3c782bb3":79,"72d7b461":91,"d1ca5d6b":91,"835358a0":73,"6867261a":74,"c93c3508":65,"7af9d3b1":92,"dc473de1":74,"17446892":79,"e4714415":93,"71a2a493":57,"6de0aaac":70,"9f2b16a7":84,"5e193fc8":84,"77300e4a":75,"a4f1d83b":87,"c4e70c07":81,"1247fa52":80,"0841052c":78,"4577b333":84,"efe84c27":73,"859545e6":66,"142d6987":84,"40a745c0":85,"3bad3c95":62,"0c043224":93,"fbdffc95":74,"902f49f5":79,"4def63ee":64,"805af3c7":86,"ca6d2d91":81,"0e036ae9":97,"a63bddd4":98,"140ce69e":83,"f3d68430":88,"fd6dcb20":77,"eafbf9fb":83,"07fc4a9a":83,"1be05c14":70,"b8397293":70,"554ebb83":77,"e8f173b5":77,"761cf820":78,"7a2f3f06":72,"c4aa1e38":72,"5a0ead91":77,"8323d333":70,"cac4449a":72,"64a7f79f":77,"87922532":90,"8eb64769":74,"17807120":83,"be1746a0":72,"a543ec74":83,"b8ab8e6e":79,"f2364460":92,"b88033fd":86,"84369269":73,"47d27624":80,"650bb0e0":85,"c6c85783":92,"5b5fc566":75,"67d30f2b":81,"6775d5cd":81,"04cc7cbe":73,"d4d5f466":79,"6b82b527":78,"6c20c153":77,"8b5a8e9f":100,"a8c93bed":82,"2a76f1dd":66,"2bcca6a7":96,"dfcc2ad1":96,"9d023afb":90,"5f0c1b9d":92,"69eeae0d":81,"a0685bf3":93,"d9a64845":78,"dc03ebd2":102,"fe44fc6f":84,"56473430":84,"b2cfdbcf":78,"4d9b0b10":84,"7fb4c521":77,"87083264":89,"2ad42a9e":78,"93e8cee5":92,"cd421290":74,"805534ac":73,"34c5c729":87,"7ee148e9":78,"014bdff0":88,"f2470875":93,"5623817d":85,"77d35808":85,"3f2522c2":79,"19f9ca86":88,"dd7acb96":80,"b7832271":85,"70c1e715":79,"f069bb07":79,"39ba00f0":83,"22234d6b":86,"c0e2624b":75,"7e95c5a0":74,"2b698053":79,"ac030e74":70,"7566fdd6":91,"ed4fad08":90,"71a2a493":58,"227006e4":77,"76f3a3be":76,"725dce8b":95,"0681c48e":93,"181c3dd5":80,"8f9b74b0":71,"1a2c020b":71,"da3437cd":70,"4b4ecbce":74,"e21c6207":77,"5be594be":78,"e0154608":70,"a4296d1e":85,"288d171f":78,"7a9344a4":99,"d70ca4f4":94,"94a2fe10":83,"9bdf362a":69,"d0c104c4":61,"3bad3c95":63,"b6591e25":77,"30c5d755":90,"5272520d":75,"dac109cf":79,"751acea8":75,"aa021138":88,"d141db49":77,"e32524d6":83,"172217e5":87,"140ce69e":84,"ef8321d8":77,"175bc6b2":70,"945b63f0":106,"be4f8ba8":80,"f2f58418":71,"de36827b":101,"868edcc0":84,"a4dafea5":77,"a8871ddf":76,"6291e9e9":82,"7732eb1e":99
1604737519032,"ee75b607":81,"e382ec3f":72,"cb4f262b":83,"a502c93c":72,"20811ddf":74,"6b82b527":79,"f0a06216":78,"dfcc2ad1":97,"8b5a8e9f":101,"e35a63cd":84,"7b6a7048":81,"c455f40e":72,"92136ff5":87,"f734c84c":106,"0a96f57a":89,"4dac6b20":66,"e7abc88d":65,"c382f054":84,"a0cca8b7":72,"b3863630":74,"d548635d":79,"6fb4cdda":93,"168e75d9":83,"c4feee5b":81,"9316e7e8":70,"4279e829":95,"fe8f3d36":66,"8721056e":74,"3f75d3bc":92,"78b97937":87,"91f7ef72":83,"afe8e06a":73,"a15713c6":86,"6023df54":80,"a5fd8ffd":84,"7c0a2db6":83,"e865e4dd":77,"77bfed7e":77,"8ac72326":74,"621d6b18":93,"87cd2add":76,"cc5a1d47":73,"d4ee22a4":87,"4d9b0b10":85,"3b690f68":97,"31408822":74,"1f11812e":83,"5f620a1e":91,"dac109cf":80,"c3e6ef01":91,"ba30e43a":97,"e62d705f":72,"ea6de194":86,"d0e9a58e":70,"8d753bb6":67,"d0c0fc08":73,"9263c525":80,"ea274174":88,"8c6e001f":68,"fe0df575":97,"b377a62a":73,"bad6cdb1":82,"03c398d2":84,"b7df1559":88,"ac62fac2":93,"87922532":91,"a0b03218":85,"73b15e04":83,"a577db1c":72,"92f800f5":80,"a81a857c":81,"b0869206":87,"5acce642":83,"87c462ee":87,"bf30a08f":92,"aa187e3b":72,"16b476e9":74,"9cb4697f":90,"9a3cc55d":69,"a58bf525":82,"c318d350":90,"3712c4bd":74,"3c43e8a2":84,"93ac9ca3":82,"b1f58563":84,"c8dc010f":94,"527ff946":87,"5a622a23":76,"655954ba":81,"261c9911":90,"5fa12feb":81,"e7abc88d":66,"cb51f134":87,"e1f0dbfd":89,"79e4fa1c":77,"4e3f5178":89,"dc0c8b09":92,"eb2e1983":74,"b102f7bd":83,"1745a0f4":80,"f2e3c0e3":72,"bd62d7ed":70,"a567ace4":84,"a5676c24":79,"0a1d11e6":69,"49cb2959":87,"d9d0c567":80,"fafb4cc2":106,"4abb7aed":80,"7ae34c64":88,"9f74b8a4":74,"76f94eda":81,"6034b6d0":89,"7566fdd6":92,"2ce1af05":69,"c38c2b52":78,"43d87483":80,"51c57542":85,"704bce0d":82,"bd984a8e":78,"dcf85091":67,"6f81493d":80,"c2bb8aae":74,"059d6c19":99,"0c0e98ea":69,"820225e4":64,"cf50e84e":82,"d6db2b02":92,"e81834aa":95,"08a4c3f8":86,"67f6e4f2":82,"49910300":77,"17b08923":79,"554ebb83":78,"b2703001":84,"358e45b1":85,"288afc30":79,"1ff8c2fc":86,"4ac6bd4e":67,"99d130c9":94,"56752a4a":71,"b2bd8fd3":75,"4360a1a3":92,"0b959527":80,"142d6987":85,"5ab7bc35":84,"e62d705f":73,"d9d7c4c2":88,"1623fc9f":78,"ce3bf5db":75,"92f800f5":81,"638cb163":99,"b8ab8e6e":80,"36684155":84,"088feee2":91,"254cc28c":90,"99e171db":84,"f2364460":93,"8657c79d":97,"d1ca5d6b":92,"f271ed5d":91,"730a4938":88,"93b0a158":83,"ee21ad02":89,"a6b5e869":77,"7ee7621c":81,"cb4f262b":84,"812b4f15":70,"8eb64769":75,"cf52025e":74,"2198ba8e":72,"5099c6a0":98,"f1dffa24":64,"dc583e64":88,"8274885a":89,"6d61bf13":75,"88b3bc99":80,"383e232d":77,"2180f99b":83,"6751d8e4":91,"be149c6f":72,"c9efc8f6":78,"3c18f28e":78,"60d6cee2":83,"6867261a":75,"6d5fcd4c":86,"5ac86fb9":87,"d3e84616":98,"c93c3508":66,"a63bddd4":99,"ac38a6a5":90,"8dd2684c":86,"9e206c95":92,"1d153b20":82,"6490bac6":73,"fb8bfb36":93,"7d112f4d":85,"0a96f57a":90,"c45d554f":79,"21ad2f34":77,"77898c22":71,"754f98c9":80,"06ee61b6":69,"6ee92259":85,"82204d54":80,"2a4a402a":81,"f67de058":79,"25a2844e":83,"ba5c52af":83,"1745a0f4":81,"3f75d3bc":93,"733c86f8":80,"810aa5e9":84,"aa867541":72,"8a165e17":87,"781ace7d":81,"56473430":85,"906fdec3":70,"2ce1af05":70,"76f94eda":82,"30b6808c":76,"93b9fae6":73,"597c1f81":76,"cf9f4757":74,"7e95c5a0":75,"fe578280":78,"efe84c27":74,"79f04300":82,"8e99d5d0":88,"ebdbf580":80,"7a9344a4":100,"f6fe095d":100,"3c43e8a2":85,"d6db2b02":93,"4b3e3b1c":86,"6a60348e":74,"a3d4a0e5":90,"e0e6a097":78,"1f88a4b7":91,"31f6d707":97,"1138796e":87,"95f6db13":71,"3652bd66":80,"c7c4ec5c":73,"8c6e001f":69,"0cb80f4a":77,"50312237":84,"56752a4a":72,"b6aaf976":88,"aefe13f5":87,"481754fc":66,"e6fac295":66,"26ed1a5c":81,"74f234c6":84,"f4634d0b":68,"df2b4d87":77,"c2bb8aae":75,"04ea5673":86,"66b7b5b4":76,"f8b31ce5":105,"ddec9e54":74,"d9d7c4c2":89,"c8fcad77":80,"b7505747":92,"c1bdfd41":76,"31d74eee":74,"77bae750":74,"5957df9e":76,"c6c85783":93,"36b7003c":104,"37fbb107":94,"bf822e33":84,"87c462ee":88,"7f6d1d0e":96,"87ce8d1d":70,"4febf7c5":88,"af0b61ab":82,"a6626a13":67,"bca2d7cd":81,"3c6692a3":97,"eb7b4e29":69,"aaa274a5":85,"730338c4":93,"0681c48e":94,"c4bff41f":83,"5ac86fb9":88,"5f6613c8":69,"deb31f35":87,"76f3a3be":77,"c9efc8f6":79,"bc021def":94,"09560615":64,"546f6845":90,"ec2cb1af":80,"f3d68430":89,"1d153b20":83,"172217e5":88,"70594a28":81,"4dac6b20":67,"5a622a23":77,"ea4d3f3e":92,"730a4938":89,"c0b23081":89,"7ee7621c":82,"4b125e7b":86,"eb2e1983":75,"78b97937":88,"6c524f99":76,"8721056e":75,"6c486702":92,"05f6ab35":77,"2c6cb96f":70,"cfafcda8":81,"4abb7aed":81,"7ae34c64":89,"49cb2959":88,"aa76bc50":71,"3c0df8b4":88,"28654c76":91,"7566fdd6":93,"621d6b18":94,"77bfed7e":78,"f1df62b4":78,"e28c2efc":74,"0d7d88f1":71,"7e95c5a0":76,"201cafad":75,"d34a29b9":91,"27d8bf51":87,"d548635d":80,"8e4c33d2":87,"3e082b37":71,"0b3283c9":85,"5b60dd1d":83,"6d61bf13":76,"5410e9c6":86,"eda6a690":67,"fb44fa9c":97,"8aa78e2f":78,"1138796e":88,"e81834aa":96,"e8f173b5":78,"4ff2225d":77,"de11eb19":102,"cfe72ead":64,"1be05c14":71,"554ebb83":79,"ef16ca37":82,"b4fdf90e":81,"b377a62a":74,"92d38723":86,"cf52025e":75,"c6e3d352":90,"5c82d1ce":82,"efe84c27":75,"d033db8d":85,"69d4b754":77,"fb8bfb36":94,"9316e7e8":71,"4e3f5178":90,"cf1124db":71,"ebdbf580":81,"f3992a31":81,"5f620a1e":92,"381c68fa":89,"74f234c6":85,"0b959527":81,"0f029727":76,"bb98a6cf":97,"c8fcad77":81,"58d46189":93,"014460b9":100,"92f800f5":82,"5339e1e9":77,"2b3e4717":82,"39a2fcce":69,"088feee2":92,"04643409":95,"5957df9e":77,"c81b2bcf":73,"28d40296":64,"a5aee5de":102,"be1746a0":73,"481754fc":67,"eed20185":87,"12a2cd4b":87,"98915a1f":68,"0fc5ac7e":98,"2c01e624":77,"383e232d":78,"3c6692a3":98,"7028b044":77,"39ba00f0":84,"03b4ab60":86,"31f6ba51":82,"deb31f35":88,"aa9ea5e8":72,"c4bff41f":84,"24a9fb86":92,"1ed46298":99,"ec2cb1af":81,"36d340f2":70,"eeaa2d46":84,"affb82bf":84,"865d9857":63,"935ec056":69,"93b0a158":84,"8bc04eb5":69,"04bef50c":60,"91b28f83":82,"7fef9973":86,"e4117b3b":66,"062179c1":87,"478d2d4f":92,"8007f30e":58,"afe8e06a":74,"0e2b5d2f":87,"11b2c8d9":76,"b87158fb":85,"91f7ef72":84,"3101354b":72,"cf1b8c47":91,"2c6cb96f":71,"49cb2959":89,"45b5746e":79,"28654c76":92,"87cd2add":77,"d83294cd":76,"7fb4c521":78,"5fa12feb":82,"6490bac6":74,"9a80f004":71,"07107f6e":82,"53747a91":83,"ded7da5a":86,"bc09fa9e":75,"685207b3":84,"39bbc4bc":95,"b935fc1c":74,"19f9ca86":89,"9a3cc55d":70,"2c5c1dc0":79,"5099c6a0":99,"5270f158":76,"8b2b601d":82,"159ffd0b":62,"69f3bfcc":82,"17b08923":80,"f9c15fcc":90,"6291e9e9":83,"cd95f558":84,"868edcc0":85,"336d0f08":90,"b377a62a":75,"013ee301":81,"d102b0c6":66,"cfe72ead":65,"00554ffd":87,"a3253019":77,"e0154608":71,"0dad37d5":80,"34c5c729":88,"2e3503e4":81,"06ee61b6":70,"0c0e98ea":70,"a8726d50":65,"0841052c":79,"026766f3":81,"30c5d755":91,"b7434f57":73,"bb99c79c":78,"558d5ce7":79,"527ff946":88,"f4b2f575":67,"7e15f8e8":81,"48efc739":97,"d1fe2868":79,"2a387957":88,"9d9dd9e5":77,"d9f512b9":85,"c3e6ef01":92,"be40590d":81,"14c682eb":75,"1623fc9f":79,"e5d3655c":91,"2154b6e8":77,"4c39240e":85,"6a5b71b4":86,"629800eb":92,"a85d89cc":74,"af7e5be8":91,"468fc85c":82,"f1098793":80,"03c398d2":85,"1c3a30c5":81,"6ebe2354":71,"26c6fa34":77,"d82592f4":81,"26c390d6":75,"6a3eaf43":81,"de6213c7":81,"911e770b":87,"9147702f":73,"9fa62fee":78,"70c1e715":80,"61d4782d":84,"5eaa1581":75,"227006e4":78,"40860a4b":68,"31f6ba51":83,"a2c334e7":100,"6632fed0":88,"b9a48a5c":66,"d4d5f466":80,"e4117b3b":67,"2882a956":81,"20811ddf":75,"37d0cae2":82,"4b125e7b":87,"e356abf1":88,"13b53c7a":82,"fef750ca":82,"2352c8ef":70,"6c524f99":77,"9a3ab0b8":65,"cd522166":94,"78b97937":89,"08a561b7":77,"3a291497":73,"f789f6d8":96,"537634c9":71,"ec110282":89,"a5676c24":80,"aa76bc50":72,"72b84094":96,"6085137f":59,"b935fc1c":75,"f6fe095d":101,"a40846b7":88,"71ff66e8":79,"f1dffa24":65,"3e082b37":72,"3310a049":86,"fb44fa9c":98,"0114160e":87,"411b5027":83,"554ebb83":80,"32c9fc47":79,"7a6aa4b6":85,"f5829ac0":83,"7ae3fc50":76,"2cce4fb2":87,"0cb80f4a":78,"5a0ead91":78,"a533489b":89,"2209903e":82,"5c82d1ce":83,"3ef7432b":79,"805534ac":74,"e1f0dbfd":90,"f4343817":86,"1a68160d":82,"a836aa93":84,"1247fa52":81,"104721f0":80,"5e193fc8":85,"f2086446":86,"4e3f5178":91,"751bcf25":81,"906632cb":76,"f5596d0f":89,"12012fbd":81,"865d9857":64,"d2a841c9":65,"8dd2684c":87,"1d153b20":84,"cf775f58":80,"47d27624":81,"4ed01268":77,"1a0189c4":79,"8a52882e":78,"f66616b7":77,"6adce358":93,"902f49f5":80,"ddec9e54":75,"57167c74":84,"7cd0ad7b":92,"8f13c203":71,"3f9b5722":72,"7be025ce":78,"94a2fe10":84,"7e76c93c":91,"abd32136":80,"87083264":90,"ef91eaae":66,"9f74b8a4":75,"597c1f81":77,"d2466211":98,"753ca352":72,"ca7d47f7":82,"b5ce0c0c":85,"3fdb08f5":82,"cd95f558":85,"064a99c8":79,"3e602573":71,"6be9332a":78,"cac4449a":73,"0eaf08da":87,"a0bc1ceb":79,"74e01f6a":75,"0bd93cfd":67,"fd369c21":91,"fd07e0ed":80,"2d13e69b":78,"835358a0":74,"f069bb07":80,"cbb54a0a":68,"dc473de1":75,"181c3dd5":81,"3a1d1632":61,"03b4ab60":87,"c9efc8f6":80,"8cddb65e":85,"dcfaba4c":80,"9d4f1fe6":72,"e6ec8cbf":91,"bf30a08f":93,"c0b23081":90,"ad2d7bed":87,"6841f77e":89,"e356abf1":89,"2352c8ef":71,"cd522166":95,"9a3ab0b8":66,"1105f790":84,"dd3913d2":78,"b8488fc8":81,"a59a8290":75,"6e44927f":68,"f789f6d8":97,"83b2f9c5":90,"93ac9ca3":83,"fe1d4419":87,"83086d4c":89,"8dd649a3":74,"27f52ed3":99,"09f0db62":110,"014bdff0":89,"88a30343":84,"59431390":82,"69f3bfcc":83,"b36a0d66":69,"b7407bd3":75,"ce4da56f":83,"ef16ca37":83,"9a80f004":72,"4dac6b20":68,"c8dc010f":95,"e21c6207":78,"5c82d1ce":84,"6bc5d32a":100,"685207b3":85,"2b3c49b9":85,"1a2c020b":72,"6b78ad7f":92,"c21ab51e":61,"bd984a8e":79,"cb51f134":88,"558d5ce7":80,"30dd2edc":88,"8547fbc2":81,"546f6845":91,"172217e5":89,"623c6a31":86,"51f57142":91,"ccf8b803":71,"815e4582":80,"c6c85783":94,"1d790491":85,"1b881e6e":93,"0f1ac912":72,"39a2fcce":70,"1247fa52":82,"b6591e25":78,"dbd2f139":93,"56d315d8":66,"df2b4d87":78,"8db62558":82,"5ab7bc35":85,"059d6c19":100,"868cda42":77,"902f49f5":81,"259930ee":93,"3fdb08f5":83,"0c0e98ea":71,"aa76bc50":73,"ae016053":85,"abd32136":81,"053f3451":82,"74c26380":81,"056ea7ff":87,"a472532e":74,"c803b4a3":84,"4d9b0b10":86,"0785820e":86,"ac030e74":71,"aa021138":89,"4577b333":85,"2cce4fb2":88,"5f8517b7":103,"4ff2225d":78,"c7c4ec5c":74,"b4fdf90e":82,"db0a661e":87,"4ac6bd4e":68,"d82592f4":82,"0eaf08da":88,"cac4449a":74,"aefe13f5":88,"946df4fd":87,"56752a4a":73,"3e602573":72,"26c390d6":76,"730338c4":94,"5747db6e":92,"a6626a13":68,"d1ca5d6b":93,"d0d6acb1":69,"c793cdda":81,"13747b82":83,"d6d61bfc":88,"42c80e69":91,"c9efc8f6":81,"181c3dd5":82,"74e3d13e":79,"b7cc7909":76,"124fbe96":77,"7ee7621c":83,"d1d40c9c":87,"19551bad":81,"91b28f83":83,"bec9d329":90,"a0685bf3":94,"9a3ab0b8":67,"5acce642":84,"92ca52b7":86,"9d4f1fe6":73,"781ace7d":82,"8721056e":76,"da04caac":83,"7af262e5":84,"1d44aff3":87,"0e2b5d2f":88,"27f52ed3":100,"f5cd79c1":74,"971675c5":89,"8e4c33d2":88,"77d35808":86,"a58bf525":83,"c7ab83c1":70,"cf50e84e":83,"1be05c14":72,"5fa12feb":83,"6490bac6":75,"261c9911":91,"3b7763b1":69,"913a6226":79,"bc09fa9e":76,"fb8bfb36":95,"546f6845":92,"d3e84616":99,"bb99c79c":79,"945b63f0":107,"15620dca":95,"b946e146":95,"d2a841c9":66,"b88033fd":87,"d5557fb4":91,"ccf8b803":72,"0670c466":80,"47d27624":82,"cf775f58":81,"d1fe2868":80,"b3863630":75,"1a68160d":83,"c5b35e4d":79,"b215547b":79,"36380d96":91,"9b742f71":74,"e0154608":72,"cf1124db":72,"7a9344a4":101,"c2bb8aae":76,"28d40296":65,"3c0df8b4":89,"8db5a165":67,"537634c9":72,"d9a64845":79,"95539a58":65,"753ca352":73,"d7cb9bcf":82,"c8113b77":69,"385ab7c6":81,"9f74b8a4":76,"9aa6a054":79,"430a5db5":91,"2af60749":90,"2045d7d6":74,"94a2fe10":85,"ca6d2d91":82,"ca7d47f7":83,"62d1d346":70,"a8726d50":66,"a33fe0dd":91,"c7636527":72,"e7e82473":100,"f277386e":63,"0b5a0408":76,"1138796e":89,"1b153aef":78,"3c782bb3":80,"06073f13":85,"3652bd66":81,"3a1b9af5":81,"b4fdf90e":83,"b35e9e1a":110,"2e99f8fd":71,"2198ba8e":73,"a5aee5de":103,"c27969ec":84,"ac62fac2":94,"baebb391":89,"0eaf08da":89,"99d130c9":95,"730338c4":95,"eb7b4e29":70,"0d2a1c58":70,"1f7607df":66,"aaa274a5":86,"98915a1f":69,"284544ba":85,"4911acad":66,"57d5dee8":89,"9f5e6cba":92,"c852d240":81,"730a4938":90,"7fef9973":87,"1c0a9eff":80,"54d7de6b":92,"124fbe96":78,"ae99df30":82,"bd2705b0":99,"a59a8290":76,"eb2e1983":76,"78b97937":90,"a66a2d8a":98,"a8c93bed":83,"a58bf525":84,"09ff339a":69,"c95719e5":74,"f6fe095d":102,"2203f259":84,"0b3283c9":86,"5410e9c6":87,"72b84094":97,"feb67030":77,"6b9eff39":79,"ecfa8249":90,"26dd2000":86,"031e488e":85,"76f3a3be":78,"b7cc7909":77,"57540cc3":88,"4d35385e":79,"53a8613c":100,"0277d748":91,"affb82bf":85,"217c0327":60,"416a9e97":80,"e99318a3":75,"39a2fcce":71,"449d8475":77,"36b7003c":105,"a0ce82b4":87,"913a6226":80,"36380d96":92,"e9679ede":73,"bd984a8e":80,"0dad37d5":81,"5be594be":79,"c21ab51e":62,"cd522166":96,"5f4102da":85,"5f0c1b9d":93,"d9d0c567":81,"3c0df8b4":90,"dc03ebd2":103,"ec110282":90,"db8ba455":90,"5f96c2bc":73,"10ec5a0b":80,"f7231212":81,"43d87483":81,"b9be31d6":88,"619fda68":95,"c38c2b52":79,"00a17b46":77,"cc11fef9":92,"ebdbf580":82,"5ccf94d6":80,"7cd0ad7b":93,"719c8869":96,"2af60749":91,"4360a1a3":93,"cf50e84e":84,"1438fad7":85,"4ff2225d":79,"1138796e":90,"f5829ac0":84,"c4aa1e38":73,"45fb95c1":86,"cd95f558":86,"0be540c5":86,"5f8517b7":104,"02d4753e":92,"e0e6a097":79,"7a2f3f06":73,"4f5e3e7d":70,"c609739e":83,"baebb391":90,"48655f09":99,"04612878":87,"35b58ef9":75,"cac4449a":75,"eed20185":88,"ddec9e54":76,"a81a857c":82,"1a2ec5d7":78,"7e76c93c":92,"66b7b5b4":77,"3fdb08f5":84,"1623fc9f":80,"c7636527":73,"794f652b":85,"0670c466":81,"c98d5272":87,"1f7607df":67,"8cd78f77":96,"5747db6e":93,"9fa62fee":79,"d0d6acb1":70,"6751d8e4":92,"8657c79d":98,"6ee92259":86,"e4117b3b":68,"93b0a158":85,"11b74e63":73,"fea793f5":81,"d4d5f466":81,"c0b23081":91,"8274885a":90,"0b3283c9":87,"c95719e5":75,"014bdff0":90,"09ff339a":70,"3f2522c2":80,"805534ac":75,"20777945":76,"be149c6f":73,"b230e8d3":86,"9b3f8714":85,"c852d240":82,"5ac86fb9":89,"deb31f35":89,"dc473de1":76,"6de0aaac":71,"8dd2684c":88,"30dd2edc":89,"22176537":73,"09560615":65,"0e036ae9":98,"416a9e97":81,"77f31bab":82,"da3437cd":71,"4295ce9a":88,"4eed1bea":84,"c455f40e":73,"5be594be":80,"26dd2000":87,"cb51f134":89,"9b742f71":75,"1247fa52":83,"bd62d7ed":71,"a0685bf3":95,"8f10fa42":99,"70ee0491":67,"afe8e06a":75,"731fc335":67,"fef750ca":83,"a5fd8ffd":85
1604737519604,"dfcc2ad1":98,"dc03ebd2":104,"aa76bc50":74,"a5676c24":81,"fd482491":94,"906fdec3":71,"c8113b77":70,"e28c2efc":75,"d2466211":99,"43d87483":82,"e57d5cda":96,"00a17b46":78,"9f74b8a4":77,"9d63c4dd":76,"d5557fb4":92,"1634789b":84,"c564e316":82,"0b5a0408":77,"f044c0e1":64,"b84a06eb":81,"cf84fb54":87,"6c73ae98":73,"b2703001":85,"8f2a7d69":75,"6d802fa2":76,"50312237":85,"d102b0c6":67,"4ac6bd4e":69,"5f8517b7":105,"fe0df575":98,"4ea4a2a1":96,"aa00769b":97,"cac4449a":76,"17807120":84,"c6e3d352":91,"a0b03218":86,"cbad3b92":96,"d82592f4":83,"2e3503e4":82,"e1618359":85,"a4f1d83b":88,"e7abc88d":67,"9bdf362a":70,"e5d3655c":92,"3f9b5722":73,"ba30e43a":98,"ddec9e54":77,"1e191c98":64,"3bad3c95":64,"b320feb9":81,"0af920d8":66,"c0b0f492":93,"61f25dd4":98,"bec9d329":91,"b0869206":88,"16b476e9":75,"a1921150":89,"bf822e33":85,"1d790491":86,"835358a0":75,"f069bb07":81,"2a06ab95":87,"7af9d3b1":93,"6775d5cd":82,"7735c3c2":77,"d4d5f466":82,"f0a06216":79,"e35a63cd":85,"8274885a":91,"93ac9ca3":84,"a66a2d8a":99,"b102f7bd":84,"d78dd457":73,"6c486702":93,"afe8e06a":76,"cf1b8c47":92,"2352c8ef":72,"71e53c93":86,"71ba7561":80,"45b5746e":80,"781ace7d":83,"f789f6d8":98,"c91966ce":75,"f4634d0b":69,"d9f512b9":86,"ffa08d82":88,"95539a58":66,"d7cb9bcf":83,"87083264":91,"629800eb":93,"60d6cee2":84,"39ba00f0":85,"1f7607df":68,"5eaa1581":76,"6751d8e4":93,"3c18f28e":79,"9b3f8714":86,"c793cdda":82,"540df50f":89,"6df0b2e8":99,"49902219":94,"945b63f0":108,"25a7a0a3":81,"3661e12d":75,"0e036ae9":99,"8547fbc2":82,"22ecaed0":73,"31d74eee":75,"bad1a1cc":68,"8fb236a9":79,"faf4f98b":85,"3a204e56":88,"5099c6a0":100,"004f1ef3":94,"d599b566":98,"e7773397":72,"5678ed7b":98,"8298e976":101,"4ff2225d":80,"0d2c95fe":73,"32c9fc47":80,"05642105":79,"31f6d707":98,"b2703001":86,"9260d96b":95,"f9c15fcc":91,"00554ffd":88,"b377a62a":76,"c27969ec":85,"3d1af513":91,"17807120":85,"fa55f27a":96,"b2bd8fd3":76,"ccb5ea3e":68,"4e5aaaec":77,"ded7da5a":87,"c8dc010f":96,"0a96f57a":91,"b3863630":76,"ab7d4c9a":79,"7b6a7048":82,"c5b35e4d":80,"a0cca8b7":73,"0dad37d5":82,"f121b82c":87,"4b4ecbce":75,"1e232870":89,"1e191c98":65,"9bdf362a":71,"751acea8":76,"04bef50c":61,"1a442bc7":84,"d1d40c9c":88,"bd2705b0":100,"2a387957":89,"1d790491":87,"c67979e6":95,"cf775f58":82,"c98d5272":88,"1f7607df":69,"f4726450":79,"39ba00f0":86,"778c95e9":80,"124fbe96":79,"7f6d1d0e":97,"87922532":92,"e8d74304":68,"74e01f6a":76,"8eb64769":76,"6841f77e":90,"9d023afb":91,"5f4102da":86,"19551bad":82,"9b546d65":74,"dc0c8b09":93,"a5676c24":82,"2bcca6a7":97,"0a1d11e6":70,"1105f790":85,"a0cf08b3":72,"1d44aff3":88,"d9d0c567":82,"00a481e3":91,"a15713c6":87,"b320feb9":82,"cf1124db":73,"b7505747":93,"142d6987":86,"5ccf94d6":81,"5ab7bc35":86,"805af3c7":87,"8db62558":83,"30c5d755":92,"4ee62a26":72,"ffc86f94":66,"cb142908":78,"597c1f81":78,"2ce1af05":71,"385ab7c6":82,"b73e789c":81,"87083264":92,"9aa6a054":80,"bb8a6337":74,"b7832271":86,"ef1c2dcb":83,"c4bff41f":85,"aec4e1bf":82,"3c6692a3":99,"72805bf5":72,"32133249":88,"4125085e":87,"17446892":80,"bb99c79c":80,"f5596d0f":90,"a63bddd4":100,"8cc4a982":80,"175bc6b2":71,"6cba74ce":77,"ec2cb1af":82,"31d74eee":76,"77bae750":75,"9a3cc55d":71,"6b79fec2":75,"b935fc1c":76,"e238f09b":81,"d599b566":99,"25635c37":71,"1da771fb":80,"8cf83787":71,"e8f173b5":79,"0b5a0408":78,"1db42092":94,"a6bcb07e":93,"a3d4a0e5":91,"06073f13":86,"cf84fb54":88,"9260d96b":96,"3a1b9af5":82,"d0b297b2":73,"00554ffd":89,"de11eb19":103,"8323d333":71,"e2cbe594":74,"ded7da5a":88,"0a96f57a":92,"18d20aa1":76,"0da28f5b":92,"3b7763b1":70,"b3863630":77,"d25e0f8d":91,"f3992a31":82,"0dad37d5":83,"3ef7432b":80,"69134f07":80,"e1618359":86,"1b881e6e":94,"44a4f7cd":79,"9d9dd9e5":78,"d1fe2868":81,"ce3407dd":84,"284544ba":86,"70c1e715":81,"2c627253":79,"bca2d7cd":82,"7db3edda":81,"9d4f1fe6":74,"0d770b97":83,"e6fac295":67,"481754fc":68,"b2bd8fd3":77,"12271e14":77,"13f0e139":76,"e8d74304":69,"b460f030":97,"290b4714":78,"ad2d7bed":88,"51a3e9c2":86,"4652b09a":98,"9cb4697f":91,"dfcc2ad1":99,"afe8e06a":77,"cfafcda8":82,"dc0c8b09":94,"0f89862c":79,"012de09c":76,"33d6bb6a":74,"3a291497":74,"9a07d89b":88,"49cb2959":90,"cb51f134":90,"31408822":75,"d033db8d":86,"b7505747":94,"655941a0":88,"2154b6e8":78,"c8977844":86,"24ffcbd3":91,"94a2fe10":86,"f883d582":78,"c4e70c07":82,"cc6bbe45":69,"8db62558":84,"805af3c7":88,"d9d7c4c2":90,"ae016053":86,"2c6cb96f":72,"d8e58a8c":89,"a5fd8ffd":86,"cf9f4757":75,"597c1f81":79,"a85d89cc":75,"385ab7c6":83,"b73e789c":82,"abd32136":82,"ba938220":76,"aec074c4":91,"eb7b4e29":71,"dcfaba4c":81,"9f5e6cba":93,"47cfba38":74,"3c18f28e":80,"5a734022":77,"deb31f35":90,"162a7348":81,"9c045c61":88,"6d5fcd4c":87,"ec2cb1af":83,"172217e5":90,"01d817b8":73,"12012fbd":82,"8dd2684c":89,"5270f158":77,"2203f259":85,"a77e127d":60,"e238f09b":82,"c318d350":91,"eda6a690":68,"014bdff0":91,"1db42092":95,"5678ed7b":99,"6291e9e9":84,"59431390":83,"bab97de3":89,"f5829ac0":85,"792c9b6a":68,"d36125db":92,"8323d333":72,"8245f916":65,"7a6aa4b6":86,"d102b0c6":68,"9263c525":81,"7a2f3f06":74,"7b6a7048":83,"feb67030":78,"d25e0f8d":92,"d34a29b9":92,"805534ac":76,"8ea21393":77,"cb51f134":91,"d1fe2868":82,"90d52475":78,"77f31bab":83,"1a0189c4":80,"9d63c4dd":77,"ce3407dd":85,"f2364460":94,"2d54e0a8":68,"792cfcbd":71,"3e602573":73,"e8d74304":70,"01cd8099":82,"13f0e139":77,"d82592f4":84,"26c6fa34":78,"37d0cae2":83,"290b4714":79,"7fef9973":88,"ae99df30":83,"5eab91a0":83,"e4c312fe":83,"d815c5b4":98,"6a7392d5":74,"478d2d4f":93,"e35a63cd":86,"ccb5ea3e":69,"0a92153e":86,"a836aa93":85,"3007f31f":82,"77300e4a":76,"972f4174":98,"1e232870":90,"94a2fe10":87,"868cda42":78,"110b1ee3":87,"805af3c7":89,"381c68fa":90,"7be025ce":79,"467773ac":78,"142d6987":87,"37a7d5b0":90,"e32524d6":84,"d033db8d":87,"30d84dce":77,"b5ce0c0c":86,"e786063b":77,"a0685bf3":96,"a901627e":71,"1bc0591f":81,"da04caac":84,"92ca52b7":87,"71ba7561":81,"0f89862c":80,"28654c76":93,"ec110282":91,"b2cfdbcf":79,"5ef93e5d":61,"ffa08d82":89,"9496f56f":85,"6e851762":70,"5747db6e":94,"2f455cce":84,"d744bee2":77,"2a06ab95":88,"b7832271":87,"0ecfa1c9":79,"bfcb912a":80,"42c80e69":92,"4125085e":88,"6867261a":76,"081460bf":87,"af034fee":76,"f87c5031":70,"01d817b8":74,"3f65f121":86,"51f57142":92,"865d9857":65,"9e206c95":93,"8cc4a982":81,"7566fdd6":94,"9fce073c":84,"ac030e74":72,"004f1ef3":95,"9a3cc55d":72,"42191b64":67,"3c43e8a2":86,"eda6a690":69,"5623817d":86,"25635c37":72,"868edcc0":86,"8aa78e2f":79,"11888cfa":75,"26009d3f":78,"820225e4":65,"b36a0d66":70,"e36dfd6f":75,"d33790a2":93,"92d38723":87,"d83294cd":77,"87cd2add":78,"25e0dd3d":86,"48efc739":98,"d5557fb4":93,"5f7d7195":83,"97e75c19":94,"c67979e6":96,"5339e1e9":78,"36b7003c":106,"08a4c3f8":87,"b8397293":71,"2e99f8fd":72,"0ac825ed":87,"ef16ca37":84,"bc392d1c":76,"b6aaf976":89,"a636f4c9":98,"804d4dfa":74,"946df4fd":88,"17807120":86,"56752a4a":74,"1a442bc7":85,"fea793f5":82,"5b5fc566":76,"d929098e":66,"d4d5f466":83,"0d770b97":84,"8bc04eb5":70,"a0ce82b4":88,"bc09fa9e":77,"c8dc010f":97,"3ef7432b":81,"bd984a8e":81,"2ad42a9e":79,"470d50c2":83,"70594a28":82,"a3253019":78,"c5b35e4d":81,"145c7559":91,"5e193fc8":86,"80a8a56d":78,"58d46189":94,"7cd0ad7b":94,"c7636527":74,"cf1124db":74,"dac109cf":81,"49b358bd":79,"1e191c98":66,"1f11812e":84,"14c682eb":76,"bb98a6cf":98,"a33fe0dd":92,"74f234c6":86,"4c39240e":86,"e786063b":78,"fef750ca":84,"a59a8290":77,"20958d58":79,"b87158fb":86,"1105f790":86,"e5b1abc6":72,"ae016053":87,"0a1d11e6":71,"50b558a7":67,"08a561b7":78,"d8e58a8c":90,"b2cfdbcf":80,"abc1d7ad":92,"195eb771":82,"d3a669ac":94,"0fc5ac7e":99,"b947257e":99,"72d7b461":92,"884b0ad1":81,"9ab755d3":76,"2c627253":80,"71a2a493":59,"60d6cee2":85,"64db4feb":95,"e4714415":94,"5eaa1581":77,"a47abfbb":72,"227006e4":79,"2cb29e5a":94,"9a467a82":78,"08c6b5d2":83,"6ce84ff8":75,"8dc9b4db":87,"a77e127d":61,"8274885a":92,"5410e9c6":88,"5099c6a0":101,"c7ab83c1":71,"6db0ea86":86,"06ddafc7":68,"69f3bfcc":84,"b84a06eb":82,"07f98660":91,"53b4e647":91,"d7cb9bcf":84,"629800eb":94,"7fb4c521":79,"9496f56f":86,"30b6808c":77,"a77e8461":82,"f3d68430":90,"a63bddd4":101,"49902219":95,"6e98dfda":81,"1d790491":88,"f66616b7":78,"5f7d7195":84,"7e15f8e8":82,"0670c466":82,"91d52a55":82,"a3d4a0e5":92,"159ffd0b":63,"0d2c95fe":74,"82b81567":76,"92d38723":88,"b8397293":72,"8493f3b2":84,"f1862e79":66,"b35e9e1a":111,"5acaa06f":64,"6be9332a":79,"e8d74304":71,"4febf7c5":89,"13f0e139":78,"12a2cd4b":88,"aa00769b":98,"792cfcbd":72,"bb00e71c":69,"d815c5b4":99,"6c20c153":78,"ee21ad02":90,"1c0a9eff":81,"91b28f83":84,"9a80f004":73,"85de05f2":84,"c45d554f":80,"27d8bf51":88,"913a6226":81,"e0154608":73,"8ea21393":78,"e7abc88d":68,"e1f0dbfd":91,"d34a29b9":93,"c0fea118":80,"be2955bb":83,"470d50c2":84,"0a92153e":87,"5ccf94d6":82,"7cd0ad7b":95,"f4634d0b":70,"19e9776f":91,"62d1d346":71,"868cda42":79,"cf1124db":75,"c3e6ef01":93,"f8b31ce5":106,"4ee62a26":73,"14c682eb":77,"e3547548":69,"9bdf362a":72,"2045d7d6":75,"1a442bc7":86,"6c486702":94,"fe8f3d36":67,"6c524f99":78,"0042f6eb":82,"0e2b5d2f":89,"616d6dd6":81,"8063df14":72,"fafb4cc2":107,"2a4a402a":82,"a851891c":71,"810aa5e9":85,"cf1b8c47":93,"45b5746e":81,"3062379b":68,"508aac3d":86,"5747db6e":95,"3c6692a3":100,"72d7b461":93,"98915a1f":70,"835358a0":76,"be149c6f":74,"74e3d13e":80,"31f6ba51":84,"bc3dc66a":88,"b35bb8a1":71,"2ab62345":71,"6df0b2e8":100,"dd035d2a":79,"b1f58563":85,"317c1591":84,"a58bf525":85,"a77e127d":62,"6085137f":60,"60e855ee":88,"3a204e56":89,"9aa6a054":81,"c803b4a3":85,"b9be31d6":89,"d2466211":100,"ba938220":77,"9496f56f":87,"d83294cd":78,"3661e12d":76,"9a467a82":79,"8dd2684c":90,"558d5ce7":81,"08c6b5d2":84,"a63bddd4":102,"9e206c95":94,"f66616b7":79,"815e4582":81,"c6c85783":95,"bda8cdfb":85,"4ed01268":78,"97e75c19":95,"44a4f7cd":80,"a8871ddf":77,"a4dafea5":78,"f5829ac0":86,"07fc4a9a":84,"bab97de3":90,"6291e9e9":85,"1b153aef":79,"a6bcb07e":94,"9260d96b":97,"02d4753e":93,"9e878ec2":105,"4ea4a2a1":97,"0ac825ed":88,"b8397293":73,"804d4dfa":75,"48655f09":100,"458dcc3d":88,"27c8e038":92,"468fc85c":83,"9c58dd76":93,"ad8f85d6":90,"9d4f1fe6":75,"ea4d3f3e":93,"72b84094":98,"cd421290":75,"20777945":77,"ebdbf580":83,"feb67030":79,"be2955bb":84,"21e10a2b":82,"7e8e1c3d":77,"9b742f71":76,"6b9eff39":80,"9267f0ef":92,"77300e4a":77,"168e75d9":84,"3498f223":72,"ddec9e54":78,"c2bb8aae":77,"b5ce0c0c":87,"30d84dce":78,"6e24d88b":77,"88fa53d6":71,"4ee62a26":74,"ba30e43a":99,"44c77422":86,"467773ac":79,"28d40296":66,"be40590d":82,"5f620a1e":93,"d9f512b9":87,"e4c312fe":84,"1757a30e":79,"4652b09a":99,"91b28f83":85,"6c20c153":79,"1105f790":87,"478d2d4f":94,"a8c93bed":84,"8007f30e":59,"7af262e5":85,"72d7b461":94,"d744bee2":78,"5747db6e":96,"22234d6b":87,"d552eb2f":86,"3c6692a3":101,"32133249":89,"1f7607df":70,"c4bff41f":86,"bb8a6337":75,"9b3f8714":87,"a1370ab0":84,"a2c334e7":101,"bc3dc66a":89,"ef8987d7":76,"05f6ab35":78,"08a561b7":79,"7fdc2007":78,"dc583e64":89,"42191b64":68,"9a3cc55d":73,"77d35808":87,"26f99a1e":84,"b935fc1c":77,"a15713c6":88,"8db5a165":68,"45b5746e":82,"56473430":86,"dd035d2a":80,"7e95c5a0":77,"597c1f81":80,"9fce073c":85,"d4ee22a4":88,"77bfed7e":79,"d5059415":84,"ba938220":78,"7080f122":71,"bb99c79c":81,"2cb29e5a":95,"f2f58418":72,"b9a48a5c":67,"57540cc3":89,"bad1a1cc":69,"d1fe2868":83,"416a9e97":82,"99e171db":85,"0f1ac912":73,"44a4f7cd":81,"e15fd611":67,"254cc28c":91,"8274885a":93,"b84a06eb":83,"6a60348e":75,"5678ed7b":100,"8298e976":102,"3c782bb3":81,"2cce4fb2":89,"332820ce":85,"4ba6eb36":84,"820225e4":66,"358e45b1":86,"b8397293":74,"50312237":86,"d33790a2":94,"554ebb83":81,"12a2cd4b":89,"b6aaf976":90,"a5aee5de":104,"804d4dfa":76,"eed20185":89,"2198ba8e":74,"9c58dd76":94,"72b84094":99,"07107f6e":83,"26dd2000":88,"80a8a56d":79,"8f9b74b0":72,"ecfa8249":91,"a4296d1e":86,"e21c6207":79,"7f86be64":85,"4dac6b20":69,"1e7753d9":98,"d34a29b9":94,"381c68fa":91,"5e193fc8":87,"e5d3655c":93,"d70ca4f4":95,"3fdb08f5":85,"ebdbf580":84,"66497c7e":78,"44c77422":87,"e1618359":87,"74f234c6":87,"4def63ee":65,"54d7de6b":93,"4652b09a":100,"04cc7cbe":74,"ba586505":75,"95d331b1":69,"6b82b527":80,"677c6a09":94,"92ca52b7":88,"6d61bf13":77,"5f4102da":87,"f069bb07":82,"6a3eaf43":82,"d744bee2":79,"88b3bc99":81,"e58b26f6":81,"7e991ab9":65,"c852d240":83,"03b4ab60":88,"bca2d7cd":83,"dc473de1":77,"288a2c43":76,"c1bb74f2":77,"2a76f1dd":67,"a0685bf3":97,"49cb2959":91,"61145ec9":90,"78b97937":91,"d5dae4c4":95,"cd522166":97,"313258f2":75,"ae016053":88,"5ef93e5d":62,"ef8987d7":77,"638cb163":100,"0c0e98ea":72,"805af3c7":90,"8942c35b":87,"f8b31ce5":107,"0bfabf48":77,"2ce1af05":72,"50c468ba":77,"7a840529":60,"ffa08d82":90,"d83294cd":79,"621d6b18":95,"540df50f":90,"a6003226":79,"5774ac0d":89,"7d6895f4":81,"09560615":66,"57540cc3":90,"01d817b8":75,"2cb29e5a":96,"affb82bf":86,"eeaa2d46":85,"0670c466":83,"6e98dfda":82,"254cc28c":92,"394dc144":81,"99e171db":86,"77f31bab":84,"e238f09b":83,"82868763":78,"0b3283c9":88,"095ab3b4":70,"3712c4bd":75,"95d3d348":80,"a8871ddf":78,"07fc4a9a":85,"cf50e84e":85,"b377a62a":77,"b84a06eb":84,"4ba6eb36":85,"332820ce":86,"45fb95c1":87,"411b5027":84,"5a0ead91":79,"49910300":78,"9e878ec2":106,"0ac825ed":89,"db0a661e":88,"d82592f4":85,"ac62fac2":95,"4b4ef7fa":83,"f1098793":81,"27c8e038":93,"c6e3d352":92,"a0bc1ceb":80,"ee75b607":82,"ea4d3f3e":94,"f56ac638":70,"0149e11a":74,"5a622a23":78,"df81ddee":77,"1247fa52":84,"ab7467de":99,"9267f0ef":93,"debe1f65":87,"7f86be64":86,"7bebff03":70,"ccb5ea3e":70,"2e3503e4":83,"efe84c27":76,"145c7559":92,"e9679ede":74,"a4f1d83b":89,"d70ca4f4":96,"1c0a9eff":82,"e6ec8cbf":92,"6b82b527":81,"088feee2":93,"084cbc0b":73,"8657c79d":99,"3c6692a3":102,"bca2d7cd":84,"8cd78f77":97,"911e770b":88,"d744bee2":80,"e0e48a2d":86,"b8488fc8":82,"1745a0f4":82,"8f10fa42":100,"a8c93bed":85,"7c0a2db6":84,"831c7b85":86,"e865e4dd":78,"7af262e5":86,"45b5746e":83,"a66a2d8a":100,"52eca0dc":85,"fafb4cc2":108,"6e44927f":69,"d634aa28":100,"ea6de194":87,"655941a0":89,"49b358bd":80,"142d6987":88,"1623fc9f":81,"f883d582":79,"3bad3c95":65,"014460b9":101,"30fdcd3b":79,"aa021138":90,"d9f512b9":88,"d5dae4c4":96,"0d7d88f1":72,"53b4e647":92,"053f3451":83,"ae95f2ba":100,"056ea7ff":88,"9c29f0ed":94,"faf4f98b":86,"12534561":70,"17446892":81,"3a1d1632":62,"8d04852b":82,"5e09f69e":85,"deb31f35":91,"bb8a6337":76,"546f6845":93,"09560615":67,"8dd2684c":91,"30dd2edc":90
1604737521027,"88432019":79,"6d5fcd4c":88,"ac38a6a5":91,"93fdbb44":66,"263762cb":74,"004f1ef3":96,"fb7b7b3c":91,"3712c4bd":76,"e238f09b":84,"3a204e56":90,"c7ab83c1":72,"1f88a4b7":92,"54a676d6":74,"4ff2225d":81,"4ba6eb36":86,"8298e976":103,"bab97de3":91,"9260d96b":98,"90731976":82,"e0e6a097":80,"2cce4fb2":90,"00554ffd":90,"cd95f558":87,"9263c525":82,"812b4f15":71,"45b038bb":102,"8f9b74b0":73,"85de05f2":85,"7d112f4d":86,"6490bac6":76,"3ef7432b":82,"7bebff03":71,"685207b3":86,"501db4de":84,"debe1f65":88,"a836aa93":86,"0dad37d5":84,"f2086446":87,"88ce179e":91,"04cc7cbe":75,"b0869206":89,"37d0cae2":84,"4258c176":78,"1757a30e":80,"d957f027":74,"815e4582":82,"36b7003c":107,"e15fd611":68,"1634789b":85,"527ff946":89,"fd369c21":92,"d3a669ac":95,"2c01e624":78,"3b2dee89":83,"03dcfa3d":83,"6be9332a":80,"4b4ef7fa":84,"2198ba8e":75,"2d382981":83,"dd1fcb17":75,"30c184b8":91,"8b5a8e9f":102,"78467b8a":93,"dd3913d2":79,"8063df14":73,"ec11fe5f":72,"eb2e1983":77,"08a561b7":80,"7896b953":85,"9267f0ef":94,"f121b82c":88,"f4634d0b":71,"3b690f68":98,"30d84dce":79,"d634aa28":101,"fbdffc95":75,"430a5db5":92,"859545e6":67,"c2bb8aae":78,"c8fcad77":82,"26ed1a5c":82,"7e76c93c":93,"aa021138":91,"9e65c0ef":72,"7be025ce":80,"313258f2":76,"42cd2360":72,"7ae34c64":90,"fe44fc6f":85,"fafb4cc2":109,"0d7d88f1":73,"76f94eda":83,"53b4e647":93,"0d28db94":76,"f1df62b4":79,"c803b4a3":86,"7a840529":61,"911e770b":89,"b35bb8a1":72,"92efd84f":83,"a47abfbb":73,"2f455cce":85,"2132fe93":90,"a6626a13":69,"51f80f4c":87,"60d6cee2":86,"6867261a":77,"540df50f":91,"f2f58418":73,"fd6dcb20":78,"217c0327":61,"49902219":96,"f3d68430":91,"b946e146":96,"9c045c61":89,"3e082b37":73,"363590c7":83,"004f1ef3":97,"71ff66e8":80,"eda6a690":70,"c564e316":83,"8e4c33d2":89,"a6bcb07e":95,"05642105":80,"cf50e84e":86,"8298e976":104,"bab97de3":92,"b7407bd3":76,"3310a049":87,"fa55f27a":97,"f044c0e1":65,"4ba6eb36":87,"92d38723":89,"608bc832":77,"0ac825ed":90,"d102b0c6":69,"eed20185":90,"6b9eff39":81,"7b6a7048":84,"27d8bf51":89,"18d20aa1":77,"f734c84c":107,"8e780922":83,"da3437cd":72,"9cb4697f":92,"04cc7cbe":76,"2a387957":90,"842c8340":74,"36b7003c":108,"f66616b7":80,"90d52475":79,"97e75c19":96,"c98d5272":89,"abad2347":84,"5eab91a0":84,"a543ec74":84,"458dcc3d":89,"468fc85c":84,"35b58ef9":76,"f1098793":82,"a0bc1ceb":81,"67d30f2b":82,"124fbe96":80,"4258c176":79,"f5e8dfee":94,"dd3913d2":80,"062179c1":88,"2352c8ef":73,"2a76f1dd":68,"a0685bf3":98,"7fdc2007":79,"7c0a2db6":85,"c382f054":85,"8f9b74b0":74,"9b742f71":77,"0da28f5b":93,"7f86be64":87,"dcf85091":68,"145c7559":93,"430a5db5":93,"f1b493de":94,"180377be":87,"0c0e98ea":73,"e5d3655c":94,"142d6987":89,"c4e70c07":83,"f4634d0b":72,"cd3bbe7e":83,"2045d7d6":76,"44c77422":88,"5f620a1e":94,"e786063b":79,"f8b31ce5":108,"61145ec9":91,"2dd0e808":82,"a5fd8ffd":87,"ec110282":92,"6e44927f":70,"42cd2360":73,"2b698053":80,"43d87483":83,"d7cb9bcf":85,"6034b6d0":90,"ad303bda":84,"67c57de4":108,"0bfabf48":78,"aa5dfdf5":81,"98915a1f":71,"bca2d7cd":85,"aec074c4":92,"d1ca5d6b":94,"084cbc0b":74,"be149c6f":75,"a6003226":80,"6e851762":71,"31f6ba51":85,"42c80e69":93,"2ab62345":72,"bb8a6337":77,"12534561":71,"8cc4a982":82,"7d6895f4":82,"9de29816":72,"bb99c79c":82,"9a467a82":80,"51f57142":93,"7080f122":72,"b769bdfb":90,"317c1591":85,"c564e316":84,"095ab3b4":71,"0b3283c9":89,"e7773397":73,"836701f6":69,"d36125db":93,"b36a0d66":71,"95f6db13":72,"f277386e":64,"b377a62a":78,"0b5a0408":79,"6f0fcb9d":88,"e8f173b5":80,"7a2f3f06":75,"cf50e84e":87,"d102b0c6":70,"c4aa1e38":74,"8245f916":66,"ecfa8249":92,"b6ee137a":78,"794f652b":86,"84369269":74,"cb6c9e42":97,"254cc28c":93,"9d63c4dd":78,"c6c85783":96,"f66616b7":81,"608bc832":78,"01cd8099":83,"d82592f4":86,"23080895":70,"a0bc1ceb":82,"e6fac295":68,"d8475b95":60,"56752a4a":75,"67d30f2b":83,"91b28f83":86,"bf30a08f":94,"2882a956":82,"88ce179e":92,"16b476e9":76,"1bb4ccc0":79,"c510bfd3":90,"9b546d65":75,"8f10fa42":101,"11b2c8d9":77,"fead11cf":75,"c650b434":96,"f734c84c":108,"07107f6e":84,"f3992a31":83,"f121b82c":89,"3b7763b1":71,"80a8a56d":80,"2ad42a9e":80,"c7313e0a":90,"dcf85091":69,"c5b35e4d":82,"be2955bb":85,"74f234c6":88,"3b690f68":99,"ca6d2d91":83,"4c39240e":87,"0c043224":94,"1e7753d9":99,"e786063b":80,"c3e6ef01":94,"4fd645f1":70,"751bcf25":82,"62d1d346":72,"75ffea08":82,"d9d7c4c2":91,"df2b4d87":79,"1745a0f4":83,"30c184b8":92,"08a561b7":81,"810aa5e9":86,"49cb2959":92,"52eca0dc":86,"43bc86e3":78,"d9d0c567":83,"1d44aff3":89,"7a4c064c":88,"91536e85":87,"6034b6d0":91,"53b4e647":94,"d4ee22a4":89,"7fb4c521":80,"383e232d":79,"2180f99b":84,"3062379b":69,"7028b044":78,"e58b26f6":82,"5a07fc2e":72,"8d04852b":83,"64db4feb":96,"2c01e624":79,"9f5e6cba":94,"540df50f":92,"031e488e":86,"71279c46":74,"dcfaba4c":82,"6de0aaac":72,"9a467a82":81,"ccdd1ce6":80,"2cb29e5a":97,"bc021def":95,"9e206c95":95,"5270f158":78,"fe1d4419":88,"83086d4c":90,"5099c6a0":102,"27f52ed3":101,"8dc9b4db":88,"8e4c33d2":90,"6db0ea86":87,"95f6db13":73,"88a30343":85,"159ffd0b":64,"d6db2b02":94,"6f0fcb9d":89,"b36a0d66":72,"cd95f558":88,"faf4f98b":87,"88432019":80,"bad1a1cc":70,"7e15f8e8":83,"5339e1e9":79,"2a387957":91,"bf822e33":86,"25d1b2d8":82,"c67979e6":97,"4ac6bd4e":70,"f044c0e1":66,"379184a7":97,"02d4753e":94,"336d0f08":91,"b8397293":75,"468fc85c":85,"6be9332a":81,"a0bc1ceb":83,"12271e14":78,"2c24d929":91,"01cd8099":84,"2198ba8e":76,"730a4938":91,"7ee7621c":84,"6c20c153":80,"b3f19a69":80,"0d770b97":85,"8bc04eb5":71,"5b5fc566":77,"c8dc010f":98,"805534ac":77,"7d112f4d":87,"201cafad":76,"9d0546ac":77,"bd984a8e":82,"a0ce82b4":89,"c7313e0a":91,"a851554d":93,"1a68160d":84,"8e780922":84,"e0154608":74,"d34a29b9":95,"69134f07":81,"c2bb8aae":79,"7a9344a4":102,"56d315d8":67,"059d6c19":101,"24ffcbd3":92,"8db62558":85,"14c682eb":78,"8942c35b":88,"88fa53d6":72,"0b959527":82,"5cd3cfe0":66,"d6f0d94a":74,"a577db1c":73,"dac109cf":82,"bd62d7ed":72,"9a3ab0b8":68,"fead11cf":76,"92ca52b7":89,"a567ace4":85,"2a4a402a":83,"731fc335":68,"25a2844e":84,"cf1b8c47":94,"95904ac4":96,"d9d0c567":84,"3a291497":75,"71e53c93":87,"dd035d2a":81,"778c95e9":81,"ef1c2dcb":84,"2c01e624":80,"272c7672":83,"dd7acb96":81,"de6213c7":82,"68562193":68,"c0e2624b":76,"64db4feb":97,"9b3f8714":88,"162a7348":82,"227006e4":80,"5e09f69e":86,"8d04852b":84,"ac38a6a5":92,"49902219":97,"1da771fb":81,"578f6e9e":91,"8e4c33d2":91,"a40846b7":89,"eda6a690":71,"7ee148e9":79,"016953e4":92,"1f88a4b7":93,"6034b6d0":92,"76f94eda":84,"ad303bda":85,"1dad0f99":84,"e4cfef0a":69,"7e95c5a0":78,"4d9b0b10":87,"e9adbe58":78,"be4f8ba8":81,"2dda3936":81,"623c6a31":87,"7d6895f4":83,"91d52a55":83,"254cc28c":94,"5a0eb771":86,"6e98dfda":83,"37fbb107":95,"b8ab8e6e":81,"5f7d7195":85,"de36827b":102,"d36125db":94,"1b153aef":80,"b84a06eb":85,"c4aa1e38":75,"07fc4a9a":86,"50312237":87,"489a39f7":72,"06073f13":87,"b552beb3":79,"8d000d6e":78,"358e45b1":87,"b35e9e1a":112,"e8d74304":72,"d8475b95":61,"01cd8099":85,"2c24d929":92,"ac62fac2":96,"59c1e594":90,"87ce8d1d":71,"d929098e":67,"b0869206":90,"bd2705b0":101,"a6b5e869":78,"c0b23081":92,"935ec056":70,"805534ac":78,"5a622a23":79,"fb8bfb36":96,"bc09fa9e":78,"21e10a2b":83,"6bc5d32a":101,"ecfa8249":93,"9b172ca8":72,"1a2c020b":73,"501db4de":85,"f3992a31":84,"f121b82c":90,"c382f054":86,"69134f07":82,"ddec9e54":79,"110b1ee3":88,"0841052c":80,"859545e6":68,"a8726d50":67,"ce3bf5db":76,"caddd0a7":90,"f883d582":80,"b5ce0c0c":88,"19e9776f":92,"e3547548":70,"d0c104c4":62,"57167c74":85,"fbdffc95":76,"e356abf1":90,"2bcca6a7":98,"13b53c7a":83,"78467b8a":94,"7af262e5":87,"c463799d":89,"ba5c52af":84,"a851891c":72,"2c6cb96f":73,"0f89862c":81,"3f75d3bc":94,"a5fd8ffd":88,"e865e4dd":79,"7c0a2db6":86,"71e53c93":88,"2d54e0a8":69,"6751d8e4":94,"a625328f":95,"9147702f":74,"084cbc0b":75,"39ba00f0":87,"8657c79d":100,"17446892":82,"72805bf5":73,"5774ac0d":90,"aec4e1bf":83,"b230e8d3":87,"57d5dee8":90,"aa9ea5e8":73,"a40846b7":90,"578f6e9e":92,"3c43e8a2":87,"f2470875":94,"fe1d4419":89,"5270f158":79,"c7ab83c1":73,"07f98660":92,"87083264":93,"00a17b46":79,"ef91eaae":67,"b73e789c":83,"30b6808c":78,"faf4f98b":88,"6d5fcd4c":89,"d3e84616":100,"88432019":81,"a77e8461":83,"546f6845":94,"6143f39d":79,"51f57142":94,"39a2fcce":72,"5f7d7195":86,"8a52882e":79,"77f31bab":85,"37fbb107":96,"a9b1bd51":65,"44a4f7cd":82,"8298e976":105,"e81834aa":97,"69f3bfcc":85,"fe0df575":99,"e7e82473":101,"9260d96b":99,"820225e4":67,"4ba6eb36":88,"6d802fa2":77,"1db42092":96,"288afc30":80,"d102b0c6":71,"02d4753e":95,"1ff8c2fc":87,"b2bd8fd3":78,"b6aaf976":91,"9c58dd76":95,"3e602573":74,"a43061ee":74,"bad6cdb1":83,"2c24d929":93,"abad2347":85,"16b476e9":77,"21ad2f34":78,"a0ce82b4":90,"8ea21393":79,"cb51f134":92,"e1f0dbfd":92,"06ee61b6":71,"51c57542":86,"9b172ca8":73,"df81ddee":78,"f76a3e83":85,"d25e0f8d":93,"f2086446":88,"b2c25d1c":78,"e7abc88d":69,"5cd3cfe0":67,"1f11812e":85,"c015ec5a":77,"430a5db5":94,"ea6de194":88,"1a2ec5d7":79,"08a06557":103,"5ccf94d6":83,"49b358bd":81,"c3e6ef01":95,"259930ee":94,"58d46189":95,"8f13c203":72,"e4c312fe":85,"6841f77e":91,"88ce179e":93,"6b82b527":82,"5eab91a0":85,"9a3ab0b8":69,"478d2d4f":95,"b8488fc8":83,"eebc8d43":87,"f2e3c0e3":73,"810aa5e9":87,"d78dd457":74,"d9d0c567":85,"abc1d7ad":93,"50b558a7":68,"0bd93cfd":68,"70bc8325":77,"4bcd4a30":104,"9fa62fee":80,"0d2a1c58":71,"98915a1f":72,"6751d8e4":95,"64db4feb":98,"dc473de1":78,"e4714415":95,"725dce8b":96,"a47abfbb":74,"aa9ea5e8":74,"3101354b":73,"43bc86e3":79,"ef8987d7":78,"317c1591":86,"8dc9b4db":89,"c564e316":85,"f1dffa24":66,"8274885a":94,"578f6e9e":93,"c7ab83c1":74,"d9a64845":80,"75ffea08":83,"77bfed7e":80,"91536e85":88,"2b698053":81,"e4cfef0a":70,"9fce073c":86,"753ca352":74,"0d28db94":77,"47cfba38":75,"15620dca":96,"08c6b5d2":85,"25a7a0a3":82,"6143f39d":80,"7d6895f4":84,"623c6a31":88,"416a9e97":83,"23760167":72,"d1fe2868":84,"48efc739":99,"815e4582":83,"8a52882e":80,"91d52a55":84,"9ceb5439":71,"0b5a0408":80,"e0f7679f":71,"17b08923":81,"379184a7":98,"28d41578":80,"4ac6bd4e":71,"1138796e":91,"bbe71605":75,"792c9b6a":69,"045f280d":86,"06073f13":88,"6585adbe":68,"761cf820":79,"7a6aa4b6":87,"9c58dd76":96,"804d4dfa":77,"87922532":93,"a543ec74":85,"aa00769b":99,"01cd8099":86,"99d130c9":96,"40e79dd3":74,"9d0546ac":78,"7b6a7048":85,"daab45c6":85,"5a622a23":80,"f121b82c":91,"2ad42a9e":81,"1a68160d":85,"21ad2f34":79,"dbc9df44":65,"8e99d5d0":89,"f598a332":81,"0c0e98ea":74,"bd984a8e":83,"e1571af7":84,"c8977844":87,"b5ce0c0c":89,"dcf85091":70,"9cb4697f":93,"bd2705b0":102,"95d331b1":70,"1a442bc7":87,"7735c3c2":78,"79be29c8":81,"ae99df30":84,"78467b8a":95,"b947257e":100,"272c7672":84,"3062379b":70,"a6626a13":70,"3c6692a3":103,"af0b61ab":83,"c0e2624b":77,"288a2c43":77,"a2c334e7":102,"540df50f":93,"8d04852b":85,"1745a0f4":84,"2a76f1dd":69,"e35a63cd":87,"2352c8ef":74,"7ee148e9":80,"a58bf525":86,"b2cfdbcf":81,"c6dc900c":64,"ae016053":89,"b87158fb":87,"71ba7561":82,"7ae34c64":91,"d9d0c567":86,"56473430":87,"5f0c1b9d":94,"a81a857c":83,"142d6987":90,"8942c35b":89,"c0b0f492":94,"b6591e25":79,"1f11812e":86,"3bad3c95":66,"30fdcd3b":80,"2af60749":92,"04ea5673":87,"7566fdd6":95,"9496f56f":88,"91536e85":89,"9c29f0ed":95,"e28c2efc":76,"7218c9f1":67,"faf4f98b":89,"c4bff41f":87,"c64de0c0":74,"6632fed0":89,"e9adbe58":79,"d2a841c9":67,"09560615":68,"88432019":82,"bb99c79c":83,"546f6845":95,"d6320619":86,"8a52882e":81,"a1921150":90,"f2470875":95,"8e4c33d2":92,"26f99a1e":85,"6ce84ff8":76,"b1f58563":86,"07fc4a9a":87,"d9dcdc4b":101,"f044c0e1":67,"a24e6670":86,"cfe72ead":66,"6291e9e9":86,"d0c0fc08":74,"1be05c14":73,"761cf820":80,"cf84fb54":89,"c7c4ec5c":75,"ef16ca37":85,"d102b0c6":72,"b35e9e1a":113,"064a99c8":80,"03c398d2":86,"458dcc3d":90,"01cd8099":87,"0eaf08da":90,"9fc713b0":82,"ac62fac2":97,"bc09fa9e":79,"4eed1bea":85,"4dac6b20":70,"c45d554f":81,"92136ff5":88,"85de05f2":86,"2e3503e4":84,"a851554d":94,"5be594be":81,"a4296d1e":87,"4c4aa2e2":86,"7f86be64":88,"51a3e9c2":87,"f56ac638":71,"d1d40c9c":89,"ba586505":76,"935ec056":71,"4652b09a":101,"16b476e9":78,"794f652b":87,"90d52475":80,"25d1b2d8":83,"650bb0e0":86,"d1fe2868":85,"26c390d6":77,"2180f99b":85,"1f7607df":71,"aa5dfdf5":82,"e58b26f6":83,"fb7482fe":74,"b87158fb":88,"bd62d7ed":73,"c1bb74f2":78,"8721056e":77,"be3a10f8":96,"a901627e":72,"c6dc900c":65,"2dd0e808":83,"05f6ab35":79,"42cd2360":74,"a15713c6":89,"ec110282":93,"56473430":88,"71e53c93":89,"c85a0d80":86,"d34a29b9":96,"e62d705f":74,"5cd3cfe0":68,"e1571af7":85,"cc6bbe45":70,"467773ac":80,"bb98a6cf":99,"0f029727":77,"8f13c203":73,"902f49f5":82,"655941a0":90,"e3547548":71,"ca6d2d91":84,"7be025ce":81,"5f620a1e":95,"cf9f4757":76,"597c1f81":81,"abd32136":83,"a85d89cc":76,"30b6808c":79,"0d7d88f1":74,"d4ee22a4":90,"c0e2624b":78,"71a2a493":60,"a1370ab0":85,"5e09f69e":87,"8cddb65e":86,"68562193":69,"32133249":90,"aa9ea5e8":75,"fd6dcb20":79,"175bc6b2":72,"22ecaed0":74,"bc021def":96,"4d35385e":80,"f2ca27d9":75,"0277d748":92,"7ee148e9":81,"71ff66e8":81,"5270f158":80,"ea9bba6b":77,"6085137f":61,"3e082b37":74,"a40846b7":91,"1438fad7":86,"868edcc0":87,"6db0ea86":88,"05642105":81,"e36dfd6f":76,"4b3e3b1c":87,"4ac6bd4e":72,"06ddafc7":69,"6585adbe":69,"02d4753e":96,"82b81567":77,"358e45b1":88,"40569362":86,"5acaa06f":65,"be1746a0":74,"e8d74304":73,"23080895":71,"792cfcbd":73,"9c58dd76":97,"baebb391":91,"e2cbe594":75,"5a622a23":81,"8ea21393":80,"77898c22":72,"f9f2c53f":75,"df81ddee":79,"1bb4ccc0":80,"794f652b":88,"0f1ac912":74,"f2364460":95,"48efc739":100,"8ec3834d":93,"47d27624":83,"c98d5272":90,"26c390d6":78,"2d13e69b":79,"a43061ee":75,"11b74e63":74,"ba5c52af":85,"ee21ad02":91,"478d2d4f":96,"195eb771":83,"54d7de6b":94,"2a76f1dd":70,"685207b3":87,"70594a28":83,"c21ab51e":63,"bd984a8e":84,"3498f223":73,"dbd2f139":94,"8e99d5d0":90,"b7434f57":74,"6fb4cdda":94,"1623fc9f":82,"c382f054":87,"906632cb":77,"aab4d996":83,"3f9b5722":74,"fce3c5c6":72,"dae0f922":85,"d9d7c4c2":92,"638cb163":101,"0c0e98ea":75,"92f800f5":83,"7ee7621c":85,"74c26380":82,"7fdc2007":80,"d5dae4c4":97,"5acce642":85,"2bcca6a7":99,"5eab91a0":86,"11b2c8d9":78,"dc03ebd2":105,"ec110282":94,"733c86f8":81,"0d28db94":78,"f3a0c2ee":81,"b2cfdbcf":82,"ac030e74":73,"87083264":94,"753ca352":75,"597c1f81":82,"c803b4a3":87,"93b9fae6":74,"d552eb2f":87,"d0d6acb1":71,"f271ed5d":92,"bfcb912a":81,"272c7672":85,"e9a8cf11":82,"32133249":91,"84b767be":97,"68562193":70,"4125085e":89
1604737521523,"ca6d2d91":85,"b5ce0c0c":90,"1951480c":80,"8274885a":95,"19f9ca86":90,"8dd649a3":75,"25635c37":73,"c318d350":92,"90731976":83,"836701f6":70,"17b08923":82,"2209903e":83,"40e79dd3":75,"5c82d1ce":85,"b35bb8a1":73,"8cddb65e":87,"2cb29e5a":98,"bb99c79c":84,"6d5fcd4c":90,"d2a841c9":68,"f3d68430":92,"5a622a23":82,"21e10a2b":84,"0149e11a":75,"754f98c9":81,"feb67030":80,"696fdac5":85,"f33c0140":82,"e9679ede":75,"f2086446":89,"4c4aa2e2":87,"5272520d":76,"c382f054":88,"30d84dce":80,"6e24d88b":78,"5ab7bc35":87,"8db62558":86,"3f9b5722":75,"25776fc4":91,"8942c35b":90,"fbdffc95":77,"014460b9":102,"902f49f5":83,"24ffcbd3":93,"b7505747":95,"e786063b":81,"1b153aef":81,"69f3bfcc":86,"b2bd8fd3":79,"d33790a2":95,"eed20185":91,"de11eb19":104,"868edcc0":88,"00554ffd":91,"3a1b9af5":83,"b84a06eb":86,"458dcc3d":91,"a24e6670":87,"408bb2ed":70,"4ff2225d":82,"49bf2e95":63,"be1746a0":75,"2c24d929":94,"a5aee5de":105,"9c58dd76":98,"1d153b20":85,"31d74eee":77,"e99318a3":76,"09560615":69,"842c8340":75,"23760167":73,"84369269":75,"650bb0e0":87,"9d63c4dd":79,"cbb54a0a":69,"1f7607df":72,"2f455cce":86,"b947257e":101,"e58b26f6":84,"70c1e715":82,"0fc5ac7e":100,"b7cc7909":78,"5eaa1581":78,"7ee7621c":86,"7f6d1d0e":98,"5acce642":86,"1bb4ccc0":81,"9d4f1fe6":76,"8bc04eb5":72,"e356abf1":91,"9b546d65":76,"1105f790":88,"2a76f1dd":71,"ba5c52af":86,"fead11cf":77,"dc0c8b09":95,"ec11fe5f":73,"a15713c6":90,"ef8987d7":79,"810aa5e9":88,"6023df54":81,"3f75d3bc":95,"00a481e3":92,"83b2f9c5":91,"004f1ef3":98,"25635c37":74,"c564e316":86,"09f0db62":111,"095ab3b4":72,"1da771fb":82,"d1676e89":79,"0b5a0408":81,"5678ed7b":101,"e36dfd6f":77,"f277386e":65,"28d41578":81,"1bd5b20b":90,"489a39f7":73,"59431390":84,"7a2f3f06":76,"82b81567":78,"42c80e69":94,"b230e8d3":88,"162a7348":83,"71279c46":75,"dcfaba4c":83,"2cb29e5a":99,"d3e84616":101,"bb99c79c":85,"6d339d45":72,"f2f58418":74,"3f65f121":87,"1d153b20":86,"c455f40e":74,"2ad42a9e":82,"53747a91":84,"6490bac6":77,"c650b434":97,"7b6a7048":86,"4e5aaaec":78,"704bce0d":83,"c5b35e4d":83,"acac14fb":77,"36380d96":93,"110b1ee3":89,"e7abc88d":70,"66497c7e":79,"34c5c729":89,"c38c2b52":80,"87083264":95,"c8113b77":71,"7218c9f1":68,"ad303bda":86,"4930f321":75,"a06a6430":78,"efe84c27":77,"b6591e25":80,"ca7d47f7":84,"40a745c0":86,"3fdb08f5":86,"61f25dd4":99,"5272520d":77,"49b358bd":82,"cd3bbe7e":84,"7e76c93c":94,"e3547548":72,"e786063b":82,"d9d7c4c2":93,"b4fdf90e":84,"332820ce":87,"fa55f27a":98,"6f0fcb9d":90,"73b15e04":84,"cbad3b92":97,"48655f09":101,"4febf7c5":90,"b460f030":98,"2d382981":84,"d82592f4":87,"8a52882e":82,"1634789b":86,"77f31bab":86,"90d52475":81,"794f652b":89,"6adce358":94,"50d129cf":77,"7db3edda":82,"72d7b461":95,"fd07e0ed":81,"a6626a13":71,"04cc7cbe":77,"87c462ee":89,"5eab91a0":87,"5b5fc566":78,"bf30a08f":95,"4b125e7b":88,"6ee92259":87,"eebc8d43":88,"e5b1abc6":73,"13b53c7a":84,"fef750ca":85,"7bda83dd":83,"0e2b5d2f":90,"2bcca6a7":100,"d9a64845":81,"c95719e5":76,"2203f259":86,"016953e4":93,"3a204e56":91,"fb7b7b3c":92,"a77e127d":63,"c7ab83c1":75,"8cf83787":72,"e7e82473":102,"06ddafc7":70,"49910300":79,"50c3164b":91,"284544ba":87,"1f342a00":89,"5f6613c8":70,"162a7348":84,"8d04852b":86,"5e09f69e":88,"e4714415":96,"5a734022":78,"c4bff41f":88,"172217e5":91,"558d5ce7":82,"21ee2afe":89,"ac38a6a5":93,"7080f122":73,"3661e12d":77,"6de0aaac":73,"40e79dd3":76,"e1f0dbfd":93,"ccb5ea3e":71,"ecfa8249":94,"df81ddee":80,"d25e0f8d":94,"53747a91":85,"8e780922":85,"be2955bb":86,"c7313e0a":92,"781ace7d":84,"a15713c6":91,"6023df54":82,"3a291497":76,"56473430":89,"dd035d2a":82,"b9be31d6":90,"7566fdd6":96,"c38c2b52":81,"43d87483":84,"619fda68":96,"cb142908":79,"1dad0f99":85,"f33c0140":83,"a8726d50":68,"53431634":99,"ddec9e54":80,"58d46189":96,"168e75d9":85,"acac14fb":78,"0c0e98ea":76,"37a7d5b0":91,"6f81493d":81,"5f620a1e":96,"467773ac":81,"9e65c0ef":73,"3f9b5722":76,"5ab7bc35":88,"fce3c5c6":73,"868cda42":80,"d9f512b9":89,"5678ed7b":102,"7ae3fc50":77,"4b3e3b1c":88,"2e99f8fd":73,"045f280d":87,"3652bd66":82,"fe0df575":100,"288afc30":81,"f9c15fcc":92,"3d1af513":92,"ad8f85d6":91,"48655f09":102,"01cd8099":88,"dd1fcb17":76,"be1746a0":76,"c6e3d352":93,"b7df1559":89,"77f31bab":87,"c81b2bcf":74,"a939b50b":83,"794f652b":90,"449d8475":78,"088feee2":94,"c98d5272":91,"af0b61ab":84,"d39724bc":79,"f0a06216":80,"677c6a09":95,"79be29c8":82,"1bb4ccc0":82,"93b0a158":86,"ba586505":77,"13b53c7a":85,"2bcca6a7":101,"8721056e":78,"7af262e5":88,"831c7b85":87,"be3a10f8":97,"e238f09b":85,"5b60dd1d":84,"e45b4b53":69,"3e082b37":75,"437fc3ec":83,"3f2522c2":81,"d599b566":100,"70bc8325":78,"2d13e69b":80,"7e991ab9":66,"e58b26f6":85,"778c95e9":82,"d552eb2f":88,"2132fe93":91,"ed4fad08":91,"76f3a3be":79,"081460bf":88,"4911acad":67,"aa9ea5e8":76,"74e3d13e":81,"8547fbc2":83,"eeaa2d46":86,"22176537":74,"4469c815":65,"140ce69e":85,"21ee2afe":90,"36d340f2":71,"5fa12feb":84,"3ef7432b":83,"7b6a7048":87,"20777945":78,"6bc5d32a":102,"6b9eff39":82,"efd23af5":81,"f2086446":90,"50b558a7":69,"db8ba455":91,"731fc335":69,"b28a5e67":89,"61145ec9":92,"d9d0c567":87,"1d44aff3":90,"a15713c6":92,"9aa6a054":82,"e28c2efc":77,"d7cb9bcf":86,"0785820e":87,"753ca352":76,"869cbaa0":99,"6034b6d0":93,"655954ba":82,"79f04300":83,"acac14fb":79,"c0fea118":81,"1f11812e":87,"5be594be":82,"4279e829":96,"c4feee5b":82,"0c0e98ea":77,"b6591e25":81,"5272520d":78,"ca7d47f7":85,"66497c7e":80,"c015ec5a":78,"0841052c":81,"df2b4d87":80,"05642105":82,"a6bcb07e":96,"0be540c5":87,"06ddafc7":71,"6c73ae98":74,"1bd5b20b":91,"6a60348e":76,"d6db2b02":95,"6585adbe":70,"8245f916":67,"50312237":88,"02d4753e":97,"0ac825ed":91,"49bf2e95":64,"eed20185":92,"d8475b95":62,"dfc89705":84,"71bc1295":82,"f1098793":83,"26c6fa34":79,"a5aee5de":106,"62d1d346":73,"a33fe0dd":93,"90d52475":82,"794f652b":91,"527ff946":90,"23760167":74,"1634789b":87,"37fbb107":97,"7e15f8e8":84,"3bad3c95":67,"30c5d755":93,"9d4f1fe6":77,"5b5fc566":79,"11b74e63":75,"54d7de6b":95,"1bb4ccc0":83,"7f6d1d0e":99,"1c0a9eff":83,"dd3913d2":81,"016953e4":94,"014bdff0":92,"39bbc4bc":96,"8dd649a3":76,"312f7676":84,"25635c37":75,"6b79fec2":76,"0d2a1c58":72,"2180f99b":86,"22234d6b":88,"eb7b4e29":72,"0fc5ac7e":101,"2c627253":81,"d1ca5d6b":95,"5eaa1581":79,"32133249":92,"b230e8d3":89,"540df50f":94,"162a7348":85,"4125085e":90,"51f80f4c":88,"ef8321d8":78,"d3e84616":102,"07107f6e":85,"2ad42a9e":83,"ded7da5a":89,"2b3c49b9":86,"df81ddee":81,"4dac6b20":71,"fe8f3d36":68,"8f10fa42":102,"b8488fc8":84,"be3a10f8":98,"cfafcda8":83,"e5b1abc6":74,"fafb4cc2":110,"3c0df8b4":91,"313258f2":77,"ae016053":90,"cf1b8c47":95,"42cd2360":75,"b2cfdbcf":83,"50c468ba":78,"76f94eda":85,"d4ee22a4":91,"00a17b46":80,"cb142908":80,"cc5a1d47":74,"d2466211":101,"debe1f65":89,"9f2b16a7":85,"f76a3e83":86,"9267f0ef":95,"145c7559":94,"efe84c27":78,"ddec9e54":81,"a8726d50":69,"1247fa52":85,"26ed1a5c":83,"754f98c9":82,"6e24d88b":79,"1e7753d9":100,"0a2f71bc":69,"66b7b5b4":78,"c0b0f492":95,"902f49f5":84,"ca7d47f7":86,"01d817b8":76,"9e206c95":96,"6de0aaac":74,"bc021def":97,"7080f122":74,"5f7d7195":87,"2b3e4717":83,"25d1b2d8":84,"8a52882e":83,"97e75c19":97,"650bb0e0":88,"93fdbb44":67,"caddd0a7":91,"04ea5673":88,"05642105":83,"8aa78e2f":80,"06ddafc7":72,"2cce4fb2":91,"6c73ae98":75,"1b153aef":82,"d9dcdc4b":102,"b4fdf90e":85,"0be540c5":88,"3652bd66":83,"06073f13":89,"4f5e3e7d":71,"db0a661e":89,"3d1af513":93,"064a99c8":81,"17807120":87,"87922532":94,"d8475b95":63,"946df4fd":89,"c27969ec":86,"ac62fac2":98,"92f800f5":84,"30c5d755":94,"4652b09a":102,"bf30a08f":96,"d83870f5":81,"2c5c1dc0":80,"7ee148e9":82,"83086d4c":91,"778c95e9":83,"8cd78f77":98,"aec074c4":93,"7db3edda":83,"911e770b":90,"084cbc0b":76,"92efd84f":84,"35aa7fd0":98,"0ecfa1c9":80,"68562193":71,"c64de0c0":75,"031e488e":87,"71279c46":76,"3c18f28e":81,"efd23af5":82,"a6b5e869":79,"87c462ee":90,"fea793f5":83,"e4c312fe":86,"062179c1":89,"78467b8a":96,"fe8f3d36":69,"92ca52b7":90,"9d023afb":92,"dc0c8b09":96,"20958d58":80,"00a481e3":93,"5ef93e5d":63,"3a291497":77,"6023df54":83,"fafb4cc2":111,"a0cf08b3":73,"731fc335":70,"10ec5a0b":81,"abd32136":84,"91536e85":90,"00a17b46":81,"b73e789c":84,"4930f321":76,"619fda68":97,"e2a7d915":78,"79e4fa1c":78,"feb67030":81,"20777945":79,"2ad42a9e":84,"4eed1bea":86,"a836aa93":87,"69d4b754":78,"5e193fc8":88,"9267f0ef":96,"0da28f5b":94,"66497c7e":81,"a40846b7":92,"5781776a":87,"3a204e56":92,"5b60dd1d":85,"b552beb3":80,"de36827b":103,"bab97de3":93,"4b3e3b1c":89,"b2703001":87,"820225e4":68,"8f2a7d69":76,"28d41578":82,"332820ce":88,"761cf820":81,"6f0fcb9d":91,"608bc832":79,"31f6d707":99,"08a4c3f8":88,"804d4dfa":78,"12a2cd4b":90,"bad6cdb1":84,"73b15e04":85,"9fc713b0":83,"a5aee5de":107,"c609739e":84,"4b4ecbce":76,"f1b493de":95,"865d9857":66,"fd6dcb20":80,"b946e146":97,"36d340f2":72,"4d35385e":81,"6de0aaac":75,"49902219":98,"ccf8b803":73,"47d27624":84,"a939b50b":84,"0670c466":84,"c67979e6":98,"39a2fcce":73,"254cc28c":95,"1e191c98":67,"c4feee5b":83,"c8fcad77":83,"94a2fe10":88,"4def63ee":66,"56d315d8":68,"14c682eb":79,"7e76c93c":95,"4360a1a3":94,"6e24d88b":80,"08a06557":104,"c015ec5a":79,"b5ce0c0c":91,"37d0cae2":85,"7fef9973":89,"50c3164b":92,"84b767be":98,"5747db6e":97,"88b3bc99":82,"2a06ab95":89,"0fc5ac7e":102,"fd369c21":93,"be149c6f":76,"71279c46":77,"e4714415":97,"ed4fad08":92,"031e488e":88,"24a9fb86":93,"6632fed0":90,"67d30f2b":84,"d39724bc":80,"b0869206":91,"6b82b527":83,"e356abf1":92,"dc0c8b09":97,"2352c8ef":75,"8063df14":74,"25a2844e":85,"dd3913d2":82,"a0685bf3":99,"2a76f1dd":72,"906fdec3":72,"da04caac":85,"fd482491":95,"95904ac4":97,"b2cfdbcf":84,"83b2f9c5":92,"49cb2959":93,"4f59a322":76,"abd32136":85,"e4cfef0a":71,"6a5b71b4":87,"9496f56f":89,"0a96f57a":93,"913a6226":82,"e21c6207":80,"18d20aa1":78,"21e10a2b":85,"44ff8baa":75,"3ef7432b":84,"4c4aa2e2":88,"5410e9c6":89,"b935fc1c":78,"ea9bba6b":78,"971675c5":90,"e45b4b53":70,"8e4c33d2":93,"dc583e64":90,"07fc4a9a":88,"59431390":85,"fb44fa9c":99,"d9dcdc4b":103,"17b08923":83,"1be05c14":74,"0d2c95fe":75,"358e45b1":89,"408bb2ed":71,"3d1af513":94,"67f6e4f2":83,"02d4753e":98,"db0a661e":90,"a533489b":90,"12a2cd4b":91,"d82592f4":88,"ad8f85d6":92,"64a7f79f":78,"704bce0d":84,"104721f0":81,"ebdbf580":85,"dfa1a89b":77,"8dd2684c":92,"6d339d45":73,"2dda3936":82,"3661e12d":78,"eeaa2d46":87,"be4f8ba8":82,"789bd484":80,"77f31bab":88,"4ed01268":79,"1b881e6e":95,"ccf8b803":74,"77300e4a":78,"168e75d9":86,"d033db8d":88,"f121b82c":92,"a68a93b2":75,"0c0e98ea":78,"014460b9":103,"40a745c0":87,"30c5d755":95,"31408822":76,"3fdb08f5":87,"430a5db5":95,"c015ec5a":80,"87083264":96,"faf4f98b":90,"ea6de194":89,"0c043224":95,"868cda42":81,"75ffea08":84,"73b15e04":86,"24d24fa3":77,"0f72f2d8":82,"91d52a55":85,"1d790491":89,"bca2d7cd":86,"4bcd4a30":105,"835358a0":77,"92efd84f":85,"50c3164b":93,"2180f99b":87,"0bd93cfd":69,"be149c6f":77,"4125085e":91,"a1370ab0":86,"61d4782d":85,"c9efc8f6":82,"24a9fb86":94,"9b3f8714":89,"935ec056":72,"4652b09a":103,"d929098e":68,"04cc7cbe":78,"0d770b97":86,"f0a06216":81,"e356abf1":93,"8063df14":75,"c510bfd3":91,"ba5c52af":87,"2a4a402a":84,"dc0c8b09":98,"2a76f1dd":73,"d9a64845":82,"8007f30e":60,"83b2f9c5":93,"71ba7561":83,"49cb2959":94,"45b5746e":84,"56473430":90,"053f3451":84,"ccb5ea3e":72,"3ef7432b":85,"263762cb":75,"836701f6":71,"83086d4c":92,"c564e316":87,"e45b4b53":71,"82868763":79,"a58bf525":87,"66554572":63,"bbe71605":76,"07fc4a9a":89,"b552beb3":81,"45fb95c1":88,"489a39f7":74,"b35e9e1a":114,"06ddafc7":73,"d0e9a58e":71,"8245f916":68,"554ebb83":82,"b8397293":76,"ef16ca37":86,"34658473":75,"2209903e":84,"93e8cee5":93,"51c57542":87,"12dd6f5e":73,"2dda3936":83,"09560615":70,"558d5ce7":83,"6cba74ce":78,"6de0aaac":76,"f87c5031":71,"c67979e6":99,"449d8475":79,"5a0eb771":87,"53747a91":86,"9d0546ac":79,"69d4b754":79,"104721f0":82,"e9679ede":76,"4c4aa2e2":89,"ddec9e54":82,"501db4de":86,"6e24d88b":81,"1247fa52":86,"66b7b5b4":79,"c1bdfd41":77,"e0154608":75,"0bfabf48":79,"7ae34c64":92,"91536e85":91,"e28c2efc":78,"30b6808c":80,"ef14000f":90,"7218c9f1":69,"0d5ee801":68,"0a2f71bc":70,"cd3bbe7e":85,"ba30e43a":100,"4fd645f1":71,"20e470e0":82,"a68a93b2":76,"e3547548":73,"cc6bbe45":71,"37a7d5b0":92,"b2bd8fd3":80,"99d130c9":97,"04612878":88,"946df4fd":90,"9fc713b0":84,"17807120":88,"a0b03218":87,"1a0189c4":81,"815e4582":84,"f66616b7":82,"e15fd611":69,"b7832271":88,"2c01e624":81,"7028b044":79,"5a07fc2e":73,"fd369c21":94,"2d54e0a8":70,"d552eb2f":89,"5e09f69e":89,"bfcb912a":82,"aa9ea5e8":77,"bc3dc66a":90,"76f3a3be":80,"8bc04eb5":73,"04cc7cbe":79,"cb4f262b":85,"67d30f2b":85,"4652b09a":104,"ea4d3f3e":95,"d815c5b4":100,"c510bfd3":92,"a59a8290":78,"8f10fa42":103,"a66a2d8a":101,"9a3ab0b8":70,"f2e3c0e3":74,"d78dd457":75,"d599b566":101,"5b60dd1d":86,"004f1ef3":99,"25635c37":76,"26f99a1e":86,"5623817d":87,"868edcc0":89,"3a204e56":93,"cf50e84e":88,"95f6db13":74,"6db0ea86":89,"ce4da56f":84,"1b153aef":83,"2d1e1e9d":78,"e0e6a097":81,"4945c851":92,"b377a62a":79,"00554ffd":92,"25e0dd3d":87,"f9f2c53f":76,"7d112f4d":88,"5a734022":79,"f94bf9ea":80,"945b63f0":109,"ccdd1ce6":81,"7080f122":75,"d1715f3b":89,"8cc4a982":83,"623c6a31":89,"315537b2":79,"5a622a23":83,"21ad2f34":80,"07107f6e":86,"2209903e":85,"685207b3":88,"e7abc88d":71,"ebdbf580":86,"145c7559":95,"288d171f":79,"972f4174":99,"704bce0d":85,"cc11fef9":93,"3b690f68":100,"3101354b":74,"5f96c2bc":74,"012de09c":77,"7896b953":86,"7a4c064c":89,"08a561b7":82,"0d7d88f1":75,"3f75d3bc":96,"93b9fae6":75,"a472532e":75,"1dad0f99":86,"00a17b46":82,"385ab7c6":84,"d83294cd":80,"906632cb":78,"c8977844":88,"93683c82":74,"df2b4d87":81,"3f9b5722":77,"aab4d996":84,"1e7753d9":101,"d9f512b9":90,"c7636527":75,"57167c74":86,"4c39240e":88,"7be025ce":82,"d0b297b2":74,"36fb15d2":84,"ef16ca37":87,"03dcfa3d":84,"be1746a0":77,"4b4ef7fa":85,"9fc713b0":85,"0eaf08da":91,"dd1fcb17":77,"1c3a30c5":82,"aff8e442":85,"cf775f58":83,"50d129cf":78,"2b3e4717":84,"b88033fd":88,"650bb0e0":89,"c98d5272":92,"2a06ab95":90,"fd369c21":95,"2d13e69b":81,"af0b61ab":85,"284544ba":88,"aa5dfdf5":83,"51a3e9c2":88,"290b4714":80,"d1d40c9c":90,"d83870f5":82,"7f6d1d0e":100,"9d4f1fe6":78,"7fef9973":90,"82204d54":81,"fe8f3d36":70,"0042f6eb":83,"733c86f8":82,"f67de058":80,"c463799d":90,"9d023afb":93,"437fc3ec":84,"82868763":80,"317c1591":87,"014bdff0":93,"c0b7e7d7":69,"42191b64":69,"c7ab83c1":76,"bab97de3":94,"e81834aa":98,"66554572":64
1604737522901,"2d1e1e9d":79,"1438fad7":87,"ea274174":89,"b36a0d66":73,"6585adbe":71,"07fc4a9a":90,"1ff8c2fc":88,"b35e9e1a":115,"358e45b1":90,"4f5e3e7d":72,"4ea4a2a1":98,"e8d74304":74,"bad6cdb1":85,"792cfcbd":74,"cbad3b92":98,"13f0e139":79,"27c8e038":94,"812b4f15":72,"6751d8e4":96,"b230e8d3":90,"d6d61bfc":89,"5eaa1581":80,"71279c46":78,"47cfba38":76,"f94bf9ea":81,"6632fed0":91,"263762cb":76,"695a2b92":77,"dc583e64":91,"6b79fec2":77,"836701f6":72,"5410e9c6":90,"b769bdfb":91,"05642105":84,"546f6845":96,"3f65f121":88,"315537b2":80,"b9a48a5c":68,"e9adbe58":80,"d1715f3b":90,"affb82bf":87,"d5557fb4":94,"6adce358":95,"449d8475":80,"1a0189c4":82,"d957f027":75,"527ff946":91,"bda8cdfb":86,"ce4da56f":85,"6db0ea86":90,"e8f173b5":81,"e36dfd6f":78,"8b2b601d":83,"0b5a0408":82,"02d4753e":99,"6585adbe":72,"4ea4a2a1":99,"8323d333":73,"f1862e79":67,"3a291497":78,"cf1b8c47":96,"313258f2":78,"7a4c064c":90,"7c0a2db6":87,"810aa5e9":89,"4f59a322":77,"7e95c5a0":79,"781ace7d":85,"a5676c24":83,"2b698053":82,"ad303bda":87,"f1df62b4":80,"e28c2efc":79,"4f5e3e7d":73,"d33790a2":96,"eed20185":93,"b6aaf976":92,"c6e3d352":94,"742f1425":79,"01cd8099":89,"44ff8baa":76,"3b7763b1":72,"25e0dd3d":88,"18d20aa1":79,"40e79dd3":77,"6b9eff39":83,"c45d554f":82,"e7abc88d":72,"13f0e139":80,"b2bd8fd3":81,"8cd78f77":99,"8657c79d":101,"fd07e0ed":82,"9fa62fee":81,"b7832271":89,"70c1e715":83,"2c01e624":82,"0ecfa1c9":81,"8cddb65e":88,"081460bf":89,"61d4782d":86,"ed4fad08":93,"9b3f8714":90,"64db4feb":99,"a4296d1e":88,"3498f223":74,"c382f054":89,"f3992a31":85,"7f86be64":89,"a836aa93":88,"d70ca4f4":97,"4360a1a3":95,"30dbfc69":80,"ca6d2d91":86,"902f49f5":85,"bb98a6cf":100,"638cb163":102,"e32524d6":85,"0841052c":82,"e5d3655c":95,"4fd645f1":72,"e3547548":74,"08a06557":105,"04ea5673":89,"b769bdfb":92,"5b60dd1d":87,"3c43e8a2":88,"437fc3ec":85,"09f0db62":112,"f2470875":96,"5270f158":81,"546f6845":97,"57540cc3":91,"a63bddd4":103,"f2ca27d9":76,"2dda3936":84,"ef8321d8":79,"af157d29":78,"31d74eee":78,"23760167":75,"a939b50b":85,"c67979e6":100,"449d8475":81,"f66616b7":83,"44a4f7cd":83,"0be540c5":89,"159ffd0b":65,"26009d3f":79,"ee75b607":83,"290b4714":81,"d815c5b4":101,"00cf385d":94,"e4117b3b":69,"87c462ee":91,"0d770b97":87,"b102f7bd":85,"a567ace4":86,"9d023afb":94,"eb2e1983":78,"7bda83dd":84,"c6dc900c":66,"733c86f8":83,"a0cf08b3":74,"f789f6d8":99,"07f98660":93,"5f0c1b9d":95,"76f94eda":86,"313258f2":79,"820225e4":69,"6db0ea86":91,"fa55f27a":99,"0b5a0408":83,"4f5e3e7d":74,"a4dafea5":79,"8f2a7d69":77,"5ee911b5":82,"31f6d707":100,"761cf820":82,"3a1b9af5":84,"eed20185":94,"4dac6b20":72,"26dd2000":89,"c650b434":98,"2209903e":86,"0a96f57a":94,"73b15e04":87,"baebb391":92,"c609739e":85,"6ebe2354":72,"f1098793":84,"4febf7c5":91,"26c390d6":79,"aa5dfdf5":84,"af0b61ab":86,"39ba00f0":88,"2f455cce":87,"8657c79d":102,"6751d8e4":97,"35aa7fd0":99,"dc473de1":79,"12534561":72,"74e3d13e":82,"c93c3508":67,"71a2a493":61,"c9efc8f6":83,"7ae34c64":93,"7e95c5a0":80,"65e4235b":80,"629800eb":95,"dd035d2a":83,"2b698053":83,"7fb4c521":81,"9f74b8a4":78,"93e8cee5":94,"ccb5ea3e":73,"dbc9df44":66,"972f4174":100,"f3992a31":86,"9b742f71":78,"69134f07":83,"f2086446":91,"5be594be":83,"1f11812e":88,"7a9344a4":103,"906632cb":79,"a68a93b2":77,"b7434f57":75,"c3e6ef01":96,"49b358bd":83,"08a06557":106,"58d46189":97,"0a2f71bc":71,"dac109cf":83,"3bad3c95":68,"4777334c":76,"e786063b":83,"eda6a690":72,"016953e4":95,"b935fc1c":79,"312f7676":85,"26f99a1e":87,"12dd6f5e":74,"546f6845":98,"be4f8ba8":83,"f2ca27d9":77,"bb99c79c":86,"9a467a82":82,"d1715f3b":91,"d1fe2868":86,"faf3ed07":75,"6adce358":96,"cf775f58":84,"36b7003c":109,"bf822e33":87,"36684155":85,"5410e9c6":91,"c7ab83c1":77,"5b5fc566":80,"fea793f5":84,"e6ec8cbf":93,"bb00e71c":70,"20811ddf":76,"6b82b527":84,"1c0a9eff":84,"c510bfd3":93,"b8488fc8":85,"be3a10f8":99,"30c184b8":93,"b87158fb":89,"0f89862c":82,"50b558a7":70,"b2703001":88,"013ee301":82,"a4dafea5":80,"59431390":86,"3310a049":88,"b84a06eb":87,"34658473":76,"9260d96b":100,"11888cfa":76,"67f6e4f2":84,"8c6e001f":70,"e0e6a097":82,"b8397293":77,"288afc30":82,"a0b03218":88,"9c58dd76":99,"baebb391":93,"812b4f15":73,"26c6fa34":80,"c6e3d352":95,"27c8e038":95,"aec074c4":94,"84b767be":99,"de6213c7":83,"835358a0":78,"778c95e9":84,"4bcd4a30":106,"c0e2624b":79,"deb31f35":92,"bfcb912a":83,"3a1d1632":63,"64db4feb":100,"a1370ab0":87,"5774ac0d":91,"b35bb8a1":74,"7896b953":87,"6e44927f":71,"a85d89cc":77,"cf1b8c47":97,"53b4e647":95,"74c26380":83,"95539a58":67,"7566fdd6":97,"ec110282":95,"781ace7d":86,"6034b6d0":94,"0d7d88f1":76,"c91966ce":76,"9c29f0ed":96,"efd23af5":83,"4295ce9a":89,"c650b434":99,"805534ac":79,"ded7da5a":90,"77898c22":73,"2209903e":87,"c7313e0a":93,"a4296d1e":89,"fe578280":79,"754f98c9":83,"f121b82c":93,"145c7559":96,"c21ab51e":64,"58d46189":98,"4279e829":97,"56d315d8":69,"26ed1a5c":84,"74f234c6":89,"902f49f5":86,"57167c74":87,"4ee62a26":75,"a33fe0dd":94,"25776fc4":92,"e786063b":84,"cc6bbe45":72,"30c5d755":96,"719c8869":97,"b946e146":98,"12012fbd":83,"9e206c95":97,"affb82bf":88,"3661e12d":79,"2dda3936":85,"18815a1b":85,"c81b2bcf":75,"bf822e33":88,"23760167":76,"48efc739":101,"1d790491":90,"5957df9e":78,"6b79fec2":78,"3e082b37":76,"317c1591":88,"363590c7":84,"8274885a":96,"93ac9ca3":85,"c95719e5":77,"1a442bc7":88,"5acce642":87,"79be29c8":83,"51a3e9c2":89,"3b2dee89":84,"ae99df30":85,"ba586505":78,"0e2b5d2f":91,"05f6ab35":80,"8f10fa42":104,"19551bad":83,"b8488fc8":86,"1bc0591f":82,"d78dd457":76,"32c9fc47":81,"8aa78e2f":81,"45fb95c1":89,"a6bcb07e":97,"cd95f558":89,"3c782bb3":82,"a8871ddf":79,"b35e9e1a":116,"3652bd66":84,"0be540c5":90,"02d4753e":100,"f1862e79":68,"9263c525":83,"554ebb83":83,"cf52025e":76,"b6aaf976":93,"dd1fcb17":78,"12271e14":79,"24d24fa3":78,"77f31bab":89,"84b67924":89,"98915a1f":73,"0fc5ac7e":103,"4bcd4a30":107,"2180f99b":88,"fb7482fe":75,"8657c79d":103,"b7cc7909":79,"7af9d3b1":94,"bfcb912a":84,"40860a4b":69,"a6003226":81,"b2bd8fd3":82,"e6fac295":69,"c91966ce":77,"dc03ebd2":106,"d2466211":102,"71ba7561":84,"9496f56f":90,"c8113b77":72,"f905a555":75,"3f75d3bc":97,"d5059415":85,"7566fdd6":98,"537634c9":73,"1d44aff3":91,"d83294cd":81,"ae95f2ba":101,"c45d554f":83,"e2a7d915":79,"da3437cd":73,"18d20aa1":80,"21e10a2b":86,"6bc5d32a":103,"feb67030":82,"e1618359":88,"36380d96":94,"f33c0140":84,"06ee61b6":72,"f76a3e83":87,"be2955bb":87,"c7313e0a":94,"751bcf25":83,"74f234c6":90,"b6591e25":82,"b7434f57":76,"f4634d0b":73,"58d46189":99,"1a2ec5d7":80,"d9f512b9":91,"1623fc9f":83,"259930ee":95,"cc6bbe45":73,"aa021138":92,"9a3cc55d":74,"004f1ef3":100,"c852d240":84,"0681c48e":95,"3f65f121":89,"12012fbd":84,"eeaa2d46":88,"ac38a6a5":94,"51f57142":95,"f5596d0f":91,"6d5fcd4c":91,"cf775f58":85,"cb6c9e42":98,"d39724bc":81,"67d30f2b":86,"d1d40c9c":91,"6775d5cd":83,"e4c312fe":87,"1c0a9eff":85,"11b74e63":76,"92ca52b7":91,"e35a63cd":88,"f5e8dfee":95,"6c486702":95,"ba5c52af":88,"578f6e9e":94,"3c43e8a2":89,"42191b64":70,"71ff66e8":82,"c7ab83c1":78,"a81a857c":84,"c0b0f492":96,"a4dafea5":81,"de36827b":104,"cf84fb54":90,"b7407bd3":77,"95f6db13":75,"bbe71605":77,"08a4c3f8":89,"5ee911b5":83,"0b5a0408":84,"8d753bb6":68,"c7c4ec5c":76,"f1862e79":69,"8f2a7d69":78,"7a2f3f06":77,"c81b2bcf":76,"d957f027":76,"d5557fb4":95,"5f7d7195":88,"527ff946":92,"84b767be":100,"1f342a00":90,"a6626a13":72,"084cbc0b":77,"d3a669ac":96,"50c3164b":94,"884b0ad1":82,"5774ac0d":92,"181c3dd5":83,"b460f030":99,"01cd8099":90,"dfc89705":85,"c6e3d352":96,"ac62fac2":99,"04612878":89,"4c0e547b":84,"b8488fc8":87,"f789f6d8":100,"71e53c93":90,"056ea7ff":89,"aa76bc50":75,"91536e85":92,"7896b953":88,"d2466211":103,"08a561b7":83,"6f39f4d9":99,"4abb7aed":82,"7a4c064c":91,"a0cf08b3":75,"af7e5be8":92,"597c1f81":83,"d8475b95":64,"4295ce9a":90,"efd23af5":84,"51c57542":88,"0149e11a":76,"fb8bfb36":97,"5a622a23":84,"261c9911":92,"06ee61b6":73,"1a68160d":86,"a836aa93":89,"bd984a8e":85,"c382f054":90,"69134f07":84,"3b690f68":101,"c4feee5b":84,"5272520d":79,"d634aa28":102,"94a2fe10":89,"9d4da635":61,"1623fc9f":84,"d033db8d":89,"d9f512b9":92,"3a1d1632":64,"f94bf9ea":82,"6df0b2e8":101,"1ed46298":100,"dc473de1":80,"2cb29e5a":100,"172217e5":92,"0277d748":93,"4469c815":66,"ec2cb1af":84,"6de0aaac":77,"eafbf9fb":84,"5acce642":88,"7fef9973":91,"95d331b1":71,"54d7de6b":96,"bf30a08f":97,"4b125e7b":89,"9cb4697f":94,"e45b4b53":72,"09ff339a":71,"c564e316":88,"c318d350":93,"6085137f":62,"1951480c":81,"6b79fec2":79,"a4f1d83b":90,"04ea5673":90,"37a7d5b0":93,"e3547548":75,"2154b6e8":79,"0f029727":78,"868edcc0":90,"cf84fb54":91,"b552beb3":82,"d9dcdc4b":104,"3a1b9af5":85,"6c73ae98":76,"9260d96b":101,"49910300":80,"4ac6bd4e":73,"67f6e4f2":85,"3c782bb3":83,"50312237":89,"40569362":87,"e15fd611":70,"9ceb5439":72,"a939b50b":86,"f2364460":96,"a1921150":91,"254cc28c":96,"aff8e442":86,"1f7607df":73,"3062379b":71,"bca2d7cd":87,"730338c4":96,"f271ed5d":93,"ea822700":70,"608bc832":80,"71bc1295":83,"b6aaf976":94,"cbad3b92":99,"24d24fa3":79,"dc0c8b09":99,"478d2d4f":97,"ba5c52af":89,"afe8e06a":78,"c1bb74f2":79,"7af262e5":89,"1bc0591f":83,"6e44927f":72,"fafb4cc2":112,"b28a5e67":90,"0d28db94":79,"50c468ba":79,"d5dae4c4":98,"1d44aff3":92,"0785820e":88,"7218c9f1":70,"d8e58a8c":91,"f1df62b4":81,"a5fd8ffd":89,"ba938220":79,"9496f56f":91,"ac62fac2":100,"03dcfa3d":85,"804d4dfa":79,"6490bac6":78,"7b6a7048":88,"e2cbe594":76,"feb67030":83,"21ad2f34":81,"7bebff03":72,"20777945":80,"c21ab51e":65,"d34a29b9":97,"cb51f134":93,"3498f223":75,"145c7559":97,"b6591e25":83,"9f2b16a7":86,"d552eb2f":90,"9f5e6cba":95,"76f3a3be":81,"57d5dee8":91,"bb8a6337":78,"c64de0c0":76,"6df0b2e8":102,"f94bf9ea":83,"12dd6f5e":75,"9a467a82":83,"4469c815":67,"25a7a0a3":83,"6de0aaac":78,"22176537":75,"ee21ad02":92,"91b28f83":87,"d1d40c9c":92,"54d7de6b":97,"04bef50c":62,"11b74e63":77,"3712c4bd":77,"695a2b92":78,"ea9bba6b":79,"09f0db62":113,"42191b64":71,"1f11812e":89,"f76a3e83":88,"059d6c19":102,"40a745c0":88,"868cda42":82,"142d6987":91,"ea6de194":90,"c015ec5a":81,"a4f1d83b":91,"b320feb9":83,"0c043224":96,"d9d7c4c2":94,"5ab7bc35":89,"49b358bd":84,"6085137f":63,"c7ab83c1":79,"cf84fb54":92,"554ebb83":84,"0d2c95fe":76,"9260d96b":102,"e9adbe58":81,"bad1a1cc":71,"b88033fd":89,"a939b50b":87,"97e75c19":98,"c6c85783":97,"2b3e4717":85,"c98d5272":93,"8cd78f77":100,"3062379b":72,"272c7672":86,"358e45b1":91,"6db0ea86":92,"50312237":90,"411b5027":85,"1438fad7":88,"31f6d707":101,"8c6e001f":71,"bbe71605":78,"e36dfd6f":79,"b8397293":78,"e6ec8cbf":94,"f5e8dfee":96,"e35a63cd":89,"2352c8ef":76,"1bc0591f":84,"a59a8290":79,"fef750ca":86,"5f4102da":88,"abc1d7ad":94,"7ae34c64":94,"056ea7ff":90,"db8ba455":92,"77bfed7e":81,"9c29f0ed":97,"345c9967":76,"ec110282":96,"4f59a322":78,"abd32136":86,"d5dae4c4":99,"7896b953":89,"d2466211":104,"4d9b0b10":88,"f1098793":85,"b6aaf976":95,"ac62fac2":101,"1c3a30c5":83,"d82592f4":89,"26c6fa34":81,"aefe13f5":89,"c8dc010f":99,"c455f40e":75,"5a622a23":85,"69d4b754":80,"c45d554f":84,"754f98c9":84,"e9679ede":77,"cd421290":76,"383e232d":80,"084cbc0b":78,"7db3edda":84,"fd07e0ed":83,"42c80e69":95,"f94bf9ea":84,"162a7348":86,"b7cc7909":80,"47cfba38":77,"24a9fb86":95,"227006e4":81,"49902219":99,"d3e84616":103,"20811ddf":77,"1951480c":82,"53431634":100,"92136ff5":89,"90a06ee9":80,"3007f31f":83,"acac14fb":80,"61f25dd4":100,"c4feee5b":85,"4279e829":98,"4ee62a26":76,"751bcf25":84,"9d4da635":62,"6e24d88b":82,"c015ec5a":82,"aab4d996":85,"ca6d2d91":87,"04ea5673":91,"65a00a3c":84,"d6f0d94a":75,"49b358bd":85,"7be025ce":83,"695a2b92":79,"83086d4c":93,"71ff66e8":83,"dc583e64":92,"19f9ca86":91,"39bbc4bc":97,"affb82bf":89,"51f57142":96,"865d9857":67,"d2a841c9":69,"175bc6b2":73,"ccf8b803":75,"84369269":76,"1b881e6e":96,"7e15f8e8":85,"8ec3834d":94,"d957f027":77,"d5557fb4":96,"95f6db13":76,"95bc84f1":74,"49910300":81,"4f5e3e7d":75,"88a30343":86,"b4fdf90e":86,"32c9fc47":82,"ce4da56f":86,"ea274174":90,"2e99f8fd":74,"66554572":65,"554ebb83":85,"5a0ead91":80,"3a1b9af5":86,"3e602573":75,"aa00769b":100,"11b74e63":78,"ae99df30":86,"88ce179e":94,"6775d5cd":84,"f5e8dfee":97,"4652b09a":105,"f67de058":81,"6c524f99":79,"8bc04eb5":74,"70ee0491":68,"8b5a8e9f":103,"dd3913d2":83,"733c86f8":84,"aa76bc50":76,"d5dae4c4":100,"77bfed7e":82,"621d6b18":96,"d9a64845":83,"d7cb9bcf":87,"4bc46d7a":80,"d83294cd":82,"83b2f9c5":94,"616d6dd6":82,"87083264":97,"12a2cd4b":92,"12271e14":80,"e6fac295":70,"a0bc1ceb":84,"cbad3b92":100,"44ff8baa":77,"26dd2000":90,"77898c22":74,"0a96f57a":95,"a851554d":95,"7bebff03":73,"5a622a23":86,"145c7559":98,"d744bee2":81,"f271ed5d":94,"4125085e":92,"9ab755d3":77,"d6d61bfc":90,"2d54e0a8":71,"dc473de1":81,"ef1c2dcb":85,"c9efc8f6":84,"0bd93cfd":70,"2ab62345":73,"1f7607df":74,"35aa7fd0":100,"03b4ab60":89,"4930f321":77,"61145ec9":93,"7e95c5a0":81,"2882a956":83,"9267f0ef":97,"a4296d1e":90,"69d4b754":81,"972f4174":101,"74f234c6":91,"06ee61b6":74,"c4feee5b":86,"ca6d2d91":88,"66497c7e":82,"d033db8d":90,"4ee62a26":77,"30d84dce":81,"88fa53d6":73,"259930ee":96,"be40590d":83,"a33fe0dd":95,"5f620a1e":97,"62d1d346":74,"24ffcbd3":94,"d141db49":78,"f2470875":97,"2c5c1dc0":81,"095ab3b4":73,"6ce84ff8":77,"27f52ed3":102,"5270f158":82,"25635c37":77,"be4f8ba8":84,"0e036ae9":100,"ccdd1ce6":82,"d2a841c9":70,"30dd2edc":91,"1d153b20":87,"6cba74ce":79,"9ceb5439":73,"c81b2bcf":77,"9d9dd9e5":79,"6adce358":97,"8ec3834d":95,"48efc739":102,"0f1ac912":75,"f044c0e1":68,"8aa78e2f":82,"6a60348e":77,"17b08923":84,"1b153aef":84,"411b5027":86,"8245f916":69,"95f6db13":77,"8f2a7d69":79,"2d1e1e9d":80,"92d38723":90,"8bc04eb5":75,"a502c93c":73,"fea793f5":85,"bec9d329":92,"6c20c153":81,"04bef50c":63,"c510bfd3":94,"4c0e547b":85,"9a07d89b":89,"ba5c52af":90,"92ca52b7":92,"f67de058":82,"0e2b5d2f":92,"ae016053":91,"8a165e17":88,"c803b4a3":88,"a472532e":76,"d83294cd":83,"616d6dd6":83,"c38c2b52":82,"f7231212":82,"f905a555":76,"d5dae4c4":101,"00a17b46":83,"1dad0f99":87,"6e44927f":73,"4d9b0b10":89,"b8397293":79,"2e99f8fd":75,"c4aa1e38":76,"dfc89705":86,"72b84094":100,"9a80f004":74,"4e5aaaec":79,"547903ef":93,"25e0dd3d":89,"48655f09":103,"be1746a0":78,"0eaf08da":92,"804d4dfa":80,"792cfcbd":75,"c6e3d352":97,"9ab755d3":78,"2d13e69b":82,"c0e2624b":80,"0bd93cfd":71,"e58b26f6":86,"a625328f":96,"84b67924":90,"a1370ab0":88,"57d5dee8":92,"2ab62345":74,"60d6cee2":87,"b35bb8a1":75,"b230e8d3":91,"5ac86fb9":90,"c8dc010f":100,"bc09fa9e":80,"655954ba":83
1604737523859,"7d6895f4":85,"a63bddd4":104,"eeaa2d46":89,"7080f122":76,"01d817b8":77,"12012fbd":85,"f87c5031":72,"815e4582":85,"1d790491":91,"394dc144":82,"842c8340":76,"d957f027":78,"f66616b7":84,"93fdbb44":68,"0d2a1c58":73,"fd07e0ed":84,"aaa274a5":87,"9fa62fee":82,"de6213c7":84,"911e770b":91,"2a06ab95":91,"ed4fad08":94,"68562193":72,"2ab62345":75,"d34a29b9":98,"9f2b16a7":87,"06ee61b6":75,"a3253019":79,"8e99d5d0":91,"5e193fc8":89,"cc11fef9":94,"5272520d":80,"0c0e98ea":79,"93683c82":75,"0af920d8":67,"2af60749":93,"d9d7c4c2":95,"0d5ee801":69,"dae0f922":86,"9bdf362a":73,"b5ce0c0c":92,"fbdffc95":78,"76f3a3be":82,"dc473de1":82,"b230e8d3":92,"6632fed0":92,"558d5ce7":84,"6143f39d":81,"b9a48a5c":69,"30dd2edc":92,"af157d29":79,"623c6a31":90,"f2ca27d9":78,"8f13c203":74,"14c682eb":80,"d929098e":69,"5b5fc566":81,"d1d40c9c":93,"a502c93c":74,"d815c5b4":102,"f0a06216":82,"a0685bf3":100,"4b125e7b":90,"6c524f99":80,"cfafcda8":84,"8b5a8e9f":104,"1bc0591f":85,"9a07d89b":90,"f67de058":83,"a901627e":73,"7fb4c521":82,"5f0c1b9d":96,"d2466211":105,"db8ba455":93,"6023df54":84,"7a4c064c":92,"28654c76":94,"43d87483":85,"52eca0dc":87,"f1df62b4":82,"8a52882e":84,"f66616b7":85,"794f652b":92,"cb6c9e42":99,"4ed01268":80,"394dc144":83,"c67979e6":101,"d1676e89":80,"7ee148e9":83,"e238f09b":86,"f2470875":98,"0d2a1c58":74,"2f455cce":88,"4f59a322":79,"f905a555":77,"d5059415":86,"284544ba":89,"c0e2624b":81,"2d54e0a8":72,"84b67924":91,"b5763ff6":67,"feb67030":84,"c8dc010f":101,"3b7763b1":73,"2ad42a9e":85,"547903ef":94,"261c9911":93,"a0ce82b4":91,"288d171f":80,"e1618359":89,"c4feee5b":87,"0a92153e":88,"470d50c2":85,"dcf85091":71,"2e3503e4":85,"c2bb8aae":80,"30d84dce":82,"906632cb":80,"94a2fe10":90,"d033db8d":91,"1e7753d9":102,"d70ca4f4":98,"caddd0a7":92,"5f620a1e":98,"51f80f4c":89,"32133249":93,"540df50f":95,"181c3dd5":84,"725dce8b":97,"5774ac0d":93,"5ac86fb9":91,"39bbc4bc":98,"312f7676":86,"60e855ee":89,"1be05c14":75,"e36dfd6f":80,"1438fad7":89,"5f8517b7":106,"45fb95c1":90,"ef16ca37":88,"cf50e84e":89,"67f6e4f2":86,"6291e9e9":87,"34658473":77,"045f280d":88,"288afc30":83,"8323d333":74,"92d38723":91,"064a99c8":82,"742f1425":80,"946df4fd":91,"9fc713b0":86,"23080895":72,"cac4449a":77,"cbad3b92":101,"d6320619":87,"affb82bf":90,"eeaa2d46":90,"f2ca27d9":79,"af157d29":80,"22ecaed0":75,"f5596d0f":92,"4258c176":80,"7ee7621c":87,"7f6d1d0e":101,"a502c93c":75,"93b0a158":87,"54d7de6b":98,"4652b09a":106,"9b546d65":77,"33d6bb6a":75,"ec11fe5f":74,"78b97937":92,"eebc8d43":89,"0042f6eb":84,"b87158fb":90,"a901627e":74,"a15713c6":93,"77bfed7e":83,"ef91eaae":68,"012de09c":78,"7be025ce":84,"37a7d5b0":94,"719c8869":98,"014460b9":104,"b320feb9":84,"8a52882e":85,"97e75c19":99,"e99318a3":77,"1634789b":88,"f66616b7":86,"44a4f7cd":84,"c98d5272":94,"65e4235b":81,"ac030e74":74,"8a165e17":89,"e57d5cda":97,"0785820e":89,"aa76bc50":77,"d83294cd":84,"8db5a165":69,"7a840529":62,"2180f99b":89,"1f7607df":75,"b7832271":90,"93e8cee5":95,"92136ff5":90,"85de05f2":87,"f9f2c53f":77,"6bc5d32a":104,"8ea21393":81,"4eed1bea":87,"0da28f5b":95,"9b172ca8":74,"53431634":101,"104721f0":83,"a4296d1e":91,"c21ab51e":66,"79f04300":84,"7cd0ad7b":96,"5cd3cfe0":69,"66b7b5b4":80,"d0c104c4":63,"a68a93b2":78,"1f11812e":90,"aa5dfdf5":85,"f4726450":80,"fb7482fe":76,"c793cdda":83,"be149c6f":78,"12534561":73,"b230e8d3":93,"e9a8cf11":83,"64db4feb":101,"5eaa1581":81,"3c18f28e":82,"8dc9b4db":90,"dc583e64":93,"27f52ed3":103,"c95719e5":78,"f2470875":99,"095ab3b4":74,"c7ab83c1":80,"8d753bb6":69,"0114160e":88,"1b153aef":85,"1db42092":97,"95bc84f1":75,"5acaa06f":66,"5ee911b5":84,"6c73ae98":77,"66554572":66,"a533489b":91,"6d802fa2":78,"336d0f08":92,"9263c525":84,"36fb15d2":85,"c609739e":86,"27c8e038":96,"26c6fa34":82,"13f0e139":81,"01d817b8":78,"945b63f0":110,"91b28f83":88,"3b2dee89":85,"95d331b1":72,"9d4f1fe6":79,"b3f19a69":81,"6b82b527":85,"f2e3c0e3":75,"e356abf1":94,"fef750ca":87,"bd62d7ed":74,"be3a10f8":100,"eb2e1983":79,"25a2844e":86,"cfafcda8":85,"f87c5031":73,"6de0aaac":79,"b946e146":99,"a8726d50":70,"e1571af7":86,"2af60749":94,"fce3c5c6":74,"ea6de194":91,"c015ec5a":83,"e5d3655c":96,"3fdb08f5":88,"9a467a82":84,"ef8321d8":80,"23760167":77,"d1fe2868":87,"aff8e442":87,"91d52a55":86,"a0b03218":89,"d8475b95":65,"a5aee5de":108,"f2364460":97,"0670c466":85,"5957df9e":79,"d5dae4c4":102,"537634c9":74,"9c29f0ed":98,"7ae34c64":95,"ac030e74":75,"313258f2":80,"0d7d88f1":77,"ae016053":92,"056ea7ff":91,"4f59a322":80,"91f7ef72":85,"dd035d2a":84,"1dad0f99":88,"87083264":98,"72b84094":101,"53747a91":87,"20777945":81,"4295ce9a":91,"cd421290":77,"79e4fa1c":79,"9a80f004":75,"754f98c9":85,"5e193fc8":90,"fe578280":80,"c85a0d80":87,"e0154608":76,"145c7559":99,"cb51f134":94,"7e991ab9":67,"b5763ff6":68,"cbb54a0a":70,"92efd84f":86,"b7832271":91,"7028b044":80,"911e770b":92,"32133249":94,"13747b82":84,"1ed46298":101,"c93c3508":68,"dcfaba4c":84,"61d4782d":87,"f94bf9ea":85,"5099c6a0":103,"5781776a":88,"27f52ed3":104,"004f1ef3":101,"8e4c33d2":94,"60e855ee":90,"dc583e64":94,"cf50e84e":90,"bbe71605":79,"4ea4a2a1":100,"013ee301":83,"e0f7679f":72,"d0e9a58e":72,"92d38723":92,"de36827b":105,"358e45b1":92,"b2703001":89,"1138796e":92,"e0e6a097":83,"8c6e001f":72,"08a4c3f8":90,"16b476e9":79,"5eab91a0":88,"677c6a09":96,"d4d5f466":84,"87c462ee":92,"bf30a08f":98,"a66a2d8a":102,"e4117b3b":70,"8063df14":76,"8f10fa42":105,"a8c93bed":86,"cd522166":98,"20958d58":81,"0f89862c":83,"f5596d0f":93,"8547fbc2":84,"db703021":76,"61f25dd4":101,"751bcf25":85,"30fdcd3b":81,"1a2ec5d7":81,"c3e6ef01":97,"e62d705f":75,"4fd645f1":73,"1623fc9f":85,"0a2f71bc":72,"868cda42":83,"9e65c0ef":74,"ea6de194":92,"e32524d6":86,"6de0aaac":80,"9de29816":73,"2dda3936":86,"172217e5":93,"22ecaed0":76,"03c398d2":87,"b6aaf976":96,"d82592f4":90,"12271e14":81,"d8475b95":66,"a543ec74":86,"0f72f2d8":83,"9ceb5439":74,"5957df9e":80,"99e171db":87,"449d8475":82,"90d52475":83,"f66616b7":87,"93fdbb44":69,"aa867541":73,"f905a555":78,"83b2f9c5":95,"c91966ce":78,"a472532e":77,"07f98660":94,"0785820e":90,"42cd2360":76,"d7cb9bcf":88,"d5dae4c4":103,"d4ee22a4":92,"50c468ba":80,"95539a58":68,"0d7d88f1":78,"72b84094":102,"201cafad":77,"ecfa8249":95,"e2cbe594":77,"f9f2c53f":78,"547903ef":95,"07107f6e":87,"bd984a8e":86,"5e193fc8":91,"a4296d1e":92,"6e851762":72,"8cd78f77":101,"0fc5ac7e":104,"6751d8e4":98,"d552eb2f":91,"dd7acb96":82,"50c3164b":95,"74e3d13e":83,"725dce8b":98,"a77e127d":64,"5099c6a0":104,"82868763":81,"016953e4":96,"312f7676":87,"fb7b7b3c":93,"1951480c":83,"e36dfd6f":81,"40569362":88,"95f6db13":78,"fe0df575":101,"00554ffd":93,"28d41578":83,"71a2a493":62,"76f3a3be":83,"31f6ba51":86,"181c3dd5":85,"6632fed0":93,"5acce642":89,"f56ac638":72,"2882a956":84,"730a4938":92,"16b476e9":80,"92ca52b7":93,"bd2705b0":103,"1bc0591f":86,"7ee7621c":88,"8f10fa42":106,"e5b1abc6":75,"c21ab51e":67,"efe84c27":79,"4b4ecbce":77,"2e3503e4":86,"61f25dd4":102,"db703021":77,"0841052c":83,"d634aa28":103,"1f11812e":91,"1e191c98":68,"be40590d":84,"a33fe0dd":96,"2045d7d6":77,"719c8869":99,"d9f512b9":93,"44c77422":89,"a81a857c":85,"2154b6e8":80,"7080f122":77,"d3e84616":104,"88432019":83,"30dd2edc":93,"8cc4a982":84,"865d9857":68,"ccdd1ce6":83,"92d38723":93,"b377a62a":80,"2e99f8fd":76,"bab97de3":95,"159ffd0b":66,"50312237":91,"59c1e594":91,"820225e4":70,"11888cfa":77,"cac4449a":78,"a0bc1ceb":85,"a43061ee":76,"35b58ef9":77,"1c3a30c5":84,"24d24fa3":80,"449d8475":83,"f66616b7":88,"97e75c19":100,"d1fe2868":88,"6adce358":98,"b8ab8e6e":82,"815e4582":86,"831c7b85":88,"25a2844e":87,"7fdc2007":81,"45b5746e":85,"d9d0c567":88,"a15713c6":94,"f3a0c2ee":82,"65e4235b":82,"f1df62b4":83,"56473430":91,"c8113b77":73,"8db5a165":70,"30b6808c":81,"a85d89cc":78,"2ce1af05":73,"597c1f81":84,"7e95c5a0":82,"72b84094":103,"d25e0f8d":95,"2209903e":88,"fb8bfb36":98,"bfad1727":73,"c650b434":100,"6b9eff39":84,"22234d6b":89,"d0d6acb1":72,"5747db6e":98,"aaa274a5":88,"6a3eaf43":83,"f271ed5d":95,"004f1ef3":102,"39bbc4bc":99,"93ac9ca3":86,"d599b566":102,"26f99a1e":88,"363590c7":85,"c7ab83c1":81,"2f455cce":89,"68562193":73,"aa9ea5e8":78,"b230e8d3":94,"2132fe93":92,"35aa7fd0":101,"24a9fb86":96,"8d04852b":87,"ee75b607":84,"124fbe96":81,"d815c5b4":103,"677c6a09":97,"80a8a56d":81,"0a92153e":89,"b2c25d1c":79,"2e3503e4":87,"1a68160d":87,"168e75d9":87,"b215547b":80,"1a2ec5d7":82,"0841052c":84,"1e7753d9":103,"110b1ee3":90,"ddec9e54":83,"9d4da635":63,"db703021":78,"62d1d346":75,"04ea5673":92,"3bad3c95":69,"9e65c0ef":75,"1623fc9f":86,"92f800f5":85,"37a7d5b0":95,"546f6845":99,"ccdd1ce6":84,"bb99c79c":87,"6d5fcd4c":92,"22176537":76,"175bc6b2":74,"f2f58418":75,"3d1af513":95,"1bd5b20b":92,"5678ed7b":103,"3652bd66":85,"cf50e84e":91,"d102b0c6":73,"0114160e":89,"8d753bb6":70,"f1862e79":70,"36fb15d2":86,"f5829ac0":87,"4ea4a2a1":101,"e0f7679f":73,"468fc85c":86,"17b08923":85,"bad6cdb1":86,"1c3a30c5":85,"b460f030":100,"3e602573":76,"24d24fa3":81,"87922532":95,"a9b1bd51":66,"bf822e33":89,"ecfa8249":96,"efd23af5":85,"daab45c6":86,"93e8cee5":96,"92136ff5":91,"d1fe2868":89,"8ec3834d":96,"2882a956":85,"1745a0f4":85,"8bc04eb5":76,"b102f7bd":86,"1a442bc7":89,"8f10fa42":107,"13b53c7a":86,"eebc8d43":90,"92ca52b7":94,"fe8f3d36":71,"537634c9":75,"0a1d11e6":72,"4abb7aed":83,"6023df54":85,"d8e58a8c":92,"abc1d7ad":95,"869cbaa0":100,"781ace7d":87,"7e95c5a0":83,"f7231212":83,"7566fdd6":99,"597c1f81":85,"50c468ba":81,"ad303bda":88,"84369269":77,"650bb0e0":90,"6e98dfda":84,"8657c79d":104,"d552eb2f":92,"9ab755d3":79,"363590c7":86,"82868763":82,"5781776a":89,"8dd649a3":77,"3f2522c2":82,"fe1d4419":90,"3e082b37":77,"6751d8e4":99,"fd07e0ed":85,"5a07fc2e":74,"eb7b4e29":73,"b7cc7909":81,"2ab62345":76,"64db4feb":102,"bd2705b0":104,"aec4e1bf":84,"71279c46":79,"b230e8d3":95,"f734c84c":109,"d25e0f8d":96,"4b4ecbce":78,"704bce0d":86,"9267f0ef":98,"dbc9df44":67,"36380d96":95,"cb51f134":95,"a836aa93":90,"1e191c98":69,"0c0e98ea":80,"30fdcd3b":82,"0841052c":85,"4360a1a3":96,"56d315d8":70,"be40590d":85,"c1bdfd41":78,"c4e70c07":84,"04ea5673":93,"7be025ce":85,"e3547548":76,"c015ec5a":84,"24ffcbd3":95,"6632fed0":94,"a63bddd4":105,"08c6b5d2":86,"53a8613c":101,"6de0aaac":81,"a533489b":92,"1138796e":93,"36fb15d2":87,"bab97de3":96,"4ac6bd4e":74,"fb44fa9c":100,"4f5e3e7d":76,"f5829ac0":88,"67f6e4f2":87,"6db0ea86":93,"4ba6eb36":89,"0114160e":90,"7a2f3f06":78,"a24e6670":88,"bc392d1c":77,"ac62fac2":102,"ae8a09c4":82,"a636f4c9":99,"01cd8099":91,"baebb391":94,"03dcfa3d":86,"eeaa2d46":91,"e9adbe58":82,"fea793f5":86,"82204d54":82,"9d023afb":95,"ea4d3f3e":96,"51a3e9c2":90,"fead11cf":78,"0042f6eb":85,"0d770b97":88,"a15713c6":95,"1bc0591f":87,"69eeae0d":82,"54d7de6b":99,"3a291497":79,"13b53c7a":87,"3b2dee89":86,"4bc46d7a":81,"a0685bf3":101,"74c26380":84,"d5dae4c4":104,"49cb2959":95,"a85d89cc":79,"9f74b8a4":79,"87083264":99,"af7e5be8":93,"7a840529":63,"385ab7c6":85,"619fda68":98,"09560615":71,"805534ac":80,"aff8e442":88,"5d087c79":84,"97e75c19":101,"449d8475":84,"39a2fcce":74,"650bb0e0":91,"8ec3834d":97,"5623817d":88,"f5cd79c1":75,"5270f158":83,"312f7676":88,"b935fc1c":80,"5410e9c6":92,"27f52ed3":105,"0d2a1c58":75,"bca2d7cd":88,"730338c4":97,"b7832271":92,"fd07e0ed":86,"6751d8e4":100,"84b67924":92,"be149c6f":79,"b7cc7909":82,"35aa7fd0":102,"bb8a6337":79,"40e79dd3":78,"a0cca8b7":74,"debe1f65":90,"4295ce9a":92,"ab7467de":100,"26dd2000":91,"dcf85091":72,"1a68160d":88,"655954ba":84,"e0154608":77,"bd984a8e":87,"e9679ede":78,"d34a29b9":99,"4ee62a26":78,"61f25dd4":103,"f883d582":81,"7cd0ad7b":97,"7a9344a4":104,"0c0e98ea":81,"0841052c":86,"0681c48e":96,"57d5dee8":93,"a47abfbb":75,"36fb15d2":88,"06ddafc7":74,"8aa78e2f":83,"00554ffd":94,"379184a7":99,"4945c851":93,"5acaa06f":67,"868edcc0":91,"7ae3fc50":78,"0eaf08da":93,"e8f173b5":82,"05642105":85,"d36125db":95,"73b15e04":88,"0ac825ed":92,"12a2cd4b":93,"b377a62a":81,"12271e14":82,"99d130c9":98,"12012fbd":86,"eafbf9fb":85,"53a8613c":102,"be4f8ba8":85,"3661e12d":80,"08c6b5d2":87,"dfa1a89b":78,"e786063b":85,"28d40296":67,"d6f0d94a":76,"7043382d":85,"9e65c0ef":76,"fbdffc95":79,"1623fc9f":87,"1a442bc7":90,"11b74e63":79,"ba586505":79,"6775d5cd":85,"78b97937":93,"9d4f1fe6":80,"b8488fc8":88,"9d023afb":96,"95d331b1":73,"6c486702":96,"ea4d3f3e":97,"dc0c8b09":100,"ba5c52af":91,"20958d58":82,"45b5746e":86,"616d6dd6":84,"d8e58a8c":93,"781ace7d":88,"906fdec3":73,"313258f2":81,"65e4235b":83,"cf9f4757":77,"f7231212":84,"9496f56f":92,"0d28db94":80,"753ca352":77,"4d9b0b10":90,"faf4f98b":91,"47d27624":85,"e15fd611":71,"77f31bab":90,"c67979e6":102,"6e98dfda":85,"5957df9e":81,"b88033fd":90,"03c398d2":88,"24d24fa3":82,"2c5c1dc0":82,"fb7b7b3c":94,"c0b7e7d7":70,"3c43e8a2":90,"971675c5":91,"19f9ca86":92,"2d54e0a8":73,"1f342a00":91,"aec074c4":95,"383e232d":81,"0bd93cfd":72,"84b767be":101,"b7832271":93,"913a6226":83,"4295ce9a":93,"53747a91":88,"07107f6e":88,"79e4fa1c":80,"da3437cd":74,"c45d554f":85,"696fdac5":86,"3498f223":76,"fe578280":81,"d548635d":81,"a836aa93":91,"168e75d9":88,"f598a332":82,"180377be":88,"74f234c6":92,"655941a0":91,"0d5ee801":70,"56d315d8":71,"0c043224":97,"03b4ab60":90,"1ed46298":102,"0ecfa1c9":82,"dcfaba4c":85,"32133249":95,"bfcb912a":85,"162a7348":87,"5270f158":84,"0114160e":91,"d102b0c6":74,"9260d96b":103,"11888cfa":78,"cf50e84e":92,"ea274174":91,"4ba6eb36":90,"06ddafc7":75,"90731976":84,"cfe72ead":67,"59431390":87,"332820ce":89,"d0e9a58e":73,"6291e9e9":88,"aefe13f5":90,"c27969ec":87,"d82592f4":91,"87922532":96,"35b58ef9":78,"9a467a82":85,"fd6dcb20":81,"22176537":77,"9e206c95":98,"30dd2edc":94,"315537b2":81,"f2f58418":76,"30fdcd3b":83,"e786063b":86,"e5d3655c":97,"b320feb9":85,"aa021138":93,"c015ec5a":85,"5ab7bc35":90,"7043382d":86,"ee21ad02":93,"bf30a08f":99,"677c6a09":98,"b0869206":92,"6841f77e":92,"cfafcda8":86,"f56ac638":73,"c510bfd3":95,"4652b09a":107,"78467b8a":97,"4c0e547b":86,"b87158fb":91,"dd3913d2":84,"11b2c8d9":79,"da04caac":86,"ef8987d7":80,"4abb7aed":84,"5ef93e5d":64,"ec110282":97,"43bc86e3":80,"aa867541":74,"b9be31d6":91,"f7231212":85,"abd32136":87,"00a17b46":84,"7e15f8e8":86,"aff8e442":89,"03dcfa3d":87,"4b4ef7fa":86,"d1676e89":81,"47d27624":86,"50d129cf":79,"48efc739":103,"faf3ed07":76,"bda8cdfb":87,"508aac3d":87,"d552eb2f":93,"eb7b4e29":74,"d3a669ac":97,"7e991ab9":68,"fb7482fe":77,"9147702f":75,"72b84094":104,"40e79dd3":79,"b6ee137a":79,"fb8bfb36":99,"4295ce9a":94,"547903ef":96,"93e8cee5":97,"ebdbf580":87,"2e3503e4":88
1604737524754,"f5cd79c1":76,"004f1ef3":103,"39bbc4bc":100,"8dc9b4db":91,"b935fc1c":81,"c7ab83c1":82,"17b08923":86,"34658473":78,"1db42092":98,"b7407bd3":78,"bab97de3":97,"b2a8761b":78,"f277386e":66,"792c9b6a":70,"d9dcdc4b":105,"28d41578":84,"fe0df575":102,"b552beb3":83,"f9c15fcc":93,"cfe72ead":68,"4cc141fa":65,"b6aaf976":97,"481754fc":69,"cf52025e":77,"a0bc1ceb":86,"71bc1295":84,"1c3a30c5":86,"53b4e647":96,"6034b6d0":95,"87083264":100,"704bce0d":87,"ab7d4c9a":80,"288d171f":81,"1247fa52":87,"0da28f5b":96,"dae0f922":87,"4360a1a3":97,"ddec9e54":84,"94a2fe10":91,"26ed1a5c":85,"a8726d50":71,"a4f1d83b":92,"8dc9b4db":92,"5270f158":85,"f1dffa24":67,"a58bf525":88,"5099c6a0":105,"5781776a":90,"363590c7":87,"c015ec5a":86,"25776fc4":93,"638cb163":103,"859545e6":69,"e32524d6":87,"caddd0a7":93,"9e65c0ef":77,"bec9d329":93,"ad2d7bed":89,"b3f19a69":82,"e4117b3b":71,"0d770b97":89,"6b82b527":86,"f2e3c0e3":76,"fee32863":82,"9d4f1fe6":81,"8063df14":77,"33d6bb6a":76,"b8488fc8":89,"733c86f8":85,"6a7392d5":75,"abc1d7ad":96,"95904ac4":98,"906fdec3":74,"da04caac":87,"28654c76":95,"83b2f9c5":96,"868edcc0":92,"32c9fc47":83,"40569362":89,"1f88a4b7":94,"02d4753e":101,"f277386e":67,"6c73ae98":78,"b35e9e1a":117,"fe0df575":103,"d6db2b02":96,"8245f916":70,"a4dafea5":82,"db0a661e":91,"332820ce":90,"47cfba38":78,"57d5dee8":94,"03b4ab60":91,"181c3dd5":86,"e4714415":98,"99d130c9":99,"b7df1559":90,"2198ba8e":77,"aa00769b":101,"804d4dfa":81,"2d382981":85,"792cfcbd":76,"3101354b":75,"6f39f4d9":100,"ae95f2ba":102,"869cbaa0":101,"ffa08d82":91,"d4ee22a4":93,"056ea7ff":92,"faf4f98b":92,"3007f31f":84,"547903ef":97,"c455f40e":76,"0a96f57a":96,"51c57542":89,"92136ff5":92,"4dac6b20":73,"5e193fc8":92,"c4feee5b":88,"06ee61b6":76,"f121b82c":94,"79f04300":85,"a836aa93":92,"501db4de":87,"110b1ee3":91,"5ccf94d6":84,"7a9344a4":105,"0841052c":87,"5cd3cfe0":70,"2132fe93":93,"42c80e69":96,"36d340f2":73,"21ee2afe":91,"4469c815":68,"15620dca":97,"945b63f0":111,"ec2cb1af":85,"af157d29":81,"363590c7":88,"f5cd79c1":77,"82868763":83,"095ab3b4":75,"a40846b7":93,"6ce84ff8":78,"fb7b7b3c":95,"bd2705b0":105,"9cb4697f":95,"730a4938":93,"ba586505":80,"290b4714":82,"dc0c8b09":101,"88ce179e":95,"0e2b5d2f":93,"54d7de6b":100,"cfafcda8":87,"c510bfd3":96,"c463799d":91,"6c486702":97,"2a76f1dd":74,"a15713c6":96,"d0c104c4":64,"4360a1a3":98,"0f029727":79,"ea6de194":93,"e32524d6":88,"3fdb08f5":89,"7043382d":87,"9bdf362a":74,"259930ee":97,"3310a049":89,"5f8517b7":107,"8298e976":106,"b4fdf90e":87,"868edcc0":93,"7a2f3f06":79,"b2703001":90,"d0c0fc08":75,"88a30343":87,"554ebb83":86,"e81834aa":99,"a533489b":93,"11888cfa":79,"7ae3fc50":79,"f4b2f575":68,"ccf8b803":76,"37fbb107":98,"e15fd611":72,"9ceb5439":75,"bad1a1cc":72,"90d52475":84,"f271ed5d":96,"8cd78f77":102,"39ba00f0":89,"f4726450":81,"b5763ff6":69,"d552eb2f":94,"0fc5ac7e":105,"35aa7fd0":103,"24d24fa3":83,"9fc713b0":87,"3e602573":77,"c27969ec":88,"35b58ef9":79,"12a2cd4b":94,"17807120":89,"71e53c93":91,"906fdec3":75,"42cd2360":77,"abc1d7ad":97,"45b5746e":87,"e57d5cda":98,"dd035d2a":85,"87cd2add":79,"9496f56f":93,"b9be31d6":92,"9c29f0ed":99,"2b698053":84,"d2466211":106,"6b9eff39":85,"5c82d1ce":86,"ded7da5a":91,"3b7763b1":74,"ccb5ea3e":74,"9d0546ac":80,"547903ef":98,"cb51f134":96,"c382f054":91,"7f86be64":90,"e0154608":78,"f33c0140":85,"ab7d4c9a":81,"c5b35e4d":84,"cc11fef9":95,"74f234c6":93,"081460bf":90,"2132fe93":94,"dc473de1":83,"0681c48e":97,"c852d240":85,"bfcb912a":86,"6d339d45":74,"175bc6b2":75,"51f57142":97,"a63bddd4":106,"88432019":84,"22176537":78,"217c0327":62,"836701f6":73,"f5cd79c1":78,"83086d4c":94,"eda6a690":73,"5b60dd1d":88,"312f7676":89,"b1f58563":87,"d39724bc":82,"51a3e9c2":91,"91b28f83":89,"1bb4ccc0":84,"4258c176":81,"00cf385d":95,"733c86f8":86,"9a07d89b":91,"d83870f5":83,"f67de058":84,"dc0c8b09":102,"2352c8ef":77,"e5b1abc6":76,"50b558a7":71,"0d5ee801":71,"f883d582":82,"5272520d":81,"906632cb":81,"1e7753d9":104,"d141db49":79,"b7505747":96,"cc6bbe45":74,"7e76c93c":96,"c0b0f492":97,"65a00a3c":85,"30c5d755":97,"0cb80f4a":79,"4945c851":94,"d0e9a58e":74,"5678ed7b":104,"5a0ead91":81,"5957df9e":82,"77bae750":76,"5a0eb771":88,"394dc144":84,"a983a6dc":80,"5f7d7195":89,"faf3ed07":77,"3062379b":73,"1f7607df":76,"d0d6acb1":73,"f271ed5d":97,"2f455cce":90,"dd7acb96":83,"084cbc0b":79,"ce4da56f":87,"8c6e001f":73,"32c9fc47":84,"b377a62a":82,"411b5027":87,"408bb2ed":72,"ea274174":92,"59431390":88,"1db42092":99,"03dcfa3d":88,"792cfcbd":77,"4febf7c5":92,"12271e14":83,"aefe13f5":91,"812b4f15":74,"da04caac":88,"fd482491":96,"3f75d3bc":98,"2dd0e808":84,"49cb2959":96,"1d44aff3":93,"537634c9":76,"621d6b18":97,"4d9b0b10":91,"597c1f81":86,"7218c9f1":71,"9aa6a054":83,"d5059415":87,"385ab7c6":86,"c27969ec":89,"9a80f004":76,"debe1f65":91,"b6ee137a":80,"f734c84c":110,"805534ac":81,"7bebff03":74,"7e8e1c3d":78,"c7313e0a":95,"8e780922":86,"696fdac5":87,"f598a332":83,"a3253019":80,"168e75d9":89,"104721f0":84,"deb31f35":93,"1ed46298":103,"3a1d1632":65,"f94bf9ea":86,"35aa7fd0":104,"4911acad":68,"61d4782d":88,"08c6b5d2":88,"b946e146":100,"f87c5031":74,"af157d29":82,"2cb29e5a":101,"ec2cb1af":86,"30dd2edc":95,"fb7b7b3c":96,"317c1591":89,"dc583e64":95,"ea4d3f3e":98,"7fef9973":92,"cb4f262b":86,"95d331b1":74,"0d770b97":90,"d39724bc":83,"30c184b8":94,"20958d58":83,"e356abf1":95,"dd3913d2":85,"82868763":84,"437fc3ec":86,"f4634d0b":74,"db703021":79,"66497c7e":83,"5ccf94d6":85,"74f234c6":94,"5cd3cfe0":71,"93683c82":76,"d9d7c4c2":96,"8f13c203":75,"ba30e43a":101,"0a2f71bc":73,"2154b6e8":81,"30c5d755":98,"cc6bbe45":75,"3c43e8a2":91,"836701f6":74,"31d74eee":79,"23760167":78,"794f652b":93,"e99318a3":78,"04643409":96,"a983a6dc":81,"77f31bab":91,"7e991ab9":69,"884b0ad1":83,"50c3164b":96,"1b153aef":86,"11888cfa":80,"6585adbe":73,"59431390":89,"2e99f8fd":77,"a24e6670":89,"5a0ead91":82,"05642105":86,"b4fdf90e":88,"868edcc0":94,"b377a62a":83,"c4aa1e38":77,"489a39f7":75,"8d753bb6":71,"4eed1bea":88,"40e79dd3":80,"547903ef":99,"ded7da5a":92,"805534ac":82,"2ad42a9e":86,"2b3c49b9":87,"685207b3":89,"8eb64769":77,"a567ace4":87,"5f4102da":89,"19551bad":84,"c1bb74f2":80,"f3a0c2ee":83,"cf1b8c47":98,"5ef93e5d":65,"1d44aff3":94,"b28a5e67":91,"dc03ebd2":107,"8fb236a9":80,"95904ac4":99,"e28c2efc":80,"ba938220":80,"6034b6d0":96,"93b9fae6":76,"d83294cd":85,"d5059415":88,"eed20185":95,"bad6cdb1":87,"26c6fa34":83,"27c8e038":97,"481754fc":70,"24d24fa3":84,"aa5dfdf5":86,"8cd78f77":103,"de6213c7":85,"c793cdda":84,"60d6cee2":88,"74e3d13e":84,"13747b82":85,"c9efc8f6":85,"5ac86fb9":92,"9f5e6cba":96,"68562193":74,"12dd6f5e":76,"b9a48a5c":70,"9a467a82":86,"57540cc3":92,"5eab91a0":89,"88ce179e":96,"c382f054":92,"f76a3e83":89,"501db4de":88,"f3992a31":87,"f121b82c":95,"1a68160d":89,"8db62558":87,"56d315d8":72,"d70ca4f4":99,"a4f1d83b":93,"142d6987":92,"5cd3cfe0":72,"66497c7e":84,"4c39240e":89,"0a2f71bc":74,"ba30e43a":102,"0f029727":80,"3fdb08f5":90,"92f800f5":86,"75ffea08":85,"1951480c":84,"82868763":85,"2203f259":87,"60e855ee":91,"71ff66e8":84,"578f6e9e":95,"c7ab83c1":83,"9c045c61":90,"fd6dcb20":82,"51f57142":98,"36684155":86,"77bae750":77,"789bd484":81,"f4b2f575":69,"faf3ed07":78,"4ed01268":81,"bda8cdfb":88,"b7407bd3":79,"95bc84f1":76,"554ebb83":87,"3a1b9af5":87,"fb44fa9c":101,"408bb2ed":73,"28d41578":85,"26009d3f":80,"cd95f558":90,"90731976":85,"0cb80f4a":80,"08a4c3f8":91,"1db42092":100,"6490bac6":79,"4dac6b20":74,"cd421290":78,"0149e11a":77,"93e8cee5":98,"ce4da56f":88,"ee21ad02":94,"fef750ca":88,"bf30a08f":100,"478d2d4f":98,"7735c3c2":79,"0e2b5d2f":94,"d929098e":70,"f5e8dfee":98,"ea4d3f3e":99,"a567ace4":88,"afe8e06a":79,"11b2c8d9":80,"fafb4cc2":113,"a472532e":78,"731fc335":71,"6023df54":86,"ec110282":98,"6e44927f":74,"4bc46d7a":82,"10ec5a0b":82,"056ea7ff":93,"af7e5be8":94,"6a5b71b4":88,"0d28db94":81,"4930f321":78,"0d7d88f1":79,"d8475b95":67,"9c58dd76":100,"ad8f85d6":93,"6be9332a":82,"2c24d929":95,"9fc713b0":88,"b460f030":101,"cbb54a0a":71,"835358a0":79,"22234d6b":90,"ea822700":71,"7db3edda":85,"fb7482fe":78,"c793cdda":85,"64db4feb":103,"bfcb912a":87,"a6003226":82,"aa9ea5e8":79,"dc473de1":84,"47cfba38":79,"72805bf5":74,"805534ac":83,"6b9eff39":86,"b2c25d1c":80,"8e780922":87,"9267f0ef":99,"470d50c2":86,"f3992a31":88,"168e75d9":90,"6fb4cdda":95,"7a9344a4":106,"b6591e25":84,"0d5ee801":72,"e62d705f":76,"56d315d8":73,"a8726d50":72,"d634aa28":104,"e1571af7":87,"859545e6":70,"df2b4d87":82,"7043382d":88,"4c39240e":90,"263762cb":77,"b1f58563":88,"3712c4bd":78,"51f57142":99,"558d5ce7":85,"d6320619":88,"d2a841c9":71,"affb82bf":91,"8dd2684c":93,"25a7a0a3":84,"37fbb107":99,"ccf8b803":77,"a1921150":92,"088feee2":95,"f2364460":98,"93fdbb44":70,"3f2522c2":83,"c318d350":94,"004f1ef3":104,"095ab3b4":76,"9263c525":85,"ef16ca37":89,"e8f173b5":83,"1623fc9f":88,"b5ce0c0c":93,"3ef7432b":86,"792c9b6a":71,"1be05c14":76,"ee75b607":85,"dffa7793":62,"1bb4ccc0":85,"a8c93bed":87,"8bc04eb5":77,"6c20c153":82,"cfafcda8":88,"11b74e63":80,"dd3913d2":86,"70ee0491":69,"00cf385d":96,"b87158fb":92,"30c184b8":95,"8721056e":79,"7ae34c64":96,"810aa5e9":90,"3101354b":76,"b2cfdbcf":85,"012de09c":79,"5f0c1b9d":97,"8db5a165":71,"95539a58":69,"597c1f81":87,"0785820e":91,"619fda68":99,"cf9f4757":78,"7218c9f1":72,"9aa6a054":84,"8c6e001f":74,"2d1e1e9d":81,"820225e4":71,"d0e9a58e":75,"379184a7":100,"159ffd0b":67,"e36dfd6f":82,"3a1b9af5":88,"0b5a0408":85,"a43061ee":77,"d82592f4":92,"cbad3b92":102,"03dcfa3d":89,"a0b03218":90,"27c8e038":98,"12a2cd4b":95,"99e171db":88,"2d13e69b":83,"9ab755d3":80,"f271ed5d":98,"88b3bc99":83,"383e232d":82,"39ba00f0":90,"a6626a13":73,"725dce8b":99,"a6003226":83,"7af9d3b1":95,"af034fee":77,"031e488e":89,"c93c3508":69,"c852d240":86,"6490bac6":80,"6b9eff39":87,"0a96f57a":97,"26dd2000":92,"53431634":102,"2e3503e4":89,"f734c84c":111,"93683c82":77,"07107f6e":89,"0a92153e":90,"4ee62a26":79,"acac14fb":81,"56d315d8":74,"c0fea118":82,"0c0e98ea":82,"3498f223":77,"754f98c9":86,"94a2fe10":92,"0d5ee801":73,"142d6987":93,"7043382d":89,"88fa53d6":74,"4577b333":86,"24ffcbd3":96,"6cba74ce":80,"0277d748":94,"172217e5":94,"7080f122":78,"eeaa2d46":92,"b9a48a5c":71,"affb82bf":92,"0f1ac912":76,"48efc739":104,"77d35808":88,"3712c4bd":79,"e238f09b":87,"2c5c1dc0":83,"8e4c33d2":95,"b1f58563":89,"c0b7e7d7":71,"31f6d707":102,"332820ce":91,"259930ee":98,"4fd645f1":74,"3bad3c95":70,"4ba6eb36":91,"0d2c95fe":77,"935ec056":73,"04bef50c":64,"91b28f83":90,"ad2d7bed":90,"9cb4697f":96,"eebc8d43":91,"1bb4ccc0":86,"b102f7bd":87,"7ee7621c":89,"fe8f3d36":72,"831c7b85":89,"a567ace4":89,"c463799d":92,"cd522166":99,"906fdec3":76,"537634c9":77,"a5fd8ffd":90,"7896b953":90,"7c0a2db6":88,"d9a64845":84,"49910300":82,"8323d333":75,"e7e82473":103,"4f5e3e7d":77,"379184a7":101,"3c782bb3":84,"761cf820":83,"a6bcb07e":98,"489a39f7":76,"e36dfd6f":83,"b2bd8fd3":83,"812b4f15":75,"04612878":90,"12271e14":84,"17807120":90,"23760167":79,"36684155":87,"9d63c4dd":80,"650bb0e0":92,"5957df9e":83,"fd369c21":96,"2f455cce":91,"508aac3d":88,"a1370ab0":89,"aec074c4":96,"5eaa1581":82,"e58b26f6":87,"71a2a493":63,"2d13e69b":84,"bb8a6337":80,"c793cdda":86,"af034fee":78,"64db4feb":104,"a2c334e7":103,"8eb64769":78,"0f72f2d8":84,"69eeae0d":83,"53b4e647":97,"7218c9f1":73,"10ec5a0b":83,"9fce073c":87,"cc5a1d47":75,"91536e85":93,"7fb4c521":83,"93e8cee5":99,"27d8bf51":90,"4295ce9a":95,"21ad2f34":82,"26dd2000":93,"547903ef":100,"25e0dd3d":90,"e1618359":90,"ebdbf580":88,"fe578280":82,"a3253019":81,"655954ba":85,"3b690f68":102,"66497c7e":85,"104721f0":85,"f883d582":83,"8e99d5d0":92,"906632cb":82,"30fdcd3b":84,"ca6d2d91":89,"c8977844":89,"6de0aaac":82,"b9a48a5c":72,"945b63f0":112,"a77e8461":84,"3661e12d":81,"0277d748":95,"7d6895f4":86,"95d3d348":81,"3a204e56":94,"83086d4c":95,"5623817d":89,"016953e4":97,"363590c7":89,"836701f6":75,"dac109cf":84,"75ffea08":86,"d141db49":80,"d9d7c4c2":97,"ca7d47f7":87,"c0b0f492":98,"4fd645f1":75,"5b5fc566":82,"f0a06216":83,"1a442bc7":91,"a6b5e869":80,"7fef9973":93,"733c86f8":87,"4258c176":82,"a8c93bed":88,"935ec056":74,"e35a63cd":90,"25a2844e":88,"eb2e1983":80,"78b97937":94,"6a7392d5":76,"aa867541":75,"7c0a2db6":89,"906fdec3":77,"6023df54":87,"42cd2360":78,"56473430":92,"7896b953":91,"b7407bd3":80,"00554ffd":95,"8cf83787":73,"b35e9e1a":118,"e8f173b5":84,"b8397293":80,"1438fad7":90,"4f5e3e7d":78,"59431390":90,"9263c525":86,"cf84fb54":93,"1ff8c2fc":89,"1138796e":94,"868edcc0":95,"804d4dfa":82,"1d790491":92,"f66616b7":89,"66d94227":75,"1a0189c4":83,"088feee2":96,"d957f027":79,"c98d5272":95,"9fa62fee":83,"ef1c2dcb":86,"7e991ab9":70,"92efd84f":87,"6a3eaf43":84,"72d7b461":96,"b947257e":102,"3c18f28e":83,"d6d61bfc":91,"b7cc7909":83,"725dce8b":100,"64db4feb":105,"5e09f69e":90,"2198ba8e":78,"ac62fac2":103,"bad6cdb1":88,"1c3a30c5":87,"468fc85c":87,"17807120":91,"07f98660":95,"43d87483":86,"10ec5a0b":84,"9aa6a054":85,"0785820e":92,"9f74b8a4":80,"7a4c064c":93,"44ff8baa":78,"53747a91":89,"07107f6e":90,"ab7467de":101,"c650b434":101,"5c82d1ce":87,"4295ce9a":96,"754f98c9":87,"b215547b":81,"69134f07":85,"a3253019":82,"4c4aa2e2":90,"1247fa52":88,"696fdac5":88,"d70ca4f4":100,"a8726d50":73,"31408822":77,"74e3d13e":85,"ec2cb1af":87,"6d339d45":75,"f2ca27d9":80,"2cb29e5a":102,"22176537":79,"623c6a31":91,"3f65f121":90,"dc583e64":96,"1da771fb":83,"eda6a690":74,"f6fe095d":103,"016953e4":98,"39bbc4bc":101,"578f6e9e":96,"b6591e25":85,"430a5db5":96,"d0c104c4":65,"bb98a6cf":101,"28d40296":68,"3fdb08f5":91,"c015ec5a":87,"65a00a3c":86,"859545e6":71,"e786063b":87,"4777334c":77,"bf30a08f":101,"2882a956":86,"91b28f83":91,"1bc0591f":88,"ae99df30":87,"bd62d7ed":75,"d83870f5":84,"8f10fa42":108,"d815c5b4":104,"b87158fb":93,"79be29c8":84,"7fdc2007":82,"25a2844e":89,"78b97937":95,"d5dae4c4":105,"f789f6d8":101,"83b2f9c5":97,"8db5a165":72,"8c6e001f":75,"9260d96b":104,"8d000d6e":79,"0114160e":92,"8298e976":107,"3a1b9af5":89,"69f3bfcc":87,"f9c15fcc":94,"554ebb83":88,"cf84fb54":94,"05642105":87,"67f6e4f2":88,"489a39f7":77,"a24e6670":90,"e99318a3":79,"39a2fcce":75,"9ceb5439":76,"b8ab8e6e":83,"37fbb107":100,"e15fd611":73,"f66616b7":90,"a625328f":97,"cbb54a0a":72,"aa5dfdf5":87,"dd7acb96":84,"d0d6acb1":74,"884b0ad1":84,"3062379b":74,"6867261a":78,"d6d61bfc":92,"288a2c43":78,"87922532":97,"12a2cd4b":96,"56752a4a":76,"eed20185":96,"87ce8d1d":72,"13f0e139":82,"ad8f85d6":94,"ec110282":99,"49cb2959":97,"a851891c":73,"629800eb":96,"2ce1af05":74,"ba938220":81
1604737525636,"0d7d88f1":80,"ad303bda":89,"d5059415":89,"0d28db94":82,"6490bac6":81,"e1f0dbfd":94,"e2cbe594":78,"18d20aa1":81,"a0cca8b7":75,"9a80f004":77,"26dd2000":94,"dbc9df44":68,"9b742f71":79,"8e99d5d0":93,"d548635d":82,"7f86be64":91,"6841f77e":93,"91b28f83":92,"bf30a08f":102,"eebc8d43":92,"aa187e3b":73,"e0e48a2d":87,"f67de058":85,"9cb4697f":97,"c510bfd3":97,"f5e8dfee":99,"54d7de6b":101,"7bda83dd":85,"cd522166":100,"2a76f1dd":75,"8db5a165":73,"b28a5e67":92,"a836aa93":93,"c382f054":93,"5ccf94d6":86,"5cd3cfe0":73,"d70ca4f4":101,"a4f1d83b":94,"4360a1a3":99,"902f49f5":87,"26ed1a5c":86,"e786063b":88,"7043382d":90,"30c5d755":99,"859545e6":72,"5ab7bc35":91,"014460b9":105,"3bad3c95":71,"71ba7561":85,"906fdec3":78,"345c9967":77,"7c0a2db6":90,"537634c9":78,"ef91eaae":69,"af7e5be8":95,"7218c9f1":74,"cb142908":81,"c803b4a3":89,"0785820e":93,"a85d89cc":80,"71a2a493":64,"74e3d13e":86,"a2c334e7":104,"bfcb912a":88,"8547fbc2":85,"12012fbd":87,"6cba74ce":81,"ec2cb1af":88,"bb99c79c":88,"ef8321d8":81,"945b63f0":113,"a851554d":96,"6490bac6":82,"2209903e":89,"26dd2000":95,"21e10a2b":87,"7bebff03":75,"40e79dd3":81,"31d74eee":80,"c81b2bcf":78,"bad1a1cc":73,"36684155":88,"99e171db":89,"e99318a3":80,"37fbb107":101,"1f7607df":77,"84b767be":102,"1f342a00":92,"39ba00f0":91,"272c7672":87,"9ab755d3":81,"c793cdda":87,"6ee92259":88,"bd2705b0":106,"c1bb74f2":81,"16b476e9":81,"dc0c8b09":103,"00cf385d":97,"6c524f99":81,"b0869206":93,"9a07d89b":92,"ba586505":81,"55928ef1":89,"d83870f5":85,"eb2e1983":81,"fead11cf":79,"104721f0":86,"1a2c020b":74,"acac14fb":82,"754f98c9":88,"36380d96":96,"bd984a8e":88,"d548635d":83,"f1b493de":96,"1e7753d9":105,"902f49f5":88,"8db62558":88,"74f234c6":95,"0c0e98ea":83,"dae0f922":88,"cc6bbe45":76,"b5ce0c0c":94,"ea6de194":94,"ca7d47f7":88,"24ffcbd3":97,"88fa53d6":75,"c0b0f492":99,"5f96c2bc":75,"7ae34c64":97,"a472532e":79,"012de09c":80,"4abb7aed":85,"fe44fc6f":86,"8a165e17":90,"d2466211":107,"a77e127d":65,"f5cd79c1":79,"c318d350":95,"3712c4bd":80,"437fc3ec":87,"014bdff0":94,"eda6a690":75,"00554ffd":96,"629800eb":97,"869cbaa0":102,"d5059415":90,"9496f56f":94,"5a734022":80,"227006e4":82,"3a1d1632":66,"162a7348":88,"71279c46":80,"8d04852b":88,"0681c48e":98,"57540cc3":93,"b946e146":101,"7080f122":79,"f2f58418":77,"2cb29e5a":103,"d2a841c9":72,"21ee2afe":92,"4930f321":79,"ef14000f":91,"27d8bf51":91,"5a622a23":87,"e2cbe594":79,"e1f0dbfd":95,"da3437cd":75,"7bebff03":76,"26dd2000":96,"9260d96b":105,"7a2f3f06":80,"8b2b601d":84,"c7c4ec5c":77,"36fb15d2":89,"e7e82473":104,"5acaa06f":68,"4ff2225d":83,"7ae3fc50":80,"cf50e84e":93,"e0f7679f":74,"54a676d6":75,"1438fad7":91,"23080895":73,"56752a4a":77,"3e602573":78,"24d24fa3":85,"03c398d2":89,"2d382981":86,"d82592f4":93,"36b7003c":110,"8a52882e":86,"1634789b":89,"36684155":89,"6adce358":99,"d5557fb4":97,"93fdbb44":71,"26c390d6":80,"70bc8325":79,"2d54e0a8":74,"ef1c2dcb":87,"d0d6acb1":75,"3c6692a3":104,"d1ca5d6b":96,"935ec056":75,"abad2347":86,"a59a8290":80,"8b5a8e9f":105,"4652b09a":108,"dfcc2ad1":100,"16b476e9":82,"8bc04eb5":78,"e5b1abc6":77,"9f2b16a7":88,"6fb4cdda":96,"c382f054":94,"704bce0d":88,"77300e4a":79,"c21ab51e":68,"1e232870":91,"4ee62a26":80,"1e7753d9":106,"f883d582":84,"dae0f922":89,"f4634d0b":75,"430a5db5":97,"ca6d2d91":90,"4c39240e":91,"1623fc9f":89,"f8b31ce5":109,"57167c74":88,"0b959527":83,"805af3c7":91,"c4e70c07":85,"dd3913d2":87,"93b0a158":88,"79be29c8":85,"be3a10f8":101,"fef750ca":89,"83b2f9c5":98,"fafb4cc2":114,"345c9967":78,"28654c76":96,"69eeae0d":84,"4abb7aed":86,"b2cfdbcf":86,"e238f09b":88,"a58bf525":89,"f1dffa24":68,"8dd649a3":78,"836701f6":76,"317c1591":90,"3712c4bd":81,"74e3d13e":87,"a1370ab0":90,"a47abfbb":76,"5774ac0d":94,"5e09f69e":91,"51f80f4c":90,"162a7348":89,"eeaa2d46":93,"49902219":100,"30dd2edc":96,"bc021def":98,"558d5ce7":86,"0277d748":96,"8cc4a982":85,"0d7d88f1":81,"a85d89cc":81,"597c1f81":88,"6a5b71b4":89,"95539a58":70,"4930f321":80,"cc5a1d47":76,"fb8bfb36":100,"93e8cee5":100,"8ea21393":82,"6490bac6":83,"48efc739":105,"bda8cdfb":89,"a939b50b":88,"ccf8b803":78,"9d63c4dd":81,"254cc28c":97,"394dc144":85,"bca2d7cd":89,"b5763ff6":70,"b8397293":81,"f9c15fcc":95,"fa55f27a":100,"408bb2ed":74,"e0e6a097":84,"28d41578":86,"06073f13":90,"159ffd0b":68,"69f3bfcc":88,"49bf2e95":65,"cf84fb54":95,"6d802fa2":79,"bab97de3":98,"5678ed7b":105,"f1098793":86,"24d24fa3":86,"99d130c9":100,"3e602573":79,"8eb64769":79,"26c6fa34":84,"56752a4a":78,"37d0cae2":86,"1bc0591f":89,"11b74e63":81,"5f4102da":90,"ecfa8249":97,"8f9b74b0":75,"40e79dd3":82,"288d171f":82,"1a2c020b":75,"4e3f5178":92,"e9679ede":79,"36380d96":97,"e1618359":91,"d548635d":84,"31408822":78,"c2bb8aae":81,"74f234c6":96,"0b959527":84,"1f11812e":92,"4c39240e":92,"ddec9e54":85,"ba30e43a":103,"66497c7e":86,"7043382d":91,"059d6c19":103,"2045d7d6":78,"d6f0d94a":77,"a81a857c":86,"fe8f3d36":73,"f0a06216":84,"a59a8290":81,"1bb4ccc0":87,"78467b8a":98,"d815c5b4":105,"1105f790":89,"abad2347":87,"c0b23081":93,"cfafcda8":89,"abc1d7ad":98,"f905a555":79,"fd482491":97,"71e53c93":92,"781ace7d":89,"83b2f9c5":99,"dd035d2a":86,"263762cb":78,"c95719e5":79,"60e855ee":92,"9a3cc55d":75,"d1676e89":82,"ea9bba6b":80,"cbb54a0a":73,"de6213c7":86,"084cbc0b":80,"6a3eaf43":85,"a6626a13":74,"6df0b2e8":103,"d6d61bfc":93,"57d5dee8":95,"40860a4b":70,"76f3a3be":84,"1ed46298":104,"f94bf9ea":87,"7080f122":80,"77bfed7e":84,"c8113b77":74,"053f3451":85,"2ce1af05":75,"6034b6d0":97,"d4ee22a4":94,"30b6808c":82,"3c43e8a2":92,"06073f13":91,"e0e6a097":85,"3652bd66":86,"4f5e3e7d":79,"7a2f3f06":81,"06ddafc7":76,"792c9b6a":72,"0d2c95fe":78,"b4fdf90e":89,"de36827b":106,"7732eb1e":100,"e81834aa":100,"e0f7679f":75,"013ee301":84,"ad8f85d6":95,"23080895":74,"be1746a0":79,"01cd8099":92,"99d130c9":101,"dfc89705":87,"0f72f2d8":85,"22ecaed0":77,"217c0327":63,"a77e8461":85,"f87c5031":75,"49902219":101,"36d340f2":74,"90d52475":85,"f4b2f575":70,"6e98dfda":86,"faf3ed07":79,"5f7d7195":90,"527ff946":93,"44a4f7cd":85,"daab45c6":87,"2209903e":90,"a0ce82b4":92,"27d8bf51":92,"21e10a2b":88,"53747a91":90,"77898c22":75,"bd984a8e":89,"f76a3e83":90,"9b172ca8":75,"470d50c2":87,"e1618359":92,"ebdbf580":89,"b3863630":78,"cc11fef9":96,"6f81493d":82,"5272520d":82,"40a745c0":89,"93683c82":78,"e1571af7":88,"d634aa28":105,"ca6d2d91":91,"7043382d":92,"44c77422":90,"7e76c93c":97,"82204d54":83,"c510bfd3":98,"c0b23081":94,"4c0e547b":87,"e382ec3f":73,"6a7392d5":77,"1757a30e":81,"a8c93bed":89,"ba586505":82,"e5b1abc6":78,"5eab91a0":90,"9d023afb":97,"0d770b97":91,"04cc7cbe":80,"195eb771":84,"b2cfdbcf":87,"5099c6a0":106,"004f1ef3":105,"6b79fec2":80,"e238f09b":89,"5781776a":91,"fafb4cc2":115,"fe44fc6f":87,"74c26380":85,"a472532e":80,"731fc335":72,"26c390d6":81,"b947257e":103,"50c3164b":97,"6e851762":73,"84b67924":93,"9fa62fee":84,"f4726450":82,"51f80f4c":91,"6df0b2e8":104,"3a1d1632":67,"40860a4b":71,"aec4e1bf":85,"1ed46298":105,"288a2c43":79,"629800eb":98,"c38c2b52":83,"6f39f4d9":101,"e5d3655c":98,"ca7d47f7":89,"014460b9":106,"6a5b71b4":90,"7a4c064c":94,"d5059415":91,"0d7d88f1":82,"af157d29":83,"e9adbe58":83,"53a8613c":103,"9a467a82":87,"140ce69e":86,"ac38a6a5":95,"2cb29e5a":104,"99e171db":90,"c6c85783":98,"8dc9b4db":93,"3a204e56":95,"cfe72ead":69,"b35e9e1a":119,"4ac6bd4e":75,"36fb15d2":90,"7a6aa4b6":88,"7732eb1e":101,"bbe71605":80,"b7407bd3":81,"1bd5b20b":93,"d6db2b02":97,"8b2b601d":85,"a4dafea5":83,"0d2c95fe":79,"4b3e3b1c":90,"aa00769b":102,"24d24fa3":87,"a0bc1ceb":87,"a0b03218":91,"f1098793":87,"c609739e":87,"9fc713b0":89,"72b84094":105,"0149e11a":78,"ab7467de":102,"2ad42a9e":87,"27d8bf51":93,"261c9911":94,"805534ac":84,"acac14fb":83,"f33c0140":86,"5be594be":84,"d34a29b9":100,"288d171f":83,"c0fea118":83,"972f4174":102,"026766f3":82,"f4634d0b":76,"56d315d8":75,"142d6987":94,"bb98a6cf":102,"e32524d6":89,"c463799d":93,"0042f6eb":86,"04bef50c":65,"05f6ab35":81,"5acce642":90,"9a07d89b":93,"e6ec8cbf":95,"c0b23081":95,"7bda83dd":86,"2352c8ef":78,"1757a30e":82,"ec11fe5f":75,"124fbe96":82,"8bc04eb5":79,"b2cfdbcf":88,"b28a5e67":93,"3c0df8b4":92,"1d790491":93,"9d9dd9e5":80,"66d94227":76,"d1fe2868":90,"842c8340":77,"fd07e0ed":87,"6e851762":74,"2f455cce":92,"92efd84f":88,"dd7acb96":85,"8cd78f77":104,"c793cdda":88,"e9a8cf11":84,"f94bf9ea":88,"c4bff41f":89,"5f6613c8":71,"4911acad":69,"5e09f69e":92,"71a2a493":65,"fd482491":98,"ec110282":100,"d9a64845":85,"345c9967":79,"430a5db5":98,"4c39240e":93,"906632cb":83,"ea6de194":95,"c4e70c07":86,"2af60749":95,"c0b0f492":100,"9bdf362a":75,"c8113b77":75,"cb142908":82,"53b4e647":98,"7566fdd6":100,"91536e85":94,"2b698053":85,"af7e5be8":96,"a40846b7":94,"b769bdfb":93,"016953e4":99,"77d35808":89,"09ff339a":72,"3f2522c2":84,"42191b64":72,"fe0df575":104,"8c6e001f":76,"8f2a7d69":80,"ea274174":93,"de36827b":107,"fa55f27a":101,"6f0fcb9d":92,"ce4da56f":89,"36fb15d2":91,"54a676d6":76,"6d802fa2":80,"32c9fc47":85,"e7e82473":105,"05642105":88,"23080895":75,"a5aee5de":109,"468fc85c":88,"dd1fcb17":79,"27c8e038":99,"bc021def":99,"15620dca":98,"6cba74ce":82,"affb82bf":93,"f3d68430":93,"25a7a0a3":85,"08c6b5d2":89,"72b84094":106,"9a80f004":78,"c650b434":102,"ded7da5a":93,"26dd2000":97,"44ff8baa":79,"da3437cd":76,"e7abc88d":73,"f121b82c":96,"ab7d4c9a":82,"dcf85091":73,"0a92153e":91,"be2955bb":88,"2e3503e4":90,"8db62558":89,"66497c7e":87,"82204d54":84,"f56ac638":74,"935ec056":76,"c463799d":94,"73b15e04":89,"aefe13f5":92,"7fdc2007":83,"9cb4697f":98,"70ee0491":70,"290b4714":83,"d815c5b4":106,"dd3913d2":88,"e6ec8cbf":96,"a66a2d8a":103,"2352c8ef":79,"04bef50c":66,"2b3e4717":86,"8a52882e":87,"394dc144":86,"a983a6dc":82,"449d8475":85,"650bb0e0":93,"23760167":80,"b947257e":104,"911e770b":93,"d552eb2f":95,"5a07fc2e":75,"22234d6b":91,"9ab755d3":82,"c793cdda":89,"68562193":75,"5f6613c8":72,"4911acad":70,"181c3dd5":87,"0ecfa1c9":83,"6867261a":79,"6632fed0":95,"f905a555":80,"5f96c2bc":76,"345c9967":80,"195eb771":85,"d9d0c567":89,"28654c76":97,"ae016053":93,"30dbfc69":81,"66b7b5b4":81,"ca6d2d91":92,"cd3bbe7e":86,"5ab7bc35":92,"1623fc9f":90,"be40590d":86,"e786063b":89,"88fa53d6":76,"e3547548":77,"3bad3c95":72,"0b959527":85,"07f98660":96,"7566fdd6":101,"9496f56f":95,"6a5b71b4":91,"53b4e647":99,"0bfabf48":80,"619fda68":100,"3712c4bd":82,"f2470875":100,"eda6a690":76,"6ce84ff8":79,"42191b64":73,"22aeaf03":83,"7ee148e9":84,"50312237":92,"9260d96b":106,"336d0f08":93,"7a6aa4b6":89,"17b08923":87,"6db0ea86":94,"8f2a7d69":81,"00554ffd":97,"1438fad7":92,"d9dcdc4b":106,"08a4c3f8":92,"b36a0d66":74,"95bc84f1":77,"045f280d":89,"0eaf08da":94,"fd6dcb20":83,"9c045c61":91,"88432019":85,"6d5fcd4c":93,"315537b2":82,"623c6a31":92,"d1715f3b":92,"e1f0dbfd":96,"4eed1bea":89,"92136ff5":93,"7e8e1c3d":79,"c8dc010f":102,"6bc5d32a":105,"c455f40e":77,"e0154608":79,"1a68160d":90,"dbc9df44":69,"ebdbf580":90,"ab7d4c9a":83,"168e75d9":91,"655954ba":86,"b6aaf976":98,"b460f030":102,"73b15e04":90,"a543ec74":87,"2d382981":87,"481754fc":71,"bec9d329":94,"33d6bb6a":77,"9d4f1fe6":82,"7af262e5":90,"78b97937":96,"54d7de6b":102,"1105f790":90,"a6b5e869":81,"ec11fe5f":76,"51a3e9c2":92,"b8ab8e6e":84,"9ceb5439":77,"97e75c19":102,"2a387957":92,"f2364460":99,"1634789b":90,"5339e1e9":80,"eb7b4e29":75,"d0d6acb1":76,"fd369c21":97,"f069bb07":83,"272c7672":88,"6e851762":75,"0fc5ac7e":106,"47cfba38":80,"13747b82":86,"f94bf9ea":89,"60d6cee2":89,"a1370ab0":91,"3c18f28e":84,"74e3d13e":88,"0e2b5d2f":95,"7f6d1d0e":102,"25a2844e":90,"d929098e":71,"d9d0c567":90,"a5676c24":84,"cf1b8c47":99,"a15713c6":97,"f905a555":81,"61f25dd4":104,"db703021":80,"7cd0ad7b":98,"4360a1a3":100,"0af920d8":68,"c3e6ef01":98,"6f81493d":83,"b5ce0c0c":95,"49b358bd":86,"ba30e43a":104,"2154b6e8":82,"28d40296":69,"fce3c5c6":75,"a577db1c":74,"5ef93e5d":66,"7c0a2db6":91,"9c29f0ed":100,"ac030e74":76,"e57d5cda":99,"53b4e647":100,"cc5a1d47":77,"7e95c5a0":84,"9fce073c":88,"f6fe095d":104,"f5cd79c1":80,"e45b4b53":73,"27f52ed3":106,"971675c5":92,"3a204e56":96,"695a2b92":80,"2e99f8fd":78,"1ff8c2fc":90,"8298e976":108,"3652bd66":87,"ce4da56f":90,"554ebb83":89,"3a1b9af5":90,"1db42092":101,"d33790a2":97,"3c782bb3":85,"e9adbe58":84,"21ee2afe":93,"865d9857":69,"6cba74ce":83,"fd6dcb20":84,"3454fa2b":77,"0277d748":97,"da3437cd":77,"3007f31f":85,"2209903e":91,"201cafad":78,"c455f40e":78,"a851554d":97,"c8dc010f":103,"34c5c729":90,"a3253019":83,"696fdac5":89,"8323d333":76,"013ee301":85,"b552beb3":84,"ae8a09c4":83,"28d41578":87,"4febf7c5":93,"458dcc3d":92,"4b4ef7fa":87,"35b58ef9":80,"742f1425":81,"e6fac295":71,"c463799d":95,"6e98dfda":87,"6adce358":100,"ccf8b803":79,"b8ab8e6e":85,"789bd484":82,"50d129cf":80,"c98d5272":96,"dd7acb96":86,"d0d6acb1":77,"084cbc0b":81,"6e851762":76,"7db3edda":86,"884b0ad1":85,"0d2a1c58":76,"5774ac0d":95,"540df50f":96,"3a1d1632":68,"5eaa1581":83,"8d04852b":89,"91b28f83":93,"b3f19a69":83,"f5e8dfee":100,"ee21ad02":95,"9a3ab0b8":71,"cb4f262b":87,"f67de058":86,"733c86f8":88,"6ee92259":89,"92ca52b7":95,"16b476e9":83,"30c184b8":96,"79be29c8":86,"313258f2":82,"c382f054":95,"d548635d":85,"e9679ede":80,"501db4de":89,"58d46189":100,"7cd0ad7b":99,"026766f3":83,"40a745c0":90,"cf1124db":76,"db703021":81,"d033db8d":92,"5ab7bc35":93,"b320feb9":86,"d6f0d94a":78,"65a00a3c":87,"ce3bf5db":77,"49b358bd":87,"3bad3c95":73,"d5dae4c4":106,"a15713c6":98,"abc1d7ad":99,"aa867541":76,"a5676c24":85,"5f96c2bc":77,"93b9fae6":77,"6f39f4d9":102,"7566fdd6":102,"50c468ba":82,"263762cb":79,"f2470875":101,"5410e9c6":93,"a77e127d":66,"6d61bf13":78,"e45b4b53":74,"8274885a":97,"2b698053":86,"53b4e647":101,"c38c2b52":84,"b35bb8a1":76,"32133249":96,"0277d748":98,"21ee2afe":94,"b946e146":102,"6cba74ce":84,"b9a48a5c":73,"af157d29":84,"01d817b8":79,"bc09fa9e":81,"261c9911":95,"26dd2000":98,"547903ef":101,"feb67030":85,"40e79dd3":83,"fb8bfb36":101,"1b153aef":87,"b552beb3":85,"36fb15d2":92,"8aa78e2f":84,"554ebb83":90,"66554572":67,"b4fdf90e":90,"1be05c14":77,"f1862e79":71,"26009d3f":81,"3a1b9af5":91,"59431390":91,"49bf2e95":66,"87ce8d1d":73,"1f88a4b7":95,"b2bd8fd3":84,"481754fc":72,"6ebe2354":73,"baebb391":95,"64a7f79f":79,"dd1fcb17":80,"97e75c19":103,"9d63c4dd":82,"b8ab8e6e":86,"c6c85783":99,"48efc739":106,"99e171db":91,"4ed01268":82,"dd7acb96":87,"92efd84f":89,"5a07fc2e":76,"d0d6acb1":78,"2d13e69b":85,"2a06ab95":92,"1f7607df":78,"4911acad":71,"6841f77e":94,"f67de058":87,"95d331b1":75,"25a2844e":91,"00cf385d":98,"b102f7bd":88,"51a3e9c2":93,"9a3ab0b8":72,"7735c3c2":80,"7bda83dd":87,"11b74e63":82
1604737526578,"685207b3":90,"5e193fc8":93,"501db4de":90,"8e780922":88,"d34a29b9":101,"c21ab51e":69,"be2955bb":89,"7cd0ad7b":100,"26ed1a5c":87,"0c0e98ea":84,"dae0f922":90,"30c5d755":100,"b6591e25":86,"3fdb08f5":92,"08a06557":107,"381c68fa":92,"c8977844":90,"c4e70c07":87,"e3547548":78,"62d1d346":76,"5f620a1e":99,"6775d5cd":86,"1bc0591f":90,"ec11fe5f":77,"00a481e3":94,"0a1d11e6":73,"e865e4dd":80,"616d6dd6":85,"61145ec9":94,"7c0a2db6":92,"dd035d2a":87,"e45b4b53":75,"f2470875":102,"fb7b7b3c":97,"363590c7":90,"3712c4bd":83,"014bdff0":95,"b935fc1c":82,"07f98660":97,"77bfed7e":85,"e9a8cf11":85,"3c18f28e":85,"dcfaba4c":86,"c4bff41f":90,"a6003226":84,"a2c334e7":105,"175bc6b2":76,"be4f8ba8":86,"08c6b5d2":90,"a77e8461":86,"ef14000f":92,"d5059415":92,"ac030e74":77,"053f3451":86,"f7231212":86,"debe1f65":92,"c455f40e":79,"2b3c49b9":88,"4dac6b20":75,"792c9b6a":73,"e0f7679f":76,"95f6db13":79,"0cb80f4a":81,"6db0ea86":95,"3652bd66":88,"40569362":90,"26009d3f":82,"49910300":83,"08a4c3f8":93,"a4dafea5":84,"02d4753e":102,"d33790a2":98,"d6db2b02":98,"23080895":76,"a5aee5de":110,"64a7f79f":80,"eed20185":97,"01cd8099":93,"dd1fcb17":81,"be1746a0":80,"7d6895f4":87,"865d9857":70,"f5596d0f":94,"f4b2f575":71,"e99318a3":81,"254cc28c":98,"bda8cdfb":90,"b88033fd":91,"66d94227":77,"36684155":90,"b5763ff6":71,"0d2a1c58":77,"d744bee2":82,"272c7672":89,"2a06ab95":93,"bf30a08f":103,"b8488fc8":90,"d25e0f8d":97,"85de05f2":88,"5c82d1ce":88,"288d171f":84,"1247fa52":89,"c21ab51e":70,"8e99d5d0":94,"754f98c9":89,"d548635d":86,"1e232870":92,"31408822":79,"3f9b5722":78,"0c0e98ea":85,"381c68fa":93,"ea6de194":96,"026766f3":84,"e5d3655c":99,"ddec9e54":86,"4c39240e":94,"dae0f922":91,"49b358bd":88,"d9f512b9":94,"88fa53d6":77,"ce3bf5db":78,"c510bfd3":99,"93b0a158":89,"8007f30e":61,"aa187e3b":74,"ad2d7bed":91,"a59a8290":82,"7735c3c2":81,"8721056e":80,"ae99df30":88,"a5fd8ffd":91,"88ce179e":97,"0a1d11e6":74,"2a76f1dd":76,"d9a64845":86,"afe8e06a":80,"6023df54":88,"263762cb":80,"a77e127d":67,"8274885a":98,"8dd649a3":79,"95d3d348":82,"5781776a":92,"52eca0dc":88,"5f0c1b9d":98,"00a481e3":95,"7a4c064c":95,"aa5dfdf5":88,"d552eb2f":96,"081460bf":91,"2132fe93":95,"162a7348":90,"dc473de1":85,"725dce8b":101,"9f5e6cba":97,"47cfba38":81,"0e036ae9":101,"9c29f0ed":101,"f1df62b4":84,"e57d5cda":100,"ae95f2ba":103,"93b9fae6":78,"95539a58":71,"dc583e64":97,"95bc84f1":78,"e0e6a097":86,"e81834aa":101,"b377a62a":84,"95f6db13":80,"82b81567":79,"45fb95c1":91,"8245f916":71,"32c9fc47":86,"fa55f27a":102,"489a39f7":78,"ef16ca37":90,"2d1e1e9d":82,"8493f3b2":85,"be1746a0":81,"c609739e":88,"458dcc3d":93,"dfc89705":88,"cac4449a":79,"2d382981":88,"17807120":92,"945b63f0":114,"53a8613c":104,"a63bddd4":107,"f3d68430":94,"9c045c61":92,"9a467a82":88,"31d74eee":81,"6e98dfda":88,"cb6c9e42":100,"bda8cdfb":91,"a983a6dc":83,"9ceb5439":78,"72d7b461":97,"6751d8e4":101,"50d129cf":81,"f9f2c53f":79,"a0ce82b4":93,"44ff8baa":80,"e21c6207":81,"9d0546ac":81,"a0cca8b7":76,"92136ff5":94,"e7abc88d":74,"9f2b16a7":89,"104721f0":87,"e1618359":93,"69d4b754":82,"168e75d9":92,"efe84c27":80,"059d6c19":104,"b6591e25":87,"bb98a6cf":103,"d70ca4f4":102,"a4f1d83b":95,"fbdffc95":80,"d634aa28":106,"014460b9":107,"88fa53d6":78,"a8726d50":74,"44c77422":91,"a577db1c":75,"49b358bd":89,"ba586505":83,"6841f77e":95,"dfcc2ad1":101,"d1d40c9c":94,"0f89862c":84,"bd2705b0":107,"8f10fa42":109,"95d331b1":76,"a8c93bed":90,"7bda83dd":88,"e4c312fe":88,"30c184b8":97,"11b74e63":83,"9a3ab0b8":73,"43bc86e3":81,"363590c7":91,"836701f6":77,"83086d4c":96,"ea9bba6b":81,"012de09c":81,"42cd2360":79,"45b5746e":88,"ef8987d7":81,"56473430":93,"65e4235b":84,"d0d6acb1":79,"f4726450":83,"7e991ab9":71,"39ba00f0":92,"de6213c7":87,"9f5e6cba":98,"71279c46":81,"60d6cee2":90,"227006e4":83,"dc473de1":86,"bc3dc66a":91,"5e09f69e":93,"4f59a322":81,"9f74b8a4":81,"9496f56f":96,"056ea7ff":94,"869cbaa0":103,"28d40296":70,"4930f321":81,"8ac72326":75,"82868763":86,"3f2522c2":85,"7ee148e9":85,"b2703001":91,"08a4c3f8":94,"a4dafea5":85,"b8397293":82,"0114160e":93,"e0e6a097":87,"6d802fa2":81,"b377a62a":85,"45fb95c1":92,"f1862e79":72,"cf50e84e":94,"5f8517b7":108,"49bf2e95":67,"d6db2b02":99,"2198ba8e":79,"ae8a09c4":84,"aa00769b":103,"12a2cd4b":97,"6ebe2354":74,"792cfcbd":78,"0f72f2d8":86,"12dd6f5e":77,"1d153b20":88,"b9a48a5c":74,"ef8321d8":82,"f3d68430":95,"8cc4a982":86,"a63bddd4":108,"d5557fb4":98,"b8ab8e6e":87,"a939b50b":89,"1a0189c4":84,"77f31bab":92,"d1fe2868":91,"90d52475":86,"c45d554f":86,"70594a28":84,"daab45c6":88,"25e0dd3d":91,"21e10a2b":89,"ccb5ea3e":75,"e1f0dbfd":97,"53431634":103,"b2c25d1c":81,"6b78ad7f":93,"5e193fc8":94,"a4296d1e":93,"168e75d9":93,"90a06ee9":81,"026766f3":85,"430a5db5":99,"f4634d0b":77,"e62d705f":77,"74f234c6":97,"c7636527":76,"6e24d88b":83,"677c6a09":99,"20811ddf":78,"2bcca6a7":102,"e5b1abc6":79,"d39724bc":84,"935ec056":77,"9d023afb":98,"79be29c8":87,"fead11cf":80,"93b0a158":90,"78467b8a":99,"b3f19a69":84,"8063df14":78,"a59a8290":83,"a15713c6":99,"49cb2959":98,"a472532e":81,"d8e58a8c":94,"f789f6d8":102,"7e991ab9":72,"884b0ad1":86,"b5763ff6":72,"aec074c4":97,"7db3edda":87,"6a3eaf43":86,"6751d8e4":102,"17446892":83,"dc473de1":87,"aec4e1bf":86,"c852d240":87,"5ac86fb9":93,"6df0b2e8":105,"13747b82":87,"fafb4cc2":116,"00a481e3":96,"619fda68":101,"e28c2efc":81,"aab4d996":86,"66497c7e":88,"75ffea08":87,"719c8869":100,"14c682eb":81,"92f800f5":87,"1623fc9f":91,"cf9f4757":79,"d2466211":108,"7fb4c521":84,"869cbaa0":104,"9c29f0ed":102,"2c5c1dc0":84,"c0b7e7d7":72,"c95719e5":80,"363590c7":92,"6085137f":64,"2203f259":88,"39bbc4bc":102,"0d2c95fe":80,"5acaa06f":69,"8245f916":72,"1be05c14":78,"3652bd66":89,"1db42092":102,"8c6e001f":77,"411b5027":88,"1ff8c2fc":91,"d6db2b02":100,"0b5a0408":86,"00554ffd":98,"761cf820":84,"11888cfa":81,"cac4449a":80,"87ce8d1d":74,"12a2cd4b":98,"12271e14":85,"eeaa2d46":94,"d3e84616":105,"57540cc3":94,"0277d748":99,"7d6895f4":88,"f2ca27d9":81,"140ce69e":87,"97e75c19":104,"cb6c9e42":101,"842c8340":78,"ab7467de":103,"5a622a23":88,"debe1f65":93,"70594a28":85,"4295ce9a":97,"7bebff03":77,"3b7763b1":75,"1247fa52":90,"c21ab51e":71,"d548635d":87,"ab7d4c9a":84,"4b4ecbce":79,"3498f223":78,"b3863630":79,"906632cb":84,"94a2fe10":93,"ee75b607":86,"5b5fc566":83,"6c486702":98,"c27969ec":90,"71bc1295":85,"8eb64769":80,"04bef50c":67,"8b5a8e9f":106,"a59a8290":84,"a6b5e869":82,"0e2b5d2f":96,"7f6d1d0e":103,"1757a30e":83,"05f6ab35":82,"fead11cf":81,"e356abf1":96,"13b53c7a":88,"4bc46d7a":83,"ae016053":94,"08a561b7":84,"9d9dd9e5":81,"527ff946":94,"1634789b":91,"90d52475":87,"835358a0":80,"d744bee2":83,"fd07e0ed":88,"6e851762":77,"92efd84f":90,"af0b61ab":87,"884b0ad1":87,"57d5dee8":96,"e9a8cf11":86,"5e09f69e":94,"dc473de1":88,"a2c334e7":106,"24a9fb86":97,"c93c3508":70,"d5dae4c4":107,"1d44aff3":95,"2c6cb96f":74,"dd035d2a":88,"30dbfc69":82,"61f25dd4":105,"5272520d":83,"110b1ee3":92,"805af3c7":92,"57167c74":89,"f4634d0b":78,"7043382d":93,"fce3c5c6":76,"c0b0f492":101,"d9d7c4c2":98,"aa021138":94,"67c57de4":109,"9aa6a054":86,"869cbaa0":105,"385ab7c6":87,"10ec5a0b":85,"cf9f4757":80,"faf4f98b":93,"a40846b7":95,"9a3cc55d":76,"e7773397":74,"004f1ef3":106,"1951480c":85,"60e855ee":93,"8dc9b4db":94,"2cce4fb2":92,"1b153aef":88,"d6db2b02":101,"8323d333":77,"05642105":89,"f9c15fcc":96,"f277386e":68,"90731976":86,"1bd5b20b":94,"cfe72ead":70,"a3d4a0e5":93,"045f280d":90,"67f6e4f2":89,"a533489b":94,"24d24fa3":88,"558d5ce7":87,"d3e84616":106,"ccdd1ce6":85,"315537b2":83,"f5596d0f":95,"175bc6b2":77,"affb82bf":94,"cd421290":79,"40e79dd3":84,"d25e0f8d":98,"0149e11a":79,"e1f0dbfd":98,"e2cbe594":80,"ded7da5a":94,"c7313e0a":96,"53431634":104,"f598a332":84,"8e780922":89,"c85a0d80":88,"eed20185":98,"cf52025e":78,"64a7f79f":81,"804d4dfa":83,"a43061ee":78,"56752a4a":79,"f56ac638":75,"3b2dee89":87,"2352c8ef":80,"16b476e9":84,"e5b1abc6":80,"d4d5f466":85,"2bcca6a7":103,"91b28f83":94,"c463799d":96,"4652b09a":109,"cfafcda8":90,"2882a956":87,"cd522166":101,"2a76f1dd":77,"cf775f58":86,"789bd484":83,"91d52a55":87,"b8ab8e6e":88,"04643409":97,"7e15f8e8":87,"cb6c9e42":102,"3c6692a3":105,"70bc8325":80,"7e991ab9":73,"eb7b4e29":76,"39ba00f0":93,"fb7482fe":79,"0bd93cfd":73,"68562193":76,"12534561":74,"7af9d3b1":96,"74e3d13e":89,"ed4fad08":95,"24a9fb86":98,"e4714415":99,"1d44aff3":96,"08a561b7":85,"a15713c6":100,"b2cfdbcf":89,"61145ec9":95,"ae016053":95,"168e75d9":94,"ebdbf580":91,"66b7b5b4":82,"180377be":89,"db703021":82,"40a745c0":91,"1a2ec5d7":83,"b7505747":97,"c2bb8aae":82,"a577db1c":76,"142d6987":95,"719c8869":101,"37a7d5b0":96,"e32524d6":90,"92f800f5":88,"f8b31ce5":110,"3c0df8b4":93,"6f39f4d9":103,"7566fdd6":103,"d7cb9bcf":89,"ac030e74":78,"0d7d88f1":83,"d2466211":109,"abd32136":88,"f6fe095d":105,"42191b64":74,"83086d4c":97,"09f0db62":114,"e238f09b":90,"317c1591":91,"60e855ee":94,"3c782bb3":86,"b35e9e1a":120,"92d38723":94,"e8f173b5":85,"332820ce":92,"2d1e1e9d":83,"34658473":79,"820225e4":72,"06ddafc7":77,"cfe72ead":71,"b8397293":83,"e7e82473":106,"9e206c95":99,"30dd2edc":97,"945b63f0":115,"4d35385e":82,"172217e5":95,"623c6a31":93,"b9a48a5c":75,"44ff8baa":81,"0a96f57a":98,"8f9b74b0":76,"4dac6b20":76,"3ef7432b":87,"ab7467de":104,"bfad1727":74,"ea274174":94,"4945c851":95,"74e01f6a":77,"1c3a30c5":88,"458dcc3d":94,"13f0e139":83,"35b58ef9":81,"804d4dfa":84,"c609739e":89,"ad2d7bed":92,"e6ec8cbf":97,"1757a30e":84,"9d023afb":99,"5b5fc566":84,"be3a10f8":102,"1bb4ccc0":88,"78467b8a":100,"04cc7cbe":81,"0f89862c":85,"36b7003c":111,"7e15f8e8":88,"a939b50b":90,"842c8340":79,"04643409":98,"25d1b2d8":85,"77f31bab":93,"383e232d":83,"0fc5ac7e":107,"5747db6e":99,"2180f99b":90,"1f342a00":93,"72d7b461":98,"084cbc0b":82,"5a734022":81,"71279c46":82,"13747b82":88,"e9a8cf11":87,"0ecfa1c9":84,"24a9fb86":99,"57d5dee8":97,"062179c1":90,"6841f77e":96,"fef750ca":90,"f67de058":88,"fd482491":99,"8db5a165":74,"abc1d7ad":100,"6b78ad7f":94,"1a2c020b":76,"a836aa93":94,"34c5c729":91,"77300e4a":80,"79f04300":86,"ebdbf580":92,"902f49f5":89,"6e24d88b":84,"1a2ec5d7":84,"7cd0ad7b":101,"66497c7e":89,"3b690f68":103,"4777334c":78,"0841052c":88,"4def63ee":67,"14c682eb":82,"30c5d755":101,"25776fc4":94,"08a06557":108,"ffc86f94":67,"2dd0e808":85,"74c26380":86,"a472532e":82,"61145ec9":96,"9aa6a054":87,"a06a6430":79,"9c29f0ed":103,"d83294cd":86,"2b698053":87,"ad303bda":90,"19f9ca86":93,"2203f259":89,"39bbc4bc":103,"8dd649a3":80,"a40846b7":96,"6085137f":65,"9a3cc55d":77,"4ff2225d":84,"30b6808c":83,"12dd6f5e":78,"4d35385e":83,"a63bddd4":109,"be4f8ba8":87,"fd6dcb20":85,"b946e146":103,"558d5ce7":88,"2209903e":92,"79e4fa1c":81,"cd421290":80,"26dd2000":99,"70594a28":86,"2b3c49b9":89,"fb8bfb36":102,"5678ed7b":106,"d102b0c6":75,"b35e9e1a":121,"6db0ea86":96,"d36125db":96,"cfe72ead":72,"05642105":90,"8f2a7d69":82,"408bb2ed":75,"f044c0e1":69,"761cf820":85,"045f280d":91,"49bf2e95":68,"b2bd8fd3":85,"ac62fac2":104,"2198ba8e":80,"cac4449a":81,"bc392d1c":78,"742f1425":82,"a636f4c9":100,"f0a06216":85,"b0869206":94,"11b74e63":84,"c463799d":97,"8bc04eb5":80,"36684155":91,"e99318a3":82,"789bd484":84,"d957f027":80,"cb6c9e42":103,"a983a6dc":84,"c67979e6":103,"26c390d6":82,"92efd84f":91,"d552eb2f":97,"272c7672":90,"50c3164b":98,"f069bb07":84,"84b67924":94,"bfcb912a":89,"c64de0c0":77,"3a1d1632":69,"40860a4b":72,"03b4ab60":92,"e4714415":100,"bd62d7ed":76,"4258c176":83,"7fdc2007":84,"bf30a08f":104,"2a76f1dd":78,"5b5fc566":85,"b102f7bd":89,"fef750ca":91,"8007f30e":62,"5be594be":85,"c382f054":96,"acac14fb":84,"7f86be64":92,"69134f07":86,"3498f223":79,"31408822":80,"e7abc88d":75,"58d46189":101,"c8977844":91,"8db62558":90,"a68a93b2":79,"30c5d755":102,"49b358bd":90,"7a9344a4":107,"805af3c7":93,"026766f3":86,"d9d7c4c2":99,"ce3bf5db":79,"04ea5673":94,"dac109cf":85,"a901627e":75,"fafb4cc2":117,"d9a64845":87,"28654c76":98,"3101354b":77,"00a481e3":97,"dd035d2a":89,"9496f56f":97,"b935fc1c":83,"f5cd79c1":81,"d1676e89":83,"6d61bf13":79,"578f6e9e":97,"a58bf525":90,"095ab3b4":77,"7218c9f1":75,"f7231212":87,"50c468ba":83,"10ec5a0b":86,"ef91eaae":70,"7fb4c521":85,"0ecfa1c9":85,"315537b2":84,"bc021def":100,"4469c815":69,"7080f122":81,"0e036ae9":102,"be4f8ba8":88,"49902219":102,"e1f0dbfd":99,"4eed1bea":90,"efd23af5":86,"d25e0f8d":99,"df81ddee":82,"26dd2000":100,"c8dc010f":104,"f5829ac0":89,"6585adbe":74,"1438fad7":93,"792c9b6a":74,"cf84fb54":96,"cd95f558":91,"7732eb1e":102,"ef16ca37":91,"1db42092":103,"45b038bb":103,"6a60348e":78,"8493f3b2":86,"bbe71605":81,"49bf2e95":69,"a5aee5de":111,"23080895":77,"ae8a09c4":85,"cf52025e":79,"17807120":93,"9fc713b0":90,"a0bc1ceb":88,"1634789b":92,"527ff946":95,"48efc739":107,"1a0189c4":85,"bda8cdfb":92,"254cc28c":99,"842c8340":80,"dd7acb96":88,"d3a669ac":98,"d552eb2f":98,"cbb54a0a":74,"a625328f":98,"f271ed5d":99,"3c6692a3":106,"5774ac0d":96,"4125085e":93,"2882a956":88,"51a3e9c2":94,"abad2347":88,"eebc8d43":93,"4258c176":84,"bd62d7ed":77,"11b74e63":85,"b2c25d1c":82,"8e99d5d0":95,"6b78ad7f":95,"cb51f134":97,"06ee61b6":77,"1e7753d9":107,"d34a29b9":102,"66497c7e":90,"655954ba":87,"30dbfc69":83,"66b7b5b4":83,"30fdcd3b":85,"c3e6ef01":99,"24ffcbd3":98,"110b1ee3":93,"62d1d346":77,"ba30e43a":105,"cc6bbe45":77,"9e65c0ef":78,"ce3bf5db":80,"fce3c5c6":77,"b102f7bd":90,"6c20c153":83,"f67de058":89,"bf30a08f":105,"b8488fc8":91,"fef750ca":92,"fee32863":83,"537634c9":79,"45b5746e":89,"012de09c":82,"616d6dd6":86,"ec110282":101,"810aa5e9":91,"fe44fc6f":88,"317c1591":92,"004f1ef3":107,"014bdff0":96,"60e855ee":95,"3f2522c2":86,"f6fe095d":106,"c95719e5":81,"9496f56f":98,"d4ee22a4":95,"ac030e74":79,"87083264":101,"8fb236a9":81,"9aa6a054":88,"385ab7c6":88,"a1370ab0":92,"40860a4b":73,"e9a8cf11":88,"24a9fb86":100,"162a7348":91,"3454fa2b":78,"bc021def":101,"558d5ce7":89,"d1715f3b":93,"fd6dcb20":86,"623c6a31":94,"25a7a0a3":86,"e2cbe594":81,"4dac6b20":77,"2209903e":93,"28d41578":88,"4ff2225d":85,"a533489b":95,"9263c525":87,"b36a0d66":75,"8323d333":78,"f277386e":69,"34658473":80,"1db42092":104,"4ac6bd4e":76,"6d802fa2":82,"bbe71605":82,"7a6aa4b6":90,"67f6e4f2":90,"6be9332a":83,"24d24fa3":89,"458dcc3d":95,"12271e14":86,"6ebe2354":75,"dd1fcb17":82,"23080895":78,"789bd484":85,"d957f027":81,"a939b50b":91,"90d52475":88,"2b3e4717":87,"650bb0e0":94,"91d52a55":88,"22234d6b":92,"d552eb2f":99,"2180f99b":91,"084cbc0b":83,"72d7b461":99,"0d2a1c58":78,"835358a0":81,"bec9d329":95,"d4d5f466":86,"da3437cd":78,"c45d554f":87,"8f9b74b0":77,"2b3c49b9":90,"ebdbf580":93,"c5b35e4d":85
1604737527116,"6867261a":80,"8cddb65e":89,"3a1d1632":70,"4125085e":94,"5ac86fb9":94,"e4714415":101,"c93c3508":71,"140ce69e":88,"affb82bf":95,"15620dca":99,"a77e8461":87,"ccdd1ce6":86,"6cba74ce":85,"09560615":72,"6adce358":101,"d957f027":82,"a9b1bd51":67,"44a4f7cd":86,"d5557fb4":99,"ccf8b803":80,"bda8cdfb":93,"911e770b":94,"0d2a1c58":79,"272c7672":91,"b935fc1c":84,"0b3283c9":90,"6d61bf13":80,"2d54e0a8":75,"9147702f":76,"b7832271":94,"de6213c7":88,"3c18f28e":86,"bc3dc66a":92,"3a1d1632":71,"227006e4":84,"2ab62345":77,"b35bb8a1":77,"181c3dd5":88,"8e780922":90,"53431634":105,"0da28f5b":97,"a4296d1e":94,"74f234c6":98,"7f86be64":93,"110b1ee3":94,"0d5ee801":74,"6e24d88b":85,"8942c35b":91,"65a00a3c":88,"906632cb":85,"28d40296":71,"430a5db5":100,"75ffea08":88,"9e65c0ef":79,"a81a857c":87,"cc6bbe45":78,"3fdb08f5":93,"12dd6f5e":79,"af157d29":85,"6cba74ce":86,"b9a48a5c":76,"558d5ce7":90,"1d153b20":89,"ef8321d8":83,"971675c5":93,"2203f259":90,"b769bdfb":94,"5410e9c6":94,"cf84fb54":97,"ce4da56f":91,"1b153aef":89,"379184a7":102,"6db0ea86":97,"6291e9e9":89,"3652bd66":90,"6d802fa2":83,"c7c4ec5c":78,"ef16ca37":92,"a4dafea5":86,"5678ed7b":107,"288afc30":84,"cd95f558":92,"59c1e594":92,"c609739e":90,"74e01f6a":78,"eed20185":99,"6be9332a":84,"cac4449a":82,"03c398d2":90,"677c6a09":100,"a6b5e869":83,"ee21ad02":96,"ba5c52af":92,"e0e48a2d":88,"f2e3c0e3":77,"87c462ee":93,"fe8f3d36":74,"6a7392d5":78,"733c86f8":89,"78467b8a":101,"afe8e06a":81,"aa867541":77,"a5676c24":86,"537634c9":80,"8a165e17":91,"5f96c2bc":78,"49cb2959":99,"db8ba455":94,"0d28db94":83,"2ce1af05":76,"ba938220":82,"00a17b46":85,"4d9b0b10":92,"e4cfef0a":72,"527ff946":96,"37fbb107":102,"a939b50b":92,"b8ab8e6e":89,"794f652b":94,"aff8e442":90,"789bd484":86,"d0d6acb1":80,"fd369c21":98,"5a07fc2e":77,"9fa62fee":85,"f271ed5d":100,"2180f99b":92,"b5763ff6":73,"6df0b2e8":106,"17446892":84,"a2c334e7":107,"081460bf":92,"b7cc7909":84,"64db4feb":106,"0681c48e":99,"faf4f98b":94,"ccb5ea3e":76,"f734c84c":112,"40e79dd3":85,"df81ddee":83,"2ad42a9e":88,"07107f6e":91,"0149e11a":80,"c0fea118":84,"4e3f5178":93,"fe578280":83,"58d46189":102,"f121b82c":97,"9f2b16a7":90,"8942c35b":92,"e7abc88d":76,"30dbfc69":84,"c8977844":92,"b2c25d1c":83,"d033db8d":93,"ea6de194":97,"6e24d88b":86,"7043382d":94,"8db62558":91,"d9d7c4c2":100,"be4f8ba8":89,"315537b2":85,"6d5fcd4c":94,"945b63f0":116,"49902219":103,"5410e9c6":95,"2203f259":91,"a58bf525":91,"578f6e9e":98,"836701f6":78,"437fc3ec":88,"6d61bf13":81,"8cf83787":74,"6a60348e":79,"d33790a2":99,"b7407bd3":82,"b84a06eb":88,"00554ffd":99,"11888cfa":82,"8298e976":109,"c7c4ec5c":79,"cfe72ead":73,"820225e4":73,"b4fdf90e":91,"0114160e":94,"49bf2e95":70,"2198ba8e":81,"99d130c9":102,"812b4f15":76,"aa00769b":104,"27c8e038":100,"946df4fd":92,"b2bd8fd3":86,"623c6a31":95,"fd6dcb20":87,"5ab7bc35":94,"3bad3c95":74,"28d40296":72,"1623fc9f":92,"11b74e63":86,"5acce642":91,"04bef50c":68,"82204d54":85,"e35a63cd":91,"cb4f262b":88,"19551bad":85,"7f6d1d0e":104,"11b2c8d9":81,"bec9d329":96,"1105f790":91,"d39724bc":85,"cd522166":102,"8063df14":79,"a901627e":76,"a472532e":83,"08a561b7":86,"74c26380":87,"4abb7aed":87,"6e44927f":75,"d8e58a8c":95,"4f59a322":82,"ba938220":83,"5957df9e":84,"5339e1e9":81,"25d1b2d8":86,"bf822e33":90,"9ceb5439":79,"0f1ac912":77,"77f31bab":94,"a6626a13":75,"0bd93cfd":74,"2d13e69b":86,"084cbc0b":84,"2c01e624":83,"1f7607df":79,"84b767be":103,"71279c46":83,"dcfaba4c":87,"77bfed7e":86,"2ce1af05":77,"ffa08d82":92,"7e95c5a0":85,"30b6808c":84,"9b3f8714":91,"b230e8d3":96,"8f9b74b0":78,"2b3c49b9":91,"3ef7432b":88,"bfad1727":75,"20777945":82,"805534ac":85,"d25e0f8d":100,"ab7d4c9a":85,"f121b82c":98,"9267f0ef":100,"0dad37d5":85,"cc11fef9":97,"8942c35b":93,"5be594be":86,"3b690f68":104,"d548635d":88,"031e488e":90,"24a9fb86":101,"13747b82":89,"a40846b7":97,"6ce84ff8":80,"83086d4c":98,"f1dffa24":69,"f2470875":103,"25635c37":78,"a58bf525":92,"d0c0fc08":76,"95f6db13":81,"8aa78e2f":85,"9260d96b":107,"e0f7679f":77,"7a2f3f06":82,"2e99f8fd":79,"a24e6670":91,"761cf820":86,"868edcc0":96,"34658473":81,"1be05c14":79,"045f280d":92,"92d38723":95,"c6e3d352":98,"468fc85c":89,"59c1e594":93,"e9adbe58":85,"3f65f121":91,"53a8613c":105,"b9a48a5c":77,"4d35385e":84,"22176537":80,"eeaa2d46":95,"1e232870":93,"906632cb":86,"24ffcbd3":99,"430a5db5":101,"b5ce0c0c":96,"26ed1a5c":88,"1f11812e":93,"2af60749":96,"cc6bbe45":79,"4577b333":87,"92f800f5":89,"ffc86f94":68,"e382ec3f":74,"abad2347":89,"25a2844e":92,"f56ac638":76,"a6b5e869":84,"a0685bf3":102,"4c0e547b":88,"9d4f1fe6":83,"a59a8290":85,"6b82b527":87,"b87158fb":94,"6c20c153":84,"78b97937":97,"6c524f99":82,"aa76bc50":78,"d8e58a8c":96,"cf1b8c47":100,"f3a0c2ee":84,"2c6cb96f":75,"d9d0c567":91,"61145ec9":97,"48655f09":104,"ad8f85d6":96,"baebb391":96,"a43061ee":79,"6e98dfda":89,"2b3e4717":88,"36b7003c":112,"2a387957":93,"5339e1e9":82,"5d087c79":85,"b8ab8e6e":90,"aa5dfdf5":89,"84b767be":104,"a6626a13":76,"5a07fc2e":78,"d0d6acb1":81,"98915a1f":74,"b7832271":95,"c38c2b52":85,"e28c2efc":82,"d7cb9bcf":90,"ae95f2ba":104,"c803b4a3":90,"a85d89cc":82,"8fb236a9":82,"40e79dd3":86,"feb67030":86,"a0ce82b4":94,"da3437cd":79,"7b6a7048":89,"b6ee137a":81,"f4343817":87,"9b172ca8":76,"1a2c020b":77,"13747b82":90,"081460bf":93,"c9efc8f6":86,"61d4782d":89,"0681c48e":100,"5eaa1581":84,"5e09f69e":95,"60e855ee":96,"a77e127d":68,"317c1591":93,"8dd649a3":81,"312f7676":90,"a40846b7":98,"3f2522c2":87,"8298e976":110,"31f6d707":103,"8aa78e2f":86,"b35e9e1a":122,"17b08923":88,"1ff8c2fc":92,"bab97de3":99,"40569362":91,"d36125db":97,"8493f3b2":87,"cf84fb54":98,"f5829ac0":90,"5f8517b7":109,"50312237":93,"dfa1a89b":79,"3f65f121":92,"140ce69e":89,"57540cc3":95,"f3d68430":96,"a63bddd4":110,"f87c5031":76,"ee75b607":87,"a502c93c":76,"dfcc2ad1":102,"91b28f83":95,"1bc0591f":91,"f0a06216":86,"eebc8d43":94,"c0b23081":96,"ba5c52af":93,"b0869206":95,"b87158fb":95,"677c6a09":101,"e35a63cd":92,"c1bb74f2":82,"a5fd8ffd":92,"d8e58a8c":97,"195eb771":86,"4bc46d7a":84,"cc11fef9":98,"4b4ecbce":80,"6f81493d":84,"80a8a56d":82,"efe84c27":81,"467773ac":82,"06ee61b6":78,"b7434f57":77,"c382f054":97,"93683c82":79,"719c8869":102,"c3e6ef01":100,"37a7d5b0":97,"caddd0a7":94,"1e7753d9":108,"f8b31ce5":111,"08a06557":109,"14c682eb":83,"b320feb9":87,"1c3a30c5":89,"dd1fcb17":83,"64a7f79f":82,"cbad3b92":103,"13f0e139":84,"2d382981":89,"ac62fac2":105,"789bd484":87,"50d129cf":82,"93fdbb44":72,"99e171db":92,"2b3e4717":89,"23760167":81,"f66616b7":91,"72d7b461":100,"2a06ab95":94,"911e770b":95,"00a481e3":98,"fafb4cc2":118,"a472532e":84,"b9be31d6":93,"a06a6430":80,"43d87483":87,"cb142908":83,"8fb236a9":83,"30b6808c":85,"7a840529":64,"98915a1f":75,"5fa12feb":85,"2ad42a9e":89,"bfad1727":76,"daab45c6":89,"913a6226":84,"4295ce9a":98,"a851554d":98,"0fc5ac7e":108,"d3a669ac":99,"d744bee2":84,"bfcb912a":90,"c852d240":88,"5eaa1581":85,"ed4fad08":96,"725dce8b":102,"47cfba38":82,"6df0b2e8":107,"8274885a":99,"7ee148e9":86,"c318d350":96,"695a2b92":81,"e45b4b53":76,"c95719e5":82,"71ff66e8":85,"4ff2225d":86,"5678ed7b":108,"8493f3b2":88,"2e99f8fd":80,"b36a0d66":76,"3c782bb3":87,"82b81567":80,"1db42092":105,"cd95f558":93,"d102b0c6":76,"a8871ddf":80,"be4f8ba8":90,"217c0327":64,"ac38a6a5":96,"b9a48a5c":78,"b0869206":96,"fea793f5":87,"2352c8ef":81,"dc0c8b09":104,"1bb4ccc0":89,"a66a2d8a":104,"935ec056":78,"5f4102da":91,"bd2705b0":108,"7bda83dd":89,"d815c5b4":107,"2a4a402a":85,"ee21ad02":97,"9d023afb":100,"7080f122":82,"af157d29":86,"f87c5031":77,"f33c0140":87,"e0154608":80,"b3863630":80,"902f49f5":90,"1247fa52":91,"cf1124db":77,"77300e4a":81,"30dbfc69":85,"9b742f71":80,"40a745c0":92,"4fd645f1":76,"655954ba":88,"d141db49":81,"31408822":81,"0841052c":89,"259930ee":99,"4777334c":79,"20e470e0":83,"df2b4d87":83,"3bad3c95":75,"0b959527":86,"cf84fb54":99,"36fb15d2":93,"49bf2e95":71,"792cfcbd":79,"d8475b95":68,"17807120":94,"742f1425":83,"6ebe2354":76,"481754fc":73,"804d4dfa":85,"99e171db":93,"0670c466":86,"77f31bab":95,"088feee2":97,"04643409":99,"fafb4cc2":119,"0a1d11e6":75,"906fdec3":79,"f905a555":82,"ec110282":102,"d5dae4c4":108,"42cd2360":80,"91536e85":95,"30b6808c":86,"0d7d88f1":84,"9496f56f":99,"a85d89cc":83,"cf9f4757":81,"e4cfef0a":73,"f2364460":100,"f9f2c53f":80,"79e4fa1c":82,"93e8cee5":101,"f734c84c":113,"3ef7432b":89,"2ad42a9e":90,"a851554d":99,"91d52a55":89,"d1ca5d6b":97,"7e991ab9":74,"b5763ff6":74,"70c1e715":84,"e58b26f6":88,"aa5dfdf5":90,"a6626a13":77,"8cddb65e":90,"47cfba38":83,"5e09f69e":96,"51f80f4c":92,"0ecfa1c9":86,"12534561":75,"8d04852b":90,"c564e316":89,"ea9bba6b":82,"a77e127d":69,"2203f259":92,"578f6e9e":99,"22aeaf03":84,"39bbc4bc":104,"88a30343":88,"1be05c14":80,"1b153aef":90,"e36dfd6f":84,"00554ffd":100,"b0869206":97,"88ce179e":98,"fef750ca":93,"478d2d4f":99,"51a3e9c2":95,"b102f7bd":91,"aa187e3b":75,"d4d5f466":87,"c510bfd3":100,"95d331b1":77,"b87158fb":96,"b9a48a5c":79,"217c0327":65,"9f2b16a7":91,"efe84c27":82,"dbc9df44":70,"a3253019":84,"0c0e98ea":86,"f33c0140":88,"1f11812e":94,"4360a1a3":101,"bd984a8e":90,"66497c7e":91,"be2955bb":90,"e786063b":90,"bb98a6cf":104,"d9d7c4c2":101,"f1b493de":97,"c7636527":77,"655941a0":92,"aa021138":95,"b5ce0c0c":97,"92f800f5":90,"ffc86f94":69,"3454fa2b":79,"25a7a0a3":87,"2dda3936":87,"d6320619":89,"4d35385e":85,"95f6db13":82,"3a1b9af5":92,"de36827b":108,"b4fdf90e":92,"b36a0d66":77,"fe0df575":105,"3c782bb3":88,"db0a661e":92,"7a2f3f06":83,"2c24d929":96,"4cc141fa":66,"812b4f15":77,"aefe13f5":93,"27c8e038":101,"aa00769b":105,"e6fac295":72,"53747a91":91,"21ad2f34":83,"7d112f4d":89,"6490bac6":84,"0149e11a":81,"5a622a23":89,"da3437cd":80,"36684155":92,"aa5dfdf5":91,"87c462ee":94,"9d023afb":101,"be3a10f8":103,"1d44aff3":97,"810aa5e9":92,"5f0c1b9d":99,"5ef93e5d":67,"2dd0e808":86,"c91966ce":79,"a15713c6":101,"9f74b8a4":82,"a06a6430":81,"d7cb9bcf":91,"053f3451":87,"e4cfef0a":74,"00a17b46":86,"faf4f98b":95,"b5763ff6":75,"50d129cf":83,"088feee2":98,"2a06ab95":95,"cbb54a0a":75,"cf775f58":87,"8d04852b":91,"6adce358":102,"84b67924":95,"0670c466":87,"9147702f":77,"d6d61bfc":94,"48efc739":108,"72d7b461":101,"31f6ba51":87,"40860a4b":74,"fb7b7b3c":98,"f6fe095d":107,"8e4c33d2":96,"c95719e5":83,"6ce84ff8":81,"3f2522c2":88,"a58bf525":93,"dcfaba4c":88,"081460bf":94,"e9a8cf11":89,"53431634":106,"f3992a31":89,"696fdac5":90,"288d171f":85,"cd3bbe7e":87,"cb51f134":98,"cf1124db":78,"c382f054":98,"be2955bb":91,"430a5db5":102,"026766f3":87,"859545e6":73,"9bdf362a":76,"0af920d8":69,"5272520d":84,"caddd0a7":95,"0d5ee801":75,"b320feb9":88,"c8fcad77":84,"719c8869":103,"e786063b":91,"1d153b20":90,"a63bddd4":111,"18815a1b":86,"ef8321d8":84,"f3d68430":97,"88432019":86,"30dd2edc":98,"820225e4":74,"cd95f558":94,"b84a06eb":89,"07fc4a9a":91,"6f0fcb9d":93,"b35e9e1a":123,"1db42092":106,"e36dfd6f":85,"6585adbe":75,"baebb391":97,"411b5027":89,"27c8e038":102,"336d0f08":94,"045f280d":93,"0ac825ed":93,"f1098793":88,"4cc141fa":67,"45b038bb":104,"56752a4a":80,"2d382981":90,"946df4fd":93,"7b6a7048":90,"e1f0dbfd":100,"7d112f4d":90,"18d20aa1":82,"da3437cd":81,"6bc5d32a":106,"cd421290":81,"ae99df30":89,"4258c176":85,"4652b09a":110,"ba5c52af":94,"5eab91a0":91,"fef750ca":94,"1c0a9eff":86,"bd62d7ed":78,"1745a0f4":86,"fea793f5":88,"1757a30e":85,"5f96c2bc":79,"8721056e":81,"95904ac4":100,"f5e8dfee":101,"74c26380":88,"fe8f3d36":75,"08a561b7":87,"43bc86e3":82,"b2cfdbcf":90,"a5fd8ffd":93,"d2466211":110,"a06a6430":82,"10ec5a0b":87,"ffa08d82":93,"f7231212":88,"9f74b8a4":83,"7e95c5a0":86,"b88033fd":92,"77f31bab":96,"cb6c9e42":104,"8cd78f77":105,"bf822e33":91,"d552eb2f":100,"6751d8e4":103,"c67979e6":104,"5339e1e9":83,"383e232d":84,"70c1e715":85,"c98d5272":97,"0fc5ac7e":109,"d3a669ac":100,"51f80f4c":93,"d6d61bfc":95,"8274885a":100,"c95719e5":84,"5270f158":86,"6ce84ff8":82,"5781776a":93,"72805bf5":75,"40860a4b":75,"1ed46298":106,"68562193":77,"5774ac0d":97,"9b742f71":81,"c21ab51e":72,"2e3503e4":91,"9267f0ef":101,"66b7b5b4":84,"d033db8d":94,"f76a3e83":91,"69d4b754":83,"467773ac":83,"c0fea118":85,"110b1ee3":95,"751bcf25":86,"e32524d6":91,"19e9776f":93,"b5ce0c0c":98,"2045d7d6":79,"7cd0ad7b":102,"0a2f71bc":75,"e3547548":79,"a577db1c":77,"fce3c5c6":78,"ec2cb1af":89,"eeaa2d46":96,"f2ca27d9":82,"ef8321d8":85,"7d6895f4":89,"3661e12d":82,"01d817b8":80,"71ff66e8":86,"f1dffa24":70,"f044c0e1":70,"00554ffd":101,"bbe71605":83,"f9c15fcc":97,"8298e976":111,"31f6d707":104,"f277386e":70,"408bb2ed":76,"d9dcdc4b":107,"159ffd0b":69,"761cf820":87,"7a2f3f06":84,"1db42092":107,"288afc30":85,"2198ba8e":82,"99d130c9":103,"c609739e":91,"cbad3b92":104,"cac4449a":83,"d82592f4":94,"0f72f2d8":87,"547903ef":102,"ee75b607":88,"78b97937":98,"05f6ab35":83,"00cf385d":99,"9d4f1fe6":84,"4c0e547b":89,"e0e48a2d":89,"25a2844e":93,"c0b23081":97,"c510bfd3":101,"54d7de6b":103,"33d6bb6a":78,"5b5fc566":86,"6a7392d5":79,"1d44aff3":98,"fd482491":100,"5ef93e5d":68,"a5fd8ffd":94,"e865e4dd":81,"42cd2360":81,"08a561b7":88,"f1df62b4":85,"0785820e":94,"d7cb9bcf":92,"ac030e74":80,"8ac72326":76,"ccf8b803":81,"77bae750":78,"a1921150":93,"d744bee2":85,"93fdbb44":73,"778c95e9":85,"9d9dd9e5":82,"ef1c2dcb":88,"6adce358":103,"7db3edda":88,"2d13e69b":87,"cf775f58":88,"3a204e56":97,"3062379b":75,"272c7672":92,"540df50f":97,"2132fe93":96,"31f6ba51":88,"64db4feb":107,"031e488e":91,"181c3dd5":89,"af034fee":79,"c38c2b52":86,"9496f56f":100,"51c57542":90,"85de05f2":89,"5fa12feb":86,"f9f2c53f":81,"ab7467de":105,"f4343817":88,"34c5c729":92,"c7313e0a":97,"f121b82c":99,"90a06ee9":82,"a8726d50":75,"e1618359":94,"4279e829":99,"c85a0d80":89,"f4634d0b":79,"0c043224":98,"79f04300":87,"0af920d8":70,"902f49f5":91,"df2b4d87":84,"1a2ec5d7":85,"e786063b":92,"5f620a1e":100,"c015ec5a":88,"57167c74":90,"12dd6f5e":80,"d3e84616":107,"e9adbe58":86,"8dd2684c":94,"9a467a82":89,"3f65f121":93,"25a7a0a3":88,"27f52ed3":107,"83086d4c":99,"6ce84ff8":83,"dc583e64":98,"e238f09b":91,"5410e9c6":96,"411b5027":90,"d102b0c6":77,"8aa78e2f":87,"9260d96b":108,"e0f7679f":78,"d0b297b2":75,"90731976":87,"c7c4ec5c":80,"5678ed7b":109,"5a0ead91":83,"013ee301":86,"358e45b1":93,"1f88a4b7":96,"49bf2e95":72,"ad8f85d6":97,"04612878":91,"c6e3d352":99,"87ce8d1d":75,"99d130c9":104,"2198ba8e":83,"cf52025e":80,"4fd645f1":77,"37a7d5b0":98,"1745a0f4":87,"c463799d":98,"ae99df30":90,"05f6ab35":84,"fea793f5":89,"d1d40c9c":95,"831c7b85":90,"55928ef1":90,"abad2347":90,"ad2d7bed":93,"b8488fc8":92,"50b558a7":72,"88ce179e":99,"4258c176":86,"3f75d3bc":99,"4abb7aed":88,"a0cf08b3":76
1604737528404,"44ff8baa":82,"bfad1727":77,"53747a91":92,"2209903e":94,"0a96f57a":99,"ecfa8249":98,"c650b434":103,"d9a64845":88,"8db5a165":75,"4bc46d7a":85,"dc03ebd2":108,"053f3451":88,"9fce073c":89,"91536e85":96,"2b698053":88,"621d6b18":98,"4f59a322":83,"0d7d88f1":85,"8e99d5d0":96,"1a2c020b":78,"a3253019":85,"b3863630":81,"4360a1a3":102,"f76a3e83":92,"69134f07":87,"30fdcd3b":86,"be2955bb":92,"0841052c":90,"cf1124db":79,"d033db8d":95,"24ffcbd3":100,"751bcf25":87,"aab4d996":87,"26ed1a5c":89,"0a2f71bc":76,"ca7d47f7":90,"49b358bd":91,"28d40296":73,"9bdf362a":77,"f67de058":90,"4258c176":87,"7fdc2007":85,"ee21ad02":98,"a8c93bed":91,"04cc7cbe":82,"a66a2d8a":105,"fea793f5":90,"25e0dd3d":92,"4dac6b20":78,"feb67030":87,"4295ce9a":99,"21ad2f34":84,"3ef7432b":90,"f4343817":89,"f5e8dfee":102,"d815c5b4":108,"13b53c7a":89,"6b82b527":88,"2a76f1dd":79,"e356abf1":97,"28654c76":99,"45b5746e":90,"95904ac4":101,"8db5a165":76,"ec110282":103,"2dd0e808":87,"b2cfdbcf":91,"0d7d88f1":86,"30b6808c":87,"d7cb9bcf":93,"c38c2b52":87,"7566fdd6":104,"cf9f4757":82,"ac030e74":81,"7f86be64":94,"71ff66e8":87,"dc583e64":99,"ea9bba6b":83,"695a2b92":82,"39bbc4bc":105,"014bdff0":97,"317c1591":94,"05642105":91,"cfe72ead":74,"17b08923":89,"5a0ead91":84,"1be05c14":81,"45b038bb":105,"f277386e":71,"336d0f08":95,"8b2b601d":86,"92d38723":96,"2e99f8fd":81,"88a30343":89,"50312237":94,"06ddafc7":78,"804d4dfa":86,"04612878":92,"9fc713b0":91,"b7df1559":91,"23080895":79,"be1746a0":82,"87ce8d1d":76,"1a2c020b":79,"1a68160d":91,"d34a29b9":103,"902f49f5":92,"696fdac5":91,"0d5ee801":76,"2e3503e4":92,"74f234c6":99,"470d50c2":88,"ca6d2d91":93,"e5d3655c":100,"0af920d8":71,"6f81493d":85,"a577db1c":78,"19e9776f":94,"aa021138":96,"805af3c7":94,"d141db49":82,"24ffcbd3":101,"c1bdfd41":79,"8007f30e":63,"bda8cdfb":94,"cf775f58":89,"842c8340":81,"1f342a00":94,"8a52882e":88,"25d1b2d8":87,"6a3eaf43":87,"66d94227":78,"2180f99b":93,"d957f027":83,"f4726450":84,"1f7607df":80,"8cd78f77":106,"98915a1f":76,"8d04852b":92,"5ac86fb9":95,"47cfba38":84,"dcfaba4c":89,"0ecfa1c9":87,"4911acad":72,"bb8a6337":81,"201cafad":79,"79e4fa1c":83,"e1f0dbfd":101,"85de05f2":90,"fb8bfb36":103,"a0ce82b4":95,"9d0546ac":82,"1bb4ccc0":90,"e35a63cd":93,"bb00e71c":71,"dfcc2ad1":103,"f56ac638":77,"2a4a402a":86,"c510bfd3":102,"1a442bc7":92,"0042f6eb":87,"5eab91a0":92,"51a3e9c2":96,"19551bad":86,"ba586505":84,"3101354b":78,"b2cfdbcf":92,"3f75d3bc":100,"aa76bc50":79,"731fc335":73,"1d44aff3":99,"91f7ef72":86,"93b9fae6":79,"597c1f81":89,"af7e5be8":97,"0bfabf48":81,"753ca352":78,"d5059415":93,"7e95c5a0":87,"6cba74ce":87,"ac38a6a5":97,"7080f122":83,"21ee2afe":95,"6d339d45":76,"f5596d0f":96,"09560615":73,"3a204e56":98,"1951480c":86,"ea9bba6b":84,"c0b7e7d7":73,"e7773397":75,"f1dffa24":71,"6085137f":66,"0cb80f4a":82,"8cf83787":75,"7ae3fc50":81,"a4dafea5":87,"00554ffd":102,"5678ed7b":110,"e8f173b5":86,"6585adbe":76,"40569362":92,"0d2c95fe":81,"6a60348e":80,"b4fdf90e":93,"0b5a0408":87,"92d38723":97,"a0b03218":92,"baebb391":98,"f1098793":89,"bad6cdb1":89,"685207b3":91,"9267f0ef":102,"1247fa52":92,"80a8a56d":83,"c5b35e4d":86,"a3253019":86,"94a2fe10":94,"65a00a3c":89,"0c043224":99,"dbc9df44":71,"62d1d346":78,"3b690f68":105,"4fd645f1":78,"37a7d5b0":99,"a4f1d83b":96,"cc6bbe45":80,"61f25dd4":106,"c2bb8aae":83,"92f800f5":91,"be40590d":87,"30c5d755":103,"48655f09":105,"1c3a30c5":90,"cf52025e":81,"815e4582":87,"a9b1bd51":68,"c6c85783":100,"794f652b":95,"0fc5ac7e":110,"5339e1e9":84,"0d2a1c58":80,"9d63c4dd":83,"8cd78f77":107,"1b881e6e":97,"0bd93cfd":75,"778c95e9":86,"3062379b":76,"c793cdda":90,"deb31f35":94,"4125085e":95,"35aa7fd0":105,"e9a8cf11":90,"61d4782d":90,"b35bb8a1":78,"bfcb912a":91,"93e8cee5":102,"805534ac":86,"d25e0f8d":101,"daab45c6":90,"201cafad":80,"da3437cd":82,"13b53c7a":90,"55928ef1":91,"d83870f5":86,"19551bad":87,"e6ec8cbf":98,"70ee0491":71,"93b0a158":91,"2a4a402a":87,"6775d5cd":87,"f5e8dfee":103,"50b558a7":73,"20811ddf":79,"5eab91a0":93,"0d770b97":92,"a851891c":74,"810aa5e9":93,"7ae34c64":98,"a15713c6":102,"3c0df8b4":94,"ae016053":96,"00a481e3":99,"d5059415":94,"ad303bda":91,"30b6808c":88,"e4cfef0a":75,"95539a58":72,"50c468ba":84,"7566fdd6":105,"51c57542":91,"6d339d45":77,"a63bddd4":112,"9c045c61":93,"a77e8461":88,"dfa1a89b":80,"8cc4a982":87,"08c6b5d2":91,"3e082b37":78,"f1dffa24":72,"5623817d":90,"95d3d348":83,"1da771fb":84,"22aeaf03":85,"3c43e8a2":93,"e7e82473":107,"288afc30":86,"5678ed7b":111,"1bd5b20b":95,"8c6e001f":78,"8b2b601d":87,"f277386e":72,"336d0f08":96,"f5829ac0":91,"f1862e79":73,"a24e6670":92,"0cb80f4a":83,"159ffd0b":70,"608bc832":81,"c4feee5b":89,"5be594be":87,"e7abc88d":77,"4e3f5178":94,"77300e4a":82,"06ee61b6":79,"026766f3":88,"69134f07":88,"74f234c6":100,"906632cb":87,"655941a0":93,"9e65c0ef":80,"3f9b5722":79,"ea6de194":98,"c3e6ef01":101,"467773ac":84,"ba30e43a":106,"014460b9":108,"719c8869":104,"859545e6":74,"62d1d346":79,"26c6fa34":85,"792cfcbd":80,"946df4fd":94,"be1746a0":83,"04612878":93,"2d382981":91,"0f72f2d8":88,"c67979e6":105,"7e15f8e8":89,"730338c4":98,"6e98dfda":90,"383e232d":85,"4ed01268":83,"6a3eaf43":88,"2b3e4717":90,"a9b1bd51":69,"6751d8e4":104,"2c627253":82,"faf3ed07":80,"0fc5ac7e":111,"9b3f8714":92,"84b767be":105,"68562193":78,"540df50f":98,"8d04852b":93,"8cddb65e":91,"aec4e1bf":87,"6632fed0":96,"7fdc2007":86,"730a4938":94,"55928ef1":92,"8f10fa42":110,"d83870f5":87,"11b74e63":87,"e5b1abc6":81,"f67de058":91,"4652b09a":111,"4b125e7b":91,"9a3ab0b8":74,"19551bad":88,"7ee7621c":90,"2c6cb96f":76,"83b2f9c5":100,"1a442bc7":93,"5f96c2bc":80,"f905a555":83,"ec110282":104,"61145ec9":98,"7896b953":92,"0785820e":95,"af7e5be8":98,"c8113b77":76,"4e5aaaec":80,"0a96f57a":100,"b9a48a5c":80,"22176537":81,"945b63f0":117,"546f6845":100,"f5596d0f":97,"57540cc3":96,"7080f122":84,"a0ce82b4":96,"ea9bba6b":85,"82868763":87,"6ce84ff8":84,"1da771fb":85,"d1676e89":84,"d599b566":103,"eda6a690":77,"8298e976":112,"8c6e001f":79,"5f8517b7":110,"95f6db13":83,"e7e82473":108,"5ee911b5":85,"08a4c3f8":95,"411b5027":91,"05642105":92,"9e878ec2":107,"a851554d":100,"21ad2f34":85,"c45d554f":88,"547903ef":103,"f33c0140":89,"754f98c9":90,"e9679ede":81,"f76a3e83":93,"a836aa93":95,"19e9776f":95,"655941a0":94,"9b172ca8":77,"efe84c27":83,"db703021":83,"2045d7d6":80,"61f25dd4":107,"8fb236a9":84,"43d87483":88,"a85d89cc":84,"1dad0f99":89,"5272520d":85,"aab4d996":88,"b320feb9":89,"0c0e98ea":87,"c1bdfd41":80,"4ee62a26":81,"5ab7bc35":95,"92f800f5":92,"a577db1c":79,"31d74eee":82,"48efc739":109,"6751d8e4":105,"bad1a1cc":74,"eb7b4e29":77,"dd7acb96":89,"c67979e6":106,"7db3edda":89,"2132fe93":97,"f4726450":85,"af034fee":80,"a983a6dc":85,"b7cc7909":85,"bca2d7cd":90,"815e4582":88,"c4aa1e38":78,"5678ed7b":112,"7732eb1e":103,"1ff8c2fc":93,"b2bd8fd3":87,"24d24fa3":90,"481754fc":74,"17807120":95,"9fc713b0":92,"2d382981":92,"01cd8099":94,"b8488fc8":93,"1745a0f4":88,"9d4f1fe6":85,"9b546d65":78,"e6ec8cbf":99,"733c86f8":90,"6c20c153":85,"5f4102da":92,"e4117b3b":72,"ae99df30":91,"a59a8290":86,"6ee92259":90,"1105f790":92,"20811ddf":80,"a851891c":75,"ef8987d7":82,"74c26380":89,"906fdec3":80,"b28a5e67":94,"781ace7d":90,"d5dae4c4":109,"c0b7e7d7":74,"3c43e8a2":94,"d599b566":104,"3f2522c2":89,"8dc9b4db":95,"014bdff0":98,"39bbc4bc":106,"f044c0e1":71,"1b153aef":91,"71279c46":84,"b947257e":105,"bf822e33":92,"9b3f8714":93,"725dce8b":103,"c64de0c0":78,"21ee2afe":96,"be4f8ba8":91,"53a8613c":106,"4d35385e":86,"f3d68430":98,"09560615":74,"6143f39d":82,"44ff8baa":83,"3ef7432b":91,"7d112f4d":91,"4295ce9a":100,"9d0546ac":83,"5c82d1ce":89,"d25e0f8d":102,"685207b3":92,"9267f0ef":103,"acac14fb":85,"655954ba":89,"7e95c5a0":88,"93b9fae6":80,"4f59a322":84,"6a5b71b4":92,"7566fdd6":106,"ad303bda":92,"67c57de4":110,"145c7559":100,"36380d96":98,"8db62558":92,"20e470e0":84,"6fb4cdda":97,"4fd645f1":79,"dbd2f139":95,"44c77422":92,"dae0f922":92,"88fa53d6":79,"ca6d2d91":94,"9e65c0ef":81,"31d74eee":83,"b8ab8e6e":91,"911e770b":96,"aaa274a5":89,"f2364460":101,"b5763ff6":76,"23760167":82,"c6c85783":101,"98915a1f":77,"bda8cdfb":95,"3c6692a3":107,"74e3d13e":90,"fd07e0ed":89,"6e98dfda":91,"17446892":85,"9d4da635":64,"aa021138":97,"3f9b5722":80,"cd95f558":95,"1438fad7":94,"2cce4fb2":93,"408bb2ed":77,"9263c525":88,"013ee301":87,"db0a661e":93,"b377a62a":86,"88a30343":90,"489a39f7":79,"06073f13":92,"95bc84f1":79,"baebb391":99,"a636f4c9":101,"9c58dd76":101,"26c6fa34":86,"35b58ef9":82,"dfc89705":89,"b460f030":103,"ca7d47f7":91,"65a00a3c":90,"9b546d65":79,"bec9d329":97,"6841f77e":97,"eebc8d43":95,"1bc0591f":92,"8bc04eb5":81,"5acce642":92,"13b53c7a":91,"3b2dee89":88,"e35a63cd":94,"a502c93c":77,"fee32863":84,"2882a956":89,"0042f6eb":88,"43bc86e3":83,"7ae34c64":99,"d5dae4c4":110,"42cd2360":82,"f3a0c2ee":85,"a15713c6":103,"e45b4b53":77,"5099c6a0":107,"d599b566":105,"508aac3d":89,"3c18f28e":87,"f94bf9ea":90,"ed4fad08":97,"51f80f4c":94,"2132fe93":98,"18815a1b":87,"dfa1a89b":81,"21ee2afe":97,"2cb29e5a":105,"12012fbd":88,"7080f122":85,"be4f8ba8":92,"c455f40e":80,"9a80f004":79,"e21c6207":82,"b6ee137a":82,"21e10a2b":90,"261c9911":96,"7b6a7048":91,"dbc9df44":72,"3101354b":79,"ad303bda":93,"6f39f4d9":104,"87cd2add":80,"ae95f2ba":105,"0d7d88f1":87,"d83294cd":87,"90a06ee9":83,"4e3f5178":95,"0dad37d5":86,"53431634":107,"b3863630":82,"088feee2":99,"50d129cf":84,"0d2a1c58":81,"a983a6dc":86,"aaa274a5":90,"8ec3834d":98,"7f86be64":95,"30c5d755":104,"5ccf94d6":87,"d033db8d":96,"805af3c7":95,"ba30e43a":107,"9316e7e8":72,"40a745c0":93,"7e76c93c":98,"d9d7c4c2":102,"c8977844":93,"1623fc9f":93,"7cd0ad7b":103,"0a2f71bc":77,"1e191c98":70,"2203f259":93,"3712c4bd":84,"f1dffa24":73,"5678ed7b":113,"013ee301":88,"0b3283c9":91,"cfe72ead":75,"b4fdf90e":94,"d36125db":98,"a24e6670":93,"3652bd66":91,"8323d333":79,"6291e9e9":90,"0cb80f4a":84,"2cce4fb2":94,"b8397293":84,"de36827b":109,"288afc30":87,"23080895":80,"87922532":98,"458dcc3d":96,"e6fac295":73,"1c3a30c5":91,"74e01f6a":79,"0f72f2d8":89,"4d9b0b10":93,"0e2b5d2f":97,"7fef9973":94,"2a4a402a":88,"b87158fb":97,"b0869206":98,"9a07d89b":94,"a502c93c":78,"8bc04eb5":82,"7bda83dd":90,"c0b23081":98,"c463799d":99,"87c462ee":95,"cd522166":103,"b2cfdbcf":93,"7ae34c64":100,"fea793f5":91,"a625328f":99,"36b7003c":113,"2d13e69b":88,"de6213c7":89,"b230e8d3":97,"650bb0e0":95,"aff8e442":91,"d6d61bfc":96,"fd369c21":99,"162a7348":92,"84b67924":96,"a2c334e7":108,"081460bf":95,"deb31f35":95,"6d339d45":78,"71279c46":85,"f1dffa24":74,"5b60dd1d":89,"83086d4c":100,"095ab3b4":78,"8dc9b4db":96,"e45b4b53":78,"27f52ed3":108,"6bc5d32a":107,"e2cbe594":82,"2b3c49b9":92,"21ad2f34":86,"5fa12feb":87,"a851554d":101,"547903ef":104,"fe44fc6f":89,"313258f2":83,"a5676c24":87,"3a291497":80,"7896b953":93,"cc5a1d47":78,"30b6808c":89,"c38c2b52":88,"6a5b71b4":93,"e57d5cda":101,"0bfabf48":82,"597c1f81":90,"efe84c27":84,"ab7d4c9a":86,"546f6845":101,"b946e146":104,"fd6dcb20":88,"945b63f0":118,"eeaa2d46":97,"ef8321d8":86,"e0154608":81,"4c4aa2e2":91,"1247fa52":93,"e7abc88d":78,"f2086446":92,"0d2c95fe":82,"ce4da56f":92,"40569362":93,"e0f7679f":79,"a533489b":96,"8b2b601d":88,"d33790a2":100,"59431390":92,"36fb15d2":94,"28d41578":89,"b35e9e1a":124,"8d000d6e":80,"d6db2b02":102,"8f2a7d69":83,"4febf7c5":94,"cbad3b92":105,"27c8e038":103,"f1098793":90,"c6e3d352":100,"cf52025e":82,"ad8f85d6":98,"88fa53d6":80,"bb98a6cf":105,"e5d3655c":101,"c8fcad77":85,"30d84dce":83,"3f9b5722":81,"9e65c0ef":82,"3bad3c95":76,"a68a93b2":80,"d9f512b9":95,"7a9344a4":108,"719c8869":105,"c3e6ef01":102,"3b690f68":106,"ba586505":85,"e5b1abc6":82,"bec9d329":98,"30c184b8":98,"bd2705b0":109,"8007f30e":64,"4652b09a":112,"5b5fc566":87,"fe8f3d36":76,"afe8e06a":82,"1c0a9eff":87,"d957f027":84,"39a2fcce":76,"527ff946":97,"272c7672":93,"449d8475":86,"0d2a1c58":82,"5a0eb771":89,"84b767be":106,"2c01e624":84,"25d1b2d8":88,"bad1a1cc":75,"2d54e0a8":76,"5eaa1581":86,"d3a669ac":101,"d6d61bfc":97,"72d7b461":102,"1ed46298":107,"5774ac0d":98,"03b4ab60":93,"aa9ea5e8":80,"af034fee":81,"016953e4":100,"c0b7e7d7":75,"578f6e9e":100,"805534ac":87,"a0cca8b7":77,"c45d554f":89,"21ad2f34":87,"26dd2000":101,"4eed1bea":91,"07107f6e":92,"88ce179e":100,"0f89862c":86,"a8c93bed":92,"d5dae4c4":111,"00a481e3":100,"012de09c":83,"74c26380":90,"fd482491":101,"91f7ef72":87,"1d44aff3":100,"b9be31d6":94,"4f59a322":85,"869cbaa0":106,"7a4c064c":96,"0785820e":96,"ad303bda":94,"ef14000f":93,"12dd6f5e":81,"36d340f2":75,"57540cc3":97,"8cc4a982":88,"f3d68430":99,"6d339d45":79,"22176537":82,"288d171f":86,"36380d96":99,"f76a3e83":94,"80a8a56d":84,"ebdbf580":94,"9a3cc55d":78,"a40846b7":99,"3712c4bd":85,"6b79fec2":81,"fb44fa9c":102,"159ffd0b":71,"cfe72ead":76,"95f6db13":84,"00554ffd":103,"95bc84f1":80,"288afc30":88,"0b5a0408":88,"67f6e4f2":91,"11888cfa":83,"b4fdf90e":95,"0114160e":95,"e0e6a097":88,"02d4753e":103,"17807120":96,"56752a4a":81,"cac4449a":84,"be1746a0":84,"2c24d929":97,"04612878":94,"e8d74304":75,"9b172ca8":78,"1e232870":94,"7be025ce":86,"94a2fe10":95,"62d1d346":80,"c4e70c07":88,"f1b493de":98,"f8b31ce5":112,"4ee62a26":82,"868cda42":84,"cd3bbe7e":88,"9316e7e8":73,"8f13c203":76,"751bcf25":88,"5f620a1e":101,"5272520d":86,"ea4d3f3e":100,"c0b23081":99,"ec11fe5f":78,"730a4938":95,"e35a63cd":95,"31d74eee":84,"815e4582":89,"842c8340":82,"0bd93cfd":76,"7028b044":81,"9ceb5439":80,"778c95e9":87,"449d8475":87,"1634789b":93,"a625328f":100,"66d94227":79,"508aac3d":90,"be149c6f":80,"d0d6acb1":82,"70c1e715":86,"ed4fad08":98,"8d04852b":94,"5e09f69e":97,"6df0b2e8":108,"5eaa1581":87,"288a2c43":80,"bfad1727":78,"5c82d1ce":90,"c455f40e":81,"ccb5ea3e":77,"21e10a2b":91,"7bebff03":78,"261c9911":97,"a6b5e869":85,"6c524f99":83,"7ee7621c":91,"0042f6eb":89,"79be29c8":88,"92ca52b7":96,"1105f790":93,"6ee92259":91,"c510bfd3":103,"a472532e":85,"2dd0e808":88,"71ba7561":86,"781ace7d":91,"f3a0c2ee":86,"195eb771":87,"7896b953":94,"87cd2add":81,"91536e85":97,"50c468ba":85,"9f74b8a4":84,"e4cfef0a":76,"cf9f4757":83,"ffa08d82":94,"f5596d0f":98,"51f57142":100,"6d5fcd4c":95,"0277d748":100,"b9a48a5c":81,"623c6a31":96,"a63bddd4":113,"60e855ee":97,"971675c5":94,"1da771fb":86,"5781776a":94,"c0b7e7d7":76,"317c1591":95,"1951480c":87,"49910300":84,"1438fad7":95,"d102b0c6":78,"2cce4fb2":95,"8245f916":73,"d0e9a58e":76,"e8f173b5":87,"c7c4ec5c":81,"e0f7679f":80,"8323d333":80,"1be05c14":82,"0d2c95fe":83,"cd95f558":96,"49bf2e95":73,"01cd8099":95,"b6aaf976":99,"be1746a0":85,"6be9332a":85,"baebb391":100,"aa00769b":106,"9fc713b0":93,"dcf85091":74,"8e780922":91
1604737529316,"ab7d4c9a":87,"c85a0d80":90,"d548635d":89,"1247fa52":94,"a4296d1e":95,"ddec9e54":87,"d033db8d":97,"2af60749":97,"5ccf94d6":88,"b7505747":98,"0c043224":100,"859545e6":75,"b5ce0c0c":99,"56d315d8":76,"dae0f922":93,"e32524d6":92,"259930ee":100,"3b690f68":107,"4577b333":88,"b8ab8e6e":92,"9d63c4dd":84,"98915a1f":78,"97e75c19":105,"2c627253":83,"6e98dfda":92,"a9b1bd51":70,"8cd78f77":108,"eb7b4e29":78,"9ceb5439":81,"d0d6acb1":83,"8a52882e":89,"71279c46":86,"2a06ab95":96,"70c1e715":87,"d6d61bfc":98,"71a2a493":66,"725dce8b":104,"0ecfa1c9":88,"288a2c43":81,"6632fed0":97,"72b84094":107,"79e4fa1c":84,"e1f0dbfd":102,"3b7763b1":76,"20811ddf":81,"79be29c8":89,"e4117b3b":73,"82204d54":86,"4652b09a":113,"78467b8a":102,"d815c5b4":109,"fef750ca":95,"6c20c153":86,"55928ef1":93,"ee21ad02":99,"7bda83dd":91,"f67de058":92,"afe8e06a":83,"012de09c":84,"61145ec9":99,"a5fd8ffd":95,"91f7ef72":88,"5f96c2bc":81,"fafb4cc2":120,"7896b953":95,"385ab7c6":89,"9fce073c":90,"c8113b77":77,"e4cfef0a":77,"201cafad":81,"ecfa8249":99,"9a80f004":80,"12dd6f5e":82,"2cb29e5a":106,"8547fbc2":86,"affb82bf":96,"9a467a82":90,"ac38a6a5":98,"22ecaed0":78,"3f2522c2":90,"004f1ef3":108,"7ee148e9":87,"836701f6":79,"971675c5":95,"60e855ee":98,"3c43e8a2":95,"e7e82473":109,"408bb2ed":78,"8f2a7d69":84,"4b3e3b1c":91,"db0a661e":94,"32c9fc47":87,"0d2c95fe":84,"d0c0fc08":77,"00554ffd":104,"b84a06eb":90,"5ee911b5":86,"0b5a0408":89,"49bf2e95":74,"54a676d6":77,"9fc713b0":94,"24d24fa3":91,"c7313e0a":98,"1a2c020b":80,"f121b82c":100,"dcf85091":75,"8e780922":92,"cc11fef9":99,"6fb4cdda":98,"4279e829":100,"a4296d1e":96,"7043382d":95,"aab4d996":89,"906632cb":88,"9bdf362a":78,"30fdcd3b":87,"c2bb8aae":84,"719c8869":106,"93683c82":80,"5ab7bc35":96,"4d9b0b10":94,"619fda68":102,"cc5a1d47":79,"61f25dd4":108,"0a2f71bc":78,"d141db49":83,"5339e1e9":85,"36684155":93,"6e98dfda":93,"730338c4":99,"72d7b461":103,"d957f027":85,"383e232d":86,"c67979e6":107,"f4726450":86,"0670c466":88,"4ed01268":84,"2a06ab95":97,"bb8a6337":82,"b7cc7909":86,"fb7482fe":80,"1f7607df":81,"42c80e69":97,"40860a4b":76,"a47abfbb":77,"57d5dee8":98,"13747b82":91,"4b4ef7fa":88,"a5aee5de":112,"35b58ef9":83,"a0bc1ceb":89,"c6e3d352":101,"a0cca8b7":78,"67d30f2b":87,"16b476e9":85,"ad2d7bed":94,"9a07d89b":95,"aa187e3b":76,"c463799d":100,"20811ddf":82,"eebc8d43":96,"6b82b527":89,"4c0e547b":90,"51a3e9c2":97,"33d6bb6a":79,"c6dc900c":67,"ec11fe5f":79,"aa76bc50":80,"3101354b":80,"00a481e3":101,"fe44fc6f":90,"95904ac4":102,"7c0a2db6":93,"d9a64845":89,"07f98660":98,"ded7da5a":95,"4eed1bea":92,"e1f0dbfd":103,"20777945":83,"79e4fa1c":85,"7d6895f4":90,"140ce69e":90,"945b63f0":119,"2cb29e5a":107,"ec2cb1af":90,"21ee2afe":98,"315537b2":86,"261c9911":98,"d599b566":106,"6085137f":67,"6d61bf13":82,"0b3283c9":92,"dc583e64":100,"09f0db62":115,"1951480c":88,"11888cfa":84,"c4aa1e38":79,"8aa78e2f":88,"50312237":95,"1f88a4b7":97,"608bc832":82,"ef16ca37":93,"f277386e":73,"3d1af513":96,"bab97de3":100,"92d38723":98,"26009d3f":83,"761cf820":88,"de36827b":110,"288d171f":87,"9b742f71":82,"b3863630":83,"acac14fb":86,"e9679ede":82,"e1571af7":89,"1a2ec5d7":86,"104721f0":88,"0785820e":97,"e28c2efc":83,"10ec5a0b":88,"a06a6430":83,"619fda68":103,"385ab7c6":90,"7be025ce":87,"19e9776f":96,"69134f07":89,"88fa53d6":81,"66b7b5b4":85,"4360a1a3":103,"868cda42":85,"d70ca4f4":103,"62d1d346":81,"75ffea08":89,"5cd3cfe0":74,"4c39240e":95,"3f9b5722":82,"527ff946":98,"8ec3834d":99,"26c390d6":83,"25d1b2d8":89,"fd07e0ed":90,"2b3e4717":91,"c0e2624b":82,"d1ca5d6b":98,"d1fe2868":92,"23760167":83,"22234d6b":93,"60d6cee2":91,"aaa274a5":91,"ccf8b803":82,"74e3d13e":91,"778c95e9":88,"4125085e":96,"c4bff41f":91,"5e09f69e":98,"c9efc8f6":87,"9f5e6cba":99,"b7df1559":92,"9c58dd76":102,"742f1425":84,"ac62fac2":106,"35b58ef9":84,"64a7f79f":83,"a0bc1ceb":90,"51a3e9c2":98,"e4117b3b":74,"ae99df30":92,"5f4102da":93,"fef750ca":96,"ea4d3f3e":101,"d4d5f466":88,"9d023afb":102,"dfcc2ad1":104,"730a4938":96,"d39724bc":86,"b102f7bd":92,"a5676c24":88,"cd522166":104,"5f96c2bc":82,"d78dd457":77,"71ba7561":87,"a15713c6":104,"e865e4dd":82,"00a481e3":102,"aa76bc50":81,"3454fa2b":80,"2cb29e5a":108,"9e206c95":100,"140ce69e":91,"3661e12d":83,"9de29816":74,"315537b2":87,"8ea21393":83,"805534ac":88,"913a6226":85,"a0ce82b4":97,"bc09fa9e":82,"fb8bfb36":104,"263762cb":81,"6d61bf13":83,"eda6a690":78,"2c5c1dc0":85,"3712c4bd":86,"09f0db62":116,"60e855ee":99,"26009d3f":84,"8f2a7d69":85,"3c782bb3":89,"3d1af513":97,"1f88a4b7":98,"0cb80f4a":85,"32c9fc47":88,"b377a62a":87,"6c73ae98":79,"489a39f7":80,"7a2f3f06":85,"36fb15d2":95,"49910300":85,"f4343817":90,"be2955bb":93,"ab7d4c9a":88,"4f59a322":86,"00a17b46":87,"6f39f4d9":105,"b9be31d6":95,"619fda68":104,"2ce1af05":78,"50c468ba":86,"e7abc88d":79,"0dad37d5":87,"c85a0d80":91,"b215547b":82,"7cd0ad7b":104,"1e232870":95,"9bdf362a":79,"19e9776f":97,"08a06557":110,"5272520d":87,"0841052c":91,"fbdffc95":81,"026766f3":89,"719c8869":107,"c0e2624b":83,"84369269":78,"bf822e33":93,"70bc8325":81,"8657c79d":105,"cb6c9e42":105,"2180f99b":94,"8a52882e":90,"d1ca5d6b":99,"44a4f7cd":87,"31f6ba51":89,"088feee2":100,"fb7482fe":81,"835358a0":82,"77f31bab":97,"dcfaba4c":90,"b7cc7909":87,"32133249":97,"d9d7c4c2":103,"467773ac":85,"3a1b9af5":93,"9c58dd76":103,"03c398d2":91,"baebb391":101,"6be9332a":86,"946df4fd":95,"0eaf08da":95,"804d4dfa":87,"d141db49":84,"be40590d":88,"c8fcad77":86,"93b0a158":92,"dffa7793":63,"a567ace4":90,"e35a63cd":96,"bf30a08f":106,"bd2705b0":110,"5f4102da":94,"2bcca6a7":104,"7735c3c2":82,"f2e3c0e3":78,"1bb4ccc0":91,"88ce179e":101,"1745a0f4":89,"00a481e3":103,"fee32863":85,"65e4235b":85,"7896b953":96,"28654c76":100,"313258f2":84,"dc03ebd2":109,"4abb7aed":89,"2ab62345":78,"24a9fb86":102,"e9a8cf11":91,"49902219":104,"25a7a0a3":89,"7080f122":86,"08c6b5d2":92,"2dda3936":88,"623c6a31":97,"36d340f2":76,"d1676e89":85,"2203f259":94,"83086d4c":101,"8dd649a3":82,"fe1d4419":91,"6b79fec2":82,"c7ab83c1":84,"d6db2b02":103,"792c9b6a":75,"0be540c5":91,"72b84094":108,"8f9b74b0":79,"27d8bf51":94,"c45d554f":90,"cd421290":82,"53747a91":93,"92136ff5":95,"629800eb":99,"76f94eda":87,"a85d89cc":85,"95539a58":73,"ef91eaae":71,"ba938220":84,"c803b4a3":91,"501db4de":91,"90a06ee9":84,"be2955bb":94,"972f4174":103,"dbc9df44":73,"d34a29b9":104,"d0d6acb1":84,"25d1b2d8":90,"faf3ed07":81,"508aac3d":91,"66d94227":80,"f4726450":87,"7db3edda":90,"37fbb107":103,"1e232870":96,"a8726d50":76,"cc6bbe45":81,"0c043224":101,"c4e70c07":89,"906632cb":89,"37a7d5b0":100,"e62d705f":78,"336d0f08":97,"07fc4a9a":92,"66554572":68,"cfe72ead":77,"9e878ec2":108,"17b08923":90,"00554ffd":105,"a24e6670":94,"49910300":86,"358e45b1":94,"4ac6bd4e":77,"ae8a09c4":86,"a636f4c9":102,"4cc141fa":68,"3e602573":80,"0eaf08da":96,"2d382981":93,"27c8e038":104,"dac109cf":86,"180377be":90,"49b358bd":92,"d9f512b9":96,"3b690f68":108,"c2bb8aae":85,"a33fe0dd":97,"cb4f262b":89,"abad2347":91,"eb2e1983":82,"04bef50c":69,"78b97937":99,"bec9d329":99,"1c0a9eff":88,"afe8e06a":84,"92ca52b7":97,"677c6a09":102,"fee32863":86,"00cf385d":100,"9d023afb":103,"313258f2":85,"c463799d":101,"a0cf08b3":77,"a5fd8ffd":96,"ed4fad08":99,"36b7003c":114,"2180f99b":95,"0681c48e":101,"835358a0":83,"449d8475":88,"1ed46298":108,"a625328f":101,"2b3e4717":92,"a6003226":85,"b35bb8a1":79,"b7cc7909":88,"6867261a":81,"ec2cb1af":91,"8dd2684c":95,"b9a48a5c":82,"014bdff0":99,"95d3d348":84,"c564e316":90,"8dc9b4db":97,"312f7676":91,"d1676e89":86,"805534ac":89,"bc09fa9e":83,"7d112f4d":92,"25e0dd3d":93,"9a80f004":81,"27d8bf51":95,"debe1f65":94,"6023df54":89,"ae016053":97,"dc03ebd2":110,"d5dae4c4":112,"2b698053":89,"1dad0f99":90,"d7cb9bcf":94,"87083264":102,"629800eb":100,"ef91eaae":72,"053f3451":89,"30dd2edc":99,"ccdd1ce6":87,"15620dca":100,"546f6845":102,"06ee61b6":80,"6b78ad7f":96,"fe578280":84,"c7313e0a":99,"ebdbf580":95,"8e780922":93,"317c1591":96,"54a676d6":78,"6d802fa2":84,"34658473":82,"bab97de3":101,"8493f3b2":89,"b2703001":92,"8d753bb6":72,"3652bd66":92,"f5829ac0":92,"c7c4ec5c":82,"28d41578":90,"fe0df575":106,"8d000d6e":81,"554ebb83":91,"a43061ee":80,"17807120":97,"03dcfa3d":90,"12271e14":87,"e6fac295":74,"87922532":99,"74e01f6a":80,"bd984a8e":91,"142d6987":96,"719c8869":108,"74f234c6":101,"d70ca4f4":104,"014460b9":109,"902f49f5":93,"caddd0a7":96,"5f620a1e":102,"3f9b5722":83,"b7505747":99,"bb98a6cf":106,"be40590d":89,"e786063b":93,"88fa53d6":82,"91b28f83":96,"55928ef1":94,"9147702f":78,"1f7607df":82,"5a0eb771":90,"7db3edda":91,"77bae750":79,"1f342a00":95,"50d129cf":85,"12534561":76,"911e770b":97,"254cc28c":100,"162a7348":93,"8a52882e":91,"fb7482fe":82,"e4714415":102,"815e4582":90,"fd369c21":100,"5f6613c8":73,"aff8e442":92,"6df0b2e8":109,"5ac86fb9":96,"31f6ba51":90,"fe1d4419":92,"f1dffa24":75,"f734c84c":114,"b6ee137a":83,"20777945":84,"a0cca8b7":79,"93e8cee5":103,"da3437cd":83,"7e8e1c3d":80,"3f65f121":94,"f2ca27d9":83,"140ce69e":92,"21ee2afe":99,"f3d68430":100,"7d6895f4":91,"fd6dcb20":89,"104721f0":89,"a5676c24":89,"290b4714":84,"831c7b85":91,"a15713c6":105,"20811ddf":83,"a0cf08b3":78,"92ca52b7":98,"d815c5b4":110,"abc1d7ad":101,"1bc0591f":93,"e4c312fe":89,"08a561b7":89,"730a4938":97,"d8e58a8c":98,"0042f6eb":90,"bec9d329":100,"be3a10f8":104,"345c9967":81,"07f98660":99,"fead11cf":82,"385ab7c6":91,"869cbaa0":107,"cb142908":84,"7fb4c521":86,"621d6b18":99,"53b4e647":102,"437fc3ec":89,"e238f09b":92,"317c1591":97,"60e855ee":100,"5270f158":87,"f044c0e1":72,"6a60348e":81,"82b81567":81,"5acaa06f":70,"f5829ac0":93,"4945c851":96,"ef16ca37":94,"b2703001":93,"31f6d707":105,"fb44fa9c":103,"b4fdf90e":96,"02d4753e":104,"1f88a4b7":99,"fa55f27a":103,"cac4449a":85,"13f0e139":85,"946df4fd":96,"be1746a0":86,"69134f07":90,"9b172ca8":79,"c85a0d80":92,"ebdbf580":96,"288d171f":88,"4ee62a26":83,"36380d96":100,"93683c82":81,"e786063b":94,"4777334c":80,"c8977844":94,"805af3c7":96,"61f25dd4":109,"430a5db5":103,"30c5d755":105,"ea6de194":99,"1e191c98":71,"df2b4d87":85,"5cd3cfe0":75,"ca7d47f7":92,"290b4714":85,"25a2844e":94,"124fbe96":83,"dc0c8b09":105,"8f10fa42":111,"04cc7cbe":83,"8bc04eb5":83,"2352c8ef":82,"05f6ab35":85,"f0a06216":87,"9a3ab0b8":75,"e4c312fe":90,"37d0cae2":87,"50b558a7":74,"52eca0dc":89,"73b15e04":91,"b2bd8fd3":88,"2198ba8e":84,"5a07fc2e":79,"527ff946":99,"77bae750":80,"6e851762":78,"a1370ab0":93,"84b767be":107,"a939b50b":93,"e9a8cf11":92,"3c6692a3":108,"0f1ac912":78,"5e09f69e":99,"84b67924":97,"35aa7fd0":106,"8ec3834d":100,"3062379b":77,"71279c46":87,"7e15f8e8":90,"084cbc0b":85,"254cc28c":101,"6867261a":82,"61d4782d":91,"913a6226":86,"25e0dd3d":94,"3007f31f":86,"5fa12feb":88,"b6ee137a":84,"7bebff03":79,"2209903e":95,"22176537":83,"36d340f2":77,"9a467a82":91,"217c0327":66,"3454fa2b":81,"623c6a31":98,"7080f122":87,"b28a5e67":95,"d5dae4c4":113,"ef8987d7":83,"5f96c2bc":83,"3c0df8b4":95,"cf1b8c47":101,"629800eb":101,"87083264":103,"621d6b18":100,"ac030e74":82,"a85d89cc":86,"ef14000f":94,"faf4f98b":96,"3e082b37":79,"3f2522c2":91,"8e4c33d2":97,"8dc9b4db":98,"f6fe095d":108,"095ab3b4":79,"a24e6670":95,"77d35808":90,"1bd5b20b":96,"6291e9e9":91,"b552beb3":86,"792c9b6a":76,"5ee911b5":87,"e36dfd6f":86,"5678ed7b":114,"cd95f558":97,"e7e82473":110,"36fb15d2":96,"4ea4a2a1":102,"de36827b":111,"288afc30":89,"03dcfa3d":91,"cbad3b92":106,"59c1e594":94,"24d24fa3":92,"4febf7c5":95,"c6e3d352":102,"ad8f85d6":99,"1a68160d":92,"f598a332":85,"f121b82c":101,"145c7559":101,"19e9776f":98,"c0fea118":86,"74f234c6":102,"9b172ca8":80,"24ffcbd3":102,"30dbfc69":86,"b215547b":83,"e786063b":95,"6e24d88b":87,"b320feb9":90,"f4634d0b":80,"7e76c93c":99,"61f25dd4":110,"49b358bd":93,"94a2fe10":96,"e32524d6":93,"d141db49":85,"ea4d3f3e":102,"dd3913d2":89,"dffa7793":64,"a59a8290":87,"51a3e9c2":99,"3062379b":78,"272c7672":94,"2180f99b":96,"4ed01268":85,"0fc5ac7e":112,"527ff946":100,"884b0ad1":88,"cb6c9e42":106,"a6003226":86,"de6213c7":90,"36b7003c":115,"72d7b461":104,"af034fee":82,"394dc144":87,"68562193":79,"5d087c79":86,"36684155":94,"5774ac0d":99,"c64de0c0":79,"a1370ab0":94,"227006e4":85,"9d0546ac":84,"25e0dd3d":95,"85de05f2":91,"efd23af5":87,"51c57542":92,"2b3c49b9":93,"5c82d1ce":91,"49902219":105,"0e036ae9":103,"1d153b20":91,"9a467a82":92,"558d5ce7":91,"7080f122":88,"416a9e97":84,"9a07d89b":96,"ad2d7bed":95,"70ee0491":72,"54d7de6b":104,"7ee7621c":92,"fef750ca":97,"04cc7cbe":84,"c6dc900c":68,"fee32863":87,"a901627e":77,"61145ec9":100,"012de09c":85,"7c0a2db6":94,"2c6cb96f":77,"f905a555":84,"2dd0e808":89,"07f98660":100,"7a840529":65,"d7cb9bcf":95,"753ca352":79,"836701f6":80,"317c1591":98,"6ce84ff8":85,"95d3d348":85,"6085137f":68,"e8f173b5":88,"8dc9b4db":99,"95bc84f1":81,"fa55f27a":104,"82868763":88,"11888cfa":85,"4ea4a2a1":103,"d36125db":99,"6c73ae98":80,"5a0ead91":85,"a533489b":97,"0d2c95fe":85,"b552beb3":87,"4f5e3e7d":80,"761cf820":89,"06073f13":93,"17807120":98,"aefe13f5":94,"cf52025e":83,"6b78ad7f":97,"69134f07":91,"655954ba":90,"b215547b":84,"704bce0d":89,"f4634d0b":81,"a3253019":87,"026766f3":90,"f2086446":93,"6e24d88b":88,"dae0f922":94,"04ea5673":95,"4ee62a26":84,"0b959527":87,"0841052c":92,"9e65c0ef":83,"7e76c93c":100,"b6591e25":88,"ea6de194":100,"4c39240e":96,"ffc86f94":70,"7a4c064c":97,"7fb4c521":87,"a06a6430":84,"ee21ad02":100,"5b5fc566":88,"508aac3d":92,"70bc8325":82,"7e991ab9":75,"4bcd4a30":108,"2180f99b":97,"faf3ed07":82,"97e75c19":106,"9147702f":79,"c4bff41f":92,"6e851762":79,"5a0eb771":91,"5eaa1581":88,"0681c48e":102,"ccf8b803":83,"03b4ab60":94,"c67979e6":108,"2ab62345":79,"bad1a1cc":76,"39a2fcce":77,"9f5e6cba":100,"42c80e69":98,"ad8f85d6":100,"03c398d2":92,"d8475b95":69,"d82592f4":95,"53747a91":94,"da3437cd":84,"7d112f4d":93,"93e8cee5":104,"6490bac6":85,"c8dc010f":105,"df81ddee":84,"945b63f0":120,"217c0327":67,"175bc6b2":78,"2dda3936":89,"22ecaed0":79,"57540cc3":98,"dfa1a89b":82,"7ee7621c":93,"7af262e5":91,"4652b09a":114,"bd62d7ed":79,"7735c3c2":83,"5eab91a0":94,"33d6bb6a":80,"b102f7bd":93,"6841f77e":98,"9b546d65":80,"20958d58":84,"a567ace4":91,"a901627e":78,"7ae34c64":101,"a5676c24":90,"313258f2":86,"810aa5e9":94,"aa867541":78,"65e4235b":86,"3712c4bd":87,"e7773397":76,"42191b64":75,"39bbc4bc":107,"3e082b37":80,"a77e127d":70,"f6fe095d":109,"1438fad7":96,"88a30343":91,"3310a049":90,"9263c525":89,"e0f7679f":81,"4ac6bd4e":78,"a4dafea5":88,"e36dfd6f":87,"cd95f558":98,"f044c0e1":73,"a533489b":98,"332820ce":93,"de11eb19":105,"8323d333":81,"c7313e0a":100,"90a06ee9":85,"c4feee5b":90,"c21ab51e":73,"dcf85091":76,"110b1ee3":96,"c85a0d80":93,"5e193fc8":95
1604737530242,"3e602573":81,"4cc141fa":69,"a636f4c9":103,"2198ba8e":85,"b7df1559":93,"aefe13f5":95,"59c1e594":95,"2c5c1dc0":86,"f5cd79c1":82,"b769bdfb":95,"3a204e56":99,"3c43e8a2":96,"95d3d348":86,"c7ab83c1":85,"f069bb07":85,"3c6692a3":109,"ef1c2dcb":89,"7db3edda":92,"84b767be":108,"d5557fb4":100,"a6626a13":78,"84369269":79,"cbb54a0a":76,"be149c6f":81,"a1921150":94,"6e98dfda":94,"3c18f28e":88,"a6003226":87,"f4b2f575":72,"95f6db13":85,"bab97de3":102,"11888cfa":86,"50312237":96,"1db42092":108,"288afc30":90,"5678ed7b":115,"9e878ec2":109,"5ee911b5":88,"cf50e84e":95,"2e99f8fd":82,"045f280d":94,"0ac825ed":94,"b35e9e1a":125,"01cd8099":96,"cbad3b92":107,"c609739e":92,"27c8e038":105,"cac4449a":86,"99d130c9":105,"e8d74304":76,"056ea7ff":95,"9aa6a054":89,"abd32136":89,"f1df62b4":86,"4f59a322":87,"9c29f0ed":104,"8fb236a9":85,"a47abfbb":78,"d1fe2868":93,"9f5e6cba":101,"91d52a55":90,"6df0b2e8":110,"a2c334e7":109,"0277d748":101,"12012fbd":89,"53a8613c":107,"ac38a6a5":99,"a63bddd4":114,"6143f39d":83,"d1715f3b":94,"c0b23081":100,"6ee92259":92,"6841f77e":99,"bb00e71c":72,"c510bfd3":104,"1c0a9eff":89,"2bcca6a7":105,"062179c1":91,"fea793f5":92,"05f6ab35":86,"11b74e63":88,"f67de058":93,"d634aa28":107,"3f9b5722":84,"c015ec5a":89,"1a2ec5d7":87,"75ffea08":90,"31408822":82,"d9f512b9":97,"f1b493de":99,"a577db1c":80,"be40590d":90,"e32524d6":94,"7be025ce":88,"b320feb9":91,"09f0db62":117,"014bdff0":100,"b769bdfb":96,"ef1c2dcb":90,"2d54e0a8":77,"eb7b4e29":79,"1d790491":94,"730338c4":100,"312f7676":92,"5410e9c6":97,"971675c5":96,"836701f6":81,"49910300":87,"a4dafea5":89,"de11eb19":106,"408bb2ed":79,"88a30343":92,"02d4753e":105,"de36827b":112,"a6bcb07e":99,"f9c15fcc":98,"67f6e4f2":92,"26009d3f":85,"2cce4fb2":96,"8245f916":74,"1ff8c2fc":94,"4cc141fa":70,"d82592f4":96,"dd1fcb17":84,"be3a10f8":105,"30c184b8":99,"8a165e17":92,"fe44fc6f":91,"aa76bc50":82,"08a561b7":90,"8db5a165":77,"d5dae4c4":114,"c91966ce":80,"ad303bda":95,"7566fdd6":107,"c803b4a3":92,"4f59a322":88,"6034b6d0":98,"629800eb":102,"c38c2b52":89,"71bc1295":86,"b460f030":104,"ad8f85d6":101,"0f72f2d8":90,"cd421290":83,"3007f31f":87,"a0cca8b7":80,"21ad2f34":88,"7b6a7048":92,"6b9eff39":88,"79e4fa1c":86,"508aac3d":93,"99e171db":94,"bad1a1cc":77,"7db3edda":93,"1a0189c4":86,"fd07e0ed":91,"9d63c4dd":85,"51f80f4c":95,"61d4782d":92,"789bd484":88,"03b4ab60":95,"c81b2bcf":79,"8cddb65e":92,"42c80e69":99,"deb31f35":96,"12534561":77,"0e036ae9":104,"51f57142":101,"e9adbe58":87,"a77e8461":89,"3661e12d":84,"eeaa2d46":98,"bb99c79c":89,"4258c176":88,"3b2dee89":89,"8007f30e":65,"d548635d":90,"c85a0d80":94,"704bce0d":90,"4e3f5178":96,"0a92153e":92,"4360a1a3":104,"168e75d9":95,"66b7b5b4":86,"1e232870":97,"74f234c6":103,"d033db8d":98,"30d84dce":84,"49b358bd":94,"c2bb8aae":86,"5ab7bc35":97,"ca7d47f7":93,"f1b493de":100,"e32524d6":95,"719c8869":109,"92f800f5":93,"b320feb9":92,"8dc9b4db":100,"e7773397":77,"016953e4":101,"fb7b7b3c":99,"8b2b601d":89,"d1676e89":87,"1b153aef":92,"3f2522c2":92,"95f6db13":86,"5a0ead91":86,"608bc832":83,"363590c7":93,"69f3bfcc":89,"6d802fa2":85,"7a6aa4b6":91,"ef16ca37":95,"0b5a0408":90,"36fb15d2":97,"45fb95c1":93,"6f0fcb9d":94,"a4dafea5":90,"74e01f6a":81,"1bb4ccc0":92,"20958d58":85,"6ee92259":93,"6c524f99":84,"2a76f1dd":80,"11b74e63":89,"f67de058":94,"bd2705b0":111,"c6dc900c":69,"bb00e71c":73,"9a3ab0b8":76,"d8e58a8c":99,"d5dae4c4":115,"5f96c2bc":84,"a5676c24":91,"cf1b8c47":102,"56473430":94,"dd035d2a":90,"2b698053":90,"95539a58":74,"3e602573":82,"dfc89705":90,"e6fac295":75,"ded7da5a":96,"feb67030":88,"3007f31f":88,"805534ac":90,"21e10a2b":92,"d25e0f8d":103,"51c57542":93,"ae8a09c4":87,"bc392d1c":79,"cbad3b92":108,"d1ca5d6b":100,"70bc8325":83,"b947257e":106,"22234d6b":94,"9d63c4dd":86,"e58b26f6":89,"bad1a1cc":78,"a939b50b":94,"eb7b4e29":80,"1a0189c4":87,"c793cdda":91,"a983a6dc":87,"527ff946":101,"5339e1e9":86,"c4bff41f":93,"d6d61bfc":99,"3a1d1632":72,"51f80f4c":96,"b7cc7909":89,"24a9fb86":103,"64db4feb":108,"9a467a82":93,"eafbf9fb":86,"49902219":106,"172217e5":96,"0d28db94":84,"0bfabf48":83,"9aa6a054":90,"8ac72326":77,"c38c2b52":90,"685207b3":93,"53431634":108,"1a68160d":93,"c85a0d80":95,"06ee61b6":81,"d0c104c4":66,"7cd0ad7b":105,"4e3f5178":97,"9d4da635":65,"501db4de":92,"902f49f5":94,"d9f512b9":98,"dae0f922":95,"7be025ce":89,"56d315d8":77,"e786063b":96,"0c043224":102,"a577db1c":81,"3bad3c95":77,"2154b6e8":83,"ca7d47f7":94,"a63bddd4":115,"ec2cb1af":92,"945b63f0":121,"1f7607df":83,"fb7b7b3c":100,"f5cd79c1":83,"2c5c1dc0":87,"fe1d4419":93,"004f1ef3":109,"a77e127d":71,"e81834aa":102,"11888cfa":87,"5ee911b5":89,"3f2522c2":93,"1438fad7":97,"761cf820":90,"3c782bb3":90,"3652bd66":93,"06ddafc7":79,"00554ffd":106,"d39724bc":87,"e5b1abc6":83,"dffa7793":65,"f0a06216":88,"6a7392d5":80,"290b4714":86,"f5e8dfee":104,"062179c1":92,"bb00e71c":74,"a8c93bed":93,"bec9d329":101,"a66a2d8a":106,"ba586505":86,"1745a0f4":90,"d9a64845":90,"0a1d11e6":76,"b28a5e67":96,"810aa5e9":95,"49cb2959":100,"a472532e":86,"906fdec3":81,"cf50e84e":96,"b4fdf90e":97,"b377a62a":88,"d6db2b02":104,"72b84094":109,"e2cbe594":83,"9d0546ac":85,"25e0dd3d":96,"5fa12feb":89,"6bc5d32a":108,"ecfa8249":100,"92d38723":99,"792cfcbd":81,"f1098793":91,"27c8e038":106,"87ce8d1d":77,"ac62fac2":107,"9fc713b0":95,"804d4dfa":88,"f069bb07":86,"92efd84f":92,"8cd78f77":109,"8657c79d":106,"2b3e4717":93,"2f455cce":93,"884b0ad1":89,"5a0eb771":92,"088feee2":101,"cf775f58":90,"9d63c4dd":87,"c4bff41f":94,"2a387957":94,"288a2c43":82,"9d9dd9e5":83,"540df50f":99,"5f6613c8":74,"42c80e69":100,"5ac86fb9":97,"e9a8cf11":93,"09560615":75,"eeaa2d46":99,"2cb29e5a":109,"08c6b5d2":93,"07f98660":101,"50c468ba":87,"d7cb9bcf":96,"ef91eaae":73,"7566fdd6":108,"9f74b8a4":85,"053f3451":90,"8e780922":94,"a3253019":88,"c21ab51e":74,"d34a29b9":105,"77300e4a":83,"31408822":83,"168e75d9":96,"902f49f5":95,"f1b493de":101,"90a06ee9":86,"3f9b5722":85,"20e470e0":85,"44c77422":93,"30fdcd3b":88,"c4e70c07":90,"1a2ec5d7":88,"62d1d346":82,"3bad3c95":78,"d6f0d94a":79,"1623fc9f":94,"4d35385e":87,"ac38a6a5":100,"36d340f2":78,"09f0db62":118,"836701f6":82,"c318d350":97,"93ac9ca3":87,"19f9ca86":94,"6ce84ff8":86,"fb7b7b3c":101,"28d41578":91,"8aa78e2f":89,"31f6d707":106,"ee21ad02":101,"c0b23081":101,"5b5fc566":89,"f2e3c0e3":79,"9a3ab0b8":77,"bf30a08f":107,"11b74e63":90,"05f6ab35":87,"dfcc2ad1":105,"aa187e3b":77,"d83870f5":88,"20958d58":86,"c6dc900c":70,"b28a5e67":97,"50b558a7":75,"c91966ce":81,"db8ba455":95,"45b5746e":91,"f789f6d8":103,"91f7ef72":89,"3101354b":81,"26009d3f":86,"2e99f8fd":83,"b84a06eb":91,"82b81567":82,"1438fad7":98,"c7c4ec5c":83,"a3d4a0e5":94,"a533489b":99,"a81a857c":88,"a0ce82b4":98,"8f9b74b0":80,"4e5aaaec":81,"debe1f65":95,"bfad1727":79,"7bebff03":80,"d0b297b2":76,"5678ed7b":116,"336d0f08":98,"064a99c8":83,"dfc89705":91,"64a7f79f":84,"9fc713b0":96,"35b58ef9":85,"792cfcbd":82,"481754fc":75,"aaa274a5":92,"0d2a1c58":83,"ea822700":72,"84b767be":109,"e58b26f6":90,"f069bb07":87,"084cbc0b":86,"2a387957":95,"91d52a55":91,"dc473de1":89,"50d129cf":86,"d6d61bfc":100,"1a0189c4":88,"4125085e":97,"540df50f":100,"66d94227":81,"c93c3508":72,"650bb0e0":96,"aff8e442":93,"24a9fb86":104,"bb8a6337":83,"869cbaa0":108,"e57d5cda":102,"c803b4a3":93,"7e95c5a0":89,"b73e789c":85,"f7231212":89,"6034b6d0":99,"547903ef":105,"b3863630":84,"06ee61b6":82,"d34a29b9":106,"470d50c2":89,"c4feee5b":91,"b2c25d1c":84,"1a2ec5d7":89,"e9679ede":83,"c8977844":95,"93683c82":82,"74f234c6":104,"ddec9e54":88,"902f49f5":96,"2154b6e8":84,"5272520d":88,"df2b4d87":86,"cc6bbe45":82,"f8b31ce5":113,"dfa1a89b":83,"eeaa2d46":100,"21ee2afe":100,"3454fa2b":82,"88432019":87,"ac38a6a5":101,"a63bddd4":116,"5781776a":95,"09ff339a":73,"8274885a":101,"971675c5":97,"51a3e9c2":100,"935ec056":79,"55928ef1":95,"f56ac638":78,"afe8e06a":85,"8bc04eb5":84,"fef750ca":98,"ad2d7bed":96,"d4d5f466":89,"0f89862c":87,"e356abf1":98,"a567ace4":92,"2352c8ef":83,"a472532e":87,"6a7392d5":81,"3101354b":82,"fe44fc6f":92,"b28a5e67":98,"f789f6d8":104,"906fdec3":82,"8a165e17":93,"0d2c95fe":86,"8245f916":75,"62d1d346":83,"5ab7bc35":98,"ffc86f94":71,"3b7763b1":77,"e2a7d915":80,"8f9b74b0":81,"66554572":69,"26f99a1e":89,"8323d333":82,"f6fe095d":110,"54a676d6":79,"fe1d4419":94,"e0e6a097":89,"4b3e3b1c":92,"a543ec74":88,"508aac3d":94,"2180f99b":98,"dd7acb96":90,"fd07e0ed":92,"e58b26f6":91,"4bcd4a30":109,"778c95e9":89,"9d63c4dd":88,"d957f027":86,"48efc739":110,"bda8cdfb":96,"6e98dfda":95,"6df0b2e8":111,"650bb0e0":97,"faf3ed07":83,"a1370ab0":95,"76f3a3be":85,"5a734022":82,"51f80f4c":97,"deb31f35":97,"71a2a493":67,"49910300":88,"608bc832":84,"56752a4a":82,"6ebe2354":77,"8c6e001f":80,"de36827b":113,"946df4fd":97,"4ac6bd4e":79,"ce4da56f":93,"9c58dd76":104,"5f8517b7":111,"2198ba8e":86,"bc392d1c":80,"4d9b0b10":95,"d5059415":95,"d7cb9bcf":97,"753ca352":80,"e4cfef0a":78,"4930f321":82,"385ab7c6":92,"805534ac":91,"913a6226":87,"70594a28":87,"201cafad":82,"685207b3":94,"79f04300":88,"f3992a31":90,"dcf85091":77,"90a06ee9":87,"a4296d1e":97,"c5b35e4d":87,"142d6987":97,"1e7753d9":109,"f4634d0b":82,"7cd0ad7b":106,"9c045c61":94,"ac38a6a5":102,"9e206c95":101,"7d6895f4":92,"6d5fcd4c":96,"22176537":84,"d1715f3b":95,"971675c5":98,"c318d350":98,"3e082b37":81,"2882a956":90,"9a3ab0b8":78,"0d770b97":93,"6c524f99":85,"e0e48a2d":90,"bd62d7ed":80,"d78dd457":78,"012de09c":86,"bf30a08f":108,"cfafcda8":91,"7735c3c2":84,"00a481e3":104,"bb00e71c":75,"c463799d":102,"3f2522c2":94,"059d6c19":105,"467773ac":86,"4577b333":89,"a33fe0dd":98,"be40590d":91,"ba30e43a":108,"c0b0f492":102,"c015ec5a":90,"dac109cf":87,"a577db1c":82,"8274885a":102,"c0b7e7d7":77,"d9dcdc4b":108,"dc583e64":101,"e7e82473":111,"6db0ea86":98,"59431390":93,"6585adbe":77,"ce4da56f":94,"608bc832":85,"bbe71605":84,"e36dfd6f":88,"45b038bb":106,"c4aa1e38":80,"0cb80f4a":86,"554ebb83":92,"9263c525":90,"6e851762":80,"92efd84f":93,"aaa274a5":93,"0d2a1c58":84,"2c627253":84,"fb7482fe":83,"25d1b2d8":91,"6a3eaf43":89,"2b3e4717":94,"f66616b7":92,"be149c6f":82,"5339e1e9":87,"2132fe93":99,"181c3dd5":90,"1634789b":94,"e4714415":103,"9d9dd9e5":84,"9d63c4dd":89,"7af9d3b1":97,"17446892":86,"a2c334e7":110,"73b15e04":92,"a543ec74":89,"792cfcbd":83,"c6e3d352":103,"dfc89705":92,"13f0e139":86,"0f72f2d8":91,"f5e8dfee":105,"d8e58a8c":100,"1c0a9eff":90,"6023df54":90,"a15713c6":106,"1d44aff3":101,"a0cf08b3":79,"07f98660":102,"4d9b0b10":96,"c38c2b52":91,"50c468ba":88,"9f74b8a4":86,"2b698053":91,"9fce073c":91,"25e0dd3d":97,"4e5aaaec":82,"44ff8baa":84,"2ad42a9e":91,"5fa12feb":90,"ecfa8249":101,"40e79dd3":87,"470d50c2":90,"b3863630":85,"2e3503e4":93,"8e99d5d0":97,"1247fa52":95,"c382f054":99,"754f98c9":91,"f2ca27d9":84,"12012fbd":90,"22176537":85,"1d153b20":92,"bb99c79c":90,"eafbf9fb":87,"be4f8ba8":93,"fb7b7b3c":102,"5cd3cfe0":76,"d70ca4f4":105,"20e470e0":86,"dae0f922":96,"c015ec5a":91,"026766f3":91,"b6591e25":89,"75ffea08":91,"d9d7c4c2":104,"0c043224":103,"fce3c5c6":79,"dac109cf":88,"c4e70c07":91,"4def63ee":68,"7ee7621c":94,"9d4f1fe6":86,"fee32863":88,"478d2d4f":100,"aa187e3b":78,"7af262e5":92,"677c6a09":103,"4abb7aed":90,"fea793f5":93,"a59a8290":88,"aa76bc50":83,"c463799d":103,"935ec056":80,"7896b953":97,"e6ec8cbf":100,"30c184b8":100,"0042f6eb":91,"5f96c2bc":85,"fafb4cc2":121,"56473430":95,"6085137f":69,"c564e316":91,"27f52ed3":109,"d1676e89":88,"6b79fec2":83,"32c9fc47":89,"f2470875":104,"95bc84f1":82,"d6db2b02":105,"1db42092":109,"ea274174":95,"54a676d6":80,"7ae3fc50":82,"2e99f8fd":84,"50c3164b":99,"084cbc0b":87,"39ba00f0":94,"8657c79d":107,"5a07fc2e":80,"f4726450":88,"272c7672":95,"31d74eee":85,"97e75c19":107,"d5557fb4":101,"527ff946":102,"7e15f8e8":91,"aec4e1bf":88,"dc473de1":90,"37fbb107":104,"d957f027":87,"c93c3508":73,"0ecfa1c9":89,"489a39f7":81,"7a6aa4b6":92,"6d802fa2":86,"608bc832":86,"358e45b1":95,"761cf820":91,"03dcfa3d":92,"742f1425":85,"e8d74304":77,"a636f4c9":104,"cac4449a":87,"74e01f6a":82,"99d130c9":106,"74c26380":91,"7a840529":66,"76f94eda":88,"053f3451":91,"6a5b71b4":94,"9aa6a054":91,"c8113b77":78,"ae95f2ba":106,"07107f6e":93,"5c82d1ce":92,"9a80f004":82,"7b6a7048":93,"4eed1bea":93,"bc09fa9e":84,"e2cbe594":84,"104721f0":90,"69134f07":92,"a836aa93":96,"13747b82":92,"e4714415":104,"6632fed0":98,"57540cc3":99,"315537b2":88,"53a8613c":108,"8cc4a982":89,"09560615":76,"bb99c79c":91,"416a9e97":85,"935ec056":81,"fe8f3d36":77,"54d7de6b":105,"478d2d4f":101,"11b74e63":91,"dd3913d2":90,"6841f77e":100,"c510bfd3":105,"79be29c8":90,"91b28f83":97,"0042f6eb":92,"95904ac4":103,"cb4f262b":90,"a66a2d8a":107,"bd62d7ed":81,"e865e4dd":83,"c4feee5b":92,"f3992a31":91,"6b78ad7f":98,"1a68160d":94,"f883d582":85,"142d6987":98,"d70ca4f4":106,"cd3bbe7e":89,"4c39240e":97,"cf1124db":80,"b5ce0c0c":100,"1e191c98":72,"4577b333":90,"db703021":84,"75ffea08":92,"62d1d346":84,"dac109cf":89,"638cb163":104,"8e4c33d2":98,"25635c37":79,"e7773397":78,"c0b7e7d7":78,"26f99a1e":90,"bab97de3":103,"eda6a690":79,"ce4da56f":95,"d1676e89":89,"26c390d6":84,"fd369c21":101,"5747db6e":100,"bca2d7cd":91,"d552eb2f":101,"fb7482fe":84,"9ab755d3":83,"e15fd611":74,"66d94227":82,"bf822e33":94,"1b881e6e":98,"842c8340":83,"68562193":80,"d957f027":88,"0d2c95fe":87,"f277386e":74,"0114160e":96,"1b153aef":93,"6291e9e9":92,"6f0fcb9d":95,"411b5027":92,"7ae3fc50":83,"5acaa06f":71,"4ba6eb36":92,"a533489b":100,"cd95f558":99,"23080895":81,"e8d74304":78,"03dcfa3d":93,"2198ba8e":87,"74e01f6a":83,"2c24d929":98,"ac62fac2":108,"616d6dd6":87,"b2cfdbcf":94,"28654c76":101,"5ef93e5d":69,"2c6cb96f":78,"c8113b77":79,"91536e85":98,"77bfed7e":87,"b9be31d6":96,"b73e789c":86,"a06a6430":85,"8ac72326":78,"a851554d":102,"e2cbe594":85,"ded7da5a":97,"8ea21393":84,"40e79dd3":88,"20777945":85,"2209903e":96,"4125085e":98,"1d790491":95,"c4bff41f":95,"40860a4b":77,"3c18f28e":89,"24a9fb86":105,"725dce8b":105,"0e036ae9":105,"140ce69e":93,"88432019":88,"4d35385e":88,"d6320619":90,"bb99c79c":92,"21ee2afe":101,"54d7de6b":106,"91b28f83":98,"bb00e71c":76,"ee21ad02":102,"9a3ab0b8":79,"2bcca6a7":106,"4258c176":89,"cb51f134":99,"0a92153e":93,"b3863630":86,"06ee61b6":83,"1a68160d":95,"754f98c9":92,"f2086446":94,"5cd3cfe0":77,"381c68fa":94,"dae0f922":97,"1a2ec5d7":90,"7be025ce":90,"026766f3":92,"a33fe0dd":99,"4360a1a3":105,"ba30e43a":109,"cf1124db":81,"57167c74":91,"014460b9":110,"92f800f5":94,"04ea5673":96,"93ac9ca3":88,"6d61bf13":84,"92efd84f":94,"5a07fc2e":81,"f4726450":89,"88b3bc99":84,"d744bee2":86,"95d3d348":87,"695a2b92":83,"26f99a1e":91,"6ce84ff8":87,"8cf83787":76,"a77e127d":72,"8aa78e2f":90
1604737531149,"6b82b527":90,"7fdc2007":87,"cfafcda8":92,"d4d5f466":90,"65e4235b":87,"c510bfd3":106,"6e44927f":76,"61145ec9":101,"20958d58":87,"f3a0c2ee":87,"d78dd457":79,"012de09c":87,"52eca0dc":90,"dd035d2a":91,"056ea7ff":96,"619fda68":105,"7566fdd6":109,"87083264":104,"7fb4c521":88,"7a840529":67,"9fce073c":92,"e1f0dbfd":104,"7e8e1c3d":81,"b6ee137a":85,"53747a91":95,"ccb5ea3e":78,"5a622a23":90,"20777945":86,"730338c4":101,"394dc144":88,"e15fd611":75,"272c7672":96,"97e75c19":108,"2a387957":96,"d5557fb4":102,"a47abfbb":79,"b88033fd":93,"12534561":78,"aff8e442":94,"181c3dd5":91,"bb00e71c":77,"dffa7793":66,"d4d5f466":91,"9d4f1fe6":87,"fe8f3d36":78,"935ec056":82,"f5e8dfee":106,"124fbe96":84,"f2e3c0e3":80,"5eab91a0":95,"a0685bf3":103,"fee32863":89,"45b5746e":92,"afe8e06a":86,"7c0a2db6":95,"c510bfd3":107,"43bc86e3":84,"dcf85091":78,"9b172ca8":81,"f76a3e83":95,"c382f054":100,"77300e4a":84,"b2c25d1c":85,"bd984a8e":92,"f1b493de":102,"655941a0":95,"5cd3cfe0":78,"a4f1d83b":97,"7a9344a4":109,"caddd0a7":97,"d634aa28":108,"a68a93b2":81,"a81a857c":89,"f8b31ce5":114,"4577b333":91,"75ffea08":93,"a577db1c":83,"e32524d6":96,"5ef93e5d":70,"3c0df8b4":96,"61145ec9":102,"195eb771":88,"c4bff41f":96,"42c80e69":101,"725dce8b":106,"6632fed0":99,"12dd6f5e":83,"558d5ce7":92,"53a8613c":109,"a77e8461":90,"be4f8ba8":94,"08c6b5d2":94,"22ecaed0":80,"0785820e":98,"10ec5a0b":89,"619fda68":106,"c8113b77":80,"4f59a322":89,"4930f321":83,"faf4f98b":97,"da3437cd":85,"b6ee137a":86,"92136ff5":96,"d25e0f8d":104,"7e8e1c3d":82,"0149e11a":82,"ab7467de":106,"b552beb3":88,"0114160e":97,"66554572":70,"792c9b6a":77,"8b2b601d":90,"408bb2ed":80,"868edcc0":97,"d33790a2":101,"b35e9e1a":126,"761cf820":92,"d0b297b2":77,"49bf2e95":75,"eed20185":100,"812b4f15":78,"13f0e139":87,"64a7f79f":85,"e8d74304":79,"0eaf08da":97,"03c398d2":93,"aaa274a5":94,"6751d8e4":106,"1f342a00":96,"84b767be":110,"e58b26f6":92,"f4726450":90,"f4b2f575":73,"37fbb107":105,"b7832271":96,"bf822e33":95,"aa187e3b":79,"dffa7793":67,"290b4714":87,"fee32863":90,"20811ddf":84,"d39724bc":88,"4c0e547b":91,"d83870f5":89,"2352c8ef":84,"36380d96":101,"470d50c2":91,"1247fa52":96,"1a68160d":96,"34c5c729":93,"efe84c27":85,"c382f054":101,"cc11fef9":100,"ddec9e54":89,"9316e7e8":74,"906632cb":90,"61f25dd4":111,"1a2ec5d7":91,"719c8869":110,"dae0f922":98,"7043382d":96,"fce3c5c6":80,"c0b0f492":103,"e3547548":80,"92f800f5":95,"e32524d6":97,"677c6a09":104,"70ee0491":73,"b8488fc8":94,"08a561b7":91,"6c524f99":86,"9b546d65":81,"7ae34c64":102,"1d44aff3":102,"43bc86e3":85,"83b2f9c5":101,"781ace7d":92,"45b5746e":93,"2a387957":97,"5eaa1581":89,"66d94227":83,"60d6cee2":92,"50d129cf":87,"b7cc7909":90,"d957f027":89,"bc3dc66a":93,"031e488e":92,"c9efc8f6":88,"5f6613c8":75,"09560615":77,"ef8321d8":87,"53a8613c":110,"25a7a0a3":90,"2cb29e5a":110,"57540cc3":100,"172217e5":97,"f7231212":90,"f1df62b4":87,"9c29f0ed":105,"7a4c064c":98,"93b9fae6":81,"feb67030":89,"5c82d1ce":93,"4295ce9a":101,"4dac6b20":79,"201cafad":83,"93e8cee5":105,"ded7da5a":98,"d2466211":111,"7a840529":68,"016953e4":102,"363590c7":94,"b935fc1c":85,"f2470875":105,"004f1ef3":110,"3e082b37":82,"95bc84f1":83,"bab97de3":104,"27f52ed3":110,"0114160e":98,"3310a049":91,"a24e6670":96,"fe0df575":107,"28d41578":92,"8323d333":83,"49910300":89,"b7407bd3":83,"db0a661e":95,"7ae3fc50":84,"d102b0c6":79,"9263c525":91,"74e01f6a":84,"03c398d2":94,"9c58dd76":105,"c27969ec":91,"35b58ef9":86,"9fc713b0":97,"88ce179e":102,"f67de058":95,"fee32863":91,"fea793f5":94,"20811ddf":85,"e35a63cd":97,"69d4b754":84,"1a2c020b":81,"4e3f5178":98,"ebdbf580":97,"972f4174":104,"06ee61b6":84,"501db4de":93,"9d4da635":66,"026766f3":93,"f883d582":86,"bb98a6cf":107,"381c68fa":95,"26ed1a5c":90,"e1571af7":90,"655941a0":96,"dac109cf":90,"0a2f71bc":79,"24ffcbd3":103,"b5ce0c0c":101,"dc0c8b09":106,"a6b5e869":86,"7bda83dd":92,"ae99df30":93,"28654c76":102,"c6dc900c":71,"45b5746e":94,"6b82b527":91,"87922532":100,"1d44aff3":103,"bd2705b0":112,"6c524f99":87,"a15713c6":107,"ec110282":105,"91f7ef72":90,"52eca0dc":91,"26c390d6":85,"48efc739":111,"c6c85783":102,"2a06ab95":98,"a6003226":88,"bad1a1cc":79,"272c7672":97,"60d6cee2":93,"9ab755d3":84,"3a1d1632":73,"faf3ed07":84,"6a3eaf43":90,"ccf8b803":84,"5774ac0d":100,"13747b82":93,"d1ca5d6b":101,"f2364460":102,"eb7b4e29":81,"e99318a3":83,"51f80f4c":98,"227006e4":86,"0e036ae9":106,"4d35385e":89,"6de0aaac":83,"865d9857":71,"175bc6b2":79,"08c6b5d2":95,"25a7a0a3":91,"d141db49":86,"2045d7d6":81,"cd421290":84,"ab7467de":107,"ded7da5a":99,"9d0546ac":86,"d25e0f8d":105,"ac030e74":83,"50c468ba":89,"9c29f0ed":106,"53b4e647":103,"ad303bda":96,"7a840529":69,"cf9f4757":84,"25635c37":80,"c318d350":99,"3c43e8a2":97,"5270f158":88,"095ab3b4":80,"c95719e5":85,"836701f6":83,"cf50e84e":97,"17b08923":91,"6291e9e9":93,"11888cfa":88,"9263c525":92,"9260d96b":109,"1f88a4b7":100,"34658473":83,"489a39f7":82,"d6db2b02":106,"608bc832":87,"d0e9a58e":77,"0ac825ed":95,"fa55f27a":105,"56752a4a":83,"a636f4c9":105,"1c3a30c5":92,"26c6fa34":87,"f1098793":92,"cf52025e":84,"53747a91":96,"f4343817":91,"685207b3":95,"53431634":109,"c4feee5b":93,"69d4b754":85,"704bce0d":91,"470d50c2":92,"90a06ee9":88,"7a9344a4":110,"751bcf25":89,"6e24d88b":89,"40a745c0":94,"0c0e98ea":88,"2882a956":91,"d83870f5":90,"95d331b1":78,"fead11cf":83,"5b5fc566":90,"6c524f99":88,"f56ac638":79,"a567ace4":93,"5eab91a0":96,"2352c8ef":85,"9cb4697f":99,"baebb391":102,"dc0c8b09":107,"a0685bf3":104,"906fdec3":83,"be3a10f8":106,"a15713c6":108,"c91966ce":82,"6023df54":91,"ae016053":98,"43bc86e3":86,"616d6dd6":88,"84b767be":111,"6e851762":81,"97e75c19":109,"6a3eaf43":91,"88b3bc99":85,"a9b1bd51":71,"44a4f7cd":88,"730338c4":102,"d5557fb4":103,"2d13e69b":89,"c4bff41f":97,"23760167":84,"c793cdda":92,"aff8e442":95,"0ecfa1c9":90,"794f652b":96,"aa9ea5e8":81,"b35bb8a1":80,"5a734022":83,"5ac86fb9":98,"31f6ba51":91,"d2a841c9":73,"3f65f121":95,"9de29816":75,"d1715f3b":96,"f2ca27d9":85,"140ce69e":94,"f2f58418":78,"180377be":91,"059d6c19":106,"7be025ce":91,"fce3c5c6":81,"d9f512b9":99,"4577b333":92,"e3547548":81,"9bdf362a":80,"caddd0a7":98,"07f98660":103,"77bfed7e":88,"cc5a1d47":80,"b9be31d6":97,"ef14000f":95,"e28c2efc":84,"7a4c064c":99,"5410e9c6":98,"8dc9b4db":101,"e7773397":79,"a77e127d":73,"3f2522c2":95,"22aeaf03":86,"6b79fec2":84,"54a676d6":81,"11888cfa":89,"7732eb1e":104,"a3d4a0e5":95,"e7e82473":112,"4945c851":97,"1b153aef":94,"2d1e1e9d":84,"4ac6bd4e":80,"5f8517b7":112,"336d0f08":99,"8493f3b2":90,"9263c525":93,"2e99f8fd":85,"4febf7c5":96,"a636f4c9":106,"c6e3d352":104,"9fc713b0":98,"df81ddee":85,"e1f0dbfd":105,"9d0546ac":87,"70594a28":88,"21e10a2b":93,"5fa12feb":91,"fb8bfb36":105,"c21ab51e":75,"4c4aa2e2":92,"9f2b16a7":92,"1a68160d":97,"dcf85091":79,"9267f0ef":104,"34c5c729":94,"9d4da635":67,"6e24d88b":90,"19e9776f":99,"51a3e9c2":101,"6ee92259":94,"7fef9973":95,"aefe13f5":96,"b7df1559":94,"a543ec74":90,"5eab91a0":97,"eb2e1983":83,"1757a30e":86,"be3a10f8":107,"935ec056":83,"cd522166":105,"cfafcda8":93,"d39724bc":89,"d5dae4c4":116,"d78dd457":80,"7896b953":98,"c6dc900c":72,"71e53c93":93,"8b5a8e9f":107,"f789f6d8":105,"f3a0c2ee":88,"6e44927f":77,"fd07e0ed":93,"272c7672":98,"7e991ab9":76,"815e4582":91,"835358a0":84,"48efc739":112,"af0b61ab":88,"cf775f58":91,"8cd78f77":110,"bda8cdfb":97,"2c627253":85,"04643409":100,"527ff946":103,"2132fe93":100,"9b3f8714":94,"2b3e4717":95,"3a1d1632":74,"a1370ab0":96,"5774ac0d":101,"288a2c43":83,"aa9ea5e8":82,"30dd2edc":100,"865d9857":72,"eeaa2d46":101,"ef8321d8":88,"6d5fcd4c":97,"00a481e3":105,"c2bb8aae":87,"66497c7e":92,"655941a0":97,"cd3bbe7e":90,"3bad3c95":79,"d6f0d94a":80,"719c8869":111,"5f620a1e":103,"7043382d":97,"5ab7bc35":99,"f8b31ce5":115,"91536e85":99,"056ea7ff":97,"7a840529":70,"597c1f81":91,"d83294cd":88,"c564e316":92,"1da771fb":87,"7ee148e9":88,"317c1591":99,"3a204e56":100,"d1676e89":90,"39bbc4bc":108,"159ffd0b":72,"95f6db13":87,"fb44fa9c":104,"0be540c5":92,"411b5027":93,"3310a049":92,"d0c0fc08":78,"9263c525":94,"1138796e":95,"7a2f3f06":86,"6585adbe":78,"f9c15fcc":99,"332820ce":94,"36fb15d2":98,"abd32136":90,"e57d5cda":103,"4d35385e":90,"22ecaed0":81,"cd421290":85,"40e79dd3":89,"7d112f4d":94,"5fa12feb":92,"ab7467de":108,"a0ce82b4":99,"ecfa8249":102,"1247fa52":97,"f598a332":86,"8e780922":95,"9d4da635":68,"4c4aa2e2":93,"11b74e63":92,"4652b09a":115,"064a99c8":84,"4febf7c5":97,"3e602573":83,"a5aee5de":113,"4cc141fa":71,"03dcfa3d":94,"cf52025e":85,"d1d40c9c":96,"abad2347":92,"1bb4ccc0":93,"9cb4697f":100,"062179c1":93,"fd07e0ed":94,"39ba00f0":95,"9fa62fee":86,"9ceb5439":82,"2d13e69b":90,"088feee2":102,"f4b2f575":74,"3062379b":79,"faf3ed07":85,"272c7672":99,"a47abfbb":80,"b88033fd":94,"51f80f4c":99,"b947257e":107,"c6c85783":103,"aa9ea5e8":83,"40860a4b":78,"d957f027":90,"c9efc8f6":89,"bc3dc66a":94,"6632fed0":100,"5f96c2bc":86,"a0685bf3":105,"ba586505":87,"0a1d11e6":77,"4c0e547b":92,"95904ac4":104,"a567ace4":94,"6023df54":92,"0042f6eb":93,"810aa5e9":96,"c6dc900c":73,"a0cf08b3":80,"733c86f8":91,"49cb2959":101,"5ab7bc35":100,"868cda42":86,"a33fe0dd":100,"2045d7d6":82,"4279e829":101,"be2955bb":95,"7043382d":98,"a8726d50":77,"a4296d1e":98,"30c5d755":106,"d033db8d":99,"f33c0140":90,"d9f512b9":100,"0af920d8":72,"30fdcd3b":89,"b7434f57":78,"ac030e74":84,"1dad0f99":91,"004f1ef3":111,"a77e127d":74,"83086d4c":102,"6ce84ff8":88,"820225e4":75,"a3d4a0e5":96,"a6bcb07e":100,"6db0ea86":99,"159ffd0b":73,"77d35808":91,"7a6aa4b6":93,"2b698053":92,"4d9b0b10":97,"945b63f0":122,"01d817b8":81,"140ce69e":95,"f2f58418":79,"88432019":89,"6143f39d":84,"22176537":86,"77bfed7e":89,"7218c9f1":76,"ef91eaae":74,"a0cca8b7":81,"5c82d1ce":94,"e2cbe594":86,"a0ce82b4":100,"c8dc010f":106,"da3437cd":86,"25e0dd3d":98,"9267f0ef":105,"c7313e0a":101,"c85a0d80":96,"acac14fb":87,"f121b82c":102,"66b7b5b4":87,"f6fe095d":111,"761cf820":93,"a24e6670":97,"c4aa1e38":81,"3e082b37":83,"045f280d":95,"d0e9a58e":78,"40569362":94,"eed20185":101,"e0e6a097":90,"4b4ef7fa":89,"3d1af513":98,"17807120":99,"a0bc1ceb":91,"4febf7c5":98,"be1746a0":87,"b7df1559":95,"8bc04eb5":85,"dffa7793":68,"e4c312fe":91,"87c462ee":96,"5b5fc566":91,"2882a956":92,"8007f30e":66,"1757a30e":87,"9ab755d3":85,"f4726450":91,"3062379b":80,"47d27624":87,"911e770b":98,"e58b26f6":93,"77bae750":81,"7e991ab9":77,"cb6c9e42":107,"6e851762":82,"c81b2bcf":80,"9d63c4dd":90,"c67979e6":109,"0f1ac912":79,"bc3dc66a":95,"8cddb65e":93,"8d04852b":95,"40860a4b":79,"181c3dd5":92,"c4bff41f":98,"64db4feb":109,"f67de058":96,"1745a0f4":91,"a59a8290":89,"25a2844e":95,"4bc46d7a":86,"dd3913d2":91,"fe44fc6f":93,"05f6ab35":88,"fd482491":102,"2dd0e808":90,"74c26380":92,"537634c9":81,"43bc86e3":87,"bd984a8e":93,"1f11812e":95,"06ee61b6":85,"20e470e0":87,"c2bb8aae":88,"0af920d8":73,"751acea8":77,"5f620a1e":104,"8942c35b":94,"014460b9":111,"e32524d6":98,"44c77422":94,"1623fc9f":95,"25776fc4":95,"24ffcbd3":104,"263762cb":82,"8e4c33d2":99,"317c1591":100,"5099c6a0":108,"6d61bf13":85,"5623817d":91,"de36827b":114,"25635c37":81,"7732eb1e":105,"4ff2225d":87,"ce4da56f":96,"26009d3f":87,"bbe71605":85,"ba938220":85,"6f39f4d9":106,"a06a6430":86,"ac030e74":85,"945b63f0":123,"15620dca":101,"affb82bf":97,"172217e5":98,"6cba74ce":88,"6de0aaac":84,"ac38a6a5":103,"9c29f0ed":107,"f1df62b4":88,"9fce073c":93,"2209903e":97,"bfad1727":80,"6bc5d32a":109,"547903ef":106,"21e10a2b":94,"4eed1bea":94,"debe1f65":96,"e8f173b5":89,"d0e9a58e":79,"4f5e3e7d":81,"1ff8c2fc":95,"fa55f27a":106,"06073f13":94,"d33790a2":102,"00554ffd":107,"dfc89705":93,"2198ba8e":88,"812b4f15":79,"01cd8099":97,"e8d74304":80,"c6e3d352":105,"cac4449a":88,"1757a30e":88,"bd2705b0":113,"16b476e9":86,"2d54e0a8":78,"3062379b":81,"5747db6e":101,"084cbc0b":88,"31d74eee":86,"d5557fb4":104,"af0b61ab":89,"5957df9e":85,"fb7482fe":85,"527ff946":104,"272c7672":100,"6adce358":104,"cf775f58":92,"61d4782d":93,"8ec3834d":101,"b35bb8a1":81,"162a7348":94,"03b4ab60":96,"e4714415":105,"dcfaba4c":91,"d39724bc":90,"ba586505":88,"e0e48a2d":91,"8bc04eb5":86,"a59a8290":90,"c510bfd3":108,"a0685bf3":106,"0f89862c":88,"a66a2d8a":108,"fe44fc6f":94,"13b53c7a":92,"aa76bc50":84,"a8c93bed":94,"8a165e17":94,"dc03ebd2":111,"a15713c6":109,"3c0df8b4":97,"3101354b":83,"80a8a56d":85,"53431634":110,"fe578280":85,"751acea8":78,"9f2b16a7":93,"1f11812e":96,"8db62558":93,"f3992a31":92,"7f86be64":96,"40a745c0":95,"c4feee5b":94,"4ee62a26":85,"f1b493de":103,"d6f0d94a":81,"93683c82":83,"3bad3c95":80,"24ffcbd3":105,"c0b0f492":104,"0b959527":88,"4c39240e":98,"0a2f71bc":80,"a58bf525":94,"d1676e89":91,"1951480c":89,"39bbc4bc":109,"71ff66e8":88,"c0b7e7d7":79,"49910300":90,"91536e85":100,"181c3dd5":93,"49902219":107,"ec2cb1af":93,"546f6845":103,"af157d29":87,"d1715f3b":97,"57540cc3":101,"9e206c95":102,"76f94eda":89,"a06a6430":87,"67c57de4":111,"ae95f2ba":107,"00a17b46":88,"7a840529":71,"bfad1727":81,"f9f2c53f":82,"a0ce82b4":101,"efd23af5":88,"fb8bfb36":106,"debe1f65":97,"261c9911":99,"8aa78e2f":91,"c7ab83c1":86,"2cce4fb2":97,"b2703001":94,"e8f173b5":90,"1f88a4b7":101,"45fb95c1":94,"e0e6a097":91,"9260d96b":110,"8493f3b2":91,"50312237":97,"336d0f08":100,"8d000d6e":82,"379184a7":103,"48655f09":106,"3e602573":84,"bc392d1c":81,"03c398d2":95,"c6e3d352":106,"0eaf08da":98,"56752a4a":84,"a625328f":102,"3062379b":82,"72d7b461":105,"9147702f":80,"f4b2f575":75,"3c6692a3":110,"6e98dfda":96,"50d129cf":88,"84b67924":98,"9ab755d3":86,"b8ab8e6e":93,"44a4f7cd":89,"f2364460":103,"64db4feb":110,"9b3f8714":95,"48efc739":113,"ea4d3f3e":103,"51a3e9c2":102,"935ec056":84,"7fef9973":96,"b0869206":99,"124fbe96":85,"e356abf1":99,"a567ace4":95,"4c0e547b":93,"be3a10f8":108,"0f89862c":89,"831c7b85":92,"f2e3c0e3":81,"7c0a2db6":96,"43bc86e3":88,"7af262e5":93,"fe44fc6f":95,"8a165e17":95,"195eb771":89,"56473430":96,"2c6cb96f":79,"6fb4cdda":99,"e9679ede":84,"efe84c27":86,"66b7b5b4":88,"3f9b5722":86,"c4feee5b":95,"30dbfc69":87,"288d171f":89,"9d4da635":69,"168e75d9":97,"f4634d0b":83,"9f2b16a7":94,"c8977844":96,"74f234c6":105,"49b358bd":95,"62d1d346":85,"ba30e43a":110,"4fd645f1":80,"88fa53d6":83,"5ab7bc35":101,"08a06557":111,"263762cb":83,"5623817d":92,"e7773397":80,"c852d240":89,"c9efc8f6":90,"031e488e":93,"dcfaba4c":92,"60d6cee2":94,"25a7a0a3":92,"140ce69e":96,"b946e146":105,"f2ca27d9":86,"7080f122":89,"7d6895f4":93,"f5596d0f":99,"6f39f4d9":107,"0bfabf48":84,"a06a6430":88,"7a4c064c":100,"1dad0f99":92,"9f74b8a4":87,"ae95f2ba":108,"201cafad":84,"44ff8baa":85,"913a6226":88,"c45d554f":91,"21e10a2b":95,"93e8cee5":106,"85de05f2":92,"c564e316":93,"6d61bf13":86,"1da771fb":88
1604737532054,"80a8a56d":86,"470d50c2":93,"1f11812e":97,"1e191c98":73,"53431634":111,"0d5ee801":77,"0dad37d5":88,"c7ab83c1":87,"e7e82473":113,"4945c851":98,"0d2c95fe":88,"de36827b":115,"1f88a4b7":102,"49910300":91,"761cf820":94,"45fb95c1":95,"358e45b1":96,"50312237":98,"1bd5b20b":97,"f1862e79":74,"332820ce":95,"8323d333":84,"3e602573":85,"64a7f79f":86,"a0bc1ceb":92,"aa00769b":107,"03c398d2":96,"24d24fa3":93,"c27969ec":92,"7f86be64":97,"d0c104c4":67,"c2bb8aae":89,"b215547b":85,"79f04300":89,"d634aa28":109,"db703021":85,"e1571af7":91,"aab4d996":90,"d9f512b9":101,"aa021138":98,"e3547548":82,"92f800f5":96,"a577db1c":84,"9147702f":81,"d0d6acb1":85,"1d790491":96,"5747db6e":102,"84369269":80,"6e851762":83,"5f7d7195":91,"778c95e9":90,"815e4582":92,"d744bee2":87,"04643409":101,"e15fd611":76,"aaa274a5":95,"12534561":79,"99e171db":95,"03b4ab60":97,"8cddb65e":94,"5e09f69e":100,"57d5dee8":99,"725dce8b":107,"c9efc8f6":91,"eeaa2d46":102,"175bc6b2":80,"25a7a0a3":93,"16b476e9":87,"677c6a09":105,"bd2705b0":114,"bb00e71c":78,"93b0a158":93,"730a4938":98,"91b28f83":99,"fe8f3d36":79,"9a07d89b":97,"f789f6d8":106,"55928ef1":96,"70ee0491":74,"74c26380":93,"a0cca8b7":82,"51c57542":94,"7d112f4d":95,"4295ce9a":102,"2209903e":98,"92136ff5":97,"5fa12feb":93,"4d35385e":91,"f3d68430":101,"0277d748":102,"315537b2":89,"a15713c6":110,"f67de058":97,"810aa5e9":97,"1745a0f4":92,"2a4a402a":89,"d8e58a8c":101,"56473430":97,"a5fd8ffd":97,"10ec5a0b":90,"b9be31d6":98,"0d7d88f1":88,"e28c2efc":85,"abd32136":91,"ba938220":86,"621d6b18":101,"bd984a8e":94,"09ff339a":74,"3c43e8a2":98,"836701f6":84,"004f1ef3":112,"26f99a1e":92,"cf50e84e":98,"5099c6a0":109,"de36827b":116,"8d753bb6":73,"5b60dd1d":90,"2cce4fb2":98,"6c73ae98":81,"489a39f7":83,"b2703001":95,"408bb2ed":81,"288afc30":91,"4f5e3e7d":82,"b8397293":85,"02d4753e":106,"e0e6a097":92,"b4fdf90e":98,"24d24fa3":94,"0eaf08da":99,"e6fac295":76,"cac4449a":89,"aa00769b":108,"2d382981":94,"946df4fd":98,"470d50c2":94,"a4296d1e":99,"cc11fef9":101,"0a92153e":94,"19e9776f":100,"902f49f5":97,"655954ba":91,"dbc9df44":74,"7cd0ad7b":107,"b3863630":87,"751bcf25":90,"a8726d50":78,"467773ac":87,"c1bdfd41":81,"0b959527":89,"df2b4d87":87,"719c8869":112,"65a00a3c":91,"4def63ee":69,"4577b333":93,"16b476e9":88,"04bef50c":70,"d1d40c9c":97,"fea793f5":95,"b0869206":100,"4b125e7b":92,"bd2705b0":115,"13b53c7a":93,"aec074c4":98,"ea822700":73,"faf3ed07":86,"508aac3d":95,"c67979e6":110,"d744bee2":88,"e58b26f6":94,"842c8340":84,"2b3e4717":96,"2a06ab95":99,"5957df9e":86,"1f7607df":84,"6e98dfda":97,"c852d240":90,"39a2fcce":78,"162a7348":95,"288a2c43":84,"57d5dee8":100,"5ac86fb9":99,"dcfaba4c":93,"1ed46298":109,"a0ce82b4":102,"feb67030":90,"7d112f4d":96,"18d20aa1":83,"3ef7432b":92,"5a622a23":91,"40e79dd3":90,"865d9857":73,"ccdd1ce6":88,"9c045c61":95,"22176537":87,"f3d68430":102,"623c6a31":99,"eeaa2d46":103,"a59a8290":91,"78b97937":100,"8b5a8e9f":108,"95904ac4":105,"b102f7bd":94,"28654c76":103,"e5b1abc6":84,"71ba7561":88,"9d023afb":104,"537634c9":82,"c91966ce":83,"313258f2":87,"b2cfdbcf":95,"abd32136":92,"385ab7c6":93,"7e95c5a0":90,"9fce073c":94,"597c1f81":92,"30b6808c":90,"7a4c064c":101,"2c5c1dc0":88,"f1dffa24":76,"5623817d":93,"c318d350":100,"93ac9ca3":89,"c95719e5":86,"b84a06eb":92,"a24e6670":98,"578f6e9e":101,"2cce4fb2":99,"05642105":93,"d0e9a58e":80,"66554572":71,"3d1af513":99,"e7e82473":114,"0cb80f4a":87,"159ffd0b":74,"d102b0c6":80,"de11eb19":107,"d0b297b2":78,"1bd5b20b":98,"f1098793":93,"b460f030":105,"26c6fa34":88,"48655f09":107,"742f1425":86,"792cfcbd":84,"3e602573":86,"751bcf25":91,"704bce0d":92,"9d4da635":70,"501db4de":94,"8942c35b":95,"f2086446":95,"6b78ad7f":99,"9316e7e8":75,"53431634":112,"6e24d88b":91,"ab7d4c9a":89,"d70ca4f4":107,"cb51f134":100,"859545e6":76,"d141db49":87,"be40590d":92,"a577db1c":85,"ea6de194":101,"5f620a1e":105,"0a2f71bc":81,"aa021138":99,"ee21ad02":103,"c0b23081":102,"bec9d329":102,"1757a30e":89,"4b125e7b":93,"26c390d6":86,"fd07e0ed":95,"7db3edda":94,"e99318a3":84,"d552eb2f":102,"f069bb07":88,"c67979e6":111,"fb7482fe":86,"254cc28c":102,"b35bb8a1":82,"1a0189c4":89,"60d6cee2":95,"c793cdda":93,"ce3407dd":86,"5e09f69e":101,"6adce358":105,"12534561":80,"bfcb912a":92,"25d1b2d8":92,"c852d240":91,"bb8a6337":84,"bfad1727":82,"77898c22":76,"5c82d1ce":95,"40e79dd3":91,"20777945":87,"44ff8baa":86,"ccb5ea3e":79,"22176537":88,"36d340f2":79,"8dd2684c":96,"4469c815":70,"ac38a6a5":104,"0277d748":103,"6cba74ce":89,"5eab91a0":98,"95d331b1":79,"6c524f99":89,"d78dd457":81,"eb2e1983":84,"b102f7bd":95,"fee32863":92,"5ef93e5d":71,"0e2b5d2f":98,"7c0a2db6":97,"25a2844e":96,"616d6dd6":89,"74c26380":94,"ec110282":106,"a5fd8ffd":98,"71e53c93":94,"43d87483":89,"77bfed7e":90,"9fce073c":95,"e57d5cda":104,"6085137f":70,"971675c5":99,"f2470875":106,"d1676e89":92,"437fc3ec":90,"c318d350":101,"004f1ef3":113,"45fb95c1":96,"4ff2225d":88,"a4dafea5":91,"f277386e":75,"9e878ec2":110,"e8f173b5":91,"b377a62a":89,"67f6e4f2":93,"95bc84f1":84,"8f2a7d69":86,"6db0ea86":100,"8d000d6e":83,"1ff8c2fc":96,"d0c0fc08":79,"f1098793":94,"56d315d8":78,"1a2ec5d7":92,"efe84c27":87,"3f9b5722":87,"3498f223":80,"9267f0ef":106,"0c043224":104,"69134f07":93,"b7434f57":79,"7cd0ad7b":108,"bd984a8e":95,"014460b9":112,"0b959527":90,"381c68fa":96,"e1618359":95,"f33c0140":91,"9e65c0ef":84,"6751d8e4":107,"aaa274a5":96,"794f652b":97,"92efd84f":95,"aff8e442":96,"a939b50b":95,"dd7acb96":91,"f66616b7":93,"084cbc0b":89,"c852d240":92,"1b881e6e":99,"d3a669ac":102,"d141db49":88,"2154b6e8":85,"9aa6a054":92,"7e95c5a0":91,"7a840529":72,"c1bdfd41":82,"c0b0f492":105,"99d130c9":107,"a43061ee":81,"24d24fa3":95,"35b58ef9":87,"26c6fa34":89,"27c8e038":107,"3ef7432b":93,"a0ce82b4":103,"fb8bfb36":107,"547903ef":107,"f9f2c53f":83,"21ad2f34":89,"92136ff5":98,"5f6613c8":76,"5957df9e":87,"2c01e624":85,"d5557fb4":105,"6df0b2e8":112,"c4bff41f":99,"12534561":81,"24a9fb86":106,"227006e4":87,"ac38a6a5":105,"d3e84616":108,"6143f39d":85,"3661e12d":85,"ccdd1ce6":89,"ef8321d8":89,"21ee2afe":102,"1c0a9eff":91,"e6ec8cbf":101,"1757a30e":90,"6775d5cd":88,"5eab91a0":99,"6b82b527":92,"e0e48a2d":92,"be3a10f8":109,"78467b8a":103,"8f10fa42":112,"7fdc2007":88,"a901627e":79,"c1bb74f2":83,"dd3913d2":92,"5f96c2bc":87,"195eb771":90,"6c524f99":90,"f3a0c2ee":89,"781ace7d":93,"da04caac":89,"fd482491":103,"95d3d348":88,"dc583e64":102,"3f2522c2":96,"a40846b7":100,"09ff339a":75,"95bc84f1":85,"8e4c33d2":100,"b4fdf90e":99,"8aa78e2f":92,"60e855ee":101,"9260d96b":111,"a8871ddf":81,"336d0f08":101,"159ffd0b":75,"7a6aa4b6":94,"8b2b601d":91,"cd95f558":100,"2d1e1e9d":85,"6f81493d":86,"dae0f922":99,"bd984a8e":96,"aa021138":100,"7cd0ad7b":109,"d1ca5d6b":102,"2180f99b":99,"e99318a3":85,"794f652b":98,"f069bb07":89,"501db4de":95,"aab4d996":91,"026766f3":94,"056ea7ff":98,"7218c9f1":77,"9c29f0ed":108,"9496f56f":101,"619fda68":107,"753ca352":81,"ae95f2ba":109,"d34a29b9":107,"4c39240e":99,"a68a93b2":82,"0dad37d5":89,"f4634d0b":84,"a33fe0dd":101,"c7313e0a":102,"b7505747":100,"58d46189":103,"ab7d4c9a":90,"ea6de194":102,"3498f223":81,"7be025ce":92,"00554ffd":108,"045f280d":96,"d102b0c6":81,"6be9332a":87,"b7df1559":96,"c609739e":93,"26c6fa34":90,"4cc141fa":72,"d8475b95":70,"27c8e038":108,"4dac6b20":80,"7b6a7048":94,"21ad2f34":90,"93e8cee5":107,"e2cbe594":87,"fea793f5":96,"1a442bc7":94,"290b4714":88,"d39724bc":91,"e6ec8cbf":102,"5eab91a0":100,"8bc04eb5":87,"33d6bb6a":81,"2bcca6a7":107,"8f10fa42":113,"70ee0491":75,"eb2e1983":85,"8a165e17":96,"b8488fc8":95,"da04caac":90,"a66a2d8a":109,"3a291497":81,"97e75c19":110,"c0e2624b":84,"4ed01268":86,"cbb54a0a":77,"fd369c21":102,"47d27624":88,"b230e8d3":98,"fd07e0ed":96,"c67979e6":112,"c852d240":93,"3a1d1632":75,"ce3407dd":87,"c64de0c0":80,"61d4782d":94,"31f6ba51":92,"6632fed0":101,"36d340f2":80,"18815a1b":88,"9e206c95":103,"08c6b5d2":96,"7d6895f4":94,"dfa1a89b":84,"416a9e97":86,"79e4fa1c":87,"2209903e":99,"2c5c1dc0":89,"39bbc4bc":110,"a77e127d":75,"8dd649a3":83,"82868763":89,"095ab3b4":81,"bbe71605":86,"5b60dd1d":91,"8aa78e2f":93,"1ff8c2fc":97,"820225e4":76,"0d5ee801":78,"94a2fe10":97,"b2c25d1c":86,"6e24d88b":92,"f121b82c":103,"a3253019":89,"110b1ee3":97,"3101354b":84,"ec110282":107,"313258f2":88,"00a481e3":106,"93b9fae6":82,"6034b6d0":100,"9496f56f":102,"2ce1af05":79,"8ac72326":79,"10ec5a0b":91,"67c57de4":112,"906632cb":91,"2e3503e4":94,"dbc9df44":75,"381c68fa":97,"dae0f922":100,"104721f0":91,"1623fc9f":96,"1a68160d":98,"fce3c5c6":82,"4c39240e":100,"3fdb08f5":94,"e36dfd6f":89,"50312237":99,"40569362":95,"ce4da56f":97,"3a1b9af5":94,"5678ed7b":117,"f1862e79":75,"045f280d":97,"4cc141fa":73,"792cfcbd":85,"1bd5b20b":99,"d0b297b2":79,"2c24d929":99,"01cd8099":98,"a636f4c9":107,"1c3a30c5":93,"a43061ee":82,"805af3c7":97,"dac109cf":91,"0f029727":81,"5d087c79":87,"ea822700":74,"bad1a1cc":80,"a6626a13":79,"af034fee":83,"cbb54a0a":78,"37fbb107":106,"57d5dee8":101,"c67979e6":113,"eb7b4e29":82,"76f3a3be":86,"c81b2bcf":81,"3c6692a3":111,"5774ac0d":102,"2d54e0a8":79,"8a52882e":92,"9b3f8714":96,"0d2a1c58":85,"bb99c79c":93,"4125085e":99,"f66616b7":94,"5e09f69e":102,"ec2cb1af":94,"36d340f2":81,"4469c815":71,"865d9857":74,"1d153b20":93,"20811ddf":86,"91b28f83":100,"d4d5f466":92,"93b0a158":94,"4258c176":90,"54d7de6b":107,"9d4f1fe6":88,"13b53c7a":94,"9a3ab0b8":80,"2a76f1dd":81,"70ee0491":76,"012de09c":88,"7af262e5":94,"f905a555":85,"19551bad":89,"f2e3c0e3":82,"42cd2360":83,"d5dae4c4":117,"a5676c24":92,"a851891c":76,"fd482491":104,"85de05f2":93,"805534ac":92,"feb67030":91,"8ea21393":85,"3c43e8a2":99,"dc583e64":103,"363590c7":95,"5099c6a0":110,"fb7b7b3c":103,"2203f259":95,"d6db2b02":107,"21e10a2b":96,"9a80f004":83,"21ad2f34":91,"9a467a82":94,"c38c2b52":92,"30b6808c":91,"cc5a1d47":81,"8ac72326":80,"b73e789c":87,"629800eb":103,"50c468ba":90,"90a06ee9":89,"94a2fe10":98,"1a2c020b":82,"c2bb8aae":90,"704bce0d":93,"f1b493de":104,"e7abc88d":80,"e9679ede":85,"a4f1d83b":98,"6e24d88b":93,"c0b0f492":106,"6fb4cdda":100,"bb98a6cf":108,"4b3e3b1c":93,"0b3283c9":93,"0b5a0408":91,"90731976":88,"3a1b9af5":95,"26009d3f":88,"e0e6a097":93,"e8f173b5":92,"b377a62a":90,"1db42092":110,"ea274174":96,"08a4c3f8":96,"de11eb19":108,"d102b0c6":82,"dfc89705":94,"c6e3d352":107,"e6fac295":77,"9fc713b0":99,"6ebe2354":78,"cf52025e":86,"dd1fcb17":85,"be40590d":93,"ca7d47f7":95,"754f98c9":93,"859545e6":77,"d9f512b9":102,"e3547548":83,"5f620a1e":106,"caddd0a7":99,"a9b1bd51":72,"284544ba":90,"730338c4":103,"77bae750":82,"a939b50b":96,"2c627253":86,"9ab755d3":87,"faf3ed07":87,"0681c48e":103,"84369269":81,"f4726450":92,"5f6613c8":77,"ea822700":75,"527ff946":105,"3a1d1632":76,"c98d5272":98,"f271ed5d":101,"725dce8b":108,"dcfaba4c":94,"c64de0c0":81,"6632fed0":102,"4469c815":72,"7d6895f4":95,"9a467a82":95,"a77e8461":91,"0e036ae9":107,"eafbf9fb":88,"865d9857":75,"5b5fc566":92,"6c20c153":87,"290b4714":89,"e4117b3b":75,"935ec056":85,"f0a06216":89,"6841f77e":101,"9a3ab0b8":81,"20958d58":88,"dc0c8b09":108,"78467b8a":104,"ec11fe5f":80,"a901627e":80,"781ace7d":94,"cd522166":106,"1745a0f4":93,"49cb2959":102,"69eeae0d":85,"345c9967":82,"5099c6a0":111,"72b84094":110,"5fa12feb":94,"a0ce82b4":104,"fb8bfb36":108,"0a96f57a":101,"e2cbe594":88,"f734c84c":115,"1d44aff3":104,"3101354b":85,"07f98660":104,"87083264":105,"a06a6430":89,"619fda68":108,"053f3451":92,"6f39f4d9":108,"53b4e647":104,"3498f223":82,"3b690f68":109,"c382f054":102,"0d5ee801":79,"30dbfc69":88,"c85a0d80":97,"c5b35e4d":88,"d033db8d":100,"8dc9b4db":102,"93ac9ca3":90,"8e4c33d2":101,"b2703001":96,"014bdff0":101,"fb44fa9c":105,"25635c37":82,"88a30343":93,"a40846b7":101,"013ee301":89,"6f0fcb9d":96,"d36125db":100,"b35e9e1a":127,"32c9fc47":90,"db0a661e":96,"a4dafea5":92,"5a0ead91":87,"8245f916":76,"0ac825ed":96,"8c6e001f":81,"c609739e":94,"64a7f79f":87,"812b4f15":80,"ad8f85d6":102,"ae8a09c4":88,"04612878":95,"a43061ee":83,"0af920d8":74,"f2086446":96,"d634aa28":110,"53431634":113,"180377be":92,"e32524d6":99,"1e232870":98,"e5d3655c":102,"9e65c0ef":85,"08a06557":112,"2154b6e8":86,"88fa53d6":84,"8f13c203":77,"77f31bab":98,"25d1b2d8":93,"5a0eb771":93,"0d2a1c58":86,"272c7672":101,"5957df9e":88,"dd7acb96":92,"b88033fd":95,"af0b61ab":90,"0670c466":89,"42c80e69":102,"1d790491":97,"fd07e0ed":97,"0681c48e":104,"ed4fad08":100,"2d13e69b":91,"c793cdda":94,"aec4e1bf":89,"13747b82":94,"f94bf9ea":91,"c9efc8f6":92,"15620dca":102,"af157d29":88,"f2ca27d9":87,"7d6895f4":96,"ee21ad02":104,"e4c312fe":92,"d1d40c9c":98,"6c20c153":88,"1a442bc7":95,"67d30f2b":88,"7ee7621c":95,"13b53c7a":95,"4c0e547b":94,"fe8f3d36":80,"eb2e1983":86,"9b546d65":82,"cd522166":107,"810aa5e9":98,"9a80f004":84,"3b7763b1":78,"44ff8baa":87,"07107f6e":94,"77898c22":77,"92136ff5":99,"85de05f2":94,"08c6b5d2":97,"22176537":89,"9a467a82":96,"6c524f99":91,"ef8987d7":84,"83b2f9c5":102,"6e44927f":78,"95904ac4":106,"49cb2959":103,"781ace7d":95,"c803b4a3":94,"cb142908":85,"00a17b46":89,"6a5b71b4":95,"93b9fae6":83,"d4ee22a4":96,"ef91eaae":75,"906632cb":92,"4279e829":102,"09f0db62":119,"014bdff0":102,"5270f158":89,"25635c37":83,"d599b566":107,"c564e316":94,"8298e976":113,"0d2c95fe":89,"c7ab83c1":88,"f044c0e1":74,"8b2b601d":92,"336d0f08":102,"6c73ae98":82,"6a60348e":82,"06073f13":95,"45fb95c1":97,"3652bd66":94,"36fb15d2":99,"40569362":96,"a533489b":101,"02d4753e":107,"26c6fa34":91,"01cd8099":99,"a0bc1ceb":93,"baebb391":103,"48655f09":108,"742f1425":87,"6ebe2354":79,"7a9344a4":111,"8e780922":96,"696fdac5":92,"6e24d88b":94,"9f2b16a7":95,"0c043224":105,"f2086446":97,"026766f3":95,"26ed1a5c":91,"655954ba":92,"1247fa52":98,"e1618359":96,"25776fc4":96,"b5ce0c0c":102,"08a06557":113,"49b358bd":96,"44c77422":95,"f8b31ce5":116,"859545e6":78,"90d52475":89,"1d790491":98,"77f31bab":99,"3c6692a3":112,"f4b2f575":76,"a6626a13":80,"6e98dfda":98,"778c95e9":91,"36b7003c":116,"aff8e442":97,"6e851762":84,"af034fee":84,"e58b26f6":95,"fb7482fe":87,"3c18f28e":90,"aec074c4":99,"61d4782d":95,"51f80f4c":100,"5f6613c8":78,"deb31f35":98,"71279c46":88,"2882a956":93,"cb4f262b":91,"6841f77e":102,"1757a30e":91,"d83870f5":91,"3b2dee89":90,"54d7de6b":108,"dd3913d2":93,"f2e3c0e3":83,"78b97937":101,"c45d554f":92,"bc09fa9e":85,"bfad1727":83,"ded7da5a":100,"70594a28":89,"c455f40e":82,"ab7467de":109,"88432019":90,"9de29816":76,"d2a841c9":74,"ef8321d8":90,"4469c815":73,"217c0327":68,"2dda3936":90,"8063df14":80,"78467b8a":105,"b102f7bd":96,"a15713c6":111,"1bc0591f":94,"2c6cb96f":80,"ef8987d7":85,"6023df54":93,"810aa5e9":99,"56473430":98,"3a291497":82,"a06a6430":90,"a85d89cc":87,"2ce1af05":80,"1dad0f99":93,"385ab7c6":94
1604737532957,"d5059415":96,"869cbaa0":109,"317c1591":101,"7ee148e9":89,"83086d4c":103,"8dd649a3":84,"e238f09b":93,"22aeaf03":87,"95d3d348":89,"1be05c14":83,"17b08923":92,"bab97de3":105,"7ae3fc50":85,"1db42092":111,"9260d96b":112,"3652bd66":95,"45fb95c1":98,"868edcc0":98,"7a2f3f06":87,"4b3e3b1c":94,"50312237":100,"d102b0c6":83,"9263c525":95,"804d4dfa":89,"04612878":96,"812b4f15":81,"03dcfa3d":95,"c609739e":95,"2d382981":95,"99d130c9":108,"93b0a158":95,"730a4938":99,"6ee92259":95,"935ec056":86,"f0a06216":90,"00cf385d":101,"2882a956":94,"ba5c52af":95,"c1bb74f2":84,"c8977844":97,"d70ca4f4":108,"9d4da635":71,"1e191c98":74,"4e3f5178":99,"f76a3e83":96,"bb98a6cf":109,"db703021":86,"704bce0d":94,"93683c82":84,"f2086446":98,"696fdac5":93,"d6f0d94a":82,"972f4174":105,"ca7d47f7":96,"90a06ee9":90,"7be025ce":93,"c0b0f492":107,"df2b4d87":88,"dac109cf":92,"d141db49":89,"d78dd457":82,"dd3913d2":94,"a901627e":81,"dfcc2ad1":106,"52eca0dc":92,"7fdc2007":89,"71ba7561":89,"8007f30e":67,"da04caac":91,"91f7ef72":91,"e865e4dd":84,"31d74eee":87,"5957df9e":89,"a939b50b":97,"3c6692a3":113,"48efc739":114,"aec074c4":100,"5747db6e":103,"5d087c79":88,"d957f027":91,"3062379b":83,"72d7b461":106,"97e75c19":111,"5774ac0d":103,"fb7482fe":88,"aaa274a5":97,"d6d61bfc":101,"64db4feb":111,"13747b82":95,"61d4782d":96,"42c80e69":103,"f94bf9ea":92,"6cba74ce":90,"88432019":91,"22176537":90,"a63bddd4":117,"3661e12d":86,"0e036ae9":108,"6d5fcd4c":98,"d9d0c567":92,"d4ee22a4":97,"abd32136":93,"7a4c064c":102,"621d6b18":102,"a85d89cc":88,"597c1f81":93,"4f59a322":90,"26dd2000":102,"feb67030":92,"6490bac6":86,"18d20aa1":84,"e21c6207":83,"93e8cee5":108,"f4343817":92,"a40846b7":102,"014bdff0":103,"5410e9c6":99,"836701f6":85,"fe1d4419":95,"5b60dd1d":92,"c7ab83c1":89,"8cf83787":77,"a24e6670":99,"d0c0fc08":80,"0cb80f4a":88,"159ffd0b":76,"411b5027":94,"31f6d707":107,"336d0f08":103,"90731976":89,"d6db2b02":108,"f1862e79":76,"b552beb3":89,"5ee911b5":90,"608bc832":88,"792cfcbd":86,"b6aaf976":100,"8eb64769":81,"48655f09":109,"aa187e3b":80,"d83870f5":92,"91b28f83":101,"3b690f68":110,"142d6987":99,"906632cb":93,"40a745c0":96,"bb98a6cf":110,"0a92153e":95,"5272520d":89,"31408822":84,"a4296d1e":100,"3498f223":83,"69134f07":94,"696fdac5":94,"06ee61b6":86,"75ffea08":94,"36380d96":102,"44c77422":96,"a0b03218":93,"74e01f6a":85,"946df4fd":99,"9d4f1fe6":89,"11b2c8d9":82,"d5dae4c4":118,"6ee92259":96,"cfafcda8":94,"8a52882e":93,"a1921150":95,"ccf8b803":85,"842c8340":85,"794f652b":99,"0fc5ac7e":113,"4ed01268":87,"b7832271":97,"730338c4":104,"23760167":85,"778c95e9":92,"be149c6f":83,"d744bee2":89,"e9a8cf11":94,"5a07fc2e":82,"8d04852b":96,"2f455cce":94,"40860a4b":80,"deb31f35":99,"f94bf9ea":93,"9b3f8714":97,"ec2cb1af":95,"865d9857":76,"7d6895f4":97,"b102f7bd":97,"08a561b7":92,"7ee7621c":96,"91f7ef72":92,"8bc04eb5":88,"b87158fb":98,"3f75d3bc":101,"a66a2d8a":110,"a59a8290":92,"ae016053":99,"71e53c93":95,"dfcc2ad1":107,"83b2f9c5":103,"43d87483":90,"869cbaa0":110,"cc5a1d47":82,"95539a58":75,"cc6bbe45":83,"4fd645f1":81,"e3547548":84,"fbdffc95":82,"e32524d6":100,"c650b434":104,"fb8bfb36":109,"913a6226":89,"77898c22":78,"c45d554f":93,"2ad42a9e":92,"f4343817":93,"619fda68":109,"4930f321":84,"053f3451":93,"f1dffa24":77,"5623817d":94,"b769bdfb":97,"014bdff0":104,"2c5c1dc0":90,"0b3283c9":94,"5b60dd1d":93,"8cf83787":78,"b36a0d66":78,"a533489b":102,"1138796e":96,"3d1af513":100,"0be540c5":93,"0cb80f4a":89,"92d38723":100,"6c73ae98":83,"5a0ead91":88,"6291e9e9":94,"4ba6eb36":93,"6d802fa2":87,"af157d29":89,"d6320619":91,"a63bddd4":118,"08c6b5d2":98,"f0a06216":91,"30fdcd3b":90,"4ee62a26":86,"f883d582":87,"40a745c0":97,"9d4da635":72,"ab7d4c9a":91,"7f86be64":98,"7a9344a4":112,"a8726d50":79,"53431634":114,"6b78ad7f":100,"e7abc88d":81,"ee21ad02":105,"02d4753e":108,"4cc141fa":74,"b460f030":106,"48655f09":110,"f1098793":95,"804d4dfa":90,"cf52025e":87,"8eb64769":82,"d1d40c9c":99,"e4117b3b":76,"0d770b97":94,"6b82b527":93,"d39724bc":92,"c463799d":104,"cd522166":108,"8f10fa42":114,"1745a0f4":94,"65e4235b":88,"25d1b2d8":94,"5d087c79":89,"1634789b":95,"84369269":82,"b7832271":98,"e99318a3":86,"4bcd4a30":110,"4ed01268":88,"d3a669ac":103,"1b881e6e":100,"84b767be":112,"9147702f":82,"be149c6f":84,"c852d240":94,"6a3eaf43":92,"aa5dfdf5":92,"61d4782d":97,"c93c3508":74,"a6003226":89,"162a7348":96,"2ab62345":80,"12dd6f5e":84,"ef8321d8":91,"fee32863":93,"c91966ce":84,"a15713c6":112,"05f6ab35":89,"8db5a165":78,"50b558a7":76,"52eca0dc":93,"8a165e17":97,"dd035d2a":92,"7218c9f1":78,"056ea7ff":99,"f2086446":99,"6fb4cdda":101,"c0b0f492":108,"aab4d996":92,"caddd0a7":100,"44c77422":97,"fbdffc95":83,"259930ee":101,"d6f0d94a":83,"8f9b74b0":82,"efd23af5":89,"00a17b46":90,"1dad0f99":94,"8fb236a9":86,"3712c4bd":88,"09ff339a":76,"5410e9c6":100,"8dd649a3":85,"fe1d4419":96,"42191b64":76,"5270f158":90,"b552beb3":90,"07fc4a9a":93,"6291e9e9":95,"0cb80f4a":90,"7a2f3f06":88,"95bc84f1":86,"ef14000f":96,"0bfabf48":85,"21ee2afe":103,"8547fbc2":87,"9e206c95":104,"9a467a82":97,"6d339d45":80,"da3437cd":87,"fb8bfb36":110,"3007f31f":89,"2209903e":100,"6490bac6":87,"61f25dd4":112,"cf1124db":82,"7cd0ad7b":110,"40a745c0":98,"7fef9973":97,"4ac6bd4e":81,"8298e976":114,"5acaa06f":72,"6db0ea86":101,"6d802fa2":88,"d0e9a58e":81,"b377a62a":91,"49bf2e95":76,"e8d74304":81,"64a7f79f":88,"b2bd8fd3":89,"804d4dfa":91,"be1746a0":88,"e6fac295":78,"74e01f6a":86,"bd2705b0":116,"88ce179e":103,"a6b5e869":87,"f0a06216":92,"11b74e63":93,"20811ddf":87,"25a2844e":97,"1b881e6e":101,"ccf8b803":86,"394dc144":89,"a1921150":96,"8ec3834d":102,"91d52a55":92,"d0d6acb1":86,"44a4f7cd":90,"70bc8325":84,"3c6692a3":114,"be149c6f":85,"c852d240":95,"835358a0":85,"2a06ab95":100,"35aa7fd0":107,"8cd78f77":111,"51f80f4c":101,"540df50f":101,"9147702f":83,"b7cc7909":91,"57d5dee8":102,"a567ace4":96,"1745a0f4":95,"2c6cb96f":81,"6a7392d5":82,"7896b953":99,"e5b1abc6":85,"61145ec9":103,"2352c8ef":86,"195eb771":91,"f2e3c0e3":84,"49cb2959":104,"a0cf08b3":81,"4abb7aed":91,"685207b3":96,"3f9b5722":88,"f76a3e83":97,"467773ac":88,"d634aa28":111,"efe84c27":88,"e1571af7":92,"0dad37d5":90,"805af3c7":98,"6fb4cdda":102,"972f4174":106,"0f029727":82,"caddd0a7":101,"f598a332":87,"c7636527":78,"2045d7d6":83,"d141db49":90,"016953e4":103,"82868763":90,"095ab3b4":82,"2c5c1dc0":91,"42191b64":77,"b935fc1c":86,"3e082b37":84,"f5829ac0":94,"10ec5a0b":92,"bc021def":102,"eafbf9fb":89,"f5596d0f":100,"f87c5031":78,"6d5fcd4c":99,"0277d748":104,"6de0aaac":85,"50c468ba":91,"c803b4a3":95,"7a840529":73,"1dad0f99":95,"7218c9f1":79,"619fda68":110,"e1f0dbfd":106,"a851554d":103,"8f9b74b0":83,"c455f40e":83,"40e79dd3":92,"ccb5ea3e":80,"bc09fa9e":86,"3c782bb3":91,"e81834aa":103,"cf50e84e":99,"05642105":94,"5f8517b7":113,"95f6db13":88,"f044c0e1":75,"7a6aa4b6":95,"b377a62a":92,"50312237":101,"fa55f27a":107,"379184a7":104,"7a2f3f06":89,"64a7f79f":89,"a636f4c9":108,"dd1fcb17":86,"f1098793":96,"b460f030":107,"481754fc":76,"48655f09":111,"2882a956":95,"93b0a158":96,"31d74eee":88,"f66616b7":95,"8ec3834d":103,"5957df9e":90,"5339e1e9":88,"36684155":95,"a625328f":103,"23760167":86,"ef1c2dcb":91,"272c7672":102,"e4714415":106,"9b3f8714":98,"284544ba":91,"e58b26f6":96,"dcfaba4c":95,"d4d5f466":93,"ba586505":89,"37d0cae2":88,"82204d54":87,"537634c9":83,"1105f790":94,"6b82b527":94,"0a1d11e6":78,"2a4a402a":90,"5f96c2bc":88,"3b2dee89":91,"8b5a8e9f":109,"b2cfdbcf":96,"7af262e5":95,"f1dffa24":78,"8dc9b4db":103,"6085137f":71,"b935fc1c":87,"69eeae0d":86,"56d315d8":79,"5ccf94d6":89,"c8977844":98,"c2bb8aae":91,"0c0e98ea":89,"efe84c27":89,"902f49f5":98,"0a92153e":96,"5be594be":88,"ddec9e54":90,"36380d96":103,"53431634":115,"b2c25d1c":87,"d6f0d94a":84,"d548635d":91,"44c77422":98,"259930ee":102,"28d40296":74,"a577db1c":86,"7be025ce":94,"ffc86f94":72,"aa867541":79,"c510bfd3":109,"c463799d":105,"313258f2":89,"7a840529":74,"9f74b8a4":88,"10ec5a0b":93,"5eaa1581":90,"f4726450":93,"c793cdda":95,"c64de0c0":82,"03b4ab60":98,"71a2a493":68,"49902219":108,"140ce69e":97,"53a8613c":111,"a63bddd4":119,"15620dca":103,"3f65f121":96,"6d339d45":81,"95539a58":76,"6f39f4d9":109,"4930f321":85,"6034b6d0":101,"72b84094":111,"20777945":88,"7b6a7048":95,"f734c84c":116,"51c57542":95,"c8dc010f":107,"df81ddee":86,"836701f6":86,"6d61bf13":87,"317c1591":102,"bbe71605":87,"1be05c14":84,"ce4da56f":98,"1f88a4b7":103,"40569362":97,"3310a049":93,"d0c0fc08":81,"4ac6bd4e":82,"868edcc0":99,"c7c4ec5c":84,"159ffd0b":77,"b7df1559":97,"527ff946":106,"77bae750":83,"cb6c9e42":108,"87c462ee":97,"16b476e9":89,"93b0a158":97,"4b125e7b":94,"11b74e63":94,"bd2705b0":117,"124fbe96":86,"062179c1":94,"c510bfd3":110,"8007f30e":68,"733c86f8":92,"eebc8d43":97,"9d023afb":105,"810aa5e9":100,"2bcca6a7":108,"49cb2959":105,"c91966ce":85,"42cd2360":84,"906fdec3":84,"180377be":93,"7cd0ad7b":111,"26ed1a5c":92,"58d46189":104,"c0fea118":87,"bb98a6cf":111,"c4feee5b":96,"9d4da635":73,"9b742f71":83,"cf1124db":83,"f121b82c":104,"b3863630":88,"c85a0d80":98,"c21ab51e":76,"df2b4d87":89,"49b358bd":97,"d6f0d94a":85,"7e76c93c":101,"ea6de194":103,"719c8869":113,"0a2f71bc":82,"61145ec9":104,"fa55f27a":108,"d8475b95":71,"00554ffd":109,"9fc713b0":100,"59c1e594":96,"8d000d6e":84,"4febf7c5":99,"a636f4c9":109,"0f72f2d8":92,"d599b566":108,"8dc9b4db":104,"1d44aff3":105,"ac030e74":86,"835358a0":86,"d0d6acb1":87,"5339e1e9":89,"c852d240":96,"0d2a1c58":87,"13747b82":96,"04643409":102,"1ed46298":110,"6751d8e4":108,"99e171db":96,"0ecfa1c9":91,"e58b26f6":97,"c98d5272":99,"61d4782d":98,"9147702f":84,"c793cdda":96,"42c80e69":104,"081460bf":96,"af157d29":90,"865d9857":77,"f2ca27d9":88,"49902219":109,"315537b2":90,"b946e146":106,"57540cc3":102,"7fb4c521":89,"ae95f2ba":110,"7e95c5a0":92,"ffa08d82":95,"ba938220":87,"93b9fae6":84,"72b84094":112,"f734c84c":117,"5c82d1ce":96,"27d8bf51":96,"d25e0f8d":106,"b6ee137a":87,"7b6a7048":96,"095ab3b4":83,"b935fc1c":88,"09f0db62":120,"3712c4bd":89,"e7773397":81,"0be540c5":94,"3310a049":94,"8d753bb6":74,"67f6e4f2":94,"a6bcb07e":101,"50312237":102,"00554ffd":110,"6d802fa2":89,"02d4753e":109,"0d2c95fe":90,"d6db2b02":109,"9e878ec2":111,"8245f916":77,"4ea4a2a1":104,"064a99c8":85,"b460f030":108,"ae8a09c4":89,"c6e3d352":108,"c27969ec":93,"aefe13f5":97,"baebb391":104,"b88033fd":96,"c6c85783":104,"67d30f2b":89,"dffa7793":69,"20811ddf":88,"a502c93c":79,"51a3e9c2":103,"ba586505":90,"5acce642":93,"0f89862c":90,"7af262e5":96,"b8488fc8":96,"fe8f3d36":81,"b102f7bd":98,"8721056e":82,"731fc335":74,"eebc8d43":98,"c2bb8aae":92,"66b7b5b4":89,"6f81493d":87,"5cd3cfe0":79,"19e9776f":101,"c3e6ef01":103,"5e193fc8":96,"c4feee5b":97,"a8726d50":80,"501db4de":96,"1a68160d":99,"754f98c9":94,"69d4b754":86,"d34a29b9":108,"0a2f71bc":83,"d141db49":91,"ba30e43a":111,"259930ee":103,"88fa53d6":85,"1623fc9f":97,"c0b0f492":109,"ef8987d7":86,"3101354b":86,"810aa5e9":101,"8a165e17":98,"74c26380":95,"dd035d2a":93,"25d1b2d8":95,"1a0189c4":90,"1b881e6e":102,"a9b1bd51":73,"39ba00f0":96,"a983a6dc":88,"2c627253":87,"a6626a13":81,"af034fee":85,"aa5dfdf5":93,"aaa274a5":98,"288a2c43":85,"084cbc0b":90,"12534561":82,"eb7b4e29":83,"6867261a":83,"bc3dc66a":96,"b35bb8a1":83,"081460bf":97,"172217e5":99,"d3e84616":109,"8cc4a982":90,"a77e8461":92,"f87c5031":79,"8547fbc2":88,"e9adbe58":88,"77bfed7e":91,"b9be31d6":99,"e4cfef0a":79,"597c1f81":94,"f1df62b4":89,"7e95c5a0":93,"0d28db94":85,"72b84094":113,"c455f40e":84,"bfad1727":84,"93e8cee5":109,"6bc5d32a":110,"2209903e":101,"f4343817":94,"263762cb":84,"6d61bf13":88,"71ff66e8":89,"ea9bba6b":86,"016953e4":104,"c318d350":102,"6ce84ff8":89,"5678ed7b":118,"b552beb3":91,"761cf820":95,"b2703001":97,"5a0ead91":89,"59431390":94,"4ea4a2a1":105,"e81834aa":104,"8d000d6e":85,"0be540c5":95,"d6db2b02":110,"5f8517b7":114,"40569362":98,"67f6e4f2":95,"804d4dfa":92,"71bc1295":87,"9fc713b0":101,"ad2d7bed":97,"1bb4ccc0":94,"88ce179e":104,"bf30a08f":109,"7ee7621c":97,"b0869206":101,"ae99df30":94,"dd3913d2":95,"23080895":82,"26c6fa34":92,"cf52025e":88,"12a2cd4b":99,"33d6bb6a":82,"4360a1a3":106,"f1b493de":105,"cf1124db":84,"902f49f5":99,"1f11812e":98,"d548635d":92,"655941a0":98,"1a2ec5d7":93,"be2955bb":96,"34c5c729":95,"2e3503e4":95,"9b172ca8":82,"104721f0":92,"a3253019":90,"c7636527":79,"638cb163":105,"ba30e43a":112,"d9d7c4c2":105,"0f029727":83,"ba5c52af":96,"eebc8d43":99,"fead11cf":84,"71e53c93":96,"a0685bf3":107,"a15713c6":113,"50b558a7":77,"b28a5e67":99,"3c0df8b4":98,"ec110282":108,"91f7ef72":93,"345c9967":83,"39a2fcce":79,"794f652b":100,"394dc144":90,"e99318a3":87,"36b7003c":117,"f2364460":104,"284544ba":92,"778c95e9":93,"cf775f58":93,"47cfba38":85,"0ecfa1c9":92,"dd7acb96":93,"272c7672":103,"b7cc7909":92,"aa9ea5e8":84,"383e232d":87,"508aac3d":96,"031e488e":94,"fd07e0ed":98,"76f3a3be":87,"0681c48e":105,"d2a841c9":75,"49902219":110,"546f6845":104,"a77e8461":93,"9c045c61":96,"4469c815":74,"4d35385e":92,"7566fdd6":110,"67c57de4":113,"7fb4c521":90,"6a5b71b4":96,"ef91eaae":76,"87083264":106,"619fda68":111,"ea6de194":104,"e5d3655c":103,"72b84094":114,"9a80f004":85,"85de05f2":95,"201cafad":85,"21e10a2b":97,"debe1f65":98,"5a622a23":92,"2c5c1dc0":92,"f5cd79c1":84,"09ff339a":77,"014bdff0":105,"27f52ed3":111,"8e4c33d2":102,"c7ab83c1":90,"b84a06eb":93,"8b2b601d":93,"6a60348e":83,"e0e6a097":94,"95bc84f1":87,"6585adbe":79,"608bc832":89,"e8f173b5":93,"0d2c95fe":91,"ea274174":97,"792c9b6a":78,"32c9fc47":91,"4ea4a2a1":106,"49bf2e95":77,"290b4714":90,"e0e48a2d":93,"e382ec3f":75,"1757a30e":92,"6841f77e":103,"37d0cae2":89,"2882a956":96,"cc11fef9":102,"19e9776f":102,"b6591e25":90,"dae0f922":101,"142d6987":100,"e7abc88d":82,"1f11812e":99,"6b78ad7f":101,"0d5ee801":80,"288d171f":90,"0da28f5b":98,"104721f0":93,"b2c25d1c":88,"1e232870":99,"a5aee5de":114,"03c398d2":97,"e8d74304":82,"946df4fd":100,"03dcfa3d":96,"e6fac295":79,"804d4dfa":93,"a59a8290":93,"be3a10f8":110,"b8488fc8":97,"b102f7bd":99,"eb2e1983":87,"f789f6d8":107,"e5b1abc6":86,"42cd2360":85,"50b558a7":78,"71ba7561":90,"71e53c93":97,"313258f2":90,"e99318a3":88,"25d1b2d8":96,"99e171db":97,"5f7d7195":92,"97e75c19":112,"088feee2":103,"84b767be":113,"92efd84f":96,"f2364460":105,"5747db6e":104,"12534561":83,"9fa62fee":87,"76f3a3be":88,"e58b26f6":98,"17446892":87,"f271ed5d":102,"a2c334e7":111,"0d2a1c58":88,"bfcb912a":93,"5a734022":84,"227006e4":88,"3661e12d":87,"140ce69e":98,"affb82bf":98,"9a467a82":98,"15620dca":104,"7d6895f4":98,"eafbf9fb":90,"8a165e17":99,"b2cfdbcf":97,"7e95c5a0":94,"0bfabf48":86,"ad303bda":97,"9c29f0ed":109,"9fce073c":96,"d83294cd":89,"faf4f98b":98,"dac109cf":93,"4c39240e":101,"805af3c7":99,"08a06557":114
1604737533836,"28d40296":75,"638cb163":106,"ffc86f94":73,"feb67030":93,"4295ce9a":103,"7d112f4d":97,"a851554d":104,"6085137f":72,"312f7676":93,"5099c6a0":112,"2c5c1dc0":93,"2203f259":96,"5270f158":91,"d599b566":109,"f5829ac0":95,"e8f173b5":94,"e0e6a097":95,"159ffd0b":78,"6f0fcb9d":97,"d9dcdc4b":109,"554ebb83":93,"0114160e":99,"90731976":90,"1ff8c2fc":98,"f1862e79":77,"59431390":95,"1bd5b20b":100,"ea274174":98,"ee75b607":89,"debe1f65":99,"20777945":89,"b6ee137a":88,"a68a93b2":83,"dae0f922":102,"5cd3cfe0":80,"31408822":85,"1e7753d9":110,"c5b35e4d":89,"751bcf25":92,"4c4aa2e2":94,"9316e7e8":76,"fe578280":86,"0dad37d5":91,"acac14fb":88,"696fdac5":95,"1e232870":100,"eed20185":102,"b6aaf976":101,"a5aee5de":115,"4b4ef7fa":90,"59c1e594":97,"468fc85c":90,"1c3a30c5":94,"1c0a9eff":92,"6c20c153":89,"cb4f262b":92,"4b125e7b":95,"6b82b527":95,"2bcca6a7":109,"16b476e9":90,"cd522166":109,"8f10fa42":115,"f66616b7":96,"90d52475":90,"70c1e715":88,"794f652b":101,"d3a669ac":104,"66d94227":84,"383e232d":88,"9fa62fee":88,"bda8cdfb":98,"12534561":84,"2c01e624":86,"b230e8d3":99,"ccf8b803":87,"227006e4":89,"9ab755d3":88,"b7832271":99,"25d1b2d8":97,"5ac86fb9":100,"9b3f8714":99,"a6003226":90,"6632fed0":103,"f5596d0f":101,"f2ca27d9":89,"d2a841c9":76,"12012fbd":91,"6c486702":99,"062179c1":95,"616d6dd6":90,"a0685bf3":108,"3101354b":87,"33d6bb6a":83,"49cb2959":106,"3a291497":83,"345c9967":84,"c91966ce":86,"65e4235b":89,"597c1f81":95,"9fce073c":97,"c8113b77":81,"df2b4d87":90,"30c5d755":107,"9e65c0ef":86,"868cda42":87,"5ab7bc35":102,"caddd0a7":102,"c015ec5a":92,"53b4e647":105,"629800eb":104,"e238f09b":94,"a77e127d":76,"83086d4c":104,"317c1591":103,"d599b566":110,"fb7b7b3c":104,"27f52ed3":112,"07fc4a9a":94,"6291e9e9":96,"d102b0c6":84,"4f59a322":91,"e28c2efc":86,"be4f8ba8":95,"6143f39d":86,"af157d29":91,"f734c84c":118,"c650b434":105,"a0ce82b4":105,"2b3c49b9":94,"7e8e1c3d":83,"7bebff03":81,"ccb5ea3e":81,"751bcf25":93,"d634aa28":112,"dae0f922":103,"40a745c0":99,"972f4174":107,"20e470e0":88,"655954ba":93,"4ee62a26":87,"87c462ee":98,"20811ddf":89,"d1d40c9c":100,"66554572":72,"761cf820":96,"f277386e":76,"d33790a2":103,"2cce4fb2":100,"06ddafc7":80,"c7c4ec5c":85,"0b5a0408":92,"1ff8c2fc":99,"0ac825ed":97,"9263c525":96,"2198ba8e":89,"e6fac295":80,"48655f09":112,"b460f030":109,"03c398d2":98,"a636f4c9":110,"b7df1559":98,"4258c176":91,"ba586505":91,"6b82b527":96,"1c0a9eff":93,"d1fe2868":94,"faf3ed07":88,"1b881e6e":103,"1a0189c4":91,"4ed01268":89,"70c1e715":89,"ce3407dd":88,"af0b61ab":91,"d5557fb4":106,"f4726450":94,"ef1c2dcb":92,"cbb54a0a":79,"7af9d3b1":98,"eb7b4e29":84,"9b3f8714":100,"9f5e6cba":102,"f069bb07":90,"71279c46":89,"dc473de1":91,"0681c48e":106,"a6003226":91,"05f6ab35":90,"9b546d65":83,"2bcca6a7":110,"7af262e5":97,"8a165e17":100,"afe8e06a":87,"e865e4dd":85,"dfcc2ad1":108,"fd482491":105,"65e4235b":90,"50b558a7":79,"74c26380":96,"56473430":99,"313258f2":91,"1247fa52":99,"94a2fe10":99,"0dad37d5":92,"5be594be":89,"168e75d9":98,"f3992a31":93,"1623fc9f":98,"aa021138":101,"c015ec5a":93,"ca7d47f7":97,"49b358bd":98,"5ab7bc35":103,"859545e6":79,"9f74b8a4":89,"3e082b37":85,"f5cd79c1":85,"6ce84ff8":90,"437fc3ec":91,"317c1591":104,"39bbc4bc":111,"c0b7e7d7":80,"87cd2add":82,"10ec5a0b":94,"ad303bda":98,"f7231212":91,"4930f321":86,"0785820e":99,"a63bddd4":120,"175bc6b2":81,"be4f8ba8":96,"affb82bf":99,"3f65f121":97,"623c6a31":100,"ef8321d8":92,"2ad42a9e":93,"261c9911":100,"20777945":90,"3ef7432b":94,"40e79dd3":93,"9a80f004":86,"e2cbe594":89,"751bcf25":94,"bb98a6cf":112,"50312237":103,"868edcc0":100,"0be540c5":96,"336d0f08":104,"e0f7679f":82,"1ff8c2fc":100,"408bb2ed":82,"95bc84f1":88,"fb44fa9c":106,"8245f916":78,"0ac825ed":98,"6a60348e":84,"f9c15fcc":100,"bbe71605":88,"2c24d929":100,"468fc85c":91,"cbad3b92":109,"dd1fcb17":87,"2198ba8e":90,"eed20185":103,"04612878":97,"6775d5cd":89,"124fbe96":87,"e4117b3b":77,"a6b5e869":88,"cb4f262b":93,"bda8cdfb":99,"2b3e4717":97,"f4b2f575":77,"c6c85783":105,"26c390d6":87,"789bd484":89,"d0d6acb1":88,"c67979e6":114,"aff8e442":98,"22234d6b":95,"de6213c7":91,"884b0ad1":90,"d552eb2f":103,"162a7348":97,"dd7acb96":94,"d6d61bfc":102,"290b4714":91,"51a3e9c2":104,"dc0c8b09":109,"9a07d89b":98,"8007f30e":69,"2a76f1dd":82,"8db5a165":79,"7af262e5":98,"c510bfd3":111,"65e4235b":91,"8a165e17":101,"78467b8a":106,"c91966ce":87,"4bc46d7a":87,"f905a555":86,"db8ba455":96,"d70ca4f4":109,"31408822":86,"142d6987":101,"4e3f5178":100,"30d84dce":85,"be40590d":94,"1a2c020b":83,"06ee61b6":87,"5be594be":90,"c21ab51e":77,"c0fea118":88,"9267f0ef":107,"caddd0a7":103,"259930ee":104,"d141db49":92,"e5d3655c":104,"aa021138":102,"868cda42":88,"3bad3c95":81,"09f0db62":121,"d599b566":111,"c0b7e7d7":81,"2c5c1dc0":94,"f1dffa24":79,"e7773397":82,"c564e316":95,"4f59a322":92,"cb142908":86,"619fda68":112,"7a840529":75,"b73e789c":88,"30b6808c":92,"61d4782d":99,"0681c48e":107,"51f80f4c":102,"2ab62345":81,"4125085e":100,"0e036ae9":109,"f2ca27d9":90,"7d6895f4":99,"172217e5":100,"3f65f121":98,"25a7a0a3":94,"217c0327":69,"00a17b46":91,"2ad42a9e":94,"201cafad":86,"7d112f4d":98,"df81ddee":87,"547903ef":108,"a851554d":105,"f4343817":95,"95bc84f1":89,"5f8517b7":115,"66554572":73,"db0a661e":97,"7ae3fc50":86,"a4dafea5":93,"d0e9a58e":82,"17b08923":93,"608bc832":90,"0be540c5":97,"868edcc0":101,"5a0ead91":90,"4b3e3b1c":95,"8493f3b2":92,"e6fac295":81,"c6e3d352":109,"a543ec74":91,"be1746a0":89,"baebb391":105,"804d4dfa":94,"87922532":101,"1bb4ccc0":95,"8bc04eb5":89,"36b7003c":118,"77bae750":84,"91d52a55":93,"3062379b":84,"bad1a1cc":81,"50c3164b":100,"4ed01268":90,"5747db6e":105,"394dc144":91,"cbb54a0a":80,"5a0eb771":94,"911e770b":99,"b5763ff6":77,"37d0cae2":90,"677c6a09":106,"ad2d7bed":98,"fea793f5":97,"4b125e7b":96,"1745a0f4":96,"dfcc2ad1":109,"8721056e":83,"e5b1abc6":87,"8db5a165":80,"7bda83dd":93,"0a1d11e6":79,"cd522166":110,"9b546d65":84,"8a165e17":102,"a5676c24":93,"ec110282":109,"56473430":100,"ddec9e54":91,"9b172ca8":83,"a8726d50":81,"1a2c020b":84,"381c68fa":98,"efe84c27":90,"6b78ad7f":102,"9316e7e8":77,"6fb4cdda":103,"751acea8":79,"7f86be64":99,"3b690f68":111,"c7313e0a":103,"26ed1a5c":93,"e1571af7":93,"4fd645f1":82,"5ab7bc35":104,"b5ce0c0c":103,"d9d7c4c2":106,"14c682eb":84,"08a06557":115,"437fc3ec":92,"e45b4b53":79,"83086d4c":105,"d1676e89":93,"906fdec3":85,"dcfaba4c":96,"b7832271":100,"c9efc8f6":93,"5a734022":85,"51f80f4c":103,"5e09f69e":103,"6867261a":84,"aa9ea5e8":85,"12dd6f5e":85,"7d6895f4":100,"f87c5031":80,"0e036ae9":110,"6d5fcd4c":100,"623c6a31":101,"8dd2684c":97,"869cbaa0":111,"629800eb":105,"621d6b18":103,"7e95c5a0":95,"9aa6a054":93,"af7e5be8":99,"ba938220":88,"913a6226":90,"d25e0f8d":107,"daab45c6":91,"18d20aa1":85,"8f9b74b0":84,"25e0dd3d":99,"2ad42a9e":95,"b769bdfb":98,"e7773397":83,"363590c7":96,"e8f173b5":95,"5ee911b5":91,"d0c0fc08":82,"0d2c95fe":92,"11888cfa":90,"cfe72ead":78,"c7c4ec5c":86,"4b3e3b1c":96,"4ba6eb36":94,"1138796e":97,"336d0f08":105,"90731976":91,"2e99f8fd":86,"3c782bb3":92,"cac4449a":90,"9fc713b0":102,"4cc141fa":75,"a636f4c9":111,"ae8a09c4":90,"a43061ee":84,"0f72f2d8":93,"2a387957":98,"a983a6dc":89,"1634789b":96,"1a0189c4":92,"6c20c153":90,"d815c5b4":111,"d1d40c9c":101,"95d331b1":80,"9d4f1fe6":90,"1c0a9eff":94,"fea793f5":98,"f2e3c0e3":85,"478d2d4f":102,"4c0e547b":95,"da04caac":92,"8007f30e":70,"731fc335":75,"dc0c8b09":110,"f789f6d8":108,"062179c1":96,"ca6d2d91":95,"e7abc88d":83,"110b1ee3":98,"f883d582":88,"f121b82c":105,"b2c25d1c":89,"40a745c0":100,"dcf85091":80,"4ee62a26":88,"56d315d8":80,"36380d96":104,"acac14fb":89,"cd3bbe7e":91,"f2086446":100,"c015ec5a":94,"e5d3655c":105,"cc6bbe45":84,"b320feb9":93,"14c682eb":85,"24ffcbd3":106,"8f13c203":78,"1745a0f4":97,"6023df54":94,"3a291497":84,"56473430":101,"fe44fc6f":96,"7e991ab9":78,"c81b2bcf":82,"2c01e624":87,"13747b82":97,"bad1a1cc":82,"8cd78f77":112,"8cddb65e":95,"faf3ed07":89,"74e3d13e":92,"ea822700":76,"f87c5031":81,"7028b044":82,"47cfba38":86,"1d153b20":94,"61d4782d":100,"84b767be":114,"5e09f69e":104,"9c045c61":97,"d744bee2":90,"60d6cee2":96,"9a467a82":99,"22176537":91,"ec2cb1af":96,"eeaa2d46":104,"d83294cd":90,"2ce1af05":81,"619fda68":113,"30b6808c":93,"0bfabf48":87,"0d28db94":86,"056ea7ff":100,"72b84094":115,"5c82d1ce":97,"27d8bf51":97,"4dac6b20":81,"21e10a2b":98,"4e5aaaec":83,"f4343817":96,"3c43e8a2":100,"77d35808":92,"a40846b7":103,"d599b566":112,"19f9ca86":95,"1da771fb":89,"004f1ef3":114,"b84a06eb":94,"1438fad7":99,"1b153aef":95,"cf50e84e":100,"4945c851":99,"45b038bb":107,"3d1af513":101,"b2703001":98,"489a39f7":84,"9e878ec2":112,"f1862e79":78,"6291e9e9":97,"00554ffd":111,"0cb80f4a":91,"8eb64769":83,"cbad3b92":110,"458dcc3d":97,"a543ec74":92,"74e01f6a":87,"ad2d7bed":99,"7f6d1d0e":105,"124fbe96":88,"ea4d3f3e":104,"0d770b97":95,"6c20c153":91,"04bef50c":71,"a66a2d8a":111,"481754fc":77,"48655f09":113,"478d2d4f":103,"dcf85091":81,"f598a332":88,"ca6d2d91":96,"d548635d":93,"4ee62a26":89,"c382f054":103,"a4f1d83b":99,"a3253019":91,"40a745c0":101,"c21ab51e":78,"3b690f68":112,"a836aa93":97,"430a5db5":104,"cd3bbe7e":92,"2045d7d6":84,"ce3bf5db":81,"3bad3c95":82,"9a3ab0b8":82,"7ae34c64":103,"a0685bf3":109,"ef8987d7":87,"d78dd457":83,"d9a64845":91,"da04caac":93,"13b53c7a":96,"1bc0591f":95,"91f7ef72":94,"2c6cb96f":82,"abc1d7ad":102,"0670c466":90,"66d94227":85,"2b3e4717":98,"9ceb5439":83,"39ba00f0":97,"284544ba":93,"39a2fcce":80,"650bb0e0":98,"22234d6b":96,"527ff946":107,"f4726450":95,"1f342a00":97,"aa5dfdf5":94,"fd07e0ed":99,"7af9d3b1":99,"b7cc7909":93,"a6003226":92,"bc3dc66a":97,"76f3a3be":89,"c64de0c0":83,"12534561":85,"7080f122":90,"21ee2afe":104,"53a8613c":112,"6de0aaac":86,"af157d29":92,"623c6a31":102,"7d6895f4":101,"93b9fae6":85,"2ce1af05":82,"9f74b8a4":90,"d83294cd":91,"a06a6430":91,"4930f321":87,"b9be31d6":100,"30c5d755":108,"a577db1c":87,"805af3c7":100,"57167c74":92,"b6ee137a":89,"805534ac":93,"2b3c49b9":95,"18d20aa1":86,"bc09fa9e":87,"ecfa8249":103,"547903ef":109,"0b3283c9":95,"09f0db62":122,"ea9bba6b":87,"8dd649a3":86,"c564e316":96,"5410e9c6":101,"3c43e8a2":101,"bbe71605":89,"fa55f27a":109,"17b08923":94,"9260d96b":113,"69f3bfcc":90,"379184a7":105,"3d1af513":102,"59431390":96,"b2703001":99,"b377a62a":93,"0cb80f4a":92,"489a39f7":85,"8f2a7d69":87,"045f280d":98,"c0b23081":103,"4652b09a":116,"1bb4ccc0":96,"bd2705b0":118,"6c20c153":92,"37d0cae2":91,"704bce0d":95,"db703021":87,"145c7559":102,"9f2b16a7":96,"5272520d":90,"0c043224":106,"0dad37d5":93,"c85a0d80":99,"26ed1a5c":94,"a8726d50":82,"168e75d9":99,"9b742f71":84,"94a2fe10":100,"8942c35b":96,"d39724bc":93,"04612878":98,"ad8f85d6":103,"2c24d929":101,"2198ba8e":91,"74e01f6a":88,"cac4449a":91,"baebb391":106,"82204d54":88,"a567ace4":97,"831c7b85":93,"810aa5e9":102,"b102f7bd":100,"a851891c":77,"afe8e06a":88,"345c9967":85,"cfafcda8":95,"537634c9":84,"0e2b5d2f":99,"5f0c1b9d":100,"f905a555":87,"bf822e33":96,"5d087c79":90,"bda8cdfb":100,"9ab755d3":89,"a1921150":97,"2180f99b":100,"47d27624":89,"088feee2":104,"d744bee2":91,"6e98dfda":99,"2d54e0a8":80,"0d2a1c58":89,"911e770b":100,"ea822700":77,"35aa7fd0":108,"72805bf5":76,"42c80e69":105,"5a734022":86,"e4714415":107,"51f80f4c":104,"9b3f8714":101,"0e036ae9":111,"b9a48a5c":83,"91f7ef72":95,"c8113b77":82,"76f94eda":90,"cc5a1d47":83,"053f3451":94,"ef14000f":97,"2b698053":93,"619fda68":114,"08a06557":116,"e32524d6":101,"28d40296":76,"259930ee":105,"805af3c7":101,"b320feb9":94,"8f13c203":79,"261c9911":101,"0a96f57a":102,"2209903e":102,"efd23af5":90,"f1dffa24":80,"f2470875":107,"9a3cc55d":79,"e45b4b53":80,"312f7676":94,"3c43e8a2":102,"8dc9b4db":105,"013ee301":90,"411b5027":95,"1b153aef":96,"34658473":84,"2d1e1e9d":86,"f277386e":77,"8d000d6e":86,"6a60348e":85,"b35e9e1a":128,"f1862e79":79,"66554572":74,"b552beb3":92,"d0b297b2":80,"9e878ec2":113,"12012fbd":92,"ac38a6a5":106,"558d5ce7":93,"01d817b8":82,"8dd2684c":98,"1bb4ccc0":97,"04bef50c":72,"5acce642":94,"d8475b95":72,"a0bc1ceb":94,"a543ec74":93,"12271e14":88,"17807120":100,"cac4449a":92,"6be9332a":88,"5fa12feb":95,"21ad2f34":92,"f4343817":97,"5ccf94d6":90,"9b742f71":85,"6b78ad7f":103,"9316e7e8":78,"c0fea118":89,"cf1124db":85,"dbc9df44":76,"d634aa28":113,"0c043224":107,"7f86be64":100,"6e24d88b":95,"9f2b16a7":97,"704bce0d":96,"180377be":94,"e4c312fe":93,"5b5fc566":93,"54d7de6b":109,"ea4d3f3e":105,"1105f790":95,"e35a63cd":98,"fafb4cc2":122,"2a76f1dd":83,"a15713c6":114,"aff8e442":99,"d1fe2868":95,"39a2fcce":81,"93fdbb44":74,"b7832271":101,"70bc8325":85,"5339e1e9":90,"650bb0e0":99,"9ab755d3":90,"8cd78f77":113,"5d087c79":91,"e58b26f6":99,"84b67924":99,"50c3164b":101,"64db4feb":112,"5a734022":87,"a47abfbb":81,"288a2c43":86,"dcfaba4c":97,"13747b82":98,"57d5dee8":103,"05f6ab35":91,"781ace7d":96,"2bcca6a7":111,"28654c76":104,"d9d0c567":93,"4c0e547b":96,"f67de058":98,"56473430":102,"45b5746e":95,"2b698053":94,"d5059415":97,"c8113b77":83,"4777334c":81,"b7505747":101,"a33fe0dd":102,"dac109cf":94,"d141db49":93,"f8b31ce5":117,"65a00a3c":92,"9496f56f":103,"95539a58":77,"f6fe095d":112,"a77e127d":77,"363590c7":97,"578f6e9e":102,"c564e316":97,"9a3cc55d":80,"3e082b37":86,"f5829ac0":96,"de36827b":117,"3d1af513":103,"59431390":97,"f9c15fcc":101,"8b2b601d":94,"45b038bb":108,"ef14000f":98,"a06a6430":92,"12dd6f5e":86,"bb99c79c":94,"4d35385e":93,"d6320619":92,"12012fbd":93,"7080f122":91,"eafbf9fb":91,"cd421290":86,"9d0546ac":88,"79e4fa1c":88,"8f9b74b0":85,"20777945":91,"77898c22":79,"c8dc010f":108,"d033db8d":101,"5e193fc8":97,"d102b0c6":85,"6c73ae98":84,"408bb2ed":83,"e0f7679f":83,"6a60348e":86,"9263c525":97,"fa55f27a":110,"a43061ee":85,"9fc713b0":103,"dfc89705":95,"aa00769b":109,"0eaf08da":100,"59c1e594":98,"baebb391":107,"ee75b607":90,"dffa7793":70,"bb00e71c":79,"bd2705b0":119,"677c6a09":107,"ba586505":92,"abad2347":93,"a0685bf3":110,"36684155":96,"aff8e442":100,"90d52475":91,"7db3edda":95,"66d94227":86,"2f455cce":95,"cf775f58":94,"93fdbb44":75,"2d54e0a8":81,"ef1c2dcb":93,"0f1ac912":80,"d0d6acb1":89,"fb7482fe":89,"835358a0":87,"deb31f35":100,"47cfba38":87,"76f3a3be":90,"57d5dee8":104,"31f6ba51":93,"8cddb65e":96,"aec4e1bf":90,"78b97937":102,"fd482491":106,"0a1d11e6":80,"bd62d7ed":82,"dfcc2ad1":110,"810aa5e9":103,"a66a2d8a":112,"28654c76":105,"5f96c2bc":89,"fee32863":94,"56473430":103,"1bc0591f":96,"5f0c1b9d":101,"82868763":91,"dc583e64":104,"016953e4":105,"a58bf525":95,"71ff66e8":90,"22aeaf03":88,"6b79fec2":85,"7f86be64":101,"751acea8":80,"be2955bb":97,"b7434f57":80,"4360a1a3":107,"9267f0ef":108,"0da28f5b":99,"bb98a6cf":113,"8e99d5d0":98,"381c68fa":99,"c5b35e4d":90,"61f25dd4":113,"62d1d346":86,"5f620a1e":107,"30c5d755":109
1604737534728,"28d40296":77,"fbdffc95":84,"4777334c":82,"ea6de194":105,"09560615":78,"6de0aaac":87,"53a8613c":113,"f87c5031":82,"eeaa2d46":105,"fd6dcb20":90,"416a9e97":87,"ecfa8249":104,"e2a7d915":81,"7d112f4d":99,"85de05f2":96,"5a622a23":93,"6bc5d32a":111,"201cafad":87,"056ea7ff":101,"77bfed7e":92,"f1df62b4":90,"9496f56f":104,"2ce1af05":83,"ef91eaae":77,"9c29f0ed":110,"1f11812e":100,"3b690f68":113,"80a8a56d":87,"288d171f":91,"902f49f5":100,"751bcf25":95,"90a06ee9":91,"4c4aa2e2":95,"0c043224":108,"a836aa93":98,"751acea8":81,"4b3e3b1c":97,"3310a049":95,"3a1b9af5":96,"d6db2b02":111,"4f5e3e7d":83,"26009d3f":89,"332820ce":96,"05642105":95,"6f0fcb9d":98,"0be540c5":98,"00554ffd":112,"cfe72ead":79,"045f280d":99,"d0b297b2":81,"a0bc1ceb":95,"468fc85c":92,"bc392d1c":82,"804d4dfa":95,"13f0e139":88,"d8475b95":73,"24d24fa3":96,"7f86be64":102,"a4f1d83b":100,"06ee61b6":88,"08a06557":117,"7043382d":99,"5f620a1e":108,"4def63ee":70,"0b959527":91,"14c682eb":86,"4777334c":83,"2882a956":97,"5b5fc566":94,"a502c93c":80,"1a442bc7":96,"04bef50c":73,"b0869206":102,"e356abf1":100,"92ca52b7":99,"b28a5e67":100,"05f6ab35":92,"fe8f3d36":82,"0a1d11e6":81,"3c0df8b4":99,"6c524f99":92,"a567ace4":98,"3f75d3bc":102,"23760167":87,"77bae750":85,"1634789b":97,"9147702f":85,"90d52475":92,"2d54e0a8":82,"36b7003c":119,"b947257e":108,"9fa62fee":89,"47d27624":90,"b7832271":102,"66d94227":87,"dd7acb96":95,"084cbc0b":91,"0681c48e":108,"d6d61bfc":103,"b35bb8a1":84,"5e09f69e":105,"2ab62345":82,"13747b82":99,"bb8a6337":85,"2dda3936":91,"8547fbc2":89,"ccdd1ce6":90,"4469c815":75,"fd6dcb20":91,"d2a841c9":77,"22176537":92,"095ab3b4":84,"8e4c33d2":103,"9a3cc55d":81,"e238f09b":95,"26f99a1e":93,"3a204e56":101,"3f2522c2":97,"913a6226":91,"547903ef":110,"debe1f65":100,"51c57542":96,"a851554d":106,"f9f2c53f":84,"f4343817":98,"906fdec3":86,"062179c1":97,"bd62d7ed":83,"7896b953":100,"fd482491":107,"385ab7c6":95,"7566fdd6":111,"053f3451":95,"7a4c064c":103,"ac030e74":87,"f1df62b4":91,"2ce1af05":84,"1a68160d":100,"cc11fef9":103,"4279e829":103,"ebdbf580":98,"1db42092":112,"fe0df575":108,"0d2c95fe":93,"fa55f27a":111,"bab97de3":106,"0be540c5":99,"40569362":99,"95f6db13":89,"8323d333":85,"f1862e79":80,"6291e9e9":98,"8d000d6e":87,"6db0ea86":102,"cd95f558":101,"0eaf08da":101,"87922532":102,"946df4fd":101,"6be9332a":89,"ac62fac2":109,"f1098793":97,"bad6cdb1":90,"142d6987":102,"36380d96":105,"2e3503e4":96,"f883d582":89,"1e7753d9":111,"79f04300":90,"168e75d9":100,"7cd0ad7b":112,"93683c82":85,"5e193fc8":98,"638cb163":107,"49b358bd":99,"ba30e43a":113,"fbdffc95":85,"3bad3c95":83,"d9f512b9":103,"25776fc4":97,"00cf385d":102,"5acce642":95,"aa187e3b":81,"7ee7621c":98,"95d331b1":81,"4258c176":92,"5eab91a0":101,"a0685bf3":111,"8a52882e":94,"f2364460":106,"a939b50b":98,"911e770b":101,"6adce358":106,"778c95e9":94,"254cc28c":103,"272c7672":104,"d0d6acb1":90,"5a0eb771":95,"bad1a1cc":83,"84b767be":115,"fb7482fe":90,"5f6613c8":79,"7db3edda":96,"d6d61bfc":104,"61d4782d":101,"a1370ab0":97,"b7cc7909":94,"24a9fb86":107,"4125085e":101,"08c6b5d2":99,"4d35385e":94,"ccdd1ce6":91,"d1676e89":94,"fe1d4419":97,"42191b64":78,"ccb5ea3e":82,"201cafad":88,"6bc5d32a":112,"c8dc010f":109,"3ef7432b":95,"51c57542":97,"f4343817":99,"8cc4a982":91,"bb99c79c":95,"25a7a0a3":95,"bc021def":103,"d8e58a8c":102,"478d2d4f":104,"25a2844e":98,"3a291497":85,"d9d0c567":94,"8b5a8e9f":110,"dc03ebd2":112,"8007f30e":71,"ec110282":110,"13b53c7a":97,"616d6dd6":91,"7896b953":101,"50b558a7":80,"753ca352":82,"7e95c5a0":96,"10ec5a0b":95,"87083264":107,"ae95f2ba":111,"c8113b77":84,"619fda68":115,"8e4c33d2":104,"5b60dd1d":94,"22aeaf03":89,"e238f09b":96,"05642105":96,"1be05c14":85,"4ba6eb36":95,"0cb80f4a":93,"de36827b":118,"8c6e001f":82,"bab97de3":107,"c7c4ec5c":87,"013ee301":91,"792c9b6a":79,"2d1e1e9d":87,"d0e9a58e":83,"7732eb1e":106,"5ee911b5":92,"eed20185":104,"aefe13f5":98,"458dcc3d":98,"4cc141fa":76,"b2bd8fd3":90,"b460f030":110,"1f11812e":101,"6b78ad7f":104,"470d50c2":95,"4279e829":104,"fe578280":87,"d0c104c4":68,"754f98c9":95,"d70ca4f4":110,"704bce0d":97,"db703021":88,"d634aa28":114,"3498f223":84,"4360a1a3":108,"e1618359":97,"719c8869":114,"37a7d5b0":101,"f8b31ce5":118,"37d0cae2":92,"d815c5b4":112,"1bb4ccc0":98,"79be29c8":91,"5eab91a0":102,"49b358bd":100,"e3547548":85,"9d63c4dd":91,"a1921150":98,"842c8340":86,"8657c79d":108,"d3a669ac":105,"44a4f7cd":91,"37fbb107":107,"aec074c4":101,"ce3407dd":89,"2a06ab95":101,"1f7607df":85,"9ceb5439":84,"39ba00f0":98,"be149c6f":86,"7028b044":83,"d6d61bfc":105,"bc3dc66a":98,"1ed46298":111,"031e488e":95,"24a9fb86":108,"5774ac0d":104,"c4e70c07":92,"9bdf362a":81,"a543ec74":94,"72b84094":116,"07107f6e":95,"da3437cd":88,"3ef7432b":96,"ba586505":93,"16b476e9":91,"831c7b85":94,"cd522166":111,"08a561b7":93,"78467b8a":107,"1105f790":96,"537634c9":85,"33d6bb6a":84,"61145ec9":105,"afe8e06a":89,"a472532e":88,"8a165e17":103,"cfafcda8":96,"d8e58a8c":103,"f905a555":88,"7a4c064c":104,"9aa6a054":94,"a06a6430":93,"c803b4a3":96,"f2f58418":80,"6de0aaac":88,"53a8613c":114,"315537b2":91,"172217e5":101,"9e206c95":105,"9de29816":77,"79e4fa1c":89,"26dd2000":103,"efd23af5":91,"836701f6":87,"c318d350":103,"a58bf525":96,"a40846b7":104,"e238f09b":97,"4ea4a2a1":107,"3712c4bd":90,"8cf83787":79,"b7407bd3":84,"e81834aa":105,"437fc3ec":93,"159ffd0b":79,"de11eb19":109,"cf84fb54":100,"8f2a7d69":88,"6585adbe":80,"a3d4a0e5":97,"408bb2ed":84,"0be540c5":100,"b84a06eb":95,"2e99f8fd":87,"74e01f6a":89,"ad8f85d6":104,"685207b3":97,"b7434f57":81,"1a68160d":101,"c2bb8aae":93,"288d171f":92,"30dbfc69":89,"90a06ee9":92,"bb98a6cf":114,"e9679ede":86,"0af920d8":75,"ab7d4c9a":92,"f598a332":89,"a68a93b2":84,"93683c82":86,"08a06557":118,"a85d89cc":89,"ef91eaae":78,"0785820e":100,"d4d5f466":94,"c0b23081":104,"aab4d996":93,"7be025ce":95,"fce3c5c6":83,"5339e1e9":91,"37fbb107":108,"fd369c21":103,"f4b2f575":78,"aec074c4":102,"e15fd611":77,"5747db6e":106,"5a0eb771":96,"2d54e0a8":83,"ccf8b803":88,"e58b26f6":100,"2180f99b":101,"b7cc7909":95,"aff8e442":101,"98915a1f":79,"dcfaba4c":98,"aa9ea5e8":86,"014460b9":113,"49b358bd":101,"ffc86f94":74,"e6fac295":82,"13f0e139":89,"742f1425":88,"cbad3b92":111,"481754fc":78,"72b84094":117,"fb8bfb36":111,"d25e0f8d":108,"13747b82":100,"deb31f35":101,"6867261a":85,"7af9d3b1":100,"bc021def":104,"d2a841c9":78,"af157d29":93,"30dd2edc":101,"25a7a0a3":96,"546f6845":105,"8cc4a982":92,"18d20aa1":87,"6841f77e":104,"a6b5e869":89,"4b125e7b":97,"87c462ee":99,"7f6d1d0e":106,"6c524f99":93,"f905a555":89,"2bcca6a7":112,"95904ac4":107,"1d44aff3":106,"b102f7bd":101,"13b53c7a":98,"e865e4dd":86,"43bc86e3":89,"733c86f8":93,"56473430":104,"c6dc900c":74,"ae016053":100,"05f6ab35":93,"ef14000f":99,"4eed1bea":95,"c8dc010f":110,"51c57542":98,"a40846b7":105,"19f9ca86":96,"5b60dd1d":95,"5623817d":95,"695a2b92":84,"6d61bf13":89,"f1dffa24":81,"1f88a4b7":104,"b35e9e1a":129,"2cce4fb2":101,"02d4753e":110,"6585adbe":81,"95bc84f1":90,"8f2a7d69":89,"f277386e":78,"408bb2ed":85,"6a60348e":87,"0ac825ed":99,"6291e9e9":99,"8c6e001f":83,"7732eb1e":107,"9f2b16a7":98,"972f4174":108,"470d50c2":96,"b6591e25":91,"4279e829":105,"79f04300":91,"cf1124db":86,"c382f054":104,"655941a0":99,"145c7559":103,"0af920d8":76,"7f86be64":103,"9316e7e8":79,"e4cfef0a":80,"a85d89cc":90,"67c57de4":114,"f7231212":92,"77bfed7e":93,"c8113b77":85,"d033db8d":102,"6adce358":107,"7e15f8e8":92,"5339e1e9":92,"9d63c4dd":92,"98915a1f":80,"92efd84f":97,"394dc144":92,"3062379b":85,"47d27624":91,"ef1c2dcb":94,"c98d5272":100,"5a07fc2e":83,"d0d6acb1":91,"22234d6b":97,"e9a8cf11":95,"8cddb65e":97,"a33fe0dd":103,"8f13c203":80,"c0b0f492":110,"868cda42":89,"04612878":99,"03c398d2":99,"cbad3b92":112,"12271e14":89,"c27969ec":94,"cf52025e":89,"946df4fd":102,"14c682eb":87,"0f029727":84,"4577b333":94,"fb8bfb36":112,"162a7348":98,"c93c3508":75,"6df0b2e8":113,"af034fee":86,"f94bf9ea":94,"b9a48a5c":84,"8547fbc2":90,"dfa1a89b":85,"15620dca":105,"558d5ce7":94,"eeaa2d46":106,"49902219":111,"21ad2f34":93,"f0a06216":93,"4258c176":93,"6841f77e":105,"0d770b97":96,"9cb4697f":101,"6b82b527":97,"bec9d329":103,"2a4a402a":91,"616d6dd6":92,"f67de058":99,"a851891c":78,"d5dae4c4":119,"05f6ab35":94,"70ee0491":77,"7896b953":102,"ef8987d7":88,"2a76f1dd":84,"11b2c8d9":83,"1d44aff3":107,"ba5c52af":97,"3c0df8b4":100,"9d0546ac":89,"25e0dd3d":100,"c45d554f":94,"ccb5ea3e":83,"261c9911":102,"c564e316":98,"5623817d":96,"5270f158":92,"8dd649a3":87,"c95719e5":87,"7ee148e9":90,"836701f6":88,"49910300":92,"82b81567":83,"07fc4a9a":95,"00554ffd":113,"a8871ddf":82,"8323d333":86,"2cce4fb2":102,"a533489b":103,"bab97de3":108,"8e99d5d0":99,"f33c0140":92,"efe84c27":91,"cc11fef9":104,"f121b82c":106,"ca6d2d91":97,"7e95c5a0":97,"76f94eda":91,"f7231212":93,"50c468ba":92,"b73e789c":89,"7a840529":76,"7218c9f1":80,"c382f054":105,"ddec9e54":92,"90d52475":93,"e99318a3":89,"cb6c9e42":109,"bf822e33":97,"3062379b":86,"f4726450":96,"cf775f58":95,"b7832271":103,"44a4f7cd":92,"084cbc0b":92,"99e171db":98,"7f86be64":104,"c2bb8aae":94,"0af920d8":77,"0da28f5b":100,"902f49f5":101,"467773ac":89,"e1571af7":94,"75ffea08":95,"de11eb19":110,"411b5027":96,"db0a661e":98,"de36827b":119,"92d38723":101,"064a99c8":86,"26c6fa34":93,"04612878":100,"4febf7c5":100,"792cfcbd":87,"a0bc1ceb":96,"b2bd8fd3":91,"30c5d755":110,"638cb163":108,"57167c74":93,"4fd645f1":83,"ce3bf5db":82,"9147702f":86,"fb7482fe":91,"39ba00f0":99,"60d6cee2":97,"3c18f28e":91,"5f6613c8":80,"9b3f8714":102,"5eaa1581":91,"c9efc8f6":94,"b230e8d3":100,"9e206c95":106,"d6320619":93,"0277d748":105,"be4f8ba8":97,"57540cc3":103,"affb82bf":100,"ef8321d8":93,"54d7de6b":110,"bf30a08f":110,"4b125e7b":98,"677c6a09":108,"6ee92259":97,"aa187e3b":82,"51a3e9c2":105,"a901627e":82,"8a165e17":104,"82204d54":89,"71ba7561":91,"cd522166":112,"831c7b85":95,"52eca0dc":94,"83b2f9c5":104,"9b546d65":85,"d9d0c567":95,"f2e3c0e3":86,"dd035d2a":94,"0f89862c":91,"6a7392d5":83,"913a6226":92,"e21c6207":84,"51c57542":99,"5fa12feb":96,"efd23af5":92,"263762cb":85,"2203f259":97,"8274885a":103,"60e855ee":102,"f6fe095d":113,"2c5c1dc0":95,"016953e4":106,"f044c0e1":76,"bbe71605":90,"de11eb19":111,"d9dcdc4b":110,"7ae3fc50":87,"7bebff03":82,"53747a91":97,"36b7003c":120,"7e95c5a0":98,"f1df62b4":92,"4f59a322":93,"7fb4c521":91,"43d87483":91,"8ac72326":81,"f7231212":94,"f76a3e83":98,"1a2c020b":85,"efe84c27":92,"58d46189":105,"972f4174":109,"3b690f68":114,"754f98c9":96,"30dbfc69":90,"f121b82c":107,"1e232870":101,"40a745c0":102,"9d4da635":74,"31408822":87,"0d5ee801":81,"2cce4fb2":103,"b7407bd3":85,"1138796e":98,"d0b297b2":82,"d0e9a58e":84,"fb44fa9c":107,"a24e6670":100,"d102b0c6":86,"5acaa06f":73,"064a99c8":87,"c609739e":96,"458dcc3d":99,"12271e14":90,"99d130c9":109,"e6fac295":83,"a0bc1ceb":97,"7be025ce":96,"aab4d996":94,"28d40296":78,"d9f512b9":104,"57167c74":94,"2af60749":98,"b5ce0c0c":104,"d4d5f466":95,"ae99df30":95,"8bc04eb5":90,"a6b5e869":90,"ad2d7bed":100,"20811ddf":90,"6c20c153":93,"fafb4cc2":123,"6e44927f":79,"1d44aff3":108,"28654c76":106,"7fdc2007":90,"52eca0dc":95,"9a07d89b":99,"fe44fc6f":97,"8f10fa42":116,"9a3ab0b8":83,"43bc86e3":90,"dd3913d2":96,"9d023afb":106,"11b2c8d9":84,"a983a6dc":90,"284544ba":94,"70bc8325":86,"d1fe2868":96,"5747db6e":107,"ccf8b803":89,"fd07e0ed":100,"1d790491":99,"088feee2":105,"f069bb07":91,"2c01e624":88,"44a4f7cd":93,"383e232d":89,"57d5dee8":105,"6df0b2e8":114,"3a1d1632":77,"a47abfbb":82,"b230e8d3":101,"03b4ab60":99,"5774ac0d":105,"fd6dcb20":92,"6d339d45":82,"2cb29e5a":111,"22ecaed0":82,"f2ca27d9":91,"ccdd1ce6":92,"eeaa2d46":107,"3c43e8a2":103,"014bdff0":106,"2203f259":98,"09f0db62":123,"95d3d348":90,"317c1591":105,"27f52ed3":113,"cd421290":87,"79e4fa1c":90,"7d112f4d":100,"27d8bf51":98,"5a622a23":94,"5fa12feb":97,"c8dc010f":111,"d2466211":112,"b9be31d6":101,"cf9f4757":85,"30b6808c":94,"b73e789c":90,"ffa08d82":96,"7fb4c521":92,"8e99d5d0":100,"d548635d":94,"c0fea118":90,"bb98a6cf":115,"f121b82c":108,"b6591e25":92,"145c7559":104,"26009d3f":90,"1b153aef":97,"66554572":75,"49910300":93,"b35e9e1a":130,"0be540c5":101,"b2a8761b":79,"6a60348e":88,"d0c0fc08":83,"d0b297b2":83,"a8871ddf":83,"0ac825ed":100,"05642105":97,"b8397293":86,"13f0e139":90,"e8d74304":83,"1c3a30c5":95,"12271e14":91,"742f1425":89,"d8475b95":74,"74e01f6a":90,"3f9b5722":89,"efe84c27":93,"655941a0":100,"0a92153e":97,"5cd3cfe0":81,"751acea8":82,"2045d7d6":85,"dbd2f139":96,"75ffea08":96,"5ab7bc35":105,"2154b6e8":87,"1623fc9f":99,"b7505747":102,"4c39240e":102,"6ee92259":98,"ee21ad02":106,"d1d40c9c":102,"abad2347":94,"935ec056":87,"1757a30e":93,"d39724bc":94,"a5fd8ffd":99,"a15713c6":115,"b2cfdbcf":98,"a0cf08b3":82,"b8488fc8":98,"f3a0c2ee":90,"6c486702":100,"537634c9":86,"a567ace4":99,"08a561b7":94,"a59a8290":94,"088feee2":106,"1634789b":98,"2c627253":88,"f2364460":107,"de6213c7":92,"37fbb107":109,"d552eb2f":104,"5d087c79":92,"084cbc0b":93,"91d52a55":94,"ea822700":78,"c98d5272":101,"be149c6f":87,"f069bb07":92,"d6d61bfc":106,"f4726450":97,"081460bf":98,"af034fee":87,"5e09f69e":106,"c852d240":97,"5f6613c8":81,"01d817b8":83,"217c0327":70,"15620dca":106,"bb99c79c":96,"7d6895f4":102,"25a7a0a3":97,"be4f8ba8":98,"f1dffa24":82,"b935fc1c":89,"e7773397":84,"09f0db62":124,"6d61bf13":90,"95d3d348":91,"debe1f65":101,"5c82d1ce":98,"2b3c49b9":96,"ab7467de":110,"ecfa8249":105,"f9f2c53f":85,"2ad42a9e":96,"f67de058":100,"78467b8a":108,"2a76f1dd":85,"07f98660":105,"abd32136":94,"0d28db94":87,"95539a58":78,"b73e789c":91,"629800eb":106,"e4cfef0a":81,"79f04300":92,"c382f054":106,"8e99d5d0":101,"74f234c6":106,"efe84c27":94,"a40846b7":106,"b2703001":100,"1b153aef":98,"4ac6bd4e":83,"a4dafea5":94,"06073f13":96,"411b5027":97,"e81834aa":106,"554ebb83":94,"3a1b9af5":97,"8d753bb6":75,"336d0f08":106,"59431390":98,"a24e6670":101,"34658473":85,"eed20185":105,"a0b03218":94,"24d24fa3":97,"12271e14":92,"04612878":101,"a0bc1ceb":98,"812b4f15":82,"1a2ec5d7":94,"77300e4a":85,"430a5db5":105,"6fb4cdda":104,"e0154608":82,"40a745c0":103,"0af920d8":78,"a8726d50":83,"cd3bbe7e":93,"e5d3655c":106,"c8fcad77":87,"b7505747":103,"4577b333":95,"b320feb9":95,"57167c74":95,"ffc86f94":75,"bf30a08f":111,"aa187e3b":83,"ae99df30":96,"ee21ad02":107,"e382ec3f":76,"11b74e63":95,"5acce642":96,"c91966ce":88,"e865e4dd":87,"31d74eee":89,"2a06ab95":102,"b88033fd":97,"1f342a00":98,"394dc144":93,"0bd93cfd":77,"97e75c19":113,"98915a1f":81,"4ed01268":91,"70c1e715":90,"9ceb5439":85,"272c7672":105,"181c3dd5":94,"5f7d7195":93,"22234d6b":98,"540df50f":102,"3a1d1632":78,"a47abfbb":83,"72805bf5":77,"288a2c43":87,"725dce8b":109,"22ecaed0":83,"25a7a0a3":98,"36d340f2":82,"8547fbc2":91,"f87c5031":83,"6d5fcd4c":101,"e9adbe58":89
1604737535281,"25635c37":84,"a77e127d":78,"26dd2000":104,"df81ddee":88,"27d8bf51":99,"3b7763b1":79,"f9f2c53f":86,"ab7467de":111,"93e8cee5":110,"cf1b8c47":103,"3f75d3bc":103,"05f6ab35":95,"4abb7aed":92,"2bcca6a7":113,"fd482491":108,"afe8e06a":90,"781ace7d":97,"70ee0491":78,"1105f790":97,"6c524f99":94,"30c184b8":101,"597c1f81":96,"77bfed7e":94,"ad303bda":99,"2b698053":95,"053f3451":96,"4930f321":88,"f7231212":95,"3a204e56":102,"578f6e9e":103,"f6fe095d":114,"60e855ee":103,"5099c6a0":113,"fa55f27a":112,"8cf83787":80,"40569362":100,"32c9fc47":92,"2e99f8fd":88,"7732eb1e":108,"408bb2ed":86,"3c782bb3":93,"8493f3b2":93,"ce4da56f":99,"fb44fa9c":108,"ef16ca37":96,"045f280d":100,"4f5e3e7d":84,"59c1e594":99,"cac4449a":93,"458dcc3d":100,"c609739e":97,"04612878":102,"e1618359":98,"e0154608":83,"655954ba":94,"cc11fef9":105,"bd984a8e":97,"a8726d50":84,"1247fa52":100,"26ed1a5c":95,"79f04300":93,"cf1124db":87,"31408822":88,"704bce0d":98,"db703021":89,"5cd3cfe0":82,"859545e6":80,"aab4d996":95,"2af60749":99,"c015ec5a":95,"1a442bc7":97,"f56ac638":80,"935ec056":88,"6ee92259":99,"fea793f5":99,"b7505747":104,"d9f512b9":105,"bad1a1cc":84,"d3a669ac":106,"77bae750":86,"835358a0":88,"b88033fd":98,"9ab755d3":91,"1a0189c4":93,"5a07fc2e":84,"84369269":83,"1f7607df":86,"71279c46":90,"8a52882e":95,"2180f99b":102,"bca2d7cd":92,"394dc144":94,"a6003226":93,"5774ac0d":106,"40860a4b":81,"13747b82":101,"5a734022":88,"4125085e":102,"3f65f121":99,"9c045c61":98,"ffc86f94":76,"b2bd8fd3":92,"eed20185":106,"e21c6207":85,"27d8bf51":100,"7d112f4d":101,"85de05f2":97,"25e0dd3d":101,"7080f122":92,"a63bddd4":121,"eeaa2d46":108,"1d153b20":95,"416a9e97":88,"cd421290":88,"ba586505":94,"16b476e9":92,"6e44927f":80,"f3a0c2ee":91,"71e53c93":98,"5f96c2bc":90,"aa867541":80,"fee32863":95,"db8ba455":97,"831c7b85":96,"8a165e17":105,"ba5c52af":98,"b8488fc8":99,"8007f30e":72,"c510bfd3":112,"20958d58":89,"93b9fae6":86,"cf9f4757":86,"2209903e":103,"1da771fb":90,"a40846b7":107,"93ac9ca3":91,"8dc9b4db":106,"3c43e8a2":104,"22aeaf03":90,"77d35808":93,"95f6db13":90,"02d4753e":111,"408bb2ed":87,"4ff2225d":89,"7732eb1e":109,"1ff8c2fc":101,"7a6aa4b6":96,"b36a0d66":79,"608bc832":91,"d0e9a58e":85,"59431390":99,"de11eb19":112,"0114160e":100,"159ffd0b":80,"742f1425":90,"a3253019":92,"e0154608":84,"8e99d5d0":102,"655941a0":101,"6fb4cdda":105,"5cd3cfe0":83,"77300e4a":86,"b2c25d1c":90,"142d6987":103,"1e232870":102,"0841052c":93,"b6591e25":93,"d033db8d":103,"f1b493de":106,"ba938220":89,"8fb236a9":87,"cb142908":87,"7a4c064c":105,"faf4f98b":99,"935ec056":89,"1a442bc7":98,"5eab91a0":103,"7f6d1d0e":107,"7be025ce":97,"08a06557":119,"4777334c":84,"d6f0d94a":86,"25776fc4":98,"1f342a00":99,"70bc8325":87,"bad1a1cc":85,"b7832271":104,"088feee2":107,"cbb54a0a":81,"0f1ac912":81,"42c80e69":106,"dd7acb96":96,"e15fd611":78,"84369269":84,"b947257e":109,"bfcb912a":94,"c793cdda":97,"a2c334e7":112,"2a387957":99,"c6c85783":106,"4125085e":103,"32133249":98,"aec4e1bf":91,"74e3d13e":93,"ca7d47f7":98,"868cda42":90,"59c1e594":100,"bad6cdb1":91,"a636f4c9":112,"03c398d2":100,"f1098793":98,"ad8f85d6":105,"4e5aaaec":84,"51c57542":100,"fd6dcb20":93,"ec2cb1af":97,"217c0327":71,"a77e8461":94,"f3d68430":103,"8cc4a982":93,"22ecaed0":84,"fea793f5":100,"6ee92259":100,"4652b09a":117,"2c6cb96f":83,"b87158fb":99,"a59a8290":95,"2dd0e808":91,"cfafcda8":97,"8db5a165":81,"71e53c93":99,"6c524f99":95,"ec110282":111,"9a3ab0b8":84,"b8488fc8":100,"db8ba455":98,"b102f7bd":102,"a5676c24":94,"ab7467de":112,"2b3c49b9":97,"21e10a2b":99,"7bebff03":83,"6bc5d32a":113,"b1f58563":90,"2c5c1dc0":96,"836701f6":89,"c95719e5":88,"6b79fec2":86,"2203f259":99,"695a2b92":85,"820225e4":77,"8aa78e2f":94,"59431390":100,"1bd5b20b":101,"3a1b9af5":98,"49910300":94,"54a676d6":82,"4ac6bd4e":84,"6a60348e":89,"31f6d707":108,"5678ed7b":119,"8d000d6e":88,"d33790a2":104,"49bf2e95":78,"d548635d":95,"1a2c020b":86,"145c7559":105,"c382f054":107,"e1618359":99,"1a2ec5d7":95,"90a06ee9":93,"c85a0d80":100,"142d6987":104,"cf1124db":88,"ad303bda":100,"6034b6d0":102,"ba938220":90,"00a17b46":92,"0bfabf48":88,"d4ee22a4":98,"4d9b0b10":98,"40a745c0":104,"655941a0":102,"835358a0":89,"a1921150":99,"61d4782d":102,"d6d61bfc":107,"aec074c4":103,"93fdbb44":76,"71a2a493":69,"5747db6e":108,"1634789b":99,"13747b82":102,"af0b61ab":92,"25d1b2d8":98,"5ccf94d6":91,"cc6bbe45":85,"fce3c5c6":84,"d634aa28":115,"75ffea08":97,"4c39240e":103,"65a00a3c":93,"92f800f5":97,"03c398d2":101,"12a2cd4b":100,"b2bd8fd3":93,"01cd8099":100,"73b15e04":93,"2d382981":96,"e6fac295":84,"b7505747":105,"bf30a08f":112,"e4c312fe":94,"ba586505":95,"e6ec8cbf":103,"5acce642":97,"bb00e71c":80,"6775d5cd":90,"e865e4dd":88,"a0cf08b3":83,"da04caac":94,"83b2f9c5":105,"f67de058":101,"ec110282":112,"6c524f99":96,"db8ba455":99,"25a2844e":99,"3c0df8b4":101,"6c486702":101,"78467b8a":109,"a66a2d8a":113,"be3a10f8":111,"383e232d":90,"8a52882e":96,"8cddb65e":98,"bf822e33":98,"ea822700":79,"b7cc7909":96,"254cc28c":104,"6867261a":86,"8657c79d":109,"15620dca":107,"d3e84616":110,"2dda3936":92,"6cba74ce":91,"a63bddd4":122,"57540cc3":104,"ac38a6a5":107,"72b84094":118,"8f9b74b0":86,"e1f0dbfd":107,"25e0dd3d":102,"70594a28":90,"e2cbe594":90,"9d0546ac":90,"8dc9b4db":107,"f5cd79c1":86,"3e082b37":87,"f2470875":108,"312f7676":95,"19f9ca86":97,"b769bdfb":99,"3c782bb3":94,"07fc4a9a":96,"f33c0140":93,"0a92153e":98,"36380d96":106,"0dad37d5":94,"87083264":108,"f7231212":96,"00a17b46":93,"597c1f81":97,"0d7d88f1":89,"4930f321":89,"af7e5be8":100,"8e99d5d0":103,"1f11812e":102,"1f7607df":87,"44a4f7cd":94,"2d54e0a8":84,"d957f027":92,"66d94227":88,"98915a1f":82,"288d171f":93,"31408822":89,"be2955bb":98,"bb98a6cf":116,"dbd2f139":97,"5272520d":91,"467773ac":90,"be40590d":95,"aa021138":103,"c0b0f492":111,"fbdffc95":86,"37a7d5b0":102,"45b038bb":109,"54a676d6":83,"f5829ac0":97,"0cb80f4a":94,"31f6d707":109,"b36a0d66":80,"358e45b1":97,"32c9fc47":93,"be1746a0":90,"8d753bb6":76,"d0c0fc08":84,"c27969ec":95,"3a1b9af5":99,"458dcc3d":101,"b35e9e1a":131,"27c8e038":109,"24d24fa3":98,"792cfcbd":88,"f1098793":99,"b5ce0c0c":105,"92f800f5":98,"4577b333":96,"ee75b607":91,"7ee7621c":99,"88ce179e":105,"1a442bc7":99,"e382ec3f":77,"93b0a158":98,"e356abf1":101,"61145ec9":106,"08a561b7":95,"1d44aff3":109,"00a481e3":107,"313258f2":92,"f3a0c2ee":92,"9d023afb":107,"fe44fc6f":98,"55928ef1":97,"b87158fb":100,"dd3913d2":97,"fead11cf":85,"1105f790":98,"c1bb74f2":85,"32133249":99,"383e232d":91,"c81b2bcf":83,"48efc739":115,"d552eb2f":105,"b230e8d3":102,"7e991ab9":79,"181c3dd5":95,"b88033fd":99,"40860a4b":82,"fd07e0ed":101,"c98d5272":102,"dc473de1":92,"24a9fb86":109,"71a2a493":70,"be4f8ba8":99,"25a7a0a3":99,"af157d29":94,"57540cc3":105,"315537b2":92,"3661e12d":88,"3454fa2b":83,"72b84094":119,"44ff8baa":88,"a0ce82b4":106,"27d8bf51":101,"4295ce9a":104,"7bebff03":84,"004f1ef3":115,"2c5c1dc0":97,"3a204e56":103,"82868763":92,"60e855ee":104,"016953e4":107,"6085137f":73,"3c782bb3":95,"1438fad7":100,"69f3bfcc":91,"6d802fa2":90,"1b153aef":99,"1be05c14":86,"7732eb1e":110,"92d38723":102,"4ea4a2a1":108,"b2703001":101,"ccb5ea3e":84,"655954ba":95,"9c29f0ed":111,"7a4c064c":106,"9aa6a054":95,"0d28db94":88,"d5059415":98,"0d7d88f1":90,"1dad0f99":96,"972f4174":110,"d34a29b9":109,"a836aa93":99,"06ee61b6":89,"1247fa52":101,"4360a1a3":109,"4279e829":106,"4c4aa2e2":96,"ddec9e54":93,"0c0e98ea":90,"db703021":90,"93683c82":87,"d634aa28":116,"9263c525":98,"1ff8c2fc":102,"0ac825ed":101,"b4fdf90e":100,"064a99c8":88,"b6aaf976":102,"be1746a0":91,"9fc713b0":104,"01cd8099":101,"a543ec74":95,"2c24d929":102,"e1571af7":95,"4577b333":97,"75ffea08":98,"8f13c203":81,"0f029727":85,"e786063b":97,"04ea5673":97,"51a3e9c2":106,"88ce179e":106,"4258c176":94,"730a4938":100,"4b125e7b":99,"6b82b527":98,"8bc04eb5":91,"a901627e":83,"83b2f9c5":106,"da04caac":95,"7896b953":103,"ec110282":113,"a8c93bed":95,"313258f2":93,"4bc46d7a":88,"9b546d65":86,"ba5c52af":99,"5f4102da":95,"7af262e5":99,"778c95e9":95,"ea822700":80,"bda8cdfb":101,"faf3ed07":90,"bca2d7cd":93,"d744bee2":92,"c67979e6":115,"13747b82":103,"77f31bab":100,"51f80f4c":105,"0fc5ac7e":114,"0681c48e":109,"2a06ab95":103,"8ec3834d":104,"a9b1bd51":74,"c793cdda":98,"288a2c43":88,"815e4582":93,"47cfba38":88,"2ab62345":83,"9b3f8714":103,"22ecaed0":85,"be4f8ba8":100,"e9adbe58":90,"217c0327":72,"7d6895f4":103,"623c6a31":103,"558d5ce7":95,"263762cb":86,"004f1ef3":116,"f2470875":109,"8e4c33d2":105,"5270f158":93,"8274885a":104,"c7ab83c1":91,"820225e4":78,"c45d554f":95,"8f9b74b0":87,"4295ce9a":105,"3b7763b1":80,"25e0dd3d":103,"2b3c49b9":98,"26dd2000":105,"78b97937":103,"d78dd457":84,"e4cfef0a":82,"7fb4c521":93,"7a840529":77,"ac030e74":88,"f1df62b4":93,"9496f56f":105,"4f59a322":94,"e0154608":85,"acac14fb":90,"9b742f71":86,"cb51f134":101,"dcf85091":82,"b215547b":86,"9b172ca8":84,"751acea8":83,"f883d582":90,"d70ca4f4":111,"0c0e98ea":91,"1e7753d9":112,"b2703001":102,"b552beb3":93,"ce4da56f":100,"8d753bb6":77,"5ee911b5":93,"07fc4a9a":97,"408bb2ed":88,"59431390":101,"3652bd66":96,"a533489b":104,"9263c525":99,"02d4753e":112,"50312237":104,"27c8e038":110,"6ebe2354":80,"804d4dfa":96,"6be9332a":90,"64a7f79f":90,"2d382981":97,"0f72f2d8":94,"430a5db5":106,"6f81493d":88,"fce3c5c6":85,"c0b0f492":112,"e5d3655c":107,"08a06557":120,"d141db49":94,"57167c74":96,"c1bdfd41":83,"88ce179e":107,"4652b09a":118,"d4d5f466":96,"79be29c8":92,"9d4f1fe6":91,"91b28f83":102,"04bef50c":74,"a901627e":84,"7c0a2db6":98,"f789f6d8":109,"d8e58a8c":104,"db8ba455":100,"fe44fc6f":99,"9ab755d3":92,"31d74eee":90,"eb7b4e29":85,"527ff946":108,"b88033fd":100,"2d13e69b":92,"c0e2624b":85,"90d52475":94,"c64de0c0":84,"42c80e69":107,"1f7607df":88,"2b3e4717":99,"2d54e0a8":85,"7e15f8e8":93,"12534561":86,"5a07fc2e":85,"5a734022":89,"5339e1e9":93,"2132fe93":101,"ed4fad08":101,"71a2a493":71,"6d339d45":83,"9a467a82":100,"b946e146":107,"a77e8461":95,"8547fbc2":92,"ccdd1ce6":93,"175bc6b2":82,"312f7676":96,"5270f158":94,"5623817d":97,"5b60dd1d":96,"ea9bba6b":88,"b935fc1c":90,"c7ab83c1":92,"c455f40e":85,"547903ef":111,"7d112f4d":102,"201cafad":89,"c45d554f":96,"7bebff03":85,"79e4fa1c":91,"cd522166":113,"fafb4cc2":124,"fe8f3d36":83,"6a7392d5":84,"2352c8ef":87,"1105f790":99,"55928ef1":98,"25a2844e":100,"c8113b77":86,"af7e5be8":101,"1dad0f99":97,"00a17b46":94,"9aa6a054":96,"ba938220":91,"43d87483":92,"754f98c9":97,"dcf85091":83,"5be594be":91,"e7abc88d":84,"36380d96":107,"69134f07":95,"f598a332":90,"05642105":98,"54a676d6":84,"868edcc0":102,"6a60348e":90,"1b153aef":100,"28d41578":93,"0be540c5":102,"8f2a7d69":90,"013ee301":92,"8d000d6e":89,"34658473":86,"358e45b1":98,"2e99f8fd":89,"00554ffd":114,"ad8f85d6":106,"87922532":103,"0eaf08da":102,"9c58dd76":106,"812b4f15":83,"bc392d1c":83,"ae8a09c4":91,"58d46189":106,"1e191c98":75,"026766f3":96,"906632cb":94,"1f11812e":103,"dbd2f139":98,"0c043224":109,"e1571af7":96,"aab4d996":96,"638cb163":109,"7e76c93c":102,"b320feb9":96,"04ea5673":98,"2045d7d6":86,"abad2347":95,"5b5fc566":95,"d1d40c9c":103,"e6ec8cbf":104,"4b125e7b":100,"6b82b527":99,"0d770b97":97,"28654c76":107,"4abb7aed":93,"fafb4cc2":125,"8ec3834d":105,"aaa274a5":99,"730338c4":105,"37fbb107":110,"a625328f":104,"c81b2bcf":84,"f069bb07":93,"1d790491":100,"4ed01268":92,"74e3d13e":94,"7028b044":84,"64db4feb":113,"2d54e0a8":86,"9d9dd9e5":85,"0fc5ac7e":115,"f2364460":108,"540df50f":103,"76f3a3be":91,"31f6ba51":94,"71a2a493":72,"dcfaba4c":99,"09560615":79,"57540cc3":106,"558d5ce7":96,"9c045c61":99,"f2ca27d9":92,"623c6a31":104,"bc021def":105,"8e4c33d2":106,"578f6e9e":104,"b769bdfb":100,"8dd649a3":88,"e1f0dbfd":108,"c8dc010f":112,"805534ac":94,"ccb5ea3e":85,"4295ce9a":106,"44ff8baa":89,"c650b434":106,"00a481e3":108,"b28a5e67":101,"ae016053":101,"fd482491":109,"c510bfd3":113,"8b5a8e9f":111,"1105f790":100,"30c184b8":102,"fe8f3d36":84,"5f4102da":96,"6c524f99":97,"7fb4c521":94,"753ca352":83,"ba938220":92,"00a17b46":95,"10ec5a0b":96,"c8113b77":87,"ef91eaae":79,"9b742f71":87,"53431634":116,"fe578280":88,"470d50c2":97,"7f86be64":105,"c318d350":104,"363590c7":98,"82868763":93,"f5829ac0":98,"a8871ddf":84,"e7e82473":115,"4945c851":100,"4b3e3b1c":98,"1b153aef":101,"5acaa06f":74,"cf84fb54":101,"e8f173b5":96,"6f0fcb9d":99,"7a2f3f06":90,"8d000d6e":90,"8323d333":87,"06073f13":97,"e8d74304":84,"13f0e139":91,"eed20185":107,"aa00769b":110,"a5aee5de":116,"1c3a30c5":96,"0f72f2d8":95,"501db4de":97,"704bce0d":99,"f1b493de":107,"4ee62a26":90,"110b1ee3":99,"74f234c6":107,"8db62558":94,"c3e6ef01":104,"be40590d":96,"24ffcbd3":107,"7be025ce":98,"f8b31ce5":119,"ea6de194":106,"25776fc4":99,"14c682eb":88,"e382ec3f":78,"4b125e7b":101,"d815c5b4":113,"95d331b1":82,"8bc04eb5":92,"6b82b527":100,"bf30a08f":113,"859545e6":81,"77f31bab":101,"aec074c4":104,"3062379b":87,"36b7003c":121,"66d94227":89,"50c3164b":102,"70c1e715":91,"842c8340":87,"7af9d3b1":101,"93fdbb44":77,"f4726450":98,"e9a8cf11":96,"84369269":85,"aaa274a5":100,"5a0eb771":97,"dd7acb96":97,"ed4fad08":102,"af034fee":88,"b35bb8a1":85,"24a9fb86":110,"0ecfa1c9":93,"9a467a82":101,"49902219":112,"6cba74ce":92,"30dd2edc":102,"4469c815":76,"72b84094":120,"ccb5ea3e":86,"79e4fa1c":92,"8f9b74b0":88,"2ad42a9e":97,"c455f40e":86,"2b3c49b9":99,"f905a555":90,"345c9967":86,"a0cf08b3":84,"28654c76":108,"49cb2959":107,"5ef93e5d":72,"6c524f99":98,"6e44927f":81,"be3a10f8":112,"5f4102da":97,"2bcca6a7":114,"7bda83dd":94,"33d6bb6a":85,"831c7b85":97,"0d7d88f1":91,"76f94eda":92,"4d9b0b10":99,"57540cc3":107,"8dd2684c":99,"4e3f5178":101,"4c4aa2e2":97,"fe578280":89,"dbc9df44":77,"f121b82c":109,"acac14fb":91,"34c5c729":96,"cd3bbe7e":94,"dae0f922":104,"b769bdfb":101,"1da771fb":91,"8dc9b4db":108,"f2470875":110,"7ee148e9":91,"09f0db62":125,"6b79fec2":87,"4945c851":101,"0114160e":101,"69f3bfcc":92,"7732eb1e":111,"013ee301":93,"92d38723":103,"3c782bb3":96,"1438fad7":101,"8f2a7d69":91,"4f5e3e7d":85,"7a2f3f06":91,"40569362":101,"06073f13":98,"288afc30":92,"c609739e":98,"dfc89705":96,"458dcc3d":102,"e6fac295":85,"ac62fac2":110,"2d382981":98,"2c24d929":103,"1e7753d9":113,"6f81493d":89,"0c0e98ea":92,"0841052c":94,"b6591e25":94,"a85d89cc":91,"cb142908":88,"4930f321":90,"4f59a322":95,"37d0cae2":93,"b320feb9":97,"4577b333":98,"a577db1c":88,"25776fc4":100,"84b767be":116,"2c01e624":89,"2a06ab95":104,"a1921150":100,"faf3ed07":91,"f4726450":99,"f271ed5d":103,"815e4582":94,"32133249":100,"48efc739":116,"39ba00f0":100,"4125085e":104,"36b7003c":122,"d1ca5d6b":103,"68562193":81,"f4b2f575":79,"ed4fad08":103,"c98d5272":103,"031e488e":96,"b7cc7909":97,"6632fed0":104,"014460b9":114,"0f029727":86,"d141db49":95,"60e855ee":105,"c0b7e7d7":82,"95d3d348":92,"c318d350":105,"695a2b92":86,"f734c84c":119,"c455f40e":87
1604737536300,"bec9d329":104,"88ce179e":108,"1bb4ccc0":99,"7735c3c2":85,"d83870f5":93,"6c20c153":94,"d9d0c567":96,"71e53c93":100,"f789f6d8":110,"d8e58a8c":105,"aa76bc50":85,"82204d54":90,"00a481e3":109,"19551bad":90,"195eb771":92,"9d023afb":108,"8063df14":81,"25a2844e":101,"2a76f1dd":86,"c463799d":106,"3454fa2b":84,"bb99c79c":97,"9a467a82":102,"f2f58418":81,"0e036ae9":112,"ef8321d8":94,"0277d748":106,"ae95f2ba":112,"af7e5be8":102,"53b4e647":106,"ac030e74":89,"b73e789c":92,"d2466211":113,"0bfabf48":89,"547903ef":112,"6b9eff39":89,"3b7763b1":81,"7bebff03":86,"9d0546ac":91,"3c43e8a2":105,"363590c7":99,"1f88a4b7":105,"411b5027":98,"69f3bfcc":93,"d6db2b02":112,"6c73ae98":85,"d9dcdc4b":111,"26009d3f":91,"ef16ca37":97,"9260d96b":114,"1bd5b20b":102,"02d4753e":113,"40569362":102,"b35e9e1a":132,"358e45b1":99,"064a99c8":89,"804d4dfa":97,"99d130c9":110,"2c24d929":104,"e8d74304":85,"b2bd8fd3":94,"481754fc":79,"00cf385d":103,"7fef9973":98,"6775d5cd":91,"bec9d329":105,"7735c3c2":86,"1a442bc7":100,"16b476e9":93,"a901627e":85,"8e99d5d0":104,"1a2c020b":87,"ab7d4c9a":93,"c85a0d80":101,"9f2b16a7":99,"8e780922":97,"1e232870":103,"cc11fef9":106,"4ee62a26":91,"902f49f5":102,"31408822":90,"1e191c98":76,"1e7753d9":114,"be40590d":97,"cc6bbe45":86,"5ab7bc35":106,"45b5746e":96,"b28a5e67":102,"1d44aff3":110,"69eeae0d":87,"3c0df8b4":102,"fd482491":110,"a567ace4":100,"c463799d":107,"d78dd457":85,"9a07d89b":100,"7af262e5":100,"ba5c52af":100,"50b558a7":81,"2d13e69b":93,"fd07e0ed":102,"d0d6acb1":92,"2180f99b":103,"23760167":88,"84b67924":100,"b88033fd":101,"c0e2624b":86,"540df50f":104,"789bd484":90,"7e15f8e8":94,"d6d61bfc":108,"dd7acb96":98,"0f1ac912":82,"dc473de1":93,"bf822e33":99,"3c18f28e":92,"6df0b2e8":115,"b8ab8e6e":94,"74e3d13e":95,"a47abfbb":84,"7d6895f4":104,"558d5ce7":97,"3661e12d":89,"7080f122":93,"f5596d0f":102,"315537b2":93,"ac38a6a5":108,"87cd2add":83,"7218c9f1":81,"c38c2b52":93,"abd32136":95,"7a840529":78,"25776fc4":101,"f8b31ce5":120,"44c77422":99,"92f800f5":99,"c7636527":80,"53747a91":98,"cd421290":89,"753ca352":84,"43d87483":93,"014bdff0":107,"71ff66e8":91,"83086d4c":106,"8dd649a3":89,"095ab3b4":85,"e7773397":85,"c0b7e7d7":83,"0114160e":102,"a6bcb07e":102,"8298e976":115,"d36125db":101,"d0b297b2":84,"1be05c14":87,"2d1e1e9d":88,"4ea4a2a1":109,"8b2b601d":95,"92d38723":104,"7a2f3f06":92,"9263c525":100,"5ee911b5":94,"b4fdf90e":101,"2198ba8e":92,"e6fac295":86,"458dcc3d":103,"792cfcbd":89,"ad8f85d6":107,"d929098e":72,"c0b23081":105,"d1d40c9c":104,"37d0cae2":94,"95d331b1":83,"f734c84c":120,"261c9911":103,"51c57542":101,"8f9b74b0":89,"f4343817":100,"c21ab51e":79,"e7abc88d":85,"f121b82c":110,"655954ba":96,"06ee61b6":90,"5be594be":92,"1e232870":104,"0841052c":95,"4279e829":107,"aa187e3b":84,"a901627e":86,"87c462ee":100,"195eb771":93,"71ba7561":92,"6023df54":95,"5f0c1b9d":102,"6e44927f":82,"bad6cdb1":92,"74e01f6a":91,"012de09c":89,"f5e8dfee":107,"9a3ab0b8":85,"5f4102da":98,"70ee0491":79,"13b53c7a":99,"c6dc900c":75,"33d6bb6a":86,"dd7acb96":99,"884b0ad1":91,"a6626a13":82,"0d2a1c58":90,"5339e1e9":94,"e58b26f6":101,"6adce358":108,"d3a669ac":107,"540df50f":105,"c81b2bcf":85,"5a07fc2e":86,"64db4feb":114,"bad1a1cc":86,"b35bb8a1":86,"faf3ed07":92,"5ac86fb9":101,"66d94227":90,"6df0b2e8":116,"8a52882e":97,"51f80f4c":106,"57d5dee8":106,"6d5fcd4c":102,"bb99c79c":98,"22ecaed0":86,"f87c5031":84,"ac38a6a5":109,"9c045c61":100,"affb82bf":101,"43d87483":94,"af7e5be8":103,"430a5db5":107,"805af3c7":102,"66497c7e":93,"14c682eb":89,"0a2f71bc":84,"0af920d8":79,"d634aa28":117,"9bdf362a":82,"4777334c":85,"9d4da635":75,"cc6bbe45":87,"b5ce0c0c":106,"ae95f2ba":113,"d2466211":114,"7218c9f1":82,"4f59a322":96,"8274885a":105,"363590c7":100,"5781776a":96,"fb7b7b3c":105,"77d35808":94,"5270f158":95,"836701f6":90,"e81834aa":107,"07fc4a9a":98,"66554572":76,"11888cfa":91,"ce4da56f":101,"d9dcdc4b":112,"5f8517b7":116,"28d41578":94,"fe0df575":109,"45b038bb":110,"f9c15fcc":102,"7a6aa4b6":97,"3a1b9af5":100,"8c6e001f":84,"1c3a30c5":97,"b6aaf976":103,"7e95c5a0":99,"2882a956":98,"1bb4ccc0":100,"4eed1bea":96,"e21c6207":86,"44ff8baa":90,"2209903e":104,"c455f40e":88,"cd421290":90,"f4343817":101,"685207b3":98,"1a2c020b":88,"2e3503e4":97,"145c7559":106,"e9679ede":87,"9f2b16a7":100,"a3253019":93,"c8977844":99,"458dcc3d":104,"eed20185":108,"23080895":83,"4febf7c5":101,"04612878":103,"a901627e":87,"7db3edda":97,"eb7b4e29":86,"0bd93cfd":78,"6e851762":85,"227006e4":90,"5339e1e9":95,"508aac3d":97,"84b767be":117,"97e75c19":114,"c64de0c0":85,"12dd6f5e":87,"6143f39d":87,"72d7b461":107,"90d52475":95,"a6003226":94,"09560615":80,"d1d40c9c":105,"781ace7d":98,"a6b5e869":91,"b28a5e67":103,"82204d54":91,"6023df54":96,"c0b23081":106,"9a07d89b":101,"4bc46d7a":89,"2bcca6a7":115,"fea793f5":101,"677c6a09":109,"2a4a402a":92,"ef8987d7":89,"fe8f3d36":85,"dd035d2a":95,"78467b8a":110,"f5e8dfee":108,"cf1124db":89,"3b690f68":115,"655941a0":103,"56d315d8":81,"c4e70c07":93,"906632cb":95,"142d6987":105,"caddd0a7":104,"7be025ce":99,"7e76c93c":103,"719c8869":115,"a81a857c":90,"b5ce0c0c":107,"e57d5cda":105,"a85d89cc":92,"a06a6430":94,"2ce1af05":85,"ba938220":93,"7e95c5a0":100,"b1f58563":91,"f5cd79c1":87,"016953e4":108,"fe1d4419":98,"ea9bba6b":89,"2c5c1dc0":98,"42191b64":79,"4b3e3b1c":99,"28d41578":95,"b2703001":103,"1438fad7":102,"fb44fa9c":109,"db0a661e":99,"e81834aa":108,"faf4f98b":100,"f2ca27d9":93,"17446892":88,"1a0189c4":94,"7e15f8e8":95,"6d339d45":84,"71279c46":91,"6e98dfda":100,"d2a841c9":79,"b8ab8e6e":95,"aec4e1bf":92,"315537b2":94,"6632fed0":105,"79e4fa1c":93,"70594a28":91,"3007f31f":90,"0149e11a":83,"8f9b74b0":90,"8ea21393":86,"547903ef":113,"685207b3":99,"754f98c9":98,"704bce0d":100,"4b4ecbce":81,"f76a3e83":99,"6b78ad7f":105,"9267f0ef":109,"91b28f83":103,"ae99df30":97,"d1d40c9c":106,"fea793f5":102,"04cc7cbe":85,"5acaa06f":75,"e7e82473":116,"7a6aa4b6":98,"7ae3fc50":88,"4ea4a2a1":110,"064a99c8":90,"1bd5b20b":103,"761cf820":97,"b6aaf976":104,"9fc713b0":105,"ac62fac2":111,"35b58ef9":88,"03c398d2":102,"4febf7c5":102,"d929098e":73,"4652b09a":119,"4abb7aed":94,"0a1d11e6":82,"26c390d6":88,"0bd93cfd":79,"84b767be":118,"70c1e715":92,"66d94227":91,"a625328f":105,"a2c334e7":113,"bad1a1cc":87,"5ac86fb9":102,"8657c79d":110,"c81b2bcf":86,"bb8a6337":86,"a1921150":101,"6a3eaf43":93,"68562193":82,"9d63c4dd":93,"031e488e":97,"650bb0e0":100,"ccf8b803":90,"1ed46298":112,"c852d240":98,"51f57142":102,"00a481e3":110,"d8e58a8c":106,"ec110282":114,"da04caac":96,"abc1d7ad":103,"be3a10f8":113,"19551bad":91,"9a3ab0b8":86,"55928ef1":99,"9b546d65":87,"c1bb74f2":86,"7fdc2007":91,"94a2fe10":101,"f1b493de":108,"0841052c":96,"40a745c0":105,"0af920d8":80,"5ccf94d6":92,"1e7753d9":115,"805af3c7":103,"c7636527":81,"014460b9":115,"ca7d47f7":99,"57167c74":97,"9e65c0ef":87,"df2b4d87":91,"ef14000f":100,"76f94eda":93,"19f9ca86":98,"27f52ed3":114,"c318d350":106,"8dd649a3":90,"71ff66e8":92,"e45b4b53":81,"f1dffa24":83,"8d753bb6":78,"1f88a4b7":106,"6d802fa2":91,"820225e4":79,"0be540c5":103,"8b2b601d":96,"2e99f8fd":90,"868edcc0":103,"332820ce":97,"7a2f3f06":93,"6034b6d0":103,"a06a6430":95,"ccdd1ce6":94,"6d339d45":85,"f2f58418":82,"dfa1a89b":86,"2cb29e5a":112,"b946e146":108,"9f74b8a4":91,"4930f321":91,"4f59a322":97,"5a622a23":95,"53747a91":99,"2209903e":105,"ded7da5a":101,"79e4fa1c":94,"7bebff03":87,"0a96f57a":103,"4c4aa2e2":98,"dbc9df44":78,"69d4b754":87,"f76a3e83":100,"c7313e0a":104,"124fbe96":89,"792c9b6a":80,"f9c15fcc":103,"408bb2ed":89,"b8397293":87,"9c58dd76":107,"48655f09":114,"458dcc3d":105,"12271e14":93,"03c398d2":103,"8eb64769":84,"71bc1295":88,"bd2705b0":120,"cb4f262b":94,"6c20c153":95,"7735c3c2":87,"93b0a158":99,"88ce179e":109,"d744bee2":93,"aaa274a5":101,"b947257e":110,"5a07fc2e":87,"1b881e6e":104,"2f455cce":96,"66d94227":92,"5339e1e9":96,"aec074c4":105,"6867261a":87,"b5763ff6":78,"449d8475":89,"c9efc8f6":95,"b8ab8e6e":96,"a6003226":95,"cf775f58":96,"794f652b":102,"40860a4b":83,"71279c46":92,"5f6613c8":82,"3c18f28e":93,"95904ac4":108,"aa867541":81,"4bc46d7a":90,"d8e58a8c":107,"313258f2":94,"195eb771":94,"08a561b7":96,"6c486702":102,"9d023afb":109,"fead11cf":86,"92ca52b7":100,"eb2e1983":88,"6c524f99":99,"a8c93bed":96,"f3992a31":94,"104721f0":94,"c2bb8aae":95,"f1b493de":109,"5cd3cfe0":84,"30d84dce":86,"d033db8d":104,"93683c82":88,"db703021":91,"ea6de194":107,"4def63ee":71,"4fd645f1":84,"2af60749":100,"c7636527":82,"75ffea08":99,"57167c74":98,"3a204e56":104,"971675c5":100,"6b79fec2":88,"c318d350":107,"312f7676":97,"f6fe095d":115,"5b60dd1d":97,"8cf83787":81,"e0f7679f":84,"05642105":99,"013ee301":94,"056ea7ff":102,"7fb4c521":95,"12012fbd":94,"9de29816":78,"3f65f121":100,"8cc4a982":94,"af157d29":95,"623c6a31":105,"88432019":92,"ef14000f":101,"6034b6d0":104,"30b6808c":95,"77bfed7e":95,"7218c9f1":83,"e21c6207":87,"da3437cd":89,"3007f31f":91,"c455f40e":89,"913a6226":93,"debe1f65":102,"0a96f57a":104,"9267f0ef":110,"1be05c14":88,"3c782bb3":97,"95f6db13":91,"de11eb19":113,"8323d333":88,"ea274174":99,"fa55f27a":113,"5acaa06f":76,"2e99f8fd":91,"49bf2e95":79,"a0b03218":95,"a5aee5de":117,"56752a4a":85,"cbad3b92":113,"468fc85c":93,"cf52025e":90,"d8475b95":75,"f0a06216":94,"7f6d1d0e":108,"fd07e0ed":103,"2c627253":89,"0fc5ac7e":116,"2c01e624":90,"77f31bab":102,"48efc739":117,"835358a0":90,"aa5dfdf5":95,"f66616b7":97,"4125085e":105,"92efd84f":98,"25d1b2d8":99,"17446892":89,"3a1d1632":79,"ce3407dd":90,"650bb0e0":101,"b230e8d3":103,"71279c46":93,"93fdbb44":78,"ad2d7bed":101,"e4c312fe":95,"abad2347":96,"290b4714":92,"f56ac638":81,"5f96c2bc":91,"52eca0dc":96,"71ba7561":93,"fd482491":111,"345c9967":87,"1d44aff3":111,"d5dae4c4":120,"1bc0591f":97,"92ca52b7":101,"78467b8a":111,"70ee0491":80,"1247fa52":102,"06ee61b6":91,"1a68160d":102,"e7abc88d":86,"5be594be":93,"1e232870":105,"31408822":91,"d634aa28":118,"30fdcd3b":91,"d0c104c4":69,"5272520d":92,"a8726d50":85,"be40590d":98,"c015ec5a":96,"49b358bd":102,"0b959527":92,"b7505747":106,"ca7d47f7":100,"c0b0f492":113,"30c5d755":111,"eb2e1983":89,"7af262e5":101,"dd3913d2":98,"317c1591":106,"3a204e56":105,"8274885a":106,"7ee148e9":92,"19f9ca86":99,"f6fe095d":116,"578f6e9e":105,"07fc4a9a":99,"5a734022":90,"af034fee":89,"eeaa2d46":109,"2dda3936":93,"ec2cb1af":98,"a77e8461":96,"30dd2edc":103,"7080f122":94,"315537b2":95,"7a4c064c":107,"ad303bda":101,"95539a58":79,"7566fdd6":112,"d83294cd":92,"ba938220":94,"faf4f98b":101,"92136ff5":100,"7b6a7048":97,"8ea21393":87,"805534ac":95,"201cafad":90,"feb67030":94,"c650b434":107,"1db42092":113,"88a30343":94,"6291e9e9":100,"95f6db13":92,"45fb95c1":99,"411b5027":99,"332820ce":98,"4ea4a2a1":111,"b2a8761b":80,"8c6e001f":85,"fe0df575":110,"36fb15d2":100,"3a1b9af5":101,"48655f09":115,"17807120":101,"792cfcbd":90,"0eaf08da":103,"71bc1295":89,"a543ec74":96,"56752a4a":86,"d1ca5d6b":104,"7028b044":85,"f271ed5d":104,"2180f99b":104,"2d54e0a8":87,"8657c79d":111,"9d9dd9e5":86,"1f342a00":100,"bad1a1cc":88,"6df0b2e8":117,"1c0a9eff":95,"a502c93c":81,"67d30f2b":90,"9cb4697f":102,"e6ec8cbf":105,"bf30a08f":114,"87c462ee":101,"d9d0c567":97,"7ae34c64":104,"8a165e17":106,"db8ba455":101,"d5dae4c4":121,"56473430":105,"9f2b16a7":101,"6fb4cdda":106,"145c7559":107,"f598a332":91,"dcf85091":84,"8e99d5d0":105,"dbc9df44":79,"58d46189":107,"66b7b5b4":90,"9316e7e8":80,"e62d705f":79,"180377be":95,"751bcf25":96,"4360a1a3":110,"805af3c7":104,"0a2f71bc":85,"b320feb9":98,"49b358bd":103,"3c0df8b4":103,"55928ef1":100,"6a7392d5":85,"78467b8a":112,"2352c8ef":88,"9b546d65":88,"33d6bb6a":87,"30c184b8":103,"014bdff0":108,"004f1ef3":117,"9a3cc55d":82,"60e855ee":106,"3f2522c2":98,"76f3a3be":92,"2b3e4717":100,"5e09f69e":107,"e15fd611":79,"cb6c9e42":110,"74e3d13e":96,"4911acad":73,"650bb0e0":102,"8ec3834d":106,"32133249":101,"5ac86fb9":103,"12dd6f5e":88,"3454fa2b":85,"ef8321d8":95,"2cb29e5a":113,"558d5ce7":98,"8dd2684c":100,"affb82bf":102,"e4cfef0a":83,"c38c2b52":94,"0d28db94":89,"fce3c5c6":86,"44c77422":100,"04ea5673":99,"daab45c6":92,"27d8bf51":102,"7d112f4d":103,"51c57542":102,"4f59a322":98,"af7e5be8":104,"4d9b0b10":100,"b9be31d6":102,"317c1591":107,"c7ab83c1":93,"a24e6670":102,"1138796e":99,"69f3bfcc":94,"4ff2225d":90,"05642105":100,"de36827b":120,"a6bcb07e":103,"b35e9e1a":133,"31f6d707":110,"d0c0fc08":85,"1ff8c2fc":103,"4f5e3e7d":86,"8493f3b2":94,"cfe72ead":80,"481754fc":80,"b6aaf976":105,"b7df1559":99,"87922532":104,"c6e3d352":110,"26c6fa34":94,"aefe13f5":99,"778c95e9":96,"af0b61ab":93,"84b67924":101,"ee75b607":92,"e6ec8cbf":106,"ea4d3f3e":106,"bec9d329":106,"cb4f262b":95,"677c6a09":110,"52eca0dc":97,"79be29c8":93,"83b2f9c5":107,"95904ac4":109,"3b7763b1":82,"f734c84c":121,"4295ce9a":107,"a836aa93":100,"e1618359":100,"fe578280":90,"9267f0ef":111,"9b742f71":88,"ebdbf580":99,"6b78ad7f":106,"1e7753d9":116,"3f9b5722":90,"94a2fe10":102,"40a745c0":106,"58d46189":108,"a68a93b2":85,"f1b493de":110,"3c0df8b4":104,"ae016053":102,"731fc335":76,"65e4235b":92,"ec11fe5f":81,"9a07d89b":102,"a8c93bed":97,"7af262e5":102,"f5e8dfee":109,"55928ef1":101,"a0685bf3":112,"d3a669ac":108,"2c627253":90,"9ab755d3":93,"9d9dd9e5":87,"6e851762":86,"be149c6f":88,"77bae750":87,"c81b2bcf":87,"03b4ab60":100,"bb8a6337":87,"50d129cf":89,"0f1ac912":83,"61d4782d":103,"36b7003c":123,"c9efc8f6":96,"789bd484":91,"c852d240":99,"5774ac0d":107,"4d35385e":95,"d2a841c9":80,"172217e5":102,"9e206c95":107,"b9a48a5c":85,"f2f58418":83,"af157d29":96,"a85d89cc":93,"00a17b46":96,"0785820e":101,"67c57de4":115,"7e95c5a0":101,"87083264":109,"95539a58":80,"25776fc4":102,"0a2f71bc":86,"0f029727":87,"cc6bbe45":88,"719c8869":116,"014460b9":116,"4577b333":99,"79e4fa1c":95,"ecfa8249":106,"d25e0f8d":109,"07107f6e":96,"201cafad":91,"b6ee137a":90,"3f2522c2":99,"6b79fec2":89,"0b3283c9":96,"363590c7":101,"95d3d348":93,"fe1d4419":99,"004f1ef3":118,"28d41578":96,"95bc84f1":91,"69f3bfcc":95,"b36a0d66":81,"0b5a0408":93,"f5829ac0":99,"d9dcdc4b":113,"d33790a2":105,"336d0f08":107,"d102b0c6":87,"7a6aa4b6":99,"d0e9a58e":86,"82b81567":84,"379184a7":106,"6be9332a":91,"dd1fcb17":88,"eed20185":109,"2c24d929":105,"c6e3d352":111,"ad8f85d6":108,"ee75b607":93,"6841f77e":106,"93e8cee5":111,"c7313e0a":105,"f598a332":92,"288d171f":94,"8e780922":98,"104721f0":95,"655954ba":97,"a3253019":94,"0d5ee801":82,"0841052c":97,"3f9b5722":91,"66b7b5b4":91,"110b1ee3":100,"0c0e98ea":93,"a502c93c":82,"d83870f5":94,"7735c3c2":88,"6e44927f":83,"69eeae0d":88,"5b5fc566":96,"3b2dee89":92,"a472532e":89,"dc03ebd2":113,"00a481e3":111,"d8475b95":76,"7896b953":104,"61145ec9":107,"33d6bb6a":88,"9b546d65":89,"7af262e5":103,"a625328f":106,"eb7b4e29":87,"c0e2624b":87,"f4726450":100,"e58b26f6":102,"9ab755d3":94,"a2c334e7":114,"5339e1e9":97,"3c18f28e":94,"0fc5ac7e":117,"37fbb107":111,"bb8a6337":88
1604737538097,"789bd484":92,"6867261a":88,"23760167":89,"04643409":103,"42c80e69":108,"bfcb912a":95,"e15fd611":80,"288a2c43":89,"9d9dd9e5":88,"57540cc3":108,"36d340f2":83,"945b63f0":124,"09560615":81,"bc021def":106,"d2a841c9":81,"a63bddd4":123,"70ee0491":81,"f5e8dfee":110,"c6dc900c":76,"8b5a8e9f":112,"9fce073c":98,"e28c2efc":87,"d033db8d":105,"859545e6":82,"0b959527":93,"c0b0f492":114,"3bad3c95":84,"04ea5673":100,"9bdf362a":83,"aa021138":104,"5fa12feb":98,"6b9eff39":90,"ded7da5a":102,"753ca352":85,"00a17b46":97,"b73e789c":93,"1dad0f99":98,"e57d5cda":106,"27f52ed3":115,"b1f58563":92,"25635c37":85,"095ab3b4":86,"437fc3ec":94,"22aeaf03":91,"fb7b7b3c":106,"a3d4a0e5":98,"4b3e3b1c":100,"69f3bfcc":96,"411b5027":100,"32c9fc47":94,"66554572":77,"5f8517b7":117,"f044c0e1":77,"45b038bb":111,"4ac6bd4e":85,"8c6e001f":86,"8493f3b2":95,"8d000d6e":91,"67f6e4f2":96,"b2bd8fd3":95,"c650b434":108,"805534ac":96,"201cafad":92,"913a6226":94,"a3253019":95,"6b78ad7f":107,"53431634":117,"754f98c9":99,"d548635d":96,"c7313e0a":106,"c0fea118":91,"30fdcd3b":92,"31408822":92,"9d4da635":76,"aa187e3b":85,"935ec056":90,"b0869206":103,"d815c5b4":114,"04bef50c":75,"f789f6d8":111,"00cf385d":104,"f3a0c2ee":93,"7fef9973":99,"9fc713b0":106,"4febf7c5":103,"01cd8099":102,"f1098793":100,"23080895":84,"3e602573":87,"49cb2959":108,"43bc86e3":91,"ae016053":103,"f905a555":91,"9b546d65":90,"7028b044":86,"70bc8325":88,"fd07e0ed":104,"2d54e0a8":88,"6a3eaf43":94,"a6626a13":83,"bda8cdfb":102,"be149c6f":89,"a625328f":107,"8ec3834d":107,"47cfba38":89,"a939b50b":99,"c93c3508":76,"50d129cf":90,"23760167":90,"40860a4b":84,"d5557fb4":107,"68562193":83,"d1fe2868":97,"2132fe93":102,"32133249":102,"6d339d45":86,"9de29816":79,"eafbf9fb":92,"945b63f0":125,"30dd2edc":104,"0e036ae9":113,"3101354b":88,"d78dd457":86,"8721056e":84,"70ee0491":82,"20958d58":90,"b102f7bd":103,"b87158fb":101,"dae0f922":105,"0af920d8":81,"1e191c98":77,"f883d582":91,"c1bdfd41":84,"b320feb9":99,"44c77422":101,"868cda42":91,"8f13c203":82,"c8fcad77":88,"c015ec5a":97,"c8113b77":88,"87cd2add":84,"d7cb9bcf":98,"9f74b8a4":92,"91536e85":101,"d2466211":115,"77bfed7e":96,"416a9e97":89,"263762cb":87,"d599b566":113,"5410e9c6":102,"60e855ee":107,"8274885a":107,"22aeaf03":92,"363590c7":102,"17b08923":95,"868edcc0":104,"1be05c14":89,"b552beb3":94,"0d2c95fe":94,"e0f7679f":85,"8c6e001f":87,"a4dafea5":95,"2e99f8fd":92,"3652bd66":97,"b8397293":88,"336d0f08":108,"3d1af513":104,"92d38723":105,"3ef7432b":97,"913a6226":95,"261c9911":104,"18d20aa1":88,"d25e0f8d":110,"a0ce82b4":107,"26dd2000":106,"f121b82c":111,"b2c25d1c":91,"2e3503e4":98,"e0154608":86,"77300e4a":87,"1bb4ccc0":101,"27c8e038":111,"eed20185":110,"b2bd8fd3":96,"12271e14":94,"8eb64769":85,"aefe13f5":100,"48655f09":116,"835358a0":91,"de6213c7":93,"508aac3d":98,"8657c79d":112,"bca2d7cd":94,"70c1e715":93,"c793cdda":99,"37fbb107":112,"a1370ab0":98,"bf822e33":100,"a2c334e7":115,"17446892":90,"5a0eb771":98,"a901627e":88,"dffa7793":71,"d1d40c9c":107,"a15713c6":116,"6775d5cd":92,"91f7ef72":96,"9cb4697f":103,"cf1b8c47":104,"d5dae4c4":122,"7fef9973":100,"28654c76":109,"290b4714":93,"3f75d3bc":104,"82204d54":92,"8721056e":85,"a8c93bed":98,"bd62d7ed":84,"d78dd457":87,"afe8e06a":91,"78467b8a":113,"168e75d9":101,"9b172ca8":85,"026766f3":97,"cd3bbe7e":95,"30fdcd3b":93,"9316e7e8":81,"d634aa28":119,"4777334c":86,"d141db49":96,"9d4da635":77,"24ffcbd3":108,"7a9344a4":113,"caddd0a7":105,"9bdf362a":84,"5ab7bc35":107,"c8fcad77":89,"87083264":110,"93b9fae6":87,"d7cb9bcf":99,"60e855ee":108,"6b79fec2":90,"004f1ef3":119,"3e082b37":88,"f2470875":111,"578f6e9e":106,"8cf83787":82,"159ffd0b":81,"b935fc1c":91,"88a30343":95,"6a60348e":91,"d33790a2":106,"9496f56f":106,"b9be31d6":103,"ad303bda":102,"056ea7ff":103,"a63bddd4":124,"13747b82":104,"90d52475":96,"c4bff41f":100,"09560615":82,"a1921150":102,"bad1a1cc":89,"172217e5":103,"081460bf":99,"6de0aaac":89,"60d6cee2":98,"088feee2":108,"30dd2edc":105,"b946e146":109,"416a9e97":90,"72b84094":121,"5a622a23":96,"6bc5d32a":114,"debe1f65":103,"20777945":92,"d25e0f8d":111,"93e8cee5":112,"8e780922":99,"c0fea118":92,"be2955bb":99,"4b4ecbce":82,"b3863630":89,"4e3f5178":102,"1247fa52":103,"013ee301":95,"8493f3b2":96,"a4dafea5":96,"b377a62a":94,"40569362":103,"0d2c95fe":95,"f9c15fcc":104,"b2a8761b":81,"56752a4a":87,"b8397293":89,"be1746a0":92,"d8475b95":77,"03dcfa3d":97,"35b58ef9":89,"2d382981":99,"a0bc1ceb":99,"5eab91a0":104,"16b476e9":94,"bf30a08f":115,"677c6a09":111,"a901627e":89,"2a06ab95":105,"0bd93cfd":80,"b947257e":111,"98915a1f":83,"2d54e0a8":89,"a625328f":108,"bca2d7cd":95,"44a4f7cd":95,"1b881e6e":105,"c9efc8f6":97,"c93c3508":77,"91d52a55":95,"bf822e33":101,"74e3d13e":97,"0f1ac912":84,"deb31f35":102,"088feee2":109,"c852d240":100,"f94bf9ea":95,"c67979e6":116,"3c18f28e":95,"4b125e7b":102,"a15713c6":117,"6b82b527":101,"a472532e":90,"616d6dd6":93,"0d770b97":98,"a851891c":79,"313258f2":95,"781ace7d":99,"a66a2d8a":114,"d78dd457":88,"e35a63cd":99,"20958d58":91,"f2e3c0e3":87,"8063df14":82,"25a2844e":102,"db703021":92,"20e470e0":89,"0d5ee801":83,"58d46189":109,"8942c35b":97,"c3e6ef01":105,"9d4da635":78,"75ffea08":100,"caddd0a7":106,"37a7d5b0":103,"e5d3655c":108,"868cda42":92,"c015ec5a":98,"fce3c5c6":87,"6ce84ff8":91,"5099c6a0":114,"f1dffa24":84,"b935fc1c":92,"27f52ed3":116,"3a204e56":106,"5270f158":96,"8d753bb6":79,"17b08923":96,"2d1e1e9d":89,"411b5027":101,"f5829ac0":100,"26009d3f":92,"07f98660":106,"95539a58":81,"12dd6f5e":89,"9c045c61":101,"53a8613c":115,"2dda3936":94,"f2f58418":84,"b946e146":110,"8dd2684c":101,"0d7d88f1":92,"30b6808c":96,"7218c9f1":84,"67c57de4":116,"d5059415":99,"f9f2c53f":87,"e2cbe594":91,"9d0546ac":92,"e21c6207":88,"6bc5d32a":115,"8ea21393":88,"51c57542":103,"d34a29b9":110,"1a2c020b":89,"cb51f134":102,"0b5a0408":94,"1b153aef":102,"7a2f3f06":94,"8493f3b2":97,"08a4c3f8":97,"1bd5b20b":104,"8c6e001f":88,"45b038bb":112,"bc392d1c":84,"99d130c9":111,"ae8a09c4":92,"be1746a0":93,"48655f09":117,"2d382981":100,"c27969ec":96,"6751d8e4":109,"2c627253":91,"fd369c21":104,"5a07fc2e":88,"6a3eaf43":95,"2d13e69b":94,"dd7acb96":100,"66d94227":93,"c4bff41f":101,"72805bf5":78,"5339e1e9":98,"50d129cf":91,"ed4fad08":104,"a983a6dc":91,"2ab62345":84,"04643409":104,"031e488e":98,"ee75b607":94,"dffa7793":72,"5b5fc566":97,"04bef50c":76,"677c6a09":112,"1a442bc7":101,"f56ac638":82,"4abb7aed":95,"7896b953":105,"a5fd8ffd":100,"43bc86e3":92,"a0cf08b3":85,"1d44aff3":112,"82204d54":93,"3101354b":89,"25a2844e":103,"8063df14":83,"fe8f3d36":86,"8007f30e":73,"0dad37d5":95,"104721f0":96,"501db4de":98,"0da28f5b":101,"059d6c19":107,"4279e829":108,"ca6d2d91":98,"d70ca4f4":112,"30fdcd3b":94,"61f25dd4":114,"751bcf25":97,"4fd645f1":85,"b5ce0c0c":108,"ea6de194":108,"e32524d6":102,"49b358bd":104,"014460b9":117,"24ffcbd3":109,"f2e3c0e3":88,"dc0c8b09":111,"6085137f":74,"312f7676":98,"695a2b92":87,"5b60dd1d":98,"5099c6a0":115,"fb7b7b3c":107,"f6fe095d":117,"fb44fa9c":110,"17b08923":97,"90d52475":97,"42c80e69":109,"bfcb912a":96,"c98d5272":104,"12dd6f5e":90,"217c0327":73,"945b63f0":126,"b946e146":111,"1d153b20":96,"ec2cb1af":99,"8cc4a982":95,"597c1f81":98,"76f94eda":94,"7a4c064c":108,"ba938220":95,"0d7d88f1":93,"91536e85":102,"faf4f98b":102,"c8dc010f":113,"efd23af5":93,"da3437cd":90,"2b3c49b9":100,"7b6a7048":98,"debe1f65":104,"9d0546ac":93,"2cce4fb2":104,"7732eb1e":112,"b2703001":104,"d36125db":102,"820225e4":80,"792c9b6a":81,"8323d333":89,"3d1af513":105,"4ea4a2a1":112,"00554ffd":115,"2e99f8fd":93,"49bf2e95":80,"bad6cdb1":93,"ad8f85d6":109,"4cc141fa":77,"12271e14":95,"04612878":104,"aa00769b":111,"8eb64769":86,"a6626a13":84,"4bcd4a30":111,"508aac3d":99,"d1ca5d6b":105,"9147702f":87,"2f455cce":97,"84b767be":119,"72805bf5":79,"0670c466":91,"93fdbb44":79,"2ab62345":85,"7fef9973":101,"dffa7793":73,"11b74e63":96,"37d0cae2":95,"7735c3c2":89,"6841f77e":107,"cb4f262b":96,"7896b953":106,"906fdec3":87,"71ba7561":94,"345c9967":88,"616d6dd6":94,"f3a0c2ee":94,"82204d54":94,"be2955bb":100,"80a8a56d":88,"e0154608":87,"3498f223":85,"c4feee5b":98,"8e99d5d0":106,"f33c0140":94,"cc11fef9":107,"4360a1a3":111,"61f25dd4":115,"9d4da635":79,"d634aa28":120,"8db62558":95,"d033db8d":106,"75ffea08":101,"aab4d996":97,"8f13c203":83,"d6f0d94a":87,"478d2d4f":105,"db8ba455":102,"8f10fa42":117,"c510bfd3":114,"eb2e1983":90,"f5e8dfee":111,"bd62d7ed":85,"b935fc1c":93,"971675c5":101,"5410e9c6":103,"e238f09b":98,"b769bdfb":102,"3712c4bd":91,"95d3d348":94,"a6003226":96,"a9b1bd51":75,"5339e1e9":99,"3c18f28e":96,"6adce358":109,"5a734022":91,"36684155":97,"181c3dd5":96,"b88033fd":102,"aa9ea5e8":87,"88432019":93,"e9adbe58":91,"6d339d45":87,"3f65f121":101,"6143f39d":88,"9e206c95":108,"f87c5031":85,"0bfabf48":90,"1dad0f99":99,"753ca352":86,"43d87483":95,"10ec5a0b":97,"056ea7ff":104,"faf4f98b":103,"4c39240e":104,"5f620a1e":109,"ffc86f94":77,"9a80f004":87,"4eed1bea":97,"3007f31f":92,"4dac6b20":82,"21e10a2b":100,"ccb5ea3e":87,"913a6226":96,"4ff2225d":91,"0114160e":103,"0be540c5":104,"f277386e":79,"f5829ac0":101,"d36125db":103,"ce4da56f":102,"b8397293":90,"ea274174":100,"8493f3b2":98,"06073f13":99,"4ba6eb36":96,"d33790a2":107,"1ff8c2fc":104,"dd1fcb17":89,"3e602573":88,"c6e3d352":112,"0eaf08da":104,"24d24fa3":99,"64a7f79f":91,"742f1425":91,"1f7607df":89,"84b67924":102,"5747db6e":109,"a625328f":109,"d3a669ac":109,"51a3e9c2":107,"d815c5b4":115,"e4c312fe":96,"fea793f5":103,"7735c3c2":90,"9cb4697f":104,"f0a06216":95,"65e4235b":93,"4abb7aed":96,"71ba7561":95,"90a06ee9":94,"8e99d5d0":107,"fe578280":91,"a836aa93":101,"efe84c27":95,"696fdac5":96,"53431634":118,"4ee62a26":92,"1a2ec5d7":96,"f1b493de":111,"b6591e25":95,"f883d582":92,"381c68fa":100,"d0c104c4":70,"42cd2360":86,"7ae34c64":105,"fd482491":112,"fe8f3d36":87,"95904ac4":110,"0042f6eb":94,"c1bb74f2":87,"5f4102da":99,"3a204e56":107,"3e082b37":89,"8e4c33d2":107,"004f1ef3":120,"05f6ab35":96,"cd522166":114,"e35a63cd":100,"3062379b":88,"2d13e69b":95,"9ceb5439":86,"36684155":98,"254cc28c":105,"e9a8cf11":97,"90d52475":98,"6867261a":89,"37fbb107":113,"dc473de1":94,"5d087c79":93,"71a2a493":73,"61d4782d":104,"faf3ed07":93,"5e09f69e":108,"bc3dc66a":99,"315537b2":96,"dfa1a89b":87,"af157d29":97,"a77e8461":97,"09560615":83,"eeaa2d46":110,"f87c5031":86,"ef14000f":102,"1dad0f99":100,"a06a6430":96,"6034b6d0":105,"87083264":111,"7a840529":79,"77bfed7e":97,"259930ee":106,"c1bdfd41":85,"014460b9":118,"57167c74":99,"0a2f71bc":87,"92f800f5":100,"ffc86f94":78,"df81ddee":89,"daab45c6":93,"2209903e":106,"d25e0f8d":112,"805534ac":97,"4dac6b20":83,"85de05f2":98,"26f99a1e":94,"27f52ed3":117,"e238f09b":99,"7732eb1e":113,"e0f7679f":86,"54a676d6":85,"013ee301":96,"f044c0e1":78,"95f6db13":93,"34658473":87,"6a60348e":92,"5a0ead91":91,"3652bd66":98,"50312237":105,"67f6e4f2":97,"a533489b":105,"d0c0fc08":86,"e6fac295":87,"74e01f6a":92,"23080895":85,"04612878":105,"b7df1559":100,"a636f4c9":113,"481754fc":81,"e6ec8cbf":107,"51a3e9c2":108,"acac14fb":92,"b3863630":90,"9b742f71":89,"f3992a31":95,"be2955bb":101,"69134f07":96,"e1618359":101,"4360a1a3":112,"c2bb8aae":96,"30dbfc69":91,"381c68fa":101,"1a2ec5d7":97,"751bcf25":98,"935ec056":91,"d39724bc":95,"5f0c1b9d":103,"810aa5e9":104,"abad2347":97,"f56ac638":83,"313258f2":96,"6ee92259":101,"906fdec3":88,"012de09c":90,"f5e8dfee":112,"56473430":106,"4abb7aed":97,"9a07d89b":103,"afe8e06a":92,"eebc8d43":100,"a0685bf3":113,"d78dd457":89,"d3a669ac":110,"8cd78f77":114,"9fa62fee":90,"284544ba":95,"aaa274a5":102,"2f455cce":98,"fd369c21":105,"a1921150":103,"1b881e6e":106,"be149c6f":90,"789bd484":93,"12534561":87,"254cc28c":106,"bc3dc66a":100,"540df50f":106,"77f31bab":103,"c4bff41f":102,"50d129cf":92,"bf822e33":102,"24a9fb86":111,"bfcb912a":97,"12dd6f5e":91,"0277d748":107,"0e036ae9":114,"eafbf9fb":93,"546f6845":106,"6cba74ce":93,"fd6dcb20":94,"dc0c8b09":112,"9496f56f":107,"1dad0f99":101,"8ac72326":82,"621d6b18":104,"87cd2add":85,"4930f321":92,"7218c9f1":85,"a68a93b2":86,"a33fe0dd":104,"e786063b":98,"7043382d":100,"7e76c93c":104,"ca7d47f7":101,"08a06557":121,"d141db49":97,"ecfa8249":107,"70594a28":92,"debe1f65":105,"e1f0dbfd":109,"971675c5":102,"5b60dd1d":99,"60e855ee":109,"8dd649a3":91,"25635c37":86,"6b79fec2":91,"6ce84ff8":92,"a8871ddf":85,"26009d3f":93,"a3d4a0e5":99,"92d38723":106,"e8f173b5":97,"4f5e3e7d":87,"332820ce":99,"1138796e":100,"159ffd0b":82,"336d0f08":109,"b552beb3":95,"9e878ec2":114,"554ebb83":95,"40569362":104,"b2bd8fd3":97,"c27969ec":97,"e6fac295":88,"9d0546ac":94,"daab45c6":94,"26dd2000":107,"53431634":119,"3498f223":86,"288d171f":95,"0dad37d5":96,"4e3f5178":103,"696fdac5":97,"5be594be":94,"56d315d8":82,"f1b493de":112,"1e191c98":78,"6e24d88b":96,"a8726d50":86,"d033db8d":107,"be40590d":99,"67d30f2b":91,"7fef9973":102,"12271e14":96,"48655f09":118,"e8d74304":86,"c609739e":99,"d929098e":74,"c0b23081":107,"5ef93e5d":73,"4abb7aed":98,"b3f19a69":85,"e6ec8cbf":108,"dc03ebd2":114,"7ee7621c":100,"61145ec9":108,"0e2b5d2f":100,"ec110282":115,"56473430":107,"19551bad":92,"2d54e0a8":90,"af0b61ab":94,"22234d6b":99,"3c6692a3":115,"fd369c21":106,"2c627253":92,"c793cdda":100,"d1fe2868":98,"5e09f69e":109,"b88033fd":103,"1ed46298":113,"7e15f8e8":96,"4911acad":74,"8ec3834d":108,"081460bf":100,"6867261a":90,"50d129cf":93,"a983a6dc":92,"13747b82":105,"aec4e1bf":93,"bf822e33":103,"15620dca":108,"22ecaed0":87,"3661e12d":90,"4469c815":77,"dfa1a89b":88,"f2f58418":85,"6de0aaac":90,"3101354b":90,"dc0c8b09":113,"78b97937":104,"fef750ca":99,"8721056e":86,"05f6ab35":97,"e1571af7":97,"0b959527":94,"caddd0a7":107,"24ffcbd3":110,"c1bdfd41":86,"9bdf362a":85,"c8fcad77":90,"af7e5be8":105,"e57d5cda":107,"4d9b0b10":101,"30b6808c":97,"67c57de4":117,"53b4e647":107,"ef91eaae":80,"dc583e64":105,"3f2522c2":100,"6085137f":75,"5410e9c6":104,"7ee148e9":93,"312f7676":99,"39bbc4bc":112,"8cf83787":83,"e81834aa":109,"69f3bfcc":97,"8493f3b2":99,"4b3e3b1c":101,"7ae3fc50":89,"5f8517b7":118,"ce4da56f":103,"bab97de3":109,"c7c4ec5c":88,"95bc84f1":92,"b35e9e1a":134,"4ac6bd4e":86,"50312237":106,"da3437cd":91,"a0ce82b4":108,"3b7763b1":83,"18d20aa1":89,"b6ee137a":91,"8f9b74b0":91,"5fa12feb":99,"ebdbf580":100,"f2086446":101,"9b742f71":90,"a4296d1e":101,"77300e4a":88,"d34a29b9":111,"1a68160d":103,"9316e7e8":82,"66497c7e":94,"110b1ee3":101,"a68a93b2":87,"f883d582":93,"812b4f15":84,"804d4dfa":98,"cf52025e":91,"87922532":105,"35b58ef9":90,"468fc85c":94,"4febf7c5":104,"bb00e71c":81,"00cf385d":105,"7ee7621c":101,"4258c176":95,"730a4938":101,"00a481e3":112,"d9a64845":92,"124fbe96":90,"ea822700":81,"7db3edda":98,"2a06ab95":106,"2c627253":93,"911e770b":102,"b7832271":105,"f271ed5d":105,"12534561":88,"181c3dd5":97,"5f6613c8":83,"8ec3834d":109,"f94bf9ea":96,"842c8340":88,"9d9dd9e5":89
1604737540563,"312f7676":100,"6b79fec2":92,"c564e316":99,"a58bf525":97,"8dc9b4db":109,"dc583e64":106,"2c5c1dc0":99,"0d2c95fe":96,"e81834aa":110,"5678ed7b":120,"792c9b6a":82,"07fc4a9a":100,"554ebb83":96,"f044c0e1":79,"3652bd66":99,"379184a7":107,"8b2b601d":97,"b36a0d66":82,"f1862e79":81,"34658473":88,"b7407bd3":86,"481754fc":82,"aefe13f5":101,"a5aee5de":118,"baebb391":108,"73b15e04":94,"aec4e1bf":94,"68562193":84,"36b7003c":124,"51f80f4c":107,"faf3ed07":94,"449d8475":90,"48efc739":118,"8cc4a982":96,"d6320619":94,"6cba74ce":94,"08c6b5d2":100,"d1715f3b":98,"6d5fcd4c":103,"546f6845":107,"d8475b95":78,"04612878":106,"3c43e8a2":106,"695a2b92":88,"a40846b7":108,"fb7b7b3c":108,"ea9bba6b":90,"1da771fb":92,"5270f158":97,"c3e6ef01":106,"1e7753d9":117,"7043382d":101,"25776fc4":103,"5ab7bc35":108,"c7636527":83,"719c8869":117,"4def63ee":72,"b320feb9":100,"8298e976":116,"d36125db":104,"792c9b6a":83,"ea274174":101,"b84a06eb":96,"4ff2225d":92,"02d4753e":114,"d815c5b4":116,"08a561b7":97,"781ace7d":100,"0042f6eb":95,"fe44fc6f":100,"fe8f3d36":88,"fee32863":96,"b28a5e67":104,"616d6dd6":95,"8b5a8e9f":113,"f5e8dfee":113,"a567ace4":101,"be3a10f8":114,"00a17b46":98,"053f3451":97,"6034b6d0":106,"0d28db94":90,"ad303bda":103,"0eaf08da":105,"f044c0e1":80,"f9c15fcc":105,"4febf7c5":105,"5a07fc2e":89,"b7832271":106,"2d13e69b":96,"faf3ed07":95,"51f80f4c":108,"a6626a13":85,"b35bb8a1":87,"9d63c4dd":94,"39ba00f0":101,"44a4f7cd":96,"084cbc0b":94,"57d5dee8":107,"ccf8b803":91,"92efd84f":99,"bfcb912a":98,"254cc28c":107,"a6003226":97,"8a52882e":98,"24a9fb86":112,"ce3407dd":91,"64db4feb":115,"fd6dcb20":95,"12012fbd":95,"6de0aaac":91,"a77e8461":98,"3f65f121":102,"59c1e594":101,"a24e6670":103,"f1862e79":82,"3310a049":96,"a43061ee":86,"01cd8099":103,"44ff8baa":91,"4eed1bea":98,"0a96f57a":105,"c455f40e":90,"e2cbe594":92,"261c9911":105,"9d0546ac":95,"b2c25d1c":92,"cb51f134":103,"f76a3e83":101,"f121b82c":112,"1a68160d":104,"6fb4cdda":107,"0a92153e":99,"30fdcd3b":95,"8f2a7d69":92,"5ee911b5":95,"2d382981":101,"6ebe2354":81,"4930f321":93,"ffa08d82":97,"b946e146":112,"ccdd1ce6":95,"82868763":94,"95d3d348":95,"42191b64":80,"c95719e5":89,"8e4c33d2":108,"19f9ca86":100,"6085137f":76,"66b7b5b4":92,"906632cb":96,"20e470e0":90,"f4634d0b":85,"cd3bbe7e":96,"61f25dd4":116,"a81a857c":91,"868cda42":93,"ea6de194":109,"9bdf362a":86,"75ffea08":102,"44c77422":102,"719c8869":118,"4945c851":102,"8aa78e2f":95,"1f88a4b7":107,"95f6db13":94,"4b3e3b1c":102,"0114160e":104,"de36827b":121,"ef16ca37":98,"8bc04eb5":93,"1bb4ccc0":102,"ad2d7bed":102,"abad2347":98,"55928ef1":102,"6775d5cd":93,"4c0e547b":97,"7c0a2db6":99,"a502c93c":83,"ec11fe5f":82,"fafb4cc2":126,"4652b09a":120,"6c524f99":100,"71ba7561":96,"d5dae4c4":123,"9b546d65":91,"d8e58a8c":108,"78b97937":105,"2352c8ef":89,"a851891c":80,"a15713c6":118,"7ae3fc50":90,"3652bd66":100,"06073f13":100,"9e878ec2":115,"4ea4a2a1":113,"761cf820":98,"e6fac295":89,"baebb391":109,"cac4449a":94,"26c390d6":89,"6751d8e4":110,"d744bee2":94,"d1ca5d6b":106,"e58b26f6":103,"12534561":89,"272c7672":106,"794f652b":103,"74e3d13e":98,"2180f99b":105,"5d087c79":94,"162a7348":99,"5ac86fb9":104,"25d1b2d8":100,"47cfba38":90,"ce3407dd":92,"04643409":105,"227006e4":91,"b8ab8e6e":97,"6867261a":91,"36b7003c":125,"eeaa2d46":111,"b9a48a5c":86,"4d35385e":96,"3454fa2b":86,"f3d68430":104,"12271e14":97,"dfc89705":97,"64a7f79f":92,"c27969ec":98,"72b84094":122,"b6ee137a":92,"3007f31f":93,"40e79dd3":94,"26dd2000":108,"4dac6b20":84,"3ef7432b":98,"4c4aa2e2":99,"cb51f134":104,"5e193fc8":99,"e0154608":88,"1247fa52":104,"704bce0d":101,"69d4b754":88,"5cd3cfe0":85,"a06a6430":97,"43d87483":96,"9f74b8a4":93,"4f59a322":99,"00a17b46":99,"d83294cd":93,"87083264":112,"51f57142":103,"36d340f2":84,"c564e316":100,"eda6a690":80,"004f1ef3":121,"b1f58563":93,"42191b64":81,"6d61bf13":91,"6b79fec2":93,"5ccf94d6":93,"5272520d":93,"74f234c6":108,"3f9b5722":92,"467773ac":91,"f883d582":94,"88fa53d6":86,"b320feb9":101,"fbdffc95":87,"c8fcad77":91,"5f620a1e":110,"b5ce0c0c":109,"57167c74":100,"b2703001":105,"8d753bb6":80,"ba586505":96,"dffa7793":74,"6841f77e":108,"95904ac4":111,"a6b5e869":92,"aa76bc50":86,"bf30a08f":116,"e0e48a2d":94,"a5fd8ffd":101,"2dd0e808":92,"bec9d329":107,"28654c76":110,"781ace7d":101,"2a76f1dd":87,"c1bb74f2":88,"abc1d7ad":104,"062179c1":98,"fe8f3d36":89,"eb2e1983":91,"a0685bf3":114,"be3a10f8":115,"66554572":78,"0114160e":105,"868edcc0":105,"d36125db":105,"bbe71605":91,"8245f916":79,"4ac6bd4e":87,"50312237":107,"de11eb19":114,"39ba00f0":102,"6751d8e4":111,"6a3eaf43":96,"50c3164b":103,"0d2a1c58":91,"eb7b4e29":88,"c793cdda":101,"e9a8cf11":98,"3c18f28e":97,"66d94227":94,"faf3ed07":96,"a47abfbb":85,"a1921150":104,"181c3dd5":98,"d957f027":93,"72805bf5":80,"77f31bab":104,"c93c3508":78,"5e09f69e":110,"93fdbb44":80,"aff8e442":102,"b35e9e1a":135,"1bd5b20b":105,"d0b297b2":85,"064a99c8":91,"4cc141fa":78,"bad6cdb1":94,"4febf7c5":106,"59c1e594":102,"2c24d929":106,"aa00769b":112,"2209903e":107,"ccb5ea3e":88,"201cafad":93,"18d20aa1":90,"ecfa8249":108,"261c9911":106,"547903ef":114,"a3253019":96,"90a06ee9":95,"efe84c27":96,"c0fea118":93,"77300e4a":89,"f598a332":93,"1a68160d":105,"77bfed7e":98,"ef14000f":103,"9f74b8a4":94,"f7231212":97,"87083264":113,"91536e85":103,"753ca352":87,"4d35385e":97,"b946e146":113,"53a8613c":116,"21ee2afe":105,"08c6b5d2":101,"bb99c79c":99,"b9a48a5c":87,"3e082b37":90,"5410e9c6":105,"e7773397":86,"5270f158":98,"56d315d8":83,"ca6d2d91":99,"26ed1a5c":96,"f4634d0b":86,"5ccf94d6":94,"430a5db5":108,"c2bb8aae":97,"e786063b":99,"2154b6e8":88,"cc6bbe45":89,"d9f512b9":106,"c1bdfd41":87,"df2b4d87":92,"2045d7d6":87,"971675c5":103,"f2470875":112,"e238f09b":100,"5eab91a0":105,"cb4f262b":97,"67d30f2b":92,"d4d5f466":97,"4bc46d7a":91,"0a1d11e6":83,"d815c5b4":117,"6b82b527":102,"c91966ce":89,"d8e58a8c":109,"677c6a09":113,"906fdec3":89,"6a7392d5":86,"2c6cb96f":84,"0042f6eb":96,"91f7ef72":97,"2a4a402a":93,"70ee0491":83,"ba5c52af":101,"f67de058":102,"afe8e06a":93,"1f88a4b7":108,"4ff2225d":93,"e0f7679f":87,"159ffd0b":83,"e36dfd6f":90,"88a30343":96,"0114160e":106,"ef16ca37":99,"26c390d6":90,"5a07fc2e":90,"f4726450":101,"c0e2624b":88,"a625328f":110,"d552eb2f":106,"de6213c7":94,"be149c6f":91,"03b4ab60":101,"31d74eee":91,"aec4e1bf":95,"99e171db":99,"8cddb65e":99,"815e4582":95,"a2c334e7":116,"77f31bab":105,"72805bf5":81,"04643409":106,"dc473de1":95,"d1fe2868":99,"25d1b2d8":101,"ea274174":102,"a533489b":106,"608bc832":92,"4f5e3e7d":88,"cd95f558":102,"288afc30":93,"27c8e038":112,"b6aaf976":106,"4cc141fa":79,"03dcfa3d":98,"742f1425":92,"7e8e1c3d":84,"e2a7d915":82,"e21c6207":89,"ecfa8249":109,"79e4fa1c":96,"26dd2000":109,"53747a91":100,"c85a0d80":102,"a3253019":97,"fe578280":92,"4c4aa2e2":100,"cb51f134":105,"e0154608":89,"59c1e594":103,"8eb64769":87,"07f98660":107,"c803b4a3":97,"7218c9f1":86,"95539a58":82,"cc5a1d47":84,"4f59a322":100,"0bfabf48":91,"2cb29e5a":114,"0277d748":108,"51f57142":104,"6143f39d":89,"f2f58418":86,"558d5ce7":99,"21ee2afe":106,"501db4de":99,"bb98a6cf":117,"94a2fe10":103,"cf1124db":90,"381c68fa":102,"74f234c6":109,"58d46189":110,"1f11812e":104,"3bad3c95":85,"aab4d996":98,"0f029727":88,"0a2f71bc":88,"e45b4b53":82,"3f2522c2":101,"578f6e9e":107,"8dd649a3":92,"09ff339a":78,"1da771fb":93,"e238f09b":101,"ba586505":97,"c0b23081":108,"7ee7621c":102,"1757a30e":94,"730a4938":102,"aa76bc50":87,"d929098e":75,"195eb771":95,"a472532e":91,"4b125e7b":103,"65e4235b":94,"ec110282":116,"c1bb74f2":89,"74c26380":97,"9d023afb":110,"5f96c2bc":92,"2bcca6a7":116,"0e2b5d2f":101,"8721056e":87,"6a60348e":93,"e0f7679f":88,"06ddafc7":81,"a3d4a0e5":100,"a6bcb07e":104,"fd07e0ed":105,"284544ba":96,"2180f99b":106,"0bd93cfd":81,"2c627253":94,"4bcd4a30":112,"0fc5ac7e":118,"bc3dc66a":101,"aec4e1bf":96,"6867261a":92,"6e98dfda":101,"a983a6dc":93,"5f6613c8":84,"dcfaba4c":100,"a939b50b":100,"cf84fb54":102,"e7e82473":117,"5f8517b7":119,"b377a62a":95,"50312237":108,"b8397293":91,"d0e9a58e":87,"408bb2ed":90,"8c6e001f":89,"a81a857c":92,"b320feb9":102,"04ea5673":101,"72b84094":123,"07107f6e":97,"93e8cee5":113,"18d20aa1":91,"70594a28":93,"c45d554f":97,"5c82d1ce":99,"efe84c27":97,"79f04300":94,"aefe13f5":102,"03c398d2":104,"458dcc3d":106,"a0bc1ceb":100,"27c8e038":113,"b7df1559":101,"6be9332a":92,"05f6ab35":98,"50b558a7":82,"f1df62b4":94,"7e95c5a0":102,"a85d89cc":94,"cf9f4757":87,"50c468ba":93,"621d6b18":105,"4f59a322":101,"24a9fb86":113,"1a0189c4":95,"5e09f69e":111,"36684155":99,"7e15f8e8":97,"d5557fb4":108,"09560615":84,"57540cc3":109,"d2a841c9":82,"ccdd1ce6":96,"f3d68430":105,"affb82bf":103,"175bc6b2":83,"5e193fc8":100,"501db4de":100,"9267f0ef":112,"ebdbf580":101,"b2c25d1c":93,"a8726d50":87,"0c043224":110,"dbd2f139":99,"26ed1a5c":97,"b6591e25":96,"059d6c19":108,"1a2ec5d7":98,"95d3d348":96,"d599b566":114,"fb7b7b3c":109,"5410e9c6":106,"88ce179e":110,"1757a30e":95,"87c462ee":102,"bb00e71c":82,"aa187e3b":86,"6b82b527":103,"5f96c2bc":93,"e356abf1":102,"da04caac":97,"3a291497":86,"5ef93e5d":74,"83b2f9c5":108,"26f99a1e":95,"836701f6":91,"5b60dd1d":100,"26c390d6":91,"730338c4":106,"84b67924":103,"84b767be":120,"d3a669ac":111,"aec074c4":106,"1f7607df":90,"71279c46":94,"8cf83787":84,"7732eb1e":114,"fb44fa9c":111,"28d41578":97,"820225e4":81,"06ddafc7":82,"11888cfa":92,"8d000d6e":92,"332820ce":100,"4ea4a2a1":114,"caddd0a7":108,"e786063b":100,"c4e70c07":94,"014460b9":119,"24ffcbd3":111,"859545e6":83,"c8fcad77":92,"4295ce9a":108,"ded7da5a":103,"4eed1bea":99,"26dd2000":110,"2209903e":108,"913a6226":97,"df81ddee":90,"92d38723":107,"5acaa06f":77,"31f6d707":111,"408bb2ed":91,"aefe13f5":103,"a43061ee":87,"458dcc3d":107,"8eb64769":88,"f905a555":92,"c510bfd3":115,"f2e3c0e3":89,"dd035d2a":96,"be3a10f8":116,"ba5c52af":102,"9d023afb":111,"7af262e5":104,"a66a2d8a":115,"ef14000f":104,"95539a58":83,"ba938220":96,"cb142908":89,"ffa08d82":98,"056ea7ff":105,"faf4f98b":104,"74e01f6a":93,"13f0e139":92,"9fc713b0":107,"72805bf5":82,"4ed01268":93,"5f6613c8":85,"7e15f8e8":98,"13747b82":106,"77f31bab":106,"dc473de1":96,"1d790491":101,"0ecfa1c9":94,"39a2fcce":82,"1ed46298":114,"44a4f7cd":97,"bad1a1cc":90,"3f65f121":103,"3661e12d":91,"53a8613c":117,"bb99c79c":100,"e9adbe58":92,"f2f58418":87,"09560615":85,"acac14fb":93,"90a06ee9":96,"fe578280":93,"9267f0ef":113,"145c7559":108,"168e75d9":102,"bd984a8e":98,"93683c82":89,"c2bb8aae":98,"142d6987":106,"40a745c0":107,"026766f3":98,"a4f1d83b":101,"d033db8d":108,"91b28f83":104,"ba586505":98,"935ec056":92,"e6ec8cbf":109,"7735c3c2":91,"b0869206":104,"c95719e5":90,"39bbc4bc":113,"3a204e56":108,"09ff339a":79,"26f99a1e":96,"b1f58563":94,"836701f6":92,"39ba00f0":103,"2c01e624":91,"bab97de3":110,"e8f173b5":98,"159ffd0b":84,"1438fad7":103,"5678ed7b":121,"8d753bb6":81,"cf50e84e":101,"f8b31ce5":121,"0a2f71bc":89,"c7636527":84,"a33fe0dd":105,"24ffcbd3":112,"d6f0d94a":88,"fbdffc95":88,"72b84094":124,"e2a7d915":83,"08a4c3f8":98,"31f6d707":112,"d33790a2":108,"792c9b6a":84,"ea274174":103,"5ee911b5":96,"49bf2e95":81,"24d24fa3":100,"616d6dd6":96,"51a3e9c2":109,"d5dae4c4":124,"74c26380":98,"ae016053":104,"1d44aff3":113,"f5e8dfee":114,"6c524f99":101,"da04caac":98,"b8488fc8":101,"dd035d2a":97,"1105f790":101,"9b546d65":92,"afe8e06a":94,"f67de058":103,"0785820e":102,"d5059415":100,"53b4e647":108,"9fce073c":99,"b73e789c":94,"f1df62b4":95,"ad303bda":104,"d82592f4":97,"b460f030":111,"2c24d929":107,"6ebe2354":82,"b7df1559":102,"2198ba8e":93,"a6626a13":86,"b947257e":112,"f271ed5d":106,"0fc5ac7e":119,"0bd93cfd":82,"31f6ba51":95,"44a4f7cd":98,"d6d61bfc":109,"5957df9e":91,"66d94227":95,"4911acad":75,"d1fe2868":100,"9f5e6cba":103,"36b7003c":126,"558d5ce7":100,"b35bb8a1":88,"bfcb912a":99,"315537b2":97,"c81b2bcf":88,"aec4e1bf":97,"88432019":94,"5a0eb771":99,"dfa1a89b":89,"f3d68430":106,"d1715f3b":99,"2cb29e5a":115,"feb67030":95,"cd421290":91,"44ff8baa":92,"92136ff5":101,"fb8bfb36":113,"8e780922":100,"f121b82c":113,"1a68160d":106,"c0fea118":94,"6b78ad7f":108,"f598a332":94,"a4296d1e":102,"381c68fa":103,"d70ca4f4":113,"f883d582":95,"9316e7e8":83,"74f234c6":110,"3f9b5722":93,"19e9776f":103,"eda6a690":81,"e7773397":87,"b1f58563":95,"0b3283c9":97,"95d3d348":97,"c95719e5":91,"971675c5":104,"b552beb3":96,"8b2b601d":98,"17b08923":98,"c7636527":85,"2045d7d6":88,"49b358bd":105,"04ea5673":102,"2154b6e8":89,"d9d7c4c2":107,"868cda42":94,"f5829ac0":102,"d9dcdc4b":114,"8d753bb6":82,"b2703001":106,"1b153aef":103,"7a6aa4b6":100,"3652bd66":101,"91b28f83":105,"f0a06216":96,"935ec056":93,"6841f77e":109,"91f7ef72":98,"54d7de6b":111,"aa867541":82,"d83870f5":95,"4abb7aed":99,"3b2dee89":93,"a5676c24":95,"ec110282":117,"062179c1":99,"ef8987d7":90,"a8c93bed":99,"7896b953":107,"13b53c7a":100,"fee32863":97,"25a2844e":104,"8b5a8e9f":114,"9a07d89b":104,"53b4e647":109,"ad303bda":105,"1bd5b20b":106,"4ac6bd4e":88,"761cf820":99,"92d38723":108,"73b15e04":95,"f1098793":101,"4cc141fa":80,"b2bd8fd3":98,"35b58ef9":91,"87ce8d1d":78,"d552eb2f":107,"aa5dfdf5":96,"dd7acb96":101,"1f7607df":91,"f069bb07":94,"3c6692a3":116,"a1370ab0":99,"d0d6acb1":93,"dcfaba4c":101,"31d74eee":92,"a47abfbb":86,"254cc28c":108,"bc3dc66a":102,"a939b50b":101,"031e488e":99,"97e75c19":115,"12534561":90,"5e09f69e":112,"a1921150":105,"088feee2":110,"ccf8b803":92,"172217e5":104,"6cba74ce":95,"15620dca":109,"a77e8461":99,"3f65f121":104,"558d5ce7":101,"d6320619":95,"481754fc":83,"7b6a7048":99,"9d0546ac":96,"7d112f4d":104,"a0cca8b7":83,"261c9911":107,"fb8bfb36":114,"70594a28":94,"c85a0d80":103,"53431634":120,"a3253019":98,"470d50c2":98,"69134f07":97,"501db4de":101,"1e232870":106,"0c043224":111,"751acea8":84,"30dbfc69":92,"dbd2f139":100,"0af920d8":82,"c3e6ef01":107,"0d5ee801":84,"d7cb9bcf":100,"2b698053":96,"f1df62b4":96,"9496f56f":108,"faf4f98b":105,"3c43e8a2":107,"437fc3ec":95,"6085137f":77,"5270f158":99,"b769bdfb":103,"22aeaf03":93,"6d61bf13":92,"1138796e":101,"6d802fa2":92,"4777334c":87,"c0b0f492":115,"25776fc4":104,"0a2f71bc":90,"2154b6e8":90,"04ea5673":103,"dac109cf":95,"90731976":92,"e0f7679f":89,"4ff2225d":94,"49910300":95,"d929098e":76,"a502c93c":84,"677c6a09":114,"f56ac638":84,"4b125e7b":104,"a5fd8ffd":102,"45b5746e":97,"95d331b1":84,"74c26380":99,"88ce179e":111,"6023df54":97,"7fdc2007":92,"5f0c1b9d":104,"f67de058":104,"2c6cb96f":85,"71e53c93":101,"8f10fa42":118,"9a07d89b":105,"25a2844e":105,"7af262e5":105,"8063df14":84,"2d1e1e9d":90,"1b153aef":104,"2e99f8fd":94,"3652bd66":102,"b2a8761b":82,"5acaa06f":78,"332820ce":101,"45b038bb":113,"084cbc0b":95,"70bc8325":89,"6751d8e4":112,"2d54e0a8":91,"7028b044":87,"730338c4":107,"835358a0":92,"a1370ab0":100,"5f6613c8":86,"d1fe2868":101,"5d087c79":95,"e9a8cf11":99,"ce3407dd":93,"5e09f69e":113,"60d6cee2":99,"088feee2":111,"b35bb8a1":89,"04643409":107,"6df0b2e8":118
1604737541487,"25d1b2d8":102,"36b7003c":127,"bc021def":107,"f2f58418":88,"eeaa2d46":112,"546f6845":108,"b946e146":114,"4469c815":78,"6d5fcd4c":104,"064a99c8":92,"3e602573":89,"6be9332a":93,"baebb391":110,"8eb64769":89,"64a7f79f":93,"23080895":86,"f734c84c":122,"9a80f004":88,"c650b434":109,"daab45c6":95,"27d8bf51":103,"b6ee137a":93,"e1f0dbfd":110,"696fdac5":98,"104721f0":97,"69134f07":98,"754f98c9":100,"f2086446":102,"80a8a56d":89,"c4feee5b":99,"d70ca4f4":114,"6034b6d0":107,"f1df62b4":97,"ae95f2ba":114,"8fb236a9":88,"67c57de4":118,"00a17b46":100,"4f59a322":102,"695a2b92":89,"3e082b37":91,"c95719e5":92,"e7773397":88,"095ab3b4":87,"5410e9c6":107,"f1dffa24":85,"4ee62a26":93,"b7434f57":82,"20e470e0":91,"1f11812e":105,"cd3bbe7e":97,"381c68fa":104,"3fdb08f5":95,"08a06557":122,"0a2f71bc":91,"2af60749":101,"c1bdfd41":88,"a81a857c":93,"cc6bbe45":90,"0be540c5":105,"de36827b":122,"868edcc0":106,"4b3e3b1c":103,"0b5a0408":95,"4945c851":103,"bab97de3":111,"fea793f5":104,"0d770b97":99,"e6ec8cbf":110,"e4117b3b":78,"f56ac638":85,"20811ddf":91,"7ae34c64":106,"95d331b1":85,"45b5746e":98,"ef8987d7":91,"49cb2959":109,"fafb4cc2":127,"43bc86e3":93,"da04caac":99,"b8488fc8":102,"2a4a402a":94,"c510bfd3":116,"dc0c8b09":114,"05f6ab35":99,"0e2b5d2f":102,"9d023afb":112,"b377a62a":96,"67f6e4f2":98,"3652bd66":103,"aa5dfdf5":97,"911e770b":103,"3c6692a3":117,"42c80e69":110,"815e4582":96,"254cc28c":109,"35aa7fd0":109,"b7832271":107,"e99318a3":90,"84b767be":121,"3a1d1632":80,"794f652b":104,"12dd6f5e":92,"0d2a1c58":92,"bf822e33":104,"76f3a3be":93,"c4aa1e38":82,"e0e6a097":96,"50312237":109,"5ee911b5":97,"9c58dd76":108,"bad6cdb1":95,"ad8f85d6":110,"2198ba8e":94,"c27969ec":99,"baebb391":111,"0f72f2d8":96,"261c9911":108,"20777945":93,"9d0546ac":97,"7e8e1c3d":85,"a0ce82b4":109,"2ad42a9e":98,"85de05f2":99,"696fdac5":99,"a4296d1e":103,"b215547b":87,"c382f054":108,"c7313e0a":107,"07f98660":108,"c8113b77":89,"77bfed7e":99,"6a5b71b4":97,"b73e789c":95,"53b4e647":110,"ef91eaae":81,"ac38a6a5":110,"fd369c21":107,"44a4f7cd":99,"c852d240":101,"789bd484":94,"6143f39d":90,"deb31f35":103,"9a467a82":103,"60d6cee2":100,"1d153b20":97,"623c6a31":106,"8cc4a982":97,"3f2522c2":102,"f5cd79c1":88,"82868763":95,"004f1ef3":122,"695a2b92":90,"e7773397":89,"c7ab83c1":94,"8942c35b":98,"e7abc88d":87,"751bcf25":99,"c0fea118":95,"4360a1a3":113,"142d6987":107,"f4634d0b":87,"381c68fa":105,"cf1124db":91,"638cb163":110,"5f620a1e":111,"88fa53d6":87,"4def63ee":73,"c8fcad77":93,"65a00a3c":94,"37a7d5b0":104,"bbe71605":92,"fb44fa9c":112,"69f3bfcc":98,"4b125e7b":105,"3b2dee89":94,"d1d40c9c":108,"8bc04eb5":94,"67d30f2b":93,"c0b23081":109,"88ce179e":112,"fe44fc6f":101,"8a165e17":107,"45b5746e":99,"42cd2360":87,"5f96c2bc":94,"71e53c93":102,"345c9967":89,"eebc8d43":101,"6a7392d5":87,"a8c93bed":100,"70ee0491":84,"062179c1":100,"1745a0f4":98,"eb2e1983":92,"11888cfa":93,"820225e4":82,"489a39f7":86,"2d1e1e9d":91,"8cd78f77":115,"70bc8325":90,"84b67924":104,"1f7607df":92,"ed4fad08":105,"5339e1e9":100,"084cbc0b":96,"0681c48e":110,"5d087c79":96,"fb7482fe":92,"9b3f8714":104,"789bd484":95,"288a2c43":90,"2180f99b":107,"6df0b2e8":119,"90d52475":99,"e4714415":108,"7e15f8e8":99,"47cfba38":91,"48efc739":119,"0f1ac912":85,"8323d333":90,"4ba6eb36":97,"cfe72ead":81,"45b038bb":114,"8245f916":80,"b7407bd3":87,"49bf2e95":82,"cbad3b92":114,"b6aaf976":107,"792cfcbd":91,"cac4449a":95,"a5aee5de":119,"c45d554f":98,"07107f6e":98,"25e0dd3d":104,"9a80f004":89,"21e10a2b":101,"e21c6207":90,"daab45c6":96,"f121b82c":114,"be2955bb":102,"d34a29b9":112,"3498f223":87,"8e780922":101,"f2086446":103,"cb51f134":106,"bc392d1c":85,"56752a4a":88,"a85d89cc":95,"7fb4c521":96,"7218c9f1":87,"7a840529":80,"b9be31d6":104,"87083264":114,"9c29f0ed":112,"3661e12d":92,"21ee2afe":107,"6de0aaac":92,"d2a841c9":83,"546f6845":109,"8cc4a982":98,"d6320619":96,"1da771fb":94,"a40846b7":109,"25635c37":87,"2203f259":100,"3a204e56":109,"f883d582":96,"b7434f57":83,"3b690f68":116,"7a9344a4":114,"20e470e0":92,"cd3bbe7e":98,"8db62558":96,"4777334c":88,"d9f512b9":107,"e786063b":101,"65a00a3c":95,"4c39240e":105,"df2b4d87":93,"805af3c7":105,"22aeaf03":94,"5099c6a0":116,"013ee301":97,"04cc7cbe":86,"88ce179e":113,"7fef9973":103,"f0a06216":97,"730a4938":103,"1bb4ccc0":103,"5acce642":98,"a851891c":81,"012de09c":91,"195eb771":96,"d9a64845":93,"7ae34c64":107,"56473430":108,"a472532e":92,"b102f7bd":104,"bd62d7ed":86,"9a07d89b":106,"bab97de3":112,"a3d4a0e5":101,"32c9fc47":95,"59431390":102,"95f6db13":95,"17b08923":99,"f069bb07":95,"d3a669ac":112,"9fa62fee":91,"88b3bc99":86,"2a06ab95":107,"7db3edda":99,"13747b82":107,"c793cdda":102,"48efc739":120,"288a2c43":91,"394dc144":95,"99e171db":100,"bc3dc66a":103,"8f2a7d69":93,"1bd5b20b":107,"02d4753e":115,"d0c0fc08":87,"336d0f08":110,"36fb15d2":101,"b4fdf90e":102,"064a99c8":93,"a851554d":107,"efd23af5":94,"2ad42a9e":99,"53747a91":101,"21e10a2b":102,"7b6a7048":100,"cd421290":92,"c21ab51e":80,"be2955bb":103,"a4296d1e":104,"0dad37d5":97,"b6aaf976":108,"87ce8d1d":79,"be1746a0":94,"a636f4c9":114,"cbad3b92":115,"0f72f2d8":97,"a66a2d8a":116,"733c86f8":94,"c6dc900c":77,"fef750ca":100,"b9be31d6":105,"ef14000f":105,"9496f56f":109,"6f39f4d9":110,"87cd2add":86,"00a17b46":101,"50c468ba":94,"789bd484":96,"a1370ab0":101,"5ac86fb9":105,"8ec3834d":110,"24a9fb86":114,"e99318a3":91,"1b881e6e":107,"9b3f8714":105,"49902219":113,"30dd2edc":106,"f2ca27d9":94,"bc021def":108,"9c045c61":102,"eafbf9fb":94,"b9a48a5c":88,"6d61bf13":93,"09f0db62":126,"4e3f5178":104,"34c5c729":97,"f3992a31":96,"61f25dd4":117,"d634aa28":121,"5ccf94d6":95,"c2bb8aae":99,"751acea8":85,"f4634d0b":88,"30d84dce":87,"e1571af7":98,"c1bdfd41":89,"2af60749":102,"ea6de194":110,"b7505747":107,"8e4c33d2":109,"e45b4b53":83,"60e855ee":110,"3c43e8a2":108,"1951480c":90,"e382ec3f":79,"8bc04eb5":95,"e6ec8cbf":111,"5eab91a0":106,"677c6a09":115,"e4c312fe":97,"e356abf1":103,"345c9967":90,"781ace7d":102,"a851891c":82,"313258f2":97,"c91966ce":90,"d5dae4c4":125,"4bc46d7a":92,"5678ed7b":122,"8aa78e2f":96,"508aac3d":100,"50c3164b":104,"6e851762":87,"f069bb07":96,"69f3bfcc":99,"07fc4a9a":101,"ce4da56f":104,"a8871ddf":86,"868edcc0":107,"1ff8c2fc":105,"d102b0c6":88,"36fb15d2":102,"761cf820":100,"8f2a7d69":94,"9bdf362a":87,"a33fe0dd":106,"53747a91":102,"a851554d":108,"bc09fa9e":88,"fb8bfb36":115,"bfad1727":85,"21ad2f34":94,"5fa12feb":100,"9e878ec2":116,"45b038bb":115,"742f1425":93,"b6aaf976":109,"cac4449a":96,"6be9332a":94,"b460f030":112,"8007f30e":74,"8063df14":85,"1105f790":102,"70ee0491":85,"2352c8ef":90,"afe8e06a":95,"7af262e5":106,"07f98660":109,"76f94eda":95,"ba938220":97,"6f39f4d9":111,"91536e85":104,"4930f321":94,"b9be31d6":106,"a43061ee":88,"f1098793":102,"bca2d7cd":96,"181c3dd5":99,"b5763ff6":79,"c9efc8f6":98,"72d7b461":108,"6adce358":110,"6e98dfda":102,"76f3a3be":94,"f94bf9ea":97,"e99318a3":92,"13747b82":108,"1a0189c4":96,"394dc144":96,"c852d240":102,"e15fd611":81,"aec4e1bf":98,"cb6c9e42":111,"18815a1b":89,"ef8321d8":96,"53a8613c":118,"865d9857":78,"6d339d45":88,"d1715f3b":100,"30dd2edc":107,"6fb4cdda":108,"0a92153e":100,"fe578280":94,"e7abc88d":88,"77300e4a":90,"168e75d9":103,"9267f0ef":114,"66497c7e":95,"7a9344a4":115,"0c0e98ea":94,"a68a93b2":88,"31408822":93,"0c043224":112,"dbd2f139":101,"578f6e9e":108,"c318d350":108,"d1676e89":95,"a58bf525":98,"095ab3b4":88,"1da771fb":95,"d39724bc":96,"9d4f1fe6":92,"d1d40c9c":109,"a6b5e869":93,"124fbe96":91,"11b74e63":97,"ad2d7bed":103,"a901627e":90,"fe1d4419":100,"26009d3f":94,"3c782bb3":98,"6291e9e9":101,"b552beb3":97,"f5829ac0":103,"32c9fc47":96,"4945c851":104,"336d0f08":111,"d0c0fc08":88,"fbdffc95":89,"dac109cf":96,"08a06557":123,"cc6bbe45":91,"88fa53d6":88,"d6f0d94a":89,"1623fc9f":100,"92136ff5":102,"3ef7432b":99,"547903ef":115,"53747a91":103,"6490bac6":88,"9263c525":101,"b8397293":92,"d0b297b2":86,"00554ffd":116,"a533489b":107,"616d6dd6":97,"69eeae0d":89,"5ef93e5d":75,"cf1b8c47":105,"c510bfd3":117,"d8e58a8c":110,"a0685bf3":115,"db8ba455":103,"05f6ab35":100,"8063df14":86,"6a7392d5":88,"b102f7bd":105,"a567ace4":102,"056ea7ff":106,"ef91eaae":82,"c38c2b52":95,"cc5a1d47":85,"c8113b77":90,"50c468ba":95,"753ca352":88,"99d130c9":112,"17807120":102,"742f1425":94,"9c58dd76":109,"03c398d2":105,"f1098793":103,"cf52025e":92,"1f7607df":93,"84b67924":105,"5747db6e":110,"2d13e69b":97,"aa5dfdf5":98,"af034fee":90,"50c3164b":105,"162a7348":100,"2a06ab95":108,"527ff946":109,"72805bf5":83,"77bae750":88,"b7cc7909":98,"77f31bab":107,"815e4582":97,"031e488e":100,"04643409":108,"24a9fb86":115,"57d5dee8":108,"c67979e6":117,"36684155":100,"affb82bf":104,"8547fbc2":93,"30dd2edc":108,"217c0327":74,"bb99c79c":101,"25a7a0a3":100,"b9a48a5c":89,"805534ac":98,"4e5aaaec":85,"06ee61b6":92,"90a06ee9":97,"69d4b754":89,"6fb4cdda":109,"b215547b":88,"53431634":121,"be2955bb":104,"20e470e0":93,"751acea8":86,"6f81493d":90,"a68a93b2":89,"dbd2f139":102,"74f234c6":111,"7cd0ad7b":113,"6085137f":78,"6d61bf13":94,"c95719e5":93,"290b4714":94,"dffa7793":75,"935ec056":94,"7ee7621c":103,"e4c312fe":98,"95d331b1":86,"82868763":96,"6b79fec2":94,"004f1ef3":123,"ea9bba6b":91,"0b5a0408":96,"1be05c14":90,"0114160e":107,"8d753bb6":83,"b2703001":107,"0d2c95fe":97,"66554572":79,"e1571af7":99,"88fa53d6":89,"5f620a1e":112,"d9f512b9":108,"49b358bd":106,"0b959527":95,"a81a857c":94,"53747a91":104,"feb67030":96,"5acaa06f":79,"8323d333":91,"40569362":105,"5a0ead91":92,"67f6e4f2":99,"cfe72ead":82,"50312237":110,"64a7f79f":94,"26c390d6":92,"d0d6acb1":94,"5747db6e":111,"835358a0":93,"383e232d":92,"ed4fad08":106,"6751d8e4":113,"d6d61bfc":110,"84369269":86,"c9efc8f6":99,"e15fd611":82,"2f455cce":99,"c6c85783":107,"3c18f28e":98,"74e3d13e":99,"7e15f8e8":100,"25d1b2d8":103,"af034fee":91,"17446892":91,"bda8cdfb":103,"9d63c4dd":95,"57540cc3":110,"6143f39d":91,"4469c815":79,"3f65f121":105,"18815a1b":90,"4d35385e":98,"36d340f2":85,"f1098793":104,"e382ec3f":80,"a901627e":91,"0a1d11e6":84,"731fc335":77,"906fdec3":90,"5ef93e5d":76,"00a481e3":113,"4c0e547b":98,"345c9967":91,"f67de058":105,"eebc8d43":102,"70ee0491":86,"fead11cf":87,"2a4a402a":95,"7af262e5":107,"07f98660":110,"76f94eda":96,"91536e85":105,"d4ee22a4":99,"00a17b46":102,"87083264":115,"10ec5a0b":98,"d82592f4":98,"ad8f85d6":111,"a0bc1ceb":101,"24d24fa3":101,"03dcfa3d":99,"5fa12feb":101,"3ef7432b":100,"6b9eff39":91,"bfad1727":86,"3b7763b1":84,"53431634":122,"be2955bb":105,"fe578280":95,"c7313e0a":108,"f598a332":95,"168e75d9":104,"145c7559":109,"f1b493de":113,"94a2fe10":104,"6e24d88b":97,"a4f1d83b":102,"4360a1a3":114,"30d84dce":88,"8db62558":97,"4652b09a":121,"ea4d3f3e":107,"d1d40c9c":110,"16b476e9":95,"8bc04eb5":96,"37d0cae2":96,"42191b64":82,"fe1d4419":101,"d1676e89":96,"5781776a":97,"95d3d348":98,"2c5c1dc0":100,"3f2522c2":103,"159ffd0b":85,"1db42092":114,"a8871ddf":87,"0114160e":108,"ce4da56f":105,"a3d4a0e5":102,"bbe71605":93,"cc6bbe45":92,"4def63ee":74,"a81a857c":95,"859545e6":84,"719c8869":119,"b7505747":108,"04ea5673":104,"7a2f3f06":95,"5f8517b7":120,"d33790a2":109,"c7c4ec5c":89,"8245f916":81,"a533489b":108,"3a1b9af5":102,"e4117b3b":79,"fd482491":113,"91f7ef72":99,"dc03ebd2":115,"d8e58a8c":111,"5f0c1b9d":105,"3c0df8b4":105,"aa76bc50":88,"9d023afb":113,"478d2d4f":106,"05f6ab35":101,"a8c93bed":101,"7fdc2007":93,"c1bb74f2":90,"a567ace4":103,"93b9fae6":88,"7218c9f1":88,"0d28db94":91,"d4ee22a4":100,"621d6b18":106,"b9be31d6":107,"ac030e74":90,"c0e2624b":89,"d1ca5d6b":107,"a6626a13":87,"d552eb2f":108,"92efd84f":100,"508aac3d":101,"aa9ea5e8":88,"d0d6acb1":95,"4125085e":106,"288a2c43":92,"cf775f58":97,"12534561":91,"9d63c4dd":96,"6867261a":93,"815e4582":98,"9b3f8714":106,"ccf8b803":93,"deb31f35":104,"9ceb5439":87,"b8ab8e6e":98,"36684155":101,"7080f122":95,"140ce69e":99,"d1715f3b":101,"f2ca27d9":95,"3454fa2b":87,"4d35385e":99,"aefe13f5":104,"b460f030":113,"458dcc3d":108,"12271e14":98,"cbad3b92":116,"481754fc":84,"a543ec74":97,"2209903e":109,"5fa12feb":102,"b6ee137a":94,"3ef7432b":101,"7e8e1c3d":86,"4dac6b20":85,"4295ce9a":109,"dbc9df44":80,"9b742f71":91,"e9679ede":88,"9f2b16a7":102,"754f98c9":101,"5be594be":95,"f33c0140":95,"c8977844":100,"1a2ec5d7":99,"751acea8":87,"a8726d50":88,"655941a0":104,"4ee62a26":94,"1f11812e":106,"9cb4697f":105,"d4d5f466":98,"b9a48a5c":90,"095ab3b4":89,"437fc3ec":96,"004f1ef3":124,"5099c6a0":117,"95d3d348":99,"22aeaf03":95,"82868763":97,"1f88a4b7":109,"8aa78e2f":97,"2d1e1e9d":92,"ce4da56f":106,"6db0ea86":103,"37a7d5b0":105,"28d40296":79,"c4e70c07":95,"75ffea08":103,"df2b4d87":94,"44c77422":103,"ca7d47f7":102,"8d753bb6":84,"868edcc0":108,"084cbc0b":97,"de6213c7":95,"b7832271":108,"2d54e0a8":92,"eb7b4e29":89,"c0e2624b":90,"c793cdda":103,"e9a8cf11":100,"bc3dc66a":104,"b8ab8e6e":99,"31f6ba51":96,"50d129cf":94,"bad1a1cc":91,"a47abfbb":87,"e99318a3":93,"7af9d3b1":102,"99e171db":101,"725dce8b":110,"6e98dfda":103,"088feee2":112,"6df0b2e8":120,"358e45b1":100,"7ae3fc50":91,"5f8517b7":121,"332820ce":102,"d83870f5":96,"bec9d329":108,"aa187e3b":87,"935ec056":95,"51a3e9c2":110,"a901627e":92,"0a1d11e6":85,"5ef93e5d":77,"dc03ebd2":116,"ec110282":118,"4abb7aed":100,"7896b953":108,"733c86f8":95,"f67de058":106,"6c524f99":102,"bd62d7ed":87,"05f6ab35":102,"dc0c8b09":115,"dfcc2ad1":111,"7fb4c521":97,"7566fdd6":113,"de11eb19":115,"0ac825ed":102,"a0bc1ceb":102,"8493f3b2":100,"b460f030":114,"aa00769b":113,"eed20185":111,"03dcfa3d":100,"12a2cd4b":101,"3b7763b1":85,"e2a7d915":84,"c8dc010f":114,"ccb5ea3e":89,"e1f0dbfd":111,"4eed1bea":100,"77898c22":80,"e1618359":102,"efe84c27":98,"288d171f":96,"754f98c9":102,"1a68160d":107,"d548635d":97,"1e232870":107,"110b1ee3":102,"1a2ec5d7":100,"0f72f2d8":98,"cc5a1d47":86,"53b4e647":111,"ef14000f":106,"77bfed7e":100,"621d6b18":107,"9c045c61":103,"af157d29":98,"1d153b20":98,"2cb29e5a":116,"e9adbe58":93,"a63bddd4":125,"36d340f2":86,"014bdff0":109,"f5cd79c1":89,"d1676e89":97,"9a3cc55d":83,"c318d350":109,"c564e316":101,"013ee301":98,"317c1591":108,"1e7753d9":118,"94a2fe10":105,"5272520d":94,"0841052c":98,"66b7b5b4":93,"c8fcad77":94,"8f13c203":84,"9e65c0ef":88,"1623fc9f":101,"e3547548":86,"28d40296":80,"b36a0d66":83,"b552beb3":98,"f277386e":80,"1438fad7":104,"e7e82473":118,"6d802fa2":93,"677c6a09":116,"1a442bc7":102,"67d30f2b":94,"9cb4697f":106,"6775d5cd":94,"d5dae4c4":126,"aa187e3b":88,"313258f2":98,"2882a956":99,"f905a555":93,"74c26380":100,"7896b953":109,"f789f6d8":112,"45b5746e":100,"fe8f3d36":90,"6a7392d5":89,"c463799d":108,"2a76f1dd":88,"1bc0591f":98,"afe8e06a":96,"dc0c8b09":116,"98915a1f":84,"0fc5ac7e":120,"aec074c4":107,"7e991ab9":80,"5a07fc2e":91,"8657c79d":113,"227006e4":92,"884b0ad1":92,"74e3d13e":100,"71279c46":95,"162a7348":101,"6adce358":111,"5ee911b5":98,"b8397293":93,"b4fdf90e":103,"08a4c3f8":99,"336d0f08":112,"332820ce":103,"4ea4a2a1":115
1604737542024,"53b4e647":112,"9aa6a054":97,"0785820e":103,"9f74b8a4":95,"b73e789c":96,"ef14000f":107,"10ec5a0b":99,"cc6bbe45":93,"40e79dd3":95,"a0ce82b4":110,"79e4fa1c":97,"a0cca8b7":84,"5c82d1ce":100,"fb8bfb36":116,"3498f223":88,"f734c84c":123,"ba586505":99,"9d4f1fe6":93,"4b125e7b":106,"abad2347":99,"20811ddf":92,"ea4d3f3e":108,"2882a956":100,"537634c9":87,"7ae34c64":108,"d9a64845":94,"d5dae4c4":127,"49cb2959":110,"c91966ce":91,"7896b953":110,"efe84c27":99,"145c7559":110,"1f11812e":107,"cb51f134":107,"8db62558":98,"e62d705f":80,"e0154608":90,"9d4da635":80,"7f86be64":106,"0c043224":113,"c382f054":109,"58d46189":111,"94a2fe10":106,"c015ec5a":99,"30c5d755":112,"fce3c5c6":88,"b320feb9":103,"aa021138":105,"014460b9":120,"65a00a3c":96,"a0685bf3":116,"05f6ab35":103,"25a2844e":106,"062179c1":101,"733c86f8":96,"c6dc900c":78,"19551bad":93,"d957f027":94,"031e488e":101,"c4bff41f":103,"23760167":91,"90d52475":100,"bb8a6337":89,"04643409":109,"77f31bab":108,"9e206c95":109,"cb6c9e42":112,"6143f39d":92,"d1715f3b":102,"f2f58418":89,"07f98660":111,"056ea7ff":107,"629800eb":107,"30b6808c":98,"7e95c5a0":103,"4930f321":95,"ef91eaae":83,"2ad42a9e":100,"debe1f65":106,"6bc5d32a":116,"85de05f2":100,"547903ef":116,"c455f40e":91,"f9f2c53f":88,"acac14fb":94,"c382f054":110,"57540cc3":111,"ccdd1ce6":97,"fd6dcb20":96,"92efd84f":101,"70c1e715":94,"f271ed5d":107,"d815c5b4":118,"8bc04eb5":97,"f56ac638":86,"1bb4ccc0":104,"87c462ee":103,"6b82b527":104,"e356abf1":104,"87922532":106,"03dcfa3d":101,"56752a4a":89,"48655f09":119,"35b58ef9":92,"a5aee5de":120,"a0bc1ceb":103,"fafb4cc2":128,"6e44927f":84,"3f75d3bc":105,"fe578280":96,"c4feee5b":100,"9b172ca8":86,"6fb4cdda":110,"f2086446":104,"6e24d88b":98,"f4634d0b":89,"381c68fa":106,"7a9344a4":116,"9d4da635":81,"cf1124db":92,"56d315d8":84,"a577db1c":89,"014460b9":121,"62d1d346":87,"ce3bf5db":83,"08a561b7":98,"5f0c1b9d":106,"71e53c93":103,"d9d0c567":98,"c510bfd3":118,"55928ef1":103,"ec11fe5f":83,"0f89862c":92,"f5e8dfee":115,"a0685bf3":117,"272c7672":107,"d744bee2":95,"50c3164b":106,"7af9d3b1":103,"084cbc0b":98,"4125085e":107,"3a1d1632":81,"8d04852b":97,"2a387957":100,"68562193":85,"815e4582":99,"5e09f69e":114,"449d8475":91,"527ff946":110,"3c18f28e":99,"e99318a3":94,"bda8cdfb":104,"c81b2bcf":89,"12dd6f5e":93,"546f6845":110,"22ecaed0":88,"2dda3936":95,"12012fbd":96,"7d6895f4":105,"08c6b5d2":102,"05f6ab35":104,"0d7d88f1":94,"ae95f2ba":115,"2b698053":97,"7a840529":81,"ef91eaae":84,"cf9f4757":88,"a85d89cc":96,"6d61bf13":95,"3f2522c2":104,"e45b4b53":84,"7ee148e9":94,"5099c6a0":118,"9a3cc55d":84,"c7ab83c1":95,"d36125db":106,"2cce4fb2":105,"7732eb1e":115,"b36a0d66":84,"b552beb3":99,"489a39f7":87,"54a676d6":86,"1bd5b20b":108,"332820ce":104,"554ebb83":97,"9e878ec2":117,"288afc30":94,"cfe72ead":83,"49bf2e95":83,"a81a857c":96,"28d40296":81,"a33fe0dd":107,"b6ee137a":95,"ded7da5a":104,"5c82d1ce":101,"3ef7432b":102,"2209903e":110,"6bc5d32a":117,"93e8cee5":114,"f0a06216":98,"dffa7793":76,"04cc7cbe":87,"aa187e3b":89,"6ee92259":102,"26c6fa34":95,"ac62fac2":112,"71bc1295":90,"468fc85c":95,"cbad3b92":117,"2d382981":102,"c609739e":100,"b3f19a69":86,"e356abf1":105,"685207b3":100,"cb51f134":108,"c382f054":111,"80a8a56d":90,"a836aa93":102,"acac14fb":95,"b2c25d1c":94,"a68a93b2":90,"0d5ee801":85,"430a5db5":109,"5cd3cfe0":86,"66b7b5b4":94,"9316e7e8":84,"dae0f922":106,"f3a0c2ee":95,"e865e4dd":89,"906fdec3":91,"a851891c":83,"ec110282":119,"810aa5e9":105,"dc03ebd2":117,"6c524f99":103,"8721056e":88,"2a4a402a":96,"6751d8e4":114,"2d54e0a8":93,"de6213c7":96,"39ba00f0":104,"b7832271":109,"7028b044":88,"2132fe93":103,"c852d240":103,"9147702f":88,"3a1d1632":82,"f66616b7":98,"6df0b2e8":121,"5957df9e":92,"e15fd611":83,"a1370ab0":102,"c4bff41f":104,"d957f027":95,"31f6ba51":97,"5d087c79":97,"8ec3834d":111,"ccf8b803":94,"8dd2684c":102,"f87c5031":87,"d1715f3b":103,"0e036ae9":115,"bb99c79c":102,"affb82bf":105,"f5596d0f":103,"78467b8a":114,"fe8f3d36":91,"2352c8ef":91,"dd3913d2":99,"0d7d88f1":95,"af7e5be8":106,"0bfabf48":92,"7566fdd6":114,"b73e789c":97,"ef14000f":108,"d1676e89":98,"93ac9ca3":92,"39bbc4bc":114,"c564e316":102,"b769bdfb":104,"09ff339a":80,"71ff66e8":93,"54a676d6":87,"ce4da56f":107,"e7e82473":119,"b2703001":108,"820225e4":83,"4ff2225d":95,"045f280d":101,"02d4753e":116,"6f0fcb9d":100,"792c9b6a":85,"9e878ec2":118,"379184a7":108,"40569362":106,"aa021138":106,"c7636527":86,"7043382d":102,"7e76c93c":105,"e3547548":87,"b5ce0c0c":110,"3fdb08f5":96,"85de05f2":101,"e1f0dbfd":112,"79e4fa1c":98,"8ea21393":89,"4d9b0b10":102,"ee75b607":95,"1bd5b20b":109,"bad6cdb1":96,"aefe13f5":105,"458dcc3d":109,"e6fac295":90,"ad8f85d6":112,"99d130c9":113,"792cfcbd":92,"5b5fc566":98,"124fbe96":92,"6b9eff39":92,"25e0dd3d":105,"40e79dd3":96,"c4feee5b":101,"f76a3e83":102,"a836aa93":103,"0da28f5b":102,"0a92153e":101,"69d4b754":90,"501db4de":102,"4360a1a3":115,"cd3bbe7e":99,"7a9344a4":117,"0d5ee801":86,"dbd2f139":103,"db703021":93,"c2bb8aae":100,"7ee7621c":104,"79be29c8":94,"f0a06216":99,"8bc04eb5":98,"8a165e17":108,"52eca0dc":98,"f789f6d8":113,"95904ac4":112,"ec110282":120,"8db5a165":82,"3101354b":91,"72d7b461":109,"2d13e69b":98,"5747db6e":112,"d0d6acb1":96,"508aac3d":102,"be149c6f":92,"9b3f8714":107,"7028b044":89,"181c3dd5":100,"a625328f":111,"3c18f28e":100,"68562193":86,"76f3a3be":95,"31d74eee":93,"f94bf9ea":98,"6adce358":112,"0670c466":92,"aff8e442":103,"1d790491":102,"e99318a3":95,"c67979e6":118,"01d817b8":84,"d3e84616":111,"12012fbd":97,"3454fa2b":88,"bc021def":109,"be4f8ba8":101,"eafbf9fb":95,"fef750ca":101,"1bc0591f":99,"5f4102da":100,"6c524f99":104,"b8488fc8":103,"2352c8ef":92,"dc0c8b09":117,"f7231212":98,"004f1ef3":125,"578f6e9e":109,"93ac9ca3":93,"71ff66e8":94,"26f99a1e":97,"fb7b7b3c":110,"e45b4b53":85,"e8f173b5":99,"820225e4":84,"7732eb1e":116,"26009d3f":95,"1f88a4b7":110,"2cce4fb2":106,"bab97de3":113,"e28c2efc":88,"ffa08d82":99,"44c77422":104,"3fdb08f5":97,"ba30e43a":114,"2045d7d6":89,"e3547548":88,"aa021138":107,"ce3bf5db":84,"547903ef":117,"e4cfef0a":84,"0785820e":104,"4930f321":96,"8ac72326":83,"408bb2ed":92,"4ea4a2a1":116,"1ff8c2fc":106,"d102b0c6":89,"02d4753e":117,"2e99f8fd":95,"6f0fcb9d":101,"481754fc":85,"b6aaf976":110,"04612878":107,"12271e14":99,"dd1fcb17":90,"2d382981":103,"27c8e038":114,"e1f0dbfd":113,"53747a91":105,"40e79dd3":97,"f9f2c53f":89,"da3437cd":92,"f4343817":102,"685207b3":101,"b3863630":91,"e0154608":91,"d548635d":98,"e7abc88d":89,"4e3f5178":105,"acac14fb":96,"751acea8":88,"3f9b5722":94,"1f11812e":108,"c2bb8aae":101,"0c0e98ea":95,"7cd0ad7b":114,"bb98a6cf":118,"88ce179e":114,"20811ddf":93,"cb4f262b":98,"93b0a158":100,"b3f19a69":87,"d929098e":77,"54d7de6b":112,"1d44aff3":114,"da04caac":100,"2c627253":95,"70bc8325":91,"bca2d7cd":97,"884b0ad1":93,"be149c6f":93,"5f6613c8":87,"4bcd4a30":113,"0bd93cfd":83,"3a1d1632":83,"51f80f4c":109,"835358a0":94,"17446892":92,"b230e8d3":104,"31d74eee":94,"c93c3508":79,"77bae750":89,"7e15f8e8":101,"0670c466":93,"a983a6dc":94,"527ff946":111,"faf3ed07":97,"d2a841c9":84,"3454fa2b":89,"9a467a82":104,"aa867541":83,"69eeae0d":90,"5ef93e5d":78,"5f96c2bc":95,"fd482491":114,"2352c8ef":93,"6a7392d5":90,"fef750ca":102,"11b2c8d9":85,"9b546d65":93,"92ca52b7":102,"eb2e1983":93,"312f7676":101,"a77e127d":79,"77d35808":95,"e238f09b":102,"095ab3b4":90,"f2470875":113,"93ac9ca3":94,"f5829ac0":104,"d9dcdc4b":115,"26009d3f":96,"54a676d6":88,"57167c74":101,"9bdf362a":88,"4fd645f1":86,"a81a857c":97,"7be025ce":100,"04ea5673":105,"49b358bd":107,"abd32136":96,"4d9b0b10":103,"9aa6a054":98,"ef91eaae":85,"4f59a322":103,"9496f56f":110,"faf4f98b":106,"bb99c79c":103,"f2f58418":90,"9c045c61":104,"7d6895f4":106,"59431390":103,"ce4da56f":108,"045f280d":102,"1ff8c2fc":107,"792c9b6a":86,"06073f13":101,"336d0f08":113,"f1862e79":83,"4f5e3e7d":89,"4ac6bd4e":89,"12a2cd4b":102,"b6aaf976":111,"48655f09":120,"742f1425":95,"c6e3d352":113,"04612878":108,"1c3a30c5":98,"feb67030":97,"d25e0f8d":113,"fb8bfb36":117,"2b3c49b9":101,"5c82d1ce":102,"7bebff03":88,"85de05f2":102,"9f2b16a7":103,"ebdbf580":102,"470d50c2":99,"9267f0ef":115,"6fb4cdda":111,"288d171f":97,"8e780922":102,"c2bb8aae":102,"56d315d8":85,"4360a1a3":116,"7cd0ad7b":115,"f4634d0b":90,"180377be":96,"67d30f2b":95,"dffa7793":77,"730a4938":104,"00cf385d":106,"7735c3c2":92,"6b82b527":105,"290b4714":95,"9fa62fee":92,"6a3eaf43":97,"383e232d":93,"2180f99b":108,"9ab755d3":95,"42c80e69":111,"bfcb912a":100,"b7832271":110,"c852d240":104,"1f7607df":94,"aa9ea5e8":89,"76f3a3be":96,"4ed01268":94,"cb6c9e42":113,"dcfaba4c":102,"815e4582":100,"5e09f69e":115,"97e75c19":116,"9ceb5439":88,"8ec3834d":112,"2a387957":101,"a901627e":93,"db8ba455":104,"731fc335":78,"da04caac":101,"f905a555":94,"00a481e3":114,"b28a5e67":105,"1745a0f4":99,"733c86f8":97,"d78dd457":90,"0042f6eb":97,"be3a10f8":117,"60e855ee":111,"5410e9c6":108,"d1676e89":99,"317c1591":109,"a58bf525":99,"93ac9ca3":95,"eda6a690":82,"c6dc900c":79,"c510bfd3":119,"dae0f922":107,"44c77422":105,"014460b9":122,"3bad3c95":86,"04ea5673":106,"c0b0f492":116,"638cb163":111,"ffc86f94":79,"7a4c064c":109,"0d7d88f1":96,"c38c2b52":96,"d1715f3b":104,"7080f122":96,"bc021def":110,"9a467a82":105,"22ecaed0":89,"3661e12d":93,"49902219":114,"7218c9f1":89,"af7e5be8":107,"30b6808c":99,"d5059415":101,"17b08923":100,"fb44fa9c":113,"11888cfa":94,"820225e4":85,"6a60348e":94,"45fb95c1":100,"de36827b":123,"1b153aef":105,"00554ffd":117,"8245f916":82,"608bc832":93,"9e878ec2":119,"06073f13":102,"1bd5b20b":110,"b460f030":115,"f1098793":105,"26c6fa34":96,"64a7f79f":95,"04612878":109,"3e602573":90,"73b15e04":96,"0149e11a":84,"4e5aaaec":86,"cd421290":93,"25e0dd3d":106,"2ad42a9e":101,"6b9eff39":93,"a851554d":109,"a4296d1e":105,"cb51f134":109,"e1618359":103,"bd984a8e":99,"6fb4cdda":112,"79f04300":95,"ab7d4c9a":94,"9d4da635":82,"bca2d7cd":98,"d0d6acb1":97,"ef1c2dcb":95,"de6213c7":97,"e58b26f6":104,"3c18f28e":101,"b7832271":111,"272c7672":108,"5a734022":92,"61d4782d":105,"c9efc8f6":100,"794f652b":105,"789bd484":97,"57d5dee8":109,"6adce358":113,"03b4ab60":102,"f0a06216":100,"3b2dee89":95,"d83870f5":97,"e4c312fe":99,"9cb4697f":107,"ea4d3f3e":109,"88ce179e":115,"95904ac4":113,"8db5a165":83,"52eca0dc":99,"a0cf08b3":86,"012de09c":92,"c318d350":110,"6d61bf13":96,"3c43e8a2":109,"312f7676":102,"60e855ee":112,"695a2b92":91,"77d35808":96,"abc1d7ad":105,"dfcc2ad1":112,"345c9967":92,"be3a10f8":118,"78b97937":106,"381c68fa":107,"b7434f57":84,"e62d705f":81,"751bcf25":100,"66b7b5b4":95,"7cd0ad7b":116,"b5ce0c0c":111,"3bad3c95":87,"c1bdfd41":90,"7be025ce":101,"ea6de194":111,"638cb163":112,"4def63ee":75,"a59a8290":96,"f5e8dfee":116,"b102f7bd":106,"a567ace4":104,"13747b82":109,"1a0189c4":97,"449d8475":92,"97e75c19":117,"8ec3834d":113,"be4f8ba8":102,"8dd2684c":103,"b946e146":115,"d2a841c9":85,"ac38a6a5":111,"8cc4a982":99,"3454fa2b":90,"597c1f81":99,"91536e85":106,"d7cb9bcf":101,"7a840529":82,"0bfabf48":93,"7566fdd6":115,"87cd2add":87,"f044c0e1":81,"95f6db13":96,"1be05c14":91,"88a30343":97,"05642105":101,"4ff2225d":96,"b84a06eb":97,"288afc30":95,"761cf820":101,"5acaa06f":80,"6f0fcb9d":102,"40569362":107,"36fb15d2":103,"b377a62a":97,"e6fac295":91,"c6e3d352":114,"6ebe2354":83,"a5aee5de":121,"40e79dd3":98,"7b6a7048":101,"7d112f4d":105,"547903ef":118,"0149e11a":85,"da3437cd":93,"201cafad":94,"0da28f5b":103,"f598a332":96,"69d4b754":91,"2e3503e4":99,"501db4de":103,"655954ba":98,"c4feee5b":102,"de6213c7":98,"383e232d":94,"dd7acb96":102,"ea822700":82,"508aac3d":103,"2a06ab95":109,"72805bf5":84,"4bcd4a30":114,"2132fe93":104,"b3f19a69":88,"87c462ee":104,"cb4f262b":99,"fea793f5":105,"7f6d1d0e":109,"8bc04eb5":99,"6841f77e":110,"a851891c":84,"2198ba8e":95,"a0bc1ceb":104,"cbad3b92":118,"5270f158":100,"f5cd79c1":90,"f6fe095d":118,"4abb7aed":101,"6e44927f":85,"6023df54":98,"537634c9":88,"19e9776f":104,"cd3bbe7e":100,"30dbfc69":93,"1a2ec5d7":101,"94a2fe10":107,"4360a1a3":117,"b6591e25":97,"3bad3c95":88,"aab4d996":99,"7043382d":103,"49b358bd":108,"9e65c0ef":89,"014460b9":123,"5f96c2bc":96,"b87158fb":102,"b28a5e67":106,"1105f790":103,"8f10fa42":119,"2a4a402a":97,"cd522166":115,"c38c2b52":97,"288a2c43":93,"254cc28c":110,"d957f027":96,"51f80f4c":110,"527ff946":112,"e4714415":109,"5e09f69e":116,"c67979e6":119,"a1921150":106,"74e3d13e":101,"97e75c19":118,"eafbf9fb":96,"945b63f0":127,"842c8340":89,"6cba74ce":96,"01d817b8":85,"f3d68430":107,"f5596d0f":104,"9c045c61":105,"f67de058":107,"cf9f4757":89,"9c29f0ed":113,"33d6bb6a":89,"c803b4a3":98,"d5059415":102,"f7231212":99,"30b6808c":100,"9a3cc55d":85,"b935fc1c":94,"ea9bba6b":92,"c7ab83c1":96,"b552beb3":100,"de36827b":124,"013ee301":99,"26009d3f":97,"a8871ddf":88,"e8f173b5":100,"95f6db13":97,"1b153aef":106,"cfe72ead":84,"e0e6a097":97,"c7c4ec5c":90,"db0a661e":100,"34658473":89,"b8397293":94,"c015ec5a":100,"6bc5d32a":118,"44ff8baa":93,"cd421290":94,"0149e11a":86,"8ea21393":90,"7e8e1c3d":87,"25e0dd3d":107,"69d4b754":92,"e1618359":104,"1a68160d":108,"dcf85091":85,"f76a3e83":103,"884b0ad1":94,"70bc8325":92,"e382ec3f":81,"d83870f5":98,"8bc04eb5":100,"baebb391":112,"742f1425":96,"aefe13f5":106,"74e01f6a":94,"a636f4c9":115,"dfc89705":98,"a5aee5de":122,"cb4f262b":100,"7f6d1d0e":110,"0d770b97":100,"da04caac":102,"a15713c6":119,"d4d5f466":99,"104721f0":98,"cb51f134":110,"d634aa28":122,"20e470e0":94,"30d84dce":89,"655941a0":105,"66b7b5b4":96,"0841052c":99,"5ccf94d6":96,"62d1d346":88,"b7505747":109,"71e53c93":104,"6023df54":99,"f789f6d8":114,"fe44fc6f":102,"3a291497":87,"f67de058":108,"a0685bf3":118,"2352c8ef":94,"b87158fb":103,"13b53c7a":101,"5f4102da":101,"b102f7bd":107,"9ab755d3":96,"92efd84f":102,"2132fe93":105,"cbb54a0a":82,"ed4fad08":107,"0fc5ac7e":121,"9b3f8714":108,"31d74eee":95,"2f455cce":100,"4ed01268":95,"e4714415":110,"081460bf":101,"cb6c9e42":114,"f66616b7":99,"f94bf9ea":99,"088feee2":113,"68562193":87,"22176537":93,"99e171db":102,"ec2cb1af":100,"44a4f7cd":100,"09560615":86,"6cba74ce":97,"945b63f0":128,"08c6b5d2":103,"01d817b8":86,"8fb236a9":89,"cf9f4757":90,"385ab7c6":96,"c8113b77":91,"b73e789c":98,"10ec5a0b":100,"a06a6430":98,"fe1d4419":102,"5099c6a0":119,"95d3d348":100,"25635c37":88,"1951480c":91,"2c5c1dc0":101,"3f2522c2":105,"8cf83787":85,"0cb80f4a":95,"95bc84f1":93,"40569362":108,"8245f916":83,"159ffd0b":86,"45b038bb":116,"88fa53d6":90,"719c8869":120,"d6f0d94a":90,"259930ee":107,"04ea5673":107,"8f9b74b0":92,"bfad1727":87,"a0ce82b4":111,"e21c6207":91,"77898c22":81,"5fa12feb":103,"40e79dd3":99,"8e99d5d0":108,"1a2c020b":90,"e0e48a2d":95,"290b4714":96,"fea793f5":106,"1757a30e":96,"cd95f558":103,"f277386e":81,"b2703001":109,"06073f13":103,"49bf2e95":84,"05642105":102,"013ee301":100,"cbad3b92":119,"be1746a0":95,"74e01f6a":95,"12271e14":100,"a636f4c9":116,"e6fac295":92,"ae8a09c4":93,"16b476e9":96,"6b82b527":106,"8bc04eb5":101,"53431634":123
1604737542953,"1a68160d":109,"4e3f5178":106,"2e3503e4":100,"d34a29b9":113,"c8977844":101,"ddec9e54":94,"d0c104c4":71,"a4f1d83b":103,"bb98a6cf":119,"906632cb":97,"31408822":94,"b28a5e67":107,"74c26380":101,"61145ec9":109,"3a291497":88,"c91966ce":92,"a5676c24":96,"42cd2360":88,"eb2e1983":94,"f67de058":109,"7fdc2007":94,"be3a10f8":119,"8721056e":89,"1bc0591f":100,"50b558a7":83,"d1ca5d6b":108,"f4726450":102,"b947257e":113,"bca2d7cd":99,"6751d8e4":115,"cbb54a0a":83,"f069bb07":97,"6867261a":94,"4911acad":76,"b230e8d3":105,"60d6cee2":101,"b7cc7909":99,"72805bf5":85,"23760167":92,"5957df9e":93,"725dce8b":111,"a939b50b":102,"ccf8b803":95,"9c045c61":106,"93fdbb44":81,"36684155":102,"01d817b8":87,"ef8321d8":97,"6e98dfda":104,"ccdd1ce6":98,"4469c815":80,"2cb29e5a":117,"ec2cb1af":101,"869cbaa0":112,"4f59a322":104,"50c468ba":96,"c95719e5":94,"1951480c":92,"c0b7e7d7":84,"578f6e9e":110,"695a2b92":92,"95d3d348":101,"5781776a":98,"2cce4fb2":107,"6d802fa2":94,"e7e82473":120,"b2703001":110,"868edcc0":109,"e0f7679f":90,"3c782bb3":99,"92d38723":109,"8f2a7d69":95,"f1df62b4":98,"8fb236a9":90,"53b4e647":113,"10ec5a0b":101,"14c682eb":90,"f8b31ce5":122,"5ab7bc35":109,"c4e70c07":96,"88fa53d6":91,"df2b4d87":95,"e5d3655c":109,"efd23af5":95,"ecfa8249":110,"fb8bfb36":118,"f9f2c53f":90,"daab45c6":97,"e21c6207":92,"9d0546ac":98,"6c20c153":96,"379184a7":109,"7a2f3f06":96,"40569362":109,"792c9b6a":87,"cfe72ead":85,"8eb64769":90,"e8d74304":87,"03c398d2":106,"bc392d1c":86,"35b58ef9":93,"ad8f85d6":113,"04612878":110,"124fbe96":93,"290b4714":97,"8bc04eb5":102,"9cb4697f":108,"5be594be":96,"a3253019":99,"7f86be64":107,"e0154608":92,"69134f07":99,"f76a3e83":104,"1e232870":108,"0c043224":114,"0841052c":100,"93683c82":90,"e62d705f":82,"26ed1a5c":98,"d634aa28":123,"be40590d":100,"91b28f83":106,"e356abf1":106,"91f7ef72":100,"0a1d11e6":86,"b28a5e67":108,"5f96c2bc":97,"3101354b":92,"71e53c93":105,"dd035d2a":98,"eb2e1983":95,"1105f790":104,"508aac3d":104,"730338c4":108,"39ba00f0":105,"88b3bc99":87,"2d13e69b":99,"be149c6f":94,"2c627253":96,"725dce8b":112,"2f455cce":101,"5eaa1581":92,"c64de0c0":86,"c852d240":105,"17446892":93,"227006e4":93,"9d63c4dd":97,"f66616b7":100,"0670c466":94,"aff8e442":104,"cf775f58":98,"4d35385e":100,"9de29816":80,"ce3407dd":94,"cb6c9e42":115,"9c045c61":107,"d6320619":97,"bb99c79c":104,"d1715f3b":105,"315537b2":98,"8f10fa42":120,"be3a10f8":120,"2352c8ef":95,"e35a63cd":101,"25a2844e":107,"597c1f81":100,"f2470875":114,"5b60dd1d":101,"3f2522c2":106,"095ab3b4":91,"e45b4b53":86,"578f6e9e":111,"437fc3ec":97,"05642105":103,"a6bcb07e":105,"5678ed7b":123,"0b5a0408":97,"1db42092":115,"820225e4":86,"2cce4fb2":108,"10ec5a0b":102,"ef91eaae":86,"6a5b71b4":98,"a06a6430":99,"c803b4a3":99,"a81a857c":98,"b320feb9":104,"aa021138":108,"7e76c93c":106,"868cda42":95,"75ffea08":104,"ce3bf5db":85,"8f9b74b0":93,"d25e0f8d":114,"c45d554f":99,"4295ce9a":110,"ac030e74":91,"8493f3b2":101,"e0e6a097":98,"608bc832":94,"92d38723":110,"cd95f558":104,"b35e9e1a":136,"cfe72ead":86,"064a99c8":94,"01cd8099":104,"468fc85c":96,"59c1e594":104,"b7df1559":103,"946df4fd":103,"74e01f6a":96,"5acce642":99,"4b125e7b":107,"8ea21393":91,"6490bac6":89,"bc09fa9e":89,"685207b3":102,"dcf85091":86,"cb51f134":111,"69d4b754":93,"b2c25d1c":95,"c85a0d80":104,"c21ab51e":81,"cc11fef9":108,"059d6c19":109,"655941a0":106,"4360a1a3":118,"0af920d8":83,"0c0e98ea":96,"26ed1a5c":99,"7fef9973":104,"a6b5e869":94,"b3f19a69":89,"5eab91a0":107,"e356abf1":107,"aa867541":84,"0a1d11e6":87,"7896b953":111,"731fc335":79,"284544ba":97,"911e770b":104,"778c95e9":97,"aa5dfdf5":99,"f271ed5d":108,"6e851762":88,"aaa274a5":103,"6df0b2e8":122,"288a2c43":94,"ed4fad08":108,"12534561":92,"5eaa1581":93,"2132fe93":106,"d5557fb4":109,"c4bff41f":105,"b88033fd":104,"254cc28c":111,"cf775f58":99,"9d63c4dd":98,"a1921150":107,"1b881e6e":108,"ec2cb1af":102,"15620dca":110,"d1715f3b":106,"49902219":115,"01d817b8":88,"9e206c95":110,"2dd0e808":93,"b2cfdbcf":99,"7c0a2db6":100,"8063df14":87,"bd62d7ed":88,"ec11fe5f":84,"19551bad":94,"7bda83dd":95,"11b2c8d9":86,"062179c1":102,"93ac9ca3":96,"a40846b7":110,"3e082b37":92,"c318d350":111,"82868763":98,"a58bf525":100,"5b60dd1d":102,"8cf83787":86,"fb44fa9c":114,"1f88a4b7":111,"0785820e":105,"4777334c":89,"24ffcbd3":113,"49b358bd":109,"aa021138":109,"14c682eb":91,"f8b31ce5":123,"cc6bbe45":94,"91536e85":107,"af7e5be8":108,"30b6808c":101,"619fda68":116,"d2466211":116,"753ca352":89,"f2ca27d9":96,"07fc4a9a":102,"17b08923":101,"1138796e":102,"0b5a0408":98,"ea274174":104,"3a1b9af5":103,"7a2f3f06":97,"554ebb83":98,"f1862e79":84,"fe0df575":111,"8d000d6e":93,"f1098793":106,"c609739e":101,"26c6fa34":97,"a0bc1ceb":105,"eed20185":112,"64a7f79f":96,"792cfcbd":93,"e21c6207":93,"e2cbe594":93,"fb8bfb36":119,"5c82d1ce":103,"0149e11a":87,"2209903e":111,"8f9b74b0":94,"f76a3e83":105,"be2955bb":106,"972f4174":111,"c382f054":112,"77300e4a":91,"1a68160d":110,"8e99d5d0":109,"74f234c6":112,"4279e829":109,"f1b493de":114,"db703021":94,"bb98a6cf":120,"20e470e0":95,"30d84dce":90,"d4d5f466":100,"87c462ee":105,"d1d40c9c":111,"fea793f5":107,"1a442bc7":103,"cb4f262b":101,"0d770b97":101,"8a165e17":109,"2a06ab95":110,"4bcd4a30":115,"b7832271":112,"aaa274a5":104,"af0b61ab":95,"9fa62fee":93,"7db3edda":100,"a2c334e7":117,"d6d61bfc":111,"64db4feb":116,"2ab62345":86,"031e488e":102,"cb6c9e42":116,"9d63c4dd":99,"c852d240":106,"c64de0c0":87,"39a2fcce":83,"5d087c79":98,"254cc28c":112,"8ec3834d":114,"c67979e6":120,"f2ca27d9":97,"a851891c":85,"71e53c93":106,"cf1b8c47":106,"d9a64845":95,"aa76bc50":89,"2dd0e808":94,"8063df14":88,"478d2d4f":107,"6c524f99":105,"78b97937":107,"a77e127d":80,"c564e316":103,"77d35808":97,"ea9bba6b":93,"26f99a1e":98,"e238f09b":103,"39bbc4bc":115,"c463799d":109,"fef750ca":103,"cd522166":116,"868cda42":96,"259930ee":108,"014460b9":124,"dac109cf":97,"4577b333":100,"c015ec5a":101,"3bad3c95":89,"0d28db94":92,"629800eb":108,"9fce073c":100,"93b9fae6":89,"e28c2efc":89,"00a17b46":103,"be4f8ba8":103,"22ecaed0":90,"12012fbd":98,"a63bddd4":126,"d2a841c9":86,"88432019":95,"91536e85":108,"e81834aa":111,"868edcc0":110,"69f3bfcc":100,"2d1e1e9d":93,"e8f173b5":101,"489a39f7":88,"06ddafc7":83,"40569362":110,"45b038bb":117,"379184a7":110,"6f0fcb9d":103,"b7407bd3":88,"7a6aa4b6":101,"36fb15d2":104,"804d4dfa":99,"27c8e038":115,"c27969ec":100,"17807120":103,"56752a4a":90,"12a2cd4b":103,"13f0e139":93,"72b84094":125,"c455f40e":92,"ecfa8249":111,"2ad42a9e":102,"6b9eff39":94,"3ef7432b":103,"913a6226":98,"685207b3":103,"c7313e0a":109,"8e99d5d0":110,"f33c0140":96,"c5b35e4d":91,"d548635d":99,"90a06ee9":98,"61f25dd4":118,"5cd3cfe0":87,"1e7753d9":119,"dae0f922":108,"059d6c19":110,"91b28f83":107,"51a3e9c2":111,"d39724bc":97,"4258c176":96,"b3f19a69":90,"abad2347":100,"730a4938":105,"84b767be":122,"aec074c4":108,"0bd93cfd":84,"92efd84f":103,"dd7acb96":103,"9ab755d3":97,"cbb54a0a":84,"64db4feb":117,"c9efc8f6":101,"dc473de1":97,"17446892":94,"031e488e":103,"162a7348":102,"97e75c19":119,"71a2a493":74,"0f1ac912":86,"bda8cdfb":105,"f3a0c2ee":96,"a15713c6":120,"616d6dd6":98,"731fc335":80,"52eca0dc":100,"a851891c":86,"a472532e":93,"3712c4bd":92,"6b79fec2":95,"b935fc1c":95,"a58bf525":101,"578f6e9e":112,"fb7b7b3c":111,"d1676e89":100,"b8488fc8":104,"2bcca6a7":117,"c3e6ef01":108,"467773ac":92,"57167c74":102,"b320feb9":105,"868cda42":97,"a81a857c":99,"44c77422":106,"4fd645f1":87,"25776fc4":105,"831c7b85":98,"fead11cf":88,"fef750ca":104,"c6dc900c":80,"d83294cd":94,"50b558a7":84,"ccf8b803":96,"9ceb5439":89,"794f652b":106,"945b63f0":129,"9c045c61":108,"36b7003c":128,"4469c815":81,"25a7a0a3":101,"af157d29":99,"3454fa2b":91,"f5596d0f":105,"385ab7c6":97,"50c468ba":97,"f7231212":100,"9fce073c":101,"7fb4c521":98,"9aa6a054":99,"e36dfd6f":91,"95f6db13":98,"bab97de3":114,"4945c851":105,"e81834aa":112,"6d802fa2":95,"d36125db":107,"d102b0c6":90,"3d1af513":106,"cfe72ead":87,"761cf820":102,"0cb80f4a":96,"02d4753e":118,"08a4c3f8":100,"c609739e":102,"bad6cdb1":97,"17807120":104,"df81ddee":91,"debe1f65":107,"25e0dd3d":108,"bfad1727":88,"7b6a7048":102,"a851554d":110,"9a80f004":90,"145c7559":111,"06ee61b6":93,"3498f223":89,"4b4ecbce":83,"cb51f134":112,"90a06ee9":99,"efe84c27":100,"026766f3":99,"93683c82":91,"d70ca4f4":115,"e0e48a2d":96,"eb7b4e29":90,"2f455cce":102,"c0e2624b":91,"272c7672":109,"730338c4":109,"084cbc0b":99,"d552eb2f":109,"540df50f":107,"9b3f8714":109,"dc473de1":98,"ea4d3f3e":110,"d4d5f466":101,"11b74e63":98,"7735c3c2":93,"9d4f1fe6":94,"3b2dee89":96,"2dd0e808":95,"d9d0c567":99,"eed20185":113,"a5aee5de":123,"d82592f4":99,"be1746a0":96,"004f1ef3":126,"71ff66e8":95,"5270f158":101,"eda6a690":83,"9a3cc55d":86,"971675c5":105,"b28a5e67":109,"61145ec9":110,"db8ba455":105,"d8e58a8c":112,"8db5a165":84,"f4634d0b":91,"655941a0":107,"3b690f68":117,"f1b493de":115,"e1571af7":100,"868cda42":98,"fef750ca":105,"2a76f1dd":89,"1745a0f4":100,"d78dd457":91,"78467b8a":115,"a66a2d8a":117,"eb2e1983":96,"bb8a6337":90,"91d52a55":96,"a2c334e7":118,"527ff946":113,"7af9d3b1":104,"725dce8b":113,"a939b50b":103,"d5557fb4":110,"12dd6f5e":94,"5f7d7195":94,"9de29816":81,"a1921150":108,"7d6895f4":107,"93fdbb44":82,"ac38a6a5":112,"ec2cb1af":103,"affb82bf":106,"f2f58418":91,"7566fdd6":116,"8ac72326":84,"00a17b46":104,"d4ee22a4":101,"b73e789c":99,"0785820e":106,"a85d89cc":97,"b769bdfb":105,"0d2c95fe":98,"f044c0e1":82,"32c9fc47":97,"95bc84f1":94,"cf84fb54":103,"7732eb1e":117,"06ddafc7":84,"cd95f558":105,"00554ffd":118,"fe0df575":112,"332820ce":105,"ef16ca37":100,"9263c525":102,"8245f916":84,"dfc89705":99,"a577db1c":90,"9bdf362a":89,"9e65c0ef":90,"5ab7bc35":110,"a33fe0dd":108,"7b6a7048":103,"efd23af5":96,"3b7763b1":86,"26dd2000":111,"da3437cd":94,"44ff8baa":94,"5c82d1ce":104,"0da28f5b":104,"4b4ecbce":84,"a4296d1e":106,"f598a332":97,"36380d96":108,"5be594be":97,"9147702f":89,"af0b61ab":96,"aaa274a5":105,"677c6a09":117,"d39724bc":98,"3b2dee89":97,"ba586505":100,"04bef50c":77,"5acce642":100,"1bb4ccc0":105,"db8ba455":106,"cf52025e":93,"4febf7c5":107,"be1746a0":97,"eed20185":114,"946df4fd":104,"27c8e038":116,"263762cb":88,"b1f58563":96,"fb7b7b3c":112,"28654c76":111,"6e44927f":86,"810aa5e9":106,"b2cfdbcf":100,"49cb2959":111,"754f98c9":103,"1a2ec5d7":102,"b6591e25":98,"74f234c6":113,"180377be":97,"a8726d50":89,"d0c104c4":72,"31408822":95,"d8e58a8c":113,"c1bb74f2":91,"8721056e":90,"fee32863":98,"9b546d65":94,"ec11fe5f":85,"78467b8a":116,"30c184b8":104,"d744bee2":96,"b947257e":114,"884b0ad1":95,"725dce8b":114,"9fa62fee":94,"13747b82":110,"6df0b2e8":123,"76f3a3be":97,"25d1b2d8":104,"c64de0c0":88,"f94bf9ea":100,"47d27624":92,"5ac86fb9":106,"a939b50b":104,"f4b2f575":80,"97e75c19":120,"6adce358":114,"789bd484":98,"36d340f2":87,"57540cc3":112,"d6320619":98,"22ecaed0":91,"6143f39d":93,"fd6dcb20":97,"6de0aaac":93,"cf9f4757":91,"056ea7ff":108,"7566fdd6":117,"7a840529":83,"e4cfef0a":85,"77bfed7e":101,"4d9b0b10":104,"95d3d348":102,"b769bdfb":106,"5781776a":99,"5b60dd1d":103,"b2703001":111,"8b2b601d":99,"159ffd0b":87,"45fb95c1":101,"a6bcb07e":106,"95bc84f1":95,"54a676d6":89,"31f6d707":113,"b4fdf90e":104,"3652bd66":104,"379184a7":111,"8493f3b2":102,"ef16ca37":101,"5f8517b7":122,"ce3bf5db":86,"c7636527":87,"b320feb9":106,"d6f0d94a":91,"14c682eb":92,"df2b4d87":96,"b7505747":110,"72b84094":126,"c455f40e":93,"c45d554f":100,"ecfa8249":112,"2ad42a9e":103,"bc09fa9e":90,"4eed1bea":101,"36380d96":109,"e7abc88d":90,"7ee7621c":105,"d4d5f466":102,"d1d40c9c":112,"5b5fc566":99,"ea4d3f3e":111,"6b82b527":107,"b3f19a69":91,"b2cfdbcf":101,"2c24d929":108,"b6aaf976":112,"87922532":107,"23080895":87,"64a7f79f":97,"b460f030":116,"99d130c9":114,"da04caac":103,"8e99d5d0":111,"34c5c729":98,"9b742f71":92,"704bce0d":102,"a4296d1e":107,"a8726d50":90,"751bcf25":101,"655941a0":108,"30fdcd3b":96,"0c0e98ea":97,"026766f3":100,"8db62558":99,"52eca0dc":101,"84b767be":123,"f069bb07":98,"5747db6e":113,"2f455cce":103,"911e770b":105,"508aac3d":105,"8657c79d":114,"dcfaba4c":103,"b7cc7909":100,"42c80e69":112,"bda8cdfb":106,"e4714415":111,"39a2fcce":84,"af034fee":92,"f66616b7":101,"71279c46":96,"d5557fb4":111,"6867261a":95,"1634789b":100,"f2364460":109,"d1fe2868":102,"08c6b5d2":104,"d3e84616":112,"53a8613c":119,"af157d29":100,"9e206c95":111,"4469c815":82,"3454fa2b":92,"9a07d89b":107,"c1bb74f2":92,"3a291497":89,"a851891c":87,"45b5746e":101,"9d023afb":114,"92ca52b7":103,"5ef93e5d":79,"e4cfef0a":86,"d78dd457":92,"0d28db94":93,"25a2844e":108,"9fce073c":102,"a66a2d8a":118,"7218c9f1":90,"869cbaa0":113,"a85d89cc":98,"f1dffa24":86,"3c43e8a2":110,"317c1591":110,"014bdff0":110,"c0b7e7d7":85,"8274885a":108,"c7ab83c1":97,"7732eb1e":118,"e7e82473":121,"411b5027":102,"0d2c95fe":99,"17b08923":102,"489a39f7":89,"e81834aa":113,"792c9b6a":88,"336d0f08":114,"00554ffd":119,"5a0ead91":93,"8ac72326":85,"b320feb9":107,"638cb163":113,"49b358bd":110,"fce3c5c6":89,"57167c74":103,"4c39240e":106,"c7636527":88,"c8dc010f":115,"44ff8baa":95,"7d112f4d":106,"9d0546ac":99,"0a96f57a":106,"3ef7432b":104,"9147702f":90,"8bc04eb5":103,"abad2347":101,"0d770b97":102,"6585adbe":82,"cfe72ead":88,"288afc30":96,"59c1e594":105,"b6aaf976":113,"73b15e04":97,"87ce8d1d":80,"cbad3b92":120,"2d382981":104,"99d130c9":115,"bd2705b0":121,"7ee7621c":106,"e6ec8cbf":112,"e356abf1":108,"25e0dd3d":109,"6fb4cdda":113,"655954ba":99,"f3992a31":97,"a4296d1e":108,"ab7d4c9a":95,"3498f223":90,"e0154608":93,"7cd0ad7b":117,"ddec9e54":95,"30dbfc69":94,"74f234c6":114,"8942c35b":99,"9d4da635":83,"5ccf94d6":97,"a472532e":94,"cf1b8c47":107,"012de09c":93,"61145ec9":111,"8db5a165":85,"42cd2360":89,"e865e4dd":90,"a0685bf3":119,"fead11cf":89,"eb2e1983":97,"a8c93bed":102,"4c0e547b":99,"c6dc900c":81,"6c486702":103,"b947257e":115,"60d6cee2":102,"bca2d7cd":100,"bc3dc66a":105,"6e851762":89,"789bd484":99,"aa5dfdf5":100,"93fdbb44":83,"e9a8cf11":101,"de6213c7":99,"48efc739":121,"b230e8d3":106,"730338c4":110,"71a2a493":75,"c67979e6":121,"24a9fb86":116,"04643409":110,"cf775f58":100,"4911acad":77,"b8ab8e6e":100,"12dd6f5e":95,"865d9857":79,"09560615":87,"22176537":94,"b946e146":116,"eeaa2d46":113,"416a9e97":91,"053f3451":98,"76f94eda":97,"b1f58563":97,"d1676e89":101,"312f7676":103,"f1dffa24":87,"26f99a1e":99,"71ff66e8":96,"ea9bba6b":94,"07fc4a9a":103,"0b5a0408":99,"bbe71605":94,"f277386e":82,"0d2c95fe":100,"8d753bb6":85,"b552beb3":101,"7566fdd6":118,"9496f56f":111,"91536e85":109,"65a00a3c":97,"1623fc9f":102,"df2b4d87":97,"37a7d5b0":106,"7be025ce":102,"92f800f5":101,"fbdffc95":90,"a0cca8b7":85,"9d0546ac":100,"f7231212":101,"9c29f0ed":114,"7a6aa4b6":102,"34658473":90,"36fb15d2":105,"08a4c3f8":101,"d0e9a58e":88,"45b038bb":118,"4ac6bd4e":90,"e6fac295":93,"b6aaf976":114,"01cd8099":105,"c6e3d352":115,"baebb391":113,"a43061ee":89,"87ce8d1d":81,"4b125e7b":108,"9d4f1fe6":95,"bec9d329":109,"ee21ad02":108,"da3437cd":95,"93e8cee5":115,"07107f6e":99
1604737544305,"2b3c49b9":102,"ecfa8249":113,"c0fea118":96,"6fb4cdda":114,"704bce0d":103,"06ee61b6":94,"0a92153e":102,"5be594be":98,"e0154608":94,"20e470e0":96,"ca6d2d91":100,"30d84dce":91,"a4f1d83b":104,"902f49f5":103,"180377be":98,"1e191c98":79,"26c390d6":93,"b947257e":116,"d552eb2f":110,"fce3c5c6":90,"aab4d996":100,"9e65c0ef":91,"ea6de194":112,"7be025ce":103,"d9f512b9":109,"b320feb9":108,"7735c3c2":94,"5eab91a0":108,"bd2705b0":122,"74c26380":102,"0a1d11e6":88,"8db5a165":86,"3c0df8b4":106,"08a561b7":99,"00a481e3":115,"3a291497":90,"9ab755d3":98,"884b0ad1":96,"288a2c43":95,"aa5dfdf5":101,"181c3dd5":101,"f271ed5d":109,"17446892":95,"03b4ab60":103,"e15fd611":84,"9b3f8714":110,"2ab62345":87,"cb6c9e42":117,"5f6613c8":88,"39a2fcce":85,"bad1a1cc":92,"50d129cf":95,"0670c466":95,"44a4f7cd":101,"2dda3936":96,"15620dca":111,"6d339d45":89,"af157d29":101,"9c045c61":109,"51f57142":105,"ec2cb1af":104,"2c5c1dc0":102,"82868763":99,"016953e4":109,"5b60dd1d":104,"a77e127d":81,"312f7676":104,"3a204e56":110,"b2703001":112,"28d41578":98,"69f3bfcc":101,"3ef7432b":105,"c8dc010f":116,"7d112f4d":107,"f734c84c":124,"f9f2c53f":91,"2209903e":112,"70594a28":95,"754f98c9":104,"efe84c27":101,"104721f0":99,"f3992a31":98,"e7abc88d":91,"1247fa52":105,"288d171f":98,"dbd2f139":104,"b7434f57":85,"e62d705f":83,"db703021":95,"751bcf25":102,"430a5db5":110,"0e2b5d2f":103,"478d2d4f":108,"9a3ab0b8":87,"cd522166":117,"dc0c8b09":118,"2a76f1dd":90,"6c524f99":106,"af7e5be8":109,"4f59a322":105,"7fb4c521":99,"ac030e74":92,"7a840529":84,"9aa6a054":100,"9c29f0ed":115,"93683c82":92,"a8871ddf":89,"7732eb1e":119,"1f88a4b7":112,"3310a049":97,"fe0df575":113,"3a1b9af5":104,"332820ce":106,"06073f13":104,"cd95f558":106,"5acaa06f":81,"4f5e3e7d":90,"73b15e04":98,"2c24d929":109,"bad6cdb1":98,"f1098793":107,"481754fc":86,"2d382981":105,"4cc141fa":81,"c7636527":89,"caddd0a7":109,"d9f512b9":110,"7e76c93c":107,"805af3c7":106,"b0869206":105,"93b0a158":101,"5acce642":101,"37d0cae2":97,"a502c93c":85,"290b4714":98,"6c20c153":97,"6e44927f":87,"d5dae4c4":128,"a0cf08b3":87,"69eeae0d":91,"a851891c":88,"8db5a165":87,"61145ec9":112,"2045d7d6":90,"c0b0f492":117,"8657c79d":115,"884b0ad1":97,"6e851762":90,"d0d6acb1":98,"aa5dfdf5":102,"181c3dd5":102,"0bd93cfd":85,"c793cdda":104,"47cfba38":92,"081460bf":102,"4125085e":108,"64db4feb":118,"47d27624":93,"42c80e69":113,"aff8e442":105,"227006e4":94,"48efc739":122,"90d52475":101,"5339e1e9":101,"ce3407dd":95,"b88033fd":105,"12dd6f5e":96,"6143f39d":94,"51f57142":106,"22176537":95,"945b63f0":130,"f2ca27d9":98,"546f6845":111,"c318d350":112,"8dc9b4db":110,"3c43e8a2":111,"09f0db62":127,"93ac9ca3":97,"fe1d4419":103,"e7773397":90,"11888cfa":95,"cd421290":95,"21ad2f34":95,"2ad42a9e":104,"ded7da5a":105,"51c57542":104,"27d8bf51":104,"53747a91":106,"c7313e0a":110,"b3863630":92,"fe578280":97,"e0154608":95,"f76a3e83":106,"e7abc88d":92,"1247fa52":106,"ddec9e54":96,"d0c104c4":73,"20e470e0":97,"8063df14":89,"2a4a402a":98,"9a07d89b":108,"a59a8290":97,"733c86f8":98,"55928ef1":104,"f2e3c0e3":90,"053f3451":99,"d83294cd":95,"4d9b0b10":105,"619fda68":117,"e28c2efc":90,"385ab7c6":98,"faf4f98b":107,"1a2ec5d7":103,"31408822":96,"d033db8d":109,"7a9344a4":118,"17b08923":103,"f5829ac0":105,"cf84fb54":104,"159ffd0b":88,"6db0ea86":104,"1138796e":103,"761cf820":103,"9260d96b":115,"06073f13":105,"1ff8c2fc":108,"b4fdf90e":105,"332820ce":107,"9263c525":103,"eed20185":115,"b2bd8fd3":99,"742f1425":97,"aefe13f5":107,"9c58dd76":110,"3e602573":91,"cbad3b92":121,"67d30f2b":96,"11b74e63":99,"d815c5b4":119,"4258c176":97,"677c6a09":118,"6b82b527":108,"bf30a08f":117,"3c0df8b4":107,"0a1d11e6":89,"a5676c24":97,"7be025ce":104,"5f620a1e":113,"d6f0d94a":92,"2af60749":103,"3bad3c95":90,"25776fc4":106,"aec074c4":109,"f4726450":103,"ef1c2dcb":96,"4bcd4a30":116,"aa5dfdf5":103,"730338c4":111,"e9a8cf11":102,"84b767be":124,"5eaa1581":94,"c4bff41f":106,"47cfba38":93,"a1370ab0":103,"8a52882e":99,"6867261a":96,"77bae750":90,"6632fed0":106,"9d63c4dd":100,"794f652b":107,"0f1ac912":87,"6adce358":115,"d957f027":97,"b946e146":117,"175bc6b2":84,"53a8613c":120,"6de0aaac":94,"18815a1b":91,"bc021def":111,"3661e12d":94,"0b959527":96,"9a3cc55d":87,"8274885a":109,"836701f6":93,"095ab3b4":92,"26f99a1e":100,"22aeaf03":96,"ea9bba6b":95,"72b84094":127,"8ea21393":92,"26dd2000":112,"201cafad":95,"7e8e1c3d":88,"c650b434":110,"6b9eff39":95,"c85a0d80":105,"bd984a8e":100,"696fdac5":100,"79f04300":96,"36380d96":110,"7f86be64":108,"0a92153e":103,"00a481e3":116,"dc03ebd2":118,"6e44927f":88,"2c6cb96f":86,"82204d54":95,"1bc0591f":101,"19551bad":95,"afe8e06a":97,"13b53c7a":102,"fe8f3d36":92,"25a2844e":109,"1dad0f99":102,"30b6808c":102,"9fce073c":103,"056ea7ff":109,"93b9fae6":90,"d5059415":103,"50c468ba":98,"1e191c98":80,"4279e829":110,"74f234c6":115,"b6591e25":99,"430a5db5":111,"8942c35b":100,"7a9344a4":119,"ce4da56f":109,"8aa78e2f":98,"fb44fa9c":115,"f277386e":83,"17b08923":104,"59431390":104,"868edcc0":111,"92d38723":111,"08a4c3f8":102,"4ac6bd4e":91,"358e45b1":101,"de11eb19":116,"d0e9a58e":89,"49bf2e95":85,"27c8e038":117,"cbad3b92":122,"9c58dd76":111,"baebb391":114,"b7df1559":104,"cf52025e":94,"03dcfa3d":102,"c0b23081":110,"4652b09a":122,"9cb4697f":109,"93b0a158":102,"e4117b3b":80,"d39724bc":99,"d83870f5":99,"259930ee":109,"4def63ee":76,"084cbc0b":100,"9fa62fee":95,"aaa274a5":106,"2c01e624":92,"e58b26f6":105,"fd369c21":108,"6a3eaf43":98,"be149c6f":95,"03b4ab60":104,"1ed46298":115,"4125085e":109,"4911acad":78,"9d63c4dd":101,"aff8e442":106,"288a2c43":96,"71279c46":97,"e99318a3":96,"cf775f58":101,"794f652b":108,"2a387957":102,"842c8340":90,"9de29816":82,"8cc4a982":100,"21ee2afe":108,"263762cb":89,"5623817d":98,"7ee148e9":95,"f1dffa24":88,"60e855ee":113,"8e4c33d2":110,"09ff339a":81,"a33fe0dd":109,"49b358bd":111,"c4e70c07":97,"30c5d755":113,"75ffea08":105,"72b84094":128,"93e8cee5":116,"0149e11a":88,"c8dc010f":117,"2209903e":113,"ab7467de":113,"805534ac":99,"e1618359":105,"e0154608":96,"c7313e0a":111,"ebdbf580":103,"172217e5":105,"b9a48a5c":91,"25a7a0a3":102,"affb82bf":107,"7c0a2db6":101,"dc03ebd2":119,"ae016053":105,"7896b953":112,"4abb7aed":102,"2dd0e808":96,"6c486702":104,"8db5a165":88,"1105f790":105,"9d023afb":115,"eebc8d43":103,"5f4102da":102,"8721056e":91,"92ca52b7":104,"0d28db94":94,"7fb4c521":100,"053f3451":100,"7a4c064c":110,"ae95f2ba":116,"0d7d88f1":97,"2b698053":98,"77300e4a":92,"6fb4cdda":115,"69d4b754":94,"4360a1a3":119,"4279e829":111,"902f49f5":104,"40a745c0":108,"a4dafea5":97,"b84a06eb":98,"6a60348e":95,"49910300":96,"ce4da56f":110,"6291e9e9":102,"cf50e84e":102,"b8397293":95,"0cb80f4a":97,"6585adbe":83,"1ff8c2fc":109,"de11eb19":117,"7a6aa4b6":103,"36fb15d2":106,"804d4dfa":100,"8eb64769":91,"cd3bbe7e":101,"1e191c98":81,"ddec9e54":97,"bd2705b0":123,"88ce179e":116,"4258c176":98,"79be29c8":95,"5acce642":102,"ef1c2dcb":97,"70bc8325":93,"383e232d":95,"911e770b":106,"74e3d13e":102,"e58b26f6":106,"47cfba38":94,"bb8a6337":91,"4bcd4a30":117,"6751d8e4":116,"af034fee":93,"93fdbb44":84,"031e488e":104,"77f31bab":109,"4ed01268":96,"6867261a":97,"181c3dd5":103,"66d94227":96,"ccf8b803":97,"650bb0e0":103,"97e75c19":121,"638cb163":114,"b5ce0c0c":112,"aa00769b":114,"ad8f85d6":114,"0eaf08da":106,"c609739e":103,"ae8a09c4":94,"578f6e9e":113,"eda6a690":84,"60e855ee":114,"fb7b7b3c":113,"014bdff0":111,"ba30e43a":115,"e5d3655c":110,"259930ee":110,"92f800f5":102,"9bdf362a":90,"51c57542":105,"44ff8baa":96,"a851554d":111,"07107f6e":100,"d25e0f8d":115,"daab45c6":98,"6cba74ce":98,"d3e84616":113,"865d9857":80,"3f65f121":106,"be4f8ba8":104,"bc021def":112,"15620dca":112,"f598a332":98,"df81ddee":92,"677c6a09":119,"3b2dee89":98,"781ace7d":103,"8db5a165":89,"71ba7561":97,"a851891c":89,"345c9967":93,"dc03ebd2":120,"00a481e3":117,"7fdc2007":95,"0f89862c":93,"1bc0591f":102,"78467b8a":117,"7bda83dd":96,"2352c8ef":96,"9a3ab0b8":88,"753ca352":90,"9b742f71":93,"6b78ad7f":109,"c85a0d80":106,"8e99d5d0":112,"e1618359":106,"82868763":100,"09f0db62":128,"411b5027":103,"54a676d6":90,"2cce4fb2":109,"b36a0d66":85,"6c73ae98":86,"4945c851":106,"045f280d":103,"1b153aef":107,"a533489b":109,"06073f13":106,"b4fdf90e":106,"08a4c3f8":103,"d0e9a58e":90,"49bf2e95":86,"754f98c9":105,"655941a0":109,"4279e829":112,"9316e7e8":85,"0d5ee801":87,"d0c104c4":74,"58d46189":112,"180377be":99,"056ea7ff":110,"7fb4c521":101,"9fce073c":104,"0d7d88f1":98,"4930f321":97,"4d9b0b10":106,"7db3edda":101,"0fc5ac7e":122,"84b67924":106,"a1370ab0":104,"bc3dc66a":106,"383e232d":96,"42c80e69":114,"d552eb2f":111,"8657c79d":116,"57d5dee8":110,"4125085e":110,"b5763ff6":80,"5957df9e":94,"24a9fb86":117,"ccf8b803":98,"bb8a6337":92,"ce3407dd":96,"5339e1e9":102,"01cd8099":106,"03c398d2":107,"742f1425":98,"0eaf08da":107,"ae8a09c4":95,"48655f09":121,"be1746a0":98,"6d61bf13":97,"6b79fec2":96,"14c682eb":93,"0f029727":89,"ba30e43a":116,"4777334c":90,"e3547548":89,"a577db1c":91,"2045d7d6":91,"a851554d":112,"e21c6207":94,"70594a28":96,"87c462ee":106,"54d7de6b":113,"5acce642":103,"6841f77e":111,"ee21ad02":109,"6b82b527":109,"d83870f5":100,"a901627e":94,"a5fd8ffd":103,"d9d0c567":100,"810aa5e9":107,"195eb771":97,"56473430":109,"fafb4cc2":129,"11b2c8d9":87,"fe8f3d36":93,"8f10fa42":121,"2352c8ef":97,"eb2e1983":98,"ba5c52af":103,"8ea21393":93,"9d9dd9e5":90,"93fdbb44":85,"e15fd611":85,"140ce69e":100,"e9adbe58":94,"6d5fcd4c":105,"3454fa2b":93,"22ecaed0":92,"22176537":96,"f5596d0f":106,"93e8cee5":117,"805534ac":100,"bc09fa9e":91,"f76a3e83":107,"1a2c020b":91,"5099c6a0":120,"a40846b7":111,"19f9ca86":101,"39bbc4bc":116,"a58bf525":102,"88a30343":98,"26009d3f":98,"07fc4a9a":104,"d6db2b02":113,"2cce4fb2":110,"489a39f7":90,"cf50e84e":103,"cd95f558":107,"b2a8761b":83,"288afc30":97,"02d4753e":119,"c5b35e4d":92,"8e99d5d0":113,"e9679ede":89,"3498f223":91,"0da28f5b":105,"e62d705f":84,"f1b493de":116,"26ed1a5c":100,"655941a0":110,"5ccf94d6":98,"d0c104c4":75,"31408822":97,"b8488fc8":105,"ac030e74":93,"53b4e647":114,"c38c2b52":98,"67c57de4":119,"d83294cd":96,"ef91eaae":87,"a06a6430":100,"92efd84f":104,"2c01e624":93,"af0b61ab":97,"7af9d3b1":105,"911e770b":107,"e58b26f6":107,"2132fe93":107,"2a06ab95":111,"12534561":93,"af034fee":94,"383e232d":97,"6df0b2e8":124,"f1862e79":85,"b4fdf90e":107,"792c9b6a":89,"03c398d2":108,"ae8a09c4":96,"eed20185":116,"481754fc":87,"64a7f79f":98,"e8d74304":88,"3e602573":92,"4def63ee":77,"014460b9":125,"e786063b":102,"4c39240e":107,"49b358bd":112,"df2b4d87":98,"b7505747":111,"7f6d1d0e":111,"4652b09a":123,"d39724bc":100,"1bb4ccc0":106,"5f96c2bc":98,"abad2347":102,"c91966ce":93,"3f75d3bc":106,"6ee92259":103,"0d770b97":103,"00a481e3":118,"ec110282":121,"74c26380":103,"28654c76":112,"82204d54":96,"78467b8a":118,"53747a91":107,"1634789b":101,"76f3a3be":98,"77bae750":91,"deb31f35":105,"394dc144":97,"a1921150":109,"b88033fd":106,"77f31bab":110,"e99318a3":97,"4d35385e":101,"9c045c61":110,"51f57142":107,"9e206c95":112,"8dd2684c":104,"623c6a31":107,"416a9e97":92,"a0ce82b4":112,"437fc3ec":98,"09ff339a":82,"95d3d348":103,"b769bdfb":107,"016953e4":110,"3e082b37":93,"5410e9c6":109,"1138796e":104,"e8f173b5":102,"90731976":93,"a8871ddf":90,"49910300":97,"4945c851":107,"21ad2f34":96,"4e5aaaec":87,"805534ac":101,"7e8e1c3d":89,"69d4b754":95,"df81ddee":93,"754f98c9":106,"b2c25d1c":96,"0dad37d5":98,"d34a29b9":114,"1a2ec5d7":104,"104721f0":100,"74f234c6":116,"69134f07":100,"cd3bbe7e":102,"cf1124db":93,"1e191c98":82,"0d5ee801":88,"7cd0ad7b":118,"1bc0591f":103,"a66a2d8a":119,"e57d5cda":108,"0e2b5d2f":104,"c8113b77":92,"bd62d7ed":89,"621d6b18":108,"87cd2add":88,"a59a8290":98,"67c57de4":120,"619fda68":118,"0785820e":107,"dd7acb96":104,"a4dafea5":98,"36fb15d2":107,"06073f13":107,"408bb2ed":93,"1ff8c2fc":110,"03c398d2":109,"dd1fcb17":91,"db0a661e":101,"1bd5b20b":111,"64a7f79f":99,"0cb80f4a":98,"bc392d1c":87,"35b58ef9":94,"1c3a30c5":99,"73b15e04":99,"259930ee":111,"df2b4d87":99,"4577b333":101,"f8b31ce5":124,"0b959527":97,"3bad3c95":91,"5ab7bc35":111,"9cb4697f":110,"54d7de6b":114,"6775d5cd":95,"1a442bc7":104,"e382ec3f":82,"8bc04eb5":104,"7fef9973":105,"a901627e":95,"aa76bc50":90,"d9a64845":96,"5f0c1b9d":107,"74c26380":104,"5f96c2bc":99,"b28a5e67":110,"fe1d4419":104,"836701f6":94,"5270f158":102,"39bbc4bc":117,"26f99a1e":101,"1951480c":93,"8e4c33d2":111,"8cf83787":87,"2d1e1e9d":94,"06ddafc7":85,"5678ed7b":124,"8d753bb6":86,"8b2b601d":100,"72b84094":129,"25e0dd3d":110,"bb8a6337":93,"5ac86fb9":107,"72d7b461":110,"9d63c4dd":102,"3a1d1632":84,"b5763ff6":81,"77bae750":92,"8cddb65e":100,"e15fd611":86,"fd07e0ed":106,"e58b26f6":108,"5774ac0d":108,"e99318a3":98,"fb7482fe":93,"f94bf9ea":101,"ccf8b803":99,"84b767be":125,"71279c46":98,"5339e1e9":103,"bad1a1cc":93,"217c0327":75,"eafbf9fb":97,"6cba74ce":99,"315537b2":99,"08c6b5d2":105,"6d5fcd4c":106,"3454fa2b":94,"79e4fa1c":99,"18d20aa1":92,"6490bac6":90,"805534ac":102,"f4343817":103,"4e3f5178":107,"b3863630":93,"8e780922":103,"f33c0140":97,"501db4de":104,"d34a29b9":115,"f76a3e83":108,"0841052c":101,"751bcf25":103,"180377be":100,"1a2ec5d7":105,"0af920d8":84,"0c043224":115,"bb98a6cf":121,"733c86f8":99,"0f89862c":94,"0042f6eb":98,"2a4a402a":99,"c463799d":110,"05f6ab35":105,"dc0c8b09":119,"f7231212":102,"4d9b0b10":107,"7fb4c521":102,"d4ee22a4":102,"1dad0f99":103,"93b9fae6":91,"2b698053":99,"fd07e0ed":107,"3062379b":89,"72d7b461":111,"cf84fb54":105,"5f8517b7":123,"cfe72ead":89,"4ea4a2a1":117,"7ae3fc50":92,"8245f916":85,"b35e9e1a":137,"4ac6bd4e":92,"71bc1295":91,"b6aaf976":115,"458dcc3d":110,"946df4fd":105,"35b58ef9":95,"24d24fa3":102,"aefe13f5":108,"caddd0a7":110,"259930ee":112,"7043382d":104,"868cda42":99,"7be025ce":105,"5acce642":104,"0d770b97":104,"54d7de6b":115,"16b476e9":97,"730a4938":106,"e382ec3f":83,"ad2d7bed":104,"616d6dd6":99,"8db5a165":90,"71ba7561":98,"537634c9":89,"f3a0c2ee":97,"74c26380":105,"810aa5e9":108,"8f13c203":85,"e5d3655c":111,"363590c7":103,"6085137f":79,"83086d4c":107,"c318d350":113,"eda6a690":85,"695a2b92":93,"6d61bf13":98,"013ee301":101,"1be05c14":92,"e8f173b5":103,"07fc4a9a":105,"2c01e624":94,"39ba00f0":106,"12534561":94,"2d13e69b":100,"725dce8b":115,"6867261a":98,"d1ca5d6b":109,"5ac86fb9":108,"bda8cdfb":107,"c9efc8f6":102,"2132fe93":108,"527ff946":114,"0681c48e":111,"e15fd611":87,"93fdbb44":86,"c67979e6":122,"6e98dfda":105,"c98d5272":105,"7d6895f4":108,"6d5fcd4c":107,"25a7a0a3":103,"bc021def":113,"21ee2afe":109,"3454fa2b":95,"ac38a6a5":113,"93e8cee5":118,"6b9eff39":96,"c650b434":111,"4eed1bea":102,"21e10a2b":103,"44ff8baa":97,"40e79dd3":100,"0a92153e":104,"a3253019":100,"a4296d1e":109,"f33c0140":98,"7f86be64":109,"501db4de":105,"8e99d5d0":114,"5cd3cfe0":88,"30d84dce":92,"0d5ee801":89,"66497c7e":96,"19551bad":96,"8721056e":92,"2352c8ef":98,"1105f790":106,"f5e8dfee":117,"8007f30e":75,"9a07d89b":109,"00a17b46":105,"43d87483":97,"87083264":116,"7e95c5a0":104,"ae95f2ba":117,"385ab7c6":99,"faf4f98b":108
1604737545205,"32c9fc47":98,"26009d3f":99,"88a30343":99,"fe0df575":114,"8d000d6e":94,"3d1af513":107,"b7407bd3":89,"92d38723":112,"408bb2ed":94,"08a4c3f8":104,"aa00769b":115,"b7df1559":105,"be1746a0":99,"71bc1295":92,"9c58dd76":112,"03dcfa3d":103,"f1098793":108,"19f9ca86":102,"5270f158":103,"e238f09b":104,"1951480c":94,"25635c37":89,"004f1ef3":127,"3c43e8a2":112,"11888cfa":96,"1be05c14":93,"17b08923":105,"e0f7679f":91,"a4dafea5":99,"88a30343":100,"26009d3f":100,"1b153aef":108,"554ebb83":99,"92d38723":113,"ea274174":105,"8245f916":86,"0ac825ed":103,"b377a62a":98,"c27969ec":101,"6ebe2354":84,"03dcfa3d":104,"12271e14":101,"64a7f79f":100,"812b4f15":85,"804d4dfa":101,"284544ba":98,"9ab755d3":99,"b7832271":113,"50c3164b":107,"be149c6f":96,"7e991ab9":81,"8d04852b":98,"ea822700":83,"3a1d1632":85,"d1ca5d6b":110,"7af9d3b1":106,"ed4fad08":109,"b8ab8e6e":101,"2ab62345":88,"2a387957":103,"c9efc8f6":103,"36b7003c":129,"f4b2f575":81,"8a52882e":100,"449d8475":93,"66d94227":97,"1d153b20":99,"12012fbd":99,"217c0327":76,"558d5ce7":102,"eafbf9fb":98,"9e206c95":113,"22ecaed0":93,"93683c82":93,"0c043224":116,"be40590d":101,"578f6e9e":114,"9a3cc55d":88,"5623817d":99,"677c6a09":120,"ae99df30":98,"1757a30e":97,"ee21ad02":110,"7735c3c2":95,"bec9d329":110,"437fc3ec":99,"b935fc1c":96,"5b60dd1d":105,"5099c6a0":121,"8298e976":117,"3c782bb3":100,"17b08923":106,"0be540c5":106,"4945c851":108,"f044c0e1":83,"c4e70c07":98,"259930ee":113,"49b358bd":113,"d9d7c4c2":108,"4777334c":91,"0f029727":90,"ce3bf5db":87,"a3d4a0e5":103,"3a1b9af5":105,"9260d96b":116,"f9c15fcc":106,"336d0f08":115,"7a6aa4b6":104,"358e45b1":102,"3d1af513":108,"5eab91a0":109,"71e53c93":107,"da04caac":104,"d9a64845":97,"c91966ce":94,"ae016053":106,"906fdec3":92,"d8e58a8c":114,"25a2844e":110,"6a7392d5":91,"33d6bb6a":90,"a567ace4":105,"1105f790":107,"b87158fb":104,"8063df14":90,"9c29f0ed":116,"6f39f4d9":112,"9f74b8a4":96,"50c468ba":99,"621d6b18":109,"87922532":108,"792cfcbd":94,"6ebe2354":85,"6a3eaf43":99,"50c3164b":108,"31f6ba51":98,"9147702f":91,"d6d61bfc":112,"71a2a493":76,"3062379b":90,"aec074c4":110,"162a7348":103,"c4bff41f":107,"bca2d7cd":101,"bad1a1cc":94,"730338c4":112,"17446892":96,"77bae750":93,"e99318a3":99,"61d4782d":106,"527ff946":115,"cb6c9e42":118,"7e15f8e8":102,"90d52475":102,"315537b2":100,"51f57142":108,"f87c5031":88,"a77e8461":100,"0e036ae9":116,"1d153b20":100,"742f1425":99,"946df4fd":106,"03dcfa3d":105,"13f0e139":94,"72b84094":130,"7b6a7048":104,"e21c6207":95,"26dd2000":113,"bc09fa9e":92,"4eed1bea":103,"6490bac6":91,"501db4de":106,"dcf85091":87,"1a68160d":111,"f33c0140":99,"34c5c729":99,"90a06ee9":100,"6b78ad7f":110,"5ccf94d6":99,"a68a93b2":91,"7cd0ad7b":119,"d033db8d":110,"ca6d2d91":101,"c8977844":102,"d634aa28":124,"a85d89cc":99,"0785820e":108,"ae99df30":99,"1757a30e":98,"bd2705b0":124,"aa187e3b":90,"014bdff0":112,"c95719e5":95,"e238f09b":105,"016953e4":111,"26f99a1e":102,"93ac9ca3":98,"b1f58563":98,"8dd2684c":105,"3310a049":98,"28d41578":99,"259930ee":114,"c8fcad77":95,"9e65c0ef":92,"c015ec5a":102,"04ea5673":108,"638cb163":115,"e32524d6":103,"cf50e84e":104,"f277386e":84,"d9dcdc4b":116,"0be540c5":107,"ce4da56f":111,"792c9b6a":90,"b4fdf90e":108,"cd95f558":108,"6c20c153":98,"f0a06216":101,"1a442bc7":105,"5f0c1b9d":108,"5f96c2bc":100,"7ae34c64":109,"6023df54":100,"6e44927f":89,"d9a64845":98,"5ef93e5d":80,"55928ef1":105,"2a76f1dd":91,"25a2844e":111,"11b2c8d9":88,"0e2b5d2f":105,"be3a10f8":121,"0042f6eb":99,"a06a6430":101,"4ba6eb36":98,"554ebb83":100,"a533489b":110,"49bf2e95":87,"0d2a1c58":93,"84b767be":126,"50c3164b":109,"be149c6f":97,"d0d6acb1":99,"5e09f69e":117,"5a734022":93,"508aac3d":106,"9f5e6cba":104,"1f7607df":95,"8657c79d":117,"bb8a6337":94,"e15fd611":88,"1d790491":103,"24a9fb86":118,"d1fe2868":103,"6632fed0":107,"39a2fcce":86,"90d52475":103,"f66616b7":102,"9ceb5439":90,"99d130c9":116,"468fc85c":97,"8eb64769":92,"a636f4c9":117,"2c24d929":110,"be1746a0":100,"df81ddee":94,"e2a7d915":85,"21ad2f34":97,"44ff8baa":98,"70594a28":97,"8f9b74b0":95,"6bc5d32a":119,"d548635d":100,"e0154608":97,"4c4aa2e2":101,"69134f07":101,"acac14fb":97,"53431634":124,"a836aa93":104,"1f11812e":109,"7a9344a4":120,"30dbfc69":95,"cd3bbe7e":103,"0af920d8":85,"d033db8d":111,"1e191c98":83,"9c58dd76":113,"53b4e647":115,"385ab7c6":100,"77bfed7e":102,"b73e789c":100,"ef91eaae":88,"6034b6d0":108,"363590c7":104,"f1dffa24":89,"004f1ef3":128,"7ee148e9":96,"12dd6f5e":97,"30dd2edc":109,"8547fbc2":94,"36d340f2":88,"0e036ae9":117,"7d6895f4":109,"8cc4a982":101,"578f6e9e":115,"22aeaf03":97,"312f7676":105,"df2b4d87":100,"c8fcad77":96,"ea6de194":113,"c4e70c07":99,"30c5d755":114,"a81a857c":100,"2045d7d6":92,"0be540c5":108,"45fb95c1":102,"1be05c14":94,"de36827b":125,"4945c851":109,"868edcc0":112,"a6bcb07e":107,"7ee7621c":107,"e4117b3b":81,"a502c93c":86,"5b5fc566":100,"ee21ad02":111,"5acce642":105,"04bef50c":78,"3f75d3bc":107,"74c26380":106,"71ba7561":99,"5ef93e5d":81,"ec110282":122,"61145ec9":113,"49cb2959":112,"2352c8ef":99,"ef16ca37":102,"1bd5b20b":112,"b2a8761b":84,"06073f13":108,"f1862e79":86,"92d38723":114,"1ff8c2fc":111,"2c627253":97,"be149c6f":98,"c0e2624b":92,"25d1b2d8":105,"70c1e715":95,"c4bff41f":108,"527ff946":116,"ccf8b803":100,"8cddb65e":101,"88b3bc99":88,"5ac86fb9":109,"5f7d7195":95,"842c8340":91,"e58b26f6":109,"76f3a3be":99,"6e98dfda":106,"60d6cee2":103,"5a07fc2e":92,"815e4582":101,"aa9ea5e8":90,"eb7b4e29":91,"c27969ec":102,"bad6cdb1":99,"f9f2c53f":92,"6b9eff39":97,"3b7763b1":87,"2209903e":114,"e1f0dbfd":114,"c45d554f":101,"2b3c49b9":103,"685207b3":104,"6fb4cdda":116,"972f4174":112,"be2955bb":107,"e9679ede":90,"b2c25d1c":97,"1e232870":109,"30d84dce":93,"5272520d":95,"b6591e25":100,"2c24d929":111,"12271e14":102,"12a2cd4b":104,"6ebe2354":86,"ad8f85d6":115,"ba5c52af":104,"8f10fa42":122,"20958d58":92,"11b2c8d9":89,"7a840529":85,"30c184b8":105,"abd32136":97,"d78dd457":93,"621d6b18":110,"77bfed7e":103,"9496f56f":112,"0d28db94":95,"2ce1af05":86,"ac38a6a5":114,"8cc4a982":102,"fd6dcb20":98,"eeaa2d46":114,"d2a841c9":87,"9e206c95":114,"3f65f121":107,"6085137f":80,"c0b7e7d7":86,"83086d4c":108,"6d61bf13":99,"95d3d348":104,"22aeaf03":98,"7ee148e9":97,"3f9b5722":95,"19e9776f":105,"7a9344a4":121,"dbd2f139":105,"d6f0d94a":93,"159ffd0b":89,"0d2c95fe":101,"0be540c5":109,"d9dcdc4b":117,"5b5fc566":101,"7ee7621c":108,"37d0cae2":98,"e0e48a2d":97,"67d30f2b":97,"2882a956":101,"16b476e9":98,"65e4235b":95,"28654c76":113,"da04caac":105,"d5dae4c4":129,"7ae34c64":110,"56473430":110,"a851891c":90,"1bc0591f":104,"3c782bb3":101,"0b5a0408":100,"f5829ac0":106,"408bb2ed":95,"8245f916":87,"ef16ca37":103,"1bd5b20b":113,"0cb80f4a":99,"b5763ff6":82,"fd369c21":109,"42c80e69":115,"7028b044":90,"6df0b2e8":125,"884b0ad1":98,"af034fee":95,"aec074c4":111,"2ab62345":89,"911e770b":108,"2132fe93":109,"bf822e33":105,"13747b82":111,"93fdbb44":87,"cfe72ead":90,"8d000d6e":95,"49b358bd":114,"ba30e43a":117,"9bdf362a":91,"ca7d47f7":103,"c0b0f492":118,"8f13c203":86,"e2cbe594":94,"805534ac":103,"daab45c6":99,"18d20aa1":93,"2209903e":115,"79e4fa1c":100,"80a8a56d":91,"261c9911":109,"1a2c020b":92,"c382f054":113,"d34a29b9":116,"71bc1295":93,"3e602573":93,"23080895":88,"c609739e":104,"24d24fa3":103,"48655f09":122,"e8d74304":89,"c510bfd3":120,"dfcc2ad1":113,"fe8f3d36":94,"0e2b5d2f":106,"a59a8290":99,"78467b8a":119,"67c57de4":121,"e28c2efc":91,"cc5a1d47":87,"9aa6a054":101,"e4cfef0a":87,"a06a6430":102,"91536e85":110,"778c95e9":98,"35aa7fd0":110,"84369269":87,"789bd484":100,"04643409":111,"aff8e442":107,"f4b2f575":82,"f87c5031":89,"f2f58418":92,"b9a48a5c":92,"9e206c95":115,"49902219":116,"57540cc3":113,"3f65f121":108,"3e082b37":94,"27f52ed3":118,"4c4aa2e2":102,"145c7559":112,"bb98a6cf":122,"58d46189":113,"e9679ede":91,"1f11812e":110,"8942c35b":101,"d70ca4f4":116,"c3e6ef01":109,"be40590d":102,"095ab3b4":93,"971675c5":106,"8e4c33d2":112,"3f2522c2":107,"60e855ee":115,"e4117b3b":82,"91b28f83":108,"87c462ee":107,"5b5fc566":102,"79be29c8":96,"e6ec8cbf":113,"ae99df30":100,"abc1d7ad":106,"d9a64845":99,"71ba7561":100,"012de09c":94,"731fc335":81,"6e44927f":90,"fd482491":115,"1f88a4b7":113,"a4dafea5":100,"e81834aa":114,"6a60348e":96,"6c73ae98":87,"1b153aef":109,"1be05c14":95,"9ab755d3":100,"8657c79d":118,"181c3dd5":104,"2180f99b":109,"dd7acb96":105,"deb31f35":106,"b35e9e1a":138,"4b3e3b1c":104,"5f8517b7":124,"8493f3b2":103,"408bb2ed":96,"0ac825ed":104,"49bf2e95":88,"014460b9":126,"c4e70c07":100,"28d40296":82,"b320feb9":109,"0a2f71bc":92,"e32524d6":104,"f8b31ce5":125,"71bc1295":94,"aefe13f5":109,"8007f30e":76,"9d023afb":116,"8f10fa42":123,"8b5a8e9f":115,"831c7b85":99,"a567ace4":106,"78b97937":108,"7a4c064c":111,"ba938220":98,"a06a6430":103,"7fb4c521":103,"4f59a322":106,"ae95f2ba":118,"458dcc3d":111,"12271e14":103,"946df4fd":107,"812b4f15":86,"d82592f4":100,"aec4e1bf":99,"e58b26f6":110,"2a387957":104,"9fa62fee":96,"af034fee":96,"a625328f":112,"254cc28c":113,"5f6613c8":89,"57540cc3":114,"088feee2":114,"c64de0c0":89,"f2ca27d9":99,"99e171db":103,"53a8613c":121,"2132fe93":110,"d1fe2868":104,"865d9857":81,"d6320619":99,"e99318a3":100,"6143f39d":95,"7e15f8e8":103,"f87c5031":90,"363590c7":105,"b1f58563":99,"83086d4c":109,"8f9b74b0":96,"66497c7e":97,"685207b3":105,"2209903e":116,"5be594be":99,"4279e829":113,"9d0546ac":101,"3498f223":92,"b2c25d1c":98,"1f11812e":111,"e1f0dbfd":115,"c455f40e":94,"ca6d2d91":102,"9f2b16a7":104,"ab7467de":114,"7a9344a4":122,"79f04300":97,"d0c104c4":76,"9a80f004":91,"bd984a8e":101,"655941a0":111,"0b3283c9":98,"1da771fb":96,"5781776a":100,"f6fe095d":119,"e28c2efc":92,"e4c312fe":100,"b3f19a69":92,"00cf385d":107,"7f6d1d0e":112,"8bc04eb5":105,"4258c176":99,"e356abf1":109,"a901627e":96,"345c9967":94,"aa867541":85,"de36827b":126,"8aa78e2f":99,"1138796e":105,"d36125db":108,"e36dfd6f":92,"489a39f7":91,"f069bb07":99,"820225e4":87,"cfe72ead":91,"8245f916":88,"d0b297b2":87,"8d000d6e":96,"d102b0c6":91,"379184a7":112,"49bf2e95":89,"c015ec5a":103,"75ffea08":106,"a33fe0dd":110,"7e76c93c":108,"e5d3655c":112,"ca7d47f7":104,"88fa53d6":92,"ecfa8249":114,"e2a7d915":86,"b6ee137a":96,"18d20aa1":94,"27d8bf51":105,"2ad42a9e":105,"781ace7d":104,"da04caac":106,"abc1d7ad":107,"dd035d2a":99,"fee32863":99,"30c184b8":106,"5f4102da":103,"a59a8290":100,"9a3ab0b8":89,"1bc0591f":105,"eb2e1983":99,"cb142908":90,"10ec5a0b":103,"d5059415":104,"621d6b18":111,"753ca352":91,"7fb4c521":104,"ef14000f":109,"aa00769b":116,"04612878":111,"64a7f79f":101,"be1746a0":101,"17807120":105,"e6fac295":94,"0f72f2d8":99,"911e770b":109,"4911acad":79,"c852d240":107,"508aac3d":107,"bfcb912a":101,"92efd84f":105,"31f6ba51":99,"de6213c7":100,"c81b2bcf":90,"a47abfbb":88,"2d13e69b":101,"aa9ea5e8":91,"bda8cdfb":108,"64db4feb":119,"f66616b7":103,"f271ed5d":110,"25d1b2d8":106,"04643409":112,"77f31bab":111,"4ed01268":97,"ec2cb1af":105,"6cba74ce":100,"4469c815":83,"9c045c61":111,"e9adbe58":95,"22176537":97,"9e206c95":116,"df81ddee":95,"c7313e0a":112,"9f2b16a7":105,"a836aa93":105,"8942c35b":102,"4279e829":114,"104721f0":101,"58d46189":114,"c4feee5b":103,"180377be":101,"6fb4cdda":117,"8db62558":100,"1e232870":110,"0c0e98ea":98,"a4f1d83b":105,"014bdff0":113,"312f7676":106,"93ac9ca3":99,"0b3283c9":99,"71ff66e8":97,"b1f58563":100,"3b2dee89":99,"dffa7793":78,"c0b23081":111,"b0869206":106,"54d7de6b":116,"8bc04eb5":106,"91b28f83":109,"45b5746e":102,"f3a0c2ee":98,"fd482491":116,"28654c76":114,"e7773397":91,"8298e976":118,"1f88a4b7":114,"d9dcdc4b":118,"2d1e1e9d":95,"b84a06eb":99,"b36a0d66":86,"e7e82473":122,"d33790a2":110,"ea274174":106,"57167c74":104,"4577b333":102,"4777334c":92,"014460b9":127,"7be025ce":106,"259930ee":115,"caddd0a7":111,"cd95f558":109,"4ea4a2a1":118,"b8397293":96,"50312237":111,"408bb2ed":97,"61145ec9":114,"8db5a165":91,"ef8987d7":92,"a59a8290":101,"19551bad":97,"8f10fa42":124,"6c486702":105,"0e2b5d2f":107,"c1bb74f2":93,"be3a10f8":122,"597c1f81":101,"00a17b46":106,"056ea7ff":111,"af7e5be8":110,"619fda68":119,"2b698053":100,"621d6b18":112,"064a99c8":95,"8eb64769":93,"a0b03218":96,"a5aee5de":124,"cac4449a":97,"26c390d6":94,"725dce8b":116,"4bcd4a30":118,"2132fe93":111,"5747db6e":114,"71279c46":99,"64db4feb":120,"f4726450":104,"4125085e":111,"e58b26f6":111,"f66616b7":104,"d0d6acb1":100,"57d5dee8":111,"48efc739":123,"2a06ab95":112,"540df50f":108,"a939b50b":105,"842c8340":92,"93fdbb44":88,"b88033fd":107,"789bd484":101,"0e036ae9":118,"12012fbd":100,"bb99c79c":105,"6d339d45":90,"18815a1b":92,"49902219":117,"3661e12d":95,"2d382981":106,"4febf7c5":108,"ded7da5a":106,"0a96f57a":107,"93e8cee5":119,"25e0dd3d":111,"da3437cd":96,"b6ee137a":97,"c45d554f":102,"c85a0d80":107,"a3253019":101,"6b78ad7f":111,"f121b82c":115,"1a2ec5d7":106,"9267f0ef":116,"c7313e0a":113,"059d6c19":111,"7f86be64":110,"20e470e0":98,"906632cb":98,"0af920d8":86,"db703021":96,"5cd3cfe0":89,"b1f58563":101,"04bef50c":79,"d929098e":78,"d1d40c9c":113,"6ee92259":104,"7735c3c2":96,"5eab91a0":110,"4652b09a":124,"2203f259":101,"93ac9ca3":100,"016953e4":112,"82868763":101,"8274885a":110,"c7ab83c1":98,"a4dafea5":101,"6a60348e":97,"cf84fb54":106,"95bc84f1":96,"0d2c95fe":102,"b84a06eb":100,"8298e976":119,"75ffea08":107,"04ea5673":109,"e786063b":103,"719c8869":121,"62d1d346":89,"30c5d755":115,"4577b333":103,"d0e9a58e":91,"792c9b6a":91,"b377a62a":99,"b7407bd3":90,"379184a7":113,"7a6aa4b6":105,"b35e9e1a":139,"2dd0e808":97,"313258f2":99,"fafb4cc2":130,"a5fd8ffd":104,"e865e4dd":91,"d9a64845":100,"616d6dd6":100,"fead11cf":90,"478d2d4f":109,"8f10fa42":125,"2352c8ef":100,"a66a2d8a":120,"25a2844e":112,"cd522166":118,"87083264":117,"76f94eda":98,"ac030e74":94,"4cc141fa":82,"48655f09":123,"04612878":112,"bca2d7cd":102,"a47abfbb":89,"50c3164b":110,"c9efc8f6":104,"a625328f":113,"1ed46298":116,"fd369c21":110,"40860a4b":85,"383e232d":98,"f2364460":110,"181c3dd5":105,"1f7607df":96,"8cddb65e":102,"884b0ad1":99,"77bae750":94,"a939b50b":106,"47cfba38":95,"bda8cdfb":109,"bad1a1cc":95,"5a0eb771":100,"aff8e442":108,"12012fbd":101,"217c0327":77,"ccdd1ce6":99,"eafbf9fb":99,"b9a48a5c":93,"4febf7c5":109,"f1098793":109,"aa00769b":117,"cbad3b92":123,"72b84094":131,"9a80f004":92,"7e8e1c3d":90,"a0ce82b4":113,"c8dc010f":118,"c650b434":112,"4eed1bea":104,"b2c25d1c":99,"c5b35e4d":93,"53431634":125,"2e3503e4":101,"c4feee5b":104,"6e24d88b":99,"f33c0140":100,"1e7753d9":120,"ebdbf580":104,"110b1ee3":103,"f1b493de":117,"b6591e25":101,"c3e6ef01":110,"d033db8d":112,"7566fdd6":119,"e28c2efc":93,"4930f321":98,"43d87483":98,"5b5fc566":103,"cb4f262b":102,"ad2d7bed":105,"d39724bc":101,"3c43e8a2":113,"8e4c33d2":113,"5623817d":100,"2203f259":102,"0b3283c9":100,"22aeaf03":99,"e238f09b":106,"3f65f121":109,"22ecaed0":94,"e8f173b5":104,"28d41578":100,"e1571af7":101,"c015ec5a":104,"2045d7d6":93,"4c39240e":108,"e3547548":90,"a81a857c":101,"c4e70c07":101,"fb44fa9c":116,"17b08923":107,"d9dcdc4b":119,"bbe71605":95,"0be540c5":110,"06073f13":109,"608bc832":95,"00554ffd":120
1604737546161,"88ce179e":117,"87c462ee":108,"e356abf1":110,"d9d0c567":101,"810aa5e9":109,"cf1b8c47":108,"a5fd8ffd":105,"fd482491":117,"43bc86e3":94,"1d44aff3":115,"f5e8dfee":118,"6c524f99":107,"eb2e1983":100,"2352c8ef":101,"7bda83dd":97,"0042f6eb":100,"cd522166":119,"288afc30":98,"6585adbe":84,"31f6d707":114,"ea274174":107,"26c390d6":95,"2c01e624":95,"72805bf5":86,"b35bb8a1":90,"98915a1f":85,"0ecfa1c9":95,"911e770b":110,"5a07fc2e":93,"6867261a":99,"36684155":103,"72d7b461":112,"61d4782d":107,"77bae750":95,"2a06ab95":113,"c64de0c0":90,"794f652b":109,"c852d240":108,"c6c85783":108,"4ed01268":98,"650bb0e0":104,"f2364460":111,"08c6b5d2":106,"21ee2afe":110,"064a99c8":96,"e8d74304":90,"458dcc3d":112,"cf52025e":95,"a5aee5de":125,"73b15e04":100,"baebb391":115,"72b84094":132,"daab45c6":100,"51c57542":106,"bc09fa9e":93,"21e10a2b":104,"93e8cee5":120,"805534ac":104,"4e3f5178":108,"0a92153e":105,"655954ba":100,"3498f223":93,"c5b35e4d":94,"c4feee5b":105,"0d5ee801":90,"902f49f5":105,"4c4aa2e2":103,"61f25dd4":119,"f1b493de":118,"1f11812e":112,"0c043224":117,"d0c104c4":77,"07f98660":112,"056ea7ff":112,"ac030e74":95,"6a5b71b4":99,"1dad0f99":104,"7a4c064c":112,"6f39f4d9":113,"19f9ca86":103,"93ac9ca3":101,"c0b7e7d7":87,"317c1591":111,"dfa1a89b":90,"d1715f3b":107,"9c045c61":112,"f2f58418":93,"36d340f2":89,"5b60dd1d":106,"014bdff0":114,"5099c6a0":122,"d9d7c4c2":109,"2045d7d6":94,"df2b4d87":101,"e786063b":104,"0f029727":91,"24ffcbd3":114,"04ea5673":110,"8cf83787":88,"4945c851":110,"e7e82473":123,"0be540c5":111,"16b476e9":99,"6c20c153":99,"d1d40c9c":114,"e4c312fe":101,"1bb4ccc0":107,"20811ddf":94,"e382ec3f":84,"e865e4dd":92,"ef8987d7":93,"1d44aff3":116,"fafb4cc2":131,"f789f6d8":115,"d5dae4c4":130,"74c26380":107,"ec11fe5f":86,"11b2c8d9":90,"8f10fa42":126,"8063df14":91,"9a3ab0b8":90,"b87158fb":105,"ea274174":108,"1be05c14":96,"1f88a4b7":115,"1bd5b20b":114,"4ea4a2a1":119,"07fc4a9a":106,"08a4c3f8":105,"336d0f08":116,"761cf820":104,"9e878ec2":120,"12534561":95,"730338c4":113,"b7cc7909":101,"70bc8325":94,"4911acad":80,"2c627253":98,"5774ac0d":109,"bca2d7cd":103,"72805bf5":87,"8d04852b":99,"4bcd4a30":119,"a9b1bd51":76,"0d2a1c58":94,"6632fed0":108,"789bd484":102,"22234d6b":100,"66d94227":98,"50d129cf":96,"6e98dfda":107,"794f652b":110,"cb6c9e42":119,"f1098793":110,"b6aaf976":116,"cac4449a":98,"7e8e1c3d":91,"3ef7432b":106,"b6ee137a":98,"cd421290":96,"93e8cee5":121,"5c82d1ce":105,"0a96f57a":108,"972f4174":113,"80a8a56d":92,"9267f0ef":117,"f2086446":105,"06ee61b6":95,"bb98a6cf":123,"8db62558":101,"be2955bb":108,"f121b82c":116,"5ccf94d6":100,"8942c35b":103,"a8726d50":91,"906632cb":99,"d70ca4f4":117,"9fc713b0":108,"e6fac295":95,"3e602573":94,"cbad3b92":124,"fee32863":100,"385ab7c6":101,"7566fdd6":120,"7a840529":86,"43d87483":99,"a06a6430":104,"00a17b46":107,"053f3451":101,"3f65f121":110,"0e036ae9":119,"53a8613c":122,"8547fbc2":95,"ec2cb1af":106,"dfa1a89b":91,"b9a48a5c":94,"f1dffa24":90,"5b60dd1d":107,"d9f512b9":111,"e786063b":105,"317c1591":112,"095ab3b4":94,"578f6e9e":116,"6d61bf13":100,"c0b7e7d7":88,"8cf83787":89,"411b5027":104,"7732eb1e":120,"6841f77e":112,"1c0a9eff":96,"6ee92259":105,"a6b5e869":95,"91b28f83":110,"8bc04eb5":107,"e356abf1":111,"95904ac4":114,"fd482491":118,"b2cfdbcf":102,"cf1b8c47":109,"7896b953":113,"56473430":111,"5f96c2bc":101,"e35a63cd":102,"07fc4a9a":107,"4b3e3b1c":105,"a3d4a0e5":104,"1438fad7":105,"7a2f3f06":98,"9260d96b":117,"50312237":112,"7a6aa4b6":106,"06073f13":110,"8f2a7d69":96,"fa55f27a":114,"64db4feb":121,"26c390d6":96,"f271ed5d":111,"288a2c43":97,"4911acad":81,"5747db6e":115,"884b0ad1":100,"5e09f69e":118,"084cbc0b":101,"2ab62345":90,"9d9dd9e5":91,"57d5dee8":112,"77bae750":96,"5a07fc2e":94,"383e232d":99,"9ceb5439":91,"bb8a6337":95,"9d63c4dd":103,"7be025ce":107,"7043382d":105,"fbdffc95":91,"d141db49":98,"cc6bbe45":95,"26dd2000":114,"4eed1bea":105,"7d112f4d":108,"c45d554f":103,"7e8e1c3d":92,"7bebff03":89,"913a6226":99,"53431634":126,"906632cb":100,"1a2c020b":93,"4279e829":115,"064a99c8":97,"99d130c9":117,"be1746a0":102,"a543ec74":98,"a0bc1ceb":106,"a567ace4":107,"8f10fa42":127,"c463799d":111,"dfcc2ad1":114,"9a3ab0b8":91,"2a4a402a":100,"ba938220":99,"1dad0f99":105,"ef14000f":110,"67c57de4":122,"d83294cd":97,"056ea7ff":113,"8ac72326":86,"bc392d1c":88,"04612878":113,"7e15f8e8":104,"23760167":93,"e99318a3":101,"2cb29e5a":118,"22176537":98,"51f57142":109,"49902219":118,"22ecaed0":95,"315537b2":101,"3f65f121":111,"5099c6a0":123,"5b60dd1d":108,"016953e4":113,"8dd649a3":93,"e0154608":98,"30dbfc69":96,"ebdbf580":105,"66497c7e":98,"e9679ede":92,"1a2ec5d7":107,"efe84c27":102,"b6591e25":102,"4e3f5178":109,"751acea8":89,"a40846b7":112,"9a3cc55d":89,"c564e316":104,"9d4f1fe6":96,"b0869206":107,"04cc7cbe":88,"e4c312fe":102,"4652b09a":125,"93b0a158":103,"4b125e7b":109,"345c9967":95,"5f96c2bc":102,"fafb4cc2":132,"a0cf08b3":88,"313258f2":100,"906fdec3":93,"195eb771":98,"e8f173b5":105,"a8871ddf":91,"b84a06eb":101,"8b2b601d":101,"0d2c95fe":103,"b36a0d66":87,"d6db2b02":114,"c4bff41f":109,"4911acad":82,"778c95e9":99,"70bc8325":95,"76f3a3be":100,"f271ed5d":112,"71a2a493":77,"5e09f69e":119,"2f455cce":104,"82b81567":85,"b7407bd3":91,"d0e9a58e":92,"b377a62a":100,"f1862e79":87,"c4aa1e38":83,"49bf2e95":90,"caddd0a7":112,"8f13c203":87,"62d1d346":90,"638cb163":116,"e3547548":91,"0b959527":98,"df2b4d87":102,"3007f31f":94,"7b6a7048":105,"7d112f4d":109,"9a80f004":93,"4eed1bea":106,"93e8cee5":122,"7e8e1c3d":93,"b2c25d1c":100,"bd62d7ed":90,"0e2b5d2f":108,"eb2e1983":101,"062179c1":103,"7bda83dd":98,"dfcc2ad1":115,"6a7392d5":92,"9496f56f":113,"7fb4c521":105,"ef14000f":111,"9c29f0ed":117,"7a4c064c":113,"87083264":118,"0d7d88f1":99,"9c58dd76":114,"cac4449a":99,"458dcc3d":113,"bc392d1c":89,"13f0e139":95,"8eb64769":94,"2c24d929":112,"35aa7fd0":111,"f4726450":105,"77f31bab":112,"dcfaba4c":104,"fb7482fe":94,"5a0eb771":101,"8a52882e":101,"6a3eaf43":100,"9ceb5439":92,"1634789b":102,"650bb0e0":105,"9d63c4dd":104,"dfa1a89b":92,"b9a48a5c":95,"4d35385e":102,"2dda3936":97,"f3d68430":108,"ac38a6a5":115,"416a9e97":93,"f6fe095d":120,"836701f6":95,"1a2c020b":94,"c21ab51e":82,"c85a0d80":108,"ca6d2d91":103,"3498f223":94,"74f234c6":117,"69134f07":102,"902f49f5":106,"e1618359":107,"0841052c":102,"0af920d8":87,"c3e6ef01":111,"1a2ec5d7":108,"2203f259":103,"016953e4":114,"5623817d":101,"e238f09b":107,"25635c37":90,"290b4714":99,"d83870f5":101,"d1d40c9c":115,"93b0a158":104,"51a3e9c2":112,"b3f19a69":93,"20811ddf":95,"a5676c24":98,"c91966ce":95,"d5dae4c4":131,"d9d0c567":102,"8a165e17":110,"7c0a2db6":102,"8b2b601d":102,"8298e976":120,"54a676d6":91,"bbe71605":96,"06ddafc7":86,"95f6db13":99,"d552eb2f":112,"8d753bb6":87,"02d4753e":120,"9263c525":104,"3652bd66":105,"08a4c3f8":106,"82b81567":86,"fa55f27a":115,"92d38723":115,"5f620a1e":114,"ca7d47f7":105,"2154b6e8":91,"7e76c93c":109,"0a2f71bc":93,"aa021138":110,"a577db1c":92,"ab7467de":115,"6b9eff39":98,"efd23af5":97,"ded7da5a":107,"e21c6207":96,"810aa5e9":110,"92ca52b7":105,"11b2c8d9":91,"55928ef1":106,"8007f30e":77,"f5e8dfee":119,"dd3913d2":100,"a66a2d8a":121,"07f98660":113,"76f94eda":99,"0785820e":109,"cb142908":91,"619fda68":120,"4930f321":99,"629800eb":109,"ad8f85d6":116,"e6fac295":96,"804d4dfa":102,"ac62fac2":113,"3e602573":95,"c609739e":105,"a43061ee":90,"227006e4":95,"5a734022":94,"0fc5ac7e":123,"3062379b":91,"6867261a":100,"5eaa1581":95,"b7832271":114,"e58b26f6":112,"51f80f4c":111,"42c80e69":116,"c81b2bcf":91,"d0d6acb1":101,"b7cc7909":102,"383e232d":100,"e99318a3":102,"1b881e6e":109,"c6c85783":109,"ccf8b803":101,"90d52475":104,"91d52a55":97,"be4f8ba8":105,"f2f58418":94,"fd6dcb20":99,"57540cc3":115,"f2ca27d9":100,"3661e12d":96,"546f6845":112,"6bc5d32a":120,"ccb5ea3e":90,"c4feee5b":106,"d548635d":101,"fe578280":98,"58d46189":115,"470d50c2":100,"0c043224":118,"36380d96":111,"30dbfc69":97,"a836aa93":106,"19e9776f":106,"d34a29b9":117,"180377be":102,"20e470e0":99,"1e191c98":84,"b769bdfb":108,"95d3d348":105,"0b3283c9":101,"836701f6":96,"e4117b3b":83,"93b0a158":105,"1a442bc7":106,"730a4938":107,"c0b23081":112,"677c6a09":121,"b3f19a69":94,"5f96c2bc":103,"012de09c":95,"4bc46d7a":93,"a851891c":91,"39bbc4bc":118,"a58bf525":103,"c7ab83c1":99,"8cf83787":90,"49910300":98,"de36827b":127,"1f88a4b7":116,"1138796e":106,"1438fad7":106,"045f280d":104,"4ea4a2a1":120,"9260d96b":118,"014460b9":128,"ca7d47f7":106,"7043382d":106,"9e65c0ef":93,"e3547548":92,"9bdf362a":92,"75ffea08":108,"3652bd66":106,"d0c0fc08":89,"ef16ca37":104,"74c26380":108,"5f0c1b9d":109,"6e44927f":91,"a59a8290":102,"2352c8ef":102,"7fdc2007":96,"eb2e1983":102,"5f4102da":104,"05f6ab35":106,"50b558a7":85,"cc5a1d47":88,"76f94eda":100,"93b9fae6":92,"ba938220":100,"f1df62b4":99,"554ebb83":101,"de11eb19":118,"4febf7c5":110,"6be9332a":95,"b460f030":117,"e8d74304":91,"26c390d6":97,"a2c334e7":119,"5e09f69e":120,"aec074c4":112,"84b767be":127,"5ac86fb9":110,"fd369c21":111,"6df0b2e8":126,"af0b61ab":98,"0f1ac912":88,"031e488e":105,"77bae750":97,"13747b82":112,"c0e2624b":93,"162a7348":104,"9fa62fee":97,"9d9dd9e5":92,"815e4582":102,"c67979e6":123,"36b7003c":130,"c6c85783":110,"546f6845":113,"172217e5":106,"945b63f0":131,"30dd2edc":110,"ec2cb1af":107,"0e036ae9":120,"0eaf08da":108,"cf52025e":96,"b7df1559":106,"5c82d1ce":106,"7b6a7048":106,"8f9b74b0":97,"07107f6e":101,"7e8e1c3d":94,"a4296d1e":110,"93e8cee5":123,"f121b82c":117,"547903ef":119,"972f4174":114,"751acea8":90,"470d50c2":101,"7f86be64":111,"3f9b5722":96,"06ee61b6":96,"655941a0":112,"104721f0":102,"d0c104c4":78,"0af920d8":88,"381c68fa":108,"c2bb8aae":103,"6085137f":81,"d4ee22a4":103,"50c468ba":100,"93b0a158":106,"6841f77e":113,"04cc7cbe":89,"8bc04eb5":108,"f5cd79c1":91,"3712c4bd":93,"77d35808":98,"8dc9b4db":111,"f2470875":115,"3a204e56":111,"a63bddd4":127,"8cf83787":91,"b36a0d66":88,"e36dfd6f":93,"8d753bb6":88,"28d41578":101,"a6bcb07e":108,"0b5a0408":101,"a33fe0dd":111,"868cda42":100,"cc6bbe45":96,"30c5d755":116,"e3547548":93,"288afc30":99,"d0b297b2":88,"332820ce":108,"4ac6bd4e":93,"31f6d707":115,"792c9b6a":92,"5acaa06f":82,"37d0cae2":99,"cf1b8c47":110,"0a1d11e6":90,"11b74e63":100,"7c0a2db6":103,"7fef9973":106,"906fdec3":94,"8db5a165":92,"82204d54":97,"8a165e17":111,"7896b953":114,"6a7392d5":93,"11b2c8d9":92,"f2e3c0e3":91,"c1bb74f2":94,"9d023afb":117,"d78dd457":94,"621d6b18":113,"10ec5a0b":104,"d744bee2":97,"50c3164b":111,"1ed46298":117,"162a7348":105,"5747db6e":116,"3a1d1632":86,"88b3bc99":89,"36b7003c":131,"a47abfbb":90,"39ba00f0":107,"91d52a55":98,"af0b61ab":99,"57d5dee8":113,"faf3ed07":98,"5f6613c8":90,"aaa274a5":107,"50d129cf":97,"5e09f69e":121,"394dc144":98,"f4b2f575":83,"794f652b":111,"d2a841c9":88,"9c045c61":113,"0e036ae9":121,"e9adbe58":96,"315537b2":102,"792cfcbd":95,"3e602573":96,"17807120":106,"87922532":109,"946df4fd":108,"2d382981":107,"a5aee5de":126,"3bad3c95":92,"e5d3655c":113,"6490bac6":92,"913a6226":100,"a0ce82b4":114,"8ea21393":94,"5fa12feb":104,"7b6a7048":107,"7e8e1c3d":95,"e7abc88d":93,"145c7559":113,"34c5c729":100,"c85a0d80":109,"972f4174":115,"1a2ec5d7":109,"ebdbf580":106,"e62d705f":85,"9267f0ef":118,"cf1124db":94,"db703021":97,"5cd3cfe0":90,"0c0e98ea":99,"8db62558":102,"385ab7c6":102,"9c29f0ed":118,"91536e85":111,"7566fdd6":121,"619fda68":121,"ee75b607":96,"5eab91a0":111,"93b0a158":107,"87c462ee":109,"5270f158":104,"f2470875":116,"5b60dd1d":109,"a40846b7":113,"19f9ca86":104,"8dd2684c":106,"2cb29e5a":119,"1951480c":95,"5623817d":102,"d9dcdc4b":120,"54a676d6":92,"07fc4a9a":108,"6291e9e9":103,"b5ce0c0c":113,"719c8869":122,"ce3bf5db":88,"d9d7c4c2":110,"c0b0f492":119,"fbdffc95":92,"638cb163":117,"bab97de3":115,"90731976":94,"3310a049":99,"1bd5b20b":115,"8d000d6e":97,"02d4753e":121,"4ac6bd4e":94,"bb00e71c":83,"7fef9973":107,"6775d5cd":96,"ae016053":107,"08a561b7":100,"a472532e":95,"95904ac4":115,"d5dae4c4":132,"fe44fc6f":103,"fafb4cc2":133,"c463799d":112,"8063df14":92,"8f10fa42":128,"33d6bb6a":91,"1bc0591f":106,"40569362":111,"b7407bd3":92,"49bf2e95":91,"d744bee2":98,"70c1e715":96,"50c3164b":112,"bb8a6337":96,"2f455cce":105,"af034fee":97,"725dce8b":117,"fd07e0ed":108,"5774ac0d":110,"1634789b":103,"fb7482fe":95,"77bae750":98,"f94bf9ea":102,"ef1c2dcb":98,"d5557fb4":112,"0681c48e":112,"9d63c4dd":105,"181c3dd5":106,"04643409":113,"6adce358":116,"50d129cf":98,"9de29816":83,"8eb64769":95,"87922532":110,"a0bc1ceb":107,"04612878":114,"35b58ef9":96,"26c6fa34":98,"4febf7c5":111,"2ad42a9e":106,"c650b434":113,"77898c22":82,"5fa12feb":105,"3007f31f":95,"913a6226":101,"f4343817":104,"c0fea118":97,"90a06ee9":101,"fe578280":99,"a4296d1e":111,"1247fa52":107,"b2c25d1c":101,"5e193fc8":101,"66b7b5b4":97,"3b690f68":118,"467773ac":93,"9d4da635":84,"93683c82":94,"381c68fa":109,"142d6987":108,"a59a8290":103,"0e2b5d2f":109,"a85d89cc":100,"7fb4c521":106,"93b9fae6":93,"1dad0f99":106,"869cbaa0":114,"0bfabf48":94,"7a840529":87,"fe1d4419":105,"5781776a":101,"e9adbe58":97,"6d339d45":91,"fd6dcb20":100,"be4f8ba8":106,"6d5fcd4c":108,"21ee2afe":111,"437fc3ec":100,"a40846b7":114,"5b60dd1d":110,"27f52ed3":119,"e238f09b":108,"9bdf362a":93,"aab4d996":101,"fbdffc95":93,"7e76c93c":110,"c4e70c07":102,"25776fc4":107,"2d1e1e9d":96,"a4dafea5":102,"69f3bfcc":102,"6291e9e9":104,"95bc84f1":97,"a24e6670":104,"0be540c5":112,"ee75b607":97,"1bb4ccc0":108,"00cf385d":108,"aa187e3b":91,"6c20c153":100,"677c6a09":122,"67d30f2b":98,"a901627e":97,"fd482491":119,"cf1b8c47":111,"4bc46d7a":94,"8db5a165":93,"56473430":112,"012de09c":96,"25a2844e":113,"9b546d65":95,"761cf820":105,"792c9b6a":93,"ea274174":109,"8493f3b2":104,"a533489b":111,"0ac825ed":105,"49bf2e95":92,"3062379b":92,"22234d6b":101,"f069bb07":100,"6e851762":91,"12534561":96,"e58b26f6":113,"b230e8d3":107,"c93c3508":80,"508aac3d":108,"9ceb5439":93,"c793cdda":105,"081460bf":103,"77bae750":99,"e15fd611":89,"5eaa1581":96,"9d63c4dd":106,"4911acad":83,"162a7348":106,"faf3ed07":99,"39a2fcce":87,"90d52475":105,"4febf7c5":112,"03c398d2":110,"4b4ef7fa":91,"c609739e":106,"1c3a30c5":100,"9fc713b0":109,"e5d3655c":114,"26dd2000":115,"4dac6b20":86,"3007f31f":96,"4295ce9a":111,"d25e0f8d":116,"7bebff03":90,"685207b3":106,"bc09fa9e":94,"53431634":127,"8e780922":104,"c382f054":114,"6fb4cdda":118,"ab7d4c9a":96,"db703021":98,"b7434f57":86,"288d171f":99,"ddec9e54":98,"467773ac":94,"0841052c":103,"e62d705f":86,"61f25dd4":120,"56752a4a":91,"e35a63cd":103,"dc0c8b09":120,"c463799d":113,"c6dc900c":82,"e5b1abc6":88,"7e95c5a0":105,"c803b4a3":100,"6f39f4d9":114,"00a17b46":108,"a85d89cc":101,"0bfabf48":95,"2b698053":101,"2cb29e5a":120,"d6320619":100,"6d5fcd4c":109,"3661e12d":97,"3454fa2b":96,"4469c815":84,"25a7a0a3":104,"263762cb":90,"836701f6":97,"19f9ca86":105,"004f1ef3":129,"82868763":102,"60e855ee":116,"6ce84ff8":93,"e1571af7":102,"65a00a3c":98,"2af60749":104,"0d2c95fe":104,"1db42092":116,"d36125db":109,"e7e82473":124,"ce4da56f":112,"a24e6670":105,"868edcc0":113,"cb4f262b":103,"e6ec8cbf":114,"0d770b97":105
1604737547064,"383e232d":101,"aec074c4":113,"8657c79d":119,"2c01e624":96,"dd7acb96":106,"a6003226":98,"a47abfbb":91,"9147702f":92,"bb8a6337":97,"6e851762":92,"b88033fd":108,"5d087c79":99,"a2c334e7":120,"9f5e6cba":105,"a939b50b":107,"a9b1bd51":77,"6867261a":101,"ce3407dd":97,"4125085e":112,"aff8e442":109,"d5557fb4":113,"affb82bf":108,"7080f122":97,"7d6895f4":110,"30dd2edc":111,"1d153b20":101,"172217e5":107,"0277d748":109,"abad2347":103,"fea793f5":108,"79be29c8":97,"04bef50c":80,"fe44fc6f":104,"aa76bc50":91,"49cb2959":113,"781ace7d":105,"71e53c93":108,"b28a5e67":111,"b2cfdbcf":103,"c8fcad77":97,"e32524d6":105,"719c8869":123,"ffc86f94":80,"272c7672":110,"f4726450":106,"a59a8290":104,"8b5a8e9f":116,"78b97937":109,"ba5c52af":105,"a0685bf3":120,"2bcca6a7":118,"1745a0f4":101,"cf9f4757":92,"abd32136":98,"b9be31d6":108,"87083264":119,"621d6b18":114,"93b9fae6":94,"7e95c5a0":106,"5747db6e":117,"b5763ff6":83,"2d54e0a8":94,"92efd84f":106,"5a734022":95,"fb8bfb36":120,"0149e11a":89,"26dd2000":116,"a851554d":113,"ecfa8249":115,"6b78ad7f":112,"93e8cee5":124,"501db4de":107,"5a622a23":97,"fe578280":100,"69d4b754":96,"acac14fb":98,"4c4aa2e2":104,"f121b82c":118,"3b690f68":119,"56d315d8":86,"30dbfc69":98,"bb98a6cf":124,"a8726d50":92,"1a2ec5d7":110,"902f49f5":107,"778c95e9":100,"e4714415":112,"72805bf5":88,"84369269":88,"ce3407dd":98,"4911acad":84,"32133249":103,"25d1b2d8":107,"527ff946":117,"74e3d13e":103,"8ec3834d":115,"6632fed0":109,"4ed01268":99,"e99318a3":103,"de11eb19":119,"9260d96b":119,"d0c0fc08":90,"9263c525":105,"336d0f08":117,"6585adbe":85,"7a2f3f06":99,"2cb29e5a":121,"315537b2":103,"6143f39d":96,"57540cc3":116,"21ee2afe":112,"623c6a31":108,"25a7a0a3":105,"fea793f5":109,"a502c93c":87,"3b2dee89":100,"6c20c153":101,"95d331b1":87,"b3f19a69":95,"51a3e9c2":113,"49cb2959":114,"4abb7aed":103,"1d44aff3":117,"f905a555":95,"65e4235b":96,"a15713c6":121,"7896b953":115,"44c77422":107,"ca7d47f7":107,"57167c74":105,"49b358bd":115,"37a7d5b0":107,"a81a857c":102,"9e65c0ef":94,"ac62fac2":114,"04612878":115,"946df4fd":109,"cac4449a":100,"cbad3b92":125,"cf52025e":97,"a543ec74":99,"fead11cf":91,"0e2b5d2f":110,"dfcc2ad1":116,"b87158fb":106,"dc0c8b09":121,"13b53c7a":103,"2bcca6a7":119,"cf9f4757":93,"8ac72326":87,"a85d89cc":102,"8fb236a9":91,"ef14000f":112,"f1df62b4":100,"a06a6430":105,"284544ba":99,"70bc8325":96,"4bcd4a30":120,"bfad1727":89,"5c82d1ce":107,"4eed1bea":107,"e0154608":99,"79e4fa1c":101,"c382f054":115,"8f9b74b0":98,"b215547b":89,"ded7da5a":108,"c5b35e4d":95,"7b6a7048":108,"b3863630":94,"168e75d9":105,"cc11fef9":109,"6f81493d":91,"5e193fc8":102,"7a9344a4":123,"cd3bbe7e":104,"4ee62a26":95,"d70ca4f4":118,"56d315d8":87,"39ba00f0":108,"0fc5ac7e":124,"3c6692a3":118,"c0e2624b":94,"32133249":104,"61d4782d":108,"5774ac0d":111,"dc473de1":99,"23760167":94,"c93c3508":81,"2b3e4717":101,"dcfaba4c":105,"f2364460":112,"af034fee":98,"ce3407dd":99,"b935fc1c":97,"c95719e5":96,"1da771fb":97,"0b3283c9":102,"09ff339a":83,"3e082b37":95,"8dc9b4db":112,"b552beb3":102,"411b5027":105,"3310a049":100,"66554572":80,"de36827b":128,"1f88a4b7":117,"6db0ea86":105,"ef16ca37":105,"9260d96b":120,"db0a661e":102,"00554ffd":121,"b7407bd3":93,"39a2fcce":88,"93fdbb44":89,"bf822e33":106,"217c0327":78,"be4f8ba8":107,"22176537":99,"18815a1b":93,"f3d68430":109,"af157d29":102,"4469c815":85,"95d331b1":88,"c0b23081":113,"5b5fc566":104,"935ec056":96,"6841f77e":114,"6ee92259":106,"20811ddf":96,"313258f2":101,"ae016053":108,"f789f6d8":116,"4abb7aed":104,"8a165e17":112,"95904ac4":116,"f3a0c2ee":99,"9e65c0ef":95,"4577b333":104,"0f029727":92,"f8b31ce5":126,"c4e70c07":103,"08a4c3f8":107,"40569362":112,"b2bd8fd3":100,"87ce8d1d":82,"458dcc3d":114,"99d130c9":118,"9c58dd76":115,"792cfcbd":96,"946df4fd":110,"bd62d7ed":91,"478d2d4f":110,"6a7392d5":94,"70ee0491":87,"7bda83dd":99,"1105f790":108,"78b97937":110,"f7231212":103,"76f94eda":101,"9aa6a054":102,"93b9fae6":95,"621d6b18":115,"f1df62b4":101,"ef14000f":113,"28d40296":83,"4c39240e":109,"feb67030":98,"70594a28":98,"7b6a7048":109,"bfad1727":90,"3007f31f":97,"efd23af5":98,"25e0dd3d":112,"b215547b":90,"1a68160d":112,"9f2b16a7":106,"36380d96":112,"c4feee5b":107,"d70ca4f4":119,"d552eb2f":113,"d0d6acb1":102,"2c627253":99,"508aac3d":109,"2d54e0a8":95,"eb7b4e29":92,"aaa274a5":108,"b230e8d3":108,"5ac86fb9":111,"12534561":97,"e15fd611":90,"016953e4":115,"c95719e5":97,"eda6a690":86,"5270f158":105,"312f7676":107,"5099c6a0":124,"9a3cc55d":90,"8cf83787":92,"a6bcb07e":109,"b552beb3":103,"fb44fa9c":117,"2d1e1e9d":97,"527ff946":118,"bfcb912a":102,"227006e4":96,"f2364460":113,"36b7003c":132,"deb31f35":107,"9d9dd9e5":93,"2132fe93":112,"5d087c79":100,"cf775f58":102,"8cc4a982":103,"8547fbc2":96,"558d5ce7":103,"7d6895f4":111,"9a467a82":106,"affb82bf":109,"3661e12d":98,"ee75b607":98,"ea4d3f3e":112,"d1d40c9c":116,"bec9d329":111,"67d30f2b":99,"6775d5cd":97,"45b5746e":103,"95d331b1":89,"c91966ce":96,"4abb7aed":105,"6023df54":101,"ec110282":123,"012de09c":97,"751bcf25":104,"168e75d9":106,"655941a0":113,"c382f054":116,"40a745c0":109,"1a2ec5d7":111,"c3e6ef01":112,"db703021":99,"4ff2225d":97,"e8f173b5":106,"b4fdf90e":109,"02d4753e":122,"3652bd66":107,"408bb2ed":98,"6f0fcb9d":104,"50312237":113,"d0b297b2":89,"03c398d2":111,"baebb391":116,"b460f030":118,"24d24fa3":104,"d82592f4":101,"aefe13f5":110,"73b15e04":101,"fafb4cc2":134,"8721056e":93,"b8488fc8":106,"afe8e06a":98,"78467b8a":120,"19551bad":98,"eb2e1983":103,"50b558a7":86,"d2466211":117,"cc5a1d47":89,"87cd2add":89,"9fce073c":105,"e4cfef0a":88,"8f13c203":88,"a577db1c":93,"ba30e43a":118,"df2b4d87":103,"e3547548":94,"28d40296":84,"9e65c0ef":96,"53747a91":108,"4eed1bea":108,"ded7da5a":109,"4295ce9a":112,"d25e0f8d":117,"cd421290":97,"696fdac5":101,"fd07e0ed":109,"bca2d7cd":104,"5747db6e":118,"3c6692a3":119,"0d2a1c58":95,"fb7482fe":96,"2c627253":100,"312f7676":108,"836701f6":98,"19f9ca86":106,"60e855ee":117,"95d3d348":106,"f1dffa24":91,"9a3cc55d":91,"f044c0e1":84,"e0f7679f":92,"de36827b":129,"4945c851":111,"3310a049":101,"1138796e":107,"95bc84f1":98,"b230e8d3":109,"31f6ba51":100,"e15fd611":91,"0ecfa1c9":96,"77f31bab":113,"68562193":88,"13747b82":113,"48efc739":124,"5d087c79":101,"bb8a6337":98,"081460bf":104,"5a0eb771":102,"d1fe2868":105,"cf775f58":103,"1d153b20":102,"88432019":96,"7a840529":88,"faf4f98b":109,"79be29c8":98,"6841f77e":115,"f0a06216":102,"ea4d3f3e":113,"e4117b3b":84,"db8ba455":107,"2dd0e808":98,"e382ec3f":85,"ac38a6a5":116,"ef8321d8":98,"f2f58418":95,"c45d554f":104,"79f04300":98,"69d4b754":97,"1247fa52":108,"104721f0":103,"93683c82":95,"d34a29b9":118,"a68a93b2":92,"e0154608":100,"059d6c19":112,"4ee62a26":96,"f1b493de":119,"5272520d":96,"b7434f57":87,"f2ca27d9":101,"f87c5031":91,"31f6d707":116,"b35e9e1a":140,"3652bd66":108,"c7c4ec5c":91,"4f5e3e7d":91,"4ba6eb36":99,"b377a62a":101,"64a7f79f":102,"cf52025e":98,"c27969ec":103,"4b4ef7fa":92,"4cc141fa":83,"e356abf1":112,"781ace7d":106,"f905a555":96,"83b2f9c5":109,"a5676c24":99,"6e44927f":92,"eb2e1983":104,"478d2d4f":111,"dd3913d2":101,"1745a0f4":102,"e5b1abc6":89,"92ca52b7":106,"1bc0591f":107,"e4cfef0a":89,"5f620a1e":115,"aab4d996":102,"4777334c":93,"b320feb9":110,"b7505747":112,"25776fc4":108,"a81a857c":103,"a0ce82b4":115,"6b9eff39":99,"7d112f4d":110,"26c390d6":98,"c0e2624b":95,"70c1e715":97,"2d382981":108,"9fc713b0":110,"39bbc4bc":119,"363590c7":106,"83086d4c":110,"016953e4":116,"8274885a":111,"d1676e89":102,"014bdff0":115,"07fc4a9a":109,"bbe71605":97,"2d1e1e9d":98,"6e851762":93,"98915a1f":86,"84b67924":107,"9147702f":93,"0681c48e":113,"a47abfbb":92,"ccf8b803":102,"3c18f28e":102,"e99318a3":104,"40860a4b":86,"5957df9e":95,"51f80f4c":112,"b88033fd":109,"5f6613c8":91,"f1df62b4":102,"056ea7ff":114,"30b6808c":103,"ef91eaae":89,"9f74b8a4":97,"7218c9f1":91,"bd2705b0":125,"dffa7793":79,"20811ddf":97,"f0a06216":103,"a1921150":110,"35aa7fd0":112,"8cc4a982":104,"6adce358":117,"ccdd1ce6":100,"913a6226":102,"f3992a31":99,"40e79dd3":101,"d25e0f8d":118,"2e3503e4":102,"ebdbf580":107,"8f9b74b0":99,"e0154608":101,"06ee61b6":97,"9316e7e8":86,"19e9776f":107,"972f4174":116,"4e3f5178":110,"a68a93b2":93,"30d84dce":94,"d634aa28":125,"5ccf94d6":101,"1e7753d9":121,"ce3407dd":100,"af157d29":103,"25a7a0a3":106,"9e206c95":117,"6cba74ce":101,"d1715f3b":108,"1f88a4b7":118,"f044c0e1":85,"0114160e":109,"05642105":104,"608bc832":96,"b8397293":97,"3652bd66":109,"92d38723":116,"82b81567":87,"b7407bd3":94,"408bb2ed":99,"23080895":89,"a0bc1ceb":108,"4b125e7b":110,"6b82b527":110,"6e44927f":93,"87c462ee":110,"da04caac":107,"2c6cb96f":87,"906fdec3":95,"a5676c24":100,"f3a0c2ee":100,"65e4235b":97,"dfcc2ad1":117,"2bcca6a7":120,"33d6bb6a":92,"55928ef1":107,"7bda83dd":100,"cd522166":120,"78b97937":111,"a577db1c":94,"d141db49":99,"7043382d":107,"2045d7d6":95,"28d40296":85,"4577b333":105,"25776fc4":109,"84b67924":108,"aec074c4":114,"0bd93cfd":86,"b5763ff6":84,"dd7acb96":107,"a1370ab0":105,"26c6fa34":99,"804d4dfa":103,"87922532":111,"2d382981":109,"aa00769b":118,"6ce84ff8":94,"3a204e56":112,"0b3283c9":103,"b935fc1c":98,"095ab3b4":95,"27f52ed3":120,"5270f158":106,"aec4e1bf":100,"07f98660":114,"ae95f2ba":119,"91536e85":112,"7fb4c521":107,"cb142908":92,"7a4c064c":114,"e4cfef0a":90,"789bd484":103,"4125085e":113,"c81b2bcf":92,"aa9ea5e8":92,"b8ab8e6e":102,"dfa1a89b":93,"031e488e":106,"d957f027":98,"c45d554f":105,"0149e11a":90,"f9f2c53f":93,"3007f31f":98,"df81ddee":96,"36380d96":113,"3ef7432b":107,"90a06ee9":102,"e21c6207":97,"06ee61b6":98,"dbc9df44":81,"e0154608":102,"66497c7e":99,"704bce0d":104,"56d315d8":88,"1e232870":111,"180377be":103,"f1b493de":120,"381c68fa":110,"5ccf94d6":102,"3b690f68":120,"c0e2624b":96,"d3e84616":114,"64db4feb":122,"57540cc3":117,"7028b044":91,"5d087c79":102,"13747b82":114,"37fbb107":114,"18815a1b":94,"88432019":97,"5339e1e9":104,"3661e12d":99,"07fc4a9a":110,"95f6db13":100,"28d41578":102,"45fb95c1":103,"fb44fa9c":118,"013ee301":102,"0b5a0408":102,"7ae3fc50":93,"36fb15d2":108,"b4fdf90e":110,"c4aa1e38":84,"4ea4a2a1":121,"0ac825ed":106,"6f0fcb9d":105,"25a7a0a3":107,"e1571af7":103,"88fa53d6":93,"75ffea08":109,"0f029727":93,"a81a857c":104,"caddd0a7":113,"ee75b607":99,"7ee7621c":109,"fea793f5":110,"5b5fc566":105,"5eab91a0":112,"a851891c":92,"fd482491":120,"6b82b527":111,"00cf385d":109,"71e53c93":109,"00a481e3":119,"dc03ebd2":121,"5ef93e5d":82,"aa867541":86,"cd522166":121,"11b2c8d9":93,"baebb391":117,"be1746a0":103,"a0bc1ceb":109,"48655f09":124,"468fc85c":98,"59c1e594":106,"87922532":112,"09ff339a":84,"c95719e5":98,"084cbc0b":102,"835358a0":95,"b7832271":115,"730338c4":114,"cbb54a0a":85,"eb7b4e29":93,"3c6692a3":120,"5774ac0d":112,"7fdc2007":97,"831c7b85":100,"ae95f2ba":120,"ffa08d82":100,"6c524f99":108,"8063df14":93,"cb142908":93,"50c468ba":101,"dfcc2ad1":118,"b73e789c":101,"ac030e74":96,"6034b6d0":109,"227006e4":97,"6867261a":102,"1b881e6e":110,"aff8e442":110,"c9efc8f6":105,"f8b31ce5":127,"201cafad":96,"44ff8baa":99,"7e8e1c3d":96,"79f04300":99,"180377be":104,"3b7763b1":88,"c382f054":117,"efd23af5":99,"5ccf94d6":103,"cb51f134":113,"74f234c6":118,"07107f6e":102,"0dad37d5":99,"debe1f65":108,"1e191c98":85,"c5b35e4d":96,"e0154608":103,"0af920d8":89,"d70ca4f4":120,"4c4aa2e2":105,"f2364460":114,"1ed46298":118,"32133249":105,"1a0189c4":98,"9ceb5439":94,"c64de0c0":91,"1634789b":104,"a983a6dc":95,"15620dca":113,"f2f58418":96,"57540cc3":118,"217c0327":79,"e9adbe58":98,"0e036ae9":122,"8cc4a982":105,"83086d4c":111,"f5829ac0":107,"ea9bba6b":96,"06ddafc7":87,"6085137f":82,"66554572":81,"8274885a":112,"28d41578":103,"3f2522c2":108,"b2703001":113,"1138796e":108,"b84a06eb":102,"d0e9a58e":93,"08a4c3f8":108,"92d38723":117,"792c9b6a":94,"3d1af513":109,"288afc30":100,"b2a8761b":85,"b3f19a69":96,"dffa7793":80,"1757a30e":99,"6c20c153":102,"4652b09a":126,"6b82b527":112,"fea793f5":111,"91f7ef72":101,"fd482491":121,"a0cf08b3":89,"95904ac4":117,"195eb771":99,"a5676c24":101,"ef8987d7":94,"20958d58":93,"0841052c":104,"c4e70c07":104,"2154b6e8":92,"4777334c":94,"7e76c93c":111,"e3547548":95,"c015ec5a":105,"259930ee":116,"13f0e139":96,"b6aaf976":117,"e8d74304":92,"dd1fcb17":92,"87922532":113,"4b4ef7fa":93,"2198ba8e":96,"016953e4":117,"3f2522c2":109,"26c390d6":99,"f069bb07":101,"ef1c2dcb":99,"70c1e715":98,"478d2d4f":112,"a567ace4":108,"fef750ca":106,"11b2c8d9":94,"dc0c8b09":122,"50b558a7":87,"053f3451":102,"30b6808c":104,"8fb236a9":92,"cf9f4757":94,"91536e85":113,"4930f321":100,"faf4f98b":110,"0fc5ac7e":125,"508aac3d":110,"8ea21393":95,"feb67030":99,"26dd2000":117,"b6ee137a":99,"6bc5d32a":121,"bc09fa9e":95,"ded7da5a":110,"704bce0d":105,"c5b35e4d":97,"4b4ecbce":85,"ebdbf580":108,"8e780922":105,"9267f0ef":119,"751bcf25":105,"e1618359":108,"dae0f922":109,"26ed1a5c":101,"b6591e25":103,"8942c35b":104,"cf1124db":95,"db703021":100,"b7832271":116,"5f6613c8":92,"aec4e1bf":101,"31d74eee":96,"64db4feb":123,"0670c466":96,"c93c3508":82,"e99318a3":105,"61d4782d":109,"4911acad":85,"d5557fb4":114,"68562193":89,"04643409":114,"c6c85783":111,"f66616b7":105,"558d5ce7":104,"dfa1a89b":94,"3f65f121":112,"315537b2":104,"8cc4a982":106,"83086d4c":112,"836701f6":99,"26f99a1e":103,"7ee148e9":98,"c7ab83c1":100,"fb44fa9c":119,"4945c851":112,"e8f173b5":107,"45fb95c1":104,"1f88a4b7":119,"cf84fb54":107,"05642105":105,"8323d333":92,"7a2f3f06":100,"5a0ead91":94,"8245f916":89,"82b81567":88,"8493f3b2":105,"8547fbc2":97,"51f57142":110,"9e65c0ef":97,"4577b333":106,"859545e6":85,"37a7d5b0":108,"24ffcbd3":115,"25776fc4":110,"ffc86f94":81,"87c462ee":111,"ba586505":101,"abad2347":104,"a6b5e869":96,"ae99df30":101,"d929098e":79,"aa867541":87,"ad2d7bed":106,"313258f2":102,"43bc86e3":95,"28654c76":115,"3f75d3bc":108,"56473430":113,"6e44927f":94,"5f8517b7":125,"064a99c8":98,"742f1425":100,"bc392d1c":90,"17807120":107,"35b58ef9":97,"01cd8099":107,"0f72f2d8":100,"fee32863":101,"2352c8ef":103,"78467b8a":121,"7af262e5":108,"9d023afb":118,"eebc8d43":104,"be3a10f8":123,"e4cfef0a":91,"f1df62b4":103,"ae95f2ba":121,"9496f56f":114,"7a4c064c":115,"7e95c5a0":107,"621d6b18":116,"dd7acb96":108,"4dac6b20":87,"e2a7d915":87,"3ef7432b":108,"40e79dd3":102,"4eed1bea":109,"6bc5d32a":122,"2b3c49b9":104,"685207b3":107,"704bce0d":106,"5e193fc8":103,"efe84c27":103,"5be594be":100,"c85a0d80":110,"c0fea118":98,"56d315d8":89,"4279e829":116,"7028b044":92,"778c95e9":101,"3062379b":93,"cbb54a0a":86,"84b67924":109,"3c6692a3":121,"c852d240":109,"a6003226":99,"3a1d1632":87,"6e98dfda":108,"5e09f69e":122,"ce3407dd":101,"5d087c79":103,"76f3a3be":101,"5339e1e9":105,"5eaa1581":97,"081460bf":105,"f2364460":115,"815e4582":103,"c98d5272":106,"695a2b92":94,"e238f09b":109,"5b60dd1d":111,"8dd649a3":94,"437fc3ec":101,"317c1591":113,"5099c6a0":125,"fb44fa9c":120,"2cce4fb2":111,"f5829ac0":108,"6d802fa2":96,"d36125db":110,"59431390":105,"54a676d6":93,"5acaa06f":83,"9260d96b":121,"8f2a7d69":97,"315537b2":105,"9de29816":84,"09560615":88,"bb99c79c":106,"ec2cb1af":108,"558d5ce7":105,"945b63f0":132
1604737548188,"93683c82":96,"66b7b5b4":98,"906632cb":101,"d033db8d":113,"f1b493de":121,"fbdffc95":94,"2045d7d6":96,"ce3bf5db":89,"7e76c93c":112,"719c8869":124,"92f800f5":103,"08a06557":124,"9cb4697f":111,"b0869206":108,"aa187e3b":92,"ee21ad02":112,"935ec056":97,"6b82b527":113,"54d7de6b":117,"cf1b8c47":112,"7c0a2db6":104,"95904ac4":118,"74c26380":109,"ec110282":124,"fafb4cc2":135,"8a165e17":113,"72b84094":133,"92136ff5":103,"7d112f4d":111,"bfad1727":91,"21e10a2b":105,"c45d554f":106,"20777945":94,"06ee61b6":99,"1a2c020b":95,"ebdbf580":109,"dcf85091":88,"d34a29b9":119,"c21ab51e":83,"b102f7bd":108,"55928ef1":108,"e35a63cd":104,"c510bfd3":121,"afe8e06a":99,"6c524f99":109,"2a76f1dd":92,"10ec5a0b":105,"ba938220":101,"d7cb9bcf":102,"7218c9f1":92,"4d9b0b10":108,"7566fdd6":122,"753ca352":92,"b2c25d1c":102,"cc11fef9":110,"dbd2f139":106,"e62d705f":87,"6f81493d":92,"3b690f68":121,"cd3bbe7e":105,"655941a0":114,"de11eb19":120,"f9c15fcc":107,"d102b0c6":92,"08a4c3f8":109,"a636f4c9":118,"b6aaf976":118,"458dcc3d":115,"b7df1559":107,"cbad3b92":126,"aa00769b":119,"56752a4a":92,"24ffcbd3":116,"c015ec5a":106,"a33fe0dd":112,"e32524d6":106,"25776fc4":111,"ee21ad02":113,"f0a06216":104,"935ec056":98,"2882a956":102,"b0869206":109,"20811ddf":98,"d83870f5":102,"e865e4dd":93,"781ace7d":107,"aa867541":88,"5f0c1b9d":110,"537634c9":90,"fd482491":122,"6e44927f":95,"88fa53d6":94,"d9d7c4c2":111,"60e855ee":118,"77d35808":99,"a40846b7":115,"d1676e89":103,"95d3d348":107,"8dc9b4db":113,"317c1591":114,"6db0ea86":106,"8aa78e2f":100,"d36125db":111,"b84a06eb":103,"95bc84f1":99,"013ee301":103,"ce4da56f":113,"5c82d1ce":108,"ab7467de":116,"c455f40e":95,"913a6226":103,"ecfa8249":116,"40e79dd3":103,"0a96f57a":109,"e0154608":104,"1247fa52":109,"f598a332":99,"9a3ab0b8":92,"2a4a402a":101,"30c184b8":107,"70ee0491":88,"4c0e547b":100,"733c86f8":100,"fe8f3d36":95,"7566fdd6":123,"6f39f4d9":115,"053f3451":103,"95539a58":84,"869cbaa0":115,"a85d89cc":103,"faf4f98b":111,"288d171f":100,"e9679ede":93,"f76a3e83":109,"b215547b":91,"1e191c98":86,"a68a93b2":94,"8db62558":103,"a8726d50":93,"e62d705f":88,"9316e7e8":87,"6e24d88b":100,"06073f13":111,"b7407bd3":95,"5acaa06f":84,"02d4753e":123,"45b038bb":119,"8245f916":90,"d0b297b2":90,"8eb64769":96,"03dcfa3d":106,"481754fc":88,"a0b03218":97,"27c8e038":118,"64a7f79f":103,"87ce8d1d":83,"4fd645f1":88,"2882a956":103,"b0869206":110,"9cb4697f":112,"d83870f5":103,"bec9d329":112,"1a442bc7":107,"ad2d7bed":107,"ef8987d7":95,"0a1d11e6":91,"5f96c2bc":104,"d5dae4c4":133,"d9d0c567":103,"810aa5e9":111,"aa021138":111,"ba30e43a":119,"30c5d755":117,"5ab7bc35":112,"c015ec5a":107,"ea6de194":114,"2c01e624":97,"084cbc0b":103,"9ab755d3":101,"9147702f":94,"a6626a13":88,"778c95e9":102,"2d54e0a8":96,"57d5dee8":114,"c852d240":110,"bfcb912a":103,"8a52882e":102,"6df0b2e8":127,"9b3f8714":111,"ce3407dd":102,"deb31f35":108,"ccf8b803":103,"842c8340":93,"c64de0c0":92,"254cc28c":114,"1d790491":104,"e99318a3":106,"25a7a0a3":108,"2dda3936":98,"e9adbe58":99,"6cba74ce":102,"3f65f121":113,"140ce69e":101,"49902219":119,"c318d350":114,"f1dffa24":92,"83086d4c":113,"8dd649a3":95,"3f2522c2":110,"22aeaf03":100,"1da771fb":98,"ce4da56f":114,"3c782bb3":102,"a8871ddf":92,"e36dfd6f":94,"013ee301":104,"b552beb3":104,"045f280d":105,"805534ac":105,"5c82d1ce":109,"70594a28":99,"dd035d2a":100,"062179c1":104,"13b53c7a":104,"92ca52b7":107,"831c7b85":101,"9b546d65":96,"fead11cf":92,"78b97937":112,"07f98660":115,"c8113b77":93,"10ec5a0b":106,"e57d5cda":109,"ecfa8249":117,"6490bac6":93,"5a622a23":98,"913a6226":104,"f121b82c":119,"1a2c020b":96,"a3253019":102,"c7313e0a":114,"501db4de":108,"d34a29b9":120,"6fb4cdda":119,"6f81493d":93,"f1b493de":122,"30dbfc69":99,"4ee62a26":97,"0c043224":119,"7a6aa4b6":107,"fa55f27a":116,"358e45b1":103,"c7c4ec5c":92,"d33790a2":111,"1ff8c2fc":112,"4ac6bd4e":95,"bc392d1c":91,"d82592f4":102,"468fc85c":99,"27c8e038":119,"b2bd8fd3":101,"4b4ef7fa":94,"e8d74304":93,"751acea8":91,"f4634d0b":92,"9aa6a054":103,"abd32136":99,"2ce1af05":87,"1bb4ccc0":109,"e6ec8cbf":115,"e382ec3f":86,"79be29c8":99,"1a442bc7":108,"6b82b527":114,"a901627e":98,"a472532e":96,"bb00e71c":84,"71e53c93":110,"fafb4cc2":136,"e1571af7":104,"14c682eb":94,"fbdffc95":95,"259930ee":117,"62d1d346":91,"d9d7c4c2":112,"2af60749":105,"fd369c21":112,"cbb54a0a":87,"2f455cce":106,"92efd84f":107,"98915a1f":87,"0d2a1c58":96,"2d13e69b":102,"ed4fad08":110,"e9a8cf11":103,"725dce8b":118,"2132fe93":113,"97e75c19":122,"9f5e6cba":106,"25d1b2d8":108,"5d087c79":104,"6867261a":103,"d1fe2868":106,"081460bf":106,"0f1ac912":89,"bda8cdfb":110,"ccf8b803":104,"eafbf9fb":100,"6cba74ce":103,"9a467a82":107,"12012fbd":102,"affb82bf":110,"af157d29":104,"18815a1b":95,"fe1d4419":106,"c0b7e7d7":89,"27f52ed3":121,"93ac9ca3":102,"26f99a1e":104,"ea9bba6b":97,"095ab3b4":96,"1db42092":117,"b84a06eb":104,"d9dcdc4b":121,"6db0ea86":107,"d9d0c567":104,"91f7ef72":102,"616d6dd6":101,"30c184b8":108,"478d2d4f":113,"cfafcda8":98,"733c86f8":101,"2a76f1dd":93,"2bcca6a7":121,"1105f790":109,"92136ff5":104,"3007f31f":99,"51c57542":107,"5fa12feb":106,"21ad2f34":98,"805534ac":106,"e1f0dbfd":116,"145c7559":114,"69134f07":103,"9f2b16a7":107,"0dad37d5":100,"704bce0d":107,"5e193fc8":104,"4e3f5178":111,"c2bb8aae":104,"bb98a6cf":125,"467773ac":95,"66b7b5b4":99,"05642105":106,"868edcc0":114,"6291e9e9":105,"45b038bb":120,"b8397293":98,"1bd5b20b":116,"3a1b9af5":106,"b377a62a":102,"7a6aa4b6":108,"49bf2e95":93,"a0b03218":98,"87ce8d1d":84,"3e602573":97,"8eb64769":97,"cf52025e":99,"a8726d50":94,"1f11812e":113,"dbd2f139":107,"629800eb":110,"d83294cd":98,"d7cb9bcf":103,"b9be31d6":109,"2b698053":102,"1dad0f99":107,"0d7d88f1":100,"3b2dee89":101,"1c0a9eff":97,"e382ec3f":87,"04cc7cbe":90,"d6f0d94a":94,"cc6bbe45":97,"e786063b":106,"7e76c93c":113,"2154b6e8":93,"f8b31ce5":128,"b5ce0c0c":114,"8657c79d":120,"92efd84f":108,"8cd78f77":116,"6a3eaf43":101,"e58b26f6":114,"835358a0":96,"6df0b2e8":128,"aaa274a5":109,"e9a8cf11":104,"deb31f35":109,"47cfba38":96,"a6003226":100,"d957f027":99,"71279c46":100,"f4b2f575":84,"76f3a3be":102,"c81b2bcf":93,"8a52882e":103,"93fdbb44":90,"650bb0e0":106,"cb6c9e42":120,"12dd6f5e":98,"d8475b95":79,"56752a4a":93,"437fc3ec":102,"c95719e5":99,"3f2522c2":111,"a40846b7":116,"578f6e9e":117,"e7773397":92,"d1676e89":104,"de36827b":130,"1757a30e":100,"9d4f1fe6":97,"f3a0c2ee":101,"16b476e9":100,"0a1d11e6":92,"71ba7561":101,"abc1d7ad":108,"e865e4dd":94,"2dd0e808":99,"ef8987d7":96,"eb2e1983":105,"a567ace4":109,"6a7392d5":95,"ba5c52af":106,"33d6bb6a":93,"e2cbe594":95,"ccb5ea3e":91,"bc09fa9e":96,"f9f2c53f":94,"70594a28":100,"a851554d":114,"8f9b74b0":100,"c0fea118":99,"d3e84616":115,"546f6845":114,"ac38a6a5":117,"b9a48a5c":96,"36d340f2":90,"865d9857":82,"ab7d4c9a":97,"5be594be":101,"9f2b16a7":108,"470d50c2":102,"9267f0ef":120,"34c5c729":101,"e8f173b5":108,"fb44fa9c":121,"1be05c14":97,"013ee301":105,"a3d4a0e5":105,"411b5027":106,"4ba6eb36":100,"a533489b":112,"de11eb19":121,"1bd5b20b":117,"34658473":91,"d102b0c6":93,"40569362":113,"71bc1295":95,"db703021":101,"dbd2f139":108,"0841052c":105,"1f11812e":114,"0af920d8":90,"5272520d":97,"f4634d0b":93,"fead11cf":93,"d78dd457":95,"d2466211":118,"f7231212":104,"ac030e74":97,"f1df62b4":104,"d5059415":105,"7fb4c521":108,"d4ee22a4":104,"75ffea08":110,"868cda42":101,"805af3c7":107,"aaa274a5":110,"70bc8325":97,"d0d6acb1":103,"2d13e69b":103,"ef1c2dcb":100,"0fc5ac7e":126,"b947257e":117,"be149c6f":99,"e4714415":113,"9f5e6cba":107,"af034fee":99,"71a2a493":78,"1ed46298":119,"35aa7fd0":113,"d957f027":100,"0670c466":97,"5f7d7195":96,"ccf8b803":105,"49b358bd":116,"b5ce0c0c":115,"9e65c0ef":98,"cc6bbe45":98,"03dcfa3d":107,"458dcc3d":116,"13f0e139":97,"17807120":108,"792cfcbd":97,"a543ec74":100,"263762cb":91,"095ab3b4":97,"7ee148e9":99,"a58bf525":104,"5410e9c6":110,"8274885a":113,"0b3283c9":104,"2882a956":104,"11b74e63":101,"9cb4697f":113,"e382ec3f":88,"ea4d3f3e":114,"b0869206":111,"d5dae4c4":134,"79be29c8":100,"00a481e3":120,"71e53c93":111,"3101354b":93,"aa867541":89,"7896b953":116,"ef8987d7":97,"733c86f8":102,"f67de058":110,"fb8bfb36":121,"e2cbe594":96,"da3437cd":97,"53747a91":109,"ccb5ea3e":92,"66d94227":99,"f4b2f575":85,"bad1a1cc":96,"6cba74ce":104,"f87c5031":92,"53a8613c":123,"b9a48a5c":97,"fd6dcb20":101,"dfa1a89b":95,"49902219":120,"4e5aaaec":88,"c8dc010f":119,"685207b3":108,"c85a0d80":111,"8e99d5d0":115,"0dad37d5":101,"0be540c5":113,"0b5a0408":103,"6a60348e":98,"45fb95c1":105,"8d753bb6":89,"1138796e":109,"4b3e3b1c":106,"4ac6bd4e":96,"5acaa06f":85,"761cf820":106,"45b038bb":121,"4ba6eb36":101,"0ac825ed":107,"3d1af513":110,"f3992a31":100,"be2955bb":109,"90a06ee9":103,"180377be":105,"e62d705f":89,"467773ac":96,"8db62558":104,"0af920d8":91,"c2bb8aae":105,"7a9344a4":124,"9a07d89b":110,"9b546d65":97,"a8c93bed":103,"f5e8dfee":120,"30c184b8":109,"621d6b18":117,"76f94eda":102,"0bfabf48":96,"ac030e74":98,"4d9b0b10":109,"ad303bda":106,"056ea7ff":115,"2a06ab95":114,"2d54e0a8":97,"383e232d":102,"50c3164b":113,"d3a669ac":113,"d0d6acb1":104,"884b0ad1":101,"540df50f":109,"76f3a3be":103,"b230e8d3":110,"a1370ab0":106,"4125085e":114,"e15fd611":92,"dcfaba4c":106,"30c5d755":118,"2154b6e8":94,"04ea5673":111,"cc6bbe45":99,"b460f030":119,"dfc89705":100,"a543ec74":101,"c27969ec":104,"4b4ef7fa":95,"a636f4c9":119,"12a2cd4b":105,"095ab3b4":98,"fb7b7b3c":114,"9bdf362a":94,"92f800f5":104,"868cda42":102,"ba586505":102,"a502c93c":88,"d1d40c9c":117,"87c462ee":112,"20811ddf":99,"124fbe96":94,"e6ec8cbf":116,"4abb7aed":106,"731fc335":82,"8a165e17":114,"6023df54":102,"2dd0e808":100,"42cd2360":90,"b28a5e67":112,"805534ac":107,"0ecfa1c9":97,"d1fe2868":107,"a939b50b":108,"cb6c9e42":121,"23760167":95,"a1921150":111,"97e75c19":123,"f87c5031":93,"9c045c61":114,"53a8613c":124,"1d153b20":103,"546f6845":115,"140ce69e":102,"ef8321d8":99,"c8dc010f":120,"fb8bfb36":122,"7e8e1c3d":97,"f734c84c":125,"a851554d":115,"f4343817":105,"5410e9c6":111,"d599b566":115,"3f2522c2":112,"004f1ef3":130,"60e855ee":119,"b552beb3":105,"95f6db13":101,"0be540c5":114,"cf84fb54":108,"8b2b601d":103,"6db0ea86":108,"de36827b":131,"288afc30":101,"c4aa1e38":85,"3652bd66":110,"b35e9e1a":141,"a533489b":113,"2e99f8fd":96,"5a0ead91":95,"145c7559":115,"c382f054":118,"501db4de":109,"8e99d5d0":116,"9b742f71":94,"3498f223":95,"06ee61b6":100,"bb98a6cf":126,"19e9776f":108,"0c043224":120,"026766f3":101,"20e470e0":100,"13b53c7a":105,"e5b1abc6":90,"2352c8ef":104,"b102f7bd":109,"f2e3c0e3":92,"b87158fb":107,"33d6bb6a":94,"ba938220":102,"9aa6a054":104,"6f39f4d9":116,"621d6b18":118,"f1df62b4":105,"4d9b0b10":110,"0bfabf48":97,"66497c7e":100,"059d6c19":113,"7db3edda":102,"bca2d7cd":105,"d0d6acb1":105,"de6213c7":101,"e58b26f6":115,"d744bee2":99,"aaa274a5":111,"be149c6f":100,"a47abfbb":93,"ae8a09c4":97,"e6fac295":97,"be1746a0":104,"b460f030":120,"4cc141fa":84,"27c8e038":120,"0f72f2d8":101,"b7505747":113,"7043382d":108,"37a7d5b0":109,"7e76c93c":114,"e3547548":96,"a81a857c":105,"62d1d346":92,"f56ac638":87,"8bc04eb5":109,"20811ddf":100,"6775d5cd":98,"b0869206":112,"bb00e71c":85,"290b4714":100,"2dd0e808":101,"a5676c24":102,"d5dae4c4":135,"313258f2":103,"7c0a2db6":105,"74c26380":110,"83b2f9c5":110,"bfcb912a":104,"9b3f8714":112,"68562193":90,"51f80f4c":113,"36b7003c":133,"57d5dee8":115,"254cc28c":115,"a939b50b":109,"36684155":104,"c6c85783":112,"93fdbb44":91,"794f652b":112,"e9adbe58":100,"22ecaed0":96,"546f6845":116,"08c6b5d2":107,"8cc4a982":107,"623c6a31":109,"217c0327":80,"201cafad":97,"70594a28":101,"21ad2f34":99,"263762cb":92,"f6fe095d":121,"3c43e8a2":114,"2203f259":104,"3a204e56":113,"fb7b7b3c":115,"60e855ee":120,"8cf83787":93,"f044c0e1":86,"a6bcb07e":110,"bbe71605":98,"95f6db13":102,"a3d4a0e5":106,"0be540c5":115,"00554ffd":122,"8493f3b2":106,"06073f13":112,"0cb80f4a":100,"c8dc010f":121,"0149e11a":91,"efd23af5":100,"5c82d1ce":110,"8e780922":106,"f3992a31":101,"696fdac5":102,"5e193fc8":105,"f2086446":106,"dcf85091":89,"69134f07":104,"b102f7bd":110,"9a07d89b":111,"13b53c7a":106,"a59a8290":105,"dfcc2ad1":119,"cd522166":122,"0042f6eb":101,"2ce1af05":88,"53b4e647":116,"8ac72326":88,"43d87483":100,"ffa08d82":101,"d4ee22a4":105,"6034b6d0":110,"30d84dce":95,"f883d582":97,"cd3bbe7e":106,"4ee62a26":98,"f1b493de":123,"3f9b5722":97,"1a2ec5d7":112,"7db3edda":103,"d33790a2":112,"b4fdf90e":111,"6f0fcb9d":106,"a0b03218":99,"4cc141fa":85,"26c6fa34":100,"a636f4c9":120,"03dcfa3d":108,"0eaf08da":109,"ae8a09c4":98,"e1571af7":105,"08a06557":125,"28d40296":86,"65a00a3c":99,"e32524d6":107,"44c77422":108,"014460b9":129,"2882a956":105,"6c20c153":103,"11b74e63":102,"0d770b97":106,"7735c3c2":97,"aa187e3b":93,"9cb4697f":114,"8db5a165":94,"fe44fc6f":105,"1d44aff3":118,"537634c9":91,"aa867541":90,"5f0c1b9d":111,"91f7ef72":103,"5a07fc2e":95,"ef1c2dcb":101,"b7832271":117,"a6626a13":89,"bca2d7cd":106,"a6003226":101,"84b767be":128,"42c80e69":117,"af034fee":100,"bfcb912a":105,"64db4feb":124,"4ed01268":100,"57d5dee8":116,"25d1b2d8":109,"789bd484":104,"c4bff41f":110,"23760167":96,"e99318a3":107,"77f31bab":114,"f2364460":116,"fd6dcb20":102,"ef8321d8":100,"53a8613c":125,"49902219":121,"8dd2684c":107,"22ecaed0":97,"315537b2":106,"317c1591":115,"f5cd79c1":92,"5410e9c6":112,"5623817d":103,"f2470875":117,"60e855ee":121,"b935fc1c":99,"159ffd0b":90,"a3d4a0e5":107,"cf84fb54":109,"bbe71605":99,"6c73ae98":88,"11888cfa":97,"3310a049":102,"a0cca8b7":86,"e2a7d915":88,"7d112f4d":112,"8f9b74b0":101,"26dd2000":118,"8e99d5d0":117,"8ea21393":96,"da3437cd":98,"f2086446":107,"82204d54":98,"e5b1abc6":91,"0e2b5d2f":111,"c1bb74f2":95,"95539a58":85,"bd62d7ed":92,"af7e5be8":111,"cfafcda8":99,"fee32863":102,"ba938220":103,"87cd2add":90,"87083264":120,"b9be31d6":110,"cb142908":94,"d0c104c4":79,"ca6d2d91":104,"30dbfc69":100,"acac14fb":99,"34c5c729":102,"0841052c":106,"751acea8":92,"145c7559":116,"db0a661e":103,"5acaa06f":86,"c4aa1e38":86,"82b81567":89,"36fb15d2":109,"9e878ec2":121,"9263c525":106,"064a99c8":99,"b6aaf976":119,"dd1fcb17":93,"792cfcbd":98,"35b58ef9":98,"9fc713b0":111,"eed20185":117,"19e9776f":109,"7f86be64":112,"74f234c6":119,"f3992a31":102,"1623fc9f":103,"8f13c203":89,"fbdffc95":96,"0a2f71bc":94,"37d0cae2":100,"16b476e9":101,"d1d40c9c":118,"1bb4ccc0":110,"65e4235b":98,"79be29c8":101,"cf1b8c47":113,"db8ba455":108,"00cf385d":110,"5f96c2bc":105,"1a442bc7":109,"7c0a2db6":106,"00a481e3":121,"fd482491":123,"a577db1c":95,"a33fe0dd":113,"cc6bbe45":100,"911e770b":111,"70bc8325":98,"2d54e0a8":98,"b5763ff6":85,"dd7acb96":109,"ea822700":84,"af034fee":101,"60d6cee2":104,"b947257e":118,"76f3a3be":104,"6df0b2e8":129,"031e488e":107,"5f7d7195":97,"0681c48e":114,"c81b2bcf":94,"e4714415":114,"088feee2":115,"a983a6dc":96,"37fbb107":115,"2b3e4717":102,"d6320619":101,"9ceb5439":95,"175bc6b2":85,"7080f122":98,"9a467a82":108,"315537b2":107,"a58bf525":105,"5099c6a0":126,"e238f09b":110,"d1676e89":105,"0b3283c9":105,"6d61bf13":101,"3c43e8a2":115,"bab97de3":116,"b84a06eb":105,"cf50e84e":105,"66554572":82,"4ff2225d":98,"4e5aaaec":89
1604737549226,"21ee2afe":113,"f87c5031":94,"fd369c21":113,"2d54e0a8":99,"2d13e69b":104,"2180f99b":110,"0d2a1c58":97,"51f80f4c":114,"6e851762":94,"5774ac0d":113,"411b5027":107,"54a676d6":94,"f069bb07":102,"a2c334e7":121,"bfcb912a":106,"31d74eee":97,"74e3d13e":104,"37fbb107":116,"f94bf9ea":103,"8d04852b":100,"36b7003c":134,"aff8e442":111,"66d94227":100,"d5557fb4":115,"25d1b2d8":110,"12dd6f5e":99,"d3e84616":116,"22ecaed0":98,"2dda3936":99,"dfa1a89b":96,"8cc4a982":108,"b946e146":118,"b4fdf90e":112,"8245f916":91,"4ba6eb36":102,"2e99f8fd":97,"40569362":114,"82b81567":90,"b7407bd3":96,"eed20185":118,"be1746a0":105,"cf52025e":100,"01cd8099":108,"bad6cdb1":100,"2d382981":110,"74e01f6a":97,"f2e3c0e3":93,"5f4102da":105,"7fdc2007":98,"70ee0491":89,"50c468ba":102,"053f3451":104,"6a7392d5":96,"0042f6eb":102,"87083264":121,"78467b8a":122,"af7e5be8":112,"e2a7d915":89,"98915a1f":88,"c0e2624b":97,"8cd78f77":117,"1f342a00":101,"f2470875":118,"a58bf525":106,"6ce84ff8":95,"b769bdfb":109,"695a2b92":95,"09f0db62":129,"2203f259":105,"a3d4a0e5":108,"e8f173b5":109,"868edcc0":115,"d6db2b02":115,"013ee301":106,"489a39f7":92,"e58b26f6":116,"2c01e624":98,"5e09f69e":123,"c793cdda":106,"c852d240":111,"227006e4":98,"40860a4b":87,"c4bff41f":111,"842c8340":94,"6df0b2e8":130,"a1370ab0":107,"b88033fd":110,"aff8e442":112,"254cc28c":116,"04643409":115,"e4cfef0a":92,"597c1f81":102,"0785820e":110,"e382ec3f":89,"79be29c8":102,"2882a956":106,"ba586505":103,"1bb4ccc0":111,"ae016053":109,"290b4714":101,"f789f6d8":117,"8db5a165":95,"37d0cae2":101,"4ed01268":101,"d1fe2868":108,"efd23af5":101,"9a80f004":94,"6490bac6":94,"53747a91":110,"e1618359":109,"a0cca8b7":87,"4c4aa2e2":106,"c0fea118":100,"c382f054":119,"f598a332":100,"9b742f71":95,"e0154608":105,"5272520d":98,"4ee62a26":99,"b7434f57":88,"26ed1a5c":102,"f4634d0b":94,"0841052c":107,"be40590d":103,"7d6895f4":112,"ef8321d8":101,"36d340f2":91,"8dd2684c":108,"dfa1a89b":97,"8cc4a982":109,"558d5ce7":106,"d9dcdc4b":122,"792c9b6a":95,"8c6e001f":90,"332820ce":109,"4f5e3e7d":92,"336d0f08":118,"b2a8761b":86,"761cf820":107,"04612878":116,"dd1fcb17":94,"c609739e":107,"23080895":90,"cf52025e":101,"cbad3b92":127,"03dcfa3d":109,"3a291497":91,"2dd0e808":102,"da04caac":108,"1d44aff3":119,"fe8f3d36":96,"a59a8290":106,"4c0e547b":101,"eebc8d43":105,"87cd2add":91,"2bcca6a7":122,"ef91eaae":90,"8f13c203":90,"24ffcbd3":117,"c8fcad77":98,"7e76c93c":115,"3fdb08f5":98,"014460b9":130,"d9f512b9":112,"ea9bba6b":98,"3e082b37":96,"39bbc4bc":120,"014bdff0":116,"d1676e89":106,"dc583e64":107,"004f1ef3":131,"49910300":99,"95bc84f1":100,"cf50e84e":106,"1138796e":110,"72d7b461":113,"730338c4":115,"b947257e":119,"508aac3d":111,"284544ba":100,"9147702f":95,"31f6ba51":101,"c0e2624b":98,"0681c48e":115,"9b3f8714":113,"b7cc7909":103,"32133249":106,"bb8a6337":99,"ed4fad08":111,"77f31bab":115,"20958d58":94,"cb142908":95,"1dad0f99":108,"6c524f99":110,"056ea7ff":116,"4930f321":101,"a06a6430":106,"f0a06216":105,"6ee92259":107,"6775d5cd":99,"bec9d329":113,"677c6a09":123,"cf775f58":104,"f4b2f575":86,"84369269":89,"39a2fcce":89,"201cafad":98,"2209903e":117,"77898c22":83,"debe1f65":109,"51c57542":108,"3ef7432b":109,"f4343817":106,"0a92153e":106,"c4feee5b":108,"754f98c9":107,"c5b35e4d":98,"f3992a31":103,"6b78ad7f":113,"1e232870":112,"bb98a6cf":127,"cd3bbe7e":107,"8942c35b":105,"74f234c6":120,"3b690f68":122,"906632cb":102,"66497c7e":101,"faf3ed07":100,"088feee2":116,"6cba74ce":105,"d3e84616":117,"af157d29":105,"22ecaed0":99,"eafbf9fb":101,"865d9857":83,"3454fa2b":97,"1be05c14":98,"489a39f7":93,"0b5a0408":104,"de11eb19":122,"2e99f8fd":98,"fa55f27a":117,"761cf820":108,"00554ffd":123,"8323d333":93,"06073f13":113,"a0bc1ceb":110,"b6aaf976":120,"804d4dfa":104,"a636f4c9":121,"35b58ef9":99,"ac62fac2":115,"17807120":109,"67d30f2b":100,"69eeae0d":92,"ef8987d7":98,"e356abf1":113,"a15713c6":122,"ae016053":110,"ec110282":125,"56473430":114,"5ef93e5d":83,"7af262e5":109,"f2e3c0e3":94,"62d1d346":93,"aab4d996":103,"ca7d47f7":108,"c4e70c07":105,"e32524d6":108,"e5d3655c":115,"fce3c5c6":91,"a77e127d":82,"e7773397":93,"9a3cc55d":92,"363590c7":107,"312f7676":109,"014bdff0":117,"b1f58563":102,"9147702f":96,"70c1e715":99,"f271ed5d":113,"88b3bc99":90,"2180f99b":111,"98915a1f":89,"540df50f":110,"eb7b4e29":94,"181c3dd5":107,"e9a8cf11":105,"35aa7fd0":114,"1bc0591f":108,"a66a2d8a":122,"30c184b8":110,"597c1f81":103,"9a07d89b":112,"d4ee22a4":106,"dc0c8b09":123,"e4cfef0a":93,"e28c2efc":94,"ffa08d82":102,"50c468ba":103,"abd32136":100,"9d4f1fe6":98,"6c20c153":104,"8d04852b":101,"17446892":97,"162a7348":107,"e99318a3":108,"2209903e":118,"27d8bf51":106,"79e4fa1c":102,"261c9911":110,"2b3c49b9":105,"debe1f65":110,"92136ff5":105,"dbc9df44":82,"5be594be":102,"5e193fc8":106,"ebdbf580":110,"9f2b16a7":109,"2e3503e4":103,"34c5c729":103,"dbd2f139":109,"93683c82":97,"66b7b5b4":100,"40a745c0":110,"7a9344a4":125,"9d4da635":85,"a8726d50":95,"a9b1bd51":78,"91d52a55":99,"90d52475":106,"faf3ed07":101,"650bb0e0":107,"93fdbb44":92,"9a467a82":109,"15620dca":114,"8547fbc2":98,"175bc6b2":86,"3454fa2b":98,"9e206c95":118,"f87c5031":95,"6d802fa2":97,"a4dafea5":103,"05642105":107,"f277386e":85,"1f88a4b7":120,"28d41578":104,"06ddafc7":88,"1b153aef":110,"408bb2ed":100,"b35e9e1a":142,"b7407bd3":97,"5a0ead91":96,"de11eb19":123,"608bc832":97,"6be9332a":96,"24d24fa3":105,"458dcc3d":117,"4b125e7b":111,"d929098e":80,"677c6a09":124,"290b4714":102,"a502c93c":89,"a901627e":99,"a5676c24":103,"ef8987d7":99,"a5fd8ffd":106,"91f7ef72":104,"fafb4cc2":137,"8db5a165":96,"08a06557":126,"0a2f71bc":95,"d141db49":100,"2045d7d6":97,"c4e70c07":106,"dac109cf":98,"868cda42":103,"12271e14":104,"64a7f79f":104,"03c398d2":112,"1c3a30c5":101,"578f6e9e":118,"004f1ef3":132,"dc583e64":108,"82868763":103,"971675c5":107,"b769bdfb":110,"7e991ab9":82,"3c6692a3":122,"0d2a1c58":98,"af0b61ab":100,"a625328f":114,"d3a669ac":114,"eb2e1983":106,"20958d58":95,"be3a10f8":124,"78467b8a":123,"1dad0f99":109,"c463799d":114,"cfafcda8":100,"8fb236a9":93,"30c184b8":111,"0bfabf48":98,"9c29f0ed":119,"af7e5be8":113,"c8113b77":94,"7e95c5a0":108,"ea822700":85,"71a2a493":79,"74e3d13e":105,"3c18f28e":103,"07107f6e":103,"92136ff5":106,"25e0dd3d":113,"4eed1bea":110,"3b7763b1":89,"21ad2f34":100,"da3437cd":99,"685207b3":109,"104721f0":104,"c21ab51e":84,"c0fea118":101,"1247fa52":110,"b3863630":95,"f76a3e83":110,"26ed1a5c":103,"0c0e98ea":100,"1a2ec5d7":113,"6e24d88b":101,"8942c35b":106,"dae0f922":110,"be40590d":104,"13747b82":115,"5e09f69e":124,"a1370ab0":108,"7af9d3b1":107,"d1fe2868":109,"bda8cdfb":111,"23760167":97,"ce3407dd":103,"c67979e6":124,"650bb0e0":108,"449d8475":94,"12dd6f5e":100,"558d5ce7":107,"eafbf9fb":102,"a77e8461":101,"c7ab83c1":101,"45fb95c1":106,"f044c0e1":87,"159ffd0b":91,"95bc84f1":101,"cf84fb54":110,"28d41578":105,"3c782bb3":103,"b4fdf90e":113,"b7407bd3":98,"5f8517b7":126,"c7c4ec5c":93,"8f2a7d69":98,"4ac6bd4e":97,"49bf2e95":94,"eeaa2d46":115,"d6320619":102,"6de0aaac":95,"79be29c8":103,"00cf385d":111,"b3f19a69":97,"91b28f83":111,"6c20c153":105,"3b2dee89":102,"db8ba455":109,"87c462ee":113,"aa76bc50":92,"d9d0c567":105,"f3a0c2ee":102,"a15713c6":123,"52eca0dc":102,"810aa5e9":112,"a33fe0dd":114,"caddd0a7":114,"d9f512b9":113,"fbdffc95":97,"3fdb08f5":99,"868cda42":104,"1623fc9f":104,"64a7f79f":105,"01cd8099":109,"26c6fa34":101,"c609739e":108,"a0bc1ceb":111,"2d382981":111,"bc392d1c":92,"1da771fb":99,"fe1d4419":107,"20958d58":96,"8721056e":94,"8f10fa42":129,"8ac72326":89,"0042f6eb":103,"76f94eda":103,"78467b8a":124,"77bfed7e":104,"8007f30e":78,"7a840529":89,"621d6b18":119,"f2e3c0e3":95,"7a4c064c":116,"8fb236a9":94,"98915a1f":90,"cbb54a0a":88,"5747db6e":119,"261c9911":111,"4295ce9a":113,"3b7763b1":90,"4e5aaaec":90,"3ef7432b":110,"f9f2c53f":95,"6490bac6":95,"696fdac5":103,"0a92153e":107,"f33c0140":101,"be2955bb":110,"ebdbf580":111,"655954ba":101,"cb51f134":114,"1e191c98":87,"655941a0":115,"8942c35b":107,"b6591e25":104,"3062379b":94,"2c01e624":99,"32133249":107,"f069bb07":103,"e9a8cf11":106,"d0d6acb1":106,"227006e4":99,"bc3dc66a":107,"6867261a":104,"dc473de1":100,"a6003226":102,"1b881e6e":111,"794f652b":113,"b88033fd":111,"789bd484":105,"cb6c9e42":122,"b8ab8e6e":103,"254cc28c":117,"6de0aaac":96,"6085137f":83,"312f7676":110,"9a3cc55d":93,"b769bdfb":111,"dc583e64":109,"59431390":106,"0be540c5":116,"05642105":108,"f277386e":86,"a8871ddf":93,"868edcc0":116,"0d2c95fe":105,"b2a8761b":87,"5f8517b7":127,"b4fdf90e":114,"8f2a7d69":99,"c4aa1e38":87,"34658473":92,"6585adbe":86,"2dda3936":100,"53a8613c":126,"57540cc3":119,"f3d68430":110,"b9a48a5c":98,"af157d29":106,"5acce642":106,"51a3e9c2":114,"bb00e71c":86,"e4117b3b":85,"6ee92259":108,"aa76bc50":93,"7fef9973":108,"93b0a158":108,"b28a5e67":113,"537634c9":92,"5f0c1b9d":112,"e865e4dd":95,"42cd2360":91,"4bc46d7a":95,"0d5ee801":91,"20e470e0":101,"1a2ec5d7":114,"5ab7bc35":113,"b5ce0c0c":116,"8f13c203":91,"aa021138":112,"65a00a3c":100,"a33fe0dd":115,"7be025ce":108,"87922532":114,"ad8f85d6":117,"a5aee5de":127,"cf52025e":102,"35b58ef9":100,"c609739e":109,"48655f09":125,"1bc0591f":109,"b8488fc8":107,"8f10fa42":130,"2ce1af05":89,"eb2e1983":107,"0d28db94":96,"25a2844e":114,"9fce073c":106,"d78dd457":96,"9c29f0ed":120,"e5b1abc6":92,"b73e789c":102,"0bfabf48":99,"4f59a322":107,"21ad2f34":101,"7e8e1c3d":98,"4e5aaaec":91,"3007f31f":100,"21e10a2b":106,"6bc5d32a":123,"6b9eff39":100,"4e3f5178":112,"0a92153e":108,"c7313e0a":115,"b3863630":96,"9267f0ef":121,"f121b82c":120,"f069bb07":104,"8657c79d":121,"f4726450":107,"2c627253":101,"1f7607df":97,"d0d6acb1":107,"540df50f":111,"d744bee2":100,"4911acad":86,"17446892":98,"b230e8d3":111,"a2c334e7":122,"5ac86fb9":112,"c4bff41f":112,"0670c466":98,"c67979e6":125,"cb6c9e42":123,"bf822e33":107,"faf3ed07":102,"8a52882e":104,"82868763":104,"f5cd79c1":93,"6b79fec2":97,"3e082b37":97,"c318d350":115,"09f0db62":130,"f6fe095d":122,"e36dfd6f":95,"f044c0e1":88,"e81834aa":115,"4945c851":113,"90731976":95,"8d753bb6":90,"11888cfa":98,"1ff8c2fc":113,"408bb2ed":101,"00554ffd":124,"e0e6a097":99,"50312237":114,"792c9b6a":96,"8c6e001f":91,"9d63c4dd":107,"865d9857":84,"f2f58418":97,"ef8321d8":102,"f87c5031":96,"9c045c61":115,"175bc6b2":87,"2dda3936":101,"6ee92259":109,"54d7de6b":118,"b0869206":113,"e4c312fe":103,"e0e48a2d":98,"aa867541":91,"e4117b3b":86,"e356abf1":114,"fe44fc6f":106,"4bc46d7a":96,"abc1d7ad":109,"4abb7aed":107,"69eeae0d":93,"537634c9":93,"1e232870":113,"cc11fef9":111,"66497c7e":102,"db703021":102,"61f25dd4":121,"e62d705f":90,"1e191c98":88,"0d5ee801":92,"cc6bbe45":101,"7043382d":109,"ba30e43a":120,"1623fc9f":105,"c0b0f492":120,"28d40296":87,"f8b31ce5":129,"f1098793":111,"48655f09":126,"458dcc3d":118,"a5aee5de":128,"ae8a09c4":99,"3e602573":98,"b7df1559":108,"8063df14":94,"1745a0f4":103,"bd62d7ed":93,"385ab7c6":103,"0f89862c":95,"9fce073c":107,"cd522166":123,"a59a8290":107,"9f74b8a4":98,"9d023afb":119,"10ec5a0b":107,"e28c2efc":95,"9aa6a054":105,"619fda68":122,"79e4fa1c":103,"53747a91":111,"2b3c49b9":106,"df81ddee":97,"40e79dd3":104,"daab45c6":101,"4eed1bea":111,"c85a0d80":112,"c0fea118":102,"3062379b":95,"84b767be":129,"2a06ab95":115,"3c6692a3":123,"aec074c4":115,"bfcb912a":107,"d0d6acb1":108,"22234d6b":102,"4911acad":87,"64db4feb":125,"0ecfa1c9":98,"a2c334e7":123,"288a2c43":98,"5eaa1581":98,"c67979e6":126,"088feee2":117,"6085137f":84,"3712c4bd":94,"b769bdfb":112,"f1dffa24":93,"26f99a1e":105,"9a3cc55d":94,"fb7b7b3c":116,"e8f173b5":110,"1be05c14":99,"4ff2225d":99,"f277386e":87,"0be540c5":117,"66554572":83,"11888cfa":99,"92d38723":118,"554ebb83":102,"336d0f08":119,"d33790a2":113,"d0c0fc08":91,"d0e9a58e":94,"254cc28c":118,"50d129cf":99,"91d52a55":100,"f4b2f575":87,"bda8cdfb":112,"6d5fcd4c":110,"18815a1b":96,"e382ec3f":90,"dffa7793":81,"93b0a158":109,"bec9d329":114,"d929098e":81,"95d331b1":90,"a901627e":100,"8db5a165":97,"4b125e7b":112,"49cb2959":115,"731fc335":83,"d8e58a8c":115,"313258f2":104,"7896b953":117,"dfa1a89b":98,"8cc4a982":110,"eafbf9fb":103,"217c0327":81,"4d35385e":103,"c7313e0a":116,"e1618359":110,"0da28f5b":106,"704bce0d":108,"db703021":103,"efe84c27":104,"4279e829":117,"a4f1d83b":106,"f4634d0b":95,"5cd3cfe0":91,"20e470e0":102,"430a5db5":112,"7043382d":110,"b5ce0c0c":117,"30c5d755":119,"aa021138":113,"8f13c203":92,"25776fc4":112,"5f620a1e":116,"1bd5b20b":118,"a43061ee":91,"742f1425":101,"87922532":115,"be1746a0":106,"b460f030":121,"71bc1295":96,"a5aee5de":129,"82204d54":99,"6a7392d5":97,"2a76f1dd":94,"95539a58":86,"a59a8290":108,"4f59a322":108,"dfcc2ad1":120,"4d9b0b10":111,"a66a2d8a":123,"053f3451":105,"c1bb74f2":96,"c803b4a3":101,"619fda68":123,"faf4f98b":112,"c8dc010f":122,"df81ddee":98,"fb8bfb36":123,"2ad42a9e":107,"44ff8baa":100,"84b767be":130,"f069bb07":105,"272c7672":111,"2a06ab95":116,"2f455cce":107,"7028b044":93,"13747b82":116,"17446892":99,"f4726450":108,"76f3a3be":105,"5e09f69e":125,"9a3cc55d":95,"f5cd79c1":94,"7ee148e9":100,"014bdff0":118,"8dc9b4db":114,"5270f158":107,"6b79fec2":98,"a4dafea5":104,"8aa78e2f":101,"4b3e3b1c":107,"2cce4fb2":112,"0114160e":110,"489a39f7":94,"e36dfd6f":96,"5acaa06f":87,"5f8517b7":128,"a1370ab0":109,"f94bf9ea":104,"e9a8cf11":107,"1634789b":105,"5f7d7195":98,"9d9dd9e5":94,"91d52a55":101,"5339e1e9":106,"faf3ed07":103,"6adce358":118,"e4117b3b":87,"7ee7621c":110,"8bc04eb5":110,"16b476e9":102,"91b28f83":112,"7f6d1d0e":113,"1c0a9eff":98,"7896b953":118,"8a165e17":115,"fd482491":124,"4bc46d7a":97,"fe44fc6f":107,"810aa5e9":113,"b2cfdbcf":104,"7d6895f4":113,"fd6dcb20":103,"6de0aaac":97,"e2cbe594":97,"2b3c49b9":107,"655954ba":102,"1a2c020b":97,"d548635d":102,"c0fea118":103,"a836aa93":107,"168e75d9":107,"145c7559":117,"b6591e25":105,"9316e7e8":88,"026766f3":102,"180377be":106,"0841052c":108,"751acea8":93,"f4634d0b":96,"c1bdfd41":91,"868cda42":105,"4fd645f1":89,"ef8321d8":103,"f3d68430":111,"eeaa2d46":116,"51f57142":111,"7a6aa4b6":109,"3a1b9af5":107,"b4fdf90e":115,"0ac825ed":108,"8c6e001f":92,"064a99c8":100,"946df4fd":111,"48655f09":127,"742f1425":102,"59c1e594":107,"cbad3b92":128,"64a7f79f":106,"bd62d7ed":94,"eebc8d43":106,"78b97937":113,"dd3913d2":102,"619fda68":124,"b87158fb":108,"53b4e647":117,"c6dc900c":83,"056ea7ff":117,"ae95f2ba":122,"2a76f1dd":95,"7218c9f1":93,"0a2f71bc":96,"c015ec5a":108,"1623fc9f":106,"859545e6":86,"8657c79d":122,"c0e2624b":99,"272c7672":112,"5a07fc2e":96,"aa5dfdf5":104,"13747b82":117,"1f342a00":102,"5099c6a0":127,"f5cd79c1":95,"095ab3b4":99,"39bbc4bc":121,"6b79fec2":99,"1da771fb":100,"42191b64":83,"1be05c14":100,"a6bcb07e":111,"868edcc0":117,"3310a049":103,"b2703001":114,"0b5a0408":105,"1438fad7":107,"17446892":100,"eb7b4e29":95,"dcfaba4c":107,"f94bf9ea":105,"af034fee":102,"51f80f4c":115,"5f6613c8":93,"b8ab8e6e":104,"d1fe2868":110,"2ce1af05":90,"faf4f98b":113,"935ec056":99,"79be29c8":104,"d929098e":82,"7f6d1d0e":114,"67d30f2b":101,"1bb4ccc0":112,"6775d5cd":100,"74c26380":111,"aa867541":92,"a939b50b":110,"48efc739":125,"842c8340":95,"66d94227":101,"789bd484":106,"9d0546ac":102
1604737550574,"5ef93e5d":84,"6bc5d32a":124,"df81ddee":99,"92136ff5":107,"2b3c49b9":108,"a851554d":116,"9b742f71":96,"c45d554f":107,"704bce0d":109,"c5b35e4d":99,"7f86be64":113,"9f2b16a7":110,"0c043224":121,"5ccf94d6":104,"d34a29b9":121,"c21ab51e":85,"94a2fe10":108,"20e470e0":103,"902f49f5":108,"c3e6ef01":113,"7a9344a4":126,"08a561b7":101,"b2cfdbcf":105,"db8ba455":110,"6e44927f":96,"25a2844e":115,"13b53c7a":107,"d6f0d94a":95,"e5d3655c":116,"c4e70c07":107,"1623fc9f":107,"9e65c0ef":99,"c7636527":90,"ffc86f94":82,"b8488fc8":108,"ba5c52af":107,"d4ee22a4":107,"7bda83dd":101,"f7231212":105,"6c486702":106,"50b558a7":88,"629800eb":111,"ffa08d82":103,"8ac72326":90,"9c29f0ed":121,"ac030e74":99,"cfe72ead":92,"288afc30":102,"f9c15fcc":108,"fa55f27a":118,"4ac6bd4e":98,"02d4753e":124,"1ff8c2fc":114,"b7df1559":109,"b6aaf976":121,"cf52025e":103,"87ce8d1d":85,"6be9332a":97,"4cc141fa":86,"be1746a0":107,"00cf385d":112,"6ee92259":110,"3b2dee89":103,"67d30f2b":102,"26dd2000":119,"85de05f2":103,"e1f0dbfd":117,"913a6226":105,"21ad2f34":102,"6b9eff39":101,"2e3503e4":104,"27d8bf51":107,"1a2c020b":98,"53431634":128,"b3863630":97,"142d6987":109,"a4296d1e":112,"ab7d4c9a":98,"381c68fa":111,"66b7b5b4":101,"90a06ee9":104,"1e7753d9":122,"e62d705f":91,"0c0e98ea":101,"5272520d":99,"d39724bc":102,"6775d5cd":101,"a901627e":101,"8bc04eb5":111,"f3a0c2ee":103,"fd482491":125,"195eb771":100,"6e44927f":97,"a472532e":97,"3101354b":94,"ea9bba6b":99,"e238f09b":111,"9a3cc55d":96,"b935fc1c":100,"3f2522c2":113,"1951480c":96,"5410e9c6":113,"d9dcdc4b":123,"b2703001":115,"159ffd0b":92,"e786063b":107,"cc6bbe45":102,"9bdf362a":95,"c0b0f492":121,"4c39240e":110,"c1bdfd41":92,"ca7d47f7":109,"f67de058":111,"b87158fb":109,"ec11fe5f":87,"70ee0491":90,"0bfabf48":100,"0d28db94":97,"0f89862c":96,"78467b8a":125,"0785820e":111,"91536e85":114,"5f4102da":106,"ad303bda":107,"385ab7c6":104,"cb142908":96,"e9adbe58":101,"51f57142":112,"f5596d0f":107,"a63bddd4":128,"12012fbd":103,"15620dca":115,"f87c5031":97,"ce4da56f":115,"d6db2b02":116,"26009d3f":101,"a6bcb07e":112,"34658473":93,"02d4753e":125,"d33790a2":114,"8493f3b2":107,"f1862e79":88,"36fb15d2":110,"5ee911b5":99,"804d4dfa":105,"c6e3d352":116,"12a2cd4b":106,"a43061ee":92,"cbad3b92":129,"9fc713b0":112,"03c398d2":113,"805534ac":108,"e2a7d915":90,"3ef7432b":111,"18d20aa1":95,"6490bac6":96,"93e8cee5":125,"40e79dd3":105,"b2c25d1c":103,"9b172ca8":87,"9b742f71":97,"efe84c27":105,"288d171f":101,"dbd2f139":110,"f2086446":108,"754f98c9":108,"f883d582":98,"142d6987":110,"cd3bbe7e":108,"30d84dce":96,"93b0a158":110,"677c6a09":125,"935ec056":100,"730a4938":108,"87c462ee":114,"e6ec8cbf":117,"da04caac":109,"7ee7621c":111,"f3a0c2ee":104,"a851891c":93,"7c0a2db6":107,"8db5a165":98,"d9a64845":101,"aa76bc50":94,"2d13e69b":105,"272c7672":113,"aa5dfdf5":105,"aec074c4":116,"2c627253":102,"bc3dc66a":108,"a6003226":103,"fb7482fe":97,"725dce8b":119,"b947257e":120,"35aa7fd0":115,"b1f58563":103,"c564e316":105,"f6fe095d":123,"8dd649a3":96,"26f99a1e":106,"a77e127d":83,"eda6a690":87,"4360a1a3":120,"31408822":98,"805af3c7":108,"1623fc9f":108,"08a06557":127,"c0b0f492":122,"2af60749":106,"719c8869":125,"d9f512b9":114,"9b546d65":98,"9a07d89b":113,"8b5a8e9f":117,"869cbaa0":116,"fead11cf":94,"f7231212":106,"d83294cd":99,"f5e8dfee":121,"c9efc8f6":106,"51f80f4c":116,"1ed46298":120,"a1921150":112,"91d52a55":102,"44a4f7cd":102,"7e15f8e8":105,"5957df9e":96,"f66616b7":106,"c6c85783":113,"4d35385e":104,"f5596d0f":108,"7080f122":99,"a77e8461":102,"ac38a6a5":118,"30dd2edc":112,"a63bddd4":129,"55928ef1":109,"87cd2add":92,"385ab7c6":105,"25a2844e":116,"0d28db94":98,"9aa6a054":106,"90731976":96,"b84a06eb":106,"8d753bb6":91,"66554572":84,"d9dcdc4b":124,"868edcc0":118,"2cce4fb2":113,"5f8517b7":129,"9263c525":107,"8323d333":94,"40569362":115,"b35e9e1a":143,"554ebb83":103,"b377a62a":103,"064a99c8":101,"a0b03218":100,"93e8cee5":126,"6bc5d32a":125,"7d112f4d":113,"913a6226":106,"2ad42a9e":108,"7bebff03":91,"4295ce9a":114,"ebdbf580":112,"cb51f134":115,"2e3503e4":105,"9267f0ef":122,"77300e4a":93,"91b28f83":113,"88ce179e":118,"95d331b1":91,"11b74e63":103,"8bc04eb5":112,"26c390d6":100,"70c1e715":100,"5a07fc2e":97,"22234d6b":103,"8db5a165":99,"9cb4697f":115,"bd2705b0":126,"83b2f9c5":111,"95904ac4":119,"a0cf08b3":90,"a472532e":98,"012de09c":98,"3f75d3bc":109,"27c8e038":121,"e8d74304":94,"a5aee5de":130,"cac4449a":101,"2c24d929":113,"09ff339a":85,"3a204e56":114,"e7773397":94,"8dd649a3":97,"6b79fec2":100,"f883d582":99,"69d4b754":98,"f598a332":101,"059d6c19":114,"0c0e98ea":102,"db703021":104,"0af920d8":92,"4360a1a3":121,"1e7753d9":123,"2045d7d6":98,"fce3c5c6":92,"d9d7c4c2":113,"62d1d346":94,"859545e6":87,"719c8869":126,"9e65c0ef":100,"82204d54":100,"afe8e06a":100,"6c524f99":111,"d83294cd":100,"17446892":101,"6e851762":95,"fd07e0ed":110,"0ecfa1c9":99,"730338c4":116,"b7cc7909":104,"bfcb912a":108,"42c80e69":118,"e9a8cf11":108,"6632fed0":110,"48efc739":126,"789bd484":107,"47d27624":94,"6adce358":119,"25d1b2d8":111,"5339e1e9":107,"c98d5272":107,"ef8321d8":104,"49902219":122,"bb99c79c":107,"88432019":98,"f3d68430":112,"6143f39d":97,"b946e146":119,"7fb4c521":109,"8b5a8e9f":118,"053f3451":106,"9d023afb":120,"056ea7ff":118,"a8c93bed":104,"753ca352":93,"dfcc2ad1":121,"0bfabf48":101,"faf4f98b":114,"19f9ca86":107,"5781776a":102,"fb44fa9c":122,"bab97de3":117,"69f3bfcc":103,"1138796e":111,"4945c851":114,"1db42092":118,"d6db2b02":117,"50312237":115,"d0c0fc08":92,"31f6d707":117,"3a1b9af5":108,"b2a8761b":88,"4ba6eb36":103,"40569362":116,"a851554d":117,"f734c84c":126,"3b7763b1":91,"debe1f65":111,"c650b434":114,"5fa12feb":107,"6490bac6":97,"730338c4":117,"ba586505":104,"9cb4697f":116,"16b476e9":103,"04bef50c":81,"abc1d7ad":110,"d815c5b4":120,"2c6cb96f":88,"a502c93c":90,"da04caac":110,"5ef93e5d":85,"ea4d3f3e":115,"616d6dd6":102,"71e53c93":112,"7896b953":119,"cf52025e":104,"1c3a30c5":102,"468fc85c":100,"a636f4c9":122,"03c398d2":114,"12a2cd4b":107,"0eaf08da":110,"b1f58563":104,"4c4aa2e2":107,"9b742f71":98,"f3992a31":104,"dbc9df44":83,"acac14fb":100,"4b4ecbce":86,"d70ca4f4":121,"1e232870":114,"0c0e98ea":103,"74f234c6":121,"58d46189":116,"906632cb":103,"c8977844":103,"d0c104c4":80,"30c5d755":120,"e786063b":108,"cc6bbe45":103,"2af60749":107,"44c77422":109,"e32524d6":109,"0f029727":94,"0fc5ac7e":127,"a6626a13":90,"aec074c4":117,"5eaa1581":99,"fd07e0ed":111,"2c627253":103,"42c80e69":119,"9ab755d3":102,"162a7348":108,"bfcb912a":109,"9f5e6cba":108,"5ac86fb9":113,"a47abfbb":94,"d957f027":101,"93fdbb44":93,"99e171db":104,"47d27624":95,"1634789b":106,"815e4582":104,"c98d5272":108,"f2f58418":98,"49902219":123,"9e206c95":119,"f87c5031":98,"315537b2":108,"25a7a0a3":109,"21ee2afe":114,"e35a63cd":105,"a567ace4":110,"8f10fa42":131,"dfcc2ad1":122,"2ce1af05":91,"dd3913d2":103,"0d7d88f1":101,"c6dc900c":84,"d7cb9bcf":104,"6a7392d5":98,"cb142908":97,"50c468ba":104,"0bfabf48":102,"0785820e":112,"09f0db62":131,"f6fe095d":124,"095ab3b4":100,"39bbc4bc":122,"6b79fec2":101,"a58bf525":107,"4ff2225d":100,"0d2c95fe":106,"fb44fa9c":123,"17b08923":108,"1be05c14":101,"32c9fc47":99,"a3d4a0e5":109,"d33790a2":115,"608bc832":98,"8245f916":92,"02d4753e":126,"1bd5b20b":119,"336d0f08":120,"fe0df575":115,"44ff8baa":101,"70594a28":102,"93e8cee5":127,"18d20aa1":96,"4258c176":100,"e4117b3b":88,"95d331b1":92,"bec9d329":115,"ad2d7bed":108,"3a291497":92,"7c0a2db6":108,"04bef50c":82,"20811ddf":101,"83b2f9c5":112,"61145ec9":115,"a5fd8ffd":107,"e8d74304":95,"9fc713b0":113,"458dcc3d":119,"812b4f15":87,"be1746a0":108,"468fc85c":101,"0f72f2d8":102,"ef8987d7":100,"2dd0e808":103,"85de05f2":104,"d25e0f8d":119,"4e5aaaec":92,"a4296d1e":113,"0da28f5b":107,"b215547b":92,"e0154608":106,"77300e4a":94,"467773ac":97,"74f234c6":122,"be2955bb":111,"80a8a56d":93,"0d5ee801":93,"40a745c0":111,"f883d582":100,"1f11812e":115,"3f9b5722":98,"5ab7bc35":114,"c4e70c07":108,"b5ce0c0c":118,"2d54e0a8":100,"884b0ad1":102,"22234d6b":104,"aa5dfdf5":106,"730338c4":118,"eb7b4e29":96,"b35bb8a1":91,"cbb54a0a":89,"aec4e1bf":102,"0681c48e":116,"deb31f35":110,"3c18f28e":104,"42c80e69":120,"61d4782d":110,"1b881e6e":112,"1d790491":105,"794f652b":114,"36b7003c":135,"04643409":116,"93fdbb44":94,"b88033fd":112,"ac38a6a5":119,"36d340f2":92,"eeaa2d46":117,"3454fa2b":99,"140ce69e":103,"e9adbe58":102,"b8488fc8":109,"ba5c52af":108,"d78dd457":97,"0e2b5d2f":112,"07f98660":116,"e57d5cda":110,"0f89862c":97,"8063df14":95,"7566fdd6":124,"30b6808c":105,"fead11cf":95,"77d35808":100,"014bdff0":119,"a58bf525":108,"71ff66e8":98,"3f2522c2":114,"b1f58563":105,"eda6a690":88,"b2703001":116,"1db42092":119,"4b3e3b1c":108,"d9dcdc4b":125,"6a60348e":99,"6291e9e9":106,"045f280d":106,"358e45b1":104,"d33790a2":116,"5f8517b7":130,"4f5e3e7d":93,"0cb80f4a":101,"1ff8c2fc":115,"1dad0f99":110,"9f74b8a4":99,"43d87483":101,"fbdffc95":98,"805af3c7":109,"04ea5673":112,"08a06557":128,"2dda3936":102,"e382ec3f":91,"79be29c8":105,"1c0a9eff":99,"ad2d7bed":109,"a0cf08b3":91,"8245f916":93,"87922532":116,"99d130c9":119,"b7df1559":110,"9c58dd76":116,"35b58ef9":101,"26c6fa34":102,"e8d74304":96,"ae016053":111,"290b4714":103,"ba586505":105,"52eca0dc":103,"74c26380":112,"7f6d1d0e":115,"b28a5e67":114,"65e4235b":99,"21ad2f34":103,"7e8e1c3d":99,"feb67030":100,"bc09fa9e":97,"cd421290":98,"51c57542":109,"9a80f004":95,"0da28f5b":108,"9f2b16a7":111,"c382f054":120,"93683c82":98,"b215547b":93,"b6591e25":106,"30dbfc69":101,"2e3503e4":106,"a68a93b2":95,"696fdac5":104,"b2c25d1c":104,"430a5db5":113,"1a2ec5d7":115,"180377be":107,"dd035d2a":101,"dd7acb96":110,"b947257e":121,"50c3164b":114,"2a06ab95":117,"9147702f":97,"181c3dd5":108,"eb7b4e29":97,"bca2d7cd":107,"4911acad":88,"bb8a6337":100,"a47abfbb":95,"68562193":91,"17446892":102,"b35bb8a1":92,"39a2fcce":90,"25d1b2d8":112,"5957df9e":97,"b8ab8e6e":105,"8ec3834d":116,"650bb0e0":109,"789bd484":108,"8547fbc2":99,"25a2844e":117,"6085137f":85,"93ac9ca3":103,"578f6e9e":119,"437fc3ec":103,"26f99a1e":107,"f1dffa24":94,"7ee148e9":101,"3c782bb3":104,"b84a06eb":107,"4b3e3b1c":109,"90731976":97,"26009d3f":102,"66554572":85,"54a676d6":95,"36fb15d2":111,"d0c0fc08":93,"fef750ca":107,"5f4102da":107,"7e95c5a0":109,"00a17b46":109,"1bc0591f":110,"7fb4c521":110,"92ca52b7":108,"b5ce0c0c":119,"b7505747":114,"d6f0d94a":96,"0f029727":95,"c0b0f492":123,"805af3c7":110,"44c77422":110,"a66a2d8a":124,"d5059415":106,"8ac72326":91,"ba5c52af":109,"a85d89cc":104,"7566fdd6":125,"b946e146":120,"140ce69e":104,"315537b2":109,"08c6b5d2":108,"172217e5":108,"21ee2afe":115,"d102b0c6":94,"b4fdf90e":116,"f1862e79":89,"288afc30":103,"e0e6a097":100,"064a99c8":102,"c6e3d352":117,"56752a4a":94,"4b4ef7fa":96,"d82592f4":103,"03dcfa3d":110,"23080895":91,"abad2347":105,"6841f77e":116,"e382ec3f":92,"2dd0e808":104,"b3f19a69":98,"0a1d11e6":93,"1757a30e":101,"537634c9":94,"d83870f5":104,"61145ec9":116,"95d331b1":93,"012de09c":99,"805534ac":109,"3b7763b1":92,"07107f6e":104,"26dd2000":120,"c8dc010f":123,"2b3c49b9":109,"27d8bf51":108,"e1618359":111,"bd984a8e":102,"059d6c19":115,"696fdac5":105,"5ccf94d6":105,"d70ca4f4":122,"c21ab51e":86,"34c5c729":104,"40a745c0":112,"0841052c":109,"36380d96":114,"b6591e25":107,"69d4b754":99,"6f81493d":94,"b28a5e67":115,"ef8987d7":101,"84b767be":131,"eb7b4e29":98,"72d7b461":114,"7db3edda":104,"c0e2624b":100,"32133249":108,"a2c334e7":124,"d3a669ac":115,"fd369c21":114,"081460bf":107,"7af9d3b1":108,"a1370ab0":110,"6867261a":105,"2132fe93":114,"d5557fb4":116,"2b3e4717":103,"9d9dd9e5":95,"b8ab8e6e":106,"aff8e442":113,"f4b2f575":88,"0f1ac912":90,"a77e127d":84,"27f52ed3":122,"82868763":105,"8274885a":114,"c564e316":106,"dc583e64":110,"c7ab83c1":102,"05642105":109,"b84a06eb":108,"8d753bb6":92,"e81834aa":116,"3c782bb3":105,"489a39f7":95,"6291e9e9":107,"eb2e1983":108,"9d023afb":121,"4577b333":107,"0b959527":99,"4c39240e":111,"c7636527":91,"9bdf362a":96,"e5d3655c":117,"30c5d755":121,"6c486702":107,"fe8f3d36":97,"f7231212":107,"f1df62b4":106,"fef750ca":108,"053f3451":107,"c6dc900c":85,"ad303bda":108,"50b558a7":89,"cc5a1d47":90,"9c29f0ed":122,"ef14000f":114,"dfa1a89b":99,"18815a1b":97,"f87c5031":99,"f5596d0f":109,"f3d68430":113,"a63bddd4":130,"7d6895f4":114,"02d4753e":127,"92d38723":119,"a533489b":114,"db0a661e":104,"82b81567":91,"b7407bd3":99,"d33790a2":117,"59c1e594":108,"24d24fa3":106,"2c24d929":114,"b7df1559":111,"812b4f15":88,"ae8a09c4":100,"71bc1295":97,"124fbe96":95,"5b5fc566":106,"93b0a158":111,"bb00e71c":87,"8a165e17":116,"e21c6207":98,"da3437cd":100,"ccb5ea3e":93,"53747a91":112,"0a96f57a":110,"7bebff03":92,"6490bac6":98,"4b4ecbce":87,"0da28f5b":109,"c0fea118":104,"ebdbf580":113,"b7434f57":89,"a3253019":103,"61f25dd4":122,"104721f0":105,"bb98a6cf":128,"cf1124db":96,"9f2b16a7":112,"56d315d8":90,"059d6c19":116,"dbd2f139":111,"7735c3c2":98,"abc1d7ad":111,"74c26380":113,"e4117b3b":89,"3c0df8b4":108,"20811ddf":102,"f789f6d8":118,"45b5746e":104,"d9a64845":102,"272c7672":114,"d0d6acb1":109,"2d13e69b":106,"8657c79d":123,"f4726450":109,"92efd84f":109,"af034fee":103,"c793cdda":107,"47cfba38":97,"dcfaba4c":108,"3c18f28e":105,"bb8a6337":101,"9f5e6cba":109,"c852d240":112,"77f31bab":116,"99e171db":105,"363590c7":108,"3e082b37":98,"eda6a690":89,"f6fe095d":125,"e238f09b":112,"578f6e9e":120,"a58bf525":109,"b36a0d66":89,"2d1e1e9d":99,"44c77422":111,"2af60749":108,"dac109cf":99,"c1bdfd41":93,"c7636527":92,"868cda42":106,"4fd645f1":90,"5f4102da":108,"e5b1abc6":93,"a8c93bed":105,"70ee0491":91,"f67de058":112,"b9be31d6":111,"0e2b5d2f":113,"6f39f4d9":117,"a0685bf3":121,"50c468ba":105,"0785820e":113,"6034b6d0":111,"9aa6a054":107,"e28c2efc":96,"aff8e442":114,"254cc28c":119,"cf775f58":105,"2b3e4717":104,"a983a6dc":97,"36d340f2":93,"2cb29e5a":122,"8dd2684c":109,"558d5ce7":108,"f3d68430":114,"4469c815":86,"e9adbe58":103,"de36827b":132,"26009d3f":103,"6c73ae98":89,"d6db2b02":118,"66554572":86,"31f6d707":118,"408bb2ed":102,"45b038bb":122,"1bd5b20b":120,"67f6e4f2":100,"8493f3b2":108,"c4aa1e38":88,"4b4ef7fa":97,"812b4f15":89,"74e01f6a":98,"04612878":117,"ae8a09c4":101,"c27969ec":105,"13f0e139":98,"44ff8baa":102,"daab45c6":102,"c650b434":115,"0149e11a":92,"d25e0f8d":120,"51c57542":110,"cd421290":99,"c85a0d80":113,"f598a332":102,"4b4ecbce":88,"56d315d8":91,"0dad37d5":102,"754f98c9":109,"430a5db5":114,"4e3f5178":113,"8942c35b":108,"dcf85091":90,"b6591e25":108,"d634aa28":126,"906632cb":104,"935ec056":101,"5acce642":107,"7f6d1d0e":116,"0d770b97":107,"313258f2":105,"ae016053":112,"bf30a08f":118,"71ba7561":102,"79be29c8":106,"124fbe96":96,"a851891c":94,"91f7ef72":105,"a5676c24":104,"08a561b7":102,"92efd84f":110,"0fc5ac7e":128,"5747db6e":120,"2d54e0a8":101,"6a3eaf43":102,"bb8a6337":102,"d552eb2f":114,"8657c79d":124,"0681c48e":117,"2ab62345":91,"12534561":98,"4911acad":89,"68562193":92,"540df50f":112,"42191b64":84,"a58bf525":110,"695a2b92":96,"60e855ee":122,"eda6a690":90,"22aeaf03":101,"e238f09b":113,"61f25dd4":123,"a577db1c":96,"d9d7c4c2":114,"14c682eb":95,"8f13c203":93,"4c39240e":112,"7043382d":111,"65a00a3c":101,"2bcca6a7":123,"eebc8d43":107
1604737551174,"44a4f7cd":103,"a1921150":113,"9d9dd9e5":96,"50d129cf":100,"84369269":90,"2b3e4717":105,"6e98dfda":109,"ac38a6a5":120,"f2f58418":99,"d1715f3b":109,"01d817b8":89,"eafbf9fb":104,"623c6a31":110,"e9adbe58":104,"26c390d6":101,"70bc8325":99,"f271ed5d":114,"5a07fc2e":98,"2c01e624":100,"2c627253":104,"9fa62fee":98,"4125085e":115,"5774ac0d":114,"b35bb8a1":93,"61d4782d":111,"181c3dd5":109,"12534561":99,"51f80f4c":117,"7e15f8e8":106,"5d087c79":105,"1b881e6e":113,"77f31bab":117,"d5557fb4":117,"e15fd611":93,"c81b2bcf":95,"d1715f3b":110,"25a7a0a3":110,"1d153b20":104,"3661e12d":100,"9e206c95":120,"3454fa2b":100,"0e036ae9":123,"54a676d6":96,"0114160e":111,"f044c0e1":89,"0d2c95fe":107,"b36a0d66":90,"e0f7679f":93,"6a60348e":100,"1b153aef":111,"8d000d6e":98,"db0a661e":105,"4ea4a2a1":122,"d33790a2":118,"0ac825ed":109,"36fb15d2":112,"ac62fac2":116,"4b4ef7fa":98,"742f1425":103,"cbad3b92":130,"74e01f6a":99,"dfc89705":101,"c27969ec":106,"19f9ca86":108,"437fc3ec":104,"836701f6":100,"fb7b7b3c":117,"ea9bba6b":100,"f2470875":119,"cbb54a0a":90,"2d54e0a8":102,"2d13e69b":107,"f271ed5d":115,"af0b61ab":101,"7db3edda":105,"c0e2624b":101,"4911acad":90,"9d023afb":122,"19551bad":99,"8063df14":96,"d5059415":107,"1745a0f4":104,"9c29f0ed":123,"93b9fae6":96,"50b558a7":90,"50c468ba":106,"b73e789c":103,"cf9f4757":95,"ffa08d82":104,"dcfaba4c":109,"5e09f69e":126,"e4714415":115,"13747b82":118,"bb8a6337":103,"25e0dd3d":114,"5a622a23":99,"ded7da5a":111,"cd421290":100,"e2cbe594":98,"6b9eff39":102,"ecfa8249":118,"c4feee5b":109,"9b172ca8":88,"c8977844":104,"1a68160d":113,"5be594be":103,"db703021":105,"19e9776f":110,"77300e4a":95,"026766f3":103,"dbc9df44":84,"74f234c6":123,"be2955bb":112,"0c0e98ea":104,"cf1124db":97,"76f3a3be":106,"48efc739":127,"6adce358":120,"a983a6dc":98,"2b3e4717":106,"1d790491":106,"50d129cf":101,"a1921150":114,"6cba74ce":106,"0e036ae9":124,"1d153b20":105,"08c6b5d2":109,"95d3d348":108,"0b5a0408":106,"1f88a4b7":121,"a6bcb07e":113,"820225e4":88,"49910300":100,"489a39f7":96,"05642105":110,"3d1af513":111,"b2a8761b":89,"761cf820":109,"a533489b":115,"6f0fcb9d":107,"36fb15d2":113,"5a0ead91":97,"01d817b8":90,"2dda3936":103,"f2ca27d9":102,"d815c5b4":121,"b0869206":114,"2882a956":107,"7896b953":120,"95d331b1":94,"95904ac4":120,"e382ec3f":93,"1d44aff3":120,"6c20c153":106,"e356abf1":115,"4abb7aed":108,"f3a0c2ee":105,"810aa5e9":114,"43bc86e3":96,"859545e6":88,"37a7d5b0":110,"04ea5673":113,"ca7d47f7":110,"719c8869":127,"d9f512b9":115,"aa021138":114,"481754fc":89,"e8d74304":97,"4b4ef7fa":99,"c6e3d352":118,"35b58ef9":102,"48655f09":128,"468fc85c":102,"ea9bba6b":101,"aec074c4":118,"ea822700":86,"84b67924":110,"ec11fe5f":88,"33d6bb6a":95,"f67de058":113,"cc5a1d47":91,"cd522166":124,"ba938220":104,"f2e3c0e3":96,"f1df62b4":107,"c6dc900c":86,"4f59a322":109,"a8c93bed":106,"ef14000f":115,"50c468ba":107,"7e95c5a0":110,"911e770b":112,"d1ca5d6b":111,"22234d6b":105,"0bd93cfd":87,"081460bf":108,"76f3a3be":107,"ab7467de":117,"2ad42a9e":109,"8f9b74b0":102,"18d20aa1":97,"20777945":95,"93e8cee5":128,"44ff8baa":103,"f2086446":109,"1a2c020b":99,"c85a0d80":114,"7a9344a4":127,"0841052c":110,"ab7d4c9a":99,"a836aa93":108,"c8977844":105,"19e9776f":111,"1247fa52":111,"30d84dce":97,"1e232870":115,"30fdcd3b":97,"bb8a6337":104,"40860a4b":88,"9b3f8714":114,"e4714415":116,"2ab62345":92,"84369269":91,"1d790491":107,"50d129cf":102,"66d94227":102,"f66616b7":107,"6085137f":86,"a58bf525":111,"b935fc1c":101,"26f99a1e":108,"8dc9b4db":115,"dc583e64":111,"95f6db13":103,"49910300":101,"b2703001":117,"de36827b":133,"8b2b601d":104,"0d2c95fe":108,"54a676d6":97,"fe0df575":116,"9260d96b":122,"d33790a2":119,"d0b297b2":91,"379184a7":114,"0ac825ed":110,"4f5e3e7d":94,"650bb0e0":110,"fd6dcb20":104,"51f57142":113,"2a387957":105,"6cba74ce":107,"57540cc3":120,"f2ca27d9":103,"30dd2edc":113,"9a467a82":110,"a502c93c":91,"dffa7793":82,"abad2347":106,"195eb771":101,"0a1d11e6":94,"1757a30e":102,"52eca0dc":104,"7735c3c2":99,"730a4938":109,"c91966ce":97,"906fdec3":96,"20811ddf":103,"d9d0c567":106,"abc1d7ad":112,"751bcf25":106,"e786063b":109,"638cb163":118,"e32524d6":110,"df2b4d87":104,"c4e70c07":109,"3fdb08f5":100,"4def63ee":78,"aefe13f5":111,"17807120":110,"b7df1559":112,"cac4449a":102,"2198ba8e":97,"99d130c9":120,"cf52025e":105,"9a3ab0b8":93,"831c7b85":102,"0785820e":114,"4c0e547b":102,"1745a0f4":105,"8fb236a9":95,"fee32863":103,"91536e85":115,"2a76f1dd":96,"0bfabf48":103,"ba5c52af":110,"cbb54a0a":91,"d552eb2f":115,"fd07e0ed":112,"7e991ab9":83,"730338c4":119,"a625328f":115,"b35bb8a1":94,"efd23af5":102,"bc09fa9e":98,"7e8e1c3d":100,"201cafad":99,"c455f40e":96,"9267f0ef":123,"f33c0140":102,"e2cbe594":99,"a3253019":104,"dae0f922":111,"cd421290":101,"4279e829":118,"2c627253":105,"c93c3508":83,"e9a8cf11":109,"64db4feb":126,"227006e4":100,"7af9d3b1":109,"9b3f8714":115,"5f7d7195":99,"77bae750":100,"f1dffa24":95,"c0b7e7d7":90,"c318d350":116,"71ff66e8":99,"a40846b7":117,"07fc4a9a":111,"5410e9c6":114,"e36dfd6f":97,"eda6a690":91,"17b08923":109,"013ee301":107,"6a60348e":101,"d36125db":112,"1f88a4b7":122,"1b153aef":112,"02d4753e":128,"8245f916":94,"554ebb83":104,"f1862e79":90,"9d9dd9e5":97,"5339e1e9":108,"faf3ed07":104,"b88033fd":113,"48efc739":128,"22176537":100,"af157d29":107,"08c6b5d2":110,"619fda68":125,"93b9fae6":97,"faf4f98b":115,"124fbe96":97,"7ae34c64":111,"54d7de6b":119,"f56ac638":88,"45b5746e":105,"345c9967":96,"b3f19a69":99,"ea4d3f3e":116,"3f75d3bc":110,"2c6cb96f":89,"4258c176":101,"74c26380":114,"d815c5b4":122,"fafb4cc2":138,"0277d748":110,"bb99c79c":108,"623c6a31":111,"ac38a6a5":121,"0c043224":122,"f598a332":103,"93683c82":99,"34c5c729":105,"d548635d":103,"0c0e98ea":105,"efe84c27":106,"6f81493d":95,"467773ac":98,"859545e6":89,"4577b333":108,"cc6bbe45":104,"b5ce0c0c":120,"24ffcbd3":118,"92f800f5":105,"65a00a3c":102,"4ba6eb36":104,"92d38723":120,"b2bd8fd3":102,"4b4ef7fa":100,"23080895":92,"87922532":117,"aa00769b":120,"8eb64769":98,"0f72f2d8":103,"11b2c8d9":95,"bd62d7ed":95,"9b546d65":99,"dc0c8b09":124,"2ce1af05":92,"7bda83dd":102,"abd32136":101,"c463799d":115,"50c468ba":108,"4c0e547b":103,"053f3451":108,"4d9b0b10":112,"753ca352":94,"9496f56f":115,"84b767be":132,"aec074c4":119,"3c6692a3":124,"c455f40e":97,"efd23af5":103,"44ff8baa":104,"547903ef":120,"5a622a23":100,"4eed1bea":112,"6b9eff39":103,"0da28f5b":110,"4b4ecbce":89,"f1b493de":124,"6751d8e4":117,"98915a1f":91,"8cd78f77":118,"be149c6f":101,"9fa62fee":99,"540df50f":113,"13747b82":119,"c64de0c0":93,"b7cc7909":105,"03b4ab60":105,"64db4feb":127,"317c1591":116,"09f0db62":132,"d1676e89":107,"7ee148e9":102,"b935fc1c":102,"6d61bf13":102,"93ac9ca3":104,"88a30343":101,"8298e976":121,"d6db2b02":119,"1be05c14":102,"3310a049":104,"95bc84f1":102,"17b08923":110,"8c6e001f":93,"9260d96b":123,"36684155":105,"7e15f8e8":107,"254cc28c":120,"ccf8b803":106,"e15fd611":94,"bf822e33":108,"c98d5272":109,"9de29816":85,"4b125e7b":113,"7ae34c64":112,"bb00e71c":88,"65e4235b":100,"e382ec3f":94,"d5dae4c4":136,"28654c76":116,"a6b5e869":97,"810aa5e9":115,"93b0a158":112,"54d7de6b":120,"3c0df8b4":109,"d815c5b4":123,"781ace7d":108,"ec2cb1af":109,"6143f39d":98,"eafbf9fb":105,"140ce69e":105,"7080f122":100,"a4f1d83b":107,"d34a29b9":122,"a4296d1e":114,"4360a1a3":122,"3498f223":96,"7a9344a4":128,"704bce0d":110,"b7434f57":90,"1e232870":116,"8db62558":105,"f883d582":101,"4fd645f1":91,"f8b31ce5":130,"caddd0a7":115,"4c39240e":113,"4def63ee":79,"37a7d5b0":111,"c0b0f492":124,"546f6845":117,"7ae3fc50":94,"50312237":116,"358e45b1":105,"4ea4a2a1":123,"49bf2e95":95,"be1746a0":109,"87922532":118,"8eb64769":99,"12a2cd4b":108,"1c3a30c5":103,"64a7f79f":107,"804d4dfa":106,"0f89862c":98,"c8113b77":95,"e35a63cd":106,"1dad0f99":111,"b87158fb":110,"ad303bda":109,"733c86f8":103,"f67de058":114,"9496f56f":116,"9f74b8a4":100,"8063df14":97,"053f3451":109,"fee32863":104,"cd421290":102,"9a80f004":96,"20777945":96,"b6ee137a":100,"913a6226":107,"7bebff03":93,"21ad2f34":104,"3062379b":96,"911e770b":113,"de6213c7":102,"22234d6b":106,"7db3edda":106,"8cd78f77":119,"1f342a00":103,"5eaa1581":100,"4125085e":116,"c9efc8f6":107,"35aa7fd0":116,"42191b64":85,"f5cd79c1":96,"09f0db62":133,"f2470875":120,"e238f09b":114,"a77e127d":85,"b769bdfb":113,"6291e9e9":108,"159ffd0b":93,"32c9fc47":100,"95bc84f1":103,"4b3e3b1c":110,"4911acad":91,"31f6ba51":102,"12534561":100,"bf822e33":109,"d957f027":102,"ffa08d82":105,"ee75b607":100,"a5676c24":105,"16b476e9":104,"da04caac":111,"d1d40c9c":119,"012de09c":100,"906fdec3":97,"9d4f1fe6":99,"ec110282":126,"7f6d1d0e":117,"d4d5f466":103,"2dd0e808":105,"37d0cae2":102,"08a561b7":103,"77f31bab":118,"affb82bf":111,"c6c85783":114,"558d5ce7":109,"9e206c95":121,"254cc28c":121,"4c4aa2e2":108,"ddec9e54":99,"d548635d":104,"9d4da635":86,"104721f0":106,"dbd2f139":112,"90a06ee9":105,"c8977844":106,"c85a0d80":115,"0af920d8":93,"bd984a8e":103,"30fdcd3b":98,"1e232870":117,"d033db8d":114,"e786063b":110,"aab4d996":104,"d6f0d94a":97,"a77e8461":103,"8547fbc2":100,"aff8e442":115,"6143f39d":99,"815e4582":105,"b946e146":121,"0b5a0408":107,"b552beb3":106,"d0c0fc08":94,"45b038bb":123,"8245f916":95,"379184a7":115,"6f0fcb9d":108,"fa55f27a":119,"3d1af513":112,"24d24fa3":107,"64a7f79f":108,"03dcfa3d":111,"03c398d2":115,"23080895":93,"cbad3b92":131,"a0bc1ceb":112,"2a76f1dd":97,"6a7392d5":99,"d2466211":119,"8f10fa42":132,"76f94eda":104,"ca7d47f7":111,"cc6bbe45":105,"0a2f71bc":97,"14c682eb":96,"7e8e1c3d":101,"dd7acb96":111,"911e770b":114,"d3a669ac":116,"fd369c21":115,"f4726450":110,"d0d6acb1":110,"82868763":106,"3c43e8a2":116,"5b60dd1d":112,"fe1d4419":108,"5781776a":103,"95d3d348":109,"013ee301":108,"2c01e624":101,"f94bf9ea":106,"af034fee":104,"3a1d1632":88,"3c18f28e":106,"227006e4":101,"32133249":109,"5774ac0d":115,"70ee0491":92,"ef14000f":116,"20958d58":97,"2b698053":103,"77bfed7e":105,"1745a0f4":106,"d83294cd":101,"8721056e":95,"ac030e74":100,"2882a956":108,"b28a5e67":116,"bf30a08f":119,"6ee92259":111,"781ace7d":109,"254cc28c":122,"815e4582":106,"84369269":92,"0f1ac912":91,"e99318a3":109,"5339e1e9":109,"088feee2":118,"ef8321d8":105,"3454fa2b":101,"49902219":124,"36d340f2":94,"bc09fa9e":99,"4eed1bea":113,"fb8bfb36":124,"4360a1a3":123,"288d171f":102,"7f86be64":114,"21e10a2b":107,"4279e829":119,"104721f0":107,"0d5ee801":94,"9b742f71":99,"a851554d":118,"b2c25d1c":105,"4295ce9a":115,"7a9344a4":129,"0a92153e":109,"e62d705f":92,"efe84c27":107,"3f9b5722":99,"6f81493d":96,"25776fc4":113,"2af60749":109,"719c8869":128,"d141db49":101,"7043382d":112,"fbdffc95":99,"e32524d6":111,"f87c5031":100,"bb99c79c":109,"be4f8ba8":108,"ea9bba6b":102,"90731976":98,"32c9fc47":101,"f277386e":88,"408bb2ed":103,"8d000d6e":99,"d36125db":113,"f044c0e1":90,"d0e9a58e":95,"06ddafc7":89,"1ff8c2fc":116,"3d1af513":113,"0cb80f4a":102,"b4fdf90e":117,"4febf7c5":113,"e8d74304":98,"4b4ef7fa":101,"aefe13f5":112,"468fc85c":103,"812b4f15":90,"ac62fac2":117,"3f75d3bc":111,"bec9d329":116,"20811ddf":104,"6e44927f":98,"fea793f5":112,"3a291497":93,"7f6d1d0e":118,"f905a555":97,"d9a64845":103,"8cd78f77":120,"fd369c21":116,"5781776a":104,"8274885a":115,"c318d350":117,"25635c37":91,"9a3cc55d":97,"014bdff0":120,"dc583e64":112,"c0e2624b":102,"3c6692a3":125,"d3a669ac":117,"383e232d":103,"72d7b461":115,"c4bff41f":113,"5ac86fb9":114,"35aa7fd0":117,"72805bf5":89,"5eaa1581":101,"17446892":103,"cfafcda8":101,"b8488fc8":110,"9a3ab0b8":94,"0bfabf48":104,"55928ef1":110,"ba938220":105,"d4ee22a4":108,"0e2b5d2f":114,"6a5b71b4":100,"78467b8a":126,"a59a8290":109,"8fb236a9":96,"9c29f0ed":124,"7566fdd6":126,"2132fe93":115,"bad1a1cc":97,"39a2fcce":91,"2b3e4717":107,"7e15f8e8":108,"99e171db":106,"bfad1727":92,"261c9911":112,"7b6a7048":110,"bc09fa9e":100,"daab45c6":103,"8f9b74b0":103,"26dd2000":121,"e1618359":112,"c4feee5b":110,"f4634d0b":97,"e7abc88d":94,"5272520d":100,"8e99d5d0":118,"61f25dd4":124,"dcf85091":91,"1a2ec5d7":116,"288d171f":103,"0841052c":111,"906632cb":105,"69d4b754":100,"a4f1d83b":108,"f8b31ce5":131,"4c39240e":114,"66d94227":103,"0e036ae9":125,"f5596d0f":110,"c98d5272":110,"140ce69e":106,"9c045c61":116,"e9adbe58":105,"623c6a31":112,"315537b2":110,"e36dfd6f":98,"868edcc0":119,"07fc4a9a":112,"013ee301":109,"f5829ac0":109,"95f6db13":104,"1f88a4b7":123,"9263c525":108,"761cf820":110,"45b038bb":124,"c7c4ec5c":94,"d33790a2":120,"b377a62a":104,"49bf2e95":96,"792cfcbd":99,"b2bd8fd3":103,"bad6cdb1":101,"468fc85c":104,"a5aee5de":131,"c609739e":110,"1bb4ccc0":113,"3f75d3bc":112,"b3f19a69":100,"d1d40c9c":120,"08a561b7":104,"a6b5e869":98,"313258f2":106,"3b2dee89":104,"61145ec9":117,"345c9967":97,"abad2347":107,"d8e58a8c":116,"290b4714":104,"f3a0c2ee":106,"44c77422":112,"259930ee":118,"e3547548":97,"e5d3655c":118,"805af3c7":111,"d82592f4":104,"8dc9b4db":116,"39bbc4bc":123,"09ff339a":86,"26c390d6":102,"d1ca5d6b":112,"835358a0":97,"b7832271":118,"eb7b4e29":99,"fb7482fe":98,"d744bee2":101,"cfafcda8":102,"20958d58":98,"78b97937":114,"2352c8ef":105,"00a17b46":110,"1105f790":110,"0bfabf48":105,"91536e85":116,"a59a8290":110,"e57d5cda":111,"50b558a7":91,"9f74b8a4":101,"4d9b0b10":113,"6f39f4d9":118,"64db4feb":128,"f94bf9ea":107,"8cddb65e":103,"40860a4b":89,"af034fee":105,"081460bf":109,"12534561":101,"faf3ed07":105,"cd421290":103,"ccb5ea3e":94,"b6ee137a":101,"3b7763b1":93,"3ef7432b":112,"77898c22":84,"d25e0f8d":121,"c21ab51e":87,"430a5db5":115,"c2bb8aae":106,"c4feee5b":111,"906632cb":106,"f33c0140":103,"4ee62a26":100,"b215547b":94,"77300e4a":96,"0af920d8":94,"30d84dce":98,"acac14fb":101,"dcf85091":92,"66b7b5b4":102,"cf775f58":106,"36684155":106,"8a52882e":105,"f4b2f575":89,"650bb0e0":111,"5d087c79":106,"945b63f0":133,"bb99c79c":110,"7080f122":101,"18815a1b":98,"016953e4":118,"dc583e64":113,"5099c6a0":128,"b1f58563":106,"0d2c95fe":109,"32c9fc47":102,"a24e6670":106,"0be540c5":118,"6c73ae98":90,"b552beb3":107,"045f280d":107,"5ee911b5":100,"288afc30":104,"7a2f3f06":101,"4ba6eb36":105,"36fb15d2":114,"ef16ca37":106,"608bc832":99,"cbad3b92":132,"88432019":99,"1d153b20":106,"7d6895f4":115,"9cb4697f":117,"d5dae4c4":137,"aa187e3b":94,"5f96c2bc":106,"6775d5cd":102,"ee21ad02":114,"3101354b":95,"b28a5e67":117,"67d30f2b":103,"7ae34c64":113,"935ec056":102,"e4117b3b":90,"d9d0c567":107,"b2cfdbcf":106,"08a06557":129,"caddd0a7":116,"859545e6":90,"7e76c93c":116,"c0b0f492":125,"0f029727":96,"1623fc9f":109,"48655f09":129,"6be9332a":98,"12271e14":105,"1c3a30c5":104,"2d382981":112,"73b15e04":102,"8657c79d":125,"bca2d7cd":108,"5747db6e":121,"88b3bc99":91,"eebc8d43":108,"25a2844e":118,"a0685bf3":122,"4c0e547b":104,"d2466211":120,"11b2c8d9":96,"0d28db94":99,"d5059415":108,"e35a63cd":107,"621d6b18":120,"6c486702":108,"9f74b8a4":102,"ef91eaae":91,"597c1f81":104,"508aac3d":112,"98915a1f":92,"835358a0":98,"b7cc7909":106,"3c18f28e":107,"7af9d3b1":110,"17446892":104,"5774ac0d":116,"2ab62345":93,"64db4feb":129,"e21c6207":99,"77898c22":85,"4295ce9a":116,"debe1f65":112,"21e10a2b":108,"85de05f2":105,"6490bac6":99,"a3253019":105,"66b7b5b4":103,"3498f223":97,"93683c82":100,"1247fa52":112,"430a5db5":116,"0dad37d5":103,"751bcf25":107
1604737552452,"6b79fec2":102,"a58bf525":112,"39bbc4bc":124,"95d3d348":110,"3c43e8a2":117,"22aeaf03":102,"c0b7e7d7":91,"07fc4a9a":113,"a24e6670":107,"2d1e1e9d":100,"90731976":99,"05642105":111,"b36a0d66":91,"1438fad7":108,"8245f916":96,"554ebb83":105,"7ae3fc50":95,"c7c4ec5c":95,"4ba6eb36":106,"d0e9a58e":96,"06073f13":114,"48655f09":130,"1c3a30c5":105,"cf52025e":106,"9fc713b0":114,"6be9332a":99,"2198ba8e":98,"87922532":119,"93ac9ca3":105,"5270f158":108,"5410e9c6":115,"9a3cc55d":98,"3e082b37":99,"004f1ef3":133,"3f2522c2":115,"11b74e63":104,"87c462ee":115,"616d6dd6":103,"6775d5cd":103,"906fdec3":98,"9d4f1fe6":100,"810aa5e9":116,"cb4f262b":104,"91f7ef72":106,"677c6a09":126,"4abb7aed":109,"d39724bc":103,"56473430":115,"b2cfdbcf":107,"0a92153e":110,"5272520d":101,"5e193fc8":107,"d033db8d":115,"2e3503e4":107,"3b690f68":123,"4777334c":95,"08a06557":130,"8f13c203":94,"e5d3655c":119,"0f029727":97,"c8fcad77":99,"9bdf362a":97,"a8871ddf":94,"f5829ac0":110,"159ffd0b":94,"f277386e":89,"6c73ae98":91,"88a30343":102,"11888cfa":100,"1b153aef":113,"7ae3fc50":96,"0cb80f4a":103,"06073f13":115,"40569362":117,"336d0f08":121,"50312237":117,"064a99c8":103,"e6fac295":98,"458dcc3d":120,"2198ba8e":99,"742f1425":104,"72b84094":134,"9a80f004":97,"c650b434":116,"bfad1727":93,"ded7da5a":112,"70594a28":103,"2b3c49b9":110,"ac62fac2":118,"87922532":120,"11b2c8d9":97,"478d2d4f":114,"4c0e547b":105,"0042f6eb":104,"9c29f0ed":125,"7bda83dd":103,"0785820e":115,"2a4a402a":102,"ef91eaae":92,"9b546d65":100,"869cbaa0":117,"f1df62b4":108,"d4ee22a4":109,"53b4e647":118,"1d790491":108,"bad1a1cc":98,"cb6c9e42":124,"39a2fcce":92,"1b881e6e":114,"faf3ed07":106,"5f7d7195":100,"0e036ae9":126,"a63bddd4":131,"0277d748":111,"a77e8461":104,"fd6dcb20":105,"ef8321d8":106,"8547fbc2":101,"82868763":107,"8dc9b4db":117,"83086d4c":114,"0d770b97":108,"aa187e3b":95,"a901627e":102,"5acce642":108,"e865e4dd":96,"6c20c153":107,"71e53c93":113,"d815c5b4":124,"6ee92259":112,"7ae34c64":114,"677c6a09":127,"d9a64845":104,"2dd0e808":106,"08a561b7":105,"2c5c1dc0":103,"f2470875":121,"685207b3":110,"1a2ec5d7":117,"8e780922":107,"0c043224":123,"9b172ca8":89,"9d4da635":87,"5be594be":104,"0841052c":112,"77300e4a":97,"20e470e0":104,"06ee61b6":101,"c2bb8aae":107,"c7313e0a":117,"d0c104c4":81,"a33fe0dd":116,"fbdffc95":100,"ce3bf5db":90,"49b358bd":117,"df2b4d87":105,"4def63ee":80,"ffc86f94":83,"b1f58563":107,"8274885a":116,"fb44fa9c":124,"8aa78e2f":102,"17b08923":111,"cf50e84e":107,"013ee301":110,"1be05c14":103,"045f280d":108,"f271ed5d":116,"ea822700":87,"2180f99b":112,"70c1e715":101,"c0e2624b":103,"de6213c7":103,"1f342a00":104,"f9c15fcc":109,"e0e6a097":101,"4ea4a2a1":124,"8245f916":97,"b35e9e1a":144,"9263c525":109,"8d000d6e":100,"72b84094":135,"26dd2000":122,"7d112f4d":114,"21ad2f34":105,"742f1425":105,"7af262e5":110,"478d2d4f":115,"2a76f1dd":98,"8721056e":96,"cfafcda8":103,"10ec5a0b":108,"c6dc900c":87,"ffa08d82":106,"0e2b5d2f":115,"cf9f4757":96,"d83294cd":102,"d2466211":121,"9c29f0ed":126,"e4cfef0a":94,"4cc141fa":87,"458dcc3d":121,"12271e14":106,"24d24fa3":108,"bad6cdb1":102,"cbad3b92":133,"8d04852b":102,"d6d61bfc":113,"71279c46":101,"68562193":93,"5ac86fb9":115,"ed4fad08":112,"17446892":105,"91d52a55":103,"faf3ed07":107,"c67979e6":127,"5d087c79":107,"36b7003c":136,"23760167":98,"6adce358":121,"b9a48a5c":99,"ccdd1ce6":101,"affb82bf":112,"f87c5031":101,"f3d68430":115,"09560615":89,"36d340f2":95,"abad2347":108,"16b476e9":105,"fd482491":126,"5ef93e5d":86,"7f6d1d0e":119,"b2cfdbcf":108,"bf30a08f":120,"345c9967":98,"7735c3c2":100,"ec110282":127,"bb00e71c":89,"e356abf1":116,"56473430":116,"6e44927f":99,"e2cbe594":100,"5a622a23":101,"c45d554f":108,"ebdbf580":114,"9b742f71":100,"66497c7e":103,"f33c0140":104,"4360a1a3":124,"0d5ee801":95,"7f86be64":115,"bb98a6cf":129,"8e99d5d0":119,"9f2b16a7":113,"66b7b5b4":104,"e9679ede":94,"b6591e25":109,"e62d705f":93,"263762cb":93,"d1676e89":108,"9a3cc55d":99,"27f52ed3":123,"2c5c1dc0":104,"3e082b37":100,"c318d350":118,"b84a06eb":109,"2d1e1e9d":101,"66554572":87,"2180f99b":113,"9fa62fee":100,"084cbc0b":104,"17b08923":112,"1438fad7":109,"d9dcdc4b":126,"820225e4":89,"82b81567":92,"d0e9a58e":97,"7ae3fc50":97,"554ebb83":106,"b7407bd3":100,"b377a62a":105,"45b038bb":125,"4def63ee":81,"7043382d":113,"28d40296":88,"fbdffc95":101,"65a00a3c":103,"5ab7bc35":115,"719c8869":129,"b102f7bd":111,"dfcc2ad1":123,"062179c1":105,"dc0c8b09":125,"07f98660":117,"30c184b8":112,"abd32136":102,"6a7392d5":100,"9c29f0ed":127,"6c524f99":112,"af7e5be8":114,"c803b4a3":102,"7218c9f1":94,"91536e85":117,"804d4dfa":107,"8eb64769":100,"812b4f15":91,"baebb391":118,"24d24fa3":109,"d82592f4":105,"0f72f2d8":104,"92efd84f":111,"0d2a1c58":99,"af0b61ab":102,"22234d6b":107,"13747b82":120,"a47abfbb":96,"a1370ab0":111,"72805bf5":90,"aa9ea5e8":93,"c93c3508":84,"162a7348":109,"c81b2bcf":96,"5a0eb771":103,"97e75c19":124,"d957f027":103,"c67979e6":128,"8ec3834d":117,"e99318a3":110,"d2a841c9":89,"eeaa2d46":118,"f5596d0f":111,"0e036ae9":127,"dfa1a89b":100,"b28a5e67":118,"0a1d11e6":95,"4bc46d7a":98,"3b2dee89":105,"5ef93e5d":87,"a851891c":95,"d4d5f466":104,"79be29c8":107,"3101354b":96,"dd035d2a":102,"93b0a158":113,"51c57542":111,"21ad2f34":106,"2b3c49b9":111,"e2cbe594":101,"c8dc010f":124,"0a96f57a":111,"d25e0f8d":122,"685207b3":111,"b2c25d1c":106,"f4634d0b":98,"9f2b16a7":114,"ddec9e54":100,"dbc9df44":85,"dbd2f139":113,"0a92153e":111,"94a2fe10":109,"b7434f57":91,"a836aa93":109,"f121b82c":121,"7a9344a4":130,"58d46189":117,"9bdf362a":98,"93ac9ca3":106,"f2470875":122,"83086d4c":115,"3f2522c2":116,"6085137f":87,"22aeaf03":103,"fd6dcb20":106,"945b63f0":134,"60e855ee":123,"6db0ea86":109,"d9dcdc4b":127,"d36125db":114,"e0f7679f":94,"159ffd0b":95,"e8f173b5":111,"045f280d":109,"608bc832":100,"d102b0c6":95,"30c5d755":122,"65a00a3c":104,"719c8869":130,"4577b333":109,"7be025ce":109,"c4e70c07":110,"0cb80f4a":104,"45b038bb":126,"20811ddf":105,"6b82b527":115,"16b476e9":106,"bd62d7ed":96,"be3a10f8":125,"1745a0f4":107,"11b2c8d9":98,"2bcca6a7":124,"87cd2add":93,"b87158fb":111,"0e2b5d2f":116,"9aa6a054":108,"2b698053":104,"332820ce":110,"ef16ca37":107,"02d4753e":129,"be1746a0":110,"dd1fcb17":95,"27c8e038":122,"eed20185":119,"01cd8099":110,"1f342a00":105,"084cbc0b":105,"f069bb07":106,"2d54e0a8":103,"a6626a13":91,"0681c48e":118,"b35bb8a1":95,"a625328f":116,"dcfaba4c":110,"b7832271":119,"4125085e":117,"72805bf5":91,"60d6cee2":105,"74e3d13e":106,"7e15f8e8":109,"50d129cf":103,"1b881e6e":115,"e15fd611":95,"9d63c4dd":108,"394dc144":99,"b88033fd":114,"9e206c95":122,"f87c5031":102,"e6fac295":99,"2c24d929":115,"6a5b71b4":101,"621d6b18":121,"c38c2b52":99,"2ce1af05":93,"49cb2959":116,"3101354b":97,"abc1d7ad":113,"fd482491":127,"5eab91a0":113,"f3a0c2ee":107,"72b84094":136,"5a622a23":102,"93e8cee5":129,"5c82d1ce":111,"a851554d":119,"debe1f65":113,"2ad42a9e":110,"4e3f5178":114,"145c7559":118,"0d5ee801":96,"80a8a56d":94,"31408822":99,"3498f223":98,"ca6d2d91":105,"36380d96":115,"059d6c19":117,"20e470e0":105,"c85a0d80":116,"1a2ec5d7":118,"c4feee5b":112,"58d46189":118,"e238f09b":115,"437fc3ec":105,"d1715f3b":111,"affb82bf":113,"af157d29":108,"ef8321d8":107,"945b63f0":135,"2203f259":106,"6ce84ff8":96,"fb7b7b3c":118,"c0b7e7d7":92,"016953e4":119,"4b3e3b1c":111,"2d1e1e9d":102,"4f5e3e7d":95,"07fc4a9a":114,"4777334c":96,"0f029727":98,"014460b9":131,"868cda42":107,"24ffcbd3":119,"0b959527":100,"ea6de194":115,"9cb4697f":118,"ae016053":113,"d1d40c9c":121,"dd035d2a":103,"a502c93c":92,"93b0a158":114,"aa187e3b":96,"5b5fc566":107,"9a3ab0b8":95,"a59a8290":111,"19551bad":100,"d78dd457":98,"5a0ead91":98,"5ee911b5":101,"f277386e":90,"6c73ae98":92,"cfe72ead":93,"a5aee5de":132,"884b0ad1":103,"fd07e0ed":113,"d0d6acb1":111,"a625328f":117,"ea822700":88,"f94bf9ea":108,"2a06ab95":118,"288a2c43":99,"84b67924":111,"aec4e1bf":103,"6867261a":106,"a1370ab0":112,"181c3dd5":110,"6632fed0":111,"f4b2f575":90,"77bae750":101,"b88033fd":115,"ccf8b803":107,"bda8cdfb":113,"8245f916":98,"868edcc0":120,"13f0e139":99,"288afc30":105,"742f1425":106,"045f280d":110,"b460f030":122,"b2a8761b":90,"d8475b95":80,"6be9332a":100,"12a2cd4b":109,"bd62d7ed":97,"87083264":122,"9a07d89b":114,"6034b6d0":112,"67c57de4":123,"9d023afb":123,"7a840529":90,"9aa6a054":109,"4930f321":102,"50c468ba":109,"c8dc010f":125,"9a80f004":98,"27d8bf51":109,"bfad1727":94,"70594a28":104,"7bebff03":94,"f4343817":107,"5be594be":105,"6fb4cdda":120,"61f25dd4":125,"4ee62a26":101,"8db62558":106,"fe578280":101,"c2bb8aae":108,"bf822e33":110,"e15fd611":96,"8547fbc2":102,"7080f122":102,"21ee2afe":116,"a77e8461":105,"f5596d0f":112,"08c6b5d2":111,"546f6845":118,"3c43e8a2":118,"e45b4b53":87,"9a3cc55d":100,"39bbc4bc":125,"f2470875":123,"317c1591":117,"c95719e5":100,"4b3e3b1c":112,"11888cfa":101,"2cce4fb2":114,"f0a06216":106,"fe44fc6f":108,"935ec056":103,"c91966ce":98,"ee21ad02":115,"8bc04eb5":113,"71ba7561":103,"d39724bc":104,"1d44aff3":121,"c0b23081":114,"74c26380":115,"ae016053":114,"87c462ee":116,"2dd0e808":107,"82204d54":101,"d033db8d":116,"e0154608":107,"58d46189":119,"501db4de":110,"3b690f68":124,"b7505747":115,"c4feee5b":113,"805af3c7":112,"c21ab51e":88,"0a2f71bc":98,"14c682eb":97,"719c8869":131,"f8b31ce5":132,"8f13c203":95,"a3d4a0e5":110,"013ee301":111,"4ff2225d":101,"54a676d6":98,"b377a62a":106,"5ee911b5":102,"ef16ca37":108,"6585adbe":87,"9263c525":110,"02d4753e":130,"761cf820":111,"778c95e9":103,"92efd84f":112,"5a07fc2e":99,"1f7607df":98,"1f342a00":106,"272c7672":115,"d3a669ac":118,"74e3d13e":107,"0ecfa1c9":100,"12534561":102,"31f6ba51":103,"2ab62345":94,"61d4782d":112,"dc473de1":101,"ce3407dd":104,"468fc85c":105,"481754fc":90,"458dcc3d":122,"dfc89705":102,"4b4ef7fa":102,"64a7f79f":109,"0f72f2d8":105,"30c184b8":113,"55928ef1":111,"c463799d":116,"cfafcda8":104,"ef91eaae":93,"13b53c7a":108,"abd32136":103,"7fb4c521":111,"5f4102da":109,"0d7d88f1":102,"c803b4a3":103,"c8113b77":96,"a85d89cc":105,"0149e11a":93,"93e8cee5":130,"feb67030":101,"a0cca8b7":88,"3007f31f":101,"fb8bfb36":125,"c650b434":117,"104721f0":108,"79f04300":100,"cf1124db":98,"69d4b754":101,"a68a93b2":96,"0dad37d5":104,"0841052c":113,"f33c0140":105,"6fb4cdda":121,"902f49f5":109,"b7434f57":92,"b3863630":98,"61f25dd4":126,"f66616b7":108,"6adce358":122,"e15fd611":97,"394dc144":100,"7e15f8e8":110,"5a0eb771":104,"140ce69e":107,"bc021def":114,"ef8321d8":108,"09560615":90,"15620dca":116,"9de29816":86,"30dd2edc":114,"3a204e56":115,"5b60dd1d":113,"5099c6a0":129,"8dc9b4db":118,"5781776a":105,"6b79fec2":103,"71ff66e8":100,"be40590d":105,"b7505747":116,"a33fe0dd":117,"24ffcbd3":120,"2045d7d6":99,"fce3c5c6":93,"88fa53d6":95,"ffc86f94":84,"345c9967":99,"28654c76":117,"ef8987d7":102,"fafb4cc2":139,"45b5746e":106,"ee75b607":101,"56473430":117,"ee21ad02":116,"87c462ee":117,"8db5a165":100,"e4c312fe":104,"91b28f83":114,"1bb4ccc0":114,"37d0cae2":103,"8cf83787":94,"b84a06eb":110,"b552beb3":108,"f277386e":91,"4b3e3b1c":113,"489a39f7":97,"de36827b":134,"82b81567":93,"b35e9e1a":145,"4ac6bd4e":99,"2180f99b":114,"b7832271":120,"7028b044":94,"778c95e9":104,"884b0ad1":104,"ef1c2dcb":102,"2f455cce":108,"c64de0c0":94,"bc3dc66a":109,"5a734022":96,"13747b82":121,"60d6cee2":106,"03b4ab60":106,"32133249":110,"3d1af513":114,"5ee911b5":103,"8d000d6e":101,"b2a8761b":91,"99d130c9":121,"ae8a09c4":102,"87922532":121,"c27969ec":107,"35b58ef9":103,"12a2cd4b":110,"a0b03218":101,"062179c1":106,"e35a63cd":108,"2a4a402a":103,"1bc0591f":111,"b8488fc8":111,"c510bfd3":122,"ae95f2ba":123,"a59a8290":112,"a85d89cc":106,"cc5a1d47":92,"8fb236a9":97,"753ca352":95,"d83294cd":103,"ba938220":106,"21ad2f34":107,"daab45c6":104,"53747a91":113,"efd23af5":104,"4eed1bea":114,"27d8bf51":110,"6bc5d32a":126,"9267f0ef":124,"d634aa28":127,"9f2b16a7":115,"751bcf25":108,"cf1124db":99,"288d171f":104,"30fdcd3b":99,"c21ab51e":89,"90d52475":107,"cf775f58":107,"9ceb5439":96,"f2364460":117,"2a387957":106,"2b3e4717":108,"5957df9e":98,"4d35385e":105,"22ecaed0":100,"21ee2afe":117,"6d5fcd4c":111,"175bc6b2":88,"51f57142":114,"d1715f3b":112,"a77e127d":86,"09f0db62":134,"363590c7":109,"5623817d":104,"3a204e56":116,"8e4c33d2":114,"3e082b37":101,"3f75d3bc":113,"49cb2959":117,"012de09c":101,"a851891c":96,"b28a5e67":119,"65e4235b":101,"5b5fc566":108,"dd035d2a":104,"124fbe96":98,"d1d40c9c":122,"677c6a09":128,"16b476e9":107,"1a442bc7":110,"0d770b97":109,"dbc9df44":86,"58d46189":120,"f4634d0b":99,"c4feee5b":114,"b215547b":95,"a8726d50":96,"44c77422":113,"aab4d996":105,"e5d3655c":120,"638cb163":119,"65a00a3c":105,"7043382d":114,"ffc86f94":85,"32c9fc47":103,"0d2c95fe":110,"159ffd0b":96,"95f6db13":105,"28d41578":106,"489a39f7":98,"bbe71605":100,"92efd84f":113,"b5763ff6":86,"a625328f":118,"88b3bc99":92,"bca2d7cd":109,"fb7482fe":99,"aaa274a5":112,"e9a8cf11":110,"a1370ab0":113,"3a1d1632":89,"725dce8b":120,"8cddb65e":104,"5774ac0d":117,"aa9ea5e8":94,"7ae3fc50":98,"d0b297b2":92,"336d0f08":122,"02d4753e":131,"f1862e79":91,"b8397293":99,"45b038bb":127,"99d130c9":122,"be1746a0":111,"b7df1559":113,"8eb64769":101,"9c58dd76":117,"cbad3b92":134,"72b84094":137,"27d8bf51":111,"e21c6207":100,"efd23af5":105,"70594a28":105,"ecfa8249":119,"da3437cd":101,"685207b3":112,"f5e8dfee":122,"2352c8ef":106,"e5b1abc6":94,"70ee0491":93,"cfafcda8":105,"ef14000f":117,"76f94eda":105,"7fdc2007":99,"ec11fe5f":89,"c803b4a3":104,"af7e5be8":115,"87cd2add":94,"9c29f0ed":128,"91536e85":118,"03dcfa3d":112,"088feee2":119,"d1fe2868":111,"ccf8b803":108,"50d129cf":104,"cb6c9e42":125,"6e98dfda":110,"5f7d7195":101,"a63bddd4":132,"9c045c61":117,"8dd2684c":110,"b946e146":122,"6cba74ce":108,"1d153b20":107,"25a7a0a3":111,"71ff66e8":101,"c95719e5":101,"fb7b7b3c":119,"6d61bf13":103,"25635c37":92,"537634c9":95,"012de09c":102,"731fc335":84,"d8e58a8c":117,"d5dae4c4":138,"730a4938":110,"4abb7aed":110,"bec9d329":117,"8a165e17":117,"1bb4ccc0":115,"d4d5f466":105,"e382ec3f":95,"1757a30e":103,"11b74e63":105,"a40846b7":118,"3c43e8a2":119,"e9679ede":95,"cc11fef9":112,"c8977844":107,"a3253019":106,"dae0f922":112,"f2086446":110,"f883d582":102,"9f2b16a7":116,"7a9344a4":131,"9b172ca8":90,"0da28f5b":111,"26ed1a5c":104,"751bcf25":109,"28d40296":89,"4fd645f1":92,"7043382d":115,"868cda42":108,"5ab7bc35":116,"b5ce0c0c":121,"75ffea08":111,"4ff2225d":102,"f044c0e1":91,"28d41578":107,"fd07e0ed":114,"af0b61ab":103,"5747db6e":122,"88b3bc99":93,"835358a0":99,"9fa62fee":101,"ef1c2dcb":103,"76f3a3be":108,"aec4e1bf":104,"725dce8b":121,"e7e82473":125,"2cce4fb2":115,"e8f173b5":112,"f5829ac0":111,"792c9b6a":97,"9260d96b":124,"379184a7":116,"31f6d707":119,"40569362":118,"8245f916":99,"b8397293":100,"be1746a0":112,"afe8e06a":101,"7fdc2007":100,"78b97937":115,"33d6bb6a":96,"a85d89cc":107,"19551bad":101,"c8113b77":97,"92ca52b7":109,"e28c2efc":97,"eb2e1983":109,"6a5b71b4":102,"b73e789c":104,"2b698053":105,"77bfed7e":106,"d8475b95":81,"92136ff5":108,"e2a7d915":91,"df81ddee":100,"f9f2c53f":96,"24d24fa3":110,"bc392d1c":93,"73b15e04":103,"a543ec74":102,"4cc141fa":88,"40860a4b":90,"deb31f35":111,"5e09f69e":127,"5a734022":97,"8a52882e":106,"77bae750":102,"84369269":93
1604737553340,"37fbb107":117,"9d9dd9e5":98,"1634789b":107,"f4b2f575":91,"22ecaed0":101,"d3e84616":118,"6d5fcd4c":112,"b946e146":123,"ec2cb1af":110,"f5596d0f":113,"8cc4a982":111,"f4726450":111,"fd369c21":117,"a6626a13":92,"6a3eaf43":103,"f271ed5d":117,"72d7b461":116,"2f455cce":109,"79e4fa1c":104,"51c57542":112,"a4296d1e":115,"3ef7432b":113,"470d50c2":103,"f883d582":103,"5be594be":106,"6867261a":107,"aec4e1bf":105,"0ecfa1c9":101,"725dce8b":122,"e4714415":117,"8cddb65e":105,"4125085e":118,"6adce358":123,"25d1b2d8":113,"cb6c9e42":126,"d1fe2868":112,"84369269":94,"5957df9e":99,"39a2fcce":93,"0277d748":112,"ec2cb1af":111,"c91966ce":99,"537634c9":96,"781ace7d":110,"1d44aff3":122,"da04caac":112,"11b74e63":106,"aa867541":93,"677c6a09":129,"810aa5e9":117,"290b4714":105,"9d4f1fe6":101,"00cf385d":113,"5acce642":109,"1bb4ccc0":116,"558d5ce7":110,"0e036ae9":128,"eafbf9fb":106,"9de29816":87,"416a9e97":94,"a68a93b2":97,"be2955bb":113,"026766f3":104,"f33c0140":106,"40a745c0":113,"1a2ec5d7":119,"f121b82c":122,"79f04300":101,"7a9344a4":132,"655941a0":116,"259930ee":119,"fce3c5c6":94,"f8b31ce5":133,"7043382d":116,"a577db1c":97,"e5d3655c":121,"014460b9":132,"f2e3c0e3":97,"2a76f1dd":99,"19551bad":102,"25a2844e":119,"afe8e06a":102,"fead11cf":96,"7e95c5a0":111,"92ca52b7":110,"c803b4a3":105,"d7cb9bcf":105,"4f59a322":110,"9496f56f":117,"385ab7c6":106,"ef14000f":118,"2c01e624":102,"72d7b461":117,"4295ce9a":117,"201cafad":100,"85de05f2":106,"6b9eff39":104,"9147702f":98,"6e851762":96,"5a07fc2e":100,"1f7607df":99,"2f455cce":110,"bb8a6337":105,"a2c334e7":125,"f94bf9ea":109,"b35bb8a1":96,"60d6cee2":107,"4911acad":92,"3c18f28e":108,"dc583e64":114,"2203f259":107,"a40846b7":119,"c0b7e7d7":93,"363590c7":110,"22aeaf03":104,"971675c5":108,"11888cfa":102,"8298e976":122,"bda8cdfb":114,"f4b2f575":92,"44a4f7cd":104,"d5557fb4":118,"48efc739":129,"616d6dd6":104,"74c26380":116,"65e4235b":102,"d9a64845":105,"bec9d329":118,"71e53c93":114,"43bc86e3":97,"6775d5cd":104,"d1d40c9c":123,"5ef93e5d":88,"5b5fc566":109,"1bb4ccc0":117,"b0869206":115,"fea793f5":113,"a9b1bd51":79,"789bd484":109,"ef8321d8":109,"ccdd1ce6":102,"945b63f0":136,"9c045c61":118,"175bc6b2":89,"f2ca27d9":104,"1d153b20":108,"805534ac":110,"5fa12feb":108,"261c9911":113,"c4feee5b":115,"cc11fef9":113,"655954ba":103,"0d5ee801":97,"5be594be":107,"7a9344a4":133,"e9679ede":96,"470d50c2":104,"40a745c0":114,"751bcf25":110,"efe84c27":108,"3f9b5722":100,"1e232870":118,"1f11812e":116,"0f029727":99,"cc6bbe45":106,"2af60749":110,"1623fc9f":110,"ea6de194":116,"92f800f5":106,"014460b9":133,"e8f173b5":113,"28d41578":108,"6291e9e9":109,"95f6db13":106,"b84a06eb":111,"408bb2ed":104,"6f0fcb9d":109,"332820ce":111,"8245f916":100,"3d1af513":115,"92d38723":121,"8493f3b2":109,"2198ba8e":100,"b6aaf976":122,"6ebe2354":87,"23080895":94,"1c3a30c5":106,"dfc89705":103,"cbad3b92":135,"e35a63cd":109,"2352c8ef":107,"9b546d65":101,"cfafcda8":106,"11b2c8d9":99,"733c86f8":104,"ffa08d82":107,"eebc8d43":109,"a06a6430":107,"7a4c064c":117,"8ac72326":92,"7e95c5a0":112,"1dad0f99":112,"84b67924":112,"98915a1f":93,"6e851762":97,"d0d6acb1":112,"884b0ad1":105,"f4726450":112,"f069bb07":107,"5b60dd1d":114,"1da771fb":101,"6085137f":88,"8e4c33d2":115,"77d35808":101,"c564e316":107,"6ce84ff8":97,"b7cc7909":107,"081460bf":110,"51f80f4c":118,"b230e8d3":112,"b35bb8a1":97,"af034fee":106,"61d4782d":113,"93b9fae6":98,"aa867541":94,"5ef93e5d":89,"f3a0c2ee":108,"83b2f9c5":113,"a472532e":99,"3a291497":94,"d815c5b4":125,"b8ab8e6e":107,"99e171db":107,"1b881e6e":116,"5f7d7195":102,"c6c85783":115,"c67979e6":129,"c81b2bcf":97,"8cc4a982":112,"2cb29e5a":123,"18815a1b":99,"40e79dd3":106,"b6ee137a":102,"7d112f4d":115,"a0cca8b7":89,"f9f2c53f":97,"2209903e":119,"913a6226":108,"6e24d88b":102,"5e193fc8":108,"0c0e98ea":106,"f76a3e83":111,"501db4de":111,"5cd3cfe0":92,"6b78ad7f":114,"26ed1a5c":105,"06ee61b6":102,"dae0f922":113,"3f9b5722":101,"0da28f5b":112,"9f2b16a7":117,"74f234c6":124,"e1571af7":106,"aab4d996":106,"3fdb08f5":101,"ce3bf5db":91,"a33fe0dd":118,"ec2cb1af":112,"7080f122":103,"140ce69e":108,"217c0327":82,"1be05c14":104,"2d1e1e9d":103,"8d753bb6":93,"f5829ac0":112,"159ffd0b":97,"6a60348e":102,"e36dfd6f":99,"4f5e3e7d":96,"cd95f558":110,"d0b297b2":93,"c7c4ec5c":96,"5f8517b7":131,"08a4c3f8":110,"9e878ec2":122,"d82592f4":106,"cf52025e":107,"aefe13f5":113,"a0bc1ceb":113,"6be9332a":101,"64a7f79f":110,"8a165e17":118,"8bc04eb5":114,"abad2347":109,"88ce179e":119,"bb00e71c":90,"6b82b527":116,"e356abf1":117,"1105f790":111,"478d2d4f":116,"33d6bb6a":97,"70ee0491":94,"e35a63cd":110,"bd62d7ed":98,"cfafcda8":107,"9bdf362a":99,"2045d7d6":100,"b7832271":121,"f4726450":113,"508aac3d":113,"2a06ab95":119,"71bc1295":98,"eda6a690":92,"71ff66e8":102,"83086d4c":116,"c0b7e7d7":94,"004f1ef3":134,"3c43e8a2":120,"7e991ab9":84,"d744bee2":102,"ea822700":89,"71279c46":102,"aec4e1bf":106,"5774ac0d":118,"f94bf9ea":110,"bfcb912a":110,"51f80f4c":119,"2ab62345":95,"7a4c064c":118,"c38c2b52":100,"10ec5a0b":109,"9aa6a054":110,"cc5a1d47":93,"30b6808c":106,"619fda68":126,"83b2f9c5":114,"906fdec3":99,"77f31bab":119,"d1fe2868":113,"7e15f8e8":111,"bf822e33":111,"91d52a55":104,"650bb0e0":112,"0f1ac912":92,"9d0546ac":103,"4eed1bea":115,"0a96f57a":112,"feb67030":102,"e21c6207":101,"ecfa8249":120,"df81ddee":101,"751bcf25":111,"c0fea118":105,"be2955bb":114,"dae0f922":114,"026766f3":105,"2e3503e4":108,"6b78ad7f":115,"f1b493de":125,"77300e4a":98,"c8977844":108,"a68a93b2":98,"754f98c9":110,"31408822":100,"c382f054":121,"d141db49":102,"cc6bbe45":107,"4d35385e":106,"b946e146":124,"53a8613c":127,"6d339d45":92,"f3d68430":116,"a40846b7":120,"28d41578":109,"07fc4a9a":115,"e7e82473":126,"f5829ac0":113,"a6bcb07e":114,"b552beb3":109,"f044c0e1":92,"36fb15d2":115,"6f0fcb9d":110,"8245f916":101,"9263c525":111,"67f6e4f2":101,"358e45b1":106,"82b81567":94,"064a99c8":104,"87ce8d1d":86,"03c398d2":116,"d82592f4":107,"49902219":125,"ccdd1ce6":103,"6e44927f":100,"6023df54":103,"a851891c":97,"ee75b607":102,"20811ddf":106,"616d6dd6":105,"95904ac4":121,"6c20c153":108,"bd2705b0":127,"e4c312fe":105,"16b476e9":108,"2882a956":109,"b87158fb":112,"a567ace4":111,"ec11fe5f":90,"c1bdfd41":94,"0b959527":101,"e3547548":98,"b320feb9":111,"fbdffc95":102,"aa00769b":121,"03dcfa3d":113,"27c8e038":123,"263762cb":94,"7db3edda":107,"1f342a00":107,"aaa274a5":113,"2132fe93":116,"88b3bc99":94,"f271ed5d":118,"d6d61bfc":114,"a66a2d8a":125,"8007f30e":79,"f5e8dfee":123,"11b2c8d9":100,"0bfabf48":106,"9fce073c":108,"2b698053":106,"6a5b71b4":103,"0d7d88f1":103,"8fb236a9":98,"9c29f0ed":129,"e4714415":118,"fb7482fe":100,"aec4e1bf":107,"d1ca5d6b":113,"7af9d3b1":111,"bfcb912a":111,"aa9ea5e8":95,"6e98dfda":111,"72b84094":138,"07107f6e":105,"b6ee137a":103,"5c82d1ce":112,"7b6a7048":111,"7bebff03":95,"9a80f004":99,"1a68160d":114,"5272520d":102,"1a2c020b":100,"4360a1a3":125,"470d50c2":105,"4ee62a26":102,"34c5c729":106,"142d6987":111,"0af920d8":95,"69134f07":105,"0841052c":114,"80a8a56d":95,"5be594be":108,"c8977844":109,"39a2fcce":94,"1d790491":109,"d957f027":104,"7e15f8e8":112,"8cc4a982":113,"815e4582":107,"558d5ce7":111,"794f652b":115,"71ff66e8":103,"095ab3b4":101,"fe1d4419":109,"ea9bba6b":103,"437fc3ec":106,"09ff339a":87,"8cf83787":95,"26009d3f":104,"66554572":88,"b84a06eb":112,"1f88a4b7":124,"ce4da56f":116,"32c9fc47":104,"b377a62a":107,"4f5e3e7d":97,"3d1af513":116,"792c9b6a":98,"02d4753e":132,"0ac825ed":111,"fa55f27a":120,"1d153b20":109,"6143f39d":100,"865d9857":85,"22176537":101,"01d817b8":91,"731fc335":85,"616d6dd6":106,"abc1d7ad":114,"d8e58a8c":118,"95904ac4":122,"537634c9":97,"79be29c8":108,"e865e4dd":97,"e4117b3b":91,"677c6a09":130,"67d30f2b":104,"2882a956":110,"ad2d7bed":110,"3b2dee89":106,"e5b1abc6":95,"25776fc4":114,"3bad3c95":93,"ba30e43a":121,"49b358bd":118,"638cb163":120,"caddd0a7":117,"b320feb9":112,"74e01f6a":100,"3e602573":99,"2c24d929":116,"cf52025e":108,"dd1fcb17":96,"13f0e139":100,"a0b03218":102,"2f455cce":111,"70bc8325":100,"0bd93cfd":88,"aa5dfdf5":107,"2c01e624":103,"272c7672":116,"2a06ab95":120,"c93c3508":85,"0ecfa1c9":102,"2ab62345":96,"081460bf":111,"f94bf9ea":111,"9b3f8714":116,"b102f7bd":112,"af7e5be8":116,"7af262e5":111,"abd32136":104,"6a7392d5":101,"c510bfd3":123,"619fda68":127,"95539a58":87,"0042f6eb":105,"753ca352":96,"7fdc2007":101,"53b4e647":119,"00a17b46":111,"e865e4dd":98,"47cfba38":98,"bc09fa9e":101,"44ff8baa":105,"25e0dd3d":115,"6490bac6":100,"a0ce82b4":116,"7bebff03":96,"f4343817":108,"696fdac5":106,"4ee62a26":103,"1a2c020b":101,"74f234c6":125,"e9679ede":97,"cb51f134":116,"30dbfc69":102,"dae0f922":115,"b2c25d1c":107,"c382f054":122,"a68a93b2":99,"4c4aa2e2":109,"f4634d0b":100,"467773ac":99,"50d129cf":105,"47d27624":96,"23760167":99,"f66616b7":109,"5957df9e":100,"ccf8b803":109,"bda8cdfb":115,"836701f6":101,"3712c4bd":95,"83086d4c":117,"fe1d4419":110,"6b79fec2":104,"3f2522c2":117,"1da771fb":102,"159ffd0b":98,"820225e4":90,"6291e9e9":110,"e7e82473":127,"013ee301":112,"a8871ddf":95,"88a30343":103,"50312237":118,"b35e9e1a":146,"00554ffd":125,"7a2f3f06":102,"5a0ead91":99,"15620dca":117,"d3e84616":119,"7d6895f4":116,"ef8321d8":110,"22ecaed0":102,"546f6845":119,"9e206c95":123,"d8e58a8c":119,"28654c76":118,"95904ac4":123,"5f0c1b9d":113,"69eeae0d":94,"6e44927f":101,"04cc7cbe":91,"677c6a09":131,"ee21ad02":117,"d929098e":83,"79be29c8":109,"6841f77e":117,"95d331b1":95,"c4e70c07":111,"49b358bd":119,"c7636527":93,"638cb163":121,"4777334c":97,"aa021138":115,"04ea5673":114,"4f5e3e7d":98,"7ae3fc50":99,"2c24d929":117,"eed20185":120,"03dcfa3d":114,"dfc89705":104,"6ebe2354":88,"9fc713b0":115,"8eb64769":102,"6751d8e4":118,"1f7607df":100,"2c627253":106,"70c1e715":102,"b5763ff6":87,"22234d6b":108,"284544ba":101,"9f5e6cba":110,"a6003226":104,"71279c46":103,"82204d54":102,"fee32863":105,"a0685bf3":123,"c510bfd3":124,"e35a63cd":111,"ec11fe5f":91,"733c86f8":105,"629800eb":112,"9c29f0ed":130,"cc5a1d47":94,"f7231212":108,"43d87483":102,"053f3451":110,"753ca352":97,"f94bf9ea":112,"dcfaba4c":111,"24a9fb86":119,"5fa12feb":109,"0149e11a":94,"f734c84c":127,"daab45c6":105,"f9f2c53f":98,"25e0dd3d":116,"2b3c49b9":112,"cb51f134":117,"7cd0ad7b":120,"501db4de":112,"4279e829":120,"972f4174":117,"bb98a6cf":130,"dcf85091":93,"4b4ecbce":90,"40a745c0":115,"72805bf5":92,"f66616b7":110,"bda8cdfb":116,"c81b2bcf":98,"578f6e9e":121,"f2470875":124,"3a204e56":117,"c0b7e7d7":95,"d599b566":116,"2203f259":108,"eda6a690":93,"fb44fa9c":125,"de36827b":135,"54a676d6":99,"0114160e":112,"f044c0e1":93,"a6bcb07e":115,"05642105":112,"1a0189c4":99,"394dc144":101,"527ff946":119,"91d52a55":105,"be4f8ba8":109,"88432019":100,"9e206c95":124,"3f65f121":114,"1d153b20":110,"08c6b5d2":112,"d2a841c9":90,"2c6cb96f":90,"91f7ef72":107,"7896b953":121,"04bef50c":83,"1d44aff3":123,"d929098e":84,"3101354b":98,"3b2dee89":107,"fafb4cc2":140,"abc1d7ad":115,"e6ec8cbf":118,"ea4d3f3e":117,"4b125e7b":114,"a502c93c":93,"9d4da635":88,"acac14fb":102,"0da28f5b":113,"026766f3":106,"059d6c19":118,"fce3c5c6":95,"aab4d996":107,"4777334c":98,"04ea5673":115,"dac109cf":100,"ce3bf5db":92,"805af3c7":113,"3a1b9af5":109,"9260d96b":125,"b377a62a":108,"40569362":119,"4f5e3e7d":99,"0ac825ed":112,"d0e9a58e":98,"a0bc1ceb":114,"481754fc":91,"24d24fa3":111,"baebb391":119,"a43061ee":93,"792cfcbd":100,"ad8f85d6":118,"26c390d6":103,"d1ca5d6b":114,"de6213c7":104,"911e770b":115,"e58b26f6":117,"5a07fc2e":101,"c793cdda":108,"7fdc2007":102,"cfafcda8":108,"6c486702":109,"25a2844e":120,"fef750ca":109,"0042f6eb":106,"9496f56f":118,"c463799d":117,"629800eb":113,"ef14000f":119,"7e95c5a0":113,"6f39f4d9":119,"87cd2add":95,"1dad0f99":113,"12534561":103,"4295ce9a":118,"2209903e":120,"4dac6b20":88,"51c57542":113,"547903ef":121,"6bc5d32a":127,"6b9eff39":105,"c85a0d80":117,"8942c35b":109,"8d04852b":103,"42c80e69":121,"c4bff41f":114,"47cfba38":99,"081460bf":112,"76f3a3be":109,"a40846b7":121,"a58bf525":113,"42191b64":86,"c95719e5":102,"93ac9ca3":107,"22aeaf03":105,"3e082b37":102,"a3d4a0e5":111,"e36dfd6f":100,"8b2b601d":105,"b84a06eb":113,"3c782bb3":106,"0d2c95fe":111,"045f280d":111,"91d52a55":106,"39a2fcce":95,"2b3e4717":109,"815e4582":108,"d1fe2868":114,"9ceb5439":97,"77f31bab":120,"25a7a0a3":112,"f5596d0f":114,"bb99c79c":111,"d2a841c9":91,"affb82bf":114,"172217e5":109,"30dd2edc":115,"cf1b8c47":114,"83b2f9c5":115,"71ba7561":104,"3c0df8b4":110,"65e4235b":103,"a851891c":98,"6775d5cd":105,"f3a0c2ee":109,"3b2dee89":108,"b0869206":116,"a6b5e869":99,"8bc04eb5":115,"ad2d7bed":111,"c0b23081":115,"c4feee5b":116,"0d5ee801":98,"fe578280":102,"902f49f5":110,"9d4da635":89,"d548635d":105,"6f81493d":97,"f76a3e83":112,"c2bb8aae":109,"b215547b":96,"f883d582":104,"5e193fc8":109,"c1bdfd41":95,"ce3bf5db":93,"868cda42":109,"a577db1c":98,"3fdb08f5":102,"08a06557":131,"dac109cf":101,"4ea4a2a1":125,"f9c15fcc":110,"8f2a7d69":100,"d0b297b2":94,"e0e6a097":102,"7ae3fc50":100,"02d4753e":133,"03dcfa3d":115,"804d4dfa":108,"a43061ee":94,"01cd8099":111,"a5aee5de":133,"cbad3b92":136,"b2bd8fd3":104,"26c390d6":104,"6a3eaf43":104,"1f342a00":108,"ea822700":90,"835358a0":100,"bd62d7ed":99,"fee32863":106,"8b5a8e9f":119,"6a7392d5":102,"78467b8a":127,"f1df62b4":109,"13b53c7a":109,"619fda68":128,"5f4102da":110,"0785820e":116,"abd32136":105,"ba938220":107,"4930f321":103,"30b6808c":107,"0fc5ac7e":129,"c793cdda":109,"25e0dd3d":117,"b6ee137a":104,"7b6a7048":112,"70594a28":106,"6b9eff39":106,"7bebff03":97,"c45d554f":109,"32133249":111,"9f5e6cba":111,"47cfba38":100,"4911acad":93,"6867261a":108,"b35bb8a1":98,"b7cc7909":108,"5781776a":106,"6ce84ff8":98,"004f1ef3":135,"5b60dd1d":115,"5099c6a0":130,"c318d350":119,"e238f09b":116,"cf84fb54":111,"e8f173b5":114,"e99318a3":111,"44a4f7cd":105,"8ec3834d":118,"a9b1bd51":80,"ccf8b803":110,"93fdbb44":95,"ce3407dd":105,"08c6b5d2":113,"8cc4a982":114,"7d6895f4":117,"865d9857":86,"f3d68430":117,"1d44aff3":124,"4bc46d7a":99,"ef8987d7":103,"e865e4dd":99,"ec110282":128,"65e4235b":104,"a502c93c":94,"731fc335":86,"677c6a09":132,"d1d40c9c":124,"a6b5e869":100,"9d4f1fe6":102,"bec9d329":119,"e4117b3b":92,"b9a48a5c":100,"e9adbe58":106,"b2c25d1c":108,"c8977844":110,"8942c35b":110,"c4feee5b":117,"9b742f71":101,"1e191c98":89,"c382f054":123,"a4f1d83b":109,"655954ba":104,"751acea8":94,"c3e6ef01":114,"8e99d5d0":120,"dcf85091":94,"5cd3cfe0":93,"5f620a1e":117,"44c77422":114,"d6f0d94a":98,"4fd645f1":93,"e5d3655c":122,"25776fc4":115,"aa021138":116,"b36a0d66":92,"ce4da56f":117,"d36125db":115,"e36dfd6f":101,"b2703001":118,"45b038bb":128,"06073f13":116,"b7407bd3":101,"332820ce":112,"a533489b":116,"d0c0fc08":95,"ef16ca37":109,"48655f09":131,"4cc141fa":89,"cf52025e":109,"792cfcbd":101,"3e602573":100,"17807120":111,"01cd8099":112,"f271ed5d":119,"fead11cf":97,"478d2d4f":117,"9d023afb":124,"ba5c52af":111,"1105f790":112,"11b2c8d9":101,"869cbaa0":118,"b102f7bd":113,"d4ee22a4":110,"43d87483":103,"6034b6d0":113,"b73e789c":105,"0d7d88f1":104,"7e95c5a0":114,"c0e2624b":104,"d25e0f8d":123,"77898c22":86,"2c627253":107,"5a07fc2e":102,"4bcd4a30":121,"fb7482fe":101,"6a3eaf43":105,"725dce8b":123,"c564e316":108,"5099c6a0":131,"3f2522c2":118
1604737553832,"ea9bba6b":104,"dc583e64":115,"27f52ed3":124,"3a204e56":118,"66554572":89,"8aa78e2f":103,"a8871ddf":96,"f277386e":92,"e7e82473":128,"4ff2225d":103,"045f280d":112,"82b81567":95,"7a6aa4b6":110,"332820ce":113,"9263c525":112,"792c9b6a":99,"31f6d707":120,"1ff8c2fc":117,"01cd8099":113,"6ebe2354":89,"99d130c9":123,"cac4449a":103,"04612878":118,"dd1fcb17":97,"8eb64769":103,"c318d350":120,"e1f0dbfd":118,"e2cbe594":102,"c45d554f":110,"261c9911":114,"f9f2c53f":99,"f3992a31":105,"7cd0ad7b":121,"d033db8d":117,"1a2c020b":102,"efe84c27":109,"30fdcd3b":100,"dcf85091":95,"0c0e98ea":107,"d634aa28":128,"a3253019":107,"1e191c98":90,"34c5c729":107,"754f98c9":111,"94a2fe10":110,"65a00a3c":106,"88fa53d6":96,"3fdb08f5":103,"7e76c93c":117,"75ffea08":112,"d9d7c4c2":115,"ffc86f94":86,"f2470875":125,"6d61bf13":104,"3f75d3bc":114,"61145ec9":118,"71ba7561":105,"3101354b":99,"5f0c1b9d":114,"195eb771":102,"bec9d329":120,"a0cf08b3":92,"9cb4697f":119,"ea4d3f3e":118,"f0a06216":107,"67d30f2b":105,"91b28f83":115,"e356abf1":118,"82868763":108,"42191b64":87,"a40846b7":122,"437fc3ec":107,"17b08923":113,"8aa78e2f":104,"28d41578":110,"7732eb1e":121,"e7e82473":129,"07fc4a9a":116,"e81834aa":117,"1b153aef":114,"b2a8761b":92,"4f5e3e7d":100,"3d1af513":117,"d0e9a58e":99,"9a3ab0b8":96,"30c184b8":114,"8f10fa42":133,"7af262e5":112,"5f4102da":111,"b8488fc8":112,"e4cfef0a":95,"2352c8ef":108,"7fb4c521":112,"d7cb9bcf":106,"43d87483":104,"f1df62b4":110,"619fda68":129,"87083264":123,"92d38723":122,"50312237":119,"59c1e594":109,"24d24fa3":112,"b460f030":123,"cf52025e":110,"baebb391":120,"dfc89705":105,"c852d240":113,"42c80e69":122,"deb31f35":112,"35aa7fd0":118,"13747b82":122,"a6003226":105,"90d52475":108,"c6c85783":116,"cb6c9e42":127,"6adce358":124,"7e15f8e8":113,"0670c466":99,"6e98dfda":112,"0f72f2d8":106,"52eca0dc":105,"a15713c6":124,"db8ba455":111,"195eb771":103,"ad2d7bed":112,"69eeae0d":95,"537634c9":98,"4258c176":102,"4652b09a":127,"c91966ce":100,"c0b23081":116,"c8dc010f":126,"40e79dd3":107,"3007f31f":102,"44ff8baa":106,"2b3c49b9":113,"51c57542":114,"85de05f2":107,"9b742f71":102,"f4634d0b":101,"be2955bb":115,"f883d582":105,"c382f054":124,"58d46189":121,"c4feee5b":118,"f76a3e83":113,"467773ac":100,"6fb4cdda":122,"cd3bbe7e":109,"a8726d50":97,"79f04300":102,"93683c82":101,"e1571af7":107,"4777334c":99,"9bdf362a":100,"7043382d":117,"fbdffc95":103,"2af60749":111,"eeaa2d46":119,"ccdd1ce6":104,"18815a1b":100,"a77e8461":106,"6143f39d":101,"ac38a6a5":122,"7080f122":104,"c564e316":109,"f5cd79c1":97,"83086d4c":118,"312f7676":111,"6085137f":89,"b935fc1c":103,"9a3cc55d":101,"bab97de3":118,"cf50e84e":108,"07fc4a9a":117,"b36a0d66":93,"1be05c14":105,"868edcc0":121,"e36dfd6f":102,"358e45b1":107,"87c462ee":118,"7ee7621c":112,"51a3e9c2":115,"82204d54":103,"7af262e5":113,"8f10fa42":134,"fe8f3d36":98,"4f59a322":111,"b102f7bd":114,"cf9f4757":97,"2352c8ef":109,"869cbaa0":119,"2a4a402a":104,"4def63ee":82,"9260d96b":126,"d0b297b2":95,"c7c4ec5c":97,"67f6e4f2":102,"34658473":94,"8323d333":95,"13f0e139":101,"f271ed5d":120,"508aac3d":114,"2d13e69b":108,"cbb54a0a":92,"730338c4":120,"d0d6acb1":113,"0d2a1c58":100,"c64de0c0":95,"bfcb912a":112,"288a2c43":100,"47cfba38":101,"5774ac0d":119,"2ab62345":97,"4125085e":119,"31d74eee":98,"7e15f8e8":114,"97e75c19":125,"d1fe2868":115,"faf3ed07":108,"804d4dfa":109,"4febf7c5":114,"04612878":119,"dfc89705":106,"2198ba8e":101,"eed20185":121,"7218c9f1":95,"9fce073c":109,"4930f321":104,"0785820e":117,"b28a5e67":120,"0a1d11e6":96,"74c26380":117,"6023df54":104,"40e79dd3":108,"8ea21393":97,"ded7da5a":113,"7e8e1c3d":102,"21e10a2b":109,"5c82d1ce":113,"685207b3":113,"f4343817":109,"8942c35b":111,"93683c82":102,"f33c0140":107,"110b1ee3":104,"fe578280":103,"30fdcd3b":101,"4b4ecbce":91,"8e99d5d0":121,"5272520d":103,"20e470e0":106,"ab7d4c9a":100,"5ccf94d6":106,"4e3f5178":115,"cc6bbe45":108,"259930ee":120,"868cda42":110,"91d52a55":107,"5957df9e":101,"12dd6f5e":101,"b9a48a5c":101,"fd6dcb20":107,"08c6b5d2":114,"51f57142":115,"623c6a31":113,"eafbf9fb":107,"263762cb":95,"2c5c1dc0":105,"7ee148e9":103,"9a3cc55d":102,"836701f6":102,"5410e9c6":116,"c7ab83c1":103,"88a30343":104,"6db0ea86":110,"66554572":90,"e81834aa":118,"28d41578":111,"4b3e3b1c":114,"8a165e17":119,"7fef9973":109,"7f6d1d0e":120,"7ae34c64":115,"cf1b8c47":115,"b3f19a69":101,"4b125e7b":115,"7735c3c2":101,"e6ec8cbf":119,"d83870f5":105,"30c184b8":115,"c510bfd3":125,"92ca52b7":111,"831c7b85":103,"7732eb1e":122,"0a2f71bc":99,"e3547548":99,"a33fe0dd":119,"7043382d":118,"761cf820":112,"f9c15fcc":111,"792c9b6a":100,"36fb15d2":116,"8cd78f77":121,"70c1e715":103,"af0b61ab":104,"884b0ad1":106,"2c01e624":104,"de6213c7":105,"aec074c4":120,"8cddb65e":106,"e9a8cf11":111,"162a7348":110,"1ed46298":121,"031e488e":108,"bfcb912a":113,"6632fed0":112,"379184a7":117,"8f2a7d69":101,"50312237":120,"481754fc":92,"03c398d2":117,"458dcc3d":123,"9fc713b0":116,"03dcfa3d":116,"8eb64769":104,"48655f09":132,"6c524f99":113,"77bfed7e":107,"78b97937":116,"a0685bf3":124,"e28c2efc":98,"ffa08d82":108,"385ab7c6":107,"869cbaa0":120,"cf9f4757":98,"95539a58":88,"f789f6d8":119,"a5fd8ffd":108,"261c9911":115,"debe1f65":114,"8f9b74b0":104,"7b6a7048":113,"21e10a2b":110,"4dac6b20":89,"c8dc010f":127,"8db62558":107,"c2bb8aae":110,"ab7d4c9a":101,"bb98a6cf":131,"8e780922":108,"40a745c0":116,"34c5c729":108,"0af920d8":96,"f598a332":104,"288d171f":105,"3b690f68":125,"696fdac5":107,"d70ca4f4":123,"1e232870":119,"aff8e442":116,"254cc28c":123,"c67979e6":130,"48efc739":130,"04643409":117,"23760167":100,"a9b1bd51":81,"d1715f3b":113,"4d35385e":107,"3454fa2b":102,"2dda3936":104,"affb82bf":115,"3661e12d":101,"36d340f2":96,"263762cb":96,"a40846b7":123,"971675c5":109,"6085137f":90,"5b60dd1d":116,"22aeaf03":106,"d599b566":117,"cf1b8c47":116,"d8e58a8c":120,"ec110282":129,"781ace7d":111,"a502c93c":95,"91f7ef72":108,"aa187e3b":97,"51a3e9c2":116,"7f6d1d0e":121,"95d331b1":96,"91b28f83":116,"04cc7cbe":92,"e81834aa":119,"59431390":107,"fce3c5c6":96,"d9f512b9":116,"3bad3c95":94,"e32524d6":112,"75ffea08":113,"3fdb08f5":104,"2045d7d6":101,"8d000d6e":102,"28d41578":112,"8493f3b2":110,"0be540c5":119,"aa5dfdf5":108,"2a06ab95":121,"de6213c7":106,"c0e2624b":105,"39ba00f0":109,"6751d8e4":119,"2f455cce":112,"b35bb8a1":99,"71279c46":104,"3c18f28e":109,"57d5dee8":117,"7af9d3b1":112,"72805bf5":93,"0ecfa1c9":103,"3c782bb3":107,"489a39f7":99,"3652bd66":111,"45fb95c1":107,"608bc832":101,"d33790a2":121,"064a99c8":105,"d0b297b2":96,"8f2a7d69":102,"73b15e04":104,"dfc89705":107,"812b4f15":92,"35b58ef9":104,"71bc1295":99,"c609739e":111,"f67de058":115,"2352c8ef":110,"8063df14":98,"1105f790":113,"53b4e647":120,"bd62d7ed":100,"0e2b5d2f":117,"7218c9f1":96,"6034b6d0":114,"25a2844e":121,"93b9fae6":99,"9f74b8a4":103,"cc5a1d47":95,"e28c2efc":99,"37fbb107":118,"faf3ed07":109,"6e98dfda":113,"f4b2f575":93,"5957df9e":102,"e15fd611":98,"2a387957":107,"18815a1b":101,"6de0aaac":98,"9a467a82":111,"36d340f2":97,"0277d748":113,"9a80f004":100,"6b9eff39":107,"3b7763b1":94,"c45d554f":111,"70594a28":107,"20777945":97,"0a96f57a":113,"93683c82":103,"ca6d2d91":106,"3498f223":99,"3712c4bd":96,"c95719e5":103,"2203f259":109,"27f52ed3":125,"6b79fec2":105,"d1676e89":109,"09ff339a":88,"3f75d3bc":115,"0a1d11e6":97,"f789f6d8":120,"f56ac638":89,"313258f2":107,"04bef50c":84,"00a481e3":122,"08a561b7":106,"9d4f1fe6":103,"a15713c6":125,"c0b23081":117,"1a442bc7":111,"20811ddf":107,"7f6d1d0e":122,"3454fa2b":103,"eeaa2d46":120,"383e232d":104,"884b0ad1":107,"5747db6e":123,"88b3bc99":95,"f4726450":114,"12534561":104,"b7cc7909":109,"84b767be":133,"c0e2624b":106,"e4714415":119,"5f620a1e":118,"d548635d":106,"58d46189":122,"2045d7d6":102,"b6591e25":110,"2154b6e8":95,"c382f054":125,"7cd0ad7b":122,"4777334c":100,"80a8a56d":96,"c3e6ef01":115,"7be025ce":110,"1a68160d":115,"5272520d":104,"24ffcbd3":121,"c4feee5b":119,"4def63ee":83,"655954ba":105,"1438fad7":110,"bab97de3":119,"cf50e84e":109,"1ff8c2fc":118,"a4dafea5":105,"06073f13":117,"32c9fc47":105,"761cf820":113,"8d753bb6":94,"ea274174":110,"95f6db13":107,"4ac6bd4e":100,"f9c15fcc":112,"cfe72ead":94,"b7df1559":114,"87922532":122,"01cd8099":114,"b460f030":124,"35b58ef9":105,"792cfcbd":102,"9c58dd76":118,"19551bad":103,"fead11cf":98,"6c486702":110,"d5059415":109,"9b546d65":102,"76f94eda":106,"9a07d89b":115,"d7cb9bcf":107,"c6dc900c":88,"7e95c5a0":115,"05f6ab35":107,"d4ee22a4":111,"93b9fae6":100,"4f59a322":112,"85de05f2":108,"e1f0dbfd":119,"f734c84c":128,"5fa12feb":110,"fb8bfb36":126,"c45d554f":112,"5a622a23":103,"bb98a6cf":132,"d34a29b9":123,"66497c7e":104,"1a2c020b":103,"db703021":106,"fe578280":104,"381c68fa":112,"f3992a31":106,"dbd2f139":114,"c3e6ef01":116,"5e193fc8":110,"36380d96":116,"66b7b5b4":105,"a2c334e7":126,"031e488e":109,"31f6ba51":104,"6632fed0":113,"7e15f8e8":115,"66d94227":104,"a1921150":115,"23760167":101,"394dc144":102,"37fbb107":119,"c98d5272":111,"217c0327":83,"f87c5031":103,"172217e5":110,"175bc6b2":90,"f3d68430":118,"d2a841c9":92,"416a9e97":95,"77d35808":102,"8dc9b4db":119,"83086d4c":119,"c0b7e7d7":96,"971675c5":110,"7896b953":122,"db8ba455":112,"71e53c93":115,"d9a64845":106,"51a3e9c2":117,"906fdec3":100,"87c462ee":119,"d929098e":85,"6e44927f":102,"d815c5b4":126,"43bc86e3":98,"e0e48a2d":99,"6b82b527":117,"e4c312fe":106,"d599b566":118,"fe1d4419":111,"e0154608":108,"259930ee":121,"cc6bbe45":109,"0f029727":100,"fce3c5c6":97,"d9f512b9":117,"92f800f5":107,"3bad3c95":95,"508aac3d":115,"70bc8325":101,"383e232d":105,"a625328f":119,"0bd93cfd":89,"ea822700":91,"c793cdda":110,"af034fee":107,"540df50f":114,"1138796e":112,"a4dafea5":106,"49910300":102,"159ffd0b":99,"fa55f27a":121,"2cce4fb2":116,"3d1af513":118,"6d802fa2":98,"e7e82473":130,"92d38723":123,"45b038bb":129,"d0b297b2":97,"0ac825ed":113,"cfe72ead":95,"cbad3b92":137,"481754fc":93,"bc392d1c":94,"742f1425":107,"c27969ec":108,"b102f7bd":115,"9b546d65":103,"d2466211":122,"8b5a8e9f":120,"6034b6d0":115,"ffa08d82":109,"831c7b85":104,"92ca52b7":112,"7fb4c521":113,"dfcc2ad1":124,"7e95c5a0":116,"f2e3c0e3":98,"621d6b18":122,"cb142908":98,"aa00769b":122,"468fc85c":106,"c45d554f":113,"f9f2c53f":100,"c455f40e":98,"18d20aa1":98,"21e10a2b":111,"805534ac":111,"5a622a23":104,"a68a93b2":100,"d548635d":107,"8942c35b":112,"c21ab51e":90,"3a1d1632":90,"40860a4b":91,"51f80f4c":120,"5ac86fb9":116,"6632fed0":114,"36b7003c":137,"50d129cf":106,"a939b50b":111,"cf775f58":108,"f2364460":118,"aff8e442":117,"37fbb107":120,"0277d748":114,"9de29816":88,"172217e5":111,"9c045c61":119,"08c6b5d2":115,"bb99c79c":112,"9e206c95":125,"a77e127d":87,"71ff66e8":104,"28654c76":119,"0a1d11e6":98,"4bc46d7a":100,"6023df54":105,"ec110282":130,"ba586505":106,"4b125e7b":116,"a5676c24":106,"7fef9973":110,"ae016053":115,"ea4d3f3e":119,"88ce179e":120,"d83870f5":106,"1a442bc7":112,"5270f158":109,"095ab3b4":102,"437fc3ec":108,"5099c6a0":132,"c7ab83c1":104,"6b78ad7f":116,"467773ac":101,"9d4da635":90,"754f98c9":112,"3f9b5722":102,"ab7d4c9a":102,"e7abc88d":95,"cf1124db":100,"b6591e25":111,"a836aa93":110,"e1571af7":108,"d9d7c4c2":116,"c4e70c07":112,"4777334c":101,"65a00a3c":107,"92f800f5":108,"75ffea08":114,"72d7b461":118,"50c3164b":115,"84b67924":113,"d744bee2":103,"9147702f":99,"2c627253":108,"a625328f":120,"1138796e":113,"28d41578":113,"17b08923":114,"06ddafc7":90,"5a0ead91":100,"32c9fc47":106,"ce4da56f":118,"9260d96b":127,"4ba6eb36":107,"6291e9e9":111,"5f8517b7":132,"fa55f27a":122,"cd95f558":111,"06073f13":118,"064a99c8":106,"ad303bda":110,"5f4102da":112,"76f94eda":107,"062179c1":107,"55928ef1":112,"43d87483":105,"30c184b8":116,"53b4e647":121,"4f59a322":113,"8721056e":97,"1dad0f99":114,"2bcca6a7":125,"2a4a402a":105,"597c1f81":105,"dfc89705":108,"bc392d1c":95,"812b4f15":93,"87ce8d1d":87,"c6e3d352":119,"0f72f2d8":107,"b6ee137a":105,"07107f6e":106,"6b9eff39":108,"cd421290":104,"26dd2000":123,"a0cca8b7":90,"3b7763b1":95,"a1370ab0":114,"5eaa1581":102,"2ab62345":98,"76f3a3be":110,"b7cc7909":110,"61d4782d":114,"a2c334e7":127,"84369269":95,"25d1b2d8":114,"cb6c9e42":128,"bad1a1cc":99,"90d52475":109,"794f652b":116,"47d27624":97,"51f57142":116,"8547fbc2":103,"eeaa2d46":121,"a77e8461":107,"8db5a165":101,"616d6dd6":107,"71e53c93":116,"7c0a2db6":109,"93b0a158":115,"d8e58a8c":121,"bf30a08f":121,"313258f2":108,"d815c5b4":127,"fea793f5":114,"a472532e":100,"ad2d7bed":113,"16b476e9":109,"e4117b3b":93,"695a2b92":97,"8274885a":117,"3e082b37":103,"971675c5":111,"6085137f":91,"e7773397":95,"9a3cc55d":103,"cc11fef9":114,"34c5c729":109,"a8726d50":98,"ebdbf580":115,"180377be":108,"470d50c2":106,"430a5db5":117,"e7abc88d":96,"5ccf94d6":107,"b3863630":99,"19e9776f":112,"168e75d9":108,"1e232870":120,"c2bb8aae":111,"014460b9":134,"638cb163":122,"e786063b":111,"868cda42":111,"c4e70c07":113,"14c682eb":98,"259930ee":122,"f5596d0f":115,"b946e146":125,"416a9e97":96,"0d2a1c58":101,"cbb54a0a":93,"9ab755d3":103,"72d7b461":119,"1f7607df":101,"84b767be":134,"45fb95c1":108,"4945c851":115,"69f3bfcc":104,"8298e976":123,"de36827b":136,"8d753bb6":95,"02d4753e":134,"159ffd0b":100,"40569362":120,"92d38723":124,"50312237":121,"fe0df575":117,"9263c525":113,"2ce1af05":94,"50c468ba":110,"82204d54":104,"55928ef1":113,"2b698053":107,"f5e8dfee":124,"385ab7c6":108,"eebc8d43":110,"a06a6430":108,"30c184b8":117,"c803b4a3":106,"11b2c8d9":102,"621d6b18":123,"20958d58":99,"8245f916":102,"1c3a30c5":107,"4cc141fa":90,"03c398d2":118,"792cfcbd":103,"4295ce9a":119,"07107f6e":107,"c650b434":118,"c45d554f":114,"e1f0dbfd":120,"ecfa8249":121,"f4343817":110,"6ebe2354":90,"2d382981":113,"ac62fac2":119,"50c3164b":116,"be149c6f":102,"a47abfbb":97,"bc3dc66a":110,"5774ac0d":120,"12534561":105,"71a2a493":80,"c64de0c0":96,"44a4f7cd":106,"9d63c4dd":109,"842c8340":96,"84369269":96,"c67979e6":131,"f2364460":119,"c98d5272":112,"ae016053":116,"a851891c":99,"7c0a2db6":110,"dc03ebd2":122,"195eb771":104,"aa187e3b":98,"810aa5e9":118,"a502c93c":96,"6ee92259":113,"5f96c2bc":107,"6c20c153":109,"87c462ee":120,"4258c176":103,"1a442bc7":113,"25635c37":93,"016953e4":120,"5ccf94d6":108,"685207b3":114,"1e7753d9":124,"1a2c020b":104,"d548635d":108,"a68a93b2":101,"5cd3cfe0":94,"69134f07":106,"e7abc88d":97,"bb98a6cf":133,"8942c35b":113,"dcf85091":96,"a836aa93":111,"db703021":107,"d9d7c4c2":117,"49b358bd":120,"aa021138":117,"d141db49":103,"4777334c":102,"92f800f5":109,"14c682eb":99,"09560615":91,"d3e84616":120,"bb99c79c":113,"6d339d45":93,"4d35385e":108,"9c045c61":120,"1d153b20":111,"72d7b461":120,"836701f6":103,"0b3283c9":106,"26f99a1e":109,"363590c7":111,"19f9ca86":109,"07fc4a9a":118,"f5829ac0":114,"a8871ddf":97,"b2703001":119,"159ffd0b":101,"554ebb83":107,"45fb95c1":109,"a85d89cc":108,"9b546d65":104,"9c29f0ed":131,"f2e3c0e3":99,"621d6b18":124,"5f4102da":113,"597c1f81":106,"e5b1abc6":96,"9fce073c":110,"f5e8dfee":125,"2ce1af05":95,"c510bfd3":126,"8fb236a9":99,"9d023afb":125,"40569362":121,"54a676d6":100,"3652bd66":112,"2e99f8fd":99,"f1862e79":92,"379184a7":118,"d102b0c6":96,"92136ff5":109,"a636f4c9":123,"b460f030":125,"481754fc":94,"9fc713b0":117,"4bcd4a30":122,"7028b044":95,"b947257e":122,"aec074c4":121,"aa5dfdf5":109,"ef1c2dcb":104
1604737554822,"8ea21393":98,"7d112f4d":116,"3ef7432b":114,"3b7763b1":96,"c45d554f":115,"d25e0f8d":124,"288d171f":106,"180377be":109,"19e9776f":113,"0da28f5b":114,"906632cb":107,"c85a0d80":118,"f121b82c":123,"40a745c0":117,"79f04300":103,"4ee62a26":104,"704bce0d":111,"a68a93b2":102,"9f2b16a7":118,"66497c7e":105,"3f75d3bc":116,"52eca0dc":106,"74c26380":118,"43bc86e3":99,"906fdec3":101,"c0b23081":118,"56473430":118,"79be29c8":110,"49cb2959":118,"f0a06216":108,"14c682eb":100,"ca7d47f7":112,"9e65c0ef":101,"fce3c5c6":98,"8f13c203":96,"c015ec5a":109,"ce3bf5db":94,"74e3d13e":108,"c64de0c0":97,"17446892":106,"5ac86fb9":117,"bc3dc66a":111,"540df50f":115,"5e09f69e":128,"37fbb107":121,"a983a6dc":99,"c6c85783":117,"5339e1e9":110,"91d52a55":108,"5a0eb771":105,"1d790491":110,"e6ec8cbf":120,"93b0a158":116,"87c462ee":121,"ae99df30":102,"07f98660":118,"33d6bb6a":98,"76f94eda":108,"6c524f99":114,"21ad2f34":108,"22ecaed0":103,"30dd2edc":116,"01d817b8":92,"a77e8461":108,"f5596d0f":116,"51f57142":117,"416a9e97":97,"26dd2000":124,"3ef7432b":115,"5fa12feb":111,"25e0dd3d":118,"0a96f57a":114,"da3437cd":102,"c27969ec":109,"d8475b95":82,"6ebe2354":91,"b2c25d1c":109,"cc11fef9":115,"9f2b16a7":119,"1a2ec5d7":120,"4e3f5178":116,"f883d582":106,"501db4de":113,"40a745c0":118,"cf1124db":101,"36380d96":117,"5272520d":105,"9267f0ef":125,"906632cb":108,"288d171f":107,"2a4a402a":106,"831c7b85":105,"ad303bda":111,"78b97937":117,"93b9fae6":101,"c6dc900c":89,"0d7d88f1":105,"50b558a7":92,"c803b4a3":107,"053f3451":111,"74c26380":119,"a851891c":100,"c1bdfd41":96,"28d40296":90,"2154b6e8":96,"d6f0d94a":99,"805af3c7":114,"75ffea08":115,"26c390d6":105,"8657c79d":126,"5747db6e":124,"b5763ff6":88,"d1ca5d6b":115,"39ba00f0":110,"af0b61ab":105,"c93c3508":86,"540df50f":116,"1ed46298":122,"dcfaba4c":112,"60d6cee2":108,"288a2c43":101,"6632fed0":115,"6adce358":125,"77f31bab":121,"5f7d7195":103,"fbdffc95":104,"39bbc4bc":126,"ea9bba6b":105,"1d44aff3":125,"6023df54":106,"d815c5b4":128,"db8ba455":113,"c0b23081":119,"95d331b1":97,"56473430":119,"b2cfdbcf":109,"9d4f1fe6":104,"ae99df30":103,"ea4d3f3e":120,"6775d5cd":106,"088feee2":120,"c81b2bcf":99,"d1fe2868":116,"e99318a3":112,"6d5fcd4c":113,"d3e84616":121,"22176537":102,"6143f39d":102,"9c045c61":121,"ef8321d8":111,"4469c815":87,"72b84094":139,"261c9911":116,"5c82d1ce":114,"3a204e56":119,"dc583e64":116,"971675c5":112,"fe1d4419":112,"2203f259":110,"1f88a4b7":125,"1138796e":114,"e36dfd6f":103,"820225e4":91,"59431390":108,"d9dcdc4b":128,"fe0df575":118,"54a676d6":101,"6f0fcb9d":111,"de11eb19":124,"d0c0fc08":96,"5a0ead91":101,"792c9b6a":101,"67f6e4f2":103,"804d4dfa":110,"44ff8baa":107,"07107f6e":108,"e21c6207":102,"4e5aaaec":93,"56d315d8":92,"4279e829":121,"6b78ad7f":117,"94a2fe10":111,"e1618359":113,"3498f223":100,"0c043224":124,"2b698053":108,"87cd2add":96,"53b4e647":122,"eebc8d43":111,"1dad0f99":115,"19551bad":104,"7a840529":91,"8f10fa42":135,"5f4102da":114,"00a17b46":112,"20958d58":100,"c803b4a3":108,"30c184b8":118,"fead11cf":99,"f598a332":105,"ca6d2d91":107,"f76a3e83":114,"66b7b5b4":106,"61f25dd4":127,"972f4174":118,"8e780922":109,"c8fcad77":100,"aab4d996":108,"2c627253":109,"70c1e715":104,"5747db6e":125,"88b3bc99":96,"2d13e69b":109,"0d2a1c58":102,"aaa274a5":114,"540df50f":117,"61d4782d":115,"aa9ea5e8":96,"5a734022":98,"bfcb912a":114,"42c80e69":123,"64db4feb":130,"3fdb08f5":105,"24ffcbd3":122,"baebb391":121,"4b4ef7fa":103,"9fc713b0":118,"24d24fa3":113,"2d382981":114,"dd1fcb17":98,"28d40296":91,"4def63ee":84,"805af3c7":115,"7896b953":123,"d9d0c567":108,"65e4235b":105,"f905a555":98,"b3f19a69":102,"d8e58a8c":122,"e0e48a2d":100,"4abb7aed":111,"93b0a158":117,"dd035d2a":105,"935ec056":104,"7735c3c2":102,"88ce179e":121,"ba586505":107,"7e15f8e8":116,"bad1a1cc":100,"23760167":102,"bf822e33":112,"90d52475":110,"36684155":107,"794f652b":117,"217c0327":84,"49902219":126,"51f57142":118,"3454fa2b":104,"b946e146":126,"9c045c61":122,"7d6895f4":118,"9a3cc55d":104,"004f1ef3":136,"0b3283c9":107,"ea9bba6b":106,"a40846b7":124,"c0b7e7d7":97,"e7773397":96,"4b3e3b1c":115,"8d753bb6":96,"95f6db13":108,"26009d3f":105,"d102b0c6":97,"868edcc0":122,"34658473":95,"4ff2225d":104,"0a96f57a":115,"9a80f004":101,"20777945":98,"8ea21393":99,"2ad42a9e":111,"79e4fa1c":105,"f734c84c":129,"1f11812e":117,"869cbaa0":121,"ad303bda":112,"a0685bf3":125,"43d87483":106,"7e95c5a0":117,"9a07d89b":116,"2b698053":109,"4c0e547b":106,"91536e85":119,"5f4102da":115,"629800eb":114,"1105f790":114,"2a4a402a":107,"50b558a7":93,"b6591e25":112,"5be594be":109,"30fdcd3b":102,"5e193fc8":111,"40a745c0":119,"8e99d5d0":122,"bb98a6cf":134,"b215547b":97,"e62d705f":94,"ebdbf580":116,"110b1ee3":105,"79f04300":104,"0da28f5b":115,"0d2a1c58":103,"7028b044":96,"0fc5ac7e":130,"9ab755d3":104,"bca2d7cd":110,"8cd78f77":122,"c793cdda":111,"c93c3508":87,"b230e8d3":113,"0ecfa1c9":104,"af034fee":108,"7af9d3b1":113,"5f6613c8":94,"aa9ea5e8":97,"b320feb9":113,"259930ee":123,"3d1af513":119,"1db42092":120,"761cf820":114,"06073f13":119,"4ac6bd4e":101,"288afc30":106,"27c8e038":124,"bad6cdb1":103,"99d130c9":124,"a0b03218":103,"71bc1295":100,"468fc85c":107,"792cfcbd":104,"c1bdfd41":97,"fbdffc95":105,"2af60749":112,"dac109cf":102,"c8fcad77":101,"5f0c1b9d":115,"ae016053":117,"906fdec3":102,"00a481e3":123,"65e4235b":106,"4652b09a":128,"8a165e17":120,"d83870f5":107,"4bc46d7a":101,"93b0a158":118,"16b476e9":110,"54d7de6b":121,"51a3e9c2":118,"9d4f1fe6":105,"5099c6a0":133,"695a2b92":98,"83086d4c":120,"363590c7":112,"25635c37":94,"19f9ca86":110,"fb7b7b3c":120,"a4dafea5":107,"b84a06eb":114,"b8ab8e6e":108,"36684155":108,"1d790491":111,"bda8cdfb":117,"5a0eb771":106,"a9b1bd51":82,"842c8340":97,"15620dca":118,"affb82bf":116,"b9a48a5c":102,"a77e8461":109,"25a7a0a3":113,"8547fbc2":104,"416a9e97":98,"07107f6e":109,"77898c22":87,"e21c6207":103,"a851554d":120,"0d7d88f1":106,"afe8e06a":103,"30b6808c":108,"b87158fb":113,"7a840529":92,"8f10fa42":136,"ba938220":108,"9a3ab0b8":97,"6f39f4d9":120,"dfcc2ad1":125,"c6dc900c":90,"91536e85":120,"ef91eaae":94,"fe8f3d36":99,"21e10a2b":112,"26dd2000":125,"cd3bbe7e":110,"f4343817":111,"a8726d50":99,"754f98c9":113,"3b690f68":126,"e1618359":114,"30fdcd3b":103,"f76a3e83":115,"9267f0ef":126,"9d4da635":91,"2e3503e4":109,"d0c104c4":82,"4ee62a26":105,"7f86be64":116,"acac14fb":103,"730338c4":121,"70bc8325":102,"de6213c7":107,"1f342a00":109,"a6626a13":93,"50c3164b":117,"92efd84f":114,"5ac86fb9":118,"c93c3508":88,"9b3f8714":117,"40860a4b":92,"61d4782d":116,"ce3bf5db":95,"8b2b601d":106,"d36125db":116,"c4aa1e38":89,"07fc4a9a":119,"0cb80f4a":105,"02d4753e":135,"cf50e84e":110,"820225e4":92,"4ac6bd4e":102,"8c6e001f":94,"8323d333":96,"64a7f79f":111,"b7407bd3":102,"1c3a30c5":108,"458dcc3d":124,"804d4dfa":111,"12a2cd4b":111,"4cc141fa":91,"3e602573":101,"e32524d6":113,"aa021138":118,"2af60749":113,"0a2f71bc":100,"3c0df8b4":111,"65e4235b":107,"5f0c1b9d":116,"08a561b7":107,"7f6d1d0e":123,"fd482491":128,"0d770b97":110,"abc1d7ad":116,"d4d5f466":106,"dd035d2a":106,"e4117b3b":94,"6841f77e":118,"290b4714":106,"93b0a158":119,"d141db49":104,"9e65c0ef":102,"540df50f":118,"a1370ab0":115,"449d8475":95,"47d27624":98,"93fdbb44":96,"aff8e442":118,"5957df9e":103,"a1921150":116,"0f1ac912":93,"0277d748":115,"6d339d45":94,"22176537":103,"bc021def":115,"d1715f3b":114,"623c6a31":114,"217c0327":85,"a58bf525":114,"363590c7":113,"1da771fb":103,"5b60dd1d":117,"ea9bba6b":107,"82868763":109,"dc583e64":117,"e81834aa":120,"53747a91":114,"0149e11a":95,"805534ac":112,"00a17b46":113,"ba938220":109,"ef14000f":120,"0bfabf48":107,"e5b1abc6":97,"a66a2d8a":126,"b73e789c":106,"fead11cf":100,"9aa6a054":111,"2352c8ef":111,"d2466211":123,"eebc8d43":112,"c6dc900c":91,"78467b8a":128,"efd23af5":106,"5c82d1ce":115,"93e8cee5":131,"6bc5d32a":128,"1a2ec5d7":121,"1e191c98":91,"74f234c6":126,"685207b3":115,"40a745c0":120,"655954ba":106,"751acea8":95,"79f04300":105,"50c3164b":118,"383e232d":106,"a6626a13":94,"d744bee2":104,"730338c4":122,"fb7482fe":102,"2f455cce":113,"72805bf5":94,"30fdcd3b":104,"36380d96":118,"1e7753d9":125,"6b78ad7f":118,"e0154608":109,"f3992a31":107,"d6db2b02":120,"69f3bfcc":105,"1ff8c2fc":119,"90731976":100,"554ebb83":108,"d36125db":117,"4ba6eb36":108,"8298e976":124,"12a2cd4b":112,"c7c4ec5c":98,"f1098793":112,"28d41578":114,"f1862e79":93,"71bc1295":101,"01cd8099":115,"de11eb19":125,"358e45b1":108,"2198ba8e":102,"74e01f6a":101,"48655f09":133,"4def63ee":85,"259930ee":124,"fbdffc95":106,"868cda42":112,"9bdf362a":101,"638cb163":123,"b5ce0c0c":122,"d9a64845":107,"d8e58a8c":123,"fafb4cc2":141,"dc03ebd2":123,"aa867541":95,"7896b953":124,"730a4938":111,"49cb2959":119,"4652b09a":129,"124fbe96":99,"d815c5b4":129,"6ee92259":114,"3b2dee89":109,"abad2347":110,"6867261a":109,"b230e8d3":114,"2132fe93":117,"f94bf9ea":113,"71a2a493":81,"6632fed0":116,"50d129cf":107,"90d52475":111,"aff8e442":119,"1a0189c4":100,"c67979e6":132,"36684155":109,"ce3407dd":106,"315537b2":111,"ccdd1ce6":105,"51f57142":119,"a77e127d":88,"317c1591":118,"c564e316":110,"c95719e5":104,"26f99a1e":110,"f1dffa24":96,"c7ab83c1":105,"87cd2add":97,"0785820e":118,"50c468ba":111,"dfcc2ad1":126,"6a5b71b4":104,"cd522166":125,"9aa6a054":112,"062179c1":108,"ae95f2ba":124,"7fdc2007":103,"ad303bda":113,"a8c93bed":107,"2a4a402a":108,"bd62d7ed":101,"6bc5d32a":129,"4295ce9a":120,"0a96f57a":116,"2209903e":121,"20777945":99,"77898c22":88,"21ad2f34":109,"0841052c":115,"30dd2edc":117,"6143f39d":103,"623c6a31":115,"b946e146":127,"92efd84f":115,"2f455cce":114,"2a06ab95":122,"1e191c98":92,"ca6d2d91":108,"74f234c6":127,"efe84c27":110,"4360a1a3":126,"381c68fa":113,"be2955bb":116,"fe578280":105,"f4634d0b":102,"9b172ca8":91,"e7abc88d":98,"ebdbf580":117,"1e232870":121,"49910300":103,"b84a06eb":115,"45fb95c1":110,"6db0ea86":111,"88a30343":105,"a3d4a0e5":112,"b7407bd3":103,"66554572":91,"cfe72ead":96,"8d000d6e":103,"5a0ead91":102,"eed20185":122,"9c58dd76":119,"d0e9a58e":100,"5ee911b5":104,"cbad3b92":138,"27c8e038":125,"336d0f08":123,"0eaf08da":111,"792cfcbd":105,"59c1e594":110,"ca7d47f7":113,"c1bdfd41":98,"7043382d":119,"4bc46d7a":102,"49cb2959":120,"5f0c1b9d":117,"08a561b7":108,"a0cf08b3":93,"d83870f5":108,"7896b953":125,"d9d0c567":109,"00cf385d":114,"7f6d1d0e":124,"f0a06216":109,"d815c5b4":130,"0d770b97":111,"2882a956":111,"44c77422":115,"4fd645f1":94,"c0b0f492":126,"7be025ce":111,"88b3bc99":97,"2d13e69b":110,"50c3164b":119,"c793cdda":112,"4125085e":120,"081460bf":113,"5a734022":99,"71a2a493":82,"8d04852b":104,"0681c48e":119,"17446892":107,"a9b1bd51":83,"449d8475":96,"254cc28c":124,"36b7003c":138,"25d1b2d8":115,"650bb0e0":113,"97e75c19":126,"095ab3b4":103,"8dc9b4db":120,"971675c5":113,"8dd649a3":98,"6085137f":92,"82868763":110,"0b3283c9":108,"30b6808c":109,"b9be31d6":112,"7a4c064c":119,"7af262e5":114,"87cd2add":98,"78b97937":118,"cc5a1d47":96,"05f6ab35":108,"b8488fc8":113,"ae95f2ba":125,"9fce073c":111,"4c0e547b":107,"6c486702":111,"1105f790":115,"bc09fa9e":102,"07107f6e":110,"7d112f4d":117,"18d20aa1":99,"6bc5d32a":130,"df81ddee":102,"0277d748":116,"15620dca":119,"3454fa2b":105,"eafbf9fb":108,"175bc6b2":91,"546f6845":120,"9de29816":89,"f4343817":112,"e62d705f":95,"31408822":101,"30dbfc69":103,"0841052c":116,"30d84dce":99,"059d6c19":119,"93683c82":104,"f76a3e83":116,"79f04300":106,"90a06ee9":106,"6b78ad7f":119,"0da28f5b":116,"54a676d6":102,"b84a06eb":116,"8b2b601d":107,"a3d4a0e5":113,"e36dfd6f":104,"cd95f558":112,"2cce4fb2":117,"36fb15d2":117,"045f280d":113,"5ee911b5":105,"4ba6eb36":109,"792c9b6a":102,"c27969ec":110,"b6aaf976":123,"fa55f27a":123,"b377a62a":109,"2198ba8e":103,"a43061ee":95,"a636f4c9":124,"26c6fa34":103,"dd1fcb17":99,"0a92153e":112,"d548635d":109,"a901627e":103,"3a291497":95,"313258f2":109,"74c26380":120,"2c6cb96f":91,"3f75d3bc":117,"e6ec8cbf":121,"dd035d2a":107,"2882a956":112,"e4117b3b":95,"e1571af7":109,"d6f0d94a":100,"c0b0f492":127,"28d40296":92,"1623fc9f":111,"7043382d":120,"ca7d47f7":114,"af0b61ab":106,"5a07fc2e":103,"272c7672":117,"d3a669ac":119,"2d13e69b":111,"3062379b":97,"ea822700":92,"51f80f4c":121,"dcfaba4c":113,"e9a8cf11":112,"71a2a493":83,"6df0b2e8":131,"24a9fb86":120,"0ecfa1c9":105,"48efc739":131,"bf822e33":113,"a939b50b":112,"088feee2":121,"794f652b":118,"9d9dd9e5":99,"c6c85783":118,"e45b4b53":88,"f5cd79c1":98,"9a3cc55d":105,"8e4c33d2":116,"f2470875":126,"fb7b7b3c":121,"5099c6a0":134,"124fbe96":100,"ee21ad02":118,"6b82b527":118,"e0e48a2d":101,"b9be31d6":113,"8b5a8e9f":121,"f7231212":109,"be3a10f8":126,"9aa6a054":113,"f1df62b4":111,"0e2b5d2f":118,"c463799d":118,"d83294cd":104,"ae95f2ba":126,"fe8f3d36":100,"92136ff5":110,"217c0327":86,"51f57142":120,"0e036ae9":129,"affb82bf":117,"36d340f2":98,"88432019":101,"18815a1b":102,"c650b434":119,"805534ac":113,"4eed1bea":116,"7e8e1c3d":103,"7bebff03":98,"5fa12feb":112,"3f9b5722":103,"66497c7e":106,"bb98a6cf":135,"9316e7e8":89,"dbd2f139":115,"5e193fc8":112,"751acea8":96,"2e3503e4":110,"be40590d":106,"36380d96":119,"17b08923":115,"d9dcdc4b":129,"6db0ea86":112,"3310a049":105,"bab97de3":120,"0be540c5":120,"e0f7679f":95,"1ff8c2fc":120,"45b038bb":130,"408bb2ed":105,"cd95f558":113,"d102b0c6":98,"f1098793":113,"dfc89705":109,"5f8517b7":133,"288afc30":107,"3e602573":102,"48655f09":134,"baebb391":122,"804d4dfa":112,"1c3a30c5":109,"9b172ca8":92,"a836aa93":112,"bd984a8e":104,"30c184b8":119,"9f74b8a4":104,"c1bb74f2":97,"7c0a2db6":111,"d9a64845":108,"ef8987d7":104,"1e232870":122,"e1571af7":110,"a33fe0dd":120,"0a2f71bc":101,"8f13c203":97,"4fd645f1":95,"2154b6e8":97,"df2b4d87":106,"284544ba":102,"70bc8325":103,"a6626a13":95,"0d2a1c58":104,"98915a1f":94,"a625328f":121,"de6213c7":108,"5f6613c8":95,"42c80e69":124,"5a734022":100,"31f6ba51":105,"4125085e":121,"24a9fb86":121,"bc3dc66a":112,"bf822e33":114,"77bae750":103,"c95719e5":105,"77d35808":103,"d599b566":119,"eda6a690":94,"b1f58563":108,"a851891c":101,"abc1d7ad":117,"ee21ad02":119,"51a3e9c2":119,"6e44927f":103,"6775d5cd":107,"a5fd8ffd":109,"a6b5e869":101,"cb4f262b":105,"91b28f83":117,"e356abf1":119,"7218c9f1":97,"8721056e":98,"8a52882e":107,"4ed01268":102,"b88033fd":116,"93fdbb44":97,"97e75c19":127,"6143f39d":104,"0277d748":117,"bc021def":116,"ac38a6a5":123,"fd6dcb20":108,"7080f122":105,"22ecaed0":104,"79e4fa1c":106,"4dac6b20":90,"9d0546ac":104,"feb67030":103,"3ef7432b":116,"8f9b74b0":105,"c455f40e":99,"71ff66e8":105,"a40846b7":125,"b36a0d66":94,"90731976":101,"8d753bb6":97,"bab97de3":121,"4b3e3b1c":116,"59431390":109,"bbe71605":101,"1b153aef":115,"8f2a7d69":103,"d102b0c6":99,"b7df1559":115,"5f8517b7":134,"03dcfa3d":117,"1ff8c2fc":121,"24d24fa3":114,"9fc713b0":119,"332820ce":114,"94a2fe10":112,"655941a0":117,"0841052c":117,"0d5ee801":99,"751acea8":97,"7a9344a4":134,"751bcf25":112,"685207b3":116,"1247fa52":113,"629800eb":115,"a0685bf3":126,"05f6ab35":109,"af7e5be8":117,"b87158fb":114,"abd32136":106,"b73e789c":107,"f5e8dfee":126,"dc0c8b09":126,"91536e85":121,"0d7d88f1":107,"1105f790":116,"4c4aa2e2":110,"e9679ede":98,"3bad3c95":96,"5be594be":110,"2d54e0a8":104,"dd7acb96":112,"5747db6e":126,"1f342a00":110,"b947257e":123,"2c627253":110,"b7832271":122,"a47abfbb":98,"76f3a3be":111
1604737556269,"12534561":106,"a2c334e7":128,"288a2c43":102,"5774ac0d":121,"68562193":94,"36380d96":120,"e786063b":112,"638cb163":124,"d548635d":110,"e5d3655c":123,"c7636527":94,"3fdb08f5":106,"65a00a3c":108,"87922532":123,"b7407bd3":104,"2d382981":115,"742f1425":108,"313258f2":110,"3a291497":96,"f3a0c2ee":110,"93b0a158":120,"ea4d3f3e":121,"42cd2360":92,"b0869206":117,"52eca0dc":107,"00cf385d":115,"9cb4697f":120,"56473430":120,"6b82b527":119,"3f75d3bc":118,"abad2347":111,"088feee2":122,"a1921150":117,"a9b1bd51":84,"2b3e4717":110,"e99318a3":113,"39a2fcce":96,"2a387957":108,"09560615":92,"2cb29e5a":124,"08c6b5d2":116,"d6320619":103,"7080f122":106,"3661e12d":102,"6de0aaac":99,"26dd2000":126,"a0ce82b4":117,"7e8e1c3d":104,"263762cb":97,"fe1d4419":113,"014bdff0":121,"3e082b37":104,"b935fc1c":104,"836701f6":104,"312f7676":112,"4b3e3b1c":117,"0b5a0408":108,"f044c0e1":94,"11888cfa":103,"cf84fb54":112,"1b153aef":116,"6291e9e9":112,"d33790a2":122,"e21c6207":104,"9d0546ac":105,"bfad1727":95,"5a622a23":105,"56d315d8":93,"142d6987":112,"8942c35b":114,"fee32863":107,"7218c9f1":98,"e28c2efc":100,"bd62d7ed":102,"6f39f4d9":121,"05f6ab35":110,"d4ee22a4":112,"2a76f1dd":100,"b87158fb":115,"621d6b18":125,"9c29f0ed":132,"e5b1abc6":98,"597c1f81":107,"e35a63cd":112,"db703021":108,"655941a0":118,"b7434f57":93,"288d171f":108,"93683c82":105,"c85a0d80":119,"acac14fb":104,"104721f0":109,"145c7559":119,"8e780922":110,"90a06ee9":107,"911e770b":116,"70bc8325":104,"2d13e69b":112,"835358a0":101,"508aac3d":116,"2c01e624":105,"a6626a13":96,"be149c6f":103,"2132fe93":118,"8cddb65e":107,"68562193":95,"c93c3508":89,"31f6ba51":106,"74e3d13e":109,"fbdffc95":107,"8f13c203":98,"44c77422":116,"3fdb08f5":107,"0b959527":102,"9c58dd76":120,"0d2c95fe":112,"3652bd66":113,"9fc713b0":120,"288afc30":108,"67f6e4f2":104,"946df4fd":112,"12271e14":107,"45b038bb":131,"5a0ead91":103,"74e01f6a":102,"c27969ec":111,"ae8a09c4":103,"92f800f5":110,"24ffcbd3":123,"f789f6d8":121,"4abb7aed":112,"3c0df8b4":112,"012de09c":103,"e865e4dd":100,"00cf385d":116,"d9a64845":109,"f0a06216":110,"a5676c24":107,"d1d40c9c":125,"1bb4ccc0":118,"9d4f1fe6":106,"e4117b3b":96,"3b2dee89":110,"5a0eb771":107,"d957f027":105,"1d790491":112,"f4b2f575":94,"47d27624":99,"815e4582":109,"d5557fb4":119,"49902219":127,"7d6895f4":119,"ccdd1ce6":106,"a77e8461":110,"3454fa2b":106,"d2a841c9":93,"217c0327":87,"b935fc1c":105,"b1f58563":109,"9a3cc55d":106,"d1676e89":110,"c564e316":111,"e45b4b53":89,"2203f259":111,"1138796e":115,"0d2c95fe":113,"868edcc0":123,"6bc5d32a":131,"805534ac":114,"a0ce82b4":118,"18d20aa1":100,"44ff8baa":108,"26dd2000":127,"f4343817":113,"6e24d88b":103,"9d4da635":92,"9316e7e8":90,"059d6c19":120,"1e7753d9":126,"a8c93bed":108,"6a7392d5":103,"07f98660":119,"c38c2b52":101,"bd62d7ed":103,"9d023afb":126,"7a840529":93,"a59a8290":113,"50c468ba":112,"6034b6d0":116,"0e2b5d2f":119,"619fda68":130,"50b558a7":94,"faf4f98b":116,"d70ca4f4":124,"ca6d2d91":109,"69d4b754":102,"80a8a56d":97,"470d50c2":107,"dcf85091":97,"acac14fb":105,"9b742f71":103,"72d7b461":121,"2c627253":111,"5747db6e":127,"7db3edda":108,"ea822700":93,"b5763ff6":89,"508aac3d":117,"71a2a493":84,"8cddb65e":108,"8d04852b":105,"40860a4b":93,"ed4fad08":113,"0da28f5b":117,"0b959527":103,"e786063b":113,"868cda42":113,"08a06557":132,"0a2f71bc":102,"8c6e001f":95,"f277386e":93,"04612878":120,"24d24fa3":115,"07fc4a9a":120,"c4aa1e38":90,"c609739e":112,"332820ce":115,"e36dfd6f":105,"12271e14":108,"4ba6eb36":110,"e0f7679f":96,"aa00769b":123,"db0a661e":106,"31f6d707":121,"a0bc1ceb":115,"cd95f558":114,"99d130c9":125,"44c77422":117,"a577db1c":99,"69eeae0d":96,"7896b953":126,"b28a5e67":121,"b2cfdbcf":110,"fafb4cc2":142,"012de09c":104,"290b4714":107,"8db5a165":102,"7fef9973":111,"ea4d3f3e":122,"04cc7cbe":93,"6775d5cd":108,"ba586505":108,"8bc04eb5":116,"57d5dee8":118,"9f5e6cba":112,"50d129cf":108,"5339e1e9":111,"a983a6dc":100,"97e75c19":128,"cf775f58":109,"cb6c9e42":129,"23760167":103,"12dd6f5e":102,"22176537":104,"9de29816":90,"fd6dcb20":109,"f2f58418":100,"eeaa2d46":122,"416a9e97":99,"014bdff0":122,"82868763":111,"c318d350":121,"fb7b7b3c":122,"1da771fb":104,"d599b566":120,"eda6a690":95,"8cf83787":96,"44ff8baa":109,"9d0546ac":106,"c650b434":120,"70594a28":108,"c45d554f":116,"cd421290":105,"2209903e":122,"33d6bb6a":99,"ac030e74":101,"e5b1abc6":99,"0d7d88f1":108,"8f10fa42":137,"9a3ab0b8":98,"d7cb9bcf":108,"053f3451":112,"b8488fc8":114,"a66a2d8a":127,"c38c2b52":102,"43d87483":107,"8721056e":99,"869cbaa0":122,"430a5db5":118,"4279e829":122,"53431634":129,"6e851762":98,"0d2a1c58":105,"2f455cce":115,"3c6692a3":126,"084cbc0b":106,"70c1e715":105,"dbd2f139":116,"f3992a31":108,"acac14fb":106,"a68a93b2":103,"c85a0d80":120,"3f9b5722":104,"69134f07":107,"a6bcb07e":116,"28d41578":115,"f5829ac0":115,"2e99f8fd":100,"8245f916":103,"9c58dd76":121,"17b08923":116,"761cf820":115,"87922532":124,"b552beb3":110,"3d1af513":120,"812b4f15":94,"e0f7679f":97,"64a7f79f":112,"c4aa1e38":91,"13f0e139":102,"0ac825ed":114,"2d382981":116,"49bf2e95":97,"4b4ef7fa":104,"b5ce0c0c":123,"5272520d":106,"9267f0ef":127,"470d50c2":108,"f883d582":107,"4c39240e":115,"ba30e43a":122,"4777334c":103,"c1bdfd41":99,"62d1d346":95,"b320feb9":114,"a0cf08b3":94,"ef8987d7":105,"ee75b607":103,"aa867541":96,"4652b09a":130,"2c6cb96f":92,"d1d40c9c":126,"5ef93e5d":90,"6841f77e":119,"42cd2360":93,"7fef9973":112,"d9d0c567":110,"e382ec3f":96,"b3f19a69":103,"57d5dee8":119,"d1ca5d6b":116,"d6d61bfc":115,"c64de0c0":98,"aa9ea5e8":98,"081460bf":114,"64db4feb":131,"47cfba38":102,"bad1a1cc":101,"9ceb5439":98,"5f7d7195":104,"f66616b7":111,"a1921150":118,"0670c466":100,"d5557fb4":120,"12012fbd":104,"2dda3936":105,"8cc4a982":115,"b769bdfb":114,"dc583e64":118,"e7773397":97,"19f9ca86":111,"c318d350":122,"e45b4b53":90,"a77e127d":89,"6b9eff39":109,"b6ee137a":106,"e2cbe594":103,"5a622a23":106,"ded7da5a":114,"e1f0dbfd":121,"dd3913d2":104,"478d2d4f":118,"00a17b46":114,"9a07d89b":117,"abd32136":107,"053f3451":113,"05f6ab35":111,"7bda83dd":104,"c38c2b52":103,"8007f30e":80,"95539a58":89,"ad303bda":114,"2bcca6a7":126,"43d87483":108,"4e5aaaec":94,"93683c82":106,"b6591e25":113,"b946e146":128,"9de29816":91,"15620dca":120,"d2a841c9":94,"cbb54a0a":94,"4bcd4a30":123,"6e851762":99,"30d84dce":100,"58d46189":123,"dbd2f139":117,"e62d705f":96,"467773ac":102,"9b172ca8":93,"acac14fb":107,"972f4174":119,"45fb95c1":111,"07fc4a9a":121,"69f3bfcc":106,"b84a06eb":117,"de11eb19":126,"c4aa1e38":92,"06ddafc7":91,"3652bd66":114,"0be540c5":121,"7ae3fc50":101,"0b5a0408":109,"ef16ca37":110,"03dcfa3d":118,"04612878":121,"cd95f558":115,"02d4753e":136,"8eb64769":105,"4cc141fa":92,"3e602573":103,"26c6fa34":104,"b2bd8fd3":105,"d548635d":111,"5be594be":111,"168e75d9":109,"e1618359":115,"9bdf362a":102,"4777334c":104,"0a2f71bc":103,"df2b4d87":107,"14c682eb":101,"2045d7d6":103,"65a00a3c":109,"ef8987d7":106,"fafb4cc2":143,"43bc86e3":100,"5f96c2bc":108,"906fdec3":103,"45b5746e":107,"bec9d329":121,"7c0a2db6":112,"e6ec8cbf":122,"9d4f1fe6":107,"a6b5e869":102,"c0b23081":120,"88ce179e":122,"4b125e7b":117,"3c6692a3":127,"50c3164b":120,"d552eb2f":116,"c793cdda":113,"35aa7fd0":119,"c852d240":114,"71279c46":105,"c9efc8f6":108,"deb31f35":113,"9b3f8714":118,"181c3dd5":111,"815e4582":110,"23760167":104,"cb6c9e42":130,"5339e1e9":112,"5f7d7195":105,"f66616b7":112,"794f652b":119,"014bdff0":123,"e7773397":98,"317c1591":119,"39bbc4bc":127,"5781776a":107,"2203f259":112,"3a204e56":120,"4eed1bea":117,"44ff8baa":110,"85de05f2":109,"6bc5d32a":132,"6c486702":112,"478d2d4f":119,"9fce073c":112,"8f10fa42":138,"76f94eda":109,"8063df14":99,"c803b4a3":109,"43d87483":109,"1745a0f4":108,"e28c2efc":101,"b87158fb":116,"c38c2b52":104,"f67de058":116,"0d7d88f1":109,"0149e11a":96,"d25e0f8d":125,"79e4fa1c":107,"6143f39d":105,"558d5ce7":112,"af157d29":109,"0e036ae9":130,"2cb29e5a":125,"ac38a6a5":124,"01d817b8":93,"9316e7e8":91,"66b7b5b4":107,"a8726d50":100,"d0c104c4":83,"0c0e98ea":108,"66497c7e":107,"a68a93b2":104,"b552beb3":111,"a3d4a0e5":114,"05642105":113,"7732eb1e":123,"2cce4fb2":118,"45b038bb":132,"411b5027":108,"2e99f8fd":101,"bab97de3":122,"1ff8c2fc":122,"0cb80f4a":106,"de11eb19":127,"064a99c8":107,"b8397293":101,"792c9b6a":103,"23080895":95,"9fc713b0":121,"cf52025e":111,"a43061ee":96,"56752a4a":95,"e6fac295":100,"acac14fb":108,"d34a29b9":124,"9f2b16a7":120,"9b742f71":104,"754f98c9":114,"e1618359":116,"6fb4cdda":123,"e786063b":114,"a81a857c":106,"ea6de194":117,"868cda42":114,"52eca0dc":108,"731fc335":87,"e865e4dd":101,"71e53c93":117,"a15713c6":126,"8db5a165":103,"dd035d2a":108,"b0869206":118,"ad2d7bed":114,"ba586505":109,"a6b5e869":103,"20811ddf":108,"1a442bc7":114,"e356abf1":120,"b320feb9":115,"24ffcbd3":124,"9e65c0ef":103,"1f342a00":111,"8657c79d":127,"0d2a1c58":106,"fd369c21":118,"22234d6b":109,"7e991ab9":85,"92efd84f":116,"e4714415":120,"71279c46":106,"c9efc8f6":109,"f94bf9ea":114,"61d4782d":117,"24a9fb86":122,"71a2a493":85,"1d790491":113,"f66616b7":113,"2a387957":109,"8a52882e":108,"04643409":118,"8ec3834d":119,"5f7d7195":106,"971675c5":114,"71ff66e8":106,"f6fe095d":126,"dc583e64":119,"09f0db62":135,"1da771fb":105,"8dc9b4db":121,"7fb4c521":114,"be3a10f8":127,"25a2844e":122,"d4ee22a4":113,"00a17b46":115,"92ca52b7":113,"6a5b71b4":105,"062179c1":109,"c463799d":119,"9c29f0ed":133,"f1df62b4":112,"c6dc900c":92,"10ec5a0b":110,"7af262e5":115,"913a6226":109,"e1f0dbfd":122,"7d112f4d":118,"2b3c49b9":114,"9c045c61":123,"8dd2684c":111,"af157d29":110,"7d6895f4":120,"9a467a82":112,"2cb29e5a":126,"217c0327":88,"21e10a2b":113,"92136ff5":111,"4295ce9a":121,"d70ca4f4":125,"a68a93b2":105,"31408822":102,"f4634d0b":103,"30fdcd3b":105,"4360a1a3":127,"6f81493d":98,"a4dafea5":108,"3310a049":106,"0114160e":113,"411b5027":109,"6291e9e9":113,"8f2a7d69":104,"59431390":110,"e0e6a097":103,"3652bd66":115,"6d802fa2":99,"3d1af513":121,"f1862e79":94,"50312237":122,"ac62fac2":120,"d33790a2":123,"b6aaf976":124,"e6fac295":101,"12271e14":109,"481754fc":95,"a0b03218":104,"a543ec74":103,"c4feee5b":120,"5be594be":112,"fe578280":106,"34c5c729":110,"c5b35e4d":100,"a3253019":108,"c21ab51e":91,"f905a555":99,"74c26380":121,"4bc46d7a":103,"a851891c":102,"906fdec3":104,"cf1b8c47":117,"65e4235b":108,"e382ec3f":97,"88ce179e":123,"677c6a09":133,"62d1d346":96,"d9d7c4c2":118,"4fd645f1":96,"868cda42":115,"e3547548":100,"df2b4d87":108,"ce3bf5db":96,"508aac3d":118,"dd7acb96":113,"6751d8e4":120,"884b0ad1":108,"22234d6b":110,"778c95e9":105,"c793cdda":114,"725dce8b":124,"a1370ab0":116,"72805bf5":95,"288a2c43":103,"a47abfbb":99,"bc3dc66a":113,"6632fed0":117,"bad1a1cc":102,"0670c466":101,"527ff946":120,"b88033fd":117,"ccf8b803":111,"aff8e442":120,"7ee148e9":104,"f2470875":127,"695a2b92":99,"39bbc4bc":128,"9a3cc55d":107,"22aeaf03":107,"5623817d":105,"91b28f83":118,"9cb4697f":121,"bf30a08f":122,"a502c93c":97,"82204d54":105,"0d7d88f1":110,"8063df14":100,"ac030e74":102,"fead11cf":101,"cc5a1d47":97,"5f4102da":116,"ef14000f":121,"2a76f1dd":101,"1bc0591f":112,"b73e789c":108,"e5b1abc6":100,"0bfabf48":108,"ffa08d82":110,"ce3407dd":107,"558d5ce7":113,"fd6dcb20":110,"315537b2":112,"a77e8461":111,"7080f122":107,"945b63f0":137,"9a467a82":113,"2b3c49b9":115,"0149e11a":97,"a851554d":121,"e2cbe594":104,"e21c6207":105,"7b6a7048":114,"c45d554f":117,"cc11fef9":116,"8db62558":108,"30dbfc69":104,"f1b493de":126,"820225e4":93,"6a60348e":103,"1db42092":121,"f044c0e1":95,"0be540c5":122,"489a39f7":100,"5a0ead91":104,"b84a06eb":118,"6585adbe":88,"8f2a7d69":105,"4ac6bd4e":103,"34658473":96,"c27969ec":112,"03c398d2":119,"608bc832":102,"379184a7":119,"946df4fd":113,"dfc89705":110,"e8d74304":99,"d82592f4":108,"142d6987":113,"026766f3":107,"4ee62a26":106,"d548635d":112,"dcf85091":98,"c382f054":126,"b2c25d1c":110,"c21ab51e":92,"fafb4cc2":144,"5f0c1b9d":118,"71ba7561":106,"28654c76":120,"cf1b8c47":118,"3f75d3bc":119,"9267f0ef":128,"a836aa93":113,"c4e70c07":114,"24ffcbd3":125,"4fd645f1":97,"f069bb07":108,"d744bee2":105,"b7832271":123,"884b0ad1":109,"2a06ab95":123,"aa5dfdf5":110,"60d6cee2":109,"2d54e0a8":105,"f94bf9ea":115,"72805bf5":96,"a47abfbb":100,"b7cc7909":111,"7af9d3b1":114,"6632fed0":118,"9d63c4dd":110,"e32524d6":114,"d6f0d94a":101,"7043382d":121,"62d1d346":97,"aefe13f5":114,"0b3283c9":109,"25635c37":95,"1951480c":97,"312f7676":113,"ae016053":118,"abad2347":112,"dffa7793":83,"fea793f5":115,"d39724bc":105,"e382ec3f":98,"bf30a08f":123,"677c6a09":134,"e35a63cd":113,"fee32863":108,"f1df62b4":113,"a567ace4":112,"53b4e647":123,"93b9fae6":102,"8b5a8e9f":122,"733c86f8":106,"87083264":124,"f66616b7":114,"527ff946":121,"c67979e6":133,"04643409":119,"d1fe2868":117,"254cc28c":125,"140ce69e":109,"d3e84616":122,"53a8613c":128,"eeaa2d46":123,"8547fbc2":105,"546f6845":121,"21ee2afe":118,"c455f40e":100,"bc09fa9e":103,"feb67030":104,"c650b434":121,"f734c84c":130,"2ad42a9e":112,"f4343817":114,"3e082b37":105,"42191b64":88,"971675c5":115,"05642105":114,"8aa78e2f":105,"e8f173b5":115,"cf50e84e":111,"6c73ae98":93,"d0e9a58e":101,"489a39f7":101,"02d4753e":137,"1bd5b20b":121,"95f6db13":109,"2e99f8fd":102,"fe0df575":119,"9fc713b0":122,"e62d705f":97,"30fdcd3b":106,"ca6d2d91":110,"d634aa28":129,"3b690f68":127,"94a2fe10":113,"be40590d":107,"c6dc900c":93,"c803b4a3":110,"869cbaa0":123,"78467b8a":129,"a06a6430":109,"9f2b16a7":121,"1a2c020b":105,"e0154608":110,"c5b35e4d":101,"f76a3e83":117,"f271ed5d":121,"92efd84f":117,"7028b044":97,"8657c79d":128,"ef1c2dcb":105,"084cbc0b":107,"bb8a6337":106,"911e770b":117,"64db4feb":132,"3a1d1632":91,"5eaa1581":103,"8d04852b":106,"a47abfbb":101,"57d5dee8":120,"4e3f5178":117,"bd984a8e":105,"2045d7d6":104,"259930ee":125,"4fd645f1":98,"638cb163":125,"3bad3c95":97,"7be025ce":112,"014460b9":135,"0ac825ed":115,"6ebe2354":92,"8d000d6e":104,"2198ba8e":104,"cbad3b92":139,"74e01f6a":103,"742f1425":109,"0f72f2d8":108,"1d44aff3":126,"3a291497":97,"61145ec9":119,"2dd0e808":108,"ec110282":131,"fafb4cc2":145,"a5fd8ffd":110,"1757a30e":104,"4258c176":104,"37d0cae2":104,"6841f77e":120,"7735c3c2":103,"e0e48a2d":102,"f56ac638":90,"82204d54":106,"31d74eee":99,"bad1a1cc":103,"23760167":105,"1b881e6e":117,"6e98dfda":114,"36684155":110,"66d94227":105,"0277d748":118,"6cba74ce":109,"affb82bf":118,"22ecaed0":105,"6d339d45":95,"ac38a6a5":125,"315537b2":113,"2b3c49b9":116,"07107f6e":111,"f1dffa24":97,"f5cd79c1":99,"1951480c":98,"8dd649a3":99,"6b79fec2":106,"695a2b92":100,"b1f58563":110,"8d753bb6":98,"f5829ac0":116,"e0f7679f":98,"f044c0e1":96,"d36125db":118,"90731976":102,"2e99f8fd":103,"26009d3f":106,"7d112f4d":119,"cd421290":106,"913a6226":110,"4e5aaaec":95,"92136ff5":112,"d0c104c4":84,"58d46189":124,"8942c35b":115,"6f81493d":99,"e62d705f":98,"9d4da635":93,"3b690f68":128,"20958d58":101,"7e95c5a0":118,"a8c93bed":109,"a85d89cc":109,"2bcca6a7":127,"d2466211":124,"95539a58":90,"f5e8dfee":127,"0d7d88f1":111,"0042f6eb":107,"e57d5cda":112,"50b558a7":95,"f1df62b4":114,"685207b3":117,"778c95e9":106,"6751d8e4":121,"2c627253":112,"7e991ab9":86,"3c6692a3":128,"98915a1f":95,"42c80e69":125,"c793cdda":115,"f94bf9ea":116,"c93c3508":90,"0ecfa1c9":106,"a2c334e7":129,"aa9ea5e8":99,"c64de0c0":99,"e7abc88d":99
1604737557291,"d0e9a58e":102,"31f6d707":122,"b7407bd3":105,"7ae3fc50":102,"b2bd8fd3":106,"8323d333":97,"02d4753e":138,"aa00769b":124,"9fc713b0":123,"1c3a30c5":110,"17807120":112,"2c24d929":118,"baebb391":123,"ea9bba6b":108,"fb7b7b3c":123,"7ee148e9":105,"d1676e89":111,"b769bdfb":115,"c0b7e7d7":98,"6085137f":93,"d9dcdc4b":130,"a6bcb07e":117,"66554572":92,"4945c851":116,"411b5027":110,"a24e6670":108,"2d1e1e9d":104,"0cb80f4a":107,"45b038bb":133,"792c9b6a":104,"8245f916":104,"48655f09":135,"67f6e4f2":105,"ae8a09c4":104,"3e602573":104,"7a2f3f06":103,"74e01f6a":104,"de11eb19":128,"cac4449a":104,"742f1425":110,"56752a4a":96,"bda8cdfb":118,"47d27624":100,"36b7003c":139,"6e98dfda":115,"b8ab8e6e":109,"254cc28c":126,"36684155":111,"08c6b5d2":117,"4d35385e":109,"e9adbe58":107,"d2a841c9":95,"6de0aaac":100,"dfa1a89b":101,"172217e5":112,"317c1591":120,"3c43e8a2":121,"3e082b37":106,"8dd649a3":100,"c95719e5":106,"f1dffa24":98,"695a2b92":101,"95904ac4":124,"dc03ebd2":124,"71ba7561":107,"6023df54":107,"4abb7aed":113,"7ae34c64":116,"fd482491":129,"e4117b3b":97,"e6ec8cbf":123,"bec9d329":122,"1757a30e":105,"54d7de6b":122,"7fef9973":113,"ad2d7bed":115,"6b78ad7f":120,"69134f07":108,"1a68160d":116,"c85a0d80":121,"5be594be":113,"c4e70c07":115,"df2b4d87":109,"08a06557":133,"ce3bf5db":97,"c1bdfd41":100,"92f800f5":111,"2045d7d6":105,"2180f99b":115,"c0e2624b":107,"b5763ff6":90,"aaa274a5":115,"70c1e715":106,"5774ac0d":122,"88a30343":106,"59431390":111,"06ddafc7":92,"e8f173b5":116,"8298e976":125,"a6bcb07e":118,"1f88a4b7":126,"1b153aef":117,"7a2f3f06":104,"792c9b6a":105,"d102b0c6":100,"e8d74304":100,"f1098793":114,"50312237":123,"ea274174":111,"cf52025e":112,"49bf2e95":98,"e6fac295":102,"eed20185":123,"2c24d929":119,"12a2cd4b":113,"72b84094":140,"44ff8baa":111,"7d112f4d":120,"26dd2000":128,"913a6226":111,"93e8cee5":132,"c455f40e":101,"110b1ee3":106,"61f25dd4":128,"3f9b5722":105,"ba5c52af":112,"a8c93bed":110,"a66a2d8a":128,"ef14000f":122,"e4cfef0a":96,"05f6ab35":112,"8007f30e":81,"7e95c5a0":119,"d83294cd":105,"20958d58":102,"abd32136":108,"25a2844e":123,"77bfed7e":108,"faf4f98b":117,"72d7b461":122,"181c3dd5":112,"98915a1f":96,"31f6ba51":107,"68562193":96,"031e488e":110,"ed4fad08":114,"76f3a3be":112,"5f7d7195":107,"f2364460":120,"f4b2f575":95,"5a0eb771":108,"66d94227":106,"5339e1e9":113,"c98d5272":113,"4469c815":88,"e9adbe58":108,"865d9857":87,"7080f122":108,"f5596d0f":117,"263762cb":98,"5b60dd1d":118,"a58bf525":115,"8274885a":118,"971675c5":116,"fb7b7b3c":124,"3f2522c2":119,"140ce69e":110,"f2f58418":101,"d3a669ac":120,"8657c79d":129,"08a561b7":109,"810aa5e9":119,"b2cfdbcf":111,"65e4235b":109,"537634c9":99,"195eb771":105,"3f75d3bc":120,"67d30f2b":106,"04bef50c":85,"ba586505":110,"fea793f5":116,"ad2d7bed":116,"91b28f83":119,"7fef9973":114,"31408822":103,"f1b493de":127,"6e24d88b":104,"381c68fa":114,"4b4ecbce":92,"cb51f134":118,"696fdac5":108,"be2955bb":117,"a836aa93":114,"9b742f71":105,"dbc9df44":87,"57167c74":106,"1623fc9f":112,"0a2f71bc":104,"aa021138":119,"d141db49":105,"859545e6":91,"c8fcad77":102,"1be05c14":106,"3310a049":107,"8d753bb6":99,"59431390":112,"e36dfd6f":106,"b2703001":120,"32c9fc47":107,"fa55f27a":124,"fe0df575":120,"87ce8d1d":88,"3007f31f":103,"bc09fa9e":104,"0a96f57a":117,"201cafad":101,"93e8cee5":133,"fb8bfb36":127,"77898c22":89,"6c524f99":115,"c1bb74f2":98,"fee32863":109,"b8488fc8":115,"d4ee22a4":114,"9a3ab0b8":99,"056ea7ff":119,"ac030e74":103,"c6dc900c":94,"0e2b5d2f":120,"9496f56f":119,"ffa08d82":111,"d5059415":110,"faf4f98b":118,"8d000d6e":105,"dfc89705":111,"336d0f08":124,"8eb64769":106,"481754fc":96,"d33790a2":124,"1f342a00":112,"383e232d":107,"2c627253":113,"4bcd4a30":124,"31f6ba51":108,"2a06ab95":124,"d6d61bfc":116,"51f80f4c":122,"9f5e6cba":113,"74e3d13e":110,"4125085e":122,"61d4782d":118,"66d94227":107,"39a2fcce":97,"c81b2bcf":100,"b88033fd":118,"7e15f8e8":117,"a1921150":119,"e15fd611":99,"172217e5":113,"b35e9e1a":147,"27c8e038":126,"26c6fa34":105,"5ee911b5":106,"17807120":113,"3c43e8a2":122,"1d153b20":112,"ef8321d8":112,"ec2cb1af":113,"ac38a6a5":126,"08c6b5d2":118,"21ee2afe":119,"c0b7e7d7":99,"00a481e3":124,"52eca0dc":109,"74c26380":122,"d9a64845":110,"810aa5e9":120,"4bc46d7a":104,"a472532e":101,"e0e48a2d":103,"e4117b3b":98,"5acce642":110,"d83870f5":109,"bb00e71c":91,"66497c7e":108,"059d6c19":121,"93683c82":107,"b6591e25":114,"58d46189":125,"ca6d2d91":111,"be40590d":108,"4b4ecbce":93,"104721f0":110,"34c5c729":111,"b2c25d1c":111,"b5ce0c0c":124,"470d50c2":109,"79f04300":107,"ce3bf5db":98,"f33c0140":108,"d9d7c4c2":119,"49b358bd":121,"2154b6e8":98,"25776fc4":116,"24ffcbd3":126,"27f52ed3":126,"437fc3ec":109,"e238f09b":117,"22aeaf03":108,"eda6a690":96,"e7e82473":131,"45fb95c1":112,"69f3bfcc":107,"0be540c5":123,"3c782bb3":108,"95bc84f1":104,"06073f13":120,"82b81567":96,"1be05c14":107,"de11eb19":129,"a543ec74":104,"6f0fcb9d":112,"cf52025e":113,"16b476e9":111,"0d770b97":112,"8721056e":100,"33d6bb6a":100,"92ca52b7":114,"b9be31d6":114,"dd3913d2":105,"afe8e06a":104,"d2466211":125,"4f59a322":114,"ec11fe5f":92,"eebc8d43":113,"abd32136":109,"d4ee22a4":115,"7218c9f1":99,"c803b4a3":111,"72b84094":141,"b6ee137a":107,"e1f0dbfd":123,"7b6a7048":115,"8c6e001f":96,"cac4449a":105,"12271e14":110,"792c9b6a":106,"ea274174":112,"35b58ef9":106,"812b4f15":95,"1c3a30c5":111,"39ba00f0":111,"92efd84f":118,"eb7b4e29":100,"4bcd4a30":125,"1f342a00":113,"aa5dfdf5":111,"be149c6f":104,"d1ca5d6b":117,"47cfba38":103,"2ab62345":99,"17446892":108,"8cddb65e":109,"288a2c43":104,"6632fed0":119,"31d74eee":100,"77bae750":104,"e15fd611":100,"93fdbb44":98,"91d52a55":109,"37fbb107":122,"5f7d7195":108,"fd482491":130,"aa76bc50":95,"781ace7d":112,"43bc86e3":101,"91f7ef72":109,"731fc335":88,"d9d0c567":111,"6ee92259":115,"1757a30e":106,"172217e5":114,"18815a1b":103,"d1715f3b":115,"09560615":93,"bc021def":117,"175bc6b2":92,"3454fa2b":107,"8dc9b4db":122,"e238f09b":118,"b935fc1c":106,"df81ddee":103,"0841052c":118,"751acea8":98,"93e8cee5":134,"74f234c6":128,"da3437cd":103,"19e9776f":114,"c2bb8aae":112,"93683c82":108,"c21ab51e":93,"9b172ca8":94,"1a2ec5d7":122,"5be594be":114,"cb51f134":119,"77300e4a":99,"5e193fc8":113,"8e99d5d0":123,"a33fe0dd":121,"c015ec5a":110,"8f13c203":99,"7e76c93c":118,"a81a857c":107,"aa021138":120,"d6f0d94a":102,"09ff339a":89,"3e082b37":107,"6ce84ff8":99,"b1f58563":111,"3310a049":108,"8aa78e2f":106,"45fb95c1":113,"6a60348e":104,"b84a06eb":119,"261c9911":117,"2b3c49b9":117,"201cafad":102,"013ee301":113,"d1d40c9c":127,"6841f77e":121,"f56ac638":91,"88ce179e":124,"ea4d3f3e":123,"7af262e5":116,"ec11fe5f":93,"ba5c52af":113,"1bc0591f":113,"869cbaa0":124,"7bda83dd":105,"43d87483":110,"fee32863":110,"2ce1af05":96,"6a5b71b4":106,"1745a0f4":109,"f1df62b4":115,"91536e85":122,"faf4f98b":119,"c4aa1e38":93,"bbe71605":102,"358e45b1":109,"be1746a0":113,"b947257e":124,"0bd93cfd":90,"6a3eaf43":106,"84b67924":114,"76f3a3be":113,"98915a1f":97,"a1370ab0":117,"fb7482fe":103,"162a7348":111,"7db3edda":109,"6867261a":110,"71279c46":107,"5e09f69e":129,"12534561":107,"5f7d7195":109,"ccf8b803":112,"d957f027":106,"9d63c4dd":111,"254cc28c":127,"0670c466":102,"f66616b7":115,"812b4f15":96,"3d1af513":122,"a543ec74":105,"36fb15d2":118,"50312237":124,"c27969ec":113,"3e602573":105,"5acaa06f":88,"d33790a2":125,"2d382981":117,"03c398d2":120,"a901627e":104,"a15713c6":127,"a472532e":102,"db8ba455":114,"d8e58a8c":124,"69eeae0d":97,"08a561b7":110,"bb99c79c":114,"0e036ae9":131,"d1715f3b":116,"49902219":128,"6d339d45":96,"558d5ce7":114,"22ecaed0":106,"21ad2f34":110,"70594a28":109,"efd23af5":107,"7e8e1c3d":105,"110b1ee3":107,"4ee62a26":107,"6f81493d":100,"dbd2f139":118,"a8726d50":101,"bb98a6cf":136,"026766f3":108,"80a8a56d":98,"8e99d5d0":124,"c0fea118":106,"0dad37d5":105,"4e3f5178":118,"acac14fb":109,"e1618359":117,"0a2f71bc":105,"c7636527":95,"ba30e43a":123,"ea6de194":118,"836701f6":105,"eda6a690":97,"77d35808":104,"e45b4b53":91,"60e855ee":124,"3f2522c2":120,"82868763":112,"e786063b":115,"fbdffc95":108,"4777334c":105,"88a30343":107,"04cc7cbe":94,"dffa7793":84,"2882a956":113,"bd2705b0":128,"730a4938":112,"6775d5cd":109,"d815c5b4":131,"9a3ab0b8":100,"dc0c8b09":127,"cd522166":126,"7566fdd6":127,"70ee0491":95,"ef14000f":123,"fe8f3d36":101,"ef91eaae":95,"a06a6430":110,"8063df14":101,"1bc0591f":114,"95539a58":91,"7218c9f1":100,"43d87483":111,"a24e6670":109,"0114160e":114,"6e851762":100,"d1ca5d6b":118,"c9efc8f6":110,"42c80e69":126,"d3a669ac":121,"deb31f35":114,"2c627253":114,"e58b26f6":118,"8d04852b":107,"5eaa1581":104,"3c6692a3":129,"8cd78f77":123,"c852d240":115,"a2c334e7":130,"c81b2bcf":101,"84369269":97,"a9b1bd51":85,"d1fe2868":118,"9d9dd9e5":100,"254cc28c":128,"9ceb5439":99,"8b2b601d":108,"f5829ac0":117,"1ff8c2fc":123,"07fc4a9a":122,"b2a8761b":93,"e0f7679f":99,"e0e6a097":104,"064a99c8":108,"02d4753e":139,"27c8e038":127,"4cc141fa":93,"7a2f3f06":105,"12271e14":111,"67f6e4f2":106,"34658473":97,"aa00769b":125,"2d382981":118,"8eb64769":107,"71e53c93":118,"313258f2":111,"57540cc3":121,"4469c815":89,"22176537":105,"affb82bf":119,"6d339d45":97,"a63bddd4":133,"2cb29e5a":127,"ab7467de":118,"201cafad":103,"2ad42a9e":113,"6490bac6":101,"21e10a2b":114,"79e4fa1c":108,"5c82d1ce":116,"d70ca4f4":126,"0841052c":119,"751acea8":99,"430a5db5":119,"1e7753d9":127,"66497c7e":109,"110b1ee3":108,"d34a29b9":125,"9b742f71":106,"f121b82c":124,"0da28f5b":118,"f3992a31":109,"972f4174":120,"79f04300":108,"dc583e64":120,"f1dffa24":99,"1da771fb":106,"6085137f":94,"5781776a":108,"695a2b92":102,"c7ab83c1":106,"805af3c7":116,"b7505747":117,"259930ee":126,"c015ec5a":111,"4777334c":106,"25776fc4":117,"65a00a3c":110,"65e4235b":110,"810aa5e9":121,"69eeae0d":98,"a472532e":103,"2dd0e808":109,"95d331b1":98,"b0869206":119,"91b28f83":120,"5b5fc566":110,"ae99df30":104,"5eab91a0":114,"6841f77e":122,"92ca52b7":115,"a59a8290":114,"8f10fa42":139,"629800eb":116,"0f89862c":99,"f7231212":110,"93b9fae6":103,"7fdc2007":104,"2ce1af05":97,"c1bb74f2":99,"b73e789c":109,"20958d58":103,"0785820e":119,"2d13e69b":113,"0ecfa1c9":107,"0fc5ac7e":131,"a625328f":122,"13747b82":123,"5774ac0d":123,"9fa62fee":102,"6751d8e4":122,"ed4fad08":115,"dc473de1":102,"7db3edda":110,"5eaa1581":105,"aa5dfdf5":112,"6632fed0":120,"bad1a1cc":104,"5339e1e9":114,"1634789b":108,"5678ed7b":125,"45fb95c1":114,"6d802fa2":100,"66554572":93,"a4dafea5":109,"e36dfd6f":107,"34658473":98,"1ff8c2fc":124,"0b5a0408":110,"792c9b6a":107,"812b4f15":97,"67f6e4f2":107,"b6aaf976":125,"336d0f08":125,"ac62fac2":121,"7a2f3f06":106,"ad8f85d6":119,"608bc832":103,"eed20185":124,"dfc89705":112,"8eb64769":108,"8fb236a9":100,"40e79dd3":109,"913a6226":112,"7d112f4d":121,"a0ce82b4":119,"51c57542":115,"7bebff03":99,"2ad42a9e":114,"b6591e25":115,"110b1ee3":109,"3f9b5722":106,"381c68fa":115,"059d6c19":122,"58d46189":126,"1e191c98":93,"69d4b754":103,"f76a3e83":118,"1a0189c4":101,"04643409":120,"650bb0e0":114,"99e171db":108,"a63bddd4":134,"1d153b20":113,"53a8613c":129,"af157d29":111,"18815a1b":104,"6143f39d":106,"ac38a6a5":127,"6b79fec2":107,"5099c6a0":135,"004f1ef3":137,"437fc3ec":110,"09ff339a":90,"22aeaf03":109,"8274885a":119,"5ef93e5d":91,"65e4235b":111,"d8e58a8c":125,"43bc86e3":102,"b28a5e67":122,"56473430":121,"61145ec9":120,"cb4f262b":106,"935ec056":105,"5acce642":111,"93b0a158":121,"04cc7cbe":95,"bf30a08f":124,"d929098e":86,"82204d54":107,"9a07d89b":118,"8f10fa42":140,"70ee0491":96,"87cd2add":99,"fe578280":107,"acac14fb":110,"77300e4a":100,"145c7559":120,"5e193fc8":114,"30c5d755":123,"cc6bbe45":110,"7be025ce":113,"b320feb9":116,"7043382d":122,"c015ec5a":112,"fce3c5c6":99,"383e232d":108,"5a734022":101,"0fc5ac7e":132,"a625328f":123,"a1370ab0":118,"88b3bc99":98,"aa9ea5e8":100,"39ba00f0":112,"64db4feb":133,"4bcd4a30":126,"725dce8b":125,"e4714415":121,"84b67924":115,"6df0b2e8":132,"ce4da56f":119,"45fb95c1":115,"69f3bfcc":108,"f277386e":94,"de36827b":137,"4ea4a2a1":126,"2cce4fb2":119,"b7407bd3":106,"a3d4a0e5":115,"06073f13":121,"f1098793":115,"36fb15d2":119,"03dcfa3d":119,"cfe72ead":97,"a0b03218":105,"31f6d707":123,"4febf7c5":115,"0cb80f4a":108,"aefe13f5":115,"aa00769b":126,"e6fac295":103,"8ac72326":93,"6c486702":113,"d7cb9bcf":109,"0042f6eb":108,"a06a6430":111,"78467b8a":130,"e57d5cda":113,"7218c9f1":101,"0d7d88f1":112,"d25e0f8d":126,"bc09fa9e":105,"805534ac":115,"ded7da5a":115,"8f9b74b0":106,"8ea21393":100,"4e5aaaec":96,"19e9776f":115,"4279e829":123,"26ed1a5c":106,"58d46189":127,"dbd2f139":119,"c3e6ef01":117,"be40590d":109,"93fdbb44":99,"e99318a3":114,"7e15f8e8":118,"faf3ed07":110,"9d63c4dd":112,"6adce358":126,"b8ab8e6e":110,"ec2cb1af":114,"f2ca27d9":105,"1d153b20":114,"d2a841c9":96,"21ee2afe":120,"e9adbe58":109,"b9a48a5c":103,"b1f58563":112,"095ab3b4":104,"578f6e9e":122,"695a2b92":103,"ea9bba6b":109,"0b3283c9":110,"3e082b37":108,"906fdec3":105,"74c26380":123,"d8e58a8c":126,"c91966ce":101,"ae016053":119,"b2cfdbcf":112,"f905a555":100,"7fef9973":115,"dffa7793":85,"e0e48a2d":104,"290b4714":108,"04bef50c":86,"0d770b97":113,"6841f77e":123,"36380d96":121,"1a2c020b":106,"e1618359":118,"470d50c2":110,"0da28f5b":119,"f3992a31":110,"9b172ca8":95,"28d40296":93,"e786063b":116,"cc6bbe45":111,"4577b333":110,"8f13c203":100,"44c77422":118,"f8b31ce5":134,"8cd78f77":124,"7028b044":98,"2180f99b":116,"e4714415":122,"7db3edda":111,"af034fee":109,"6867261a":111,"1f342a00":114,"aec4e1bf":108,"508aac3d":119,"f271ed5d":122,"74e3d13e":111,"8cf83787":97,"07fc4a9a":123,"a24e6670":110,"95f6db13":110,"f5829ac0":118,"d102b0c6":101,"bbe71605":103,"ce4da56f":120,"ef16ca37":111,"332820ce":116,"59c1e594":111,"b2a8761b":94,"ac62fac2":122,"de11eb19":130,"4febf7c5":116,"fa55f27a":125,"be1746a0":114,"379184a7":120,"d8475b95":83,"01cd8099":116,"87922532":125,"92ca52b7":116,"a0685bf3":127,"b102f7bd":116,"70ee0491":97,"9b546d65":105,"cb142908":99,"6a7392d5":104,"87cd2add":100,"6c486702":114,"7a4c064c":120,"8ac72326":94,"e28c2efc":102,"ffa08d82":112,"f7231212":111,"e1f0dbfd":124,"3ef7432b":117,"4e5aaaec":97,"cd421290":107,"21e10a2b":115,"7bebff03":100,"0149e11a":98,"ddec9e54":101,"4279e829":124,"d033db8d":118,"c8977844":111,"0c043224":125,"74f234c6":129,"be40590d":110,"2132fe93":119,"32133249":112,"99e171db":109,"1d790491":114,"2b3e4717":111,"e15fd611":101,"36b7003c":140,"815e4582":111,"bf822e33":115,"bb99c79c":115,"217c0327":89,"7080f122":109,"08c6b5d2":119,"b946e146":129,"3661e12d":103,"014bdff0":124,"19f9ca86":112,"836701f6":106,"6ce84ff8":100,"6d61bf13":105,"7ee148e9":106,"d1676e89":112,"83b2f9c5":116,"5f96c2bc":109,"012de09c":105,"6e44927f":104,"6775d5cd":110,"db8ba455":115,"ef8987d7":107,"4652b09a":131,"11b74e63":107,"dd035d2a":109,"cb4f262b":107,"1a442bc7":115,"3b2dee89":111,"e356abf1":121,"d548635d":113,"e7abc88d":100,"9f2b16a7":122,"25776fc4":118,"c382f054":127,"a33fe0dd":122,"4c39240e":116,"77300e4a":101,"c4feee5b":121,"2154b6e8":99,"f76a3e83":119,"24ffcbd3":127,"ea6de194":119,"dac109cf":103,"7d6895f4":121,"a625328f":124,"bca2d7cd":111,"aa5dfdf5":113,"1438fad7":111,"0d2c95fe":114,"95bc84f1":105,"32c9fc47":108,"8d753bb6":100,"489a39f7":102,"bab97de3":123,"d0e9a58e":103,"a533489b":117,"40569362":122,"23080895":96,"332820ce":117,"ae8a09c4":105
1604737557840,"3a1b9af5":110,"c27969ec":114,"cac4449a":106,"db0a661e":107,"6f0fcb9d":113,"aa00769b":127,"a5aee5de":134,"5f4102da":117,"b87158fb":117,"629800eb":117,"2bcca6a7":128,"056ea7ff":120,"e5b1abc6":101,"43d87483":112,"831c7b85":106,"c803b4a3":112,"0f89862c":100,"78b97937":119,"c38c2b52":105,"ef14000f":124,"0785820e":120,"c6e3d352":120,"ded7da5a":116,"3ef7432b":118,"d25e0f8d":127,"26dd2000":129,"c45d554f":118,"7bebff03":101,"20777945":100,"d634aa28":130,"30fdcd3b":107,"1e7753d9":128,"7db3edda":112,"13747b82":124,"de6213c7":109,"884b0ad1":110,"6df0b2e8":133,"39ba00f0":113,"227006e4":102,"2ab62345":100,"c64de0c0":100,"a6003226":106,"5e09f69e":130,"ce3407dd":108,"a983a6dc":101,"a939b50b":113,"cb6c9e42":131,"8a52882e":109,"bad1a1cc":105,"37fbb107":123,"7080f122":110,"d3e84616":123,"e45b4b53":92,"004f1ef3":138,"8dc9b4db":123,"5781776a":109,"a901627e":105,"95904ac4":125,"7ae34c64":117,"8db5a165":104,"ae016053":120,"d9a64845":111,"dd035d2a":110,"aa187e3b":99,"cb4f262b":108,"9cb4697f":122,"9d4f1fe6":108,"20811ddf":109,"1bb4ccc0":119,"317c1591":121,"40a745c0":121,"b7434f57":94,"655941a0":119,"dae0f922":116,"a4296d1e":116,"c0fea118":107,"1a68160d":117,"638cb163":126,"b2c25d1c":112,"28d40296":94,"5ab7bc35":117,"77300e4a":102,"c4e70c07":116,"c7313e0a":118,"a33fe0dd":123,"69d4b754":104,"2154b6e8":100,"d141db49":106,"22aeaf03":110,"9a467a82":114,"f5596d0f":118,"4d35385e":110,"eeaa2d46":124,"546f6845":122,"d599b566":121,"d9dcdc4b":131,"820225e4":94,"6a60348e":105,"54a676d6":103,"17b08923":117,"489a39f7":103,"064a99c8":109,"a0ce82b4":120,"2209903e":123,"201cafad":104,"18d20aa1":101,"b6ee137a":108,"21ad2f34":111,"f044c0e1":97,"08a4c3f8":111,"04bef50c":87,"1bc0591f":115,"78b97937":120,"9aa6a054":114,"a85d89cc":110,"4c0e547b":108,"b87158fb":118,"9c29f0ed":134,"0042f6eb":109,"f1df62b4":116,"6c524f99":116,"00a17b46":116,"4d9b0b10":114,"b102f7bd":117,"7566fdd6":128,"74e01f6a":105,"34658473":99,"d0b297b2":98,"baebb391":124,"dd7acb96":114,"f4726450":115,"778c95e9":107,"884b0ad1":111,"5a07fc2e":104,"2132fe93":120,"74e3d13e":112,"98915a1f":98,"3a1d1632":92,"9fa62fee":103,"5ac86fb9":119,"227006e4":103,"0681c48e":120,"6632fed0":121,"e99318a3":115,"f2364460":121,"2a387957":110,"ccf8b803":113,"50d129cf":109,"794f652b":120,"0f1ac912":94,"7ae3fc50":103,"f1862e79":95,"8c6e001f":97,"64a7f79f":113,"5a0ead91":105,"a0b03218":106,"be1746a0":115,"468fc85c":108,"65e4235b":112,"0a1d11e6":99,"5f0c1b9d":119,"2dd0e808":110,"ec110282":132,"69eeae0d":99,"b28a5e67":123,"fb7b7b3c":125,"27f52ed3":127,"317c1591":122,"57540cc3":122,"25a7a0a3":114,"08c6b5d2":120,"ac38a6a5":128,"22176537":106,"0e036ae9":132,"e9adbe58":110,"004f1ef3":139,"695a2b92":104,"8274885a":120,"61f25dd4":129,"4e5aaaec":98,"56d315d8":94,"902f49f5":111,"8db62558":109,"93683c82":109,"0d5ee801":100,"b6591e25":116,"288d171f":109,"e1618359":119,"08a06557":134,"fe578280":108,"aab4d996":109,"4577b333":111,"f3992a31":111,"655954ba":107,"e5d3655c":124,"5be594be":115,"25776fc4":119,"d141db49":107,"53431634":130,"dac109cf":104,"77d35808":105,"bab97de3":124,"4945c851":117,"31f6d707":124,"d0c0fc08":97,"6c486702":115,"ea4d3f3e":124,"e5b1abc6":102,"b87158fb":119,"e6ec8cbf":124,"619fda68":131,"e4117b3b":99,"2352c8ef":112,"ef91eaae":96,"2882a956":114,"7bda83dd":106,"d7cb9bcf":110,"c6dc900c":95,"1757a30e":107,"6a5b71b4":107,"30c184b8":120,"2ce1af05":98,"5b5fc566":111,"c0b23081":121,"0d28db94":100,"d5059415":111,"159ffd0b":102,"d0d6acb1":114,"d3a669ac":122,"dd7acb96":115,"0ecfa1c9":108,"92efd84f":119,"162a7348":112,"0fc5ac7e":133,"6867261a":112,"f271ed5d":123,"71a2a493":86,"b947257e":125,"68562193":97,"8d04852b":108,"31d74eee":101,"815e4582":112,"35aa7fd0":120,"4ed01268":103,"84369269":98,"0670c466":103,"e99318a3":116,"97e75c19":129,"59c1e594":112,"36fb15d2":120,"4eed1bea":118,"ded7da5a":117,"debe1f65":115,"da3437cd":104,"0a96f57a":118,"b6ee137a":109,"6d802fa2":101,"71bc1295":102,"4ac6bd4e":104,"12a2cd4b":114,"8d753bb6":101,"812b4f15":98,"1be05c14":108,"358e45b1":110,"82b81567":97,"a3d4a0e5":116,"27c8e038":128,"99d130c9":126,"e0e6a097":105,"d8475b95":84,"71e53c93":119,"74c26380":124,"a851891c":103,"95904ac4":126,"f2ca27d9":106,"9c045c61":124,"53a8613c":130,"af157d29":112,"ef8321d8":113,"22176537":107,"e9adbe58":111,"437fc3ec":111,"ecfa8249":122,"dae0f922":117,"751bcf25":113,"d634aa28":131,"d70ca4f4":127,"0af920d8":97,"5272520d":107,"56d315d8":95,"0a92153e":113,"f33c0140":109,"014460b9":136,"36380d96":122,"25776fc4":120,"4e3f5178":119,"fbdffc95":109,"2e3503e4":111,"7be025ce":114,"e0154608":111,"805af3c7":117,"c318d350":123,"5410e9c6":117,"317c1591":123,"095ab3b4":105,"22aeaf03":111,"1951480c":99,"8cf83787":98,"6a60348e":106,"6db0ea86":113,"a3d4a0e5":117,"08a561b7":111,"aa76bc50":96,"3f75d3bc":121,"91b28f83":121,"16b476e9":112,"4652b09a":132,"ee21ad02":120,"bb00e71c":92,"37d0cae2":105,"c0b23081":122,"33d6bb6a":101,"c510bfd3":127,"831c7b85":107,"8ac72326":95,"7e95c5a0":120,"7fdc2007":105,"619fda68":132,"8721056e":101,"25a2844e":124,"7fb4c521":115,"b73e789c":110,"11b2c8d9":103,"629800eb":118,"0785820e":121,"cf84fb54":113,"fb44fa9c":126,"9f2b16a7":123,"ca7d47f7":115,"859545e6":92,"44ff8baa":112,"7028b044":99,"84b67924":116,"5747db6e":128,"84b767be":135,"4125085e":123,"cbb54a0a":95,"a47abfbb":102,"aec4e1bf":109,"0fc5ac7e":134,"d552eb2f":117,"40860a4b":94,"72805bf5":97,"35aa7fd0":121,"dc473de1":103,"7e15f8e8":119,"5339e1e9":115,"a9b1bd51":86,"254cc28c":129,"37fbb107":124,"8ec3834d":120,"2a387957":111,"045f280d":114,"5a0ead91":106,"9260d96b":128,"cfe72ead":98,"d33790a2":126,"379184a7":121,"bad6cdb1":104,"2e99f8fd":104,"cac4449a":107,"56752a4a":97,"08a4c3f8":112,"12271e14":112,"ad8f85d6":120,"aa00769b":128,"87922532":126,"9de29816":92,"a63bddd4":135,"57540cc3":123,"eafbf9fb":109,"d6320619":104,"25a7a0a3":115,"217c0327":90,"26dd2000":130,"efd23af5":108,"c45d554f":119,"9d0546ac":107,"df81ddee":104,"c455f40e":102,"142d6987":114,"b7434f57":95,"467773ac":103,"026766f3":109,"7cd0ad7b":123,"6f81493d":101,"381c68fa":116,"cb51f134":120,"ebdbf580":118,"bd984a8e":106,"37a7d5b0":112,"263762cb":99,"a40846b7":126,"c0b7e7d7":100,"095ab3b4":106,"dc583e64":121,"695a2b92":105,"e45b4b53":93,"b28a5e67":124,"0a1d11e6":100,"fe44fc6f":109,"4bc46d7a":105,"08a561b7":112,"345c9967":100,"f905a555":101,"0d770b97":114,"bec9d329":123,"5eab91a0":115,"abad2347":113,"f0a06216":111,"51a3e9c2":120,"6ee92259":116,"82204d54":108,"a8c93bed":111,"fee32863":111,"4c0e547b":109,"cfafcda8":109,"53b4e647":124,"a66a2d8a":129,"619fda68":133,"733c86f8":107,"597c1f81":108,"835358a0":102,"508aac3d":120,"5747db6e":129,"22234d6b":111,"c64de0c0":101,"1ed46298":123,"272c7672":118,"f94bf9ea":117,"fb7482fe":104,"af0b61ab":107,"5ac86fb9":120,"081460bf":115,"76f3a3be":114,"8cddb65e":110,"f4b2f575":96,"2b3e4717":112,"b552beb3":112,"9b172ca8":96,"f8b31ce5":135,"e7abc88d":101,"7be025ce":115,"25776fc4":121,"f3992a31":112,"1e232870":123,"9bdf362a":103,"d9f512b9":118,"df2b4d87":110,"11888cfa":104,"8d753bb6":102,"d6db2b02":121,"6c73ae98":94,"ce4da56f":121,"28d41578":116,"8f2a7d69":106,"4ba6eb36":111,"792c9b6a":108,"34658473":100,"a0bc1ceb":116,"468fc85c":109,"1bd5b20b":122,"2c24d929":120,"332820ce":118,"baebb391":125,"cfe72ead":99,"27c8e038":129,"ac62fac2":123,"742f1425":111,"6a5b71b4":108,"95539a58":92,"f7231212":112,"2b698053":110,"527ff946":122,"1a0189c4":102,"9ceb5439":100,"7e15f8e8":120,"9d63c4dd":113,"6143f39d":107,"3661e12d":104,"eafbf9fb":110,"9c045c61":125,"dfa1a89b":102,"2dda3936":106,"865d9857":88,"77898c22":90,"2b3c49b9":118,"44ff8baa":113,"cd421290":108,"913a6226":113,"92136ff5":113,"d25e0f8d":128,"b7434f57":96,"58d46189":128,"56d315d8":96,"40a745c0":122,"0af920d8":98,"430a5db5":120,"dae0f922":118,"004f1ef3":140,"3e082b37":109,"39bbc4bc":129,"6d61bf13":106,"2c5c1dc0":106,"fb7b7b3c":126,"c7ab83c1":107,"a5fd8ffd":111,"f789f6d8":122,"61145ec9":121,"6023df54":108,"f905a555":102,"7896b953":127,"aa76bc50":97,"bd2705b0":129,"6775d5cd":111,"ee21ad02":121,"d815c5b4":132,"7735c3c2":104,"88ce179e":125,"e356abf1":122,"0f89862c":101,"a8c93bed":112,"8f10fa42":141,"2a06ab95":125,"84b767be":136,"7e991ab9":87,"272c7672":119,"ed4fad08":116,"284544ba":103,"7af9d3b1":115,"9fa62fee":104,"31f6ba51":109,"c793cdda":116,"9f5e6cba":114,"c4bff41f":115,"24a9fb86":123,"60d6cee2":110,"7f86be64":117,"ab7d4c9a":103,"c7313e0a":119,"e1571af7":111,"be2955bb":118,"b215547b":98,"aab4d996":110,"65a00a3c":111,"b3863630":100,"34c5c729":112,"2045d7d6":106,"638cb163":127,"c4e70c07":117,"4777334c":107,"3c782bb3":109,"2d1e1e9d":105,"1f88a4b7":127,"88a30343":108,"a4dafea5":110,"489a39f7":104,"7732eb1e":124,"7a6aa4b6":111,"b377a62a":110,"b4fdf90e":118,"d82592f4":109,"4ac6bd4e":105,"a0b03218":107,"b2a8761b":95,"458dcc3d":125,"c4aa1e38":94,"24d24fa3":116,"50312237":125,"56752a4a":98,"04612878":122,"a5aee5de":135,"afe8e06a":105,"dd3913d2":106,"ac030e74":104,"2a4a402a":109,"10ec5a0b":111,"6c524f99":117,"ef14000f":125,"0bfabf48":109,"869cbaa0":125,"abd32136":110,"ad303bda":115,"31d74eee":102,"c81b2bcf":102,"5339e1e9":116,"97e75c19":130,"2b3e4717":113,"0670c466":104,"c6c85783":119,"bb99c79c":116,"d1715f3b":117,"175bc6b2":93,"d2a841c9":97,"2dda3936":107,"3661e12d":105,"4469c815":90,"25e0dd3d":119,"26dd2000":131,"40e79dd3":110,"07107f6e":112,"2ad42a9e":115,"7bebff03":102,"547903ef":122,"d70ca4f4":128,"467773ac":104,"5ccf94d6":109,"ca6d2d91":112,"142d6987":115,"b7434f57":97,"e62d705f":99,"3712c4bd":97,"c564e316":112,"a77e127d":90,"317c1591":124,"26f99a1e":111,"f2470875":128,"25635c37":96,"195eb771":106,"aa76bc50":98,"42cd2360":94,"43bc86e3":103,"ec110282":133,"3f75d3bc":122,"d8e58a8c":127,"d815c5b4":133,"04cc7cbe":96,"aa187e3b":100,"54d7de6b":123,"7735c3c2":105,"6b82b527":120,"95d331b1":99,"2a06ab95":126,"f271ed5d":124,"f94bf9ea":118,"5747db6e":130,"a47abfbb":103,"bca2d7cd":112,"af034fee":110,"1f7607df":102,"60d6cee2":111,"b7832271":124,"9f5e6cba":115,"284544ba":104,"57d5dee8":121,"f33c0140":110,"53431634":131,"8e99d5d0":125,"0b959527":104,"e7abc88d":102,"37a7d5b0":113,"c21ab51e":94,"ba30e43a":124,"5e193fc8":115,"7e76c93c":119,"288d171f":110,"c4e70c07":118,"5f620a1e":119,"ffc86f94":87,"1138796e":116,"a24e6670":111,"69f3bfcc":109,"a3d4a0e5":118,"b2703001":121,"32c9fc47":109,"54a676d6":104,"e0e6a097":106,"45b038bb":134,"d0e9a58e":104,"5acaa06f":89,"7a6aa4b6":112,"2198ba8e":105,"8493f3b2":111,"6be9332a":102,"b2a8761b":96,"458dcc3d":126,"b7df1559":116,"a543ec74":106,"946df4fd":114,"87ce8d1d":89,"7fdc2007":106,"eb2e1983":110,"fe8f3d36":102,"70ee0491":98,"7bda83dd":107,"ffa08d82":113,"c510bfd3":128,"0785820e":122,"ac030e74":105,"30c184b8":121,"95539a58":93,"77bfed7e":109,"4930f321":105,"9fce073c":113,"6632fed0":122,"91d52a55":110,"d1fe2868":119,"0f1ac912":95,"faf3ed07":111,"04643409":121,"1d790491":115,"c98d5272":114,"9e206c95":126,"25a7a0a3":116,"b946e146":130,"6cba74ce":110,"f3d68430":119,"623c6a31":116,"9de29816":93,"3ef7432b":119,"07107f6e":113,"ab7467de":119,"2ad42a9e":116,"9d0546ac":108,"e2cbe594":105,"f9f2c53f":101,"8db62558":110,"dbd2f139":120,"1a2ec5d7":123,"61f25dd4":130,"dae0f922":119,"1e191c98":94,"ca6d2d91":113,"fe1d4419":114,"d599b566":122,"9a3cc55d":108,"82868763":113,"014bdff0":125,"22aeaf03":112,"c564e316":113,"ae016053":121,"0a1d11e6":101,"83b2f9c5":117,"b28a5e67":125,"012de09c":106,"56473430":122,"7c0a2db6":113,"2882a956":115,"1bb4ccc0":120,"290b4714":109,"00cf385d":117,"b0869206":120,"b3f19a69":104,"bf30a08f":125,"70c1e715":107,"084cbc0b":108,"dd7acb96":116,"76f3a3be":115,"a836aa93":115,"1a2c020b":107,"696fdac5":109,"06ee61b6":103,"e1571af7":112,"dbc9df44":88,"25776fc4":122,"69d4b754":105,"a81a857c":108,"36380d96":123,"a577db1c":100,"75ffea08":116,"805af3c7":118,"30c5d755":124,"de36827b":138,"59431390":113,"49910300":104,"f277386e":95,"411b5027":111,"8298e976":126,"4f5e3e7d":101,"554ebb83":109,"28d41578":117,"ef16ca37":112,"06073f13":122,"dd1fcb17":100,"3a1b9af5":111,"eed20185":125,"0ac825ed":116,"458dcc3d":127,"d102b0c6":102,"a0b03218":108,"55928ef1":114,"478d2d4f":120,"f2e3c0e3":100,"a59a8290":115,"9d023afb":127,"92ca52b7":117,"af7e5be8":118,"733c86f8":108,"d83294cd":106,"d7cb9bcf":111,"9496f56f":120,"ef14000f":126,"c803b4a3":113,"77bfed7e":110,"bc392d1c":96,"59c1e594":113,"3e602573":106,"0ecfa1c9":109,"2180f99b":117,"fd369c21":119,"b230e8d3":115,"bb8a6337":107,"6e851762":101,"c852d240":116,"f4726450":116,"9b3f8714":119,"74e3d13e":113,"449d8475":97,"48efc739":132,"5a0eb771":109,"1a0189c4":103,"088feee2":123,"84369269":99,"5f7d7195":110,"15620dca":121,"eafbf9fb":111,"21ad2f34":112,"c455f40e":103,"201cafad":105,"e21c6207":106,"25e0dd3d":120,"6490bac6":102,"3ef7432b":120,"4360a1a3":128,"56d315d8":97,"30dbfc69":105,"0841052c":120,"467773ac":105,"bb98a6cf":137,"26ed1a5c":107,"f6fe095d":127,"f5cd79c1":100,"60e855ee":125,"5099c6a0":136,"c0b7e7d7":101,"5b60dd1d":119,"61145ec9":122,"a0cf08b3":95,"3c0df8b4":113,"6023df54":109,"cf1b8c47":119,"28654c76":121,"49cb2959":121,"e4117b3b":100,"d39724bc":106,"317c1591":125,"01d817b8":94,"88432019":102,"f3d68430":120,"22176537":108,"8547fbc2":106,"470d50c2":111,"c5b35e4d":102,"b3863630":101,"9b172ca8":97,"d141db49":108,"acac14fb":111,"0a2f71bc":106,"88fa53d6":97,"53431634":132,"c0fea118":108,"2045d7d6":107,"4c39240e":117,"b320feb9":117,"5ab7bc35":118,"2d1e1e9d":106,"820225e4":95,"d36125db":119,"b36a0d66":95,"6f0fcb9d":114,"e0f7679f":100,"9260d96b":129,"cf50e84e":112,"4b3e3b1c":118,"3d1af513":123,"b35e9e1a":148,"b2bd8fd3":107,"6ee92259":117,"f0a06216":112,"7ee7621c":113,"6b82b527":121,"9cb4697f":123,"fef750ca":110,"7fdc2007":107,"b87158fb":120,"70ee0491":99,"9f74b8a4":105,"733c86f8":109,"869cbaa0":126,"30c184b8":122,"11b2c8d9":104,"0bfabf48":110,"9c29f0ed":135,"9aa6a054":115,"9fce073c":114,"753ca352":98,"2c24d929":121,"de11eb19":131,"4f5e3e7d":102,"87922532":127,"6ebe2354":93,"7a6aa4b6":113,"468fc85c":110,"72b84094":142,"201cafad":106,"4295ce9a":122,"feb67030":105,"6490bac6":103,"547903ef":123,"0a96f57a":119,"cc11fef9":117,"655941a0":120,"8942c35b":116,"dae0f922":120,"d744bee2":106,"3c18f28e":110,"2a06ab95":127,"4911acad":94,"0d2a1c58":107,"c93c3508":91,"5a07fc2e":105,"835358a0":103,"a47abfbb":104,"dcfaba4c":114,"8cd78f77":125,"c793cdda":117,"dc473de1":104,"31f6ba51":110,"5957df9e":104,"cf775f58":110,"39a2fcce":98,"5f7d7195":111,"5a0eb771":110,"650bb0e0":115,"5339e1e9":117,"99d130c9":127,"4b4ef7fa":105,"3712c4bd":98,"82868763":114,"5781776a":110,"731fc335":89,"b28a5e67":126,"5f0c1b9d":120,"195eb771":107,"7c0a2db6":114,"f905a555":103,"3c0df8b4":114,"7ee148e9":107,"fe1d4419":115,"5b60dd1d":120,"315537b2":114,"22176537":109,"140ce69e":111,"d6320619":105,"d2a841c9":98,"2dda3936":108,"15620dca":122,"b1f58563":113,"5ccf94d6":110,"0d5ee801":101,"0c043224":126,"e1618359":120,"501db4de":114,"3fdb08f5":108,"aab4d996":111,"fe578280":109,"49b358bd":122,"0dad37d5":106,"79f04300":109,"5f620a1e":120,"08a06557":135,"f76a3e83":120,"1a68160d":118,"e786063b":117,"c7636527":96,"8cf83787":99,"8aa78e2f":107,"5678ed7b":126,"9d4f1fe6":109,"04bef50c":88,"54d7de6b":124,"a6b5e869":104,"5eab91a0":116,"124fbe96":101,"e356abf1":123,"062179c1":110,"478d2d4f":121,"ec11fe5f":94,"a59a8290":116,"c463799d":120
1604737559096,"cbb54a0a":96,"e4714415":123,"aa5dfdf5":114,"03b4ab60":107,"2d13e69b":114,"dcfaba4c":115,"84b767be":137,"0ecfa1c9":110,"b7832271":125,"a6003226":107,"c0e2624b":108,"72805bf5":98,"ea822700":94,"6632fed0":123,"44a4f7cd":107,"77bae750":105,"815e4582":113,"5339e1e9":118,"04643409":122,"36684155":112,"f2364460":122,"3661e12d":106,"08c6b5d2":121,"dfa1a89b":103,"6cba74ce":111,"e9adbe58":112,"ccdd1ce6":107,"09560615":94,"ffa08d82":114,"f2e3c0e3":101,"c38c2b52":106,"2a4a402a":110,"43d87483":113,"cc5a1d47":98,"67c57de4":124,"ac030e74":106,"00a17b46":117,"6bc5d32a":133,"fb8bfb36":128,"913a6226":114,"f734c84c":131,"ecfa8249":123,"51c57542":116,"9a80f004":102,"d634aa28":132,"a6003226":108,"0fc5ac7e":135,"5774ac0d":124,"b5763ff6":91,"3a1d1632":93,"4bcd4a30":127,"9b3f8714":120,"778c95e9":108,"b35bb8a1":100,"730338c4":123,"c93c3508":92,"d0d6acb1":115,"af0b61ab":108,"51f80f4c":123,"31d74eee":103,"6adce358":127,"254cc28c":130,"8ec3834d":121,"44a4f7cd":108,"23760167":106,"b8ab8e6e":111,"a472532e":104,"61145ec9":123,"7896b953":128,"345c9967":101,"fe44fc6f":110,"56473430":123,"7c0a2db6":115,"9a467a82":115,"9c045c61":126,"a8726d50":102,"66b7b5b4":108,"0c043224":127,"430a5db5":121,"1f11812e":118,"906632cb":109,"9267f0ef":129,"470d50c2":112,"2045d7d6":108,"79f04300":110,"754f98c9":115,"2af60749":114,"972f4174":121,"8f13c203":101,"88432019":103,"7080f122":111,"ccdd1ce6":108,"623c6a31":117,"18815a1b":105,"411b5027":112,"d0e9a58e":105,"9c58dd76":122,"f044c0e1":98,"82b81567":98,"ac62fac2":124,"dd1fcb17":101,"4f5e3e7d":103,"4b3e3b1c":119,"1db42092":122,"812b4f15":99,"6f0fcb9d":115,"a502c93c":98,"20811ddf":110,"6c524f99":118,"1757a30e":108,"f5e8dfee":128,"2882a956":116,"8f10fa42":142,"7735c3c2":106,"70ee0491":100,"6b82b527":122,"0e2b5d2f":121,"87c462ee":122,"385ab7c6":109,"dfcc2ad1":127,"6f39f4d9":122,"8063df14":102,"4f59a322":115,"87083264":125,"ffa08d82":115,"753ca352":99,"77bfed7e":111,"4c4aa2e2":111,"dac109cf":105,"104721f0":111,"805af3c7":119,"4577b333":112,"cc6bbe45":112,"5fa12feb":113,"ded7da5a":118,"3007f31f":104,"5e09f69e":131,"6867261a":113,"6585adbe":89,"cac4449a":108,"7ae3fc50":104,"cbad3b92":140,"792cfcbd":106,"b35e9e1a":149,"3a204e56":121,"f2470875":129,"83086d4c":121,"5270f158":110,"c564e316":114,"7ee148e9":108,"3c43e8a2":123,"aa5dfdf5":115,"57d5dee8":122,"3c18f28e":111,"a625328f":125,"a6626a13":97,"aec4e1bf":110,"24a9fb86":124,"f069bb07":109,"74e3d13e":114,"ef1c2dcb":106,"508aac3d":121,"2f455cce":116,"5d087c79":108,"97e75c19":131,"77f31bab":122,"1a0189c4":104,"6e98dfda":116,"b8ab8e6e":112,"aff8e442":121,"345c9967":102,"d8e58a8c":128,"7b6a7048":116,"da3437cd":105,"a0ce82b4":121,"e62d705f":100,"9a80f004":103,"110b1ee3":110,"0d5ee801":102,"9d4da635":94,"ddec9e54":102,"31408822":104,"be40590d":111,"3498f223":101,"ebdbf580":119,"4777334c":108,"6cba74ce":112,"57540cc3":124,"21ee2afe":121,"fd6dcb20":111,"ec2cb1af":115,"cf84fb54":114,"4945c851":118,"2d1e1e9d":107,"6db0ea86":114,"1b153aef":118,"1138796e":117,"40569362":123,"411b5027":113,"b35e9e1a":150,"88a30343":109,"b7407bd3":107,"baebb391":126,"ac62fac2":125,"7a2f3f06":107,"dfa1a89b":104,"88432019":104,"71ba7561":108,"5f0c1b9d":121,"69eeae0d":100,"7ae34c64":118,"4abb7aed":114,"1c0a9eff":100,"935ec056":106,"6c20c153":110,"16b476e9":113,"d929098e":87,"ad2d7bed":117,"730a4938":113,"bd62d7ed":104,"8007f30e":82,"a59a8290":117,"e5b1abc6":103,"b102f7bd":118,"eb2e1983":111,"7218c9f1":102,"7af262e5":117,"0785820e":123,"619fda68":134,"7a840529":94,"ffa08d82":116,"4f59a322":116,"a3253019":109,"e5d3655c":125,"a4296d1e":117,"4fd645f1":99,"e0154608":112,"4c39240e":118,"06ee61b6":104,"ce3bf5db":99,"c382f054":128,"0f029727":101,"ffc86f94":88,"e8d74304":101,"ef16ca37":113,"8245f916":105,"87ce8d1d":90,"35b58ef9":107,"73b15e04":105,"804d4dfa":113,"0b3283c9":111,"5270f158":111,"5410e9c6":118,"19f9ca86":113,"095ab3b4":107,"27f52ed3":128,"fb7b7b3c":127,"be149c6f":105,"b230e8d3":116,"8d04852b":109,"3c18f28e":112,"6a3eaf43":107,"dd7acb96":117,"a6003226":109,"2ab62345":101,"5774ac0d":125,"fd07e0ed":115,"911e770b":118,"9147702f":100,"c67979e6":134,"22234d6b":112,"0fc5ac7e":136,"77f31bab":123,"50c468ba":113,"9d9dd9e5":101,"0f1ac912":96,"ccf8b803":114,"650bb0e0":116,"ce3407dd":109,"ab7467de":120,"07107f6e":114,"2209903e":124,"547903ef":124,"6b9eff39":110,"e1f0dbfd":125,"c45d554f":120,"f1b493de":128,"94a2fe10":114,"30dbfc69":106,"467773ac":106,"f4634d0b":104,"58d46189":129,"30fdcd3b":108,"1be05c14":109,"2cce4fb2":120,"a24e6670":112,"1f88a4b7":128,"e81834aa":121,"f87c5031":104,"9de29816":94,"ccdd1ce6":109,"3f65f121":115,"0277d748":119,"b946e146":131,"f2ca27d9":107,"906fdec3":106,"8db5a165":105,"012de09c":107,"6023df54":110,"aa76bc50":99,"00a481e3":125,"d5dae4c4":139,"7fef9973":116,"1c0a9eff":101,"d1d40c9c":128,"a502c93c":99,"bf30a08f":126,"4c0e547b":110,"6b82b527":123,"eb2e1983":112,"9cb4697f":124,"696fdac5":110,"e1571af7":113,"5e193fc8":116,"aab4d996":112,"ba30e43a":125,"9f2b16a7":124,"69134f07":109,"d6f0d94a":103,"08a06557":136,"c0fea118":109,"168e75d9":110,"65a00a3c":112,"b7505747":118,"ab7d4c9a":104,"26009d3f":107,"1b153aef":119,"95f6db13":111,"06073f13":123,"b7df1559":117,"332820ce":119,"288afc30":109,"d82592f4":110,"0eaf08da":112,"fe0df575":121,"cac4449a":109,"a533489b":118,"8245f916":106,"56752a4a":99,"812b4f15":100,"24d24fa3":117,"263762cb":100,"3f2522c2":121,"7ee148e9":109,"60e855ee":126,"af034fee":111,"26c390d6":106,"8657c79d":130,"8d04852b":110,"383e232d":109,"39ba00f0":114,"5a734022":102,"842c8340":98,"e58b26f6":119,"31f6ba51":111,"dd7acb96":118,"68562193":98,"9ceb5439":101,"c0e2624b":109,"d957f027":107,"b230e8d3":117,"ba5c52af":114,"ae95f2ba":127,"869cbaa0":127,"19551bad":105,"d7cb9bcf":112,"dfcc2ad1":128,"e57d5cda":114,"7fdc2007":108,"c8113b77":98,"b102f7bd":119,"9496f56f":121,"0d7d88f1":113,"aa9ea5e8":101,"25d1b2d8":116,"d5557fb4":121,"088feee2":124,"6085137f":95,"d599b566":123,"a77e127d":91,"39a2fcce":99,"07107f6e":115,"a0cca8b7":91,"3b7763b1":97,"cd421290":109,"40e79dd3":111,"7bebff03":103,"0149e11a":99,"6f81493d":102,"1f11812e":119,"dbd2f139":121,"d70ca4f4":129,"7cd0ad7b":124,"381c68fa":117,"b6591e25":117,"8dd2684c":112,"12012fbd":105,"22176537":110,"7080f122":112,"315537b2":115,"21ee2afe":122,"0277d748":120,"012de09c":108,"00a481e3":126,"7ae34c64":119,"730a4938":114,"d9a64845":112,"b3f19a69":105,"db8ba455":116,"677c6a09":135,"fafb4cc2":146,"0f029727":102,"e7abc88d":103,"1a2c020b":108,"9e65c0ef":104,"696fdac5":111,"25776fc4":123,"b3863630":102,"2045d7d6":109,"0a92153e":114,"e786063b":118,"9b742f71":107,"ea6de194":120,"0b959527":105,"69d4b754":106,"411b5027":114,"8aa78e2f":108,"69f3bfcc":110,"d0c0fc08":98,"e8f173b5":117,"8323d333":98,"b36a0d66":96,"06073f13":124,"a24e6670":113,"ea274174":113,"dfc89705":113,"e36dfd6f":108,"db0a661e":108,"87ce8d1d":91,"d8475b95":85,"cd95f558":116,"26c6fa34":106,"92d38723":125,"9c58dd76":123,"6ebe2354":94,"a543ec74":107,"61d4782d":119,"b7cc7909":112,"1f342a00":115,"71a2a493":87,"70bc8325":105,"40860a4b":95,"0bd93cfd":91,"deb31f35":115,"51f80f4c":124,"ef1c2dcb":107,"5f7d7195":112,"e9a8cf11":113,"66d94227":108,"272c7672":120,"bec9d329":124,"33d6bb6a":102,"345c9967":103,"7735c3c2":107,"2b698053":111,"0e2b5d2f":122,"cf9f4757":99,"6841f77e":124,"30c184b8":123,"67c57de4":125,"e356abf1":124,"fead11cf":102,"50c468ba":114,"7af262e5":118,"b73e789c":111,"dd3913d2":107,"7a840529":95,"a59a8290":118,"7566fdd6":129,"bf822e33":116,"2c627253":115,"44a4f7cd":109,"6e851762":102,"b8ab8e6e":113,"7e15f8e8":121,"40e79dd3":112,"e2a7d915":92,"92136ff5":114,"4e5aaaec":99,"a0cca8b7":92,"9d0546ac":109,"a851554d":122,"cf1124db":102,"f1b493de":129,"30fdcd3b":109,"4360a1a3":129,"7a9344a4":135,"58d46189":130,"8db62558":111,"39a2fcce":100,"a77e127d":92,"f5cd79c1":101,"363590c7":114,"d1676e89":113,"b1f58563":114,"60e855ee":127,"c564e316":115,"fd6dcb20":112,"d3e84616":124,"57540cc3":125,"dfa1a89b":105,"a63bddd4":136,"09560615":95,"8cc4a982":116,"cf1b8c47":120,"a5fd8ffd":112,"e865e4dd":102,"d9d0c567":112,"aa76bc50":100,"616d6dd6":108,"a472532e":105,"b3f19a69":106,"dffa7793":86,"e382ec3f":99,"d4d5f466":107,"a502c93c":100,"e0e48a2d":105,"95d331b1":100,"733c86f8":110,"8e99d5d0":126,"69134f07":110,"0a2f71bc":107,"c0fea118":110,"4def63ee":86,"79f04300":111,"7be025ce":116,"754f98c9":116,"44c77422":119,"c7313e0a":120,"25776fc4":124,"c85a0d80":122,"dac109cf":106,"4fd645f1":100,"820225e4":96,"0be540c5":124,"b2703001":122,"f277386e":96,"e36dfd6f":109,"95f6db13":112,"08a4c3f8":113,"8b2b601d":109,"8323d333":99,"7a6aa4b6":114,"45b038bb":135,"8f2a7d69":107,"812b4f15":101,"92d38723":126,"64a7f79f":114,"e6fac295":104,"49bf2e95":99,"cf52025e":114,"48655f09":136,"6ebe2354":95,"cac4449a":110,"5a734022":103,"b35bb8a1":101,"a2c334e7":131,"51f80f4c":125,"84b67924":117,"8d04852b":111,"911e770b":119,"1ed46298":124,"35aa7fd0":122,"fd07e0ed":116,"ec11fe5f":95,"9a3ab0b8":101,"7af262e5":119,"8ac72326":96,"597c1f81":109,"619fda68":135,"9496f56f":122,"e5b1abc6":104,"753ca352":100,"78467b8a":131,"11b2c8d9":105,"7e95c5a0":121,"ae95f2ba":128,"d552eb2f":118,"a6626a13":98,"cf775f58":111,"39ba00f0":115,"2180f99b":118,"2b3e4717":114,"48efc739":133,"201cafad":107,"9d0546ac":110,"7b6a7048":117,"18d20aa1":102,"ded7da5a":119,"3007f31f":105,"4e5aaaec":100,"3b690f68":129,"655941a0":121,"30dbfc69":107,"026766f3":110,"381c68fa":118,"8942c35b":117,"be40590d":112,"5d087c79":109,"394dc144":103,"b769bdfb":116,"014bdff0":126,"5623817d":106,"c564e316":116,"95d3d348":111,"004f1ef3":141,"e238f09b":119,"842c8340":99,"37fbb107":125,"12dd6f5e":103,"57540cc3":126,"865d9857":89,"4d35385e":111,"2dda3936":109,"7080f122":113,"9e206c95":127,"a901627e":106,"43bc86e3":104,"8a165e17":121,"3101354b":100,"e865e4dd":103,"3c0df8b4":115,"ae016053":122,"124fbe96":102,"6775d5cd":112,"d815c5b4":134,"d4d5f466":108,"1c0a9eff":102,"4c4aa2e2":112,"e1618359":121,"b320feb9":118,"36380d96":124,"24ffcbd3":128,"d548635d":114,"ba30e43a":126,"df2b4d87":111,"69d4b754":107,"259930ee":127,"3498f223":102,"dcf85091":99,"e786063b":119,"4c39240e":119,"b552beb3":113,"6a60348e":107,"3310a049":109,"05642105":115,"8d753bb6":103,"1be05c14":110,"bbe71605":104,"358e45b1":111,"3a1b9af5":112,"3652bd66":116,"b377a62a":111,"064a99c8":110,"31f6d707":125,"48655f09":137,"27c8e038":130,"08a4c3f8":114,"12271e14":113,"de11eb19":132,"b460f030":126,"ae8a09c4":106,"468fc85c":111,"6867261a":114,"d6d61bfc":117,"9d4f1fe6":110,"bb00e71c":93,"2352c8ef":113,"fef750ca":111,"be3a10f8":128,"70ee0491":101,"9d023afb":128,"cd522166":127,"7fdc2007":109,"ac030e74":107,"cc5a1d47":99,"87cd2add":101,"95539a58":94,"8ac72326":97,"7e95c5a0":122,"faf4f98b":120,"47cfba38":104,"26c390d6":107,"72805bf5":99,"c4bff41f":116,"d0d6acb1":116,"5eaa1581":106,"fd07e0ed":117,"911e770b":120,"71279c46":108,"0149e11a":100,"e1f0dbfd":126,"7d112f4d":122,"6490bac6":104,"da3437cd":106,"21ad2f34":113,"2ad42a9e":117,"db703021":109,"7cd0ad7b":125,"3f9b5722":107,"142d6987":116,"4360a1a3":130,"751bcf25":114,"902f49f5":112,"de6213c7":110,"aec074c4":122,"84369269":100,"5b60dd1d":121,"3c43e8a2":124,"695a2b92":106,"a40846b7":127,"5099c6a0":137,"3f2522c2":122,"6ce84ff8":101,"1f342a00":116,"527ff946":123,"a983a6dc":102,"9d63c4dd":114,"5a0eb771":111,"e99318a3":117,"c98d5272":115,"21ee2afe":123,"546f6845":123,"ac38a6a5":129,"175bc6b2":94,"9de29816":95,"aa867541":97,"a472532e":106,"61145ec9":124,"5f96c2bc":110,"ec110282":134,"a5676c24":108,"313258f2":112,"12012fbd":106,"315537b2":116,"e1618359":122,"f2086446":111,"c7313e0a":121,"25776fc4":125,"c5b35e4d":103,"2154b6e8":101,"d141db49":109,"ebdbf580":120,"ca7d47f7":116,"53431634":133,"24ffcbd3":129,"efe84c27":111,"1623fc9f":113,"c015ec5a":113,"f044c0e1":99,"8d753bb6":104,"b84a06eb":120,"ce4da56f":122,"54a676d6":105,"a24e6670":114,"1f88a4b7":129,"554ebb83":110,"c4aa1e38":95,"b7407bd3":108,"8245f916":107,"f1862e79":96,"742f1425":112,"7a2f3f06":108,"481754fc":97,"8c6e001f":98,"792cfcbd":107,"12271e14":114,"a543ec74":108,"13f0e139":103,"23080895":97,"20811ddf":111,"dffa7793":87,"5eab91a0":117,"bf30a08f":127,"1757a30e":109,"290b4714":110,"93b0a158":122,"2a76f1dd":102,"478d2d4f":122,"1745a0f4":110,"6c486702":116,"bd62d7ed":105,"cd522166":128,"f67de058":117,"d4ee22a4":116,"6034b6d0":117,"c803b4a3":114,"53b4e647":125,"b73e789c":112,"9f74b8a4":106,"7fb4c521":116,"2ab62345":102,"5ac86fb9":121,"17446892":109,"72b84094":143,"27d8bf51":112,"26dd2000":132,"f9f2c53f":102,"85de05f2":110,"6bc5d32a":134,"5a622a23":107,"751bcf25":115,"66497c7e":110,"30d84dce":101,"7a9344a4":136,"7cd0ad7b":126,"180377be":110,"f94bf9ea":119,"6751d8e4":123,"9f5e6cba":116,"fd07e0ed":118,"bc3dc66a":114,"5781776a":111,"437fc3ec":112,"19f9ca86":114,"93ac9ca3":108,"8274885a":121,"b935fc1c":107,"971675c5":117,"6a3eaf43":108,"51f80f4c":126,"835358a0":104,"383e232d":110,"1d790491":116,"d0d6acb1":117,"c793cdda":118,"5a0eb771":112,"f4b2f575":97,"8a52882e":110,"04643409":123,"66d94227":109,"5339e1e9":119,"af157d29":113,"0e036ae9":133,"2dd0e808":111,"b28a5e67":127,"95904ac4":127,"45b5746e":108,"012de09c":109,"ae016053":123,"3f75d3bc":123,"f5596d0f":119,"a63bddd4":137,"d2a841c9":99,"623c6a31":118,"416a9e97":100,"655941a0":122,"5be594be":116,"ce3bf5db":100,"1a2c020b":109,"d9f512b9":119,"1247fa52":114,"62d1d346":98,"501db4de":115,"08a06557":137,"36380d96":125,"28d40296":95,"168e75d9":111,"c1bdfd41":101,"014460b9":137,"f76a3e83":121,"d9dcdc4b":132,"a24e6670":115,"05642105":116,"cf84fb54":115,"e7e82473":132,"28d41578":118,"2cce4fb2":121,"8f2a7d69":108,"9260d96b":130,"40569362":124,"82b81567":99,"7ae3fc50":105,"dd1fcb17":102,"00554ffd":126,"b6aaf976":126,"7a6aa4b6":115,"01cd8099":117,"4febf7c5":117,"9fc713b0":124,"79be29c8":111,"51a3e9c2":121,"7fef9973":117,"3b2dee89":112,"c0b23081":123,"aa187e3b":101,"20811ddf":112,"78b97937":121,"a66a2d8a":130,"c463799d":121,"70ee0491":102,"1745a0f4":111,"30c184b8":124,"f2e3c0e3":102,"9fce073c":115,"95539a58":95,"c38c2b52":107,"7e95c5a0":123,"385ab7c6":110,"93b9fae6":104,"faf4f98b":121,"feb67030":106,"bc09fa9e":106,"40e79dd3":113,"cd421290":110,"92136ff5":115,"6bc5d32a":135,"20777945":101,"ca6d2d91":114,"31408822":105,"a68a93b2":106,"0ecfa1c9":111,"d6d61bfc":118,"87922532":128,"ad8f85d6":121,"f2470875":130,"09ff339a":91,"c318d350":124,"1951480c":100,"eda6a690":98,"312f7676":114,"578f6e9e":123,"725dce8b":126,"227006e4":104,"fd369c21":120,"2ab62345":103,"f271ed5d":125,"24a9fb86":125,"6632fed0":124,"7e991ab9":88,"b947257e":126,"ccf8b803":115,"70c1e715":108,"794f652b":121,"f069bb07":110,"272c7672":121,"449d8475":98,"a1921150":120,"44a4f7cd":110,"842c8340":100,"8a52882e":111,"3f75d3bc":124,"0a1d11e6":102,"b28a5e67":128,"db8ba455":117,"d9d0c567":113,"56473430":124,"5ef93e5d":92,"eafbf9fb":112,"e9adbe58":113,"08c6b5d2":122,"15620dca":123,"3454fa2b":108,"026766f3":111,"0d5ee801":103,"74f234c6":130,"5272520d":108,"06ee61b6":105,"c0b0f492":128,"1a2c020b":110,"e5d3655c":126,"c7636527":97,"8e99d5d0":127,"ca7d47f7":117,"a4296d1e":118,"4c4aa2e2":113,"2af60749":115,"57540cc3":127,"217c0327":91,"8cf83787":100,"a6bcb07e":119,"d6db2b02":122,"1f88a4b7":130,"d36125db":120,"cf84fb54":116,"1438fad7":112,"8f2a7d69":109,"d0b297b2":99,"9e878ec2":123,"06073f13":125
1604737560451,"742f1425":113,"d0e9a58e":106,"ee75b607":104,"4258c176":105,"1a442bc7":116,"ae99df30":105,"cb4f262b":109,"8bc04eb5":117,"e4117b3b":101,"2a4a402a":111,"062179c1":111,"6c486702":117,"eb2e1983":113,"1745a0f4":112,"dfcc2ad1":129,"50b558a7":96,"9fce073c":116,"76f94eda":110,"ef91eaae":97,"8ac72326":98,"9496f56f":123,"4930f321":106,"0d28db94":101,"f2086446":112,"b320feb9":119,"c382f054":129,"37a7d5b0":114,"7e8e1c3d":106,"70594a28":110,"8f9b74b0":107,"0a96f57a":120,"d25e0f8d":129,"f9f2c53f":103,"b377a62a":112,"aa00769b":129,"a533489b":119,"ad8f85d6":122,"87922532":129,"9c58dd76":124,"a543ec74":109,"0f72f2d8":109,"fb7b7b3c":128,"f5cd79c1":102,"19f9ca86":115,"095ab3b4":108,"b769bdfb":117,"836701f6":107,"f2470875":131,"1ed46298":125,"61d4782d":120,"e9a8cf11":114,"40860a4b":96,"b7cc7909":113,"d744bee2":107,"24a9fb86":126,"6e851762":103,"c93c3508":93,"d1ca5d6b":119,"88b3bc99":99,"84b767be":138,"9d63c4dd":115,"a625328f":126,"bad1a1cc":106,"2f455cce":117,"23760167":107,"1d790491":117,"789bd484":110,"93fdbb44":100,"97e75c19":132,"3f75d3bc":125,"0a1d11e6":103,"616d6dd6":109,"e865e4dd":104,"a851891c":104,"22176537":111,"c8dc010f":128,"61f25dd4":131,"d70ca4f4":130,"30dbfc69":108,"d0c104c4":85,"ca6d2d91":115,"1f11812e":120,"1e7753d9":129,"dbc9df44":89,"a33fe0dd":124,"f2086446":113,"f2f58418":102,"21ee2afe":124,"ec2cb1af":116,"d2a841c9":100,"1be05c14":111,"6a60348e":108,"de36827b":139,"411b5027":115,"f044c0e1":100,"bbe71605":105,"32c9fc47":110,"b35e9e1a":151,"34658473":101,"01d817b8":95,"af157d29":114,"ef8987d7":108,"74c26380":125,"ee75b607":105,"d4d5f466":109,"fea793f5":117,"a6b5e869":105,"1757a30e":110,"b3f19a69":107,"ea4d3f3e":125,"2a76f1dd":103,"9a07d89b":119,"13b53c7a":110,"bd62d7ed":106,"11b2c8d9":106,"9a3ab0b8":102,"f5e8dfee":129,"07f98660":120,"a06a6430":112,"e28c2efc":103,"9fce073c":117,"014460b9":138,"69d4b754":108,"0dad37d5":107,"ba30e43a":127,"44c77422":120,"c7313e0a":122,"aa021138":121,"9b172ca8":98,"2e3503e4":112,"fbdffc95":110,"259930ee":128,"4dac6b20":91,"4e5aaaec":101,"ef16ca37":114,"8245f916":108,"00554ffd":127,"12a2cd4b":115,"761cf820":116,"c27969ec":115,"9e878ec2":124,"56752a4a":100,"6be9332a":103,"6ebe2354":96,"2d382981":119,"d8475b95":86,"c318d350":125,"2203f259":113,"fb7b7b3c":129,"71ff66e8":107,"6085137f":96,"437fc3ec":113,"9a3cc55d":109,"03b4ab60":108,"76f3a3be":116,"a47abfbb":105,"92efd84f":120,"288a2c43":105,"51f80f4c":127,"7db3edda":113,"6867261a":115,"7028b044":100,"88b3bc99":100,"9f5e6cba":117,"084cbc0b":109,"fd369c21":121,"d1ca5d6b":120,"c67979e6":135,"a1921150":121,"faf3ed07":112,"48efc739":134,"ccf8b803":116,"ce3407dd":110,"93fdbb44":101,"e4cfef0a":97,"9c29f0ed":136,"50c468ba":115,"a5676c24":109,"3007f31f":106,"c8dc010f":129,"bfad1727":96,"8f9b74b0":108,"ccb5ea3e":95,"19e9776f":116,"4279e829":125,"180377be":111,"5cd3cfe0":95,"0af920d8":99,"0c043224":128,"dae0f922":121,"8cf83787":101,"4b3e3b1c":120,"1138796e":118,"59431390":114,"868edcc0":124,"2d1e1e9d":108,"26009d3f":108,"f5596d0f":120,"6cba74ce":113,"d1715f3b":118,"b9a48a5c":104,"3454fa2b":109,"08c6b5d2":123,"8cc4a982":117,"b28a5e67":129,"e865e4dd":105,"8a165e17":122,"a851891c":105,"fafb4cc2":147,"3c0df8b4":116,"5acce642":112,"f56ac638":92,"6775d5cd":113,"1757a30e":111,"e4117b3b":102,"bd2705b0":130,"11b74e63":108,"b87158fb":121,"1745a0f4":113,"2a76f1dd":104,"cd522166":129,"fef750ca":112,"8b5a8e9f":123,"685207b3":118,"2154b6e8":102,"1247fa52":115,"aab4d996":113,"9b172ca8":99,"5ab7bc35":119,"34c5c729":113,"4577b333":113,"77300e4a":103,"36380d96":126,"30c5d755":125,"104721f0":112,"c4e70c07":119,"638cb163":128,"1b153aef":120,"08a4c3f8":115,"00554ffd":128,"d0e9a58e":107,"d33790a2":127,"17807120":114,"74e01f6a":106,"b7407bd3":109,"e6fac295":105,"6f0fcb9d":116,"a0bc1ceb":117,"d8475b95":87,"2d382981":120,"946df4fd":115,"27f52ed3":129,"d1676e89":114,"d599b566":124,"836701f6":108,"25635c37":97,"dcfaba4c":116,"ed4fad08":117,"0681c48e":121,"40860a4b":97,"9ab755d3":105,"e4714415":124,"c0e2624b":110,"7028b044":101,"162a7348":113,"bc3dc66a":115,"9fa62fee":105,"2c627253":116,"72d7b461":123,"91d52a55":111,"815e4582":114,"2180f99b":119,"39a2fcce":101,"36b7003c":141,"ec11fe5f":96,"056ea7ff":121,"9aa6a054":116,"ba938220":110,"cb142908":100,"30b6808c":110,"385ab7c6":111,"619fda68":136,"9d63c4dd":116,"25d1b2d8":117,"c81b2bcf":103,"efd23af5":109,"daab45c6":106,"ab7467de":121,"5fa12feb":114,"20777945":102,"7bebff03":104,"c455f40e":104,"3b690f68":130,"4279e829":126,"7cd0ad7b":127,"1e191c98":95,"4ee62a26":108,"b6591e25":118,"430a5db5":122,"437fc3ec":114,"42191b64":89,"8cf83787":102,"cf50e84e":113,"90731976":103,"546f6845":124,"22ecaed0":107,"8547fbc2":107,"6de0aaac":101,"8dd2684c":113,"172217e5":115,"57540cc3":128,"d9a64845":113,"d9d0c567":114,"da04caac":113,"6023df54":111,"313258f2":113,"cf1b8c47":121,"aa867541":98,"91b28f83":122,"88ce179e":126,"d39724bc":107,"a6b5e869":106,"d815c5b4":135,"54d7de6b":125,"04cc7cbe":97,"55928ef1":115,"478d2d4f":123,"acac14fb":112,"d548635d":115,"25776fc4":126,"9bdf362a":104,"80a8a56d":99,"08a06557":138,"bd984a8e":107,"7e76c93c":120,"655954ba":108,"8e99d5d0":128,"ca7d47f7":118,"44c77422":121,"1e232870":124,"638cb163":129,"4ff2225d":105,"8b2b601d":110,"fb44fa9c":127,"17b08923":118,"a533489b":120,"40569362":125,"6f0fcb9d":117,"332820ce":120,"cd95f558":117,"26c6fa34":107,"17807120":115,"67f6e4f2":108,"468fc85c":112,"d33790a2":128,"74e01f6a":107,"9c58dd76":125,"be1746a0":116,"4cc141fa":94,"77d35808":106,"288a2c43":106,"e9a8cf11":115,"081460bf":116,"12534561":108,"bb8a6337":108,"272c7672":122,"70c1e715":109,"c93c3508":94,"088feee2":125,"2f455cce":118,"74e3d13e":115,"5339e1e9":120,"2a76f1dd":105,"2bcca6a7":129,"9b546d65":106,"a66a2d8a":131,"8721056e":102,"93b9fae6":105,"6f39f4d9":123,"2ce1af05":99,"619fda68":137,"00a17b46":118,"e57d5cda":115,"faf4f98b":122,"22234d6b":113,"44a4f7cd":111,"0670c466":105,"aa5dfdf5":116,"2180f99b":120,"bda8cdfb":119,"815e4582":115,"2c627253":117,"77f31bab":124,"85de05f2":111,"7b6a7048":118,"b6ee137a":110,"51c57542":117,"6b9eff39":111,"261c9911":118,"f4343817":115,"c8977844":112,"74f234c6":131,"0841052c":121,"c2bb8aae":113,"93683c82":110,"d033db8d":119,"dbd2f139":122,"b935fc1c":108,"5410e9c6":119,"8274885a":122,"2203f259":114,"42191b64":90,"fb7b7b3c":130,"0e036ae9":134,"3f65f121":116,"09560615":96,"f5596d0f":121,"a63bddd4":138,"22ecaed0":108,"18815a1b":106,"4bc46d7a":106,"d8e58a8c":129,"d9a64845":114,"6023df54":112,"a15713c6":128,"345c9967":104,"c91966ce":102,"0d770b97":115,"dffa7793":88,"290b4714":111,"7fef9973":118,"e1618359":123,"1a2c020b":111,"9e65c0ef":105,"c4feee5b":122,"e9679ede":99,"ea6de194":121,"ce3bf5db":101,"be2955bb":119,"288d171f":111,"2154b6e8":103,"6b78ad7f":121,"c7636527":98,"2af60749":116,"e32524d6":115,"6291e9e9":114,"7732eb1e":125,"45fb95c1":116,"e36dfd6f":110,"54a676d6":106,"cf50e84e":114,"26009d3f":109,"761cf820":117,"3d1af513":124,"cd95f558":118,"812b4f15":102,"de11eb19":133,"9fc713b0":125,"cfe72ead":100,"8245f916":109,"01cd8099":118,"b2bd8fd3":108,"288afc30":110,"23080895":98,"4febf7c5":118,"71bc1295":103,"b7cc7909":114,"d929098e":88,"67d30f2b":107,"ba586505":111,"0f89862c":102,"fee32863":112,"6a7392d5":105,"25a2844e":125,"0e2b5d2f":123,"6c486702":118,"e5b1abc6":105,"6034b6d0":118,"8ac72326":99,"f1df62b4":117,"0bfabf48":111,"2ce1af05":100,"50c468ba":116,"faf4f98b":123,"51f80f4c":128,"b5763ff6":92,"288a2c43":107,"4bcd4a30":128,"13747b82":125,"35aa7fd0":123,"1d790491":118,"92efd84f":121,"aec4e1bf":111,"88b3bc99":101,"91d52a55":112,"dcfaba4c":117,"de6213c7":111,"5a0eb771":113,"07107f6e":116,"c455f40e":105,"6490bac6":105,"c45d554f":121,"70594a28":111,"4dac6b20":92,"27d8bf51":113,"0c0e98ea":109,"cd3bbe7e":111,"19e9776f":117,"dbd2f139":123,"c2bb8aae":114,"180377be":112,"dae0f922":122,"a625328f":127,"794f652b":122,"d1ca5d6b":121,"5d087c79":110,"263762cb":101,"5099c6a0":138,"2c5c1dc0":107,"0b3283c9":112,"09f0db62":136,"578f6e9e":124,"5b60dd1d":122,"9d9dd9e5":102,"b8ab8e6e":114,"172217e5":116,"f87c5031":105,"ef8321d8":114,"49902219":129,"f3d68430":121,"4d35385e":112,"08c6b5d2":124,"52eca0dc":110,"a5fd8ffd":113,"a15713c6":129,"6023df54":113,"313258f2":114,"8db5a165":106,"8a165e17":123,"e7abc88d":104,"d34a29b9":126,"fbdffc95":111,"4e3f5178":120,"ebdbf580":121,"44c77422":122,"ce3bf5db":102,"36380d96":127,"3fdb08f5":109,"9b742f71":108,"1a68160d":119,"e3547548":101,"92f800f5":112,"ca7d47f7":119,"a4dafea5":111,"b84a06eb":121,"ce4da56f":123,"f5829ac0":119,"a3d4a0e5":119,"cf84fb54":117,"8b2b601d":111,"792cfcbd":108,"b8397293":102,"b7df1559":118,"8eb64769":109,"5acaa06f":90,"12a2cd4b":116,"31f6d707":126,"336d0f08":126,"baebb391":127,"9b3f8714":121,"e4117b3b":103,"ad2d7bed":118,"fea793f5":118,"e6ec8cbf":125,"6c20c153":111,"677c6a09":136,"cfafcda8":110,"88ce179e":127,"20958d58":104,"78467b8a":132,"a567ace4":113,"2352c8ef":114,"6c524f99":119,"50b558a7":97,"43d87483":114,"385ab7c6":112,"cc5a1d47":100,"619fda68":138,"67c57de4":126,"d2466211":126,"9496f56f":124,"dc473de1":105,"162a7348":114,"f94bf9ea":120,"8cddb65e":111,"af034fee":112,"884b0ad1":112,"ef1c2dcb":108,"0681c48e":122,"f069bb07":111,"47d27624":101,"51c57542":118,"7e8e1c3d":107,"efd23af5":110,"debe1f65":116,"31408822":106,"8f9b74b0":109,"9d4da635":95,"9d0546ac":111,"4e5aaaec":102,"30dbfc69":109,"e62d705f":101,"5cd3cfe0":96,"58d46189":131,"d0c104c4":86,"792c9b6a":109,"59c1e594":114,"ae8a09c4":107,"6f0fcb9d":118,"36fb15d2":121,"09ff339a":92,"0b3283c9":113,"09f0db62":137,"004f1ef3":142,"695a2b92":107,"e45b4b53":94,"e7773397":99,"aaa274a5":116,"254cc28c":131,"ea822700":95,"a939b50b":114,"6adce358":128,"6a3eaf43":109,"3062379b":98,"e15fd611":102,"d957f027":108,"cf775f58":112,"7080f122":114,"25a7a0a3":117,"f2ca27d9":108,"a851891c":106,"345c9967":105,"8a165e17":124,"3f75d3bc":126,"a0cf08b3":96,"56473430":125,"a5fd8ffd":114,"f5596d0f":122,"30dd2edc":118,"9a467a82":116,"6143f39d":108,"4fd645f1":101,"dbc9df44":90,"dcf85091":100,"aab4d996":114,"04ea5673":116,"1247fa52":116,"704bce0d":112,"65a00a3c":113,"69d4b754":109,"8f13c203":102,"168e75d9":112,"88fa53d6":98,"3fdb08f5":110,"696fdac5":112,"05642105":117,"d36125db":121,"69f3bfcc":111,"88a30343":110,"159ffd0b":103,"54a676d6":107,"95bc84f1":106,"ad8f85d6":123,"792c9b6a":110,"b6aaf976":127,"36fb15d2":122,"812b4f15":103,"6ebe2354":97,"288afc30":111,"eed20185":126,"9e878ec2":125,"8eb64769":110,"408bb2ed":106,"08a4c3f8":116,"aefe13f5":116,"5acce642":113,"b3f19a69":108,"6c20c153":112,"5b5fc566":112,"7735c3c2":108,"37d0cae2":106,"c1bb74f2":100,"ad2d7bed":119,"78b97937":122,"92ca52b7":118,"dfcc2ad1":130,"9aa6a054":117,"8721056e":103,"2a76f1dd":106,"76f94eda":111,"a0685bf3":128,"9496f56f":125,"629800eb":119,"0d7d88f1":114,"10ec5a0b":112,"ef91eaae":98,"162a7348":115,"d6d61bfc":119,"c4aa1e38":96,"3712c4bd":99,"5410e9c6":120,"93ac9ca3":109,"19f9ca86":116,"8dc9b4db":124,"f2470875":132,"2203f259":115,"5ac86fb9":122,"1ed46298":126,"efd23af5":111,"cd421290":111,"7d112f4d":123,"debe1f65":117,"74f234c6":132,"e1f0dbfd":127,"da3437cd":107,"7cd0ad7b":128,"0c043224":129,"4dac6b20":93,"8942c35b":118,"cf1124db":103,"a8726d50":103,"be40590d":113,"5a734022":104,"e9a8cf11":116,"2132fe93":121,"0fc5ac7e":137,"39a2fcce":102,"70bc8325":106,"6e98dfda":117,"2c627253":118,"0f1ac912":97,"2a06ab95":128,"faf3ed07":113,"394dc144":104,"6e851762":104,"2c01e624":106,"90d52475":112,"eb7b4e29":101,"d5557fb4":122,"12dd6f5e":104,"d1715f3b":119,"ac38a6a5":130,"6143f39d":109,"da04caac":114,"aa867541":99,"a472532e":107,"e865e4dd":106,"dc03ebd2":125,"abc1d7ad":118,"a5fd8ffd":115,"be4f8ba8":110,"57540cc3":129,"3454fa2b":110,"8cf83787":103,"f044c0e1":101,"b552beb3":114,"88a30343":111,"fb44fa9c":128,"e7e82473":133,"1438fad7":113,"742f1425":114,"0cb80f4a":109,"4fd645f1":102,"685207b3":119,"972f4174":122,"638cb163":130,"c8fcad77":103,"e7abc88d":105,"b215547b":99,"3fdb08f5":111,"9f2b16a7":125,"75ffea08":117,"b7505747":119,"2e3503e4":113,"5acce642":114,"dffa7793":89,"37d0cae2":107,"ea4d3f3e":126,"eb2e1983":114,"bf30a08f":128,"1745a0f4":114,"7f6d1d0e":125,"dc0c8b09":128,"67d30f2b":108,"fee32863":113,"f67de058":118,"b8488fc8":116,"92ca52b7":119,"4d9b0b10":115,"385ab7c6":113,"7566fdd6":130,"629800eb":120,"0bfabf48":112,"9fce073c":118,"2e99f8fd":105,"946df4fd":116,"468fc85c":113,"9263c525":114,"6f0fcb9d":119,"8eb64769":111,"4ea4a2a1":127,"aefe13f5":117,"ef16ca37":115,"87ce8d1d":92,"9c58dd76":126,"5f8517b7":135,"014bdff0":127,"363590c7":115,"93ac9ca3":110,"42191b64":91,"6085137f":97,"b935fc1c":109,"6b79fec2":108,"c852d240":117,"ebdbf580":122,"14c682eb":102,"40e79dd3":114,"e2cbe594":106,"a68a93b2":107,"25e0dd3d":121,"7a9344a4":137,"03b4ab60":109,"3a1d1632":94,"74e3d13e":116,"57d5dee8":123,"081460bf":117,"aa9ea5e8":102,"39ba00f0":116,"25d1b2d8":118,"b7832271":126,"bad1a1cc":107,"2f455cce":119,"6e98dfda":118,"88b3bc99":102,"f4726450":117,"9ceb5439":102,"93fdbb44":102,"2c01e624":107,"d552eb2f":119,"cf775f58":113,"36684155":113,"f2ca27d9":109,"f5596d0f":123,"869cbaa0":128,"74c26380":126,"65e4235b":113,"43bc86e3":105,"3101354b":101,"012de09c":110,"a0cf08b3":97,"22ecaed0":109,"a77e8461":112,"3454fa2b":111,"7d6895f4":122,"b946e146":132,"f9f2c53f":104,"e62d705f":102,"ded7da5a":120,"40a745c0":123,"26dd2000":133,"0af920d8":100,"74f234c6":133,"547903ef":125,"8db62558":112,"e1571af7":114,"e0154608":113,"88fa53d6":99,"2d1e1e9d":109,"d9dcdc4b":133,"95bc84f1":107,"1438fad7":114,"a3d4a0e5":120,"8d753bb6":105,"e7e82473":134,"f3a0c2ee":111,"7f6d1d0e":126,"3b2dee89":113,"d1d40c9c":129,"5acce642":115,"0e2b5d2f":124,"67d30f2b":109,"fee32863":114,"8b5a8e9f":124,"b3f19a69":109,"a0685bf3":129,"e356abf1":125,"f67de058":119,"fe8f3d36":103,"a567ace4":114,"ef91eaae":99,"e4cfef0a":98,"77bfed7e":112,"ac030e74":108,"9aa6a054":118,"d83294cd":107,"d2466211":127,"13f0e139":104,"408bb2ed":107,"73b15e04":106,"4ba6eb36":112,"5f8517b7":136,"74e01f6a":108,"b377a62a":113,"87922532":130,"b7407bd3":110,"b2bd8fd3":109,"761cf820":118,"baebb391":128,"8eb64769":112,"b8397293":103,"971675c5":118,"836701f6":109,"8274885a":123,"8dd649a3":101,"26f99a1e":112,"f1dffa24":100,"014bdff0":128,"f3992a31":113,"ba30e43a":128,"7e76c93c":121,"6fb4cdda":124,"e3547548":102,"f2086446":114,"f8b31ce5":136,"655954ba":109,"014460b9":139,"4b4ecbce":94,"4e3f5178":121,"debe1f65":118,"4eed1bea":119,"5a622a23":108,"cc11fef9":118,"f1b493de":130,"ccb5ea3e":96,"66497c7e":111,"0149e11a":101,"b35bb8a1":102,"17446892":110,"51f80f4c":129,"12534561":109,"aec4e1bf":112,"088feee2":126,"2c01e624":108,"24a9fb86":127,"ce3407dd":111,"ed4fad08":118,"cbb54a0a":97,"1634789b":109,"84369269":101,"0d2a1c58":108,"ccf8b803":117,"284544ba":105,"77f31bab":125,"7028b044":102,"4bcd4a30":129,"0670c466":106,"72d7b461":124,"c91966ce":103,"cf1b8c47":122,"aa867541":100,"5f0c1b9d":122,"a5676c24":110,"52eca0dc":111,"3f75d3bc":127,"7080f122":115,"15620dca":124,"53a8613c":131,"4b3e3b1c":121,"45fb95c1":117,"868edcc0":125,"013ee301":114,"b2703001":123,"a6bcb07e":120,"07fc4a9a":124,"a63bddd4":139,"19e9776f":118,"e1f0dbfd":128,"9316e7e8":92,"44ff8baa":114,"655941a0":123,"26ed1a5c":108,"25776fc4":127,"dac109cf":107,"75ffea08":118,"685207b3":120,"2cb29e5a":128,"f5596d0f":124,"36d340f2":99,"9cb4697f":125,"5eab91a0":118
1604737562909,"cac4449a":111,"17807120":116,"baebb391":129,"24d24fa3":118,"1b153aef":121,"8323d333":100,"e8d74304":102,"2d382981":121,"40569362":126,"554ebb83":111,"a543ec74":110,"3a1b9af5":113,"c4aa1e38":97,"761cf820":119,"b769bdfb":118,"f5cd79c1":103,"95d3d348":112,"77d35808":107,"26f99a1e":113,"3a204e56":122,"71ff66e8":108,"bec9d329":125,"2bcca6a7":130,"1bb4ccc0":121,"9a07d89b":120,"4652b09a":133,"cfafcda8":111,"d4d5f466":110,"20958d58":105,"b36a0d66":97,"26009d3f":110,"49910300":105,"11888cfa":105,"cf50e84e":115,"6a60348e":109,"cb51f134":121,"ea6de194":122,"a836aa93":116,"caddd0a7":118,"0dad37d5":108,"aa021138":122,"77300e4a":104,"df2b4d87":112,"470d50c2":113,"145c7559":121,"4eed1bea":120,"e2a7d915":93,"28d41578":119,"ae8a09c4":108,"b7df1559":119,"458dcc3d":128,"ad8f85d6":124,"ef16ca37":116,"8323d333":101,"26c6fa34":108,"24d24fa3":119,"5acaa06f":91,"fe0df575":122,"87ce8d1d":93,"a533489b":121,"45b038bb":136,"379184a7":122,"e4117b3b":104,"fe8f3d36":104,"ba5c52af":115,"9a3ab0b8":103,"67c57de4":127,"91536e85":123,"c8113b77":99,"7a840529":96,"00a17b46":119,"056ea7ff":122,"7e95c5a0":124,"ea9bba6b":110,"695a2b92":108,"a0cca8b7":93,"db703021":110,"547903ef":126,"58d46189":132,"261c9911":119,"467773ac":107,"5a622a23":109,"c8977844":113,"0a96f57a":121,"5ccf94d6":111,"30d84dce":102,"94a2fe10":115,"19f9ca86":117,"1da771fb":107,"dc583e64":122,"5410e9c6":121,"e45b4b53":95,"781ace7d":113,"b28a5e67":130,"5ef93e5d":93,"b2cfdbcf":113,"5f0c1b9d":123,"537634c9":100,"012de09c":111,"87c462ee":123,"00cf385d":118,"d815c5b4":136,"e6ec8cbf":126,"9b3f8714":122,"181c3dd5":113,"0681c48e":123,"e4714415":125,"b230e8d3":118,"de36827b":140,"e1571af7":115,"37a7d5b0":115,"ea6de194":123,"3fdb08f5":112,"79f04300":112,"90a06ee9":108,"5f620a1e":121,"3498f223":103,"ce3bf5db":103,"9f2b16a7":126,"fce3c5c6":100,"8e780922":111,"704bce0d":113,"9267f0ef":130,"e8f173b5":118,"6291e9e9":115,"e7e82473":135,"e81834aa":122,"3310a049":110,"8298e976":127,"064a99c8":111,"b7df1559":120,"468fc85c":114,"26c6fa34":109,"1b153aef":122,"d8475b95":88,"9260d96b":131,"804d4dfa":114,"00554ffd":129,"c7c4ec5c":99,"3e602573":107,"02d4753e":140,"45b038bb":137,"7af262e5":120,"4258c176":106,"78467b8a":133,"d4d5f466":111,"8f10fa42":143,"cb4f262b":110,"8063df14":103,"4c0e547b":111,"dd3913d2":108,"fe8f3d36":105,"f1df62b4":118,"7e95c5a0":125,"0d28db94":102,"d4ee22a4":117,"9aa6a054":119,"385ab7c6":114,"91536e85":124,"fe0df575":123,"03b4ab60":110,"72805bf5":100,"a1921150":122,"26c390d6":108,"77bae750":106,"23760167":108,"eb7b4e29":102,"2f455cce":120,"5d087c79":111,"5957df9e":105,"88b3bc99":103,"48efc739":135,"a6626a13":99,"cbb54a0a":98,"394dc144":105,"c0e2624b":111,"865d9857":90,"18815a1b":107,"15620dca":125,"ac38a6a5":131,"bc021def":118,"140ce69e":112,"416a9e97":101,"6bc5d32a":136,"261c9911":120,"27d8bf51":114,"93e8cee5":135,"1a2ec5d7":124,"21ad2f34":114,"655941a0":124,"7bebff03":105,"f4634d0b":105,"8ea21393":101,"40a745c0":124,"56d315d8":98,"5ccf94d6":112,"1e191c98":96,"09f0db62":138,"c318d350":126,"83086d4c":122,"ea9bba6b":111,"5270f158":112,"b935fc1c":110,"317c1591":126,"d8e58a8c":130,"5f0c1b9d":124,"db8ba455":118,"c91966ce":104,"a15713c6":130,"731fc335":90,"ae016053":124,"51f80f4c":130,"4def63ee":87,"c1bdfd41":102,"4577b333":114,"1247fa52":117,"ebdbf580":123,"65a00a3c":114,"f2086446":115,"2045d7d6":110,"92f800f5":113,"8e99d5d0":129,"d548635d":116,"3fdb08f5":113,"cb51f134":122,"704bce0d":114,"013ee301":115,"8aa78e2f":109,"de36827b":141,"06ddafc7":93,"7732eb1e":126,"bbe71605":106,"95f6db13":113,"9c58dd76":127,"9fc713b0":126,"26c6fa34":110,"87ce8d1d":94,"6be9332a":104,"a5aee5de":136,"06073f13":126,"0f72f2d8":110,"ba586505":112,"8bc04eb5":118,"5acce642":116,"04bef50c":89,"20958d58":106,"79be29c8":112,"30c184b8":125,"6775d5cd":114,"9a3ab0b8":104,"ad2d7bed":120,"2a76f1dd":107,"ec11fe5f":97,"fead11cf":103,"8b5a8e9f":125,"2b698053":112,"d83294cd":108,"cb142908":101,"c803b4a3":115,"385ab7c6":115,"621d6b18":126,"ba938220":111,"554ebb83":112,"408bb2ed":108,"5acaa06f":92,"2e99f8fd":106,"7af9d3b1":116,"dc473de1":106,"8d04852b":112,"031e488e":111,"9f5e6cba":118,"af034fee":113,"aa5dfdf5":117,"f66616b7":116,"72d7b461":125,"faf3ed07":114,"44a4f7cd":112,"d3a669ac":123,"b947257e":127,"b88033fd":119,"dd7acb96":119,"254cc28c":132,"778c95e9":109,"842c8340":101,"c793cdda":119,"c98d5272":116,"ac38a6a5":132,"22176537":112,"a63bddd4":140,"f2f58418":103,"3454fa2b":112,"49902219":130,"761cf820":120,"ea274174":114,"4e5aaaec":103,"8ea21393":102,"261c9911":121,"51c57542":119,"cd3bbe7e":112,"7e8e1c3d":108,"3f9b5722":108,"7a9344a4":138,"c650b434":122,"2b3c49b9":119,"d0c104c4":87,"26ed1a5c":109,"30fdcd3b":110,"f4634d0b":106,"6ce84ff8":102,"2c5c1dc0":108,"83086d4c":123,"8dd649a3":102,"e238f09b":120,"8dc9b4db":125,"d599b566":125,"da04caac":115,"fd482491":131,"616d6dd6":110,"731fc335":91,"00a481e3":127,"56473430":126,"2dd0e808":112,"416a9e97":102,"e1571af7":116,"9bdf362a":105,"638cb163":131,"4b4ecbce":95,"2154b6e8":104,"972f4174":123,"4fd645f1":103,"754f98c9":117,"805af3c7":120,"0b959527":106,"104721f0":113,"288d171f":112,"8e780922":112,"e7abc88d":106,"05642105":118,"06ddafc7":94,"4b3e3b1c":122,"6a60348e":110,"b552beb3":115,"1db42092":123,"90731976":104,"a0bc1ceb":118,"03c398d2":121,"4652b09a":134,"1bb4ccc0":122,"fea793f5":119,"a502c93c":101,"ba586505":113,"733c86f8":111,"8721056e":104,"93b0a158":123,"ec11fe5f":98,"67d30f2b":110,"78b97937":123,"8063df14":104,"78467b8a":134,"b8488fc8":117,"ba938220":112,"76f94eda":112,"00a17b46":120,"b9be31d6":115,"9c29f0ed":137,"87083264":126,"f1df62b4":119,"725dce8b":127,"c4bff41f":117,"5f6613c8":96,"47cfba38":105,"0681c48e":124,"bc3dc66a":116,"5eaa1581":107,"778c95e9":110,"98915a1f":99,"394dc144":106,"5747db6e":131,"789bd484":111,"0bd93cfd":92,"50d129cf":110,"ef1c2dcb":109,"1634789b":110,"f2364460":123,"fd07e0ed":119,"2180f99b":121,"faf3ed07":115,"9d63c4dd":117,"12dd6f5e":105,"d6320619":106,"aefe13f5":118,"554ebb83":113,"7a2f3f06":109,"ef16ca37":117,"73b15e04":107,"8245f916":110,"dd1fcb17":103,"8493f3b2":112,"27c8e038":131,"82b81567":100,"0f72f2d8":111,"408bb2ed":109,"805534ac":116,"ccb5ea3e":97,"201cafad":108,"6b9eff39":112,"26ed1a5c":110,"261c9911":122,"4279e829":127,"026766f3":112,"77898c22":91,"44ff8baa":115,"655941a0":125,"f883d582":108,"467773ac":108,"74f234c6":134,"93ac9ca3":111,"f5cd79c1":104,"fb7b7b3c":131,"3712c4bd":100,"6ce84ff8":103,"6d61bf13":107,"1d44aff3":127,"fe44fc6f":111,"f3a0c2ee":112,"43bc86e3":106,"db8ba455":119,"8db5a165":107,"3a291497":98,"7ee148e9":110,"36d340f2":100,"09560615":97,"ac38a6a5":133,"623c6a31":119,"3f65f121":117,"7be025ce":117,"859545e6":93,"696fdac5":113,"e786063b":120,"acac14fb":113,"30c5d755":126,"4e3f5178":122,"ce3bf5db":104,"470d50c2":114,"868cda42":116,"1247fa52":118,"ffc86f94":89,"145c7559":122,"79f04300":113,"0be540c5":125,"4ff2225d":106,"d9dcdc4b":134,"b84a06eb":122,"bab97de3":125,"1138796e":119,"0b5a0408":111,"e6ec8cbf":127,"e382ec3f":100,"16b476e9":114,"b102f7bd":120,"1c0a9eff":103,"2bcca6a7":131,"5eab91a0":119,"9a3ab0b8":105,"6b82b527":124,"cd522166":130,"ba586505":114,"7bda83dd":108,"6c524f99":120,"9a07d89b":121,"9fce073c":119,"87083264":127,"1dad0f99":116,"7a840529":97,"b73e789c":113,"0d28db94":103,"f7231212":113,"a636f4c9":125,"5ac86fb9":123,"2132fe93":122,"bc3dc66a":117,"181c3dd5":114,"50c3164b":121,"031e488e":112,"f2364460":124,"b5763ff6":93,"527ff946":124,"c4bff41f":118,"7db3edda":114,"8a52882e":112,"a625328f":128,"bb8a6337":109,"a1921150":123,"72d7b461":126,"2b3e4717":115,"0bd93cfd":93,"91d52a55":113,"6a3eaf43":110,"394dc144":107,"c6e3d352":121,"4febf7c5":119,"946df4fd":117,"0eaf08da":113,"1b153aef":123,"13f0e139":105,"c4aa1e38":98,"4cc141fa":95,"8245f916":111,"a0cca8b7":94,"5fa12feb":115,"7b6a7048":119,"cd421290":112,"cc11fef9":119,"c8977844":114,"21e10a2b":116,"d033db8d":120,"201cafad":109,"9316e7e8":93,"40e79dd3":115,"751acea8":100,"c3e6ef01":118,"059d6c19":123,"31f6d707":127,"3d1af513":125,"ea274174":115,"49bf2e95":100,"65e4235b":114,"3a291497":99,"fd482491":132,"4abb7aed":115,"d5dae4c4":140,"012de09c":112,"7c0a2db6":116,"c564e316":117,"7ee148e9":111,"004f1ef3":143,"695a2b92":109,"affb82bf":120,"ef8321d8":115,"eeaa2d46":125,"9de29816":96,"af157d29":115,"fd6dcb20":113,"25a7a0a3":118,"dc583e64":123,"8e4c33d2":117,"836701f6":110,"c8fcad77":104,"2af60749":117,"ba30e43a":129,"9267f0ef":131,"efe84c27":112,"b320feb9":120,"1623fc9f":114,"9b742f71":109,"92f800f5":114,"f121b82c":125,"06ee61b6":106,"28d40296":96,"e9679ede":100,"9b172ca8":100,"8cf83787":104,"8aa78e2f":110,"bf30a08f":129,"1757a30e":112,"9cb4697f":126,"9d4f1fe6":111,"ba586505":115,"c0b23081":124,"1745a0f4":115,"4652b09a":135,"a8c93bed":113,"7fdc2007":110,"fead11cf":104,"dfcc2ad1":131,"8b5a8e9f":126,"e5b1abc6":106,"619fda68":139,"d2466211":128,"7fb4c521":117,"385ab7c6":116,"a4dafea5":112,"6a60348e":111,"6c73ae98":95,"e4714415":126,"bb8a6337":110,"deb31f35":116,"5a734022":105,"288a2c43":108,"51f80f4c":131,"dcfaba4c":118,"ccf8b803":118,"b5763ff6":94,"36684155":114,"6751d8e4":124,"d1fe2868":120,"3062379b":99,"39a2fcce":103,"5a07fc2e":106,"04643409":124,"faf3ed07":116,"a6626a13":100,"f271ed5d":126,"c6c85783":120,"9fa62fee":106,"1f88a4b7":131,"95bc84f1":108,"a0bc1ceb":119,"ae8a09c4":109,"87922532":131,"74e01f6a":109,"4b4ef7fa":106,"2d382981":122,"b4fdf90e":119,"4295ce9a":123,"07107f6e":117,"92136ff5":116,"cc11fef9":120,"18d20aa1":103,"93e8cee5":136,"751acea8":101,"9d0546ac":112,"0841052c":122,"db703021":111,"2b3c49b9":120,"430a5db5":123,"ca6d2d91":116,"0d5ee801":104,"9260d96b":132,"13f0e139":106,"608bc832":104,"d0b297b2":100,"a533489b":122,"336d0f08":127,"fe0df575":124,"9f74b8a4":107,"95539a58":96,"43d87483":115,"c91966ce":105,"8a165e17":125,"61145ec9":125,"906fdec3":107,"3a291497":100,"3454fa2b":113,"51f57142":121,"945b63f0":138,"ccdd1ce6":110,"f3d68430":122,"6143f39d":110,"416a9e97":103,"263762cb":102,"095ab3b4":109,"c0b7e7d7":102,"8dd649a3":103,"27f52ed3":130,"363590c7":116,"b1f58563":115,"caddd0a7":119,"cc6bbe45":113,"c7636527":99,"79f04300":114,"1623fc9f":115,"f2086446":116,"1a68160d":120,"57167c74":107,"c4feee5b":123,"c015ec5a":114,"e786063b":121,"f33c0140":111,"145c7559":123,"f598a332":106,"8cf83787":105,"4945c851":119,"cf1b8c47":123,"a851891c":107,"04cc7cbe":98,"b0869206":121,"677c6a09":137,"20811ddf":113,"d4d5f466":112,"1757a30e":113,"fe8f3d36":106,"6775d5cd":115,"478d2d4f":124,"f67de058":120,"70ee0491":103,"78b97937":124,"92ca52b7":120,"0f89862c":103,"7732eb1e":127,"1138796e":120,"081460bf":118,"9b3f8714":123,"5e09f69e":132,"af034fee":114,"0681c48e":125,"bc3dc66a":118,"6632fed0":125,"90d52475":113,"70c1e715":110,"6e98dfda":119,"d1ca5d6b":122,"8ec3834d":122,"f4b2f575":98,"835358a0":105,"911e770b":121,"e99318a3":118,"0114160e":115,"b2703001":124,"2cce4fb2":122,"eed20185":127,"b6aaf976":128,"0a96f57a":122,"ab7467de":122,"93e8cee5":137,"26dd2000":134,"7a9344a4":139,"d25e0f8d":130,"4279e829":128,"ded7da5a":121,"a8726d50":104,"906632cb":110,"c650b434":123,"dbd2f139":124,"902f49f5":113,"ddec9e54":103,"4febf7c5":120,"12271e14":115,"a636f4c9":126,"b7407bd3":111,"2d382981":123,"408bb2ed":110,"742f1425":115,"b35e9e1a":152,"3d1af513":126,"9e878ec2":126,"de11eb19":134,"f1df62b4":120,"93b9fae6":106,"2ce1af05":101,"4d9b0b10":116,"ffa08d82":117,"4930f321":107,"43d87483":116,"aa76bc50":101,"5d087c79":112,"d552eb2f":120,"394dc144":108,"fb7482fe":105,"3c6692a3":130,"6d5fcd4c":114,"1d153b20":115,"8cc4a982":118,"0277d748":121,"f3d68430":123,"7d6895f4":123,"d6320619":107,"761cf820":121,"0a2f71bc":108,"04ea5673":117,"d141db49":110,"7e76c93c":122,"0da28f5b":120,"c1bdfd41":103,"c0b0f492":129,"34c5c729":114,"5781776a":112,"8dc9b4db":126,"b1f58563":116,"8dd649a3":104,"71ff66e8":109,"22aeaf03":113,"695a2b92":110,"08a561b7":113,"616d6dd6":111,"6023df54":114,"fd482491":133,"537634c9":101,"d5dae4c4":141,"1bb4ccc0":123,"11b74e63":109,"730a4938":115,"d929098e":89,"fea793f5":120,"87c462ee":124,"9d4f1fe6":112,"6a7392d5":106,"f67de058":121,"2132fe93":123,"7af9d3b1":117,"a6003226":110,"31f6ba51":112,"031e488e":113,"5eaa1581":108,"59431390":115,"e0f7679f":101,"e81834aa":123,"6291e9e9":116,"05642105":119,"5678ed7b":127,"fb44fa9c":129,"fe578280":110,"4777334c":109,"1247fa52":119,"2e3503e4":114,"f598a332":107,"3498f223":104,"4eed1bea":121,"c27969ec":116,"eed20185":128,"04612878":123,"9fc713b0":127,"6be9332a":105,"742f1425":116,"24d24fa3":120,"379184a7":123,"6f0fcb9d":120,"36fb15d2":123,"cfe72ead":101,"f1862e79":97,"8f10fa42":144,"c463799d":122,"19551bad":106,"2bcca6a7":132,"ef91eaae":100,"0f89862c":104,"76f94eda":113,"0785820e":124,"43d87483":117,"a06a6430":113,"1dad0f99":117,"9f74b8a4":108,"45b038bb":138,"31d74eee":104,"2d54e0a8":106,"6632fed0":126,"3062379b":100,"1b881e6e":118,"084cbc0b":110,"7028b044":103,"91d52a55":114,"394dc144":109,"d552eb2f":121,"84b67924":118,"47d27624":102,"c793cdda":120,"21ee2afe":125,"88432019":105,"865d9857":91,"9d63c4dd":118,"eafbf9fb":113,"90d52475":114,"ac38a6a5":134,"623c6a31":120,"9a467a82":117,"49bf2e95":101,"dae0f922":123,"7b6a7048":120,"f1b493de":131,"19e9776f":119,"2209903e":125,"142d6987":117,"0a96f57a":123,"655941a0":126,"cf1124db":104,"a0cca8b7":95,"5fa12feb":116,"906632cb":111,"bc09fa9e":107,"a33fe0dd":125,"859545e6":94,"1951480c":101,"60e855ee":128,"312f7676":115,"8dd649a3":105,"fe1d4419":116,"22aeaf03":114,"0b3283c9":114,"f789f6d8":123,"781ace7d":114,"71ba7561":109,"d5dae4c4":142,"a472532e":108,"5f0c1b9d":125,"3a291497":101,"91b28f83":123,"c0b23081":125,"e382ec3f":101,"c852d240":118,"aa9ea5e8":103,"71a2a493":88,"c64de0c0":102,"6db0ea86":115,"cf50e84e":116,"4945c851":120,"e36dfd6f":111,"6d802fa2":102,"28d41578":120,"bbe71605":107,"9bdf362a":106,"e32524d6":116,"dcf85091":101,"4c4aa2e2":114,"f8b31ce5":137,"c0fea118":111,"c0b0f492":130,"8e780922":113,"04ea5673":118,"77300e4a":105,"2e3503e4":115,"754f98c9":118,"a543ec74":111,"0eaf08da":114,"ad8f85d6":125,"468fc85c":115,"a5aee5de":137,"56752a4a":101,"a43061ee":97,"db0a661e":109,"288afc30":112,"ba586505":116,"1c0a9eff":104,"6c524f99":121,"11b74e63":110,"478d2d4f":125,"b3f19a69":110,"b8488fc8":118,"8063df14":105,"a59a8290":119,"be3a10f8":129,"ac030e74":109,"50b558a7":98,"ef14000f":127,"629800eb":121,"00a17b46":121,"1dad0f99":118,"2b698053":113,"95539a58":97,"d0e9a58e":108,"4ba6eb36":113,"cfe72ead":102,"7a2f3f06":110,"081460bf":119,"35aa7fd0":124,"2ab62345":104,"84b767be":139,"449d8475":99,"aec074c4":123,"6e98dfda":120,"aaa274a5":117,"c67979e6":136,"383e232d":111,"84b67924":119,"50d129cf":111,"527ff946":125,"39ba00f0":117,"eb7b4e29":103,"48efc739":136,"794f652b":123,"140ce69e":113,"3661e12d":107,"53a8613c":132,"3f65f121":118,"25a7a0a3":119,"8cc4a982":119,"eafbf9fb":114,"d102b0c6":103,"026766f3":113,"e21c6207":107,"c455f40e":106,"9316e7e8":94,"3b7763b1":98,"93683c82":111,"381c68fa":119,"bfad1727":97,"9a80f004":104,"7a9344a4":140,"d634aa28":133,"ecfa8249":124,"df81ddee":105,"be40590d":114,"a40846b7":128,"f5cd79c1":105,"e45b4b53":96,"1951480c":102,"dc583e64":124,"312f7676":116,"93ac9ca3":112,"2c6cb96f":93,"a851891c":108,"d9d0c567":115,"45b5746e":109,"74c26380":127,"012de09c":113,"3a291497":102,"1438fad7":115,"90731976":105,"1138796e":121,"4def63ee":88,"aab4d996":115
1604737563798,"ea4d3f3e":127,"d815c5b4":137,"67d30f2b":111,"bb00e71c":94,"05f6ab35":113,"e4c312fe":107,"fee32863":115,"bd2705b0":131,"831c7b85":108,"a502c93c":102,"a8c93bed":114,"e35a63cd":114,"733c86f8":112,"a59a8290":120,"d4ee22a4":118,"67c57de4":128,"c8113b77":100,"93b9fae6":107,"6034b6d0":119,"ac030e74":110,"44c77422":123,"49b358bd":123,"9bdf362a":107,"c7636527":100,"685207b3":121,"28d40296":97,"754f98c9":119,"c5b35e4d":104,"80a8a56d":100,"b3863630":103,"5e193fc8":117,"cb51f134":123,"77bfed7e":113,"a901627e":107,"71e53c93":120,"195eb771":108,"d8e58a8c":131,"f3a0c2ee":113,"467773ac":109,"805534ac":117,"059d6c19":124,"21ad2f34":115,"5272520d":109,"2ad42a9e":118,"1a2ec5d7":125,"20777945":103,"ecfa8249":125,"751bcf25":116,"dae0f922":124,"a0cca8b7":96,"2209903e":126,"cd3bbe7e":113,"56473430":127,"5ef93e5d":94,"b35bb8a1":103,"6df0b2e8":134,"71a2a493":89,"0681c48e":126,"031e488e":114,"7af9d3b1":118,"8d04852b":113,"0fc5ac7e":138,"aa5dfdf5":118,"31d74eee":105,"84b767be":140,"a983a6dc":103,"88b3bc99":104,"2a06ab95":129,"5339e1e9":121,"527ff946":126,"2d13e69b":115,"47d27624":103,"a625328f":129,"650bb0e0":117,"aff8e442":122,"3b2dee89":114,"20811ddf":114,"d39724bc":108,"d815c5b4":138,"a567ace4":115,"b0869206":122,"935ec056":107,"7af262e5":121,"33d6bb6a":103,"16b476e9":115,"d78dd457":99,"e35a63cd":115,"b87158fb":122,"78467b8a":135,"07f98660":121,"4def63ee":89,"4c39240e":120,"ba30e43a":130,"7e76c93c":123,"c8fcad77":105,"719c8869":132,"7be025ce":118,"e7abc88d":107,"dbc9df44":91,"9b742f71":110,"0dad37d5":109,"972f4174":124,"d548635d":117,"1e232870":125,"e57d5cda":116,"d5059415":112,"869cbaa0":129,"7a840529":98,"b9be31d6":116,"0785820e":125,"b946e146":133,"d2a841c9":101,"01d817b8":96,"49902219":131,"7d6895f4":124,"b9a48a5c":105,"416a9e97":104,"91f7ef72":110,"da3437cd":108,"31408822":107,"c650b434":124,"f883d582":109,"efd23af5":112,"30d84dce":103,"cd421290":113,"655941a0":127,"a851554d":123,"5272520d":110,"3b690f68":131,"7bebff03":106,"3007f31f":107,"c2bb8aae":115,"f277386e":97,"f5829ac0":120,"49910300":106,"6291e9e9":117,"be1746a0":117,"bc392d1c":97,"56752a4a":102,"74e01f6a":110,"a5aee5de":138,"6be9332a":106,"eed20185":129,"34658473":102,"379184a7":124,"db0a661e":110,"36fb15d2":124,"f1862e79":98,"288afc30":113,"02d4753e":141,"e865e4dd":107,"2dd0e808":113,"781ace7d":115,"db8ba455":120,"3c0df8b4":117,"8a165e17":126,"32133249":113,"288a2c43":109,"4125085e":124,"b7cc7909":115,"c852d240":119,"c9efc8f6":111,"a1370ab0":119,"d0d6acb1":118,"9ab755d3":106,"cf775f58":114,"a6626a13":101,"c81b2bcf":104,"50c3164b":122,"77f31bab":126,"af0b61ab":109,"8ec3834d":123,"d552eb2f":122,"c67979e6":137,"84b67924":120,"7e15f8e8":122,"47d27624":104,"d39724bc":109,"a502c93c":103,"124fbe96":103,"d929098e":90,"6ee92259":118,"733c86f8":113,"20958d58":107,"1bb4ccc0":124,"05f6ab35":114,"5eab91a0":120,"363590c7":117,"2c5c1dc0":109,"437fc3ec":115,"095ab3b4":110,"2203f259":116,"3f2522c2":123,"19f9ca86":118,"8721056e":105,"8063df14":106,"638cb163":132,"aab4d996":116,"5ab7bc35":120,"805af3c7":121,"ca7d47f7":120,"92f800f5":115,"e9679ede":101,"e0154608":114,"d141db49":111,"9f2b16a7":127,"8e99d5d0":130,"efe84c27":113,"dbc9df44":92,"d34a29b9":127,"cfafcda8":112,"c510bfd3":129,"869cbaa0":130,"d5059415":113,"9496f56f":126,"cf9f4757":100,"056ea7ff":123,"753ca352":101,"faf4f98b":124,"18815a1b":108,"49902219":132,"7080f122":116,"6de0aaac":102,"57540cc3":130,"15620dca":126,"416a9e97":105,"df81ddee":106,"0c043224":130,"bc09fa9e":108,"0149e11a":102,"751acea8":102,"5a622a23":110,"26ed1a5c":111,"ccb5ea3e":98,"467773ac":110,"7bebff03":107,"66497c7e":112,"4ee62a26":109,"3b7763b1":99,"381c68fa":120,"8d753bb6":106,"e36dfd6f":112,"6291e9e9":118,"26009d3f":111,"0d2c95fe":115,"3c782bb3":110,"a4dafea5":113,"812b4f15":104,"b7df1559":121,"b2bd8fd3":110,"8eb64769":113,"99d130c9":128,"d8475b95":89,"9c58dd76":128,"45b038bb":139,"db0a661e":111,"8245f916":112,"d0b297b2":101,"7a2f3f06":111,"a15713c6":131,"49cb2959":122,"d9a64845":115,"195eb771":109,"ec110282":135,"731fc335":92,"810aa5e9":122,"68562193":99,"c4bff41f":119,"c93c3508":95,"c64de0c0":103,"e9a8cf11":117,"540df50f":119,"c852d240":120,"8657c79d":131,"284544ba":106,"527ff946":127,"5a07fc2e":107,"4ed01268":104,"2c627253":119,"f069bb07":112,"1d790491":119,"1a0189c4":105,"3062379b":101,"c793cdda":121,"25d1b2d8":119,"5957df9e":106,"39a2fcce":104,"ae99df30":106,"3b2dee89":115,"6c20c153":113,"04cc7cbe":99,"bec9d329":126,"5a0ead91":107,"d0c0fc08":99,"6085137f":98,"f5cd79c1":106,"60e855ee":129,"312f7676":117,"09ff339a":93,"971675c5":119,"42191b64":92,"4fd645f1":104,"b7505747":120,"4577b333":115,"7be025ce":119,"ea6de194":124,"685207b3":122,"c015ec5a":115,"8e99d5d0":131,"f8b31ce5":138,"f598a332":108,"c21ab51e":95,"c5b35e4d":105,"ebdbf580":124,"b2c25d1c":113,"1bc0591f":116,"6841f77e":125,"91b28f83":124,"a8c93bed":115,"8b5a8e9f":127,"c1bb74f2":101,"6a7392d5":107,"062179c1":112,"d78dd457":100,"753ca352":102,"629800eb":122,"d7cb9bcf":113,"e4cfef0a":99,"619fda68":140,"c8113b77":101,"95539a58":98,"fd6dcb20":114,"22ecaed0":110,"30dd2edc":119,"2dda3936":110,"ccdd1ce6":111,"49902219":133,"2cb29e5a":129,"72b84094":144,"3ef7432b":121,"30d84dce":104,"261c9911":123,"1f11812e":121,"547903ef":127,"30dbfc69":110,"70594a28":112,"5ccf94d6":113,"cd3bbe7e":114,"e1f0dbfd":129,"0a96f57a":124,"906632cb":112,"74f234c6":135,"6d802fa2":103,"1f88a4b7":132,"1be05c14":112,"4b3e3b1c":123,"1438fad7":116,"d36125db":122,"4945c851":121,"064a99c8":112,"71bc1295":104,"d8475b95":90,"03dcfa3d":120,"aefe13f5":119,"e6fac295":106,"3e602573":108,"8f2a7d69":110,"ef8987d7":109,"a851891c":109,"fe44fc6f":112,"4bc46d7a":107,"616d6dd6":112,"abc1d7ad":119,"a0cf08b3":98,"68562193":100,"aec4e1bf":113,"57d5dee8":124,"dcfaba4c":119,"74e3d13e":117,"4125085e":125,"6632fed0":127,"3062379b":102,"b5763ff6":95,"31d74eee":106,"5747db6e":132,"f66616b7":117,"2a06ab95":130,"cf775f58":115,"2f455cce":121,"d929098e":91,"8bc04eb5":119,"e1571af7":117,"44c77422":124,"4c39240e":121,"a81a857c":109,"719c8869":133,"685207b3":123,"d6f0d94a":104,"1a2c020b":112,"9bdf362a":108,"1247fa52":120,"b3863630":104,"79f04300":115,"168e75d9":113,"a3253019":110,"20811ddf":115,"4ba6eb36":114,"5a0ead91":108,"4ac6bd4e":106,"f1862e79":99,"a533489b":123,"40569362":127,"6ce84ff8":104,"09f0db62":139,"695a2b92":111,"77d35808":108,"27f52ed3":131,"19f9ca86":119,"60e855ee":130,"bec9d329":127,"4258c176":107,"0d770b97":116,"e4117b3b":105,"d78dd457":101,"2a76f1dd":108,"0042f6eb":110,"70ee0491":104,"2352c8ef":115,"78467b8a":136,"9a3ab0b8":106,"4f59a322":117,"30b6808c":111,"a85d89cc":111,"d1ca5d6b":123,"f4b2f575":99,"4ed01268":105,"d3a669ac":124,"8a52882e":113,"ccf8b803":119,"12dd6f5e":106,"9de29816":97,"a63bddd4":141,"fd6dcb20":115,"945b63f0":139,"affb82bf":121,"6d339d45":98,"056ea7ff":124,"b73e789c":114,"f1df62b4":121,"ba938220":113,"26dd2000":135,"b6591e25":119,"f1b493de":132,"9a80f004":105,"0a96f57a":125,"6f81493d":103,"85de05f2":112,"58d46189":133,"74f234c6":136,"2ad42a9e":119,"1e191c98":97,"b6ee137a":111,"95f6db13":114,"1138796e":122,"6a60348e":112,"8b2b601d":112,"1f88a4b7":133,"32c9fc47":111,"045f280d":115,"23080895":99,"812b4f15":105,"73b15e04":108,"ad8f85d6":126,"35b58ef9":108,"64a7f79f":115,"a901627e":108,"a5676c24":111,"540df50f":120,"181c3dd5":115,"7af9d3b1":119,"bb8a6337":111,"f94bf9ea":121,"31f6ba51":113,"5ac86fb9":124,"3101354b":102,"d9d0c567":116,"d9a64845":116,"5f96c2bc":111,"91f7ef72":111,"742f1425":117,"06073f13":127,"9260d96b":133,"7a6aa4b6":116,"1bd5b20b":123,"4ea4a2a1":128,"5f8517b7":137,"d0e9a58e":109,"263762cb":103,"3e082b37":110,"83086d4c":124,"8942c35b":119,"a0ce82b4":122,"d6f0d94a":105,"d9f512b9":120,"e786063b":122,"5f620a1e":122,"b215547b":100,"4b4ecbce":96,"30c5d755":127,"92f800f5":116,"fe578280":111,"8e99d5d0":132,"62d1d346":99,"c382f054":130,"5e193fc8":118,"9cb4697f":127,"88ce179e":128,"d1d40c9c":130,"b3f19a69":111,"b0869206":123,"abad2347":114,"ad2d7bed":121,"dfcc2ad1":132,"7af262e5":122,"eebc8d43":114,"a0685bf3":130,"835358a0":106,"77f31bab":127,"0bd93cfd":94,"de6213c7":112,"25d1b2d8":120,"9d63c4dd":119,"b5763ff6":96,"d1ca5d6b":124,"449d8475":100,"9ab755d3":107,"bf822e33":117,"5a07fc2e":108,"d957f027":109,"088feee2":127,"6d5fcd4c":115,"09560615":98,"21ee2afe":126,"172217e5":117,"217c0327":92,"ac38a6a5":135,"25a7a0a3":120,"50c468ba":117,"b8488fc8":119,"c463799d":123,"7a4c064c":121,"6c524f99":122,"385ab7c6":117,"e57d5cda":117,"621d6b18":127,"8ac72326":100,"6034b6d0":120,"79f04300":116,"c650b434":125,"79e4fa1c":109,"180377be":113,"5c82d1ce":117,"30d84dce":105,"20777945":104,"efd23af5":113,"61f25dd4":132,"ddec9e54":104,"26dd2000":136,"6ce84ff8":105,"e7773397":100,"f2470875":133,"c564e316":118,"3310a049":111,"2cce4fb2":123,"0114160e":116,"1438fad7":117,"1138796e":123,"e81834aa":124,"2d1e1e9d":110,"aa00769b":130,"8d04852b":114,"6867261a":116,"5ac86fb9":125,"bfcb912a":115,"a1370ab0":120,"d8e58a8c":132,"0a1d11e6":104,"74c26380":128,"1d44aff3":128,"ec110282":136,"345c9967":106,"a15713c6":132,"142d6987":118,"ccb5ea3e":99,"110b1ee3":111,"9316e7e8":95,"37a7d5b0":116,"aa021138":123,"f8b31ce5":139,"fbdffc95":112,"c0fea118":112,"7043382d":123,"cac4449a":112,"2c24d929":122,"3e602573":109,"0eaf08da":115,"ef16ca37":118,"d102b0c6":104,"8eb64769":114,"87922532":132,"cfe72ead":103,"08a4c3f8":117,"92d38723":127,"45b038bb":140,"1ff8c2fc":125,"d599b566":126,"9a3cc55d":110,"2c5c1dc0":110,"677c6a09":138,"5eab91a0":121,"ee21ad02":122,"b3f19a69":112,"ba586505":117,"6ee92259":119,"a66a2d8a":132,"e4c312fe":108,"c510bfd3":130,"c463799d":124,"f069bb07":113,"44a4f7cd":113,"3c18f28e":113,"5a0eb771":114,"2a06ab95":131,"3c6692a3":131,"4125085e":126,"d744bee2":108,"aff8e442":123,"0bd93cfd":95,"ce3407dd":112,"c6c85783":121,"b5763ff6":97,"6751d8e4":125,"e15fd611":103,"5d087c79":113,"be4f8ba8":111,"6cba74ce":114,"d1715f3b":120,"a77e8461":113,"e9adbe58":114,"315537b2":117,"c1bb74f2":102,"13b53c7a":111,"9b546d65":107,"55928ef1":116,"9f74b8a4":109,"f7231212":114,"7fb4c521":118,"6a5b71b4":109,"2b698053":114,"d2466211":129,"ef14000f":128,"4b4ecbce":97,"d9d7c4c2":120,"fe578280":112,"f3992a31":114,"e786063b":123,"5be594be":117,"f121b82c":126,"104721f0":114,"92136ff5":117,"5623817d":107,"5270f158":113,"f1dffa24":101,"971675c5":120,"d6db2b02":123,"f044c0e1":102,"e8f173b5":119,"6d802fa2":104,"411b5027":116,"1be05c14":113,"6db0ea86":116,"d2a841c9":102,"31f6ba51":114,"c91966ce":106,"b2cfdbcf":114,"810aa5e9":123,"a15713c6":133,"e865e4dd":108,"8a165e17":127,"d9d0c567":117,"d25e0f8d":131,"66b7b5b4":109,"261c9911":124,"8db62558":113,"ccb5ea3e":100,"61f25dd4":133,"906632cb":113,"21e10a2b":117,"2209903e":127,"0841052c":123,"74f234c6":137,"53747a91":115,"cd3bbe7e":115,"4cc141fa":96,"baebb391":130,"23080895":100,"12271e14":116,"9fc713b0":128,"b2bd8fd3":111,"01cd8099":119,"554ebb83":114,"7ae3fc50":106,"ef16ca37":119,"b4fdf90e":120,"336d0f08":128,"e0e6a097":107,"0cb80f4a":110,"7f6d1d0e":127,"aa187e3b":102,"c0b23081":126,"5eab91a0":122,"deb31f35":117,"9b3f8714":124,"57d5dee8":125,"c93c3508":96,"0681c48e":127,"76f3a3be":117,"2c627253":120,"1f7607df":103,"48efc739":137,"778c95e9":111,"84b67924":121,"a9b1bd51":87,"5a0eb771":115,"a6626a13":102,"bda8cdfb":120,"6e851762":105,"1d790491":120,"c793cdda":122,"0670c466":107,"e99318a3":119,"6d339d45":99,"08c6b5d2":125,"1105f790":117,"11b74e63":111,"bd62d7ed":107,"ea4d3f3e":128,"25a2844e":126,"e356abf1":126,"78467b8a":137,"e5b1abc6":107,"fef750ca":113,"ec11fe5f":99,"4d9b0b10":117,"ef91eaae":101,"b9be31d6":117,"9f74b8a4":110,"6f39f4d9":124,"4930f321":108,"95539a58":99,"cc6bbe45":114,"0f029727":103,"719c8869":134,"8e780922":114,"dac109cf":108,"4c39240e":122,"1a2c020b":113,"a33fe0dd":126,"dcf85091":102,"859545e6":95,"efe84c27":114,"5be594be":118,"655954ba":110,"f598a332":109,"5270f158":114,"25635c37":98,"b1f58563":117,"1da771fb":108,"016953e4":121,"8dc9b4db":127,"c318d350":127,"8cf83787":106,"95f6db13":115,"a24e6670":116,"59431390":116,"05642105":120,"489a39f7":105,"1138796e":124,"2cb29e5a":130,"315537b2":118,"8547fbc2":108,"3454fa2b":114,"bb99c79c":117,"d9d0c567":118,"abc1d7ad":120,"83b2f9c5":118,"69eeae0d":101,"72b84094":145,"c45d554f":122,"ded7da5a":122,"cc11fef9":121,"7b6a7048":121,"5cd3cfe0":97,"805534ac":118,"381c68fa":121,"6490bac6":106,"b6591e25":120,"e1f0dbfd":130,"d634aa28":134,"751bcf25":117,"0d5ee801":105,"17807120":117,"26c6fa34":111,"9fc713b0":129,"a0bc1ceb":120,"2198ba8e":106,"73b15e04":109,"03c398d2":122,"4f5e3e7d":104,"332820ce":121,"7a2f3f06":112,"c7c4ec5c":100,"fa55f27a":126,"ea274174":116,"c4aa1e38":99,"3101354b":103,"3a291497":103,"dd035d2a":111,"7f6d1d0e":128,"ed4fad08":119,"57d5dee8":126,"725dce8b":128,"e9a8cf11":118,"0681c48e":128,"3c18f28e":114,"4911acad":95,"778c95e9":112,"6adce358":129,"7028b044":104,"5f7d7195":113,"f4b2f575":100,"fd07e0ed":120,"d3a669ac":125,"1a0189c4":106,"23760167":109,"84b767be":141,"d1ca5d6b":125,"39a2fcce":105,"c98d5272":117,"ef1c2dcb":110,"935ec056":108,"6775d5cd":116,"e5b1abc6":108,"51a3e9c2":122,"13b53c7a":112,"7fef9973":119,"8f10fa42":145,"95d331b1":101,"92ca52b7":121,"d83870f5":110,"33d6bb6a":104,"8063df14":107,"30c184b8":126,"e4cfef0a":100,"619fda68":141,"aa021138":124,"5ab7bc35":121,"ca7d47f7":121,"3fdb08f5":114,"754f98c9":120,"1a2c020b":114,"fce3c5c6":101,"3bad3c95":98,"655954ba":111,"4c4aa2e2":115,"14c682eb":103,"a836aa93":117,"9f2b16a7":128,"1247fa52":121,"8274885a":124,"09ff339a":94,"b769bdfb":119,"3a204e56":123,"095ab3b4":111,"fe1d4419":117,"19f9ca86":120,"8d753bb6":107,"1be05c14":114,"c803b4a3":116,"0d7d88f1":115,"d83294cd":109,"d5059415":114,"faf4f98b":125,"175bc6b2":95,"f2ca27d9":110,"ccdd1ce6":112,"d2a841c9":103,"3454fa2b":115,"0277d748":122,"416a9e97":106,"f905a555":104,"49cb2959":123,"71e53c93":121,"5fa12feb":117,"9d0546ac":113,"da3437cd":109,"18d20aa1":104,"70594a28":113,"8ea21393":103,"53747a91":116,"61f25dd4":134,"d033db8d":121,"19e9776f":120,"40a745c0":125,"0af920d8":101,"56d315d8":99,"be40590d":115,"6023df54":115,"d8e58a8c":133,"88a30343":112,"e81834aa":125,"fb44fa9c":130,"4945c851":122,"26009d3f":112,"13f0e139":107,"03c398d2":123,"b2bd8fd3":112,"f1098793":116,"dfc89705":114,"2c24d929":123,"1c3a30c5":112,"8f2a7d69":111,"379184a7":125,"288afc30":114,"ea274174":117,"4ac6bd4e":107,"8245f916":113,"fa55f27a":127,"65e4235b":115,"aa76bc50":102,"9f5e6cba":119,"d6d61bfc":120,"a2c334e7":132,"c4bff41f":120,"031e488e":115,"51f80f4c":132,"aec4e1bf":114,"fd07e0ed":121,"70bc8325":107,"0670c466":108,"72d7b461":127,"77bae750":107,"6e851762":106,"815e4582":116,"84b67924":122,"d1fe2868":121,"d5557fb4":123,"5a07fc2e":109,"2180f99b":122,"794f652b":124,"449d8475":101,"c0b23081":127,"dffa7793":90,"b3f19a69":113,"ba586505":118,"51a3e9c2":123,"30c184b8":127,"fea793f5":121,"5eab91a0":123,"5f4102da":118,"8f10fa42":146,"37a7d5b0":117,"14c682eb":104,"ba30e43a":131,"28d40296":98,"805af3c7":122,"36380d96":128,"88fa53d6":100,"80a8a56d":101,"9f2b16a7":129,"b320feb9":121,"0a92153e":115,"f33c0140":112,"655954ba":112,"f121b82c":127,"a59a8290":121,"cd522166":131,"095ab3b4":112,"e7773397":101,"014bdff0":129,"5781776a":113,"a40846b7":129,"363590c7":118,"fb7b7b3c":132,"6c524f99":123,"062179c1":113,"7a840529":99,"a85d89cc":112,"0bfabf48":113,"ef14000f":129
1604737564705,"93b9fae6":108,"abd32136":111,"c803b4a3":117,"b946e146":134,"18815a1b":109,"22ecaed0":111,"558d5ce7":115,"15620dca":127,"315537b2":119,"ec2cb1af":117,"77898c22":92,"bfad1727":98,"e21c6207":108,"20777945":105,"da3437cd":110,"93e8cee5":138,"2ad42a9e":120,"4360a1a3":131,"4279e829":129,"30dbfc69":111,"1f11812e":122,"9316e7e8":96,"f4634d0b":107,"30fdcd3b":111,"65e4235b":116,"616d6dd6":113,"8cf83787":107,"95bc84f1":109,"28d41578":121,"a6bcb07e":121,"7732eb1e":128,"a8871ddf":98,"45fb95c1":118,"a0b03218":109,"8eb64769":115,"87ce8d1d":95,"aa00769b":131,"35b58ef9":109,"d8475b95":91,"71bc1295":105,"4ea4a2a1":129,"9260d96b":134,"3652bd66":117,"67f6e4f2":109,"1ff8c2fc":126,"9e878ec2":127,"5f96c2bc":112,"5ef93e5d":95,"a15713c6":134,"db8ba455":121,"d9a64845":117,"a47abfbb":106,"7af9d3b1":120,"ed4fad08":120,"5774ac0d":126,"47cfba38":106,"1ed46298":127,"4125085e":127,"7e15f8e8":123,"50c3164b":123,"a983a6dc":104,"2c01e624":109,"84b767be":142,"44a4f7cd":114,"9d63c4dd":120,"7028b044":105,"93fdbb44":103,"39ba00f0":118,"9d9dd9e5":103,"3062379b":103,"7db3edda":115,"50d129cf":112,"00cf385d":119,"04cc7cbe":100,"9cb4697f":128,"aa187e3b":103,"9e65c0ef":106,"4777334c":110,"8f13c203":103,"e5d3655c":127,"859545e6":96,"d9f512b9":121,"9f2b16a7":130,"08a06557":139,"4b4ecbce":98,"fe578280":113,"c7313e0a":123,"b215547b":101,"e9679ede":102,"a4296d1e":119,"b102f7bd":121,"93b0a158":124,"8493f3b2":113,"6ce84ff8":106,"c95719e5":107,"a58bf525":116,"695a2b92":112,"6085137f":99,"578f6e9e":125,"437fc3ec":116,"51a3e9c2":124,"1105f790":118,"8f10fa42":147,"ee21ad02":123,"4c0e547b":112,"78b97937":125,"e35a63cd":116,"50b558a7":99,"9aa6a054":120,"a85d89cc":113,"7e95c5a0":126,"87083264":128,"ef91eaae":102,"c8113b77":102,"8ac72326":101,"25a7a0a3":121,"12012fbd":107,"53a8613c":133,"eafbf9fb":115,"0277d748":123,"2cb29e5a":131,"f2ca27d9":111,"9d0546ac":114,"7b6a7048":122,"c455f40e":107,"efd23af5":114,"0a96f57a":126,"2209903e":128,"53747a91":117,"4360a1a3":132,"0d5ee801":106,"cd3bbe7e":116,"5272520d":111,"1e7753d9":130,"751acea8":103,"8db62558":114,"a4dafea5":114,"8aa78e2f":111,"8b2b601d":113,"b84a06eb":123,"de36827b":142,"05642105":121,"07fc4a9a":125,"064a99c8":113,"03c398d2":124,"ad8f85d6":127,"2198ba8e":107,"87ce8d1d":96,"73b15e04":110,"cbad3b92":141,"f9c15fcc":113,"1bd5b20b":124,"a5fd8ffd":116,"7ae34c64":120,"dc03ebd2":126,"345c9967":107,"2c6cb96f":94,"08a561b7":114,"61145ec9":126,"72805bf5":101,"5a734022":106,"dc473de1":107,"6df0b2e8":135,"17446892":111,"7af9d3b1":121,"af034fee":115,"f271ed5d":127,"47d27624":105,"22234d6b":114,"2f455cce":122,"ce3407dd":113,"1f342a00":117,"0f1ac912":98,"383e232d":112,"1b881e6e":119,"1f7607df":104,"04643409":125,"b8ab8e6e":115,"778c95e9":113,"d1fe2868":122,"2154b6e8":105,"868cda42":117,"638cb163":133,"7be025ce":120,"e3547548":103,"104721f0":115,"88fa53d6":101,"4777334c":111,"c7313e0a":124,"cb51f134":124,"696fdac5":114,"77300e4a":106,"288d171f":113,"c85a0d80":123,"ee75b607":106,"b0869206":124,"d33790a2":129,"ea274174":118,"8d000d6e":106,"d0e9a58e":110,"d0c0fc08":100,"93ac9ca3":113,"7ee148e9":112,"c564e316":119,"5410e9c6":122,"5623817d":108,"317c1591":127,"c7ab83c1":108,"11b74e63":112,"ec11fe5f":100,"78467b8a":138,"1bb4ccc0":125,"1a442bc7":117,"eebc8d43":115,"cfafcda8":113,"e4c312fe":109,"fef750ca":114,"95d331b1":102,"b87158fb":123,"831c7b85":109,"07f98660":122,"ffa08d82":118,"c38c2b52":108,"597c1f81":110,"f1df62b4":122,"ad303bda":116,"ba938220":114,"fd6dcb20":116,"e9adbe58":115,"53a8613c":134,"6d5fcd4c":116,"175bc6b2":96,"172217e5":118,"315537b2":120,"51c57542":120,"a851554d":124,"a0ce82b4":123,"3007f31f":108,"2b3c49b9":121,"07107f6e":118,"92136ff5":118,"0841052c":124,"a4f1d83b":110,"61f25dd4":135,"40a745c0":126,"9316e7e8":97,"ddec9e54":105,"a3d4a0e5":121,"a6bcb07e":122,"66554572":94,"7732eb1e":129,"8d753bb6":108,"0b5a0408":112,"6db0ea86":117,"742f1425":118,"b460f030":127,"be1746a0":118,"dd1fcb17":104,"35b58ef9":110,"87ce8d1d":97,"ac62fac2":126,"6e44927f":105,"00a481e3":128,"91f7ef72":112,"4abb7aed":116,"08a561b7":115,"56473430":128,"e865e4dd":109,"e9a8cf11":119,"d6d61bfc":121,"3a1d1632":95,"181c3dd5":116,"a1370ab0":121,"b7cc7909":116,"725dce8b":129,"884b0ad1":113,"39a2fcce":106,"70bc8325":108,"77bae750":108,"8ec3834d":124,"d1ca5d6b":126,"5f7d7195":114,"98915a1f":100,"ef1c2dcb":111,"faf3ed07":117,"180377be":114,"a577db1c":101,"df2b4d87":113,"2154b6e8":106,"014460b9":140,"704bce0d":115,"04ea5673":119,"0a92153e":116,"49b358bd":124,"ffc86f94":90,"69134f07":111,"79f04300":117,"5e193fc8":119,"6585adbe":90,"92d38723":128,"d0c0fc08":101,"b35e9e1a":153,"c4aa1e38":100,"d102b0c6":105,"36fb15d2":125,"437fc3ec":117,"5623817d":109,"a58bf525":117,"c564e316":120,"1951480c":103,"1da771fb":109,"f1dffa24":102,"ee75b607":107,"54d7de6b":126,"51a3e9c2":125,"00cf385d":120,"0e2b5d2f":125,"78b97937":126,"ad2d7bed":122,"04cc7cbe":101,"1745a0f4":116,"88ce179e":129,"8063df14":108,"ba5c52af":116,"c1bb74f2":103,"11b2c8d9":107,"93b9fae6":109,"0d7d88f1":116,"4d9b0b10":118,"2ce1af05":102,"5957df9e":107,"70c1e715":111,"b947257e":128,"77f31bab":128,"f2ca27d9":112,"8547fbc2":109,"7d6895f4":125,"2dda3936":111,"36d340f2":101,"e9adbe58":116,"0e036ae9":135,"abd32136":112,"4f59a322":118,"9aa6a054":121,"bd984a8e":108,"80a8a56d":102,"e2cbe594":107,"0a96f57a":127,"c8dc010f":130,"a851554d":125,"c650b434":126,"5fa12feb":118,"3b7763b1":100,"56d315d8":100,"0841052c":125,"f1b493de":133,"1138796e":125,"6d802fa2":105,"3310a049":112,"b552beb3":116,"d9dcdc4b":135,"1438fad7":118,"868edcc0":126,"468fc85c":116,"cac4449a":113,"71bc1295":106,"6be9332a":107,"a0b03218":110,"23080895":101,"3101354b":104,"a851891c":110,"4bc46d7a":108,"345c9967":108,"db8ba455":122,"8db5a165":108,"537634c9":102,"be149c6f":106,"f94bf9ea":122,"32133249":114,"725dce8b":130,"181c3dd5":117,"12534561":110,"7af9d3b1":122,"ce3407dd":114,"ef1c2dcb":112,"94a2fe10":116,"61f25dd4":136,"d033db8d":122,"0c0e98ea":110,"08a06557":140,"e5d3655c":128,"8e780922":115,"88fa53d6":102,"972f4174":125,"c85a0d80":124,"8f13c203":104,"87ce8d1d":98,"5ee911b5":107,"554ebb83":115,"0cb80f4a":111,"50312237":126,"9263c525":115,"0ac825ed":117,"d0c0fc08":102,"0b3283c9":115,"3712c4bd":101,"5b60dd1d":123,"a77e127d":93,"26f99a1e":114,"6d61bf13":108,"25635c37":99,"e382ec3f":102,"dffa7793":91,"79be29c8":113,"ae99df30":107,"87c462ee":125,"a8c93bed":116,"f67de058":122,"e0e48a2d":106,"be3a10f8":130,"ba586505":119,"70ee0491":105,"78467b8a":139,"6c524f99":124,"dc0c8b09":129,"aa5dfdf5":119,"39a2fcce":107,"99e171db":110,"2c01e624":110,"88b3bc99":105,"9ceb5439":103,"cb6c9e42":132,"778c95e9":114,"25d1b2d8":121,"9fa62fee":107,"c98d5272":118,"272c7672":123,"865d9857":92,"a63bddd4":142,"dfa1a89b":106,"8cc4a982":120,"140ce69e":114,"f87c5031":106,"3454fa2b":116,"0bfabf48":114,"77bfed7e":114,"a06a6430":114,"6a5b71b4":110,"cc5a1d47":101,"4930f321":109,"f7231212":115,"159ffd0b":104,"0be540c5":126,"0d2c95fe":116,"4945c851":123,"49910300":107,"1f88a4b7":134,"045f280d":116,"0a2f71bc":109,"e1618359":124,"719c8869":135,"754f98c9":121,"5e193fc8":120,"ffc86f94":91,"3498f223":105,"85de05f2":113,"e2a7d915":94,"92136ff5":119,"2209903e":129,"2b3c49b9":122,"65e4235b":117,"616d6dd6":114,"227006e4":105,"ed4fad08":121,"5f6613c8":97,"4125085e":128,"31f6ba51":115,"72805bf5":102,"b35bb8a1":104,"da04caac":116,"74c26380":129,"ec110282":137,"aa867541":101,"ae016053":125,"e21c6207":109,"8f9b74b0":110,"1f11812e":123,"c2bb8aae":116,"c8977844":115,"655941a0":128,"180377be":115,"142d6987":119,"be40590d":116,"5f620a1e":123,"4777334c":112,"259930ee":129,"b460f030":128,"c27969ec":117,"17807120":118,"3e602573":110,"74e01f6a":111,"01cd8099":120,"cf52025e":115,"b2a8761b":97,"f9c15fcc":114,"b7407bd3":112,"336d0f08":129,"288afc30":115,"c4aa1e38":101,"8245f916":114,"312f7676":118,"c318d350":128,"51a3e9c2":126,"290b4714":112,"6841f77e":126,"33d6bb6a":105,"8bc04eb5":120,"7fef9973":120,"19551bad":107,"2a4a402a":112,"ba586505":120,"6e851762":107,"bca2d7cd":113,"4ed01268":106,"730338c4":124,"449d8475":102,"789bd484":112,"9ab755d3":108,"1634789b":111,"e58b26f6":120,"2c627253":121,"97e75c19":133,"f2364460":125,"22234d6b":115,"aff8e442":124,"4d35385e":113,"88432019":106,"f5596d0f":125,"6de0aaac":103,"7d6895f4":126,"d39724bc":110,"1745a0f4":117,"92ca52b7":122,"afe8e06a":106,"062179c1":114,"b9be31d6":118,"76f94eda":114,"056ea7ff":125,"9f74b8a4":111,"67c57de4":129,"629800eb":123,"1da771fb":110,"5781776a":114,"60e855ee":131,"22aeaf03":115,"016953e4":122,"bab97de3":126,"66554572":95,"b2703001":125,"90731976":106,"6c73ae98":96,"bbe71605":108,"f044c0e1":103,"50c468ba":118,"859545e6":97,"25776fc4":128,"ce3bf5db":105,"4e3f5178":123,"cc6bbe45":115,"69134f07":112,"fe578280":114,"754f98c9":122,"288d171f":114,"470d50c2":115,"1a68160d":121,"623c6a31":121,"d6320619":108,"bc3dc66a":119,"0681c48e":129,"a1370ab0":122,"40860a4b":98,"b2cfdbcf":115,"95904ac4":128,"012de09c":114,"2dd0e808":114,"a5fd8ffd":117,"abc1d7ad":121,"d9a64845":118,"481754fc":98,"73b15e04":111,"c6e3d352":122,"aefe13f5":120,"1c3a30c5":113,"24d24fa3":121,"cac4449a":114,"06073f13":128,"9260d96b":135,"554ebb83":116,"b35e9e1a":154,"92d38723":129,"fa55f27a":128,"50312237":127,"72b84094":146,"2ad42a9e":121,"f9f2c53f":105,"bc09fa9e":109,"efd23af5":115,"d25e0f8d":132,"4dac6b20":94,"467773ac":111,"f4634d0b":108,"bb98a6cf":138,"40a745c0":127,"20e470e0":107,"1e7753d9":131,"059d6c19":125,"d815c5b4":139,"4b125e7b":118,"1bb4ccc0":126,"5eaa1581":109,"0ecfa1c9":112,"8d04852b":115,"383e232d":113,"9d9dd9e5":104,"af0b61ab":110,"e99318a3":120,"6a3eaf43":111,"48efc739":138,"84b767be":143,"ccf8b803":120,"f271ed5d":128,"c67979e6":138,"eb7b4e29":104,"91d52a55":115,"84b67924":123,"90d52475":115,"6c524f99":125,"00cf385d":121,"1745a0f4":118,"fea793f5":122,"13b53c7a":113,"d39724bc":111,"b102f7bd":122,"bd2705b0":132,"c1bb74f2":104,"d78dd457":102,"eebc8d43":116,"5270f158":115,"c318d350":129,"95d3d348":113,"f1dffa24":103,"5410e9c6":123,"5623817d":110,"a77e127d":94,"3c782bb3":111,"8aa78e2f":112,"5678ed7b":128,"fb44fa9c":131,"e1571af7":118,"2045d7d6":111,"d6f0d94a":106,"c8fcad77":106,"04ea5673":120,"9e65c0ef":107,"44c77422":125,"972f4174":126,"c5b35e4d":106,"90a06ee9":109,"0dad37d5":110,"655954ba":113,"168e75d9":114,"b3863630":105,"619fda68":142,"9c29f0ed":138,"cb142908":102,"6f39f4d9":125,"67c57de4":130,"d4ee22a4":119,"f1df62b4":123,"3454fa2b":117,"7080f122":117,"51f57142":122,"175bc6b2":97,"9e206c95":128,"bb99c79c":118,"49902219":134,"810aa5e9":124,"52eca0dc":112,"fd482491":134,"8d753bb6":109,"cf84fb54":118,"06ddafc7":95,"dd1fcb17":105,"04612878":124,"3e602573":111,"be1746a0":119,"c609739e":113,"946df4fd":118,"d8475b95":92,"3d1af513":127,"9263c525":116,"379184a7":126,"b7407bd3":113,"8f2a7d69":112,"608bc832":105,"8493f3b2":114,"a5676c24":112,"f9f2c53f":106,"ecfa8249":126,"0149e11a":103,"44ff8baa":116,"902f49f5":114,"4e5aaaec":104,"751acea8":104,"bc09fa9e":110,"1f11812e":124,"9a80f004":106,"7cd0ad7b":129,"5cd3cfe0":98,"ddec9e54":106,"f4634d0b":109,"4abb7aed":117,"49cb2959":124,"781ace7d":116,"a66a2d8a":133,"f56ac638":93,"227006e4":106,"47cfba38":107,"74e3d13e":118,"c9efc8f6":112,"2132fe93":124,"e9a8cf11":120,"72805bf5":103,"1f7607df":105,"66d94227":110,"b947257e":129,"789bd484":113,"5747db6e":133,"449d8475":103,"778c95e9":115,"2d13e69b":116,"6751d8e4":126,"faf3ed07":118,"383e232d":114,"aff8e442":125,"9d63c4dd":121,"f66616b7":118,"20958d58":108,"6775d5cd":117,"d1676e89":115,"f5cd79c1":107,"5781776a":115,"5623817d":111,"1da771fb":111,"b1f58563":118,"77d35808":109,"14c682eb":105,"08a06557":141,"a81a857c":110,"7be025ce":121,"e3547548":104,"e32524d6":117,"f3992a31":115,"cc6bbe45":116,"6fb4cdda":125,"4b4ecbce":99,"c382f054":131,"8e780922":116,"69134f07":113,"90a06ee9":110,"d1d40c9c":131,"8f10fa42":148,"19551bad":108,"a6b5e869":107,"43d87483":118,"cd522166":132,"4258c176":108,"6f39f4d9":126,"dfcc2ad1":133,"95d331b1":103,"7a4c064c":122,"ba938220":115,"ba5c52af":117,"e0e48a2d":107,"cb142908":103,"597c1f81":111,"ad303bda":117,"18815a1b":110,"36d340f2":102,"6cba74ce":115,"08c6b5d2":126,"12012fbd":108,"945b63f0":140,"d1715f3b":121,"dc03ebd2":127,"a0cf08b3":99,"95904ac4":129,"a0cca8b7":97,"4295ce9a":124,"a851554d":126,"ab7467de":123,"21ad2f34":116,"7bebff03":108,"51c57542":121,"db703021":112,"0d5ee801":107,"3f9b5722":109,"ddec9e54":107,"f883d582":110,"58d46189":134,"467773ac":112,"906fdec3":108,"8cf83787":108,"fb44fa9c":132,"cf50e84e":117,"26009d3f":113,"90731976":107,"a24e6670":117,"8b2b601d":114,"a543ec74":112,"1c3a30c5":114,"d82592f4":111,"71bc1295":107,"59c1e594":115,"87922532":133,"8245f916":115,"04612878":125,"5f8517b7":138,"8d000d6e":107,"2dd0e808":115,"56473430":129,"83b2f9c5":119,"162a7348":116,"13747b82":126,"68562193":101,"a6003226":111,"71279c46":109,"60d6cee2":112,"6632fed0":128,"f2364460":126,"284544ba":107,"b947257e":130,"93fdbb44":104,"2d54e0a8":107,"6e98dfda":121,"0d2a1c58":109,"99e171db":111,"ea822700":96,"1d790491":121,"794f652b":125,"9fa62fee":108,"9ceb5439":104,"1f7607df":106,"04bef50c":90,"8f2a7d69":113,"c4aa1e38":102,"b35e9e1a":155,"d33790a2":130,"5410e9c6":124,"e7773397":102,"016953e4":123,"1951480c":104,"71ff66e8":110,"82868763":115,"3a204e56":124,"bec9d329":128,"37a7d5b0":118,"d141db49":112,"3fdb08f5":115,"d9d7c4c2":121,"57167c74":108,"dcf85091":103,"ce3bf5db":106,"ffc86f94":92,"c7313e0a":125,"e0154608":115,"972f4174":127,"53431634":134,"c382f054":132,"9b172ca8":101,"bb00e71c":95,"05f6ab35":115,"92ca52b7":123,"11b74e63":113,"e6ec8cbf":128,"fef750ca":115,"0d770b97":117,"fead11cf":105,"0e2b5d2f":126,"b3f19a69":114,"7af262e5":123,"9a07d89b":122,"6034b6d0":121,"0d7d88f1":117,"cb142908":104,"7566fdd6":131,"d4ee22a4":120,"ef91eaae":103,"faf4f98b":126,"6cba74ce":116,"2dda3936":112,"6143f39d":111,"315537b2":121,"8dd2684c":114,"623c6a31":122,"ccdd1ce6":113,"a0ce82b4":124,"7e8e1c3d":109,"3b7763b1":101,"feb67030":107,"44ff8baa":117,"2ad42a9e":122,"c455f40e":108,"30d84dce":106,"6e24d88b":105,"f4634d0b":110,"110b1ee3":112,"1a2ec5d7":126,"66497c7e":113,"cd3bbe7e":117,"fb44fa9c":133,"f5829ac0":121,"1138796e":126,"5678ed7b":129,"6c73ae98":97,"de36827b":143,"0b5a0408":113,"cac4449a":115,"59c1e594":116,"baebb391":131,"03c398d2":125,"74e01f6a":112,"56752a4a":103,"26c6fa34":112,"1b153aef":124,"1d44aff3":129,"95904ac4":130,"b28a5e67":131,"28654c76":122,"7896b953":129,"731fc335":93,"e865e4dd":110,"3c18f28e":115,"d6d61bfc":122,"c4bff41f":121,"68562193":102,"227006e4":107,"8cddb65e":112,"13747b82":127,"26c390d6":109,"99e171db":112,"b7832271":127,"6a3eaf43":112,"93fdbb44":105,"2f455cce":123,"a939b50b":115,"f069bb07":114,"cf775f58":116,"44a4f7cd":115,"fd369c21":122,"02d4753e":142,"608bc832":106,"c7c4ec5c":101,"f1862e79":100,"8c6e001f":99,"7a2f3f06":113,"312f7676":119,"f1dffa24":104,"e238f09b":121,"437fc3ec":118,"77d35808":110,"b769bdfb":120,"6d61bf13":109,"0f029727":104,"30c5d755":128,"fce3c5c6":102,"88fa53d6":103,"a81a857c":111,"9e65c0ef":108,"2e3503e4":116,"c015ec5a":116,"e9679ede":103,"1a68160d":122,"9f2b16a7":131,"288d171f":115,"c382f054":133,"8e99d5d0":133,"4b125e7b":119,"677c6a09":139,"ad2d7bed":123,"2352c8ef":116,"f5e8dfee":130,"a6b5e869":108,"13b53c7a":114,"1a442bc7":118,"ae99df30":108,"9d023afb":129,"f56ac638":94,"d78dd457":103,"c6dc900c":96
1604737565600,"f67de058":123,"53b4e647":126,"c8113b77":103,"7a4c064c":123,"6034b6d0":122,"abd32136":113,"91536e85":125,"0d28db94":104,"1f342a00":118,"91d52a55":116,"bda8cdfb":121,"12dd6f5e":107,"ef8321d8":116,"53a8613c":135,"172217e5":119,"945b63f0":141,"15620dca":128,"175bc6b2":98,"3ef7432b":122,"f734c84c":132,"e1f0dbfd":131,"913a6226":115,"21ad2f34":117,"5fa12feb":119,"feb67030":108,"94a2fe10":117,"dae0f922":125,"66497c7e":114,"8cf83787":109,"49910300":108,"013ee301":116,"d9dcdc4b":136,"4ff2225d":107,"2d1e1e9d":111,"0be540c5":127,"a0b03218":111,"ae8a09c4":110,"99d130c9":129,"f1098793":117,"a5aee5de":139,"be1746a0":120,"87922532":134,"a5fd8ffd":118,"69eeae0d":102,"012de09c":115,"65e4235b":118,"195eb771":110,"56473430":130,"f3a0c2ee":114,"162a7348":117,"dcfaba4c":120,"12534561":111,"aec4e1bf":115,"5774ac0d":127,"081460bf":120,"8cddb65e":113,"1f7607df":107,"aec074c4":124,"25d1b2d8":122,"b5763ff6":98,"36684155":115,"66b7b5b4":110,"dbd2f139":125,"db703021":113,"0c043224":131,"57167c74":109,"c1bdfd41":104,"28d40296":99,"44c77422":126,"d9d7c4c2":122,"37a7d5b0":119,"4def63ee":90,"4e3f5178":124,"4c4aa2e2":116,"655954ba":114,"9f2b16a7":132,"5be594be":119,"80a8a56d":103,"b3863630":106,"7a6aa4b6":117,"9260d96b":136,"f9c15fcc":115,"c7c4ec5c":102,"8245f916":116,"8d000d6e":108,"b7407bd3":114,"77d35808":111,"a40846b7":130,"5410e9c6":125,"9a3cc55d":111,"3a204e56":125,"22aeaf03":116,"a58bf525":118,"91b28f83":125,"1bb4ccc0":127,"abad2347":115,"82204d54":109,"d4d5f466":113,"ba5c52af":118,"67d30f2b":112,"a59a8290":122,"51a3e9c2":127,"0042f6eb":111,"e356abf1":127,"5f4102da":119,"cfafcda8":114,"831c7b85":110,"ef91eaae":104,"67c57de4":131,"22234d6b":116,"39a2fcce":108,"2d13e69b":117,"1a0189c4":107,"7db3edda":116,"bad1a1cc":108,"2f455cce":124,"aff8e442":126,"47d27624":106,"9de29816":98,"d3e84616":125,"01d817b8":97,"4d35385e":114,"30dd2edc":120,"d2a841c9":104,"ec2cb1af":118,"c8113b77":104,"385ab7c6":118,"af7e5be8":119,"30b6808c":112,"10ec5a0b":113,"201cafad":110,"e2a7d915":95,"a0cca8b7":98,"5c82d1ce":118,"26dd2000":137,"da3437cd":111,"c8dc010f":131,"8298e976":128,"4945c851":124,"8d753bb6":110,"2d1e1e9d":112,"95f6db13":116,"1db42092":124,"6d802fa2":106,"e8d74304":103,"04612878":126,"792cfcbd":109,"73b15e04":112,"8eb64769":116,"be1746a0":121,"d8475b95":93,"74c26380":130,"906fdec3":109,"71ba7561":110,"7896b953":130,"4bc46d7a":109,"43bc86e3":107,"dd035d2a":112,"64db4feb":134,"d6d61bfc":123,"288a2c43":110,"ed4fad08":122,"0ecfa1c9":113,"162a7348":118,"dc473de1":108,"d033db8d":123,"5272520d":112,"26ed1a5c":112,"026766f3":114,"1e191c98":98,"655941a0":129,"a68a93b2":108,"d9d7c4c2":123,"2045d7d6":112,"65a00a3c":115,"5ab7bc35":122,"24ffcbd3":130,"c85a0d80":125,"859545e6":98,"501db4de":116,"c7636527":101,"1b153aef":125,"00554ffd":130,"67f6e4f2":110,"336d0f08":130,"f1862e79":101,"50312237":128,"3d1af513":128,"ea9bba6b":112,"f5cd79c1":108,"2203f259":117,"19f9ca86":121,"27f52ed3":132,"5b60dd1d":124,"5099c6a0":139,"4258c176":109,"1757a30e":114,"e382ec3f":103,"9d4f1fe6":113,"abad2347":116,"1745a0f4":119,"6b82b527":125,"a0685bf3":131,"b87158fb":124,"c0b23081":128,"be3a10f8":131,"835358a0":107,"3c6692a3":132,"5957df9e":108,"aff8e442":127,"7db3edda":117,"5d087c79":114,"aaa274a5":118,"6a3eaf43":113,"394dc144":110,"a1921150":124,"f069bb07":115,"0d2a1c58":110,"77f31bab":129,"527ff946":128,"12dd6f5e":108,"3661e12d":108,"9e206c95":129,"558d5ce7":116,"172217e5":120,"8cc4a982":121,"d1715f3b":122,"2a4a402a":113,"e35a63cd":117,"dfcc2ad1":134,"cf9f4757":101,"6034b6d0":123,"7a840529":100,"869cbaa0":131,"7a4c064c":124,"0785820e":126,"77bfed7e":115,"ab7d4c9a":105,"d34a29b9":128,"7f86be64":118,"6fb4cdda":126,"4b4ecbce":100,"72b84094":147,"5a622a23":111,"05642105":122,"28d41578":122,"d9dcdc4b":137,"4ff2225d":108,"d36125db":123,"7732eb1e":130,"e7e82473":136,"9fc713b0":130,"b6aaf976":129,"dfc89705":115,"0eaf08da":116,"3101354b":105,"e865e4dd":111,"71ba7561":111,"2dd0e808":116,"65e4235b":119,"deb31f35":118,"5ac86fb9":126,"162a7348":119,"5e09f69e":133,"540df50f":121,"c9efc8f6":113,"b35bb8a1":105,"dc03ebd2":128,"a5676c24":113,"7d112f4d":124,"7e8e1c3d":110,"44ff8baa":118,"daab45c6":107,"ccb5ea3e":101,"e62d705f":103,"f4634d0b":111,"6e24d88b":106,"b6591e25":121,"a8726d50":105,"31408822":108,"3b690f68":132,"75ffea08":119,"9bdf362a":109,"b5ce0c0c":125,"ea6de194":125,"27c8e038":132,"bad6cdb1":105,"74e01f6a":113,"7a2f3f06":114,"7a6aa4b6":118,"82b81567":101,"ea274174":119,"e0e6a097":108,"336d0f08":131,"3a1b9af5":114,"8e4c33d2":118,"578f6e9e":126,"f1dffa24":105,"6841f77e":127,"9b546d65":108,"33d6bb6a":106,"5eab91a0":124,"2d54e0a8":108,"39ba00f0":119,"fd369c21":123,"36684155":116,"d552eb2f":123,"faf3ed07":119,"527ff946":129,"1f7607df":108,"50c3164b":124,"b88033fd":120,"af0b61ab":111,"77f31bab":130,"d1fe2868":123,"794f652b":126,"140ce69e":115,"ccdd1ce6":114,"8cc4a982":122,"6de0aaac":104,"f3d68430":124,"0277d748":124,"49902219":135,"ae99df30":109,"c510bfd3":131,"dc0c8b09":130,"bd2705b0":133,"11b74e63":114,"7bda83dd":109,"4652b09a":136,"eebc8d43":117,"6034b6d0":124,"0e2b5d2f":127,"c0b23081":129,"76f94eda":115,"0f029727":105,"e1618359":125,"be2955bb":120,"d141db49":113,"ca7d47f7":122,"972f4174":128,"4e3f5178":125,"80a8a56d":104,"655954ba":115,"69d4b754":110,"621d6b18":128,"87cd2add":102,"317c1591":128,"014bdff0":130,"004f1ef3":144,"6ce84ff8":107,"07fc4a9a":126,"b2703001":126,"69f3bfcc":112,"45fb95c1":119,"e8f173b5":120,"3c782bb3":112,"32c9fc47":112,"c6e3d352":123,"4f59a322":119,"c803b4a3":118,"7566fdd6":132,"aec4e1bf":116,"7af9d3b1":123,"081460bf":121,"bb8a6337":112,"031e488e":116,"bc3dc66a":120,"a0cf08b3":100,"5f0c1b9d":126,"3a291497":104,"6023df54":116,"f3a0c2ee":115,"313258f2":115,"a472532e":109,"85de05f2":114,"e2a7d915":96,"25e0dd3d":122,"b6ee137a":112,"40e79dd3":116,"0c0e98ea":111,"7b6a7048":123,"bc09fa9e":111,"f1b493de":134,"c2bb8aae":117,"ca6d2d91":117,"d0c104c4":88,"dae0f922":126,"cf1124db":105,"be1746a0":122,"a636f4c9":127,"23080895":102,"a43061ee":98,"dd1fcb17":106,"946df4fd":119,"d0b297b2":102,"9260d96b":137,"a533489b":124,"cd95f558":119,"b7407bd3":115,"336d0f08":132,"40569362":128,"5f6613c8":98,"4bcd4a30":130,"884b0ad1":114,"5747db6e":134,"bca2d7cd":114,"cb6c9e42":133,"99e171db":113,"e58b26f6":121,"fb7482fe":106,"815e4582":117,"72d7b461":128,"394dc144":111,"5339e1e9":122,"842c8340":102,"c98d5272":119,"fd6dcb20":117,"3661e12d":109,"ac38a6a5":136,"67d30f2b":113,"b0869206":125,"b102f7bd":123,"79be29c8":114,"b87158fb":125,"6775d5cd":118,"dfcc2ad1":135,"d83870f5":111,"d9f512b9":122,"aa021138":125,"e32524d6":118,"d9d7c4c2":124,"b3863630":107,"2045d7d6":113,"c0b0f492":131,"4c4aa2e2":117,"5be594be":120,"5f620a1e":124,"0dad37d5":111,"b2c25d1c":114,"6b78ad7f":122,"655954ba":116,"a06a6430":115,"93b0a158":125,"70ee0491":106,"3f2522c2":124,"363590c7":119,"8dc9b4db":128,"5781776a":116,"2c5c1dc0":111,"5410e9c6":126,"c95719e5":108,"8cf83787":110,"88a30343":113,"2d1e1e9d":113,"17b08923":119,"e4117b3b":106,"f1df62b4":124,"8063df14":109,"dd3913d2":109,"629800eb":124,"2a4a402a":114,"95539a58":100,"67c57de4":132,"50c468ba":119,"cc5a1d47":102,"22176537":113,"9c045c61":127,"623c6a31":123,"3f65f121":119,"a5fd8ffd":119,"731fc335":94,"a851891c":111,"ef8987d7":110,"810aa5e9":125,"b28a5e67":132,"5ef93e5d":96,"c650b434":127,"92136ff5":120,"debe1f65":119,"7e8e1c3d":111,"4eed1bea":122,"cf1124db":106,"4279e829":130,"25e0dd3d":123,"94a2fe10":118,"efd23af5":116,"30d84dce":107,"0af920d8":102,"1e191c98":99,"6f81493d":104,"5678ed7b":130,"a8871ddf":99,"f5829ac0":122,"f1098793":118,"03dcfa3d":121,"458dcc3d":129,"dd1fcb17":107,"26c6fa34":113,"8eb64769":117,"468fc85c":117,"3a1b9af5":115,"9263c525":117,"34658473":103,"64db4feb":135,"c852d240":121,"5f6613c8":99,"af034fee":116,"b7cc7909":117,"2ab62345":105,"6632fed0":129,"2c627253":122,"730338c4":125,"31d74eee":107,"7028b044":106,"815e4582":118,"778c95e9":116,"a9b1bd51":88,"c67979e6":139,"b5763ff6":99,"2a387957":112,"5a07fc2e":110,"650bb0e0":118,"c793cdda":123,"f2364460":127,"ad2d7bed":124,"cc6bbe45":117,"4def63ee":91,"b5ce0c0c":126,"65a00a3c":116,"c4feee5b":124,"e3547548":105,"9267f0ef":132,"c1bdfd41":105,"e0154608":116,"014460b9":141,"b2c25d1c":115,"c21ab51e":96,"ebdbf580":125,"9b172ca8":102,"c510bfd3":132,"e0e6a097":109,"cd95f558":120,"554ebb83":117,"67f6e4f2":111,"2203f259":118,"39bbc4bc":130,"dc583e64":125,"3f2522c2":125,"437fc3ec":119,"5410e9c6":127,"ea9bba6b":113,"26009d3f":114,"a3d4a0e5":122,"6c486702":119,"dffa7793":92,"d1d40c9c":132,"fee32863":116,"95539a58":101,"1c0a9eff":105,"6034b6d0":125,"f67de058":124,"1a442bc7":119,"621d6b18":129,"9d023afb":130,"abd32136":114,"5eab91a0":125,"733c86f8":114,"869cbaa0":132,"753ca352":103,"aa187e3b":104,"f5e8dfee":131,"619fda68":143,"88432019":107,"172217e5":121,"f87c5031":107,"4d35385e":115,"22ecaed0":112,"af157d29":116,"d2a841c9":105,"49cb2959":125,"cf1b8c47":124,"d5dae4c4":143,"7ae34c64":121,"40e79dd3":117,"cd421290":114,"9a80f004":107,"8ea21393":104,"bfad1727":99,"94a2fe10":119,"5fa12feb":120,"ddec9e54":108,"ded7da5a":123,"6f81493d":105,"f1b493de":135,"74f234c6":138,"d70ca4f4":131,"467773ac":113,"db8ba455":123,"56473430":131,"1f88a4b7":135,"32c9fc47":113,"90731976":108,"e7e82473":137,"f5829ac0":123,"946df4fd":120,"e6fac295":107,"48655f09":138,"468fc85c":118,"804d4dfa":115,"d82592f4":112,"c27969ec":118,"43bc86e3":108,"9f5e6cba":120,"6867261a":117,"4125085e":129,"6df0b2e8":136,"288a2c43":111,"deb31f35":119,"c852d240":122,"508aac3d":122,"70bc8325":109,"50d129cf":113,"fd369c21":124,"842c8340":103,"b7832271":128,"a81a857c":112,"c8fcad77":107,"acac14fb":114,"b5ce0c0c":127,"f2086446":117,"e32524d6":119,"c382f054":134,"c1bdfd41":106,"e9679ede":104,"14c682eb":106,"d34a29b9":129,"d9d7c4c2":125,"e1618359":126,"655954ba":117,"3d1af513":129,"00554ffd":131,"8323d333":102,"4f5e3e7d":105,"b4fdf90e":121,"7ee148e9":113,"0ac825ed":118,"3712c4bd":102,"c4aa1e38":103,"42191b64":93,"27f52ed3":133,"eda6a690":99,"3a204e56":126,"5270f158":116,"1bb4ccc0":128,"3b2dee89":116,"d83870f5":112,"e4117b3b":107,"82204d54":110,"bb00e71c":96,"0e2b5d2f":128,"4c0e547b":113,"04cc7cbe":102,"7af262e5":124,"67d30f2b":114,"eb2e1983":115,"be3a10f8":132,"2bcca6a7":133,"2b698053":115,"d4ee22a4":121,"d5059415":115,"0d28db94":105,"c803b4a3":119,"0d7d88f1":118,"ce3407dd":115,"e58b26f6":122,"a9b1bd51":89,"04643409":126,"cbb54a0a":99,"1634789b":112,"778c95e9":117,"91d52a55":117,"ac38a6a5":137,"d3e84616":126,"b9a48a5c":106,"12012fbd":109,"f3d68430":125,"30dd2edc":121,"9de29816":99,"abd32136":115,"44ff8baa":119,"6bc5d32a":137,"3b7763b1":102,"efd23af5":117,"21e10a2b":118,"dbd2f139":126,"a8726d50":106,"7bebff03":109,"a4f1d83b":111,"f4343817":116,"26ed1a5c":113,"ca6d2d91":118,"db703021":114,"902f49f5":115,"61145ec9":127,"ef8987d7":111,"810aa5e9":126,"a851891c":112,"6db0ea86":118,"a24e6670":118,"f5829ac0":124,"f277386e":98,"868edcc0":127,"e36dfd6f":113,"95f6db13":117,"946df4fd":121,"b6aaf976":130,"792cfcbd":110,"26c6fa34":114,"99d130c9":130,"cf52025e":116,"0eaf08da":117,"f789f6d8":124,"42cd2360":95,"74c26380":131,"a2c334e7":133,"a6003226":112,"71a2a493":90,"af034fee":117,"c9efc8f6":114,"deb31f35":120,"c4bff41f":122,"84b767be":144,"3062379b":104,"084cbc0b":111,"39ba00f0":120,"1d790491":122,"4bcd4a30":131,"2b3e4717":116,"b7832271":129,"b320feb9":122,"3bad3c95":99,"a577db1c":102,"2154b6e8":107,"44c77422":127,"1247fa52":122,"d6f0d94a":107,"5e193fc8":121,"805af3c7":123,"dbc9df44":93,"ab7d4c9a":106,"9b172ca8":103,"4b4ecbce":101,"145c7559":124,"1b153aef":126,"40569362":129,"67f6e4f2":112,"4f5e3e7d":106,"02d4753e":143,"0cb80f4a":112,"1bd5b20b":125,"0b3283c9":116,"ea9bba6b":114,"8e4c33d2":119,"09f0db62":140,"5781776a":117,"312f7676":120,"971675c5":121,"04bef50c":91,"00cf385d":122,"a59a8290":123,"20811ddf":116,"cd522166":133,"a6b5e869":109,"8007f30e":83,"7ee7621c":114,"70ee0491":107,"04cc7cbe":103,"4c0e547b":114,"5f4102da":120,"e0e48a2d":108,"ec11fe5f":101,"753ca352":104,"621d6b18":130,"9ab755d3":109,"815e4582":119,"e15fd611":104,"04643409":127,"84369269":102,"f66616b7":119,"4d35385e":116,"9c045c61":128,"3f65f121":120,"af157d29":117,"eeaa2d46":126,"623c6a31":124,"8dd2684c":115,"597c1f81":112,"6a5b71b4":111,"9fce073c":120,"cb142908":105,"abd32136":116,"ab7467de":124,"e2cbe594":108,"7d112f4d":125,"261c9911":125,"daab45c6":108,"cc11fef9":122,"026766f3":115,"a0cca8b7":99,"06ddafc7":96,"e8f173b5":121,"b36a0d66":98,"a3d4a0e5":123,"b84a06eb":124,"45fb95c1":120,"6291e9e9":119,"4cc141fa":97,"9c58dd76":129,"b460f030":129,"17807120":119,"0eaf08da":118,"74e01f6a":114,"0f72f2d8":112,"45b5746e":110,"08a561b7":116,"71ba7561":112,"313258f2":116,"fafb4cc2":148,"4bc46d7a":110,"5ef93e5d":97,"6df0b2e8":137,"72805bf5":104,"a47abfbb":107,"e9a8cf11":121,"5774ac0d":128,"8d04852b":116,"b35bb8a1":106,"0fc5ac7e":139,"ea822700":97,"92136ff5":121,"a4f1d83b":112,"66497c7e":115,"4360a1a3":133,"c3e6ef01":119,"381c68fa":122,"24ffcbd3":131,"5f620a1e":125,"e5d3655c":129,"b320feb9":123,"4fd645f1":105,"f8b31ce5":140,"cb51f134":125,"65a00a3c":117,"288d171f":116,"dbc9df44":94,"4e3f5178":126,"c382f054":135,"3498f223":106,"80a8a56d":105,"8245f916":117,"82b81567":102,"5acaa06f":93,"b377a62a":114,"92d38723":130,"02d4753e":144,"50312237":129,"9a3cc55d":112,"ea9bba6b":115,"5623817d":112,"c564e316":121,"25635c37":100,"e7773397":103,"317c1591":129,"6c20c153":114,"e4c312fe":110,"a8c93bed":117,"93b0a158":126,"91b28f83":126,"dc0c8b09":131,"eebc8d43":118,"c0b23081":130,"3b2dee89":117,"20958d58":109,"831c7b85":111,"290b4714":113,"6a7392d5":108,"05f6ab35":116,"284544ba":108,"f271ed5d":129,"dd7acb96":120,"91d52a55":118,"fb7482fe":107,"23760167":110,"f4726450":118,"cb6c9e42":134,"50d129cf":114,"d1fe2868":124,"c67979e6":140,"1d790491":123,"36d340f2":103,"6d339d45":100,"b9a48a5c":107,"be4f8ba8":112,"d1715f3b":123,"558d5ce7":117,"ac38a6a5":138,"07f98660":123,"77bfed7e":116,"c38c2b52":109,"2b698053":116,"4f59a322":120,"385ab7c6":119,"cc5a1d47":103,"27d8bf51":115,"79e4fa1c":110,"3ef7432b":123,"f044c0e1":104,"95f6db13":118,"17b08923":120,"3310a049":113,"2d1e1e9d":114,"54a676d6":108,"cf50e84e":118,"b460f030":130,"c609739e":114,"6ebe2354":98,"baebb391":132,"26c6fa34":115,"a43061ee":99,"f1098793":119,"d9a64845":119,"b28a5e67":133,"61145ec9":128,"74c26380":132,"49cb2959":126,"65e4235b":120,"3c0df8b4":118,"bc3dc66a":121,"72805bf5":105,"12534561":112,"5f6613c8":100,"c93c3508":97,"081460bf":122,"6632fed0":130,"ded7da5a":124,"547903ef":128,"2ad42a9e":123,"8db62558":115,"5fa12feb":121,"381c68fa":123,"0841052c":126,"94a2fe10":120,"30fdcd3b":112,"430a5db5":124,"f1b493de":136,"fce3c5c6":103,"b5ce0c0c":128,"ba30e43a":132,"65a00a3c":118,"24ffcbd3":132,"44c77422":128,"4c4aa2e2":118,"ab7d4c9a":107,"719c8869":136,"36380d96":129,"6b78ad7f":123,"1b153aef":127,"5ee911b5":108,"0cb80f4a":113,"cd95f558":121,"792c9b6a":111,"1bd5b20b":126,"7a2f3f06":115,"a58bf525":119,"7ee148e9":114,"09f0db62":141,"5acce642":117,"37d0cae2":108,"d929098e":92,"82204d54":111,"ee21ad02":124,"062179c1":115,"124fbe96":104,"fef750ca":116,"93b0a158":127,"0e2b5d2f":129,"290b4714":114,"4c0e547b":115,"aec074c4":125,"835358a0":108,"92efd84f":122,"6e851762":108,"5a07fc2e":111,"50c3164b":125,"5f7d7195":115,"f4b2f575":101,"de6213c7":113,"a939b50b":116,"9d9dd9e5":105
1604737566132,"8a52882e":114,"48efc739":139,"449d8475":104,"d6320619":109,"d3e84616":127,"22176537":114,"57540cc3":131,"f3d68430":126,"7d6895f4":127,"315537b2":122,"6c524f99":126,"2a76f1dd":109,"07f98660":124,"76f94eda":116,"6f39f4d9":127,"ef14000f":130,"cb51f134":126,"f33c0140":113,"1e232870":126,"629800eb":125,"4930f321":110,"d4ee22a4":122,"6085137f":100,"c0b7e7d7":103,"578f6e9e":127,"3a204e56":127,"a6bcb07e":123,"32c9fc47":114,"95f6db13":119,"07fc4a9a":127,"d9dcdc4b":138,"05642105":123,"e7e82473":138,"13f0e139":108,"b6aaf976":131,"dd1fcb17":108,"d5dae4c4":144,"6e44927f":106,"08a561b7":117,"a5676c24":114,"f905a555":105,"2c6cb96f":95,"b230e8d3":119,"9b3f8714":125,"af034fee":118,"12534561":113,"61d4782d":121,"2ab62345":106,"e9a8cf11":122,"42cd2360":96,"26dd2000":138,"21ad2f34":118,"51c57542":122,"daab45c6":109,"cd421290":115,"d25e0f8d":133,"a0cca8b7":100,"3f9b5722":110,"a4f1d83b":113,"66497c7e":116,"6e24d88b":107,"1e7753d9":132,"ca6d2d91":119,"110b1ee3":113,"e1571af7":119,"c0b0f492":132,"a81a857c":113,"a0bc1ceb":121,"35b58ef9":111,"a636f4c9":128,"a43061ee":100,"1b153aef":128,"5f8517b7":139,"4ba6eb36":115,"45b038bb":141,"8245f916":118,"31f6d707":128,"db0a661e":112,"124fbe96":105,"7fef9973":121,"1757a30e":115,"f67de058":125,"13b53c7a":115,"ea822700":98,"92efd84f":123,"1f342a00":119,"88b3bc99":106,"0fc5ac7e":140,"fb7482fe":108,"f2364460":128,"84b67924":124,"9d63c4dd":122,"527ff946":130,"cf775f58":117,"77f31bab":131,"44a4f7cd":116,"90d52475":116,"ccdd1ce6":115,"7080f122":118,"53a8613c":136,"4469c815":91,"30dd2edc":122,"623c6a31":125,"f2f58418":104,"bb00e71c":97,"04cc7cbe":104,"2352c8ef":117,"1745a0f4":120,"b3f19a69":115,"ba586505":121,"5f4102da":121,"eb2e1983":116,"2a4a402a":115,"9496f56f":127,"76f94eda":117,"a3253019":111,"d9f512b9":123,"36380d96":130,"3bad3c95":100,"b320feb9":124,"e9679ede":105,"0dad37d5":112,"57167c74":110,"f121b82c":128,"104721f0":116,"1e232870":127,"9f74b8a4":112,"7ee148e9":115,"437fc3ec":120,"836701f6":111,"8dd649a3":106,"b935fc1c":111,"ea9bba6b":116,"6d61bf13":110,"e0f7679f":102,"0d2c95fe":117,"868edcc0":128,"a4dafea5":115,"6c73ae98":98,"5678ed7b":131,"95f6db13":120,"6a5b71b4":112,"2b698053":117,"6034b6d0":126,"7fb4c521":119,"7896b953":131,"781ace7d":117,"1d44aff3":130,"31f6ba51":116,"5a734022":107,"35aa7fd0":125,"42c80e69":127,"031e488e":117,"dc473de1":109,"af034fee":119,"00a481e3":129,"91f7ef72":113,"a851891c":113,"7c0a2db6":117,"20777945":106,"3b7763b1":103,"3007f31f":109,"18d20aa1":105,"b6ee137a":113,"c45d554f":123,"efd23af5":118,"61f25dd4":137,"66497c7e":117,"f4634d0b":112,"9d4da635":96,"110b1ee3":114,"58d46189":135,"d70ca4f4":132,"03dcfa3d":122,"74e01f6a":115,"23080895":103,"17807120":120,"a0b03218":112,"c27969ec":119,"8eb64769":118,"02d4753e":145,"ea274174":120,"08a4c3f8":118,"f9c15fcc":116,"0cb80f4a":114,"db0a661e":113,"9263c525":118,"26c390d6":110,"9fa62fee":109,"5a07fc2e":112,"d3a669ac":126,"778c95e9":118,"fd07e0ed":122,"23760167":111,"5f7d7195":116,"2c627253":123,"36b7003c":142,"84369269":103,"48efc739":140,"b8ab8e6e":116,"44a4f7cd":117,"08c6b5d2":127,"4469c815":92,"8cc4a982":123,"a77e8461":114,"ec2cb1af":119,"3454fa2b":118,"11b74e63":115,"fea793f5":123,"f56ac638":95,"8bc04eb5":121,"67d30f2b":115,"b102f7bd":124,"05f6ab35":117,"d39724bc":112,"37d0cae2":109,"7fdc2007":111,"062179c1":116,"fe8f3d36":107,"1105f790":119,"c95719e5":109,"437fc3ec":121,"095ab3b4":113,"25635c37":101,"fb7b7b3c":133,"e238f09b":122,"317c1591":130,"b2703001":127,"5678ed7b":132,"cf84fb54":119,"d6db2b02":124,"6c73ae98":99,"1438fad7":119,"d9dcdc4b":139,"5f620a1e":126,"a33fe0dd":127,"2af60749":118,"1623fc9f":116,"e9679ede":106,"638cb163":134,"f121b82c":129,"fe578280":115,"aa021138":126,"c4e70c07":120,"cb51f134":127,"9b172ca8":104,"1247fa52":123,"06ee61b6":107,"5f4102da":122,"53b4e647":127,"93b9fae6":110,"ef14000f":131,"30b6808c":113,"053f3451":114,"67c57de4":133,"cc5a1d47":104,"2dda3936":113,"6df0b2e8":138,"5f6613c8":101,"dcfaba4c":121,"dc03ebd2":129,"5f96c2bc":113,"f905a555":106,"3f75d3bc":128,"313258f2":117,"61145ec9":129,"fafb4cc2":149,"1c3a30c5":115,"73b15e04":113,"4cc141fa":98,"9fc713b0":131,"64a7f79f":116,"c6e3d352":124,"cac4449a":116,"1b153aef":129,"67f6e4f2":113,"db0a661e":114,"34658473":104,"f734c84c":133,"805534ac":119,"6bc5d32a":138,"261c9911":126,"2b3c49b9":123,"7bebff03":110,"d25e0f8d":134,"31408822":109,"110b1ee3":115,"c8977844":116,"0c0e98ea":112,"5cd3cfe0":99,"c3e6ef01":120,"1f11812e":125,"31f6ba51":117,"17446892":112,"71a2a493":91,"bfcb912a":116,"50c3164b":126,"70bc8325":110,"835358a0":109,"1f342a00":120,"f271ed5d":130,"527ff946":131,"7db3edda":118,"9d9dd9e5":106,"9147702f":101,"ce3407dd":116,"5f7d7195":117,"e99318a3":121,"48efc739":141,"44a4f7cd":118,"8cc4a982":124,"d4d5f466":114,"935ec056":109,"6775d5cd":119,"2a76f1dd":110,"a567ace4":116,"e0e48a2d":109,"c1bb74f2":105,"02d4753e":146,"6f0fcb9d":121,"b4fdf90e":122,"5270f158":117,"1951480c":105,"93ac9ca3":114,"3c43e8a2":125,"c95719e5":110,"22aeaf03":117,"363590c7":120,"5678ed7b":133,"59431390":117,"e0f7679f":103,"2045d7d6":114,"0b959527":107,"fce3c5c6":104,"88fa53d6":104,"470d50c2":116,"e3547548":106,"25776fc4":129,"36380d96":131,"ca7d47f7":123,"c382f054":136,"8e780922":117,"ebdbf580":126,"c21ab51e":97,"69134f07":114,"16b476e9":116,"70ee0491":108,"afe8e06a":107,"37d0cae2":110,"11b2c8d9":108,"04cc7cbe":105,"be3a10f8":133,"ef14000f":132,"053f3451":115,"cc5a1d47":105,"7566fdd6":133,"b73e789c":115,"c803b4a3":120,"ba938220":116,"eafbf9fb":116,"b946e146":135,"49902219":136,"dfa1a89b":107,"15620dca":129,"36d340f2":104,"a901627e":109,"aa867541":102,"d8e58a8c":134,"8a165e17":128,"781ace7d":118,"906fdec3":110,"7ae34c64":122,"49910300":109,"90731976":109,"54a676d6":109,"1438fad7":120,"48655f09":139,"27c8e038":133,"e8d74304":104,"6ebe2354":99,"f1098793":120,"8eb64769":119,"03dcfa3d":123,"1bd5b20b":127,"5fa12feb":122,"e2cbe594":109,"85de05f2":115,"77898c22":93,"20777945":107,"0a96f57a":128,"d70ca4f4":133,"5cd3cfe0":100,"f4343817":117,"a8726d50":107,"467773ac":114,"059d6c19":126,"61f25dd4":138,"74f234c6":139,"b7cc7909":118,"bfcb912a":117,"dcfaba4c":122,"40860a4b":99,"5eaa1581":110,"a47abfbb":108,"9b3f8714":126,"b7832271":130,"8657c79d":132,"fd07e0ed":123,"2d13e69b":118,"b5763ff6":100,"1f7607df":109,"c0e2624b":112,"66d94227":111,"815e4582":120,"394dc144":112,"2a387957":113,"54d7de6b":127,"16b476e9":117,"7ee7621c":115,"d9f512b9":124,"24ffcbd3":133,"a577db1c":103,"259930ee":130,"34c5c729":115,"1623fc9f":117,"9b742f71":111,"b7505747":121,"a4296d1e":120,"e5d3655c":130,"53431634":135,"8e99d5d0":134,"168e75d9":115,"f76a3e83":122,"6585adbe":91,"3652bd66":118,"608bc832":107,"c4aa1e38":104,"8323d333":103,"06073f13":129,"f1dffa24":106,"77d35808":112,"09f0db62":142,"fb7b7b3c":134,"578f6e9e":128,"c0b7e7d7":104,"3c43e8a2":126,"20811ddf":117,"6775d5cd":120,"fea793f5":124,"ba5c52af":119,"93b0a158":128,"478d2d4f":126,"e5b1abc6":109,"70ee0491":109,"11b2c8d9":109,"e35a63cd":118,"33d6bb6a":107,"77bfed7e":117,"a06a6430":116,"50c468ba":120,"0d7d88f1":119,"b9be31d6":119,"95539a58":102,"e57d5cda":118,"93fdbb44":106,"a983a6dc":105,"088feee2":128,"12dd6f5e":109,"15620dca":130,"af157d29":118,"a63bddd4":143,"f2ca27d9":113,"12012fbd":110,"9de29816":100,"b28a5e67":134,"a851891c":114,"7e8e1c3d":112,"c650b434":128,"3b7763b1":104,"e21c6207":110,"8ea21393":105,"c455f40e":109,"261c9911":127,"f1b493de":137,"fd482491":135,"8cf83787":111,"e7e82473":139,"b552beb3":117,"95f6db13":121,"f5829ac0":125,"a6bcb07e":124,"bab97de3":127,"73b15e04":114,"dd1fcb17":109,"ac62fac2":127,"23080895":104,"cf52025e":117,"9fc713b0":132,"a5aee5de":140,"08a561b7":118,"a5676c24":115,"ef8987d7":112,"5f96c2bc":114,"60d6cee2":113,"b7cc7909":119,"a2c334e7":134,"288a2c43":112,"725dce8b":131,"5a734022":108,"76f3a3be":118,"2d54e0a8":109,"084cbc0b":112,"aa5dfdf5":120,"72d7b461":129,"2c01e624":111,"6a3eaf43":114,"0fc5ac7e":141,"d83870f5":113,"4279e829":131,"1f11812e":126,"40a745c0":128,"8942c35b":120,"5cd3cfe0":101,"cf1124db":107,"2045d7d6":115,"62d1d346":100,"a81a857c":114,"9b742f71":112,"acac14fb":115,"ca7d47f7":124,"e3547548":107,"b3863630":108,"49b358bd":125,"d548635d":118,"79f04300":118,"9bdf362a":110,"c85a0d80":126,"b215547b":102,"d0e9a58e":111,"1ff8c2fc":127,"6585adbe":92,"45b038bb":142,"31f6d707":129,"5acaa06f":94,"db0a661e":115,"3712c4bd":103,"014bdff0":131,"25635c37":102,"8e4c33d2":120,"5781776a":118,"2882a956":117,"bb00e71c":98,"aa187e3b":105,"d815c5b4":140,"51a3e9c2":128,"92ca52b7":124,"f56ac638":96,"b8488fc8":120,"4c0e547b":116,"8721056e":106,"ba938220":117,"fee32863":117,"789bd484":114,"1d790491":124,"a939b50b":117,"36684155":117,"7080f122":119,"93fdbb44":107,"2b3e4717":117,"af157d29":119,"3f65f121":121,"f66616b7":120,"a77e8461":115,"d1715f3b":124,"25a7a0a3":122,"6143f39d":112,"053f3451":116,"eb2e1983":117,"c38c2b52":110,"2352c8ef":118,"0a96f57a":129,"ecfa8249":127,"93e8cee5":139,"f1b493de":138,"7cd0ad7b":130,"40e79dd3":118,"ffa08d82":119,"b9be31d6":120,"aa76bc50":103,"4930f321":111,"1dad0f99":119,"da04caac":117,"578f6e9e":129,"6b79fec2":109,"8b2b601d":115,"e81834aa":126,"d36125db":124,"fb44fa9c":134,"6c73ae98":100,"4ff2225d":109,"5678ed7b":134,"64a7f79f":117,"12a2cd4b":117,"a636f4c9":129,"eed20185":130,"9fc713b0":133,"ad8f85d6":128,"3e602573":112,"6e44927f":107,"313258f2":118,"d9a64845":120,"d8e58a8c":135,"731fc335":95,"2ab62345":107,"03b4ab60":111,"74e3d13e":119,"9f5e6cba":121,"181c3dd5":118,"c93c3508":98,"5f6613c8":102,"4bcd4a30":132,"7db3edda":119,"b5763ff6":101,"9316e7e8":98,"805534ac":120,"e2cbe594":110,"61f25dd4":139,"059d6c19":127,"92136ff5":122,"c3e6ef01":121,"430a5db5":125,"859545e6":99,"aab4d996":117,"fce3c5c6":105,"57167c74":111,"b320feb9":125,"b2c25d1c":116,"c1bdfd41":107,"efe84c27":115,"bd984a8e":109,"f8b31ce5":141,"69d4b754":111,"470d50c2":117,"d34a29b9":130,"f76a3e83":123,"36fb15d2":126,"92d38723":131,"40569362":130,"379184a7":127,"761cf820":122,"b377a62a":115,"49bf2e95":102,"5099c6a0":140,"d1676e89":116,"5781776a":119,"77d35808":113,"3a204e56":128,"e382ec3f":104,"1757a30e":116,"935ec056":110,"a6b5e869":110,"fea793f5":125,"ba586505":122,"5b5fc566":113,"c463799d":125,"ec11fe5f":102,"8f10fa42":149,"f2e3c0e3":103,"0e2b5d2f":130,"6c486702":120,"9b546d65":109,"7a4c064c":125,"d4ee22a4":123,"2ce1af05":103,"2b698053":118,"2f455cce":125,"d744bee2":109,"99e171db":114,"9ceb5439":105,"730338c4":126,"1634789b":113,"d0d6acb1":119,"1a0189c4":108,"cb6c9e42":135,"8cc4a982":125,"1d790491":125,"4469c815":93,"8547fbc2":110,"50d129cf":115,"1d153b20":116,"affb82bf":122,"f87c5031":108,"7080f122":120,"621d6b18":131,"00a17b46":122,"869cbaa0":133,"bc09fa9e":112,"d25e0f8d":135,"8f9b74b0":111,"5c82d1ce":119,"016953e4":124,"0b3283c9":117,"06ddafc7":97,"07fc4a9a":128,"4b3e3b1c":124,"5678ed7b":135,"6c73ae98":101,"489a39f7":106,"28d41578":123,"aa00769b":132,"01cd8099":121,"b2bd8fd3":113,"a0b03218":113,"804d4dfa":116,"481754fc":99,"aefe13f5":121,"4abb7aed":118,"49cb2959":127,"195eb771":111,"2dd0e808":117,"fd482491":136,"91f7ef72":114,"3f75d3bc":129,"c64de0c0":104,"d6d61bfc":124,"71279c46":110,"5e09f69e":134,"57d5dee8":127,"bc3dc66a":122,"e4714415":127,"1b153aef":130,"b8397293":104,"e0e6a097":110,"92d38723":132,"f1862e79":102,"761cf820":123,"7a2f3f06":116,"f6fe095d":128,"1951480c":106,"21e10a2b":119,"ecfa8249":128,"bfad1727":100,"94a2fe10":121,"74f234c6":140,"f4634d0b":113,"f883d582":111,"110b1ee3":116,"4360a1a3":134,"0c043224":132,"14c682eb":107,"c4e70c07":121,"c0b0f492":133,"fce3c5c6":106,"c0fea118":113,"7043382d":124,"7f86be64":119,"f2086446":118,"719c8869":137,"288d171f":117,"dac109cf":109,"efe84c27":116,"704bce0d":116,"e0154608":117,"aa187e3b":106,"d4d5f466":115,"ea4d3f3e":129,"a6b5e869":111,"4652b09a":137,"6b82b527":126,"2882a956":118,"c1bb74f2":106,"bd62d7ed":108,"a567ace4":117,"11b2c8d9":110,"78b97937":127,"fead11cf":106,"be3a10f8":134,"8fb236a9":101,"835358a0":110,"aaa274a5":119,"8cd78f77":126,"ef1c2dcb":113,"0bd93cfd":96,"2c01e624":112,"31d74eee":108,"f271ed5d":131,"8ec3834d":125,"b88033fd":121,"25d1b2d8":123,"ce3407dd":117,"a1921150":125,"a63bddd4":144,"9d9dd9e5":107,"be4f8ba8":113,"49902219":137,"affb82bf":123,"f3d68430":127,"623c6a31":126,"0e036ae9":136,"93b9fae6":111,"385ab7c6":120,"6a5b71b4":113,"d2466211":130,"ef14000f":133,"77bfed7e":118,"92136ff5":123,"83086d4c":125,"695a2b92":113,"5b60dd1d":125,"5781776a":120,"eda6a690":100,"4b3e3b1c":125,"7732eb1e":131,"fb44fa9c":135,"a8871ddf":100,"e8f173b5":122,"90731976":110,"1f88a4b7":136,"a636f4c9":130,"468fc85c":119,"c27969ec":120,"a901627e":110,"49cb2959":128,"71ba7561":113,"a472532e":110,"74c26380":133,"2c6cb96f":96,"a0cf08b3":101,"b230e8d3":120,"af034fee":120,"c4bff41f":123,"64db4feb":136,"dcfaba4c":123,"42c80e69":128,"6632fed0":131,"aa00769b":133,"73b15e04":115,"f1098793":121,"0f72f2d8":113,"08a4c3f8":119,"8323d333":104,"0cb80f4a":115,"fa55f27a":129,"f1862e79":103,"31f6d707":130,"5a0ead91":109,"26dd2000":139,"c8dc010f":132,"805534ac":121,"4dac6b20":95,"4295ce9a":125,"77898c22":94,"5272520d":113,"4279e829":132,"30d84dce":108,"467773ac":115,"8db62558":116,"9d4da635":97,"be40590d":117,"e1571af7":120,"aab4d996":118,"08a06557":142,"df2b4d87":114,"1a68160d":123,"d9f512b9":125,"5f620a1e":127,"4b4ecbce":102,"c5b35e4d":107,"805af3c7":124,"f33c0140":114,"6775d5cd":121,"aa187e3b":107,"e0e48a2d":110,"a6b5e869":112,"ee21ad02":125,"e4117b3b":108,"5b5fc566":114,"30c184b8":128,"fee32863":118,"e35a63cd":119,"fef750ca":117,"c463799d":126,"92ca52b7":125,"6e851762":109,"084cbc0b":113,"a6626a13":103,"5a07fc2e":113,"8657c79d":133,"f4726450":119,"0f1ac912":99,"77bae750":109,"d0d6acb1":120,"a939b50b":118,"1b881e6e":120,"99e171db":115,"1d790491":126,"36b7003c":143,"8547fbc2":111,"d3e84616":128,"18815a1b":111,"6143f39d":113,"4469c815":94,"217c0327":93,"7d6895f4":128,"f5e8dfee":132,"a06a6430":117,"76f94eda":118,"7a4c064c":126,"5e193fc8":122,"ebdbf580":127,"501db4de":117,"6a5b71b4":114,"6034b6d0":127,"93b9fae6":112,"2203f259":119,"1951480c":107,"95d3d348":114,"fb7b7b3c":135,"3c43e8a2":127,"c95719e5":111,"8274885a":125,"159ffd0b":105,"a3d4a0e5":124,"8b2b601d":116,"05642105":124,"411b5027":117,"3c782bb3":113,"0114160e":117,"f7231212":116,"a851891c":115,"d8e58a8c":136,"313258f2":119,"7c0a2db6":118,"ae016053":126,"a5fd8ffd":120,"3c18f28e":116,"5e09f69e":135,"181c3dd5":119,"f94bf9ea":123,"dcfaba4c":124,"74e3d13e":120,"c9efc8f6":115,"00a481e3":130,"24d24fa3":122,"d8475b95":94,"742f1425":119,"468fc85c":120,"1c3a30c5":116,"b460f030":131,"71bc1295":108,"7a2f3f06":117,"50312237":130,"379184a7":128,"ea274174":121,"b8397293":105,"fa55f27a":130,"4ba6eb36":116,"ecfa8249":129,"e2a7d915":97,"debe1f65":120,"21ad2f34":119,"26dd2000":140,"7b6a7048":124,"a0cca8b7":101,"f1b493de":139,"4279e829":133,"5ccf94d6":114,"b6591e25":122,"7cd0ad7b":131,"a8726d50":108,"7a9344a4":141,"c015ec5a":117,"4fd645f1":106,"04ea5673":121,"4def63ee":92,"87c462ee":126,"54d7de6b":128,"b3f19a69":116,"2882a956":119,"d83870f5":114,"67d30f2b":116,"5b5fc566":115,"82204d54":112,"478d2d4f":127,"aec074c4":126,"8cd78f77":127,"9ab755d3":110,"98915a1f":101,"e58b26f6":123,"2180f99b":123,"394dc144":113,"25d1b2d8":124,"2c01e624":113,"99e171db":116,"1a0189c4":109,"cf775f58":118,"ce3407dd":118,"1b881e6e":121,"217c0327":94,"51f57142":123
1604737567454,"b9a48a5c":108,"36d340f2":105,"175bc6b2":99,"8547fbc2":112,"416a9e97":107,"9f5e6cba":122,"af034fee":121,"72805bf5":106,"725dce8b":132,"bb8a6337":113,"24a9fb86":128,"5f6613c8":103,"2f455cce":126,"ea822700":99,"5747db6e":135,"3712c4bd":104,"60e855ee":132,"b935fc1c":112,"0b3283c9":118,"dc583e64":126,"a40846b7":131,"c7ab83c1":109,"11888cfa":106,"b2703001":128,"88a30343":114,"06ddafc7":98,"17b08923":121,"b84a06eb":125,"820225e4":97,"272c7672":124,"4bcd4a30":133,"d0d6acb1":121,"7e15f8e8":124,"f271ed5d":132,"f4b2f575":102,"44a4f7cd":119,"5a0eb771":116,"36b7003c":144,"4ed01268":107,"c98d5272":120,"3f65f121":122,"b946e146":136,"ccdd1ce6":116,"57540cc3":132,"f2ca27d9":114,"1d153b20":117,"865d9857":93,"946df4fd":122,"a636f4c9":131,"26c6fa34":116,"59c1e594":117,"87922532":135,"4b4ef7fa":107,"d8475b95":95,"1b153aef":131,"45b038bb":143,"4ac6bd4e":108,"dbc9df44":95,"14c682eb":108,"8f13c203":105,"2e3503e4":117,"dcf85091":104,"b7505747":122,"f121b82c":130,"696fdac5":115,"c21ab51e":98,"104721f0":117,"76f3a3be":119,"af034fee":122,"c9efc8f6":116,"bfcb912a":118,"60d6cee2":114,"8cddb65e":114,"0ecfa1c9":114,"8063df14":110,"d78dd457":104,"dd3913d2":110,"b102f7bd":125,"afe8e06a":108,"9fce073c":121,"76f94eda":119,"f7231212":117,"10ec5a0b":114,"4f59a322":121,"2b698053":119,"e28c2efc":104,"c7c4ec5c":103,"b4fdf90e":123,"0cb80f4a":116,"8c6e001f":100,"82868763":116,"095ab3b4":114,"317c1591":131,"6b79fec2":110,"26f99a1e":115,"0b3283c9":119,"5781776a":121,"1f88a4b7":137,"95bc84f1":110,"1be05c14":115,"3062379b":105,"84b67924":125,"2d13e69b":119,"51c57542":123,"0149e11a":104,"2ad42a9e":124,"cd421290":116,"df81ddee":107,"27d8bf51":116,"85de05f2":116,"1e191c98":100,"467773ac":116,"30dbfc69":112,"26ed1a5c":114,"6f81493d":106,"9316e7e8":99,"381c68fa":124,"3c6692a3":133,"d552eb2f":124,"1f342a00":121,"bad1a1cc":109,"2c01e624":114,"6e98dfda":122,"a1921150":126,"1a0189c4":110,"cb6c9e42":136,"1d790491":127,"394dc144":114,"9a467a82":118,"d3e84616":129,"8dd2684c":116,"d2a841c9":106,"f3d68430":128,"7d6895f4":129,"140ce69e":116,"f3a0c2ee":116,"fe44fc6f":113,"71e53c93":122,"537634c9":103,"ae016053":127,"56473430":132,"dd035d2a":113,"26009d3f":115,"28d41578":124,"0be540c5":128,"0d2c95fe":118,"4febf7c5":121,"4b4ef7fa":108,"804d4dfa":117,"c6e3d352":125,"eed20185":131,"468fc85c":121,"87ce8d1d":99,"c015ec5a":118,"859545e6":100,"0f029727":106,"37a7d5b0":120,"5f620a1e":128,"9b172ca8":105,"7043382d":125,"ab7d4c9a":108,"e7abc88d":108,"ffc86f94":93,"cb51f134":128,"1247fa52":124,"4c4aa2e2":119,"69134f07":115,"227006e4":108,"5f6613c8":104,"35aa7fd0":126,"181c3dd5":120,"3c18f28e":117,"71a2a493":92,"9b3f8714":127,"9d4f1fe6":114,"e4117b3b":109,"11b74e63":116,"d815c5b4":141,"677c6a09":140,"c0b23081":131,"d39724bc":113,"7af262e5":125,"b102f7bd":126,"d78dd457":105,"20958d58":110,"5f4102da":123,"dc0c8b09":132,"f2e3c0e3":104,"43d87483":119,"e28c2efc":105,"ef14000f":134,"c8113b77":105,"2b698053":120,"753ca352":105,"f7231212":118,"b35e9e1a":156,"4ba6eb36":117,"9263c525":119,"34658473":105,"f1862e79":104,"0cb80f4a":117,"5acaa06f":95,"6085137f":101,"5b60dd1d":126,"42191b64":94,"016953e4":125,"6ce84ff8":108,"c95719e5":112,"e45b4b53":97,"3c6692a3":134,"39ba00f0":121,"72b84094":148,"547903ef":129,"7d112f4d":126,"daab45c6":110,"ded7da5a":125,"5a622a23":112,"fb8bfb36":129,"059d6c19":128,"d70ca4f4":134,"d634aa28":135,"58d46189":136,"20e470e0":108,"3b690f68":133,"655941a0":130,"aec074c4":127,"88b3bc99":107,"b947257e":131,"cb6c9e42":137,"9147702f":102,"d1fe2868":125,"8cd78f77":128,"b88033fd":122,"ce3407dd":119,"97e75c19":134,"5d087c79":115,"bda8cdfb":122,"3661e12d":110,"d3e84616":130,"09560615":99,"4d35385e":117,"6d339d45":101,"0277d748":125,"7c0a2db6":119,"4bc46d7a":111,"dc03ebd2":130,"781ace7d":119,"c91966ce":107,"ae016053":128,"012de09c":116,"22ecaed0":113,"05642105":125,"a3d4a0e5":125,"1f88a4b7":138,"1be05c14":116,"28d41578":125,"90731976":111,"bab97de3":128,"73b15e04":116,"792cfcbd":111,"e8d74304":105,"a5aee5de":141,"9fc713b0":134,"a43061ee":101,"64a7f79f":118,"4c39240e":123,"d141db49":114,"685207b3":124,"1623fc9f":118,"4777334c":113,"1a2c020b":115,"efe84c27":117,"aa021138":127,"0dad37d5":113,"f8b31ce5":142,"b3863630":109,"719c8869":138,"f33c0140":115,"f3992a31":116,"31f6ba51":118,"bfcb912a":119,"8d04852b":117,"40860a4b":100,"6867261a":118,"1ed46298":128,"d39724bc":114,"abad2347":117,"ae99df30":110,"f0a06216":113,"e382ec3f":105,"7fef9973":122,"2882a956":120,"cfafcda8":115,"e5b1abc6":110,"8f10fa42":150,"e35a63cd":120,"8721056e":107,"c1bb74f2":107,"c463799d":127,"87083264":129,"9aa6a054":122,"77bfed7e":119,"869cbaa0":134,"af7e5be8":120,"ac030e74":111,"6df0b2e8":139,"00554ffd":132,"358e45b1":112,"d102b0c6":106,"8493f3b2":115,"e0e6a097":111,"0ac825ed":119,"b7407bd3":116,"836701f6":112,"71ff66e8":111,"312f7676":121,"cd421290":117,"261c9911":128,"4eed1bea":123,"3b7763b1":105,"26dd2000":141,"7bebff03":111,"56d315d8":101,"db703021":115,"70594a28":114,"906632cb":114,"40a745c0":129,"a68a93b2":109,"9147702f":103,"dd7acb96":121,"7e991ab9":89,"9fa62fee":110,"f4b2f575":103,"e58b26f6":124,"1d790491":128,"508aac3d":123,"7e15f8e8":125,"6e851762":110,"1a0189c4":111,"2b3e4717":118,"d957f027":110,"66d94227":112,"217c0327":95,"7a4c064c":127,"b2cfdbcf":116,"d9d0c567":119,"69eeae0d":103,"da04caac":118,"42cd2360":97,"f3a0c2ee":117,"74c26380":134,"6de0aaac":105,"affb82bf":124,"9a467a82":119,"f2ca27d9":115,"6d339d45":102,"36d340f2":106,"27f52ed3":134,"5781776a":122,"5270f158":118,"ea9bba6b":117,"f5829ac0":126,"8d753bb6":111,"0d2c95fe":119,"f277386e":99,"a3d4a0e5":126,"d36125db":125,"32c9fc47":115,"24d24fa3":123,"4b4ef7fa":109,"a43061ee":102,"bc392d1c":98,"a5aee5de":142,"73b15e04":117,"e8d74304":106,"0841052c":127,"66497c7e":118,"ca7d47f7":125,"4fd645f1":107,"4def63ee":93,"2154b6e8":108,"c0fea118":114,"65a00a3c":119,"f76a3e83":124,"b320feb9":126,"acac14fb":116,"62d1d346":101,"90a06ee9":111,"5e193fc8":123,"b3863630":110,"1e232870":128,"d929098e":93,"6ee92259":120,"677c6a09":141,"b0869206":126,"7735c3c2":109,"abad2347":118,"54d7de6b":129,"fef750ca":118,"478d2d4f":128,"13b53c7a":116,"7af262e5":126,"f67de058":126,"062179c1":117,"50b558a7":100,"57d5dee8":128,"d6d61bfc":125,"5ac86fb9":127,"a6003226":113,"b7cc7909":120,"6df0b2e8":140,"60d6cee2":115,"554ebb83":118,"761cf820":124,"336d0f08":133,"8493f3b2":116,"f9c15fcc":117,"d102b0c6":107,"5acaa06f":96,"feb67030":109,"b6ee137a":114,"8ea21393":106,"6b9eff39":113,"110b1ee3":117,"ded7da5a":126,"cd421290":118,"467773ac":117,"730338c4":127,"22234d6b":117,"aec074c4":128,"084cbc0b":114,"789bd484":115,"2a06ab95":132,"48efc739":142,"e99318a3":122,"4bcd4a30":134,"8cd78f77":129,"23760167":112,"c67979e6":141,"9c29f0ed":139,"629800eb":126,"ac030e74":112,"cc5a1d47":106,"ba938220":118,"abd32136":117,"053f3451":117,"b28a5e67":135,"abc1d7ad":122,"95904ac4":131,"43bc86e3":109,"3101354b":106,"d9d0c567":120,"345c9967":109,"c6c85783":122,"794f652b":127,"8547fbc2":113,"363590c7":121,"317c1591":132,"27f52ed3":135,"b1f58563":119,"e238f09b":123,"5781776a":123,"6085137f":102,"2d1e1e9d":115,"d6db2b02":125,"a3d4a0e5":127,"0d2c95fe":120,"1be05c14":117,"95f6db13":122,"88a30343":115,"b2bd8fd3":114,"a543ec74":113,"458dcc3d":130,"12a2cd4b":118,"ccdd1ce6":117,"172217e5":122,"d2a841c9":107,"1d153b20":118,"1a2ec5d7":127,"5a622a23":113,"40a745c0":130,"31408822":110,"0d5ee801":108,"1f11812e":127,"62d1d346":102,"aab4d996":119,"c7636527":102,"e786063b":124,"4b4ecbce":103,"49b358bd":126,"c4feee5b":125,"c8fcad77":108,"5be594be":121,"8f13c203":106,"e1618359":127,"704bce0d":117,"754f98c9":123,"1e232870":129,"315537b2":123,"558d5ce7":118,"677c6a09":142,"bd2705b0":134,"d815c5b4":142,"6775d5cd":122,"e382ec3f":106,"124fbe96":106,"e4c312fe":111,"fef750ca":119,"f5e8dfee":133,"afe8e06a":109,"2352c8ef":119,"92ca52b7":126,"2bcca6a7":134,"55928ef1":117,"47cfba38":108,"60d6cee2":116,"35b58ef9":112,"9fc713b0":135,"804d4dfa":118,"1bd5b20b":128,"9260d96b":138,"408bb2ed":111,"c7c4ec5c":104,"b377a62a":116,"40569362":131,"761cf820":125,"5774ac0d":129,"1ed46298":129,"081460bf":123,"24a9fb86":129,"feb67030":110,"6bc5d32a":139,"da3437cd":112,"13747b82":128,"6751d8e4":127,"1b881e6e":122,"ea822700":100,"5957df9e":109,"1f7607df":110,"0f1ac912":100,"95539a58":103,"9f74b8a4":113,"d83294cd":110,"87083264":130,"b73e789c":116,"869cbaa0":135,"f1df62b4":125,"8db5a165":109,"f905a555":107,"dc03ebd2":131,"fafb4cc2":150,"ec110282":138,"56473430":133,"195eb771":112,"d1676e89":117,"1da771fb":112,"3a204e56":129,"f2470875":134,"6ce84ff8":109,"19f9ca86":122,"82868763":117,"0be540c5":129,"f5829ac0":127,"b36a0d66":99,"e7e82473":140,"4945c851":125,"8b2b601d":117,"05642105":126,"09560615":100,"a6626a13":104,"b8ab8e6e":117,"92efd84f":124,"8cc4a982":126,"1d790491":129,"5a622a23":114,"f734c84c":134,"7bebff03":112,"f4343817":118,"ca6d2d91":120,"0c0e98ea":113,"a68a93b2":110,"30fdcd3b":113,"4360a1a3":135,"6e24d88b":108,"be40590d":118,"65a00a3c":120,"f8b31ce5":143,"fce3c5c6":107,"696fdac5":116,"d9f512b9":126,"1a68160d":124,"25776fc4":130,"c21ab51e":99,"0b959527":108,"719c8869":139,"8e780922":118,"1247fa52":125,"06ee61b6":108,"f121b82c":131,"835358a0":111,"1634789b":114,"f87c5031":109,"c98d5272":121,"c793cdda":124,"1d153b20":119,"315537b2":124,"3661e12d":111,"416a9e97":108,"f56ac638":97,"dffa7793":93,"6841f77e":128,"3b2dee89":118,"cb4f262b":111,"ba5c52af":120,"0d770b97":118,"b87158fb":126,"88ce179e":130,"bc392d1c":99,"2c24d929":124,"458dcc3d":131,"ae8a09c4":111,"56752a4a":104,"a5aee5de":143,"99d130c9":131,"288afc30":116,"d0b297b2":103,"8245f916":119,"8c6e001f":101,"d0e9a58e":112,"bb8a6337":114,"227006e4":109,"b35bb8a1":107,"32133249":115,"47cfba38":109,"31f6ba51":119,"74e3d13e":121,"ea822700":101,"2c627253":124,"8f10fa42":151,"1105f790":120,"c8113b77":106,"fee32863":119,"76f94eda":120,"dfcc2ad1":136,"6034b6d0":128,"9fce073c":122,"0e2b5d2f":131,"53b4e647":128,"ba938220":119,"ef14000f":135,"6e44927f":108,"ae016053":129,"4bc46d7a":112,"28654c76":123,"abc1d7ad":123,"4abb7aed":119,"71e53c93":123,"2f455cce":127,"7e15f8e8":126,"815e4582":121,"c0e2624b":113,"0fc5ac7e":142,"0670c466":109,"8d000d6e":109,"5acaa06f":97,"a58bf525":120,"f5cd79c1":109,"0b3283c9":120,"71ff66e8":112,"016953e4":126,"312f7676":122,"09f0db62":143,"1138796e":127,"06ddafc7":99,"0b5a0408":114,"54a676d6":110,"4b3e3b1c":126,"d36125db":126,"6adce358":130,"d3a669ac":127,"2a387957":114,"c793cdda":125,"5957df9e":110,"254cc28c":133,"bfad1727":101,"31408822":111,"70594a28":115,"4279e829":134,"0d5ee801":109,"efd23af5":119,"7cd0ad7b":132,"3007f31f":110,"25e0dd3d":124,"30fdcd3b":114,"6bc5d32a":140,"c3e6ef01":122,"19e9776f":121,"7e8e1c3d":113,"ce3bf5db":107,"aab4d996":120,"685207b3":125,"24ffcbd3":134,"1247fa52":126,"df2b4d87":115,"69d4b754":112,"2af60749":119,"a3253019":112,"caddd0a7":120,"6de0aaac":106,"9de29816":101,"3661e12d":112,"be4f8ba8":114,"af157d29":120,"f87c5031":110,"0e036ae9":137,"54d7de6b":130,"16b476e9":118,"e382ec3f":107,"67d30f2b":117,"bd2705b0":135,"ae99df30":111,"290b4714":115,"a4dafea5":116,"d82592f4":113,"b6aaf976":132,"458dcc3d":132,"12271e14":117,"59c1e594":118,"ae8a09c4":112,"0eaf08da":119,"4ac6bd4e":109,"9260d96b":139,"8d000d6e":110,"57167c74":112,"b2c25d1c":117,"90a06ee9":112,"145c7559":125,"b7cc7909":121,"2132fe93":125,"71a2a493":93,"31f6ba51":120,"181c3dd5":121,"24a9fb86":130,"c64de0c0":105,"733c86f8":115,"2bcca6a7":135,"be3a10f8":135,"70ee0491":110,"dc0c8b09":133,"05f6ab35":118,"78467b8a":140,"629800eb":127,"7e95c5a0":127,"9fce073c":123,"cc5a1d47":107,"056ea7ff":126,"f7231212":119,"00a17b46":123,"a901627e":111,"c91966ce":108,"71e53c93":124,"616d6dd6":115,"5a07fc2e":114,"b2a8761b":98,"8323d333":105,"31f6d707":131,"fe0df575":125,"5270f158":119,"39bbc4bc":131,"2c5c1dc0":112,"8dd649a3":107,"3a204e56":130,"22aeaf03":118,"c7ab83c1":110,"d36125db":127,"07fc4a9a":129,"3c782bb3":114,"8d753bb6":112,"b2703001":129,"fb44fa9c":136,"70bc8325":111,"6e851762":111,"d5557fb4":124,"de6213c7":114,"77bae750":110,"53747a91":118,"c650b434":129,"c45d554f":124,"3007f31f":111,"3b7763b1":106,"e1f0dbfd":132,"f734c84c":135,"0841052c":128,"7cd0ad7b":133,"026766f3":116,"74f234c6":141,"93683c82":112,"c3e6ef01":123,"110b1ee3":118,"859545e6":101,"6751d8e4":128,"1b881e6e":123,"d744bee2":110,"e15fd611":105,"d552eb2f":125,"90d52475":117,"0f1ac912":101,"ce3407dd":120,"4d35385e":118,"2dda3936":114,"21ee2afe":127,"a63bddd4":145,"f3d68430":129,"22ecaed0":114,"0e036ae9":138,"3a291497":105,"a5fd8ffd":121,"731fc335":96,"e4117b3b":110,"16b476e9":119,"6775d5cd":123,"87c462ee":127,"0d770b97":119,"e0e48a2d":111,"290b4714":116,"e0f7679f":104,"a5aee5de":144,"3e602573":113,"4b4ef7fa":110,"6ebe2354":100,"d82592f4":114,"b2bd8fd3":115,"aa00769b":134,"7be025ce":122,"b215547b":103,"754f98c9":124,"b7505747":123,"fe578280":116,"62d1d346":103,"470d50c2":118,"49b358bd":127,"92f800f5":117,"9b742f71":113,"3bad3c95":101,"c85a0d80":127,"e9679ede":107,"8cddb65e":115,"c93c3508":99,"7af9d3b1":124,"ed4fad08":123,"e9a8cf11":123,"5774ac0d":130,"51f80f4c":133,"11b2c8d9":111,"fe8f3d36":108,"a59a8290":124,"1105f790":121,"a567ace4":118,"e5b1abc6":111,"9b546d65":110,"c803b4a3":121,"056ea7ff":127,"93b9fae6":113,"d5059415":116,"629800eb":128,"d4ee22a4":124,"faf4f98b":127,"34658473":106,"cd95f558":122,"cfe72ead":104,"408bb2ed":112,"36fb15d2":127,"4ea4a2a1":130,"b35e9e1a":157,"6b79fec2":111,"09f0db62":144,"dc583e64":127,"25635c37":103,"26f99a1e":116,"6d61bf13":111,"d1676e89":118,"1db42092":125,"6a60348e":113,"9147702f":104,"85de05f2":117,"5c82d1ce":120,"5a622a23":115,"8f9b74b0":112,"9d0546ac":115,"7bebff03":113,"cd421290":119,"20e470e0":109,"4279e829":135,"30dbfc69":113,"0c0e98ea":114,"0af920d8":103,"430a5db5":126,"d634aa28":136,"fd07e0ed":124,"911e770b":122,"dd7acb96":122,"99e171db":117,"50c3164b":127,"aaa274a5":120,"b88033fd":123,"25d1b2d8":125,"2c01e624":115,"815e4582":122,"1b881e6e":124,"97e75c19":135,"2b3e4717":119,"2dda3936":115,"8547fbc2":114,"315537b2":125,"21ee2afe":128,"3661e12d":113,"d6320619":110,"affb82bf":125,"f789f6d8":125,"fd482491":137,"aa867541":103,"616d6dd6":116,"ae016053":130,"28654c76":124,"313258f2":120,"5eab91a0":126,"b0869206":127,"6c20c153":115,"e6ec8cbf":129,"8bc04eb5":122,"6b82b527":127,"69f3bfcc":113,"f044c0e1":105,"5678ed7b":136,"e81834aa":127,"a4dafea5":117,"a5aee5de":145,"ac62fac2":128,"9fc713b0":136,"dfc89705":116,"0eaf08da":120,"a43061ee":103,"c6e3d352":126,"8f13c203":107,"6fb4cdda":127,"caddd0a7":121,"1a2c020b":116,"24ffcbd3":135,"fe578280":117,"3bad3c95":102,"d9f512b9":127,"f121b82c":132,"d34a29b9":131,"d141db49":115,"fbdffc95":113,"168e75d9":116,"c4feee5b":126,"51f80f4c":134,"7af9d3b1":125,"32133249":116,"a1370ab0":123,"288a2c43":113,"aa9ea5e8":104,"227006e4":110,"e356abf1":128,"afe8e06a":110,"a8c93bed":118,"fee32863":120,"0f89862c":105,"fe8f3d36":109,"fead11cf":107,"8b5a8e9f":128,"056ea7ff":128,"4f59a322":122,"0d28db94":106,"91536e85":126,"c803b4a3":122,"621d6b18":132,"0d7d88f1":120,"d102b0c6":108,"0cb80f4a":118,"d0b297b2":104,"608bc832":108,"b35e9e1a":158,"3a1b9af5":116,"336d0f08":134,"095ab3b4":115,"82868763":118,"fb7b7b3c":136,"5099c6a0":141,"5410e9c6":128,"22aeaf03":119,"9a3cc55d":113,"6490bac6":107,"ded7da5a":127,"6bc5d32a":141,"9d0546ac":116,"21e10a2b":120,"5a622a23":116,"fb8bfb36":130
1604737568342,"1a2ec5d7":128,"7cd0ad7b":134,"655941a0":131,"dae0f922":127,"f883d582":112,"c3e6ef01":124,"cd3bbe7e":118,"9e65c0ef":109,"a81a857c":115,"1a68160d":125,"a577db1c":104,"1a2c020b":117,"ce3bf5db":108,"5e193fc8":124,"e5d3655c":131,"104721f0":118,"e786063b":125,"77300e4a":107,"fce3c5c6":108,"4b4ecbce":104,"145c7559":126,"ae016053":131,"61145ec9":130,"6e44927f":109,"65e4235b":121,"52eca0dc":113,"74c26380":135,"537634c9":104,"e6ec8cbf":130,"40e79dd3":119,"2ad42a9e":125,"efd23af5":120,"21ad2f34":120,"b6ee137a":115,"e1f0dbfd":133,"fb8bfb36":131,"04cc7cbe":106,"b0869206":128,"95d331b1":104,"290b4714":117,"6841f77e":129,"a502c93c":104,"a567ace4":119,"05f6ab35":119,"4c0e547b":117,"7af262e5":127,"a0685bf3":132,"062179c1":118,"e35a63cd":121,"619fda68":144,"76f94eda":121,"1dad0f99":120,"8ac72326":102,"00a17b46":124,"67c57de4":134,"9aa6a054":123,"a68a93b2":111,"467773ac":118,"30dbfc69":114,"94a2fe10":122,"059d6c19":129,"31408822":112,"88a30343":116,"b36a0d66":100,"69f3bfcc":114,"f5829ac0":128,"a4dafea5":118,"f044c0e1":106,"0b5a0408":115,"aefe13f5":122,"c609739e":115,"03dcfa3d":124,"d82592f4":115,"a0bc1ceb":122,"812b4f15":106,"1c3a30c5":117,"1a2ec5d7":129,"fbdffc95":114,"805af3c7":125,"c7313e0a":126,"e32524d6":120,"655954ba":118,"88fa53d6":105,"14c682eb":109,"0da28f5b":121,"c8fcad77":109,"b2c25d1c":118,"4def63ee":94,"145c7559":127,"dbc9df44":96,"b215547b":104,"a901627e":112,"d8e58a8c":137,"61145ec9":131,"71e53c93":125,"4bc46d7a":113,"7ae34c64":123,"28654c76":125,"22234d6b":118,"f069bb07":116,"d744bee2":111,"88b3bc99":108,"842c8340":104,"c67979e6":142,"1f7607df":111,"92efd84f":125,"394dc144":115,"f66616b7":121,"272c7672":125,"77f31bab":132,"fe0df575":126,"7a6aa4b6":119,"6f0fcb9d":122,"332820ce":122,"5f8517b7":140,"d0e9a58e":113,"2e99f8fd":107,"93ac9ca3":115,"095ab3b4":116,"8dc9b4db":129,"6bc5d32a":142,"df81ddee":108,"bfad1727":102,"aff8e442":128,"c98d5272":122,"3454fa2b":119,"315537b2":126,"217c0327":96,"a63bddd4":146,"01d817b8":98,"dfa1a89b":108,"9e206c95":130,"ee75b607":108,"290b4714":118,"93b0a158":129,"1bb4ccc0":129,"8bc04eb5":123,"3b2dee89":119,"d39724bc":115,"9a3ab0b8":107,"e5b1abc6":112,"a8c93bed":119,"a567ace4":120,"b8488fc8":121,"c1bb74f2":108,"d78dd457":106,"b9be31d6":121,"6f39f4d9":128,"a851554d":127,"a0ce82b4":125,"4dac6b20":96,"debe1f65":121,"66b7b5b4":111,"016953e4":127,"60e855ee":133,"fb7b7b3c":137,"5099c6a0":142,"b552beb3":118,"0d2c95fe":121,"54a676d6":111,"b2703001":130,"06ddafc7":100,"05642105":127,"0114160e":118,"4febf7c5":122,"26c6fa34":117,"ad8f85d6":129,"804d4dfa":119,"2198ba8e":108,"3e602573":114,"23080895":105,"93683c82":113,"ddec9e54":109,"d033db8d":124,"26ed1a5c":115,"dae0f922":128,"5cd3cfe0":102,"4577b333":116,"65a00a3c":121,"14c682eb":110,"b2c25d1c":119,"28d40296":100,"c7313e0a":127,"90a06ee9":113,"9e65c0ef":110,"24ffcbd3":136,"8e99d5d0":135,"04ea5673":122,"f33c0140":116,"168e75d9":117,"53431634":136,"af7e5be8":121,"95539a58":104,"e57d5cda":119,"c38c2b52":111,"abd32136":118,"6e44927f":110,"b2cfdbcf":117,"71e53c93":126,"195eb771":113,"a5fd8ffd":122,"28654c76":126,"3101354b":107,"a47abfbb":109,"540df50f":122,"b230e8d3":121,"bfcb912a":120,"162a7348":120,"32133249":117,"47cfba38":110,"84b767be":145,"d0d6acb1":122,"084cbc0b":115,"72d7b461":130,"761cf820":126,"3d1af513":130,"7a2f3f06":118,"b2a8761b":99,"67f6e4f2":114,"5f8517b7":141,"288afc30":117,"b0869206":129,"dffa7793":94,"00cf385d":123,"a6b5e869":113,"93b0a158":130,"6841f77e":130,"e356abf1":129,"dd3913d2":111,"bd62d7ed":109,"a66a2d8a":134,"8b5a8e9f":129,"831c7b85":112,"c6dc900c":97,"062179c1":119,"2ad42a9e":126,"27d8bf51":117,"40e79dd3":120,"a625328f":130,"835358a0":112,"31d74eee":109,"d1fe2868":126,"4bcd4a30":135,"2a387957":115,"91d52a55":119,"aff8e442":129,"9ceb5439":106,"cf775f58":119,"b946e146":137,"f5596d0f":126,"a63bddd4":147,"22176537":115,"2cb29e5a":132,"12012fbd":111,"3661e12d":114,"18d20aa1":106,"feb67030":111,"3b7763b1":107,"60e855ee":134,"578f6e9e":130,"b769bdfb":121,"25635c37":104,"695a2b92":114,"1da771fb":113,"c7ab83c1":111,"6d802fa2":107,"7732eb1e":132,"159ffd0b":106,"3310a049":114,"6c73ae98":102,"88a30343":117,"a8871ddf":101,"468fc85c":122,"a0bc1ceb":123,"b460f030":132,"0eaf08da":121,"cbad3b92":142,"5fa12feb":123,"c2bb8aae":118,"180377be":116,"30fdcd3b":115,"40a745c0":131,"f4634d0b":114,"a8726d50":109,"d033db8d":125,"7be025ce":123,"859545e6":102,"ba30e43a":133,"44c77422":129,"6b78ad7f":124,"b215547b":105,"ca7d47f7":126,"a4296d1e":121,"92f800f5":118,"acac14fb":117,"aa021138":128,"87083264":131,"ae95f2ba":129,"9496f56f":128,"e4cfef0a":101,"b73e789c":117,"e57d5cda":120,"7e95c5a0":128,"dc03ebd2":132,"d9d0c567":121,"a5676c24":116,"195eb771":114,"a0cf08b3":102,"56473430":134,"1d44aff3":131,"e7abc88d":109,"90a06ee9":114,"b3863630":111,"7af9d3b1":126,"c852d240":123,"3a1d1632":96,"0681c48e":130,"17446892":113,"2ab62345":108,"5774ac0d":131,"d3a669ac":128,"70bc8325":112,"72d7b461":131,"d82592f4":116,"a43061ee":104,"08a4c3f8":120,"e0e6a097":112,"b2a8761b":100,"0cb80f4a":119,"792c9b6a":112,"b35e9e1a":159,"49bf2e95":103,"ee75b607":109,"dffa7793":95,"6c20c153":116,"7f6d1d0e":129,"79be29c8":115,"37d0cae2":111,"5acce642":118,"1105f790":122,"1745a0f4":121,"eb2e1983":118,"31d74eee":110,"7db3edda":120,"3062379b":106,"815e4582":123,"dd7acb96":123,"44a4f7cd":120,"5f7d7195":118,"50c3164b":128,"04643409":128,"a9b1bd51":90,"47d27624":107,"e9adbe58":117,"25a7a0a3":123,"8547fbc2":115,"eeaa2d46":127,"eafbf9fb":117,"558d5ce7":119,"0277d748":126,"d599b566":127,"f6fe095d":129,"60e855ee":135,"5410e9c6":129,"ea9bba6b":118,"27f52ed3":136,"fb7b7b3c":138,"0d2c95fe":122,"a3d4a0e5":128,"0be540c5":130,"a8871ddf":102,"17b08923":122,"b552beb3":119,"ce4da56f":124,"baebb391":133,"e21c6207":111,"a0cca8b7":102,"feb67030":112,"18d20aa1":107,"6490bac6":108,"da3437cd":113,"cd3bbe7e":119,"40e79dd3":121,"5272520d":114,"30dbfc69":115,"1f11812e":128,"a68a93b2":112,"e62d705f":104,"be40590d":119,"a33fe0dd":128,"dac109cf":110,"9bdf362a":111,"2a4a402a":116,"78b97937":128,"a8c93bed":120,"50b558a7":101,"7e95c5a0":129,"76f94eda":122,"d7cb9bcf":114,"0bfabf48":115,"597c1f81":113,"a85d89cc":114,"ef14000f":136,"fd482491":138,"8a165e17":129,"2c6cb96f":97,"6023df54":117,"ec110282":139,"a472532e":111,"00a481e3":131,"638cb163":135,"acac14fb":118,"d9d7c4c2":126,"24ffcbd3":137,"d548635d":119,"be149c6f":107,"bb8a6337":115,"0681c48e":131,"c9efc8f6":117,"2ab62345":109,"af034fee":123,"51f80f4c":135,"9b742f71":114,"4777334c":114,"4c4aa2e2":120,"704bce0d":118,"7f86be64":120,"c27969ec":121,"bc392d1c":100,"12271e14":118,"35b58ef9":113,"a0bc1ceb":124,"c6e3d352":127,"6f0fcb9d":123,"b7407bd3":117,"92d38723":133,"d102b0c6":109,"7a2f3f06":119,"8323d333":106,"f9c15fcc":118,"a4296d1e":122,"4b125e7b":120,"20811ddf":118,"9d4f1fe6":115,"9cb4697f":129,"87c462ee":128,"e4117b3b":111,"2882a956":121,"835358a0":113,"a6626a13":105,"5747db6e":136,"97e75c19":136,"ea822700":102,"cf775f58":120,"af0b61ab":112,"d1fe2868":127,"3062379b":107,"aaa274a5":121,"794f652b":128,"8dd2684c":117,"2b3e4717":120,"a63bddd4":148,"88432019":108,"44a4f7cd":121,"6143f39d":114,"1634789b":115,"e9adbe58":118,"945b63f0":142,"bb99c79c":119,"6ce84ff8":110,"c318d350":130,"e45b4b53":98,"8dd649a3":108,"437fc3ec":122,"2203f259":120,"363590c7":122,"0b5a0408":116,"54a676d6":112,"e81834aa":128,"411b5027":118,"f044c0e1":107,"6db0ea86":119,"07fc4a9a":130,"e1f0dbfd":134,"20777945":108,"c455f40e":110,"18d20aa1":108,"913a6226":116,"8f9b74b0":113,"3007f31f":112,"902f49f5":116,"e62d705f":105,"30d84dce":109,"40a745c0":132,"0af920d8":104,"906632cb":115,"9316e7e8":100,"25a2844e":127,"6c486702":121,"0e2b5d2f":132,"05f6ab35":120,"ba5c52af":121,"c6dc900c":98,"8721056e":108,"0d7d88f1":121,"753ca352":106,"95539a58":105,"6a5b71b4":115,"b73e789c":118,"43d87483":120,"87cd2add":103,"3c0df8b4":119,"a472532e":112,"3a291497":106,"aa867541":104,"810aa5e9":127,"7be025ce":124,"be149c6f":108,"725dce8b":133,"8cddb65e":116,"bc3dc66a":123,"1ed46298":130,"a6003226":114,"8d04852b":118,"d6f0d94a":108,"0a2f71bc":110,"cc6bbe45":118,"9267f0ef":133,"e3547548":108,"1a2c020b":118,"13f0e139":109,"e6fac295":108,"a0b03218":114,"4febf7c5":123,"2c24d929":125,"17807120":121,"804d4dfa":120,"9263c525":120,"08a4c3f8":121,"ef16ca37":120,"3a1b9af5":117,"336d0f08":135,"4ba6eb36":118,"1bd5b20b":129,"9e65c0ef":111,"145c7559":128,"ca7d47f7":127,"e9679ede":108,"cb51f134":129,"c7313e0a":128,"1e232870":130,"95904ac4":132,"616d6dd6":117,"8bc04eb5":124,"4258c176":110,"e4c312fe":112,"d815c5b4":143,"abad2347":119,"124fbe96":107,"f0a06216":114,"2a06ab95":133,"835358a0":114,"90d52475":118,"730338c4":128,"aaa274a5":122,"2a387957":116,"0d2a1c58":111,"a939b50b":119,"8a52882e":115,"fd07e0ed":125,"cf775f58":121,"39ba00f0":122,"cb6c9e42":138,"39a2fcce":109,"d2a841c9":108,"09560615":101,"bc021def":119,"6143f39d":115,"546f6845":125,"8cc4a982":127,"416a9e97":109,"d599b566":128,"2c5c1dc0":113,"7ee148e9":116,"095ab3b4":117,"dc583e64":128,"22aeaf03":120,"eda6a690":101,"f044c0e1":108,"1db42092":126,"32c9fc47":116,"d36125db":128,"e36dfd6f":114,"b552beb3":120,"6d802fa2":108,"ab7467de":125,"e2a7d915":98,"feb67030":113,"e21c6207":112,"bc09fa9e":113,"7bebff03":114,"4eed1bea":124,"026766f3":117,"e62d705f":106,"d634aa28":137,"4360a1a3":136,"0af920d8":105,"cf1124db":108,"ca6d2d91":121,"fef750ca":120,"733c86f8":116,"11b2c8d9":112,"2a4a402a":117,"6a7392d5":109,"cfafcda8":116,"50b558a7":102,"9aa6a054":124,"9fce073c":124,"d2466211":131,"385ab7c6":121,"d4ee22a4":125,"4930f321":112,"ae95f2ba":130,"4125085e":130,"181c3dd5":122,"540df50f":123,"c4bff41f":124,"dcfaba4c":125,"8d04852b":119,"72805bf5":107,"ac62fac2":129,"b7df1559":122,"0eaf08da":122,"12a2cd4b":119,"b2bd8fd3":116,"ae8a09c4":113,"cbad3b92":143,"36fb15d2":128,"d102b0c6":110,"5f8517b7":142,"1623fc9f":119,"7f86be64":121,"859545e6":103,"69d4b754":113,"aa021138":129,"e5d3655c":132,"104721f0":119,"dcf85091":105,"d141db49":116,"77300e4a":108,"b320feb9":127,"79f04300":119,"4c39240e":124,"754f98c9":125,"71e53c93":127,"abc1d7ad":124,"28654c76":127,"43bc86e3":110,"3f75d3bc":130,"7896b953":132,"45b5746e":111,"6ee92259":121,"11b74e63":117,"cfe72ead":105,"db0a661e":116,"4ac6bd4e":110,"b8397293":106,"578f6e9e":131,"016953e4":128,"437fc3ec":123,"27f52ed3":137,"b1f58563":120,"22aeaf03":121,"6b79fec2":112,"6a60348e":114,"0b5a0408":117,"013ee301":117,"f044c0e1":109,"7028b044":107,"884b0ad1":115,"84b767be":146,"aa5dfdf5":121,"1634789b":116,"9d63c4dd":123,"cbb54a0a":100,"99e171db":118,"2a06ab95":134,"272c7672":126,"8ec3834d":126,"d1fe2868":128,"bad1a1cc":110,"50d129cf":116,"dfa1a89b":109,"865d9857":94,"4469c815":95,"eafbf9fb":118,"6d339d45":103,"623c6a31":127,"d2a841c9":109,"debe1f65":122,"feb67030":114,"b6ee137a":116,"5c82d1ce":121,"70594a28":116,"201cafad":111,"92136ff5":124,"4360a1a3":137,"4ee62a26":110,"61f25dd4":140,"0841052c":129,"9316e7e8":101,"54d7de6b":131,"4258c176":111,"04cc7cbe":107,"6b82b527":128,"ea4d3f3e":130,"fead11cf":108,"f67de058":127,"062179c1":120,"7fdc2007":112,"fee32863":121,"33d6bb6a":108,"9d023afb":131,"8ac72326":103,"77bfed7e":120,"f1df62b4":126,"0d28db94":107,"c38c2b52":112,"d2466211":132,"87083264":132,"c3e6ef01":125,"dcfaba4c":126,"288a2c43":114,"35aa7fd0":127,"4125085e":131,"9b3f8714":128,"026766f3":118,"6c73ae98":103,"7732eb1e":133,"26009d3f":116,"481754fc":100,"13f0e139":110,"4cc141fa":99,"c609739e":116,"0eaf08da":123,"aa00769b":135,"b7df1559":123,"014460b9":142,"ca7d47f7":128,"e786063b":126,"bd984a8e":110,"08a06557":143,"1a68160d":126,"24ffcbd3":138,"fe578280":118,"7be025ce":125,"501db4de":118,"65a00a3c":122,"972f4174":129,"f33c0140":117,"0da28f5b":122,"db8ba455":124,"731fc335":97,"52eca0dc":114,"7ae34c64":124,"61145ec9":132,"f905a555":108,"28654c76":128,"e6ec8cbf":131,"abad2347":120,"9cb4697f":130,"5774ac0d":132,"725dce8b":134,"3062379b":108,"508aac3d":124,"7db3edda":121,"383e232d":115,"088feee2":129,"0bd93cfd":97,"7e15f8e8":127,"ef1c2dcb":114,"90d52475":119,"bad1a1cc":111,"50c3164b":129,"cb6c9e42":139,"a983a6dc":106,"e15fd611":106,"dfa1a89b":110,"7d6895f4":130,"6de0aaac":107,"0e036ae9":139,"08c6b5d2":128,"d0b297b2":105,"5ee911b5":109,"00554ffd":133,"2e99f8fd":108,"d0c0fc08":103,"1bd5b20b":130,"b35e9e1a":160,"3712c4bd":105,"7ee148e9":117,"6b79fec2":113,"363590c7":123,"5410e9c6":130,"004f1ef3":145,"3f2522c2":126,"54a676d6":113,"72b84094":149,"913a6226":117,"bfad1727":103,"18d20aa1":109,"df81ddee":109,"bb00e71c":99,"bd2705b0":136,"87c462ee":129,"e356abf1":130,"0042f6eb":112,"478d2d4f":129,"afe8e06a":111,"7af262e5":128,"be3a10f8":136,"cfafcda8":117,"1bc0591f":117,"53b4e647":129,"ae95f2ba":131,"50c468ba":121,"d83294cd":111,"87083264":133,"87cd2add":104,"40e79dd3":122,"f734c84c":136,"56d315d8":102,"6d339d45":104,"22176537":116,"162a7348":121,"f94bf9ea":124,"32133249":118,"deb31f35":121,"9b3f8714":129,"c64de0c0":106,"0841052c":130,"3b690f68":134,"db703021":116,"4ee62a26":111,"06ddafc7":101,"e81834aa":129,"e36dfd6f":115,"1438fad7":121,"820225e4":98,"49910300":110,"8eb64769":120,"a0bc1ceb":125,"3e602573":115,"aefe13f5":123,"804d4dfa":121,"59c1e594":119,"87922532":136,"74f234c6":142,"be40590d":120,"014460b9":143,"a577db1c":105,"4c39240e":125,"ab7d4c9a":109,"f3992a31":117,"2045d7d6":116,"6fb4cdda":128,"3fdb08f5":116,"9b742f71":115,"719c8869":140,"c7313e0a":129,"25776fc4":131,"be2955bb":121,"4c4aa2e2":121,"0785820e":127,"7ae34c64":125,"0a1d11e6":105,"49cb2959":129,"537634c9":105,"f905a555":109,"810aa5e9":128,"dd035d2a":114,"4125085e":132,"4bcd4a30":136,"0d2a1c58":112,"8cd78f77":130,"c0e2624b":114,"9d9dd9e5":108,"91d52a55":120,"d744bee2":112,"6e851762":112,"0670c466":110,"5957df9e":111,"c793cdda":126,"7e15f8e8":128,"39a2fcce":110,"c6c85783":123,"22176537":117,"379184a7":129,"554ebb83":119,"06073f13":130,"c7c4ec5c":105,"db0a661e":117,"08a4c3f8":122,"0cb80f4a":120,"27f52ed3":138,"c0b7e7d7":105,"695a2b92":115,"5623817d":113,"42191b64":95,"c455f40e":111,"bc09fa9e":114,"a502c93c":105,"e0e48a2d":112,"91b28f83":127,"730a4938":116,"124fbe96":108,"7fef9973":123,"67d30f2b":118,"831c7b85":113,"1745a0f4":122,"2a76f1dd":111,"e5b1abc6":113,"a567ace4":121,"1105f790":123,"50b558a7":103,"a06a6430":118,"ab7467de":126,"18d20aa1":110,"21e10a2b":121,"d3e84616":131,"b946e146":138,"558d5ce7":120,"88432019":109,"b9a48a5c":109,"f2f58418":105,"be149c6f":109,"da3437cd":114,"2ad42a9e":127,"7a9344a4":142,"22aeaf03":122,"d1676e89":119,"a4dafea5":119,"05642105":128,"a8871ddf":103,"06ddafc7":102,"8298e976":129,"3c782bb3":115,"045f280d":117,"87922532":137,"742f1425":120,"dfc89705":117,"a43061ee":105,"04612878":127,"a0b03218":115,"ac62fac2":130,"4279e829":136,"8db62558":117,"142d6987":120,"f1b493de":140,"cd3bbe7e":120,"be40590d":121,"b7505747":124,"638cb163":136,"c21ab51e":100,"2045d7d6":117,"5e193fc8":125,"0b959527":109,"90a06ee9":115,"5f620a1e":129,"4e3f5178":127,"4fd645f1":108,"9e65c0ef":112,"c5b35e4d":108,"cb51f134":130,"f598a332":110,"4f59a322":123,"d7cb9bcf":115,"0d28db94":108,"053f3451":118,"4930f321":113,"faf4f98b":128,"08a561b7":119,"5ef93e5d":98,"7c0a2db6":120,"6023df54":118,"abc1d7ad":125,"a5676c24":117,"43bc86e3":111,"c4bff41f":125,"a2c334e7":135,"227006e4":111,"5eaa1581":111,"b35bb8a1":108,"5a734022":109,"6a3eaf43":115,"50c3164b":130,"39ba00f0":123,"5a07fc2e":115,"0670c466":111,"7db3edda":122
1604737568884,"608bc832":109,"31f6d707":132,"40569362":132,"e0e6a097":113,"5acaa06f":98,"0ac825ed":120,"d0b297b2":106,"b1f58563":121,"dc583e64":129,"836701f6":113,"312f7676":123,"e45b4b53":99,"8274885a":126,"b935fc1c":113,"a3d4a0e5":129,"4ff2225d":110,"49910300":111,"1438fad7":122,"1db42092":127,"159ffd0b":107,"3310a049":115,"bc392d1c":101,"481754fc":101,"a0b03218":116,"1c3a30c5":118,"9c58dd76":130,"01cd8099":122,"789bd484":116,"fd07e0ed":126,"1b881e6e":125,"eb7b4e29":105,"d957f027":111,"a1921150":127,"66d94227":113,"e6fac295":109,"a533489b":125,"34658473":107,"332820ce":123,"c7c4ec5c":106,"0cb80f4a":121,"0ac825ed":121,"92d38723":134,"faf3ed07":120,"ef8321d8":117,"15620dca":131,"ccdd1ce6":118,"22ecaed0":115,"25a7a0a3":124,"6143f39d":116,"0277d748":127,"a58bf525":121,"f5cd79c1":110,"71ff66e8":113,"8274885a":127,"6d61bf13":112,"fb7b7b3c":139,"7ee148e9":118,"8cf83787":112,"b552beb3":121,"bbe71605":109,"e7e82473":141,"6a60348e":115,"59431390":118,"5678ed7b":137,"ad2d7bed":125,"88ce179e":131,"91b28f83":128,"aa187e3b":108,"6c20c153":117,"f56ac638":98,"11b74e63":118,"1105f790":124,"92ca52b7":127,"831c7b85":114,"733c86f8":117,"05f6ab35":121,"4c0e547b":118,"ec11fe5f":103,"64db4feb":137,"b7cc7909":122,"35aa7fd0":128,"42c80e69":129,"ed4fad08":124,"68562193":103,"2132fe93":126,"2c627253":125,"84b767be":147,"884b0ad1":116,"d957f027":112,"9147702f":105,"a983a6dc":107,"e8d74304":107,"eed20185":132,"742f1425":121,"c27969ec":122,"d82592f4":117,"a0b03218":117,"ad8f85d6":130,"a0cca8b7":103,"79e4fa1c":111,"c650b434":130,"18d20aa1":111,"5fa12feb":124,"2ad42a9e":128,"805534ac":122,"467773ac":119,"0c0e98ea":115,"dbd2f139":127,"3d1af513":131,"5ee911b5":110,"b377a62a":117,"c7c4ec5c":107,"8d000d6e":111,"5f8517b7":143,"1ff8c2fc":128,"77bfed7e":121,"0d7d88f1":122,"7fb4c521":120,"2ce1af05":104,"93b9fae6":114,"53b4e647":130,"faf4f98b":129,"dc03ebd2":133,"45b5746e":112,"65e4235b":122,"a5676c24":118,"ec110282":140,"4bc46d7a":114,"4abb7aed":120,"ea822700":103,"84369269":104,"508aac3d":125,"1634789b":117,"527ff946":132,"0d2a1c58":113,"23760167":113,"2a387957":117,"12dd6f5e":110,"f2ca27d9":116,"15620dca":132,"546f6845":126,"dfa1a89b":111,"175bc6b2":100,"3454fa2b":120,"ea9bba6b":119,"0b3283c9":121,"25635c37":105,"8dd649a3":109,"8274885a":128,"971675c5":122,"b6591e25":123,"ddec9e54":110,"906632cb":116,"7a9344a4":143,"24ffcbd3":139,"014460b9":144,"859545e6":104,"e9679ede":109,"44c77422":130,"b215547b":106,"90a06ee9":116,"e3547548":109,"7f86be64":122,"0b959527":110,"ffc86f94":94,"77300e4a":109,"c5b35e4d":109,"efe84c27":118,"77d35808":114,"e36dfd6f":116,"8b2b601d":118,"cf50e84e":119,"3310a049":116,"1438fad7":123,"3c782bb3":116,"bab97de3":129,"cb4f262b":112,"b0869206":130,"67d30f2b":119,"20811ddf":119,"5acce642":119,"6b82b527":129,"e6ec8cbf":132,"82204d54":113,"fe8f3d36":110,"e5b1abc6":114,"227006e4":112,"e9a8cf11":124,"bfcb912a":121,"0ecfa1c9":115,"5f6613c8":105,"4125085e":133,"081460bf":124,"13f0e139":111,"804d4dfa":122,"8eb64769":121,"be1746a0":123,"35b58ef9":114,"a0b03218":118,"01cd8099":123,"85de05f2":118,"21ad2f34":121,"4e5aaaec":105,"18d20aa1":112,"fb8bfb36":132,"7e8e1c3d":114,"53747a91":119,"31f6d707":133,"9260d96b":140,"4f5e3e7d":107,"7fdc2007":113,"8063df14":111,"a0685bf3":133,"50b558a7":104,"0785820e":128,"7fb4c521":121,"77bfed7e":122,"e4cfef0a":102,"597c1f81":114,"d83294cd":112,"d4ee22a4":126,"49cb2959":130,"d8e58a8c":138,"95904ac4":133,"fafb4cc2":151,"61145ec9":133,"cf1b8c47":125,"810aa5e9":129,"4ac6bd4e":111,"a533489b":126,"06073f13":131,"608bc832":110,"26c390d6":111,"c0e2624b":115,"9fa62fee":111,"842c8340":105,"90d52475":120,"84b767be":148,"e58b26f6":125,"a939b50b":120,"778c95e9":119,"d1fe2868":129,"bca2d7cd":115,"66d94227":114,"d5557fb4":125,"84369269":105,"f2f58418":106,"6d5fcd4c":117,"2cb29e5a":133,"865d9857":95,"08c6b5d2":129,"623c6a31":128,"4d35385e":119,"004f1ef3":146,"39bbc4bc":132,"7cd0ad7b":135,"c2bb8aae":119,"7a9344a4":144,"19e9776f":122,"dae0f922":129,"c3e6ef01":126,"30d84dce":110,"a81a857c":116,"14c682eb":111,"a577db1c":106,"ce3bf5db":109,"06ee61b6":109,"0b959527":111,"69d4b754":114,"65a00a3c":123,"f2086446":119,"0dad37d5":114,"9e65c0ef":113,"bd984a8e":111,"0da28f5b":123,"8e780922":119,"2203f259":121,"437fc3ec":124,"5b60dd1d":127,"82868763":119,"e238f09b":124,"e6ec8cbf":133,"ae99df30":112,"ee21ad02":126,"bd2705b0":137,"51a3e9c2":129,"c0b23081":132,"e356abf1":131,"1db42092":128,"e36dfd6f":117,"5ac86fb9":128,"d6d61bfc":126,"dcfaba4c":127,"181c3dd5":123,"12534561":114,"7af9d3b1":127,"9f5e6cba":123,"6d802fa2":109,"8d753bb6":113,"4b3e3b1c":127,"e7e82473":142,"045f280d":118,"be1746a0":124,"e8d74304":108,"4febf7c5":124,"12271e14":119,"baebb391":134,"b6ee137a":117,"70594a28":117,"c609739e":117,"2198ba8e":109,"c1bb74f2":109,"8b5a8e9f":130,"c510bfd3":133,"fe8f3d36":111,"eebc8d43":119,"afe8e06a":112,"7af262e5":129,"ba938220":120,"87083264":134,"af7e5be8":122,"87cd2add":105,"e57d5cda":121,"7e95c5a0":130,"ef91eaae":105,"195eb771":115,"aa76bc50":104,"5ef93e5d":99,"ef8987d7":113,"1bd5b20b":131,"0cb80f4a":122,"fe0df575":127,"284544ba":109,"de6213c7":115,"0d2a1c58":114,"b88033fd":124,"2d13e69b":120,"a9b1bd51":91,"0fc5ac7e":143,"faf3ed07":121,"778c95e9":120,"1a0189c4":112,"04643409":129,"2f455cce":128,"1634789b":118,"8a52882e":116,"0277d748":128,"88432019":110,"3661e12d":115,"175bc6b2":101,"8547fbc2":116,"623c6a31":129,"d6320619":111,"fa55f27a":131,"408bb2ed":113,"4ea4a2a1":131,"49bf2e95":104,"3f2522c2":127,"2b3c49b9":124,"5a622a23":117,"c8dc010f":133,"ccb5ea3e":102,"3ef7432b":124,"ca6d2d91":122,"381c68fa":125,"1e191c98":101,"c2bb8aae":120,"66b7b5b4":112,"0841052c":131,"b7434f57":98,"fbdffc95":115,"caddd0a7":122,"805af3c7":126,"d141db49":117,"4c39240e":126,"f121b82c":133,"92f800f5":119,"104721f0":120,"3fdb08f5":117,"696fdac5":117,"3498f223":107,"c7313e0a":130,"6fb4cdda":129,"53431634":137,"f5cd79c1":111,"83086d4c":126,"fe1d4419":118,"5099c6a0":143,"e238f09b":125,"437fc3ec":125,"71e53c93":128,"83b2f9c5":120,"3a291497":107,"bb00e71c":100,"4652b09a":138,"9cb4697f":131,"730a4938":117,"ee21ad02":127,"04cc7cbe":108,"1757a30e":117,"b36a0d66":101,"c852d240":124,"5a734022":110,"8d04852b":120,"2132fe93":127,"12534561":115,"227006e4":113,"deb31f35":122,"5678ed7b":138,"f044c0e1":110,"05642105":129,"45fb95c1":121,"411b5027":119,"06ddafc7":103,"56752a4a":105,"aefe13f5":124,"ac62fac2":131,"b2bd8fd3":117,"a636f4c9":132,"aa00769b":136,"6ebe2354":101,"1105f790":125,"eb2e1983":119,"13b53c7a":117,"733c86f8":118,"78467b8a":141,"fe8f3d36":112,"e5b1abc6":115,"67c57de4":135,"7218c9f1":103,"8ac72326":104,"abd32136":119,"ef91eaae":106,"d83294cd":113,"621d6b18":133,"02d4753e":147,"ea822700":104,"70bc8325":113,"d957f027":113,"47d27624":108,"0bd93cfd":98,"a939b50b":121,"23760167":114,"84b67924":126,"50c3164b":131,"44a4f7cd":122,"c81b2bcf":105,"f271ed5d":133,"4bcd4a30":137,"0670c466":112,"12dd6f5e":111,"bc021def":120,"6143f39d":117,"fd6dcb20":118,"8dd2684c":118,"e9adbe58":119,"175bc6b2":102,"5ee911b5":111,"6f0fcb9d":124,"b8397293":107,"f1862e79":105,"332820ce":124,"8d000d6e":112,"7b6a7048":125,"e2cbe594":111,"ecfa8249":130,"c650b434":131,"a851554d":128,"e1f0dbfd":135,"f4343817":119,"d033db8d":126,"059d6c19":130,"9316e7e8":102,"c8977844":117,"ddec9e54":111,"5272520d":115,"751acea8":105,"805af3c7":127,"0a2f71bc":111,"dac109cf":111,"859545e6":105,"df2b4d87":116,"f33c0140":118,"53431634":138,"b320feb9":128,"1a68160d":127,"2045d7d6":118,"b215547b":107,"2203f259":122,"0b3283c9":122,"f1dffa24":107,"363590c7":124,"95d3d348":115,"b935fc1c":114,"69eeae0d":104,"e865e4dd":112,"dc03ebd2":134,"5f0c1b9d":127,"4abb7aed":121,"3101354b":108,"616d6dd6":118,"37d0cae2":112,"1c0a9eff":106,"a502c93c":106,"d929098e":94,"290b4714":119,"6b82b527":130,"b769bdfb":122,"dcfaba4c":128,"74e3d13e":122,"a47abfbb":110,"42c80e69":130,"288a2c43":115,"ed4fad08":125,"b7cc7909":123,"90731976":112,"e36dfd6f":118,"8d753bb6":114,"e8f173b5":123,"e0f7679f":105,"28d41578":126,"de36827b":144,"d34a29b9":132,"69d4b754":115,"6fb4cdda":130,"792cfcbd":112,"b6aaf976":133,"87922532":138,"0eaf08da":124,"87ce8d1d":100,"be1746a0":125,"0f72f2d8":114,"d83870f5":115,"afe8e06a":113,"b87158fb":127,"55928ef1":118,"19551bad":109,"7bda83dd":110,"6c486702":122,"fee32863":122,"d4ee22a4":127,"9aa6a054":125,"d5059415":117,"597c1f81":115,"1f7607df":112,"bca2d7cd":116,"f66616b7":122,"cbb54a0a":101,"1b881e6e":126,"2b3e4717":121,"2a06ab95":135,"5339e1e9":123,"92efd84f":126,"789bd484":117,"fb7482fe":109,"90d52475":121,"fd07e0ed":127,"77f31bab":133,"18815a1b":112,"9de29816":102,"22ecaed0":116,"a77e8461":116,"bc021def":121,"22176537":118,"416a9e97":110,"36fb15d2":129,"b4fdf90e":124,"67f6e4f2":115,"fa55f27a":132,"9e878ec2":128,"2209903e":130,"c45d554f":125,"7b6a7048":126,"2b3c49b9":125,"40e79dd3":123,"ded7da5a":128,"ecfa8249":131,"5272520d":116,"3f9b5722":111,"74f234c6":143,"ddec9e54":112,"9d4da635":98,"19e9776f":123,"655941a0":132,"c7636527":103,"b7505747":125,"4577b333":117,"0f029727":107,"57167c74":113,"b320feb9":129,"c5b35e4d":110,"638cb163":137,"696fdac5":118,"d0c0fc08":104,"d0e9a58e":114,"71ff66e8":114,"d83294cd":114,"f7231212":120,"8ac72326":105,"3f75d3bc":131,"a851891c":116,"f3a0c2ee":118,"810aa5e9":130,"65e4235b":123,"fe44fc6f":114,"e865e4dd":113,"bd2705b0":138,"87c462ee":130,"1c0a9eff":107,"b1f58563":122,"83086d4c":127,"3a204e56":131,"695a2b92":116,"22aeaf03":123,"1951480c":108,"aa9ea5e8":105,"35aa7fd0":129,"32133249":119,"40860a4b":101,"5ac86fb9":129,"76f3a3be":120,"c9efc8f6":118,"cf84fb54":120,"1f88a4b7":139,"c21ab51e":101,"dbc9df44":97,"1247fa52":127,"f33c0140":119,"8e780922":120,"69f3bfcc":115,"f277386e":100,"a8871ddf":104,"1be05c14":118,"11888cfa":107,"946df4fd":123,"be1746a0":126,"74e01f6a":116,"5b5fc566":116,"4258c176":112,"ad2d7bed":126,"0d770b97":120,"0042f6eb":113,"19551bad":110,"8f10fa42":152,"dfcc2ad1":137,"fef750ca":121,"11b2c8d9":113,"a0685bf3":134,"a0b03218":119,"cac4449a":117,"71bc1295":109,"c609739e":118,"b7832271":131,"3062379b":109,"0f1ac912":102,"d1ca5d6b":127,"f4b2f575":104,"d957f027":114,"de6213c7":116,"7e15f8e8":129,"af0b61ab":113,"fd07e0ed":128,"842c8340":106,"8cd78f77":131,"a9b1bd51":92,"23760167":115,"ac38a6a5":139,"f2f58418":107,"ef8321d8":118,"70594a28":118,"51c57542":124,"c45d554f":126,"e21c6207":113,"805534ac":123,"d0c104c4":89,"751bcf25":118,"6bc5d32a":143,"5cd3cfe0":103,"f734c84c":137,"026766f3":119,"9316e7e8":103,"5ccf94d6":115,"1a2ec5d7":130,"e1571af7":121,"b320feb9":130,"36fb15d2":130,"608bc832":111,"d102b0c6":111,"379184a7":130,"b4fdf90e":125,"0ac825ed":122,"49bf2e95":105,"0d28db94":109,"056ea7ff":129,"77bfed7e":123,"50c468ba":122,"053f3451":119,"67c57de4":136,"4d9b0b10":119,"781ace7d":120,"5ef93e5d":100,"6e44927f":111,"a5fd8ffd":123,"1d44aff3":132,"b2cfdbcf":118,"91f7ef72":115,"f2470875":135,"6085137f":103,"d1676e89":120,"9e206c95":131,"af157d29":121,"f2ca27d9":117,"a63bddd4":149,"47cfba38":111,"b35bb8a1":109,"35aa7fd0":130,"b7cc7909":124,"c9efc8f6":119,"3f2522c2":128,"26f99a1e":117,"e45b4b53":100,"363590c7":125,"cf84fb54":121,"a33fe0dd":129,"2af60749":120,"5e193fc8":126,"696fdac5":119,"37a7d5b0":121,"b215547b":108,"c4e70c07":122,"a3253019":113,"9bdf362a":112,"501db4de":119,"168e75d9":118,"704bce0d":119,"8298e976":130,"868edcc0":129,"f044c0e1":111,"820225e4":99,"0114160e":119,"59431390":119,"c609739e":119,"812b4f15":107,"01cd8099":124,"74e01f6a":117,"c0b23081":133,"bb00e71c":101,"bd2705b0":139,"1757a30e":118,"04cc7cbe":109,"7fef9973":124,"67d30f2b":120,"30c184b8":129,"478d2d4f":130,"05f6ab35":122,"e35a63cd":122,"eebc8d43":120,"9a3ab0b8":108,"b8488fc8":122,"35b58ef9":115,"9c58dd76":131,"dd1fcb17":110,"24a9fb86":131,"8cddb65e":117,"1f342a00":122,"70bc8325":114,"22234d6b":119,"0bd93cfd":99,"2c01e624":116,"ccf8b803":121,"6a3eaf43":116,"842c8340":107,"a6626a13":106,"cf775f58":122,"8a52882e":117,"815e4582":124,"36b7003c":145,"a9b1bd51":93,"e21c6207":114,"07107f6e":119,"0a96f57a":130,"26dd2000":142,"6bc5d32a":144,"ecfa8249":132,"31408822":113,"059d6c19":131,"27d8bf51":118,"180377be":117,"1f11812e":129,"0af920d8":106,"1a2ec5d7":131,"dbd2f139":128,"1ff8c2fc":129,"358e45b1":113,"5ee911b5":112,"fe0df575":128,"45b038bb":144,"8493f3b2":117,"d0c0fc08":105,"a06a6430":119,"76f94eda":123,"0d28db94":110,"7218c9f1":104,"9fce073c":125,"ef14000f":137,"d83294cd":115,"313258f2":121,"52eca0dc":115,"3101354b":109,"d9a64845":121,"dc03ebd2":135,"69eeae0d":105,"dd035d2a":115,"865d9857":96,"d3e84616":132,"3454fa2b":121,"a77e8461":117,"9e206c95":132,"ec2cb1af":120,"57540cc3":133,"5a734022":111,"ea9bba6b":120,"f5cd79c1":112,"f6fe095d":130,"9a3cc55d":114,"60e855ee":136,"39bbc4bc":133,"2203f259":123,"1623fc9f":120,"4577b333":118,"c4e70c07":123,"9e65c0ef":114,"0a2f71bc":112,"259930ee":131,"14c682eb":112,"685207b3":126,"470d50c2":119,"7f86be64":123,"8e99d5d0":136,"145c7559":129,"1247fa52":128,"53431634":139,"d9dcdc4b":140,"b36a0d66":102,"d36125db":129,"66554572":96,"2cce4fb2":124,"868edcc0":130,"6291e9e9":120,"9fc713b0":137,"7ee7621c":116,"b3f19a69":117,"95d331b1":105,"5eab91a0":127,"6c20c153":118,"fea793f5":126,"6775d5cd":124,"be3a10f8":137,"5f4102da":124,"bd62d7ed":110,"9d023afb":132,"fee32863":123,"dfcc2ad1":138,"c6e3d352":128,"dfc89705":118,"b460f030":133,"d82592f4":118,"2d382981":124,"aefe13f5":125,"64db4feb":138,"a6003226":115,"60d6cee2":117,"b7cc7909":125,"b35bb8a1":110,"3c18f28e":118,"2d13e69b":121,"d744bee2":113,"5747db6e":137,"aa5dfdf5":122,"6a3eaf43":117,"088feee2":130,"9ceb5439":107,"9147702f":106,"98915a1f":102,"c67979e6":143,"f2364460":129,"2b3c49b9":126,"ecfa8249":133,"7e8e1c3d":115,"6490bac6":109,"92136ff5":125,"77898c22":95,"ded7da5a":129,"26ed1a5c":116,"5272520d":117,"8db62558":118,"ca6d2d91":123,"cfe72ead":106,"8f2a7d69":114,"7ae3fc50":107,"8c6e001f":102,"7af262e5":130,"e4cfef0a":103,"9f74b8a4":114,"10ec5a0b":115,"c38c2b52":113,"ac030e74":113,"e28c2efc":106,"629800eb":129,"a851891c":117,"195eb771":116,"f3a0c2ee":119,"71e53c93":129,"c91966ce":109,"56473430":135,"537634c9":106,"31f6d707":134,"b2a8761b":101,"49bf2e95":106,"1b881e6e":127,"99e171db":119,"44a4f7cd":123,"0277d748":129,"25a7a0a3":125,"53a8613c":137,"d2a841c9":110,"be4f8ba8":115,"b946e146":139,"7080f122":121,"c564e316":122,"0b3283c9":123,"5099c6a0":144,"ea9bba6b":121,"a8726d50":110,"31408822":114,"74f234c6":144,"868cda42":118,"4fd645f1":109,"c1bdfd41":108,"b5ce0c0c":129,"7be025ce":126,"f8b31ce5":144,"d6f0d94a":109,"972f4174":130,"bd984a8e":112,"fe578280":119,"6b78ad7f":125,"ab7d4c9a":110,"168e75d9":119,"f121b82c":134,"26f99a1e":118,"eda6a690":102,"1da771fb":114,"90731976":113,"26009d3f":117,"fb44fa9c":137,"1138796e":128,"07fc4a9a":131,"ee75b607":110,"935ec056":111,"d815c5b4":144,"5eab91a0":128,"54d7de6b":132,"11b74e63":119,"00cf385d":124,"d78dd457":107,"dc0c8b09":134,"f5e8dfee":134,"1f88a4b7":140,"3c782bb3":117,"03c398d2":126,"9fc713b0":138,"9c58dd76":132,"b7cc7909":126,"76f3a3be":121,"bfcb912a":122,"bc3dc66a":124,"031e488e":118,"4911acad":96,"e4714415":128,"7e991ab9":90,"5a07fc2e":116,"70c1e715":112,"911e770b":123,"48efc739":143,"39ba00f0":124,"74e01f6a":118,"35b58ef9":116,"e6fac295":110,"baebb391":135,"79e4fa1c":112,"f734c84c":138,"21ad2f34":122,"df81ddee":110,"c455f40e":112,"6bc5d32a":145,"805534ac":124,"379184a7":131,"a66a2d8a":135,"19551bad":111
1604737570230,"b6591e25":124,"142d6987":121,"93683c82":114,"26ed1a5c":117,"e62d705f":107,"a68a93b2":113,"66497c7e":119,"014460b9":145,"0a2f71bc":113,"caddd0a7":123,"25776fc4":132,"9bdf362a":113,"0b959527":112,"868cda42":119,"8721056e":109,"2352c8ef":120,"c8113b77":107,"b9be31d6":122,"597c1f81":116,"9aa6a054":126,"4f59a322":124,"ffa08d82":120,"95539a58":106,"a901627e":113,"8a165e17":130,"6e44927f":112,"aa867541":105,"d9a64845":122,"313258f2":122,"52eca0dc":116,"655954ba":119,"704bce0d":120,"145c7559":130,"4b4ecbce":105,"be2955bb":122,"b215547b":109,"69134f07":116,"4652b09a":139,"124fbe96":109,"7ee7621c":117,"fea793f5":127,"ae99df30":113,"6b82b527":131,"d815c5b4":145,"77bae750":111,"8657c79d":134,"6e851762":113,"23760167":116,"84369269":106,"a1921150":128,"b88033fd":125,"97e75c19":137,"30dd2edc":123,"140ce69e":117,"15620dca":133,"0e036ae9":140,"21ee2afe":129,"d2a841c9":111,"be4f8ba8":116,"7e8e1c3d":116,"ded7da5a":130,"f9f2c53f":107,"6bc5d32a":146,"4295ce9a":126,"3b7763b1":108,"daab45c6":111,"c2bb8aae":121,"b6591e25":125,"cf1124db":109,"74f234c6":145,"0af920d8":107,"f1b493de":141,"0d5ee801":110,"30c5d755":129,"88fa53d6":106,"b5ce0c0c":130,"259930ee":132,"55928ef1":119,"7fdc2007":114,"8721056e":110,"fe8f3d36":113,"25a2844e":128,"a66a2d8a":136,"7af262e5":131,"b9be31d6":123,"385ab7c6":122,"53b4e647":131,"d83294cd":116,"c38c2b52":114,"cf9f4757":102,"faf4f98b":130,"a0cf08b3":103,"43bc86e3":112,"4abb7aed":122,"906fdec3":111,"195eb771":117,"3c0df8b4":120,"dd035d2a":116,"dac109cf":112,"0a2f71bc":114,"859545e6":106,"e0e6a097":114,"685207b3":127,"bb8a6337":116,"ed4fad08":126,"b7cc7909":127,"0681c48e":132,"64db4feb":139,"5774ac0d":133,"76f3a3be":122,"eb7b4e29":106,"b3863630":112,"80a8a56d":106,"6b78ad7f":126,"5be594be":122,"f121b82c":135,"e9679ede":110,"ee75b607":111,"8bc04eb5":125,"677c6a09":143,"ea4d3f3e":131,"7fef9973":125,"e0e48a2d":113,"f0a06216":115,"d102b0c6":112,"cd95f558":123,"8f2a7d69":115,"0ac825ed":123,"00554ffd":134,"095ab3b4":118,"e45b4b53":101,"c95719e5":113,"a58bf525":122,"004f1ef3":147,"60e855ee":137,"c7ab83c1":112,"e36dfd6f":119,"90731976":114,"868edcc0":131,"84b767be":149,"9147702f":107,"bca2d7cd":117,"d744bee2":114,"0670c466":113,"5a07fc2e":117,"0d2a1c58":115,"e15fd611":107,"f2364460":130,"aff8e442":130,"6adce358":131,"50d129cf":117,"8a52882e":118,"12dd6f5e":112,"3661e12d":116,"eafbf9fb":119,"88432019":111,"36d340f2":107,"4d35385e":120,"140ce69e":118,"25e0dd3d":125,"07107f6e":120,"d25e0f8d":136,"fb8bfb36":133,"51c57542":125,"79e4fa1c":113,"c8dc010f":134,"026766f3":120,"b7434f57":99,"902f49f5":117,"5ccf94d6":116,"93683c82":115,"f1b493de":142,"467773ac":120,"0042f6eb":114,"1745a0f4":123,"1bc0591f":118,"2a76f1dd":112,"7bda83dd":111,"92ca52b7":128,"4c0e547b":119,"e28c2efc":107,"0bfabf48":116,"c8113b77":108,"e57d5cda":122,"8ac72326":106,"4930f321":114,"d2466211":133,"2c6cb96f":98,"fd482491":139,"313258f2":123,"7be025ce":127,"caddd0a7":124,"a81a857c":117,"7043382d":126,"b36a0d66":103,"a8871ddf":105,"0be540c5":131,"b2703001":131,"a0b03218":120,"dd1fcb17":111,"d8475b95":96,"bad6cdb1":106,"468fc85c":123,"f1098793":122,"0f72f2d8":115,"be149c6f":110,"2ab62345":110,"a2c334e7":136,"aa9ea5e8":106,"35aa7fd0":131,"aec4e1bf":117,"181c3dd5":124,"014460b9":146,"805af3c7":128,"c015ec5a":119,"685207b3":128,"efe84c27":119,"9f2b16a7":133,"be2955bb":123,"9b742f71":116,"f76a3e83":125,"80a8a56d":107,"5ef93e5d":101,"3101354b":110,"74c26380":136,"f905a555":110,"d929098e":95,"00cf385d":125,"6ee92259":122,"4b125e7b":121,"3b2dee89":120,"730a4938":118,"fea793f5":128,"06073f13":132,"b2a8761b":102,"ea274174":122,"d102b0c6":113,"7a6aa4b6":120,"d33790a2":131,"49bf2e95":107,"fb7b7b3c":140,"e238f09b":126,"60e855ee":138,"3a204e56":132,"39bbc4bc":134,"e7773397":104,"6085137f":104,"aa5dfdf5":123,"9147702f":108,"2d13e69b":122,"1f342a00":123,"e58b26f6":126,"d1ca5d6b":128,"22234d6b":120,"9ceb5439":108,"e99318a3":123,"d5557fb4":126,"9d63c4dd":124,"5d087c79":116,"1d790491":130,"2a387957":118,"18815a1b":113,"d2a841c9":112,"6d5fcd4c":118,"36d340f2":108,"eeaa2d46":128,"9de29816":103,"9a467a82":120,"5c82d1ce":122,"547903ef":130,"e1f0dbfd":136,"ccb5ea3e":103,"6bc5d32a":147,"ab7467de":127,"5a622a23":118,"a4f1d83b":114,"6f81493d":107,"c8977844":118,"ca6d2d91":124,"fe8f3d36":114,"55928ef1":120,"062179c1":121,"33d6bb6a":109,"c1bb74f2":110,"9a3ab0b8":109,"8063df14":112,"7218c9f1":105,"7fb4c521":122,"869cbaa0":136,"b9be31d6":124,"0d28db94":111,"d83294cd":117,"faf4f98b":131,"d033db8d":127,"142d6987":122,"d0c104c4":90,"5ac86fb9":130,"74e3d13e":123,"af034fee":124,"17446892":114,"61d4782d":122,"5e09f69e":136,"2132fe93":128,"e1571af7":122,"2045d7d6":119,"0a2f71bc":115,"868edcc0":132,"7732eb1e":134,"6a60348e":116,"0114160e":120,"a8871ddf":106,"4ff2225d":111,"6d802fa2":110,"946df4fd":124,"87ce8d1d":101,"2c24d929":126,"baebb391":136,"be1746a0":127,"792cfcbd":113,"481754fc":102,"638cb163":138,"4777334c":115,"ce3bf5db":110,"ffc86f94":95,"cb51f134":131,"c7313e0a":131,"b2c25d1c":120,"2e3503e4":118,"704bce0d":121,"104721f0":121,"145c7559":131,"abc1d7ad":126,"28654c76":129,"731fc335":98,"d9a64845":123,"4bc46d7a":115,"71e53c93":130,"5ef93e5d":102,"b0869206":131,"aa187e3b":109,"ea4d3f3e":132,"7f6d1d0e":130,"95d331b1":106,"1c0a9eff":108,"fea793f5":129,"2a06ab95":136,"50c3164b":132,"3c6692a3":135,"39a2fcce":111,"d744bee2":115,"ccf8b803":122,"36b7003c":146,"ea822700":105,"c67979e6":144,"af0b61ab":114,"c793cdda":127,"04643409":130,"254cc28c":134,"d1fe2868":130,"88432019":112,"175bc6b2":103,"9c045c61":129,"7a2f3f06":120,"9260d96b":141,"0cb80f4a":123,"c7c4ec5c":108,"1bd5b20b":132,"3a1b9af5":118,"49bf2e95":108,"3e082b37":111,"363590c7":126,"71ff66e8":115,"a77e127d":95,"26f99a1e":119,"b769bdfb":123,"8274885a":129,"b6ee137a":118,"21ad2f34":123,"27d8bf51":119,"3ef7432b":125,"4dac6b20":97,"9b546d65":111,"fef750ca":122,"92ca52b7":129,"fead11cf":109,"78467b8a":142,"4c0e547b":120,"2a4a402a":118,"e28c2efc":108,"5c82d1ce":123,"180377be":118,"9a80f004":108,"4279e829":137,"4ee62a26":112,"f883d582":113,"a77e8461":118,"f2f58418":108,"6d339d45":105,"eeaa2d46":129,"71279c46":111,"d6d61bfc":127,"5ac86fb9":131,"5e09f69e":137,"5a734022":112,"540df50f":124,"162a7348":122,"906632cb":117,"381c68fa":126,"cd3bbe7e":121,"d6db2b02":126,"8aa78e2f":113,"8b2b601d":119,"1438fad7":124,"0114160e":121,"8298e976":131,"4945c851":126,"946df4fd":125,"17807120":122,"27c8e038":134,"aefe13f5":126,"d82592f4":119,"cf52025e":118,"3e602573":116,"9bdf362a":114,"8f13c203":108,"ea6de194":126,"caddd0a7":125,"a81a857c":118,"e32524d6":121,"e5d3655c":133,"d34a29b9":133,"8e99d5d0":137,"be2955bb":124,"3498f223":108,"9267f0ef":134,"168e75d9":120,"b215547b":110,"e57d5cda":123,"67c57de4":137,"95539a58":107,"056ea7ff":130,"77bfed7e":124,"012de09c":117,"ef91eaae":107,"69eeae0d":106,"aa867541":106,"b28a5e67":136,"4bc46d7a":116,"00a481e3":132,"537634c9":107,"8bc04eb5":126,"fd369c21":125,"2c01e624":117,"7e991ab9":91,"31d74eee":111,"7db3edda":123,"2d54e0a8":110,"d5557fb4":127,"a939b50b":122,"9147702f":109,"284544ba":110,"e99318a3":124,"84369269":107,"44a4f7cd":124,"b88033fd":126,"dfa1a89b":112,"1b153aef":132,"a533489b":127,"82b81567":103,"288afc30":118,"3a1b9af5":119,"379184a7":132,"fe0df575":129,"836701f6":114,"c564e316":123,"b935fc1c":115,"6085137f":105,"19f9ca86":123,"1951480c":109,"5623817d":114,"805534ac":125,"5a622a23":119,"ba586505":123,"9d4f1fe6":116,"6775d5cd":125,"16b476e9":120,"cb4f262b":113,"4b125e7b":122,"ec11fe5f":104,"33d6bb6a":110,"8b5a8e9f":131,"78b97937":129,"a0685bf3":135,"ba5c52af":122,"fead11cf":110,"21ad2f34":124,"f9f2c53f":108,"44ff8baa":120,"7bebff03":115,"cd421290":120,"6143f39d":118,"eeaa2d46":130,"affb82bf":126,"2dda3936":116,"b946e146":140,"9e206c95":133,"74e3d13e":124,"5ac86fb9":132,"181c3dd5":125,"8cddb65e":118,"5a734022":113,"8d04852b":121,"a47abfbb":111,"142d6987":123,"655941a0":133,"30dbfc69":116,"026766f3":121,"906632cb":118,"f5829ac0":129,"28d41578":127,"69f3bfcc":116,"11888cfa":108,"90731976":115,"54a676d6":114,"8d753bb6":115,"ae8a09c4":114,"b6aaf976":134,"c27969ec":123,"2c24d929":127,"cac4449a":118,"ac62fac2":132,"d82592f4":120,"ca6d2d91":125,"d70ca4f4":135,"0f029727":108,"57167c74":114,"2045d7d6":120,"a81a857c":119,"88fa53d6":107,"f8b31ce5":145,"8f13c203":109,"efe84c27":120,"1a2c020b":119,"7f86be64":124,"b2c25d1c":121,"07f98660":125,"056ea7ff":131,"d7cb9bcf":116,"753ca352":107,"cb142908":106,"4f59a322":125,"e4cfef0a":104,"3101354b":111,"7896b953":133,"5f96c2bc":115,"906fdec3":112,"a5fd8ffd":124,"abc1d7ad":127,"d5dae4c4":145,"2e3503e4":119,"dcf85091":106,"1e232870":131,"ea822700":106,"50c3164b":133,"de6213c7":117,"88b3bc99":109,"6751d8e4":129,"5a0eb771":117,"2c01e624":118,"b88033fd":127,"faf3ed07":122,"b5763ff6":102,"254cc28c":135,"b8ab8e6e":118,"bda8cdfb":123,"36b7003c":147,"4ea4a2a1":132,"9260d96b":142,"408bb2ed":114,"00554ffd":135,"8d000d6e":113,"b4fdf90e":126,"7a2f3f06":121,"09ff339a":95,"8dc9b4db":130,"d599b566":129,"e7773397":105,"d929098e":96,"87c462ee":131,"8bc04eb5":127,"20811ddf":120,"e6ec8cbf":134,"f56ac638":99,"124fbe96":110,"72b84094":150,"44ff8baa":121,"12dd6f5e":113,"8dd2684c":119,"affb82bf":127,"945b63f0":143,"f3d68430":130,"d6320619":112,"f5596d0f":127,"e4714415":129,"71a2a493":94,"6df0b2e8":141,"25e0dd3d":126,"201cafad":112,"6b9eff39":114,"4eed1bea":125,"6bc5d32a":148,"20e470e0":110,"836701f6":115,"22aeaf03":124,"e238f09b":127,"b84a06eb":126,"8aa78e2f":114,"90731976":116,"1be05c14":119,"0114160e":122,"49910300":112,"1db42092":129,"064a99c8":114,"23080895":106,"d8475b95":97,"a543ec74":114,"b7df1559":124,"03c398d2":127,"baebb391":137,"58d46189":137,"059d6c19":132,"40a745c0":133,"0c043224":133,"638cb163":139,"d70ca4f4":136,"e5d3655c":134,"9d4da635":99,"868cda42":120,"2154b6e8":109,"4fd645f1":110,"c7636527":104,"62d1d346":104,"e0154608":118,"8e780922":121,"1105f790":126,"bd62d7ed":111,"c510bfd3":134,"8721056e":111,"cd522166":134,"c6dc900c":99,"9496f56f":129,"eb2e1983":120,"0785820e":129,"ae95f2ba":132,"6a5b71b4":116,"e28c2efc":109,"af7e5be8":123,"cf9f4757":103,"5ef93e5d":103,"012de09c":118,"5f0c1b9d":128,"08a561b7":120,"91f7ef72":116,"8a165e17":131,"7c0a2db6":121,"fe578280":120,"dcf85091":107,"6b78ad7f":127,"40860a4b":102,"12534561":116,"c93c3508":100,"68562193":104,"3c6692a3":136,"6751d8e4":130,"1634789b":119,"23760167":117,"2f455cce":129,"d34a29b9":134,"0da28f5b":124,"5ee911b5":113,"8245f916":120,"5acaa06f":99,"6f0fcb9d":125,"f1862e79":106,"b4fdf90e":127,"d102b0c6":114,"ee75b607":112,"1c0a9eff":109,"d1d40c9c":133,"e4c312fe":113,"04bef50c":92,"6c20c153":119,"d929098e":97,"0fc5ac7e":144,"36684155":118,"b8ab8e6e":119,"e58b26f6":127,"eb7b4e29":107,"a983a6dc":108,"272c7672":127,"8547fbc2":117,"90d52475":122,"b946e146":141,"d1fe2868":131,"49902219":138,"51f57142":124,"22ecaed0":117,"f87c5031":111,"22176537":119,"3ef7432b":126,"e2a7d915":99,"6b9eff39":115,"c318d350":131,"fe1d4419":119,"6b79fec2":114,"0b3283c9":124,"836701f6":116,"22aeaf03":125,"5623817d":115,"28d41578":128,"07fc4a9a":132,"b36a0d66":104,"2d1e1e9d":116,"1c3a30c5":119,"2c24d929":128,"8298e976":132,"bc392d1c":102,"bbe71605":110,"23080895":107,"045f280d":119,"5c82d1ce":124,"21ad2f34":125,"debe1f65":123,"4dac6b20":98,"7a9344a4":145,"751acea8":106,"6f81493d":108,"66b7b5b4":113,"31408822":115,"110b1ee3":119,"94a2fe10":123,"e1571af7":123,"2045d7d6":121,"a33fe0dd":130,"30c5d755":130,"49b358bd":128,"e786063b":127,"8721056e":112,"fee32863":124,"8f10fa42":153,"20958d58":111,"a66a2d8a":137,"8063df14":113,"afe8e06a":114,"c8113b77":109,"e28c2efc":110,"056ea7ff":132,"87083264":135,"cc5a1d47":108,"810aa5e9":131,"db8ba455":125,"2ce1af05":105,"781ace7d":121,"6f39f4d9":129,"d5dae4c4":146,"aa867541":107,"f905a555":111,"fe44fc6f":115,"65a00a3c":124,"501db4de":120,"aa9ea5e8":107,"540df50f":125,"a1370ab0":124,"40860a4b":103,"2132fe93":129,"deb31f35":123,"4125085e":134,"06ee61b6":110,"e7abc88d":110,"a836aa93":118,"c21ab51e":102,"b7df1559":125,"c609739e":120,"48655f09":140,"1bd5b20b":133,"a533489b":128,"cfe72ead":107,"3a1b9af5":120,"4ea4a2a1":133,"36fb15d2":131,"b2a8761b":103,"90a06ee9":117,"ab7d4c9a":111,"95d331b1":107,"7ee7621c":118,"abad2347":121,"1757a30e":119,"00cf385d":126,"54d7de6b":133,"e6ec8cbf":135,"6e851762":114,"aa5dfdf5":124,"b8ab8e6e":120,"aec074c4":129,"4ed01268":108,"7db3edda":124,"c81b2bcf":106,"b5763ff6":103,"527ff946":133,"3062379b":110,"254cc28c":136,"ef1c2dcb":115,"088feee2":131,"bda8cdfb":124,"d1715f3b":125,"be4f8ba8":117,"b946e146":142,"eafbf9fb":120,"140ce69e":119,"eeaa2d46":131,"bc021def":122,"ea9bba6b":122,"f5cd79c1":113,"b1f58563":123,"f6fe095d":131,"095ab3b4":119,"f2470875":136,"312f7676":124,"8cf83787":113,"0d2c95fe":123,"26009d3f":118,"a24e6670":119,"a8871ddf":107,"b36a0d66":105,"1438fad7":125,"f1098793":123,"4febf7c5":125,"72b84094":151,"201cafad":113,"27d8bf51":120,"6b9eff39":116,"21e10a2b":122,"5fa12feb":125,"4dac6b20":99,"94a2fe10":124,"4279e829":138,"8db62558":119,"180377be":119,"e62d705f":108,"66b7b5b4":114,"93683c82":116,"08a06557":144,"8f13c203":110,"e5d3655c":135,"05f6ab35":123,"733c86f8":119,"ba5c52af":123,"7af262e5":132,"8063df14":114,"5f4102da":125,"6f39f4d9":130,"19551bad":112,"abd32136":120,"d83294cd":118,"d4ee22a4":128,"7a4c064c":128,"91536e85":127,"cf9f4757":104,"95904ac4":134,"3101354b":112,"b2cfdbcf":119,"42cd2360":98,"abc1d7ad":128,"2c6cb96f":99,"a5fd8ffd":125,"3bad3c95":103,"9bdf362a":115,"28d40296":101,"5e09f69e":138,"5f6613c8":106,"6867261a":119,"bb8a6337":117,"74e3d13e":125,"5774ac0d":134,"0ecfa1c9":116,"d6f0d94a":110,"6fb4cdda":131,"9b742f71":117,"64a7f79f":119,"1c3a30c5":120,"3e602573":117,"2d382981":125,"804d4dfa":123,"1b153aef":133,"8323d333":107,"36380d96":132,"2e3503e4":120,"6b78ad7f":128,"f3992a31":118,"e9679ede":111,"1bb4ccc0":130,"1c0a9eff":110,"d815c5b4":146,"ad2d7bed":127,"ba586505":124,"f56ac638":100,"04bef50c":93,"fd369c21":126,"3062379b":111,"31d74eee":112,"1b881e6e":128,"272c7672":128,"93fdbb44":108,"b7832271":132,"8ec3834d":127,"fd07e0ed":129,"4bcd4a30":138,"37fbb107":126,"91d52a55":121,"aaa274a5":123,"842c8340":108,"9de29816":104,"f87c5031":112,"01d817b8":99,"217c0327":97,"e9adbe58":120,"eafbf9fb":121,"ef8321d8":119,"3652bd66":119,"08a4c3f8":123,"0cb80f4a":124,"02d4753e":148,"4f5e3e7d":108,"c95719e5":114,"014bdff0":132,"312f7676":125,"8dd649a3":110,"3c43e8a2":128,"a77e127d":96,"fe1d4419":120,"a24e6670":120,"8298e976":133,"a3d4a0e5":130,"26009d3f":119,"7732eb1e":135,"85de05f2":119,"f734c84c":139,"d25e0f8d":137,"5fa12feb":126,"3007f31f":113,"2ad42a9e":129,"df81ddee":111,"cc11fef9":123,"0841052c":132,"26ed1a5c":118,"110b1ee3":120,"9d4da635":100,"c8977844":119,"82204d54":114,"cfafcda8":118,"e35a63cd":123,"8007f30e":84,"a59a8290":125,"7af262e5":133,"6c524f99":127,"91536e85":128,"0bfabf48":117,"93b9fae6":115,"6a5b71b4":117,"7e95c5a0":131,"0785820e":130,"faf4f98b":132,"43bc86e3":113,"0a1d11e6":106,"f905a555":112,"be40590d":122,"4fd645f1":111,"62d1d346":105,"2154b6e8":110,"a1370ab0":125,"60d6cee2":118,"64db4feb":140,"bc3dc66a":125,"aec4e1bf":118,"47cfba38":112,"03b4ab60":112,"d141db49":118,"5f620a1e":130,"c8fcad77":110,"f044c0e1":112,"d36125db":130,"12a2cd4b":120,"742f1425":122,"03c398d2":128,"12271e14":120,"8eb64769":122,"ad8f85d6":131,"804d4dfa":124,"ce3bf5db":111,"e0154608":119
1604737570713,"aa76bc50":105,"a5fd8ffd":126,"74c26380":137,"e865e4dd":114,"8c6e001f":103,"9263c525":121,"cd95f558":124,"b2a8761b":104,"4f5e3e7d":109,"0ac825ed":124,"ee75b607":113,"4c4aa2e2":122,"80a8a56d":108,"f56ac638":101,"9cb4697f":132,"ad2d7bed":128,"a502c93c":107,"aa187e3b":110,"87c462ee":132,"49bf2e95":109,"3a204e56":133,"19f9ca86":124,"095ab3b4":120,"836701f6":117,"312f7676":126,"c564e316":124,"0b3283c9":125,"6db0ea86":120,"f5829ac0":130,"6a60348e":117,"54a676d6":115,"4945c851":127,"0b5a0408":118,"c0e2624b":116,"9147702f":110,"5a0eb771":118,"af0b61ab":115,"1634789b":120,"dd7acb96":124,"bda8cdfb":125,"72d7b461":132,"50c3164b":134,"5957df9e":112,"2d13e69b":123,"47d27624":109,"36684155":119,"794f652b":129,"3454fa2b":122,"49902219":139,"ccdd1ce6":119,"4d35385e":121,"15620dca":134,"a63bddd4":150,"dfa1a89b":113,"2a4a402a":119,"7f86be64":125,"77300e4a":110,"5e193fc8":127,"90a06ee9":118,"dd3913d2":112,"11b2c8d9":114,"33d6bb6a":111,"ec11fe5f":105,"05f6ab35":124,"4d9b0b10":120,"fe8f3d36":115,"9496f56f":130,"87cd2add":106,"ad303bda":118,"4bc46d7a":117,"053f3451":120,"4abb7aed":123,"fafb4cc2":152,"056ea7ff":133,"7a840529":101,"3f75d3bc":132,"345c9967":110,"5f0c1b9d":129,"cf1b8c47":126,"7af9d3b1":128,"ed4fad08":127,"aa9ea5e8":108,"57d5dee8":129,"0ecfa1c9":117,"af034fee":125,"725dce8b":135,"804d4dfa":125,"b36a0d66":106,"792cfcbd":114,"481754fc":103,"12271e14":121,"aefe13f5":127,"dfc89705":119,"23080895":108,"9e878ec2":129,"6490bac6":110,"8ea21393":107,"4dac6b20":100,"4eed1bea":126,"53747a91":120,"26dd2000":143,"4e5aaaec":106,"cc11fef9":124,"4279e829":139,"0c043224":134,"1e7753d9":133,"ddec9e54":113,"f4634d0b":115,"66b7b5b4":115,"30c5d755":131,"fbdffc95":116,"57167c74":115,"fce3c5c6":109,"c7636527":105,"c1bdfd41":109,"2045d7d6":122,"f0a06216":116,"dffa7793":96,"91b28f83":129,"7ee7621c":119,"e6ec8cbf":136,"ee21ad02":128,"3b2dee89":121,"7db3edda":125,"eb7b4e29":108,"815e4582":125,"4bcd4a30":139,"b8ab8e6e":121,"d3a669ac":129,"97e75c19":138,"b5763ff6":104,"d957f027":115,"9d63c4dd":125,"284544ba":111,"bad1a1cc":112,"98915a1f":103,"394dc144":116,"6de0aaac":108,"4d35385e":122,"53a8613c":138,"a77e8461":119,"d1715f3b":126,"9a467a82":121,"3f65f121":123,"ebdbf580":128,"9b172ca8":106,"1a68160d":128,"dbc9df44":98,"c85a0d80":128,"a4296d1e":123,"80a8a56d":109,"cd95f558":125,"82b81567":104,"d102b0c6":115,"288afc30":119,"554ebb83":120,"8493f3b2":118,"7ee148e9":119,"3f2522c2":129,"f1dffa24":108,"8dd649a3":111,"e238f09b":128,"22aeaf03":126,"eda6a690":103,"6a60348e":118,"66554572":97,"f5829ac0":131,"fee32863":125,"9a3ab0b8":110,"55928ef1":121,"f67de058":128,"a8c93bed":121,"6a7392d5":110,"20958d58":112,"ae95f2ba":133,"af7e5be8":124,"7fb4c521":123,"597c1f81":117,"7566fdd6":134,"93b9fae6":116,"45b5746e":113,"ba938220":121,"a851891c":118,"52eca0dc":117,"3f75d3bc":133,"f3a0c2ee":120,"3a291497":108,"dd035d2a":117,"deb31f35":124,"d6d61bfc":128,"5ac86fb9":133,"6867261a":120,"b7cc7909":128,"6df0b2e8":142,"b35bb8a1":111,"05642105":130,"e0f7679f":106,"a4dafea5":120,"7732eb1e":136,"56752a4a":106,"ae8a09c4":115,"458dcc3d":133,"e8d74304":109,"35b58ef9":117,"baebb391":138,"74e01f6a":119,"3007f31f":114,"3b7763b1":109,"bc09fa9e":115,"1a2ec5d7":132,"d25e0f8d":138,"cd421290":121,"dbd2f139":129,"74f234c6":146,"0149e11a":105,"9a80f004":109,"dae0f922":130,"08a06557":145,"4ee62a26":113,"1c0a9eff":111,"04bef50c":94,"ad2d7bed":129,"5eab91a0":129,"7735c3c2":110,"124fbe96":111,"aa187e3b":111,"508aac3d":126,"6751d8e4":131,"39a2fcce":112,"a6626a13":107,"66d94227":115,"fd07e0ed":130,"f4b2f575":105,"272c7672":129,"23760167":118,"fb7482fe":110,"794f652b":130,"84b67924":127,"0f1ac912":103,"6143f39d":119,"faf3ed07":123,"09560615":102,"30dd2edc":124,"b8397293":108,"9260d96b":143,"45b038bb":145,"8d000d6e":114,"4ac6bd4e":112,"d33790a2":132,"408bb2ed":115,"6d61bf13":113,"f5cd79c1":114,"09ff339a":96,"8dd649a3":112,"dc583e64":130,"3c43e8a2":129,"82868763":120,"cd3bbe7e":122,"aab4d996":121,"d0c104c4":91,"ea6de194":127,"30c5d755":132,"8f13c203":111,"75ffea08":120,"d9f512b9":128,"5e193fc8":128,"ab7d4c9a":112,"fe578280":121,"be2955bb":125,"69134f07":117,"efe84c27":121,"e0154608":120,"afe8e06a":115,"a66a2d8a":138,"8f10fa42":154,"e5b1abc6":116,"1105f790":127,"5f4102da":126,"7fdc2007":115,"9f74b8a4":115,"ef14000f":138,"2ce1af05":106,"43d87483":121,"869cbaa0":137,"7e95c5a0":132,"0d7d88f1":123,"4bc46d7a":118,"1d44aff3":133,"6cba74ce":117,"9e206c95":134,"25a7a0a3":126,"3f65f121":124,"42c80e69":131,"227006e4":114,"c4bff41f":126,"e9a8cf11":125,"725dce8b":136,"af034fee":126,"12534561":117,"1db42092":130,"28d41578":129,"6d802fa2":111,"59431390":120,"868edcc0":133,"17b08923":123,"54a676d6":116,"03dcfa3d":125,"ac62fac2":133,"cbad3b92":144,"8eb64769":123,"04612878":128,"87922532":139,"1c3a30c5":121,"2c6cb96f":100,"8a165e17":132,"a472532e":113,"fe44fc6f":116,"c650b434":132,"913a6226":118,"4295ce9a":127,"547903ef":131,"21e10a2b":123,"70594a28":119,"3f9b5722":112,"30d84dce":111,"5a622a23":120,"58d46189":138,"1e7753d9":134,"0af920d8":108,"902f49f5":118,"781ace7d":122,"9d4f1fe6":117,"6c20c153":120,"d1d40c9c":134,"a6b5e869":114,"4258c176":113,"0d770b97":121,"88ce179e":132,"2a387957":119,"c0e2624b":117,"794f652b":131,"383e232d":116,"a939b50b":123,"0d2a1c58":116,"f4b2f575":106,"778c95e9":121,"b88033fd":128,"fd369c21":127,"72d7b461":133,"0f1ac912":104,"8cd78f77":132,"789bd484":118,"12dd6f5e":114,"1b153aef":134,"fe0df575":130,"7a6aa4b6":121,"50312237":131,"4ac6bd4e":113,"0ac825ed":125,"08a4c3f8":124,"0b3283c9":126,"1da771fb":115,"c95719e5":115,"a58bf525":123,"b935fc1c":116,"3e082b37":112,"42191b64":96,"19e9776f":124,"30c5d755":133,"5ab7bc35":123,"9bdf362a":116,"a33fe0dd":131,"dac109cf":113,"88fa53d6":108,"f8b31ce5":146,"bd984a8e":113,"f2086446":120,"c21ab51e":103,"79f04300":120,"53431634":140,"5be594be":123,"704bce0d":122,"a567ace4":122,"dc0c8b09":135,"9d023afb":133,"ec11fe5f":106,"dfcc2ad1":139,"b8488fc8":123,"25a2844e":129,"77bfed7e":125,"2ce1af05":107,"d2466211":134,"7218c9f1":106,"30b6808c":114,"ffa08d82":121,"87cd2add":107,"537634c9":108,"9e206c95":135,"8cc4a982":128,"bb99c79c":120,"8dd2684c":120,"4d35385e":123,"3661e12d":117,"71a2a493":95,"5a734022":114,"4125085e":135,"af034fee":127,"9b3f8714":130,"6df0b2e8":143,"c852d240":125,"2d1e1e9d":117,"f044c0e1":113,"b552beb3":122,"1438fad7":126,"bbe71605":111,"2cce4fb2":125,"159ffd0b":108,"99d130c9":132,"03c398d2":129,"481754fc":104,"c27969ec":124,"35b58ef9":118,"71bc1295":110,"0f72f2d8":116,"5fa12feb":127,"feb67030":115,"92136ff5":126,"547903ef":132,"21ad2f34":126,"4dac6b20":101,"27d8bf51":121,"3b690f68":135,"0a1d11e6":107,"43bc86e3":114,"da04caac":119,"dc03ebd2":136,"08a561b7":121,"4abb7aed":124,"ea4d3f3e":133,"8bc04eb5":128,"fea793f5":130,"aa187e3b":112,"2882a956":122,"e382ec3f":108,"e356abf1":132,"508aac3d":127,"36b7003c":148,"22234d6b":121,"d1fe2868":132,"fd369c21":128,"91d52a55":122,"d552eb2f":126,"1a0189c4":113,"cbb54a0a":102,"8657c79d":135,"789bd484":119,"c67979e6":145,"6a3eaf43":118,"c98d5272":123,"408bb2ed":116,"9e878ec2":130,"1bd5b20b":134,"d33790a2":133,"8d000d6e":115,"d0b297b2":107,"49bf2e95":110,"3e082b37":113,"d1676e89":121,"a58bf525":124,"b7434f57":100,"30dbfc69":117,"1a2ec5d7":133,"0af920d8":109,"0841052c":133,"24ffcbd3":140,"8942c35b":121,"aab4d996":122,"3bad3c95":104,"7e76c93c":124,"b3863630":113,"be2955bb":126,"49b358bd":129,"d34a29b9":135,"7be025ce":128,"f76a3e83":126,"0a2f71bc":116,"dcf85091":108,"104721f0":122,"c85a0d80":129,"8063df14":115,"8007f30e":85,"13b53c7a":118,"30c184b8":130,"831c7b85":115,"afe8e06a":116,"9b546d65":112,"f7231212":121,"87083264":136,"217c0327":98,"6d5fcd4c":119,"6de0aaac":109,"0277d748":130,"49902219":140,"9a467a82":122,"21ee2afe":130,"af034fee":128,"bb8a6337":118,"bfcb912a":123,"a47abfbb":112,"7a4c064c":129,"363590c7":127,"8274885a":130,"1951480c":110,"b935fc1c":117,"8cf83787":114,"3310a049":117,"1be05c14":120,"26009d3f":120,"6c73ae98":104,"dfc89705":120,"e8f173b5":124,"01cd8099":125,"cf50e84e":120,"a0b03218":121,"59c1e594":120,"6ebe2354":102,"742f1425":123,"9fc713b0":139,"72b84094":152,"debe1f65":124,"e21c6207":115,"abd32136":121,"53b4e647":132,"a901627e":114,"7a840529":102,"345c9967":111,"00a17b46":125,"71ba7561":114,"7c0a2db6":122,"da04caac":120,"3101354b":113,"d5dae4c4":147,"e4c312fe":114,"0d770b97":122,"bec9d329":129,"2882a956":123,"7735c3c2":111,"11b74e63":120,"ed4fad08":128,"a2c334e7":137,"61d4782d":123,"26c390d6":112,"1b881e6e":129,"48efc739":144,"af0b61ab":116,"b0869206":132,"d0c0fc08":106,"408bb2ed":117,"5acaa06f":100,"288afc30":120,"4ea4a2a1":134,"554ebb83":121,"8c6e001f":104,"51c57542":126,"8942c35b":122,"70594a28":120,"142d6987":124,"0a96f57a":131,"94a2fe10":125,"751bcf25":119,"21ad2f34":127,"751acea8":107,"655941a0":134,"dbd2f139":130,"4def63ee":95,"c0b0f492":134,"e786063b":128,"c8fcad77":111,"859545e6":107,"a577db1c":107,"62d1d346":106,"90a06ee9":119,"f76a3e83":127,"53431634":141,"704bce0d":123,"c7313e0a":132,"168e75d9":121,"655954ba":120,"fee32863":126,"478d2d4f":131,"2352c8ef":121,"ba5c52af":124,"20958d58":113,"b8488fc8":124,"e5b1abc6":117,"088feee2":132,"a6626a13":108,"12dd6f5e":115,"d6320619":113,"50c3164b":135,"c67979e6":146,"7d6895f4":131,"d552eb2f":127,"23760167":119,"9147702f":111,"b9a48a5c":110,"f87c5031":113,"a1921150":129,"884b0ad1":117,"5339e1e9":124,"1d153b20":120,"f2ca27d9":118,"cf9f4757":105,"2ce1af05":108,"da3437cd":115,"40e79dd3":124,"5a622a23":121,"004f1ef3":148,"312f7676":127,"6d61bf13":114,"19f9ca86":125,"016953e4":129,"3f2522c2":130,"7ee148e9":120,"0b5a0408":119,"4b3e3b1c":128,"4945c851":128,"1438fad7":127,"bab97de3":130,"32c9fc47":117,"1be05c14":121,"b460f030":134,"03c398d2":130,"4cc141fa":100,"aefe13f5":128,"12a2cd4b":121,"01cd8099":126,"6ebe2354":103,"7a840529":103,"621d6b18":134,"7a4c064c":130,"cc5a1d47":109,"50c468ba":123,"3a291497":109,"83b2f9c5":121,"b2cfdbcf":120,"313258f2":124,"aa867541":108,"95904ac4":135,"f3a0c2ee":121,"a502c93c":108,"5e09f69e":139,"288a2c43":116,"64db4feb":141,"71a2a493":96,"32133249":120,"13747b82":129,"61d4782d":124,"00cf385d":127,"1ff8c2fc":130,"8c6e001f":105,"fe0df575":131,"5ee911b5":114,"40569362":133,"0ac825ed":126,"04bef50c":95,"abad2347":122,"d83870f5":116,"2882a956":124,"11b74e63":121,"5fa12feb":128,"3b7763b1":110,"7bebff03":116,"4dac6b20":102,"142d6987":125,"31408822":116,"56d315d8":103,"dbd2f139":131,"0af920d8":110,"c3e6ef01":127,"1a2ec5d7":134,"a577db1c":108,"75ffea08":121,"2045d7d6":123,"c8fcad77":112,"e786063b":129,"b5ce0c0c":131,"aa021138":130,"90a06ee9":120,"4c4aa2e2":123,"36380d96":133,"754f98c9":126,"9f2b16a7":134,"69134f07":118,"8e99d5d0":138,"cd522166":135,"8007f30e":86,"30c184b8":131,"a59a8290":126,"1bc0591f":119,"fead11cf":111,"e35a63cd":124,"aa5dfdf5":125,"97e75c19":139,"449d8475":105,"7db3edda":126,"5747db6e":138,"36b7003c":149,"8ec3834d":128,"7028b044":108,"66d94227":116,"f069bb07":117,"b88033fd":129,"af0b61ab":117,"a6626a13":109,"6adce358":132,"ac38a6a5":140,"af157d29":122,"f2f58418":109,"fd6dcb20":119,"b9a48a5c":111,"315537b2":127,"e9adbe58":121,"792c9b6a":113,"3712c4bd":106,"c95719e5":116,"39bbc4bc":135,"fe1d4419":121,"1da771fb":116,"2203f259":124,"c7ab83c1":113,"6a60348e":119,"1f88a4b7":141,"e81834aa":130,"0d2c95fe":124,"fb44fa9c":138,"820225e4":100,"e8f173b5":125,"804d4dfa":126,"a5aee5de":146,"dfc89705":121,"3e602573":118,"d82592f4":121,"792cfcbd":115,"621d6b18":135,"9496f56f":131,"87cd2add":108,"9c29f0ed":140,"053f3451":121,"cf9f4757":106,"4d9b0b10":121,"74c26380":138,"537634c9":109,"abc1d7ad":129,"012de09c":119,"3c0df8b4":121,"5f0c1b9d":130,"dd035d2a":118,"e9a8cf11":126,"d6d61bfc":129,"a1370ab0":126,"47cfba38":113,"227006e4":115,"24a9fb86":132,"12534561":118,"23080895":109,"761cf820":127,"8323d333":108,"ef16ca37":121,"50312237":132,"fe0df575":132,"379184a7":133,"7f6d1d0e":131,"91b28f83":130,"54d7de6b":134,"6ee92259":123,"6c20c153":121,"6490bac6":111,"ab7467de":128,"2ad42a9e":130,"18d20aa1":113,"efd23af5":121,"cd421290":122,"3ef7432b":127,"906632cb":119,"b7434f57":101,"61f25dd4":141,"1e191c98":102,"0c043224":135,"bb98a6cf":139,"be40590d":123,"0a2f71bc":117,"08a06557":146,"37a7d5b0":122,"9bdf362a":117,"8f13c203":112,"92f800f5":120,"62d1d346":107,"685207b3":129,"c7313e0a":133,"c0b23081":134,"67d30f2b":121,"b87158fb":128,"11b2c8d9":115,"d3a669ac":130,"9ab755d3":111,"5957df9e":113,"50d129cf":118,"dd7acb96":125,"aec074c4":130,"c67979e6":147,"5339e1e9":125,"fd07e0ed":131,"0670c466":114,"72d7b461":134,"22234d6b":122,"8a52882e":119,"2a387957":120,"f5596d0f":128,"f87c5031":114,"ec2cb1af":121,"8547fbc2":118,"2cb29e5a":134,"30dd2edc":125,"9e206c95":136,"ba5c52af":125,"358e45b1":114,"1951480c":111,"95d3d348":116,"836701f6":118,"3a204e56":134,"f2470875":137,"437fc3ec":126,"004f1ef3":149,"8d753bb6":116,"45fb95c1":122,"7732eb1e":137,"013ee301":118,"6db0ea86":121,"11888cfa":109,"28d41578":130,"8007f30e":87,"b3863630":114,"b215547b":111,"ab7d4c9a":113,"c4feee5b":127,"90a06ee9":121,"c1bb74f2":111,"fee32863":127,"6c524f99":128,"07f98660":126,"87083264":137,"e28c2efc":111,"67c57de4":138,"b73e789c":119,"d4ee22a4":129,"ad303bda":119,"7c0a2db6":123,"345c9967":112,"6e44927f":113,"8a165e17":133,"08a561b7":122,"43bc86e3":115,"95904ac4":136,"b230e8d3":122,"6df0b2e8":144,"c4bff41f":127,"71279c46":112,"e4714415":130,"4125085e":136,"9f5e6cba":124,"b7df1559":126,"f1098793":124,"bc392d1c":103,"c609739e":121,"01cd8099":127,"03c398d2":131,"27c8e038":135,"e0e6a097":115,"8f2a7d69":116,"72b84094":153,"da3437cd":116,"d25e0f8d":139,"805534ac":126,"5fa12feb":129,"9d0546ac":117,"6490bac6":112,"467773ac":121,"c8977844":120,"8db62558":120,"6f81493d":109,"5272520d":118,"5cd3cfe0":104,"66b7b5b4":116,"c015ec5a":120,"f8b31ce5":147,"4c39240e":127,"014460b9":147,"65a00a3c":125,"57167c74":116,"a577db1c":109,"04bef50c":96,"87c462ee":133,"d815c5b4":147,"935ec056":112,"124fbe96":112,"6b82b527":132,"f0a06216":117,"408bb2ed":118,"d102b0c6":116,"1bd5b20b":135,"554ebb83":122,"db0a661e":118,"5b60dd1d":128,"3c43e8a2":130,"83086d4c":128,"2203f259":125,"09f0db62":145,"e238f09b":129,"6085137f":106,"8298e976":134,"1db42092":131,"b552beb3":123,"17b08923":124,"272c7672":130,"9ceb5439":109,"ef1c2dcb":116,"a9b1bd51":94,"b5763ff6":105,"254cc28c":137,"b7832271":133,"a983a6dc":109,"22234d6b":123,"e15fd611":108,"70c1e715":113,"aff8e442":131,"6e851762":115,"a1921150":130,"d6320619":114,"8547fbc2":119,"eeaa2d46":132,"ac38a6a5":141,"9a467a82":123,"546f6845":127,"f87c5031":115,"9b546d65":113,"1247fa52":129,"145c7559":132,"6fb4cdda":132,"f33c0140":120,"9f2b16a7":135,"168e75d9":122,"be2955bb":127,"2352c8ef":122,"8007f30e":88,"2a76f1dd":113,"6c486702":123,"5f4102da":127,"50b558a7":105,"cc5a1d47":110,"d2466211":135,"621d6b18":136,"ef91eaae":108,"87083264":138,"50c468ba":124,"4f59a322":126,"a901627e":115,"a5676c24":119,"47cfba38":114,"a2c334e7":138,"3a1d1632":97,"40860a4b":104,"227006e4":116,"2132fe93":130,"6df0b2e8":145,"69eeae0d":107,"abc1d7ad":130,"4b3e3b1c":129,"e36dfd6f":120,"868edcc0":134,"e8d74304":110,"eed20185":133,"ac62fac2":134,"a0b03218":122,"26c6fa34":118,"2d382981":126,"0f72f2d8":117,"aa76bc50":106,"aa867541":109,"8db5a165":110,"daab45c6":112,"51c57542":127,"44ff8baa":122,"feb67030":116,"53747a91":121,"7bebff03":117,"79e4fa1c":114,"58d46189":139,"5cd3cfe0":105,"a8726d50":111
1604737572045,"4f5e3e7d":110,"9260d96b":144,"45b038bb":146,"8493f3b2":119,"8323d333":109,"00554ffd":136,"82b81567":105,"6d61bf13":115,"004f1ef3":150,"c0b7e7d7":106,"8dd649a3":113,"d1676e89":122,"f1dffa24":109,"fb7b7b3c":141,"1138796e":129,"b36a0d66":107,"69f3bfcc":117,"e81834aa":131,"bab97de3":131,"49910300":113,"07fc4a9a":133,"a43061ee":106,"87ce8d1d":102,"2c24d929":129,"dfc89705":122,"aa00769b":137,"b2bd8fd3":118,"946df4fd":126,"af0b61ab":118,"25d1b2d8":126,"2a06ab95":137,"449d8475":106,"884b0ad1":118,"5f7d7195":119,"50c3164b":136,"9d9dd9e5":109,"a6626a13":110,"815e4582":126,"d744bee2":116,"527ff946":134,"d0d6acb1":123,"a1921150":131,"9c045c61":130,"f2f58418":110,"53a8613c":139,"6de0aaac":110,"026766f3":122,"4360a1a3":138,"1f11812e":130,"dac109cf":114,"f883d582":114,"aab4d996":123,"88fa53d6":109,"4c39240e":128,"04ea5673":123,"df2b4d87":117,"8493f3b2":120,"6585adbe":93,"7a6aa4b6":122,"554ebb83":123,"d33790a2":134,"a533489b":129,"49bf2e95":111,"e4c312fe":115,"4b125e7b":123,"1c0a9eff":112,"2882a956":125,"bf30a08f":130,"bb00e71c":102,"263762cb":104,"57540cc3":134,"8cc4a982":129,"416a9e97":111,"72805bf5":108,"51f80f4c":136,"32133249":121,"03b4ab60":113,"031e488e":119,"76f3a3be":123,"3c18f28e":119,"eda6a690":104,"6d61bf13":116,"b1f58563":124,"3fdb08f5":118,"0a92153e":117,"b3863630":115,"69d4b754":116,"0dad37d5":115,"2e3503e4":121,"1247fa52":130,"90a06ee9":122,"f1dffa24":110,"5270f158":120,"4b3e3b1c":130,"f6fe095d":132,"cf84fb54":122,"cf50e84e":121,"0114160e":123,"8eb64769":124,"b36a0d66":108,"56752a4a":107,"6291e9e9":121,"04612878":129,"1c3a30c5":122,"8b2b601d":120,"c27969ec":125,"dd1fcb17":112,"cbad3b92":145,"88ce179e":133,"b8488fc8":125,"478d2d4f":132,"d78dd457":108,"13b53c7a":119,"b102f7bd":127,"c6dc900c":100,"d744bee2":117,"47d27624":110,"77bae750":112,"98915a1f":104,"50d129cf":119,"1a0189c4":114,"ea822700":107,"5339e1e9":126,"3007f31f":115,"8f9b74b0":114,"4e5aaaec":107,"0a96f57a":132,"a0cca8b7":104,"381c68fa":127,"3b7763b1":111,"902f49f5":119,"fe0df575":133,"7ae3fc50":108,"3d1af513":132,"792c9b6a":114,"36fb15d2":132,"5f8517b7":144,"49bf2e95":112,"07f98660":127,"50c468ba":125,"ba5c52af":126,"a06a6430":120,"95539a58":108,"95904ac4":137,"4abb7aed":125,"87cd2add":109,"d4ee22a4":130,"3c0df8b4":122,"7a4c064c":131,"ae016053":132,"ec110282":141,"3f75d3bc":134,"f905a555":113,"37d0cae2":113,"8bc04eb5":129,"ba586505":125,"2a06ab95":138,"7e991ab9":92,"25d1b2d8":127,"7d6895f4":132,"3454fa2b":123,"39ba00f0":125,"c67979e6":148,"546f6845":128,"a63bddd4":151,"6e851762":116,"217c0327":99,"ef8321d8":120,"9de29816":105,"bc3dc66a":126,"5e09f69e":140,"b7cc7909":129,"181c3dd5":126,"e4714415":131,"17446892":115,"b35bb8a1":112,"437fc3ec":127,"f5cd79c1":115,"2c5c1dc0":114,"92136ff5":127,"9e65c0ef":115,"b5ce0c0c":132,"58d46189":140,"26ed1a5c":119,"49b358bd":130,"3fdb08f5":119,"0af920d8":111,"aa021138":131,"110b1ee3":121,"ea6de194":128,"9316e7e8":104,"5e193fc8":129,"5f620a1e":131,"5be594be":124,"0a92153e":118,"a3253019":114,"288d171f":118,"f121b82c":136,"c0fea118":115,"9a3cc55d":115,"26f99a1e":120,"8274885a":131,"dc583e64":131,"95bc84f1":111,"2cce4fb2":126,"b36a0d66":109,"28d41578":131,"6291e9e9":122,"74e01f6a":120,"4945c851":129,"8eb64769":125,"6d802fa2":112,"b460f030":135,"2198ba8e":110,"03c398d2":132,"03dcfa3d":126,"0f72f2d8":118,"ee21ad02":129,"7735c3c2":112,"e6ec8cbf":137,"6c20c153":122,"8007f30e":89,"92ca52b7":130,"8f10fa42":155,"33d6bb6a":112,"7bda83dd":112,"c6dc900c":101,"2352c8ef":123,"f66616b7":123,"77bae750":113,"72d7b461":135,"91d52a55":123,"1f342a00":124,"66d94227":117,"2b3e4717":122,"aaa274a5":124,"2a387957":121,"0d2a1c58":117,"508aac3d":128,"ccf8b803":123,"4bcd4a30":140,"6bc5d32a":149,"e2a7d915":100,"7d112f4d":127,"3b7763b1":112,"4dac6b20":103,"4295ce9a":128,"e2cbe594":112,"332820ce":125,"9260d96b":145,"50312237":133,"336d0f08":136,"02d4753e":149,"82b81567":106,"45b038bb":147,"0d28db94":112,"30b6808c":115,"c803b4a3":123,"a06a6430":121,"d5059415":118,"d2466211":136,"9f74b8a4":116,"3f75d3bc":135,"731fc335":99,"d5dae4c4":148,"43bc86e3":116,"08a561b7":123,"616d6dd6":119,"195eb771":118,"2c01e624":119,"18815a1b":114,"175bc6b2":104,"fd6dcb20":120,"51f57142":125,"e9adbe58":122,"3661e12d":118,"d2a841c9":113,"4911acad":97,"162a7348":123,"b35bb8a1":113,"2132fe93":131,"19e9776f":125,"719c8869":141,"61f25dd4":142,"d141db49":119,"467773ac":122,"5ccf94d6":117,"d9f512b9":129,"7e76c93c":125,"e62d705f":109,"f4634d0b":116,"14c682eb":113,"93683c82":117,"92f800f5":121,"1623fc9f":121,"696fdac5":120,"1a2c020b":120,"69134f07":119,"2e3503e4":122,"4e3f5178":128,"c21ab51e":104,"e0154608":121,"e7773397":106,"fb7b7b3c":142,"b769bdfb":124,"016953e4":130,"09f0db62":146,"27f52ed3":139,"1da771fb":117,"e81834aa":132,"95f6db13":123,"0be540c5":132,"2cce4fb2":127,"01cd8099":128,"013ee301":119,"ae99df30":114,"79be29c8":116,"7fef9973":126,"a6b5e869":115,"7735c3c2":113,"6775d5cd":126,"c0b23081":135,"7af262e5":134,"8063df14":116,"6be9332a":108,"a8871ddf":108,"12a2cd4b":122,"0d2c95fe":125,"c27969ec":126,"35b58ef9":119,"eed20185":134,"64a7f79f":120,"72805bf5":109,"24a9fb86":133,"aec4e1bf":119,"f2364460":131,"815e4582":127,"26c390d6":113,"e15fd611":109,"7e991ab9":93,"d25e0f8d":140,"93e8cee5":140,"7d112f4d":128,"85de05f2":120,"ab7467de":129,"a0cca8b7":105,"77898c22":96,"3a1b9af5":121,"f9c15fcc":119,"3652bd66":120,"5a0ead91":110,"e5b1abc6":118,"20958d58":114,"dd3913d2":113,"831c7b85":116,"eb2e1983":121,"7a840529":104,"53b4e647":133,"c803b4a3":124,"629800eb":130,"8ac72326":107,"95539a58":109,"753ca352":108,"d9d0c567":122,"aa76bc50":107,"8db5a165":111,"3101354b":114,"6e44927f":114,"b2cfdbcf":121,"43bc86e3":117,"34658473":108,"8c6e001f":106,"6585adbe":94,"aa5dfdf5":126,"faf3ed07":124,"254cc28c":138,"8cd78f77":133,"dd7acb96":126,"bda8cdfb":126,"f66616b7":124,"ef1c2dcb":117,"50c3164b":137,"140ce69e":120,"6de0aaac":111,"9e206c95":137,"49902219":141,"f3d68430":131,"b946e146":143,"bc021def":123,"a68a93b2":114,"7a9344a4":146,"0c043224":136,"0841052c":134,"9bdf362a":118,"4360a1a3":139,"805af3c7":129,"dae0f922":131,"be40590d":124,"c015ec5a":121,"08a06557":147,"14c682eb":114,"c7636527":106,"014460b9":148,"f76a3e83":128,"e1618359":128,"b3863630":116,"2e3503e4":123,"5be594be":125,"c4feee5b":128,"79f04300":121,"fb7b7b3c":143,"0b3283c9":127,"f1dffa24":111,"42191b64":97,"d599b566":130,"22aeaf03":127,"5099c6a0":145,"bbe71605":112,"7ee7621c":120,"04bef50c":97,"6ee92259":124,"bec9d329":130,"91b28f83":131,"79be29c8":117,"5b5fc566":117,"6291e9e9":123,"7732eb1e":138,"8d753bb6":117,"b2703001":132,"ae8a09c4":116,"2d1e1e9d":118,"cf52025e":119,"1438fad7":128,"03c398d2":133,"804d4dfa":127,"bad6cdb1":107,"dfc89705":123,"74e3d13e":126,"51f80f4c":137,"76f3a3be":124,"e4714415":132,"c4bff41f":128,"a2c334e7":139,"b7cc7909":130,"2c24d929":130,"c45d554f":127,"e2a7d915":101,"7d112f4d":129,"bfad1727":104,"261c9911":129,"f67de058":129,"25a2844e":130,"8063df14":117,"fe8f3d36":116,"6a7392d5":111,"11b2c8d9":116,"9a3ab0b8":111,"53b4e647":134,"d2466211":137,"e28c2efc":112,"cb142908":107,"d4ee22a4":131,"9c29f0ed":141,"faf4f98b":133,"ef8987d7":114,"a5676c24":120,"71ba7561":115,"906fdec3":113,"5ef93e5d":104,"761cf820":128,"9260d96b":146,"3d1af513":133,"4ba6eb36":119,"02d4753e":150,"0ac825ed":127,"ea274174":123,"815e4582":128,"e15fd611":110,"dd7acb96":127,"794f652b":132,"70bc8325":115,"1a0189c4":115,"22234d6b":124,"8ec3834d":129,"72d7b461":136,"284544ba":112,"39a2fcce":113,"c98d5272":124,"84b67924":128,"2180f99b":124,"01d817b8":100,"a63bddd4":152,"be4f8ba8":118,"2cb29e5a":135,"f3d68430":132,"d2a841c9":114,"3661e12d":119,"2ad42a9e":131,"5a622a23":122,"5272520d":119,"4ee62a26":114,"db703021":117,"94a2fe10":126,"751acea8":108,"ea6de194":129,"5f620a1e":132,"56d315d8":104,"ddec9e54":114,"14c682eb":115,"638cb163":140,"e32524d6":122,"75ffea08":122,"ffc86f94":96,"2e3503e4":124,"1a2c020b":121,"fe578280":122,"696fdac5":121,"501db4de":121,"655954ba":121,"e7abc88d":111,"0b3283c9":128,"5623817d":116,"71e53c93":131,"61145ec9":134,"ee21ad02":130,"0d770b97":123,"d929098e":98,"cb4f262b":114,"9d4f1fe6":118,"88ce179e":134,"95d331b1":108,"83086d4c":129,"9a3cc55d":116,"e81834aa":133,"578f6e9e":132,"90731976":117,"c95719e5":117,"4945c851":130,"dc583e64":132,"11888cfa":110,"cf52025e":120,"f044c0e1":114,"48655f09":141,"be149c6f":111,"c9efc8f6":120,"72805bf5":110,"c852d240":126,"deb31f35":125,"57d5dee8":130,"60d6cee2":119,"d36125db":131,"17807120":123,"045f280d":120,"03dcfa3d":127,"742f1425":124,"dd1fcb17":113,"eed20185":135,"82204d54":115,"dd3913d2":114,"13b53c7a":120,"05f6ab35":125,"7bda83dd":113,"e5b1abc6":119,"b87158fb":129,"07f98660":128,"2b698053":121,"d4ee22a4":132,"ba938220":122,"43d87483":122,"cf9f4757":107,"30b6808c":116,"6585adbe":95,"e0e6a097":116,"d0b297b2":108,"b2a8761b":105,"6e851762":117,"842c8340":109,"39ba00f0":126,"cf775f58":123,"aec074c4":131,"3c6692a3":137,"5d087c79":117,"7028b044":109,"1a0189c4":116,"04643409":131,"d0d6acb1":124,"36684155":120,"284544ba":113,"bad1a1cc":113,"1d153b20":121,"6d5fcd4c":120,"f2ca27d9":119,"9c045c61":131,"2dda3936":117,"22176537":120,"4d35385e":124,"1bd5b20b":136,"0ac825ed":128,"9263c525":122,"201cafad":114,"6b9eff39":117,"e21c6207":116,"3007f31f":116,"805534ac":127,"4e5aaaec":108,"f4343817":120,"b6591e25":126,"a4f1d83b":115,"1e191c98":103,"a68a93b2":115,"14c682eb":116,"026766f3":123,"259930ee":133,"30fdcd3b":116,"4360a1a3":140,"7be025ce":129,"df2b4d87":118,"9bdf362a":119,"30c5d755":134,"2af60749":121,"06ee61b6":111,"dbc9df44":99,"a901627e":116,"1d44aff3":134,"71ba7561":116,"3f75d3bc":136,"a5fd8ffd":127,"56473430":136,"dd035d2a":119,"1c0a9eff":113,"7fef9973":127,"93b0a158":131,"51a3e9c2":130,"e4c312fe":116,"fea793f5":131,"20811ddf":121,"8e4c33d2":121,"60e855ee":139,"71ff66e8":116,"8cf83787":115,"47cfba38":115,"2ab62345":111,"3a1d1632":98,"c64de0c0":107,"081460bf":125,"162a7348":124,"f94bf9ea":125,"b769bdfb":125,"820225e4":101,"26f99a1e":121,"e81834aa":134,"5410e9c6":131,"a43061ee":107,"a3253019":115,"0dad37d5":116,"3498f223":109,"b215547b":112,"145c7559":133,"159ffd0b":109,"64a7f79f":121,"a40846b7":132,"c6e3d352":129,"26009d3f":121,"792cfcbd":116,"2cce4fb2":128,"481754fc":105,"e8d74304":111,"0be540c5":133,"48655f09":142,"b102f7bd":128,"fee32863":128,"f5e8dfee":135,"8007f30e":90,"7bda83dd":114,"8721056e":113,"50b558a7":106,"7fb4c521":124,"056ea7ff":134,"50c468ba":126,"abd32136":122,"b2a8761b":106,"cbb54a0a":103,"4ed01268":109,"ea822700":108,"6e98dfda":123,"730338c4":129,"1d790491":131,"1a0189c4":117,"2d54e0a8":111,"2d13e69b":124,"d5557fb4":128,"088feee2":133,"98915a1f":105,"39ba00f0":127,"37fbb107":127,"0e036ae9":141,"15620dca":135,"53a8613c":140,"3f65f121":125,"b946e146":144,"18815a1b":115,"21ee2afe":131,"3d1af513":134,"40e79dd3":125,"b6ee137a":119,"70594a28":121,"5c82d1ce":125,"3ef7432b":128,"ab7467de":130,"df81ddee":112,"c8977844":121,"4279e829":140,"142d6987":126,"1e191c98":104,"dae0f922":132,"94a2fe10":127,"df2b4d87":119,"1e7753d9":135,"aab4d996":124,"7043382d":127,"a33fe0dd":132,"761cf820":129,"1ff8c2fc":131,"8493f3b2":121,"d0e9a58e":115,"4ac6bd4e":114,"0d28db94":113,"f1df62b4":127,"9496f56f":132,"49cb2959":131,"dc03ebd2":137,"537634c9":110,"65e4235b":124,"f789f6d8":126,"290b4714":120,"195eb771":119,"aa76bc50":108,"88ce179e":135,"e382ec3f":109,"11b74e63":122,"fea793f5":132,"4652b09a":140,"5b5fc566":118,"162a7348":125,"d6d61bfc":130,"1ed46298":131,"32133249":122,"60d6cee2":120,"0ecfa1c9":118,"35aa7fd0":132,"263762cb":105,"317c1591":133,"77d35808":115,"1438fad7":129,"e3547548":110,"805af3c7":130,"bd984a8e":114,"ffc86f94":97,"972f4174":131,"7f86be64":126,"9267f0ef":135,"2e3503e4":125,"5be594be":126,"9b172ca8":107,"8dc9b4db":131,"07fc4a9a":134,"99d130c9":133,"d82592f4":122,"a58bf525":125,"a6bcb07e":125,"cf52025e":121,"e238f09b":130,"0114160e":124,"74e01f6a":121,"1da771fb":118,"aa00769b":138,"a8871ddf":109,"05642105":131,"d8475b95":98,"cf84fb54":123,"cac4449a":119,"1bc0591f":120,"fee32863":129,"be3a10f8":138,"dc0c8b09":136,"7bda83dd":115,"7fdc2007":116,"50b558a7":107,"5a0eb771":119,"47d27624":111,"aaa274a5":125,"44a4f7cd":125,"9147702f":112,"5d087c79":118,"5747db6e":139,"e99318a3":125,"2c01e624":120,"7db3edda":127,"b88033fd":130,"36684155":121,"22234d6b":125,"ef1c2dcb":118,"12dd6f5e":116,"51f57142":126,"9263c525":123,"2b3c49b9":127,"25e0dd3d":127,"6bc5d32a":150,"8ea21393":108,"6b9eff39":118,"261c9911":130,"805534ac":128,"059d6c19":133,"7cd0ad7b":136,"30dbfc69":118,"110b1ee3":122,"36fb15d2":133,"5a0ead91":111,"9e878ec2":131,"8245f916":121,"34658473":109,"4ba6eb36":120,"43d87483":123,"76f94eda":124,"621d6b18":137,"6f39f4d9":131,"ae95f2ba":134,"ffa08d82":122,"c8113b77":110,"cf1b8c47":127,"0a1d11e6":108,"db8ba455":126,"49cb2959":132,"37d0cae2":114,"ae016053":133,"2882a956":126,"b2cfdbcf":122,"6841f77e":131,"abc1d7ad":131,"a6b5e869":116,"865d9857":97,"3f65f121":126,"f87c5031":116,"9a467a82":124,"18815a1b":116,"c4bff41f":129,"af034fee":129,"5a734022":115,"5f6613c8":107,"aec4e1bf":120,"5e09f69e":141,"64db4feb":142,"6d61bf13":117,"3712c4bd":107,"42191b64":98,"ce3bf5db":112,"5cd3cfe0":106,"3bad3c95":105,"a33fe0dd":133,"902f49f5":120,"57167c74":117,"e3547548":111,"dbc9df44":100,"be40590d":125,"c7313e0a":134,"3fdb08f5":120,"aa021138":132,"470d50c2":120,"f2086446":121,"c382f054":137,"4e3f5178":129,"145c7559":134,"6291e9e9":124,"c318d350":132,"e36dfd6f":121,"82868763":121,"f5829ac0":132,"095ab3b4":121,"e238f09b":131,"6d802fa2":113,"23080895":110,"49910300":114,"01cd8099":129,"be1746a0":128,"489a39f7":107,"2cce4fb2":129,"87ce8d1d":103,"cac4449a":120,"baebb391":139,"aa00769b":139,"e0e48a2d":114,"ba586505":126,"95d331b1":109,"c463799d":128,"fe8f3d36":117,"8063df14":118,"05f6ab35":126,"bd62d7ed":112,"9a3ab0b8":112,"33d6bb6a":113,"47d27624":112,"6e851762":118,"a1921150":132,"af0b61ab":119,"9ab755d3":112,"a939b50b":124,"91d52a55":124,"2d13e69b":125,"5a0eb771":120,"7db3edda":128,"ccf8b803":124,"d744bee2":118,"a6626a13":111,"2b3e4717":123,"5a622a23":123,"fb8bfb36":134,"daab45c6":113,"53747a91":122,"c455f40e":113,"feb67030":117,"d25e0f8d":141,"cc11fef9":125,"74f234c6":147,"30dbfc69":119,"2af60749":122,"58d46189":141,"cd95f558":126,"8323d333":110,"3652bd66":121,"ea274174":124,"332820ce":126,"792c9b6a":115,"408bb2ed":119,"a06a6430":122,"0bfabf48":118,"2b698053":122,"d4ee22a4":133,"7fb4c521":125,"cc5a1d47":111,"619fda68":145,"71e53c93":132,"95904ac4":138,"e865e4dd":115,"ae016053":134,"6e44927f":115,"83b2f9c5":122,"08a561b7":124,"0d770b97":124,"e0e48a2d":115,"ae99df30":115,"7f6d1d0e":132,"8cc4a982":130,"51f57142":127,"22ecaed0":118,"affb82bf":128,"eeaa2d46":133,"217c0327":100,"6d5fcd4c":121,"aec4e1bf":121,"7af9d3b1":129,"deb31f35":126,"c93c3508":101,"72805bf5":111,"bc3dc66a":127,"47cfba38":116,"638cb163":141,"0c0e98ea":116,"3bad3c95":106,"94a2fe10":128,"805af3c7":131,"d141db49":120,"30fdcd3b":117,"24ffcbd3":141,"fce3c5c6":110,"6fb4cdda":133,"f121b82c":137,"90a06ee9":123,"4e3f5178":130,"4c4aa2e2":124,"f2086446":122,"501db4de":122,"25635c37":106,"93ac9ca3":116,"e7773397":107,"8dd649a3":114,"0d2c95fe":126,"26f99a1e":122,"fb44fa9c":139,"3712c4bd":108,"4ff2225d":112,"f6fe095d":133,"b2703001":133,"b552beb3":124,"820225e4":102,"946df4fd":127,"03dcfa3d":128,"3310a049":118,"4b4ef7fa":111,"cf52025e":122,"04612878":130
1604737572611,"6c20c153":123,"ba586505":127,"ad2d7bed":130,"b8488fc8":126,"831c7b85":117,"cd522166":136,"4c0e547b":121,"7af262e5":135,"f67de058":130,"1105f790":128,"87083264":139,"76f94eda":125,"6034b6d0":129,"6a5b71b4":118,"a85d89cc":115,"8ac72326":108,"2ce1af05":109,"4eed1bea":127,"e2a7d915":102,"7d112f4d":130,"07107f6e":121,"6490bac6":113,"51c57542":128,"fb8bfb36":135,"66b7b5b4":117,"c2bb8aae":122,"0c0e98ea":117,"4bc46d7a":119,"69eeae0d":108,"6e44927f":116,"345c9967":113,"a0cf08b3":104,"d5dae4c4":149,"da04caac":121,"6c20c153":124,"bec9d329":131,"124fbe96":113,"abad2347":123,"ad2d7bed":131,"20811ddf":122,"9d4f1fe6":119,"44a4f7cd":126,"bad1a1cc":114,"254cc28c":139,"e99318a3":126,"dd7acb96":128,"c6c85783":124,"ea822700":109,"2b3e4717":124,"aaa274a5":126,"77f31bab":134,"f4726450":120,"7e991ab9":94,"fb7482fe":111,"50c3164b":138,"059d6c19":134,"e1571af7":124,"dae0f922":133,"44c77422":131,"902f49f5":121,"4577b333":119,"5272520d":120,"0b959527":113,"fce3c5c6":111,"e5d3655c":136,"24ffcbd3":142,"c85a0d80":130,"704bce0d":124,"9f2b16a7":136,"c7313e0a":135,"f121b82c":138,"80a8a56d":110,"1e232870":132,"0f89862c":106,"19551bad":113,"a66a2d8a":139,"afe8e06a":117,"062179c1":122,"13b53c7a":121,"05f6ab35":127,"12dd6f5e":117,"a63bddd4":153,"9c045c61":132,"2cb29e5a":136,"fd6dcb20":121,"175bc6b2":105,"e9adbe58":123,"0681c48e":133,"d6d61bfc":131,"76f3a3be":125,"e4714415":133,"7af9d3b1":130,"87083264":140,"3e602573":119,"24d24fa3":124,"4f59a322":127,"6f39f4d9":132,"0d28db94":114,"ae95f2ba":135,"4930f321":115,"a0ce82b4":126,"2ad42a9e":132,"4eed1bea":128,"8ea21393":109,"21ad2f34":128,"ccb5ea3e":104,"c45d554f":128,"d5059415":119,"e865e4dd":116,"537634c9":111,"a0cf08b3":105,"d8e58a8c":139,"6e44927f":117,"65e4235b":125,"ef8987d7":115,"d4d5f466":116,"00cf385d":128,"aa187e3b":113,"4b125e7b":124,"ba586505":128,"6b82b527":133,"e4117b3b":112,"9b3f8714":131,"5774ac0d":135,"842c8340":110,"77bae750":114,"a939b50b":125,"77f31bab":135,"2b3e4717":125,"26c390d6":114,"aec074c4":132,"25d1b2d8":128,"1ff8c2fc":132,"6585adbe":96,"0cb80f4a":125,"379184a7":134,"3a1b9af5":122,"0ac825ed":129,"4ea4a2a1":135,"0c043224":137,"f1b493de":143,"bb98a6cf":140,"655941a0":135,"4ee62a26":115,"fbdffc95":117,"20e470e0":111,"4360a1a3":141,"5f620a1e":133,"ca7d47f7":129,"04ea5673":124,"d9f512b9":130,"92f800f5":122,"b7505747":126,"288d171f":119,"a836aa93":119,"9f2b16a7":137,"69d4b754":117,"696fdac5":122,"69134f07":120,"655954ba":122,"5f4102da":128,"05f6ab35":128,"8f10fa42":156,"11b2c8d9":117,"1105f790":129,"b8488fc8":127,"e5b1abc6":120,"50d129cf":120,"884b0ad1":119,"84b67924":129,"778c95e9":122,"fb7482fe":112,"aa5dfdf5":127,"8dd2684c":121,"d3e84616":133,"25a7a0a3":127,"ef8321d8":121,"ac38a6a5":142,"6cba74ce":118,"b946e146":145,"c93c3508":102,"a40846b7":133,"e45b4b53":102,"7ee148e9":121,"fb7b7b3c":144,"06ddafc7":104,"19f9ca86":126,"8b2b601d":121,"095ab3b4":122,"a6bcb07e":126,"3c43e8a2":131,"e0f7679f":107,"48655f09":143,"e7e82473":143,"95bc84f1":112,"c609739e":122,"aefe13f5":129,"e8f173b5":126,"12271e14":122,"468fc85c":124,"9fc713b0":140,"aa00769b":140,"87cd2add":110,"2b698053":123,"5fa12feb":130,"6490bac6":114,"a851554d":129,"07107f6e":122,"debe1f65":125,"20777945":109,"3007f31f":117,"a85d89cc":116,"91536e85":129,"10ec5a0b":116,"0d28db94":115,"a06a6430":123,"195eb771":120,"3f75d3bc":137,"3c0df8b4":123,"d8e58a8c":140,"5f0c1b9d":131,"781ace7d":123,"83b2f9c5":123,"bd2705b0":140,"ae99df30":116,"2882a956":127,"e382ec3f":110,"d6d61bfc":132,"64db4feb":143,"8cddb65e":119,"031e488e":120,"c4bff41f":130,"288a2c43":117,"bda8cdfb":127,"088feee2":134,"842c8340":111,"4652b09a":141,"a533489b":130,"8493f3b2":122,"b2a8761b":107,"6f0fcb9d":126,"02d4753e":151,"0ac825ed":130,"36fb15d2":134,"d929098e":99,"e356abf1":133,"f4634d0b":117,"4279e829":141,"56d315d8":105,"1a2ec5d7":135,"f883d582":115,"2af60749":123,"93683c82":118,"aa021138":133,"dbd2f139":132,"62d1d346":108,"c1bdfd41":110,"dac109cf":115,"d9d7c4c2":127,"a577db1c":110,"501db4de":123,"8e99d5d0":139,"f598a332":111,"69d4b754":118,"cb51f134":132,"8e780922":122,"704bce0d":125,"eebc8d43":121,"30c184b8":132,"8007f30e":91,"831c7b85":118,"dfcc2ad1":140,"9b546d65":114,"33d6bb6a":114,"99e171db":120,"5339e1e9":127,"e15fd611":111,"0d2a1c58":118,"44a4f7cd":127,"70bc8325":116,"84b767be":150,"6751d8e4":132,"2180f99b":125,"50c3164b":139,"dd7acb96":129,"dfa1a89b":114,"d3e84616":134,"57540cc3":135,"9de29816":106,"9a467a82":125,"f87c5031":117,"49902219":142,"7ee148e9":122,"f5cd79c1":116,"016953e4":131,"71ff66e8":117,"ea9bba6b":123,"22aeaf03":128,"bab97de3":132,"1951480c":112,"1be05c14":122,"e36dfd6f":122,"a636f4c9":133,"6d802fa2":114,"04612878":131,"90731976":118,"59c1e594":121,"8b2b601d":122,"23080895":111,"2cce4fb2":130,"03c398d2":134,"a5aee5de":147,"c609739e":123,"4295ce9a":129,"8ea21393":110,"cd421290":123,"18d20aa1":114,"3ef7432b":129,"8ac72326":109,"ef14000f":139,"ffa08d82":123,"ae95f2ba":136,"619fda68":146,"7a840529":105,"4d9b0b10":122,"d8e58a8c":141,"8db5a165":112,"74c26380":139,"28654c76":130,"d5dae4c4":150,"a5676c24":121,"1d44aff3":135,"60d6cee2":121,"227006e4":117,"181c3dd5":127,"540df50f":126,"c9efc8f6":121,"a47abfbb":113,"725dce8b":137,"4b125e7b":125,"6ee92259":125,"ea274174":125,"9260d96b":147,"5acaa06f":101,"cfe72ead":108,"8d000d6e":116,"1bd5b20b":137,"cd95f558":127,"d1d40c9c":135,"51a3e9c2":131,"290b4714":121,"ae99df30":117,"e4c312fe":117,"70594a28":122,"a0ce82b4":127,"7a9344a4":147,"110b1ee3":123,"5cd3cfe0":107,"6f81493d":110,"0af920d8":112,"5ab7bc35":124,"26ed1a5c":120,"30c5d755":135,"5272520d":121,"d9d7c4c2":128,"7e76c93c":126,"e3547548":112,"d6f0d94a":111,"8f13c203":113,"e9679ede":112,"0da28f5b":125,"f2086446":123,"82204d54":116,"eb2e1983":122,"20958d58":115,"1105f790":130,"7bda83dd":116,"05f6ab35":129,"90d52475":123,"77bae750":115,"5957df9e":114,"77f31bab":136,"088feee2":135,"1634789b":121,"d744bee2":119,"6e98dfda":124,"6e851762":119,"d3a669ac":131,"508aac3d":129,"aec074c4":133,"f069bb07":118,"d552eb2f":128,"217c0327":101,"d3e84616":135,"4d35385e":125,"01d817b8":101,"30dd2edc":126,"51f57142":128,"8dd2684c":122,"be3a10f8":139,"27f52ed3":140,"09ff339a":97,"83086d4c":130,"39bbc4bc":136,"e45b4b53":103,"71ff66e8":118,"312f7676":128,"0114160e":125,"88a30343":118,"64a7f79f":122,"b460f030":136,"bab97de3":133,"11888cfa":111,"cac4449a":121,"6be9332a":109,"a8871ddf":110,"28d41578":132,"eed20185":136,"13f0e139":112,"1438fad7":130,"06ee61b6":112,"2e3503e4":126,"dcf85091":109,"1e232870":133,"feb67030":118,"07f98660":129,"95539a58":110,"ba938220":123,"c8113b77":111,"d83294cd":119,"0bfabf48":119,"ef14000f":140,"3a291497":110,"b28a5e67":137,"731fc335":100,"6023df54":119,"b2cfdbcf":123,"7ae34c64":126,"71a2a493":97,"03b4ab60":114,"5e09f69e":142,"4911acad":98,"162a7348":126,"5f6613c8":108,"5ac86fb9":134,"dd035d2a":120,"4cc141fa":101,"34658473":110,"379184a7":135,"fe0df575":134,"c7c4ec5c":109,"d33790a2":135,"a533489b":131,"92d38723":135,"54d7de6b":135,"4b125e7b":126,"677c6a09":144,"95d331b1":110,"aa187e3b":114,"e0e48a2d":116,"6490bac6":115,"93e8cee5":141,"da3437cd":117,"2ad42a9e":133,"2209903e":131,"5a622a23":124,"cc11fef9":126,"dae0f922":134,"5272520d":122,"a68a93b2":116,"3bad3c95":107,"d634aa28":138,"c3e6ef01":128,"b7505747":127,"d70ca4f4":137,"c1bdfd41":111,"8f13c203":114,"d9d7c4c2":129,"d141db49":121,"ce3bf5db":113,"d929098e":100,"a567ace4":123,"30c184b8":133,"f4b2f575":107,"77bae750":116,"0670c466":115,"bda8cdfb":128,"ce3407dd":121,"fd07e0ed":132,"cf775f58":124,"50c3164b":140,"527ff946":135,"d0d6acb1":125,"2f455cce":130,"3c6692a3":138,"39ba00f0":128,"aa5dfdf5":128,"12dd6f5e":118,"b9a48a5c":112,"f2ca27d9":120,"9c045c61":133,"9de29816":107,"09560615":103,"7d6895f4":133,"e35a63cd":125,"363590c7":128,"3c43e8a2":132,"016953e4":132,"0b3283c9":129,"09f0db62":147,"e45b4b53":104,"6085137f":107,"f044c0e1":115,"ce4da56f":125,"c27969ec":127,"7af262e5":136,"a8c93bed":122,"4c0e547b":122,"9d023afb":134,"dbc9df44":101,"2e3503e4":127,"fe578280":123,"0dad37d5":117,"c21ab51e":105,"69134f07":121,"104721f0":123,"07f98660":130,"a85d89cc":117,"ba938220":124,"43d87483":124,"9aa6a054":127,"7e95c5a0":133,"9fce073c":126,"43bc86e3":118,"3f75d3bc":138,"313258f2":125,"42c80e69":132,"a6003226":116,"bfcb912a":124,"5eaa1581":112,"031e488e":121,"2ab62345":112,"6867261a":121,"00a481e3":133,"74c26380":140,"6e44927f":118,"6ebe2354":104,"69f3bfcc":118,"17b08923":125,"946df4fd":128,"0be540c5":134,"2c24d929":131,"489a39f7":108,"a43061ee":108,"66554572":98,"ae8a09c4":117,"9c58dd76":133,"336d0f08":137,"34658473":111,"5ef93e5d":105,"ee75b607":114,"f56ac638":102,"9a80f004":110,"547903ef":133,"9d0546ac":118,"25e0dd3d":128,"53747a91":123,"913a6226":119,"df81ddee":113,"74f234c6":148,"4279e829":142,"d70ca4f4":138,"cf1124db":110,"2af60749":124,"88fa53d6":110,"b6591e25":127,"4777334c":116,"bb98a6cf":141,"7e76c93c":127,"be40590d":126,"49b358bd":131,"4577b333":120,"8f13c203":115,"bec9d329":132,"20811ddf":123,"04bef50c":98,"d815c5b4":148,"11b74e63":123,"5f7d7195":120,"c6c85783":125,"1b881e6e":130,"2b3e4717":126,"e15fd611":112,"b7832271":134,"23760167":120,"50c3164b":141,"2d54e0a8":112,"e99318a3":127,"f4726450":121,"af0b61ab":120,"de6213c7":118,"22234d6b":126,"1d153b20":122,"140ce69e":121,"3a1b9af5":123,"2e99f8fd":109,"fe0df575":135,"332820ce":127,"b377a62a":118,"2c5c1dc0":115,"9a3cc55d":117,"578f6e9e":133,"016953e4":133,"5b60dd1d":129,"30c184b8":134,"c463799d":129,"bd62d7ed":113,"e35a63cd":126,"20958d58":116,"9b172ca8":108,"e9679ede":113,"754f98c9":127,"34c5c729":116,"c5b35e4d":111,"6b78ad7f":129,"145c7559":135,"78467b8a":143,"8007f30e":92,"629800eb":131,"e4cfef0a":105,"7a840529":106,"43d87483":125,"87cd2add":111,"4930f321":116,"2ce1af05":110,"57540cc3":136,"ccdd1ce6":120,"558d5ce7":121,"f5596d0f":129,"affb82bf":129,"71279c46":113,"a6003226":117,"5f6613c8":109,"8d04852b":122,"68562193":105,"5a734022":116,"17446892":116,"b28a5e67":138,"c95719e5":118,"c0b7e7d7":107,"b2703001":134,"a24e6670":121,"f1098793":125,"59431390":121,"04612878":132,"1f88a4b7":142,"458dcc3d":134,"54a676d6":117,"26c6fa34":119,"2198ba8e":111,"ce4da56f":126,"b36a0d66":110,"4b4ef7fa":112,"ac62fac2":135,"e865e4dd":117,"781ace7d":124,"43bc86e3":119,"a472532e":114,"a15713c6":135,"345c9967":114,"51c57542":129,"a0cca8b7":106,"ded7da5a":131,"e1f0dbfd":137,"92136ff5":128,"93e8cee5":142,"805534ac":129,"751bcf25":120,"5272520d":123,"9d4da635":101,"259930ee":134,"a81a857c":120,"4ee62a26":116,"7cd0ad7b":137,"4c39240e":129,"a577db1c":111,"1a2ec5d7":136,"cc6bbe45":119,"0d5ee801":111,"4577b333":121,"ffc86f94":98,"6841f77e":132,"04bef50c":99,"6c20c153":125,"a6b5e869":117,"ad2d7bed":132,"5eab91a0":130,"290b4714":122,"faf3ed07":125,"37fbb107":128,"77f31bab":137,"1a0189c4":118,"fd369c21":129,"527ff946":136,"9147702f":113,"91d52a55":125,"084cbc0b":116,"84b767be":151,"c98d5272":125,"7028b044":110,"98915a1f":106,"d3a669ac":132,"336d0f08":138,"67f6e4f2":116,"3652bd66":122,"792c9b6a":116,"45b038bb":148,"608bc832":112,"332820ce":128,"3a204e56":135,"90a06ee9":124,"704bce0d":126,"a3253019":116,"972f4174":132,"c4feee5b":129,"5be594be":127,"1e232870":134,"4c0e547b":123,"062179c1":123,"6a7392d5":112,"05f6ab35":130,"78b97937":130,"8b5a8e9f":132,"50b558a7":108,"ae95f2ba":137,"9aa6a054":128,"d5059415":120,"67c57de4":139,"8fb236a9":102,"6034b6d0":130,"7a840529":107,"8547fbc2":120,"f2f58418":111,"8cc4a982":131,"a77e8461":120,"dfa1a89b":115,"eafbf9fb":122,"175bc6b2":106,"68562193":106,"d6d61bfc":133,"081460bf":126,"c93c3508":103,"60d6cee2":122,"35aa7fd0":133,"e4714415":134,"f5cd79c1":117,"363590c7":129,"8dd649a3":115,"1da771fb":119,"f2470875":138,"6085137f":108,"4ff2225d":113,"1138796e":130,"f5829ac0":133,"742f1425":125,"e0f7679f":108,"b460f030":137,"cf84fb54":124,"458dcc3d":135,"b36a0d66":111,"c27969ec":128,"1db42092":132,"26c6fa34":120,"04612878":133,"73b15e04":118,"f905a555":114,"0a1d11e6":109,"c650b434":133,"e2a7d915":103,"92136ff5":129,"3007f31f":118,"0149e11a":106,"3ef7432b":130,"f4343817":121,"74f234c6":149,"db703021":118,"b6591e25":128,"20e470e0":112,"0d5ee801":112,"37a7d5b0":123,"4577b333":122,"4360a1a3":142,"f3a0c2ee":122,"fafb4cc2":153,"a5fd8ffd":128,"61145ec9":135,"ae016053":135,"d39724bc":116,"cb4f262b":115,"f56ac638":103,"d929098e":101,"88ce179e":136,"6b82b527":134,"ee21ad02":131,"0670c466":116,"bf822e33":118,"84369269":108,"5957df9e":115,"93fdbb44":109,"0d2a1c58":119,"8ec3834d":130,"084cbc0b":117,"911e770b":124,"66d94227":118,"3c6692a3":139,"9fa62fee":112,"508aac3d":130,"f4726450":122,"379184a7":136,"8d000d6e":117,"db0a661e":119,"e0e6a097":117,"d102b0c6":117,"8c6e001f":107,"554ebb83":124,"7a9344a4":148,"cc6bbe45":120,"25776fc4":133,"3bad3c95":108,"2af60749":125,"1623fc9f":122,"f121b82c":139,"3498f223":110,"696fdac5":123,"0dad37d5":118,"53431634":142,"168e75d9":123,"1e232870":135,"be3a10f8":140,"062179c1":124,"c463799d":130,"cd522166":137,"fe8f3d36":118,"e5b1abc6":121,"8063df14":119,"4d9b0b10":123,"d2466211":138,"cc5a1d47":112,"945b63f0":144,"f87c5031":118,"12012fbd":112,"af157d29":123,"9e206c95":138,"fd6dcb20":122,"d6320619":115,"c9efc8f6":122,"e4714415":135,"725dce8b":138,"3c18f28e":120,"61d4782d":125,"31f6ba51":121,"deb31f35":127,"7566fdd6":135,"ae95f2ba":138,"91536e85":130,"7a840529":108,"dc583e64":133,"3c43e8a2":133,"b1f58563":125,"d1676e89":123,"c318d350":133,"b935fc1c":118,"8cf83787":116,"f5829ac0":134,"93ac9ca3":117,"8b2b601d":123,"cac4449a":122,"2d1e1e9d":119,"27c8e038":136,"49910300":115,"742f1425":126,"cf50e84e":122,"56752a4a":108,"b552beb3":125,"e6fac295":111,"dfc89705":124,"a636f4c9":134,"6bc5d32a":151,"51c57542":130,"e2cbe594":113,"efd23af5":122,"9a80f004":111,"25e0dd3d":129,"70594a28":123,"5cd3cfe0":108,"31408822":117,"313258f2":126,"00a481e3":134,"74c26380":141,"cf1b8c47":128,"d9d0c567":123,"f905a555":115,"c91966ce":110,"6c20c153":126,"93b0a158":132,"abad2347":124,"c0b23081":136,"d83870f5":117,"6b82b527":135,"1757a30e":120,"b8ab8e6e":122,"5957df9e":116,"a939b50b":126,"5f7d7195":121,"1d790491":132,"b5763ff6":106,"70bc8325":117,"789bd484":120,"778c95e9":123,"2b3e4717":127,"3c6692a3":140,"608bc832":113,"8c6e001f":108,"6f0fcb9d":127,"9263c525":124,"7ae3fc50":109,"b4fdf90e":128,"1bd5b20b":138,"26ed1a5c":121,"906632cb":120,"f8b31ce5":148,"ddec9e54":115,"fce3c5c6":112,"d0c104c4":92,"37a7d5b0":124,"3fdb08f5":121,"94a2fe10":129,"24ffcbd3":143,"b5ce0c0c":133,"ffc86f94":99,"c382f054":138,"1a2c020b":122,"f598a332":112,"1247fa52":131,"754f98c9":128,"6fb4cdda":134,"8e780922":123,"a59a8290":127,"8063df14":120,"fead11cf":112,"70ee0491":111,"1745a0f4":124,"831c7b85":119,"4c0e547b":124,"e58b26f6":128,"70c1e715":114,"508aac3d":131,"b946e146":146,"12012fbd":113,"d6320619":116,"a77e8461":121,"15620dca":136,"36d340f2":109,"57540cc3":137,"0ecfa1c9":119,"0681c48e":134,"3a1d1632":99,"b9be31d6":125,"7a840529":109,"42191b64":99,"2203f259":126,"83086d4c":131,"0b3283c9":130,"26f99a1e":123,"1438fad7":131,"e45b4b53":105,"95bc84f1":113,"016953e4":134,"013ee301":120,"5678ed7b":139,"be1746a0":129,"06ddafc7":105,"12a2cd4b":123,"489a39f7":109,"e8d74304":112,"e7e82473":144,"bc392d1c":104,"48655f09":144,"a0b03218":123,"ae8a09c4":118,"2ce1af05":111,"9fce073c":127,"b73e789c":120,"c38c2b52":115,"e4cfef0a":106,"72b84094":154,"93e8cee5":143,"c650b434":134,"3ef7432b":131,"2ad42a9e":134
1604737573954,"cd95f558":128,"1ff8c2fc":133,"3652bd66":123,"b7407bd3":118,"4ea4a2a1":136,"d0c0fc08":107,"8493f3b2":123,"8274885a":132,"6ce84ff8":111,"b935fc1c":119,"5410e9c6":132,"1be05c14":123,"09ff339a":98,"59431390":122,"3712c4bd":109,"6085137f":109,"d6db2b02":127,"26c6fa34":121,"06ddafc7":106,"87922532":140,"f5829ac0":135,"3e602573":120,"6d802fa2":115,"e8f173b5":127,"eed20185":137,"dfc89705":125,"2c24d929":132,"6ebe2354":105,"5ac86fb9":135,"72805bf5":112,"1ed46298":132,"8d04852b":123,"23760167":121,"842c8340":112,"8ec3834d":131,"fb8bfb36":136,"bc09fa9e":116,"5ee911b5":115,"9263c525":125,"3d1af513":135,"332820ce":129,"3a1b9af5":124,"d33790a2":136,"8db5a165":113,"52eca0dc":118,"5f0c1b9d":132,"49cb2959":133,"8a165e17":134,"731fc335":101,"358e45b1":115,"d1fe2868":133,"ef1c2dcb":119,"aff8e442":132,"aec074c4":134,"650bb0e0":119,"84b67924":130,"a1921150":133,"39ba00f0":129,"2c01e624":121,"22234d6b":127,"dd7acb96":130,"51f57142":129,"d3e84616":136,"558d5ce7":122,"6de0aaac":112,"49902219":143,"affb82bf":130,"172217e5":123,"30fdcd3b":118,"0c0e98ea":118,"0c043224":138,"93683c82":119,"7043382d":128,"58d46189":142,"7cd0ad7b":138,"859545e6":108,"24ffcbd3":144,"902f49f5":122,"cc6bbe45":121,"d9d7c4c2":130,"c0b0f492":135,"4577b333":123,"c382f054":139,"9b172ca8":109,"c7313e0a":136,"9b742f71":118,"e0154608":122,"d34a29b9":136,"1e232870":136,"d1676e89":124,"39bbc4bc":137,"312f7676":129,"09f0db62":148,"1f88a4b7":143,"5b60dd1d":130,"4ff2225d":114,"363590c7":130,"a851891c":119,"67d30f2b":122,"677c6a09":145,"bf30a08f":131,"290b4714":123,"abad2347":125,"ad2d7bed":133,"7fef9973":128,"2bcca6a7":136,"25a2844e":131,"0b5a0408":120,"064a99c8":115,"0d2c95fe":127,"d599b566":131,"87ce8d1d":104,"6c73ae98":105,"27c8e038":137,"8d753bb6":118,"ae8a09c4":119,"7732eb1e":139,"c852d240":127,"32133249":123,"181c3dd5":128,"5774ac0d":136,"031e488e":122,"5f6613c8":110,"a6003226":118,"b7df1559":127,"a543ec74":115,"946df4fd":129,"9a80f004":112,"21ad2f34":129,"51c57542":131,"ab7467de":131,"4dac6b20":104,"ded7da5a":132,"20777945":110,"8493f3b2":124,"9260d96b":148,"ec11fe5f":107,"70ee0491":112,"a66a2d8a":140,"a8c93bed":123,"dfcc2ad1":141,"d2466211":139,"d4ee22a4":134,"77bfed7e":126,"91536e85":131,"87cd2add":112,"cc5a1d47":113,"ef14000f":141,"a851891c":120,"0a1d11e6":110,"da04caac":122,"3652bd66":124,"408bb2ed":120,"d0e9a58e":116,"cfe72ead":109,"d33790a2":137,"394dc144":117,"2a387957":122,"9d63c4dd":126,"f4b2f575":108,"f66616b7":125,"fd369c21":130,"d0d6acb1":126,"66d94227":119,"254cc28c":140,"5747db6e":140,"d552eb2f":129,"b7832271":135,"2a06ab95":139,"d1ca5d6b":129,"f5596d0f":130,"865d9857":98,"d1715f3b":127,"ac38a6a5":143,"1d153b20":123,"2dda3936":118,"416a9e97":112,"ddec9e54":116,"3b690f68":136,"cd3bbe7e":123,"40a745c0":134,"bb98a6cf":142,"cc6bbe45":122,"24ffcbd3":145,"94a2fe10":130,"4def63ee":96,"a8726d50":112,"88fa53d6":111,"c1bdfd41":112,"4fd645f1":112,"ffc86f94":100,"acac14fb":119,"36380d96":134,"cb51f134":133,"be2955bb":128,"655954ba":123,"b935fc1c":120,"95d3d348":117,"69eeae0d":109,"ec110282":142,"08a561b7":125,"95904ac4":139,"5eab91a0":131,"290b4714":124,"51a3e9c2":132,"e4117b3b":113,"00cf385d":129,"54d7de6b":136,"7fef9973":129,"f1dffa24":112,"363590c7":131,"09ff339a":99,"a24e6670":122,"6be9332a":110,"a40846b7":134,"ce4da56f":127,"5774ac0d":137,"03b4ab60":115,"aa9ea5e8":109,"0681c48e":135,"6df0b2e8":146,"5f6613c8":111,"6632fed0":132,"27c8e038":138,"cf84fb54":125,"39bbc4bc":138,"4b4ef7fa":113,"e8f173b5":128,"01cd8099":130,"3c782bb3":118,"32c9fc47":118,"a0bc1ceb":126,"8d753bb6":119,"ad8f85d6":132,"468fc85c":125,"f121b82c":140,"efe84c27":122,"547903ef":134,"ccb5ea3e":105,"82204d54":117,"062179c1":125,"33d6bb6a":115,"70ee0491":113,"7bda83dd":117,"ec11fe5f":108,"78b97937":131,"2b698053":124,"d83294cd":120,"c38c2b52":116,"9c29f0ed":142,"ae95f2ba":139,"753ca352":109,"0785820e":131,"40569362":134,"08a4c3f8":125,"d0c0fc08":108,"b4fdf90e":129,"379184a7":137,"bda8cdfb":129,"8ec3834d":132,"794f652b":133,"bad1a1cc":115,"5339e1e9":128,"f66616b7":126,"c98d5272":126,"8657c79d":136,"aa5dfdf5":129,"98915a1f":107,"aec074c4":135,"c0e2624b":118,"8cd78f77":134,"c793cdda":128,"9de29816":108,"dfa1a89b":116,"9a467a82":126,"1d153b20":124,"f3d68430":133,"623c6a31":130,"2dda3936":119,"de11eb19":135,"02d4753e":152,"913a6226":120,"26dd2000":144,"e1f0dbfd":138,"ab7467de":132,"f4343817":122,"f4634d0b":118,"7cd0ad7b":139,"db703021":119,"7a9344a4":149,"bb98a6cf":143,"3fdb08f5":122,"9d4da635":102,"d6f0d94a":112,"655941a0":136,"b320feb9":131,"7e76c93c":128,"04ea5673":125,"0a2f71bc":118,"44c77422":132,"a5676c24":122,"65e4235b":126,"b28a5e67":139,"5f96c2bc":116,"7ae34c64":127,"ae016053":136,"d9a64845":124,"9cb4697f":133,"20811ddf":124,"6ee92259":126,"04bef50c":100,"7735c3c2":114,"bf30a08f":132,"d929098e":102,"f6fe095d":134,"72805bf5":113,"a2c334e7":140,"31f6ba51":122,"5eaa1581":113,"4125085e":137,"bc3dc66a":128,"03b4ab60":116,"42191b64":100,"8dc9b4db":132,"a77e127d":97,"66554572":99,"b935fc1c":121,"8eb64769":126,"e81834aa":135,"82868763":122,"c27969ec":129,"4b3e3b1c":131,"19f9ca86":127,"cf52025e":123,"de36827b":145,"88a30343":119,"cac4449a":123,"34c5c729":117,"0da28f5b":126,"104721f0":124,"501db4de":124,"3498f223":111,"acac14fb":120,"bd984a8e":115,"49910300":116,"13f0e139":113,"a24e6670":123,"d8475b95":99,"0f72f2d8":119,"c1bb74f2":112,"dd3913d2":115,"1745a0f4":125,"be3a10f8":141,"e5b1abc6":122,"13b53c7a":122,"50b558a7":109,"9f74b8a4":117,"cc5a1d47":114,"93b9fae6":117,"a06a6430":124,"b73e789c":121,"6f39f4d9":133,"7a4c064c":132,"ccf8b803":125,"5957df9e":117,"48efc739":145,"449d8475":107,"23760167":122,"789bd484":121,"a625328f":131,"5d087c79":119,"6e851762":120,"2d54e0a8":113,"b5763ff6":107,"7e991ab9":95,"8cd78f77":135,"a6626a13":112,"546f6845":129,"15620dca":137,"51f57142":130,"3454fa2b":124,"25a7a0a3":128,"22ecaed0":119,"f5596d0f":131,"d33790a2":138,"ef16ca37":122,"ea274174":126,"5acaa06f":102,"cfe72ead":110,"7a6aa4b6":123,"288afc30":121,"7e8e1c3d":117,"261c9911":131,"da3437cd":118,"a0ce82b4":128,"e1f0dbfd":139,"9a80f004":113,"feb67030":119,"93683c82":120,"5272520d":124,"e62d705f":110,"40a745c0":135,"059d6c19":135,"d634aa28":139,"e1571af7":125,"1623fc9f":123,"74f234c6":150,"ba30e43a":134,"868cda42":121,"859545e6":109,"c8fcad77":113,"62d1d346":109,"8d04852b":124,"5eaa1581":114,"4125085e":138,"b35bb8a1":114,"031e488e":123,"8cddb65e":120,"c4bff41f":131,"d9d0c567":124,"52eca0dc":119,"cf1b8c47":129,"b2cfdbcf":124,"5f0c1b9d":133,"56473430":137,"aa867541":110,"16b476e9":121,"124fbe96":114,"6ee92259":127,"f56ac638":104,"2882a956":128,"11b74e63":124,"1a442bc7":120,"09f0db62":149,"317c1591":134,"6a60348e":120,"5270f158":121,"9267f0ef":136,"1a2c020b":123,"c0fea118":116,"0a92153e":119,"1247fa52":132,"b3863630":117,"79f04300":122,"c318d350":134,"28d41578":133,"0eaf08da":125,"2c5c1dc0":116,"ae8a09c4":120,"1438fad7":132,"f2470875":139,"836701f6":119,"4b4ef7fa":114,"1138796e":131,"f5829ac0":136,"99d130c9":134,"b2703001":135,"a43061ee":109,"e81834aa":136,"74e01f6a":122,"792cfcbd":117,"c1bb74f2":113,"f5e8dfee":136,"8f10fa42":157,"92ca52b7":131,"062179c1":126,"d78dd457":109,"2bcca6a7":137,"ef91eaae":109,"0d7d88f1":124,"87cd2add":113,"053f3451":122,"cf775f58":125,"77f31bab":138,"794f652b":134,"b8ab8e6e":123,"bda8cdfb":130,"39a2fcce":114,"6a3eaf43":119,"394dc144":118,"eb7b4e29":109,"835358a0":115,"af0b61ab":121,"d744bee2":120,"fb7482fe":113,"b7832271":136,"88432019":113,"1b153aef":135,"cd95f558":129,"b2a8761b":108,"3a1b9af5":125,"93e8cee5":144,"5c82d1ce":126,"27d8bf51":122,"e21c6207":117,"6bc5d32a":152,"25e0dd3d":130,"40e79dd3":126,"4ee62a26":117,"d70ca4f4":139,"a68a93b2":117,"a4f1d83b":116,"e1571af7":126,"608bc832":114,"b377a62a":119,"00554ffd":137,"67c57de4":140,"abd32136":123,"7218c9f1":107,"ef8987d7":116,"d8e58a8c":142,"aa867541":111,"abad2347":126,"1c0a9eff":114,"52eca0dc":120,"79be29c8":118,"abc1d7ad":132,"74c26380":142,"e4c312fe":118,"7735c3c2":115,"dd035d2a":121,"7f6d1d0e":133,"e4117b3b":114,"f5596d0f":132,"d6320619":117,"be149c6f":112,"15620dca":138,"a6003226":119,"30dd2edc":127,"bfcb912a":125,"5774ac0d":138,"4d35385e":126,"c64de0c0":108,"f87c5031":119,"af034fee":130,"c9efc8f6":123,"5781776a":124,"f8b31ce5":149,"d033db8d":128,"c8977844":122,"2154b6e8":111,"31408822":118,"4c39240e":130,"d141db49":122,"e32524d6":123,"5f620a1e":134,"3498f223":112,"69134f07":122,"fe578280":124,"9b742f71":119,"80a8a56d":111,"d548635d":120,"f3992a31":119,"9a3cc55d":118,"fb7b7b3c":145,"3c43e8a2":134,"dd1fcb17":114,"95f6db13":124,"e45b4b53":106,"a636f4c9":135,"93ac9ca3":118,"e81834aa":137,"d8475b95":100,"07fc4a9a":135,"016953e4":135,"12271e14":123,"a5aee5de":148,"f044c0e1":116,"4ff2225d":115,"468fc85c":126,"4febf7c5":126,"1db42092":133,"59431390":123,"e35a63cd":127,"5f4102da":129,"fe8f3d36":119,"70ee0491":114,"2a76f1dd":114,"2352c8ef":124,"be3a10f8":142,"c803b4a3":125,"37fbb107":129,"6e98dfda":125,"cf775f58":126,"6adce358":133,"842c8340":113,"d1fe2868":134,"39ba00f0":130,"77f31bab":139,"ef1c2dcb":120,"084cbc0b":118,"6751d8e4":133,"b5763ff6":108,"2f455cce":131,"778c95e9":124,"9a467a82":127,"01d817b8":102,"8547fbc2":121,"0277d748":131,"6d339d45":106,"c455f40e":114,"c8dc010f":135,"93e8cee5":145,"25e0dd3d":131,"8f9b74b0":115,"261c9911":132,"ecfa8249":134,"66497c7e":120,"f883d582":116,"3f9b5722":113,"180377be":120,"0c043224":139,"c2bb8aae":123,"1b153aef":136,"761cf820":130,"1ff8c2fc":134,"8245f916":122,"fa55f27a":133,"b377a62a":120,"49bf2e95":113,"4f59a322":128,"ae95f2ba":140,"ffa08d82":124,"b73e789c":122,"ac030e74":114,"2b698053":125,"a901627e":117,"00a481e3":135,"9cb4697f":134,"b28a5e67":140,"d5dae4c4":151,"20811ddf":125,"6e44927f":119,"04cc7cbe":110,"a5676c24":123,"e0e48a2d":117,"5ef93e5d":106,"b0869206":133,"54d7de6b":137,"175bc6b2":107,"558d5ce7":123,"be149c6f":113,"d6d61bfc":134,"13747b82":130,"68562193":107,"0ecfa1c9":120,"74e3d13e":127,"6632fed0":133,"be40590d":127,"e1571af7":127,"638cb163":142,"0f029727":109,"7be025ce":130,"c7636527":107,"ce3bf5db":114,"08a06557":148,"696fdac5":124,"288d171f":120,"53431634":143,"0dad37d5":119,"b3863630":118,"501db4de":125,"ebdbf580":129,"836701f6":120,"014bdff0":133,"a58bf525":126,"8dd649a3":116,"93ac9ca3":119,"0b5a0408":121,"b2bd8fd3":119,"09ff339a":100,"5678ed7b":140,"ae8a09c4":121,"c7ab83c1":114,"6d802fa2":116,"2c24d929":133,"56752a4a":109,"f277386e":101,"aa00769b":141,"d6db2b02":128,"eed20185":138,"1438fad7":133,"b460f030":138,"a8871ddf":111,"d4d5f466":117,"c510bfd3":135,"05f6ab35":131,"b87158fb":130,"cfafcda8":119,"d78dd457":110,"c6dc900c":102,"ba5c52af":127,"97e75c19":140,"aff8e442":133,"bad1a1cc":116,"7e15f8e8":130,"faf3ed07":126,"650bb0e0":120,"1d790491":133,"d1ca5d6b":130,"bca2d7cd":118,"272c7672":131,"3062379b":112,"e58b26f6":129,"84b767be":152,"778c95e9":125,"fd6dcb20":123,"3007f31f":119,"e2a7d915":104,"5c82d1ce":127,"25e0dd3d":132,"2209903e":132,"85de05f2":121,"df81ddee":114,"e62d705f":111,"6e24d88b":109,"7a6aa4b6":124,"34658473":112,"cd95f558":130,"332820ce":130,"de11eb19":136,"50312237":134,"08a4c3f8":126,"d5059415":121,"76f94eda":126,"d7cb9bcf":117,"d83294cd":121,"7a840529":110,"7e95c5a0":134,"1dad0f99":121,"71e53c93":133,"0a1d11e6":111,"3f75d3bc":139,"6841f77e":133,"f789f6d8":127,"d39724bc":117,"cf1b8c47":130,"2cb29e5a":137,"01d817b8":103,"f2f58418":112,"ac38a6a5":144,"8cc4a982":132,"416a9e97":113,"227006e4":118,"5f6613c8":112,"9b3f8714":132,"57d5dee8":131,"47cfba38":117,"64db4feb":144,"03b4ab60":117,"74f234c6":151,"059d6c19":136,"0af920d8":113,"8db62558":121,"7cd0ad7b":140,"dac109cf":116,"fbdffc95":118,"aa021138":134,"5f620a1e":135,"b7505747":128,"c0b0f492":136,"ffc86f94":101,"e0154608":123,"704bce0d":127,"754f98c9":129,"efe84c27":123,"b3863630":119,"dcf85091":110,"ebdbf580":130,"f2470875":140,"095ab3b4":123,"437fc3ec":128,"8dd649a3":117,"d6db2b02":129,"016953e4":136,"946df4fd":130,"e0f7679f":109,"19f9ca86":128,"e7e82473":145,"e6fac295":112,"1be05c14":124,"aefe13f5":130,"54d7de6b":138,"a5fd8ffd":129,"95904ac4":140,"6c20c153":127,"2882a956":129,"bf30a08f":133,"7fef9973":130,"8007f30e":93,"6c486702":124,"9a3ab0b8":113,"f2e3c0e3":105,"9a07d89b":123,"bd62d7ed":114,"50b558a7":110,"42191b64":101,"4febf7c5":127,"8d753bb6":120,"a0bc1ceb":127,"489a39f7":110,"8eb64769":127,"fb44fa9c":140,"cf52025e":124,"d957f027":116,"a9b1bd51":95,"93fdbb44":110,"7e15f8e8":131,"815e4582":129,"1634789b":122,"66d94227":120,"084cbc0b":119,"7db3edda":129,"3c6692a3":141,"88b3bc99":110,"d552eb2f":130,"c45d554f":129,"e21c6207":118,"e1f0dbfd":140,"07107f6e":123,"261c9911":133,"8ea21393":111,"92136ff5":130,"8323d333":111,"9260d96b":149,"b4fdf90e":130,"4f5e3e7d":111,"6585adbe":97,"3a1b9af5":126,"d33790a2":139,"629800eb":132,"6f39f4d9":134,"a85d89cc":118,"10ec5a0b":117,"7a840529":111,"95539a58":111,"8ac72326":110,"778c95e9":126,"2c01e624":122,"6143f39d":120,"f87c5031":120,"f5596d0f":133,"30dd2edc":128,"eeaa2d46":134,"d1715f3b":128,"9a467a82":128,"081460bf":127,"227006e4":119,"1ed46298":133,"61f25dd4":143,"b6591e25":129,"c2bb8aae":124,"906632cb":121,"db703021":120,"a8726d50":113,"94a2fe10":131,"868cda42":122,"c1bdfd41":113,"2af60749":126,"30c5d755":136,"5ab7bc35":125,"dac109cf":117,"08a06557":149,"9b172ca8":110,"be2955bb":129,"9b742f71":120,"36380d96":135,"754f98c9":130,"501db4de":126,"9267f0ef":137,"e45b4b53":107,"e238f09b":132,"195eb771":121,"b28a5e67":141,"52eca0dc":121,"d5dae4c4":152,"ee75b607":115,"ae016053":137,"00cf385d":130,"3f75d3bc":140,"6ee92259":128,"e382ec3f":111,"d9d0c567":125,"677c6a09":146,"bb00e71c":103,"bd2705b0":141,"1bc0591f":121,"8063df14":121,"0b3283c9":131,"013ee301":121,"437fc3ec":129,"ce4da56f":128,"b769bdfb":126,"74e01f6a":123,"5678ed7b":141,"4b4ef7fa":115,"f277386e":102,"39bbc4bc":139,"ea9bba6b":124,"12a2cd4b":124,"e8f173b5":129,"e81834aa":138,"2c24d929":134,"35aa7fd0":134,"bc3dc66a":129,"2ab62345":113,"b7cc7909":131,"48efc739":146,"39a2fcce":115,"aff8e442":134,"527ff946":137,"44a4f7cd":128,"d5557fb4":129,"c98d5272":127,"2198ba8e":112,"0b5a0408":122,"8eb64769":128,"cf52025e":125,"5a622a23":125,"07107f6e":124,"7d112f4d":131,"6490bac6":116,"daab45c6":114,"bc09fa9e":117,"da3437cd":119,"d0c0fc08":109,"b35e9e1a":161,"de11eb19":137,"6c486702":125,"33d6bb6a":116,"6a7392d5":113,"25a2844e":132,"fe8f3d36":120,"6034b6d0":131,"cf9f4757":108,"50c468ba":127,"f7231212":122,"95539a58":112,"d4ee22a4":135,"0d7d88f1":125,"6585adbe":98,"b2a8761b":109,"31f6d707":135,"08a4c3f8":127,"fd07e0ed":133,"b7832271":137,"5747db6e":141,"2c01e624":123,"70c1e715":115,"884b0ad1":120,"d0d6acb1":127,"12dd6f5e":119,"88432019":114,"53a8613c":141,"172217e5":124,"9a467a82":129,"546f6845":130,"09560615":104,"906632cb":122,"61f25dd4":144,"1a2ec5d7":137,"9d4da635":103,"30d84dce":112,"5272520d":125,"be40590d":128,"44c77422":133,"4777334c":117,"24ffcbd3":146,"a577db1c":112,"c015ec5a":122,"b5ce0c0c":134,"3fdb08f5":123,"f121b82c":141,"cb51f134":134,"fe578280":125,"8e780922":124,"09f0db62":150,"3a291497":111,"3f75d3bc":141,"65e4235b":127,"95904ac4":141,"ee75b607":116,"42cd2360":99,"04bef50c":101,"c0b23081":137,"3c0df8b4":124,"04cc7cbe":111,"45b5746e":114,"6ee92259":129,"7ee7621c":121,"20811ddf":126,"b1f58563":126,"971675c5":123,"095ab3b4":124,"07fc4a9a":136,"6085137f":110,"04612878":134,"a3d4a0e5":131,"ea9bba6b":125,"5ac86fb9":136
1604737574841,"b7cc7909":132,"3a1d1632":100,"40860a4b":105,"2132fe93":132,"e4714415":136,"aec4e1bf":122,"31d74eee":113,"b88033fd":131,"b8ab8e6e":124,"6adce358":134,"04643409":132,"39a2fcce":116,"23760167":123,"2d13e69b":126,"f271ed5d":134,"9fa62fee":113,"7e991ab9":96,"3062379b":113,"6751d8e4":134,"272c7672":132,"88432019":115,"af157d29":124,"01d817b8":104,"36d340f2":110,"a63bddd4":154,"d1715f3b":129,"21ee2afe":132,"53431634":144,"4b4ecbce":106,"dc473de1":110,"c852d240":128,"4125085e":139,"1a68160d":129,"6490bac6":117,"feb67030":120,"201cafad":115,"2209903e":133,"fb8bfb36":137,"540df50f":127,"9b3f8714":133,"ed4fad08":129,"c93c3508":104,"66d94227":121,"47d27624":113,"dd3913d2":116,"78467b8a":144,"be3a10f8":143,"8b5a8e9f":133,"ec11fe5f":109,"5f4102da":130,"13b53c7a":123,"4f59a322":129,"a85d89cc":119,"7fb4c521":126,"0d28db94":116,"4d9b0b10":124,"7e95c5a0":135,"77bfed7e":127,"e99318a3":128,"1a0189c4":119,"5d087c79":120,"a983a6dc":110,"98915a1f":108,"8ec3834d":133,"2c01e624":124,"2a06ab95":140,"aec074c4":136,"e58b26f6":130,"1f342a00":125,"eafbf9fb":123,"835358a0":116,"eeaa2d46":135,"2ad42a9e":135,"26dd2000":145,"f4634d0b":119,"4279e829":143,"30dbfc69":120,"40a745c0":136,"0af920d8":114,"5ccf94d6":118,"902f49f5":123,"0b959527":114,"3bad3c95":109,"37a7d5b0":125,"d9f512b9":131,"e3547548":113,"d141db49":123,"57167c74":118,"bc021def":124,"57540cc3":138,"ef8321d8":122,"6d339d45":107,"88432019":116,"1d44aff3":136,"69eeae0d":110,"71ba7561":117,"71e53c93":134,"3f75d3bc":142,"1c0a9eff":115,"7ae34c64":128,"ee21ad02":132,"4abb7aed":126,"e6ec8cbf":138,"00cf385d":131,"730a4938":119,"677c6a09":147,"9d4f1fe6":120,"03c398d2":135,"016953e4":137,"a8871ddf":112,"e0f7679f":110,"99d130c9":135,"7732eb1e":140,"b2bd8fd3":120,"489a39f7":111,"35b58ef9":120,"2d382981":127,"3c782bb3":119,"87922532":141,"61d4782d":126,"b35bb8a1":115,"35aa7fd0":135,"dcf85091":111,"288d171f":121,"1a68160d":130,"53431634":145,"104721f0":125,"90a06ee9":125,"754f98c9":131,"0ecfa1c9":121,"031e488e":124,"bc3dc66a":130,"227006e4":120,"6585adbe":99,"cfe72ead":111,"379184a7":138,"c7c4ec5c":110,"d102b0c6":118,"02d4753e":153,"7a6aa4b6":125,"e35a63cd":128,"c510bfd3":136,"f67de058":131,"e5b1abc6":123,"1105f790":131,"0f89862c":107,"9b546d65":115,"8fb236a9":103,"d2466211":140,"7566fdd6":136,"77bfed7e":128,"cf9f4757":109,"9aa6a054":129,"4d9b0b10":125,"c67979e6":149,"ce3407dd":122,"f4b2f575":109,"8ec3834d":134,"1634789b":123,"bda8cdfb":131,"93fdbb44":111,"3c6692a3":142,"fd369c21":131,"2c01e624":125,"7028b044":111,"383e232d":117,"fb7482fe":114,"7e8e1c3d":118,"6490bac6":118,"9d0546ac":119,"c650b434":135,"3007f31f":120,"4eed1bea":129,"f4343817":123,"cc11fef9":127,"30fdcd3b":119,"a4f1d83b":117,"a68a93b2":118,"9d4da635":104,"906632cb":123,"b6591e25":130,"0b959527":115,"014460b9":149,"37a7d5b0":126,"e5d3655c":137,"868cda42":123,"c015ec5a":123,"b5763ff6":109,"d1715f3b":130,"558d5ce7":124,"22ecaed0":120,"6d5fcd4c":122,"f87c5031":121,"18815a1b":117,"e9adbe58":124,"731fc335":102,"906fdec3":114,"db8ba455":127,"5f96c2bc":117,"2dd0e808":118,"69eeae0d":111,"e0e48a2d":118,"dd035d2a":122,"7ee7621c":122,"9d4f1fe6":121,"ba586505":129,"6ee92259":130,"37d0cae2":115,"677c6a09":148,"eda6a690":105,"3712c4bd":110,"27f52ed3":141,"28d41578":134,"77d35808":116,"54a676d6":118,"d1676e89":125,"064a99c8":116,"69f3bfcc":119,"17807120":124,"93ac9ca3":120,"e7773397":108,"458dcc3d":136,"f277386e":103,"6be9332a":111,"de36827b":146,"0d2c95fe":128,"1c3a30c5":123,"4ff2225d":116,"73b15e04":119,"aefe13f5":131,"4777334c":118,"9b172ca8":111,"a836aa93":120,"f3992a31":120,"9267f0ef":138,"f2086446":124,"be2955bb":130,"f33c0140":121,"b35bb8a1":116,"ed4fad08":130,"0ecfa1c9":122,"72805bf5":114,"74e3d13e":128,"e9a8cf11":127,"9b3f8714":134,"06073f13":133,"cd95f558":131,"8d000d6e":118,"b8397293":109,"7ae3fc50":110,"40569362":135,"49bf2e95":114,"2a76f1dd":115,"733c86f8":120,"30c184b8":135,"c463799d":131,"a0685bf3":136,"4c0e547b":125,"1105f790":132,"93b9fae6":118,"a06a6430":125,"0d7d88f1":126,"6a5b71b4":119,"6f39f4d9":135,"cc5a1d47":115,"9aa6a054":130,"e15fd611":113,"77bae750":117,"a939b50b":127,"66d94227":122,"91d52a55":126,"47d27624":114,"2a387957":123,"6bc5d32a":153,"bfad1727":105,"7e8e1c3d":119,"18d20aa1":115,"805534ac":130,"a0cca8b7":107,"f734c84c":140,"31408822":119,"180377be":121,"30dbfc69":121,"f1b493de":144,"b6591e25":131,"751acea8":109,"bb98a6cf":144,"14c682eb":117,"e32524d6":124,"ba30e43a":135,"af0b61ab":122,"ea822700":110,"272c7672":133,"4bcd4a30":141,"7080f122":122,"1f7607df":113,"ccdd1ce6":121,"0bd93cfd":100,"affb82bf":131,"fd369c21":132,"bb99c79c":121,"0e036ae9":142,"623c6a31":131,"416a9e97":114,"28654c76":131,"3f75d3bc":143,"b28a5e67":142,"731fc335":103,"42cd2360":100,"00a481e3":136,"124fbe96":115,"537634c9":112,"dffa7793":97,"290b4714":125,"11b74e63":125,"e382ec3f":112,"4258c176":114,"aa187e3b":115,"e45b4b53":108,"60e855ee":140,"8dc9b4db":133,"0b3283c9":132,"8d753bb6":121,"b935fc1c":122,"e81834aa":139,"f6fe095d":135,"17807120":125,"a40846b7":135,"59431390":124,"ae8a09c4":122,"f277386e":104,"26c6fa34":122,"4febf7c5":128,"fb44fa9c":141,"05642105":132,"a5aee5de":149,"e36dfd6f":123,"c27969ec":130,"56752a4a":110,"9bdf362a":120,"c8fcad77":114,"2045d7d6":124,"868cda42":124,"6b78ad7f":130,"b215547b":113,"bd984a8e":116,"288d171f":122,"c85a0d80":131,"8e99d5d0":140,"d548635d":121,"a2c334e7":141,"74e3d13e":129,"3a1d1632":101,"725dce8b":139,"72805bf5":115,"bb8a6337":119,"e9a8cf11":128,"02d4753e":154,"b377a62a":121,"8d000d6e":119,"f9c15fcc":120,"7a6aa4b6":126,"792c9b6a":117,"06073f13":134,"8063df14":122,"1bc0591f":122,"8007f30e":94,"5f4102da":131,"f5e8dfee":137,"4c0e547b":126,"afe8e06a":118,"91536e85":132,"394dc144":119,"d957f027":117,"72b84094":155,"6bc5d32a":154,"27d8bf51":123,"c455f40e":115,"21e10a2b":124,"daab45c6":115,"261c9911":134,"cf1124db":111,"4279e829":144,"7a9344a4":150,"5cd3cfe0":109,"30fdcd3b":120,"ddec9e54":117,"26ed1a5c":122,"faf3ed07":127,"842c8340":114,"84369269":109,"90d52475":124,"48efc739":147,"284544ba":114,"8cd78f77":136,"d1ca5d6b":131,"fd369c21":133,"e58b26f6":131,"e45b4b53":109,"6d61bf13":118,"363590c7":132,"437fc3ec":130,"8cf83787":117,"82868763":123,"6d802fa2":117,"c6e3d352":130,"836701f6":121,"6a60348e":121,"a5aee5de":150,"1951480c":113,"95f6db13":125,"1c3a30c5":124,"26009d3f":122,"d82592f4":123,"a636f4c9":136,"28d41578":135,"6db0ea86":122,"a43061ee":110,"468fc85c":127,"2ce1af05":112,"7fb4c521":127,"abd32136":124,"50c468ba":128,"d5059415":122,"7a840529":112,"ef8987d7":117,"d5dae4c4":153,"3101354b":115,"6023df54":120,"8a165e17":135,"52eca0dc":122,"00a481e3":137,"abad2347":127,"cb4f262b":116,"20811ddf":127,"e4c312fe":119,"d83870f5":118,"00cf385d":132,"1bb4ccc0":131,"b7832271":138,"9de29816":109,"9c045c61":134,"508aac3d":132,"53a8613c":142,"6de0aaac":113,"1d153b20":125,"88432019":117,"416a9e97":115,"8f13c203":116,"c015ec5a":124,"57167c74":119,"88fa53d6":112,"014460b9":150,"24ffcbd3":147,"b320feb9":132,"6fb4cdda":135,"1a2c020b":124,"53431634":146,"c7313e0a":137,"c85a0d80":132,"655954ba":124,"9267f0ef":139,"bfcb912a":126,"b230e8d3":123,"4125085e":140,"71279c46":114,"8cddb65e":121,"deb31f35":128,"5eaa1581":115,"1b153aef":137,"cfe72ead":112,"4ea4a2a1":137,"4ac6bd4e":115,"f1862e79":107,"d0b297b2":109,"08a4c3f8":128,"0e2b5d2f":133,"55928ef1":122,"062179c1":127,"30c184b8":136,"b8488fc8":128,"eebc8d43":122,"8b5a8e9f":134,"a06a6430":126,"1dad0f99":122,"913a6226":121,"e2a7d915":105,"0a96f57a":133,"77898c22":97,"79e4fa1c":115,"df81ddee":115,"5fa12feb":131,"4ee62a26":118,"0f1ac912":105,"faf3ed07":128,"bad1a1cc":117,"6adce358":135,"9ceb5439":110,"842c8340":115,"aff8e442":135,"39ba00f0":131,"778c95e9":127,"0fc5ac7e":145,"bca2d7cd":119,"a625328f":132,"b5763ff6":110,"d744bee2":121,"263762cb":106,"a77e127d":98,"e81834aa":140,"83086d4c":132,"3310a049":119,"3a204e56":136,"0d2c95fe":129,"b769bdfb":127,"e6fac295":113,"6291e9e9":125,"3712c4bd":111,"cf52025e":126,"6d802fa2":118,"13f0e139":114,"77d35808":117,"e0f7679f":111,"792cfcbd":118,"8298e976":135,"26c6fa34":123,"67c57de4":141,"abd32136":125,"cc5a1d47":116,"4930f321":117,"0d7d88f1":127,"08a561b7":126,"5f96c2bc":118,"da04caac":123,"aa867541":112,"8a165e17":136,"52eca0dc":123,"a15713c6":136,"ee75b607":117,"dffa7793":98,"6775d5cd":127,"87c462ee":134,"2882a956":130,"f87c5031":122,"d6320619":118,"18815a1b":118,"1d153b20":126,"d2a841c9":115,"d1715f3b":131,"6143f39d":121,"1e7753d9":136,"ddec9e54":118,"58d46189":143,"180377be":122,"868cda42":125,"259930ee":135,"430a5db5":127,"28d40296":102,"c8977844":123,"4c39240e":131,"0a2f71bc":119,"37a7d5b0":127,"7043382d":129,"704bce0d":128,"f33c0140":122,"9b172ca8":112,"c4feee5b":130,"69d4b754":119,"168e75d9":124,"e7abc88d":112,"a6003226":120,"13747b82":131,"5ac86fb9":137,"40860a4b":106,"48655f09":145,"ae8a09c4":123,"40569362":136,"554ebb83":125,"c4aa1e38":105,"00554ffd":138,"cfe72ead":113,"8d000d6e":120,"6585adbe":100,"32133249":124,"c9efc8f6":124,"3b2dee89":122,"9cb4697f":135,"062179c1":128,"831c7b85":120,"0042f6eb":115,"4c0e547b":127,"92ca52b7":132,"8007f30e":95,"2352c8ef":125,"f94bf9ea":126,"df81ddee":116,"e2a7d915":106,"7d112f4d":132,"ded7da5a":133,"25e0dd3d":133,"7e8e1c3d":120,"5fa12feb":132,"527ff946":138,"23760167":124,"088feee2":136,"36b7003c":150,"9d9dd9e5":110,"c67979e6":150,"842c8340":116,"6e851762":121,"aaa274a5":127,"cbb54a0a":104,"383e232d":118,"263762cb":107,"e238f09b":133,"6085137f":111,"b1f58563":127,"b2703001":136,"27f52ed3":142,"32c9fc47":119,"e45b4b53":110,"d36125db":132,"6751d8e4":135,"b947257e":132,"70c1e715":116,"7218c9f1":108,"d4ee22a4":136,"1dad0f99":123,"e57d5cda":124,"cf9f4757":110,"ac030e74":115,"ad303bda":120,"fafb4cc2":154,"0a1d11e6":112,"ae016053":138,"7896b953":134,"d5dae4c4":154,"a15713c6":137,"f789f6d8":128,"d1715f3b":132,"4469c815":96,"ccdd1ce6":122,"315537b2":128,"f2f58418":113,"db703021":121,"8942c35b":123,"751bcf25":121,"20e470e0":113,"cd3bbe7e":124,"6e24d88b":110,"9d4da635":105,"5f620a1e":136,"25776fc4":134,"d141db49":124,"9e65c0ef":116,"4def63ee":97,"fce3c5c6":113,"e786063b":130,"c0fea118":117,"470d50c2":121,"53431634":147,"ab7d4c9a":114,"5e193fc8":130,"501db4de":127,"e7abc88d":113,"57540cc3":139,"6d5fcd4c":123,"5ac86fb9":138,"35aa7fd0":136,"03dcfa3d":129,"1da771fb":120,"73b15e04":120,"bab97de3":134,"8d753bb6":122,"3e602573":121,"54a676d6":119,"742f1425":127,"17b08923":126,"35b58ef9":121,"26c6fa34":124,"2198ba8e":113,"5f8517b7":145,"b35e9e1a":162,"3652bd66":125,"ef16ca37":123,"b8397293":110,"d33790a2":140,"9e878ec2":132,"7ee7621c":123,"ae99df30":118,"ee21ad02":133,"2882a956":131,"93b0a158":133,"0d770b97":125,"79be29c8":119,"ec11fe5f":110,"20958d58":117,"e35a63cd":129,"6c486702":126,"13b53c7a":124,"78b97937":132,"b87158fb":131,"9b3f8714":135,"7af9d3b1":131,"bfcb912a":127,"aa9ea5e8":110,"1ed46298":134,"4eed1bea":130,"93e8cee5":146,"21ad2f34":130,"18d20aa1":116,"d25e0f8d":142,"bfad1727":106,"36b7003c":151,"66d94227":123,"5d087c79":121,"bda8cdfb":132,"04643409":133,"91d52a55":127,"8a52882e":120,"a58bf525":127,"39bbc4bc":140,"2c5c1dc0":117,"f2470875":141,"dd7acb96":131,"de6213c7":119,"ad303bda":121,"7fb4c521":128,"753ca352":110,"abd32136":126,"2b698053":126,"4930f321":118,"faf4f98b":134,"a901627e":118,"fafb4cc2":155,"a851891c":121,"2c6cb96f":101,"2c01e624":126,"4bcd4a30":142,"fd369c21":134,"1f7607df":114,"aaa274a5":128,"f5596d0f":134,"865d9857":99,"9a80f004":114,"9d4da635":106,"4279e829":145,"9316e7e8":105,"467773ac":123,"751bcf25":122,"5272520d":126,"059d6c19":137,"b320feb9":133,"25776fc4":135,"c8fcad77":115,"d9d7c4c2":131,"7be025ce":131,"9bdf362a":121,"fce3c5c6":114,"e9679ede":114,"0da28f5b":127,"e7abc88d":114,"6cba74ce":119,"ef8321d8":123,"8dd2684c":123,"18815a1b":119,"172217e5":125,"b28a5e67":143,"f789f6d8":129,"3f75d3bc":144,"f56ac638":105,"bf30a08f":134,"4b125e7b":127,"abad2347":128,"9d4f1fe6":122,"9cb4697f":136,"1c0a9eff":116,"a59a8290":128,"4c0e547b":128,"6c486702":127,"e5b1abc6":124,"eda6a690":106,"4ff2225d":117,"a40846b7":136,"a5aee5de":151,"6d61bf13":119,"e81834aa":141,"a4dafea5":121,"d82592f4":124,"26c6fa34":125,"06ddafc7":107,"159ffd0b":110,"99d130c9":136,"71bc1295":111,"a24e6670":124,"cbad3b92":146,"1138796e":132,"b460f030":139,"408bb2ed":121,"08a4c3f8":129,"d33790a2":141,"06073f13":135,"4ba6eb36":121,"f9c15fcc":121,"b4fdf90e":131,"2132fe93":133,"b7cc7909":133,"bc3dc66a":131,"725dce8b":140,"8cddb65e":122,"4125085e":141,"acac14fb":121,"69134f07":123,"c85a0d80":133,"1247fa52":133,"ded7da5a":134,"da3437cd":120,"bfcb912a":128,"b8ab8e6e":125,"0670c466":117,"50d129cf":121,"a1921150":134,"97e75c19":141,"6adce358":136,"36684155":122,"33d6bb6a":117,"05f6ab35":132,"25a2844e":133,"ef14000f":142,"7a4c064c":133,"f1df62b4":128,"ef91eaae":110,"67c57de4":142,"2ce1af05":113,"7e95c5a0":136,"778c95e9":128,"fd07e0ed":134,"f069bb07":119,"0bd93cfd":101,"d552eb2f":131,"6751d8e4":136,"508aac3d":133,"4e5aaaec":109,"27d8bf51":124,"9d0546ac":120,"c45d554f":130,"6bc5d32a":155,"1e7753d9":137,"4279e829":146,"e62d705f":112,"1f11812e":131,"c8977844":124,"430a5db5":128,"059d6c19":138,"28d40296":103,"d141db49":125,"9e65c0ef":117,"638cb163":143,"b5ce0c0c":135,"2af60749":127,"d9d7c4c2":132,"01d817b8":105,"12012fbd":114,"8547fbc2":122,"a77e8461":122,"09560615":105,"558d5ce7":125,"217c0327":102,"836701f6":122,"c564e316":125,"83086d4c":133,"437fc3ec":131,"317c1591":135,"22aeaf03":129,"8cf83787":118,"c7ab83c1":115,"3310a049":120,"9fc713b0":141,"1be05c14":125,"b460f030":140,"95f6db13":126,"fb44fa9c":142,"458dcc3d":137,"05642105":133,"2c24d929":135,"ac62fac2":136,"2cce4fb2":131,"bc392d1c":105,"cbad3b92":147,"67f6e4f2":117,"02d4753e":155,"761cf820":131,"ef16ca37":124,"fe44fc6f":117,"3f75d3bc":145,"28654c76":132,"cf1b8c47":131,"7c0a2db6":124,"56473430":138,"83b2f9c5":124,"ea4d3f3e":134,"2882a956":132,"5b5fc566":119,"935ec056":113,"677c6a09":149,"ba586505":130,"87c462ee":135,"1ed46298":135,"72805bf5":116,"aa9ea5e8":111,"696fdac5":125,"3498f223":113,"9f2b16a7":138,"d34a29b9":137,"79f04300":123,"c85a0d80":134,"ab7d4c9a":115,"c93c3508":105,"4125085e":142,"dc473de1":111,"aec4e1bf":123,"b4fdf90e":132,"06073f13":136,"792c9b6a":118,"4ed01268":110,"f4b2f575":110,"a1921150":135,"d78dd457":111,"b87158fb":132,"6c524f99":129,"a59a8290":129,"7bda83dd":118,"1105f790":133,"7af262e5":137,"07f98660":131,"87083264":141,"cf9f4757":111,"d2466211":141,"ba938220":125,"8ac72326":111,"4d9b0b10":126,"c6c85783":126,"1d790491":134,"90d52475":125,"d1ca5d6b":132,"cb6c9e42":140,"dd7acb96":132,"1f7607df":115,"e2cbe594":114,"e2a7d915":107,"201cafad":116,"a0cca8b7":108,"21e10a2b":125,"2ad42a9e":136,"c45d554f":131,"f883d582":117,"0841052c":135,"8942c35b":124,"40a745c0":137,"e62d705f":113,"d033db8d":129,"906632cb":124,"e5d3655c":138,"9e65c0ef":118,"2af60749":128,"30c5d755":137,"7be025ce":132,"b320feb9":134,"57167c74":120,"6751d8e4":137,"50c3164b":142,"778c95e9":129,"bca2d7cd":120,"f2f58418":114,"546f6845":131,"4d35385e":127,"a77e8461":123,"ec2cb1af":122,"f87c5031":123,"a63bddd4":155,"e238f09b":134,"971675c5":124,"c95719e5":119,"7ee148e9":123,"39bbc4bc":141,"ea9bba6b":126,"5b60dd1d":131,"b84a06eb":127,"b7df1559":128,"a3d4a0e5":132,"0eaf08da":126,"7732eb1e":141,"6be9332a":112,"f277386e":105,"f5829ac0":137,"946df4fd":131,"2d1e1e9d":120,"c609739e":124,"be1746a0":130,"b552beb3":126
1604737575796,"3e602573":122,"2e99f8fd":110,"db0a661e":120,"fa55f27a":134,"1ff8c2fc":135,"4ac6bd4e":116,"336d0f08":139,"1bd5b20b":139,"4bc46d7a":120,"da04caac":124,"dc03ebd2":138,"a15713c6":138,"7c0a2db6":125,"7ae34c64":129,"abc1d7ad":133,"e6ec8cbf":139,"bf30a08f":135,"abad2347":129,"bb00e71c":104,"6841f77e":134,"93b0a158":134,"04cc7cbe":112,"2203f259":127,"f6fe095d":136,"685207b3":130,"704bce0d":129,"a4296d1e":124,"e9679ede":115,"0a92153e":120,"9267f0ef":140,"e1618359":129,"dc583e64":134,"8274885a":133,"09ff339a":101,"1da771fb":121,"1db42092":134,"e238f09b":135,"a8871ddf":113,"2c24d929":136,"69f3bfcc":120,"71bc1295":112,"b84a06eb":128,"458dcc3d":138,"ad8f85d6":133,"95bc84f1":114,"cbad3b92":148,"8b2b601d":124,"07fc4a9a":137,"03dcfa3d":130,"bc392d1c":106,"fe0df575":136,"9260d96b":150,"ec11fe5f":111,"0e2b5d2f":134,"7af262e5":138,"fead11cf":113,"11b2c8d9":118,"c510bfd3":137,"831c7b85":121,"95539a58":113,"76f94eda":127,"7a4c064c":134,"43d87483":126,"4d9b0b10":127,"cf9f4757":112,"8fb236a9":104,"d0c0fc08":110,"36fb15d2":135,"5ee911b5":116,"3d1af513":136,"00554ffd":139,"2ad42a9e":137,"21ad2f34":131,"26dd2000":146,"6bc5d32a":156,"2b3c49b9":128,"20777945":111,"0149e11a":107,"9d4da635":107,"74f234c6":152,"0c0e98ea":119,"d033db8d":130,"30d84dce":113,"58d46189":144,"dbd2f139":133,"aa021138":135,"24ffcbd3":148,"731fc335":104,"4abb7aed":127,"abc1d7ad":134,"db8ba455":128,"a5fd8ffd":130,"83b2f9c5":125,"313258f2":127,"d4d5f466":118,"88ce179e":137,"16b476e9":122,"37d0cae2":116,"bd2705b0":142,"95d331b1":111,"6ee92259":131,"aa9ea5e8":112,"12534561":119,"9f5e6cba":125,"162a7348":127,"c64de0c0":109,"61d4782d":127,"72805bf5":117,"a577db1c":113,"7043382d":130,"37a7d5b0":128,"92f800f5":123,"ce3bf5db":115,"0a92153e":121,"d34a29b9":138,"acac14fb":122,"0dad37d5":120,"ab7d4c9a":116,"e0154608":124,"7f86be64":127,"b935fc1c":123,"f5cd79c1":118,"363590c7":133,"c95719e5":120,"fe1d4419":122,"3c43e8a2":135,"6d61bf13":120,"8298e976":136,"a0b03218":124,"b84a06eb":129,"159ffd0b":111,"b6aaf976":135,"74e01f6a":124,"e36dfd6f":124,"6291e9e9":126,"cf52025e":127,"946df4fd":132,"95bc84f1":115,"23080895":112,"95f6db13":127,"9fc713b0":142,"6c486702":128,"13b53c7a":125,"8007f30e":96,"c463799d":132,"7bda83dd":119,"55928ef1":123,"bd62d7ed":115,"2b698053":127,"87cd2add":114,"c8113b77":112,"87083264":142,"95539a58":114,"77bfed7e":129,"c803b4a3":126,"db0a661e":121,"50312237":135,"ecfa8249":135,"85de05f2":122,"201cafad":117,"ab7467de":133,"feb67030":121,"f734c84c":141,"efd23af5":123,"a4f1d83b":118,"467773ac":124,"bb98a6cf":145,"6f81493d":111,"655941a0":137,"56d315d8":106,"06073f13":137,"b8397293":111,"b2a8761b":110,"e99318a3":129,"bf822e33":119,"66d94227":124,"ccf8b803":126,"6adce358":137,"99e171db":121,"36b7003c":152,"fd369c21":135,"70bc8325":118,"9ab755d3":113,"eb7b4e29":110,"70c1e715":117,"3062379b":114,"2f455cce":132,"9e206c95":139,"945b63f0":145,"25a7a0a3":129,"a77e8461":124,"4469c815":97,"0e036ae9":143,"2e99f8fd":111,"d33790a2":142,"345c9967":115,"abc1d7ad":135,"731fc335":105,"313258f2":128,"42cd2360":101,"dc03ebd2":139,"1d44aff3":137,"cb4f262b":117,"935ec056":114,"d1d40c9c":136,"e0e48a2d":119,"6775d5cd":128,"22176537":121,"5e09f69e":143,"8cddb65e":123,"71a2a493":98,"9f5e6cba":126,"5ac86fb9":139,"24a9fb86":134,"1ed46298":136,"4360a1a3":143,"2045d7d6":125,"aab4d996":125,"ba30e43a":136,"0b959527":116,"a81a857c":121,"a577db1c":114,"8f13c203":117,"90a06ee9":126,"f33c0140":123,"e1618359":130,"0dad37d5":121,"d548635d":122,"be2955bb":131,"f598a332":113,"c318d350":135,"f5cd79c1":119,"a24e6670":125,"fe1d4419":123,"45fb95c1":123,"59c1e594":122,"6085137f":112,"1138796e":133,"cac4449a":124,"e36dfd6f":125,"27f52ed3":143,"d82592f4":125,"f5829ac0":138,"22aeaf03":130,"e8d74304":113,"95f6db13":128,"a77e127d":99,"ce4da56f":129,"aa00769b":142,"2d382981":128,"aefe13f5":132,"04cc7cbe":113,"4b125e7b":128,"c510bfd3":138,"f5e8dfee":138,"55928ef1":124,"b8488fc8":129,"831c7b85":122,"be3a10f8":144,"25a2844e":134,"629800eb":133,"7e95c5a0":137,"b6ee137a":120,"51c57542":132,"4e5aaaec":110,"6490bac6":119,"77898c22":98,"a0cca8b7":109,"26dd2000":147,"0c0e98ea":120,"74f234c6":153,"c8977844":125,"a1921150":136,"0670c466":118,"789bd484":122,"9d9dd9e5":111,"c6c85783":127,"c81b2bcf":107,"23760167":125,"730338c4":130,"508aac3d":134,"8657c79d":137,"b7832271":139,"e58b26f6":132,"cbb54a0a":105,"f4726450":123,"0e036ae9":144,"1b153aef":138,"b35e9e1a":163,"8c6e001f":109,"fa55f27a":135,"d33790a2":143,"40569362":137,"6585adbe":101,"ad303bda":122,"0785820e":132,"b73e789c":123,"7218c9f1":109,"f1df62b4":129,"00a481e3":138,"fe44fc6f":118,"28654c76":133,"dc03ebd2":140,"2c6cb96f":102,"61145ec9":136,"5ef93e5d":107,"4258c176":115,"4469c815":98,"865d9857":100,"7d6895f4":134,"315537b2":129,"eeaa2d46":136,"1d153b20":127,"be149c6f":114,"61d4782d":128,"31f6ba51":123,"17446892":117,"c9efc8f6":125,"68562193":108,"1ed46298":137,"1f11812e":132,"94a2fe10":132,"655941a0":138,"a8726d50":114,"e1571af7":128,"aab4d996":126,"4777334c":119,"f8b31ce5":150,"75ffea08":123,"4577b333":124,"b5ce0c0c":136,"8e99d5d0":141,"a4296d1e":125,"2e3503e4":128,"c382f054":140,"77300e4a":111,"06ee61b6":113,"0a92153e":122,"8274885a":134,"f2470875":142,"3a204e56":137,"a77e127d":100,"5410e9c6":133,"3e082b37":114,"2c5c1dc0":118,"8b2b601d":125,"e36dfd6f":126,"cf52025e":128,"6db0ea86":123,"27c8e038":139,"e8f173b5":130,"792cfcbd":119,"b552beb3":127,"2c24d929":137,"66554572":100,"b7df1559":129,"d9dcdc4b":141,"23080895":113,"fea793f5":133,"290b4714":126,"d4d5f466":119,"3b2dee89":123,"4652b09a":142,"9d4f1fe6":123,"7fdc2007":117,"478d2d4f":133,"8721056e":114,"2352c8ef":126,"78b97937":133,"733c86f8":121,"5f4102da":132,"74e01f6a":125,"913a6226":122,"e2a7d915":108,"201cafad":118,"b377a62a":122,"2a387957":124,"36b7003c":153,"789bd484":123,"1a0189c4":120,"66d94227":125,"9d63c4dd":127,"c0e2624b":119,"6adce358":138,"9147702f":114,"a6626a13":113,"22234d6b":128,"778c95e9":130,"eb7b4e29":111,"d3a669ac":133,"fa55f27a":136,"b8397293":112,"d0c0fc08":111,"8d000d6e":121,"c4aa1e38":106,"8c6e001f":110,"e57d5cda":125,"d5059415":123,"a06a6430":127,"753ca352":111,"b73e789c":124,"87cd2add":115,"0d7d88f1":128,"aa76bc50":109,"42cd2360":102,"a15713c6":139,"f789f6d8":130,"fd482491":140,"a472532e":115,"0a96f57a":134,"21e10a2b":126,"f1b493de":145,"2209903e":134,"61f25dd4":145,"40e79dd3":127,"7a9344a4":151,"74f234c6":154,"d033db8d":131,"c3e6ef01":129,"be40590d":129,"dac109cf":118,"4c39240e":132,"2045d7d6":126,"e5d3655c":139,"4777334c":120,"c4e70c07":124,"e32524d6":125,"0da28f5b":128,"0a92153e":123,"145c7559":136,"c21ab51e":106,"d548635d":123,"f3992a31":121,"7080f122":123,"d6320619":119,"6d5fcd4c":124,"945b63f0":146,"bb99c79c":122,"8cc4a982":133,"f87c5031":124,"9f5e6cba":127,"2132fe93":134,"71a2a493":99,"51f80f4c":138,"dcfaba4c":129,"bb8a6337":120,"6df0b2e8":147,"25635c37":107,"971675c5":125,"a58bf525":128,"004f1ef3":151,"f6fe095d":137,"1da771fb":122,"7732eb1e":142,"17807120":126,"3a291497":112,"2882a956":133,"abad2347":130,"7ee7621c":124,"b3f19a69":118,"cb4f262b":118,"6b82b527":136,"67d30f2b":123,"8b5a8e9f":135,"be3a10f8":145,"8f10fa42":158,"f67de058":132,"05f6ab35":133,"6c486702":129,"c7ab83c1":116,"8d753bb6":123,"74e01f6a":126,"946df4fd":133,"06ddafc7":108,"013ee301":122,"eed20185":139,"a0b03218":125,"1be05c14":126,"e36dfd6f":127,"2d382981":129,"1247fa52":134,"0a96f57a":135,"c45d554f":132,"51c57542":133,"21ad2f34":132,"7e8e1c3d":121,"debe1f65":126,"ecfa8249":136,"0be540c5":135,"a0bc1ceb":128,"25d1b2d8":129,"394dc144":120,"c81b2bcf":108,"9d9dd9e5":112,"0f1ac912":106,"66d94227":126,"93fdbb44":112,"84b767be":153,"1f7607df":116,"5747db6e":142,"bca2d7cd":121,"272c7672":134,"fb7482fe":115,"3062379b":115,"1b153aef":139,"8493f3b2":125,"4ac6bd4e":117,"34658473":113,"b8397293":113,"0ac825ed":131,"de11eb19":138,"6c524f99":130,"056ea7ff":135,"7a840529":113,"c803b4a3":127,"ac030e74":116,"0d7d88f1":129,"d5059415":124,"43d87483":127,"65e4235b":128,"b2cfdbcf":125,"4ee62a26":119,"6f81493d":112,"9d4da635":108,"30d84dce":114,"467773ac":125,"8db62558":122,"1a2ec5d7":138,"65a00a3c":126,"0f029727":110,"fce3c5c6":115,"7e76c93c":129,"62d1d346":110,"5ab7bc35":126,"a33fe0dd":134,"172217e5":126,"88432019":118,"09560615":106,"08c6b5d2":130,"0e036ae9":145,"4469c815":99,"57540cc3":140,"a2c334e7":142,"4125085e":143,"68562193":109,"76f3a3be":126,"e4714415":137,"7af9d3b1":132,"3f2522c2":131,"a77e127d":101,"09f0db62":151,"095ab3b4":125,"8274885a":135,"5270f158":122,"d9d0c567":126,"61145ec9":137,"e865e4dd":118,"fd482491":141,"43bc86e3":120,"ee75b607":118,"04cc7cbe":114,"bb00e71c":105,"7f6d1d0e":134,"a502c93c":109,"20811ddf":128,"b0869206":134,"8007f30e":97,"9b546d65":116,"8f10fa42":159,"c7ab83c1":117,"b2703001":137,"2d1e1e9d":121,"468fc85c":128,"ce4da56f":130,"b6aaf976":136,"f044c0e1":117,"458dcc3d":139,"4b3e3b1c":132,"64a7f79f":123,"28d41578":136,"0da28f5b":129,"a4296d1e":126,"ab7d4c9a":117,"90a06ee9":127,"9b742f71":121,"c0fea118":118,"69d4b754":120,"ccb5ea3e":106,"9a80f004":115,"bc09fa9e":118,"946df4fd":134,"b552beb3":128,"27c8e038":140,"bc392d1c":107,"42c80e69":133,"2b3e4717":128,"bf822e33":120,"842c8340":117,"1a0189c4":121,"e99318a3":130,"815e4582":130,"c98d5272":128,"1f7607df":117,"f069bb07":120,"7e991ab9":97,"2c627253":126,"2d54e0a8":114,"284544ba":115,"730338c4":131,"45b038bb":149,"31f6d707":136,"408bb2ed":122,"fe0df575":137,"f1862e79":108,"b2a8761b":111,"49bf2e95":115,"30c184b8":137,"e35a63cd":130,"11b2c8d9":119,"6a7392d5":114,"e28c2efc":113,"af7e5be8":125,"d83294cd":122,"53b4e647":135,"d4ee22a4":137,"385ab7c6":123,"cf9f4757":113,"ded7da5a":135,"2ad42a9e":138,"4dac6b20":105,"f4343817":124,"bb98a6cf":146,"e62d705f":114,"dbd2f139":134,"1e191c98":105,"902f49f5":124,"ddec9e54":119,"026766f3":124,"e786063b":131,"2045d7d6":127,"b7505747":129,"44c77422":134,"e3547548":114,"caddd0a7":126,"aa021138":136,"0277d748":132,"6de0aaac":114,"25a7a0a3":130,"36d340f2":111,"57540cc3":141,"22ecaed0":121,"dfa1a89b":117,"b7cc7909":134,"aec4e1bf":124,"a40846b7":137,"f5cd79c1":120,"45b5746e":115,"f789f6d8":131,"69eeae0d":112,"6023df54":121,"906fdec3":115,"56473430":139,"95904ac4":142,"935ec056":115,"11b74e63":126,"9d4f1fe6":124,"290b4714":127,"b0869206":135,"7fef9973":131,"6c20c153":128,"5781776a":125,"e45b4b53":111,"8e4c33d2":122,"fe1d4419":124,"5410e9c6":134,"013ee301":123,"696fdac5":126,"90a06ee9":128,"c4feee5b":131,"cb51f134":135,"c0fea118":119,"168e75d9":125,"f3992a31":122,"411b5027":120,"2198ba8e":114,"ce4da56f":131,"aefe13f5":133,"e8f173b5":131,"458dcc3d":140,"12271e14":124,"4b3e3b1c":133,"17446892":118,"60d6cee2":123,"c9efc8f6":126,"a1370ab0":127,"6632fed0":134,"31d74eee":114,"5957df9e":118,"a939b50b":128,"088feee2":137,"a9b1bd51":96,"a1921150":137,"93fdbb44":113,"d744bee2":122,"884b0ad1":121,"f271ed5d":135,"730338c4":132,"f4726450":124,"baebb391":140,"489a39f7":112,"cf84fb54":126,"be1746a0":131,"a543ec74":116,"792c9b6a":119,"5f8517b7":146,"d102b0c6":119,"00554ffd":140,"06073f13":138,"cd95f558":132,"7a2f3f06":122,"7af262e5":139,"f2e3c0e3":106,"05f6ab35":134,"55928ef1":125,"9a07d89b":124,"fe8f3d36":121,"33d6bb6a":118,"4d9b0b10":128,"7a840529":114,"43d87483":128,"8ac72326":112,"7e95c5a0":138,"2b698053":128,"cf9f4757":114,"77898c22":99,"e21c6207":119,"e2cbe594":115,"ccb5ea3e":107,"21e10a2b":127,"c455f40e":116,"f4343817":125,"751bcf25":123,"30d84dce":115,"a4f1d83b":119,"40a745c0":138,"0af920d8":115,"c8977844":126,"d033db8d":132,"b320feb9":135,"5ab7bc35":127,"ce3bf5db":116,"0b959527":117,"9e65c0ef":119,"fbdffc95":119,"d141db49":126,"9fa62fee":114,"284544ba":116,"f2f58418":115,"140ce69e":122,"b946e146":147,"18815a1b":120,"0e036ae9":146,"623c6a31":132,"2dda3936":120,"dc03ebd2":141,"aa867541":113,"83b2f9c5":126,"4bc46d7a":121,"08a561b7":127,"1d44aff3":138,"a15713c6":140,"5acce642":120,"4652b09a":143,"6841f77e":135,"00cf385d":133,"e4c312fe":120,"6ee92259":132,"e0e48a2d":120,"09f0db62":152,"5b60dd1d":132,"004f1ef3":152,"3498f223":114,"06ee61b6":114,"dbc9df44":102,"0dad37d5":122,"4c4aa2e2":125,"c85a0d80":135,"dcf85091":112,"19f9ca86":129,"26f99a1e":124,"22aeaf03":131,"016953e4":138,"411b5027":121,"b36a0d66":112,"07fc4a9a":138,"73b15e04":121,"8cddb65e":124,"5e09f69e":144,"76f3a3be":127,"40860a4b":107,"74e3d13e":130,"a2c334e7":143,"a47abfbb":114,"ccf8b803":127,"bad1a1cc":118,"2b3e4717":129,"cf775f58":127,"c67979e6":151,"d957f027":118,"11888cfa":112,"742f1425":128,"6d802fa2":119,"3c782bb3":120,"64a7f79f":124,"26c6fa34":126,"045f280d":121,"87ce8d1d":105,"24d24fa3":125,"74e01f6a":127,"d102b0c6":120,"9263c525":126,"0042f6eb":116,"fe8f3d36":122,"eebc8d43":123,"8721056e":115,"2352c8ef":127,"c1bb74f2":114,"a0685bf3":137,"87083264":143,"e57d5cda":126,"2ce1af05":114,"7a4c064c":135,"9f74b8a4":118,"cf9f4757":115,"faf4f98b":135,"e0e6a097":118,"31f6d707":137,"5acaa06f":103,"3a1b9af5":127,"4ba6eb36":122,"9a80f004":116,"c8dc010f":136,"cd421290":124,"18d20aa1":117,"d25e0f8d":143,"f9f2c53f":109,"0149e11a":108,"66497c7e":121,"4279e829":147,"db703021":122,"1a2ec5d7":139,"5cd3cfe0":110,"30fdcd3b":121,"be40590d":130,"805af3c7":132,"0a2f71bc":120,"3bad3c95":110,"d141db49":127,"84b767be":154,"2c627253":127,"794f652b":135,"5747db6e":143,"84b67924":131,"c0e2624b":120,"9ab755d3":114,"f4726450":125,"12012fbd":115,"22176537":122,"51f57142":131,"a77e8461":125,"dfa1a89b":118,"be4f8ba8":119,"7080f122":124,"a901627e":119,"db8ba455":129,"65e4235b":129,"45b5746e":116,"f905a555":116,"a5fd8ffd":131,"b2cfdbcf":126,"93b0a158":135,"bec9d329":133,"b3f19a69":119,"a6b5e869":118,"20811ddf":129,"8bc04eb5":130,"e4c312fe":121,"638cb163":144,"57167c74":121,"014460b9":151,"3498f223":115,"1a2c020b":125,"efe84c27":124,"c0fea118":120,"4c4aa2e2":126,"a4296d1e":127,"e7abc88d":115,"095ab3b4":126,"93ac9ca3":121,"09f0db62":153,"5410e9c6":135,"b769bdfb":128,"3f2522c2":132,"be149c6f":115,"181c3dd5":129,"71279c46":115,"c852d240":129,"61d4782d":129,"8cddb65e":125,"288a2c43":118,"cf775f58":128,"c81b2bcf":109,"1b881e6e":131,"1a0189c4":122,"836701f6":123,"95bc84f1":116,"95f6db13":129,"69f3bfcc":121,"12a2cd4b":125,"59431390":125,"cf52025e":129,"a24e6670":126,"a43061ee":111,"cf84fb54":127,"6ebe2354":106,"1f88a4b7":144,"27c8e038":141,"87922532":142,"cac4449a":125,"062179c1":129,"eebc8d43":124,"f5e8dfee":139,"11b2c8d9":120,"1105f790":134,"eb2e1983":123,"f2e3c0e3":107,"9fce073c":128,"30b6808c":117,"1dad0f99":124,"ba938220":126,"e4cfef0a":107,"621d6b18":138,"faf4f98b":136,"8493f3b2":126,"8f2a7d69":117,"379184a7":139,"a0ce82b4":129,"9d0546ac":121,"0a96f57a":136,"b6ee137a":121,"70594a28":124,"85de05f2":123,"92136ff5":131,"6e24d88b":111,"0841052c":136,"db703021":123,"ca6d2d91":126,"9d4da635":109,"ddec9e54":120,"be40590d":131,"ea274174":127,"5f8517b7":147,"82b81567":107,"49bf2e95":116,"2a387957":125,"faf3ed07":129,"a983a6dc":111,"eb7b4e29":112,"2c627253":128,"272c7672":135,"84b767be":155,"4bcd4a30":143,"98915a1f":109,"8657c79d":138,"d6320619":120,"8547fbc2":123,"6de0aaac":115,"ec2cb1af":123,"f3d68430":134,"9e206c95":140,"88432019":119,"a901627e":120,"45b5746e":117,"a15713c6":141,"fd482491":142,"c91966ce":111,"da04caac":125,"74c26380":143,"b3f19a69":120,"93b0a158":136,"a502c93c":110,"e0e48a2d":121,"7735c3c2":116,"88ce179e":138,"d6f0d94a":113,"e32524d6":126,"dac109cf":119,"2154b6e8":112,"9bdf362a":122,"e786063b":132
1604737576339,"e5d3655c":140,"2e3503e4":129,"9b172ca8":113,"fe578280":126,"288d171f":123,"655954ba":125,"e7abc88d":116,"9267f0ef":141,"93e8cee5":147,"e2a7d915":109,"0149e11a":109,"feb67030":122,"201cafad":119,"c650b434":136,"8f9b74b0":116,"5eab91a0":132,"9d023afb":135,"6a7392d5":115,"be3a10f8":146,"1105f790":135,"a0685bf3":138,"6c486702":130,"afe8e06a":119,"6034b6d0":132,"ef14000f":143,"0d28db94":117,"0785820e":133,"db703021":124,"4ee62a26":120,"0841052c":137,"93683c82":121,"56d315d8":107,"180377be":123,"d0c104c4":93,"859545e6":110,"4def63ee":98,"25776fc4":136,"17446892":119,"c93c3508":106,"12534561":120,"5774ac0d":139,"031e488e":125,"24a9fb86":135,"60d6cee2":124,"99e171db":122,"7be025ce":133,"c0b0f492":137,"dac109cf":120,"ce3bf5db":117,"6fb4cdda":136,"1a2c020b":126,"91536e85":133,"4930f321":119,"cc5a1d47":117,"a5676c24":124,"fd482491":143,"8db5a165":114,"cf1b8c47":132,"fafb4cc2":156,"b28a5e67":144,"6e44927f":120,"ee21ad02":134,"a4296d1e":128,"2e3503e4":130,"470d50c2":122,"754f98c9":132,"4e3f5178":131,"5957df9e":119,"f4b2f575":111,"9d9dd9e5":113,"2b3e4717":130,"90d52475":126,"7e15f8e8":132,"3c6692a3":143,"fd369c21":136,"5747db6e":144,"b5763ff6":111,"508aac3d":135,"2180f99b":126,"2a06ab95":141,"3f65f121":127,"2dda3936":121,"22ecaed0":122,"8dd2684c":124,"f2ca27d9":121,"623c6a31":133,"bb99c79c":123,"7e8e1c3d":122,"20777945":112,"b6ee137a":122,"da3437cd":121,"92136ff5":132,"fb8bfb36":138,"ded7da5a":136,"4b125e7b":129,"2882a956":134,"e382ec3f":113,"6841f77e":136,"5b5fc566":120,"e356abf1":134,"82204d54":118,"478d2d4f":134,"7af262e5":140,"4c0e547b":129,"2352c8ef":128,"19551bad":114,"8721056e":116,"07f98660":132,"5781776a":126,"3f2522c2":133,"93ac9ca3":122,"8dd649a3":118,"e45b4b53":112,"971675c5":126,"5099c6a0":146,"1138796e":134,"2d1e1e9d":122,"32c9fc47":120,"bad6cdb1":108,"6291e9e9":127,"dd1fcb17":115,"6c73ae98":106,"e8d74304":114,"489a39f7":113,"17807120":127,"a24e6670":127,"03dcfa3d":131,"2d382981":130,"4ee62a26":121,"d634aa28":140,"d70ca4f4":140,"467773ac":126,"1e191c98":106,"57d5dee8":132,"ed4fad08":131,"32133249":125,"a47abfbb":115,"8cddb65e":126,"24a9fb86":136,"b35bb8a1":117,"8db62558":123,"db703021":125,"caddd0a7":127,"a577db1c":115,"24ffcbd3":149,"e786063b":133,"65a00a3c":127,"b5ce0c0c":137,"2154b6e8":113,"12a2cd4b":126,"92d38723":136,"b4fdf90e":133,"554ebb83":126,"f9c15fcc":122,"288afc30":122,"8d000d6e":122,"49bf2e95":117,"8ac72326":113,"a85d89cc":120,"b9be31d6":126,"95539a58":115,"4f59a322":130,"cc5a1d47":118,"61145ec9":138,"2c6cb96f":103,"4bc46d7a":122,"195eb771":122,"00a481e3":139,"f121b82c":142,"bd984a8e":117,"9267f0ef":142,"f3992a31":123,"77300e4a":112,"696fdac5":127,"f2086446":125,"9d9dd9e5":114,"36684155":123,"bad1a1cc":119,"cf775f58":129,"5d087c79":122,"c6c85783":128,"39a2fcce":117,"0bd93cfd":102,"2f455cce":133,"9ab755d3":115,"88b3bc99":111,"cbb54a0a":106,"72d7b461":137,"fd369c21":137,"9de29816":110,"9c045c61":135,"945b63f0":147,"affb82bf":132,"4d35385e":128,"623c6a31":134,"fd6dcb20":124,"f734c84c":142,"26dd2000":148,"bfad1727":107,"263762cb":108,"9a3cc55d":119,"83086d4c":134,"437fc3ec":132,"d599b566":132,"1951480c":114,"7ee148e9":124,"90731976":119,"b460f030":141,"8b2b601d":126,"b84a06eb":130,"73b15e04":122,"da3437cd":122,"d25e0f8d":144,"616d6dd6":120,"aa76bc50":110,"5eab91a0":133,"16b476e9":123,"6ee92259":133,"bb00e71c":106,"aa187e3b":116,"1bb4ccc0":132,"54d7de6b":139,"8063df14":123,"13b53c7a":126,"cd522166":138,"e5b1abc6":125,"0f89862c":108,"c6dc900c":103,"2352c8ef":129,"e1f0dbfd":141,"547903ef":135,"64db4feb":145,"b230e8d3":124,"76f3a3be":128,"5eaa1581":116,"c9efc8f6":127,"68562193":110,"42c80e69":134,"655941a0":139,"f4634d0b":120,"180377be":124,"d0c104c4":94,"cd3bbe7e":125,"1a2ec5d7":140,"1e191c98":107,"9bdf362a":123,"d141db49":128,"e4cfef0a":108,"76f94eda":128,"d4ee22a4":138,"cf9f4757":116,"b73e789c":125,"e28c2efc":114,"9496f56f":133,"4777334c":121,"4cc141fa":102,"1db42092":135,"eed20185":140,"a6bcb07e":127,"2cce4fb2":132,"03c398d2":136,"28d41578":137,"1c3a30c5":125,"0f72f2d8":120,"336d0f08":140,"9260d96b":151,"50312237":136,"8f2a7d69":118,"d0b297b2":110,"31f6d707":138,"7ae3fc50":111,"49b358bd":132,"c0b0f492":138,"a33fe0dd":135,"1623fc9f":124,"7f86be64":128,"9b742f71":122,"d548635d":124,"80a8a56d":112,"696fdac5":128,"acac14fb":123,"d34a29b9":139,"36684155":124,"b88033fd":132,"9ceb5439":111,"f4b2f575":112,"04643409":134,"d957f027":119,"4ed01268":111,"26c390d6":115,"6a3eaf43":120,"9fa62fee":115,"778c95e9":131,"fd369c21":138,"dc583e64":135,"27f52ed3":144,"ded7da5a":137,"a0cca8b7":110,"4dac6b20":106,"42cd2360":103,"616d6dd6":121,"fe44fc6f":119,"6023df54":122,"5b5fc566":121,"dffa7793":99,"f905a555":117,"56473430":140,"95d331b1":112,"e4c312fe":122,"45b5746e":118,"1bb4ccc0":133,"c0b23081":138,"d39724bc":118,"f67de058":133,"6a7392d5":116,"8f10fa42":160,"f5e8dfee":140,"11b2c8d9":121,"cd522166":139,"bd62d7ed":116,"f734c84c":143,"debe1f65":127,"7e8e1c3d":123,"f4343817":126,"c0e2624b":121,"4bcd4a30":144,"9de29816":111,"8cc4a982":134,"dfa1a89b":119,"a63bddd4":156,"d2a841c9":116,"4469c815":100,"6d5fcd4c":125,"71279c46":116,"5e09f69e":145,"0ecfa1c9":123,"31f6ba51":124,"4125085e":144,"24a9fb86":137,"d033db8d":133,"30fdcd3b":122,"4360a1a3":144,"d0c104c4":95,"cd3bbe7e":126,"5cd3cfe0":111,"a68a93b2":119,"ce3bf5db":118,"caddd0a7":128,"4777334c":122,"7e76c93c":130,"ef14000f":144,"53b4e647":136,"2ce1af05":115,"30b6808c":118,"ef91eaae":111,"8ac72326":114,"d5059415":125,"30c5d755":138,"9e65c0ef":120,"f8b31ce5":151,"82868763":124,"07fc4a9a":139,"b769bdfb":129,"3c782bb3":121,"6b79fec2":115,"812b4f15":108,"ac62fac2":137,"ea9bba6b":127,"8b2b601d":127,"458dcc3d":141,"5781776a":127,"e7e82473":146,"e8d74304":115,"6c73ae98":107,"bc392d1c":108,"8eb64769":129,"e81834aa":142,"804d4dfa":128,"159ffd0b":112,"c4aa1e38":107,"08a4c3f8":130,"7a2f3f06":123,"4ba6eb36":123,"792c9b6a":120,"b35e9e1a":164,"554ebb83":127,"f598a332":114,"4e3f5178":132,"aa9ea5e8":113,"91d52a55":128,"36684155":125,"5957df9e":120,"1a0189c4":123,"23760167":126,"c6c85783":129,"cf775f58":130,"26c390d6":116,"d1ca5d6b":133,"5747db6e":145,"88b3bc99":112,"6e851762":122,"dd7acb96":133,"b7832271":140,"8e99d5d0":142,"6b78ad7f":131,"f2086446":126,"e9679ede":116,"f121b82c":143,"a901627e":121,"95904ac4":143,"616d6dd6":122,"6023df54":123,"f3a0c2ee":123,"d5dae4c4":155,"49cb2959":134,"ee75b607":119,"04bef50c":102,"f0a06216":118,"677c6a09":150,"7fef9973":132,"9cb4697f":137,"d929098e":103,"dc0c8b09":137,"733c86f8":122,"e35a63cd":131,"72b84094":156,"e2cbe594":116,"79e4fa1c":116,"44ff8baa":123,"07107f6e":125,"40e79dd3":128,"f4343817":127,"eafbf9fb":124,"09560615":107,"53a8613c":143,"8547fbc2":124,"1d153b20":128,"623c6a31":135,"88432019":120,"540df50f":128,"227006e4":121,"71a2a493":100,"ed4fad08":132,"026766f3":125,"b7434f57":102,"430a5db5":129,"94a2fe10":133,"30d84dce":116,"61f25dd4":146,"26ed1a5c":123,"30c184b8":138,"b102f7bd":129,"f2e3c0e3":108,"0e2b5d2f":135,"ef14000f":145,"67c57de4":143,"af7e5be8":126,"53b4e647":137,"b73e789c":126,"50c468ba":129,"d5059415":126,"3fdb08f5":124,"30c5d755":139,"fce3c5c6":116,"fb7b7b3c":146,"27f52ed3":145,"c95719e5":121,"695a2b92":117,"b769bdfb":130,"3c43e8a2":136,"8b2b601d":128,"d6db2b02":130,"c7ab83c1":118,"69f3bfcc":122,"cbad3b92":149,"f277386e":106,"73b15e04":123,"a4dafea5":122,"3e602573":123,"812b4f15":109,"8298e976":137,"cf84fb54":128,"c6e3d352":131,"c27969ec":131,"71bc1295":113,"45b038bb":150,"332820ce":131,"d33790a2":144,"a533489b":132,"00554ffd":141,"67f6e4f2":118,"c4aa1e38":108,"c1bdfd41":114,"49b358bd":133,"92f800f5":124,"9e65c0ef":121,"dc473de1":112,"dcfaba4c":130,"c9efc8f6":128,"449d8475":108,"d5557fb4":130,"a939b50b":129,"9ceb5439":112,"bda8cdfb":133,"c67979e6":152,"39a2fcce":118,"af0b61ab":123,"d1ca5d6b":134,"b7832271":141,"2c627253":129,"e58b26f6":133,"2c01e624":127,"92efd84f":127,"53431634":148,"c5b35e4d":112,"d34a29b9":140,"0dad37d5":123,"be2955bb":132,"e0154608":125,"0da28f5b":130,"ef8987d7":118,"91f7ef72":117,"fafb4cc2":157,"d9a64845":125,"95904ac4":144,"3f75d3bc":146,"dd035d2a":123,"935ec056":116,"677c6a09":151,"bec9d329":134,"7f6d1d0e":135,"d4d5f466":120,"9cb4697f":138,"cb4f262b":119,"2b3c49b9":129,"27d8bf51":125,"7b6a7048":127,"201cafad":120,"2209903e":135,"a0ce82b4":130,"5fa12feb":133,"bb99c79c":124,"bc021def":125,"15620dca":139,"945b63f0":148,"d1715f3b":133,"f2ca27d9":122,"be4f8ba8":120,"e62d705f":115,"4279e829":148,"c8977844":127,"d033db8d":134,"b102f7bd":130,"be3a10f8":147,"6c486702":131,"70ee0491":115,"9a07d89b":125,"5f4102da":133,"dd3913d2":117,"629800eb":134,"ef14000f":146,"e57d5cda":127,"056ea7ff":136,"4f59a322":131,"597c1f81":118,"ad303bda":123,"4ee62a26":122,"f4634d0b":121,"cd3bbe7e":127,"d1676e89":126,"578f6e9e":134,"095ab3b4":127,"971675c5":127,"f1dffa24":113,"d599b566":133,"004f1ef3":153,"17b08923":127,"32c9fc47":121,"1f88a4b7":145,"b7df1559":130,"9c58dd76":134,"8298e976":138,"cf84fb54":129,"a43061ee":112,"fb44fa9c":143,"c6e3d352":132,"4ff2225d":118,"71bc1295":114,"d8475b95":101,"a5aee5de":152,"d33790a2":145,"9263c525":127,"ef16ca37":125,"b7407bd3":119,"c4e70c07":125,"04ea5673":126,"4577b333":125,"aa021138":137,"c8fcad77":116,"3fdb08f5":125,"4def63ee":99,"31f6ba51":125,"8cddb65e":127,"ed4fad08":133,"2132fe93":135,"031e488e":126,"68562193":111,"5ac86fb9":140,"815e4582":131,"e15fd611":114,"e99318a3":131,"1a0189c4":124,"4ed01268":112,"8ec3834d":135,"1b881e6e":132,"2f455cce":134,"70bc8325":119,"cb51f134":136,"3498f223":116,"bd984a8e":118,"f3992a31":124,"5be594be":128,"dcf85091":113,"6b78ad7f":132,"4f5e3e7d":112,"8493f3b2":127,"b8397293":114,"aa76bc50":111,"49cb2959":135,"1d44aff3":139,"3c0df8b4":125,"abc1d7ad":136,"ae016053":139,"7ae34c64":130,"5eab91a0":134,"3b2dee89":124,"1757a30e":121,"6ee92259":134,"5b5fc566":122,"f56ac638":106,"1c0a9eff":117,"72b84094":157,"5c82d1ce":128,"7d112f4d":133,"201cafad":121,"383e232d":119,"aaa274a5":129,"fd07e0ed":135,"d0d6acb1":128,"f4726450":126,"22ecaed0":123,"ccdd1ce6":123,"be4f8ba8":121,"49902219":144,"08c6b5d2":131,"3661e12d":120,"8dd2684c":125,"805534ac":131,"0149e11a":110,"4dac6b20":107,"b102f7bd":131,"d78dd457":112,"7fdc2007":118,"6a7392d5":117,"bd62d7ed":117,"b8488fc8":130,"a567ace4":124,"67c57de4":144,"e4cfef0a":109,"a06a6430":128,"6a5b71b4":120,"9496f56f":134,"8ac72326":115,"50c468ba":130,"110b1ee3":124,"c8977844":128,"56d315d8":108,"f1b493de":146,"430a5db5":130,"f1dffa24":114,"f5cd79c1":121,"312f7676":130,"82868763":125,"095ab3b4":128,"1951480c":115,"317c1591":136,"0b5a0408":123,"cf84fb54":130,"e0f7679f":112,"f1098793":126,"a8871ddf":114,"b6aaf976":137,"4b3e3b1c":134,"01cd8099":131,"cac4449a":126,"95bc84f1":117,"2198ba8e":115,"1138796e":135,"26c6fa34":127,"0f72f2d8":121,"a4f1d83b":120,"ca6d2d91":127,"9e65c0ef":122,"7043382d":131,"c015ec5a":125,"3fdb08f5":126,"0b959527":118,"859545e6":111,"ffc86f94":102,"6df0b2e8":148,"5eaa1581":117,"e4714415":138,"32133249":126,"c4bff41f":132,"dcfaba4c":131,"64db4feb":146,"a1921150":138,"449d8475":109,"a983a6dc":112,"8ec3834d":136,"d957f027":120,"0670c466":119,"394dc144":121,"c382f054":141,"dcf85091":114,"754f98c9":133,"a901627e":122,"7ae34c64":131,"a851891c":122,"810aa5e9":132,"3f75d3bc":147,"aa76bc50":112,"a472532e":116,"6775d5cd":129,"c0b23081":139,"d1d40c9c":137,"4652b09a":144,"6ee92259":135,"93b0a158":137,"54d7de6b":140,"c0fea118":121,"8323d333":112,"db0a661e":122,"fe0df575":138,"40569362":138,"34658473":114,"0ac825ed":132,"792c9b6a":121,"77300e4a":113,"8e780922":125,"69134f07":124,"6e851762":123,"9ab755d3":116,"3062379b":116,"50c3164b":143,"508aac3d":136,"92efd84f":128,"778c95e9":132,"3661e12d":121,"315537b2":130,"53a8613c":144,"9de29816":112,"f3d68430":135,"945b63f0":149,"18815a1b":121,"b6ee137a":123,"261c9911":135,"51c57542":134,"a0ce82b4":131,"21e10a2b":128,"3b7763b1":113,"e2cbe594":117,"f2e3c0e3":109,"9a07d89b":126,"e35a63cd":132,"11b2c8d9":122,"eb2e1983":124,"ec11fe5f":112,"eebc8d43":125,"cf9f4757":117,"0d7d88f1":130,"e28c2efc":115,"00a17b46":126,"87cd2add":116,"e7773397":109,"c0b7e7d7":108,"6d61bf13":121,"836701f6":124,"d1676e89":127,"19f9ca86":130,"45fb95c1":124,"8aa78e2f":115,"95d3d348":118,"e0f7679f":113,"064a99c8":117,"f277386e":107,"946df4fd":135,"6c73ae98":108,"458dcc3d":142,"f5829ac0":139,"c6e3d352":133,"013ee301":124,"aa00769b":143,"c27969ec":132,"d82592f4":126,"9d4da635":110,"f1b493de":147,"56d315d8":109,"20e470e0":114,"4577b333":126,"0d5ee801":113,"aab4d996":127,"c3e6ef01":130,"31f6ba51":126,"162a7348":128,"03b4ab60":118,"32133249":127,"6867261a":122,"8d04852b":125,"0681c48e":136,"23760167":127,"ce3407dd":123,"cb6c9e42":141,"d9f512b9":132,"ddec9e54":121,"d141db49":129,"75ffea08":124,"df2b4d87":120,"fce3c5c6":117,"b9be31d6":127,"8ac72326":116,"a15713c6":142,"f3a0c2ee":124,"da04caac":126,"7c0a2db6":126,"3c0df8b4":126,"5f96c2bc":119,"8a165e17":137,"1757a30e":122,"7ee7621c":125,"67f6e4f2":119,"02d4753e":156,"40569362":139,"b7407bd3":120,"8c6e001f":111,"d0e9a58e":117,"3a1b9af5":128,"cb51f134":137,"754f98c9":134,"2e3503e4":131,"34c5c729":118,"288d171f":124,"d548635d":125,"6b78ad7f":133,"5339e1e9":129,"c81b2bcf":110,"a1921150":139,"97e75c19":142,"508aac3d":137,"7e991ab9":98,"a625328f":133,"0bd93cfd":103,"84b767be":156,"6e851762":124,"d552eb2f":132,"eafbf9fb":125,"bc021def":126,"9c045c61":136,"172217e5":127,"6d339d45":108,"72b84094":158,"0149e11a":111,"7d112f4d":134,"daab45c6":116,"fb8bfb36":139,"9a80f004":117,"77898c22":100,"7f6d1d0e":136,"c0b23081":140,"9cb4697f":139,"6775d5cd":130,"290b4714":128,"7af262e5":141,"478d2d4f":135,"33d6bb6a":119,"a0685bf3":139,"7bda83dd":120,"20958d58":118,"9b546d65":117,"42191b64":102,"f5cd79c1":122,"3c43e8a2":137,"6d61bf13":122,"437fc3ec":133,"5099c6a0":147,"2203f259":128,"8cf83787":119,"8aa78e2f":116,"74e01f6a":128,"73b15e04":124,"32c9fc47":122,"0b5a0408":124,"23080895":114,"b2703001":138,"aefe13f5":134,"e8d74304":116,"1f88a4b7":146,"cc11fef9":128,"30d84dce":117,"1e7753d9":138,"a68a93b2":120,"20e470e0":115,"b7434f57":103,"c2bb8aae":125,"ccdd1ce6":124,"416a9e97":116,"5a734022":117,"081460bf":128,"7af9d3b1":133,"32133249":128,"61d4782d":130,"3c18f28e":121,"68562193":112,"d6f0d94a":114,"a577db1c":116,"ba30e43a":137,"0a2f71bc":121,"a81a857c":122,"92f800f5":125,"9e65c0ef":123,"7a840529":115,"76f94eda":129,"a06a6430":129,"9f74b8a4":119,"ac030e74":117,"00a17b46":127,"d2466211":142,"abc1d7ad":137,"ae016053":140,"fd482491":144,"6023df54":124,"aa00769b":144,"ce4da56f":132,"e6fac295":114,"554ebb83":128,"1bd5b20b":140,"db0a661e":123,"8493f3b2":128,"b7407bd3":121,"d102b0c6":121,"b2a8761b":112,"c7313e0a":138,"c4feee5b":132,"c5b35e4d":113,"145c7559":137,"e9679ede":117,"36380d96":136,"4e3f5178":133,"25d1b2d8":130,"77bae750":118,"9d9dd9e5":115,"99e171db":123,"93fdbb44":114,"0670c466":120,"ce3407dd":124,"b7832271":142,"5a07fc2e":118,"7028b044":112,"cbb54a0a":107,"8cd78f77":137,"92efd84f":129,"2f455cce":135,"6d339d45":109,"0e036ae9":147,"d1715f3b":134,"6143f39d":122,"daab45c6":117,"c91966ce":112,"616d6dd6":123,"45b5746e":119,"ee75b607":120,"dffa7793":100,"16b476e9":124,"d83870f5":119,"bec9d329":135,"e6ec8cbf":140,"e4117b3b":115,"5f4102da":134,"2a76f1dd":116,"fead11cf":114,"b8488fc8":131,"2bcca6a7":138,"6c524f99":131,"f67de058":134,"07107f6e":126,"51c57542":135,"5099c6a0":148,"5b60dd1d":133,"c564e316":126,"f6fe095d":138
1604737577714,"363590c7":134,"016953e4":139,"3f2522c2":134,"e0f7679f":114,"4ff2225d":119,"8b2b601d":129,"ccb5ea3e":108,"2b3c49b9":130,"7bebff03":118,"fb8bfb36":140,"cc11fef9":129,"66497c7e":122,"7cd0ad7b":141,"110b1ee3":125,"6d5fcd4c":126,"ef8321d8":124,"21ee2afe":133,"bfcb912a":129,"5eaa1581":118,"3a1d1632":102,"76f3a3be":129,"031e488e":127,"081460bf":129,"6632fed0":135,"f1b493de":148,"dbd2f139":135,"1e191c98":108,"014460b9":152,"d141db49":130,"7043382d":132,"719c8869":142,"d9f512b9":133,"92f800f5":126,"1dad0f99":125,"597c1f81":119,"753ca352":112,"2ce1af05":116,"7218c9f1":110,"a85d89cc":121,"93b9fae6":119,"4def63ee":100,"6ebe2354":107,"3310a049":121,"6be9332a":113,"8298e976":139,"b36a0d66":113,"87ce8d1d":106,"e8f173b5":132,"9c58dd76":135,"a5aee5de":153,"9fc713b0":143,"ac62fac2":138,"3d1af513":137,"4ac6bd4e":118,"5a0ead91":112,"5ee911b5":117,"4f5e3e7d":113,"92d38723":137,"3a1b9af5":129,"e9679ede":118,"4e3f5178":134,"53431634":149,"704bce0d":130,"6e98dfda":126,"f66616b7":127,"1b881e6e":133,"5a0eb771":121,"d1fe2868":135,"77f31bab":140,"47d27624":115,"911e770b":125,"8657c79d":139,"6751d8e4":138,"1f342a00":126,"2c01e624":128,"b947257e":133,"0d2a1c58":120,"77300e4a":114,"6fb4cdda":137,"972f4174":133,"83b2f9c5":127,"0a1d11e6":113,"da04caac":127,"e865e4dd":119,"fafb4cc2":158,"45b5746e":120,"810aa5e9":133,"fea793f5":134,"82204d54":119,"cb4f262b":120,"bec9d329":136,"6c524f99":132,"7f6d1d0e":137,"2a4a402a":120,"67d30f2b":124,"11b2c8d9":123,"1105f790":136,"87c462ee":136,"79be29c8":120,"f67de058":135,"c510bfd3":139,"263762cb":109,"9a3cc55d":120,"a77e127d":102,"8dd649a3":119,"60e855ee":141,"ea9bba6b":128,"72b84094":159,"ab7467de":134,"c45d554f":133,"261c9911":136,"6b9eff39":119,"e2cbe594":118,"4295ce9a":130,"18815a1b":122,"be4f8ba8":122,"53a8613c":145,"d2a841c9":117,"f3d68430":136,"623c6a31":136,"6d339d45":110,"b230e8d3":125,"35aa7fd0":137,"227006e4":122,"40860a4b":108,"540df50f":129,"cc11fef9":130,"1e7753d9":139,"ddec9e54":122,"cd3bbe7e":128,"df2b4d87":121,"8fb236a9":105,"c8113b77":113,"597c1f81":120,"6a5b71b4":121,"cb142908":108,"e28c2efc":116,"e57d5cda":128,"f1b493de":149,"b5ce0c0c":138,"f883d582":118,"a577db1c":117,"88fa53d6":113,"142d6987":127,"c0b7e7d7":109,"8cf83787":120,"bab97de3":135,"0be540c5":136,"a43061ee":113,"b7df1559":131,"e0f7679f":115,"17807120":128,"07fc4a9a":140,"ea274174":128,"b460f030":142,"08a4c3f8":131,"8d753bb6":124,"26c6fa34":128,"f9c15fcc":123,"c609739e":125,"b84a06eb":131,"92d38723":138,"03dcfa3d":132,"408bb2ed":123,"82b81567":108,"9263c525":128,"65a00a3c":128,"ca7d47f7":130,"5f620a1e":137,"c4bff41f":133,"dc473de1":113,"ccf8b803":128,"789bd484":124,"a939b50b":130,"6adce358":139,"6e98dfda":127,"aff8e442":136,"5957df9e":121,"84b767be":157,"eb7b4e29":113,"af0b61ab":124,"f069bb07":121,"98915a1f":110,"ef1c2dcb":121,"d552eb2f":133,"7f86be64":129,"c7313e0a":139,"704bce0d":131,"754f98c9":135,"b215547b":114,"c382f054":142,"1247fa52":135,"a5676c24":125,"52eca0dc":124,"71ba7561":118,"74c26380":144,"ec110282":143,"da04caac":128,"87c462ee":137,"00a481e3":140,"dffa7793":101,"88ce179e":139,"d815c5b4":149,"37d0cae2":117,"e0e48a2d":122,"5b5fc566":123,"6c524f99":133,"e35a63cd":133,"25a2844e":135,"20958d58":119,"13b53c7a":127,"e21c6207":120,"27d8bf51":126,"2b3c49b9":131,"bc09fa9e":119,"4eed1bea":131,"ccb5ea3e":109,"f4343817":128,"b9a48a5c":113,"558d5ce7":126,"546f6845":132,"88432019":121,"51f57142":132,"09560615":108,"6143f39d":123,"bc3dc66a":132,"5ac86fb9":141,"e9a8cf11":129,"71279c46":117,"cc11fef9":131,"059d6c19":139,"026766f3":126,"906632cb":125,"74f234c6":155,"2a76f1dd":117,"b87158fb":133,"30b6808c":119,"ffa08d82":125,"00a17b46":128,"2ce1af05":117,"9c29f0ed":143,"abd32136":127,"87083264":144,"a8726d50":115,"6f81493d":113,"c4e70c07":126,"2af60749":129,"5b60dd1d":134,"1951480c":116,"60e855ee":142,"8dd649a3":120,"5678ed7b":142,"7732eb1e":143,"39bbc4bc":142,"bad6cdb1":109,"69f3bfcc":123,"6ce84ff8":112,"a58bf525":129,"17807120":129,"013ee301":125,"a543ec74":117,"1138796e":136,"742f1425":129,"489a39f7":114,"32c9fc47":123,"cbad3b92":150,"99d130c9":137,"a0b03218":126,"fe0df575":139,"6f0fcb9d":128,"d0b297b2":111,"db0a661e":124,"5ee911b5":118,"6585adbe":102,"554ebb83":129,"c7636527":108,"719c8869":143,"859545e6":112,"37a7d5b0":129,"7043382d":133,"5e09f69e":146,"aa9ea5e8":114,"2132fe93":136,"31d74eee":115,"37fbb107":130,"bf822e33":121,"b8ab8e6e":126,"faf3ed07":130,"0f1ac912":107,"5f7d7195":122,"2d54e0a8":115,"0d2a1c58":121,"aec074c4":137,"3c6692a3":144,"af0b61ab":125,"6a3eaf43":121,"c793cdda":129,"f3992a31":125,"f33c0140":124,"dbc9df44":103,"f121b82c":144,"79f04300":124,"7f86be64":130,"69d4b754":121,"195eb771":123,"ef8987d7":119,"8db5a165":115,"781ace7d":125,"4abb7aed":128,"5f0c1b9d":134,"345c9967":116,"93b0a158":138,"54d7de6b":141,"ba586505":131,"124fbe96":116,"4258c176":116,"bec9d329":137,"04bef50c":103,"7af262e5":142,"ab7467de":135,"5fa12feb":134,"9a80f004":118,"bfad1727":108,"70594a28":125,"7bebff03":119,"3007f31f":121,"12dd6f5e":120,"172217e5":128,"f87c5031":125,"a77e8461":126,"af157d29":125,"36d340f2":112,"217c0327":103,"f1b493de":150,"56d315d8":110,"ddec9e54":123,"1bc0591f":123,"55928ef1":126,"78b97937":134,"7bda83dd":121,"831c7b85":123,"fead11cf":115,"abd32136":128,"0d7d88f1":131,"621d6b18":139,"0bfabf48":120,"619fda68":147,"9c29f0ed":144,"d5059415":127,"e62d705f":116,"b6591e25":132,"655941a0":140,"0c043224":140,"2203f259":129,"5781776a":128,"3f2522c2":135,"437fc3ec":134,"95d3d348":119,"f2470875":143,"b935fc1c":124,"1438fad7":134,"3310a049":122,"a24e6670":128,"6a60348e":122,"74e01f6a":129,"12a2cd4b":127,"159ffd0b":113,"468fc85c":129,"1f88a4b7":147,"411b5027":122,"48655f09":146,"2c24d929":138,"be1746a0":132,"ac62fac2":139,"8c6e001f":112,"8493f3b2":129,"06073f13":139,"3a1b9af5":130,"08a4c3f8":132,"7ae3fc50":112,"0f029727":111,"e32524d6":127,"4777334c":123,"7e76c93c":131,"b320feb9":136,"62d1d346":111,"5f620a1e":138,"be149c6f":116,"b230e8d3":126,"3c18f28e":122,"c4bff41f":134,"c93c3508":107,"32133249":129,"181c3dd5":130,"9d9dd9e5":116,"ccf8b803":129,"815e4582":132,"90d52475":127,"bda8cdfb":134,"f2364460":132,"842c8340":118,"2d54e0a8":116,"aec074c4":138,"3c6692a3":145,"ea822700":111,"d3a669ac":134,"c85a0d80":136,"c5b35e4d":114,"3498f223":117,"ebdbf580":131,"4bc46d7a":123,"d9a64845":126,"ae016053":141,"aa867541":114,"cf1b8c47":133,"fafb4cc2":159,"16b476e9":125,"195eb771":124,"a502c93c":111,"4652b09a":145,"a6b5e869":119,"bb00e71c":107,"87c462ee":138,"c0b23081":141,"d0e9a58e":118,"53431634":150,"80a8a56d":113,"0a92153e":124,"ccb5ea3e":110,"efd23af5":124,"f734c84c":144,"c455f40e":117,"98915a1f":111,"383e232d":120,"dfa1a89b":120,"8547fbc2":125,"bc021def":127,"be4f8ba8":123,"49902219":145,"865d9857":101,"4469c815":101,"77898c22":101,"07107f6e":127,"6490bac6":120,"f5e8dfee":141,"05f6ab35":135,"11b2c8d9":124,"6c524f99":134,"25a2844e":136,"eb2e1983":125,"cd522166":140,"cf9f4757":118,"869cbaa0":138,"d2466211":143,"50c468ba":131,"629800eb":135,"7fb4c521":129,"619fda68":148,"3b690f68":137,"6d61bf13":123,"60e855ee":143,"83086d4c":135,"93ac9ca3":123,"5781776a":129,"1da771fb":123,"095ab3b4":129,"a3d4a0e5":133,"bab97de3":136,"de36827b":147,"95f6db13":130,"792cfcbd":120,"e0f7679f":116,"74e01f6a":130,"7732eb1e":144,"481754fc":106,"e81834aa":143,"4febf7c5":129,"c6e3d352":134,"2d382981":131,"87ce8d1d":107,"6585adbe":103,"379184a7":140,"332820ce":132,"4279e829":149,"d0c104c4":96,"430a5db5":131,"ddec9e54":124,"9d4da635":111,"be40590d":132,"d141db49":131,"62d1d346":112,"ba30e43a":138,"04ea5673":127,"e3547548":115,"c015ec5a":126,"5774ac0d":140,"d6d61bfc":135,"3a1d1632":103,"51f80f4c":139,"32133249":130,"4911acad":99,"2ab62345":114,"4ed01268":113,"ce3407dd":125,"b8ab8e6e":127,"1a0189c4":125,"77f31bab":141,"84369269":110,"1b881e6e":134,"cbb54a0a":108,"c7636527":109,"b28a5e67":145,"71e53c93":135,"345c9967":117,"3c0df8b4":127,"aa867541":115,"5f96c2bc":120,"ae016053":142,"7fef9973":133,"bd2705b0":143,"6841f77e":137,"cb4f262b":121,"bf30a08f":136,"7ee7621c":126,"abad2347":131,"685207b3":131,"5a0ead91":113,"82b81567":109,"0ac825ed":133,"358e45b1":116,"c21ab51e":107,"7f86be64":131,"c7313e0a":140,"c5b35e4d":115,"ab7d4c9a":118,"79f04300":125,"a6626a13":114,"d0d6acb1":129,"af0b61ab":126,"911e770b":126,"fb7482fe":116,"eb7b4e29":114,"12dd6f5e":121,"865d9857":102,"f2f58418":116,"dfa1a89b":121,"0e036ae9":148,"9c045c61":137,"558d5ce7":127,"913a6226":123,"40e79dd3":129,"7d112f4d":135,"ccb5ea3e":111,"5a622a23":126,"ab7467de":136,"79e4fa1c":117,"b8488fc8":132,"55928ef1":127,"c463799d":133,"78b97937":135,"0e2b5d2f":136,"c6dc900c":104,"fef750ca":123,"0d7d88f1":132,"76f94eda":130,"c38c2b52":117,"ba938220":127,"597c1f81":121,"ef91eaae":112,"95539a58":116,"82868763":126,"5410e9c6":136,"6ce84ff8":113,"3e082b37":115,"1da771fb":124,"c95719e5":122,"39bbc4bc":143,"fb44fa9c":144,"7732eb1e":145,"b552beb3":129,"45fb95c1":125,"c609739e":126,"11888cfa":113,"946df4fd":136,"54a676d6":120,"d8475b95":102,"b460f030":143,"0d2c95fe":130,"35b58ef9":122,"aefe13f5":135,"d82592f4":127,"cc11fef9":132,"751acea8":110,"30dbfc69":122,"66497c7e":123,"1f11812e":133,"8942c35b":125,"d0c104c4":97,"d141db49":132,"4577b333":127,"dc473de1":114,"6867261a":123,"5ac86fb9":142,"f94bf9ea":127,"5f6613c8":113,"ed4fad08":134,"2ab62345":115,"4ed01268":114,"77bae750":119,"9d63c4dd":128,"1a0189c4":126,"527ff946":139,"d5557fb4":131,"dac109cf":121,"2154b6e8":114,"014460b9":153,"c8fcad77":117,"ffc86f94":103,"74c26380":145,"da04caac":129,"a5fd8ffd":132,"3c0df8b4":128,"2c6cb96f":104,"1c0a9eff":118,"08a561b7":128,"1757a30e":123,"b28a5e67":146,"abad2347":132,"a502c93c":112,"fa55f27a":137,"9260d96b":152,"00554ffd":142,"82b81567":110,"1ff8c2fc":136,"2e99f8fd":112,"ea274174":129,"ab7d4c9a":119,"501db4de":128,"be2955bb":133,"972f4174":134,"696fdac5":129,"b215547b":115,"9267f0ef":143,"815e4582":133,"26c390d6":117,"911e770b":127,"22234d6b":129,"d1ca5d6b":135,"fd369c21":139,"d0d6acb1":130,"98915a1f":112,"f87c5031":126,"9e206c95":141,"affb82bf":133,"a77e8461":127,"7080f122":125,"3661e12d":122,"4469c815":102,"72b84094":160,"4295ce9a":131,"da3437cd":123,"9a80f004":119,"c455f40e":118,"0149e11a":112,"f734c84c":145,"ee21ad02":135,"93b0a158":139,"7ee7621c":127,"dc0c8b09":138,"9a3ab0b8":114,"dfcc2ad1":142,"dd3913d2":118,"2a4a402a":121,"9b546d65":118,"5f4102da":135,"e4cfef0a":110,"d2466211":144,"d83294cd":123,"0d28db94":118,"9c29f0ed":145,"263762cb":110,"004f1ef3":154,"0b3283c9":133,"578f6e9e":135,"e238f09b":136,"7ee148e9":125,"6b79fec2":116,"cf84fb54":131,"d9dcdc4b":142,"0be540c5":137,"11888cfa":114,"868edcc0":135,"99d130c9":138,"cbad3b92":151,"4945c851":131,"cf52025e":130,"88a30343":120,"a43061ee":114,"6f81493d":114,"7cd0ad7b":142,"30dbfc69":123,"f4634d0b":122,"142d6987":128,"d033db8d":135,"20e470e0":116,"dc473de1":115,"c93c3508":108,"6df0b2e8":149,"5e09f69e":147,"031e488e":128,"b230e8d3":127,"b35bb8a1":118,"5957df9e":122,"37fbb107":131,"e1571af7":129,"dac109cf":122,"fce3c5c6":118,"5ab7bc35":128,"87cd2add":117,"87083264":145,"74c26380":146,"0a1d11e6":114,"d9a64845":127,"57167c74":122,"92f800f5":127,"ad8f85d6":134,"27c8e038":142,"ac62fac2":140,"82b81567":111,"288afc30":123,"358e45b1":117,"8d000d6e":123,"5acaa06f":104,"34658473":115,"b35e9e1a":165,"ca7d47f7":131,"79f04300":126,"c382f054":143,"655954ba":126,"145c7559":138,"8e780922":126,"a3253019":117,"704bce0d":132,"842c8340":119,"23760167":128,"a1921150":140,"a9b1bd51":97,"6adce358":140,"1f7607df":118,"730338c4":133,"22234d6b":130,"2180f99b":127,"084cbc0b":120,"0fc5ac7e":146,"c793cdda":130,"22ecaed0":124,"af157d29":126,"f2ca27d9":123,"18815a1b":123,"25a7a0a3":131,"623c6a31":137,"8ea21393":112,"e21c6207":121,"40e79dd3":130,"18d20aa1":118,"6b9eff39":120,"83b2f9c5":128,"8db5a165":116,"ee75b607":121,"7ee7621c":128,"d8e58a8c":143,"20811ddf":130,"28654c76":134,"6c20c153":129,"04bef50c":104,"e0e48a2d":123,"3b2dee89":125,"9d023afb":136,"78467b8a":145,"05f6ab35":136,"8b5a8e9f":136,"33d6bb6a":120,"eb2e1983":126,"dc0c8b09":139,"ded7da5a":138,"df81ddee":117,"0b3283c9":134,"6085137f":113,"2c5c1dc0":119,"8dd649a3":121,"578f6e9e":136,"317c1591":137,"820225e4":103,"5ccf94d6":119,"56d315d8":111,"416a9e97":117,"71279c46":118,"0681c48e":137,"af034fee":131,"5eaa1581":119,"031e488e":129,"8cddb65e":128,"540df50f":130,"30dbfc69":124,"cf1124db":112,"dbd2f139":136,"66497c7e":124,"30fdcd3b":123,"c4e70c07":127,"9bdf362a":124,"4777334c":124,"2045d7d6":128,"e5d3655c":141,"259930ee":136,"e786063b":134,"ef91eaae":113,"cb142908":109,"b9be31d6":128,"7a4c064c":136,"6f39f4d9":136,"0d28db94":119,"91536e85":134,"32c9fc47":124,"695a2b92":118,"a6bcb07e":128,"a3d4a0e5":134,"064a99c8":118,"e8d74304":117,"de36827b":148,"1be05c14":127,"3e602573":124,"7732eb1e":146,"23080895":115,"481754fc":107,"742f1425":130,"b377a62a":123,"a543ec74":118,"7a2f3f06":124,"0cb80f4a":126,"7a6aa4b6":127,"408bb2ed":124,"82b81567":112,"3d1af513":138,"685207b3":132,"c4feee5b":133,"8e780922":127,"f3992a31":126,"0670c466":121,"6e98dfda":128,"9ceb5439":113,"47d27624":116,"d5557fb4":132,"815e4582":134,"1634789b":124,"084cbc0b":121,"af0b61ab":127,"cbb54a0a":109,"88b3bc99":113,"ea822700":112,"6a3eaf43":122,"b7832271":143,"8dd2684c":126,"34c5c729":119,"470d50c2":123,"3498f223":118,"317c1591":138,"004f1ef3":155,"d599b566":134,"fb7b7b3c":147,"6ce84ff8":114,"5781776a":130,"c7ab83c1":119,"ecfa8249":137,"781ace7d":126,"61145ec9":139,"abc1d7ad":138,"d9d0c567":127,"7ae34c64":132,"7f6d1d0e":138,"1a442bc7":121,"fafb4cc2":160,"87c462ee":139,"45b5746e":121,"d929098e":104,"f56ac638":107,"04cc7cbe":115,"e356abf1":135,"82204d54":120,"25a2844e":137,"e5b1abc6":126,"8b5a8e9f":137,"f2e3c0e3":110,"b8488fc8":133,"13b53c7a":128,"77898c22":102,"2209903e":136,"0149e11a":113,"d25e0f8d":145,"5c82d1ce":129,"fb8bfb36":141,"3f65f121":128,"558d5ce7":128,"d6320619":121,"25a7a0a3":132,"d1715f3b":135,"9c045c61":138,"42c80e69":135,"03b4ab60":119,"3a1d1632":104,"a47abfbb":116,"9b3f8714":136,"dae0f922":135,"0c0e98ea":121,"56d315d8":112,"d634aa28":141,"3f9b5722":114,"0841052c":138,"61f25dd4":147,"e1571af7":130,"9e65c0ef":124,"1623fc9f":125,"b9be31d6":129,"621d6b18":140,"0bfabf48":121,"d4ee22a4":139,"385ab7c6":124,"4930f321":120,"faf4f98b":137,"c8fcad77":118,"c1bdfd41":115,"a577db1c":118,"ffc86f94":104,"f5829ac0":140,"8b2b601d":130,"87ce8d1d":108,"3310a049":123,"d36125db":133,"87922532":143,"17b08923":128,"9fc713b0":144,"90731976":120,"03c398d2":137,"1be05c14":128,"4b4ef7fa":116,"2d382981":132,"2c24d929":139,"b2a8761b":113,"db0a661e":125,"92d38723":139,"336d0f08":141,"82b81567":113,"d102b0c6":122,"49bf2e95":118,"31f6ba51":127,"5f6613c8":114,"31d74eee":116,"77bae750":120,"b88033fd":133,"99e171db":124,"f4b2f575":113,"650bb0e0":121,"37fbb107":132,"26c390d6":118,"70bc8325":120,"1f7607df":119,"22234d6b":131,"a625328f":134,"b947257e":134,"6751d8e4":139,"6b78ad7f":134,"d34a29b9":141,"dbc9df44":104,"5e193fc8":131,"69d4b754":122,"104721f0":126,"bd984a8e":119,"60e855ee":144,"e45b4b53":113,"27f52ed3":146,"42191b64":103,"c95719e5":123,"a901627e":123,"da04caac":130,"abc1d7ad":139,"906fdec3":116,"aa867541":116,"b2cfdbcf":127,"6c20c153":130,"d4d5f466":121,"d8e58a8c":144,"d929098e":105,"8bc04eb5":131,"1757a30e":124,"9d4f1fe6":125,"c0b23081":142,"be3a10f8":148,"1745a0f4":126,"c455f40e":119,"25e0dd3d":134,"cd421290":125
1604737578621,"51c57542":136,"9a80f004":120,"6b9eff39":121,"ded7da5a":139,"7080f122":126,"6de0aaac":116,"12012fbd":116,"f87c5031":127,"49902219":146,"51f57142":133,"2dda3936":122,"8d04852b":126,"181c3dd5":131,"d634aa28":142,"20e470e0":117,"ca6d2d91":128,"0c043224":141,"0c0e98ea":122,"d6f0d94a":115,"0841052c":139,"c015ec5a":127,"30c5d755":140,"f2470875":144,"363590c7":135,"0b5a0408":125,"95f6db13":131,"f1098793":127,"d6db2b02":131,"99d130c9":139,"17b08923":129,"11888cfa":115,"a636f4c9":137,"48655f09":147,"1f88a4b7":148,"73b15e04":125,"013ee301":126,"aefe13f5":136,"bad6cdb1":110,"db0a661e":126,"45b038bb":151,"4f5e3e7d":114,"b8397293":115,"4ba6eb36":124,"358e45b1":118,"d102b0c6":123,"dd3913d2":119,"70ee0491":116,"33d6bb6a":121,"20958d58":120,"062179c1":130,"87cd2add":118,"ba938220":128,"93b9fae6":120,"2b698053":129,"0bfabf48":122,"629800eb":136,"7fb4c521":130,"9316e7e8":106,"cc6bbe45":123,"859545e6":113,"b7cc7909":135,"8cddb65e":129,"031e488e":130,"e9a8cf11":130,"dc473de1":116,"794f652b":136,"ce3407dd":126,"e99318a3":132,"6adce358":141,"44a4f7cd":129,"cb6c9e42":142,"527ff946":140,"26c390d6":119,"b947257e":135,"22234d6b":132,"88b3bc99":114,"de6213c7":120,"0fc5ac7e":147,"2180f99b":128,"90a06ee9":129,"014460b9":154,"57167c74":123,"ebdbf580":132,"f598a332":115,"6b78ad7f":135,"acac14fb":124,"8e780922":128,"9267f0ef":144,"3b7763b1":114,"4eed1bea":132,"25e0dd3d":135,"547903ef":136,"a901627e":124,"616d6dd6":124,"93b0a158":140,"ba586505":132,"a5fd8ffd":133,"7ee7621c":129,"cf1b8c47":134,"2a4a402a":122,"ee21ad02":136,"0042f6eb":117,"d9a64845":128,"4b125e7b":130,"2a76f1dd":118,"6b82b527":137,"e865e4dd":120,"f5e8dfee":142,"ef8987d7":120,"ea4d3f3e":135,"1105f790":137,"1745a0f4":127,"0e2b5d2f":137,"0a96f57a":137,"e2cbe594":119,"ab7467de":137,"affb82bf":134,"d6320619":122,"8547fbc2":126,"4d35385e":129,"945b63f0":150,"4469c815":103,"ac38a6a5":145,"d0c104c4":98,"1e7753d9":140,"655941a0":141,"40a745c0":139,"0af920d8":116,"66497c7e":125,"be40590d":133,"8dc9b4db":134,"1da771fb":125,"3a204e56":138,"60e855ee":145,"a58bf525":130,"77d35808":118,"064a99c8":119,"6d61bf13":124,"f5829ac0":141,"6ebe2354":108,"cf50e84e":123,"ae8a09c4":124,"69f3bfcc":124,"73b15e04":126,"0d2c95fe":131,"4945c851":132,"d0e9a58e":119,"1c3a30c5":126,"dd1fcb17":116,"a533489b":133,"6d802fa2":120,"c1bdfd41":116,"a33fe0dd":136,"3fdb08f5":127,"868cda42":126,"30c5d755":141,"50c468ba":132,"4d9b0b10":129,"9c29f0ed":146,"6a5b71b4":122,"c8113b77":114,"7566fdd6":137,"d83294cd":124,"ea6de194":130,"25776fc4":137,"5eaa1581":120,"51f80f4c":140,"31d74eee":117,"e9a8cf11":131,"93fdbb44":115,"9f5e6cba":128,"a939b50b":131,"815e4582":135,"a1370ab0":128,"24a9fb86":138,"0f1ac912":108,"6632fed0":136,"9d9dd9e5":117,"77f31bab":142,"c0e2624b":122,"7028b044":113,"9ab755d3":117,"6751d8e4":140,"aa5dfdf5":130,"884b0ad1":122,"383e232d":121,"f33c0140":125,"d548635d":126,"104721f0":127,"4c4aa2e2":127,"4e3f5178":135,"168e75d9":126,"0f72f2d8":122,"6a60348e":123,"554ebb83":130,"31f6d707":139,"1bd5b20b":141,"b2a8761b":114,"761cf820":132,"f76a3e83":129,"d8e58a8c":145,"345c9967":118,"fe44fc6f":120,"45b5746e":122,"ba586505":133,"810aa5e9":134,"dffa7793":102,"abad2347":133,"43bc86e3":121,"a502c93c":113,"fafb4cc2":161,"3b2dee89":126,"54d7de6b":142,"5eab91a0":135,"4c0e547b":130,"2a76f1dd":119,"e5b1abc6":127,"c510bfd3":140,"a66a2d8a":141,"6c524f99":135,"e35a63cd":134,"40e79dd3":131,"e21c6207":122,"201cafad":122,"18d20aa1":119,"3ef7432b":132,"945b63f0":151,"6cba74ce":120,"f2ca27d9":124,"ccdd1ce6":125,"f3d68430":137,"01d817b8":106,"0277d748":133,"93e8cee5":148,"a0ce82b4":132,"7cd0ad7b":143,"66b7b5b4":118,"6e24d88b":112,"430a5db5":132,"312f7676":131,"3f2522c2":136,"317c1591":139,"71ff66e8":119,"27f52ed3":147,"e238f09b":137,"5623817d":117,"3310a049":124,"064a99c8":120,"8aa78e2f":117,"2cce4fb2":133,"9c58dd76":136,"742f1425":131,"e81834aa":144,"a6bcb07e":129,"481754fc":108,"ce4da56f":133,"56752a4a":111,"bc392d1c":109,"b84a06eb":132,"cac4449a":127,"f4634d0b":123,"7a9344a4":152,"ddec9e54":125,"719c8869":144,"d83294cd":125,"a06a6430":130,"597c1f81":122,"67c57de4":145,"c38c2b52":118,"e57d5cda":129,"ae95f2ba":141,"caddd0a7":129,"3fdb08f5":128,"25776fc4":138,"7043382d":134,"d9f512b9":134,"e786063b":135,"be149c6f":117,"35aa7fd0":138,"4125085e":145,"40860a4b":109,"76f3a3be":130,"17446892":120,"e9a8cf11":132,"5339e1e9":130,"e15fd611":115,"9d9dd9e5":118,"bad1a1cc":120,"394dc144":122,"93fdbb44":116,"6adce358":142,"f069bb07":122,"d0d6acb1":131,"aec074c4":139,"aaa274a5":130,"e1618359":131,"b4fdf90e":134,"92d38723":140,"332820ce":133,"d0e9a58e":120,"8323d333":113,"b8397293":116,"379184a7":141,"f3992a31":127,"b215547b":116,"4b4ecbce":107,"c4feee5b":134,"6fb4cdda":138,"c7313e0a":141,"5f96c2bc":121,"731fc335":106,"28654c76":135,"db8ba455":130,"f905a555":118,"a851891c":123,"d5dae4c4":156,"ee75b607":122,"91b28f83":132,"54d7de6b":143,"aa187e3b":117,"9cb4697f":140,"bb00e71c":108,"e356abf1":136,"cfafcda8":120,"478d2d4f":136,"d78dd457":113,"be3a10f8":149,"2ad42a9e":139,"7e8e1c3d":124,"911e770b":128,"aa5dfdf5":131,"284544ba":117,"f87c5031":128,"affb82bf":135,"172217e5":129,"49902219":147,"a63bddd4":157,"e9adbe58":125,"9c045c61":139,"ded7da5a":140,"e1f0dbfd":142,"913a6226":124,"805534ac":132,"ecfa8249":138,"82868763":127,"dc583e64":136,"b935fc1c":125,"8dd649a3":122,"0b3283c9":135,"363590c7":136,"09f0db62":154,"b36a0d66":114,"1f88a4b7":149,"0d2c95fe":132,"481754fc":109,"820225e4":104,"56752a4a":112,"6db0ea86":124,"c27969ec":133,"6d802fa2":121,"73b15e04":127,"35b58ef9":123,"e8f173b5":133,"0d5ee801":114,"7a9344a4":153,"0841052c":140,"751acea8":111,"66497c7e":126,"f4634d0b":124,"94a2fe10":134,"c1bb74f2":115,"2352c8ef":130,"062179c1":131,"a85d89cc":122,"c38c2b52":119,"ae95f2ba":142,"ffa08d82":126,"6f39f4d9":137,"ac030e74":118,"93b9fae6":121,"75ffea08":125,"04ea5673":128,"fce3c5c6":119,"b5ce0c0c":139,"68562193":113,"d6d61bfc":136,"8d04852b":127,"61d4782d":131,"4911acad":100,"af034fee":132,"b230e8d3":128,"a983a6dc":113,"e15fd611":116,"d1fe2868":136,"84369269":111,"c6c85783":130,"9d63c4dd":129,"0670c466":122,"bca2d7cd":122,"3bad3c95":111,"3fdb08f5":129,"7be025ce":134,"64a7f79f":125,"ac62fac2":141,"1bd5b20b":142,"b7407bd3":122,"554ebb83":131,"3d1af513":139,"8245f916":123,"34658473":116,"3a1b9af5":131,"f33c0140":126,"3498f223":119,"efe84c27":125,"a3253019":118,"79f04300":127,"c5b35e4d":116,"a836aa93":121,"52eca0dc":125,"a5fd8ffd":134,"28654c76":136,"ef8987d7":121,"012de09c":120,"5f0c1b9d":135,"11b74e63":127,"42cd2360":104,"00cf385d":134,"f0a06216":119,"d83870f5":120,"7735c3c2":117,"5eab91a0":136,"16b476e9":126,"9147702f":115,"6a3eaf43":123,"f069bb07":123,"0d2a1c58":122,"835358a0":117,"c793cdda":131,"bb99c79c":125,"4469c815":104,"f5596d0f":135,"a77e8461":128,"ac38a6a5":146,"ec2cb1af":124,"f2ca27d9":125,"6bc5d32a":157,"feb67030":123,"3007f31f":122,"18d20aa1":120,"07107f6e":128,"4eed1bea":133,"e21c6207":123,"8274885a":136,"19f9ca86":131,"3e082b37":116,"317c1591":140,"d599b566":135,"60e855ee":146,"5781776a":131,"1db42092":136,"bab97de3":137,"064a99c8":121,"4945c851":133,"0c043224":142,"902f49f5":125,"30dbfc69":125,"a66a2d8a":142,"33d6bb6a":122,"8f10fa42":161,"70ee0491":117,"dfcc2ad1":143,"9b546d65":119,"2a76f1dd":120,"93b9fae6":122,"76f94eda":131,"ef91eaae":114,"0d28db94":120,"00a17b46":129,"10ec5a0b":118,"2b698053":130,"d634aa28":143,"110b1ee3":126,"5272520d":127,"3f9b5722":115,"31f6ba51":128,"d6d61bfc":137,"bfcb912a":130,"5ac86fb9":143,"9b3f8714":137,"35aa7fd0":139,"61d4782d":132,"c67979e6":153,"37fbb107":133,"5a0eb771":122,"d141db49":133,"4777334c":125,"0a2f71bc":122,"4def63ee":101,"ca7d47f7":132,"57167c74":124,"2154b6e8":115,"4cc141fa":103,"f277386e":108,"2d1e1e9d":123,"ad8f85d6":135,"8b2b601d":131,"a5aee5de":154,"0114160e":126,"03dcfa3d":133,"792cfcbd":121,"99d130c9":140,"1b153aef":140,"8c6e001f":113,"5acaa06f":105,"554ebb83":132,"f9c15fcc":124,"5a0ead91":114,"608bc832":115,"685207b3":133,"f76a3e83":130,"06ee61b6":115,"c91966ce":113,"83b2f9c5":129,"ef8987d7":122,"00a481e3":141,"195eb771":125,"d5dae4c4":157,"2dd0e808":119,"5eab91a0":137,"51a3e9c2":133,"9cb4697f":141,"ba586505":134,"7735c3c2":118,"a502c93c":114,"bd2705b0":144,"acac14fb":125,"a836aa93":122,"704bce0d":133,"dbc9df44":105,"789bd484":125,"527ff946":141,"91d52a55":129,"a9b1bd51":98,"af0b61ab":128,"5a07fc2e":119,"284544ba":118,"ea822700":113,"e58b26f6":134,"70c1e715":118,"272c7672":136,"140ce69e":123,"8cc4a982":135,"53a8613c":146,"945b63f0":152,"eafbf9fb":126,"623c6a31":138,"416a9e97":118,"da3437cd":124,"51c57542":137,"21ad2f34":133,"261c9911":137,"3ef7432b":133,"2b3c49b9":132,"fb7b7b3c":148,"95d3d348":120,"971675c5":128,"9a3cc55d":121,"26f99a1e":125,"f1dffa24":115,"c7ab83c1":120,"a851554d":130,"7af262e5":143,"8063df14":124,"30c184b8":139,"be3a10f8":150,"0f89862c":109,"c6dc900c":105,"5f4102da":136,"c803b4a3":128,"7a840529":116,"7a4c064c":137,"9c29f0ed":147,"87cd2add":119,"597c1f81":123,"faf4f98b":138,"b6591e25":133,"d70ca4f4":141,"30dbfc69":126,"19e9776f":126,"5272520d":128,"c3e6ef01":131,"a6003226":121,"8cddb65e":130,"13747b82":132,"bfcb912a":131,"4125085e":146,"288a2c43":119,"68562193":114,"be40590d":134,"ce3bf5db":119,"aab4d996":128,"c7636527":110,"7e76c93c":132,"fce3c5c6":120,"aa021138":138,"a81a857c":123,"2cce4fb2":134,"87922532":144,"90731976":121,"b6aaf976":138,"04612878":135,"0be540c5":138,"59c1e594":123,"4945c851":134,"bc392d1c":110,"6db0ea86":125,"b7df1559":132,"95bc84f1":118,"54a676d6":121,"481754fc":110,"e0e6a097":119,"7a2f3f06":125,"8f2a7d69":119,"5f8517b7":148,"792c9b6a":122,"b377a62a":124,"d0c0fc08":112,"3f75d3bc":148,"0a1d11e6":115,"65e4235b":130,"6023df54":125,"28654c76":137,"ae016053":143,"fd482491":145,"bec9d329":138,"9d4f1fe6":126,"ea4d3f3e":136,"6775d5cd":131,"00cf385d":135,"ad2d7bed":134,"b2c25d1c":122,"6fb4cdda":139,"972f4174":135,"a4296d1e":129,"f33c0140":127,"36b7003c":154,"449d8475":110,"794f652b":137,"6adce358":143,"93fdbb44":117,"c6c85783":131,"a9b1bd51":99,"4bcd4a30":145,"50c3164b":144,"cbb54a0a":110,"72d7b461":138,"2a06ab95":142,"92efd84f":130,"6e851762":125,"9a467a82":130,"a63bddd4":158,"b946e146":148,"ec2cb1af":125,"f3d68430":138,"623c6a31":139,"d2a841c9":118,"d34a29b9":142,"501db4de":129,"cd421290":126,"85de05f2":124,"014bdff0":134,"c564e316":127,"f2470875":145,"b1f58563":128,"8dc9b4db":135,"8e4c33d2":123,"c7ab83c1":121,"7d112f4d":136,"4dac6b20":108,"bc09fa9e":120,"6b9eff39":122,"8ea21393":113,"e356abf1":137,"11b2c8d9":125,"25a2844e":138,"fead11cf":116,"30c184b8":140,"55928ef1":128,"92ca52b7":133,"eebc8d43":126,"07f98660":133,"8fb236a9":106,"7a4c064c":138,"0d7d88f1":133,"7fb4c521":131,"0bfabf48":123,"385ab7c6":125,"cc11fef9":133,"5ac86fb9":144,"d6d61bfc":138,"5e09f69e":148,"a1370ab0":129,"64db4feb":147,"aa9ea5e8":115,"deb31f35":129,"4279e829":150,"66497c7e":127,"5ccf94d6":120,"93683c82":122,"cf1124db":113,"1f11812e":134,"0a2f71bc":123,"25776fc4":139,"ce3bf5db":120,"9e65c0ef":125,"24ffcbd3":150,"c8fcad77":119,"08a06557":150,"742f1425":132,"0eaf08da":127,"0114160e":127,"458dcc3d":143,"3310a049":125,"69f3bfcc":125,"ae8a09c4":125,"a4dafea5":123,"71bc1295":115,"946df4fd":137,"e81834aa":145,"8d753bb6":125,"59c1e594":124,"4ff2225d":120,"7a6aa4b6":128,"6f0fcb9d":129,"5acaa06f":106,"45b038bb":152,"c4aa1e38":109,"d0e9a58e":121,"b7407bd3":123,"a901627e":125,"0a1d11e6":116,"3c0df8b4":129,"2c6cb96f":105,"345c9967":119,"42cd2360":105,"1d44aff3":140,"e4c312fe":123,"b3863630":120,"5957df9e":123,"77bae750":121,"36b7003c":155,"b88033fd":134,"90d52475":128,"8ec3834d":137,"449d8475":111,"d3a669ac":135,"ef1c2dcb":122,"5747db6e":146,"884b0ad1":123,"aec074c4":140,"fb7482fe":117,"84b67924":132,"18815a1b":124,"d548635d":127,"4e3f5178":136,"8e99d5d0":143,"c21ab51e":108,"80a8a56d":114,"1e232870":137,"2203f259":130,"f5cd79c1":123,"d1676e89":128,"eda6a690":107,"c95719e5":124,"fe1d4419":125,"8274885a":137,"e1f0dbfd":143,"85de05f2":125,"9a80f004":121,"ab7467de":138,"21ad2f34":134,"c45d554f":134,"77898c22":103,"4b125e7b":131,"4652b09a":146,"fea793f5":135,"6ee92259":136,"d815c5b4":150,"5eab91a0":138,"1bc0591f":124,"0042f6eb":118,"dc0c8b09":140,"20958d58":121,"7bda83dd":122,"cd522166":141,"fe8f3d36":123,"0d28db94":121,"95539a58":117,"ffa08d82":127,"c38c2b52":120,"51f57142":134,"e9adbe58":126,"88432019":122,"bc021def":128,"eafbf9fb":127,"12012fbd":117,"74e3d13e":131,"47cfba38":118,"3a1d1632":105,"c8977844":129,"142d6987":129,"d0c104c4":99,"66b7b5b4":119,"6f81493d":115,"d634aa28":144,"751acea8":112,"0f029727":112,"7be025ce":135,"e5d3655c":142,"c8fcad77":120,"56752a4a":113,"5678ed7b":143,"b460f030":144,"f044c0e1":118,"99d130c9":141,"12271e14":125,"d9dcdc4b":143,"35b58ef9":124,"d36125db":134,"6c73ae98":109,"946df4fd":138,"11888cfa":116,"24d24fa3":126,"0be540c5":139,"288afc30":124,"9263c525":129,"50312237":137,"c1bdfd41":117,"a33fe0dd":137,"f8b31ce5":152,"7fb4c521":132,"1dad0f99":126,"385ab7c6":126,"fe44fc6f":121,"2c6cb96f":106,"4bc46d7a":124,"65e4235b":131,"71279c46":119,"227006e4":123,"081460bf":130,"540df50f":131,"815e4582":136,"0f1ac912":109,"f66616b7":128,"9d9dd9e5":119,"23760167":129,"c81b2bcf":111,"088feee2":138,"7028b044":114,"835358a0":118,"aaa274a5":131,"50c3164b":145,"d744bee2":123,"2f455cce":136,"f069bb07":124,"1247fa52":136,"f2086446":127,"0a92153e":125,"2e3503e4":132,"8e99d5d0":144,"bd984a8e":120,"288d171f":125,"7a6aa4b6":129,"67f6e4f2":120,"0ac825ed":134,"e0e6a097":120,"263762cb":111,"d599b566":136,"836701f6":125,"9d0546ac":122,"c650b434":137,"79e4fa1c":118,"18d20aa1":121,"ef8987d7":123,"810aa5e9":135,"b28a5e67":147,"bb00e71c":109,"dffa7793":103,"d83870f5":121,"b0869206":136,"9cb4697f":142,"20811ddf":131,"ad2d7bed":135,"92ca52b7":134,"30c184b8":141,"ba5c52af":128,"2a4a402a":123,"fead11cf":117,"c1bb74f2":116,"a66a2d8a":143,"4295ce9a":132,"efd23af5":125,"201cafad":123,"172217e5":130,"9de29816":113,"b946e146":149,"15620dca":140,"6d5fcd4c":127,"eeaa2d46":137,"22ecaed0":125,"751bcf25":124,"6e24d88b":113,"0d5ee801":115,"6f81493d":116,"19e9776f":127,"c2bb8aae":126,"be40590d":135,"5b60dd1d":135,"014bdff0":135,"b1f58563":129,"f6fe095d":139,"a543ec74":119,"6291e9e9":128,"dd1fcb17":117,"b36a0d66":115,"b552beb3":130,"458dcc3d":144,"792cfcbd":122,"88a30343":121,"e8d74304":118,"cf84fb54":132,"4945c851":135,"73b15e04":128,"cf50e84e":124,"ac62fac2":142,"0b959527":119,"859545e6":114,"a81a857c":124,"d9f512b9":135,"14c682eb":118,"0f029727":113,"b5ce0c0c":140,"50c468ba":133,"0d7d88f1":134,"cf9f4757":119,"ba938220":129,"b73e789c":127,"ef14000f":147,"0bfabf48":124,"0681c48e":138,"d6d61bfc":139,"7af9d3b1":134,"32133249":131,"3c18f28e":123,"081460bf":131,"03b4ab60":120,"815e4582":137,"c6c85783":132,"842c8340":120,"527ff946":142,"04643409":135,"d957f027":121,"5339e1e9":131,"ea822700":114,"dd7acb96":134,"084cbc0b":122,"0bd93cfd":104,"84b67924":133,"9fa62fee":116,"508aac3d":138,"f76a3e83":131,"e1618359":132,"79f04300":128,"ab7d4c9a":120,"efe84c27":126,"7a2f3f06":126,"2e99f8fd":113,"3652bd66":126,"b4fdf90e":135,"4ac6bd4e":119,"379184a7":142,"50312237":138,"53431634":151,"1e232870":138,"3b7763b1":115,"25e0dd3d":136,"85de05f2":126,"52eca0dc":126,"0a1d11e6":117,"91f7ef72":118,"00a481e3":142,"d8e58a8c":146,"ee75b607":123,"fd482491":146,"bf30a08f":137,"7ae34c64":133,"5acce642":121,"00cf385d":136,"cb4f262b":122,"4b125e7b":132
1604737579136,"fe1d4419":126,"695a2b92":119,"b935fc1c":126,"095ab3b4":130,"004f1ef3":156,"0b3283c9":136,"5270f158":123,"90731976":122,"e8d74304":119,"468fc85c":130,"8298e976":140,"cf50e84e":125,"d82592f4":128,"868edcc0":136,"ce4da56f":134,"cf52025e":131,"481754fc":111,"26009d3f":123,"aefe13f5":137,"88a30343":122,"56752a4a":114,"d33790a2":146,"31f6d707":140,"db0a661e":127,"82b81567":114,"8493f3b2":130,"fa55f27a":138,"1ff8c2fc":137,"4d35385e":130,"6de0aaac":117,"22ecaed0":126,"6d5fcd4c":128,"be4f8ba8":124,"f5596d0f":136,"09560615":109,"ea9bba6b":129,"971675c5":129,"b769bdfb":131,"27f52ed3":148,"312f7676":132,"22aeaf03":132,"578f6e9e":137,"677c6a09":152,"fef750ca":124,"33d6bb6a":123,"8f10fa42":162,"5f4102da":137,"7bda83dd":123,"f5e8dfee":143,"50b558a7":111,"b6ee137a":124,"26dd2000":149,"61d4782d":133,"bfcb912a":132,"32133249":132,"f94bf9ea":128,"af034fee":133,"24a9fb86":139,"5e09f69e":149,"a1921150":141,"9d9dd9e5":120,"2b3e4717":131,"7e15f8e8":133,"04643409":136,"84369269":112,"bda8cdfb":135,"98915a1f":113,"9fa62fee":117,"7028b044":115,"cf84fb54":133,"b2bd8fd3":121,"49910300":117,"59c1e594":125,"dfc89705":126,"d6db2b02":132,"e81834aa":146,"24d24fa3":127,"3310a049":126,"a636f4c9":138,"c609739e":127,"a6bcb07e":130,"045f280d":122,"cbad3b92":152,"02d4753e":157,"9260d96b":153,"6f0fcb9d":130,"4f5e3e7d":115,"b377a62a":125,"4ea4a2a1":138,"d0b297b2":112,"053f3451":123,"cf9f4757":120,"2b698053":131,"d4ee22a4":140,"ef91eaae":115,"a06a6430":131,"d5059415":128,"ccb5ea3e":112,"f4343817":129,"cd3bbe7e":129,"059d6c19":140,"93683c82":123,"5ccf94d6":121,"751bcf25":125,"a68a93b2":121,"74f234c6":156,"e1571af7":131,"75ffea08":126,"c1bdfd41":118,"04ea5673":129,"a6626a13":115,"4bcd4a30":146,"b7832271":144,"2c01e624":129,"b9a48a5c":114,"7d6895f4":135,"172217e5":131,"ccdd1ce6":126,"bc021def":129,"15620dca":141,"546f6845":133,"09ff339a":102,"9a3cc55d":122,"19f9ca86":132,"c564e316":128,"5410e9c6":137,"3c43e8a2":138,"5623817d":118,"28d40296":104,"805af3c7":133,"e32524d6":128,"d548635d":128,"9267f0ef":145,"b3863630":121,"f3992a31":128,"9f2b16a7":139,"972f4174":136,"1e232870":139,"ae016053":144,"0a1d11e6":118,"cf1b8c47":135,"012de09c":121,"52eca0dc":127,"abad2347":134,"d8e58a8c":147,"d815c5b4":151,"3101354b":116,"5eab91a0":139,"37d0cae2":118,"20811ddf":132,"6b82b527":138,"d929098e":106,"9a3ab0b8":115,"2a76f1dd":121,"a8c93bed":124,"dfcc2ad1":144,"c510bfd3":141,"60d6cee2":125,"a47abfbb":117,"5e09f69e":150,"40860a4b":110,"031e488e":131,"a6003226":122,"dcfaba4c":132,"5f7d7195":123,"b88033fd":135,"97e75c19":143,"47d27624":117,"37fbb107":134,"84369269":113,"22234d6b":133,"394dc144":123,"1f342a00":127,"c0e2624b":123,"6a3eaf43":124,"d1ca5d6b":136,"778c95e9":133,"b2703001":139,"ae8a09c4":126,"e8f173b5":134,"e6fac295":115,"868edcc0":137,"aefe13f5":138,"90731976":123,"ad8f85d6":136,"49910300":118,"59c1e594":126,"820225e4":105,"c609739e":128,"b36a0d66":116,"0eaf08da":128,"336d0f08":142,"9260d96b":154,"45b038bb":153,"8c6e001f":114,"9b546d65":120,"78b97937":136,"ba938220":130,"597c1f81":124,"43d87483":129,"629800eb":137,"6f39f4d9":138,"a06a6430":132,"ae95f2ba":143,"e0e6a097":121,"b2a8761b":115,"70594a28":126,"e2a7d915":110,"0149e11a":114,"53747a91":124,"21ad2f34":135,"7bebff03":120,"79e4fa1c":119,"0c0e98ea":123,"f1b493de":151,"66b7b5b4":120,"cf1124db":114,"d70ca4f4":142,"c3e6ef01":132,"180377be":125,"d9d7c4c2":133,"caddd0a7":130,"4c39240e":133,"4ac6bd4e":120,"9fa62fee":118,"6d5fcd4c":129,"d3e84616":137,"f2ca27d9":126,"f2f58418":117,"945b63f0":153,"623c6a31":140,"865d9857":103,"5781776a":132,"312f7676":133,"83086d4c":136,"363590c7":137,"a58bf525":131,"a40846b7":138,"fe44fc6f":122,"74c26380":147,"f3a0c2ee":125,"7c0a2db6":127,"810aa5e9":136,"ae016053":145,"5ef93e5d":108,"ee75b607":124,"16b476e9":127,"8bc04eb5":132,"1a442bc7":122,"11b74e63":128,"677c6a09":153,"9d4f1fe6":127,"78b97937":137,"fb7b7b3c":149,"75ffea08":127,"aa021138":139,"8f13c203":118,"30c5d755":142,"9267f0ef":146,"e9679ede":119,"470d50c2":124,"dbc9df44":106,"c382f054":144,"a3253019":119,"80a8a56d":115,"e9a8cf11":133,"1ed46298":138,"6df0b2e8":150,"2ab62345":116,"031e488e":132,"0ecfa1c9":124,"12534561":121,"31d74eee":118,"77bae750":122,"36b7003c":156,"d5557fb4":133,"8a52882e":121,"bad1a1cc":121,"8cd78f77":138,"527ff946":143,"6d802fa2":122,"87ce8d1d":109,"8aa78e2f":118,"868edcc0":138,"59c1e594":127,"1138796e":137,"4febf7c5":130,"ce4da56f":135,"dfc89705":127,"a5aee5de":155,"489a39f7":115,"1438fad7":135,"6be9332a":114,"a0bc1ceb":129,"554ebb83":133,"20958d58":122,"a0685bf3":140,"cfafcda8":121,"78467b8a":146,"c6dc900c":106,"25a2844e":139,"0d7d88f1":135,"d2466211":145,"619fda68":149,"b9be31d6":130,"6f39f4d9":139,"056ea7ff":137,"753ca352":113,"8f2a7d69":120,"85de05f2":127,"79e4fa1c":120,"6490bac6":121,"8f9b74b0":117,"5a622a23":127,"c650b434":138,"25e0dd3d":137,"94a2fe10":135,"cd3bbe7e":130,"0c0e98ea":124,"3f9b5722":116,"906632cb":126,"1a2ec5d7":141,"be40590d":136,"b377a62a":126,"50312237":139,"6585adbe":104,"db0a661e":128,"272c7672":137,"911e770b":129,"fd07e0ed":136,"1f7607df":120,"fb7482fe":118,"1f342a00":128,"12dd6f5e":122,"8cc4a982":136,"f5596d0f":137,"546f6845":134,"1d153b20":129,"51f57142":135,"30dd2edc":129,"d0e9a58e":122,"93ac9ca3":124,"3f2522c2":137,"2dd0e808":120,"aa76bc50":113,"5f96c2bc":122,"781ace7d":127,"f905a555":119,"d9d0c567":128,"fd482491":147,"f56ac638":108,"124fbe96":117,"e0e48a2d":124,"ae99df30":119,"9cb4697f":143,"e4117b3b":116,"c0b23081":143,"1da771fb":126,"5ab7bc35":129,"4777334c":126,"ba30e43a":139,"62d1d346":113,"cc6bbe45":124,"88fa53d6":114,"c8fcad77":121,"470d50c2":125,"90a06ee9":130,"34c5c729":120,"c382f054":145,"5e193fc8":132,"6d61bf13":125,"2c5c1dc0":120,"c564e316":129,"95d3d348":121,"c9efc8f6":129,"e4714415":139,"2ab62345":117,"31f6ba51":129,"47cfba38":119,"c93c3508":109,"6632fed0":137,"c6c85783":133,"25d1b2d8":131,"1634789b":125,"9d63c4dd":130,"23080895":116,"0b5a0408":126,"12a2cd4b":128,"8aa78e2f":119,"13f0e139":115,"aefe13f5":139,"54a676d6":122,"26009d3f":124,"a0bc1ceb":130,"baebb391":141,"ce4da56f":136,"f044c0e1":119,"a5aee5de":156,"868edcc0":139,"9a3ab0b8":116,"478d2d4f":137,"25a2844e":140,"afe8e06a":120,"0e2b5d2f":138,"4c0e547b":131,"19551bad":115,"07f98660":134,"6f39f4d9":140,"6034b6d0":133,"67c57de4":146,"c8113b77":115,"8ac72326":117,"ac030e74":119,"36380d96":137,"6b78ad7f":136,"79e4fa1c":121,"07107f6e":129,"44ff8baa":124,"da3437cd":125,"85de05f2":128,"ccb5ea3e":113,"2ad42a9e":140,"430a5db5":133,"58d46189":145,"902f49f5":126,"5272520d":129,"61f25dd4":148,"9d4da635":112,"4ea4a2a1":139,"ef16ca37":126,"a1921150":142,"48efc739":148,"6adce358":144,"c0e2624b":124,"aaa274a5":132,"d1ca5d6b":137,"22234d6b":134,"aa5dfdf5":132,"9ab755d3":118,"383e232d":122,"12dd6f5e":123,"9a467a82":131,"6143f39d":124,"08c6b5d2":132,"affb82bf":136,"e9adbe58":127,"945b63f0":154,"9e878ec2":133,"d102b0c6":124,"67f6e4f2":121,"ea274174":130,"02d4753e":158,"b28a5e67":148,"4abb7aed":129,"71ba7561":119,"e865e4dd":121,"49cb2959":136,"db8ba455":131,"74c26380":148,"7f6d1d0e":139,"9cb4697f":144,"6775d5cd":132,"2882a956":135,"4ee62a26":123,"e786063b":136,"859545e6":115,"4fd645f1":113,"24ffcbd3":151,"1623fc9f":126,"ce3bf5db":121,"aa021138":140,"016953e4":140,"64db4feb":148,"68562193":115,"9f5e6cba":129,"71a2a493":101,"60d6cee2":126,"2ab62345":118,"3c18f28e":124,"a77e127d":103,"437fc3ec":135,"8dd649a3":123,"095ab3b4":131,"f1dffa24":116,"6b79fec2":117,"ac62fac2":143,"cf84fb54":134,"9fc713b0":145,"32c9fc47":125,"06ddafc7":109,"c609739e":129,"e81834aa":147,"bc392d1c":111,"20811ddf":133,"6b82b527":139,"abad2347":135,"fead11cf":118,"e5b1abc6":128,"8f10fa42":163,"a8c93bed":125,"8007f30e":98,"9b546d65":121,"4c0e547b":132,"67c57de4":147,"76f94eda":132,"cb142908":110,"f7231212":123,"9c29f0ed":148,"d5059415":129,"053f3451":124,"0b5a0408":127,"03dcfa3d":134,"e0154608":126,"1a2c020b":127,"fe578280":127,"69134f07":125,"efe84c27":127,"69d4b754":123,"e1618359":133,"4e5aaaec":111,"a0cca8b7":111,"f734c84c":146,"da3437cd":126,"e21c6207":124,"547903ef":137,"70594a28":127,"74e01f6a":131,"a3d4a0e5":135,"6be9332a":115,"f044c0e1":120,"9d63c4dd":131,"bf822e33":122,"f2364460":133,"e15fd611":117,"815e4582":138,"794f652b":138,"6adce358":145,"6751d8e4":141,"b5763ff6":112,"6e851762":126,"88b3bc99":115,"911e770b":130,"ef1c2dcb":123,"39ba00f0":132,"eeaa2d46":138,"af157d29":127,"49902219":148,"315537b2":131,"172217e5":132,"6de0aaac":118,"8cc4a982":137,"b4fdf90e":136,"02d4753e":159,"3652bd66":127,"c7c4ec5c":111,"8245f916":124,"00554ffd":143,"ea274174":131,"a851891c":124,"0a1d11e6":119,"fd482491":148,"012de09c":122,"49cb2959":137,"3f75d3bc":149,"5cd3cfe0":112,"5272520d":130,"d033db8d":136,"5ccf94d6":122,"655941a0":142,"66b7b5b4":121,"bb98a6cf":147,"e1571af7":132,"aab4d996":129,"0f029727":114,"a577db1c":119,"04ea5673":130,"805af3c7":134,"e5d3655c":143,"13747b82":133,"9f5e6cba":130,"72805bf5":118,"5a734022":118,"42c80e69":136,"e9a8cf11":134,"b35bb8a1":119,"3712c4bd":112,"fb7b7b3c":150,"e238f09b":138,"19f9ca86":133,"26f99a1e":126,"8e4c33d2":124,"6ce84ff8":115,"b2703001":140,"f1098793":128,"3310a049":127,"104721f0":128,"3498f223":120,"90a06ee9":131,"0dad37d5":124,"acac14fb":126,"0da28f5b":131,"e0154608":127,"72b84094":161,"4e5aaaec":112,"4dac6b20":109,"25e0dd3d":138,"21e10a2b":129,"93e8cee5":149,"7e8e1c3d":125,"b460f030":145,"88a30343":123,"28d41578":138,"04612878":136,"da04caac":131,"ee75b607":125,"e4117b3b":117,"d83870f5":122,"37d0cae2":119,"6ee92259":137,"95d331b1":113,"bb00e71c":110,"a66a2d8a":144,"78467b8a":147,"fead11cf":119,"6a7392d5":118,"13b53c7a":129,"1745a0f4":128,"50b558a7":112,"8fb236a9":107,"43d87483":130,"c8113b77":116,"30b6808c":120,"056ea7ff":138,"ffa08d82":128,"50c468ba":134,"32c9fc47":126,"87ce8d1d":110,"31d74eee":119,"5f7d7195":124,"c6c85783":134,"93fdbb44":118,"cf775f58":131,"a9b1bd51":100,"c98d5272":129,"4bcd4a30":147,"bca2d7cd":123,"84b767be":158,"92efd84f":131,"3062379b":117,"8657c79d":140,"f4726450":127,"49902219":149,"d3e84616":138,"fb44fa9c":145,"ae8a09c4":127,"4ff2225d":121,"dd1fcb17":118,"742f1425":133,"8c6e001f":115,"0cb80f4a":127,"336d0f08":143,"1bd5b20b":143,"f1862e79":109,"b8397293":117,"40569362":140,"a901627e":126,"abc1d7ad":140,"da04caac":132,"4bc46d7a":125,"5f96c2bc":123,"95904ac4":145,"902f49f5":127,"26ed1a5c":124,"a68a93b2":122,"906632cb":127,"5272520d":131,"c3e6ef01":133,"d70ca4f4":143,"c0b0f492":139,"859545e6":116,"fbdffc95":120,"4777334c":127,"14c682eb":119,"7043382d":135,"ffc86f94":105,"140ce69e":124,"9a467a82":132,"eafbf9fb":128,"945b63f0":155,"416a9e97":119,"b7cc7909":136,"64db4feb":149,"4125085e":147,"437fc3ec":136,"77d35808":119,"3e082b37":117,"2c5c1dc0":121,"004f1ef3":157,"5623817d":119,"6ce84ff8":116,"dd035d2a":124,"ad2d7bed":136,"88ce179e":140,"bf30a08f":138,"290b4714":129,"1bb4ccc0":134,"7fef9973":134,"ee21ad02":137,"cd522166":142,"8b5a8e9f":138,"c463799d":134,"831c7b85":124,"a567ace4":125,"6c524f99":136,"b8488fc8":134,"0785820e":134,"76f94eda":133,"7a840529":117,"ffa08d82":129,"acac14fb":127,"80a8a56d":116,"ebdbf580":133,"79f04300":129,"c21ab51e":109,"f76a3e83":132,"0a92153e":126,"ccb5ea3e":114,"e2a7d915":111,"fb8bfb36":142,"913a6226":125,"0a96f57a":138,"ecfa8249":139,"a851554d":131,"6d802fa2":123,"820225e4":106,"a4dafea5":124,"5eaa1581":121,"3c18f28e":125,"8d04852b":128,"af034fee":134,"48efc739":149,"ccf8b803":130,"bf822e33":123,"39a2fcce":119,"44a4f7cd":130,"97e75c19":144,"6adce358":146,"af0b61ab":129,"d3a669ac":136,"a625328f":135,"835358a0":119,"d552eb2f":134,"2c01e624":130,"f069bb07":125,"bbe71605":113,"eed20185":141,"d9dcdc4b":144,"74e01f6a":132,"bab97de3":138,"aa00769b":145,"8d753bb6":126,"742f1425":134,"b460f030":146,"ad8f85d6":137,"2198ba8e":116,"67f6e4f2":122,"7a6aa4b6":130,"cd95f558":133,"fe0df575":140,"5a0ead91":115,"336d0f08":144,"a533489b":134,"ef14000f":148,"e28c2efc":117,"8fb236a9":108,"aa76bc50":114,"71e53c93":136,"0d5ee801":116,"a68a93b2":123,"66497c7e":128,"66b7b5b4":122,"c2bb8aae":127,"f4634d0b":125,"20e470e0":118,"0f029727":115,"aab4d996":130,"c0b0f492":140,"a81a857c":125,"868cda42":127,"92f800f5":128,"75ffea08":128,"9e206c95":142,"f2f58418":118,"ac38a6a5":147,"0277d748":134,"f3d68430":139,"623c6a31":141,"140ce69e":125,"a58bf525":132,"095ab3b4":132,"d1676e89":129,"e238f09b":139,"e7773397":110,"3712c4bd":113,"5099c6a0":149,"781ace7d":128,"7896b953":135,"f905a555":120,"e865e4dd":122,"3c0df8b4":130,"04bef50c":105,"e6ec8cbf":141,"e0e48a2d":125,"1a442bc7":123,"7ee7621c":130,"4258c176":117,"9cb4697f":145,"25a2844e":141,"2a4a402a":124,"13b53c7a":130,"be3a10f8":151,"5f4102da":138,"fef750ca":125,"c510bfd3":142,"288d171f":126,"4c4aa2e2":128,"972f4174":137,"bd984a8e":121,"77300e4a":115,"ebdbf580":134,"104721f0":129,"ded7da5a":141,"9d0546ac":123,"f9f2c53f":110,"a0cca8b7":112,"93e8cee5":150,"725dce8b":141,"17446892":121,"74e3d13e":132,"e4714415":140,"61d4782d":134,"32133249":133,"c9efc8f6":130,"bda8cdfb":136,"66d94227":127,"97e75c19":145,"c67979e6":154,"5339e1e9":132,"835358a0":120,"527ff946":144,"6adce358":147,"9147702f":116,"f4726450":128,"aec074c4":141,"0fc5ac7e":148,"cbb54a0a":111,"c793cdda":132,"88a30343":124,"17b08923":130,"064a99c8":122,"0b5a0408":128,"aa00769b":146,"95bc84f1":119,"e7e82473":147,"458dcc3d":145,"9263c525":130,"a3d4a0e5":136,"cd95f558":134,"12271e14":126,"045f280d":123,"cfe72ead":114,"b2bd8fd3":122,"288afc30":125,"336d0f08":145,"0d7d88f1":136,"43d87483":131,"67c57de4":148,"629800eb":138,"b73e789c":128,"ffa08d82":130,"7566fdd6":138,"4ba6eb36":125,"a0b03218":127,"48655f09":148,"1bd5b20b":144,"7b6a7048":128,"70594a28":128,"d033db8d":137,"4ee62a26":124,"059d6c19":141,"1f11812e":135,"4360a1a3":145,"66b7b5b4":123,"dae0f922":136,"75ffea08":129,"c1bdfd41":119,"a81a857c":126,"805af3c7":135,"e786063b":137,"cc6bbe45":125,"638cb163":145,"3661e12d":123,"d3e84616":139,"0277d748":135,"12012fbd":118,"e9adbe58":128,"1d153b20":130,"865d9857":104,"e238f09b":140,"f5cd79c1":124,"a58bf525":133,"317c1591":141,"5410e9c6":138,"f6fe095d":140,"1951480c":117,"8a165e17":138,"781ace7d":129,"a0cf08b3":106,"8db5a165":117,"6e44927f":121,"2dd0e808":121,"ef8987d7":124,"d815c5b4":152,"e382ec3f":114,"d929098e":107,"4b125e7b":133,"c0b23081":144,"8007f30e":99,"91b28f83":133,"05f6ab35":137,"730a4938":120,"1745a0f4":129,"2bcca6a7":139,"e9679ede":120,"1247fa52":137,"470d50c2":126,"0dad37d5":125,"f598a332":116,"145c7559":139,"0681c48e":139,"d6d61bfc":140,"a2c334e7":144,"dcfaba4c":133,"4911acad":101,"31d74eee":120,"24a9fb86":140,"90d52475":129,"deb31f35":130,"8ec3834d":138,"c81b2bcf":112,"fd07e0ed":137,"77f31bab":143,"70bc8325":121,"088feee2":139,"cbb54a0a":112,"97e75c19":146,"2a06ab95":143,"fb44fa9c":146,"87922532":145,"e7e82473":148,"04612878":137,"481754fc":112,"3c782bb3":122,"f044c0e1":121,"b2bd8fd3":123,"6c73ae98":110,"bc392d1c":112,"733c86f8":123,"2a4a402a":125,"11b2c8d9":126,"ef91eaae":116,"621d6b18":141,"2ce1af05":118,"f7231212":124,"0d28db94":122,"385ab7c6":127,"ad303bda":124,"868edcc0":140,"50312237":140,"ac62fac2":144,"379184a7":143,"a24e6670":129,"c609739e":130,"d102b0c6":125,"a533489b":135,"69d4b754":124,"daab45c6":118,"a0cca8b7":113,"7b6a7048":129,"18d20aa1":122,"ab7467de":139,"79e4fa1c":122,"0a96f57a":139,"655941a0":143,"26ed1a5c":125,"b7434f57":104,"6e24d88b":114,"b6591e25":134,"56d315d8":113,"31408822":120
1604737580445,"c1bdfd41":120,"aab4d996":131,"0b959527":120,"caddd0a7":131,"a901627e":127,"0a1d11e6":120,"5f96c2bc":124,"ee75b607":126,"5f0c1b9d":136,"dffa7793":104,"74c26380":149,"91f7ef72":119,"290b4714":130,"5b5fc566":124,"810aa5e9":137,"11b74e63":129,"b102f7bd":132,"fe8f3d36":124,"aa187e3b":118,"e4c312fe":124,"c1bb74f2":117,"19551bad":116,"78467b8a":148,"0f029727":116,"24ffcbd3":152,"08a06557":151,"4b4ecbce":108,"f33c0140":128,"9b172ca8":114,"9b742f71":123,"f598a332":117,"1105f790":138,"eb7b4e29":115,"d0d6acb1":132,"2d54e0a8":117,"eafbf9fb":129,"b9a48a5c":115,"dfa1a89b":122,"88432019":123,"f3d68430":140,"57540cc3":142,"416a9e97":120,"0f89862c":110,"2ce1af05":119,"00a17b46":130,"597c1f81":125,"7fb4c521":133,"d5059415":130,"9fce073c":129,"87083264":146,"90a06ee9":132,"1e232870":140,"e2cbe594":120,"e21c6207":125,"93e8cee5":151,"c45d554f":135,"6b9eff39":123,"70594a28":129,"bc09fa9e":121,"1a2ec5d7":142,"ddec9e54":126,"20e470e0":119,"0c043224":143,"906632cb":128,"a4f1d83b":121,"cd3bbe7e":131,"f94bf9ea":129,"a47abfbb":118,"3a1d1632":106,"8cddb65e":131,"5e09f69e":151,"c4bff41f":135,"227006e4":124,"31d74eee":121,"d957f027":122,"2a387957":126,"a9b1bd51":101,"5a07fc2e":120,"aa867541":117,"0a1d11e6":121,"f3a0c2ee":126,"43bc86e3":122,"abc1d7ad":141,"195eb771":126,"fe44fc6f":123,"ae99df30":120,"935ec056":117,"3b2dee89":127,"d4d5f466":122,"7f6d1d0e":140,"67d30f2b":125,"9263c525":131,"8d000d6e":124,"e0e6a097":122,"8bc04eb5":133,"fef750ca":126,"df2b4d87":122,"8f13c203":119,"4c39240e":134,"e32524d6":129,"fbdffc95":121,"f8b31ce5":153,"65a00a3c":129,"6b78ad7f":137,"478d2d4f":138,"a0685bf3":141,"c463799d":135,"831c7b85":125,"e5b1abc6":129,"d78dd457":114,"70bc8325":122,"5339e1e9":133,"72d7b461":139,"5f7d7195":125,"f66616b7":129,"d0d6acb1":133,"b947257e":136,"2d54e0a8":118,"ef1c2dcb":124,"172217e5":133,"dfa1a89b":123,"3f65f121":129,"18815a1b":125,"be4f8ba8":125,"623c6a31":142,"416a9e97":121,"c8113b77":117,"ba938220":131,"87083264":147,"9aa6a054":131,"cf9f4757":121,"9f74b8a4":120,"e28c2efc":118,"25635c37":108,"f5cd79c1":125,"e7773397":111,"1da771fb":127,"c95719e5":125,"fe1d4419":127,"c564e316":130,"1438fad7":136,"ae8a09c4":128,"49910300":119,"baebb391":142,"05642105":134,"458dcc3d":146,"59431390":126,"cbad3b92":153,"4ff2225d":122,"88a30343":125,"d82592f4":129,"c21ab51e":110,"a4296d1e":130,"9b172ca8":115,"b2c25d1c":123,"79f04300":130,"be2955bb":134,"53747a91":125,"5c82d1ce":130,"79e4fa1c":123,"e21c6207":126,"6490bac6":122,"5a622a23":128,"df81ddee":118,"cc11fef9":134,"0c0e98ea":125,"902f49f5":128,"142d6987":130,"cd3bbe7e":132,"d033db8d":138,"059d6c19":142,"6df0b2e8":151,"dc473de1":117,"64db4feb":150,"5e09f69e":152,"60d6cee2":127,"c93c3508":110,"9f5e6cba":131,"bad1a1cc":122,"3101354b":117,"345c9967":120,"3a291497":113,"69eeae0d":113,"810aa5e9":138,"aa76bc50":115,"3f75d3bc":150,"5eab91a0":140,"4258c176":118,"a0b03218":128,"1db42092":137,"03c398d2":138,"fe0df575":141,"792c9b6a":123,"9e878ec2":134,"82b81567":115,"4ac6bd4e":121,"8d000d6e":125,"3d1af513":140,"1c0a9eff":119,"730a4938":121,"88ce179e":141,"935ec056":118,"e356abf1":138,"75ffea08":130,"638cb163":146,"f8b31ce5":154,"25776fc4":140,"4fd645f1":114,"c7636527":111,"df2b4d87":123,"05f6ab35":138,"fead11cf":120,"733c86f8":124,"eebc8d43":127,"a567ace4":126,"c6dc900c":107,"2a387957":127,"9ceb5439":114,"d1fe2868":137,"26c390d6":120,"aff8e442":137,"6adce358":148,"9ab755d3":119,"1f342a00":129,"449d8475":112,"b5763ff6":113,"7e991ab9":99,"fb7482fe":119,"2d54e0a8":119,"2cb29e5a":138,"d2a841c9":119,"ec2cb1af":126,"ef8321d8":125,"3f65f121":130,"4d35385e":131,"546f6845":135,"50b558a7":113,"056ea7ff":139,"76f94eda":134,"ffa08d82":131,"abd32136":129,"00a17b46":131,"30b6808c":121,"2b698053":132,"0b3283c9":137,"a58bf525":134,"312f7676":134,"8dc9b4db":136,"8274885a":138,"5623817d":120,"d599b566":137,"23080895":117,"4b3e3b1c":135,"2198ba8e":117,"66554572":101,"9267f0ef":147,"1a2c020b":128,"90a06ee9":133,"501db4de":130,"145c7559":140,"1247fa52":138,"d34a29b9":143,"70594a28":130,"0149e11a":115,"7d112f4d":137,"7b6a7048":130,"21e10a2b":130,"efd23af5":126,"f9f2c53f":111,"902f49f5":129,"8db62558":124,"1e7753d9":141,"e9a8cf11":135,"ed4fad08":135,"71279c46":120,"deb31f35":131,"162a7348":129,"8cddb65e":132,"227006e4":125,"dc03ebd2":142,"f789f6d8":132,"71ba7561":120,"49cb2959":138,"69eeae0d":114,"b28a5e67":149,"5ef93e5d":109,"1c3a30c5":127,"28d41578":139,"12271e14":127,"f277386e":109,"e8d74304":120,"1be05c14":129,"489a39f7":116,"cbad3b92":154,"6be9332a":116,"45fb95c1":126,"6585adbe":105,"34658473":117,"7a6aa4b6":131,"b8397293":118,"cfe72ead":115,"3d1af513":141,"288afc30":126,"4b125e7b":134,"20811ddf":134,"d4d5f466":123,"677c6a09":154,"2882a956":136,"5272520d":132,"0af920d8":117,"74f234c6":157,"f883d582":119,"4fd645f1":115,"859545e6":117,"1623fc9f":127,"9e65c0ef":126,"28d40296":105,"c1bdfd41":121,"88fa53d6":115,"88ce179e":142,"93b0a158":141,"92ca52b7":135,"8ec3834d":139,"9d63c4dd":132,"91d52a55":130,"c81b2bcf":113,"730338c4":134,"0fc5ac7e":149,"1634789b":126,"272c7672":138,"8a52882e":122,"ccf8b803":131,"aaa274a5":133,"e58b26f6":135,"fd07e0ed":138,"2d54e0a8":120,"172217e5":134,"217c0327":104,"558d5ce7":129,"6143f39d":125,"22ecaed0":127,"623c6a31":143,"416a9e97":122,"2a4a402a":126,"ec11fe5f":113,"1bc0591f":125,"8007f30e":100,"c510bfd3":143,"05f6ab35":139,"e57d5cda":130,"af7e5be8":127,"753ca352":114,"ea9bba6b":130,"5099c6a0":150,"1da771fb":128,"8dd649a3":124,"1951480c":118,"363590c7":138,"93ac9ca3":125,"7218c9f1":111,"ad303bda":125,"10ec5a0b":119,"c8113b77":118,"53431634":152,"f3992a31":129,"fe578280":128,"0a92153e":127,"dbc9df44":107,"69134f07":126,"b215547b":117,"9a80f004":122,"5fa12feb":135,"4e5aaaec":113,"debe1f65":128,"b6ee137a":125,"bfad1727":109,"3007f31f":123,"5f6613c8":115,"b230e8d3":129,"17446892":122,"162a7348":130,"537634c9":113,"abc1d7ad":142,"d9a64845":129,"d9d0c567":129,"195eb771":127,"a15713c6":143,"8db5a165":118,"0b5a0408":129,"a5aee5de":157,"8aa78e2f":120,"8eb64769":130,"868edcc0":141,"87ce8d1d":111,"e7e82473":149,"12271e14":128,"6c73ae98":111,"a0b03218":129,"5678ed7b":144,"cf52025e":132,"0f72f2d8":123,"95bc84f1":120,"1b153aef":141,"9260d96b":155,"ef16ca37":127,"d0e9a58e":123,"8c6e001f":116,"8f2a7d69":121,"e0e6a097":123,"ee75b607":127,"95d331b1":114,"20811ddf":135,"cf1124db":115,"026766f3":127,"b7434f57":105,"40a745c0":140,"d033db8d":139,"8db62558":125,"ca6d2d91":129,"0a2f71bc":124,"9bdf362a":125,"e5d3655c":144,"d6f0d94a":116,"08a06557":152,"75ffea08":131,"ffc86f94":106,"a6b5e869":120,"00cf385d":137,"cb4f262b":123,"730a4938":122,"12534561":122,"c4bff41f":136,"0ecfa1c9":125,"1d790491":135,"815e4582":139,"cb6c9e42":143,"aaa274a5":134,"99e171db":125,"70bc8325":123,"44a4f7cd":131,"bca2d7cd":124,"36684155":126,"fd07e0ed":139,"f66616b7":130,"730338c4":135,"9fa62fee":119,"3c6692a3":146,"6d5fcd4c":130,"546f6845":136,"175bc6b2":108,"a63bddd4":159,"9e206c95":143,"af157d29":128,"b87158fb":134,"25a2844e":142,"fee32863":130,"6a7392d5":119,"8b5a8e9f":139,"19551bad":117,"6c524f99":137,"c318d350":136,"27f52ed3":149,"d599b566":138,"8dd649a3":125,"dc583e64":137,"004f1ef3":158,"71ff66e8":120,"d2466211":146,"4d9b0b10":130,"2ce1af05":120,"43d87483":132,"00a17b46":132,"0d7d88f1":137,"faf4f98b":139,"f2086446":128,"b3863630":122,"53431634":153,"0dad37d5":126,"c7313e0a":142,"d548635d":129,"9b172ca8":116,"51c57542":138,"85de05f2":129,"6490bac6":123,"201cafad":124,"a0cca8b7":114,"fb8bfb36":143,"daab45c6":119,"f87c5031":129,"a851891c":125,"ac62fac2":145,"cbad3b92":155,"45fb95c1":127,"27c8e038":143,"3310a049":128,"bc392d1c":113,"e36dfd6f":128,"23080895":118,"b36a0d66":117,"01cd8099":132,"13f0e139":116,"e8f173b5":135,"2cce4fb2":135,"e81834aa":148,"7ae3fc50":113,"8f2a7d69":122,"d102b0c6":126,"336d0f08":146,"40569362":141,"fa55f27a":139,"2e99f8fd":114,"6e44927f":122,"a15713c6":144,"65e4235b":132,"71e53c93":137,"f3a0c2ee":127,"026766f3":128,"d0c104c4":100,"30fdcd3b":124,"56d315d8":114,"9316e7e8":107,"8942c35b":126,"61f25dd4":149,"14c682eb":120,"b7505747":130,"ba30e43a":140,"fbdffc95":122,"d9d7c4c2":134,"2045d7d6":129,"0b959527":121,"3f75d3bc":151,"88ce179e":143,"1bb4ccc0":135,"1757a30e":125,"bc3dc66a":133,"8d04852b":129,"9b3f8714":138,"b35bb8a1":120,"540df50f":132,"2ab62345":119,"2132fe93":137,"f4b2f575":114,"70c1e715":119,"5957df9e":124,"0fc5ac7e":150,"1d790491":136,"f4726450":129,"8ec3834d":140,"7028b044":116,"884b0ad1":124,"6e98dfda":129,"bda8cdfb":137,"7e991ab9":100,"cf775f58":132,"911e770b":131,"25a7a0a3":133,"9cb4697f":146,"95d331b1":115,"290b4714":131,"ae99df30":121,"c463799d":136,"9a07d89b":127,"92ca52b7":136,"733c86f8":125,"9a3ab0b8":117,"afe8e06a":121,"55928ef1":129,"39bbc4bc":144,"5270f158":124,"a40846b7":139,"695a2b92":120,"6b79fec2":118,"3712c4bd":114,"25635c37":109,"7e95c5a0":139,"76f94eda":135,"9fce073c":130,"685207b3":134,"80a8a56d":117,"cb51f134":138,"d548635d":130,"f3992a31":130,"5be594be":129,"4e3f5178":137,"25e0dd3d":139,"ccb5ea3e":115,"547903ef":138,"18d20aa1":123,"3007f31f":124,"e4cfef0a":111,"7a4c064c":139,"c8113b77":119,"8dd2684c":127,"315537b2":132,"4469c815":105,"b946e146":150,"22ecaed0":128,"7080f122":127,"8fb236a9":109,"5f96c2bc":125,"cf1b8c47":136,"e865e4dd":123,"1d44aff3":141,"b460f030":147,"4b4ef7fa":117,"11888cfa":117,"4febf7c5":131,"946df4fd":139,"b2703001":141,"f1098793":129,"fb44fa9c":147,"4b3e3b1c":136,"ad8f85d6":138,"bab97de3":139,"74e01f6a":133,"3c782bb3":123,"2cce4fb2":136,"4ba6eb36":126,"b7407bd3":124,"6585adbe":106,"4ea4a2a1":140,"1ff8c2fc":138,"0ac825ed":135,"67f6e4f2":123,"91f7ef72":120,"7ae34c64":134,"7bebff03":121,"e2cbe594":121,"b6591e25":135,"6e24d88b":115,"56d315d8":115,"d0c104c4":101,"94a2fe10":136,"751acea8":113,"d70ca4f4":144,"ca7d47f7":133,"7be025ce":136,"0b959527":122,"aa021138":141,"e3547548":116,"719c8869":145,"d141db49":134,"7c0a2db6":128,"4911acad":102,"5eaa1581":122,"c4bff41f":137,"74e3d13e":133,"aa9ea5e8":116,"24a9fb86":141,"03b4ab60":121,"6e98dfda":130,"9fa62fee":120,"77bae750":123,"815e4582":140,"f271ed5d":136,"5a0eb771":123,"fd369c21":140,"0f1ac912":110,"d744bee2":124,"d1fe2868":138,"7db3edda":130,"fb7482fe":120,"66d94227":128,"1f7607df":121,"04bef50c":106,"5b5fc566":125,"ba586505":135,"a502c93c":115,"bec9d329":139,"9d4f1fe6":128,"730a4938":123,"33d6bb6a":124,"d78dd457":115,"eebc8d43":128,"c1bb74f2":118,"2bcca6a7":140,"1105f790":139,"bd62d7ed":118,"f1dffa24":117,"eda6a690":108,"7ee148e9":126,"312f7676":135,"dc583e64":138,"014bdff0":136,"6b79fec2":119,"f121b82c":145,"f76a3e83":133,"e7abc88d":117,"80a8a56d":118,"c21ab51e":111,"34c5c729":121,"104721f0":130,"72b84094":162,"c8113b77":120,"12012fbd":119,"9e206c95":144,"865d9857":105,"bc021def":130,"18815a1b":126,"b946e146":151,"fd6dcb20":125,"ef91eaae":117,"d7cb9bcf":118,"d83294cd":126,"753ca352":115,"4f59a322":132,"53b4e647":138,"9c58dd76":137,"3e602573":125,"bc392d1c":114,"a43061ee":115,"a0bc1ceb":131,"6db0ea86":126,"e36dfd6f":129,"4febf7c5":132,"59431390":127,"f277386e":110,"d82592f4":130,"8298e976":141,"6291e9e9":129,"a3d4a0e5":137,"9263c525":132,"0cb80f4a":128,"408bb2ed":125,"608bc832":116,"92d38723":141,"6585adbe":107,"abc1d7ad":143,"906fdec3":117,"313258f2":129,"fafb4cc2":162,"3b7763b1":116,"27d8bf51":127,"d25e0f8d":146,"85de05f2":130,"70594a28":131,"3ef7432b":134,"cc11fef9":135,"30fdcd3b":125,"110b1ee3":127,"1e7753d9":142,"3b690f68":138,"1a2ec5d7":143,"be40590d":137,"3fdb08f5":130,"638cb163":147,"65a00a3c":130,"805af3c7":136,"9bdf362a":126,"1623fc9f":128,"b5ce0c0c":141,"db8ba455":132,"345c9967":121,"2132fe93":138,"bc3dc66a":134,"c4bff41f":138,"2ab62345":120,"5f6613c8":116,"b35bb8a1":121,"60d6cee2":128,"2d54e0a8":121,"31d74eee":122,"22234d6b":135,"794f652b":139,"3062379b":118,"fd07e0ed":140,"25d1b2d8":132,"70c1e715":120,"1634789b":127,"f789f6d8":133,"e0e48a2d":126,"d815c5b4":153,"1757a30e":126,"e4c312fe":125,"67d30f2b":126,"ba586505":136,"ee21ad02":138,"733c86f8":126,"dfcc2ad1":145,"11b2c8d9":127,"e5b1abc6":130,"9d023afb":137,"49bf2e95":119,"e45b4b53":114,"b935fc1c":127,"3e082b37":118,"3f2522c2":138,"6ce84ff8":117,"6d61bf13":126,"7ee148e9":127,"1105f790":140,"2352c8ef":131,"685207b3":135,"be2955bb":135,"0a92153e":128,"34c5c729":122,"c21ab51e":112,"8e780922":129,"8e99d5d0":145,"8cd78f77":139,"36684155":127,"bf822e33":124,"c793cdda":133,"6adce358":149,"affb82bf":137,"d3e84616":140,"945b63f0":156,"d2a841c9":120,"f2ca27d9":127,"6de0aaac":119,"416a9e97":123,"056ea7ff":140,"619fda68":150,"7218c9f1":112,"0bfabf48":125,"d83294cd":127,"43d87483":133,"9f74b8a4":121,"2198ba8e":118,"aefe13f5":140,"baebb391":143,"87922532":146,"9c58dd76":138,"8cf83787":121,"8eb64769":131,"bab97de3":140,"aa00769b":147,"a4dafea5":125,"f277386e":111,"e36dfd6f":130,"5678ed7b":145,"1be05c14":130,"d0e9a58e":124,"b2a8761b":116,"8f2a7d69":123,"9f5e6cba":132,"5774ac0d":141,"6df0b2e8":152,"c9efc8f6":131,"32133249":134,"a47abfbb":119,"8d04852b":130,"eb7b4e29":116,"31d74eee":123,"7e991ab9":101,"a901627e":128,"805534ac":133,"e1f0dbfd":144,"9a80f004":123,"d25e0f8d":147,"8f9b74b0":118,"df81ddee":119,"a0ce82b4":133,"dbd2f139":137,"ca6d2d91":130,"66b7b5b4":124,"d70ca4f4":145,"0af920d8":118,"751acea8":114,"26ed1a5c":126,"c7636527":112,"719c8869":146,"5ab7bc35":130,"24ffcbd3":153,"37a7d5b0":130,"b28a5e67":150,"a15713c6":145,"cf1b8c47":137,"aa867541":118,"28654c76":138,"2dd0e808":122,"3b2dee89":128,"935ec056":119,"0d770b97":126,"16b476e9":128,"7735c3c2":119,"04cc7cbe":116,"c0b23081":145,"2352c8ef":132,"50312237":141,"5a0ead91":116,"0ac825ed":136,"5acaa06f":107,"263762cb":112,"b935fc1c":128,"83086d4c":137,"fb7b7b3c":151,"1bc0591f":126,"d78dd457":116,"7fdc2007":119,"30b6808c":122,"2154b6e8":116,"0a2f71bc":125,"4b4ecbce":109,"a3253019":120,"8721056e":117,"b8488fc8":135,"869cbaa0":139,"815e4582":141,"5a07fc2e":121,"c67979e6":155,"bad1a1cc":123,"2d54e0a8":122,"d0d6acb1":134,"5d087c79":123,"8ec3834d":141,"fb7482fe":121,"2d13e69b":127,"794f652b":140,"175bc6b2":109,"b9a48a5c":116,"53a8613c":147,"49902219":150,"315537b2":133,"88432019":124,"f87c5031":130,"a59a8290":130,"d7cb9bcf":119,"ac030e74":120,"67c57de4":149,"4930f321":121,"d83294cd":128,"39bbc4bc":145,"e7773397":112,"578f6e9e":138,"01cd8099":133,"17807120":130,"4cc141fa":104,"a0bc1ceb":132,"28d41578":140,"d36125db":135,"eed20185":142,"d9dcdc4b":145,"2c24d929":140,"946df4fd":140,"95f6db13":132,"5678ed7b":146,"1138796e":138,"411b5027":123,"c852d240":130,"4911acad":103,"57d5dee8":133,"2132fe93":139,"031e488e":133,"47cfba38":120,"8a165e17":139,"5f96c2bc":126,"8e780922":130,"4e3f5178":138,"f734c84c":147,"b215547b":118,"77898c22":104,"168e75d9":127,"9d0546ac":124,"b2c25d1c":124,"5a622a23":129,"ecfa8249":140,"913a6226":126,"8f9b74b0":119,"1e7753d9":143,"d0c104c4":102,"e1571af7":133,"cf1124db":116,"dac109cf":123,"5cd3cfe0":113,"ba30e43a":141,"026766f3":129,"7e76c93c":133,"20e470e0":120,"4777334c":128,"430a5db5":134,"28d40296":106,"95904ac4":146,"2c6cb96f":107,"d9d0c567":130,"2dd0e808":123,"a5676c24":126,"677c6a09":155,"11b74e63":130,"0d770b97":127,"124fbe96":118,"7fef9973":135,"6b82b527":140,"b377a62a":127,"5f8517b7":149,"6f0fcb9d":131,"8f2a7d69":124,"7ae3fc50":114,"92d38723":142,"5ee911b5":119,"ae99df30":122,"e5b1abc6":131,"d78dd457":117,"8721056e":118,"05f6ab35":140,"7bda83dd":124,"eb2e1983":127,"d6f0d94a":117,"9f2b16a7":140,"90a06ee9":134
1604737581800,"4c4aa2e2":129,"79f04300":131,"5be594be":130,"f33c0140":129,"1e232870":141,"dcfaba4c":134,"bf822e33":125,"2c627253":130,"394dc144":124,"8657c79d":141,"af0b61ab":130,"5f7d7195":126,"1f342a00":130,"5d087c79":124,"44a4f7cd":132,"884b0ad1":125,"3c6692a3":147,"9d63c4dd":133,"217c0327":105,"0f1ac912":111,"eb7b4e29":117,"d6320619":123,"88432019":125,"1d153b20":131,"bb99c79c":126,"36d340f2":113,"21ee2afe":134,"8f9b74b0":120,"c45d554f":136,"805534ac":134,"e2cbe594":122,"5a622a23":130,"201cafad":125,"e1f0dbfd":145,"a4f1d83b":122,"a567ace4":127,"a06a6430":133,"87cd2add":120,"9c29f0ed":149,"ae95f2ba":144,"4d9b0b10":131,"77bfed7e":130,"9496f56f":135,"751acea8":115,"1da771fb":129,"ea9bba6b":131,"83086d4c":138,"a40846b7":140,"6d61bf13":127,"27f52ed3":150,"8dc9b4db":137,"73b15e04":129,"cf52025e":133,"ad8f85d6":139,"c609739e":131,"a24e6670":130,"cbad3b92":156,"bc392d1c":115,"e36dfd6f":131,"751bcf25":126,"40a745c0":141,"cd3bbe7e":133,"0d5ee801":117,"c7636527":113,"8942c35b":127,"b320feb9":137,"c4bff41f":139,"aa9ea5e8":117,"0681c48e":140,"4125085e":148,"5f6613c8":117,"f94bf9ea":130,"e4714415":141,"ba30e43a":142,"4c39240e":135,"a81a857c":127,"ea6de194":131,"aa021138":142,"781ace7d":130,"43bc86e3":123,"dc03ebd2":143,"810aa5e9":139,"731fc335":107,"45b5746e":123,"f3a0c2ee":128,"b36a0d66":118,"03c398d2":139,"7732eb1e":147,"e8f173b5":136,"40569362":142,"a4dafea5":126,"50312237":142,"06ddafc7":110,"31f6d707":141,"82b81567":116,"554ebb83":134,"6585adbe":108,"49bf2e95":120,"1a68160d":131,"c4feee5b":135,"6fb4cdda":140,"e0154608":128,"9267f0ef":148,"de6213c7":121,"2d13e69b":128,"508aac3d":139,"31d74eee":124,"088feee2":140,"2c01e624":131,"2b3e4717":132,"e58b26f6":136,"2180f99b":129,"7e15f8e8":134,"04643409":137,"2c627253":131,"a9b1bd51":102,"f2364460":134,"558d5ce7":130,"ef8321d8":126,"51f57142":136,"08c6b5d2":133,"15620dca":142,"21ee2afe":135,"12012fbd":120,"470d50c2":127,"5be594be":131,"6b9eff39":124,"85de05f2":131,"805534ac":135,"ab7467de":140,"5fa12feb":136,"07107f6e":130,"3b7763b1":117,"263762cb":113,"312f7676":136,"836701f6":126,"7ee148e9":128,"27f52ed3":151,"c0b7e7d7":110,"5623817d":121,"4cc141fa":105,"dd1fcb17":119,"5b5fc566":126,"bec9d329":140,"d1d40c9c":138,"a6b5e869":121,"d39724bc":119,"67d30f2b":127,"8bc04eb5":134,"78b97937":138,"92ca52b7":137,"a66a2d8a":145,"a0685bf3":142,"b87158fb":135,"b102f7bd":133,"8b5a8e9f":140,"619fda68":151,"8ac72326":118,"a06a6430":134,"385ab7c6":128,"9f74b8a4":122,"43d87483":134,"9496f56f":136,"30fdcd3b":126,"b6591e25":136,"0c0e98ea":126,"725dce8b":142,"61d4782d":135,"7a9344a4":154,"1e191c98":109,"66b7b5b4":125,"fce3c5c6":121,"7cd0ad7b":144,"4def63ee":102,"caddd0a7":132,"24ffcbd3":154,"ea6de194":132,"37a7d5b0":131,"04ea5673":131,"42cd2360":106,"2dd0e808":124,"dc03ebd2":144,"abc1d7ad":144,"5ef93e5d":110,"56473430":141,"d5dae4c4":158,"804d4dfa":129,"48655f09":149,"0be540c5":140,"b460f030":148,"8aa78e2f":121,"24d24fa3":128,"a8871ddf":115,"b2703001":142,"dfc89705":128,"e81834aa":149,"f5829ac0":142,"d9dcdc4b":146,"379184a7":144,"b7407bd3":125,"cd95f558":135,"d0e9a58e":125,"8245f916":125,"00554ffd":144,"82b81567":117,"69d4b754":125,"af034fee":135,"5774ac0d":142,"42c80e69":137,"a1370ab0":130,"47cfba38":121,"3c6692a3":148,"2a387957":128,"70bc8325":124,"77f31bab":144,"70c1e715":121,"5957df9e":125,"7028b044":117,"66d94227":129,"d1ca5d6b":138,"084cbc0b":123,"0f1ac912":112,"e15fd611":118,"dd7acb96":135,"b88033fd":136,"175bc6b2":110,"21ee2afe":136,"6143f39d":126,"eeaa2d46":139,"3661e12d":124,"bc021def":131,"18815a1b":127,"34c5c729":123,"fe578280":129,"a836aa93":123,"9f2b16a7":141,"288d171f":127,"e1618359":134,"8f9b74b0":121,"40e79dd3":132,"ded7da5a":142,"18d20aa1":124,"e21c6207":127,"51c57542":139,"6490bac6":124,"d815c5b4":154,"730a4938":124,"4652b09a":147,"bf30a08f":139,"1bb4ccc0":136,"5acce642":122,"a502c93c":116,"1bc0591f":127,"11b2c8d9":128,"9a3ab0b8":118,"b102f7bd":134,"fee32863":131,"0f89862c":111,"f2e3c0e3":111,"87083264":148,"7a840529":118,"00a17b46":133,"312f7676":137,"c95719e5":126,"0b3283c9":138,"8dd649a3":126,"a77e127d":104,"27f52ed3":152,"71ff66e8":121,"cc11fef9":136,"31408822":121,"db703021":126,"142d6987":131,"74f234c6":158,"5ccf94d6":123,"8942c35b":128,"4c39240e":136,"e32524d6":130,"75ffea08":132,"7e76c93c":134,"c015ec5a":128,"0f029727":117,"859545e6":118,"6a5b71b4":123,"e4cfef0a":112,"b9be31d6":131,"f7231212":125,"731fc335":108,"65e4235b":133,"71ba7561":121,"61145ec9":140,"5ef93e5d":111,"a5fd8ffd":135,"c91966ce":114,"aa00769b":148,"b6aaf976":139,"48655f09":150,"03c398d2":140,"13f0e139":117,"d8475b95":103,"a6bcb07e":131,"73b15e04":130,"bab97de3":141,"e8f173b5":137,"1138796e":139,"4ff2225d":123,"45fb95c1":128,"6291e9e9":130,"1bd5b20b":145,"36fb15d2":136,"2e99f8fd":115,"45b038bb":154,"4f5e3e7d":116,"d102b0c6":127,"d0b297b2":113,"42c80e69":138,"b7cc7909":137,"5a734022":119,"b35bb8a1":122,"60d6cee2":129,"24a9fb86":142,"12534561":123,"26c390d6":121,"0670c466":123,"4bcd4a30":148,"9d63c4dd":134,"f069bb07":126,"50d129cf":122,"aaa274a5":135,"d1fe2868":139,"04643409":138,"272c7672":139,"39a2fcce":120,"6a3eaf43":125,"aa5dfdf5":133,"5f7d7195":127,"fd6dcb20":126,"88432019":126,"af157d29":129,"6d339d45":111,"685207b3":136,"3498f223":121,"1a68160d":132,"704bce0d":134,"972f4174":138,"470d50c2":128,"2e3503e4":133,"93e8cee5":152,"df81ddee":120,"53747a91":126,"f734c84c":148,"5a622a23":131,"935ec056":120,"d929098e":108,"3b2dee89":129,"87c462ee":140,"7ee7621c":131,"6b82b527":141,"d39724bc":120,"e5b1abc6":132,"f2e3c0e3":112,"bd62d7ed":119,"70ee0491":118,"d78dd457":118,"20958d58":123,"a66a2d8a":146,"8ea21393":114,"07107f6e":131,"e45b4b53":115,"2203f259":131,"27f52ed3":153,"39bbc4bc":146,"6085137f":114,"25635c37":110,"09ff339a":103,"09560615":110,"ac38a6a5":148,"558d5ce7":131,"1a2ec5d7":144,"5ccf94d6":124,"751acea8":116,"93683c82":124,"ddec9e54":127,"9d4da635":113,"be40590d":138,"ce3bf5db":122,"04ea5673":132,"719c8869":147,"e786063b":138,"cc6bbe45":126,"5ab7bc35":131,"3bad3c95":112,"c38c2b52":121,"9aa6a054":132,"629800eb":139,"597c1f81":126,"ef91eaae":118,"ffa08d82":132,"ba938220":132,"7896b953":136,"74e01f6a":134,"dd1fcb17":120,"e8d74304":121,"12271e14":129,"17807120":131,"3310a049":129,"792cfcbd":123,"4ff2225d":124,"59c1e594":128,"0114160e":128,"f277386e":112,"17b08923":131,"2cce4fb2":137,"045f280d":124,"c4aa1e38":110,"2e99f8fd":116,"50312237":143,"1ff8c2fc":139,"f9c15fcc":125,"288afc30":127,"ea274174":132,"aa9ea5e8":118,"c852d240":131,"74e3d13e":134,"bc3dc66a":135,"540df50f":133,"24a9fb86":143,"6632fed0":138,"1f342a00":131,"730338c4":136,"84369269":114,"aaa274a5":136,"527ff946":145,"25d1b2d8":133,"eb7b4e29":118,"1d790491":137,"084cbc0b":124,"cbb54a0a":113,"a983a6dc":114,"bf822e33":126,"7e991ab9":102,"c98d5272":130,"685207b3":137,"c5b35e4d":117,"696fdac5":130,"8e780922":131,"a836aa93":124,"145c7559":141,"704bce0d":135,"fb8bfb36":144,"5c82d1ce":131,"f6fe095d":141,"f5cd79c1":126,"d1676e89":130,"09ff339a":104,"93ac9ca3":126,"3e082b37":119,"3712c4bd":115,"537634c9":114,"95904ac4":147,"906fdec3":118,"dc03ebd2":145,"28654c76":139,"3c0df8b4":131,"9d4f1fe6":129,"6775d5cd":133,"d39724bc":121,"87c462ee":141,"79be29c8":121,"935ec056":121,"6c20c153":131,"7af262e5":144,"78b97937":139,"9a3ab0b8":119,"831c7b85":126,"c463799d":137,"a567ace4":128,"9a07d89b":128,"7d112f4d":138,"6b9eff39":125,"21e10a2b":131,"8ea21393":115,"07107f6e":132,"9a467a82":133,"9de29816":114,"eafbf9fb":130,"dfa1a89b":124,"f3d68430":141,"d2a841c9":121,"25a7a0a3":134,"6e24d88b":116,"4279e829":151,"751acea8":117,"7a9344a4":155,"1a2ec5d7":145,"37a7d5b0":132,"a4f1d83b":123,"caddd0a7":133,"88fa53d6":116,"0841052c":141,"4fd645f1":116,"b5ce0c0c":142,"868cda42":128,"44c77422":135,"a85d89cc":123,"76f94eda":136,"7218c9f1":113,"6a5b71b4":124,"ae95f2ba":145,"4930f321":122,"8ac72326":119,"a5aee5de":158,"b460f030":149,"56752a4a":115,"a543ec74":120,"a4dafea5":127,"24d24fa3":129,"54a676d6":123,"2d382981":133,"74e01f6a":135,"07fc4a9a":141,"f277386e":113,"159ffd0b":114,"1be05c14":131,"95bc84f1":121,"b2a8761b":117,"0cb80f4a":129,"d0c0fc08":113,"4f5e3e7d":117,"4ba6eb36":127,"06073f13":140,"d0b297b2":114,"5eaa1581":123,"32133249":135,"71a2a493":102,"40860a4b":111,"aa9ea5e8":119,"2ab62345":121,"c4bff41f":140,"2180f99b":130,"70c1e715":122,"272c7672":140,"39a2fcce":121,"ea822700":115,"bad1a1cc":124,"fd369c21":141,"a939b50b":132,"b88033fd":137,"2c627253":132,"9b172ca8":117,"4c4aa2e2":130,"fe578280":130,"c0fea118":122,"c5b35e4d":118,"69d4b754":126,"1e232870":142,"d9a64845":130,"fd482491":149,"ae016053":146,"2c6cb96f":108,"810aa5e9":140,"7896b953":137,"74c26380":150,"9d4f1fe6":130,"aa187e3b":119,"e0e48a2d":127,"bec9d329":141,"7ee7621c":132,"7fef9973":136,"ee21ad02":139,"5f4102da":139,"1745a0f4":130,"836701f6":127,"09f0db62":155,"09ff339a":105,"39bbc4bc":147,"c318d350":137,"a58bf525":135,"e7773397":113,"5fa12feb":137,"44ff8baa":125,"d1ca5d6b":139,"23760167":130,"9ceb5439":115,"47d27624":118,"fd6dcb20":127,"f2ca27d9":128,"ac38a6a5":149,"57540cc3":143,"51f57142":137,"6143f39d":127,"3f65f121":131,"ab7467de":141,"77898c22":105,"3ef7432b":135,"201cafad":126,"6b9eff39":126,"e62d705f":117,"902f49f5":130,"467773ac":127,"f4634d0b":126,"31408822":122,"d033db8d":140,"c015ec5a":129,"906632cb":129,"a81a857c":128,"5ab7bc35":132,"30c5d755":143,"dc0c8b09":141,"dfcc2ad1":146,"19551bad":118,"9a3ab0b8":120,"dd3913d2":120,"597c1f81":127,"76f94eda":137,"385ab7c6":129,"6a5b71b4":125,"e4cfef0a":113,"a85d89cc":124,"ac030e74":121,"014460b9":155,"719c8869":148,"ea6de194":133,"aefe13f5":141,"f1098793":130,"99d130c9":142,"12271e14":130,"0be540c5":141,"a636f4c9":139,"8d753bb6":127,"b7df1559":133,"fb44fa9c":148,"aa00769b":149,"a4dafea5":128,"54a676d6":124,"7732eb1e":148,"e36dfd6f":132,"b35e9e1a":166,"67f6e4f2":124,"b4fdf90e":137,"fa55f27a":140,"d0e9a58e":126,"aa9ea5e8":120,"74e3d13e":135,"162a7348":131,"3c18f28e":126,"0ecfa1c9":126,"e4714415":142,"181c3dd5":132,"730338c4":137,"be2955bb":136,"f598a332":118,"53431634":154,"d548635d":131,"c5b35e4d":119,"288d171f":128,"65e4235b":134,"a851891c":126,"1d44aff3":142,"49cb2959":139,"313258f2":130,"e865e4dd":124,"d8e58a8c":148,"124fbe96":119,"0d770b97":128,"ee21ad02":140,"7fef9973":137,"f56ac638":109,"6b82b527":142,"e6ec8cbf":142,"e9679ede":121,"4ea4a2a1":141,"b377a62a":128,"8274885a":139,"7ee148e9":129,"95d3d348":122,"26dd2000":150,"2d54e0a8":123,"f271ed5d":137,"a983a6dc":115,"af0b61ab":131,"bda8cdfb":138,"c81b2bcf":114,"0fc5ac7e":151,"bf822e33":127,"3c6692a3":149,"cf775f58":133,"e99318a3":133,"9fa62fee":121,"5f7d7195":128,"6cba74ce":121,"6143f39d":128,"57540cc3":144,"a77e8461":129,"eafbf9fb":131,"15620dca":143,"eeaa2d46":140,"913a6226":127,"51c57542":140,"2b3c49b9":133,"93e8cee5":153,"5fa12feb":138,"debe1f65":129,"ca6d2d91":131,"0c043224":144,"7a9344a4":156,"dbd2f139":138,"0d5ee801":118,"e62d705f":118,"9bdf362a":127,"0e2b5d2f":139,"2bcca6a7":141,"7af262e5":145,"a567ace4":129,"92ca52b7":138,"9d023afb":138,"dfcc2ad1":147,"cc5a1d47":119,"7e95c5a0":140,"7a840529":119,"4f59a322":133,"b73e789c":129,"4930f321":123,"619fda68":152,"fce3c5c6":122,"66497c7e":129,"1623fc9f":129,"62d1d346":114,"dac109cf":124,"2045d7d6":130,"ea6de194":134,"836701f6":128,"c564e316":131,"437fc3ec":137,"a77e127d":105,"2c24d929":141,"8eb64769":132,"23080895":119,"9fc713b0":146,"dd1fcb17":121,"a636f4c9":140,"0b5a0408":130,"74e01f6a":136,"8d753bb6":128,"11888cfa":118,"e7e82473":150,"d6db2b02":133,"bab97de3":142,"6291e9e9":131,"b4fdf90e":138,"51f80f4c":141,"227006e4":126,"5f6613c8":118,"c4bff41f":141,"c9efc8f6":132,"31f6ba51":130,"57d5dee8":134,"49cb2959":140,"95904ac4":148,"abc1d7ad":145,"d9d0c567":131,"fd482491":150,"fafb4cc2":163,"da04caac":133,"8bc04eb5":135,"bd2705b0":145,"b0869206":137,"f56ac638":110,"6fb4cdda":141,"358e45b1":119,"5ee911b5":120,"d0b297b2":115,"4ba6eb36":128,"45b038bb":155,"08a4c3f8":133,"4c4aa2e2":131,"0a92153e":129,"9f2b16a7":142,"0da28f5b":132,"0bd93cfd":105,"2c627253":133,"1f7607df":122,"f2364460":135,"284544ba":119,"77bae750":124,"e58b26f6":137,"47d27624":119,"5a0eb771":124,"f4726450":130,"44a4f7cd":133,"ef1c2dcb":125,"d5557fb4":134,"f66616b7":131,"12dd6f5e":124,"8cc4a982":138,"f5596d0f":138,"36d340f2":114,"1d153b20":132,"25a7a0a3":135,"a63bddd4":160,"a3253019":121,"a0ce82b4":134,"e7abc88d":118,"a0cca8b7":115,"da3437cd":127,"ecfa8249":141,"e2cbe594":123,"21ad2f34":136,"fb8bfb36":145,"ddec9e54":128,"66497c7e":130,"67d30f2b":128,"54d7de6b":144,"16b476e9":129,"dc0c8b09":142,"733c86f8":127,"fe8f3d36":125,"11b2c8d9":129,"2bcca6a7":142,"f7231212":126,"a66a2d8a":147,"053f3451":125,"a8c93bed":126,"d7cb9bcf":120,"8fb236a9":110,"95539a58":118,"abd32136":130,"d83294cd":129,"c8977844":130,"b6591e25":137,"56d315d8":116,"a8726d50":116,"c015ec5a":130,"2154b6e8":117,"66b7b5b4":126,"5f620a1e":139,"eda6a690":109,"c0b7e7d7":111,"dc583e64":139,"f2470875":146,"014bdff0":137,"42191b64":104,"93ac9ca3":127,"eed20185":143,"b6aaf976":140,"458dcc3d":147,"27c8e038":144,"8cf83787":122,"481754fc":113,"8298e976":142,"804d4dfa":130,"88a30343":126,"cf52025e":134,"65a00a3c":131,"e4714415":143,"57167c74":125,"4c39240e":137,"638cb163":148,"2c6cb96f":109,"db8ba455":133,"8a165e17":140,"3c0df8b4":132,"ec110282":144,"731fc335":109,"537634c9":115,"1a442bc7":124,"b3863630":123,"f76a3e83":134,"9b172ca8":118,"d548635d":132,"6a60348e":124,"45b038bb":156,"05642105":135,"50312237":144,"67f6e4f2":125,"a24e6670":131,"fa55f27a":141,"a3d4a0e5":138,"d0c0fc08":114,"b4fdf90e":139,"f9c15fcc":126,"6fb4cdda":142,"c4feee5b":136,"1e232870":143,"c64de0c0":110,"72805bf5":119,"2132fe93":140,"13747b82":134,"6751d8e4":142,"288a2c43":120,"b35bb8a1":123,"6e851762":127,"527ff946":146,"284544ba":120,"aff8e442":138,"70c1e715":123,"f4b2f575":115,"d552eb2f":135,"39a2fcce":122,"a1921150":143,"730338c4":138,"d957f027":123,"de6213c7":122,"e99318a3":134,"ccdd1ce6":127,"af157d29":130,"a63bddd4":161,"22176537":123,"f3d68430":142,"15620dca":144,"25e0dd3d":140,"0a96f57a":140,"44ff8baa":126,"a0cca8b7":116,"f9f2c53f":112,"e21c6207":128,"6490bac6":125,"bf30a08f":140,"6775d5cd":134,"54d7de6b":145,"f0a06216":120,"6b82b527":143,"4258c176":119,"13b53c7a":131,"478d2d4f":139,"d78dd457":119,"6c524f99":138,"1745a0f4":131,"4c0e547b":133,"8007f30e":101,"cf9f4757":122,"7a4c064c":140,"f1df62b4":130,"c8113b77":121,"6f81493d":117,"8942c35b":129,"d0c104c4":103,"40a745c0":142,"906632cb":130,"5272520d":133,"a68a93b2":124,"312f7676":138,"c0b7e7d7":112,"8274885a":140,"836701f6":129,"f6fe095d":142,"a77e127d":106,"317c1591":142,"26c6fa34":129,"aefe13f5":142,"a0bc1ceb":133,"49910300":120,"8eb64769":133,"8b2b601d":132,"e7e82473":151,"d8475b95":104,"d1715f3b":136,"5774ac0d":143,"ce3bf5db":123,"04ea5673":133,"b320feb9":138,"e786063b":139,"0b959527":123,"4fd645f1":117,"3bad3c95":113,"af7e5be8":128,"ef91eaae":119,"e28c2efc":119,"45b5746e":124,"810aa5e9":141,"d5dae4c4":159,"5f96c2bc":127,"ec110282":145,"4abb7aed":130,"3101354b":118,"4cc141fa":106,"5678ed7b":147,"cf84fb54":135,"dfc89705":129,"d36125db":136,"fb44fa9c":149,"b2a8761b":118,"379184a7":145,"cfe72ead":116,"6585adbe":109,"f1862e79":110,"5ee911b5":121,"8c6e001f":117,"1247fa52":139,"8e99d5d0":146,"80a8a56d":119,"d6d61bfc":141,"f94bf9ea":131,"c9efc8f6":133,"031e488e":134,"162a7348":132,"a1370ab0":131,"26c390d6":122,"f66616b7":132,"508aac3d":140
1604737583973,"317c1591":143,"f5cd79c1":127,"b769bdfb":132,"578f6e9e":139,"25635c37":111,"2c5c1dc0":122,"09f0db62":156,"eed20185":144,"bad6cdb1":111,"468fc85c":131,"e6fac295":116,"8d753bb6":129,"481754fc":114,"3c782bb3":124,"64a7f79f":126,"07fc4a9a":142,"0f72f2d8":124,"a3d4a0e5":139,"e8f173b5":138,"54a676d6":125,"b552beb3":131,"4ea4a2a1":142,"8493f3b2":131,"a533489b":136,"2e99f8fd":117,"2a06ab95":144,"e15fd611":119,"778c95e9":134,"4ed01268":115,"e58b26f6":138,"39a2fcce":123,"a983a6dc":116,"ef1c2dcb":126,"dd7acb96":136,"2b3e4717":133,"90d52475":130,"8547fbc2":127,"fd6dcb20":128,"140ce69e":126,"f2f58418":119,"22176537":124,"88432019":127,"30dd2edc":130,"4f5e3e7d":118,"1ff8c2fc":140,"b35e9e1a":167,"e4714415":144,"ed4fad08":136,"64db4feb":151,"1951480c":119,"014bdff0":138,"5b60dd1d":136,"695a2b92":121,"6085137f":115,"fe1d4419":128,"5410e9c6":139,"87922532":147,"4cc141fa":107,"17807120":132,"1138796e":140,"e382ec3f":115,"5eab91a0":141,"bf30a08f":141,"ba586505":137,"8bc04eb5":136,"6775d5cd":135,"f0a06216":121,"82204d54":121,"478d2d4f":140,"cd522166":143,"c510bfd3":144,"8721056e":119,"2a4a402a":127,"a567ace4":130,"abd32136":131,"9c29f0ed":150,"67c57de4":150,"6a5b71b4":126,"77bfed7e":131,"9c58dd76":139,"0b5a0408":131,"03dcfa3d":135,"f5829ac0":143,"13f0e139":118,"b2703001":143,"48655f09":151,"90731976":124,"05642105":136,"ce4da56f":137,"06ee61b6":116,"2e3503e4":134,"168e75d9":128,"d34a29b9":144,"8f9b74b0":122,"26dd2000":151,"7d112f4d":139,"77898c22":106,"25e0dd3d":141,"2209903e":137,"f4343817":130,"3b690f68":139,"906632cb":131,"026766f3":130,"db703021":127,"110b1ee3":128,"9f5e6cba":133,"bb8a6337":121,"8cddb65e":133,"5eaa1581":124,"25d1b2d8":134,"a6626a13":116,"4ed01268":116,"93fdbb44":119,"9fa62fee":122,"0f1ac912":113,"c0e2624b":125,"af0b61ab":132,"d957f027":124,"3c6692a3":150,"c6c85783":135,"911e770b":132,"97e75c19":147,"6a3eaf43":126,"ac38a6a5":150,"bb99c79c":127,"7d6895f4":136,"172217e5":135,"865d9857":106,"a63bddd4":162,"416a9e97":124,"fe0df575":142,"6585adbe":110,"9e878ec2":135,"2e99f8fd":118,"8245f916":126,"a533489b":137,"b377a62a":129,"629800eb":140,"e57d5cda":131,"5ef93e5d":112,"a851891c":127,"aa76bc50":116,"8db5a165":119,"f789f6d8":134,"56473430":142,"6e44927f":123,"467773ac":128,"b7434f57":106,"88fa53d6":117,"cc6bbe45":127,"a577db1c":120,"dac109cf":125,"2045d7d6":131,"d9f512b9":136,"37a7d5b0":133,"5410e9c6":140,"317c1591":144,"fe1d4419":129,"e7773397":114,"6b79fec2":120,"016953e4":141,"d1676e89":131,"2882a956":137,"dffa7793":105,"00cf385d":138,"d4d5f466":124,"abad2347":136,"935ec056":122,"aa187e3b":120,"82204d54":122,"be3a10f8":152,"2a4a402a":128,"d78dd457":120,"062179c1":132,"c6dc900c":108,"50b558a7":114,"8eb64769":134,"aefe13f5":143,"64a7f79f":127,"b7df1559":134,"6b78ad7f":138,"e0154608":129,"5e193fc8":133,"d548635d":133,"6fb4cdda":143,"9f2b16a7":143,"c21ab51e":113,"20777945":113,"e2a7d915":112,"3ef7432b":136,"2209903e":138,"21e10a2b":132,"efd23af5":127,"0149e11a":116,"ca6d2d91":132,"f5829ac0":144,"03c398d2":141,"1db42092":138,"9fc713b0":147,"8b2b601d":133,"24d24fa3":130,"a6bcb07e":132,"1be05c14":132,"af034fee":136,"71279c46":121,"b7cc7909":138,"72805bf5":120,"a2c334e7":145,"181c3dd5":133,"74e3d13e":136,"1d790491":138,"6e98dfda":131,"2b3e4717":134,"088feee2":141,"26c390d6":123,"2a06ab95":145,"ce3407dd":127,"d744bee2":125,"842c8340":121,"dd7acb96":137,"9d9dd9e5":121,"778c95e9":135,"fb7482fe":122,"835358a0":121,"88432019":128,"558d5ce7":132,"6143f39d":129,"865d9857":107,"9c045c61":140,"eafbf9fb":132,"f2f58418":120,"88a30343":127,"4b3e3b1c":137,"2e99f8fd":119,"408bb2ed":126,"5f8517b7":150,"a533489b":138,"ef16ca37":128,"0ac825ed":137,"7ae3fc50":115,"7566fdd6":139,"d83294cd":130,"7a840529":120,"cc5a1d47":120,"4f59a322":134,"c8113b77":122,"053f3451":126,"fafb4cc2":164,"616d6dd6":125,"71e53c93":138,"08a561b7":129,"2dd0e808":125,"00a481e3":143,"2c6cb96f":110,"30d84dce":118,"751acea8":118,"1a2ec5d7":146,"180377be":126,"c3e6ef01":134,"8db62558":126,"d141db49":135,"49b358bd":134,"4777334c":129,"04ea5673":134,"e5d3655c":145,"1623fc9f":130,"e786063b":140,"9a3cc55d":123,"3e082b37":120,"b935fc1c":129,"3712c4bd":116,"5b60dd1d":137,"77d35808":120,"c7ab83c1":122,"f56ac638":111,"d83870f5":123,"d1d40c9c":139,"ba586505":138,"ee21ad02":141,"aa187e3b":121,"e356abf1":139,"e5b1abc6":133,"c510bfd3":145,"8b5a8e9f":141,"11b2c8d9":130,"9b546d65":122,"fee32863":132,"fe8f3d36":126,"2e3503e4":135,"53431634":155,"d548635d":134,"0dad37d5":127,"c85a0d80":137,"145c7559":142,"ebdbf580":135,"913a6226":128,"3ef7432b":137,"feb67030":124,"18d20aa1":125,"fb8bfb36":146,"7e8e1c3d":126,"5fa12feb":139,"27c8e038":145,"3e602573":126,"792cfcbd":124,"32133249":136,"dcfaba4c":135,"c852d240":132,"6df0b2e8":153,"bc3dc66a":136,"24a9fb86":144,"6632fed0":139,"ce3407dd":128,"5a0eb771":125,"c81b2bcf":115,"26c390d6":124,"5339e1e9":134,"6a3eaf43":127,"a983a6dc":117,"794f652b":141,"ea822700":116,"5a07fc2e":122,"cf775f58":134,"d3a669ac":137,"fb7482fe":123,"1f7607df":123,"172217e5":136,"0277d748":136,"804d4dfa":131,"812b4f15":110,"32c9fc47":127,"8aa78e2f":122,"a43061ee":116,"3c782bb3":125,"742f1425":135,"868edcc0":142,"159ffd0b":115,"e36dfd6f":133,"cf84fb54":136,"9e878ec2":136,"8d000d6e":126,"92d38723":143,"34658473":118,"00554ffd":145,"336d0f08":147,"a533489b":139,"cb142908":111,"ffa08d82":133,"95539a58":119,"753ca352":116,"056ea7ff":141,"ef14000f":149,"053f3451":127,"616d6dd6":126,"dc03ebd2":146,"71ba7561":122,"cc11fef9":137,"c2bb8aae":128,"430a5db5":135,"9d4da635":114,"d0c104c4":104,"c3e6ef01":135,"142d6987":132,"4fd645f1":118,"3fdb08f5":131,"9e65c0ef":127,"7e76c93c":135,"ca7d47f7":134,"8f13c203":120,"4c39240e":138,"15620dca":145,"1d153b20":133,"6de0aaac":120,"6143f39d":130,"ac38a6a5":151,"27f52ed3":154,"695a2b92":122,"a40846b7":141,"e238f09b":141,"ea9bba6b":132,"93ac9ca3":128,"f1dffa24":118,"6023df54":126,"95904ac4":149,"69eeae0d":115,"fafb4cc2":165,"5eab91a0":142,"290b4714":132,"95d331b1":116,"93b0a158":142,"1c0a9eff":120,"cb4f262b":124,"e4c312fe":126,"25a2844e":143,"eb2e1983":128,"5f4102da":140,"be2955bb":137,"5be594be":132,"fe578280":131,"f76a3e83":135,"a3253019":122,"b215547b":119,"1247fa52":140,"2209903e":139,"b6ee137a":126,"4eed1bea":134,"bc09fa9e":122,"913a6226":129,"da3437cd":128,"c93c3508":111,"8d04852b":131,"5eaa1581":125,"60d6cee2":130,"5774ac0d":144,"2ab62345":122,"68562193":116,"99e171db":126,"842c8340":122,"1634789b":128,"527ff946":147,"26c390d6":125,"911e770b":133,"5339e1e9":135,"c0e2624b":126,"77f31bab":145,"5a07fc2e":123,"93fdbb44":120,"87ce8d1d":112,"c609739e":132,"4febf7c5":133,"12a2cd4b":129,"e6fac295":117,"e36dfd6f":134,"71bc1295":116,"7732eb1e":149,"481754fc":115,"b552beb3":132,"26009d3f":125,"11888cfa":119,"59431390":128,"045f280d":125,"92d38723":144,"c4aa1e38":111,"b8397293":119,"02d4753e":160,"8245f916":127,"d102b0c6":128,"7af262e5":146,"fead11cf":121,"2bcca6a7":143,"2a4a402a":129,"67c57de4":151,"ffa08d82":134,"ba938220":133,"30b6808c":123,"7e95c5a0":141,"385ab7c6":130,"056ea7ff":142,"332820ce":134,"201cafad":127,"f883d582":120,"381c68fa":128,"751acea8":119,"4ee62a26":125,"dae0f922":137,"5cd3cfe0":114,"d0c104c4":105,"8f13c203":121,"d9f512b9":137,"f8b31ce5":155,"a81a857c":129,"88fa53d6":118,"04ea5673":135,"e786063b":141,"fd369c21":142,"0d2a1c58":123,"dfa1a89b":125,"3c6692a3":151,"546f6845":137,"f2f58418":121,"ac38a6a5":152,"01d817b8":107,"4469c815":106,"f5596d0f":139,"93ac9ca3":129,"5623817d":122,"3f2522c2":139,"b769bdfb":133,"fe1d4419":130,"5099c6a0":151,"61145ec9":141,"d8e58a8c":149,"2c6cb96f":111,"7896b953":138,"5f0c1b9d":137,"345c9967":122,"5ef93e5d":113,"d929098e":109,"dffa7793":106,"e0e48a2d":128,"d39724bc":122,"124fbe96":120,"7fef9973":138,"87c462ee":142,"095ab3b4":133,"972f4174":139,"d548635d":135,"a836aa93":125,"1247fa52":141,"c85a0d80":138,"f598a332":119,"53431634":156,"debe1f65":130,"c64de0c0":111,"60d6cee2":131,"64db4feb":152,"5ac86fb9":145,"8d04852b":132,"181c3dd5":134,"aec4e1bf":125,"9d9dd9e5":122,"93fdbb44":121,"d1fe2868":140,"bc392d1c":116,"e6fac295":118,"0eaf08da":129,"27c8e038":146,"dfc89705":130,"c27969ec":134,"3310a049":130,"a0b03218":130,"4b3e3b1c":138,"ce4da56f":138,"8b2b601d":134,"a3d4a0e5":140,"1be05c14":133,"59431390":129,"eebc8d43":129,"7af262e5":147,"c463799d":138,"2a76f1dd":122,"a567ace4":131,"0042f6eb":119,"2a4a402a":130,"50c468ba":135,"753ca352":117,"95539a58":120,"7566fdd6":140,"ae95f2ba":146,"4930f321":124,"4d9b0b10":132,"08a4c3f8":134,"d102b0c6":129,"31f6d707":142,"554ebb83":135,"7a6aa4b6":132,"00554ffd":146,"49bf2e95":121,"201cafad":128,"5c82d1ce":132,"18d20aa1":126,"20777945":114,"53747a91":127,"a0cca8b7":117,"1f11812e":136,"26ed1a5c":127,"026766f3":131,"ddec9e54":129,"9316e7e8":108,"20e470e0":121,"5cd3cfe0":115,"0f029727":118,"d9d7c4c2":135,"c0b0f492":141,"2af60749":130,"e3547548":117,"4def63ee":103,"9e65c0ef":128,"26c390d6":126,"a9b1bd51":103,"794f652b":142,"39ba00f0":133,"5957df9e":126,"af0b61ab":133,"cf775f58":135,"2a06ab95":146,"e58b26f6":139,"2c01e624":132,"12dd6f5e":125,"d552eb2f":136,"ec2cb1af":127,"217c0327":106,"7080f122":128,"315537b2":134,"623c6a31":144,"865d9857":108,"317c1591":145,"a0cf08b3":107,"a15713c6":146,"195eb771":128,"abc1d7ad":146,"45b5746e":125,"da04caac":134,"dd035d2a":125,"d929098e":110,"aa187e3b":122,"f0a06216":122,"b935fc1c":130,"19f9ca86":134,"6ce84ff8":118,"2203f259":132,"fe1d4419":131,"578f6e9e":140,"a3253019":123,"9b172ca8":119,"5e193fc8":134,"655954ba":127,"8e99d5d0":147,"b2c25d1c":125,"e0154608":130,"51f80f4c":142,"a6003226":123,"35aa7fd0":140,"5ac86fb9":146,"12534561":124,"9f5e6cba":134,"bfcb912a":133,"13f0e139":119,"ae8a09c4":129,"4febf7c5":134,"48655f09":152,"ac62fac2":146,"cac4449a":128,"481754fc":116,"d9dcdc4b":147,"8d753bb6":130,"cf84fb54":137,"54a676d6":126,"f044c0e1":122,"5678ed7b":148,"54d7de6b":146,"ee21ad02":142,"ba586505":139,"290b4714":133,"ba5c52af":129,"92ca52b7":139,"78467b8a":149,"b87158fb":136,"f5e8dfee":144,"dfcc2ad1":148,"50b558a7":115,"95539a58":121,"ef14000f":150,"a06a6430":135,"67c57de4":152,"053f3451":128,"9496f56f":137,"d4ee22a4":141,"28d41578":141,"1b153aef":142,"4ac6bd4e":122,"72b84094":163,"2ad42a9e":141,"7d112f4d":140,"18d20aa1":127,"da3437cd":129,"77898c22":107,"f9f2c53f":113,"0c043224":145,"ca6d2d91":133,"30dbfc69":127,"7a9344a4":157,"ddec9e54":130,"5cd3cfe0":116,"d634aa28":145,"d6f0d94a":118,"caddd0a7":134,"b5ce0c0c":143,"e32524d6":131,"e5d3655c":146,"b7505747":131,"b320feb9":139,"b4fdf90e":140,"7a2f3f06":127,"c67979e6":156,"36684155":128,"b88033fd":138,"c81b2bcf":116,"d552eb2f":137,"5d087c79":125,"5339e1e9":136,"b7832271":145,"5747db6e":147,"8a52882e":123,"911e770b":134,"d1ca5d6b":140,"dd7acb96":138,"cbb54a0a":114,"88432019":129,"49902219":151,"b946e146":152,"12012fbd":121,"d2a841c9":122,"3454fa2b":125,"08c6b5d2":134,"9e878ec2":137,"4f5e3e7d":119,"49bf2e95":122,"7ae34c64":135,"e865e4dd":125,"aa867541":119,"a5676c24":127,"45b5746e":126,"aa76bc50":117,"a851891c":128,"578f6e9e":141,"8e780922":132,"acac14fb":128,"4e3f5178":139,"efe84c27":128,"e7773397":115,"c318d350":138,"725dce8b":143,"71a2a493":103,"4125085e":149,"35aa7fd0":141,"031e488e":135,"181c3dd5":135,"deb31f35":132,"ea9bba6b":133,"60e855ee":147,"d1676e89":132,"f2470875":147,"87ce8d1d":113,"804d4dfa":132,"792cfcbd":125,"dfc89705":131,"2198ba8e":119,"54a676d6":127,"6be9332a":117,"3c782bb3":126,"26c6fa34":130,"ee75b607":128,"88ce179e":144,"aa187e3b":123,"bf30a08f":142,"f56ac638":112,"7ee7621c":133,"ea4d3f3e":137,"b8488fc8":136,"30c184b8":142,"4c0e547b":134,"2bcca6a7":144,"cfafcda8":122,"c803b4a3":129,"af7e5be8":129,"78467b8a":150,"c463799d":139,"cf9f4757":123,"d5059415":131,"385ab7c6":131,"0d28db94":123,"869cbaa0":140,"1438fad7":137,"de36827b":149,"e81834aa":150,"489a39f7":117,"32c9fc47":128,"69134f07":127,"168e75d9":129,"1e232870":144,"0149e11a":117,"92136ff5":133,"e1f0dbfd":146,"ab7467de":142,"e21c6207":129,"4e5aaaec":114,"bfad1727":110,"94a2fe10":137,"4279e829":152,"b7434f57":107,"db703021":128,"ca6d2d91":134,"d634aa28":146,"d70ca4f4":146,"4fd645f1":119,"cd95f558":136,"4f5e3e7d":120,"f66616b7":133,"449d8475":113,"a625328f":136,"8ec3834d":142,"b7832271":146,"ccf8b803":132,"d1fe2868":141,"b5763ff6":114,"9147702f":117,"bda8cdfb":139,"c98d5272":131,"8cd78f77":140,"aec074c4":142,"39ba00f0":134,"30dd2edc":131,"d3e84616":141,"53a8613c":148,"b9a48a5c":117,"3f65f121":132,"175bc6b2":111,"0277d748":137,"d0c0fc08":115,"40569362":143,"379184a7":146,"b2a8761b":119,"36fb15d2":137,"a472532e":117,"6e44927f":124,"8a165e17":141,"781ace7d":131,"a5676c24":128,"91f7ef72":121,"dd035d2a":126,"aab4d996":132,"f8b31ce5":156,"25776fc4":141,"04ea5673":136,"9bdf362a":128,"2af60749":131,"a77e127d":107,"4911acad":104,"bfcb912a":134,"2ab62345":123,"725dce8b":144,"74e3d13e":137,"695a2b92":123,"93ac9ca3":130,"19f9ca86":135,"8dc9b4db":138,"312f7676":139,"9a3cc55d":124,"064a99c8":123,"2198ba8e":120,"aa187e3b":124,"1757a30e":127,"e4c312fe":127,"a6b5e869":122,"6841f77e":138,"abad2347":137,"54d7de6b":147,"fee32863":133,"9a07d89b":129,"4c0e547b":135,"9d023afb":139,"fead11cf":122,"11b2c8d9":131,"8b5a8e9f":142,"cf9f4757":124,"cb142908":112,"ac62fac2":147,"4b4ef7fa":118,"dfc89705":132,"59431390":130,"e6fac295":119,"868edcc0":143,"c27969ec":135,"6db0ea86":127,"4ff2225d":125,"e7e82473":152,"1138796e":141,"e7abc88d":119,"8e99d5d0":148,"f76a3e83":136,"5e193fc8":135,"c0fea118":123,"cb51f134":139,"06ee61b6":117,"4e5aaaec":115,"8ea21393":116,"913a6226":130,"f734c84c":149,"df81ddee":121,"feb67030":125,"53747a91":128,"655941a0":144,"a68a93b2":125,"30dbfc69":128,"110b1ee3":129,"dae0f922":138,"de36827b":150,"c64de0c0":112,"5eaa1581":126,"4ed01268":117,"b88033fd":139,"730338c4":139,"6adce358":150,"5957df9e":127,"b7832271":147,"088feee2":142,"0bd93cfd":106,"9a467a82":134,"23760167":131,"f2ca27d9":129,"aa5dfdf5":134,"d957f027":125,"f87c5031":131,"a6626a13":117,"945b63f0":157,"8cc4a982":139,"39ba00f0":135,"50c3164b":146,"08c6b5d2":135,"6de0aaac":121,"31f6d707":143,"a533489b":140,"2e99f8fd":120,"408bb2ed":127,"5ee911b5":122,"9263c525":133,"8f2a7d69":125,"d2466211":147,"2b698053":133,"00a17b46":134,"4930f321":125,"0d7d88f1":138,"95904ac4":150,"83b2f9c5":130,"a15713c6":147,"d9a64845":131,"d8e58a8c":150,"56473430":143,"08a561b7":130,"467773ac":129,"751acea8":120,"c8fcad77":122,"c015ec5a":131,"a33fe0dd":138,"c4e70c07":128,"49b358bd":135,"92f800f5":129,"ce3bf5db":124,"d599b566":139,"95d3d348":123,"3c43e8a2":139,"60e855ee":148,"fb7b7b3c":152,"437fc3ec":138,"2203f259":133,"bec9d329":142,"677c6a09":156,"b3f19a69":121,"d929098e":111,"bd2705b0":146,"b0869206":138,"5b5fc566":127,"831c7b85":127,"f2e3c0e3":113,"1745a0f4":132,"8063df14":125,"be3a10f8":153,"33d6bb6a":125,"7fdc2007":120,"b460f030":150,"4cc141fa":108,"6be9332a":118,"4e3f5178":140,"1a68160d":133,"34c5c729":124,"104721f0":131,"3498f223":122,"53431634":157,"9b742f71":124,"261c9911":138,"79e4fa1c":124,"c8dc010f":137,"913a6226":131,"d25e0f8d":148,"27d8bf51":128,"e21c6207":130,"cc11fef9":138,"cac4449a":129,"eed20185":145,"27c8e038":147,"b552beb3":133,"6db0ea86":128,"12a2cd4b":130,"0b5a0408":132,"ce4da56f":139,"03b4ab60":122,"181c3dd5":136,"71a2a493":104,"aec4e1bf":126,"031e488e":136,"5eaa1581":127,"42c80e69":139,"90d52475":131,"a1921150":144,"1d790491":139,"7e991ab9":103,"36684155":129,"ef1c2dcb":127,"794f652b":143
1604737585228,"dae0f922":139,"751acea8":121,"4360a1a3":146,"ddec9e54":131,"c3e6ef01":136,"94a2fe10":138,"e1571af7":134,"1623fc9f":131,"25776fc4":142,"4577b333":128,"e786063b":142,"14c682eb":121,"859545e6":119,"d5059415":132,"e28c2efc":120,"ba938220":134,"8fb236a9":111,"d4ee22a4":142,"ad303bda":126,"056ea7ff":143,"a15713c6":148,"ef8987d7":125,"aa867541":120,"83b2f9c5":131,"42cd2360":107,"5747db6e":148,"5f7d7195":129,"72d7b461":140,"e58b26f6":140,"5339e1e9":137,"fd07e0ed":141,"f121b82c":146,"ab7d4c9a":121,"b3863630":124,"f76a3e83":137,"9b742f71":125,"c85a0d80":139,"be2955bb":138,"9d0546ac":125,"2dd0e808":126,"52eca0dc":128,"79be29c8":122,"0d770b97":129,"16b476e9":130,"a6b5e869":123,"e4117b3b":118,"87c462ee":143,"54d7de6b":148,"82204d54":123,"0042f6eb":120,"0a96f57a":141,"d25e0f8d":149,"a851554d":132,"51c57542":141,"8cd78f77":141,"3661e12d":125,"08c6b5d2":136,"22ecaed0":129,"217c0327":107,"6cba74ce":122,"623c6a31":145,"865d9857":109,"21ad2f34":137,"bc09fa9e":123,"cc11fef9":139,"9316e7e8":109,"c2bb8aae":129,"8942c35b":130,"0af920d8":119,"1a2ec5d7":147,"110b1ee3":130,"e1571af7":135,"04ea5673":137,"4577b333":129,"7e76c93c":136,"0a2f71bc":126,"c8fcad77":123,"d141db49":136,"be3a10f8":154,"c1bb74f2":119,"7bda83dd":125,"c6dc900c":109,"a66a2d8a":148,"cb142908":113,"95539a58":122,"e4cfef0a":114,"053f3451":129,"0bfabf48":126,"619fda68":153,"abd32136":132,"cf1b8c47":138,"ef8987d7":126,"1138796e":142,"489a39f7":118,"e7e82473":153,"6f0fcb9d":132,"db0a661e":129,"d0c0fc08":116,"45b038bb":157,"34658473":119,"36fb15d2":138,"5ee911b5":123,"17446892":123,"bfcb912a":135,"6df0b2e8":154,"0ecfa1c9":127,"60d6cee2":132,"71279c46":122,"227006e4":127,"23760167":132,"9ceb5439":116,"0f1ac912":114,"a625328f":137,"e7abc88d":120,"972f4174":140,"9267f0ef":149,"dbc9df44":108,"8e99d5d0":149,"f3992a31":131,"90a06ee9":135,"83b2f9c5":132,"ae016053":147,"5ef93e5d":114,"3f75d3bc":152,"49cb2959":141,"ee75b607":129,"4b125e7b":135,"5acce642":123,"1a442bc7":125,"bb00e71c":111,"9d4f1fe6":131,"20811ddf":136,"c318d350":139,"b1f58563":130,"09ff339a":106,"dc583e64":140,"e238f09b":142,"8dc9b4db":139,"5781776a":133,"6bc5d32a":158,"70594a28":132,"1b881e6e":135,"7db3edda":131,"25d1b2d8":135,"d744bee2":126,"650bb0e0":122,"730338c4":140,"a9b1bd51":104,"ea822700":117,"ef1c2dcb":128,"f069bb07":127,"9de29816":115,"217c0327":108,"4469c815":107,"546f6845":138,"08c6b5d2":137,"865d9857":110,"09560615":111,"f734c84c":150,"8ea21393":117,"805534ac":136,"e2cbe594":124,"7e8e1c3d":127,"dae0f922":140,"30d84dce":119,"58d46189":146,"26ed1a5c":128,"e62d705f":119,"381c68fa":129,"19e9776f":128,"9bdf362a":129,"4577b333":130,"2af60749":132,"14c682eb":122,"1623fc9f":132,"ca7d47f7":135,"4c39240e":139,"4c0e547b":136,"ba5c52af":130,"25a2844e":144,"8007f30e":102,"a0685bf3":143,"831c7b85":128,"30c184b8":143,"cc5a1d47":121,"43d87483":135,"0d7d88f1":139,"7566fdd6":141,"753ca352":118,"869cbaa0":141,"a06a6430":136,"804d4dfa":133,"c6e3d352":135,"48655f09":153,"c609739e":133,"cac4449a":130,"74e01f6a":137,"87ce8d1d":114,"8b2b601d":135,"8aa78e2f":123,"820225e4":107,"3c782bb3":127,"159ffd0b":116,"4ff2225d":126,"045f280d":126,"358e45b1":120,"5f8517b7":151,"6585adbe":111,"b7407bd3":126,"c4aa1e38":112,"0cb80f4a":130,"1bd5b20b":146,"af034fee":137,"8d04852b":133,"b7cc7909":139,"40860a4b":112,"3c18f28e":127,"b230e8d3":130,"12534561":125,"c7313e0a":143,"f598a332":120,"6fb4cdda":144,"0da28f5b":133,"36380d96":138,"5ef93e5d":115,"8db5a165":120,"345c9967":123,"3a291497":114,"a15713c6":149,"b2cfdbcf":128,"69eeae0d":116,"3b2dee89":130,"00cf385d":139,"88ce179e":145,"d4d5f466":125,"7f6d1d0e":141,"ad2d7bed":137,"d83870f5":124,"f33c0140":130,"c85a0d80":140,"9a3cc55d":125,"e238f09b":143,"e45b4b53":116,"dc583e64":141,"a40846b7":142,"8e4c33d2":125,"c7ab83c1":123,"d5557fb4":135,"a983a6dc":118,"36b7003c":157,"8ec3834d":143,"284544ba":121,"91d52a55":131,"48efc739":150,"eb7b4e29":119,"f2364460":136,"6e851762":128,"b947257e":137,"2d13e69b":129,"c0e2624b":127,"50c3164b":147,"0277d748":138,"be4f8ba8":126,"ac38a6a5":153,"09560615":112,"22ecaed0":130,"15620dca":146,"4d35385e":132,"0a96f57a":142,"a0cca8b7":118,"547903ef":139,"8ea21393":118,"21e10a2b":133,"201cafad":129,"c8dc010f":138,"a68a93b2":126,"b7434f57":108,"d033db8d":141,"a4f1d83b":124,"5272520d":134,"ca6d2d91":135,"be40590d":139,"4c39240e":140,"3fdb08f5":132,"08a06557":153,"ca7d47f7":136,"30c5d755":144,"b87158fb":137,"6c486702":132,"dc0c8b09":143,"a66a2d8a":149,"7bda83dd":126,"fe8f3d36":127,"13b53c7a":132,"07f98660":135,"76f94eda":138,"abd32136":133,"2ce1af05":121,"6f39f4d9":141,"af7e5be8":130,"ae95f2ba":147,"fbdffc95":123,"df2b4d87":124,"dd1fcb17":122,"9c58dd76":140,"b460f030":151,"dfc89705":133,"be1746a0":133,"ad8f85d6":140,"87ce8d1d":115,"2d1e1e9d":124,"8aa78e2f":124,"11888cfa":120,"5678ed7b":149,"bbe71605":114,"f044c0e1":123,"7732eb1e":150,"358e45b1":121,"9263c525":134,"d0e9a58e":127,"3c18f28e":128,"71279c46":123,"9f5e6cba":135,"e4714415":145,"60d6cee2":133,"24a9fb86":145,"c93c3508":112,"906fdec3":119,"4bc46d7a":126,"da04caac":135,"28654c76":140,"313258f2":131,"012de09c":123,"00a481e3":144,"470d50c2":129,"9b742f71":126,"80a8a56d":120,"f9c15fcc":127,"f1862e79":111,"45b038bb":158,"e0e6a097":124,"b935fc1c":131,"312f7676":140,"7ee148e9":130,"6085137f":116,"363590c7":139,"53431634":158,"104721f0":132,"704bce0d":136,"2a387957":129,"26c390d6":127,"2180f99b":131,"394dc144":125,"5747db6e":149,"f2364460":137,"789bd484":126,"88b3bc99":116,"50d129cf":123,"98915a1f":114,"70c1e715":124,"44a4f7cd":134,"9ab755d3":120,"d1fe2868":142,"ccdd1ce6":128,"865d9857":111,"53a8613c":149,"36d340f2":115,"9de29816":116,"6cba74ce":123,"a63bddd4":163,"b3863630":125,"e1f0dbfd":147,"bc09fa9e":124,"79e4fa1c":125,"da3437cd":130,"27d8bf51":129,"bb98a6cf":148,"913a6226":132,"9d0546ac":126,"5ccf94d6":125,"906632cb":132,"8942c35b":131,"5cd3cfe0":117,"66497c7e":131,"1f11812e":137,"df2b4d87":125,"0f029727":119,"ee21ad02":143,"e6ec8cbf":143,"d1d40c9c":140,"7f6d1d0e":142,"7735c3c2":120,"cb4f262b":125,"5eab91a0":143,"1105f790":141,"9a3ab0b8":121,"8f10fa42":164,"19551bad":119,"eebc8d43":130,"2a76f1dd":123,"4c0e547b":137,"4d9b0b10":133,"8ac72326":120,"ba938220":135,"cb142908":114,"b73e789c":130,"629800eb":141,"9f74b8a4":123,"3fdb08f5":133,"aa021138":143,"09ff339a":107,"5781776a":134,"87ce8d1d":116,"b6aaf976":141,"468fc85c":132,"2198ba8e":121,"35b58ef9":125,"ac62fac2":148,"48655f09":154,"95bc84f1":122,"4fd645f1":120,"ce3bf5db":125,"d9f512b9":138,"08a561b7":131,"313258f2":132,"42cd2360":108,"43bc86e3":124,"a5fd8ffd":136,"2c6cb96f":112,"906fdec3":120,"0114160e":129,"1b153aef":143,"3310a049":131,"45b038bb":159,"7ae3fc50":116,"d9dcdc4b":148,"c4aa1e38":113,"32c9fc47":129,"ce4da56f":140,"9263c525":135,"411b5027":124,"761cf820":133,"08a4c3f8":135,"acac14fb":129,"f598a332":121,"4b4ecbce":110,"5e09f69e":153,"2ab62345":124,"c64de0c0":113,"c852d240":133,"e4714415":146,"288a2c43":121,"3c18f28e":129,"bf822e33":128,"a625328f":138,"5339e1e9":138,"fd07e0ed":142,"23760167":133,"fd369c21":143,"25d1b2d8":136,"04643409":139,"d1ca5d6b":141,"39a2fcce":124,"22234d6b":136,"ccf8b803":133,"aec074c4":143,"de6213c7":123,"eeaa2d46":141,"8cc4a982":140,"51f57142":138,"7080f122":129,"49902219":152,"ccdd1ce6":129,"416a9e97":125,"0dad37d5":128,"53431634":159,"8e780922":133,"c382f054":146,"e21c6207":131,"6490bac6":126,"d25e0f8d":150,"da3437cd":131,"c455f40e":120,"2209903e":140,"ecfa8249":142,"9d4da635":115,"ca6d2d91":136,"74f234c6":159,"059d6c19":143,"94a2fe10":139,"935ec056":123,"aa187e3b":125,"04cc7cbe":117,"bec9d329":143,"ee21ad02":144,"91b28f83":134,"e356abf1":140,"82204d54":124,"8007f30e":103,"f2e3c0e3":114,"fef750ca":127,"2a4a402a":131,"8721056e":120,"78467b8a":151,"753ca352":119,"76f94eda":139,"ffa08d82":135,"7e95c5a0":142,"621d6b18":142,"87083264":149,"c8113b77":123,"f883d582":121,"3b690f68":140,"9bdf362a":130,"dc583e64":142,"317c1591":146,"83086d4c":139,"6085137f":117,"fb7b7b3c":153,"93ac9ca3":131,"c318d350":140,"c6e3d352":136,"1c3a30c5":128,"946df4fd":141,"71bc1295":117,"2198ba8e":122,"48655f09":155,"a0b03218":131,"ca7d47f7":137,"caddd0a7":135,"805af3c7":137,"30c5d755":145,"c015ec5a":132,"4577b333":131,"7ae34c64":136,"8a165e17":142,"1d44aff3":143,"616d6dd6":127,"ec110282":146,"83b2f9c5":133,"43bc86e3":125,"54a676d6":128,"59431390":131,"8d753bb6":131,"820225e4":108,"cfe72ead":117,"06ddafc7":111,"e36dfd6f":135,"9260d96b":156,"ef16ca37":129,"a3d4a0e5":141,"08a4c3f8":136,"c4aa1e38":114,"cd95f558":137,"40569362":144,"71a2a493":105,"76f3a3be":131,"71279c46":124,"4911acad":105,"031e488e":137,"13747b82":135,"17446892":124,"6adce358":151,"77bae750":125,"2a387957":130,"af0b61ab":134,"8ec3834d":144,"a6626a13":118,"7028b044":118,"e99318a3":135,"37fbb107":135,"3c6692a3":152,"2a06ab95":147,"97e75c19":148,"fd07e0ed":143,"d3a669ac":138,"b946e146":153,"d3e84616":142,"2dda3936":123,"140ce69e":127,"69d4b754":127,"9b172ca8":120,"5e193fc8":136,"c382f054":147,"470d50c2":130,"bd984a8e":122,"69134f07":128,"5c82d1ce":133,"93e8cee5":154,"51c57542":142,"44ff8baa":127,"4dac6b20":110,"e1f0dbfd":148,"feb67030":126,"c8977844":131,"1c0a9eff":121,"290b4714":134,"d1d40c9c":141,"0d770b97":130,"ee21ad02":145,"e4c312fe":128,"d4d5f466":126,"13b53c7a":133,"8063df14":126,"7af262e5":148,"9b546d65":123,"78467b8a":152,"8007f30e":104,"733c86f8":128,"9f74b8a4":124,"7fb4c521":134,"d634aa28":147,"059d6c19":144,"3f9b5722":117,"c95719e5":127,"f5cd79c1":128,"82868763":128,"ea9bba6b":134,"004f1ef3":159,"22aeaf03":133,"363590c7":140,"d82592f4":131,"59c1e594":129,"56752a4a":116,"73b15e04":131,"ac62fac2":149,"cbad3b92":157,"a0b03218":132,"74f234c6":160,"7080f122":130,"1d153b20":134,"8cc4a982":141,"c3e6ef01":137,"94a2fe10":140,"259930ee":137,"aab4d996":133,"ca7d47f7":138,"4577b333":132,"719c8869":149,"868cda42":129,"0a2f71bc":127,"4d9b0b10":134,"87083264":150,"ac030e74":122,"c803b4a3":130,"faf4f98b":140,"a472532e":118,"1d44aff3":144,"fd482491":151,"83b2f9c5":134,"aa867541":121,"731fc335":110,"5ef93e5d":116,"28d41578":142,"a8871ddf":116,"f044c0e1":124,"8d753bb6":132,"761cf820":134,"3c782bb3":128,"5a0ead91":117,"d0c0fc08":117,"0be540c5":142,"06073f13":141,"8b2b601d":136,"0cb80f4a":131,"08a4c3f8":137,"408bb2ed":128,"74e3d13e":138,"3c18f28e":130,"a47abfbb":120,"40860a4b":113,"5f6613c8":119,"aa9ea5e8":121,"6632fed0":140,"f66616b7":134,"5339e1e9":139,"449d8475":114,"730338c4":141,"70bc8325":125,"bda8cdfb":140,"b947257e":138,"1d790491":140,"fd369c21":144,"23760167":134,"7e15f8e8":135,"8657c79d":142,"ef1c2dcb":129,"1f7607df":124,"a3253019":124,"e0154608":131,"06ee61b6":118,"6b78ad7f":139,"0a96f57a":143,"175bc6b2":112,"0277d748":139,"22176537":125,"f5596d0f":140,"a63bddd4":164,"18815a1b":128,"25a7a0a3":136,"a502c93c":117,"263762cb":114,"2c5c1dc0":123,"eda6a690":110,"5410e9c6":141,"71ff66e8":122,"6ce84ff8":119,"1951480c":120,"e2cbe594":125,"d34a29b9":145,"56d315d8":117,"e786063b":143,"142d6987":133,"2154b6e8":118,"f9f2c53f":114,"c21ab51e":114,"5272520d":135,"5f620a1e":140,"f3992a31":132,"bfad1727":111,"df2b4d87":126,"ded7da5a":143,"40a745c0":143,"7bebff03":122,"b6591e25":138,"e3547548":118,"26ed1a5c":129,"07107f6e":133,"ce3bf5db":126,"059d6c19":145,"d9f512b9":139,"cbad3b92":158,"56752a4a":117,"2c24d929":142,"12271e14":131,"87922532":148,"74e01f6a":138,"be1746a0":134,"a4dafea5":129,"ce4da56f":141,"159ffd0b":117,"06073f13":142,"7a840529":121,"f56ac638":113,"b87158fb":138,"d78dd457":121,"7218c9f1":114,"f0a06216":123,"cc5a1d47":122,"67d30f2b":129,"20958d58":124,"d5059415":133,"20811ddf":137,"8063df14":127,"2b698053":134,"a0685bf3":144,"b0869206":139,"9b546d65":124,"79be29c8":123,"af7e5be8":131,"ba5c52af":131,"faf4f98b":141,"db8ba455":134,"f905a555":121,"52eca0dc":129,"c91966ce":115,"aa76bc50":118,"95904ac4":151,"2dd0e808":127,"03b4ab60":123,"51f80f4c":143,"90d52475":132,"c93c3508":113,"faf3ed07":131,"a6003226":124,"6751d8e4":143,"a939b50b":133,"0da28f5b":134,"b3863630":126,"e7abc88d":121,"1a68160d":134,"696fdac5":131,"be2955bb":139,"06ee61b6":119,"261c9911":139,"e2a7d915":113,"cfe72ead":118,"f5829ac0":145,"8245f916":128,"05642105":137,"50312237":145,"b36a0d66":119,"b2a8761b":120,"0b3283c9":139,"5f8517b7":152,"045f280d":127,"6ce84ff8":120,"7a6aa4b6":133,"c564e316":132,"5781776a":135,"1951480c":121,"e7773397":116,"971675c5":130,"201cafad":130,"1bb4ccc0":137,"88ce179e":146,"79be29c8":124,"91b28f83":135,"6841f77e":139,"f0a06216":124,"ea4d3f3e":138,"2209903e":141,"5fa12feb":140,"c650b434":139,"cc11fef9":140,"51c57542":143,"031e488e":138,"2180f99b":132,"af157d29":131,"6e98dfda":132,"6de0aaac":122,"383e232d":123,"cf775f58":136,"181c3dd5":137,"3f65f121":133,"1634789b":129,"74e3d13e":139,"d552eb2f":138,"0bd93cfd":107,"815e4582":142,"140ce69e":128,"aec074c4":144,"508aac3d":141,"e9adbe58":129,"f2ca27d9":130,"7d6895f4":137,"4ee62a26":126,"30d84dce":120,"93683c82":125,"f4634d0b":127,"cf1124db":117,"be40590d":140,"9bdf362a":131,"0a2f71bc":128,"1623fc9f":133,"c1bdfd41":122,"cc6bbe45":128,"ca7d47f7":139,"ffc86f94":107,"aefe13f5":144,"bc392d1c":117,"792cfcbd":126,"87ce8d1d":117,"35b58ef9":126,"2198ba8e":123,"aa00769b":150,"6d802fa2":124,"b36a0d66":120,"e36dfd6f":136,"159ffd0b":118,"0b5a0408":133,"5ee911b5":124,"de36827b":151,"358e45b1":122,"f044c0e1":125,"4f5e3e7d":121,"c4aa1e38":115,"379184a7":147,"336d0f08":148,"d33790a2":147,"056ea7ff":144,"8fb236a9":112,"d5059415":134,"6c524f99":139,"b9be31d6":132,"d2466211":148,"6c486702":133,"afe8e06a":122,"7fb4c521":135,"629800eb":142,"20958d58":125,"7bda83dd":127,"fe8f3d36":128,"bd62d7ed":120,"5f0c1b9d":138,"012de09c":124,"45b5746e":127,"616d6dd6":128,"ae016053":148,"a851891c":129,"e865e4dd":126,"47cfba38":122,"4125085e":150,"6df0b2e8":155,"40860a4b":114,"5e09f69e":154,"162a7348":133,"540df50f":134,"23760167":135,"66d94227":130,"a939b50b":134,"f66616b7":135,"04643409":140,"685207b3":138,"c21ab51e":115,"0da28f5b":135,"be2955bb":140,"f3992a31":133,"dcf85091":115,"e7abc88d":122,"fb7b7b3c":154,"3e082b37":121,"5b60dd1d":138,"3712c4bd":117,"e238f09b":144,"016953e4":142,"71ff66e8":123,"2b3c49b9":134,"ae99df30":123,"16b476e9":131,"aa187e3b":126,"a6b5e869":124,"9cb4697f":147,"b0869206":140,"67d30f2b":130,"805534ac":137,"7b6a7048":131,"f734c84c":151,"c8dc010f":139,"92136ff5":134,"b8ab8e6e":128,"48efc739":151,"50c3164b":148,"0fc5ac7e":152,"1f7607df":125,"778c95e9":136,"eb7b4e29":120,"4d35385e":133,"affb82bf":138,"2a06ab95":148,"22ecaed0":131,"aa5dfdf5":135,"9a467a82":135,"08c6b5d2":138,"af157d29":132,"6de0aaac":123,"07107f6e":134,"0c0e98ea":127,"4279e829":153,"20e470e0":122,"93683c82":126,"059d6c19":146,"f1b493de":152,"66b7b5b4":127,"dac109cf":126,"df2b4d87":127,"c015ec5a":133,"3fdb08f5":134,"7be025ce":137,"2154b6e8":119,"b7505747":132,"73b15e04":132,"b2bd8fd3":124,"dd1fcb17":123,"71bc1295":118,"468fc85c":133,"6ebe2354":109,"4b4ef7fa":119,"8298e976":143,"f044c0e1":126,"d6db2b02":134,"f277386e":114,"e0f7679f":117,"4945c851":136,"8323d333":114,"cf50e84e":126,"92d38723":145,"fa55f27a":142,"b4fdf90e":141,"8f2a7d69":126,"385ab7c6":132,"ba938220":136,"e28c2efc":121,"6f39f4d9":142,"8ac72326":121,"8007f30e":105,"d78dd457":122,"cf9f4757":125,"8f10fa42":165,"7566fdd6":142,"70ee0491":119,"cfafcda8":123,"8063df14":128,"b87158fb":139,"fafb4cc2":166,"a851891c":130,"3f75d3bc":153,"195eb771":129,"3c0df8b4":133,"56473430":144
1604737586150,"dc473de1":118,"4125085e":151,"5774ac0d":145,"162a7348":134,"031e488e":139,"76f3a3be":132,"c9efc8f6":134,"44a4f7cd":135,"77bae750":126,"c0fea118":124,"501db4de":131,"ab7d4c9a":122,"9b172ca8":121,"dcf85091":116,"69134f07":129,"6fb4cdda":145,"8245f916":129,"288afc30":128,"263762cb":115,"f6fe095d":143,"fb7b7b3c":155,"f2470875":148,"0b3283c9":140,"2203f259":134,"616d6dd6":129,"aa187e3b":127,"04cc7cbe":118,"87c462ee":144,"16b476e9":132,"6ee92259":138,"ee21ad02":146,"95d331b1":117,"da3437cd":132,"2ad42a9e":142,"5d087c79":126,"8ec3834d":145,"cf775f58":137,"48efc739":152,"0fc5ac7e":153,"5957df9e":128,"f069bb07":128,"8cd78f77":142,"84b767be":159,"fd369c21":145,"ef8321d8":127,"39ba00f0":136,"f2ca27d9":131,"53a8613c":150,"284544ba":122,"22176537":126,"d1715f3b":137,"ec2cb1af":128,"8dd2684c":128,"40e79dd3":133,"ccb5ea3e":116,"21e10a2b":134,"e2cbe594":126,"f4343817":131,"9316e7e8":110,"8942c35b":132,"26ed1a5c":130,"430a5db5":136,"1f11812e":138,"30fdcd3b":127,"751acea8":122,"e1571af7":136,"3fdb08f5":135,"d9d7c4c2":136,"75ffea08":133,"24ffcbd3":155,"c0b0f492":142,"08a06557":154,"5781776a":136,"4febf7c5":135,"9fc713b0":148,"458dcc3d":148,"74e01f6a":139,"eed20185":146,"9c58dd76":141,"481754fc":117,"8cf83787":123,"2d1e1e9d":125,"8298e976":144,"1438fad7":138,"07fc4a9a":143,"d36125db":137,"50c468ba":136,"ac030e74":123,"abd32136":134,"6034b6d0":134,"d5059415":135,"4930f321":126,"c1bb74f2":120,"67c57de4":153,"478d2d4f":141,"1105f790":142,"f2e3c0e3":115,"eb2e1983":129,"d78dd457":123,"8721056e":121,"43bc86e3":126,"5774ac0d":146,"32133249":137,"2132fe93":141,"5eaa1581":128,"031e488e":140,"71a2a493":106,"a47abfbb":121,"dcf85091":117,"dbc9df44":109,"6b78ad7f":140,"e81834aa":151,"fe0df575":143,"1bd5b20b":147,"de11eb19":139,"3a1b9af5":132,"7a6aa4b6":134,"45b038bb":160,"8493f3b2":132,"6b79fec2":121,"704bce0d":137,"b215547b":120,"e7abc88d":123,"e0154608":132,"f905a555":122,"345c9967":124,"7c0a2db6":129,"f3a0c2ee":129,"1d44aff3":145,"d9a64845":132,"bec9d329":144,"1c0a9eff":122,"c0b23081":146,"6775d5cd":136,"5f7d7195":130,"77bae750":127,"e99318a3":136,"c6c85783":136,"04643409":141,"3c6692a3":153,"99e171db":127,"7028b044":119,"789bd484":127,"835358a0":122,"272c7672":141,"70c1e715":125,"0fc5ac7e":154,"f5596d0f":141,"5a07fc2e":124,"d3e84616":143,"ac38a6a5":154,"3f65f121":134,"3661e12d":126,"4469c815":108,"12012fbd":122,"a851554d":133,"c45d554f":137,"df81ddee":122,"daab45c6":120,"261c9911":140,"0a96f57a":144,"07107f6e":135,"6e24d88b":117,"4279e829":154,"66b7b5b4":128,"5ccf94d6":126,"655941a0":145,"1f11812e":139,"4360a1a3":147,"014460b9":156,"ca7d47f7":140,"719c8869":150,"5270f158":125,"eda6a690":111,"19f9ca86":136,"25635c37":112,"95d3d348":124,"1951480c":122,"064a99c8":124,"6ebe2354":110,"804d4dfa":134,"a0bc1ceb":134,"24d24fa3":131,"17807120":133,"cf52025e":135,"b552beb3":134,"4b3e3b1c":139,"638cb163":149,"62d1d346":115,"e5d3655c":147,"3fdb08f5":136,"7735c3c2":121,"ee21ad02":147,"aa187e3b":128,"af7e5be8":132,"e57d5cda":132,"ad303bda":127,"7566fdd6":143,"2bcca6a7":145,"ae95f2ba":148,"8b5a8e9f":143,"00a17b46":135,"faf4f98b":142,"8063df14":129,"70ee0491":120,"a567ace4":132,"dfcc2ad1":149,"1745a0f4":133,"8cddb65e":134,"aec4e1bf":127,"d6db2b02":135,"3c782bb3":129,"1db42092":139,"a24e6670":132,"bbe71605":115,"6f0fcb9d":133,"b8397293":120,"06073f13":143,"8245f916":130,"3a1b9af5":133,"d0c0fc08":118,"4ea4a2a1":143,"5be594be":133,"6b78ad7f":141,"e9679ede":122,"a472532e":119,"3101354b":119,"91f7ef72":122,"dc03ebd2":147,"ec110282":147,"781ace7d":132,"ef8987d7":127,"9267f0ef":150,"77300e4a":116,"754f98c9":136,"704bce0d":138,"5e09f69e":155,"5f6613c8":120,"b230e8d3":131,"4911acad":106,"1ed46298":139,"842c8340":123,"bda8cdfb":141,"088feee2":143,"1a0189c4":127,"a1921150":145,"84369269":115,"794f652b":144,"084cbc0b":125,"aa5dfdf5":136,"2d54e0a8":124,"af0b61ab":135,"fd369c21":146,"fd6dcb20":129,"911e770b":135,"d0d6acb1":135,"affb82bf":139,"bb99c79c":128,"ef8321d8":128,"172217e5":137,"175bc6b2":113,"a63bddd4":165,"70594a28":133,"201cafad":131,"7b6a7048":132,"77898c22":108,"4eed1bea":135,"5a622a23":132,"3b7763b1":118,"0841052c":142,"d70ca4f4":147,"30dbfc69":129,"dae0f922":141,"6f81493d":118,"5ccf94d6":127,"74f234c6":161,"c8fcad77":124,"004f1ef3":160,"27f52ed3":155,"a40846b7":143,"3f2522c2":140,"09f0db62":157,"22aeaf03":134,"1951480c":123,"23080895":120,"87ce8d1d":118,"13f0e139":120,"4febf7c5":136,"56752a4a":118,"04612878":138,"b7df1559":135,"aa021138":144,"44c77422":136,"2154b6e8":120,"2045d7d6":132,"935ec056":124,"f0a06216":125,"5acce642":124,"d815c5b4":155,"a502c93c":118,"b0869206":141,"677c6a09":157,"1dad0f99":127,"91536e85":135,"d7cb9bcf":121,"87cd2add":121,"4d9b0b10":135,"6c486702":134,"c38c2b52":122,"4c0e547b":138,"d2466211":149,"0042f6eb":121,"b8488fc8":137,"1bc0591f":128,"c6dc900c":110,"cd522166":144,"259930ee":138,"0f029727":120,"a8871ddf":117,"8aa78e2f":125,"ce4da56f":142,"f277386e":115,"4b3e3b1c":140,"6a60348e":125,"1138796e":143,"d0b297b2":116,"9260d96b":157,"ea274174":133,"36fb15d2":139,"40569362":145,"5ee911b5":125,"08a4c3f8":138,"6e44927f":125,"731fc335":111,"4abb7aed":131,"d8e58a8c":151,"52eca0dc":130,"45b5746e":128,"d9d0c567":132,"9b742f71":127,"dbc9df44":110,"e1618359":135,"754f98c9":137,"77300e4a":117,"288a2c43":122,"081460bf":132,"f94bf9ea":132,"8d04852b":134,"64db4feb":153,"12534561":126,"ed4fad08":137,"44a4f7cd":136,"66d94227":131,"f2364460":138,"842c8340":124,"5a07fc2e":125,"394dc144":126,"508aac3d":142,"99e171db":128,"8a52882e":124,"6a3eaf43":128,"6751d8e4":144,"d1ca5d6b":142,"98915a1f":115,"6d5fcd4c":131,"9fa62fee":123,"6cba74ce":124,"8547fbc2":128,"a77e8461":130,"d2a841c9":123,"1d153b20":135,"fd6dcb20":130,"e9679ede":123,"7f86be64":132,"ccb5ea3e":117,"21ad2f34":138,"5c82d1ce":134,"805534ac":138,"c45d554f":138,"b6ee137a":127,"4295ce9a":133,"6e24d88b":118,"3f9b5722":118,"4ee62a26":127,"ddec9e54":132,"3a204e56":139,"b769bdfb":134,"004f1ef3":161,"d599b566":140,"77d35808":121,"27f52ed3":156,"7ee148e9":131,"0eaf08da":130,"a43061ee":117,"64a7f79f":128,"481754fc":118,"e8d74304":122,"2d382981":134,"742f1425":136,"0af920d8":120,"67d30f2b":131,"ee21ad02":148,"aa187e3b":129,"abad2347":138,"bb00e71c":112,"f0a06216":126,"935ec056":125,"621d6b18":143,"9fce073c":131,"d7cb9bcf":122,"10ec5a0b":120,"9a3ab0b8":122,"5cd3cfe0":118,"28d40296":107,"5ccf94d6":128,"cc6bbe45":129,"ba30e43a":143,"ce3bf5db":127,"c015ec5a":134,"d6f0d94a":119,"62d1d346":116,"e8f173b5":139,"2d1e1e9d":126,"88a30343":128,"de36827b":152,"bbe71605":116,"a24e6670":133,"07fc4a9a":144,"1b153aef":144,"332820ce":135,"5f8517b7":153,"5ee911b5":126,"7a2f3f06":128,"cd95f558":138,"a533489b":141,"d4ee22a4":143,"2a4a402a":132,"8f10fa42":166,"c8113b77":124,"70ee0491":121,"00a17b46":136,"a567ace4":133,"b87158fb":140,"6c486702":135,"b2cfdbcf":129,"45b5746e":129,"71ba7561":123,"42cd2360":109,"71e53c93":139,"4abb7aed":132,"e865e4dd":127,"13747b82":136,"b35bb8a1":124,"76f3a3be":133,"c4bff41f":142,"081460bf":133,"31d74eee":125,"77bae750":128,"24a9fb86":146,"deb31f35":133,"e99318a3":137,"1a0189c4":128,"2d54e0a8":125,"2180f99b":133,"b8ab8e6e":129,"2c01e624":133,"8a52882e":125,"2d13e69b":130,"48efc739":153,"b7832271":148,"d1ca5d6b":143,"af0b61ab":136,"8547fbc2":129,"be2955bb":141,"ebdbf580":136,"80a8a56d":121,"501db4de":132,"acac14fb":130,"cb51f134":140,"b215547b":121,"913a6226":133,"26dd2000":152,"debe1f65":131,"efd23af5":128,"9a80f004":124,"e2cbe594":127,"3b7763b1":119,"3712c4bd":118,"fb7b7b3c":156,"971675c5":131,"3c43e8a2":140,"437fc3ec":139,"b935fc1c":132,"578f6e9e":142,"bad6cdb1":112,"c6e3d352":137,"e6fac295":120,"a0b03218":133,"ad8f85d6":141,"56752a4a":119,"0f72f2d8":125,"1e191c98":110,"d634aa28":148,"d033db8d":142,"cf1124db":118,"67d30f2b":132,"d83870f5":125,"ae99df30":124,"ea4d3f3e":139,"20811ddf":138,"04bef50c":107,"b0869206":142,"2b698053":135,"c803b4a3":131,"19e9776f":129,"e62d705f":120,"ec2cb1af":129,"25a7a0a3":137,"eeaa2d46":142,"6143f39d":131,"d2a841c9":124,"a63bddd4":166,"751acea8":123,"37a7d5b0":134,"e32524d6":132,"2154b6e8":121,"fce3c5c6":123,"a81a857c":130,"28d40296":108,"7be025ce":138,"2d1e1e9d":127,"28d41578":143,"e8f173b5":140,"1be05c14":134,"e7e82473":154,"b84a06eb":133,"f5829ac0":146,"1b153aef":145,"f9c15fcc":128,"3d1af513":142,"332820ce":136,"792c9b6a":124,"3a1b9af5":134,"4ac6bd4e":123,"67c57de4":154,"d83294cd":131,"25a2844e":145,"619fda68":154,"d78dd457":124,"9aa6a054":133,"87083264":151,"19551bad":120,"70ee0491":122,"78b97937":140,"20958d58":126,"92ca52b7":140,"a5fd8ffd":137,"aa867541":122,"71ba7561":124,"ae016053":149,"a15713c6":150,"1d44aff3":146,"195eb771":130,"b230e8d3":132,"b35bb8a1":125,"17446892":125,"dc473de1":119,"74e3d13e":140,"51f80f4c":144,"61d4782d":136,"31d74eee":126,"77bae750":129,"a939b50b":135,"bad1a1cc":125,"6adce358":152,"7028b044":120,"284544ba":123,"84369269":116,"f2086446":129,"dbc9df44":111,"9b742f71":128,"69134f07":130,"f3992a31":134,"655954ba":128,"c85a0d80":141,"79e4fa1c":126,"e2a7d915":114,"8f9b74b0":123,"437fc3ec":140,"095ab3b4":134,"3c43e8a2":141,"016953e4":143,"363590c7":141,"fe1d4419":132,"5410e9c6":142,"71bc1295":119,"2198ba8e":124,"aa00769b":151,"cf52025e":136,"a0ce82b4":135,"bfad1727":112,"aa187e3b":130,"bec9d329":145,"bf30a08f":143,"b0869206":143,"1c0a9eff":123,"e4117b3b":119,"f0a06216":127,"751acea8":124,"ab7467de":143,"f1b493de":153,"26dd2000":153,"751bcf25":127,"de6213c7":124,"527ff946":148,"88b3bc99":117,"0bd93cfd":108,"9a467a82":136,"508aac3d":143,"bb99c79c":129,"8657c79d":143,"f2ca27d9":132,"315537b2":135,"8547fbc2":130,"1d153b20":136,"49902219":153,"9d4da635":116,"6e24d88b":119,"cf1124db":119,"4360a1a3":148,"a577db1c":121,"aa021138":145,"ba30e43a":144,"c015ec5a":135,"b5ce0c0c":144,"2154b6e8":122,"14c682eb":123,"87ce8d1d":119,"468fc85c":134,"a0b03218":134,"a6bcb07e":133,"d36125db":138,"cf50e84e":127,"6db0ea86":129,"a24e6670":134,"489a39f7":119,"a3d4a0e5":142,"67f6e4f2":126,"d0c0fc08":119,"608bc832":117,"408bb2ed":129,"d33790a2":148,"fe0df575":144,"02d4753e":161,"cb142908":115,"7566fdd6":144,"e4cfef0a":115,"fee32863":134,"ef14000f":151,"77bfed7e":132,"8063df14":130,"831c7b85":129,"87083264":152,"b87158fb":141,"a85d89cc":125,"cfafcda8":124,"b8488fc8":138,"0042f6eb":122,"b28a5e67":151,"537634c9":116,"83b2f9c5":135,"ae016053":150,"91f7ef72":123,"5f96c2bc":128,"5f0c1b9d":139,"be149c6f":118,"c4bff41f":143,"8d04852b":135,"c64de0c0":114,"71279c46":125,"b230e8d3":133,"72805bf5":121,"bad1a1cc":126,"d5557fb4":136,"8ec3834d":146,"f33c0140":131,"1a68160d":135,"263762cb":116,"7ee148e9":132,"83086d4c":140,"42191b64":105,"26f99a1e":127,"09f0db62":158,"d1676e89":133,"d548635d":136,"a3253019":125,"655954ba":129,"168e75d9":130,"c650b434":140,"51a3e9c2":134,"dffa7793":107,"16b476e9":133,"9a80f004":125,"69134f07":131,"07107f6e":136,"815e4582":143,"ea822700":118,"1d790491":141,"23760167":136,"50d129cf":124,"9e206c95":145,"70bc8325":126,"8547fbc2":131,"835358a0":123,"6d339d45":112,"c0e2624b":128,"f2ca27d9":133,"3062379b":119,"d1715f3b":138,"2c01e624":134,"af157d29":133,"3c6692a3":154,"6de0aaac":124,"2ad42a9e":143,"381c68fa":130,"ccb5ea3e":118,"4dac6b20":111,"906632cb":133,"f1b493de":154,"51c57542":144,"40a745c0":144,"cf1124db":120,"d0c104c4":106,"be40590d":141,"4fd645f1":121,"ce3bf5db":128,"ba30e43a":145,"f8b31ce5":157,"a577db1c":122,"dac109cf":127,"cc6bbe45":130,"468fc85c":135,"c609739e":134,"792cfcbd":127,"a5aee5de":159,"4b4ef7fa":120,"aefe13f5":145,"0eaf08da":131,"07fc4a9a":145,"32c9fc47":130,"6f0fcb9d":134,"c93c3508":114,"227006e4":128,"935ec056":126,"9fce073c":132,"5b5fc566":128,"7218c9f1":115,"d4d5f466":127,"abd32136":135,"7566fdd6":145,"7fef9973":139,"597c1f81":128,"2352c8ef":133,"d2466211":150,"f67de058":136,"b9be31d6":133,"a59a8290":131,"33d6bb6a":126,"9d023afb":140,"ba5c52af":132,"fee32863":135,"d5dae4c4":160,"4abb7aed":133,"3a291497":115,"69eeae0d":117,"ec110282":148,"aa867541":123,"810aa5e9":142,"f3992a31":135,"b2c25d1c":126,"8e99d5d0":150,"5e193fc8":137,"4c4aa2e2":132,"d34a29b9":146,"34c5c729":125,"3a1b9af5":135,"820225e4":109,"3652bd66":128,"7732eb1e":151,"45b038bb":161,"159ffd0b":119,"6291e9e9":132,"34658473":120,"8f2a7d69":127,"0d2c95fe":133,"408bb2ed":130,"263762cb":117,"a77e127d":108,"5623817d":123,"8dd649a3":127,"42191b64":106,"8e4c33d2":126,"312f7676":141,"fea793f5":136,"3b2dee89":131,"91b28f83":136,"ad2d7bed":138,"1c0a9eff":124,"ea4d3f3e":140,"20811ddf":139,"7b6a7048":133,"af034fee":138,"7e15f8e8":136,"5e09f69e":156,"d5557fb4":137,"a47abfbb":122,"91d52a55":132,"2a387957":131,"1f7607df":126,"bb8a6337":122,"b7cc7909":140,"70bc8325":127,"04643409":142,"5339e1e9":140,"a6626a13":119,"794f652b":145,"ea822700":119,"ef8321d8":129,"af157d29":134,"e58b26f6":141,"0fc5ac7e":155,"9e206c95":146,"7080f122":131,"ef1c2dcb":130,"3f65f121":135,"217c0327":109,"d2a841c9":125,"2209903e":142,"feb67030":127,"26dd2000":154,"f734c84c":152,"3ef7432b":138,"430a5db5":137,"70594a28":134,"381c68fa":131,"a4f1d83b":125,"a8726d50":117,"30d84dce":121,"8db62558":127,"6e24d88b":120,"7be025ce":139,"e32524d6":133,"2045d7d6":133,"30c5d755":146,"caddd0a7":136,"0f029727":121,"ae8a09c4":130,"a636f4c9":141,"b460f030":152,"4b4ef7fa":121,"812b4f15":111,"17807120":134,"d8475b95":105,"5678ed7b":150,"88a30343":129,"1be05c14":135,"1138796e":144,"cf84fb54":138,"489a39f7":120,"90731976":125,"c7636527":114,"a6003226":125,"b35bb8a1":126,"57d5dee8":135,"e4714415":147,"71279c46":126,"07f98660":136,"597c1f81":129,"af7e5be8":133,"30b6808c":124,"a06a6430":137,"062179c1":133,"478d2d4f":142,"00a17b46":137,"2a76f1dd":124,"7a4c064c":141,"1bc0591f":129,"8721056e":122,"1745a0f4":134,"05f6ab35":141,"313258f2":133,"0a1d11e6":122,"3f75d3bc":154,"6023df54":127,"a5fd8ffd":138,"49cb2959":142,"00a481e3":145,"e9679ede":124,"1a2c020b":129,"a533489b":142,"2e99f8fd":121,"8245f916":131,"c4aa1e38":116,"5a0ead91":118,"fa55f27a":143,"761cf820":135,"317c1591":147,"c85a0d80":142,"754f98c9":138,"3498f223":123,"696fdac5":132,"5e193fc8":138,"04cc7cbe":119,"95d331b1":118,"d1d40c9c":142,"9d4f1fe6":132,"7735c3c2":122,"47cfba38":123,"5e09f69e":157,"d1fe2868":143,"25d1b2d8":137,"a939b50b":136,"1d790491":142,"04643409":143,"ce3407dd":129,"90d52475":133,"2a06ab95":149,"383e232d":124,"f271ed5d":138,"4bcd4a30":149,"2cb29e5a":139,"aaa274a5":137,"9e206c95":147,"d0d6acb1":136,"172217e5":138,"ea822700":120,"a77e8461":131,"fd6dcb20":131,"f87c5031":132,"7d6895f4":138,"261c9911":141,"201cafad":132,"3b7763b1":120,"547903ef":140,"21e10a2b":135,"93e8cee5":155,"4eed1bea":136,"61f25dd4":150,"a8726d50":118,"8db62558":128,"906632cb":134,"93683c82":127,"8942c35b":133,"1e191c98":111,"e1571af7":137,"caddd0a7":137,"ba30e43a":146,"836701f6":130,"c318d350":141,"7ee148e9":133,"5099c6a0":152,"8e4c33d2":127,"d599b566":141,"064a99c8":125,"481754fc":119,"9c58dd76":142,"e6fac295":121,"a0bc1ceb":135,"804d4dfa":135,"a5aee5de":160,"0be540c5":143,"b84a06eb":134,"6d802fa2":125,"0b5a0408":134,"6c73ae98":112,"49b358bd":136,"4c39240e":141,"44c77422":137,"dac109cf":128,"730a4938":125,"1757a30e":128,"056ea7ff":145,"9f74b8a4":125,"8ac72326":122,"cb142908":116,"a06a6430":138,"1745a0f4":135,"e57d5cda":133,"92ca52b7":141,"faf4f98b":143,"5f4102da":141,"ba5c52af":133,"bd62d7ed":121,"a8c93bed":127,"6c524f99":140,"28654c76":141,"313258f2":134,"91f7ef72":124,"a6bcb07e":134,"8b2b601d":137
1604737586712,"b2a8761b":121,"06073f13":144,"02d4753e":162,"db0a661e":130,"761cf820":136,"8f2a7d69":128,"34658473":121,"8e4c33d2":128,"8dc9b4db":140,"e7773397":117,"c0b7e7d7":113,"3e082b37":122,"836701f6":131,"a58bf525":136,"be149c6f":119,"ed4fad08":138,"17446892":126,"b460f030":153,"e8d74304":123,"c27969ec":136,"12271e14":132,"be1746a0":135,"c6e3d352":138,"48655f09":156,"8cf83787":124,"6d802fa2":126,"8d753bb6":133,"820225e4":110,"1db42092":140,"cf84fb54":139,"8298e976":145,"ef16ca37":130,"a533489b":143,"288afc30":129,"fe0df575":145,"3d1af513":143,"792c9b6a":125,"42c80e69":140,"b230e8d3":134,"24a9fb86":147,"5eaa1581":129,"5a0eb771":126,"99e171db":129,"a1921150":146,"ce3407dd":130,"2b3e4717":135,"6e98dfda":133,"d1fe2868":144,"b7832271":149,"b5763ff6":115,"de6213c7":125,"884b0ad1":126,"6751d8e4":145,"fd07e0ed":144,"d3a669ac":139,"36d340f2":116,"d3e84616":144,"7080f122":132,"af157d29":135,"6de0aaac":125,"9e206c95":148,"7d6895f4":139,"d0e9a58e":128,"fe1d4419":133,"0b3283c9":141,"7ee148e9":134,"6d61bf13":128,"3c0df8b4":134,"61145ec9":142,"f3a0c2ee":130,"b28a5e67":152,"93b0a158":143,"dffa7793":108,"a40846b7":144,"f6fe095d":144,"c7ab83c1":124,"064a99c8":126,"c5b35e4d":120,"655954ba":130,"6fb4cdda":146,"0dad37d5":129,"104721f0":133,"b2c25d1c":127,"f2086446":130,"56752a4a":120,"03dcfa3d":136,"4b4ef7fa":122,"dd1fcb17":124,"12a2cd4b":131,"d82592f4":132,"820225e4":111,"e7e82473":155,"6291e9e9":133,"d36125db":139,"3310a049":132,"f044c0e1":127,"e81834aa":152,"1b153aef":146,"d102b0c6":130,"b3f19a69":122,"677c6a09":158,"aa187e3b":131,"d815c5b4":156,"ad2d7bed":139,"07f98660":137,"2b698053":136,"e28c2efc":122,"67c57de4":155,"ba938220":137,"6034b6d0":135,"05f6ab35":142,"eebc8d43":131,"4f59a322":135,"ba5c52af":134,"78b97937":141,"1745a0f4":136,"ec11fe5f":114,"9b546d65":125,"e9a8cf11":136,"deb31f35":134,"ed4fad08":139,"74e3d13e":141,"031e488e":141,"5f6613c8":121,"e15fd611":120,"35aa7fd0":142,"5f7d7195":131,"8a52882e":126,"90d52475":134,"37fbb107":136,"48efc739":154,"9147702f":118,"70bc8325":128,"47d27624":120,"9fa62fee":124,"92efd84f":132,"1f7607df":127,"fb7482fe":124,"d3a669ac":140,"7d6895f4":140,"49902219":154,"1d153b20":137,"ef8321d8":130,"0e036ae9":149,"eafbf9fb":133,"18815a1b":129,"3652bd66":129,"d0b297b2":117,"02d4753e":163,"b8397293":121,"fa55f27a":144,"72b84094":164,"e2a7d915":115,"9d0546ac":127,"77898c22":109,"efd23af5":129,"4dac6b20":112,"ecfa8249":143,"d634aa28":149,"4ee62a26":128,"1f11812e":140,"655941a0":146,"a68a93b2":127,"20e470e0":123,"be40590d":142,"2af60749":133,"ea6de194":135,"ca7d47f7":141,"7e76c93c":137,"24ffcbd3":156,"d9d7c4c2":137,"868cda42":130,"836701f6":132,"7896b953":139,"69eeae0d":118,"71ba7561":125,"52eca0dc":131,"74c26380":151,"cf1b8c47":139,"a5676c24":129,"695a2b92":124,"5099c6a0":153,"e45b4b53":117,"016953e4":144,"3e082b37":123,"fb7b7b3c":157,"104721f0":134,"c7313e0a":144,"80a8a56d":122,"0dad37d5":130,"3498f223":124,"a3253019":126,"7f86be64":133,"cac4449a":131,"be1746a0":136,"a636f4c9":142,"9c58dd76":143,"17807120":135,"ae8a09c4":131,"48655f09":157,"820225e4":112,"f5829ac0":147,"b36a0d66":121,"95bc84f1":123,"cf50e84e":128,"7732eb1e":152,"b84a06eb":135,"60d6cee2":134,"bfcb912a":136,"1ed46298":140,"dcfaba4c":136,"9f5e6cba":136,"03b4ab60":124,"2132fe93":142,"c81b2bcf":117,"bad1a1cc":127,"9d63c4dd":135,"0670c466":124,"6e98dfda":134,"23760167":137,"bda8cdfb":142,"884b0ad1":127,"dd7acb96":139,"bca2d7cd":125,"88b3bc99":118,"0d2a1c58":124,"d744bee2":127,"7028b044":121,"be4f8ba8":127,"3454fa2b":126,"546f6845":139,"affb82bf":140,"935ec056":127,"91b28f83":137,"f0a06216":128,"8bc04eb5":137,"88ce179e":147,"730a4938":126,"b3f19a69":123,"c803b4a3":132,"87083264":153,"7fb4c521":136,"6a5b71b4":127,"597c1f81":130,"8007f30e":106,"f7231212":127,"dd3913d2":121,"8f10fa42":167,"6034b6d0":136,"f67de058":137,"a533489b":144,"9e878ec2":138,"4ba6eb36":129,"02d4753e":164,"3a1b9af5":136,"daab45c6":121,"3b7763b1":121,"21ad2f34":139,"5fa12feb":141,"3ef7432b":139,"a0cca8b7":119,"26dd2000":155,"74f234c6":162,"1f11812e":141,"8942c35b":134,"30fdcd3b":128,"7be025ce":140,"c015ec5a":136,"0af920d8":121,"b320feb9":140,"e62d705f":121,"142d6987":134,"30c5d755":147,"88fa53d6":119,"aa021138":146,"b7505747":133,"08a4c3f8":139,"792c9b6a":126,"7d6895f4":141,"22176537":127,"eeaa2d46":143,"733c86f8":129,"11b2c8d9":132,"5f4102da":142,"6e44927f":126,"5f96c2bc":129,"195eb771":131,"61145ec9":143,"a5676c24":130,"d9a64845":133,"d5dae4c4":161,"dc583e64":143,"7ee148e9":135,"e45b4b53":118,"501db4de":133,"0a92153e":130,"fe578280":132,"c318d350":142,"3c43e8a2":142,"6d61bf13":129,"60e855ee":149,"73b15e04":133,"04612878":139,"bc392d1c":118,"1c3a30c5":129,"2198ba8e":125,"a0bc1ceb":136,"13f0e139":121,"8cf83787":125,"bab97de3":143,"d39724bc":123,"51a3e9c2":135,"ea4d3f3e":141,"67d30f2b":133,"f56ac638":114,"16b476e9":134,"e356abf1":141,"e4cfef0a":116,"53b4e647":139,"e57d5cda":134,"e4714415":148,"d6d61bfc":142,"2132fe93":143,"2ab62345":125,"c852d240":134,"13747b82":137,"081460bf":134,"faf3ed07":132,"cf775f58":138,"f4b2f575":116,"5d087c79":127,"39a2fcce":125,"8a52882e":127,"d1fe2868":145,"c0e2624b":129,"0fc5ac7e":156,"eb7b4e29":121,"84b67924":134,"ea822700":121,"6d802fa2":127,"a3d4a0e5":143,"07fc4a9a":146,"489a39f7":121,"0114160e":130,"b8397293":122,"a533489b":145,"ab7d4c9a":123,"f33c0140":132,"9267f0ef":151,"e1618359":136,"bc09fa9e":125,"70594a28":135,"7d112f4d":141,"df81ddee":123,"8f9b74b0":124,"92136ff5":135,"20777945":115,"cc11fef9":141,"5272520d":136,"b7434f57":109,"f883d582":122,"0af920d8":122,"a8726d50":119,"c2bb8aae":130,"25776fc4":143,"aa021138":147,"9e65c0ef":129,"f8b31ce5":158,"3a1b9af5":137,"db0a661e":131,"f9c15fcc":129,"9e878ec2":139,"b4fdf90e":142,"1f342a00":132,"88432019":130,"fd369c21":147,"d3e84616":145,"7080f122":133,"36d340f2":117,"546f6845":140,"217c0327":110,"416a9e97":126,"7218c9f1":116,"fee32863":136,"a59a8290":132,"50c468ba":137,"ae95f2ba":149,"f67de058":138,"cb142908":117,"a66a2d8a":150,"fe8f3d36":129,"f5e8dfee":145,"dd3913d2":122,"95904ac4":152,"0a1d11e6":123,"d8e58a8c":152,"a0cf08b3":108,"b28a5e67":153,"45b5746e":130,"08a561b7":132,"e3547548":119,"1623fc9f":134,"c4e70c07":129,"dc583e64":144,"b1f58563":131,"5099c6a0":154,"437fc3ec":141,"6b79fec2":122,"d1676e89":134,"f6fe095d":145,"064a99c8":127,"12a2cd4b":132,"ad8f85d6":142,"742f1425":137,"56752a4a":121,"8eb64769":135,"4febf7c5":137,"be149c6f":120,"162a7348":135,"bfcb912a":137,"1ed46298":141,"ed4fad08":140,"72805bf5":122,"bc3dc66a":137,"842c8340":125,"5339e1e9":141,"a939b50b":137,"f4b2f575":117,"cb6c9e42":144,"5f7d7195":132,"c6c85783":137,"9147702f":119,"2d54e0a8":126,"d83870f5":126,"67d30f2b":134,"4b125e7b":136,"88ce179e":148,"1bb4ccc0":138,"ee21ad02":149,"b3f19a69":124,"07fc4a9a":147,"95f6db13":133,"cf50e84e":129,"d9dcdc4b":149,"66554572":102,"a4dafea5":130,"501db4de":134,"36380d96":139,"704bce0d":139,"754f98c9":139,"90a06ee9":136,"9b742f71":129,"ebdbf580":137,"8f9b74b0":125,"6490bac6":127,"ccb5ea3e":119,"70594a28":136,"7e8e1c3d":128,"21ad2f34":140,"c8dc010f":140,"1e191c98":112,"4279e829":155,"902f49f5":131,"d0c104c4":107,"8942c35b":135,"66497c7e":132,"66b7b5b4":129,"3c782bb3":130,"4f5e3e7d":122,"d0b297b2":118,"34658473":122,"358e45b1":123,"d0e9a58e":129,"cd95f558":139,"3d1af513":144,"d3a669ac":141,"bca2d7cd":126,"884b0ad1":128,"84b67924":135,"b947257e":139,"9de29816":117,"affb82bf":141,"8cc4a982":142,"d6320619":124,"09560615":113,"3f65f121":136,"ec2cb1af":130,"0785820e":135,"95539a58":123,"82204d54":125,"ae95f2ba":150,"f5e8dfee":146,"9c29f0ed":151,"78b97937":142,"77bfed7e":133,"1745a0f4":137,"53b4e647":140,"05f6ab35":143,"c38c2b52":123,"b28a5e67":154,"78467b8a":153,"fead11cf":123,"7ae34c64":137,"83b2f9c5":136,"45b5746e":131,"3f75d3bc":155,"aa867541":124,"dd035d2a":127,"c7636527":115,"ca7d47f7":142,"2154b6e8":123,"805af3c7":138,"8f13c203":122,"caddd0a7":138,"3fdb08f5":137,"d599b566":142,"5099c6a0":155,"93ac9ca3":132,"8dc9b4db":141,"dc583e64":145,"fb7b7b3c":158,"b935fc1c":133,"064a99c8":128,"d82592f4":133,"0eaf08da":132,"4cc141fa":109,"be1746a0":137,"a543ec74":121,"804d4dfa":136,"aa9ea5e8":122,"8cddb65e":135,"0ecfa1c9":128,"c9efc8f6":135,"68562193":117,"cb6c9e42":145,"9f5e6cba":137,"c6c85783":138,"449d8475":115,"a6003226":126,"7e15f8e8":137,"e0e48a2d":129,"ba586505":140,"d1d40c9c":143,"935ec056":128,"20811ddf":140,"6b82b527":144,"54d7de6b":149,"ce4da56f":143,"1a68160d":136,"f76a3e83":138,"dbc9df44":112,"ebdbf580":138,"9267f0ef":152,"36380d96":140,"e1618359":137,"3b7763b1":122,"4295ce9a":134,"0149e11a":118,"c650b434":141,"20777945":116,"8ea21393":119,"27d8bf51":130,"56d315d8":118,"4279e829":156,"906632cb":135,"3f9b5722":119,"9d4da635":117,"8d753bb6":134,"4b3e3b1c":141,"3310a049":133,"379184a7":148,"fa55f27a":145,"868edcc0":144,"3652bd66":130,"54a676d6":129,"b36a0d66":122,"45b038bb":162,"a533489b":146,"0ac825ed":138,"7a6aa4b6":135,"ccf8b803":134,"39a2fcce":126,"9d9dd9e5":123,"5a07fc2e":126,"fd07e0ed":145,"9ab755d3":121,"7e991ab9":104,"e58b26f6":142,"ea822700":122,"15620dca":147,"d3e84616":146,"98915a1f":116,"6d5fcd4c":132,"558d5ce7":133,"f87c5031":133,"ec2cb1af":131,"49902219":155,"869cbaa0":142,"d5059415":136,"9aa6a054":134,"056ea7ff":146,"fead11cf":124,"b73e789c":131,"2a76f1dd":125,"7218c9f1":117,"8f10fa42":168,"78b97937":143,"753ca352":120,"1745a0f4":138,"0f89862c":112,"062179c1":134,"7896b953":140,"2c6cb96f":113,"d5dae4c4":162,"da04caac":136,"db8ba455":135,"cf1b8c47":140,"6e44927f":127,"d0c104c4":108,"30fdcd3b":129,"859545e6":120,"a81a857c":131,"25776fc4":144,"7e76c93c":138,"e3547548":120,"c8fcad77":125,"65a00a3c":132,"3c43e8a2":143,"c564e316":133,"e7773397":118,"8dc9b4db":142,"836701f6":133,"27f52ed3":157,"1c3a30c5":130,"0eaf08da":133,"363590c7":142,"181c3dd5":138,"8cddb65e":136,"71279c46":127,"35aa7fd0":143,"031e488e":142,"a636f4c9":143,"ad2d7bed":140,"730a4938":127,"d1d40c9c":144,"6ee92259":139,"ba586505":141,"d83870f5":127,"cb4f262b":126,"64a7f79f":129,"792cfcbd":128,"2198ba8e":126,"aefe13f5":146,"f76a3e83":139,"b3863630":127,"36380d96":141,"e9679ede":125,"53431634":160,"69134f07":132,"288d171f":129,"d25e0f8d":151,"bfad1727":113,"4295ce9a":135,"c45d554f":139,"7e8e1c3d":129,"07107f6e":137,"8f9b74b0":126,"d634aa28":150,"c2bb8aae":131,"95f6db13":134,"1f88a4b7":150,"d36125db":140,"0114160e":131,"05642105":138,"8298e976":146,"a24e6670":135,"d0b297b2":119,"1bd5b20b":148,"5f8517b7":154,"336d0f08":149,"f1862e79":112,"08a4c3f8":140,"cfe72ead":119,"5774ac0d":147,"288a2c43":123,"6e98dfda":135,"794f652b":146,"9ceb5439":117,"1a0189c4":129,"39a2fcce":127,"8a52882e":128,"faf3ed07":133,"3062379b":120,"2d13e69b":131,"d3a669ac":142,"0bd93cfd":109,"d1715f3b":139,"0277d748":140,"6a3eaf43":129,"4d35385e":134,"2a06ab95":150,"bc021def":132,"aa5dfdf5":137,"51f57142":139,"623c6a31":146,"8dd2684c":129,"8ac72326":123,"76f94eda":140,"0d28db94":124,"abd32136":136,"9f74b8a4":126,"f2e3c0e3":116,"4930f321":127,"fe8f3d36":130,"78b97937":144,"7218c9f1":118,"25a2844e":146,"9a07d89b":130,"8007f30e":107,"616d6dd6":130,"13b53c7a":134,"a5fd8ffd":139,"d5dae4c4":163,"195eb771":132,"fafb4cc2":167,"751acea8":125,"b6591e25":139,"ddec9e54":133,"0c0e98ea":128,"0d5ee801":119,"7be025ce":141,"2af60749":134,"aa021138":148,"859545e6":121,"e5d3655c":148,"92f800f5":130,"4def63ee":104,"c564e316":134,"5410e9c6":143,"5623817d":124,"836701f6":134,"26f99a1e":128,"363590c7":143,"312f7676":142,"dc473de1":120,"d6d61bfc":143,"b2bd8fd3":125,"b6aaf976":142,"83b2f9c5":137,"3101354b":120,"2882a956":138,"f56ac638":115,"67d30f2b":135,"ea4d3f3e":142,"5b5fc566":129,"ad8f85d6":143,"cbad3b92":159,"812b4f15":112,"73b15e04":134,"c6e3d352":139,"efe84c27":129,"06ee61b6":120,"ebdbf580":139,"1247fa52":142,"9f2b16a7":144,"c0fea118":125,"3498f223":125,"53747a91":129,"e2cbe594":128,"44ff8baa":128,"f734c84c":153,"7b6a7048":134,"bfad1727":114,"8b2b601d":138,"fb44fa9c":150,"bab97de3":144,"95f6db13":135,"45fb95c1":129,"489a39f7":122,"3310a049":134,"0cb80f4a":132,"d102b0c6":131,"3652bd66":131,"5a0ead91":119,"31f6d707":144,"93b0a158":144,"b3f19a69":125,"07f98660":138,"67c57de4":156,"753ca352":121,"2b698053":137,"8ac72326":124,"eebc8d43":132,"fead11cf":125,"4930f321":128,"95539a58":124,"9b546d65":126,"062179c1":135,"dd3913d2":123,"7fdc2007":121,"6c524f99":141,"d8e58a8c":153,"c91966ce":116,"36fb15d2":140,"32133249":138,"6867261a":124,"5a734022":120,"31f6ba51":131,"ed4fad08":141,"b88033fd":140,"91d52a55":133,"d957f027":126,"25d1b2d8":138,"5957df9e":129,"9d9dd9e5":124,"9fa62fee":125,"c98d5272":132,"2a06ab95":151,"f271ed5d":139,"88b3bc99":119,"835358a0":124,"508aac3d":144,"1f7607df":128,"ec2cb1af":132,"140ce69e":129,"15620dca":148,"12012fbd":123,"6d339d45":113,"2dda3936":124,"416a9e97":127,"c4aa1e38":117,"efd23af5":130,"430a5db5":138,"8942c35b":136,"0c043224":146,"a68a93b2":128,"026766f3":132,"3b690f68":141,"5272520d":137,"dac109cf":129,"0f029727":122,"04ea5673":138,"4777334c":130,"7be025ce":142,"92f800f5":131,"0b959527":124,"82868763":129,"a40846b7":145,"d599b566":143,"3f2522c2":141,"8dc9b4db":143,"e238f09b":145,"93ac9ca3":133,"8a165e17":143,"2dd0e808":128,"fafb4cc2":168,"00a481e3":146,"74c26380":152,"8bc04eb5":138,"1c3a30c5":131,"dd1fcb17":125,"73b15e04":135,"804d4dfa":137,"03dcfa3d":137,"9f2b16a7":145,"c7313e0a":145,"1a68160d":137,"8e780922":134,"69d4b754":128,"36380d96":142,"696fdac5":133,"b6ee137a":128,"3007f31f":125,"9c58dd76":144,"6be9332a":119,"26009d3f":126,"49910300":121,"3c782bb3":131,"159ffd0b":120,"e0f7679f":118,"cf50e84e":130,"045f280d":128,"82b81567":118,"f9c15fcc":130,"ea274174":134,"40569362":146,"d929098e":112,"16b476e9":135,"e4c312fe":129,"1c0a9eff":125,"6b82b527":145,"54d7de6b":150,"e57d5cda":135,"d4ee22a4":144,"c38c2b52":124,"6a5b71b4":128,"2352c8ef":134,"7e95c5a0":143,"a0685bf3":145,"4930f321":129,"eebc8d43":133,"cc5a1d47":123,"a59a8290":133,"25a2844e":147,"c463799d":140,"50b558a7":116,"8245f916":132,"be149c6f":121,"d6d61bfc":144,"c4bff41f":144,"42c80e69":141,"deb31f35":135,"76f3a3be":134,"31d74eee":127,"bc3dc66a":138,"d1fe2868":146,"d5557fb4":138,"37fbb107":137,"99e171db":130,"0670c466":125,"44a4f7cd":137,"b947257e":140,"70bc8325":129,"d1ca5d6b":144,"88b3bc99":120,"39ba00f0":137,"fb7482fe":125,"cbb54a0a":115,"f2f58418":122,"f87c5031":134,"15620dca":149,"a77e8461":132,"fa55f27a":146,"5f8517b7":155,"4dac6b20":113,"20777945":117,"26dd2000":156,"e21c6207":132,"9a80f004":126,"cc11fef9":142,"f4634d0b":128,"74f234c6":163,"c2bb8aae":132,"655941a0":147,"9d4da635":118,"381c68fa":132,"d9f512b9":140,"37a7d5b0":135,"14c682eb":124,"caddd0a7":139,"5f620a1e":141,"e786063b":144,"25776fc4":145,"263762cb":118,"d1715f3b":140,"623c6a31":147,"30dd2edc":132,"3c43e8a2":144,"42cd2360":110,"aa76bc50":119,"db8ba455":136,"6023df54":128,"537634c9":117,"8db5a165":121,"fafb4cc2":169,"83086d4c":141,"27f52ed3":158,"2c5c1dc0":124,"9a3cc55d":126,"2203f259":135,"8eb64769":136,"53431634":161,"c5b35e4d":121,"f76a3e83":140,"4e3f5178":141,"7f86be64":134,"06ee61b6":121,"972f4174":141,"a636f4c9":144,"59c1e594":130,"73b15e04":136,"b460f030":154,"87ce8d1d":120,"2198ba8e":127,"1be05c14":136,"820225e4":113,"159ffd0b":121,"66554572":103,"6c73ae98":113,"8b2b601d":139,"045f280d":129,"ea274174":135,"3b2dee89":132,"ea4d3f3e":143,"290b4714":135,"4258c176":120,"87c462ee":145,"6c20c153":132,"04bef50c":108,"cf9f4757":126
1604737587685,"7b6a7048":135,"e2a7d915":116,"27d8bf51":131,"c8dc010f":141,"f734c84c":154,"a851554d":134,"efd23af5":131,"0d5ee801":120,"66497c7e":133,"059d6c19":147,"142d6987":135,"d0c104c4":109,"74f234c6":164,"906632cb":136,"014460b9":157,"e786063b":145,"ba30e43a":147,"7e76c93c":139,"7be025ce":143,"619fda68":155,"ac030e74":124,"0bfabf48":127,"1bc0591f":130,"d5059415":137,"78467b8a":154,"ef91eaae":120,"4f59a322":136,"dd3913d2":124,"9a3ab0b8":123,"cd522166":145,"7fdc2007":122,"50b558a7":117,"b5ce0c0c":145,"62d1d346":117,"2c6cb96f":114,"cf1b8c47":141,"08a561b7":133,"6023df54":129,"d9a64845":134,"5f0c1b9d":140,"2dd0e808":129,"06ee61b6":122,"e1618359":138,"42c80e69":142,"47cfba38":124,"725dce8b":145,"181c3dd5":139,"5ac86fb9":147,"a2c334e7":146,"794f652b":147,"64db4feb":154,"7e15f8e8":138,"b88033fd":141,"e99318a3":138,"c67979e6":157,"6adce358":153,"23760167":138,"fd07e0ed":146,"aa5dfdf5":138,"7db3edda":132,"70c1e715":126,"3062379b":121,"fb7482fe":126,"de6213c7":126,"f87c5031":135,"b9a48a5c":118,"704bce0d":140,"e7abc88d":124,"79f04300":132,"90a06ee9":137,"1e232870":145,"f9f2c53f":115,"3007f31f":126,"8f9b74b0":127,"4dac6b20":114,"25e0dd3d":142,"7e8e1c3d":130,"f4343817":132,"dae0f922":142,"4279e829":157,"1a2ec5d7":148,"0d5ee801":121,"142d6987":136,"c3e6ef01":138,"d033db8d":143,"bd2705b0":147,"cb4f262b":127,"2882a956":139,"00cf385d":140,"677c6a09":159,"04cc7cbe":120,"e356abf1":142,"8ac72326":125,"ac030e74":125,"82204d54":126,"619fda68":156,"2ce1af05":122,"fead11cf":126,"6c486702":136,"91536e85":136,"8f13c203":123,"affb82bf":142,"172217e5":139,"1d153b20":138,"8dd2684c":130,"416a9e97":128,"4777334c":131,"a577db1c":123,"7e76c93c":140,"4c39240e":142,"5ab7bc35":133,"c1bdfd41":123,"8f2a7d69":129,"792c9b6a":127,"00554ffd":147,"1bd5b20b":149,"d102b0c6":132,"4ba6eb36":130,"93b9fae6":123,"92ca52b7":142,"1105f790":143,"ae95f2ba":151,"ba5c52af":135,"f2e3c0e3":117,"537634c9":118,"abc1d7ad":147,"cf1b8c47":142,"f789f6d8":135,"1d44aff3":147,"56473430":145,"d9a64845":135,"5eaa1581":130,"a2c334e7":147,"a6003226":127,"57d5dee8":136,"5ac86fb9":148,"d957f027":127,"91d52a55":134,"9f5e6cba":138,"ccf8b803":135,"e4714415":149,"8ec3834d":147,"449d8475":116,"23760167":139,"77f31bab":146,"eb7b4e29":122,"2d54e0a8":127,"d0d6acb1":137,"9147702f":120,"2180f99b":134,"70c1e715":127,"104721f0":135,"501db4de":135,"c85a0d80":143,"bd984a8e":123,"a4296d1e":131,"c21ab51e":116,"5e193fc8":139,"201cafad":133,"53747a91":130,"f9f2c53f":116,"93e8cee5":156,"ccb5ea3e":120,"debe1f65":132,"e45b4b53":119,"3e082b37":124,"82868763":130,"dc583e64":146,"25635c37":113,"fe1d4419":134,"0b3283c9":142,"56752a4a":122,"baebb391":144,"6be9332a":120,"bc392d1c":119,"2198ba8e":128,"a0bc1ceb":137,"c609739e":135,"f4343817":133,"8942c35b":137,"a4f1d83b":126,"66b7b5b4":130,"e4c312fe":130,"4652b09a":148,"7fef9973":140,"37d0cae2":120,"abad2347":139,"ad2d7bed":141,"a502c93c":119,"053f3451":130,"180377be":127,"ca6d2d91":137,"c793cdda":134,"3661e12d":127,"2dda3936":125,"15620dca":150,"945b63f0":158,"6d5fcd4c":133,"b9a48a5c":119,"416a9e97":129,"1e191c98":113,"c8977844":132,"a577db1c":124,"9e65c0ef":130,"d6f0d94a":120,"259930ee":139,"e5d3655c":149,"4fd645f1":122,"719c8869":151,"90731976":126,"3310a049":135,"de36827b":153,"0b5a0408":135,"bbe71605":117,"2cce4fb2":138,"2d1e1e9d":128,"45b038bb":163,"554ebb83":136,"08a4c3f8":141,"9263c525":136,"288afc30":130,"de11eb19":140,"49bf2e95":123,"831c7b85":130,"7566fdd6":146,"1dad0f99":128,"fe8f3d36":131,"f2e3c0e3":118,"c8113b77":125,"ec11fe5f":115,"ac030e74":126,"9496f56f":138,"fef750ca":128,"c6dc900c":111,"ef14000f":152,"19551bad":121,"5f96c2bc":130,"906fdec3":121,"95904ac4":153,"a15713c6":151,"4bc46d7a":127,"83b2f9c5":138,"6e44927f":128,"72805bf5":123,"b230e8d3":135,"57d5dee8":137,"13747b82":138,"b7cc7909":141,"f4b2f575":118,"bb8a6337":123,"1ed46298":142,"449d8475":117,"cb6c9e42":146,"a983a6dc":119,"93fdbb44":122,"ce3407dd":131,"b88033fd":142,"8657c79d":144,"e1618359":139,"b2c25d1c":128,"acac14fb":131,"d34a29b9":147,"f121b82c":147,"80a8a56d":123,"470d50c2":131,"8f9b74b0":128,"6490bac6":128,"263762cb":119,"42191b64":107,"25635c37":114,"d1676e89":135,"19f9ca86":137,"f2470875":149,"5781776a":137,"a0b03218":135,"87922532":149,"4cc141fa":110,"d8475b95":106,"cbad3b92":160,"946df4fd":142,"64a7f79f":130,"0149e11a":119,"ab7467de":144,"a0ce82b4":136,"ded7da5a":144,"70594a28":137,"ad2d7bed":142,"5eab91a0":144,"d1d40c9c":145,"1a442bc7":126,"124fbe96":121,"b3f19a69":126,"aa187e3b":132,"a8726d50":120,"2f455cce":137,"39ba00f0":138,"d3a669ac":143,"6751d8e4":146,"d744bee2":128,"b5763ff6":116,"3f65f121":137,"21ee2afe":137,"558d5ce7":134,"be4f8ba8":128,"140ce69e":130,"623c6a31":148,"9de29816":118,"8db62558":129,"902f49f5":132,"d033db8d":144,"d634aa28":151,"30fdcd3b":130,"430a5db5":139,"2154b6e8":124,"a81a857c":132,"9e65c0ef":131,"4577b333":133,"1623fc9f":135,"37a7d5b0":136,"ca7d47f7":143,"7732eb1e":153,"868edcc0":145,"95bc84f1":124,"6d802fa2":128,"8298e976":147,"4945c851":137,"3d1af513":145,"045f280d":130,"34658473":123,"1bd5b20b":150,"b4fdf90e":143,"379184a7":149,"0ac825ed":139,"8493f3b2":133,"e57d5cda":136,"92ca52b7":143,"d2466211":151,"afe8e06a":123,"33d6bb6a":127,"b9be31d6":134,"ae95f2ba":152,"eb2e1983":130,"e4cfef0a":117,"cfafcda8":125,"8fb236a9":113,"a8c93bed":128,"7af262e5":149,"77bfed7e":134,"616d6dd6":131,"d9d0c567":133,"a472532e":120,"b28a5e67":155,"d9a64845":136,"5f96c2bc":131,"fe44fc6f":124,"081460bf":135,"32133249":139,"a6003226":128,"64db4feb":155,"9d63c4dd":136,"0681c48e":141,"789bd484":128,"12534561":127,"5339e1e9":142,"a47abfbb":123,"97e75c19":149,"34c5c729":126,"c7313e0a":146,"dbc9df44":113,"3498f223":126,"e7abc88d":125,"60e855ee":150,"42191b64":108,"ea9bba6b":135,"8dd649a3":128,"09ff339a":108,"a77e127d":109,"a40846b7":146,"9c58dd76":145,"e1618359":140,"9b742f71":130,"3007f31f":127,"2ad42a9e":144,"a851554d":135,"6ee92259":140,"c0b23081":147,"d83870f5":128,"e4c312fe":131,"fea793f5":137,"6775d5cd":137,"20811ddf":141,"18d20aa1":128,"53747a91":131,"4eed1bea":137,"5d087c79":128,"4ed01268":118,"5f7d7195":133,"911e770b":136,"b5763ff6":117,"f069bb07":129,"88b3bc99":121,"84b67924":136,"4bcd4a30":150,"2dda3936":126,"2d13e69b":132,"3661e12d":128,"bb99c79c":130,"3454fa2b":127,"51f57142":140,"be4f8ba8":129,"49902219":156,"6490bac6":129,"1f11812e":142,"467773ac":130,"4ee62a26":129,"19e9776f":130,"906632cb":137,"30d84dce":122,"142d6987":137,"719c8869":152,"65a00a3c":133,"e786063b":146,"d9d7c4c2":138,"e32524d6":134,"92f800f5":132,"62d1d346":118,"812b4f15":113,"23080895":121,"742f1425":138,"87ce8d1d":121,"ae8a09c4":132,"c6e3d352":140,"a6bcb07e":135,"6291e9e9":134,"bab97de3":145,"a4dafea5":131,"1db42092":141,"8298e976":148,"6d802fa2":129,"332820ce":137,"5f8517b7":156,"8493f3b2":134,"8d000d6e":127,"0042f6eb":123,"621d6b18":144,"78b97937":145,"6f39f4d9":143,"1dad0f99":129,"f67de058":139,"1bc0591f":131,"6a5b71b4":129,"9c29f0ed":152,"7bda83dd":128,"b87158fb":142,"ba938220":138,"dfcc2ad1":150,"ae95f2ba":153,"a472532e":121,"d8e58a8c":154,"2dd0e808":130,"195eb771":133,"537634c9":119,"8a165e17":144,"3c18f28e":131,"8d04852b":136,"288a2c43":124,"ccf8b803":136,"c64de0c0":115,"e0154608":133,"69134f07":133,"104721f0":136,"8323d333":115,"ea274174":136,"379184a7":150,"b1f58563":132,"eda6a690":112,"77d35808":122,"60e855ee":151,"dcf85091":118,"4c4aa2e2":133,"696fdac5":134,"501db4de":136,"a0ce82b4":137,"e21c6207":133,"a0cca8b7":120,"aa867541":125,"e382ec3f":116,"20811ddf":142,"d815c5b4":157,"a6b5e869":125,"4652b09a":149,"c0b23081":148,"f56ac638":116,"23760167":140,"71a2a493":107,"842c8340":126,"03b4ab60":125,"6adce358":154,"b230e8d3":136,"90d52475":135,"4ed01268":119,"c98d5272":133,"2c627253":134,"92efd84f":133,"f069bb07":130,"2d54e0a8":128,"f4726450":131,"7028b044":122,"0fc5ac7e":157,"6d339d45":114,"a63bddd4":167,"865d9857":112,"ef8321d8":131,"12012fbd":124,"2cb29e5a":140,"546f6845":141,"ecfa8249":144,"79e4fa1c":127,"bfad1727":115,"5fa12feb":142,"906632cb":138,"f1b493de":155,"30dbfc69":130,"751bcf25":128,"467773ac":131,"d033db8d":145,"655941a0":148,"c1bdfd41":124,"c015ec5a":137,"aa021138":149,"4fd645f1":123,"e786063b":147,"0b959527":125,"14c682eb":125,"c318d350":143,"f2470875":150,"c7ab83c1":125,"064a99c8":129,"aefe13f5":147,"baebb391":145,"946df4fd":143,"b2bd8fd3":126,"a43061ee":118,"dfc89705":134,"1be05c14":137,"d6db2b02":136,"66554572":104,"d36125db":141,"0d2c95fe":134,"868edcc0":146,"8063df14":131,"478d2d4f":143,"4d9b0b10":136,"831c7b85":131,"67c57de4":157,"19551bad":122,"0042f6eb":124,"d7cb9bcf":123,"33d6bb6a":128,"7a4c064c":142,"cfafcda8":126,"9f74b8a4":127,"0d28db94":125,"b9be31d6":135,"810aa5e9":143,"7a2f3f06":129,"02d4753e":165,"e0f7679f":119,"31f6d707":145,"3d1af513":146,"b7407bd3":127,"50312237":146,"82b81567":119,"685207b3":139,"f76a3e83":141,"d34a29b9":148,"288d171f":130,"754f98c9":140,"2e3503e4":136,"c85a0d80":144,"1ed46298":143,"d6d61bfc":145,"4911acad":107,"081460bf":136,"deb31f35":136,"36b7003c":158,"5a734022":121,"2a387957":132,"c6c85783":139,"8d04852b":137,"36684155":130,"794f652b":148,"815e4582":144,"527ff946":149,"0d2a1c58":125,"6e851762":129,"aaa274a5":138,"70c1e715":128,"3c6692a3":155,"0fc5ac7e":158,"cbb54a0a":116,"12dd6f5e":126,"2cb29e5a":141,"53a8613c":151,"b28a5e67":156,"71ba7561":126,"5f0c1b9d":141,"3a291497":116,"5f96c2bc":132,"f3a0c2ee":131,"cb4f262b":128,"5acce642":125,"d815c5b4":158,"d83870f5":129,"aa187e3b":133,"9cb4697f":148,"67d30f2b":136,"e2cbe594":129,"e2a7d915":117,"ecfa8249":145,"913a6226":134,"bc09fa9e":126,"fb8bfb36":147,"40e79dd3":134,"8db62558":130,"751acea8":126,"6f81493d":119,"40a745c0":145,"0af920d8":123,"94a2fe10":141,"1f11812e":143,"a33fe0dd":139,"fb7b7b3c":159,"e238f09b":146,"3e082b37":125,"004f1ef3":162,"bad6cdb1":113,"3712c4bd":119,"a0b03218":136,"1da771fb":130,"aa00769b":152,"2c5c1dc0":125,"dfc89705":135,"35b58ef9":127,"b7df1559":136,"0f72f2d8":126,"fbdffc95":124,"d9d7c4c2":139,"28d40296":109,"e3547548":121,"44c77422":138,"65a00a3c":134,"affb82bf":143,"6d339d45":115,"30dd2edc":133,"09560615":114,"062179c1":136,"753ca352":122,"05f6ab35":144,"c8113b77":126,"ba5c52af":136,"8fb236a9":114,"0785820e":136,"dc0c8b09":144,"10ec5a0b":121,"33d6bb6a":129,"be3a10f8":155,"cc5a1d47":124,"dfcc2ad1":151,"b9be31d6":136,"52eca0dc":132,"cf84fb54":140,"4b3e3b1c":142,"b2703001":144,"f5829ac0":148,"88a30343":130,"0cb80f4a":133,"489a39f7":123,"1ff8c2fc":141,"de36827b":154,"b35e9e1a":168,"336d0f08":150,"3d1af513":147,"358e45b1":124,"8323d333":116,"c0fea118":126,"5be594be":134,"e7abc88d":126,"0dad37d5":131,"00a481e3":147,"cf1b8c47":143,"f3a0c2ee":132,"dc03ebd2":148,"012de09c":125,"4bc46d7a":128,"7ee7621c":134,"f3992a31":136,"4b4ecbce":111,"f33c0140":133,"0681c48e":142,"bc3dc66a":139,"af034fee":139,"5a0eb771":127,"61d4782d":137,"cb6c9e42":147,"b35bb8a1":127,"bad1a1cc":128,"76f3a3be":135,"bf822e33":129,"2132fe93":144,"25d1b2d8":139,"5f7d7195":134,"c6c85783":140,"2c01e624":135,"2d54e0a8":129,"5a07fc2e":127,"1f342a00":133,"7028b044":123,"b7832271":150,"fd369c21":148,"d6320619":125,"eafbf9fb":134,"d2a841c9":126,"f2f58418":123,"ef8321d8":132,"af157d29":136,"b946e146":154,"72b84094":165,"d25e0f8d":152,"26dd2000":157,"8ea21393":120,"21e10a2b":136,"c650b434":142,"6b9eff39":127,"b6591e25":140,"31408822":123,"9316e7e8":111,"19f9ca86":138,"60e855ee":152,"83086d4c":142,"09ff339a":109,"fb7b7b3c":160,"2203f259":136,"317c1591":148,"6be9332a":121,"c6e3d352":141,"d82592f4":134,"03dcfa3d":138,"f1098793":131,"2d382981":135,"aa00769b":153,"0841052c":143,"5ccf94d6":129,"56d315d8":119,"75ffea08":134,"c8fcad77":126,"7a9344a4":158,"ca7d47f7":144,"c4e70c07":130,"2045d7d6":134,"f8b31ce5":159,"4577b333":134,"c0b23081":149,"1757a30e":129,"bb00e71c":113,"d929098e":113,"6ee92259":141,"4258c176":121,"5f4102da":143,"6034b6d0":137,"fe8f3d36":132,"ae95f2ba":154,"0042f6eb":125,"13b53c7a":135,"8fb236a9":115,"8063df14":132,"cf9f4757":127,"385ab7c6":133,"eb2e1983":131,"6f39f4d9":144,"9a07d89b":131,"faf4f98b":144,"8cf83787":126,"4b3e3b1c":143,"32c9fc47":131,"cf50e84e":131,"bbe71605":118,"06ddafc7":112,"bab97de3":146,"a533489b":147,"6585adbe":112,"9263c525":137,"06073f13":145,"358e45b1":125,"b4fdf90e":144,"f9c15fcc":131,"2dd0e808":131,"8a165e17":145,"7ae34c64":138,"a5676c24":131,"313258f2":135,"aa867541":126,"8db5a165":122,"9f5e6cba":139,"4125085e":152,"aec4e1bf":128,"e9a8cf11":137,"f94bf9ea":133,"91d52a55":135,"24a9fb86":148,"bf822e33":130,"25d1b2d8":140,"2ab62345":126,"90d52475":136,"815e4582":145,"5d087c79":129,"93fdbb44":123,"26c390d6":128,"70bc8325":130,"c0e2624b":130,"72d7b461":141,"6751d8e4":147,"7028b044":124,"3c6692a3":156,"0277d748":141,"4b4ecbce":112,"1a2c020b":130,"fe578280":133,"79f04300":133,"77300e4a":118,"0da28f5b":136,"80a8a56d":124,"0149e11a":120,"e21c6207":134,"2b3c49b9":135,"18d20aa1":129,"8f9b74b0":129,"70594a28":138,"20777945":118,"312f7676":143,"c0b7e7d7":114,"83086d4c":143,"95d3d348":125,"dc583e64":147,"22aeaf03":135,"b935fc1c":134,"6ebe2354":111,"99d130c9":143,"b460f030":155,"946df4fd":144,"4febf7c5":138,"12a2cd4b":133,"04612878":140,"26ed1a5c":131,"467773ac":132,"f1b493de":156,"cf1124db":121,"a4f1d83b":127,"906632cb":139,"430a5db5":140,"49b358bd":137,"30c5d755":148,"bb99c79c":131,"25a7a0a3":138,"d6320619":126,"bc021def":133,"0e036ae9":150,"30dd2edc":134,"c0b0f492":143,"c7636527":116,"a33fe0dd":140,"935ec056":129,"4652b09a":150,"ad2d7bed":143,"d929098e":114,"1c0a9eff":126,"c0b23081":150,"04bef50c":109,"0e2b5d2f":140,"cfafcda8":127,"d4ee22a4":145,"629800eb":143,"dc0c8b09":145,"bd62d7ed":122,"77bfed7e":135,"e35a63cd":135,"b9be31d6":137,"b73e789c":132,"05f6ab35":145,"9c29f0ed":153,"a567ace4":134,"ef91eaae":121,"44c77422":139,"b7505747":134,"8cf83787":127,"f5829ac0":149,"2cce4fb2":139,"2d1e1e9d":129,"59431390":132,"8323d333":117,"0b5a0408":136,"d0e9a58e":130,"1db42092":142,"358e45b1":126,"45b038bb":164,"08a4c3f8":142,"7a6aa4b6":136,"49bf2e95":124,"4125085e":153,"1ed46298":144,"6867261a":125,"1b881e6e":136,"35aa7fd0":144,"794f652b":149,"74e3d13e":142,"0670c466":126,"deb31f35":137,"37fbb107":138,"af034fee":140,"527ff946":150,"bad1a1cc":129,"cf775f58":139,"26c390d6":129,"3c6692a3":157,"0fc5ac7e":159,"778c95e9":137,"1f342a00":134,"284544ba":124,"c793cdda":135,"8db5a165":123,"d8e58a8c":155,"731fc335":112,"08a561b7":134,"ae016053":151,"ef8987d7":128,"dd035d2a":128,"b3863630":128,"ebdbf580":140,"1a68160d":138,"2e3503e4":137,"0da28f5b":137,"4c4aa2e2":134,"dbc9df44":114,"da3437cd":133,"feb67030":128,"4eed1bea":138,"debe1f65":133,"92136ff5":136,"263762cb":120,"f5cd79c1":129,"dc583e64":148,"9a3cc55d":127,"3e082b37":126,"3c43e8a2":145,"fb7b7b3c":161,"b7df1559":137,"6ebe2354":112,"481754fc":120,"64a7f79f":131,"35b58ef9":128,"71bc1295":120,"742f1425":139,"70594a28":139,"f4343817":134,"cc11fef9":143,"0c0e98ea":129,"e62d705f":122,"74f234c6":165,"4ee62a26":130,"4d35385e":135,"d2a841c9":127,"e9adbe58":130,"affb82bf":144,"bb99c79c":132,"558d5ce7":135,"6143f39d":132,"c3e6ef01":139,"f883d582":123,"49b358bd":138,"37d0cae2":121,"79be29c8":125,"d1d40c9c":146,"0d770b97":131,"7fef9973":141,"bf30a08f":144,"cb4f262b":129,"43d87483":136,"78467b8a":155,"53b4e647":141,"e35a63cd":136,"cc5a1d47":125,"6a7392d5":120,"385ab7c6":134,"9a07d89b":132,"00a17b46":138,"6c524f99":142,"621d6b18":145,"2352c8ef":135,"dc0c8b09":146,"e4cfef0a":118
1604737589004,"4def63ee":105,"75ffea08":135,"fce3c5c6":124,"f8b31ce5":160,"805af3c7":139,"ffc86f94":108,"1138796e":145,"49910300":122,"5678ed7b":151,"f277386e":116,"a3d4a0e5":144,"cf84fb54":141,"c4aa1e38":118,"bbe71605":119,"9260d96b":158,"b7407bd3":128,"1ff8c2fc":142,"b8397293":123,"8245f916":133,"45b038bb":165,"ed4fad08":142,"13747b82":139,"bda8cdfb":143,"a1370ab0":132,"4ed01268":120,"dcfaba4c":137,"9ceb5439":118,"af034fee":141,"c67979e6":158,"0681c48e":143,"3c18f28e":132,"394dc144":127,"b8ab8e6e":130,"9fa62fee":126,"9d9dd9e5":125,"884b0ad1":129,"70c1e715":129,"2c01e624":136,"731fc335":113,"61145ec9":144,"08a561b7":135,"f789f6d8":136,"d9a64845":137,"cf1b8c47":144,"fafb4cc2":170,"685207b3":140,"e9679ede":126,"f2086446":131,"69134f07":134,"77300e4a":119,"d548635d":137,"1e232870":146,"6490bac6":130,"e45b4b53":120,"3712c4bd":120,"09ff339a":110,"25635c37":115,"312f7676":144,"5410e9c6":144,"363590c7":144,"dd1fcb17":126,"2198ba8e":129,"26c6fa34":131,"aa00769b":154,"baebb391":146,"468fc85c":136,"547903ef":141,"7d112f4d":142,"d25e0f8d":153,"261c9911":142,"201cafad":134,"f4343817":135,"e58b26f6":143,"aec074c4":145,"c793cdda":136,"e9adbe58":131,"49902219":157,"57540cc3":145,"a63bddd4":168,"6de0aaac":126,"f2ca27d9":134,"be4f8ba8":130,"e62d705f":123,"ae99df30":125,"00cf385d":141,"4258c176":122,"d929098e":115,"7735c3c2":123,"93b0a158":145,"e356abf1":143,"cc5a1d47":126,"733c86f8":130,"abd32136":137,"dd3913d2":125,"f4634d0b":129,"3b690f68":142,"0d5ee801":122,"d033db8d":146,"8942c35b":138,"be40590d":143,"4777334c":132,"2045d7d6":135,"859545e6":122,"8f13c203":124,"7043382d":136,"c1bdfd41":125,"c7636527":117,"87ce8d1d":122,"a24e6670":136,"8aa78e2f":126,"06ddafc7":113,"a6bcb07e":136,"45fb95c1":130,"90731976":127,"045f280d":131,"d0e9a58e":131,"ea274174":137,"5a0ead91":120,"8d000d6e":128,"761cf820":137,"2e99f8fd":122,"fa55f27a":147,"68562193":118,"faf3ed07":134,"4911acad":108,"e9a8cf11":138,"842c8340":127,"40860a4b":115,"84369269":117,"c93c3508":115,"789bd484":129,"8cddb65e":137,"bda8cdfb":144,"fd07e0ed":147,"aec4e1bf":129,"50c3164b":149,"650bb0e0":123,"2b698053":138,"8007f30e":108,"afe8e06a":124,"93b9fae6":124,"1105f790":144,"cb142908":118,"2352c8ef":136,"10ec5a0b":122,"8721056e":123,"ef91eaae":122,"69eeae0d":119,"906fdec3":122,"08a561b7":136,"fafb4cc2":171,"ec110282":149,"dc03ebd2":149,"83b2f9c5":139,"dbc9df44":115,"ab7d4c9a":124,"4b4ecbce":113,"7f86be64":135,"9b742f71":131,"95d3d348":126,"f5cd79c1":130,"014bdff0":139,"42191b64":109,"c318d350":144,"39bbc4bc":148,"5270f158":126,"48655f09":158,"f598a332":122,"470d50c2":132,"2209903e":143,"51c57542":145,"0a96f57a":145,"547903ef":142,"4dac6b20":115,"4eed1bea":139,"f4343817":136,"04cc7cbe":121,"e382ec3f":117,"1a442bc7":127,"fea793f5":138,"bd2705b0":148,"2882a956":140,"7fef9973":142,"5747db6e":150,"0f1ac912":115,"383e232d":125,"dd7acb96":140,"d3a669ac":144,"cbb54a0a":117,"1d153b20":139,"eafbf9fb":135,"affb82bf":145,"9de29816":119,"eeaa2d46":144,"9e206c95":149,"6143f39d":133,"cc11fef9":144,"180377be":128,"b7434f57":110,"381c68fa":133,"d0c104c4":110,"ddec9e54":134,"6e24d88b":121,"e1571af7":138,"d6f0d94a":121,"d9d7c4c2":140,"0a2f71bc":129,"2154b6e8":125,"014460b9":158,"b6aaf976":143,"468fc85c":137,"4febf7c5":139,"03dcfa3d":139,"ae8a09c4":133,"01cd8099":134,"1db42092":143,"45fb95c1":131,"0b5a0408":137,"6d802fa2":130,"bbe71605":120,"820225e4":114,"4ff2225d":127,"9263c525":138,"31f6d707":146,"6f0fcb9d":135,"761cf820":138,"8493f3b2":135,"fe0df575":146,"4def63ee":106,"12534561":128,"aec4e1bf":130,"9ceb5439":119,"6e98dfda":136,"c852d240":135,"9a3ab0b8":124,"753ca352":123,"0042f6eb":126,"cb142908":119,"bd62d7ed":123,"056ea7ff":147,"062179c1":137,"831c7b85":132,"c803b4a3":133,"10ec5a0b":123,"1745a0f4":139,"67c57de4":158,"7af262e5":150,"8fb236a9":116,"195eb771":134,"52eca0dc":133,"1d44aff3":148,"61145ec9":145,"810aa5e9":144,"fd482491":152,"4bc46d7a":129,"cb51f134":141,"b2a8761b":122,"f2470875":151,"016953e4":145,"696fdac5":135,"a4296d1e":132,"a836aa93":126,"4e3f5178":142,"f3992a31":137,"754f98c9":141,"4e5aaaec":116,"0a96f57a":146,"730a4938":128,"290b4714":136,"3b2dee89":133,"ad2d7bed":144,"5eab91a0":145,"bb00e71c":114,"abad2347":140,"07107f6e":138,"d1fe2868":147,"42c80e69":143,"c6c85783":141,"03b4ab60":126,"31f6ba51":132,"254cc28c":141,"6632fed0":141,"bad1a1cc":130,"ea822700":123,"b5763ff6":118,"6adce358":155,"911e770b":137,"5a07fc2e":128,"84b767be":160,"cbb54a0a":118,"2c01e624":137,"9a467a82":137,"f2ca27d9":135,"546f6845":142,"f2f58418":124,"01d817b8":108,"6143f39d":134,"ef8321d8":133,"27d8bf51":132,"3007f31f":128,"c8dc010f":142,"e1f0dbfd":149,"5cd3cfe0":119,"b6591e25":141,"c8977844":133,"40a745c0":146,"7a9344a4":159,"c3e6ef01":140,"430a5db5":141,"2af60749":135,"c8fcad77":127,"5ab7bc35":134,"805af3c7":140,"e3547548":122,"695a2b92":125,"39bbc4bc":149,"25635c37":116,"09f0db62":159,"e6fac295":122,"9c58dd76":146,"5b60dd1d":139,"a636f4c9":145,"a43061ee":119,"3e602573":127,"d8475b95":107,"aa00769b":155,"6291e9e9":135,"95f6db13":136,"66554572":105,"e81834aa":153,"11888cfa":121,"a6bcb07e":137,"4b3e3b1c":144,"4fd645f1":124,"c1bdfd41":126,"2a4a402a":133,"9496f56f":139,"8007f30e":109,"9aa6a054":135,"c510bfd3":146,"c38c2b52":125,"8063df14":133,"2352c8ef":137,"4d9b0b10":137,"1dad0f99":130,"9d023afb":141,"c8113b77":127,"cd522166":146,"af7e5be8":134,"b2cfdbcf":130,"da04caac":137,"42cd2360":111,"f789f6d8":137,"fa55f27a":148,"9260d96b":159,"de11eb19":141,"c7c4ec5c":112,"45b038bb":166,"82b81567":120,"cfe72ead":120,"efe84c27":130,"e9679ede":127,"e7abc88d":127,"79f04300":134,"cb51f134":142,"71e53c93":140,"731fc335":114,"7896b953":141,"cb4f262b":130,"e6ec8cbf":144,"79be29c8":126,"37d0cae2":122,"ae99df30":126,"69134f07":135,"5f6613c8":122,"2132fe93":145,"5a734022":122,"31d74eee":128,"a1370ab0":133,"815e4582":146,"25d1b2d8":141,"64db4feb":156,"5e09f69e":158,"d957f027":128,"bad1a1cc":131,"0681c48e":144,"a625328f":139,"449d8475":118,"de6213c7":127,"5f7d7195":135,"0bd93cfd":110,"fd369c21":149,"92efd84f":134,"fb7482fe":127,"d3a669ac":145,"315537b2":136,"558d5ce7":136,"6143f39d":135,"22176537":128,"175bc6b2":114,"0e036ae9":151,"09560615":115,"2b3c49b9":136,"754f98c9":142,"e21c6207":135,"3ef7432b":140,"5fa12feb":143,"bc09fa9e":127,"3b7763b1":123,"5a622a23":133,"cc11fef9":145,"94a2fe10":142,"e62d705f":124,"8942c35b":139,"0af920d8":124,"430a5db5":142,"906632cb":140,"014bdff0":140,"1951480c":124,"e238f09b":147,"c564e316":135,"363590c7":145,"22aeaf03":136,"3712c4bd":121,"6be9332a":122,"b460f030":156,"71bc1295":121,"e6fac295":123,"35b58ef9":129,"cac4449a":132,"17807120":136,"e36dfd6f":137,"6a60348e":126,"d9dcdc4b":150,"05642105":139,"1438fad7":139,"0b959527":126,"719c8869":153,"4c39240e":143,"7e76c93c":141,"08a06557":155,"259930ee":140,"4fd645f1":125,"a502c93c":120,"bec9d329":146,"78b97937":146,"07f98660":139,"eebc8d43":134,"cb142908":120,"eb2e1983":132,"ae95f2ba":155,"2b698053":139,"8063df14":134,"831c7b85":133,"b73e789c":133,"ffa08d82":136,"dfcc2ad1":152,"a567ace4":135,"50c468ba":138,"4945c851":138,"b84a06eb":136,"02d4753e":166,"cfe72ead":121,"31f6d707":147,"67f6e4f2":127,"7a6aa4b6":137,"40569362":147,"b8397293":124,"a836aa93":127,"972f4174":142,"c0fea118":127,"a5676c24":132,"abc1d7ad":148,"d9a64845":138,"a5fd8ffd":140,"db8ba455":137,"74c26380":153,"dd035d2a":129,"51a3e9c2":136,"7ee7621c":135,"d1d40c9c":147,"b3863630":129,"17446892":127,"d6d61bfc":146,"4911acad":109,"e99318a3":139,"2a387957":133,"9b3f8714":139,"7af9d3b1":135,"44a4f7cd":138,"c6c85783":142,"35aa7fd0":145,"a9b1bd51":105,"74e3d13e":143,"3c6692a3":158,"f271ed5d":140,"650bb0e0":124,"c98d5272":134,"778c95e9":138,"9fa62fee":127,"af0b61ab":137,"b7832271":151,"c793cdda":137,"9e206c95":150,"3661e12d":129,"eafbf9fb":136,"a63bddd4":169,"0e036ae9":152,"315537b2":137,"8cc4a982":143,"b2c25d1c":129,"3498f223":127,"470d50c2":133,"913a6226":135,"d25e0f8d":154,"261c9911":143,"b6ee137a":129,"8f9b74b0":130,"c45d554f":140,"805534ac":139,"430a5db5":143,"655941a0":149,"095ab3b4":135,"77d35808":123,"971675c5":132,"c564e316":136,"3e082b37":127,"5410e9c6":145,"71ff66e8":124,"b7df1559":138,"4cc141fa":111,"baebb391":147,"04612878":141,"27c8e038":148,"b460f030":157,"481754fc":121,"cf50e84e":132,"906632cb":141,"30c5d755":149,"859545e6":123,"0d5ee801":123,"7043382d":137,"d9d7c4c2":141,"5b5fc566":130,"4258c176":123,"6775d5cd":138,"1757a30e":130,"f5e8dfee":147,"c38c2b52":126,"b8488fc8":139,"91536e85":137,"597c1f81":131,"dd3913d2":126,"55928ef1":130,"053f3451":131,"7bda83dd":129,"c8113b77":128,"2352c8ef":138,"7fb4c521":137,"b102f7bd":135,"d033db8d":147,"0b959527":127,"f883d582":124,"5cd3cfe0":120,"92f800f5":133,"dac109cf":130,"0114160e":132,"a8871ddf":118,"288afc30":131,"bab97de3":147,"3c782bb3":132,"36fb15d2":141,"b35e9e1a":169,"489a39f7":124,"c7c4ec5c":113,"90731976":128,"f1862e79":113,"2e99f8fd":123,"9263c525":139,"87083264":154,"a5676c24":133,"0a1d11e6":124,"2c6cb96f":115,"95904ac4":154,"6e44927f":129,"83b2f9c5":140,"b28a5e67":157,"4911acad":110,"d6d61bfc":147,"f4b2f575":119,"aa9ea5e8":123,"9d63c4dd":137,"b7cc7909":142,"aff8e442":139,"4125085e":154,"815e4582":147,"081460bf":137,"04643409":144,"789bd484":130,"e4714415":150,"bca2d7cd":127,"7e15f8e8":139,"fd369c21":150,"ea822700":124,"911e770b":138,"aec074c4":146,"92efd84f":135,"6fb4cdda":147,"754f98c9":143,"9267f0ef":153,"6b78ad7f":142,"ebdbf580":141,"f2086446":132,"c5b35e4d":122,"72b84094":166,"e2a7d915":118,"bfad1727":116,"18d20aa1":130,"e2cbe594":130,"805534ac":140,"c650b434":143,"437fc3ec":142,"71ff66e8":125,"b935fc1c":135,"d1676e89":136,"312f7676":145,"5099c6a0":156,"4b4ef7fa":123,"2203f259":137,"3e602573":128,"03c398d2":142,"12271e14":133,"be1746a0":138,"12a2cd4b":134,"56752a4a":123,"180377be":129,"b7434f57":111,"0c0e98ea":130,"cd3bbe7e":134,"0af920d8":125,"19e9776f":131,"1f11812e":144,"b946e146":155,"c793cdda":138,"6143f39d":136,"9e206c95":151,"18815a1b":130,"3454fa2b":128,"eeaa2d46":145,"e9adbe58":132,"ca7d47f7":145,"aab4d996":134,"c1bdfd41":127,"3b2dee89":134,"677c6a09":160,"1c0a9eff":127,"87c462ee":146,"7ee7621c":136,"ad2d7bed":145,"f0a06216":129,"dd3913d2":127,"7a840529":122,"c1bb74f2":121,"cb142908":121,"6c486702":137,"43d87483":137,"fe8f3d36":133,"6a5b71b4":130,"0d7d88f1":140,"a59a8290":134,"13b53c7a":136,"629800eb":144,"e28c2efc":123,"b102f7bd":136,"259930ee":141,"d6f0d94a":122,"65a00a3c":135,"cc6bbe45":131,"1db42092":144,"59431390":133,"0114160e":133,"f277386e":117,"bab97de3":148,"a3d4a0e5":145,"159ffd0b":122,"cfe72ead":122,"554ebb83":137,"b4fdf90e":145,"6585adbe":113,"f9c15fcc":132,"332820ce":138,"1bd5b20b":151,"ae016053":152,"0a1d11e6":125,"4bc46d7a":130,"74c26380":154,"ec110282":150,"abc1d7ad":149,"52eca0dc":134,"60d6cee2":135,"d6d61bfc":148,"84369269":118,"a47abfbb":124,"47d27624":121,"227006e4":129,"c81b2bcf":118,"2ab62345":127,"9ceb5439":120,"24a9fb86":149,"c4bff41f":145,"6e98dfda":137,"b7832271":152,"a1921150":147,"0d2a1c58":126,"815e4582":148,"2d54e0a8":130,"ea822700":125,"7028b044":125,"8657c79d":145,"dd7acb96":141,"685207b3":141,"53431634":162,"4b4ecbce":114,"69d4b754":129,"77300e4a":120,"a836aa93":128,"a4296d1e":133,"feb67030":129,"e2a7d915":119,"c650b434":144,"a40846b7":147,"f1dffa24":119,"5b60dd1d":140,"93ac9ca3":134,"e7773397":119,"82868763":131,"437fc3ec":143,"064a99c8":130,"aa00769b":156,"87ce8d1d":123,"1c3a30c5":132,"a5aee5de":161,"23080895":122,"2c24d929":143,"18d20aa1":131,"a0ce82b4":138,"a0cca8b7":121,"5c82d1ce":135,"dbd2f139":139,"b6591e25":142,"e62d705f":125,"655941a0":150,"94a2fe10":143,"865d9857":113,"172217e5":140,"ccdd1ce6":130,"88432019":131,"3f65f121":138,"b9a48a5c":120,"2cb29e5a":142,"7cd0ad7b":145,"f1b493de":157,"d815c5b4":159,"dffa7793":109,"6841f77e":140,"04cc7cbe":122,"7ee7621c":137,"9d4f1fe6":133,"ee21ad02":150,"6c486702":138,"a06a6430":139,"4c0e547b":139,"43d87483":138,"dfcc2ad1":153,"2b698053":140,"95539a58":125,"1105f790":145,"8ac72326":126,"6a7392d5":121,"fef750ca":129,"7566fdd6":147,"597c1f81":132,"2a76f1dd":126,"ea6de194":136,"c7636527":118,"e786063b":148,"2154b6e8":126,"57167c74":126,"4fd645f1":126,"0a2f71bc":130,"8cf83787":128,"a3d4a0e5":146,"28d41578":144,"e7e82473":156,"45fb95c1":132,"3c782bb3":133,"32c9fc47":132,"0cb80f4a":134,"9260d96b":160,"06073f13":146,"de11eb19":142,"f1862e79":114,"45b038bb":167,"6585adbe":114,"bc3dc66a":140,"31d74eee":129,"181c3dd5":140,"cf775f58":140,"2b3e4717":136,"76f3a3be":136,"c81b2bcf":119,"bfcb912a":138,"8cd78f77":143,"aec4e1bf":131,"0f1ac912":116,"650bb0e0":125,"8cddb65e":138,"22234d6b":137,"a5fd8ffd":141,"c91966ce":117,"71ba7561":127,"f905a555":123,"ec110282":151,"313258f2":136,"52eca0dc":135,"c5b35e4d":123,"e7abc88d":128,"f76a3e83":142,"e1618359":141,"53431634":163,"efe84c27":131,"d34a29b9":149,"b769bdfb":135,"014bdff0":141,"eda6a690":113,"2203f259":138,"437fc3ec":144,"d599b566":144,"a77e127d":110,"946df4fd":145,"48655f09":159,"2b3c49b9":137,"feb67030":130,"7d112f4d":143,"a0ce82b4":139,"e2cbe594":131,"8f9b74b0":131,"f4343817":137,"20e470e0":124,"059d6c19":148,"9cb4697f":149,"290b4714":137,"3b2dee89":135,"2882a956":141,"11b74e63":131,"5eab91a0":146,"d929098e":116,"056ea7ff":148,"ec11fe5f":116,"b87158fb":143,"4d9b0b10":138,"753ca352":124,"2a4a402a":134,"68562193":119,"37fbb107":139,"72d7b461":142,"2c627253":135,"2d13e69b":133,"30dd2edc":135,"1f7607df":129,"7d6895f4":142,"f2ca27d9":136,"eb7b4e29":123,"a77e8461":133,"e9adbe58":133,"d6320619":127,"21ee2afe":138,"d634aa28":152,"a68a93b2":129,"c8977844":134,"d0c104c4":111,"3b690f68":143,"37a7d5b0":137,"1623fc9f":136,"c4e70c07":131,"9e65c0ef":132,"c8fcad77":128,"62d1d346":119,"5ab7bc35":135,"ae8a09c4":134,"cbad3b92":161,"35b58ef9":130,"2c24d929":144,"cf52025e":137,"3c782bb3":134,"0d2c95fe":135,"17b08923":132,"1db42092":145,"59431390":134,"d36125db":142,"de36827b":155,"a533489b":148,"379184a7":151,"5acaa06f":108,"d102b0c6":133,"b2a8761b":123,"9e878ec2":140,"9263c525":140,"5774ac0d":148,"8a52882e":129,"e15fd611":121,"9f5e6cba":140,"bc3dc66a":141,"b88033fd":143,"0681c48e":145,"1a0189c4":130,"b7cc7909":143,"44a4f7cd":139,"a983a6dc":120,"5eaa1581":131,"47cfba38":125,"66d94227":132,"70ee0491":123,"87083264":155,"7bda83dd":130,"c803b4a3":134,"ac030e74":127,"8063df14":135,"0d7d88f1":141,"b8488fc8":140,"49cb2959":143,"6e44927f":130,"195eb771":135,"f905a555":124,"42cd2360":112,"56473430":146,"3a291497":117,"e0154608":134,"c0fea118":128,"e1618359":142,"cb51f134":143,"312f7676":146,"971675c5":133,"437fc3ec":145,"b769bdfb":136,"c0b7e7d7":115,"e238f09b":148,"c7ab83c1":126,"77300e4a":121,"80a8a56d":125,"be2955bb":142,"7e8e1c3d":131,"6bc5d32a":159,"ded7da5a":145,"27d8bf51":133,"5a622a23":134,"3b7763b1":124,"cbb54a0a":119,"70bc8325":131,"778c95e9":139,"88b3bc99":122,"911e770b":139,"383e232d":126,"8cd78f77":144,"8547fbc2":132,"3661e12d":130,"f2ca27d9":137,"6143f39d":137,"172217e5":141,"3f65f121":139,"bb99c79c":133,"6490bac6":131,"aa187e3b":134,"88ce179e":149,"d39724bc":124,"fea793f5":139,"3b2dee89":136,"95d331b1":119,"6c20c153":133,"f1b493de":158,"4279e829":158,"655941a0":151,"31408822":124,"7cd0ad7b":146,"1e191c98":114,"db703021":129,"d9f512b9":141,"08a06557":156,"ba30e43a":148,"b5ce0c0c":146,"c7636527":119,"014460b9":159,"2154b6e8":127,"04612878":142,"ad8f85d6":144,"2c24d929":145,"a636f4c9":146,"1c3a30c5":133,"a43061ee":120,"0f72f2d8":127
1604737589492,"17b08923":133,"bab97de3":149,"de36827b":156,"66554572":106,"6c73ae98":114,"1be05c14":138,"0b5a0408":138,"92d38723":146,"8c6e001f":118,"b7407bd3":129,"8245f916":134,"45b038bb":168,"9e878ec2":141,"7a6aa4b6":138,"e45b4b53":121,"fb7b7b3c":162,"7ee148e9":136,"1da771fb":131,"c0b7e7d7":116,"22aeaf03":137,"c7ab83c1":127,"9fc713b0":149,"01cd8099":135,"baebb391":148,"dd1fcb17":127,"9c58dd76":147,"4b4ef7fa":124,"dc473de1":121,"cf775f58":141,"a1370ab0":134,"77bae750":130,"61d4782d":138,"36684155":131,"4febf7c5":140,"66554572":107,"013ee301":127,"d6db2b02":137,"28d41578":145,"de36827b":157,"159ffd0b":123,"1be05c14":139,"4ac6bd4e":124,"fe0df575":147,"6f0fcb9d":136,"b35e9e1a":170,"7a6aa4b6":139,"d33790a2":149,"761cf820":139,"e9a8cf11":139,"5d087c79":130,"1b881e6e":137,"b230e8d3":137,"af034fee":142,"650bb0e0":126,"48efc739":155,"aec4e1bf":132,"d552eb2f":139,"c0e2624b":131,"272c7672":142,"2d13e69b":134,"7e991ab9":105,"84b67924":137,"70c1e715":130,"30dd2edc":136,"217c0327":111,"53a8613c":152,"8dd2684c":131,"88432019":132,"6de0aaac":127,"f2f58418":125,"053f3451":132,"0042f6eb":127,"478d2d4f":144,"ad303bda":128,"eb2e1983":133,"385ab7c6":135,"9fce073c":133,"f67de058":140,"8fb236a9":117,"cfafcda8":128,"0e2b5d2f":141,"95539a58":126,"7af262e5":151,"91536e85":138,"a15713c6":152,"7c0a2db6":130,"a0cf08b3":109,"a5676c24":134,"a5fd8ffd":142,"616d6dd6":132,"dd035d2a":130,"2203f259":139,"695a2b92":126,"83086d4c":144,"fe1d4419":135,"26f99a1e":129,"82868763":132,"60e855ee":153,"1c3a30c5":134,"aefe13f5":148,"792cfcbd":129,"a43061ee":121,"bec9d329":147,"dffa7793":110,"04cc7cbe":123,"a6b5e869":126,"f0a06216":130,"ea4d3f3e":144,"e6ec8cbf":145,"b2bd8fd3":127,"87ce8d1d":124,"56752a4a":124,"685207b3":142,"f76a3e83":143,"b2c25d1c":130,"104721f0":137,"c21ab51e":117,"168e75d9":131,"6fb4cdda":148,"6490bac6":132,"e21c6207":136,"547903ef":143,"07107f6e":139,"3ef7432b":141,"7bebff03":123,"90731976":129,"b552beb3":135,"69f3bfcc":126,"49910300":123,"b84a06eb":137,"4ff2225d":128,"66554572":108,"0cb80f4a":135,"b7407bd3":130,"8245f916":135,"36fb15d2":142,"6585adbe":115,"8323d333":118,"9e878ec2":142,"72805bf5":124,"b8ab8e6e":131,"03b4ab60":127,"3a1d1632":107,"77bae750":131,"a6003226":129,"5957df9e":130,"84369269":119,"57d5dee8":138,"24a9fb86":150,"d5557fb4":139,"5f6613c8":123,"e15fd611":122,"bf822e33":131,"fd369c21":151,"9fa62fee":128,"d744bee2":129,"2d54e0a8":131,"6e851762":130,"911e770b":140,"c793cdda":139,"f5596d0f":142,"be4f8ba8":131,"f2ca27d9":138,"1d153b20":140,"22ecaed0":132,"945b63f0":159,"6d339d45":116,"6034b6d0":138,"629800eb":145,"05f6ab35":146,"8ac72326":127,"4c0e547b":140,"7a840529":123,"dd3913d2":128,"e4cfef0a":119,"831c7b85":134,"ae95f2ba":156,"cd522166":147,"8fb236a9":118,"f2e3c0e3":119,"19551bad":123,"b28a5e67":158,"0a1d11e6":126,"4abb7aed":134,"012de09c":126,"d8e58a8c":156,"cd421290":127,"bb98a6cf":149,"059d6c19":149,"26ed1a5c":132,"a4f1d83b":128,"f4634d0b":130,"6f81493d":120,"30d84dce":123,"c1bdfd41":128,"ce3bf5db":129,"1623fc9f":137,"0a2f71bc":131,"e3547548":123,"92f800f5":134,"49b358bd":139,"7ee148e9":137,"b935fc1c":136,"e7773397":120,"42191b64":110,"25635c37":117,"095ab3b4":136,"95d3d348":127,"e8d74304":124,"2dd0e808":132,"91f7ef72":125,"bb00e71c":115,"4258c176":124,"abad2347":141,"88ce179e":150,"1a442bc7":128,"3b2dee89":137,"ae99df30":127,"481754fc":122,"458dcc3d":149,"9fc713b0":150,"f3992a31":138,"d34a29b9":150,"b215547b":122,"4e3f5178":143,"c5b35e4d":124,"501db4de":137,"53431634":164,"a851554d":136,"5c82d1ce":136,"71bc1295":122,"c6e3d352":142,"a0b03218":137,"28d41578":146,"1438fad7":140,"69f3bfcc":127,"66554572":109,"8d753bb6":135,"159ffd0b":124,"32c9fc47":133,"de11eb19":143,"40569362":148,"3652bd66":132,"c7c4ec5c":114,"408bb2ed":131,"00554ffd":148,"5a0ead91":121,"68562193":120,"6867261a":126,"d5557fb4":140,"5f6613c8":124,"faf3ed07":135,"f66616b7":136,"0681c48e":146,"a47abfbb":125,"c67979e6":159,"9b3f8714":140,"5339e1e9":143,"2a387957":134,"f94bf9ea":134,"36684155":132,"6a3eaf43":130,"a6626a13":120,"5747db6e":151,"0fc5ac7e":160,"3062379b":122,"cbb54a0a":120,"c793cdda":140,"affb82bf":146,"4d35385e":136,"25a7a0a3":139,"9a467a82":138,"49902219":158,"eeaa2d46":146,"c803b4a3":135,"0d28db94":126,"a567ace4":136,"d7cb9bcf":124,"87cd2add":122,"b102f7bd":137,"fe8f3d36":134,"e4cfef0a":120,"9c29f0ed":154,"19551bad":124,"25a2844e":148,"c38c2b52":127,"eb2e1983":134,"20958d58":127,"d8e58a8c":157,"fd482491":153,"43bc86e3":127,"616d6dd6":133,"f3a0c2ee":133,"f9f2c53f":117,"e21c6207":137,"79e4fa1c":128,"70594a28":140,"51c57542":146,"180377be":130,"902f49f5":133,"66497c7e":134,"0d5ee801":124,"d033db8d":148,"3f9b5722":120,"c8fcad77":129,"a8726d50":121,"62d1d346":120,"ba30e43a":149,"2154b6e8":128,"04ea5673":139,"d9f512b9":142,"0f029727":123,"5781776a":138,"b946e146":156,"836701f6":135,"c564e316":137,"7ee148e9":138,"26f99a1e":130,"a77e127d":111,"6085137f":118,"b28a5e67":159,"5ef93e5d":117,"5acce642":126,"ae99df30":128,"7fef9973":143,"53431634":165,"4c4aa2e2":135,"b2c25d1c":131,"e7abc88d":129,"e9679ede":128,"1247fa52":143,"8e99d5d0":151,"a5aee5de":162,"2c24d929":146,"468fc85c":138,"9c58dd76":148,"03dcfa3d":140,"0eaf08da":134,"56752a4a":125,"1138796e":146,"2d1e1e9d":130,"fb44fa9c":151,"4945c851":139,"7732eb1e":154,"0b5a0408":139,"b36a0d66":123,"608bc832":118,"82b81567":121,"36fb15d2":143,"1ff8c2fc":143,"2e99f8fd":124,"7a2f3f06":130,"72805bf5":125,"8ec3834d":148,"0f1ac912":117,"c4bff41f":146,"a939b50b":138,"3a1d1632":108,"aff8e442":140,"8d04852b":138,"23760167":141,"71a2a493":108,"26c390d6":130,"650bb0e0":127,"aec4e1bf":133,"44a4f7cd":140,"508aac3d":145,"f94bf9ea":135,"2d13e69b":135,"88b3bc99":123,"0d2a1c58":127,"84b767be":161,"383e232d":127,"f2ca27d9":139,"9e206c95":152,"0e036ae9":153,"d2a841c9":128,"49bf2e95":125,"6ee92259":142,"d4d5f466":128,"87c462ee":147,"e6ec8cbf":146,"e57d5cda":137,"87cd2add":123,"0d28db94":127,"78467b8a":156,"9fce073c":134,"8007f30e":110,"2ce1af05":123,"5f4102da":144,"7218c9f1":119,"e35a63cd":137,"bd62d7ed":124,"2b698053":141,"fee32863":137,"c463799d":141,"8db5a165":124,"0a96f57a":147,"547903ef":144,"ccb5ea3e":121,"2ad42a9e":145,"77898c22":110,"7b6a7048":136,"07107f6e":140,"cc11fef9":146,"a68a93b2":130,"61f25dd4":151,"6e24d88b":122,"b7434f57":112,"1e191c98":115,"110b1ee3":131,"f8b31ce5":161,"fbdffc95":125,"805af3c7":141,"df2b4d87":128,"ea6de194":137,"49b358bd":140,"c8fcad77":130,"f3d68430":143,"affb82bf":147,"172217e5":142,"004f1ef3":163,"c564e316":138,"25635c37":118,"3a291497":118,"1d44aff3":149,"7ae34c64":139,"e865e4dd":128,"db8ba455":138,"f789f6d8":138,"1a442bc7":129,"8dd649a3":129,"69d4b754":130,"acac14fb":132,"c4feee5b":137,"0dad37d5":132,"95d3d348":128,"971675c5":134,"3f2522c2":142,"23080895":123,"71bc1295":123,"24d24fa3":132,"87ce8d1d":125,"73b15e04":137,"bc392d1c":120,"aefe13f5":149,"6a60348e":127,"a3d4a0e5":147,"820225e4":115,"cf84fb54":142,"0114160e":134,"489a39f7":125,"6db0ea86":130,"51f80f4c":145,"47d27624":122,"13747b82":140,"8a52882e":130,"b35bb8a1":128,"ce3407dd":132,"40860a4b":116,"1a0189c4":131,"031e488e":143,"cb6c9e42":148,"650bb0e0":128,"76f3a3be":137,"48efc739":156,"4125085e":155,"911e770b":141,"6751d8e4":148,"22234d6b":138,"88b3bc99":124,"84b67924":138,"0fc5ac7e":161,"0d2a1c58":128,"dffa7793":111,"677c6a09":161,"f0a06216":131,"7735c3c2":124,"88ce179e":151,"00cf385d":142,"93b9fae6":125,"76f94eda":141,"d83294cd":132,"6a7392d5":122,"a06a6430":140,"597c1f81":133,"cd522166":148,"be3a10f8":156,"4930f321":130,"c8113b77":129,"1105f790":146,"13b53c7a":137,"eebc8d43":135,"a0685bf3":146,"1b153aef":147,"9f2b16a7":146,"80a8a56d":126,"696fdac5":136,"805534ac":141,"0149e11a":121,"e21c6207":138,"261c9911":144,"3ef7432b":142,"44ff8baa":129,"c650b434":145,"0d5ee801":125,"026766f3":133,"9d4da635":119,"f883d582":125,"5ccf94d6":130,"5272520d":138,"66b7b5b4":131,"62d1d346":121,"04ea5673":140,"719c8869":154,"2045d7d6":136,"379184a7":152,"b7407bd3":131,"5f8517b7":157,"408bb2ed":132,"31f6d707":148,"8f2a7d69":130,"22ecaed0":133,"49902219":159,"09560615":116,"6cba74ce":125,"0277d748":142,"1d153b20":141,"dfa1a89b":126,"b935fc1c":137,"57167c74":127,"92f800f5":135,"9e65c0ef":133,"c95719e5":128,"83086d4c":145,"8274885a":141,"6b79fec2":123,"363590c7":146,"a40846b7":148,"71e53c93":141,"0a1d11e6":127,"28654c76":142,"a15713c6":153,"69eeae0d":120,"f3a0c2ee":134,"42cd2360":113,"cbad3b92":162,"3e602573":129,"a636f4c9":147,"481754fc":123,"24d24fa3":133,"baebb391":149,"eed20185":147,"e0f7679f":120,"88a30343":131,"69f3bfcc":128,"868edcc0":147,"6291e9e9":136,"820225e4":116,"b36a0d66":124,"be149c6f":122,"a983a6dc":121,"227006e4":130,"b88033fd":144,"5f6613c8":125,"ccf8b803":137,"71279c46":128,"9d9dd9e5":126,"dcfaba4c":138,"04643409":145,"6df0b2e8":156,"650bb0e0":129,"6a3eaf43":131,"80a8a56d":127,"ded7da5a":146,"f734c84c":155,"8e780922":135,"85de05f2":132,"c5b35e4d":125,"26dd2000":158,"34c5c729":127,"ab7467de":145,"efe84c27":132,"93e8cee5":157,"a3253019":127,"5a622a23":135,"4b4ecbce":115,"d634aa28":153,"dae0f922":143,"381c68fa":134,"655941a0":152,"4ba6eb36":131,"34658473":124,"608bc832":119,"b2a8761b":124,"d33790a2":150,"0ac825ed":140,"49bf2e95":126,"4258c176":125,"4b125e7b":137,"87c462ee":148,"07f98660":140,"7ee7621c":138,"7a840529":124,"b3f19a69":127,"c1bb74f2":122,"5acce642":127,"abd32136":138,"a0685bf3":147,"c0b23081":151,"8f10fa42":169,"8ac72326":128,"b9be31d6":138,"cd522166":149,"93b9fae6":126,"8063df14":136,"ae95f2ba":157,"062179c1":138,"dfcc2ad1":154,"3c6692a3":159,"66d94227":133,"3c18f28e":133,"39ba00f0":139,"a625328f":140,"084cbc0b":126,"12dd6f5e":127,"e9adbe58":134,"aec074c4":147,"6751d8e4":149,"ac38a6a5":155,"217c0327":112,"d1715f3b":141,"88432019":133,"bc021def":134,"1e7753d9":144,"4c39240e":144,"c3e6ef01":141,"638cb163":150,"a68a93b2":131,"57167c74":128,"49b358bd":141,"fce3c5c6":125,"9bdf362a":132,"4577b333":135,"19f9ca86":139,"fb7b7b3c":163,"09ff339a":111,"c91966ce":118,"fd482491":154,"d5dae4c4":164,"95904ac4":155,"cf1b8c47":145,"f3a0c2ee":135,"a5fd8ffd":143,"6085137f":119,"f2470875":152,"317c1591":149,"5410e9c6":146,"be1746a0":139,"b6aaf976":144,"458dcc3d":150,"12271e14":134,"71bc1295":124,"792cfcbd":130,"b7df1559":139,"6db0ea86":131,"6a60348e":128,"28d41578":147,"540df50f":135,"f94bf9ea":136,"31d74eee":130,"13747b82":141,"39a2fcce":128,"71a2a493":109,"2b3e4717":137,"deb31f35":138,"2a387957":135,"0670c466":127,"2132fe93":146,"c4bff41f":147,"789bd484":131,"0b5a0408":140,"e36dfd6f":138,"e0f7679f":121,"045f280d":132,"0da28f5b":138,"dbc9df44":116,"9b172ca8":122,"b3863630":130,"80a8a56d":128,"69134f07":136,"f33c0140":134,"e2cbe594":132,"2ad42a9e":146,"21ad2f34":141,"da3437cd":134,"9a80f004":127,"07107f6e":141,"f4343817":138,"180377be":131,"93683c82":128,"74f234c6":166,"792c9b6a":128,"34658473":125,"608bc832":120,"1c0a9eff":128,"dffa7793":112,"1bb4ccc0":139,"d815c5b4":160,"e4117b3b":120,"5acce642":128,"6ee92259":143,"87cd2add":124,"30b6808c":125,"9c29f0ed":155,"053f3451":133,"8ac72326":129,"8b5a8e9f":144,"056ea7ff":149,"10ec5a0b":124,"92ca52b7":144,"dfcc2ad1":155,"9a07d89b":133,"b102f7bd":138,"c1bb74f2":123,"1745a0f4":140,"554ebb83":138,"8493f3b2":136,"6f0fcb9d":137,"5ee911b5":127,"bad1a1cc":132,"f4726450":132,"6e851762":131,"6751d8e4":150,"88b3bc99":125,"c0e2624b":132,"fd07e0ed":148,"aec074c4":148,"12dd6f5e":128,"f87c5031":136,"bc021def":135,"affb82bf":148,"08c6b5d2":139,"18815a1b":131,"d2a841c9":129,"0d5ee801":126,"7cd0ad7b":147,"110b1ee3":132,"be40590d":144,"c4e70c07":132,"0b959527":128,"dac109cf":131,"0f029727":124,"c0b0f492":144,"f8b31ce5":162,"2154b6e8":129,"3a291497":119,"f3a0c2ee":136,"49cb2959":144,"08a561b7":137,"aa867541":127,"dc03ebd2":150,"74c26380":155,"6b79fec2":124,"f5cd79c1":131,"09ff339a":112,"437fc3ec":146,"095ab3b4":137,"ea9bba6b":136,"39bbc4bc":150,"a5aee5de":163,"48655f09":160,"13f0e139":122,"2c24d929":147,"35b58ef9":131,"4cc141fa":112,"dd1fcb17":128,"5a734022":123,"5f7d7195":136,"51f80f4c":146,"e4714415":151,"5d087c79":131,"07fc4a9a":148,"8aa78e2f":127,"1be05c14":140,"bbe71605":121,"0114160e":135,"6d802fa2":131,"4945c851":140,"6b78ad7f":143,"1a2c020b":131,"b2c25d1c":132,"34c5c729":128,"c5b35e4d":126,"9267f0ef":154,"e9679ede":129,"b6ee137a":130,"0a96f57a":148,"c455f40e":121,"5a622a23":136,"27d8bf51":134,"3007f31f":129,"201cafad":135,"ee75b607":130,"bf30a08f":145,"e4c312fe":132,"16b476e9":136,"51a3e9c2":137,"0d770b97":132,"8bc04eb5":139,"77bfed7e":136,"87083264":156,"056ea7ff":150,"2ce1af05":124,"9496f56f":140,"fef750ca":130,"f1df62b4":131,"e28c2efc":124,"478d2d4f":145,"6c486702":139,"6f0fcb9d":138,"8f2a7d69":131,"288afc30":132,"cfe72ead":123,"408bb2ed":133,"b8397293":125,"6585adbe":116,"40860a4b":117,"44a4f7cd":141,"031e488e":144,"f4b2f575":120,"8cddb65e":139,"c6c85783":143,"527ff946":151,"57d5dee8":139,"a1921150":148,"de6213c7":128,"9ab755d3":122,"2c01e624":138,"88b3bc99":126,"8cd78f77":145,"84b767be":162,"fd369c21":152,"6d5fcd4c":134,"d6320619":128,"6cba74ce":126,"f2ca27d9":140,"22176537":129,"affb82bf":149,"416a9e97":130,"7cd0ad7b":148,"31408822":125,"906632cb":142,"c8977844":135,"9316e7e8":112,"6f81493d":121,"180377be":132,"88fa53d6":120,"24ffcbd3":157,"014460b9":160,"fbdffc95":126,"e3547548":124,"d6f0d94a":123,"f8b31ce5":163,"cfafcda8":129,"1745a0f4":141,"c510bfd3":147,"50b558a7":118,"fd482491":155,"537634c9":120,"d5dae4c4":165,"3f75d3bc":156,"731fc335":115,"00a481e3":148,"3c0df8b4":135,"95d3d348":129,"2203f259":140,"c564e316":139,"016953e4":146,"09f0db62":160,"60e855ee":154,"5623817d":125,"8eb64769":137,"87922532":150,"eed20185":148,"74e01f6a":140,"a636f4c9":148,"a543ec74":122,"dfc89705":136,"b2703001":145,"28d41578":148,"69f3bfcc":129,"e7abc88d":130,"69134f07":137,"bd984a8e":124,"f76a3e83":144,"36380d96":143,"4c4aa2e2":136,"f2086446":133,"547903ef":145,"70594a28":141,"fb8bfb36":148,"cd421290":128,"df81ddee":124,"e2cbe594":133,"f4343817":139,"a3d4a0e5":148,"6291e9e9":137,"b552beb3":136,"820225e4":117,"124fbe96":122,"c0b23081":152,"95d331b1":120,"a502c93c":121,"ad2d7bed":146,"e4c312fe":133,"b0869206":144,"b9be31d6":139,"76f94eda":142,"cc5a1d47":127,"6a5b71b4":131,"cb142908":122,"ac030e74":128,"7a2f3f06":131,"4ac6bd4e":125,"0cb80f4a":136,"7ae3fc50":117,"1bd5b20b":152,"06073f13":147,"554ebb83":139,"be149c6f":123,"71279c46":129,"31d74eee":131,"35aa7fd0":146,"5d087c79":132,"5f7d7195":137,"2132fe93":147,"725dce8b":146,"1a0189c4":132,"9b3f8714":141,"37fbb107":140,"b230e8d3":138,"0f1ac912":118,"39a2fcce":129,"3062379b":123,"84b767be":163,"6a3eaf43":132,"2180f99b":135,"72d7b461":143,"a625328f":141,"d552eb2f":140,"49902219":160,"22176537":130,"d2a841c9":130,"a77e8461":134,"21ee2afe":139,"affb82bf":150,"eafbf9fb":137,"20e470e0":125,"8db62558":131,"e62d705f":126,"d033db8d":149,"dbd2f139":140,"f883d582":126,"906632cb":143,"aa021138":150,"fce3c5c6":126,"caddd0a7":140,"c7636527":120,"dac109cf":132,"014460b9":161,"ea6de194":138,"7e95c5a0":144,"78467b8a":157,"05f6ab35":147,"8f10fa42":170,"70ee0491":124,"afe8e06a":125,"c6dc900c":112,"b87158fb":144,"08a561b7":138,"b28a5e67":160,"f905a555":125,"7c0a2db6":131,"ec110282":152,"2dd0e808":133,"e865e4dd":129,"3712c4bd":122,"f1dffa24":120,"0b3283c9":143,"8dd649a3":130,"d599b566":145,"6ce84ff8":121,"2203f259":141,"ac62fac2":150,"9c58dd76":149,"2c24d929":148,"4febf7c5":141,"a636f4c9":149,"48655f09":161
1604737590903,"f598a332":123,"9b172ca8":123,"dcf85091":119,"80a8a56d":129,"7f86be64":136,"6fb4cdda":149,"b2c25d1c":133,"92136ff5":137,"7b6a7048":137,"8f9b74b0":132,"74e01f6a":141,"8b2b601d":140,"2cce4fb2":140,"95f6db13":137,"0be540c5":144,"06ddafc7":114,"11888cfa":122,"e0f7679f":122,"6c20c153":134,"9cb4697f":150,"95d331b1":121,"b3f19a69":128,"7fef9973":144,"4b125e7b":138,"ee21ad02":151,"608bc832":121,"7ae3fc50":118,"b7407bd3":132,"31f6d707":149,"6585adbe":117,"67f6e4f2":128,"49bf2e95":127,"a6003226":130,"c4bff41f":148,"60d6cee2":136,"a983a6dc":122,"0f1ac912":119,"40860a4b":118,"0681c48e":147,"c6c85783":144,"66d94227":134,"13747b82":142,"bc3dc66a":142,"91d52a55":136,"449d8475":119,"d1fe2868":148,"a625328f":142,"c0e2624b":133,"ea822700":126,"7db3edda":133,"de6213c7":129,"eb7b4e29":124,"bca2d7cd":128,"175bc6b2":115,"172217e5":143,"ec2cb1af":133,"6d339d45":117,"22ecaed0":134,"b946e146":157,"49902219":161,"547903ef":146,"20777945":119,"daab45c6":122,"df81ddee":125,"e62d705f":127,"655941a0":153,"d634aa28":154,"a8726d50":122,"381c68fa":135,"c3e6ef01":142,"7cd0ad7b":149,"ce3bf5db":130,"24ffcbd3":158,"859545e6":124,"d9d7c4c2":142,"dac109cf":133,"638cb163":151,"ffc86f94":109,"07f98660":141,"0d28db94":128,"ef91eaae":123,"9f74b8a4":128,"af7e5be8":135,"cf9f4757":128,"1bc0591f":132,"7218c9f1":120,"eebc8d43":136,"f67de058":141,"7af262e5":152,"dc0c8b09":147,"9a07d89b":134,"30c184b8":144,"42cd2360":114,"537634c9":121,"08a561b7":139,"fd482491":156,"012de09c":127,"45b5746e":132,"8db5a165":125,"e7773397":121,"eda6a690":114,"fb7b7b3c":164,"dc583e64":149,"5623817d":126,"c564e316":140,"004f1ef3":164,"8e780922":136,"1a2c020b":132,"288d171f":131,"9267f0ef":155,"4b4ecbce":116,"6fb4cdda":150,"5e193fc8":140,"ae8a09c4":135,"aefe13f5":150,"458dcc3d":151,"99d130c9":144,"87922532":151,"cf52025e":138,"6ebe2354":113,"8cf83787":129,"bbe71605":122,"d36125db":143,"9cb4697f":151,"d815c5b4":161,"04cc7cbe":124,"79be29c8":127,"730a4938":129,"6b82b527":146,"e356abf1":144,"e81834aa":154,"cf50e84e":133,"a6bcb07e":138,"6db0ea86":132,"c4aa1e38":119,"8245f916":136,"cfe72ead":124,"358e45b1":127,"5f8517b7":158,"761cf820":140,"51f80f4c":147,"b7cc7909":144,"4911acad":111,"c67979e6":160,"40860a4b":119,"0f1ac912":120,"031e488e":145,"4ed01268":121,"24a9fb86":151,"088feee2":144,"794f652b":150,"dd7acb96":142,"71a2a493":110,"cb6c9e42":149,"730338c4":142,"5747db6e":152,"5339e1e9":144,"884b0ad1":130,"7e991ab9":106,"9de29816":120,"9ab755d3":123,"51f57142":141,"22234d6b":139,"53a8613c":153,"379184a7":153,"feb67030":131,"7e8e1c3d":132,"a851554d":137,"bfad1727":117,"21e10a2b":137,"4295ce9a":136,"c2bb8aae":133,"4e5aaaec":117,"66b7b5b4":132,"dbd2f139":141,"026766f3":134,"d033db8d":150,"180377be":133,"e1571af7":139,"37a7d5b0":138,"0d5ee801":127,"57167c74":129,"08a06557":157,"8f13c203":125,"ca7d47f7":146,"ffc86f94":110,"9fce073c":135,"e57d5cda":138,"33d6bb6a":130,"0785820e":137,"478d2d4f":146,"cb142908":123,"6a7392d5":123,"4f59a322":137,"a0685bf3":148,"43d87483":139,"0bfabf48":128,"55928ef1":131,"2352c8ef":139,"c463799d":142,"781ace7d":133,"45b5746e":133,"b28a5e67":161,"fd482491":157,"a851891c":131,"69eeae0d":121,"91f7ef72":126,"12012fbd":125,"ac38a6a5":156,"9c045c61":141,"172217e5":144,"f6fe095d":146,"e45b4b53":122,"685207b3":143,"1a2c020b":133,"fe578280":134,"c7313e0a":147,"e7abc88d":131,"3c43e8a2":146,"004f1ef3":165,"c318d350":145,"09f0db62":161,"5270f158":127,"4cc141fa":113,"03dcfa3d":141,"eed20185":149,"cac4449a":133,"00cf385d":143,"6775d5cd":139,"9cb4697f":152,"2882a956":142,"7735c3c2":125,"87c462ee":149,"16b476e9":137,"be1746a0":140,"87922532":152,"99d130c9":145,"b552beb3":137,"1be05c14":141,"8b2b601d":141,"6291e9e9":138,"bab97de3":150,"e81834aa":155,"28d41578":149,"5a734022":124,"bfcb912a":139,"bf822e33":132,"b230e8d3":139,"a1921150":149,"181c3dd5":141,"a939b50b":139,"e9a8cf11":140,"84369269":120,"8d04852b":139,"a983a6dc":123,"e4714415":152,"23760167":142,"93fdbb44":124,"9ab755d3":124,"d552eb2f":141,"de6213c7":130,"a625328f":143,"98915a1f":117,"ef1c2dcb":131,"6a3eaf43":133,"de11eb19":144,"fe0df575":148,"358e45b1":128,"a533489b":149,"336d0f08":151,"761cf820":141,"2e3503e4":138,"efe84c27":133,"9a80f004":128,"8ea21393":121,"5c82d1ce":137,"40e79dd3":135,"ded7da5a":147,"4dac6b20":116,"25e0dd3d":143,"059d6c19":150,"110b1ee3":133,"30dbfc69":131,"1e191c98":116,"61f25dd4":152,"ca6d2d91":138,"b7434f57":113,"b5ce0c0c":147,"9bdf362a":133,"4577b333":136,"805af3c7":142,"ea274174":138,"53b4e647":142,"f1df62b4":132,"7e95c5a0":145,"7af262e5":153,"ac030e74":129,"a59a8290":135,"b102f7bd":139,"00a17b46":139,"b9be31d6":140,"d78dd457":125,"cf9f4757":129,"c463799d":143,"13b53c7a":138,"9a3ab0b8":125,"f789f6d8":139,"a15713c6":154,"83b2f9c5":141,"012de09c":128,"d9d0c567":134,"08a561b7":140,"865d9857":114,"bc021def":136,"8dd2684c":132,"09560615":117,"8cc4a982":144,"4d35385e":137,"6cba74ce":127,"a33fe0dd":141,"4c39240e":145,"ca7d47f7":147,"42191b64":111,"437fc3ec":147,"60e855ee":155,"e238f09b":149,"d9a64845":139,"6c20c153":135,"9cb4697f":153,"5acce642":129,"ea4d3f3e":145,"d815c5b4":162,"bb00e71c":116,"2203f259":142,"5781776a":139,"04612878":143,"c7ab83c1":128,"4b4ef7fa":125,"e6fac295":124,"cbad3b92":163,"35b58ef9":132,"fb44fa9c":152,"f044c0e1":128,"99d130c9":146,"dfc89705":137,"1f88a4b7":151,"820225e4":118,"f5829ac0":150,"6d802fa2":132,"07fc4a9a":149,"ef16ca37":131,"b2a8761b":125,"5f6613c8":126,"2ab62345":128,"1b881e6e":138,"e9a8cf11":141,"77bae750":132,"c4bff41f":149,"a939b50b":140,"031e488e":146,"36684155":133,"c67979e6":161,"c93c3508":116,"f94bf9ea":137,"5a0eb771":128,"50d129cf":125,"9147702f":121,"0d2a1c58":129,"eb7b4e29":125,"2f455cce":138,"884b0ad1":131,"336d0f08":152,"dcf85091":120,"f33c0140":135,"e9679ede":130,"d548635d":138,"8e780922":137,"704bce0d":141,"b215547b":123,"f734c84c":156,"20777945":120,"ecfa8249":146,"debe1f65":134,"9d0546ac":128,"a0cca8b7":122,"2ad42a9e":147,"0c0e98ea":131,"ca6d2d91":139,"751bcf25":129,"7a9344a4":160,"19e9776f":132,"751acea8":127,"1a2ec5d7":149,"a533489b":150,"4ba6eb36":132,"8493f3b2":137,"e0e48a2d":130,"385ab7c6":136,"4f59a322":138,"0d7d88f1":142,"f67de058":142,"2bcca6a7":146,"77bfed7e":137,"dfcc2ad1":156,"ac030e74":130,"f5e8dfee":148,"2b698053":142,"d2466211":152,"cfafcda8":130,"6c524f99":143,"50b558a7":119,"5f96c2bc":133,"332820ce":139,"fb7482fe":128,"bca2d7cd":129,"f2f58418":126,"d3e84616":147,"2dda3936":127,"a77e8461":135,"8dd2684c":133,"f2ca27d9":141,"315537b2":138,"5ab7bc35":136,"b320feb9":141,"30c5d755":150,"2af60749":136,"0f029727":125,"caddd0a7":141,"a577db1c":125,"fe44fc6f":125,"45b5746e":134,"49cb2959":145,"2dd0e808":134,"ae016053":153,"f3a0c2ee":137,"e238f09b":150,"363590c7":147,"004f1ef3":166,"016953e4":147,"a58bf525":137,"f6fe095d":147,"d1676e89":137,"aa00769b":157,"b460f030":158,"cac4449a":134,"12271e14":135,"71bc1295":125,"481754fc":124,"2cce4fb2":141,"0f72f2d8":128,"59431390":135,"06ddafc7":115,"1438fad7":141,"0114160e":136,"489a39f7":126,"3310a049":136,"deb31f35":139,"76f3a3be":138,"66d94227":135,"91d52a55":137,"288a2c43":125,"68562193":121,"a939b50b":141,"5957df9e":131,"7af9d3b1":136,"c0fea118":129,"288d171f":132,"9267f0ef":156,"f121b82c":148,"f2086446":134,"a836aa93":129,"4e3f5178":144,"5a622a23":137,"9d0546ac":129,"9a80f004":129,"913a6226":136,"df81ddee":126,"a851554d":138,"44ff8baa":130,"8942c35b":140,"31f6d707":150,"00554ffd":149,"3652bd66":133,"ee75b607":131,"1bb4ccc0":140,"d1d40c9c":148,"6c20c153":136,"1757a30e":131,"b0869206":145,"e4c312fe":134,"9aa6a054":136,"6034b6d0":139,"7a840529":125,"a59a8290":136,"e4cfef0a":121,"478d2d4f":147,"053f3451":134,"a66a2d8a":151,"4930f321":131,"ec11fe5f":117,"0d7d88f1":143,"f2e3c0e3":120,"c4aa1e38":120,"db0a661e":132,"8f2a7d69":132,"761cf820":142,"059d6c19":151,"31408822":126,"66b7b5b4":133,"381c68fa":136,"9d4da635":120,"5cd3cfe0":121,"d6f0d94a":124,"0b959527":129,"0a2f71bc":132,"d9f512b9":143,"f8b31ce5":164,"e5d3655c":150,"3fdb08f5":138,"50d129cf":126,"4125085e":156,"789bd484":132,"aa9ea5e8":124,"884b0ad1":132,"6e98dfda":138,"f069bb07":131,"fd07e0ed":149,"70c1e715":131,"dfa1a89b":127,"558d5ce7":137,"2d13e69b":136,"7d6895f4":143,"98915a1f":118,"ac38a6a5":157,"0fc5ac7e":162,"8cc4a982":145,"22ecaed0":135,"8547fbc2":133,"8b5a8e9f":145,"50b558a7":120,"a851891c":132,"c91966ce":119,"d5dae4c4":166,"7c0a2db6":132,"8db5a165":126,"00a481e3":149,"74c26380":156,"263762cb":121,"a77e127d":112,"695a2b92":127,"25635c37":119,"8274885a":142,"971675c5":135,"c95719e5":129,"a0b03218":138,"e6fac295":125,"e8d74304":125,"d82592f4":135,"a0bc1ceb":138,"cbad3b92":164,"11888cfa":123,"99d130c9":147,"3c782bb3":135,"05642105":140,"a3d4a0e5":149,"bbe71605":123,"26009d3f":127,"045f280d":133,"9f5e6cba":141,"36b7003c":159,"25d1b2d8":142,"71279c46":130,"a939b50b":142,"b7cc7909":145,"9ceb5439":121,"40860a4b":120,"36684155":134,"9b3f8714":142,"3c18f28e":134,"c81b2bcf":120,"c6c85783":145,"51f80f4c":148,"696fdac5":137,"2e3503e4":139,"34c5c729":129,"4e3f5178":145,"c0fea118":130,"bd984a8e":125,"470d50c2":134,"f734c84c":157,"da3437cd":135,"e2cbe594":134,"93e8cee5":158,"c650b434":146,"4eed1bea":140,"f4343817":140,"5f8517b7":159,"935ec056":130,"dffa7793":113,"e382ec3f":118,"f56ac638":117,"6ee92259":144,"5eab91a0":147,"87c462ee":150,"f1df62b4":133,"a85d89cc":126,"87083264":157,"7a840529":126,"0d7d88f1":144,"4c0e547b":141,"053f3451":135,"6a7392d5":124,"6f39f4d9":145,"fe0df575":149,"1bd5b20b":153,"4ac6bd4e":126,"06073f13":148,"7a2f3f06":132,"c4aa1e38":121,"2d54e0a8":132,"9147702f":122,"6e851762":132,"84b67924":139,"f5596d0f":143,"dfa1a89b":128,"50c3164b":150,"172217e5":145,"2180f99b":136,"0d2a1c58":130,"30dd2edc":137,"2dda3936":128,"8547fbc2":134,"416a9e97":131,"4360a1a3":149,"61f25dd4":153,"ddec9e54":135,"94a2fe10":144,"93683c82":129,"655941a0":154,"6f81493d":122,"44c77422":140,"4def63ee":107,"014460b9":162,"49b358bd":142,"37a7d5b0":139,"92f800f5":136,"4577b333":137,"6c524f99":144,"733c86f8":131,"0e2b5d2f":142,"ec11fe5f":118,"19551bad":125,"a901627e":129,"7896b953":142,"8a165e17":146,"a851891c":133,"616d6dd6":134,"3a291497":120,"91f7ef72":127,"eda6a690":115,"f5cd79c1":132,"6085137f":120,"d599b566":146,"ea9bba6b":137,"22aeaf03":138,"3712c4bd":123,"a0bc1ceb":139,"a5aee5de":164,"48655f09":162,"4b4ef7fa":126,"9fc713b0":151,"c6e3d352":143,"0f72f2d8":129,"013ee301":128,"95bc84f1":125,"cf84fb54":143,"288a2c43":126,"1b881e6e":139,"dc473de1":122,"c81b2bcf":121,"68562193":122,"c67979e6":162,"71a2a493":111,"36b7003c":160,"ab7d4c9a":125,"1a2c020b":134,"696fdac5":138,"c7313e0a":148,"a836aa93":130,"5be594be":135,"9b172ca8":124,"913a6226":137,"40e79dd3":136,"79e4fa1c":129,"7e8e1c3d":133,"3ef7432b":143,"bab97de3":151,"8d753bb6":136,"e0f7679f":123,"868edcc0":148,"5b5fc566":131,"79be29c8":128,"04bef50c":110,"aa187e3b":135,"e382ec3f":119,"abad2347":142,"6775d5cd":140,"43d87483":140,"ef16ca37":132,"d33790a2":151,"288afc30":133,"7ae3fc50":119,"b377a62a":130,"379184a7":154,"7a6aa4b6":140,"bfad1727":118,"b6ee137a":131,"059d6c19":152,"30d84dce":124,"31408822":127,"cf1124db":122,"110b1ee3":134,"56d315d8":120,"655941a0":155,"7043382d":138,"a81a857c":133,"28d40296":110,"caddd0a7":142,"0f029727":126,"0b959527":130,"65a00a3c":136,"2132fe93":148,"088feee2":145,"a47abfbb":126,"d1fe2868":149,"725dce8b":147,"5f7d7195":138,"730338c4":143,"70c1e715":132,"72d7b461":144,"eb7b4e29":126,"bb99c79c":134,"d3e84616":148,"9147702f":123,"b5763ff6":119,"f5596d0f":144,"d3a669ac":146,"8cc4a982":146,"217c0327":113,"172217e5":146,"ccdd1ce6":131,"8ac72326":130,"ffa08d82":137,"6a5b71b4":132,"6c486702":140,"fead11cf":127,"7a4c064c":143,"8721056e":124,"2b698053":143,"8007f30e":111,"faf4f98b":145,"9b546d65":127,"fee32863":138,"f2e3c0e3":121,"5f96c2bc":134,"52eca0dc":136,"3a291497":121,"6e44927f":131,"a15713c6":155,"dc03ebd2":151,"71e53c93":142,"c564e316":141,"3a204e56":140,"39bbc4bc":151,"e7773397":122,"eda6a690":116,"60e855ee":156,"b935fc1c":138,"812b4f15":114,"a5aee5de":165,"a43061ee":122,"ad8f85d6":145,"34c5c729":130,"1a2c020b":135,"a3253019":128,"ebdbf580":142,"9b742f71":132,"9b172ca8":125,"2e3503e4":140,"93e8cee5":159,"e6fac295":126,"64a7f79f":132,"3310a049":137,"0f72f2d8":130,"8aa78e2f":128,"1138796e":147,"fb44fa9c":153,"e0f7679f":124,"489a39f7":127,"3c782bb3":136,"e4117b3b":121,"00cf385d":144,"aa187e3b":136,"290b4714":138,"95d331b1":122,"93b0a158":146,"04bef50c":111,"379184a7":155,"6f0fcb9d":139,"c4aa1e38":122,"c7c4ec5c":115,"1ff8c2fc":144,"b4fdf90e":146,"d33790a2":152,"201cafad":136,"a0cca8b7":123,"7e8e1c3d":134,"bfad1727":119,"547903ef":147,"f4343817":141,"7a9344a4":161,"f4634d0b":131,"3b690f68":144,"0c043224":147,"5ccf94d6":131,"1e191c98":117,"be40590d":145,"5f620a1e":142,"08a06557":158,"b7505747":135,"c7636527":121,"f8b31ce5":165,"7be025ce":144,"fbdffc95":127,"a6003226":131,"bda8cdfb":145,"6867261a":127,"842c8340":128,"5ac86fb9":149,"c6c85783":146,"3c18f28e":135,"1a0189c4":133,"04643409":146,"031e488e":147,"ccf8b803":138,"64db4feb":157,"a2c334e7":148,"90d52475":137,"26c390d6":131,"50c3164b":151,"0fc5ac7e":163,"884b0ad1":133,"546f6845":143,"730338c4":144,"6cba74ce":128,"f2f58418":127,"2d54e0a8":133,"6a3eaf43":134,"25a7a0a3":140,"4d35385e":138,"175bc6b2":116,"affb82bf":151,"7fb4c521":138,"0d7d88f1":145,"50c468ba":139,"8fb236a9":119,"e28c2efc":125,"82204d54":127,"1745a0f4":142,"1dad0f99":131,"33d6bb6a":131,"abd32136":139,"55928ef1":132,"78467b8a":158,"f67de058":143,"8063df14":137,"a472532e":122,"ef8987d7":129,"a5fd8ffd":144,"00a481e3":150,"61145ec9":146,"43bc86e3":128,"313258f2":137,"5410e9c6":147,"f5cd79c1":133,"83086d4c":146,"5b60dd1d":141,"42191b64":112,"972f4174":143,"c21ab51e":118,"fb7b7b3c":165,"99d130c9":148,"e7773397":123,"b2bd8fd3":128,"03c398d2":143,"9c58dd76":150,"4b4ef7fa":127,"01cd8099":136,"1438fad7":142,"e8d74304":126,"bab97de3":152,"69f3bfcc":130,"1db42092":146,"07fc4a9a":150,"a24e6670":137,"26009d3f":128,"bec9d329":148,"51a3e9c2":138,"04bef50c":112,"3b2dee89":138,"e382ec3f":120,"8bc04eb5":140,"9cb4697f":154,"4ea4a2a1":144,"6f0fcb9d":140,"358e45b1":129,"1ff8c2fc":145,"d0c0fc08":120,"761cf820":143,"d0e9a58e":132,"79f04300":135,"5e193fc8":141,"d548635d":139,"1a68160d":139,"2ad42a9e":148,"92136ff5":138,"1e232870":147,"25e0dd3d":144,"daab45c6":123,"5fa12feb":144,"7e8e1c3d":135,"b6ee137a":132,"cf1124db":123,"751acea8":128,"4360a1a3":150,"d033db8d":151,"ca6d2d91":140,"5272520d":139,"7a9344a4":162,"638cb163":152,"dac109cf":134,"ce3bf5db":131,"a577db1c":126,"c7636527":122,"0b959527":131,"4911acad":112,"c6c85783":147,"b230e8d3":140,"3a1d1632":109,"c67979e6":163,"5a0eb771":129,"bfcb912a":140,"37fbb107":141,"03b4ab60":128,"e9a8cf11":142,"449d8475":120,"44a4f7cd":142,"6632fed0":142,"d957f027":129,"84b767be":164,"84b67924":140,"b7832271":153,"18815a1b":132,"383e232d":128,"9e206c95":153,"53a8613c":154,"7db3edda":134,"f87c5031":137,"eb7b4e29":127,"b5763ff6":120,"21ee2afe":140,"7d6895f4":144,"6de0aaac":128,"07f98660":142,"7fb4c521":139,"7a4c064c":144,"6a5b71b4":133,"ac030e74":131,"753ca352":125,"faf4f98b":146,"8063df14":138,"eebc8d43":137,"b102f7bd":140,"4c0e547b":142,"e35a63cd":138,"fee32863":139,"831c7b85":135,"fd482491":158,"8a165e17":147,"28654c76":143,"5ef93e5d":118,"69eeae0d":122,"d5dae4c4":167,"cf1b8c47":146,"04ea5673":141,"437fc3ec":148,"f5cd79c1":134,"42191b64":113,"fb7b7b3c":166,"c0b7e7d7":117
1604737591493,"69134f07":138,"5e193fc8":142,"104721f0":138,"3498f223":128,"79f04300":136,"f3992a31":139,"288d171f":133,"bfad1727":120,"c8dc010f":143,"ee75b607":132,"7ee7621c":139,"ae99df30":129,"1bb4ccc0":141,"51a3e9c2":139,"5b5fc566":132,"1757a30e":132,"79e4fa1c":130,"4e5aaaec":118,"21e10a2b":138,"bc09fa9e":128,"8f9b74b0":133,"a8726d50":123,"6f81493d":123,"110b1ee3":135,"026766f3":135,"30fdcd3b":131,"4ee62a26":131,"9d4da635":121,"e1571af7":140,"ce3bf5db":132,"b5ce0c0c":148,"fce3c5c6":127,"e3547548":125,"88fa53d6":121,"44c77422":141,"c38c2b52":128,"95539a58":127,"2b698053":144,"621d6b18":146,"ac030e74":132,"0f89862c":113,"629800eb":146,"053f3451":136,"11b2c8d9":133,"dfcc2ad1":157,"0042f6eb":128,"c1bb74f2":124,"30c184b8":145,"25a2844e":149,"fd482491":159,"da04caac":138,"4bc46d7a":131,"1d44aff3":150,"aa867541":128,"f3a0c2ee":138,"c93c3508":117,"e4714415":153,"394dc144":128,"72805bf5":126,"9d9dd9e5":127,"5e09f69e":159,"a1921150":150,"68562193":123,"77f31bab":147,"c852d240":136,"25d1b2d8":143,"5a734022":125,"48efc739":157,"bda8cdfb":146,"d3a669ac":147,"272c7672":143,"d744bee2":130,"2a06ab95":152,"08c6b5d2":140,"e9adbe58":135,"af0b61ab":138,"ef1c2dcb":132,"12012fbd":126,"8e99d5d0":152,"ae016053":154,"ee75b607":133,"c0b23081":153,"fea793f5":140,"1a2c020b":136,"bd984a8e":126,"c382f054":148,"d25e0f8d":155,"34c5c729":131,"fb8bfb36":149,"501db4de":138,"7b6a7048":138,"4b4ecbce":117,"805534ac":142,"547903ef":148,"7bebff03":124,"51c57542":147,"1da771fb":132,"bc392d1c":121,"a0bc1ceb":140,"d1676e89":138,"6be9332a":123,"64a7f79f":133,"59c1e594":131,"1db42092":147,"a543ec74":123,"868edcc0":149,"0f72f2d8":131,"06ddafc7":116,"1138796e":148,"2d1e1e9d":131,"54a676d6":130,"93683c82":130,"6f81493d":124,"cd3bbe7e":135,"26ed1a5c":133,"d70ca4f4":148,"110b1ee3":136,"5272520d":140,"a625328f":144,"6d5fcd4c":135,"d1715f3b":142,"9a467a82":139,"ef8321d8":134,"37a7d5b0":140,"08a06557":159,"ca7d47f7":148,"0f029727":127,"3fdb08f5":139,"c0b0f492":145,"4def63ee":108,"a6b5e869":127,"11b74e63":132,"bb00e71c":117,"04cc7cbe":125,"87cd2add":125,"ae95f2ba":158,"d2466211":153,"30b6808c":126,"cb142908":124,"619fda68":157,"7566fdd6":148,"1bc0591f":133,"78b97937":147,"0e2b5d2f":143,"a59a8290":137,"b87158fb":145,"c1bb74f2":125,"78467b8a":159,"c91966ce":120,"4b3e3b1c":145,"b4fdf90e":147,"792c9b6a":129,"1bd5b20b":154,"b7407bd3":133,"ea274174":139,"06073f13":149,"50312237":147,"dcfaba4c":139,"a47abfbb":127,"5774ac0d":149,"0670c466":128,"77f31bab":148,"8cddb65e":140,"031e488e":148,"a1921150":151,"6df0b2e8":157,"23760167":143,"c93c3508":118,"5339e1e9":145,"bda8cdfb":147,"5d087c79":133,"8657c79d":146,"dd7acb96":143,"4abb7aed":135,"a5676c24":135,"3f75d3bc":157,"abc1d7ad":150,"810aa5e9":145,"dd035d2a":131,"c85a0d80":145,"f33c0140":136,"c21ab51e":119,"5e193fc8":143,"77300e4a":122,"40e79dd3":137,"e2a7d915":120,"696fdac5":139,"004f1ef3":167,"09f0db62":162,"437fc3ec":149,"c318d350":146,"b935fc1c":139,"064a99c8":131,"8274885a":143,"a0b03218":139,"5410e9c6":148,"cbad3b92":165,"812b4f15":115,"aefe13f5":151,"79f04300":137,"5a622a23":138,"debe1f65":135,"7e8e1c3d":136,"93e8cee5":160,"20777945":121,"9316e7e8":113,"5ccf94d6":132,"30dbfc69":132,"40a745c0":147,"72d7b461":145,"2180f99b":137,"f87c5031":138,"bc021def":137,"cbb54a0a":121,"c0e2624b":134,"49902219":162,"a77e8461":136,"39ba00f0":140,"f3d68430":144,"175bc6b2":117,"21ee2afe":141,"0d5ee801":128,"026766f3":136,"c8977844":136,"805af3c7":143,"aab4d996":135,"2af60749":137,"a577db1c":127,"7ee7621c":140,"f0a06216":132,"4b125e7b":139,"d815c5b4":163,"7735c3c2":126,"4258c176":126,"677c6a09":162,"07f98660":143,"93b9fae6":127,"ad303bda":129,"53b4e647":143,"619fda68":158,"4930f321":132,"8fb236a9":120,"55928ef1":133,"e35a63cd":139,"fef750ca":131,"014460b9":163,"cc6bbe45":132,"9bdf362a":134,"b552beb3":138,"e6fac295":127,"4b3e3b1c":146,"c609739e":136,"e0f7679f":125,"8b2b601d":142,"59431390":136,"1f88a4b7":152,"045f280d":134,"cfe72ead":125,"9260d96b":161,"9263c525":141,"a533489b":151,"31f6d707":151,"8f2a7d69":133,"49bf2e95":128,"51f80f4c":149,"5f6613c8":127,"527ff946":152,"77bae750":133,"5774ac0d":150,"b230e8d3":141,"66d94227":136,"6adce358":156,"c64de0c0":116,"04643409":147,"a2c334e7":149,"c81b2bcf":122,"bb8a6337":124,"449d8475":121,"2a4a402a":135,"7fdc2007":123,"c6dc900c":113,"92ca52b7":145,"d5dae4c4":168,"da04caac":139,"db8ba455":139,"f3a0c2ee":139,"abc1d7ad":151,"b28a5e67":162,"d8e58a8c":158,"c85a0d80":146,"263762cb":122,"d599b566":147,"6ce84ff8":122,"ea9bba6b":138,"e45b4b53":123,"d548635d":140,"06ee61b6":123,"0dad37d5":133,"feb67030":132,"972f4174":144,"9a80f004":130,"c4feee5b":138,"5a622a23":139,"2e3503e4":141,"a0cca8b7":124,"daab45c6":124,"7e8e1c3d":137,"d25e0f8d":156,"b947257e":141,"de6213c7":131,"7028b044":126,"6143f39d":138,"6a3eaf43":135,"b5763ff6":121,"ec2cb1af":134,"172217e5":147,"fb7482fe":129,"d6320619":129,"911e770b":142,"8dd2684c":134,"140ce69e":131,"6de0aaac":129,"cc11fef9":147,"6f81493d":125,"db703021":130,"d83870f5":130,"0d770b97":133,"730a4938":130,"54d7de6b":151,"37d0cae2":123,"e4117b3b":122,"e356abf1":145,"1dad0f99":132,"ef91eaae":124,"6034b6d0":140,"385ab7c6":137,"9496f56f":141,"a81a857c":134,"d9f512b9":144,"5272520d":141,"0af920d8":126,"4def63ee":109,"0c0e98ea":132,"37a7d5b0":141,"cd3bbe7e":136,"a33fe0dd":142,"0a2f71bc":133,"cac4449a":135,"04612878":144,"a58bf525":138,"6b79fec2":125,"458dcc3d":152,"b36a0d66":125,"aa00769b":158,"aefe13f5":152,"0b5a0408":141,"49910300":124,"3e602573":130,"28d41578":150,"f1098793":132,"159ffd0b":125,"8298e976":149,"b552beb3":139,"82b81567":122,"0cb80f4a":137,"7a6aa4b6":141,"34658473":126,"db0a661e":133,"00554ffd":150,"408bb2ed":134,"259930ee":142,"35aa7fd0":147,"71279c46":131,"6df0b2e8":158,"f4b2f575":121,"af034fee":143,"84369269":121,"dc473de1":123,"bb8a6337":125,"47d27624":123,"78b97937":148,"4930f321":133,"d83294cd":133,"478d2d4f":148,"fef750ca":132,"b28a5e67":163,"cfafcda8":131,"fe44fc6f":126,"c510bfd3":148,"52eca0dc":137,"2352c8ef":140,"6023df54":130,"4c0e547b":143,"95904ac4":156,"56473430":147,"906fdec3":123,"685207b3":144,"69134f07":139,"288d171f":134,"317c1591":150,"e9679ede":131,"bc09fa9e":129,"34c5c729":132,"93e8cee5":161,"3007f31f":130,"efe84c27":134,"fb8bfb36":150,"f3992a31":140,"c650b434":147,"ed4fad08":143,"9d63c4dd":138,"04643409":148,"cb6c9e42":150,"c98d5272":135,"d0d6acb1":138,"70bc8325":132,"dd7acb96":144,"72d7b461":146,"e9adbe58":136,"d552eb2f":142,"25a7a0a3":141,"778c95e9":140,"9e206c95":154,"0d2a1c58":131,"945b63f0":160,"9a467a82":140,"36d340f2":118,"01d817b8":109,"e21c6207":139,"44ff8baa":131,"1f11812e":145,"6ee92259":145,"ee21ad02":152,"cb4f262b":131,"4b125e7b":140,"ad2d7bed":147,"0d770b97":134,"e356abf1":146,"e4cfef0a":122,"7e95c5a0":146,"b9be31d6":141,"1e7753d9":145,"d0c104c4":112,"9d4da635":122,"859545e6":125,"4577b333":138,"0af920d8":127,"4360a1a3":151,"25776fc4":146,"26ed1a5c":134,"9e65c0ef":134,"e3547548":126,"44c77422":142,"2af60749":138,"cf52025e":139,"71ff66e8":126,"8cf83787":130,"ad8f85d6":146,"c95719e5":130,"59c1e594":132,"2d1e1e9d":132,"836701f6":136,"792cfcbd":131,"fb7b7b3c":167,"a4dafea5":132,"eed20185":150,"09f0db62":163,"a24e6670":138,"2d382981":136,"eda6a690":117,"b552beb3":140,"c6e3d352":144,"32c9fc47":134,"d6db2b02":138,"2e99f8fd":125,"5a0ead91":122,"e0e6a097":125,"5ee911b5":128,"794f652b":151,"77bfed7e":138,"619fda68":159,"91536e85":139,"0bfabf48":129,"4c0e547b":144,"a66a2d8a":152,"fef750ca":133,"1745a0f4":143,"c91966ce":121,"bd62d7ed":125,"be3a10f8":157,"f3a0c2ee":140,"fead11cf":128,"71ba7561":128,"ef8987d7":130,"5ef93e5d":119,"012de09c":129,"b2cfdbcf":131,"ef16ca37":133,"8323d333":119,"49bf2e95":129,"1da771fb":133,"77d35808":124,"5b60dd1d":142,"b215547b":124,"288d171f":135,"3498f223":129,"0dad37d5":134,"0a96f57a":149,"201cafad":137,"e7abc88d":132,"ccb5ea3e":122,"f3992a31":141,"5e193fc8":144,"261c9911":145,"ab7467de":146,"d25e0f8d":157,"2ad42a9e":149,"77f31bab":149,"b230e8d3":142,"a9b1bd51":106,"2132fe93":149,"99e171db":131,"c852d240":137,"5a0eb771":130,"5e09f69e":160,"c93c3508":119,"e15fd611":123,"1d790491":143,"5ac86fb9":150,"1f342a00":135,"af0b61ab":139,"2ab62345":129,"12dd6f5e":129,"6e851762":133,"6de0aaac":130,"9ab755d3":125,"8cc4a982":147,"af157d29":137,"e58b26f6":144,"18815a1b":133,"d552eb2f":143,"9a467a82":141,"b7832271":154,"ccdd1ce6":132,"fea793f5":141,"4652b09a":151,"ba586505":142,"4258c176":127,"6841f77e":141,"124fbe96":123,"00cf385d":145,"180377be":134,"7a9344a4":163,"6f81493d":126,"8db62558":132,"5cd3cfe0":122,"467773ac":133,"142d6987":138,"014460b9":164,"dac109cf":135,"638cb163":153,"312f7676":147,"8e4c33d2":129,"0eaf08da":135,"09ff339a":113,"f1098793":133,"f2470875":153,"6be9332a":124,"12271e14":136,"a6bcb07e":139,"c27969ec":137,"6291e9e9":139,"6db0ea86":133,"742f1425":140,"8b2b601d":143,"13f0e139":123,"05642105":141,"489a39f7":128,"8298e976":150,"b2a8761b":126,"9260d96b":162,"3652bd66":134,"7a6aa4b6":142,"b320feb9":142,"868cda42":131,"a33fe0dd":143,"e32524d6":135,"c4bff41f":150,"77bfed7e":139,"7fb4c521":140,"621d6b18":147,"ffa08d82":138,"10ec5a0b":125,"6034b6d0":141,"00a17b46":140,"c463799d":144,"1105f790":147,"4c0e547b":145,"25a2844e":150,"733c86f8":132,"8063df14":139,"fafb4cc2":172,"9a3ab0b8":126,"7896b953":143,"71ba7561":129,"f789f6d8":140,"da04caac":140,"abc1d7ad":152,"69eeae0d":123,"8d000d6e":129,"d33790a2":153,"e0e6a097":126,"36380d96":144,"704bce0d":142,"c650b434":148,"f121b82c":149,"805534ac":143,"145c7559":143,"df81ddee":127,"77300e4a":123,"18d20aa1":132,"8e780922":138,"2209903e":144,"4b4ecbce":118,"7bebff03":125,"f4343817":142,"d6d61bfc":149,"72805bf5":127,"25d1b2d8":144,"99e171db":132,"40860a4b":121,"815e4582":149,"b35bb8a1":129,"57d5dee8":140,"bda8cdfb":148,"254cc28c":142,"a2c334e7":150,"842c8340":129,"0670c466":129,"1f7607df":130,"50c3164b":152,"0d2a1c58":132,"1d153b20":142,"4bcd4a30":151,"de6213c7":132,"d6320619":130,"d2a841c9":131,"272c7672":144,"2180f99b":138,"6d339d45":118,"01d817b8":110,"8dd2684c":135,"ef8321d8":135,"87c462ee":151,"dffa7793":114,"1bb4ccc0":142,"04bef50c":113,"f0a06216":133,"cb4f262b":132,"e356abf1":147,"26ed1a5c":135,"94a2fe10":145,"db703021":131,"bb98a6cf":150,"180377be":135,"110b1ee3":137,"30d84dce":125,"0a2f71bc":134,"c1bdfd41":129,"8e4c33d2":130,"f5cd79c1":135,"7ee148e9":139,"ea9bba6b":139,"04612878":145,"a77e127d":113,"e6fac295":128,"804d4dfa":138,"3e082b37":128,"c318d350":147,"3e602573":131,"2c24d929":149,"4b3e3b1c":147,"ad8f85d6":147,"b84a06eb":138,"13f0e139":124,"69f3bfcc":131,"0b5a0408":142,"6a60348e":129,"11888cfa":124,"e81834aa":156,"25776fc4":147,"805af3c7":144,"d9f512b9":145,"a577db1c":128,"65a00a3c":137,"53b4e647":144,"76f94eda":143,"d7cb9bcf":125,"7218c9f1":121,"d5059415":138,"9aa6a054":137,"77bfed7e":140,"dc0c8b09":148,"c510bfd3":149,"8007f30e":112,"9b546d65":128,"0f89862c":114,"6a7392d5":125,"49cb2959":146,"2c6cb96f":116,"05f6ab35":148,"731fc335":116,"6023df54":131,"83b2f9c5":142,"ef8987d7":131,"3a291497":122,"d0c0fc08":121,"fa55f27a":149,"8493f3b2":138,"d33790a2":154,"d0e9a58e":133,"9e878ec2":143,"3a1b9af5":138,"6fb4cdda":151,"0a92153e":131,"805534ac":144,"efe84c27":135,"4e3f5178":146,"8ea21393":122,"ebdbf580":143,"cd421290":129,"b215547b":125,"daab45c6":125,"04cc7cbe":126,"4258c176":128,"95d331b1":123,"bd2705b0":149,"e382ec3f":121,"11b74e63":133,"c0b23081":154,"9f2b16a7":147,"e2cbe594":135,"be149c6f":124,"bb8a6337":126,"5a0eb771":131,"5ac86fb9":151,"74e3d13e":144,"77bae750":134,"ed4fad08":144,"d1fe2868":150,"36b7003c":161,"181c3dd5":142,"12534561":129,"04643409":149,"394dc144":129,"ccf8b803":139,"aa5dfdf5":139,"084cbc0b":127,"39ba00f0":141,"88b3bc99":127,"fd07e0ed":150,"3454fa2b":129,"f5596d0f":145,"b947257e":142,"1f7607df":131,"fd6dcb20":132,"8547fbc2":135,"30dd2edc":138,"9e206c95":155,"01d817b8":111,"92136ff5":139,"d25e0f8d":158,"f1b493de":159,"cf1124db":124,"30dbfc69":133,"c564e316":142,"8e4c33d2":131,"19f9ca86":140,"064a99c8":132,"7ee148e9":140,"59c1e594":133,"aa00769b":159,"a77e127d":114,"eda6a690":118,"03c398d2":144,"6be9332a":125,"e45b4b53":124,"b36a0d66":126,"2c24d929":150,"90731976":130,"e8d74304":127,"4ff2225d":129,"e36dfd6f":139,"1be05c14":142,"489a39f7":129,"2cce4fb2":142,"1e191c98":118,"0d5ee801":129,"9d4da635":123,"e1571af7":141,"d0c104c4":113,"df2b4d87":129,"ce3bf5db":133,"3bad3c95":114,"9bdf362a":135,"28d40296":111,"5ab7bc35":137,"4d9b0b10":139,"87083264":158,"8ac72326":131,"d4ee22a4":146,"87cd2add":126,"7566fdd6":149,"95539a58":128,"8b5a8e9f":146,"478d2d4f":149,"b102f7bd":141,"fee32863":140,"0e2b5d2f":144,"7c0a2db6":133,"78b97937":149,"b2cfdbcf":132,"50b558a7":121,"3a291497":123,"49cb2959":147,"c91966ce":122,"a533489b":152,"d0c0fc08":122,"d0b297b2":120,"db0a661e":134,"9263c525":142,"3a1b9af5":139,"cd95f558":140,"79f04300":138,"a0cca8b7":125,"d9a64845":140,"345c9967":125,"1c0a9eff":129,"2882a956":143,"93b0a158":147,"ae99df30":130,"37d0cae2":124,"e6ec8cbf":147,"935ec056":131,"7f86be64":137,"53747a91":132,"aec4e1bf":134,"f66616b7":137,"a2c334e7":151,"794f652b":152,"1ed46298":145,"a6003226":132,"f4b2f575":122,"394dc144":130,"47cfba38":126,"04643409":150,"8d04852b":140,"e4714415":154,"650bb0e0":130,"8a52882e":131,"835358a0":125,"70bc8325":133,"5747db6e":153,"aa5dfdf5":140,"9e206c95":156,"084cbc0b":128,"3661e12d":131,"730338c4":145,"ef8321d8":136,"9a467a82":142,"9ab755d3":126,"f3d68430":145,"175bc6b2":118,"12012fbd":127,"145c7559":144,"9d0546ac":130,"7b6a7048":139,"f121b82c":150,"44ff8baa":132,"f33c0140":137,"70594a28":142,"4c4aa2e2":137,"53431634":166,"da3437cd":136,"016953e4":148,"42191b64":114,"c0b7e7d7":118,"a543ec74":124,"b6aaf976":145,"363590c7":148,"9fc713b0":152,"19f9ca86":141,"23080895":124,"b769bdfb":137,"a636f4c9":150,"3310a049":138,"25635c37":120,"8aa78e2f":129,"ad8f85d6":148,"d6db2b02":139,"04612878":146,"868edcc0":150,"013ee301":129,"2cce4fb2":143,"6291e9e9":140,"94a2fe10":146,"026766f3":137,"467773ac":134,"40a745c0":148,"5cd3cfe0":123,"6f81493d":127,"638cb163":154,"be40590d":146,"e5d3655c":151,"c8fcad77":131,"7043382d":139,"719c8869":155,"92f800f5":137,"25776fc4":148,"07f98660":144,"a85d89cc":127,"869cbaa0":143,"6a5b71b4":134,"7fb4c521":141,"8fb236a9":121,"30b6808c":127,"a66a2d8a":153,"8721056e":125,"ba5c52af":137,"e35a63cd":140,"062179c1":139,"cfafcda8":132,"5f96c2bc":135,"ec11fe5f":119,"e0e6a097":127,"9260d96b":163,"cd95f558":141,"92d38723":147,"d102b0c6":134,"b35e9e1a":171,"c4aa1e38":123,"1ed46298":146,"b230e8d3":143,"36b7003c":162,"af034fee":144,"cf775f58":142,"40860a4b":122,"a939b50b":143,"2132fe93":150,"d5557fb4":141,"3c18f28e":136,"6867261a":128,"c81b2bcf":123,"39a2fcce":130,"f4b2f575":123,"bca2d7cd":130,"aaa274a5":139,"5747db6e":154,"778c95e9":141,"6d5fcd4c":136,"bc021def":138,"f069bb07":132,"22234d6b":140,"b9a48a5c":121,"22176537":131,"aec074c4":149,"d2a841c9":132,"d8e58a8c":159,"45b5746e":135,"7896b953":144,"ec110282":153,"52eca0dc":138,"ef8987d7":132,"11b74e63":134,"1bb4ccc0":143,"b2c25d1c":134,"c85a0d80":147,"1a68160d":140,"9a80f004":131,"e9679ede":132,"c455f40e":122,"ab7467de":147,"53431634":167,"18d20aa1":133,"c5b35e4d":127,"104721f0":139,"df81ddee":128,"547903ef":149,"d25e0f8d":159,"a58bf525":139,"b935fc1c":140,"82868763":133,"25635c37":121,"064a99c8":133,"3712c4bd":124,"26c6fa34":132,"0b3283c9":144,"d82592f4":136,"d1676e89":139,"aa00769b":160
1604737592883,"03dcfa3d":142,"11888cfa":125,"71bc1295":126,"1be05c14":143,"c6e3d352":145,"88a30343":132,"8b2b601d":144,"411b5027":125,"b84a06eb":139,"d9dcdc4b":151,"ef16ca37":134,"8245f916":137,"8493f3b2":139,"c7c4ec5c":116,"f1862e79":115,"4ac6bd4e":127,"31f6d707":152,"9de29816":121,"416a9e97":132,"6d61bf13":130,"e45b4b53":125,"25635c37":122,"e238f09b":151,"695a2b92":128,"ac62fac2":151,"c564e316":143,"dfc89705":138,"b935fc1c":141,"99d130c9":149,"07fc4a9a":151,"a4dafea5":133,"12271e14":137,"6be9332a":126,"3310a049":139,"6291e9e9":141,"d8475b95":108,"74e01f6a":142,"2cce4fb2":144,"90731976":131,"6d802fa2":133,"dcfaba4c":140,"5d087c79":134,"3c18f28e":137,"77f31bab":150,"c64de0c0":117,"aff8e442":141,"1a0189c4":134,"76f3a3be":139,"0f1ac912":121,"dc473de1":124,"ed4fad08":145,"5a0eb771":132,"1b881e6e":140,"72805bf5":128,"d552eb2f":144,"2c627253":136,"84b67924":141,"a625328f":145,"ef16ca37":135,"08a4c3f8":143,"3a1b9af5":140,"8245f916":138,"9d4f1fe6":134,"95d331b1":124,"04cc7cbe":127,"5b5fc566":133,"aa187e3b":137,"87083264":159,"76f94eda":144,"d7cb9bcf":126,"c803b4a3":136,"7a4c064c":145,"a85d89cc":128,"abd32136":140,"7fdc2007":124,"fa55f27a":150,"554ebb83":140,"e0e6a097":128,"a4f1d83b":129,"655941a0":156,"d634aa28":155,"93683c82":131,"61f25dd4":154,"26ed1a5c":136,"14c682eb":126,"3bad3c95":115,"be40590d":147,"859545e6":126,"aa021138":151,"7043382d":140,"65a00a3c":138,"75ffea08":136,"98915a1f":119,"3f65f121":140,"730338c4":146,"bb99c79c":135,"09560615":118,"d3a669ac":148,"12012fbd":128,"865d9857":115,"6143f39d":139,"4d35385e":139,"bd62d7ed":126,"4c0e547b":146,"1745a0f4":144,"a8c93bed":129,"78467b8a":160,"a472532e":123,"b102f7bd":142,"313258f2":138,"2c6cb96f":117,"61145ec9":147,"74c26380":157,"a5676c24":136,"ae016053":155,"3a204e56":141,"39bbc4bc":152,"3e082b37":129,"c564e316":144,"aa00769b":161,"6ce84ff8":123,"13f0e139":125,"317c1591":151,"71bc1295":127,"b84a06eb":140,"c7ab83c1":129,"cf84fb54":144,"804d4dfa":139,"64a7f79f":134,"95bc84f1":126,"48655f09":163,"32c9fc47":135,"17807120":137,"4945c851":141,"66554572":110,"d6db2b02":140,"f3992a31":142,"be2955bb":143,"79f04300":139,"bc09fa9e":130,"a851554d":139,"0dad37d5":135,"c5b35e4d":128,"d25e0f8d":160,"9f2b16a7":148,"f9f2c53f":118,"288d171f":136,"44ff8baa":133,"daab45c6":126,"4e5aaaec":119,"e9a8cf11":143,"d6d61bfc":150,"2a387957":136,"5774ac0d":151,"d1fe2868":151,"d5557fb4":142,"162a7348":136,"03b4ab60":129,"394dc144":131,"1ed46298":147,"5d087c79":135,"25d1b2d8":145,"deb31f35":140,"36b7003c":163,"9263c525":143,"e4c312fe":135,"5acce642":130,"d1d40c9c":149,"f56ac638":118,"f0a06216":134,"9cb4697f":155,"ee21ad02":153,"07f98660":145,"95539a58":129,"00a17b46":141,"abd32136":141,"ffa08d82":139,"4930f321":134,"5acaa06f":109,"608bc832":122,"8323d333":120,"d0b297b2":121,"db0a661e":135,"9e878ec2":144,"31408822":128,"9d4da635":124,"30dbfc69":134,"f883d582":127,"d033db8d":152,"4ee62a26":132,"74f234c6":167,"c4e70c07":133,"a577db1c":129,"259930ee":143,"ea6de194":139,"b5ce0c0c":149,"92f800f5":138,"f8b31ce5":166,"911e770b":143,"d552eb2f":145,"22234d6b":141,"8cd78f77":146,"383e232d":129,"d3a669ac":149,"30dd2edc":139,"7e991ab9":107,"eeaa2d46":147,"bb99c79c":136,"88432019":134,"dfa1a89b":129,"08c6b5d2":141,"315537b2":139,"0bfabf48":130,"9a07d89b":135,"5f4102da":145,"a567ace4":137,"bd62d7ed":127,"7bda83dd":131,"eebc8d43":138,"a15713c6":156,"eb2e1983":135,"42cd2360":115,"d9d0c567":135,"cf1b8c47":147,"3a291497":124,"aa867541":129,"a472532e":124,"c318d350":148,"f5cd79c1":136,"09f0db62":164,"317c1591":152,"59c1e594":134,"004f1ef3":168,"ae8a09c4":136,"27f52ed3":159,"8e4c33d2":132,"1c3a30c5":135,"2d1e1e9d":133,"6a60348e":130,"bc392d1c":122,"4ff2225d":130,"e6fac295":129,"e36dfd6f":140,"87922532":153,"b460f030":159,"1f88a4b7":153,"79f04300":140,"e9679ede":133,"8e99d5d0":153,"ebdbf580":144,"7f86be64":138,"53747a91":133,"debe1f65":136,"c5b35e4d":129,"1e232870":148,"5c82d1ce":138,"18d20aa1":134,"913a6226":138,"28d41578":151,"b84a06eb":141,"be149c6f":125,"cf775f58":143,"b8ab8e6e":132,"288a2c43":127,"081460bf":138,"bda8cdfb":149,"c64de0c0":118,"c67979e6":164,"794f652b":153,"725dce8b":148,"4258c176":129,"91b28f83":138,"e0e48a2d":131,"16b476e9":138,"5eab91a0":148,"ba586505":143,"20811ddf":143,"ffa08d82":140,"91536e85":140,"056ea7ff":151,"77bfed7e":141,"93b9fae6":128,"ba938220":139,"3a1b9af5":141,"fe0df575":150,"8245f916":139,"c7c4ec5c":117,"50312237":148,"b4fdf90e":148,"358e45b1":130,"f734c84c":158,"bc09fa9e":131,"1e7753d9":146,"3f9b5722":121,"5ccf94d6":133,"dae0f922":144,"93683c82":132,"9d4da635":125,"b6591e25":143,"ea6de194":140,"62d1d346":122,"868cda42":132,"c0b0f492":146,"fce3c5c6":128,"e786063b":149,"7043382d":141,"e4714415":155,"650bb0e0":131,"17446892":128,"c98d5272":136,"92efd84f":136,"1f342a00":136,"9147702f":124,"2c627253":137,"d1ca5d6b":145,"b5763ff6":122,"1f7607df":132,"ec2cb1af":135,"49902219":163,"b946e146":158,"865d9857":116,"d2a841c9":133,"8cc4a982":148,"01d817b8":112,"d83294cd":134,"a0685bf3":149,"0f89862c":115,"fee32863":141,"70ee0491":125,"33d6bb6a":132,"733c86f8":133,"50b558a7":122,"42cd2360":116,"d9d0c567":136,"731fc335":117,"28654c76":144,"012de09c":130,"3f75d3bc":158,"dd035d2a":132,"5781776a":140,"064a99c8":134,"2198ba8e":130,"004f1ef3":169,"de36827b":158,"9b742f71":133,"6fb4cdda":152,"f3992a31":143,"4e5aaaec":120,"77f31bab":151,"792cfcbd":132,"a40846b7":149,"59431390":137,"87922532":154,"159ffd0b":126,"5410e9c6":149,"e6fac295":130,"6d802fa2":134,"93ac9ca3":135,"c6e3d352":146,"6a60348e":131,"971675c5":136,"27c8e038":149,"4652b09a":152,"04bef50c":114,"1bb4ccc0":144,"4b125e7b":141,"0d770b97":135,"abad2347":143,"e356abf1":148,"c7ab83c1":130,"489a39f7":130,"045f280d":135,"4f5e3e7d":123,"9263c525":144,"36fb15d2":144,"5f8517b7":160,"6585adbe":118,"31f6d707":153,"e0e6a097":129,"3007f31f":131,"0dad37d5":136,"cb51f134":144,"c8dc010f":144,"5be594be":136,"18d20aa1":135,"21e10a2b":139,"36380d96":145,"51c57542":148,"6b9eff39":128,"5272520d":142,"bb98a6cf":151,"30dbfc69":135,"d634aa28":156,"26ed1a5c":137,"c015ec5a":138,"5a0eb771":133,"f94bf9ea":138,"8d04852b":141,"394dc144":132,"74e3d13e":145,"bda8cdfb":150,"ce3407dd":133,"64db4feb":158,"deb31f35":141,"1d790491":144,"bb8a6337":127,"c98d5272":137,"a6003226":133,"af0b61ab":140,"b5763ff6":123,"0fc5ac7e":164,"7028b044":127,"c0e2624b":135,"fb7482fe":130,"835358a0":126,"6d5fcd4c":137,"d3e84616":149,"f2ca27d9":142,"619fda68":160,"76f94eda":145,"e28c2efc":126,"93b9fae6":129,"e57d5cda":139,"6034b6d0":142,"a06a6430":141,"0e2b5d2f":145,"30c184b8":146,"6e44927f":132,"2c5c1dc0":126,"902f49f5":134,"e5d3655c":152,"4c39240e":146,"31408822":129,"a81a857c":135,"014460b9":165,"5f620a1e":143,"62d1d346":123,"80a8a56d":130,"9f2b16a7":149,"437fc3ec":150,"aefe13f5":153,"016953e4":149,"b6aaf976":146,"5781776a":141,"45fb95c1":133,"458dcc3d":153,"27f52ed3":160,"5678ed7b":152,"12271e14":138,"d82592f4":137,"26009d3f":129,"e238f09b":152,"ce4da56f":144,"fb7b7b3c":168,"cbad3b92":166,"e81834aa":157,"03dcfa3d":143,"8cc4a982":149,"eafbf9fb":138,"9e206c95":157,"f5596d0f":146,"1b881e6e":141,"51f80f4c":150,"bf822e33":133,"54a676d6":131,"045f280d":136,"9a3ab0b8":127,"fe44fc6f":127,"42cd2360":117,"5f4102da":146,"00a481e3":151,"fef750ca":134,"1bc0591f":134,"3f75d3bc":159,"6c486702":141,"49cb2959":148,"a472532e":125,"124fbe96":124,"16b476e9":139,"20811ddf":144,"a502c93c":122,"e0e48a2d":132,"d815c5b4":164,"0d770b97":136,"b7407bd3":134,"cfe72ead":126,"761cf820":144,"608bc832":123,"f1862e79":116,"02d4753e":167,"4f5e3e7d":124,"5be594be":137,"da3437cd":137,"5c82d1ce":139,"2e3503e4":142,"145c7559":145,"e1f0dbfd":150,"9a80f004":132,"dcf85091":121,"e2cbe594":136,"a3253019":129,"79e4fa1c":131,"f9f2c53f":119,"26ed1a5c":138,"0841052c":144,"751acea8":129,"ddec9e54":136,"7cd0ad7b":150,"66b7b5b4":134,"e62d705f":128,"aa021138":152,"24ffcbd3":159,"ba30e43a":150,"7e76c93c":142,"25776fc4":149,"caddd0a7":143,"a81a857c":136,"e15fd611":124,"081460bf":139,"1a0189c4":135,"57d5dee8":141,"bad1a1cc":133,"8d04852b":142,"af034fee":145,"cf775f58":144,"a983a6dc":124,"9b3f8714":143,"227006e4":131,"911e770b":144,"eb7b4e29":128,"508aac3d":146,"6751d8e4":151,"50c3164b":153,"f271ed5d":141,"6a3eaf43":136,"4469c815":109,"21ee2afe":142,"e9adbe58":137,"b946e146":159,"9de29816":122,"623c6a31":149,"0277d748":143,"753ca352":126,"8ac72326":132,"87cd2add":127,"2b698053":145,"abd32136":142,"f1df62b4":134,"faf4f98b":147,"9d023afb":142,"fef750ca":135,"d78dd457":126,"b8488fc8":141,"8063df14":140,"aa76bc50":120,"b102f7bd":143,"69eeae0d":124,"f2e3c0e3":122,"95904ac4":157,"fafb4cc2":173,"71e53c93":143,"195eb771":136,"b28a5e67":164,"6085137f":121,"f5cd79c1":137,"8274885a":144,"87922532":155,"868edcc0":151,"b2bd8fd3":129,"4945c851":142,"016953e4":150,"e81834aa":158,"014bdff0":142,"a5aee5de":166,"3c43e8a2":147,"28d41578":152,"17807120":138,"2cce4fb2":145,"312f7676":148,"e6fac295":131,"26009d3f":130,"ae8a09c4":137,"045f280d":137,"95d331b1":125,"51a3e9c2":140,"1a442bc7":130,"4b125e7b":142,"5acce642":131,"00cf385d":146,"1757a30e":133,"a0b03218":140,"1ff8c2fc":146,"3d1af513":148,"6f0fcb9d":141,"c7c4ec5c":118,"0cb80f4a":138,"0ac825ed":141,"4ba6eb36":133,"655954ba":131,"f2086446":135,"fe578280":135,"913a6226":139,"cb51f134":145,"e21c6207":140,"4b4ecbce":119,"2209903e":145,"e0154608":135,"92136ff5":140,"6b78ad7f":144,"d25e0f8d":161,"7bebff03":126,"70594a28":143,"b6591e25":144,"430a5db5":144,"902f49f5":135,"dbd2f139":142,"ea6de194":141,"7a9344a4":164,"3fdb08f5":140,"93683c82":133,"62d1d346":124,"f4634d0b":132,"14c682eb":127,"8a52882e":132,"c64de0c0":119,"aff8e442":142,"5a734022":126,"36684155":135,"aa9ea5e8":125,"1634789b":130,"f94bf9ea":139,"99e171db":133,"d1fe2868":152,"12534561":130,"c93c3508":120,"2a387957":137,"c852d240":138,"92efd84f":137,"b947257e":143,"84b767be":165,"d3a669ac":150,"af0b61ab":141,"284544ba":125,"22234d6b":142,"217c0327":114,"15620dca":151,"9a467a82":143,"f87c5031":139,"ac38a6a5":158,"f2f58418":128,"30dd2edc":140,"9aa6a054":138,"056ea7ff":152,"629800eb":147,"0bfabf48":131,"1dad0f99":133,"6f39f4d9":146,"8fb236a9":122,"7af262e5":154,"13b53c7a":139,"ec11fe5f":120,"6a7392d5":126,"9a3ab0b8":128,"43bc86e3":129,"52eca0dc":139,"c6dc900c":114,"55928ef1":134,"08a561b7":141,"da04caac":141,"7be025ce":145,"d9d7c4c2":143,"ffc86f94":111,"1951480c":125,"f5cd79c1":138,"a40846b7":150,"e7e82473":157,"481754fc":125,"a58bf525":140,"1138796e":149,"a43061ee":123,"00a481e3":152,"781ace7d":134,"65e4235b":135,"91b28f83":139,"04bef50c":115,"d929098e":117,"a6b5e869":128,"04cc7cbe":128,"fea793f5":142,"2882a956":144,"6b79fec2":126,"4b4ef7fa":128,"0b5a0408":143,"a24e6670":139,"437fc3ec":151,"eed20185":151,"e36dfd6f":141,"ae8a09c4":138,"dc583e64":150,"1c3a30c5":136,"868edcc0":152,"d9dcdc4b":152,"56752a4a":126,"792c9b6a":130,"8d000d6e":130,"4ba6eb36":134,"6fb4cdda":153,"f33c0140":138,"06ee61b6":124,"e2cbe594":137,"e0154608":136,"f76a3e83":145,"3ef7432b":144,"b6ee137a":133,"655954ba":132,"9f2b16a7":150,"3b7763b1":125,"5fa12feb":145,"6bc5d32a":160,"53747a91":134,"6f81493d":128,"26ed1a5c":139,"30dbfc69":136,"40a745c0":149,"f4634d0b":133,"c7c4ec5c":119,"ea274174":140,"6585adbe":119,"40569362":149,"815e4582":150,"be149c6f":126,"d1fe2868":153,"1b881e6e":142,"71279c46":132,"ed4fad08":146,"9d9dd9e5":128,"c67979e6":165,"40860a4b":123,"72805bf5":129,"bda8cdfb":151,"ccf8b803":140,"a6003226":134,"76f3a3be":140,"d3a669ac":151,"92efd84f":138,"fd369c21":153,"8cd78f77":147,"e58b26f6":145,"778c95e9":142,"9fa62fee":129,"ccdd1ce6":133,"6143f39d":140,"eafbf9fb":139,"a63bddd4":170,"ec2cb1af":136,"6cba74ce":129,"43d87483":141,"c38c2b52":129,"d7cb9bcf":127,"619fda68":161,"053f3451":137,"8ac72326":133,"faf4f98b":148,"9a3ab0b8":129,"fead11cf":129,"db703021":132,"cf1124db":125,"e1571af7":142,"3bad3c95":116,"0a2f71bc":135,"7e76c93c":143,"ea6de194":142,"dac109cf":136,"62d1d346":125,"9c045c61":142,"014bdff0":143,"fe1d4419":136,"f67de058":144,"19551bad":126,"7c0a2db6":134,"f5e8dfee":149,"3c0df8b4":136,"c463799d":145,"92ca52b7":146,"28654c76":145,"95904ac4":158,"ec110282":154,"4bc46d7a":132,"906fdec3":124,"c0b23081":155,"e4c312fe":136,"91b28f83":140,"bec9d329":149,"7735c3c2":127,"6ee92259":146,"d599b566":148,"411b5027":126,"742f1425":141,"8dd649a3":131,"be1746a0":141,"b84a06eb":142,"c318d350":149,"e36dfd6f":142,"458dcc3d":154,"cbad3b92":167,"6291e9e9":142,"6ce84ff8":124,"0eaf08da":136,"a3d4a0e5":150,"8274885a":145,"17b08923":134,"23080895":125,"6a60348e":132,"27c8e038":150,"754f98c9":144,"efe84c27":136,"6fb4cdda":154,"df81ddee":129,"696fdac5":140,"44ff8baa":134,"4b4ecbce":120,"ab7467de":148,"cd421290":130,"8e99d5d0":154,"79e4fa1c":132,"4e3f5178":147,"5c82d1ce":140,"c455f40e":123,"332820ce":140,"de11eb19":145,"8323d333":121,"554ebb83":141,"6e98dfda":139,"725dce8b":149,"90d52475":138,"aec4e1bf":135,"540df50f":136,"b88033fd":145,"d1fe2868":154,"17446892":129,"6df0b2e8":159,"1b881e6e":143,"0ecfa1c9":129,"bda8cdfb":152,"0f1ac912":122,"deb31f35":142,"50c3164b":154,"911e770b":145,"7db3edda":135,"272c7672":145,"fd07e0ed":151,"a6626a13":121,"22234d6b":143,"ac38a6a5":159,"4ac6bd4e":128,"45b038bb":169,"1ff8c2fc":147,"1757a30e":134,"753ca352":127,"ae95f2ba":159,"ef14000f":153,"7a840529":127,"abd32136":143,"6f39f4d9":147,"619fda68":162,"d033db8d":153,"db703021":133,"a68a93b2":132,"e62d705f":129,"906632cb":144,"61f25dd4":155,"7043382d":142,"4577b333":139,"0841052c":145,"ce3bf5db":134,"d141db49":137,"24ffcbd3":160,"d9f512b9":146,"fce3c5c6":129,"558d5ce7":138,"e9adbe58":138,"bb99c79c":137,"f87c5031":140,"9de29816":123,"416a9e97":133,"9a3ab0b8":130,"55928ef1":135,"cfafcda8":133,"8721056e":126,"43bc86e3":130,"733c86f8":134,"08a561b7":142,"0042f6eb":129,"71ba7561":130,"19551bad":127,"fd482491":160,"ec110282":155,"56473430":148,"dd035d2a":133,"730a4938":131,"88ce179e":152,"bf30a08f":146,"5270f158":128,"5b60dd1d":143,"e45b4b53":126,"cbad3b92":168,"49910300":125,"8eb64769":138,"19f9ca86":142,"23080895":126,"695a2b92":129,"b2703001":146,"bc392d1c":123,"69f3bfcc":132,"27f52ed3":161,"a77e127d":115,"87922532":156,"d6db2b02":141,"59431390":138,"64a7f79f":135,"489a39f7":131,"6ebe2354":114,"1f88a4b7":154,"f2086446":136,"c21ab51e":120,"c45d554f":141,"c5b35e4d":130,"5a622a23":140,"a4296d1e":134,"2b3c49b9":138,"0da28f5b":139,"d34a29b9":151,"3b7763b1":126,"bfad1727":121,"754f98c9":145,"51c57542":149,"913a6226":140,"31d74eee":132,"bfcb912a":141,"c67979e6":166,"d6d61bfc":151,"cf775f58":145,"3c18f28e":138,"97e75c19":150,"5e09f69e":161,"b35bb8a1":130,"23760167":144,"c852d240":139,"99e171db":134,"48efc739":158,"76f3a3be":141,"2180f99b":139,"7028b044":128,"50c3164b":155,"884b0ad1":134,"e58b26f6":146,"ef1c2dcb":133,"4ea4a2a1":145,"31f6d707":154,"3652bd66":135,"7a2f3f06":133,"a6b5e869":129,"b0869206":146,"7f6d1d0e":143,"91b28f83":141,"f1df62b4":135,"76f94eda":146,"7a4c064c":146,"7218c9f1":122,"0d7d88f1":146,"d4ee22a4":147,"9f74b8a4":129,"8493f3b2":140,"8c6e001f":119,"288afc30":134,"902f49f5":136,"4ee62a26":133,"6e24d88b":123,"3b690f68":145,"5cd3cfe0":124,"430a5db5":145,"ea6de194":143,"dae0f922":145,"859545e6":127,"b320feb9":143,"3fdb08f5":141,"4577b333":140,"04ea5673":142,"c1bdfd41":130,"c793cdda":141,"ec2cb1af":137,"558d5ce7":139,"865d9857":117,"bb99c79c":138,"f3d68430":146,"d6320619":131,"315537b2":140,"0042f6eb":130,"478d2d4f":150,"4c0e547b":147
1604737593948,"25d1b2d8":146,"254cc28c":143,"44a4f7cd":143,"68562193":124,"8a52882e":133,"9b3f8714":144,"c6c85783":148,"650bb0e0":132,"bb8a6337":128,"c98d5272":138,"61d4782d":139,"47cfba38":127,"c93c3508":121,"ed4fad08":147,"4bcd4a30":152,"9fa62fee":130,"84b67924":142,"d744bee2":131,"de6213c7":133,"aa5dfdf5":141,"af0b61ab":142,"945b63f0":161,"8dd2684c":136,"6cba74ce":130,"9e206c95":158,"f2f58418":129,"9a467a82":144,"69eeae0d":125,"08a561b7":143,"70ee0491":126,"a5676c24":137,"fead11cf":130,"a851891c":134,"fee32863":142,"61145ec9":148,"20958d58":128,"56473430":149,"f3a0c2ee":141,"7d6895f4":145,"685207b3":145,"36380d96":146,"ecfa8249":147,"f121b82c":151,"daab45c6":127,"7f86be64":139,"805534ac":145,"972f4174":145,"5c82d1ce":141,"c5b35e4d":131,"a0ce82b4":140,"1e232870":149,"51c57542":150,"df81ddee":130,"ae99df30":131,"dffa7793":115,"93b0a158":148,"87c462ee":152,"b0869206":147,"54d7de6b":152,"abad2347":144,"f1df62b4":136,"053f3451":138,"ef91eaae":125,"0785820e":138,"9496f56f":142,"67c57de4":159,"faf4f98b":149,"31d74eee":133,"cf775f58":146,"8a52882e":134,"64db4feb":159,"5d087c79":136,"af034fee":146,"bad1a1cc":134,"c64de0c0":120,"7e15f8e8":140,"5774ac0d":152,"c98d5272":139,"68562193":125,"dc473de1":125,"9f5e6cba":142,"3062379b":124,"61f25dd4":156,"7a9344a4":165,"30dbfc69":137,"6e24d88b":124,"4ee62a26":134,"d70ca4f4":149,"75ffea08":137,"ca7d47f7":149,"be40590d":148,"7be025ce":146,"ce3bf5db":135,"e32524d6":136,"4777334c":133,"0a2f71bc":136,"7e991ab9":108,"884b0ad1":135,"88b3bc99":128,"911e770b":146,"b947257e":144,"ef1c2dcb":134,"315537b2":141,"fee32863":143,"478d2d4f":151,"9a3ab0b8":131,"195eb771":137,"da04caac":142,"b102f7bd":144,"a8c93bed":130,"f3a0c2ee":142,"e5b1abc6":134,"65e4235b":136,"062179c1":140,"ec110282":156,"3f75d3bc":160,"5f0c1b9d":142,"ec2cb1af":138,"21ee2afe":143,"9de29816":124,"d2a841c9":134,"b946e146":160,"36d340f2":119,"87922532":157,"3712c4bd":125,"b2bd8fd3":130,"095ab3b4":138,"7732eb1e":155,"ea9bba6b":140,"a636f4c9":151,"64a7f79f":136,"836701f6":137,"868edcc0":153,"159ffd0b":127,"d8475b95":109,"93ac9ca3":136,"a8871ddf":119,"25635c37":123,"c609739e":137,"a24e6670":140,"09f0db62":165,"742f1425":142,"5678ed7b":153,"8b2b601d":145,"1b153aef":148,"5f8517b7":161,"4ba6eb36":135,"8323d333":122,"b8397293":126,"f9c15fcc":133,"49bf2e95":130,"9b742f71":134,"696fdac5":141,"913a6226":141,"4e3f5178":148,"0149e11a":122,"9a80f004":133,"acac14fb":133,"fb8bfb36":151,"8e780922":139,"f56ac638":119,"fea793f5":143,"bf30a08f":147,"04bef50c":116,"0d770b97":137,"1a442bc7":131,"e4c312fe":137,"ad303bda":130,"6f39f4d9":148,"5f7d7195":139,"1b881e6e":144,"a6003226":135,"a939b50b":144,"12534561":131,"c4bff41f":151,"2209903e":146,"0da28f5b":140,"cb51f134":146,"6b9eff39":129,"debe1f65":137,"93683c82":134,"9d4da635":126,"d0c104c4":114,"94a2fe10":147,"0af920d8":128,"74f234c6":168,"4777334c":134,"b320feb9":144,"ca6d2d91":141,"3bad3c95":117,"30c5d755":151,"8f13c203":126,"ea6de194":144,"ffc86f94":112,"40860a4b":124,"7e15f8e8":141,"71279c46":133,"bad1a1cc":135,"24a9fb86":152,"36b7003c":164,"835358a0":127,"32133249":140,"8a52882e":135,"4d35385e":140,"8657c79d":147,"43d87483":142,"053f3451":139,"cb142908":125,"7218c9f1":123,"0d7d88f1":147,"19551bad":128,"2a4a402a":136,"f3a0c2ee":143,"1745a0f4":145,"3f75d3bc":161,"4c0e547b":148,"ef8987d7":133,"0e2b5d2f":146,"91f7ef72":128,"a59a8290":138,"ec110282":157,"fef750ca":136,"c91966ce":123,"a5fd8ffd":145,"eafbf9fb":140,"a6626a13":122,"ef8321d8":137,"0bd93cfd":111,"437fc3ec":152,"71ff66e8":127,"1da771fb":134,"04612878":147,"f044c0e1":129,"8274885a":146,"b6aaf976":147,"0d2c95fe":136,"2203f259":143,"946df4fd":146,"8dc9b4db":144,"3310a049":140,"12271e14":139,"b769bdfb":138,"4b3e3b1c":148,"35b58ef9":133,"4b4ef7fa":129,"59431390":139,"a6bcb07e":140,"a0bc1ceb":141,"045f280d":138,"d0b297b2":122,"db0a661e":136,"cd95f558":142,"dd7acb96":145,"2cb29e5a":143,"f069bb07":133,"140ce69e":132,"9147702f":125,"623c6a31":150,"ccdd1ce6":134,"677c6a09":163,"aa187e3b":138,"7f6d1d0e":144,"4652b09a":153,"7735c3c2":128,"d39724bc":125,"6841f77e":142,"5f8517b7":162,"f9c15fcc":134,"8f2a7d69":134,"d33790a2":155,"13747b82":143,"2ab62345":130,"0f1ac912":123,"17446892":130,"5957df9e":132,"57d5dee8":142,"f2364460":139,"394dc144":133,"68562193":126,"1d790491":145,"71a2a493":112,"dcfaba4c":141,"1634789b":131,"06ee61b6":125,"104721f0":140,"7b6a7048":140,"b215547b":126,"e1f0dbfd":151,"7f86be64":140,"bfad1727":122,"c21ab51e":121,"07107f6e":142,"bd984a8e":127,"e1618359":143,"20777945":122,"5a622a23":141,"b6ee137a":134,"110b1ee3":138,"4279e829":159,"180377be":136,"bb98a6cf":152,"08a06557":160,"c0b0f492":147,"d9d7c4c2":144,"906632cb":145,"26ed1a5c":140,"d141db49":138,"1e7753d9":147,"88fa53d6":122,"b320feb9":145,"57167c74":130,"8ec3834d":149,"5a07fc2e":129,"af7e5be8":136,"2b698053":146,"7e95c5a0":147,"50c468ba":140,"a85d89cc":129,"0d7d88f1":148,"4f59a322":139,"fef750ca":137,"13b53c7a":140,"6e44927f":133,"8f10fa42":171,"fe44fc6f":128,"11b2c8d9":134,"49cb2959":149,"e35a63cd":141,"6023df54":132,"20958d58":129,"eb2e1983":136,"7c0a2db6":135,"cbb54a0a":122,"284544ba":126,"0bd93cfd":112,"d0d6acb1":139,"172217e5":148,"d6320619":132,"dd7acb96":146,"c0e2624b":136,"140ce69e":133,"25a7a0a3":142,"a4dafea5":134,"6ce84ff8":125,"e6fac295":132,"6db0ea86":134,"b1f58563":133,"1c3a30c5":137,"11888cfa":126,"17807120":139,"dc583e64":151,"eed20185":152,"95bc84f1":127,"8dd649a3":132,"cf52025e":140,"5099c6a0":157,"54a676d6":132,"dfc89705":139,"8dc9b4db":145,"6291e9e9":143,"87922532":158,"a6bcb07e":141,"014bdff0":144,"f3d68430":147,"22176537":132,"416a9e97":134,"d9d0c567":137,"69eeae0d":126,"677c6a09":164,"0d770b97":138,"5b5fc566":134,"e382ec3f":122,"88ce179e":153,"290b4714":139,"e356abf1":149,"08a4c3f8":144,"288afc30":135,"0cb80f4a":139,"d102b0c6":135,"4f5e3e7d":125,"0ac825ed":142,"408bb2ed":135,"725dce8b":150,"ccf8b803":141,"dbc9df44":117,"c7313e0a":149,"69d4b754":131,"6490bac6":133,"34c5c729":133,"07107f6e":143,"20777945":123,"5be594be":138,"9267f0ef":157,"913a6226":142,"0a92153e":132,"21e10a2b":140,"2ad42a9e":150,"4dac6b20":117,"906632cb":146,"142d6987":139,"902f49f5":137,"751acea8":130,"5272520d":143,"26ed1a5c":141,"4c39240e":147,"5cd3cfe0":125,"65a00a3c":139,"ca7d47f7":150,"3fdb08f5":142,"4def63ee":110,"2af60749":139,"c015ec5a":139,"17446892":131,"faf3ed07":136,"3a1d1632":110,"7e15f8e8":142,"6867261a":129,"36684155":136,"f4b2f575":124,"13747b82":144,"51f80f4c":151,"ce3407dd":134,"0681c48e":148,"c98d5272":140,"753ca352":128,"00a17b46":142,"ae95f2ba":160,"9aa6a054":139,"b9be31d6":142,"95539a58":130,"7218c9f1":124,"dc0c8b09":149,"c1bb74f2":126,"05f6ab35":149,"dd3913d2":129,"6e44927f":134,"4bc46d7a":133,"55928ef1":136,"da04caac":143,"11b2c8d9":135,"50b558a7":123,"7896b953":145,"5ef93e5d":120,"ea822700":127,"70bc8325":134,"778c95e9":143,"6751d8e4":152,"09ff339a":114,"60e855ee":157,"6ce84ff8":126,"d1676e89":140,"11888cfa":127,"a58bf525":141,"bbe71605":124,"971675c5":137,"71ff66e8":128,"5678ed7b":154,"6a60348e":133,"59c1e594":135,"a8871ddf":120,"468fc85c":139,"54a676d6":133,"045f280d":139,"03c398d2":145,"aa00769b":162,"a0bc1ceb":142,"2d382981":137,"4b4ef7fa":130,"dd7acb96":147,"8547fbc2":136,"6de0aaac":131,"fb7482fe":131,"2cb29e5a":144,"cbb54a0a":123,"3454fa2b":130,"22ecaed0":136,"7d6895f4":146,"416a9e97":135,"731fc335":118,"b28a5e67":165,"ee75b607":134,"c0b23081":156,"6841f77e":143,"d4d5f466":129,"bf30a08f":148,"b0869206":148,"5eab91a0":149,"36fb15d2":145,"40569362":150,"8f2a7d69":135,"d0e9a58e":134,"4f5e3e7d":126,"358e45b1":131,"332820ce":141,"c85a0d80":148,"9f2b16a7":151,"dbc9df44":118,"4eed1bea":141,"4c4aa2e2":138,"7e8e1c3d":138,"696fdac5":142,"44ff8baa":135,"06ee61b6":126,"4295ce9a":137,"655954ba":133,"ecfa8249":148,"bc09fa9e":132,"0149e11a":123,"30fdcd3b":132,"751acea8":131,"cf1124db":126,"5ccf94d6":134,"e62d705f":130,"30d84dce":126,"c0b0f492":148,"58d46189":147,"49b358bd":143,"ce3bf5db":136,"c93c3508":122,"1d790491":146,"37fbb107":142,"5a734022":127,"6e98dfda":140,"68562193":127,"e28c2efc":127,"8fb236a9":123,"0d7d88f1":149,"597c1f81":134,"c8113b77":130,"9aa6a054":140,"f7231212":128,"2a4a402a":137,"2a76f1dd":127,"0042f6eb":131,"25a2844e":151,"a0685bf3":150,"e865e4dd":130,"d5557fb4":143,"b230e8d3":144,"5eaa1581":132,"bad1a1cc":136,"b8ab8e6e":133,"ed4fad08":148,"d957f027":130,"725dce8b":151,"263762cb":123,"004f1ef3":170,"27f52ed3":162,"60e855ee":158,"6ce84ff8":127,"6291e9e9":144,"0114160e":137,"312f7676":149,"8274885a":147,"28d41578":153,"0be540c5":145,"6c73ae98":115,"a5aee5de":167,"a24e6670":141,"e8d74304":128,"4b3e3b1c":149,"9c58dd76":151,"2c627253":138,"f069bb07":134,"98915a1f":120,"0d2a1c58":133,"e58b26f6":147,"b946e146":161,"945b63f0":162,"884b0ad1":136,"7080f122":134,"f271ed5d":142,"9a467a82":145,"9e206c95":159,"8dd2684c":137,"140ce69e":134,"d9d7c4c2":145,"d9f512b9":147,"08a06557":161,"fce3c5c6":130,"95904ac4":159,"b87158fb":146,"cd522166":150,"3c0df8b4":137,"7ae34c64":140,"da04caac":144,"91f7ef72":129,"28654c76":146,"5eab91a0":150,"bd2705b0":150,"730a4938":132,"3b2dee89":139,"ba586505":144,"91b28f83":142,"abad2347":145,"12271e14":140,"64a7f79f":137,"a636f4c9":152,"3e602573":132,"4ba6eb36":136,"36fb15d2":146,"5f8517b7":163,"34658473":127,"cfe72ead":127,"9e878ec2":145,"31f6d707":155,"9267f0ef":158,"1a2c020b":137,"f9f2c53f":120,"6fb4cdda":155,"ded7da5a":148,"2e3503e4":143,"c650b434":149,"ebdbf580":145,"a4296d1e":135,"201cafad":138,"972f4174":146,"e2cbe594":138,"7bebff03":127,"b6ee137a":135,"ca6d2d91":142,"c2bb8aae":134,"142d6987":140,"430a5db5":146,"6f39f4d9":149,"a85d89cc":130,"d2466211":154,"6a5b71b4":135,"d5059415":139,"ef14000f":154,"9fce073c":136,"e5b1abc6":135,"fead11cf":131,"a6003226":136,"cf775f58":147,"c4bff41f":152,"51f80f4c":152,"449d8475":122,"5774ac0d":153,"f2364460":140,"8cddb65e":141,"36b7003c":165,"0f1ac912":124,"2132fe93":151,"48efc739":159,"c852d240":140,"8dc9b4db":146,"8e4c33d2":133,"6d61bf13":131,"3c43e8a2":148,"b1f58563":134,"b2703001":147,"eda6a690":119,"17b08923":135,"25635c37":124,"411b5027":127,"c98d5272":141,"26c390d6":132,"835358a0":128,"84b767be":166,"a6626a13":123,"e58b26f6":148,"6d5fcd4c":138,"6a3eaf43":137,"fd6dcb20":133,"50c3164b":156,"affb82bf":152,"a77e8461":137,"1f11812e":146,"110b1ee3":139,"b320feb9":146,"be40590d":149,"4c39240e":148,"d6f0d94a":125,"b5ce0c0c":150,"25776fc4":150,"c4e70c07":134,"14c682eb":128,"172217e5":149,"d2a841c9":135,"140ce69e":135,"2a4a402a":138,"0e2b5d2f":147,"a66a2d8a":154,"3101354b":121,"6c524f99":145,"95904ac4":160,"6c486702":142,"ae016053":156,"f905a555":126,"3f75d3bc":162,"42cd2360":118,"fd482491":161,"bec9d329":150,"d4d5f466":130,"00cf385d":147,"54d7de6b":153,"9cb4697f":156,"93b0a158":149,"26009d3f":131,"b552beb3":141,"1c3a30c5":138,"ce4da56f":145,"dfc89705":140,"0b5a0408":144,"468fc85c":140,"cf52025e":141,"8eb64769":139,"e6fac295":133,"3e602573":133,"3a1b9af5":142,"336d0f08":153,"02d4753e":168,"c7c4ec5c":120,"1bd5b20b":155,"ea274174":141,"792c9b6a":131,"6b9eff39":130,"754f98c9":146,"44ff8baa":136,"288d171f":137,"0149e11a":124,"6fb4cdda":156,"501db4de":139,"debe1f65":138,"7b6a7048":141,"bd984a8e":128,"7e8e1c3d":139,"2e3503e4":144,"e2cbe594":139,"0da28f5b":141,"79be29c8":129,"a85d89cc":131,"d4ee22a4":148,"d5059415":140,"6a5b71b4":136,"b73e789c":134,"67c57de4":160,"e28c2efc":128,"c64de0c0":121,"60e855ee":159,"6b79fec2":127,"83086d4c":147,"8dd649a3":133,"227006e4":132,"4ed01268":122,"e4714415":156,"7e15f8e8":143,"48efc739":160,"31f6ba51":133,"1a0189c4":136,"42c80e69":144,"b7cc7909":146,"9d63c4dd":139,"b230e8d3":145,"5957df9e":133,"91d52a55":138,"af0b61ab":143,"70c1e715":133,"c0e2624b":137,"92efd84f":139,"8cd78f77":148,"558d5ce7":140,"0841052c":146,"4360a1a3":152,"059d6c19":153,"906632cb":147,"94a2fe10":148,"014460b9":166,"3fdb08f5":143,"0c0e98ea":133,"1623fc9f":138,"bb98a6cf":153,"dac109cf":137,"04ea5673":143,"75ffea08":138,"c0b0f492":149,"f069bb07":135,"09560615":119,"6e851762":134,"d2a841c9":136,"3f65f121":141,"0277d748":144,"bb99c79c":139,"88432019":135,"5f4102da":147,"fe8f3d36":135,"afe8e06a":126,"cd522166":151,"30c184b8":147,"fead11cf":132,"da04caac":145,"a567ace4":138,"7ae34c64":141,"cf1b8c47":148,"61145ec9":149,"ec110282":158,"012de09c":131,"fd482491":162,"51a3e9c2":141,"87c462ee":153,"0b3283c9":145,"32c9fc47":136,"7ee148e9":141,"a24e6670":142,"28d41578":154,"3a204e56":142,"0b5a0408":145,"2cce4fb2":146,"a0bc1ceb":143,"868edcc0":154,"6ebe2354":115,"946df4fd":147,"49910300":126,"4febf7c5":142,"01cd8099":137,"dfc89705":141,"6be9332a":127,"de11eb19":146,"9260d96b":164,"3652bd66":136,"332820ce":142,"b8397293":127,"d102b0c6":136,"36fb15d2":147,"d34a29b9":152,"bfad1727":123,"dcf85091":122,"6490bac6":134,"f76a3e83":146,"4e3f5178":149,"7d112f4d":144,"1247fa52":144,"ab7467de":149,"0da28f5b":142,"4e5aaaec":121,"754f98c9":147,"8f9b74b0":134,"67d30f2b":137,"a6b5e869":130,"e4c312fe":138,"d39724bc":126,"ae99df30":132,"cf9f4757":130,"e57d5cda":140,"ac030e74":133,"4f59a322":140,"b73e789c":135,"af7e5be8":137,"c8113b77":131,"42191b64":115,"57d5dee8":143,"6867261a":130,"31d74eee":134,"5ac86fb9":152,"a6003226":137,"77f31bab":152,"c64de0c0":122,"394dc144":134,"ed4fad08":149,"d957f027":131,"bc3dc66a":143,"cf775f58":148,"449d8475":123,"44a4f7cd":144,"9ab755d3":127,"72d7b461":147,"8ea21393":123,"7cd0ad7b":151,"a68a93b2":133,"74f234c6":169,"0841052c":147,"58d46189":148,"e32524d6":137,"fce3c5c6":131,"0c043224":148,"5ab7bc35":138,"b7434f57":114,"5f620a1e":144,"805af3c7":145,"ea6de194":145,"e5d3655c":153,"1f342a00":137,"f4726450":133,"b9a48a5c":122,"22234d6b":144,"bb99c79c":140,"8657c79d":148,"2cb29e5a":145,"84b67924":143,"945b63f0":163,"eeaa2d46":148,"8dd2684c":138,"c463799d":146,"a66a2d8a":155,"8063df14":141,"6c524f99":146,"6c486702":143,"92ca52b7":147,"9a07d89b":136,"a901627e":130,"00a481e3":153,"a0cf08b3":110,"45b5746e":136,"43bc86e3":131,"2dd0e808":135,"731fc335":119,"12012fbd":129,"3a204e56":143,"b1f58563":135,"312f7676":150,"6085137f":122,"8d753bb6":137,"d9dcdc4b":153,"5270f158":129,"0be540c5":146,"b935fc1c":142,"f277386e":118,"1f88a4b7":155,"ae8a09c4":139,"88a30343":133,"e6fac295":134,"26c6fa34":133,"45fb95c1":134,"ac62fac2":152,"dd1fcb17":129,"742f1425":143,"b460f030":160,"40569362":151,"336d0f08":154,"fa55f27a":151,"06073f13":150,"3d1af513":149,"f9c15fcc":135,"5be594be":139,"80a8a56d":131,"72b84094":167,"2e3503e4":145,"ecfa8249":149,"6b78ad7f":145,"54d7de6b":154,"dffa7793":116,"fea793f5":144,"93b0a158":150,"00cf385d":148,"87c462ee":154,"95d331b1":126,"9fce073c":137,"af7e5be8":138,"10ec5a0b":126,"ad303bda":131,"49bf2e95":131,"181c3dd5":143,"13747b82":145,"aa9ea5e8":126,"cb6c9e42":151,"5e09f69e":162,"8ec3834d":150,"47cfba38":128,"99e171db":135,"97e75c19":151,"24a9fb86":153,"5957df9e":134,"227006e4":133,"93e8cee5":162,"e1618359":144,"a0ce82b4":141,"2ad42a9e":151,"debe1f65":139,"104721f0":141,"53431634":168,"26dd2000":159,"dbd2f139":143,"0d5ee801":130,"902f49f5":138,"dae0f922":146,"0af920d8":129,"0c043224":149,"aa021138":153,"e62d705f":131,"c015ec5a":140,"14c682eb":129,"caddd0a7":144,"e3547548":127,"8f13c203":127,"ffc86f94":113,"527ff946":153,"d5557fb4":144,"b947257e":145,"aec074c4":150,"d0d6acb1":140,"84b67924":144,"7db3edda":136,"3062379b":125,"fd6dcb20":134,"ef14000f":155,"8fb236a9":124,"6f39f4d9":150,"11b2c8d9":136,"55928ef1":137
1604737595213,"6085137f":123,"014bdff0":145,"1da771fb":135,"695a2b92":130,"c564e316":145,"eda6a690":120,"8cf83787":131,"a58bf525":142,"b2703001":148,"7732eb1e":156,"d36125db":144,"ac62fac2":153,"66554572":111,"489a39f7":132,"64a7f79f":138,"59c1e594":136,"45fb95c1":135,"468fc85c":141,"4cc141fa":114,"812b4f15":116,"dd1fcb17":130,"45b038bb":170,"1bd5b20b":156,"31f6d707":156,"0cb80f4a":140,"d0e9a58e":135,"358e45b1":132,"cfe72ead":128,"f2e3c0e3":123,"b102f7bd":145,"2a76f1dd":128,"dc0c8b09":150,"9d023afb":143,"781ace7d":135,"91f7ef72":130,"012de09c":132,"a5fd8ffd":146,"313258f2":139,"1d44aff3":151,"fafb4cc2":174,"09f0db62":166,"42191b64":116,"5781776a":142,"71ff66e8":129,"016953e4":151,"685207b3":146,"1a68160d":141,"104721f0":142,"daab45c6":128,"2b3c49b9":139,"9267f0ef":159,"77300e4a":124,"53747a91":135,"a6bcb07e":142,"a4dafea5":135,"f1dffa24":121,"f6fe095d":148,"e8f173b5":141,"b84a06eb":143,"8b2b601d":146,"01cd8099":138,"4ff2225d":131,"a24e6670":143,"48655f09":164,"cac4449a":136,"742f1425":144,"27c8e038":151,"eed20185":153,"6be9332a":128,"d4d5f466":131,"c0b23081":157,"ba586505":145,"6ee92259":147,"51a3e9c2":142,"6841f77e":144,"fea793f5":145,"408bb2ed":136,"5acaa06f":110,"8245f916":140,"d102b0c6":137,"f1862e79":117,"d0e9a58e":136,"e0e6a097":130,"e1f0dbfd":152,"2e3503e4":146,"69d4b754":132,"ccb5ea3e":123,"6b9eff39":131,"92136ff5":141,"f883d582":128,"c8977844":137,"0841052c":148,"a4f1d83b":130,"cf1124db":127,"b6591e25":145,"fce3c5c6":132,"aa021138":154,"6f81493d":129,"ca7d47f7":151,"e32524d6":138,"df2b4d87":130,"c8fcad77":132,"868cda42":133,"9c045c61":143,"22234d6b":145,"558d5ce7":141,"15620dca":152,"315537b2":142,"e9adbe58":139,"30dd2edc":141,"e57d5cda":141,"87083264":160,"e28c2efc":129,"7a4c064c":147,"7fb4c521":142,"abd32136":144,"385ab7c6":138,"1105f790":148,"478d2d4f":152,"cd522166":152,"70ee0491":127,"25a2844e":152,"20958d58":130,"fead11cf":133,"313258f2":140,"906fdec3":125,"731fc335":120,"6023df54":133,"f3a0c2ee":144,"56473430":150,"7ae34c64":142,"3e082b37":130,"5099c6a0":158,"5270f158":130,"fe1d4419":137,"3a204e56":144,"6a60348e":134,"82868763":134,"b36a0d66":127,"5781776a":143,"1db42092":148,"b552beb3":142,"0114160e":138,"3c782bb3":137,"27c8e038":152,"56752a4a":127,"06ddafc7":117,"17807120":140,"fea793f5":146,"124fbe96":125,"79be29c8":130,"cb4f262b":133,"bec9d329":151,"c0b23081":158,"aa187e3b":139,"aa00769b":163,"a0b03218":141,"a43061ee":124,"946df4fd":148,"08a4c3f8":145,"379184a7":156,"3652bd66":137,"cfe72ead":129,"f1862e79":118,"336d0f08":155,"ef16ca37":136,"e7abc88d":133,"104721f0":143,"9b172ca8":126,"8f9b74b0":135,"e21c6207":141,"470d50c2":135,"0a92153e":133,"3007f31f":132,"f76a3e83":147,"40e79dd3":138,"4e3f5178":150,"da3437cd":138,"8ea21393":124,"d25e0f8d":162,"1a2ec5d7":150,"110b1ee3":140,"1e191c98":119,"a8726d50":124,"0d5ee801":131,"467773ac":135,"e786063b":150,"3f9b5722":122,"aab4d996":136,"ba30e43a":151,"caddd0a7":145,"e3547548":128,"57167c74":131,"b5ce0c0c":151,"9f5e6cba":143,"8cddb65e":142,"af034fee":147,"2a387957":138,"44a4f7cd":145,"aa9ea5e8":127,"36b7003c":166,"5a734022":128,"42c80e69":145,"5339e1e9":146,"842c8340":130,"57d5dee8":144,"650bb0e0":133,"77f31bab":153,"26c390d6":133,"22234d6b":146,"9ab755d3":128,"730338c4":147,"8cc4a982":150,"39ba00f0":142,"8547fbc2":137,"6751d8e4":153,"c793cdda":142,"f87c5031":141,"22176537":133,"ef8321d8":138,"51f57142":142,"546f6845":144,"07f98660":146,"6f39f4d9":151,"d7cb9bcf":128,"67c57de4":161,"87083264":161,"629800eb":148,"50c468ba":141,"82204d54":128,"92ca52b7":148,"9a07d89b":137,"831c7b85":136,"0042f6eb":132,"c6dc900c":115,"eebc8d43":139,"5f0c1b9d":143,"74c26380":158,"fe44fc6f":129,"8a165e17":148,"7896b953":146,"d9a64845":141,"00a481e3":154,"263762cb":124,"004f1ef3":171,"09f0db62":167,"c0b7e7d7":119,"5410e9c6":150,"1db42092":149,"59431390":140,"578f6e9e":143,"e238f09b":153,"95f6db13":138,"f5829ac0":151,"7ee7621c":141,"dffa7793":117,"ae99df30":133,"fea793f5":147,"5b5fc566":135,"ad2d7bed":148,"935ec056":132,"820225e4":119,"b460f030":161,"05642105":142,"dd1fcb17":131,"f044c0e1":130,"a543ec74":125,"0eaf08da":137,"2198ba8e":131,"481754fc":126,"0f72f2d8":132,"82b81567":123,"9263c525":145,"02d4753e":169,"c7c4ec5c":121,"40569362":152,"4e3f5178":151,"e9679ede":134,"655954ba":134,"9267f0ef":160,"90a06ee9":138,"70594a28":144,"f121b82c":152,"c455f40e":124,"bd984a8e":129,"79e4fa1c":133,"27d8bf51":135,"b6ee137a":136,"0a96f57a":150,"4dac6b20":118,"9d4da635":127,"1f11812e":147,"0841052c":149,"8db62558":133,"0af920d8":130,"d0c104c4":115,"31408822":130,"aa021138":155,"0f029727":128,"7043382d":143,"28d40296":112,"57167c74":132,"b320feb9":147,"ffc86f94":114,"db0a661e":137,"de11eb19":147,"7af9d3b1":137,"72805bf5":130,"36b7003c":167,"64db4feb":160,"e4714415":157,"47d27624":124,"e9a8cf11":144,"0670c466":130,"12534561":132,"97e75c19":152,"66d94227":137,"5ac86fb9":153,"93fdbb44":125,"36684155":137,"70c1e715":134,"7db3edda":137,"22234d6b":147,"88b3bc99":129,"8dd2684c":139,"284544ba":127,"383e232d":130,"dfa1a89b":130,"9fa62fee":131,"09560615":120,"558d5ce7":142,"9c045c61":144,"0e036ae9":154,"4469c815":110,"ffa08d82":141,"cb142908":126,"e28c2efc":130,"2ce1af05":125,"50c468ba":142,"c803b4a3":137,"ad303bda":132,"2352c8ef":141,"f67de058":145,"9a3ab0b8":132,"70ee0491":128,"0f89862c":116,"78467b8a":161,"eb2e1983":137,"cf1b8c47":149,"0a1d11e6":128,"fb7b7b3c":169,"c95719e5":131,"312f7676":151,"5270f158":131,"3f2522c2":143,"cf84fb54":145,"2c6cb96f":118,"00a481e3":155,"fd482491":163,"5f0c1b9d":144,"d8e58a8c":160,"1c0a9eff":130,"a502c93c":123,"d1d40c9c":150,"37d0cae2":125,"2882a956":145,"e6ec8cbf":148,"f56ac638":120,"22aeaf03":139,"b36a0d66":128,"1138796e":150,"5b60dd1d":144,"159ffd0b":128,"c27969ec":138,"6c73ae98":116,"dfc89705":142,"3e602573":134,"88a30343":134,"b84a06eb":144,"946df4fd":149,"2198ba8e":132,"6be9332a":129,"04612878":148,"acac14fb":134,"6fb4cdda":157,"8e780922":140,"8e99d5d0":155,"79e4fa1c":134,"c7313e0a":150,"ebdbf580":146,"efd23af5":132,"7d112f4d":145,"efe84c27":137,"d25e0f8d":163,"21e10a2b":141,"fb8bfb36":152,"4eed1bea":142,"3f9b5722":123,"5cd3cfe0":126,"d033db8d":154,"19e9776f":133,"dbd2f139":144,"61f25dd4":157,"9d4da635":128,"4777334c":135,"c015ec5a":141,"7ae3fc50":120,"40569362":153,"6f0fcb9d":142,"8f2a7d69":136,"08a4c3f8":146,"358e45b1":133,"5ac86fb9":154,"ed4fad08":150,"b7cc7909":147,"5eaa1581":133,"36684155":138,"a6003226":138,"794f652b":154,"deb31f35":143,"23760167":145,"9f5e6cba":144,"5d087c79":137,"449d8475":124,"39a2fcce":131,"9d63c4dd":140,"d1ca5d6b":146,"508aac3d":147,"730338c4":148,"cbb54a0a":124,"dfa1a89b":131,"2c627253":139,"51f57142":143,"a6626a13":124,"fd369c21":154,"53a8613c":155,"a63bddd4":171,"1d153b20":143,"30dd2edc":142,"6d5fcd4c":139,"31f6d707":157,"10ec5a0b":127,"ef91eaae":126,"91536e85":141,"cb142908":127,"0d28db94":129,"b9be31d6":143,"e4cfef0a":123,"e35a63cd":142,"be3a10f8":158,"7af262e5":155,"2a76f1dd":129,"a567ace4":139,"c6dc900c":116,"4def63ee":111,"49b358bd":144,"b320feb9":148,"c4e70c07":135,"75ffea08":139,"8e4c33d2":134,"4c0e547b":149,"b2cfdbcf":133,"8a165e17":149,"aa867541":130,"a5676c24":138,"3a291497":125,"d8e58a8c":161,"f905a555":127,"d4d5f466":132,"bec9d329":152,"11b74e63":135,"d929098e":118,"ea9bba6b":141,"f1dffa24":122,"dc583e64":152,"c0b7e7d7":120,"971675c5":138,"39bbc4bc":153,"8cf83787":132,"4febf7c5":143,"6291e9e9":145,"59c1e594":137,"2198ba8e":133,"0b5a0408":146,"26c6fa34":134,"ad8f85d6":149,"bbe71605":125,"d6db2b02":142,"468fc85c":142,"b2703001":149,"0f72f2d8":133,"e8f173b5":142,"acac14fb":135,"1a2c020b":138,"4b4ecbce":121,"c7313e0a":151,"93e8cee5":163,"c21ab51e":122,"4e3f5178":152,"e2a7d915":121,"0da28f5b":143,"c45d554f":142,"5fa12feb":146,"53747a91":136,"7b6a7048":142,"85de05f2":133,"e62d705f":132,"c8977844":138,"4360a1a3":153,"1b153aef":149,"5a0ead91":123,"c64de0c0":123,"57d5dee8":145,"5e09f69e":163,"288a2c43":128,"031e488e":149,"24a9fb86":154,"bda8cdfb":153,"f94bf9ea":140,"8a52882e":136,"4ed01268":123,"9fa62fee":132,"faf3ed07":137,"7028b044":129,"39a2fcce":132,"3062379b":126,"254cc28c":144,"12dd6f5e":130,"93fdbb44":126,"72d7b461":148,"affb82bf":153,"e58b26f6":149,"7d6895f4":147,"fb7482fe":132,"22176537":134,"d552eb2f":146,"175bc6b2":119,"06073f13":151,"6585adbe":120,"36fb15d2":148,"7735c3c2":129,"ae99df30":134,"5acce642":132,"07f98660":147,"8fb236a9":125,"7218c9f1":125,"c803b4a3":138,"9f74b8a4":130,"e28c2efc":131,"95539a58":131,"82204d54":129,"8063df14":142,"de11eb19":148,"08a4c3f8":147,"a4f1d83b":131,"0af920d8":131,"c8fcad77":133,"5272520d":144,"a33fe0dd":144,"3f9b5722":124,"868cda42":134,"2045d7d6":137,"30c5d755":152,"92f800f5":139,"9e65c0ef":135,"945b63f0":164,"eafbf9fb":141,"dfcc2ad1":158,"ba5c52af":138,"7bda83dd":132,"c6dc900c":117,"2352c8ef":142,"8a165e17":150,"a472532e":126,"a5fd8ffd":147,"f905a555":128,"a0cf08b3":111,"781ace7d":136,"b28a5e67":166,"f6fe095d":149,"437fc3ec":153,"004f1ef3":172,"49910300":127,"2c5c1dc0":127,"ce4da56f":146,"3e082b37":131,"12a2cd4b":135,"05642105":143,"363590c7":149,"aa00769b":164,"28d41578":155,"60e855ee":160,"71bc1295":128,"868edcc0":155,"a43061ee":125,"e7e82473":158,"b7df1559":140,"90731976":132,"ae8a09c4":140,"946df4fd":150,"2e3503e4":147,"c4feee5b":139,"4b4ecbce":122,"ab7d4c9a":126,"9b742f71":135,"168e75d9":132,"d34a29b9":153,"7e8e1c3d":140,"9a80f004":134,"7d112f4d":146,"261c9911":146,"5fa12feb":147,"93e8cee5":164,"3ef7432b":145,"e4714415":158,"288a2c43":129,"2ab62345":131,"1ed46298":148,"03b4ab60":130,"24a9fb86":155,"a983a6dc":125,"b230e8d3":146,"6e98dfda":141,"842c8340":131,"25d1b2d8":147,"6adce358":157,"26c390d6":134,"2c01e624":139,"0670c466":131,"cb6c9e42":152,"ea822700":128,"eafbf9fb":142,"1f342a00":138,"8323d333":123,"fea793f5":148,"e382ec3f":123,"d1d40c9c":151,"b3f19a69":129,"87c462ee":155,"c0b23081":159,"d4d5f466":133,"d2466211":155,"0d28db94":130,"056ea7ff":153,"50c468ba":143,"ba938220":140,"b9be31d6":144,"87cd2add":128,"5ee911b5":129,"8f2a7d69":137,"c7c4ec5c":122,"67f6e4f2":129,"db0a661e":138,"d33790a2":156,"8db62558":134,"94a2fe10":149,"a68a93b2":134,"f883d582":129,"0af920d8":132,"ce3bf5db":137,"61f25dd4":158,"30c5d755":153,"6e24d88b":125,"ba30e43a":152,"d9f512b9":148,"b5ce0c0c":152,"08a06557":162,"fce3c5c6":133,"84b67924":145,"175bc6b2":120,"e9adbe58":140,"284544ba":128,"dfa1a89b":132,"72d7b461":149,"8dd2684c":140,"945b63f0":165,"8cc4a982":151,"d78dd457":127,"478d2d4f":153,"8721056e":127,"c1bb74f2":127,"4c0e547b":150,"1745a0f4":146,"733c86f8":135,"71e53c93":144,"74c26380":159,"f905a555":129,"537634c9":122,"da04caac":146,"8db5a165":127,"28654c76":147,"fe1d4419":138,"2c5c1dc0":128,"c95719e5":132,"836701f6":138,"09f0db62":168,"3e082b37":132,"95d3d348":130,"1be05c14":144,"064a99c8":135,"87ce8d1d":126,"1db42092":150,"e36dfd6f":143,"a5aee5de":168,"13f0e139":126,"d6db2b02":143,"0114160e":139,"35b58ef9":134,"6a60348e":135,"9b742f71":136,"1a2c020b":139,"fe578280":136,"f121b82c":153,"69d4b754":133,"0a92153e":134,"69134f07":140,"df81ddee":131,"bfad1727":124,"cd421290":131,"40e79dd3":139,"21ad2f34":142,"4295ce9a":138,"4e5aaaec":122,"03dcfa3d":144,"e8d74304":129,"a3d4a0e5":151,"b35bb8a1":131,"60d6cee2":137,"3a1d1632":111,"bb8a6337":129,"6867261a":131,"12534561":133,"9b3f8714":145,"c6c85783":149,"5a0eb771":134,"90d52475":139,"ccf8b803":142,"088feee2":146,"5957df9e":135,"e4c312fe":139,"dffa7793":118,"ea4d3f3e":146,"4652b09a":154,"6841f77e":145,"88ce179e":154,"fea793f5":149,"7566fdd6":150,"d4ee22a4":149,"7e95c5a0":148,"053f3451":140,"0bfabf48":132,"597c1f81":135,"792c9b6a":132,"7ae3fc50":121,"288afc30":136,"c7c4ec5c":123,"2e99f8fd":126,"92d38723":148,"ea274174":142,"c8977844":139,"58d46189":149,"30dbfc69":138,"f1b493de":160,"56d315d8":121,"4777334c":136,"30fdcd3b":133,"19e9776f":134,"259930ee":144,"4def63ee":112,"b5ce0c0c":153,"b7505747":136,"7be025ce":147,"805af3c7":146,"1d790491":147,"9ab755d3":129,"6e851762":135,"9c045c61":145,"d1ca5d6b":147,"b9a48a5c":123,"dd7acb96":148,"36d340f2":120,"0fc5ac7e":165,"bb99c79c":141,"084cbc0b":129,"546f6845":145,"383e232d":131,"6cba74ce":131,"8dd2684c":141,"50c468ba":144,"831c7b85":137,"dfcc2ad1":159,"6c486702":144,"b8488fc8":142,"9a3ab0b8":133,"fee32863":144,"6c524f99":147,"dc03ebd2":152,"012de09c":133,"abc1d7ad":153,"91f7ef72":131,"ec110282":159,"71e53c93":145,"fafb4cc2":175,"3c43e8a2":149,"971675c5":139,"71ff66e8":130,"5270f158":132,"a40846b7":151,"fb7b7b3c":170,"c7ab83c1":131,"54a676d6":134,"064a99c8":136,"2e3503e4":148,"90a06ee9":139,"e9679ede":135,"f33c0140":139,"972f4174":147,"e1618359":145,"72b84094":168,"cb51f134":147,"4eed1bea":143,"261c9911":147,"a0cca8b7":126,"a8871ddf":121,"27c8e038":153,"742f1425":145,"06ddafc7":118,"d36125db":145,"2c24d929":151,"f044c0e1":131,"cac4449a":137,"b2bd8fd3":131,"f5829ac0":152,"6a60348e":136,"a0bc1ceb":144,"12534561":134,"31f6ba51":134,"540df50f":137,"dc473de1":126,"081460bf":140,"9f5e6cba":145,"c64de0c0":124,"44a4f7cd":146,"c0b23081":160,"1c0a9eff":131,"3b2dee89":140,"6c20c153":137,"abad2347":146,"b3f19a69":130,"fea793f5":150,"7e95c5a0":149,"ba938220":141,"ffa08d82":142,"8f2a7d69":138,"cd95f558":143,"5ee911b5":130,"0cb80f4a":141,"f1862e79":119,"0ac825ed":143,"792c9b6a":133,"9a80f004":135,"70594a28":145,"df81ddee":132,"20e470e0":126,"0841052c":150,"dbd2f139":145,"d70ca4f4":150,"026766f3":138,"3bad3c95":118,"30d84dce":127,"f883d582":130,"4fd645f1":127,"24ffcbd3":161,"fce3c5c6":134,"c8fcad77":134,"4def63ee":113,"75ffea08":140,"ce3407dd":135,"a9b1bd51":107,"d957f027":132,"04643409":151,"5f7d7195":140,"50d129cf":127,"39ba00f0":143,"f069bb07":136,"217c0327":115,"af0b61ab":144,"d3e84616":150,"8cd78f77":149,"730338c4":149,"15620dca":153,"9a467a82":146,"0fc5ac7e":166,"546f6845":146,"c793cdda":143,"0e036ae9":155,"8dd2684c":142,"0bfabf48":133,"93b9fae6":130,"597c1f81":136,"53b4e647":145,"733c86f8":136,"b87158fb":147,"78b97937":150,"b102f7bd":146,"7bda83dd":133,"f2e3c0e3":124,"2a76f1dd":130,"d8e58a8c":162,"616d6dd6":135,"c91966ce":124,"a15713c6":157,"d9d0c567":138,"a5676c24":139,"b2cfdbcf":134,"2203f259":144,"578f6e9e":144,"3f2522c2":144,"60e855ee":161,"c564e316":146,"4e3f5178":153,"acac14fb":136,"1247fa52":145,"a836aa93":131,"754f98c9":148,"c95719e5":133,"f6fe095d":150,"e8f173b5":143,"e36dfd6f":144,"bc392d1c":124,"31f6ba51":135,"c9efc8f6":136,"68562193":128,"87922532":159,"69f3bfcc":133,"6291e9e9":146,"a0bc1ceb":145,"12271e14":141,"0114160e":140,"06ddafc7":119,"0eaf08da":138,"7732eb1e":157,"bad6cdb1":114,"cbad3b92":169,"04cc7cbe":129,"20811ddf":145,"bb00e71c":118,"ae99df30":135,"7735c3c2":130,"e4c312fe":140,"1a442bc7":132,"2e99f8fd":127,"332820ce":143,"b8397293":128,"8323d333":124,"34658473":128,"d102b0c6":138,"d0b297b2":123,"0a92153e":135,"e1f0dbfd":153,"a3253019":130,"bc09fa9e":133,"20777945":124,"fb8bfb36":153,"2b3c49b9":140,"9d0546ac":131,"a0ce82b4":142,"a68a93b2":135,"61f25dd4":159,"94a2fe10":150,"d634aa28":157,"dac109cf":138,"58d46189":150,"4777334c":137,"a8726d50":125,"ba30e43a":153,"4360a1a3":154,"7be025ce":148,"24ffcbd3":162,"5ab7bc35":139,"ffc86f94":115,"af034fee":148,"5eaa1581":134,"9f5e6cba":146,"deb31f35":144,"1b881e6e":145,"815e4582":151,"97e75c19":153,"1a0189c4":137,"25d1b2d8":148,"faf3ed07":138,"2b3e4717":138,"2cb29e5a":146,"284544ba":129,"546f6845":147,"cbb54a0a":125,"0e036ae9":156,"835358a0":129,"f5596d0f":147,"f069bb07":137
1604737596098,"7080f122":135,"e58b26f6":150,"d0d6acb1":141,"30dd2edc":143,"ec2cb1af":139,"9fa62fee":133,"5774ac0d":154,"725dce8b":152,"540df50f":138,"5a734022":129,"c93c3508":123,"b7cc7909":148,"7af9d3b1":138,"f66616b7":138,"ce3407dd":136,"1d790491":148,"91d52a55":139,"449d8475":125,"0f1ac912":125,"c98d5272":142,"7218c9f1":126,"ef14000f":156,"d7cb9bcf":129,"1dad0f99":134,"621d6b18":148,"4d9b0b10":140,"ad303bda":133,"82204d54":130,"7af262e5":156,"8f10fa42":172,"0042f6eb":133,"f67de058":146,"a567ace4":140,"55928ef1":138,"7896b953":147,"45b5746e":137,"8a165e17":151,"616d6dd6":136,"ec110282":160,"a472532e":127,"2f455cce":139,"5a07fc2e":130,"d1715f3b":143,"284544ba":130,"175bc6b2":121,"2dda3936":129,"d1ca5d6b":148,"08c6b5d2":142,"dd7acb96":149,"d2a841c9":137,"3062379b":127,"b9a48a5c":124,"c793cdda":144,"f2ca27d9":143,"537634c9":123,"b3f19a69":131,"dffa7793":119,"e4117b3b":123,"ea4d3f3e":147,"f56ac638":121,"ae99df30":136,"9cb4697f":157,"be2955bb":144,"1a2c020b":140,"c0fea118":131,"e0154608":137,"2e3503e4":149,"3498f223":130,"261c9911":148,"470d50c2":136,"5c82d1ce":142,"7d112f4d":147,"9a80f004":136,"21e10a2b":142,"d25e0f8d":164,"ded7da5a":149,"b6591e25":146,"1f11812e":148,"f883d582":131,"0c043224":150,"20e470e0":127,"f8b31ce5":167,"37a7d5b0":142,"dbd2f139":146,"19e9776f":135,"9bdf362a":136,"44c77422":143,"51f80f4c":153,"d6d61bfc":152,"13747b82":146,"57d5dee8":146,"47cfba38":129,"68562193":129,"90d52475":140,"60d6cee2":138,"f7231212":129,"d83294cd":135,"4f59a322":141,"a06a6430":142,"7566fdd6":151,"597c1f81":137,"869cbaa0":144,"f5e8dfee":150,"1105f790":149,"8007f30e":113,"cfafcda8":134,"9a3ab0b8":134,"8063df14":143,"a66a2d8a":156,"43bc86e3":132,"91f7ef72":132,"fd482491":164,"bad1a1cc":137,"e99318a3":140,"77f31bab":154,"04643409":152,"cb6c9e42":153,"7e15f8e8":144,"26c390d6":135,"835358a0":130,"140ce69e":136,"778c95e9":144,"18815a1b":134,"cbb54a0a":126,"22176537":135,"c318d350":150,"f5cd79c1":139,"e7773397":124,"3c43e8a2":150,"26f99a1e":131,"6b79fec2":128,"1da771fb":136,"07fc4a9a":152,"e36dfd6f":145,"3c782bb3":138,"99d130c9":150,"59c1e594":138,"bbe71605":126,"6db0ea86":135,"458dcc3d":155,"a43061ee":126,"cf50e84e":134,"64a7f79f":139,"a8871ddf":122,"804d4dfa":140,"dfc89705":143,"ec2cb1af":140,"eb7b4e29":129,"ea822700":129,"3661e12d":132,"e9adbe58":141,"272c7672":146,"bb99c79c":142,"e3547548":129,"4577b333":141,"ffc86f94":116,"4abb7aed":136,"7c0a2db6":136,"65e4235b":137,"dd035d2a":134,"d929098e":119,"1757a30e":135,"4652b09a":155,"ea4d3f3e":148,"c0b23081":161,"16b476e9":140,"91b28f83":143,"e0e6a097":131,"9260d96b":165,"de11eb19":149,"6f0fcb9d":143,"ea274174":143,"4ea4a2a1":146,"49bf2e95":132,"b3863630":131,"c0fea118":132,"80a8a56d":132,"0dad37d5":137,"501db4de":140,"754f98c9":149,"ded7da5a":150,"6b9eff39":132,"1e232870":150,"bfad1727":125,"c455f40e":125,"e1f0dbfd":154,"c45d554f":143,"261c9911":149,"0c043224":151,"a8726d50":126,"0c0e98ea":134,"5ab7bc35":140,"7af9d3b1":139,"a2c334e7":152,"13747b82":147,"227006e4":134,"e4cfef0a":124,"9fce073c":138,"385ab7c6":139,"10ec5a0b":128,"4f59a322":142,"0d7d88f1":150,"0785820e":139,"82204d54":131,"733c86f8":137,"4c0e547b":151,"062179c1":141,"6c486702":145,"8721056e":128,"50b558a7":124,"dcfaba4c":142,"68562193":130,"47cfba38":130,"f4b2f575":125,"c81b2bcf":124,"93fdbb44":127,"c6c85783":150,"25d1b2d8":149,"e99318a3":141,"f66616b7":139,"0fc5ac7e":167,"84b67924":146,"4bcd4a30":153,"ac38a6a5":160,"1951480c":126,"a40846b7":152,"5623817d":127,"312f7676":152,"26f99a1e":132,"09ff339a":115,"c564e316":147,"cf50e84e":135,"a24e6670":144,"69f3bfcc":134,"1438fad7":143,"cac4449a":138,"8eb64769":140,"4b3e3b1c":150,"d82592f4":138,"a6bcb07e":143,"481754fc":127,"5678ed7b":155,"b7df1559":141,"6ebe2354":116,"792cfcbd":133,"884b0ad1":137,"bb99c79c":143,"315537b2":143,"084cbc0b":130,"0e036ae9":157,"1f342a00":139,"d744bee2":132,"21ee2afe":144,"f5596d0f":148,"57540cc3":146,"5f620a1e":145,"381c68fa":137,"8f13c203":128,"0841052c":151,"bb98a6cf":154,"7be025ce":149,"ce3bf5db":138,"751acea8":132,"92f800f5":140,"dac109cf":139,"aa76bc50":121,"0a1d11e6":129,"906fdec3":126,"313258f2":141,"3c0df8b4":138,"2dd0e808":136,"28654c76":148,"bb00e71c":119,"ea4d3f3e":149,"04bef50c":117,"ad2d7bed":149,"cd95f558":144,"6585adbe":121,"d0c0fc08":123,"31f6d707":158,"1ff8c2fc":148,"d0b297b2":124,"40569362":154,"8e780922":141,"1a2c020b":141,"6b78ad7f":146,"06ee61b6":127,"69d4b754":134,"e7abc88d":134,"e21c6207":142,"79f04300":141,"a0ce82b4":143,"4dac6b20":119,"ded7da5a":151,"3b7763b1":127,"913a6226":143,"f4343817":143,"79be29c8":131,"730a4938":133,"67d30f2b":138,"9fce073c":139,"76f94eda":147,"753ca352":129,"385ab7c6":140,"c803b4a3":139,"6f39f4d9":152,"91536e85":142,"82204d54":132,"2352c8ef":143,"9b3f8714":146,"74e3d13e":146,"5e09f69e":164,"71a2a493":113,"b7cc7909":149,"72805bf5":131,"aa9ea5e8":128,"ce3407dd":137,"77bae750":135,"7e15f8e8":145,"44a4f7cd":147,"a77e127d":116,"09f0db62":169,"2c5c1dc0":129,"fe1d4419":139,"f2470875":154,"3c43e8a2":151,"c0b7e7d7":121,"d6db2b02":144,"792cfcbd":134,"0be540c5":147,"87ce8d1d":127,"0b5a0408":147,"4b4ef7fa":131,"f277386e":119,"71bc1295":129,"468fc85c":143,"e0f7679f":126,"50d129cf":128,"c67979e6":167,"8a52882e":137,"39ba00f0":144,"ef1c2dcb":135,"d3a669ac":152,"ec2cb1af":141,"2d54e0a8":134,"2c01e624":140,"49902219":164,"c8977844":140,"e5d3655c":154,"4279e829":160,"859545e6":128,"1e7753d9":148,"ca7d47f7":152,"8942c35b":141,"c1bdfd41":131,"180377be":137,"719c8869":156,"bb98a6cf":155,"5ab7bc35":141,"cd3bbe7e":137,"65a00a3c":140,"25a7a0a3":143,"fb7482fe":133,"835358a0":131,"affb82bf":154,"09560615":121,"bc021def":139,"6d339d45":119,"fe8f3d36":136,"cfafcda8":135,"2a4a402a":139,"f5e8dfee":151,"f2e3c0e3":125,"5f0c1b9d":145,"a5fd8ffd":148,"45b5746e":138,"dc03ebd2":153,"f789f6d8":141,"b2cfdbcf":135,"781ace7d":137,"95d331b1":127,"73b15e04":138,"6a60348e":137,"bbe71605":127,"ad8f85d6":150,"92d38723":149,"9260d96b":166,"3652bd66":138,"761cf820":145,"9e878ec2":146,"7ae3fc50":122,"49bf2e95":133,"be2955bb":145,"b2c25d1c":135,"b215547b":127,"0dad37d5":138,"1247fa52":146,"104721f0":144,"06ee61b6":128,"ded7da5a":152,"f9f2c53f":121,"3ef7432b":146,"261c9911":150,"21e10a2b":143,"a851554d":140,"201cafad":139,"ba586505":146,"d1d40c9c":152,"79be29c8":132,"51a3e9c2":143,"bb00e71c":120,"88ce179e":155,"597c1f81":138,"0785820e":140,"ef14000f":157,"9f74b8a4":131,"00a17b46":143,"9aa6a054":141,"53b4e647":146,"35aa7fd0":148,"6df0b2e8":160,"af034fee":149,"c852d240":141,"13747b82":148,"68562193":131,"c4bff41f":153,"095ab3b4":139,"3f2522c2":145,"25635c37":125,"f2470875":155,"26f99a1e":133,"317c1591":153,"d599b566":149,"064a99c8":137,"45fb95c1":136,"44a4f7cd":148,"1b881e6e":146,"1634789b":132,"bad1a1cc":138,"c6c85783":151,"cf775f58":149,"faf3ed07":139,"aaa274a5":140,"50c3164b":157,"906632cb":148,"b5ce0c0c":154,"bb98a6cf":156,"3bad3c95":119,"142d6987":141,"c8fcad77":135,"58d46189":151,"fce3c5c6":135,"751acea8":133,"b7505747":137,"c3e6ef01":143,"d9d7c4c2":146,"dae0f922":147,"e5d3655c":155,"84b767be":167,"eeaa2d46":149,"a625328f":146,"6143f39d":141,"53a8613c":156,"e58b26f6":151,"d1715f3b":144,"4bcd4a30":154,"f5596d0f":149,"9ab755d3":130,"623c6a31":151,"3f65f121":142,"eb2e1983":138,"6c486702":146,"733c86f8":138,"fead11cf":134,"a66a2d8a":157,"20958d58":131,"05f6ab35":150,"a901627e":131,"d9a64845":142,"74c26380":160,"db8ba455":140,"91f7ef72":133,"5f96c2bc":136,"195eb771":138,"b460f030":162,"1438fad7":144,"804d4dfa":141,"06ddafc7":120,"e0f7679f":127,"b2bd8fd3":132,"d9dcdc4b":154,"74e01f6a":143,"a636f4c9":153,"f5829ac0":153,"aa00769b":165,"411b5027":128,"358e45b1":134,"9260d96b":167,"34658473":129,"d0b297b2":125,"554ebb83":142,"0ac825ed":144,"1ff8c2fc":149,"f76a3e83":148,"8e99d5d0":156,"bd984a8e":130,"972f4174":148,"77300e4a":125,"d34a29b9":154,"f121b82c":154,"51c57542":151,"e2a7d915":122,"21ad2f34":143,"44ff8baa":137,"20777945":125,"cd421290":132,"0149e11a":125,"e382ec3f":124,"4652b09a":156,"87c462ee":156,"4b125e7b":143,"ea4d3f3e":150,"bb00e71c":121,"95d331b1":128,"9fce073c":140,"c803b4a3":140,"d7cb9bcf":130,"cc5a1d47":128,"a06a6430":143,"056ea7ff":154,"629800eb":149,"5ac86fb9":155,"263762cb":125,"f5cd79c1":140,"42191b64":117,"8e4c33d2":135,"4125085e":157,"68562193":132,"c852d240":142,"0681c48e":149,"aa9ea5e8":129,"b7cc7909":150,"b8ab8e6e":134,"84369269":122,"c81b2bcf":125,"90d52475":141,"aff8e442":143,"6f81493d":130,"d9d7c4c2":147,"c4e70c07":136,"b6591e25":147,"259930ee":145,"93683c82":135,"110b1ee3":141,"0a2f71bc":137,"4fd645f1":128,"4360a1a3":155,"e62d705f":133,"638cb163":155,"25776fc4":151,"5cd3cfe0":127,"ce3407dd":138,"5f7d7195":141,"284544ba":131,"1f7607df":133,"9fa62fee":134,"6cba74ce":132,"383e232d":132,"18815a1b":135,"cbb54a0a":127,"53a8613c":157,"d552eb2f":147,"a625328f":147,"a77e8461":138,"b946e146":162,"7fdc2007":125,"478d2d4f":154,"9a07d89b":138,"20958d58":132,"2a76f1dd":131,"831c7b85":138,"bd62d7ed":128,"fafb4cc2":176,"8db5a165":128,"3c0df8b4":139,"6023df54":134,"a5fd8ffd":149,"00a481e3":156,"db8ba455":141,"3661e12d":133,"416a9e97":136,"3a204e56":145,"c564e316":148,"b1f58563":136,"8cf83787":133,"0114160e":141,"b2703001":150,"812b4f15":117,"f277386e":120,"48655f09":165,"1be05c14":145,"71bc1295":130,"01cd8099":139,"95bc84f1":128,"8d753bb6":138,"baebb391":150,"468fc85c":144,"a43061ee":127,"d33790a2":157,"2e99f8fd":128,"3652bd66":139,"d0c0fc08":124,"f1862e79":120,"b215547b":128,"c7313e0a":152,"e0154608":138,"104721f0":145,"6fb4cdda":158,"daab45c6":129,"696fdac5":143,"3ef7432b":147,"1e232870":151,"79e4fa1c":135,"18d20aa1":136,"26dd2000":160,"1c0a9eff":132,"e6ec8cbf":149,"1a442bc7":133,"e0e48a2d":133,"b0869206":149,"0d770b97":139,"95d331b1":129,"07f98660":148,"76f94eda":148,"9f74b8a4":132,"0785820e":141,"f1df62b4":137,"a06a6430":144,"8245f916":141,"82b81567":124,"0681c48e":150,"47cfba38":131,"13747b82":149,"71a2a493":114,"32133249":141,"9b3f8714":147,"03b4ab60":131,"97e75c19":154,"201cafad":140,"ab7467de":150,"cc11fef9":148,"a577db1c":130,"9d4da635":129,"3fdb08f5":144,"ba30e43a":154,"9316e7e8":114,"751acea8":134,"2045d7d6":138,"5ab7bc35":142,"5272520d":145,"93683c82":136,"a33fe0dd":145,"fbdffc95":128,"8db62558":135,"37fbb107":143,"6e98dfda":142,"39a2fcce":133,"ccf8b803":143,"a983a6dc":126,"47d27624":125,"70c1e715":135,"aaa274a5":141,"5747db6e":155,"30dd2edc":144,"dd7acb96":150,"2d13e69b":137,"eafbf9fb":143,"c38c2b52":130,"fef750ca":138,"478d2d4f":155,"a66a2d8a":158,"c510bfd3":150,"2bcca6a7":147,"11b2c8d9":137,"eb2e1983":139,"313258f2":142,"2dd0e808":137,"b28a5e67":167,"aa867541":131,"db8ba455":142,"71e53c93":146,"5f96c2bc":137,"72d7b461":150,"6cba74ce":133,"af157d29":138,"084cbc0b":131,"22176537":136,"ccdd1ce6":135,"416a9e97":137,"27f52ed3":163,"fe1d4419":140,"d599b566":150,"8dd649a3":134,"d1676e89":141,"2203f259":145,"8e4c33d2":136,"66554572":112,"a6bcb07e":144,"23080895":127,"6ebe2354":117,"b552beb3":143,"e7e82473":159,"74e01f6a":144,"a0b03218":142,"b36a0d66":129,"45fb95c1":137,"35b58ef9":135,"aa00769b":166,"07fc4a9a":153,"73b15e04":139,"685207b3":147,"104721f0":146,"b2c25d1c":136,"c21ab51e":123,"704bce0d":143,"b3863630":132,"00cf385d":149,"124fbe96":126,"37d0cae2":126,"a6b5e869":131,"7f6d1d0e":145,"7fef9973":145,"9cb4697f":158,"c38c2b52":131,"ef14000f":158,"31f6d707":159,"db0a661e":139,"d0b297b2":126,"5a0ead91":124,"36fb15d2":149,"5acaa06f":111,"49bf2e95":134,"0681c48e":151,"c64de0c0":125,"288a2c43":130,"aec4e1bf":136,"5ac86fb9":156,"69d4b754":135,"efd23af5":133,"805534ac":146,"5fa12feb":148,"daab45c6":130,"27d8bf51":136,"7bebff03":128,"201cafad":141,"74f234c6":170,"4777334c":138,"d9d7c4c2":148,"5cd3cfe0":128,"3fdb08f5":145,"d70ca4f4":151,"fce3c5c6":136,"93683c82":137,"c2bb8aae":135,"b7505747":138,"f883d582":132,"9bdf362a":137,"cf1124db":128,"24ffcbd3":163,"9b3f8714":148,"6df0b2e8":161,"b88033fd":146,"bf822e33":134,"e15fd611":125,"1a0189c4":138,"aff8e442":144,"9d63c4dd":141,"c81b2bcf":126,"d7cb9bcf":131,"597c1f81":139,"cf9f4757":131,"cb142908":128,"67c57de4":162,"bd62d7ed":129,"1745a0f4":147,"a567ace4":141,"dc0c8b09":151,"b8488fc8":143,"9b546d65":129,"d78dd457":128,"4abb7aed":137,"0a1d11e6":130,"a0cf08b3":112,"a5676c24":140,"012de09c":134,"730338c4":150,"0277d748":145,"9147702f":126,"30dd2edc":145,"15620dca":154,"d744bee2":133,"9de29816":125,"aa5dfdf5":142,"22ecaed0":137,"e58b26f6":152,"ccdd1ce6":136,"fb7482fe":134,"51f57142":144,"39ba00f0":145,"363590c7":150,"f1dffa24":123,"eda6a690":121,"93ac9ca3":137,"26f99a1e":134,"c0b7e7d7":122,"c564e316":149,"a24e6670":145,"064a99c8":138,"0d2c95fe":137,"9c58dd76":152,"1f88a4b7":156,"03c398d2":146,"8b2b601d":147,"a636f4c9":154,"88a30343":135,"9fc713b0":153,"4945c851":143,"ae8a09c4":141,"013ee301":130,"946df4fd":151,"8e780922":142,"d34a29b9":155,"a851891c":135,"dc03ebd2":154,"ee75b607":135,"290b4714":140,"1a442bc7":134,"3b2dee89":141,"bf30a08f":149,"f56ac638":122,"7ee7621c":142,"4ac6bd4e":129,"792c9b6a":134,"3652bd66":140,"cd95f558":145,"288afc30":137,"408bb2ed":137,"8d000d6e":131,"288a2c43":131,"12534561":135,"754f98c9":150,"8e99d5d0":157,"69134f07":141,"cb51f134":148,"3498f223":131,"cd421290":133,"9a80f004":137,"6bc5d32a":161,"18d20aa1":137,"805534ac":147,"ecfa8249":150,"77898c22":111,"04ea5673":144,"30fdcd3b":134,"f8b31ce5":168,"b7434f57":115,"638cb163":156,"f4634d0b":134,"df2b4d87":131,"37a7d5b0":143,"db703021":134,"92f800f5":141,"dbd2f139":147,"49b358bd":145,"bb98a6cf":157,"56d315d8":122,"5eaa1581":135,"64db4feb":161,"af034fee":150,"c852d240":143,"60d6cee2":139,"1634789b":133,"6adce358":158,"449d8475":126,"95539a58":132,"629800eb":150,"d5059415":141,"9aa6a054":142,"43d87483":143,"9c29f0ed":156,"f1df62b4":138,"82204d54":133,"2bcca6a7":148,"dc0c8b09":152,"70ee0491":129,"0e2b5d2f":148,"ec11fe5f":121,"e5b1abc6":136,"e865e4dd":131,"a1921150":152,"99e171db":136,"5d087c79":138,"bda8cdfb":154,"9ab755d3":131,"558d5ce7":143,"de6213c7":134,"3454fa2b":131,"d6320619":133,"aec074c4":151,"0277d748":146,"6e851762":136,"2d54e0a8":135,"22176537":137,"1951480c":127,"3c43e8a2":152,"95d3d348":131,"e7773397":125,"5623817d":128,"22aeaf03":140,"82868763":135,"8298e976":151,"e36dfd6f":146,"c27969ec":139,"69f3bfcc":135,"8eb64769":141,"d8475b95":110,"0d2c95fe":138,"a0b03218":143,"95f6db13":139,"cf84fb54":146,"3e602573":135,"24d24fa3":134,"3c782bb3":139,"2198ba8e":134,"911e770b":147,"dfa1a89b":133,"eeaa2d46":150,"d744bee2":134,"0a1d11e6":131,"fe44fc6f":130,"2c6cb96f":119,"5f96c2bc":138,"65e4235b":138,"3a291497":126,"6841f77e":146,"b0869206":150,"04bef50c":118,"290b4714":141,"5b5fc566":136,"54d7de6b":155,"bec9d329":153,"36fb15d2":150,"6f0fcb9d":144,"761cf820":146,"00554ffd":151,"c4aa1e38":124,"fe0df575":151,"45b038bb":171,"8e99d5d0":158,"79f04300":142,"c21ab51e":124,"c382f054":149,"5be594be":140,"0a92153e":136,"9b742f71":137,"913a6226":144,"5c82d1ce":143,"e21c6207":143,"0149e11a":126,"ded7da5a":153,"bfad1727":126,"79e4fa1c":136,"d0c104c4":116,"e1571af7":143,"d033db8d":155,"aab4d996":137,"cd3bbe7e":138,"0a2f71bc":138,"467773ac":136,"b7434f57":116,"b7505747":139,"4911acad":113,"7af9d3b1":140,"c852d240":144,"2132fe93":152,"081460bf":141,"64db4feb":162,"71279c46":134,"cf9f4757":132,"621d6b18":149,"c803b4a3":141,"43d87483":144,"b73e789c":136,"4f59a322":143,"faf4f98b":150,"2352c8ef":144,"9a3ab0b8":135,"05f6ab35":151,"6c524f99":148,"13b53c7a":141
1604737597028,"1105f790":150,"0f89862c":117,"616d6dd6":137,"313258f2":143,"28654c76":149,"012de09c":135,"3c0df8b4":140,"56473430":151,"c91966ce":125,"fbdffc95":129,"31408822":131,"9316e7e8":115,"e32524d6":139,"3bad3c95":120,"88ce179e":156,"6ee92259":148,"e0e48a2d":134,"4652b09a":157,"bec9d329":154,"4258c176":130,"e4c312fe":141,"621d6b18":150,"e28c2efc":132,"6d61bf13":132,"5270f158":133,"016953e4":152,"578f6e9e":145,"0b3283c9":146,"8e4c33d2":137,"93ac9ca3":138,"11888cfa":128,"e8d74304":130,"04612878":149,"49910300":128,"69f3bfcc":136,"03c398d2":147,"4febf7c5":144,"66554572":113,"9c58dd76":153,"f5829ac0":154,"dfc89705":144,"0be540c5":148,"4cc141fa":115,"d6db2b02":145,"7a4c064c":148,"cc5a1d47":129,"ac030e74":134,"30b6808c":128,"4d9b0b10":141,"be2955bb":146,"2e3503e4":150,"fe578280":137,"acac14fb":137,"f33c0140":140,"470d50c2":137,"bd984a8e":131,"93e8cee5":165,"3b7763b1":128,"77898c22":112,"18d20aa1":138,"79e4fa1c":137,"ecfa8249":151,"27d8bf51":137,"82204d54":134,"c1bb74f2":128,"25a2844e":153,"70ee0491":130,"7bda83dd":134,"7fdc2007":126,"2bcca6a7":149,"5ef93e5d":121,"8db5a165":129,"b28a5e67":168,"4ac6bd4e":130,"9260d96b":168,"3652bd66":141,"7a2f3f06":134,"a533489b":153,"34658473":130,"cfe72ead":130,"3c0df8b4":141,"537634c9":124,"810aa5e9":146,"f3a0c2ee":145,"cc11fef9":149,"259930ee":146,"2045d7d6":139,"8db62558":136,"3bad3c95":121,"0c0e98ea":135,"2154b6e8":130,"4360a1a3":156,"805af3c7":147,"0c043224":152,"cd3bbe7e":139,"1623fc9f":139,"638cb163":157,"56d315d8":123,"9d4f1fe6":135,"d83870f5":131,"88ce179e":157,"a6b5e869":132,"1a442bc7":135,"6ee92259":149,"95d331b1":130,"527ff946":154,"4ed01268":124,"6e98dfda":143,"8a52882e":138,"1b881e6e":147,"650bb0e0":134,"d1fe2868":155,"1d153b20":144,"b947257e":146,"22ecaed0":138,"6a3eaf43":138,"9a467a82":147,"5747db6e":156,"0277d748":147,"2f455cce":140,"172217e5":150,"284544ba":132,"af157d29":139,"cbb54a0a":128,"0e036ae9":158,"7e991ab9":109,"5099c6a0":159,"3712c4bd":126,"93ac9ca3":139,"d1676e89":142,"c95719e5":134,"c0b7e7d7":123,"c7ab83c1":132,"48655f09":166,"4945c851":144,"0eaf08da":139,"411b5027":129,"6ebe2354":118,"3310a049":141,"05642105":144,"468fc85c":145,"6c73ae98":117,"cbad3b92":170,"77bfed7e":142,"9fce073c":141,"ad303bda":134,"87cd2add":129,"7a840529":128,"2b698053":147,"faf4f98b":151,"e7abc88d":135,"dcf85091":123,"80a8a56d":133,"4b4ecbce":123,"501db4de":141,"f76a3e83":149,"e0154608":139,"c650b434":150,"f734c84c":159,"201cafad":142,"77898c22":113,"53747a91":137,"6490bac6":135,"26dd2000":161,"1105f790":151,"1bc0591f":135,"8063df14":144,"9a07d89b":139,"dd3913d2":130,"fead11cf":135,"6c486702":147,"2d382981":138,"88a30343":136,"e7e82473":160,"9fc713b0":154,"554ebb83":143,"5acaa06f":112,"de11eb19":150,"d33790a2":158,"d0e9a58e":137,"6f0fcb9d":145,"02d4753e":170,"a901627e":132,"d5dae4c4":169,"abc1d7ad":154,"5f96c2bc":139,"da04caac":147,"ef8987d7":134,"906fdec3":127,"014460b9":167,"1a2ec5d7":151,"1f11812e":149,"a577db1c":131,"6f81493d":131,"65a00a3c":141,"0841052c":152,"c0b0f492":150,"37a7d5b0":144,"4360a1a3":157,"c1bdfd41":132,"1e7753d9":149,"be40590d":150,"ffc86f94":117,"d815c5b4":165,"37d0cae2":127,"a502c93c":124,"5b5fc566":137,"dc473de1":127,"5774ac0d":155,"74e3d13e":147,"deb31f35":145,"031e488e":150,"32133249":142,"c64de0c0":126,"d957f027":133,"50d129cf":129,"088feee2":147,"d1fe2868":156,"e99318a3":142,"b8ab8e6e":135,"5957df9e":136,"3c6692a3":160,"945b63f0":166,"70c1e715":136,"d3e84616":151,"2a06ab95":153,"ef8321d8":139,"57540cc3":147,"f069bb07":138,"2d13e69b":138,"21ee2afe":145,"affb82bf":155,"272c7672":147,"72d7b461":151,"25a7a0a3":144,"1da771fb":137,"578f6e9e":146,"3c43e8a2":153,"f6fe095d":151,"6d61bf13":133,"71ff66e8":131,"5410e9c6":151,"23080895":128,"4652b09a":158,"e4c312fe":142,"95d331b1":131,"ef91eaae":127,"9f74b8a4":133,"ef14000f":159,"8ac72326":134,"0d28db94":131,"be2955bb":147,"cb51f134":149,"ab7d4c9a":127,"a3253019":131,"40e79dd3":140,"261c9911":151,"f2086446":137,"f3992a31":144,"7e8e1c3d":141,"18d20aa1":139,"c0fea118":133,"70594a28":146,"4930f321":135,"e4cfef0a":125,"78467b8a":162,"fef750ca":139,"55928ef1":139,"9b546d65":130,"05f6ab35":152,"0be540c5":149,"9c58dd76":154,"95bc84f1":129,"458dcc3d":156,"159ffd0b":129,"cbad3b92":171,"6be9332a":130,"f277386e":121,"de36827b":159,"64a7f79f":140,"013ee301":131,"d82592f4":139,"b84a06eb":145,"f9c15fcc":136,"2e99f8fd":129,"6a7392d5":127,"c1bb74f2":129,"f789f6d8":142,"fe44fc6f":131,"aa867541":132,"fafb4cc2":177,"ec110282":161,"012de09c":136,"8db5a165":130,"6b9eff39":133,"f9f2c53f":122,"0f029727":129,"56d315d8":124,"ce3bf5db":139,"31408822":132,"638cb163":158,"cf1124db":129,"7e76c93c":144,"88fa53d6":123,"9316e7e8":116,"719c8869":157,"20e470e0":128,"66497c7e":135,"7043382d":144,"94a2fe10":151,"e382ec3f":125,"bf30a08f":150,"d815c5b4":166,"5eab91a0":151,"4b125e7b":144,"4f5e3e7d":127,"8323d333":125,"cd95f558":146,"0ac825ed":145,"1ff8c2fc":150,"60e855ee":162,"2c5c1dc0":130,"09f0db62":170,"5b60dd1d":145,"b935fc1c":143,"51a3e9c2":144,"be149c6f":127,"a2c334e7":153,"aa9ea5e8":130,"288a2c43":132,"57d5dee8":147,"aec4e1bf":137,"9d63c4dd":142,"68562193":133,"d1fe2868":157,"c67979e6":168,"36b7003c":168,"04643409":153,"c6c85783":152,"b88033fd":147,"26c390d6":136,"49902219":165,"eb7b4e29":130,"6d339d45":120,"0d2a1c58":134,"6de0aaac":132,"fd6dcb20":135,"fd369c21":155,"140ce69e":137,"e58b26f6":153,"ea4d3f3e":151,"ffa08d82":143,"9267f0ef":161,"e7abc88d":136,"d548635d":141,"6fb4cdda":159,"7f86be64":141,"2e3503e4":151,"b215547b":129,"0a96f57a":151,"76f94eda":149,"e57d5cda":142,"d83294cd":136,"6034b6d0":143,"7a4c064c":149,"9c29f0ed":157,"fb7482fe":135,"01d817b8":113,"8cd78f77":150,"558d5ce7":144,"8007f30e":114,"3e082b37":133,"095ab3b4":140,"99d130c9":151,"49910300":129,"4945c851":145,"481754fc":128,"d8475b95":111,"2d1e1e9d":134,"1db42092":151,"cbad3b92":172,"e81834aa":159,"56752a4a":128,"b2bd8fd3":133,"32c9fc47":137,"88a30343":137,"742f1425":146,"08a4c3f8":148,"379184a7":157,"2a4a402a":140,"c1bb74f2":130,"2a76f1dd":132,"1105f790":152,"8721056e":129,"2352c8ef":145,"db8ba455":143,"616d6dd6":138,"52eca0dc":140,"abc1d7ad":155,"f3a0c2ee":146,"bc09fa9e":134,"ccb5ea3e":124,"fb8bfb36":154,"4eed1bea":144,"7bebff03":129,"e21c6207":144,"04ea5673":145,"110b1ee3":142,"aa021138":156,"a68a93b2":136,"c1bdfd41":133,"868cda42":135,"bb98a6cf":158,"0f029727":130,"58d46189":152,"0c043224":153,"92f800f5":142,"467773ac":137,"caddd0a7":146,"8942c35b":142,"71e53c93":147,"74c26380":161,"be149c6f":128,"51f80f4c":154,"162a7348":137,"12534561":136,"5ac86fb9":157,"288a2c43":133,"c9efc8f6":137,"d957f027":134,"77bae750":136,"8a52882e":139,"842c8340":132,"37fbb107":144,"650bb0e0":135,"789bd484":133,"84b67924":147,"ef1c2dcb":136,"36d340f2":121,"0cb80f4a":142,"4ac6bd4e":131,"b2a8761b":127,"40569362":155,"8323d333":126,"3a204e56":146,"95d331b1":132,"dffa7793":120,"51a3e9c2":145,"16b476e9":141,"37d0cae2":128,"6b82b527":147,"c0b23081":162,"685207b3":148,"f76a3e83":150,"9267f0ef":162,"5e193fc8":145,"e9679ede":136,"f121b82c":155,"9c29f0ed":158,"cc5a1d47":130,"f7231212":130,"9aa6a054":143,"869cbaa0":145,"ba938220":142,"b9be31d6":145,"140ce69e":138,"fd369c21":156,"8547fbc2":138,"88b3bc99":130,"f5596d0f":150,"2c01e624":141,"aec074c4":152,"f3d68430":148,"d2a841c9":138,"b947257e":147,"2dda3936":130,"dc583e64":153,"d599b566":151,"f1dffa24":124,"e7773397":126,"437fc3ec":154,"1da771fb":138,"a43061ee":128,"f1098793":134,"8b2b601d":148,"e36dfd6f":147,"6be9332a":131,"69f3bfcc":137,"12271e14":142,"7732eb1e":158,"9fc713b0":155,"06ddafc7":121,"04612878":150,"a8871ddf":123,"0eaf08da":140,"e7e82473":161,"1105f790":153,"ba5c52af":139,"2bcca6a7":150,"8007f30e":115,"eb2e1983":140,"afe8e06a":127,"7fdc2007":127,"a15713c6":158,"145c7559":146,"5a622a23":142,"2b3c49b9":141,"79e4fa1c":138,"92136ff5":142,"2209903e":147,"4eed1bea":145,"f4343817":144,"c7636527":123,"1e191c98":120,"0841052c":153,"ea6de194":146,"9bdf362a":138,"61f25dd4":160,"110b1ee3":143,"5ab7bc35":143,"0af920d8":133,"2af60749":140,"30fdcd3b":135,"c8fcad77":136,"ce3bf5db":140,"19e9776f":136,"42cd2360":119,"d5dae4c4":170,"195eb771":139,"f905a555":130,"56473430":152,"dd035d2a":135,"081460bf":142,"5f6613c8":128,"deb31f35":146,"71279c46":135,"c93c3508":124,"24a9fb86":156,"6632fed0":143,"5a0eb771":135,"99e171db":137,"088feee2":148,"bf822e33":135,"36684155":139,"8493f3b2":141,"b377a62a":131,"1ff8c2fc":151,"e0e6a097":132,"82b81567":125,"4ba6eb36":137,"92d38723":150,"677c6a09":165,"95d331b1":133,"d83870f5":132,"c0b23081":163,"54d7de6b":156,"b3f19a69":132,"8bc04eb5":141,"0a92153e":137,"501db4de":142,"d2466211":156,"53b4e647":147,"f1df62b4":139,"abd32136":145,"753ca352":130,"e4cfef0a":126,"9f74b8a4":134,"cb6c9e42":154,"789bd484":134,"2c627253":140,"d0d6acb1":142,"2d54e0a8":136,"217c0327":116,"08c6b5d2":143,"0fc5ac7e":168,"084cbc0b":132,"09560615":122,"fb7482fe":136,"a77e8461":139,"6d5fcd4c":140,"2d13e69b":139,"d6320619":134,"4469c815":111,"7ee148e9":142,"eda6a690":122,"77d35808":125,"363590c7":151,"2203f259":146,"22aeaf03":141,"b1f58563":137,"26c6fa34":135,"159ffd0b":130,"baebb391":151,"90731976":133,"4febf7c5":145,"03c398d2":148,"e36dfd6f":148,"48655f09":167,"1be05c14":146,"b2703001":151,"481754fc":129,"a0bc1ceb":146,"de36827b":160,"45fb95c1":138,"b102f7bd":147,"5f4102da":148,"cd522166":153,"2a4a402a":141,"cfafcda8":136,"6a7392d5":128,"b8488fc8":144,"145c7559":147,"a3253019":132,"e9679ede":137,"288d171f":138,"f33c0140":141,"21ad2f34":144,"debe1f65":140,"44ff8baa":138,"201cafad":143,"a0cca8b7":127,"7e8e1c3d":142,"40e79dd3":141,"58d46189":153,"ddec9e54":137,"f8b31ce5":169,"66b7b5b4":135,"805af3c7":148,"f883d582":133,"9bdf362a":139,"56d315d8":125,"14c682eb":130,"c8977844":141,"57167c74":133,"c2bb8aae":136,"cc6bbe45":133,"e786063b":151,"5ef93e5d":122,"2dd0e808":138,"2c6cb96f":120,"da04caac":148,"731fc335":121,"3f75d3bc":163,"3101354b":122,"e9a8cf11":145,"7af9d3b1":141,"2132fe93":153,"081460bf":143,"74e3d13e":148,"aec4e1bf":138,"5f6613c8":129,"4f5e3e7d":128,"332820ce":144,"336d0f08":156,"31f6d707":160,"554ebb83":144,"ea274174":144,"06073f13":152,"ee21ad02":154,"79be29c8":133,"6c20c153":138,"bb00e71c":122,"7735c3c2":131,"ea4d3f3e":152,"7f6d1d0e":146,"c8113b77":132,"cf9f4757":133,"9f74b8a4":135,"597c1f81":140,"7566fdd6":152,"31d74eee":135,"6adce358":159,"1634789b":134,"bda8cdfb":155,"c81b2bcf":127,"b88033fd":148,"44a4f7cd":149,"7028b044":130,"9fa62fee":135,"ccdd1ce6":137,"dfa1a89b":134,"f271ed5d":143,"6e851762":137,"9c045c61":146,"6143f39d":142,"8657c79d":149,"f3d68430":149,"2c01e624":142,"383e232d":133,"22ecaed0":139,"fd6dcb20":136,"9496f56f":143,"0785820e":142,"2203f259":147,"f5cd79c1":141,"3c43e8a2":154,"5099c6a0":160,"71ff66e8":132,"95d3d348":132,"e45b4b53":127,"04612878":151,"2198ba8e":135,"74e01f6a":145,"bab97de3":153,"12271e14":143,"0b5a0408":148,"8d753bb6":139,"c609739e":138,"05642105":145,"2d382981":139,"cf84fb54":147,"12a2cd4b":136,"28d41578":156,"11888cfa":129,"2352c8ef":146,"2a76f1dd":133,"c463799d":147,"e0154608":140,"7f86be64":142,"2e3503e4":152,"c5b35e4d":132,"77300e4a":126,"6b78ad7f":147,"696fdac5":144,"debe1f65":141,"25e0dd3d":145,"20777945":126,"d25e0f8d":165,"3ef7432b":148,"f734c84c":160,"70594a28":147,"430a5db5":147,"61f25dd4":161,"4777334c":139,"25776fc4":152,"d0c104c4":117,"20e470e0":129,"e32524d6":140,"d141db49":139,"381c68fa":138,"8007f30e":116,"ec11fe5f":122,"dfcc2ad1":160,"33d6bb6a":133,"3a291497":127,"fafb4cc2":178,"52eca0dc":141,"69eeae0d":127,"6867261a":132,"0ecfa1c9":130,"42c80e69":146,"bb8a6337":130,"9b3f8714":149,"aa867541":133,"c91966ce":126,"3c0df8b4":142,"b4fdf90e":149,"288afc30":138,"5ee911b5":131,"5a0ead91":125,"34658473":131,"50312237":149,"49bf2e95":135,"6c20c153":139,"e4117b3b":124,"d033db8d":156,"37a7d5b0":145,"e786063b":152,"902f49f5":139,"4577b333":142,"e0e48a2d":135,"11b74e63":136,"00cf385d":150,"95d331b1":134,"fea793f5":151,"a1370ab0":135,"6df0b2e8":162,"7e15f8e8":146,"a983a6dc":127,"91d52a55":140,"0670c466":132,"25d1b2d8":150,"394dc144":135,"e99318a3":143,"ef1c2dcb":137,"fd07e0ed":152,"6de0aaac":133,"140ce69e":139,"2d13e69b":140,"eafbf9fb":144,"9fa62fee":136,"d6320619":135,"5a07fc2e":131,"1d153b20":145,"284544ba":133,"70c1e715":137,"ef8321d8":140,"865d9857":118,"2ce1af05":126,"f7231212":131,"621d6b18":151,"ef14000f":160,"263762cb":126,"eda6a690":123,"363590c7":152,"836701f6":139,"317c1591":154,"a77e127d":117,"b935fc1c":144,"792cfcbd":135,"3e602573":136,"458dcc3d":157,"fb44fa9c":154,"cf52025e":142,"0be540c5":150,"03c398d2":149,"4b3e3b1c":151,"f277386e":122,"cbad3b92":173,"26009d3f":132,"4b4ef7fa":132,"489a39f7":133,"17b08923":136,"597c1f81":141,"d5059415":142,"2b698053":148,"685207b3":149,"1a2c020b":142,"288d171f":139,"754f98c9":151,"69d4b754":136,"655954ba":135,"1e232870":152,"72b84094":169,"26dd2000":162,"21ad2f34":145,"9a80f004":138,"79e4fa1c":139,"07107f6e":144,"8f9b74b0":136,"3f9b5722":125,"f8b31ce5":170,"7fdc2007":128,"5f4102da":149,"a59a8290":139,"33d6bb6a":134,"c463799d":148,"f67de058":147,"ba5c52af":140,"43bc86e3":133,"f3a0c2ee":147,"f789f6d8":143,"345c9967":126,"ea274174":145,"de11eb19":151,"9e878ec2":147,"b4fdf90e":150,"b2a8761b":128,"7a6aa4b6":143,"6585adbe":122,"cf1b8c47":150,"da04caac":149,"012de09c":137,"f4634d0b":135,"49b358bd":146,"30fdcd3b":136,"14c682eb":131,"57167c74":134,"7cd0ad7b":152,"5ccf94d6":135,"d9f512b9":149,"61f25dd4":162,"94a2fe10":152,"92f800f5":143,"9e65c0ef":136,"a502c93c":125,"bb00e71c":123,"1c0a9eff":133,"e4c312fe":143,"5acce642":133,"ba586505":147,"e356abf1":150,"bfcb912a":142,"42c80e69":147,"b35bb8a1":132,"17446892":132,"162a7348":138,"0681c48e":152,"13747b82":150,"5a0eb771":136,"b8ab8e6e":136,"a939b50b":145,"5957df9e":137,"815e4582":152,"5339e1e9":147,"ccf8b803":144,"d552eb2f":148,"f069bb07":139,"6cba74ce":134,"3062379b":128,"1d153b20":146,"09560615":123,"92efd84f":140,"be4f8ba8":132,"3c6692a3":161,"88432019":136,"f271ed5d":144,"fd6dcb20":137,"9147702f":127,"bc021def":140,"2c5c1dc0":131,"8dc9b4db":147,"5623817d":129,"8dd649a3":135,"b769bdfb":139,"42191b64":118,"95d3d348":133,"0eaf08da":141,"2d1e1e9d":135,"a0bc1ceb":147,"8aa78e2f":130,"bad6cdb1":115,"b2703001":152,"12271e14":144,"f1098793":135,"32c9fc47":138,"4945c851":146,"be1746a0":142,"792cfcbd":136,"1f88a4b7":157,"95539a58":133,"9c29f0ed":159,"e57d5cda":143,"93b9fae6":131,"056ea7ff":155,"6034b6d0":144,"753ca352":131,"c21ab51e":125,"69134f07":142,"fe578280":138,"4e3f5178":154,"1a68160d":142,"f121b82c":156,"cb51f134":150,"913a6226":145,"ab7467de":151,"e21c6207":145,"bfad1727":127,"d25e0f8d":166,"ded7da5a":154,"da3437cd":139,"5f4102da":150,"478d2d4f":156,"f5e8dfee":152,"19551bad":129,"733c86f8":139,"f67de058":148,"a567ace4":142,"045f280d":140,"d102b0c6":139,"5ee911b5":132,"e0e6a097":133,"c7c4ec5c":124,"d0c0fc08":125,"7a6aa4b6":144,"61145ec9":150,"3a291497":128,"345c9967":127,"ef8987d7":135,"3101354b":123,"fe44fc6f":132,"dd035d2a":136,"638cb163":159,"059d6c19":154,"9d4da635":130,"a33fe0dd":146,"04ea5673":146,"751acea8":135,"4360a1a3":158,"4577b333":143,"e32524d6":141,"0c043224":154,"14c682eb":132,"f883d582":134,"26ed1a5c":142,"4c39240e":149,"d39724bc":127,"bb00e71c":124,"04cc7cbe":130,"7fef9973":146,"7735c3c2":132,"f0a06216":135,"bf30a08f":151,"a47abfbb":128,"71279c46":136,"42c80e69":148,"57d5dee8":148,"e9a8cf11":146,"4ed01268":125,"77bae750":137
1604737597553,"12534561":137,"a1370ab0":136,"cb6c9e42":155,"b88033fd":149,"a983a6dc":128,"99e171db":138,"5957df9e":138,"70c1e715":138,"f271ed5d":145,"7080f122":136,"7db3edda":138,"7d6895f4":148,"3062379b":129,"9ab755d3":132,"945b63f0":167,"dfa1a89b":135,"6a3eaf43":139,"8657c79d":150,"d6320619":136,"b946e146":163,"31f6d707":161,"3f2522c2":146,"1da771fb":139,"7ee148e9":143,"09ff339a":116,"3712c4bd":127,"5b60dd1d":146,"317c1591":155,"064a99c8":139,"4b3e3b1c":152,"cbad3b92":174,"0114160e":142,"8eb64769":142,"43d87483":145,"67c57de4":163,"7fb4c521":143,"4f59a322":144,"869cbaa0":146,"6b78ad7f":148,"972f4174":149,"efe84c27":138,"e1618359":146,"1a68160d":143,"704bce0d":144,"f76a3e83":151,"9d0546ac":132,"e2cbe594":140,"0a96f57a":152,"44ff8baa":139,"0785820e":143,"ffa08d82":144,"20958d58":133,"a63bddd4":172,"9a07d89b":140,"05f6ab35":153,"1105f790":154,"ba5c52af":141,"f2e3c0e3":126,"11888cfa":130,"812b4f15":118,"05642105":146,"03c398d2":150,"b552beb3":144,"0eaf08da":142,"468fc85c":146,"8b2b601d":149,"a6bcb07e":145,"792c9b6a":135,"fe0df575":152,"4ba6eb36":138,"c7c4ec5c":125,"4ea4a2a1":147,"de11eb19":152,"33d6bb6a":135,"3c0df8b4":143,"71e53c93":148,"ae016053":157,"313258f2":144,"95904ac4":161,"db8ba455":144,"9a80f004":139,"79e4fa1c":140,"bc09fa9e":135,"4577b333":144,"d70ca4f4":152,"aab4d996":138,"0c0e98ea":136,"7be025ce":150,"26ed1a5c":143,"8f13c203":129,"5272520d":146,"fce3c5c6":137,"059d6c19":155,"37a7d5b0":146,"f883d582":135,"ca6d2d91":143,"4c39240e":150,"52eca0dc":142,"4258c176":131,"abad2347":147,"04bef50c":119,"a6b5e869":133,"95d331b1":135,"dc473de1":128,"bc3dc66a":144,"f94bf9ea":141,"2ab62345":132,"71279c46":137,"288a2c43":134,"5a734022":130,"842c8340":133,"99e171db":139,"5a0eb771":137,"23760167":146,"bda8cdfb":156,"650bb0e0":136,"b8ab8e6e":137,"dd7acb96":151,"b5763ff6":124,"3454fa2b":132,"2d54e0a8":137,"7fef9973":147,"b0869206":151,"358e45b1":135,"5099c6a0":161,"fe1d4419":141,"83086d4c":148,"095ab3b4":141,"363590c7":153,"685207b3":150,"9f2b16a7":152,"3498f223":132,"1247fa52":147,"e9679ede":138,"c382f054":150,"dcf85091":124,"07f98660":149,"76f94eda":150,"9c29f0ed":160,"8fb236a9":126,"629800eb":151,"4930f321":136,"9496f56f":144,"21ee2afe":146,"f069bb07":140,"6143f39d":143,"884b0ad1":138,"fd6dcb20":138,"d2a841c9":139,"fb7482fe":137,"af157d29":140,"fd07e0ed":153,"22ecaed0":140,"82204d54":135,"eb2e1983":141,"8721056e":130,"312f7676":153,"4b4ef7fa":133,"d599b566":152,"01cd8099":140,"868edcc0":156,"946df4fd":152,"07fc4a9a":154,"8eb64769":143,"12a2cd4b":137,"1db42092":152,"b2bd8fd3":134,"17b08923":137,"7732eb1e":159,"0eaf08da":143,"489a39f7":134,"045f280d":141,"3d1af513":150,"408bb2ed":138,"45b038bb":172,"70ee0491":131,"6a7392d5":129,"a567ace4":143,"8b5a8e9f":147,"74c26380":162,"0a1d11e6":132,"93e8cee5":166,"0a96f57a":153,"7d112f4d":148,"e2cbe594":141,"7e8e1c3d":143,"805534ac":148,"44ff8baa":140,"cc6bbe45":134,"5ab7bc35":144,"cc11fef9":150,"868cda42":136,"d9f512b9":150,"4360a1a3":159,"3fdb08f5":146,"026766f3":139,"4def63ee":114,"3f9b5722":126,"08a06557":163,"bb98a6cf":159,"6e24d88b":126,"7cd0ad7b":153,"d8e58a8c":163,"7896b953":148,"91f7ef72":134,"d9a64845":143,"dd035d2a":137,"be149c6f":129,"f94bf9ea":142,"13747b82":151,"af034fee":151,"2ab62345":133,"68562193":134,"5a734022":131,"2b3e4717":139,"aff8e442":145,"6e98dfda":144,"ce3407dd":139,"1634789b":135,"449d8475":127,"ccf8b803":145,"bb00e71c":125,"7a6aa4b6":145,"de11eb19":153,"b35e9e1a":172,"92d38723":151,"bf30a08f":152,"79be29c8":134,"d83870f5":133,"7735c3c2":133,"e4117b3b":125,"ee21ad02":155,"6b78ad7f":149,"6fb4cdda":160,"ab7d4c9a":128,"8ac72326":135,"0d7d88f1":151,"67c57de4":164,"ffa08d82":145,"629800eb":152,"eb7b4e29":131,"6751d8e4":154,"284544ba":134,"a6626a13":125,"ac38a6a5":161,"0d2a1c58":135,"f2f58418":130,"bb99c79c":144,"fb7482fe":138,"730338c4":151,"a77e8461":140,"2dda3936":131,"546f6845":148,"315537b2":144,"87083264":162,"faf4f98b":152,"71ff66e8":133,"c0b7e7d7":124,"016953e4":153,"1da771fb":140,"e45b4b53":128,"9a3cc55d":128,"8eb64769":144,"363590c7":154,"cac4449a":139,"8cf83787":134,"d8475b95":112,"8aa78e2f":131,"820225e4":120,"b460f030":163,"90731976":134,"d82592f4":140,"bad6cdb1":116,"5678ed7b":156,"0f72f2d8":134,"f044c0e1":132,"b552beb3":145,"cd522166":154,"78b97937":151,"8b5a8e9f":148,"470d50c2":138,"972f4174":150,"c382f054":151,"72b84094":170,"dbc9df44":119,"e2a7d915":123,"8f13c203":130,"c45d554f":144,"467773ac":138,"d141db49":140,"a0cca8b7":128,"d6f0d94a":126,"1e7753d9":150,"e5b1abc6":137,"a472532e":128,"eb2e1983":142,"781ace7d":138,"8721056e":131,"b28a5e67":169,"8063df14":145,"6023df54":135,"a5fd8ffd":150,"6e44927f":135,"dd035d2a":138,"181c3dd5":144,"76f3a3be":142,"336d0f08":157,"9260d96b":169,"1ff8c2fc":152,"379184a7":158,"67f6e4f2":130,"2e99f8fd":130,"50312237":150,"54d7de6b":157,"d4d5f466":134,"88ce179e":158,"a6b5e869":134,"f0a06216":136,"7fef9973":148,"f56ac638":123,"26ed1a5c":144,"a851554d":141,"4def63ee":115,"8db62558":137,"3ef7432b":149,"751acea8":136,"ab7467de":152,"65a00a3c":142,"6f81493d":132,"ce3bf5db":141,"a8726d50":127,"c8fcad77":137,"5be594be":141,"87cd2add":130,"76f94eda":151,"f1df62b4":140,"8ac72326":136,"53b4e647":148,"d5557fb4":145,"c9efc8f6":138,"a1921150":153,"7af9d3b1":142,"5d087c79":139,"8cddb65e":143,"36684155":140,"ea822700":130,"6867261a":133,"b947257e":148,"e15fd611":126,"5f6613c8":130,"d2a841c9":140,"18815a1b":136,"ef8321d8":141,"4d35385e":141,"f2f58418":131,"12012fbd":130,"315537b2":145,"cf775f58":150,"bca2d7cd":131,"c98d5272":143,"88b3bc99":131,"9147702f":128,"1f342a00":140,"383e232d":134,"ae95f2ba":161,"869cbaa0":147,"8dc9b4db":148,"6b79fec2":129,"ea9bba6b":142,"dc583e64":154,"a0b03218":144,"77d35808":126,"4945c851":147,"be1746a0":143,"3a204e56":147,"3310a049":142,"ce4da56f":147,"946df4fd":153,"93ac9ca3":140,"5678ed7b":157,"99d130c9":152,"6291e9e9":147,"6ebe2354":119,"792cfcbd":137,"7732eb1e":160,"aefe13f5":154,"b36a0d66":130,"bd984a8e":132,"2e3503e4":153,"dbc9df44":120,"acac14fb":138,"9b742f71":138,"dcf85091":125,"4295ce9a":139,"e2a7d915":124,"7d112f4d":149,"201cafad":144,"51c57542":152,"e2cbe594":142,"7b6a7048":143,"04ea5673":147,"d6f0d94a":127,"f8b31ce5":171,"0d5ee801":132,"4577b333":145,"d0c104c4":118,"e3547548":130,"ba5c52af":142,"a8c93bed":131,"fead11cf":136,"70ee0491":132,"fef750ca":140,"f67de058":149,"5f0c1b9d":146,"1bc0591f":136,"a5fd8ffd":151,"810aa5e9":147,"6023df54":136,"3c0df8b4":144,"a6003226":139,"5e09f69e":165,"2132fe93":154,"12534561":138,"57d5dee8":149,"c64de0c0":127,"8a165e17":152,"5f96c2bc":140,"4ba6eb36":139,"02d4753e":171,"ea274174":146,"5f8517b7":164,"31f6d707":162,"379184a7":159,"8d000d6e":132,"4258c176":132,"f56ac638":124,"d83870f5":134,"51a3e9c2":146,"7735c3c2":134,"b0869206":152,"677c6a09":166,"d634aa28":158,"8f13c203":131,"906632cb":149,"b5ce0c0c":155,"6f81493d":133,"142d6987":142,"a4f1d83b":132,"6632fed0":144,"e15fd611":127,"8ec3834d":151,"cf775f58":151,"ccf8b803":146,"99e171db":140,"5339e1e9":148,"c98d5272":144,"778c95e9":145,"d744bee2":135,"2180f99b":140,"57540cc3":148,"72d7b461":152,"8dd2684c":143,"aa5dfdf5":143,"15620dca":155,"88432019":137,"cbb54a0a":129,"558d5ce7":145,"835358a0":132,"3661e12d":134,"bb99c79c":145,"07f98660":150,"8fb236a9":127,"10ec5a0b":129,"3f2522c2":147,"9a3cc55d":129,"8dc9b4db":149,"8dd649a3":136,"e45b4b53":129,"09ff339a":117,"bad6cdb1":117,"6ebe2354":120,"c318d350":151,"458dcc3d":158,"f5829ac0":155,"12271e14":145,"a4dafea5":136,"04612878":152,"32c9fc47":139,"742f1425":147,"1f88a4b7":158,"56752a4a":129,"8d753bb6":140,"489a39f7":135,"1db42092":153,"ef14000f":161,"b73e789c":137,"43d87483":146,"c38c2b52":132,"a836aa93":132,"a4296d1e":136,"e7abc88d":137,"704bce0d":145,"f598a332":124,"f33c0140":142,"c85a0d80":149,"7e8e1c3d":144,"5c82d1ce":144,"7d112f4d":150,"a0cca8b7":129,"bc09fa9e":136,"feb67030":133,"4dac6b20":120,"0a2f71bc":139,"d141db49":141,"4577b333":146,"e786063b":153,"f4634d0b":136,"5f4102da":151,"8721056e":132,"a0685bf3":151,"1bc0591f":137,"b102f7bd":148,"5e09f69e":166,"7c0a2db6":137,"11b2c8d9":138,"83b2f9c5":143,"9a07d89b":141,"a15713c6":159,"cf1b8c47":151,"ec110282":162,"aa867541":134,"b2a8761b":129,"b4fdf90e":151,"9263c525":146,"fe0df575":153,"36fb15d2":151,"0ac825ed":146,"d0b297b2":127,"a472532e":129,"04bef50c":120,"1bb4ccc0":145,"87c462ee":157,"a6b5e869":135,"4fd645f1":129,"92f800f5":144,"8db62558":138,"5272520d":147,"719c8869":158,"6f81493d":134,"20e470e0":130,"c3e6ef01":144,"3f9b5722":127,"ea4d3f3e":153,"20811ddf":146,"37d0cae2":129,"deb31f35":147,"e9a8cf11":147,"bc3dc66a":145,"af034fee":152,"12534561":139,"42c80e69":149,"a9b1bd51":108,"25d1b2d8":151,"a939b50b":146,"1d790491":149,"47d27624":126,"0f1ac912":126,"9d9dd9e5":129,"aa5dfdf5":144,"3062379b":130,"8cd78f77":151,"3f65f121":143,"0bd93cfd":113,"25a7a0a3":145,"72d7b461":153,"9ab755d3":133,"d6320619":137,"4469c815":112,"835358a0":133,"eafbf9fb":145,"8cc4a982":152,"6d5fcd4c":141,"6d61bf13":134,"016953e4":154,"95d3d348":134,"71ff66e8":134,"39bbc4bc":154,"1c3a30c5":139,"d1676e89":143,"5410e9c6":152,"73b15e04":140,"dd1fcb17":132,"d36125db":146,"12271e14":146,"e7e82473":162,"26c6fa34":136,"69f3bfcc":138,"4febf7c5":146,"0d2c95fe":139,"17807120":141,"b84a06eb":146,"0be540c5":151,"8b2b601d":150,"9f74b8a4":136,"ef91eaae":128,"43d87483":147,"ffa08d82":146,"2ce1af05":127,"7e95c5a0":150,"91536e85":143,"f598a332":125,"1247fa52":148,"fe578280":139,"8e780922":143,"c21ab51e":126,"69134f07":143,"efe84c27":139,"e2cbe594":143,"6bc5d32a":162,"20777945":127,"93e8cee5":167,"26dd2000":163,"51c57542":153,"f4343817":145,"be3a10f8":159,"5f4102da":152,"78b97937":152,"6c524f99":149,"a567ace4":144,"2dd0e808":139,"a59a8290":140,"34658473":132,"761cf820":147,"3652bd66":142,"06073f13":153,"d0e9a58e":138,"b377a62a":132,"49bf2e95":136,"810aa5e9":148,"cfafcda8":137,"28654c76":150,"52eca0dc":143,"4abb7aed":138,"906fdec3":128,"00a481e3":157,"04ea5673":148,"75ffea08":141,"868cda42":137,"4c39240e":151,"c015ec5a":142,"3f9b5722":128,"d9f512b9":151,"d033db8d":157,"110b1ee3":144,"4def63ee":116,"1a2ec5d7":152,"180377be":138,"430a5db5":148,"cd3bbe7e":140,"6c20c153":140,"3b2dee89":142,"bf30a08f":153,"290b4714":142,"e6ec8cbf":150,"f56ac638":125,"4652b09a":159,"31f6ba51":136,"181c3dd5":145,"03b4ab60":132,"af034fee":153,"bfcb912a":143,"68562193":135,"71279c46":138,"2b3e4717":140,"c81b2bcf":128,"088feee2":149,"842c8340":134,"6adce358":160,"cf775f58":152,"815e4582":153,"26c390d6":137,"383e232d":135,"7e991ab9":110,"84b67924":148,"9a467a82":148,"217c0327":117,"50c3164b":158,"f87c5031":142,"a625328f":148,"0277d748":148,"ea822700":131,"1d153b20":147,"d1715f3b":145,"01d817b8":114,"b769bdfb":140,"f6fe095d":152,"2c5c1dc0":132,"e7773397":127,"c564e316":150,"064a99c8":140,"5623817d":130,"d82592f4":141,"12a2cd4b":138,"5270f158":134,"32c9fc47":140,"12271e14":147,"f044c0e1":133,"4945c851":148,"c27969ec":140,"1db42092":154,"b460f030":164,"2b698053":149,"c38c2b52":133,"9f74b8a4":137,"ae95f2ba":162,"597c1f81":142,"4930f321":137,"621d6b18":152,"3498f223":133,"4b4ecbce":124,"9b742f71":139,"b215547b":130,"c85a0d80":150,"9b172ca8":127,"90a06ee9":140,"21ad2f34":146,"bfad1727":128,"feb67030":134,"a851554d":142,"21e10a2b":144,"f734c84c":161,"85de05f2":134,"b87158fb":148,"8298e976":152,"27c8e038":154,"013ee301":132,"045f280d":142,"06073f13":154,"5f8517b7":165,"f9c15fcc":137,"358e45b1":136,"8493f3b2":142,"08a4c3f8":149,"5a0ead91":126,"be3a10f8":160,"f5e8dfee":153,"b8488fc8":145,"cfafcda8":138,"2c6cb96f":121,"e35a63cd":143,"52eca0dc":144,"2352c8ef":147,"cf1b8c47":152,"f3a0c2ee":148,"195eb771":140,"a15713c6":160,"dc03ebd2":155,"57167c74":135,"ca7d47f7":153,"14c682eb":133,"0b959527":132,"3b690f68":146,"4c39240e":152,"a8726d50":128,"1a2ec5d7":153,"e5d3655c":156,"30fdcd3b":137,"5ab7bc35":145,"f4634d0b":137,"31408822":133,"30d84dce":128,"ee75b607":136,"1a442bc7":136,"79be29c8":135,"ee21ad02":156,"9cb4697f":159,"16b476e9":142,"ae99df30":137,"17446892":133,"47cfba38":132,"3a1d1632":112,"13747b82":152,"031e488e":151,"76f3a3be":143,"5e09f69e":167,"47d27624":127,"5957df9e":139,"91d52a55":141,"8ec3834d":152,"794f652b":155,"c81b2bcf":129,"c98d5272":145,"c0e2624b":138,"4bcd4a30":155,"72d7b461":154,"1f342a00":141,"2f455cce":141,"2cb29e5a":147,"a625328f":149,"6e851762":138,"9c045c61":147,"eeaa2d46":151,"5099c6a0":162,"5410e9c6":153,"b1f58563":138,"578f6e9e":147,"836701f6":140,"d599b566":153,"cac4449a":140,"363590c7":155,"05642105":147,"a543ec74":126,"629800eb":153,"0d7d88f1":152,"91536e85":144,"50c468ba":145,"0da28f5b":144,"ebdbf580":147,"8e780922":144,"4b4ecbce":125,"c5b35e4d":133,"c85a0d80":151,"754f98c9":152,"ab7467de":153,"df81ddee":133,"7d112f4d":151,"6b9eff39":134,"f9f2c53f":123,"a06a6430":145,"753ca352":132,"a77e8461":141,"eafbf9fb":146,"f2ca27d9":144,"22ecaed0":141,"c8113b77":133,"d36125db":147,"e8d74304":131,"baebb391":152,"e8f173b5":144,"1c3a30c5":140,"95f6db13":140,"17807120":142,"3310a049":143,"013ee301":133,"2198ba8e":136,"e7e82473":163,"8323d333":127,"8f2a7d69":139,"7ae3fc50":123,"8d000d6e":133,"7a2f3f06":135,"9e878ec2":148,"cfe72ead":131,"a8c93bed":132,"c510bfd3":151,"8f10fa42":173,"2bcca6a7":151,"42cd2360":120,"5f4102da":153,"313258f2":145,"2a4a402a":142,"345c9967":128,"78b97937":153,"6023df54":137,"dc03ebd2":156,"3a291497":129,"aa76bc50":122,"77898c22":114,"79e4fa1c":141,"014460b9":168,"dac109cf":140,"d6f0d94a":128,"1623fc9f":140,"0c043224":155,"ea6de194":147,"4279e829":161,"88fa53d6":124,"58d46189":154,"cc6bbe45":135,"9d4da635":131,"74f234c6":171,"f883d582":136,"31408822":134,"1757a30e":136,"dffa7793":121,"51a3e9c2":147,"4258c176":133,"b3f19a69":133,"3b2dee89":143,"5e09f69e":168,"6867261a":134,"b7cc7909":151,"181c3dd5":146,"64db4feb":163,"24a9fb86":157,"e4714415":159,"0f1ac912":127,"91d52a55":142,"d957f027":135,"1a0189c4":139,"f4b2f575":126,"66d94227":138,"2b3e4717":141,"6a3eaf43":140,"f56ac638":126,"e7773397":128,"9b742f71":140,"a4296d1e":137,"fe578280":140,"1a68160d":144,"c7313e0a":153,"be2955bb":148,"8e99d5d0":159,"913a6226":146,"7a840529":129,"9f74b8a4":138,"95539a58":134,"6a5b71b4":137,"ae95f2ba":163,"cc5a1d47":131,"7218c9f1":127,"ea822700":132,"ccdd1ce6":138,"d3e84616":152,"508aac3d":148,"4469c815":113,"2180f99b":141,"6cba74ce":135,"2f455cce":142,"cbb54a0a":130,"f3d68430":150,"d1715f3b":146,"3c6692a3":162,"ec2cb1af":142,"f5cd79c1":142,"312f7676":154,"19f9ca86":143,"95d3d348":135,"48655f09":168,"60e855ee":163,"ad8f85d6":151,"a4dafea5":137,"d82592f4":142,"c7ab83c1":133,"26009d3f":133,"742f1425":148,"6291e9e9":148,"ae8a09c4":142,"05642105":148,"0b5a0408":149,"59c1e594":139,"e7e82473":164,"a0bc1ceb":148,"54a676d6":135,"7a6aa4b6":146,"4ea4a2a1":148,"de11eb19":154,"fee32863":145,"9a3ab0b8":136,"f2e3c0e3":127,"70ee0491":133,"fe44fc6f":133,"e35a63cd":144,"0a1d11e6":133,"d9d0c567":139,"c6dc900c":118,"5ef93e5d":123,"fe8f3d36":137,"5f96c2bc":141,"c91966ce":127,"feb67030":135,"25e0dd3d":146,"3007f31f":133,"201cafad":145,"9d0546ac":133,"40e79dd3":142,"c015ec5a":143,"e5d3655c":157,"2154b6e8":131,"180377be":139,"c4e70c07":137,"9316e7e8":117,"d141db49":142,"4ee62a26":135,"f8b31ce5":172,"94a2fe10":153,"e32524d6":142,"7a9344a4":166,"ddec9e54":138,"906632cb":150,"dd035d2a":139,"ee75b607":137,"bec9d329":155,"5e09f69e":169,"0681c48e":153,"deb31f35":148,"40860a4b":125,"5eaa1581":136,"24a9fb86":158,"8cddb65e":144
1604737598519,"1b881e6e":148,"9d9dd9e5":130,"1d790491":150,"449d8475":128,"5f7d7195":142,"815e4582":154,"4ed01268":126,"31f6d707":163,"f1862e79":121,"8c6e001f":120,"8323d333":128,"f0a06216":137,"d815c5b4":167,"37d0cae2":130,"6b82b527":148,"a502c93c":126,"9f2b16a7":153,"f76a3e83":152,"104721f0":147,"8e780922":145,"0da28f5b":145,"be2955bb":149,"7f86be64":143,"f1df62b4":141,"76f94eda":152,"e4cfef0a":127,"d2466211":157,"b9be31d6":146,"67c57de4":165,"053f3451":141,"d3a669ac":153,"39ba00f0":146,"6a3eaf43":141,"0fc5ac7e":169,"778c95e9":146,"2d13e69b":141,"be4f8ba8":133,"3062379b":131,"6143f39d":144,"3f65f121":144,"7080f122":137,"4469c815":114,"558d5ce7":146,"416a9e97":138,"60e855ee":164,"004f1ef3":173,"6d61bf13":135,"d599b566":154,"5099c6a0":163,"ad8f85d6":152,"77d35808":127,"8cf83787":135,"8aa78e2f":132,"87922532":160,"6b79fec2":130,"eed20185":154,"ce4da56f":148,"f277386e":123,"64a7f79f":141,"946df4fd":154,"95bc84f1":130,"dfc89705":145,"7732eb1e":161,"45fb95c1":139,"03c398d2":151,"d78dd457":129,"afe8e06a":128,"85de05f2":135,"e21c6207":146,"77898c22":115,"92136ff5":143,"44ff8baa":141,"ded7da5a":155,"6bc5d32a":163,"4577b333":147,"b5ce0c0c":156,"dae0f922":148,"c7636527":124,"868cda42":138,"66b7b5b4":136,"fee32863":146,"fead11cf":137,"7c0a2db6":138,"a59a8290":141,"1d44aff3":152,"abc1d7ad":156,"9a07d89b":142,"cd522166":155,"28654c76":151,"a851891c":136,"8db5a165":131,"ae016053":158,"4125085e":158,"b35bb8a1":133,"1ed46298":149,"5a734022":132,"deb31f35":149,"c93c3508":125,"af034fee":154,"9d63c4dd":143,"77bae750":138,"5339e1e9":149,"a533489b":154,"0cb80f4a":143,"6f0fcb9d":146,"9263c525":147,"408bb2ed":139,"0ac825ed":147,"5f8517b7":166,"d929098e":120,"2882a956":146,"3b2dee89":144,"4258c176":134,"a502c93c":127,"cb4f262b":134,"93b0a158":151,"e3547548":131,"5272520d":148,"1e191c98":121,"7be025ce":151,"93683c82":138,"08a06557":164,"4ee62a26":136,"ddec9e54":139,"9b742f71":141,"470d50c2":139,"f33c0140":143,"dcf85091":126,"c0fea118":134,"dbc9df44":121,"07f98660":151,"056ea7ff":156,"30b6808c":129,"c803b4a3":142,"25d1b2d8":152,"6adce358":161,"f2364460":141,"ccf8b803":147,"a625328f":150,"70c1e715":139,"0d2a1c58":136,"fd369c21":157,"ef8321d8":142,"e58b26f6":154,"835358a0":134,"ccdd1ce6":139,"d1ca5d6b":149,"172217e5":151,"01d817b8":115,"eeaa2d46":152,"49902219":166,"0bfabf48":134,"9496f56f":145,"d2466211":158,"5781776a":144,"4945c851":149,"f2470875":156,"26009d3f":134,"0eaf08da":144,"d599b566":155,"b2bd8fd3":135,"69f3bfcc":139,"8dd649a3":137,"a6bcb07e":146,"71bc1295":131,"d36125db":148,"d82592f4":143,"26f99a1e":135,"0114160e":143,"5b60dd1d":147,"27c8e038":155,"971675c5":140,"1f88a4b7":159,"a543ec74":127,"4febf7c5":147,"1e232870":153,"d25e0f8d":167,"77898c22":116,"2209903e":148,"27d8bf51":138,"f734c84c":162,"7bebff03":130,"f4343817":146,"2af60749":141,"caddd0a7":147,"751bcf25":130,"4ee62a26":137,"ca7d47f7":154,"8b5a8e9f":149,"c463799d":149,"0f89862c":118,"74c26380":163,"a567ace4":145,"616d6dd6":139,"4c0e547b":152,"e865e4dd":132,"dd3913d2":131,"a851891c":137,"945b63f0":168,"c9efc8f6":139,"a2c334e7":154,"03b4ab60":133,"0ecfa1c9":131,"c852d240":145,"24a9fb86":159,"dc473de1":129,"afe8e06a":129,"c91966ce":128,"ae016053":159,"3a291497":130,"08a4c3f8":150,"06073f13":155,"4ba6eb36":140,"792c9b6a":136,"5a0ead91":127,"d33790a2":159,"49bf2e95":137,"8bc04eb5":142,"e382ec3f":126,"f56ac638":127,"6ee92259":150,"7735c3c2":135,"bec9d329":156,"7fef9973":149,"e62d705f":134,"04ea5673":149,"28d40296":113,"93683c82":139,"d6f0d94a":129,"d70ca4f4":153,"805af3c7":149,"94a2fe10":154,"d033db8d":158,"bd984a8e":133,"6e98dfda":145,"77bae750":139,"66d94227":139,"36684155":141,"04643409":154,"b88033fd":150,"b8ab8e6e":138,"dd7acb96":152,"84b67924":149,"7e991ab9":111,"af0b61ab":145,"f5596d0f":151,"2b698053":150,"619fda68":163,"cf9f4757":134,"ad303bda":135,"87ce8d1d":128,"93ac9ca3":141,"e7e82473":165,"f5cd79c1":143,"11888cfa":131,"a543ec74":128,"971675c5":141,"458dcc3d":159,"95f6db13":141,"f277386e":124,"e45b4b53":130,"a5aee5de":169,"d36125db":149,"cf52025e":143,"26f99a1e":136,"6b79fec2":131,"1438fad7":145,"e7773397":129,"71bc1295":132,"ce4da56f":149,"c609739e":139,"ef14000f":162,"6f39f4d9":153,"ffa08d82":147,"e0154608":141,"0a92153e":138,"f2086446":138,"e1618359":147,"1a68160d":145,"90a06ee9":141,"72b84094":171,"debe1f65":142,"20777945":128,"e2cbe594":144,"70594a28":148,"0a96f57a":154,"da3437cd":140,"0b959527":133,"9bdf362a":140,"1105f790":155,"fef750ca":141,"30c184b8":148,"11b2c8d9":139,"b87158fb":149,"cf1b8c47":153,"25a7a0a3":146,"c0e2624b":139,"b947257e":149,"53a8613c":158,"6e851762":139,"7d6895f4":149,"01d817b8":116,"dfa1a89b":136,"865d9857":119,"51f80f4c":155,"af034fee":155,"61d4782d":140,"deb31f35":150,"e865e4dd":133,"b102f7bd":149,"062179c1":142,"52eca0dc":145,"a533489b":155,"8245f916":142,"b2a8761b":130,"82b81567":126,"ef16ca37":137,"3a1b9af5":143,"08a4c3f8":151,"6023df54":138,"95904ac4":162,"616d6dd6":140,"906fdec3":129,"ae99df30":138,"6775d5cd":141,"3b2dee89":145,"f0a06216":138,"bb00e71c":126,"f56ac638":128,"93b0a158":152,"fbdffc95":130,"751bcf25":131,"49b358bd":147,"381c68fa":139,"1623fc9f":141,"c0b0f492":151,"19e9776f":137,"906632cb":151,"cc6bbe45":136,"8942c35b":143,"0841052c":154,"be40590d":151,"540df50f":139,"b7cc7909":152,"35aa7fd0":149,"8ec3834d":153,"f4b2f575":127,"4ed01268":127,"e99318a3":144,"9d63c4dd":144,"39a2fcce":134,"bad1a1cc":139,"884b0ad1":139,"a6626a13":126,"d0d6acb1":143,"d3a669ac":154,"e58b26f6":155,"a625328f":151,"6e851762":140,"ec2cb1af":143,"6d339d45":121,"12012fbd":131,"bb99c79c":146,"d1715f3b":147,"5410e9c6":154,"f044c0e1":134,"836701f6":141,"54a676d6":136,"e7773397":130,"e45b4b53":131,"1138796e":151,"a636f4c9":155,"a40846b7":153,"742f1425":149,"4945c851":150,"82868763":136,"458dcc3d":160,"5270f158":135,"d6db2b02":146,"e6fac295":135,"d36125db":150,"59c1e594":140,"9496f56f":146,"87083264":163,"d4ee22a4":150,"43d87483":148,"6f39f4d9":154,"cf9f4757":135,"87cd2add":131,"c85a0d80":152,"efe84c27":140,"f598a332":126,"1247fa52":149,"9b742f71":142,"c21ab51e":127,"696fdac5":145,"d25e0f8d":168,"ab7467de":154,"debe1f65":143,"2b3c49b9":142,"27d8bf51":139,"bc09fa9e":137,"f4343817":147,"623c6a31":152,"b9a48a5c":125,"b8488fc8":146,"062179c1":143,"11b2c8d9":140,"8b5a8e9f":150,"ae8a09c4":143,"88a30343":138,"0f72f2d8":135,"36fb15d2":152,"288afc30":139,"3652bd66":143,"3a1b9af5":144,"8323d333":129,"d33790a2":160,"1bd5b20b":157,"8721056e":133,"08a561b7":144,"2352c8ef":148,"0e2b5d2f":149,"3a291497":131,"3101354b":124,"012de09c":138,"abc1d7ad":157,"f905a555":131,"6e44927f":136,"8bc04eb5":143,"d815c5b4":168,"ad2d7bed":150,"95d331b1":136,"7735c3c2":136,"e4c312fe":144,"2882a956":147,"e1571af7":144,"2045d7d6":140,"4c39240e":153,"caddd0a7":148,"c0b0f492":152,"1e7753d9":151,"57167c74":136,"6e24d88b":127,"ffc86f94":118,"1a2ec5d7":154,"e62d705f":135,"0c043224":156,"bb98a6cf":160,"902f49f5":140,"5a734022":133,"a47abfbb":129,"60d6cee2":140,"17446892":134,"162a7348":139,"dcfaba4c":143,"227006e4":135,"0670c466":133,"d957f027":136,"5d087c79":140,"f66616b7":140,"cb6c9e42":156,"bad1a1cc":140,"794f652b":156,"0d2a1c58":137,"6a3eaf43":142,"aa5dfdf5":145,"911e770b":148,"1f342a00":142,"730338c4":152,"22234d6b":148,"3661e12d":135,"2203f259":148,"1438fad7":146,"f1dffa24":125,"c318d350":152,"868edcc0":157,"71ff66e8":135,"4945c851":151,"792cfcbd":138,"836701f6":142,"a85d89cc":132,"10ec5a0b":130,"abd32136":146,"ac030e74":135,"7218c9f1":128,"d83294cd":137,"95539a58":135,"d548635d":142,"1a2c020b":143,"dbc9df44":122,"a836aa93":133,"34c5c729":134,"a3253019":133,"c382f054":152,"4dac6b20":121,"bc09fa9e":138,"df81ddee":134,"92136ff5":144,"feb67030":136,"4295ce9a":140,"77898c22":117,"36d340f2":122,"b9a48a5c":126,"b946e146":164,"2cb29e5a":148,"e9adbe58":142,"9de29816":126,"8b2b601d":151,"468fc85c":147,"6ce84ff8":128,"11888cfa":132,"1c3a30c5":141,"cf84fb54":148,"26c6fa34":137,"695a2b92":131,"742f1425":150,"88a30343":139,"eed20185":155,"e6fac295":136,"34658473":133,"db0a661e":140,"e0e6a097":134,"5acaa06f":113,"cd95f558":147,"1bd5b20b":158,"5a0ead91":128,"733c86f8":140,"6a7392d5":130,"8f10fa42":174,"781ace7d":139,"70ee0491":134,"b28a5e67":170,"d78dd457":130,"42cd2360":121,"c6dc900c":119,"fe44fc6f":134,"1105f790":156,"6e44927f":137,"3a291497":132,"61145ec9":151,"1bb4ccc0":146,"04bef50c":121,"16b476e9":143,"f0a06216":139,"abad2347":148,"d141db49":143,"44c77422":144,"25776fc4":153,"859545e6":129,"2045d7d6":141,"9e65c0ef":137,"4360a1a3":160,"62d1d346":126,"ddec9e54":140,"0841052c":155,"8942c35b":144,"751acea8":137,"026766f3":140,"94a2fe10":155,"54d7de6b":158,"e356abf1":151,"1ed46298":150,"d6d61bfc":153,"288a2c43":135,"7af9d3b1":143,"57d5dee8":150,"0ecfa1c9":132,"deb31f35":151,"d5557fb4":146,"2b3e4717":142,"93fdbb44":128,"f2364460":142,"2a387957":139,"5f7d7195":143,"48efc739":161,"6751d8e4":155,"2c627253":141,"7028b044":131,"730338c4":153,"9ab755d3":134,"bca2d7cd":132,"3062379b":132,"d83294cd":138,"76f94eda":153,"ad303bda":136,"ac030e74":136,"b9be31d6":147,"50c468ba":146,"f76a3e83":153,"0a92153e":139,"ebdbf580":148,"655954ba":136,"d548635d":143,"8e99d5d0":160,"0da28f5b":146,"21ad2f34":147,"a0ce82b4":144,"a851554d":143,"5fa12feb":149,"21e10a2b":145,"9a80f004":140,"0149e11a":127,"869cbaa0":148,"0277d748":149,"f2ca27d9":145,"d1715f3b":148,"57540cc3":149,"175bc6b2":122,"25a7a0a3":147,"bc021def":141,"17b08923":138,"71ff66e8":136,"8aa78e2f":133,"2203f259":149,"6db0ea86":136,"b935fc1c":145,"aa00769b":167,"7ee148e9":144,"bab97de3":154,"d82592f4":144,"e81834aa":160,"26f99a1e":137,"4febf7c5":148,"de36827b":161,"481754fc":130,"93ac9ca3":142,"0eaf08da":145,"09ff339a":118,"4ff2225d":132,"12a2cd4b":139,"8eb64769":145,"b4fdf90e":152,"9260d96b":170,"ea274174":147,"8c6e001f":121,"cd95f558":148,"b35e9e1a":173,"49bf2e95":138,"5f4102da":154,"bd62d7ed":130,"d78dd457":131,"313258f2":146,"0e2b5d2f":150,"cf1b8c47":154,"11b2c8d9":141,"e865e4dd":134,"e35a63cd":145,"28654c76":152,"1bc0591f":138,"5f0c1b9d":147,"91f7ef72":135,"dd035d2a":140,"5ab7bc35":146,"caddd0a7":149,"c8fcad77":138,"014460b9":169,"8f13c203":132,"49b358bd":148,"1e7753d9":152,"259930ee":147,"4279e829":162,"1f11812e":150,"6e24d88b":128,"8942c35b":145,"74f234c6":172,"5272520d":149,"9cb4697f":160,"5b5fc566":138,"16b476e9":144,"e4c312fe":145,"bec9d329":157,"5acce642":134,"3b2dee89":146,"f94bf9ea":143,"a1370ab0":137,"12534561":140,"47cfba38":133,"76f3a3be":144,"4911acad":114,"5f6613c8":131,"5d087c79":141,"93fdbb44":129,"bda8cdfb":157,"6adce358":162,"39a2fcce":135,"f66616b7":141,"faf3ed07":140,"aec074c4":153,"884b0ad1":140,"835358a0":135,"70c1e715":140,"2a06ab95":154,"508aac3d":149,"084cbc0b":133,"cc5a1d47":132,"1dad0f99":135,"a3253019":134,"69d4b754":137,"c382f054":153,"e7abc88d":138,"1247fa52":150,"6fb4cdda":161,"5e193fc8":146,"547903ef":150,"6b9eff39":135,"debe1f65":144,"ccb5ea3e":125,"ab7467de":155,"87083264":164,"93b9fae6":132,"abd32136":147,"7218c9f1":129,"7fb4c521":144,"175bc6b2":123,"22176537":138,"9a467a82":149,"6de0aaac":134,"e9adbe58":143,"f2f58418":132,"22ecaed0":142,"3c43e8a2":155,"695a2b92":132,"b552beb3":146,"5099c6a0":164,"946df4fd":155,"5678ed7b":158,"82868763":137,"32c9fc47":141,"fe1d4419":142,"742f1425":151,"159ffd0b":131,"99d130c9":153,"014bdff0":146,"56752a4a":130,"19f9ca86":144,"28d41578":157,"b2703001":153,"c609739e":140,"fb44fa9c":155,"0eaf08da":146,"13f0e139":127,"1b153aef":150,"a533489b":156,"db0a661e":141,"cfe72ead":132,"408bb2ed":140,"b8397293":129,"25a2844e":154,"062179c1":144,"71e53c93":149,"fead11cf":138,"0a1d11e6":134,"e21c6207":147,"a0cca8b7":130,"0b959527":134,"4def63ee":117,"fbdffc95":131,"c4e70c07":138,"2af60749":142,"1a2ec5d7":155,"8942c35b":146,"868cda42":139,"0f029727":131,"cf1124db":130,"110b1ee3":145,"d634aa28":159,"c3e6ef01":145,"3b690f68":147,"d8e58a8c":164,"13b53c7a":142,"83b2f9c5":144,"a8c93bed":133,"a66a2d8a":159,"ec110282":163,"50b558a7":125,"5f96c2bc":142,"730a4938":134,"00cf385d":151,"dc03ebd2":157,"b3f19a69":134,"7fef9973":150,"be149c6f":130,"9f5e6cba":147,"2132fe93":155,"40860a4b":126,"b230e8d3":147,"b7cc7909":153,"13747b82":153,"bf822e33":136,"794f652b":157,"39a2fcce":136,"1634789b":136,"2b3e4717":143,"c67979e6":169,"449d8475":129,"290b4714":143,"ad2d7bed":151,"d0e9a58e":139,"0d770b97":140,"3498f223":134,"69d4b754":138,"c382f054":154,"8e780922":146,"c0fea118":135,"a4296d1e":138,"c7313e0a":154,"597c1f81":143,"10ec5a0b":131,"95539a58":136,"ef91eaae":129,"7566fdd6":153,"4930f321":138,"619fda68":164,"d744bee2":136,"70c1e715":141,"84b767be":168,"6a3eaf43":143,"cbb54a0a":131,"835358a0":136,"272c7672":148,"25a7a0a3":148,"d2a841c9":141,"49902219":167,"315537b2":146,"30dd2edc":146,"bb99c79c":147,"12012fbd":132,"7ee148e9":145,"4ff2225d":133,"578f6e9e":148,"66554572":114,"83086d4c":149,"ac62fac2":154,"f044c0e1":135,"d1676e89":144,"59431390":141,"73b15e04":141,"2c5c1dc0":133,"7732eb1e":162,"4b4ef7fa":134,"e7e82473":166,"a77e127d":118,"6ebe2354":121,"cf50e84e":136,"016953e4":155,"2c24d929":152,"bc392d1c":125,"e6fac295":137,"cfe72ead":133,"2a4a402a":143,"a901627e":133,"8721056e":134,"91f7ef72":136,"a5fd8ffd":152,"cfafcda8":139,"4e5aaaec":123,"6bc5d32a":164,"2ad42a9e":152,"c455f40e":126,"0149e11a":128,"79e4fa1c":142,"f4343817":148,"2154b6e8":132,"b7505747":140,"e786063b":154,"4fd645f1":130,"dae0f922":149,"57167c74":137,"4360a1a3":161,"93683c82":140,"b5ce0c0c":157,"026766f3":141,"7043382d":145,"dbd2f139":148,"a8726d50":129,"19e9776f":138,"1105f790":157,"7ae34c64":143,"9a3ab0b8":137,"2dd0e808":140,"ec11fe5f":123,"56473430":153,"2c6cb96f":122,"30c184b8":149,"e0e48a2d":136,"f0a06216":140,"47cfba38":134,"8cddb65e":145,"74e3d13e":149,"71a2a493":115,"a1370ab0":138,"c4bff41f":154,"17446892":135,"36684155":142,"93fdbb44":130,"9d9dd9e5":131,"527ff946":155,"99e171db":141,"d1d40c9c":153,"91b28f83":144,"f56ac638":129,"b4fdf90e":153,"1ff8c2fc":153,"8d000d6e":134,"2e99f8fd":131,"8245f916":143,"fe0df575":154,"5acce642":135,"935ec056":133,"79f04300":143,"f3992a31":145,"c382f054":155,"bd984a8e":134,"34c5c729":135,"e0154608":142,"7218c9f1":130,"4d9b0b10":142,"f1df62b4":142,"0d28db94":132,"2ce1af05":128,"5a0eb771":138,"91d52a55":143,"26c390d6":138,"ea822700":133,"aaa274a5":142,"508aac3d":150,"eb7b4e29":132,"7db3edda":139,"aec074c4":154,"b946e146":165,"57540cc3":150,"ef8321d8":143,"a77e8461":142,"15620dca":156,"865d9857":120,"9de29816":127,"7a840529":130,"9c29f0ed":161,"0b3283c9":147,"b935fc1c":146,"d1676e89":145,"03c398d2":152,"3c782bb3":140,"a636f4c9":156,"39bbc4bc":155,"d9dcdc4b":155,"eed20185":156,"fb44fa9c":156,"eda6a690":124,"1be05c14":147,"946df4fd":156,"e45b4b53":132,"64a7f79f":142,"c564e316":151,"17b08923":139,"4cc141fa":116,"489a39f7":136,"12a2cd4b":140,"1f88a4b7":160,"d34a29b9":156,"c650b434":151,"3b7763b1":129,"70594a28":149,"e2cbe594":145,"bfad1727":129,"6bc5d32a":165,"fb8bfb36":155,"c0b0f492":153,"75ffea08":142,"ba30e43a":155,"a81a857c":137,"9e65c0ef":138,"d141db49":144,"cc11fef9":151,"c1bdfd41":134,"b6591e25":148,"d78dd457":132,"65e4235b":139,"b87158fb":150,"313258f2":147,"fe8f3d36":138,"195eb771":141,"b102f7bd":150,"61145ec9":152,"a5fd8ffd":153,"be3a10f8":161,"61d4782d":141,"0681c48e":154,"4125085e":159,"40860a4b":127,"dc473de1":130,"8d04852b":143,"12534561":141,"f66616b7":142,"0042f6eb":134,"e865e4dd":135,"b2cfdbcf":136,"a59a8290":142,"2882a956":148
1604737599496,"5acce642":136,"d0e9a58e":140,"f9c15fcc":138,"ef16ca37":138,"b377a62a":133,"67f6e4f2":131,"e0e6a097":135,"554ebb83":145,"677c6a09":167,"ae99df30":139,"d4d5f466":135,"d39724bc":128,"ee21ad02":157,"58d46189":155,"20e470e0":131,"0841052c":156,"ca6d2d91":144,"d0c104c4":119,"b3863630":133,"d4ee22a4":151,"c6c85783":153,"99e171db":142,"9d9dd9e5":132,"d1fe2868":158,"cb6c9e42":157,"9ceb5439":122,"ea822700":134,"d1ca5d6b":150,"aaa274a5":143,"2d13e69b":142,"508aac3d":151,"92efd84f":141,"9147702f":129,"15620dca":157,"e9adbe58":144,"08c6b5d2":144,"a63bddd4":173,"ec2cb1af":144,"172217e5":152,"416a9e97":139,"d2466211":159,"385ab7c6":141,"d5059415":143,"53b4e647":149,"e238f09b":154,"e45b4b53":133,"2198ba8e":137,"95f6db13":142,"09f0db62":171,"ac62fac2":155,"458dcc3d":161,"b935fc1c":147,"8aa78e2f":134,"4b3e3b1c":153,"d599b566":156,"6ebe2354":122,"27f52ed3":164,"2d1e1e9d":136,"b7df1559":142,"c0b7e7d7":125,"3c782bb3":141,"dfc89705":146,"bc392d1c":126,"07fc4a9a":155,"0be540c5":152,"c803b4a3":143,"053f3451":142,"655954ba":137,"9267f0ef":163,"ab7d4c9a":129,"72b84094":172,"4c4aa2e2":139,"e2a7d915":125,"501db4de":143,"9a80f004":141,"8e99d5d0":161,"e1f0dbfd":155,"79e4fa1c":143,"c455f40e":127,"c45d554f":145,"fbdffc95":132,"e5d3655c":158,"8f13c203":133,"c0b0f492":154,"719c8869":159,"026766f3":142,"ea6de194":148,"195eb771":142,"a66a2d8a":160,"b7cc7909":154,"d6d61bfc":154,"2bcca6a7":152,"3c0df8b4":145,"062179c1":145,"b2a8761b":131,"d0c0fc08":126,"b4fdf90e":154,"358e45b1":137,"ef16ca37":139,"5a0ead91":129,"336d0f08":158,"74c26380":164,"13b53c7a":143,"45b5746e":139,"5f4102da":155,"83b2f9c5":145,"a59a8290":143,"50b558a7":126,"a0cf08b3":113,"88ce179e":159,"3101354b":125,"d815c5b4":169,"1c0a9eff":134,"5b5fc566":139,"4b125e7b":145,"6841f77e":147,"f0a06216":141,"381c68fa":140,"e32524d6":143,"30dbfc69":139,"cf1124db":131,"31408822":135,"f883d582":137,"bb98a6cf":161,"685207b3":151,"25635c37":126,"d599b566":157,"e36dfd6f":149,"181c3dd5":147,"9b3f8714":150,"32133249":143,"815e4582":155,"6e98dfda":146,"162a7348":140,"6867261a":135,"c6c85783":154,"5a0eb771":139,"44a4f7cd":150,"d957f027":137,"91d52a55":144,"b5763ff6":125,"d744bee2":137,"ef1c2dcb":138,"bca2d7cd":133,"e58b26f6":156,"8cd78f77":152,"9ab755d3":135,"57540cc3":151,"8cc4a982":153,"2cb29e5a":149,"f2f58418":133,"36d340f2":123,"597c1f81":144,"76f94eda":154,"00a17b46":144,"9c29f0ed":162,"c38c2b52":134,"ffa08d82":148,"faf4f98b":153,"c0fea118":136,"f121b82c":157,"3498f223":135,"c382f054":156,"8e99d5d0":162,"b3863630":134,"c45d554f":146,"e1f0dbfd":156,"0a96f57a":155,"51c57542":154,"6b9eff39":136,"c650b434":152,"261c9911":152,"e1571af7":145,"88432019":138,"affb82bf":156,"5ac86fb9":158,"fead11cf":139,"a901627e":134,"baebb391":153,"fe1d4419":143,"e8f173b5":145,"f1dffa24":126,"49910300":130,"ac62fac2":156,"9a3cc55d":130,"d36125db":151,"458dcc3d":162,"1da771fb":141,"3310a049":144,"cac4449a":141,"a77e127d":119,"8eb64769":146,"489a39f7":137,"7ae3fc50":124,"bc392d1c":127,"b36a0d66":131,"82b81567":127,"01cd8099":141,"608bc832":124,"c4aa1e38":125,"cfe72ead":134,"ef16ca37":140,"6f0fcb9d":147,"dfcc2ad1":161,"da04caac":150,"ef8987d7":136,"1105f790":158,"810aa5e9":149,"ec11fe5f":124,"eb2e1983":143,"91f7ef72":137,"a0685bf3":152,"d9d0c567":140,"74c26380":165,"7fdc2007":129,"4258c176":135,"dffa7793":122,"87c462ee":158,"a6b5e869":136,"9cb4697f":161,"e4c312fe":146,"79be29c8":136,"7be025ce":152,"08a06557":165,"a81a857c":138,"a68a93b2":137,"b5ce0c0c":158,"74f234c6":173,"c2bb8aae":137,"c1bdfd41":135,"8f13c203":134,"40a745c0":150,"d0c104c4":120,"0c0e98ea":137,"7a9344a4":167,"d6d61bfc":155,"c9efc8f6":140,"bc3dc66a":146,"1ed46298":151,"71a2a493":116,"227006e4":136,"77f31bab":155,"f66616b7":143,"815e4582":156,"aff8e442":146,"bf822e33":137,"9d63c4dd":145,"a625328f":152,"f2364460":143,"730338c4":154,"6751d8e4":156,"6a3eaf43":144,"911e770b":149,"fb7482fe":139,"2c627253":142,"2cb29e5a":150,"d1715f3b":149,"1951480c":128,"a58bf525":143,"82868763":138,"7a4c064c":150,"8ac72326":137,"597c1f81":145,"7a840529":131,"053f3451":143,"2ce1af05":129,"c38c2b52":135,"c0fea118":137,"ab7d4c9a":130,"80a8a56d":134,"b2c25d1c":137,"77300e4a":127,"9b742f71":143,"f76a3e83":154,"daab45c6":131,"c455f40e":128,"ded7da5a":156,"8ea21393":125,"4e5aaaec":124,"b6ee137a":137,"0a96f57a":156,"8dd2684c":144,"dfa1a89b":137,"be4f8ba8":134,"3f65f121":145,"08c6b5d2":145,"dc583e64":155,"e238f09b":155,"8274885a":148,"4b4ef7fa":135,"4945c851":152,"eda6a690":125,"8eb64769":147,"17807120":143,"8aa78e2f":135,"6db0ea86":137,"d82592f4":145,"0b5a0408":150,"13f0e139":128,"6c73ae98":118,"2c24d929":153,"1438fad7":147,"b2bd8fd3":136,"95bc84f1":131,"8f2a7d69":140,"40569362":156,"3652bd66":144,"b35e9e1a":174,"45b038bb":173,"761cf820":148,"49bf2e95":139,"05f6ab35":154,"fd482491":165,"fe8f3d36":139,"3f75d3bc":164,"6c486702":148,"49cb2959":150,"b102f7bd":151,"6a7392d5":131,"012de09c":139,"43bc86e3":134,"33d6bb6a":136,"616d6dd6":141,"fead11cf":140,"8db5a165":132,"a502c93c":128,"6841f77e":148,"abad2347":149,"9e65c0ef":139,"0b959527":135,"b7505747":141,"7e76c93c":145,"26ed1a5c":145,"ea6de194":149,"e62d705f":136,"19e9776f":139,"2154b6e8":133,"638cb163":160,"40a745c0":151,"66b7b5b4":137,"f4634d0b":138,"902f49f5":141,"fea793f5":152,"e382ec3f":127,"6b82b527":149,"51a3e9c2":148,"b7cc7909":155,"6df0b2e8":163,"bfcb912a":144,"2132fe93":156,"9b3f8714":151,"57d5dee8":151,"61d4782d":142,"f4b2f575":128,"527ff946":156,"0f1ac912":128,"cf775f58":153,"04643409":155,"650bb0e0":137,"a1921150":154,"c0e2624b":140,"2a06ab95":155,"92efd84f":142,"272c7672":149,"eb7b4e29":133,"fb7482fe":140,"c793cdda":145,"0d7d88f1":153,"0d28db94":133,"7a4c064c":151,"abd32136":148,"385ab7c6":142,"cb142908":129,"50c468ba":147,"80a8a56d":135,"dbc9df44":123,"acac14fb":139,"0dad37d5":139,"0da28f5b":147,"9f2b16a7":154,"9b742f71":144,"72b84094":173,"27d8bf51":140,"feb67030":137,"e2cbe594":146,"53747a91":138,"4e5aaaec":125,"da3437cd":141,"8dd2684c":145,"9e206c95":160,"bc021def":142,"8cc4a982":154,"ccdd1ce6":140,"d1715f3b":150,"eeaa2d46":153,"19f9ca86":145,"f5cd79c1":144,"971675c5":142,"5099c6a0":165,"42191b64":119,"4cc141fa":117,"3f2522c2":148,"74e01f6a":146,"5270f158":136,"013ee301":134,"c609739e":141,"1438fad7":148,"87922532":161,"8298e976":153,"d82592f4":146,"b552beb3":147,"812b4f15":119,"11888cfa":133,"48655f09":169,"06ddafc7":122,"a6bcb07e":147,"288afc30":140,"5f8517b7":167,"02d4753e":172,"9e878ec2":149,"00554ffd":152,"08a4c3f8":152,"8323d333":130,"3a291497":133,"f905a555":132,"82204d54":136,"a59a8290":144,"d9a64845":144,"9a3ab0b8":138,"91f7ef72":138,"a0685bf3":153,"fafb4cc2":179,"6c524f99":150,"195eb771":143,"b102f7bd":152,"fe44fc6f":135,"2bcca6a7":153,"dac109cf":141,"49b358bd":149,"0f029727":132,"4777334c":140,"3f9b5722":129,"c015ec5a":144,"142d6987":143,"d9d7c4c2":149,"5ccf94d6":136,"3b690f68":148,"ce3bf5db":142,"381c68fa":141,"4ee62a26":138,"1e191c98":122,"04cc7cbe":131,"e382ec3f":128,"6775d5cd":142,"04bef50c":122,"d815c5b4":170,"4258c176":136,"c0b23081":164,"b35bb8a1":134,"c9efc8f6":141,"9f5e6cba":148,"40860a4b":128,"31f6ba51":137,"35aa7fd0":150,"5e09f69e":170,"36b7003c":169,"1d790491":151,"a1921150":155,"39a2fcce":137,"bf822e33":138,"9d9dd9e5":133,"66d94227":140,"2d13e69b":143,"f271ed5d":146,"7db3edda":140,"6751d8e4":157,"9fa62fee":137,"70c1e715":142,"fd369c21":158,"95539a58":137,"cc5a1d47":133,"ef14000f":163,"2e3503e4":154,"80a8a56d":136,"9b172ca8":128,"c382f054":157,"3498f223":136,"be2955bb":150,"288d171f":140,"72b84094":174,"e2cbe594":147,"0a96f57a":157,"fb8bfb36":156,"805534ac":149,"c650b434":153,"b6ee137a":138,"7a840529":132,"d4ee22a4":152,"9aa6a054":144,"f1df62b4":143,"6d339d45":122,"f2ca27d9":146,"2cb29e5a":151,"08c6b5d2":146,"fd6dcb20":139,"22ecaed0":143,"1d153b20":148,"e7773397":131,"095ab3b4":142,"1da771fb":142,"c318d350":153,"317c1591":156,"004f1ef3":174,"e45b4b53":134,"064a99c8":141,"c609739e":142,"1f88a4b7":161,"87922532":162,"013ee301":135,"99d130c9":154,"03c398d2":153,"b2703001":154,"cf84fb54":149,"48655f09":170,"8eb64769":148,"6291e9e9":149,"28d41578":158,"7732eb1e":163,"379184a7":160,"608bc832":125,"40569362":157,"d0b297b2":128,"65e4235b":140,"82204d54":137,"45b5746e":140,"0e2b5d2f":151,"f905a555":133,"6c524f99":151,"00a481e3":158,"2af60749":143,"259930ee":148,"c0b0f492":155,"3bad3c95":122,"ddec9e54":141,"dbd2f139":149,"4def63ee":118,"0841052c":157,"e5d3655c":159,"d70ca4f4":154,"c1bdfd41":136,"a8726d50":130,"3b690f68":149,"cd3bbe7e":141,"8063df14":146,"91f7ef72":139,"f2e3c0e3":128,"3101354b":126,"92ca52b7":149,"ae016053":160,"50b558a7":127,"37d0cae2":131,"c0b23081":165,"b3f19a69":135,"8cddb65e":146,"b7cc7909":156,"deb31f35":152,"51f80f4c":156,"dcfaba4c":144,"c64de0c0":128,"f94bf9ea":144,"31d74eee":136,"1d790491":152,"5a0eb771":140,"1a0189c4":140,"f66616b7":144,"a983a6dc":129,"50d129cf":130,"26c390d6":139,"eb7b4e29":134,"a6b5e869":137,"87c462ee":159,"4b125e7b":146,"358e45b1":138,"2e99f8fd":132,"288afc30":141,"5eab91a0":152,"b2c25d1c":138,"8e99d5d0":163,"69d4b754":139,"bd984a8e":135,"1a68160d":146,"501db4de":144,"470d50c2":140,"3b7763b1":130,"0d28db94":134,"629800eb":154,"ba938220":143,"91536e85":145,"7a840529":133,"9496f56f":147,"a85d89cc":133,"39ba00f0":147,"a6626a13":127,"70c1e715":143,"fb7482fe":141,"98915a1f":121,"9e206c95":161,"2cb29e5a":152,"ac38a6a5":162,"e9adbe58":145,"f3d68430":151,"ec2cb1af":145,"4d35385e":142,"c95719e5":135,"09f0db62":172,"5270f158":137,"8dc9b4db":150,"9a3cc55d":131,"6085137f":124,"3712c4bd":128,"de36827b":162,"eed20185":157,"d9dcdc4b":156,"468fc85c":148,"b2703001":155,"bc392d1c":128,"b84a06eb":147,"d6db2b02":147,"4b4ef7fa":136,"e6fac295":138,"8298e976":154,"c6e3d352":147,"f5829ac0":156,"8eb64769":149,"5f96c2bc":143,"a851554d":144,"2b3c49b9":143,"4dac6b20":122,"6bc5d32a":166,"92136ff5":145,"261c9911":153,"37a7d5b0":147,"c0b0f492":156,"aa021138":157,"7e76c93c":146,"e3547548":132,"026766f3":143,"7043382d":146,"f4634d0b":139,"08a06557":166,"0c043224":157,"58d46189":156,"cf1124db":132,"c3e6ef01":146,"66497c7e":136,"49cb2959":151,"a15713c6":161,"7896b953":149,"ec11fe5f":125,"e35a63cd":146,"ec110282":164,"313258f2":148,"19551bad":130,"5f4102da":156,"3101354b":127,"05f6ab35":155,"725dce8b":153,"6867261a":136,"bfcb912a":145,"31f6ba51":138,"a6003226":140,"1ed46298":152,"71279c46":139,"23760167":147,"99e171db":143,"c6c85783":155,"449d8475":130,"1634789b":137,"a8c93bed":134,"5acce642":137,"0042f6eb":135,"554ebb83":146,"e0e6a097":136,"379184a7":161,"5ee911b5":133,"2e99f8fd":133,"40569362":158,"cd95f558":149,"bf30a08f":154,"f0a06216":142,"51a3e9c2":149,"0d770b97":141,"93b0a158":153,"124fbe96":127,"c21ab51e":128,"d34a29b9":157,"288d171f":141,"c5b35e4d":134,"dbc9df44":124,"69d4b754":140,"93b9fae6":133,"8fb236a9":128,"4d9b0b10":143,"ae95f2ba":164,"9f74b8a4":139,"37fbb107":145,"527ff946":157,"26c390d6":140,"92efd84f":143,"084cbc0b":134,"2c627253":143,"e58b26f6":157,"8657c79d":151,"508aac3d":152,"12dd6f5e":131,"d3e84616":153,"f5596d0f":152,"6cba74ce":136,"140ce69e":140,"7080f122":138,"be4f8ba8":135,"869cbaa0":149,"00a17b46":145,"25635c37":127,"f5cd79c1":145,"42191b64":120,"39bbc4bc":156,"3c43e8a2":156,"c318d350":154,"c7ab83c1":134,"dfc89705":147,"4b4ef7fa":137,"07fc4a9a":156,"f1098793":136,"e0f7679f":128,"4ff2225d":134,"12271e14":148,"12a2cd4b":141,"28d41578":159,"6c73ae98":119,"4cc141fa":118,"8b2b601d":152,"03dcfa3d":145,"b3863630":135,"debe1f65":145,"4295ce9a":141,"bfad1727":130,"21ad2f34":148,"21e10a2b":146,"2209903e":149,"6b9eff39":137,"04ea5673":150,"0a2f71bc":140,"65a00a3c":143,"7e76c93c":147,"5cd3cfe0":129,"142d6987":144,"3bad3c95":123,"b5ce0c0c":159,"430a5db5":149,"25776fc4":154,"d033db8d":159,"6f81493d":135,"30fdcd3b":138,"0c0e98ea":138,"52eca0dc":146,"4abb7aed":139,"616d6dd6":142,"82204d54":138,"4911acad":115,"17446892":136,"b35bb8a1":135,"32133249":144,"ed4fad08":151,"72805bf5":132,"aa9ea5e8":131,"6e98dfda":147,"fe8f3d36":140,"781ace7d":140,"7fdc2007":130,"810aa5e9":150,"a4dafea5":138,"1b153aef":151,"9260d96b":171,"92d38723":152,"8d000d6e":135,"b35e9e1a":175,"b377a62a":134,"49bf2e95":140,"4c0e547b":153,"731fc335":122,"7896b953":150,"dd3913d2":132,"c463799d":150,"e382ec3f":129,"54d7de6b":159,"0042f6eb":136,"677c6a09":168,"bd2705b0":151,"aa187e3b":140,"51a3e9c2":150,"6c20c153":141,"e0154608":143,"4c4aa2e2":140,"696fdac5":146,"f3992a31":146,"77300e4a":128,"abd32136":149,"cc5a1d47":134,"c81b2bcf":130,"a939b50b":147,"8ec3834d":154,"ccf8b803":148,"e99318a3":145,"b7832271":155,"d3a669ac":155,"8a52882e":140,"3062379b":133,"a6626a13":128,"ef1c2dcb":139,"0fc5ac7e":170,"6e851762":141,"4469c815":115,"6143f39d":145,"dfa1a89b":138,"6d5fcd4c":142,"25a7a0a3":149,"217c0327":118,"01d817b8":117,"67c57de4":166,"6b79fec2":132,"5b60dd1d":148,"d1676e89":146,"c318d350":155,"1951480c":129,"b769bdfb":141,"e45b4b53":135,"dfc89705":148,"0d2c95fe":140,"dd1fcb17":133,"b2703001":156,"056ea7ff":157,"ef14000f":164,"0bfabf48":135,"0d28db94":135,"1247fa52":151,"6fb4cdda":162,"201cafad":146,"e21c6207":148,"79e4fa1c":144,"4e5aaaec":126,"21e10a2b":147,"93e8cee5":168,"0149e11a":129,"9e65c0ef":140,"df2b4d87":132,"2045d7d6":142,"30c5d755":154,"1623fc9f":142,"f4634d0b":140,"44c77422":145,"93683c82":141,"5f6613c8":132,"d6d61bfc":156,"c4bff41f":155,"32133249":145,"8d04852b":144,"a47abfbb":130,"72805bf5":133,"616d6dd6":143,"d9d0c567":141,"458dcc3d":163,"013ee301":136,"a43061ee":129,"90731976":135,"b84a06eb":148,"bad6cdb1":118,"792cfcbd":139,"a8871ddf":124,"71bc1295":133,"de36827b":163,"7a2f3f06":136,"08a4c3f8":153,"336d0f08":159,"2e99f8fd":134,"f1862e79":122,"332820ce":145,"d102b0c6":140,"4bc46d7a":134,"b102f7bd":153,"20958d58":134,"6023df54":139,"f2e3c0e3":129,"52eca0dc":147,"012de09c":140,"19551bad":131,"3c0df8b4":146,"7bda83dd":135,"6c486702":149,"91b28f83":145,"7af262e5":157,"9d4f1fe6":136,"0d770b97":142,"a6b5e869":138,"d929098e":121,"abad2347":150,"37d0cae2":132,"9316e7e8":118,"a33fe0dd":147,"26ed1a5c":146,"c2bb8aae":138,"3b690f68":150,"d634aa28":160,"7f86be64":144,"77f31bab":156,"d1fe2868":159,"9d9dd9e5":134,"91d52a55":145,"aaa274a5":144,"c81b2bcf":131,"a6626a13":129,"2b3e4717":144,"7e15f8e8":147,"f271ed5d":147,"9ab755d3":136,"3062379b":134,"272c7672":150,"7e991ab9":112,"51f57142":145,"d3e84616":154,"bc021def":143,"6143f39d":146,"18815a1b":137,"a63bddd4":174,"315537b2":147,"971675c5":143,"6b79fec2":133,"c0b7e7d7":126,"004f1ef3":175,"26f99a1e":138,"95539a58":138,"753ca352":133,"7a4c064c":152,"c38c2b52":136,"6f39f4d9":155,"a85d89cc":134,"10ec5a0b":132,"5be594be":142,"1247fa52":152,"0dad37d5":140,"2e3503e4":155,"168e75d9":133,"e1618359":148,"feb67030":138,"a851554d":145,"bc09fa9e":139,"e2cbe594":148,"7e8e1c3d":145,"2ad42a9e":153,"c8dc010f":145,"7be025ce":153,"08a06557":167,"57d5dee8":152,"71279c46":140,"5e09f69e":171,"12534561":142,"8cddb65e":147,"a5676c24":141,"537634c9":125,"8274885a":149,"f1dffa24":127,"be1746a0":144,"0b5a0408":151,"b6aaf976":148,"11888cfa":134,"87ce8d1d":129,"1438fad7":149,"e8d74304":132,"07fc4a9a":157,"468fc85c":149,"de36827b":164,"8d753bb6":141,"d82592f4":147,"e7e82473":167,"24d24fa3":135,"5ee911b5":134,"36fb15d2":153,"4ea4a2a1":149,"c7c4ec5c":126,"3d1af513":151,"3a1b9af5":145,"b377a62a":135,"cf1b8c47":155,"d5dae4c4":171,"6c486702":150,"345c9967":129,"a66a2d8a":161,"71e53c93":150,"f56ac638":130,"dd3913d2":133
1604737600888,"64db4feb":164,"312f7676":155,"1951480c":130,"27f52ed3":165,"d1676e89":147,"26f99a1e":139,"8dc9b4db":151,"dc583e64":156,"6ebe2354":123,"b36a0d66":132,"2c24d929":154,"90731976":136,"b460f030":165,"69f3bfcc":140,"17b08923":140,"6be9332a":132,"03dcfa3d":146,"4945c851":153,"87922532":163,"2d1e1e9d":137,"a8871ddf":125,"468fc85c":150,"6f0fcb9d":148,"b8397293":130,"40569362":159,"50312237":151,"f1862e79":123,"761cf820":149,"db0a661e":142,"72805bf5":134,"1634789b":138,"d957f027":138,"77f31bab":157,"5339e1e9":150,"22234d6b":149,"0f1ac912":129,"39ba00f0":148,"789bd484":135,"84b767be":169,"36684155":143,"b5763ff6":126,"272c7672":151,"c0e2624b":141,"0d2a1c58":138,"140ce69e":141,"30dd2edc":147,"f2f58418":134,"7d6895f4":150,"7080f122":139,"36d340f2":124,"4c39240e":154,"75ffea08":143,"859545e6":130,"5ccf94d6":137,"62d1d346":127,"4279e829":163,"ddec9e54":142,"2af60749":144,"4360a1a3":162,"3f9b5722":130,"026766f3":144,"be40590d":152,"416a9e97":140,"540df50f":140,"5410e9c6":155,"5623817d":131,"a58bf525":144,"8dd649a3":138,"42191b64":121,"a543ec74":129,"04cc7cbe":132,"25a2844e":155,"3a291497":134,"55928ef1":140,"cb4f262b":135,"c6dc900c":120,"1c0a9eff":135,"9a07d89b":143,"95d331b1":137,"91b28f83":146,"e356abf1":152,"c0b7e7d7":127,"792cfcbd":140,"b2703001":157,"48655f09":171,"28d41578":160,"95d3d348":136,"1be05c14":148,"a0b03218":145,"f044c0e1":136,"71bc1295":134,"2d382981":140,"b36a0d66":133,"31f6d707":164,"489a39f7":138,"b7df1559":143,"d33790a2":161,"d6db2b02":148,"9f2b16a7":155,"1a2c020b":144,"69134f07":144,"2e3503e4":156,"4e3f5178":155,"288d171f":142,"a4296d1e":139,"26dd2000":164,"2209903e":150,"44ff8baa":142,"2ad42a9e":154,"4dac6b20":123,"3b7763b1":131,"daab45c6":132,"3652bd66":145,"8323d333":131,"554ebb83":147,"1ff8c2fc":154,"b2a8761b":132,"9f5e6cba":149,"31f6ba51":139,"c9efc8f6":142,"ed4fad08":152,"5e09f69e":172,"61d4782d":143,"d1fe2868":160,"cb6c9e42":158,"77f31bab":158,"39ba00f0":149,"7218c9f1":131,"7a4c064c":153,"c38c2b52":137,"6034b6d0":145,"619fda68":165,"2b698053":151,"b9be31d6":148,"9bdf362a":141,"719c8869":160,"d0c104c4":121,"b320feb9":149,"d033db8d":160,"638cb163":161,"19e9776f":140,"7043382d":147,"d70ca4f4":155,"24ffcbd3":164,"0d5ee801":133,"4577b333":148,"db703021":135,"ca6d2d91":145,"5339e1e9":151,"9fa62fee":138,"48efc739":162,"383e232d":136,"911e770b":150,"23760167":148,"9ceb5439":123,"3c6692a3":163,"f87c5031":143,"b947257e":150,"2dda3936":132,"aa5dfdf5":146,"0277d748":150,"8cc4a982":155,"09560615":124,"623c6a31":153,"08c6b5d2":147,"28654c76":153,"65e4235b":141,"e5b1abc6":138,"fafb4cc2":180,"43bc86e3":135,"fee32863":147,"b2cfdbcf":137,"1745a0f4":148,"290b4714":144,"70ee0491":135,"69eeae0d":128,"fd482491":166,"9b546d65":131,"5b5fc566":140,"6775d5cd":143,"cd522166":156,"e0e48a2d":137,"7fdc2007":131,"ee21ad02":158,"a502c93c":129,"04bef50c":123,"971675c5":144,"77d35808":128,"42191b64":122,"8dd649a3":139,"c0b7e7d7":128,"5410e9c6":156,"016953e4":156,"742f1425":152,"71bc1295":135,"ae8a09c4":144,"56752a4a":131,"88a30343":140,"b84a06eb":149,"f1098793":137,"ac62fac2":157,"69f3bfcc":141,"792cfcbd":141,"1438fad7":150,"6c73ae98":120,"ebdbf580":149,"c21ab51e":129,"34c5c729":136,"0dad37d5":141,"b2c25d1c":139,"145c7559":148,"5be594be":143,"ecfa8249":152,"8ea21393":126,"f9f2c53f":124,"07107f6e":145,"5fa12feb":150,"d25e0f8d":169,"21ad2f34":149,"cf84fb54":150,"0114160e":144,"06073f13":156,"6585adbe":123,"50312237":152,"be149c6f":131,"5774ac0d":156,"2ab62345":134,"40860a4b":129,"42c80e69":150,"64db4feb":165,"a6003226":141,"6e98dfda":148,"91d52a55":146,"2a387957":140,"1a0189c4":141,"26c390d6":141,"449d8475":131,"bca2d7cd":134,"50d129cf":131,"084cbc0b":135,"527ff946":158,"9ab755d3":137,"835358a0":137,"aec074c4":155,"f4726450":134,"d102b0c6":141,"4ac6bd4e":132,"31f6d707":165,"b7407bd3":135,"9496f56f":148,"f1df62b4":144,"ba938220":144,"8ac72326":138,"e28c2efc":133,"0d28db94":136,"0bfabf48":136,"ea6de194":150,"aa021138":158,"e786063b":155,"df2b4d87":133,"467773ac":139,"c7636527":125,"61f25dd4":163,"4def63ee":119,"142d6987":145,"f1b493de":161,"0f029727":133,"d0c104c4":122,"c3e6ef01":147,"0d5ee801":134,"e9adbe58":146,"af157d29":141,"b9a48a5c":127,"ec2cb1af":146,"f3d68430":152,"8547fbc2":139,"6de0aaac":135,"08a561b7":145,"0a1d11e6":135,"d8e58a8c":165,"781ace7d":141,"ec110282":165,"f5e8dfee":154,"195eb771":144,"2a76f1dd":134,"6e44927f":138,"11b2c8d9":142,"d78dd457":133,"f67de058":150,"2bcca6a7":154,"a59a8290":145,"d83870f5":135,"e4117b3b":126,"6841f77e":149,"3b2dee89":147,"1bb4ccc0":147,"263762cb":127,"363590c7":156,"695a2b92":133,"c318d350":156,"60e855ee":165,"c564e316":152,"eda6a690":126,"64a7f79f":143,"2c24d929":155,"dfc89705":149,"aefe13f5":155,"8cf83787":136,"3498f223":137,"1a2c020b":145,"c21ab51e":130,"f3992a31":147,"2e3503e4":157,"168e75d9":134,"972f4174":151,"20777945":129,"79e4fa1c":145,"c8dc010f":146,"25e0dd3d":147,"daab45c6":133,"5a622a23":143,"cd421290":134,"792cfcbd":142,"411b5027":130,"5678ed7b":159,"2198ba8e":138,"87922532":164,"b36a0d66":134,"a8871ddf":126,"4ff2225d":135,"a6003226":142,"b230e8d3":148,"8cddb65e":148,"a2c334e7":155,"bc3dc66a":147,"51f80f4c":157,"6632fed0":145,"5339e1e9":152,"84369269":123,"ce3407dd":140,"5a0eb771":141,"37fbb107":146,"d744bee2":138,"5957df9e":140,"b7832271":156,"93fdbb44":131,"2c627253":144,"e36dfd6f":150,"c4aa1e38":126,"a533489b":157,"d102b0c6":142,"b377a62a":136,"b8397293":131,"1a442bc7":137,"730a4938":135,"77bfed7e":143,"0d28db94":137,"b9be31d6":149,"7566fdd6":154,"7a4c064c":154,"c8113b77":134,"cc5a1d47":135,"40569362":160,"8245f916":144,"ca7d47f7":155,"868cda42":140,"7043382d":148,"1623fc9f":143,"e3547548":133,"014460b9":170,"7a9344a4":168,"fce3c5c6":138,"d634aa28":161,"b6591e25":149,"dae0f922":150,"26ed1a5c":147,"c3e6ef01":148,"5cd3cfe0":130,"fd369c21":159,"778c95e9":147,"2a06ab95":156,"d1ca5d6b":151,"22ecaed0":144,"f87c5031":144,"6d339d45":123,"f2f58418":135,"af157d29":142,"8547fbc2":140,"416a9e97":141,"4bc46d7a":135,"3f75d3bc":165,"731fc335":123,"83b2f9c5":146,"5ef93e5d":124,"0f89862c":119,"8007f30e":117,"7c0a2db6":139,"906fdec3":130,"b102f7bd":154,"4c0e547b":154,"fef750ca":142,"6c486702":151,"dd3913d2":134,"87c462ee":160,"1c0a9eff":136,"9d4f1fe6":137,"e382ec3f":130,"263762cb":128,"fb7b7b3c":171,"83086d4c":150,"93ac9ca3":143,"3712c4bd":129,"c0b7e7d7":129,"f1dffa24":128,"80a8a56d":137,"1a2c020b":146,"ab7d4c9a":131,"1247fa52":153,"3498f223":138,"c21ab51e":131,"cb51f134":151,"07107f6e":146,"51c57542":155,"6b9eff39":138,"0149e11a":130,"468fc85c":151,"b6aaf976":149,"48655f09":172,"eed20185":158,"cf52025e":144,"95f6db13":143,"3c18f28e":139,"bc3dc66a":148,"76f3a3be":145,"40860a4b":130,"deb31f35":153,"42c80e69":151,"5f6613c8":133,"31d74eee":137,"b88033fd":151,"815e4582":157,"804d4dfa":142,"87ce8d1d":130,"1138796e":152,"69f3bfcc":142,"d9dcdc4b":157,"6c73ae98":121,"1f88a4b7":162,"2d1e1e9d":138,"b2a8761b":133,"06073f13":157,"11b74e63":137,"5b5fc566":141,"9cb4697f":162,"629800eb":155,"76f94eda":155,"d7cb9bcf":132,"b9be31d6":150,"a06a6430":146,"753ca352":134,"056ea7ff":158,"de11eb19":155,"792c9b6a":137,"336d0f08":160,"8d000d6e":136,"554ebb83":148,"6490bac6":136,"7bebff03":131,"ded7da5a":157,"9e65c0ef":141,"ca7d47f7":156,"24ffcbd3":165,"fce3c5c6":139,"014460b9":171,"c1bdfd41":137,"f4634d0b":141,"859545e6":131,"58d46189":157,"3f9b5722":131,"d634aa28":162,"19e9776f":141,"61f25dd4":164,"1e191c98":123,"1a0189c4":142,"26c390d6":142,"0f1ac912":130,"b5763ff6":127,"1d790491":153,"bca2d7cd":135,"66d94227":141,"eb7b4e29":135,"d0d6acb1":144,"ef1c2dcb":140,"92efd84f":144,"9c045c61":148,"9de29816":128,"affb82bf":157,"51f57142":146,"3f65f121":146,"217c0327":119,"57540cc3":152,"dc03ebd2":158,"f905a555":134,"ae016053":161,"28654c76":154,"65e4235b":142,"cfafcda8":140,"2352c8ef":149,"da04caac":151,"733c86f8":141,"a472532e":130,"cd522166":157,"8b5a8e9f":151,"33d6bb6a":137,"7fdc2007":132,"437fc3ec":155,"f1dffa24":129,"e1618359":149,"1a2c020b":147,"d548635d":144,"acac14fb":140,"b2c25d1c":140,"a836aa93":134,"80a8a56d":138,"debe1f65":146,"ea9bba6b":143,"004f1ef3":176,"1da771fb":143,"a77e127d":120,"6b79fec2":134,"24d24fa3":136,"2ab62345":135,"af034fee":156,"5e09f69e":173,"dc473de1":131,"227006e4":137,"0ecfa1c9":133,"6632fed0":146,"792cfcbd":143,"4cc141fa":119,"eed20185":159,"73b15e04":142,"2198ba8e":139,"95bc84f1":132,"c609739e":143,"0114160e":145,"e81834aa":161,"26009d3f":135,"d6db2b02":149,"0be540c5":153,"aa187e3b":141,"5eab91a0":153,"d1d40c9c":154,"54d7de6b":160,"1c0a9eff":137,"290b4714":145,"11b74e63":138,"c38c2b52":138,"93b9fae6":134,"77bfed7e":144,"6034b6d0":146,"43d87483":149,"ef91eaae":130,"28d41578":161,"d0b297b2":129,"332820ce":146,"4f5e3e7d":129,"9e878ec2":150,"7ae3fc50":125,"d102b0c6":143,"de11eb19":156,"e1f0dbfd":157,"53747a91":139,"cd421290":135,"df81ddee":135,"07107f6e":147,"2209903e":151,"719c8869":161,"638cb163":162,"c8fcad77":139,"30c5d755":155,"df2b4d87":134,"2154b6e8":134,"014460b9":172,"d033db8d":161,"4279e829":164,"6f81493d":136,"430a5db5":150,"f1b493de":162,"751bcf25":132,"c2bb8aae":139,"cb6c9e42":159,"0670c466":134,"f2364460":144,"f4b2f575":129,"ea822700":135,"d957f027":139,"70c1e715":144,"6e98dfda":149,"0bd93cfd":114,"394dc144":136,"2d13e69b":144,"0d2a1c58":139,"f271ed5d":148,"c793cdda":146,"af157d29":143,"51f57142":147,"49902219":168,"30dd2edc":148,"2cb29e5a":153,"15620dca":158,"f5596d0f":153,"056ea7ff":159,"45b5746e":141,"7c0a2db6":140,"aa867541":135,"6e44927f":139,"8a165e17":153,"fef750ca":143,"478d2d4f":157,"906fdec3":131,"5ef93e5d":125,"92ca52b7":150,"fe8f3d36":141,"2352c8ef":150,"a59a8290":146,"ab7d4c9a":132,"9f2b16a7":156,"e9679ede":139,"cb51f134":152,"3498f223":139,"f3992a31":148,"0a92153e":140,"8e4c33d2":138,"5781776a":145,"d599b566":158,"6d61bf13":136,"6085137f":125,"5eaa1581":137,"42c80e69":152,"9f5e6cba":150,"227006e4":138,"725dce8b":154,"7af9d3b1":144,"8d04852b":145,"22aeaf03":142,"004f1ef3":177,"c6e3d352":148,"b6aaf976":150,"2c24d929":156,"d82592f4":148,"2d1e1e9d":139,"c609739e":144,"05f6ab35":156,"7f6d1d0e":147,"d929098e":122,"5acce642":138,"88ce179e":160,"54d7de6b":161,"4258c176":137,"1a442bc7":138,"77bfed7e":145,"d2466211":160,"73b15e04":143,"07fc4a9a":158,"88a30343":141,"03dcfa3d":147,"d9dcdc4b":158,"26009d3f":136,"159ffd0b":132,"cfe72ead":135,"0be540c5":154,"c4aa1e38":127,"1bd5b20b":159,"ef16ca37":141,"e0e6a097":137,"3d1af513":152,"6585adbe":124,"b6ee137a":139,"e2cbe594":149,"5a622a23":144,"201cafad":147,"4eed1bea":146,"d25e0f8d":170,"daab45c6":134,"8f13c203":135,"b5ce0c0c":160,"2154b6e8":135,"9e65c0ef":142,"ea6de194":151,"92f800f5":145,"014460b9":173,"94a2fe10":156,"5ccf94d6":138,"9d4da635":132,"ccf8b803":149,"77bae750":140,"90d52475":142,"26c390d6":143,"394dc144":137,"5339e1e9":153,"aec074c4":156,"0d2a1c58":140,"d1fe2868":161,"b7832271":157,"449d8475":132,"a6626a13":130,"284544ba":135,"b5763ff6":128,"172217e5":153,"4469c815":116,"3661e12d":136,"eeaa2d46":154,"22176537":139,"21ee2afe":147,"3454fa2b":133,"6f39f4d9":156,"6a5b71b4":138,"f1df62b4":145,"619fda68":166,"385ab7c6":143,"3f75d3bc":166,"4bc46d7a":136,"a15713c6":162,"d9d0c567":142,"a59a8290":147,"5f0c1b9d":148,"180377be":140,"31408822":136,"f4634d0b":142,"c2bb8aae":140,"80a8a56d":139,"a4296d1e":140,"f3992a31":149,"d34a29b9":158,"5ac86fb9":159,"a47abfbb":131,"a1370ab0":139,"17446892":137,"b230e8d3":149,"9b3f8714":152,"971675c5":145,"82868763":139,"004f1ef3":178,"317c1591":157,"09ff339a":119,"22aeaf03":143,"09f0db62":173,"17807120":144,"c6e3d352":149,"28654c76":155,"478d2d4f":158,"dd035d2a":141,"8007f30e":118,"4c0e547b":155,"6c486702":152,"0f89862c":120,"733c86f8":142,"6841f77e":150,"5b5fc566":142,"d1d40c9c":155,"1757a30e":137,"d929098e":123,"290b4714":146,"54d7de6b":162,"13f0e139":129,"03dcfa3d":148,"dd1fcb17":134,"b7df1559":144,"17b08923":141,"baebb391":154,"d9dcdc4b":159,"a4dafea5":139,"b36a0d66":135,"6c73ae98":122,"489a39f7":139,"de36827b":165,"1b153aef":152,"34658473":134,"d33790a2":162,"288afc30":142,"7ae3fc50":126,"1ff8c2fc":155,"50312237":153,"972f4174":152,"9f2b16a7":157,"34c5c729":137,"a851554d":146,"85de05f2":136,"7e8e1c3d":146,"3ef7432b":150,"44ff8baa":143,"7bebff03":132,"913a6226":147,"b7505747":142,"44c77422":146,"62d1d346":128,"3bad3c95":124,"d9d7c4c2":150,"ce3bf5db":143,"28d40296":114,"081460bf":144,"9ceb5439":124,"77bae750":141,"911e770b":151,"8a52882e":141,"2d13e69b":145,"0670c466":135,"8657c79d":152,"9d63c4dd":146,"88b3bc99":132,"254cc28c":145,"f4726450":135,"8ec3834d":155,"2f455cce":143,"5a07fc2e":132,"fd6dcb20":140,"af157d29":144,"865d9857":121,"9c29f0ed":163,"af7e5be8":139,"2ce1af05":130,"ae95f2ba":165,"7fb4c521":145,"7e95c5a0":151,"a06a6430":147,"a15713c6":163,"cc11fef9":152,"655941a0":157,"cd3bbe7e":142,"40a745c0":152,"31408822":137,"c3e6ef01":149,"bb98a6cf":162,"6de0aaac":136,"9a467a82":150,"8dd2684c":146,"49902219":169,"af034fee":157,"095ab3b4":143,"2203f259":150,"c564e316":153,"8dd649a3":140,"0a1d11e6":136,"2c6cb96f":123,"a0685bf3":154,"810aa5e9":151,"abc1d7ad":158,"0042f6eb":137,"c463799d":151,"ef8987d7":137,"70ee0491":136,"dd035d2a":142,"cd522166":158,"dfcc2ad1":162,"b102f7bd":155,"ee75b607":138,"9cb4697f":163,"1a442bc7":139,"7f6d1d0e":148,"7fef9973":151,"0d770b97":143,"4652b09a":160,"09f0db62":174,"ae8a09c4":145,"312f7676":156,"9a3cc55d":132,"2c24d929":157,"468fc85c":152,"12271e14":149,"b460f030":166,"24d24fa3":137,"45fb95c1":140,"1c3a30c5":142,"a24e6670":146,"820225e4":121,"e7e82473":168,"4945c851":154,"159ffd0b":133,"a6bcb07e":148,"02d4753e":173,"1bd5b20b":160,"2e99f8fd":135,"40569362":161,"ebdbf580":150,"efe84c27":141,"fe578280":141,"4c4aa2e2":141,"f33c0140":144,"470d50c2":141,"0a92153e":141,"8ea21393":127,"bfad1727":131,"3ef7432b":151,"bc09fa9e":140,"2b3c49b9":144,"79e4fa1c":146,"debe1f65":147,"4c39240e":155,"c0b0f492":157,"25776fc4":155,"4f5e3e7d":130,"3a1b9af5":146,"332820ce":147,"4911acad":116,"3a1d1632":113,"12534561":143,"081460bf":145,"1ed46298":153,"5eaa1581":138,"50d129cf":132,"5339e1e9":154,"98915a1f":122,"5957df9e":141,"70bc8325":135,"a1921150":156,"b5763ff6":129,"9d9dd9e5":135,"3062379b":135,"9d63c4dd":147,"778c95e9":148,"1634789b":139,"fb7482fe":142,"fd07e0ed":154,"53b4e647":150,"6034b6d0":147,"c8113b77":135,"1dad0f99":136,"b9be31d6":151,"ef91eaae":131,"a06a6430":148,"caddd0a7":150,"a577db1c":132,"5ab7bc35":147,"fbdffc95":133,"c8977844":142,"751bcf25":133,"d033db8d":162,"906632cb":152,"0af920d8":134,"19e9776f":142,"6f81493d":137,"bc021def":144,"9c045c61":149,"9e206c95":162,"140ce69e":142,"21ee2afe":148,"affb82bf":158,"af157d29":145,"f3a0c2ee":149,"71e53c93":151,"00a481e3":159,"ae016053":162,"9d023afb":144,"abc1d7ad":159,"f67de058":151,"da04caac":152,"b87158fb":151,"f789f6d8":144,"8b5a8e9f":152,"7bda83dd":136,"c1bb74f2":131,"733c86f8":143,"1bb4ccc0":148,"ea4d3f3e":154,"7f6d1d0e":149,"16b476e9":145,"6ee92259":151,"bb00e71c":127,"f56ac638":131,"014bdff0":147,"f5cd79c1":146,"83086d4c":151,"42191b64":123,"004f1ef3":179,"82868763":140,"2c5c1dc0":134,"12a2cd4b":142,"481754fc":131,"13f0e139":130,"cf52025e":145,"4b4ef7fa":138,"48655f09":173,"dfc89705":150,"0b5a0408":152,"f044c0e1":137,"45fb95c1":141,"07fc4a9a":159,"90731976":137,"a3253019":135,"d34a29b9":159,"1247fa52":154,"8e99d5d0":164,"f33c0140":145,"288d171f":143,"b3863630":136,"53747a91":140,"25e0dd3d":148,"7d112f4d":152,"79e4fa1c":147
1604737601402,"913a6226":148,"ab7467de":156,"f734c84c":163,"4ff2225d":136,"0114160e":146,"d102b0c6":144,"b7407bd3":136,"db0a661e":143,"cfe72ead":136,"358e45b1":139,"c9efc8f6":143,"5f6613c8":134,"f94bf9ea":145,"dcfaba4c":145,"5e09f69e":174,"68562193":136,"aec4e1bf":139,"77f31bab":159,"5f7d7195":144,"26c390d6":144,"a939b50b":148,"de6213c7":135,"9d9dd9e5":136,"66d94227":142,"ef1c2dcb":141,"6adce358":163,"6a3eaf43":145,"ccf8b803":150,"9147702f":130,"3062379b":136,"c793cdda":147,"e0e6a097":138,"31f6d707":166,"d4ee22a4":153,"869cbaa0":150,"9aa6a054":145,"753ca352":135,"8fb236a9":129,"f7231212":132,"597c1f81":146,"5f620a1e":146,"aab4d996":139,"ce3bf5db":144,"14c682eb":134,"75ffea08":144,"9e65c0ef":143,"a81a857c":139,"74f234c6":174,"0d5ee801":135,"9316e7e8":119,"902f49f5":142,"0c043224":158,"5cd3cfe0":131,"142d6987":146,"a63bddd4":175,"36d340f2":125,"9c045c61":150,"af157d29":146,"be4f8ba8":136,"21ee2afe":149,"fd6dcb20":141,"d9d0c567":143,"aa867541":136,"2dd0e808":141,"65e4235b":143,"dd3913d2":135,"a851891c":138,"fe44fc6f":136,"1105f790":159,"a0685bf3":155,"8db5a165":133,"7af262e5":158,"7bda83dd":137,"2a76f1dd":135,"e35a63cd":147,"ee75b607":139,"67d30f2b":139,"d929098e":124,"93b0a158":154,"f0a06216":143,"bf30a08f":155,"677c6a09":169,"971675c5":146,"c0b7e7d7":130,"1da771fb":144,"064a99c8":142,"8dd649a3":141,"3e082b37":134,"0eaf08da":147,"23080895":129,"7ee148e9":146,"159ffd0b":134,"27f52ed3":166,"ac62fac2":158,"6a60348e":138,"be1746a0":145,"2d382981":141,"26009d3f":137,"0f72f2d8":136,"868edcc0":158,"013ee301":137,"8c6e001f":122,"cf84fb54":151,"a6bcb07e":149,"3d1af513":153,"972f4174":153,"f121b82c":158,"1a68160d":147,"dcf85091":127,"9267f0ef":164,"efe84c27":142,"4b4ecbce":126,"bc09fa9e":141,"daab45c6":135,"efd23af5":134,"5c82d1ce":145,"ccb5ea3e":126,"44ff8baa":144,"e2cbe594":150,"4911acad":117,"72805bf5":135,"b7cc7909":157,"bc3dc66a":149,"a1370ab0":140,"6867261a":137,"5a734022":134,"bf822e33":139,"842c8340":135,"a939b50b":149,"2c01e624":143,"48efc739":163,"7e991ab9":113,"44a4f7cd":151,"835358a0":138,"884b0ad1":141,"9ceb5439":125,"fd07e0ed":155,"5957df9e":142,"fa55f27a":152,"4f5e3e7d":131,"00a17b46":146,"af7e5be8":140,"f1df62b4":146,"a85d89cc":135,"87cd2add":132,"869cbaa0":151,"ae95f2ba":166,"d0e9a58e":141,"336d0f08":161,"554ebb83":149,"7028b044":132,"084cbc0b":136,"bb99c79c":148,"7080f122":140,"3f65f121":147,"09560615":125,"eeaa2d46":155,"623c6a31":154,"25a7a0a3":150,"08a06557":168,"026766f3":145,"28d40296":115,"66497c7e":137,"b7505747":143,"30dbfc69":140,"ce3bf5db":145,"dbd2f139":150,"49b358bd":150,"b7434f57":117,"92f800f5":146,"66b7b5b4":138,"4def63ee":120,"56d315d8":126,"a851891c":139,"cf1b8c47":156,"8063df14":147,"478d2d4f":159,"43bc86e3":136,"dd3913d2":136,"a5676c24":142,"70ee0491":137,"3c0df8b4":147,"dc0c8b09":153,"4abb7aed":140,"781ace7d":142,"fee32863":148,"1bc0591f":139,"e0e48a2d":138,"d39724bc":129,"b3f19a69":136,"aa187e3b":142,"3e082b37":135,"3c43e8a2":157,"1951480c":131,"39bbc4bc":157,"095ab3b4":144,"5781776a":146,"ea9bba6b":144,"71bc1295":136,"1c3a30c5":143,"458dcc3d":164,"4febf7c5":149,"bad6cdb1":119,"a0b03218":146,"baebb391":155,"06ddafc7":123,"a47abfbb":132,"c64de0c0":129,"0ecfa1c9":134,"af034fee":158,"162a7348":141,"7af9d3b1":145,"6867261a":138,"31d74eee":138,"794f652b":158,"b88033fd":152,"778c95e9":149,"9d9dd9e5":137,"70c1e715":145,"1f342a00":143,"84369269":124,"4b4ecbce":127,"9f2b16a7":158,"696fdac5":147,"0dad37d5":142,"e9679ede":140,"c4feee5b":140,"2e3503e4":158,"c8dc010f":147,"913a6226":149,"a0ce82b4":145,"e1f0dbfd":158,"ecfa8249":153,"7b6a7048":144,"cd421290":136,"2d1e1e9d":140,"e7e82473":169,"de36827b":166,"2cce4fb2":147,"51a3e9c2":151,"f56ac638":132,"d83870f5":136,"869cbaa0":152,"9f74b8a4":140,"93b9fae6":135,"ba938220":145,"b73e789c":138,"77bfed7e":146,"ffa08d82":149,"d6db2b02":150,"d0c0fc08":127,"045f280d":143,"8f2a7d69":141,"e0e6a097":139,"d33790a2":163,"50312237":154,"792c9b6a":138,"3a1b9af5":147,"c6c85783":156,"2c01e624":144,"f66616b7":145,"39ba00f0":150,"fb7482fe":143,"383e232d":137,"25a7a0a3":151,"bb99c79c":149,"6de0aaac":137,"ec2cb1af":147,"6d339d45":124,"f87c5031":145,"51f57142":148,"b7505747":144,"859545e6":132,"ce3bf5db":146,"4577b333":149,"4777334c":141,"ea6de194":152,"4def63ee":121,"381c68fa":142,"4279e829":165,"56d315d8":127,"6f81493d":138,"b6591e25":150,"0d5ee801":136,"be40590d":153,"ef8987d7":138,"e865e4dd":136,"71ba7561":131,"83b2f9c5":147,"45b5746e":142,"810aa5e9":152,"7fdc2007":133,"616d6dd6":144,"9a3ab0b8":139,"a66a2d8a":162,"13b53c7a":144,"6a7392d5":132,"6c524f99":152,"50b558a7":128,"11b74e63":139,"5b60dd1d":149,"971675c5":147,"a77e127d":121,"9a3cc55d":133,"e7773397":132,"ea9bba6b":145,"946df4fd":157,"0b3283c9":148,"03dcfa3d":149,"5eaa1581":139,"72805bf5":136,"3a1d1632":114,"6867261a":139,"12534561":144,"dcfaba4c":146,"68562193":137,"d8475b95":113,"12a2cd4b":143,"64a7f79f":144,"80a8a56d":140,"c85a0d80":153,"dbc9df44":125,"f598a332":127,"3498f223":140,"168e75d9":135,"ab7d4c9a":133,"20777945":130,"7b6a7048":145,"c455f40e":129,"f9f2c53f":125,"a0ce82b4":146,"c45d554f":147,"df81ddee":136,"0eaf08da":148,"a5aee5de":170,"4b3e3b1c":154,"e4c312fe":147,"e382ec3f":131,"d929098e":125,"5acce642":139,"c0b23081":166,"00cf385d":152,"619fda68":167,"7a840529":134,"e57d5cda":144,"b36a0d66":136,"69f3bfcc":143,"2cce4fb2":148,"e36dfd6f":151,"6d802fa2":135,"045f280d":144,"1b153aef":153,"b377a62a":137,"3652bd66":146,"8323d333":132,"c4aa1e38":128,"5ee911b5":135,"d0e9a58e":142,"cf775f58":154,"4ed01268":128,"3c6692a3":164,"36684155":144,"1a0189c4":143,"7028b044":133,"5747db6e":157,"7e15f8e8":148,"84b67924":150,"bf822e33":140,"8a52882e":142,"b7832271":158,"aa5dfdf5":147,"4bcd4a30":156,"315537b2":148,"bb99c79c":150,"3f65f121":148,"9e206c95":163,"f87c5031":146,"623c6a31":155,"01d817b8":118,"cc6bbe45":137,"d6f0d94a":130,"0f029727":134,"f8b31ce5":173,"04ea5673":151,"88fa53d6":125,"ffc86f94":119,"cc11fef9":153,"1f11812e":151,"381c68fa":143,"b6591e25":151,"751acea8":138,"66b7b5b4":139,"1e191c98":124,"2ce1af05":131,"77bfed7e":147,"4930f321":139,"e4cfef0a":128,"731fc335":124,"7896b953":151,"fe44fc6f":137,"e865e4dd":137,"906fdec3":132,"eebc8d43":140,"ef8987d7":139,"f905a555":135,"ec11fe5f":126,"92ca52b7":151,"0f89862c":121,"a0685bf3":156,"39bbc4bc":158,"1951480c":132,"93ac9ca3":144,"6085137f":126,"014bdff0":148,"a47abfbb":133,"e4714415":160,"c9efc8f6":144,"40860a4b":131,"5a734022":135,"17446892":138,"9f5e6cba":151,"42191b64":124,"971675c5":148,"d8475b95":114,"288d171f":144,"3498f223":141,"f121b82c":159,"90a06ee9":142,"f2086446":139,"b3863630":137,"1e232870":154,"07107f6e":148,"201cafad":148,"ecfa8249":154,"44ff8baa":145,"5fa12feb":151,"79e4fa1c":148,"cd421290":137,"b6aaf976":151,"27c8e038":156,"48655f09":174,"01cd8099":142,"9b546d65":132,"05f6ab35":157,"b0869206":153,"dffa7793":123,"87c462ee":161,"a6b5e869":139,"54d7de6b":163,"935ec056":134,"0d770b97":144,"2c24d929":158,"0f72f2d8":137,"8cf83787":137,"4945c851":155,"d6db2b02":151,"3c782bb3":142,"4b3e3b1c":155,"d36125db":152,"bbe71605":128,"8d000d6e":137,"379184a7":162,"45b038bb":174,"5ee911b5":136,"f1862e79":124,"1bd5b20b":161,"7ae3fc50":127,"25d1b2d8":153,"5d087c79":142,"91d52a55":147,"ef1c2dcb":142,"36684155":145,"084cbc0b":137,"284544ba":136,"a1921150":157,"50c3164b":159,"e99318a3":146,"dd7acb96":153,"f66616b7":146,"fb7482fe":144,"8cd78f77":153,"9c045c61":151,"3661e12d":137,"3f65f121":149,"49902219":170,"12012fbd":133,"865d9857":122,"eafbf9fb":147,"24ffcbd3":166,"aab4d996":140,"62d1d346":129,"7e76c93c":148,"859545e6":133,"92f800f5":147,"b320feb9":150,"cd3bbe7e":143,"b7434f57":118,"5ccf94d6":139,"58d46189":158,"0af920d8":135,"66497c7e":138,"1e7753d9":153,"7566fdd6":155,"0d28db94":138,"cf9f4757":136,"9496f56f":149,"91536e85":146,"af7e5be8":141,"53b4e647":151,"1d44aff3":153,"52eca0dc":148,"b28a5e67":171,"4bc46d7a":137,"810aa5e9":153,"56473430":154,"4abb7aed":141,"c510bfd3":152,"c4bff41f":156,"227006e4":139,"61d4782d":144,"3c18f28e":140,"1ed46298":154,"bfcb912a":146,"a6003226":143,"6d61bf13":137,"a77e127d":122,"363590c7":157,"f2086446":140,"1a68160d":148,"b3863630":138,"f121b82c":160,"e1618359":150,"972f4174":154,"f76a3e83":155,"0a96f57a":158,"2209903e":152,"ded7da5a":158,"b769bdfb":142,"2203f259":151,"25635c37":128,"3c43e8a2":158,"c6e3d352":150,"56752a4a":132,"478d2d4f":160,"e35a63cd":148,"30c184b8":150,"cfafcda8":141,"a0685bf3":157,"c1bb74f2":132,"f0a06216":144,"20811ddf":147,"124fbe96":128,"5acce642":140,"ee21ad02":159,"1a442bc7":140,"e382ec3f":132,"d8475b95":115,"b7df1559":145,"a43061ee":130,"9c58dd76":155,"0f72f2d8":138,"1f88a4b7":163,"e0f7679f":129,"6a60348e":139,"e36dfd6f":152,"6c73ae98":123,"e81834aa":162,"288afc30":143,"b84a06eb":150,"761cf820":150,"b377a62a":138,"358e45b1":140,"1ff8c2fc":156,"0ac825ed":148,"332820ce":148,"a983a6dc":130,"789bd484":136,"449d8475":133,"26c390d6":145,"8ec3834d":156,"2c627253":145,"2d13e69b":146,"36684155":146,"9fa62fee":139,"5957df9e":143,"3062379b":137,"cf775f58":155,"b5763ff6":130,"50c3164b":160,"7080f122":141,"546f6845":149,"9a467a82":151,"bc021def":145,"b9a48a5c":128,"7e8e1c3d":147,"c8dc010f":148,"5a622a23":145,"feb67030":139,"e1571af7":146,"aab4d996":141,"c8fcad77":140,"9bdf362a":142,"5f620a1e":147,"259930ee":149,"8f13c203":136,"31408822":138,"3f9b5722":132,"dae0f922":151,"381c68fa":144,"db703021":136,"430a5db5":151,"629800eb":156,"9f74b8a4":141,"77bfed7e":148,"c38c2b52":139,"4f59a322":145,"95539a58":139,"8fb236a9":130,"65e4235b":144,"71e53c93":152,"217c0327":120,"6de0aaac":138,"5e09f69e":175,"42c80e69":153,"3a1d1632":115,"d033db8d":163,"acac14fb":141,"d548635d":145,"1a68160d":149,"dbc9df44":126,"ab7d4c9a":134,"06ee61b6":129,"704bce0d":146,"3f2522c2":149,"312f7676":157,"83086d4c":152,"56752a4a":133,"946df4fd":158,"09f0db62":175,"49cb2959":152,"3a291497":135,"a15713c6":164,"5f0c1b9d":149,"aa867541":137,"6c486702":153,"478d2d4f":161,"ba5c52af":143,"e5b1abc6":139,"9a3ab0b8":140,"c6dc900c":121,"733c86f8":144,"e4c312fe":148,"124fbe96":129,"5acce642":141,"93b0a158":155,"9cb4697f":164,"a502c93c":130,"8bc04eb5":144,"317c1591":158,"468fc85c":153,"c318d350":157,"ac62fac2":159,"2c24d929":159,"3712c4bd":130,"812b4f15":120,"c6e3d352":151,"8cf83787":138,"a8871ddf":127,"0d2c95fe":141,"6291e9e9":150,"95bc84f1":133,"b4fdf90e":155,"489a39f7":140,"9260d96b":172,"d9dcdc4b":160,"8d000d6e":138,"1ff8c2fc":157,"6f0fcb9d":149,"b377a62a":139,"b2a8761b":134,"1ed46298":155,"71a2a493":117,"5774ac0d":157,"0ecfa1c9":135,"5957df9e":144,"272c7672":152,"9ab755d3":138,"5d087c79":143,"0bd93cfd":115,"a983a6dc":131,"2a06ab95":157,"088feee2":150,"6adce358":164,"84b767be":170,"ccf8b803":151,"1f342a00":144,"789bd484":137,"284544ba":137,"70594a28":150,"cd421290":138,"d25e0f8d":171,"18d20aa1":140,"7b6a7048":146,"85de05f2":137,"efd23af5":135,"a577db1c":133,"4777334c":142,"0f029727":135,"d6f0d94a":131,"24ffcbd3":167,"cc6bbe45":138,"2af60749":145,"d634aa28":163,"74f234c6":175,"f7231212":133,"8ac72326":139,"f1df62b4":147,"e57d5cda":145,"597c1f81":147,"0d7d88f1":154,"faf4f98b":154,"bc021def":146,"21ee2afe":150,"dfa1a89b":139,"9de29816":129,"08c6b5d2":148,"e9adbe58":147,"1d153b20":149,"cd3bbe7e":144,"93683c82":142,"0af920d8":136,"f4634d0b":143,"a8726d50":131,"f3992a31":150,"c382f054":158,"b215547b":131,"a901627e":135,"28654c76":156,"db8ba455":145,"781ace7d":143,"d9d0c567":144,"dc03ebd2":159,"831c7b85":139,"91f7ef72":140,"8b5a8e9f":153,"fef750ca":144,"70ee0491":138,"6a7392d5":133,"f0a06216":145,"33d6bb6a":138,"d929098e":126,"afe8e06a":130,"bf30a08f":156,"ee21ad02":160,"c0b23081":167,"6b82b527":150,"677c6a09":170,"f2470875":157,"f5cd79c1":147,"b769bdfb":143,"312f7676":158,"c95719e5":136,"d1676e89":148,"c7ab83c1":135,"0eaf08da":149,"1c3a30c5":144,"bad6cdb1":120,"946df4fd":159,"f1098793":138,"792cfcbd":144,"13f0e139":131,"a3d4a0e5":152,"11888cfa":135,"32c9fc47":142,"28d41578":162,"3310a049":145,"cf50e84e":137,"d33790a2":164,"1be05c14":149,"332820ce":149,"b7407bd3":137,"aec4e1bf":140,"6df0b2e8":164,"a2c334e7":156,"e9a8cf11":148,"5a734022":136,"12534561":145,"1ed46298":156,"fd369c21":160,"d5557fb4":147,"0fc5ac7e":171,"9d63c4dd":148,"6751d8e4":158,"815e4582":158,"6a3eaf43":146,"5d087c79":144,"5957df9e":145,"dd7acb96":154,"a1921150":158,"f271ed5d":149,"a983a6dc":132,"7028b044":134,"82b81567":128,"0dad37d5":143,"1a68160d":150,"145c7559":149,"8e780922":147,"4e5aaaec":127,"2ad42a9e":155,"4295ce9a":142,"e21c6207":149,"ab7467de":157,"ccb5ea3e":127,"0149e11a":131,"0b959527":136,"8f13c203":137,"c1bdfd41":138,"9bdf362a":143,"b5ce0c0c":161,"859545e6":134,"d141db49":145,"08a4c3f8":154,"fa55f27a":153,"869cbaa0":153,"4f59a322":146,"d7cb9bcf":133,"7a4c064c":155,"ef91eaae":132,"385ab7c6":144,"d5059415":144,"0cb80f4a":144,"9e206c95":164,"d3e84616":155,"6d5fcd4c":143,"a77e8461":143,"22176537":140,"623c6a31":156,"f87c5031":147,"66497c7e":139,"655941a0":158,"ddec9e54":143,"6f81493d":139,"cf1124db":133,"d033db8d":164,"4360a1a3":163,"ef8987d7":140,"a0cf08b3":114,"c91966ce":129,"e865e4dd":138,"da04caac":153,"56473430":155,"1d44aff3":154,"c1bb74f2":133,"9b546d65":133,"11b2c8d9":143,"1105f790":160,"2bcca6a7":155,"8721056e":135,"be3a10f8":162,"e0e48a2d":139,"7ee7621c":143,"ee21ad02":161,"cb4f262b":136,"e6ec8cbf":151,"e4c312fe":149,"67d30f2b":140,"27f52ed3":167,"363590c7":158,"1da771fb":145,"0b3283c9":149,"6b79fec2":135,"5099c6a0":166,"f1dffa24":130,"cbad3b92":175,"d8475b95":116,"1c3a30c5":145,"12271e14":150,"4b4ef7fa":139,"804d4dfa":143,"792cfcbd":145,"411b5027":131,"8aa78e2f":136,"b2703001":158,"54a676d6":137,"61d4782d":145,"bfcb912a":147,"288a2c43":136,"71a2a493":118,"c852d240":146,"181c3dd5":148,"5e09f69e":176,"cf775f58":156,"70c1e715":146,"f4b2f575":130,"6adce358":165,"a6626a13":131,"9d63c4dd":149,"f4726450":136,"e99318a3":147,"37fbb107":147,"911e770b":152,"9d9dd9e5":138,"fd369c21":161,"fb7482fe":145,"730338c4":155,"2cce4fb2":149,"1138796e":153,"685207b3":152,"06ee61b6":130,"655954ba":138,"0dad37d5":144,"e9679ede":141,"0da28f5b":148,"a3253019":136,"b6ee137a":140,"df81ddee":137,"c45d554f":148,"70594a28":151,"c455f40e":130,"f734c84c":164,"a0cca8b7":131,"e1571af7":147,"b7505747":145,"06ddafc7":124,"cfe72ead":137,"93b9fae6":136,"8fb236a9":131,"cc5a1d47":136,"6a5b71b4":139,"af7e5be8":142,"0d7d88f1":155,"4f59a322":147,"e0e6a097":140,"5a0ead91":130,"336d0f08":162,"36fb15d2":154,"d0e9a58e":143,"49bf2e95":141,"3454fa2b":134,"fd6dcb20":142,"0e036ae9":159,"be4f8ba8":137,"6cba74ce":137,"623c6a31":157,"2dda3936":133,"e786063b":156,"859545e6":135,"c7636527":126,"a33fe0dd":148,"805af3c7":150,"902f49f5":143,"0c0e98ea":139,"655941a0":159,"751acea8":139,"ddec9e54":144,"56d315d8":128,"f883d582":138,"5f0c1b9d":150,"45b5746e":143,"aa76bc50":123,"4bc46d7a":138,"345c9967":130,"616d6dd6":145,"d9d0c567":145,"f2e3c0e3":130,"a59a8290":148,"9b546d65":134,"0042f6eb":138,"7bda83dd":138,"20958d58":135,"05f6ab35":158,"d83870f5":137,"51a3e9c2":152,"5b5fc566":143,"a6b5e869":140,"f6fe095d":153,"f5cd79c1":148,"8e4c33d2":139,"42191b64":125,"a77e127d":123,"064a99c8":143,"42c80e69":154,"12534561":146,"540df50f":141,"e4714415":161,"57d5dee8":153,"2132fe93":157,"6632fed0":147,"25d1b2d8":154,"7db3edda":141,"088feee2":151,"bca2d7cd":136,"37fbb107":148,"47d27624":128,"d1ca5d6b":152,"a9b1bd51":109,"9ab755d3":139,"0670c466":136,"a6626a13":132,"655954ba":139
1604737602423,"90a06ee9":143,"8e99d5d0":165,"4e3f5178":156,"80a8a56d":141,"07107f6e":149,"27d8bf51":141,"168e75d9":136,"3ef7432b":152,"dbc9df44":127,"e1f0dbfd":159,"ab7467de":158,"b6ee137a":141,"f4343817":149,"45fb95c1":142,"6d61bf13":138,"9fc713b0":156,"27f52ed3":168,"946df4fd":160,"fea793f5":153,"67d30f2b":141,"ea4d3f3e":155,"597c1f81":148,"e28c2efc":134,"a06a6430":149,"93b9fae6":137,"9c29f0ed":164,"0785820e":144,"0d2c95fe":142,"95f6db13":144,"a0b03218":147,"1db42092":155,"04612878":153,"2d1e1e9d":141,"fe0df575":155,"be1746a0":146,"a8871ddf":128,"8eb64769":150,"b2a8761b":135,"8298e976":155,"00554ffd":153,"cfe72ead":138,"f1862e79":125,"3d1af513":154,"5acaa06f":114,"d6f0d94a":132,"805af3c7":151,"a81a857c":140,"0b959527":137,"e3547548":134,"9bdf362a":144,"c1bdfd41":139,"026766f3":146,"4279e829":166,"c2bb8aae":141,"9d4da635":133,"6e24d88b":129,"f4634d0b":144,"381c68fa":145,"53b4e647":152,"ae016053":163,"313258f2":149,"3101354b":128,"d8e58a8c":166,"7c0a2db6":141,"cf1b8c47":157,"82204d54":139,"7af262e5":159,"d5dae4c4":172,"fd07e0ed":156,"93fdbb44":132,"b947257e":151,"7d6895f4":151,"15620dca":159,"eafbf9fb":148,"172217e5":154,"f3d68430":153,"fd6dcb20":143,"175bc6b2":124,"363590c7":159,"09f0db62":176,"f6fe095d":154,"c95719e5":137,"6ce84ff8":129,"578f6e9e":149,"27c8e038":157,"b935fc1c":148,"1c3a30c5":146,"aefe13f5":156,"3e602573":137,"36380d96":147,"c0fea118":138,"fe578280":142,"5e193fc8":147,"a836aa93":135,"d548635d":146,"0da28f5b":149,"fb8bfb36":157,"40e79dd3":143,"7d112f4d":153,"26dd2000":165,"44ff8baa":146,"7bebff03":133,"2ad42a9e":156,"6ebe2354":124,"a543ec74":130,"dd1fcb17":135,"f044c0e1":138,"8007f30e":119,"7fef9973":152,"bec9d329":158,"a567ace4":146,"290b4714":147,"a59a8290":149,"f0a06216":146,"a0685bf3":158,"bf30a08f":157,"78467b8a":163,"7f6d1d0e":150,"1a442bc7":141,"07f98660":152,"76f94eda":156,"3310a049":146,"32c9fc47":143,"a3d4a0e5":153,"c64de0c0":130,"d6d61bfc":157,"f94bf9ea":146,"725dce8b":155,"1ed46298":157,"51f80f4c":158,"4125085e":160,"31d74eee":139,"aa5dfdf5":148,"2180f99b":142,"8a52882e":143,"b7832271":159,"ce3407dd":141,"99e171db":144,"84b767be":171,"e58b26f6":158,"d957f027":140,"6a3eaf43":147,"449d8475":134,"25d1b2d8":155,"884b0ad1":142,"de36827b":167,"1bd5b20b":162,"288afc30":144,"45fb95c1":143,"6a60348e":140,"9263c525":148,"8245f916":145,"9e878ec2":151,"fe0df575":156,"49bf2e95":142,"44c77422":147,"4fd645f1":131,"dac109cf":142,"04ea5673":152,"2af60749":146,"638cb163":163,"d9f512b9":152,"5cd3cfe0":132,"dbd2f139":151,"dae0f922":152,"30fdcd3b":139,"c8977844":143,"7cd0ad7b":154,"d0c104c4":123,"a06a6430":150,"7218c9f1":132,"67c57de4":167,"2b698053":152,"4d9b0b10":144,"616d6dd6":146,"b28a5e67":172,"5f96c2bc":144,"6023df54":140,"7ae34c64":144,"69eeae0d":129,"195eb771":145,"92ca52b7":152,"e5b1abc6":140,"12dd6f5e":132,"fd6dcb20":144,"ec2cb1af":148,"3661e12d":138,"558d5ce7":147,"2dda3936":134,"4469c815":117,"263762cb":129,"09ff339a":120,"83086d4c":153,"c0b7e7d7":131,"c318d350":158,"34c5c729":138,"ab7d4c9a":135,"8e99d5d0":166,"501db4de":145,"77300e4a":129,"c4feee5b":141,"90a06ee9":144,"21ad2f34":150,"6b9eff39":139,"92136ff5":146,"a0cca8b7":132,"ecfa8249":155,"27d8bf51":142,"85de05f2":138,"fe1d4419":144,"cac4449a":142,"971675c5":149,"b6aaf976":152,"458dcc3d":165,"c609739e":145,"8b5a8e9f":154,"55928ef1":141,"062179c1":146,"cd522166":159,"fee32863":149,"20811ddf":148,"1c0a9eff":138,"f56ac638":133,"ad2d7bed":152,"e6ec8cbf":152,"e4117b3b":127,"124fbe96":130,"be1746a0":147,"2198ba8e":140,"6ebe2354":125,"288a2c43":137,"9f5e6cba":152,"a1370ab0":141,"a6003226":144,"68562193":138,"c9efc8f6":145,"540df50f":142,"f2364460":145,"4ed01268":129,"de6213c7":136,"6e851762":142,"93fdbb44":133,"842c8340":136,"2d54e0a8":138,"1634789b":140,"730338c4":156,"5a0eb771":142,"39ba00f0":151,"b8ab8e6e":139,"284544ba":138,"d6db2b02":152,"b2703001":159,"868edcc0":159,"0b5a0408":153,"45fb95c1":144,"0d2c95fe":143,"6291e9e9":151,"1b153aef":154,"b4fdf90e":156,"d33790a2":165,"d0b297b2":130,"5acaa06f":115,"40569362":162,"49bf2e95":143,"4c39240e":156,"ce3bf5db":147,"ba30e43a":156,"9bdf362a":145,"30c5d755":156,"e5d3655c":160,"cc6bbe45":139,"dbd2f139":152,"4279e829":167,"c2bb8aae":142,"3f9b5722":133,"58d46189":159,"c3e6ef01":150,"0d5ee801":137,"07f98660":153,"91536e85":147,"e28c2efc":135,"7a4c064c":156,"d83294cd":139,"9aa6a054":146,"869cbaa0":154,"a0cf08b3":115,"7ae34c64":145,"3f75d3bc":167,"f905a555":136,"d5dae4c4":173,"2a06ab95":158,"22176537":141,"d3e84616":156,"0e036ae9":160,"3f65f121":150,"21ee2afe":151,"01d817b8":119,"eeaa2d46":156,"2c5c1dc0":135,"acac14fb":142,"e0154608":144,"c21ab51e":132,"1247fa52":155,"3498f223":142,"a4296d1e":141,"4e3f5178":157,"3ef7432b":153,"20777945":131,"c455f40e":131,"5270f158":138,"e238f09b":156,"dc583e64":157,"5623817d":132,"5b60dd1d":150,"e865e4dd":139,"dd035d2a":143,"7af262e5":160,"c1bb74f2":134,"0f89862c":122,"dc0c8b09":154,"7bda83dd":139,"4c0e547b":156,"8b5a8e9f":155,"0d770b97":145,"bec9d329":159,"e4c312fe":150,"a6b5e869":141,"d4d5f466":136,"6b82b527":151,"04bef50c":124,"71ff66e8":137,"b460f030":167,"c64de0c0":131,"227006e4":140,"c9efc8f6":146,"12534561":147,"b230e8d3":150,"61d4782d":146,"71a2a493":119,"254cc28c":146,"ccf8b803":152,"ea822700":136,"48efc739":164,"87ce8d1d":131,"01cd8099":143,"f1098793":139,"04612878":154,"71bc1295":137,"ad8f85d6":153,"e36dfd6f":153,"cf50e84e":138,"88a30343":142,"32c9fc47":144,"159ffd0b":135,"1db42092":156,"3310a049":147,"d0c0fc08":128,"45b038bb":175,"2e99f8fd":136,"8f2a7d69":142,"f1862e79":126,"b377a62a":140,"49bf2e95":144,"9a80f004":142,"2ad42a9e":157,"7bebff03":134,"6bc5d32a":167,"14c682eb":135,"b7505747":146,"ca7d47f7":157,"8f13c203":138,"d9d7c4c2":151,"4def63ee":122,"4577b333":150,"a68a93b2":138,"751acea8":140,"a8726d50":132,"ca6d2d91":146,"7a9344a4":169,"93683c82":143,"be40590d":154,"abd32136":150,"ef14000f":165,"91536e85":148,"77bfed7e":149,"af7e5be8":143,"753ca352":136,"629800eb":157,"d9d0c567":146,"ef8987d7":141,"6a3eaf43":148,"1634789b":141,"dd7acb96":155,"c6c85783":157,"f069bb07":141,"cf775f58":157,"d957f027":141,"cbb54a0a":132,"284544ba":139,"d1ca5d6b":153,"8dd2684c":147,"9a467a82":152,"558d5ce7":148,"a77e8461":144,"09560615":126,"6d5fcd4c":144,"8cc4a982":156,"0da28f5b":150,"3498f223":143,"b3863630":139,"9267f0ef":165,"cb51f134":153,"53431634":169,"efe84c27":143,"8274885a":150,"71ba7561":132,"5ef93e5d":126,"7896b953":152,"61145ec9":153,"4abb7aed":142,"2352c8ef":151,"2a4a402a":144,"0042f6eb":139,"70ee0491":139,"8007f30e":120,"8063df14":148,"04bef50c":125,"124fbe96":131,"33d6bb6a":139,"d1d40c9c":156,"a6b5e869":142,"d4d5f466":137,"37d0cae2":133,"16b476e9":146,"288a2c43":138,"c852d240":147,"3a1d1632":116,"60d6cee2":141,"c9efc8f6":147,"0ecfa1c9":136,"2132fe93":158,"e45b4b53":136,"437fc3ec":156,"064a99c8":144,"5b60dd1d":151,"5099c6a0":167,"b460f030":168,"2198ba8e":141,"09f0db62":177,"4cc141fa":120,"016953e4":157,"ac62fac2":160,"eed20185":160,"0f72f2d8":139,"2d1e1e9d":142,"95bc84f1":134,"69f3bfcc":144,"f277386e":125,"4945c851":156,"90731976":138,"32c9fc47":145,"7ae3fc50":128,"8d000d6e":139,"fa55f27a":154,"379184a7":163,"f1862e79":127,"ea274174":148,"4ea4a2a1":150,"93e8cee5":169,"da3437cd":142,"7d112f4d":154,"e1f0dbfd":160,"21ad2f34":151,"805534ac":150,"b6ee137a":142,"a577db1c":134,"e32524d6":144,"a81a857c":141,"c015ec5a":145,"d9d7c4c2":152,"65a00a3c":144,"c8fcad77":141,"026766f3":147,"cd3bbe7e":145,"902f49f5":144,"1a2ec5d7":156,"9d4da635":134,"d83294cd":140,"385ab7c6":145,"30b6808c":130,"f7231212":134,"87cd2add":133,"ef14000f":166,"a06a6430":151,"2b3e4717":145,"789bd484":138,"e15fd611":128,"d3a669ac":156,"23760167":149,"72d7b461":155,"730338c4":157,"37fbb107":149,"e99318a3":148,"88b3bc99":133,"de6213c7":137,"8a52882e":144,"6a3eaf43":149,"c793cdda":148,"217c0327":121,"f2ca27d9":147,"8dd2684c":148,"3661e12d":139,"bb99c79c":151,"eeaa2d46":157,"18815a1b":138,"5cd3cfe0":133,"9316e7e8":120,"104721f0":148,"1a68160d":151,"aec4e1bf":141,"71279c46":141,"1ed46298":158,"72805bf5":137,"74e3d13e":150,"24a9fb86":160,"6ce84ff8":130,"8db5a165":134,"7896b953":153,"fafb4cc2":181,"313258f2":150,"43bc86e3":137,"dc03ebd2":160,"345c9967":131,"92ca52b7":153,"733c86f8":145,"6c524f99":153,"30c184b8":151,"bd62d7ed":131,"a8c93bed":135,"04bef50c":126,"1105f790":161,"dffa7793":124,"bb00e71c":128,"e6ec8cbf":153,"fea793f5":154,"d815c5b4":171,"6ee92259":152,"3f2522c2":150,"39bbc4bc":159,"695a2b92":134,"836701f6":143,"22aeaf03":144,"317c1591":159,"03c398d2":154,"a636f4c9":157,"b460f030":169,"ac62fac2":161,"eed20185":161,"87ce8d1d":132,"0f72f2d8":140,"d6db2b02":153,"a24e6670":147,"6291e9e9":152,"a3d4a0e5":154,"8298e976":156,"489a39f7":141,"8d753bb6":142,"d0e9a58e":144,"8493f3b2":143,"cd95f558":150,"792c9b6a":139,"332820ce":150,"408bb2ed":141,"761cf820":151,"0da28f5b":151,"8e99d5d0":167,"69d4b754":141,"168e75d9":137,"a4296d1e":142,"b6ee137a":143,"2209903e":153,"92136ff5":147,"d25e0f8d":172,"51c57542":156,"8ea21393":128,"3ef7432b":154,"e5d3655c":161,"2045d7d6":143,"4c39240e":157,"c0b0f492":158,"e786063b":157,"92f800f5":148,"c8fcad77":142,"cc5a1d47":137,"cb142908":130,"0d7d88f1":156,"d2466211":161,"c38c2b52":140,"9aa6a054":147,"9f74b8a4":142,"6632fed0":148,"a9b1bd51":110,"789bd484":139,"d1fe2868":162,"50c3164b":161,"815e4582":159,"39ba00f0":152,"5a0eb771":143,"9147702f":131,"c67979e6":170,"3062379b":138,"254cc28c":147,"d0d6acb1":145,"0fc5ac7e":172,"d1ca5d6b":154,"ccdd1ce6":141,"21ee2afe":152,"430a5db5":152,"6e24d88b":130,"0841052c":158,"026766f3":148,"d634aa28":164,"f883d582":139,"751acea8":141,"8e780922":148,"a901627e":136,"a0cf08b3":116,"3a291497":136,"ef8987d7":142,"08a561b7":146,"56473430":156,"d9a64845":145,"0e2b5d2f":152,"c510bfd3":153,"2352c8ef":152,"8063df14":149,"cd522166":160,"25a2844e":156,"4258c176":138,"bd62d7ed":132,"dffa7793":125,"d1d40c9c":157,"16b476e9":147,"d39724bc":130,"5eab91a0":154,"ae99df30":140,"558d5ce7":149,"af157d29":147,"315537b2":149,"fd6dcb20":145,"2cb29e5a":154,"42c80e69":155,"32133249":146,"9f5e6cba":153,"a77e127d":124,"6085137f":127,"b1f58563":139,"09f0db62":178,"26f99a1e":140,"93ac9ca3":145,"2203f259":152,"87922532":165,"59c1e594":141,"c609739e":146,"12271e14":151,"742f1425":153,"1db42092":157,"b36a0d66":137,"26c6fa34":138,"06ddafc7":125,"dfc89705":151,"32c9fc47":146,"f044c0e1":139,"868edcc0":160,"4ff2225d":137,"358e45b1":141,"9b172ca8":129,"a3253019":137,"e7abc88d":139,"501db4de":146,"80a8a56d":142,"4e3f5178":158,"e2cbe594":151,"805534ac":151,"f734c84c":165,"547903ef":151,"cd421290":139,"7bebff03":135,"5fa12feb":152,"aa021138":159,"c7636527":127,"4c39240e":158,"caddd0a7":151,"e5d3655c":162,"92f800f5":149,"e32524d6":145,"7a840529":135,"753ca352":137,"7218c9f1":133,"b9be31d6":152,"f1df62b4":148,"30b6808c":131,"abd32136":151,"336d0f08":163,"f9c15fcc":139,"3c18f28e":141,"7af9d3b1":146,"c9efc8f6":148,"6632fed0":149,"f66616b7":147,"bad1a1cc":141,"99e171db":145,"2d54e0a8":139,"93fdbb44":134,"f069bb07":142,"b947257e":152,"527ff946":159,"d0d6acb1":146,"bf822e33":141,"cf775f58":158,"884b0ad1":143,"d552eb2f":149,"2f455cce":144,"12dd6f5e":133,"ec2cb1af":149,"0cb80f4a":145,"332820ce":151,"d0c0fc08":129,"b7407bd3":138,"3f9b5722":134,"d0c104c4":124,"20e470e0":132,"c8977844":144,"d70ca4f4":156,"4360a1a3":164,"bb98a6cf":163,"88432019":139,"3454fa2b":135,"4469c815":118,"217c0327":122,"22ecaed0":145,"7ae34c64":146,"ef8987d7":143,"fd482491":167,"b2cfdbcf":138,"345c9967":132,"45b5746e":144,"a5676c24":143,"c1bb74f2":135,"f67de058":152,"afe8e06a":131,"13b53c7a":145,"be3a10f8":163,"2a4a402a":145,"50b558a7":129,"bec9d329":160,"16b476e9":148,"a502c93c":131,"d815c5b4":172,"5acce642":142,"37d0cae2":134,"67d30f2b":142,"095ab3b4":145,"836701f6":144,"c564e316":154,"8dd649a3":142,"26f99a1e":141,"dc583e64":158,"5623817d":133,"6be9332a":133,"4cc141fa":121,"cf52025e":146,"04612878":155,"c27969ec":141,"468fc85c":154,"cf84fb54":152,"26c6fa34":139,"66554572":115,"b552beb3":148,"a3d4a0e5":155,"32c9fc47":147,"c7313e0a":155,"9267f0ef":166,"c0fea118":139,"5be594be":144,"34c5c729":139,"6b78ad7f":150,"79e4fa1c":149,"a4296d1e":143,"913a6226":150,"8ea21393":129,"d25e0f8d":173,"77898c22":118,"a851554d":147,"debe1f65":148,"0f029727":136,"df2b4d87":135,"4c39240e":159,"7e76c93c":149,"11888cfa":136,"2cce4fb2":150,"5acaa06f":116,"f1df62b4":149,"c8113b77":136,"ac030e74":137,"e4cfef0a":129,"869cbaa0":155,"0d28db94":139,"ad303bda":137,"8d000d6e":140,"8493f3b2":144,"6df0b2e8":165,"ed4fad08":153,"9f5e6cba":154,"47cfba38":135,"aec4e1bf":142,"b35bb8a1":136,"6632fed0":150,"7e15f8e8":149,"2b3e4717":146,"789bd484":140,"50d129cf":133,"3c6692a3":165,"84b767be":172,"37fbb107":150,"1d790491":154,"de6213c7":138,"aaa274a5":145,"b88033fd":153,"e58b26f6":159,"0fc5ac7e":173,"eb7b4e29":136,"4f5e3e7d":132,"cfe72ead":139,"554ebb83":150,"d0e9a58e":145,"4fd645f1":132,"3bad3c95":125,"c7636527":128,"059d6c19":156,"19e9776f":143,"906632cb":153,"110b1ee3":146,"0c043224":159,"4ee62a26":139,"d0c104c4":125,"d1715f3b":151,"175bc6b2":125,"30dd2edc":149,"217c0327":123,"d2a841c9":142,"8547fbc2":141,"8cc4a982":157,"83b2f9c5":148,"5f96c2bc":145,"fafb4cc2":182,"6023df54":141,"195eb771":146,"a15713c6":165,"012de09c":141,"cd522166":161,"20958d58":136,"a8c93bed":136,"05f6ab35":159,"1105f790":162,"8721056e":136,"831c7b85":140,"c0b23081":168,"dffa7793":126,"730a4938":136,"f0a06216":147,"11b74e63":140,"6b79fec2":136,"c0b7e7d7":132,"ea9bba6b":146,"b1f58563":140,"b769bdfb":144,"77d35808":129,"2203f259":153,"17807120":145,"6ebe2354":126,"946df4fd":161,"f5829ac0":157,"b2c25d1c":141,"4b4ecbce":128,"c7313e0a":156,"a3253019":138,"754f98c9":153,"168e75d9":138,"696fdac5":148,"07107f6e":150,"df81ddee":138,"4295ce9a":143,"c8dc010f":149,"6b9eff39":140,"21ad2f34":152,"7b6a7048":147,"31f6ba51":140,"d6d61bfc":158,"68562193":139,"6867261a":140,"bb8a6337":131,"b7cc7909":158,"1ed46298":159,"6e98dfda":150,"77bae750":142,"6a3eaf43":150,"93fdbb44":135,"de6213c7":139,"4ed01268":130,"fd07e0ed":157,"47d27624":129,"3c6692a3":166,"0d2a1c58":141,"25d1b2d8":156,"fb7482fe":146,"a9b1bd51":111,"2a06ab95":159,"9cb4697f":165,"4258c176":139,"87cd2add":134,"e4cfef0a":130,"a06a6430":152,"f7231212":135,"f044c0e1":140,"e8d74304":133,"e81834aa":163,"2c24d929":160,"31f6d707":167,"9260d96b":173,"88a30343":143,"64a7f79f":145,"5f8517b7":168,"90731976":139,"fe0df575":157,"99d130c9":155,"8d753bb6":143,"9e878ec2":152,"1ff8c2fc":158,"0be540c5":155,"8323d333":133,"fbdffc95":134,"5f620a1e":148,"e786063b":158,"638cb163":164,"58d46189":160,"f1b493de":163,"259930ee":150,"1e191c98":125,"b5ce0c0c":162,"c015ec5a":146,"c2bb8aae":143,"61f25dd4":165,"6e24d88b":131,"9d4da635":135,"c8113b77":137,"e28c2efc":136,"d5059415":145,"2dd0e808":142,"781ace7d":144,"cf1b8c47":158,"7896b953":154,"2c6cb96f":124,"810aa5e9":154,"cd522166":162,"b2cfdbcf":139,"9a07d89b":144,"a8c93bed":137,"2a4a402a":146,"fef750ca":145,"d1715f3b":152,"bc021def":147,"dfa1a89b":140,"3454fa2b":136,"f2ca27d9":148,"945b63f0":169,"416a9e97":142,"6b79fec2":137,"f5cd79c1":149,"836701f6":145,"363590c7":160,"2203f259":154,"a40846b7":154,"3c43e8a2":159,"3ef7432b":155,"e7abc88d":140,"4c4aa2e2":142,"da3437cd":143,"dcf85091":128,"bc09fa9e":142,"17807120":146,"a0b03218":148,"bb00e71c":129,"e0e48a2d":140,"1745a0f4":149,"ba5c52af":144,"00a17b46":147,"753ca352":138,"468fc85c":155,"cf52025e":147
1604737604257,"72805bf5":138,"d6d61bfc":159,"26c390d6":146,"5eaa1581":140,"97e75c19":155,"2c01e624":145,"540df50f":143,"a983a6dc":133,"7db3edda":142,"f4b2f575":131,"64db4feb":166,"57d5dee8":154,"ccf8b803":153,"22234d6b":150,"60d6cee2":142,"af0b61ab":146,"bad1a1cc":142,"a9b1bd51":112,"a6626a13":133,"2c627253":146,"e15fd611":129,"49902219":171,"30dd2edc":150,"140ce69e":143,"f2ca27d9":149,"15620dca":160,"eafbf9fb":149,"18815a1b":139,"0681c48e":155,"31f6ba51":141,"aec4e1bf":143,"a47abfbb":134,"72805bf5":139,"a2c334e7":157,"1ed46298":160,"5957df9e":146,"815e4582":160,"b8ab8e6e":140,"18d20aa1":141,"9f2b16a7":159,"c8dc010f":150,"a4296d1e":144,"2ad42a9e":158,"36380d96":148,"ea6de194":153,"5f620a1e":149,"805af3c7":152,"5c82d1ce":146,"8e99d5d0":168,"44c77422":148,"1623fc9f":144,"c1bdfd41":140,"ffc86f94":120,"a8726d50":133,"026766f3":149,"751bcf25":134,"db703021":137,"a68a93b2":139,"cf1124db":134,"50d129cf":134,"f069bb07":143,"9ceb5439":126,"50c3164b":162,"2d13e69b":147,"0f1ac912":131,"70c1e715":147,"c98d5272":146,"ea822700":137,"fb7482fe":147,"fd07e0ed":158,"aa187e3b":143,"d7cb9bcf":134,"ad303bda":138,"4652b09a":161,"93b0a158":156,"0bfabf48":137,"2b698053":153,"8bc04eb5":145,"290b4714":148,"faf4f98b":155,"f789f6d8":145,"6e44927f":140,"abc1d7ad":160,"43bc86e3":138,"ec110282":166,"a5fd8ffd":154,"71e53c93":153,"19551bad":132,"f2e3c0e3":131,"eeaa2d46":158,"e9adbe58":148,"315537b2":150,"bc021def":148,"0eaf08da":150,"ae8a09c4":146,"159ffd0b":136,"f1098793":140,"e8f173b5":146,"3c782bb3":143,"bab97de3":155,"6c73ae98":124,"6de0aaac":139,"623c6a31":158,"4d35385e":143,"9316e7e8":121,"fee32863":150,"733c86f8":146,"8007f30e":121,"c1bb74f2":136,"d78dd457":134,"d39724bc":131,"3b2dee89":148,"ea4d3f3e":156,"67d30f2b":143,"7735c3c2":137,"d815c5b4":173,"2882a956":149,"49910300":131,"4b3e3b1c":156,"4ea4a2a1":151,"9260d96b":174,"3652bd66":147,"4f5e3e7d":133,"5ee911b5":137,"7a2f3f06":137,"ef16ca37":142,"0ecfa1c9":137,"6867261a":141,"ed4fad08":154,"aec4e1bf":144,"deb31f35":154,"aa9ea5e8":132,"7af9d3b1":147,"b215547b":132,"5e193fc8":148,"655954ba":140,"501db4de":147,"e7abc88d":141,"e9679ede":142,"a851554d":148,"a4296d1e":145,"ab7467de":159,"805534ac":152,"40e79dd3":144,"913a6226":151,"3b7763b1":132,"20777945":132,"62d1d346":130,"7be025ce":154,"3bad3c95":126,"719c8869":162,"25776fc4":156,"c4e70c07":139,"4c39240e":160,"f1b493de":164,"449d8475":135,"f66616b7":148,"c81b2bcf":132,"4ed01268":131,"0f1ac912":132,"2f455cce":145,"5a0eb771":144,"8cd78f77":154,"de6213c7":140,"0bfabf48":138,"7e95c5a0":152,"00a17b46":148,"ba938220":146,"385ab7c6":146,"c38c2b52":141,"ef14000f":167,"731fc335":125,"616d6dd6":147,"dc03ebd2":161,"da04caac":154,"a983a6dc":134,"92efd84f":145,"ea822700":138,"6a3eaf43":151,"fd369c21":162,"e238f09b":157,"8274885a":151,"c318d350":159,"095ab3b4":146,"5410e9c6":157,"25635c37":129,"60e855ee":166,"064a99c8":145,"cac4449a":143,"458dcc3d":166,"792cfcbd":146,"74e01f6a":147,"4945c851":157,"7080f122":142,"f2ca27d9":150,"53a8613c":159,"9c045c61":152,"01d817b8":120,"f2f58418":136,"ccdd1ce6":142,"a68a93b2":140,"7cd0ad7b":155,"74f234c6":176,"1e191c98":126,"4ee62a26":140,"751bcf25":135,"ec110282":167,"49cb2959":153,"1d44aff3":155,"0e2b5d2f":153,"c463799d":152,"c1bb74f2":137,"9b546d65":135,"2bcca6a7":156,"f67de058":153,"6c20c153":142,"062179c1":147,"04bef50c":127,"e4117b3b":128,"abad2347":151,"d4d5f466":138,"7ee7621c":144,"20811ddf":149,"e81834aa":164,"dd1fcb17":136,"0f72f2d8":141,"4ff2225d":138,"8d753bb6":144,"159ffd0b":137,"07fc4a9a":160,"045f280d":145,"7ae3fc50":129,"e0e6a097":141,"8323d333":134,"9e878ec2":153,"4ea4a2a1":152,"b4fdf90e":157,"49bf2e95":145,"0ecfa1c9":138,"72805bf5":140,"42c80e69":156,"61d4782d":147,"13747b82":154,"bd984a8e":136,"c0fea118":140,"4b4ecbce":129,"79f04300":144,"efe84c27":144,"ab7d4c9a":136,"72b84094":175,"104721f0":149,"a851554d":149,"8f9b74b0":137,"c650b434":154,"6b9eff39":141,"f9f2c53f":126,"913a6226":152,"caddd0a7":152,"859545e6":136,"ba30e43a":157,"d141db49":146,"a577db1c":135,"1623fc9f":145,"2af60749":147,"24a9fb86":161,"1ed46298":161,"39a2fcce":138,"9ceb5439":127,"cc5a1d47":138,"af7e5be8":144,"ac030e74":138,"6a5b71b4":140,"2ce1af05":132,"0785820e":145,"0d28db94":140,"0670c466":137,"84369269":125,"c81b2bcf":133,"e15fd611":130,"383e232d":138,"ea822700":139,"bad1a1cc":143,"9ab755d3":140,"508aac3d":153,"0fc5ac7e":174,"3c6692a3":167,"c793cdda":149,"f6fe095d":155,"d1676e89":149,"971675c5":150,"5b60dd1d":152,"60e855ee":167,"71ff66e8":138,"c7ab83c1":136,"03dcfa3d":150,"9c58dd76":156,"6be9332a":134,"2cb29e5a":155,"865d9857":123,"57540cc3":153,"6143f39d":147,"8dd2684c":149,"180377be":141,"1e7753d9":154,"5cd3cfe0":134,"66b7b5b4":140,"1e191c98":127,"110b1ee3":147,"be40590d":155,"217c0327":124,"3f65f121":151,"3f75d3bc":168,"537634c9":126,"f789f6d8":146,"810aa5e9":155,"45b5746e":145,"8a165e17":154,"d8e58a8c":167,"0f89862c":123,"1105f790":163,"eebc8d43":141,"20958d58":137,"b87158fb":152,"c510bfd3":154,"ee75b607":140,"f67de058":154,"0d770b97":146,"1757a30e":138,"a6b5e869":143,"677c6a09":171,"d39724bc":132,"e4c312fe":151,"812b4f15":121,"c27969ec":142,"bad6cdb1":121,"3e602573":138,"bab97de3":156,"fb44fa9c":157,"d6db2b02":154,"8d753bb6":145,"6c73ae98":125,"a3d4a0e5":156,"32c9fc47":148,"8493f3b2":145,"a533489b":158,"0cb80f4a":146,"3d1af513":155,"82b81567":129,"0ac825ed":149,"b8397293":132,"12534561":148,"acac14fb":143,"6fb4cdda":163,"36380d96":149,"e0154608":145,"1a68160d":152,"168e75d9":139,"e1f0dbfd":161,"261c9911":154,"bd984a8e":137,"a851554d":150,"4e5aaaec":128,"21e10a2b":148,"40e79dd3":145,"a0cca8b7":133,"d9d7c4c2":153,"c4e70c07":140,"68562193":140,"a1370ab0":142,"9f5e6cba":155,"2ab62345":136,"aec4e1bf":145,"6632fed0":151,"07f98660":154,"6f39f4d9":157,"f1df62b4":150,"7fb4c521":146,"8fb236a9":132,"87cd2add":135,"0bfabf48":139,"84369269":126,"1b881e6e":149,"90d52475":143,"ce3407dd":142,"97e75c19":156,"2a387957":141,"2b3e4717":147,"af0b61ab":147,"b5763ff6":131,"fe1d4419":145,"363590c7":161,"c95719e5":138,"82868763":141,"77d35808":130,"8e4c33d2":140,"0b3283c9":150,"6a3eaf43":152,"8cd78f77":155,"508aac3d":154,"ea822700":140,"b7832271":160,"af157d29":148,"175bc6b2":126,"dfa1a89b":141,"44c77422":149,"49b358bd":151,"25776fc4":157,"2af60749":148,"9e65c0ef":144,"19e9776f":144,"30fdcd3b":140,"142d6987":147,"4ee62a26":141,"30d84dce":129,"94a2fe10":157,"ca6d2d91":147,"30dd2edc":151,"2cb29e5a":156,"9c045c61":153,"416a9e97":143,"74c26380":166,"abc1d7ad":161,"fafb4cc2":183,"8db5a165":135,"d5dae4c4":174,"345c9967":133,"810aa5e9":156,"6c486702":154,"478d2d4f":162,"8721056e":137,"92ca52b7":154,"fee32863":151,"1a442bc7":142,"c6dc900c":122,"ea4d3f3e":157,"b87158fb":153,"54d7de6b":164,"00cf385d":153,"1c0a9eff":139,"290b4714":149,"6775d5cd":144,"c609739e":147,"bad6cdb1":122,"cf52025e":148,"ae8a09c4":147,"aa00769b":168,"9c58dd76":157,"946df4fd":162,"1db42092":158,"49910300":132,"69f3bfcc":145,"88a30343":144,"a8871ddf":129,"3c782bb3":144,"0d2c95fe":144,"4ba6eb36":141,"06073f13":158,"92d38723":153,"ea274174":149,"00554ffd":154,"7a2f3f06":138,"4ac6bd4e":133,"6fb4cdda":164,"c5b35e4d":135,"36380d96":150,"e1618359":151,"cb51f134":154,"bc09fa9e":143,"79f04300":145,"261c9911":155,"0da28f5b":152,"4e5aaaec":129,"feb67030":140,"6490bac6":137,"c45d554f":149,"9a80f004":143,"181c3dd5":149,"dcfaba4c":147,"081460bf":146,"d5059415":146,"c803b4a3":144,"93b9fae6":138,"629800eb":158,"597c1f81":149,"d83294cd":141,"abd32136":152,"c64de0c0":132,"5eaa1581":141,"288a2c43":139,"aec4e1bf":146,"527ff946":160,"1d790491":155,"254cc28c":148,"578f6e9e":150,"95d3d348":137,"aff8e442":147,"e99318a3":149,"088feee2":152,"22234d6b":151,"5f7d7195":145,"2180f99b":143,"98915a1f":123,"2c01e624":146,"6e851762":143,"272c7672":153,"7028b044":135,"dac109cf":143,"7043382d":149,"d9f512b9":153,"9bdf362a":146,"e3547548":135,"719c8869":163,"57167c74":138,"0d5ee801":138,"5272520d":150,"655941a0":160,"a68a93b2":141,"74f234c6":177,"7cd0ad7b":156,"1a2ec5d7":157,"51f57142":149,"d2a841c9":143,"217c0327":125,"e9adbe58":149,"f3d68430":154,"0277d748":151,"affb82bf":159,"abc1d7ad":162,"fe44fc6f":138,"3101354b":129,"f905a555":137,"ec110282":168,"74c26380":167,"ae016053":164,"ec11fe5f":127,"b8488fc8":147,"ba5c52af":145,"062179c1":148,"ad2d7bed":153,"13b53c7a":146,"5eab91a0":155,"55928ef1":142,"fea793f5":155,"50b558a7":130,"20811ddf":150,"d815c5b4":174,"6b82b527":152,"935ec056":135,"3e082b37":136,"8dd649a3":143,"26f99a1e":142,"836701f6":146,"3f2522c2":151,"04612878":156,"a636f4c9":158,"4cc141fa":122,"6ebe2354":127,"dd1fcb17":137,"64a7f79f":146,"e81834aa":165,"aefe13f5":157,"1f88a4b7":164,"0b5a0408":154,"8298e976":157,"d6db2b02":155,"8d753bb6":146,"cf84fb54":153,"1b153aef":155,"40569362":163,"b8397293":133,"9263c525":149,"9e878ec2":154,"d0e9a58e":146,"8f2a7d69":143,"b2c25d1c":142,"b215547b":133,"c7313e0a":157,"cb51f134":155,"4e3f5178":159,"44ff8baa":147,"104721f0":150,"8f9b74b0":138,"0da28f5b":153,"bc09fa9e":144,"07107f6e":151,"c45d554f":150,"a851554d":151,"ecfa8249":156,"e9a8cf11":149,"cb142908":131,"c803b4a3":145,"ffa08d82":150,"00a17b46":149,"93b9fae6":139,"ae95f2ba":167,"ef14000f":168,"03b4ab60":134,"540df50f":144,"c64de0c0":133,"74e3d13e":151,"c852d240":148,"6632fed0":152,"d5557fb4":148,"ce3407dd":143,"e99318a3":150,"90d52475":144,"0f1ac912":133,"4ed01268":132,"6a3eaf43":153,"cbb54a0a":133,"9d9dd9e5":139,"2f455cce":146,"af0b61ab":148,"d3a669ac":157,"b5ce0c0c":163,"49b358bd":152,"638cb163":165,"4def63ee":123,"c7636527":129,"df2b4d87":136,"868cda42":141,"31408822":139,"1e7753d9":155,"ddec9e54":145,"0841052c":159,"110b1ee3":148,"0d5ee801":139,"20e470e0":133,"aaa274a5":146,"f271ed5d":150,"1d153b20":150,"d3e84616":157,"09560615":127,"6de0aaac":140,"6d5fcd4c":145,"3f75d3bc":169,"0a1d11e6":137,"1d44aff3":156,"616d6dd6":148,"731fc335":126,"537634c9":127,"dd035d2a":144,"cfafcda8":142,"1105f790":164,"8063df14":150,"9d4f1fe6":138,"831c7b85":141,"91b28f83":147,"78467b8a":164,"0d770b97":147,"33d6bb6a":140,"ee21ad02":162,"a0685bf3":159,"7735c3c2":138,"9a467a82":153,"140ce69e":144,"5270f158":139,"836701f6":147,"2203f259":155,"77d35808":131,"09ff339a":121,"095ab3b4":147,"c95719e5":139,"b2bd8fd3":137,"12a2cd4b":144,"8eb64769":151,"03dcfa3d":151,"aa00769b":169,"8cf83787":139,"b460f030":170,"ae8a09c4":148,"6db0ea86":138,"bab97de3":157,"f5829ac0":158,"2cce4fb2":151,"e81834aa":166,"e7e82473":170,"554ebb83":151,"5ee911b5":138,"1bd5b20b":163,"c7c4ec5c":127,"972f4174":155,"e1618359":152,"e0154608":146,"efe84c27":145,"b215547b":134,"8e99d5d0":169,"6b9eff39":142,"7e8e1c3d":148,"d548635d":147,"261c9911":156,"77898c22":119,"daab45c6":136,"87c462ee":162,"bb00e71c":130,"7e95c5a0":153,"0d7d88f1":157,"ef91eaae":133,"056ea7ff":160,"b73e789c":139,"a1370ab0":143,"bc3dc66a":150,"5ac86fb9":160,"13747b82":155,"0ecfa1c9":139,"dc473de1":132,"74e3d13e":152,"408bb2ed":142,"9e878ec2":155,"82b81567":130,"9d9dd9e5":140,"d5557fb4":149,"a939b50b":150,"d1fe2868":163,"aff8e442":148,"fd07e0ed":159,"4ed01268":133,"7bebff03":136,"21ad2f34":153,"30c5d755":157,"caddd0a7":153,"e32524d6":146,"49b358bd":153,"28d40296":116,"92f800f5":150,"805af3c7":153,"cc11fef9":154,"dbd2f139":153,"20e470e0":134,"40a745c0":153,"751acea8":142,"30d84dce":130,"94a2fe10":158,"b5763ff6":132,"5a0eb771":145,"9fa62fee":140,"2c01e624":147,"aec074c4":157,"8657c79d":153,"911e770b":153,"50c468ba":148,"f7231212":136,"da04caac":155,"4bc46d7a":139,"28654c76":157,"a5676c24":144,"fafb4cc2":184,"56473430":157,"731fc335":127,"a8c93bed":138,"733c86f8":147,"8f10fa42":175,"1745a0f4":150,"11b74e63":141,"f67de058":155,"57540cc3":154,"51f57142":150,"b9a48a5c":129,"eafbf9fb":150,"f2ca27d9":151,"8547fbc2":142,"e9adbe58":150,"27f52ed3":169,"6d61bf13":139,"2c5c1dc0":136,"004f1ef3":180,"e45b4b53":137,"1da771fb":146,"a58bf525":145,"be1746a0":148,"b6aaf976":153,"04612878":157,"12271e14":152,"cac4449a":144,"868edcc0":161,"6be9332a":135,"ad8f85d6":154,"3c782bb3":145,"7732eb1e":164,"a8871ddf":130,"411b5027":132,"b84a06eb":151,"1be05c14":150,"e0154608":147,"f598a332":128,"0a92153e":142,"f121b82c":161,"6b9eff39":143,"a0cca8b7":134,"34c5c729":140,"06ee61b6":131,"7d112f4d":155,"dffa7793":127,"78b97937":154,"d83870f5":138,"1105f790":165,"4b125e7b":147,"7f6d1d0e":151,"54d7de6b":165,"5eab91a0":156,"87083264":165,"77bfed7e":150,"bb8a6337":132,"60d6cee2":143,"17446892":139,"c852d240":149,"227006e4":141,"3c18f28e":142,"7a2f3f06":139,"9260d96b":175,"9e878ec2":156,"31f6d707":168,"f1862e79":128,"b35e9e1a":176,"c4aa1e38":129,"162a7348":142,"2b3e4717":148,"faf3ed07":141,"d1fe2868":164,"c67979e6":171,"0f1ac912":134,"547903ef":152,"a836aa93":136,"7b6a7048":148,"20777945":133,"9d0546ac":134,"2154b6e8":136,"259930ee":151,"dac109cf":144,"c8fcad77":143,"719c8869":164,"e786063b":159,"65a00a3c":145,"cc11fef9":155,"751bcf25":136,"26ed1a5c":148,"906632cb":154,"5cd3cfe0":135,"902f49f5":145,"5272520d":151,"f66616b7":149,"cbb54a0a":134,"0fc5ac7e":175,"6e98dfda":151,"3062379b":139,"eb7b4e29":137,"2180f99b":144,"383e232d":139,"8cd78f77":156,"cc5a1d47":139,"9fce073c":142,"ef14000f":169,"629800eb":159,"faf4f98b":156,"71e53c93":154,"74c26380":168,"71ba7561":133,"45b5746e":146,"dc03ebd2":162,"83b2f9c5":149,"810aa5e9":157,"0042f6eb":140,"175bc6b2":127,"140ce69e":145,"bc021def":149,"865d9857":124,"18815a1b":140,"25a7a0a3":152,"363590c7":162,"8dc9b4db":152,"5b60dd1d":153,"8274885a":152,"95d3d348":138,"e45b4b53":138,"6b79fec2":138,"064a99c8":146,"9fc713b0":157,"804d4dfa":144,"2198ba8e":142,"35b58ef9":136,"a0bc1ceb":149,"a636f4c9":159,"2d1e1e9d":143,"f044c0e1":141,"6a60348e":141,"0d2c95fe":145,"b2703001":160,"cf50e84e":139,"d36125db":153,"f2ca27d9":152,"b215547b":135,"1a2c020b":148,"fe578280":143,"c510bfd3":155,"a8c93bed":139,"fef750ca":146,"afe8e06a":132,"37d0cae2":135,"8721056e":138,"04cc7cbe":133,"f5e8dfee":155,"d1d40c9c":158,"ae99df30":141,"54d7de6b":166,"8bc04eb5":146,"6775d5cd":145,"6867261a":142,"5ee911b5":139,"6f0fcb9d":150,"4f5e3e7d":134,"5a0ead91":131,"5f8517b7":169,"08a4c3f8":155,"4ea4a2a1":153,"1ed46298":162,"4911acad":118,"aa9ea5e8":133,"5f6613c8":135,"b230e8d3":151,"5a734022":137,"a1921150":159,"d548635d":148,"efe84c27":146,"8ea21393":130,"696fdac5":149,"79e4fa1c":150,"f598a332":129,"6490bac6":138,"debe1f65":149,"40e79dd3":146,"0a96f57a":159,"4dac6b20":124,"d6f0d94a":133,"014460b9":174,"c015ec5a":147,"c1bdfd41":141,"d9f512b9":154,"3bad3c95":127,"08a06557":169,"db703021":138,"4ee62a26":142,"30dbfc69":141,"0841052c":160,"1a2ec5d7":158,"906632cb":155,"794f652b":159,"cf775f58":159,"d5557fb4":150,"c6c85783":158,"9f74b8a4":143,"ae95f2ba":168,"7fb4c521":147,"0d7d88f1":158,"a85d89cc":136,"1dad0f99":137,"f1df62b4":151,"aa867541":138,"810aa5e9":158,"45b5746e":147,"e865e4dd":140,"3062379b":140,"39ba00f0":153,"5339e1e9":155,"cb6c9e42":160,"2d54e0a8":140,"aaa274a5":147,"383e232d":140,"2d13e69b":148,"9ab755d3":141,"865d9857":125,"ec2cb1af":150,"6085137f":128,"6d61bf13":140,"dc583e64":159,"8e4c33d2":141,"d599b566":159,"71ff66e8":139,"c7ab83c1":137,"23080895":130,"cbad3b92":176,"b2bd8fd3":138,"2c24d929":161,"a543ec74":131,"a43061ee":131,"e6fac295":139,"17b08923":142,"de36827b":168,"69f3bfcc":146,"9a467a82":154,"4469c815":119,"b9a48a5c":130,"affb82bf":160,"8cc4a982":158,"8db62558":139,"f789f6d8":147,"52eca0dc":149,"91f7ef72":141,"2bcca6a7":157,"733c86f8":148,"8f10fa42":176
1604737606225,"1db42092":159,"59431390":142,"792c9b6a":140,"fb44fa9c":158,"379184a7":164,"f5829ac0":159,"92d38723":154,"b8397293":134,"36fb15d2":155,"d0e9a58e":147,"49bf2e95":146,"b935fc1c":149,"5623817d":134,"312f7676":159,"363590c7":163,"39bbc4bc":160,"5099c6a0":168,"a66a2d8a":163,"8063df14":151,"20958d58":138,"6c486702":155,"1757a30e":139,"bb00e71c":131,"b3f19a69":137,"a6b5e869":144,"f56ac638":134,"6841f77e":151,"730a4938":137,"695a2b92":135,"36380d96":151,"c85a0d80":154,"ccb5ea3e":128,"6490bac6":139,"972f4174":156,"ae8a09c4":149,"8eb64769":152,"e8d74304":134,"2198ba8e":143,"a636f4c9":160,"01cd8099":144,"8cf83787":140,"742f1425":154,"8298e976":158,"32c9fc47":149,"6a60348e":142,"0d2c95fe":146,"06ddafc7":126,"6d802fa2":136,"08a4c3f8":156,"b8397293":135,"379184a7":165,"332820ce":152,"f1df62b4":152,"6f39f4d9":158,"c803b4a3":146,"7fb4c521":148,"9aa6a054":148,"e57d5cda":146,"9496f56f":150,"ef8987d7":144,"b377a62a":141,"7a6aa4b6":147,"6f0fcb9d":151,"261c9911":157,"6fb4cdda":165,"efe84c27":147,"07107f6e":152,"859545e6":137,"4777334c":143,"c8dc010f":151,"6b78ad7f":151,"77898c22":120,"e0154608":148,"f8b31ce5":174,"2154b6e8":137,"4295ce9a":144,"66497c7e":140,"2af60749":149,"2045d7d6":144,"4279e829":168,"0841052c":161,"259930ee":152,"9316e7e8":122,"30d84dce":131,"180377be":142,"751acea8":143,"014bdff0":149,"9b3f8714":153,"ed4fad08":155,"13747b82":156,"227006e4":142,"71279c46":142,"bfcb912a":148,"288a2c43":140,"363590c7":164,"095ab3b4":148,"43bc86e3":139,"5ef93e5d":127,"e865e4dd":141,"a5676c24":145,"731fc335":128,"08a561b7":147,"82204d54":140,"2bcca6a7":158,"bd62d7ed":133,"eebc8d43":142,"b102f7bd":156,"8007f30e":122,"a8c93bed":140,"6841f77e":152,"6ee92259":153,"2882a956":150,"290b4714":150,"7735c3c2":139,"e4117b3b":129,"1757a30e":140,"7ee148e9":147,"e9679ede":143,"f598a332":130,"2b3c49b9":145,"34c5c729":141,"0dad37d5":145,"cd421290":140,"06ee61b6":132,"25e0dd3d":149,"c564e316":155,"e238f09b":158,"82868763":142,"d82592f4":149,"03dcfa3d":152,"cbad3b92":177,"12271e14":153,"bc392d1c":129,"ac62fac2":162,"8cf83787":141,"d6db2b02":156,"0f72f2d8":142,"6291e9e9":153,"a6bcb07e":150,"1438fad7":151,"66554572":116,"4ff2225d":139,"b8397293":136,"c8113b77":138,"e57d5cda":147,"50c468ba":149,"6a5b71b4":141,"a85d89cc":137,"67c57de4":168,"c803b4a3":147,"fa55f27a":155,"761cf820":152,"de11eb19":157,"f4b2f575":132,"36684155":147,"e15fd611":131,"789bd484":141,"1b881e6e":150,"2a387957":142,"c98d5272":147,"0fc5ac7e":176,"70c1e715":148,"7db3edda":143,"af0b61ab":149,"2d13e69b":149,"b5763ff6":133,"a6626a13":134,"3f65f121":152,"6d5fcd4c":146,"18815a1b":141,"9e206c95":165,"3661e12d":140,"7d6895f4":152,"a63bddd4":176,"ef16ca37":143,"8d000d6e":141,"c0fea118":141,"261c9911":158,"8e99d5d0":170,"6bc5d32a":168,"e21c6207":150,"c45d554f":151,"859545e6":138,"aab4d996":142,"24ffcbd3":168,"a81a857c":142,"d9f512b9":155,"75ffea08":145,"df2b4d87":137,"30fdcd3b":141,"467773ac":140,"30dbfc69":142,"6e24d88b":132,"1a2ec5d7":159,"142d6987":148,"be40590d":156,"49bf2e95":147,"6df0b2e8":166,"a2c334e7":158,"aa9ea5e8":134,"5774ac0d":158,"42c80e69":157,"a15713c6":166,"a5676c24":146,"012de09c":142,"ae016053":165,"537634c9":128,"c91966ce":130,"42cd2360":122,"bd62d7ed":134,"b8488fc8":148,"9b546d65":136,"eebc8d43":143,"fef750ca":147,"92ca52b7":155,"00cf385d":154,"b102f7bd":157,"e0e48a2d":141,"51a3e9c2":153,"7f6d1d0e":152,"e4c312fe":152,"d815c5b4":175,"e356abf1":153,"004f1ef3":181,"f6fe095d":156,"0b3283c9":151,"19f9ca86":146,"dc583e64":160,"8e4c33d2":142,"971675c5":151,"01cd8099":145,"4b4ef7fa":140,"a0b03218":149,"8eb64769":153,"742f1425":155,"12a2cd4b":145,"3310a049":148,"13f0e139":132,"06ddafc7":127,"59431390":143,"4ff2225d":140,"fb44fa9c":159,"cf84fb54":154,"e8f173b5":147,"0d7d88f1":159,"53b4e647":153,"d2466211":162,"6f39f4d9":159,"b73e789c":140,"cc5a1d47":140,"43d87483":150,"ed4fad08":156,"227006e4":143,"48efc739":165,"2b3e4717":149,"254cc28c":149,"2a387957":143,"789bd484":142,"1d790491":156,"aec074c4":158,"ccf8b803":154,"50c3164b":163,"4bcd4a30":157,"2c01e624":148,"884b0ad1":144,"6e851762":144,"7028b044":136,"bc021def":150,"ac38a6a5":163,"21ee2afe":153,"ccdd1ce6":143,"a63bddd4":177,"7d6895f4":153,"b35e9e1a":177,"b7407bd3":139,"3652bd66":148,"8f2a7d69":144,"7a6aa4b6":148,"9b172ca8":130,"ccb5ea3e":129,"501db4de":148,"e2cbe594":152,"9b742f71":145,"7d112f4d":156,"80a8a56d":143,"51c57542":157,"5e193fc8":149,"21e10a2b":149,"bc09fa9e":145,"288d171f":145,"8e99d5d0":171,"d25e0f8d":174,"868cda42":142,"ea6de194":154,"a577db1c":136,"88fa53d6":126,"75ffea08":146,"4def63ee":124,"ffc86f94":121,"93683c82":144,"d033db8d":165,"f1b493de":165,"b6591e25":152,"61f25dd4":166,"e62d705f":137,"c8977844":145,"45b038bb":176,"d33790a2":166,"217c0327":126,"61145ec9":154,"83b2f9c5":150,"49cb2959":154,"65e4235b":145,"3f75d3bc":170,"c91966ce":131,"abc1d7ad":163,"1745a0f4":151,"c1bb74f2":138,"1105f790":166,"c510bfd3":156,"f5e8dfee":156,"19551bad":133,"8bc04eb5":147,"91b28f83":148,"20958d58":139,"d83870f5":139,"6ee92259":154,"e4117b3b":130,"ee21ad02":163,"e356abf1":154,"c0b7e7d7":133,"f2470875":158,"95d3d348":139,"016953e4":158,"3f2522c2":152,"b935fc1c":150,"71ff66e8":140,"cbad3b92":178,"bad6cdb1":123,"9c58dd76":158,"71bc1295":138,"ac62fac2":163,"d8475b95":117,"04612878":158,"59431390":144,"e36dfd6f":154,"bbe71605":129,"b2703001":161,"2cce4fb2":152,"489a39f7":142,"a8871ddf":131,"0785820e":146,"67c57de4":169,"597c1f81":150,"00a17b46":150,"ad303bda":139,"1dad0f99":138,"621d6b18":153,"7af9d3b1":148,"5774ac0d":159,"3a1d1632":117,"13747b82":157,"dcfaba4c":148,"aa9ea5e8":135,"76f3a3be":146,"ce3407dd":144,"77bae750":143,"8a52882e":145,"c6c85783":159,"bf822e33":142,"bad1a1cc":144,"4ed01268":134,"f271ed5d":151,"98915a1f":124,"5747db6e":158,"b5763ff6":134,"7028b044":137,"084cbc0b":138,"0bd93cfd":116,"f2f58418":137,"b9a48a5c":131,"c5b35e4d":136,"a836aa93":137,"754f98c9":154,"f2086446":141,"36380d96":152,"3007f31f":134,"90a06ee9":145,"3b7763b1":133,"4295ce9a":145,"2e3503e4":159,"a0cca8b7":135,"a0ce82b4":147,"bc09fa9e":146,"4e5aaaec":130,"49b358bd":154,"1623fc9f":146,"2045d7d6":145,"c0b0f492":159,"e5d3655c":163,"3bad3c95":128,"24ffcbd3":169,"93683c82":145,"dae0f922":153,"bb98a6cf":164,"e0e6a097":142,"d0e9a58e":148,"8c6e001f":123,"408bb2ed":143,"d33790a2":167,"7ae3fc50":130,"9263c525":150,"af157d29":149,"d1715f3b":153,"8cc4a982":159,"4d35385e":144,"9a467a82":155,"58d46189":161,"ddec9e54":146,"74f234c6":178,"906632cb":156,"65e4235b":146,"6e44927f":141,"a5fd8ffd":155,"95904ac4":163,"ec110282":169,"5f96c2bc":146,"3c0df8b4":148,"fef750ca":148,"fee32863":152,"b87158fb":154,"b102f7bd":158,"fead11cf":141,"8b5a8e9f":156,"d4d5f466":139,"a567ace4":147,"6841f77e":153,"abad2347":152,"a6b5e869":145,"20811ddf":151,"ad2d7bed":154,"88ce179e":161,"8274885a":153,"a58bf525":146,"5781776a":147,"71ff66e8":141,"a77e127d":125,"c318d350":160,"95d3d348":140,"b2bd8fd3":139,"baebb391":156,"48655f09":175,"12271e14":154,"4b4ef7fa":141,"812b4f15":122,"12a2cd4b":146,"95f6db13":145,"b2703001":162,"820225e4":122,"b552beb3":149,"53b4e647":154,"76f94eda":157,"753ca352":139,"9aa6a054":149,"7e95c5a0":154,"a85d89cc":138,"385ab7c6":147,"dc473de1":133,"d6d61bfc":160,"f94bf9ea":147,"7af9d3b1":149,"1ed46298":163,"51f80f4c":159,"72805bf5":141,"d1fe2868":165,"8ec3834d":157,"a939b50b":151,"36684155":148,"449d8475":136,"93fdbb44":136,"5a0eb771":146,"26c390d6":147,"f4726450":137,"911e770b":154,"1f342a00":145,"3062379b":141,"ea822700":141,"6a3eaf43":154,"6291e9e9":154,"79f04300":146,"dcf85091":129,"b3863630":140,"501db4de":149,"c650b434":155,"e21c6207":151,"e9679ede":144,"40e79dd3":147,"a4296d1e":146,"36380d96":153,"5a622a23":146,"daab45c6":137,"ecfa8249":157,"cd421290":141,"4fd645f1":133,"c7636527":130,"ba30e43a":158,"65a00a3c":146,"cc6bbe45":140,"5ab7bc35":148,"c0b0f492":160,"66554572":117,"045f280d":146,"34658473":135,"0cb80f4a":147,"8c6e001f":124,"3a1b9af5":148,"1ff8c2fc":159,"4ba6eb36":142,"8493f3b2":146,"57540cc3":155,"18815a1b":142,"08c6b5d2":149,"09560615":128,"f2ca27d9":153,"e9adbe58":151,"7080f122":143,"65e4235b":147,"0a1d11e6":138,"313258f2":151,"08a561b7":148,"ef8987d7":145,"a472532e":131,"a0cf08b3":117,"30c184b8":152,"733c86f8":149,"062179c1":149,"ec11fe5f":128,"19551bad":134,"a0685bf3":160,"2352c8ef":153,"7ee7621c":145,"e0e48a2d":142,"9d4f1fe6":139,"a6b5e869":146,"430a5db5":153,"4279e829":169,"1f11812e":152,"1a2ec5d7":160,"0af920d8":137,"93683c82":146,"30d84dce":132,"a77e127d":126,"ea9bba6b":147,"d1676e89":150,"c564e316":156,"095ab3b4":149,"1951480c":133,"5623817d":135,"b460f030":171,"c609739e":148,"3e602573":139,"ad8f85d6":155,"be1746a0":149,"71bc1295":139,"dfc89705":152,"6a60348e":143,"9cb4697f":166,"1c0a9eff":140,"04cc7cbe":134,"91536e85":149,"cf9f4757":137,"cb142908":132,"4d9b0b10":145,"629800eb":160,"9fce073c":143,"66554572":118,"5f6613c8":136,"d6d61bfc":161,"74e3d13e":153,"b35bb8a1":137,"a47abfbb":135,"c4bff41f":157,"aa9ea5e8":136,"0670c466":138,"ccf8b803":155,"a939b50b":152,"b8ab8e6e":141,"f4726450":138,"04643409":156,"2d54e0a8":141,"8a52882e":146,"c98d5272":148,"7e991ab9":114,"778c95e9":150,"0d2c95fe":147,"1be05c14":151,"95f6db13":146,"a836aa93":138,"dbc9df44":128,"dcf85091":130,"7e8e1c3d":149,"90a06ee9":146,"9a80f004":144,"7d112f4d":157,"acac14fb":144,"2209903e":154,"c4feee5b":142,"547903ef":153,"7f86be64":145,"4e5aaaec":131,"f4343817":150,"259930ee":153,"9e65c0ef":145,"868cda42":143,"3bad3c95":129,"e3547548":136,"d9dcdc4b":161,"bab97de3":158,"5f8517b7":170,"8493f3b2":147,"de11eb19":158,"288afc30":145,"8d000d6e":142,"0ac825ed":150,"358e45b1":142,"084cbc0b":139,"84b767be":173,"b5763ff6":135,"7080f122":144,"d3e84616":158,"53a8613c":160,"eeaa2d46":159,"88432019":140,"623c6a31":159,"ef8321d8":144,"30b6808c":132,"3a291497":137,"8db5a165":136,"4abb7aed":143,"61145ec9":155,"fd482491":168,"6e44927f":142,"ba5c52af":146,"db8ba455":146,"dfcc2ad1":163,"9b546d65":137,"d9f512b9":156,"37a7d5b0":148,"94a2fe10":159,"0d5ee801":140,"906632cb":157,"66497c7e":141,"751bcf25":137,"1e191c98":128,"56d315d8":129,"39bbc4bc":161,"1da771fb":147,"ea9bba6b":148,"25635c37":130,"8e4c33d2":143,"22aeaf03":145,"7ee148e9":148,"03dcfa3d":153,"be149c6f":132,"c64de0c0":134,"3a1d1632":118,"5774ac0d":160,"74e3d13e":154,"35aa7fd0":151,"a1370ab0":144,"93fdbb44":137,"f4b2f575":133,"50d129cf":135,"733c86f8":150,"6775d5cd":146,"0d770b97":148,"eebc8d43":144,"20811ddf":152,"c6dc900c":123,"1c0a9eff":141,"1bc0591f":140,"6c20c153":143,"1757a30e":141,"e382ec3f":133,"9496f56f":151,"8fb236a9":133,"e4cfef0a":131,"8eb64769":154,"aefe13f5":158,"3c782bb3":146,"c6e3d352":152,"704bce0d":147,"470d50c2":142,"a836aa93":139,"6490bac6":140,"ccb5ea3e":130,"d548635d":149,"5be594be":145,"3007f31f":135,"9f2b16a7":160,"c45d554f":152,"4dac6b20":125,"6fb4cdda":166,"7b6a7048":149,"bc09fa9e":147,"dd1fcb17":138,"8aa78e2f":137,"aa00769b":170,"b84a06eb":152,"d8475b95":118,"6db0ea86":139,"32c9fc47":150,"f5829ac0":160,"a4dafea5":140,"1b153aef":156,"d33790a2":168,"0cb80f4a":148,"36fb15d2":156,"f1862e79":129,"379184a7":166,"d102b0c6":145,"5d087c79":145,"c67979e6":172,"1d790491":157,"70c1e715":149,"9147702f":132,"8ec3834d":158,"6a3eaf43":155,"b5763ff6":136,"8657c79d":154,"98915a1f":125,"aec074c4":159,"b9a48a5c":132,"d6320619":138,"2dda3936":135,"0277d748":152,"22ecaed0":146,"623c6a31":160,"f2ca27d9":154,"a06a6430":153,"869cbaa0":156,"00a17b46":151,"385ab7c6":148,"f789f6d8":148,"aa867541":139,"a5676c24":147,"ef8987d7":146,"2c6cb96f":125,"da04caac":156,"3f75d3bc":171,"fef750ca":149,"c4e70c07":141,"c0b0f492":161,"df2b4d87":138,"25776fc4":158,"a577db1c":137,"d9f512b9":157,"9bdf362a":147,"bb98a6cf":165,"180377be":143,"751bcf25":138,"381c68fa":146,"cd3bbe7e":146,"059d6c19":157,"3b690f68":151,"263762cb":130,"c95719e5":140,"8dc9b4db":153,"c318d350":161,"8274885a":154,"1da771fb":148,"a58bf525":147,"72805bf5":142,"5e09f69e":177,"dcfaba4c":149,"5f6613c8":137,"b7cc7909":159,"24a9fb86":162,"32133249":147,"6a7392d5":134,"5f4102da":157,"0042f6eb":141,"831c7b85":142,"3b2dee89":149,"2a76f1dd":136,"dffa7793":128,"d1d40c9c":159,"55928ef1":143,"2882a956":151,"e0e48a2d":143,"67d30f2b":144,"bb00e71c":132,"d548635d":150,"1a2c020b":149,"4c4aa2e2":143,"2ad42a9e":159,"4e3f5178":160,"3ef7432b":156,"feb67030":141,"36380d96":154,"c650b434":156,"754f98c9":155,"201cafad":149,"dcf85091":131,"cd421290":142,"b6ee137a":144,"b2bd8fd3":140,"6ebe2354":128,"481754fc":132,"4febf7c5":150,"35b58ef9":137,"a636f4c9":161,"54a676d6":138,"be1746a0":150,"66554572":119,"cf84fb54":155,"a3d4a0e5":157,"1138796e":154,"32c9fc47":151,"05642105":149,"06073f13":159,"379184a7":167,"0cb80f4a":149,"1ff8c2fc":160,"9e878ec2":157,"36fb15d2":157,"d33790a2":169,"7e15f8e8":150,"d1fe2868":166,"99e171db":146,"254cc28c":150,"26c390d6":148,"23760167":150,"f66616b7":150,"70bc8325":136,"1d790491":158,"dd7acb96":156,"d0d6acb1":147,"284544ba":140,"2f455cce":147,"1f7607df":134,"6143f39d":148,"22ecaed0":147,"f2ca27d9":155,"88432019":141,"fd6dcb20":146,"a63bddd4":178,"558d5ce7":150,"af7e5be8":145,"8ac72326":140,"b9be31d6":153,"8fb236a9":134,"869cbaa0":157,"6034b6d0":148,"f7231212":137,"731fc335":129,"5ef93e5d":128,"a15713c6":167,"f3a0c2ee":150,"5f0c1b9d":151,"49b358bd":155,"aab4d996":143,"d6f0d94a":134,"5ab7bc35":149,"f8b31ce5":175,"9bdf362a":148,"cc6bbe45":141,"93683c82":147,"1e191c98":129,"142d6987":149,"66b7b5b4":141,"61f25dd4":167,"8db62558":140,"20e470e0":135,"263762cb":131,"2203f259":156,"09ff339a":122,"25635c37":131,"b7cc7909":160,"540df50f":145,"a1370ab0":145,"2132fe93":159,"f94bf9ea":148,"74e3d13e":155,"bc3dc66a":151,"c0b7e7d7":134,"437fc3ec":157,"d9a64845":146,"ae016053":166,"a66a2d8a":164,"831c7b85":143,"8f10fa42":177,"8b5a8e9f":157,"7af262e5":161,"be3a10f8":164,"1c0a9eff":142,"dfcc2ad1":164,"ae99df30":142,"67d30f2b":145,"51a3e9c2":154,"d83870f5":140,"290b4714":151,"93b0a158":157,"9a3cc55d":134,"69134f07":145,"c7313e0a":158,"dbc9df44":129,"c0fea118":142,"8f9b74b0":139,"a0ce82b4":148,"4b4ecbce":130,"754f98c9":156,"26dd2000":166,"87922532":166,"c609739e":149,"71bc1295":140,"792cfcbd":147,"bc392d1c":130,"0114160e":147,"eed20185":162,"812b4f15":123,"868edcc0":162,"411b5027":133,"e36dfd6f":155,"45fb95c1":145,"a4dafea5":141,"7a6aa4b6":149,"a24e6670":148,"de11eb19":159,"07f98660":155,"76f94eda":158,"053f3451":144,"abd32136":153,"d83294cd":142,"c38c2b52":142,"faf4f98b":157,"7b6a7048":150,"972f4174":157,"ded7da5a":159,"7bebff03":137,"70594a28":152,"4c39240e":161,"9e65c0ef":146,"2af60749":150,"7e76c93c":150,"e3547548":137,"65a00a3c":147,"57167c74":139,"6e24d88b":133,"66b7b5b4":142,"5ccf94d6":140,"b6591e25":153,"a68a93b2":142,"7cd0ad7b":157,"d0c104c4":126,"1634789b":142,"6adce358":166,"c67979e6":173,"99e171db":147,"04643409":157,"650bb0e0":138,"92efd84f":146,"bda8cdfb":158,"70c1e715":150,"a625328f":153,"c0e2624b":142,"e58b26f6":160,"8657c79d":155,"3062379b":142,"546f6845":150,"8cc4a982":160,"f5596d0f":154,"315537b2":151,"ccdd1ce6":144,"1d153b20":151,"a63bddd4":179,"36fb15d2":158,"379184a7":168,"31f6d707":169,"2e99f8fd":137,"d0b297b2":131,"bb8a6337":133,"a40846b7":155,"f5cd79c1":150,"90a06ee9":147,"25635c37":132,"2c5c1dc0":137,"437fc3ec":158,"6b79fec2":139,"e238f09b":159,"da04caac":157,"c91966ce":132,"5f0c1b9d":152,"49cb2959":155,"8db5a165":137,"fafb4cc2":185,"616d6dd6":149,"82204d54":141,"be3a10f8":165,"30c184b8":153
1604737607574,"a59a8290":150,"a8c93bed":141,"37d0cae2":136,"91b28f83":149,"eebc8d43":145,"ad2d7bed":155,"fead11cf":142,"6c20c153":144,"f0a06216":148,"1757a30e":142,"1bb4ccc0":149,"4cc141fa":123,"b6aaf976":154,"e8d74304":135,"812b4f15":124,"b7df1559":146,"88a30343":145,"90731976":140,"64a7f79f":147,"56752a4a":134,"59431390":145,"7732eb1e":165,"1be05c14":152,"11888cfa":137,"4945c851":158,"1b153aef":157,"4ea4a2a1":154,"64db4feb":167,"3a1d1632":119,"bf822e33":143,"77f31bab":160,"68562193":141,"9d9dd9e5":141,"17446892":140,"5a0eb771":147,"0681c48e":156,"0d2a1c58":142,"bda8cdfb":159,"76f3a3be":147,"9fa62fee":141,"e99318a3":151,"ea822700":142,"36b7003c":170,"084cbc0b":140,"3c6692a3":168,"d552eb2f":150,"aaa274a5":148,"6de0aaac":141,"d1715f3b":154,"7a2f3f06":140,"7a6aa4b6":150,"8d000d6e":143,"408bb2ed":144,"8fb236a9":135,"e28c2efc":137,"d7cb9bcf":135,"9fce073c":144,"d4ee22a4":154,"629800eb":161,"ae95f2ba":169,"db8ba455":147,"43bc86e3":140,"6b78ad7f":152,"261c9911":159,"e2a7d915":126,"9b742f71":146,"ded7da5a":160,"18d20aa1":142,"b3863630":141,"21e10a2b":150,"c7313e0a":159,"d25e0f8d":175,"37a7d5b0":149,"dbc9df44":130,"a0ce82b4":149,"470d50c2":143,"aab4d996":144,"04ea5673":153,"c4e70c07":142,"a577db1c":138,"0b959527":138,"cf1124db":135,"c015ec5a":148,"d0c104c4":127,"9316e7e8":123,"c2bb8aae":144,"5272520d":152,"5ccf94d6":141,"e62d705f":138,"db0a661e":144,"8dd2684c":150,"6cba74ce":138,"3661e12d":141,"623c6a31":161,"51f57142":151,"263762cb":132,"fb7b7b3c":172,"3f2522c2":153,"a0cf08b3":118,"d9d0c567":147,"906fdec3":133,"56473430":158,"a15713c6":168,"cfafcda8":143,"1bc0591f":141,"2a4a402a":147,"9cb4697f":167,"9d023afb":145,"87c462ee":163,"7bda83dd":140,"3b2dee89":150,"2bcca6a7":159,"eb2e1983":144,"6ee92259":155,"7735c3c2":140,"6b82b527":153,"e6ec8cbf":154,"a77e127d":127,"09f0db62":179,"c95719e5":141,"2c5c1dc0":138,"c6e3d352":153,"0eaf08da":151,"458dcc3d":167,"d9dcdc4b":162,"a3d4a0e5":158,"946df4fd":163,"dd1fcb17":139,"28d41578":163,"a6bcb07e":151,"a0bc1ceb":150,"3e602573":140,"bab97de3":159,"b84a06eb":153,"b36a0d66":138,"a47abfbb":136,"4125085e":161,"e9a8cf11":150,"bb8a6337":134,"6867261a":143,"24a9fb86":163,"51f80f4c":160,"aff8e442":149,"44a4f7cd":152,"39a2fcce":139,"6e98dfda":152,"a1921150":160,"650bb0e0":139,"f66616b7":151,"26c390d6":149,"70bc8325":137,"b5763ff6":137,"cbb54a0a":135,"6e851762":145,"50c3164b":164,"a625328f":154,"4e3f5178":161,"104721f0":151,"1247fa52":156,"20777945":134,"c45d554f":153,"0dad37d5":146,"c455f40e":132,"77300e4a":130,"feb67030":142,"c7313e0a":160,"ccb5ea3e":131,"f598a332":131,"4eed1bea":147,"21ad2f34":154,"7be025ce":155,"aab4d996":145,"3fdb08f5":147,"7e76c93c":151,"e3547548":138,"ce3bf5db":148,"fbdffc95":135,"0c0e98ea":140,"430a5db5":154,"0d5ee801":141,"2e99f8fd":138,"7a840529":136,"619fda68":168,"d7cb9bcf":136,"30b6808c":133,"053f3451":145,"af7e5be8":146,"385ab7c6":149,"9e878ec2":158,"5a0ead91":132,"36fb15d2":159,"a533489b":159,"7ae3fc50":131,"67f6e4f2":132,"d2a841c9":144,"25a7a0a3":153,"3661e12d":142,"7d6895f4":154,"9c045c61":154,"bc021def":151,"22ecaed0":148,"751bcf25":139,"0af920d8":138,"4ee62a26":143,"d70ca4f4":157,"c91966ce":133,"e865e4dd":142,"fafb4cc2":186,"6023df54":142,"4abb7aed":144,"781ace7d":145,"db8ba455":148,"55928ef1":144,"ec11fe5f":129,"8f10fa42":178,"fead11cf":143,"ba586505":148,"7bda83dd":141,"d83870f5":141,"00cf385d":155,"c6dc900c":124,"e6ec8cbf":155,"dc0c8b09":155,"7ee7621c":146,"6ee92259":156,"4652b09a":162,"c564e316":157,"8dc9b4db":154,"3e082b37":137,"5781776a":148,"c0b7e7d7":135,"3712c4bd":131,"c7ab83c1":138,"a636f4c9":162,"d8475b95":119,"8eb64769":155,"2c24d929":162,"6a60348e":144,"f1098793":141,"d6db2b02":157,"b552beb3":150,"23080895":131,"ad8f85d6":156,"f277386e":126,"45fb95c1":146,"e7e82473":171,"b84a06eb":154,"71a2a493":120,"71279c46":143,"a6003226":145,"8d04852b":146,"dc473de1":134,"2132fe93":160,"60d6cee2":144,"c81b2bcf":134,"90d52475":145,"6adce358":167,"e15fd611":132,"25d1b2d8":157,"5957df9e":147,"b88033fd":154,"2d13e69b":150,"284544ba":141,"8657c79d":156,"1a68160d":153,"36380d96":155,"696fdac5":150,"0dad37d5":147,"efd23af5":136,"dcf85091":132,"93e8cee5":170,"0a92153e":143,"df81ddee":139,"9267f0ef":167,"5a622a23":147,"5fa12feb":153,"ded7da5a":161,"27d8bf51":143,"aa021138":160,"c7636527":131,"ba30e43a":159,"cc6bbe45":142,"7be025ce":156,"c015ec5a":149,"25776fc4":159,"753ca352":140,"9aa6a054":150,"ef91eaae":134,"95539a58":140,"385ab7c6":150,"4930f321":140,"4d9b0b10":146,"cd95f558":151,"0cb80f4a":150,"b4fdf90e":158,"7ae3fc50":132,"c4aa1e38":130,"b35e9e1a":178,"06073f13":160,"2d54e0a8":142,"272c7672":154,"4bcd4a30":158,"c793cdda":150,"6143f39d":149,"ccdd1ce6":145,"53a8613c":161,"a77e8461":145,"12012fbd":134,"3454fa2b":137,"01d817b8":121,"a8726d50":134,"26ed1a5c":149,"bb98a6cf":166,"66497c7e":142,"30fdcd3b":142,"6f81493d":140,"58d46189":162,"65e4235b":148,"537634c9":129,"f905a555":138,"d9d0c567":148,"7ae34c64":147,"56473430":159,"b2cfdbcf":140,"8007f30e":123,"2a76f1dd":137,"a8c93bed":142,"eebc8d43":146,"7bda83dd":142,"4652b09a":163,"be3a10f8":166,"ec11fe5f":130,"1a442bc7":143,"bf30a08f":158,"e0e48a2d":144,"7735c3c2":141,"f56ac638":135,"ba586505":149,"82868763":143,"09ff339a":123,"a58bf525":148,"fb7b7b3c":173,"26f99a1e":143,"22aeaf03":146,"c7ab83c1":139,"59c1e594":142,"03dcfa3d":154,"87922532":167,"64a7f79f":148,"06ddafc7":128,"bad6cdb1":124,"cf84fb54":156,"be149c6f":133,"af034fee":159,"3a1d1632":120,"a6003226":146,"76f3a3be":148,"5e09f69e":178,"081460bf":147,"77f31bab":161,"48efc739":166,"a939b50b":153,"d5557fb4":151,"ccf8b803":156,"97e75c19":157,"a1921150":161,"f044c0e1":142,"4febf7c5":151,"804d4dfa":145,"66554572":120,"a24e6670":149,"d6db2b02":158,"54a676d6":139,"a4296d1e":147,"696fdac5":151,"9f2b16a7":161,"7f86be64":146,"90a06ee9":148,"daab45c6":138,"ab7d4c9a":137,"40e79dd3":148,"913a6226":153,"8e99d5d0":172,"18d20aa1":143,"2209903e":155,"70594a28":153,"c45d554f":154,"aa021138":161,"7043382d":150,"c015ec5a":150,"014460b9":175,"d4ee22a4":155,"9aa6a054":151,"d83294cd":143,"619fda68":169,"b73e789c":141,"43d87483":151,"7fb4c521":149,"40569362":164,"7a6aa4b6":151,"a533489b":160,"3a1b9af5":149,"67f6e4f2":133,"7ae3fc50":133,"b2a8761b":136,"22234d6b":152,"084cbc0b":141,"92efd84f":147,"ef1c2dcb":143,"e58b26f6":161,"a6626a13":135,"4bcd4a30":159,"bb99c79c":152,"217c0327":127,"9a467a82":156,"be4f8ba8":138,"88432019":142,"affb82bf":161,"ccdd1ce6":146,"e3547548":139,"65a00a3c":148,"4c39240e":162,"5cd3cfe0":136,"0c043224":160,"d70ca4f4":158,"a4f1d83b":133,"56d315d8":130,"c8977844":146,"bb98a6cf":167,"781ace7d":146,"c91966ce":134,"d9a64845":147,"abc1d7ad":164,"a472532e":132,"5ef93e5d":129,"78b97937":155,"8db5a165":138,"dc0c8b09":156,"831c7b85":144,"a66a2d8a":165,"9a3ab0b8":141,"c6dc900c":125,"fef750ca":150,"1bb4ccc0":150,"93b0a158":158,"11b74e63":142,"a6b5e869":147,"7735c3c2":142,"e6ec8cbf":156,"42191b64":126,"e238f09b":160,"93ac9ca3":146,"d599b566":160,"c564e316":158,"5623817d":136,"8dc9b4db":155,"c27969ec":143,"be149c6f":134,"a2c334e7":159,"c9efc8f6":149,"5a734022":138,"5eaa1581":142,"03b4ab60":135,"76f3a3be":149,"bf822e33":144,"527ff946":161,"4b4ef7fa":142,"1c3a30c5":147,"17b08923":143,"e6fac295":140,"e0f7679f":130,"a543ec74":132,"69d4b754":142,"1a2c020b":150,"5e193fc8":150,"0dad37d5":148,"696fdac5":152,"79f04300":147,"8f9b74b0":140,"6bc5d32a":169,"dcf85091":133,"4295ce9a":146,"c455f40e":133,"a0cca8b7":136,"70594a28":154,"ecfa8249":158,"75ffea08":147,"2cce4fb2":153,"87ce8d1d":133,"f277386e":127,"dfc89705":153,"6c73ae98":126,"1438fad7":152,"bd2705b0":152,"9fce073c":145,"9f74b8a4":144,"d7cb9bcf":137,"b9be31d6":154,"ffa08d82":151,"f7231212":138,"619fda68":170,"06ddafc7":129,"379184a7":169,"7a2f3f06":141,"08a4c3f8":157,"c7c4ec5c":128,"792c9b6a":141,"1ff8c2fc":161,"d33790a2":170,"794f652b":160,"25d1b2d8":158,"37fbb107":151,"650bb0e0":140,"9ceb5439":128,"26c390d6":150,"70bc8325":138,"5747db6e":159,"383e232d":141,"835358a0":139,"dd7acb96":157,"39ba00f0":154,"1d153b20":152,"22ecaed0":149,"b9a48a5c":133,"865d9857":126,"6143f39d":150,"8547fbc2":143,"12012fbd":135,"c0b0f492":162,"9e65c0ef":147,"859545e6":139,"805af3c7":154,"0b959527":139,"d6f0d94a":135,"30fdcd3b":143,"4279e829":170,"1e7753d9":156,"381c68fa":147,"7cd0ad7b":158,"5cd3cfe0":137,"a8726d50":135,"52eca0dc":150,"3f75d3bc":172,"08a561b7":149,"012de09c":143,"49cb2959":156,"a5fd8ffd":156,"733c86f8":151,"95904ac4":164,"dc0c8b09":157,"92ca52b7":156,"8721056e":139,"b8488fc8":149,"062179c1":150,"7fef9973":153,"9a3ab0b8":142,"8bc04eb5":148,"60e855ee":168,"5623817d":137,"83086d4c":154,"19f9ca86":147,"f2470875":159,"3e082b37":138,"b1f58563":141,"be149c6f":135,"a1370ab0":146,"5eaa1581":143,"b7cc7909":161,"71a2a493":121,"0ecfa1c9":140,"c9efc8f6":150,"704bce0d":148,"efe84c27":148,"0a92153e":144,"a3253019":139,"f3992a31":151,"9b742f71":147,"8e99d5d0":173,"72b84094":176,"bc09fa9e":148,"2ad42a9e":160,"77898c22":121,"c45d554f":155,"913a6226":154,"5a622a23":148,"87922532":168,"6ebe2354":129,"013ee301":138,"a5aee5de":171,"468fc85c":156,"3310a049":149,"946df4fd":164,"d36125db":154,"04cc7cbe":135,"bd2705b0":153,"6ee92259":157,"6b82b527":154,"7ee7621c":147,"b9be31d6":155,"ba938220":147,"87083264":166,"2ce1af05":133,"af7e5be8":147,"8ac72326":141,"64a7f79f":149,"8d753bb6":147,"1f88a4b7":165,"bc392d1c":131,"489a39f7":143,"6a60348e":145,"8323d333":135,"b4fdf90e":159,"5a0ead91":133,"792c9b6a":142,"761cf820":153,"d0c0fc08":130,"1ff8c2fc":162,"bf822e33":145,"c81b2bcf":135,"842c8340":137,"c6c85783":160,"2c627253":147,"cf775f58":160,"dd7acb96":158,"a625328f":155,"66d94227":143,"815e4582":161,"72d7b461":156,"0d2a1c58":143,"af0b61ab":150,"8547fbc2":144,"911e770b":155,"217c0327":128,"f87c5031":148,"9c045c61":155,"bb99c79c":153,"623c6a31":162,"22ecaed0":150,"b5ce0c0c":164,"4def63ee":125,"e786063b":160,"e32524d6":147,"7043382d":151,"fce3c5c6":140,"a33fe0dd":149,"74f234c6":179,"d70ca4f4":159,"cd3bbe7e":147,"4360a1a3":165,"0af920d8":139,"19e9776f":145,"d634aa28":165,"629800eb":162,"4bc46d7a":140,"42cd2360":123,"08a561b7":150,"a472532e":133,"8a165e17":155,"43bc86e3":141,"dd035d2a":145,"0042f6eb":142,"9a3ab0b8":143,"7fdc2007":134,"b87158fb":155,"263762cb":133,"93ac9ca3":147,"836701f6":148,"5f6613c8":138,"af034fee":160,"dcfaba4c":150,"c4bff41f":158,"51f80f4c":161,"5a734022":139,"0681c48e":157,"7ee148e9":149,"971675c5":152,"dc583e64":161,"8e780922":149,"1a2c020b":151,"c382f054":159,"79f04300":148,"145c7559":150,"a3253019":140,"53431634":170,"805534ac":153,"5410e9c6":158,"a0685bf3":161,"9b546d65":138,"831c7b85":145,"04bef50c":128,"6775d5cd":147,"00cf385d":156,"ee21ad02":164,"2882a956":152,"6b82b527":155,"d929098e":127,"597c1f81":151,"1c3a30c5":148,"b460f030":172,"ae8a09c4":150,"a6bcb07e":152,"56752a4a":135,"411b5027":134,"a0b03218":150,"0114160e":148,"5678ed7b":160,"a5aee5de":172,"c6e3d352":154,"2d1e1e9d":144,"489a39f7":144,"4ff2225d":141,"554ebb83":152,"02d4753e":174,"408bb2ed":145,"b4fdf90e":160,"d1fe2868":167,"77f31bab":162,"cb6c9e42":161,"25d1b2d8":159,"36684155":149,"5d087c79":146,"5f7d7195":146,"911e770b":156,"7db3edda":144,"98915a1f":126,"88b3bc99":134,"0d2a1c58":144,"f2ca27d9":156,"8657c79d":157,"af157d29":150,"730338c4":158,"217c0327":129,"9e206c95":166,"f3d68430":155,"4d35385e":145,"3454fa2b":138,"3d1af513":156,"1ff8c2fc":163,"8f9b74b0":141,"cd421290":143,"feb67030":143,"93e8cee5":171,"f9f2c53f":127,"77898c22":122,"b5ce0c0c":165,"8f13c203":139,"4577b333":151,"5ab7bc35":150,"b320feb9":151,"5f620a1e":150,"fbdffc95":136,"7a9344a4":170,"9d4da635":136,"db703021":139,"e62d705f":139,"0af920d8":140,"66b7b5b4":143,"be40590d":157,"792c9b6a":143,"753ca352":141,"e4cfef0a":132,"6a5b71b4":142,"00a17b46":152,"9aa6a054":152,"af7e5be8":148,"8db5a165":139,"c91966ce":135,"3101354b":130,"5f0c1b9d":153,"be149c6f":136,"71279c46":144,"68562193":142,"13747b82":158,"bfcb912a":149,"5f6613c8":139,"09ff339a":124,"9f2b16a7":162,"c85a0d80":155,"6ce84ff8":131,"d599b566":161,"9a3cc55d":135,"f6fe095d":157,"27f52ed3":170,"fd482491":169,"a472532e":134,"8063df14":152,"dd035d2a":146,"4c0e547b":157,"a59a8290":151,"92ca52b7":157,"2bcca6a7":160,"c6dc900c":126,"1a442bc7":144,"4652b09a":164,"a66a2d8a":166,"d1d40c9c":160,"4258c176":140,"1c0a9eff":143,"c0b23081":169,"e356abf1":155,"6b79fec2":140,"481754fc":133,"742f1425":156,"7732eb1e":166,"a43061ee":132,"a5aee5de":173,"820225e4":123,"71bc1295":141,"a8871ddf":132,"90731976":141,"468fc85c":157,"0f72f2d8":143,"6db0ea86":140,"17b08923":144,"28d41578":164,"5f8517b7":171,"8d000d6e":144,"b230e8d3":152,"6e98dfda":153,"9ceb5439":129,"48efc739":167,"789bd484":143,"d957f027":142,"650bb0e0":141,"84369269":127,"cbb54a0a":136,"d744bee2":139,"383e232d":142,"272c7672":155,"217c0327":130,"70c1e715":151,"18815a1b":143,"de6213c7":141,"eeaa2d46":160,"d2a841c9":145,"ea822700":143,"bc021def":152,"30dd2edc":152,"b9a48a5c":134,"06073f13":161,"d33790a2":171,"9263c525":151,"6f0fcb9d":152,"fe578280":144,"0dad37d5":149,"f3992a31":152,"704bce0d":149,"40e79dd3":149,"c7313e0a":161,"3007f31f":136,"b6ee137a":145,"70594a28":155,"2209903e":156,"7e8e1c3d":150,"c45d554f":156,"62d1d346":131,"d9f512b9":158,"4c39240e":163,"7e76c93c":152,"dac109cf":145,"88fa53d6":127,"04ea5673":154,"30d84dce":133,"1e7753d9":157,"0c043224":161,"d033db8d":166,"a8726d50":136,"cd3bbe7e":148,"026766f3":150,"fe0df575":158,"ae95f2ba":170,"e28c2efc":138,"50c468ba":150,"c38c2b52":143,"cc5a1d47":141,"93b9fae6":140,"faf4f98b":158,"540df50f":146,"3c18f28e":143,"31f6ba51":142,"5781776a":149,"3c0df8b4":149,"c91966ce":136,"906fdec3":134,"4abb7aed":145,"eb2e1983":145,"fafb4cc2":187,"b102f7bd":159,"61145ec9":156,"a0685bf3":162,"00a481e3":160,"be3a10f8":167,"0f89862c":124,"2bcca6a7":161,"2352c8ef":154,"935ec056":136,"7f6d1d0e":153,"bf30a08f":159,"d4d5f466":140,"ad2d7bed":156,"1757a30e":143,"ee21ad02":165,"f5cd79c1":151,"016953e4":159,"6b79fec2":141,"8dc9b4db":156,"8e4c33d2":144,"a58bf525":149,"24d24fa3":138,"3310a049":150,"e36dfd6f":156,"17807120":147,"458dcc3d":168,"bab97de3":160,"32c9fc47":152,"be1746a0":151,"b460f030":173,"7732eb1e":167,"5678ed7b":161,"b2bd8fd3":141,"88a30343":146,"ae8a09c4":151,"ed4fad08":157,"2ab62345":137,"61d4782d":148,"1ed46298":164,"31d74eee":140,"36684155":150,"394dc144":138,"1b881e6e":151,"aff8e442":150,"25d1b2d8":160,"794f652b":161,"d0d6acb1":148,"70bc8325":139,"af0b61ab":151,"b7832271":161,"18815a1b":144,"fd369c21":163,"ccdd1ce6":147,"7db3edda":145,"172217e5":155,"1f7607df":135,"f2f58418":138,"5acaa06f":117,"4c4aa2e2":144,"36380d96":156,"f121b82c":162,"470d50c2":144,"06ee61b6":133,"dbc9df44":131,"5a622a23":149,"104721f0":152,"2209903e":157,"2ad42a9e":161,"b6ee137a":146,"efd23af5":137,"debe1f65":150,"f734c84c":166,"3fdb08f5":148,"859545e6":140,"b320feb9":152,"88fa53d6":128,"c7636527":132,"92f800f5":151,"1623fc9f":147,"d033db8d":167,"5272520d":153,"30dbfc69":143,"8db62558":141,"8942c35b":147,"66497c7e":143,"b8397293":137,"f9c15fcc":140,"869cbaa0":158,"ad303bda":140,"87083264":167,"87cd2add":136,"c38c2b52":144,"4f59a322":148,"7a4c064c":157,"c7c4ec5c":129,"792c9b6a":144,"50312237":155,"9263c525":152,"19e9776f":146,"3f65f121":153,"623c6a31":163,"49902219":172,"be149c6f":137,"d6d61bfc":162,"aa867541":140,"b8488fc8":150,"25a2844e":157,"f789f6d8":149,"dfcc2ad1":165,"b28a5e67":173,"a567ace4":148,"eebc8d43":147,"83b2f9c5":151
1604737608500,"3101354b":131,"92ca52b7":158,"56473430":160,"3b2dee89":151,"eb2e1983":146,"7ee7621c":148,"3c0df8b4":150,"e0e48a2d":145,"f56ac638":136,"e4c312fe":153,"d39724bc":133,"95d331b1":138,"bd984a8e":138,"27d8bf51":144,"7a840529":137,"7218c9f1":134,"9aa6a054":153,"621d6b18":154,"d83294cd":144,"4930f321":141,"cb142908":133,"aa867541":141,"012de09c":144,"a5676c24":148,"65e4235b":149,"7af262e5":162,"831c7b85":146,"1d44aff3":157,"d34a29b9":160,"2e3503e4":160,"e1f0dbfd":162,"754f98c9":157,"0149e11a":132,"7e8e1c3d":151,"e1618359":153,"6bc5d32a":170,"b3863630":142,"8ea21393":131,"655954ba":141,"85de05f2":139,"37a7d5b0":150,"d9d7c4c2":154,"ba30e43a":160,"9e65c0ef":148,"24ffcbd3":170,"014460b9":176,"2045d7d6":146,"1e7753d9":158,"dae0f922":154,"58d46189":163,"56d315d8":131,"7cd0ad7b":159,"5ccf94d6":142,"1f11812e":153,"8db5a165":140,"eebc8d43":148,"28654c76":158,"e35a63cd":149,"7bda83dd":143,"a66a2d8a":167,"be3a10f8":168,"71a2a493":122,"181c3dd5":150,"6867261a":144,"03b4ab60":136,"68562193":143,"37fbb107":152,"b88033fd":155,"5957df9e":148,"36b7003c":171,"e382ec3f":134,"4258c176":141,"04bef50c":129,"bec9d329":161,"7735c3c2":143,"67d30f2b":146,"6c20c153":145,"696fdac5":153,"80a8a56d":144,"704bce0d":150,"056ea7ff":161,"76f94eda":159,"d83294cd":145,"53b4e647":155,"f4b2f575":134,"90d52475":146,"815e4582":162,"3062379b":143,"d3a669ac":158,"98915a1f":127,"315537b2":152,"084cbc0b":142,"d3e84616":159,"e58b26f6":162,"2d54e0a8":143,"affb82bf":162,"08c6b5d2":150,"f4726450":139,"ccdd1ce6":148,"bc021def":153,"09560615":129,"629800eb":163,"43d87483":152,"c803b4a3":148,"263762cb":134,"93ac9ca3":148,"d599b566":162,"f1dffa24":131,"e238f09b":161,"6ce84ff8":132,"437fc3ec":159,"064a99c8":147,"dfc89705":154,"2cce4fb2":154,"5678ed7b":162,"a5aee5de":174,"11888cfa":138,"eed20185":163,"35b58ef9":138,"a3d4a0e5":159,"17807120":148,"a8871ddf":133,"66554572":121,"03c398d2":155,"1f88a4b7":166,"49cb2959":157,"aa867541":142,"0dad37d5":150,"288d171f":146,"dcf85091":134,"c455f40e":134,"9b742f71":148,"4eed1bea":148,"da3437cd":144,"79e4fa1c":151,"c8dc010f":152,"0a96f57a":160,"e1f0dbfd":163,"e1571af7":148,"f8b31ce5":176,"638cb163":166,"7e76c93c":153,"7be025ce":157,"868cda42":144,"719c8869":165,"cc11fef9":156,"026766f3":151,"0841052c":162,"b6591e25":154,"e62d705f":140,"93683c82":148,"be40590d":158,"be3a10f8":169,"4bc46d7a":141,"83b2f9c5":152,"c1bb74f2":139,"0f89862c":125,"616d6dd6":150,"aec4e1bf":147,"540df50f":147,"17446892":141,"227006e4":144,"6df0b2e8":167,"03b4ab60":137,"181c3dd5":151,"2dd0e808":143,"70ee0491":140,"6e44927f":143,"9a3ab0b8":144,"92ca52b7":159,"11b2c8d9":144,"d39724bc":134,"dffa7793":129,"7ee7621c":149,"8f2a7d69":145,"9260d96b":176,"332820ce":153,"b35e9e1a":179,"50312237":156,"8323d333":136,"5acaa06f":118,"f0a06216":149,"ad2d7bed":157,"d815c5b4":176,"ae99df30":143,"619fda68":171,"e28c2efc":139,"789bd484":144,"0670c466":139,"9d63c4dd":150,"39a2fcce":140,"36b7003c":172,"48efc739":168,"254cc28c":151,"39ba00f0":155,"70bc8325":140,"b946e146":166,"d1ca5d6b":155,"affb82bf":163,"383e232d":143,"53a8613c":162,"911e770b":157,"a77e8461":146,"d552eb2f":151,"15620dca":161,"ef8321d8":145,"1f342a00":146,"0277d748":153,"ae95f2ba":171,"c8113b77":139,"7e95c5a0":155,"385ab7c6":151,"faf4f98b":159,"1da771fb":149,"004f1ef3":182,"312f7676":160,"39bbc4bc":162,"3a204e56":148,"836701f6":149,"3f2522c2":154,"d8475b95":120,"b6aaf976":155,"baebb391":157,"12271e14":155,"0114160e":149,"87ce8d1d":134,"fb44fa9c":160,"48655f09":176,"69f3bfcc":147,"804d4dfa":146,"0da28f5b":154,"754f98c9":158,"fe578280":145,"b2c25d1c":143,"72b84094":177,"dcf85091":135,"168e75d9":140,"c455f40e":135,"e1f0dbfd":164,"501db4de":150,"805534ac":154,"efd23af5":138,"3007f31f":137,"ab7467de":160,"cc6bbe45":143,"04ea5673":155,"4fd645f1":134,"5ab7bc35":151,"25776fc4":160,"d9d7c4c2":155,"0b959527":140,"906632cb":158,"58d46189":164,"1a2ec5d7":161,"bb98a6cf":168,"9316e7e8":124,"1f11812e":154,"3f9b5722":135,"2c6cb96f":126,"5ac86fb9":161,"72805bf5":143,"64db4feb":168,"227006e4":145,"4911acad":119,"081460bf":148,"6632fed0":153,"616d6dd6":151,"3c0df8b4":151,"ec11fe5f":131,"db8ba455":149,"6c524f99":154,"c463799d":153,"8db5a165":141,"08a561b7":151,"fead11cf":144,"831c7b85":147,"a15713c6":169,"4c0e547b":158,"c510bfd3":157,"2cce4fb2":155,"49910300":133,"1be05c14":153,"6db0ea86":141,"08a4c3f8":158,"761cf820":154,"b35e9e1a":180,"c7c4ec5c":130,"00554ffd":155,"5f8517b7":172,"608bc832":126,"ee75b607":141,"abad2347":153,"ee21ad02":166,"9d4f1fe6":140,"7735c3c2":144,"4258c176":142,"ba586505":150,"8a52882e":147,"2b3e4717":150,"ccf8b803":157,"f4b2f575":135,"99e171db":148,"97e75c19":158,"254cc28c":152,"272c7672":156,"084cbc0b":143,"21ee2afe":154,"cbb54a0a":137,"0277d748":154,"383e232d":144,"eb7b4e29":138,"08c6b5d2":151,"ccdd1ce6":149,"b5763ff6":138,"6a3eaf43":156,"9e206c95":167,"6d5fcd4c":147,"8547fbc2":145,"385ab7c6":152,"cb142908":134,"9f74b8a4":145,"869cbaa0":159,"eda6a690":127,"f5cd79c1":152,"1da771fb":150,"5623817d":138,"42191b64":127,"19f9ca86":148,"016953e4":160,"aefe13f5":159,"bad6cdb1":125,"458dcc3d":169,"9fce073c":146,"77bfed7e":151,"8ac72326":142,"a836aa93":140,"9267f0ef":168,"655954ba":142,"f3992a31":153,"0a92153e":145,"f76a3e83":156,"6490bac6":141,"972f4174":158,"8f9b74b0":142,"93e8cee5":172,"79e4fa1c":152,"5fa12feb":154,"debe1f65":151,"4dac6b20":126,"e1571af7":149,"aa021138":162,"ca7d47f7":158,"88fa53d6":129,"b7505747":147,"7be025ce":158,"08a06557":170,"cc11fef9":157,"4279e829":171,"0c043224":162,"5ccf94d6":143,"a6003226":147,"71279c46":145,"0ecfa1c9":141,"bfcb912a":150,"ed4fad08":158,"24a9fb86":164,"181c3dd5":152,"7896b953":155,"83b2f9c5":153,"831c7b85":148,"7fdc2007":135,"7c0a2db6":142,"3c0df8b4":152,"c1bb74f2":140,"dc03ebd2":163,"9d023afb":146,"6e44927f":144,"a567ace4":149,"781ace7d":147,"f2e3c0e3":132,"8eb64769":156,"fb44fa9c":161,"8aa78e2f":138,"23080895":132,"69f3bfcc":148,"2d382981":142,"d6db2b02":159,"17807120":149,"6d802fa2":137,"b552beb3":151,"cf50e84e":140,"408bb2ed":146,"554ebb83":153,"06073f13":162,"8493f3b2":148,"d33790a2":172,"b377a62a":142,"332820ce":154,"eebc8d43":149,"b3f19a69":138,"ae99df30":144,"bf30a08f":160,"730a4938":138,"87c462ee":164,"1bb4ccc0":151,"8bc04eb5":149,"19e9776f":147,"58d46189":165,"d70ca4f4":160,"a983a6dc":135,"e99318a3":152,"36684155":151,"44a4f7cd":153,"a1921150":162,"25d1b2d8":161,"9d9dd9e5":142,"d744bee2":140,"d552eb2f":152,"a63bddd4":180,"de6213c7":142,"7080f122":145,"88b3bc99":135,"b947257e":153,"51f57142":152,"6a3eaf43":157,"558d5ce7":151,"865d9857":127,"c793cdda":151,"140ce69e":146,"b9a48a5c":135,"e45b4b53":139,"a58bf525":150,"578f6e9e":151,"5b60dd1d":154,"836701f6":150,"09f0db62":180,"1da771fb":151,"abd32136":154,"76f94eda":160,"e4cfef0a":133,"9aa6a054":154,"43d87483":153,"9c29f0ed":165,"faf4f98b":160,"972f4174":159,"80a8a56d":145,"8e99d5d0":174,"34c5c729":142,"79f04300":149,"9f2b16a7":163,"a851554d":152,"b215547b":136,"2ad42a9e":162,"5fa12feb":155,"ccb5ea3e":132,"21e10a2b":151,"bfad1727":132,"77898c22":123,"dac109cf":146,"c4e70c07":143,"fbdffc95":137,"75ffea08":148,"14c682eb":136,"b320feb9":153,"ffc86f94":122,"288a2c43":141,"42c80e69":158,"3a1d1632":121,"a0685bf3":163,"5ef93e5d":130,"313258f2":152,"d78dd457":135,"95904ac4":165,"8063df14":153,"2198ba8e":144,"baebb391":158,"468fc85c":158,"73b15e04":144,"820225e4":124,"f1098793":142,"4cc141fa":124,"8aa78e2f":139,"04612878":159,"0d2c95fe":148,"5678ed7b":163,"a4dafea5":142,"28d41578":165,"3310a049":151,"cfe72ead":140,"792c9b6a":145,"4ea4a2a1":155,"ea274174":150,"f1862e79":130,"1ff8c2fc":164,"00554ffd":156,"fafb4cc2":188,"70ee0491":141,"33d6bb6a":141,"ec110282":170,"1745a0f4":152,"b28a5e67":174,"c1bb74f2":141,"49cb2959":158,"ea4d3f3e":158,"124fbe96":132,"11b74e63":143,"ee21ad02":167,"79be29c8":137,"6b82b527":156,"e62d705f":141,"381c68fa":148,"c2bb8aae":145,"906632cb":159,"9316e7e8":125,"f1b493de":166,"74f234c6":180,"6841f77e":154,"aec4e1bf":148,"081460bf":149,"4911acad":120,"60d6cee2":145,"99e171db":149,"815e4582":163,"9ceb5439":130,"b88033fd":156,"84369269":128,"d5557fb4":152,"50d129cf":136,"6a3eaf43":158,"730338c4":159,"084cbc0b":144,"51f57142":153,"eb7b4e29":139,"865d9857":128,"778c95e9":151,"53a8613c":163,"15620dca":162,"a625328f":156,"ef8321d8":146,"cbb54a0a":138,"f87c5031":149,"3c43e8a2":160,"09ff339a":125,"e238f09b":162,"8dd649a3":144,"312f7676":161,"3712c4bd":132,"3f2522c2":155,"93b9fae6":141,"e4cfef0a":134,"ffa08d82":152,"9aa6a054":155,"4d9b0b10":147,"cc5a1d47":142,"7a4c064c":158,"6b78ad7f":153,"8e99d5d0":175,"9f2b16a7":164,"bd984a8e":139,"104721f0":153,"7f86be64":147,"b2c25d1c":144,"fb8bfb36":158,"44ff8baa":148,"26dd2000":167,"7e8e1c3d":152,"93e8cee5":173,"9d0546ac":135,"3ef7432b":157,"638cb163":167,"4def63ee":126,"08a06557":171,"259930ee":154,"416a9e97":144,"ad8f85d6":157,"946df4fd":165,"a636f4c9":163,"baebb391":159,"74e01f6a":148,"23080895":133,"6db0ea86":142,"e7e82473":172,"0f72f2d8":144,"1f88a4b7":167,"159ffd0b":138,"6291e9e9":155,"489a39f7":145,"411b5027":135,"3d1af513":157,"fa55f27a":156,"00554ffd":157,"336d0f08":164,"761cf820":155,"ef16ca37":144,"d0b297b2":132,"28654c76":159,"195eb771":147,"7af262e5":163,"810aa5e9":159,"e35a63cd":150,"43bc86e3":142,"a567ace4":150,"dfcc2ad1":166,"e865e4dd":143,"a59a8290":152,"537634c9":130,"74c26380":169,"c510bfd3":158,"50b558a7":131,"d4d5f466":141,"e3547548":140,"92f800f5":152,"ffc86f94":123,"8db62558":142,"d033db8d":168,"d70ca4f4":161,"94a2fe10":160,"0af920d8":141,"db703021":140,"19e9776f":148,"00cf385d":157,"fea793f5":156,"6841f77e":155,"e382ec3f":135,"6b82b527":157,"b0869206":154,"35aa7fd0":152,"0681c48e":158,"42c80e69":159,"3c18f28e":144,"17446892":142,"288a2c43":142,"6867261a":145,"f2364460":146,"254cc28c":153,"bda8cdfb":160,"1a0189c4":144,"449d8475":137,"b8ab8e6e":142,"e99318a3":153,"d1676e89":151,"3c43e8a2":161,"e238f09b":163,"30b6808c":134,"76f94eda":161,"c8113b77":140,"4d9b0b10":148,"6034b6d0":149,"4930f321":142,"d2466211":163,"53431634":171,"4b4ecbce":131,"5e193fc8":151,"0a92153e":146,"bd984a8e":140,"ebdbf580":151,"3ef7432b":158,"7f86be64":148,"9a80f004":145,"3007f31f":138,"4295ce9a":147,"21ad2f34":155,"7bebff03":138,"c45d554f":157,"a63bddd4":181,"9fa62fee":142,"2dda3936":136,"af0b61ab":152,"217c0327":131,"39ba00f0":156,"1d153b20":153,"d552eb2f":153,"18815a1b":145,"8547fbc2":146,"7e991ab9":115,"911e770b":158,"140ce69e":147,"835358a0":140,"695a2b92":136,"27f52ed3":171,"71ff66e8":142,"c564e316":159,"eed20185":164,"27c8e038":158,"99d130c9":156,"71bc1295":142,"bc392d1c":132,"cbad3b92":179,"6d802fa2":138,"24d24fa3":139,"411b5027":136,"a4dafea5":143,"a8871ddf":134,"54a676d6":140,"6291e9e9":156,"b552beb3":152,"b35e9e1a":181,"408bb2ed":147,"c4aa1e38":131,"5ee911b5":140,"cd95f558":152,"d33790a2":173,"a901627e":137,"a851891c":140,"25a2844e":158,"0e2b5d2f":154,"69eeae0d":130,"4bc46d7a":142,"c1bb74f2":142,"4def63ee":127,"c4e70c07":144,"1623fc9f":148,"2af60749":151,"75ffea08":149,"14c682eb":137,"9bdf362a":149,"1e191c98":130,"1f11812e":155,"5cd3cfe0":138,"93683c82":149,"180377be":144,"f4634d0b":145,"142d6987":150,"a5676c24":149,"cfafcda8":144,"3a291497":138,"831c7b85":149,"dd035d2a":147,"b102f7bd":160,"abad2347":154,"2a4a402a":148,"67d30f2b":147,"79be29c8":138,"3c18f28e":145,"bfcb912a":151,"8d04852b":147,"40860a4b":132,"13747b82":159,"03b4ab60":138,"32133249":148,"b88033fd":157,"cf775f58":161,"bad1a1cc":145,"f2364460":147,"794f652b":162,"1b881e6e":152,"d5557fb4":153,"bb00e71c":133,"6841f77e":156,"ee21ad02":168,"b3f19a69":139,"608bc832":127,"7a4c064c":159,"470d50c2":145,"90a06ee9":149,"e1618359":154,"0dad37d5":151,"a0cca8b7":137,"145c7559":151,"bfad1727":133,"76f94eda":162,"cc5a1d47":143,"b9be31d6":156,"b73e789c":142,"8ac72326":143,"9c29f0ed":166,"911e770b":159,"cbb54a0a":139,"0bd93cfd":117,"12dd6f5e":134,"0fc5ac7e":177,"eeaa2d46":161,"53a8613c":164,"4bcd4a30":160,"7028b044":138,"36d340f2":126,"3f65f121":154,"a6626a13":136,"8547fbc2":147,"416a9e97":145,"a58bf525":151,"0b3283c9":152,"c564e316":160,"695a2b92":137,"3a204e56":149,"09ff339a":126,"2203f259":157,"064a99c8":148,"cac4449a":145,"c27969ec":144,"a636f4c9":164,"56752a4a":136,"742f1425":157,"e36dfd6f":157,"0f72f2d8":145,"b36a0d66":139,"17b08923":145,"bbe71605":130,"28d41578":166,"e81834aa":167,"868edcc0":163,"2dd0e808":144,"fee32863":153,"3f75d3bc":173,"e5b1abc6":141,"a851891c":141,"fef750ca":151,"be3a10f8":170,"731fc335":130,"dc0c8b09":158,"43bc86e3":143,"9d0546ac":136,"efe84c27":149,"704bce0d":151,"debe1f65":152,"8ea21393":132,"daab45c6":139,"aa021138":163,"e2cbe594":153,"d6f0d94a":136,"4def63ee":128,"b320feb9":154,"2154b6e8":138,"28d40296":117,"ca7d47f7":159,"3b690f68":152,"751bcf25":140,"30dbfc69":144,"0841052c":163,"0af920d8":142,"1a2ec5d7":162,"9316e7e8":126,"20958d58":140,"d9a64845":148,"f789f6d8":150,"dfcc2ad1":167,"bc3dc66a":152,"57d5dee8":155,"4911acad":121,"31f6ba51":143,"76f3a3be":150,"32133249":149,"35aa7fd0":153,"31d74eee":141,"90d52475":147,"394dc144":139,"9d63c4dd":151,"449d8475":138,"67d30f2b":148,"16b476e9":149,"124fbe96":133,"1bb4ccc0":152,"00cf385d":158,"7ee7621c":150,"1c0a9eff":144,"ef16ca37":145,"fa55f27a":157,"4ba6eb36":143,"1ff8c2fc":165,"36fb15d2":160,"0ac825ed":151,"d33790a2":174,"7f86be64":149,"a836aa93":141,"f76a3e83":157,"6fb4cdda":167,"4c4aa2e2":145,"168e75d9":141,"8e99d5d0":176,"07f98660":156,"9aa6a054":156,"ef14000f":170,"91536e85":150,"053f3451":146,"36b7003c":173,"bf822e33":146,"de6213c7":143,"70bc8325":141,"d2a841c9":146,"fd6dcb20":147,"5747db6e":160,"25a7a0a3":154,"3062379b":144,"12012fbd":136,"d552eb2f":154,"f3d68430":156,"bca2d7cd":137,"aec074c4":160,"bb99c79c":154,"865d9857":129,"93b9fae6":142,"056ea7ff":162,"5781776a":150,"e7773397":133,"016953e4":161,"8274885a":155,"e45b4b53":140,"3f2522c2":156,"b769bdfb":145,"e8d74304":136,"742f1425":158,"a0b03218":151,"dfc89705":155,"13f0e139":133,"e7e82473":173,"9fc713b0":158,"8eb64769":157,"2d1e1e9d":145,"de36827b":169,"4b3e3b1c":157,"90731976":142,"d9dcdc4b":163,"26009d3f":138,"dfcc2ad1":168,"d9d0c567":149,"478d2d4f":163,"8a165e17":156,"ccb5ea3e":133,"bc09fa9e":149,"6490bac6":142,"d25e0f8d":176,"cd421290":144,"7b6a7048":151,"27d8bf51":145,"868cda42":145,"e32524d6":148,"aa021138":164,"0a2f71bc":141,"08a06557":172,"d9d7c4c2":156,"e786063b":161,"61f25dd4":168,"c2bb8aae":146,"20e470e0":136,"bb98a6cf":169,"f4634d0b":146,"b6591e25":155,"f883d582":140,"8b5a8e9f":158,"08a561b7":152,"a472532e":135,"c1bb74f2":143,"a851891c":142,"19551bad":135,"cfafcda8":145,"61145ec9":157,"72805bf5":144,"4911acad":122,"0ecfa1c9":142,"a2c334e7":160,"5ac86fb9":162,"6867261a":146,"76f3a3be":151,"36b7003c":174,"90d52475":148,"00a481e3":161,"a8c93bed":143,"ee75b607":142,"e6ec8cbf":157,"ee21ad02":169,"79be29c8":139,"91b28f83":150,"1b153aef":158,"b4fdf90e":161,"b8397293":138,"45b038bb":177,"fa55f27a":158,"8493f3b2":149,"554ebb83":154,"aa187e3b":144,"6775d5cd":148,"3498f223":144,"1634789b":143,"1a0189c4":145,"789bd484":145,"aff8e442":151,"faf3ed07":142,"b947257e":154,"ec2cb1af":151,"7028b044":139,"175bc6b2":128,"af0b61ab":153,"1f342a00":147,"6de0aaac":142,"e58b26f6":163,"f2ca27d9":157,"50c3164b":165,"f5596d0f":155,"f87c5031":150,"9fa62fee":143,"9e206c95":168,"77bfed7e":152,"ad303bda":141,"d7cb9bcf":138,"753ca352":142,"ffa08d82":153,"8ac72326":144,"42191b64":128,"eda6a690":128,"014bdff0":150
1604737609383,"2203f259":158,"363590c7":165,"3c43e8a2":162,"c7ab83c1":140,"04612878":160,"b460f030":174,"23080895":134,"a0b03218":152,"35b58ef9":139,"4cc141fa":125,"dd1fcb17":140,"411b5027":137,"0b5a0408":155,"26009d3f":139,"32c9fc47":153,"3c782bb3":147,"1138796e":155,"013ee301":139,"8f2a7d69":146,"d33790a2":175,"8245f916":146,"b7407bd3":140,"cfe72ead":141,"a533489b":161,"b35e9e1a":182,"c318d350":162,"0b3283c9":153,"e238f09b":164,"064a99c8":149,"c382f054":160,"b215547b":137,"0dad37d5":152,"1a68160d":154,"70594a28":156,"6fb4cdda":168,"90a06ee9":150,"e2a7d915":127,"e21c6207":152,"9d0546ac":137,"77898c22":124,"79e4fa1c":153,"f4343817":151,"44c77422":150,"8dd649a3":145,"27c8e038":159,"a8871ddf":135,"725dce8b":156,"a1370ab0":147,"68562193":144,"af034fee":161,"42c80e69":160,"f94bf9ea":149,"6632fed0":154,"815e4582":164,"b8ab8e6e":143,"2b3e4717":151,"0670c466":140,"ce3407dd":145,"9ceb5439":131,"5957df9e":149,"ef14000f":171,"1951480c":134,"c4aa1e38":132,"792cfcbd":148,"5acaa06f":119,"22aeaf03":147,"b84a06eb":155,"baebb391":160,"8323d333":137,"eda6a690":129,"66554572":122,"56752a4a":137,"554ebb83":155,"06ddafc7":130,"c609739e":150,"013ee301":140,"02d4753e":175,"bad6cdb1":126,"d9dcdc4b":164,"8c6e001f":125,"34658473":136,"45fb95c1":147,"3bad3c95":130,"14c682eb":138,"df2b4d87":139,"4fd645f1":135,"5f620a1e":151,"ffc86f94":124,"cf1124db":136,"8942c35b":148,"4360a1a3":166,"3b690f68":153,"d78dd457":136,"65e4235b":150,"7c0a2db6":143,"e35a63cd":151,"d83870f5":142,"0042f6eb":143,"d9a64845":149,"ae016053":167,"bd2705b0":154,"730338c4":160,"b9a48a5c":136,"21ee2afe":155,"70bc8325":142,"f87c5031":151,"70c1e715":152,"6d339d45":125,"3062379b":145,"a625328f":157,"22176537":142,"8dd2684c":151,"b7832271":162,"6a3eaf43":159,"f2ca27d9":158,"e7773397":134,"a58bf525":152,"9a3cc55d":136,"c0b7e7d7":136,"5410e9c6":159,"2c5c1dc0":139,"60e855ee":169,"27c8e038":160,"be1746a0":152,"c609739e":151,"12271e14":156,"f044c0e1":143,"4cc141fa":126,"5e09f69e":179,"d6d61bfc":163,"8d04852b":148,"42c80e69":161,"47cfba38":136,"32133249":150,"dcfaba4c":151,"31d74eee":142,"2b3e4717":152,"ce3407dd":146,"e99318a3":154,"23760167":151,"088feee2":153,"44a4f7cd":154,"1e191c98":131,"dbd2f139":154,"66b7b5b4":144,"8e780922":150,"b3863630":143,"79f04300":150,"0149e11a":133,"e7abc88d":142,"c8dc010f":153,"470d50c2":146,"5be594be":146,"debe1f65":153,"5fa12feb":156,"acac14fb":145,"efd23af5":139,"6b9eff39":144,"e21c6207":153,"805af3c7":155,"804d4dfa":147,"8d753bb6":148,"9a3ab0b8":145,"a15713c6":170,"d929098e":128,"13b53c7a":147,"5b5fc566":144,"74c26380":170,"ec11fe5f":132,"7735c3c2":145,"d8e58a8c":168,"afe8e06a":133,"e4c312fe":154,"67d30f2b":149,"cb142908":135,"7fb4c521":150,"2ce1af05":134,"2b698053":154,"9aa6a054":157,"cc5a1d47":144,"e0f7679f":131,"dd1fcb17":141,"88a30343":147,"159ffd0b":139,"013ee301":141,"8298e976":159,"8323d333":138,"4ba6eb36":144,"40569362":165,"336d0f08":165,"45b038bb":178,"4ea4a2a1":156,"06073f13":163,"aab4d996":146,"868cda42":146,"7043382d":152,"1623fc9f":149,"2154b6e8":139,"fbdffc95":138,"1e7753d9":159,"4279e829":172,"c8977844":147,"d634aa28":166,"1e191c98":132,"5ccf94d6":144,"19e9776f":149,"a6626a13":137,"f069bb07":144,"30dd2edc":153,"bca2d7cd":138,"88b3bc99":136,"12012fbd":137,"865d9857":130,"2c01e624":149,"d6320619":139,"84b67924":151,"0bd93cfd":118,"21ee2afe":156,"f2f58418":139,"ccdd1ce6":150,"621d6b18":155,"7af262e5":164,"20958d58":141,"52eca0dc":151,"e865e4dd":144,"a8c93bed":144,"8db5a165":142,"8063df14":154,"5f96c2bc":147,"dfcc2ad1":169,"c6dc900c":127,"42cd2360":124,"db8ba455":150,"50b558a7":132,"263762cb":135,"8e4c33d2":145,"eda6a690":130,"317c1591":160,"3a204e56":150,"578f6e9e":152,"fe1d4419":146,"2c24d929":163,"104721f0":154,"d548635d":151,"f3992a31":154,"5be594be":147,"ebdbf580":152,"ab7d4c9a":138,"26dd2000":168,"4b4ecbce":132,"bfad1727":134,"8f9b74b0":143,"805534ac":155,"c8dc010f":154,"51c57542":158,"ab7467de":161,"9f5e6cba":156,"0681c48e":159,"3a1d1632":122,"c93c3508":126,"4125085e":162,"e4714415":162,"64db4feb":169,"0670c466":141,"bf822e33":147,"9d63c4dd":152,"d5557fb4":154,"3a291497":139,"93b0a158":159,"5acce642":143,"ba586505":151,"a6b5e869":148,"d4d5f466":142,"20811ddf":153,"f56ac638":137,"8ac72326":145,"619fda68":172,"f1098793":143,"b2bd8fd3":142,"481754fc":134,"a543ec74":133,"a636f4c9":165,"f044c0e1":144,"4ff2225d":142,"d82592f4":150,"a3d4a0e5":160,"d36125db":155,"6a60348e":146,"868edcc0":164,"fb44fa9c":162,"8f2a7d69":147,"02d4753e":176,"358e45b1":143,"50312237":157,"8493f3b2":150,"0ac825ed":152,"9e878ec2":159,"ea6de194":155,"7043382d":153,"0b959527":141,"e786063b":162,"014460b9":177,"0a2f71bc":142,"2af60749":152,"9316e7e8":127,"c8977844":148,"a68a93b2":143,"1a2ec5d7":163,"381c68fa":149,"8942c35b":149,"7cd0ad7b":160,"0785820e":147,"2b698053":155,"597c1f81":152,"a06a6430":154,"faf4f98b":161,"a0685bf3":164,"a901627e":138,"c91966ce":137,"dc0c8b09":159,"99e171db":150,"37fbb107":153,"254cc28c":154,"39ba00f0":157,"a625328f":158,"fd369c21":164,"af157d29":151,"36d340f2":127,"508aac3d":155,"7e991ab9":116,"8cc4a982":161,"1f342a00":148,"a77e8461":147,"bca2d7cd":139,"9de29816":130,"558d5ce7":152,"f2ca27d9":159,"1da771fb":152,"3c43e8a2":163,"eda6a690":131,"1951480c":135,"26f99a1e":144,"016953e4":162,"dc583e64":162,"f598a332":132,"0da28f5b":155,"5e193fc8":152,"4c4aa2e2":146,"9f2b16a7":165,"696fdac5":154,"288d171f":147,"7e8e1c3d":153,"d25e0f8d":177,"b7cc7909":162,"d6d61bfc":164,"3a1d1632":123,"2ab62345":138,"081460bf":150,"4911acad":123,"aec4e1bf":149,"cf1b8c47":159,"8f10fa42":179,"bd62d7ed":135,"3c0df8b4":153,"062179c1":151,"e865e4dd":145,"e35a63cd":152,"3101354b":132,"d78dd457":137,"dd035d2a":148,"cb4f262b":137,"d83870f5":143,"87c462ee":165,"a6b5e869":149,"ea4d3f3e":159,"95d331b1":139,"4652b09a":165,"792cfcbd":149,"2c24d929":164,"458dcc3d":170,"a636f4c9":166,"dfc89705":156,"88a30343":148,"baebb391":161,"0f72f2d8":146,"a6bcb07e":153,"4ff2225d":143,"3c782bb3":148,"95f6db13":147,"e36dfd6f":158,"d6db2b02":160,"3a1b9af5":150,"6585adbe":125,"3652bd66":149,"cfe72ead":142,"554ebb83":156,"50312237":158,"08a4c3f8":159,"7d112f4d":158,"5a622a23":150,"da3437cd":145,"25e0dd3d":150,"c45d554f":158,"e1571af7":150,"4def63ee":129,"fbdffc95":139,"c4e70c07":145,"08a06557":173,"e5d3655c":164,"d6f0d94a":137,"c8977844":149,"1f11812e":156,"d033db8d":169,"58d46189":166,"1e7753d9":160,"b7434f57":119,"902f49f5":146,"1dad0f99":139,"d2466211":164,"d7cb9bcf":139,"7e95c5a0":156,"ef14000f":172,"2b698053":156,"0785820e":148,"842c8340":138,"faf3ed07":143,"5d087c79":147,"5a0eb771":148,"04643409":158,"7e15f8e8":151,"bad1a1cc":146,"084cbc0b":145,"d552eb2f":155,"884b0ad1":145,"0e036ae9":161,"2c01e624":150,"b946e146":167,"eb7b4e29":140,"315537b2":153,"c0e2624b":143,"9e206c95":169,"2d54e0a8":144,"9a467a82":157,"bb99c79c":155,"affb82bf":164,"363590c7":166,"437fc3ec":160,"7ee148e9":150,"c318d350":163,"19f9ca86":149,"d1676e89":152,"5e193fc8":153,"a4296d1e":148,"c382f054":161,"79f04300":151,"5781776a":151,"c9efc8f6":151,"6df0b2e8":168,"4911acad":124,"40860a4b":133,"f94bf9ea":150,"8d04852b":149,"5774ac0d":161,"0042f6eb":144,"a5676c24":150,"95904ac4":166,"f67de058":156,"c463799d":154,"7c0a2db6":144,"da04caac":158,"9a07d89b":145,"fd482491":170,"0f89862c":126,"d9d0c567":150,"e5b1abc6":142,"012de09c":145,"c1bb74f2":144,"e6ec8cbf":158,"ba586505":152,"1bb4ccc0":153,"e4117b3b":131,"5eab91a0":157,"aa187e3b":145,"f0a06216":150,"c27969ec":145,"ae8a09c4":152,"9fc713b0":159,"6ebe2354":130,"d82592f4":151,"c6e3d352":155,"1f88a4b7":168,"23080895":135,"1438fad7":153,"0d2c95fe":149,"f044c0e1":145,"5678ed7b":164,"159ffd0b":140,"54a676d6":141,"cfe72ead":143,"8245f916":147,"6f0fcb9d":153,"3a1b9af5":151,"5ee911b5":141,"4ea4a2a1":157,"82b81567":131,"753ca352":143,"cb142908":136,"629800eb":164,"f1df62b4":153,"10ec5a0b":133,"ef91eaae":135,"cc5a1d47":145,"5be594be":148,"704bce0d":152,"8f9b74b0":144,"1e232870":155,"4e5aaaec":132,"7b6a7048":152,"79e4fa1c":154,"5fa12feb":157,"9d0546ac":138,"e21c6207":154,"8f13c203":140,"df2b4d87":140,"0f029727":137,"7be025ce":159,"fce3c5c6":141,"c015ec5a":151,"04ea5673":156,"94a2fe10":161,"180377be":145,"f1b493de":167,"a4f1d83b":134,"0d5ee801":142,"dbd2f139":155,"be40590d":159,"bda8cdfb":161,"93fdbb44":138,"a983a6dc":136,"ce3407dd":147,"5339e1e9":156,"b8ab8e6e":144,"7e15f8e8":152,"730338c4":161,"2a06ab95":160,"12dd6f5e":135,"cbb54a0a":140,"b7832271":163,"7d6895f4":155,"aec074c4":161,"e9adbe58":152,"1d153b20":154,"c0e2624b":144,"d744bee2":141,"f2ca27d9":160,"ef8321d8":147,"7080f122":146,"5623817d":139,"fe1d4419":147,"227006e4":146,"71279c46":146,"60d6cee2":146,"c93c3508":127,"0ecfa1c9":143,"5f6613c8":140,"181c3dd5":153,"19f9ca86":150,"ea9bba6b":149,"9a3cc55d":137,"dfcc2ad1":170,"478d2d4f":164,"c510bfd3":159,"ae016053":168,"8007f30e":124,"aa867541":143,"fead11cf":145,"0f89862c":127,"dc03ebd2":164,"cfafcda8":146,"65e4235b":151,"a5676c24":151,"71e53c93":155,"195eb771":148,"8bc04eb5":150,"abad2347":155,"1bb4ccc0":154,"bd2705b0":155,"04cc7cbe":136,"ba586505":153,"e6ec8cbf":159,"d599b566":163,"d1676e89":153,"23080895":136,"3e602573":141,"64a7f79f":150,"9c58dd76":159,"946df4fd":166,"0114160e":150,"bc392d1c":133,"4ff2225d":144,"b460f030":175,"a8871ddf":136,"3c782bb3":149,"3310a049":152,"a4dafea5":144,"bbe71605":131,"1b153aef":159,"45b038bb":179,"619fda68":173,"76f94eda":163,"93b9fae6":143,"50c468ba":151,"9c29f0ed":167,"ba938220":148,"621d6b18":156,"8245f916":148,"685207b3":153,"f2086446":142,"1247fa52":157,"acac14fb":146,"5be594be":149,"104721f0":155,"85de05f2":140,"4c4aa2e2":147,"c8dc010f":155,"547903ef":154,"25e0dd3d":151,"92136ff5":148,"7bebff03":139,"efd23af5":140,"3bad3c95":131,"14c682eb":139,"ba30e43a":161,"e786063b":163,"e3547548":141,"c1bdfd41":142,"4777334c":144,"6e24d88b":134,"5272520d":154,"30fdcd3b":144,"bb98a6cf":170,"f4634d0b":147,"c3e6ef01":151,"8db62558":143,"4ea4a2a1":158,"e15fd611":133,"bda8cdfb":162,"7e15f8e8":153,"47d27624":130,"449d8475":139,"9ceb5439":132,"99e171db":151,"aaa274a5":149,"f271ed5d":152,"884b0ad1":146,"315537b2":154,"2c01e624":151,"f4726450":140,"546f6845":151,"8cc4a982":162,"0d2a1c58":145,"835358a0":141,"6143f39d":151,"eafbf9fb":151,"0277d748":155,"3454fa2b":139,"ef16ca37":146,"288afc30":146,"4ac6bd4e":134,"03b4ab60":139,"725dce8b":157,"227006e4":147,"b769bdfb":146,"e238f09b":165,"a0685bf3":165,"1745a0f4":153,"7fdc2007":136,"33d6bb6a":142,"f3a0c2ee":151,"8721056e":140,"2c6cb96f":127,"a567ace4":151,"3f75d3bc":174,"78b97937":156,"6023df54":143,"7896b953":156,"43bc86e3":144,"dd035d2a":149,"ae99df30":145,"7f6d1d0e":154,"bf30a08f":161,"d815c5b4":177,"51a3e9c2":155,"16b476e9":150,"54d7de6b":167,"eda6a690":132,"971675c5":153,"363590c7":167,"22aeaf03":148,"77d35808":132,"dfc89705":157,"d8475b95":121,"04612878":161,"a543ec74":134,"5678ed7b":165,"35b58ef9":140,"05642105":150,"2d382981":143,"013ee301":142,"87922532":169,"95f6db13":148,"159ffd0b":141,"8d753bb6":149,"0be540c5":156,"c5b35e4d":137,"972f4174":160,"8e780922":151,"0dad37d5":153,"2e3503e4":161,"f3992a31":155,"b3863630":144,"f9f2c53f":128,"cd421290":145,"6490bac6":143,"18d20aa1":144,"c8dc010f":156,"bfad1727":135,"201cafad":150,"4c39240e":164,"30c5d755":158,"4def63ee":130,"4fd645f1":136,"e3547548":142,"4577b333":152,"57167c74":140,"ddec9e54":147,"7cd0ad7b":161,"b6591e25":156,"9fce073c":147,"77bfed7e":153,"d4ee22a4":156,"50c468ba":152,"0d28db94":141,"af7e5be8":149,"ac030e74":139,"2ab62345":139,"aa9ea5e8":137,"e9a8cf11":151,"6632fed0":155,"7e15f8e8":154,"2b3e4717":153,"1634789b":144,"8a52882e":148,"23760167":152,"84369269":129,"6adce358":168,"f271ed5d":153,"aaa274a5":150,"12dd6f5e":136,"84b67924":152,"865d9857":131,"88b3bc99":137,"172217e5":156,"2180f99b":145,"ea822700":144,"18815a1b":146,"cfe72ead":144,"d33790a2":176,"36fb15d2":161,"288afc30":147,"9e878ec2":160,"50312237":159,"40569362":166,"40a745c0":154,"430a5db5":155,"93683c82":150,"66b7b5b4":145,"cbb54a0a":141,"0277d748":156,"f87c5031":152,"6143f39d":152,"cd522166":163,"78b97937":157,"9b546d65":139,"bd62d7ed":136,"a567ace4":152,"2a4a402a":149,"f3a0c2ee":152,"fe8f3d36":142,"5f96c2bc":148,"7c0a2db6":145,"731fc335":131,"ec110282":171,"45b5746e":148,"5ef93e5d":131,"cb4f262b":138,"7fef9973":154,"730a4938":139,"a6b5e869":150,"7735c3c2":146,"7f6d1d0e":155,"5eab91a0":158,"5623817d":140,"317c1591":161,"e45b4b53":141,"3e082b37":139,"014bdff0":151,"8dc9b4db":157,"6b79fec2":142,"a0b03218":153,"b6aaf976":156,"03c398d2":156,"13f0e139":134,"8cf83787":142,"87922532":170,"95f6db13":149,"7732eb1e":168,"23080895":137,"0f72f2d8":147,"0b5a0408":156,"b552beb3":153,"cf84fb54":157,"6a60348e":147,"03b4ab60":140,"d6d61bfc":165,"5a734022":140,"e9a8cf11":152,"031e488e":152,"6867261a":147,"6632fed0":156,"36684155":152,"8ec3834d":159,"77f31bab":163,"93fdbb44":139,"9ceb5439":133,"f66616b7":152,"842c8340":139,"284544ba":142,"f4726450":141,"911e770b":160,"9496f56f":152,"77bfed7e":154,"d4ee22a4":157,"91536e85":151,"af7e5be8":150,"7218c9f1":135,"629800eb":165,"34c5c729":143,"e9679ede":145,"efe84c27":150,"5be594be":150,"1247fa52":158,"f121b82c":163,"2209903e":158,"c21ab51e":133,"92136ff5":149,"9d0546ac":139,"e2cbe594":154,"bc09fa9e":150,"40e79dd3":150,"daab45c6":140,"4577b333":153,"5ab7bc35":152,"d6f0d94a":138,"a33fe0dd":150,"4fd645f1":137,"92f800f5":153,"40569362":167,"b2a8761b":137,"761cf820":156,"d0b297b2":133,"3d1af513":158,"4f5e3e7d":135,"b35e9e1a":183,"259930ee":155,"902f49f5":147,"6f81493d":141,"30dbfc69":145,"7cd0ad7b":162,"a68a93b2":144,"1a2ec5d7":164,"8942c35b":150,"ef1c2dcb":144,"0277d748":157,"3661e12d":143,"de6213c7":144,"6d5fcd4c":148,"84b767be":174,"1f342a00":149,"6d339d45":126,"4469c815":120,"865d9857":132,"172217e5":157,"6c486702":156,"33d6bb6a":143,"8063df14":155,"a0685bf3":166,"6a7392d5":135,"ba5c52af":147,"1bc0591f":142,"345c9967":134,"a472532e":136,"7c0a2db6":146,"6023df54":144,"ec110282":172,"61145ec9":158,"a851891c":143,"5b5fc566":145,"935ec056":137,"04bef50c":130,"1757a30e":144,"e0e48a2d":146,"c95719e5":142,"95d3d348":141,"83086d4c":155,"b1f58563":142,"e7773397":135,"a77e127d":128,"6ce84ff8":133,"742f1425":159,"f1098793":144,"07fc4a9a":161,"90a06ee9":151,"ab7d4c9a":139,"e0154608":149,"9b742f71":149,"c21ab51e":134,"f2086446":143,"f121b82c":164,"efd23af5":141,"7e8e1c3d":154,"f734c84c":167,"21ad2f34":156,"3007f31f":139,"26dd2000":169,"79e4fa1c":155,"9bdf362a":150,"14c682eb":140,"be149c6f":138,"17446892":143,"a2c334e7":161,"35aa7fd0":154,"5f6613c8":141,"47cfba38":137,"540df50f":148,"f4b2f575":136,"39a2fcce":141,"9d9dd9e5":143,"815e4582":165,"48efc739":169,"5d087c79":148,"84369269":130,"8298e976":160,"2198ba8e":145,"e382ec3f":136,"e4117b3b":132,"67c57de4":170,"abd32136":155,"e4cfef0a":135,"4f59a322":149,"c38c2b52":145,"ae95f2ba":172,"af7e5be8":151,"a6bcb07e":154,"27c8e038":161,"e81834aa":168,"99d130c9":157,"7732eb1e":169,"468fc85c":159,"b7df1559":147,"a3d4a0e5":161,"26009d3f":140,"4ac6bd4e":135,"36fb15d2":162,"408bb2ed":148,"67f6e4f2":134,"f1862e79":131,"b2a8761b":138,"358e45b1":144,"b5ce0c0c":166,"fbdffc95":140,"d9d7c4c2":157,"caddd0a7":154,"c015ec5a":152,"902f49f5":148,"6e24d88b":135,"5cd3cfe0":139,"d033db8d":170,"bb98a6cf":171,"c3e6ef01":152,"b6591e25":157,"bca2d7cd":140,"4bcd4a30":161,"36d340f2":128,"f2ca27d9":161,"383e232d":145,"88b3bc99":138,"53a8613c":165,"2180f99b":146,"a77e8461":148
1604737610302,"6a7392d5":136,"7fdc2007":137,"b102f7bd":161,"e5b1abc6":143,"c510bfd3":160,"cd522166":164,"dc0c8b09":160,"a0cf08b3":119,"abc1d7ad":165,"49cb2959":159,"71e53c93":156,"abad2347":156,"61145ec9":159,"8bc04eb5":151,"a5fd8ffd":157,"d815c5b4":178,"da04caac":159,"11b74e63":144,"91b28f83":151,"f56ac638":138,"1757a30e":145,"b7832271":164,"d6320619":140,"623c6a31":164,"c793cdda":152,"0277d748":158,"8fb236a9":136,"4d9b0b10":149,"621d6b18":157,"385ab7c6":153,"ad303bda":142,"4930f321":143,"a06a6430":155,"685207b3":154,"972f4174":161,"0da28f5b":156,"501db4de":151,"470d50c2":147,"f121b82c":165,"ab7d4c9a":140,"44ff8baa":149,"c45d554f":159,"feb67030":144,"3b7763b1":134,"21e10a2b":152,"a0cca8b7":138,"40e79dd3":151,"719c8869":166,"28d40296":118,"4577b333":154,"868cda42":147,"c1bdfd41":143,"2154b6e8":140,"ffc86f94":125,"2ab62345":140,"68562193":145,"1ed46298":165,"062179c1":152,"fee32863":154,"f2e3c0e3":133,"dd3913d2":137,"2a76f1dd":138,"cd522166":165,"8063df14":156,"a901627e":139,"7896b953":157,"012de09c":146,"fafb4cc2":189,"83b2f9c5":154,"1d44aff3":158,"bd2705b0":156,"781ace7d":148,"aa187e3b":146,"e0e48a2d":147,"7f6d1d0e":156,"290b4714":152,"4258c176":143,"e356abf1":156,"66b7b5b4":146,"3f9b5722":136,"20e470e0":137,"1f11812e":157,"94a2fe10":162,"c3e6ef01":153,"e62d705f":142,"47cfba38":138,"dc473de1":135,"74e3d13e":156,"8d04852b":150,"90d52475":149,"cb6c9e42":162,"2a387957":144,"44a4f7cd":155,"aff8e442":152,"47d27624":131,"b8ab8e6e":145,"72d7b461":157,"7080f122":147,"2d54e0a8":145,"4469c815":121,"5747db6e":161,"cbb54a0a":142,"eeaa2d46":162,"22ecaed0":151,"1f7607df":136,"3062379b":146,"21ee2afe":157,"508aac3d":156,"945b63f0":170,"30dd2edc":154,"43d87483":154,"c8113b77":141,"053f3451":147,"753ca352":144,"9c29f0ed":168,"cc5a1d47":146,"f1df62b4":154,"685207b3":155,"a4296d1e":149,"8e99d5d0":177,"f76a3e83":158,"80a8a56d":146,"79f04300":152,"e9679ede":146,"4dac6b20":127,"feb67030":145,"7d112f4d":159,"9d0546ac":140,"a851554d":153,"07107f6e":153,"93e8cee5":174,"578f6e9e":153,"e7773397":136,"b769bdfb":147,"0b3283c9":154,"312f7676":162,"6b79fec2":143,"317c1591":162,"e8d74304":137,"71bc1295":143,"f5829ac0":161,"4cc141fa":127,"411b5027":138,"48655f09":177,"d9dcdc4b":165,"aefe13f5":160,"1be05c14":154,"26c6fa34":140,"a3d4a0e5":162,"01cd8099":146,"cf84fb54":158,"05642105":151,"831c7b85":150,"7af262e5":165,"fef750ca":152,"dfcc2ad1":171,"1745a0f4":154,"49cb2959":160,"25a2844e":159,"0a1d11e6":139,"ae016053":169,"e35a63cd":153,"5ef93e5d":132,"ec110282":173,"a0cf08b3":120,"bf30a08f":162,"08a561b7":153,"e4c312fe":155,"aa187e3b":147,"08a4c3f8":160,"608bc832":128,"554ebb83":157,"f9c15fcc":141,"b4fdf90e":162,"06073f13":164,"358e45b1":145,"5b5fc566":146,"7735c3c2":147,"e1571af7":151,"d6f0d94a":139,"d70ca4f4":162,"a33fe0dd":151,"1a2ec5d7":165,"7e76c93c":154,"30dbfc69":146,"e3547548":143,"7a9344a4":171,"e786063b":164,"0af920d8":143,"a81a857c":143,"751acea8":144,"94a2fe10":163,"6b82b527":158,"04cc7cbe":137,"aec4e1bf":150,"c64de0c0":135,"61d4782d":149,"72805bf5":145,"47cfba38":139,"03b4ab60":141,"aa9ea5e8":138,"97e75c19":159,"77bae750":144,"4ed01268":135,"f66616b7":153,"6e98dfda":154,"faf3ed07":144,"84369269":131,"d6320619":141,"6a3eaf43":160,"dd7acb96":159,"a63bddd4":182,"172217e5":158,"fd07e0ed":160,"91536e85":152,"0d28db94":142,"7a840529":138,"6a5b71b4":143,"9aa6a054":158,"9496f56f":153,"7e95c5a0":157,"a77e127d":129,"3f2522c2":157,"3712c4bd":133,"6085137f":129,"26f99a1e":145,"695a2b92":138,"27f52ed3":172,"ae8a09c4":153,"159ffd0b":142,"8eb64769":158,"28d41578":167,"23080895":138,"a4dafea5":145,"7f86be64":150,"f598a332":133,"53431634":172,"f3992a31":156,"dbc9df44":132,"c21ab51e":135,"b3863630":145,"92136ff5":150,"e2a7d915":128,"ecfa8249":159,"18d20aa1":145,"913a6226":155,"7bebff03":140,"e21c6207":155,"01d817b8":122,"508aac3d":157,"272c7672":157,"f3d68430":157,"865d9857":133,"8cd78f77":157,"2c627253":148,"0e036ae9":162,"fe8f3d36":143,"8007f30e":125,"eb2e1983":147,"f2e3c0e3":134,"906fdec3":135,"20958d58":142,"5f0c1b9d":154,"afe8e06a":134,"5f96c2bc":149,"8b5a8e9f":159,"a0cf08b3":121,"e1571af7":152,"2af60749":153,"24ffcbd3":171,"3fdb08f5":149,"e3547548":144,"7043382d":154,"c015ec5a":153,"cf1124db":137,"026766f3":152,"d634aa28":167,"110b1ee3":149,"66b7b5b4":147,"1f11812e":158,"6e24d88b":136,"ec110282":174,"6ebe2354":131,"4b3e3b1c":158,"e81834aa":169,"12a2cd4b":147,"a636f4c9":167,"a8871ddf":137,"4b4ef7fa":143,"045f280d":147,"cd95f558":153,"36fb15d2":163,"b4fdf90e":163,"c7c4ec5c":131,"02d4753e":177,"608bc832":129,"ef16ca37":147,"79be29c8":140,"f3a0c2ee":153,"3f75d3bc":175,"1bb4ccc0":155,"11b74e63":145,"a6b5e869":151,"00cf385d":159,"ea4d3f3e":160,"0d770b97":149,"c9efc8f6":152,"47cfba38":140,"725dce8b":158,"51f80f4c":162,"c852d240":150,"5ac86fb9":163,"288a2c43":143,"bad1a1cc":147,"d1fe2868":168,"9d9dd9e5":144,"a9b1bd51":113,"5339e1e9":157,"f4b2f575":137,"cf775f58":162,"07f98660":157,"6034b6d0":150,"e7abc88d":143,"9b172ca8":131,"efe84c27":151,"9267f0ef":169,"d34a29b9":161,"501db4de":152,"acac14fb":147,"a0ce82b4":150,"2ad42a9e":163,"f9f2c53f":129,"ac030e74":140,"91536e85":153,"263762cb":136,"f5cd79c1":153,"9a3cc55d":138,"578f6e9e":154,"b935fc1c":151,"27f52ed3":173,"77d35808":133,"013ee301":143,"a43061ee":133,"778c95e9":152,"bb99c79c":156,"fd6dcb20":148,"d744bee2":142,"d1ca5d6b":156,"2cb29e5a":157,"aec074c4":162,"6de0aaac":143,"15620dca":163,"aa5dfdf5":149,"3f65f121":155,"ea822700":145,"09560615":130,"9fa62fee":144,"4d9b0b10":150,"4f59a322":150,"1dad0f99":140,"dc0c8b09":161,"8063df14":157,"fead11cf":146,"2bcca6a7":162,"eebc8d43":150,"19551bad":136,"bd62d7ed":137,"195eb771":149,"45b5746e":149,"71ba7561":134,"18d20aa1":146,"93e8cee5":175,"20777945":135,"dac109cf":147,"2b3c49b9":146,"3bad3c95":132,"9e65c0ef":149,"cc11fef9":158,"d141db49":147,"26ed1a5c":150,"db703021":141,"ce3bf5db":149,"92f800f5":154,"467773ac":141,"6f81493d":142,"c7636527":133,"f883d582":141,"751bcf25":141,"313258f2":153,"3c0df8b4":154,"012de09c":147,"51a3e9c2":156,"95904ac4":167,"0d770b97":150,"66554572":123,"b6aaf976":157,"cac4449a":146,"f5829ac0":162,"868edcc0":165,"1c3a30c5":149,"b2bd8fd3":143,"d6db2b02":161,"4b4ef7fa":144,"b552beb3":154,"4b3e3b1c":159,"812b4f15":125,"7ae3fc50":134,"f9c15fcc":142,"3a1b9af5":152,"761cf820":157,"5a0ead91":134,"554ebb83":158,"4ba6eb36":145,"04cc7cbe":138,"a6b5e869":152,"7735c3c2":148,"b0869206":155,"e356abf1":157,"aec4e1bf":151,"35aa7fd0":155,"64db4feb":170,"5f6613c8":142,"17446892":144,"540df50f":149,"5eaa1581":144,"50d129cf":137,"efe84c27":152,"972f4174":162,"80a8a56d":147,"9f2b16a7":166,"c4feee5b":143,"168e75d9":142,"c5b35e4d":138,"ded7da5a":162,"fb8bfb36":159,"7d112f4d":160,"18d20aa1":147,"2209903e":159,"87083264":168,"a85d89cc":139,"abd32136":156,"91536e85":154,"e7773397":137,"b769bdfb":148,"77d35808":134,"8dd649a3":146,"014bdff0":152,"ea9bba6b":150,"a77e127d":130,"e36dfd6f":159,"9496f56f":154,"7a4c064c":160,"8fb236a9":137,"cf775f58":163,"8547fbc2":148,"22234d6b":153,"8ec3834d":160,"d744bee2":143,"d3e84616":160,"f2364460":148,"911e770b":161,"bc021def":154,"cb6c9e42":163,"f271ed5d":154,"88432019":143,"383e232d":146,"5957df9e":150,"945b63f0":171,"527ff946":162,"9ab755d3":142,"f5596d0f":156,"7e991ab9":117,"dfa1a89b":142,"fef750ca":153,"bd62d7ed":138,"55928ef1":145,"dfcc2ad1":172,"dc0c8b09":162,"7bebff03":141,"f4343817":152,"44c77422":151,"4def63ee":131,"c015ec5a":154,"14c682eb":141,"c4e70c07":146,"1623fc9f":150,"ffc86f94":126,"f1b493de":168,"9316e7e8":128,"6e24d88b":137,"c2bb8aae":147,"cd3bbe7e":149,"a8726d50":137,"c8977844":150,"9a07d89b":146,"78b97937":158,"d9d0c567":151,"4abb7aed":146,"781ace7d":149,"42cd2360":125,"00a481e3":162,"06ddafc7":131,"159ffd0b":143,"dfc89705":158,"8d753bb6":150,"59c1e594":143,"a4dafea5":146,"c609739e":152,"6ebe2354":132,"32c9fc47":154,"f1098793":145,"a8871ddf":138,"481754fc":135,"0f72f2d8":148,"fa55f27a":159,"b377a62a":143,"45b038bb":180,"3d1af513":159,"f1862e79":132,"d0e9a58e":149,"6585adbe":126,"313258f2":154,"fafb4cc2":190,"730a4938":140,"6c20c153":146,"5acce642":144,"a6b5e869":153,"227006e4":148,"4125085e":163,"dcfaba4c":152,"dc473de1":136,"64db4feb":171,"b230e8d3":153,"42c80e69":162,"254cc28c":155,"77bae750":145,"cb6c9e42":164,"7e15f8e8":155,"0670c466":142,"650bb0e0":142,"8ec3834d":161,"2882a956":153,"677c6a09":172,"5b5fc566":147,"c4feee5b":144,"f3992a31":157,"efe84c27":153,"0dad37d5":154,"06ee61b6":134,"e0154608":150,"2e3503e4":162,"5270f158":140,"e45b4b53":142,"578f6e9e":155,"93ac9ca3":149,"19f9ca86":151,"695a2b92":139,"7ee148e9":151,"7218c9f1":136,"00a17b46":153,"0d7d88f1":160,"ef91eaae":136,"ef14000f":173,"8ac72326":146,"385ab7c6":154,"8cc4a982":163,"7d6895f4":156,"2a06ab95":161,"d744bee2":144,"15620dca":164,"5747db6e":162,"315537b2":155,"1d153b20":155,"ea822700":146,"22234d6b":154,"21ee2afe":158,"8547fbc2":149,"fd369c21":165,"084cbc0b":146,"5f4102da":158,"eb2e1983":148,"df81ddee":140,"21ad2f34":157,"53747a91":141,"f734c84c":168,"85de05f2":141,"79e4fa1c":156,"f9f2c53f":130,"e1571af7":153,"caddd0a7":155,"ca7d47f7":160,"4777334c":145,"c7636527":134,"719c8869":167,"aa021138":165,"dbd2f139":156,"56d315d8":132,"9d4da635":137,"6e24d88b":138,"f1b493de":169,"c3e6ef01":154,"be40590d":160,"d78dd457":138,"cd522166":166,"55928ef1":146,"c510bfd3":161,"92ca52b7":160,"95f6db13":150,"0be540c5":157,"cf52025e":149,"ce4da56f":150,"f1098793":146,"de36827b":170,"8298e976":161,"48655f09":178,"d82592f4":152,"0b5a0408":157,"28d41578":168,"dd1fcb17":142,"468fc85c":160,"03c398d2":157,"d0e9a58e":150,"4ba6eb36":146,"288afc30":148,"2e99f8fd":139,"f1862e79":133,"c4aa1e38":133,"8493f3b2":151,"61145ec9":160,"49cb2959":161,"a0cf08b3":122,"ef8987d7":147,"7c0a2db6":147,"d9a64845":150,"65e4235b":152,"13747b82":160,"61d4782d":150,"6df0b2e8":169,"a6003226":148,"ed4fad08":159,"3c18f28e":146,"42c80e69":163,"8a52882e":149,"a9b1bd51":114,"f4b2f575":138,"bec9d329":162,"dffa7793":130,"5acce642":145,"a6b5e869":154,"6841f77e":157,"935ec056":138,"e382ec3f":137,"704bce0d":153,"cb51f134":156,"b1f58563":143,"0b3283c9":155,"836701f6":151,"7ee148e9":152,"2203f259":159,"363590c7":168,"5410e9c6":160,"e57d5cda":148,"76f94eda":164,"95539a58":141,"10ec5a0b":134,"e15fd611":134,"254cc28c":156,"088feee2":154,"36684155":153,"284544ba":143,"8dd2684c":152,"5a07fc2e":133,"175bc6b2":129,"d0d6acb1":149,"21ee2afe":159,"aa5dfdf5":150,"1d153b20":156,"a6626a13":138,"dd7acb96":160,"22ecaed0":152,"50c3164b":166,"4469c815":122,"dfa1a89b":143,"4f59a322":151,"e28c2efc":140,"7a4c064c":161,"f33c0140":146,"53431634":173,"754f98c9":159,"e1618359":155,"655954ba":143,"4295ce9a":148,"85de05f2":142,"6490bac6":144,"4eed1bea":149,"20777945":136,"40e79dd3":152,"ab7467de":162,"aa021138":166,"b7505747":148,"caddd0a7":156,"ca7d47f7":161,"719c8869":168,"c1bdfd41":144,"f8b31ce5":177,"1f11812e":159,"d033db8d":171,"f5e8dfee":157,"dc0c8b09":163,"1105f790":167,"6a60348e":148,"a4dafea5":147,"8b2b601d":153,"e6fac295":141,"baebb391":162,"07fc4a9a":162,"013ee301":144,"946df4fd":167,"23080895":139,"11888cfa":139,"1c3a30c5":150,"05642105":152,"12a2cd4b":148,"468fc85c":161,"2e99f8fd":140,"b377a62a":144,"408bb2ed":149,"67f6e4f2":135,"3a1b9af5":153,"792c9b6a":146,"d33790a2":177,"dd3913d2":138,"f67de058":157,"19551bad":137,"bd62d7ed":139,"a5676c24":152,"42cd2360":126,"5f6613c8":143,"12534561":149,"dcfaba4c":153,"b35bb8a1":138,"031e488e":153,"60d6cee2":147,"162a7348":143,"fafb4cc2":191,"da04caac":160,"83b2f9c5":155,"a0cf08b3":123,"906fdec3":136,"d83870f5":144,"6841f77e":158,"4258c176":144,"b3f19a69":140,"d39724bc":135,"9cb4697f":168,"f0a06216":151,"3f9b5722":137,"059d6c19":158,"66497c7e":144,"9d4da635":138,"30fdcd3b":145,"6085137f":130,"5b60dd1d":155,"19f9ca86":152,"27f52ed3":174,"60e855ee":170,"317c1591":163,"437fc3ec":161,"a1921150":163,"6adce358":169,"90d52475":150,"48efc739":170,"37fbb107":154,"91d52a55":148,"36b7003c":175,"272c7672":158,"bca2d7cd":141,"508aac3d":158,"d1715f3b":155,"fd6dcb20":149,"22234d6b":155,"315537b2":156,"9fa62fee":145,"172217e5":159,"2f455cce":148,"084cbc0b":147,"6143f39d":153,"eeaa2d46":163,"9c045c61":156,"30b6808c":135,"53b4e647":156,"619fda68":174,"6a5b71b4":144,"d2466211":165,"ac030e74":141,"a85d89cc":140,"685207b3":156,"b2c25d1c":145,"dcf85091":136,"acac14fb":148,"4b4ecbce":133,"ebdbf580":153,"3498f223":145,"4eed1bea":150,"e2a7d915":129,"40e79dd3":153,"18d20aa1":148,"a0ce82b4":151,"7bebff03":142,"d25e0f8d":178,"9bdf362a":151,"88fa53d6":130,"ba30e43a":162,"dac109cf":148,"04ea5673":157,"719c8869":169,"d9d7c4c2":158,"a4dafea5":148,"8aa78e2f":140,"e8d74304":138,"cf84fb54":159,"87922532":171,"06ddafc7":132,"aefe13f5":161,"17b08923":146,"0be540c5":158,"71bc1295":144,"804d4dfa":148,"6291e9e9":157,"64a7f79f":151,"13f0e139":135,"b8397293":139,"4ba6eb36":147,"34658473":137,"d0b297b2":134,"de11eb19":160,"45b038bb":181,"554ebb83":159,"6a7392d5":137,"478d2d4f":165,"35aa7fd0":156,"2132fe93":161,"3a1d1632":124,"57d5dee8":156,"031e488e":154,"24a9fb86":165,"5a734022":141,"2a76f1dd":139,"1bc0591f":143,"1105f790":168,"e865e4dd":146,"11b2c8d9":145,"3f75d3bc":176,"dc0c8b09":164,"db8ba455":151,"65e4235b":153,"d9a64845":151,"f0a06216":152,"56473430":161,"16b476e9":151,"d4d5f466":143,"345c9967":135,"7fef9973":155,"04bef50c":131,"e6ec8cbf":160,"6841f77e":159,"3b690f68":154,"a8726d50":138,"f1b493de":170,"026766f3":153,"d0c104c4":128,"5272520d":155,"e62d705f":143,"3a204e56":151,"6b79fec2":144,"0f1ac912":135,"b8ab8e6e":146,"9d63c4dd":153,"088feee2":155,"47d27624":132,"2b3e4717":154,"bf822e33":148,"730338c4":162,"98915a1f":128,"172217e5":160,"ea822700":147,"a63bddd4":183,"d744bee2":145,"72d7b461":158,"53a8613c":166,"508aac3d":159,"2dda3936":137,"0d2a1c58":146,"88432019":144,"f5596d0f":157,"d1715f3b":156,"07f98660":158,"cb142908":137,"77bfed7e":155,"9496f56f":155,"ae95f2ba":173,"a06a6430":156,"7566fdd6":156,"3498f223":146,"470d50c2":148,"ebdbf580":154,"696fdac5":155,"f598a332":134,"36380d96":157,"b215547b":138,"2b3c49b9":147,"daab45c6":141,"2209903e":160,"e1f0dbfd":165,"8f9b74b0":145,"261c9911":160,"79e4fa1c":157,"1623fc9f":151,"aab4d996":147,"37a7d5b0":151,"42191b64":129,"971675c5":154,"5781776a":152,"3c43e8a2":164,"f2470875":160,"a24e6670":150,"28d41578":169,"69f3bfcc":149,"13f0e139":136,"17b08923":147,"6ebe2354":133,"b7df1559":148,"d6db2b02":162,"5678ed7b":166,"99d130c9":158,"48655f09":179,"045f280d":148,"27c8e038":162,"0f72f2d8":149,"40569362":168,"a533489b":162,"7ae3fc50":135,"2ab62345":141,"76f3a3be":152,"5e09f69e":180,"ed4fad08":160,"64db4feb":172,"227006e4":149,"0681c48e":160,"9a3ab0b8":146,"1105f790":169,"9a07d89b":147,"70ee0491":142,"19551bad":138,"c1bb74f2":145,"78b97937":159,"195eb771":150,"b2cfdbcf":141,"5f0c1b9d":155,"8a165e17":157,"ec110282":175,"b28a5e67":175,"7fef9973":156,"fe44fc6f":139,"4b125e7b":148,"ba586505":154,"677c6a09":173,"8bc04eb5":152,"c4e70c07":147,"638cb163":168,"92f800f5":155,"ffc86f94":127,"cd3bbe7e":150,"ddec9e54":148,"3b690f68":155,"61f25dd4":169,"1e7753d9":161,"d0c104c4":129,"430a5db5":156,"d39724bc":136,"91b28f83":152,"08a4c3f8":161,"92d38723":155,"b7407bd3":141,"3a1b9af5":154,"8ec3834d":162,"93fdbb44":140,"50d129cf":138,"66d94227":144,"ce3407dd":148,"a9b1bd51":115,"a1921150":164,"272c7672":159,"84b67924":153,"3661e12d":144,"cbb54a0a":143,"d1715f3b":157,"ccdd1ce6":151,"aa5dfdf5":151,"0bd93cfd":119
1604737610842,"7d6895f4":157,"175bc6b2":130,"fb7482fe":148,"6a3eaf43":161,"f87c5031":153,"6143f39d":154,"71279c46":147,"5eaa1581":145,"c64de0c0":136,"540df50f":150,"031e488e":155,"c4bff41f":159,"288a2c43":144,"aff8e442":153,"ccf8b803":158,"c6c85783":161,"90d52475":151,"d957f027":143,"650bb0e0":143,"2b3e4717":155,"eb7b4e29":141,"70bc8325":143,"3f65f121":156,"70c1e715":153,"2dda3936":138,"b7832271":165,"dfa1a89b":144,"317c1591":164,"f5cd79c1":154,"82868763":144,"004f1ef3":183,"93ac9ca3":150,"014bdff0":153,"5410e9c6":161,"8b2b601d":154,"159ffd0b":144,"ac62fac2":164,"45fb95c1":148,"48655f09":180,"cf84fb54":160,"cf52025e":150,"6db0ea86":143,"73b15e04":145,"013ee301":145,"35b58ef9":141,"26009d3f":141,"946df4fd":168,"13f0e139":137,"8dd2684c":153,"6751d8e4":159,"fb7482fe":149,"1d153b20":157,"ef8321d8":148,"6a3eaf43":162,"22ecaed0":153,"9f74b8a4":146,"06ee61b6":135,"0da28f5b":157,"655954ba":144,"90a06ee9":152,"c21ab51e":136,"7b6a7048":153,"6b78ad7f":154,"b6ee137a":147,"8e99d5d0":178,"f734c84c":169,"2ad42a9e":164,"92136ff5":151,"7bebff03":143,"e21c6207":156,"c1bdfd41":145,"1bd5b20b":164,"4ac6bd4e":136,"8493f3b2":152,"82b81567":132,"ea274174":151,"08a4c3f8":162,"4ea4a2a1":159,"c4bff41f":160,"f94bf9ea":151,"aec4e1bf":152,"1ed46298":166,"13747b82":161,"b35bb8a1":139,"6632fed0":157,"ce3407dd":149,"5f7d7195":147,"789bd484":146,"48efc739":171,"449d8475":140,"76f94eda":165,"cc5a1d47":147,"7566fdd6":157,"4f59a322":152,"ac030e74":142,"7e95c5a0":158,"8b5a8e9f":160,"ba5c52af":148,"eb2e1983":149,"bd62d7ed":140,"d78dd457":139,"fef750ca":154,"fead11cf":147,"65e4235b":154,"d5557fb4":155,"84369269":132,"ea6de194":156,"30c5d755":159,"75ffea08":150,"638cb163":169,"9e65c0ef":150,"ce3bf5db":150,"cc11fef9":159,"4360a1a3":167,"93683c82":151,"5272520d":156,"110b1ee3":150,"180377be":146,"8db62558":144,"eda6a690":133,"004f1ef3":184,"6ce84ff8":134,"93ac9ca3":151,"e238f09b":166,"71ff66e8":143,"c7ab83c1":141,"8cf83787":143,"17b08923":148,"bab97de3":161,"64a7f79f":152,"dfc89705":159,"32c9fc47":155,"272c7672":160,"884b0ad1":147,"ec2cb1af":152,"d3a669ac":159,"9c045c61":157,"7e991ab9":118,"0e036ae9":163,"383e232d":147,"b947257e":155,"315537b2":157,"dfa1a89b":145,"8657c79d":158,"2cb29e5a":158,"be4f8ba8":139,"f905a555":139,"71ba7561":135,"3c0df8b4":155,"a851891c":144,"aa867541":144,"87c462ee":166,"4abb7aed":147,"dffa7793":131,"20811ddf":154,"00cf385d":160,"935ec056":139,"54d7de6b":168,"95d331b1":140,"06ee61b6":136,"0a92153e":147,"1a68160d":155,"a4296d1e":150,"b215547b":139,"f9f2c53f":131,"ded7da5a":163,"36380d96":158,"4eed1bea":151,"9b742f71":150,"ecfa8249":160,"2ad42a9e":165,"805534ac":156,"9d0546ac":141,"27c8e038":163,"05642105":153,"01cd8099":147,"e8d74304":139,"6a60348e":149,"ae8a09c4":154,"de36827b":171,"0f72f2d8":150,"fa55f27a":160,"336d0f08":166,"5f8517b7":173,"408bb2ed":150,"792c9b6a":147,"288afc30":149,"b35e9e1a":184,"6867261a":148,"c93c3508":128,"dcfaba4c":154,"e4714415":163,"76f3a3be":153,"8d04852b":151,"aa9ea5e8":139,"39a2fcce":142,"9d9dd9e5":145,"a85d89cc":141,"ba938220":149,"ffa08d82":154,"d83294cd":146,"7e95c5a0":159,"597c1f81":153,"faf4f98b":162,"be3a10f8":171,"a0685bf3":167,"ba5c52af":149,"66d94227":145,"44a4f7cd":156,"f4b2f575":139,"2a387957":145,"27f52ed3":175,"363590c7":169,"1951480c":136,"312f7676":163,"e7773397":138,"c0b7e7d7":137,"f2470875":161,"5f7d7195":148,"4577b333":155,"aab4d996":148,"df2b4d87":141,"2af60749":154,"a81a857c":144,"014460b9":178,"d6f0d94a":140,"cc11fef9":160,"dbd2f139":157,"30dbfc69":147,"30fdcd3b":146,"6f81493d":143,"a4f1d83b":135,"94a2fe10":164,"9147702f":133,"1f342a00":150,"2dda3936":139,"f069bb07":145,"4d35385e":146,"88b3bc99":139,"8dd2684c":154,"e58b26f6":164,"9c045c61":158,"af0b61ab":154,"eeaa2d46":164,"3c6692a3":169,"172217e5":161,"140ce69e":148,"70ee0491":143,"fef750ca":155,"43bc86e3":145,"b102f7bd":162,"91f7ef72":142,"2352c8ef":155,"3a291497":140,"a0cf08b3":124,"e4c312fe":156,"db8ba455":152,"5acce642":146,"6ee92259":158,"781ace7d":150,"d9d0c567":152,"c0b23081":170,"cb4f262b":139,"e382ec3f":138,"6c20c153":147,"f33c0140":147,"0da28f5b":158,"b215547b":140,"754f98c9":160,"7f86be64":151,"f734c84c":170,"53431634":174,"704bce0d":154,"e2a7d915":130,"b6ee137a":148,"0149e11a":134,"a0ce82b4":152,"da3437cd":146,"a851554d":154,"8cf83787":144,"06ddafc7":133,"804d4dfa":149,"3c782bb3":150,"0eaf08da":152,"8b2b601d":155,"32c9fc47":156,"48655f09":181,"a636f4c9":168,"07fc4a9a":163,"03c398d2":158,"045f280d":149,"3e602573":142,"4ac6bd4e":137,"23080895":140,"b4fdf90e":164,"4ea4a2a1":160,"ef16ca37":148,"8c6e001f":126,"0ac825ed":153,"3d1af513":160,"be149c6f":139,"17446892":145,"deb31f35":155,"1ed46298":167,"540df50f":151,"24a9fb86":166,"6df0b2e8":170,"4d9b0b10":151,"d83294cd":147,"d4ee22a4":158,"6034b6d0":151,"629800eb":166,"95539a58":142,"43d87483":155,"5957df9e":151,"6adce358":170,"d957f027":144,"66d94227":146,"1d790491":159,"5270f158":141,"a40846b7":156,"6d61bf13":141,"eda6a690":134,"c95719e5":143,"3c43e8a2":165,"8dc9b4db":158,"2b3e4717":156,"ce3407dd":150,"3bad3c95":133,"868cda42":148,"2af60749":155,"a577db1c":139,"4c39240e":165,"859545e6":141,"a33fe0dd":152,"0841052c":164,"bb98a6cf":172,"059d6c19":159,"3b690f68":156,"ca6d2d91":148,"d033db8d":172,"9d4da635":139,"884b0ad1":148,"d744bee2":146,"21ee2afe":160,"5747db6e":163,"affb82bf":165,"4bcd4a30":162,"53a8613c":167,"0fc5ac7e":178,"01d817b8":123,"0d2a1c58":147,"6de0aaac":144,"50c3164b":167,"623c6a31":165,"bb99c79c":157,"c1bb74f2":146,"f2e3c0e3":135,"b8488fc8":151,"733c86f8":152,"f67de058":158,"a0685bf3":168,"50b558a7":133,"a901627e":140,"345c9967":136,"65e4235b":155,"012de09c":148,"f3a0c2ee":154,"6c20c153":148,"da04caac":161,"d39724bc":137,"731fc335":132,"11b74e63":146,"5b5fc566":148,"7735c3c2":149,"ea4d3f3e":161,"d929098e":129,"c5b35e4d":139,"c382f054":162,"ab7d4c9a":141,"9b172ca8":132,"501db4de":153,"f33c0140":148,"4295ce9a":149,"79f04300":153,"805534ac":157,"5a622a23":151,"2ad42a9e":166,"a0ce82b4":153,"4eed1bea":152,"85de05f2":143,"0d2c95fe":150,"6db0ea86":144,"bab97de3":162,"04612878":162,"1138796e":156,"9fc713b0":160,"7732eb1e":170,"e8d74304":140,"1db42092":160,"87922532":172,"4febf7c5":152,"a3d4a0e5":163,"12a2cd4b":149,"0f72f2d8":151,"67f6e4f2":136,"6585adbe":127,"b2a8761b":139,"d33790a2":178,"9263c525":153,"8f2a7d69":148,"06073f13":165,"60d6cee2":148,"17446892":146,"dcfaba4c":155,"aa9ea5e8":140,"b7cc7909":163,"0ecfa1c9":144,"753ca352":145,"10ec5a0b":135,"d7cb9bcf":140,"e4cfef0a":136,"9496f56f":156,"621d6b18":158,"a06a6430":157,"6df0b2e8":171,"ce3407dd":151,"4ed01268":136,"c0b7e7d7":138,"3712c4bd":134,"60e855ee":171,"09ff339a":127,"19f9ca86":153,"e45b4b53":143,"c7ab83c1":142,"90d52475":152,"1a0189c4":146,"3bad3c95":134,"aab4d996":149,"4577b333":156,"44c77422":152,"28d40296":119,"e5d3655c":165,"868cda42":149,"c8977844":151,"902f49f5":149,"9d4da635":140,"40a745c0":155,"d0c104c4":130,"5cd3cfe0":140,"ca6d2d91":149,"04643409":159,"7e15f8e8":156,"6e98dfda":155,"d0d6acb1":150,"5a07fc2e":134,"6e851762":146,"25a7a0a3":155,"d3a669ac":160,"bc021def":155,"2d13e69b":151,"53a8613c":168,"a77e8461":149,"eb7b4e29":142,"508aac3d":160,"0e036ae9":164,"2dda3936":140,"49902219":173,"19551bad":139,"92ca52b7":161,"7af262e5":166,"2352c8ef":156,"d78dd457":140,"9b546d65":140,"a8c93bed":145,"45b5746e":150,"6e44927f":145,"fe44fc6f":140,"f789f6d8":151,"cb4f262b":140,"ec110282":176,"d4d5f466":144,"313258f2":155,"d929098e":130,"cf1b8c47":160,"9cb4697f":169,"4258c176":145,"95d331b1":141,"e356abf1":158,"9b172ca8":133,"cb51f134":157,"696fdac5":156,"f3992a31":158,"104721f0":156,"dbc9df44":133,"69d4b754":143,"547903ef":155,"5a622a23":152,"4eed1bea":153,"18d20aa1":149,"32c9fc47":157,"8aa78e2f":141,"f1098793":147,"6291e9e9":158,"aefe13f5":162,"bc392d1c":134,"49910300":134,"cf84fb54":161,"12271e14":157,"be1746a0":153,"3310a049":153,"8d753bb6":151,"2d382981":144,"27c8e038":164,"4ac6bd4e":138,"ea274174":152,"d33790a2":179,"5ee911b5":142,"b7407bd3":142,"ef16ca37":149,"00554ffd":158,"b7cc7909":164,"a85d89cc":142,"b9be31d6":157,"30b6808c":136,"619fda68":175,"e4cfef0a":137,"10ec5a0b":136,"7e95c5a0":160,"32133249":151,"4911acad":125,"af034fee":162,"181c3dd5":154,"35aa7fd0":157,"47cfba38":141,"42191b64":130,"39bbc4bc":163,"77d35808":135,"a40846b7":157,"c95719e5":144,"c0b7e7d7":139,"317c1591":165,"a0ce82b4":154,"f9f2c53f":132,"f4343817":153,"259930ee":156,"0f029727":138,"638cb163":170,"2af60749":156,"57167c74":141,"92f800f5":156,"e786063b":165,"5ccf94d6":145,"902f49f5":150,"6e24d88b":139,"26ed1a5c":151,"1a2ec5d7":166,"cd3bbe7e":151,"8db62558":145,"0f1ac912":136,"2b3e4717":157,"9d63c4dd":154,"0670c466":143,"04643409":160,"50d129cf":139,"bda8cdfb":163,"cbb54a0a":144,"7028b044":140,"ef1c2dcb":145,"2a06ab95":162,"f2f58418":140,"884b0ad1":149,"8547fbc2":150,"ac38a6a5":164,"72d7b461":159,"9ab755d3":143,"d6320619":142,"865d9857":134,"0e036ae9":165,"eafbf9fb":152,"82204d54":142,"fe8f3d36":144,"8f10fa42":180,"1bc0591f":144,"dd3913d2":139,"bd62d7ed":141,"a59a8290":153,"f3a0c2ee":155,"cf1b8c47":161,"a472532e":137,"fafb4cc2":192,"87c462ee":167,"e4117b3b":133,"aa76bc50":124,"fd482491":171,"aa187e3b":148,"a6b5e869":155,"d8e58a8c":169,"4652b09a":166,"e382ec3f":139,"e9679ede":147,"c0fea118":143,"0da28f5b":159,"36380d96":159,"4b4ecbce":134,"168e75d9":143,"e8f173b5":148,"90731976":143,"b2bd8fd3":144,"0b5a0408":158,"13f0e139":138,"411b5027":139,"27c8e038":165,"8298e976":162,"dfc89705":160,"1be05c14":155,"946df4fd":169,"a5aee5de":175,"05642105":154,"0f72f2d8":152,"5a0ead91":135,"06073f13":166,"b7407bd3":143,"554ebb83":160,"8f2a7d69":149,"4258c176":146,"2ce1af05":135,"cb142908":138,"4d9b0b10":152,"b9be31d6":158,"43d87483":156,"4f59a322":153,"9f74b8a4":147,"a1370ab0":148,"42c80e69":164,"3a1d1632":125,"bfcb912a":152,"2e99f8fd":141,"3d1af513":161,"fe1d4419":148,"4911acad":126,"64db4feb":173,"6867261a":149,"efe84c27":154,"a851554d":155,"3ef7432b":159,"913a6226":156,"bc09fa9e":151,"ded7da5a":164,"4eed1bea":154,"51c57542":159,"4777334c":146,"868cda42":150,"dac109cf":149,"aa021138":167,"719c8869":170,"44c77422":153,"d6f0d94a":141,"d70ca4f4":163,"4279e829":173,"2b3e4717":158,"77bae750":146,"39a2fcce":143,"c67979e6":174,"4ed01268":137,"650bb0e0":144,"bda8cdfb":164,"1f7607df":137,"2180f99b":147,"5747db6e":164,"2d13e69b":152,"6d339d45":127,"98915a1f":129,"ac38a6a5":165,"afe8e06a":135,"7af262e5":167,"13b53c7a":148,"78b97937":160,"f2e3c0e3":136,"1bc0591f":145,"50b558a7":134,"61145ec9":161,"5f96c2bc":150,"71ba7561":136,"935ec056":140,"3101354b":133,"16b476e9":152,"f3a0c2ee":156,"84b67924":154,"8547fbc2":151,"d1ca5d6b":157,"9e206c95":170,"18815a1b":147,"51f57142":154,"dfa1a89b":146,"30dbfc69":148,"751acea8":145,"dae0f922":155,"30fdcd3b":147,"1e191c98":133,"704bce0d":155,"a77e127d":131,"1951480c":137,"3712c4bd":135,"014bdff0":154,"93ac9ca3":152,"0b3283c9":156,"8298e976":163,"8aa78e2f":142,"804d4dfa":150,"bad6cdb1":127,"b552beb3":155,"54a676d6":142,"be1746a0":154,"aa00769b":171,"88a30343":149,"9fc713b0":161,"0d2c95fe":151,"24d24fa3":140,"3c782bb3":151,"baebb391":163,"358e45b1":146,"bb00e71c":134,"dc03ebd2":165,"5ef93e5d":133,"7ee7621c":151,"3b2dee89":152,"7f6d1d0e":157,"d4d5f466":145,"7218c9f1":137,"77bfed7e":156,"9fce073c":148,"6f39f4d9":160,"67c57de4":171,"7fb4c521":151,"faf4f98b":163,"608bc832":130,"92d38723":156,"6585adbe":128,"f1862e79":134,"3a1b9af5":155,"8f2a7d69":150,"288a2c43":145,"a47abfbb":137,"3a1d1632":126,"104721f0":157,"f2086446":144,"90a06ee9":153,"f598a332":135,"e1618359":156,"b215547b":141,"fb8bfb36":160,"ded7da5a":165,"f734c84c":171,"18d20aa1":150,"9a80f004":146,"21ad2f34":158,"93e8cee5":176,"8f13c203":141,"5ab7bc35":153,"caddd0a7":157,"e5d3655c":166,"4fd645f1":138,"0a2f71bc":143,"65a00a3c":149,"aec4e1bf":153,"5774ac0d":162,"a6003226":149,"6632fed0":158,"9ceb5439":134,"77bae750":147,"99e171db":152,"794f652b":163,"faf3ed07":145,"6e98dfda":156,"cb6c9e42":165,"1bc0591f":146,"f2e3c0e3":137,"78467b8a":165,"a66a2d8a":168,"9d023afb":147,"cfafcda8":147,"f67de058":159,"52eca0dc":152,"fafb4cc2":193,"aec074c4":163,"70bc8325":144,"730338c4":163,"de6213c7":145,"aaa274a5":151,"d3a669ac":161,"a6626a13":139,"eeaa2d46":165,"21ee2afe":161,"f87c5031":154,"f883d582":142,"6e24d88b":140,"8942c35b":151,"1a2ec5d7":167,"8db62558":146,"30fdcd3b":148,"5cd3cfe0":141,"a77e8461":150,"25635c37":133,"6d61bf13":142,"5b60dd1d":156,"3a204e56":152,"6ce84ff8":135,"d599b566":164,"c7ab83c1":143,"88a30343":150,"c27969ec":146,"8aa78e2f":143,"411b5027":140,"6be9332a":136,"c609739e":153,"17b08923":149,"e81834aa":170,"12271e14":158,"489a39f7":146,"baebb391":164,"b7df1559":149,"49910300":135,"a5aee5de":176,"f2ca27d9":162,"affb82bf":166,"dfa1a89b":147,"95904ac4":168,"42cd2360":127,"ee75b607":143,"83b2f9c5":156,"5b5fc566":149,"cf1b8c47":162,"20811ddf":155,"dd035d2a":150,"730a4938":141,"7735c3c2":150,"54d7de6b":169,"e356abf1":159,"7fb4c521":152,"76f94eda":166,"385ab7c6":155,"9496f56f":157,"67c57de4":172,"4d9b0b10":153,"e0e6a097":143,"82b81567":133,"3652bd66":150,"d0c0fc08":131,"db0a661e":145,"358e45b1":147,"b7407bd3":144,"0da28f5b":160,"1a2c020b":152,"80a8a56d":148,"bd984a8e":141,"0a92153e":148,"4c4aa2e2":148,"f33c0140":149,"6490bac6":145,"3ef7432b":160,"2209903e":161,"07107f6e":154,"a0ce82b4":155,"7e8e1c3d":155,"f4343817":154,"62d1d346":132,"3bad3c95":135,"805af3c7":156,"9bdf362a":152,"49b358bd":156,"aa021138":168,"deb31f35":156,"b7cc7909":165,"c4bff41f":161,"af034fee":163,"5e09f69e":181,"162a7348":144,"6632fed0":159,"bf822e33":149,"66d94227":147,"44a4f7cd":157,"e15fd611":135,"48efc739":172,"9d9dd9e5":146,"99e171db":153,"053f3451":148,"0f89862c":128,"478d2d4f":166,"dfcc2ad1":173,"fe8f3d36":145,"2bcca6a7":163,"8063df14":158,"5f4102da":159,"2a06ab95":163,"fd07e0ed":161,"3c6692a3":170,"7028b044":141,"ffc86f94":128,"cc11fef9":161,"1f11812e":160,"a68a93b2":145,"1a2ec5d7":168,"0841052c":165,"059d6c19":160,"b6591e25":158,"d3a669ac":162,"6085137f":131,"5270f158":142,"42191b64":131,"19f9ca86":154,"26f99a1e":146,"a77e127d":132,"7ee148e9":153,"5678ed7b":167,"1138796e":157,"26c6fa34":141,"bc392d1c":135,"1db42092":161,"e6fac295":142,"a6bcb07e":155,"aec074c4":164,"8657c79d":159,"8cc4a982":164,"f2ca27d9":163,"ec2cb1af":153,"12012fbd":138,"f3d68430":158,"315537b2":158,"6de0aaac":145,"28654c76":160,"69eeae0d":131,"93b0a158":160,"a472532e":138,"cb4f262b":141,"6023df54":145,"dc03ebd2":166,"c0b23081":171,"345c9967":137,"ad2d7bed":158,"8a165e17":158,"8bc04eb5":153,"bb00e71c":135,"d39724bc":138,"43d87483":157,"10ec5a0b":137,"ffa08d82":155,"ac030e74":143,"6f39f4d9":161,"869cbaa0":160,"30b6808c":137,"07fc4a9a":164,"a543ec74":135,"56752a4a":138,"489a39f7":147,"e0f7679f":132,"792cfcbd":150,"03c398d2":159,"a533489b":163,"b2a8761b":140,"45b038bb":182,"5f8517b7":174,"fa55f27a":161,"8f2a7d69":151,"08a4c3f8":163,"f121b82c":166,"efe84c27":155,"288d171f":148,"9b742f71":151,"f76a3e83":159,"168e75d9":144,"c4feee5b":145,"a0cca8b7":139,"77898c22":125,"7d112f4d":161,"3b7763b1":135,"805534ac":158,"ccb5ea3e":134,"e2cbe594":155,"62d1d346":133,"68562193":146,"540df50f":152,"e9a8cf11":153,"081460bf":151,"162a7348":145,"74e3d13e":157,"9f5e6cba":157,"842c8340":140,"c6c85783":162,"66d94227":148,"7e15f8e8":157,"9d63c4dd":155,"794f652b":164,"9d9dd9e5":147,"7fdc2007":138,"8b5a8e9f":161,"fef750ca":156,"0042f6eb":145,"e35a63cd":154,"a0685bf3":169
1604737612070,"d78dd457":141,"d141db49":148,"9bdf362a":153,"5f620a1e":152,"e3547548":145,"92f800f5":157,"df2b4d87":142,"db703021":142,"655941a0":161,"902f49f5":151,"cd3bbe7e":152,"93683c82":152,"180377be":147,"026766f3":154,"810aa5e9":160,"0a1d11e6":140,"45b5746e":151,"6841f77e":160,"313258f2":156,"1757a30e":146,"da04caac":162,"ea4d3f3e":162,"52eca0dc":153,"04cc7cbe":139,"69eeae0d":132,"37d0cae2":137,"e4c312fe":157,"20811ddf":156,"87083264":169,"77bfed7e":157,"cb142908":139,"7e95c5a0":161,"d548635d":152,"6b78ad7f":155,"9b742f71":152,"e7abc88d":144,"145c7559":152,"34c5c729":144,"a851554d":156,"0a92153e":149,"f9f2c53f":133,"3b7763b1":136,"201cafad":151,"d25e0f8d":179,"6490bac6":146,"ecfa8249":161,"b73e789c":143,"753ca352":146,"8fb236a9":138,"f1dffa24":132,"1da771fb":153,"8dc9b4db":159,"2203f259":160,"fe1d4419":149,"c564e316":161,"c7ab83c1":144,"d9dcdc4b":166,"64a7f79f":153,"8aa78e2f":144,"481754fc":136,"a6bcb07e":156,"cd522166":167,"a0685bf3":170,"05f6ab35":160,"fee32863":155,"33d6bb6a":144,"1105f790":170,"f5e8dfee":158,"d9d7c4c2":159,"57167c74":142,"4fd645f1":139,"88fa53d6":131,"e3547548":146,"719c8869":171,"b320feb9":155,"3f9b5722":138,"4ee62a26":144,"94a2fe10":165,"467773ac":142,"30d84dce":134,"b6591e25":159,"cf1124db":138,"458dcc3d":171,"88a30343":151,"c27969ec":147,"3310a049":154,"b36a0d66":140,"2198ba8e":146,"045f280d":150,"a5aee5de":177,"946df4fd":170,"1b153aef":160,"00554ffd":159,"34658473":138,"554ebb83":161,"b377a62a":145,"b7407bd3":145,"1ff8c2fc":166,"ae016053":170,"0a1d11e6":141,"fd482491":172,"7f6d1d0e":158,"52eca0dc":154,"b3f19a69":141,"42cd2360":128,"54d7de6b":170,"d815c5b4":179,"fafb4cc2":194,"f0a06216":153,"8a165e17":159,"a502c93c":132,"730a4938":142,"91536e85":155,"e0154608":151,"4c4aa2e2":149,"8e780922":152,"20777945":137,"f121b82c":167,"da3437cd":147,"e9679ede":148,"7d112f4d":162,"5e193fc8":154,"53747a91":142,"4e3f5178":162,"feb67030":146,"76f94eda":167,"1dad0f99":141,"f2470875":162,"3f2522c2":158,"1da771fb":154,"004f1ef3":185,"6b79fec2":145,"971675c5":155,"eda6a690":135,"8ac72326":147,"cf9f4757":138,"d4ee22a4":159,"056ea7ff":163,"af0b61ab":155,"aec074c4":165,"730338c4":164,"9147702f":134,"508aac3d":161,"9fa62fee":146,"284544ba":144,"0277d748":159,"217c0327":132,"88432019":145,"e9adbe58":153,"6143f39d":155,"21ee2afe":162,"416a9e97":146,"a8c93bed":146,"1745a0f4":155,"9a3ab0b8":147,"92ca52b7":162,"dfcc2ad1":174,"25e0dd3d":152,"5fa12feb":158,"ce3bf5db":151,"d141db49":149,"9e65c0ef":151,"7e76c93c":155,"e3547548":147,"df2b4d87":143,"b320feb9":156,"f4634d0b":148,"cd3bbe7e":153,"dae0f922":156,"751acea8":146,"142d6987":151,"db703021":143,"b87158fb":156,"8721056e":141,"a6bcb07e":157,"e81834aa":171,"064a99c8":150,"b2703001":163,"eed20185":165,"f277386e":128,"c27969ec":148,"a43061ee":134,"d36125db":156,"f044c0e1":146,"17807120":150,"45fb95c1":149,"87ce8d1d":135,"e8d74304":141,"50312237":160,"1ff8c2fc":167,"7a6aa4b6":152,"7a2f3f06":142,"5acaa06f":120,"4ba6eb36":148,"8d000d6e":145,"a901627e":141,"68562193":147,"d6d61bfc":166,"162a7348":146,"ed4fad08":161,"bb8a6337":135,"76f3a3be":154,"6632fed0":160,"f66616b7":154,"fe44fc6f":141,"f0a06216":154,"83b2f9c5":157,"6ee92259":159,"08a561b7":154,"537634c9":131,"ad2d7bed":159,"69eeae0d":133,"abad2347":157,"b2cfdbcf":142,"4258c176":147,"67d30f2b":150,"6775d5cd":149,"58d46189":167,"c5b35e4d":140,"754f98c9":161,"c0fea118":144,"704bce0d":156,"a851554d":157,"07f98660":159,"e4cfef0a":138,"1951480c":138,"a77e127d":133,"6b79fec2":146,"ea9bba6b":151,"004f1ef3":186,"39bbc4bc":164,"578f6e9e":156,"8fb236a9":139,"621d6b18":159,"87083264":170,"67c57de4":173,"cf9f4757":139,"0670c466":144,"ccf8b803":159,"0f1ac912":137,"084cbc0b":148,"2a06ab95":164,"9ceb5439":135,"842c8340":141,"ea822700":148,"884b0ad1":150,"bad1a1cc":148,"e58b26f6":165,"84b67924":155,"272c7672":161,"ef8321d8":149,"36d340f2":129,"01d817b8":124,"08c6b5d2":152,"22176537":143,"9c045c61":159,"ec2cb1af":154,"82204d54":143,"5f4102da":160,"9267f0ef":170,"85de05f2":144,"9b172ca8":134,"7d112f4d":163,"cb51f134":158,"da3437cd":148,"4dac6b20":128,"9d0546ac":142,"3ef7432b":161,"4777334c":147,"c4e70c07":148,"ba30e43a":163,"868cda42":151,"2045d7d6":147,"88fa53d6":132,"e786063b":166,"1f11812e":161,"a4f1d83b":136,"fee32863":156,"0f89862c":129,"8007f30e":126,"e35a63cd":155,"8063df14":159,"8298e976":164,"1f88a4b7":169,"a5aee5de":178,"411b5027":141,"dd1fcb17":143,"e0f7679f":133,"48655f09":182,"4cc141fa":128,"2cce4fb2":156,"820225e4":125,"27c8e038":166,"a43061ee":135,"bbe71605":132,"481754fc":137,"5a0ead91":136,"9260d96b":177,"ea274174":153,"d0c0fc08":132,"e0e6a097":144,"554ebb83":162,"9e878ec2":161,"6867261a":150,"dc473de1":137,"a1370ab0":149,"12534561":150,"540df50f":153,"13747b82":162,"b35bb8a1":140,"1b881e6e":153,"e99318a3":155,"95904ac4":169,"345c9967":138,"3101354b":134,"04bef50c":132,"a15713c6":171,"d929098e":131,"ec110282":177,"e0e48a2d":148,"e865e4dd":147,"b3f19a69":142,"e382ec3f":140,"4abb7aed":148,"bd2705b0":157,"16b476e9":153,"b7434f57":120,"d033db8d":173,"1a2ec5d7":169,"5cd3cfe0":142,"4360a1a3":168,"1a68160d":156,"25635c37":134,"f6fe095d":158,"e7773397":139,"93ac9ca3":153,"b1f58563":144,"43d87483":158,"8fb236a9":140,"d7cb9bcf":141,"00a17b46":154,"597c1f81":154,"4930f321":144,"394dc144":140,"815e4582":166,"0670c466":145,"b88033fd":158,"91d52a55":149,"98915a1f":130,"5a07fc2e":135,"6e851762":147,"ef1c2dcb":146,"8657c79d":160,"2a06ab95":165,"50c3164b":168,"e9adbe58":154,"21ee2afe":163,"53a8613c":169,"6cba74ce":139,"3f65f121":157,"22ecaed0":154,"6143f39d":156,"af7e5be8":152,"cb51f134":159,"0da28f5b":161,"0dad37d5":155,"debe1f65":154,"d34a29b9":162,"85de05f2":145,"8e99d5d0":179,"cd421290":146,"dcf85091":137,"3007f31f":140,"f9f2c53f":134,"8f9b74b0":146,"f4343817":155,"4def63ee":132,"1623fc9f":152,"9e65c0ef":152,"7e76c93c":156,"0b959527":142,"3fdb08f5":150,"04ea5673":158,"cd522166":168,"6c486702":157,"2bcca6a7":164,"1105f790":171,"22aeaf03":149,"0b3283c9":157,"8cf83787":145,"804d4dfa":151,"b2703001":164,"8eb64769":159,"2cce4fb2":157,"812b4f15":126,"11888cfa":140,"b2bd8fd3":145,"8b2b601d":156,"dd1fcb17":144,"013ee301":146,"e0f7679f":134,"1c3a30c5":151,"baebb391":165,"5acaa06f":121,"67f6e4f2":137,"336d0f08":167,"5f4102da":161,"c6dc900c":128,"50b558a7":135,"dc473de1":138,"c64de0c0":137,"b230e8d3":154,"9f5e6cba":158,"031e488e":156,"162a7348":147,"74c26380":171,"8a165e17":160,"d4d5f466":146,"ae016053":171,"f0a06216":155,"a15713c6":172,"1a442bc7":145,"3f75d3bc":177,"a6b5e869":156,"56473430":162,"04cc7cbe":140,"906fdec3":137,"6b82b527":159,"b0869206":156,"0d5ee801":143,"74f234c6":181,"751bcf25":142,"4ee62a26":145,"8db62558":147,"f4634d0b":149,"3b690f68":157,"c7c4ec5c":132,"d0e9a58e":151,"8493f3b2":153,"9263c525":154,"8274885a":156,"f5cd79c1":155,"1dad0f99":142,"a6003226":150,"aff8e442":154,"50d129cf":140,"cb6c9e42":166,"44a4f7cd":158,"1634789b":145,"2a387957":146,"c98d5272":149,"d552eb2f":156,"cbb54a0a":145,"2d54e0a8":146,"2f455cce":149,"70c1e715":154,"7e991ab9":119,"2c627253":149,"b9a48a5c":137,"12012fbd":139,"eeaa2d46":166,"30dd2edc":155,"2cb29e5a":159,"b946e146":168,"f5596d0f":158,"7a840529":139,"ac030e74":144,"ae95f2ba":174,"93b9fae6":144,"abd32136":157,"a85d89cc":143,"5e193fc8":155,"f598a332":136,"5be594be":151,"0dad37d5":156,"f33c0140":150,"6b9eff39":145,"4e3f5178":163,"e2cbe594":156,"c8dc010f":157,"696fdac5":157,"18d20aa1":151,"e21c6207":157,"7bebff03":144,"f4343817":156,"49b358bd":157,"08a06557":174,"a577db1c":140,"4777334c":148,"868cda42":152,"a33fe0dd":153,"4fd645f1":140,"2c5c1dc0":140,"363590c7":170,"6085137f":132,"f6fe095d":159,"7ee148e9":154,"95bc84f1":135,"0b5a0408":159,"792cfcbd":151,"26009d3f":142,"17807120":151,"b460f030":176,"fb44fa9c":163,"a5aee5de":179,"6c73ae98":127,"1be05c14":156,"3e602573":143,"d82592f4":153,"045f280d":151,"71bc1295":145,"cd522166":169,"1745a0f4":156,"72805bf5":146,"d6d61bfc":167,"b102f7bd":163,"70ee0491":144,"05f6ab35":161,"9a07d89b":148,"78467b8a":166,"7ae34c64":148,"0a1d11e6":142,"d9d0c567":153,"d5dae4c4":175,"6ee92259":160,"906632cb":160,"58d46189":168,"3f9b5722":139,"b7434f57":121,"93683c82":153,"cf1124db":139,"026766f3":155,"74c26380":172,"1a442bc7":146,"f905a555":140,"a502c93c":133,"3a291497":141,"fea793f5":157,"7735c3c2":151,"4652b09a":167,"abad2347":158,"92d38723":157,"1ff8c2fc":168,"82b81567":134,"288afc30":150,"5acaa06f":122,"332820ce":155,"7a2f3f06":143,"9f5e6cba":159,"12534561":151,"17446892":147,"24a9fb86":167,"03b4ab60":142,"31d74eee":143,"77bae750":148,"a1921150":165,"93fdbb44":141,"37fbb107":155,"527ff946":163,"7e15f8e8":158,"835358a0":142,"72d7b461":160,"ef1c2dcb":147,"3062379b":147,"383e232d":148,"fd369c21":166,"d0d6acb1":151,"12dd6f5e":137,"4469c815":123,"ec2cb1af":155,"ef91eaae":137,"ad303bda":143,"c803b4a3":149,"7fb4c521":153,"10ec5a0b":138,"4d9b0b10":154,"8ac72326":148,"104721f0":158,"80a8a56d":149,"c85a0d80":156,"36380d96":160,"bd984a8e":142,"72b84094":178,"d34a29b9":163,"e1f0dbfd":166,"d548635d":153,"d25e0f8d":180,"547903ef":156,"6b9eff39":146,"25e0dd3d":153,"b6ee137a":149,"f8b31ce5":178,"fbdffc95":141,"a33fe0dd":154,"014bdff0":155,"d599b566":165,"6085137f":133,"016953e4":163,"5781776a":153,"095ab3b4":150,"5270f158":143,"d9dcdc4b":167,"49910300":136,"3310a049":155,"3c782bb3":152,"64a7f79f":154,"159ffd0b":145,"d8475b95":122,"01cd8099":148,"489a39f7":148,"59c1e594":144,"6291e9e9":159,"cac4449a":147,"2d382981":145,"946df4fd":171,"3454fa2b":140,"d1715f3b":158,"623c6a31":166,"7d6895f4":158,"2bcca6a7":165,"fef750ca":157,"6a7392d5":138,"9b546d65":141,"78b97937":161,"25a2844e":160,"a66a2d8a":169,"08a561b7":155,"0a1d11e6":143,"b320feb9":157,"719c8869":172,"df2b4d87":144,"4777334c":149,"655941a0":162,"7cd0ad7b":163,"dae0f922":157,"40a745c0":156,"0af920d8":144,"61f25dd4":170,"906632cb":161,"aa76bc50":125,"195eb771":151,"2c6cb96f":128,"5ef93e5d":134,"3b2dee89":153,"5acce642":147,"fafb4cc2":195,"408bb2ed":151,"40569362":169,"92d38723":158,"d0b297b2":135,"d102b0c6":146,"fa55f27a":162,"45b038bb":183,"79be29c8":141,"d83870f5":145,"ea4d3f3e":163,"6b82b527":160,"4258c176":148,"c9efc8f6":153,"f94bf9ea":152,"12534561":152,"e9a8cf11":154,"9f5e6cba":160,"03b4ab60":143,"35aa7fd0":158,"25d1b2d8":162,"faf3ed07":146,"e15fd611":136,"394dc144":141,"36684155":154,"815e4582":167,"91d52a55":150,"3062379b":148,"3c6692a3":171,"6e851762":148,"72d7b461":161,"50c3164b":169,"fb7482fe":150,"1f7607df":138,"619fda68":176,"7a4c064c":162,"a06a6430":158,"43d87483":159,"b73e789c":144,"6034b6d0":152,"a85d89cc":144,"972f4174":163,"90a06ee9":154,"fe578280":146,"d34a29b9":164,"8e99d5d0":180,"168e75d9":145,"72b84094":179,"1e232870":156,"27d8bf51":146,"debe1f65":155,"ded7da5a":166,"26dd2000":170,"2ad42a9e":167,"ecfa8249":162,"19f9ca86":155,"d1676e89":154,"3c43e8a2":166,"9a3cc55d":139,"42191b64":132,"971675c5":156,"2c5c1dc0":141,"88a30343":152,"4945c851":159,"064a99c8":151,"ce4da56f":151,"de36827b":172,"ae8a09c4":155,"4cc141fa":129,"8298e976":165,"bad6cdb1":128,"a4dafea5":149,"01d817b8":125,"4d35385e":147,"945b63f0":172,"a77e8461":151,"f3d68430":159,"f5596d0f":159,"22176537":144,"2352c8ef":157,"19551bad":140,"a59a8290":154,"f67de058":160,"a0685bf3":171,"dc0c8b09":165,"b87158fb":157,"d141db49":150,"c7636527":135,"c0b0f492":163,"28d40296":120,"08a06557":175,"4def63ee":133,"75ffea08":151,"d033db8d":174,"751acea8":147,"56d315d8":133,"8942c35b":152,"a68a93b2":146,"a4f1d83b":137,"180377be":148,"52eca0dc":155,"dc03ebd2":167,"28654c76":161,"87ce8d1d":136,"e0f7679f":135,"a636f4c9":169,"6be9332a":137,"7a6aa4b6":153,"288afc30":151,"02d4753e":178,"b7407bd3":146,"f1862e79":135,"3a1b9af5":156,"8493f3b2":154,"d9d0c567":154,"b3f19a69":143,"ec110282":178,"51f80f4c":163,"162a7348":148,"ed4fad08":162,"c93c3508":129,"76f3a3be":155,"c64de0c0":138,"288a2c43":146,"789bd484":147,"815e4582":168,"cb6c9e42":167,"d5557fb4":156,"a983a6dc":137,"e15fd611":137,"c98d5272":150,"884b0ad1":151,"aa5dfdf5":152,"2f455cce":150,"778c95e9":153,"2c627253":150,"508aac3d":162,"d39724bc":139,"56473430":163,"61145ec9":162,"95d331b1":142,"79be29c8":142,"7735c3c2":152,"bec9d329":163,"5acce642":148,"056ea7ff":164,"ae95f2ba":175,"869cbaa0":161,"53b4e647":157,"629800eb":167,"0785820e":149,"9b172ca8":135,"1a2c020b":153,"34c5c729":145,"5e193fc8":156,"3498f223":147,"b6ee137a":150,"f76a3e83":160,"5fa12feb":159,"c5b35e4d":141,"3007f31f":141,"fb8bfb36":161,"4295ce9a":150,"77898c22":126,"7b6a7048":154,"d2466211":166,"27f52ed3":176,"5270f158":144,"a40846b7":158,"82868763":145,"26f99a1e":147,"6085137f":134,"6ce84ff8":136,"07fc4a9a":165,"eb7b4e29":143,"0277d748":160,"51f57142":155,"d1715f3b":159,"ec2cb1af":156,"fd6dcb20":150,"ac38a6a5":166,"15620dca":165,"92ca52b7":163,"d78dd457":142,"8063df14":160,"eebc8d43":151,"a567ace4":153,"78b97937":162,"733c86f8":153,"e5d3655c":167,"49b358bd":158,"d141db49":151,"b7505747":149,"ca7d47f7":162,"75ffea08":152,"62d1d346":134,"61f25dd4":171,"751acea8":148,"4360a1a3":169,"74f234c6":182,"f4634d0b":150,"8942c35b":153,"20e470e0":138,"28654c76":162,"95bc84f1":136,"8eb64769":160,"b6aaf976":158,"a24e6670":151,"56752a4a":139,"cf50e84e":141,"e7e82473":174,"64a7f79f":155,"88a30343":153,"9fc713b0":162,"45fb95c1":150,"946df4fd":172,"3e602573":144,"36fb15d2":164,"34658473":139,"8323d333":139,"31f6d707":170,"b8397293":140,"0ac825ed":154,"00554ffd":160,"d9d0c567":155,"61145ec9":163,"6023df54":146,"ec110282":179,"7ee7621c":152,"56473430":164,"76f3a3be":156,"aec4e1bf":154,"dcfaba4c":156,"42c80e69":165,"51f80f4c":164,"c852d240":151,"03b4ab60":144,"36684155":155,"d5557fb4":157,"bad1a1cc":149,"6adce358":171,"ce3407dd":152,"4ed01268":138,"8a52882e":150,"93b0a158":161,"731fc335":133,"67d30f2b":151,"6c20c153":149,"20811ddf":157,"b0869206":157,"d929098e":132,"597c1f81":155,"7f86be64":152,"4c4aa2e2":150,"cb51f134":160,"a836aa93":142,"a4296d1e":151,"4dac6b20":129,"6b78ad7f":156,"8ea21393":133,"93b9fae6":145,"ffa08d82":156,"53b4e647":158,"b73e789c":145,"50c468ba":153,"3c43e8a2":167,"f6fe095d":160,"971675c5":157,"8dd649a3":147,"a58bf525":153,"42191b64":133,"b769bdfb":149,"91536e85":156,"d552eb2f":157,"0d2a1c58":148,"1f342a00":151,"ef1c2dcb":148,"92efd84f":148,"9ab755d3":144,"c793cdda":153,"ef8321d8":150,"d6320619":143,"4d35385e":148,"affb82bf":167,"6de0aaac":146,"51f57142":156,"546f6845":152,"2352c8ef":158,"8b5a8e9f":162,"0e2b5d2f":155,"9a3ab0b8":148,"7d112f4d":164,"104721f0":159,"2ad42a9e":168,"4295ce9a":151,"cd421290":147,"e2cbe594":157,"859545e6":142,"24ffcbd3":172,"ba30e43a":164,"b7505747":150,"d6f0d94a":142,"638cb163":171,"57167c74":143,"f4634d0b":151,"3f9b5722":140,"30fdcd3b":149,"110b1ee3":151,"a4f1d83b":138,"430a5db5":157,"a8726d50":139,"30c184b8":154,"bd62d7ed":142,"c1bb74f2":147,"e0f7679f":136,"45fb95c1":151,"f5829ac0":163,"dd1fcb17":145,"f277386e":129,"c6e3d352":156,"e8f173b5":149,"a0b03218":154,"07fc4a9a":166,"12271e14":159,"159ffd0b":146,"3e602573":145,"73b15e04":146,"812b4f15":127,"1b153aef":161,"b2a8761b":141,"8f2a7d69":152,"0cb80f4a":151,"5ee911b5":143,"06073f13":167,"8d000d6e":146,"f3a0c2ee":157,"72805bf5":147,"d6d61bfc":168,"0681c48e":161,"42c80e69":166,"9b3f8714":154,"bb8a6337":136,"9f5e6cba":161,"93fdbb44":142,"d1fe2868":169,"9ceb5439":136,"6e98dfda":157,"537634c9":132,"4bc46d7a":143,"5f0c1b9d":156,"a5fd8ffd":158,"71e53c93":157,"da04caac":163,"ee75b607":144,"5acce642":149
1604737613007,"d957f027":145,"2a387957":147,"cf775f58":164,"39ba00f0":158,"8657c79d":161,"8cd78f77":158,"6751d8e4":160,"92efd84f":149,"7e991ab9":120,"f069bb07":146,"fd6dcb20":151,"0e036ae9":166,"217c0327":133,"3454fa2b":141,"546f6845":153,"f2f58418":141,"558d5ce7":153,"bfcb912a":153,"60d6cee2":149,"61d4782d":151,"e9a8cf11":155,"6867261a":151,"2ab62345":142,"5eaa1581":146,"2b3e4717":159,"794f652b":165,"23760167":153,"5339e1e9":158,"b8ab8e6e":147,"971675c5":158,"a40846b7":159,"437fc3ec":162,"b1f58563":145,"5623817d":141,"93ac9ca3":154,"c7ab83c1":145,"97e75c19":160,"394dc144":142,"2c627253":151,"6e851762":149,"835358a0":143,"730338c4":165,"d1ca5d6b":158,"dd7acb96":161,"911e770b":162,"6d5fcd4c":149,"558d5ce7":154,"6143f39d":157,"a63bddd4":184,"d2a841c9":147,"f2ca27d9":164,"affb82bf":168,"c85a0d80":157,"a836aa93":143,"fe578280":147,"b215547b":142,"20777945":138,"8e780922":153,"d1d40c9c":161,"4b125e7b":149,"3b2dee89":154,"95d331b1":143,"4258c176":149,"159ffd0b":147,"d9dcdc4b":168,"0d2c95fe":152,"f277386e":130,"ad8f85d6":158,"6291e9e9":160,"b6aaf976":159,"468fc85c":162,"b552beb3":156,"045f280d":152,"27c8e038":167,"804d4dfa":152,"64a7f79f":156,"3e602573":146,"9263c525":155,"9260d96b":178,"8c6e001f":127,"9e878ec2":162,"40569362":170,"00554ffd":161,"bfcb912a":154,"bc3dc66a":153,"12534561":153,"71279c46":148,"031e488e":157,"c8113b77":142,"ac030e74":145,"b9be31d6":159,"a85d89cc":145,"619fda68":177,"95539a58":143,"91536e85":157,"162a7348":149,"6632fed0":161,"49bf2e95":148,"5410e9c6":162,"5b60dd1d":157,"3e082b37":140,"09ff339a":128,"60e855ee":172,"312f7676":164,"a58bf525":154,"261c9911":161,"dbc9df44":134,"f734c84c":172,"1e232870":157,"18d20aa1":152,"7b6a7048":155,"5a622a23":153,"6490bac6":147,"e786063b":167,"0f029727":139,"4fd645f1":141,"3fdb08f5":151,"aa021138":169,"b320feb9":158,"c0b0f492":164,"467773ac":143,"d70ca4f4":164,"c2bb8aae":148,"751bcf25":143,"9d9dd9e5":148,"2b3e4717":160,"d957f027":146,"cb6c9e42":168,"39ba00f0":159,"84369269":133,"4469c815":124,"37fbb107":156,"92efd84f":150,"6d339d45":128,"2d54e0a8":147,"3661e12d":145,"9d63c4dd":156,"a4f1d83b":139,"56d315d8":134,"a68a93b2":147,"972f4174":164,"70c1e715":155,"57540cc3":156,"315537b2":159,"dd3913d2":140,"a59a8290":155,"c510bfd3":162,"6c486702":158,"9d023afb":148,"92ca52b7":164,"8b5a8e9f":163,"2dd0e808":145,"abc1d7ad":166,"49cb2959":162,"91f7ef72":143,"42cd2360":129,"fd482491":173,"52eca0dc":156,"5b5fc566":150,"ad2d7bed":160,"d83870f5":146,"a6b5e869":157,"7735c3c2":153,"6ee92259":161,"6775d5cd":150,"7db3edda":146,"f2ca27d9":165,"e0f7679f":137,"28d41578":170,"a4dafea5":150,"48655f09":183,"f277386e":131,"b2bd8fd3":146,"95f6db13":151,"56752a4a":140,"a43061ee":136,"4b3e3b1c":160,"d36125db":157,"1c3a30c5":152,"baebb391":166,"6ebe2354":134,"4f5e3e7d":136,"761cf820":158,"6751d8e4":161,"49902219":174,"b7832271":166,"aa9ea5e8":141,"35aa7fd0":159,"b9be31d6":160,"1dad0f99":143,"f1df62b4":155,"597c1f81":156,"8fb236a9":141,"e57d5cda":149,"4d9b0b10":155,"a47abfbb":138,"b377a62a":146,"06073f13":168,"cd95f558":154,"7a2f3f06":144,"49bf2e95":149,"263762cb":137,"68562193":148,"d34a29b9":165,"2e3503e4":163,"69d4b754":144,"8e99d5d0":181,"e21c6207":158,"feb67030":147,"c4feee5b":146,"daab45c6":142,"c85a0d80":158,"0149e11a":135,"7b6a7048":156,"da3437cd":149,"b6ee137a":151,"49b358bd":159,"51f80f4c":165,"dc473de1":139,"c93c3508":130,"b8ab8e6e":148,"1d790491":160,"99e171db":154,"36b7003c":176,"bda8cdfb":165,"8ec3834d":163,"66d94227":149,"84b67924":156,"f069bb07":147,"9147702f":135,"a625328f":159,"e58b26f6":166,"92efd84f":151,"c793cdda":154,"6d339d45":129,"6143f39d":158,"36d340f2":130,"ef8321d8":151,"8547fbc2":152,"9c045c61":160,"ec2cb1af":157,"62d1d346":135,"b7505747":151,"df2b4d87":145,"65a00a3c":150,"31408822":140,"e62d705f":144,"37a7d5b0":152,"a4f1d83b":140,"9bdf362a":154,"8db62558":148,"26ed1a5c":152,"20e470e0":139,"3b690f68":158,"f5e8dfee":159,"cfafcda8":148,"13b53c7a":149,"1105f790":172,"b8488fc8":152,"7af262e5":168,"b87158fb":158,"7c0a2db6":148,"fafb4cc2":196,"6e44927f":146,"616d6dd6":152,"2dd0e808":146,"3c0df8b4":156,"cf1b8c47":163,"bd2705b0":158,"dffa7793":132,"5eab91a0":159,"bf30a08f":163,"9d4f1fe6":141,"437fc3ec":163,"6b79fec2":147,"3a204e56":153,"25635c37":135,"014bdff0":156,"60e855ee":173,"3310a049":156,"28d41578":171,"6ebe2354":135,"868edcc0":166,"2198ba8e":147,"bbe71605":133,"a24e6670":152,"aa00769b":172,"74e01f6a":149,"5678ed7b":168,"ad8f85d6":159,"6d802fa2":139,"64a7f79f":157,"0f72f2d8":153,"87c462ee":168,"00cf385d":161,"ad303bda":144,"c803b4a3":150,"d2466211":167,"87cd2add":137,"9c29f0ed":169,"95539a58":144,"4d9b0b10":156,"4911acad":127,"db0a661e":146,"45b038bb":184,"00554ffd":162,"792c9b6a":148,"f1862e79":136,"332820ce":156,"36fb15d2":165,"c85a0d80":159,"f3992a31":159,"cb51f134":161,"1a68160d":157,"69d4b754":145,"c5b35e4d":142,"c382f054":163,"bfad1727":136,"e2a7d915":131,"20777945":139,"201cafad":152,"a851554d":158,"805534ac":159,"92136ff5":152,"88fa53d6":133,"b5ce0c0c":167,"d6d61bfc":169,"03b4ab60":145,"71279c46":149,"031e488e":158,"5eaa1581":147,"8cddb65e":149,"2a387957":148,"50d129cf":141,"f4b2f575":140,"91d52a55":151,"4ed01268":139,"c81b2bcf":136,"794f652b":166,"d552eb2f":158,"a625328f":160,"bca2d7cd":142,"730338c4":166,"7db3edda":147,"f4726450":142,"c793cdda":155,"f2f58418":142,"20958d58":143,"92ca52b7":165,"8b5a8e9f":164,"70ee0491":145,"f5e8dfee":160,"dd3913d2":141,"1745a0f4":157,"f3a0c2ee":158,"4abb7aed":149,"a5676c24":153,"7896b953":158,"49cb2959":163,"3a291497":142,"012de09c":149,"6d339d45":130,"c4e70c07":149,"5ab7bc35":154,"2045d7d6":148,"9bdf362a":155,"aa021138":170,"cc11fef9":162,"1f11812e":162,"9316e7e8":129,"6f81493d":144,"1e191c98":134,"74f234c6":183,"be40590d":161,"6d5fcd4c":150,"172217e5":162,"5099c6a0":169,"5623817d":142,"2203f259":161,"a58bf525":155,"016953e4":164,"dc583e64":163,"42191b64":134,"1138796e":158,"4b3e3b1c":161,"f044c0e1":147,"ad8f85d6":160,"6291e9e9":161,"b6aaf976":160,"b552beb3":157,"4febf7c5":153,"95bc84f1":137,"a0bc1ceb":151,"6ebe2354":136,"045f280d":153,"24d24fa3":141,"c27969ec":149,"ec2cb1af":158,"49902219":175,"f2ca27d9":166,"2882a956":154,"d4d5f466":147,"d1d40c9c":162,"e4c312fe":158,"1a442bc7":147,"f0a06216":156,"4b125e7b":150,"9aa6a054":159,"ffa08d82":157,"9496f56f":158,"77bfed7e":158,"ac030e74":146,"7a4c064c":163,"869cbaa0":162,"acac14fb":149,"5be594be":152,"0a92153e":150,"b3863630":146,"1247fa52":159,"104721f0":160,"ebdbf580":155,"25e0dd3d":154,"cd421290":148,"21ad2f34":159,"40e79dd3":154,"c455f40e":136,"fb8bfb36":162,"9d0546ac":143,"d33790a2":180,"336d0f08":168,"6f0fcb9d":154,"cd95f558":155,"608bc832":131,"6585adbe":129,"288afc30":152,"b7cc7909":166,"68562193":149,"3c18f28e":147,"c93c3508":131,"a1370ab0":150,"9f5e6cba":162,"5eaa1581":148,"aff8e442":155,"77bae750":149,"5a0eb771":149,"ccf8b803":160,"e99318a3":156,"cf775f58":165,"1634789b":146,"bca2d7cd":143,"a625328f":161,"d0d6acb1":152,"2180f99b":148,"b5763ff6":139,"fef750ca":158,"6c486702":159,"2352c8ef":159,"9a3ab0b8":149,"fead11cf":148,"8721056e":142,"0f89862c":130,"cf1b8c47":164,"91f7ef72":144,"d9a64845":152,"da04caac":164,"aa76bc50":126,"fb7482fe":151,"7043382d":155,"fbdffc95":142,"b7505747":152,"2af60749":157,"259930ee":157,"08a06557":176,"ca7d47f7":163,"f1b493de":171,"5cd3cfe0":143,"f4634d0b":152,"5ccf94d6":146,"026766f3":156,"c2bb8aae":149,"059d6c19":161,"0d2a1c58":149,"971675c5":159,"5623817d":143,"e7773397":140,"578f6e9e":157,"b1f58563":146,"c95719e5":145,"8e4c33d2":146,"1138796e":159,"88a30343":154,"26009d3f":143,"064a99c8":152,"59431390":146,"792cfcbd":152,"6291e9e9":162,"2c24d929":165,"9c045c61":161,"bc021def":156,"22176537":145,"d6320619":144,"f2ca27d9":167,"eafbf9fb":153,"865d9857":135,"1247fa52":160,"b215547b":143,"dcf85091":138,"3498f223":148,"79f04300":154,"6fb4cdda":169,"9f2b16a7":167,"4295ce9a":152,"913a6226":157,"7d112f4d":165,"9a80f004":147,"2209903e":162,"21ad2f34":160,"40e79dd3":155,"fd482491":174,"b28a5e67":176,"2882a956":155,"dffa7793":133,"d83870f5":147,"7f6d1d0e":159,"5eab91a0":160,"4258c176":150,"1bb4ccc0":156,"9f74b8a4":148,"385ab7c6":156,"30b6808c":138,"b9be31d6":161,"e4cfef0a":139,"597c1f81":157,"faf4f98b":164,"7732eb1e":171,"17807120":152,"e8f173b5":150,"24d24fa3":142,"2d382981":146,"742f1425":160,"792c9b6a":149,"d0b297b2":136,"4ba6eb36":149,"d0c0fc08":133,"1bd5b20b":165,"5ee911b5":144,"49bf2e95":150,"17446892":148,"a2c334e7":162,"51f80f4c":166,"40860a4b":134,"7af9d3b1":150,"b35bb8a1":141,"71279c46":150,"e15fd611":138,"39a2fcce":144,"faf3ed07":147,"36684155":156,"d1fe2868":170,"77f31bab":164,"93fdbb44":143,"8e4c33d2":147,"004f1ef3":187,"095ab3b4":151,"c318d350":164,"27f52ed3":177,"7ee148e9":155,"b935fc1c":152,"8007f30e":127,"7af262e5":169,"19551bad":141,"b8488fc8":153,"e5b1abc6":144,"9d023afb":149,"11b2c8d9":146,"906fdec3":138,"5f96c2bc":151,"25776fc4":161,"30c5d755":160,"2154b6e8":141,"b7505747":153,"ea6de194":157,"92f800f5":158,"7043382d":156,"f883d582":143,"4279e829":174,"a68a93b2":148,"110b1ee3":152,"1e191c98":135,"94a2fe10":166,"58d46189":169,"26c390d6":151,"911e770b":163,"1f7607df":139,"2c01e624":152,"2d54e0a8":148,"ef1c2dcb":149,"21ee2afe":164,"aaa274a5":152,"d3e84616":161,"a63bddd4":185,"f2ca27d9":168,"1d153b20":158,"57540cc3":157,"217c0327":134,"f598a332":137,"dbc9df44":135,"b3863630":147,"104721f0":161,"f3992a31":160,"7f86be64":153,"655954ba":145,"72b84094":180,"c45d554f":160,"51c57542":160,"20777945":140,"77898c22":127,"21ad2f34":161,"8ea21393":134,"f905a555":141,"69eeae0d":134,"fd482491":175,"195eb771":152,"71e53c93":158,"b0869206":158,"7ee7621c":153,"bec9d329":164,"67d30f2b":152,"9cb4697f":170,"5eab91a0":161,"f0a06216":157,"9fce073c":149,"cb142908":140,"95539a58":145,"d2466211":168,"abd32136":158,"9c29f0ed":170,"9aa6a054":160,"6d802fa2":140,"ac62fac2":165,"0d2c95fe":153,"d9dcdc4b":169,"d82592f4":154,"73b15e04":147,"a24e6670":153,"17807120":153,"90731976":144,"35b58ef9":142,"e0f7679f":138,"8b2b601d":157,"e8d74304":142,"13f0e139":139,"36fb15d2":166,"379184a7":170,"9263c525":156,"8245f916":149,"e0e6a097":145,"0ac825ed":155,"49bf2e95":151,"181c3dd5":155,"42c80e69":167,"17446892":149,"32133249":152,"57d5dee8":157,"1ed46298":168,"bfcb912a":155,"f4b2f575":141,"2a387957":149,"e99318a3":157,"a1921150":166,"cb6c9e42":169,"47d27624":133,"92ca52b7":166,"05f6ab35":162,"ba5c52af":150,"f67de058":161,"e5b1abc6":145,"be3a10f8":172,"8063df14":161,"23760167":154,"c7636527":136,"aab4d996":150,"08a06557":177,"d6f0d94a":143,"e32524d6":149,"e5d3655c":168,"719c8869":173,"cc11fef9":163,"5ccf94d6":147,"381c68fa":150,"b6591e25":160,"d033db8d":175,"f4634d0b":153,"f883d582":144,"3712c4bd":136,"71ff66e8":144,"a40846b7":160,"fb7b7b3c":174,"836701f6":152,"1da771fb":155,"95d3d348":142,"2a06ab95":166,"2f455cce":151,"d552eb2f":159,"5a07fc2e":136,"98915a1f":131,"1f7607df":140,"c793cdda":156,"8dd2684c":155,"8cc4a982":165,"e9adbe58":155,"d2a841c9":148,"2dda3936":141,"865d9857":136,"175bc6b2":131,"9b172ca8":136,"501db4de":154,"06ee61b6":137,"c4feee5b":147,"a3253019":141,"80a8a56d":150,"9b742f71":153,"72b84094":181,"6bc5d32a":171,"70594a28":157,"20777945":141,"9a80f004":148,"5fa12feb":160,"88a30343":155,"e6fac295":143,"90731976":145,"01cd8099":149,"159ffd0b":148,"4cc141fa":130,"54a676d6":143,"56752a4a":141,"45fb95c1":152,"aefe13f5":163,"489a39f7":149,"481754fc":138,"1be05c14":157,"3e602573":147,"c4aa1e38":134,"9260d96b":179,"0cb80f4a":152,"8493f3b2":155,"9263c525":157,"a533489b":164,"4f5e3e7d":137,"7896b953":159,"fd482491":176,"537634c9":133,"b2cfdbcf":143,"aa76bc50":127,"616d6dd6":153,"3c0df8b4":157,"bec9d329":165,"dffa7793":134,"6841f77e":161,"16b476e9":154,"93b0a158":162,"6c20c153":150,"935ec056":141,"053f3451":149,"0d7d88f1":161,"619fda68":178,"bc3dc66a":154,"17446892":150,"a2c334e7":163,"c852d240":152,"031e488e":159,"dc473de1":140,"725dce8b":159,"7e15f8e8":159,"9aa6a054":161,"f7231212":139,"0bfabf48":140,"95539a58":146,"fead11cf":149,"20958d58":144,"d78dd457":143,"70ee0491":146,"254cc28c":157,"1951480c":139,"e45b4b53":144,"a40846b7":161,"b769bdfb":150,"26f99a1e":148,"22aeaf03":150,"578f6e9e":158,"aff8e442":156,"bc09fa9e":152,"2045d7d6":149,"4577b333":157,"a81a857c":145,"7043382d":157,"4777334c":150,"f8b31ce5":179,"3fdb08f5":152,"ddec9e54":149,"db703021":144,"f66616b7":155,"a983a6dc":138,"23760167":155,"449d8475":141,"6a3eaf43":163,"ef1c2dcb":150,"b7832271":167,"f4726450":143,"ea822700":149,"aa5dfdf5":153,"884b0ad1":152,"315537b2":160,"ec2cb1af":159,"f2ca27d9":169,"22176537":146,"0277d748":161,"bc021def":157,"546f6845":154,"9d4da635":141,"5cd3cfe0":144,"f1b493de":172,"31408822":141,"61f25dd4":172,"ab7d4c9a":142,"c21ab51e":137,"e0154608":152,"c0fea118":145,"f598a332":138,"f33c0140":151,"1e232870":158,"6c524f99":155,"dd3913d2":142,"afe8e06a":136,"d9a64845":153,"345c9967":139,"ef8987d7":148,"8a165e17":161,"61145ec9":164,"3a291497":143,"012de09c":150,"d39724bc":140,"dffa7793":135,"d4d5f466":148,"93b0a158":163,"87c462ee":169,"730a4938":143,"7fef9973":157,"a0b03218":155,"13f0e139":140,"66554572":124,"3c782bb3":153,"812b4f15":128,"03dcfa3d":155,"1438fad7":154,"73b15e04":148,"06ddafc7":134,"792cfcbd":153,"8d753bb6":152,"17b08923":150,"b2bd8fd3":147,"1138796e":160,"0cb80f4a":153,"288afc30":153,"3d1af513":162,"36fb15d2":167,"d0e9a58e":152,"c4bff41f":162,"c93c3508":132,"a2c334e7":164,"71279c46":151,"76f3a3be":157,"64db4feb":174,"03b4ab60":146,"fb8bfb36":163,"26dd2000":171,"feb67030":148,"a851554d":159,"8ea21393":135,"4dac6b20":130,"f4343817":157,"7be025ce":160,"868cda42":153,"dac109cf":150,"aa021138":171,"d6f0d94a":144,"e5d3655c":169,"2045d7d6":150,"07f98660":160,"7fb4c521":154,"87cd2add":138,"0785820e":150,"629800eb":168,"4930f321":145,"faf4f98b":165,"4f5e3e7d":138,"db0a661e":147,"25635c37":136,"437fc3ec":164,"eda6a690":136,"3712c4bd":137,"695a2b92":140,"6b79fec2":148,"d599b566":166,"f4b2f575":142,"088feee2":156,"815e4582":169,"449d8475":142,"5957df9e":152,"a9b1bd51":116,"c81b2bcf":137,"9ab755d3":145,"0fc5ac7e":179,"c0e2624b":145,"88b3bc99":140,"2f455cce":152,"7db3edda":148,"b946e146":169,"2c627253":152,"865d9857":137,"2cb29e5a":160,"d1715f3b":160,"a63bddd4":186,"175bc6b2":132,"140ce69e":149,"1f11812e":163,"74f234c6":184,"1e7753d9":162,"40a745c0":157,"381c68fa":151,"180377be":149,"7a9344a4":172,"288d171f":149,"b215547b":144,"acac14fb":150,"0dad37d5":157,"8e780922":154,"6c524f99":156,"c510bfd3":163,"92ca52b7":167,"7fdc2007":139,"20958d58":145,"0e2b5d2f":156,"b87158fb":159,"c91966ce":138,"1d44aff3":159,"a472532e":139,"3c0df8b4":158,"dc03ebd2":168,"56473430":165,"5f0c1b9d":157,"ba586505":155,"9d4f1fe6":142,"4258c176":151,"cb4f262b":142,"93b0a158":164,"6ee92259":162,"7fef9973":158,"1c3a30c5":153,"d82592f4":155,"a43061ee":137,"6a60348e":150,"12271e14":160,"a5aee5de":180,"e36dfd6f":160,"06ddafc7":135,"aefe13f5":164,"59431390":147,"eed20185":166,"d36125db":158,"66554572":125,"17b08923":151,"9e878ec2":163,"c4bff41f":163,"3c18f28e":148,"a6003226":151,"a85d89cc":146,"91536e85":158,"7a840529":140,"6a5b71b4":145,"f1df62b4":156,"00a17b46":155,"87cd2add":139,"e4714415":164,"754f98c9":162,"3498f223":149,"3007f31f":142,"9a80f004":149,"261c9911":162,"c455f40e":137,"c8dc010f":158,"51c57542":161,"53747a91":143,"88fa53d6":134,"0f029727":140,"c0b0f492":165,"3fdb08f5":153,"49b358bd":160,"5f6613c8":144,"5a734022":142
1604737613984,"02d4753e":179,"5ee911b5":145,"ef16ca37":150,"f1862e79":137,"4f5e3e7d":139,"d102b0c6":147,"c0b7e7d7":140,"1951480c":140,"b935fc1c":153,"a58bf525":156,"004f1ef3":188,"77d35808":136,"6b79fec2":149,"064a99c8":153,"804d4dfa":153,"a0bc1ceb":152,"eed20185":167,"d6db2b02":163,"e81834aa":172,"24d24fa3":143,"95bc84f1":138,"b7df1559":150,"f277386e":132,"d82592f4":156,"820225e4":126,"0d2c95fe":154,"45fb95c1":153,"b35e9e1a":185,"2a76f1dd":140,"4ac6bd4e":139,"5f8517b7":175,"ea274174":154,"d102b0c6":148,"3d1af513":163,"de11eb19":161,"fbdffc95":143,"3bad3c95":136,"dae0f922":158,"19e9776f":150,"1a2ec5d7":170,"ca6d2d91":150,"31408822":142,"d634aa28":168,"be40590d":162,"09ff339a":129,"317c1591":166,"3f2522c2":159,"27f52ed3":178,"3c43e8a2":168,"6d61bf13":143,"5b60dd1d":158,"1745a0f4":158,"8007f30e":128,"7fdc2007":140,"1105f790":173,"6c486702":160,"a567ace4":154,"52eca0dc":157,"906fdec3":139,"810aa5e9":161,"4bc46d7a":144,"5f0c1b9d":158,"56473430":166,"dc03ebd2":169,"677c6a09":174,"16b476e9":155,"88ce179e":162,"bb00e71c":136,"abad2347":159,"5acce642":150,"6775d5cd":151,"31f6ba51":144,"bda8cdfb":166,"36b7003c":177,"56752a4a":142,"481754fc":139,"f3992a31":161,"9b172ca8":137,"80a8a56d":151,"bd984a8e":143,"34c5c729":146,"9f2b16a7":168,"ebdbf580":156,"72b84094":182,"2ad42a9e":169,"7d112f4d":166,"913a6226":158,"da3437cd":150,"21ad2f34":162,"4eed1bea":155,"ac62fac2":166,"8298e976":166,"cac4449a":148,"946df4fd":173,"fb44fa9c":164,"742f1425":161,"bbe71605":134,"04612878":163,"e36dfd6f":161,"c8113b77":143,"2b698053":157,"0d7d88f1":162,"6a5b71b4":146,"753ca352":147,"869cbaa0":163,"d4ee22a4":160,"a24e6670":154,"489a39f7":150,"b36a0d66":141,"332820ce":157,"2e99f8fd":142,"d0c0fc08":134,"9e878ec2":164,"c4aa1e38":135,"d33790a2":181,"5a0ead91":137,"50d129cf":142,"8ec3834d":164,"a9b1bd51":117,"37fbb107":157,"6adce358":172,"284544ba":145,"aec074c4":166,"50c3164b":170,"6a3eaf43":164,"272c7672":162,"d3a669ac":163,"c0e2624b":146,"0277d748":162,"1d153b20":159,"ac38a6a5":167,"ec2cb1af":160,"eeaa2d46":167,"865d9857":138,"546f6845":155,"37a7d5b0":153,"859545e6":143,"dac109cf":151,"259930ee":158,"e5d3655c":170,"5f620a1e":153,"ffc86f94":129,"059d6c19":162,"5ccf94d6":148,"1f11812e":164,"66b7b5b4":148,"1e7753d9":163,"8942c35b":154,"58d46189":170,"3c43e8a2":169,"9a3cc55d":140,"f2470875":163,"317c1591":167,"a77e127d":134,"5410e9c6":163,"c0b7e7d7":141,"c463799d":155,"eebc8d43":152,"2bcca6a7":166,"4c0e547b":159,"19551bad":142,"733c86f8":154,"1105f790":174,"731fc335":134,"0a1d11e6":144,"ae016053":172,"00a481e3":163,"ec110282":180,"5eab91a0":162,"2882a956":156,"5f0c1b9d":159,"8bc04eb5":154,"195eb771":153,"6df0b2e8":172,"b230e8d3":155,"2ab62345":143,"42c80e69":168,"5774ac0d":163,"f598a332":139,"34c5c729":147,"e0154608":153,"0dad37d5":158,"72b84094":183,"2e3503e4":164,"ccb5ea3e":135,"6fb4cdda":170,"70594a28":158,"1e232870":159,"c455f40e":138,"da3437cd":151,"c45d554f":161,"79e4fa1c":158,"ae8a09c4":156,"2198ba8e":148,"26c6fa34":142,"bc392d1c":136,"6db0ea86":145,"49910300":137,"73b15e04":149,"1138796e":161,"8eb64769":161,"59c1e594":145,"b552beb3":158,"820225e4":127,"5678ed7b":169,"a6b5e869":158,"5acce642":151,"6775d5cd":152,"9d4f1fe6":143,"07f98660":161,"7566fdd6":158,"00a17b46":156,"621d6b18":160,"ef91eaae":138,"93b9fae6":146,"ae95f2ba":176,"66554572":126,"08a4c3f8":164,"82b81567":135,"3652bd66":151,"c7c4ec5c":133,"d0e9a58e":153,"b4fdf90e":165,"8493f3b2":156,"17446892":151,"68562193":150,"bda8cdfb":167,"77bae750":150,"8a52882e":151,"6e98dfda":158,"bad1a1cc":150,"9d9dd9e5":149,"1d790491":161,"9ab755d3":146,"2d13e69b":153,"f4726450":144,"25a7a0a3":156,"98915a1f":132,"18815a1b":148,"7e991ab9":121,"53a8613c":170,"aa5dfdf5":154,"affb82bf":169,"c793cdda":157,"f5596d0f":160,"623c6a31":167,"be4f8ba8":140,"3fdb08f5":154,"4c39240e":166,"3bad3c95":137,"7e76c93c":157,"b7505747":154,"92f800f5":159,"fbdffc95":144,"180377be":150,"ddec9e54":150,"30dbfc69":149,"059d6c19":163,"b7434f57":122,"655941a0":163,"5272520d":157,"c510bfd3":164,"8b5a8e9f":165,"b102f7bd":164,"33d6bb6a":145,"fee32863":157,"cfafcda8":149,"b87158fb":160,"a901627e":142,"a15713c6":173,"a0cf08b3":125,"7c0a2db6":149,"8db5a165":143,"906fdec3":140,"43bc86e3":146,"1bb4ccc0":157,"a502c93c":134,"7ee148e9":156,"5270f158":145,"b1f58563":147,"c318d350":165,"6ce84ff8":137,"5781776a":154,"f1dffa24":133,"3c18f28e":149,"d6d61bfc":170,"c5b35e4d":143,"be2955bb":151,"4c4aa2e2":151,"6b78ad7f":157,"9b172ca8":138,"168e75d9":146,"655954ba":146,"2ad42a9e":170,"805534ac":160,"a0cca8b7":140,"27d8bf51":147,"8f9b74b0":147,"7e8e1c3d":156,"3ef7432b":162,"87922532":173,"946df4fd":174,"c609739e":154,"e8d74304":143,"59431390":148,"c6e3d352":157,"95f6db13":152,"e4117b3b":134,"e382ec3f":141,"f56ac638":139,"9d4f1fe6":144,"6ee92259":163,"c8113b77":144,"76f94eda":168,"d7cb9bcf":142,"10ec5a0b":139,"7fb4c521":155,"ba938220":150,"9f74b8a4":149,"b552beb3":159,"01cd8099":150,"13f0e139":141,"a4dafea5":151,"1138796e":162,"e8f173b5":151,"1438fad7":155,"8c6e001f":128,"8245f916":150,"379184a7":171,"ef16ca37":151,"bc3dc66a":155,"7af9d3b1":151,"725dce8b":160,"57d5dee8":158,"aec4e1bf":155,"0670c466":146,"4ed01268":140,"bad1a1cc":151,"e15fd611":139,"6adce358":173,"66d94227":150,"6e98dfda":159,"b7832271":168,"70bc8325":145,"5747db6e":165,"72d7b461":162,"8cd78f77":159,"bca2d7cd":144,"911e770b":164,"2dda3936":142,"172217e5":163,"b9a48a5c":138,"be4f8ba8":141,"b946e146":170,"8dd2684c":156,"ccdd1ce6":152,"fe0df575":159,"0ac825ed":156,"d0b297b2":137,"4777334c":151,"2154b6e8":142,"c8fcad77":144,"4fd645f1":142,"30c5d755":161,"5ab7bc35":155,"0a2f71bc":144,"c2bb8aae":150,"d0c104c4":131,"751bcf25":144,"f1b493de":173,"d70ca4f4":165,"a4f1d83b":141,"a59a8290":156,"6c486702":161,"8b5a8e9f":166,"a0685bf3":172,"13b53c7a":150,"9d023afb":150,"a8c93bed":147,"43bc86e3":147,"d8e58a8c":170,"f905a555":142,"2dd0e808":147,"b2cfdbcf":144,"db8ba455":153,"1d44aff3":160,"c318d350":166,"5623817d":144,"1951480c":141,"971675c5":160,"5099c6a0":170,"22aeaf03":151,"7ee148e9":157,"d634aa28":169,"2e3503e4":165,"cb51f134":162,"704bce0d":157,"acac14fb":151,"288d171f":150,"9f2b16a7":169,"c4feee5b":148,"3ef7432b":163,"e21c6207":159,"7d112f4d":167,"261c9911":163,"9a80f004":150,"e6fac295":144,"ee75b607":145,"79be29c8":143,"cb4f262b":143,"20811ddf":158,"95d331b1":144,"4b125e7b":151,"e356abf1":160,"d2466211":169,"f7231212":140,"a85d89cc":147,"e4cfef0a":140,"c8113b77":145,"f1df62b4":157,"abd32136":159,"2198ba8e":149,"481754fc":140,"be1746a0":155,"48655f09":184,"d36125db":159,"3310a049":157,"bc392d1c":137,"a0bc1ceb":153,"69f3bfcc":150,"e7e82473":175,"6c73ae98":128,"1f88a4b7":170,"0be540c5":159,"72805bf5":148,"227006e4":150,"725dce8b":161,"6867261a":152,"031e488e":160,"081460bf":152,"60d6cee2":150,"4ed01268":141,"5339e1e9":159,"a939b50b":154,"789bd484":148,"37fbb107":158,"48efc739":173,"d957f027":147,"9ab755d3":147,"6a3eaf43":165,"b947257e":156,"cbb54a0a":146,"ef1c2dcb":151,"d744bee2":147,"22234d6b":156,"dfa1a89b":148,"be4f8ba8":142,"30dd2edc":156,"f87c5031":155,"3d1af513":164,"36fb15d2":168,"4ea4a2a1":161,"f9c15fcc":143,"40e79dd3":156,"07107f6e":155,"24ffcbd3":173,"859545e6":144,"8f13c203":142,"0f029727":141,"65a00a3c":151,"88fa53d6":135,"0a2f71bc":145,"1a2ec5d7":171,"180377be":151,"d0c0fc08":135,"cd95f558":156,"08a4c3f8":165,"fead11cf":150,"a8c93bed":148,"dd3913d2":143,"f67de058":162,"f2e3c0e3":138,"9b546d65":142,"b87158fb":161,"a901627e":143,"95904ac4":170,"c91966ce":139,"42191b64":135,"49902219":176,"9e206c95":171,"0e036ae9":167,"6ce84ff8":138,"578f6e9e":159,"25635c37":137,"836701f6":153,"437fc3ec":165,"312f7676":165,"30dbfc69":150,"40a745c0":158,"dbd2f139":158,"6e24d88b":141,"4360a1a3":170,"b215547b":145,"5e193fc8":157,"972f4174":165,"90a06ee9":155,"f598a332":140,"655954ba":147,"a3253019":142,"51c57542":162,"781ace7d":151,"abc1d7ad":167,"345c9967":140,"71e53c93":159,"5b5fc566":151,"e6ec8cbf":161,"1a442bc7":148,"677c6a09":175,"ba586505":156,"e4117b3b":135,"b3f19a69":144,"cb142908":141,"f1df62b4":158,"056ea7ff":165,"abd32136":160,"7566fdd6":159,"6034b6d0":153,"619fda68":179,"a43061ee":138,"87922532":174,"99d130c9":159,"e8d74304":144,"04612878":164,"6291e9e9":163,"812b4f15":129,"e81834aa":173,"0f72f2d8":154,"95bc84f1":139,"88a30343":156,"3c782bb3":154,"2cce4fb2":158,"045f280d":154,"bfcb912a":156,"51f80f4c":167,"5a734022":143,"9f5e6cba":163,"4911acad":128,"5774ac0d":164,"32133249":153,"4ed01268":142,"2b3e4717":161,"0f1ac912":138,"1a0189c4":147,"b88033fd":159,"b8ab8e6e":149,"23760167":156,"730338c4":167,"70bc8325":146,"bca2d7cd":145,"d552eb2f":160,"0fc5ac7e":180,"b7832271":169,"72d7b461":163,"d0b297b2":138,"261c9911":164,"5fa12feb":161,"77898c22":128,"a0cca8b7":141,"5c82d1ce":147,"e1f0dbfd":167,"e1571af7":154,"aab4d996":151,"7043382d":158,"65a00a3c":152,"28d40296":121,"5ab7bc35":156,"14c682eb":142,"336d0f08":169,"cfe72ead":145,"db0a661e":148,"b7407bd3":147,"7ae3fc50":136,"6f0fcb9d":155,"c510bfd3":165,"dd3913d2":144,"8f10fa42":181,"dfcc2ad1":175,"a8c93bed":149,"0e2b5d2f":157,"062179c1":153,"d1715f3b":161,"d2a841c9":149,"3661e12d":146,"eeaa2d46":168,"140ce69e":150,"623c6a31":168,"3454fa2b":142,"dc583e64":164,"a40846b7":162,"83086d4c":156,"095ab3b4":152,"751bcf25":145,"4279e829":175,"a68a93b2":149,"26ed1a5c":153,"8942c35b":155,"c2bb8aae":151,"74f234c6":185,"5e193fc8":158,"4e3f5178":164,"e1618359":157,"34c5c729":148,"104721f0":162,"754f98c9":163,"6b78ad7f":158,"8e4c33d2":148,"695a2b92":141,"27f52ed3":179,"6e44927f":147,"731fc335":135,"65e4235b":156,"7896b953":160,"8a165e17":162,"537634c9":134,"43bc86e3":148,"f56ac638":140,"bd2705b0":159,"ba586505":157,"d4d5f466":149,"d83870f5":148,"54d7de6b":171,"ad2d7bed":161,"07f98660":162,"af7e5be8":153,"27c8e038":168,"bad6cdb1":129,"59431390":149,"71bc1295":146,"ad8f85d6":161,"4945c851":160,"71a2a493":123,"d6d61bfc":171,"3a1d1632":127,"c4bff41f":164,"dcfaba4c":157,"c64de0c0":139,"51f80f4c":168,"f66616b7":156,"36b7003c":178,"a939b50b":155,"a1921150":167,"527ff946":164,"842c8340":142,"ccf8b803":161,"7db3edda":149,"2a06ab95":167,"9fa62fee":147,"88b3bc99":141,"6be9332a":138,"69f3bfcc":151,"07fc4a9a":167,"48655f09":185,"411b5027":142,"6ebe2354":137,"45fb95c1":154,"045f280d":155,"d25e0f8d":181,"40e79dd3":157,"7d112f4d":168,"2ad42a9e":171,"ccb5ea3e":136,"2b3c49b9":148,"805534ac":161,"3bad3c95":138,"0a2f71bc":146,"c0b0f492":166,"fbdffc95":145,"b5ce0c0c":168,"638cb163":172,"5f8517b7":176,"7a6aa4b6":154,"3652bd66":152,"67f6e4f2":138,"b35e9e1a":186,"0ac825ed":157,"06073f13":169,"30b6808c":139,"753ca352":148,"c803b4a3":151,"629800eb":169,"c38c2b52":146,"19551bad":143,"a66a2d8a":170,"4c0e547b":160,"733c86f8":155,"b102f7bd":165,"9a07d89b":149,"c1bb74f2":148,"9147702f":136,"3062379b":149,"72d7b461":164,"12dd6f5e":138,"8cc4a982":166,"49902219":177,"8547fbc2":153,"1d153b20":160,"f2ca27d9":170,"175bc6b2":133,"ffc86f94":130,"6e24d88b":142,"5cd3cfe0":145,"8942c35b":156,"1f11812e":165,"b7434f57":123,"74f234c6":186,"0c043224":163,"efe84c27":156,"c0fea118":146,"d548635d":154,"f6fe095d":161,"5270f158":146,"a77e127d":135,"60e855ee":174,"82868763":146,"c318d350":167,"d1676e89":155,"c91966ce":140,"b28a5e67":177,"db8ba455":154,"6023df54":147,"3c0df8b4":159,"e865e4dd":148,"dc03ebd2":170,"d815c5b4":180,"bb00e71c":137,"730a4938":144,"93b0a158":165,"e4117b3b":136,"1c0a9eff":145,"d83870f5":149,"4febf7c5":154,"a0bc1ceb":154,"57d5dee8":159,"5e09f69e":182,"60d6cee2":151,"b35bb8a1":142,"031e488e":161,"5eaa1581":149,"7af9d3b1":152,"2b3e4717":162,"c81b2bcf":138,"aff8e442":157,"1a0189c4":148,"9d9dd9e5":150,"5957df9e":153,"5f7d7195":149,"27c8e038":169,"9c58dd76":160,"9fc713b0":163,"4ff2225d":145,"d82592f4":157,"e36dfd6f":162,"e7abc88d":145,"a3253019":143,"5e193fc8":159,"501db4de":155,"efd23af5":142,"c455f40e":139,"7d112f4d":169,"26dd2000":172,"0a96f57a":161,"07107f6e":156,"c8dc010f":159,"d9d7c4c2":160,"4fd645f1":143,"4cc141fa":131,"2cce4fb2":159,"d36125db":160,"49910300":138,"d9dcdc4b":170,"45fb95c1":155,"00554ffd":163,"9260d96b":180,"8c6e001f":129,"c7c4ec5c":134,"0d28db94":143,"8ac72326":149,"6034b6d0":154,"7a840529":141,"0785820e":151,"7a4c064c":164,"faf4f98b":166,"2bcca6a7":167,"d0c0fc08":136,"40569362":171,"4ac6bd4e":140,"70c1e715":156,"6751d8e4":162,"1f342a00":152,"c0e2624b":147,"9fa62fee":148,"9147702f":137,"3c6692a3":172,"fd6dcb20":152,"6d339d45":131,"9e206c95":172,"a77e8461":152,"f3d68430":160,"d6320619":145,"0277d748":163,"c1bdfd41":146,"65a00a3c":153,"df2b4d87":146,"b320feb9":159,"08a06557":178,"30d84dce":135,"1a2ec5d7":172,"d70ca4f4":166,"40a745c0":159,"1e191c98":136,"5cd3cfe0":146,"8942c35b":157,"263762cb":138,"5623817d":145,"312f7676":166,"5270f158":147,"578f6e9e":160,"004f1ef3":189,"7ee148e9":158,"fe8f3d36":146,"1bc0591f":147,"0042f6eb":146,"9a3ab0b8":150,"831c7b85":151,"733c86f8":156,"83b2f9c5":158,"a15713c6":174,"fe44fc6f":142,"5ef93e5d":135,"4abb7aed":150,"abc1d7ad":168,"28654c76":163,"4b125e7b":152,"93b0a158":166,"5eab91a0":163,"a502c93c":135,"9d4f1fe6":145,"6b82b527":161,"e356abf1":161,"76f3a3be":158,"081460bf":153,"deb31f35":157,"3c18f28e":150,"b230e8d3":156,"71a2a493":124,"6632fed0":162,"36684155":157,"77bae750":151,"527ff946":165,"9fc713b0":164,"74e01f6a":150,"59c1e594":146,"9c58dd76":161,"48655f09":186,"56752a4a":143,"acac14fb":152,"d548635d":155,"2e3503e4":166,"f3992a31":162,"77300e4a":131,"972f4174":166,"1e232870":160,"2ad42a9e":172,"a0ce82b4":156,"efd23af5":143,"18d20aa1":153,"c8dc010f":160,"bfad1727":137,"f4343817":158,"23080895":141,"d6db2b02":164,"8aa78e2f":145,"b36a0d66":142,"4ff2225d":146,"820225e4":128,"05642105":155,"045f280d":156,"753ca352":149,"9c29f0ed":171,"619fda68":180,"c38c2b52":147,"7fb4c521":156,"ad303bda":145,"056ea7ff":166,"d102b0c6":149,"379184a7":172,"b2a8761b":142,"4ac6bd4e":141,"fe0df575":160,"45b038bb":185,"92d38723":159,"815e4582":170,"91d52a55":152,"a983a6dc":139,"2a387957":150,"9ab755d3":148,"aaa274a5":153,"7db3edda":150,"ea822700":150,"98915a1f":133,"911e770b":165,"39ba00f0":160,"15620dca":166,"217c0327":135,"6d5fcd4c":151,"30dd2edc":157,"f3d68430":161,"4d35385e":149,"f5596d0f":161,"c015ec5a":155,"b320feb9":160,"8f13c203":143,"638cb163":173,"e32524d6":150,"859545e6":145,"f8b31ce5":180,"7a9344a4":173,"0c043224":164,"d70ca4f4":167,"7cd0ad7b":164,"ddec9e54":151,"f4634d0b":154,"93683c82":154,"b769bdfb":151,"fb7b7b3c":175,"0b3283c9":158,"c0b7e7d7":142,"a40846b7":163,"c463799d":156,"478d2d4f":167,"8f10fa42":182,"55928ef1":147,"a567ace4":155,"9d023afb":151,"50b558a7":136,"42cd2360":130,"28654c76":164,"71ba7561":137,"da04caac":165,"195eb771":154,"fd482491":177,"fafb4cc2":197,"c0b23081":172,"ad2d7bed":162,"54d7de6b":172,"a6b5e869":159,"04cc7cbe":141,"6b82b527":162,"a502c93c":136,"9a3cc55d":141,"e7773397":141,"c93c3508":133,"51f80f4c":169,"12534561":154,"5ac86fb9":164,"081460bf":154,"24a9fb86":168,"56752a4a":144,"655954ba":148,"f598a332":141,"d548635d":156,"f76a3e83":161,"77300e4a":132,"145c7559":153,"4b4ecbce":135,"c455f40e":140,"5a622a23":154,"913a6226":159,"18d20aa1":154,"c8dc010f":161,"5c82d1ce":148,"f4343817":159,"99d130c9":160,"804d4dfa":154,"73b15e04":150,"ac62fac2":167,"cac4449a":149,"9fc713b0":165,"0be540c5":160,"0b5a0408":160,"8d753bb6":153,"1f88a4b7":171,"28d41578":172,"0785820e":152,"4f59a322":154,"7a4c064c":165,"6034b6d0":155,"cf9f4757":140,"753ca352":150,"ffa08d82":158
1604737614477,"ba5c52af":151,"478d2d4f":168,"9a3ab0b8":151,"0042f6eb":147,"2a4a402a":150,"dd3913d2":145,"2bcca6a7":168,"7896b953":161,"d5dae4c4":176,"3c0df8b4":160,"8db5a165":144,"f3a0c2ee":159,"71e53c93":160,"91f7ef72":145,"08a06557":179,"caddd0a7":158,"d141db49":152,"b7505747":155,"fbdffc95":146,"24ffcbd3":174,"4c39240e":167,"61f25dd4":173,"4360a1a3":171,"0d5ee801":144,"f4634d0b":155,"0af920d8":145,"906632cb":162,"26ed1a5c":154,"37d0cae2":138,"dffa7793":136,"abad2347":160,"9d4f1fe6":146,"1c0a9eff":146,"6775d5cd":153,"6ee92259":164,"9b3f8714":155,"31d74eee":144,"1634789b":147,"47d27624":134,"e15fd611":140,"90d52475":153,"aff8e442":158,"36684155":158,"835358a0":144,"98915a1f":134,"de6213c7":146,"c0e2624b":148,"ea822700":151,"2c627253":153,"0d2a1c58":150,"bb99c79c":158,"bc021def":158,"12012fbd":140,"b9a48a5c":139,"d6320619":146,"6cba74ce":140,"d5059415":147,"8ac72326":150,"67c57de4":174,"ae95f2ba":177,"a85d89cc":148,"3498f223":150,"1a2c020b":154,"f598a332":142,"bd984a8e":144,"77300e4a":133,"8e99d5d0":182,"9b172ca8":139,"72b84094":184,"79e4fa1c":159,"547903ef":157,"f734c84c":173,"21ad2f34":163,"8f9b74b0":148,"0a96f57a":162,"ac030e74":147,"9aa6a054":162,"90731976":146,"d36125db":161,"217c0327":136,"a59a8290":157,"78467b8a":167,"33d6bb6a":146,"a8c93bed":150,"eb2e1983":150,"5f4102da":162,"9a3ab0b8":152,"d9d0c567":156,"dc03ebd2":171,"781ace7d":152,"e865e4dd":149,"62d1d346":136,"0b959527":143,"0f029727":142,"b5ce0c0c":169,"a577db1c":141,"868cda42":154,"28d40296":122,"a8726d50":140,"1f11812e":166,"94a2fe10":167,"7cd0ad7b":165,"ca6d2d91":151,"1a2ec5d7":173,"db703021":145,"b28a5e67":178,"3101354b":135,"ef8987d7":149,"20811ddf":159,"935ec056":142,"60d6cee2":152,"b35bb8a1":143,"aa9ea5e8":142,"2ab62345":144,"8cddb65e":150,"24a9fb86":169,"b230e8d3":157,"c67979e6":175,"b88033fd":160,"a939b50b":156,"90d52475":154,"a983a6dc":140,"0f1ac912":139,"66d94227":151,"aa5dfdf5":155,"dd7acb96":162,"de6213c7":147,"9fa62fee":149,"50c3164b":171,"70c1e715":157,"d1ca5d6b":159,"01d817b8":126,"124fbe96":134,"5acaa06f":123,"8f2a7d69":153,"288afc30":154,"c7c4ec5c":135,"1bd5b20b":166,"7a2f3f06":145,"00554ffd":164,"1c0a9eff":147,"abad2347":161,"d39724bc":141,"c38c2b52":148,"80a8a56d":152,"c21ab51e":138,"e0154608":154,"be2955bb":152,"34c5c729":149,"27d8bf51":148,"e4c312fe":159,"056ea7ff":167,"d7cb9bcf":143,"0d7d88f1":163,"a06a6430":159,"91536e85":159,"cb142908":142,"b1f58563":148,"b769bdfb":152,"6b79fec2":150,"39bbc4bc":165,"437fc3ec":166,"6ce84ff8":139,"27f52ed3":180,"2198ba8e":150,"b9a48a5c":140,"a63bddd4":187,"315537b2":161,"f2f58418":143,"6d339d45":132,"416a9e97":147,"eebc8d43":153,"0e2b5d2f":158,"30c184b8":155,"9b546d65":143,"7af262e5":170,"fead11cf":151,"8721056e":143,"93e8cee5":177,"e1f0dbfd":168,"ebdbf580":157,"2ad42a9e":173,"6fb4cdda":171,"bfad1727":138,"ccb5ea3e":137,"913a6226":160,"c1bdfd41":147,"b5ce0c0c":170,"5f620a1e":154,"25776fc4":162,"4777334c":152,"8f13c203":144,"4def63ee":134,"a4f1d83b":142,"0841052c":166,"9316e7e8":130,"40a745c0":160,"1a2ec5d7":174,"43bc86e3":149,"1d44aff3":161,"345c9967":141,"6023df54":148,"7c0a2db6":150,"6e44927f":148,"28654c76":165,"aa00769b":173,"0b5a0408":161,"a5aee5de":181,"2d1e1e9d":146,"1c3a30c5":154,"69f3bfcc":152,"eed20185":168,"5678ed7b":170,"01cd8099":151,"cf84fb54":162,"f044c0e1":148,"99d130c9":161,"49910300":139,"b7407bd3":148,"9260d96b":181,"7ae3fc50":137,"c7c4ec5c":136,"de11eb19":162,"02d4753e":180,"92d38723":160,"9d4f1fe6":147,"d83870f5":150,"d1d40c9c":163,"725dce8b":162,"47cfba38":142,"6e98dfda":160,"bb8a6337":137,"5ac86fb9":165,"f4b2f575":143,"9d63c4dd":157,"5a734022":144,"394dc144":143,"24a9fb86":170,"5eaa1581":150,"4ed01268":143,"650bb0e0":145,"faf3ed07":148,"7028b044":142,"2a06ab95":168,"bca2d7cd":146,"88b3bc99":142,"f271ed5d":155,"1f342a00":153,"ae99df30":146,"16b476e9":156,"bec9d329":166,"bd2705b0":160,"c3e6ef01":155,"be40590d":163,"be2955bb":153,"e0154608":155,"ab7d4c9a":143,"c7313e0a":162,"b215547b":146,"168e75d9":147,"4e3f5178":165,"4295ce9a":153,"10ec5a0b":140,"76f94eda":169,"056ea7ff":168,"67c57de4":175,"7fb4c521":157,"b9be31d6":162,"faf4f98b":167,"6d61bf13":144,"f2470875":164,"83086d4c":157,"6085137f":135,"09ff339a":130,"695a2b92":142,"095ab3b4":153,"23080895":142,"be1746a0":156,"b7df1559":151,"ad8f85d6":162,"812b4f15":130,"508aac3d":163,"3f65f121":158,"be4f8ba8":143,"d1715f3b":162,"f87c5031":156,"f3d68430":162,"4469c815":125,"7d6895f4":159,"5f4102da":163,"eebc8d43":154,"be3a10f8":173,"c455f40e":141,"debe1f65":156,"a0ce82b4":157,"c45d554f":162,"bfad1727":139,"e2cbe594":158,"f8b31ce5":181,"a577db1c":142,"88fa53d6":136,"7e76c93c":158,"e3547548":148,"92f800f5":160,"b7505747":156,"9316e7e8":131,"2a4a402a":151,"a66a2d8a":171,"2bcca6a7":169,"dc0c8b09":166,"95904ac4":171,"65e4235b":157,"83b2f9c5":159,"313258f2":157,"d8e58a8c":171,"db8ba455":155,"4bc46d7a":145,"2d382981":147,"87922532":175,"013ee301":147,"4945c851":161,"e7e82473":176,"b2703001":165,"d36125db":162,"e81834aa":174,"1138796e":163,"7ae3fc50":138,"b4fdf90e":166,"d33790a2":182,"c7c4ec5c":137,"7a2f3f06":146,"d0e9a58e":154,"608bc832":132,"32133249":154,"8d04852b":152,"162a7348":150,"a1370ab0":151,"b7cc7909":167,"5f6613c8":145,"47cfba38":143,"31d74eee":145,"36684155":159,"cb6c9e42":170,"aff8e442":159,"37fbb107":159,"2a387957":151,"39a2fcce":145,"aa187e3b":149,"6775d5cd":154,"4652b09a":168,"5acce642":152,"e382ec3f":142,"730a4938":145,"6841f77e":162,"66497c7e":145,"56d315d8":135,"751acea8":149,"655941a0":164,"db703021":146,"8942c35b":158,"685207b3":157,"8e99d5d0":183,"470d50c2":149,"b215547b":147,"34c5c729":150,"168e75d9":148,"91536e85":160,"50c468ba":154,"c803b4a3":152,"7566fdd6":160,"437fc3ec":167,"6ce84ff8":140,"014bdff0":157,"9a3cc55d":142,"26f99a1e":149,"a77e127d":136,"2c5c1dc0":142,"64a7f79f":158,"c38c2b52":149,"87cd2add":140,"4f59a322":155,"2d13e69b":154,"f271ed5d":156,"f4726450":145,"8657c79d":162,"f87c5031":157,"383e232d":149,"09560615":131,"cbb54a0a":147,"3454fa2b":143,"98915a1f":135,"51f57142":157,"6d5fcd4c":152,"0e036ae9":168,"25a7a0a3":157,"bd984a8e":145,"ccb5ea3e":138,"debe1f65":157,"3b7763b1":137,"4e5aaaec":133,"9a80f004":151,"92136ff5":153,"f9f2c53f":135,"2af60749":158,"0b959527":144,"ca7d47f7":164,"638cb163":174,"4fd645f1":144,"92f800f5":161,"b5ce0c0c":171,"6a7392d5":139,"ba5c52af":152,"11b2c8d9":147,"33d6bb6a":147,"78b97937":163,"062179c1":154,"fe8f3d36":147,"8a165e17":163,"0a1d11e6":145,"fe44fc6f":143,"fd482491":178,"2c6cb96f":129,"56473430":167,"a5aee5de":182,"56752a4a":145,"01cd8099":152,"87ce8d1d":137,"13f0e139":142,"23080895":143,"bbe71605":135,"013ee301":148,"b84a06eb":156,"fb44fa9c":165,"5678ed7b":171,"489a39f7":151,"8b2b601d":158,"0cb80f4a":154,"92d38723":161,"de11eb19":163,"d0b297b2":139,"8493f3b2":157,"0ac825ed":158,"8c6e001f":130,"a15713c6":175,"9f5e6cba":164,"8d04852b":153,"e9a8cf11":156,"68562193":151,"6df0b2e8":173,"181c3dd5":156,"31f6ba51":145,"b88033fd":161,"90d52475":155,"25d1b2d8":163,"91d52a55":153,"789bd484":149,"a983a6dc":141,"87c462ee":170,"4258c176":152,"54d7de6b":173,"56d315d8":136,"26ed1a5c":155,"30dbfc69":151,"8db62558":149,"9316e7e8":132,"e62d705f":145,"be40590d":164,"685207b3":158,"ebdbf580":158,"0d770b97":151,"88ce179e":163,"e6ec8cbf":162,"cb4f262b":144,"f1dffa24":134,"fe1d4419":150,"0b3283c9":159,"6d61bf13":145,"578f6e9e":161,"f2470875":165,"fb7b7b3c":176,"87083264":171,"056ea7ff":169,"f7231212":141,"8ac72326":151,"a85d89cc":149,"f1df62b4":159,"faf4f98b":168,"1d790491":162,"26c390d6":152,"7db3edda":151,"2d13e69b":155,"2d54e0a8":149,"0bd93cfd":120,"08c6b5d2":153,"730338c4":168,"d3e84616":162,"884b0ad1":153,"53a8613c":171,"a77e8461":153,"7080f122":148,"b9a48a5c":141,"8dd2684c":157,"4e3f5178":166,"53431634":175,"7f86be64":154,"e1618359":158,"dcf85091":139,"4295ce9a":154,"20777945":142,"805534ac":162,"8f9b74b0":149,"21e10a2b":153,"40e79dd3":158,"daab45c6":143,"65a00a3c":154,"5f620a1e":155,"44c77422":154,"df2b4d87":147,"2045d7d6":151,"9bdf362a":156,"a59a8290":158,"20958d58":146,"1105f790":175,"8007f30e":129,"ba5c52af":153,"c6dc900c":129,"b8488fc8":154,"064a99c8":154,"13f0e139":143,"a543ec74":136,"bad6cdb1":130,"b460f030":177,"64a7f79f":159,"03c398d2":160,"d6db2b02":165,"2d1e1e9d":147,"4ff2225d":147,"8b2b601d":159,"49910300":140,"e0f7679f":139,"0be540c5":161,"d33790a2":183,"9260d96b":182,"3652bd66":153,"ea274174":155,"0cb80f4a":155,"b377a62a":147,"379184a7":173,"db8ba455":156,"2c6cb96f":130,"e865e4dd":150,"71e53c93":161,"08a561b7":156,"3c0df8b4":161,"49cb2959":164,"c9efc8f6":154,"e4714415":165,"8cddb65e":151,"c4bff41f":165,"60d6cee2":153,"5e09f69e":183,"3c18f28e":151,"ffc86f94":131,"059d6c19":164,"180377be":152,"4ee62a26":146,"30d84dce":136,"94a2fe10":168,"8db62558":150,"d634aa28":170,"ee75b607":146,"67d30f2b":153,"ba586505":158,"290b4714":153,"7735c3c2":154,"7ee7621c":154,"d815c5b4":181,"c564e316":162,"695a2b92":143,"09ff339a":131,"8274885a":157,"5b60dd1d":159,"836701f6":154,"f6fe095d":162,"93b9fae6":147,"91536e85":161,"7e95c5a0":162,"00a17b46":157,"2ce1af05":136,"31d74eee":146,"c67979e6":176,"d1fe2868":171,"ccf8b803":162,"04643409":161,"650bb0e0":146,"91d52a55":154,"d1ca5d6b":160,"70bc8325":147,"84b767be":175,"aaa274a5":154,"2180f99b":149,"51f57142":158,"a6626a13":140,"f2f58418":144,"0d2a1c58":151,"36d340f2":131,"a77e8461":154,"9e206c95":173,"01d817b8":127,"22ecaed0":155,"0785820e":153,"faf4f98b":169,"b3863630":148,"1a2c020b":155,"e1618359":159,"9b742f71":154,"d548635d":157,"dbc9df44":136,"f598a332":143,"85de05f2":146,"44ff8baa":150,"a0ce82b4":158,"8f9b74b0":150,"3007f31f":143,"547903ef":158,"f4343817":160,"c7636527":137,"2154b6e8":143,"e5d3655c":171,"6c524f99":157,"2bcca6a7":170,"8f10fa42":183,"cfafcda8":150,"8eb64769":162,"0eaf08da":153,"468fc85c":163,"12271e14":161,"2c24d929":166,"742f1425":162,"17807120":154,"f044c0e1":149,"8aa78e2f":146,"8d753bb6":154,"d6db2b02":166,"a4dafea5":152,"4b3e3b1c":162,"b36a0d66":143,"1b153aef":162,"31f6d707":171,"fa55f27a":163,"d33790a2":184,"3a1b9af5":157,"7fdc2007":141,"eebc8d43":155,"ec11fe5f":133,"b2cfdbcf":145,"00a481e3":164,"aec4e1bf":156,"bfcb912a":157,"42c80e69":169,"51f80f4c":170,"5f6613c8":146,"181c3dd5":157,"03b4ab60":147,"731fc335":136,"ef8987d7":150,"f905a555":143,"28654c76":166,"c91966ce":141,"014460b9":179,"719c8869":174,"ea6de194":158,"cc6bbe45":144,"1e191c98":137,"ddec9e54":152,"751bcf25":146,"ca6d2d91":152,"0af920d8":146,"0d5ee801":145,"9d4da635":142,"91b28f83":153,"37d0cae2":139,"8bc04eb5":155,"fea793f5":158,"7735c3c2":155,"0cb80f4a":156,"554ebb83":163,"0b3283c9":160,"ea9bba6b":152,"71ff66e8":145,"fb7b7b3c":177,"004f1ef3":190,"317c1591":168,"60e855ee":175,"677c6a09":176,"88ce179e":164,"7a840529":142,"cc5a1d47":148,"6e98dfda":161,"e99318a3":158,"97e75c19":161,"9d9dd9e5":151,"44a4f7cd":159,"7e15f8e8":160,"f2364460":149,"9fa62fee":150,"84b767be":176,"aec074c4":167,"6a3eaf43":166,"2c627253":154,"9a467a82":158,"7e991ab9":122,"49902219":178,"2180f99b":150,"f2f58418":145,"8dd2684c":158,"be4f8ba8":144,"175bc6b2":134,"affb82bf":170,"87083264":172,"a06a6430":160,"ba938220":151,"87cd2add":141,"4f59a322":156,"3498f223":151,"f76a3e83":162,"972f4174":167,"8e780922":155,"501db4de":156,"168e75d9":149,"c5b35e4d":144,"6b9eff39":147,"2b3c49b9":149,"daab45c6":144,"18d20aa1":155,"25e0dd3d":155,"a0cca8b7":142,"913a6226":161,"baebb391":167,"b6aaf976":161,"d82592f4":158,"bad6cdb1":131,"03dcfa3d":156,"cbad3b92":180,"87922532":176,"88a30343":157,"ce4da56f":152,"26009d3f":144,"1db42092":162,"6c73ae98":129,"fb44fa9c":166,"e8f173b5":152,"dc0c8b09":167,"f2e3c0e3":139,"8007f30e":130,"b8488fc8":155,"a8c93bed":151,"9f5e6cba":165,"74e3d13e":158,"2ab62345":145,"4c0e547b":161,"05f6ab35":163,"52eca0dc":158,"0a1d11e6":146,"b28a5e67":179,"906fdec3":141,"ec110282":181,"a5676c24":154,"cf1b8c47":165,"df2b4d87":148,"08a06557":180,"2af60749":159,"65a00a3c":155,"d6f0d94a":145,"a81a857c":146,"c8fcad77":145,"0841052c":167,"56d315d8":137,"026766f3":157,"bb98a6cf":173,"b6591e25":161,"9d4da635":143,"0d5ee801":146,"5eab91a0":164,"4b125e7b":153,"8245f916":151,"82b81567":136,"7a2f3f06":147,"d33790a2":185,"f1862e79":138,"40569362":172,"761cf820":159,"39bbc4bc":166,"1da771fb":156,"095ab3b4":154,"d1d40c9c":164,"00cf385d":162,"bf30a08f":164,"e0e48a2d":149,"abad2347":162,"35aa7fd0":160,"af034fee":164,"5eaa1581":151,"68562193":152,"842c8340":143,"84369269":134,"bad1a1cc":152,"25d1b2d8":164,"93fdbb44":144,"0670c466":147,"394dc144":144,"3c6692a3":173,"0bd93cfd":121,"5747db6e":166,"3062379b":150,"15620dca":167,"383e232d":150,"d3e84616":163,"fd369c21":167,"0e036ae9":169,"a77e8461":155,"22234d6b":157,"6143f39d":159,"053f3451":150,"9496f56f":159,"d2466211":170,"f7231212":142,"4d9b0b10":157,"1247fa52":161,"288d171f":151,"fe578280":148,"efe84c27":157,"c0fea118":147,"704bce0d":158,"470d50c2":150,"201cafad":153,"e2cbe594":159,"7b6a7048":157,"b6ee137a":152,"ac030e74":148,"a85d89cc":150,"312f7676":167,"8e4c33d2":149,"71ff66e8":146,"ea9bba6b":153,"ad8f85d6":163,"12a2cd4b":150,"71bc1295":147,"792cfcbd":154,"468fc85c":164,"2c24d929":167,"baebb391":168,"b552beb3":160,"a4dafea5":153,"0be540c5":162,"b2703001":166,"a8871ddf":139,"fb44fa9c":167,"bbe71605":136,"49902219":179,"25a7a0a3":158,"82204d54":144,"478d2d4f":169,"cfafcda8":151,"dc0c8b09":168,"b102f7bd":166,"6c524f99":158,"733c86f8":157,"6e44927f":149,"d8e58a8c":172,"537634c9":135,"012de09c":151,"731fc335":137,"3f75d3bc":178,"313258f2":158,"5a622a23":155,"7bebff03":145,"20777945":143,"4fd645f1":145,"44c77422":155,"d9d7c4c2":161,"ca7d47f7":165,"dac109cf":152,"ea6de194":159,"5f620a1e":156,"0c043224":165,"4279e829":176,"cf1124db":140,"0d5ee801":147,"61f25dd4":174,"8942c35b":159,"b6591e25":162,"408bb2ed":152,"e0e6a097":146,"6585adbe":130,"b8397293":141,"f1862e79":139,"31f6d707":172,"4ac6bd4e":142,"9d4f1fe6":148,"6775d5cd":155,"37d0cae2":140,"e0e48a2d":150,"f0a06216":158,"deb31f35":158,"dcfaba4c":158,"12534561":155,"c852d240":153,"4911acad":129,"2132fe93":162,"a47abfbb":139,"36b7003c":179,"5a0eb771":150,"bf822e33":150,"1a0189c4":149,"449d8475":143,"39a2fcce":146,"c98d5272":151,"26c390d6":153,"884b0ad1":154,"aec074c4":168,"92efd84f":152,"d744bee2":148,"fb7482fe":152,"f271ed5d":157,"25a7a0a3":159,"3f65f121":159,"91b28f83":154,"3b2dee89":155,"36380d96":161,"f3992a31":163,"4b4ecbce":136,"2e3503e4":167,"be2955bb":154,"69d4b754":146,"da3437cd":152,"0da28f5b":162,"e1f0dbfd":169,"6bc5d32a":172,"2b3c49b9":150,"21e10a2b":154,"a85d89cc":151,"30b6808c":140,"d7cb9bcf":144,"6034b6d0":156,"621d6b18":161,"c8113b77":146,"c803b4a3":153,"263762cb":139,"39bbc4bc":167,"d599b566":167,"c95719e5":146,"60e855ee":176,"77d35808":137,"363590c7":171,"56752a4a":146,"be1746a0":157,"468fc85c":165,"a0bc1ceb":155,"792cfcbd":155,"12a2cd4b":151,"0f72f2d8":155,"05642105":156,"a6bcb07e":158,"e8f173b5":153,"51f57142":159,"2cb29e5a":161,"1d153b20":161,"4d35385e":150,"ccdd1ce6":153,"82204d54":145,"78467b8a":168,"dfcc2ad1":176,"9a3ab0b8":153,"7bda83dd":144,"7fdc2007":142,"8063df14":162,"a901627e":144,"7b6a7048":158,"fb8bfb36":164,"44c77422":156,"e5d3655c":172,"e786063b":168,"d6f0d94a":146,"88fa53d6":137,"57167c74":144,"859545e6":146,"1f11812e":167,"751acea8":150,"b6591e25":163,"8db62558":151,"1a2ec5d7":175,"5272520d":158,"0841052c":168,"fafb4cc2":198,"da04caac":166,"69eeae0d":135,"45b5746e":152,"74c26380":173,"65e4235b":158
1604737615751,"0b5a0408":162,"95f6db13":153,"013ee301":149,"32c9fc47":158,"cd95f558":157,"5acaa06f":124,"4f5e3e7d":140,"4ea4a2a1":162,"7ae3fc50":139,"5ee911b5":146,"4ac6bd4e":143,"b230e8d3":158,"68562193":153,"081460bf":155,"72805bf5":149,"a2c334e7":165,"5f6613c8":147,"71a2a493":125,"d957f027":148,"f4b2f575":144,"a939b50b":157,"faf3ed07":149,"0670c466":148,"2b3e4717":163,"088feee2":157,"72d7b461":165,"22234d6b":158,"b7832271":170,"2d54e0a8":150,"5a07fc2e":137,"0d2a1c58":152,"272c7672":163,"bd2705b0":161,"e0e48a2d":151,"04bef50c":133,"aa187e3b":150,"54d7de6b":174,"00cf385d":163,"a502c93c":137,"e1618359":160,"efe84c27":158,"5be594be":153,"b3863630":149,"d5059415":148,"77bfed7e":159,"d7cb9bcf":145,"8fb236a9":142,"7218c9f1":138,"3e082b37":141,"9a3cc55d":143,"1da771fb":157,"8dd649a3":148,"312f7676":168,"437fc3ec":168,"2203f259":162,"bad6cdb1":132,"ad8f85d6":164,"aa00769b":174,"2198ba8e":151,"a43061ee":139,"4b4ef7fa":145,"d82592f4":159,"9f74b8a4":150,"0d28db94":144,"09560615":132,"08c6b5d2":154,"8cc4a982":167,"2dda3936":143,"ec2cb1af":161,"15620dca":168,"9e206c95":174,"f5e8dfee":161,"2352c8ef":160,"69eeae0d":136,"8f10fa42":184,"4bc46d7a":146,"fead11cf":152,"43bc86e3":150,"fe44fc6f":144,"cd522166":170,"72b84094":185,"b215547b":148,"6b9eff39":148,"9f2b16a7":170,"c45d554f":163,"1e232870":161,"a0ce82b4":159,"53747a91":144,"b6ee137a":153,"ded7da5a":167,"a33fe0dd":155,"44c77422":157,"1623fc9f":153,"4def63ee":135,"0c0e98ea":141,"7be025ce":161,"4fd645f1":146,"31408822":143,"cc6bbe45":145,"110b1ee3":153,"0c043224":166,"0e2b5d2f":159,"a5676c24":155,"fafb4cc2":199,"5f4102da":164,"17b08923":152,"07fc4a9a":168,"06ddafc7":136,"013ee301":150,"95f6db13":154,"0114160e":151,"1438fad7":156,"a533489b":165,"d33790a2":186,"3d1af513":165,"c7c4ec5c":138,"50312237":161,"d0b297b2":140,"8323d333":140,"45b5746e":153,"76f3a3be":159,"dc473de1":141,"c64de0c0":140,"aa9ea5e8":143,"e9a8cf11":157,"6867261a":153,"72805bf5":150,"7e15f8e8":161,"2b3e4717":164,"6e98dfda":162,"92efd84f":153,"bf822e33":151,"84b767be":177,"0f1ac912":140,"91b28f83":155,"e6ec8cbf":163,"d1d40c9c":165,"1757a30e":147,"ae99df30":147,"c0b23081":173,"54d7de6b":175,"3b690f68":159,"c2bb8aae":152,"ca6d2d91":153,"e1618359":161,"cb51f134":163,"8e99d5d0":184,"9f2b16a7":171,"bd984a8e":146,"c650b434":157,"7f86be64":155,"c4feee5b":149,"e28c2efc":141,"7a840529":143,"263762cb":140,"19f9ca86":156,"0b3283c9":161,"5781776a":155,"8274885a":158,"6b79fec2":151,"1951480c":142,"64a7f79f":160,"4b4ef7fa":146,"0d7d88f1":164,"0bfabf48":141,"87cd2add":142,"4f59a322":157,"6034b6d0":157,"f4b2f575":145,"6a3eaf43":167,"9ceb5439":137,"a6626a13":141,"a625328f":162,"ef1c2dcb":152,"af157d29":152,"d552eb2f":161,"7d6895f4":160,"53a8613c":172,"3454fa2b":144,"175bc6b2":135,"623c6a31":169,"140ce69e":151,"8007f30e":131,"478d2d4f":170,"e5b1abc6":146,"55928ef1":148,"2a76f1dd":141,"25a2844e":161,"bd62d7ed":143,"53747a91":145,"ccb5ea3e":139,"805534ac":163,"f734c84c":174,"3b7763b1":138,"5c82d1ce":149,"14c682eb":143,"44c77422":158,"30c5d755":162,"aa021138":172,"9bdf362a":157,"04ea5673":159,"5ab7bc35":157,"31408822":144,"cd3bbe7e":154,"db703021":147,"0841052c":169,"94a2fe10":169,"30fdcd3b":150,"810aa5e9":162,"69eeae0d":137,"5f0c1b9d":160,"aa867541":145,"946df4fd":175,"a43061ee":140,"e6fac295":145,"ac62fac2":168,"87922532":177,"6db0ea86":146,"e36dfd6f":163,"7732eb1e":172,"45fb95c1":156,"05642105":157,"f5829ac0":164,"5678ed7b":172,"5f8517b7":177,"92d38723":162,"1bd5b20b":167,"0cb80f4a":157,"cfe72ead":146,"de11eb19":164,"36fb15d2":169,"a472532e":140,"56473430":168,"00a481e3":165,"42c80e69":170,"9f5e6cba":166,"288a2c43":147,"e9a8cf11":158,"181c3dd5":158,"0ecfa1c9":145,"8cddb65e":152,"31d74eee":147,"fea793f5":159,"7ee7621c":155,"902f49f5":152,"be2955bb":155,"1a2c020b":156,"d1d40c9c":166,"37d0cae2":141,"6ee92259":165,"4652b09a":169,"aa187e3b":151,"6ce84ff8":141,"8274885a":159,"9a3cc55d":144,"dc583e64":165,"5099c6a0":171,"f6fe095d":163,"6b79fec2":152,"abd32136":161,"7566fdd6":161,"9c29f0ed":172,"ef91eaae":139,"8fb236a9":143,"869cbaa0":164,"e15fd611":141,"aff8e442":160,"47d27624":135,"7028b044":143,"088feee2":158,"5f7d7195":150,"5a07fc2e":138,"d3a669ac":164,"cb6c9e42":171,"a625328f":163,"084cbc0b":149,"0d2a1c58":153,"aec074c4":169,"945b63f0":173,"d6320619":147,"7d6895f4":161,"01d817b8":128,"ac38a6a5":168,"f87c5031":158,"57540cc3":158,"7218c9f1":139,"33d6bb6a":148,"dd3913d2":146,"bd62d7ed":144,"6b78ad7f":159,"dcf85091":140,"c85a0d80":160,"27d8bf51":149,"4e3f5178":167,"ebdbf580":159,"9d0546ac":144,"7b6a7048":159,"5fa12feb":162,"805534ac":164,"e1f0dbfd":170,"f4343817":161,"e1571af7":155,"0f029727":143,"2154b6e8":144,"3fdb08f5":155,"88fa53d6":138,"fce3c5c6":142,"d6f0d94a":147,"c2bb8aae":153,"ec11fe5f":134,"eebc8d43":156,"831c7b85":152,"f67de058":163,"bc392d1c":138,"2c24d929":168,"458dcc3d":172,"12271e14":162,"27c8e038":170,"73b15e04":151,"d8475b95":123,"5678ed7b":173,"6a60348e":151,"de36827b":173,"a6bcb07e":159,"06ddafc7":137,"489a39f7":152,"f044c0e1":150,"d0e9a58e":155,"92d38723":163,"fa55f27a":164,"3a1b9af5":158,"82b81567":137,"336d0f08":170,"8245f916":152,"a5676c24":156,"f789f6d8":152,"91f7ef72":146,"fafb4cc2":200,"b2cfdbcf":146,"5f6613c8":148,"32133249":155,"72805bf5":151,"40860a4b":135,"b35bb8a1":144,"42c80e69":171,"60d6cee2":154,"6e44927f":150,"dd035d2a":151,"cd3bbe7e":155,"dbd2f139":159,"b7434f57":124,"180377be":153,"66b7b5b4":149,"ddec9e54":153,"ee75b607":147,"7f6d1d0e":160,"ae99df30":148,"e0e48a2d":152,"1bb4ccc0":158,"f56ac638":141,"b769bdfb":153,"f5cd79c1":156,"c318d350":168,"5099c6a0":172,"26f99a1e":150,"19f9ca86":157,"71ff66e8":147,"5b5fc566":152,"c803b4a3":154,"4ed01268":144,"394dc144":145,"44a4f7cd":160,"449d8475":144,"d744bee2":149,"789bd484":150,"77f31bab":165,"284544ba":146,"ccf8b803":163,"ef1c2dcb":153,"88b3bc99":143,"d3a669ac":165,"2f455cce":153,"6e851762":150,"8cc4a982":168,"be4f8ba8":145,"36d340f2":132,"b946e146":171,"15620dca":169,"217c0327":137,"9de29816":131,"9f74b8a4":151,"77bfed7e":160,"6a5b71b4":147,"629800eb":170,"d4ee22a4":161,"7a4c064c":166,"9267f0ef":171,"b2c25d1c":146,"754f98c9":164,"c382f054":164,"655954ba":149,"ebdbf580":160,"20777945":144,"e2cbe594":160,"1e232870":162,"92136ff5":154,"51c57542":163,"2b3c49b9":151,"4eed1bea":156,"e1f0dbfd":171,"cc6bbe45":146,"30c5d755":163,"259930ee":159,"2154b6e8":145,"638cb163":175,"caddd0a7":159,"65a00a3c":156,"d78dd457":144,"0f89862c":131,"30c184b8":156,"9b546d65":144,"1c3a30c5":155,"d8475b95":124,"804d4dfa":155,"ac62fac2":169,"35b58ef9":143,"e8d74304":145,"6ebe2354":138,"8b2b601d":160,"8aa78e2f":147,"2d1e1e9d":148,"868edcc0":167,"66554572":127,"489a39f7":153,"e36dfd6f":164,"ef16ca37":152,"de11eb19":165,"36fb15d2":170,"8323d333":141,"761cf820":160,"33d6bb6a":149,"2bcca6a7":171,"50b558a7":137,"be149c6f":140,"64db4feb":175,"13747b82":163,"5ef93e5d":136,"08a561b7":157,"71ba7561":138,"d9a64845":154,"ec110282":182,"a5676c24":157,"5f96c2bc":152,"1f11812e":168,"3b690f68":160,"d634aa28":171,"93683c82":155,"0af920d8":147,"902f49f5":153,"20e470e0":140,"abad2347":163,"31f6d707":173,"ea274174":156,"eda6a690":137,"5270f158":148,"2203f259":163,"836701f6":155,"7ee148e9":159,"6ce84ff8":142,"00cf385d":164,"9cb4697f":171,"a6b5e869":160,"aa187e3b":152,"c0b23081":174,"d929098e":133,"32133249":156,"288a2c43":148,"af034fee":165,"c4bff41f":166,"47d27624":136,"d957f027":149,"a939b50b":158,"394dc144":146,"1634789b":148,"8a52882e":152,"26c390d6":154,"789bd484":151,"aaa274a5":155,"778c95e9":154,"6a3eaf43":168,"84b767be":178,"383e232d":151,"c793cdda":158,"546f6845":156,"9e206c95":175,"eafbf9fb":154,"a77e8461":156,"4469c815":126,"945b63f0":174,"7d6895f4":162,"d5059415":149,"6034b6d0":158,"4d9b0b10":158,"2ce1af05":137,"0d7d88f1":165,"93b9fae6":148,"621d6b18":162,"c85a0d80":161,"a836aa93":144,"f33c0140":152,"be2955bb":156,"77300e4a":134,"c0fea118":148,"c7313e0a":163,"21ad2f34":164,"e2a7d915":132,"9a80f004":152,"c650b434":158,"bc09fa9e":153,"79e4fa1c":160,"201cafad":154,"638cb163":176,"e32524d6":151,"14c682eb":144,"4577b333":158,"c318d350":169,"064a99c8":155,"c609739e":155,"74e01f6a":151,"d82592f4":160,"946df4fd":176,"cac4449a":150,"99d130c9":162,"0b5a0408":163,"49910300":141,"b36a0d66":144,"e8f173b5":154,"6d802fa2":141,"95f6db13":155,"2cce4fb2":160,"4c0e547b":162,"2352c8ef":161,"8f10fa42":185,"6c524f99":159,"0e2b5d2f":160,"2a76f1dd":142,"50b558a7":138,"b28a5e67":180,"f3a0c2ee":160,"d5dae4c4":177,"6023df54":149,"906fdec3":142,"cf1b8c47":166,"43bc86e3":151,"5f620a1e":157,"57167c74":145,"5ab7bc35":158,"c8977844":152,"9d4da635":144,"30dbfc69":152,"40a745c0":161,"d634aa28":172,"c3e6ef01":156,"467773ac":144,"b8397293":142,"6f0fcb9d":156,"de11eb19":166,"7a2f3f06":148,"4ea4a2a1":163,"0ac825ed":159,"8245f916":153,"8dc9b4db":160,"5eab91a0":165,"ba586505":159,"6c20c153":151,"e0e48a2d":153,"0d770b97":152,"5acce642":153,"f56ac638":142,"74e3d13e":159,"60d6cee2":155,"03b4ab60":148,"40860a4b":136,"540df50f":154,"181c3dd5":159,"0681c48e":162,"c67979e6":177,"a1921150":168,"815e4582":171,"e15fd611":142,"5957df9e":154,"650bb0e0":147,"254cc28c":158,"22234d6b":159,"aec074c4":170,"7028b044":144,"39ba00f0":161,"eb7b4e29":144,"272c7672":164,"835358a0":145,"4d35385e":151,"01d817b8":129,"ac38a6a5":169,"2dda3936":144,"ccdd1ce6":154,"be4f8ba8":146,"b946e146":172,"07f98660":163,"753ca352":151,"cc5a1d47":149,"abd32136":162,"b73e789c":146,"95539a58":147,"d4ee22a4":162,"c5b35e4d":145,"e7abc88d":146,"fe578280":149,"90a06ee9":156,"53431634":176,"9b172ca8":140,"dcf85091":141,"bc09fa9e":154,"77898c22":129,"3007f31f":144,"3b7763b1":139,"2ad42a9e":174,"261c9911":165,"53747a91":146,"6b79fec2":153,"25635c37":138,"6ce84ff8":143,"b935fc1c":154,"71ff66e8":148,"93ac9ca3":155,"aefe13f5":165,"99d130c9":163,"73b15e04":152,"48655f09":187,"12a2cd4b":152,"2d382981":148,"d82592f4":161,"d36125db":163,"54a676d6":144,"b552beb3":161,"f044c0e1":151,"2cce4fb2":161,"0114160e":152,"a4dafea5":154,"062179c1":155,"7af262e5":171,"eebc8d43":157,"8007f30e":132,"f2e3c0e3":140,"b8488fc8":156,"733c86f8":158,"69eeae0d":138,"906fdec3":143,"d9d0c567":157,"6e44927f":151,"2dd0e808":148,"313258f2":159,"e865e4dd":151,"ce3bf5db":152,"d6f0d94a":148,"4fd645f1":147,"08a06557":181,"75ffea08":153,"92f800f5":162,"0b959527":145,"b6591e25":164,"0c0e98ea":142,"d033db8d":176,"f1b493de":174,"5272520d":159,"3f9b5722":141,"93683c82":156,"02d4753e":181,"b4fdf90e":167,"f9c15fcc":144,"b7407bd3":149,"4f5e3e7d":141,"7a2f3f06":149,"ef16ca37":153,"aa187e3b":153,"a502c93c":138,"d1d40c9c":167,"540df50f":155,"9f5e6cba":167,"5f6613c8":149,"64db4feb":176,"6867261a":154,"af034fee":166,"51f80f4c":171,"5957df9e":155,"77bae750":152,"84369269":135,"1a0189c4":150,"36684155":160,"cb6c9e42":172,"f4b2f575":146,"dd7acb96":163,"a625328f":164,"7db3edda":152,"eb7b4e29":145,"aa5dfdf5":156,"2d13e69b":156,"98915a1f":136,"865d9857":139,"b946e146":173,"af157d29":153,"175bc6b2":136,"f3d68430":163,"b3f19a69":145,"6775d5cd":156,"93b0a158":167,"e6ec8cbf":164,"a06a6430":161,"0785820e":154,"2ce1af05":138,"9496f56f":160,"8ac72326":152,"0d7d88f1":166,"b2c25d1c":147,"cb51f134":164,"c5b35e4d":146,"9267f0ef":172,"b3863630":150,"0a92153e":151,"c650b434":159,"1e232870":163,"5c82d1ce":150,"40e79dd3":159,"9a80f004":153,"8ea21393":136,"7bebff03":146,"b6ee137a":154,"10ec5a0b":141,"004f1ef3":191,"c318d350":170,"5099c6a0":173,"e7773397":142,"09f0db62":181,"82868763":147,"8dc9b4db":161,"87922532":178,"23080895":144,"b460f030":178,"12271e14":163,"468fc85c":166,"64a7f79f":161,"3e602573":148,"2cce4fb2":162,"e7e82473":177,"bbe71605":137,"1be05c14":158,"de36827b":174,"d9dcdc4b":171,"6291e9e9":164,"3f65f121":160,"172217e5":164,"062179c1":156,"92ca52b7":168,"dfcc2ad1":177,"bd62d7ed":145,"2a76f1dd":143,"1105f790":176,"78b97937":164,"3c0df8b4":162,"0a1d11e6":147,"b2cfdbcf":147,"49cb2959":165,"08a561b7":158,"abc1d7ad":169,"75ffea08":154,"0f029727":144,"d6f0d94a":149,"d141db49":153,"c8fcad77":146,"2045d7d6":152,"5ab7bc35":159,"ddec9e54":154,"ca6d2d91":154,"3b690f68":161,"19e9776f":151,"56d315d8":138,"4ee62a26":147,"be40590d":165,"4abb7aed":151,"d0b297b2":141,"8d000d6e":147,"608bc832":133,"45b038bb":186,"4ba6eb36":150,"b35e9e1a":187,"cfe72ead":147,"ed4fad08":163,"1ed46298":169,"71a2a493":126,"a1370ab0":152,"a47abfbb":140,"24a9fb86":171,"6867261a":155,"1634789b":149,"90d52475":156,"a1921150":169,"23760167":157,"254cc28c":159,"37fbb107":160,"7e15f8e8":162,"4bcd4a30":163,"6c20c153":152,"04cc7cbe":142,"e4117b3b":137,"a6b5e869":161,"d83870f5":151,"935ec056":143,"2882a956":157,"e57d5cda":150,"c0fea118":149,"69134f07":146,"c382f054":165,"a4296d1e":152,"e9679ede":149,"e0154608":156,"20777945":145,"696fdac5":158,"92136ff5":155,"6bc5d32a":173,"f734c84c":175,"df81ddee":141,"869cbaa0":165,"056ea7ff":170,"6a5b71b4":148,"6f39f4d9":162,"6034b6d0":159,"016953e4":165,"d599b566":168,"004f1ef3":192,"8dd649a3":149,"8dc9b4db":162,"25635c37":139,"a77e127d":137,"4b4ef7fa":147,"71bc1295":148,"13f0e139":144,"87922532":179,"59c1e594":147,"73b15e04":153,"c6e3d352":158,"b552beb3":162,"95f6db13":156,"f1df62b4":160,"315537b2":162,"6e851762":151,"d6320619":148,"284544ba":147,"af157d29":154,"7e991ab9":123,"eb7b4e29":146,"175bc6b2":137,"730338c4":169,"865d9857":140,"9147702f":138,"ef8321d8":152,"8547fbc2":154,"a0685bf3":173,"ec11fe5f":135,"8f10fa42":186,"19551bad":144,"55928ef1":149,"bd62d7ed":146,"be3a10f8":174,"da04caac":167,"c455f40e":142,"77898c22":130,"2154b6e8":146,"014460b9":180,"f8b31ce5":182,"7e76c93c":159,"c1bdfd41":148,"4777334c":153,"805af3c7":157,"30fdcd3b":151,"4279e829":177,"94a2fe10":170,"5ccf94d6":149,"dbd2f139":160,"906632cb":163,"20e470e0":141,"a472532e":141,"db8ba455":157,"aa76bc50":128,"ef8987d7":151,"49cb2959":166,"0be540c5":163,"32c9fc47":159,"0d2c95fe":155,"a4dafea5":155,"e0f7679f":140,"792c9b6a":150,"92d38723":164,"288afc30":155,"2e99f8fd":143,"8493f3b2":158,"00554ffd":165,"5acaa06f":125,"f905a555":144,"bc3dc66a":156,"32133249":157,"288a2c43":149,"40860a4b":137,"2ab62345":146,"f66616b7":157,"8d04852b":154,"90d52475":157,"789bd484":152,"c64de0c0":141,"815e4582":172,"254cc28c":160,"84369269":136,"c98d5272":152,"f4726450":146,"a6626a13":142,"6a3eaf43":169,"4652b09a":170,"4b125e7b":154,"f56ac638":143,"16b476e9":157,"8bc04eb5":156,"bec9d329":167,"87c462ee":171,"efe84c27":159,"3498f223":152,"754f98c9":165,"8e780922":156,"9f2b16a7":172,"1247fa52":162,"80a8a56d":153,"6b9eff39":149,"c8dc010f":162,"20777945":146,"9496f56f":161,"9fce073c":150,"7a840529":144,"f2470875":166,"eda6a690":138,"5b60dd1d":160,"b935fc1c":155,"2c5c1dc0":143,"014bdff0":158,"3f2522c2":160,"71bc1295":149,"3e602573":149,"13f0e139":145,"1c3a30c5":156,"35b58ef9":144,"2d382981":149,"6a5b71b4":149,"e4cfef0a":141,"9aa6a054":163,"2ce1af05":139,"d0d6acb1":153,"084cbc0b":150,"39ba00f0":162,"a63bddd4":188,"4bcd4a30":164,"15620dca":170,"af157d29":155,"6d339d45":133,"f2ca27d9":171,"9a467a82":159,"2dda3936":145,"55928ef1":150,"dc0c8b09":169,"ec11fe5f":136,"fead11cf":153,"fef750ca":159,"20958d58":147,"4e5aaaec":134,"913a6226":162,"2ad42a9e":175,"f4343817":162,"88fa53d6":139,"cc6bbe45":147,"e786063b":169,"28d40296":123,"868cda42":155,"d6f0d94a":150,"e5d3655c":173,"0c0e98ea":143,"30fdcd3b":152,"f4634d0b":156,"66497c7e":146,"430a5db5":158,"7fdc2007":143,"abc1d7ad":170,"0a1d11e6":148,"c27969ec":150,"1f88a4b7":172,"6d802fa2":142
1604737616753,"b36a0d66":145,"f277386e":133,"a8871ddf":140,"54a676d6":145,"a6bcb07e":160,"608bc832":134,"906632cb":164,"0841052c":170,"8cddb65e":153,"e9a8cf11":159,"3a1d1632":128,"76f3a3be":160,"7af9d3b1":153,"31f6ba51":146,"31d74eee":148,"71a2a493":127,"5f7d7195":151,"36684155":161,"a1921150":170,"99e171db":155,"254cc28c":161,"8a52882e":153,"761cf820":161,"b2a8761b":143,"7a2f3f06":150,"f9c15fcc":145,"7a6aa4b6":155,"fa55f27a":165,"36380d96":162,"1a2c020b":157,"c0fea118":150,"dbc9df44":137,"21ad2f34":165,"69eeae0d":139,"28654c76":167,"d9d0c567":158,"8a165e17":164,"a472532e":142,"bf30a08f":165,"04cc7cbe":143,"5acce642":154,"6c20c153":153,"37d0cae2":142,"77898c22":131,"0da28f5b":163,"c4feee5b":150,"4e5aaaec":135,"18d20aa1":156,"9b172ca8":141,"805534ac":165,"261c9911":166,"2a06ab95":169,"72d7b461":166,"5747db6e":167,"d552eb2f":162,"6751d8e4":163,"3062379b":151,"d0d6acb1":154,"a63bddd4":189,"2dda3936":146,"3661e12d":147,"865d9857":141,"09560615":133,"623c6a31":170,"4d35385e":152,"2b3c49b9":152,"f8b31ce5":183,"638cb163":177,"4777334c":154,"a33fe0dd":156,"e3547548":149,"4def63ee":136,"ce3bf5db":153,"cc11fef9":164,"730a4938":146,"bec9d329":168,"2b698053":158,"ffa08d82":159,"7566fdd6":162,"ba938220":152,"abd32136":163,"67c57de4":176,"5272520d":160,"32133249":158,"deb31f35":159,"9f5e6cba":168,"bfcb912a":158,"2132fe93":163,"b35bb8a1":145,"c6c85783":163,"61d4782d":152,"449d8475":145,"b7434f57":125,"5099c6a0":174,"c318d350":171,"016953e4":166,"a58bf525":157,"695a2b92":144,"8e4c33d2":150,"71ff66e8":149,"064a99c8":156,"468fc85c":167,"b7df1559":152,"12271e14":164,"64a7f79f":162,"04612878":165,"a636f4c9":170,"ce4da56f":153,"5678ed7b":174,"1f88a4b7":173,"59431390":150,"1be05c14":159,"11888cfa":141,"6db0ea86":147,"8db62558":152,"430a5db5":159,"31408822":145,"9d4da635":145,"5acaa06f":126,"fa55f27a":166,"3652bd66":154,"08a4c3f8":166,"50312237":162,"6f0fcb9d":157,"3d1af513":166,"1247fa52":163,"1a2c020b":158,"f2086446":145,"972f4174":168,"a4296d1e":153,"dbc9df44":138,"9b742f71":155,"d83294cd":148,"78b97937":165,"4bc46d7a":147,"25a2844e":162,"6a7392d5":140,"dd3913d2":147,"2c6cb96f":131,"fd482491":179,"d78dd457":145,"74c26380":174,"6c486702":162,"c1bb74f2":149,"c91966ce":142,"56473430":169,"a851891c":145,"ad2d7bed":163,"9a80f004":154,"f9f2c53f":136,"4eed1bea":157,"c8dc010f":163,"8f9b74b0":151,"6b9eff39":150,"bfad1727":140,"5f7d7195":152,"1a0189c4":151,"1b881e6e":154,"8a52882e":154,"8cd78f77":160,"48efc739":174,"70bc8325":148,"aaa274a5":156,"dd7acb96":164,"50c3164b":172,"ef8321d8":153,"af0b61ab":156,"7028b044":145,"fd6dcb20":153,"51f57142":160,"3f65f121":161,"7d6895f4":163,"623c6a31":171,"eeaa2d46":169,"a81a857c":147,"4fd645f1":148,"ca7d47f7":166,"8f13c203":145,"c015ec5a":156,"d9f512b9":159,"2203f259":164,"f5cd79c1":157,"42191b64":136,"8dd649a3":150,"04612878":166,"6b79fec2":154,"4febf7c5":155,"578f6e9e":162,"a0bc1ceb":156,"45fb95c1":157,"b935fc1c":156,"12271e14":165,"8d753bb6":155,"9c58dd76":162,"2d382981":150,"1f88a4b7":174,"f044c0e1":152,"56752a4a":147,"0f029727":145,"f1b493de":175,"124fbe96":135,"ea4d3f3e":164,"b0869206":159,"67d30f2b":154,"6b82b527":163,"abad2347":164,"ffa08d82":160,"76f94eda":170,"621d6b18":163,"e28c2efc":142,"f1df62b4":161,"10ec5a0b":142,"50c468ba":155,"bb98a6cf":174,"30dbfc69":153,"902f49f5":154,"94a2fe10":171,"110b1ee3":154,"0d5ee801":148,"a6003226":152,"d6d61bfc":172,"35aa7fd0":161,"57d5dee8":160,"84369269":137,"540df50f":156,"faf3ed07":150,"88a30343":158,"4945c851":162,"05642105":158,"7a6aa4b6":156,"2e99f8fd":144,"8493f3b2":159,"92d38723":165,"ea274174":157,"b35e9e1a":188,"5ee911b5":147,"33d6bb6a":150,"8063df14":163,"a59a8290":159,"fe8f3d36":148,"e5b1abc6":147,"0f89862c":132,"3a291497":144,"dc0c8b09":170,"b28a5e67":181,"71ba7561":139,"d9d0c567":159,"ef8987d7":152,"4bc46d7a":148,"aa867541":146,"5be594be":154,"145c7559":154,"4e3f5178":168,"0dad37d5":159,"be2955bb":157,"0da28f5b":164,"e2cbe594":161,"c7313e0a":164,"c455f40e":143,"c45d554f":164,"c650b434":160,"44ff8baa":151,"7b6a7048":160,"da3437cd":153,"c81b2bcf":139,"0681c48e":163,"6632fed0":163,"93fdbb44":145,"bf822e33":152,"cf775f58":166,"c98d5272":153,"98915a1f":137,"70bc8325":149,"b7832271":171,"22234d6b":160,"5a07fc2e":139,"084cbc0b":151,"9a467a82":160,"9ab755d3":149,"2dda3936":147,"fd6dcb20":154,"f5596d0f":162,"3f65f121":162,"18815a1b":149,"d1715f3b":163,"dac109cf":153,"004f1ef3":193,"f5cd79c1":158,"5099c6a0":175,"a40846b7":164,"a77e127d":138,"22aeaf03":152,"c0b7e7d7":143,"8eb64769":163,"1c3a30c5":157,"cf52025e":151,"b460f030":179,"aa00769b":175,"dfc89705":161,"e8d74304":146,"8b2b601d":161,"b2703001":167,"4fd645f1":149,"ba30e43a":165,"fce3c5c6":143,"c0b0f492":167,"259930ee":160,"ffc86f94":132,"bb00e71c":138,"0d770b97":153,"bf30a08f":166,"a6b5e869":162,"54d7de6b":176,"bd2705b0":162,"e356abf1":162,"af7e5be8":154,"7a840529":145,"d7cb9bcf":146,"e57d5cda":151,"b73e789c":147,"87083264":173,"95539a58":148,"66497c7e":147,"c2bb8aae":154,"381c68fa":152,"751acea8":151,"94a2fe10":172,"8db62558":153,"26ed1a5c":156,"64db4feb":177,"9b3f8714":156,"05642105":159,"a3d4a0e5":164,"d36125db":164,"95f6db13":157,"6a60348e":152,"34658473":140,"6585adbe":131,"3d1af513":167,"8323d333":142,"5f8517b7":178,"b7407bd3":150,"50312237":163,"8063df14":164,"a59a8290":160,"fee32863":158,"a567ace4":156,"c1bb74f2":150,"ae016053":173,"69eeae0d":140,"25a2844e":163,"5ef93e5d":137,"dc0c8b09":171,"6023df54":150,"d9a64845":155,"f3a0c2ee":161,"1d44aff3":162,"be2955bb":158,"dbc9df44":139,"f2086446":146,"2e3503e4":168,"d34a29b9":166,"e1f0dbfd":172,"9f2b16a7":173,"cd421290":149,"a3253019":144,"4e5aaaec":136,"805534ac":166,"92136ff5":156,"ab7467de":163,"5c82d1ce":151,"4125085e":164,"32133249":159,"0681c48e":164,"794f652b":167,"a1370ab0":153,"d1fe2868":172,"c852d240":154,"088feee2":159,"1a0189c4":152,"5339e1e9":160,"2a387957":152,"c6c85783":164,"22234d6b":161,"70bc8325":150,"2d13e69b":157,"1f7607df":141,"e58b26f6":167,"0fc5ac7e":181,"8cd78f77":161,"7080f122":149,"22176537":147,"ec2cb1af":162,"8cc4a982":169,"f3d68430":164,"623c6a31":172,"416a9e97":148,"8e4c33d2":151,"1951480c":143,"2c5c1dc0":144,"8dd649a3":151,"3e082b37":142,"8dc9b4db":163,"363590c7":172,"064a99c8":157,"03c398d2":161,"0eaf08da":154,"59c1e594":148,"9fc713b0":166,"c4e70c07":150,"259930ee":161,"c1bdfd41":149,"0b959527":146,"b5ce0c0c":172,"7fef9973":159,"b0869206":160,"67d30f2b":155,"e6ec8cbf":165,"20811ddf":160,"6c20c153":154,"4652b09a":171,"a85d89cc":152,"ef91eaae":140,"7a840529":146,"30b6808c":141,"50c468ba":156,"a06a6430":162,"cc5a1d47":150,"44c77422":159,"a577db1c":143,"b6591e25":165,"3b690f68":162,"751bcf25":147,"dbd2f139":161,"cd3bbe7e":156,"c2bb8aae":155,"30d84dce":137,"17807120":155,"bc392d1c":139,"8cf83787":146,"95bc84f1":140,"69f3bfcc":153,"0d2c95fe":156,"2cce4fb2":163,"a3d4a0e5":165,"17b08923":153,"00554ffd":166,"332820ce":158,"a533489b":166,"b8397293":143,"4ea4a2a1":164,"f9c15fcc":146,"c4aa1e38":136,"dd3913d2":148,"6c524f99":160,"b102f7bd":167,"eb2e1983":151,"1bc0591f":148,"c6dc900c":130,"a8c93bed":152,"2c6cb96f":132,"fd482491":180,"a851891c":146,"fafb4cc2":201,"345c9967":142,"616d6dd6":154,"08a561b7":159,"f33c0140":153,"90a06ee9":157,"3498f223":153,"0da28f5b":165,"501db4de":157,"6490bac6":148,"f598a332":144,"7e8e1c3d":157,"efe84c27":160,"ab7467de":164,"51c57542":164,"dcfaba4c":159,"bc3dc66a":157,"c4bff41f":167,"5e09f69e":184,"50d129cf":143,"081460bf":156,"6adce358":174,"6867261a":156,"6e98dfda":163,"51f80f4c":172,"e15fd611":143,"4ed01268":145,"394dc144":147,"5f7d7195":153,"92efd84f":154,"2f455cce":154,"d552eb2f":163,"d0d6acb1":155,"835358a0":146,"84b767be":179,"18815a1b":150,"730338c4":170,"51f57142":161,"15620dca":171,"6d5fcd4c":153,"f3d68430":165,"7080f122":150,"416a9e97":149,"805534ac":167,"ecfa8249":163,"261c9911":167,"263762cb":141,"f5cd79c1":159,"27f52ed3":181,"d599b566":169,"09ff339a":132,"5410e9c6":164,"1da771fb":158,"804d4dfa":156,"1c3a30c5":158,"04cc7cbe":144,"935ec056":144,"1757a30e":148,"4258c176":153,"ad2d7bed":164,"abad2347":165,"4652b09a":172,"e4cfef0a":142,"0785820e":155,"f7231212":143,"ffa08d82":161,"1dad0f99":144,"ac030e74":149,"f1df62b4":162,"c015ec5a":157,"c8fcad77":147,"a577db1c":144,"c7636527":138,"ce3bf5db":154,"28d40296":124,"ffc86f94":133,"d033db8d":177,"94a2fe10":173,"66b7b5b4":150,"30d84dce":138,"0c043224":167,"db703021":148,"be40590d":166,"03c398d2":162,"d8475b95":125,"73b15e04":154,"04612878":167,"0f72f2d8":156,"45fb95c1":158,"90731976":147,"e7e82473":178,"3c782bb3":155,"2d1e1e9d":149,"1138796e":164,"54a676d6":146,"cfe72ead":148,"ea274174":158,"7ae3fc50":140,"6f0fcb9d":158,"5a0ead91":138,"8323d333":143,"4f5e3e7d":142,"82204d54":146,"2a76f1dd":144,"a0685bf3":174,"70ee0491":147,"cd522166":171,"c6dc900c":131,"8721056e":144,"3f75d3bc":179,"45b5746e":154,"c91966ce":143,"a5fd8ffd":159,"ab7d4c9a":144,"2e3503e4":169,"1a68160d":158,"145c7559":155,"8d04852b":155,"a2c334e7":166,"288a2c43":150,"57d5dee8":161,"32133249":160,"90d52475":158,"47d27624":137,"b7cc7909":168,"9f5e6cba":169,"7e15f8e8":163,"5339e1e9":161,"ce3407dd":153,"f66616b7":158,"93fdbb44":146,"f4726450":147,"2a06ab95":170,"2d54e0a8":151,"d552eb2f":164,"de6213c7":148,"92efd84f":155,"0277d748":164,"172217e5":165,"6751d8e4":164,"4d35385e":153,"0e036ae9":170,"865d9857":142,"3f65f121":163,"b2c25d1c":148,"53747a91":147,"79f04300":155,"da3437cd":154,"696fdac5":159,"d25e0f8d":182,"18d20aa1":157,"27d8bf51":150,"2209903e":163,"0b3283c9":162,"971675c5":161,"e238f09b":167,"8dc9b4db":164,"26f99a1e":151,"578f6e9e":163,"f1dffa24":135,"07107f6e":157,"08a561b7":160,"4bc46d7a":149,"4abb7aed":152,"9d4f1fe6":149,"6841f77e":163,"bec9d329":169,"ee21ad02":170,"c0b23081":175,"ea4d3f3e":165,"5b5fc566":153,"8ac72326":153,"7a840529":147,"d4ee22a4":163,"d83294cd":149,"e1571af7":156,"a33fe0dd":157,"ea6de194":160,"3fdb08f5":156,"868cda42":156,"28d40296":125,"8f13c203":146,"558d5ce7":155,"cc11fef9":165,"3f9b5722":142,"f1b493de":176,"8942c35b":160,"5cd3cfe0":147,"5272520d":161,"751acea8":152,"a0bc1ceb":157,"4b4ef7fa":148,"1c3a30c5":159,"e8d74304":147,"3e602573":150,"87ce8d1d":138,"0f72f2d8":157,"e8f173b5":155,"bbe71605":138,"0be540c5":164,"2d1e1e9d":150,"820225e4":129,"a8871ddf":141,"17b08923":154,"06073f13":170,"5f8517b7":179,"f9c15fcc":147,"9e878ec2":165,"7ae3fc50":141,"8245f916":154,"761cf820":162,"a85d89cc":153,"d2466211":171,"c803b4a3":155,"a0685bf3":175,"478d2d4f":171,"6a7392d5":141,"78b97937":166,"7bda83dd":145,"c1bb74f2":151,"50b558a7":139,"8cddb65e":154,"ed4fad08":164,"68562193":154,"6867261a":157,"aff8e442":161,"5eaa1581":152,"9ceb5439":138,"aa9ea5e8":144,"5a0eb771":151,"0681c48e":165,"e99318a3":159,"bf822e33":153,"cb6c9e42":173,"c98d5272":154,"92efd84f":156,"70bc8325":151,"f271ed5d":158,"835358a0":147,"70c1e715":158,"84b67924":157,"9a467a82":161,"98915a1f":138,"704bce0d":159,"dbc9df44":140,"501db4de":158,"a836aa93":145,"261c9911":168,"312f7676":169,"095ab3b4":155,"83086d4c":158,"70594a28":159,"efe84c27":161,"d548635d":158,"ab7467de":165,"6b9eff39":151,"e9679ede":150,"6bc5d32a":174,"7bebff03":147,"a0cca8b7":143,"a901627e":145,"3101354b":136,"c91966ce":144,"6023df54":151,"b28a5e67":182,"dc03ebd2":172,"abc1d7ad":171,"bec9d329":170,"abad2347":166,"6841f77e":164,"16b476e9":158,"04bef50c":134,"6ee92259":166,"5acce642":155,"aa021138":173,"e9adbe58":156,"53a8613c":173,"d2a841c9":150,"a63bddd4":190,"3661e12d":148,"22ecaed0":156,"d141db49":154,"a577db1c":145,"24ffcbd3":175,"8f13c203":147,"ca7d47f7":167,"e5d3655c":174,"f883d582":145,"e62d705f":146,"a8726d50":141,"059d6c19":165,"58d46189":171,"82868763":148,"363590c7":173,"b1f58563":149,"09f0db62":182,"b460f030":180,"01cd8099":153,"cbad3b92":181,"bc392d1c":140,"e8d74304":148,"792cfcbd":156,"ce4da56f":154,"aa00769b":176,"f044c0e1":153,"e81834aa":175,"f5829ac0":165,"6c73ae98":130,"a24e6670":155,"95f6db13":158,"7a6aa4b6":157,"608bc832":135,"d0c0fc08":137,"f4634d0b":157,"381c68fa":153,"629800eb":171,"869cbaa0":166,"91536e85":162,"ad303bda":146,"0d28db94":145,"619fda68":181,"95539a58":149,"be3a10f8":175,"fe8f3d36":149,"1105f790":177,"bb8a6337":138,"32133249":161,"5eaa1581":153,"181c3dd5":160,"97e75c19":162,"449d8475":146,"4125085e":165,"35aa7fd0":162,"1d790491":163,"36b7003c":180,"2132fe93":164,"5f7d7195":154,"5d087c79":149,"c98d5272":155,"272c7672":165,"34658473":141,"b4fdf90e":168,"3a1b9af5":159,"288afc30":156,"2c5c1dc0":145,"71ff66e8":150,"3e082b37":143,"42191b64":137,"79f04300":156,"f76a3e83":163,"69d4b754":147,"72b84094":186,"6fb4cdda":172,"e2a7d915":133,"f2086446":147,"8f9b74b0":152,"33d6bb6a":151,"e5b1abc6":148,"78467b8a":169,"4c0e547b":163,"83b2f9c5":160,"cf1b8c47":167,"2c6cb96f":133,"71e53c93":162,"aa867541":147,"da04caac":168,"4bc46d7a":150,"677c6a09":177,"e4117b3b":138,"ee21ad02":171,"53431634":177,"e21c6207":160,"470d50c2":151,"daab45c6":145,"df81ddee":142,"f4343817":163,"af0b61ab":157,"f4726450":148,"8dd2684c":159,"6cba74ce":141,"383e232d":152,"01d817b8":130,"a625328f":165,"945b63f0":175,"0bd93cfd":122,"f271ed5d":159,"ccdd1ce6":155,"af157d29":156,"36d340f2":133,"638cb163":178,"014460b9":181,"2af60749":160,"49b358bd":161,"30c5d755":164,"805af3c7":158,"9bdf362a":158,"a58bf525":158,"695a2b92":145,"ea9bba6b":154,"ae8a09c4":157,"a43061ee":141,"d82592f4":162,"946df4fd":177,"2c24d929":169,"481754fc":141,"bbe71605":139,"a543ec74":137,"11888cfa":142,"0d2c95fe":157,"06ddafc7":138,"8298e976":167,"b84a06eb":157,"045f280d":157,"d033db8d":178,"d0c104c4":132,"059d6c19":166,"1f11812e":169,"c0b23081":176,"9cb4697f":172,"b3f19a69":146,"aa187e3b":154,"d4ee22a4":164,"ef91eaae":141,"9f74b8a4":152,"9496f56f":162,"91536e85":163,"e28c2efc":143,"faf4f98b":170,"0af920d8":148,"db703021":149,"5ccf94d6":150,"61d4782d":153,"35aa7fd0":163,"51f80f4c":173,"47d27624":138,"aff8e442":162,"e4714415":166,"449d8475":147,"b35bb8a1":146,"5339e1e9":162,"ed4fad08":165,"04643409":162,"a1370ab0":154,"8d000d6e":148,"5acaa06f":127,"761cf820":163,"de11eb19":167,"9263c525":158,"ea274174":159,"67f6e4f2":139,"b215547b":149,"f3992a31":164,"ec11fe5f":137,"a567ace4":157,"8007f30e":133,"1745a0f4":159,"e35a63cd":156,"78467b8a":170,"fead11cf":154,"7c0a2db6":151,"da04caac":169,"906fdec3":144,"49cb2959":167,"7ae34c64":149,"810aa5e9":163,"61145ec9":165,"69134f07":147,"cd421290":150,"696fdac5":160,"e21c6207":161,"ebdbf580":161,"85de05f2":147,"3ef7432b":164,"168e75d9":150,"53431634":178,"8f9b74b0":153,"3b7763b1":140,"bfad1727":141,"d957f027":150,"8ec3834d":165,"f4726450":149,"b7832271":172,"5a07fc2e":140,"88b3bc99":144,"730338c4":171,"fb7482fe":153,"fd369c21":168,"f2ca27d9":172,"0e036ae9":171,"a63bddd4":191,"eafbf9fb":155,"6143f39d":160,"623c6a31":173,"88432019":146,"62d1d346":137,"aab4d996":152,"5f620a1e":158,"2154b6e8":147,"9bdf362a":159,"c7636527":139,"3f2522c2":161,"095ab3b4":156,"77d35808":138,"19f9ca86":158,"317c1591":169,"6d61bf13":146,"60e855ee":177,"a636f4c9":171,"ac62fac2":170,"13f0e139":146,"12271e14":166,"481754fc":142,"26009d3f":145,"742f1425":163,"e36dfd6f":165,"aefe13f5":166,"b84a06eb":158,"cf50e84e":142,"45fb95c1":159,"2d1e1e9d":151,"05642105":160,"37a7d5b0":154,"1e191c98":138,"66b7b5b4":151,"6ee92259":167,"d4d5f466":150,"f0a06216":159,"04cc7cbe":145,"79be29c8":144,"87c462ee":172,"e356abf1":163,"4d9b0b10":159,"cf9f4757":141,"e28c2efc":144,"87083264":174,"0bfabf48":142,"ad303bda":147
1604737617917,"08a4c3f8":167,"4ac6bd4e":144,"3652bd66":155,"b35e9e1a":189,"de11eb19":168,"408bb2ed":153,"b8397293":144,"e45b4b53":145,"8dc9b4db":165,"b935fc1c":157,"c0b7e7d7":144,"19f9ca86":159,"971675c5":162,"eda6a690":139,"e6fac295":146,"946df4fd":178,"dfc89705":162,"a43061ee":142,"64a7f79f":163,"4febf7c5":156,"1be05c14":160,"b2bd8fd3":148,"6291e9e9":165,"0b5a0408":164,"1438fad7":157,"54a676d6":147,"b36a0d66":146,"dc473de1":142,"c93c3508":134,"3a1d1632":129,"5774ac0d":165,"5957df9e":156,"72805bf5":152,"68562193":155,"aff8e442":163,"e15fd611":144,"162a7348":151,"b88033fd":162,"d5557fb4":158,"6adce358":175,"bf822e33":154,"26c390d6":155,"8657c79d":163,"dd7acb96":165,"2d54e0a8":152,"2d1e1e9d":152,"a533489b":167,"761cf820":164,"1bd5b20b":168,"332820ce":159,"8323d333":144,"7ae3fc50":142,"4ba6eb36":151,"b9be31d6":163,"a567ace4":158,"30c184b8":157,"eb7b4e29":147,"b5763ff6":140,"72d7b461":167,"9e206c95":176,"8cc4a982":170,"53a8613c":174,"51f57142":162,"f3d68430":166,"175bc6b2":138,"f87c5031":159,"5ccf94d6":151,"0c043224":168,"0af920d8":149,"31408822":146,"d033db8d":179,"d599b566":170,"2203f259":165,"b769bdfb":154,"eda6a690":140,"5099c6a0":176,"22aeaf03":153,"3e082b37":144,"2352c8ef":162,"11b2c8d9":148,"eebc8d43":158,"c1bb74f2":152,"5f4102da":165,"b28a5e67":183,"f3a0c2ee":162,"5f0c1b9d":161,"a5676c24":158,"1d44aff3":163,"b2cfdbcf":148,"4abb7aed":153,"bec9d329":171,"730a4938":147,"ee21ad02":172,"946df4fd":179,"a0b03218":156,"71bc1295":150,"a543ec74":138,"eed20185":169,"468fc85c":168,"8b2b601d":162,"8aa78e2f":148,"aefe13f5":167,"66554572":128,"e7e82473":179,"17b08923":155,"f044c0e1":154,"696fdac5":161,"69134f07":148,"3498f223":154,"79f04300":157,"5a622a23":156,"6b9eff39":152,"ebdbf580":162,"8e99d5d0":185,"6490bac6":149,"6fb4cdda":173,"c650b434":161,"93e8cee5":178,"a851554d":160,"a47abfbb":141,"6df0b2e8":174,"2132fe93":165,"181c3dd5":161,"37fbb107":161,"e15fd611":145,"7af9d3b1":154,"24a9fb86":172,"a983a6dc":142,"d6db2b02":167,"8d000d6e":149,"a533489b":168,"b4fdf90e":169,"9263c525":159,"fe0df575":161,"06073f13":171,"49bf2e95":152,"04cc7cbe":146,"aa187e3b":155,"c0b23081":177,"1bb4ccc0":159,"753ca352":152,"76f94eda":171,"2ce1af05":140,"d83294cd":150,"8fb236a9":144,"385ab7c6":157,"a06a6430":163,"3661e12d":149,"5339e1e9":163,"64db4feb":178,"26c390d6":156,"a1921150":171,"865d9857":143,"93fdbb44":147,"12012fbd":141,"ef1c2dcb":154,"2cb29e5a":162,"d1fe2868":173,"1f7607df":142,"08c6b5d2":155,"3c6692a3":174,"eeaa2d46":170,"84b767be":180,"6143f39d":161,"d0d6acb1":156,"92efd84f":157,"20777945":147,"25776fc4":163,"14c682eb":145,"142d6987":152,"c015ec5a":158,"4279e829":178,"4ee62a26":148,"08a06557":182,"bb98a6cf":175,"c0b0f492":168,"902f49f5":155,"d9d7c4c2":162,"dae0f922":159,"30fdcd3b":153,"014460b9":182,"a77e127d":139,"82868763":149,"f1dffa24":136,"8dd649a3":152,"39bbc4bc":168,"b769bdfb":155,"578f6e9e":164,"2352c8ef":163,"9b546d65":145,"05f6ab35":164,"810aa5e9":164,"ec11fe5f":138,"c91966ce":145,"8007f30e":134,"c510bfd3":166,"da04caac":170,"eb2e1983":152,"91f7ef72":147,"195eb771":155,"56473430":170,"313258f2":160,"bad6cdb1":133,"be149c6f":141,"8cddb65e":155,"51f80f4c":174,"227006e4":151,"946df4fd":180,"1c3a30c5":160,"12271e14":167,"01cd8099":154,"e8d74304":149,"bab97de3":163,"8aa78e2f":149,"aa00769b":177,"685207b3":159,"f3992a31":165,"104721f0":163,"b6ee137a":155,"3498f223":155,"4295ce9a":155,"53747a91":148,"0a92153e":152,"c8dc010f":164,"b215547b":150,"6b9eff39":153,"c382f054":166,"daab45c6":146,"a851554d":161,"6db0ea86":148,"e81834aa":176,"17b08923":156,"1be05c14":161,"4945c851":163,"82b81567":138,"4ac6bd4e":145,"9e878ec2":166,"abad2347":167,"dffa7793":137,"5b5fc566":154,"6841f77e":165,"37d0cae2":143,"9d4f1fe6":150,"6775d5cd":157,"6034b6d0":160,"6f39f4d9":163,"c803b4a3":156,"6a5b71b4":150,"053f3451":151,"7e95c5a0":163,"9c29f0ed":173,"332820ce":160,"6f0fcb9d":159,"554ebb83":164,"b2a8761b":144,"5339e1e9":164,"aa9ea5e8":145,"d5557fb4":159,"c4bff41f":168,"5a734022":145,"8ec3834d":166,"47d27624":139,"8a52882e":155,"c6c85783":165,"d957f027":151,"d3a669ac":166,"7db3edda":153,"884b0ad1":155,"eb7b4e29":148,"4bcd4a30":165,"f4726450":150,"bca2d7cd":147,"01d817b8":131,"9e206c95":177,"18815a1b":151,"15620dca":172,"6de0aaac":147,"6d339d45":134,"bc021def":159,"08a06557":183,"28d40296":126,"caddd0a7":160,"b320feb9":161,"5f620a1e":159,"37a7d5b0":155,"49b358bd":162,"61f25dd4":175,"7a9344a4":174,"dbd2f139":162,"0c0e98ea":144,"906632cb":165,"1a2ec5d7":176,"142d6987":153,"e7773397":143,"1da771fb":159,"c95719e5":147,"c510bfd3":167,"fead11cf":155,"afe8e06a":137,"e5b1abc6":149,"9d023afb":152,"cd522166":172,"0f89862c":133,"abc1d7ad":172,"a0cf08b3":126,"616d6dd6":155,"345c9967":143,"7c0a2db6":152,"c91966ce":146,"da04caac":171,"3f2522c2":162,"e238f09b":168,"fe1d4419":151,"3a204e56":154,"4cc141fa":132,"4febf7c5":157,"a5aee5de":183,"48655f09":188,"a836aa93":146,"696fdac5":162,"fe578280":150,"34c5c729":151,"79e4fa1c":161,"4b4ecbce":137,"85de05f2":148,"efe84c27":162,"5fa12feb":163,"4e5aaaec":137,"9b172ca8":142,"6bc5d32a":175,"27d8bf51":151,"7b6a7048":161,"64a7f79f":164,"99d130c9":164,"1138796e":165,"ad8f85d6":165,"2d1e1e9d":153,"1db42092":163,"6d802fa2":143,"1be05c14":162,"1f88a4b7":175,"045f280d":158,"20811ddf":161,"cb4f262b":145,"37d0cae2":144,"a6b5e869":163,"a502c93c":139,"1dad0f99":145,"54d7de6b":177,"cb142908":143,"d83870f5":152,"e57d5cda":152,"7fb4c521":158,"7218c9f1":140,"10ec5a0b":143,"7a4c064c":167,"1b153aef":163,"e0e6a097":147,"408bb2ed":154,"8493f3b2":160,"b2a8761b":145,"0cb80f4a":158,"8c6e001f":131,"a2c334e7":167,"e4714415":167,"ed4fad08":166,"40860a4b":138,"72805bf5":153,"c81b2bcf":140,"24a9fb86":173,"ccf8b803":164,"a939b50b":159,"6867261a":158,"37fbb107":162,"9d9dd9e5":152,"b88033fd":163,"50d129cf":144,"a6626a13":143,"7028b044":146,"b7832271":173,"cbb54a0a":148,"e58b26f6":168,"d552eb2f":165,"bc021def":160,"f069bb07":148,"15620dca":173,"21ee2afe":165,"12012fbd":142,"09560615":134,"22176537":148,"416a9e97":150,"4c39240e":168,"62d1d346":138,"e786063b":170,"c7636527":140,"014460b9":183,"44c77422":160,"ca6d2d91":155,"7043382d":159,"4279e829":179,"d0c104c4":133,"94a2fe10":174,"8942c35b":161,"467773ac":145,"180377be":154,"82204d54":147,"a59a8290":161,"fe8f3d36":150,"9b546d65":146,"7bda83dd":146,"6c486702":163,"50b558a7":140,"a901627e":146,"781ace7d":153,"00a481e3":166,"fe44fc6f":145,"5f96c2bc":153,"195eb771":156,"a851891c":147,"3f2522c2":163,"19f9ca86":160,"971675c5":163,"5099c6a0":177,"a58bf525":159,"b1f58563":150,"6085137f":136,"c0fea118":151,"ebdbf580":163,"e9679ede":151,"8e99d5d0":186,"0a96f57a":163,"77300e4a":135,"70594a28":160,"c85a0d80":162,"4295ce9a":156,"6fb4cdda":174,"df81ddee":143,"3ef7432b":165,"20777945":148,"3b7763b1":141,"064a99c8":158,"a0b03218":157,"59c1e594":149,"a43061ee":143,"35b58ef9":145,"aefe13f5":168,"b460f030":181,"06ddafc7":139,"4b3e3b1c":163,"69f3bfcc":154,"6291e9e9":166,"d6db2b02":168,"3c782bb3":156,"95bc84f1":141,"b0869206":161,"04bef50c":135,"124fbe96":136,"ea4d3f3e":166,"7f6d1d0e":161,"5acce642":156,"bd2705b0":163,"869cbaa0":167,"2b698053":159,"6034b6d0":161,"30b6808c":142,"8ac72326":154,"53b4e647":159,"cc5a1d47":151,"6f0fcb9d":160,"b377a62a":148,"f9c15fcc":148,"4ba6eb36":152,"761cf820":165,"554ebb83":165,"49bf2e95":153,"74e3d13e":160,"6df0b2e8":175,"dcfaba4c":160,"a2c334e7":168,"789bd484":153,"5eaa1581":154,"93fdbb44":148,"24a9fb86":174,"a939b50b":160,"794f652b":168,"a1370ab0":155,"c81b2bcf":141,"650bb0e0":148,"8ec3834d":167,"284544ba":148,"92efd84f":158,"5747db6e":168,"5a07fc2e":141,"eb7b4e29":149,"0d2a1c58":154,"e9adbe58":157,"4d35385e":154,"fd369c21":169,"15620dca":174,"d2a841c9":151,"09560615":135,"6143f39d":162,"865d9857":144,"d9d7c4c2":163,"3bad3c95":139,"638cb163":179,"7be025ce":162,"e3547548":150,"ca6d2d91":156,"142d6987":154,"9e65c0ef":153,"14c682eb":146,"31408822":147,"6f81493d":145,"906632cb":166,"74f234c6":187,"655941a0":165,"eebc8d43":159,"cd522166":173,"20958d58":148,"dc0c8b09":172,"4c0e547b":164,"bd62d7ed":147,"dd3913d2":149,"a901627e":147,"91f7ef72":148,"6e44927f":152,"d9d0c567":160,"dc03ebd2":173,"cf1b8c47":168,"fafb4cc2":202,"93ac9ca3":156,"19f9ca86":161,"2c5c1dc0":146,"095ab3b4":157,"312f7676":170,"39bbc4bc":169,"d1676e89":156,"d548635d":159,"a3253019":145,"72b84094":187,"a836aa93":147,"fb8bfb36":165,"1a68160d":159,"696fdac5":163,"c8dc010f":165,"792cfcbd":157,"12a2cd4b":153,"ad8f85d6":166,"99d130c9":165,"e6fac295":147,"03c398d2":163,"b552beb3":163,"0f72f2d8":158,"26009d3f":146,"2d1e1e9d":154,"aa187e3b":156,"e0e48a2d":154,"4b125e7b":155,"6c20c153":155,"ba586505":160,"6b82b527":164,"88ce179e":165,"621d6b18":164,"50c468ba":157,"d7cb9bcf":147,"95539a58":150,"b73e789c":148,"e28c2efc":145,"ba938220":153,"95f6db13":159,"59431390":151,"4b3e3b1c":164,"32c9fc47":160,"5a0ead91":139,"8323d333":145,"3652bd66":156,"5f8517b7":180,"7a2f3f06":151,"9263c525":160,"32133249":162,"b230e8d3":159,"3a1d1632":130,"51f80f4c":175,"bc3dc66a":158,"47d27624":140,"725dce8b":163,"e15fd611":146,"76f3a3be":161,"1634789b":150,"9ceb5439":139,"8a52882e":156,"c67979e6":178,"9fa62fee":151,"a9b1bd51":118,"aaa274a5":157,"3c6692a3":175,"92efd84f":159,"84b767be":181,"72d7b461":168,"140ce69e":152,"aa5dfdf5":157,"fd6dcb20":155,"315537b2":163,"57540cc3":159,"3661e12d":150,"09560615":136,"f87c5031":160,"ef16ca37":154,"754f98c9":166,"18d20aa1":158,"3b7763b1":142,"c21ab51e":139,"ccb5ea3e":140,"4dac6b20":131,"62d1d346":139,"7043382d":160,"2154b6e8":148,"a81a857c":148,"08a06557":184,"caddd0a7":161,"66b7b5b4":152,"4279e829":180,"ea6de194":161,"5ccf94d6":152,"9d4da635":146,"d0c104c4":134,"30d84dce":139,"be40590d":167,"f5e8dfee":162,"8007f30e":135,"4c0e547b":165,"dd3913d2":150,"2bcca6a7":172,"da04caac":172,"a567ace4":159,"9a3ab0b8":154,"95904ac4":172,"6e44927f":153,"abc1d7ad":173,"3f2522c2":164,"6b79fec2":155,"09ff339a":133,"fb7b7b3c":178,"1da771fb":160,"5099c6a0":178,"d1676e89":157,"696fdac5":164,"0da28f5b":166,"742f1425":164,"99d130c9":166,"cbad3b92":182,"12271e14":168,"17807120":156,"8cf83787":147,"fe44fc6f":146,"3c0df8b4":163,"ae016053":174,"124fbe96":137,"e4117b3b":139,"0d770b97":154,"1bb4ccc0":160,"677c6a09":178,"d4d5f466":151,"67d30f2b":156,"cb142908":144,"ffa08d82":162,"2d382981":151,"e7e82473":180,"fb44fa9c":168,"9c58dd76":163,"8d753bb6":156,"3c782bb3":157,"a3d4a0e5":166,"868edcc0":168,"6585adbe":132,"f9c15fcc":149,"d0b297b2":142,"8cddb65e":156,"6867261a":159,"0681c48e":166,"61d4782d":154,"e4714415":168,"1634789b":151,"540df50f":157,"6df0b2e8":176,"c6c85783":166,"cf775f58":167,"b88033fd":164,"a1921150":172,"ea822700":152,"cb6c9e42":174,"f2364460":150,"8cd78f77":162,"d552eb2f":166,"d1ca5d6b":161,"0fc5ac7e":182,"2d13e69b":158,"39ba00f0":163,"6de0aaac":148,"49902219":180,"be4f8ba8":147,"a77e8461":157,"f5596d0f":163,"c7c4ec5c":139,"5ee911b5":148,"7a6aa4b6":158,"b35e9e1a":190,"e7abc88d":147,"c5b35e4d":147,"c455f40e":144,"f3992a31":166,"9d0546ac":145,"b3863630":151,"6490bac6":150,"c4feee5b":151,"21ad2f34":166,"7e8e1c3d":158,"f9f2c53f":137,"f4343817":164,"4fd645f1":150,"d141db49":155,"04ea5673":160,"b320feb9":162,"ea6de194":162,"c0b0f492":169,"5f620a1e":160,"bb98a6cf":176,"751acea8":153,"30dbfc69":154,"430a5db5":160,"056ea7ff":171,"cc5a1d47":152,"0785820e":156,"c38c2b52":150,"ae95f2ba":178,"062179c1":157,"8063df14":165,"cd522166":174,"dfcc2ad1":178,"2a4a402a":152,"33d6bb6a":152,"7ae34c64":150,"d2a841c9":152,"1d153b20":162,"a77e127d":140,"6085137f":137,"b769bdfb":156,"a8726d50":142,"61f25dd4":176,"56d315d8":139,"1da771fb":161,"8dc9b4db":166,"578f6e9e":165,"2203f259":166,"dd3913d2":151,"d9a64845":156,"a0cf08b3":127,"a5676c24":159,"d9d0c567":161,"56473430":171,"ef8987d7":153,"5eab91a0":166,"bb00e71c":139,"e6ec8cbf":166,"7ee7621c":156,"0d770b97":155,"51a3e9c2":157,"d8475b95":126,"e8d74304":150,"0eaf08da":155,"c6e3d352":159,"03c398d2":164,"8cf83787":148,"868edcc0":169,"b460f030":182,"bc392d1c":141,"b552beb3":164,"2d1e1e9d":155,"1be05c14":163,"59431390":152,"045f280d":159,"3c18f28e":152,"9f5e6cba":170,"17446892":152,"5e09f69e":185,"d5557fb4":160,"aff8e442":164,"a1370ab0":156,"088feee2":160,"60d6cee2":156,"48efc739":175,"03b4ab60":149,"37fbb107":163,"394dc144":148,"cbb54a0a":149,"50d129cf":145,"2180f99b":151,"084cbc0b":152,"d0d6acb1":157,"e58b26f6":169,"67f6e4f2":140,"761cf820":166,"34658473":142,"06ee61b6":138,"696fdac5":165,"4e3f5178":169,"bc09fa9e":155,"4dac6b20":132,"b215547b":151,"5be594be":155,"77898c22":132,"e1f0dbfd":173,"f76a3e83":164,"7f86be64":156,"fb8bfb36":166,"2b3c49b9":153,"c650b434":162,"65a00a3c":157,"c0b0f492":170,"49b358bd":163,"379184a7":174,"4f5e3e7d":143,"b35e9e1a":191,"cfe72ead":149,"91b28f83":156,"77bfed7e":161,"43d87483":160,"e28c2efc":146,"619fda68":182,"f1df62b4":163,"385ab7c6":158,"87cd2add":143,"7af262e5":172,"be3a10f8":176,"25a2844e":164,"bc021def":161,"fb7482fe":154,"7e991ab9":124,"08c6b5d2":156,"6cba74ce":142,"6d5fcd4c":154,"22176537":149,"21ee2afe":166,"ef8321d8":154,"7e76c93c":160,"caddd0a7":162,"5272520d":162,"d9d7c4c2":164,"d70ca4f4":168,"0b959527":147,"059d6c19":167,"430a5db5":161,"5cd3cfe0":148,"1e191c98":139,"902f49f5":156,"3712c4bd":138,"5270f158":149,"363590c7":174,"8dc9b4db":167,"42191b64":138,"c95719e5":148,"71ff66e8":151,"fef750ca":160,"7bda83dd":147,"1745a0f4":160,"0042f6eb":148,"313258f2":161,"a0cf08b3":128,"45b5746e":155,"28654c76":168,"2dd0e808":149,"7ae34c64":151,"616d6dd6":156,"3b2dee89":156,"124fbe96":138,"b7df1559":153,"a43061ee":144,"cf52025e":152,"4cc141fa":133,"c609739e":156,"bbe71605":140,"a0bc1ceb":158,"0be540c5":165,"06ddafc7":140,"be1746a0":158,"e81834aa":177,"be149c6f":142,"dc473de1":143,"227006e4":152,"12534561":156,"031e488e":162,"842c8340":144,"a47abfbb":142,"36684155":162,"39a2fcce":147,"b230e8d3":160,"5339e1e9":165,"1b881e6e":155,"794f652b":169,"e15fd611":147,"b947257e":157,"159ffd0b":149,"5678ed7b":175,"6291e9e9":167,"470d50c2":152,"288d171f":152,"b3863630":152,"1a68160d":160,"8f9b74b0":154,"2e3503e4":170,"2b3c49b9":154,"754f98c9":167,"201cafad":155,"f2086446":148,"cd421290":151,"bc09fa9e":156,"20777945":149,"b6ee137a":156,"d0c0fc08":138,"fa55f27a":167,"792c9b6a":151,"c7c4ec5c":140,"c4aa1e38":137,"4f5e3e7d":144,"288afc30":157,"11b74e63":147,"5eab91a0":167,"bb00e71c":140,"6841f77e":166,"88ce179e":166,"af7e5be8":155,"76f94eda":172,"753ca352":153,"7fb4c521":159,"b9be31d6":164,"ad303bda":148,"2b698053":160,"2c627253":155,"af0b61ab":158,"6751d8e4":165,"72d7b461":169,"de6213c7":149,"9ab755d3":150,"ec2cb1af":163,"4d35385e":155,"172217e5":166,"558d5ce7":156,"9de29816":132,"8dd2684c":160,"4469c815":127,"d9d7c4c2":165,"aab4d996":153,"cc11fef9":166,"28d40296":127,"b7434f57":126,"b5ce0c0c":173,"d0c104c4":135,"dac109cf":154,"dbd2f139":163,"92f800f5":163,"9d4da635":147,"aa021138":174,"a68a93b2":150,"c8977844":153,"dc583e64":166,"5099c6a0":179,"f2470875":167,"6b79fec2":156,"437fc3ec":169,"22aeaf03":154,"971675c5":164,"7af262e5":173,"5f4102da":166,"1105f790":178,"1745a0f4":161,"fef750ca":161,"b102f7bd":168,"92ca52b7":169,"4bc46d7a":151,"61145ec9":166,"ef8987d7":154,"69eeae0d":141,"fe44fc6f":147,"a851891c":148,"d8e58a8c":173,"cac4449a":151,"e8d74304":151,"458dcc3d":173,"a2c334e7":169,"c4bff41f":169,"2ab62345":147,"40860a4b":139,"0f1ac912":141,"7af9d3b1":155,"48655f09":189,"a5aee5de":184,"0b5a0408":165,"4945c851":164,"2198ba8e":152
1604737618852,"5acce642":157,"8bc04eb5":157,"6c20c153":156,"37d0cae2":145,"91b28f83":157,"1bb4ccc0":161,"e356abf1":164,"07f98660":164,"1dad0f99":146,"e4cfef0a":143,"385ab7c6":159,"c803b4a3":157,"93b9fae6":149,"7e95c5a0":164,"288d171f":153,"be2955bb":159,"4e3f5178":170,"80a8a56d":154,"f734c84c":176,"fb8bfb36":167,"77300e4a":136,"ab7d4c9a":145,"53747a91":149,"25e0dd3d":156,"a3253019":146,"f9f2c53f":138,"6b9eff39":154,"ecfa8249":164,"1bc0591f":149,"478d2d4f":172,"733c86f8":159,"c510bfd3":168,"2a4a402a":153,"f5e8dfee":163,"be3a10f8":177,"a901627e":148,"d5dae4c4":178,"b2cfdbcf":149,"d9a64845":157,"28654c76":169,"dc03ebd2":174,"195eb771":157,"88fa53d6":140,"aab4d996":154,"c8977844":154,"2154b6e8":149,"4360a1a3":172,"4c39240e":169,"62d1d346":140,"b6591e25":166,"4577b333":159,"f883d582":146,"0d5ee801":149,"c7636527":141,"467773ac":146,"74f234c6":188,"290b4714":154,"e9a8cf11":160,"f66616b7":159,"081460bf":157,"2a387957":153,"e15fd611":148,"04643409":163,"90d52475":159,"d0d6acb1":158,"449d8475":148,"84b767be":182,"92efd84f":160,"8cd78f77":163,"2180f99b":152,"22234d6b":162,"7db3edda":154,"6cba74ce":143,"49902219":181,"b9a48a5c":142,"eafbf9fb":156,"ac38a6a5":170,"3454fa2b":145,"175bc6b2":139,"5acce642":158,"93b0a158":168,"bb00e71c":141,"04cc7cbe":147,"e0e48a2d":155,"ea4d3f3e":167,"9496f56f":163,"2b698053":161,"8ac72326":155,"869cbaa0":168,"4f59a322":158,"9c29f0ed":174,"67c57de4":177,"f76a3e83":165,"1a68160d":161,"69d4b754":148,"6bc5d32a":176,"53431634":179,"feb67030":149,"69134f07":149,"c8dc010f":166,"145c7559":156,"27d8bf51":152,"90a06ee9":158,"92136ff5":157,"20777945":150,"ab7467de":166,"69f3bfcc":155,"0f72f2d8":159,"88a30343":159,"6c73ae98":131,"06ddafc7":141,"95bc84f1":142,"2e99f8fd":145,"67f6e4f2":141,"19551bad":145,"2a76f1dd":145,"dc0c8b09":173,"a59a8290":162,"7bda83dd":148,"fee32863":159,"0042f6eb":149,"5ef93e5d":138,"5f0c1b9d":162,"71ba7561":140,"6023df54":152,"a15713c6":176,"e1571af7":157,"3bad3c95":140,"0f029727":146,"a8726d50":143,"93683c82":157,"dac109cf":155,"719c8869":175,"1e7753d9":164,"2154b6e8":150,"66497c7e":148,"a4f1d83b":143,"ffc86f94":134,"7cd0ad7b":166,"059d6c19":168,"49cb2959":168,"dd035d2a":152,"288afc30":158,"c7c4ec5c":141,"8323d333":146,"8c6e001f":132,"d33790a2":187,"be149c6f":143,"deb31f35":160,"3a1d1632":131,"227006e4":153,"a2c334e7":170,"b88033fd":165,"dcfaba4c":161,"a9b1bd51":119,"17446892":153,"cb6c9e42":175,"f66616b7":160,"d5557fb4":161,"5339e1e9":166,"3c6692a3":176,"ce3407dd":154,"84b767be":183,"2f455cce":155,"2d54e0a8":153,"ea822700":153,"84b67924":158,"f271ed5d":160,"ef8321d8":155,"b946e146":174,"2dda3936":148,"ec2cb1af":164,"22176537":150,"4d35385e":156,"9de29816":133,"ba586505":161,"79be29c8":145,"88ce179e":167,"e4117b3b":140,"d83870f5":153,"bd2705b0":164,"e6ec8cbf":167,"7a840529":148,"91536e85":164,"f33c0140":154,"9f2b16a7":174,"c21ab51e":140,"69d4b754":149,"26dd2000":173,"2ad42a9e":176,"e1618359":162,"5c82d1ce":152,"d548635d":160,"18d20aa1":159,"655954ba":150,"8ea21393":137,"21ad2f34":167,"7218c9f1":141,"0d7d88f1":167,"cf9f4757":142,"f7231212":144,"c803b4a3":158,"5b60dd1d":161,"836701f6":156,"8dc9b4db":168,"5410e9c6":165,"26f99a1e":152,"8e4c33d2":152,"71ff66e8":152,"23080895":145,"2198ba8e":153,"01cd8099":155,"dfc89705":163,"cac4449a":152,"868edcc0":170,"03c398d2":165,"b2703001":168,"6ebe2354":139,"1db42092":164,"f277386e":134,"3c782bb3":158,"cf84fb54":163,"f5829ac0":166,"4c0e547b":166,"11b2c8d9":149,"8f10fa42":187,"c463799d":157,"fef750ca":162,"b8488fc8":157,"bd62d7ed":148,"2dd0e808":150,"a5fd8ffd":160,"913a6226":163,"805af3c7":159,"c7636527":142,"65a00a3c":158,"f1b493de":177,"31408822":148,"30c5d755":165,"6e24d88b":143,"caddd0a7":163,"638cb163":180,"ca6d2d91":157,"ffc86f94":135,"61f25dd4":177,"db703021":150,"cd3bbe7e":157,"fe44fc6f":148,"345c9967":144,"7ae34c64":152,"5ef93e5d":139,"7c0a2db6":153,"b2a8761b":146,"ef16ca37":155,"7a6aa4b6":159,"b8397293":145,"6f0fcb9d":161,"332820ce":161,"379184a7":175,"b230e8d3":161,"12534561":157,"bfcb912a":159,"2132fe93":166,"25d1b2d8":165,"031e488e":163,"842c8340":145,"dcfaba4c":162,"794f652b":170,"e9a8cf11":161,"9ceb5439":140,"8a52882e":157,"650bb0e0":149,"22234d6b":163,"70bc8325":152,"2b3e4717":165,"cbb54a0a":150,"bca2d7cd":148,"dd7acb96":166,"92efd84f":161,"dfa1a89b":149,"1f7607df":143,"0277d748":165,"0e036ae9":172,"d1715f3b":164,"bf30a08f":167,"7ee7621c":157,"91b28f83":158,"5e193fc8":160,"c85a0d80":163,"d25e0f8d":183,"e6ec8cbf":168,"5eab91a0":168,"ee21ad02":173,"1a442bc7":149,"597c1f81":158,"ef14000f":174,"c38c2b52":151,"ba938220":154,"e4cfef0a":144,"4930f321":146,"43d87483":161,"d1676e89":158,"25635c37":140,"83086d4c":159,"437fc3ec":170,"09f0db62":183,"7ee148e9":160,"e238f09b":169,"9fc713b0":167,"742f1425":165,"c609739e":157,"59431390":153,"8eb64769":164,"bab97de3":164,"64a7f79f":165,"54a676d6":148,"03c398d2":166,"8b2b601d":163,"04612878":168,"cf50e84e":143,"489a39f7":154,"e36dfd6f":166,"9de29816":134,"fd6dcb20":156,"172217e5":167,"be3a10f8":178,"19551bad":146,"062179c1":158,"dd3913d2":152,"d78dd457":146,"c6dc900c":132,"33d6bb6a":153,"f2086446":149,"a0cca8b7":144,"696fdac5":166,"69d4b754":150,"0149e11a":136,"1247fa52":164,"ecfa8249":165,"be2955bb":160,"5c82d1ce":153,"7bebff03":148,"547903ef":159,"b7505747":157,"08a06557":185,"8db62558":154,"902f49f5":157,"ba30e43a":166,"ce3bf5db":155,"30dbfc69":155,"0c043224":169,"c0b0f492":171,"93683c82":158,"75ffea08":155,"43bc86e3":152,"0a1d11e6":149,"f905a555":145,"5f0c1b9d":163,"ef8987d7":155,"45b038bb":187,"332820ce":162,"3652bd66":157,"4ea4a2a1":165,"cd95f558":158,"8493f3b2":161,"f9c15fcc":150,"3101354b":137,"313258f2":162,"0ecfa1c9":146,"9b3f8714":157,"23760167":158,"3a1d1632":132,"9ceb5439":141,"181c3dd5":162,"a9b1bd51":120,"71a2a493":128,"730338c4":172,"8cddb65e":157,"5d087c79":150,"c81b2bcf":142,"42c80e69":172,"3062379b":152,"44a4f7cd":161,"fce3c5c6":144,"906632cb":167,"e62d705f":147,"53431634":180,"1a2c020b":159,"5eab91a0":169,"d815c5b4":182,"0d770b97":156,"bb00e71c":142,"ba586505":162,"88ce179e":168,"d4d5f466":152,"1dad0f99":147,"a85d89cc":154,"82868763":150,"5270f158":150,"f2470875":168,"e7773397":144,"5781776a":156,"19f9ca86":162,"095ab3b4":158,"ad8f85d6":167,"b7df1559":154,"87922532":180,"6db0ea86":149,"481754fc":143,"8d753bb6":157,"c8113b77":147,"cf9f4757":143,"91536e85":165,"753ca352":154,"6f39f4d9":164,"835358a0":148,"8ec3834d":168,"3f65f121":164,"1f342a00":154,"a6626a13":144,"d3e84616":164,"f271ed5d":161,"0e036ae9":173,"18815a1b":152,"7db3edda":155,"36d340f2":134,"22ecaed0":157,"bb99c79c":159,"e5b1abc6":150,"20958d58":149,"78b97937":167,"1105f790":179,"06ee61b6":139,"34c5c729":152,"acac14fb":153,"93e8cee5":179,"ccb5ea3e":141,"501db4de":159,"0149e11a":137,"696fdac5":167,"4eed1bea":158,"44ff8baa":152,"53747a91":150,"fb8bfb36":168,"8942c35b":162,"4577b333":160,"142d6987":155,"62d1d346":141,"30c5d755":166,"6f81493d":146,"40a745c0":162,"c0b0f492":172,"e3547548":151,"655941a0":166,"a8726d50":144,"9e65c0ef":154,"4c0e547b":167,"8007f30e":136,"50b558a7":141,"a901627e":149,"a0cf08b3":129,"6ebe2354":140,"bab97de3":165,"12a2cd4b":154,"de36827b":175,"11888cfa":143,"bc392d1c":142,"0be540c5":166,"2cce4fb2":164,"d0e9a58e":156,"b2a8761b":147,"00554ffd":167,"ef16ca37":156,"d0b297b2":143,"0ac825ed":160,"5acaa06f":128,"aa867541":148,"2c6cb96f":134,"7896b953":162,"313258f2":163,"5ef93e5d":140,"bb8a6337":139,"a1370ab0":157,"288a2c43":151,"a2c334e7":171,"c4bff41f":170,"9d9dd9e5":153,"a9b1bd51":121,"b35bb8a1":147,"6e98dfda":164,"5774ac0d":166,"2045d7d6":153,"0841052c":171,"9cb4697f":173,"5b5fc566":155,"ea9bba6b":155,"3e082b37":145,"a40846b7":165,"8dd649a3":153,"2c5c1dc0":147,"95d3d348":143,"71ff66e8":153,"93b0a158":169,"bb00e71c":143,"f0a06216":160,"d83870f5":154,"053f3451":152,"7a4c064c":168,"290b4714":155,"d7cb9bcf":148,"39a2fcce":148,"f2364460":151,"884b0ad1":156,"508aac3d":164,"97e75c19":163,"1f7607df":144,"789bd484":154,"6e851762":152,"c0e2624b":149,"558d5ce7":157,"f2ca27d9":173,"ef1c2dcb":155,"6a3eaf43":170,"a63bddd4":192,"2cb29e5a":163,"3454fa2b":146,"140ce69e":153,"9de29816":135,"b9be31d6":165,"af7e5be8":156,"43d87483":162,"d5059415":150,"8e780922":157,"e1618359":163,"145c7559":157,"201cafad":156,"0a92153e":153,"a851554d":162,"c0fea118":152,"b2c25d1c":149,"3ef7432b":166,"1247fa52":165,"7e8e1c3d":159,"d25e0f8d":184,"df81ddee":144,"547903ef":160,"65a00a3c":159,"5f620a1e":161,"31408822":149,"0f89862c":134,"c510bfd3":169,"b8488fc8":158,"1745a0f4":162,"f2e3c0e3":141,"7fdc2007":144,"6c524f99":161,"bc392d1c":143,"99d130c9":167,"87ce8d1d":139,"12271e14":169,"4945c851":165,"1f88a4b7":176,"468fc85c":169,"e8f173b5":156,"b460f030":183,"b84a06eb":159,"dd1fcb17":146,"90731976":148,"e36dfd6f":167,"bab97de3":166,"f9c15fcc":151,"d0e9a58e":157,"3652bd66":158,"92d38723":166,"fe0df575":162,"d0c0fc08":139,"408bb2ed":155,"fd482491":181,"313258f2":164,"d9a64845":158,"4bc46d7a":152,"5ef93e5d":141,"3c0df8b4":164,"64db4feb":179,"781ace7d":154,"dae0f922":160,"c7636527":143,"d141db49":156,"0c043224":170,"7043382d":161,"1e191c98":140,"dac109cf":156,"db703021":151,"56d315d8":140,"2af60749":161,"26ed1a5c":157,"312f7676":171,"c318d350":172,"5099c6a0":180,"437fc3ec":171,"09f0db62":184,"695a2b92":146,"b1f58563":151,"1c0a9eff":148,"d39724bc":142,"6ee92259":168,"a6b5e869":164,"124fbe96":139,"9d4f1fe6":151,"7f6d1d0e":162,"7a840529":149,"d5059415":151,"00a17b46":158,"0bfabf48":143,"c67979e6":179,"0681c48e":167,"5339e1e9":167,"93fdbb44":149,"227006e4":154,"725dce8b":164,"1a0189c4":153,"aec4e1bf":157,"9fa62fee":152,"842c8340":146,"2ab62345":148,"3062379b":153,"44a4f7cd":162,"71279c46":152,"b5763ff6":141,"c98d5272":156,"72d7b461":170,"a63bddd4":193,"e58b26f6":170,"ccdd1ce6":156,"bca2d7cd":149,"53a8613c":175,"383e232d":153,"08c6b5d2":157,"d1715f3b":165,"b946e146":175,"9de29816":136,"e28c2efc":147,"8fb236a9":145,"a06a6430":164,"34c5c729":153,"1a2c020b":160,"fe578280":151,"e7abc88d":148,"2209903e":164,"90a06ee9":159,"168e75d9":151,"c650b434":163,"27d8bf51":153,"0a92153e":154,"8f9b74b0":155,"a851554d":163,"e1f0dbfd":174,"261c9911":169,"1105f790":180,"9d023afb":153,"13b53c7a":151,"742f1425":166,"a24e6670":156,"dd1fcb17":147,"a3d4a0e5":167,"4b4ef7fa":149,"4b3e3b1c":165,"64a7f79f":166,"35b58ef9":146,"f5829ac0":167,"11888cfa":144,"a5aee5de":185,"be1746a0":159,"1438fad7":158,"de36827b":176,"379184a7":176,"06073f13":172,"4ac6bd4e":146,"02d4753e":182,"408bb2ed":156,"82b81567":139,"d0b297b2":144,"25a2844e":165,"f2e3c0e3":142,"062179c1":159,"bd62d7ed":149,"aa76bc50":129,"61145ec9":167,"9f5e6cba":171,"ef8987d7":156,"da04caac":173,"a851891c":149,"537634c9":136,"906fdec3":145,"719c8869":176,"5272520d":163,"04ea5673":161,"259930ee":162,"cf1124db":141,"5ccf94d6":153,"5f620a1e":162,"751bcf25":148,"e3547548":152,"a81a857c":149,"467773ac":147,"e62d705f":148,"a33fe0dd":158,"be40590d":168,"71ff66e8":154,"6d61bf13":147,"ea9bba6b":156,"eda6a690":141,"9a3cc55d":145,"a40846b7":166,"935ec056":145,"fea793f5":160,"93b0a158":170,"88ce179e":169,"b0869206":162,"b3f19a69":147,"124fbe96":140,"725dce8b":165,"deb31f35":161,"a1370ab0":158,"af034fee":167,"5339e1e9":168,"e9a8cf11":162,"77bae750":153,"12534561":158,"5f7d7195":155,"48efc739":176,"088feee2":161,"b5763ff6":142,"842c8340":147,"98915a1f":139,"911e770b":166,"5a0eb771":152,"88b3bc99":145,"eafbf9fb":157,"9fa62fee":153,"383e232d":154,"7080f122":151,"fd6dcb20":157,"508aac3d":165,"172217e5":168,"6d339d45":135,"3661e12d":151,"30dd2edc":158,"8fb236a9":146,"76f94eda":173,"30b6808c":143,"ffa08d82":163,"0785820e":157,"7218c9f1":142,"619fda68":183,"d34a29b9":167,"dbc9df44":141,"d548635d":161,"0dad37d5":160,"e0154608":157,"df81ddee":145,"b3863630":153,"e2a7d915":134,"c7313e0a":165,"913a6226":164,"bfad1727":142,"07107f6e":158,"805534ac":168,"5a622a23":157,"f6fe095d":164,"cf52025e":153,"4cc141fa":134,"8b2b601d":164,"742f1425":167,"0b5a0408":166,"f1098793":148,"d36125db":165,"48655f09":190,"cf84fb54":164,"9fc713b0":168,"0eaf08da":156,"a24e6670":157,"54a676d6":149,"411b5027":143,"4ac6bd4e":147,"06073f13":173,"3652bd66":159,"fa55f27a":168,"6f0fcb9d":162,"34658473":143,"5acaa06f":129,"82204d54":148,"78b97937":168,"a0685bf3":176,"6c486702":164,"2a4a402a":154,"ec11fe5f":139,"a66a2d8a":172,"781ace7d":155,"f789f6d8":153,"52eca0dc":159,"616d6dd6":157,"906fdec3":146,"aa76bc50":130,"3a291497":145,"b5ce0c0c":174,"c1bdfd41":150,"3b690f68":163,"5ab7bc35":160,"6f81493d":147,"4fd645f1":151,"d634aa28":173,"04ea5673":162,"40a745c0":163,"b320feb9":163,"1f11812e":170,"1e191c98":141,"4577b333":161,"1e7753d9":165,"c564e316":163,"c0b7e7d7":145,"54d7de6b":178,"d815c5b4":183,"6841f77e":167,"c4bff41f":171,"540df50f":158,"162a7348":152,"e4714415":169,"5e09f69e":186,"dcfaba4c":163,"31d74eee":149,"71279c46":153,"c67979e6":180,"cf775f58":168,"449d8475":149,"1634789b":152,"8cd78f77":164,"f2364460":152,"383e232d":155,"36b7003c":181,"a6626a13":145,"1f7607df":145,"f2ca27d9":174,"b5763ff6":143,"15620dca":175,"7028b044":147,"d1715f3b":166,"0d2a1c58":155,"1d153b20":163,"ccdd1ce6":157,"6cba74ce":144,"b946e146":176,"00cf385d":165,"04cc7cbe":148,"935ec056":146,"91b28f83":159,"385ab7c6":160,"621d6b18":165,"b9be31d6":166,"8ac72326":156,"4f59a322":159,"4930f321":147,"d5059415":152,"79f04300":158,"e9679ede":152,"696fdac5":168,"0dad37d5":161,"4b4ecbce":138,"f598a332":145,"25e0dd3d":157,"1247fa52":166,"e2a7d915":135,"9a80f004":155,"c455f40e":145,"5c82d1ce":154,"85de05f2":149,"7b6a7048":162,"1951480c":144,"b935fc1c":158,"8e4c33d2":153,"695a2b92":147,"fb7b7b3c":179,"a543ec74":139,"ac62fac2":171,"90731976":149,"1db42092":165,"b7df1559":155,"b460f030":184,"69f3bfcc":156,"cf50e84e":144,"87ce8d1d":140,"a24e6670":158,"04612878":169,"26c6fa34":143,"489a39f7":155,"d9dcdc4b":172,"d102b0c6":150,"40569362":173,"82b81567":140,"82204d54":149,"20958d58":150,"e35a63cd":157,"7af262e5":174,"eebc8d43":160,"4c0e547b":168,"9a3ab0b8":155,"906fdec3":147,"cf1b8c47":169,"a472532e":143,"6e44927f":154,"aa76bc50":131,"08a561b7":161,"345c9967":145,"ce3bf5db":156,"a577db1c":146,"d0c104c4":136,"5ab7bc35":161,"5272520d":164,"9e65c0ef":155,"e5d3655c":175,"4ee62a26":149,"381c68fa":154,"75ffea08":156,"0f029727":147,"56d315d8":141,"31408822":150,"30d84dce":140,"b2a8761b":148,"b7407bd3":151,"8d000d6e":150,"d33790a2":188,"71279c46":154,"42c80e69":173,"c4bff41f":172,"dc473de1":144,"dcfaba4c":164,"5d087c79":151,"a1370ab0":159,"47d27624":141,"af034fee":168,"cb6c9e42":176,"48efc739":177,"c6c85783":167,"ef1c2dcb":156,"254cc28c":162,"22234d6b":164,"c98d5272":157,"835358a0":149,"d0d6acb1":159,"12dd6f5e":139,"b947257e":158,"4469c815":128,"fb7482fe":155,"172217e5":169,"6a3eaf43":171,"bc021def":162,"8547fbc2":155,"ccdd1ce6":158,"8dd2684c":161,"54d7de6b":179,"ba586505":163,"8bc04eb5":158,"04bef50c":136,"16b476e9":159,"bd2705b0":165,"9cb4697f":174,"053f3451":153,"7a840529":150,"385ab7c6":161,"5e193fc8":161,"696fdac5":169,"3498f223":156,"dbc9df44":142,"0da28f5b":167,"754f98c9":168,"79f04300":159,"201cafad":157,"a0ce82b4":160,"805534ac":169,"07107f6e":159,"21ad2f34":168,"ae95f2ba":179,"f1df62b4":164,"ba938220":155,"8ac72326":157,"d1676e89":159,"a58bf525":160,"836701f6":157,"317c1591":170,"fe1d4419":152,"014bdff0":159,"eda6a690":142,"03c398d2":167,"cbad3b92":183,"0be540c5":167,"74e01f6a":152,"1be05c14":164,"cac4449a":153,"1f88a4b7":177,"f277386e":135
1604737619840,"b35bb8a1":148,"a47abfbb":143,"725dce8b":166,"c93c3508":135,"8d04852b":156,"5774ac0d":167,"394dc144":149,"6632fed0":164,"36684155":163,"91d52a55":155,"8ec3834d":169,"789bd484":155,"fd07e0ed":162,"d3a669ac":167,"0f1ac912":142,"c98d5272":158,"7e991ab9":125,"7db3edda":156,"2d54e0a8":154,"15620dca":176,"88432019":147,"f4726450":151,"7028b044":148,"217c0327":138,"d2a841c9":153,"9e206c95":178,"4469c815":129,"57540cc3":160,"cf52025e":154,"e81834aa":178,"804d4dfa":157,"aefe13f5":169,"6db0ea86":150,"2cce4fb2":165,"7bebff03":149,"3007f31f":145,"06073f13":174,"b7407bd3":152,"4ba6eb36":153,"288afc30":159,"d0e9a58e":158,"de11eb19":169,"408bb2ed":157,"8cddb65e":158,"a47abfbb":144,"32133249":163,"5a734022":146,"af034fee":169,"e99318a3":160,"5e09f69e":187,"44a4f7cd":163,"6632fed0":165,"a939b50b":161,"bad1a1cc":153,"f2364460":153,"c0e2624b":150,"0bd93cfd":123,"9d9dd9e5":154,"39ba00f0":164,"f66616b7":161,"0a2f71bc":147,"0f029727":148,"c8977844":155,"65a00a3c":160,"30c5d755":167,"a8726d50":145,"ea6de194":163,"0841052c":172,"751bcf25":149,"cc6bbe45":148,"906632cb":168,"75ffea08":157,"31408822":151,"be40590d":169,"aaa274a5":158,"6cba74ce":145,"de6213c7":150,"eb7b4e29":150,"51f57142":163,"bca2d7cd":150,"f2ca27d9":175,"263762cb":142,"77d35808":139,"971675c5":165,"f1dffa24":137,"e238f09b":170,"42191b64":139,"6085137f":138,"ae8a09c4":158,"159ffd0b":150,"48655f09":191,"e8f173b5":157,"64a7f79f":167,"a3d4a0e5":168,"12271e14":170,"8298e976":168,"e6fac295":148,"0b5a0408":167,"ad8f85d6":168,"820225e4":130,"792cfcbd":158,"d9dcdc4b":173,"865d9857":145,"7d6895f4":164,"88432019":148,"9a467a82":162,"c463799d":158,"8063df14":166,"8f10fa42":188,"733c86f8":160,"c510bfd3":170,"1105f790":181,"a59a8290":163,"195eb771":158,"c91966ce":147,"313258f2":165,"a851891c":150,"db8ba455":158,"56473430":172,"dd035d2a":153,"685207b3":160,"5be594be":156,"1247fa52":167,"ab7d4c9a":146,"77300e4a":137,"6b78ad7f":160,"4c4aa2e2":152,"fb8bfb36":169,"a533489b":169,"288afc30":160,"554ebb83":166,"1ff8c2fc":169,"9263c525":161,"b4fdf90e":170,"792c9b6a":152,"11b74e63":148,"e4c312fe":160,"bd2705b0":166,"f0a06216":161,"00cf385d":166,"1757a30e":149,"e356abf1":165,"619fda68":184,"0bfabf48":144,"056ea7ff":172,"ef14000f":175,"b73e789c":149,"d83294cd":151,"c93c3508":136,"8cddb65e":159,"3a1d1632":133,"12534561":159,"a47abfbb":145,"cf775f58":169,"5a0eb771":153,"57d5dee8":162,"2b3c49b9":155,"5fa12feb":164,"da3437cd":155,"feb67030":150,"5c82d1ce":155,"21ad2f34":169,"b320feb9":164,"37a7d5b0":156,"4577b333":162,"ce3bf5db":157,"ca6d2d91":158,"e3547548":153,"19e9776f":152,"db703021":152,"868cda42":157,"0a2f71bc":148,"26ed1a5c":158,"4360a1a3":173,"0c043224":171,"b6591e25":167,"f2364460":154,"b35bb8a1":149,"9d63c4dd":158,"9ceb5439":142,"50c3164b":173,"cb6c9e42":177,"84b67924":159,"5270f158":151,"6d61bf13":148,"5410e9c6":166,"b769bdfb":157,"016953e4":167,"363590c7":175,"42191b64":140,"064a99c8":159,"820225e4":131,"be1746a0":160,"792cfcbd":159,"32c9fc47":161,"dfc89705":164,"a6bcb07e":161,"394dc144":150,"5747db6e":169,"0bd93cfd":124,"140ce69e":154,"9de29816":137,"e58b26f6":171,"3f65f121":165,"70c1e715":159,"508aac3d":166,"0277d748":166,"e28c2efc":148,"0e2b5d2f":161,"d78dd457":147,"eebc8d43":161,"a8c93bed":153,"be3a10f8":179,"0042f6eb":150,"92ca52b7":170,"7896b953":163,"345c9967":146,"a15713c6":177,"61145ec9":168,"ec110282":183,"00a481e3":167,"a5fd8ffd":161,"8cc4a982":171,"865d9857":146,"dfa1a89b":150,"685207b3":161,"0da28f5b":168,"fe578280":152,"e0154608":158,"3498f223":157,"a3253019":147,"501db4de":160,"f277386e":136,"0eaf08da":157,"a543ec74":140,"b552beb3":165,"54a676d6":150,"87ce8d1d":141,"bab97de3":167,"45b038bb":188,"92d38723":167,"cfe72ead":150,"40569362":174,"8323d333":147,"8d000d6e":151,"3a1b9af5":160,"ee75b607":148,"95d331b1":145,"91b28f83":160,"cb4f262b":146,"124fbe96":141,"d929098e":134,"e382ec3f":143,"93b9fae6":150,"081460bf":158,"6867261a":160,"bfcb912a":160,"efd23af5":144,"07107f6e":160,"4dac6b20":133,"5c82d1ce":156,"6bc5d32a":177,"a0ce82b4":161,"f4343817":165,"caddd0a7":164,"638cb163":181,"ba30e43a":167,"0d5ee801":150,"c8fcad77":148,"19e9776f":153,"b7505747":158,"f4634d0b":158,"aa021138":175,"d634aa28":174,"dac109cf":157,"3b690f68":164,"7a9344a4":175,"026766f3":158,"61d4782d":155,"64db4feb":180,"cb6c9e42":178,"095ab3b4":159,"27f52ed3":182,"e45b4b53":146,"c0b7e7d7":146,"8e4c33d2":154,"3e082b37":146,"39bbc4bc":170,"35aa7fd0":164,"e99318a3":161,"c852d240":155,"77f31bab":166,"b88033fd":166,"5339e1e9":169,"2d54e0a8":155,"aff8e442":165,"0d2a1c58":156,"8ec3834d":170,"508aac3d":167,"6751d8e4":166,"e58b26f6":172,"7080f122":152,"c803b4a3":159,"43d87483":163,"f1df62b4":165,"6f39f4d9":165,"9fce073c":151,"9c29f0ed":175,"fe8f3d36":151,"f2e3c0e3":143,"6a7392d5":142,"a0685bf3":177,"831c7b85":153,"11b2c8d9":150,"8007f30e":137,"d5dae4c4":179,"f905a555":146,"7896b953":164,"5ef93e5d":142,"fd482491":182,"3f75d3bc":180,"810aa5e9":165,"b946e146":177,"7e991ab9":126,"53a8613c":176,"22234d6b":165,"ec2cb1af":165,"e9adbe58":158,"f5596d0f":164,"01d817b8":132,"2e3503e4":171,"bd984a8e":147,"79f04300":160,"f2086446":150,"48655f09":192,"e8f173b5":158,"baebb391":169,"8aa78e2f":150,"01cd8099":156,"d6db2b02":169,"12271e14":171,"ac62fac2":172,"59431390":154,"812b4f15":131,"66554572":129,"013ee301":151,"dfc89705":165,"0d2c95fe":158,"379184a7":177,"8493f3b2":162,"3d1af513":168,"a533489b":170,"f1862e79":140,"2e99f8fd":146,"9e878ec2":167,"04cc7cbe":149,"7ee7621c":158,"d39724bc":143,"290b4714":156,"7735c3c2":156,"ad2d7bed":165,"d34a29b9":168,"efe84c27":163,"e0154608":159,"77898c22":133,"9d0546ac":146,"70594a28":161,"0149e11a":138,"d25e0f8d":185,"51c57542":165,"ecfa8249":166,"c015ec5a":159,"868cda42":158,"c7636527":144,"7e76c93c":161,"ddec9e54":155,"f8b31ce5":184,"7a9344a4":176,"92f800f5":164,"58d46189":172,"aa021138":176,"61f25dd4":178,"9f5e6cba":172,"74e3d13e":161,"a2c334e7":172,"09f0db62":185,"b1f58563":152,"c318d350":173,"ea9bba6b":157,"7ee148e9":161,"42191b64":141,"f1dffa24":138,"081460bf":159,"5e09f69e":188,"31d74eee":150,"13747b82":164,"a6003226":153,"bad1a1cc":154,"aff8e442":166,"ce3407dd":155,"9d63c4dd":159,"00cf385d":167,"4f59a322":160,"619fda68":185,"e4cfef0a":145,"d4ee22a4":165,"ac030e74":150,"9496f56f":164,"43d87483":164,"f5e8dfee":164,"9d023afb":154,"8063df14":167,"733c86f8":161,"a0685bf3":178,"6c524f99":162,"9a3ab0b8":156,"5f96c2bc":154,"0a1d11e6":150,"a5676c24":160,"731fc335":138,"7ae34c64":153,"26c390d6":157,"650bb0e0":150,"90d52475":160,"22234d6b":166,"911e770b":167,"2c627253":156,"2d13e69b":159,"9e206c95":179,"ea822700":154,"57540cc3":161,"730338c4":173,"22ecaed0":158,"1d153b20":164,"546f6845":157,"623c6a31":174,"ac38a6a5":171,"66497c7e":149,"66b7b5b4":153,"0841052c":173,"03dcfa3d":157,"3310a049":158,"946df4fd":181,"f044c0e1":155,"48655f09":193,"23080895":146,"69f3bfcc":157,"411b5027":144,"9fc713b0":169,"a8871ddf":142,"04612878":170,"1c3a30c5":161,"88a30343":160,"a24e6670":159,"9263c525":162,"06073f13":175,"7a2f3f06":152,"34658473":144,"a533489b":171,"0ac825ed":161,"332820ce":163,"2c6cb96f":135,"28654c76":170,"bec9d329":172,"935ec056":147,"69134f07":150,"9267f0ef":173,"dcf85091":142,"5be594be":157,"0da28f5b":169,"4c4aa2e2":153,"754f98c9":169,"bc09fa9e":157,"e2a7d915":136,"5c82d1ce":157,"20777945":151,"ab7467de":167,"6490bac6":151,"e1f0dbfd":175,"88fa53d6":141,"25776fc4":164,"c015ec5a":160,"3a204e56":155,"f5cd79c1":160,"25635c37":141,"71ff66e8":155,"82868763":151,"437fc3ec":172,"c564e316":164,"12534561":160,"c9efc8f6":155,"4911acad":130,"35aa7fd0":165,"7e15f8e8":164,"1ed46298":170,"60d6cee2":157,"394dc144":151,"79be29c8":146,"fea793f5":161,"d39724bc":144,"5b5fc566":156,"6c20c153":157,"07f98660":165,"ba938220":156,"d2466211":172,"67c57de4":178,"30b6808c":144,"4930f321":148,"a85d89cc":155,"25a2844e":166,"33d6bb6a":154,"8f10fa42":189,"2352c8ef":164,"1bc0591f":150,"6c524f99":163,"50b558a7":142,"195eb771":159,"2132fe93":167,"9d9dd9e5":155,"93fdbb44":150,"794f652b":171,"2c01e624":153,"bf822e33":155,"6751d8e4":167,"97e75c19":164,"5747db6e":170,"d1ca5d6b":162,"fd369c21":170,"7028b044":149,"6d5fcd4c":155,"d3e84616":165,"d552eb2f":167,"30dd2edc":159,"9c045c61":162,"865d9857":147,"eafbf9fb":158,"51f57142":164,"7e76c93c":162,"bb98a6cf":177,"e3547548":154,"a33fe0dd":159,"56d315d8":142,"30dbfc69":156,"fbdffc95":147,"655941a0":167,"7a9344a4":177,"0841052c":174,"cf1124db":142,"2c24d929":170,"73b15e04":155,"b552beb3":166,"4945c851":166,"458dcc3d":174,"74e01f6a":153,"e8f173b5":159,"59c1e594":150,"868edcc0":171,"6c73ae98":132,"bc392d1c":144,"a8871ddf":143,"c27969ec":151,"bbe71605":141,"b7407bd3":153,"2e99f8fd":147,"332820ce":164,"8f2a7d69":154,"ef16ca37":157,"7ae3fc50":143,"08a4c3f8":168,"a5676c24":161,"28654c76":171,"6023df54":153,"ec110282":184,"4abb7aed":154,"616d6dd6":158,"b3863630":154,"e0154608":160,"69134f07":151,"36380d96":163,"4b4ecbce":139,"168e75d9":152,"6b78ad7f":161,"72b84094":188,"5c82d1ce":158,"20777945":152,"debe1f65":158,"2b3c49b9":156,"4e5aaaec":138,"27d8bf51":154,"71ff66e8":156,"5781776a":157,"6d61bf13":149,"a77e127d":141,"e45b4b53":147,"3c43e8a2":170,"2c5c1dc0":148,"b35bb8a1":150,"dc473de1":145,"a502c93c":140,"79be29c8":147,"d39724bc":145,"6841f77e":168,"fea793f5":162,"124fbe96":142,"7f6d1d0e":163,"a85d89cc":156,"619fda68":186,"753ca352":155,"cb142908":145,"cf9f4757":144,"d5059415":153,"7a840529":151,"30c184b8":158,"57d5dee8":163,"bc3dc66a":159,"a2c334e7":173,"6df0b2e8":177,"0f1ac912":143,"8d04852b":157,"39a2fcce":149,"9d9dd9e5":156,"1a0189c4":154,"ce3407dd":156,"5d087c79":152,"8657c79d":164,"36684155":164,"eb7b4e29":151,"b5763ff6":144,"84b67924":160,"7028b044":150,"2c627253":157,"22176537":151,"2dda3936":149,"aec074c4":171,"f5596d0f":165,"49902219":182,"f2ca27d9":176,"623c6a31":175,"c1bdfd41":151,"aab4d996":155,"e5d3655c":176,"868cda42":159,"5cd3cfe0":149,"c8977844":156,"d141db49":157,"180377be":155,"c4e70c07":151,"0c0e98ea":145,"8f13c203":148,"142d6987":156,"906632cb":169,"6e24d88b":144,"12012fbd":143,"56752a4a":148,"7732eb1e":173,"9fc713b0":170,"812b4f15":132,"0be540c5":168,"dfc89705":166,"a24e6670":160,"3310a049":159,"04612878":171,"d6db2b02":170,"c609739e":158,"3e602573":151,"0b5a0408":168,"b552beb3":167,"3a1b9af5":161,"d33790a2":189,"8f2a7d69":155,"5acaa06f":130,"f1862e79":141,"1ff8c2fc":170,"eb2e1983":153,"6c486702":165,"a567ace4":160,"e5b1abc6":151,"a901627e":150,"fead11cf":156,"a8c93bed":154,"0a1d11e6":151,"5f96c2bc":155,"43bc86e3":153,"a0cf08b3":130,"56473430":173,"42cd2360":131,"d548635d":162,"0a92153e":155,"1247fa52":168,"5e193fc8":162,"7f86be64":157,"c4feee5b":152,"c7313e0a":166,"2ad42a9e":177,"913a6226":165,"cd421290":152,"5a622a23":158,"bfad1727":143,"547903ef":161,"e1f0dbfd":176,"336d0f08":171,"a40846b7":167,"eda6a690":143,"2882a956":158,"bb00e71c":144,"4b125e7b":156,"7fef9973":160,"93b0a158":171,"b3f19a69":148,"e4c312fe":161,"6034b6d0":162,"30b6808c":145,"d7cb9bcf":149,"f1df62b4":166,"c8113b77":148,"7218c9f1":143,"ffa08d82":164,"e4714415":170,"42c80e69":174,"c93c3508":137,"0681c48e":168,"68562193":156,"449d8475":150,"91d52a55":156,"ed4fad08":167,"36b7003c":182,"17446892":154,"794f652b":172,"4ed01268":146,"a1921150":173,"c98d5272":159,"26c390d6":158,"ea822700":155,"de6213c7":151,"383e232d":156,"a6626a13":146,"12dd6f5e":140,"af0b61ab":159,"865d9857":148,"0bd93cfd":125,"e1571af7":158,"a577db1c":147,"1623fc9f":154,"0d5ee801":151,"4777334c":155,"4ee62a26":150,"b5ce0c0c":175,"3f9b5722":143,"cc6bbe45":149,"5f620a1e":163,"a68a93b2":151,"bb98a6cf":178,"c3e6ef01":157,"6f81493d":148,"8cc4a982":172,"0e036ae9":174,"12012fbd":144,"6143f39d":163,"08c6b5d2":158,"71ff66e8":157,"e238f09b":171,"09ff339a":134,"3a204e56":156,"014bdff0":160,"ae8a09c4":159,"868edcc0":172,"a43061ee":145,"2d1e1e9d":156,"9fc713b0":171,"a3d4a0e5":169,"4b4ef7fa":150,"f277386e":137,"35b58ef9":147,"e7e82473":181,"01cd8099":157,"56752a4a":149,"1138796e":166,"6a60348e":153,"9e878ec2":168,"4ac6bd4e":148,"2e99f8fd":148,"7fdc2007":145,"733c86f8":162,"8f10fa42":190,"19551bad":147,"05f6ab35":165,"7c0a2db6":154,"fe44fc6f":149,"55928ef1":151,"7896b953":165,"5f4102da":167,"5ef93e5d":143,"f905a555":147,"aa867541":149,"52eca0dc":160,"655954ba":151,"104721f0":164,"fe578280":153,"c5b35e4d":148,"9b172ca8":143,"53431634":181,"501db4de":161,"26dd2000":174,"cd421290":153,"b6ee137a":157,"805534ac":170,"b377a62a":149,"6f0fcb9d":163,"cfe72ead":151,"5f8517b7":181,"935ec056":148,"dffa7793":138,"6841f77e":169,"88ce179e":170,"d929098e":135,"e382ec3f":144,"04bef50c":137,"6034b6d0":163,"f1df62b4":167,"8ac72326":158,"d2466211":173,"629800eb":172,"4930f321":149,"cf9f4757":145,"71a2a493":129,"e4714415":171,"2132fe93":168,"6867261a":161,"51f80f4c":176,"081460bf":160,"25d1b2d8":166,"0681c48e":169,"77f31bab":167,"99e171db":156,"37fbb107":164,"04643409":164,"bad1a1cc":155,"b8ab8e6e":150,"383e232d":157,"70bc8325":153,"2d54e0a8":156,"85de05f2":150,"f734c84c":177,"21ad2f34":170,"8f13c203":149,"4c39240e":170,"c4e70c07":152,"b7505747":159,"cc11fef9":167,"868cda42":160,"7a9344a4":178,"3bad3c95":141,"58d46189":173,"0f029727":149,"059d6c19":169,"8db62558":155,"751acea8":154,"f1b493de":178,"a625328f":166,"558d5ce7":158,"508aac3d":168,"fb7482fe":156,"9de29816":138,"39ba00f0":165,"315537b2":164,"0e036ae9":175,"ec2cb1af":166,"18815a1b":153,"695a2b92":148,"3f2522c2":165,"09ff339a":135,"1da771fb":162,"5781776a":158,"22aeaf03":155,"437fc3ec":173,"e6fac295":149,"e8d74304":152,"3c782bb3":159,"5678ed7b":176,"87922532":181,"6a60348e":154,"12271e14":172,"64a7f79f":168,"1be05c14":165,"7732eb1e":174,"812b4f15":133,"2d1e1e9d":157,"eed20185":170,"4945c851":167,"d1715f3b":167,"78b97937":169,"33d6bb6a":155,"13b53c7a":152,"c510bfd3":171,"5f0c1b9d":164,"0e2b5d2f":162,"3101354b":138,"5f4102da":168,"4c0e547b":169,"71ba7561":141,"e865e4dd":152,"7c0a2db6":155,"74c26380":175,"abc1d7ad":174,"288d171f":154,"1a2c020b":161,"79f04300":161,"53431634":182,"8e99d5d0":187,"dcf85091":143,"f3992a31":167,"9e878ec2":169,"40569362":175,"45b038bb":189,"31f6d707":174,"4ac6bd4e":149,"06073f13":176,"379184a7":178,"8bc04eb5":159,"bec9d329":173,"54d7de6b":180,"d39724bc":146,"aa187e3b":157,"9d4f1fe6":152,"bb00e71c":145,"1dad0f99":148,"ac030e74":151,"cb142908":146,"4f59a322":161,"cf9f4757":146,"869cbaa0":169,"9496f56f":165,"7af9d3b1":156,"0681c48e":170,"5ac86fb9":166,"57d5dee8":164,"68562193":157,"13747b82":165,"1b881e6e":156,"47d27624":142,"b35bb8a1":151,"c6c85783":168,"77f31bab":168,"5a0eb771":154,"53747a91":151,"f9f2c53f":139,"fb8bfb36":170,"18d20aa1":160,"4295ce9a":157,"2ad42a9e":178,"df81ddee":146,"c0b0f492":173,"ce3bf5db":158,"57167c74":146,"9e65c0ef":156,"ddec9e54":156,"1f11812e":171,"aa021138":177,"2045d7d6":154,"5ccf94d6":154,"8f13c203":150,"40a745c0":164,"30fdcd3b":154,"059d6c19":170,"f883d582":147,"36684155":165,"bad1a1cc":156,"ef1c2dcb":157,"8cd78f77":165,"084cbc0b":153,"c0e2624b":151,"e58b26f6":173,"12dd6f5e":141,"2180f99b":153,"7d6895f4":165,"6d61bf13":150,"f5cd79c1":161,"a58bf525":161,"09ff339a":136,"5623817d":146,"3712c4bd":139,"60e855ee":178,"ad8f85d6":169,"a6bcb07e":162,"87922532":182,"1438fad7":159,"73b15e04":156,"a3d4a0e5":170,"bc392d1c":145,"e81834aa":179,"a0b03218":158,"cf50e84e":145,"56752a4a":150,"4945c851":168,"d8475b95":127,"59431390":155,"aaa274a5":159,"53a8613c":177,"15620dca":177,"d2a841c9":154
1604737621256,"a8c93bed":155,"f5e8dfee":165,"c463799d":159,"eb2e1983":154,"43bc86e3":154,"e5b1abc6":152,"d8e58a8c":174,"11b2c8d9":151,"f3a0c2ee":163,"dc0c8b09":174,"345c9967":147,"abc1d7ad":175,"fd482491":183,"aa76bc50":132,"49902219":183,"3661e12d":152,"c5b35e4d":149,"9b742f71":156,"f2086446":151,"7f86be64":158,"77300e4a":138,"53431634":183,"1e232870":164,"336d0f08":172,"31f6d707":175,"3652bd66":160,"554ebb83":167,"761cf820":167,"d33790a2":190,"fe0df575":163,"935ec056":149,"ee21ad02":174,"0d770b97":157,"ea4d3f3e":168,"290b4714":157,"5eab91a0":170,"54d7de6b":181,"e4cfef0a":146,"f7231212":145,"6f39f4d9":166,"5ac86fb9":167,"42c80e69":175,"e4714415":172,"7af9d3b1":157,"449d8475":151,"088feee2":162,"7e15f8e8":165,"2180f99b":154,"5d087c79":153,"0e036ae9":176,"72805bf5":154,"f6fe095d":165,"71ff66e8":158,"dc583e64":167,"27f52ed3":183,"b935fc1c":159,"22aeaf03":156,"d1676e89":160,"1be05c14":166,"8aa78e2f":151,"b7df1559":156,"49910300":142,"99d130c9":168,"bbe71605":142,"dfc89705":167,"95f6db13":160,"6d802fa2":144,"74e01f6a":154,"04643409":165,"d744bee2":150,"ce3407dd":157,"4469c815":130,"8cddb65e":160,"6a5b71b4":151,"ef14000f":176,"b9be31d6":167,"a06a6430":165,"f2e3c0e3":144,"eb2e1983":155,"8f10fa42":191,"fe8f3d36":152,"69eeae0d":142,"c1bb74f2":153,"1bc0591f":151,"fd482491":184,"a5676c24":162,"50b558a7":143,"906fdec3":148,"810aa5e9":166,"28654c76":172,"7896b953":166,"20777945":153,"f734c84c":178,"77898c22":134,"18d20aa1":161,"5fa12feb":165,"8ea21393":138,"feb67030":151,"4777334c":156,"cc6bbe45":150,"805af3c7":160,"259930ee":163,"4360a1a3":174,"30d84dce":141,"0b959527":148,"0d5ee801":152,"fbdffc95":148,"93683c82":159,"24ffcbd3":176,"059d6c19":171,"a4f1d83b":144,"bb98a6cf":179,"b947257e":159,"f66616b7":162,"12012fbd":145,"13747b82":166,"3c6692a3":177,"8dd2684c":162,"21ee2afe":167,"7028b044":151,"ec2cb1af":167,"0bd93cfd":126,"911e770b":168,"6d5fcd4c":156,"b2c25d1c":150,"c7313e0a":167,"104721f0":165,"3498f223":158,"59c1e594":151,"11888cfa":145,"48655f09":194,"eed20185":171,"5a0ead91":140,"b4fdf90e":171,"b8397293":146,"36fb15d2":171,"d33790a2":191,"34658473":145,"7ae3fc50":144,"b3f19a69":149,"4b125e7b":157,"67d30f2b":157,"bf30a08f":168,"79be29c8":148,"c93c3508":138,"e9a8cf11":163,"3a1d1632":134,"72805bf5":155,"e0154608":161,"5e193fc8":163,"288d171f":155,"4dac6b20":134,"26dd2000":175,"c45d554f":165,"4295ce9a":158,"70594a28":162,"3ef7432b":167,"c455f40e":146,"e786063b":171,"aab4d996":156,"61f25dd4":179,"4279e829":181,"dac109cf":158,"3fdb08f5":157,"1e7753d9":166,"c1bdfd41":152,"94a2fe10":175,"a8726d50":146,"24ffcbd3":177,"93683c82":160,"162a7348":153,"6085137f":139,"eda6a690":144,"95d3d348":144,"971675c5":166,"3f2522c2":166,"312f7676":172,"fe1d4419":153,"5678ed7b":177,"c81b2bcf":143,"aec4e1bf":158,"77f31bab":169,"227006e4":155,"1b881e6e":157,"faf3ed07":151,"bad1a1cc":157,"650bb0e0":151,"5f7d7195":156,"95d331b1":146,"00cf385d":168,"8ac72326":159,"ae95f2ba":180,"e57d5cda":153,"ba938220":157,"2b698053":162,"4930f321":150,"a85d89cc":157,"78b97937":170,"bd62d7ed":150,"dc0c8b09":175,"fead11cf":157,"3a291497":146,"ba5c52af":154,"ae016053":175,"c6dc900c":133,"d5dae4c4":180,"05f6ab35":166,"aa76bc50":133,"731fc335":139,"b2cfdbcf":150,"dd035d2a":154,"26c390d6":159,"284544ba":149,"d1715f3b":168,"de6213c7":152,"22176537":152,"2d54e0a8":157,"af157d29":157,"b947257e":160,"6d5fcd4c":157,"fb7482fe":157,"49902219":184,"4bcd4a30":166,"9e206c95":180,"be4f8ba8":148,"37a7d5b0":157,"0d5ee801":153,"c4feee5b":153,"80a8a56d":155,"a3253019":148,"34c5c729":154,"f598a332":146,"e7e82473":182,"69f3bfcc":158,"01cd8099":158,"f5829ac0":168,"4cc141fa":135,"bab97de3":168,"bc392d1c":146,"73b15e04":157,"45fb95c1":160,"0d2c95fe":159,"b7df1559":157,"17807120":157,"0f72f2d8":160,"cfe72ead":152,"6f0fcb9d":164,"6585adbe":133,"5ee911b5":149,"4ea4a2a1":166,"ef16ca37":158,"d0e9a58e":159,"e382ec3f":145,"abad2347":168,"7ee7621c":159,"6c20c153":158,"e4c312fe":162,"f3992a31":168,"470d50c2":153,"e1f0dbfd":177,"efd23af5":145,"f9f2c53f":140,"18d20aa1":162,"4e5aaaec":139,"c650b434":164,"6b9eff39":155,"3fdb08f5":158,"8f13c203":151,"1a2ec5d7":177,"638cb163":182,"655941a0":168,"9e65c0ef":157,"61f25dd4":180,"4def63ee":137,"74f234c6":189,"7be025ce":163,"4911acad":131,"363590c7":176,"437fc3ec":174,"6ce84ff8":144,"27f52ed3":184,"3e082b37":147,"fe1d4419":154,"836701f6":158,"6867261a":162,"bc3dc66a":160,"b7cc7909":169,"2132fe93":169,"42c80e69":176,"60d6cee2":158,"bec9d329":174,"88ce179e":171,"e57d5cda":154,"9496f56f":166,"1dad0f99":149,"9fce073c":152,"c803b4a3":160,"6f39f4d9":167,"7a4c064c":169,"d78dd457":148,"6c524f99":164,"2bcca6a7":173,"2dd0e808":151,"7af262e5":175,"195eb771":160,"733c86f8":163,"45b5746e":156,"c6dc900c":134,"810aa5e9":167,"50b558a7":144,"23760167":159,"48efc739":178,"2a387957":154,"7e15f8e8":166,"e99318a3":162,"25d1b2d8":167,"9d63c4dd":160,"b947257e":161,"a625328f":167,"cbb54a0a":151,"d1715f3b":169,"2a06ab95":171,"eeaa2d46":171,"835358a0":150,"e9adbe58":159,"af0b61ab":160,"dfa1a89b":151,"ef1c2dcb":158,"bb99c79c":160,"b946e146":178,"2cb29e5a":164,"110b1ee3":155,"805af3c7":161,"b7434f57":127,"0c0e98ea":146,"f3992a31":169,"145c7559":158,"95f6db13":161,"d9dcdc4b":174,"12a2cd4b":155,"b84a06eb":160,"5678ed7b":178,"e8d74304":153,"812b4f15":134,"54a676d6":151,"03dcfa3d":158,"28d41578":173,"4b4ef7fa":151,"045f280d":160,"b460f030":185,"dfc89705":168,"5ee911b5":150,"9e878ec2":170,"ef16ca37":159,"b7407bd3":154,"fe0df575":164,"3d1af513":169,"a533489b":172,"28654c76":173,"c91966ce":148,"f789f6d8":154,"e382ec3f":146,"69d4b754":151,"d34a29b9":169,"1a68160d":162,"ebdbf580":164,"288d171f":156,"ecfa8249":167,"a0cca8b7":145,"4e5aaaec":140,"6b9eff39":156,"efd23af5":146,"913a6226":166,"ab7467de":168,"c0b7e7d7":147,"a77e127d":142,"77d35808":140,"eda6a690":145,"c95719e5":149,"5410e9c6":167,"5781776a":159,"0ecfa1c9":147,"c93c3508":139,"5774ac0d":168,"9b3f8714":158,"5eab91a0":171,"d1d40c9c":168,"a6b5e869":165,"88ce179e":172,"95d331b1":147,"4258c176":154,"f7231212":146,"a06a6430":166,"d4ee22a4":166,"2b698053":163,"6f39f4d9":168,"b9be31d6":168,"053f3451":154,"a567ace4":161,"a0685bf3":179,"af034fee":170,"bb8a6337":140,"162a7348":154,"e15fd611":149,"77bae750":154,"0f1ac912":144,"44a4f7cd":164,"77f31bab":170,"815e4582":173,"cb6c9e42":179,"084cbc0b":154,"b947257e":162,"b7832271":174,"36d340f2":135,"835358a0":151,"4469c815":131,"508aac3d":169,"6cba74ce":146,"7028b044":152,"9a467a82":163,"ec2cb1af":168,"d1ca5d6b":163,"3661e12d":153,"f87c5031":161,"0b959527":149,"868cda42":161,"ba30e43a":168,"bb98a6cf":180,"b7434f57":128,"30c5d755":168,"ce3bf5db":159,"a68a93b2":152,"ca7d47f7":168,"c8977844":157,"0c0e98ea":147,"8f13c203":152,"f4634d0b":159,"6e24d88b":145,"0d2c95fe":160,"32c9fc47":162,"4cc141fa":136,"4945c851":169,"b6aaf976":162,"cf50e84e":146,"cbad3b92":184,"1438fad7":160,"f1098793":149,"66554572":130,"742f1425":168,"3c782bb3":160,"ac62fac2":173,"01cd8099":159,"8c6e001f":133,"332820ce":165,"8f2a7d69":156,"6585adbe":134,"358e45b1":148,"08a4c3f8":169,"31f6d707":176,"78b97937":171,"b2cfdbcf":151,"afe8e06a":138,"ae016053":176,"8721056e":145,"537634c9":137,"3c0df8b4":165,"733c86f8":164,"69eeae0d":143,"c463799d":160,"fafb4cc2":203,"65e4235b":159,"a836aa93":148,"0da28f5b":170,"79f04300":162,"0dad37d5":162,"77300e4a":139,"f3992a31":170,"501db4de":162,"6490bac6":152,"e2a7d915":137,"20777945":154,"ecfa8249":168,"a0cca8b7":146,"f734c84c":179,"bfad1727":144,"19f9ca86":163,"60e855ee":179,"312f7676":173,"fb7b7b3c":180,"0b3283c9":163,"22aeaf03":157,"e4117b3b":141,"d39724bc":147,"fea793f5":163,"e4c312fe":163,"e0e48a2d":156,"6841f77e":170,"4652b09a":173,"ac030e74":152,"ef14000f":177,"e57d5cda":155,"6a5b71b4":152,"d2466211":174,"b9be31d6":169,"faf4f98b":171,"2132fe93":170,"51f80f4c":177,"dcfaba4c":165,"c64de0c0":142,"081460bf":161,"5e09f69e":189,"03b4ab60":150,"b8ab8e6e":151,"e15fd611":150,"1b881e6e":158,"97e75c19":165,"48efc739":179,"84369269":138,"36684155":166,"6a3eaf43":172,"ea822700":156,"b947257e":163,"dfa1a89b":152,"eb7b4e29":152,"546f6845":158,"508aac3d":170,"92efd84f":162,"172217e5":170,"d2a841c9":155,"aaa274a5":160,"f3d68430":167,"7043382d":162,"30c5d755":169,"ba30e43a":169,"ca6d2d91":159,"caddd0a7":165,"1a2ec5d7":178,"e786063b":172,"3f9b5722":144,"66497c7e":150,"b320feb9":165,"14c682eb":147,"180377be":156,"f4634d0b":160,"430a5db5":162,"9c045c61":163,"22176537":153,"014bdff0":161,"1f88a4b7":178,"88a30343":161,"064a99c8":160,"3c782bb3":161,"9c58dd76":164,"1db42092":166,"946df4fd":182,"868edcc0":173,"f1098793":150,"de36827b":177,"99d130c9":169,"045f280d":161,"dfc89705":169,"4b4ef7fa":152,"40569362":176,"d0e9a58e":160,"d0b297b2":145,"36fb15d2":172,"34658473":146,"6585adbe":135,"8d000d6e":152,"0e2b5d2f":163,"478d2d4f":173,"e35a63cd":158,"1d44aff3":164,"d78dd457":149,"b2cfdbcf":152,"7bda83dd":149,"61145ec9":169,"fee32863":160,"abc1d7ad":176,"c510bfd3":172,"ae016053":177,"313258f2":166,"d5dae4c4":181,"efe84c27":164,"a3253019":149,"f121b82c":168,"c7313e0a":168,"c4feee5b":154,"a4296d1e":154,"dcf85091":144,"ecfa8249":169,"e21c6207":162,"e1f0dbfd":178,"2b3c49b9":157,"79e4fa1c":162,"b6ee137a":158,"f9f2c53f":141,"263762cb":143,"f2470875":169,"e7773397":145,"b0869206":163,"93b0a158":172,"d1d40c9c":169,"abad2347":169,"7ee7621c":160,"a502c93c":141,"d815c5b4":184,"7fb4c521":160,"7e95c5a0":165,"abd32136":164,"93b9fae6":151,"9c29f0ed":176,"77bfed7e":162,"faf4f98b":172,"bc3dc66a":161,"c852d240":156,"bb8a6337":141,"3c18f28e":153,"47cfba38":144,"12534561":161,"c4bff41f":173,"b88033fd":167,"90d52475":161,"36b7003c":183,"1a0189c4":155,"84b767be":184,"a983a6dc":143,"3661e12d":154,"3c6692a3":178,"47d27624":143,"57540cc3":162,"5339e1e9":170,"d141db49":158,"fbdffc95":149,"f8b31ce5":185,"026766f3":159,"4577b333":163,"e32524d6":152,"a68a93b2":153,"31408822":152,"b7505747":160,"b6591e25":168,"719c8869":177,"f4634d0b":161,"c3e6ef01":158,"0c0e98ea":148,"9fa62fee":154,"eeaa2d46":172,"a77e8461":158,"88b3bc99":146,"50c3164b":174,"f5596d0f":166,"dfa1a89b":153,"eb7b4e29":153,"25635c37":142,"971675c5":167,"39bbc4bc":171,"95d3d348":145,"f5829ac0":169,"b7df1559":158,"8aa78e2f":152,"0b5a0408":169,"23080895":147,"d82592f4":163,"4ff2225d":148,"dd1fcb17":148,"7732eb1e":175,"1438fad7":161,"56752a4a":151,"cbad3b92":185,"1138796e":167,"04612878":172,"82b81567":141,"36fb15d2":173,"a533489b":173,"d0b297b2":146,"f9c15fcc":152,"315537b2":165,"7028b044":153,"a0685bf3":180,"9a3ab0b8":157,"9b546d65":147,"6e44927f":155,"70ee0491":148,"a5fd8ffd":162,"20958d58":151,"1105f790":182,"00a481e3":168,"fe44fc6f":150,"dfcc2ad1":179,"3a291497":147,"b28a5e67":184,"ae016053":178,"ab7d4c9a":147,"501db4de":163,"e0154608":162,"cb51f134":165,"f76a3e83":166,"168e75d9":153,"a836aa93":149,"6bc5d32a":178,"07107f6e":161,"2ad42a9e":179,"8245f916":155,"554ebb83":168,"6ee92259":169,"9d4f1fe6":153,"6841f77e":171,"bf30a08f":169,"6775d5cd":158,"1c0a9eff":149,"7f6d1d0e":164,"d5059415":154,"e28c2efc":149,"7a840529":152,"c803b4a3":161,"ad303bda":149,"0bfabf48":145,"753ca352":156,"61d4782d":156,"71a2a493":130,"288a2c43":152,"a2c334e7":174,"68562193":158,"dc473de1":146,"1ed46298":171,"31d74eee":151,"254cc28c":163,"a939b50b":162,"c67979e6":181,"5f7d7195":157,"a9b1bd51":122,"2a387957":155,"e2cbe594":162,"21e10a2b":155,"a851554d":164,"bfad1727":145,"aa021138":178,"4577b333":164,"4def63ee":138,"9bdf362a":160,"57167c74":147,"751bcf25":150,"65a00a3c":161,"2154b6e8":151,"751acea8":155,"db703021":153,"381c68fa":155,"cd3bbe7e":158,"3f9b5722":145,"a4f1d83b":145,"2d54e0a8":158,"6a3eaf43":173,"27f52ed3":185,"317c1591":171,"363590c7":177,"2203f259":167,"26f99a1e":153,"f2470875":170,"c7ab83c1":146,"a6bcb07e":163,"b460f030":186,"2d1e1e9d":158,"b7df1559":159,"6a60348e":155,"9fc713b0":172,"e81834aa":180,"4945c851":170,"812b4f15":135,"2cce4fb2":166,"bc392d1c":147,"e6fac295":150,"a3d4a0e5":171,"13f0e139":147,"f2ca27d9":177,"9147702f":139,"a63bddd4":194,"0e036ae9":177,"ea822700":157,"383e232d":158,"82204d54":150,"6c524f99":165,"eebc8d43":162,"a5676c24":163,"c91966ce":149,"a567ace4":162,"ba5c52af":155,"f905a555":148,"6023df54":154,"b102f7bd":169,"c463799d":161,"74c26380":176,"ae016053":179,"5f96c2bc":156,"558d5ce7":159,"b7832271":175,"57540cc3":163,"eeaa2d46":173,"fd07e0ed":163,"be4f8ba8":149,"36380d96":164,"ebdbf580":165,"0da28f5b":171,"0dad37d5":163,"77300e4a":140,"69d4b754":152,"0a92153e":156,"8f2a7d69":157,"3d1af513":170,"6f0fcb9d":165,"d33790a2":192,"92d38723":168,"7ae3fc50":145,"ea274174":160,"ba586505":164,"2882a956":159,"00cf385d":169,"37d0cae2":146,"5acce642":159,"6ee92259":170,"79be29c8":149,"0bfabf48":146,"76f94eda":174,"ae95f2ba":181,"a85d89cc":158,"abd32136":165,"4930f321":151,"e4714415":173,"d6d61bfc":173,"64db4feb":181,"9b3f8714":159,"c852d240":157,"24a9fb86":175,"bfcb912a":161,"d957f027":152,"cf775f58":170,"7e15f8e8":167,"9d63c4dd":161,"4dac6b20":135,"b6ee137a":159,"3ef7432b":168,"feb67030":152,"ecfa8249":170,"c455f40e":147,"fb8bfb36":171,"2154b6e8":152,"4fd645f1":152,"88fa53d6":142,"25776fc4":165,"859545e6":147,"cc11fef9":168,"04ea5673":163,"142d6987":157,"30dbfc69":157,"4c39240e":171,"66497c7e":151,"430a5db5":163,"20e470e0":142,"d70ca4f4":169,"5f7d7195":158,"794f652b":173,"1d790491":164,"263762cb":144,"f5cd79c1":162,"2c5c1dc0":149,"60e855ee":180,"9a3cc55d":146,"22aeaf03":158,"578f6e9e":166,"013ee301":152,"820225e4":132,"baebb391":170,"159ffd0b":151,"9fc713b0":173,"8b2b601d":165,"c609739e":159,"66554572":131,"12271e14":173,"ce4da56f":155,"a24e6670":161,"12a2cd4b":156,"10ec5a0b":144,"e35a63cd":159,"fef750ca":163,"7fdc2007":146,"1bc0591f":152,"43bc86e3":155,"f2e3c0e3":145,"a851891c":151,"6c524f99":166,"8a165e17":165,"6c486702":166,"6023df54":155,"e865e4dd":153,"dc03ebd2":175,"42cd2360":132,"26c390d6":160,"e9adbe58":160,"1f342a00":155,"730338c4":174,"bc021def":163,"d3a669ac":168,"ccdd1ce6":159,"fd369c21":171,"18815a1b":154,"98915a1f":140,"6de0aaac":149,"39ba00f0":166,"623c6a31":176,"140ce69e":155,"e0154608":163,"c7313e0a":169,"2e3503e4":172,"80a8a56d":156,"d34a29b9":170,"0da28f5b":172,"288d171f":157,"26c6fa34":144,"a5aee5de":186,"c4aa1e38":138,"d0b297b2":147,"3652bd66":161,"92d38723":169,"8245f916":156,"761cf820":168,"36fb15d2":174,"5b5fc566":157,"79be29c8":150,"c0b23081":178,"bf30a08f":170,"4258c176":155,"124fbe96":143,"04cc7cbe":150,"ef14000f":178,"619fda68":187,"5f6613c8":150,"a2c334e7":175,"1ed46298":172,"0ecfa1c9":148,"deb31f35":162,"c6c85783":169,"9f5e6cba":173,"0a96f57a":164,"3007f31f":146,"7d112f4d":170,"bfad1727":146,"ded7da5a":168,"6b9eff39":157,"d25e0f8d":186,"04ea5673":164,"cc6bbe45":151,"0a2f71bc":149,"9e65c0ef":158,"37a7d5b0":158,"61f25dd4":181,"92f800f5":165,"4279e829":182,"1623fc9f":155,"a8726d50":147,"cf1124db":143,"0af920d8":150,"1e7753d9":167,"20e470e0":143,"42c80e69":177,"bf822e33":156,"3a204e56":157,"095ab3b4":160,"eda6a690":146,"09f0db62":186,"f6fe095d":166,"c0b7e7d7":148,"3712c4bd":140,"4945c851":171,"a4dafea5":156,"87922532":183,"05642105":161,"f277386e":138,"dd1fcb17":149,"c81b2bcf":144,"1a0189c4":156,"cb6c9e42":180,"bad1a1cc":158,"d5557fb4":162,"b9be31d6":170,"6f39f4d9":169,"a85d89cc":159,"7a4c064c":170,"c803b4a3":162,"a8c93bed":156,"6c524f99":167,"1bc0591f":153,"b8488fc8":159,"8007f30e":138,"42cd2360":133,"345c9967":148,"c6dc900c":135,"71ba7561":142,"7af262e5":176,"906fdec3":149,"d9a64845":159
1604737621802,"eed20185":172,"06ddafc7":142,"d6db2b02":171,"ad8f85d6":170,"a0b03218":159,"045f280d":162,"a636f4c9":172,"24d24fa3":144,"50312237":164,"d0b297b2":148,"3a1b9af5":162,"06073f13":177,"fe0df575":165,"02d4753e":183,"f9c15fcc":153,"db8ba455":159,"d9d0c567":162,"eda6a690":147,"6085137f":140,"fb7b7b3c":181,"c95719e5":150,"1da771fb":163,"95d3d348":146,"27f52ed3":186,"79f04300":163,"1a2c020b":162,"fe578280":154,"dbc9df44":143,"c85a0d80":164,"1138796e":168,"06ddafc7":143,"6be9332a":139,"b36a0d66":147,"87ce8d1d":142,"4945c851":172,"27c8e038":171,"1f88a4b7":179,"2c24d929":171,"91b28f83":161,"e6ec8cbf":169,"aa187e3b":158,"a8871ddf":144,"23080895":148,"2cce4fb2":167,"04612878":173,"cf52025e":155,"36fb15d2":175,"cfe72ead":153,"4f5e3e7d":145,"608bc832":136,"e0e6a097":148,"0ac825ed":162,"6585adbe":136,"9267f0ef":174,"1247fa52":169,"3ef7432b":169,"bc09fa9e":158,"e2cbe594":163,"5c82d1ce":159,"ecfa8249":171,"df81ddee":147,"2b3c49b9":158,"b320feb9":166,"3bad3c95":142,"37a7d5b0":159,"619fda68":188,"67d30f2b":158,"e28c2efc":150,"54d7de6b":182,"87c462ee":173,"6034b6d0":164,"c803b4a3":163,"677c6a09":179,"c8113b77":149,"95539a58":151,"faf4f98b":173,"1bc0591f":154,"a8c93bed":157,"43bc86e3":156,"4abb7aed":155,"8f10fa42":192,"71ba7561":143,"afe8e06a":139,"91f7ef72":149,"eebc8d43":163,"fe1d4419":155,"0d2a1c58":157,"546f6845":159,"7db3edda":157,"be4f8ba8":150,"9c045c61":164,"2d54e0a8":159,"70c1e715":160,"140ce69e":156,"08c6b5d2":159,"af0b61ab":161,"3661e12d":155,"98915a1f":141,"558d5ce7":160,"2c01e624":154,"8e4c33d2":155,"ea9bba6b":158,"8dd649a3":154,"71ff66e8":159,"836701f6":159,"eda6a690":148,"d9f512b9":160,"cf1124db":144,"b5ce0c0c":176,"d033db8d":180,"dae0f922":161,"44c77422":161,"d70ca4f4":170,"c0b0f492":174,"1e191c98":142,"db703021":154,"a4f1d83b":146,"acac14fb":154,"1a2c020b":163,"4ff2225d":149,"bab97de3":169,"eb2e1983":156,"ae016053":180,"56473430":174,"a567ace4":163,"d9d0c567":163,"bf30a08f":171,"17b08923":157,"8eb64769":165,"cf84fb54":165,"481754fc":144,"a0b03218":160,"6291e9e9":168,"ad8f85d6":171,"159ffd0b":152,"ae8a09c4":160,"8298e976":169,"4febf7c5":158,"4cc141fa":137,"9b3f8714":160,"f94bf9ea":153,"162a7348":155,"b35bb8a1":152,"181c3dd5":163,"dc473de1":147,"794f652b":174,"0681c48e":171,"93fdbb44":151,"9ceb5439":143,"1a0189c4":157,"792c9b6a":153,"9260d96b":183,"2e99f8fd":149,"c7c4ec5c":142,"4ea4a2a1":167,"d0b297b2":149,"1bd5b20b":169,"9267f0ef":175,"b2c25d1c":151,"f3992a31":171,"f2086446":152,"cb51f134":166,"72b84094":189,"4e5aaaec":141,"261c9911":170,"18d20aa1":163,"201cafad":158,"9a80f004":156,"f4343817":166,"3fdb08f5":159,"4c39240e":172,"75ffea08":158,"31408822":153,"cc6bbe45":152,"1e7753d9":168,"49b358bd":164,"ddec9e54":157,"d141db49":159,"902f49f5":158,"dffa7793":139,"f0a06216":162,"95d331b1":148,"0d770b97":158,"b0869206":164,"cc5a1d47":153,"c38c2b52":152,"290b4714":158,"056ea7ff":173,"6a5b71b4":153,"9496f56f":167,"a06a6430":167,"d2466211":175,"20958d58":152,"6a7392d5":143,"25a2844e":167,"b8488fc8":160,"c463799d":162,"f789f6d8":155,"47d27624":144,"7e15f8e8":168,"1b881e6e":159,"f4726450":152,"945b63f0":176,"b5763ff6":145,"15620dca":178,"d1ca5d6b":164,"3454fa2b":147,"7028b044":154,"a77e8461":159,"7e991ab9":127,"aaa274a5":161,"bc021def":164,"01d817b8":133,"0bd93cfd":127,"315537b2":166,"fb7b7b3c":182,"695a2b92":149,"8e4c33d2":156,"f2470875":171,"014bdff0":162,"6b79fec2":157,"5099c6a0":181,"ffc86f94":136,"94a2fe10":176,"467773ac":148,"74f234c6":190,"06ee61b6":140,"fe8f3d36":153,"71e53c93":163,"69eeae0d":144,"8b5a8e9f":167,"7896b953":167,"012de09c":152,"2dd0e808":152,"74c26380":177,"07fc4a9a":169,"d36125db":166,"d9dcdc4b":175,"6ebe2354":141,"6d802fa2":145,"8eb64769":166,"a8871ddf":145,"eed20185":173,"13f0e139":148,"05642105":162,"9b3f8714":161,"61d4782d":157,"74e3d13e":162,"bc3dc66a":162,"deb31f35":163,"68562193":159,"8cddb65e":161,"6be9332a":140,"3310a049":160,"c609739e":160,"a543ec74":141,"288afc30":161,"9260d96b":184,"d33790a2":193,"408bb2ed":158,"db0a661e":149,"0ac825ed":163,"e0e6a097":149,"36380d96":165,"c85a0d80":165,"4b4ecbce":140,"c4feee5b":155,"f598a332":147,"655954ba":152,"e2cbe594":164,"0a96f57a":165,"07107f6e":162,"85de05f2":151,"805534ac":171,"efd23af5":147,"f734c84c":180,"c015ec5a":161,"2af60749":162,"ee75b607":149,"dffa7793":140,"ad2d7bed":166,"677c6a09":180,"d83870f5":155,"0d770b97":159,"95d331b1":149,"7218c9f1":144,"ba938220":158,"0785820e":158,"d5059415":155,"9f74b8a4":153,"1dad0f99":150,"95539a58":152,"a66a2d8a":173,"478d2d4f":174,"e99318a3":163,"36b7003c":184,"84369269":139,"815e4582":174,"b88033fd":168,"650bb0e0":152,"5d087c79":154,"5a07fc2e":142,"af0b61ab":162,"3661e12d":156,"865d9857":149,"98915a1f":142,"b5763ff6":146,"ac38a6a5":172,"7e991ab9":128,"315537b2":167,"d3a669ac":169,"0e036ae9":178,"a63bddd4":195,"0d2a1c58":158,"0277d748":167,"d599b566":171,"19f9ca86":164,"ea9bba6b":159,"5623817d":147,"a58bf525":162,"c564e316":165,"578f6e9e":167,"110b1ee3":156,"30c5d755":170,"467773ac":149,"5ab7bc35":162,"caddd0a7":166,"26ed1a5c":159,"a4f1d83b":147,"75ffea08":159,"ffc86f94":137,"1a2ec5d7":179,"0c0e98ea":149,"be40590d":170,"cd522166":175,"062179c1":160,"7bda83dd":150,"1d44aff3":165,"05f6ab35":167,"0a1d11e6":152,"8b5a8e9f":168,"3a291497":148,"6023df54":156,"95904ac4":173,"a851891c":152,"b28a5e67":185,"0d2c95fe":161,"181c3dd5":164,"a47abfbb":146,"a1370ab0":160,"162a7348":156,"07fc4a9a":170,"064a99c8":161,"01cd8099":160,"0be540c5":169,"71bc1295":151,"0b5a0408":170,"12271e14":174,"bbe71605":143,"cf52025e":156,"489a39f7":156,"28d41578":174,"24d24fa3":145,"4febf7c5":159,"9263c525":163,"8d000d6e":153,"608bc832":137,"288afc30":162,"1bd5b20b":170,"f2086446":153,"f3992a31":172,"bd984a8e":148,"972f4174":169,"cb51f134":167,"80a8a56d":157,"53431634":184,"ded7da5a":169,"bc09fa9e":159,"7e8e1c3d":160,"44ff8baa":153,"c650b434":165,"4e5aaaec":142,"26dd2000":176,"34658473":147,"6f0fcb9d":166,"37d0cae2":147,"87c462ee":174,"00cf385d":170,"3b2dee89":157,"ba586505":165,"8ac72326":160,"bd2705b0":167,"ad2d7bed":167,"95539a58":153,"753ca352":157,"af7e5be8":157,"e4cfef0a":147,"30b6808c":146,"91536e85":166,"9f5e6cba":174,"0681c48e":172,"51f80f4c":178,"44a4f7cd":165,"794f652b":175,"66d94227":152,"a983a6dc":144,"4ed01268":147,"cb6c9e42":181,"b8ab8e6e":152,"aec074c4":172,"36d340f2":136,"9fa62fee":155,"6143f39d":164,"2a06ab95":172,"4469c815":132,"3c6692a3":179,"383e232d":159,"08c6b5d2":160,"88432019":149,"778c95e9":155,"b9a48a5c":143,"ea822700":158,"217c0327":139,"6085137f":141,"2203f259":168,"5623817d":148,"d9f512b9":161,"4def63ee":139,"e5d3655c":177,"a4f1d83b":148,"f883d582":148,"4777334c":157,"4ee62a26":151,"df2b4d87":149,"caddd0a7":167,"751acea8":156,"0c0e98ea":150,"4fd645f1":153,"cd3bbe7e":159,"74f234c6":191,"d599b566":172,"3c43e8a2":171,"3f2522c2":167,"5b60dd1d":162,"fef750ca":164,"bd62d7ed":151,"0f89862c":135,"e35a63cd":160,"cfafcda8":152,"733c86f8":165,"4abb7aed":156,"e5b1abc6":153,"ae016053":181,"195eb771":161,"69eeae0d":145,"8a165e17":166,"3a291497":149,"906fdec3":150,"59431390":156,"13f0e139":149,"2c24d929":172,"a24e6670":162,"cf84fb54":166,"6be9332a":141,"05642105":163,"12271e14":175,"a0b03218":161,"b552beb3":168,"0eaf08da":158,"a4dafea5":157,"f1098793":151,"bab97de3":170,"06073f13":178,"6b78ad7f":162,"bd984a8e":149,"1247fa52":170,"4e3f5178":171,"9f2b16a7":175,"acac14fb":155,"34c5c729":155,"0149e11a":139,"e2a7d915":138,"ab7467de":169,"ded7da5a":170,"547903ef":162,"7bebff03":150,"daab45c6":147,"8245f916":157,"b8397293":147,"288afc30":163,"db0a661e":150,"3d1af513":171,"d0c0fc08":140,"93b0a158":173,"e4117b3b":142,"5acce642":160,"fea793f5":164,"ae99df30":149,"124fbe96":144,"ee21ad02":175,"d5059415":156,"1dad0f99":151,"6034b6d0":165,"6a5b71b4":154,"9c29f0ed":177,"0d28db94":146,"8fb236a9":147,"227006e4":156,"3c18f28e":154,"6867261a":163,"17446892":155,"9f5e6cba":175,"31f6ba51":147,"0ecfa1c9":149,"37fbb107":165,"66d94227":153,"36684155":167,"e15fd611":151,"bda8cdfb":168,"f2364460":155,"8a52882e":158,"383e232d":160,"ef8321d8":156,"c0e2624b":152,"315537b2":168,"bca2d7cd":151,"18815a1b":155,"22234d6b":167,"9fa62fee":156,"217c0327":140,"fb7482fe":158,"af157d29":158,"ea822700":159,"7d6895f4":166,"dfa1a89b":154,"8f13c203":153,"c2bb8aae":156,"aab4d996":157,"d033db8d":181,"a577db1c":148,"30dbfc69":158,"d6f0d94a":151,"0c043224":172,"a68a93b2":154,"859545e6":148,"aa021138":179,"f1b493de":179,"ffc86f94":138,"a8726d50":148,"9a3cc55d":147,"82868763":152,"b102f7bd":170,"9a3ab0b8":158,"8007f30e":139,"1105f790":183,"dc0c8b09":176,"0f89862c":136,"a901627e":151,"831c7b85":154,"810aa5e9":168,"43bc86e3":157,"781ace7d":156,"db8ba455":160,"abc1d7ad":177,"45b5746e":157,"b935fc1c":160,"8dd649a3":155,"f2470875":172,"e238f09b":172,"25635c37":143,"3e602573":152,"4ff2225d":150,"a636f4c9":173,"be1746a0":161,"7732eb1e":176,"49910300":143,"946df4fd":183,"8298e976":170,"01cd8099":161,"24d24fa3":146,"cf50e84e":147,"17b08923":158,"0f72f2d8":161,"59431390":157,"90a06ee9":160,"dbc9df44":144,"0a92153e":157,"06ee61b6":141,"b3863630":155,"168e75d9":154,"1e232870":165,"ecfa8249":172,"9a80f004":157,"6490bac6":153,"18d20aa1":164,"d25e0f8d":187,"c45d554f":166,"21ad2f34":171,"6841f77e":172,"d39724bc":148,"b3f19a69":150,"00cf385d":171,"5acce642":161,"cc5a1d47":154,"124fbe96":145,"0d28db94":147,"5b5fc566":158,"753ca352":158,"67c57de4":179,"ef91eaae":142,"e4cfef0a":148,"358e45b1":149,"9260d96b":185,"7a6aa4b6":160,"4f5e3e7d":146,"8323d333":148,"7ae3fc50":146,"e0e6a097":150,"4125085e":166,"a2c334e7":176,"12534561":162,"162a7348":157,"c9efc8f6":156,"deb31f35":164,"51f80f4c":179,"99e171db":157,"a9b1bd51":123,"d1fe2868":174,"4ed01268":148,"6adce358":176,"9d63c4dd":162,"5339e1e9":171,"08c6b5d2":161,"bca2d7cd":152,"865d9857":150,"2d13e69b":160,"a6626a13":147,"217c0327":141,"70c1e715":161,"8cc4a982":173,"d1715f3b":170,"9fa62fee":157,"84b767be":185,"7d6895f4":167,"6de0aaac":150,"eb7b4e29":154,"805af3c7":162,"fce3c5c6":145,"751bcf25":151,"4fd645f1":154,"30fdcd3b":155,"859545e6":149,"5ccf94d6":155,"30d84dce":142,"d9f512b9":162,"0c043224":173,"25776fc4":166,"4c39240e":173,"ca6d2d91":160,"58d46189":174,"cf9f4757":147,"9d023afb":155,"2a4a402a":155,"fe8f3d36":154,"a8c93bed":158,"fead11cf":158,"bd62d7ed":152,"012de09c":153,"1bc0591f":155,"2dd0e808":153,"b2cfdbcf":153,"a5fd8ffd":163,"69eeae0d":146,"d9d0c567":164,"abc1d7ad":178,"263762cb":145,"3e082b37":148,"5623817d":149,"8dd649a3":156,"d599b566":173,"09ff339a":137,"8274885a":160,"17807120":158,"cac4449a":154,"ae8a09c4":161,"8d753bb6":158,"23080895":149,"8b2b601d":166,"73b15e04":158,"b3863630":156,"9f2b16a7":176,"79f04300":164,"5be594be":158,"696fdac5":170,"80a8a56d":158,"8e99d5d0":188,"d9dcdc4b":176,"a543ec74":142,"e8f173b5":160,"eed20185":174,"e36dfd6f":168,"159ffd0b":153,"95bc84f1":143,"95d331b1":150,"fea793f5":165,"bf30a08f":172,"bd2705b0":168,"7735c3c2":157,"4b125e7b":158,"677c6a09":181,"ef14000f":179,"053f3451":155,"0d28db94":148,"6a5b71b4":155,"3d1af513":172,"288afc30":164,"9263c525":164,"8493f3b2":163,"92d38723":170,"67f6e4f2":142,"2e99f8fd":150,"aec4e1bf":159,"d6d61bfc":174,"aa9ea5e8":146,"a47abfbb":147,"0681c48e":173,"bb8a6337":142,"5774ac0d":169,"bda8cdfb":169,"394dc144":152,"a939b50b":163,"254cc28c":164,"1b881e6e":160,"faf3ed07":152,"37fbb107":166,"de6213c7":153,"bc021def":165,"27d8bf51":155,"bfad1727":147,"c455f40e":148,"e1f0dbfd":179,"cd421290":154,"df81ddee":148,"4295ce9a":159,"75ffea08":160,"93683c82":161,"5cd3cfe0":150,"e5d3655c":178,"30dbfc69":159,"4def63ee":140,"9d4da635":148,"9e65c0ef":159,"d033db8d":182,"d9d7c4c2":166,"655941a0":169,"92f800f5":166,"94a2fe10":177,"fce3c5c6":146,"b9be31d6":171,"4930f321":152,"faf4f98b":174,"82204d54":151,"55928ef1":152,"f5e8dfee":166,"19551bad":148,"eebc8d43":164,"bd62d7ed":153,"b8488fc8":161,"ae016053":182,"fafb4cc2":204,"74c26380":178,"8db5a165":145,"ec110282":185,"a5fd8ffd":164,"28654c76":174,"a77e127d":143,"f5cd79c1":163,"272c7672":166,"d6320619":149,"b5763ff6":147,"eafbf9fb":159,"eeaa2d46":174,"2a06ab95":173,"8cd78f77":166,"ac38a6a5":173,"9a467a82":164,"2d13e69b":161,"c793cdda":159,"36d340f2":137,"ea9bba6b":160,"f6fe095d":167,"095ab3b4":161,"b1f58563":153,"b769bdfb":158,"23080895":150,"8e99d5d0":189,"f598a332":148,"0a92153e":158,"1247fa52":171,"c5b35e4d":150,"655954ba":153,"c0fea118":153,"812b4f15":136,"12a2cd4b":157,"8cf83787":149,"27c8e038":172,"6291e9e9":169,"8298e976":171,"cac4449a":155,"2d382981":152,"411b5027":145,"e4117b3b":143,"d83870f5":156,"d1d40c9c":170,"5b5fc566":159,"aa187e3b":159,"d39724bc":149,"bc392d1c":148,"8b2b601d":167,"bbe71605":144,"045f280d":163,"cd95f558":159,"6f0fcb9d":167,"d33790a2":194,"5f6613c8":151,"03b4ab60":151,"3a1d1632":135,"31f6ba51":148,"a6003226":154,"76f3a3be":162,"540df50f":159,"cf775f58":171,"9d63c4dd":163,"f4b2f575":147,"36b7003c":185,"04643409":166,"e99318a3":164,"5f7d7195":159,"c7c4ec5c":143,"5f8517b7":182,"0ac825ed":164,"b8397293":148,"efd23af5":148,"ded7da5a":171,"2209903e":165,"21ad2f34":172,"21e10a2b":156,"79e4fa1c":163,"f4343817":167,"e32524d6":153,"8942c35b":163,"caddd0a7":168,"4279e829":183,"cc6bbe45":153,"381c68fa":156,"4ee62a26":152,"aa021138":180,"e3547548":155,"0af920d8":151,"a81a857c":150,"9d4da635":149,"6f81493d":149,"ffc86f94":139,"ee21ad02":176,"87083264":175,"77bfed7e":163,"7566fdd6":163,"f7231212":147,"6f39f4d9":170,"91536e85":167,"597c1f81":159,"8063df14":168,"fe8f3d36":155,"11b2c8d9":152,"2a76f1dd":146,"78b97937":172,"781ace7d":157,"a66a2d8a":174,"8a165e17":167,"9a3ab0b8":159,"1d44aff3":166,"c91966ce":150,"012de09c":154,"f069bb07":149,"284544ba":150,"7080f122":153,"dd7acb96":167,"315537b2":169,"af0b61ab":163,"2cb29e5a":165,"84b67924":161,"f2ca27d9":178,"2c627253":158,"9e206c95":181,"f271ed5d":162,"f5596d0f":167,"416a9e97":151,"3c43e8a2":172,"d1676e89":161,"971675c5":168,"69d4b754":153,"288d171f":158,"6fb4cdda":175,"696fdac5":171,"f33c0140":155,"2e3503e4":173,"f1dffa24":139,"5410e9c6":168,"578f6e9e":168,"fe1d4419":156,"064a99c8":162,"69eeae0d":147,"71e53c93":164,"ee21ad02":177,"b0869206":165,"cbad3b92":186,"a4dafea5":158,"be1746a0":162,"cf50e84e":148,"27c8e038":173,"820225e4":133,"74e01f6a":155,"e36dfd6f":169,"812b4f15":137,"95bc84f1":144,"b7df1559":160,"1f88a4b7":180,"1be05c14":167,"32133249":164,"081460bf":162,"0ecfa1c9":150,"aec4e1bf":160,"35aa7fd0":166,"6867261a":164,"a6003226":155,"8a52882e":159,"4ed01268":149,"36fb15d2":176,"b7407bd3":155,"b35e9e1a":192,"408bb2ed":159,"f1862e79":142,"8493f3b2":164,"de11eb19":170,"90a06ee9":161,"93e8cee5":180,"f9f2c53f":142,"e1f0dbfd":180,"26dd2000":177,"2b3c49b9":159,"daab45c6":148,"f4343817":168,"25776fc4":167,"a33fe0dd":160,"cc11fef9":169,"e5d3655c":179,"7a9344a4":179,"259930ee":164,"c8977844":158,"19e9776f":154,"d9f512b9":163,"d815c5b4":185,"bf30a08f":173,"290b4714":159,"3b2dee89":158,"6c20c153":159,"ba938220":159,"0bfabf48":147,"a85d89cc":160,"9aa6a054":164,"7a840529":153,"b9be31d6":172,"e57d5cda":156,"062179c1":161,"e35a63cd":161,"78b97937":173,"70ee0491":149,"831c7b85":155,"c510bfd3":173,"b8ab8e6e":153,"1634789b":153,"23760167":160,"1d790491":165,"2a06ab95":174,"e99318a3":165,"284544ba":151,"dfa1a89b":155,"d744bee2":151,"01d817b8":134,"88b3bc99":147,"9147702f":140,"3f65f121":166,"88432019":150,"f069bb07":150,"6a3eaf43":174,"558d5ce7":161,"623c6a31":177,"18815a1b":156,"5781776a":160,"c318d350":174
1604737623176,"3f2522c2":168,"19f9ca86":165,"8e4c33d2":157,"9a3cc55d":148,"e45b4b53":148,"08a06557":186,"d0c104c4":137,"5ccf94d6":156,"b5ce0c0c":177,"66b7b5b4":154,"c21ab51e":141,"5f0c1b9d":165,"50b558a7":145,"61145ec9":170,"3101354b":139,"345c9967":149,"cf1b8c47":170,"8db5a165":146,"dd035d2a":155,"23080895":151,"a43061ee":146,"3c782bb3":162,"468fc85c":170,"159ffd0b":154,"73b15e04":159,"fb44fa9c":169,"812b4f15":138,"a6bcb07e":164,"12534561":163,"e4714415":174,"bb8a6337":143,"54a676d6":152,"cac4449a":156,"489a39f7":157,"99d130c9":170,"b36a0d66":148,"8493f3b2":165,"9e878ec2":171,"31f6d707":177,"c7c4ec5c":144,"ea274174":161,"8d000d6e":154,"4f5e3e7d":147,"6b78ad7f":163,"470d50c2":154,"0dad37d5":164,"dcf85091":145,"7f86be64":159,"4e3f5178":172,"07107f6e":163,"4dac6b20":136,"8ea21393":139,"f734c84c":181,"c45d554f":167,"85de05f2":152,"f4343817":169,"c1bdfd41":153,"cc6bbe45":154,"d141db49":160,"751acea8":157,"fbdffc95":150,"61f25dd4":182,"ea6de194":164,"8942c35b":164,"f8b31ce5":186,"f4634d0b":162,"ee75b607":150,"4258c176":156,"88ce179e":173,"ee21ad02":178,"ea4d3f3e":169,"d4d5f466":153,"8ac72326":161,"ef91eaae":143,"87c462ee":175,"00a17b46":159,"d83294cd":152,"f1df62b4":168,"c8113b77":150,"c38c2b52":153,"13b53c7a":153,"03b4ab60":152,"35aa7fd0":167,"5774ac0d":170,"7e15f8e8":169,"6632fed0":166,"cb6c9e42":182,"449d8475":152,"23760167":161,"04643409":167,"842c8340":148,"66d94227":154,"d1715f3b":171,"945b63f0":177,"26c390d6":161,"172217e5":171,"217c0327":142,"f069bb07":151,"36d340f2":138,"272c7672":167,"70c1e715":162,"7d6895f4":168,"9fa62fee":158,"18815a1b":157,"b5763ff6":148,"72d7b461":171,"2203f259":169,"016953e4":168,"71ff66e8":160,"d599b566":174,"77d35808":141,"4777334c":158,"f1b493de":180,"30fdcd3b":156,"906632cb":170,"d548635d":163,"1da771fb":164,"b935fc1c":161,"b102f7bd":171,"fee32863":161,"70ee0491":150,"d9a64845":160,"afe8e06a":140,"0a1d11e6":153,"1745a0f4":163,"3f75d3bc":181,"c1bb74f2":154,"810aa5e9":169,"4bc46d7a":153,"313258f2":167,"dd035d2a":156,"064a99c8":163,"804d4dfa":158,"32133249":165,"03b4ab60":153,"5eaa1581":155,"60d6cee2":159,"bc3dc66a":163,"74e3d13e":163,"e9a8cf11":164,"a3d4a0e5":172,"e6fac295":151,"4b3e3b1c":166,"4b4ef7fa":153,"0b5a0408":171,"c609739e":161,"d9dcdc4b":177,"1c3a30c5":162,"b36a0d66":149,"56752a4a":152,"a8871ddf":146,"1be05c14":168,"332820ce":166,"9260d96b":186,"db0a661e":151,"1ff8c2fc":171,"67f6e4f2":143,"358e45b1":150,"4ba6eb36":154,"1a2c020b":164,"754f98c9":170,"c85a0d80":166,"ab7d4c9a":148,"4e3f5178":173,"c7313e0a":170,"7b6a7048":163,"261c9911":171,"85de05f2":153,"debe1f65":159,"a0cca8b7":147,"51c57542":166,"26dd2000":178,"49b358bd":165,"0b959527":150,"30c5d755":171,"f0a06216":163,"d4d5f466":154,"9cb4697f":175,"79be29c8":151,"ae99df30":150,"bf30a08f":174,"e28c2efc":151,"ad2d7bed":168,"c8113b77":151,"385ab7c6":162,"6a5b71b4":156,"b73e789c":150,"ba938220":160,"f7231212":148,"37fbb107":167,"794f652b":176,"66d94227":155,"8a52882e":160,"a983a6dc":145,"90d52475":162,"8ec3834d":171,"12dd6f5e":142,"d3e84616":166,"c0e2624b":153,"d2a841c9":156,"aa5dfdf5":158,"bb99c79c":161,"84b67924":162,"2dda3936":150,"9e206c95":182,"39ba00f0":167,"1f342a00":156,"f5596d0f":168,"d1ca5d6b":165,"2180f99b":155,"095ab3b4":162,"016953e4":169,"24ffcbd3":178,"5272520d":165,"d6f0d94a":152,"902f49f5":159,"e786063b":173,"66497c7e":152,"1623fc9f":156,"180377be":157,"9316e7e8":133,"f883d582":149,"3f9b5722":146,"25635c37":144,"f1dffa24":140,"5099c6a0":182,"22aeaf03":159,"5270f158":152,"11b2c8d9":153,"afe8e06a":141,"831c7b85":156,"1105f790":184,"5f4102da":169,"45b5746e":158,"dfcc2ad1":180,"aa867541":150,"e35a63cd":162,"71ba7561":144,"4abb7aed":157,"616d6dd6":159,"56473430":175,"49cb2959":169,"0ecfa1c9":151,"32133249":166,"47cfba38":145,"bc3dc66a":164,"3e602573":153,"03dcfa3d":159,"0114160e":153,"e8f173b5":161,"458dcc3d":175,"3310a049":161,"2198ba8e":154,"6db0ea86":151,"4febf7c5":160,"6c73ae98":133,"13f0e139":150,"59c1e594":152,"3c782bb3":163,"0be540c5":170,"00554ffd":168,"4f5e3e7d":148,"fa55f27a":169,"67f6e4f2":144,"b2a8761b":149,"4ea4a2a1":168,"761cf820":169,"4b4ecbce":141,"754f98c9":171,"69d4b754":154,"c382f054":167,"e9679ede":153,"7f86be64":160,"cb51f134":168,"4e5aaaec":143,"21ad2f34":173,"9a80f004":158,"3ef7432b":170,"2b3c49b9":160,"79e4fa1c":164,"6490bac6":154,"bb00e71c":146,"ee21ad02":179,"3b2dee89":159,"abad2347":170,"4b125e7b":159,"04cc7cbe":151,"5eab91a0":172,"cf9f4757":148,"c38c2b52":154,"619fda68":189,"7a4c064c":171,"056ea7ff":174,"385ab7c6":163,"87cd2add":144,"3c18f28e":155,"61d4782d":158,"e4714415":175,"bda8cdfb":170,"8a52882e":161,"47d27624":145,"789bd484":156,"2a387957":156,"5d087c79":155,"97e75c19":166,"12dd6f5e":143,"eafbf9fb":160,"fd6dcb20":158,"26c390d6":162,"aa5dfdf5":159,"a77e8461":160,"7e991ab9":129,"1d153b20":165,"284544ba":152,"623c6a31":178,"88432019":151,"508aac3d":171,"1f7607df":146,"8cd78f77":167,"caddd0a7":169,"e32524d6":154,"b7505747":161,"805af3c7":163,"e3547548":156,"f1b493de":181,"62d1d346":142,"719c8869":178,"a4f1d83b":149,"d033db8d":183,"467773ac":150,"bb98a6cf":181,"9316e7e8":134,"142d6987":158,"77d35808":142,"c0b7e7d7":149,"a59a8290":164,"fe8f3d36":156,"fead11cf":159,"f5e8dfee":167,"9a07d89b":150,"c463799d":163,"c91966ce":151,"78b97937":174,"abc1d7ad":179,"313258f2":168,"1d44aff3":167,"b28a5e67":186,"5f96c2bc":157,"a851891c":153,"f2470875":173,"317c1591":172,"095ab3b4":163,"e45b4b53":149,"dc583e64":168,"0eaf08da":159,"74e01f6a":156,"0be540c5":171,"27c8e038":174,"1be05c14":169,"c27969ec":152,"e81834aa":181,"04612878":174,"66554572":132,"cf52025e":157,"868edcc0":174,"cbad3b92":187,"28d41578":175,"bbe71605":145,"1b153aef":164,"358e45b1":151,"3652bd66":162,"0cb80f4a":159,"608bc832":138,"9f2b16a7":177,"c382f054":168,"288d171f":159,"36380d96":166,"f598a332":149,"d548635d":164,"e9679ede":154,"bc09fa9e":160,"e2a7d915":139,"21ad2f34":174,"2ad42a9e":180,"4dac6b20":137,"ab7467de":170,"0149e11a":140,"d0c0fc08":141,"8c6e001f":134,"d39724bc":150,"ba586505":166,"e382ec3f":147,"9d4f1fe6":154,"93b0a158":174,"91b28f83":162,"6841f77e":173,"8ac72326":162,"c38c2b52":155,"67c57de4":180,"9fce073c":153,"2b698053":164,"0d28db94":149,"597c1f81":160,"c64de0c0":143,"31f6ba51":149,"47cfba38":146,"40860a4b":140,"8cddb65e":162,"71279c46":155,"dcfaba4c":166,"4ed01268":150,"c67979e6":182,"d5557fb4":163,"5339e1e9":172,"faf3ed07":153,"47d27624":146,"97e75c19":167,"3454fa2b":148,"1d153b20":166,"0bd93cfd":128,"22ecaed0":159,"70bc8325":154,"0d2a1c58":159,"a63bddd4":196,"36d340f2":139,"dd7acb96":168,"623c6a31":179,"2d13e69b":162,"f4726450":153,"7080f122":154,"2c01e624":155,"d9f512b9":164,"fbdffc95":151,"3bad3c95":143,"e32524d6":155,"e3547548":157,"3b690f68":165,"4279e829":184,"5ab7bc35":163,"467773ac":151,"cc6bbe45":155,"bb98a6cf":182,"5cd3cfe0":151,"cd3bbe7e":160,"19e9776f":155,"dfcc2ad1":181,"4c0e547b":170,"7af262e5":177,"e35a63cd":163,"0042f6eb":151,"0f89862c":137,"30c184b8":159,"45b5746e":159,"a851891c":154,"65e4235b":160,"731fc335":140,"52eca0dc":161,"f789f6d8":156,"7ae34c64":154,"93ac9ca3":157,"971675c5":169,"2c5c1dc0":150,"437fc3ec":175,"fb7b7b3c":183,"22aeaf03":160,"317c1591":173,"4febf7c5":161,"d82592f4":164,"a43061ee":147,"3310a049":162,"1138796e":169,"ac62fac2":174,"9c58dd76":165,"45fb95c1":161,"8d753bb6":159,"56752a4a":153,"cbad3b92":188,"6c73ae98":134,"54a676d6":153,"b84a06eb":161,"f9c15fcc":154,"104721f0":166,"bd984a8e":150,"4c4aa2e2":154,"470d50c2":155,"53431634":185,"168e75d9":155,"0a92153e":159,"547903ef":163,"53747a91":152,"70594a28":163,"cd421290":155,"85de05f2":154,"9a80f004":159,"8ea21393":140,"d102b0c6":151,"7ae3fc50":147,"c7c4ec5c":145,"31f6d707":178,"0ac825ed":165,"6841f77e":174,"16b476e9":160,"7ee7621c":161,"8bc04eb5":160,"bf30a08f":175,"6c20c153":160,"1757a30e":150,"a06a6430":168,"30b6808c":147,"cc5a1d47":155,"597c1f81":161,"00a17b46":160,"9f74b8a4":154,"2ce1af05":141,"4f5e3e7d":149,"5eaa1581":156,"c852d240":158,"aa9ea5e8":147,"68562193":160,"17446892":156,"4125085e":167,"227006e4":157,"bf822e33":157,"77bae750":155,"c6c85783":170,"394dc144":153,"cb6c9e42":183,"a983a6dc":146,"d1715f3b":172,"4fd645f1":155,"aab4d996":158,"d9d7c4c2":167,"ea6de194":165,"1623fc9f":157,"655941a0":170,"92f800f5":167,"142d6987":159,"cc6bbe45":156,"30fdcd3b":157,"0841052c":175,"110b1ee3":157,"7a9344a4":180,"0c0e98ea":151,"dc0c8b09":177,"78467b8a":171,"13b53c7a":154,"fe8f3d36":157,"2a4a402a":156,"9d023afb":156,"fead11cf":160,"a901627e":152,"0a1d11e6":154,"6e44927f":156,"2dd0e808":154,"313258f2":169,"3f75d3bc":182,"e865e4dd":154,"263762cb":146,"c95719e5":151,"d1676e89":162,"e7773397":146,"d744bee2":152,"4469c815":133,"2180f99b":156,"50d129cf":146,"730338c4":175,"affb82bf":171,"18815a1b":158,"2c627253":159,"f3d68430":168,"d0d6acb1":160,"98915a1f":143,"f87c5031":162,"af0b61ab":164,"15620dca":179,"004f1ef3":194,"b769bdfb":159,"6085137f":142,"cac4449a":157,"90731976":150,"2198ba8e":155,"de36827b":178,"dd1fcb17":150,"411b5027":146,"48655f09":195,"1a68160d":163,"3498f223":159,"f33c0140":156,"0dad37d5":165,"cb51f134":169,"e9679ede":155,"e7abc88d":149,"2ad42a9e":181,"26dd2000":179,"a3d4a0e5":173,"a543ec74":143,"946df4fd":184,"5678ed7b":179,"8d753bb6":160,"b7df1559":161,"f56ac638":144,"bf30a08f":176,"290b4714":160,"88ce179e":174,"2b698053":165,"730a4938":148,"30b6808c":148,"ce4da56f":156,"1b153aef":165,"34658473":148,"3652bd66":163,"288afc30":165,"b2a8761b":150,"7a6aa4b6":161,"7af9d3b1":158,"d6d61bfc":175,"c852d240":159,"32133249":167,"0681c48e":174,"4125085e":168,"50d129cf":147,"deb31f35":165,"48efc739":180,"449d8475":153,"e99318a3":166,"ccf8b803":165,"77f31bab":171,"36b7003c":186,"ea274174":162,"daab45c6":149,"0149e11a":141,"7e8e1c3d":161,"7bebff03":151,"913a6226":167,"30c5d755":172,"a33fe0dd":161,"04ea5673":165,"0d5ee801":154,"4def63ee":141,"dae0f922":162,"110b1ee3":158,"859545e6":150,"0b959527":151,"180377be":158,"0841052c":176,"57167c74":148,"f4634d0b":163,"5272520d":166,"9aa6a054":165,"00cf385d":172,"cc5a1d47":156,"d4d5f466":155,"a85d89cc":161,"4f59a322":162,"619fda68":190,"6a7392d5":144,"a59a8290":165,"9a07d89b":151,"fee32863":162,"ec11fe5f":140,"831c7b85":157,"cd522166":176,"f905a555":149,"4bc46d7a":154,"7c0a2db6":156,"1d44aff3":168,"3f65f121":167,"be4f8ba8":151,"4469c815":134,"1d153b20":167,"2d54e0a8":160,"57540cc3":164,"70bc8325":155,"12012fbd":146,"272c7672":168,"9c045c61":165,"aaa274a5":162,"d744bee2":153,"2180f99b":157,"3c6692a3":180,"d1676e89":163,"b769bdfb":160,"ea9bba6b":161,"6d61bf13":151,"09ff339a":138,"363590c7":178,"5270f158":153,"34c5c729":156,"f33c0140":157,"d34a29b9":171,"2e3503e4":174,"69134f07":152,"53431634":186,"7f86be64":161,"56752a4a":154,"1db42092":167,"a543ec74":144,"52eca0dc":162,"43bc86e3":158,"3f75d3bc":183,"04cc7cbe":152,"24d24fa3":147,"ce4da56f":157,"4b4ef7fa":154,"17b08923":159,"2c24d929":173,"b2bd8fd3":149,"cf50e84e":149,"04612878":175,"6c73ae98":135,"e81834aa":182,"c4bff41f":174,"9b3f8714":162,"f94bf9ea":154,"e4714415":176,"288a2c43":153,"dc473de1":148,"6df0b2e8":178,"9d63c4dd":164,"66d94227":156,"48efc739":181,"39a2fcce":150,"045f280d":164,"1b153aef":166,"4ea4a2a1":169,"36fb15d2":177,"792c9b6a":154,"0cb80f4a":160,"8245f916":158,"a533489b":174,"ab7467de":171,"8f9b74b0":156,"3ef7432b":171,"3b7763b1":143,"6b9eff39":158,"25e0dd3d":158,"daab45c6":150,"d9f512b9":165,"a33fe0dd":162,"0b959527":152,"4fd645f1":156,"4577b333":165,"cc11fef9":170,"30d84dce":143,"b320feb9":167,"25776fc4":168,"dae0f922":163,"26ed1a5c":160,"f4634d0b":164,"3f9b5722":147,"cd3bbe7e":161,"93b0a158":175,"d1d40c9c":171,"6f39f4d9":171,"730a4938":149,"f1df62b4":169,"bd2705b0":169,"a85d89cc":162,"9fce073c":154,"4b125e7b":160,"053f3451":156,"e6ec8cbf":170,"ac030e74":153,"7fb4c521":161,"c1bb74f2":155,"478d2d4f":175,"8f10fa42":193,"f5e8dfee":168,"9b546d65":148,"831c7b85":158,"91d52a55":157,"84369269":140,"8a52882e":162,"ef8321d8":157,"d2a841c9":157,"6d339d45":136,"26c390d6":163,"af0b61ab":165,"a63bddd4":197,"f2ca27d9":179,"50c3164b":175,"84b767be":186,"3f65f121":168,"7028b044":155,"217c0327":143,"0fc5ac7e":183,"1f7607df":147,"dc583e64":169,"71ff66e8":161,"1951480c":145,"c564e316":166,"6b79fec2":158,"d1676e89":164,"39bbc4bc":172,"e7abc88d":150,"dcf85091":146,"69d4b754":155,"53431634":187,"8e780922":158,"a836aa93":150,"104721f0":167,"71bc1295":152,"733c86f8":166,"42cd2360":134,"781ace7d":158,"8db5a165":147,"810aa5e9":170,"ec110282":186,"e865e4dd":155,"7c0a2db6":157,"812b4f15":139,"4b3e3b1c":167,"aa00769b":178,"3e602573":154,"4ff2225d":151,"6db0ea86":152,"946df4fd":185,"03dcfa3d":160,"f277386e":139,"deb31f35":166,"13747b82":167,"7af9d3b1":159,"57d5dee8":165,"c93c3508":140,"081460bf":163,"288a2c43":154,"0f1ac912":145,"66d94227":157,"90731976":151,"ae8a09c4":162,"bab97de3":171,"a3d4a0e5":174,"40569362":177,"d102b0c6":152,"4f5e3e7d":150,"82b81567":142,"1bd5b20b":171,"b8397293":149,"06073f13":179,"3b7763b1":144,"4eed1bea":159,"25e0dd3d":159,"8f9b74b0":157,"21e10a2b":157,"5a622a23":159,"8ea21393":141,"ea6de194":166,"4def63ee":142,"c0b0f492":175,"d141db49":161,"28d40296":128,"e62d705f":149,"110b1ee3":159,"49b358bd":166,"b0869206":166,"bb00e71c":147,"11b74e63":149,"7f6d1d0e":165,"6ee92259":171,"7fef9973":161,"b9be31d6":173,"621d6b18":166,"20811ddf":162,"0d7d88f1":168,"6a5b71b4":157,"0785820e":159,"10ec5a0b":145,"e4cfef0a":149,"fead11cf":161,"9a3ab0b8":160,"5d087c79":156,"77f31bab":172,"9ceb5439":144,"5f7d7195":160,"d957f027":153,"0277d748":168,"01d817b8":135,"7080f122":155,"a625328f":168,"18815a1b":159,"d0d6acb1":161,"bc021def":166,"fd07e0ed":164,"865d9857":151,"508aac3d":172,"416a9e97":152,"50c3164b":176,"2a06ab95":175,"aa5dfdf5":160,"8dc9b4db":169,"f4634d0b":165,"ffc86f94":140,"66b7b5b4":155,"d033db8d":184,"b7434f57":129,"20e470e0":144,"8e780922":159,"d1676e89":165,"6d61bf13":152,"1105f790":185,"9d023afb":157,"c1bb74f2":156,"2bcca6a7":174,"50b558a7":146,"7c0a2db6":158,"42cd2360":135,"8a165e17":168,"313258f2":170,"65e4235b":161,"a15713c6":178,"dc03ebd2":176,"8eb64769":167,"e81834aa":183,"5623817d":150,"57d5dee8":166,"35aa7fd0":168,"b35bb8a1":153,"68562193":161,"aa9ea5e8":148,"725dce8b":167,"51f80f4c":180,"5781776a":161,"f5829ac0":170,"c6e3d352":160,"ea9bba6b":162,"bad6cdb1":134,"0114160e":154,"3f2522c2":169,"11888cfa":146,"aa00769b":179,"e6fac295":152,"6c73ae98":136,"01cd8099":162,"7732eb1e":177,"08a4c3f8":170,"eed20185":175,"95f6db13":162,"4ac6bd4e":150,"b2a8761b":151,"d102b0c6":153,"7ae3fc50":148,"8f2a7d69":158,"554ebb83":169,"06ee61b6":142,"e9679ede":156,"f2086446":154,"b2c25d1c":152,"0a92153e":160,"f33c0140":158,"c650b434":166,"6b9eff39":159,"07107f6e":164,"27d8bf51":156,"70594a28":164,"201cafad":159,"91d52a55":158,"9ceb5439":145,"0f1ac912":146,"36b7003c":187,"0670c466":149,"faf3ed07":154,"7e15f8e8":170,"d6320619":150,"284544ba":153,"70bc8325":156,"d3e84616":167,"f069bb07":152,"b5763ff6":149,"945b63f0":178,"778c95e9":156,"6de0aaac":151,"f3d68430":169,"72d7b461":172,"dfa1a89b":156,"84b67924":163,"11b74e63":150,"e382ec3f":148,"d39724bc":151,"cb4f262b":147,"d815c5b4":186,"30b6808c":149,"ae99df30":151,"e28c2efc":152,"5b5fc566":160,"8fb236a9":148,"753ca352":159,"869cbaa0":170,"619fda68":191,"93b9fae6":152,"9a07d89b":152,"0b3283c9":164,"ea9bba6b":163,"09f0db62":187,"40e79dd3":160,"df2b4d87":150,"5f620a1e":164,"751bcf25":152,"75ffea08":161,"1a2ec5d7":180,"ddec9e54":158
1604737624185,"af157d29":159,"e4714415":177,"725dce8b":168,"03b4ab60":154,"ed4fad08":168,"5e09f69e":190,"31f6ba51":150,"5f6613c8":152,"bda8cdfb":171,"1634789b":154,"36b7003c":188,"8a52882e":163,"815e4582":175,"088feee2":163,"c98d5272":160,"6143f39d":165,"3661e12d":157,"2dda3936":151,"30dd2edc":160,"546f6845":160,"ef8321d8":158,"22176537":154,"26c390d6":164,"d3a669ac":170,"a6626a13":148,"d744bee2":154,"1f7607df":148,"478d2d4f":176,"012de09c":155,"3f75d3bc":184,"dfcc2ad1":182,"ae016053":183,"9d023afb":158,"810aa5e9":171,"a8c93bed":159,"a66a2d8a":175,"5f96c2bc":158,"c91966ce":152,"6c524f99":168,"dd035d2a":157,"d1ca5d6b":166,"57167c74":149,"6e24d88b":146,"e3547548":158,"180377be":159,"110b1ee3":160,"caddd0a7":170,"14c682eb":148,"3f9b5722":148,"8cd78f77":168,"b35bb8a1":154,"5099c6a0":183,"ee75b607":151,"bec9d329":175,"c0b23081":179,"bf30a08f":177,"50c468ba":158,"5eab91a0":173,"6f39f4d9":172,"91b28f83":163,"4f59a322":163,"5acce642":162,"0d28db94":150,"2b698053":166,"9aa6a054":166,"c8113b77":152,"13747b82":168,"1247fa52":172,"696fdac5":172,"f598a332":150,"b215547b":152,"69d4b754":156,"c7313e0a":171,"1e232870":166,"913a6226":168,"0149e11a":142,"4295ce9a":160,"20777945":155,"85de05f2":155,"bc09fa9e":161,"e1f0dbfd":181,"2132fe93":171,"2ab62345":149,"32133249":168,"dcfaba4c":167,"ed4fad08":169,"44a4f7cd":166,"527ff946":166,"d957f027":154,"77f31bab":173,"9ceb5439":146,"1b881e6e":161,"faf3ed07":155,"f87c5031":163,"d1715f3b":173,"af157d29":160,"a77e8461":161,"2cb29e5a":166,"18815a1b":160,"6de0aaac":152,"aa5dfdf5":161,"0bd93cfd":129,"5747db6e":171,"d1ca5d6b":167,"fee32863":163,"8721056e":146,"7fdc2007":147,"5f4102da":170,"b8488fc8":162,"dfcc2ad1":183,"f2e3c0e3":146,"fe44fc6f":151,"7896b953":168,"aa867541":151,"616d6dd6":160,"1d44aff3":169,"345c9967":150,"5f0c1b9d":166,"8f13c203":154,"aab4d996":159,"c8fcad77":149,"0b959527":153,"44c77422":162,"8db62558":156,"9bdf362a":161,"430a5db5":164,"74f234c6":192,"cc6bbe45":157,"40a745c0":165,"5cd3cfe0":152,"7cd0ad7b":167,"be40590d":171,"911e770b":169,"f4726450":154,"5270f158":154,"22aeaf03":161,"3c43e8a2":173,"b460f030":187,"dfc89705":170,"48655f09":196,"11888cfa":147,"a636f4c9":174,"742f1425":169,"a4dafea5":159,"32c9fc47":163,"baebb391":171,"b36a0d66":150,"792cfcbd":160,"8d753bb6":161,"b2a8761b":152,"e36dfd6f":170,"e0f7679f":141,"3d1af513":173,"7ae3fc50":149,"761cf820":170,"cd95f558":160,"ef16ca37":160,"358e45b1":152,"de6213c7":154,"ee75b607":152,"ad2d7bed":169,"d1d40c9c":172,"ea4d3f3e":170,"67d30f2b":159,"07f98660":166,"e4117b3b":144,"4f59a322":164,"7a840529":154,"e4c312fe":164,"af7e5be8":158,"869cbaa0":171,"f1df62b4":170,"2ce1af05":142,"bd984a8e":151,"ebdbf580":166,"2e3503e4":175,"0da28f5b":173,"9f2b16a7":178,"f33c0140":159,"e9679ede":157,"2209903e":166,"0a96f57a":166,"85de05f2":156,"92136ff5":158,"8ea21393":142,"c45d554f":168,"261c9911":172,"288a2c43":155,"9f5e6cba":176,"181c3dd5":165,"ed4fad08":170,"b7cc7909":170,"68562193":162,"c4bff41f":175,"f2364460":156,"37fbb107":168,"0f1ac912":147,"47d27624":147,"c6c85783":171,"bf822e33":158,"9ceb5439":147,"12012fbd":147,"f5596d0f":169,"546f6845":161,"15620dca":180,"f3d68430":170,"623c6a31":180,"19551bad":149,"11b2c8d9":154,"0e2b5d2f":164,"f67de058":164,"fe8f3d36":158,"e35a63cd":164,"a901627e":153,"8721056e":147,"5f96c2bc":159,"f3a0c2ee":164,"6e44927f":157,"ef8987d7":157,"dc03ebd2":177,"49cb2959":170,"416a9e97":153,"9147702f":141,"88fa53d6":143,"aab4d996":160,"caddd0a7":171,"7e76c93c":163,"0b959527":154,"3b690f68":166,"25776fc4":169,"56d315d8":143,"d9f512b9":166,"0c043224":174,"180377be":160,"a68a93b2":155,"0841052c":177,"a4f1d83b":150,"263762cb":147,"b935fc1c":162,"3712c4bd":141,"60e855ee":181,"39bbc4bc":173,"2c5c1dc0":151,"82868763":153,"8eb64769":168,"a43061ee":148,"8298e976":172,"ad8f85d6":172,"f044c0e1":156,"cf52025e":158,"6be9332a":142,"1f88a4b7":181,"32c9fc47":164,"2d382981":153,"a4dafea5":160,"0f72f2d8":162,"de36827b":179,"07fc4a9a":171,"408bb2ed":160,"4ea4a2a1":170,"a533489b":175,"5acaa06f":131,"d0d6acb1":162,"9ab755d3":151,"70c1e715":163,"dd7acb96":169,"c0e2624b":154,"c793cdda":160,"34658473":149,"36fb15d2":178,"0cb80f4a":161,"11b74e63":151,"6775d5cd":159,"d1d40c9c":173,"3b2dee89":160,"290b4714":161,"d815c5b4":187,"6034b6d0":166,"67d30f2b":160,"53b4e647":160,"d7cb9bcf":150,"91536e85":168,"b73e789c":151,"a836aa93":151,"b3863630":157,"e7abc88d":151,"a4296d1e":155,"c382f054":169,"efe84c27":165,"655954ba":154,"72b84094":190,"e2a7d915":140,"5fa12feb":166,"3007f31f":147,"2209903e":167,"25e0dd3d":160,"70594a28":165,"227006e4":158,"b35bb8a1":155,"76f3a3be":163,"57d5dee8":167,"031e488e":164,"bb8a6337":144,"a6003226":156,"d957f027":155,"a983a6dc":147,"b88033fd":169,"90d52475":163,"c67979e6":183,"93fdbb44":152,"794f652b":177,"08c6b5d2":162,"09560615":137,"cf9f4757":149,"faf4f98b":175,"82204d54":152,"6c486702":167,"0f89862c":138,"c463799d":164,"e35a63cd":165,"fee32863":164,"00a481e3":169,"a0685bf3":181,"cf1b8c47":171,"ae016053":184,"74c26380":179,"b28a5e67":187,"56473430":176,"172217e5":172,"a63bddd4":198,"8274885a":161,"f5cd79c1":164,"25635c37":145,"a58bf525":163,"014bdff0":163,"c318d350":175,"3a204e56":158,"f1098793":152,"2198ba8e":156,"812b4f15":140,"8cf83787":150,"3e602573":155,"de36827b":180,"27c8e038":175,"1138796e":170,"2d382981":154,"cf84fb54":167,"23080895":152,"5678ed7b":180,"159ffd0b":155,"88a30343":162,"8493f3b2":166,"b5ce0c0c":178,"ea6de194":167,"b7505747":162,"4fd645f1":157,"4def63ee":143,"cc11fef9":171,"92f800f5":168,"4279e829":185,"ffc86f94":141,"751acea8":158,"f4634d0b":166,"6e24d88b":147,"6f81493d":150,"110b1ee3":161,"eafbf9fb":161,"88432019":152,"af157d29":161,"835358a0":152,"884b0ad1":157,"50c3164b":177,"d744bee2":155,"b5763ff6":150,"7028b044":156,"2d13e69b":163,"42cd2360":136,"54d7de6b":183,"91b28f83":164,"5acce642":163,"bd2705b0":170,"0cb80f4a":162,"d0e9a58e":161,"f9c15fcc":155,"31f6d707":179,"b2a8761b":153,"b7407bd3":156,"c382f054":170,"efe84c27":166,"be2955bb":161,"4e3f5178":174,"d548635d":165,"168e75d9":156,"f33c0140":160,"4eed1bea":160,"ccb5ea3e":142,"ab7467de":172,"a0cca8b7":148,"da3437cd":156,"13747b82":169,"aec4e1bf":161,"f94bf9ea":155,"6df0b2e8":179,"17446892":157,"5eaa1581":157,"57d5dee8":168,"9d63c4dd":165,"842c8340":149,"a939b50b":164,"e15fd611":152,"04643409":168,"c6c85783":172,"088feee2":164,"6ee92259":172,"629800eb":173,"6775d5cd":160,"1a442bc7":150,"76f94eda":175,"93b9fae6":153,"ba938220":161,"e4cfef0a":150,"619fda68":192,"0d28db94":151,"9a3ab0b8":161,"6c486702":168,"6c524f99":169,"9b546d65":149,"f2e3c0e3":147,"d5dae4c4":182,"f67de058":165,"2a4a402a":157,"74c26380":180,"ea9bba6b":164,"93ac9ca3":158,"b1f58563":154,"2203f259":170,"5099c6a0":184,"1951480c":146,"6085137f":143,"2c24d929":174,"e6fac295":153,"28d41578":176,"bad6cdb1":135,"04612878":176,"49910300":144,"9fc713b0":174,"06ddafc7":144,"27d8bf51":157,"feb67030":153,"44c77422":163,"c7636527":145,"7043382d":163,"7e76c93c":164,"9bdf362a":162,"30fdcd3b":158,"df2b4d87":151,"655941a0":171,"25776fc4":170,"8db62558":157,"059d6c19":172,"3b690f68":167,"66b7b5b4":156,"58d46189":175,"ac38a6a5":174,"175bc6b2":140,"3f65f121":169,"a77e8461":162,"49902219":185,"affb82bf":172,"6d5fcd4c":158,"2c627253":160,"b947257e":164,"7db3edda":158,"a6626a13":149,"bca2d7cd":153,"f069bb07":153,"778c95e9":157,"195eb771":162,"42cd2360":137,"dc03ebd2":178,"616d6dd6":161,"3c0df8b4":166,"b552beb3":169,"13f0e139":151,"17b08923":160,"a43061ee":149,"e7e82473":183,"2cce4fb2":168,"1b153aef":167,"332820ce":167,"c4aa1e38":139,"5a0ead91":141,"f1862e79":143,"e0e6a097":151,"36fb15d2":179,"685207b3":162,"1a2c020b":165,"c85a0d80":167,"ab7d4c9a":149,"470d50c2":156,"168e75d9":157,"53431634":188,"25e0dd3d":161,"540df50f":160,"03b4ab60":155,"1ed46298":173,"bb8a6337":145,"dc473de1":149,"af034fee":171,"c9efc8f6":157,"1d790491":166,"449d8475":154,"4258c176":157,"79be29c8":152,"04cc7cbe":153,"e0e48a2d":157,"b3f19a69":151,"056ea7ff":175,"e4117b3b":145,"e4c312fe":165,"76f94eda":176,"753ca352":160,"95539a58":154,"b73e789c":152,"c38c2b52":156,"ad303bda":150,"b8488fc8":163,"5623817d":151,"f5cd79c1":165,"1da771fb":165,"9a3cc55d":149,"c318d350":176,"f2470875":174,"695a2b92":150,"1c3a30c5":163,"527ff946":167,"f4b2f575":148,"bda8cdfb":172,"feb67030":154,"a0ce82b4":162,"4dac6b20":138,"3007f31f":148,"913a6226":169,"e21c6207":163,"859545e6":151,"a577db1c":149,"30c5d755":173,"7a9344a4":181,"fce3c5c6":147,"1f11812e":172,"1623fc9f":158,"e62d705f":150,"62d1d346":143,"66497c7e":153,"0f029727":150,"3b690f68":168,"381c68fa":157,"5339e1e9":173,"0670c466":150,"f5596d0f":170,"25a7a0a3":160,"ef8321d8":159,"9de29816":139,"175bc6b2":141,"26c390d6":165,"730338c4":176,"01d817b8":136,"3661e12d":158,"2f455cce":156,"70c1e715":164,"d552eb2f":168,"fb7482fe":159,"d0d6acb1":163,"d78dd457":150,"f67de058":166,"9b546d65":150,"55928ef1":153,"5f96c2bc":160,"c510bfd3":174,"91f7ef72":150,"062179c1":162,"3101354b":140,"6e44927f":158,"da04caac":174,"616d6dd6":162,"28654c76":175,"61f25dd4":183,"5e193fc8":164,"dbc9df44":145,"c0fea118":154,"7f86be64":162,"288d171f":160,"b3863630":158,"0da28f5b":174,"cac4449a":158,"03c398d2":168,"8b2b601d":168,"f044c0e1":157,"6ebe2354":142,"c609739e":162,"b36a0d66":151,"f277386e":140,"2d382981":155,"d9dcdc4b":178,"17807120":159,"f9c15fcc":156,"3310a049":163,"8323d333":149,"868edcc0":175,"608bc832":139,"45b038bb":190,"31f6d707":180,"5acaa06f":132,"a533489b":176,"74e3d13e":164,"af034fee":172,"42c80e69":178,"71279c46":156,"288a2c43":156,"dc473de1":150,"c4bff41f":176,"290b4714":162,"a502c93c":142,"04cc7cbe":154,"7e95c5a0":166,"c0b23081":180,"629800eb":174,"67d30f2b":161,"cf9f4757":150,"8bc04eb5":161,"7a4c064c":172,"7fef9973":162,"9f74b8a4":155,"87cd2add":145,"8fb236a9":149,"016953e4":170,"1da771fb":166,"71ff66e8":162,"6d61bf13":153,"fe1d4419":157,"27f52ed3":187,"6085137f":144,"2a387957":157,"e1f0dbfd":182,"feb67030":155,"8ea21393":143,"40e79dd3":161,"c8dc010f":167,"92136ff5":159,"6490bac6":155,"08a06557":187,"b5ce0c0c":179,"c1bdfd41":154,"4777334c":159,"a81a857c":151,"3fdb08f5":160,"5ccf94d6":157,"b320feb9":168,"19e9776f":156,"ce3407dd":158,"ccf8b803":166,"91d52a55":159,"36684155":168,"99e171db":158,"d957f027":156,"172217e5":173,"a63bddd4":199,"fd6dcb20":159,"a77e8461":163,"2cb29e5a":167,"2d54e0a8":161,"6d5fcd4c":159,"d0d6acb1":164,"21ee2afe":168,"911e770b":170,"22234d6b":168,"50c3164b":178,"d552eb2f":169,"383e232d":161,"ca6d2d91":161,"0d5ee801":155,"1a2ec5d7":181,"31408822":154,"be40590d":172,"f598a332":151,"a4296d1e":156,"dcf85091":147,"972f4174":170,"288d171f":161,"dfcc2ad1":184,"478d2d4f":177,"11b2c8d9":155,"e5b1abc6":154,"30c184b8":160,"db8ba455":161,"6a7392d5":145,"6e44927f":159,"7af262e5":178,"00a481e3":170,"781ace7d":159,"fe44fc6f":152,"5ef93e5d":144,"43bc86e3":159,"d8475b95":128,"a0b03218":162,"03dcfa3d":161,"66554572":133,"b7df1559":162,"01cd8099":163,"b552beb3":170,"48655f09":197,"07fc4a9a":172,"d0c0fc08":142,"32c9fc47":165,"87922532":184,"5acaa06f":133,"6c73ae98":137,"6f0fcb9d":168,"b2703001":169,"c7c4ec5c":146,"f5829ac0":171,"4ac6bd4e":151,"e0e6a097":152,"8f2a7d69":159,"af034fee":173,"288a2c43":157,"8cddb65e":163,"a2c334e7":177,"725dce8b":169,"5a734022":147,"ba586505":167,"9cb4697f":176,"88ce179e":175,"bec9d329":176,"a502c93c":143,"7fb4c521":162,"4f59a322":165,"6b82b527":165,"10ec5a0b":146,"e6ec8cbf":171,"619fda68":193,"ba938220":162,"6034b6d0":167,"597c1f81":162,"a77e127d":144,"e238f09b":173,"c318d350":177,"8dc9b4db":170,"71ff66e8":163,"93ac9ca3":159,"09f0db62":188,"c4feee5b":156,"1e232870":167,"72b84094":191,"e2a7d915":141,"cd421290":156,"4e5aaaec":144,"21e10a2b":158,"7bebff03":152,"2209903e":168,"e1571af7":159,"d141db49":162,"4def63ee":144,"04ea5673":166,"62d1d346":144,"aec4e1bf":162,"2a387957":158,"1b881e6e":162,"d5557fb4":164,"47d27624":148,"48efc739":182,"44a4f7cd":167,"84369269":141,"12dd6f5e":144,"30dd2edc":161,"2cb29e5a":168,"0d2a1c58":160,"a6626a13":150,"21ee2afe":169,"f67de058":167,"478d2d4f":178,"2a76f1dd":147,"f2e3c0e3":148,"781ace7d":160,"ba5c52af":156,"a5fd8ffd":165,"f5e8dfee":169,"2dd0e808":155,"11b2c8d9":156,"52eca0dc":163,"7c0a2db6":159,"345c9967":151,"7ae34c64":155,"742f1425":170,"a43061ee":150,"cf52025e":159,"ad8f85d6":173,"0be540c5":172,"bbe71605":146,"27c8e038":176,"6585adbe":137,"1138796e":171,"b4fdf90e":172,"73b15e04":160,"8d753bb6":162,"67f6e4f2":145,"6db0ea86":153,"64a7f79f":169,"489a39f7":158,"1bd5b20b":172,"8c6e001f":135,"95f6db13":163,"3a1b9af5":163,"02d4753e":184,"2a06ab95":176,"546f6845":162,"a63bddd4":200,"1f7607df":149,"d9f512b9":167,"ffc86f94":142,"3b690f68":169,"74f234c6":193,"30dbfc69":160,"655941a0":172,"26ed1a5c":161,"381c68fa":158,"93683c82":162,"288d171f":162,"315537b2":170,"272c7672":169,"5a07fc2e":143,"3c6692a3":181,"aec4e1bf":163,"5a734022":148,"03b4ab60":156,"227006e4":159,"6867261a":165,"74e3d13e":165,"47cfba38":147,"6c20c153":161,"11b74e63":152,"6ee92259":173,"290b4714":163,"8ac72326":163,"6841f77e":175,"c803b4a3":164,"a502c93c":144,"d5059415":157,"d815c5b4":188,"6a5b71b4":158,"7a840529":155,"7218c9f1":145,"ad303bda":151,"d1676e89":166,"f5cd79c1":166,"1a2c020b":166,"7f86be64":163,"d34a29b9":172,"c382f054":171,"efe84c27":167,"f33c0140":161,"4e5aaaec":145,"93e8cee5":181,"a0cca8b7":149,"8f9b74b0":158,"d25e0f8d":188,"7bebff03":153,"a851554d":165,"c0b0f492":176,"6e98dfda":165,"d957f027":157,"815e4582":176,"44a4f7cd":168,"cb6c9e42":184,"d5557fb4":165,"1d790491":167,"affb82bf":173,"8547fbc2":156,"f2f58418":146,"09560615":138,"3f65f121":170,"2cb29e5a":169,"eeaa2d46":175,"84b67924":164,"7e991ab9":130,"de6213c7":155,"af0b61ab":166,"22234d6b":169,"fb7482fe":160,"b8488fc8":164,"78b97937":175,"fef750ca":165,"c1bb74f2":157,"7896b953":169,"c510bfd3":175,"8063df14":169,"abc1d7ad":180,"b102f7bd":172,"d9d0c567":165,"95904ac4":174,"731fc335":141,"a5fd8ffd":166,"49cb2959":171,"c793cdda":161,"c7636527":146,"30c5d755":174,"49b358bd":167,"059d6c19":173,"259930ee":165,"f883d582":150,"d6f0d94a":153,"902f49f5":160,"20e470e0":145,"868cda42":162,"d70ca4f4":171,"c3e6ef01":159,"1e7753d9":169,"2c5c1dc0":152,"0b3283c9":165,"3c43e8a2":174,"016953e4":171,"6d61bf13":154,"eed20185":176,"88a30343":163,"cf50e84e":150,"e6fac295":154,"458dcc3d":176,"d9dcdc4b":179,"7732eb1e":178,"dd1fcb17":151,"34658473":150,"868edcc0":176,"08a4c3f8":171,"13f0e139":152,"8298e976":173,"d8475b95":129,"4f5e3e7d":151,"c27969ec":153,"2d1e1e9d":159,"a533489b":177,"5a0ead91":142,"336d0f08":173,"6585adbe":138,"9b3f8714":163,"c4bff41f":177,"72805bf5":156,"1a442bc7":151,"5acce642":164,"7e95c5a0":167,"4652b09a":174,"a502c93c":145,"869cbaa0":172,"619fda68":194,"2882a956":160,"87cd2add":146,"bec9d329":177,"77bfed7e":164,"e4117b3b":146,"af7e5be8":159,"e4cfef0a":151,"6867261a":166,"031e488e":165,"17446892":158,"e45b4b53":150,"971675c5":170,"06ee61b6":143,"efe84c27":168,"f33c0140":162,"4c4aa2e2":155,"77300e4a":141,"79f04300":165,"f3992a31":173,"9a80f004":160,"0149e11a":143,"c650b434":167,"547903ef":164,"5c82d1ce":160,"7bebff03":154,"b6ee137a":160,"6df0b2e8":180,"36684155":169,"394dc144":154,"d957f027":158,"8ec3834d":172,"6adce358":177,"5d087c79":157,"91d52a55":160,"fd6dcb20":160,"d3e84616":168,"0277d748":169,"21ee2afe":170,"9de29816":140,"af157d29":162,"175bc6b2":142,"26c390d6":166,"70c1e715":165,"8063df14":170,"d78dd457":151,"e35a63cd":166,"a59a8290":166
1604737624676,"fb7b7b3c":184,"014bdff0":164,"8e4c33d2":158,"19f9ca86":166,"1da771fb":167,"59431390":158,"8eb64769":169,"e7e82473":184,"1c3a30c5":164,"0eaf08da":160,"95bc84f1":145,"7732eb1e":179,"ac62fac2":175,"6291e9e9":170,"812b4f15":141,"8f2a7d69":160,"c6e3d352":161,"4ff2225d":152,"d0e9a58e":162,"87922532":185,"7a6aa4b6":162,"e81834aa":184,"06073f13":180,"5a0ead91":143,"336d0f08":174,"de11eb19":171,"e1571af7":160,"e5d3655c":180,"259930ee":166,"638cb163":183,"4def63ee":145,"5f620a1e":165,"d6f0d94a":154,"059d6c19":174,"0d5ee801":156,"66497c7e":154,"ddec9e54":159,"5cd3cfe0":153,"5ccf94d6":158,"f1b493de":182,"263762cb":148,"f5cd79c1":167,"0b3283c9":166,"eda6a690":149,"dc583e64":170,"016953e4":172,"c318d350":178,"92ca52b7":171,"906fdec3":151,"1105f790":186,"db8ba455":162,"8721056e":148,"abc1d7ad":181,"731fc335":142,"a472532e":144,"65e4235b":162,"91f7ef72":151,"04612878":177,"0114160e":155,"a24e6670":163,"cbad3b92":189,"8b2b601d":169,"a0bc1ceb":159,"88a30343":164,"12271e14":176,"1b153aef":168,"06ddafc7":145,"0eaf08da":161,"c4aa1e38":140,"1438fad7":162,"a543ec74":145,"3652bd66":164,"26009d3f":147,"a0b03218":163,"db0a661e":152,"f1862e79":144,"9b742f71":157,"e7abc88d":152,"06ee61b6":144,"501db4de":164,"d548635d":166,"4c4aa2e2":156,"6fb4cdda":176,"cd421290":157,"e2cbe594":165,"ecfa8249":173,"53747a91":153,"3ef7432b":172,"51c57542":167,"5c82d1ce":161,"5f8517b7":183,"ea274174":163,"2c627253":161,"884b0ad1":158,"4652b09a":175,"124fbe96":146,"ad2d7bed":170,"c8113b77":153,"b3f19a69":152,"00cf385d":173,"c38c2b52":157,"ac030e74":154,"d83870f5":157,"ad303bda":152,"95d331b1":151,"b73e789c":153,"0bfabf48":148,"cb142908":147,"ca7d47f7":169,"b5ce0c0c":180,"2045d7d6":155,"ce3bf5db":160,"aa021138":181,"fce3c5c6":148,"d9f512b9":168,"cc11fef9":172,"cf1124db":145,"c2bb8aae":157,"40a745c0":166,"19e9776f":157,"1a2ec5d7":182,"467773ac":152,"5b60dd1d":163,"bca2d7cd":154,"f271ed5d":163,"22234d6b":170,"deb31f35":167,"5e09f69e":191,"c564e316":167,"0b3283c9":167,"6c524f99":170,"8007f30e":140,"a567ace4":164,"4c0e547b":171,"55928ef1":154,"c6dc900c":136,"8063df14":171,"e865e4dd":156,"52eca0dc":164,"da04caac":175,"6023df54":157,"6e44927f":160,"c91966ce":153,"d9a64845":161,"f1dffa24":141,"004f1ef3":195,"1951480c":147,"77d35808":143,"f1098793":153,"74e01f6a":157,"4945c851":173,"b2bd8fd3":150,"95f6db13":164,"946df4fd":186,"69f3bfcc":159,"01cd8099":164,"cfe72ead":154,"2cce4fb2":169,"a43061ee":151,"82b81567":143,"95bc84f1":146,"bad6cdb1":136,"761cf820":171,"b84a06eb":162,"c4feee5b":157,"a3253019":150,"5e193fc8":165,"e1618359":164,"9f2b16a7":179,"f3992a31":174,"c7313e0a":172,"72b84094":192,"e1f0dbfd":183,"93e8cee5":182,"4e5aaaec":146,"5fa12feb":167,"c45d554f":169,"07107f6e":165,"e0e6a097":153,"17b08923":161,"50312237":165,"0ac825ed":166,"b4fdf90e":173,"32133249":169,"57d5dee8":169,"b7cc7909":171,"60d6cee2":160,"2ab62345":150,"f66616b7":163,"5d087c79":158,"d1fe2868":175,"ccf8b803":167,"37fbb107":169,"1d790491":168,"f4b2f575":149,"217c0327":144,"8dd2684c":163,"4d35385e":157,"ac38a6a5":175,"f3d68430":171,"f87c5031":164,"6cba74ce":147,"b3f19a69":153,"124fbe96":147,"7ee7621c":162,"e57d5cda":157,"51a3e9c2":158,"67c57de4":181,"d39724bc":152,"0785820e":160,"6c20c153":162,"cf9f4757":151,"ef91eaae":144,"5b5fc566":161,"619fda68":195,"a85d89cc":163,"014460b9":184,"49b358bd":168,"638cb163":184,"2af60749":163,"9e65c0ef":160,"2045d7d6":156,"859545e6":152,"a68a93b2":156,"6f81493d":151,"0c0e98ea":152,"20e470e0":146,"906632cb":171,"5272520d":167,"f4634d0b":167,"8657c79d":165,"284544ba":154,"6751d8e4":168,"2180f99b":158,"92efd84f":163,"2d13e69b":164,"730338c4":177,"2a76f1dd":148,"9a07d89b":153,"dfcc2ad1":185,"2bcca6a7":175,"9d023afb":159,"c6dc900c":137,"7af262e5":179,"f905a555":150,"3c0df8b4":167,"a5676c24":164,"a15713c6":179,"b2cfdbcf":154,"00a481e3":171,"345c9967":152,"1da771fb":168,"3a204e56":159,"5781776a":162,"fb7b7b3c":185,"e238f09b":174,"27f52ed3":188,"9a3cc55d":150,"0da28f5b":175,"1a2c020b":167,"5be594be":159,"a3253019":151,"0a92153e":161,"a836aa93":152,"470d50c2":157,"261c9911":173,"c455f40e":149,"8f9b74b0":159,"a0b03218":164,"a6bcb07e":165,"b460f030":188,"f5829ac0":172,"0eaf08da":162,"0d2c95fe":162,"8323d333":150,"12271e14":177,"f277386e":141,"db0a661e":153,"cf52025e":160,"cf50e84e":151,"6f0fcb9d":169,"8298e976":174,"6ebe2354":143,"d33790a2":195,"9fc713b0":175,"b7407bd3":157,"820225e4":134,"0ac825ed":167,"5f8517b7":184,"0d770b97":160,"d39724bc":153,"5b5fc566":162,"6775d5cd":161,"91536e85":169,"f0a06216":164,"76f94eda":177,"95d331b1":152,"c803b4a3":165,"ae99df30":152,"cb142908":148,"abd32136":166,"9fce073c":155,"619fda68":196,"162a7348":158,"57d5dee8":170,"76f3a3be":164,"5a734022":149,"031e488e":166,"5eaa1581":158,"17446892":159,"2a387957":159,"84369269":142,"97e75c19":168,"a983a6dc":148,"77f31bab":174,"9d9dd9e5":157,"794f652b":178,"217c0327":145,"f2f58418":147,"ef8321d8":160,"4e5aaaec":147,"51c57542":168,"201cafad":160,"77898c22":135,"638cb163":185,"49b358bd":169,"5f620a1e":166,"5ab7bc35":164,"b7505747":163,"259930ee":167,"ffc86f94":143,"906632cb":172,"655941a0":173,"c8977844":159,"1a2ec5d7":183,"74f234c6":194,"430a5db5":165,"26ed1a5c":162,"865d9857":152,"21ee2afe":171,"30dd2edc":162,"09560615":139,"2c01e624":156,"22234d6b":171,"d552eb2f":170,"c0e2624b":155,"9ab755d3":152,"fb7482fe":161,"72d7b461":173,"1745a0f4":164,"6c486702":169,"b102f7bd":173,"733c86f8":167,"0f89862c":139,"e5b1abc6":155,"cfafcda8":153,"2dd0e808":156,"731fc335":143,"195eb771":163,"c91966ce":154,"42cd2360":138,"012de09c":156,"45b5746e":160,"ea9bba6b":165,"3e082b37":149,"93ac9ca3":160,"8dd649a3":157,"e238f09b":175,"eda6a690":150,"e45b4b53":151,"f598a332":152,"b3863630":159,"f33c0140":163,"ebdbf580":167,"e0154608":164,"972f4174":171,"c4feee5b":158,"8cf83787":151,"8aa78e2f":153,"ae8a09c4":163,"6d802fa2":146,"a5aee5de":187,"1c3a30c5":165,"cfe72ead":155,"2d1e1e9d":160,"e6fac295":155,"5678ed7b":181,"4ea4a2a1":171,"26009d3f":148,"73b15e04":161,"db0a661e":154,"4febf7c5":162,"677c6a09":182,"5b5fc566":163,"04cc7cbe":155,"e382ec3f":149,"ba586505":168,"cf9f4757":152,"8bc04eb5":162,"95539a58":155,"a502c93c":146,"af7e5be8":160,"ea274174":164,"045f280d":165,"01cd8099":165,"358e45b1":153,"fe0df575":166,"6585adbe":139,"ed4fad08":171,"8d04852b":158,"0681c48e":175,"a2c334e7":178,"031e488e":167,"e4714415":178,"57d5dee8":171,"31d74eee":152,"0670c466":151,"d957f027":159,"1634789b":155,"bad1a1cc":159,"97e75c19":169,"8a52882e":164,"40e79dd3":162,"4e5aaaec":148,"c455f40e":150,"4dac6b20":139,"6bc5d32a":179,"e21c6207":164,"07107f6e":166,"1623fc9f":159,"aa021138":182,"4fd645f1":158,"24ffcbd3":179,"74f234c6":195,"bb98a6cf":183,"2af60749":164,"e62d705f":151,"ce3bf5db":161,"c8fcad77":150,"8db62558":158,"d70ca4f4":172,"db703021":155,"869cbaa0":173,"b9be31d6":174,"d2466211":176,"91536e85":170,"be3a10f8":180,"2352c8ef":165,"2a76f1dd":149,"30c184b8":161,"8b5a8e9f":169,"0f89862c":140,"5f4102da":171,"aa76bc50":134,"71e53c93":165,"7896b953":170,"175bc6b2":143,"2dda3936":152,"ef8321d8":161,"865d9857":153,"f5596d0f":171,"9c045c61":166,"12012fbd":148,"92efd84f":164,"70bc8325":157,"2d13e69b":165,"272c7672":170,"98915a1f":144,"7028b044":157,"2c01e624":157,"b1f58563":155,"e238f09b":176,"27f52ed3":189,"5623817d":152,"6ce84ff8":145,"e7773397":147,"2203f259":171,"be40590d":173,"754f98c9":172,"470d50c2":158,"c7313e0a":173,"90a06ee9":162,"104721f0":168,"c21ab51e":142,"0da28f5b":176,"a24e6670":164,"9b3f8714":164,"725dce8b":170,"b7cc7909":172,"61d4782d":159,"60d6cee2":161,"a47abfbb":148,"5a734022":150,"23760167":162,"17807120":160,"6e44927f":161,"ae016053":185,"56473430":177,"fafb4cc2":205,"d83870f5":158,"f56ac638":145,"d39724bc":154,"e6ec8cbf":172,"5eab91a0":174,"7ae3fc50":150,"54a676d6":154,"742f1425":171,"358e45b1":154,"b552beb3":171,"03dcfa3d":162,"de11eb19":172,"a43061ee":152,"06ddafc7":146,"40569362":178,"2c24d929":175,"28d41578":177,"1bd5b20b":173,"489a39f7":159,"3e602573":156,"7a2f3f06":153,"ad8f85d6":174,"8298e976":175,"9e878ec2":172,"51c57542":169,"27d8bf51":158,"ab7467de":173,"5a622a23":160,"4295ce9a":161,"6bc5d32a":180,"0a96f57a":167,"e786063b":174,"ea6de194":168,"7043382d":164,"4577b333":166,"a577db1c":150,"92f800f5":169,"c015ec5a":162,"b8ab8e6e":154,"a939b50b":165,"8ec3834d":173,"2b3e4717":166,"5a0eb771":155,"22176537":155,"3454fa2b":149,"9d9dd9e5":158,"9a467a82":165,"12012fbd":149,"dd7acb96":170,"172217e5":174,"d0d6acb1":165,"d6320619":151,"4bcd4a30":167,"0e036ae9":179,"6a3eaf43":175,"e58b26f6":174,"ef1c2dcb":159,"2180f99b":159,"c8113b77":154,"a502c93c":147,"67c57de4":182,"e356abf1":166,"d7cb9bcf":151,"b9be31d6":175,"6f39f4d9":173,"7218c9f1":146,"43d87483":165,"f67de058":168,"9a3ab0b8":162,"9b546d65":151,"e35a63cd":167,"be3a10f8":181,"cd522166":177,"831c7b85":159,"9a3cc55d":151,"004f1ef3":196,"fe1d4419":158,"6b79fec2":159,"317c1591":174,"a4f1d83b":151,"1f11812e":173,"381c68fa":159,"0c043224":175,"4360a1a3":175,"bb98a6cf":184,"cf1124db":146,"a40846b7":168,"c7ab83c1":147,"aa9ea5e8":149,"227006e4":160,"081460bf":164,"31f6ba51":151,"5f6613c8":153,"af034fee":174,"b7cc7909":173,"012de09c":157,"313258f2":171,"65e4235b":163,"49cb2959":172,"95904ac4":175,"56473430":178,"08a561b7":162,"95d331b1":153,"8cf83787":152,"4ff2225d":153,"064a99c8":164,"b7407bd3":158,"87ce8d1d":143,"6291e9e9":171,"9e878ec2":173,"73b15e04":162,"06ddafc7":147,"d33790a2":196,"24d24fa3":148,"5acaa06f":134,"d6db2b02":172,"554ebb83":170,"f044c0e1":158,"dfc89705":171,"26009d3f":149,"6585adbe":140,"a0bc1ceb":160,"b7df1559":163,"b35e9e1a":193,"a836aa93":153,"80a8a56d":159,"bd984a8e":152,"6b78ad7f":164,"9f2b16a7":180,"9267f0ef":176,"1e232870":168,"d25e0f8d":189,"a0cca8b7":150,"547903ef":165,"53747a91":154,"9d0546ac":147,"f734c84c":182,"6bc5d32a":181,"df2b4d87":152,"49b358bd":170,"d9d7c4c2":168,"f2364460":157,"97e75c19":170,"25d1b2d8":168,"1a0189c4":158,"394dc144":155,"650bb0e0":153,"a1921150":174,"12dd6f5e":145,"558d5ce7":162,"8cc4a982":174,"f2ca27d9":180,"22ecaed0":160,"0fc5ac7e":184,"546f6845":163,"6d339d45":137,"fd369c21":172,"2d13e69b":166,"2c01e624":158,"e58b26f6":175,"2d54e0a8":162,"ef1c2dcb":160,"4b125e7b":161,"ad2d7bed":171,"6775d5cd":162,"629800eb":175,"7f6d1d0e":166,"76f94eda":178,"1757a30e":151,"d4d5f466":156,"d7cb9bcf":152,"f7231212":149,"87083264":176,"cc5a1d47":157,"7e95c5a0":168,"afe8e06a":142,"e35a63cd":168,"30c184b8":162,"f67de058":169,"a567ace4":165,"5ab7bc35":165,"4fd645f1":159,"ce3bf5db":162,"caddd0a7":172,"3b690f68":170,"b7434f57":130,"cf1124db":147,"7a9344a4":182,"6e24d88b":148,"30d84dce":144,"026766f3":160,"c0b7e7d7":150,"77d35808":144,"e7773397":148,"e238f09b":177,"b1f58563":156,"e45b4b53":152,"578f6e9e":169,"47cfba38":148,"5a734022":151,"8cddb65e":164,"5f6613c8":154,"64db4feb":182,"e9a8cf11":165,"42c80e69":179,"dd3913d2":153,"50b558a7":147,"da04caac":176,"61145ec9":171,"810aa5e9":172,"a0cf08b3":131,"1d44aff3":170,"cf1b8c47":172,"537634c9":138,"6a60348e":156,"de36827b":181,"69f3bfcc":160,"de11eb19":173,"e8d74304":154,"9260d96b":187,"4945c851":174,"f9c15fcc":157,"87922532":186,"4ff2225d":154,"fb44fa9c":170,"9263c525":165,"01cd8099":166,"eed20185":177,"95bc84f1":147,"5f8517b7":185,"e0e6a097":154,"a636f4c9":175,"45b038bb":191,"6be9332a":143,"f598a332":153,"e1618359":165,"34c5c729":157,"0dad37d5":166,"ab7d4c9a":150,"e7abc88d":153,"104721f0":169,"debe1f65":160,"fb8bfb36":172,"5a622a23":161,"53747a91":155,"6bc5d32a":182,"4e5aaaec":149,"df81ddee":149,"ac62fac2":176,"5b5fc566":164,"3b2dee89":161,"1c0a9eff":150,"93b0a158":176,"d2466211":177,"76f94eda":179,"e0e48a2d":158,"30b6808c":150,"11b74e63":153,"8ac72326":164,"ba586505":169,"b73e789c":154,"385ab7c6":164,"95539a58":156,"23760167":163,"088feee2":165,"a939b50b":166,"47d27624":149,"04643409":169,"84369269":143,"b88033fd":170,"2cb29e5a":170,"f5596d0f":172,"bc021def":167,"175bc6b2":144,"d2a841c9":158,"272c7672":171,"3f65f121":171,"af0b61ab":167,"98915a1f":145,"9de29816":141,"9ab755d3":153,"de6213c7":156,"a625328f":169,"f271ed5d":164,"c0b0f492":177,"0a2f71bc":150,"75ffea08":162,"7e76c93c":165,"e32524d6":156,"8f13c203":155,"dac109cf":159,"19e9776f":158,"751bcf25":153,"20e470e0":147,"cf1124db":148,"ddec9e54":160,"56d315d8":144,"25635c37":146,"f5cd79c1":168,"9a3cc55d":152,"8dd649a3":158,"014bdff0":165,"19f9ca86":167,"7af9d3b1":160,"17446892":160,"1ed46298":174,"5a734022":152,"5ac86fb9":168,"8dc9b4db":171,"6c524f99":171,"19551bad":150,"733c86f8":168,"8721056e":149,"c91966ce":155,"d5dae4c4":183,"13b53c7a":155,"33d6bb6a":156,"5f0c1b9d":167,"7ae34c64":156,"50b558a7":148,"8a165e17":169,"b2cfdbcf":155,"7c0a2db6":160,"411b5027":147,"1b153aef":169,"c27969ec":154,"1db42092":168,"6d802fa2":147,"c6e3d352":162,"6585adbe":141,"45fb95c1":162,"4ea4a2a1":172,"aefe13f5":170,"332820ce":168,"05642105":164,"0eaf08da":163,"5cd3cfe0":154,"e1618359":166,"90a06ee9":163,"fe578280":155,"d34a29b9":173,"77300e4a":142,"5c82d1ce":162,"168e75d9":158,"d25e0f8d":190,"4b4ecbce":142,"26dd2000":180,"40e79dd3":163,"51c57542":170,"e21c6207":165,"25e0dd3d":162,"ac62fac2":177,"a4dafea5":161,"761cf820":172,"9c58dd76":166,"7732eb1e":180,"cfe72ead":156,"36fb15d2":180,"99d130c9":171,"bfcb912a":162,"af034fee":175,"bda8cdfb":173,"97e75c19":171,"36684155":170,"1a0189c4":159,"f66616b7":164,"650bb0e0":154,"50d129cf":148,"12dd6f5e":146,"d2a841c9":159,"6cba74ce":148,"315537b2":171,"084cbc0b":155,"70bc8325":158,"affb82bf":174,"d6320619":152,"5747db6e":172,"9e206c95":183,"f271ed5d":165,"9ab755d3":154,"ea822700":160,"508aac3d":173,"e0e48a2d":159,"b3f19a69":154,"07f98660":167,"f0a06216":165,"10ec5a0b":147,"4258c176":158,"ae95f2ba":182,"d4d5f466":157,"7e95c5a0":169,"d83870f5":159,"ef14000f":180,"aa187e3b":160,"a85d89cc":164,"d5059415":158,"37a7d5b0":160,"9bdf362a":163,"c7636527":147,"44c77422":164,"0b959527":155,"92f800f5":170,"fbdffc95":152,"94a2fe10":178,"381c68fa":160,"6e24d88b":149,"3b690f68":171,"751bcf25":154,"20e470e0":148,"dae0f922":164,"8e4c33d2":159,"f5cd79c1":169,"95d3d348":147,"5e09f69e":192,"5ac86fb9":169,"51f80f4c":181,"3e082b37":150,"c95719e5":152,"22aeaf03":162,"39bbc4bc":174,"78467b8a":172,"a0685bf3":182,"6c524f99":172,"70ee0491":151,"6a7392d5":146,"c6dc900c":138,"fe8f3d36":159,"95904ac4":176,"45b5746e":161,"616d6dd6":163,"6023df54":158,"00a481e3":172,"aa867541":152,"345c9967":153,"b2c25d1c":153,"c7313e0a":174,"470d50c2":159,"efe84c27":169,"655954ba":155,"a836aa93":154,"36380d96":167,"51c57542":171,"2ad42a9e":182,"2209903e":169,"92136ff5":160,"88a30343":165,"d0e9a58e":163,"1438fad7":163,"4febf7c5":163,"6f0fcb9d":170,"1138796e":172,"0eaf08da":164,"868edcc0":177,"45b038bb":192,"95bc84f1":148,"4cc141fa":138,"a533489b":178,"8d753bb6":163,"1bd5b20b":174,"8eb64769":170,"792c9b6a":155,"35b58ef9":148,"d36125db":167,"2e99f8fd":151,"87922532":187,"6be9332a":144,"8d04852b":159,"031e488e":168,"9f5e6cba":177,"e4714415":179,"31d74eee":153,"5f7d7195":161,"f2364460":158,"1634789b":156,"d5557fb4":166,"1d790491":169,"bad1a1cc":160,"f2f58418":148,"7080f122":156,"ccdd1ce6":160,"1d153b20":168,"272c7672":172,"21ee2afe":172,"af0b61ab":168,"2c01e624":159,"ec2cb1af":169,"fd07e0ed":165,"09560615":140,"6841f77e":176,"d39724bc":155,"7fb4c521":163,"a502c93c":148,"cf9f4757":153,"6ee92259":174,"7218c9f1":147,"67d30f2b":162,"597c1f81":163,"bf30a08f":178,"b73e789c":155,"d4d5f466":158,"8ac72326":165
1604737626463,"1dad0f99":152,"82204d54":153,"0042f6eb":152,"fe8f3d36":160,"eebc8d43":165,"78467b8a":173,"c6dc900c":139,"9b546d65":152,"a901627e":154,"0a1d11e6":155,"21e10a2b":159,"7bebff03":155,"da3437cd":157,"df2b4d87":153,"c4e70c07":153,"d6f0d94a":155,"28d40296":129,"b5ce0c0c":181,"57167c74":150,"2af60749":165,"cc11fef9":173,"4ee62a26":153,"1e7753d9":170,"a4f1d83b":152,"19e9776f":159,"751acea8":159,"0c0e98ea":153,"5f0c1b9d":168,"8db5a165":148,"aa76bc50":135,"43bc86e3":160,"dd035d2a":158,"884b0ad1":159,"f56ac638":146,"0a92153e":162,"e0154608":165,"69134f07":153,"a4296d1e":157,"c4feee5b":159,"f33c0140":164,"bd984a8e":153,"11b74e63":154,"597c1f81":164,"4258c176":159,"ad303bda":153,"cb4f262b":148,"88ce179e":176,"7fb4c521":164,"abd32136":167,"a502c93c":149,"bb00e71c":148,"cb142908":149,"6f39f4d9":174,"a06a6430":169,"2f455cce":157,"d744bee2":156,"733c86f8":169,"c463799d":165,"dc0c8b09":178,"bd62d7ed":154,"05f6ab35":168,"33d6bb6a":157,"f67de058":170,"4295ce9a":162,"53747a91":156,"85de05f2":157,"7b6a7048":164,"c455f40e":151,"7bebff03":156,"8f9b74b0":160,"d6f0d94a":156,"259930ee":168,"62d1d346":145,"0f029727":151,"859545e6":153,"d9d7c4c2":169,"ca7d47f7":170,"4360a1a3":176,"19e9776f":160,"751bcf25":155,"381c68fa":161,"7a9344a4":183,"026766f3":161,"902f49f5":161,"8a165e17":170,"fd482491":185,"49cb2959":173,"8db5a165":149,"313258f2":172,"91f7ef72":152,"781ace7d":161,"bc3dc66a":165,"9b3f8714":165,"51f80f4c":182,"5f6613c8":155,"031e488e":169,"71a2a493":131,"bfcb912a":163,"842c8340":150,"ccf8b803":168,"9d9dd9e5":159,"4ed01268":151,"36684155":171,"650bb0e0":155,"aff8e442":167,"a63bddd4":201,"9a467a82":166,"53a8613c":178,"175bc6b2":145,"26c390d6":167,"09560615":141,"e7abc88d":154,"4e3f5178":175,"5be594be":160,"dbc9df44":146,"2e3503e4":176,"ebdbf580":168,"5e193fc8":166,"04bef50c":138,"7f6d1d0e":167,"3c43e8a2":175,"8dc9b4db":172,"d599b566":175,"9a3cc55d":153,"695a2b92":151,"22aeaf03":163,"f6fe095d":168,"06ddafc7":148,"aa187e3b":161,"f7231212":150,"b0869206":167,"7735c3c2":158,"95539a58":157,"7a840529":156,"04cc7cbe":156,"2ce1af05":143,"51a3e9c2":159,"30b6808c":151,"597c1f81":165,"53b4e647":161,"835358a0":153,"36d340f2":140,"e9adbe58":161,"6e851762":153,"b7832271":176,"b947257e":165,"0bd93cfd":130,"84b767be":187,"a59a8290":167,"478d2d4f":179,"13b53c7a":156,"2352c8ef":166,"fead11cf":162,"6c486702":170,"53747a91":157,"fb8bfb36":173,"bc09fa9e":162,"913a6226":170,"ab7467de":174,"5a622a23":162,"805534ac":172,"62d1d346":146,"c7636527":148,"37a7d5b0":161,"7e76c93c":166,"cc6bbe45":158,"ce3bf5db":163,"2154b6e8":153,"0c043224":176,"0d5ee801":157,"026766f3":162,"6e24d88b":150,"751bcf25":156,"0e2b5d2f":165,"792c9b6a":156,"820225e4":135,"4febf7c5":164,"3a1b9af5":164,"a8871ddf":147,"50312237":166,"32c9fc47":166,"d8475b95":130,"b2703001":170,"74e01f6a":158,"c7c4ec5c":147,"bad6cdb1":137,"b35e9e1a":194,"0114160e":156,"c6e3d352":163,"54a676d6":155,"8d000d6e":155,"d0c0fc08":143,"56752a4a":155,"ae8a09c4":164,"a901627e":155,"0a1d11e6":156,"a851891c":155,"d8e58a8c":175,"69eeae0d":148,"b2cfdbcf":156,"4abb7aed":158,"68562193":163,"2ab62345":151,"3a1d1632":136,"288a2c43":158,"540df50f":161,"deb31f35":168,"5774ac0d":171,"254cc28c":165,"ce3407dd":159,"36b7003c":189,"394dc144":156,"7e15f8e8":171,"23760167":164,"77f31bab":175,"7cd0ad7b":168,"cd3bbe7e":162,"7f86be64":164,"b215547b":153,"9b172ca8":144,"c7313e0a":175,"c4feee5b":160,"c5b35e4d":151,"1951480c":148,"c564e316":168,"095ab3b4":164,"836701f6":160,"695a2b92":152,"82868763":154,"437fc3ec":176,"e382ec3f":150,"7f6d1d0e":168,"95d331b1":154,"a6b5e869":166,"f1df62b4":171,"bec9d329":178,"053f3451":157,"ee21ad02":180,"cc5a1d47":158,"e4c312fe":166,"619fda68":197,"d2466211":178,"c8113b77":155,"2cb29e5a":171,"865d9857":154,"53a8613c":179,"9de29816":142,"b5763ff6":151,"88432019":153,"3062379b":154,"623c6a31":181,"92efd84f":165,"2dda3936":153,"0fc5ac7e":185,"d0d6acb1":166,"fb7482fe":162,"de6213c7":157,"ac030e74":155,"4c0e547b":172,"b8488fc8":165,"8f10fa42":194,"7fdc2007":148,"1a68160d":164,"93e8cee5":183,"9a80f004":161,"bc09fa9e":163,"da3437cd":158,"6490bac6":156,"7bebff03":157,"c650b434":168,"2154b6e8":154,"4c39240e":174,"d9d7c4c2":170,"2045d7d6":157,"638cb163":186,"92f800f5":171,"62d1d346":147,"30fdcd3b":159,"20e470e0":149,"7bda83dd":151,"6c486702":171,"fe8f3d36":161,"90731976":152,"49910300":145,"4b3e3b1c":168,"0b5a0408":172,"9fc713b0":176,"cf50e84e":152,"8323d333":151,"4cc141fa":139,"159ffd0b":156,"288afc30":166,"1be05c14":170,"67f6e4f2":146,"cac4449a":159,"358e45b1":155,"64a7f79f":170,"f1862e79":145,"eed20185":178,"dfc89705":172,"3d1af513":174,"4ba6eb36":155,"8eb64769":171,"5f96c2bc":161,"f905a555":151,"fd482491":186,"6023df54":159,"cf1b8c47":173,"6867261a":167,"bc3dc66a":166,"b7cc7909":174,"40860a4b":141,"aec4e1bf":164,"71279c46":157,"57d5dee8":172,"5d087c79":159,"77bae750":156,"50d129cf":149,"b8ab8e6e":155,"9d63c4dd":166,"254cc28c":166,"731fc335":144,"d9a64845":162,"1e191c98":143,"66497c7e":155,"059d6c19":175,"1e7753d9":171,"f1b493de":183,"06ee61b6":145,"93ac9ca3":161,"c564e316":169,"09ff339a":139,"3f2522c2":170,"b1f58563":157,"dc583e64":171,"312f7676":174,"ee21ad02":181,"04bef50c":139,"4652b09a":176,"4b125e7b":162,"4f59a322":166,"bda8cdfb":174,"a63bddd4":202,"ac38a6a5":176,"f87c5031":165,"7080f122":157,"bb99c79c":162,"9e206c95":184,"b5763ff6":152,"fd07e0ed":166,"9de29816":143,"84b67924":165,"88b3bc99":148,"0bd93cfd":131,"383e232d":162,"778c95e9":158,"cb4f262b":149,"629800eb":176,"9cb4697f":177,"87083264":177,"d929098e":136,"7566fdd6":164,"d5059415":159,"9c29f0ed":178,"0bfabf48":149,"79f04300":166,"e9679ede":158,"754f98c9":173,"b215547b":154,"f76a3e83":167,"c4feee5b":161,"20777945":156,"feb67030":156,"f734c84c":183,"c455f40e":152,"805534ac":173,"7bebff03":158,"6bc5d32a":183,"a33fe0dd":163,"14c682eb":149,"33d6bb6a":158,"1bc0591f":156,"a567ace4":166,"159ffd0b":157,"013ee301":153,"1b153aef":170,"d9dcdc4b":180,"792cfcbd":161,"b7407bd3":159,"fb44fa9c":171,"ae8a09c4":165,"92d38723":171,"54a676d6":156,"56752a4a":156,"88a30343":166,"e8d74304":155,"fa55f27a":170,"48655f09":198,"820225e4":136,"f1862e79":146,"eed20185":179,"379184a7":179,"45b038bb":193,"23080895":153,"afe8e06a":143,"c510bfd3":176,"a8c93bed":160,"78b97937":176,"65e4235b":164,"162a7348":159,"51f80f4c":183,"b230e8d3":162,"b7cc7909":175,"3c18f28e":156,"0ecfa1c9":152,"71a2a493":132,"31d74eee":154,"4ed01268":152,"db8ba455":163,"28654c76":176,"7ae34c64":157,"906fdec3":152,"537634c9":139,"731fc335":145,"719c8869":179,"9e65c0ef":161,"c7636527":149,"638cb163":187,"3b690f68":172,"c4e70c07":154,"142d6987":160,"467773ac":153,"4360a1a3":177,"1e7753d9":172,"66497c7e":156,"30d84dce":145,"95d3d348":148,"578f6e9e":170,"93ac9ca3":162,"437fc3ec":177,"eda6a690":151,"6ce84ff8":146,"7ee148e9":162,"e0e48a2d":160,"794f652b":179,"a983a6dc":149,"bad1a1cc":161,"1b881e6e":163,"815e4582":177,"affb82bf":175,"8547fbc2":157,"175bc6b2":146,"bc021def":168,"f3d68430":172,"7d6895f4":169,"26c390d6":168,"bb99c79c":163,"3062379b":155,"92efd84f":166,"dd7acb96":171,"84b767be":188,"2c01e624":160,"b5763ff6":153,"51a3e9c2":160,"d1d40c9c":174,"0785820e":161,"91b28f83":165,"cb4f262b":150,"30b6808c":152,"6b82b527":166,"056ea7ff":176,"1dad0f99":153,"9cb4697f":178,"753ca352":161,"ef14000f":181,"ae95f2ba":183,"c382f054":172,"ebdbf580":169,"d548635d":167,"0dad37d5":167,"b2c25d1c":154,"a836aa93":155,"f121b82c":169,"70594a28":166,"b6ee137a":161,"7e8e1c3d":162,"18d20aa1":165,"ccb5ea3e":143,"fb8bfb36":174,"3ef7432b":173,"a8871ddf":148,"6291e9e9":172,"4ac6bd4e":152,"07fc4a9a":173,"064a99c8":165,"b7407bd3":160,"d6db2b02":173,"aefe13f5":171,"34658473":151,"5678ed7b":182,"e6fac295":156,"31f6d707":181,"11888cfa":148,"baebb391":172,"fe0df575":167,"27c8e038":177,"045f280d":166,"fa55f27a":171,"2198ba8e":157,"379184a7":180,"804d4dfa":159,"dc0c8b09":179,"92ca52b7":172,"25a2844e":168,"9a3ab0b8":163,"7bda83dd":152,"6df0b2e8":181,"725dce8b":171,"5e09f69e":193,"dcfaba4c":168,"aec4e1bf":165,"24a9fb86":176,"deb31f35":169,"afe8e06a":144,"50b558a7":149,"cf1b8c47":174,"a5fd8ffd":167,"3101354b":141,"e865e4dd":157,"fd482491":187,"2c6cb96f":136,"a851891c":156,"0f029727":152,"cc6bbe45":159,"2045d7d6":158,"014460b9":185,"ea6de194":169,"e5d3655c":181,"e62d705f":152,"ffc86f94":144,"cf1124db":149,"7a9344a4":184,"4360a1a3":178,"74f234c6":196,"db703021":156,"430a5db5":166,"8dc9b4db":173,"437fc3ec":178,"19f9ca86":168,"c0b7e7d7":151,"f4b2f575":150,"c81b2bcf":145,"f66616b7":165,"5339e1e9":174,"1b881e6e":164,"e99318a3":167,"50d129cf":150,"7d6895f4":170,"8cc4a982":175,"53a8613c":180,"f87c5031":166,"3f65f121":172,"f5596d0f":173,"4bcd4a30":168,"bca2d7cd":155,"22ecaed0":161,"ea822700":161,"50c3164b":179,"ef1c2dcb":161,"b947257e":166,"d552eb2f":171,"4258c176":160,"5b5fc566":165,"d1d40c9c":175,"37d0cae2":148,"5eab91a0":175,"cf9f4757":154,"87083264":178,"1bb4ccc0":162,"621d6b18":167,"8bc04eb5":163,"9fce073c":156,"abd32136":168,"4930f321":153,"ba938220":163,"c4feee5b":162,"754f98c9":174,"3498f223":160,"dbc9df44":147,"8e99d5d0":190,"145c7559":159,"104721f0":170,"3ef7432b":174,"e2cbe594":166,"4e5aaaec":150,"da3437cd":159,"6bc5d32a":184,"6d61bf13":155,"2203f259":172,"b769bdfb":161,"49910300":146,"36fb15d2":181,"cf84fb54":168,"792cfcbd":162,"761cf820":173,"88a30343":167,"812b4f15":142,"3652bd66":165,"6a60348e":157,"cd95f558":161,"e81834aa":185,"17807120":161,"b4fdf90e":174,"cf52025e":161,"cf50e84e":153,"d8475b95":131,"a533489b":179,"66554572":134,"b2a8761b":154,"3e602573":157,"bad6cdb1":138,"6c524f99":173,"540df50f":162,"31f6ba51":152,"e9a8cf11":166,"9b3f8714":166,"72805bf5":157,"b35bb8a1":156,"288a2c43":159,"f67de058":171,"dc0c8b09":180,"ba5c52af":157,"831c7b85":160,"2bcca6a7":176,"50b558a7":150,"52eca0dc":165,"45b5746e":162,"71ba7561":145,"43bc86e3":161,"dc03ebd2":179,"b2cfdbcf":157,"012de09c":158,"2b3c49b9":161,"c455f40e":153,"859545e6":154,"4def63ee":146,"ba30e43a":170,"d9d7c4c2":171,"f8b31ce5":187,"92f800f5":172,"cf1124db":150,"4c39240e":175,"1f11812e":174,"20e470e0":150,"0841052c":178,"30d84dce":146,"66497c7e":157,"906632cb":173,"91d52a55":161,"5a0eb771":156,"5339e1e9":175,"f66616b7":166,"9d9dd9e5":160,"650bb0e0":156,"39a2fcce":151,"af157d29":163,"09560615":142,"4469c815":135,"f2ca27d9":181,"f3d68430":173,"ef8321d8":162,"0bd93cfd":132,"b9a48a5c":144,"0d2a1c58":161,"d744bee2":157,"88b3bc99":149,"084cbc0b":156,"72d7b461":174,"508aac3d":174,"1bb4ccc0":163,"dffa7793":141,"53b4e647":162,"cc5a1d47":159,"bb00e71c":149,"e28c2efc":153,"ab7d4c9a":151,"1a2c020b":168,"c7313e0a":176,"972f4174":172,"d34a29b9":174,"168e75d9":159,"f3992a31":175,"ab7467de":175,"ae99df30":153,"629800eb":177,"c0b23081":181,"93b9fae6":154,"6b82b527":167,"cb142908":150,"cb4f262b":151,"09f0db62":189,"ea9bba6b":166,"83086d4c":160,"8274885a":162,"0b3283c9":168,"5270f158":155,"e7773397":149,"2cce4fb2":170,"8323d333":152,"a8871ddf":149,"40569362":179,"de36827b":182,"24d24fa3":149,"b377a62a":150,"b6aaf976":163,"f277386e":142,"d0e9a58e":164,"a43061ee":153,"3310a049":164,"1ff8c2fc":172,"b36a0d66":152,"be1746a0":163,"cf84fb54":169,"8eb64769":172,"b8397293":150,"b4fdf90e":175,"cbad3b92":190,"f1098793":154,"9aa6a054":167,"3c18f28e":157,"32133249":170,"78b97937":177,"9b546d65":153,"1745a0f4":165,"13b53c7a":157,"2a76f1dd":150,"0042f6eb":153,"50b558a7":151,"4abb7aed":159,"2dd0e808":157,"83b2f9c5":161,"45b5746e":163,"08a561b7":163,"da04caac":177,"012de09c":159,"c8dc010f":168,"fb8bfb36":175,"3007f31f":149,"3b7763b1":145,"913a6226":171,"c015ec5a":163,"26dd2000":181,"0f029727":153,"14c682eb":150,"b320feb9":169,"44c77422":165,"75ffea08":163,"d6f0d94a":157,"381c68fa":162,"c2bb8aae":158,"31408822":155,"4360a1a3":179,"902f49f5":162,"110b1ee3":162,"be40590d":174,"0681c48e":176,"40860a4b":142,"aff8e442":168,"af034fee":176,"bda8cdfb":175,"bf822e33":159,"bb8a6337":146,"25d1b2d8":169,"9b3f8714":167,"0f1ac912":148,"36684155":172,"bc021def":169,"36d340f2":141,"c98d5272":161,"546f6845":164,"09560615":143,"8cd78f77":169,"01d817b8":137,"1f342a00":157,"4469c815":136,"50c3164b":180,"2cb29e5a":172,"af0b61ab":169,"00cf385d":174,"fea793f5":166,"124fbe96":148,"8bc04eb5":164,"e4117b3b":147,"06ee61b6":146,"34c5c729":158,"ebdbf580":170,"0dad37d5":168,"0a92153e":163,"f2086446":155,"bd984a8e":154,"6b82b527":168,"d2466211":179,"bd2705b0":171,"7a4c064c":173,"af7e5be8":161,"c318d350":179,"f1dffa24":142,"695a2b92":153,"5270f158":156,"971675c5":171,"363590c7":179,"016953e4":173,"b552beb3":172,"0114160e":157,"f044c0e1":159,"332820ce":169,"26009d3f":150,"48655f09":199,"d0b297b2":150,"468fc85c":171,"88a30343":168,"3652bd66":166,"0eaf08da":165,"4b3e3b1c":169,"95539a58":158,"4f59a322":167,"87083264":179,"ae95f2ba":184,"f4726450":155,"fd369c21":173,"f069bb07":154,"540df50f":163,"57d5dee8":173,"c4bff41f":178,"0681c48e":177,"c510bfd3":177,"9d023afb":160,"c463799d":166,"70ee0491":152,"e5b1abc6":156,"1bc0591f":157,"b87158fb":162,"95904ac4":177,"3c0df8b4":168,"7c0a2db6":161,"1bd5b20b":175,"1db42092":169,"d82592f4":165,"9e878ec2":174,"792cfcbd":163,"fe0df575":168,"2d382981":156,"379184a7":181,"aefe13f5":172,"cf1b8c47":175,"a472532e":145,"8f9b74b0":161,"2209903e":170,"c8dc010f":169,"547903ef":166,"4eed1bea":161,"feb67030":157,"f734c84c":184,"c4e70c07":155,"c7636527":150,"4fd645f1":160,"ea6de194":170,"e3547548":159,"fbdffc95":153,"2154b6e8":155,"3b690f68":173,"d033db8d":185,"f1b493de":184,"8942c35b":165,"58d46189":176,"1f11812e":175,"381c68fa":163,"fafb4cc2":206,"08a561b7":164,"031e488e":170,"5eaa1581":159,"288a2c43":160,"842c8340":151,"a9b1bd51":124,"f2364460":159,"0f1ac912":149,"6adce358":178,"650bb0e0":157,"93fdbb44":153,"eeaa2d46":176,"2dda3936":154,"53a8613c":181,"bb99c79c":164,"175bc6b2":147,"272c7672":173,"d4d5f466":159,"655954ba":156,"9b172ca8":145,"4b4ecbce":143,"90a06ee9":164,"77300e4a":143,"972f4174":173,"1e232870":169,"b935fc1c":163,"fe1d4419":159,"83086d4c":161,"3c43e8a2":176,"26f99a1e":154,"8e4c33d2":160,"82868763":155,"a3d4a0e5":175,"bf30a08f":179,"abad2347":171,"2882a956":161,"aa187e3b":162,"6034b6d0":168,"abd32136":169,"677c6a09":183,"7218c9f1":148,"7f6d1d0e":169,"f7231212":151,"1dad0f99":154,"4930f321":154,"4d9b0b10":160,"f4726450":156,"6d5fcd4c":160,"2d54e0a8":163,"6de0aaac":153,"88b3bc99":150,"4bcd4a30":169,"bca2d7cd":156,"f271ed5d":166,"1745a0f4":166,"478d2d4f":180,"8f10fa42":195,"70ee0491":153,"f67de058":172,"8063df14":172,"2352c8ef":167,"44ff8baa":154,"daab45c6":151,"5c82d1ce":163,"efd23af5":149,"e1f0dbfd":184,"6b9eff39":160,"2209903e":171,"3fdb08f5":161,"fce3c5c6":149,"5f620a1e":167,"57167c74":151,"df2b4d87":154,"0a2f71bc":151,"7be025ce":164,"66497c7e":158,"f4634d0b":168,"74f234c6":197,"d033db8d":186,"ddec9e54":161,"e62d705f":153,"1e191c98":144,"d6db2b02":174,"6db0ea86":154,"379184a7":182,"ae8a09c4":166,"24d24fa3":150,"8b2b601d":170,"358e45b1":156,"e0f7679f":142,"45b038bb":194,"27c8e038":178,"b8397293":151,"a543ec74":146,"6a60348e":158,"6be9332a":145,"159ffd0b":158,"608bc832":140,"ea274174":165,"1c3a30c5":166,"3e602573":158,"792c9b6a":157,"a5fd8ffd":168,"fe44fc6f":153,"aa867541":153,"1d44aff3":171,"65e4235b":165,"61145ec9":172,"731fc335":146,"c64de0c0":144,"51f80f4c":184,"bc3dc66a":167,"12534561":164,"0ecfa1c9":153,"b7cc7909":176,"540df50f":164,"e15fd611":153,"4ed01268":153,"9ceb5439":148,"8ec3834d":174,"50d129cf":151,"84369269":144
1604737628353,"0670c466":152,"22176537":156,"12012fbd":150,"b3863630":160,"9f2b16a7":181,"6b78ad7f":165,"470d50c2":160,"f76a3e83":168,"168e75d9":160,"8e780922":160,"3e082b37":151,"695a2b92":154,"5623817d":153,"3a204e56":160,"3712c4bd":142,"c318d350":180,"c7ab83c1":148,"e7e82473":185,"ccb5ea3e":144,"a0cca8b7":151,"913a6226":172,"d25e0f8d":191,"21e10a2b":160,"7bebff03":159,"feb67030":158,"217c0327":146,"eafbf9fb":162,"140ce69e":157,"9de29816":144,"2a06ab95":177,"84b767be":189,"bb99c79c":165,"9fa62fee":159,"84b67924":166,"d552eb2f":172,"d744bee2":158,"778c95e9":159,"8f13c203":156,"1bb4ccc0":164,"1c0a9eff":151,"67d30f2b":163,"abad2347":172,"16b476e9":161,"d5059415":160,"6b82b527":169,"e356abf1":167,"056ea7ff":177,"c38c2b52":158,"385ab7c6":165,"8ac72326":166,"619fda68":198,"a06a6430":170,"4577b333":167,"ce3bf5db":164,"fce3c5c6":150,"3fdb08f5":162,"e32524d6":157,"88fa53d6":144,"6e24d88b":151,"30fdcd3b":160,"20e470e0":151,"9316e7e8":135,"93683c82":163,"3b690f68":174,"58d46189":177,"bab97de3":172,"0be540c5":173,"b552beb3":173,"8eb64769":173,"332820ce":170,"d36125db":168,"b35e9e1a":195,"99d130c9":172,"31f6d707":182,"1438fad7":164,"01cd8099":167,"06ddafc7":149,"5a0ead91":144,"1c3a30c5":167,"bad6cdb1":139,"8c6e001f":136,"0ac825ed":168,"d8475b95":132,"cd95f558":162,"13f0e139":153,"35aa7fd0":169,"71279c46":158,"3c18f28e":158,"6867261a":168,"c64de0c0":145,"9b3f8714":168,"a2c334e7":179,"47d27624":150,"5f7d7195":162,"d957f027":160,"bf822e33":160,"842c8340":152,"527ff946":168,"66d94227":158,"82204d54":154,"13b53c7a":158,"733c86f8":170,"4c0e547b":173,"05f6ab35":169,"c6dc900c":140,"8063df14":173,"345c9967":154,"012de09c":160,"d5dae4c4":184,"da04caac":178,"00a481e3":173,"95904ac4":178,"8db5a165":150,"f33c0140":165,"0da28f5b":177,"696fdac5":173,"d34a29b9":175,"77300e4a":144,"168e75d9":161,"d548635d":168,"25635c37":147,"f5cd79c1":170,"3a204e56":161,"b769bdfb":162,"42191b64":142,"eda6a690":152,"93ac9ca3":163,"9a80f004":162,"efd23af5":150,"4e5aaaec":151,"bfad1727":148,"315537b2":172,"6d5fcd4c":161,"affb82bf":176,"6143f39d":166,"49902219":186,"2cb29e5a":173,"d1715f3b":174,"dd7acb96":172,"39ba00f0":168,"1f342a00":158,"fd07e0ed":167,"f4726450":157,"fb7482fe":163,"2c01e624":161,"ccb5ea3e":145,"7bebff03":160,"fea793f5":167,"a502c93c":150,"5eab91a0":176,"e4117b3b":148,"9fce073c":157,"547903ef":167,"75ffea08":164,"d141db49":163,"805af3c7":164,"df2b4d87":155,"4577b333":168,"08a06557":188,"ce3bf5db":165,"8942c35b":166,"4279e829":186,"3f9b5722":149,"3b690f68":175,"110b1ee3":163,"ddec9e54":162,"a8726d50":149,"8b2b601d":171,"a6bcb07e":166,"69f3bfcc":161,"8d753bb6":164,"332820ce":171,"b2a8761b":155,"90731976":153,"baebb391":173,"73b15e04":163,"489a39f7":160,"82b81567":144,"26c6fa34":145,"ea274174":166,"e81834aa":186,"761cf820":174,"9c58dd76":167,"a5aee5de":188,"288afc30":167,"49bf2e95":154,"0eaf08da":166,"a0bc1ceb":161,"bc3dc66a":168,"d6d61bfc":176,"5774ac0d":172,"181c3dd5":166,"227006e4":161,"2ab62345":152,"deb31f35":170,"77f31bab":176,"254cc28c":167,"faf3ed07":156,"a983a6dc":150,"5d087c79":160,"2a387957":160,"47d27624":151,"124fbe96":149,"76f94eda":180,"9d4f1fe6":155,"91536e85":171,"43d87483":166,"5acce642":165,"e57d5cda":158,"87083264":180,"abd32136":170,"8063df14":174,"e35a63cd":169,"8007f30e":141,"dfcc2ad1":186,"7af262e5":180,"a66a2d8a":176,"9b546d65":154,"731fc335":147,"c91966ce":156,"7896b953":171,"fd482491":188,"69eeae0d":149,"501db4de":165,"470d50c2":161,"69d4b754":157,"4b4ecbce":144,"145c7559":160,"27f52ed3":190,"19f9ca86":169,"6085137f":145,"6ce84ff8":147,"26f99a1e":155,"f1dffa24":143,"3c43e8a2":177,"704bce0d":160,"acac14fb":156,"3661e12d":159,"8547fbc2":158,"af157d29":164,"e9adbe58":162,"f87c5031":167,"08c6b5d2":163,"4469c815":137,"c0e2624b":156,"70c1e715":166,"7e991ab9":131,"ea822700":162,"e58b26f6":176,"98915a1f":146,"72d7b461":175,"3ef7432b":175,"70594a28":167,"7c0a2db6":162,"d9d0c567":166,"87c462ee":176,"124fbe96":150,"d1d40c9c":176,"c0b23081":182,"b0869206":168,"e1f0dbfd":185,"547903ef":168,"0a96f57a":168,"3b7763b1":146,"4eed1bea":162,"638cb163":188,"5ab7bc35":166,"fbdffc95":154,"d9f512b9":169,"4def63ee":147,"259930ee":169,"c7636527":151,"8db62558":159,"751bcf25":157,"dbd2f139":164,"cd3bbe7e":163,"bab97de3":173,"0b5a0408":173,"868edcc0":178,"baebb391":174,"f277386e":143,"4b4ef7fa":155,"45b038bb":195,"458dcc3d":177,"92d38723":172,"59431390":159,"04612878":178,"6a60348e":159,"804d4dfa":160,"d102b0c6":154,"bbe71605":147,"e0e6a097":155,"cac4449a":160,"7a2f3f06":154,"dd1fcb17":152,"0ac825ed":169,"288afc30":168,"0af920d8":152,"c3e6ef01":160,"5ccf94d6":159,"76f3a3be":165,"b7cc7909":177,"12534561":165,"bb8a6337":147,"a47abfbb":149,"5ac86fb9":170,"a6003226":157,"31d74eee":155,"00cf385d":175,"597c1f81":166,"10ec5a0b":148,"20811ddf":163,"87cd2add":147,"ef91eaae":145,"6f39f4d9":175,"93b9fae6":155,"c38c2b52":159,"9a07d89b":154,"f5e8dfee":170,"2bcca6a7":177,"fee32863":165,"d78dd457":152,"6c524f99":174,"92ca52b7":173,"104721f0":171,"754f98c9":175,"acac14fb":157,"501db4de":166,"be2955bb":162,"e0154608":166,"6d61bf13":156,"a40846b7":169,"83086d4c":162,"8dd649a3":159,"f1dffa24":144,"ea9bba6b":167,"69d4b754":158,"4ed01268":154,"a983a6dc":151,"91d52a55":162,"5d087c79":161,"cb6c9e42":185,"c98d5272":162,"b946e146":179,"9e206c95":185,"0e036ae9":180,"dfa1a89b":157,"f3d68430":174,"22ecaed0":162,"3454fa2b":150,"8cd78f77":170,"d0d6acb1":167,"9147702f":142,"084cbc0b":157,"84b767be":190,"b947257e":167,"7028b044":158,"537634c9":140,"3a291497":150,"cf1b8c47":176,"b28a5e67":188,"781ace7d":162,"3f75d3bc":185,"d9d0c567":167,"df81ddee":150,"e2a7d915":142,"3b7763b1":147,"805534ac":174,"2b3c49b9":162,"f734c84c":185,"3ef7432b":176,"0a2f71bc":152,"d9f512b9":170,"fce3c5c6":151,"14c682eb":151,"25776fc4":171,"37a7d5b0":162,"f8b31ce5":188,"dbd2f139":165,"c318d350":181,"11888cfa":149,"de36827b":183,"e36dfd6f":171,"aa00769b":180,"2d1e1e9d":161,"a0b03218":165,"ef16ca37":161,"aefe13f5":173,"0cb80f4a":163,"e81834aa":187,"0eaf08da":167,"59431390":160,"d0b297b2":151,"2198ba8e":158,"8d753bb6":165,"2e99f8fd":152,"cf52025e":162,"f9c15fcc":158,"c6e3d352":164,"34658473":152,"1bd5b20b":176,"0c043224":177,"a68a93b2":157,"430a5db5":167,"e4714415":180,"17446892":161,"c852d240":160,"60d6cee2":162,"5774ac0d":173,"a1370ab0":161,"9b3f8714":169,"31408822":156,"c3e6ef01":161,"d70ca4f4":173,"6841f77e":177,"b3f19a69":155,"7f6d1d0e":170,"bec9d329":179,"d83870f5":160,"ba586505":170,"d2466211":180,"91b28f83":166,"0785820e":162,"d7cb9bcf":153,"619fda68":199,"7fb4c521":165,"d4ee22a4":167,"7566fdd6":165,"7af262e5":181,"478d2d4f":181,"e35a63cd":170,"a59a8290":168,"733c86f8":171,"dfcc2ad1":187,"1105f790":187,"69d4b754":159,"6b79fec2":160,"016953e4":174,"25635c37":148,"be2955bb":163,"4b4ecbce":145,"4c4aa2e2":157,"0a92153e":164,"501db4de":167,"f3992a31":176,"5957df9e":157,"37fbb107":170,"a939b50b":167,"50d129cf":152,"a9b1bd51":125,"b88033fd":171,"e99318a3":168,"8dd2684c":164,"eeaa2d46":177,"be4f8ba8":152,"f87c5031":168,"12012fbd":151,"08c6b5d2":164,"8cc4a982":176,"fd07e0ed":168,"3062379b":156,"272c7672":174,"884b0ad1":160,"50c3164b":181,"72d7b461":176,"84b767be":191,"71e53c93":166,"2c6cb96f":137,"a472532e":146,"45b5746e":164,"7ae34c64":158,"ae016053":186,"83b2f9c5":162,"07107f6e":167,"0a96f57a":169,"201cafad":161,"44ff8baa":155,"0149e11a":144,"d6f0d94a":158,"85de05f2":158,"4def63ee":148,"4eed1bea":163,"57167c74":152,"88fa53d6":145,"7ee148e9":163,"fe1d4419":160,"6085137f":146,"95d3d348":149,"f044c0e1":160,"8aa78e2f":154,"9fc713b0":177,"e8f173b5":162,"9e878ec2":175,"13f0e139":154,"8323d333":153,"0b5a0408":174,"6be9332a":146,"cd95f558":163,"1138796e":173,"d8475b95":133,"c7c4ec5c":148,"013ee301":154,"4b3e3b1c":170,"1c3a30c5":168,"92d38723":173,"a636f4c9":176,"4ac6bd4e":153,"0f72f2d8":163,"9263c525":166,"5ab7bc35":167,"3bad3c95":144,"b7cc7909":178,"71279c46":159,"57d5dee8":174,"f94bf9ea":156,"a1370ab0":162,"76f3a3be":166,"c93c3508":141,"cc11fef9":174,"a577db1c":151,"a4f1d83b":153,"1e191c98":145,"40a745c0":167,"8db62558":160,"dae0f922":165,"ee75b607":153,"dffa7793":142,"e0e48a2d":161,"6ee92259":175,"9c29f0ed":179,"4f59a322":168,"67d30f2b":164,"0bfabf48":150,"124fbe96":151,"869cbaa0":174,"11b74e63":155,"2ce1af05":144,"385ab7c6":166,"f1df62b4":172,"8007f30e":142,"6a7392d5":147,"6c524f99":175,"f4634d0b":169,"c85a0d80":168,"a4296d1e":158,"e1618359":167,"470d50c2":162,"d1fe2868":176,"b88033fd":172,"99e171db":159,"1a0189c4":160,"36b7003c":190,"9d9dd9e5":161,"47d27624":152,"8cc4a982":177,"d3e84616":169,"6a3eaf43":176,"fd6dcb20":161,"aaa274a5":163,"3f65f121":173,"aec074c4":173,"49902219":187,"77300e4a":145,"168e75d9":162,"4b4ecbce":146,"ba5c52af":158,"7bda83dd":153,"1105f790":188,"bd62d7ed":155,"a901627e":156,"65e4235b":166,"08a561b7":165,"a851891c":157,"345c9967":155,"7c0a2db6":163,"f789f6d8":157,"805534ac":175,"70594a28":168,"ab7467de":176,"261c9911":174,"efd23af5":151,"77898c22":136,"7e8e1c3d":163,"638cb163":189,"95d3d348":150,"5781776a":163,"19f9ca86":170,"8274885a":163,"437fc3ec":179,"42191b64":143,"014bdff0":166,"54a676d6":157,"2d1e1e9d":162,"d6db2b02":175,"49910300":147,"b35e9e1a":196,"1c3a30c5":169,"07fc4a9a":174,"c4aa1e38":141,"d0c0fc08":144,"ce4da56f":158,"c6e3d352":165,"b2a8761b":156,"32c9fc47":167,"d8475b95":134,"4f5e3e7d":152,"6ebe2354":144,"014460b9":186,"7043382d":165,"1623fc9f":160,"24ffcbd3":180,"ea6de194":171,"49b358bd":171,"2c01e624":162,"dfa1a89b":158,"383e232d":163,"3062379b":157,"be4f8ba8":153,"884b0ad1":161,"bb8a6337":148,"e4714415":181,"42c80e69":180,"0681c48e":178,"110b1ee3":164,"f0a06216":166,"e4117b3b":149,"7f6d1d0e":171,"93b0a158":177,"ba938220":164,"730a4938":150,"9c29f0ed":180,"5acce642":166,"597c1f81":167,"37d0cae2":149,"4d9b0b10":161,"00a17b46":161,"6f39f4d9":176,"b9be31d6":176,"0841052c":179,"66497c7e":159,"d70ca4f4":174,"e62d705f":154,"61f25dd4":184,"0c0e98ea":154,"00554ffd":169,"812b4f15":143,"6be9332a":147,"08a4c3f8":172,"99d130c9":173,"685207b3":163,"6867261a":169,"af034fee":177,"6632fed0":167,"31d74eee":156,"ccf8b803":169,"1d790491":170,"254cc28c":168,"cf775f58":172,"a983a6dc":152,"d957f027":161,"ac38a6a5":177,"be4f8ba8":154,"9a467a82":167,"865d9857":155,"ccdd1ce6":161,"bb99c79c":166,"aa5dfdf5":162,"145c7559":161,"f76a3e83":169,"9b742f71":158,"f5e8dfee":171,"6a7392d5":148,"fee32863":166,"25a2844e":169,"a59a8290":169,"92ca52b7":174,"eb2e1983":157,"65e4235b":167,"2dd0e808":158,"f905a555":152,"6023df54":160,"83b2f9c5":163,"28654c76":177,"fd482491":189,"69134f07":154,"5be594be":161,"ab7d4c9a":152,"72b84094":193,"9a80f004":163,"913a6226":173,"e2cbe594":167,"20777945":157,"7bebff03":161,"0b3283c9":169,"8274885a":164,"6085137f":147,"578f6e9e":171,"f6fe095d":169,"22aeaf03":164,"dc583e64":172,"868edcc0":179,"f044c0e1":161,"0be540c5":174,"e0f7679f":143,"fe0df575":169,"a3d4a0e5":176,"f9c15fcc":159,"73b15e04":164,"45fb95c1":163,"ef16ca37":162,"66554572":135,"c609739e":163,"c7c4ec5c":149,"fb8bfb36":176,"859545e6":155,"aab4d996":161,"e5d3655c":182,"f87c5031":169,"d1ca5d6b":168,"6751d8e4":169,"d3a669ac":171,"778c95e9":160,"d0d6acb1":168,"508aac3d":175,"be149c6f":144,"a33fe0dd":164,"805af3c7":165,"dac109cf":160,"ffc86f94":145,"ee75b607":154,"1757a30e":152,"79be29c8":153,"11b74e63":156,"1dad0f99":155,"ac030e74":156,"ae99df30":154,"9fce073c":158,"5acce642":167,"f0a06216":167,"e28c2efc":154,"43d87483":167,"87083264":181,"f7231212":152,"0c043224":178,"381c68fa":164,"ca6d2d91":162,"751bcf25":158,"66b7b5b4":157,"e62d705f":155,"f883d582":151,"a636f4c9":177,"45b038bb":196,"ac62fac2":178,"c4aa1e38":142,"f1098793":155,"3d1af513":175,"24d24fa3":151,"1c3a30c5":170,"2ab62345":153,"a2c334e7":180,"e9a8cf11":167,"c93c3508":142,"24a9fb86":177,"51f80f4c":185,"36b7003c":191,"794f652b":180,"48efc739":183,"8a52882e":165,"04643409":170,"650bb0e0":158,"37fbb107":171,"b87158fb":163,"78b97937":178,"062179c1":163,"0e2b5d2f":166,"c510bfd3":178,"fead11cf":163,"2352c8ef":168,"aa867541":154,"d9d0c567":168,"3101354b":142,"71e53c93":167,"42cd2360":139,"7896b953":172,"5f96c2bc":162,"470d50c2":163,"1a2c020b":169,"e1618359":168,"90a06ee9":165,"8e99d5d0":191,"a836aa93":156,"972f4174":174,"695a2b92":155,"3712c4bd":143,"25635c37":149,"095ab3b4":165,"8274885a":165,"3e082b37":152,"3a204e56":162,"fb44fa9c":172,"2cce4fb2":171,"90731976":154,"bfad1727":149,"0149e11a":145,"805534ac":176,"44ff8baa":156,"7b6a7048":165,"8f9b74b0":162,"40e79dd3":164,"140ce69e":158,"315537b2":173,"175bc6b2":148,"ccdd1ce6":162,"b947257e":168,"7d6895f4":171,"0d2a1c58":162,"36d340f2":142,"84b767be":192,"9e206c95":186,"88b3bc99":151,"e58b26f6":177,"fb7482fe":164,"2f455cce":158,"e1571af7":161,"9bdf362a":164,"935ec056":150,"b3f19a69":156,"87c462ee":177,"6034b6d0":169,"ba938220":165,"7fef9973":163,"e6ec8cbf":173,"d2466211":181,"f1df62b4":173,"d83870f5":161,"c8113b77":156,"d815c5b4":189,"f7231212":153,"53b4e647":163,"28d40296":130,"7e76c93c":167,"5ab7bc35":168,"868cda42":163,"a577db1c":152,"94a2fe10":179,"1e191c98":146,"e62d705f":156,"142d6987":161,"dae0f922":166,"d70ca4f4":175,"66497c7e":160,"332820ce":172,"f277386e":144,"9263c525":167,"a6bcb07e":167,"4febf7c5":165,"1438fad7":165,"fa55f27a":172,"2c24d929":176,"e81834aa":188,"8c6e001f":137,"a5aee5de":189,"d8475b95":135,"82b81567":145,"eed20185":180,"6585adbe":142,"2d382981":157,"761cf820":175,"13f0e139":155,"c9efc8f6":158,"51f80f4c":186,"71279c46":160,"a2c334e7":181,"4125085e":169,"9b3f8714":170,"5ac86fb9":171,"842c8340":153,"77bae750":157,"789bd484":157,"088feee2":166,"77f31bab":177,"c463799d":167,"2bcca6a7":178,"6c524f99":176,"062179c1":164,"7fdc2007":149,"13b53c7a":159,"fead11cf":164,"8db5a165":151,"d9a64845":163,"f789f6d8":158,"3101354b":143,"810aa5e9":173,"83b2f9c5":164,"dd035d2a":159,"e0154608":167,"d34a29b9":176,"fe578280":156,"b215547b":155,"77300e4a":146,"0a92153e":165,"288d171f":163,"8e4c33d2":161,"c318d350":182,"3f2522c2":171,"6085137f":148,"5410e9c6":169,"e7773397":150,"5781776a":164,"72b84094":194,"f9f2c53f":143,"77898c22":137,"9d63c4dd":167,"8ec3834d":175,"7d6895f4":172,"2cb29e5a":174,"21ee2afe":173,"a77e8461":164,"bc021def":170,"945b63f0":179,"26c390d6":169,"f271ed5d":167,"51f57142":165,"6a3eaf43":177,"778c95e9":161,"d1ca5d6b":169,"2d13e69b":167,"2c627253":162,"18d20aa1":166,"ecfa8249":174,"25e0dd3d":163,"37d0cae2":150,"8bc04eb5":165,"ad2d7bed":172,"0bfabf48":151,"2882a956":162,"fea793f5":168,"f7231212":154,"88ce179e":177,"87cd2add":148,"e6ec8cbf":174,"6034b6d0":170,"201cafad":162,"04ea5673":167,"44c77422":166,"c7636527":152,"e5d3655c":183,"3fdb08f5":163,"a81a857c":152,"9bdf362a":165,"dae0f922":167,"4ee62a26":154,"467773ac":154,"ca6d2d91":163,"381c68fa":165,"74f234c6":198,"cd3bbe7e":164,"88a30343":169,"2d1e1e9d":163,"69f3bfcc":162,"e7e82473":186,"608bc832":141,"f044c0e1":162,"fa55f27a":173,"eed20185":181,"0114160e":158,"cd95f558":164,"01cd8099":168,"5678ed7b":183,"27c8e038":179,"c7c4ec5c":150,"02d4753e":185,"e6fac295":157,"468fc85c":172,"40569362":180,"4cc141fa":140,"db0a661e":155,"a636f4c9":178,"c93c3508":143,"a2c334e7":182,"c4bff41f":179,"40860a4b":143,"b35bb8a1":157,"61d4782d":160,"6df0b2e8":182,"91d52a55":163,"53b4e647":164,"b9be31d6":177,"30b6808c":153,"a59a8290":170,"831c7b85":161,"dfcc2ad1":188,"8063df14":175,"c1bb74f2":158,"e5b1abc6":157,"55928ef1":155,"3c0df8b4":169,"906fdec3":153,"ae016053":187,"4abb7aed":160
1604737629369,"dc583e64":173,"f5cd79c1":171,"5270f158":157,"5b60dd1d":164,"3a204e56":163,"5410e9c6":170,"f6fe095d":170,"8cf83787":153,"4ea4a2a1":173,"3c782bb3":164,"a4dafea5":162,"db0a661e":156,"ac62fac2":179,"1f88a4b7":182,"24d24fa3":152,"de11eb19":174,"54a676d6":158,"fa55f27a":174,"eed20185":182,"8d753bb6":166,"f1862e79":147,"3e602573":159,"f5829ac0":173,"6f0fcb9d":171,"a5aee5de":190,"5acaa06f":135,"56752a4a":157,"946df4fd":187,"842c8340":154,"bda8cdfb":176,"815e4582":178,"97e75c19":172,"ccf8b803":170,"90d52475":164,"d1715f3b":175,"01d817b8":138,"57540cc3":165,"865d9857":156,"bb99c79c":167,"eafbf9fb":163,"af0b61ab":170,"383e232d":164,"b9a48a5c":145,"5747db6e":173,"2f455cce":159,"730338c4":178,"fb7482fe":165,"50c3164b":182,"3a204e56":164,"f5cd79c1":172,"8dc9b4db":174,"363590c7":180,"685207b3":164,"e0154608":168,"fe578280":157,"8e780922":161,"470d50c2":164,"eda6a690":153,"5781776a":165,"5270f158":158,"42c80e69":181,"61d4782d":161,"47cfba38":149,"725dce8b":172,"031e488e":171,"5e09f69e":194,"6632fed0":168,"0be540c5":175,"8aa78e2f":155,"fe0df575":170,"4ff2225d":155,"b7407bd3":161,"f277386e":145,"064a99c8":166,"17b08923":162,"012de09c":161,"abc1d7ad":182,"74c26380":181,"ea4d3f3e":171,"6775d5cd":163,"5f8517b7":186,"be1746a0":164,"8493f3b2":167,"4945c851":175,"26c6fa34":146,"b2a8761b":157,"f5829ac0":174,"99d130c9":174,"92d38723":174,"03c398d2":169,"8eb64769":174,"4ba6eb36":156,"aefe13f5":174,"c4feee5b":163,"a836aa93":157,"a0cca8b7":152,"e2a7d915":143,"2ad42a9e":183,"85de05f2":159,"547903ef":169,"e1f0dbfd":186,"9a80f004":164,"df2b4d87":156,"c7636527":153,"2045d7d6":159,"d6f0d94a":159,"5ab7bc35":169,"4577b333":169,"868cda42":164,"1b881e6e":165,"50d129cf":153,"a939b50b":168,"b8ab8e6e":156,"7e15f8e8":172,"527ff946":169,"c98d5272":163,"ccdd1ce6":163,"ef8321d8":163,"7080f122":158,"0277d748":170,"eafbf9fb":164,"84b67924":167,"0e036ae9":181,"7db3edda":159,"4d35385e":158,"aa5dfdf5":163,"af0b61ab":171,"e58b26f6":178,"835358a0":154,"ef1c2dcb":162,"4652b09a":177,"6c20c153":163,"0bfabf48":152,"d815c5b4":190,"7a4c064c":174,"d39724bc":156,"f1df62b4":174,"7ee7621c":163,"ffa08d82":165,"d4ee22a4":168,"ae95f2ba":185,"faf4f98b":176,"733c86f8":172,"c463799d":168,"fee32863":167,"78b97937":179,"25a2844e":170,"a8c93bed":161,"b6591e25":169,"cf1124db":151,"0d5ee801":158,"110b1ee3":165,"1e191c98":147,"026766f3":163,"467773ac":155,"b3863630":161,"f6fe095d":171,"437fc3ec":180,"83086d4c":163,"8dd649a3":160,"eda6a690":154,"836701f6":161,"5410e9c6":171,"17446892":162,"b7cc7909":179,"540df50f":165,"60d6cee2":163,"181c3dd5":167,"2ab62345":154,"f94bf9ea":157,"45fb95c1":164,"e8f173b5":163,"fe8f3d36":162,"a901627e":157,"0a1d11e6":157,"fe44fc6f":154,"08a561b7":166,"74c26380":182,"7896b953":173,"00a481e3":174,"8b2b601d":172,"28d41578":178,"08a4c3f8":173,"792cfcbd":164,"5678ed7b":184,"8493f3b2":168,"d82592f4":166,"02d4753e":186,"0b5a0408":175,"7a2f3f06":155,"b552beb3":174,"71bc1295":153,"36fb15d2":182,"74e01f6a":159,"6585adbe":143,"cac4449a":161,"baebb391":175,"de11eb19":175,"812b4f15":144,"a836aa93":158,"c382f054":173,"f3992a31":177,"acac14fb":158,"168e75d9":163,"e1618359":169,"c8dc010f":170,"4295ce9a":163,"a0ce82b4":163,"93e8cee5":184,"a33fe0dd":165,"9ceb5439":149,"a9b1bd51":126,"8a52882e":166,"47d27624":153,"37fbb107":172,"0f1ac912":150,"99e171db":160,"12dd6f5e":147,"6d5fcd4c":162,"6143f39d":167,"92efd84f":167,"6e851762":154,"21ee2afe":174,"8dd2684c":165,"fd369c21":174,"172217e5":175,"2c01e624":163,"1f7607df":150,"affb82bf":177,"aa5dfdf5":164,"a6626a13":151,"b0869206":169,"91b28f83":167,"c0b23081":183,"04bef50c":140,"869cbaa0":175,"7735c3c2":159,"a502c93c":151,"ac030e74":157,"935ec056":151,"053f3451":158,"87083264":182,"9c29f0ed":181,"7e95c5a0":170,"93b9fae6":156,"7fdc2007":150,"33d6bb6a":159,"8f10fa42":196,"733c86f8":173,"fee32863":168,"831c7b85":162,"f5e8dfee":172,"c7636527":154,"7b6a7048":166,"fbdffc95":155,"9a80f004":165,"c0b0f492":178,"efd23af5":152,"aa021138":183,"4fd645f1":161,"ce3bf5db":166,"cc11fef9":175,"6f81493d":152,"0c0e98ea":155,"19e9776f":161,"9d4da635":150,"026766f3":164,"cf1124db":152,"578f6e9e":172,"f5cd79c1":173,"f1dffa24":145,"c318d350":183,"3f2522c2":172,"dcfaba4c":169,"b35bb8a1":158,"57d5dee8":175,"7af9d3b1":161,"4911acad":132,"1ed46298":175,"0681c48e":179,"3c43e8a2":178,"eda6a690":155,"ae016053":188,"3c0df8b4":170,"45b5746e":165,"00a481e3":175,"d8e58a8c":176,"4bc46d7a":155,"f789f6d8":159,"d6db2b02":176,"8aa78e2f":156,"0114160e":159,"6db0ea86":155,"1b153aef":171,"792cfcbd":165,"e0f7679f":144,"34658473":153,"ad8f85d6":175,"d102b0c6":155,"aa00769b":181,"5678ed7b":185,"5acaa06f":136,"c6e3d352":166,"1be05c14":171,"eed20185":183,"554ebb83":171,"946df4fd":188,"332820ce":173,"8f2a7d69":161,"6be9332a":148,"f33c0140":166,"1a2c020b":170,"0da28f5b":178,"754f98c9":176,"f76a3e83":170,"9267f0ef":177,"80a8a56d":160,"d25e0f8d":192,"92136ff5":161,"ccb5ea3e":146,"18d20aa1":167,"4eed1bea":164,"6bc5d32a":185,"ecfa8249":175,"8ec3834d":176,"cf775f58":173,"bf822e33":161,"c6c85783":173,"794f652b":181,"36684155":173,"1b881e6e":166,"d1715f3b":176,"6d339d45":138,"15620dca":181,"7db3edda":160,"9147702f":143,"bc021def":171,"8cd78f77":171,"12012fbd":152,"b0869206":170,"11b74e63":157,"e4c312fe":167,"a6b5e869":167,"1757a30e":153,"ef91eaae":146,"c0b23081":184,"4f59a322":169,"bf30a08f":180,"77bfed7e":165,"87cd2add":149,"9c29f0ed":182,"d4ee22a4":169,"50c468ba":159,"82204d54":155,"e5b1abc6":158,"1105f790":189,"70ee0491":154,"65a00a3c":162,"b7505747":164,"e786063b":175,"cc6bbe45":160,"1623fc9f":161,"e5d3655c":184,"4fd645f1":162,"059d6c19":176,"655941a0":174,"7a9344a4":185,"0c0e98ea":156,"5272520d":168,"c3e6ef01":162,"d033db8d":187,"3c43e8a2":179,"f1dffa24":146,"0277d748":171,"88b3bc99":152,"49902219":188,"e58b26f6":179,"6e851762":155,"70c1e715":167,"5774ac0d":174,"d6d61bfc":177,"ed4fad08":172,"40860a4b":144,"3e082b37":153,"93ac9ca3":164,"e238f09b":178,"77d35808":145,"c564e316":170,"d78dd457":153,"c1bb74f2":159,"c463799d":169,"cf1b8c47":177,"42cd2360":140,"6e44927f":162,"f905a555":153,"810aa5e9":174,"195eb771":164,"313258f2":173,"8cf83787":154,"e7e82473":187,"07fc4a9a":175,"a3d4a0e5":177,"f1098793":156,"3d1af513":176,"b6aaf976":164,"92d38723":175,"6c73ae98":138,"c609739e":164,"4ff2225d":156,"b8397293":152,"6291e9e9":173,"12271e14":178,"db0a661e":157,"f2086446":156,"dbc9df44":148,"5e193fc8":167,"f33c0140":167,"9b172ca8":146,"9b742f71":159,"8e99d5d0":192,"92136ff5":162,"f1862e79":148,"87922532":188,"b7407bd3":162,"b7df1559":164,"6ebe2354":145,"5a0ead91":145,"72805bf5":158,"b35bb8a1":159,"a2c334e7":183,"b8ab8e6e":157,"d1fe2868":177,"aff8e442":169,"8ec3834d":177,"789bd484":158,"650bb0e0":159,"449d8475":155,"2dda3936":155,"18815a1b":161,"1d153b20":169,"a77e8461":165,"26c390d6":170,"30dd2edc":163,"2c627253":163,"d6320619":153,"9cb4697f":179,"935ec056":152,"d4d5f466":160,"00cf385d":176,"20811ddf":164,"7fef9973":164,"abd32136":171,"753ca352":162,"1c0a9eff":152,"6f39f4d9":177,"67c57de4":183,"77bfed7e":166,"4930f321":155,"9c29f0ed":183,"9a07d89b":155,"70594a28":169,"9bdf362a":166,"0149e11a":146,"cd421290":158,"c015ec5a":164,"4fd645f1":163,"53747a91":158,"9e65c0ef":162,"9d0546ac":148,"6490bac6":157,"4577b333":170,"24ffcbd3":181,"0b959527":156,"cc11fef9":176,"cf1124db":153,"31408822":157,"3f9b5722":150,"0af920d8":153,"26ed1a5c":163,"94a2fe10":180,"cbb54a0a":152,"ccdd1ce6":164,"ef1c2dcb":163,"284544ba":155,"d744bee2":159,"af0b61ab":172,"263762cb":149,"f5cd79c1":174,"95d3d348":151,"733c86f8":174,"9b546d65":155,"8b5a8e9f":170,"a66a2d8a":177,"9d023afb":161,"20958d58":153,"781ace7d":163,"a15713c6":180,"195eb771":165,"5f0c1b9d":169,"49cb2959":174,"56473430":179,"f789f6d8":160,"6ce84ff8":148,"26f99a1e":156,"09ff339a":140,"3c43e8a2":180,"b2703001":171,"1438fad7":166,"4945c851":176,"32c9fc47":168,"408bb2ed":161,"4b4ef7fa":156,"de36827b":184,"74e01f6a":160,"7a6aa4b6":163,"4ff2225d":157,"c609739e":165,"31f6d707":183,"b84a06eb":163,"48655f09":200,"0cb80f4a":164,"a0b03218":166,"7a2f3f06":156,"b460f030":189,"06073f13":181,"73b15e04":165,"a3253019":152,"9b742f71":160,"696fdac5":174,"80a8a56d":161,"77300e4a":147,"dbc9df44":149,"2e3503e4":177,"3ef7432b":177,"c650b434":169,"c455f40e":154,"92136ff5":163,"6490bac6":158,"20777945":158,"332820ce":174,"7f6d1d0e":172,"fea793f5":169,"ee21ad02":182,"ba586505":171,"4258c176":161,"d83870f5":162,"124fbe96":152,"07f98660":168,"7566fdd6":166,"87083264":183,"6a5b71b4":159,"ef14000f":182,"abd32136":172,"7218c9f1":149,"57d5dee8":176,"162a7348":160,"47cfba38":150,"35aa7fd0":170,"181c3dd5":168,"64db4feb":183,"03b4ab60":157,"f2364460":160,"1d790491":171,"2b3e4717":167,"815e4582":179,"99e171db":161,"0f1ac912":151,"b8ab8e6e":158,"8ea21393":144,"a577db1c":153,"9bdf362a":167,"ba30e43a":171,"a33fe0dd":166,"08a06557":189,"1e7753d9":173,"4c39240e":176,"8db62558":161,"9e65c0ef":163,"30dbfc69":161,"0c043224":179,"cf1124db":154,"ddec9e54":163,"be40590d":175,"8007f30e":143,"d78dd457":154,"1745a0f4":167,"1bc0591f":158,"7bda83dd":154,"9b546d65":156,"b87158fb":164,"3f75d3bc":186,"810aa5e9":175,"71ba7561":146,"6023df54":161,"ec110282":187,"2dd0e808":159,"69eeae0d":150,"263762cb":150,"1951480c":149,"36d340f2":143,"f4726450":158,"22ecaed0":163,"c0e2624b":157,"a63bddd4":203,"383e232d":165,"d2a841c9":160,"778c95e9":162,"546f6845":165,"e58b26f6":180,"21ee2afe":175,"2c01e624":164,"6d339d45":139,"8cd78f77":172,"2c5c1dc0":153,"8dc9b4db":175,"71ff66e8":164,"fb7b7b3c":186,"fe1d4419":161,"59431390":161,"a3d4a0e5":178,"1138796e":174,"b84a06eb":164,"0be540c5":176,"f1098793":157,"ad8f85d6":176,"d36125db":169,"6585adbe":144,"0eaf08da":168,"4b3e3b1c":171,"6b78ad7f":166,"e9679ede":159,"79f04300":167,"b3863630":162,"90a06ee9":166,"e0154608":169,"a836aa93":159,"40e79dd3":165,"44ff8baa":157,"51c57542":172,"a636f4c9":179,"fe0df575":171,"82b81567":146,"6be9332a":149,"a533489b":180,"01cd8099":169,"b8397293":153,"3e602573":160,"332820ce":175,"9e878ec2":176,"6ee92259":176,"290b4714":164,"2882a956":163,"e4117b3b":150,"e6ec8cbf":175,"1a442bc7":152,"e4c312fe":168,"869cbaa0":176,"7a4c064c":175,"af7e5be8":162,"93b9fae6":157,"0d7d88f1":169,"10ec5a0b":149,"ac030e74":158,"8cddb65e":165,"e4714415":182,"af034fee":178,"bb8a6337":149,"0681c48e":180,"24a9fb86":178,"2ab62345":155,"5d087c79":162,"2a387957":161,"50d129cf":154,"1a0189c4":161,"04643409":171,"44a4f7cd":169,"93fdbb44":154,"d1715f3b":177,"546f6845":166,"22176537":157,"d1ca5d6b":170,"fd369c21":175,"3661e12d":160,"f2f58418":149,"9fa62fee":160,"22ecaed0":164,"a625328f":170,"85de05f2":160,"efd23af5":153,"a851554d":166,"77898c22":138,"75ffea08":165,"5f620a1e":168,"ba30e43a":172,"9bdf362a":168,"a33fe0dd":167,"44c77422":167,"4c39240e":177,"d70ca4f4":176,"1e7753d9":174,"cd3bbe7e":165,"40a745c0":168,"e62d705f":157,"56d315d8":145,"0d5ee801":159,"4c0e547b":174,"bd62d7ed":156,"dfcc2ad1":189,"cd522166":178,"55928ef1":156,"7fdc2007":151,"05f6ab35":170,"8a165e17":171,"aa76bc50":136,"d9a64845":164,"83b2f9c5":165,"195eb771":166,"7c0a2db6":164,"616d6dd6":164,"92efd84f":168,"bb99c79c":168,"7db3edda":161,"3c6692a3":182,"263762cb":151,"5b60dd1d":165,"fb7b7b3c":187,"2c5c1dc0":154,"5623817d":154,"3a204e56":165,"c7ab83c1":149,"28d41578":179,"a8871ddf":150,"a3d4a0e5":179,"5be594be":162,"d34a29b9":177,"69134f07":155,"655954ba":157,"470d50c2":165,"168e75d9":164,"06ee61b6":147,"a6bcb07e":168,"2198ba8e":159,"49910300":148,"be1746a0":165,"06ddafc7":150,"eed20185":184,"b2a8761b":158,"e0f7679f":145,"336d0f08":175,"12271e14":179,"3d1af513":177,"71bc1295":154,"2d382981":158,"4ea4a2a1":174,"27c8e038":180,"f1862e79":149,"b8397293":154,"408bb2ed":162,"abad2347":173,"6775d5cd":164,"4b125e7b":163,"04cc7cbe":157,"bec9d329":180,"07f98660":169,"cf9f4757":155,"aa187e3b":163,"fea793f5":170,"e4cfef0a":152,"53b4e647":165,"ad303bda":154,"dc473de1":151,"b35bb8a1":160,"5ac86fb9":172,"71279c46":161,"2132fe93":172,"6867261a":170,"081460bf":165,"c67979e6":184,"a1921150":175,"d5557fb4":167,"1a0189c4":162,"bad1a1cc":162,"b8ab8e6e":159,"794f652b":182,"d2a841c9":161,"7b6a7048":167,"5c82d1ce":164,"21ad2f34":175,"6490bac6":159,"8ea21393":145,"c8dc010f":171,"f4343817":170,"dac109cf":161,"d9f512b9":171,"9e65c0ef":164,"a33fe0dd":168,"014460b9":187,"92f800f5":173,"2045d7d6":160,"6e24d88b":152,"0841052c":180,"30dbfc69":162,"1f11812e":176,"b6591e25":170,"906632cb":174,"7a9344a4":186,"95539a58":159,"50c468ba":160,"9a3ab0b8":164,"2352c8ef":169,"19551bad":151,"1105f790":190,"831c7b85":163,"062179c1":165,"50b558a7":152,"dc03ebd2":180,"0a1d11e6":158,"616d6dd6":165,"c91966ce":157,"4469c815":138,"7db3edda":162,"53a8613c":182,"70bc8325":159,"9fa62fee":161,"ccdd1ce6":165,"eb7b4e29":155,"865d9857":157,"d3a669ac":172,"fd6dcb20":162,"9c045c61":167,"de6213c7":158,"84b67924":168,"437fc3ec":181,"6ce84ff8":149,"9a3cc55d":154,"27f52ed3":191,"312f7676":175,"014bdff0":167,"82868763":156,"5e193fc8":168,"3498f223":161,"8e780922":162,"f598a332":154,"79f04300":168,"a836aa93":160,"145c7559":162,"0114160e":160,"e0f7679f":146,"411b5027":148,"1be05c14":172,"3e602573":161,"1db42092":170,"59c1e594":153,"4ac6bd4e":154,"f044c0e1":163,"a5aee5de":191,"2e99f8fd":153,"804d4dfa":161,"95f6db13":165,"40569362":181,"35b58ef9":149,"d0b297b2":152,"ea274174":167,"01cd8099":170,"aefe13f5":175,"b4fdf90e":176,"195eb771":167,"95904ac4":179,"dd035d2a":160,"7ee7621c":164,"730a4938":151,"e0e48a2d":162,"9d4f1fe6":156,"7735c3c2":160,"91b28f83":168,"a06a6430":171,"45b038bb":197,"72805bf5":159,"5f6613c8":156,"3a1d1632":137,"76f3a3be":167,"288a2c43":161,"6df0b2e8":183,"5774ac0d":175,"31d74eee":157,"77bae750":158,"e99318a3":169,"5d087c79":163,"5a0eb771":157,"bda8cdfb":177,"cb6c9e42":186,"70594a28":170,"40e79dd3":166,"8f9b74b0":163,"18d20aa1":168,"b6ee137a":162,"4eed1bea":165,"cd421290":159,"e786063b":176,"9e65c0ef":165,"c1bdfd41":155,"a81a857c":153,"b320feb9":170,"caddd0a7":173,"0a2f71bc":153,"110b1ee3":166,"30fdcd3b":161,"6f81493d":153,"059d6c19":177,"ddec9e54":164,"c8977844":160,"04cc7cbe":158,"0bfabf48":153,"9fce073c":159,"4d9b0b10":162,"0d28db94":152,"753ca352":163,"053f3451":159,"8b5a8e9f":171,"478d2d4f":182,"fee32863":169,"a59a8290":171,"0f89862c":141,"b102f7bd":174,"f67de058":173,"ac38a6a5":178,"ef8321d8":164,"4d35385e":159,"911e770b":171,"3454fa2b":151,"de6213c7":159,"eeaa2d46":178,"a625328f":171,"2c01e624":165,"8547fbc2":159,"8dd2684c":166,"2d13e69b":168,"4bcd4a30":170,"c793cdda":162,"f2470875":175,"8dc9b4db":176,"3f2522c2":173,"317c1591":175,"2203f259":173,"22aeaf03":165,"836701f6":162,"58d46189":178,"7f86be64":165,"c85a0d80":169,"a4296d1e":159,"b3863630":163,"77300e4a":148,"90a06ee9":167,"bd984a8e":155,"8298e976":176,"1f88a4b7":183,"45fb95c1":165,"0d2c95fe":163,"f1098793":158,"1c3a30c5":171,"411b5027":149,"ea274174":168,"3f75d3bc":187,"da04caac":179,"a15713c6":181,"71e53c93":168,"45b5746e":166,"7ae34c64":159,"731fc335":148,"e382ec3f":151,"ad2d7bed":173,"4ea4a2a1":175,"95bc84f1":149,"ae8a09c4":167,"e81834aa":189,"468fc85c":173,"de11eb19":176,"26c6fa34":147,"fe0df575":172,"f94bf9ea":158,"b230e8d3":163,"13747b82":170,"12534561":166,"35aa7fd0":171,"6df0b2e8":184,"b7cc7909":180,"ce3407dd":160,"8a52882e":167,"794f652b":183,"789bd484":159,"b88033fd":173,"bf822e33":162,"db0a661e":158,"2d382981":159,"0f72f2d8":164,"792c9b6a":158,"8c6e001f":138,"c8dc010f":172,"fb8bfb36":177,"6490bac6":160
1604737630679,"a9b1bd51":127,"21ee2afe":176,"6e851762":156,"0e036ae9":182,"f5596d0f":174,"70bc8325":160,"8547fbc2":160,"ef1c2dcb":164,"2c627253":164,"f87c5031":170,"3062379b":158,"6d339d45":140,"3f65f121":174,"8cd78f77":173,"084cbc0b":158,"61d4782d":162,"deb31f35":171,"540df50f":166,"40860a4b":145,"c852d240":161,"60d6cee2":164,"e9a8cf11":168,"d929098e":137,"9cb4697f":180,"51a3e9c2":161,"ac030e74":159,"ba586505":172,"6034b6d0":171,"e6ec8cbf":176,"4f59a322":170,"f7231212":155,"00a17b46":162,"7218c9f1":150,"d83294cd":153,"92136ff5":164,"debe1f65":161,"c455f40e":155,"07107f6e":168,"c015ec5a":165,"805af3c7":166,"8f13c203":157,"d6f0d94a":160,"c1bdfd41":156,"28d40296":131,"014460b9":188,"56d315d8":146,"93fdbb44":155,"1d790491":172,"f66616b7":167,"1a0189c4":163,"f4b2f575":151,"90d52475":165,"4ed01268":155,"f87c5031":171,"22176537":158,"911e770b":172,"172217e5":176,"9147702f":144,"fd6dcb20":163,"36d340f2":144,"835358a0":155,"88b3bc99":153,"ccdd1ce6":166,"a63bddd4":204,"e58b26f6":181,"aaa274a5":164,"2f455cce":160,"8063df14":176,"78b97937":180,"b102f7bd":175,"dfcc2ad1":190,"7bda83dd":155,"cfafcda8":154,"0f89862c":142,"d9d0c567":169,"aa867541":155,"012de09c":162,"a851891c":158,"fafb4cc2":207,"906fdec3":154,"91f7ef72":153,"20e470e0":152,"8db62558":162,"026766f3":165,"93683c82":164,"655941a0":175,"d033db8d":188,"9b172ca8":147,"6b78ad7f":167,"a3253019":153,"c64de0c0":146,"0ecfa1c9":154,"2132fe93":173,"5f6613c8":157,"35aa7fd0":172,"e4714415":183,"4911acad":133,"16b476e9":162,"7f6d1d0e":173,"00cf385d":177,"93b0a158":178,"20811ddf":165,"f1df62b4":175,"aa187e3b":164,"ae95f2ba":186,"b3f19a69":157,"9496f56f":168,"d4ee22a4":170,"43d87483":168,"67c57de4":184,"e4cfef0a":153,"288d171f":164,"e1618359":170,"cb51f134":170,"4c4aa2e2":158,"77898c22":139,"3007f31f":150,"26dd2000":182,"ded7da5a":172,"92136ff5":165,"08a06557":190,"27d8bf51":159,"4def63ee":149,"e1f0dbfd":187,"4777334c":160,"7e76c93c":168,"d6f0d94a":161,"8f13c203":158,"ce3bf5db":167,"842c8340":155,"8a52882e":168,"c6c85783":174,"8ec3834d":178,"37fbb107":173,"c81b2bcf":146,"9d63c4dd":168,"27f52ed3":192,"9a3cc55d":155,"c318d350":184,"f6fe095d":172,"3f2522c2":174,"22aeaf03":166,"317c1591":176,"4ff2225d":158,"e8f173b5":164,"a6bcb07e":169,"468fc85c":174,"f277386e":146,"73b15e04":166,"59431390":162,"40569362":182,"a3d4a0e5":180,"71bc1295":155,"554ebb83":172,"ce4da56f":159,"ea274174":169,"d8475b95":136,"fe0df575":173,"35b58ef9":150,"af157d29":165,"72d7b461":177,"2cb29e5a":175,"7af262e5":182,"ec11fe5f":141,"733c86f8":175,"a0685bf3":183,"4c0e547b":175,"c6dc900c":141,"c510bfd3":179,"6e44927f":163,"fd482491":190,"a15713c6":182,"83b2f9c5":166,"810aa5e9":176,"d9d0c567":170,"dd035d2a":161,"8cd78f77":174,"4469c815":139,"9316e7e8":136,"19e9776f":162,"30dbfc69":163,"f883d582":152,"ddec9e54":165,"5272520d":169,"74f234c6":199,"3062379b":159,"3f65f121":175,"f3d68430":175,"7028b044":159,"272c7672":175,"865d9857":158,"140ce69e":159,"911e770b":173,"98915a1f":147,"288afc30":169,"cac4449a":162,"481754fc":145,"5acaa06f":137,"45b038bb":198,"be149c6f":145,"71279c46":162,"c9efc8f6":159,"4911acad":134,"bb00e71c":150,"4652b09a":178,"ee21ad02":183,"bec9d329":181,"8bc04eb5":166,"07f98660":170,"f7231212":156,"d815c5b4":191,"43d87483":169,"1c0a9eff":153,"753ca352":164,"ac030e74":160,"0d28db94":153,"b230e8d3":164,"32133249":171,"c852d240":162,"a836aa93":161,"470d50c2":166,"fe578280":158,"90a06ee9":168,"9267f0ef":178,"0da28f5b":179,"f76a3e83":171,"72b84094":195,"e2a7d915":144,"5a622a23":163,"f734c84c":186,"feb67030":159,"2209903e":172,"913a6226":174,"859545e6":156,"4fd645f1":164,"0b959527":157,"a81a857c":154,"50d129cf":155,"39a2fcce":152,"47d27624":154,"0f1ac912":152,"f2364460":161,"77f31bab":178,"9d63c4dd":169,"09f0db62":190,"312f7676":176,"83086d4c":164,"8dd649a3":161,"27f52ed3":193,"f1dffa24":147,"e45b4b53":153,"3310a049":165,"8aa78e2f":157,"07fc4a9a":176,"1db42092":171,"064a99c8":167,"31f6d707":184,"a8871ddf":151,"ad8f85d6":177,"b946e146":180,"7080f122":159,"fd369c21":176,"91536e85":172,"eb2e1983":158,"13b53c7a":160,"d78dd457":155,"55928ef1":157,"1bc0591f":159,"8721056e":150,"0042f6eb":154,"8a165e17":172,"781ace7d":164,"3101354b":144,"3c0df8b4":171,"ec110282":188,"be4f8ba8":155,"6de0aaac":154,"50c3164b":183,"2dda3936":156,"cbb54a0a":153,"57167c74":153,"ea6de194":172,"24ffcbd3":182,"3b690f68":176,"4ee62a26":155,"ca6d2d91":164,"19e9776f":163,"f1b493de":185,"cf1124db":155,"b7434f57":131,"21ee2afe":177,"dd7acb96":173,"9fa62fee":162,"8547fbc2":161,"f4726450":159,"6a3eaf43":178,"c609739e":166,"e81834aa":190,"d33790a2":197,"d36125db":170,"4cc141fa":141,"0cb80f4a":165,"fa55f27a":175,"1c3a30c5":172,"8323d333":154,"bc392d1c":149,"c27969ec":155,"4f5e3e7d":153,"4ba6eb36":157,"aa867541":156,"7896b953":174,"ee75b607":155,"04bef50c":141,"04cc7cbe":159,"9d4f1fe6":157,"f1df62b4":176,"e382ec3f":152,"c38c2b52":160,"e6ec8cbf":177,"17446892":163,"72805bf5":160,"288a2c43":162,"b35bb8a1":161,"35aa7fd0":173,"f94bf9ea":159,"c4feee5b":164,"1a2c020b":171,"972f4174":175,"8e99d5d0":193,"6fb4cdda":177,"5be594be":163,"1e232870":170,"feb67030":160,"bc09fa9e":164,"4295ce9a":164,"27d8bf51":160,"21e10a2b":161,"9a80f004":166,"a0cca8b7":153,"4777334c":161,"61d4782d":163,"d5557fb4":168,"789bd484":160,"7e15f8e8":173,"84369269":145,"c81b2bcf":147,"8ec3834d":179,"263762cb":152,"971675c5":172,"836701f6":163,"5270f158":159,"6085137f":149,"22aeaf03":167,"7ee148e9":164,"b2703001":172,"9ceb5439":150,"cf9f4757":156,"7f6d1d0e":174,"869cbaa0":177,"629800eb":178,"10ec5a0b":150,"cc5a1d47":160,"92ca52b7":175,"8007f30e":144,"9a3ab0b8":165,"33d6bb6a":160,"b102f7bd":176,"0e2b5d2f":167,"8b5a8e9f":172,"d6320619":154,"eeaa2d46":179,"6751d8e4":170,"aab4d996":162,"cc6bbe45":161,"57167c74":154,"4def63ee":150,"caddd0a7":174,"ffc86f94":146,"7cd0ad7b":169,"8db62558":163,"dbd2f139":166,"f883d582":153,"467773ac":156,"430a5db5":168,"6f81493d":154,"aaa274a5":165,"a63bddd4":205,"36d340f2":145,"57540cc3":166,"d1ca5d6b":171,"6e851762":157,"b9a48a5c":146,"d0d6acb1":169,"9c045c61":168,"2d13e69b":169,"32c9fc47":169,"6291e9e9":174,"bbe71605":148,"4febf7c5":166,"b36a0d66":153,"2198ba8e":160,"01cd8099":171,"a8871ddf":152,"332820ce":176,"3c782bb3":165,"6be9332a":150,"d102b0c6":156,"bc392d1c":150,"3652bd66":167,"608bc832":142,"c609739e":167,"ea274174":170,"cbad3b92":191,"5f8517b7":187,"b4fdf90e":177,"4bcd4a30":171,"8db5a165":152,"4bc46d7a":156,"61145ec9":173,"3c0df8b4":172,"95904ac4":180,"28654c76":178,"cf1b8c47":178,"ba586505":173,"16b476e9":163,"20811ddf":166,"c852d240":163,"1a68160d":165,"79f04300":169,"f598a332":155,"53431634":189,"f121b82c":170,"efe84c27":170,"dbc9df44":150,"85de05f2":161,"e2a7d915":145,"3ef7432b":178,"51c57542":173,"c45d554f":170,"92136ff5":166,"9f5e6cba":178,"6df0b2e8":185,"71a2a493":133,"031e488e":172,"51f80f4c":187,"b230e8d3":165,"f4b2f575":152,"317c1591":177,"c95719e5":153,"b1f58563":158,"d957f027":162,"7e15f8e8":174,"8ec3834d":180,"b8ab8e6e":160,"e99318a3":170,"c98d5272":164,"c0b23081":185,"04cc7cbe":160,"2882a956":164,"07f98660":171,"056ea7ff":178,"bf30a08f":181,"ffa08d82":166,"7218c9f1":151,"621d6b18":168,"f7231212":157,"a85d89cc":165,"afe8e06a":145,"cfafcda8":155,"fef750ca":166,"ab7467de":177,"c8fcad77":151,"65a00a3c":163,"b5ce0c0c":182,"0a2f71bc":154,"3fdb08f5":164,"4fd645f1":165,"62d1d346":148,"bb98a6cf":185,"66b7b5b4":158,"1a2ec5d7":184,"4360a1a3":180,"26ed1a5c":164,"c3e6ef01":163,"381c68fa":166,"ea822700":163,"6e851762":158,"22176537":159,"d1ca5d6b":172,"2cb29e5a":176,"2d54e0a8":164,"a63bddd4":206,"e58b26f6":182,"fd6dcb20":164,"72d7b461":178,"f3d68430":176,"2a06ab95":178,"ef8321d8":165,"416a9e97":154,"016953e4":175,"c318d350":185,"dc583e64":174,"59431390":163,"95d3d348":152,"d36125db":171,"d9dcdc4b":181,"a0b03218":167,"b6aaf976":165,"f5829ac0":175,"67f6e4f2":147,"c6e3d352":167,"6a60348e":160,"a0bc1ceb":162,"554ebb83":173,"2cce4fb2":172,"07fc4a9a":177,"74e01f6a":161,"3652bd66":168,"2d382981":160,"0cb80f4a":166,"3d1af513":178,"1c3a30c5":173,"336d0f08":176,"82b81567":147,"c1bb74f2":160,"1bc0591f":160,"bd62d7ed":157,"55928ef1":158,"a15713c6":183,"012de09c":163,"95904ac4":181,"7896b953":175,"d8e58a8c":177,"3a291497":151,"731fc335":149,"36380d96":168,"288d171f":165,"69134f07":156,"9b742f71":161,"3498f223":162,"90a06ee9":169,"704bce0d":161,"4295ce9a":165,"af034fee":179,"32133249":172,"60d6cee2":165,"a6003226":158,"a2c334e7":184,"8d04852b":160,"35aa7fd0":174,"d599b566":176,"317c1591":178,"6d61bf13":157,"8dd649a3":162,"6adce358":179,"815e4582":180,"4ed01268":156,"ccf8b803":171,"842c8340":156,"36684155":174,"5d087c79":164,"d815c5b4":192,"3b2dee89":162,"124fbe96":153,"935ec056":153,"79be29c8":154,"d83294cd":154,"37d0cae2":151,"7a840529":157,"e0e48a2d":163,"a06a6430":172,"9f74b8a4":156,"77bfed7e":167,"91536e85":173,"7e95c5a0":171,"0f89862c":143,"11b2c8d9":157,"78b97937":181,"e5b1abc6":159,"6490bac6":161,"daab45c6":152,"18d20aa1":169,"547903ef":170,"7bebff03":162,"261c9911":175,"259930ee":170,"859545e6":157,"caddd0a7":175,"7e76c93c":169,"25776fc4":172,"8f13c203":159,"5ab7bc35":170,"61f25dd4":185,"cd3bbe7e":166,"66b7b5b4":159,"751acea8":160,"a8726d50":150,"7cd0ad7b":170,"6f81493d":155,"8dd2684c":167,"b947257e":169,"8547fbc2":162,"0bd93cfd":133,"6143f39d":168,"50c3164b":184,"a77e8461":166,"22234d6b":172,"eeaa2d46":180,"bca2d7cd":157,"15620dca":182,"b946e146":181,"fd369c21":177,"6751d8e4":171,"fe1d4419":162,"437fc3ec":182,"c7ab83c1":150,"868edcc0":180,"17b08923":163,"e8d74304":156,"b552beb3":175,"07fc4a9a":178,"ac62fac2":180,"1438fad7":167,"761cf820":176,"0eaf08da":169,"49910300":149,"9260d96b":188,"27c8e038":181,"8b2b601d":173,"4ba6eb36":158,"3e602573":162,"c7c4ec5c":151,"01cd8099":172,"cac4449a":163,"d33790a2":198,"3d1af513":179,"de11eb19":177,"6c524f99":177,"2a4a402a":158,"2a76f1dd":151,"95904ac4":182,"a851891c":159,"3a291497":152,"f905a555":154,"83b2f9c5":167,"c91966ce":158,"91f7ef72":154,"dbc9df44":151,"1a68160d":166,"e7abc88d":155,"69134f07":157,"288d171f":166,"3498f223":163,"b215547b":156,"af034fee":180,"081460bf":166,"c9efc8f6":160,"12534561":167,"f94bf9ea":160,"3c18f28e":159,"181c3dd5":169,"5f7d7195":163,"5d087c79":165,"d39724bc":157,"b0869206":171,"bd2705b0":172,"4b125e7b":164,"51a3e9c2":162,"bb00e71c":151,"11b74e63":158,"6034b6d0":172,"ae95f2ba":187,"cb142908":151,"9c29f0ed":184,"abd32136":173,"385ab7c6":167,"ef91eaae":147,"2a387957":162,"b88033fd":174,"a1921150":176,"650bb0e0":160,"bf822e33":163,"547903ef":171,"7e8e1c3d":164,"e21c6207":166,"ecfa8249":176,"cd421290":160,"e1f0dbfd":188,"bc09fa9e":165,"a33fe0dd":169,"aa021138":184,"d6f0d94a":162,"49b358bd":172,"4def63ee":151,"3bad3c95":145,"c8fcad77":152,"8942c35b":167,"c2bb8aae":159,"4360a1a3":181,"56d315d8":147,"ac38a6a5":179,"6751d8e4":172,"a6626a13":152,"affb82bf":178,"22176537":160,"9147702f":145,"315537b2":174,"dd7acb96":174,"1f342a00":159,"15620dca":183,"2d54e0a8":165,"ec2cb1af":170,"6143f39d":169,"39ba00f0":169,"836701f6":164,"09f0db62":191,"83086d4c":165,"c0b7e7d7":152,"1951480c":150,"eda6a690":156,"016953e4":176,"a4dafea5":163,"1db42092":172,"e0f7679f":147,"a24e6670":165,"ad8f85d6":178,"8d753bb6":167,"b6aaf976":166,"8c6e001f":139,"a6bcb07e":170,"2e99f8fd":154,"12a2cd4b":158,"0d2c95fe":164,"fe0df575":174,"59c1e594":154,"812b4f15":145,"c7c4ec5c":152,"481754fc":146,"d0e9a58e":165,"6f0fcb9d":172,"71bc1295":156,"1ff8c2fc":173,"55928ef1":159,"92ca52b7":176,"9d023afb":162,"6a7392d5":149,"1105f790":191,"d78dd457":156,"be3a10f8":182,"a901627e":158,"69eeae0d":151,"74c26380":183,"71e53c93":169,"ec110282":189,"fe44fc6f":155,"abc1d7ad":183,"8db62558":164,"61f25dd4":186,"1e7753d9":175,"0a92153e":166,"b2c25d1c":155,"972f4174":176,"6fb4cdda":178,"e9679ede":160,"4b4ecbce":147,"efe84c27":171,"a1370ab0":163,"b35bb8a1":162,"3a1d1632":138,"47cfba38":151,"031e488e":173,"24a9fb86":179,"2132fe93":174,"6841f77e":178,"11b74e63":159,"16b476e9":164,"d815c5b4":193,"95d331b1":155,"e4c312fe":169,"6775d5cd":165,"b9be31d6":178,"d83294cd":155,"8fb236a9":150,"8ac72326":167,"0bfabf48":154,"c8113b77":157,"faf4f98b":177,"8a52882e":169,"0f1ac912":153,"2b3c49b9":163,"4dac6b20":140,"cd421290":161,"e1f0dbfd":189,"9a80f004":167,"7bebff03":163,"ded7da5a":173,"a33fe0dd":170,"a81a857c":155,"2af60749":166,"4c39240e":178,"e3547548":160,"9bdf362a":169,"b5ce0c0c":183,"cc11fef9":177,"b8ab8e6e":161,"5957df9e":158,"36b7003c":192,"90d52475":166,"527ff946":170,"6de0aaac":155,"22176537":161,"f2f58418":150,"a625328f":172,"f2470875":176,"3a204e56":166,"9a3cc55d":156,"f1dffa24":148,"016953e4":177,"d599b566":177,"fe1d4419":163,"1db42092":173,"8298e976":177,"013ee301":155,"64a7f79f":171,"8493f3b2":169,"1be05c14":173,"4b4ef7fa":157,"4ac6bd4e":155,"d9dcdc4b":182,"d82592f4":167,"489a39f7":161,"1bd5b20b":177,"b2bd8fd3":151,"b36a0d66":154,"c7c4ec5c":153,"dd1fcb17":153,"e8d74304":157,"cfe72ead":157,"d0c0fc08":145,"74e01f6a":162,"00554ffd":170,"6a3eaf43":179,"9de29816":145,"49902219":189,"5747db6e":174,"383e232d":166,"15620dca":184,"7e991ab9":132,"f2ca27d9":182,"778c95e9":163,"835358a0":156,"0e2b5d2f":168,"831c7b85":164,"92ca52b7":177,"7af262e5":183,"2a76f1dd":152,"20958d58":154,"a0685bf3":184,"abc1d7ad":184,"a15713c6":184,"2dd0e808":160,"83b2f9c5":168,"5f0c1b9d":170,"56473430":180,"5ef93e5d":145,"f883d582":154,"142d6987":162,"902f49f5":163,"d0c104c4":138,"4ee62a26":156,"30fdcd3b":162,"7f86be64":166,"0da28f5b":180,"36380d96":169,"501db4de":168,"ebdbf580":171,"4b4ecbce":148,"470d50c2":167,"be149c6f":146,"5ac86fb9":173,"3c18f28e":160,"47cfba38":152,"031e488e":174,"6df0b2e8":186,"540df50f":167,"ee75b607":156,"54d7de6b":184,"bd2705b0":173,"1757a30e":154,"6ee92259":177,"ea4d3f3e":172,"a06a6430":173,"d815c5b4":194,"0d28db94":154,"d7cb9bcf":154,"1dad0f99":156,"b73e789c":156,"9fce073c":160,"629800eb":179,"51c57542":174,"5fa12feb":168,"debe1f65":162,"07107f6e":169,"9d0546ac":149,"a851554d":167,"6b9eff39":161,"1623fc9f":162,"2af60749":167,"62d1d346":149,"30c5d755":175,"4fd645f1":166,"719c8869":180,"3bad3c95":146,"d5557fb4":169,"0f1ac912":154,"44a4f7cd":170,"5339e1e9":176,"25d1b2d8":170,"2a387957":163,"c6c85783":175,"263762cb":153,"004f1ef3":197,"19f9ca86":171,"363590c7":181,"a77e127d":145,"7ee148e9":165,"c7ab83c1":151,"cf84fb54":170,"8298e976":178,"90731976":155,"d36125db":172,"ac62fac2":181,"6f0fcb9d":173,"d8475b95":137,"6291e9e9":175,"1ff8c2fc":174,"17807120":162,"2cce4fb2":173,"ae8a09c4":168,"31f6d707":185,"cbad3b92":192,"0b5a0408":176,"c7c4ec5c":154,"dd1fcb17":154,"8245f916":159,"792c9b6a":159,"74e01f6a":163,"fe0df575":175,"fd6dcb20":165,"af157d29":166,"22176537":162,"a625328f":173,"1d153b20":170,"b7832271":177,"12012fbd":153,"0042f6eb":155,"478d2d4f":183,"f5e8dfee":173,"f2e3c0e3":149,"8007f30e":145,"13b53c7a":161,"a66a2d8a":178,"fe44fc6f":156,"3c0df8b4":173,"d9d0c567":171,"ae016053":189,"95904ac4":183,"a472532e":147,"49cb2959":175,"eafbf9fb":165,"383e232d":167,"3f65f121":176,"d552eb2f":173,"e58b26f6":183,"1f342a00":160,"d70ca4f4":177,"26ed1a5c":165,"059d6c19":178,"1e7753d9":176,"902f49f5":164,"4360a1a3":182,"93683c82":165,"69134f07":158,"be2955bb":164,"f33c0140":168,"c382f054":174,"dcf85091":148,"39ba00f0":170,"aec4e1bf":166,"f94bf9ea":161,"3a1d1632":139,"e4714415":184,"b7cc7909":181,"71a2a493":134,"5774ac0d":176,"4652b09a":179,"87c462ee":178,"b3f19a69":158,"51a3e9c2":163,"d83870f5":163
1604737631646,"3a204e56":167,"eda6a690":157,"0b3283c9":170,"095ab3b4":166,"5410e9c6":172,"5270f158":160,"317c1591":179,"868edcc0":181,"8aa78e2f":158,"1f88a4b7":184,"d9dcdc4b":183,"87ce8d1d":144,"0114160e":161,"d82592f4":168,"b8397293":155,"6ebe2354":146,"1bd5b20b":178,"11888cfa":150,"b2bd8fd3":152,"a4dafea5":164,"3652bd66":169,"b35e9e1a":197,"35b58ef9":151,"8c6e001f":140,"64a7f79f":172,"b7df1559":165,"fa55f27a":176,"7a2f3f06":157,"f2086446":157,"ebdbf580":172,"2ad42a9e":184,"7e8e1c3d":165,"c650b434":170,"77898c22":140,"5a622a23":164,"4e5aaaec":152,"a0cca8b7":154,"c015ec5a":166,"ea6de194":173,"fbdffc95":156,"259930ee":171,"c1bdfd41":157,"2154b6e8":156,"ffc86f94":147,"d4d5f466":161,"07f98660":172,"4b125e7b":165,"d4ee22a4":171,"2ce1af05":145,"87cd2add":150,"b9be31d6":179,"ba938220":166,"d2466211":182,"1e7753d9":177,"d033db8d":189,"1e191c98":148,"026766f3":166,"dbd2f139":167,"c3e6ef01":164,"61f25dd4":187,"014bdff0":168,"25635c37":150,"1951480c":151,"fb7b7b3c":188,"6085137f":150,"312f7676":177,"cd522166":179,"478d2d4f":184,"eb2e1983":159,"9a07d89b":156,"1bc0591f":161,"0042f6eb":156,"f5e8dfee":174,"3c0df8b4":174,"ae016053":190,"345c9967":156,"d8e58a8c":178,"fafb4cc2":208,"fe44fc6f":157,"dd035d2a":162,"ea9bba6b":168,"6291e9e9":176,"6d802fa2":148,"66554572":136,"2d1e1e9d":164,"04612878":179,"3c782bb3":166,"1b153aef":172,"fb44fa9c":173,"13f0e139":156,"5acaa06f":138,"71bc1295":157,"05642105":165,"7ae3fc50":151,"aa00769b":182,"7a6aa4b6":164,"c609739e":168,"6f0fcb9d":174,"26c6fa34":148,"45b038bb":199,"02d4753e":187,"0f72f2d8":165,"c0fea118":155,"1a2c020b":172,"80a8a56d":162,"79f04300":170,"06ee61b6":148,"90a06ee9":170,"acac14fb":159,"26dd2000":183,"20777945":159,"44ff8baa":158,"a0cca8b7":155,"805534ac":177,"7bebff03":164,"ccb5ea3e":147,"ca7d47f7":171,"1623fc9f":163,"ba30e43a":173,"dac109cf":162,"d957f027":163,"91d52a55":164,"0670c466":153,"f4b2f575":153,"2b3e4717":168,"1b881e6e":167,"a1921150":177,"57540cc3":167,"ec2cb1af":171,"9e206c95":187,"6a3eaf43":180,"36d340f2":146,"e9adbe58":163,"50c3164b":185,"730a4938":152,"935ec056":154,"1c0a9eff":154,"cc5a1d47":161,"11b74e63":160,"20811ddf":167,"50c468ba":161,"8fb236a9":151,"d39724bc":158,"bec9d329":182,"ae95f2ba":188,"43d87483":170,"e4cfef0a":154,"619fda68":200,"ce3bf5db":168,"df2b4d87":157,"a33fe0dd":171,"cc11fef9":178,"906632cb":175,"3b690f68":177,"902f49f5":165,"d0c104c4":139,"1f11812e":177,"bb98a6cf":186,"c95719e5":154,"0fc5ac7e":186,"8dd2684c":168,"0277d748":172,"f271ed5d":168,"92efd84f":169,"d552eb2f":174,"d744bee2":160,"162a7348":161,"d6d61bfc":178,"c64de0c0":147,"40860a4b":146,"bb8a6337":150,"c4bff41f":180,"b1f58563":159,"cfafcda8":156,"478d2d4f":185,"a567ace4":167,"1bc0591f":162,"e5b1abc6":160,"6a7392d5":150,"8007f30e":146,"616d6dd6":166,"537634c9":141,"1d44aff3":172,"a15713c6":185,"abc1d7ad":185,"3101354b":145,"db8ba455":164,"d599b566":178,"695a2b92":156,"363590c7":182,"e7773397":151,"c318d350":186,"95f6db13":166,"cf50e84e":154,"bbe71605":149,"cf84fb54":171,"6c73ae98":139,"02d4753e":188,"6db0ea86":156,"be1746a0":166,"0cb80f4a":167,"b7df1559":166,"820225e4":137,"a533489b":181,"01cd8099":173,"b8397293":156,"ef16ca37":163,"87ce8d1d":145,"79f04300":171,"34c5c729":159,"dcf85091":149,"ebdbf580":173,"be2955bb":165,"168e75d9":165,"9b172ca8":148,"4e5aaaec":153,"8ea21393":146,"7d112f4d":171,"bc09fa9e":166,"daab45c6":153,"77898c22":141,"31f6d707":186,"03c398d2":170,"00554ffd":171,"d82592f4":169,"9fc713b0":178,"081460bf":167,"5d087c79":166,"2a387957":164,"f2364460":162,"c6c85783":176,"66d94227":159,"a1921150":178,"d5557fb4":170,"d6320619":155,"04bef50c":142,"6ee92259":178,"b3f19a69":159,"b0869206":172,"677c6a09":184,"290b4714":165,"1c0a9eff":155,"cf9f4757":157,"10ec5a0b":151,"f7231212":158,"0785820e":163,"1dad0f99":157,"b9be31d6":180,"2ce1af05":146,"bfad1727":150,"62d1d346":150,"7be025ce":165,"fce3c5c6":152,"d9d7c4c2":172,"638cb163":190,"3fdb08f5":165,"a577db1c":154,"381c68fa":167,"c8977844":161,"110b1ee3":167,"3b690f68":178,"430a5db5":169,"059d6c19":179,"30fdcd3b":163,"9a467a82":168,"f87c5031":172,"2180f99b":160,"f271ed5d":169,"88432019":154,"98915a1f":148,"140ce69e":160,"88b3bc99":154,"eafbf9fb":166,"a625328f":174,"30dd2edc":164,"d744bee2":161,"ea822700":164,"60d6cee2":166,"74e3d13e":166,"aec4e1bf":167,"64db4feb":184,"82204d54":156,"478d2d4f":186,"8b5a8e9f":173,"a66a2d8a":179,"55928ef1":160,"c1bb74f2":161,"dfcc2ad1":191,"aa867541":157,"ef8987d7":158,"616d6dd6":167,"a472532e":148,"dc03ebd2":181,"71e53c93":170,"ae016053":191,"004f1ef3":198,"6b79fec2":161,"42191b64":144,"8dd649a3":163,"6085137f":151,"f6fe095d":173,"5270f158":161,"e0f7679f":148,"95f6db13":167,"11888cfa":151,"f9c15fcc":160,"6a60348e":161,"9260d96b":189,"685207b3":165,"06ee61b6":149,"fe578280":159,"7f86be64":167,"c4feee5b":165,"80a8a56d":163,"c382f054":175,"2ad42a9e":185,"261c9911":176,"a851554d":168,"ad8f85d6":179,"3652bd66":170,"fb44fa9c":174,"03dcfa3d":163,"cf84fb54":172,"5a0ead91":146,"48655f09":201,"b2a8761b":159,"e81834aa":191,"be1746a0":167,"b8397293":157,"4febf7c5":167,"4ac6bd4e":156,"d8475b95":138,"87922532":189,"3c18f28e":161,"4125085e":170,"72805bf5":161,"a1921150":179,"97e75c19":173,"a983a6dc":153,"36684155":175,"90d52475":167,"5d087c79":167,"527ff946":171,"ee75b607":157,"d929098e":138,"d1d40c9c":177,"9d4f1fe6":158,"7f6d1d0e":175,"aa187e3b":165,"93b0a158":179,"07f98660":173,"76f94eda":181,"9aa6a054":168,"753ca352":165,"8fb236a9":152,"e57d5cda":159,"056ea7ff":179,"daab45c6":154,"21e10a2b":162,"4eed1bea":166,"4dac6b20":141,"f8b31ce5":189,"d141db49":164,"4def63ee":152,"3fdb08f5":166,"a577db1c":155,"c1bdfd41":158,"ffc86f94":148,"cc11fef9":179,"a8726d50":151,"1a2ec5d7":185,"f883d582":155,"a68a93b2":158,"b8488fc8":166,"a8c93bed":162,"8b5a8e9f":174,"f5e8dfee":175,"8721056e":151,"fef750ca":167,"9a3ab0b8":166,"f3a0c2ee":165,"f905a555":155,"9e206c95":188,"88432019":155,"0bd93cfd":134,"ea822700":165,"140ce69e":161,"9ab755d3":155,"d1715f3b":178,"eb7b4e29":156,"6d339d45":141,"315537b2":175,"d552eb2f":175,"2f455cce":161,"51f57142":166,"f4726450":160,"3e082b37":154,"95d3d348":153,"836701f6":165,"fb7b7b3c":189,"363590c7":183,"a58bf525":164,"1138796e":175,"71ff66e8":165,"58d46189":179,"94a2fe10":181,"e1618359":171,"c21ab51e":143,"470d50c2":168,"8e99d5d0":194,"754f98c9":177,"655954ba":158,"f2086446":158,"411b5027":150,"8298e976":179,"d0e9a58e":166,"d36125db":173,"9260d96b":190,"4ff2225d":159,"a0b03218":168,"b552beb3":176,"554ebb83":174,"cac4449a":164,"820225e4":138,"7ae3fc50":152,"17807120":163,"50312237":167,"0eaf08da":170,"b4fdf90e":178,"9c58dd76":168,"dfc89705":173,"358e45b1":157,"d8475b95":139,"64db4feb":185,"2132fe93":175,"c93c3508":144,"e4714415":185,"227006e4":162,"288a2c43":163,"ed4fad08":173,"794f652b":184,"c67979e6":185,"bad1a1cc":163,"f2364460":163,"8ec3834d":181,"f4b2f575":154,"f66616b7":168,"71ba7561":147,"abc1d7ad":186,"d8e58a8c":179,"a472532e":149,"4abb7aed":161,"4dac6b20":142,"9d0546ac":150,"805534ac":178,"fb8bfb36":178,"21e10a2b":163,"201cafad":163,"d25e0f8d":193,"ea6de194":174,"4fd645f1":167,"ba30e43a":174,"7e76c93c":170,"3fdb08f5":167,"92f800f5":174,"0f029727":154,"0841052c":181,"911e770b":174,"08c6b5d2":165,"217c0327":147,"2d13e69b":170,"2180f99b":161,"6de0aaac":156,"88b3bc99":155,"0bd93cfd":135,"49902219":190,"f3d68430":177,"fb7482fe":166,"7028b044":160,"3661e12d":161,"e9adbe58":164,"d815c5b4":195,"07f98660":174,"abd32136":174,"8fb236a9":153,"dffa7793":143,"9aa6a054":169,"abad2347":174,"597c1f81":168,"6ee92259":179,"385ab7c6":168,"00cf385d":178,"cf9f4757":158,"6b82b527":170,"fee32863":170,"ad2d7bed":174,"478d2d4f":187,"ba5c52af":159,"6c524f99":178,"33d6bb6a":161,"13b53c7a":162,"78467b8a":174,"5f96c2bc":163,"3a291497":153,"d9a64845":165,"1d44aff3":173,"3c0df8b4":175,"6085137f":152,"f1dffa24":149,"1951480c":152,"5099c6a0":185,"b935fc1c":164,"eda6a690":158,"c7ab83c1":152,"ca6d2d91":165,"30fdcd3b":164,"dbd2f139":168,"7a9344a4":187,"6f81493d":156,"dae0f922":168,"685207b3":166,"145c7559":163,"2e3503e4":178,"0dad37d5":169,"b215547b":157,"efe84c27":172,"e0154608":170,"b552beb3":177,"a6bcb07e":171,"de36827b":185,"0d2c95fe":165,"4ac6bd4e":157,"8d753bb6":168,"74e01f6a":164,"b35e9e1a":198,"3c782bb3":167,"27c8e038":182,"5acaa06f":139,"f5829ac0":176,"b2bd8fd3":153,"d33790a2":199,"6867261a":171,"0681c48e":181,"57d5dee8":177,"1ed46298":176,"b230e8d3":166,"24a9fb86":180,"6632fed0":169,"e15fd611":154,"36b7003c":193,"37fbb107":174,"23760167":165,"1b881e6e":168,"5339e1e9":177,"e99318a3":171,"358e45b1":158,"812b4f15":146,"db0a661e":159,"04612878":180,"95904ac4":184,"91f7ef72":155,"16b476e9":165,"0d770b97":161,"aa187e3b":166,"a6b5e869":168,"ba586505":174,"5acce642":168,"9d4f1fe6":159,"a43061ee":154,"554ebb83":175,"946df4fd":189,"5a622a23":165,"2b3c49b9":164,"2ad42a9e":186,"e2cbe594":168,"913a6226":175,"d25e0f8d":194,"6490bac6":162,"719c8869":181,"30c5d755":176,"b320feb9":171,"4c39240e":179,"014460b9":189,"868cda42":165,"e786063b":177,"0e036ae9":183,"e9adbe58":165,"6cba74ce":149,"9fa62fee":163,"c0e2624b":158,"a77e8461":167,"3062379b":160,"3454fa2b":152,"f069bb07":155,"eafbf9fb":167,"22176537":163,"272c7672":176,"b7832271":178,"c793cdda":163,"0785820e":164,"c8113b77":158,"77bfed7e":168,"d4ee22a4":172,"87083264":184,"6f39f4d9":178,"a06a6430":174,"82204d54":157,"cfafcda8":157,"1745a0f4":168,"7fdc2007":152,"eb2e1983":160,"2a4a402a":159,"6c486702":172,"8a165e17":173,"6e44927f":164,"dc583e64":175,"437fc3ec":183,"eda6a690":159,"0d5ee801":160,"751bcf25":159,"467773ac":157,"40a745c0":169,"3b690f68":179,"026766f3":167,"dbd2f139":169,"34c5c729":160,"79f04300":172,"4b4ecbce":149,"9b172ca8":149,"f76a3e83":172,"8e99d5d0":195,"a3253019":154,"95d3d348":154,"836701f6":166,"82868763":157,"016953e4":178,"32c9fc47":170,"54a676d6":159,"4945c851":177,"11888cfa":152,"8298e976":180,"288afc30":170,"71a2a493":135,"d6d61bfc":179,"5774ac0d":177,"13747b82":171,"5eaa1581":160,"ed4fad08":174,"35aa7fd0":175,"0670c466":154,"91d52a55":165,"cf775f58":174,"8ec3834d":182,"4ed01268":157,"99e171db":162,"c67979e6":186,"de36827b":186,"87922532":190,"b4fdf90e":179,"71ba7561":148,"537634c9":142,"1d44aff3":174,"52eca0dc":166,"7896b953":176,"677c6a09":185,"5b5fc566":166,"cb4f262b":152,"d39724bc":159,"045f280d":167,"9263c525":168,"26c6fa34":149,"be1746a0":168,"c7c4ec5c":155,"4ea4a2a1":176,"b460f030":190,"336d0f08":177,"a0b03218":169,"48655f09":202,"67f6e4f2":148,"12a2cd4b":159,"c650b434":171,"6490bac6":163,"3ef7432b":179,"6b9eff39":162,"4295ce9a":166,"4dac6b20":143,"ab7467de":178,"fce3c5c6":153,"b7505747":165,"ca7d47f7":172,"c4e70c07":156,"805af3c7":167,"014460b9":190,"7be025ce":166,"1d153b20":171,"01d817b8":139,"217c0327":148,"7d6895f4":173,"affb82bf":179,"2a06ab95":179,"7080f122":160,"70bc8325":161,"6e851762":159,"f87c5031":173,"835358a0":157,"39ba00f0":171,"2d54e0a8":166,"d0d6acb1":170,"e4117b3b":151,"124fbe96":154,"e356abf1":168,"7a840529":158,"7fb4c521":166,"af7e5be8":163,"2b698053":167,"10ec5a0b":152,"053f3451":160,"ef91eaae":148,"fead11cf":165,"0042f6eb":157,"9d023afb":163,"4c0e547b":176,"dc0c8b09":181,"ba5c52af":160,"5ccf94d6":160,"1f11812e":178,"902f49f5":166,"ca6d2d91":166,"1e7753d9":178,"c3e6ef01":165,"1a2ec5d7":186,"655954ba":159,"4e3f5178":176,"b2c25d1c":156,"145c7559":164,"77300e4a":149,"3498f223":164,"6d61bf13":158,"f5cd79c1":175,"578f6e9e":173,"8dd649a3":164,"6085137f":153,"f2470875":177,"e7773397":152,"af034fee":181,"76f3a3be":168,"03b4ab60":158,"42c80e69":182,"35aa7fd0":176,"5a734022":153,"5ac86fb9":174,"31d74eee":158,"77bae750":159,"6adce358":180,"394dc144":157,"088feee2":167,"5a0eb771":158,"ce3407dd":161,"4ff2225d":160,"a8871ddf":153,"30c184b8":163,"ae016053":192,"781ace7d":165,"7896b953":177,"f789f6d8":161,"5f0c1b9d":171,"195eb771":168,"810aa5e9":177,"ee75b607":158,"90731976":156,"a4dafea5":165,"1b153aef":173,"66554572":137,"71bc1295":158,"08a4c3f8":174,"32c9fc47":171,"74e01f6a":165,"82b81567":148,"045f280d":168,"4b4ef7fa":158,"1ff8c2fc":175,"12271e14":180,"ea274174":171,"7a2f3f06":158,"35b58ef9":152,"6585adbe":145,"9fc713b0":179,"742f1425":172,"f2086446":159,"c455f40e":156,"e2a7d915":146,"0149e11a":147,"e1f0dbfd":190,"ccb5ea3e":148,"5a622a23":166,"cd421290":162,"c015ec5a":167,"d141db49":165,"1623fc9f":164,"d6f0d94a":163,"9e65c0ef":166,"805af3c7":168,"7be025ce":167,"12dd6f5e":148,"49902219":191,"8547fbc2":163,"7d6895f4":174,"217c0327":149,"15620dca":185,"12012fbd":154,"1f342a00":161,"9fa62fee":164,"a6626a13":153,"d3a669ac":173,"5eab91a0":177,"ad2d7bed":175,"290b4714":166,"7735c3c2":161,"d83870f5":164,"54d7de6b":185,"d5059415":161,"76f94eda":182,"7fb4c521":167,"f1df62b4":177,"d2466211":183,"056ea7ff":180,"ae95f2ba":189,"8b5a8e9f":175,"cc11fef9":180,"19e9776f":164,"26ed1a5c":166,"e62d705f":158,"30fdcd3b":165,"5272520d":170,"dae0f922":169,"34c5c729":161,"f2086446":160,"263762cb":154,"95d3d348":155,"f2470875":178,"c564e316":171,"836701f6":167,"c0b7e7d7":153,"ef1c2dcb":165,"b7832271":179,"5a07fc2e":144,"c93c3508":145,"aec4e1bf":168,"3a1d1632":140,"ed4fad08":175,"32133249":173,"47cfba38":153,"bb8a6337":151,"faf3ed07":157,"66d94227":160,"8ec3834d":183,"71ff66e8":166,"13b53c7a":163,"8007f30e":147,"fe8f3d36":163,"d78dd457":157,"c6dc900c":142,"dfcc2ad1":192,"616d6dd6":168,"fafb4cc2":209,"cf1b8c47":179,"fe44fc6f":158,"d8e58a8c":180,"56473430":181,"db8ba455":165,"7732eb1e":181,"013ee301":156,"66554572":138,"411b5027":151,"5acaa06f":140,"17b08923":164,"d8475b95":140,"820225e4":139,"332820ce":177,"cf52025e":163,"b84a06eb":165,"288afc30":171,"71bc1295":159,"31f6d707":187,"baebb391":176,"5f8517b7":188,"0eaf08da":171,"c609739e":169,"e0e6a097":156,"bad6cdb1":140,"d0c0fc08":146,"f33c0140":169,"0a92153e":167,"5be594be":164,"b3863630":164,"36380d96":170,"26dd2000":184,"3007f31f":151,"261c9911":177,"efd23af5":154,"4eed1bea":167,"70594a28":171,"bfad1727":151,"c7636527":155,"08a06557":191,"2045d7d6":161,"57167c74":155,"cb6c9e42":187,"842c8340":157,"650bb0e0":161,"b88033fd":175,"172217e5":177,"3f65f121":177,"09560615":144,"a77e8461":168,"d1715f3b":179,"22ecaed0":165,"6ee92259":180,"1c0a9eff":156,"abad2347":175,"aa187e3b":167,"5eab91a0":178,"54d7de6b":186,"20811ddf":168,"753ca352":166,"93b9fae6":158,"7fb4c521":168,"0d7d88f1":170,"7e95c5a0":172,"af7e5be8":164,"f1df62b4":178,"caddd0a7":176,"75ffea08":166,"e5d3655c":185,"751acea8":161,"c8977844":162,"d0c104c4":140,"5cd3cfe0":155,"751bcf25":160,"56d315d8":148,"180377be":161,"004f1ef3":199,"71ff66e8":167,"2d54e0a8":167,"416a9e97":155,"4bcd4a30":172,"6751d8e4":173,"835358a0":158,"e58b26f6":184,"1f342a00":162,"c793cdda":164,"71a2a493":136,"2ab62345":156,"b7cc7909":182,"3c18f28e":162,"031e488e":175,"51f80f4c":188,"9b3f8714":171,"9a3cc55d":157,"dc583e64":176,"27f52ed3":194,"f1dffa24":150,"5781776a":166,"6c486702":173,"2bcca6a7":179,"e35a63cd":171,"6a7392d5":151,"11b2c8d9":158,"9d023afb":164,"6e44927f":165,"0f89862c":144,"da04caac":180,"906fdec3":155,"810aa5e9":178,"42cd2360":141,"8db5a165":153,"db8ba455":166,"8cf83787":155,"bab97de3":174,"95f6db13":168,"d82592f4":170,"db0a661e":160,"6a60348e":162,"59c1e594":155,"468fc85c":175,"9260d96b":191,"1438fad7":168,"8b2b601d":174,"e6fac295":158,"b4fdf90e":180,"1c3a30c5":174,"5a0ead91":147,"e8f173b5":165,"f1098793":159,"5acaa06f":141,"6f0fcb9d":175,"bad6cdb1":141,"acac14fb":160,"f33c0140":170,"dbc9df44":152
1604737632205,"90a06ee9":171,"c382f054":176,"6fb4cdda":179,"36380d96":171,"d25e0f8d":195,"805534ac":179,"df81ddee":151,"ded7da5a":174,"7b6a7048":168,"7bebff03":165,"c45d554f":171,"4ac6bd4e":158,"50d129cf":156,"bf822e33":164,"47d27624":155,"6e98dfda":166,"2b3e4717":169,"0670c466":155,"9d63c4dd":170,"36d340f2":147,"124fbe96":155,"f0a06216":168,"3b2dee89":163,"d39724bc":160,"79be29c8":155,"5b5fc566":167,"e382ec3f":153,"30b6808c":154,"629800eb":180,"2b698053":168,"053f3451":161,"ac030e74":161,"7a840529":159,"cc5a1d47":162,"cc6bbe45":162,"df2b4d87":158,"d9f512b9":172,"ea6de194":175,"dac109cf":163,"d141db49":166,"d9d7c4c2":173,"3b690f68":180,"1e7753d9":179,"906632cb":176,"430a5db5":170,"467773ac":158,"0841052c":182,"f87c5031":174,"09560615":145,"eeaa2d46":181,"6de0aaac":157,"26c390d6":171,"6d339d45":142,"8657c79d":166,"b9a48a5c":147,"8cd78f77":175,"de6213c7":160,"e58b26f6":185,"2a06ab95":180,"ef1c2dcb":166,"a47abfbb":150,"540df50f":168,"725dce8b":173,"a58bf525":165,"95d3d348":156,"095ab3b4":167,"971675c5":173,"dc0c8b09":182,"478d2d4f":188,"8f10fa42":197,"c510bfd3":180,"f67de058":174,"c6dc900c":143,"be3a10f8":183,"7896b953":178,"0a1d11e6":159,"d9d0c567":172,"6023df54":162,"aa76bc50":137,"ae016053":193,"a5fd8ffd":169,"8274885a":166,"5410e9c6":173,"27f52ed3":195,"05642105":166,"1be05c14":174,"8d753bb6":169,"ce4da56f":160,"ddec9e54":166,"685207b3":167,"288d171f":167,"fe578280":160,"f76a3e83":173,"efe84c27":173,"06ee61b6":150,"dbc9df44":153,"27d8bf51":161,"201cafad":164,"7d112f4d":172,"87922532":191,"b36a0d66":155,"b6aaf976":167,"d0e9a58e":167,"66554572":139,"27c8e038":183,"4ff2225d":161,"d0c0fc08":147,"2198ba8e":161,"408bb2ed":163,"a5aee5de":192,"6585adbe":146,"23080895":154,"554ebb83":176,"00554ffd":172,"0f72f2d8":166,"45b038bb":200,"dc473de1":152,"031e488e":176,"dcfaba4c":170,"227006e4":163,"f2364460":164,"5957df9e":159,"d957f027":164,"e15fd611":155,"f4b2f575":155,"48efc739":184,"cb6c9e42":188,"f0a06216":169,"c0b23081":186,"bd2705b0":174,"8bc04eb5":167,"9cb4697f":181,"e382ec3f":154,"2882a956":165,"056ea7ff":181,"76f94eda":183,"10ec5a0b":153,"77bfed7e":169,"0d28db94":155,"6f39f4d9":179,"abd32136":175,"18d20aa1":170,"805534ac":180,"79e4fa1c":165,"c455f40e":157,"25776fc4":173,"30c5d755":177,"4def63ee":153,"57167c74":156,"9bdf362a":170,"44c77422":168,"ffc86f94":149,"5ccf94d6":161,"94a2fe10":182,"906632cb":177,"5272520d":171,"1e191c98":149,"f87c5031":175,"6cba74ce":150,"6d339d45":143,"8cc4a982":178,"3454fa2b":153,"9e206c95":189,"09560615":146,"d1ca5d6b":173,"3c6692a3":183,"778c95e9":164,"92efd84f":170,"284544ba":156,"2a06ab95":181,"7db3edda":163,"6c486702":174,"2a76f1dd":153,"19551bad":152,"25a2844e":171,"7bda83dd":156,"c6dc900c":144,"a567ace4":168,"8db5a165":154,"a5676c24":165,"42cd2360":142,"fd482491":191,"731fc335":150,"a15713c6":186,"61145ec9":174,"263762cb":155,"42191b64":145,"83086d4c":166,"77d35808":146,"5623817d":155,"eda6a690":160,"2c5c1dc0":155,"0d5ee801":161,"20e470e0":153,"0da28f5b":181,"d548635d":169,"4c4aa2e2":159,"80a8a56d":164,"6b78ad7f":168,"168e75d9":166,"5be594be":165,"45fb95c1":166,"4945c851":178,"820225e4":140,"411b5027":152,"95bc84f1":150,"3c782bb3":168,"0eaf08da":172,"ef16ca37":164,"6ebe2354":147,"8f2a7d69":162,"1be05c14":175,"b35e9e1a":199,"a0bc1ceb":163,"36fb15d2":183,"26c6fa34":150,"8d000d6e":156,"baebb391":177,"3e602573":163,"2e99f8fd":155,"4ba6eb36":159,"cf52025e":164,"be149c6f":147,"b230e8d3":167,"b7cc7909":183,"0681c48e":182,"c9efc8f6":161,"1ed46298":177,"deb31f35":172,"66d94227":161,"48efc739":185,"789bd484":161,"93fdbb44":156,"ccf8b803":172,"5957df9e":160,"f4b2f575":156,"3b2dee89":164,"a502c93c":152,"8bc04eb5":168,"ee21ad02":184,"b0869206":173,"aa187e3b":168,"cb4f262b":153,"597c1f81":169,"7e95c5a0":173,"abd32136":176,"9fce073c":161,"87083264":185,"6f39f4d9":180,"8ac72326":168,"3ef7432b":180,"d25e0f8d":196,"26dd2000":185,"6bc5d32a":186,"2b3c49b9":165,"bfad1727":152,"df81ddee":152,"e1571af7":162,"75ffea08":167,"cc6bbe45":163,"aa021138":185,"49b358bd":173,"57167c74":157,"c015ec5a":168,"26ed1a5c":167,"142d6987":163,"57540cc3":168,"30dd2edc":165,"0277d748":173,"affb82bf":180,"22176537":164,"175bc6b2":149,"bb99c79c":169,"2a06ab95":182,"0fc5ac7e":187,"aa5dfdf5":165,"eb7b4e29":157,"22234d6b":173,"ea822700":166,"d0d6acb1":171,"1bc0591f":163,"c510bfd3":181,"9b546d65":157,"70ee0491":155,"8007f30e":148,"13b53c7a":164,"4c0e547b":177,"d8e58a8c":181,"ae016053":194,"d9a64845":166,"3c0df8b4":176,"d5dae4c4":185,"1d44aff3":175,"45b5746e":167,"095ab3b4":168,"3a204e56":168,"2203f259":174,"fe1d4419":164,"27f52ed3":196,"9a3cc55d":158,"792c9b6a":160,"bbe71605":150,"ddec9e54":167,"b6591e25":171,"d033db8d":190,"026766f3":168,"6e24d88b":153,"696fdac5":175,"bd984a8e":156,"80a8a56d":165,"754f98c9":178,"ab7d4c9a":153,"470d50c2":169,"b2c25d1c":157,"064a99c8":168,"b1f58563":160,"99d130c9":175,"95bc84f1":151,"379184a7":183,"7af9d3b1":162,"c9efc8f6":162,"12534561":168,"a6003226":159,"f94bf9ea":162,"60d6cee2":167,"74e3d13e":167,"cb6c9e42":189,"254cc28c":169,"bda8cdfb":178,"e15fd611":156,"5957df9e":161,"cf775f58":175,"93fdbb44":157,"608bc832":143,"f1098793":160,"3310a049":166,"2e99f8fd":156,"468fc85c":176,"1138796e":176,"f1862e79":150,"27c8e038":184,"0b5a0408":177,"5acce642":169,"4652b09a":180,"d1d40c9c":178,"a6b5e869":169,"ad2d7bed":176,"bd2705b0":175,"67d30f2b":165,"9496f56f":169,"e28c2efc":155,"06ddafc7":151,"1c3a30c5":175,"8f2a7d69":163,"17b08923":165,"bad6cdb1":142,"40569362":183,"5a622a23":167,"feb67030":161,"5c82d1ce":165,"18d20aa1":171,"7e8e1c3d":166,"c45d554f":172,"9a80f004":168,"e1571af7":163,"aa021138":186,"c0b0f492":179,"b7505747":166,"d9f512b9":173,"dac109cf":164,"88fa53d6":146,"1d153b20":172,"b946e146":182,"f2ca27d9":183,"217c0327":150,"f3d68430":178,"623c6a31":182,"416a9e97":156,"284544ba":157,"d83294cd":156,"67c57de4":185,"ae95f2ba":190,"6034b6d0":173,"ffa08d82":167,"8721056e":152,"a59a8290":172,"f5e8dfee":176,"1745a0f4":169,"a0cf08b3":132,"c510bfd3":182,"fd482491":192,"2a76f1dd":154,"74c26380":184,"8063df14":177,"345c9967":157,"0b3283c9":171,"6085137f":154,"3712c4bd":144,"578f6e9e":174,"004f1ef3":200,"e45b4b53":154,"317c1591":180,"31408822":158,"a68a93b2":159,"a4f1d83b":154,"906632cb":178,"56d315d8":149,"8e780922":163,"0841052c":183,"0c0e98ea":157,"0a92153e":168,"3498f223":165,"470d50c2":170,"c5b35e4d":152,"e1618359":172,"cb51f134":171,"50312237":168,"6a3eaf43":181,"0fc5ac7e":188,"c0e2624b":159,"71a2a493":137,"5a07fc2e":145,"fb7482fe":167,"d6d61bfc":180,"1f7607df":151,"bfcb912a":164,"40860a4b":147,"5774ac0d":178,"bb8a6337":152,"f2364460":165,"4911acad":135,"39a2fcce":153,"a939b50b":169,"1a0189c4":164,"cb6c9e42":190,"650bb0e0":162,"48efc739":186,"23080895":155,"4ea4a2a1":177,"a4dafea5":166,"de11eb19":178,"88a30343":170,"c609739e":170,"a24e6670":166,"1bd5b20b":179,"792cfcbd":166,"7a2f3f06":159,"868edcc0":182,"a0b03218":170,"6c73ae98":140,"da04caac":181,"195eb771":169,"c91966ce":159,"6c20c153":164,"16b476e9":166,"ea4d3f3e":173,"11b74e63":161,"1bb4ccc0":165,"a502c93c":153,"ee21ad02":185,"7fb4c521":169,"9aa6a054":170,"7218c9f1":152,"00a17b46":163,"82b81567":149,"35b58ef9":153,"408bb2ed":164,"a636f4c9":180,"cf50e84e":155,"d6db2b02":177,"dfc89705":174,"e2cbe594":169,"daab45c6":155,"ccb5ea3e":149,"79e4fa1c":166,"3b7763b1":148,"9a80f004":169,"feb67030":162,"b5ce0c0c":184,"259930ee":172,"ba30e43a":175,"805af3c7":169,"4777334c":162,"c8fcad77":153,"e5d3655c":186,"0277d748":174,"dfa1a89b":159,"53a8613c":183,"36d340f2":148,"22ecaed0":166,"affb82bf":181,"fd6dcb20":166,"a6626a13":154,"2c01e624":166,"1f7607df":152,"d1ca5d6b":174,"d0d6acb1":172,"9147702f":146,"bca2d7cd":158,"619fda68":201,"4930f321":156,"30b6808c":155,"5f4102da":172,"78b97937":182,"dd3913d2":154,"eb2e1983":161,"a8c93bed":163,"6a7392d5":152,"19551bad":153,"3712c4bd":145,"25635c37":151,"dc583e64":177,"cc11fef9":181,"d70ca4f4":178,"a68a93b2":160,"40a745c0":170,"430a5db5":171,"1f11812e":179,"7cd0ad7b":171,"1247fa52":173,"acac14fb":161,"90a06ee9":172,"06ee61b6":151,"a3253019":155,"c382f054":177,"1e232870":171,"5270f158":162,"fe1d4419":165,"22aeaf03":168,"5b60dd1d":166,"be149c6f":148,"c64de0c0":148,"5a734022":154,"227006e4":164,"68562193":164,"6867261a":172,"dcfaba4c":171,"b88033fd":176,"39a2fcce":154,"254cc28c":170,"9d9dd9e5":162,"6adce358":181,"90d52475":168,"e15fd611":157,"358e45b1":159,"4b3e3b1c":172,"6f0fcb9d":176,"e0e6a097":157,"b36a0d66":156,"59c1e594":156,"ae016053":195,"0a1d11e6":160,"aa76bc50":138,"ef8987d7":159,"83b2f9c5":169,"d5dae4c4":186,"195eb771":170,"93b0a158":180,"bb00e71c":152,"6c20c153":165,"e382ec3f":155,"88ce179e":178,"bf30a08f":182,"e356abf1":169,"4f5e3e7d":154,"aefe13f5":176,"90731976":157,"5f8517b7":189,"bbe71605":151,"26c6fa34":151,"7a2f3f06":160,"54a676d6":160,"489a39f7":162,"87922532":192,"49bf2e95":155,"e81834aa":192,"48655f09":203,"4cc141fa":142,"a636f4c9":181,"72b84094":196,"c650b434":172,"547903ef":172,"daab45c6":156,"21e10a2b":164,"fb8bfb36":179,"79e4fa1c":167,"ca7d47f7":173,"0f029727":155,"c8fcad77":154,"5ab7bc35":171,"24ffcbd3":183,"d9f512b9":174,"638cb163":191,"6d5fcd4c":163,"ec2cb1af":172,"53a8613c":184,"eafbf9fb":168,"865d9857":159,"6de0aaac":158,"eeaa2d46":182,"7db3edda":164,"d744bee2":162,"2d54e0a8":168,"88b3bc99":156,"8ac72326":169,"621d6b18":169,"43d87483":171,"053f3451":162,"ad303bda":155,"50c468ba":162,"faf4f98b":178,"19551bad":154,"30c184b8":164,"b87158fb":165,"eb2e1983":162,"6c524f99":179,"fee32863":171,"4c0e547b":178,"a68a93b2":161,"b6591e25":172,"a4f1d83b":155,"30fdcd3b":166,"56d315d8":150,"d634aa28":175,"0c0e98ea":158,"ebdbf580":174,"e0154608":171,"5be594be":166,"b2c25d1c":158,"8274885a":167,"016953e4":179,"09ff339a":141,"0b3283c9":172,"5099c6a0":186,"004f1ef3":201,"f2470875":179,"af0b61ab":173,"b947257e":170,"c793cdda":165,"a6003226":160,"bfcb912a":165,"9f5e6cba":179,"31f6ba51":153,"081460bf":168,"bb8a6337":153,"7af9d3b1":163,"c6c85783":177,"36b7003c":194,"449d8475":156,"5a0eb771":159,"a901627e":159,"f905a555":156,"db8ba455":167,"a5fd8ffd":170,"74c26380":185,"aa867541":158,"a472532e":150,"ad2d7bed":177,"4258c176":162,"ea4d3f3e":174,"ba586505":175,"290b4714":167,"124fbe96":156,"1b153aef":174,"5678ed7b":186,"db0a661e":161,"f5829ac0":177,"40569362":184,"288afc30":172,"ac62fac2":182,"e7e82473":188,"01cd8099":174,"820225e4":141,"ea274174":172,"a5aee5de":193,"05642105":167,"5acaa06f":142,"3310a049":167,"3a1b9af5":165,"3e602573":164,"71bc1295":160,"b84a06eb":166,"946df4fd":190,"87ce8d1d":146,"288d171f":168,"7f86be64":168,"d34a29b9":178,"26dd2000":186,"c455f40e":158,"7b6a7048":169,"20777945":160,"07107f6e":170,"51c57542":175,"bfad1727":153,"fbdffc95":157,"aab4d996":163,"5ab7bc35":172,"a81a857c":156,"b7505747":167,"cc6bbe45":164,"ffc86f94":150,"5f7d7195":164,"088feee2":168,"e99318a3":172,"36d340f2":149,"8547fbc2":164,"945b63f0":180,"fd6dcb20":167,"49902219":192,"d2a841c9":162,"57540cc3":169,"5eab91a0":179,"10ec5a0b":154,"30b6808c":156,"9fce073c":162,"8fb236a9":154,"9f74b8a4":157,"4930f321":157,"753ca352":167,"fead11cf":166,"a66a2d8a":180,"55928ef1":161,"8db62558":165,"cf1124db":156,"655941a0":176,"3f9b5722":151,"c2bb8aae":160,"b6591e25":173,"9d4da635":151,"c95719e5":155,"60e855ee":182,"971675c5":174,"f1dffa24":151,"26f99a1e":157,"d1ca5d6b":175,"b947257e":171,"de6213c7":161,"d744bee2":163,"0bd93cfd":136,"a6626a13":155,"778c95e9":165,"c4bff41f":181,"3c18f28e":163,"3a1d1632":141,"71279c46":163,"031e488e":177,"12534561":169,"74e3d13e":168,"fb7b7b3c":190,"82868763":158,"20958d58":155,"92ca52b7":178,"8721056e":153,"6c486702":175,"00a481e3":176,"a851891c":160,"ae016053":196,"6e44927f":166,"195eb771":171,"abc1d7ad":187,"95904ac4":185,"ee75b607":159,"5b5fc566":168,"db0a661e":162,"de36827b":187,"5ee911b5":151,"a3d4a0e5":181,"34658473":154,"3310a049":168,"8c6e001f":141,"0114160e":162,"e0f7679f":149,"1ff8c2fc":176,"6ebe2354":148,"45fb95c1":167,"50312237":169,"aa00769b":183,"cd95f558":165,"045f280d":169,"a636f4c9":182,"bc392d1c":151,"b215547b":158,"7f86be64":169,"4b4ecbce":150,"b2c25d1c":159,"4c4aa2e2":160,"1a68160d":167,"c5b35e4d":153,"4eed1bea":168,"3b7763b1":149,"7d112f4d":173,"25e0dd3d":164,"c45d554f":173,"201cafad":165,"77898c22":142,"d6f0d94a":164,"4febf7c5":168,"a0bc1ceb":164,"cf52025e":165,"bad1a1cc":164,"6e98dfda":167,"a939b50b":170,"0670c466":156,"93fdbb44":158,"5f7d7195":165,"527ff946":172,"12dd6f5e":149,"140ce69e":162,"a63bddd4":207,"88ce179e":179,"93b0a158":181,"ee21ad02":186,"91b28f83":169,"d4d5f466":162,"7a4c064c":176,"4d9b0b10":163,"621d6b18":170,"7e95c5a0":174,"385ab7c6":169,"ba938220":167,"ad303bda":156,"805af3c7":170,"2154b6e8":157,"3bad3c95":147,"37a7d5b0":163,"a577db1c":156,"4fd645f1":168,"d70ca4f4":179,"7a9344a4":188,"751bcf25":161,"74f234c6":200,"3b690f68":181,"db703021":157,"0c0e98ea":159,"93ac9ca3":165,"865d9857":160,"ccdd1ce6":167,"08c6b5d2":166,"7080f122":161,"5a07fc2e":146,"3c6692a3":184,"aaa274a5":166,"a625328f":175,"f069bb07":156,"778c95e9":166,"cbb54a0a":154,"c4bff41f":182,"081460bf":169,"016953e4":180,"83086d4c":167,"2203f259":175,"42191b64":146,"d1676e89":167,"f1dffa24":152,"be3a10f8":184,"4c0e547b":179,"05f6ab35":171,"5f4102da":173,"33d6bb6a":162,"2bcca6a7":180,"50b558a7":153,"db8ba455":168,"4abb7aed":162,"f3a0c2ee":166,"5ef93e5d":146,"abc1d7ad":188,"7896b953":179,"8a165e17":174,"4ff2225d":162,"92d38723":176,"32c9fc47":172,"9e878ec2":177,"95bc84f1":152,"00554ffd":173,"159ffd0b":159,"ea274174":173,"6c73ae98":141,"0a92153e":169,"4b4ecbce":151,"be2955bb":166,"0dad37d5":170,"b2c25d1c":160,"9b172ca8":150,"0da28f5b":182,"53747a91":159,"ab7467de":179,"6490bac6":164,"2ad42a9e":187,"25e0dd3d":165,"77898c22":143,"3b7763b1":150,"36fb15d2":184,"489a39f7":163,"2e99f8fd":157,"d36125db":174,"8eb64769":175,"49bf2e95":156,"bad6cdb1":143,"bc392d1c":152,"be1746a0":169,"04612878":181,"1c3a30c5":176,"c609739e":171,"68562193":165,"725dce8b":174,"ed4fad08":176,"24a9fb86":181,"e4714415":186,"ce3407dd":162,"66d94227":162,"c6c85783":178,"5d087c79":168,"b8ab8e6e":162,"254cc28c":171,"0f1ac912":155,"935ec056":155,"bec9d329":183,"20811ddf":169,"04bef50c":143,"95d331b1":156,"6b82b527":171,"4258c176":163,"1dad0f99":158,"619fda68":202,"9fce073c":163,"385ab7c6":170,"7218c9f1":153,"2ce1af05":147,"43d87483":172,"e1571af7":164,"c8fcad77":155,"1623fc9f":165,"30c5d755":178,"d6f0d94a":165,"868cda42":166,"2154b6e8":158,"20e470e0":154,"26ed1a5c":168,"0c0e98ea":160,"40a745c0":171,"381c68fa":168,"19e9776f":165,"66497c7e":161,"6cba74ce":151,"01d817b8":140,"3661e12d":162,"21ee2afe":178,"945b63f0":181,"1f342a00":163,"57540cc3":170,"70bc8325":162,"9de29816":146,"884b0ad1":162,"2d13e69b":171,"de6213c7":162,"5a07fc2e":147,"9147702f":147,"ea9bba6b":169,"09ff339a":142,"d599b566":179,"578f6e9e":175,"b8488fc8":167,"478d2d4f":189,"fe8f3d36":164,"dc0c8b09":183,"9b546d65":158,"afe8e06a":146,"8063df14":178,"313258f2":174,"537634c9":143,"5f96c2bc":164,"45b5746e":168,"ec110282":190,"a15713c6":187,"3101354b":146,"016953e4":181,"c564e316":172,"0b3283c9":173,"685207b3":168,"1a2c020b":173,"5e193fc8":169,"4b4ecbce":152,"f598a332":156,"972f4174":177,"288d171f":169,"debe1f65":163,"b35e9e1a":200,"8cf83787":156,"9260d96b":192,"0b5a0408":178,"8d753bb6":170,"4ea4a2a1":178,"b8397293":158,"e0f7679f":150,"e6fac295":159,"8323d333":155,"eed20185":185,"e7e82473":189,"8eb64769":176,"17b08923":166
1604737633525,"2b3c49b9":166,"a851554d":169,"3b7763b1":151,"e2cbe594":170,"9d0546ac":151,"5a622a23":168,"24ffcbd3":184,"cc6bbe45":165,"b5ce0c0c":185,"1623fc9f":166,"259930ee":173,"2045d7d6":162,"805af3c7":171,"b3f19a69":160,"51a3e9c2":164,"e0e48a2d":164,"6c20c153":166,"a502c93c":154,"04bef50c":144,"1c0a9eff":157,"e4cfef0a":155,"93b9fae6":159,"7fb4c521":170,"67c57de4":186,"ac030e74":162,"4930f321":158,"753ca352":168,"4360a1a3":183,"ddec9e54":168,"cd3bbe7e":167,"0c043224":180,"66b7b5b4":160,"c3e6ef01":166,"db703021":158,"685207b3":169,"72805bf5":162,"0681c48e":183,"b7cc7909":184,"40860a4b":148,"031e488e":178,"8d04852b":161,"c9efc8f6":163,"b8ab8e6e":163,"789bd484":162,"d5557fb4":171,"93fdbb44":159,"9d63c4dd":171,"a983a6dc":154,"9d9dd9e5":163,"d34a29b9":179,"fe578280":161,"82204d54":158,"b87158fb":166,"d78dd457":158,"9b546d65":159,"afe8e06a":147,"9a3ab0b8":167,"65e4235b":168,"a15713c6":188,"0f89862c":145,"fafb4cc2":210,"8db5a165":155,"a5fd8ffd":171,"781ace7d":166,"69eeae0d":152,"90a06ee9":173,"972f4174":178,"c382f054":178,"754f98c9":179,"3007f31f":152,"2209903e":173,"7d112f4d":174,"4295ce9a":167,"07107f6e":171,"5fa12feb":169,"0a96f57a":170,"75ffea08":168,"aab4d996":164,"57167c74":158,"12dd6f5e":150,"affb82bf":182,"140ce69e":163,"ccdd1ce6":168,"ef8321d8":166,"2cb29e5a":177,"0277d748":175,"3062379b":161,"1f7607df":153,"0fc5ac7e":189,"6e851762":160,"8cd78f77":176,"6751d8e4":174,"2c627253":165,"7e76c93c":171,"c015ec5a":169,"4fd645f1":169,"d929098e":139,"f56ac638":147,"bd2705b0":176,"730a4938":153,"5eab91a0":180,"04bef50c":145,"e356abf1":170,"4d9b0b10":164,"621d6b18":171,"53b4e647":166,"abd32136":177,"e28c2efc":156,"9f74b8a4":158,"faf4f98b":179,"2045d7d6":163,"4f5e3e7d":155,"a3d4a0e5":182,"23080895":156,"8d000d6e":157,"24d24fa3":153,"dd1fcb17":155,"be1746a0":170,"cd3bbe7e":168,"d033db8d":191,"db703021":159,"d634aa28":176,"a8726d50":152,"1f11812e":180,"751bcf25":162,"c4bff41f":183,"b230e8d3":168,"540df50f":169,"74e3d13e":169,"71279c46":164,"12534561":170,"6632fed0":170,"e99318a3":173,"cb6c9e42":191,"cf775f58":176,"25d1b2d8":171,"527ff946":173,"90d52475":169,"c81b2bcf":148,"13b53c7a":165,"c463799d":170,"fee32863":172,"1bc0591f":164,"fe8f3d36":165,"0042f6eb":158,"dd3913d2":155,"a901627e":160,"104721f0":172,"a3253019":156,"fe578280":162,"0da28f5b":183,"ebdbf580":175,"f121b82c":171,"696fdac5":176,"4eed1bea":169,"e2a7d915":147,"f734c84c":187,"913a6226":176,"c455f40e":159,"27d8bf51":162,"261c9911":178,"57540cc3":171,"f2f58418":151,"53a8613c":185,"6d339d45":144,"12012fbd":155,"d1715f3b":180,"ef8321d8":167,"26c390d6":172,"9ab755d3":156,"ef1c2dcb":167,"1f7607df":154,"aec074c4":174,"de6213c7":163,"d3a669ac":174,"62d1d346":151,"2154b6e8":159,"3a291497":154,"65e4235b":169,"aa867541":159,"ec110282":191,"28654c76":179,"74c26380":186,"93b0a158":182,"e382ec3f":156,"ad2d7bed":178,"ea4d3f3e":175,"fea793f5":171,"730a4938":154,"1c0a9eff":158,"ae95f2ba":191,"d2466211":184,"a06a6430":175,"93b9fae6":160,"cc6bbe45":166,"ce3bf5db":169,"e3547548":161,"d141db49":167,"1623fc9f":167,"5410e9c6":174,"3f2522c2":175,"e238f09b":179,"7ee148e9":166,"5099c6a0":187,"1da771fb":169,"e45b4b53":155,"d0e9a58e":168,"e7e82473":190,"36fb15d2":185,"013ee301":157,"f5829ac0":178,"7a2f3f06":161,"288afc30":173,"cf84fb54":173,"f1862e79":151,"6c73ae98":142,"8eb64769":177,"95f6db13":169,"468fc85c":177,"4ea4a2a1":179,"458dcc3d":178,"3a1b9af5":166,"05642105":168,"d82592f4":171,"35b58ef9":154,"48655f09":204,"0f72f2d8":167,"8942c35b":168,"20e470e0":155,"7a9344a4":189,"9316e7e8":137,"d0c104c4":141,"56d315d8":151,"5272520d":172,"47cfba38":154,"288a2c43":164,"32133249":174,"e9a8cf11":169,"2132fe93":176,"4911acad":136,"227006e4":165,"31d74eee":159,"254cc28c":172,"9ceb5439":151,"6adce358":182,"2b3e4717":170,"0670c466":157,"794f652b":185,"7fb4c521":171,"43d87483":173,"869cbaa0":178,"c510bfd3":183,"8063df14":179,"b102f7bd":177,"b8488fc8":168,"7bda83dd":157,"92ca52b7":179,"2352c8ef":170,"69d4b754":160,"e9679ede":161,"501db4de":169,"f76a3e83":174,"36380d96":172,"1247fa52":174,"efe84c27":174,"e1f0dbfd":191,"4295ce9a":168,"daab45c6":157,"f2ca27d9":184,"09560615":147,"0277d748":176,"0e036ae9":184,"12012fbd":156,"01d817b8":141,"416a9e97":157,"272c7672":177,"a625328f":176,"d0d6acb1":173,"b7832271":180,"bca2d7cd":159,"aa5dfdf5":166,"72d7b461":179,"5f0c1b9d":172,"a5676c24":166,"b28a5e67":189,"6023df54":163,"4bc46d7a":157,"5ef93e5d":147,"cf1b8c47":180,"bb00e71c":153,"fea793f5":172,"e4117b3b":152,"ea4d3f3e":176,"00cf385d":179,"37d0cae2":152,"f0a06216":170,"913a6226":177,"c1bdfd41":159,"bfad1727":154,"9bdf362a":171,"ab7467de":180,"8f13c203":160,"ded7da5a":175,"fbdffc95":158,"5ab7bc35":173,"4577b333":171,"ffc86f94":151,"a58bf525":166,"c0b7e7d7":154,"60e855ee":183,"8dd649a3":165,"eda6a690":161,"d1676e89":168,"014bdff0":169,"8245f916":160,"9260d96b":193,"17b08923":167,"358e45b1":160,"49910300":150,"88a30343":171,"8323d333":156,"87922532":193,"e8d74304":158,"05642105":169,"7a6aa4b6":165,"2198ba8e":162,"a6bcb07e":172,"cfe72ead":158,"12271e14":181,"6585adbe":147,"0114160e":163,"045f280d":170,"03dcfa3d":164,"5272520d":173,"0841052c":184,"1dad0f99":159,"7e95c5a0":175,"ef91eaae":149,"6a5b71b4":160,"f7231212":159,"9f74b8a4":159,"b9be31d6":181,"33d6bb6a":163,"478d2d4f":190,"30c184b8":165,"c463799d":171,"30dbfc69":164,"be149c6f":149,"42c80e69":183,"3a1d1632":142,"5774ac0d":179,"31f6ba51":154,"e9a8cf11":170,"68562193":166,"5f7d7195":166,"c67979e6":187,"90d52475":170,"254cc28c":173,"48efc739":187,"23760167":166,"6e98dfda":168,"946df4fd":191,"792cfcbd":167,"5cd3cfe0":156,"142d6987":164,"db703021":160,"5e193fc8":170,"d70ca4f4":180,"e9679ede":162,"efe84c27":175,"288d171f":170,"0da28f5b":184,"470d50c2":171,"1e232870":172,"6d339d45":145,"25a7a0a3":161,"36d340f2":150,"ef8321d8":168,"eeaa2d46":183,"b946e146":183,"b9a48a5c":148,"cbb54a0a":155,"2c627253":166,"7e8e1c3d":167,"cd421290":163,"a66a2d8a":181,"cf1b8c47":181,"74c26380":187,"062179c1":166,"a472532e":151,"1bc0591f":165,"fafb4cc2":211,"012de09c":164,"c91966ce":160,"42cd2360":143,"7fef9973":165,"ea4d3f3e":177,"51a3e9c2":165,"7ee7621c":165,"6775d5cd":166,"9d0546ac":152,"18d20aa1":172,"ecfa8249":177,"b6ee137a":163,"79e4fa1c":168,"c1bdfd41":160,"c8fcad77":156,"4577b333":172,"4fd645f1":170,"37a7d5b0":164,"d6f0d94a":166,"016953e4":182,"95d3d348":157,"b1f58563":161,"77d35808":147,"3f2522c2":176,"437fc3ec":184,"ea9bba6b":170,"cd95f558":166,"54a676d6":161,"ffc86f94":152,"a6626a13":156,"6751d8e4":175,"39ba00f0":172,"98915a1f":149,"9ab755d3":157,"540df50f":170,"5eaa1581":161,"ccf8b803":173,"1ed46298":178,"f2364460":166,"725dce8b":175,"95d331b1":157,"aa187e3b":169,"053f3451":163,"53b4e647":167,"e4cfef0a":156,"9f74b8a4":160,"ac030e74":163,"cc5a1d47":163,"e28c2efc":157,"f1b493de":186,"cf1124db":157,"b7434f57":132,"ca6d2d91":167,"cd3bbe7e":169,"ddec9e54":169,"5272520d":174,"468fc85c":178,"f1098793":161,"bab97de3":175,"b2a8761b":160,"9263c525":169,"74e01f6a":166,"69f3bfcc":163,"608bc832":144,"3e602573":165,"24d24fa3":154,"06ddafc7":152,"b7407bd3":163,"6c73ae98":143,"a43061ee":155,"4ba6eb36":160,"1f88a4b7":185,"7a6aa4b6":166,"946df4fd":192,"11888cfa":153,"104721f0":173,"36380d96":173,"a4296d1e":160,"e0154608":172,"c382f054":179,"d34a29b9":180,"69d4b754":161,"9f5e6cba":180,"d957f027":165,"5f7d7195":167,"a6003226":161,"50d129cf":157,"c64de0c0":149,"bf822e33":165,"f66616b7":169,"172217e5":178,"01d817b8":142,"ac38a6a5":180,"546f6845":167,"49902219":193,"57540cc3":172,"ec2cb1af":173,"c0e2624b":160,"70c1e715":168,"8b5a8e9f":176,"8721056e":154,"be3a10f8":185,"cd522166":180,"fee32863":173,"1105f790":192,"50b558a7":154,"71e53c93":171,"83b2f9c5":170,"71ba7561":149,"d8e58a8c":182,"91f7ef72":156,"cf1b8c47":182,"2dd0e808":161,"bf30a08f":183,"2b3c49b9":167,"e2a7d915":148,"0149e11a":148,"a0ce82b4":164,"ab7467de":181,"c455f40e":160,"f734c84c":188,"27f52ed3":197,"6085137f":155,"0b3283c9":174,"60e855ee":184,"19f9ca86":172,"e7773397":153,"2c5c1dc0":156,"a533489b":182,"8cf83787":157,"554ebb83":177,"d36125db":175,"3bad3c95":148,"4c39240e":180,"d9d7c4c2":174,"638cb163":192,"4777334c":163,"d141db49":168,"ffc86f94":153,"5747db6e":175,"7db3edda":165,"50c3164b":186,"284544ba":158,"a6626a13":157,"bb8a6337":154,"0ecfa1c9":155,"68562193":167,"51f80f4c":189,"c852d240":164,"9b3f8714":172,"5774ac0d":180,"124fbe96":157,"6841f77e":179,"a6b5e869":170,"cb4f262b":154,"bd2705b0":177,"e356abf1":171,"753ca352":169,"ef91eaae":150,"f7231212":160,"9aa6a054":171,"93b9fae6":161,"91536e85":174,"c8113b77":159,"8db62558":166,"5ccf94d6":162,"430a5db5":172,"0d5ee801":162,"1e7753d9":180,"b6591e25":174,"655941a0":177,"69f3bfcc":164,"3652bd66":171,"45fb95c1":168,"379184a7":184,"34658473":155,"6c73ae98":144,"408bb2ed":165,"a8871ddf":154,"9e878ec2":178,"3c782bb3":169,"064a99c8":169,"c27969ec":156,"458dcc3d":179,"24d24fa3":155,"64a7f79f":173,"ad8f85d6":180,"d8475b95":141,"cb51f134":172,"b3863630":165,"dbc9df44":154,"0a92153e":170,"f121b82c":172,"168e75d9":167,"4e3f5178":177,"8ec3834d":184,"394dc144":158,"c81b2bcf":149,"d5557fb4":172,"91d52a55":166,"5957df9e":162,"794f652b":186,"f2f58418":152,"08c6b5d2":167,"9a467a82":169,"a77e8461":169,"affb82bf":183,"623c6a31":183,"7fdc2007":153,"478d2d4f":191,"fead11cf":167,"70ee0491":156,"c510bfd3":184,"ba5c52af":161,"9d023afb":165,"83b2f9c5":171,"8db5a165":156,"c91966ce":161,"2c6cb96f":138,"fafb4cc2":212,"781ace7d":167,"a5fd8ffd":172,"e1f0dbfd":192,"40e79dd3":167,"7d112f4d":175,"c45d554f":174,"317c1591":181,"71ff66e8":168,"836701f6":168,"c0b7e7d7":155,"e7773397":154,"82868763":159,"b935fc1c":165,"79e4fa1c":169,"ab7467de":182,"3007f31f":153,"719c8869":182,"2af60749":168,"3bad3c95":149,"b7505747":168,"4777334c":164,"e5d3655c":187,"ffc86f94":154,"ac38a6a5":181,"22234d6b":174,"de6213c7":164,"70c1e715":169,"3c6692a3":185,"50c3164b":187,"6e851762":161,"2f455cce":162,"71279c46":165,"d6d61bfc":181,"3a1d1632":143,"3c18f28e":164,"ad2d7bed":179,"4258c176":164,"67d30f2b":166,"d4d5f466":163,"e0e48a2d":165,"bec9d329":184,"5eab91a0":181,"7a4c064c":177,"a85d89cc":166,"ef14000f":183,"9496f56f":170,"87cd2add":151,"e28c2efc":158,"0bfabf48":155,"58d46189":180,"66b7b5b4":161,"110b1ee3":168,"ca6d2d91":168,"379184a7":185,"e8f173b5":166,"cfe72ead":159,"f5829ac0":179,"00554ffd":174,"0be540c5":177,"88a30343":172,"5a0ead91":148,"d0c0fc08":148,"6d802fa2":149,"b8397293":159,"ce4da56f":161,"45fb95c1":169,"5ee911b5":152,"d8475b95":142,"12a2cd4b":160,"468fc85c":179,"64a7f79f":174,"dd1fcb17":156,"4b4ef7fa":159,"dfc89705":175,"1f11812e":181,"c3e6ef01":167,"dbd2f139":170,"4e3f5178":178,"b2c25d1c":161,"80a8a56d":166,"470d50c2":172,"655954ba":160,"ed4fad08":177,"f94bf9ea":163,"71a2a493":138,"9ceb5439":152,"25d1b2d8":172,"0670c466":158,"1a0189c4":165,"04643409":172,"ce3407dd":163,"842c8340":158,"9a467a82":170,"315537b2":176,"88432019":156,"8e99d5d0":196,"dbc9df44":155,"05f6ab35":172,"9a3ab0b8":168,"2a76f1dd":155,"b87158fb":167,"0f89862c":146,"eb2e1983":163,"ec11fe5f":142,"5f96c2bc":165,"28654c76":180,"fafb4cc2":213,"537634c9":144,"91f7ef72":157,"da04caac":182,"b2cfdbcf":158,"7ee148e9":167,"82868763":160,"5623817d":156,"95d3d348":158,"b1f58563":162,"5b60dd1d":167,"e45b4b53":156,"5fa12feb":170,"85de05f2":162,"7d112f4d":176,"3b7763b1":152,"21e10a2b":165,"c45d554f":175,"27d8bf51":163,"7043382d":166,"e5d3655c":188,"ba30e43a":176,"df2b4d87":159,"fbdffc95":159,"0f029727":156,"fce3c5c6":154,"ac38a6a5":182,"f3d68430":179,"f5596d0f":175,"6143f39d":170,"2c01e624":167,"7e991ab9":133,"bca2d7cd":160,"98915a1f":150,"2a06ab95":183,"d744bee2":164,"ea822700":167,"20811ddf":170,"c0b23081":187,"a502c93c":155,"0d770b97":162,"bec9d329":185,"677c6a09":186,"e356abf1":172,"7566fdd6":167,"cf9f4757":159,"93b9fae6":162,"6034b6d0":174,"a85d89cc":167,"f7231212":161,"a06a6430":176,"379184a7":186,"e7e82473":191,"05642105":170,"b377a62a":151,"1138796e":177,"a533489b":183,"6d802fa2":150,"d102b0c6":157,"06073f13":182,"cf50e84e":156,"d33790a2":200,"489a39f7":164,"02d4753e":189,"a3d4a0e5":183,"064a99c8":170,"01cd8099":175,"27c8e038":185,"ad8f85d6":181,"946df4fd":193,"23080895":157,"468fc85c":180,"3f9b5722":152,"381c68fa":169,"0841052c":185,"bb98a6cf":187,"0af920d8":154,"1e7753d9":181,"be40590d":176,"b2c25d1c":162,"cb51f134":173,"aec4e1bf":169,"51f80f4c":190,"3a1d1632":144,"17446892":164,"5f6613c8":158,"61d4782d":164,"7af9d3b1":164,"31d74eee":160,"ccf8b803":174,"a9b1bd51":128,"c67979e6":188,"8a52882e":170,"9ceb5439":153,"47d27624":156,"754f98c9":180,"82204d54":159,"afe8e06a":148,"92ca52b7":180,"2352c8ef":171,"831c7b85":165,"5f4102da":174,"11b2c8d9":159,"45b5746e":169,"a0cf08b3":133,"7ae34c64":160,"012de09c":165,"5f0c1b9d":173,"56473430":182,"a3253019":157,"f2086446":161,"696fdac5":177,"a836aa93":162,"b1f58563":163,"6085137f":156,"09ff339a":143,"317c1591":182,"3c43e8a2":181,"60e855ee":185,"3712c4bd":146,"913a6226":178,"c650b434":173,"d25e0f8d":197,"07107f6e":172,"bc09fa9e":167,"92136ff5":167,"9d0546ac":153,"44c77422":169,"2af60749":169,"e5d3655c":189,"f8b31ce5":190,"c0b0f492":180,"b7505747":169,"3454fa2b":154,"172217e5":179,"ccdd1ce6":169,"22ecaed0":167,"d6320619":156,"b9a48a5c":149,"217c0327":151,"1f7607df":155,"70c1e715":170,"5747db6e":176,"7028b044":161,"aec074c4":175,"8657c79d":167,"0d2a1c58":163,"638cb163":193,"dd035d2a":163,"5acce642":170,"f56ac638":148,"d1d40c9c":179,"04bef50c":146,"cb4f262b":155,"f0a06216":171,"91b28f83":170,"07f98660":175,"2ce1af05":148,"c803b4a3":166,"d4ee22a4":173,"621d6b18":172,"f7231212":162,"7fb4c521":172,"e0e6a097":158,"4ff2225d":163,"1bd5b20b":180,"07fc4a9a":179,"3c782bb3":170,"7a6aa4b6":167,"b377a62a":152,"2d1e1e9d":165,"17b08923":168,"792c9b6a":161,"9e878ec2":179,"489a39f7":165,"7732eb1e":182,"1ff8c2fc":177,"2c24d929":177,"c609739e":172,"6ebe2354":149,"eed20185":186,"23080895":158,"aefe13f5":177,"0f72f2d8":168,"1e7753d9":182,"4279e829":187,"dae0f922":170,"d033db8d":192,"0c043224":181,"a68a93b2":162,"58d46189":181,"9b546d65":160,"ec11fe5f":143,"dd3913d2":156,"70ee0491":157,"9d023afb":166,"c6dc900c":145,"b87158fb":168,"c91966ce":162,"aec4e1bf":170,"1ed46298":179,"71a2a493":139,"e9a8cf11":171,"a2c334e7":185,"a6003226":162,"6632fed0":171,"b88033fd":177,"5339e1e9":178,"8ec3834d":185,"97e75c19":174,"c81b2bcf":150,"50d129cf":158,"c98d5272":165,"c5b35e4d":154,"4e3f5178":179,"8e99d5d0":197,"0a92153e":171,"a3253019":158,"5be594be":167,"704bce0d":162,"5270f158":163,"014bdff0":170,"a58bf525":167,"971675c5":175,"695a2b92":157,"805534ac":181,"a0cca8b7":156,"a0ce82b4":165,"bfad1727":155,"261c9911":179,"21ad2f34":176,"85de05f2":163,"8f13c203":161,"9bdf362a":172,"2af60749":170,"b5ce0c0c":186,"f3a0c2ee":167,"7896b953":180,"2c6cb96f":139,"a472532e":152,"810aa5e9":179,"d9a64845":167,"11b74e63":162,"6841f77e":180,"d1d40c9c":180,"290b4714":168,"8bc04eb5":169,"0d770b97":163,"9cb4697f":182,"07f98660":176,"1dad0f99":160,"0785820e":165,"6f39f4d9":181,"b73e789c":157,"ae95f2ba":192,"e28c2efc":159,"ea6de194":176,"c8fcad77":157,"0f029727":157,"6d5fcd4c":164,"8cc4a982":179,"f2ca27d9":185,"6143f39d":171,"bb99c79c":170,"0277d748":177,"1d153b20":173,"6751d8e4":176,"70bc8325":163,"5747db6e":177,"84b767be":193,"aec074c4":176,"1f7607df":156,"c793cdda":166,"09ff339a":144,"27f52ed3":198,"5f8517b7":190,"bab97de3":176,"fb44fa9c":175,"fe0df575":176,"4ba6eb36":161,"49910300":151,"c7c4ec5c":156
1604737634452,"f94bf9ea":164,"64db4feb":186,"4911acad":137,"17446892":165,"5e09f69e":195,"1634789b":157,"51f80f4c":191,"36684155":176,"66d94227":163,"6632fed0":172,"37fbb107":175,"088feee2":169,"d1fe2868":178,"a9b1bd51":129,"fd6dcb20":168,"affb82bf":184,"49902219":194,"7d6895f4":175,"6d339d45":146,"e9adbe58":166,"416a9e97":158,"84b767be":194,"4ff2225d":164,"3c782bb3":171,"408bb2ed":166,"4b3e3b1c":173,"2e99f8fd":158,"9e878ec2":180,"e36dfd6f":172,"064a99c8":171,"b6aaf976":168,"aefe13f5":178,"dd1fcb17":157,"d82592f4":172,"c609739e":173,"778c95e9":167,"bca2d7cd":161,"084cbc0b":159,"ea822700":168,"8cd78f77":177,"0d2a1c58":164,"0f72f2d8":169,"13747b82":172,"d6d61bfc":182,"3a1d1632":145,"68562193":168,"af034fee":182,"0681c48e":184,"449d8475":157,"a47abfbb":151,"f66616b7":170,"1b881e6e":169,"23760167":167,"d957f027":166,"bda8cdfb":179,"394dc144":159,"4469c815":140,"8dd2684c":169,"3661e12d":163,"a77e8461":170,"f2f58418":153,"1da771fb":170,"dc583e64":178,"b935fc1c":166,"f2470875":180,"fb7b7b3c":191,"e238f09b":180,"0b3283c9":175,"761cf820":177,"d0c0fc08":149,"32c9fc47":173,"332820ce":178,"1db42092":174,"fe0df575":177,"95f6db13":170,"d0e9a58e":169,"26009d3f":151,"792c9b6a":162,"0114160e":164,"de11eb19":179,"b36a0d66":157,"bbe71605":152,"73b15e04":167,"b6aaf976":169,"3454fa2b":155,"9c045c61":169,"9ab755d3":158,"fd369c21":178,"d552eb2f":176,"383e232d":168,"5f4102da":175,"6c524f99":180,"9b546d65":161,"78467b8a":175,"062179c1":167,"8721056e":155,"50b558a7":155,"6e44927f":167,"42cd2360":144,"61145ec9":175,"6023df54":164,"a0cf08b3":134,"810aa5e9":180,"00a481e3":177,"f4726450":161,"284544ba":159,"dd7acb96":175,"20e470e0":156,"6f81493d":157,"4ee62a26":157,"3f9b5722":153,"467773ac":159,"142d6987":165,"74f234c6":201,"e9679ede":163,"145c7559":165,"f2086446":162,"9b172ca8":151,"c7313e0a":177,"acac14fb":162,"9b742f71":162,"458dcc3d":180,"c6e3d352":168,"b7df1559":167,"ac62fac2":183,"26c6fa34":152,"a2c334e7":186,"a1370ab0":164,"5774ac0d":181,"4125085e":171,"227006e4":166,"74e3d13e":170,"8d04852b":162,"31d74eee":161,"5d087c79":169,"bd2705b0":178,"124fbe96":158,"8bc04eb5":170,"a6b5e869":171,"91b28f83":171,"2882a956":166,"11b74e63":163,"ef91eaae":151,"43d87483":174,"0d28db94":156,"6a5b71b4":161,"30b6808c":157,"9fce073c":164,"ba938220":168,"f2364460":167,"48efc739":188,"97e75c19":175,"bc09fa9e":168,"ded7da5a":176,"7d112f4d":177,"92136ff5":168,"8ea21393":147,"0149e11a":149,"7b6a7048":170,"e1571af7":165,"ca7d47f7":174,"5ab7bc35":174,"fbdffc95":160,"868cda42":167,"859545e6":158,"0b959527":158,"d957f027":167,"ccf8b803":175,"95d3d348":159,"8dc9b4db":177,"5623817d":157,"71ff66e8":169,"e7773397":155,"3e082b37":155,"8e4c33d2":162,"82b81567":150,"9260d96b":194,"e7e82473":192,"ef16ca37":165,"1bd5b20b":181,"b2703001":173,"e0e6a097":159,"6d802fa2":151,"08a4c3f8":175,"cd95f558":167,"8298e976":181,"01d817b8":143,"ef8321d8":169,"12012fbd":157,"88432019":157,"f87c5031":176,"dfa1a89b":160,"36d340f2":151,"7af262e5":184,"478d2d4f":192,"1105f790":193,"0e2b5d2f":169,"2bcca6a7":181,"7fdc2007":154,"8b5a8e9f":177,"fafb4cc2":214,"43bc86e3":162,"3c0df8b4":177,"a15713c6":189,"731fc335":151,"4bc46d7a":158,"8db5a165":157,"2180f99b":162,"5272520d":175,"0841052c":186,"cf1124db":158,"94a2fe10":183,"751bcf25":163,"cd3bbe7e":170,"d033db8d":193,"e9679ede":164,"4e3f5178":180,"fe578280":163,"70bc8325":164,"bca2d7cd":162,"272c7672":178,"d744bee2":165,"de6213c7":165,"b7832271":181,"88a30343":173,"1138796e":178,"159ffd0b":160,"064a99c8":172,"c27969ec":157,"2c24d929":178,"04612878":182,"baebb391":178,"e8d74304":159,"1c3a30c5":177,"71279c46":166,"deb31f35":173,"8cddb65e":166,"7af9d3b1":165,"1757a30e":155,"7fef9973":166,"11b74e63":164,"aa187e3b":170,"f0a06216":172,"00cf385d":180,"730a4938":155,"07f98660":177,"d2466211":185,"053f3451":164,"7e95c5a0":176,"9fce073c":165,"6034b6d0":175,"95539a58":160,"64db4feb":187,"bb8a6337":155,"972f4174":179,"5e193fc8":171,"ebdbf580":176,"c0fea118":156,"bc09fa9e":169,"e2cbe594":171,"93e8cee5":185,"5a622a23":169,"7b6a7048":171,"0149e11a":150,"85de05f2":164,"df2b4d87":160,"5f620a1e":169,"62d1d346":152,"c1bdfd41":161,"14c682eb":152,"65a00a3c":164,"2045d7d6":164,"60d6cee2":168,"36b7003c":195,"5339e1e9":179,"5f7d7195":168,"0f1ac912":156,"50d129cf":159,"650bb0e0":163,"d957f027":168,"3f2522c2":177,"fb7b7b3c":192,"695a2b92":158,"6d61bf13":159,"014bdff0":171,"6ce84ff8":150,"312f7676":178,"67f6e4f2":149,"554ebb83":178,"e0e6a097":160,"49910300":152,"fd6dcb20":169,"9a467a82":171,"f5596d0f":176,"b946e146":184,"733c86f8":176,"f5e8dfee":177,"05f6ab35":173,"7fdc2007":155,"9a07d89b":157,"bd62d7ed":158,"b8488fc8":169,"345c9967":158,"3f75d3bc":188,"731fc335":152,"3f65f121":178,"467773ac":160,"381c68fa":170,"1f11812e":182,"9316e7e8":138,"e62d705f":159,"751bcf25":164,"4360a1a3":184,"865d9857":161,"09560615":148,"3c6692a3":186,"d3a669ac":175,"b5763ff6":154,"2c01e624":168,"2d54e0a8":169,"0bd93cfd":137,"d0d6acb1":174,"d33790a2":201,"3c782bb3":172,"50312237":170,"f5829ac0":180,"8493f3b2":170,"45b038bb":201,"1be05c14":176,"f044c0e1":164,"3310a049":169,"26009d3f":152,"e8d74304":160,"c6e3d352":169,"23080895":159,"c609739e":174,"4b4ef7fa":160,"792cfcbd":168,"a543ec74":147,"be149c6f":150,"227006e4":167,"ae016053":197,"69eeae0d":153,"d9d0c567":173,"fe44fc6f":159,"ee21ad02":187,"d83870f5":165,"95d331b1":158,"a502c93c":156,"8bc04eb5":171,"6b82b527":172,"f56ac638":149,"f7231212":163,"8fb236a9":155,"d7cb9bcf":155,"6034b6d0":176,"0785820e":166,"9aa6a054":172,"629800eb":181,"288a2c43":165,"2ab62345":157,"685207b3":170,"6fb4cdda":180,"e9679ede":165,"e1618359":173,"0da28f5b":185,"4b4ecbce":153,"c4feee5b":166,"3b7763b1":153,"debe1f65":164,"7d112f4d":178,"85de05f2":165,"92136ff5":169,"7bebff03":166,"4dac6b20":144,"0f029727":158,"d6f0d94a":167,"e786063b":178,"88fa53d6":147,"aa021138":187,"0a2f71bc":155,"9bdf362a":173,"aa9ea5e8":150,"24a9fb86":182,"68562193":169,"36b7003c":196,"77f31bab":179,"39a2fcce":155,"8a52882e":171,"97e75c19":176,"44a4f7cd":171,"1d790491":173,"b935fc1c":167,"f6fe095d":174,"83086d4c":168,"8274885a":168,"a77e127d":146,"6d61bf13":160,"95d3d348":160,"7af262e5":185,"92ca52b7":181,"4c0e547b":180,"c1bb74f2":162,"062179c1":168,"19551bad":155,"e5b1abc6":161,"381c68fa":171,"61f25dd4":188,"d70ca4f4":181,"40a745c0":172,"93683c82":166,"db703021":161,"26ed1a5c":169,"b946e146":185,"d1715f3b":181,"0277d748":178,"b9a48a5c":150,"4d35385e":160,"175bc6b2":150,"22ecaed0":168,"8657c79d":168,"835358a0":159,"eb7b4e29":158,"d0d6acb1":175,"84b67924":169,"2c627253":167,"9147702f":148,"792c9b6a":163,"332820ce":179,"05642105":171,"fe0df575":178,"d33790a2":202,"8298e976":182,"e8f173b5":167,"f1862e79":152,"d9dcdc4b":184,"5f8517b7":191,"9263c525":170,"820225e4":142,"88a30343":174,"0be540c5":178,"baebb391":179,"d82592f4":173,"b460f030":191,"12271e14":182,"6ebe2354":150,"a0bc1ceb":165,"a43061ee":156,"d8e58a8c":183,"91f7ef72":158,"74c26380":188,"00a481e3":178,"906fdec3":156,"810aa5e9":181,"731fc335":153,"5eab91a0":182,"dffa7793":144,"8bc04eb5":172,"bf30a08f":184,"290b4714":169,"79be29c8":156,"4258c176":165,"87cd2add":152,"0bfabf48":156,"6034b6d0":177,"30b6808c":158,"cc5a1d47":164,"a4296d1e":161,"c0fea118":157,"288d171f":171,"e9679ede":166,"1a68160d":168,"168e75d9":168,"f3992a31":178,"3ef7432b":181,"5a622a23":170,"da3437cd":160,"547903ef":173,"5fa12feb":171,"daab45c6":158,"53747a91":160,"a33fe0dd":172,"88fa53d6":148,"fbdffc95":161,"be149c6f":151,"a1370ab0":165,"e4714415":187,"51f80f4c":192,"a9b1bd51":130,"faf3ed07":158,"a6003226":163,"a939b50b":171,"540df50f":171,"4ed01268":158,"13747b82":173,"8a52882e":172,"263762cb":156,"71ff66e8":170,"6085137f":157,"09ff339a":145,"a58bf525":168,"578f6e9e":176,"836701f6":169,"650bb0e0":164,"97e75c19":177,"629800eb":182,"9fce073c":166,"82204d54":160,"6a7392d5":153,"e5b1abc6":162,"0e2b5d2f":170,"d78dd457":159,"b320feb9":172,"ce3bf5db":170,"e32524d6":158,"3fdb08f5":168,"7a9344a4":190,"5cd3cfe0":157,"74f234c6":202,"180377be":162,"5ccf94d6":163,"9316e7e8":139,"26ed1a5c":170,"2dda3936":157,"eeaa2d46":184,"6de0aaac":159,"3454fa2b":156,"22176537":165,"bb99c79c":171,"6751d8e4":177,"ea822700":169,"1d153b20":174,"aaa274a5":167,"2a06ab95":184,"7e991ab9":134,"b35e9e1a":201,"b377a62a":153,"59431390":164,"31f6d707":188,"d36125db":176,"4f5e3e7d":156,"8d753bb6":171,"8323d333":157,"26c6fa34":153,"a4dafea5":167,"92d38723":177,"4ff2225d":165,"f1098793":162,"9e878ec2":181,"9fc713b0":180,"e0f7679f":151,"1f342a00":164,"a625328f":177,"a8c93bed":164,"6c486702":176,"49cb2959":176,"616d6dd6":169,"7896b953":181,"5f0c1b9d":174,"ec110282":192,"a851891c":161,"45b5746e":170,"20811ddf":171,"5b5fc566":169,"e0e48a2d":166,"290b4714":170,"5e193fc8":172,"4b4ecbce":154,"9b172ca8":152,"d548635d":170,"501db4de":170,"e9679ede":167,"21ad2f34":177,"0149e11a":151,"9f2b16a7":182,"7d112f4d":179,"bc09fa9e":170,"ab7467de":183,"c650b434":174,"12534561":171,"d6d61bfc":183,"e4714415":188,"32133249":175,"031e488e":179,"a6003226":164,"76f3a3be":169,"5a0eb771":160,"1b881e6e":170,"ce3407dd":164,"91d52a55":167,"9ceb5439":154,"2d1e1e9d":166,"87922532":194,"56752a4a":158,"01cd8099":176,"6be9332a":151,"5b60dd1d":168,"09ff339a":146,"82868763":161,"f6fe095d":175,"39bbc4bc":175,"22aeaf03":169,"3e082b37":156,"37fbb107":176,"1634789b":158,"bf30a08f":185,"07f98660":178,"6c20c153":167,"7a4c064c":178,"ad303bda":157,"b0869206":174,"53b4e647":168,"0bfabf48":157,"30b6808c":159,"77bfed7e":170,"92ca52b7":182,"78467b8a":176,"f5e8dfee":178,"70594a28":172,"65a00a3c":165,"fbdffc95":162,"ba30e43a":177,"4777334c":165,"e3547548":162,"62d1d346":153,"f8b31ce5":191,"8db62558":167,"a4f1d83b":156,"1e191c98":150,"175bc6b2":151,"d3e84616":170,"315537b2":177,"88432019":158,"22ecaed0":169,"18815a1b":162,"84b67924":170,"eafbf9fb":169,"d0d6acb1":176,"98915a1f":151,"88b3bc99":157,"2e99f8fd":159,"6db0ea86":157,"4f5e3e7d":157,"05642105":172,"db0a661e":163,"2cce4fb2":174,"3a1b9af5":167,"159ffd0b":161,"f1862e79":153,"26009d3f":153,"554ebb83":179,"32c9fc47":174,"49bf2e95":157,"45fb95c1":170,"03dcfa3d":165,"742f1425":173,"87ce8d1d":147,"12271e14":183,"35b58ef9":155,"6be9332a":152,"17807120":164,"730338c4":179,"0fc5ac7e":190,"b5763ff6":155,"fead11cf":168,"dc0c8b09":184,"b87158fb":169,"50b558a7":156,"a472532e":153,"b28a5e67":190,"2dd0e808":162,"8db5a165":158,"616d6dd6":170,"1d44aff3":176,"3101354b":147,"d815c5b4":196,"31408822":159,"5cd3cfe0":158,"b6591e25":175,"6f81493d":158,"c0fea118":158,"470d50c2":173,"b2c25d1c":163,"d548635d":171,"34c5c729":162,"1a68160d":169,"1e232870":173,"bc09fa9e":171,"efd23af5":155,"44ff8baa":159,"c455f40e":161,"da3437cd":161,"be149c6f":152,"8d04852b":163,"42c80e69":184,"dcfaba4c":172,"2132fe93":177,"9f5e6cba":181,"540df50f":172,"eda6a690":162,"6ce84ff8":151,"3f2522c2":178,"8dd649a3":166,"e45b4b53":157,"47d27624":157,"6adce358":183,"cf775f58":177,"e99318a3":174,"d1fe2868":179,"99e171db":163,"bda8cdfb":180,"5acce642":171,"ba586505":176,"20811ddf":172,"7735c3c2":162,"6b82b527":173,"629800eb":183,"ee21ad02":188,"c38c2b52":161,"e4cfef0a":157,"7a4c064c":179,"ef91eaae":152,"9f74b8a4":161,"7fb4c521":173,"2ad42a9e":188,"4eed1bea":170,"24ffcbd3":185,"e786063b":179,"1623fc9f":168,"5f620a1e":170,"a577db1c":157,"37a7d5b0":165,"d141db49":169,"09560615":149,"9c045c61":170,"6d5fcd4c":165,"eeaa2d46":185,"8dd2684c":170,"3661e12d":164,"6d339d45":147,"2d13e69b":172,"3c43e8a2":182,"09f0db62":192,"2e99f8fd":160,"4ac6bd4e":159,"608bc832":145,"06ddafc7":153,"411b5027":153,"fe0df575":179,"3310a049":170,"8493f3b2":171,"2d1e1e9d":167,"36fb15d2":186,"9e878ec2":182,"fb44fa9c":176,"f5829ac0":181,"a6bcb07e":173,"d82592f4":174,"bad6cdb1":144,"4b4ef7fa":161,"9fc713b0":181,"e6fac295":160,"3c6692a3":187,"6e851762":162,"84b67924":171,"2d54e0a8":170,"884b0ad1":163,"c793cdda":167,"05f6ab35":174,"fee32863":174,"8f10fa42":198,"b8488fc8":170,"4c0e547b":181,"78467b8a":177,"9b546d65":162,"a15713c6":190,"d5dae4c4":187,"3c0df8b4":178,"195eb771":172,"a472532e":154,"52eca0dc":167,"7c0a2db6":165,"30fdcd3b":167,"c2bb8aae":161,"db703021":162,"40a745c0":173,"74f234c6":203,"dbd2f139":171,"4ee62a26":158,"f598a332":157,"dcf85091":150,"4c4aa2e2":161,"9b742f71":163,"1247fa52":175,"a836aa93":163,"696fdac5":178,"a6003226":165,"c4bff41f":184,"68562193":170,"4cc141fa":143,"03dcfa3d":166,"6d61bf13":161,"3a204e56":169,"4911acad":138,"031e488e":180,"3c18f28e":165,"5e09f69e":196,"d5557fb4":173,"088feee2":170,"bf822e33":166,"449d8475":158,"f66616b7":171,"527ff946":174,"f56ac638":150,"1bb4ccc0":166,"7ee7621c":166,"1a442bc7":153,"a502c93c":157,"619fda68":203,"ae99df30":155,"753ca352":170,"ea4d3f3e":178,"6034b6d0":178,"00a17b46":164,"053f3451":165,"77bfed7e":171,"869cbaa0":179,"90d52475":171,"c45d554f":176,"df81ddee":153,"c455f40e":162,"e2cbe594":172,"a0ce82b4":166,"51c57542":176,"9a80f004":170,"e1571af7":166,"a577db1c":158,"aa021138":188,"e32524d6":159,"0a2f71bc":156,"5f620a1e":171,"868cda42":168,"36d340f2":152,"2cb29e5a":178,"3712c4bd":147,"a58bf525":169,"5410e9c6":175,"d599b566":180,"f2470875":181,"d0e9a58e":170,"408bb2ed":167,"3a1b9af5":168,"fa55f27a":177,"e0f7679f":152,"a6bcb07e":174,"7a6aa4b6":168,"8493f3b2":172,"95bc84f1":153,"bbe71605":153,"1bd5b20b":182,"0b5a0408":179,"d6db2b02":178,"cf84fb54":174,"ec2cb1af":174,"f2f58418":154,"d6320619":157,"ac38a6a5":183,"9de29816":147,"84b767be":195,"6e851762":163,"7db3edda":166,"f4726450":162,"6751d8e4":178,"2a76f1dd":156,"e5b1abc6":163,"0e2b5d2f":171,"70ee0491":158,"05f6ab35":175,"f5e8dfee":179,"9a3ab0b8":169,"3101354b":148,"69eeae0d":154,"abc1d7ad":189,"ef8987d7":160,"f789f6d8":162,"db8ba455":169,"dd035d2a":164,"b7832271":182,"1f342a00":165,"c2bb8aae":162,"20e470e0":157,"a8726d50":153,"5272520d":176,"b7434f57":133,"ddec9e54":170,"142d6987":166,"ebdbf580":177,"e9679ede":168,"ab7d4c9a":154,"2e3503e4":179,"79f04300":173,"90a06ee9":174,"9267f0ef":179,"ad8f85d6":182,"64a7f79f":175,"a543ec74":148,"742f1425":174,"a43061ee":157,"e8d74304":161,"812b4f15":147,"76f3a3be":170,"d6d61bfc":184,"1ed46298":180,"bb8a6337":156,"a2c334e7":187,"03b4ab60":159,"51f80f4c":193,"1b881e6e":171,"9d63c4dd":172,"88ce179e":180,"d4d5f466":164,"87c462ee":179,"aa187e3b":171,"9cb4697f":183,"677c6a09":187,"7f6d1d0e":176,"7218c9f1":154,"67c57de4":187,"d7cb9bcf":156,"10ec5a0b":155,"0d28db94":157,"7fb4c521":174,"7a840529":160,"2b3e4717":171,"1a0189c4":166,"b8ab8e6e":164,"ccb5ea3e":150,"4eed1bea":171,"25e0dd3d":166,"5a622a23":171,"f9f2c53f":144,"79e4fa1c":170,"9a80f004":171,"259930ee":174,"ce3bf5db":171,"5ab7bc35":175,"d141db49":170,"4def63ee":154,"9bdf362a":174,"62d1d346":154,"aff8e442":170,"4ed01268":159,"2c5c1dc0":157,"25635c37":152,"2203f259":176,"ea9bba6b":171,"71ff66e8":171,"19f9ca86":173,"5623817d":158,"1b153aef":175,"4ea4a2a1":180,"34658473":156,"332820ce":180,"59431390":165,"ce4da56f":162,"8245f916":161,"05642105":173,"31f6d707":189,"e7e82473":193,"de11eb19":180,"1db42092":175,"1f88a4b7":186,"f2f58418":155,"d2a841c9":163,"30dd2edc":166,"ccdd1ce6":170,"7d6895f4":176,"558d5ce7":163,"26c390d6":173,"140ce69e":164,"bca2d7cd":163,"2a06ab95":185,"c1bb74f2":163,"13b53c7a":166,"a66a2d8a":182,"11b2c8d9":160,"0f89862c":147,"cfafcda8":158,"2352c8ef":172,"61145ec9":176,"d8e58a8c":184,"dc03ebd2":182,"74c26380":189,"f3a0c2ee":168,"d9d0c567":174,"5f0c1b9d":175,"c0e2624b":161,"272c7672":179,"20e470e0":158,"467773ac":161
1604737635420,"fb44fa9c":177,"8eb64769":178,"4cc141fa":144,"71bc1295":161,"ad8f85d6":183,"87ce8d1d":148,"cbad3b92":193,"481754fc":147,"eda6a690":163,"5781776a":167,"e7773397":156,"d1676e89":169,"3e082b37":157,"b769bdfb":163,"b1f58563":164,"30dbfc69":165,"66b7b5b4":162,"a68a93b2":163,"dae0f922":171,"be40590d":177,"104721f0":174,"5be594be":168,"4e3f5178":181,"4c4aa2e2":162,"ab7d4c9a":155,"90a06ee9":175,"31f6d707":190,"8bc04eb5":173,"fea793f5":173,"91b28f83":172,"aa187e3b":172,"c4aa1e38":143,"6d802fa2":152,"9263c525":171,"868edcc0":183,"b35e9e1a":202,"4ff2225d":166,"92d38723":178,"e81834aa":193,"d33790a2":203,"6c73ae98":145,"00554ffd":175,"a24e6670":167,"045f280d":171,"a543ec74":149,"17807120":165,"4febf7c5":169,"b7df1559":168,"48655f09":205,"4b4ef7fa":162,"792cfcbd":169,"80a8a56d":167,"261c9911":180,"51c57542":177,"201cafad":166,"27d8bf51":164,"cd421290":164,"c015ec5a":170,"0f029727":159,"4295ce9a":169,"44ff8baa":160,"ba30e43a":178,"9bdf362a":175,"c1bdfd41":162,"9e65c0ef":167,"3fdb08f5":169,"7735c3c2":163,"54d7de6b":187,"7e95c5a0":177,"bd2705b0":179,"2b698053":169,"ffa08d82":168,"67c57de4":188,"b73e789c":158,"e57d5cda":160,"ba938220":169,"e5b1abc6":164,"fb7482fe":168,"0fc5ac7e":191,"971675c5":176,"3f2522c2":179,"9a3cc55d":159,"3e082b37":158,"4360a1a3":185,"0c0e98ea":161,"20e470e0":159,"dae0f922":172,"58d46189":182,"cd3bbe7e":171,"c2bb8aae":163,"f3992a31":179,"1a2c020b":174,"578f6e9e":177,"1951480c":153,"93ac9ca3":166,"4125085e":172,"5eaa1581":162,"c9efc8f6":164,"32133249":176,"b7cc7909":185,"51f80f4c":194,"74e3d13e":171,"48efc739":189,"a1921150":180,"b8ab8e6e":165,"93fdbb44":160,"c67979e6":189,"650bb0e0":165,"a983a6dc":155,"831c7b85":166,"eb2e1983":164,"dd3913d2":157,"11b2c8d9":161,"b8488fc8":171,"30c184b8":166,"537634c9":145,"7ae34c64":161,"db8ba455":170,"616d6dd6":171,"ec110282":193,"83b2f9c5":172,"cf1b8c47":183,"b3f19a69":161,"6841f77e":181,"c0b23081":188,"d0e9a58e":171,"5a0ead91":149,"b4fdf90e":181,"6db0ea86":158,"40569362":185,"3d1af513":180,"820225e4":143,"608bc832":146,"45fb95c1":171,"4ba6eb36":162,"159ffd0b":162,"bab97de3":177,"b2703001":174,"6d802fa2":153,"56752a4a":159,"a0b03218":171,"99d130c9":176,"c609739e":175,"c6e3d352":170,"2e3503e4":180,"3498f223":166,"e1618359":174,"4c4aa2e2":163,"288d171f":172,"8f9b74b0":164,"cd421290":165,"fb8bfb36":180,"9a80f004":172,"ecfa8249":178,"7bebff03":167,"2ad42a9e":189,"e32524d6":160,"65a00a3c":166,"c4e70c07":157,"d9f512b9":175,"2af60749":171,"0b959527":159,"44c77422":170,"74e01f6a":167,"12a2cd4b":161,"22176537":166,"d2a841c9":164,"b946e146":186,"172217e5":180,"945b63f0":182,"9a467a82":172,"88432019":159,"b947257e":172,"72d7b461":180,"af0b61ab":174,"ea822700":170,"e58b26f6":186,"e4117b3b":153,"730a4938":156,"6775d5cd":167,"00cf385d":181,"07f98660":179,"cb142908":152,"e57d5cda":161,"9fce073c":167,"77bfed7e":172,"385ab7c6":171,"0bfabf48":158,"19e9776f":166,"30fdcd3b":168,"f883d582":156,"c8977844":163,"94a2fe10":184,"381c68fa":172,"0841052c":187,"971675c5":177,"eda6a690":164,"f1dffa24":153,"42191b64":147,"e7773397":157,"09ff339a":147,"c7ab83c1":153,"6e851762":164,"bca2d7cd":164,"540df50f":173,"bc3dc66a":169,"4125085e":173,"8cddb65e":167,"081460bf":170,"68562193":171,"8d04852b":164,"44a4f7cd":172,"77bae750":160,"fef750ca":168,"7af262e5":186,"062179c1":169,"2bcca6a7":182,"a8c93bed":165,"ec11fe5f":144,"a59a8290":173,"6e44927f":168,"4abb7aed":163,"3101354b":149,"6023df54":165,"f3a0c2ee":169,"345c9967":159,"4bc46d7a":159,"6f0fcb9d":177,"d0e9a58e":172,"379184a7":187,"7732eb1e":183,"c7c4ec5c":157,"336d0f08":178,"b84a06eb":167,"013ee301":158,"9263c525":172,"f277386e":147,"49bf2e95":158,"e7e82473":194,"e0f7679f":153,"a6bcb07e":175,"064a99c8":173,"8e99d5d0":198,"1a2c020b":175,"501db4de":171,"b3863630":166,"f121b82c":173,"efe84c27":176,"c21ab51e":144,"93e8cee5":186,"8ea21393":148,"70594a28":173,"18d20aa1":173,"5fa12feb":172,"20777945":161,"e1571af7":167,"2ad42a9e":190,"014460b9":191,"25776fc4":174,"c015ec5a":171,"88fa53d6":149,"0a2f71bc":157,"65a00a3c":167,"f1098793":163,"04612878":183,"03c398d2":171,"17807120":166,"481754fc":148,"0f72f2d8":170,"d5557fb4":174,"23760167":168,"77f31bab":180,"5f7d7195":169,"ccf8b803":176,"945b63f0":183,"4d35385e":161,"30dd2edc":167,"eafbf9fb":170,"22176537":167,"e9adbe58":167,"8cc4a982":180,"ad2d7bed":180,"7ee7621c":167,"67d30f2b":167,"4258c176":166,"1c0a9eff":159,"6c20c153":168,"04cc7cbe":161,"50c468ba":163,"1dad0f99":161,"93b9fae6":163,"ef91eaae":153,"b73e789c":159,"869cbaa0":180,"753ca352":171,"3b690f68":182,"61f25dd4":189,"cf1124db":159,"110b1ee3":169,"dbd2f139":172,"059d6c19":180,"180377be":163,"a40846b7":170,"317c1591":183,"7ee148e9":168,"c0b7e7d7":156,"578f6e9e":178,"eda6a690":165,"9a3cc55d":160,"835358a0":160,"9ab755d3":159,"39ba00f0":173,"eb7b4e29":159,"778c95e9":168,"d3a669ac":176,"c793cdda":168,"2ab62345":158,"60d6cee2":169,"8cddb65e":168,"61d4782d":165,"a1370ab0":166,"dd3913d2":158,"ba5c52af":162,"25a2844e":172,"78b97937":183,"9d023afb":167,"e35a63cd":172,"a567ace4":169,"8db5a165":159,"69eeae0d":155,"61145ec9":177,"49cb2959":177,"91f7ef72":159,"45b5746e":171,"a0cf08b3":135,"408bb2ed":168,"7a6aa4b6":169,"cd95f558":168,"a24e6670":168,"c7c4ec5c":158,"e36dfd6f":173,"26009d3f":154,"fe0df575":180,"f5829ac0":182,"ef16ca37":166,"95bc84f1":154,"a533489b":184,"cf50e84e":157,"c0fea118":159,"8e99d5d0":199,"6fb4cdda":181,"470d50c2":174,"5be594be":169,"b2c25d1c":164,"4c4aa2e2":164,"cd421290":166,"bc09fa9e":172,"9d0546ac":154,"5c82d1ce":166,"9a80f004":173,"7bebff03":168,"75ffea08":169,"efd23af5":156,"4fd645f1":171,"9bdf362a":176,"859545e6":159,"e3547548":163,"92f800f5":175,"90731976":158,"4cc141fa":145,"dfc89705":176,"812b4f15":148,"23080895":160,"48655f09":206,"74e01f6a":168,"946df4fd":194,"5a734022":155,"8d04852b":165,"66d94227":164,"97e75c19":178,"a939b50b":172,"93fdbb44":161,"5339e1e9":180,"794f652b":187,"91d52a55":168,"bb99c79c":172,"3f65f121":179,"217c0327":152,"3454fa2b":157,"3b2dee89":165,"290b4714":171,"d83870f5":166,"ad2d7bed":181,"67d30f2b":168,"f0a06216":173,"f56ac638":151,"ef91eaae":154,"053f3451":166,"0d7d88f1":171,"7566fdd6":168,"8ac72326":170,"597c1f81":170,"e4cfef0a":158,"65a00a3c":168,"6e24d88b":154,"20e470e0":160,"5ccf94d6":164,"b6591e25":176,"1f11812e":183,"a68a93b2":164,"94a2fe10":185,"fb7b7b3c":193,"77d35808":148,"3e082b37":159,"437fc3ec":185,"2c5c1dc0":158,"6ce84ff8":152,"f3d68430":180,"22176537":168,"6143f39d":172,"9fa62fee":165,"d744bee2":166,"4bcd4a30":173,"98915a1f":152,"1f7607df":157,"fb7482fe":169,"284544ba":160,"3712c4bd":148,"fe8f3d36":166,"831c7b85":167,"eb2e1983":165,"fee32863":175,"d78dd457":160,"1105f790":194,"9b546d65":163,"012de09c":166,"d5dae4c4":188,"71ba7561":150,"7896b953":182,"91f7ef72":160,"a5fd8ffd":173,"71e53c93":172,"1b153aef":176,"cd95f558":169,"c4aa1e38":144,"288d171f":173,"e0154608":173,"655954ba":161,"be2955bb":167,"b2c25d1c":165,"9f2b16a7":183,"e9679ede":169,"20777945":162,"e21c6207":167,"da3437cd":162,"18d20aa1":174,"3ef7432b":182,"7bebff03":169,"2ad42a9e":191,"b320feb9":173,"4c39240e":181,"5f8517b7":192,"8cf83787":158,"4ba6eb36":163,"45fb95c1":172,"a4dafea5":168,"d0b297b2":153,"a24e6670":169,"02d4753e":190,"bab97de3":178,"90731976":159,"3310a049":171,"0eaf08da":173,"baebb391":180,"48655f09":207,"59c1e594":157,"64a7f79f":176,"1ed46298":181,"c64de0c0":150,"a6003226":166,"5eaa1581":163,"deb31f35":174,"5ac86fb9":175,"b7cc7909":186,"254cc28c":174,"0670c466":159,"c67979e6":190,"bad1a1cc":165,"9d9dd9e5":164,"93fdbb44":162,"aff8e442":171,"12a2cd4b":162,"ea4d3f3e":179,"677c6a09":188,"7fef9973":167,"04cc7cbe":162,"5acce642":172,"04bef50c":147,"e6ec8cbf":178,"ffa08d82":169,"0d7d88f1":172,"7a840529":161,"7566fdd6":169,"4d9b0b10":165,"abd32136":178,"ad303bda":158,"9c58dd76":169,"e32524d6":161,"d6f0d94a":168,"2154b6e8":160,"62d1d346":155,"08a06557":192,"1e7753d9":183,"4279e829":188,"381c68fa":173,"578f6e9e":179,"095ab3b4":169,"9a3cc55d":161,"f2470875":182,"8007f30e":149,"cfafcda8":159,"be3a10f8":186,"9d023afb":168,"cd522166":181,"ba5c52af":163,"55928ef1":162,"3a291497":155,"4bc46d7a":160,"3f75d3bc":189,"4abb7aed":164,"aa867541":160,"ea9bba6b":172,"8dd2684c":171,"dfa1a89b":161,"09560615":150,"18815a1b":163,"d6320619":158,"ccdd1ce6":171,"be4f8ba8":156,"6751d8e4":179,"70bc8325":165,"9147702f":149,"c0e2624b":162,"e58b26f6":187,"508aac3d":176,"bca2d7cd":165,"3712c4bd":149,"6b79fec2":162,"e62d705f":160,"655941a0":178,"0d5ee801":163,"142d6987":167,"9b742f71":164,"e0154608":174,"696fdac5":179,"1247fa52":176,"4c4aa2e2":165,"90a06ee9":176,"34c5c729":163,"c8dc010f":173,"7a2f3f06":162,"ea274174":174,"7732eb1e":184,"3652bd66":172,"bab97de3":179,"4ea4a2a1":181,"6db0ea86":159,"b4fdf90e":182,"5678ed7b":187,"00554ffd":176,"0be540c5":179,"34658473":157,"b2703001":175,"be149c6f":153,"aec4e1bf":171,"3a1d1632":146,"40860a4b":149,"72805bf5":163,"b230e8d3":169,"6df0b2e8":187,"aff8e442":172,"50d129cf":160,"a1921150":181,"d957f027":169,"cb6c9e42":192,"0670c466":160,"d1fe2868":180,"bad6cdb1":145,"159ffd0b":163,"2c6cb96f":140,"781ace7d":168,"ad2d7bed":182,"7fef9973":168,"730a4938":157,"e4c312fe":170,"00cf385d":182,"9d4f1fe6":160,"7ee7621c":168,"cf9f4757":160,"d83294cd":157,"056ea7ff":182,"af7e5be8":165,"e57d5cda":162,"d5059415":162,"2ce1af05":149,"e6fac295":161,"87ce8d1d":149,"1c3a30c5":178,"bc392d1c":153,"aa00769b":184,"812b4f15":149,"5fa12feb":173,"7d112f4d":180,"8f9b74b0":165,"53747a91":161,"fce3c5c6":155,"20777945":163,"d141db49":171,"8f13c203":162,"f9f2c53f":145,"7e76c93c":172,"28d40296":132,"7be025ce":168,"ca7d47f7":175,"e35a63cd":173,"478d2d4f":193,"dd3913d2":159,"b8488fc8":172,"fef750ca":169,"cfafcda8":160,"a8c93bed":166,"be4f8ba8":157,"2dda3936":158,"172217e5":181,"0277d748":179,"217c0327":153,"09560615":151,"a6626a13":158,"d1715f3b":182,"39ba00f0":174,"5747db6e":178,"72d7b461":181,"2d54e0a8":171,"2f455cce":163,"b7832271":183,"27f52ed3":199,"f5cd79c1":176,"578f6e9e":180,"d599b566":181,"f6fe095d":176,"f2470875":183,"d1676e89":170,"ca6d2d91":169,"cf1124db":160,"30dbfc69":166,"906632cb":179,"9316e7e8":140,"430a5db5":173,"66b7b5b4":163,"53431634":190,"704bce0d":163,"5e193fc8":173,"80a8a56d":168,"c7313e0a":178,"a3253019":159,"6fb4cdda":182,"3a1b9af5":169,"fa55f27a":178,"07fc4a9a":180,"36fb15d2":187,"b377a62a":154,"4ff2225d":167,"42c80e69":185,"d6d61bfc":185,"0681c48e":185,"ed4fad08":178,"dc473de1":153,"725dce8b":176,"c93c3508":146,"2a387957":165,"77bae750":161,"47d27624":158,"a1921150":182,"77f31bab":181,"23760167":169,"d1fe2868":181,"358e45b1":161,"11888cfa":154,"d8e58a8c":185,"ef8987d7":161,"5f0c1b9d":176,"731fc335":154,"95904ac4":186,"56473430":183,"fafb4cc2":215,"bec9d329":186,"dffa7793":145,"91b28f83":173,"935ec056":156,"e382ec3f":157,"6b82b527":174,"88ce179e":181,"c38c2b52":162,"f7231212":164,"4f59a322":171,"2d1e1e9d":168,"761cf820":178,"08a4c3f8":176,"6c73ae98":146,"d36125db":177,"159ffd0b":164,"01cd8099":177,"c609739e":176,"cac4449a":165,"73b15e04":168,"804d4dfa":162,"baebb391":181,"0f72f2d8":171,"85de05f2":166,"e1f0dbfd":193,"805534ac":182,"daab45c6":159,"21e10a2b":166,"da3437cd":163,"37a7d5b0":166,"3fdb08f5":170,"25e0dd3d":167,"ba30e43a":179,"014460b9":192,"b5ce0c0c":187,"75ffea08":170,"ffc86f94":155,"d2a841c9":165,"6cba74ce":152,"217c0327":154,"a77e8461":171,"f3d68430":181,"2cb29e5a":179,"ea822700":171,"09560615":152,"3c6692a3":188,"b947257e":173,"22234d6b":175,"b5763ff6":156,"50c3164b":188,"7e991ab9":135,"4d9b0b10":166,"9c29f0ed":185,"d5059415":163,"87083264":186,"82204d54":161,"a567ace4":170,"a66a2d8a":183,"1745a0f4":170,"4c0e547b":182,"2bcca6a7":183,"6a7392d5":154,"f6fe095d":177,"2c5c1dc0":159,"a77e127d":147,"8e4c33d2":163,"b769bdfb":164,"82868763":162,"014bdff0":172,"66b7b5b4":164,"f1b493de":187,"3b690f68":183,"430a5db5":174,"7cd0ad7b":172,"3f9b5722":154,"19e9776f":167,"c5b35e4d":155,"69134f07":159,"a4296d1e":162,"0a92153e":172,"c7313e0a":179,"53431634":191,"cb51f134":174,"35aa7fd0":177,"e4714415":189,"61d4782d":166,"b7cc7909":187,"288a2c43":166,"181c3dd5":170,"bfcb912a":166,"ccf8b803":177,"cf775f58":178,"77f31bab":182,"25d1b2d8":173,"a983a6dc":156,"a1921150":183,"1634789b":159,"71e53c93":173,"3c0df8b4":179,"4bc46d7a":161,"43bc86e3":163,"e865e4dd":158,"aa867541":161,"61145ec9":178,"5eab91a0":183,"7ee7621c":169,"11b74e63":165,"cb4f262b":156,"4258c176":167,"935ec056":157,"9cb4697f":184,"288afc30":174,"379184a7":188,"b35e9e1a":203,"2cce4fb2":175,"ea274174":175,"1438fad7":169,"7732eb1e":185,"8c6e001f":142,"bab97de3":180,"4f5e3e7d":158,"49bf2e95":159,"3310a049":172,"6291e9e9":177,"812b4f15":150,"1f88a4b7":187,"73b15e04":169,"56752a4a":160,"74e01f6a":169,"48655f09":208,"e6fac295":162,"a43061ee":158,"ecfa8249":179,"20777945":164,"e21c6207":168,"a0cca8b7":157,"21e10a2b":167,"7b6a7048":172,"3007f31f":154,"b7505747":170,"fbdffc95":163,"d141db49":172,"a81a857c":157,"0f029727":160,"5ab7bc35":176,"868cda42":169,"9a467a82":173,"7d6895f4":177,"25a7a0a3":162,"51f57142":167,"36d340f2":153,"f2f58418":156,"416a9e97":159,"26c390d6":174,"c0e2624b":163,"5747db6e":179,"aaa274a5":168,"f069bb07":157,"eb7b4e29":160,"2a06ab95":186,"d4ee22a4":174,"77bfed7e":173,"af7e5be8":166,"c803b4a3":167,"d5059415":164,"4f59a322":172,"056ea7ff":183,"062179c1":170,"25a2844e":173,"fee32863":176,"8721056e":156,"7bda83dd":158,"2a4a402a":160,"b87158fb":170,"77d35808":149,"09ff339a":148,"60e855ee":186,"db703021":163,"31408822":160,"026766f3":169,"059d6c19":181,"6e24d88b":155,"f1b493de":188,"7a9344a4":191,"be2955bb":168,"34c5c729":164,"c21ab51e":145,"0dad37d5":171,"3c43e8a2":183,"3c0df8b4":180,"fafb4cc2":216,"a851891c":162,"dc03ebd2":183,"345c9967":160,"7ae34c64":162,"fd482491":193,"7f6d1d0e":177,"d815c5b4":197,"87c462ee":180,"a6b5e869":172,"c0b23081":189,"37d0cae2":153,"13747b82":174,"42c80e69":186,"c4bff41f":185,"aec4e1bf":172,"e4714415":190,"5f6613c8":159,"50d129cf":161,"8cddb65e":169,"c81b2bcf":151,"d1fe2868":182,"9ceb5439":155,"9d9dd9e5":165,"527ff946":175,"e45b4b53":158,"363590c7":184,"92d38723":179,"f6fe095d":178,"9263c525":173,"a3d4a0e5":184,"ef16ca37":167,"45fb95c1":173,"b377a62a":155,"06ddafc7":154,"379184a7":189,"2e99f8fd":161,"6291e9e9":178,"95bc84f1":155,"1bd5b20b":183,"a43061ee":159,"66554572":140,"aa00769b":185,"045f280d":172,"458dcc3d":181,"f1098793":164,"c27969ec":158,"ac62fac2":184,"baebb391":182,"f33c0140":171,"168e75d9":169,"972f4174":180,"93e8cee5":187,"9d0546ac":155,"b6ee137a":164,"5a622a23":172,"7e8e1c3d":168,"e1571af7":168,"d25e0f8d":198,"0b959527":160,"30c5d755":179,"ded7da5a":177,"c0b0f492":181,"62d1d346":156,"92f800f5":176,"719c8869":183,"1757a30e":156,"ef14000f":184,"6f39f4d9":182,"9fce073c":168,"6a5b71b4":162,"53b4e647":169,"7e95c5a0":178,"87083264":187,"394dc144":160,"21ee2afe":179,"d2a841c9":166,"53a8613c":186,"aa5dfdf5":167,"a77e8461":172,"9c045c61":171,"263762cb":157,"b1f58563":165,"c564e316":173,"a77e127d":148,"3f2522c2":180,"95d3d348":161,"363590c7":185,"0c043224":182,"906632cb":180,"180377be":164,"0841052c":188,"9d4da635":152,"93683c82":167,"db703021":164,"d548635d":172,"c4feee5b":167,"fe578280":164,"c5b35e4d":156,"9267f0ef":180,"b215547b":159,"6c486702":177,"4c0e547b":183,"a66a2d8a":184,"0e2b5d2f":172,"55928ef1":163,"831c7b85":168,"2352c8ef":173,"a901627e":161,"ae016053":198,"345c9967":161,"65e4235b":170,"aa867541":162,"6e44927f":169,"a0cf08b3":136
1604737636400,"79f04300":174,"6ee92259":181,"d815c5b4":198,"c45d554f":177,"e21c6207":169,"f734c84c":189,"4eed1bea":172,"547903ef":174,"3007f31f":155,"c455f40e":163,"df2b4d87":161,"014460b9":193,"dac109cf":165,"7e76c93c":173,"2af60749":172,"f8b31ce5":192,"a33fe0dd":173,"54d7de6b":188,"1757a30e":157,"7ee7621c":170,"6b82b527":175,"d929098e":140,"9c29f0ed":186,"00a17b46":165,"7a840529":162,"c38c2b52":163,"6034b6d0":179,"87cd2add":153,"7218c9f1":155,"74f234c6":204,"3062379b":162,"af157d29":167,"084cbc0b":160,"217c0327":155,"9147702f":150,"af0b61ab":175,"fd369c21":179,"7e991ab9":136,"a6003226":167,"64db4feb":188,"c64de0c0":151,"b7cc7909":188,"76f3a3be":171,"aec4e1bf":173,"f4b2f575":157,"77bae750":162,"288a2c43":167,"5339e1e9":181,"b8ab8e6e":166,"f66616b7":172,"61f25dd4":190,"dae0f922":173,"d0c104c4":142,"d70ca4f4":182,"906632cb":181,"26ed1a5c":171,"f121b82c":174,"696fdac5":180,"53431634":192,"f3992a31":180,"c382f054":180,"d34a29b9":181,"1e232870":174,"9d023afb":169,"9b546d65":164,"2a76f1dd":157,"c1bb74f2":164,"733c86f8":177,"c463799d":172,"fe8f3d36":167,"61145ec9":179,"810aa5e9":182,"45b5746e":172,"d5dae4c4":189,"537634c9":146,"da04caac":183,"aa76bc50":139,"5a0eb771":161,"ccf8b803":178,"3661e12d":165,"88432019":160,"eeaa2d46":186,"4469c815":141,"12012fbd":158,"8cc4a982":181,"a63bddd4":208,"a6626a13":159,"2180f99b":163,"6751d8e4":180,"d1ca5d6b":176,"3062379b":163,"72b84094":197,"e2cbe594":173,"2b3c49b9":168,"913a6226":179,"20777945":165,"201cafad":167,"d9f512b9":176,"bc09fa9e":173,"3fdb08f5":171,"28d40296":133,"08a06557":193,"a81a857c":158,"868cda42":170,"30c5d755":180,"95d331b1":159,"e4c312fe":171,"16b476e9":167,"bf30a08f":186,"aa187e3b":173,"ee21ad02":189,"88ce179e":182,"7a840529":163,"619fda68":204,"87083264":188,"6a5b71b4":163,"43d87483":175,"ac030e74":164,"9c29f0ed":187,"4bcd4a30":174,"22234d6b":176,"31f6ba51":155,"725dce8b":177,"c4bff41f":186,"5f6613c8":160,"a47abfbb":152,"aa9ea5e8":151,"5a0eb771":162,"162a7348":162,"1b881e6e":172,"5a0ead91":150,"de36827b":188,"db0a661e":164,"ce4da56f":163,"0be540c5":180,"b7407bd3":164,"8b2b601d":175,"9263c525":174,"45b038bb":202,"820225e4":144,"b8397293":160,"4ff2225d":168,"01cd8099":178,"fa55f27a":179,"045f280d":173,"59c1e594":158,"2c24d929":179,"e8d74304":162,"cbad3b92":194,"73b15e04":170,"13f0e139":157,"f1b493de":189,"3b690f68":184,"1e7753d9":184,"74f234c6":205,"d70ca4f4":183,"c3e6ef01":168,"1a2ec5d7":187,"0a92153e":173,"6fb4cdda":183,"3498f223":167,"754f98c9":181,"e5b1abc6":165,"478d2d4f":194,"1105f790":195,"eebc8d43":166,"a0685bf3":185,"13b53c7a":167,"2bcca6a7":184,"a901627e":162,"52eca0dc":168,"b2cfdbcf":159,"a472532e":155,"8a165e17":175,"d8e58a8c":186,"28654c76":181,"c85a0d80":170,"69d4b754":162,"cb51f134":175,"394dc144":161,"2a387957":166,"97e75c19":179,"789bd484":163,"e15fd611":158,"12dd6f5e":151,"08c6b5d2":168,"4469c815":142,"e9adbe58":168,"1d153b20":175,"ef8321d8":170,"911e770b":175,"eeaa2d46":187,"eb7b4e29":161,"93ac9ca3":167,"dc583e64":179,"83086d4c":169,"3c43e8a2":184,"f1dffa24":154,"eda6a690":166,"3e082b37":160,"ab7467de":184,"93e8cee5":188,"7d112f4d":181,"18d20aa1":175,"a851554d":170,"debe1f65":165,"51c57542":178,"4777334c":166,"9e65c0ef":168,"8f13c203":163,"0b959527":161,"14c682eb":153,"ea6de194":177,"b7505747":171,"93b0a158":183,"cb4f262b":157,"677c6a09":189,"b0869206":175,"88ce179e":183,"1a442bc7":154,"f0a06216":174,"ef91eaae":155,"f7231212":165,"7a4c064c":180,"1dad0f99":162,"d83294cd":158,"e4cfef0a":159,"9496f56f":171,"7028b044":162,"c0e2624b":164,"2a06ab95":187,"884b0ad1":164,"22234d6b":177,"c852d240":165,"b35bb8a1":163,"6df0b2e8":188,"61d4782d":167,"06073f13":183,"6291e9e9":179,"6585adbe":148,"d0c0fc08":150,"2d1e1e9d":169,"8b2b601d":176,"b4fdf90e":183,"67f6e4f2":150,"ce4da56f":164,"6c73ae98":147,"8d000d6e":158,"54a676d6":162,"8f2a7d69":164,"48655f09":209,"b2703001":176,"b6aaf976":170,"73b15e04":171,"812b4f15":151,"a543ec74":150,"26c6fa34":154,"c6e3d352":171,"db703021":165,"26ed1a5c":172,"ca6d2d91":170,"1e7753d9":185,"61f25dd4":191,"6e24d88b":156,"c8977844":164,"34c5c729":165,"1745a0f4":171,"478d2d4f":195,"733c86f8":178,"19551bad":156,"a0685bf3":186,"eebc8d43":167,"13b53c7a":168,"f905a555":157,"71e53c93":174,"313258f2":175,"a15713c6":191,"3c0df8b4":181,"f2086446":163,"53431634":193,"655954ba":162,"470d50c2":175,"be2955bb":169,"6b78ad7f":169,"51f80f4c":195,"68562193":172,"6867261a":173,"a983a6dc":157,"254cc28c":175,"b88033fd":178,"5339e1e9":182,"04643409":173,"97e75c19":180,"bad1a1cc":166,"7d6895f4":178,"b9a48a5c":151,"558d5ce7":164,"546f6845":168,"9a467a82":174,"578f6e9e":181,"77d35808":150,"a40846b7":171,"014bdff0":173,"312f7676":179,"82868763":163,"6085137f":158,"5a622a23":173,"92136ff5":170,"a851554d":171,"85de05f2":167,"6b9eff39":163,"3007f31f":156,"24ffcbd3":186,"f4343817":171,"b5ce0c0c":188,"c4e70c07":158,"4c39240e":182,"ea6de194":178,"0f029727":161,"28d40296":134,"5f0c1b9d":177,"dd035d2a":165,"d815c5b4":199,"54d7de6b":189,"bd2705b0":180,"b0869206":176,"ea4d3f3e":180,"e6ec8cbf":179,"16b476e9":168,"95539a58":161,"7566fdd6":170,"c8113b77":160,"6f39f4d9":183,"d83294cd":159,"0d28db94":158,"a85d89cc":168,"0e036ae9":185,"f2ca27d9":186,"26c390d6":175,"dd7acb96":176,"b947257e":174,"b5763ff6":157,"884b0ad1":165,"508aac3d":177,"d552eb2f":177,"cd95f558":170,"8cf83787":159,"f9c15fcc":161,"b84a06eb":168,"1db42092":176,"9263c525":175,"6291e9e9":180,"d0e9a58e":173,"05642105":174,"5f8517b7":193,"761cf820":179,"4ff2225d":169,"02d4753e":191,"5678ed7b":188,"a5aee5de":194,"6ebe2354":151,"946df4fd":195,"24d24fa3":156,"d8475b95":143,"aa00769b":186,"9fc713b0":182,"430a5db5":175,"66497c7e":162,"74f234c6":206,"58d46189":183,"bb98a6cf":188,"c3e6ef01":169,"7a9344a4":192,"fead11cf":169,"7af262e5":187,"8f10fa42":199,"dd3913d2":160,"2bcca6a7":185,"8063df14":180,"0f89862c":148,"1d44aff3":177,"6b78ad7f":170,"69d4b754":163,"dcf85091":151,"c21ab51e":146,"b35bb8a1":164,"540df50f":174,"6867261a":174,"081460bf":171,"42c80e69":187,"24a9fb86":183,"6adce358":184,"1ed46298":182,"9d9dd9e5":166,"449d8475":159,"25d1b2d8":174,"bda8cdfb":181,"0670c466":161,"2b3e4717":172,"8cc4a982":182,"b1f58563":166,"578f6e9e":182,"3712c4bd":150,"6085137f":159,"a40846b7":172,"95d3d348":162,"5410e9c6":176,"c0fea118":160,"ab7d4c9a":156,"696fdac5":181,"93e8cee5":189,"6bc5d32a":187,"7e8e1c3d":169,"7b6a7048":173,"21e10a2b":168,"b6ee137a":165,"c45d554f":178,"2045d7d6":165,"aab4d996":165,"ba30e43a":180,"c7636527":156,"ca7d47f7":176,"4fd645f1":172,"e786063b":180,"2dd0e808":163,"43bc86e3":164,"4abb7aed":165,"65e4235b":171,"61145ec9":180,"8db5a165":160,"d929098e":141,"1c0a9eff":160,"d1d40c9c":181,"e6ec8cbf":180,"0d770b97":164,"6b82b527":176,"e356abf1":173,"d5059415":165,"4f59a322":173,"597c1f81":171,"93b9fae6":164,"43d87483":176,"d4ee22a4":175,"7218c9f1":156,"172217e5":182,"8547fbc2":165,"9a467a82":175,"08c6b5d2":169,"fd6dcb20":170,"26c390d6":176,"b9a48a5c":152,"50c3164b":189,"6751d8e4":181,"fd369c21":180,"2180f99b":164,"eb7b4e29":162,"d3a669ac":177,"d0e9a58e":174,"7ae3fc50":153,"8cf83787":160,"3310a049":173,"3652bd66":173,"bbe71605":154,"8245f916":162,"d9dcdc4b":185,"1bd5b20b":184,"1be05c14":177,"379184a7":190,"c4aa1e38":145,"de36827b":189,"045f280d":174,"c609739e":177,"56752a4a":161,"4b4ef7fa":163,"a0bc1ceb":166,"cac4449a":166,"d82592f4":175,"142d6987":168,"cd3bbe7e":172,"5ccf94d6":165,"751bcf25":165,"f1b493de":190,"2bcca6a7":186,"478d2d4f":196,"8f10fa42":200,"b102f7bd":178,"eebc8d43":168,"bd62d7ed":159,"be3a10f8":187,"d70ca4f4":184,"7a9344a4":193,"dd1fcb17":158,"6085137f":160,"57d5dee8":178,"bc3dc66a":170,"725dce8b":178,"03b4ab60":160,"b35bb8a1":165,"8d04852b":166,"9d63c4dd":173,"35aa7fd0":178,"a9b1bd51":131,"815e4582":181,"e15fd611":159,"f66616b7":173,"d957f027":170,"a983a6dc":158,"3498f223":168,"f121b82c":175,"b3863630":167,"53431634":194,"a836aa93":164,"6fb4cdda":184,"4c4aa2e2":166,"2209903e":174,"44ff8baa":161,"07107f6e":173,"9e65c0ef":169,"ded7da5a":178,"28d40296":135,"21e10a2b":169,"e786063b":181,"8ea21393":149,"74c26380":190,"83b2f9c5":173,"fd482491":194,"2c6cb96f":141,"ae016053":199,"b28a5e67":191,"781ace7d":169,"ee75b607":160,"e6ec8cbf":181,"88ce179e":184,"bd2705b0":181,"9d4f1fe6":161,"e0e48a2d":167,"37d0cae2":154,"7a840529":164,"00a17b46":166,"4def63ee":155,"88fa53d6":150,"5fa12feb":174,"d6f0d94a":169,"44c77422":171,"09560615":153,"9de29816":148,"f87c5031":177,"558d5ce7":165,"2dda3936":159,"8cc4a982":183,"416a9e97":160,"f069bb07":158,"2a06ab95":188,"b5763ff6":158,"2c01e624":169,"2d54e0a8":172,"fb7482fe":170,"2c627253":168,"695a2b92":159,"b935fc1c":168,"3712c4bd":151,"a77e127d":149,"312f7676":180,"c7ab83c1":154,"2e99f8fd":162,"cd95f558":171,"05642105":175,"1f88a4b7":188,"7ae3fc50":154,"a24e6670":170,"c7c4ec5c":159,"8f2a7d69":165,"a4dafea5":169,"8298e976":183,"d33790a2":204,"34658473":158,"489a39f7":166,"1438fad7":170,"ac62fac2":185,"9316e7e8":141,"b7434f57":134,"d7cb9bcf":157,"621d6b18":173,"ef14000f":185,"4930f321":159,"0bfabf48":159,"afe8e06a":149,"733c86f8":179,"55928ef1":164,"33d6bb6a":164,"0042f6eb":159,"e5b1abc6":166,"ba5c52af":164,"5ccf94d6":166,"467773ac":162,"e62d705f":161,"9d4da635":153,"a1370ab0":167,"35aa7fd0":179,"bfcb912a":167,"1ed46298":183,"031e488e":181,"31d74eee":162,"66d94227":165,"dc473de1":154,"2a387957":167,"e4714415":191,"77f31bab":183,"0f1ac912":157,"cf775f58":179,"5339e1e9":183,"c6e3d352":172,"4b4ef7fa":164,"dd1fcb17":159,"a636f4c9":183,"a543ec74":151,"04612878":184,"751acea8":162,"79f04300":175,"ab7d4c9a":157,"4b4ecbce":155,"1a68160d":170,"f121b82c":176,"be2955bb":170,"655954ba":163,"72b84094":198,"aa76bc50":140,"e865e4dd":159,"2c6cb96f":142,"195eb771":173,"d9a64845":168,"8a165e17":176,"00a481e3":179,"3b2dee89":166,"11b74e63":166,"d4d5f466":165,"a6b5e869":173,"7f6d1d0e":178,"e4117b3b":154,"51a3e9c2":166,"e2a7d915":149,"4e5aaaec":154,"f9f2c53f":146,"c45d554f":179,"e1571af7":169,"f8b31ce5":193,"5fa12feb":175,"f4343817":172,"fce3c5c6":156,"caddd0a7":177,"ea6de194":179,"865d9857":162,"eafbf9fb":171,"546f6845":169,"8547fbc2":166,"18815a1b":164,"945b63f0":184,"f87c5031":178,"fd07e0ed":169,"835358a0":161,"70c1e715":171,"911e770b":176,"7028b044":163,"cbb54a0a":156,"b7832271":184,"ce3bf5db":172,"44c77422":172,"5099c6a0":188,"e7773397":158,"3a204e56":170,"317c1591":184,"1951480c":154,"82868763":164,"27f52ed3":200,"ea274174":176,"5ee911b5":153,"e81834aa":194,"d0e9a58e":175,"49910300":153,"8f2a7d69":166,"7a840529":165,"621d6b18":174,"7e95c5a0":179,"cb142908":153,"e4cfef0a":160,"053f3451":167,"cf9f4757":161,"19551bad":157,"f2e3c0e3":150,"9a3ab0b8":170,"7af262e5":188,"b8488fc8":173,"1e191c98":151,"902f49f5":167,"58d46189":184,"1a2ec5d7":188,"430a5db5":176,"a8726d50":154,"6f81493d":159,"af034fee":183,"7af9d3b1":166,"dcfaba4c":173,"181c3dd5":171,"4125085e":174,"081460bf":172,"6867261a":175,"bda8cdfb":182,"9ceb5439":156,"8a52882e":173,"394dc144":162,"c81b2bcf":152,"4ed01268":160,"66d94227":166,"e8f173b5":168,"408bb2ed":169,"6d802fa2":154,"288afc30":175,"358e45b1":162,"8298e976":184,"489a39f7":167,"e6fac295":163,"a3d4a0e5":185,"04612878":185,"3e602573":166,"aefe13f5":179,"cf52025e":166,"2d382981":161,"481754fc":149,"4c4aa2e2":167,"9b742f71":165,"c7313e0a":180,"1a68160d":171,"77300e4a":150,"ebdbf580":178,"972f4174":181,"8b5a8e9f":178,"33d6bb6a":165,"4bc46d7a":162,"cf1b8c47":184,"3c0df8b4":182,"f905a555":158,"b28a5e67":192,"d9d0c567":175,"537634c9":147,"20811ddf":173,"fea793f5":174,"ee21ad02":190,"25e0dd3d":168,"daab45c6":160,"261c9911":181,"18d20aa1":176,"debe1f65":166,"28d40296":136,"e1f0dbfd":194,"2154b6e8":161,"77898c22":144,"ba30e43a":181,"49902219":195,"22ecaed0":170,"558d5ce7":166,"6de0aaac":160,"7d6895f4":179,"1d153b20":176,"ac38a6a5":184,"ef1c2dcb":168,"22234d6b":178,"5747db6e":180,"7028b044":164,"d3a669ac":178,"884b0ad1":166,"1f7607df":158,"9bdf362a":177,"d599b566":182,"0b3283c9":176,"3f2522c2":181,"a77e127d":150,"26f99a1e":158,"095ab3b4":170,"e45b4b53":159,"5acaa06f":143,"e786063b":182,"259930ee":175,"ffc86f94":156,"a6b5e869":174,"7735c3c2":164,"e382ec3f":158,"37d0cae2":155,"07f98660":180,"10ec5a0b":156,"cb142908":154,"0d7d88f1":173,"2ce1af05":150,"95539a58":162,"ffa08d82":170,"13b53c7a":169,"f67de058":175,"bb98a6cf":189,"66b7b5b4":165,"142d6987":169,"d634aa28":177,"655941a0":179,"30d84dce":147,"dc473de1":155,"c64de0c0":152,"6df0b2e8":189,"40860a4b":150,"74e3d13e":172,"162a7348":163,"2ab62345":159,"2b3e4717":173,"842c8340":159,"77f31bab":184,"d957f027":171,"088feee2":171,"1b881e6e":173,"815e4582":182,"dae0f922":174,"9260d96b":195,"50312237":171,"8cf83787":161,"ef16ca37":168,"31f6d707":191,"1f88a4b7":189,"411b5027":154,"0ac825ed":170,"1ff8c2fc":178,"f277386e":148,"11888cfa":155,"1438fad7":171,"6ebe2354":152,"cf84fb54":175,"aa00769b":187,"458dcc3d":182,"87922532":195,"3e602573":167,"a5aee5de":195,"ae8a09c4":169,"104721f0":175,"1a2c020b":176,"9b742f71":166,"c0fea118":161,"f33c0140":172,"7f86be64":170,"79f04300":176,"1745a0f4":172,"0e2b5d2f":173,"f5e8dfee":180,"a66a2d8a":185,"afe8e06a":150,"52eca0dc":169,"810aa5e9":183,"a5676c24":167,"fafb4cc2":217,"d8e58a8c":187,"28654c76":182,"dd035d2a":166,"9a80f004":174,"92136ff5":171,"f2470875":184,"09f0db62":193,"5b60dd1d":169,"39bbc4bc":176,"3e082b37":161,"fb7b7b3c":194,"1da771fb":171,"315537b2":178,"eeaa2d46":188,"3f65f121":180,"affb82bf":185,"d6320619":159,"b946e146":187,"ef8321d8":171,"af0b61ab":176,"ef1c2dcb":169,"fd07e0ed":170,"9147702f":151,"dd7acb96":177,"f069bb07":159,"6a3eaf43":182,"9d0546ac":156,"4577b333":173,"8f9b74b0":166,"49b358bd":174,"f9f2c53f":147,"5ab7bc35":177,"07107f6e":174,"57167c74":159,"f4343817":173,"719c8869":184,"b5ce0c0c":189,"9e65c0ef":170,"5b5fc566":170,"e6ec8cbf":182,"7f6d1d0e":179,"ae99df30":156,"6ee92259":182,"ad303bda":159,"fea793f5":175,"9496f56f":172,"f1df62b4":179,"a502c93c":158,"c8113b77":161,"0785820e":167,"753ca352":172,"abd32136":179,"08a4c3f8":177,"4ea4a2a1":182,"408bb2ed":170,"1f88a4b7":190,"554ebb83":180,"f1862e79":154,"8d753bb6":172,"0ac825ed":171,"11888cfa":156,"e8f173b5":169,"8323d333":158,"1138796e":179,"e7e82473":195,"05642105":176,"6be9332a":153,"b6aaf976":171,"03c398d2":172,"a0b03218":172,"c27969ec":159,"b7df1559":169,"8eb64769":179,"0841052c":189,"76f3a3be":172,"0ecfa1c9":156,"12534561":172,"7af9d3b1":167,"725dce8b":179,"a47abfbb":153,"deb31f35":175,"d957f027":172,"a1921150":184,"aff8e442":173,"4279e829":189,"3f9b5722":155,"180377be":165,"1a2ec5d7":189,"9d4da635":154,"c382f054":181,"69d4b754":164,"655941a0":180,"6c486702":178,"78467b8a":178,"55928ef1":165,"1bc0591f":166,"fd482491":195,"1745a0f4":173,"71e53c93":175,"c85a0d80":171,"0dad37d5":172,"ab7d4c9a":158,"288d171f":174,"36380d96":174,"004f1ef3":202,"09f0db62":194,"2203f259":177,"3e082b37":162,"e238f09b":181,"3712c4bd":152,"312f7676":181,"5d087c79":170,"97e75c19":181,"b88033fd":179,"c81b2bcf":153,"01d817b8":144,"f2f58418":157,"af157d29":168,"d1715f3b":183,"9e206c95":190,"fd6dcb20":171,"08c6b5d2":170,"aec074c4":177,"8f9b74b0":167,"70594a28":174,"44ff8baa":162,"6bc5d32a":188,"5a622a23":174,"44c77422":173,"2af60749":173,"5fa12feb":176,"04ea5673":168,"efd23af5":157,"ea6de194":180,"c7636527":157,"719c8869":185,"75ffea08":171,"20958d58":156,"313258f2":176,"19551bad":158,"b2cfdbcf":160,"c91966ce":163,"a15713c6":192,"195eb771":174,"d39724bc":161,"87c462ee":181,"0d770b97":165
1604737637301,"290b4714":172,"9d4f1fe6":162,"04cc7cbe":163,"04bef50c":148,"af7e5be8":167,"43d87483":177,"d7cb9bcf":158,"4f59a322":174,"869cbaa0":181,"4d9b0b10":167,"ffa08d82":171,"22234d6b":179,"de6213c7":166,"50c3164b":190,"b947257e":175,"6751d8e4":182,"2d54e0a8":173,"725dce8b":180,"b35bb8a1":166,"c9efc8f6":165,"8245f916":163,"34658473":159,"a3d4a0e5":186,"cf84fb54":176,"ce4da56f":165,"3652bd66":174,"820225e4":145,"c7c4ec5c":160,"d6db2b02":179,"6f0fcb9d":178,"de36827b":190,"fe0df575":181,"01cd8099":179,"b6aaf976":172,"1be05c14":178,"4ea4a2a1":183,"946df4fd":196,"3e602573":168,"17807120":167,"c609739e":178,"d033db8d":194,"8942c35b":169,"30dbfc69":167,"30fdcd3b":169,"20e470e0":161,"9d4da635":155,"30d84dce":148,"20958d58":157,"4c0e547b":184,"cd522166":182,"9a07d89b":158,"7bda83dd":159,"30c184b8":167,"ba5c52af":165,"abc1d7ad":190,"7ae34c64":163,"cf1b8c47":185,"537634c9":148,"b28a5e67":193,"5be594be":170,"c7313e0a":181,"5e193fc8":174,"80a8a56d":169,"77300e4a":151,"3498f223":169,"f1098793":165,"a40846b7":173,"5781776a":168,"3f2522c2":182,"317c1591":185,"26f99a1e":159,"e238f09b":182,"b935fc1c":169,"754f98c9":182,"76f3a3be":173,"36b7003c":197,"5eaa1581":164,"227006e4":168,"6adce358":185,"af034fee":184,"a939b50b":173,"a983a6dc":159,"04643409":174,"1b881e6e":174,"0670c466":162,"49902219":196,"30dd2edc":168,"9e206c95":191,"ccdd1ce6":172,"88432019":161,"623c6a31":184,"6143f39d":173,"daab45c6":161,"77898c22":145,"20777945":166,"9d0546ac":157,"53747a91":162,"4c39240e":183,"014460b9":194,"7bebff03":170,"a81a857c":159,"2209903e":175,"d141db49":173,"805af3c7":172,"92f800f5":177,"a33fe0dd":174,"95904ac4":187,"c91966ce":164,"d815c5b4":200,"16b476e9":169,"88ce179e":185,"d929098e":142,"ae99df30":157,"f0a06216":175,"e356abf1":174,"629800eb":184,"7a840529":166,"385ab7c6":172,"053f3451":168,"abd32136":180,"056ea7ff":184,"cf9f4757":162,"7e991ab9":137,"f069bb07":160,"d0d6acb1":177,"88b3bc99":158,"b5763ff6":159,"4bcd4a30":175,"d3a669ac":179,"d9dcdc4b":186,"cf84fb54":177,"08a4c3f8":178,"b552beb3":178,"608bc832":147,"013ee301":159,"d0b297b2":154,"f5829ac0":183,"1bd5b20b":185,"0d2c95fe":166,"8493f3b2":173,"4945c851":179,"34658473":160,"5ee911b5":154,"59c1e594":159,"eed20185":187,"d8475b95":144,"4cc141fa":146,"bc392d1c":154,"74e01f6a":170,"66b7b5b4":166,"3f9b5722":156,"6f81493d":160,"31408822":161,"ddec9e54":171,"902f49f5":168,"c8977844":165,"33d6bb6a":166,"b102f7bd":179,"e5b1abc6":167,"dc0c8b09":185,"92ca52b7":183,"13b53c7a":170,"2a76f1dd":158,"52eca0dc":170,"012de09c":167,"e1618359":175,"4b4ecbce":156,"754f98c9":183,"64a7f79f":177,"93ac9ca3":168,"0b3283c9":177,"83086d4c":170,"f2470875":185,"26f99a1e":160,"dc583e64":180,"6085137f":161,"d34a29b9":182,"c7313e0a":182,"a6003226":168,"5eaa1581":165,"72805bf5":164,"b7cc7909":189,"31f6ba51":156,"42c80e69":188,"13747b82":175,"794f652b":188,"7e15f8e8":175,"47d27624":159,"bf822e33":167,"90d52475":172,"36b7003c":198,"b88033fd":180,"0277d748":180,"172217e5":183,"25a7a0a3":163,"3661e12d":166,"f3d68430":182,"5e193fc8":175,"f598a332":158,"9a80f004":175,"f9f2c53f":148,"a0ce82b4":167,"3b7763b1":154,"4dac6b20":145,"7bebff03":171,"2154b6e8":162,"df2b4d87":162,"feb67030":163,"ba30e43a":182,"37a7d5b0":167,"75ffea08":172,"c4e70c07":159,"0b959527":162,"7c0a2db6":166,"f905a555":159,"a472532e":156,"f3a0c2ee":170,"dc03ebd2":184,"7ee7621c":171,"93b0a158":184,"7f6d1d0e":180,"abad2347":176,"9cb4697f":185,"6b82b527":177,"c0b23081":190,"4d9b0b10":168,"7fb4c521":175,"00a17b46":167,"f1df62b4":180,"a06a6430":177,"f7231212":166,"6f39f4d9":184,"2cb29e5a":180,"140ce69e":165,"2a06ab95":189,"7e991ab9":138,"5747db6e":181,"9ab755d3":160,"1f342a00":166,"70c1e715":172,"d552eb2f":178,"e8f173b5":170,"92d38723":180,"288afc30":176,"8b2b601d":177,"69f3bfcc":165,"c4aa1e38":146,"bab97de3":181,"4f5e3e7d":159,"cd95f558":172,"ce4da56f":166,"8298e976":185,"0ac825ed":172,"49910300":154,"e0e6a097":161,"03dcfa3d":167,"742f1425":175,"bb98a6cf":190,"a8726d50":155,"20e470e0":162,"ca6d2d91":171,"4360a1a3":186,"0d5ee801":164,"f1b493de":191,"11b2c8d9":162,"be3a10f8":188,"fee32863":177,"a8c93bed":167,"7bda83dd":160,"78467b8a":179,"d78dd457":161,"4c4aa2e2":168,"bad6cdb1":146,"a5aee5de":196,"3e602573":169,"24d24fa3":157,"48655f09":210,"317c1591":186,"5410e9c6":177,"578f6e9e":183,"8dd649a3":167,"437fc3ec":186,"42191b64":148,"312f7676":182,"64db4feb":189,"081460bf":173,"35aa7fd0":180,"13747b82":176,"2ab62345":160,"bfcb912a":168,"aec4e1bf":174,"cf775f58":180,"44a4f7cd":173,"9d9dd9e5":167,"91d52a55":169,"5a0eb771":163,"650bb0e0":166,"c98d5272":166,"18815a1b":165,"9a467a82":176,"5e193fc8":176,"c382f054":182,"288d171f":175,"c4feee5b":168,"168e75d9":170,"1a68160d":172,"27d8bf51":165,"bc09fa9e":174,"c650b434":175,"b6ee137a":166,"21e10a2b":170,"44c77422":174,"fb8bfb36":181,"44ff8baa":163,"c7636527":158,"859545e6":160,"ce3bf5db":173,"9e65c0ef":171,"3a291497":156,"91f7ef72":161,"012de09c":168,"7c0a2db6":167,"00a481e3":180,"95904ac4":188,"a851891c":163,"91b28f83":174,"0d770b97":166,"1757a30e":158,"e0e48a2d":168,"9d4f1fe6":163,"7f6d1d0e":181,"6841f77e":182,"af7e5be8":168,"4d9b0b10":169,"9aa6a054":173,"f7231212":167,"a33fe0dd":175,"a577db1c":159,"4945c851":180,"11888cfa":157,"379184a7":191,"4b3e3b1c":174,"ce4da56f":167,"b8397293":161,"1438fad7":172,"b377a62a":156,"8c6e001f":143,"32c9fc47":175,"b946e146":188,"3f65f121":181,"f2f58418":158,"9c045c61":172,"22176537":169,"084cbc0b":161,"5a07fc2e":148,"5747db6e":182,"d3a669ac":180,"2c01e624":170,"fb7482fe":171,"b7832271":185,"c8977844":166,"4279e829":190,"d033db8d":195,"ad303bda":160,"10ec5a0b":157,"c8113b77":162,"831c7b85":169,"fef750ca":170,"2bcca6a7":187,"8007f30e":150,"b8488fc8":174,"13b53c7a":171,"1bc0591f":167,"3b690f68":185,"d70ca4f4":185,"d0c104c4":143,"1e191c98":152,"5a734022":156,"8cddb65e":170,"72805bf5":165,"aec4e1bf":175,"47cfba38":155,"24a9fb86":184,"6632fed0":173,"f4b2f575":158,"5957df9e":163,"0f1ac912":158,"c6c85783":179,"04643409":175,"5a0eb771":164,"37fbb107":177,"7a2f3f06":163,"2d1e1e9d":170,"2e99f8fd":163,"7a6aa4b6":170,"aa00769b":188,"0eaf08da":174,"03dcfa3d":168,"c6e3d352":173,"a0b03218":173,"13f0e139":158,"74e01f6a":171,"317c1591":187,"c0b7e7d7":157,"9267f0ef":181,"bd984a8e":157,"06ee61b6":152,"f76a3e83":175,"c7313e0a":183,"0da28f5b":186,"c21ab51e":147,"bfad1727":156,"70594a28":175,"8ea21393":150,"ded7da5a":179,"8a165e17":177,"49cb2959":178,"da04caac":184,"ae016053":200,"a5fd8ffd":174,"537634c9":149,"345c9967":162,"c0b23081":191,"bd2705b0":182,"ea4d3f3e":181,"6ee92259":183,"e6ec8cbf":183,"4b125e7b":166,"62d1d346":157,"daab45c6":162,"d6f0d94a":170,"fb8bfb36":182,"37a7d5b0":168,"c1bdfd41":163,"3007f31f":157,"e3547548":164,"0f029727":162,"638cb163":194,"affb82bf":186,"3f65f121":182,"53a8613c":187,"0e036ae9":186,"18815a1b":166,"945b63f0":185,"416a9e97":161,"3c6692a3":189,"884b0ad1":167,"5747db6e":183,"f069bb07":161,"4bcd4a30":176,"eb7b4e29":163,"22234d6b":180,"83086d4c":171,"5b60dd1d":170,"fb7b7b3c":195,"22aeaf03":170,"b935fc1c":170,"5678ed7b":189,"7a2f3f06":164,"8d753bb6":173,"1a442bc7":155,"9496f56f":173,"30b6808c":160,"b9be31d6":182,"87083264":189,"0d28db94":159,"056ea7ff":185,"d5059415":166,"9d023afb":170,"a0685bf3":187,"11b2c8d9":163,"fead11cf":170,"7bda83dd":161,"1bc0591f":168,"6a7392d5":155,"cc11fef9":182,"c8977844":167,"b6591e25":177,"66497c7e":163,"467773ac":163,"cf1124db":161,"68562193":173,"bc3dc66a":171,"3a1d1632":147,"b35bb8a1":167,"e9a8cf11":172,"a1370ab0":168,"faf3ed07":159,"47cfba38":156,"84369269":146,"36b7003c":199,"b8ab8e6e":167,"4ed01268":161,"f2364460":168,"5a0eb771":165,"be40590d":178,"1db42092":177,"d0b297b2":155,"5f8517b7":194,"8298e976":186,"b36a0d66":158,"50312237":172,"cf50e84e":158,"34658473":161,"e8f173b5":171,"792c9b6a":164,"379184a7":192,"dfc89705":177,"03c398d2":173,"a43061ee":160,"812b4f15":152,"c27969ec":160,"2d382981":162,"cf52025e":167,"79f04300":177,"a3253019":160,"4c4aa2e2":169,"1247fa52":177,"f33c0140":173,"168e75d9":171,"34c5c729":166,"3f75d3bc":190,"42cd2360":145,"3c0df8b4":183,"8a165e17":178,"45b5746e":173,"7ae34c64":164,"4abb7aed":166,"37d0cae2":156,"95d331b1":160,"e1f0dbfd":195,"6bc5d32a":189,"7d112f4d":182,"d141db49":174,"18d20aa1":177,"71ff66e8":172,"d1676e89":171,"3a204e56":171,"695a2b92":160,"c0b7e7d7":158,"6b79fec2":163,"e7773397":159,"4def63ee":156,"f734c84c":190,"0277d748":181,"0e036ae9":187,"9de29816":149,"57540cc3":173,"3f65f121":183,"dfa1a89b":162,"30dd2edc":169,"a625328f":178,"eb7b4e29":164,"f069bb07":162,"fd369c21":181,"8657c79d":169,"2180f99b":165,"70c1e715":173,"cc6bbe45":167,"3ef7432b":183,"c1bdfd41":164,"51c57542":179,"7043382d":167,"8f13c203":164,"4c39240e":184,"9cb4697f":186,"d815c5b4":201,"7fef9973":169,"ba586505":177,"5b5fc566":171,"07f98660":181,"753ca352":173,"619fda68":205,"869cbaa0":182,"629800eb":185,"0bfabf48":160,"95539a58":163,"05f6ab35":176,"dd3913d2":161,"cd522166":183,"733c86f8":180,"bd62d7ed":160,"467773ac":164,"1f11812e":184,"227006e4":169,"17446892":166,"4911acad":139,"a2c334e7":188,"bb8a6337":157,"aec4e1bf":176,"5f7d7195":170,"a47abfbb":154,"77bae750":163,"90d52475":173,"f4b2f575":159,"e99318a3":175,"e15fd611":160,"56d315d8":152,"4ee62a26":159,"3f9b5722":157,"110b1ee3":170,"4b3e3b1c":175,"ce4da56f":168,"1b153aef":177,"4945c851":181,"4ba6eb36":164,"a3d4a0e5":187,"761cf820":180,"6291e9e9":181,"fe0df575":182,"50312237":173,"1438fad7":173,"1db42092":178,"db0a661e":165,"00554ffd":177,"48655f09":211,"9fc713b0":183,"26c6fa34":155,"ad8f85d6":184,"468fc85c":181,"2d382981":163,"71bc1295":162,"a68a93b2":165,"dbc9df44":156,"0a92153e":174,"fe578280":165,"f33c0140":174,"e7abc88d":156,"b8488fc8":175,"50b558a7":157,"ae016053":201,"49cb2959":179,"1d44aff3":178,"61145ec9":181,"6e44927f":170,"b2cfdbcf":161,"3f75d3bc":191,"69d4b754":165,"696fdac5":182,"7e8e1c3d":170,"50d129cf":162,"dfa1a89b":163,"eafbf9fb":172,"2dda3936":160,"d2a841c9":167,"6d339d45":148,"140ce69e":166,"d6320619":160,"f4726450":163,"aaa274a5":169,"6a3eaf43":183,"de6213c7":167,"eb7b4e29":165,"fb7482fe":172,"21ad2f34":178,"c564e316":174,"f5cd79c1":177,"004f1ef3":203,"6ce84ff8":153,"578f6e9e":184,"9a3cc55d":162,"3a204e56":172,"a81a857c":160,"27d8bf51":166,"28d40296":137,"70594a28":176,"14c682eb":154,"c455f40e":164,"c4e70c07":160,"7bebff03":172,"2045d7d6":166,"4dac6b20":146,"805af3c7":173,"65a00a3c":169,"37d0cae2":157,"a502c93c":159,"d1d40c9c":182,"cb4f262b":158,"c0b23081":192,"67d30f2b":169,"0d28db94":160,"124fbe96":159,"8ac72326":171,"ae95f2ba":193,"cf9f4757":163,"053f3451":169,"597c1f81":172,"a85d89cc":169,"7db3edda":167,"47cfba38":157,"d6d61bfc":186,"72805bf5":166,"288a2c43":168,"13747b82":177,"5a734022":157,"8d04852b":167,"4ed01268":162,"f883d582":157,"d70ca4f4":186,"1b153aef":178,"a8871ddf":155,"f044c0e1":165,"8493f3b2":174,"45fb95c1":174,"b7407bd3":165,"9263c525":176,"4945c851":182,"1db42092":179,"1ff8c2fc":179,"761cf820":181,"489a39f7":168,"49bf2e95":160,"f5829ac0":184,"bad6cdb1":147,"742f1425":176,"e8d74304":163,"71bc1295":163,"a0bc1ceb":167,"01cd8099":180,"0f72f2d8":172,"ddec9e54":172,"40a745c0":174,"751acea8":163,"c3e6ef01":170,"5ccf94d6":167,"c7313e0a":184,"0da28f5b":187,"1247fa52":178,"831c7b85":170,"478d2d4f":197,"6c486702":179,"2bcca6a7":188,"ba5c52af":166,"55928ef1":166,"fead11cf":171,"a901627e":163,"49cb2959":180,"dc03ebd2":185,"a5676c24":168,"ec110282":194,"00a481e3":181,"45b5746e":174,"7f86be64":171,"36380d96":175,"9f2b16a7":184,"704bce0d":164,"77bae750":164,"e99318a3":176,"e15fd611":161,"04643409":176,"47d27624":160,"a1921150":185,"6d5fcd4c":166,"15620dca":186,"a63bddd4":209,"1d153b20":177,"558d5ce7":167,"36d340f2":154,"0277d748":182,"363590c7":186,"f5cd79c1":178,"5623817d":159,"3712c4bd":153,"f6fe095d":179,"19f9ca86":174,"e238f09b":183,"07107f6e":175,"e2a7d915":150,"ecfa8249":180,"ccb5ea3e":151,"88fa53d6":151,"b6ee137a":167,"44ff8baa":164,"4577b333":174,"e2cbe594":174,"ba30e43a":183,"c0b0f492":182,"14c682eb":155,"57167c74":160,"37a7d5b0":169,"91b28f83":175,"04bef50c":149,"95d331b1":161,"3b2dee89":167,"54d7de6b":190,"7ee7621c":172,"6c20c153":169,"07f98660":182,"2b698053":170,"7218c9f1":157,"00a17b46":168,"d4ee22a4":176,"e57d5cda":163,"91536e85":175,"d552eb2f":179,"508aac3d":178,"9fa62fee":166,"aaa274a5":170,"aec074c4":178,"2c627253":169,"98915a1f":153,"be149c6f":154,"227006e4":170,"9f5e6cba":182,"7732eb1e":186,"4ac6bd4e":160,"b84a06eb":169,"fe0df575":183,"b552beb3":179,"e0e6a097":162,"50312237":174,"f277386e":149,"7ae3fc50":155,"e8f173b5":172,"4b3e3b1c":176,"67f6e4f2":151,"4ea4a2a1":184,"d36125db":178,"9fc713b0":184,"87922532":196,"56752a4a":162,"742f1425":177,"804d4dfa":163,"04612878":186,"64a7f79f":178,"a4f1d83b":157,"c2bb8aae":164,"5ccf94d6":168,"059d6c19":182,"a68a93b2":166,"c3e6ef01":171,"6f81493d":161,"fef750ca":171,"8721056e":157,"2352c8ef":174,"eebc8d43":169,"a66a2d8a":186,"0042f6eb":160,"78467b8a":180,"a901627e":164,"012de09c":169,"2dd0e808":164,"fafb4cc2":218,"6fb4cdda":185,"c382f054":183,"cb51f134":176,"0dad37d5":173,"655954ba":164,"2203f259":178,"363590c7":187,"3f2522c2":183,"8dd649a3":168,"b769bdfb":165,"a40846b7":174,"5781776a":169,"72805bf5":167,"a47abfbb":155,"31f6ba51":157,"815e4582":183,"6632fed0":174,"6adce358":186,"794f652b":189,"50d129cf":163,"5d087c79":171,"d5557fb4":175,"25d1b2d8":175,"140ce69e":167,"3661e12d":167,"15620dca":187,"2cb29e5a":181,"f3d68430":183,"ef8321d8":172,"8dd2684c":172,"8e780922":164,"efe84c27":177,"4eed1bea":173,"debe1f65":167,"85de05f2":168,"e5d3655c":190,"201cafad":168,"aab4d996":166,"2ad42a9e":192,"df81ddee":154,"a33fe0dd":176,"f4343817":174,"0b959527":163,"3bad3c95":150,"24ffcbd3":187,"c7636527":159,"52eca0dc":171,"4bc46d7a":163,"4abb7aed":167,"1757a30e":159,"7ee7621c":173,"290b4714":173,"e382ec3f":159,"e0e48a2d":169,"b3f19a69":162,"0d770b97":167,"629800eb":186,"cb142908":155,"d2466211":186,"f7231212":168,"4d9b0b10":170,"0785820e":168,"869cbaa0":183,"fd07e0ed":171,"0bd93cfd":138,"eb7b4e29":166,"98915a1f":154,"d3a669ac":181,"730338c4":180,"39ba00f0":175,"b36a0d66":159,"0cb80f4a":168,"408bb2ed":171,"b552beb3":180,"4ac6bd4e":161,"95f6db13":171,"e0f7679f":154,"a533489b":185,"3a1b9af5":170,"cf50e84e":159,"66554572":141,"b35e9e1a":204,"ad8f85d6":185,"40569362":186,"b84a06eb":170,"792cfcbd":170,"d8475b95":145,"71bc1295":164,"2c24d929":180,"467773ac":165,"4279e829":191,"30dbfc69":168,"dbd2f139":173,"a68a93b2":167,"30d84dce":149,"66497c7e":164,"fef750ca":172,"dd3913d2":162,"f5e8dfee":181,"b102f7bd":180,"78b97937":184,"7af262e5":189,"2a76f1dd":159,"288d171f":176,"73b15e04":172,"0f72f2d8":173,"71ff66e8":173,"dc583e64":181,"8274885a":169,"77d35808":151,"695a2b92":161,"19f9ca86":175,"b1f58563":167,"1a2c020b":177,"bb8a6337":158,"d6d61bfc":187,"76f3a3be":174,"71a2a493":140,"031e488e":182,"17446892":167,"181c3dd5":172,"d1fe2868":183,"25d1b2d8":176,"a939b50b":174,"b8ab8e6e":168,"04643409":177,"f4b2f575":160,"bf822e33":168,"172217e5":184,"ccdd1ce6":173,"21ee2afe":180,"f598a332":159,"06ee61b6":153,"69d4b754":166,"ecfa8249":181,"168e75d9":172,"2209903e":176,"e1571af7":170,"cb51f134":177,"0a2f71bc":158,"e21c6207":170,"e32524d6":162,"a0ce82b4":168,"caddd0a7":178,"bfad1727":157,"e3547548":165,"9d0546ac":158,"44c77422":175,"25e0dd3d":169,"4777334c":167,"a901627e":165,"313258f2":177,"a851891c":164,"195eb771":175,"d8e58a8c":188,"8a165e17":179,"1d44aff3":179
1604737638261,"00cf385d":183,"7f6d1d0e":182,"4652b09a":181,"4d9b0b10":171,"d39724bc":162,"c0b23081":193,"76f94eda":184,"e4117b3b":155,"af7e5be8":169,"e356abf1":175,"7566fdd6":171,"cb142908":156,"0785820e":169,"d4ee22a4":177,"a77e8461":173,"bc021def":172,"6d5fcd4c":167,"4d35385e":162,"835358a0":162,"d1ca5d6b":177,"3062379b":164,"d744bee2":167,"f271ed5d":170,"272c7672":180,"5a07fc2e":149,"92d38723":181,"013ee301":160,"4b3e3b1c":177,"1bd5b20b":186,"a8c93bed":168,"2352c8ef":175,"0042f6eb":161,"1105f790":196,"8721056e":158,"8b5a8e9f":179,"6c486702":180,"026766f3":170,"a901627e":166,"d8e58a8c":189,"3a291497":157,"d9a64845":169,"fafb4cc2":219,"57d5dee8":179,"5774ac0d":182,"af034fee":185,"b7cc7909":190,"5ac86fb9":176,"162a7348":164,"789bd484":164,"dc473de1":156,"cb6c9e42":193,"bad1a1cc":167,"0f1ac912":159,"d1fe2868":184,"47d27624":161,"84369269":147,"f3a0c2ee":171,"345c9967":163,"a543ec74":152,"868edcc0":184,"3652bd66":175,"b460f030":192,"820225e4":146,"ea274174":177,"ac62fac2":186,"f044c0e1":166,"36fb15d2":188,"dd1fcb17":160,"6d802fa2":155,"00554ffd":178,"73b15e04":173,"b2a8761b":161,"7732eb1e":187,"04612878":187,"9fc713b0":185,"25635c37":153,"6ce84ff8":154,"578f6e9e":185,"eda6a690":167,"fe1d4419":166,"22aeaf03":171,"5b60dd1d":171,"5b5fc566":172,"ba586505":178,"d1d40c9c":183,"1bb4ccc0":167,"37d0cae2":158,"935ec056":158,"ae99df30":158,"751acea8":164,"66b7b5b4":167,"5272520d":177,"6e24d88b":157,"30fdcd3b":170,"655941a0":181,"c0fea118":162,"a836aa93":165,"a3253019":161,"e7abc88d":157,"90a06ee9":177,"168e75d9":173,"9267f0ef":182,"87083264":190,"9fce073c":169,"50c468ba":164,"7a840529":167,"7fb4c521":176,"ef91eaae":156,"869cbaa0":184,"ac38a6a5":185,"6143f39d":174,"8dd2684c":173,"ec2cb1af":175,"51f57142":168,"546f6845":170,"6cba74ce":153,"b7832271":186,"98915a1f":155,"8657c79d":170,"1f7607df":159,"dd7acb96":178,"c0e2624b":165,"9fa62fee":167,"b84a06eb":171,"82b81567":151,"b2703001":177,"761cf820":182,"820225e4":147,"fe0df575":184,"0be540c5":181,"408bb2ed":172,"7732eb1e":188,"8c6e001f":144,"5f8517b7":195,"32c9fc47":176,"7fdc2007":156,"be3a10f8":189,"8721056e":159,"20958d58":158,"dc0c8b09":186,"a567ace4":171,"cfafcda8":161,"b6ee137a":168,"77898c22":146,"5c82d1ce":167,"18d20aa1":178,"e1571af7":171,"638cb163":195,"e2cbe594":175,"e1f0dbfd":196,"0f029727":163,"c4e70c07":161,"25e0dd3d":170,"57167c74":161,"5ab7bc35":178,"4777334c":168,"b28a5e67":194,"a472532e":157,"71ba7561":151,"a24e6670":171,"49bf2e95":161,"792cfcbd":171,"6be9332a":154,"ae8a09c4":170,"4cc141fa":147,"24d24fa3":158,"2d382981":164,"bc392d1c":155,"578f6e9e":186,"312f7676":183,"1da771fb":172,"227006e4":171,"32133249":177,"5e09f69e":197,"40860a4b":151,"1ed46298":184,"2ab62345":161,"e4714415":192,"c81b2bcf":154,"f4b2f575":161,"d1fe2868":185,"39a2fcce":156,"789bd484":165,"9d63c4dd":174,"93fdbb44":163,"2dd0e808":165,"ae016053":202,"d5dae4c4":190,"49cb2959":181,"124fbe96":160,"6775d5cd":168,"d1d40c9c":184,"d70ca4f4":187,"bb98a6cf":191,"66497c7e":165,"059d6c19":183,"f1b493de":192,"30fdcd3b":171,"19e9776f":168,"34c5c729":167,"d548635d":173,"3498f223":170,"1a68160d":173,"9b742f71":167,"168e75d9":174,"470d50c2":176,"abad2347":177,"79be29c8":157,"bec9d329":187,"91b28f83":176,"0785820e":170,"c803b4a3":168,"9aa6a054":174,"7a4c064c":181,"621d6b18":175,"4f59a322":175,"af7e5be8":170,"3e082b37":163,"e7773397":160,"fe1d4419":167,"c564e316":175,"159ffd0b":165,"8b2b601d":178,"0cb80f4a":169,"d1715f3b":184,"172217e5":185,"49902219":197,"a77e8461":174,"6143f39d":175,"175bc6b2":152,"9c045c61":173,"3062379b":165,"9fa62fee":168,"d3a669ac":182,"70c1e715":174,"835358a0":163,"bca2d7cd":166,"c793cdda":169,"cfafcda8":162,"9a3ab0b8":171,"13b53c7a":172,"afe8e06a":151,"33d6bb6a":167,"eebc8d43":170,"0e2b5d2f":174,"9d0546ac":159,"2045d7d6":167,"4eed1bea":174,"a33fe0dd":177,"85de05f2":169,"c1bdfd41":165,"3007f31f":158,"7e76c93c":174,"bfad1727":158,"5f620a1e":172,"4e5aaaec":155,"75ffea08":173,"c650b434":176,"d6f0d94a":171,"60d6cee2":170,"d6d61bfc":188,"3a1d1632":148,"ed4fad08":179,"181c3dd5":173,"c4bff41f":187,"8cddb65e":171,"a9b1bd51":132,"6adce358":187,"254cc28c":176,"9ceb5439":157,"04643409":178,"50d129cf":164,"36b7003c":200,"de11eb19":181,"8d753bb6":174,"26009d3f":155,"5f8517b7":196,"59431390":166,"5ee911b5":155,"2d1e1e9d":171,"34658473":162,"d0e9a58e":176,"f5829ac0":185,"a533489b":186,"e8d74304":164,"c27969ec":161,"cbad3b92":195,"a5aee5de":197,"3e602573":170,"812b4f15":153,"a0b03218":174,"6e44927f":171,"7896b953":183,"8db5a165":161,"4abb7aed":168,"d8e58a8c":190,"313258f2":178,"49cb2959":182,"cc11fef9":183,"20e470e0":163,"c8977844":168,"8db62558":168,"902f49f5":169,"1e191c98":153,"b6591e25":178,"685207b3":171,"acac14fb":163,"fe578280":166,"5e193fc8":177,"2882a956":167,"11b74e63":167,"1bb4ccc0":168,"bd2705b0":183,"93b0a158":185,"0d770b97":168,"ea4d3f3e":182,"056ea7ff":186,"9496f56f":174,"ad303bda":161,"9a3cc55d":163,"3e082b37":164,"93ac9ca3":169,"c95719e5":156,"e7773397":161,"77d35808":152,"b1f58563":168,"cf9f4757":164,"91536e85":176,"01d817b8":145,"217c0327":156,"f2f58418":159,"d6320619":161,"558d5ce7":168,"08c6b5d2":171,"be4f8ba8":158,"26c390d6":177,"eb7b4e29":167,"70c1e715":175,"72d7b461":182,"1f7607df":160,"fd369c21":182,"a625328f":179,"e4cfef0a":161,"10ec5a0b":158,"13b53c7a":173,"dd3913d2":163,"a59a8290":174,"b87158fb":171,"7bda83dd":162,"6fb4cdda":186,"9f2b16a7":185,"1e232870":175,"77898c22":147,"261c9911":182,"859545e6":161,"53747a91":163,"3b7763b1":155,"7043382d":168,"93e8cee5":190,"dac109cf":166,"a577db1c":160,"e21c6207":171,"b6ee137a":169,"c7636527":160,"fce3c5c6":157,"805af3c7":174,"8721056e":160,"831c7b85":171,"71a2a493":141,"081460bf":174,"35aa7fd0":181,"b230e8d3":170,"5774ac0d":183,"9f5e6cba":183,"8cddb65e":172,"39a2fcce":157,"1634789b":160,"1d790491":174,"842c8340":160,"66d94227":167,"013ee301":161,"e8f173b5":173,"5ee911b5":156,"b552beb3":181,"8b2b601d":179,"408bb2ed":173,"bab97de3":182,"c4aa1e38":147,"c7c4ec5c":161,"05642105":177,"ea274174":178,"07fc4a9a":181,"4ac6bd4e":162,"3a1b9af5":171,"c27969ec":162,"24d24fa3":159,"812b4f15":154,"ac62fac2":187,"cac4449a":167,"27c8e038":186,"cbad3b92":196,"a5676c24":169,"537634c9":150,"1d44aff3":180,"2c6cb96f":143,"f905a555":160,"fafb4cc2":220,"3c0df8b4":184,"e62d705f":162,"f4634d0b":170,"142d6987":170,"0c0e98ea":162,"a4f1d83b":158,"20e470e0":164,"9d4da635":156,"f0a06216":176,"20811ddf":174,"6775d5cd":169,"6841f77e":183,"7735c3c2":165,"fe1d4419":168,"5099c6a0":189,"93ac9ca3":170,"016953e4":183,"6b79fec2":164,"5623817d":160,"836701f6":170,"7fef9973":170,"f2364460":169,"6adce358":188,"6cba74ce":154,"1d153b20":178,"22176537":170,"b946e146":189,"8cc4a982":184,"ec2cb1af":176,"416a9e97":162,"1f342a00":167,"0d2a1c58":165,"d3a669ac":183,"778c95e9":169,"84b67924":172,"0bd93cfd":139,"7028b044":165,"e356abf1":176,"2ce1af05":151,"9c29f0ed":188,"ba938220":170,"c803b4a3":169,"621d6b18":176,"91536e85":177,"0bfabf48":161,"d78dd457":162,"3498f223":171,"4e3f5178":182,"36380d96":176,"c7313e0a":185,"145c7559":166,"f3992a31":181,"104721f0":176,"3007f31f":159,"79e4fa1c":171,"f8b31ce5":194,"85de05f2":170,"0a96f57a":171,"28d40296":138,"6bc5d32a":190,"62d1d346":158,"40e79dd3":168,"04ea5673":169,"49b358bd":175,"b6ee137a":170,"2045d7d6":168,"d9f512b9":177,"a0685bf3":188,"30c184b8":168,"8063df14":181,"8721056e":161,"dfcc2ad1":193,"0e2b5d2f":175,"c93c3508":147,"f94bf9ea":165,"3a1d1632":149,"b35bb8a1":168,"64db4feb":190,"bfcb912a":169,"c9efc8f6":166,"0be540c5":182,"a24e6670":172,"d0b297b2":156,"f044c0e1":167,"4945c851":183,"9e878ec2":183,"40569362":187,"bbe71605":155,"1bd5b20b":187,"411b5027":155,"9263c525":177,"95f6db13":172,"0cb80f4a":170,"36fb15d2":189,"a0b03218":175,"26c6fa34":156,"8eb64769":180,"e6fac295":164,"eed20185":188,"01cd8099":181,"ae8a09c4":171,"b2cfdbcf":162,"7ae34c64":165,"ef8987d7":162,"8db5a165":162,"db8ba455":171,"abc1d7ad":191,"3c0df8b4":185,"cc11fef9":184,"8db62558":169,"467773ac":166,"8942c35b":170,"f4634d0b":171,"6e24d88b":158,"cf1124db":162,"04bef50c":150,"f66616b7":174,"088feee2":172,"815e4582":184,"1d790491":175,"5339e1e9":184,"b88033fd":181,"39a2fcce":158,"a63bddd4":210,"22176537":171,"ccdd1ce6":174,"9e206c95":192,"4d35385e":163,"623c6a31":185,"945b63f0":186,"aa5dfdf5":168,"d3a669ac":184,"4bcd4a30":177,"88b3bc99":159,"1757a30e":160,"5410e9c6":178,"5270f158":164,"83086d4c":172,"39bbc4bc":177,"f2470875":186,"93ac9ca3":171,"695a2b92":162,"6c20c153":170,"d815c5b4":202,"d929098e":143,"5acce642":173,"935ec056":159,"e28c2efc":160,"385ab7c6":173,"ef14000f":186,"d2466211":187,"d83294cd":160,"f1df62b4":181,"7218c9f1":158,"80a8a56d":170,"d34a29b9":183,"ebdbf580":179,"3498f223":172,"cb51f134":178,"be2955bb":171,"c4feee5b":169,"2209903e":177,"21ad2f34":179,"0f029727":164,"20777945":167,"fce3c5c6":158,"18d20aa1":179,"c4e70c07":162,"df81ddee":155,"7e76c93c":175,"07107f6e":176,"25776fc4":175,"2b3c49b9":169,"2045d7d6":169,"8f13c203":165,"82204d54":162,"30c184b8":169,"f2e3c0e3":151,"2a76f1dd":160,"be3a10f8":190,"f67de058":176,"7af262e5":190,"b5763ff6":160,"70c1e715":176,"de6213c7":168,"35aa7fd0":182,"d6d61bfc":189,"a24e6670":173,"a533489b":187,"4945c851":184,"6291e9e9":182,"379184a7":193,"5a0ead91":151,"f277386e":150,"608bc832":148,"2cce4fb2":176,"2d1e1e9d":172,"761cf820":183,"045f280d":175,"0ac825ed":173,"cd95f558":173,"48655f09":212,"e6fac295":165,"458dcc3d":183,"bc392d1c":156,"6be9332a":155,"26c6fa34":157,"195eb771":176,"ae016053":203,"fd482491":196,"751bcf25":166,"f4634d0b":172,"026766f3":171,"467773ac":167,"31408822":162,"d033db8d":196,"381c68fa":174,"dc03ebd2":186,"8db5a165":163,"d5dae4c4":191,"b28a5e67":195,"a47abfbb":156,"5ac86fb9":177,"a1370ab0":169,"deb31f35":176,"2a387957":168,"6632fed0":175,"088feee2":173,"0670c466":163,"1634789b":161,"6e98dfda":169,"b8ab8e6e":169,"9d9dd9e5":168,"dfa1a89b":164,"d3e84616":171,"0277d748":183,"ec2cb1af":177,"d1715f3b":185,"623c6a31":186,"09560615":154,"2c24d929":181,"f6fe095d":180,"f5cd79c1":179,"8274885a":170,"016953e4":184,"c564e316":176,"317c1591":188,"77d35808":153,"6775d5cd":170,"7fef9973":171,"8bc04eb5":174,"7f6d1d0e":183,"e0e48a2d":170,"11b74e63":168,"bf30a08f":187,"9aa6a054":175,"76f94eda":185,"e4cfef0a":162,"ba938220":171,"ad303bda":162,"30b6808c":161,"abd32136":181,"c7313e0a":186,"8e99d5d0":200,"f121b82c":177,"288d171f":177,"754f98c9":184,"b2c25d1c":166,"5e193fc8":178,"6b9eff39":164,"92136ff5":172,"e1f0dbfd":197,"3007f31f":160,"2b3c49b9":170,"4777334c":169,"f9f2c53f":149,"b320feb9":174,"57167c74":162,"8ea21393":151,"a81a857c":161,"9d023afb":171,"e5b1abc6":168,"7028b044":166,"70bc8325":166,"5747db6e":184,"0bd93cfd":140,"fd369c21":183,"508aac3d":179,"c793cdda":170,"1bc0591f":169,"c1bb74f2":165,"f67de058":177,"fe8f3d36":168,"33d6bb6a":168,"b552beb3":182,"cf84fb54":178,"1b153aef":179,"bbe71605":156,"9260d96b":196,"3652bd66":176,"fb44fa9c":178,"ef16ca37":169,"3310a049":174,"e0e6a097":163,"6d802fa2":156,"0ac825ed":174,"a24e6670":174,"f9c15fcc":162,"064a99c8":174,"b6aaf976":173,"946df4fd":197,"f1098793":166,"59c1e594":160,"26c6fa34":158,"12a2cd4b":163,"9e65c0ef":172,"b5ce0c0c":190,"d9f512b9":178,"8db62558":170,"1e191c98":154,"30dbfc69":169,"56d315d8":153,"751acea8":165,"381c68fa":175,"be40590d":179,"49cb2959":183,"fe44fc6f":160,"3c0df8b4":186,"e865e4dd":160,"8db5a165":164,"95904ac4":189,"7c0a2db6":168,"2132fe93":178,"bfcb912a":170,"a6003226":169,"6df0b2e8":190,"c64de0c0":153,"e4714415":193,"0681c48e":186,"23760167":170,"ccf8b803":179,"faf3ed07":160,"4ed01268":163,"c6c85783":180,"650bb0e0":167,"d1fe2868":186,"fd6dcb20":172,"546f6845":171,"d2a841c9":168,"4469c815":143,"f3d68430":184,"82868763":165,"c564e316":177,"a40846b7":175,"6b79fec2":165,"8dc9b4db":178,"09ff339a":149,"3f2522c2":184,"5b5fc566":173,"dffa7793":146,"935ec056":160,"a6b5e869":175,"290b4714":174,"abad2347":178,"f0a06216":177,"8ac72326":172,"7218c9f1":159,"9f74b8a4":162,"9f2b16a7":186,"9267f0ef":183,"ab7d4c9a":159,"501db4de":172,"a3253019":162,"470d50c2":177,"be2955bb":172,"9a80f004":176,"fb8bfb36":183,"93e8cee5":191,"6bc5d32a":191,"056ea7ff":187,"50c468ba":165,"91536e85":178,"e4cfef0a":163,"e9adbe58":169,"15620dca":188,"26c390d6":178,"7028b044":167,"2180f99b":166,"2c01e624":171,"284544ba":161,"b5763ff6":161,"fd07e0ed":172,"82204d54":163,"92ca52b7":184,"95f6db13":173,"1138796e":180,"11888cfa":158,"5acaa06f":144,"6291e9e9":183,"4ea4a2a1":185,"b552beb3":183,"b377a62a":157,"4b3e3b1c":178,"379184a7":194,"1db42092":180,"8d000d6e":159,"8245f916":164,"4ba6eb36":165,"03c398d2":174,"64a7f79f":179,"2198ba8e":163,"04612878":188,"ae8a09c4":172,"a5aee5de":198,"cfafcda8":163,"8063df14":182,"1745a0f4":174,"f5e8dfee":182,"20958d58":159,"21e10a2b":171,"7be025ce":169,"259930ee":176,"f9f2c53f":150,"f734c84c":191,"c1bdfd41":166,"c0b0f492":183,"fbdffc95":164,"24ffcbd3":188,"ffc86f94":157,"d0c104c4":144,"30fdcd3b":172,"20e470e0":165,"45b5746e":175,"5f96c2bc":166,"a15713c6":193,"47cfba38":158,"1ed46298":185,"60d6cee2":171,"c93c3508":148,"227006e4":172,"c852d240":166,"4125085e":175,"99e171db":164,"1b881e6e":175,"77f31bab":185,"e15fd611":162,"254cc28c":177,"bf822e33":169,"bad1a1cc":168,"f1098793":167,"8274885a":171,"f5cd79c1":180,"6085137f":162,"19f9ca86":176,"836701f6":171,"3a204e56":173,"e238f09b":184,"3101354b":150,"4bc46d7a":164,"69eeae0d":156,"f789f6d8":163,"b0869206":177,"2882a956":168,"bf30a08f":188,"ba586505":179,"bd2705b0":184,"bb00e71c":154,"6775d5cd":171,"f1b493de":193,"3b690f68":186,"ca6d2d91":172,"f4634d0b":173,"36380d96":177,"5e193fc8":179,"dbc9df44":157,"ab7d4c9a":160,"69134f07":160,"f3992a31":182,"34c5c729":168,"9aa6a054":176,"b9be31d6":183,"2bcca6a7":189,"af7e5be8":171,"d2466211":188,"7a4c064c":182,"05f6ab35":177,"92ca52b7":185,"e4cfef0a":164,"dd3913d2":164,"87cd2add":154,"ef8321d8":173,"88432019":162,"21ee2afe":181,"ccdd1ce6":175,"f3d68430":185,"22176537":172,"9de29816":150,"7db3edda":168,"835358a0":164,"2c01e624":172,"98915a1f":156,"39ba00f0":176,"2d54e0a8":174,"aa5dfdf5":169,"2d1e1e9d":173,"4ff2225d":170,"013ee301":162,"b35e9e1a":205,"bbe71605":157,"3a1b9af5":172,"3d1af513":181,"1db42092":181,"a24e6670":175,"4ea4a2a1":186,"792c9b6a":165,"045f280d":176,"d0c0fc08":151,"a533489b":188,"4c0e547b":185,"78b97937":185,"eb2e1983":166,"4e5aaaec":156,"fb8bfb36":184,"57167c74":163,"f734c84c":192,"feb67030":164,"c1bdfd41":167,"ba30e43a":184,"21e10a2b":172,"d6f0d94a":172,"efd23af5":158,"7be025ce":170,"f4343817":175,"08a06557":194,"62d1d346":159,"f4634d0b":174,"537634c9":151,"0ecfa1c9":157,"68562193":174,"74e3d13e":173,"40860a4b":152,"5eaa1581":166,"03b4ab60":161,"c93c3508":149,"7e15f8e8":176,"d1fe2868":187,"d5557fb4":176,"5d087c79":172,"99e171db":165,"5957df9e":164,"84369269":148,"0a1d11e6":161,"aa867541":163,"d82592f4":176,"2198ba8e":164,"ae8a09c4":173,"4febf7c5":170,"f1098793":168,"792cfcbd":172,"baebb391":183,"49cb2959":184,"fd482491":197,"2c6cb96f":144,"dd035d2a":167,"93b0a158":186,"1c0a9eff":161,"d1d40c9c":185,"04bef50c":151,"d39724bc":163,"fea793f5":176,"cb4f262b":159,"a8726d50":156,"381c68fa":176,"d70ca4f4":188,"0af920d8":155,"0c0e98ea":163,"9316e7e8":142,"c7313e0a":187,"4e3f5178":183,"6b78ad7f":171,"8e780922":165,"77300e4a":152,"1a68160d":174,"288d171f":178,"869cbaa0":185,"9496f56f":175,"d7cb9bcf":159,"7218c9f1":160,"f5596d0f":177,"945b63f0":187,"eeaa2d46":189,"2c01e624":173,"a77e8461":175
1604737639223,"bfad1727":159,"25e0dd3d":171,"7d112f4d":183,"fce3c5c6":159,"aab4d996":167,"ab7467de":185,"4577b333":175,"c8dc010f":174,"a851554d":172,"7043382d":169,"51c57542":180,"638cb163":196,"859545e6":162,"4c39240e":185,"2c627253":170,"2180f99b":167,"a63bddd4":211,"7028b044":168,"217c0327":157,"2d54e0a8":175,"8dd2684c":174,"b7832271":187,"aec074c4":179,"42191b64":149,"578f6e9e":187,"a77e127d":151,"8dd649a3":169,"014bdff0":174,"22aeaf03":172,"6085137f":163,"411b5027":156,"f044c0e1":168,"34658473":163,"db0a661e":166,"95bc84f1":156,"5678ed7b":190,"554ebb83":181,"cfe72ead":160,"6db0ea86":160,"9263c525":178,"11888cfa":159,"b6591e25":179,"4279e829":192,"cf9f4757":165,"385ab7c6":174,"621d6b18":177,"7fdc2007":157,"1105f790":197,"2bcca6a7":190,"fead11cf":172,"bd62d7ed":161,"e5b1abc6":169,"ba5c52af":167,"cd3bbe7e":173,"58d46189":185,"180377be":166,"d0c104c4":145,"be40590d":180,"d0e9a58e":177,"045f280d":177,"3d1af513":182,"4b4ef7fa":165,"b7df1559":170,"d8475b95":146,"cf52025e":168,"e6fac295":166,"ac62fac2":188,"48655f09":213,"6df0b2e8":191,"71279c46":167,"c93c3508":150,"bfcb912a":171,"5774ac0d":184,"a47abfbb":157,"76f3a3be":175,"c67979e6":191,"088feee2":174,"aff8e442":174,"5339e1e9":185,"91d52a55":170,"36b7003c":201,"2b3e4717":174,"972f4174":182,"1a2c020b":178,"8e99d5d0":201,"be2955bb":173,"6b78ad7f":172,"53431634":195,"4c4aa2e2":170,"a901627e":167,"0a1d11e6":162,"313258f2":179,"4abb7aed":169,"65e4235b":172,"28654c76":183,"61145ec9":182,"fb8bfb36":185,"259930ee":177,"9d0546ac":160,"ccb5ea3e":152,"44c77422":176,"c45d554f":180,"d141db49":175,"1623fc9f":169,"cd421290":167,"e786063b":183,"26dd2000":187,"5b60dd1d":172,"2203f259":179,"a77e127d":152,"8dd649a3":170,"5781776a":170,"f6fe095d":181,"e45b4b53":160,"6db0ea86":161,"e8f173b5":174,"77898c22":148,"2154b6e8":163,"0a2f71bc":159,"f2f58418":160,"57540cc3":174,"53a8613c":188,"dfa1a89b":165,"2dda3936":161,"3f65f121":184,"ef8321d8":174,"0bd93cfd":141,"aa5dfdf5":170,"5747db6e":185,"72d7b461":183,"de6213c7":169,"730338c4":181,"7e991ab9":139,"4b125e7b":167,"51a3e9c2":167,"abad2347":179,"7ee7621c":174,"7f6d1d0e":184,"bec9d329":188,"d39724bc":164,"e4cfef0a":165,"76f94eda":186,"67c57de4":189,"f1df62b4":182,"7a4c064c":183,"cb142908":157,"00a17b46":169,"78b97937":186,"2a4a402a":161,"afe8e06a":152,"7af262e5":191,"2bcca6a7":191,"55928ef1":167,"0042f6eb":162,"430a5db5":177,"c8977844":169,"180377be":167,"4ee62a26":160,"4360a1a3":187,"0d5ee801":165,"0841052c":190,"bfcb912a":172,"0ecfa1c9":158,"081460bf":175,"61d4782d":168,"3c18f28e":166,"6867261a":176,"2ab62345":162,"99e171db":166,"6adce358":189,"5a0eb771":166,"1a0189c4":167,"04643409":179,"8a52882e":174,"842c8340":161,"1138796e":181,"1f88a4b7":191,"06073f13":184,"6c73ae98":148,"fe0df575":185,"b2703001":178,"5acaa06f":145,"7ae3fc50":156,"45fb95c1":175,"332820ce":181,"8d000d6e":160,"554ebb83":182,"c27969ec":163,"b6aaf976":174,"742f1425":178,"c6e3d352":174,"6be9332a":156,"d82592f4":177,"04612878":189,"e1618359":176,"b3863630":168,"69d4b754":167,"0dad37d5":174,"e9679ede":170,"f905a555":161,"810aa5e9":184,"db8ba455":172,"906fdec3":157,"ec110282":195,"a15713c6":194,"da04caac":185,"a4296d1e":163,"4e3f5178":184,"72b84094":199,"ccb5ea3e":153,"263762cb":158,"6ce84ff8":155,"a40846b7":176,"e7773397":162,"c95719e5":157,"095ab3b4":171,"e238f09b":185,"d6f0d94a":173,"f9f2c53f":151,"9a467a82":177,"9de29816":151,"4469c815":144,"945b63f0":188,"09560615":155,"623c6a31":187,"affb82bf":187,"a625328f":180,"383e232d":169,"aec074c4":180,"22234d6b":181,"9147702f":152,"2a06ab95":190,"c793cdda":171,"719c8869":186,"79e4fa1c":172,"ba30e43a":185,"2b3c49b9":171,"49b358bd":176,"92136ff5":173,"30c5d755":181,"a577db1c":161,"3007f31f":161,"ffc86f94":158,"93b0a158":187,"79be29c8":158,"6ee92259":184,"95d331b1":162,"00cf385d":184,"16b476e9":170,"e356abf1":177,"597c1f81":173,"50c468ba":166,"87083264":191,"10ec5a0b":159,"b73e789c":160,"053f3451":170,"f1df62b4":183,"92ca52b7":186,"1105f790":198,"a59a8290":175,"26ed1a5c":173,"cf1124db":163,"30d84dce":150,"f1b493de":194,"a47abfbb":158,"64db4feb":191,"af034fee":186,"51f80f4c":196,"ed4fad08":180,"2ab62345":163,"a2c334e7":189,"36684155":177,"77f31bab":186,"23760167":171,"ce3407dd":165,"bf822e33":170,"30fdcd3b":173,"0114160e":165,"4ff2225d":171,"6291e9e9":184,"0d2c95fe":167,"336d0f08":179,"00554ffd":179,"17b08923":169,"26009d3f":156,"45b038bb":203,"b2703001":179,"50312237":175,"8493f3b2":175,"0ac825ed":175,"7a2f3f06":165,"03c398d2":175,"3e602573":171,"b7df1559":171,"d8475b95":147,"baebb391":184,"9fc713b0":186,"a636f4c9":184,"7a9344a4":194,"be40590d":181,"4c4aa2e2":171,"b3863630":169,"fead11cf":173,"1745a0f4":175,"ec11fe5f":145,"50b558a7":158,"a5676c24":170,"e865e4dd":161,"2c6cb96f":145,"6023df54":166,"8a165e17":180,"83b2f9c5":174,"49cb2959":185,"6b78ad7f":173,"972f4174":183,"a3253019":163,"c4feee5b":170,"9f2b16a7":187,"dc583e64":182,"ea9bba6b":173,"5099c6a0":190,"8dd649a3":171,"fe1d4419":169,"d599b566":183,"5410e9c6":179,"527ff946":176,"44a4f7cd":174,"8cc4a982":185,"ef8321d8":175,"9c045c61":174,"865d9857":163,"dfa1a89b":166,"88432019":163,"08c6b5d2":172,"26c390d6":179,"aa5dfdf5":171,"2d13e69b":173,"835358a0":165,"6e851762":165,"a625328f":181,"0fc5ac7e":192,"72b84094":200,"5c82d1ce":168,"28d40296":139,"e5d3655c":191,"4e5aaaec":157,"fbdffc95":165,"debe1f65":168,"37a7d5b0":170,"c650b434":177,"e786063b":184,"85de05f2":171,"5fa12feb":177,"49b358bd":177,"f8b31ce5":195,"cb4f262b":160,"1bb4ccc0":169,"95d331b1":163,"a6b5e869":176,"bec9d329":189,"87c462ee":182,"e356abf1":178,"385ab7c6":175,"619fda68":206,"00a17b46":170,"ba938220":172,"af7e5be8":172,"4930f321":160,"869cbaa0":186,"7af9d3b1":168,"162a7348":165,"bb8a6337":159,"4911acad":140,"c852d240":167,"e9a8cf11":173,"725dce8b":181,"30fdcd3b":174,"49910300":155,"a6bcb07e":176,"f044c0e1":169,"88a30343":175,"66554572":142,"336d0f08":180,"fe0df575":186,"1db42092":182,"95f6db13":174,"0cb80f4a":171,"358e45b1":163,"e0e6a097":164,"f9c15fcc":163,"b377a62a":158,"59c1e594":161,"c6e3d352":175,"12a2cd4b":164,"d8475b95":148,"13f0e139":159,"aefe13f5":180,"74e01f6a":172,"d634aa28":178,"d033db8d":197,"180377be":168,"0af920d8":156,"9d4da635":157,"a68a93b2":168,"fee32863":178,"b8488fc8":176,"8063df14":183,"f2e3c0e3":152,"fead11cf":174,"dfcc2ad1":194,"0042f6eb":163,"00a481e3":182,"a851891c":165,"7c0a2db6":169,"4abb7aed":170,"ec110282":196,"b28a5e67":196,"f789f6d8":164,"754f98c9":185,"bd984a8e":158,"f3992a31":183,"c21ab51e":148,"77300e4a":153,"d548635d":174,"1e232870":176,"39bbc4bc":178,"3c43e8a2":185,"83086d4c":173,"2c5c1dc0":160,"016953e4":185,"22aeaf03":173,"6085137f":164,"31d74eee":163,"77bae750":165,"5339e1e9":186,"9d63c4dd":175,"6e98dfda":170,"0670c466":164,"bda8cdfb":183,"ef8321d8":176,"3454fa2b":158,"558d5ce7":169,"a77e8461":176,"12012fbd":159,"d744bee2":168,"3062379b":166,"51f57142":169,"416a9e97":163,"72d7b461":184,"a6626a13":160,"fd07e0ed":173,"f069bb07":163,"2b3c49b9":172,"79e4fa1c":173,"c1bdfd41":168,"bc09fa9e":175,"d141db49":176,"daab45c6":163,"868cda42":171,"a0ce82b4":169,"b7505747":172,"6490bac6":165,"b320feb9":175,"cd421290":168,"a33fe0dd":178,"5ab7bc35":179,"11b74e63":169,"bf30a08f":189,"a502c93c":160,"e4c312fe":172,"54d7de6b":191,"d4d5f466":166,"e0e48a2d":171,"e4cfef0a":166,"053f3451":171,"7fb4c521":177,"508aac3d":180,"0ecfa1c9":159,"d6d61bfc":190,"13747b82":178,"17446892":168,"868edcc0":185,"e81834aa":195,"bab97de3":183,"0114160e":166,"de11eb19":182,"e0f7679f":155,"b4fdf90e":184,"159ffd0b":166,"332820ce":182,"e36dfd6f":174,"336d0f08":181,"00554ffd":180,"ef16ca37":170,"92d38723":182,"24d24fa3":160,"dd1fcb17":161,"dfc89705":178,"71bc1295":165,"26c6fa34":159,"9fc713b0":187,"baebb391":185,"430a5db5":178,"8942c35b":171,"94a2fe10":186,"8db62558":171,"3f9b5722":158,"c8977844":170,"b7434f57":135,"0d28db94":161,"8ac72326":173,"d4ee22a4":178,"4f59a322":176,"062179c1":171,"478d2d4f":198,"b102f7bd":181,"8b5a8e9f":180,"55928ef1":168,"d78dd457":163,"1745a0f4":176,"52eca0dc":172,"3c0df8b4":187,"da04caac":186,"a4296d1e":164,"1a2c020b":179,"5e193fc8":180,"acac14fb":164,"e9679ede":171,"3712c4bd":154,"363590c7":188,"19f9ca86":177,"437fc3ec":187,"f1dffa24":155,"c95719e5":158,"5099c6a0":191,"145c7559":167,"754f98c9":186,"9f5e6cba":184,"2132fe93":179,"51f80f4c":197,"66d94227":168,"c81b2bcf":155,"c6c85783":181,"9ceb5439":158,"a9b1bd51":133,"cf775f58":181,"5d087c79":173,"01d817b8":146,"21ee2afe":182,"08c6b5d2":173,"3661e12d":168,"09560615":156,"623c6a31":188,"de6213c7":170,"865d9857":164,"d1ca5d6b":178,"26dd2000":188,"53747a91":164,"ce3bf5db":174,"b320feb9":176,"fb8bfb36":186,"5c82d1ce":169,"a577db1c":162,"e5d3655c":192,"93e8cee5":192,"f9f2c53f":152,"4c39240e":186,"8db5a165":165,"ec110282":197,"65e4235b":173,"abc1d7ad":192,"124fbe96":161,"16b476e9":171,"ee21ad02":191,"1bb4ccc0":170,"c0b23081":194,"abad2347":180,"e6ec8cbf":184,"385ab7c6":176,"a0cca8b7":158,"d6f0d94a":174,"0f029727":165,"6751d8e4":183,"383e232d":170,"84b767be":196,"6e851762":166,"50c3164b":191,"bbe71605":158,"4ff2225d":172,"e8f173b5":175,"1be05c14":179,"288afc30":177,"a8871ddf":156,"92d38723":183,"820225e4":148,"8f2a7d69":167,"7732eb1e":189,"cfe72ead":161,"5a0ead91":152,"82b81567":152,"e0e6a097":165,"ad8f85d6":186,"cac4449a":168,"74e01f6a":173,"01cd8099":182,"20e470e0":166,"430a5db5":179,"31408822":163,"d033db8d":198,"0c043224":183,"751bcf25":167,"059d6c19":184,"d5059415":167,"cb142908":158,"ef14000f":187,"b9be31d6":184,"597c1f81":174,"93b9fae6":165,"dd3913d2":165,"19551bad":159,"a0685bf3":189,"e35a63cd":174,"20958d58":160,"062179c1":172,"0042f6eb":164,"f121b82c":178,"71bc1295":166,"24d24fa3":161,"a0b03218":176,"3f2522c2":185,"3c43e8a2":186,"d1676e89":172,"e45b4b53":161,"09f0db62":195,"93ac9ca3":172,"363590c7":189,"5e193fc8":181,"f3992a31":184,"725dce8b":182,"5774ac0d":185,"47cfba38":159,"aa9ea5e8":152,"c852d240":168,"181c3dd5":174,"5eaa1581":167,"d5557fb4":177,"90d52475":174,"48efc739":190,"36b7003c":202,"37fbb107":178,"650bb0e0":168,"cb6c9e42":194,"21ee2afe":183,"dcf85091":152,"a836aa93":166,"4e3f5178":185,"53431634":196,"79e4fa1c":174,"93e8cee5":193,"2af60749":174,"53747a91":165,"c0b0f492":184,"40e79dd3":169,"ce3bf5db":175,"2154b6e8":164,"a0cca8b7":159,"a5fd8ffd":175,"d8e58a8c":191,"8db5a165":166,"537634c9":152,"5f96c2bc":167,"345c9967":164,"d9a64845":170,"9d4f1fe6":164,"1c0a9eff":162,"e6ec8cbf":185,"ee21ad02":192,"5acce642":174,"7f6d1d0e":185,"e356abf1":179,"b6ee137a":171,"2045d7d6":170,"4eed1bea":175,"e5d3655c":193,"d9f512b9":179,"a4dafea5":170,"0b5a0408":180,"7ae3fc50":157,"b84a06eb":172,"e7e82473":196,"50312237":176,"288afc30":178,"2d1e1e9d":174,"489a39f7":169,"5ee911b5":157,"b2703001":180,"67f6e4f2":152,"d102b0c6":158,"3d1af513":183,"01d817b8":147,"bb99c79c":173,"ec2cb1af":178,"d0d6acb1":178,"6d339d45":149,"7db3edda":169,"36d340f2":155,"5747db6e":186,"57540cc3":175,"5a07fc2e":150,"383e232d":171,"d552eb2f":180,"730338c4":182,"381c68fa":177,"4360a1a3":188,"8db62558":172,"66497c7e":166,"61f25dd4":192,"20e470e0":167,"a68a93b2":169,"7218c9f1":161,"00a17b46":171,"619fda68":207,"a85d89cc":170,"abd32136":182,"0bfabf48":162,"af7e5be8":173,"6c524f99":181,"55928ef1":169,"be3a10f8":191,"ba5c52af":168,"7bda83dd":163,"19551bad":160,"dd3913d2":166,"59c1e594":162,"792cfcbd":173,"04612878":190,"4b4ef7fa":166,"804d4dfa":164,"64a7f79f":180,"c27969ec":164,"263762cb":159,"27f52ed3":201,"a2c334e7":190,"2132fe93":180,"51f80f4c":198,"b230e8d3":171,"031e488e":183,"0681c48e":187,"227006e4":173,"1634789b":162,"77bae750":166,"50d129cf":165,"5d087c79":174,"6e98dfda":171,"90d52475":175,"088feee2":175,"e9679ede":172,"a836aa93":167,"d34a29b9":184,"be2955bb":174,"efe84c27":178,"dcf85091":153,"9b742f71":168,"a0cf08b3":137,"aa867541":164,"a472532e":158,"537634c9":153,"ec110282":198,"5f0c1b9d":178,"3f75d3bc":192,"ee75b607":161,"04bef50c":152,"cb4f262b":161,"bec9d329":190,"b0869206":178,"e4c312fe":173,"67d30f2b":170,"6bc5d32a":192,"b7505747":173,"8f9b74b0":168,"c7636527":161,"20777945":168,"ba30e43a":186,"201cafad":169,"fce3c5c6":160,"ab7467de":186,"a577db1c":163,"fbdffc95":166,"7bebff03":173,"fb7b7b3c":196,"9a3cc55d":164,"578f6e9e":188,"22aeaf03":174,"6d61bf13":162,"1be05c14":180,"8b2b601d":180,"1f88a4b7":192,"06ddafc7":155,"2cce4fb2":177,"fb44fa9c":179,"67f6e4f2":153,"4b3e3b1c":179,"02d4753e":192,"ef8321d8":177,"d3e84616":172,"2dda3936":162,"8dd2684c":175,"558d5ce7":170,"cbb54a0a":157,"eeaa2d46":190,"70bc8325":167,"9e206c95":193,"b7832271":188,"de6213c7":171,"72d7b461":185,"7db3edda":170,"c793cdda":172,"44ff8baa":165,"2045d7d6":171,"66b7b5b4":168,"e62d705f":163,"f1b493de":195,"cf9f4757":166,"91536e85":179,"10ec5a0b":160,"b9be31d6":185,"056ea7ff":188,"ef14000f":188,"9c29f0ed":189,"1105f790":199,"5f4102da":176,"e35a63cd":175,"dd3913d2":167,"a8c93bed":169,"2a4a402a":162,"f5e8dfee":183,"20e470e0":168,"0c043224":184,"906632cb":182,"059d6c19":185,"c4aa1e38":148,"4ea4a2a1":187,"358e45b1":164,"6585adbe":149,"d82592f4":178,"b35e9e1a":206,"1c3a30c5":179,"458dcc3d":184,"f1098793":169,"812b4f15":155,"c609739e":179,"cbad3b92":197,"8cddb65e":173,"c4bff41f":188,"12534561":173,"c64de0c0":154,"031e488e":184,"4125085e":176,"31d74eee":164,"f2364460":170,"c852d240":169,"a983a6dc":160,"b8ab8e6e":170,"84369269":149,"5339e1e9":187,"47d27624":162,"e0154608":175,"c21ab51e":149,"acac14fb":165,"d34a29b9":185,"5be594be":171,"0a92153e":175,"6fb4cdda":187,"52eca0dc":173,"d8e58a8c":192,"61145ec9":183,"5f0c1b9d":179,"ec110282":199,"5ef93e5d":148,"fafb4cc2":221,"d929098e":144,"ba586505":180,"40e79dd3":170,"7b6a7048":174,"638cb163":197,"a0ce82b4":170,"695a2b92":163,"09f0db62":196,"a58bf525":170,"2c5c1dc0":161,"e45b4b53":162,"5270f158":165,"71ff66e8":174,"fce3c5c6":161,"0149e11a":152,"7be025ce":171,"c8dc010f":175,"ab7467de":187,"7043382d":170,"6d339d45":150,"af157d29":169,"15620dca":189,"57540cc3":176,"6143f39d":176,"72d7b461":186,"d1715f3b":186,"0fc5ac7e":193,"5747db6e":187,"f2f58418":161,"0bd93cfd":142,"cbb54a0a":158,"fb7482fe":173,"ef1c2dcb":170,"2154b6e8":165,"201cafad":170,"2045d7d6":172,"62d1d346":160,"3b2dee89":168,"e4c312fe":174,"e6ec8cbf":186,"e0e48a2d":172,"e382ec3f":160,"50c468ba":167,"10ec5a0b":161,"d7cb9bcf":160,"7a4c064c":184,"ef91eaae":157,"7e95c5a0":180,"c510bfd3":185,"e57d5cda":164,"6c524f99":182,"cfafcda8":164,"c1bb74f2":166,"2352c8ef":176,"78b97937":187,"f883d582":158,"4ee62a26":161,"61f25dd4":193,"0d5ee801":166,"66b7b5b4":169,"0c0e98ea":164,"c8977844":171,"05642105":178,"a533489b":189,"e36dfd6f":175,"e0e6a097":166,"3d1af513":184,"2d1e1e9d":175,"1138796e":182,"5ee911b5":158,"b8397293":162,"2cce4fb2":178,"26009d3f":157,"5a0ead91":153,"eed20185":189,"820225e4":149,"b2a8761b":162,"13f0e139":160,"baebb391":186,"d8475b95":149,"cbad3b92":198,"3e602573":172,"f1098793":170,"61d4782d":169,"68562193":175,"6df0b2e8":192,"0ecfa1c9":160,"af034fee":187,"4911acad":141,"e4714415":194,"d957f027":173,"44a4f7cd":175,"b88033fd":182,"d5557fb4":178,"4ed01268":164,"bd984a8e":159,"655954ba":165,"53431634":197,"0dad37d5":175,"ebdbf580":180,"e0154608":176,"f121b82c":179,"ec11fe5f":146,"5ef93e5d":149,"f3a0c2ee":172,"d8e58a8c":193,"7c0a2db6":170,"b2cfdbcf":163,"a851891c":166,"74c26380":191,"72b84094":201,"547903ef":175,"3007f31f":162,"18d20aa1":180,"ca7d47f7":177,"82868763":166,"6ce84ff8":156,"2c5c1dc0":162,"60e855ee":187,"1951480c":155
1604737640103,"842c8340":162,"57540cc3":177,"794f652b":190,"d3e84616":173,"3f65f121":185,"272c7672":181,"6a3eaf43":184,"51f57142":170,"01d817b8":148,"bca2d7cd":167,"508aac3d":181,"4d35385e":164,"18815a1b":167,"4bcd4a30":178,"a6626a13":161,"d3a669ac":185,"60d6cee2":172,"b230e8d3":172,"3a1d1632":150,"76f3a3be":176,"8d04852b":168,"a1370ab0":170,"31f6ba51":158,"789bd484":166,"cb6c9e42":195,"93fdbb44":164,"37fbb107":179,"47d27624":163,"bad1a1cc":169,"8a52882e":175,"71ff66e8":175,"7ee148e9":169,"17b08923":170,"159ffd0b":167,"69f3bfcc":166,"e81834aa":196,"013ee301":163,"06ddafc7":156,"315537b2":179,"01d817b8":149,"9ab755d3":161,"ef8321d8":178,"70c1e715":177,"945b63f0":189,"0fc5ac7e":194,"4469c815":145,"8cd78f77":178,"9a467a82":178,"4bcd4a30":179,"ec2cb1af":179,"7db3edda":171,"835358a0":166,"07fc4a9a":182,"9e878ec2":184,"c4aa1e38":149,"e0e6a097":167,"f9c15fcc":164,"b4fdf90e":185,"1ff8c2fc":180,"b377a62a":159,"742f1425":179,"8eb64769":181,"baebb391":187,"4febf7c5":171,"812b4f15":156,"26c6fa34":160,"b2bd8fd3":154,"08a06557":195,"cd421290":169,"540df50f":175,"71279c46":168,"5a734022":158,"5f6613c8":161,"e4714415":195,"31f6ba51":159,"13747b82":179,"cb4f262b":162,"d929098e":145,"6ee92259":185,"aa187e3b":174,"7735c3c2":166,"0d770b97":169,"e356abf1":180,"07f98660":183,"d4ee22a4":179,"385ab7c6":177,"e57d5cda":165,"0d28db94":162,"753ca352":174,"9496f56f":176,"a567ace4":172,"b8488fc8":177,"a59a8290":176,"f4b2f575":162,"77bae750":167,"97e75c19":182,"8ec3834d":186,"66d94227":169,"650bb0e0":169,"77f31bab":187,"09ff339a":150,"c95719e5":159,"dc583e64":183,"71ff66e8":176,"3a204e56":174,"22aeaf03":175,"836701f6":172,"4b3e3b1c":180,"9d0546ac":161,"805af3c7":175,"7e76c93c":176,"2b3c49b9":173,"638cb163":198,"4c39240e":187,"868cda42":172,"a8726d50":157,"430a5db5":180,"61f25dd4":194,"26ed1a5c":174,"902f49f5":170,"30d84dce":151,"30fdcd3b":175,"f2ca27d9":187,"945b63f0":190,"6cba74ce":155,"ec2cb1af":180,"7db3edda":172,"3f65f121":186,"ef1c2dcb":171,"b5763ff6":162,"9de29816":152,"92efd84f":171,"09560615":157,"7028b044":169,"eb7b4e29":168,"cfafcda8":165,"f5e8dfee":184,"fe8f3d36":169,"be3a10f8":192,"a901627e":168,"6e44927f":172,"71ba7561":152,"2dd0e808":166,"ec110282":200,"da04caac":187,"71e53c93":176,"5a07fc2e":151,"8aa78e2f":159,"1f88a4b7":193,"6a60348e":163,"95f6db13":175,"11888cfa":160,"6d802fa2":157,"8f2a7d69":168,"b35e9e1a":207,"3a1b9af5":173,"ea274174":179,"1ff8c2fc":181,"7a6aa4b6":171,"c4aa1e38":150,"59c1e594":163,"a43061ee":161,"73b15e04":174,"ac62fac2":189,"aefe13f5":181,"a5aee5de":199,"23080895":161,"b3863630":170,"d34a29b9":186,"5e193fc8":182,"90a06ee9":178,"655954ba":166,"06ee61b6":154,"4e3f5178":186,"df81ddee":156,"5a622a23":175,"5774ac0d":186,"e9a8cf11":174,"5a734022":159,"a2c334e7":191,"ee75b607":162,"6c20c153":171,"cb4f262b":163,"d815c5b4":203,"935ec056":161,"f56ac638":152,"00cf385d":185,"1dad0f99":163,"385ab7c6":178,"0d28db94":163,"c803b4a3":170,"869cbaa0":187,"e4cfef0a":167,"0d7d88f1":174,"5ac86fb9":178,"5eaa1581":168,"c4bff41f":189,"36684155":178,"90d52475":176,"8a52882e":176,"1a0189c4":168,"ccf8b803":180,"d957f027":174,"5099c6a0":192,"f6fe095d":182,"3f2522c2":186,"b935fc1c":171,"d599b566":184,"1da771fb":173,"2203f259":180,"9ceb5439":159,"26dd2000":189,"07107f6e":177,"14c682eb":156,"5fa12feb":178,"3fdb08f5":172,"f734c84c":193,"49b358bd":178,"3b7763b1":156,"aa021138":189,"5f620a1e":173,"92f800f5":178,"ffc86f94":159,"d70ca4f4":189,"1e191c98":155,"5272520d":178,"40a745c0":175,"3f9b5722":159,"c3e6ef01":172,"8db62558":173,"88432019":164,"3661e12d":169,"4469c815":146,"6143f39d":177,"26c390d6":180,"175bc6b2":153,"98915a1f":157,"08c6b5d2":174,"835358a0":167,"affb82bf":188,"a0685bf3":190,"2bcca6a7":192,"55928ef1":170,"0e2b5d2f":176,"cd522166":184,"9a07d89b":159,"a59a8290":177,"74c26380":192,"d5dae4c4":192,"71ba7561":153,"3c0df8b4":188,"aa76bc50":141,"a5fd8ffd":176,"3f75d3bc":193,"cbb54a0a":159,"2180f99b":168,"0bd93cfd":143,"de6213c7":172,"b2703001":181,"1db42092":183,"8d753bb6":175,"a3d4a0e5":188,"de36827b":191,"b552beb3":184,"e7e82473":197,"1b153aef":180,"9260d96b":197,"358e45b1":165,"288afc30":179,"5f8517b7":197,"d0b297b2":157,"b4fdf90e":186,"064a99c8":175,"b6aaf976":175,"13f0e139":161,"27c8e038":187,"be1746a0":171,"2198ba8e":165,"03dcfa3d":169,"80a8a56d":171,"c5b35e4d":157,"f2086446":164,"c7313e0a":188,"e9679ede":173,"06ee61b6":155,"f33c0140":175,"7f6d1d0e":186,"1bb4ccc0":171,"c0b23081":195,"abad2347":181,"6775d5cd":172,"730a4938":158,"e356abf1":181,"abd32136":183,"8ac72326":174,"7a840529":168,"e4cfef0a":168,"869cbaa0":188,"8cddb65e":174,"6df0b2e8":193,"5f6613c8":162,"725dce8b":183,"031e488e":185,"71279c46":169,"51f80f4c":199,"5f7d7195":171,"2b3e4717":175,"fb7b7b3c":197,"8274885a":172,"836701f6":173,"f1dffa24":156,"d1676e89":173,"82868763":167,"b1f58563":169,"93fdbb44":165,"8a52882e":177,"6adce358":190,"842c8340":163,"0670c466":165,"6490bac6":166,"d9d7c4c2":175,"f8b31ce5":196,"3007f31f":163,"c8dc010f":176,"2045d7d6":173,"37a7d5b0":171,"a851554d":173,"a0cca8b7":160,"e32524d6":163,"9a80f004":177,"a81a857c":162,"719c8869":187,"ccb5ea3e":154,"f1b493de":196,"1e7753d9":186,"66b7b5b4":170,"12dd6f5e":152,"d2a841c9":169,"4f59a322":177,"6034b6d0":180,"82204d54":164,"dd3913d2":168,"be3a10f8":193,"ec11fe5f":147,"2a4a402a":163,"0f89862c":149,"a8c93bed":170,"69eeae0d":157,"7896b953":184,"aa867541":165,"7ae34c64":166,"f5596d0f":178,"6143f39d":178,"09560615":158,"7d6895f4":180,"70c1e715":178,"be4f8ba8":159,"bca2d7cd":168,"f069bb07":164,"2c627253":171,"b947257e":176,"cbb54a0a":160,"b5763ff6":163,"de36827b":192,"b552beb3":185,"6d802fa2":158,"0be540c5":183,"3c782bb3":173,"489a39f7":170,"e81834aa":197,"4ba6eb36":166,"792c9b6a":166,"0cb80f4a":172,"cfe72ead":162,"b4fdf90e":187,"82b81567":153,"49bf2e95":162,"59c1e594":164,"e6fac295":167,"458dcc3d":185,"ad8f85d6":187,"e8d74304":165,"87ce8d1d":150,"0f72f2d8":174,"40a745c0":176,"66497c7e":167,"0c043224":185,"0c0e98ea":165,"a4296d1e":165,"a836aa93":168,"06ee61b6":156,"80a8a56d":172,"e1618359":177,"470d50c2":178,"bd984a8e":160,"d9d0c567":176,"616d6dd6":172,"fd482491":198,"ee75b607":163,"1757a30e":161,"ee21ad02":193,"7f6d1d0e":187,"c0b23081":196,"e382ec3f":161,"e6ec8cbf":187,"4d9b0b10":172,"60d6cee2":173,"5ac86fb9":179,"3a1d1632":151,"8d04852b":169,"0ecfa1c9":161,"51f80f4c":200,"095ab3b4":172,"695a2b92":164,"a58bf525":171,"95d3d348":163,"2203f259":181,"dc583e64":184,"971675c5":178,"a1370ab0":171,"31d74eee":165,"97e75c19":183,"50d129cf":166,"2b3e4717":176,"6e98dfda":172,"d1fe2868":188,"a983a6dc":161,"ded7da5a":180,"70594a28":177,"4295ce9a":170,"4777334c":170,"fce3c5c6":162,"f734c84c":194,"a33fe0dd":179,"6bc5d32a":193,"e5d3655c":194,"3ef7432b":184,"a0cca8b7":161,"04ea5673":170,"25776fc4":176,"9bdf362a":178,"9aa6a054":177,"7218c9f1":162,"753ca352":175,"ef14000f":189,"c38c2b52":164,"d4ee22a4":180,"0042f6eb":165,"13b53c7a":174,"fef750ca":173,"a59a8290":178,"7af262e5":192,"1745a0f4":177,"c1bb74f2":167,"f5596d0f":179,"4469c815":147,"6de0aaac":161,"09560615":159,"18815a1b":168,"3661e12d":170,"26c390d6":181,"3454fa2b":159,"3062379b":167,"aa5dfdf5":172,"2180f99b":169,"d0d6acb1":179,"8cf83787":162,"a6bcb07e":177,"69f3bfcc":167,"b2703001":182,"54a676d6":163,"45fb95c1":176,"411b5027":157,"608bc832":149,"50312237":177,"b35e9e1a":208,"379184a7":195,"336d0f08":182,"408bb2ed":174,"64a7f79f":181,"2e99f8fd":164,"b6aaf976":176,"ae8a09c4":174,"742f1425":180,"d82592f4":179,"f1098793":171,"2c24d929":182,"778c95e9":170,"cbb54a0a":161,"5272520d":179,"026766f3":172,"0841052c":191,"26ed1a5c":175,"0d5ee801":167,"a4f1d83b":159,"94a2fe10":187,"c382f054":184,"a4296d1e":166,"acac14fb":166,"be2955bb":175,"754f98c9":187,"ebdbf580":181,"ab7d4c9a":161,"00a481e3":183,"3a291497":158,"f905a555":162,"a0cf08b3":138,"e865e4dd":162,"810aa5e9":185,"69eeae0d":158,"1c0a9eff":163,"9d4f1fe6":165,"1bb4ccc0":172,"8bc04eb5":175,"1a442bc7":156,"67d30f2b":171,"ae99df30":159,"31f6ba51":160,"5099c6a0":193,"0b3283c9":178,"09ff339a":151,"5270f158":166,"95d3d348":164,"3712c4bd":155,"a6003226":170,"bb8a6337":160,"64db4feb":192,"c9efc8f6":167,"4911acad":142,"6632fed0":176,"44a4f7cd":176,"e99318a3":177,"c6c85783":182,"1b881e6e":176,"d5557fb4":179,"cf775f58":182,"b6ee137a":172,"0149e11a":153,"0f029727":166,"27d8bf51":167,"0a2f71bc":160,"bc09fa9e":176,"a81a857c":163,"ca7d47f7":178,"ab7467de":188,"5fa12feb":179,"37a7d5b0":172,"f4343817":176,"57167c74":164,"d6f0d94a":175,"0670c466":166,"7566fdd6":172,"cb142908":159,"30b6808c":162,"6a5b71b4":164,"f7231212":169,"c803b4a3":171,"2ce1af05":152,"a8c93bed":171,"8007f30e":151,"e35a63cd":176,"9b546d65":165,"dc0c8b09":187,"be3a10f8":194,"78467b8a":181,"315537b2":180,"4d35385e":165,"53a8613c":189,"21ee2afe":184,"88432019":165,"778c95e9":171,"18815a1b":169,"aa5dfdf5":173,"8dd2684c":176,"98915a1f":158,"c7ab83c1":155,"013ee301":164,"3310a049":175,"26009d3f":158,"6291e9e9":185,"0d2c95fe":168,"88a30343":176,"11888cfa":161,"d33790a2":205,"1ff8c2fc":182,"00554ffd":181,"34658473":164,"408bb2ed":175,"12a2cd4b":165,"7a2f3f06":166,"eb7b4e29":169,"7db3edda":173,"aaa274a5":171,"6751d8e4":184,"dbd2f139":174,"026766f3":173,"93683c82":168,"40a745c0":177,"5ccf94d6":169,"8db62558":174,"5cd3cfe0":159,"0da28f5b":188,"3498f223":173,"9b172ca8":153,"34c5c729":169,"c4feee5b":171,"ab7d4c9a":162,"65e4235b":174,"7c0a2db6":171,"08a561b7":167,"f789f6d8":165,"d5dae4c4":193,"3a291497":159,"aa76bc50":142,"00cf385d":186,"1bb4ccc0":173,"bec9d329":191,"8bc04eb5":176,"1c0a9eff":164,"ad2d7bed":183,"e356abf1":182,"03c398d2":176,"4f5e3e7d":160,"c6e3d352":176,"12271e14":184,"13f0e139":162,"2d382981":165,"a43061ee":162,"d1676e89":174,"312f7676":184,"095ab3b4":173,"8dd649a3":172,"9f5e6cba":185,"e9a8cf11":175,"540df50f":176,"71279c46":170,"4125085e":177,"5e09f69e":198,"2ab62345":164,"7e15f8e8":177,"4b4ecbce":157,"72b84094":202,"b6ee137a":173,"9a80f004":178,"3bad3c95":151,"7be025ce":172,"77898c22":149,"65a00a3c":170,"913a6226":180,"fb8bfb36":187,"cc6bbe45":168,"1623fc9f":170,"6b9eff39":165,"92f800f5":179,"4def63ee":157,"77bae750":168,"1634789b":163,"1a0189c4":169,"527ff946":177,"6e98dfda":173,"5f7d7195":172,"d5059415":168,"c803b4a3":172,"d7cb9bcf":161,"6034b6d0":181,"e4cfef0a":169,"4d9b0b10":173,"95539a58":164,"13b53c7a":175,"b8488fc8":178,"7fdc2007":158,"1105f790":200,"7bda83dd":164,"f2e3c0e3":153,"bd62d7ed":162,"fd6dcb20":173,"af157d29":170,"9c045c61":175,"dfa1a89b":167,"08c6b5d2":175,"836701f6":174,"93ac9ca3":173,"6ce84ff8":157,"f044c0e1":170,"4945c851":185,"69f3bfcc":168,"d6db2b02":180,"6c73ae98":149,"a24e6670":176,"28d41578":180,"d0e9a58e":178,"8f2a7d69":169,"9e878ec2":185,"d82592f4":180,"cfe72ead":163,"bc392d1c":157,"ef1c2dcb":172,"3661e12d":171,"84b767be":197,"d1715f3b":187,"2a06ab95":191,"0bd93cfd":144,"2180f99b":170,"3c6692a3":190,"8db62558":175,"381c68fa":178,"1e7753d9":187,"40a745c0":178,"dae0f922":175,"f883d582":159,"58d46189":186,"bca2d7cd":169,"4bc46d7a":165,"aa867541":166,"61145ec9":184,"6023df54":167,"74c26380":193,"b28a5e67":197,"da04caac":188,"d0c0fc08":152,"1ff8c2fc":183,"a636f4c9":185,"2e99f8fd":165,"f1098793":172,"3e602573":173,"13f0e139":163,"01cd8099":183,"227006e4":174,"5a734022":160,"6df0b2e8":194,"dc473de1":157,"5f6613c8":163,"9b3f8714":173,"685207b3":172,"ab7d4c9a":163,"2e3503e4":181,"0dad37d5":176,"c4feee5b":172,"0da28f5b":189,"34c5c729":170,"2b3c49b9":174,"44ff8baa":166,"7be025ce":173,"a851554d":174,"9bdf362a":179,"5a622a23":176,"c8fcad77":158,"a0cca8b7":162,"6b9eff39":166,"ca7d47f7":179,"0f029727":167,"d25e0f8d":199,"92f800f5":180,"62d1d346":161,"c93c3508":151,"d5557fb4":180,"a1921150":186,"97e75c19":184,"91d52a55":171,"54d7de6b":192,"dffa7793":147,"fea793f5":177,"1bb4ccc0":174,"d929098e":146,"11b74e63":170,"b3f19a69":163,"d83294cd":161,"7a840529":169,"ba938220":173,"753ca352":176,"cf9f4757":167,"4930f321":161,"95539a58":165,"1745a0f4":178,"fef750ca":174,"bd62d7ed":163,"eb2e1983":167,"7af262e5":193,"6c486702":181,"05f6ab35":178,"a9b1bd51":134,"e15fd611":163,"cf775f58":183,"51f57142":171,"3a204e56":175,"f5cd79c1":181,"93ac9ca3":174,"c564e316":178,"2c5c1dc0":163,"f2470875":187,"b769bdfb":166,"90731976":160,"e36dfd6f":176,"59431390":167,"411b5027":158,"28d41578":181,"a24e6670":177,"8d753bb6":176,"9de29816":153,"3661e12d":172,"ec2cb1af":181,"affb82bf":189,"945b63f0":191,"be4f8ba8":160,"0d5ee801":168,"9316e7e8":143,"ddec9e54":173,"c8977844":172,"74f234c6":207,"c3e6ef01":173,"655941a0":182,"0bd93cfd":145,"72d7b461":187,"ea822700":172,"4bcd4a30":180,"aec074c4":181,"0d2a1c58":166,"83b2f9c5":175,"00a481e3":184,"4abb7aed":171,"3c0df8b4":189,"91f7ef72":162,"f905a555":163,"5f0c1b9d":180,"84b67924":173,"fe0df575":187,"0cb80f4a":173,"ae8a09c4":175,"5ee911b5":159,"23080895":162,"d0e9a58e":179,"946df4fd":198,"36fb15d2":190,"3e602573":174,"6585adbe":150,"c6e3d352":177,"8f2a7d69":170,"b2bd8fd3":155,"03dcfa3d":170,"5774ac0d":187,"7af9d3b1":169,"12534561":174,"b3863630":171,"a3253019":164,"e1618359":178,"b215547b":160,"9267f0ef":184,"cb51f134":179,"34c5c729":171,"6490bac6":167,"cd421290":170,"fce3c5c6":163,"e2cbe594":176,"4eed1bea":176,"caddd0a7":179,"e5d3655c":195,"4295ce9a":171,"efd23af5":159,"0b959527":164,"85de05f2":172,"2af60749":175,"e786063b":185,"b7505747":174,"13747b82":180,"51f80f4c":201,"540df50f":177,"a2c334e7":192,"f0a06216":178,"04cc7cbe":164,"d815c5b4":204,"ee21ad02":194,"d83870f5":167,"93b0a158":188,"95d331b1":164,"0d28db94":164,"cf9f4757":168,"91536e85":180,"ac030e74":165,"597c1f81":175,"c38c2b52":165,"385ab7c6":179,"0f89862c":150,"7fdc2007":159,"5f4102da":177,"a0685bf3":191,"c1bb74f2":168,"7e15f8e8":178,"77bae750":169,"bad1a1cc":170,"2a387957":169,"d1fe2868":189,"e99318a3":178,"c98d5272":167,"363590c7":190,"1da771fb":174,"971675c5":179,"27f52ed3":202,"42191b64":150,"25635c37":154,"c95719e5":160,"1f88a4b7":194,"7732eb1e":190,"30fdcd3b":176,"f1b493de":197,"142d6987":171,"5ccf94d6":170,"8db62558":176,"94a2fe10":188,"be40590d":182,"7080f122":162,"be4f8ba8":161,"affb82bf":190,"30dd2edc":170,"15620dca":190,"dd7acb96":179,"eeaa2d46":191,"51f57142":172,"8657c79d":171,"3062379b":168,"78b97937":188,"733c86f8":181,"3101354b":151,"537634c9":154,"4abb7aed":172,"fafb4cc2":222,"ae016053":204,"3c0df8b4":190,"731fc335":155,"cbb54a0a":162,"84b67924":174,"4bcd4a30":181,"ea822700":173,"8b2b601d":181,"f277386e":151,"6a60348e":164,"0114160e":167,"88a30343":177,"06073f13":185,"812b4f15":157,"d0e9a58e":180,"6be9332a":157,"336d0f08":183,"c609739e":180,"c7c4ec5c":162,"a5aee5de":200,"35b58ef9":156,"3a1b9af5":174,"8eb64769":182,"db0a661e":167,"8245f916":165,"04612878":191,"69134f07":161,"1a2c020b":180,"8e99d5d0":202,"5e193fc8":183,"7f86be64":172,"d548635d":175,"4c4aa2e2":172,"5c82d1ce":170,"c8dc010f":177,"76f3a3be":177,"a6003226":171,"c9efc8f6":168,"bfcb912a":173,"9b3f8714":174,"5eab91a0":184,"dffa7793":148,"cb4f262b":164,"a6b5e869":177,"93b0a158":189,"0d770b97":170,"54d7de6b":193,"2ce1af05":153,"e4cfef0a":170,"a85d89cc":171,"cc5a1d47":165,"bc3dc66a":172,"4125085e":178,"47d27624":164,"254cc28c":178,"90d52475":177,"815e4582":185,"a9b1bd51":135,"789bd484":167,"f66616b7":175,"263762cb":160,"e238f09b":186,"2203f259":182,"ea9bba6b":174,"dc583e64":185,"6ce84ff8":158,"8e4c33d2":164,"e2cbe594":177,"9e65c0ef":173,"c0b0f492":185,"18d20aa1":181,"4fd645f1":173,"44ff8baa":167,"51c57542":181,"5f620a1e":174
1604737641053,"1bc0591f":170,"ffa08d82":172,"9b546d65":166,"77bfed7e":174,"30b6808c":163,"afe8e06a":153,"3fdb08f5":173,"33d6bb6a":169,"0042f6eb":166,"c6dc900c":146,"2352c8ef":177,"a901627e":169,"781ace7d":170,"71ba7561":154,"c91966ce":165,"d9a64845":171,"7896b953":185,"d9d0c567":177,"913a6226":181,"04ea5673":171,"ffc86f94":160,"30fdcd3b":177,"467773ac":168,"5272520d":180,"d634aa28":179,"dae0f922":176,"e62d705f":164,"31408822":164,"f0a06216":179,"fea793f5":178,"51a3e9c2":168,"1bb4ccc0":175,"1757a30e":162,"00cf385d":187,"290b4714":175,"00a17b46":172,"b9be31d6":186,"e4cfef0a":171,"c38c2b52":166,"77bfed7e":175,"6034b6d0":182,"91536e85":181,"06ee61b6":157,"2e3503e4":182,"b2c25d1c":167,"754f98c9":188,"a3253019":165,"168e75d9":175,"3498f223":174,"5fa12feb":180,"e2a7d915":151,"7d112f4d":184,"70594a28":178,"6b9eff39":167,"0a96f57a":172,"859545e6":163,"4295ce9a":172,"aab4d996":168,"4777334c":171,"7be025ce":174,"65a00a3c":171,"8b5a8e9f":181,"8063df14":184,"8f10fa42":201,"fef750ca":175,"a567ace4":173,"dc0c8b09":188,"33d6bb6a":170,"26009d3f":159,"b552beb3":186,"2cce4fb2":179,"49910300":156,"1438fad7":174,"e36dfd6f":177,"6a60348e":165,"a43061ee":163,"c4aa1e38":151,"fa55f27a":180,"ae8a09c4":176,"aa00769b":189,"cd95f558":174,"f1098793":173,"4ac6bd4e":163,"17807120":168,"02d4753e":193,"ac62fac2":190,"82b81567":154,"6f0fcb9d":179,"cac4449a":169,"71e53c93":177,"d5dae4c4":194,"28654c76":184,"52eca0dc":174,"b28a5e67":198,"7ae34c64":167,"012de09c":170,"04ea5673":172,"b7505747":175,"3b690f68":187,"d70ca4f4":190,"0c0e98ea":166,"cf1124db":164,"66497c7e":168,"ca6d2d91":173,"dae0f922":177,"09560615":160,"ea9bba6b":175,"5781776a":171,"437fc3ec":188,"8e4c33d2":165,"b935fc1c":172,"8dc9b4db":179,"3f2522c2":187,"f0a06216":180,"87c462ee":183,"3b2dee89":169,"04cc7cbe":165,"bf30a08f":190,"6b82b527":178,"ba586505":181,"07f98660":184,"bd984a8e":161,"a4296d1e":167,"dcf85091":154,"06ee61b6":158,"8e99d5d0":203,"c85a0d80":172,"f121b82c":180,"72b84094":203,"20777945":169,"07107f6e":178,"44ff8baa":168,"547903ef":176,"201cafad":171,"4eed1bea":177,"fce3c5c6":164,"b320feb9":177,"cf9f4757":169,"629800eb":187,"ffa08d82":173,"d83294cd":162,"9a467a82":179,"f87c5031":179,"b9a48a5c":153,"51f57142":173,"9de29816":154,"d1715f3b":188,"84b767be":198,"d552eb2f":181,"2f455cce":164,"284544ba":162,"f069bb07":165,"0bd93cfd":146,"c793cdda":173,"c38c2b52":167,"0785820e":171,"a0685bf3":192,"6c486702":182,"78b97937":189,"be3a10f8":195,"f2e3c0e3":154,"4c0e547b":186,"f67de058":178,"0d2c95fe":169,"32c9fc47":177,"69f3bfcc":169,"17b08923":171,"45fb95c1":177,"489a39f7":171,"1be05c14":181,"dd1fcb17":162,"6be9332a":158,"d0e9a58e":181,"458dcc3d":186,"fe0df575":188,"aefe13f5":182,"35b58ef9":157,"5acaa06f":146,"ae8a09c4":177,"b35e9e1a":209,"f9c15fcc":165,"64a7f79f":182,"45b038bb":204,"4ac6bd4e":164,"d9d0c567":178,"0a1d11e6":163,"65e4235b":175,"d8e58a8c":194,"db8ba455":173,"ba30e43a":187,"b7505747":176,"25776fc4":177,"37a7d5b0":173,"a81a857c":164,"cc11fef9":185,"66497c7e":169,"a4f1d83b":160,"7cd0ad7b":173,"180377be":169,"8942c35b":172,"61f25dd4":195,"74c26380":194,"e865e4dd":163,"f94bf9ea":166,"aa9ea5e8":153,"540df50f":178,"c4bff41f":190,"dcfaba4c":174,"bb8a6337":161,"b7cc7909":191,"c6c85783":183,"394dc144":163,"25d1b2d8":177,"f2364460":171,"e99318a3":179,"650bb0e0":170,"5f7d7195":173,"f6fe095d":183,"8e4c33d2":166,"2203f259":183,"8dd649a3":173,"016953e4":186,"5781776a":172,"6085137f":165,"9cb4697f":187,"677c6a09":190,"5acce642":175,"fea793f5":179,"88ce179e":186,"d815c5b4":205,"d929098e":147,"501db4de":173,"34c5c729":172,"b3863630":172,"ab7d4c9a":164,"e1618359":179,"0a92153e":176,"0da28f5b":190,"547903ef":177,"4295ce9a":173,"7d112f4d":185,"fb8bfb36":188,"621d6b18":178,"ec2cb1af":182,"affb82bf":191,"22176537":173,"3661e12d":173,"af157d29":171,"6143f39d":179,"4d35385e":166,"22234d6b":182,"f069bb07":166,"d0d6acb1":180,"6a3eaf43":185,"50c3164b":192,"2c627253":172,"2f455cce":165,"87cd2add":155,"d7cb9bcf":162,"7566fdd6":173,"10ec5a0b":162,"4d9b0b10":174,"8fb236a9":156,"82204d54":165,"eb2e1983":168,"b2703001":183,"a3d4a0e5":189,"54a676d6":164,"f277386e":152,"a4dafea5":171,"d36125db":179,"59431390":168,"ad8f85d6":188,"608bc832":150,"f1098793":174,"4ea4a2a1":188,"24d24fa3":162,"c27969ec":165,"1bd5b20b":188,"c6e3d352":178,"a533489b":190,"792c9b6a":167,"cf52025e":169,"481754fc":150,"6f0fcb9d":180,"8c6e001f":145,"78b97937":190,"9d023afb":172,"8063df14":185,"c6dc900c":147,"a8c93bed":172,"dc03ebd2":187,"8db5a165":167,"aa76bc50":143,"ab7467de":189,"da3437cd":164,"21ad2f34":180,"014460b9":195,"259930ee":178,"3bad3c95":152,"7043382d":171,"65a00a3c":172,"2045d7d6":174,"57167c74":165,"8db62558":177,"61f25dd4":196,"ca6d2d91":174,"4360a1a3":189,"902f49f5":171,"1f11812e":185,"bb98a6cf":192,"5ef93e5d":150,"83b2f9c5":176,"a472532e":159,"aa9ea5e8":154,"227006e4":175,"42c80e69":189,"60d6cee2":174,"bfcb912a":174,"61d4782d":170,"288a2c43":169,"9d63c4dd":176,"77bae750":170,"5f7d7195":174,"c81b2bcf":156,"9ceb5439":160,"bad1a1cc":171,"36b7003c":203,"28654c76":185,"f6fe095d":184,"3e082b37":165,"e45b4b53":163,"2203f259":184,"eda6a690":168,"93b0a158":190,"5acce642":176,"d1d40c9c":186,"bec9d329":192,"1757a30e":163,"e6ec8cbf":188,"b0869206":179,"4e3f5178":187,"ab7d4c9a":165,"9267f0ef":185,"e1618359":180,"c85a0d80":173,"168e75d9":176,"4b4ecbce":158,"201cafad":172,"12dd6f5e":153,"15620dca":191,"f2ca27d9":188,"0e036ae9":188,"1d153b20":179,"51f57142":174,"ef8321d8":179,"d3a669ac":186,"9147702f":153,"f271ed5d":171,"0fc5ac7e":195,"383e232d":172,"b7832271":189,"7e991ab9":140,"9496f56f":177,"10ec5a0b":163,"d83294cd":163,"d4ee22a4":181,"8fb236a9":157,"a85d89cc":172,"faf4f98b":180,"fb7b7b3c":198,"6d61bf13":163,"1438fad7":175,"05642105":179,"8d753bb6":177,"2d1e1e9d":176,"6c73ae98":150,"b36a0d66":160,"07fc4a9a":183,"03c398d2":177,"d8475b95":150,"d0c0fc08":153,"8323d333":159,"d82592f4":181,"59c1e594":165,"d33790a2":206,"87922532":197,"fe0df575":189,"792cfcbd":174,"0cb80f4a":174,"0f72f2d8":175,"b35e9e1a":210,"49bf2e95":163,"0042f6eb":167,"8b5a8e9f":182,"8721056e":162,"78b97937":191,"55928ef1":171,"dfcc2ad1":195,"fef750ca":176,"3ef7432b":185,"0149e11a":154,"d25e0f8d":200,"feb67030":165,"7bebff03":174,"df81ddee":157,"fce3c5c6":165,"aa021138":190,"3fdb08f5":174,"7e76c93c":177,"44c77422":177,"e32524d6":164,"b7505747":177,"94a2fe10":189,"5ccf94d6":171,"30fdcd3b":178,"c2bb8aae":165,"c8977844":173,"751bcf25":168,"467773ac":169,"fe44fc6f":161,"08a561b7":168,"be149c6f":155,"bb8a6337":162,"5774ac0d":188,"ed4fad08":181,"3c18f28e":167,"af034fee":188,"6632fed0":177,"44a4f7cd":177,"8a52882e":178,"a983a6dc":162,"bad1a1cc":172,"9ceb5439":161,"6adce358":191,"b8ab8e6e":171,"345c9967":165,"f789f6d8":166,"a15713c6":195,"da04caac":189,"a472532e":160,"c564e316":179,"54d7de6b":194,"a502c93c":161,"20811ddf":175,"9cb4697f":188,"e4117b3b":156,"d929098e":148,"e356abf1":183,"80a8a56d":173,"1a2c020b":181,"d548635d":176,"0da28f5b":191,"a836aa93":169,"7f86be64":173,"c382f054":185,"12012fbd":160,"6d5fcd4c":168,"ec2cb1af":183,"9e206c95":194,"0277d748":184,"315537b2":181,"416a9e97":164,"8cd78f77":179,"2a06ab95":192,"6a3eaf43":186,"3062379b":169,"884b0ad1":168,"70c1e715":179,"b947257e":177,"056ea7ff":189,"ac030e74":166,"d7cb9bcf":163,"af7e5be8":174,"91536e85":182,"00a17b46":173,"82204d54":166,"cf9f4757":170,"20958d58":161,"a8c93bed":173,"7af262e5":194,"9d023afb":173,"1105f790":201,"e238f09b":187,"dc583e64":186,"5099c6a0":194,"1951480c":156,"095ab3b4":174,"6d61bf13":164,"6d802fa2":159,"90731976":161,"820225e4":150,"11888cfa":162,"4b3e3b1c":181,"1f88a4b7":195,"e8f173b5":176,"56752a4a":163,"a43061ee":164,"4f5e3e7d":161,"12a2cd4b":166,"00554ffd":182,"71bc1295":167,"408bb2ed":176,"358e45b1":166,"ad8f85d6":189,"e6fac295":168,"d0c0fc08":154,"2c24d929":183,"31f6d707":192,"fe0df575":190,"be3a10f8":196,"3ef7432b":186,"a0ce82b4":171,"7d112f4d":186,"20777945":170,"f734c84c":195,"4dac6b20":147,"ca7d47f7":180,"ccb5ea3e":155,"4577b333":176,"c015ec5a":172,"014460b9":196,"ce3bf5db":176,"92f800f5":181,"df2b4d87":163,"142d6987":172,"e9a8cf11":176,"5ac86fb9":180,"17446892":169,"6867261a":177,"6df0b2e8":195,"3c18f28e":168,"42c80e69":190,"93fdbb44":166,"a9b1bd51":136,"90d52475":178,"77f31bab":188,"842c8340":164,"a901627e":170,"3101354b":152,"6e44927f":173,"52eca0dc":175,"781ace7d":171,"2c6cb96f":146,"5f0c1b9d":181,"317c1591":189,"e4c312fe":175,"abad2347":182,"4652b09a":182,"d70ca4f4":191,"f1b493de":198,"3f9b5722":160,"bb98a6cf":193,"381c68fa":179,"ddec9e54":174,"2e3503e4":183,"1a68160d":175,"b2c25d1c":168,"c21ab51e":150,"f3992a31":185,"e1618359":181,"288d171f":179,"bf30a08f":191,"aa187e3b":175,"d815c5b4":206,"789bd484":168,"5a0eb771":167,"6de0aaac":162,"bb99c79c":174,"53a8613c":190,"57540cc3":178,"8547fbc2":167,"3c6692a3":191,"d2a841c9":170,"1f7607df":161,"22ecaed0":171,"b7832271":190,"730338c4":183,"2c627253":173,"92efd84f":172,"b947257e":178,"730a4938":159,"1dad0f99":164,"cc5a1d47":166,"67c57de4":190,"8e4c33d2":167,"014bdff0":175,"e45b4b53":164,"695a2b92":165,"363590c7":191,"5781776a":173,"7732eb1e":191,"0be540c5":184,"0b5a0408":181,"f277386e":153,"95f6db13":176,"e7e82473":198,"aefe13f5":183,"0d2c95fe":170,"5f8517b7":198,"be1746a0":172,"288afc30":180,"74e01f6a":174,"742f1425":181,"d102b0c6":159,"056ea7ff":190,"9c29f0ed":190,"2ce1af05":154,"7218c9f1":163,"0f89862c":151,"c510bfd3":186,"7af262e5":195,"b8488fc8":179,"4c0e547b":187,"c6dc900c":148,"50b558a7":159,"5fa12feb":181,"e2a7d915":152,"7d112f4d":187,"07107f6e":179,"04ea5673":173,"014460b9":197,"9a80f004":179,"913a6226":182,"caddd0a7":180,"37a7d5b0":174,"85de05f2":173,"259930ee":179,"4def63ee":158,"b7505747":178,"31f6ba51":161,"6df0b2e8":196,"76f3a3be":178,"aec4e1bf":177,"74e3d13e":174,"5774ac0d":189,"b230e8d3":173,"b88033fd":183,"39a2fcce":159,"5f0c1b9d":182,"abc1d7ad":193,"5f96c2bc":168,"28654c76":186,"b377a62a":160,"73b15e04":175,"2198ba8e":166,"5acaa06f":147,"804d4dfa":165,"6f0fcb9d":181,"a533489b":191,"3c0df8b4":191,"56473430":184,"810aa5e9":186,"0c0e98ea":167,"1e191c98":156,"1a2ec5d7":190,"9d4da635":158,"f1b493de":199,"ddec9e54":175,"e62d705f":165,"6b78ad7f":174,"d548635d":177,"e7abc88d":158,"501db4de":174,"4b4ecbce":159,"90a06ee9":179,"a3253019":166,"7f6d1d0e":188,"bec9d329":193,"677c6a09":191,"11b74e63":171,"aa187e3b":176,"f56ac638":153,"84369269":150,"1634789b":164,"6adce358":192,"6e98dfda":174,"93fdbb44":167,"12dd6f5e":154,"22176537":174,"53a8613c":191,"a77e8461":177,"36d340f2":156,"2f455cce":166,"4d35385e":167,"7e991ab9":141,"9147702f":154,"f87c5031":180,"3c6692a3":192,"d929098e":149,"014bdff0":176,"578f6e9e":189,"39bbc4bc":179,"8dd649a3":174,"437fc3ec":189,"695a2b92":166,"93ac9ca3":175,"a6bcb07e":178,"b36a0d66":161,"868edcc0":186,"e81834aa":198,"159ffd0b":168,"7a840529":170,"c38c2b52":168,"9aa6a054":178,"ac030e74":167,"ffa08d82":174,"a06a6430":178,"78b97937":192,"53b4e647":170,"478d2d4f":199,"8063df14":186,"cd522166":185,"0042f6eb":168,"20958d58":162,"72b84094":204,"cd421290":171,"93e8cee5":194,"5f620a1e":175,"0a96f57a":173,"2af60749":176,"21e10a2b":173,"d9d7c4c2":176,"3b7763b1":157,"c8dc010f":178,"7e76c93c":178,"b320feb9":178,"28d40296":140,"14c682eb":157,"fef750ca":177,"ef1c2dcb":173,"1f342a00":168,"84b67924":175,"be149c6f":156,"181c3dd5":175,"c64de0c0":155,"76f3a3be":179,"906fdec3":158,"2dd0e808":167,"d9dcdc4b":187,"87922532":198,"07fc4a9a":184,"ae8a09c4":178,"74e01f6a":175,"d0e9a58e":182,"23080895":163,"40569362":188,"7a6aa4b6":172,"71bc1295":168,"b460f030":193,"6f0fcb9d":182,"1bd5b20b":189,"0f72f2d8":176,"0ac825ed":176,"08a4c3f8":179,"45b5746e":176,"b2cfdbcf":164,"ec110282":201,"ae016053":205,"731fc335":156,"cc11fef9":186,"19e9776f":169,"110b1ee3":171,"40a745c0":179,"6e24d88b":159,"bb98a6cf":194,"be40590d":183,"e0154608":177,"c4feee5b":173,"a4296d1e":168,"677c6a09":192,"67d30f2b":172,"47cfba38":160,"74e3d13e":175,"68562193":176,"31d74eee":166,"f66616b7":176,"e99318a3":180,"5339e1e9":188,"ce3407dd":166,"b88033fd":184,"0f1ac912":160,"f2f58418":162,"9c045c61":176,"09560615":161,"a502c93c":162,"bf30a08f":192,"7735c3c2":167,"79be29c8":159,"16b476e9":172,"f6fe095d":185,"2203f259":185,"1951480c":157,"0b3283c9":179,"5623817d":161,"77d35808":154,"b935fc1c":173,"a8871ddf":157,"1438fad7":176,"de36827b":193,"7a4c064c":185,"76f94eda":187,"385ab7c6":180,"ac030e74":168,"f598a332":160,"b215547b":161,"168e75d9":177,"4b4ecbce":160,"fb8bfb36":189,"9a80f004":180,"ecfa8249":182,"1623fc9f":171,"2ad42a9e":193,"a0cca8b7":163,"df2b4d87":164,"f8b31ce5":197,"27d8bf51":168,"b7505747":179,"4295ce9a":174,"11b2c8d9":164,"c38c2b52":169,"7a840529":171,"0e2b5d2f":177,"a66a2d8a":187,"53b4e647":171,"a0685bf3":193,"fef750ca":178,"dfa1a89b":168,"b5763ff6":164,"a6626a13":162,"f3d68430":186,"d6320619":162,"cbb54a0a":163,"aa5dfdf5":174,"172217e5":186,"50c3164b":193,"508aac3d":182,"ea822700":174,"eebc8d43":171,"dfcc2ad1":196,"45fb95c1":178,"0b5a0408":182,"49910300":157,"66554572":143,"064a99c8":176,"ae8a09c4":179,"d102b0c6":160,"c609739e":181,"a0b03218":177,"9260d96b":198,"67f6e4f2":154,"4b4ef7fa":167,"4ac6bd4e":165,"04612878":192,"48655f09":214,"4f5e3e7d":162,"06073f13":186,"8c6e001f":146,"45b5746e":177,"6e44927f":174,"3a291497":160,"5ef93e5d":151,"a15713c6":196,"fafb4cc2":223,"f905a555":164,"3fdb08f5":175,"9bdf362a":180,"75ffea08":174,"026766f3":174,"31408822":165,"9316e7e8":144,"bb98a6cf":195,"0c0e98ea":168,"cd3bbe7e":174,"a8726d50":158,"bc3dc66a":173,"4125085e":179,"71a2a493":142,"97e75c19":185,"76f3a3be":180,"815e4582":186,"1ed46298":186,"a9b1bd51":137,"13747b82":181,"17446892":170,"0f1ac912":161,"9ceb5439":162,"2a387957":170,"bad1a1cc":173,"21ee2afe":185,"4d35385e":168,"51f57142":175,"bf30a08f":193,"677c6a09":193,"6c20c153":172,"11b74e63":172,"e6ec8cbf":189,"91b28f83":177,"312f7676":185,"e238f09b":188,"fb7b7b3c":199,"8dd649a3":175,"1da771fb":175,"8dc9b4db":180,"6085137f":166,"d39724bc":165,"7a4c064c":186,"76f94eda":188,"2ce1af05":155,"9f2b16a7":188,"79f04300":178,"e0154608":178,"c21ab51e":151,"4e3f5178":188,"dcf85091":155,"470d50c2":179,"5fa12feb":182,"805534ac":183,"547903ef":178,"2b3c49b9":175,"b7505747":180,"e2cbe594":178,"53747a91":166,"14c682eb":158,"7043382d":172,"9d0546ac":162,"7e76c93c":179,"c38c2b52":170,"f7231212":170,"597c1f81":176,"faf4f98b":181,"f5e8dfee":185,"8721056e":163,"ccdd1ce6":176,"af0b61ab":177,"bc021def":173,"affb82bf":192,"d1ca5d6b":179,"cbb54a0a":164,"01d817b8":150,"de6213c7":173,"7028b044":170,"eb7b4e29":170,"aa5dfdf5":175,"8f10fa42":202,"7fdc2007":160,"e35a63cd":177,"05f6ab35":179,"831c7b85":172,"66554572":144,"b36a0d66":162,"d36125db":180,"07fc4a9a":185,"0b5a0408":183,"90731976":162,"06ddafc7":157,"064a99c8":177,"b6aaf976":177,"d0e9a58e":183,"ae8a09c4":180,"f9c15fcc":166,"6ebe2354":153,"4febf7c5":172,"792c9b6a":168,"7ae3fc50":158,"9c58dd76":170,"1c3a30c5":180,"1bd5b20b":190,"0cb80f4a":175,"6585adbe":151,"49cb2959":186,"69eeae0d":159,"c91966ce":166,"52eca0dc":176,"fd482491":199,"a5676c24":171,"49b358bd":179,"868cda42":173,"3bad3c95":153,"110b1ee3":172,"d0c104c4":146,"20e470e0":169,"1f11812e":186,"902f49f5":172,"7cd0ad7b":174,"381c68fa":180,"7ae34c64":168,"32133249":178,"5eaa1581":169,"51f80f4c":202,"b7cc7909":192,"0681c48e":188,"bb8a6337":163,"6632fed0":178,"d5557fb4":181,"6e98dfda":175,"f66616b7":177,"449d8475":160,"5a0eb771":168,"aff8e442":175
1604737641646,"34c5c729":173,"f33c0140":176,"fe578280":167,"0dad37d5":177,"79f04300":179,"c382f054":186,"cb51f134":180,"5781776a":174,"3712c4bd":156,"82868763":168,"5099c6a0":195,"6d61bf13":165,"b935fc1c":174,"0b3283c9":180,"cf775f58":184,"a63bddd4":212,"ac38a6a5":186,"eeaa2d46":192,"b946e146":190,"15620dca":192,"0e036ae9":189,"508aac3d":183,"d2a841c9":171,"0bd93cfd":147,"7028b044":171,"88b3bc99":160,"c0e2624b":166,"84b67924":176,"cbb54a0a":165,"27d8bf51":169,"6bc5d32a":194,"40e79dd3":171,"44ff8baa":169,"93e8cee5":195,"e21c6207":172,"d9d7c4c2":177,"c015ec5a":173,"79e4fa1c":175,"2154b6e8":166,"16b476e9":173,"2882a956":169,"1c0a9eff":165,"f56ac638":154,"d39724bc":166,"87c462ee":184,"e356abf1":184,"04ea5673":174,"c0b0f492":186,"0a2f71bc":161,"014460b9":198,"b84a06eb":173,"fb44fa9c":180,"6d802fa2":160,"ce4da56f":169,"868edcc0":187,"bbe71605":159,"de36827b":194,"26c6fa34":161,"c6e3d352":179,"a636f4c9":186,"4febf7c5":173,"45b038bb":205,"f9c15fcc":167,"812b4f15":158,"2d382981":166,"6f0fcb9d":183,"48655f09":215,"db0a661e":168,"4ea4a2a1":189,"1bd5b20b":191,"5ee911b5":160,"d634aa28":180,"2ab62345":165,"7af9d3b1":170,"c9efc8f6":169,"aec4e1bf":178,"a6003226":172,"b7cc7909":193,"6632fed0":179,"5a0eb771":169,"dae0f922":178,"30fdcd3b":179,"b7434f57":136,"751bcf25":169,"58d46189":187,"5272520d":181,"07f98660":185,"76f94eda":189,"d5059415":169,"9c29f0ed":191,"e4cfef0a":172,"2ce1af05":156,"af7e5be8":175,"1745a0f4":179,"cfafcda8":166,"19551bad":161,"b102f7bd":182,"33d6bb6a":171,"e5b1abc6":170,"92ca52b7":187,"6fb4cdda":188,"704bce0d":165,"655954ba":167,"145c7559":168,"c7313e0a":189,"cb51f134":181,"1a68160d":176,"6085137f":167,"09f0db62":197,"93ac9ca3":176,"9a3cc55d":165,"eda6a690":169,"2203f259":186,"5781776a":175,"5339e1e9":189,"e99318a3":181,"1a0189c4":170,"c67979e6":192,"1b881e6e":177,"48efc739":191,"7d6895f4":181,"945b63f0":192,"36d340f2":157,"6de0aaac":163,"b9a48a5c":154,"eeaa2d46":193,"1f342a00":169,"3454fa2b":160,"2c627253":174,"284544ba":163,"2c01e624":174,"2a06ab95":193,"27d8bf51":170,"d25e0f8d":201,"8f9b74b0":169,"ae016053":206,"8db5a165":168,"dc03ebd2":188,"abc1d7ad":194,"313258f2":180,"74c26380":195,"a5676c24":172,"88ce179e":187,"dffa7793":149,"6ee92259":186,"730a4938":160,"d929098e":150,"abad2347":183,"ae99df30":160,"4e5aaaec":158,"a851554d":175,"859545e6":164,"88fa53d6":152,"2ad42a9e":194,"cc6bbe45":169,"85de05f2":174,"3bad3c95":154,"65a00a3c":173,"92f800f5":182,"37a7d5b0":175,"45fb95c1":179,"3c782bb3":174,"6d802fa2":161,"4ff2225d":173,"bbe71605":160,"95bc84f1":157,"95f6db13":177,"87922532":199,"04612878":193,"6be9332a":159,"4cc141fa":148,"1b153aef":181,"a5aee5de":201,"02d4753e":194,"4f5e3e7d":163,"ad8f85d6":190,"b2bd8fd3":156,"67f6e4f2":155,"92d38723":184,"b8397293":163,"761cf820":184,"70c1e715":180,"c793cdda":174,"b230e8d3":174,"d6d61bfc":191,"4125085e":180,"081460bf":176,"a1370ab0":172,"64db4feb":193,"5ccf94d6":172,"7cd0ad7b":175,"c2bb8aae":166,"4360a1a3":190,"0c0e98ea":169,"906632cb":183,"0bfabf48":163,"9fce073c":170,"629800eb":188,"ffa08d82":175,"b73e789c":161,"87083264":192,"cb142908":160,"0e2b5d2f":178,"2a76f1dd":161,"ec11fe5f":148,"92ca52b7":188,"b87158fb":172,"a59a8290":179,"2352c8ef":178,"8942c35b":173,"be2955bb":176,"c382f054":187,"6b78ad7f":175,"dcf85091":156,"4e3f5178":189,"501db4de":175,"312f7676":186,"1da771fb":176,"016953e4":187,"5781776a":176,"5623817d":162,"1e232870":177,"540df50f":179,"0f1ac912":162,"9d9dd9e5":169,"47d27624":165,"5f7d7195":175,"d1fe2868":190,"4ed01268":165,"f4b2f575":163,"d2a841c9":172,"9de29816":155,"dfa1a89b":169,"3454fa2b":161,"ccdd1ce6":177,"dc03ebd2":189,"537634c9":155,"aa867541":167,"3f75d3bc":194,"a5fd8ffd":177,"cf1b8c47":186,"74c26380":196,"6775d5cd":173,"5b5fc566":174,"16b476e9":174,"a6b5e869":178,"677c6a09":194,"ee21ad02":195,"e4c312fe":176,"44ff8baa":170,"5fa12feb":183,"2b3c49b9":176,"53747a91":167,"c45d554f":181,"cd421290":172,"7043382d":173,"93e8cee5":196,"49b358bd":180,"b320feb9":179,"805af3c7":176,"2af60749":177,"88fa53d6":153,"4777334c":172,"8274885a":173,"eda6a690":170,"1138796e":183,"ce4da56f":170,"e7e82473":199,"1438fad7":177,"26009d3f":160,"95bc84f1":158,"c6e3d352":180,"f044c0e1":171,"e6fac295":169,"03c398d2":178,"73b15e04":176,"eed20185":190,"288afc30":181,"9260d96b":199,"3e602573":175,"87922532":200,"e0e6a097":168,"6f0fcb9d":184,"4ac6bd4e":166,"0cb80f4a":176,"140ce69e":168,"835358a0":168,"ac38a6a5":187,"70bc8325":168,"b947257e":179,"f4726450":164,"2f455cce":167,"a6626a13":163,"d552eb2f":182,"a2c334e7":193,"61f25dd4":197,"f883d582":160,"07f98660":186,"0d7d88f1":175,"6034b6d0":183,"6a5b71b4":165,"d2466211":189,"95539a58":166,"4d9b0b10":175,"7fdc2007":161,"4c0e547b":188,"be3a10f8":197,"0042f6eb":169,"831c7b85":173,"9d023afb":174,"50b558a7":160,"655941a0":183,"3b690f68":188,"93683c82":169,"30fdcd3b":180,"c2bb8aae":167,"501db4de":176,"0da28f5b":192,"fa55f27a":181,"5410e9c6":180,"c0fea118":163,"4c4aa2e2":173,"53431634":198,"79f04300":180,"f3992a31":186,"3c18f28e":169,"deb31f35":177,"a47abfbb":159,"71279c46":171,"4911acad":143,"5a734022":161,"36684155":179,"b88033fd":185,"ce3407dd":167,"47d27624":166,"25d1b2d8":178,"f4b2f575":164,"b8ab8e6e":172,"57540cc3":179,"a0cf08b3":139,"f905a555":165,"537634c9":156,"83b2f9c5":177,"b28a5e67":199,"8a165e17":181,"fd482491":200,"bf30a08f":194,"6841f77e":184,"e1f0dbfd":198,"a0cca8b7":164,"4eed1bea":178,"913a6226":183,"e21c6207":173,"27d8bf51":171,"0149e11a":155,"b7505747":181,"aab4d996":169,"ea6de194":181,"5ab7bc35":180,"aa021138":191,"d9f512b9":180,"859545e6":165,"95d3d348":165,"d599b566":185,"016953e4":188,"3712c4bd":157,"71ff66e8":177,"437fc3ec":190,"f5829ac0":186,"3310a049":176,"2d1e1e9d":177,"07fc4a9a":186,"d6db2b02":181,"66554572":145,"e0f7679f":156,"6ebe2354":154,"804d4dfa":166,"13f0e139":164,"99d130c9":177,"1b153aef":182,"35b58ef9":158,"9260d96b":200,"27c8e038":188,"9c045c61":177,"865d9857":165,"3f65f121":187,"eeaa2d46":194,"15620dca":193,"72d7b461":188,"416a9e97":165,"884b0ad1":169,"2c01e624":175,"383e232d":173,"f069bb07":167,"fb7482fe":174,"284544ba":164,"ca6d2d91":175,"730a4938":161,"a6b5e869":179,"4258c176":168,"6b82b527":179,"6775d5cd":174,"053f3451":172,"50c468ba":168,"ac030e74":169,"77bfed7e":176,"d5059415":170,"869cbaa0":189,"faf4f98b":182,"be3a10f8":198,"478d2d4f":200,"8f10fa42":203,"0c043224":186,"d0c104c4":147,"db703021":166,"0af920d8":157,"94a2fe10":190,"dae0f922":179,"fe0df575":191,"4febf7c5":174,"0cb80f4a":177,"ea274174":180,"45b038bb":206,"08a4c3f8":180,"288d171f":180,"1a2c020b":182,"c21ab51e":152,"f598a332":161,"b2c25d1c":169,"655954ba":168,"be149c6f":157,"7af9d3b1":171,"61d4782d":171,"76f3a3be":181,"031e488e":186,"17446892":171,"540df50f":180,"1b881e6e":178,"cb6c9e42":196,"25d1b2d8":179,"a1921150":187,"04643409":180,"37fbb107":180,"a983a6dc":163,"ebdbf580":182,"8007f30e":152,"dc0c8b09":189,"e5b1abc6":171,"2352c8ef":179,"313258f2":181,"6e44927f":175,"a472532e":161,"4bc46d7a":166,"cf1b8c47":187,"56473430":185,"012de09c":171,"ab7467de":190,"2ad42a9e":195,"9d0546ac":163,"2209903e":178,"7e8e1c3d":171,"547903ef":179,"f4343817":177,"aa021138":192,"d9f512b9":181,"ba30e43a":188,"e5d3655c":196,"cc6bbe45":170,"4def63ee":159,"7043382d":174,"971675c5":180,"578f6e9e":190,"82868763":169,"7ee148e9":170,"8e4c33d2":168,"2c5c1dc0":164,"5781776a":177,"a8871ddf":158,"a3d4a0e5":190,"54a676d6":165,"90731976":163,"6291e9e9":186,"cf84fb54":179,"23080895":164,"045f280d":178,"2c24d929":184,"d1715f3b":189,"315537b2":182,"51f57142":176,"9c045c61":178,"30dd2edc":171,"6751d8e4":185,"be4f8ba8":162,"730338c4":184,"416a9e97":166,"5747db6e":188,"39ba00f0":177,"e58b26f6":188,"d0d6acb1":181,"d1ca5d6b":180,"e382ec3f":162,"91b28f83":178,"37d0cae2":159,"11b74e63":173,"ee21ad02":196,"6775d5cd":175,"f56ac638":155,"8ac72326":175,"053f3451":173,"95539a58":167,"1dad0f99":165,"7218c9f1":164,"f7231212":171,"869cbaa0":190,"dc0c8b09":190,"8007f30e":153,"7a9344a4":195,"4279e829":193,"30dbfc69":170,"902f49f5":173,"f4634d0b":175,"c2bb8aae":168,"5ccf94d6":173,"03dcfa3d":171,"ac62fac2":191,"2e99f8fd":166,"3e602573":176,"b460f030":194,"358e45b1":167,"cac4449a":170,"332820ce":183,"d102b0c6":161,"fa55f27a":182,"cfe72ead":164,"49bf2e95":164,"36380d96":178,"be149c6f":158,"72805bf5":168,"3a1d1632":152,"71279c46":172,"a1370ab0":173,"3c18f28e":170,"6632fed0":180,"ccf8b803":181,"4ed01268":166,"5957df9e":165,"f66616b7":178,"cb6c9e42":197,"842c8340":165,"8a52882e":179,"d34a29b9":187,"efe84c27":179,"a836aa93":170,"704bce0d":166,"f2086446":165,"0e2b5d2f":179,"e35a63cd":178,"fe8f3d36":170,"20958d58":163,"fee32863":179,"012de09c":172,"313258f2":182,"195eb771":177,"65e4235b":176,"da04caac":190,"3f75d3bc":195,"08a561b7":169,"ab7d4c9a":166,"9d0546ac":164,"51c57542":182,"6bc5d32a":195,"20777945":171,"5fa12feb":184,"2ad42a9e":196,"f9f2c53f":153,"f8b31ce5":198,"805af3c7":177,"42191b64":151,"f5cd79c1":182,"71ff66e8":178,"dc583e64":187,"eda6a690":171,"22aeaf03":176,"3e082b37":166,"0b5a0408":184,"7732eb1e":192,"5678ed7b":191,"3c782bb3":175,"1623fc9f":172,"014460b9":199,"868cda42":174,"5f620a1e":176,"ffc86f94":161,"12012fbd":161,"4469c815":148,"d6320619":163,"865d9857":166,"ec2cb1af":184,"217c0327":158,"3f65f121":188,"d1ca5d6b":181,"383e232d":174,"b947257e":180,"8cd78f77":180,"284544ba":165,"f4726450":165,"272c7672":182,"9d4f1fe6":166,"4258c176":169,"ea4d3f3e":183,"7fef9973":172,"7735c3c2":168,"e4c312fe":177,"f56ac638":156,"9f74b8a4":163,"ef14000f":190,"753ca352":177,"50c468ba":169,"00a17b46":174,"d5059415":171,"9496f56f":178,"20e470e0":170,"3f9b5722":161,"b7434f57":137,"d70ca4f4":192,"0af920d8":158,"0d5ee801":169,"c2bb8aae":169,"1be05c14":182,"28d41578":182,"a636f4c9":187,"07fc4a9a":187,"c27969ec":166,"e8d74304":166,"03c398d2":179,"7a6aa4b6":173,"cac4449a":171,"67f6e4f2":156,"b7df1559":172,"d33790a2":207,"59c1e594":166,"ea274174":181,"02d4753e":195,"4ba6eb36":167,"e0e6a097":169,"bc3dc66a":174,"bb8a6337":164,"3a1d1632":153,"725dce8b":184,"12534561":175,"a47abfbb":160,"227006e4":176,"36684155":180,"254cc28c":179,"cf775f58":185,"44a4f7cd":178,"5f7d7195":176,"77f31bab":189,"0f1ac912":163,"cb51f134":182,"1a2c020b":183,"2bcca6a7":193,"478d2d4f":201,"2a76f1dd":162,"13b53c7a":176,"7bda83dd":165,"eb2e1983":169,"dc0c8b09":191,"e865e4dd":164,"45b5746e":178,"3101354b":153,"6023df54":168,"a5676c24":173,"91f7ef72":163,"1d44aff3":181,"b2c25d1c":170,"a3253019":167,"4c4aa2e2":174,"bd984a8e":162,"0a92153e":177,"c45d554f":182,"93e8cee5":197,"2c5c1dc0":165,"095ab3b4":175,"836701f6":175,"b769bdfb":167,"016953e4":189,"22aeaf03":177,"1951480c":158,"4dac6b20":148,"ecfa8249":183,"2209903e":179,"ccb5ea3e":156,"261c9911":183,"5ab7bc35":181,"28d40296":141,"e5d3655c":197,"aa021138":193,"0f029727":168,"7d6895f4":182,"d3e84616":174,"53a8613c":192,"a77e8461":178,"0e036ae9":190,"623c6a31":189,"ac38a6a5":188,"84b767be":199,"383e232d":175,"2c01e624":176,"2d54e0a8":176,"2180f99b":171,"9ab755d3":162,"f271ed5d":172,"92f800f5":183,"3fdb08f5":176,"935ec056":162,"04cc7cbe":166,"d1d40c9c":187,"ba586505":182,"124fbe96":162,"290b4714":176,"91b28f83":179,"619fda68":208,"cc5a1d47":167,"0bfabf48":164,"58d46189":188,"a68a93b2":170,"0c0e98ea":170,"3b690f68":189,"0af920d8":159,"467773ac":170,"bb98a6cf":196,"8cf83787":163,"e8f173b5":177,"e36dfd6f":178,"e7e82473":200,"1138796e":184,"e81834aa":199,"946df4fd":199,"868edcc0":188,"f1098793":175,"01cd8099":184,"dd1fcb17":163,"12a2cd4b":167,"5acaa06f":148,"87922532":201,"92d38723":185,"17807120":169,"336d0f08":184,"b377a62a":161,"408bb2ed":177,"0ac825ed":177,"4f5e3e7d":164,"2132fe93":181,"288a2c43":170,"4125085e":181,"bfcb912a":175,"17446892":172,"71279c46":173,"68562193":177,"7e15f8e8":179,"39a2fcce":160,"cb6c9e42":198,"bda8cdfb":184,"faf3ed07":161,"9d63c4dd":177,"2b3e4717":177,"43d87483":178,"ad303bda":163,"cf9f4757":171,"9fce073c":171,"dd3913d2":169,"2bcca6a7":194,"afe8e06a":154,"1105f790":202,"5f4102da":178,"05f6ab35":180,"b8488fc8":180,"45b5746e":179,"3101354b":154,"a851891c":167,"08a561b7":170,"6e44927f":176,"a472532e":162,"a0cf08b3":140,"36380d96":179,"79f04300":181,"972f4174":184,"f598a332":162,"80a8a56d":174,"3498f223":175,"1e232870":178,"82868763":170,"f6fe095d":186,"e238f09b":189,"312f7676":187,"7ee148e9":171,"d599b566":186,"95d3d348":166,"72b84094":205,"df81ddee":158,"4eed1bea":179,"18d20aa1":182,"ccb5ea3e":157,"a851554d":176,"79e4fa1c":176,"57540cc3":180,"558d5ce7":171,"9c045c61":179,"a77e8461":179,"f3d68430":187,"6d339d45":151,"f2f58418":163,"d1ca5d6b":182,"50c3164b":194,"a625328f":182,"aa5dfdf5":176,"4bcd4a30":182,"1f7607df":162,"835358a0":169,"a81a857c":165,"30c5d755":182,"ba30e43a":189,"c8fcad77":159,"20811ddf":176,"aa187e3b":177,"1a442bc7":157,"6ee92259":187,"8bc04eb5":177,"a502c93c":163,"4652b09a":183,"e3547548":166,"caddd0a7":181,"57167c74":166,"0841052c":192,"f883d582":161,"cf1124db":165,"868edcc0":189,"4ff2225d":174,"b552beb3":187,"6a60348e":166,"1db42092":184,"32c9fc47":178,"0d2c95fe":171,"4b4ef7fa":168,"ae8a09c4":181,"71bc1295":169,"c6e3d352":181,"ac62fac2":192,"8c6e001f":147,"b7df1559":173,"379184a7":196,"cbad3b92":199,"00554ffd":183,"cd95f558":175,"d0b297b2":158,"d0c0fc08":155,"b4fdf90e":188,"93683c82":170,"180377be":170,"b7434f57":138,"142d6987":173,"227006e4":177,"8cddb65e":175,"b35bb8a1":169,"a1370ab0":174,"dc473de1":158,"181c3dd5":176,"c4bff41f":191,"9d9dd9e5":170,"99e171db":167,"37fbb107":181,"faf3ed07":162,"f66616b7":179,"394dc144":164,"48efc739":192,"9fce073c":172,"95539a58":168,"d2466211":190,"0d28db94":165,"b73e789c":162,"d4ee22a4":182,"056ea7ff":191,"fee32863":180,"05f6ab35":181,"19551bad":162,"eebc8d43":172,"a0685bf3":194,"0042f6eb":170,"831c7b85":174,"abc1d7ad":195,"d9a64845":172,"685207b3":173,"dbc9df44":158,"b215547b":162,"f598a332":163,"b2c25d1c":171,"be2955bb":177,"8e99d5d0":204,"f1dffa24":157,"5270f158":167,"1da771fb":177,"3c43e8a2":187,"eda6a690":172,"004f1ef3":204,"d599b566":187,"0149e11a":156,"daab45c6":164,"d1715f3b":190,"affb82bf":193,"7080f122":163,"ac38a6a5":189,"e9adbe58":170,"eafbf9fb":173,"08c6b5d2":176,"39ba00f0":178,"cbb54a0a":166,"730338c4":185,"dd7acb96":180,"7db3edda":174,"c0e2624b":167,"c793cdda":175,"8ea21393":152,"c455f40e":165,"85de05f2":175,"7bebff03":175,"bc09fa9e":177,"30c5d755":183,"8db5a165":169,"a5676c24":174,"d5dae4c4":195,"28654c76":187,"195eb771":178,"bb00e71c":155,"dffa7793":150,"51a3e9c2":169,"7fef9973":173,"5eab91a0":185,"ae99df30":161,"ee21ad02":197,"c4e70c07":163,"1623fc9f":173,"25776fc4":178,"aa021138":194,"92f800f5":184,"3bad3c95":155,"bbe71605":161,"ce4da56f":171,"411b5027":159,"f277386e":154,"1be05c14":183,"17b08923":172,"e36dfd6f":179,"b460f030":195,"aefe13f5":184,"04612878":194,"c27969ec":167,"26c6fa34":162,"27c8e038":189,"be1746a0":173,"fe0df575":192,"6f0fcb9d":185,"d0b297b2":159,"761cf820":185,"36fb15d2":191,"4ba6eb36":168,"b8397293":164,"ca6d2d91":176,"430a5db5":181,"1e191c98":157,"bfcb912a":176,"2ab62345":166,"181c3dd5":177,"f94bf9ea":167,"8cddb65e":176,"32133249":179,"5e09f69e":199,"6adce358":193,"44a4f7cd":179,"93fdbb44":168,"30d84dce":152,"4ee62a26":162,"c3e6ef01":174,"66b7b5b4":171,"95539a58":169,"cc5a1d47":168,"753ca352":178,"d5059415":172,"ac030e74":170,"d4ee22a4":183,"cb142908":161,"1745a0f4":180,"478d2d4f":202,"8f10fa42":204,"1bc0591f":171,"6c486702":183,"0042f6eb":171,"ba5c52af":169,"1a68160d":177,"f598a332":164
1604737642961,"815e4582":187,"6e98dfda":176,"088feee2":176,"d957f027":175,"9a467a82":180,"49902219":198,"53a8613c":193,"a77e8461":180,"9c045c61":180,"57540cc3":181,"eeaa2d46":195,"b7832271":191,"084cbc0b":162,"5a07fc2e":152,"af0b61ab":178,"6e851762":167,"383e232d":176,"2c627253":175,"6867261a":178,"d6d61bfc":192,"227006e4":178,"4125085e":182,"60d6cee2":175,"25635c37":155,"c0b7e7d7":159,"f6fe095d":187,"c95719e5":161,"26f99a1e":161,"3c43e8a2":188,"5623817d":163,"31f6ba51":162,"68562193":178,"a9b1bd51":138,"1d790491":176,"39a2fcce":161,"449d8475":161,"2b3e4717":178,"650bb0e0":171,"394dc144":165,"08c6b5d2":177,"8547fbc2":168,"217c0327":159,"b9a48a5c":155,"f3d68430":188,"fd6dcb20":174,"1d153b20":180,"730338c4":186,"2a06ab95":194,"b84a06eb":174,"2d1e1e9d":178,"6a60348e":167,"fb44fa9c":181,"4b3e3b1c":182,"07fc4a9a":188,"064a99c8":178,"03c398d2":180,"b2703001":184,"eed20185":191,"17807120":170,"792c9b6a":169,"0eaf08da":175,"cfe72ead":165,"cbad3b92":200,"06073f13":187,"8eb64769":183,"c7c4ec5c":163,"a533489b":192,"3a1b9af5":175,"2e99f8fd":167,"fe578280":168,"5be594be":172,"4e3f5178":190,"1247fa52":179,"c21ab51e":153,"5747db6e":189,"7028b044":172,"e58b26f6":189,"98915a1f":159,"39ba00f0":179,"a15713c6":197,"42cd2360":146,"e865e4dd":165,"b2cfdbcf":165,"ec110282":202,"65e4235b":177,"91f7ef72":164,"ee21ad02":198,"1757a30e":164,"67d30f2b":173,"ae99df30":162,"8bc04eb5":178,"578f6e9e":191,"d599b566":188,"19f9ca86":178,"aec4e1bf":179,"17446892":173,"aa9ea5e8":155,"bfcb912a":177,"031e488e":187,"3007f31f":164,"40e79dd3":172,"c650b434":178,"2ad42a9e":197,"44ff8baa":171,"26dd2000":190,"7043382d":175,"20777945":172,"a577db1c":164,"259930ee":180,"0f029727":169,"4fd645f1":174,"859545e6":166,"3fdb08f5":177,"5774ac0d":190,"af034fee":189,"e99318a3":182,"99e171db":168,"254cc28c":180,"9d63c4dd":178,"37fbb107":182,"c67979e6":193,"c98d5272":168,"2882a956":170,"6c20c153":173,"a06a6430":179,"869cbaa0":191,"053f3451":174,"6a5b71b4":166,"b9be31d6":187,"385ab7c6":181,"6034b6d0":184,"ec11fe5f":149,"cd522166":186,"dc0c8b09":192,"f5e8dfee":186,"55928ef1":172,"a66a2d8a":188,"11b2c8d9":165,"d6320619":164,"8dc9b4db":181,"2c5c1dc0":166,"6ce84ff8":159,"c318d350":187,"a4dafea5":172,"8aa78e2f":160,"7732eb1e":193,"4945c851":186,"59431390":169,"c6e3d352":182,"e0f7679f":157,"12a2cd4b":168,"0d2c95fe":172,"13f0e139":165,"4cc141fa":149,"8f2a7d69":171,"35b58ef9":159,"e0e6a097":170,"01cd8099":185,"fe0df575":193,"bc392d1c":158,"3d1af513":185,"8547fbc2":169,"cd3bbe7e":175,"6e24d88b":160,"1f11812e":187,"dae0f922":180,"db703021":167,"d0c104c4":148,"9316e7e8":145,"c382f054":188,"140ce69e":169,"9ab755d3":163,"39ba00f0":180,"21ee2afe":186,"7db3edda":175,"49902219":199,"eb7b4e29":171,"2dda3936":163,"4bcd4a30":183,"9c045c61":181,"284544ba":166,"d3a669ac":187,"379184a7":197,"de11eb19":183,"4ea4a2a1":190,"a6003226":173,"ed4fad08":182,"aec4e1bf":180,"40860a4b":153,"bd984a8e":163,"36380d96":180,"80a8a56d":175,"b3863630":173,"168e75d9":178,"f2086446":166,"8f9b74b0":170,"2b3c49b9":177,"a0ce82b4":172,"c4e70c07":164,"18d20aa1":183,"8d04852b":170,"181c3dd5":178,"a901627e":171,"d9d0c567":179,"2c6cb96f":147,"906fdec3":159,"ec110282":203,"731fc335":157,"45b5746e":180,"bb00e71c":156,"dffa7793":151,"e382ec3f":163,"32133249":180,"d5557fb4":182,"789bd484":169,"449d8475":162,"cf775f58":186,"91d52a55":172,"5f7d7195":177,"bad1a1cc":174,"695a2b92":167,"5781776a":178,"dc583e64":188,"a58bf525":172,"9a3cc55d":166,"22aeaf03":178,"3a204e56":176,"8cf83787":164,"48655f09":216,"1f88a4b7":196,"6ebe2354":155,"ad8f85d6":191,"e36dfd6f":180,"12dd6f5e":155,"12012fbd":162,"1623fc9f":174,"4777334c":173,"c650b434":179,"c015ec5a":174,"40e79dd3":173,"14c682eb":159,"f4343817":178,"8f13c203":166,"ffc86f94":162,"3b690f68":190,"4279e829":194,"1f11812e":188,"751acea8":166,"30d84dce":153,"ddec9e54":176,"7cd0ad7b":176,"3498f223":176,"f76a3e83":176,"53a8613c":194,"315537b2":183,"22176537":175,"01d817b8":151,"d0d6acb1":182,"08c6b5d2":178,"f1df62b4":184,"c0b23081":197,"78b97937":193,"869cbaa0":192,"6c20c153":174,"fead11cf":175,"93b9fae6":166,"733c86f8":182,"bd2705b0":185,"053f3451":175,"6c524f99":183,"fea793f5":180,"55928ef1":173,"7fb4c521":178,"11b2c8d9":166,"619fda68":209,"e4cfef0a":173,"05f6ab35":182,"da04caac":191,"5f0c1b9d":183,"aa76bc50":144,"5ef93e5d":152,"a15713c6":198,"1d44aff3":182,"abc1d7ad":196,"2c627253":176,"92efd84f":173,"1f7607df":163,"0d2a1c58":167,"9ab755d3":164,"084cbc0b":163,"a0b03218":178,"f277386e":155,"d0b297b2":160,"d82592f4":182,"a6bcb07e":179,"812b4f15":159,"59431390":170,"9260d96b":201,"a636f4c9":188,"b552beb3":188,"02d4753e":196,"b7407bd3":166,"554ebb83":183,"358e45b1":168,"0cb80f4a":178,"a836aa93":171,"e7abc88d":159,"470d50c2":180,"79f04300":182,"e9679ede":174,"debe1f65":169,"4295ce9a":175,"2209903e":180,"5fa12feb":185,"df2b4d87":165,"805534ac":184,"75ffea08":175,"ded7da5a":181,"c4e70c07":165,"e5d3655c":198,"44ff8baa":172,"49b358bd":181,"be149c6f":159,"a2c334e7":194,"9b3f8714":175,"7ee7621c":175,"ee21ad02":199,"37d0cae2":160,"e0e48a2d":173,"00cf385d":188,"cb4f262b":165,"6ee92259":188,"ba938220":174,"4d9b0b10":176,"8fb236a9":158,"9c29f0ed":192,"abd32136":184,"4930f321":162,"71a2a493":143,"e9a8cf11":177,"13747b82":182,"5ac86fb9":181,"b88033fd":186,"47d27624":167,"6e98dfda":177,"1a0189c4":171,"527ff946":178,"bf822e33":171,"1634789b":165,"263762cb":161,"f5cd79c1":183,"b935fc1c":175,"1da771fb":178,"5099c6a0":196,"2203f259":187,"317c1591":190,"06ddafc7":158,"8aa78e2f":161,"28d41578":183,"fb44fa9c":182,"0a2f71bc":162,"9e65c0ef":174,"cf1124db":166,"4279e829":195,"d0c104c4":149,"d70ca4f4":193,"ddec9e54":177,"c3e6ef01":175,"906632cb":184,"9a467a82":181,"f2ca27d9":189,"6034b6d0":185,"f5e8dfee":187,"1105f790":203,"e5b1abc6":172,"9b546d65":167,"2a4a402a":164,"5f4102da":179,"25a2844e":174,"a15713c6":199,"345c9967":166,"a851891c":168,"731fc335":158,"ec110282":204,"ae016053":207,"43bc86e3":165,"d1715f3b":191,"21ee2afe":187,"b9a48a5c":156,"12012fbd":163,"26c390d6":182,"4d35385e":169,"b5763ff6":165,"a625328f":183,"4bcd4a30":184,"835358a0":170,"508aac3d":184,"3062379b":170,"e81834aa":200,"6be9332a":160,"e36dfd6f":181,"64a7f79f":183,"6a60348e":168,"ad8f85d6":192,"4b4ef7fa":169,"f1098793":176,"4ea4a2a1":191,"d82592f4":183,"cac4449a":172,"a533489b":193,"d102b0c6":162,"b7407bd3":167,"4ba6eb36":169,"1ff8c2fc":184,"8f2a7d69":172,"1247fa52":180,"0a92153e":178,"80a8a56d":176,"0dad37d5":178,"9b172ca8":154,"90a06ee9":180,"acac14fb":167,"c650b434":180,"92136ff5":174,"6b9eff39":168,"3ef7432b":187,"e1571af7":172,"85de05f2":176,"ea4d3f3e":184,"1bb4ccc0":176,"6841f77e":185,"6c20c153":175,"7735c3c2":169,"d815c5b4":207,"04cc7cbe":167,"0d28db94":166,"76f94eda":190,"ad303bda":164,"c93c3508":152,"d6d61bfc":193,"a6003226":174,"162a7348":166,"725dce8b":185,"42c80e69":191,"0ecfa1c9":162,"5f7d7195":178,"5957df9e":166,"bad1a1cc":175,"394dc144":166,"ce3407dd":168,"5d087c79":175,"2a387957":171,"93ac9ca3":177,"5b60dd1d":173,"6b79fec2":166,"c0b7e7d7":160,"312f7676":188,"60e855ee":188,"3e082b37":167,"62d1d346":162,"ccb5ea3e":158,"08a06557":196,"7b6a7048":175,"b5ce0c0c":191,"37a7d5b0":176,"4def63ee":160,"3bad3c95":156,"66497c7e":170,"180377be":171,"430a5db5":182,"dbd2f139":175,"cd3bbe7e":176,"3b690f68":191,"b7434f57":139,"7566fdd6":174,"ac030e74":171,"00a17b46":175,"a85d89cc":173,"fead11cf":176,"dfcc2ad1":197,"bd62d7ed":164,"30c184b8":170,"733c86f8":183,"ec11fe5f":150,"20958d58":164,"83b2f9c5":178,"c91966ce":167,"f3a0c2ee":173,"db8ba455":174,"781ace7d":172,"01d817b8":152,"d3e84616":175,"ccdd1ce6":178,"fd6dcb20":175,"b946e146":191,"558d5ce7":172,"3661e12d":174,"7e991ab9":142,"5a07fc2e":153,"5747db6e":190,"6e851762":168,"50c3164b":195,"92efd84f":174,"2c627253":177,"0d2c95fe":173,"1138796e":185,"69f3bfcc":170,"a24e6670":178,"9c58dd76":171,"8b2b601d":182,"b7df1559":174,"013ee301":165,"6ebe2354":156,"28d41578":184,"01cd8099":186,"9fc713b0":188,"b460f030":196,"8eb64769":184,"4ea4a2a1":192,"8c6e001f":148,"379184a7":198,"67f6e4f2":157,"d0c0fc08":156,"3a1b9af5":176,"554ebb83":184,"5e193fc8":184,"34c5c729":174,"f3992a31":187,"e0154608":179,"f33c0140":177,"c21ab51e":154,"655954ba":169,"56473430":186,"28654c76":188,"ee75b607":164,"00cf385d":189,"7fef9973":174,"d39724bc":167,"5acce642":177,"16b476e9":175,"87c462ee":185,"03b4ab60":162,"60d6cee2":176,"725dce8b":186,"3c18f28e":171,"aec4e1bf":181,"71279c46":174,"e4714415":196,"e99318a3":183,"a983a6dc":164,"394dc144":167,"bf822e33":172,"39bbc4bc":180,"19f9ca86":179,"83086d4c":174,"312f7676":189,"93ac9ca3":178,"5623817d":164,"e238f09b":190,"b88033fd":187,"50d129cf":167,"a9b1bd51":139,"a0ce82b4":173,"a0cca8b7":165,"efd23af5":160,"547903ef":180,"07107f6e":180,"28d40296":142,"f9f2c53f":154,"259930ee":181,"f4343817":179,"2154b6e8":167,"c0b0f492":187,"4777334c":174,"24ffcbd3":189,"e5d3655c":199,"cc11fef9":187,"bb98a6cf":197,"d634aa28":181,"40a745c0":180,"f1b493de":200,"0841052c":193,"19e9776f":170,"af7e5be8":176,"629800eb":189,"ef91eaae":158,"ac030e74":172,"e57d5cda":166,"7566fdd6":175,"7fb4c521":179,"82204d54":167,"be3a10f8":199,"b8488fc8":181,"dd3913d2":170,"a567ace4":174,"c6dc900c":149,"8063df14":187,"865d9857":167,"12012fbd":164,"dfa1a89b":170,"8cc4a982":186,"eafbf9fb":174,"08c6b5d2":179,"e9adbe58":171,"6a3eaf43":187,"70bc8325":169,"dd7acb96":181,"fd369c21":184,"b947257e":181,"b5763ff6":166,"84b67924":177,"1f88a4b7":197,"0b5a0408":185,"8b2b601d":183,"2cce4fb2":180,"6c73ae98":151,"a8871ddf":159,"4b4ef7fa":170,"a6bcb07e":180,"b460f030":197,"ac62fac2":193,"04612878":195,"26c6fa34":163,"f1098793":177,"ad8f85d6":193,"34658473":165,"40569362":189,"8c6e001f":149,"6f0fcb9d":186,"08a4c3f8":181,"408bb2ed":178,"7a6aa4b6":174,"9b172ca8":155,"a836aa93":172,"c21ab51e":155,"0dad37d5":179,"4c4aa2e2":175,"168e75d9":179,"5be594be":173,"45b5746e":181,"2c6cb96f":148,"28654c76":189,"e865e4dd":166,"a851891c":169,"731fc335":159,"61145ec9":185,"bf30a08f":195,"3b2dee89":170,"a502c93c":164,"04cc7cbe":168,"677c6a09":195,"bb00e71c":157,"124fbe96":163,"17446892":174,"74e3d13e":176,"c852d240":170,"aa9ea5e8":156,"a47abfbb":161,"31f6ba51":163,"64db4feb":194,"c564e316":180,"836701f6":176,"f6fe095d":188,"c318d350":188,"016953e4":190,"5270f158":168,"77d35808":155,"cb6c9e42":199,"faf3ed07":163,"9d63c4dd":179,"84369269":151,"f4b2f575":165,"93fdbb44":169,"77f31bab":190,"5c82d1ce":171,"25e0dd3d":172,"7d112f4d":188,"a0ce82b4":174,"26dd2000":191,"3fdb08f5":178,"04ea5673":175,"92136ff5":175,"2209903e":181,"a577db1c":165,"aa021138":195,"e3547548":167,"f8b31ce5":199,"5ab7bc35":182,"b6591e25":180,"906632cb":185,"1e191c98":158,"7fb4c521":180,"93b9fae6":167,"91536e85":183,"cb142908":162,"9c29f0ed":193,"8fb236a9":159,"753ca352":179,"a66a2d8a":189,"a59a8290":180,"a0685bf3":195,"2a76f1dd":163,"cfafcda8":167,"fe8f3d36":171,"dd3913d2":171,"08c6b5d2":180,"315537b2":184,"b9a48a5c":157,"6de0aaac":164,"2cb29e5a":182,"546f6845":172,"12012fbd":165,"f271ed5d":173,"2d54e0a8":177,"70c1e715":181,"2f455cce":168,"72d7b461":189,"e36dfd6f":182,"4b3e3b1c":183,"11888cfa":163,"1f88a4b7":198,"1438fad7":178,"e8f173b5":178,"74e01f6a":176,"dfc89705":179,"8298e976":187,"458dcc3d":187,"e8d74304":167,"d82592f4":184,"48655f09":217,"aefe13f5":185,"6585adbe":152,"cd95f558":176,"761cf820":186,"50312237":178,"c4aa1e38":152,"b8397293":165,"b35e9e1a":211,"a6626a13":164,"5a07fc2e":154,"cf1124db":167,"0af920d8":160,"dae0f922":181,"5ccf94d6":174,"8e780922":166,"0a92153e":179,"f598a332":165,"1a68160d":178,"704bce0d":167,"470d50c2":181,"a836aa93":173,"b28a5e67":200,"616d6dd6":173,"537634c9":157,"43bc86e3":166,"ec110282":205,"56473430":187,"71e53c93":178,"ee75b607":165,"20811ddf":177,"124fbe96":164,"ad2d7bed":184,"7735c3c2":170,"8bc04eb5":179,"11b74e63":174,"bb8a6337":165,"57d5dee8":180,"6df0b2e8":197,"1ed46298":187,"081460bf":177,"c64de0c0":156,"8d04852b":171,"7ee148e9":172,"5781776a":179,"77d35808":156,"004f1ef3":205,"2c5c1dc0":167,"1951480c":159,"c7ab83c1":156,"31d74eee":167,"e99318a3":184,"9d63c4dd":180,"449d8475":163,"27d8bf51":172,"df81ddee":159,"6490bac6":168,"92136ff5":176,"ded7da5a":182,"8f9b74b0":171,"d141db49":177,"07107f6e":181,"5ab7bc35":183,"0f029727":170,"28d40296":143,"d9f512b9":182,"7043382d":176,"b320feb9":180,"5d087c79":176,"8ec3834d":187,"e15fd611":164,"93b9fae6":168,"91536e85":184,"d7cb9bcf":164,"9f74b8a4":164,"7e95c5a0":181,"10ec5a0b":164,"faf4f98b":183,"82204d54":168,"8063df14":188,"062179c1":173,"afe8e06a":155,"4c0e547b":189,"c463799d":173,"1bc0591f":172,"21ee2afe":188,"4d35385e":170,"be4f8ba8":163,"b946e146":192,"18815a1b":170,"ef8321d8":180,"eafbf9fb":175,"cf84fb54":180,"8aa78e2f":162,"3c782bb3":176,"95bc84f1":159,"6c73ae98":152,"064a99c8":179,"13f0e139":166,"4ff2225d":175,"d9dcdc4b":188,"12a2cd4b":169,"bc392d1c":159,"35b58ef9":160,"be1746a0":174,"dfc89705":180,"4ba6eb36":170,"b4fdf90e":189,"288afc30":182,"ea274174":182,"3d1af513":186,"8c6e001f":150,"50312237":179,"72d7b461":190,"dd7acb96":182,"ef1c2dcb":174,"88b3bc99":161,"d1ca5d6b":183,"aec074c4":182,"2c01e624":177,"3f9b5722":162,"20e470e0":171,"7cd0ad7b":177,"e62d705f":166,"66b7b5b4":172,"c8977844":174,"dbd2f139":176,"34c5c729":175,"80a8a56d":177,"ebdbf580":183,"5be594be":174,"90a06ee9":181,"a3253019":168,"cb51f134":183,"fe44fc6f":162,"195eb771":179,"f789f6d8":167,"537634c9":158,"d9d0c567":180,"83b2f9c5":179,"b2cfdbcf":166,"5acce642":178,"79be29c8":160,"0d770b97":171,"a6b5e869":180,"04cc7cbe":169,"8d04852b":172,"b230e8d3":175,"fe1d4419":170,"312f7676":190,"3f2522c2":188,"eda6a690":173,"3a1d1632":154,"5e09f69e":200,"bc3dc66a":175,"24a9fb86":185,"181c3dd5":179,"21ad2f34":181,"7e8e1c3d":172,"93e8cee5":198,"261c9911":184,"3b7763b1":158,"ded7da5a":183,"bc09fa9e":178,"4fd645f1":175,"868cda42":175,"b7505747":182,"08a06557":197,"57167c74":167,"3fdb08f5":179,"44c77422":178,"449d8475":164,"5d087c79":177,"a939b50b":175,"842c8340":166,"0f1ac912":164,"66d94227":170,"37fbb107":183,"d83870f5":168,"8bc04eb5":180,"07f98660":187,"056ea7ff":192,"d4ee22a4":184,"ef91eaae":159,"a06a6430":180,"00a17b46":176,"9496f56f":179,"c1bb74f2":169,"2a4a402a":165,"05f6ab35":183,"7af262e5":196,"9a3ab0b8":172,"20958d58":165,"13b53c7a":177,"12dd6f5e":156,"9e206c95":195,"21ee2afe":189,"0b3283c9":181,"363590c7":192,"437fc3ec":191,"8cf83787":165,"4ff2225d":176,"0be540c5":185,"411b5027":160,"28d41578":185,"11888cfa":164,"24d24fa3":163,"e81834aa":201,"c609739e":182,"742f1425":182,"c27969ec":168,"9c58dd76":172,"01cd8099":187,"4cc141fa":150,"fe0df575":194,"b377a62a":162,"a533489b":194,"fa55f27a":183,"6585adbe":153,"d2a841c9":173,"88432019":166,"bb99c79c":175,"416a9e97":167,"98915a1f":160,"f069bb07":168,"39ba00f0":181,"8db62558":178,"1e7753d9":188,"4360a1a3":191,"bb98a6cf":198,"751acea8":167,"d70ca4f4":194,"1a2ec5d7":191,"dbc9df44":159,"470d50c2":182,"f76a3e83":177,"dcf85091":157,"f33c0140":178,"bd984a8e":164,"d34a29b9":188,"ef1c2dcb":175,"e58b26f6":190,"778c95e9":172,"de6213c7":174,"42cd2360":147,"5f96c2bc":169,"f789f6d8":168,"abc1d7ad":197,"a472532e":163,"65e4235b":178,"95904ac4":190,"290b4714":177,"ea274174":183,"c4aa1e38":153,"60d6cee2":177,"71a2a493":144,"a6003226":175,"72805bf5":169,"68562193":179,"61d4782d":172,"bfcb912a":178,"3007f31f":165,"4dac6b20":149,"201cafad":173,"0149e11a":157,"f9f2c53f":155,"0a96f57a":174,"8ea21393":153,"b7505747":183,"75ffea08":176,"aa021138":196
1604737643861,"e5d3655c":200,"9e65c0ef":175,"cc6bbe45":171,"259930ee":182,"23760167":172,"1634789b":166,"cb6c9e42":200,"95d331b1":165,"d815c5b4":208,"f0a06216":181,"7735c3c2":171,"d4d5f466":167,"c0b23081":198,"cc5a1d47":169,"76f94eda":191,"91536e85":185,"6a5b71b4":167,"9fce073c":173,"0bfabf48":165,"7218c9f1":165,"a8c93bed":174,"c510bfd3":187,"be3a10f8":200,"70ee0491":159,"8721056e":164,"19551bad":163,"a983a6dc":165,"04643409":181,"f4b2f575":166,"9d9dd9e5":171,"5623817d":165,"016953e4":191,"77d35808":157,"2c5c1dc0":168,"d599b566":189,"0b3283c9":182,"eda6a690":174,"07fc4a9a":189,"bbe71605":162,"cf84fb54":181,"d6db2b02":182,"cf50e84e":160,"59431390":171,"95f6db13":178,"87922532":202,"74e01f6a":177,"9c58dd76":173,"468fc85c":182,"ac62fac2":194,"2d382981":167,"792c9b6a":170,"eafbf9fb":176,"6de0aaac":165,"3661e12d":175,"4ee62a26":163,"1e191c98":159,"f1b493de":201,"1a2ec5d7":192,"d70ca4f4":195,"6e24d88b":161,"8942c35b":174,"9f2b16a7":189,"1a2c020b":184,"cb51f134":184,"8cc4a982":187,"e9adbe58":172,"fd6dcb20":176,"0d2a1c58":168,"21ee2afe":190,"aec074c4":183,"730338c4":187,"fd07e0ed":174,"bd62d7ed":165,"2c6cb96f":149,"a851891c":170,"a0cf08b3":141,"aa867541":168,"abc1d7ad":198,"95904ac4":191,"6e44927f":177,"0fc5ac7e":196,"ef1c2dcb":176,"884b0ad1":170,"9260d96b":202,"a5aee5de":202,"332820ce":184,"7ae3fc50":159,"36fb15d2":192,"d0e9a58e":184,"b7407bd3":168,"12534561":176,"6df0b2e8":198,"68562193":180,"79f04300":183,"c21ab51e":156,"c5b35e4d":158,"e9679ede":175,"df81ddee":160,"77898c22":150,"4eed1bea":180,"8f9b74b0":172,"da3437cd":165,"e1f0dbfd":199,"1623fc9f":175,"f734c84c":196,"ea6de194":182,"88fa53d6":154,"9e65c0ef":176,"719c8869":188,"57167c74":168,"44c77422":179,"aec4e1bf":182,"9f5e6cba":186,"24a9fb86":186,"17446892":175,"935ec056":163,"b3f19a69":164,"b0869206":180,"e4c312fe":178,"1c0a9eff":166,"20811ddf":178,"6841f77e":186,"7566fdd6":176,"ad303bda":165,"f1df62b4":185,"cb142908":163,"e4cfef0a":174,"f7231212":172,"2ce1af05":157,"6c524f99":184,"0670c466":167,"b88033fd":188,"394dc144":168,"2a387957":172,"f66616b7":180,"47d27624":168,"c67979e6":194,"93ac9ca3":179,"0b3283c9":183,"6d61bf13":166,"3f2522c2":189,"77d35808":158,"2c5c1dc0":169,"e7773397":163,"cf84fb54":182,"b84a06eb":175,"1438fad7":179,"2cce4fb2":181,"e36dfd6f":183,"88a30343":178,"45fb95c1":180,"b460f030":198,"804d4dfa":167,"a43061ee":165,"059d6c19":186,"110b1ee3":173,"56d315d8":154,"7a9344a4":196,"0af920d8":161,"8942c35b":175,"db703021":168,"ec2cb1af":185,"865d9857":168,"fd6dcb20":177,"30dd2edc":172,"6d339d45":152,"623c6a31":190,"36d340f2":158,"6751d8e4":186,"19551bad":164,"f67de058":179,"b102f7bd":183,"8007f30e":154,"a59a8290":181,"11b2c8d9":167,"5f0c1b9d":184,"fe44fc6f":163,"3f75d3bc":196,"537634c9":159,"f789f6d8":169,"345c9967":167,"45b5746e":182,"1f7607df":164,"b947257e":182,"b5763ff6":167,"2d13e69b":174,"84b67924":178,"9fa62fee":169,"d82592f4":185,"ad8f85d6":194,"a0b03218":179,"946df4fd":200,"b2a8761b":163,"50312237":180,"7a2f3f06":167,"8c6e001f":151,"db0a661e":169,"34658473":166,"b377a62a":163,"685207b3":174,"c382f054":189,"bd984a8e":165,"c5b35e4d":159,"696fdac5":183,"6fb4cdda":189,"8e99d5d0":205,"f9f2c53f":156,"93e8cee5":199,"5c82d1ce":172,"913a6226":184,"44ff8baa":173,"e786063b":186,"c45d554f":183,"fbdffc95":167,"4295ce9a":176,"a81a857c":166,"7e76c93c":180,"9b3f8714":176,"bb8a6337":166,"162a7348":167,"d39724bc":168,"ea4d3f3e":185,"d4d5f466":168,"a6b5e869":181,"bec9d329":194,"cb4f262b":166,"fea793f5":181,"1dad0f99":166,"30b6808c":164,"d5059415":173,"87083264":193,"e4cfef0a":175,"4930f321":163,"0785820e":172,"0ecfa1c9":163,"ed4fad08":183,"a2c334e7":195,"f94bf9ea":168,"31d74eee":168,"91d52a55":173,"394dc144":169,"e99318a3":185,"5a0eb771":170,"84369269":152,"6adce358":194,"3712c4bd":158,"19f9ca86":180,"971675c5":181,"2203f259":188,"fe1d4419":171,"016953e4":192,"095ab3b4":176,"159ffd0b":169,"4b3e3b1c":184,"2cce4fb2":182,"013ee301":166,"8d753bb6":178,"0b5a0408":186,"2045d7d6":175,"c4e70c07":166,"868cda42":176,"31408822":166,"655941a0":184,"cf1124db":168,"9d4da635":159,"d0c104c4":150,"110b1ee3":174,"db703021":169,"3661e12d":176,"7080f122":164,"f2f58418":164,"c463799d":174,"55928ef1":174,"6a7392d5":156,"1105f790":204,"7bda83dd":166,"78467b8a":182,"eb2e1983":170,"7ae34c64":169,"d8e58a8c":195,"2dd0e808":168,"83b2f9c5":180,"8db5a165":170,"56473430":188,"2c6cb96f":150,"b9a48a5c":158,"b946e146":193,"7d6895f4":183,"6d5fcd4c":169,"0d2a1c58":169,"cbb54a0a":167,"6a3eaf43":188,"88b3bc99":162,"d552eb2f":183,"508aac3d":185,"2f455cce":169,"f044c0e1":172,"27c8e038":190,"cbad3b92":201,"812b4f15":160,"c609739e":183,"ac62fac2":195,"eed20185":192,"742f1425":183,"36fb15d2":193,"cfe72ead":166,"5acaa06f":149,"c7c4ec5c":164,"ea274174":184,"379184a7":199,"e0e6a097":171,"e1618359":182,"9b742f71":169,"79f04300":184,"06ee61b6":159,"501db4de":177,"0a92153e":180,"acac14fb":168,"92136ff5":177,"20777945":173,"feb67030":166,"f9f2c53f":157,"0149e11a":158,"868cda42":177,"f0a06216":182,"e6ec8cbf":190,"6841f77e":187,"20811ddf":179,"a502c93c":165,"11b74e63":175,"bec9d329":195,"87cd2add":156,"7566fdd6":177,"aec4e1bf":183,"181c3dd5":180,"c64de0c0":157,"e4714415":197,"4125085e":183,"24a9fb86":187,"8cddb65e":177,"f66616b7":181,"99e171db":169,"2b3e4717":179,"9ceb5439":163,"f4b2f575":167,"842c8340":167,"8a52882e":180,"7ee148e9":173,"004f1ef3":206,"317c1591":191,"5270f158":169,"6085137f":168,"09f0db62":198,"dc583e64":189,"ce4da56f":172,"05642105":180,"40e79dd3":174,"3bad3c95":157,"5a622a23":177,"ba30e43a":190,"7e76c93c":181,"014460b9":200,"1623fc9f":176,"57167c74":169,"a4f1d83b":161,"20e470e0":172,"6e24d88b":162,"30d84dce":154,"3b690f68":192,"0841052c":194,"5ccf94d6":175,"91536e85":186,"53b4e647":172,"af7e5be8":177,"7e95c5a0":182,"cc5a1d47":170,"20958d58":166,"8b5a8e9f":183,"7af262e5":197,"d78dd457":164,"2352c8ef":180,"e5b1abc6":173,"6c524f99":185,"a15713c6":200,"fd482491":201,"f2ca27d9":190,"d3e84616":176,"88432019":167,"558d5ce7":173,"1d153b20":181,"25a7a0a3":164,"aaa274a5":172,"6143f39d":180,"d3a669ac":188,"5747db6e":191,"88b3bc99":163,"835358a0":171,"d0d6acb1":183,"778c95e9":173,"cf50e84e":161,"3310a049":177,"e7e82473":201,"1f88a4b7":199,"045f280d":179,"ac62fac2":196,"bad6cdb1":148,"a543ec74":153,"6be9332a":161,"27c8e038":191,"dd1fcb17":164,"6f0fcb9d":187,"24d24fa3":164,"de11eb19":184,"8245f916":166,"c7c4ec5c":165,"50312237":181,"fa55f27a":184,"5f8517b7":199,"2e3503e4":184,"1a2c020b":185,"9f2b16a7":190,"6b78ad7f":176,"1247fa52":181,"168e75d9":180,"655954ba":170,"cf1b8c47":188,"a851891c":171,"b28a5e67":201,"aa76bc50":145,"65e4235b":179,"ee75b607":166,"ea4d3f3e":186,"67d30f2b":174,"124fbe96":165,"54d7de6b":195,"04bef50c":153,"51a3e9c2":170,"0ecfa1c9":164,"12534561":177,"9b3f8714":177,"a2c334e7":196,"71a2a493":145,"f94bf9ea":169,"74e3d13e":177,"842c8340":168,"815e4582":188,"50d129cf":168,"7e15f8e8":180,"04643409":182,"84369269":153,"a983a6dc":166,"e45b4b53":165,"c95719e5":162,"2203f259":189,"a77e127d":153,"004f1ef3":207,"d1676e89":175,"27f52ed3":203,"4dac6b20":150,"44ff8baa":174,"f734c84c":197,"c45d554f":184,"21e10a2b":174,"e1571af7":173,"547903ef":181,"a0cca8b7":166,"aab4d996":170,"7043382d":177,"c4e70c07":167,"c7636527":162,"c1bdfd41":169,"3fdb08f5":180,"a8726d50":159,"142d6987":174,"d634aa28":182,"1e191c98":160,"0841052c":195,"abd32136":185,"8ac72326":176,"a06a6430":181,"056ea7ff":193,"ef14000f":191,"4930f321":164,"621d6b18":179,"f2e3c0e3":155,"062179c1":174,"78467b8a":183,"c510bfd3":188,"9a3ab0b8":173,"6a7392d5":157,"92ca52b7":189,"12dd6f5e":157,"d3e84616":177,"7080f122":165,"9c045c61":182,"09560615":162,"25a7a0a3":165,"84b767be":200,"315537b2":185,"9ab755d3":165,"3c6692a3":193,"0fc5ac7e":197,"e58b26f6":191,"b7832271":192,"6a3eaf43":189,"8cf83787":166,"88a30343":179,"5678ed7b":192,"90731976":164,"a24e6670":179,"54a676d6":166,"17b08923":173,"c27969ec":169,"26c6fa34":164,"74e01f6a":178,"71bc1295":170,"12a2cd4b":170,"9fc713b0":189,"761cf820":187,"04612878":196,"e0e6a097":172,"8f2a7d69":173,"9e878ec2":186,"b8397293":166,"d0c0fc08":157,"0cb80f4a":179,"c2bb8aae":170,"66497c7e":171,"e9679ede":176,"696fdac5":184,"4b4ecbce":161,"a4296d1e":169,"104721f0":177,"f121b82c":181,"754f98c9":189,"4bc46d7a":167,"5f96c2bc":170,"5f0c1b9d":185,"42cd2360":148,"5ef93e5d":153,"fafb4cc2":224,"f789f6d8":170,"e4c312fe":179,"7fef9973":175,"677c6a09":196,"11b74e63":176,"7735c3c2":172,"6c20c153":176,"6841f77e":188,"dc473de1":159,"aa9ea5e8":157,"e9a8cf11":178,"7af9d3b1":172,"5f6613c8":164,"74e3d13e":178,"32133249":181,"66d94227":171,"77bae750":171,"7e15f8e8":181,"3712c4bd":159,"3e082b37":168,"eda6a690":175,"6b79fec2":167,"8274885a":174,"7ee148e9":174,"6085137f":169,"cb6c9e42":201,"25d1b2d8":180,"1b881e6e":179,"77f31bab":191,"92136ff5":178,"27d8bf51":173,"51c57542":183,"c45d554f":185,"9d0546ac":165,"df81ddee":161,"3007f31f":166,"f8b31ce5":200,"0a2f71bc":163,"28d40296":144,"b7505747":184,"24ffcbd3":190,"e5d3655c":201,"caddd0a7":182,"902f49f5":174,"381c68fa":181,"4f59a322":178,"50c468ba":170,"c803b4a3":173,"91536e85":187,"056ea7ff":194,"8fb236a9":160,"1dad0f99":167,"1105f790":205,"733c86f8":184,"ec11fe5f":151,"dfcc2ad1":198,"6c524f99":186,"2352c8ef":181,"cd522166":187,"d1715f3b":192,"ef8321d8":181,"fd6dcb20":178,"d6320619":165,"25a7a0a3":166,"7080f122":166,"af0b61ab":179,"8dd2684c":177,"50c3164b":196,"dd7acb96":183,"084cbc0b":164,"7e991ab9":143,"5a07fc2e":155,"868edcc0":190,"28d41578":186,"e7e82473":202,"2d1e1e9d":179,"411b5027":161,"05642105":181,"e8f173b5":179,"064a99c8":180,"c609739e":184,"8eb64769":185,"481754fc":151,"742f1425":184,"ad8f85d6":195,"379184a7":200,"bc392d1c":160,"de11eb19":185,"288afc30":183,"5acaa06f":150,"fe0df575":195,"d33790a2":208,"7ae3fc50":160,"d744bee2":169,"db703021":170,"110b1ee3":175,"d634aa28":183,"6e24d88b":163,"30fdcd3b":181,"4e3f5178":191,"e1618359":183,"b215547b":163,"0dad37d5":180,"f121b82c":182,"168e75d9":181,"cb51f134":185,"a472532e":164,"a5fd8ffd":178,"71ba7561":155,"c91966ce":168,"7ae34c64":170,"313258f2":183,"195eb771":180,"5acce642":179,"730a4938":162,"1a442bc7":158,"b3f19a69":165,"d929098e":151,"d815c5b4":209,"d39724bc":169,"4911acad":144,"1ed46298":188,"76f3a3be":182,"c93c3508":153,"61d4782d":173,"74e3d13e":179,"227006e4":179,"c95719e5":163,"5099c6a0":197,"83086d4c":175,"1951480c":160,"0b3283c9":184,"dc583e64":190,"2203f259":190,"f2364460":172,"37fbb107":184,"ccf8b803":182,"6e98dfda":178,"bf822e33":173,"c455f40e":166,"85de05f2":177,"df81ddee":162,"fb8bfb36":190,"b6ee137a":174,"0149e11a":159,"d6f0d94a":176,"aab4d996":171,"efd23af5":161,"d9f512b9":183,"c1bdfd41":170,"259930ee":183,"7043382d":178,"0b959527":165,"0f1ac912":165,"527ff946":179,"7a4c064c":187,"2ce1af05":158,"af7e5be8":178,"c38c2b52":171,"9c29f0ed":194,"4930f321":165,"e57d5cda":167,"be3a10f8":201,"9a07d89b":160,"8f10fa42":205,"fead11cf":177,"dc0c8b09":193,"b8488fc8":182,"733c86f8":185,"dfa1a89b":171,"4469c815":149,"b9a48a5c":159,"af0b61ab":180,"92efd84f":175,"a77e8461":181,"f5829ac0":187,"6d802fa2":162,"fb44fa9c":183,"26009d3f":161,"05642105":182,"0be540c5":186,"3310a049":178,"dfc89705":181,"9fc713b0":190,"c27969ec":170,"aefe13f5":186,"b2bd8fd3":157,"ac62fac2":197,"26c6fa34":165,"de11eb19":186,"9260d96b":203,"358e45b1":169,"2e99f8fd":168,"a533489b":195,"5acaa06f":151,"92d38723":186,"ea822700":175,"0e036ae9":191,"911e770b":177,"8dd2684c":178,"f069bb07":169,"416a9e97":168,"70c1e715":182,"1f11812e":189,"110b1ee3":176,"7a9344a4":197,"0d5ee801":170,"9316e7e8":146,"902f49f5":175,"cf1124db":169,"685207b3":175,"655954ba":171,"c382f054":190,"c21ab51e":157,"e7abc88d":160,"8e99d5d0":206,"104721f0":178,"9147702f":155,"d5dae4c4":196,"95904ac4":192,"810aa5e9":187,"616d6dd6":174,"69eeae0d":160,"49cb2959":187,"dc03ebd2":190,"0d770b97":172,"6841f77e":189,"b3f19a69":166,"bec9d329":196,"95d331b1":166,"5b5fc566":175,"bb00e71c":158,"72805bf5":170,"9f5e6cba":187,"3a1d1632":155,"b230e8d3":176,"71279c46":175,"71a2a493":146,"57d5dee8":181,"f734c84c":198,"201cafad":174,"5c82d1ce":173,"efd23af5":162,"21e10a2b":175,"d6f0d94a":177,"bc09fa9e":179,"4fd645f1":176,"92136ff5":179,"65a00a3c":174,"7e76c93c":182,"25776fc4":179,"c0b0f492":188,"ffc86f94":163,"8ec3834d":188,"2a387957":173,"c67979e6":195,"5339e1e9":190,"5a0eb771":171,"36b7003c":204,"d957f027":176,"4d9b0b10":177,"ef91eaae":160,"d7cb9bcf":165,"cb142908":164,"ad303bda":166,"ae95f2ba":194,"619fda68":210,"fe8f3d36":172,"a66a2d8a":190,"733c86f8":186,"13b53c7a":178,"2bcca6a7":195,"5f4102da":180,"6c486702":184,"8547fbc2":170,"1da771fb":179,"19f9ca86":181,"695a2b92":168,"e238f09b":191,"d1676e89":176,"ea9bba6b":176,"60e855ee":189,"0d2c95fe":174,"411b5027":162,"e36dfd6f":184,"de36827b":195,"820225e4":151,"1138796e":186,"b36a0d66":163,"0eaf08da":176,"03dcfa3d":172,"b2bd8fd3":158,"a636f4c9":189,"b8397293":167,"4febf7c5":175,"288afc30":184,"3652bd66":177,"c609739e":185,"7a6aa4b6":175,"2198ba8e":167,"cfe72ead":167,"b377a62a":164,"0cb80f4a":180,"6143f39d":181,"12012fbd":166,"22234d6b":183,"30fdcd3b":182,"a68a93b2":171,"0c043224":187,"58d46189":189,"cf1124db":170,"31408822":167,"61f25dd4":198,"f121b82c":183,"b215547b":164,"90a06ee9":182,"0dad37d5":181,"0a92153e":181,"2cb29e5a":183,"98915a1f":161,"ef1c2dcb":177,"b946e146":194,"72d7b461":191,"9a467a82":182,"f5596d0f":180,"3c6692a3":194,"272c7672":183,"a6626a13":165,"d9d0c567":181,"a5676c24":175,"781ace7d":173,"69eeae0d":161,"731fc335":160,"f789f6d8":171,"52eca0dc":177,"4b125e7b":168,"ae99df30":163,"7f6d1d0e":189,"11b74e63":177,"0681c48e":189,"1ed46298":189,"72805bf5":171,"540df50f":181,"74e3d13e":180,"6fb4cdda":190,"972f4174":185,"79e4fa1c":177,"6b9eff39":169,"7d112f4d":189,"93e8cee5":200,"44ff8baa":175,"b7505747":185,"e1f0dbfd":200,"4c39240e":188,"27d8bf51":174,"c0b0f492":189,"14c682eb":160,"4def63ee":161,"ce3bf5db":177,"75ffea08":177,"a2c334e7":197,"31f6ba51":164,"527ff946":180,"6e98dfda":179,"a939b50b":176,"7e15f8e8":182,"1b881e6e":180,"54d7de6b":196,"e6ec8cbf":191,"fea793f5":182,"95539a58":170,"30b6808c":165,"93b9fae6":169,"ef14000f":192,"6034b6d0":186,"f1df62b4":186,"a85d89cc":174,"a59a8290":182,"6c524f99":187,"733c86f8":187,"be3a10f8":202,"1745a0f4":181,"5a0eb771":172,"c98d5272":169,"263762cb":162,"e45b4b53":166,"39bbc4bc":181,"1da771fb":180,"6ce84ff8":160,"3712c4bd":160,"312f7676":191,"f5829ac0":188,"49910300":158,"bab97de3":184,"e81834aa":202,"cf84fb54":183,"11888cfa":165,"045f280d":180,"a5aee5de":203,"ae8a09c4":182,"6be9332a":162,"a0bc1ceb":168,"bad6cdb1":149,"7a2f3f06":168,"26c6fa34":166,"cbad3b92":202,"9260d96b":204,"8c6e001f":152,"4ac6bd4e":167,"3f9b5722":163,"1a2ec5d7":193,"f4634d0b":176,"5272520d":182,"0af920d8":162,"30fdcd3b":183,"d634aa28":184,"dfa1a89b":172,"d1715f3b":193,"217c0327":160,"f271ed5d":174,"0d2a1c58":170,"0e036ae9":192,"9de29816":156,"5747db6e":192,"88b3bc99":164,"9c045c61":183,"cfafcda8":168,"f5e8dfee":188,"08a561b7":171,"0a1d11e6":164,"74c26380":197,"61145ec9":186,"aa867541":169,"a851891c":172,"4bc46d7a":168,"cbb54a0a":168,"315537b2":186,"9147702f":156,"9ab755d3":166,"9263c525":179,"40569362":190,"db0a661e":170,"5be594be":175,"bd984a8e":166,"dbc9df44":160,"f121b82c":184,"8e780922":167,"c7313e0a":190,"470d50c2":183,"e2cbe594":179,"da3437cd":166,"cd421290":173,"21ad2f34":182,"77898c22":151,"3007f31f":167,"0f029727":171,"e5d3655c":202,"0149e11a":160,"c0b0f492":190
1604737644795,"263762cb":163,"b769bdfb":168,"ea9bba6b":177,"39bbc4bc":182,"3e082b37":169,"6085137f":170,"c95719e5":164,"a3d4a0e5":191,"95bc84f1":160,"d36125db":181,"f277386e":156,"e8f173b5":180,"411b5027":163,"6d802fa2":163,"481754fc":152,"c609739e":186,"c6e3d352":183,"cbad3b92":203,"2198ba8e":168,"b35e9e1a":212,"d0e9a58e":185,"2c24d929":185,"c4aa1e38":154,"e6fac295":170,"c4e70c07":168,"c8fcad77":160,"8f13c203":167,"7ae3fc50":161,"8f2a7d69":174,"de11eb19":187,"5acaa06f":152,"67d30f2b":175,"79be29c8":161,"95d331b1":167,"d929098e":152,"e6ec8cbf":192,"bd2705b0":186,"e356abf1":185,"d83294cd":164,"a06a6430":182,"abd32136":186,"6f39f4d9":185,"8fb236a9":161,"7218c9f1":166,"43d87483":179,"c1bdfd41":171,"751acea8":168,"0c043224":188,"dae0f922":182,"20e470e0":173,"a68a93b2":172,"a4f1d83b":162,"1f11812e":190,"c318d350":189,"836701f6":177,"19f9ca86":182,"55928ef1":175,"dd3913d2":172,"8b5a8e9f":184,"8007f30e":155,"20958d58":167,"d78dd457":165,"33d6bb6a":172,"ef8987d7":163,"d9a64845":173,"c91966ce":169,"83b2f9c5":181,"f905a555":166,"74c26380":198,"ae016053":208,"1da771fb":181,"6085137f":171,"22aeaf03":179,"a77e127d":154,"7732eb1e":194,"8aa78e2f":163,"a4dafea5":173,"6291e9e9":187,"05642105":183,"66554572":146,"59431390":172,"a5aee5de":204,"04612878":197,"12a2cd4b":171,"655954ba":172,"90a06ee9":183,"79f04300":185,"754f98c9":190,"34c5c729":176,"1247fa52":182,"f598a332":166,"6b9eff39":170,"c455f40e":167,"efd23af5":163,"fb8bfb36":191,"3007f31f":168,"2ad42a9e":198,"ecfa8249":184,"4fd645f1":177,"b2bd8fd3":159,"aefe13f5":187,"3d1af513":187,"742f1425":185,"2e99f8fd":169,"a0b03218":180,"be149c6f":160,"a2c334e7":198,"5e09f69e":201,"40860a4b":154,"32133249":182,"725dce8b":187,"ce3407dd":169,"8d04852b":173,"6adce358":195,"cf775f58":187,"50d129cf":169,"39a2fcce":162,"44a4f7cd":180,"d1fe2868":191,"3652bd66":178,"608bc832":151,"50312237":182,"f9c15fcc":168,"9263c525":180,"1a442bc7":159,"124fbe96":166,"20811ddf":180,"e382ec3f":164,"54d7de6b":197,"1c0a9eff":167,"bb00e71c":159,"d4ee22a4":185,"7218c9f1":167,"a85d89cc":175,"6a5b71b4":168,"385ab7c6":182,"00a17b46":177,"2af60749":178,"c1bdfd41":172,"fbdffc95":168,"e3547548":168,"c0b0f492":191,"ffc86f94":164,"20e470e0":174,"059d6c19":187,"751acea8":169,"8942c35b":176,"110b1ee3":177,"1e191c98":161,"db703021":171,"a63bddd4":213,"3661e12d":177,"26c390d6":183,"53a8613c":195,"4bcd4a30":185,"eafbf9fb":177,"af157d29":172,"c0e2624b":168,"7db3edda":176,"8547fbc2":171,"9147702f":157,"f5596d0f":181,"f4726450":166,"22234d6b":184,"053f3451":176,"d78dd457":166,"19551bad":165,"fef750ca":179,"a567ace4":175,"2bcca6a7":196,"a59a8290":183,"be3a10f8":203,"906fdec3":160,"3a291497":161,"db8ba455":175,"6e44927f":178,"a15713c6":201,"5f96c2bc":171,"fe44fc6f":164,"fb7b7b3c":200,"312f7676":192,"c564e316":181,"d1676e89":177,"095ab3b4":177,"fe1d4419":172,"8dc9b4db":182,"8b2b601d":184,"0b5a0408":187,"0d2c95fe":175,"1438fad7":180,"90a06ee9":184,"b2c25d1c":172,"5e193fc8":185,"f2086446":167,"f121b82c":185,"ab7d4c9a":167,"470d50c2":184,"d25e0f8d":202,"6c73ae98":153,"4b3e3b1c":185,"045f280d":181,"03c398d2":181,"68562193":181,"d6d61bfc":194,"4911acad":145,"40860a4b":155,"031e488e":188,"7af9d3b1":173,"dcfaba4c":175,"f2364460":173,"faf3ed07":164,"6adce358":196,"c67979e6":196,"5a0eb771":173,"4ed01268":167,"c98d5272":170,"9c58dd76":174,"ad8f85d6":196,"792c9b6a":171,"87922532":203,"792cfcbd":175,"ad2d7bed":185,"8bc04eb5":181,"d1d40c9c":188,"5acce642":180,"fea793f5":183,"1bb4ccc0":177,"bec9d329":197,"07f98660":188,"9263c525":181,"8eb64769":186,"5ee911b5":161,"b2bd8fd3":160,"db0a661e":171,"00554ffd":184,"5a0ead91":154,"8f2a7d69":175,"8ea21393":154,"b6ee137a":175,"bfad1727":160,"7be025ce":175,"9a80f004":181,"88fa53d6":155,"2ad42a9e":199,"0f029727":172,"53747a91":168,"5ab7bc35":184,"259930ee":184,"aa021138":197,"ffc86f94":165,"a68a93b2":173,"3b690f68":193,"655941a0":185,"30fdcd3b":184,"1e191c98":162,"430a5db5":183,"bb99c79c":176,"d3e84616":178,"f271ed5d":175,"546f6845":173,"172217e5":187,"aec074c4":184,"5747db6e":193,"f2f58418":165,"d0d6acb1":184,"ccdd1ce6":179,"c0e2624b":169,"6143f39d":182,"ef1c2dcb":178,"f069bb07":170,"6034b6d0":187,"a85d89cc":176,"6a5b71b4":169,"8fb236a9":162,"ef91eaae":161,"91536e85":188,"2352c8ef":182,"11b2c8d9":168,"2bcca6a7":197,"cfafcda8":169,"831c7b85":175,"cd522166":188,"1105f790":206,"d9d0c567":182,"dc583e64":191,"e238f09b":192,"c0b7e7d7":161,"695a2b92":169,"c564e316":182,"3e082b37":170,"971675c5":182,"66497c7e":172,"8e780922":168,"e1618359":184,"d34a29b9":189,"69d4b754":168,"f3992a31":188,"704bce0d":168,"a4296d1e":170,"b36a0d66":164,"11888cfa":166,"7732eb1e":195,"1f88a4b7":200,"76f3a3be":183,"c852d240":171,"71a2a493":147,"deb31f35":178,"aec4e1bf":184,"b230e8d3":177,"527ff946":181,"6632fed0":181,"e15fd611":165,"99e171db":170,"90d52475":179,"d5557fb4":183,"84369269":154,"bad1a1cc":176,"0b5a0408":188,"6db0ea86":162,"59431390":173,"064a99c8":181,"f1098793":178,"792cfcbd":176,"65e4235b":180,"781ace7d":174,"7c0a2db6":172,"d5dae4c4":197,"56473430":189,"c91966ce":170,"bb00e71c":160,"0d770b97":173,"d1d40c9c":189,"6ee92259":189,"1c0a9eff":168,"04cc7cbe":170,"bec9d329":198,"56752a4a":164,"cfe72ead":168,"23080895":165,"9fc713b0":191,"4ea4a2a1":193,"8245f916":167,"eed20185":193,"6585adbe":154,"b7407bd3":169,"379184a7":201,"336d0f08":185,"20777945":174,"0149e11a":161,"a851554d":177,"debe1f65":170,"6bc5d32a":196,"e1571af7":174,"5f620a1e":177,"bfad1727":161,"f8b31ce5":201,"51c57542":184,"7be025ce":176,"08a06557":198,"868cda42":178,"44c77422":180,"66b7b5b4":173,"6de0aaac":166,"eeaa2d46":196,"6d5fcd4c":170,"eb7b4e29":172,"bc021def":174,"b7832271":193,"f3d68430":189,"f271ed5d":176,"175bc6b2":154,"911e770b":178,"ef8321d8":182,"92efd84f":176,"84b767be":201,"2c01e624":178,"7218c9f1":168,"8fb236a9":163,"d83294cd":165,"10ec5a0b":165,"7a840529":172,"4930f321":166,"6f39f4d9":186,"13b53c7a":179,"9d023afb":175,"8f10fa42":206,"e5b1abc6":174,"33d6bb6a":173,"cfafcda8":170,"be3a10f8":204,"5410e9c6":181,"6d61bf13":167,"e238f09b":193,"fe1d4419":173,"7ee148e9":175,"095ab3b4":178,"6e24d88b":164,"0841052c":196,"56d315d8":155,"74f234c6":208,"d70ca4f4":196,"3b690f68":194,"2e3503e4":185,"1a2c020b":186,"34c5c729":177,"754f98c9":191,"69134f07":162,"c382f054":191,"d548635d":178,"71ff66e8":179,"dcfaba4c":176,"0ecfa1c9":165,"3a1d1632":156,"6df0b2e8":199,"74e3d13e":181,"2132fe93":182,"4ed01268":168,"ed4fad08":184,"1b881e6e":181,"f044c0e1":173,"8aa78e2f":164,"0be540c5":187,"1f88a4b7":201,"3310a049":179,"e36dfd6f":185,"cf50e84e":162,"b28a5e67":202,"5ef93e5d":154,"537634c9":160,"db8ba455":176,"fd482491":202,"56473430":190,"95904ac4":193,"54d7de6b":198,"51a3e9c2":171,"87c462ee":186,"e0e48a2d":174,"7735c3c2":173,"3b2dee89":171,"c0b23081":199,"812b4f15":161,"13f0e139":167,"a43061ee":166,"3e602573":177,"be1746a0":175,"358e45b1":170,"eed20185":194,"cfe72ead":169,"b7df1559":175,"554ebb83":185,"06073f13":188,"1ff8c2fc":185,"d33790a2":209,"5acaa06f":153,"4dac6b20":151,"b6ee137a":176,"debe1f65":171,"547903ef":182,"913a6226":185,"e1571af7":175,"cd421290":174,"88fa53d6":156,"ea6de194":183,"c455f40e":168,"5ab7bc35":185,"d9f512b9":184,"75ffea08":178,"dac109cf":167,"faf3ed07":165,"5d087c79":178,"088feee2":177,"36b7003c":205,"8a52882e":181,"6751d8e4":187,"f2f58418":166,"9ab755d3":167,"9c045c61":184,"6d5fcd4c":171,"3c6692a3":195,"8cc4a982":188,"72d7b461":192,"50c468ba":171,"2b698053":171,"93b9fae6":170,"6a5b71b4":170,"f7231212":173,"4930f321":167,"619fda68":211,"a59a8290":184,"c510bfd3":189,"a8c93bed":175,"a66a2d8a":191,"f5e8dfee":189,"0f89862c":152,"be3a10f8":205,"1951480c":161,"f5cd79c1":184,"dae0f922":183,"a68a93b2":174,"a8726d50":160,"110b1ee3":178,"5ccf94d6":176,"0c0e98ea":171,"906632cb":186,"be2955bb":178,"e0154608":180,"f3992a31":189,"6fb4cdda":191,"4b4ecbce":162,"ebdbf580":184,"a836aa93":174,"83086d4c":176,"a58bf525":173,"09ff339a":152,"e58b26f6":192,"af157d29":173,"15620dca":194,"fb7482fe":175,"b9a48a5c":160,"f271ed5d":177,"e4714415":198,"71279c46":176,"3a1d1632":157,"4125085e":184,"004f1ef3":208,"e7773397":164,"6a60348e":169,"7732eb1e":196,"43bc86e3":167,"95904ac4":194,"08a561b7":172,"195eb771":181,"83b2f9c5":182,"da04caac":192,"b28a5e67":203,"7ee7621c":176,"d4d5f466":169,"124fbe96":167,"935ec056":164,"ba586505":183,"95d331b1":168,"b0869206":181,"a24e6670":180,"8b2b601d":185,"07fc4a9a":190,"e0f7679f":158,"e81834aa":203,"26c6fa34":167,"d82592f4":186,"ac62fac2":198,"cac4449a":173,"40569362":191,"bc392d1c":161,"9e878ec2":187,"288afc30":185,"c6e3d352":184,"cf52025e":170,"9263c525":182,"7a2f3f06":169,"31f6d707":193,"5f8517b7":200,"72b84094":206,"c455f40e":169,"2ad42a9e":200,"7b6a7048":176,"a0cca8b7":167,"c1bdfd41":173,"ecfa8249":185,"62d1d346":163,"6490bac6":169,"ce3bf5db":178,"4def63ee":162,"a33fe0dd":180,"44c77422":181,"ffc86f94":166,"3c18f28e":172,"f94bf9ea":170,"60d6cee2":178,"f4b2f575":168,"99e171db":171,"93fdbb44":170,"ccf8b803":183,"a1921150":188,"39a2fcce":163,"90d52475":180,"3062379b":171,"7a4c064c":188,"869cbaa0":193,"d7cb9bcf":166,"ae95f2ba":195,"c803b4a3":174,"cc5a1d47":171,"ef14000f":193,"eb2e1983":171,"2a4a402a":166,"cfafcda8":171,"11b2c8d9":169,"a8c93bed":176,"5f4102da":181,"c463799d":175,"be4f8ba8":164,"ef1c2dcb":179,"08c6b5d2":181,"3c6692a3":196,"6cba74ce":156,"0d2a1c58":171,"a77e8461":182,"d3a669ac":189,"fd6dcb20":179,"884b0ad1":171,"9ab755d3":168,"175bc6b2":155,"217c0327":161,"363590c7":193,"5cd3cfe0":160,"dae0f922":184,"c2bb8aae":171,"93683c82":171,"d70ca4f4":197,"5ccf94d6":177,"8942c35b":177,"5e193fc8":186,"2e3503e4":186,"69134f07":163,"6085137f":172,"3a204e56":177,"95d3d348":167,"437fc3ec":192,"a58bf525":174,"c7ab83c1":157,"a901627e":172,"42cd2360":149,"b2cfdbcf":167,"00a481e3":185,"43bc86e3":168,"c91966ce":171,"abc1d7ad":199,"95d331b1":169,"1757a30e":165,"d1d40c9c":190,"9d4f1fe6":167,"1f88a4b7":202,"5678ed7b":193,"88a30343":180,"b2703001":185,"6c73ae98":154,"e8f173b5":181,"95bc84f1":161,"dd1fcb17":165,"08a4c3f8":182,"d82592f4":187,"87922532":204,"7a6aa4b6":176,"cac4449a":174,"761cf820":188,"c7c4ec5c":166,"c27969ec":171,"cf52025e":171,"cd95f558":177,"45b038bb":207,"0f72f2d8":177,"6585adbe":155,"9b742f71":170,"acac14fb":169,"efe84c27":180,"c85a0d80":174,"6b9eff39":171,"a0ce82b4":175,"8ea21393":155,"7e8e1c3d":173,"a81a857c":167,"1ed46298":190,"51f80f4c":203,"71a2a493":148,"68562193":182,"61d4782d":174,"bad1a1cc":177,"3c18f28e":173,"bda8cdfb":185,"e9a8cf11":179,"4ed01268":169,"8ec3834d":189,"f4b2f575":169,"5957df9e":167,"5339e1e9":191,"37d0cae2":161,"a502c93c":166,"91b28f83":180,"87083264":194,"9c29f0ed":195,"d7cb9bcf":167,"597c1f81":177,"e5b1abc6":175,"c803b4a3":175,"e57d5cda":168,"478d2d4f":203,"831c7b85":176,"4d9b0b10":178,"be3a10f8":206,"8007f30e":156,"a577db1c":166,"e21c6207":174,"ba30e43a":191,"27d8bf51":175,"5a622a23":178,"805af3c7":178,"5f620a1e":178,"65a00a3c":175,"24ffcbd3":191,"1e191c98":163,"cf1124db":171,"5272520d":183,"a8726d50":161,"026766f3":175,"180377be":172,"30d84dce":155,"ef8321d8":183,"6a3eaf43":190,"ac38a6a5":190,"6de0aaac":167,"72d7b461":193,"a77e8461":183,"22234d6b":185,"2dda3936":164,"f271ed5d":178,"2d13e69b":175,"558d5ce7":174,"fb7482fe":176,"6cba74ce":157,"c793cdda":176,"836701f6":178,"b935fc1c":176,"1951480c":162,"095ab3b4":179,"312f7676":193,"5099c6a0":198,"20958d58":168,"cd522166":189,"69eeae0d":162,"8db5a165":171,"db8ba455":177,"74c26380":199,"ec110282":206,"616d6dd6":175,"3a291497":162,"2882a956":171,"c95719e5":165,"cf50e84e":163,"0114160e":168,"bbe71605":163,"2cce4fb2":183,"d36125db":182,"4945c851":187,"ce4da56f":173,"40569362":192,"9c58dd76":175,"c27969ec":172,"7a6aa4b6":177,"554ebb83":186,"03dcfa3d":173,"d0e9a58e":186,"a5aee5de":205,"23080895":166,"67f6e4f2":158,"0ac825ed":178,"01cd8099":188,"3e602573":178,"d0c0fc08":158,"6fb4cdda":192,"06ee61b6":160,"90a06ee9":185,"c5b35e4d":160,"a4296d1e":171,"1a68160d":179,"501db4de":178,"4e5aaaec":159,"21ad2f34":183,"feb67030":167,"3b7763b1":159,"27d8bf51":176,"2ad42a9e":201,"da3437cd":167,"75ffea08":179,"dac109cf":168,"ba30e43a":192,"df2b4d87":166,"2045d7d6":176,"4577b333":177,"c015ec5a":175,"6df0b2e8":200,"5eaa1581":170,"1ed46298":191,"3c18f28e":174,"181c3dd5":181,"e9a8cf11":180,"c64de0c0":158,"9d63c4dd":181,"d1fe2868":192,"aff8e442":176,"f2364460":174,"5a0eb771":174,"5f7d7195":179,"c98d5272":171,"7f6d1d0e":190,"f56ac638":157,"124fbe96":168,"e4117b3b":157,"93b0a158":191,"7ee7621c":177,"07f98660":189,"9fce073c":174,"0bfabf48":166,"ad303bda":167,"93b9fae6":171,"67c57de4":191,"d83294cd":166,"e5b1abc6":176,"478d2d4f":204,"0042f6eb":172,"902f49f5":176,"4279e829":196,"ca6d2d91":177,"0d5ee801":171,"142d6987":175,"cd3bbe7e":177,"20e470e0":175,"d1ca5d6b":184,"22176537":176,"8547fbc2":172,"284544ba":167,"ef1c2dcb":180,"172217e5":188,"508aac3d":186,"d2a841c9":174,"1f342a00":170,"3f65f121":189,"98915a1f":162,"7d6895f4":184,"84b67924":179,"9a467a82":183,"363590c7":194,"5623817d":166,"3f2522c2":190,"6c486702":185,"fead11cf":178,"eb2e1983":172,"92ca52b7":190,"616d6dd6":176,"d8e58a8c":196,"537634c9":161,"012de09c":173,"7896b953":186,"61145ec9":187,"b2cfdbcf":168,"8dd649a3":176,"578f6e9e":192,"71ff66e8":180,"60e855ee":190,"b84a06eb":176,"66554572":147,"e7e82473":203,"d6db2b02":183,"26009d3f":162,"1be05c14":184,"95f6db13":179,"aa00769b":190,"e0e6a097":173,"946df4fd":201,"d0e9a58e":187,"685207b3":176,"b215547b":165,"2e3503e4":187,"c5b35e4d":161,"06ee61b6":161,"f33c0140":179,"7f86be64":174,"27d8bf51":177,"4e5aaaec":160,"93e8cee5":201,"18d20aa1":184,"92136ff5":180,"261c9911":185,"ecfa8249":186,"4577b333":178,"4c39240e":189,"24ffcbd3":192,"4f5e3e7d":165,"b7df1559":176,"92d38723":187,"dd1fcb17":166,"5eaa1581":171,"c9efc8f6":170,"162a7348":168,"6df0b2e8":201,"031e488e":189,"aec4e1bf":185,"5a734022":162,"4ed01268":170,"6e98dfda":180,"394dc144":170,"77f31bab":192,"8ec3834d":190,"c81b2bcf":157,"088feee2":178,"02d4753e":197,"742f1425":186,"c27969ec":173,"0ac825ed":179,"792cfcbd":177,"b4fdf90e":190,"11b74e63":178,"20811ddf":181,"d1d40c9c":191,"a502c93c":167,"0d770b97":174,"e382ec3f":165,"f56ac638":158,"07f98660":190,"30b6808c":166,"00a17b46":178,"4f59a322":179,"c8113b77":163,"53b4e647":173,"0d28db94":167,"d9f512b9":185,"fbdffc95":169,"92f800f5":185,"259930ee":185,"58d46189":190,"1f11812e":191,"dbd2f139":177,"db703021":172,"5272520d":184,"6e24d88b":165,"751bcf25":170,"f069bb07":171,"12dd6f5e":158,"bca2d7cd":170,"30dd2edc":173,"72d7b461":194,"ef8321d8":184,"b7832271":194,"22ecaed0":172,"51f57142":177,"a625328f":184,"01d817b8":153,"778c95e9":174,"d2a841c9":175,"884b0ad1":172,"0f89862c":153,"7af262e5":198,"0042f6eb":173,"6a7392d5":158,"11b2c8d9":170,"c6dc900c":150,"9b546d65":168,"a15713c6":202,"906fdec3":161,"2c6cb96f":151,"3c0df8b4":192,"5f0c1b9d":186,"7ae34c64":171,"cf1b8c47":189,"71ff66e8":181,"f5cd79c1":185,"5410e9c6":182,"5b60dd1d":174,"82868763":171,"317c1591":192,"42191b64":152,"de36827b":196,"8298e976":188,"fb44fa9c":184,"1f88a4b7":203,"2d1e1e9d":180,"17b08923":174,"e0f7679f":159,"f3992a31":190,"e1618359":185,"d548635d":179,"0dad37d5":182,"1a68160d":180,"6fb4cdda":193,"79f04300":186,"f734c84c":199,"bc09fa9e":180,"4295ce9a":177,"a851554d":178,"21e10a2b":176,"feb67030":168,"ccb5ea3e":159,"12534561":178,"8cddb65e":178,"f94bf9ea":171,"bfcb912a":179,"8d04852b":174,"540df50f":182,"5f6613c8":165,"50d129cf":170,"2b3e4717":180
1604737645795,"935ec056":165,"04bef50c":154,"bd2705b0":187,"c0b23081":200,"6ee92259":190,"cb4f262b":167,"51a3e9c2":172,"753ca352":180,"0bfabf48":167,"93b9fae6":172,"abd32136":187,"53b4e647":174,"053f3451":177,"7a840529":173,"75ffea08":180,"4577b333":179,"a577db1c":167,"14c682eb":161,"0f029727":173,"92f800f5":186,"ffc86f94":167,"4c0e547b":190,"478d2d4f":205,"9a3ab0b8":174,"7af262e5":199,"20958d58":169,"c463799d":176,"bd62d7ed":166,"345c9967":168,"195eb771":182,"f3a0c2ee":174,"65e4235b":181,"ec110282":207,"43bc86e3":169,"2c6cb96f":152,"a4f1d83b":163,"74f234c6":209,"d70ca4f4":198,"30d84dce":156,"7a9344a4":198,"66b7b5b4":174,"467773ac":171,"d83870f5":169,"7f6d1d0e":191,"d1d40c9c":192,"ccf8b803":184,"b88033fd":189,"04643409":183,"36b7003c":206,"bda8cdfb":186,"70c1e715":183,"0d2a1c58":172,"eeaa2d46":197,"37d0cae2":162,"d929098e":153,"6b82b527":180,"20811ddf":182,"07f98660":191,"af7e5be8":179,"8fb236a9":164,"e28c2efc":161,"7fb4c521":181,"9b742f71":171,"b2c25d1c":173,"f3992a31":191,"e1618359":186,"c85a0d80":175,"06ee61b6":162,"cb51f134":186,"e1f0dbfd":201,"e2a7d915":153,"40e79dd3":175,"c8dc010f":179,"92136ff5":181,"7bebff03":176,"53747a91":169,"1623fc9f":177,"caddd0a7":183,"ba30e43a":193,"b320feb9":181,"30b6808c":167,"cf9f4757":172,"c1bb74f2":170,"a0685bf3":196,"8f10fa42":207,"a567ace4":176,"05f6ab35":184,"6a3eaf43":191,"217c0327":162,"d1715f3b":194,"2f455cce":170,"51f57142":178,"d744bee2":170,"f3d68430":190,"2d54e0a8":178,"8dd2684c":179,"aaa274a5":173,"bb99c79c":177,"0f89862c":154,"eebc8d43":173,"d102b0c6":163,"336d0f08":186,"02d4753e":198,"c609739e":187,"3d1af513":188,"a0b03218":181,"04612878":198,"ea274174":185,"9e878ec2":188,"812b4f15":162,"2198ba8e":169,"7ae3fc50":162,"48655f09":218,"b460f030":199,"a5676c24":176,"c91966ce":172,"b2cfdbcf":169,"abc1d7ad":200,"fafb4cc2":225,"28d40296":145,"c8fcad77":161,"14c682eb":162,"0c0e98ea":172,"4279e829":197,"e62d705f":167,"9d4da635":160,"db703021":173,"430a5db5":184,"059d6c19":188,"a851891c":173,"45b5746e":183,"72805bf5":172,"d6d61bfc":195,"71279c46":177,"40860a4b":156,"12534561":179,"bc3dc66a":176,"a2c334e7":199,"36684155":181,"f2364460":175,"2a387957":174,"1a0189c4":172,"c6c85783":184,"650bb0e0":172,"842c8340":169,"5b5fc566":176,"4652b09a":184,"93b0a158":192,"7ee7621c":178,"c0b23081":201,"6b82b527":181,"19f9ca86":183,"836701f6":179,"2203f259":191,"9a3cc55d":167,"c318d350":190,"1da771fb":182,"014bdff0":177,"88a30343":181,"bd2705b0":188,"a06a6430":183,"9f2b16a7":191,"c21ab51e":158,"9267f0ef":186,"e7abc88d":161,"1247fa52":183,"90a06ee9":186,"d34a29b9":190,"4e5aaaec":161,"5a622a23":179,"53747a91":170,"feb67030":169,"ded7da5a":184,"85de05f2":178,"cd421290":175,"4577b333":180,"868cda42":179,"1dad0f99":168,"ad303bda":168,"c803b4a3":176,"ffa08d82":176,"53b4e647":175,"87cd2add":157,"7db3edda":177,"2c627253":178,"1f7607df":165,"f5596d0f":182,"d3a669ac":190,"01d817b8":154,"fd369c21":185,"945b63f0":193,"9147702f":158,"affb82bf":194,"c793cdda":177,"9c045c61":185,"fd6dcb20":180,"88432019":168,"92ca52b7":191,"6a7392d5":159,"dfcc2ad1":199,"4c0e547b":191,"9b546d65":169,"c6dc900c":151,"a567ace4":177,"1438fad7":181,"b2703001":186,"90731976":165,"4ff2225d":177,"8b2b601d":186,"013ee301":167,"7ae3fc50":163,"812b4f15":163,"d102b0c6":164,"a43061ee":167,"4ea4a2a1":194,"a5aee5de":206,"c7c4ec5c":167,"9fc713b0":192,"7a6aa4b6":178,"24d24fa3":165,"761cf820":189,"1bd5b20b":192,"f1098793":179,"cf52025e":172,"1d44aff3":183,"a577db1c":168,"0f029727":174,"a81a857c":168,"c1bdfd41":174,"5ab7bc35":186,"5272520d":185,"cf1124db":172,"3f9b5722":164,"751acea8":170,"30fdcd3b":185,"7cd0ad7b":178,"66497c7e":173,"d9d0c567":183,"4bc46d7a":169,"313258f2":184,"cf1b8c47":190,"5f0c1b9d":187,"906fdec3":162,"4125085e":185,"162a7348":169,"3a1d1632":158,"bc3dc66a":177,"b230e8d3":178,"c4bff41f":192,"48efc739":193,"aa9ea5e8":158,"5d087c79":179,"25d1b2d8":181,"5957df9e":168,"04643409":184,"99e171db":172,"b88033fd":190,"a502c93c":168,"c564e316":183,"695a2b92":170,"a77e127d":155,"e238f09b":194,"04cc7cbe":171,"fea793f5":184,"730a4938":163,"ba586505":184,"6841f77e":190,"ee21ad02":200,"c7313e0a":191,"cb51f134":187,"69134f07":164,"80a8a56d":178,"77300e4a":154,"36380d96":181,"e9679ede":177,"efd23af5":164,"5fa12feb":186,"6490bac6":170,"9aa6a054":179,"7e95c5a0":183,"af7e5be8":180,"abd32136":188,"e4cfef0a":176,"cb142908":165,"faf4f98b":184,"af0b61ab":181,"eafbf9fb":178,"72d7b461":195,"39ba00f0":182,"30dd2edc":174,"8cd78f77":181,"4469c815":150,"aec074c4":185,"172217e5":189,"84b767be":202,"9e206c95":196,"6d339d45":153,"284544ba":168,"6143f39d":183,"d78dd457":167,"e5b1abc6":177,"e45b4b53":167,"5410e9c6":183,"dc583e64":192,"ce4da56f":174,"2cce4fb2":184,"cf50e84e":164,"013ee301":168,"6c73ae98":155,"b36a0d66":165,"045f280d":182,"1bd5b20b":193,"3e602573":179,"8c6e001f":153,"aa00769b":191,"8245f916":168,"379184a7":202,"2198ba8e":170,"50312237":183,"71bc1295":171,"01cd8099":189,"e0e6a097":174,"2d382981":168,"fa55f27a":185,"24d24fa3":166,"2bcca6a7":198,"831c7b85":177,"a66a2d8a":192,"c463799d":177,"9b546d65":170,"a0cca8b7":168,"9d0546ac":166,"ded7da5a":185,"638cb163":199,"f4343817":180,"719c8869":189,"ce3bf5db":179,"df2b4d87":167,"d6f0d94a":178,"c8fcad77":162,"b7505747":186,"d0c104c4":151,"0d5ee801":172,"b28a5e67":204,"537634c9":162,"781ace7d":175,"012de09c":174,"74c26380":200,"313258f2":185,"61145ec9":188,"227006e4":180,"72805bf5":173,"5774ac0d":191,"4125085e":186,"162a7348":170,"254cc28c":181,"77bae750":172,"4911acad":146,"4ed01268":171,"af034fee":190,"66d94227":172,"36b7003c":207,"c6c85783":185,"e15fd611":166,"60e855ee":191,"ee75b607":167,"d929098e":154,"a502c93c":169,"8bc04eb5":182,"aa187e3b":178,"730a4938":164,"e4117b3b":158,"a8726d50":162,"0c0e98ea":173,"1e191c98":164,"66497c7e":174,"74f234c6":210,"efe84c27":181,"6fb4cdda":194,"c7313e0a":192,"696fdac5":185,"90a06ee9":187,"f3992a31":192,"c5b35e4d":162,"0bfabf48":168,"e28c2efc":162,"9f74b8a4":165,"7566fdd6":178,"4f59a322":180,"0d7d88f1":176,"abd32136":189,"6de0aaac":168,"51f57142":179,"508aac3d":187,"9a467a82":184,"835358a0":172,"1d153b20":182,"8cd78f77":182,"12012fbd":167,"f069bb07":172,"d1715f3b":195,"f5596d0f":183,"70c1e715":184,"fb7482fe":177,"730338c4":188,"5b60dd1d":175,"5623817d":167,"8dd649a3":177,"836701f6":180,"c0b7e7d7":162,"c7ab83c1":158,"6a60348e":170,"59431390":174,"95f6db13":180,"e36dfd6f":186,"06ddafc7":159,"0d2c95fe":176,"49910300":159,"804d4dfa":168,"8f2a7d69":176,"cd95f558":178,"4b4ef7fa":171,"01cd8099":190,"c4aa1e38":155,"812b4f15":164,"b7407bd3":170,"6ebe2354":157,"92d38723":188,"8c6e001f":154,"481754fc":153,"3a1b9af5":177,"23080895":167,"f5e8dfee":190,"b102f7bd":184,"8f10fa42":208,"9b546d65":171,"7bda83dd":167,"fef750ca":180,"1bc0591f":173,"51c57542":185,"df81ddee":163,"c8dc010f":180,"2ad42a9e":202,"44ff8baa":176,"e1571af7":176,"0a2f71bc":164,"805534ac":185,"2af60749":179,"b6ee137a":177,"c8fcad77":163,"d9d7c4c2":178,"a577db1c":169,"dac109cf":169,"e865e4dd":167,"95904ac4":195,"012de09c":175,"6023df54":169,"c9efc8f6":171,"2ab62345":167,"0681c48e":190,"c64de0c0":159,"031e488e":190,"a2c334e7":200,"d1fe2868":193,"c852d240":172,"8ec3834d":191,"66d94227":173,"bda8cdfb":187,"bf822e33":174,"0670c466":168,"f2364460":176,"4bc46d7a":170,"313258f2":186,"b28a5e67":205,"95d331b1":170,"16b476e9":176,"93b0a158":193,"d4d5f466":170,"ba586505":185,"e4117b3b":159,"00cf385d":190,"30d84dce":157,"f4634d0b":177,"93683c82":172,"c8977844":175,"b6591e25":181,"655941a0":186,"6f81493d":162,"685207b3":177,"53431634":199,"dbc9df44":161,"f121b82c":186,"77300e4a":155,"a4296d1e":172,"f2086446":168,"d5059415":174,"87cd2add":158,"8dd2684c":180,"ec2cb1af":186,"a63bddd4":214,"39ba00f0":183,"21ee2afe":191,"fd369c21":186,"9c045c61":186,"911e770b":179,"2d13e69b":176,"623c6a31":191,"7e991ab9":144,"af157d29":174,"fb7482fe":178,"bca2d7cd":171,"0785820e":173,"6034b6d0":188,"c8113b77":164,"ef91eaae":162,"e28c2efc":163,"5410e9c6":184,"a77e127d":156,"095ab3b4":180,"5099c6a0":199,"39bbc4bc":183,"22aeaf03":180,"19f9ca86":184,"26009d3f":163,"d9dcdc4b":189,"3310a049":180,"d6db2b02":184,"8298e976":189,"cf84fb54":184,"7732eb1e":197,"a0bc1ceb":169,"31f6d707":194,"3e602573":180,"06073f13":189,"e6fac295":171,"8d000d6e":161,"792cfcbd":178,"5a0ead91":155,"04612878":199,"f9c15fcc":169,"c4aa1e38":156,"17807120":171,"cf52025e":173,"de11eb19":188,"dd3913d2":173,"0f89862c":155,"05f6ab35":185,"261c9911":186,"40e79dd3":176,"26dd2000":192,"bfad1727":162,"25e0dd3d":173,"8f13c203":168,"07107f6e":182,"4def63ee":163,"f4343817":181,"e32524d6":165,"88fa53d6":157,"aa021138":198,"92f800f5":187,"28d40296":146,"9a3ab0b8":175,"92ca52b7":192,"30c184b8":171,"d78dd457":168,"17446892":176,"288a2c43":171,"227006e4":181,"12534561":180,"c64de0c0":160,"c4bff41f":193,"31f6ba51":165,"39a2fcce":164,"9ceb5439":164,"97e75c19":186,"8a52882e":182,"04643409":185,"91d52a55":174,"e99318a3":186,"fe44fc6f":165,"1d44aff3":184,"43bc86e3":170,"3a291497":163,"781ace7d":176,"3f75d3bc":197,"91f7ef72":165,"79be29c8":162,"d83870f5":170,"f56ac638":159,"61f25dd4":199,"19e9776f":171,"30dbfc69":171,"d634aa28":185,"906632cb":187,"ca6d2d91":178,"142d6987":176,"9267f0ef":187,"f3992a31":193,"a4296d1e":173,"c21ab51e":159,"bd2705b0":189,"6c20c153":177,"2882a956":172,"935ec056":166,"175bc6b2":156,"ccdd1ce6":180,"36d340f2":159,"945b63f0":194,"1f342a00":171,"8cc4a982":189,"d744bee2":171,"d1715f3b":196,"2c01e624":179,"9de29816":157,"383e232d":177,"a6626a13":166,"98915a1f":163,"619fda68":212,"8fb236a9":165,"d4ee22a4":186,"263762cb":164,"71ff66e8":182,"19f9ca86":185,"f6fe095d":189,"09ff339a":153,"e45b4b53":168,"b769bdfb":169,"013ee301":169,"05642105":184,"b2703001":187,"3310a049":181,"32c9fc47":179,"489a39f7":172,"0114160e":169,"5a0ead91":156,"ae8a09c4":183,"9260d96b":205,"93b9fae6":173,"9fce073c":175,"d83294cd":167,"43d87483":180,"0f89862c":156,"6c524f99":188,"1745a0f4":182,"36380d96":182,"f121b82c":187,"2e3503e4":188,"4eed1bea":181,"debe1f65":172,"4e5aaaec":162,"0149e11a":162,"14c682eb":163,"fb8bfb36":192,"08a06557":199,"638cb163":200,"e21c6207":175,"c8dc010f":181,"c7636527":163,"fce3c5c6":166,"57167c74":170,"dac109cf":170,"7af262e5":200,"33d6bb6a":174,"dfcc2ad1":200,"f67de058":180,"92efd84f":177,"be149c6f":161,"af034fee":191,"03b4ab60":163,"a2c334e7":201,"84369269":155,"68562193":183,"47cfba38":161,"789bd484":170,"6df0b2e8":202,"d82592f4":188,"e0e6a097":175,"0eaf08da":177,"ef16ca37":171,"f9c15fcc":170,"c609739e":188,"92d38723":189,"87922532":205,"17807120":172,"5ee911b5":162,"481754fc":154,"95904ac4":196,"b2cfdbcf":170,"5f96c2bc":172,"71e53c93":179,"7c0a2db6":173,"a5fd8ffd":179,"012de09c":176,"5ccf94d6":178,"19e9776f":172,"d0c104c4":152,"b6591e25":182,"cf1124db":173,"d70ca4f4":199,"751acea8":171,"dbc9df44":162,"c5b35e4d":163,"f121b82c":188,"d548635d":180,"06ee61b6":163,"be2955bb":179,"f33c0140":180,"290b4714":178,"9d4f1fe6":168,"6c20c153":178,"0d770b97":175,"1c0a9eff":169,"11b74e63":179,"37d0cae2":163,"a939b50b":177,"2a387957":175,"d957f027":177,"088feee2":179,"842c8340":170,"6d5fcd4c":172,"2a06ab95":195,"9e206c95":197,"8657c79d":172,"7080f122":167,"8cd78f77":183,"8dd2684c":181,"b935fc1c":177,"27f52ed3":204,"83086d4c":177,"93ac9ca3":180,"09ff339a":154,"07fc4a9a":191,"e7773397":165,"437fc3ec":193,"0be540c5":188,"66554572":148,"1be05c14":185,"a8871ddf":160,"d5059415":175,"621d6b18":180,"c8113b77":165,"53b4e647":176,"b73e789c":163,"7566fdd6":179,"43d87483":181,"40e79dd3":177,"53747a91":171,"9a80f004":182,"e2cbe594":180,"4295ce9a":178,"7be025ce":177,"85de05f2":179,"0a2f71bc":165,"ba30e43a":194,"ded7da5a":186,"4def63ee":164,"44c77422":182,"25776fc4":180,"d9f512b9":186,"a0685bf3":197,"fee32863":181,"05f6ab35":186,"7fdc2007":162,"a66a2d8a":193,"ba5c52af":170,"d78dd457":169,"9fa62fee":170,"affb82bf":195,"508aac3d":188,"eeaa2d46":198,"6de0aaac":169,"9147702f":159,"50c3164b":197,"a6003226":176,"1ed46298":192,"2132fe93":183,"2ab62345":168,"031e488e":191,"03b4ab60":164,"31d74eee":169,"23760167":173,"c9efc8f6":172,"254cc28c":182,"88a30343":182,"f044c0e1":174,"40569362":193,"1bd5b20b":194,"288afc30":186,"c609739e":189,"8493f3b2":176,"59c1e594":167,"812b4f15":165,"d0b297b2":161,"67f6e4f2":159,"48655f09":219,"ae8a09c4":184,"34658473":167,"03c398d2":182,"03dcfa3d":174,"a0cf08b3":142,"f3a0c2ee":175,"71ba7561":156,"6023df54":170,"52eca0dc":178,"69eeae0d":163,"db8ba455":178,"467773ac":172,"1f11812e":192,"b7434f57":140,"a4f1d83b":164,"4ee62a26":164,"58d46189":191,"8db62558":179,"d34a29b9":191,"11b74e63":180,"0d770b97":176,"290b4714":179,"124fbe96":169,"16b476e9":177,"3b2dee89":172,"e356abf1":186,"5f7d7195":180,"088feee2":180,"8a52882e":183,"aff8e442":177,"f2f58418":167,"3661e12d":178,"01d817b8":155,"08c6b5d2":182,"f6fe095d":190,"c564e316":184,"a58bf525":175,"317c1591":193,"fb7b7b3c":201,"09ff339a":155,"93ac9ca3":181,"17b08923":175,"cf50e84e":165,"385ab7c6":183,"6034b6d0":189,"2b698053":172,"753ca352":181,"7566fdd6":180,"e57d5cda":169,"ffa08d82":177,"5be594be":176,"2e3503e4":189,"c5b35e4d":164,"8e99d5d0":207,"704bce0d":169,"0da28f5b":193,"da3437cd":168,"20777945":175,"27d8bf51":178,"201cafad":175,"9a80f004":183,"28d40296":147,"51c57542":186,"7043382d":179,"08a06557":200,"f9f2c53f":158,"fce3c5c6":167,"e32524d6":166,"e786063b":187,"c015ec5a":176,"13b53c7a":180,"dfcc2ad1":201,"78b97937":194,"2a4a402a":167,"55928ef1":176,"508aac3d":189,"22ecaed0":173,"30dd2edc":175,"6751d8e4":188,"f4726450":167,"416a9e97":169,"2d13e69b":177,"383e232d":178,"fb7482fe":179,"7028b044":173,"be149c6f":162,"bb8a6337":167,"6a7392d5":160,"dc0c8b09":194,"7732eb1e":198,"66554572":149,"6c73ae98":156,"489a39f7":173,"868edcc0":191,"34658473":168,"67f6e4f2":160,"5ee911b5":163,"7a2f3f06":170,"4b4ef7fa":172,"a533489b":196,"13f0e139":168,"ef16ca37":172,"56752a4a":165,"358e45b1":171,"468fc85c":183,"35b58ef9":161,"a43061ee":168,"0f72f2d8":178,"aa76bc50":146,"3101354b":155,"a851891c":174,"6023df54":171,"c91966ce":173,"61145ec9":189,"e865e4dd":168,"0841052c":197,"db703021":174,"3b690f68":195,"94a2fe10":191,"c8977844":176,"d0c104c4":153,"1a2ec5d7":194,"ee75b607":168,"9d4f1fe6":169,"4b125e7b":169,"11b74e63":181,"e4714415":199,"32133249":183,"c93c3508":154,"ccf8b803":185,"081460bf":178,"44a4f7cd":181,"a1370ab0":175,"84369269":156,"23760167":174,"aff8e442":178,"449d8475":165,"faf3ed07":166,"d39724bc":170,"6c20c153":179,"263762cb":165,"1951480c":163,"c564e316":185,"b769bdfb":170,"b1f58563":170,"c318d350":191,"c7ab83c1":159,"91b28f83":181,"0785820e":174,"43d87483":182,"7566fdd6":181,"d83294cd":168,"ef14000f":194,"f1df62b4":187,"9c29f0ed":196,"e1618359":187,"e7abc88d":162,"c4feee5b":174,"0dad37d5":183,"754f98c9":192,"168e75d9":182,"f598a332":167,"a0cca8b7":169,"27d8bf51":179,"9a80f004":184,"c45d554f":186,"21ad2f34":184,"feb67030":170,"fb8bfb36":193,"719c8869":190,"37a7d5b0":177,"0f029727":175,"e5d3655c":203,"25a2844e":175,"18815a1b":171,"15620dca":195,"6cba74ce":158,"865d9857":169,"f069bb07":173,"f87c5031":181,"835358a0":173,"623c6a31":192,"af0b61ab":182,"01d817b8":156,"84b767be":203,"9fa62fee":171,"c0e2624b":170,"de6213c7":175,"7fdc2007":163,"f67de058":181,"eb2e1983":173,"f5e8dfee":191,"3c782bb3":177,"de36827b":197,"0d2c95fe":177,"e81834aa":204,"6c73ae98":157,"d6db2b02":185,"1db42092":185,"5ee911b5":164,"4f5e3e7d":166,"b4fdf90e":191,"92d38723":190,"f1862e79":155,"f1098793":180
1604737646684,"336d0f08":187,"9c58dd76":176,"d102b0c6":165,"56752a4a":166,"e6fac295":172,"35b58ef9":162,"01cd8099":191,"dfc89705":182,"c6dc900c":152,"062179c1":175,"6e44927f":179,"731fc335":161,"aa867541":170,"3c0df8b4":193,"5f620a1e":179,"25776fc4":181,"2af60749":180,"026766f3":176,"9316e7e8":147,"430a5db5":185,"d70ca4f4":200,"8db62558":180,"c3e6ef01":176,"30fdcd3b":186,"69eeae0d":164,"4abb7aed":173,"a5fd8ffd":180,"76f3a3be":184,"e4714415":200,"5ac86fb9":182,"40860a4b":157,"b230e8d3":179,"5f6613c8":166,"1634789b":167,"17446892":177,"088feee2":181,"5a0eb771":175,"0670c466":169,"8a52882e":184,"ce3407dd":170,"5d087c79":180,"ad2d7bed":186,"aa187e3b":179,"263762cb":166,"014bdff0":178,"82868763":172,"1c0a9eff":170,"5acce642":181,"11b74e63":182,"7f6d1d0e":192,"5b5fc566":177,"07f98660":192,"a85d89cc":177,"1dad0f99":169,"91536e85":189,"c382f054":192,"9b742f71":172,"80a8a56d":179,"34c5c729":178,"4b4ecbce":163,"69d4b754":169,"ab7d4c9a":168,"ab7467de":191,"f9f2c53f":159,"4e5aaaec":163,"e21c6207":176,"4eed1bea":182,"a0ce82b4":176,"ef14000f":195,"4930f321":168,"00a17b46":179,"e9adbe58":173,"21ee2afe":192,"6143f39d":184,"8547fbc2":173,"ef8321d8":185,"3062379b":172,"3661e12d":179,"6751d8e4":189,"affb82bf":196,"5747db6e":194,"3c6692a3":197,"eb7b4e29":173,"d0d6acb1":185,"084cbc0b":165,"82204d54":169,"6d61bf13":168,"6b79fec2":168,"b769bdfb":171,"71ff66e8":183,"e8f173b5":182,"06ddafc7":160,"5678ed7b":194,"4b3e3b1c":186,"49910300":160,"ce4da56f":175,"a24e6670":181,"36fb15d2":194,"408bb2ed":179,"5f8517b7":201,"34658473":169,"1c3a30c5":181,"288afc30":187,"761cf820":190,"0eaf08da":178,"de11eb19":189,"03dcfa3d":175,"26c6fa34":168,"a543ec74":154,"2d382981":169,"ac62fac2":199,"d78dd457":170,"0f89862c":157,"a66a2d8a":194,"831c7b85":178,"c510bfd3":190,"e5b1abc6":178,"d25e0f8d":203,"0b959527":166,"aab4d996":172,"65a00a3c":176,"14c682eb":164,"7be025ce":178,"b320feb9":182,"2af60749":181,"e62d705f":168,"430a5db5":186,"4360a1a3":192,"f1b493de":202,"6e24d88b":166,"7cd0ad7b":179,"49cb2959":188,"0a1d11e6":165,"f3a0c2ee":176,"ef8987d7":164,"b28a5e67":206,"fafb4cc2":226,"dd035d2a":168,"5774ac0d":192,"dc473de1":160,"2132fe93":184,"0ecfa1c9":166,"f94bf9ea":172,"c64de0c0":161,"5ac86fb9":183,"f4b2f575":170,"1634789b":168,"9ceb5439":165,"1a0189c4":173,"2a387957":176,"c6c85783":186,"66d94227":174,"93b0a158":194,"11b74e63":183,"e6ec8cbf":193,"1757a30e":166,"124fbe96":170,"bf30a08f":196,"b0869206":182,"cf1124db":174,"a4296d1e":174,"288d171f":181,"d548635d":181,"0dad37d5":184,"acac14fb":170,"c21ab51e":160,"6b78ad7f":177,"3007f31f":169,"c650b434":181,"30b6808c":168,"cf9f4757":173,"629800eb":190,"9c29f0ed":197,"8ac72326":177,"621d6b18":181,"9fce073c":176,"7080f122":168,"01d817b8":157,"affb82bf":197,"08c6b5d2":183,"49902219":200,"bca2d7cd":172,"315537b2":187,"b947257e":183,"4469c815":151,"2d54e0a8":179,"2f455cce":171,"6a3eaf43":192,"b7832271":195,"af0b61ab":183,"3a204e56":178,"2203f259":192,"83086d4c":178,"8dd649a3":178,"93ac9ca3":182,"016953e4":193,"c7ab83c1":160,"3310a049":182,"8aa78e2f":165,"0114160e":170,"0d2c95fe":178,"a4dafea5":174,"de36827b":198,"820225e4":152,"50312237":184,"2e99f8fd":170,"a43061ee":169,"45b038bb":208,"87922532":206,"9263c525":183,"5f8517b7":202,"e6fac295":173,"408bb2ed":180,"e8d74304":168,"358e45b1":172,"f1098793":181,"9c58dd76":177,"0f72f2d8":179,"e5b1abc6":179,"d78dd457":171,"8f10fa42":209,"9a07d89b":161,"0e2b5d2f":180,"a0685bf3":198,"25a2844e":176,"4e5aaaec":164,"cd421290":176,"9a80f004":185,"f734c84c":200,"ecfa8249":187,"08a06557":201,"49b358bd":182,"d6f0d94a":179,"44c77422":183,"e3547548":169,"a577db1c":170,"7043382d":180,"906632cb":188,"b6591e25":183,"a901627e":173,"d8e58a8c":197,"d9a64845":174,"6023df54":172,"c9efc8f6":173,"2132fe93":185,"12534561":181,"5f6613c8":167,"5774ac0d":193,"1d790491":177,"57d5dee8":182,"5f7d7195":181,"1634789b":169,"deb31f35":179,"1a0189c4":174,"23760167":175,"650bb0e0":173,"5957df9e":169,"4abb7aed":174,"56473430":191,"f3a0c2ee":177,"0d770b97":177,"87c462ee":187,"1757a30e":167,"730a4938":165,"7735c3c2":174,"6841f77e":191,"e356abf1":187,"ddec9e54":178,"0c0e98ea":174,"467773ac":173,"9316e7e8":148,"ca6d2d91":179,"685207b3":178,"c5b35e4d":165,"c0fea118":164,"3498f223":177,"f76a3e83":178,"0da28f5b":194,"b2c25d1c":174,"87cd2add":159,"76f94eda":192,"629800eb":191,"2b698053":173,"f7231212":174,"6034b6d0":190,"43d87483":183,"eeaa2d46":199,"9a467a82":185,"ccdd1ce6":181,"01d817b8":158,"6cba74ce":159,"623c6a31":193,"8cd78f77":184,"2dda3936":165,"72d7b461":196,"5747db6e":195,"1f7607df":166,"e58b26f6":193,"98915a1f":164,"aa5dfdf5":177,"8dc9b4db":183,"c318d350":192,"014bdff0":179,"e7773397":166,"c95719e5":166,"fe1d4419":174,"dc583e64":193,"013ee301":170,"49910300":161,"a8871ddf":161,"4ff2225d":178,"6c73ae98":158,"a3d4a0e5":192,"e8f173b5":183,"ef16ca37":173,"8f2a7d69":177,"64a7f79f":184,"336d0f08":188,"87922532":207,"b8397293":168,"0eaf08da":179,"4f5e3e7d":167,"d82592f4":189,"792c9b6a":172,"eb2e1983":174,"c463799d":178,"4c0e547b":192,"25a2844e":177,"7bda83dd":168,"e35a63cd":179,"78b97937":195,"4eed1bea":183,"daab45c6":165,"f9f2c53f":160,"debe1f65":173,"20777945":176,"7bebff03":177,"547903ef":183,"44c77422":184,"b320feb9":183,"a33fe0dd":181,"4577b333":181,"25776fc4":182,"014460b9":201,"5f620a1e":180,"13f0e139":169,"f9c15fcc":171,"a43061ee":170,"eed20185":195,"be149c6f":163,"31f6ba51":166,"181c3dd5":182,"2ab62345":169,"4911acad":147,"5e09f69e":202,"97e75c19":187,"0670c466":170,"dc473de1":161,"1634789b":170,"37fbb107":185,"5a0eb771":176,"a983a6dc":167,"5339e1e9":192,"f3a0c2ee":178,"61145ec9":190,"74c26380":201,"28654c76":190,"ec110282":208,"a5fd8ffd":181,"5f96c2bc":173,"16b476e9":178,"9d4f1fe6":170,"0c043224":189,"58d46189":192,"c2bb8aae":172,"7cd0ad7b":180,"ddec9e54":179,"6f81493d":163,"9316e7e8":149,"b3863630":174,"c0fea118":165,"972f4174":186,"e0154608":181,"f2086446":169,"69d4b754":170,"704bce0d":170,"f56ac638":160,"a502c93c":170,"e6ec8cbf":194,"f0a06216":183,"20811ddf":183,"8ac72326":178,"cf9f4757":174,"315537b2":188,"08c6b5d2":184,"affb82bf":198,"8cc4a982":190,"d6320619":166,"9147702f":160,"30dd2edc":176,"aaa274a5":174,"b7832271":196,"416a9e97":170,"284544ba":169,"8cd78f77":185,"8657c79d":173,"2c627253":179,"ffa08d82":178,"6f39f4d9":187,"004f1ef3":209,"f1dffa24":158,"8e4c33d2":169,"c0b7e7d7":163,"095ab3b4":181,"22aeaf03":181,"5678ed7b":195,"b769bdfb":172,"013ee301":171,"11888cfa":167,"bbe71605":164,"06ddafc7":161,"489a39f7":174,"cf50e84e":166,"de11eb19":190,"9260d96b":206,"ae8a09c4":185,"a06a6430":184,"9f74b8a4":166,"cb142908":166,"9b546d65":172,"c45d554f":187,"547903ef":184,"2ad42a9e":203,"53747a91":172,"ecfa8249":188,"d25e0f8d":204,"261c9911":187,"f8b31ce5":202,"37a7d5b0":178,"7043382d":181,"3bad3c95":158,"d6f0d94a":180,"d9f512b9":187,"9e65c0ef":177,"eb2e1983":175,"b87158fb":173,"19551bad":166,"78467b8a":184,"05f6ab35":187,"c1bb74f2":171,"be149c6f":164,"60d6cee2":179,"17446892":178,"7af9d3b1":174,"b35bb8a1":170,"c81b2bcf":158,"8d04852b":175,"794f652b":191,"71279c46":178,"f2364460":177,"1d790491":178,"5339e1e9":193,"23760167":176,"90d52475":181,"a0b03218":182,"cfe72ead":170,"b8397293":169,"aefe13f5":188,"f1098793":182,"6f0fcb9d":188,"fe0df575":196,"17807120":173,"a5aee5de":207,"49bf2e95":165,"a0bc1ceb":170,"db8ba455":179,"fe44fc6f":166,"4bc46d7a":171,"94a2fe10":192,"9d4da635":161,"1f11812e":193,"7cd0ad7b":181,"d70ca4f4":201,"e62d705f":169,"d0c104c4":154,"685207b3":179,"ef8987d7":165,"f56ac638":161,"4abb7aed":175,"5b5fc566":178,"a851891c":175,"ad2d7bed":187,"7c0a2db6":174,"88ce179e":188,"290b4714":180,"67d30f2b":176,"935ec056":167,"affb82bf":199,"bc021def":175,"18815a1b":172,"3f65f121":190,"e9adbe58":174,"01d817b8":159,"1f7607df":167,"be4f8ba8":165,"de6213c7":176,"6a3eaf43":193,"730338c4":189,"b5763ff6":168,"a6626a13":167,"7566fdd6":182,"b935fc1c":178,"016953e4":194,"fb7b7b3c":202,"d1676e89":178,"5b60dd1d":176,"71ff66e8":184,"578f6e9e":193,"88a30343":183,"17b08923":176,"1138796e":187,"8298e976":190,"2cce4fb2":185,"411b5027":164,"056ea7ff":195,"ae95f2ba":196,"00a17b46":180,"6f39f4d9":188,"af7e5be8":181,"629800eb":192,"7af262e5":201,"478d2d4f":206,"dc0c8b09":195,"c382f054":193,"c85a0d80":176,"0dad37d5":185,"9b172ca8":156,"79f04300":187,"1e232870":179,"ab7467de":192,"40e79dd3":178,"44ff8baa":177,"9d0546ac":167,"79e4fa1c":178,"913a6226":186,"e1f0dbfd":202,"859545e6":167,"2154b6e8":168,"e5d3655c":204,"8f13c203":169,"4577b333":182,"4c39240e":190,"df2b4d87":168,"1bc0591f":174,"20958d58":170,"2c01e624":180,"72805bf5":174,"68562193":184,"0670c466":171,"6df0b2e8":203,"5d087c79":181,"40860a4b":158,"30c184b8":172,"d9dcdc4b":190,"336d0f08":189,"5ee911b5":165,"064a99c8":182,"8d000d6e":162,"03dcfa3d":176,"36fb15d2":195,"24d24fa3":167,"1bd5b20b":195,"946df4fd":202,"0ac825ed":180,"87922532":208,"b377a62a":165,"2198ba8e":171,"4cc141fa":151,"fef750ca":181,"91f7ef72":166,"74c26380":202,"dc03ebd2":191,"83b2f9c5":183,"7896b953":187,"56473430":192,"66497c7e":175,"0c0e98ea":175,"655941a0":187,"40a745c0":181,"0af920d8":163,"a4f1d83b":165,"1e7753d9":189,"685207b3":180,"c382f054":194,"8a165e17":182,"f0a06216":184,"d4d5f466":171,"91b28f83":182,"79be29c8":163,"7735c3c2":175,"e382ec3f":166,"d39724bc":171,"a6003226":177,"a939b50b":178,"42c80e69":192,"1a0189c4":175,"aec4e1bf":186,"7e15f8e8":183,"2a387957":177,"39a2fcce":165,"b9a48a5c":161,"fd6dcb20":181,"0277d748":185,"ef8321d8":186,"21ee2afe":193,"af157d29":175,"6d339d45":154,"0bd93cfd":148,"8274885a":175,"39bbc4bc":184,"d9dcdc4b":191,"3e082b37":171,"26009d3f":164,"385ab7c6":184,"ad303bda":169,"9aa6a054":180,"2ce1af05":159,"95539a58":171,"c38c2b52":172,"faf4f98b":185,"704bce0d":171,"dcf85091":158,"c0fea118":166,"6b78ad7f":178,"1e232870":180,"72b84094":207,"3b7763b1":160,"4eed1bea":184,"d25e0f8d":205,"c455f40e":170,"e21c6207":177,"ecfa8249":189,"49b358bd":183,"b7505747":187,"4c39240e":191,"e786063b":188,"ea6de194":184,"1623fc9f":178,"5f620a1e":181,"c463799d":179,"a0685bf3":199,"11b2c8d9":171,"1745a0f4":183,"9d023afb":176,"f2e3c0e3":156,"30c184b8":173,"aaa274a5":175,"835358a0":174,"2c01e624":181,"84b67924":180,"084cbc0b":166,"6e851762":169,"5774ac0d":194,"47cfba38":162,"13747b82":183,"5ac86fb9":184,"b230e8d3":180,"b1f58563":171,"82b81567":155,"b552beb3":189,"cd95f558":179,"1c3a30c5":182,"5781776a":180,"6db0ea86":163,"d36125db":183,"554ebb83":187,"b769bdfb":173,"b2bd8fd3":161,"a8871ddf":162,"de11eb19":191,"d8475b95":151,"71ff66e8":185,"d0b297b2":162,"45fb95c1":181,"eed20185":196,"2e99f8fd":171,"742f1425":187,"288afc30":188,"baebb391":188,"8eb64769":187,"9d4da635":162,"93683c82":173,"751acea8":172,"4360a1a3":193,"180377be":173,"66b7b5b4":175,"cd3bbe7e":178,"906fdec3":163,"abc1d7ad":201,"731fc335":162,"42cd2360":150,"3f75d3bc":198,"d5dae4c4":198,"345c9967":169,"1bb4ccc0":178,"d39724bc":172,"4652b09a":185,"a6b5e869":182,"44a4f7cd":182,"71279c46":179,"74e3d13e":182,"449d8475":166,"c67979e6":197,"99e171db":173,"ce3407dd":171,"c81b2bcf":159,"7e15f8e8":184,"12dd6f5e":159,"d3e84616":179,"21ee2afe":194,"dfa1a89b":173,"3454fa2b":162,"4469c815":152,"30dd2edc":177,"e382ec3f":167,"ad2d7bed":188,"54d7de6b":199,"578f6e9e":194,"f5cd79c1":186,"71ff66e8":186,"1da771fb":183,"26f99a1e":162,"77d35808":159,"c7ab83c1":161,"6f39f4d9":189,"67c57de4":192,"ac030e74":173,"9aa6a054":181,"4f59a322":181,"e28c2efc":164,"f1df62b4":188,"dbc9df44":163,"1a68160d":181,"90a06ee9":188,"104721f0":179,"7f86be64":175,"c21ab51e":161,"1e232870":181,"0149e11a":163,"efd23af5":165,"4dac6b20":152,"5fa12feb":187,"07107f6e":183,"79e4fa1c":179,"27d8bf51":180,"75ffea08":181,"aab4d996":173,"b7505747":188,"49b358bd":184,"859545e6":168,"c1bdfd41":175,"dac109cf":171,"7af262e5":202,"c463799d":180,"8721056e":165,"e5b1abc6":180,"dd7acb96":184,"d3a669ac":191,"b7832271":197,"272c7672":184,"6e851762":170,"3062379b":173,"70c1e715":185,"be149c6f":165,"19551bad":167,"a567ace4":178,"c1bb74f2":172,"17b08923":177,"3310a049":183,"90731976":166,"1db42092":186,"07fc4a9a":192,"54a676d6":167,"cf84fb54":185,"8d000d6e":163,"d33790a2":210,"cd95f558":180,"13f0e139":170,"9fc713b0":193,"b7407bd3":171,"458dcc3d":188,"d0e9a58e":188,"04612878":200,"0ac825ed":181,"8c6e001f":155,"71bc1295":172,"cbad3b92":204,"ae8a09c4":186,"6e24d88b":167,"66497c7e":176,"31408822":168,"a68a93b2":175,"180377be":174,"58d46189":193,"026766f3":177,"a901627e":174,"abc1d7ad":202,"aa867541":171,"45b5746e":184,"d5dae4c4":199,"345c9967":170,"4abb7aed":176,"bf30a08f":197,"c93c3508":155,"1ed46298":193,"540df50f":183,"aa9ea5e8":159,"2132fe93":186,"bad1a1cc":178,"e4714415":201,"b88033fd":191,"d5557fb4":184,"5339e1e9":194,"04643409":186,"e15fd611":167,"bda8cdfb":188,"8dd2684c":182,"865d9857":170,"67d30f2b":177,"e45b4b53":169,"8dc9b4db":184,"f1dffa24":159,"91b28f83":183,"1c0a9eff":171,"ae99df30":164,"7ee7621c":179,"37d0cae2":164,"9496f56f":180,"10ec5a0b":166,"a06a6430":185,"869cbaa0":194,"4d9b0b10":179,"4930f321":169,"1dad0f99":170,"696fdac5":186,"b2c25d1c":175,"655954ba":173,"470d50c2":185,"a4296d1e":175,"a836aa93":175,"90a06ee9":189,"e2cbe594":181,"cd421290":177,"6b9eff39":172,"b6ee137a":178,"a851554d":179,"70594a28":179,"5a622a23":180,"014460b9":202,"859545e6":169,"9e65c0ef":178,"6c486702":186,"5f4102da":182,"172217e5":190,"3661e12d":180,"558d5ce7":175,"e9adbe58":175,"22176537":177,"de6213c7":177,"2f455cce":172,"98915a1f":165,"284544ba":170,"2d54e0a8":180,"f271ed5d":179,"7028b044":174,"7af262e5":203,"a59a8290":185,"8007f30e":157,"dd3913d2":174,"50b558a7":161,"312f7676":194,"eda6a690":176,"1951480c":164,"e238f09b":195,"26009d3f":165,"cf50e84e":167,"90731976":167,"b552beb3":190,"6d802fa2":164,"2d1e1e9d":181,"045f280d":183,"0cb80f4a":181,"fa55f27a":186,"4ea4a2a1":195,"2198ba8e":172,"c7c4ec5c":168,"01cd8099":192,"358e45b1":173,"458dcc3d":189,"3d1af513":189,"cbad3b92":205,"e0e6a097":176,"946df4fd":203,"3e602573":181,"48655f09":220,"ce3bf5db":180,"e3547548":170,"b5ce0c0c":192,"49b358bd":185,"4ee62a26":165,"d033db8d":199,"751acea8":173,"40a745c0":182,"0c043224":190,"c2bb8aae":173,"db703021":175,"a901627e":175,"537634c9":163,"c91966ce":174,"d9a64845":175,"2c6cb96f":153,"08a561b7":173,"5f96c2bc":174,"c64de0c0":162,"181c3dd5":183,"61d4782d":175,"47cfba38":163,"0681c48e":191,"a6003226":178,"1d790491":179,"4911acad":148,"e15fd611":168,"aff8e442":179,"1b881e6e":182,"faf3ed07":167,"5339e1e9":195,"254cc28c":183,"bb00e71c":161,"f0a06216":185,"1a442bc7":160,"54d7de6b":200,"91b28f83":184,"ee21ad02":201,"ba586505":186,"ffa08d82":179,"621d6b18":182,"67c57de4":193,"8fb236a9":166,"e0154608":182,"c21ab51e":162,"80a8a56d":180,"0dad37d5":186,"1a68160d":182,"79f04300":188,"be2955bb":180,"201cafad":176,"5fa12feb":188,"d25e0f8d":206,"9d0546ac":168,"40e79dd3":179,"4e5aaaec":165,"27d8bf51":181,"e28c2efc":165,"7fb4c521":182,"b9be31d6":188,"9e206c95":198,"d3e84616":180,"6cba74ce":160,"3f65f121":191,"08c6b5d2":185,"2cb29e5a":184,"51f57142":180,"26c390d6":184,"a625328f":185,"2f455cce":173,"c0e2624b":171,"911e770b":180,"4bcd4a30":186,"de6213c7":178,"a0685bf3":200,"d78dd457":172,"a66a2d8a":195,"312f7676":195,"19f9ca86":186,"93ac9ca3":183,"3a204e56":179,"e7773397":167,"578f6e9e":195,"971675c5":183,"3c782bb3":178,"d9dcdc4b":192,"54a676d6":168,"59431390":175,"32c9fc47":180,"2d1e1e9d":182,"e36dfd6f":187,"5ee911b5":166,"9e878ec2":189,"c4aa1e38":157,"b2a8761b":164
1604737647296,"72805bf5":175,"af034fee":192,"0ecfa1c9":167,"725dce8b":188,"181c3dd5":184,"e4714415":202,"c81b2bcf":160,"394dc144":171,"64db4feb":195,"1d790491":180,"1634789b":171,"04643409":187,"bda8cdfb":189,"9d63c4dd":182,"30dd2edc":178,"175bc6b2":157,"d1715f3b":197,"b9a48a5c":162,"8dd2684c":183,"9e206c95":199,"eafbf9fb":179,"f271ed5d":180,"ef1c2dcb":181,"6e851762":171,"88b3bc99":165,"4cc141fa":152,"1bd5b20b":196,"a0b03218":183,"d0b297b2":163,"458dcc3d":190,"64a7f79f":185,"358e45b1":174,"baebb391":189,"56752a4a":167,"a543ec74":155,"0fc5ac7e":198,"4bcd4a30":187,"f069bb07":174,"71a2a493":149,"288a2c43":172,"a6003226":179,"6867261a":179,"c4bff41f":194,"cb6c9e42":202,"37a7d5b0":179,"d6f0d94a":181,"ca7d47f7":181,"ea6de194":185,"868cda42":180,"92f800f5":188,"caddd0a7":184,"2132fe93":187,"97e75c19":188,"a939b50b":179,"a47abfbb":162,"1634789b":172,"99e171db":174,"bad1a1cc":179,"fee32863":182,"2a4a402a":168,"7af262e5":204,"5f4102da":183,"bf822e33":175,"12dd6f5e":160,"3f65f121":192,"0277d748":186,"15620dca":196,"30dd2edc":179,"623c6a31":194,"172217e5":191,"5cd3cfe0":161,"a68a93b2":176,"30fdcd3b":187,"d0c104c4":155,"0af920d8":164,"7cd0ad7b":182,"94a2fe10":193,"c382f054":195,"6fb4cdda":195,"5e193fc8":187,"578f6e9e":196,"2203f259":193,"83086d4c":179,"d599b566":190,"e7773397":168,"7ee148e9":176,"0b3283c9":185,"2cce4fb2":186,"bab97de3":185,"ce4da56f":176,"de36827b":199,"8298e976":191,"8d753bb6":179,"1438fad7":182,"b2a8761b":165,"67f6e4f2":161,"5a0ead91":157,"481754fc":155,"d0e9a58e":189,"d8475b95":152,"2e99f8fd":172,"aa00769b":192,"40569362":194,"56752a4a":168,"6585adbe":156,"812b4f15":166,"ad8f85d6":197,"e6fac295":174,"aaa274a5":176,"70bc8325":170,"9ab755d3":169,"af0b61ab":184,"fd07e0ed":175,"284544ba":171,"0d2a1c58":173,"fd482491":203,"781ace7d":177,"345c9967":171,"537634c9":164,"db8ba455":180,"810aa5e9":188,"3f75d3bc":199,"ba586505":187,"37d0cae2":165,"d1d40c9c":193,"5b5fc566":179,"677c6a09":197,"17446892":179,"540df50f":184,"227006e4":182,"815e4582":189,"3498f223":178,"e7abc88d":163,"c0fea118":167,"288d171f":182,"debe1f65":174,"261c9911":188,"efd23af5":166,"18d20aa1":185,"f9f2c53f":161,"ab7467de":193,"a851554d":180,"a81a857c":169,"65a00a3c":177,"014460b9":203,"5ab7bc35":187,"3bad3c95":159,"d141db49":178,"d9f512b9":188,"b230e8d3":181,"cf775f58":188,"5f7d7195":182,"c93c3508":156,"1b881e6e":183,"5eaa1581":172,"1d790491":181,"af034fee":193,"a1921150":189,"124fbe96":171,"fea793f5":185,"67c57de4":194,"95539a58":172,"a06a6430":186,"597c1f81":178,"4d9b0b10":180,"7fb4c521":183,"e4cfef0a":177,"9b546d65":173,"13b53c7a":181,"a66a2d8a":196,"1bc0591f":175,"9d023afb":177,"a59a8290":186,"be3a10f8":207,"d5557fb4":185,"be4f8ba8":166,"a63bddd4":215,"49902219":201,"56d315d8":156,"dbd2f139":178,"142d6987":177,"026766f3":178,"430a5db5":187,"a8726d50":163,"c8977844":177,"09ff339a":156,"9a3cc55d":168,"363590c7":195,"004f1ef3":210,"26f99a1e":163,"f6fe095d":191,"3f2522c2":191,"4945c851":188,"0b5a0408":189,"868edcc0":192,"2cce4fb2":187,"6291e9e9":188,"95bc84f1":162,"f5829ac0":189,"36fb15d2":196,"b7407bd3":172,"b8397293":170,"c7c4ec5c":169,"74e01f6a":179,"ea274174":186,"48655f09":221,"458dcc3d":191,"6f0fcb9d":189,"de11eb19":192,"1c3a30c5":183,"dfa1a89b":174,"6d5fcd4c":173,"2dda3936":166,"558d5ce7":176,"730338c4":190,"835358a0":175,"af0b61ab":185,"08a561b7":174,"83b2f9c5":184,"d9d0c567":184,"012de09c":177,"91f7ef72":167,"731fc335":163,"195eb771":183,"fd07e0ed":176,"f271ed5d":181,"fb7482fe":180,"ea822700":176,"bc392d1c":162,"804d4dfa":169,"0f72f2d8":180,"4b4ecbce":164,"90a06ee9":190,"b2c25d1c":176,"69d4b754":171,"e1618359":188,"f76a3e83":179,"3498f223":179,"72b84094":208,"c45d554f":188,"0149e11a":164,"8ea21393":156,"fb8bfb36":194,"debe1f65":175,"f4343817":182,"4577b333":183,"28d40296":148,"75ffea08":182,"ca7d47f7":182,"2154b6e8":169,"92f800f5":189,"2af60749":182,"c852d240":173,"c9efc8f6":174,"ed4fad08":185,"57d5dee8":183,"9f5e6cba":188,"b230e8d3":182,"36684155":182,"36b7003c":208,"5e09f69e":203,"e4c312fe":180,"54d7de6b":201,"ba586505":188,"1bb4ccc0":179,"5eab91a0":186,"e6ec8cbf":195,"0d770b97":178,"7fb4c521":184,"67c57de4":195,"385ab7c6":185,"10ec5a0b":167,"9f74b8a4":167,"c38c2b52":173,"7566fdd6":183,"05f6ab35":188,"be3a10f8":208,"1d790491":182,"088feee2":182,"e99318a3":187,"c6c85783":187,"25d1b2d8":182,"ca6d2d91":180,"4279e829":198,"c2bb8aae":174,"8942c35b":178,"d634aa28":186,"bb98a6cf":199,"61f25dd4":200,"263762cb":167,"c318d350":193,"93ac9ca3":184,"578f6e9e":197,"836701f6":181,"6085137f":173,"a40846b7":177,"b84a06eb":177,"8b2b601d":187,"88a30343":184,"e7e82473":204,"0114160e":171,"54a676d6":169,"a8871ddf":163,"9e878ec2":190,"554ebb83":188,"064a99c8":183,"4ac6bd4e":168,"b946e146":195,"6d339d45":155,"172217e5":192,"945b63f0":195,"49902219":202,"88432019":169,"51f57142":181,"cd522166":190,"70ee0491":160,"2a4a402a":169,"e35a63cd":180,"ba5c52af":171,"3a291497":164,"2c6cb96f":154,"aa76bc50":147,"65e4235b":182,"26c390d6":185,"50c3164b":198,"8cd78f77":186,"1f342a00":172,"6e851762":172,"2180f99b":172,"c793cdda":178,"d82592f4":190,"de11eb19":193,"458dcc3d":192,"8c6e001f":156,"56752a4a":169,"8f2a7d69":178,"f1098793":183,"5a0ead91":158,"a5aee5de":208,"0f72f2d8":181,"685207b3":181,"cb51f134":188,"69d4b754":172,"2e3503e4":190,"470d50c2":186,"c7313e0a":193,"4e3f5178":192,"c650b434":182,"f9f2c53f":162,"40e79dd3":180,"201cafad":177,"21e10a2b":177,"ecfa8249":190,"8ea21393":157,"e1571af7":177,"b5ce0c0c":193,"014460b9":204,"bfcb912a":180,"deb31f35":180,"9b3f8714":178,"4abb7aed":177,"a5fd8ffd":182,"313258f2":187,"ee21ad02":202,"04bef50c":155,"a502c93c":171,"ad2d7bed":189,"0d770b97":179,"d39724bc":173,"1757a30e":168,"6034b6d0":191,"77bfed7e":177,"87083264":195,"753ca352":182,"53b4e647":177,"4930f321":170,"c38c2b52":174,"dcfaba4c":177,"c9efc8f6":175,"35aa7fd0":183,"ccf8b803":186,"61d4782d":176,"f66616b7":182,"5d087c79":182,"91d52a55":175,"a9b1bd51":140,"9ceb5439":166,"789bd484":171,"5410e9c6":185,"0b3283c9":186,"c564e316":186,"d1676e89":179,"82868763":173,"5623817d":168,"95f6db13":181,"19f9ca86":187,"8aa78e2f":166,"a24e6670":182,"b84a06eb":178,"e5d3655c":205,"e3547548":171,"28d40296":149,"4fd645f1":178,"cc11fef9":188,"cf1124db":175,"b7434f57":141,"180377be":175,"0af920d8":165,"dbd2f139":179,"be40590d":184,"12dd6f5e":161,"9e206c95":200,"12012fbd":168,"6d339d45":156,"6cba74ce":161,"623c6a31":195,"36d340f2":160,"0e2b5d2f":181,"78b97937":196,"a567ace4":179,"13b53c7a":182,"1105f790":207,"bd62d7ed":167,"0f89862c":158,"ef8987d7":166,"272c7672":185,"f4726450":168,"c0e2624b":172,"884b0ad1":173,"2c627253":180,"f069bb07":175,"b7832271":198,"1247fa52":184,"4b4ecbce":165,"fe578280":169,"f598a332":168,"4e3f5178":193,"c4feee5b":175,"e0154608":183,"72b84094":209,"daab45c6":166,"44ff8baa":178,"77898c22":152,"4e5aaaec":166,"9a80f004":186,"3b7763b1":161,"d9dcdc4b":193,"e7e82473":205,"8245f916":169,"26009d3f":166,"9260d96b":207,"4b4ef7fa":173,"cd95f558":181,"87ce8d1d":151,"608bc832":152,"5a0ead91":159,"458dcc3d":193,"e8d74304":169,"7a6aa4b6":179,"aefe13f5":189,"b8397293":171,"b460f030":200,"f1098793":184,"6e44927f":180,"83b2f9c5":185,"ae016053":209,"ec110282":209,"906fdec3":164,"52eca0dc":179,"11b74e63":184,"d83870f5":171,"abad2347":184,"b3f19a69":167,"ee21ad02":203,"6b82b527":182,"290b4714":181,"d4ee22a4":187,"cf9f4757":175,"8ac72326":179,"95539a58":173,"cc5a1d47":172,"1dad0f99":171,"e28c2efc":166,"0681c48e":192,"deb31f35":181,"c4bff41f":195,"c852d240":174,"031e488e":192,"61d4782d":177,"9d9dd9e5":172,"081460bf":179,"77bae750":173,"9ceb5439":167,"c81b2bcf":161,"394dc144":172,"7e15f8e8":185,"97e75c19":189,"e238f09b":196,"fe1d4419":175,"a58bf525":176,"c318d350":194,"5781776a":181,"317c1591":194,"07fc4a9a":193,"08a06557":202,"a577db1c":171,"d6f0d94a":182,"c015ec5a":177,"0b959527":167,"ca7d47f7":183,"b320feb9":184,"db703021":176,"467773ac":174,"381c68fa":182,"b7434f57":142,"d634aa28":187,"9a467a82":186,"dfa1a89b":175,"0e2b5d2f":182,"4c0e547b":193,"33d6bb6a":175,"20958d58":171,"7bda83dd":169,"9b546d65":174,"ec11fe5f":152,"01d817b8":160,"8cc4a982":191,"18815a1b":173,"d6320619":167,"fd369c21":187,"315537b2":189,"70bc8325":171,"2c627253":181,"88b3bc99":166,"d3a669ac":192,"fd07e0ed":177,"42191b64":153,"b552beb3":191,"1db42092":187,"6291e9e9":189,"6db0ea86":164,"e81834aa":205,"66554572":150,"1b153aef":183,"06073f13":190,"8493f3b2":177,"4cc141fa":153,"7a2f3f06":171,"a543ec74":156,"87ce8d1d":152,"b377a62a":166,"481754fc":156,"45b038bb":209,"35b58ef9":163,"3d1af513":190,"8eb64769":188,"6ebe2354":158,"cf1124db":176,"26ed1a5c":176,"685207b3":182,"6b78ad7f":179,"cb51f134":189,"f33c0140":181,"a3253019":169,"754f98c9":193,"4dac6b20":153,"f598a332":169,"3ef7432b":188,"c45d554f":189,"93e8cee5":202,"bc09fa9e":181,"7bebff03":178,"911e770b":181,"537634c9":165,"012de09c":178,"345c9967":172,"fafb4cc2":227,"08a561b7":175,"a15713c6":203,"1d44aff3":185,"ee75b607":169,"bd2705b0":190,"04cc7cbe":172,"6775d5cd":176,"1a442bc7":161,"95d331b1":171,"4d9b0b10":181,"bb00e71c":162,"50c468ba":172,"8fb236a9":167,"abd32136":190,"056ea7ff":196,"67c57de4":196,"8cddb65e":179,"af034fee":194,"a47abfbb":163,"03b4ab60":165,"42c80e69":193,"aff8e442":180,"5ac86fb9":185,"ce3407dd":172,"6df0b2e8":204,"842c8340":171,"5d087c79":183,"5f7d7195":183,"088feee2":183,"97e75c19":190,"d599b566":191,"6b9eff39":173,"28d40296":150,"75ffea08":183,"2045d7d6":177,"14c682eb":165,"e3547548":172,"dac109cf":172,"ffc86f94":168,"affb82bf":200,"f2ca27d9":191,"175bc6b2":158,"d4ee22a4":188,"82204d54":170,"b87158fb":174,"78b97937":197,"09560615":163,"f87c5031":182,"945b63f0":196,"416a9e97":171,"ea822700":177,"c0e2624b":173,"92efd84f":178,"aa5dfdf5":178,"1f342a00":173,"508aac3d":190,"3c6692a3":198,"467773ac":175,"142d6987":178,"a8726d50":164,"1f11812e":194,"93683c82":174,"5cd3cfe0":162,"a68a93b2":177,"685207b3":183,"1a2c020b":187,"104721f0":180,"ab7d4c9a":169,"754f98c9":194,"80a8a56d":181,"1e232870":182,"bc09fa9e":182,"efd23af5":167,"2c5c1dc0":170,"60e855ee":192,"437fc3ec":194,"b2703001":188,"95bc84f1":163,"b935fc1c":179,"6a60348e":171,"3c43e8a2":189,"fb7b7b3c":203,"4b3e3b1c":187,"ea274174":187,"6db0ea86":165,"1138796e":188,"e6fac295":175,"b35e9e1a":213,"ce4da56f":177,"3652bd66":179,"c27969ec":174,"336d0f08":190,"04612878":201,"379184a7":203,"ae8a09c4":187,"b4fdf90e":192,"a636f4c9":190,"27c8e038":192,"761cf820":191,"f1098793":185,"11b2c8d9":172,"0f89862c":159,"781ace7d":178,"2a76f1dd":164,"a5fd8ffd":183,"33d6bb6a":176,"3c0df8b4":194,"da04caac":193,"5ef93e5d":155,"db8ba455":181,"dd035d2a":169,"d83870f5":172,"d929098e":155,"b3f19a69":168,"9cb4697f":189,"11b74e63":185,"cb4f262b":168,"d815c5b4":210,"07f98660":193,"9496f56f":181,"10ec5a0b":168,"95539a58":174,"056ea7ff":197,"ef14000f":196,"d83294cd":169,"162a7348":171,"4125085e":187,"64db4feb":196,"e9a8cf11":181,"b230e8d3":183,"99e171db":175,"842c8340":172,"31f6ba51":167,"23760167":177,"725dce8b":189,"a1921150":190,"a9b1bd51":141,"8ec3834d":192,"84369269":157,"805534ac":186,"26dd2000":193,"5fa12feb":189,"07107f6e":184,"7b6a7048":177,"4def63ee":165,"aab4d996":174,"3fdb08f5":181,"9e65c0ef":179,"88fa53d6":158,"65a00a3c":178,"ca7d47f7":184,"25a2844e":178,"fe8f3d36":173,"6a7392d5":161,"733c86f8":188,"831c7b85":179,"e5b1abc6":181,"a0685bf3":201,"0e036ae9":193,"dfa1a89b":176,"175bc6b2":159,"9c045c61":187,"be4f8ba8":167,"8547fbc2":174,"7080f122":169,"1f342a00":174,"2c01e624":182,"6e24d88b":168,"4279e829":199,"31408822":169,"655941a0":188,"4360a1a3":194,"dbd2f139":180,"5ccf94d6":179,"4c4aa2e2":176,"145c7559":169,"fe578280":170,"f76a3e83":180,"4e3f5178":194,"e7abc88d":164,"f2086446":170,"5a07fc2e":156,"a58bf525":177,"eda6a690":177,"971675c5":184,"3712c4bd":161,"26f99a1e":164,"bab97de3":186,"0b3283c9":187,"0be540c5":189,"09f0db62":199,"69f3bfcc":171,"f044c0e1":175,"05642105":185,"489a39f7":175,"0d2c95fe":179,"67f6e4f2":162,"b7407bd3":173,"d102b0c6":166,"2e99f8fd":173,"b7df1559":177,"761cf820":192,"b6aaf976":178,"d82592f4":191,"92d38723":191,"8eb64769":189,"08a4c3f8":183,"812b4f15":167,"ac62fac2":200,"0f72f2d8":182,"d3a669ac":193,"e58b26f6":194,"d1ca5d6b":185,"884b0ad1":174,"2c6cb96f":155,"ef8987d7":167,"aa867541":172,"45b5746e":185,"f3a0c2ee":179,"4abb7aed":178,"a5676c24":177,"d39724bc":174,"16b476e9":179,"04cc7cbe":173,"67d30f2b":178,"e4c312fe":181,"abad2347":185,"e356abf1":188,"053f3451":178,"1dad0f99":172,"53b4e647":178,"540df50f":185,"b7cc7909":194,"af034fee":195,"288a2c43":173,"bc3dc66a":178,"50d129cf":171,"8cddb65e":180,"77bae750":174,"76f3a3be":185,"5f7d7195":184,"7e8e1c3d":174,"53747a91":173,"a851554d":181,"efd23af5":168,"e21c6207":178,"4dac6b20":154,"0a96f57a":175,"caddd0a7":185,"2154b6e8":170,"868cda42":181,"e32524d6":167,"aa021138":199,"f8b31ce5":203,"08a06557":203,"44a4f7cd":183,"842c8340":173,"5957df9e":170,"9d63c4dd":183,"6a5b71b4":171,"4d9b0b10":182,"f7231212":175,"4f59a322":182,"bd62d7ed":168,"6c486702":187,"0042f6eb":174,"6c524f99":189,"cfafcda8":172,"20958d58":172,"78b97937":198,"140ce69e":170,"7080f122":170,"1d153b20":183,"865d9857":171,"12012fbd":169,"6d5fcd4c":174,"f87c5031":183,"f1b493de":203,"66497c7e":177,"430a5db5":188,"9d4da635":163,"8db62558":181,"dbd2f139":181,"a68a93b2":178,"685207b3":184,"ab7d4c9a":170,"34c5c729":179,"c4feee5b":176,"696fdac5":187,"93ac9ca3":185,"437fc3ec":195,"19f9ca86":188,"578f6e9e":198,"3a204e56":180,"004f1ef3":211,"d6db2b02":186,"3f2522c2":192,"bab97de3":187,"28d41578":187,"0b5a0408":190,"6a60348e":172,"49910300":162,"b552beb3":192,"1ff8c2fc":186,"554ebb83":189,"5f8517b7":203,"40569362":195,"1c3a30c5":184,"a43061ee":171,"d0e9a58e":190,"02d4753e":199,"ac62fac2":201,"12271e14":185,"ea274174":188,"03dcfa3d":177,"6be9332a":163,"e8d74304":170,"2c627253":182,"fd07e0ed":178,"9147702f":161,"6a3eaf43":194,"e58b26f6":195,"fb7482fe":181,"50c3164b":199,"e865e4dd":169,"61145ec9":191,"cf1b8c47":191,"2dd0e808":169,"71e53c93":180,"49cb2959":189,"91f7ef72":168,"3b2dee89":173,"e382ec3f":168,"ba586505":189,"4b125e7b":170,"290b4714":182,"54d7de6b":202,"9d4f1fe6":171,"51f80f4c":204,"13747b82":184,"deb31f35":182,"bb8a6337":168,"53431634":200,"b215547b":166,"53747a91":174,"d25e0f8d":207,"201cafad":178,"da3437cd":169,"7e8e1c3d":175,"0149e11a":165,"c650b434":183,"8f13c203":170,"5f620a1e":182,"ca7d47f7":185,"c0b0f492":192,"49b358bd":186,"259930ee":186,"b7505747":189,"c9efc8f6":176,"8d04852b":176,"527ff946":182,"47cfba38":164,"9d9dd9e5":173,"e15fd611":169,"77f31bab":193,"04643409":188,"842c8340":174,"5d087c79":184,"abd32136":191,"ba938220":175,"d7cb9bcf":168,"9496f56f":182,"621d6b18":183,"f7231212":176,"2ce1af05":160,"fe8f3d36":174,"1105f790":208,"afe8e06a":156,"f5e8dfee":192,"7bda83dd":170,"c6dc900c":153,"5f4102da":184,"dfa1a89b":177,"6d5fcd4c":175,"affb82bf":201,"a77e8461":184,"2dda3936":167,"e9adbe58":176,"eafbf9fb":180,"026766f3":179,"66b7b5b4":176,"4360a1a3":195,"30d84dce":158,"5cd3cfe0":163,"dae0f922":185,"6e24d88b":169,"79f04300":189,"971675c5":185,"5270f158":170,"93ac9ca3":186,"1951480c":165,"26f99a1e":165,"2c5c1dc0":171,"013ee301":172,"e7773397":169,"0b5a0408":191,"6db0ea86":166,"d36125db":184,"820225e4":153,"59431390":176,"d9dcdc4b":194,"b8397293":172,"9260d96b":208,"a533489b":197,"761cf820":193,"a543ec74":157,"45b038bb":210,"e6fac295":176,"7a2f3f06":172,"458dcc3d":194,"608bc832":153,"804d4dfa":170,"be1746a0":176
1604737650391,"87922532":209,"0f72f2d8":183,"a625328f":186,"70c1e715":186,"2180f99b":173,"6e851762":173,"730338c4":191,"fb7482fe":182,"d552eb2f":184,"d9a64845":176,"0a1d11e6":166,"616d6dd6":177,"45b5746e":186,"3f75d3bc":200,"74c26380":203,"4bc46d7a":172,"ea4d3f3e":187,"11b74e63":186,"5eab91a0":187,"51a3e9c2":173,"cb4f262b":169,"b3f19a69":169,"e356abf1":189,"e7abc88d":165,"f33c0140":182,"5be594be":177,"c4feee5b":177,"0a92153e":182,"696fdac5":188,"a851554d":182,"ecfa8249":191,"6bc5d32a":197,"2b3c49b9":178,"c650b434":184,"5a622a23":181,"79e4fa1c":180,"4def63ee":166,"ce3bf5db":181,"859545e6":170,"fce3c5c6":168,"dac109cf":173,"014460b9":205,"c4e70c07":169,"aec4e1bf":187,"a2c334e7":202,"3a1d1632":159,"1ed46298":194,"72805bf5":176,"5957df9e":171,"c93c3508":157,"5a0eb771":177,"d957f027":178,"725dce8b":190,"c67979e6":198,"77f31bab":194,"650bb0e0":174,"9d9dd9e5":174,"4d9b0b10":183,"8fb236a9":168,"d7cb9bcf":169,"a85d89cc":178,"2b698053":174,"af7e5be8":182,"621d6b18":184,"82204d54":171,"478d2d4f":207,"25a2844e":179,"fef750ca":182,"0042f6eb":175,"20958d58":173,"e5b1abc6":182,"12dd6f5e":162,"1d153b20":184,"b7434f57":143,"b6591e25":184,"66b7b5b4":177,"db703021":177,"9316e7e8":150,"a4f1d83b":166,"7cd0ad7b":183,"315537b2":190,"2cb29e5a":185,"6085137f":174,"fe1d4419":176,"578f6e9e":199,"1da771fb":184,"71ff66e8":187,"42191b64":154,"b552beb3":193,"004f1ef3":212,"49910300":163,"2d1e1e9d":183,"1be05c14":186,"820225e4":154,"0114160e":172,"4b3e3b1c":188,"408bb2ed":181,"6585adbe":157,"50312237":185,"c7c4ec5c":170,"064a99c8":184,"a533489b":198,"5acaa06f":154,"cf52025e":174,"7a6aa4b6":180,"a0bc1ceb":171,"eafbf9fb":181,"0e036ae9":194,"21ee2afe":195,"98915a1f":166,"70bc8325":172,"730338c4":192,"2c627253":183,"284544ba":172,"65e4235b":183,"2c6cb96f":156,"a5676c24":178,"abc1d7ad":203,"6e44927f":181,"906fdec3":165,"b28a5e67":207,"4258c176":170,"ea4d3f3e":188,"51a3e9c2":174,"a6b5e869":183,"5a07fc2e":157,"c793cdda":179,"e6fac295":177,"4b4ef7fa":174,"dd1fcb17":167,"13f0e139":171,"8e99d5d0":208,"cb51f134":190,"2e3503e4":191,"754f98c9":195,"c85a0d80":177,"c5b35e4d":166,"dcf85091":159,"8f9b74b0":173,"d25e0f8d":208,"44ff8baa":179,"2ad42a9e":204,"df81ddee":164,"ab7467de":194,"e21c6207":179,"cc6bbe45":172,"b7505747":190,"24ffcbd3":193,"f8b31ce5":204,"0a2f71bc":166,"e32524d6":168,"08a06557":204,"bc3dc66a":179,"dcfaba4c":178,"c4bff41f":196,"40860a4b":159,"031e488e":193,"9b3f8714":179,"1b881e6e":184,"e9a8cf11":182,"815e4582":190,"a939b50b":180,"23760167":178,"3b2dee89":174,"677c6a09":198,"e382ec3f":169,"6034b6d0":192,"597c1f81":179,"ad303bda":170,"0d28db94":168,"cb142908":167,"ef91eaae":163,"faf4f98b":186,"7fdc2007":164,"a0685bf3":202,"8721056e":166,"5a0eb771":178,"99e171db":176,"93fdbb44":171,"9d4da635":164,"381c68fa":183,"5ccf94d6":180,"9316e7e8":151,"b6591e25":185,"c3e6ef01":177,"6f81493d":164,"9a3cc55d":169,"f5cd79c1":187,"3f2522c2":193,"b935fc1c":180,"26f99a1e":166,"71ff66e8":188,"05642105":186,"09ff339a":157,"a6bcb07e":181,"88a30343":185,"3310a049":184,"90731976":168,"f5829ac0":190,"0be540c5":190,"288afc30":189,"8245f916":170,"34658473":170,"f2f58418":168,"09560615":164,"a63bddd4":216,"ec2cb1af":187,"865d9857":172,"4469c815":153,"6de0aaac":170,"b8488fc8":183,"92ca52b7":193,"cd522166":191,"b87158fb":175,"65e4235b":184,"0a1d11e6":167,"ef1c2dcb":182,"d3a669ac":194,"84b67924":181,"4bcd4a30":188,"6e851762":174,"fd369c21":188,"2d13e69b":178,"b35e9e1a":214,"f9c15fcc":172,"71bc1295":173,"7a6aa4b6":181,"b6aaf976":179,"9e878ec2":191,"b7df1559":178,"cbad3b92":206,"99d130c9":178,"3e602573":182,"59c1e594":168,"a3253019":170,"bd984a8e":167,"fe578280":171,"f3992a31":194,"a836aa93":176,"b215547b":167,"e1618359":189,"5c82d1ce":174,"25e0dd3d":174,"fb8bfb36":195,"547903ef":185,"2ad42a9e":205,"93e8cee5":203,"3b7763b1":162,"719c8869":191,"24ffcbd3":194,"9bdf362a":181,"14c682eb":166,"2af60749":183,"081460bf":180,"61d4782d":178,"6867261a":180,"4911acad":149,"b230e8d3":184,"ed4fad08":186,"fd482491":204,"db8ba455":182,"1a442bc7":162,"ec110282":210,"3c0df8b4":195,"6ee92259":191,"5acce642":182,"012de09c":179,"11b74e63":187,"20811ddf":184,"9cb4697f":190,"e356abf1":190,"9c29f0ed":198,"9496f56f":183,"8fb236a9":169,"6a5b71b4":172,"6034b6d0":193,"10ec5a0b":169,"7218c9f1":169,"a2c334e7":203,"8ec3834d":193,"cf775f58":189,"254cc28c":184,"1a0189c4":176,"50d129cf":172,"8a52882e":185,"c81b2bcf":162,"95d3d348":168,"09ff339a":158,"8274885a":176,"095ab3b4":182,"5b60dd1d":177,"4ff2225d":179,"8dc9b4db":185,"a8871ddf":164,"b769bdfb":174,"54a676d6":170,"ce4da56f":178,"b5ce0c0c":194,"65a00a3c":179,"c8977844":178,"e62d705f":170,"8942c35b":179,"3b690f68":196,"66497c7e":178,"1e7753d9":190,"18815a1b":174,"ccdd1ce6":182,"f5596d0f":184,"22176537":178,"6de0aaac":171,"af157d29":176,"bc021def":176,"2a4a402a":170,"b102f7bd":185,"a567ace4":180,"dfcc2ad1":202,"4c0e547b":194,"b8488fc8":184,"fee32863":183,"345c9967":173,"f789f6d8":172,"abc1d7ad":204,"6023df54":173,"d1ca5d6b":186,"911e770b":182,"6a3eaf43":195,"70c1e715":187,"e58b26f6":196,"2180f99b":174,"50c3164b":200,"e8f173b5":184,"820225e4":155,"4f5e3e7d":168,"f5829ac0":191,"9260d96b":209,"8c6e001f":157,"c4aa1e38":158,"73b15e04":177,"3e602573":183,"4ba6eb36":171,"408bb2ed":182,"1c3a30c5":185,"e0e6a097":177,"03dcfa3d":178,"468fc85c":184,"aefe13f5":190,"04612878":202,"61f25dd4":201,"d34a29b9":192,"efe84c27":182,"e0154608":184,"1247fa52":185,"dbc9df44":164,"80a8a56d":182,"f598a332":170,"e2cbe594":182,"3b7763b1":163,"4dac6b20":155,"92136ff5":182,"27d8bf51":182,"efd23af5":169,"e21c6207":180,"9bdf362a":182,"b7505747":191,"5eaa1581":173,"dc03ebd2":192,"d9a64845":177,"6e44927f":182,"b0869206":183,"91b28f83":185,"5acce642":183,"cb4f262b":170,"04cc7cbe":174,"6b82b527":183,"bd2705b0":191,"ae95f2ba":197,"4f59a322":183,"c803b4a3":177,"95539a58":175,"87083264":196,"753ca352":183,"ad303bda":171,"71a2a493":150,"72805bf5":177,"9b3f8714":180,"42c80e69":194,"47cfba38":165,"081460bf":181,"d5557fb4":186,"527ff946":183,"1d790491":183,"254cc28c":185,"1b881e6e":185,"650bb0e0":175,"5a0eb771":179,"2c5c1dc0":172,"c318d350":195,"83086d4c":180,"b1f58563":172,"5781776a":182,"c8fcad77":164,"4c39240e":192,"30c5d755":184,"28d40296":151,"719c8869":192,"a8726d50":165,"5272520d":186,"61f25dd4":202,"0277d748":187,"08c6b5d2":186,"affb82bf":202,"d6320619":168,"ccdd1ce6":183,"4c0e547b":195,"25a2844e":180,"b102f7bd":186,"1745a0f4":184,"0e2b5d2f":183,"ec11fe5f":153,"cd522166":192,"d2a841c9":176,"7080f122":171,"d1ca5d6b":187,"0d2a1c58":174,"4b3e3b1c":189,"bbe71605":165,"5099c6a0":200,"8274885a":177,"f044c0e1":176,"90731976":169,"2d1e1e9d":184,"17b08923":178,"1b153aef":184,"3310a049":185,"3a1b9af5":178,"b7407bd3":174,"50312237":186,"e8d74304":171,"c6e3d352":185,"8d000d6e":164,"332820ce":185,"0eaf08da":180,"eed20185":197,"358e45b1":175,"1c3a30c5":186,"2d382981":170,"01cd8099":193,"ea822700":178,"2d13e69b":179,"026766f3":180,"110b1ee3":179,"dbd2f139":182,"66b7b5b4":178,"4c4aa2e2":177,"1a2c020b":188,"e0154608":185,"0dad37d5":187,"704bce0d":172,"9b172ca8":157,"69d4b754":173,"bc09fa9e":183,"9a80f004":187,"27d8bf51":183,"26dd2000":194,"9fa62fee":172,"fd07e0ed":179,"b5763ff6":169,"a901627e":176,"a5676c24":179,"5ef93e5d":156,"3a291497":165,"ae016053":210,"7c0a2db6":175,"fd482491":205,"1a442bc7":163,"00cf385d":191,"e382ec3f":170,"2882a956":173,"6c20c153":180,"ee21ad02":204,"79be29c8":164,"ffa08d82":180,"c803b4a3":178,"e4cfef0a":178,"a06a6430":187,"87cd2add":160,"53b4e647":179,"4d9b0b10":184,"dc473de1":162,"21e10a2b":178,"547903ef":186,"e786063b":189,"261c9911":189,"2045d7d6":178,"ba30e43a":195,"7e76c93c":183,"d9f512b9":189,"fbdffc95":170,"fce3c5c6":169,"725dce8b":191,"c67979e6":199,"a983a6dc":168,"a6003226":180,"842c8340":175,"40860a4b":160,"aff8e442":181,"bc3dc66a":180,"13747b82":185,"1d790491":184,"c510bfd3":191,"b102f7bd":187,"a59a8290":187,"c463799d":181,"8b5a8e9f":185,"a0685bf3":203,"50b558a7":162,"d6320619":169,"d957f027":179,"c98d5272":172,"c852d240":175,"ec2cb1af":188,"6de0aaac":172,"2dda3936":168,"945b63f0":197,"09560615":165,"b946e146":196,"6751d8e4":190,"0fc5ac7e":199,"fd07e0ed":180,"7a9344a4":199,"0841052c":198,"430a5db5":189,"0c043224":191,"19e9776f":173,"3b690f68":197,"902f49f5":177,"b3863630":175,"e0154608":186,"470d50c2":187,"655954ba":174,"dcf85091":160,"6b78ad7f":180,"d34a29b9":193,"3c43e8a2":190,"0b3283c9":188,"60e855ee":193,"971675c5":186,"de36827b":200,"437fc3ec":196,"c318d350":196,"3c782bb3":179,"4b3e3b1c":190,"a77e127d":157,"5678ed7b":196,"6c73ae98":159,"5a0ead91":160,"07fc4a9a":194,"336d0f08":191,"cf50e84e":168,"06073f13":191,"c7c4ec5c":171,"dd1fcb17":168,"36fb15d2":197,"b6aaf976":180,"a43061ee":172,"288afc30":190,"49bf2e95":166,"4febf7c5":176,"03c398d2":183,"2d382981":171,"b7df1559":179,"4bcd4a30":189,"2d54e0a8":181,"98915a1f":167,"c793cdda":180,"781ace7d":179,"3101354b":156,"74c26380":204,"b28a5e67":208,"731fc335":164,"1d44aff3":186,"00a481e3":186,"51a3e9c2":175,"5acce642":184,"730a4938":166,"7ee7621c":180,"04bef50c":156,"cc5a1d47":173,"5f6613c8":168,"17446892":180,"9f5e6cba":189,"dc473de1":163,"031e488e":194,"9b3f8714":181,"4911acad":150,"72b84094":210,"fb8bfb36":196,"df2b4d87":169,"25e0dd3d":175,"c0b0f492":193,"6b9eff39":174,"3ef7432b":189,"ea6de194":186,"261c9911":190,"62d1d346":164,"4577b333":184,"40e79dd3":181,"92f800f5":190,"c7636527":164,"5339e1e9":196,"ccf8b803":187,"0f1ac912":166,"36684155":183,"bf822e33":176,"91d52a55":176,"48efc739":194,"bb00e71c":163,"30b6808c":169,"f56ac638":162,"e57d5cda":170,"cf9f4757":176,"7e95c5a0":184,"4f59a322":184,"a06a6430":188,"c463799d":182,"fe8f3d36":175,"eebc8d43":174,"a8c93bed":177,"7bda83dd":171,"25a2844e":181,"a567ace4":181,"b946e146":197,"6cba74ce":162,"a63bddd4":217,"d6320619":170,"f3d68430":191,"2dda3936":169,"ccdd1ce6":184,"4360a1a3":196,"d0c104c4":156,"902f49f5":178,"40a745c0":183,"b7434f57":144,"26ed1a5c":177,"31408822":170,"696fdac5":189,"c21ab51e":163,"5e193fc8":188,"704bce0d":173,"c382f054":196,"288d171f":183,"f76a3e83":181,"004f1ef3":213,"42191b64":155,"5781776a":183,"25635c37":156,"77d35808":160,"b769bdfb":175,"a24e6670":183,"8b2b601d":188,"5623817d":169,"411b5027":165,"f5829ac0":192,"1f88a4b7":204,"6585adbe":158,"3310a049":186,"e0f7679f":160,"4ea4a2a1":196,"ef16ca37":174,"baebb391":190,"31f6d707":195,"74e01f6a":180,"a5aee5de":209,"5a0ead91":161,"d8475b95":153,"04612878":203,"1ff8c2fc":187,"2d382981":172,"cfe72ead":171,"0f72f2d8":184,"9147702f":162,"c0e2624b":174,"f271ed5d":182,"884b0ad1":175,"2a06ab95":196,"bca2d7cd":173,"c793cdda":181,"781ace7d":180,"3101354b":157,"db8ba455":183,"fd482491":206,"28654c76":191,"5ef93e5d":157,"45b5746e":187,"0d770b97":180,"b0869206":184,"cb4f262b":171,"290b4714":183,"ad2d7bed":190,"d929098e":156,"2882a956":174,"629800eb":193,"288a2c43":174,"3c18f28e":175,"c64de0c0":163,"ed4fad08":187,"081460bf":182,"57d5dee8":184,"51c57542":187,"e2a7d915":154,"44ff8baa":180,"c8fcad77":165,"bc09fa9e":184,"49b358bd":187,"4295ce9a":179,"df2b4d87":170,"fbdffc95":171,"efd23af5":170,"4c39240e":193,"7b6a7048":178,"92f800f5":191,"a81a857c":170,"9b3f8714":182,"8ec3834d":194,"e99318a3":188,"7e15f8e8":186,"bda8cdfb":190,"789bd484":172,"c67979e6":200,"48efc739":195,"c38c2b52":175,"9496f56f":184,"8ac72326":180,"e28c2efc":167,"87083264":197,"f7231212":177,"c1bb74f2":173,"dc0c8b09":196,"11b2c8d9":173,"2a4a402a":171,"733c86f8":189,"8063df14":189,"fead11cf":179,"eeaa2d46":200,"18815a1b":175,"d2a841c9":177,"2cb29e5a":186,"f2ca27d9":192,"08c6b5d2":187,"be4f8ba8":168,"902f49f5":179,"30d84dce":159,"7a9344a4":200,"40a745c0":184,"e62d705f":171,"19e9776f":174,"9d4da635":165,"6fb4cdda":196,"1a2c020b":189,"4c4aa2e2":178,"6d61bf13":169,"5410e9c6":186,"2c5c1dc0":173,"f6fe095d":192,"7ee148e9":177,"22aeaf03":182,"014bdff0":180,"1438fad7":183,"54a676d6":171,"820225e4":156,"66554572":151,"bab97de3":188,"b4fdf90e":193,"9260d96b":210,"cf50e84e":169,"e81834aa":206,"cbad3b92":207,"6585adbe":159,"5ee911b5":167,"aa00769b":193,"64a7f79f":186,"82b81567":156,"b2a8761b":166,"26c6fa34":169,"0cb80f4a":182,"03c398d2":184,"03dcfa3d":179,"48655f09":222,"ef1c2dcb":183,"bca2d7cd":174,"98915a1f":168,"88b3bc99":167,"5a07fc2e":158,"70c1e715":188,"a625328f":187,"a901627e":177,"1d44aff3":187,"2dd0e808":170,"3101354b":158,"45b5746e":188,"56473430":193,"a15713c6":204,"e0e48a2d":175,"7ee7621c":181,"e382ec3f":171,"c0b23081":202,"37d0cae2":166,"87c462ee":188,"e356abf1":191,"5be594be":178,"1247fa52":186,"1a68160d":183,"470d50c2":188,"da3437cd":170,"feb67030":171,"cc6bbe45":173,"0149e11a":166,"4eed1bea":185,"a33fe0dd":182,"9e65c0ef":180,"6490bac6":171,"7bebff03":179,"4777334c":175,"c8fcad77":166,"79e4fa1c":181,"2045d7d6":179,"25776fc4":183,"dc473de1":164,"9f5e6cba":190,"8d04852b":177,"c4bff41f":197,"13747b82":186,"47cfba38":166,"c9efc8f6":177,"91d52a55":177,"90d52475":182,"93fdbb44":172,"cf775f58":190,"c81b2bcf":163,"84369269":158,"d83294cd":170,"95539a58":176,"d7cb9bcf":170,"621d6b18":185,"0d7d88f1":177,"af7e5be8":183,"d2466211":191,"c463799d":183,"7fdc2007":165,"d78dd457":173,"6c524f99":190,"33d6bb6a":177,"11b2c8d9":174,"50b558a7":163,"c98d5272":173,"b9a48a5c":163,"865d9857":173,"0e036ae9":195,"751acea8":174,"f1b493de":204,"56d315d8":157,"30d84dce":160,"b7434f57":145,"c3e6ef01":178,"c8977844":179,"b935fc1c":181,"09ff339a":159,"b769bdfb":176,"f1dffa24":160,"317c1591":195,"5270f158":171,"3e082b37":172,"b36a0d66":166,"05642105":187,"3c782bb3":180,"e0e6a097":178,"b2703001":189,"b377a62a":167,"8d753bb6":180,"608bc832":154,"49910300":164,"f9c15fcc":173,"e8d74304":172,"045f280d":184,"02d4753e":200,"24d24fa3":168,"358e45b1":176,"b7df1559":180,"49bf2e95":167,"12271e14":186,"35b58ef9":164,"09560615":166,"25a7a0a3":167,"7d6895f4":185,"12012fbd":170,"bca2d7cd":175,"de6213c7":179,"2d13e69b":180,"39ba00f0":184,"7e991ab9":145,"b947257e":184,"284544ba":173,"61145ec9":192,"616d6dd6":178,"fafb4cc2":228,"5f96c2bc":175,"aa76bc50":148,"83b2f9c5":186,"7ae34c64":172,"cb4f262b":172,"bf30a08f":198,"b3f19a69":170,"d815c5b4":211,"20811ddf":185,"f1098793":186,"b460f030":201,"c85a0d80":178,"a836aa93":177,"6fb4cdda":197,"c5b35e4d":167,"e7abc88d":166,"b2c25d1c":177,"a3253019":171,"6b9eff39":175,"2209903e":182,"ecfa8249":192,"4295ce9a":180,"b320feb9":185,"ccb5ea3e":160,"a81a857c":171,"cd421290":178,"ba30e43a":196,"79e4fa1c":182,"7e76c93c":184,"c4e70c07":170,"e5d3655c":206,"2af60749":184,"42c80e69":195,"aec4e1bf":188,"2132fe93":188,"a6003226":181,"35aa7fd0":184,"5a734022":163,"5774ac0d":195,"9d63c4dd":184,"79be29c8":165,"7f6d1d0e":193,"9fce073c":177,"9f74b8a4":168,"c8113b77":166,"0d28db94":169,"cf9f4757":177,"6f39f4d9":190,"87083264":198,"831c7b85":180,"1105f790":209,"cfafcda8":173,"2bcca6a7":199,"9b546d65":175,"c1bb74f2":174,"47d27624":169,"f2364460":178,"b8ab8e6e":173,"842c8340":176,"ce3407dd":173,"c98d5272":174,"5099c6a0":201,"312f7676":196,"9a3cc55d":170,"6ce84ff8":161,"c564e316":187,"c0b7e7d7":164,"437fc3ec":197,"e81834aa":207,"05642105":188,"69f3bfcc":172,"08a4c3f8":184,"95f6db13":182,"d6db2b02":187,"0cb80f4a":183,"0b5a0408":192,"6585adbe":160,"554ebb83":190,"71bc1295":174,"fb44fa9c":185,"a543ec74":158,"b7407bd3":175,"5ccf94d6":181,"0c0e98ea":176,"0d5ee801":173,"751bcf25":171,"8db62558":182,"f883d582":162,"56d315d8":158,"ac38a6a5":191,"2dda3936":170,"dfa1a89b":178,"ccdd1ce6":185,"9e206c95":201,"22ecaed0":174
1604737650930,"9267f0ef":188,"0a92153e":183,"c0fea118":168,"0dad37d5":188,"ebdbf580":185,"2e3503e4":192,"efe84c27":183,"50b558a7":164,"a901627e":178,"7896b953":188,"616d6dd6":179,"1d44aff3":188,"43bc86e3":171,"c91966ce":175,"a851891c":176,"16b476e9":180,"201cafad":179,"2ad42a9e":206,"debe1f65":176,"21ad2f34":185,"c8fcad77":167,"93e8cee5":204,"3fdb08f5":182,"7b6a7048":179,"49b358bd":188,"3ef7432b":190,"2154b6e8":171,"e3547548":173,"9e65c0ef":181,"ffc86f94":169,"9cb4697f":191,"93b0a158":195,"6775d5cd":177,"7735c3c2":176,"0d770b97":181,"6ee92259":192,"4d9b0b10":185,"053f3451":179,"ba938220":176,"9496f56f":185,"c38c2b52":176,"7566fdd6":184,"87cd2add":161,"f2e3c0e3":157,"66497c7e":179,"110b1ee3":180,"61f25dd4":203,"66b7b5b4":179,"db703021":178,"dae0f922":186,"0c0e98ea":177,"b2a8761b":167,"eed20185":198,"49bf2e95":168,"1c3a30c5":187,"a5aee5de":210,"b460f030":202,"0f72f2d8":185,"685207b3":185,"69d4b754":174,"c0fea118":169,"7f86be64":176,"ab7d4c9a":171,"e0154608":187,"36380d96":183,"1745a0f4":185,"4c0e547b":196,"70ee0491":161,"8b5a8e9f":186,"0f89862c":160,"8007f30e":158,"4abb7aed":179,"aa867541":173,"3a291497":166,"8a165e17":183,"e865e4dd":170,"56473430":194,"aa76bc50":149,"72b84094":211,"0a96f57a":176,"4295ce9a":181,"fbdffc95":172,"5fa12feb":190,"dac109cf":174,"3007f31f":170,"04ea5673":176,"7bebff03":180,"b320feb9":186,"b6ee137a":179,"df2b4d87":171,"0a2f71bc":167,"c015ec5a":178,"6b79fec2":169,"3c43e8a2":191,"77d35808":161,"8dc9b4db":186,"437fc3ec":198,"d599b566":192,"312f7676":197,"de36827b":201,"4945c851":189,"be4f8ba8":169,"2d54e0a8":182,"70bc8325":173,"835358a0":176,"ea822700":179,"2d13e69b":181,"b5763ff6":170,"7028b044":175,"124fbe96":172,"1c0a9eff":172,"e4c312fe":182,"6c20c153":181,"d83870f5":173,"1757a30e":169,"f56ac638":163,"385ab7c6":186,"76f94eda":193,"0bfabf48":169,"0785820e":175,"30b6808c":170,"ae95f2ba":198,"abd32136":192,"19e9776f":175,"8db62558":183,"0841052c":199,"6e24d88b":170,"1e191c98":165,"31408822":171,"026766f3":181,"d36125db":185,"8245f916":171,"e81834aa":208,"336d0f08":192,"e0f7679f":161,"a0b03218":184,"49910300":165,"99d130c9":179,"5acaa06f":155,"fa55f27a":187,"cbad3b92":208,"045f280d":185,"554ebb83":191,"f1098793":187,"b2bd8fd3":162,"4ea4a2a1":197,"de11eb19":194,"742f1425":188,"792cfcbd":179,"104721f0":181,"e0154608":188,"0ecfa1c9":168,"42c80e69":196,"c4bff41f":198,"bfcb912a":181,"c9efc8f6":178,"6df0b2e8":205,"540df50f":186,"c67979e6":201,"cf775f58":191,"5a0eb771":180,"66d94227":175,"c81b2bcf":164,"f4b2f575":171,"0670c466":172,"a836aa93":178,"f76a3e83":182,"e7abc88d":167,"145c7559":170,"eb2e1983":176,"8b5a8e9f":187,"1105f790":210,"92ca52b7":194,"8007f30e":159,"ba5c52af":172,"11b2c8d9":175,"b2cfdbcf":171,"781ace7d":181,"195eb771":184,"ab7d4c9a":172,"0149e11a":167,"c8dc010f":182,"7d112f4d":190,"5fa12feb":191,"21e10a2b":179,"0b959527":168,"77898c22":153,"62d1d346":165,"aa021138":200,"ab7467de":195,"3bad3c95":160,"f1dffa24":161,"2203f259":194,"82868763":174,"c564e316":188,"e238f09b":197,"04ea5673":177,"caddd0a7":186,"08a06557":205,"172217e5":193,"d3e84616":181,"f2ca27d9":193,"2dda3936":171,"1d153b20":185,"b9a48a5c":164,"a63bddd4":218,"b5763ff6":171,"aa5dfdf5":179,"84b67924":182,"cbb54a0a":169,"3062379b":174,"aaa274a5":177,"9147702f":163,"42cd2360":151,"fd482491":207,"91f7ef72":169,"4bc46d7a":173,"bb00e71c":164,"37d0cae2":167,"ae99df30":165,"a502c93c":172,"5acce642":185,"cb4f262b":173,"935ec056":168,"cf9f4757":178,"9c29f0ed":199,"93b9fae6":174,"7e95c5a0":185,"597c1f81":180,"2b698053":175,"a06a6430":189,"db703021":179,"7a9344a4":201,"159ffd0b":170,"317c1591":196,"3f2522c2":194,"cf84fb54":186,"1438fad7":184,"4f5e3e7d":169,"1be05c14":187,"82b81567":157,"a4dafea5":175,"3652bd66":180,"64a7f79f":187,"db0a661e":172,"6a60348e":173,"b6aaf976":181,"b2bd8fd3":163,"f1862e79":156,"d9dcdc4b":195,"31f6d707":196,"d8475b95":154,"cfe72ead":172,"73b15e04":178,"1c3a30c5":188,"481754fc":157,"7cd0ad7b":184,"e62d705f":172,"0c043224":192,"bb98a6cf":200,"be149c6f":166,"71279c46":180,"c64de0c0":164,"c93c3508":158,"0ecfa1c9":169,"2ab62345":170,"74e3d13e":183,"84369269":159,"1b881e6e":186,"25d1b2d8":183,"b8ab8e6e":174,"36684155":184,"faf3ed07":168,"751acea8":175,"ec11fe5f":154,"e5b1abc6":183,"78b97937":199,"78467b8a":185,"7bda83dd":172,"7af262e5":205,"fead11cf":180,"e9679ede":178,"5be594be":179,"a836aa93":179,"b3863630":176,"efe84c27":184,"168e75d9":183,"c0fea118":170,"8ea21393":158,"b1f58563":173,"c455f40e":171,"4295ce9a":182,"4e5aaaec":167,"fbdffc95":173,"5fa12feb":192,"805af3c7":179,"25e0dd3d":176,"c1bdfd41":176,"a0cca8b7":170,"ea6de194":187,"88fa53d6":159,"5f620a1e":183,"8f13c203":171,"f2364460":179,"15620dca":197,"eeaa2d46":201,"7d6895f4":186,"affb82bf":203,"21ee2afe":196,"7080f122":172,"0277d748":188,"dd7acb96":185,"ef1c2dcb":184,"2c627253":184,"f069bb07":176,"b7832271":199,"fd369c21":189,"778c95e9":175,"aa76bc50":150,"da04caac":194,"5ef93e5d":158,"012de09c":180,"d5dae4c4":200,"345c9967":174,"a5fd8ffd":184,"cb4f262b":174,"a502c93c":173,"6ee92259":193,"d4d5f466":172,"ba586505":190,"e4117b3b":160,"e4c312fe":183,"87cd2add":162,"93b9fae6":175,"cb142908":168,"f7231212":178,"5b60dd1d":178,"95d3d348":169,"8dd649a3":179,"a58bf525":178,"6d61bf13":170,"b84a06eb":179,"a40846b7":178,"5678ed7b":197,"de36827b":202,"b552beb3":194,"1138796e":189,"f5829ac0":193,"fa55f27a":188,"be1746a0":177,"554ebb83":192,"71bc1295":175,"6db0ea86":167,"02d4753e":201,"48655f09":223,"c6e3d352":186,"2e99f8fd":174,"481754fc":158,"92d38723":192,"27c8e038":193,"9263c525":184,"74e01f6a":181,"45b038bb":211,"dae0f922":187,"58d46189":194,"93683c82":175,"a68a93b2":179,"180377be":176,"5ccf94d6":182,"f4634d0b":178,"deb31f35":183,"35aa7fd0":185,"13747b82":187,"17446892":181,"e9a8cf11":183,"181c3dd5":185,"bc3dc66a":181,"815e4582":191,"f66616b7":183,"8ac72326":181,"ffa08d82":181,"00a17b46":181,"1bc0591f":176,"b102f7bd":188,"30c184b8":174,"a567ace4":182,"7bda83dd":173,"5f4102da":185,"6c524f99":191,"b3863630":177,"1a2c020b":190,"c0fea118":171,"0dad37d5":189,"4c4aa2e2":179,"ab7d4c9a":173,"f598a332":171,"261c9911":191,"c8dc010f":183,"f9f2c53f":163,"ab7467de":196,"868cda42":182,"7043382d":182,"21e10a2b":180,"4777334c":176,"547903ef":187,"9a80f004":188,"c4e70c07":171,"e32524d6":169,"2045d7d6":180,"50d129cf":173,"a1921150":191,"bf822e33":177,"36684155":185,"c98d5272":175,"546f6845":174,"6143f39d":185,"affb82bf":204,"fd6dcb20":182,"12012fbd":171,"b946e146":198,"172217e5":194,"eb7b4e29":174,"0d2a1c58":175,"383e232d":179,"84b767be":204,"39ba00f0":185,"92efd84f":179,"7e991ab9":146,"4fd645f1":179,"7896b953":189,"537634c9":166,"8db5a165":172,"a472532e":165,"d9a64845":178,"7ae34c64":173,"4bc46d7a":174,"54d7de6b":203,"6775d5cd":178,"e0e48a2d":176,"7f6d1d0e":194,"c0b23081":203,"fea793f5":186,"6ee92259":194,"7a4c064c":189,"71ff66e8":189,"836701f6":182,"b935fc1c":182,"016953e4":195,"c564e316":189,"ea9bba6b":178,"fb7b7b3c":204,"e0f7679f":162,"013ee301":173,"90731976":170,"32c9fc47":181,"bab97de3":189,"4945c851":190,"cfe72ead":173,"cf52025e":175,"e36dfd6f":188,"804d4dfa":171,"a533489b":199,"40569362":196,"792cfcbd":180,"12271e14":187,"e0e6a097":179,"c4aa1e38":159,"bad6cdb1":150,"0eaf08da":181,"b4fdf90e":194,"cbad3b92":209,"8d000d6e":165,"b6591e25":186,"26ed1a5c":178,"5ac86fb9":186,"03b4ab60":166,"6867261a":181,"227006e4":183,"031e488e":195,"60d6cee2":180,"725dce8b":192,"8db62558":184,"56d315d8":159,"9aa6a054":182,"7218c9f1":170,"2b698053":176,"7566fdd6":185,"4930f321":171,"87cd2add":163,"b102f7bd":189,"20958d58":174,"f67de058":182,"9d023afb":178,"13b53c7a":183,"bd62d7ed":169,"19e9776f":176,"142d6987":179,"be40590d":185,"9b172ca8":158,"696fdac5":190,"c0fea118":172,"0dad37d5":190,"f2086446":171,"e0154608":189,"c4feee5b":178,"df81ddee":165,"07107f6e":185,"44ff8baa":181,"f734c84c":201,"0149e11a":168,"c4e70c07":172,"7e8e1c3d":176,"c015ec5a":179,"da3437cd":171,"4777334c":177,"7e76c93c":185,"fe8f3d36":176,"43bc86e3":172,"4abb7aed":180,"d9d0c567":185,"5f96c2bc":176,"f789f6d8":173,"3f75d3bc":201,"f3a0c2ee":180,"e4c312fe":184,"bec9d329":199,"6841f77e":192,"ea4d3f3e":189,"d83870f5":174,"4258c176":171,"abad2347":186,"25776fc4":184,"a577db1c":172,"3fdb08f5":183,"d957f027":180,"50d129cf":174,"39a2fcce":166,"7e15f8e8":187,"5a0eb771":181,"4ed01268":172,"97e75c19":191,"6d339d45":157,"7080f122":173,"f87c5031":184,"6d5fcd4c":176,"7d6895f4":187,"623c6a31":196,"08c6b5d2":188,"cc11fef9":189,"0d28db94":170,"ef91eaae":164,"9aa6a054":183,"ef14000f":197,"00a17b46":182,"869cbaa0":195,"d2466211":192,"cd522166":193,"f5e8dfee":193,"dc0c8b09":197,"be3a10f8":209,"7af262e5":206,"9a07d89b":162,"a59a8290":188,"fe1d4419":177,"88a30343":186,"f5cd79c1":188,"07fc4a9a":195,"3c43e8a2":192,"a8871ddf":165,"312f7676":198,"71ff66e8":190,"f277386e":157,"baebb391":191,"b377a62a":168,"f1dffa24":162,"c609739e":190,"28d41578":188,"d0c0fc08":159,"946df4fd":204,"5410e9c6":187,"bbe71605":166,"7a2f3f06":173,"73b15e04":179,"b36a0d66":167,"40569362":197,"71bc1295":176,"554ebb83":193,"48655f09":224,"d0b297b2":164,"d82592f4":192,"8f2a7d69":179,"1f11812e":195,"3c6692a3":199,"7db3edda":178,"6e851762":175,"835358a0":177,"39ba00f0":186,"84b767be":205,"9147702f":164,"9b3f8714":183,"b230e8d3":185,"6df0b2e8":206,"31f6ba51":168,"c9efc8f6":179,"162a7348":172,"c93c3508":159,"6e24d88b":171,"1a2ec5d7":195,"3b690f68":198,"467773ac":176,"db703021":180,"f121b82c":189,"c21ab51e":164,"e7abc88d":168,"0dad37d5":191,"7f86be64":177,"53431634":201,"80a8a56d":183,"6bc5d32a":198,"51c57542":188,"e2cbe594":183,"26dd2000":195,"ccb5ea3e":161,"e1f0dbfd":203,"a901627e":179,"fe44fc6f":167,"5f96c2bc":177,"a5676c24":180,"91f7ef72":170,"a472532e":166,"dd035d2a":170,"ee75b607":170,"dffa7793":152,"1a442bc7":164,"2af60749":185,"ecfa8249":193,"aab4d996":175,"25d1b2d8":184,"faf3ed07":169,"a939b50b":181,"7e15f8e8":188,"527ff946":184,"6adce358":197,"c81b2bcf":165,"21ee2afe":197,"3454fa2b":163,"1d153b20":186,"a77e8461":185,"f2f58418":169,"51f57142":182,"be4f8ba8":170,"08a06557":206,"cc6bbe45":174,"0b959527":169,"859545e6":171,"30c5d755":185,"b935fc1c":183,"836701f6":183,"5678ed7b":198,"868edcc0":193,"39bbc4bc":185,"f6fe095d":193,"32c9fc47":182,"8d753bb6":181,"5410e9c6":188,"f044c0e1":177,"c0b7e7d7":165,"5270f158":172,"489a39f7":176,"8245f916":172,"c27969ec":175,"1bd5b20b":197,"95bc84f1":164,"5a0ead91":162,"d8475b95":155,"0cb80f4a":184,"792cfcbd":181,"c609739e":191,"34658473":171,"45b038bb":212,"481754fc":159,"b7df1559":181,"761cf820":194,"13f0e139":172,"677c6a09":199,"91b28f83":186,"ad2d7bed":191,"b3f19a69":171,"07f98660":194,"0bfabf48":170,"7fb4c521":185,"a85d89cc":179,"b73e789c":164,"4930f321":172,"385ab7c6":187,"c1bb74f2":175,"b8488fc8":185,"ba5c52af":173,"0f89862c":161,"cfafcda8":174,"c510bfd3":192,"2a4a402a":172,"2c627253":185,"2a06ab95":197,"aaa274a5":178,"8657c79d":174,"272c7672":186,"383e232d":180,"a6626a13":168,"dcfaba4c":179,"f94bf9ea":173,"b35bb8a1":171,"bfcb912a":182,"51f80f4c":205,"181c3dd5":186,"6632fed0":182,"f1b493de":205,"3f9b5722":165,"751bcf25":172,"0841052c":200,"66b7b5b4":180,"db703021":181,"655941a0":189,"a4296d1e":176,"0da28f5b":195,"8e780922":169,"0dad37d5":192,"77300e4a":156,"34c5c729":180,"79f04300":190,"d25e0f8d":209,"43bc86e3":173,"42cd2360":152,"00a481e3":187,"a472532e":167,"2dd0e808":171,"8a165e17":184,"52eca0dc":180,"da3437cd":172,"fb8bfb36":197,"31d74eee":170,"23760167":179,"a939b50b":182,"c81b2bcf":166,"842c8340":177,"ccf8b803":188,"48efc739":196,"3661e12d":181,"d3e84616":182,"945b63f0":198,"be4f8ba8":171,"175bc6b2":160,"2dda3936":172,"49902219":203,"5a622a23":182,"4e5aaaec":168,"65a00a3c":180,"aab4d996":176,"a0ce82b4":177,"6490bac6":172,"28d40296":152,"08a06557":207,"30c5d755":186,"3bad3c95":161,"4577b333":185,"5270f158":173,"3f2522c2":195,"6085137f":175,"013ee301":174,"d6db2b02":188,"8dd649a3":180,"1be05c14":188,"ea9bba6b":179,"6291e9e9":190,"25635c37":157,"03c398d2":185,"77d35808":162,"d33790a2":211,"7732eb1e":199,"26c6fa34":170,"8323d333":160,"0b5a0408":193,"4febf7c5":177,"de36827b":203,"946df4fd":205,"36fb15d2":198,"b35e9e1a":215,"ad8f85d6":198,"f1862e79":157,"f1098793":188,"e6fac295":178,"4ba6eb36":172,"49bf2e95":169,"7e991ab9":147,"70bc8325":174,"7028b044":176,"2d13e69b":182,"f069bb07":177,"6751d8e4":191,"22234d6b":186,"47cfba38":167,"5f6613c8":169,"c93c3508":160,"2132fe93":189,"9d4f1fe6":172,"e4117b3b":161,"730a4938":167,"7ee7621c":182,"3b2dee89":175,"37d0cae2":168,"0d770b97":182,"07f98660":195,"76f94eda":194,"0d28db94":171,"f7231212":179,"87083264":199,"4930f321":173,"43d87483":184,"7af262e5":207,"a567ace4":183,"9b546d65":176,"8b5a8e9f":188,"a0685bf3":204,"2bcca6a7":200,"20958d58":175,"3f9b5722":166,"db703021":182,"bb98a6cf":201,"110b1ee3":181,"dae0f922":188,"9d4da635":166,"6e24d88b":172,"4b4ecbce":166,"d548635d":182,"69d4b754":175,"f598a332":172,"e0154608":190,"a3253019":172,"acac14fb":171,"012de09c":181,"3101354b":159,"7ae34c64":174,"6023df54":174,"83b2f9c5":187,"4bc46d7a":175,"00a481e3":188,"e4714415":203,"b7cc7909":195,"a1370ab0":176,"90d52475":183,"50d129cf":175,"36b7003c":209,"f2364460":180,"aff8e442":182,"650bb0e0":176,"8a52882e":186,"8cc4a982":192,"f2f58418":170,"6d5fcd4c":177,"b946e146":199,"e9adbe58":177,"1d153b20":187,"eafbf9fb":182,"a851554d":183,"d25e0f8d":210,"4eed1bea":186,"40e79dd3":182,"51c57542":189,"0b959527":170,"b6ee137a":180,"70594a28":180,"aab4d996":177,"fce3c5c6":170,"b320feb9":187,"7043382d":183,"fbdffc95":174,"44c77422":185,"3f2522c2":196,"b935fc1c":184,"e45b4b53":170,"09ff339a":160,"3310a049":187,"695a2b92":171,"b2703001":190,"22aeaf03":183,"17b08923":179,"71bc1295":177,"095ab3b4":183,"de11eb19":195,"f277386e":158,"a636f4c9":191,"08a4c3f8":185,"fb44fa9c":186,"56752a4a":170,"8d000d6e":166,"e8f173b5":185,"d8475b95":156,"bab97de3":190,"50312237":187,"b460f030":203,"379184a7":204,"8245f916":173,"2d382981":173,"812b4f15":168,"4f5e3e7d":170,"af0b61ab":186,"911e770b":183,"b5763ff6":172,"88b3bc99":168,"2c01e624":183,"0bd93cfd":149,"a6626a13":169,"6ee92259":195,"ba586505":191,"95d331b1":172,"a6b5e869":184,"d815c5b4":212,"20811ddf":186,"5b5fc566":180,"056ea7ff":198,"ae95f2ba":199,"629800eb":194,"b9be31d6":189,"ad303bda":172,"619fda68":213,"d5059415":176,"fe8f3d36":177,"11b2c8d9":176,"1a2ec5d7":196,"74f234c6":211,"a4f1d83b":167,"142d6987":180,"ca6d2d91":181,"4ee62a26":166,"c8977844":180,"d548635d":183,"cb51f134":191,"104721f0":182,"c7313e0a":194,"fead11cf":181,"fee32863":184,"dd3913d2":175,"8007f30e":160,"c1bb74f2":176,"db8ba455":184,"d9d0c567":186,"1d44aff3":189,"7c0a2db6":176,"f33c0140":183,"9f5e6cba":191,"af034fee":196,"5a734022":164,"5774ac0d":196,"deb31f35":184,"c64de0c0":165,"aec4e1bf":189,"394dc144":173,"77bae750":175,"a1921150":192,"37fbb107":186,"9d63c4dd":185,"2a387957":178,"25d1b2d8":185,"a63bddd4":219,"3f65f121":193,"18815a1b":176,"49902219":204,"f3d68430":192,"e9679ede":179,"c0fea118":173,"77898c22":154,"bfad1727":163,"3b7763b1":164,"6bc5d32a":199,"85de05f2":180,"ab7467de":197,"859545e6":172,"4577b333":186,"a0cca8b7":171,"c1bdfd41":177,"0b959527":171,"9e65c0ef":182,"9bdf362a":183,"b320feb9":188,"f1dffa24":163,"27f52ed3":205,"95d3d348":170,"971675c5":187,"f6fe095d":194,"3c43e8a2":193,"95bc84f1":165,"d599b566":193,"49910300":166,"2198ba8e":173,"6585adbe":161,"0be540c5":191,"b6aaf976":182,"cf50e84e":170,"9260d96b":211,"73b15e04":180
1604737652211,"a533489b":200,"868edcc0":194,"a43061ee":173,"74e01f6a":182,"332820ce":186,"d36125db":186,"f5829ac0":194,"ad8f85d6":199,"9263c525":185,"12a2cd4b":172,"82b81567":158,"c4aa1e38":160,"fd6dcb20":183,"175bc6b2":161,"50c3164b":201,"eb7b4e29":175,"7028b044":177,"b947257e":185,"2f455cce":174,"3c6692a3":200,"ef1c2dcb":185,"39bbc4bc":186,"6085137f":176,"82868763":175,"e238f09b":198,"f1dffa24":164,"a77e127d":158,"971675c5":188,"e7e82473":206,"1be05c14":189,"12a2cd4b":173,"ea274174":189,"4febf7c5":178,"5678ed7b":199,"332820ce":187,"88a30343":187,"cd95f558":182,"99d130c9":180,"cf84fb54":187,"9c58dd76":178,"12534561":182,"c93c3508":161,"9f5e6cba":192,"c64de0c0":166,"031e488e":196,"081460bf":183,"bc3dc66a":182,"088feee2":184,"47d27624":170,"1b881e6e":187,"c6c85783":188,"b8ab8e6e":175,"1634789b":173,"faf3ed07":170,"336d0f08":193,"32c9fc47":183,"f1862e79":158,"a0bc1ceb":172,"4945c851":191,"31f6d707":197,"9fc713b0":194,"358e45b1":177,"03dcfa3d":180,"b2cfdbcf":172,"ae016053":211,"731fc335":165,"ee75b607":171,"b0869206":185,"f56ac638":164,"cb4f262b":175,"37d0cae2":169,"54d7de6b":204,"f0a06216":186,"f1df62b4":189,"869cbaa0":196,"cf9f4757":179,"619fda68":214,"ae95f2ba":200,"7a840529":174,"0785820e":176,"12dd6f5e":163,"18815a1b":177,"7d6895f4":188,"3661e12d":182,"f2f58418":171,"22ecaed0":175,"7080f122":174,"ef1c2dcb":186,"6e851762":176,"af0b61ab":187,"f069bb07":178,"7db3edda":179,"fb7482fe":183,"fd369c21":190,"82204d54":172,"dfcc2ad1":203,"30c184b8":175,"a66a2d8a":197,"6c524f99":192,"8063df14":190,"2bcca6a7":201,"3b690f68":199,"31408822":172,"3f9b5722":167,"a68a93b2":180,"5ccf94d6":183,"20e470e0":176,"0841052c":201,"f121b82c":190,"c4feee5b":179,"d34a29b9":194,"b3863630":178,"d548635d":184,"501db4de":179,"f3992a31":195,"6490bac6":173,"d599b566":194,"c95719e5":167,"d1676e89":180,"f2470875":188,"5b60dd1d":179,"ea9bba6b":180,"68562193":185,"deb31f35":185,"74e3d13e":184,"2ab62345":171,"dc473de1":165,"081460bf":184,"dcfaba4c":180,"48efc739":197,"6adce358":198,"66d94227":176,"312f7676":199,"e0f7679f":163,"54a676d6":172,"d0b297b2":165,"064a99c8":185,"9260d96b":212,"69f3bfcc":173,"b7df1559":182,"48655f09":225,"28d41578":189,"34658473":172,"ac62fac2":202,"40569362":198,"1d44aff3":190,"52eca0dc":181,"71ba7561":157,"6023df54":175,"e865e4dd":171,"abc1d7ad":205,"a15713c6":205,"79be29c8":166,"e4c312fe":185,"5acce642":186,"a6b5e869":185,"7735c3c2":177,"8bc04eb5":183,"91b28f83":187,"67c57de4":197,"d83294cd":171,"7e95c5a0":186,"4d9b0b10":186,"e4cfef0a":179,"06ddafc7":162,"d0c0fc08":160,"1138796e":190,"35b58ef9":165,"26009d3f":167,"b7407bd3":176,"b460f030":204,"4ba6eb36":173,"c6e3d352":187,"6b9eff39":176,"40e79dd3":183,"8ea21393":159,"24ffcbd3":195,"daab45c6":167,"2af60749":186,"79e4fa1c":183,"d6f0d94a":183,"3ef7432b":191,"2154b6e8":172,"caddd0a7":187,"b5ce0c0c":195,"9bdf362a":184,"b88033fd":192,"04643409":189,"789bd484":173,"bad1a1cc":180,"d1715f3b":198,"12012fbd":172,"2dda3936":173,"09560615":167,"be4f8ba8":172,"22ecaed0":176,"546f6845":175,"508aac3d":191,"fd07e0ed":181,"ef1c2dcb":187,"bca2d7cd":176,"84b67924":183,"a6626a13":170,"869cbaa0":197,"af7e5be8":184,"9a07d89b":163,"d78dd457":174,"55928ef1":177,"5f4102da":186,"b102f7bd":190,"33d6bb6a":178,"2bcca6a7":202,"cc11fef9":190,"9d4da635":167,"059d6c19":189,"cd3bbe7e":179,"5cd3cfe0":164,"20e470e0":177,"142d6987":181,"1a68160d":184,"a3253019":173,"b2c25d1c":178,"0dad37d5":193,"f33c0140":184,"972f4174":187,"efe84c27":185,"b1f58563":174,"016953e4":196,"6085137f":177,"72d7b461":197,"aa9ea5e8":160,"c4bff41f":199,"5eaa1581":174,"a1370ab0":177,"71a2a493":151,"8d04852b":178,"35aa7fd0":186,"5410e9c6":189,"f6fe095d":195,"3e082b37":173,"88a30343":188,"c7ab83c1":162,"411b5027":166,"f1098793":189,"1bd5b20b":198,"3f75d3bc":202,"42cd2360":153,"95904ac4":197,"a5676c24":181,"69eeae0d":165,"91f7ef72":171,"3101354b":160,"51a3e9c2":176,"f56ac638":165,"d929098e":157,"16b476e9":181,"fea793f5":187,"b3f19a69":172,"ee21ad02":205,"30b6808c":171,"e28c2efc":168,"54a676d6":173,"24d24fa3":169,"a8871ddf":166,"b7407bd3":177,"c6e3d352":188,"b2a8761b":168,"de36827b":204,"26c6fa34":171,"d9dcdc4b":196,"35b58ef9":166,"0cb80f4a":185,"cfe72ead":174,"a3d4a0e5":193,"1c3a30c5":189,"eed20185":199,"0ac825ed":182,"49bf2e95":170,"07107f6e":186,"6bc5d32a":200,"e1f0dbfd":204,"3007f31f":171,"a577db1c":173,"daab45c6":168,"aab4d996":178,"77898c22":155,"b7505747":192,"3b7763b1":165,"638cb163":201,"b5ce0c0c":196,"c7636527":165,"df2b4d87":172,"254cc28c":186,"48efc739":198,"bda8cdfb":191,"90d52475":184,"a9b1bd51":142,"37fbb107":187,"1d790491":185,"172217e5":195,"09560615":168,"7080f122":175,"30dd2edc":180,"945b63f0":199,"eafbf9fb":183,"22176537":179,"26c390d6":186,"aa5dfdf5":180,"ea822700":180,"ac030e74":174,"6a5b71b4":173,"7a840529":175,"ad303bda":173,"c803b4a3":179,"8063df14":191,"5f4102da":187,"19551bad":168,"7af262e5":208,"7bda83dd":174,"eb2e1983":177,"8b5a8e9f":189,"0c0e98ea":178,"906632cb":189,"059d6c19":190,"142d6987":182,"f4634d0b":179,"d0c104c4":157,"be40590d":186,"685207b3":186,"2e3503e4":193,"80a8a56d":184,"d34a29b9":195,"34c5c729":181,"a3253019":174,"c4feee5b":180,"9a3cc55d":171,"3712c4bd":162,"9147702f":165,"0fc5ac7e":200,"c0e2624b":175,"6751d8e4":192,"60d6cee2":181,"8cddb65e":181,"61d4782d":179,"aec4e1bf":190,"17446892":182,"76f3a3be":186,"ed4fad08":188,"0b3283c9":189,"5623817d":170,"a58bf525":179,"a5676c24":182,"d9a64845":179,"cf1b8c47":192,"45b5746e":189,"74c26380":205,"d8e58a8c":198,"ee75b607":172,"781ace7d":182,"79be29c8":167,"e6ec8cbf":196,"ee21ad02":206,"6775d5cd":179,"677c6a09":200,"a502c93c":174,"b935fc1c":185,"004f1ef3":214,"0b5a0408":194,"1438fad7":185,"01cd8099":194,"1b153aef":185,"fb44fa9c":187,"cf52025e":176,"1ff8c2fc":188,"f277386e":159,"2e99f8fd":175,"468fc85c":185,"d102b0c6":167,"95f6db13":183,"b2bd8fd3":164,"6291e9e9":191,"f9c15fcc":174,"804d4dfa":172,"ae8a09c4":188,"b36a0d66":168,"d0c0fc08":161,"0f72f2d8":186,"db0a661e":173,"85de05f2":181,"e2a7d915":155,"df81ddee":166,"d25e0f8d":211,"ab7467de":198,"93e8cee5":205,"ea6de194":188,"30c5d755":187,"f4343817":183,"e786063b":190,"868cda42":183,"4577b333":187,"b5ce0c0c":197,"a81a857c":172,"99e171db":177,"5d087c79":185,"25d1b2d8":186,"a9b1bd51":143,"1b881e6e":188,"1d790491":186,"9ceb5439":168,"21ee2afe":198,"558d5ce7":177,"53a8613c":196,"d2a841c9":178,"30dd2edc":181,"623c6a31":197,"eafbf9fb":184,"385ab7c6":188,"d2466211":193,"77bfed7e":178,"e57d5cda":171,"621d6b18":186,"8fb236a9":170,"faf4f98b":187,"f67de058":183,"afe8e06a":157,"9b546d65":177,"ba5c52af":174,"7bda83dd":175,"c6dc900c":154,"eb2e1983":178,"a4f1d83b":168,"d0c104c4":158,"6e24d88b":173,"d033db8d":200,"381c68fa":184,"1f11812e":196,"a8726d50":166,"c382f054":197,"470d50c2":189,"26c390d6":187,"70bc8325":175,"084cbc0b":167,"8cd78f77":187,"22234d6b":187,"fd07e0ed":182,"50c3164b":202,"4911acad":151,"aa9ea5e8":161,"a472532e":168,"6e44927f":183,"3101354b":161,"4abb7aed":181,"f789f6d8":174,"781ace7d":183,"b28a5e67":209,"ee75b607":173,"bf30a08f":199,"04cc7cbe":175,"6d61bf13":171,"5781776a":184,"014bdff0":181,"b1f58563":175,"27f52ed3":206,"95d3d348":171,"b769bdfb":177,"05642105":189,"32c9fc47":184,"8493f3b2":178,"d82592f4":193,"0be540c5":192,"9c58dd76":179,"db0a661e":174,"17807120":174,"fb44fa9c":188,"4f5e3e7d":171,"a3d4a0e5":194,"eed20185":200,"d0b297b2":166,"40569362":199,"8eb64769":190,"5678ed7b":200,"8f2a7d69":180,"03dcfa3d":181,"d9dcdc4b":197,"1bd5b20b":199,"dd1fcb17":169,"c21ab51e":165,"c5b35e4d":168,"9b172ca8":159,"754f98c9":196,"cb51f134":192,"4dac6b20":156,"21ad2f34":186,"75ffea08":184,"4577b333":188,"7e8e1c3d":177,"d6f0d94a":184,"ecfa8249":194,"5c82d1ce":175,"259930ee":187,"e3547548":174,"3b7763b1":166,"5a622a23":183,"4c39240e":194,"caddd0a7":188,"e9a8cf11":184,"61d4782d":180,"68562193":186,"c9efc8f6":180,"42c80e69":197,"5339e1e9":197,"66d94227":177,"088feee2":185,"97e75c19":192,"47d27624":171,"d1fe2868":194,"c6c85783":189,"12dd6f5e":164,"2cb29e5a":187,"53a8613c":197,"08c6b5d2":189,"15620dca":198,"49902219":205,"ef8321d8":187,"d39724bc":175,"4652b09a":186,"04bef50c":157,"290b4714":184,"7a840529":176,"ef14000f":198,"9f74b8a4":169,"4f59a322":185,"d5059415":177,"a06a6430":190,"0d7d88f1":178,"733c86f8":190,"2352c8ef":183,"ec11fe5f":155,"dfcc2ad1":204,"2a4a402a":173,"eebc8d43":175,"50b558a7":165,"655941a0":190,"1e7753d9":191,"3b690f68":200,"4ee62a26":167,"0af920d8":166,"467773ac":177,"7cd0ad7b":185,"fd07e0ed":183,"f069bb07":179,"ef1c2dcb":188,"a625328f":188,"6e851762":177,"3c6692a3":201,"2180f99b":175,"a901627e":180,"52eca0dc":182,"ef8987d7":168,"b2cfdbcf":173,"c91966ce":176,"8a165e17":185,"d9d0c567":187,"578f6e9e":200,"014bdff0":182,"a77e127d":159,"004f1ef3":215,"3a204e56":181,"5623817d":171,"3c43e8a2":194,"0d2c95fe":180,"b36a0d66":169,"40569362":200,"ce4da56f":179,"87ce8d1d":153,"5678ed7b":201,"804d4dfa":173,"d0b297b2":167,"a4dafea5":176,"6b78ad7f":181,"104721f0":183,"4b4ecbce":167,"9b742f71":173,"8e780922":170,"2e3503e4":194,"69d4b754":176,"07107f6e":187,"92136ff5":183,"7d112f4d":191,"df81ddee":167,"c015ec5a":180,"4eed1bea":187,"0a2f71bc":168,"c8dc010f":184,"2045d7d6":181,"805af3c7":180,"5fa12feb":193,"b7505747":193,"c1bdfd41":178,"62d1d346":166,"a636f4c9":192,"92d38723":193,"4ff2225d":180,"fe0df575":197,"bad6cdb1":151,"e0f7679f":164,"5ee911b5":168,"4cc141fa":154,"2d382981":174,"08a4c3f8":186,"8323d333":161,"27c8e038":194,"bb8a6337":169,"12534561":183,"e4714415":204,"42c80e69":198,"b35bb8a1":172,"51f80f4c":206,"5ac86fb9":187,"d957f027":181,"c67979e6":202,"254cc28c":187,"7e15f8e8":189,"04643409":190,"650bb0e0":177,"a983a6dc":169,"eafbf9fb":185,"d3e84616":183,"bc021def":177,"b9a48a5c":165,"f3d68430":193,"217c0327":163,"ee75b607":174,"1a442bc7":165,"88ce179e":189,"7fef9973":176,"e0e48a2d":177,"37d0cae2":170,"16b476e9":182,"d83294cd":172,"d4ee22a4":189,"93b9fae6":176,"ae95f2ba":201,"0785820e":177,"cb142908":169,"53b4e647":180,"82204d54":173,"2bcca6a7":203,"0e2b5d2f":184,"55928ef1":178,"6c524f99":193,"cd522166":194,"78b97937":200,"66b7b5b4":181,"6f81493d":165,"58d46189":195,"b6591e25":187,"1a2ec5d7":197,"026766f3":182,"57540cc3":182,"6751d8e4":193,"84b67924":184,"bca2d7cd":177,"84b767be":206,"fd07e0ed":184,"272c7672":187,"50c3164b":203,"fafb4cc2":229,"69eeae0d":166,"195eb771":185,"537634c9":167,"a15713c6":206,"3f75d3bc":203,"2dd0e808":172,"a77e127d":160,"5410e9c6":190,"60e855ee":194,"016953e4":197,"26f99a1e":167,"004f1ef3":216,"c95719e5":168,"e62d705f":173,"b3863630":179,"acac14fb":172,"bd984a8e":168,"470d50c2":190,"8e99d5d0":209,"ab7d4c9a":174,"a3253019":175,"debe1f65":177,"07107f6e":188,"7b6a7048":180,"ded7da5a":187,"0a96f57a":177,"25e0dd3d":177,"fb8bfb36":198,"df2b4d87":173,"c0b0f492":194,"dac109cf":175,"c4e70c07":173,"04ea5673":178,"92f800f5":192,"28d40296":153,"8d753bb6":182,"aa00769b":194,"17b08923":180,"03dcfa3d":182,"11888cfa":168,"5f8517b7":204,"ae8a09c4":189,"f277386e":160,"9260d96b":213,"ea274174":190,"12271e14":188,"4945c851":192,"2d1e1e9d":185,"03c398d2":186,"d0c0fc08":162,"b552beb3":195,"00554ffd":185,"48655f09":226,"332820ce":188,"04612878":204,"49bf2e95":171,"be149c6f":167,"03b4ab60":167,"60d6cee2":182,"35aa7fd0":187,"7af9d3b1":175,"5f6613c8":170,"288a2c43":175,"b8ab8e6e":176,"2b3e4717":181,"39a2fcce":167,"90d52475":185,"77f31bab":195,"faf3ed07":171,"48efc739":199,"6d339d45":158,"d1715f3b":199,"aa187e3b":180,"a502c93c":175,"20811ddf":187,"ee21ad02":207,"7735c3c2":178,"93b0a158":196,"6ee92259":196,"07f98660":196,"7566fdd6":186,"1dad0f99":173,"abd32136":193,"10ec5a0b":170,"f1df62b4":190,"ad303bda":174,"eb2e1983":179,"6a7392d5":162,"0f89862c":162,"902f49f5":180,"cd3bbe7e":180,"53a8613c":198,"8dd2684c":184,"36d340f2":161,"a63bddd4":220,"9de29816":158,"bca2d7cd":178,"fd07e0ed":185,"272c7672":188,"d744bee2":172,"2d54e0a8":183,"8657c79d":175,"ea822700":181,"e35a63cd":181,"78b97937":201,"c510bfd3":193,"7fdc2007":166,"91f7ef72":172,"d9d0c567":188,"1d44aff3":191,"da04caac":195,"317c1591":197,"3712c4bd":163,"eda6a690":178,"a77e127d":161,"71ff66e8":191,"906632cb":190,"751bcf25":173,"0af920d8":167,"c3e6ef01":179,"66b7b5b4":182,"36380d96":184,"d548635d":185,"b215547b":168,"ebdbf580":186,"8e780922":171,"0a92153e":184,"bd984a8e":169,"44ff8baa":182,"e2a7d915":156,"f734c84c":202,"ded7da5a":188,"0a96f57a":178,"ca7d47f7":186,"40e79dd3":184,"859545e6":173,"5a622a23":184,"d9f512b9":190,"9a3cc55d":172,"c95719e5":169,"b552beb3":196,"2c24d929":186,"2d1e1e9d":186,"aefe13f5":191,"69f3bfcc":174,"db0a661e":175,"013ee301":175,"64a7f79f":188,"3d1af513":191,"4cc141fa":155,"2cce4fb2":188,"fe0df575":198,"c852d240":176,"64db4feb":197,"51f80f4c":207,"13747b82":188,"17446892":183,"4125085e":188,"f94bf9ea":174,"8ec3834d":195,"d1fe2868":195,"5d087c79":186,"1a0189c4":177,"254cc28c":188,"0670c466":173,"84369269":160,"59c1e594":169,"6d802fa2":165,"82b81567":159,"fb44fa9c":189,"2d382981":175,"332820ce":189,"379184a7":205,"b7df1559":183,"7ae3fc50":164,"8a165e17":186,"db8ba455":185,"a851891c":177,"730a4938":168,"16b476e9":183,"11b74e63":188,"54d7de6b":205,"ad2d7bed":192,"6775d5cd":180,"5acce642":187,"91536e85":190,"abd32136":194,"d7cb9bcf":171,"ba938220":177,"b73e789c":165,"53b4e647":181,"e57d5cda":172,"88fa53d6":160,"8f13c203":172,"0f029727":176,"4777334c":178,"4469c815":154,"8cc4a982":193,"fd6dcb20":184,"a63bddd4":221,"6d339d45":159,"945b63f0":200,"558d5ce7":178,"72d7b461":198,"f271ed5d":183,"8657c79d":176,"b7832271":200,"ef1c2dcb":189,"aaa274a5":179,"a625328f":189,"f67de058":184,"ba5c52af":175,"a8c93bed":178,"05f6ab35":189,"30c184b8":176,"0f89862c":163,"1745a0f4":186,"381c68fa":185,"906632cb":191,"ca6d2d91":182,"1a2ec5d7":198,"0af920d8":168,"26ed1a5c":179,"4ee62a26":168,"9267f0ef":189,"e9679ede":180,"ebdbf580":187,"754f98c9":197,"36380d96":185,"f76a3e83":183,"bd984a8e":170,"c45d554f":190,"e2a7d915":157,"913a6226":187,"fb8bfb36":199,"eda6a690":179,"f2470875":189,"fe1d4419":178,"004f1ef3":217,"b769bdfb":178,"71ff66e8":192,"d1676e89":181,"6df0b2e8":207,"35aa7fd0":188,"61d4782d":181,"081460bf":185,"181c3dd5":187,"71a2a493":152,"a2c334e7":204,"31d74eee":171,"9d9dd9e5":175,"7e15f8e8":190,"527ff946":185,"ccf8b803":189,"a1921150":193,"2b3e4717":182,"e0f7679f":165,"2c24d929":187,"a543ec74":159,"1b153aef":186,"66554572":152,"26c6fa34":172,"82b81567":160,"de36827b":205,"31f6d707":198,"ae8a09c4":190,"b84a06eb":180,"f044c0e1":178,"d5dae4c4":201,"da04caac":196,"52eca0dc":183,"616d6dd6":180,"d9a64845":180,"f3a0c2ee":181,"43bc86e3":174,"e6ec8cbf":197,"5acce642":188,"e382ec3f":172,"ba586505":192,"0d770b97":183,"d83870f5":175,"e4117b3b":162,"2ce1af05":161,"77bfed7e":179,"00a17b46":183,"d4ee22a4":190,"91536e85":191,"4930f321":174,"0bfabf48":171,"baebb391":192,"06073f13":192,"489a39f7":177,"67f6e4f2":163,"2198ba8e":174,"1c3a30c5":190,"a6bcb07e":182,"8f2a7d69":181,"8493f3b2":179,"4dac6b20":157,"70594a28":181,"868cda42":184,"f734c84c":203,"c0b0f492":195,"ba30e43a":197,"0f029727":177,"ce3bf5db":182,"259930ee":188,"4577b333":189,"2dda3936":174,"eafbf9fb":186,"3661e12d":183,"22ecaed0":177,"3454fa2b":164,"9e206c95":202,"ac38a6a5":192,"272c7672":189,"98915a1f":169,"c0e2624b":176,"d1ca5d6b":188,"fd369c21":191,"aaa274a5":180,"9147702f":166,"9a3ab0b8":176,"8007f30e":161,"be3a10f8":210,"f5e8dfee":194,"7bda83dd":176,"c6dc900c":155,"f67de058":185,"751bcf25":174,"059d6c19":191,"f1b493de":206
1604737653211,"c8977844":181,"dbd2f139":183,"0c0e98ea":179,"58d46189":196,"2e3503e4":195,"655954ba":175,"470d50c2":191,"696fdac5":191,"4c4aa2e2":180,"a3253019":176,"3498f223":180,"3007f31f":172,"efd23af5":171,"f734c84c":204,"a0cca8b7":172,"a0ce82b4":178,"7bebff03":181,"ded7da5a":189,"d6f0d94a":185,"c015ec5a":181,"25776fc4":185,"08a06557":208,"1623fc9f":179,"c1bdfd41":179,"d9d7c4c2":179,"7ae34c64":175,"aa867541":174,"7896b953":190,"3c0df8b4":196,"731fc335":166,"cf1b8c47":193,"abc1d7ad":206,"6c20c153":182,"3b2dee89":176,"ae99df30":166,"677c6a09":201,"37d0cae2":171,"e0e48a2d":178,"d4d5f466":173,"43d87483":185,"0bfabf48":172,"d7cb9bcf":172,"8fb236a9":171,"b73e789c":166,"58d46189":197,"dbd2f139":184,"cf1124db":177,"7a4c064c":190,"629800eb":195,"13b53c7a":184,"b87158fb":176,"30c184b8":177,"11b2c8d9":177,"7bda83dd":177,"a8c93bed":179,"b8488fc8":186,"61f25dd4":204,"c4bff41f":200,"0681c48e":193,"af034fee":197,"31f6ba51":169,"c64de0c0":167,"5a734022":165,"5eaa1581":175,"f66616b7":184,"99e171db":178,"d1fe2868":196,"6adce358":199,"c67979e6":203,"d5557fb4":187,"c98d5272":176,"906632cb":192,"6f81493d":166,"be40590d":187,"4e3f5178":195,"470d50c2":192,"06ee61b6":164,"9f2b16a7":192,"104721f0":184,"f3992a31":196,"a836aa93":180,"2ad42a9e":207,"913a6226":188,"6490bac6":174,"5a622a23":185,"4dac6b20":158,"3b7763b1":167,"0149e11a":169,"259930ee":189,"f8b31ce5":205,"caddd0a7":189,"2154b6e8":173,"71ff66e8":193,"014bdff0":183,"0a2f71bc":169,"5ef93e5d":159,"3f75d3bc":204,"7896b953":191,"7c0a2db6":177,"ec110282":211,"781ace7d":184,"906fdec3":166,"51a3e9c2":177,"dffa7793":153,"d4d5f466":174,"e4117b3b":163,"5acce642":189,"124fbe96":173,"20811ddf":188,"88fa53d6":161,"d6320619":171,"9de29816":159,"ac38a6a5":193,"22ecaed0":178,"8547fbc2":175,"36d340f2":162,"546f6845":176,"0d2a1c58":176,"de6213c7":180,"5747db6e":196,"5ab7bc35":188,"056ea7ff":199,"cc5a1d47":174,"0785820e":178,"cb142908":170,"621d6b18":187,"af7e5be8":185,"cf9f4757":180,"0042f6eb":176,"c1bb74f2":177,"8b5a8e9f":190,"ec11fe5f":156,"9d023afb":179,"fee32863":185,"6c486702":188,"f883d582":163,"84b767be":207,"084cbc0b":168,"b947257e":186,"3c6692a3":202,"c852d240":177,"6df0b2e8":208,"64db4feb":198,"6867261a":182,"a2c334e7":205,"5eaa1581":176,"6632fed0":183,"25d1b2d8":187,"83086d4c":181,"8dd649a3":181,"e45b4b53":171,"1438fad7":186,"a5aee5de":211,"cfe72ead":175,"836701f6":184,"b36a0d66":170,"4cc141fa":156,"5ee911b5":169,"28d41578":190,"1951480c":166,"d6db2b02":189,"baebb391":193,"f9c15fcc":175,"74e01f6a":183,"59431390":177,"358e45b1":178,"e36dfd6f":189,"e8d74304":173,"d102b0c6":168,"bbe71605":167,"0ac825ed":183,"4febf7c5":179,"9263c525":186,"b2bd8fd3":165,"a4f1d83b":169,"93683c82":176,"20e470e0":178,"9d4da635":168,"61f25dd4":205,"f1b493de":207,"e0154608":191,"288d171f":184,"be2955bb":181,"8e99d5d0":210,"69134f07":165,"c7313e0a":195,"c21ab51e":166,"25e0dd3d":178,"4dac6b20":159,"6490bac6":175,"f734c84c":205,"3007f31f":173,"a58bf525":180,"695a2b92":172,"0a96f57a":179,"28d40296":154,"aab4d996":179,"e21c6207":181,"8f13c203":173,"a851891c":178,"8a165e17":187,"d9d0c567":189,"313258f2":188,"4bc46d7a":176,"6e44927f":184,"aa867541":175,"93b0a158":197,"935ec056":169,"11b74e63":189,"e4117b3b":164,"7735c3c2":179,"9bdf362a":185,"30c5d755":188,"c1bdfd41":180,"2a387957":179,"7e15f8e8":191,"1b881e6e":189,"6adce358":200,"0f1ac912":167,"bf822e33":178,"172217e5":196,"3f65f121":194,"945b63f0":201,"ccdd1ce6":186,"d1715f3b":200,"623c6a31":198,"6cba74ce":163,"1f7607df":168,"70bc8325":176,"5747db6e":197,"ffc86f94":170,"9ab755d3":170,"b947257e":187,"d552eb2f":185,"9fa62fee":173,"68562193":187,"32133249":184,"76f3a3be":187,"a47abfbb":164,"0ecfa1c9":170,"24a9fb86":188,"0681c48e":194,"b0869206":186,"0d770b97":184,"d83294cd":173,"9496f56f":186,"597c1f81":181,"0785820e":179,"2b698053":177,"4930f321":175,"95539a58":177,"a66a2d8a":198,"20958d58":176,"b8488fc8":187,"1bc0591f":177,"1105f790":211,"0042f6eb":177,"5f4102da":188,"83086d4c":182,"5623817d":172,"77d35808":163,"971675c5":189,"317c1591":198,"7a6aa4b6":182,"88a30343":189,"064a99c8":186,"32c9fc47":185,"23080895":168,"608bc832":155,"d6db2b02":190,"8493f3b2":180,"458dcc3d":195,"c7c4ec5c":172,"468fc85c":186,"411b5027":167,"4ba6eb36":174,"87922532":210,"6db0ea86":168,"3d1af513":192,"a0b03218":185,"2d1e1e9d":187,"34658473":173,"013ee301":176,"87ce8d1d":154,"142d6987":183,"e62d705f":174,"58d46189":198,"5ccf94d6":184,"4ee62a26":169,"6e24d88b":174,"66497c7e":180,"685207b3":187,"9b742f71":174,"ab7d4c9a":175,"8e780922":172,"696fdac5":192,"bd984a8e":171,"288d171f":185,"c45d554f":191,"e2a7d915":158,"61145ec9":193,"83b2f9c5":188,"7c0a2db6":178,"a472532e":169,"43bc86e3":175,"e865e4dd":172,"71e53c93":181,"cd421290":179,"21ad2f34":187,"1d790491":187,"6e98dfda":181,"23760167":180,"0670c466":174,"527ff946":186,"5957df9e":172,"c98d5272":177,"d1715f3b":201,"15620dca":199,"6d5fcd4c":178,"22ecaed0":179,"f3d68430":194,"ef8321d8":188,"f5596d0f":185,"6b9eff39":177,"26dd2000":196,"feb67030":172,"d6f0d94a":186,"aab4d996":180,"24ffcbd3":196,"49b358bd":189,"859545e6":174,"fbdffc95":175,"868cda42":185,"d815c5b4":213,"1a442bc7":166,"cb4f262b":176,"a6b5e869":186,"91b28f83":188,"16b476e9":184,"e356abf1":192,"597c1f81":182,"a85d89cc":180,"385ab7c6":189,"7a840529":177,"7566fdd6":187,"7a4c064c":191,"1dad0f99":174,"a8c93bed":180,"dfcc2ad1":205,"afe8e06a":158,"0042f6eb":178,"a66a2d8a":199,"78b97937":202,"dc583e64":194,"f5cd79c1":189,"6b79fec2":170,"014bdff0":184,"b935fc1c":186,"c95719e5":170,"93ac9ca3":187,"8b2b601d":189,"66554572":153,"1b153aef":187,"9fc713b0":195,"de36827b":206,"8493f3b2":181,"a636f4c9":193,"0cb80f4a":186,"f1098793":190,"1438fad7":187,"d8475b95":157,"7ae3fc50":165,"49910300":167,"946df4fd":206,"a4dafea5":177,"8d000d6e":167,"88a30343":190,"08a4c3f8":187,"b2bd8fd3":166,"ae8a09c4":191,"336d0f08":194,"6751d8e4":194,"7028b044":178,"2a06ab95":198,"9fa62fee":174,"2180f99b":176,"d1ca5d6b":189,"6e851762":178,"a6003226":182,"d6d61bfc":196,"bb8a6337":170,"47cfba38":168,"227006e4":184,"dae0f922":189,"cf1124db":178,"94a2fe10":194,"0d5ee801":174,"026766f3":183,"d033db8d":201,"74f234c6":212,"a836aa93":181,"c7313e0a":196,"90a06ee9":191,"4125085e":189,"9f5e6cba":193,"1b881e6e":190,"47d27624":172,"a939b50b":183,"5d087c79":187,"04643409":191,"b88033fd":193,"6e98dfda":182,"12dd6f5e":165,"22176537":180,"bb99c79c":178,"0e036ae9":196,"be4f8ba8":173,"f5596d0f":186,"f2ca27d9":194,"33d6bb6a":179,"f789f6d8":175,"c91966ce":177,"5ef93e5d":160,"313258f2":189,"4b4ecbce":168,"9d0546ac":169,"93e8cee5":206,"69134f07":166,"a0ce82b4":179,"4c4aa2e2":181,"e1f0dbfd":205,"c8fcad77":168,"5be594be":180,"7e8e1c3d":178,"a577db1c":174,"ded7da5a":190,"c015ec5a":182,"8ea21393":160,"e32524d6":170,"4777334c":179,"e5d3655c":207,"0f029727":178,"d4d5f466":175,"d9a64845":181,"aa187e3b":181,"65e4235b":185,"d1d40c9c":194,"ef8987d7":169,"d39724bc":176,"1757a30e":170,"6775d5cd":181,"11b74e63":190,"c38c2b52":177,"9aa6a054":184,"91536e85":192,"2b698053":178,"77bfed7e":180,"621d6b18":188,"ef14000f":199,"dc0c8b09":198,"aa5dfdf5":181,"0fc5ac7e":201,"f069bb07":180,"a6626a13":171,"eb7b4e29":176,"d3a669ac":195,"22234d6b":188,"363590c7":196,"f5cd79c1":190,"8dc9b4db":187,"014bdff0":185,"3712c4bd":164,"5b60dd1d":180,"c7ab83c1":163,"8b2b601d":190,"804d4dfa":174,"2d1e1e9d":188,"946df4fd":207,"a533489b":201,"7a2f3f06":174,"01cd8099":195,"1be05c14":190,"27c8e038":195,"3d1af513":193,"24d24fa3":170,"751acea8":176,"4279e829":200,"5cd3cfe0":165,"5ccf94d6":185,"c2bb8aae":175,"7cd0ad7b":186,"ca6d2d91":183,"d548635d":186,"acac14fb":173,"fe578280":172,"a4296d1e":177,"19551bad":169,"2a4a402a":174,"afe8e06a":159,"fef750ca":183,"1105f790":212,"13b53c7a":185,"5f0c1b9d":188,"b2cfdbcf":174,"d34a29b9":196,"57d5dee8":185,"b230e8d3":186,"1b881e6e":191,"aec4e1bf":191,"f66616b7":185,"288a2c43":176,"a1921150":194,"e4714415":205,"50d129cf":176,"2132fe93":190,"088feee2":186,"4911acad":152,"1634789b":174,"842c8340":178,"3f65f121":195,"be4f8ba8":174,"0e036ae9":197,"558d5ce7":179,"9c58dd76":180,"c7c4ec5c":173,"7732eb1e":200,"742f1425":189,"f1862e79":159,"3c782bb3":181,"a3d4a0e5":195,"34658473":174,"06ddafc7":163,"1ff8c2fc":189,"c21ab51e":167,"1e232870":183,"51c57542":190,"e2a7d915":159,"2b3c49b9":179,"df81ddee":168,"a0ce82b4":180,"debe1f65":178,"6b9eff39":178,"0f029727":179,"a81a857c":173,"c4e70c07":174,"a577db1c":175,"caddd0a7":190,"30c5d755":189,"df2b4d87":174,"c91966ce":178,"fd482491":208,"95904ac4":198,"a5676c24":183,"dc03ebd2":193,"935ec056":170,"dffa7793":154,"6775d5cd":182,"5b5fc566":181,"b0869206":187,"6b82b527":184,"88ce179e":190,"053f3451":180,"c803b4a3":180,"7e95c5a0":187,"43d87483":186,"7566fdd6":188,"7218c9f1":171,"9aa6a054":185,"6de0aaac":173,"d6320619":172,"d2a841c9":179,"26c390d6":188,"bca2d7cd":179,"5747db6e":198,"0fc5ac7e":202,"dd7acb96":186,"5a07fc2e":159,"84b67924":185,"263762cb":168,"e7773397":170,"e238f09b":199,"8dd649a3":182,"fe1d4419":179,"42191b64":156,"60e855ee":195,"de36827b":207,"05642105":190,"a636f4c9":194,"95bc84f1":166,"b35e9e1a":216,"dd1fcb17":170,"7ae3fc50":166,"a543ec74":160,"b552beb3":197,"12a2cd4b":174,"06ddafc7":164,"40569362":201,"d36125db":187,"aefe13f5":192,"7a2f3f06":175,"c27969ec":176,"045f280d":186,"f1862e79":160,"00554ffd":186,"56752a4a":171,"08a4c3f8":188,"9d4da635":169,"5cd3cfe0":166,"751bcf25":175,"0c043224":193,"a4f1d83b":170,"c8977844":182,"b7434f57":146,"20958d58":177,"11b2c8d9":178,"be3a10f8":211,"a59a8290":189,"33d6bb6a":180,"0f89862c":164,"eb2e1983":180,"f33c0140":185,"ab7d4c9a":176,"53431634":202,"17446892":184,"c93c3508":162,"31f6ba51":170,"40860a4b":161,"71a2a493":153,"12534561":184,"288a2c43":177,"31d74eee":172,"6adce358":201,"ce3407dd":174,"50d129cf":177,"d5557fb4":188,"4ed01268":173,"2b3e4717":183,"501db4de":180,"06ee61b6":165,"e0154608":192,"696fdac5":193,"bc09fa9e":185,"e1f0dbfd":206,"93e8cee5":207,"daab45c6":169,"f734c84c":206,"feb67030":173,"bfad1727":164,"d9d7c4c2":180,"4fd645f1":180,"fce3c5c6":171,"4577b333":190,"caddd0a7":191,"65a00a3c":181,"aa021138":201,"83b2f9c5":189,"b28a5e67":210,"a5676c24":184,"6023df54":176,"7ae34c64":176,"3c0df8b4":197,"1d44aff3":192,"6841f77e":193,"ea4d3f3e":190,"bf30a08f":200,"0d770b97":185,"6775d5cd":183,"54d7de6b":206,"bb00e71c":165,"7218c9f1":172,"053f3451":181,"7a840529":178,"0785820e":180,"0d28db94":172,"93b9fae6":177,"43d87483":187,"217c0327":164,"b946e146":200,"0277d748":189,"30dd2edc":182,"8dd2684c":185,"21ee2afe":199,"22ecaed0":180,"26c390d6":189,"3c6692a3":203,"d552eb2f":186,"aec074c4":186,"383e232d":181,"fb7482fe":184,"eb7b4e29":177,"c564e316":190,"1951480c":167,"83086d4c":183,"b1f58563":176,"5270f158":174,"22aeaf03":184,"e45b4b53":172,"1be05c14":191,"064a99c8":187,"8aa78e2f":167,"11888cfa":169,"04612878":205,"3c782bb3":182,"36fb15d2":199,"23080895":169,"2e99f8fd":176,"013ee301":177,"a636f4c9":195,"d9dcdc4b":198,"35b58ef9":167,"0cb80f4a":187,"ea274174":191,"b460f030":205,"b84a06eb":181,"cac4449a":175,"d0b297b2":168,"655941a0":191,"381c68fa":186,"a8726d50":167,"20e470e0":179,"5cd3cfe0":167,"c3e6ef01":180,"93683c82":177,"78b97937":203,"9a3ab0b8":177,"13b53c7a":186,"9d023afb":180,"0f89862c":165,"733c86f8":191,"2352c8ef":184,"bfcb912a":183,"d6d61bfc":197,"3a1d1632":160,"5a734022":166,"a47abfbb":165,"76f3a3be":188,"4911acad":153,"c81b2bcf":167,"794f652b":192,"36b7003c":210,"254cc28c":189,"25d1b2d8":188,"aff8e442":183,"c6c85783":190,"c382f054":198,"4ac6bd4e":169,"40569362":202,"dcf85091":161,"1a68160d":185,"0da28f5b":196,"efe84c27":186,"0a92153e":185,"1e232870":184,"79e4fa1c":184,"da3437cd":173,"a851554d":184,"df81ddee":169,"53747a91":175,"4dac6b20":160,"a81a857c":174,"d25e0f8d":212,"d141db49":179,"0a2f71bc":170,"25776fc4":186,"f8b31ce5":206,"30c5d755":190,"2af60749":187,"28654c76":192,"00a481e3":189,"4bc46d7a":177,"1d44aff3":193,"313258f2":190,"731fc335":167,"cf1b8c47":194,"ee75b607":175,"bf30a08f":201,"d815c5b4":214,"ba586505":193,"7ee7621c":183,"88ce179e":191,"e0e48a2d":179,"a85d89cc":181,"7fb4c521":186,"ef91eaae":165,"9fce073c":178,"fd6dcb20":185,"be4f8ba8":175,"6de0aaac":174,"af157d29":177,"f3d68430":195,"6cba74ce":164,"416a9e97":172,"2c01e624":184,"bca2d7cd":180,"2d54e0a8":184,"84b67924":186,"d1ca5d6b":190,"72d7b461":199,"2180f99b":177,"3f2522c2":197,"578f6e9e":201,"f2470875":190,"82868763":176,"09f0db62":200,"19f9ca86":189,"5410e9c6":191,"28d41578":191,"3310a049":188,"69f3bfcc":175,"946df4fd":208,"87ce8d1d":155,"8d753bb6":183,"03dcfa3d":183,"a8871ddf":167,"31f6d707":199,"0b5a0408":195,"7ae3fc50":167,"cc11fef9":191,"66b7b5b4":183,"6e24d88b":175,"40a745c0":185,"1f11812e":197,"c3e6ef01":181,"10ec5a0b":171,"ae95f2ba":202,"faf4f98b":188,"33d6bb6a":181,"eebc8d43":176,"05f6ab35":190,"8063df14":192,"a8c93bed":181,"78b97937":204,"50b558a7":166,"655941a0":192,"ed4fad08":189,"0681c48e":195,"7af9d3b1":176,"6867261a":183,"72805bf5":178,"51f80f4c":208,"c64de0c0":168,"77f31bab":196,"e15fd611":170,"aff8e442":184,"ccf8b803":190,"5d087c79":188,"3e602573":184,"b377a62a":169,"56752a4a":172,"26009d3f":168,"5f8517b7":205,"74e01f6a":184,"358e45b1":179,"481754fc":160,"00554ffd":187,"5ee911b5":170,"e0154608":193,"a3253019":177,"5be594be":181,"0dad37d5":194,"ebdbf580":188,"1247fa52":187,"6b78ad7f":182,"261c9911":192,"e2a7d915":160,"21ad2f34":188,"8ea21393":161,"93e8cee5":208,"e21c6207":182,"f4343817":184,"b7505747":194,"0a2f71bc":171,"44c77422":186,"7043382d":184,"fe44fc6f":168,"43bc86e3":176,"a5676c24":185,"6023df54":177,"61145ec9":194,"52eca0dc":184,"f905a555":167,"4b125e7b":171,"ea4d3f3e":191,"88ce179e":192,"a6b5e869":187,"4652b09a":187,"730a4938":169,"ba586505":194,"24ffcbd3":197,"868cda42":186,"d9f512b9":191,"2b3e4717":184,"44a4f7cd":184,"ef8321d8":189,"e9adbe58":178,"bb99c79c":179,"8cc4a982":194,"09560615":169,"623c6a31":199,"bc021def":178,"4bcd4a30":190,"084cbc0b":169,"284544ba":174,"c0e2624b":177,"2180f99b":178,"2d13e69b":183,"0fc5ac7e":203,"095ab3b4":184,"016953e4":198,"3e082b37":174,"c0b7e7d7":166,"1da771fb":185,"363590c7":197,"77d35808":164,"cf50e84e":171,"8aa78e2f":168,"90731976":171,"c2bb8aae":176,"b9be31d6":190,"d2466211":194,"0d7d88f1":179,"9496f56f":187,"0d28db94":173,"f1df62b4":191,"faf4f98b":189,"fee32863":186,"e35a63cd":182,"eb2e1983":181,"92ca52b7":195,"11b2c8d9":179,"c6dc900c":156,"0e2b5d2f":185,"93683c82":178,"d0c104c4":159,"8db62558":185,"f4634d0b":180,"2132fe93":191,"12534561":185,"540df50f":187,"288a2c43":178,"9b3f8714":184,"4125085e":190,"7af9d3b1":177,"f4b2f575":172,"4360a1a3":197,"b7434f57":147,"a8871ddf":168,"a636f4c9":196,"6c73ae98":160,"d8475b95":158,"6291e9e9":192,"b35e9e1a":217,"b2bd8fd3":167,"31f6d707":200,"87ce8d1d":156,"1138796e":191,"82b81567":161,"9c58dd76":181,"8c6e001f":158,"87922532":211,"ea274174":192,"8eb64769":191,"fe0df575":199,"50312237":188,"d548635d":187,"ab7d4c9a":177,"e0154608":194,"c382f054":199,"6fb4cdda":198,"c21ab51e":168,"8e99d5d0":211,"a0ce82b4":181,"e2cbe594":184,"ccb5ea3e":162,"261c9911":193,"ded7da5a":191,"ab7467de":199,"95904ac4":199,"fe44fc6f":169,"4bc46d7a":178,"2dd0e808":173,"195eb771":186,"ef8987d7":170,"00a481e3":190,"93b0a158":198,"88ce179e":193,"ba586505":195,"935ec056":171,"f0a06216":187,"daab45c6":170,"e786063b":191,"5f620a1e":184,"caddd0a7":192,"1634789b":175,"f66616b7":186,"bad1a1cc":181,"04643409":192,"789bd484":174,"d5557fb4":189,"30dd2edc":183
1604737654076,"6085137f":178,"39bbc4bc":187,"b935fc1c":187,"82868763":177,"a40846b7":179,"eda6a690":180,"9a3cc55d":173,"820225e4":157,"0114160e":173,"90731976":172,"d9dcdc4b":199,"3e602573":185,"6a60348e":174,"8298e976":192,"8eb64769":192,"608bc832":156,"458dcc3d":196,"a8871ddf":169,"06073f13":193,"a43061ee":174,"92d38723":194,"03c398d2":187,"d0e9a58e":191,"87922532":212,"fa55f27a":189,"d8475b95":159,"7a6aa4b6":183,"5f8517b7":206,"f5596d0f":187,"d2a841c9":180,"7d6895f4":189,"4d35385e":171,"d1715f3b":202,"22176537":181,"b947257e":188,"2d54e0a8":185,"7028b044":179,"2f455cce":175,"1f342a00":175,"0d2a1c58":177,"7ee148e9":178,"911e770b":184,"5eaa1581":177,"5a734022":167,"7af9d3b1":178,"40860a4b":162,"32133249":185,"540df50f":188,"bc3dc66a":183,"82868763":178,"e45b4b53":173,"09f0db62":201,"9a3cc55d":174,"a58bf525":181,"d599b566":195,"8b2b601d":191,"49910300":168,"69f3bfcc":176,"66554572":154,"1db42092":188,"90731976":173,"64a7f79f":189,"0be540c5":193,"f1098793":191,"50312237":189,"9260d96b":214,"ad8f85d6":200,"c27969ec":177,"5f8517b7":207,"c7c4ec5c":174,"c609739e":192,"4ea4a2a1":198,"0eaf08da":182,"a577db1c":176,"9e65c0ef":183,"25776fc4":187,"57167c74":171,"baebb391":194,"5ee911b5":171,"b7407bd3":178,"31d74eee":173,"bad1a1cc":182,"faf3ed07":172,"91d52a55":178,"37fbb107":188,"d957f027":182,"48efc739":200,"f5596d0f":188,"51f57142":183,"4469c815":155,"a77e8461":186,"315537b2":191,"a63bddd4":222,"416a9e97":173,"91b28f83":189,"11b74e63":191,"53b4e647":182,"ef14000f":200,"619fda68":215,"9fce073c":179,"0bfabf48":173,"7566fdd6":189,"faf4f98b":190,"82204d54":174,"ec11fe5f":157,"a0685bf3":205,"f67de058":186,"1bc0591f":178,"e35a63cd":183,"05f6ab35":191,"cc11fef9":192,"0841052c":202,"8942c35b":180,"0d5ee801":175,"3f9b5722":168,"c3e6ef01":182,"c2bb8aae":177,"9fa62fee":175,"383e232d":182,"6751d8e4":195,"98915a1f":170,"2a06ab95":199,"fd07e0ed":186,"c793cdda":182,"64db4feb":199,"2132fe93":192,"725dce8b":193,"a0cf08b3":143,"7c0a2db6":179,"345c9967":175,"781ace7d":185,"91f7ef72":173,"83b2f9c5":190,"b28a5e67":211,"1951480c":168,"836701f6":185,"7ee148e9":179,"004f1ef3":218,"26f99a1e":168,"6b79fec2":171,"5781776a":185,"45fb95c1":182,"411b5027":168,"69f3bfcc":177,"e6fac295":179,"b35e9e1a":218,"481754fc":161,"ce4da56f":180,"90a06ee9":192,"acac14fb":174,"8e99d5d0":212,"06ee61b6":166,"36380d96":186,"972f4174":188,"7f86be64":178,"c8dc010f":185,"e21c6207":183,"c455f40e":172,"20777945":177,"40e79dd3":185,"014460b9":206,"cd421290":180,"c0b0f492":196,"92136ff5":184,"0f029727":180,"b5ce0c0c":198,"aa021138":202,"4c39240e":195,"cc6bbe45":175,"554ebb83":194,"cbad3b92":210,"1db42092":189,"fe0df575":200,"468fc85c":187,"a3d4a0e5":196,"1ff8c2fc":190,"dfc89705":183,"8298e976":193,"04612878":206,"de11eb19":196,"36fb15d2":200,"804d4dfa":175,"8c6e001f":159,"68562193":188,"74e3d13e":185,"c9efc8f6":181,"7af9d3b1":179,"789bd484":175,"91d52a55":179,"2a387957":180,"1b881e6e":192,"ccf8b803":191,"8ec3834d":196,"84369269":161,"2cb29e5a":188,"22ecaed0":181,"f2ca27d9":195,"6d339d45":160,"f87c5031":185,"546f6845":177,"4d35385e":172,"87c462ee":189,"67d30f2b":179,"935ec056":172,"ee21ad02":208,"7735c3c2":180,"d83870f5":176,"07f98660":197,"20811ddf":189,"9496f56f":188,"753ca352":184,"a06a6430":191,"9f74b8a4":170,"87cd2add":164,"c8113b77":167,"062179c1":176,"dd3913d2":176,"fef750ca":184,"a59a8290":190,"6a7392d5":163,"c6dc900c":157,"50b558a7":167,"61f25dd4":206,"430a5db5":190,"66b7b5b4":184,"906632cb":193,"a4f1d83b":171,"0c0e98ea":180,"e62d705f":175,"4abb7aed":182,"00a481e3":191,"a5676c24":186,"b947257e":189,"508aac3d":192,"9fa62fee":176,"72d7b461":200,"084cbc0b":170,"f069bb07":181,"c793cdda":183,"317c1591":199,"09ff339a":161,"eda6a690":181,"d1676e89":182,"39bbc4bc":188,"5270f158":175,"ea9bba6b":181,"8298e976":194,"820225e4":158,"1c3a30c5":191,"8b2b601d":192,"5f8517b7":208,"a543ec74":161,"b8397293":173,"bd984a8e":172,"cb51f134":193,"9f2b16a7":193,"6fb4cdda":199,"a836aa93":182,"696fdac5":194,"4e3f5178":196,"26dd2000":197,"e2cbe594":185,"0149e11a":170,"21ad2f34":189,"8ea21393":162,"f9f2c53f":164,"daab45c6":171,"28d40296":155,"04ea5673":179,"5f620a1e":185,"2af60749":188,"d6f0d94a":187,"44c77422":187,"4c39240e":196,"bad6cdb1":152,"a8871ddf":170,"6585adbe":162,"a0bc1ceb":173,"5678ed7b":202,"d0c0fc08":163,"bc392d1c":163,"11888cfa":170,"34658473":175,"481754fc":162,"1138796e":192,"a6003226":183,"47cfba38":169,"3a1d1632":161,"162a7348":173,"74e3d13e":186,"081460bf":186,"c852d240":178,"31d74eee":174,"77bae750":176,"25d1b2d8":189,"1a0189c4":178,"8ec3834d":197,"842c8340":179,"789bd484":176,"175bc6b2":162,"22ecaed0":182,"1d153b20":188,"fd6dcb20":186,"15620dca":200,"22176537":182,"01d817b8":161,"f905a555":168,"aa76bc50":151,"b2cfdbcf":175,"fafb4cc2":230,"ee75b607":176,"f0a06216":188,"935ec056":173,"5b5fc566":182,"51a3e9c2":178,"6b82b527":185,"d5059415":178,"54d7de6b":207,"9496f56f":189,"4d9b0b10":187,"c803b4a3":181,"cb142908":171,"9fce073c":180,"629800eb":196,"30c184b8":178,"c463799d":184,"8f10fa42":210,"2352c8ef":185,"db0a661e":176,"12a2cd4b":175,"fa55f27a":190,"66b7b5b4":185,"56d315d8":160,"906632cb":194,"c8977844":183,"0d5ee801":176,"1e191c98":166,"272c7672":190,"911e770b":185,"f069bb07":182,"aa5dfdf5":182,"ea822700":182,"d552eb2f":187,"9147702f":167,"a59a8290":191,"f2e3c0e3":158,"cd522166":195,"fb7b7b3c":205,"60e855ee":196,"5099c6a0":202,"82868763":179,"004f1ef3":219,"655941a0":193,"288d171f":186,"3498f223":181,"c85a0d80":179,"0dad37d5":195,"bd984a8e":173,"e1f0dbfd":207,"dcf85091":162,"913a6226":189,"a836aa93":183,"bfad1727":165,"cd421290":181,"ecfa8249":195,"aa021138":203,"9a80f004":189,"fb8bfb36":200,"df2b4d87":175,"7ee148e9":180,"4b3e3b1c":191,"be1746a0":178,"a58bf525":182,"820225e4":159,"792cfcbd":182,"59431390":178,"a0b03218":186,"3d1af513":194,"9260d96b":215,"f044c0e1":179,"ae8a09c4":192,"45b5746e":190,"c91966ce":179,"08a561b7":176,"95904ac4":200,"731fc335":168,"6c20c153":183,"f789f6d8":176,"fe44fc6f":170,"abad2347":187,"ef91eaae":166,"d83294cd":174,"4b125e7b":172,"4652b09a":188,"9fce073c":181,"f7231212":180,"a502c93c":176,"7e95c5a0":188,"bec9d329":200,"6ee92259":197,"9496f56f":190,"1dad0f99":175,"3652bd66":181,"b7cc7909":196,"35aa7fd0":189,"4ed01268":174,"aa9ea5e8":162,"bf822e33":179,"c9efc8f6":182,"39a2fcce":168,"6df0b2e8":209,"76f3a3be":189,"d5557fb4":190,"527ff946":187,"5774ac0d":197,"ce3407dd":175,"2a387957":181,"6143f39d":186,"d3e84616":184,"53a8613c":199,"9e206c95":203,"6d5fcd4c":179,"1c3a30c5":192,"6db0ea86":169,"8d000d6e":168,"411b5027":169,"a543ec74":162,"87922532":213,"45b038bb":213,"e0f7679f":166,"1ff8c2fc":191,"00554ffd":188,"638cb163":202,"14c682eb":167,"28d40296":156,"259930ee":190,"a33fe0dd":183,"d70ca4f4":202,"5ccf94d6":186,"0e2b5d2f":186,"0f89862c":166,"fef750ca":185,"70ee0491":162,"9b546d65":178,"c510bfd3":194,"9a07d89b":164,"21ee2afe":200,"22ecaed0":183,"778c95e9":176,"aa5dfdf5":183,"884b0ad1":176,"284544ba":175,"9147702f":168,"af0b61ab":188,"9fa62fee":177,"2c5c1dc0":174,"5b60dd1d":181,"3e082b37":175,"b769bdfb":179,"a4f1d83b":172,"d0c104c4":160,"0af920d8":169,"7a9344a4":202,"1a2ec5d7":199,"5be594be":182,"e9679ede":181,"f121b82c":191,"f33c0140":186,"90a06ee9":193,"69d4b754":177,"ab7d4c9a":178,"4295ce9a":183,"e2a7d915":161,"c8dc010f":186,"feb67030":174,"f734c84c":207,"25635c37":158,"c564e316":191,"6b79fec2":172,"e0f7679f":167,"b2703001":191,"69f3bfcc":178,"064a99c8":188,"411b5027":170,"227006e4":185,"a2c334e7":206,"5ac86fb9":188,"1ed46298":195,"17446892":185,"a47abfbb":166,"6632fed0":184,"31d74eee":175,"bf822e33":180,"b88033fd":194,"a1921150":195,"6e98dfda":183,"b8ab8e6e":177,"815e4582":192,"217c0327":165,"e7e82473":207,"d0e9a58e":192,"27c8e038":196,"345c9967":176,"5f96c2bc":178,"8db5a165":173,"43bc86e3":177,"a0cf08b3":144,"c91966ce":180,"3f75d3bc":205,"04bef50c":158,"bec9d329":201,"ba586505":196,"4652b09a":189,"6c20c153":184,"a502c93c":177,"1bb4ccc0":180,"621d6b18":189,"ef14000f":201,"50c468ba":173,"91536e85":193,"77bfed7e":181,"cf9f4757":181,"faf4f98b":191,"1138796e":193,"a5aee5de":212,"34658473":176,"c6e3d352":189,"b7407bd3":179,"820225e4":160,"9263c525":187,"f1098793":192,"cbad3b92":211,"d33790a2":212,"4b4ef7fa":175,"0ac825ed":184,"332820ce":190,"5c82d1ce":176,"debe1f65":179,"e32524d6":171,"fbdffc95":176,"0a2f71bc":172,"14c682eb":168,"75ffea08":185,"a33fe0dd":184,"259930ee":191,"82204d54":175,"b8488fc8":188,"78467b8a":186,"c463799d":185,"b87158fb":177,"55928ef1":179,"c1bb74f2":178,"3454fa2b":165,"22176537":183,"30dd2edc":184,"51f57142":184,"f87c5031":186,"88432019":170,"508aac3d":193,"6a3eaf43":196,"9ab755d3":171,"b5763ff6":173,"a6626a13":172,"2a06ab95":200,"778c95e9":177,"bb98a6cf":202,"20e470e0":180,"19e9776f":177,"40a745c0":186,"655941a0":194,"110b1ee3":182,"d033db8d":202,"288d171f":187,"d548635d":188,"0da28f5b":197,"c5b35e4d":169,"77300e4a":157,"655954ba":176,"1e232870":185,"5a622a23":186,"8ea21393":163,"9a3cc55d":175,"5410e9c6":192,"f2470875":191,"6b79fec2":173,"dc583e64":195,"82868763":180,"c564e316":192,"bfcb912a":184,"bc3dc66a":184,"a6003226":184,"8d04852b":179,"13747b82":189,"dc473de1":166,"57d5dee8":186,"31d74eee":176,"f4b2f575":173,"50d129cf":178,"a983a6dc":170,"394dc144":174,"e36dfd6f":190,"ef8987d7":171,"313258f2":191,"08a561b7":177,"345c9967":177,"d8e58a8c":199,"5f0c1b9d":189,"da04caac":197,"bb00e71c":166,"290b4714":185,"f0a06216":189,"e0e48a2d":180,"e4117b3b":165,"8bc04eb5":184,"4652b09a":190,"b9be31d6":191,"93b9fae6":178,"053f3451":182,"c8113b77":168,"07fc4a9a":196,"8b2b601d":193,"e8f173b5":186,"6d802fa2":166,"7732eb1e":201,"87ce8d1d":157,"36fb15d2":201,"e7e82473":208,"03c398d2":188,"358e45b1":180,"2e99f8fd":177,"481754fc":163,"59c1e594":170,"554ebb83":195,"792cfcbd":183,"ef16ca37":175,"812b4f15":169,"fe0df575":201,"aa00769b":195,"3d1af513":195,"201cafad":180,"18d20aa1":186,"e21c6207":184,"93e8cee5":209,"2209903e":183,"e1571af7":178,"d9d7c4c2":181,"e32524d6":172,"df2b4d87":176,"49b358bd":190,"0b959527":172,"3fdb08f5":184,"650bb0e0":178,"cb6c9e42":203,"6d339d45":161,"ef8321d8":190,"3f65f121":196,"18815a1b":178,"a63bddd4":223,"affb82bf":205,"be4f8ba8":176,"d552eb2f":188,"a6626a13":173,"5747db6e":199,"9ab755d3":172,"0fc5ac7e":204,"1f7607df":169,"aaa274a5":181,"7566fdd6":190,"00a17b46":184,"7218c9f1":173,"6a7392d5":164,"b102f7bd":191,"a66a2d8a":200,"11b2c8d9":180,"a8c93bed":182,"92ca52b7":196,"2a4a402a":175,"a68a93b2":181,"430a5db5":191,"30d84dce":161,"19e9776f":178,"ca6d2d91":184,"d70ca4f4":203,"be40590d":188,"0da28f5b":198,"efe84c27":187,"f121b82c":192,"ebdbf580":189,"dcf85091":163,"3498f223":182,"d548635d":189,"1da771fb":186,"77d35808":165,"09f0db62":202,"a58bf525":183,"578f6e9e":202,"016953e4":199,"e7773397":171,"be149c6f":168,"bc3dc66a":185,"71a2a493":154,"71279c46":181,"031e488e":197,"5eaa1581":178,"c93c3508":163,"9d63c4dd":186,"d9d0c567":190,"5f0c1b9d":190,"2dd0e808":174,"6023df54":178,"42cd2360":154,"3101354b":162,"345c9967":178,"0d770b97":186,"bd2705b0":192,"00cf385d":192,"9d4f1fe6":173,"a502c93c":178,"b3f19a69":173,"935ec056":174,"0785820e":181,"4945c851":193,"88a30343":191,"0d2c95fe":181,"a24e6670":184,"95f6db13":184,"d36125db":188,"045f280d":187,"eed20185":201,"d102b0c6":169,"23080895":170,"de11eb19":197,"c609739e":193,"31f6d707":201,"804d4dfa":176,"9263c525":188,"c27969ec":178,"cfe72ead":176,"3e602573":186,"0ac825ed":185,"9fc713b0":196,"554ebb83":196,"9a80f004":190,"c8dc010f":187,"bfad1727":166,"ccb5ea3e":163,"0a96f57a":180,"fb8bfb36":201,"26dd2000":198,"c7636527":166,"aa021138":204,"d9f512b9":192,"a33fe0dd":185,"9bdf362a":186,"7be025ce":179,"fbdffc95":177,"aff8e442":185,"4ed01268":175,"36684155":186,"84369269":162,"5d087c79":189,"ce3407dd":176,"08c6b5d2":190,"0277d748":190,"6d339d45":162,"546f6845":178,"dfa1a89b":179,"bc021def":179,"315537b2":192,"9147702f":169,"aa5dfdf5":184,"2c627253":186,"92efd84f":180,"ef91eaae":167,"d2466211":195,"c38c2b52":178,"7566fdd6":191,"a06a6430":192,"869cbaa0":198,"d78dd457":175,"6a7392d5":165,"8f10fa42":211,"a567ace4":184,"9b546d65":179,"2a4a402a":176,"ec11fe5f":158,"74f234c6":213,"5ccf94d6":187,"19e9776f":179,"d70ca4f4":204,"5cd3cfe0":168,"655941a0":195,"9316e7e8":152,"f3992a31":197,"1a2c020b":191,"4e3f5178":197,"be2955bb":182,"f76a3e83":184,"0a92153e":186,"6085137f":179,"f5cd79c1":191,"016953e4":200,"7e991ab9":148,"778c95e9":178,"c793cdda":184,"61d4782d":182,"c852d240":179,"bc3dc66a":186,"64db4feb":200,"47cfba38":170,"540df50f":189,"2132fe93":193,"eda6a690":182,"5b60dd1d":182,"60e855ee":197,"731fc335":169,"52eca0dc":185,"810aa5e9":189,"3101354b":163,"a5676c24":187,"aa76bc50":152,"fe44fc6f":171,"7f6d1d0e":195,"54d7de6b":208,"4652b09a":191,"a6b5e869":188,"e4c312fe":186,"b0869206":188,"c7ab83c1":164,"0d2c95fe":182,"4ff2225d":181,"d6db2b02":191,"2cce4fb2":189,"a24e6670":185,"27c8e038":197,"06ddafc7":165,"4f5e3e7d":172,"74e01f6a":185,"2d1e1e9d":189,"06073f13":194,"d8475b95":160,"aefe13f5":193,"d0b297b2":169,"5acaa06f":156,"c27969ec":179,"a0b03218":187,"34658473":177,"0f72f2d8":187,"f121b82c":193,"3ef7432b":192,"2b3c49b9":180,"d25e0f8d":213,"9a80f004":191,"261c9911":194,"547903ef":188,"ab7467de":200,"7043382d":185,"2154b6e8":174,"ba30e43a":198,"5f620a1e":186,"dac109cf":176,"92f800f5":193,"2045d7d6":182,"08a4c3f8":189,"1ff8c2fc":192,"99e171db":179,"8a52882e":187,"36684155":187,"394dc144":175,"66d94227":178,"50d129cf":179,"cf775f58":192,"ccdd1ce6":187,"175bc6b2":163,"51f57142":185,"2cb29e5a":189,"f3d68430":196,"9de29816":160,"fd6dcb20":187,"9d4f1fe6":174,"ae95f2ba":203,"9496f56f":191,"869cbaa0":199,"c8113b77":169,"2b698053":179,"cf9f4757":182,"e28c2efc":169,"a66a2d8a":201,"478d2d4f":208,"0f89862c":167,"0e2b5d2f":187,"8063df14":193,"dd3913d2":177,"9a3ab0b8":178,"e62d705f":176,"c2bb8aae":178,"ddec9e54":180,"40a745c0":187,"5cd3cfe0":169,"1a2ec5d7":200,"d033db8d":203,"dcf85091":164,"2d54e0a8":186,"0fc5ac7e":205,"ef1c2dcb":190,"7028b044":180,"98915a1f":171,"3c6692a3":204,"fd07e0ed":187,"57d5dee8":187,"5b60dd1d":183,"09f0db62":203,"74c26380":206,"65e4235b":186,"810aa5e9":190,"6023df54":179,"fafb4cc2":231,"3c0df8b4":198,"43bc86e3":178,"5b5fc566":183,"95d331b1":173,"b935fc1c":188,"fe1d4419":180,"8e4c33d2":170,"ea9bba6b":182,"971675c5":190,"32c9fc47":186,"d6db2b02":192,"0d2c95fe":183,"8eb64769":193,"26009d3f":169,"a0bc1ceb":174,"159ffd0b":171,"bbe71605":168,"792cfcbd":184,"d0b297b2":170,"74e01f6a":186,"d102b0c6":170,"5be594be":183,"ab7d4c9a":179,"f3992a31":198,"1247fa52":188,"104721f0":185,"d548635d":190,"ecfa8249":196,"f734c84c":208,"debe1f65":180,"0a96f57a":181,"ded7da5a":192,"261c9911":195,"e2cbe594":186,"88fa53d6":162,"dac109cf":177,"4c39240e":197,"28d40296":157,"e32524d6":173,"49b358bd":191,"4fd645f1":181,"b84a06eb":182,"c4aa1e38":161,"a43061ee":175,"27c8e038":198,"a533489b":202,"aefe13f5":194,"288afc30":191,"0ac825ed":186,"b35e9e1a":219,"ea4d3f3e":192,"a6b5e869":189,"7ee7621c":184,"e4c312fe":187,"4652b09a":192,"ba938220":178,"ef91eaae":168,"87083264":200,"7a840529":179,"00a17b46":185,"ac030e74":175,"af7e5be8":186,"c463799d":186,"cd522166":196,"8721056e":167,"f67de058":187,"d78dd457":176,"fef750ca":186,"50b558a7":168,"74e3d13e":187,"4125085e":191,"dcfaba4c":181,"5eaa1581":179,"aa9ea5e8":163,"6632fed0":185,"31d74eee":177,"527ff946":188,"a939b50b":184,"37fbb107":189,"6adce358":202,"50d129cf":180,"b8ab8e6e":178,"22ecaed0":184
1604737654570,"30dd2edc":185,"6143f39d":187,"f87c5031":187,"b9a48a5c":166,"fd6dcb20":188,"01d817b8":162,"26c390d6":190,"f271ed5d":184,"50c3164b":204,"cbb54a0a":170,"bca2d7cd":181,"fb7482fe":185,"ea822700":183,"64db4feb":201,"deb31f35":186,"288a2c43":179,"40860a4b":163,"e4714415":206,"24a9fb86":189,"b230e8d3":187,"254cc28c":190,"f66616b7":187,"93fdbb44":173,"8ec3834d":198,"2b3e4717":185,"8a52882e":188,"5f7d7195":185,"f2f58418":172,"18815a1b":179,"8dd2684c":186,"12012fbd":173,"affb82bf":206,"ec2cb1af":189,"1e191c98":167,"0841052c":203,"a68a93b2":182,"6e24d88b":176,"7cd0ad7b":187,"61f25dd4":207,"c2bb8aae":179,"22176537":184,"fd482491":209,"28654c76":193,"8db5a165":174,"4abb7aed":183,"7c0a2db6":180,"3101354b":164,"0fc5ac7e":206,"084cbc0b":171,"af0b61ab":189,"a6626a13":174,"6a3eaf43":197,"7028b044":181,"b947257e":190,"90a06ee9":194,"c4feee5b":181,"2e3503e4":196,"c382f054":200,"f76a3e83":185,"168e75d9":184,"288d171f":188,"93e8cee5":210,"df81ddee":170,"ab7467de":201,"6bc5d32a":201,"d25e0f8d":214,"a0ce82b4":182,"ded7da5a":193,"e32524d6":174,"b7505747":195,"04ea5673":180,"c7636527":167,"4fd645f1":182,"259930ee":192,"28d40296":158,"12534561":186,"227006e4":186,"288a2c43":180,"af034fee":198,"4911acad":154,"ed4fad08":190,"6632fed0":186,"a5676c24":188,"7fef9973":177,"04cc7cbe":176,"e4117b3b":166,"cb4f262b":177,"c0b23081":204,"d4d5f466":176,"67d30f2b":180,"d2466211":196,"9f74b8a4":171,"8fb236a9":172,"87083264":201,"b73e789c":167,"7a4c064c":192,"e28c2efc":170,"25a2844e":182,"8b5a8e9f":191,"c1bb74f2":179,"733c86f8":192,"831c7b85":181,"d599b566":196,"f5cd79c1":192,"a983a6dc":171,"c81b2bcf":168,"c67979e6":204,"39a2fcce":169,"8a52882e":189,"254cc28c":191,"84369269":163,"25a7a0a3":168,"f5596d0f":189,"f2f58418":173,"b7434f57":148,"58d46189":199,"1a2ec5d7":201,"a68a93b2":183,"c2bb8aae":180,"30fdcd3b":188,"1f11812e":198,"2dda3936":175,"f3d68430":197,"6cba74ce":165,"12012fbd":174,"c6dc900c":158,"a59a8290":192,"c91966ce":181,"835358a0":178,"fd369c21":192,"a625328f":190,"d552eb2f":189,"2f455cce":176,"7db3edda":180,"aaa274a5":182,"7ee148e9":181,"3a204e56":182,"5099c6a0":203,"c564e316":193,"c7ab83c1":165,"fb44fa9c":190,"bab97de3":191,"f044c0e1":180,"cf50e84e":172,"88a30343":192,"ac62fac2":203,"00554ffd":189,"4945c851":194,"baebb391":195,"5acaa06f":157,"045f280d":188,"458dcc3d":197,"1ff8c2fc":193,"792c9b6a":173,"24d24fa3":171,"8d000d6e":169,"792cfcbd":185,"87922532":214,"9e878ec2":192,"26c6fa34":173,"8c6e001f":160,"5be594be":184,"104721f0":186,"bd984a8e":174,"ebdbf580":190,"b3863630":180,"79f04300":191,"1e232870":186,"a851554d":185,"bfad1727":167,"79e4fa1c":185,"c45d554f":192,"21ad2f34":190,"0149e11a":171,"ecfa8249":197,"0f029727":181,"30c5d755":191,"ba30e43a":199,"616d6dd6":181,"d9a64845":182,"6023df54":180,"28654c76":194,"e865e4dd":173,"4bc46d7a":179,"cb4f262b":178,"51a3e9c2":179,"b0869206":189,"e6ec8cbf":198,"20811ddf":190,"1757a30e":171,"91b28f83":190,"07f98660":198,"8ac72326":182,"1dad0f99":176,"621d6b18":190,"c8113b77":170,"67c57de4":198,"e57d5cda":173,"19551bad":170,"42c80e69":199,"d6d61bfc":198,"03b4ab60":168,"c64de0c0":169,"aa9ea5e8":164,"31f6ba51":171,"a1370ab0":178,"cf775f58":193,"48efc739":201,"794f652b":193,"66d94227":179,"bad1a1cc":183,"6e98dfda":184,"c98d5272":178,"d6f0d94a":188,"a33fe0dd":186,"e5d3655c":208,"08a06557":209,"0c043224":194,"4279e829":201,"3b690f68":201,"9d4da635":170,"5272520d":187,"12dd6f5e":166,"945b63f0":202,"546f6845":179,"a77e8461":187,"7d6895f4":190,"4d35385e":173,"416a9e97":174,"8063df14":194,"e35a63cd":184,"062179c1":177,"1105f790":213,"1745a0f4":187,"afe8e06a":160,"9fa62fee":178,"bca2d7cd":182,"cbb54a0a":171,"f1dffa24":165,"f5cd79c1":193,"ea9bba6b":183,"1951480c":169,"26f99a1e":169,"3c43e8a2":195,"b1f58563":177,"3c782bb3":183,"54a676d6":174,"7732eb1e":202,"e8f173b5":187,"6c73ae98":161,"159ffd0b":172,"73b15e04":181,"06ddafc7":166,"2e99f8fd":178,"03dcfa3d":184,"2198ba8e":175,"b35e9e1a":220,"812b4f15":170,"5acaa06f":158,"c7c4ec5c":175,"b460f030":206,"6ebe2354":159,"554ebb83":197,"4cc141fa":157,"e0e6a097":180,"67f6e4f2":164,"b7832271":201,"7e991ab9":149,"0fc5ac7e":207,"272c7672":191,"c2bb8aae":181,"1e191c98":168,"9267f0ef":190,"4b4ecbce":169,"a836aa93":184,"efe84c27":188,"470d50c2":193,"e0154608":195,"c7313e0a":197,"72b84094":212,"c45d554f":193,"261c9911":196,"2b3c49b9":181,"bc09fa9e":186,"4eed1bea":188,"201cafad":181,"95904ac4":201,"0a1d11e6":168,"49cb2959":190,"d9a64845":183,"4bc46d7a":180,"8a165e17":188,"195eb771":187,"ee75b607":177,"8bc04eb5":185,"5b5fc566":184,"7f6d1d0e":196,"124fbe96":174,"16b476e9":185,"d39724bc":177,"753ca352":185,"385ab7c6":190,"053f3451":183,"ac030e74":176,"cb142908":172,"be149c6f":169,"b230e8d3":188,"dcfaba4c":182,"d957f027":183,"288a2c43":181,"50d129cf":181,"7af9d3b1":180,"39a2fcce":170,"9b3f8714":185,"2af60749":189,"75ffea08":186,"44c77422":188,"30c5d755":192,"c1bdfd41":181,"c015ec5a":183,"f8b31ce5":207,"b7434f57":149,"76f3a3be":190,"cf775f58":194,"ccf8b803":192,"9de29816":161,"650bb0e0":179,"a9b1bd51":144,"51f57142":186,"18815a1b":180,"01d817b8":163,"6f39f4d9":191,"82204d54":176,"d2466211":197,"2a76f1dd":165,"c510bfd3":195,"733c86f8":193,"a59a8290":193,"55928ef1":180,"8721056e":168,"8547fbc2":176,"e9adbe58":179,"25a7a0a3":169,"9ab755d3":173,"730338c4":193,"1f7607df":170,"578f6e9e":203,"f5cd79c1":194,"f2470875":192,"a40846b7":180,"8dc9b4db":188,"22aeaf03":185,"3a204e56":183,"de36827b":208,"e8f173b5":188,"4945c851":195,"90731976":174,"0b5a0408":196,"a543ec74":163,"d102b0c6":171,"07fc4a9a":197,"3e602573":187,"3a1b9af5":179,"458dcc3d":198,"e81834aa":209,"cbad3b92":212,"b4fdf90e":195,"f4726450":169,"9147702f":170,"2c01e624":185,"d744bee2":173,"db703021":183,"751acea8":177,"6f81493d":167,"902f49f5":181,"c3e6ef01":183,"655941a0":196,"c4feee5b":182,"4b4ecbce":170,"6b78ad7f":183,"b3863630":181,"bc09fa9e":187,"c85a0d80":180,"79e4fa1c":186,"0da28f5b":199,"a0ce82b4":183,"8e99d5d0":213,"e865e4dd":174,"fafb4cc2":232,"810aa5e9":191,"0d770b97":187,"a5fd8ffd":185,"e382ec3f":173,"08a561b7":178,"d929098e":158,"5f0c1b9d":191,"04612878":207,"c7c4ec5c":176,"a43061ee":176,"ea274174":193,"a5aee5de":213,"b7407bd3":180,"d0b297b2":171,"aec4e1bf":192,"4125085e":192,"725dce8b":194,"5ac86fb9":189,"31f6ba51":172,"9b3f8714":186,"5774ac0d":198,"bda8cdfb":192,"2b3e4717":186,"6adce358":203,"815e4582":193,"a33fe0dd":187,"6b9eff39":179,"08a06557":210,"70594a28":182,"57167c74":172,"26dd2000":199,"7e76c93c":186,"e21c6207":185,"1623fc9f":180,"9e65c0ef":184,"4577b333":191,"142d6987":184,"56d315d8":161,"8a52882e":190,"97e75c19":193,"088feee2":187,"4469c815":156,"e6ec8cbf":199,"dd035d2a":171,"c803b4a3":182,"5acce642":190,"ac030e74":177,"9a3ab0b8":179,"d83870f5":177,"d7cb9bcf":173,"e57d5cda":174,"dc0c8b09":199,"00cf385d":193,"fef750ca":187,"9c29f0ed":200,"a8c93bed":183,"7566fdd6":192,"afe8e06a":161,"c510bfd3":196,"4d9b0b10":188,"c1bb74f2":180,"9c045c61":188,"546f6845":180,"3454fa2b":166,"3f65f121":197,"623c6a31":200,"ec2cb1af":190,"263762cb":169,"19f9ca86":190,"312f7676":200,"a58bf525":184,"695a2b92":173,"77d35808":166,"8dc9b4db":189,"013ee301":178,"28d41578":192,"8d753bb6":184,"a4dafea5":178,"1be05c14":192,"23080895":171,"66554572":155,"408bb2ed":183,"03c398d2":189,"90731976":175,"bc392d1c":164,"ea274174":194,"31f6d707":202,"b2bd8fd3":168,"34658473":178,"35b58ef9":168,"cf52025e":177,"d0b297b2":172,"5acaa06f":159,"01cd8099":196,"f4726450":170,"39ba00f0":187,"92efd84f":181,"9fa62fee":179,"084cbc0b":172,"fd07e0ed":188,"2f455cce":177,"30dbfc69":172,"9d4da635":171,"0af920d8":170,"f883d582":164,"f4634d0b":181,"685207b3":188,"b2c25d1c":179,"5be594be":185,"ebdbf580":191,"470d50c2":194,"a3253019":178,"f33c0140":187,"a0ce82b4":184,"f734c84c":209,"40e79dd3":186,"77898c22":156,"7b6a7048":181,"e2cbe594":187,"bc09fa9e":188,"69eeae0d":167,"616d6dd6":182,"6e44927f":185,"537634c9":168,"2c6cb96f":157,"74c26380":207,"db8ba455":186,"e382ec3f":174,"6841f77e":194,"4652b09a":193,"124fbe96":175,"fea793f5":188,"1bb4ccc0":181,"677c6a09":202,"332820ce":191,"c93c3508":164,"03b4ab60":169,"9f5e6cba":194,"dc473de1":167,"0681c48e":196,"b35bb8a1":173,"2ab62345":172,"a577db1c":177,"ea6de194":189,"2af60749":190,"cc6bbe45":176,"57167c74":173,"d9d7c4c2":182,"25776fc4":188,"f4b2f575":174,"77bae750":177,"e15fd611":171,"2b3e4717":187,"50d129cf":182,"1634789b":176,"d83294cd":175,"9f74b8a4":172,"c803b4a3":183,"0785820e":182,"50c468ba":174,"619fda68":216,"10ec5a0b":172,"fef750ca":188,"9a3ab0b8":180,"eebc8d43":177,"2a4a402a":177,"d78dd457":177,"78467b8a":187,"7af262e5":209,"6e98dfda":185,"eafbf9fb":187,"9a467a82":187,"175bc6b2":164,"d2a841c9":181,"f2f58418":174,"1d153b20":189,"8dc9b4db":190,"f1dffa24":166,"6b79fec2":174,"2c5c1dc0":175,"1da771fb":187,"22aeaf03":186,"6ce84ff8":162,"07fc4a9a":198,"32c9fc47":187,"a4dafea5":179,"a3d4a0e5":197,"6c73ae98":162,"ae8a09c4":193,"2e99f8fd":179,"812b4f15":171,"a6bcb07e":183,"9260d96b":216,"416a9e97":175,"26c390d6":191,"9147702f":171,"383e232d":183,"b947257e":191,"e58b26f6":197,"22234d6b":189,"84b767be":208,"db703021":184,"0841052c":204,"059d6c19":192,"a8726d50":168,"bb98a6cf":203,"142d6987":185,"906632cb":195,"c7313e0a":198,"1a2c020b":192,"9b172ca8":160,"a836aa93":185,"a3253019":179,"ebdbf580":192,"72b84094":213,"c0fea118":174,"77898c22":157,"7d112f4d":192,"f789f6d8":177,"42cd2360":155,"c91966ce":182,"da04caac":198,"08a561b7":179,"3101354b":165,"aa76bc50":153,"16b476e9":186,"935ec056":175,"e382ec3f":175,"aa187e3b":182,"7735c3c2":181,"b0869206":190,"d929098e":159,"8b2b601d":194,"03c398d2":190,"d33790a2":213,"fe0df575":202,"12271e14":189,"35b58ef9":169,"00554ffd":190,"6ebe2354":160,"7a6aa4b6":184,"8493f3b2":182,"48655f09":227,"c852d240":180,"a2c334e7":207,"12534561":187,"3c18f28e":176,"8ea21393":164,"f9f2c53f":165,"53747a91":176,"51c57542":191,"e1571af7":179,"4577b333":192,"dac109cf":178,"859545e6":175,"b5ce0c0c":199,"c4e70c07":175,"805af3c7":181,"a6003226":185,"a1370ab0":179,"1ed46298":196,"cb6c9e42":204,"cc5a1d47":175,"8fb236a9":173,"0d7d88f1":180,"53b4e647":183,"6034b6d0":194,"597c1f81":183,"1dad0f99":177,"ec11fe5f":159,"30c184b8":179,"78467b8a":188,"fee32863":187,"062179c1":178,"05f6ab35":192,"20958d58":178,"c81b2bcf":169,"254cc28c":192,"d1fe2868":197,"789bd484":177,"d957f027":184,"7e15f8e8":192,"95d3d348":172,"6ce84ff8":163,"3c43e8a2":196,"b1f58563":178,"1951480c":170,"5099c6a0":204,"c0b7e7d7":167,"fb44fa9c":191,"8d753bb6":185,"5678ed7b":203,"6d802fa2":167,"ec2cb1af":191,"fd6dcb20":189,"945b63f0":203,"865d9857":174,"49902219":206,"315537b2":193,"af157d29":178,"70c1e715":189,"72d7b461":201,"2a06ab95":201,"cc11fef9":193,"c2bb8aae":182,"3f9b5722":169,"a68a93b2":184,"8942c35b":181,"655941a0":197,"74f234c6":214,"8e99d5d0":214,"90a06ee9":195,"4e3f5178":198,"972f4174":189,"e9679ede":182,"1f342a00":176,"383e232d":184,"d0d6acb1":186,"a6626a13":175,"a851891c":179,"74c26380":208,"52eca0dc":186,"43bc86e3":179,"ec110282":212,"56473430":195,"2c6cb96f":158,"9d4f1fe6":175,"6841f77e":195,"a24e6670":186,"fa55f27a":191,"489a39f7":178,"c609739e":194,"3a1b9af5":180,"7732eb1e":203,"87ce8d1d":158,"8245f916":174,"458dcc3d":199,"ea274174":195,"a0b03218":188,"a533489b":203,"b460f030":207,"1bd5b20b":200,"b35e9e1a":221,"f1098793":193,"a43061ee":177,"168e75d9":185,"c5b35e4d":170,"79e4fa1c":187,"5c82d1ce":177,"7d112f4d":193,"c455f40e":173,"547903ef":189,"261c9911":197,"bfad1727":168,"a81a857c":175,"014460b9":207,"c4e70c07":176,"4fd645f1":183,"7043382d":186,"25776fc4":189,"b320feb9":189,"1ed46298":197,"42c80e69":200,"c852d240":181,"c93c3508":165,"dc473de1":168,"4911acad":155,"e4c312fe":188,"93b0a158":199,"3b2dee89":177,"6b82b527":186,"8bc04eb5":186,"c38c2b52":179,"6f39f4d9":192,"cb142908":173,"f7231212":181,"a06a6430":193,"95539a58":178,"0d7d88f1":181,"6a7392d5":166,"be3a10f8":212,"20958d58":179,"eb2e1983":182,"f2e3c0e3":159,"a0685bf3":206,"25a2844e":183,"c64de0c0":170,"31d74eee":178,"5339e1e9":198,"90d52475":186,"d1fe2868":198,"3712c4bd":165,"8e4c33d2":171,"09f0db62":204,"8dd649a3":183,"9a3cc55d":176,"e7773397":172,"09ff339a":162,"449d8475":167,"527ff946":189,"2a387957":182,"12012fbd":175,"a63bddd4":224,"0e036ae9":198,"558d5ce7":180,"eafbf9fb":188,"8547fbc2":177,"15620dca":201,"1f11812e":199,"4360a1a3":198,"655941a0":198,"110b1ee3":183,"61f25dd4":208,"8942c35b":182,"20e470e0":181,"d744bee2":174,"b947257e":192,"2180f99b":179,"012de09c":182,"49cb2959":191,"00a481e3":192,"6023df54":181,"61145ec9":195,"83b2f9c5":191,"dd035d2a":172,"3062379b":175,"f4726450":171,"92efd84f":182,"c793cdda":185,"6db0ea86":170,"06ddafc7":167,"d9dcdc4b":200,"de36827b":209,"cf50e84e":173,"489a39f7":179,"06073f13":195,"2198ba8e":176,"54a676d6":175,"b35e9e1a":222,"00554ffd":191,"946df4fd":209,"d33790a2":214,"458dcc3d":200,"cd95f558":183,"c6e3d352":190,"71bc1295":178,"0ac825ed":187,"332820ce":192,"99d130c9":181,"03c398d2":191,"a3253019":180,"ebdbf580":193,"69134f07":167,"06ee61b6":167,"77300e4a":158,"e0154608":196,"b2c25d1c":180,"5c82d1ce":178,"3007f31f":174,"df81ddee":171,"805534ac":187,"21e10a2b":181,"cd421290":182,"a0ce82b4":185,"868cda42":187,"14c682eb":169,"25776fc4":190,"04ea5673":181,"2af60749":191,"e5d3655c":209,"ea6de194":190,"31f6ba51":173,"6867261a":184,"4258c176":172,"e0e48a2d":181,"d1d40c9c":195,"d39724bc":178,"ba586505":197,"bb00e71c":167,"e356abf1":193,"ae95f2ba":204,"76f94eda":195,"d7cb9bcf":174,"8ac72326":183,"7e95c5a0":189,"10ec5a0b":173,"ef14000f":202,"b87158fb":178,"be3a10f8":213,"7fdc2007":167,"19551bad":171,"cfafcda8":175,"dfcc2ad1":206,"50b558a7":169,"a47abfbb":167,"162a7348":174,"031e488e":198,"17446892":186,"5a734022":168,"82868763":181,"437fc3ec":199,"83086d4c":184,"014bdff0":186,"d1676e89":183,"3c43e8a2":197,"25635c37":159,"faf3ed07":173,"a1921150":196,"8ec3834d":199,"6e98dfda":186,"50d129cf":183,"5f7d7195":186,"5957df9e":173,"6d5fcd4c":180,"9a467a82":188,"f87c5031":188,"7d6895f4":191,"15620dca":202,"623c6a31":201,"bb98a6cf":204,"d70ca4f4":205,"db703021":185,"d033db8d":204,"ca6d2d91":185,"5cd3cfe0":170,"1a2ec5d7":202,"9de29816":162,"fe44fc6f":172,"d9a64845":184,"a15713c6":207,"dc03ebd2":194,"c91966ce":183,"65e4235b":187,"bca2d7cd":183,"9ab755d3":174,"0d2a1c58":178,"8657c79d":177,"6751d8e4":196,"284544ba":176,"2f455cce":178,"7732eb1e":204,"0114160e":174,"26009d3f":170,"f277386e":161,"3c782bb3":184,"0b5a0408":197,"5f8517b7":209,"a24e6670":187,"db0a661e":177,"c609739e":195,"b377a62a":170,"cf52025e":178,"b8397293":174,"458dcc3d":201,"40569362":203,"b35e9e1a":223,"468fc85c":188,"49bf2e95":172,"87ce8d1d":159,"64a7f79f":190,"24d24fa3":172,"754f98c9":198,"c382f054":201,"fe578280":173,"1a68160d":186,"e7abc88d":169,"f33c0140":188,"0a92153e":187,"a851554d":186,"21ad2f34":191,"7d112f4d":194,"44ff8baa":183,"21e10a2b":182,"d25e0f8d":215,"547903ef":190,"14c682eb":170,"a33fe0dd":188,"805af3c7":182,"7be025ce":180,"e3547548":175,"0f029727":182,"88fa53d6":163,"906fdec3":167,"79be29c8":168,"5acce642":191,"aa187e3b":183,"bb00e71c":168,"bf30a08f":202,"f56ac638":166,"5eab91a0":188,"50c468ba":175,"ffa08d82":182,"6f39f4d9":193,"00a17b46":186,"597c1f81":184,"4930f321":176,"621d6b18":191,"25a2844e":184,"6c524f99":194,"ba5c52af":176,"a66a2d8a":202,"2132fe93":194,"8cddb65e":182,"a1370ab0":180,"227006e4":187,"5781776a":186,"2c5c1dc0":176,"5a734022":169,"60d6cee2":183,"b230e8d3":189,"99e171db":180
1604737655879,"47d27624":173,"77f31bab":197,"8ec3834d":200,"04643409":193,"527ff946":190,"5957df9e":174,"d6320619":173,"902f49f5":182,"0c043224":195,"5ccf94d6":188,"3f9b5722":170,"0af920d8":171,"d0c104c4":161,"93683c82":179,"36d340f2":163,"315537b2":194,"a63bddd4":225,"7080f122":176,"57540cc3":183,"09560615":170,"13b53c7a":187,"c1bb74f2":181,"2352c8ef":186,"012de09c":183,"2f455cce":179,"fd369c21":193,"aaa274a5":183,"a625328f":191,"b5763ff6":174,"d1ca5d6b":191,"971675c5":191,"b1f58563":179,"82868763":182,"27f52ed3":207,"ea9bba6b":184,"54a676d6":176,"2d1e1e9d":190,"e0f7679f":168,"cf50e84e":174,"0114160e":175,"fb44fa9c":192,"d0c0fc08":164,"be1746a0":179,"90731976":176,"f9c15fcc":176,"71bc1295":179,"36fb15d2":202,"27c8e038":199,"92d38723":195,"ad8f85d6":201,"8d000d6e":170,"dfc89705":184,"fa55f27a":192,"a43061ee":178,"31f6d707":203,"c6e3d352":191,"d552eb2f":190,"ab7d4c9a":180,"f33c0140":189,"fe578280":174,"36380d96":187,"bd984a8e":175,"5e193fc8":189,"06ee61b6":168,"261c9911":198,"201cafad":182,"5c82d1ce":179,"3ef7432b":193,"26dd2000":200,"bfad1727":169,"ecfa8249":198,"04ea5673":182,"08a06557":211,"d8e58a8c":200,"313258f2":192,"3c0df8b4":199,"6e44927f":186,"781ace7d":186,"52eca0dc":187,"95d331b1":174,"11b74e63":192,"4258c176":173,"5b5fc566":185,"04cc7cbe":177,"5acce642":192,"1c0a9eff":173,"c38c2b52":180,"9aa6a054":186,"621d6b18":192,"ffa08d82":183,"0bfabf48":174,"0d7d88f1":182,"7a840529":180,"c64de0c0":171,"c93c3508":166,"31f6ba51":174,"8cddb65e":183,"17446892":187,"72805bf5":179,"bc3dc66a":187,"f66616b7":188,"815e4582":194,"842c8340":180,"47d27624":174,"c67979e6":205,"4c39240e":198,"2154b6e8":175,"fce3c5c6":172,"c7636527":168,"b320feb9":190,"61f25dd4":209,"db703021":186,"a4f1d83b":173,"430a5db5":192,"48efc739":202,"c98d5272":179,"6de0aaac":175,"fd6dcb20":190,"e9adbe58":180,"a77e8461":188,"eafbf9fb":189,"05f6ab35":193,"8007f30e":162,"f2e3c0e3":160,"a0685bf3":207,"e5b1abc6":184,"c6dc900c":159,"be3a10f8":214,"0277d748":191,"1d153b20":190,"f4726450":172,"8657c79d":178,"d744bee2":175,"971675c5":192,"09ff339a":163,"3c43e8a2":198,"5b60dd1d":184,"71ff66e8":194,"22aeaf03":187,"5410e9c6":193,"6d802fa2":168,"b36a0d66":171,"45fb95c1":183,"f044c0e1":181,"b2703001":192,"0114160e":176,"f1098793":194,"288afc30":192,"64a7f79f":191,"045f280d":189,"c4aa1e38":162,"aa00769b":196,"5a0ead91":163,"9263c525":189,"baebb391":196,"71bc1295":180,"db0a661e":178,"358e45b1":181,"792cfcbd":186,"4b4ef7fa":176,"00554ffd":192,"2a06ab95":202,"f271ed5d":185,"9ab755d3":175,"a625328f":192,"d0c104c4":162,"8db62558":186,"dae0f922":190,"b3863630":182,"c0fea118":175,"fe578280":175,"69d4b754":178,"5be594be":186,"53431634":203,"b2c25d1c":181,"c650b434":185,"ab7467de":202,"4e5aaaec":169,"df81ddee":172,"c8dc010f":188,"7bebff03":182,"4eed1bea":189,"906fdec3":168,"616d6dd6":183,"345c9967":179,"b28a5e67":212,"fe44fc6f":173,"cf1b8c47":195,"42cd2360":156,"95d331b1":175,"04bef50c":159,"0d770b97":188,"6ee92259":198,"c0b23081":205,"5eab91a0":189,"d83870f5":178,"07f98660":199,"e57d5cda":175,"87cd2add":165,"be149c6f":170,"0ecfa1c9":171,"31f6ba51":175,"a9b1bd51":145,"c9efc8f6":183,"aff8e442":186,"859545e6":176,"aab4d996":181,"e32524d6":175,"4777334c":180,"7043382d":187,"88fa53d6":164,"0a2f71bc":173,"61f25dd4":210,"5f7d7195":187,"3c18f28e":177,"1ed46298":198,"bf822e33":181,"72805bf5":180,"449d8475":168,"50d129cf":184,"f5596d0f":190,"a06a6430":194,"d4ee22a4":191,"2ce1af05":162,"e28c2efc":171,"7fdc2007":168,"6c524f99":195,"0042f6eb":179,"70ee0491":163,"6c486702":189,"8007f30e":163,"cfafcda8":176,"01d817b8":164,"e15fd611":172,"945b63f0":204,"36d340f2":164,"2cb29e5a":190,"546f6845":181,"ccdd1ce6":188,"25635c37":160,"60e855ee":198,"317c1591":200,"b769bdfb":180,"014bdff0":187,"eda6a690":183,"971675c5":193,"8298e976":195,"6d802fa2":169,"26009d3f":171,"7732eb1e":205,"95f6db13":185,"1f88a4b7":205,"064a99c8":189,"4ea4a2a1":199,"820225e4":161,"bad6cdb1":153,"50312237":190,"87922532":215,"7ae3fc50":168,"12271e14":190,"6be9332a":164,"de11eb19":198,"0eaf08da":183,"2e99f8fd":180,"9ab755d3":176,"f069bb07":183,"508aac3d":194,"0d2a1c58":179,"1f342a00":177,"d1ca5d6b":192,"f4726450":173,"c8977844":184,"5cd3cfe0":171,"751acea8":178,"a4f1d83b":174,"655941a0":199,"3b690f68":202,"5be594be":187,"06ee61b6":169,"69d4b754":179,"acac14fb":175,"28654c76":195,"52eca0dc":188,"fe44fc6f":174,"810aa5e9":192,"ec110282":213,"56473430":196,"d9a64845":185,"6c20c153":185,"bd2705b0":193,"04bef50c":160,"1757a30e":172,"730a4938":170,"6b82b527":187,"e356abf1":194,"b460f030":208,"b4fdf90e":196,"b2a8761b":169,"35aa7fd0":190,"d6d61bfc":199,"2ab62345":173,"bb8a6337":171,"a2c334e7":208,"227006e4":188,"31d74eee":179,"288a2c43":182,"0149e11a":172,"a836aa93":186,"c5b35e4d":171,"25e0dd3d":179,"f598a332":173,"4dac6b20":161,"e1571af7":180,"cd421290":183,"1623fc9f":181,"c650b434":186,"e5d3655c":210,"4e5aaaec":170,"ca7d47f7":187,"bfad1727":170,"3fdb08f5":185,"868cda42":188,"caddd0a7":193,"7e15f8e8":193,"a983a6dc":172,"a9b1bd51":146,"af7e5be8":187,"056ea7ff":200,"f1df62b4":192,"9c29f0ed":201,"d83294cd":176,"d4ee22a4":192,"82204d54":177,"7218c9f1":174,"25a2844e":185,"bd62d7ed":170,"dfcc2ad1":207,"afe8e06a":162,"13b53c7a":188,"eb2e1983":183,"ccf8b803":193,"90d52475":187,"c6c85783":191,"3661e12d":184,"49902219":207,"51f57142":187,"0277d748":192,"4d35385e":174,"4469c815":157,"bc021def":180,"5b60dd1d":185,"695a2b92":174,"b1f58563":180,"c0b7e7d7":168,"7ee148e9":182,"3712c4bd":166,"42191b64":157,"45fb95c1":184,"2d1e1e9d":191,"1be05c14":193,"56752a4a":173,"de36827b":210,"8323d333":162,"013ee301":179,"59c1e594":171,"b4fdf90e":197,"28d41578":193,"d82592f4":194,"90731976":177,"24d24fa3":173,"1bd5b20b":201,"5a07fc2e":160,"1f342a00":178,"2a06ab95":203,"ef1c2dcb":191,"3c6692a3":205,"dd7acb96":187,"50c3164b":205,"026766f3":184,"8db62558":187,"180377be":177,"bb98a6cf":205,"7a9344a4":203,"74f234c6":215,"c8977844":185,"6b78ad7f":184,"bd984a8e":176,"fe578280":176,"9b172ca8":161,"cb51f134":194,"2dd0e808":175,"d9d0c567":191,"195eb771":188,"6023df54":182,"ec110282":214,"91f7ef72":174,"d8e58a8c":201,"abad2347":188,"7fef9973":178,"87c462ee":190,"91b28f83":191,"dd1fcb17":171,"01cd8099":197,"761cf820":195,"82b81567":162,"a543ec74":164,"92d38723":196,"a533489b":204,"74e3d13e":188,"03b4ab60":170,"162a7348":175,"1a68160d":187,"26dd2000":201,"1e232870":187,"efd23af5":172,"77898c22":158,"18d20aa1":187,"51c57542":192,"ded7da5a":194,"0a96f57a":182,"d9f512b9":193,"a33fe0dd":189,"4def63ee":167,"a81a857c":176,"a577db1c":178,"7043382d":188,"d9d7c4c2":183,"9b3f8714":187,"c64de0c0":172,"5ac86fb9":190,"6632fed0":187,"4258c176":174,"51a3e9c2":180,"ae99df30":167,"a85d89cc":182,"b9be31d6":192,"7a4c064c":193,"8ac72326":184,"4f59a322":186,"cb142908":174,"753ca352":186,"ec11fe5f":160,"eb2e1983":184,"a59a8290":194,"f5e8dfee":195,"cfafcda8":177,"dc0c8b09":200,"25a2844e":186,"faf3ed07":174,"93fdbb44":174,"5957df9e":175,"088feee2":188,"f4b2f575":175,"9d63c4dd":187,"39a2fcce":171,"c564e316":194,"eda6a690":184,"7ee148e9":183,"fb7b7b3c":206,"2c5c1dc0":177,"6ce84ff8":164,"39bbc4bc":189,"6291e9e9":193,"5678ed7b":204,"fb44fa9c":193,"45fb95c1":185,"6db0ea86":171,"2cce4fb2":190,"8298e976":196,"01d817b8":165,"eeaa2d46":202,"49902219":208,"6cba74ce":166,"7080f122":177,"22ecaed0":185,"7d6895f4":192,"730338c4":194,"7db3edda":181,"a8726d50":169,"5ccf94d6":189,"94a2fe10":195,"30fdcd3b":189,"0af920d8":172,"9316e7e8":153,"110b1ee3":184,"704bce0d":174,"4e3f5178":199,"d548635d":191,"e0154608":197,"77300e4a":159,"284544ba":177,"88b3bc99":169,"9fa62fee":180,"2d54e0a8":187,"aa867541":176,"f905a555":169,"7896b953":192,"ae016053":212,"2dd0e808":176,"61145ec9":196,"95904ac4":202,"d3a669ac":196,"812b4f15":172,"1b153aef":188,"b7df1559":184,"9260d96b":217,"c27969ec":180,"8245f916":175,"4febf7c5":180,"35b58ef9":170,"cfe72ead":177,"82b81567":163,"0eaf08da":184,"eed20185":202,"7a6aa4b6":185,"fe0df575":203,"be149c6f":171,"f76a3e83":186,"9f2b16a7":194,"20777945":178,"ecfa8249":199,"f734c84c":210,"bfad1727":171,"21e10a2b":183,"7bebff03":183,"9d0546ac":170,"e32524d6":176,"a81a857c":177,"ba30e43a":200,"719c8869":193,"14c682eb":171,"1623fc9f":182,"d6f0d94a":189,"47cfba38":171,"0ecfa1c9":172,"40860a4b":164,"5e09f69e":204,"5eab91a0":190,"5acce642":193,"d39724bc":179,"95d331b1":176,"bf30a08f":203,"20811ddf":191,"e382ec3f":176,"af7e5be8":188,"9496f56f":192,"77bfed7e":182,"abd32136":195,"ba938220":179,"0785820e":183,"c803b4a3":184,"fee32863":188,"cd522166":197,"8f10fa42":212,"70ee0491":164,"7bda83dd":178,"8721056e":169,"25a2844e":187,"181c3dd5":188,"2132fe93":195,"c67979e6":206,"c81b2bcf":170,"90d52475":188,"5957df9e":176,"1b881e6e":193,"f66616b7":189,"437fc3ec":200,"5623817d":173,"7ee148e9":184,"c318d350":197,"a77e127d":162,"014bdff0":188,"363590c7":198,"e0f7679f":169,"90731976":178,"1db42092":190,"23760167":181,"eafbf9fb":190,"140ce69e":171,"9e206c95":204,"22176537":185,"af157d29":179,"bc021def":181,"ec2cb1af":192,"0c043224":196,"381c68fa":187,"110b1ee3":185,"5272520d":188,"26ed1a5c":180,"a68a93b2":185,"0841052c":205,"655954ba":177,"754f98c9":199,"2d54e0a8":188,"70bc8325":177,"b2cfdbcf":176,"810aa5e9":193,"a472532e":170,"616d6dd6":184,"b28a5e67":213,"3c0df8b4":200,"ef8987d7":172,"d744bee2":176,"70c1e715":190,"d552eb2f":191,"5a07fc2e":161,"d1ca5d6b":193,"e8f173b5":189,"6a60348e":175,"de36827b":211,"88a30343":193,"aefe13f5":195,"4cc141fa":158,"8323d333":163,"e8d74304":174,"d0b297b2":173,"ae8a09c4":194,"408bb2ed":184,"7a2f3f06":176,"48655f09":228,"8f2a7d69":182,"d82592f4":195,"baebb391":197,"7ae3fc50":169,"288afc30":193,"53431634":204,"79f04300":192,"9f2b16a7":195,"5e193fc8":190,"696fdac5":195,"e2cbe594":188,"5fa12feb":194,"cd421290":184,"9d0546ac":171,"261c9911":199,"a851554d":187,"25e0dd3d":180,"62d1d346":167,"aab4d996":182,"14c682eb":172,"1623fc9f":183,"4c39240e":199,"cc6bbe45":177,"3fdb08f5":186,"04bef50c":161,"730a4938":171,"ae99df30":168,"87c462ee":191,"d815c5b4":215,"e6ec8cbf":200,"d39724bc":180,"07f98660":200,"4f59a322":187,"9aa6a054":187,"8ac72326":185,"87083264":202,"0d7d88f1":183,"e57d5cda":176,"1745a0f4":188,"a0685bf3":208,"fef750ca":189,"70ee0491":165,"5f4102da":189,"eb2e1983":185,"2a76f1dd":166,"51f80f4c":209,"4125085e":193,"6df0b2e8":210,"40860a4b":165,"71a2a493":155,"24a9fb86":190,"bc3dc66a":188,"1da771fb":188,"f5cd79c1":195,"5623817d":174,"016953e4":201,"d1676e89":184,"22aeaf03":188,"09f0db62":205,"39a2fcce":172,"91d52a55":180,"f2364460":181,"7e15f8e8":194,"25d1b2d8":190,"449d8475":169,"794f652b":194,"12dd6f5e":167,"2dda3936":176,"0277d748":193,"21ee2afe":201,"1d153b20":191,"623c6a31":202,"6d339d45":163,"cc11fef9":194,"e62d705f":177,"30dbfc69":173,"8db62558":188,"dbd2f139":185,"180377be":178,"d0c104c4":163,"906fdec3":169,"aa867541":177,"a5fd8ffd":186,"a5676c24":189,"8db5a165":175,"5f0c1b9d":192,"3062379b":176,"b947257e":193,"5747db6e":200,"5a07fc2e":162,"72d7b461":202,"2d13e69b":184,"2c01e624":186,"f044c0e1":182,"0b5a0408":198,"6db0ea86":172,"6d802fa2":170,"4ff2225d":182,"489a39f7":180,"b2703001":193,"481754fc":164,"d82592f4":196,"288afc30":194,"468fc85c":189,"8493f3b2":183,"b4fdf90e":198,"cf52025e":179,"5ee911b5":172,"35b58ef9":171,"fe0df575":204,"ae8a09c4":195,"cac4449a":176,"36fb15d2":203,"49bf2e95":173,"d34a29b9":197,"b215547b":169,"8e780922":173,"80a8a56d":185,"efe84c27":189,"704bce0d":175,"0da28f5b":200,"201cafad":183,"9a80f004":192,"ded7da5a":195,"805534ac":188,"7b6a7048":182,"77898c22":159,"bc09fa9e":189,"aa021138":205,"f8b31ce5":208,"25776fc4":191,"7e76c93c":187,"d6f0d94a":190,"c015ec5a":184,"e32524d6":177,"3c0df8b4":201,"ae99df30":169,"5b5fc566":186,"5acce642":194,"ba586505":198,"00cf385d":194,"b3f19a69":174,"d83870f5":179,"0d7d88f1":184,"e57d5cda":177,"cb142908":175,"f7231212":182,"10ec5a0b":174,"c8113b77":171,"faf4f98b":192,"ba5c52af":177,"8b5a8e9f":192,"2bcca6a7":204,"5f4102da":190,"33d6bb6a":182,"6a7392d5":167,"47cfba38":172,"4125085e":194,"aa9ea5e8":165,"9b3f8714":188,"317c1591":201,"25635c37":161,"60e855ee":199,"836701f6":186,"5781776a":187,"1ed46298":199,"a1370ab0":181,"bb8a6337":172,"31d74eee":180,"36684155":188,"9d9dd9e5":176,"a9b1bd51":147,"d957f027":185,"f4b2f575":176,"b8ab8e6e":179,"af157d29":180,"4469c815":158,"53a8613c":200,"30d84dce":162,"9d4da635":172,"cd3bbe7e":181,"ddec9e54":181,"8942c35b":183,"7cd0ad7b":188,"a4f1d83b":175,"8cc4a982":195,"9e206c95":205,"8547fbc2":178,"bd62d7ed":171,"a901627e":181,"ccdd1ce6":189,"6e851762":179,"0fc5ac7e":208,"284544ba":178,"f4726450":174,"70c1e715":191,"fb7482fe":186,"c793cdda":186,"d599b566":197,"095ab3b4":185,"013ee301":180,"d6db2b02":193,"0114160e":177,"f277386e":162,"4945c851":196,"6d802fa2":171,"045f280d":190,"b460f030":209,"36fb15d2":204,"03c398d2":192,"87ce8d1d":160,"9263c525":190,"fe0df575":205,"d82592f4":197,"946df4fd":210,"b8397293":175,"468fc85c":190,"f9c15fcc":177,"d0c0fc08":165,"f1098793":195,"b4fdf90e":199,"b2c25d1c":182,"a836aa93":187,"145c7559":171,"53431634":205,"c7313e0a":199,"8e780922":174,"9b172ca8":162,"df81ddee":173,"c8dc010f":189,"a0ce82b4":186,"c45d554f":194,"7e8e1c3d":179,"5a622a23":187,"21ad2f34":192,"df2b4d87":177,"2af60749":192,"24ffcbd3":198,"5ef93e5d":161,"71ba7561":158,"6e44927f":187,"da04caac":199,"aa867541":178,"74c26380":209,"5acce642":195,"aa187e3b":184,"6c20c153":186,"51a3e9c2":181,"f0a06216":190,"e4117b3b":167,"e356abf1":195,"a06a6430":195,"87083264":203,"2ce1af05":163,"87cd2add":166,"ba938220":180,"d83294cd":177,"a85d89cc":183,"1105f790":214,"5b60dd1d":186,"e238f09b":200,"a2c334e7":209,"d6d61bfc":200,"4125085e":195,"aec4e1bf":193,"a1370ab0":182,"1ed46298":200,"6632fed0":188,"c6c85783":192,"77f31bab":198,"7e15f8e8":195,"48efc739":203,"394dc144":176,"789bd484":178,"04ea5673":183,"d9f512b9":194,"a33fe0dd":190,"868cda42":189,"dbd2f139":186,"0c0e98ea":181,"f2364460":182,"12dd6f5e":168,"ec11fe5f":161,"c510bfd3":197,"a0685bf3":209,"7bda83dd":179,"831c7b85":182,"7af262e5":210,"21ee2afe":202,"9c045c61":189,"9a467a82":189,"3661e12d":185,"865d9857":175,"9de29816":163,"9ab755d3":177,"971675c5":194,"fb7b7b3c":207,"317c1591":202,"c95719e5":171,"25635c37":162,"07fc4a9a":199,"17b08923":181,"6a60348e":176,"7732eb1e":206,"d36125db":189,"b36a0d66":172,"bab97de3":192,"2c24d929":188,"2e99f8fd":181,"d8475b95":161,"06073f13":196,"a636f4c9":197,"d0c0fc08":166,"24d24fa3":174,"45b038bb":214,"aa00769b":197,"4ba6eb36":175,"a5aee5de":214,"379184a7":206,"dd1fcb17":172,"b8397293":176,"2c01e624":187,"bca2d7cd":184,"383e232d":185,"8657c79d":179,"778c95e9":179,"2f455cce":180,"142d6987":186,"026766f3":185,"66497c7e":181,"751bcf25":176,"26ed1a5c":181,"c4feee5b":183,"1a2c020b":193,"1a68160d":188,"f598a332":174,"8e99d5d0":215,"c85a0d80":181,"696fdac5":196,"25e0dd3d":181,"2ad42a9e":208,"c45d554f":195,"2209903e":184,"6b9eff39":180,"7bebff03":184,"4e5aaaec":171,"28654c76":196,"d5dae4c4":202,"00a481e3":193,"3f75d3bc":206,"ec110282":215,"8a165e17":189,"08a561b7":180,"1757a30e":173,"37d0cae2":172,"20811ddf":192,"7fef9973":179,"2882a956":175,"6b82b527":188,"9d4f1fe6":176,"621d6b18":193,"76f94eda":196,"6034b6d0":195,"c38c2b52":181,"72805bf5":181,"71a2a493":156,"3a1d1632":162,"bb8a6337":173,"a47abfbb":168,"24a9fb86":191,"03b4ab60":171,"37fbb107":190,"c6c85783":193,"bad1a1cc":184,"0f029727":183,"d141db49":180,"4fd645f1":184,"e32524d6":178,"0b959527":173,"719c8869":194
1604737656886,"24ffcbd3":199,"ddec9e54":182,"4ee62a26":170,"5ccf94d6":190,"40a745c0":188,"61f25dd4":211,"381c68fa":188,"7cd0ad7b":189,"ad303bda":175,"7e95c5a0":190,"95539a58":179,"78467b8a":189,"8b5a8e9f":193,"f67de058":188,"e35a63cd":185,"f5e8dfee":196,"831c7b85":183,"92ca52b7":197,"685207b3":189,"90a06ee9":196,"655954ba":178,"dcf85091":165,"f76a3e83":187,"c0fea118":176,"e1618359":190,"53747a91":177,"e2a7d915":162,"25e0dd3d":182,"cd421290":185,"21e10a2b":184,"7bebff03":185,"85de05f2":182,"24ffcbd3":200,"195eb771":189,"d5dae4c4":203,"7ae34c64":177,"b28a5e67":214,"abc1d7ad":207,"3f75d3bc":207,"345c9967":180,"95d331b1":177,"1bb4ccc0":182,"ee21ad02":209,"ba586505":199,"7735c3c2":182,"67d30f2b":181,"04cc7cbe":178,"57167c74":174,"49b358bd":192,"7e76c93c":188,"14c682eb":173,"2045d7d6":183,"cc6bbe45":178,"c95719e5":172,"004f1ef3":220,"83086d4c":185,"f2470875":193,"19f9ca86":191,"fb7b7b3c":208,"8274885a":178,"59431390":179,"e36dfd6f":191,"e81834aa":210,"d6db2b02":194,"8d753bb6":186,"2d1e1e9d":192,"a4dafea5":180,"12a2cd4b":176,"4ac6bd4e":170,"6ebe2354":161,"e0e6a097":181,"eed20185":203,"34658473":179,"99d130c9":182,"ae8a09c4":196,"b4fdf90e":200,"5ee911b5":173,"a0b03218":189,"8d000d6e":171,"e6fac295":180,"1bd5b20b":202,"059d6c19":193,"4279e829":202,"4ee62a26":171,"66b7b5b4":186,"2b698053":180,"ef91eaae":169,"d4ee22a4":193,"a85d89cc":184,"53b4e647":184,"cf9f4757":183,"faf4f98b":193,"dd3913d2":178,"4c0e547b":197,"1105f790":215,"2a4a402a":178,"2352c8ef":187,"a8c93bed":184,"eebc8d43":178,"8db62558":189,"a8726d50":170,"0c043224":197,"69134f07":168,"288d171f":189,"501db4de":181,"1a68160d":189,"696fdac5":197,"cb51f134":195,"90a06ee9":197,"a0ce82b4":187,"25e0dd3d":183,"5a622a23":188,"913a6226":190,"53747a91":178,"79e4fa1c":188,"debe1f65":181,"a472532e":171,"43bc86e3":180,"906fdec3":170,"fafb4cc2":233,"52eca0dc":189,"a5fd8ffd":187,"7ae34c64":178,"bd2705b0":194,"e0e48a2d":182,"5eab91a0":191,"8bc04eb5":187,"d957f027":186,"5d087c79":190,"2a387957":183,"ccdd1ce6":190,"d1fe2868":199,"09560615":171,"9e206c95":206,"175bc6b2":165,"315537b2":195,"865d9857":176,"945b63f0":205,"5a07fc2e":163,"70bc8325":178,"b5763ff6":175,"2154b6e8":176,"d9f512b9":195,"24ffcbd3":201,"3bad3c95":162,"1623fc9f":184,"0f029727":184,"2045d7d6":184,"5270f158":176,"5781776a":188,"c564e316":195,"3a204e56":184,"2c5c1dc0":178,"42191b64":158,"60e855ee":200,"3c782bb3":185,"8aa78e2f":169,"69f3bfcc":179,"7732eb1e":207,"11888cfa":171,"489a39f7":181,"b2703001":194,"064a99c8":190,"2c24d929":189,"e8d74304":175,"fa55f27a":193,"a543ec74":165,"b2bd8fd3":169,"cd95f558":184,"aec074c4":187,"9147702f":172,"cbb54a0a":172,"0fc5ac7e":209,"a47abfbb":169,"04cc7cbe":179,"6b82b527":189,"7a840529":181,"37d0cae2":173,"ffa08d82":184,"7218c9f1":175,"ad303bda":176,"2b698053":181,"4930f321":177,"ba938220":181,"78467b8a":190,"fef750ca":190,"2a4a402a":179,"fead11cf":182,"733c86f8":194,"c6dc900c":160,"062179c1":179,"30fdcd3b":190,"dae0f922":191,"66497c7e":182,"74f234c6":216,"31408822":173,"a68a93b2":186,"93683c82":180,"bad6cdb1":154,"336d0f08":195,"c7c4ec5c":177,"a636f4c9":198,"c4aa1e38":163,"0ac825ed":188,"08a4c3f8":190,"ab7d4c9a":181,"dcf85091":166,"ebdbf580":194,"c85a0d80":182,"bd984a8e":177,"a851554d":188,"c0fea118":177,"a0cca8b7":173,"a3253019":181,"21ad2f34":193,"18d20aa1":188,"85de05f2":183,"5ef93e5d":162,"71e53c93":182,"71ba7561":159,"db8ba455":187,"2dd0e808":177,"d9a64845":186,"69eeae0d":168,"913a6226":191,"e4714415":207,"47cfba38":173,"bfcb912a":185,"12534561":188,"288a2c43":183,"c64de0c0":173,"449d8475":170,"f66616b7":190,"97e75c19":194,"23760167":182,"bad1a1cc":185,"bda8cdfb":193,"c98d5272":180,"49902219":209,"18815a1b":181,"3454fa2b":167,"8dd2684c":187,"6d339d45":164,"3f65f121":198,"15620dca":203,"70594a28":183,"2045d7d6":185,"aab4d996":183,"df2b4d87":178,"e32524d6":179,"e786063b":192,"28d40296":159,"0a2f71bc":174,"263762cb":170,"60e855ee":201,"016953e4":202,"e238f09b":201,"8dc9b4db":191,"2c5c1dc0":179,"c318d350":198,"0d2c95fe":184,"2d1e1e9d":193,"e0f7679f":170,"6291e9e9":194,"d36125db":190,"06ddafc7":168,"2c01e624":188,"6a3eaf43":198,"835358a0":179,"b947257e":194,"d0d6acb1":187,"fd369c21":194,"3062379b":177,"95d331b1":178,"d815c5b4":216,"5acce642":196,"cb4f262b":179,"bb00e71c":169,"290b4714":186,"7fef9973":180,"8fb236a9":174,"67c57de4":199,"629800eb":197,"7a840529":182,"0785820e":184,"c38c2b52":182,"0d28db94":174,"d78dd457":178,"b8488fc8":189,"13b53c7a":189,"fef750ca":191,"e5b1abc6":185,"31408822":174,"bb98a6cf":206,"30dbfc69":174,"d0c104c4":164,"751bcf25":177,"d634aa28":188,"064a99c8":191,"5a0ead91":164,"b552beb3":198,"a0bc1ceb":175,"b35e9e1a":224,"01cd8099":198,"4ea4a2a1":200,"36fb15d2":205,"a636f4c9":199,"e6fac295":181,"de11eb19":199,"2d382981":176,"0ac825ed":189,"3a1b9af5":181,"04612878":208,"d70ca4f4":206,"470d50c2":195,"c4feee5b":184,"d34a29b9":198,"754f98c9":200,"9d0546ac":172,"79f04300":193,"4eed1bea":190,"a851554d":189,"c21ab51e":169,"9d023afb":181,"1105f790":216,"83b2f9c5":192,"d9a64845":187,"b28a5e67":215,"8db5a165":176,"ec110282":216,"f905a555":170,"810aa5e9":194,"5fa12feb":195,"c455f40e":174,"b2c25d1c":183,"e2cbe594":189,"2209903e":185,"64db4feb":202,"6867261a":185,"60d6cee2":184,"aec4e1bf":194,"081460bf":187,"c64de0c0":174,"0681c48e":197,"50d129cf":185,"2a387957":184,"cb6c9e42":205,"1a0189c4":179,"f66616b7":191,"394dc144":177,"1d790491":188,"ef8321d8":191,"7d6895f4":193,"3661e12d":186,"af157d29":181,"71ff66e8":195,"004f1ef3":221,"83086d4c":186,"dc583e64":196,"d36125db":191,"363590c7":199,"d6db2b02":195,"9a3cc55d":177,"7be025ce":181,"c015ec5a":185,"4fd645f1":185,"014460b9":208,"638cb163":203,"b5ce0c0c":200,"a81a857c":178,"ba586505":200,"9cb4697f":192,"bb00e71c":170,"fea793f5":189,"6775d5cd":184,"88ce179e":194,"1c0a9eff":174,"4d9b0b10":189,"cc5a1d47":176,"ffa08d82":185,"8ac72326":186,"6034b6d0":196,"0bfabf48":175,"87cd2add":167,"8007f30e":164,"6c486702":190,"f5e8dfee":197,"13b53c7a":190,"afe8e06a":163,"b87158fb":179,"92ca52b7":198,"9de29816":164,"f271ed5d":186,"70bc8325":179,"0e036ae9":199,"6e851762":180,"7080f122":178,"7db3edda":182,"e58b26f6":198,"2c01e624":189,"de6213c7":181,"5e09f69e":205,"ca6d2d91":186,"8942c35b":184,"dae0f922":192,"411b5027":171,"27f52ed3":208,"66554572":156,"05642105":191,"a8871ddf":171,"b460f030":210,"a24e6670":188,"a636f4c9":200,"a543ec74":166,"e0e6a097":182,"481754fc":165,"7a6aa4b6":186,"26c6fa34":174,"6585adbe":163,"4febf7c5":181,"12a2cd4b":177,"cfe72ead":178,"82b81567":164,"9e878ec2":193,"d0b297b2":174,"cf1124db":179,"6f81493d":168,"5ccf94d6":191,"4360a1a3":199,"9b742f71":175,"69d4b754":180,"731fc335":170,"fe44fc6f":175,"a0cf08b3":145,"345c9967":181,"a472532e":172,"a851891c":180,"dd035d2a":173,"dbc9df44":165,"f2086446":172,"0149e11a":173,"a4296d1e":178,"9b172ca8":163,"6b9eff39":181,"79f04300":194,"40e79dd3":187,"25e0dd3d":184,"4295ce9a":184,"0a96f57a":183,"162a7348":176,"6df0b2e8":211,"2132fe93":196,"32133249":186,"b230e8d3":190,"6632fed0":189,"0670c466":175,"5957df9e":177,"f4b2f575":177,"91d52a55":181,"2a387957":185,"6adce358":204,"088feee2":189,"2cb29e5a":191,"1d153b20":192,"9e206c95":207,"09560615":172,"f3d68430":198,"6de0aaac":176,"d6320619":174,"f4343817":185,"836701f6":187,"5781776a":189,"c0b7e7d7":169,"312f7676":201,"6b79fec2":175,"9a3cc55d":178,"e238f09b":202,"9e65c0ef":185,"c0b0f492":197,"868cda42":190,"b320feb9":191,"62d1d346":168,"49b358bd":193,"a33fe0dd":191,"d4d5f466":177,"bf30a08f":204,"124fbe96":176,"a6b5e869":190,"7735c3c2":183,"bb00e71c":171,"e6ec8cbf":201,"056ea7ff":201,"c38c2b52":183,"d7cb9bcf":175,"6a5b71b4":174,"385ab7c6":191,"7fb4c521":187,"7566fdd6":193,"c1bb74f2":182,"a8c93bed":185,"be3a10f8":215,"19551bad":172,"b5763ff6":176,"d3a669ac":197,"2c01e624":190,"284544ba":179,"e58b26f6":199,"272c7672":192,"98915a1f":172,"54a676d6":177,"3310a049":189,"1438fad7":188,"88a30343":194,"f044c0e1":183,"95bc84f1":167,"3c782bb3":186,"064a99c8":192,"946df4fd":211,"cbad3b92":213,"c4aa1e38":164,"27c8e038":200,"7a2f3f06":177,"04612878":209,"3652bd66":182,"2d382981":177,"8323d333":164,"be1746a0":180,"ef16ca37":176,"0ac825ed":190,"db0a661e":179,"3f9b5722":171,"d70ca4f4":207,"3b690f68":203,"059d6c19":194,"142d6987":187,"d634aa28":189,"902f49f5":183,"a59a8290":195,"8721056e":170,"a0685bf3":210,"5f0c1b9d":193,"fafb4cc2":234,"7896b953":193,"be2955bb":183,"1a2c020b":194,"cb51f134":196,"d548635d":192,"805534ac":189,"754f98c9":201,"debe1f65":182,"a4296d1e":179,"51f80f4c":210,"5ac86fb9":191,"a47abfbb":170,"bb8a6337":174,"68562193":189,"deb31f35":187,"af034fee":199,"37fbb107":191,"90d52475":189,"aff8e442":187,"6e98dfda":187,"6adce358":205,"97e75c19":195,"1634789b":177,"51f57142":188,"30dd2edc":186,"18815a1b":182,"bc021def":182,"9a467a82":190,"8cc4a982":196,"88432019":171,"ecfa8249":200,"913a6226":192,"470d50c2":196,"c8dc010f":190,"263762cb":171,"b769bdfb":181,"3712c4bd":167,"8dd649a3":184,"6d61bf13":172,"836701f6":188,"c45d554f":196,"fb8bfb36":202,"d141db49":181,"2154b6e8":177,"0f029727":185,"719c8869":195,"30c5d755":193,"92f800f5":194,"24ffcbd3":202,"6023df54":183,"abc1d7ad":208,"5f96c2bc":179,"dd035d2a":174,"bf30a08f":205,"00cf385d":195,"730a4938":172,"c0b23081":206,"7735c3c2":184,"9d4f1fe6":177,"e356abf1":196,"ef14000f":203,"753ca352":187,"abd32136":196,"6034b6d0":197,"b73e789c":168,"9aa6a054":188,"ef91eaae":170,"c0e2624b":178,"2180f99b":180,"aec074c4":188,"9fa62fee":181,"2c627253":187,"2d54e0a8":189,"ef1c2dcb":192,"77d35808":167,"4ff2225d":183,"a8871ddf":172,"e81834aa":211,"820225e4":162,"cf50e84e":175,"17b08923":182,"045f280d":191,"01cd8099":199,"742f1425":190,"a5aee5de":215,"a543ec74":167,"fe0df575":206,"24d24fa3":175,"4ea4a2a1":201,"c6e3d352":192,"379184a7":207,"358e45b1":182,"0f72f2d8":188,"5acaa06f":160,"a533489b":205,"db0a661e":180,"467773ac":178,"d0c104c4":165,"1a2ec5d7":203,"40a745c0":189,"b6591e25":188,"c3e6ef01":184,"1f11812e":200,"2352c8ef":188,"be3a10f8":216,"fead11cf":183,"11b2c8d9":181,"cfafcda8":178,"c1bb74f2":183,"7af262e5":211,"e9a8cf11":185,"51f80f4c":211,"5e09f69e":206,"bc3dc66a":189,"deb31f35":188,"540df50f":190,"6632fed0":190,"789bd484":179,"d957f027":187,"6e98dfda":188,"9ceb5439":169,"aff8e442":188,"23760167":183,"bda8cdfb":194,"7d6895f4":194,"9a467a82":191,"8dd2684c":188,"a77e8461":189,"b215547b":170,"7f86be64":179,"501db4de":182,"19f9ca86":192,"95d3d348":173,"547903ef":191,"f598a332":175,"6490bac6":176,"f33c0140":190,"6fb4cdda":200,"6bc5d32a":202,"1e232870":188,"c455f40e":175,"4e5aaaec":172,"20777945":179,"f4343817":186,"a81a857c":179,"7be025ce":182,"b320feb9":192,"a577db1c":179,"d6f0d94a":191,"44c77422":189,"ffc86f94":171,"7c0a2db6":181,"0a1d11e6":169,"52eca0dc":190,"f789f6d8":178,"c91966ce":184,"d9d0c567":192,"4abb7aed":184,"d39724bc":181,"6775d5cd":185,"7ee7621c":185,"6841f77e":196,"79be29c8":169,"f56ac638":167,"aa187e3b":185,"869cbaa0":200,"2ce1af05":164,"c38c2b52":184,"7fb4c521":188,"d4ee22a4":194,"91536e85":194,"a63bddd4":226,"22176537":186,"6de0aaac":177,"0d2a1c58":180,"884b0ad1":177,"5747db6e":201,"cbb54a0a":173,"aa5dfdf5":185,"2c627253":188,"d0d6acb1":188,"e45b4b53":174,"09f0db62":206,"1da771fb":189,"2c5c1dc0":180,"d599b566":198,"1438fad7":189,"26009d3f":172,"fb44fa9c":194,"ce4da56f":181,"b36a0d66":173,"54a676d6":178,"045f280d":192,"c6e3d352":193,"cf52025e":180,"458dcc3d":202,"1ff8c2fc":194,"aefe13f5":196,"5f8517b7":210,"74e01f6a":187,"358e45b1":183,"6ebe2354":162,"de11eb19":200,"0f72f2d8":189,"d33790a2":215,"34658473":180,"a533489b":206,"0841052c":206,"6f81493d":169,"180377be":179,"bb98a6cf":207,"a8726d50":171,"93683c82":181,"5272520d":189,"77bfed7e":183,"eebc8d43":179,"478d2d4f":209,"8063df14":195,"733c86f8":195,"dd3913d2":179,"fef750ca":192,"33d6bb6a":183,"725dce8b":195,"dcfaba4c":183,"3a1d1632":163,"5eaa1581":180,"2ab62345":174,"b7cc7909":197,"4911acad":156,"0670c466":176,"44a4f7cd":185,"a1921150":197,"23760167":184,"84369269":164,"50d129cf":186,"cb6c9e42":206,"b2c25d1c":184,"754f98c9":202,"f33c0140":191,"4c4aa2e2":182,"5a622a23":189,"c85a0d80":183,"4e5aaaec":173,"0a92153e":188,"6bc5d32a":203,"bd984a8e":178,"c8dc010f":191,"547903ef":192,"40e79dd3":188,"6b9eff39":182,"4def63ee":168,"88fa53d6":165,"49b358bd":194,"28d40296":160,"2af60749":193,"43bc86e3":181,"0a1d11e6":170,"95904ac4":203,"313258f2":193,"345c9967":182,"dc03ebd2":195,"91f7ef72":175,"37d0cae2":174,"d39724bc":182,"ee21ad02":210,"1bb4ccc0":183,"bf30a08f":206,"ad2d7bed":193,"124fbe96":177,"a06a6430":196,"3bad3c95":163,"65a00a3c":182,"8cc4a982":197,"175bc6b2":166,"12012fbd":176,"22176537":187,"f3d68430":199,"558d5ce7":181,"e9adbe58":181,"ef1c2dcb":193,"b5763ff6":177,"383e232d":186,"9147702f":173,"d744bee2":177,"fd07e0ed":189,"f271ed5d":187,"2c5c1dc0":181,"5b60dd1d":187,"3f2522c2":198,"695a2b92":175,"c95719e5":173,"363590c7":200,"312f7676":202,"6db0ea86":173,"8d753bb6":187,"a3d4a0e5":198,"d6db2b02":196,"820225e4":163,"4ff2225d":184,"2d1e1e9d":194,"792cfcbd":187,"aa00769b":198,"408bb2ed":185,"1bd5b20b":203,"b7df1559":185,"fa55f27a":194,"56752a4a":174,"5ee911b5":174,"c6e3d352":194,"8f2a7d69":183,"12a2cd4b":178,"db0a661e":181,"bad6cdb1":155,"db703021":187,"0c043224":198,"e62d705f":178,"e28c2efc":172,"ffa08d82":186,"95539a58":180,"7fb4c521":189,"6f39f4d9":194,"2ce1af05":165,"ec11fe5f":162,"e35a63cd":186,"6c486702":191,"eb2e1983":186,"d78dd457":179,"c6dc900c":161,"b87158fb":180,"5cd3cfe0":172,"0af920d8":173,"61f25dd4":212,"3b690f68":204,"f94bf9ea":175,"13747b82":190,"ed4fad08":191,"40860a4b":166,"47cfba38":174,"8cddb65e":184,"3c18f28e":178,"6e98dfda":189,"77bae750":178,"6f0fcb9d":190,"acac14fb":176,"7f86be64":180,"dbc9df44":166,"e0154608":198,"72b84094":214,"a0ce82b4":188,"4b4ecbce":171,"704bce0d":176,"7d112f4d":195,"ccb5ea3e":164,"8e99d5d0":216,"ab7467de":203,"8f9b74b0":174,"a851554d":190,"da04caac":200,"71e53c93":183,"ef8987d7":173,"43bc86e3":182,"a472532e":173,"56473430":197,"61145ec9":197,"1757a30e":174,"4b125e7b":173,"d1d40c9c":196,"fce3c5c6":173,"c015ec5a":186,"88fa53d6":166,"14c682eb":174,"014460b9":209,"2af60749":194,"9d9dd9e5":177,"5d087c79":191,"39a2fcce":173,"254cc28c":193,"faf3ed07":175,"6cba74ce":167,"558d5ce7":182,"175bc6b2":167,"22176537":188,"172217e5":197,"57540cc3":184,"416a9e97":176,"26c390d6":192,"70bc8325":180,"3062379b":178,"272c7672":193,"6751d8e4":197,"5a07fc2e":164,"d3a669ac":198,"57167c74":175,"8274885a":179,"9a3cc55d":179,"014bdff0":189,"8e4c33d2":172,"77d35808":168,"d599b566":199,"c7ab83c1":166,"e36dfd6f":192,"07fc4a9a":200,"2cce4fb2":191,"820225e4":164,"54a676d6":179,"489a39f7":182,"4ff2225d":185,"1c3a30c5":193,"e6fac295":182,"30fdcd3b":191,"7f6d1d0e":197,"d39724bc":183,"5eab91a0":192,"bb00e71c":172,"cb142908":176,"87cd2add":168,"6f39f4d9":195,"9aa6a054":189,"ad303bda":177,"4f59a322":188,"7a840529":183,"c1bb74f2":184,"7fdc2007":169,"dc0c8b09":201,"fe8f3d36":178,"eb2e1983":187,"b102f7bd":192,"b8488fc8":190,"d634aa28":190,"56d315d8":162,"110b1ee3":186,"f4634d0b":182,"a4f1d83b":176,"57d5dee8":188,"9b3f8714":189,"76f3a3be":191,"5a734022":170,"aa9ea5e8":166,"24a9fb86":192,"6632fed0":191,"cf1124db":180,"87ce8d1d":161,"9263c525":191,"a0b03218":190,"9260d96b":218,"4ac6bd4e":171,"24d24fa3":176,"2d382981":178,"e0e6a097":183,"5a0ead91":165,"cbad3b92":214,"2e99f8fd":182,"4ea4a2a1":202,"104721f0":187,"696fdac5":198,"a836aa93":188,"f76a3e83":188,"c45d554f":197
1604737658054,"a58bf525":185,"578f6e9e":204,"83086d4c":187,"fe1d4419":181,"f6fe095d":196,"22aeaf03":189,"e7773397":173,"1438fad7":190,"17b08923":183,"bbe71605":169,"820225e4":165,"b36a0d66":174,"d9dcdc4b":201,"6be9332a":165,"b84a06eb":183,"cf52025e":181,"87ce8d1d":162,"336d0f08":196,"be1746a0":181,"fa55f27a":195,"468fc85c":191,"40569362":204,"608bc832":157,"cac4449a":177,"e0e6a097":184,"01cd8099":200,"ef16ca37":177,"de11eb19":201,"31d74eee":181,"b8ab8e6e":180,"1d790491":189,"2a387957":186,"1b881e6e":194,"93fdbb44":175,"a983a6dc":173,"57540cc3":185,"e9adbe58":182,"865d9857":177,"b9a48a5c":167,"8dd2684c":189,"140ce69e":172,"09560615":173,"2c627253":189,"50c3164b":206,"730338c4":195,"88b3bc99":170,"eb7b4e29":178,"d552eb2f":192,"a58bf525":186,"6b79fec2":176,"836701f6":189,"6ce84ff8":165,"b1f58563":181,"fe1d4419":182,"a40846b7":181,"8e99d5d0":217,"acac14fb":177,"e21c6207":186,"7b6a7048":183,"1a68160d":190,"d9d0c567":193,"5f96c2bc":180,"49cb2959":192,"aa867541":179,"74c26380":210,"28654c76":197,"dd035d2a":175,"8cd78f77":188,"a47abfbb":171,"7af9d3b1":181,"a6003226":186,"a2c334e7":210,"5eaa1581":181,"cf84fb54":188,"45fb95c1":186,"8298e976":197,"820225e4":166,"59431390":180,"cf50e84e":176,"159ffd0b":173,"3e602573":188,"ae8a09c4":197,"7a6aa4b6":187,"a5aee5de":216,"ea274174":196,"7a2f3f06":178,"946df4fd":212,"01cd8099":201,"f9c15fcc":178,"a533489b":207,"cac4449a":178,"0f72f2d8":190,"0ac825ed":191,"cfe72ead":179,"5c82d1ce":180,"07107f6e":189,"da3437cd":174,"6b9eff39":183,"3bad3c95":164,"d9f512b9":196,"9bdf362a":187,"37a7d5b0":180,"5f620a1e":187,"1623fc9f":185,"2154b6e8":178,"3c18f28e":179,"b7cc7909":198,"5d087c79":192,"527ff946":191,"815e4582":195,"9d9dd9e5":178,"04643409":194,"ccf8b803":194,"aff8e442":189,"d6320619":175,"8dd2684c":190,"175bc6b2":168,"a77e8461":190,"945b63f0":206,"623c6a31":203,"09560615":174,"39ba00f0":188,"2f455cce":181,"4bcd4a30":191,"91b28f83":192,"bb00e71c":173,"1c0a9eff":175,"87c462ee":192,"3b2dee89":178,"935ec056":176,"1a442bc7":167,"9c29f0ed":202,"9f74b8a4":173,"629800eb":198,"385ab7c6":192,"50c468ba":176,"ae95f2ba":205,"4d9b0b10":190,"eebc8d43":180,"6a7392d5":168,"0e2b5d2f":188,"733c86f8":196,"fee32863":189,"5f4102da":191,"7af262e5":212,"5f96c2bc":181,"91f7ef72":176,"f905a555":171,"6023df54":184,"61145ec9":198,"95904ac4":204,"db8ba455":188,"6085137f":180,"6751d8e4":198,"f069bb07":184,"fb7482fe":187,"c793cdda":187,"72805bf5":182,"57d5dee8":189,"a40846b7":182,"c0b7e7d7":170,"ca6d2d91":187,"4ee62a26":172,"180377be":180,"e62d705f":179,"dbd2f139":187,"1e7753d9":192,"906632cb":196,"a836aa93":189,"dcf85091":167,"4e3f5178":200,"be2955bb":184,"93e8cee5":211,"c382f054":202,"6db0ea86":174,"a77e127d":163,"7732eb1e":208,"8e4c33d2":173,"d9dcdc4b":202,"22aeaf03":190,"db0a661e":182,"a0bc1ceb":176,"82868763":183,"fb44fa9c":195,"03dcfa3d":185,"6be9332a":166,"a8871ddf":173,"de11eb19":202,"1db42092":191,"12271e14":191,"7ae3fc50":170,"e6fac295":183,"5a0ead91":166,"045f280d":193,"fe0df575":207,"2198ba8e":177,"92d38723":197,"59c1e594":172,"df81ddee":174,"0149e11a":174,"f2086446":173,"18d20aa1":189,"1e232870":189,"bfad1727":172,"b6ee137a":181,"e2cbe594":190,"0f029727":186,"1623fc9f":186,"d9f512b9":197,"7e76c93c":189,"e3547548":176,"caddd0a7":194,"fce3c5c6":174,"d0b297b2":175,"d83870f5":180,"abad2347":189,"730a4938":173,"5eab91a0":193,"95d331b1":179,"6c20c153":187,"11b74e63":193,"30b6808c":172,"6f39f4d9":196,"056ea7ff":202,"d5059415":179,"4c0e547b":198,"ba938220":182,"92ca52b7":199,"cfafcda8":179,"053f3451":184,"e57d5cda":178,"ec11fe5f":163,"30c184b8":180,"9b3f8714":190,"deb31f35":189,"aec4e1bf":195,"dcfaba4c":184,"2132fe93":197,"6e98dfda":190,"d957f027":188,"90d52475":190,"794f652b":195,"8a52882e":191,"527ff946":192,"1634789b":178,"8547fbc2":179,"ccdd1ce6":191,"25a7a0a3":170,"30dd2edc":187,"6d5fcd4c":181,"2cb29e5a":192,"3f65f121":199,"cc11fef9":195,"430a5db5":193,"30dbfc69":175,"19e9776f":180,"f4634d0b":183,"751acea8":179,"61f25dd4":213,"f598a332":176,"263762cb":172,"1bc0591f":179,"50b558a7":170,"db8ba455":189,"0a1d11e6":171,"71ba7561":160,"4bc46d7a":181,"971675c5":195,"b7832271":202,"1f7607df":171,"84b767be":209,"dd7acb96":188,"2a06ab95":204,"aec074c4":189,"fd07e0ed":190,"83086d4c":188,"004f1ef3":222,"6085137f":181,"19f9ca86":193,"93ac9ca3":188,"f5829ac0":195,"e81834aa":212,"69f3bfcc":180,"1be05c14":194,"45fb95c1":187,"b2703001":195,"868edcc0":195,"a0b03218":191,"87922532":216,"e0e6a097":185,"554ebb83":198,"6be9332a":167,"3652bd66":183,"64a7f79f":192,"00554ffd":193,"be1746a0":182,"b460f030":211,"b7407bd3":181,"26c6fa34":175,"67f6e4f2":165,"704bce0d":177,"c5b35e4d":172,"acac14fb":178,"4295ce9a":185,"104721f0":188,"f3992a31":199,"b6ee137a":182,"7e8e1c3d":180,"1e232870":190,"21ad2f34":194,"e1f0dbfd":208,"ded7da5a":196,"cd421290":186,"0f029727":187,"a577db1c":180,"d9d7c4c2":184,"e32524d6":180,"ce3bf5db":183,"24ffcbd3":203,"c8fcad77":169,"0cb80f4a":188,"8a165e17":190,"5f96c2bc":182,"45b5746e":191,"e0e48a2d":183,"5acce642":197,"d1d40c9c":197,"d815c5b4":217,"0d770b97":189,"7ee7621c":186,"ad2d7bed":194,"af7e5be8":189,"0bfabf48":176,"d7cb9bcf":176,"9aa6a054":190,"a85d89cc":185,"629800eb":199,"9496f56f":193,"ec11fe5f":164,"dfcc2ad1":208,"b87158fb":181,"13b53c7a":191,"55928ef1":181,"9b3f8714":191,"deb31f35":190,"8d04852b":180,"12534561":189,"c4bff41f":201,"24a9fb86":193,"540df50f":191,"31d74eee":182,"91d52a55":182,"faf3ed07":176,"c81b2bcf":171,"bf822e33":182,"f4b2f575":178,"bda8cdfb":195,"12dd6f5e":169,"ac38a6a5":194,"7d6895f4":195,"6d5fcd4c":182,"ec2cb1af":193,"f2ca27d9":196,"2cb29e5a":193,"0c043224":199,"1a2ec5d7":204,"4ee62a26":173,"40a745c0":190,"430a5db5":194,"c8977844":186,"1e191c98":169,"c1bb74f2":185,"ba5c52af":178,"1d44aff3":194,"313258f2":194,"884b0ad1":178,"d3a669ac":199,"6e851762":181,"b947257e":195,"3062379b":179,"0d2a1c58":181,"7db3edda":183,"695a2b92":176,"6d61bf13":173,"095ab3b4":186,"e7773397":174,"6085137f":182,"93ac9ca3":189,"6ce84ff8":166,"1db42092":192,"b552beb3":199,"e36dfd6f":193,"7732eb1e":209,"6c73ae98":163,"66554572":157,"bbe71605":170,"ae8a09c4":198,"87ce8d1d":163,"9c58dd76":182,"468fc85c":192,"379184a7":208,"655954ba":179,"f76a3e83":189,"36380d96":188,"69134f07":169,"72b84094":215,"8e99d5d0":218,"a851554d":191,"b3863630":183,"5c82d1ce":181,"f598a332":177,"18d20aa1":190,"ecfa8249":201,"c8dc010f":192,"2b3c49b9":182,"c4e70c07":177,"7be025ce":183,"ca7d47f7":188,"805af3c7":183,"e3547548":177,"ea6de194":191,"5ab7bc35":189,"d82592f4":198,"4ea4a2a1":203,"2e99f8fd":183,"2d382981":179,"92d38723":198,"23080895":172,"b377a62a":171,"bc3dc66a":190,"d6d61bfc":201,"5f6613c8":171,"17446892":188,"c852d240":182,"12534561":190,"bb8a6337":175,"bf822e33":183,"a983a6dc":174,"23760167":185,"b8ab8e6e":181,"d1fe2868":200,"7e15f8e8":196,"6e98dfda":191,"30dd2edc":188,"be4f8ba8":177,"71ba7561":161,"a472532e":174,"dc03ebd2":196,"2dd0e808":178,"61145ec9":199,"2882a956":176,"37d0cae2":175,"7f6d1d0e":198,"a6b5e869":191,"8bc04eb5":188,"9d4f1fe6":178,"cb4f262b":180,"53b4e647":185,"30b6808c":173,"6f39f4d9":197,"9fce073c":182,"b73e789c":169,"2b698053":182,"9aa6a054":191,"ea274174":197,"6f0fcb9d":191,"8942c35b":185,"467773ac":179,"6f81493d":170,"56d315d8":163,"5cd3cfe0":173,"b7434f57":150,"3b690f68":205,"0042f6eb":180,"062179c1":180,"11b2c8d9":182,"1bc0591f":180,"7bda83dd":180,"78b97937":205,"831c7b85":184,"7080f122":179,"7d6895f4":196,"d1715f3b":203,"945b63f0":207,"22ecaed0":186,"26c390d6":193,"aaa274a5":184,"7e991ab9":150,"2d54e0a8":190,"cbb54a0a":174,"2c627253":190,"911e770b":186,"82868763":184,"d599b566":200,"2203f259":195,"971675c5":196,"f6fe095d":197,"5781776a":190,"c318d350":199,"05642105":192,"95bc84f1":168,"69f3bfcc":181,"b84a06eb":184,"e8f173b5":190,"4b3e3b1c":192,"e7e82473":209,"36380d96":189,"754f98c9":203,"dbc9df44":167,"8e99d5d0":219,"b2c25d1c":185,"4e3f5178":201,"5fa12feb":196,"44ff8baa":184,"470d50c2":197,"c8dc010f":193,"77898c22":160,"3ef7432b":194,"a851554d":192,"a0cca8b7":174,"9bdf362a":188,"14c682eb":175,"9e65c0ef":186,"e32524d6":181,"5ab7bc35":190,"0a2f71bc":175,"ffc86f94":172,"4febf7c5":182,"64a7f79f":193,"8eb64769":194,"be149c6f":172,"deb31f35":191,"6867261a":186,"aa9ea5e8":167,"31f6ba51":176,"e9a8cf11":186,"2132fe93":198,"c67979e6":207,"ccf8b803":195,"1b881e6e":195,"5d087c79":193,"23760167":186,"47d27624":175,"394dc144":178,"5f0c1b9d":194,"a851891c":181,"a472532e":175,"43bc86e3":183,"7ae34c64":179,"08a561b7":181,"5f96c2bc":183,"95d331b1":180,"5eab91a0":194,"7ee7621c":187,"67d30f2b":182,"e4c312fe":189,"290b4714":187,"7f6d1d0e":199,"93b9fae6":179,"e28c2efc":173,"ef91eaae":171,"053f3451":185,"d2466211":198,"ae95f2ba":206,"50c468ba":177,"f1098793":196,"f9c15fcc":179,"cf52025e":182,"02d4753e":202,"aa00769b":199,"8f2a7d69":184,"45b038bb":215,"ad8f85d6":202,"3a1b9af5":182,"b8397293":177,"b35e9e1a":225,"c2bb8aae":183,"655941a0":200,"4ee62a26":174,"9d4da635":173,"751bcf25":178,"0841052c":207,"430a5db5":195,"1bc0591f":181,"be3a10f8":217,"f2e3c0e3":161,"6a7392d5":169,"9b546d65":180,"8007f30e":165,"eb2e1983":188,"21ee2afe":203,"ef8321d8":192,"01d817b8":166,"f5596d0f":191,"172217e5":198,"a63bddd4":227,"bc021def":183,"2f455cce":182,"70bc8325":181,"1f7607df":172,"1f342a00":179,"2d54e0a8":191,"f271ed5d":188,"c0e2624b":179,"2203f259":196,"3f2522c2":199,"8274885a":180,"f6fe095d":198,"fb7b7b3c":209,"9a3cc55d":180,"09f0db62":207,"d36125db":192,"6d802fa2":172,"2d1e1e9d":195,"cf84fb54":189,"69d4b754":181,"c21ab51e":170,"06ee61b6":170,"501db4de":183,"dcf85091":168,"20777945":180,"f121b82c":194,"a0cca8b7":175,"5a622a23":190,"3498f223":183,"a0ce82b4":189,"70594a28":184,"4eed1bea":191,"debe1f65":183,"014460b9":210,"aab4d996":184,"e786063b":193,"b7505747":196,"7732eb1e":210,"de36827b":212,"6a60348e":177,"35aa7fd0":191,"b7cc7909":199,"71279c46":182,"9b3f8714":192,"a1370ab0":183,"24a9fb86":194,"64db4feb":203,"0f1ac912":168,"815e4582":196,"91d52a55":183,"ce3407dd":177,"d5557fb4":191,"aa76bc50":154,"a851891c":182,"1d44aff3":195,"2dd0e808":179,"4bc46d7a":182,"a5fd8ffd":188,"2c6cb96f":159,"95d331b1":181,"290b4714":188,"d1d40c9c":198,"fea793f5":190,"b0869206":191,"20811ddf":193,"6ee92259":199,"91536e85":195,"cc5a1d47":177,"cbad3b92":215,"742f1425":191,"458dcc3d":203,"cd95f558":185,"13f0e139":173,"9260d96b":219,"b7df1559":186,"3d1af513":196,"bad6cdb1":156,"3a1b9af5":183,"99d130c9":183,"36fb15d2":206,"b35e9e1a":226,"4ba6eb36":176,"cc6bbe45":179,"44c77422":190,"30c5d755":194,"f883d582":165,"66b7b5b4":187,"30dbfc69":176,"7cd0ad7b":190,"c38c2b52":185,"8fb236a9":175,"597c1f81":185,"00a17b46":187,"ac030e74":178,"a8c93bed":186,"f67de058":189,"eb2e1983":189,"20958d58":180,"dc0c8b09":202,"5f4102da":192,"6a7392d5":170,"2b3e4717":188,"c98d5272":181,"6143f39d":188,"d3e84616":185,"6cba74ce":168,"57540cc3":186,"51f57142":189,"d2a841c9":182,"416a9e97":177,"b5763ff6":178,"70bc8325":182,"911e770b":187,"272c7672":194,"1f342a00":180,"92efd84f":183,"2c01e624":191,"8e4c33d2":174,"93ac9ca3":190,"83086d4c":189,"6ce84ff8":167,"317c1591":203,"09f0db62":208,"b935fc1c":189,"95f6db13":186,"655941a0":201,"bb98a6cf":208,"1f11812e":201,"90a06ee9":198,"f121b82c":195,"f3992a31":200,"655954ba":180,"1a68160d":191,"f9f2c53f":166,"288d171f":190,"92136ff5":185,"e1618359":191,"e21c6207":187,"ded7da5a":197,"20777945":181,"44ff8baa":185,"8f9b74b0":175,"a6bcb07e":184,"00a481e3":194,"fe44fc6f":176,"781ace7d":187,"7ae34c64":180,"c91966ce":185,"aa867541":180,"ae016053":213,"abad2347":190,"f0a06216":191,"91b28f83":193,"bb00e71c":174,"11b74e63":194,"4b125e7b":174,"4ff2225d":186,"8d04852b":181,"deb31f35":192,"181c3dd5":189,"aa9ea5e8":168,"0681c48e":198,"61d4782d":183,"c852d240":183,"1db42092":193,"54a676d6":180,"0b5a0408":199,"e36dfd6f":194,"17807120":175,"b6aaf976":183,"c6e3d352":195,"1b153aef":189,"fa55f27a":196,"0eaf08da":185,"03c398d2":193,"02d4753e":203,"dd1fcb17":173,"8c6e001f":161,"8d000d6e":172,"a43061ee":179,"7ae3fc50":171,"f9c15fcc":180,"d9f512b9":198,"88fa53d6":167,"ba30e43a":201,"dac109cf":179,"c8fcad77":170,"4777334c":181,"cc6bbe45":180,"124fbe96":178,"385ab7c6":193,"2ce1af05":166,"af7e5be8":190,"8fb236a9":176,"b9be31d6":193,"f7231212":183,"50c468ba":178,"0f89862c":168,"478d2d4f":210,"78b97937":206,"6c486702":192,"0e2b5d2f":189,"8721056e":171,"2a4a402a":180,"50d129cf":187,"77bae750":179,"2a387957":187,"faf3ed07":177,"36684155":189,"8a52882e":192,"84369269":165,"945b63f0":208,"d3e84616":186,"0e036ae9":200,"175bc6b2":169,"d1715f3b":204,"315537b2":196,"6143f39d":189,"730338c4":196,"6751d8e4":199,"3c6692a3":206,"f4726450":175,"cbb54a0a":175,"383e232d":187,"0bd93cfd":150,"a77e127d":164,"77d35808":169,"a40846b7":183,"6085137f":183,"fe1d4419":183,"3f2522c2":200,"a58bf525":187,"28654c76":198,"00a481e3":195,"2c6cb96f":160,"b28a5e67":216,"ec110282":217,"49cb2959":193,"dd035d2a":176,"d70ca4f4":208,"4279e829":203,"906632cb":197,"5ccf94d6":192,"56d315d8":164,"4ee62a26":175,"be40590d":189,"f33c0140":192,"104721f0":189,"e1618359":192,"da3437cd":175,"5c82d1ce":182,"36380d96":190,"93e8cee5":212,"77300e4a":160,"4e3f5178":202,"9d0546ac":173,"92136ff5":186,"c0fea118":178,"0ecfa1c9":173,"d6d61bfc":202,"b35bb8a1":174,"3310a049":190,"fb44fa9c":196,"05642105":193,"0be540c5":194,"f044c0e1":184,"489a39f7":183,"49910300":169,"26c6fa34":176,"e6fac295":184,"e8d74304":176,"aefe13f5":197,"8f2a7d69":185,"73b15e04":182,"d0b297b2":176,"c609739e":196,"b35e9e1a":227,"59c1e594":173,"c4aa1e38":165,"82b81567":165,"d0c0fc08":167,"de11eb19":203,"7bebff03":186,"07107f6e":190,"b320feb9":193,"d6f0d94a":192,"c1bdfd41":182,"4def63ee":169,"c015ec5a":187,"75ffea08":187,"ca7d47f7":189,"91b28f83":194,"0d770b97":190,"95d331b1":182,"2882a956":177,"7fef9973":181,"6b82b527":190,"d39724bc":184,"e28c2efc":174,"597c1f81":186,"10ec5a0b":175,"629800eb":200,"ffa08d82":187,"53b4e647":186,"7fb4c521":190,"2a76f1dd":167,"dd3913d2":180,"9b546d65":181,"8063df14":196,"55928ef1":182,"a8c93bed":187,"2352c8ef":189,"6867261a":187,"1ed46298":201,"288a2c43":184,"081460bf":188,"f4b2f575":179,"9d9dd9e5":179,"b88033fd":195,"d1fe2868":201,"bad1a1cc":186,"6e98dfda":192,"91d52a55":184,"140ce69e":173,"af157d29":182,"22176537":189,"3661e12d":187,"f3d68430":200,"88432019":172,"416a9e97":178,"2c627253":191,"fd369c21":195,"7e991ab9":151,"fb7b7b3c":210,"317c1591":204,"3f2522c2":201,"095ab3b4":187,"26f99a1e":170,"eda6a690":185,"7ee148e9":185,"c8977844":187,"4279e829":204,"cd3bbe7e":182,"655941a0":202,"ddec9e54":183,"f1b493de":208,"751bcf25":179,"b215547b":171,"80a8a56d":186,"69d4b754":182,"f121b82c":196,"34c5c729":182,"ebdbf580":195,"288d171f":191,"40e79dd3":189,"69eeae0d":169,"a851891c":183,"a5676c24":190,"3c0df8b4":202,"65e4235b":188,"f3a0c2ee":182,"db8ba455":190,"88b3bc99":171,"92efd84f":184,"98915a1f":173,"0fc5ac7e":210,"0ecfa1c9":174,"5f6613c8":172,"4125085e":196,"b2703001":196,"159ffd0b":174,"b84a06eb":185,"a4dafea5":181,"45fb95c1":188,"95bc84f1":169,"e6fac295":185,"ce4da56f":182,"01cd8099":202,"a5aee5de":217,"d82592f4":199,"08a4c3f8":191,"5a0ead91":167,"99d130c9":184,"792cfcbd":188,"d102b0c6":172,"408bb2ed":186,"bc392d1c":165,"a533489b":208,"40569362":205,"792c9b6a":174,"0a96f57a":184,"a851554d":193,"3b7763b1":168,"d25e0f8d":216,"20777945":182,"b6ee137a":183,"e1571af7":181,"aa021138":206,"c0b0f492":198,"859545e6":177,"a577db1c":181,"c8fcad77":171,"88fa53d6":168,"e4c312fe":190
1604737658614,"54d7de6b":209,"9d4f1fe6":179,"79be29c8":170,"730a4938":174,"c0b23081":207,"aa187e3b":186,"07f98660":201,"ae95f2ba":207,"91536e85":196,"87cd2add":169,"ffa08d82":188,"7566fdd6":194,"cb142908":177,"fead11cf":184,"fef750ca":193,"6a7392d5":171,"f5e8dfee":198,"b87158fb":182,"062179c1":181,"cd522166":198,"cc11fef9":196,"ca6d2d91":188,"0841052c":208,"94a2fe10":196,"3b690f68":206,"5272520d":190,"cd3bbe7e":183,"c7313e0a":200,"b3863630":184,"acac14fb":179,"0da28f5b":201,"52eca0dc":191,"cf1b8c47":196,"71e53c93":184,"83b2f9c5":193,"7c0a2db6":182,"a5fd8ffd":189,"195eb771":190,"e7abc88d":170,"d34a29b9":199,"8f9b74b0":176,"2209903e":186,"c21ab51e":171,"53747a91":179,"26dd2000":202,"bfad1727":173,"b6ee137a":184,"ab7467de":204,"a1370ab0":184,"13747b82":191,"dcfaba4c":185,"03b4ab60":172,"5d087c79":194,"794f652b":196,"0670c466":177,"6e98dfda":193,"25d1b2d8":191,"842c8340":181,"815e4582":197,"315537b2":197,"d3e84616":187,"22176537":190,"217c0327":166,"8cc4a982":198,"0277d748":194,"175bc6b2":170,"e1571af7":182,"0f029727":188,"1623fc9f":187,"2045d7d6":186,"a577db1c":182,"4c39240e":200,"4577b333":193,"e382ec3f":177,"e4117b3b":168,"91b28f83":195,"1c0a9eff":176,"ad2d7bed":195,"ee21ad02":211,"c0b23081":208,"cf9f4757":184,"10ec5a0b":176,"ffa08d82":189,"7218c9f1":176,"2b698053":183,"abd32136":197,"d4ee22a4":195,"8721056e":172,"e5b1abc6":186,"20958d58":181,"8063df14":197,"aec074c4":190,"f4726450":176,"84b767be":210,"730338c4":197,"e58b26f6":200,"0fc5ac7e":211,"3062379b":180,"cc11fef9":197,"f4634d0b":184,"30dbfc69":177,"0d5ee801":177,"6e24d88b":177,"7cd0ad7b":191,"be40590d":190,"7bda83dd":181,"33d6bb6a":184,"5f4102da":193,"a901627e":182,"c382f054":203,"a3253019":182,"704bce0d":178,"1a68160d":192,"20777945":183,"daab45c6":172,"f76a3e83":190,"a47abfbb":172,"42c80e69":201,"3a1d1632":164,"9b3f8714":193,"03b4ab60":173,"61d4782d":184,"4911acad":157,"d1fe2868":202,"c67979e6":208,"088feee2":190,"90d52475":191,"bf822e33":184,"50d129cf":188,"a9b1bd51":148,"6143f39d":190,"4469c815":159,"bb99c79c":180,"18815a1b":183,"dfa1a89b":180,"bfad1727":174,"69134f07":170,"a0cca8b7":176,"1e232870":191,"09f0db62":209,"c0b7e7d7":171,"d599b566":201,"c564e316":196,"3a204e56":185,"c318d350":200,"a40846b7":184,"70594a28":185,"8f9b74b0":177,"b5ce0c0c":201,"da3437cd":176,"4c39240e":201,"b320feb9":194,"9bdf362a":189,"0f029727":189,"a15713c6":208,"537634c9":169,"95904ac4":205,"616d6dd6":185,"56473430":198,"5f0c1b9d":195,"4652b09a":194,"ba586505":201,"37d0cae2":176,"bd2705b0":195,"730a4938":175,"e0e48a2d":184,"c38c2b52":186,"ee21ad02":212,"9fce073c":183,"51f57142":190,"b9a48a5c":168,"26c390d6":194,"70bc8325":183,"70c1e715":192,"f069bb07":185,"d0d6acb1":189,"8cd78f77":189,"d3a669ac":200,"c1bdfd41":183,"805af3c7":184,"1e7753d9":193,"059d6c19":195,"751acea8":180,"19e9776f":181,"8cf83787":167,"8aa78e2f":170,"064a99c8":193,"6291e9e9":195,"99d130c9":185,"e8f173b5":191,"792cfcbd":189,"54a676d6":181,"27c8e038":201,"0be540c5":195,"6585adbe":164,"35b58ef9":172,"5f8517b7":211,"3c782bb3":187,"67f6e4f2":166,"a43061ee":180,"4ba6eb36":177,"a0bc1ceb":177,"34658473":181,"379184a7":209,"408bb2ed":187,"1f11812e":202,"cd3bbe7e":184,"dbd2f139":188,"93b9fae6":180,"6034b6d0":198,"dc0c8b09":203,"cf9f4757":185,"831c7b85":185,"d4ee22a4":196,"19551bad":173,"0bfabf48":177,"30c184b8":181,"1745a0f4":189,"8b5a8e9f":194,"05f6ab35":194,"f2086446":174,"cb51f134":197,"5ac86fb9":192,"bb8a6337":176,"31f6ba51":177,"71279c46":183,"5e09f69e":207,"c9efc8f6":184,"e4714415":208,"25d1b2d8":192,"5339e1e9":199,"48efc739":204,"815e4582":198,"d5557fb4":192,"91d52a55":185,"ebdbf580":196,"8e99d5d0":220,"5be594be":188,"79f04300":195,"7f86be64":181,"4295ce9a":186,"efd23af5":173,"07107f6e":191,"a0ce82b4":190,"0a96f57a":185,"c455f40e":176,"e2cbe594":191,"004f1ef3":223,"71ff66e8":196,"83086d4c":190,"5099c6a0":205,"77d35808":170,"3f2522c2":202,"5781776a":191,"ea6de194":192,"2154b6e8":179,"04ea5673":184,"25776fc4":192,"ce3bf5db":184,"92f800f5":195,"30c5d755":195,"3a291497":167,"42cd2360":157,"537634c9":170,"5f0c1b9d":196,"1d44aff3":196,"7c0a2db6":183,"dd035d2a":177,"677c6a09":203,"4258c176":175,"7f6d1d0e":200,"6841f77e":197,"a502c93c":179,"7fef9973":182,"0d7d88f1":185,"6ee92259":200,"c803b4a3":185,"9aa6a054":192,"93b9fae6":181,"0785820e":185,"842c8340":182,"945b63f0":209,"d6320619":176,"8cc4a982":199,"6d5fcd4c":183,"88432019":173,"26c390d6":195,"fd07e0ed":191,"36d340f2":165,"2f455cce":183,"6d339d45":165,"9ab755d3":178,"6751d8e4":200,"ef1c2dcb":194,"c793cdda":188,"cc11fef9":198,"3f9b5722":172,"cf84fb54":190,"a8871ddf":174,"6d802fa2":173,"26009d3f":173,"fb44fa9c":197,"a24e6670":189,"11888cfa":172,"d8475b95":162,"9fc713b0":197,"cd95f558":186,"6be9332a":168,"468fc85c":193,"7a2f3f06":179,"45b038bb":216,"12a2cd4b":179,"87ce8d1d":164,"4ac6bd4e":172,"0f72f2d8":191,"554ebb83":199,"5ee911b5":175,"49bf2e95":174,"5272520d":191,"430a5db5":196,"dbd2f139":189,"906632cb":198,"4ee62a26":176,"7218c9f1":177,"e57d5cda":179,"ec11fe5f":165,"f2e3c0e3":162,"e35a63cd":187,"5f4102da":194,"7fdc2007":170,"bd62d7ed":172,"05f6ab35":195,"ed4fad08":192,"5774ac0d":199,"3c18f28e":180,"b35bb8a1":175,"5e09f69e":208,"6867261a":188,"a2c334e7":211,"faf3ed07":178,"842c8340":183,"47d27624":176,"c6c85783":194,"5f7d7195":188,"650bb0e0":180,"7e15f8e8":197,"34c5c729":183,"d34a29b9":200,"6fb4cdda":201,"972f4174":190,"c4feee5b":185,"6b78ad7f":185,"69d4b754":183,"2b3c49b9":183,"c45d554f":198,"7d112f4d":196,"8ea21393":165,"21e10a2b":185,"312f7676":203,"0b3283c9":190,"3712c4bd":168,"014bdff0":190,"26f99a1e":171,"5623817d":175,"8274885a":181,"20777945":184,"e2cbe594":192,"638cb163":204,"a81a857c":180,"ea6de194":193,"868cda42":191,"f789f6d8":179,"db8ba455":191,"28654c76":199,"83b2f9c5":194,"3f75d3bc":208,"ef8987d7":174,"95904ac4":206,"c0b23081":209,"dffa7793":155,"00cf385d":196,"11b74e63":195,"7735c3c2":185,"87c462ee":193,"e4117b3b":169,"cc6bbe45":181,"14c682eb":176,"caddd0a7":195,"f5596d0f":192,"30dd2edc":189,"3661e12d":188,"0277d748":195,"6d339d45":166,"e9adbe58":183,"558d5ce7":183,"c0e2624b":180,"884b0ad1":179,"d552eb2f":193,"f271ed5d":189,"2c01e624":192,"aa5dfdf5":186,"d3a669ac":201,"8b2b601d":195,"1be05c14":195,"69f3bfcc":182,"820225e4":167,"f5829ac0":196,"489a39f7":184,"045f280d":194,"0eaf08da":186,"b6aaf976":184,"4b4ef7fa":177,"dd1fcb17":174,"554ebb83":200,"64a7f79f":194,"9260d96b":220,"3652bd66":184,"f1098793":197,"3d1af513":197,"71bc1295":181,"0cb80f4a":189,"358e45b1":184,"45b038bb":217,"059d6c19":196,"906632cb":199,"7a9344a4":204,"31408822":175,"e62d705f":180,"902f49f5":184,"ad303bda":178,"869cbaa0":201,"95539a58":181,"4f59a322":189,"e4cfef0a":180,"056ea7ff":203,"753ca352":188,"2a4a402a":181,"c463799d":187,"f2e3c0e3":163,"2bcca6a7":205,"7bda83dd":182,"ec11fe5f":166,"55928ef1":183,"655941a0":203,"74e3d13e":189,"32133249":187,"8cddb65e":185,"deb31f35":193,"9b3f8714":194,"71279c46":184,"6867261a":189,"44a4f7cd":186,"77bae750":180,"06ee61b6":171,"d34a29b9":201,"cb51f134":198,"288d171f":192,"77300e4a":161,"c4feee5b":186,"a4296d1e":180,"263762cb":173,"e1f0dbfd":209,"ab7467de":205,"79e4fa1c":189,"2209903e":187,"fb8bfb36":203,"201cafad":184,"4295ce9a":187,"71e53c93":185,"aa76bc50":155,"b28a5e67":217,"f905a555":172,"00a481e3":196,"dc03ebd2":197,"65e4235b":189,"ee75b607":178,"0d770b97":191,"91b28f83":196,"a577db1c":183,"0f029727":190,"e5d3655c":211,"d141db49":182,"c015ec5a":188,"fbdffc95":178,"cc6bbe45":182,"c67979e6":209,"d957f027":189,"c81b2bcf":172,"5a0eb771":182,"36b7003c":211,"ec2cb1af":194,"01d817b8":167,"15620dca":204,"a77e8461":191,"140ce69e":174,"b9a48a5c":169,"8dd2684c":191,"98915a1f":174,"70c1e715":193,"284544ba":180,"1f342a00":181,"d1ca5d6b":194,"2c627253":192,"eb7b4e29":179,"eda6a690":186,"c564e316":197,"25635c37":163,"82868763":185,"39bbc4bc":190,"f2470875":194,"45fb95c1":189,"d6db2b02":197,"4ff2225d":187,"07fc4a9a":201,"2d1e1e9d":196,"489a39f7":185,"6a60348e":178,"064a99c8":194,"cac4449a":179,"804d4dfa":177,"23080895":173,"1b153aef":190,"e0e6a097":186,"9fc713b0":198,"8c6e001f":162,"dfc89705":185,"ef16ca37":178,"aa00769b":200,"9263c525":192,"b377a62a":172,"6585adbe":165,"c2bb8aae":184,"8db62558":190,"ba586505":202,"7735c3c2":186,"c0b23081":210,"79be29c8":171,"8fb236a9":177,"7a840529":184,"a85d89cc":186,"6a5b71b4":175,"6f39f4d9":198,"9fce073c":184,"753ca352":189,"9a07d89b":165,"a8c93bed":188,"2bcca6a7":206,"fef750ca":194,"13b53c7a":192,"d78dd457":180,"f67de058":190,"110b1ee3":187,"20e470e0":182,"dbd2f139":190,"93683c82":182,"1e191c98":170,"be149c6f":173,"d6d61bfc":203,"5eaa1581":182,"540df50f":192,"35aa7fd0":192,"61d4782d":185,"5e09f69e":209,"06ee61b6":172,"dcf85091":169,"704bce0d":179,"53431634":206,"470d50c2":198,"6fb4cdda":202,"1e232870":192,"c650b434":187,"e2a7d915":163,"93e8cee5":213,"bfad1727":175,"7e8e1c3d":181,"201cafad":185,"e2cbe594":193,"3c0df8b4":203,"fd482491":210,"fe44fc6f":177,"731fc335":171,"c91966ce":186,"56473430":199,"49cb2959":194,"08a06557":212,"3bad3c95":165,"37a7d5b0":181,"5339e1e9":200,"1d790491":190,"47d27624":177,"77f31bab":199,"99e171db":181,"91d52a55":186,"90d52475":192,"57540cc3":187,"2dda3936":177,"f5596d0f":193,"15620dca":205,"140ce69e":175,"2cb29e5a":194,"8cc4a982":200,"730338c4":198,"50c3164b":207,"39ba00f0":189,"aec074c4":191,"1f342a00":182,"2a06ab95":205,"5a07fc2e":165,"ca7d47f7":190,"2af60749":195,"92f800f5":196,"dac109cf":180,"1951480c":171,"312f7676":204,"42191b64":159,"1da771fb":190,"6085137f":184,"004f1ef3":224,"095ab3b4":188,"1f88a4b7":206,"95bc84f1":170,"17b08923":184,"d9dcdc4b":203,"49910300":170,"489a39f7":186,"0114160e":178,"03dcfa3d":186,"c6e3d352":196,"a5aee5de":218,"04612878":210,"b7df1559":187,"2e99f8fd":184,"288afc30":195,"48655f09":229,"a543ec74":168,"db0a661e":183,"45b038bb":218,"cfe72ead":180,"0ac825ed":192,"9e878ec2":194,"ee75b607":179,"b0869206":192,"5b5fc566":187,"d929098e":160,"54d7de6b":210,"37d0cae2":177,"5acce642":198,"b9be31d6":194,"0785820e":186,"d2466211":199,"4d9b0b10":191,"056ea7ff":204,"a06a6430":197,"e57d5cda":180,"dd3913d2":181,"ba5c52af":179,"9a3ab0b8":181,"b87158fb":183,"0e2b5d2f":190,"062179c1":182,"0c043224":200,"d70ca4f4":209,"b230e8d3":191,"8d04852b":182,"b35bb8a1":176,"ed4fad08":193,"e9a8cf11":187,"725dce8b":196,"60d6cee2":185,"4360a1a3":200,"a68a93b2":187,"56d315d8":165,"906632cb":200,"1e7753d9":194,"c5b35e4d":173,"9267f0ef":191,"2e3503e4":197,"c85a0d80":184,"77300e4a":162,"69d4b754":184,"f76a3e83":191,"fb8bfb36":204,"7e8e1c3d":182,"6490bac6":177,"ab7467de":206,"05f6ab35":196,"781ace7d":188,"b28a5e67":218,"7ae34c64":181,"537634c9":171,"2dd0e808":180,"5ef93e5d":163,"b2cfdbcf":177,"5c82d1ce":183,"4eed1bea":192,"3b7763b1":169,"bf822e33":185,"f2364460":183,"e15fd611":173,"a983a6dc":175,"37fbb107":192,"1634789b":179,"cb6c9e42":207,"546f6845":182,"4d35385e":175,"9de29816":165,"7d6895f4":197,"22ecaed0":187,"ccdd1ce6":192,"25a7a0a3":171,"7e991ab9":152,"aa5dfdf5":187,"5747db6e":202,"a6626a13":176,"e1571af7":183,"8f13c203":174,"859545e6":178,"9bdf362a":190,"e3547548":178,"b320feb9":195,"a81a857c":181,"6ce84ff8":168,"f5cd79c1":196,"5410e9c6":194,"095ab3b4":189,"e7773397":175,"363590c7":201,"8dc9b4db":192,"a4dafea5":182,"8298e976":198,"49910300":171,"e8f173b5":192,"2d1e1e9d":197,"88a30343":195,"1138796e":194,"17807120":176,"03c398d2":194,"1b153aef":191,"6585adbe":166,"458dcc3d":204,"d4d5f466":178,"6c20c153":188,"bd2705b0":196,"ea4d3f3e":193,"8bc04eb5":189,"6841f77e":198,"b0869206":193,"b9be31d6":195,"8ac72326":187,"597c1f81":187,"ef14000f":204,"30b6808c":174,"a85d89cc":187,"ae95f2ba":208,"13b53c7a":193,"a59a8290":196,"084cbc0b":173,"ea822700":184,"508aac3d":195,"162a7348":177,"8d04852b":183,"3c18f28e":181,"32133249":188,"0ecfa1c9":175,"6867261a":190,"d70ca4f4":210,"026766f3":186,"110b1ee3":188,"40a745c0":191,"180377be":181,"f883d582":166,"b6591e25":189,"2c24d929":190,"379184a7":210,"d102b0c6":173,"cf52025e":183,"ac62fac2":204,"92d38723":199,"1ff8c2fc":195,"0f72f2d8":192,"5ee911b5":176,"704bce0d":180,"9b172ca8":164,"9b742f71":176,"c7313e0a":201,"6fb4cdda":203,"831c7b85":186,"9d023afb":182,"e35a63cd":188,"6a7392d5":172,"9a3ab0b8":182,"61145ec9":200,"08a561b7":182,"5ef93e5d":164,"3a291497":168,"0da28f5b":202,"80a8a56d":187,"27d8bf51":184,"53747a91":180,"6b9eff39":184,"44ff8baa":186,"92136ff5":187,"4eed1bea":193,"71a2a493":157,"2b3e4717":189,"e99318a3":189,"4ed01268":176,"e15fd611":174,"cb6c9e42":208,"5957df9e":178,"6e98dfda":194,"f87c5031":189,"51f57142":191,"9c045c61":190,"7080f122":180,"2cb29e5a":195,"623c6a31":204,"6143f39d":191,"fb8bfb36":205,"df2b4d87":179,"e786063b":194,"c7636527":169,"3bad3c95":166,"28d40296":161,"7be025ce":184,"fbdffc95":179,"3712c4bd":169,"014bdff0":191,"5781776a":192,"004f1ef3":225,"5099c6a0":206,"f1dffa24":167,"7ee148e9":186,"4ff2225d":188,"e7e82473":210,"159ffd0b":175,"a24e6670":190,"28d41578":194,"d36125db":193,"8b2b601d":196,"946df4fd":213,"468fc85c":194,"65e4235b":190,"b28a5e67":219,"95904ac4":207,"d929098e":161,"d83870f5":181,"677c6a09":204,"e4117b3b":170,"87c462ee":194,"ad2d7bed":196,"935ec056":177,"07f98660":202,"53b4e647":187,"629800eb":201,"0d7d88f1":186,"43d87483":188,"ef91eaae":172,"0bfabf48":178,"84b767be":211,"730338c4":199,"911e770b":188,"88b3bc99":172,"7e991ab9":153,"3062379b":181,"fd07e0ed":192,"76f3a3be":192,"8cddb65e":186,"1e7753d9":195,"3b690f68":207,"3f9b5722":173,"a8726d50":172,"1f11812e":203,"e62d705f":181,"381c68fa":189,"03c398d2":195,"cf52025e":184,"3d1af513":198,"0eaf08da":187,"01cd8099":203,"f9c15fcc":181,"59c1e594":174,"08a4c3f8":192,"b377a62a":173,"792c9b6a":175,"b4fdf90e":201,"40569362":206,"82204d54":178,"9a3ab0b8":183,"9b546d65":182,"f5e8dfee":199,"4c0e547b":199,"c6dc900c":162,"2352c8ef":190,"ae016053":214,"0a1d11e6":172,"aa867541":181,"efe84c27":190,"34c5c729":184,"acac14fb":180,"c5b35e4d":174,"f9f2c53f":167,"972f4174":191,"168e75d9":186,"5fa12feb":197,"2e3503e4":198,"4911acad":158,"ed4fad08":194,"5774ac0d":200,"b7cc7909":200,"31f6ba51":178,"d957f027":190,"36b7003c":212,"cf775f58":195,"e15fd611":175,"84369269":166,"ccf8b803":196,"6e98dfda":195,"12dd6f5e":170,"4d35385e":176,"ac38a6a5":195,"2dda3936":178,"7080f122":181,"805534ac":190,"26dd2000":203,"ccb5ea3e":165,"c650b434":188,"daab45c6":173,"e1571af7":184,"8f13c203":175,"4577b333":194,"ea6de194":194,"9bdf362a":191,"92f800f5":197,"6ce84ff8":169,"6d61bf13":174,"83086d4c":191,"317c1591":205,"b1f58563":182,"42191b64":160,"8dc9b4db":193,"fb44fa9c":198,"4b3e3b1c":193,"66554572":158,"4945c851":197,"3c782bb3":188,"bab97de3":193,"c0b0f492":199,"dc03ebd2":198,"ec110282":218,"fd482491":211,"4bc46d7a":183,"4b125e7b":175,"91b28f83":197,"04bef50c":162,"cb4f262b":181,"7735c3c2":187,"c0b23081":211,"20811ddf":194,"07f98660":203,"c803b4a3":186,"30b6808c":175,"6a5b71b4":176,"b9be31d6":196,"8fb236a9":178,"88432019":174,"f5596d0f":194,"8657c79d":180,"2180f99b":181,"2c627253":193,"88b3bc99":173,"e58b26f6":201,"1f7607df":173,"d744bee2":178,"a68a93b2":188,"19e9776f":182,"26ed1a5c":182,"5cd3cfe0":174,"5ccf94d6":193,"013ee301":181,"a543ec74":169,"03c398d2":196,"0cb80f4a":190,"a636f4c9":201,"1bd5b20b":204,"8eb64769":195,"50312237":191,"d8475b95":163,"761cf820":196,"468fc85c":195,"87922532":217,"5f8517b7":212,"ef16ca37":179,"6f0fcb9d":192,"1e7753d9":196,"cd3bbe7e":185,"4d9b0b10":192,"2a4a402a":182,"cd522166":199,"19551bad":174
1604737659594,"6c524f99":196,"0042f6eb":181,"f5e8dfee":200,"55928ef1":184,"9b172ca8":165,"4e3f5178":203,"fe578280":177,"c85a0d80":185,"5a734022":171,"4125085e":197,"c852d240":184,"13747b82":192,"031e488e":199,"72805bf5":183,"0681c48e":199,"91d52a55":187,"77bae750":181,"66d94227":180,"2a387957":188,"93fdbb44":176,"650bb0e0":181,"e99318a3":190,"2cb29e5a":196,"6b78ad7f":186,"b2c25d1c":186,"69134f07":171,"efd23af5":174,"bc09fa9e":190,"8ea21393":166,"5fa12feb":198,"0149e11a":175,"a0cca8b7":177,"547903ef":193,"e786063b":195,"d9d7c4c2":185,"c564e316":198,"f2470875":195,"8e4c33d2":175,"8274885a":182,"93ac9ca3":191,"39bbc4bc":191,"c7ab83c1":167,"ce4da56f":183,"0d2c95fe":185,"cf84fb54":191,"d141db49":183,"28d40296":162,"3fdb08f5":187,"0f029727":191,"868cda42":192,"3f75d3bc":209,"45b5746e":192,"7ae34c64":182,"49cb2959":195,"ec110282":219,"d5dae4c4":204,"345c9967":183,"5acce642":199,"4b125e7b":176,"e6ec8cbf":202,"c0b23081":212,"93b0a158":200,"abad2347":191,"fea793f5":191,"0d28db94":175,"76f94eda":197,"d7cb9bcf":177,"f87c5031":190,"e9adbe58":184,"b946e146":201,"ac38a6a5":196,"b9a48a5c":170,"416a9e97":179,"fd369c21":196,"2d54e0a8":192,"5747db6e":203,"9ab755d3":179,"9fa62fee":182,"aec074c4":192,"92efd84f":185,"751acea8":181,"f277386e":163,"6a60348e":179,"013ee301":182,"8298e976":199,"064a99c8":195,"aa00769b":201,"1b153aef":192,"2c24d929":191,"6585adbe":167,"cf52025e":185,"a533489b":209,"a0bc1ceb":178,"cd95f558":187,"dfc89705":186,"23080895":174,"f9c15fcc":182,"4f5e3e7d":173,"00554ffd":194,"4279e829":205,"a4f1d83b":177,"f883d582":167,"f1b493de":209,"c3e6ef01":185,"e62d705f":182,"6f39f4d9":199,"9496f56f":194,"91536e85":197,"4d9b0b10":193,"afe8e06a":164,"a567ace4":185,"6c524f99":197,"92ca52b7":200,"05f6ab35":197,"19551bad":175,"50b558a7":171,"754f98c9":204,"0da28f5b":203,"7af9d3b1":182,"71279c46":185,"0ecfa1c9":176,"a1370ab0":185,"a6003226":187,"9b3f8714":195,"c4bff41f":202,"527ff946":193,"c67979e6":210,"7e15f8e8":198,"789bd484":180,"288d171f":193,"501db4de":184,"972f4174":192,"f2086446":175,"34c5c729":185,"21ad2f34":195,"2b3c49b9":184,"20777945":185,"da3437cd":177,"85de05f2":184,"5fa12feb":199,"a851554d":194,"e45b4b53":175,"5270f158":177,"8dc9b4db":194,"b1f58563":183,"2203f259":197,"60e855ee":202,"e7773397":176,"638cb163":205,"4577b333":195,"868cda42":193,"2af60749":196,"24ffcbd3":204,"88fa53d6":169,"aff8e442":190,"4ed01268":177,"b88033fd":196,"d6320619":177,"4469c815":160,"ac38a6a5":197,"217c0327":167,"f2ca27d9":197,"623c6a31":205,"01d817b8":168,"084cbc0b":174,"b7832271":203,"d0d6acb1":190,"c0e2624b":181,"a625328f":193,"284544ba":181,"9ab755d3":180,"ae016053":215,"61145ec9":201,"91f7ef72":177,"7896b953":194,"1d44aff3":197,"731fc335":172,"2dd0e808":181,"8bc04eb5":190,"4652b09a":195,"bec9d329":202,"e4c312fe":191,"7735c3c2":188,"bd2705b0":197,"1757a30e":175,"9c29f0ed":203,"75ffea08":188,"6f81493d":171,"f4634d0b":185,"a24e6670":191,"4945c851":198,"cf84fb54":192,"17b08923":185,"4ff2225d":189,"3c782bb3":189,"013ee301":183,"a0bc1ceb":179,"dd1fcb17":175,"40569362":207,"8323d333":165,"48655f09":230,"812b4f15":173,"2e99f8fd":185,"7a2f3f06":180,"d82592f4":200,"481754fc":166,"67f6e4f2":167,"c4aa1e38":166,"64a7f79f":195,"34658473":182,"bb98a6cf":209,"430a5db5":197,"751acea8":182,"1f11812e":204,"c2bb8aae":185,"0d28db94":176,"4f59a322":190,"11b2c8d9":183,"ad303bda":179,"eb2e1983":190,"e28c2efc":175,"7af262e5":213,"7a4c064c":194,"70ee0491":166,"619fda68":217,"78b97937":207,"8007f30e":166,"1105f790":217,"c5b35e4d":175,"dcf85091":170,"53431634":207,"51f80f4c":212,"4911acad":159,"af034fee":200,"c64de0c0":175,"227006e4":189,"e9a8cf11":188,"9f5e6cba":195,"31d74eee":183,"77bae750":182,"c6c85783":195,"36380d96":191,"470d50c2":199,"168e75d9":187,"9b172ca8":166,"40e79dd3":190,"ded7da5a":198,"971675c5":197,"25e0dd3d":185,"daab45c6":174,"5a622a23":191,"fb8bfb36":206,"6bc5d32a":204,"ca7d47f7":191,"30c5d755":196,"9bdf362a":192,"aa021138":207,"25776fc4":193,"3fdb08f5":188,"ffc86f94":173,"3c0df8b4":204,"0a1d11e6":173,"7896b953":195,"f3a0c2ee":183,"d5dae4c4":205,"fafb4cc2":235,"00a481e3":197,"5eab91a0":195,"6c20c153":189,"e382ec3f":178,"ea4d3f3e":194,"c0b23081":213,"1757a30e":176,"51a3e9c2":182,"9fce073c":185,"d83294cd":178,"ad303bda":180,"50d129cf":189,"3454fa2b":168,"6d5fcd4c":184,"9ceb5439":170,"d957f027":191,"12012fbd":177,"b947257e":196,"272c7672":195,"39a2fcce":174,"6de0aaac":178,"22234d6b":190,"eeaa2d46":203,"d744bee2":179,"0d2a1c58":182,"88432019":175,"6a3eaf43":199,"1d153b20":193,"8657c79d":181,"836701f6":190,"014bdff0":192,"6085137f":185,"09ff339a":164,"c318d350":201,"06ddafc7":169,"88a30343":196,"3712c4bd":170,"17b08923":186,"a8871ddf":175,"49910300":172,"489a39f7":187,"f044c0e1":185,"59c1e594":175,"ac62fac2":205,"1ff8c2fc":196,"804d4dfa":178,"8493f3b2":184,"12271e14":192,"5a0ead91":168,"35b58ef9":173,"24d24fa3":177,"8d000d6e":173,"d0e9a58e":193,"9c58dd76":183,"8245f916":176,"49bf2e95":175,"5ccf94d6":194,"e62d705f":183,"30d84dce":163,"94a2fe10":197,"7cd0ad7b":192,"902f49f5":185,"a4f1d83b":178,"869cbaa0":202,"77bfed7e":184,"e4cfef0a":181,"30b6808c":176,"0f89862c":169,"bd62d7ed":173,"fef750ca":195,"6c524f99":198,"5f4102da":195,"e5b1abc6":187,"a567ace4":186,"227006e4":190,"c852d240":185,"a6003226":188,"162a7348":178,"031e488e":200,"71a2a493":158,"32133249":189,"842c8340":184,"c81b2bcf":173,"b8ab8e6e":182,"80a8a56d":188,"5e193fc8":191,"e7abc88d":171,"6b78ad7f":187,"a3253019":183,"f2086446":176,"21ad2f34":196,"3498f223":184,"fb8bfb36":207,"ded7da5a":199,"6490bac6":178,"df81ddee":175,"92136ff5":188,"bc09fa9e":191,"859545e6":179,"9e65c0ef":187,"75ffea08":189,"14c682eb":177,"57167c74":176,"92f800f5":198,"caddd0a7":196,"ae016053":216,"69eeae0d":170,"aa76bc50":156,"b2cfdbcf":178,"d8e58a8c":202,"1d44aff3":198,"db8ba455":192,"b3f19a69":175,"a502c93c":180,"d1d40c9c":199,"4652b09a":196,"d39724bc":185,"9cb4697f":193,"93b0a158":201,"23760167":187,"b88033fd":197,"bf822e33":186,"0f1ac912":169,"4469c815":161,"d1715f3b":205,"2cb29e5a":197,"30dd2edc":190,"eafbf9fb":191,"bb99c79c":181,"a63bddd4":228,"1f342a00":183,"d744bee2":180,"eb7b4e29":180,"98915a1f":175,"50c3164b":208,"39ba00f0":190,"cbb54a0a":176,"e45b4b53":176,"b1f58563":184,"42191b64":161,"8dc9b4db":195,"3c43e8a2":199,"25635c37":164,"6085137f":186,"bab97de3":194,"45fb95c1":190,"28d41578":195,"1138796e":195,"3310a049":191,"cf50e84e":177,"1438fad7":191,"cf52025e":186,"6ebe2354":163,"f1098793":198,"1b153aef":193,"6f0fcb9d":193,"12271e14":193,"8245f916":177,"4febf7c5":183,"d82592f4":201,"d0b297b2":177,"a0b03218":192,"34658473":183,"e0e6a097":187,"d0c0fc08":168,"906632cb":201,"31408822":176,"7cd0ad7b":193,"f4634d0b":186,"d70ca4f4":211,"6f39f4d9":200,"0785820e":187,"ffa08d82":190,"7e95c5a0":191,"4d9b0b10":194,"6034b6d0":199,"e4cfef0a":182,"6c524f99":199,"0e2b5d2f":191,"9a07d89b":166,"70ee0491":167,"b102f7bd":193,"fef750ca":196,"6a7392d5":173,"a8726d50":173,"f1b493de":210,"ed4fad08":195,"71279c46":186,"32133249":190,"b7cc7909":201,"f94bf9ea":176,"c4bff41f":203,"aa9ea5e8":169,"145c7559":172,"6fb4cdda":204,"efe84c27":191,"0dad37d5":196,"f76a3e83":192,"704bce0d":181,"913a6226":193,"1e232870":193,"ded7da5a":200,"44ff8baa":187,"77898c22":161,"4e5aaaec":174,"7b6a7048":184,"2ad42a9e":209,"7be025ce":185,"25776fc4":194,"5f620a1e":188,"75ffea08":190,"e3547548":179,"0b959527":174,"ea6de194":195,"a901627e":183,"61145ec9":202,"8db5a165":177,"906fdec3":171,"345c9967":184,"4abb7aed":185,"83b2f9c5":195,"ee75b607":180,"20811ddf":195,"91b28f83":198,"677c6a09":205,"7735c3c2":189,"88ce179e":195,"6841f77e":199,"842c8340":185,"37fbb107":193,"a1921150":198,"1a0189c4":180,"b8ab8e6e":183,"d1fe2868":203,"1b881e6e":196,"12dd6f5e":171,"4469c815":162,"09560615":175,"3661e12d":189,"d1715f3b":206,"22ecaed0":188,"416a9e97":180,"272c7672":196,"2f455cce":184,"c0e2624b":182,"d744bee2":181,"aaa274a5":185,"6751d8e4":201,"50c3164b":209,"6ce84ff8":170,"6085137f":187,"437fc3ec":201,"95d3d348":174,"8274885a":183,"5410e9c6":195,"c7ab83c1":168,"de36827b":213,"8aa78e2f":171,"59431390":181,"411b5027":172,"1be05c14":196,"1db42092":194,"cf84fb54":193,"12a2cd4b":180,"9c58dd76":184,"5acaa06f":161,"458dcc3d":205,"b7407bd3":182,"eed20185":204,"c4aa1e38":167,"0d5ee801":178,"ddec9e54":184,"e57d5cda":181,"7e95c5a0":192,"c38c2b52":187,"43d87483":189,"597c1f81":188,"abd32136":198,"d2466211":200,"2a4a402a":183,"30c184b8":182,"20958d58":182,"afe8e06a":165,"ba5c52af":180,"b102f7bd":194,"f67de058":191,"20e470e0":183,"19e9776f":183,"a68a93b2":189,"4360a1a3":201,"cf1124db":181,"68562193":190,"0ecfa1c9":177,"13747b82":193,"aec4e1bf":196,"2ab62345":175,"4911acad":160,"e9a8cf11":189,"6ebe2354":164,"1bd5b20b":205,"17807120":177,"8245f916":178,"a636f4c9":202,"7a6aa4b6":188,"0cb80f4a":191,"06ee61b6":173,"bd984a8e":179,"e7abc88d":172,"704bce0d":182,"ebdbf580":197,"972f4174":193,"79e4fa1c":190,"feb67030":175,"288d171f":194,"ab7467de":207,"bfad1727":176,"805534ac":191,"27d8bf51":185,"44ff8baa":188,"c015ec5a":189,"b2cfdbcf":179,"1d44aff3":199,"08a561b7":183,"3f75d3bc":210,"a5fd8ffd":190,"d5dae4c4":206,"00a481e3":198,"1c0a9eff":177,"b0869206":194,"935ec056":178,"91b28f83":199,"677c6a09":206,"fbdffc95":180,"805af3c7":185,"df2b4d87":180,"dac109cf":181,"4c39240e":202,"ffc86f94":174,"23760167":188,"254cc28c":194,"815e4582":199,"5957df9e":179,"842c8340":186,"bad1a1cc":187,"4ed01268":178,"e9adbe58":185,"315537b2":198,"a63bddd4":229,"172217e5":199,"f2f58418":175,"b946e146":202,"945b63f0":210,"1f7607df":174,"7db3edda":184,"272c7672":197,"2f455cce":185,"fd07e0ed":193,"fb7482fe":188,"2180f99b":182,"014bdff0":193,"95d3d348":175,"8e4c33d2":176,"695a2b92":177,"6b79fec2":177,"312f7676":205,"c0b7e7d7":172,"28d41578":196,"6291e9e9":196,"4945c851":199,"05642105":194,"411b5027":173,"8b2b601d":197,"e0f7679f":171,"d83870f5":182,"4b125e7b":177,"7fb4c521":191,"8fb236a9":179,"621d6b18":194,"385ab7c6":194,"053f3451":186,"af7e5be8":191,"ad303bda":181,"8007f30e":167,"1745a0f4":190,"ba5c52af":181,"8063df14":198,"a0685bf3":211,"19551bad":176,"6a7392d5":174,"110b1ee3":189,"dbd2f139":191,"a4f1d83b":179,"32133249":191,"bfcb912a":186,"72805bf5":184,"74e3d13e":190,"deb31f35":194,"227006e4":191,"b230e8d3":192,"58d46189":200,"56d315d8":166,"0c043224":201,"751bcf25":180,"f1098793":199,"9fc713b0":199,"f9c15fcc":183,"481754fc":167,"02d4753e":204,"87922532":218,"00554ffd":195,"48655f09":231,"4ea4a2a1":204,"a543ec74":170,"4b4ef7fa":178,"cd95f558":188,"0ac825ed":193,"d0b297b2":178,"a836aa93":190,"145c7559":173,"f598a332":178,"0dad37d5":197,"e0154608":199,"53747a91":181,"c4feee5b":187,"ab7467de":208,"06ee61b6":174,"ccb5ea3e":166,"201cafad":186,"8ea21393":167,"08a561b7":184,"7ae34c64":183,"3a291497":169,"aa76bc50":157,"345c9967":185,"f905a555":173,"b2cfdbcf":180,"df81ddee":176,"4295ce9a":188,"e1571af7":185,"cc6bbe45":183,"0b959527":175,"2af60749":197,"04ea5673":185,"e99318a3":191,"84369269":167,"a1921150":199,"50d129cf":190,"bf822e33":187,"6e98dfda":196,"bad1a1cc":188,"f2f58418":176,"af157d29":183,"945b63f0":211,"315537b2":199,"9de29816":166,"623c6a31":206,"eeaa2d46":204,"508aac3d":196,"72d7b461":203,"284544ba":182,"7e991ab9":154,"88fa53d6":170,"1623fc9f":188,"6ce84ff8":171,"016953e4":203,"0b3283c9":191,"93ac9ca3":192,"82868763":186,"09f0db62":210,"c564e316":199,"4b3e3b1c":194,"06ddafc7":170,"411b5027":174,"59431390":182,"32c9fc47":188,"b84a06eb":186,"e4117b3b":171,"5acce642":200,"b3f19a69":176,"bec9d329":203,"3b2dee89":179,"4b125e7b":178,"1757a30e":177,"91536e85":198,"6034b6d0":200,"95539a58":182,"2ce1af05":167,"cf9f4757":186,"2b698053":184,"ad303bda":182,"8b5a8e9f":195,"78467b8a":191,"fd07e0ed":194,"ef1c2dcb":195,"730338c4":200,"725dce8b":197,"03b4ab60":174,"0ecfa1c9":178,"0681c48e":200,"51f80f4c":213,"8cddb65e":187,"dc473de1":169,"cf1124db":182,"9316e7e8":154,"6e24d88b":178,"11888cfa":173,"23080895":175,"946df4fd":214,"2e99f8fd":186,"792cfcbd":190,"4ea4a2a1":205,"bc392d1c":166,"3a1b9af5":184,"aefe13f5":198,"82b81567":166,"03c398d2":197,"4ba6eb36":178,"aa00769b":202,"7a6aa4b6":189,"45b038bb":219,"40a745c0":192,"0af920d8":174,"4360a1a3":202,"30fdcd3b":192,"2e3503e4":199,"bd984a8e":180,"1247fa52":189,"b215547b":172,"e1618359":193,"4e3f5178":204,"ecfa8249":202,"e35a63cd":189,"13b53c7a":194,"0f89862c":170,"4c0e547b":200,"bd62d7ed":174,"5ef93e5d":165,"d5dae4c4":207,"781ace7d":189,"3a291497":170,"74c26380":211,"fafb4cc2":236,"f3a0c2ee":184,"d34a29b9":202,"4eed1bea":194,"8f9b74b0":178,"7b6a7048":185,"bc09fa9e":192,"feb67030":176,"6490bac6":179,"4ed01268":179,"48efc739":205,"9ceb5439":171,"d1fe2868":204,"254cc28c":195,"650bb0e0":182,"c98d5272":182,"7d6895f4":198,"ef8321d8":193,"f87c5031":191,"ccdd1ce6":193,"49902219":210,"623c6a31":207,"bc021def":184,"014460b9":211,"04ea5673":186,"0a2f71bc":176,"263762cb":174,"e45b4b53":177,"5410e9c6":196,"f1dffa24":168,"6ce84ff8":172,"27f52ed3":209,"a77e127d":165,"b7505747":197,"e3547548":180,"ea6de194":196,"fce3c5c6":175,"7f6d1d0e":201,"d4d5f466":179,"d83870f5":183,"91b28f83":200,"7735c3c2":190,"aa187e3b":187,"e4c312fe":192,"4d9b0b10":195,"6034b6d0":201,"9c29f0ed":204,"a85d89cc":188,"ba938220":183,"cc5a1d47":178,"faf4f98b":194,"5a07fc2e":166,"aaa274a5":186,"50c3164b":210,"fd369c21":197,"4bcd4a30":192,"de6213c7":182,"dd7acb96":189,"51f80f4c":214,"17446892":189,"c9efc8f6":185,"72805bf5":185,"e81834aa":213,"8298e976":200,"45fb95c1":191,"d36125db":194,"59431390":183,"05642105":195,"045f280d":195,"99d130c9":186,"9fc713b0":200,"288afc30":196,"06073f13":197,"a0bc1ceb":180,"04612878":211,"358e45b1":185,"8493f3b2":185,"cf52025e":187,"cbad3b92":216,"6f0fcb9d":194,"2198ba8e":178,"d0c0fc08":169,"de11eb19":204,"94a2fe10":198,"059d6c19":197,"655941a0":204,"110b1ee3":190,"b7434f57":151,"1e7753d9":197,"30d84dce":164,"1247fa52":190,"79f04300":196,"82204d54":179,"6c486702":193,"a567ace4":187,"be3a10f8":218,"30c184b8":183,"bd62d7ed":175,"cfafcda8":180,"00a481e3":199,"43bc86e3":184,"95904ac4":208,"1d44aff3":200,"65e4235b":191,"aa76bc50":158,"34c5c729":186,"d548635d":193,"4e3f5178":205,"72b84094":216,"7f86be64":182,"93e8cee5":214,"1e232870":194,"3007f31f":175,"40e79dd3":191,"2ad42a9e":210,"3c18f28e":182,"64db4feb":204,"5774ac0d":201,"84369269":168,"6adce358":206,"48efc739":206,"5957df9e":180,"794f652b":197,"99e171db":182,"faf3ed07":179,"15620dca":206,"08c6b5d2":191,"fd6dcb20":191,"88432019":176,"ef8321d8":194,"2cb29e5a":198,"4d35385e":177,"21ad2f34":197,"4295ce9a":189,"27f52ed3":210,"82868763":187,"f1dffa24":169,"1951480c":172,"e45b4b53":178,"d141db49":184,"7043382d":189,"2154b6e8":180,"3bad3c95":167,"259930ee":193,"dac109cf":182,"c1bdfd41":184,"74c26380":212,"ee75b607":181,"bb00e71c":175,"91b28f83":201,"9cb4697f":194,"6c20c153":190,"a502c93c":181,"fea793f5":192,"87083264":204,"2b698053":185,"e28c2efc":176,"cb142908":178,"0785820e":188,"4930f321":178,"619fda68":218,"1f7607df":175,"2c01e624":193,"2180f99b":183,"f069bb07":186,"ea822700":185,"3c6692a3":207,"508aac3d":197,"312f7676":206,"d1676e89":185,"ce4da56f":184,"8d753bb6":188,"5678ed7b":205,"8b2b601d":198,"6c73ae98":164,"b84a06eb":187,"17b08923":187,"b8397293":178,"bad6cdb1":157,"608bc832":158,"a636f4c9":203,"1bd5b20b":206,"468fc85c":196,"5ee911b5":177,"01cd8099":204,"804d4dfa":179,"cd95f558":189,"2198ba8e":179,"34658473":184,"82b81567":167,"481754fc":168,"3b690f68":208,"6e24d88b":179
1604737660864,"be149c6f":174,"71279c46":187,"c64de0c0":176,"bfcb912a":187,"725dce8b":198,"5e09f69e":210,"68562193":191,"cb6c9e42":209,"815e4582":200,"0670c466":178,"c81b2bcf":174,"faf3ed07":180,"ce3407dd":178,"b88033fd":198,"f87c5031":192,"eafbf9fb":192,"25a7a0a3":172,"22ecaed0":189,"21ee2afe":204,"bb99c79c":182,"9c045c61":191,"b7832271":204,"70bc8325":184,"d1ca5d6b":195,"d0d6acb1":191,"9147702f":174,"7028b044":182,"c793cdda":189,"aa9ea5e8":170,"c4bff41f":204,"1ed46298":202,"2ab62345":176,"64db4feb":205,"3c18f28e":183,"deb31f35":195,"263762cb":175,"f5cd79c1":197,"a40846b7":185,"695a2b92":178,"842c8340":187,"794f652b":198,"c6c85783":196,"aff8e442":191,"c81b2bcf":175,"77f31bab":200,"5d087c79":195,"19551bad":177,"7af262e5":214,"2bcca6a7":207,"be3a10f8":219,"1745a0f4":191,"78467b8a":192,"9a07d89b":167,"cf1b8c47":197,"88432019":177,"d744bee2":182,"bb98a6cf":210,"902f49f5":186,"6f81493d":172,"f883d582":168,"61f25dd4":214,"80a8a56d":189,"6b78ad7f":188,"d25e0f8d":217,"945b63f0":212,"ef1c2dcb":196,"77d35808":171,"437fc3ec":202,"b769bdfb":182,"e8f173b5":193,"28d41578":197,"69f3bfcc":183,"a4dafea5":183,"1f88a4b7":207,"de36827b":214,"11888cfa":174,"1b153aef":194,"56752a4a":175,"b6aaf976":185,"7a6aa4b6":190,"5acaa06f":162,"e8d74304":177,"45b038bb":220,"aefe13f5":199,"fe0df575":208,"1c3a30c5":194,"e0e6a097":188,"17807120":178,"26c6fa34":177,"288afc30":197,"175bc6b2":171,"de6213c7":183,"b5763ff6":179,"bc021def":185,"72d7b461":204,"09560615":176,"8cc4a982":201,"b947257e":197,"92efd84f":186,"416a9e97":181,"810aa5e9":195,"61145ec9":203,"52eca0dc":192,"65e4235b":192,"f3a0c2ee":185,"d9a64845":188,"6775d5cd":186,"730a4938":176,"d1d40c9c":200,"93b0a158":202,"d83870f5":184,"ba586505":203,"4b125e7b":179,"abd32136":199,"aec4e1bf":197,"4911acad":161,"32133249":192,"b35bb8a1":177,"12534561":191,"181c3dd5":190,"6632fed0":192,"feb67030":177,"9267f0ef":192,"e1618359":194,"07107f6e":192,"18d20aa1":191,"f76a3e83":193,"1a68160d":193,"261c9911":200,"f2086446":177,"c45d554f":199,"547903ef":194,"5f620a1e":189,"14c682eb":178,"ba30e43a":202,"e32524d6":182,"f8b31ce5":209,"9bdf362a":193,"638cb163":206,"48efc739":207,"f2364460":184,"0670c466":179,"842c8340":188,"faf3ed07":181,"5957df9e":181,"c6c85783":197,"0bfabf48":179,"053f3451":187,"7218c9f1":178,"ba938220":184,"af7e5be8":192,"2b698053":186,"1bc0591f":182,"05f6ab35":198,"0042f6eb":182,"b87158fb":184,"733c86f8":197,"dfcc2ad1":209,"50b558a7":172,"d1715f3b":207,"2dda3936":179,"945b63f0":213,"e9adbe58":186,"7080f122":182,"a63bddd4":230,"af157d29":184,"77d35808":172,"42191b64":162,"5781776a":193,"39bbc4bc":192,"8cf83787":168,"836701f6":191,"3310a049":192,"b769bdfb":183,"cf84fb54":194,"95f6db13":187,"a58bf525":188,"1138796e":196,"8b2b601d":199,"32c9fc47":189,"8323d333":166,"3e602573":189,"358e45b1":186,"74e01f6a":188,"26c390d6":196,"aec074c4":193,"5747db6e":204,"70c1e715":194,"2f455cce":186,"cf1124db":183,"f4634d0b":187,"31408822":177,"19e9776f":184,"0841052c":209,"d634aa28":191,"94a2fe10":199,"704bce0d":183,"06ee61b6":175,"f121b82c":197,"0da28f5b":204,"c45d554f":200,"9f2b16a7":196,"07107f6e":193,"6fb4cdda":205,"9a80f004":193,"b5763ff6":180,"c793cdda":190,"5f96c2bc":184,"d8e58a8c":203,"71ba7561":162,"61145ec9":204,"c91966ce":187,"56473430":200,"a0cf08b3":146,"d815c5b4":218,"b3f19a69":177,"124fbe96":179,"e382ec3f":179,"6841f77e":200,"1757a30e":178,"e356abf1":197,"08a4c3f8":193,"6be9332a":169,"a533489b":210,"c6e3d352":197,"4b4ef7fa":179,"e0e6a097":189,"5a0ead91":169,"2d382981":180,"31f6d707":204,"a0b03218":193,"a2c334e7":212,"c4bff41f":205,"c9efc8f6":186,"42c80e69":202,"5f6613c8":173,"60d6cee2":186,"4dac6b20":162,"5be594be":189,"27d8bf51":186,"547903ef":195,"77898c22":162,"8f13c203":176,"0a2f71bc":177,"ba30e43a":203,"2af60749":198,"30c5d755":197,"92f800f5":199,"ce3bf5db":185,"47cfba38":175,"90d52475":193,"e15fd611":176,"87083264":205,"0d7d88f1":187,"a06a6430":198,"af7e5be8":193,"9fce073c":186,"7218c9f1":179,"619fda68":219,"c510bfd3":198,"d78dd457":181,"c463799d":188,"733c86f8":198,"ec11fe5f":167,"19551bad":178,"f67de058":192,"6adce358":207,"37fbb107":194,"4ed01268":180,"cf775f58":196,"1b881e6e":197,"172217e5":200,"4469c815":163,"2cb29e5a":199,"865d9857":178,"4d35385e":178,"25a7a0a3":173,"e7773397":177,"b1f58563":185,"8e4c33d2":177,"3e082b37":176,"578f6e9e":205,"ea9bba6b":185,"42191b64":163,"90731976":179,"e8f173b5":194,"b84a06eb":188,"95bc84f1":171,"a3d4a0e5":199,"6db0ea86":175,"b552beb3":200,"23080895":176,"b6aaf976":186,"74e01f6a":189,"d0b297b2":179,"99d130c9":187,"3661e12d":190,"1e191c98":171,"66b7b5b4":188,"a4f1d83b":180,"5cd3cfe0":175,"9d4da635":174,"61f25dd4":215,"b6591e25":190,"06ee61b6":176,"f598a332":179,"f33c0140":193,"f069bb07":187,"8657c79d":182,"284544ba":183,"383e232d":188,"4bcd4a30":193,"2f455cce":187,"2a06ab95":206,"43bc86e3":185,"e865e4dd":175,"71ba7561":163,"74c26380":213,"dc03ebd2":199,"8db5a165":178,"61145ec9":205,"ee75b607":182,"4258c176":176,"ee21ad02":213,"e382ec3f":180,"6c20c153":191,"bec9d329":204,"b0869206":195,"b35e9e1a":228,"73b15e04":183,"db0a661e":184,"ad8f85d6":203,"0cb80f4a":192,"0f72f2d8":193,"f1862e79":161,"d33790a2":216,"2e99f8fd":187,"be149c6f":175,"42c80e69":203,"7af9d3b1":183,"5eaa1581":183,"c64de0c0":177,"dcf85091":171,"93e8cee5":215,"77300e4a":163,"e2a7d915":164,"77898c22":163,"d548635d":194,"913a6226":194,"704bce0d":184,"d25e0f8d":218,"fb8bfb36":208,"40e79dd3":192,"57167c74":177,"e786063b":196,"014460b9":212,"5ab7bc35":191,"62d1d346":169,"df2b4d87":181,"37a7d5b0":182,"227006e4":192,"9f5e6cba":196,"07f98660":204,"e57d5cda":182,"d7cb9bcf":178,"c8113b77":172,"869cbaa0":203,"0d7d88f1":188,"93b9fae6":182,"fef750ca":197,"a0685bf3":212,"4c0e547b":201,"9a07d89b":168,"f5e8dfee":201,"fe8f3d36":179,"fead11cf":185,"527ff946":194,"84369269":169,"36684155":190,"5d087c79":196,"47d27624":178,"77f31bab":201,"c81b2bcf":176,"263762cb":176,"ea9bba6b":186,"c564e316":200,"e7773397":178,"5099c6a0":207,"82868763":188,"c7ab83c1":169,"fb44fa9c":199,"b2703001":197,"69f3bfcc":184,"4b3e3b1c":195,"17b08923":188,"a24e6670":192,"de36827b":215,"9e206c95":208,"08c6b5d2":192,"51f57142":192,"a77e8461":192,"0277d748":196,"22ecaed0":190,"22176537":191,"5ccf94d6":195,"4279e829":206,"751bcf25":181,"93683c82":183,"8db62558":191,"74f234c6":217,"b6591e25":191,"f069bb07":188,"70bc8325":185,"ea822700":186,"b947257e":198,"92efd84f":187,"0bd93cfd":151,"50c3164b":211,"65e4235b":193,"71e53c93":186,"61145ec9":206,"74c26380":214,"3a291497":171,"8db5a165":179,"a5fd8ffd":191,"5acce642":201,"b3f19a69":178,"54d7de6b":211,"f56ac638":168,"17807120":179,"7a2f3f06":181,"aa00769b":203,"946df4fd":215,"9263c525":193,"3a1b9af5":185,"23080895":177,"6f0fcb9d":195,"baebb391":198,"5f8517b7":213,"804d4dfa":180,"a533489b":211,"eed20185":205,"b2a8761b":170,"17446892":190,"4b4ecbce":172,"06ee61b6":177,"fe578280":178,"90a06ee9":199,"51c57542":193,"77300e4a":164,"c455f40e":177,"53431634":208,"696fdac5":199,"ecfa8249":203,"21ad2f34":198,"53747a91":182,"7b6a7048":186,"14c682eb":179,"c45d554f":201,"4577b333":196,"ea6de194":197,"75ffea08":191,"65a00a3c":183,"3fdb08f5":189,"e32524d6":183,"bb8a6337":177,"540df50f":193,"0ecfa1c9":179,"13747b82":194,"24a9fb86":195,"af034fee":201,"d39724bc":186,"9d4f1fe6":180,"6775d5cd":187,"7566fdd6":195,"056ea7ff":205,"cc5a1d47":179,"67c57de4":200,"53b4e647":188,"d83294cd":179,"629800eb":202,"a8c93bed":189,"6c524f99":200,"11b2c8d9":184,"7af262e5":215,"c6c85783":198,"cf775f58":197,"97e75c19":196,"5781776a":194,"dc583e64":197,"2c5c1dc0":182,"8dd649a3":185,"26f99a1e":172,"3e082b37":177,"317c1591":206,"6a60348e":180,"32c9fc47":190,"a8871ddf":176,"0f1ac912":170,"04643409":195,"91d52a55":188,"93fdbb44":177,"0277d748":197,"140ce69e":176,"53a8613c":201,"0e036ae9":201,"51f57142":193,"f1b493de":211,"b7434f57":152,"1a2ec5d7":205,"906632cb":202,"3f9b5722":174,"4ee62a26":177,"8942c35b":186,"a63bddd4":231,"172217e5":201,"730338c4":201,"aec074c4":194,"884b0ad1":180,"778c95e9":180,"e58b26f6":202,"19551bad":179,"a66a2d8a":203,"50b558a7":173,"d8e58a8c":204,"0a1d11e6":174,"dc03ebd2":200,"43bc86e3":186,"4abb7aed":186,"4bc46d7a":184,"65e4235b":194,"911e770b":189,"d552eb2f":194,"8d753bb6":189,"bbe71605":171,"d36125db":195,"0114160e":179,"a43061ee":181,"a0bc1ceb":181,"554ebb83":201,"f1098793":200,"4ea4a2a1":206,"ac62fac2":206,"8245f916":179,"87922532":219,"82b81567":168,"13f0e139":174,"f1862e79":162,"73b15e04":184,"6585adbe":168,"332820ce":193,"972f4174":194,"1a2c020b":195,"be2955bb":185,"0dad37d5":198,"a836aa93":191,"8f9b74b0":179,"e9679ede":183,"2b3c49b9":185,"6b9eff39":185,"e0154608":200,"9d0546ac":174,"ccb5ea3e":167,"6bc5d32a":205,"44ff8baa":189,"0b959527":176,"d9d7c4c2":186,"ea6de194":198,"a33fe0dd":192,"fbdffc95":181,"92f800f5":200,"c015ec5a":190,"a2c334e7":213,"deb31f35":196,"6867261a":191,"9f5e6cba":197,"32133249":193,"b230e8d3":193,"227006e4":193,"11b74e63":196,"dffa7793":156,"aa187e3b":188,"2882a956":178,"ad2d7bed":197,"6b82b527":191,"124fbe96":180,"87cd2add":170,"619fda68":220,"621d6b18":195,"385ab7c6":195,"a06a6430":199,"abd32136":200,"faf4f98b":195,"831c7b85":187,"263762cb":177,"c564e316":201,"8e4c33d2":178,"d1676e89":186,"f6fe095d":199,"eda6a690":187,"82868763":189,"a1921150":200,"f2364460":185,"37fbb107":195,"1a0189c4":181,"66d94227":181,"2b3e4717":190,"36b7003c":213,"906632cb":203,"dae0f922":193,"db703021":188,"61f25dd4":216,"5ccf94d6":196,"20e470e0":184,"0d5ee801":179,"ac38a6a5":198,"d3e84616":188,"21ee2afe":205,"22ecaed0":191,"6d339d45":167,"217c0327":168,"bb99c79c":183,"af0b61ab":190,"5f4102da":196,"bd62d7ed":176,"dfcc2ad1":210,"7af262e5":216,"733c86f8":199,"19551bad":180,"61145ec9":207,"83b2f9c5":196,"5ef93e5d":166,"a15713c6":209,"ec110282":220,"8db5a165":180,"6e44927f":188,"2c627253":194,"5747db6e":205,"39ba00f0":191,"7028b044":183,"c0e2624b":183,"c793cdda":191,"6db0ea86":176,"e8f173b5":195,"fb44fa9c":200,"a6bcb07e":185,"f044c0e1":186,"05642105":196,"0d2c95fe":186,"01cd8099":205,"92d38723":200,"481754fc":169,"d0b297b2":180,"baebb391":199,"7a6aa4b6":191,"12a2cd4b":181,"8245f916":180,"a0b03218":194,"4f5e3e7d":174,"e6fac295":186,"761cf820":197,"eed20185":206,"379184a7":211,"bd984a8e":181,"4c4aa2e2":183,"c382f054":204,"f76a3e83":194,"c4feee5b":188,"201cafad":187,"dcf85091":172,"c650b434":189,"79f04300":197,"92136ff5":189,"e2cbe594":194,"77898c22":164,"2ad42a9e":211,"e1571af7":186,"f4343817":187,"ea6de194":199,"57167c74":178,"805af3c7":186,"a577db1c":184,"3bad3c95":168,"4fd645f1":186,"71279c46":188,"8bc04eb5":191,"04cc7cbe":180,"16b476e9":187,"93b0a158":203,"677c6a09":207,"6b82b527":192,"bec9d329":205,"af7e5be8":194,"621d6b18":196,"cc5a1d47":180,"a85d89cc":189,"d4ee22a4":197,"ac030e74":179,"ba938220":185,"a47abfbb":173,"deb31f35":197,"5ac86fb9":193,"bfcb912a":188,"68562193":192,"181c3dd5":191,"8dc9b4db":196,"c564e316":202,"5b60dd1d":188,"437fc3ec":203,"a58bf525":189,"3a204e56":186,"f2470875":196,"5f7d7195":189,"bda8cdfb":196,"815e4582":201,"906632cb":204,"d033db8d":205,"4ee62a26":178,"f4b2f575":180,"8a52882e":193,"93fdbb44":178,"1d790491":191,"22176537":192,"8dd2684c":192,"b946e146":203,"eeaa2d46":205,"6d339d45":168,"9c045c61":192,"0277d748":198,"1745a0f4":192,"fee32863":190,"fead11cf":186,"cfafcda8":181,"9a3ab0b8":184,"c6dc900c":163,"50b558a7":174,"d8e58a8c":205,"a5fd8ffd":192,"95904ac4":209,"b28a5e67":220,"a472532e":176,"ef1c2dcb":197,"f4726450":177,"50c3164b":212,"84b67924":187,"272c7672":198,"0fc5ac7e":212,"383e232d":189,"2d1e1e9d":198,"4945c851":200,"b36a0d66":175,"0d2c95fe":187,"a3d4a0e5":200,"489a39f7":188,"d6db2b02":198,"03c398d2":198,"d8475b95":164,"ad8f85d6":204,"f9c15fcc":184,"a543ec74":171,"7ae3fc50":172,"34658473":185,"b460f030":212,"358e45b1":187,"946df4fd":216,"cac4449a":180,"792c9b6a":176,"b4fdf90e":202,"08a4c3f8":194,"0c043224":202,"66b7b5b4":189,"30d84dce":165,"467773ac":180,"69d4b754":185,"470d50c2":200,"b215547b":173,"4eed1bea":195,"9267f0ef":193,"efd23af5":175,"cb51f134":199,"259930ee":194,"c455f40e":178,"dcf85091":173,"a0cca8b7":178,"1623fc9f":189,"655954ba":181,"21e10a2b":186,"c015ec5a":191,"7bebff03":187,"e5d3655c":212,"caddd0a7":197,"df81ddee":177,"4577b333":197,"aa867541":182,"db8ba455":193,"ee21ad02":214,"290b4714":189,"2882a956":179,"ea4d3f3e":195,"e0e48a2d":185,"6b82b527":193,"7fef9973":183,"77bfed7e":185,"e28c2efc":177,"056ea7ff":206,"53b4e647":189,"cc5a1d47":181,"ad303bda":183,"faf4f98b":196,"3c18f28e":184,"68562193":193,"bc3dc66a":191,"b35bb8a1":178,"ed4fad08":196,"3e082b37":178,"9a3cc55d":181,"578f6e9e":206,"61d4782d":186,"af034fee":202,"4def63ee":170,"449d8475":171,"e15fd611":177,"a939b50b":185,"d957f027":192,"aff8e442":192,"37fbb107":196,"48efc739":208,"546f6845":183,"945b63f0":214,"7080f122":183,"88432019":178,"21ee2afe":206,"fd6dcb20":192,"82204d54":180,"478d2d4f":211,"afe8e06a":166,"78b97937":208,"2352c8ef":191,"55928ef1":185,"831c7b85":188,"08a561b7":185,"bb99c79c":184,"5270f158":178,"09f0db62":211,"004f1ef3":226,"fe1d4419":184,"0be540c5":196,"b2703001":198,"1438fad7":192,"a8871ddf":177,"59431390":184,"b36a0d66":176,"49910300":173,"48655f09":232,"812b4f15":174,"468fc85c":197,"ae8a09c4":199,"288afc30":198,"35b58ef9":174,"9260d96b":221,"2d382981":181,"1ff8c2fc":197,"99d130c9":188,"5ee911b5":178,"45b038bb":221,"e0e6a097":190,"408bb2ed":188,"3c6692a3":208,"2a06ab95":207,"9fa62fee":183,"fd07e0ed":195,"6a3eaf43":200,"50c3164b":213,"c793cdda":192,"cc11fef9":199,"026766f3":187,"30dbfc69":178,"381c68fa":190,"30d84dce":166,"c3e6ef01":186,"31408822":178,"06ee61b6":178,"ab7d4c9a":182,"b2c25d1c":187,"655954ba":182,"1a68160d":194,"6bc5d32a":206,"168e75d9":188,"201cafad":188,"d34a29b9":203,"0a96f57a":186,"b6ee137a":185,"9d0546ac":175,"5c82d1ce":184,"f9f2c53f":168,"f789f6d8":180,"d9a64845":189,"71e53c93":187,"52eca0dc":193,"61145ec9":208,"43bc86e3":187,"f0a06216":192,"dffa7793":157,"d815c5b4":219,"d39724bc":187,"d83870f5":185,"1757a30e":179,"8bc04eb5":192,"d83294cd":180,"7218c9f1":180,"d7cb9bcf":179,"af7e5be8":195,"87cd2add":171,"9fce073c":187,"621d6b18":197,"31f6ba51":179,"d6d61bfc":204,"3a1d1632":165,"6867261a":192,"7af9d3b1":184,"35aa7fd0":193,"5ac86fb9":194,"3fdb08f5":190,"2154b6e8":181,"859545e6":180,"c015ec5a":192,"28d40296":163,"cc6bbe45":184,"259930ee":195,"a9b1bd51":149,"5f7d7195":190,"d1fe2868":205,"5a0eb771":183,"794f652b":199,"c6c85783":199,"f4b2f575":181,"831c7b85":189,"e35a63cd":190,"19551bad":181,"70ee0491":168,"7bda83dd":183,"8b5a8e9f":196,"1105f790":218,"12dd6f5e":172,"30dd2edc":191,"ccdd1ce6":194,"7d6895f4":199,"1951480c":173,"77d35808":173,"ea9bba6b":187,"8dd649a3":186,"39bbc4bc":193,"c0b7e7d7":173,"b769bdfb":184,"11888cfa":175,"07fc4a9a":202,"6db0ea86":177,"6291e9e9":197,"a3d4a0e5":201,"e36dfd6f":195,"d6db2b02":199,"12a2cd4b":182,"d82592f4":202,"31f6d707":205,"dfc89705":187,"8323d333":167,"6ebe2354":165,"26c6fa34":178,"1bd5b20b":207,"f3d68430":201,"09560615":177,"affb82bf":207,"2d54e0a8":193,"f4726450":178,"5a07fc2e":167,"66497c7e":183,"a8726d50":174,"059d6c19":198,"40a745c0":193,"655941a0":205,"467773ac":181,"430a5db5":198,"69d4b754":186,"a0ce82b4":191,"b2c25d1c":188,"0fc5ac7e":213,"f069bb07":189,"92efd84f":188,"3c6692a3":209,"a901627e":184,"a0cf08b3":147,"f905a555":174,"5f96c2bc":185,"a5fd8ffd":193,"616d6dd6":186,"2c6cb96f":161,"6841f77e":201,"fea793f5":193,"d815c5b4":220,"1a442bc7":168
1604737661392,"b8397293":179,"8eb64769":196,"d0c0fc08":170,"04612878":212,"761cf820":198,"f9c15fcc":185,"3a204e56":187,"971675c5":198,"004f1ef3":227,"e238f09b":203,"93ac9ca3":193,"39bbc4bc":194,"f6fe095d":200,"f5829ac0":197,"411b5027":175,"ae99df30":170,"c0b23081":214,"677c6a09":208,"fb44fa9c":201,"1f88a4b7":208,"820225e4":168,"03c398d2":199,"0b5a0408":200,"8d000d6e":174,"8298e976":201,"0eaf08da":188,"5acaa06f":163,"b7407bd3":183,"c27969ec":181,"b2a8761b":171,"cac4449a":181,"ac62fac2":207,"7a6aa4b6":192,"b215547b":174,"2ad42a9e":212,"ebdbf580":198,"9a80f004":194,"18d20aa1":192,"9b742f71":177,"40e79dd3":193,"e7abc88d":173,"d25e0f8d":219,"4b4ecbce":173,"c015ec5a":193,"d9d7c4c2":187,"8ea21393":168,"ca7d47f7":192,"d6f0d94a":193,"5f620a1e":190,"25776fc4":195,"88fa53d6":171,"4cc141fa":159,"db0a661e":185,"3e602573":190,"fa55f27a":197,"d83294cd":181,"91536e85":199,"629800eb":203,"ae95f2ba":209,"7218c9f1":181,"d4ee22a4":198,"4d9b0b10":196,"1745a0f4":193,"c1bb74f2":186,"062179c1":183,"ec11fe5f":168,"831c7b85":190,"78b97937":209,"9d023afb":183,"74f234c6":218,"6e24d88b":180,"66497c7e":184,"f883d582":169,"58d46189":201,"c3e6ef01":187,"0c043224":203,"b769bdfb":185,"1da771fb":191,"83086d4c":192,"e7773397":179,"71ff66e8":197,"f6fe095d":201,"dc583e64":198,"8b2b601d":200,"e36dfd6f":196,"b552beb3":201,"a472532e":177,"a0cf08b3":148,"5ef93e5d":167,"7c0a2db6":184,"abc1d7ad":209,"012de09c":184,"537634c9":172,"5b5fc566":188,"87c462ee":195,"37d0cae2":178,"00cf385d":197,"e0e48a2d":186,"0d770b97":192,"5678ed7b":206,"820225e4":169,"0114160e":180,"49910300":174,"162a7348":179,"13747b82":195,"081460bf":189,"725dce8b":199,"c93c3508":167,"bfcb912a":189,"71279c46":189,"394dc144":179,"088feee2":191,"0f1ac912":171,"842c8340":189,"bad1a1cc":189,"8a52882e":194,"b8ab8e6e":184,"36fb15d2":207,"9260d96b":222,"804d4dfa":181,"3652bd66":185,"dfc89705":188,"2e99f8fd":188,"a5aee5de":219,"cfe72ead":181,"6be9332a":170,"554ebb83":202,"4ea4a2a1":207,"27c8e038":202,"ae8a09c4":200,"d34a29b9":204,"b2c25d1c":189,"efd23af5":176,"dcf85091":174,"f9f2c53f":169,"4e3f5178":206,"3b7763b1":170,"c85a0d80":186,"79e4fa1c":191,"d141db49":185,"e21c6207":188,"c21ab51e":172,"53431634":209,"30c5d755":198,"913a6226":195,"5ab7bc35":192,"9d0546ac":176,"37a7d5b0":183,"dac109cf":183,"92f800f5":201,"25776fc4":196,"d8475b95":165,"6841f77e":202,"1dad0f99":178,"a85d89cc":190,"0d28db94":177,"7a4c064c":195,"8ac72326":188,"4f59a322":191,"91536e85":200,"afe8e06a":167,"25a2844e":188,"c1bb74f2":187,"dc0c8b09":204,"b8488fc8":191,"a0685bf3":213,"a8c93bed":190,"9a467a82":192,"bb99c79c":185,"7080f122":184,"172217e5":202,"140ce69e":177,"1d153b20":194,"416a9e97":182,"8657c79d":183,"d552eb2f":195,"2f455cce":188,"4bcd4a30":194,"e58b26f6":203,"a6626a13":177,"aaa274a5":187,"58d46189":202,"94a2fe10":200,"30dbfc69":179,"d70ca4f4":212,"5cd3cfe0":176,"bb98a6cf":211,"93683c82":184,"263762cb":178,"d1676e89":187,"95d3d348":176,"8dd649a3":187,"60e855ee":203,"016953e4":204,"5099c6a0":208,"08a561b7":186,"a472532e":178,"42cd2360":158,"f3a0c2ee":186,"2dd0e808":182,"7c0a2db6":185,"537634c9":173,"ee75b607":183,"11b74e63":197,"b3f19a69":179,"b2703001":199,"e8f173b5":196,"820225e4":170,"be149c6f":176,"162a7348":180,"8d04852b":184,"f94bf9ea":177,"3c18f28e":185,"24a9fb86":196,"6632fed0":193,"9ceb5439":172,"e99318a3":192,"8298e976":202,"2cce4fb2":192,"54a676d6":182,"ce4da56f":185,"f9c15fcc":186,"6be9332a":171,"db0a661e":186,"b6aaf976":187,"b2bd8fd3":170,"3d1af513":199,"9b742f71":178,"8e99d5d0":221,"7f86be64":183,"53431634":210,"f121b82c":198,"145c7559":174,"a4296d1e":181,"92136ff5":190,"0a96f57a":187,"fb8bfb36":209,"debe1f65":184,"c7636527":170,"c1bdfd41":185,"c650b434":190,"261c9911":201,"aa021138":208,"c4e70c07":178,"805534ac":192,"a577db1c":185,"c0b0f492":200,"c015ec5a":194,"06073f13":198,"baebb391":200,"64a7f79f":196,"0cb80f4a":193,"17807120":180,"31f6d707":206,"cbad3b92":217,"4ea4a2a1":208,"124fbe96":181,"935ec056":179,"8bc04eb5":193,"d39724bc":188,"6f39f4d9":201,"95539a58":183,"d7cb9bcf":180,"87083264":206,"9aa6a054":193,"10ec5a0b":177,"7e95c5a0":193,"ec11fe5f":169,"fe8f3d36":180,"19551bad":182,"1105f790":219,"c510bfd3":199,"b87158fb":185,"dc0c8b09":205,"f2364460":186,"90d52475":194,"50d129cf":191,"5f7d7195":191,"789bd484":181,"22176537":193,"9a467a82":193,"bb99c79c":186,"f2ca27d9":198,"49902219":211,"51f57142":194,"865d9857":179,"9147702f":175,"af0b61ab":191,"f4726450":179,"39ba00f0":192,"eb7b4e29":181,"fb7482fe":189,"aec074c4":195,"8db62558":192,"4279e829":207,"4ee62a26":179,"5272520d":192,"20e470e0":185,"110b1ee3":191,"cd3bbe7e":186,"e45b4b53":179,"578f6e9e":207,"004f1ef3":228,"1da771fb":192,"971675c5":199,"d1676e89":188,"d599b566":202,"8a165e17":191,"ae016053":217,"dc03ebd2":201,"616d6dd6":187,"d5dae4c4":208,"da04caac":201,"3101354b":166,"b230e8d3":194,"725dce8b":200,"288a2c43":185,"40860a4b":167,"6df0b2e8":212,"f94bf9ea":178,"03b4ab60":175,"de36827b":216,"cf50e84e":178,"1138796e":197,"0d2c95fe":188,"013ee301":184,"32c9fc47":191,"2cce4fb2":193,"9b172ca8":167,"3498f223":185,"c4feee5b":189,"754f98c9":205,"696fdac5":200,"5be594be":190,"26dd2000":204,"c21ab51e":173,"ab7467de":209,"77898c22":165,"18d20aa1":193,"85de05f2":185,"805534ac":193,"e5d3655c":213,"0a96f57a":188,"24ffcbd3":205,"a33fe0dd":193,"88fa53d6":172,"805af3c7":187,"4def63ee":171,"ffc86f94":175,"064a99c8":196,"a636f4c9":204,"4f5e3e7d":175,"3e602573":191,"5a0ead91":170,"3652bd66":186,"946df4fd":217,"a0b03218":195,"db0a661e":187,"be1746a0":183,"cfe72ead":182,"50312237":192,"804d4dfa":182,"4ea4a2a1":209,"ee75b607":184,"aa187e3b":189,"d1d40c9c":201,"5b5fc566":189,"51a3e9c2":183,"04cc7cbe":181,"6775d5cd":188,"07f98660":205,"ad303bda":184,"9f74b8a4":174,"00a17b46":188,"53b4e647":190,"ba938220":186,"053f3451":188,"5f4102da":197,"f67de058":193,"8f10fa42":213,"a66a2d8a":204,"7bda83dd":184,"fead11cf":187,"a1921150":201,"527ff946":195,"36b7003c":214,"99e171db":183,"0f1ac912":172,"b88033fd":199,"0670c466":180,"1d153b20":195,"6143f39d":192,"9e206c95":209,"22ecaed0":192,"7d6895f4":200,"22176537":194,"6d339d45":169,"7028b044":184,"6e851762":182,"5747db6e":206,"284544ba":184,"0d2a1c58":183,"cbb54a0a":177,"8657c79d":184,"b6591e25":192,"110b1ee3":192,"1f11812e":205,"c2bb8aae":186,"d634aa28":192,"655941a0":206,"be40590d":191,"25635c37":165,"3e082b37":179,"3c43e8a2":200,"c318d350":202,"9a3ab0b8":185,"c91966ce":188,"a5fd8ffd":194,"71ba7561":164,"42cd2360":159,"e865e4dd":176,"74c26380":215,"dd035d2a":178,"26f99a1e":173,"71ff66e8":198,"77d35808":174,"be149c6f":177,"13747b82":196,"5ac86fb9":195,"40860a4b":168,"031e488e":201,"bb8a6337":178,"9b3f8714":196,"6a60348e":181,"4b3e3b1c":196,"cf50e84e":179,"8298e976":203,"159ffd0b":176,"9267f0ef":194,"f121b82c":199,"696fdac5":201,"f33c0140":194,"c0fea118":179,"e0154608":201,"4295ce9a":190,"21ad2f34":199,"c4feee5b":190,"f734c84c":211,"f9f2c53f":170,"debe1f65":185,"79e4fa1c":192,"fce3c5c6":176,"0b959527":177,"feb67030":178,"c8fcad77":172,"ea6de194":200,"3bad3c95":169,"014460b9":213,"88fa53d6":173,"b2703001":200,"411b5027":176,"d82592f4":203,"27c8e038":203,"a533489b":212,"26c6fa34":179,"b7407bd3":184,"c4aa1e38":168,"12271e14":194,"8eb64769":197,"8d000d6e":175,"4ac6bd4e":173,"4b4ef7fa":180,"336d0f08":197,"cf52025e":188,"49bf2e95":176,"e382ec3f":181,"e6ec8cbf":203,"1bb4ccc0":184,"a6b5e869":192,"9d4f1fe6":181,"bd2705b0":198,"d83870f5":186,"7218c9f1":182,"ad303bda":185,"8fb236a9":180,"869cbaa0":204,"b73e789c":170,"4930f321":179,"0785820e":189,"78467b8a":193,"9d9dd9e5":180,"84369269":170,"c6c85783":200,"ce3407dd":179,"e99318a3":193,"794f652b":200,"2a387957":189,"1d153b20":196,"4d35385e":179,"53a8613c":202,"dfa1a89b":181,"bc021def":186,"d2a841c9":183,"affb82bf":208,"72d7b461":205,"3c6692a3":210,"902f49f5":187,"110b1ee3":193,"f883d582":170,"0c043224":204,"0af920d8":175,"263762cb":179,"f2e3c0e3":164,"c510bfd3":200,"13b53c7a":195,"30c184b8":184,"92ca52b7":201,"20958d58":183,"345c9967":186,"d9d0c567":194,"a5fd8ffd":195,"49cb2959":196,"3f75d3bc":211,"56473430":201,"52eca0dc":194,"19f9ca86":194,"a77e127d":166,"42191b64":164,"0b3283c9":192,"095ab3b4":190,"5410e9c6":197,"fd369c21":198,"84b767be":212,"22234d6b":191,"39ba00f0":193,"2f455cce":189,"be149c6f":178,"5774ac0d":202,"5e09f69e":211,"40860a4b":169,"74f234c6":219,"5cd3cfe0":177,"501db4de":185,"e7abc88d":174,"8e99d5d0":222,"1a68160d":195,"e9679ede":184,"77898c22":166,"80a8a56d":190,"547903ef":196,"704bce0d":185,"4dac6b20":163,"9d0546ac":177,"26dd2000":205,"b7505747":198,"9e65c0ef":188,"53747a91":183,"d9d7c4c2":188,"9a80f004":195,"65a00a3c":184,"6291e9e9":198,"32c9fc47":192,"e8f173b5":197,"17b08923":189,"2cce4fb2":194,"b552beb3":202,"7732eb1e":211,"d82592f4":204,"8eb64769":198,"00554ffd":196,"27c8e038":204,"7a6aa4b6":193,"12271e14":195,"3652bd66":187,"35b58ef9":175,"31f6d707":207,"87ce8d1d":165,"f0a06216":193,"79be29c8":172,"ee21ad02":215,"bd2705b0":199,"935ec056":180,"ad2d7bed":198,"e6ec8cbf":204,"07f98660":206,"10ec5a0b":178,"ef14000f":205,"621d6b18":198,"869cbaa0":205,"2ce1af05":168,"9f74b8a4":175,"792cfcbd":191,"9263c525":194,"408bb2ed":189,"49bf2e95":177,"f94bf9ea":179,"081460bf":190,"162a7348":181,"faf3ed07":182,"77bae750":183,"a939b50b":186,"bf822e33":188,"9ceb5439":173,"254cc28c":196,"12dd6f5e":173,"d3e84616":189,"5a0eb771":184,"12012fbd":178,"6cba74ce":169,"bb99c79c":187,"f87c5031":193,"51f57142":195,"3bad3c95":170,"92f800f5":202,"2045d7d6":187,"58d46189":203,"4279e829":208,"82204d54":181,"78b97937":210,"fe8f3d36":181,"13b53c7a":196,"2a4a402a":184,"9a3ab0b8":186,"e5b1abc6":188,"83b2f9c5":197,"5f0c1b9d":197,"fafb4cc2":237,"8db5a165":181,"95d3d348":177,"a58bf525":190,"e7773397":180,"5410e9c6":198,"911e770b":190,"2c01e624":194,"1f7607df":176,"72d7b461":206,"e58b26f6":204,"dd7acb96":190,"4bcd4a30":195,"aa9ea5e8":171,"c0b7e7d7":174,"971675c5":200,"09ff339a":165,"30dbfc69":180,"d70ca4f4":213,"180377be":182,"a8726d50":175,"110b1ee3":194,"06ee61b6":179,"c7313e0a":202,"34c5c729":187,"ab7d4c9a":183,"c455f40e":179,"8b2b601d":201,"4945c851":201,"3310a049":193,"07fc4a9a":203,"6c73ae98":165,"159ffd0b":177,"1be05c14":197,"cac4449a":182,"ae8a09c4":201,"7ae3fc50":173,"d5dae4c4":209,"906fdec3":172,"345c9967":187,"37d0cae2":179,"abad2347":192,"bb00e71c":176,"e4c312fe":193,"1a442bc7":169,"6b82b527":194,"00cf385d":198,"f1df62b4":193,"4f59a322":192,"c803b4a3":187,"e57d5cda":183,"ef14000f":206,"10ec5a0b":179,"e28c2efc":178,"a543ec74":172,"92d38723":201,"ad8f85d6":205,"04612878":213,"3d1af513":200,"d102b0c6":174,"6be9332a":172,"06073f13":199,"812b4f15":175,"792c9b6a":177,"b35e9e1a":229,"af034fee":203,"8d04852b":185,"5ac86fb9":196,"3c18f28e":186,"f94bf9ea":180,"35aa7fd0":194,"44a4f7cd":187,"cb6c9e42":210,"f2364460":187,"5f7d7195":192,"9d63c4dd":188,"650bb0e0":183,"815e4582":202,"3f65f121":200,"217c0327":169,"53a8613c":203,"01d817b8":169,"f87c5031":194,"6cba74ce":170,"f2ca27d9":199,"696fdac5":202,"5fa12feb":200,"ce3bf5db":186,"470d50c2":201,"c8fcad77":173,"a0ce82b4":192,"2af60749":199,"2e3503e4":200,"c45d554f":202,"b6ee137a":186,"3bad3c95":171,"04ea5673":187,"4e5aaaec":175,"3ef7432b":195,"4c39240e":203,"28d40296":164,"33d6bb6a":185,"fe8f3d36":182,"8f10fa42":214,"e5b1abc6":189,"5f4102da":198,"f2e3c0e3":165,"062179c1":184,"aec074c4":196,"92efd84f":189,"f271ed5d":190,"9ab755d3":181,"0d2a1c58":184,"70c1e715":195,"7028b044":185,"014bdff0":194,"f5cd79c1":198,"e238f09b":204,"95d3d348":178,"5b60dd1d":189,"1da771fb":193,"0c0e98ea":182,"db703021":189,"f883d582":171,"7cd0ad7b":194,"4360a1a3":203,"a4f1d83b":181,"8db62558":193,"bd984a8e":182,"4b4ecbce":174,"be2955bb":186,"c5b35e4d":176,"6ce84ff8":173,"3310a049":194,"411b5027":177,"1db42092":195,"b36a0d66":177,"bbe71605":172,"e81834aa":214,"b552beb3":203,"08a561b7":187,"fd482491":212,"313258f2":195,"d9a64845":190,"d8e58a8c":206,"3101354b":167,"71e53c93":188,"2882a956":180,"1bb4ccc0":185,"bec9d329":206,"d83870f5":187,"00cf385d":199,"124fbe96":182,"e356abf1":198,"7e95c5a0":194,"76f94eda":198,"053f3451":189,"56752a4a":176,"0cb80f4a":194,"4b4ef7fa":181,"71bc1295":182,"9260d96b":223,"0681c48e":201,"8d04852b":186,"71a2a493":159,"aec4e1bf":198,"031e488e":202,"24a9fb86":197,"b35bb8a1":179,"1634789b":180,"5d087c79":197,"794f652b":201,"c67979e6":211,"5339e1e9":201,"39a2fcce":175,"9ceb5439":174,"08c6b5d2":193,"6d339d45":170,"2198ba8e":180,"cd95f558":190,"481754fc":170,"d0b297b2":181,"7a6aa4b6":194,"aa00769b":204,"3a1b9af5":186,"d8475b95":166,"49bf2e95":178,"34c5c729":188,"7b6a7048":187,"655954ba":183,"70594a28":186,"8ea21393":169,"ab7d4c9a":184,"6bc5d32a":207,"21e10a2b":187,"28d40296":165,"daab45c6":175,"24ffcbd3":206,"5fa12feb":201,"0b959527":178,"c0b0f492":201,"e3547548":181,"4777334c":182,"caddd0a7":198,"d83294cd":182,"c38c2b52":188,"87083264":207,"93b9fae6":183,"1bc0591f":183,"9a07d89b":169,"2bcca6a7":208,"733c86f8":200,"dd3913d2":182,"8b5a8e9f":197,"0042f6eb":183,"57540cc3":188,"36d340f2":166,"bc021def":187,"25a7a0a3":174,"416a9e97":183,"aaa274a5":188,"2f455cce":190,"1f7607df":177,"39ba00f0":194,"84b767be":213,"9fa62fee":184,"284544ba":185,"8e4c33d2":179,"a77e127d":167,"3712c4bd":171,"d634aa28":193,"026766f3":188,"30dbfc69":181,"dae0f922":194,"ddec9e54":185,"059d6c19":199,"751acea8":183,"016953e4":205,"b1f58563":186,"3a204e56":188,"6b79fec2":178,"6d802fa2":174,"6a60348e":182,"b2703001":201,"fd482491":213,"3a291497":172,"5ef93e5d":168,"08a561b7":188,"ec110282":221,"1d44aff3":201,"db8ba455":194,"8bc04eb5":194,"6ee92259":201,"ea4d3f3e":196,"abad2347":193,"51a3e9c2":184,"a8871ddf":178,"b36a0d66":178,"489a39f7":189,"95bc84f1":172,"be149c6f":179,"b35bb8a1":180,"9f5e6cba":198,"181c3dd5":192,"bc3dc66a":192,"5f6613c8":174,"6867261a":193,"e99318a3":194,"cb6c9e42":211,"faf3ed07":183,"bda8cdfb":197,"5f7d7195":193,"789bd484":182,"c6c85783":201,"67f6e4f2":168,"aa00769b":205,"379184a7":212,"9fc713b0":201,"0cb80f4a":195,"24d24fa3":178,"4ac6bd4e":174,"ac62fac2":208,"79f04300":198,"b215547b":175,"f3992a31":201,"a4296d1e":182,"4b4ecbce":175,"261c9911":202,"288d171f":195,"696fdac5":203,"e2cbe594":195,"b6ee137a":187,"daab45c6":176,"77898c22":167,"debe1f65":186,"62d1d346":170,"fb8bfb36":210,"0a2f71bc":178,"ba30e43a":204,"a33fe0dd":194,"30c5d755":199,"ea6de194":201,"37a7d5b0":184,"b35e9e1a":230,"17807120":181,"0ac825ed":194,"3e602573":192,"f9c15fcc":187,"481754fc":171,"11b74e63":198,"95d331b1":183,"c38c2b52":189,"753ca352":190,"cf9f4757":187,"a85d89cc":191,"ae95f2ba":210,"7218c9f1":183,"385ab7c6":196,"fead11cf":188,"9a3ab0b8":187,"e5b1abc6":190,"20958d58":184,"afe8e06a":168,"92ca52b7":202,"0e2b5d2f":192,"3661e12d":191,"18815a1b":184,"3454fa2b":169,"a63bddd4":232,"25a7a0a3":175,"b946e146":204,"558d5ce7":184,"778c95e9":181,"835358a0":180,"f271ed5d":191,"0d2a1c58":185,"b947257e":199,"1f7607df":178,"8cd78f77":190,"004f1ef3":229,"f5cd79c1":199,"d1676e89":189,"f4634d0b":188,"906632cb":205,"dae0f922":195,"db703021":190,"9d4da635":175,"655941a0":207,"1e191c98":172,"19f9ca86":195,"8e4c33d2":180,"6d61bf13":175,"1951480c":174,"a5676c24":191,"abc1d7ad":210,"5f96c2bc":186,"49cb2959":197,"a851891c":184,"69eeae0d":171,"71e53c93":189,"a4dafea5":184,"d6db2b02":200,"e36dfd6f":197,"45fb95c1":192,"3c782bb3":190,"ce4da56f":186,"1db42092":196,"b35bb8a1":181,"5a734022":172,"a47abfbb":174,"c9efc8f6":187,"e9a8cf11":190,"13747b82":197,"6632fed0":194
1604737662967,"f4b2f575":182,"e15fd611":178,"c4aa1e38":169,"8493f3b2":186,"04612878":214,"56752a4a":177,"f9c15fcc":188,"d82592f4":205,"358e45b1":188,"12271e14":196,"f1862e79":163,"4febf7c5":184,"67f6e4f2":169,"481754fc":172,"379184a7":213,"b460f030":213,"5e193fc8":192,"f3992a31":202,"69134f07":172,"ccb5ea3e":168,"e1f0dbfd":210,"4e3f5178":207,"f33c0140":195,"bfad1727":177,"d548635d":195,"18d20aa1":194,"9b742f71":179,"0a96f57a":189,"ea6de194":202,"70594a28":187,"b320feb9":196,"c8dc010f":194,"4577b333":198,"c1bdfd41":186,"88fa53d6":174,"ce3bf5db":187,"c4e70c07":179,"ee75b607":185,"d83870f5":188,"37d0cae2":180,"07f98660":207,"677c6a09":209,"f7231212":184,"e0e48a2d":187,"597c1f81":189,"ee21ad02":216,"1c0a9eff":178,"30b6808c":177,"6a7392d5":175,"621d6b18":199,"8fb236a9":181,"f2e3c0e3":166,"4d9b0b10":197,"0042f6eb":184,"a567ace4":188,"19551bad":183,"eb2e1983":191,"36b7003c":215,"37fbb107":197,"c6c85783":202,"9d9dd9e5":181,"12dd6f5e":174,"5f7d7195":194,"558d5ce7":185,"53a8613c":204,"a77e8461":193,"835358a0":181,"36d340f2":167,"7028b044":186,"d2a841c9":184,"6e851762":183,"22ecaed0":193,"a625328f":194,"fd369c21":199,"af0b61ab":192,"c793cdda":193,"5cd3cfe0":178,"d634aa28":194,"d0c104c4":166,"bb98a6cf":212,"d033db8d":206,"ddec9e54":186,"142d6987":188,"60e855ee":204,"695a2b92":179,"fe1d4419":185,"19f9ca86":196,"0b3283c9":193,"3c43e8a2":201,"a58bf525":191,"b102f7bd":195,"b28a5e67":221,"8a165e17":192,"49cb2959":198,"906fdec3":173,"a0cf08b3":149,"012de09c":185,"616d6dd6":188,"8cf83787":169,"e0f7679f":172,"95bc84f1":173,"71279c46":190,"c93c3508":168,"3a1d1632":166,"bb8a6337":179,"12534561":192,"540df50f":194,"6632fed0":195,"4ff2225d":190,"e7e82473":211,"cf50e84e":180,"e36dfd6f":198,"c4aa1e38":170,"5f8517b7":214,"dd1fcb17":176,"9267f0ef":195,"6fb4cdda":206,"f3992a31":203,"288d171f":196,"df81ddee":178,"754f98c9":206,"e2a7d915":165,"8e99d5d0":223,"fb8bfb36":211,"1e232870":195,"70594a28":188,"5c82d1ce":185,"0a96f57a":190,"f9f2c53f":171,"638cb163":207,"014460b9":214,"719c8869":196,"0a2f71bc":179,"d141db49":186,"92f800f5":203,"d6f0d94a":194,"f1098793":201,"3652bd66":188,"24d24fa3":179,"8c6e001f":163,"d82592f4":206,"db0a661e":188,"6be9332a":173,"554ebb83":203,"2d382981":182,"08a4c3f8":195,"eed20185":207,"e4117b3b":172,"00cf385d":200,"6841f77e":203,"290b4714":190,"7735c3c2":191,"ea4d3f3e":197,"54d7de6b":212,"056ea7ff":207,"7566fdd6":196,"ba938220":187,"f1df62b4":194,"753ca352":191,"cc5a1d47":182,"0d28db94":178,"2bcca6a7":209,"9a3ab0b8":188,"fe8f3d36":183,"33d6bb6a":186,"30c184b8":185,"0f89862c":171,"b87158fb":186,"5339e1e9":202,"9d63c4dd":189,"bf822e33":189,"6e98dfda":197,"36684155":191,"97e75c19":197,"5957df9e":182,"a63bddd4":233,"9de29816":167,"bc021def":188,"12012fbd":179,"15620dca":207,"9a467a82":194,"546f6845":184,"c0e2624b":184,"22234d6b":192,"7028b044":187,"92efd84f":190,"bca2d7cd":185,"1f342a00":184,"8942c35b":187,"a68a93b2":190,"93683c82":185,"58d46189":204,"cd3bbe7e":187,"dae0f922":196,"751acea8":184,"363590c7":202,"e238f09b":205,"317c1591":207,"8dd649a3":188,"3f2522c2":203,"3c0df8b4":205,"a5fd8ffd":196,"e865e4dd":177,"43bc86e3":188,"8db5a165":182,"012de09c":186,"dd035d2a":179,"95d3d348":179,"6b79fec2":179,"aaa274a5":189,"7af9d3b1":185,"d6d61bfc":205,"32133249":194,"6867261a":194,"13747b82":198,"0681c48e":202,"3c18f28e":187,"411b5027":178,"90731976":180,"3310a049":195,"54a676d6":183,"8298e976":204,"489a39f7":190,"d36125db":196,"704bce0d":186,"1a2c020b":196,"696fdac5":204,"debe1f65":187,"25e0dd3d":186,"5e193fc8":193,"77300e4a":165,"cd421290":187,"20777945":186,"168e75d9":189,"2e3503e4":201,"21ad2f34":200,"5c82d1ce":186,"ab7467de":210,"24ffcbd3":207,"3bad3c95":172,"a81a857c":182,"cc6bbe45":185,"859545e6":181,"92f800f5":204,"c4e70c07":180,"1b153aef":195,"8245f916":181,"ad8f85d6":206,"06073f13":200,"dd1fcb17":177,"4ba6eb36":179,"00554ffd":197,"2198ba8e":181,"87ce8d1d":166,"ef16ca37":180,"02d4753e":205,"64a7f79f":197,"3e602573":193,"91b28f83":202,"935ec056":181,"d1d40c9c":202,"1bb4ccc0":186,"290b4714":191,"bec9d329":207,"88ce179e":196,"1dad0f99":179,"7218c9f1":184,"50c468ba":179,"6a5b71b4":177,"87cd2add":172,"c8113b77":173,"00a17b46":189,"82204d54":182,"19551bad":184,"7af262e5":217,"ba5c52af":182,"0f72f2d8":194,"6adce358":208,"aff8e442":193,"84369269":171,"c6c85783":203,"93fdbb44":179,"a1921150":202,"5d087c79":198,"af157d29":185,"0e036ae9":202,"57540cc3":189,"01d817b8":170,"140ce69e":178,"7d6895f4":201,"7080f122":185,"bca2d7cd":186,"70bc8325":186,"2c01e624":195,"30d84dce":167,"906632cb":206,"8db62558":194,"d033db8d":207,"0af920d8":176,"a68a93b2":191,"110b1ee3":195,"dc583e64":199,"fe1d4419":186,"7bda83dd":185,"6c486702":194,"b8488fc8":192,"4bc46d7a":185,"e865e4dd":178,"6e44927f":189,"fd482491":214,"a5676c24":192,"8a165e17":193,"b2cfdbcf":181,"83086d4c":193,"b1f58563":187,"71ff66e8":199,"5099c6a0":209,"437fc3ec":204,"7e991ab9":155,"84b67924":188,"6a3eaf43":201,"0fc5ac7e":214,"a47abfbb":175,"d6d61bfc":206,"bfcb912a":190,"4125085e":198,"5f6613c8":175,"24a9fb86":198,"6db0ea86":178,"f5829ac0":198,"06ddafc7":171,"0114160e":181,"fb44fa9c":202,"bab97de3":195,"411b5027":179,"685207b3":190,"9f2b16a7":197,"e7abc88d":175,"0dad37d5":199,"972f4174":195,"168e75d9":190,"c45d554f":203,"b6ee137a":188,"754f98c9":207,"a0cca8b7":179,"ecfa8249":204,"44ff8baa":190,"c7636527":171,"40e79dd3":194,"d9d7c4c2":189,"c650b434":191,"62d1d346":171,"75ffea08":192,"c015ec5a":195,"1623fc9f":190,"9e65c0ef":189,"0cb80f4a":196,"67f6e4f2":170,"332820ce":194,"5a0ead91":171,"a0b03218":196,"f56ac638":169,"dffa7793":158,"a502c93c":182,"7f6d1d0e":202,"ad2d7bed":199,"5b5fc566":190,"e0e48a2d":188,"b9be31d6":197,"abd32136":201,"619fda68":221,"c803b4a3":188,"10ec5a0b":180,"7a4c064c":196,"ac030e74":180,"a0bc1ceb":182,"45b038bb":222,"73b15e04":185,"b35e9e1a":231,"d33790a2":217,"e6fac295":187,"56752a4a":178,"9fc713b0":202,"cac4449a":183,"a6003226":189,"d957f027":193,"e99318a3":195,"0670c466":181,"b8ab8e6e":185,"36684155":192,"ccf8b803":197,"1634789b":181,"6143f39d":193,"22ecaed0":194,"140ce69e":179,"22176537":195,"8dd2684c":193,"08c6b5d2":194,"a63bddd4":234,"bb98a6cf":213,"26ed1a5c":183,"1f11812e":206,"3b690f68":209,"6f81493d":173,"c3e6ef01":188,"142d6987":189,"a59a8290":197,"fead11cf":189,"eb2e1983":192,"831c7b85":191,"7bda83dd":186,"e5b1abc6":191,"ba5c52af":183,"7c0a2db6":186,"f789f6d8":181,"5ef93e5d":169,"2dd0e808":183,"ef8987d7":175,"a15713c6":210,"95d3d348":180,"0b3283c9":194,"437fc3ec":205,"3e082b37":180,"19f9ca86":197,"d3a669ac":202,"50c3164b":214,"f4726450":180,"6a3eaf43":202,"e58b26f6":205,"aa5dfdf5":188,"4bcd4a30":196,"9b3f8714":197,"4125085e":199,"3712c4bd":172,"a77e127d":168,"a8871ddf":179,"cf50e84e":181,"d6db2b02":201,"4ff2225d":191,"411b5027":180,"2e3503e4":202,"acac14fb":181,"0da28f5b":205,"dcf85091":175,"4c4aa2e2":184,"4e3f5178":208,"a4296d1e":183,"c455f40e":180,"a851554d":195,"2ad42a9e":213,"26dd2000":206,"e786063b":197,"efd23af5":177,"4fd645f1":187,"21ad2f34":201,"25776fc4":197,"638cb163":208,"913a6226":196,"ca7d47f7":193,"6d802fa2":175,"e8f173b5":198,"ef16ca37":181,"65e4235b":195,"2882a956":181,"e0e48a2d":189,"1c0a9eff":179,"04bef50c":163,"d929098e":162,"e6ec8cbf":205,"f56ac638":170,"07f98660":208,"10ec5a0b":181,"d83294cd":183,"6f39f4d9":202,"7a840529":185,"e28c2efc":179,"b9be31d6":198,"9260d96b":224,"5ee911b5":179,"03dcfa3d":187,"db0a661e":189,"f1098793":202,"f1862e79":164,"87922532":220,"fa55f27a":198,"1c3a30c5":195,"b377a62a":174,"c609739e":197,"812b4f15":176,"ad8f85d6":207,"3a1d1632":167,"f94bf9ea":181,"bc3dc66a":193,"c852d240":186,"6632fed0":196,"e15fd611":179,"aff8e442":194,"842c8340":190,"97e75c19":198,"789bd484":183,"5339e1e9":203,"9d9dd9e5":182,"9c045c61":193,"08c6b5d2":195,"3454fa2b":170,"49902219":212,"18815a1b":185,"a63bddd4":235,"416a9e97":184,"868cda42":194,"4577b333":199,"cc11fef9":200,"56d315d8":167,"0c043224":205,"61f25dd4":217,"bd62d7ed":177,"eebc8d43":181,"0f89862c":172,"be3a10f8":220,"a66a2d8a":205,"0042f6eb":185,"ec11fe5f":170,"a851891c":185,"71e53c93":190,"8dc9b4db":197,"9fa62fee":185,"c0e2624b":185,"084cbc0b":175,"88b3bc99":174,"d744bee2":183,"d1ca5d6b":196,"c793cdda":194,"971675c5":201,"437fc3ec":206,"8274885a":184,"0b3283c9":195,"22aeaf03":191,"014bdff0":195,"7732eb1e":212,"d9dcdc4b":204,"0841052c":210,"66497c7e":185,"db703021":191,"9267f0ef":196,"2e3503e4":203,"dcf85091":176,"69134f07":173,"90a06ee9":200,"168e75d9":191,"4e3f5178":209,"bc09fa9e":193,"547903ef":197,"4577b333":200,"1623fc9f":191,"ecfa8249":205,"d9d7c4c2":190,"26dd2000":207,"6291e9e9":199,"90731976":181,"95bc84f1":174,"e7e82473":212,"045f280d":196,"3f75d3bc":212,"1d44aff3":202,"3a291497":173,"7ae34c64":184,"dd035d2a":180,"f56ac638":171,"5acce642":202,"2882a956":182,"37d0cae2":181,"bec9d329":208,"a502c93c":183,"d83870f5":189,"07f98660":209,"9aa6a054":194,"792c9b6a":178,"1bd5b20b":208,"3d1af513":201,"aa00769b":206,"31f6d707":208,"ae8a09c4":202,"13f0e139":175,"332820ce":195,"35aa7fd0":195,"af034fee":204,"68562193":194,"162a7348":182,"c9efc8f6":188,"2ab62345":177,"7af9d3b1":186,"2b3e4717":191,"25d1b2d8":193,"449d8475":172,"5a0eb771":185,"a983a6dc":176,"088feee2":192,"bad1a1cc":190,"6d339d45":171,"0e036ae9":203,"21ee2afe":207,"49902219":213,"4ba6eb36":180,"804d4dfa":183,"f1098793":203,"50312237":193,"2d382981":183,"17807120":182,"a33fe0dd":195,"a0cca8b7":180,"e3547548":182,"21ad2f34":202,"30c5d755":200,"25e0dd3d":187,"e5d3655c":214,"d70ca4f4":214,"ae95f2ba":211,"c38c2b52":190,"9f74b8a4":176,"053f3451":190,"cf9f4757":188,"831c7b85":192,"5f4102da":199,"fef750ca":198,"c1bb74f2":188,"4c0e547b":202,"1745a0f4":194,"062179c1":185,"865d9857":180,"6d5fcd4c":185,"8dd2684c":194,"d0d6acb1":192,"835358a0":182,"aec074c4":197,"2180f99b":184,"3062379b":182,"dd7acb96":191,"d1ca5d6b":197,"d599b566":203,"f1dffa24":170,"83086d4c":194,"695a2b92":180,"a77e127d":169,"363590c7":203,"5623817d":176,"56d315d8":168,"1e191c98":173,"381c68fa":191,"8942c35b":188,"180377be":183,"4360a1a3":204,"d34a29b9":205,"c21ab51e":174,"06ee61b6":180,"ab7d4c9a":185,"f121b82c":200,"c5b35e4d":177,"1e232870":196,"44ff8baa":191,"8cf83787":170,"17b08923":190,"3c782bb3":191,"cf84fb54":195,"6e44927f":190,"d8e58a8c":207,"08a561b7":189,"00a481e3":200,"ec110282":222,"83b2f9c5":198,"ae016053":218,"d815c5b4":221,"f56ac638":172,"04cc7cbe":182,"013ee301":185,"489a39f7":191,"6d802fa2":176,"c64de0c0":178,"74e3d13e":191,"c93c3508":169,"40860a4b":170,"6df0b2e8":213,"288a2c43":186,"7af9d3b1":187,"5a0eb771":186,"1b881e6e":198,"aff8e442":195,"c6c85783":204,"39a2fcce":176,"288afc30":199,"5f8517b7":215,"408bb2ed":190,"bad6cdb1":158,"08a4c3f8":196,"b6aaf976":188,"5ee911b5":180,"4febf7c5":185,"cac4449a":184,"d33790a2":218,"6be9332a":174,"4ba6eb36":181,"0eaf08da":189,"64a7f79f":198,"70594a28":189,"7e8e1c3d":183,"ecfa8249":206,"719c8869":197,"547903ef":198,"4777334c":183,"7bebff03":188,"dac109cf":184,"a0cca8b7":181,"2045d7d6":188,"e3547548":183,"fce3c5c6":177,"ffc86f94":176,"d39724bc":189,"0d770b97":193,"16b476e9":188,"4258c176":177,"2ce1af05":169,"00a17b46":190,"0d7d88f1":189,"7e95c5a0":195,"a85d89cc":192,"a06a6430":200,"621d6b18":200,"dfcc2ad1":211,"b102f7bd":196,"2352c8ef":192,"fead11cf":190,"f67de058":194,"4c0e547b":203,"0f89862c":173,"25d1b2d8":194,"5957df9e":183,"be4f8ba8":178,"21ee2afe":208,"fd6dcb20":193,"865d9857":181,"f2ca27d9":200,"12012fbd":180,"1d153b20":197,"0bd93cfd":152,"ea822700":187,"1f7607df":179,"d3a669ac":203,"e58b26f6":206,"dd7acb96":192,"d552eb2f":196,"5099c6a0":210,"09ff339a":166,"77d35808":175,"971675c5":202,"ea9bba6b":188,"f1dffa24":171,"8942c35b":189,"4279e829":209,"906632cb":207,"0d5ee801":180,"6f81493d":174,"3f9b5722":175,"c2bb8aae":187,"4e3f5178":210,"1a2c020b":197,"c382f054":205,"82868763":190,"8cf83787":171,"e865e4dd":179,"3c0df8b4":206,"a5676c24":193,"74c26380":216,"d9d0c567":195,"61145ec9":209,"dc03ebd2":202,"bab97de3":196,"cf84fb54":196,"a3d4a0e5":202,"cf50e84e":182,"06ddafc7":172,"e0f7679f":173,"68562193":195,"0ecfa1c9":180,"f94bf9ea":182,"725dce8b":201,"031e488e":203,"162a7348":183,"bb8a6337":180,"31d74eee":184,"8a52882e":195,"c6c85783":205,"1634789b":182,"bf822e33":190,"8ec3834d":201,"288afc30":200,"ea274174":198,"3652bd66":189,"56752a4a":179,"9e878ec2":195,"00554ffd":198,"792cfcbd":192,"336d0f08":198,"03dcfa3d":188,"b8397293":180,"59c1e594":176,"d82592f4":207,"baebb391":201,"eed20185":208,"34c5c729":189,"77300e4a":166,"104721f0":190,"4c4aa2e2":185,"e21c6207":189,"4eed1bea":196,"547903ef":199,"e5d3655c":215,"2ad42a9e":214,"aab4d996":185,"daab45c6":177,"4e5aaaec":176,"a577db1c":186,"2af60749":200,"5a622a23":192,"57167c74":179,"9e65c0ef":190,"ffc86f94":177,"c0b23081":215,"dffa7793":159,"0d770b97":194,"f56ac638":173,"124fbe96":183,"d4d5f466":180,"ba586505":204,"753ca352":192,"00a17b46":191,"43d87483":190,"385ab7c6":197,"b9be31d6":199,"4930f321":180,"ef14000f":207,"9d023afb":184,"c463799d":189,"b102f7bd":197,"70ee0491":169,"0f89862c":174,"8063df14":199,"2bcca6a7":210,"c98d5272":183,"0e036ae9":204,"36d340f2":168,"bc021def":189,"9e206c95":210,"f2f58418":177,"175bc6b2":172,"be4f8ba8":179,"0d2a1c58":186,"d0d6acb1":193,"5747db6e":207,"88b3bc99":175,"9147702f":176,"d744bee2":184,"d1ca5d6b":198,"263762cb":180,"20e470e0":186,"1e7753d9":198,"7cd0ad7b":195,"467773ac":182,"30fdcd3b":193,"7a9344a4":205,"be40590d":192,"7ee148e9":187,"d599b566":204,"5410e9c6":199,"8dc9b4db":198,"0b3283c9":196,"3a204e56":189,"906fdec3":174,"616d6dd6":189,"5ef93e5d":170,"b28a5e67":222,"8db5a165":183,"aa76bc50":159,"7896b953":196,"0b5a0408":201,"8d753bb6":190,"e81834aa":215,"11888cfa":176,"af034fee":205,"2ab62345":178,"71a2a493":160,"8d04852b":187,"031e488e":204,"5774ac0d":203,"76f3a3be":193,"b36a0d66":179,"489a39f7":192,"8b2b601d":202,"288afc30":201,"8493f3b2":187,"9e878ec2":196,"f1098793":204,"d0b297b2":182,"a533489b":213,"3e602573":194,"48655f09":233,"45b038bb":223,"358e45b1":189,"c6e3d352":198,"8e99d5d0":224,"a4296d1e":184,"e0154608":202,"ebdbf580":199,"5e193fc8":194,"104721f0":191,"e1618359":195,"df81ddee":179,"261c9911":203,"f734c84c":212,"c650b434":192,"4777334c":184,"ecfa8249":207,"7bebff03":189,"dac109cf":185,"a0ce82b4":193,"638cb163":209,"d9d7c4c2":191,"d141db49":187,"44c77422":191,"9e65c0ef":191,"aa00769b":207,"be1746a0":184,"03c398d2":200,"51a3e9c2":185,"e0e48a2d":190,"bb00e71c":177,"20811ddf":196,"88ce179e":197,"fea793f5":194,"d929098e":163,"abd32136":202,"629800eb":204,"67c57de4":201,"ef91eaae":173,"a06a6430":201,"9496f56f":195,"9fce073c":188,"13b53c7a":197,"a0685bf3":214,"2a4a402a":185,"831c7b85":193,"5f4102da":200,"f67de058":195,"ba5c52af":184,"e15fd611":180,"e99318a3":196,"48efc739":209,"9d9dd9e5":183,"394dc144":180,"5957df9e":184,"1634789b":183,"f2ca27d9":201,"f87c5031":195,"3f65f121":201,"a77e8461":194,"b946e146":205,"d1715f3b":208,"57540cc3":190,"26c390d6":197,"0fc5ac7e":215,"272c7672":199,"fd369c21":200,"5a07fc2e":168,"835358a0":183,"383e232d":190,"655941a0":208,"110b1ee3":196,"30dbfc69":182,"30d84dce":168,"906632cb":208,"0c0e98ea":183,"a4f1d83b":182,"95d3d348":181,"fd482491":215,"f905a555":175,"aa76bc50":160,"6023df54":185,"e865e4dd":180,"a5fd8ffd":197,"f3a0c2ee":187,"5b60dd1d":190,"83086d4c":195,"f2470875":197,"a40846b7":186,"f6fe095d":202,"971675c5":203,"59431390":185,"162a7348":184,"3c18f28e":188,"aa9ea5e8":172,"081460bf":191,"13747b82":199
1604737665954,"93b0a158":204,"e6ec8cbf":206,"abad2347":194,"935ec056":182,"4b125e7b":180,"677c6a09":210,"91b28f83":203,"d83294cd":184,"4f59a322":193,"733c86f8":201,"1745a0f4":195,"621d6b18":201,"972f4174":196,"1a2c020b":198,"1247fa52":191,"696fdac5":205,"c4feee5b":191,"2e3503e4":204,"c85a0d80":187,"25e0dd3d":188,"5c82d1ce":187,"ccb5ea3e":169,"37a7d5b0":185,"4eed1bea":197,"c8fcad77":174,"3ef7432b":196,"a851554d":196,"25776fc4":198,"7e76c93c":190,"92136ff5":191,"d141db49":188,"a577db1c":187,"805af3c7":188,"9fce073c":189,"c463799d":190,"eebc8d43":182,"056ea7ff":208,"4930f321":181,"c1bb74f2":189,"fe8f3d36":184,"d5059415":180,"cd522166":200,"d9d0c567":196,"5a734022":173,"5e09f69e":212,"1b881e6e":199,"77bae750":184,"47d27624":179,"8ec3834d":202,"f905a555":176,"b2cfdbcf":182,"ef8987d7":176,"aa76bc50":161,"7c0a2db6":187,"6e44927f":191,"026766f3":189,"c8977844":188,"1e191c98":174,"180377be":184,"f883d582":172,"dae0f922":197,"be40590d":193,"00cf385d":201,"9d4f1fe6":182,"ee21ad02":217,"d83870f5":190,"7ee7621c":188,"8bc04eb5":195,"20811ddf":197,"93fdbb44":180,"b8ab8e6e":186,"aff8e442":196,"2dda3936":180,"eeaa2d46":206,"08c6b5d2":196,"fd6dcb20":194,"8cc4a982":202,"f2ca27d9":202,"2c01e624":196,"ccdd1ce6":195,"6a3eaf43":203,"084cbc0b":176,"9fa62fee":186,"5a07fc2e":169,"fb7482fe":190,"9147702f":177,"7218c9f1":185,"76f94eda":199,"7fb4c521":192,"7566fdd6":197,"b73e789c":171,"d2466211":201,"cb142908":179,"733c86f8":202,"a567ace4":189,"c510bfd3":201,"9d023afb":185,"5e193fc8":195,"36380d96":192,"e0154608":203,"c0fea118":180,"a3253019":184,"655954ba":184,"4e3f5178":211,"72b84094":217,"79e4fa1c":193,"df81ddee":180,"7be025ce":186,"913a6226":197,"49b358bd":195,"da3437cd":178,"44ff8baa":192,"3fdb08f5":191,"51c57542":194,"4777334c":185,"57167c74":180,"caddd0a7":199,"9bdf362a":194,"bd62d7ed":178,"8721056e":173,"2352c8ef":193,"159ffd0b":178,"868edcc0":196,"8298e976":205,"17b08923":191,"90731976":182,"6d802fa2":177,"12a2cd4b":183,"5a0ead91":172,"4ac6bd4e":175,"48655f09":234,"9263c525":195,"4febf7c5":186,"3e602573":195,"2e99f8fd":189,"e6fac295":188,"554ebb83":204,"0ac825ed":195,"742f1425":192,"06073f13":201,"b460f030":214,"aa9ea5e8":173,"13747b82":200,"540df50f":195,"6df0b2e8":214,"288a2c43":187,"24a9fb86":199,"bc3dc66a":194,"7c0a2db6":188,"fd482491":216,"95904ac4":210,"08a561b7":190,"731fc335":173,"56473430":202,"537634c9":174,"7cd0ad7b":196,"dbd2f139":192,"6f81493d":175,"026766f3":190,"d70ca4f4":215,"110b1ee3":197,"9316e7e8":155,"c0b7e7d7":175,"09ff339a":167,"5099c6a0":211,"e7773397":181,"3e082b37":181,"5410e9c6":200,"ea4d3f3e":198,"88ce179e":198,"00cf385d":202,"124fbe96":184,"37fbb107":198,"25d1b2d8":195,"4ed01268":181,"d5557fb4":193,"6adce358":209,"1b881e6e":200,"bad1a1cc":191,"f87c5031":196,"affb82bf":209,"e9adbe58":187,"3f65f121":202,"0e036ae9":205,"22ecaed0":195,"18815a1b":186,"911e770b":191,"2c01e624":197,"84b67924":189,"39ba00f0":195,"b7832271":205,"51a3e9c2":186,"e0e48a2d":191,"93b0a158":205,"f7231212":185,"056ea7ff":209,"385ab7c6":198,"cf9f4757":189,"b73e789c":172,"9fce073c":190,"685207b3":191,"6b78ad7f":189,"696fdac5":206,"f121b82c":201,"a3253019":185,"9f2b16a7":198,"f76a3e83":195,"3b7763b1":171,"20777945":187,"44ff8baa":193,"4def63ee":172,"4e5aaaec":177,"14c682eb":180,"e1f0dbfd":211,"d6f0d94a":195,"5fa12feb":202,"4eed1bea":198,"a81a857c":183,"37a7d5b0":186,"92f800f5":205,"4c39240e":204,"597c1f81":190,"05f6ab35":199,"cd522166":201,"0f89862c":175,"a567ace4":190,"f2e3c0e3":167,"c6dc900c":164,"afe8e06a":169,"312f7676":207,"49910300":175,"8aa78e2f":172,"88a30343":197,"f5829ac0":199,"e81834aa":216,"1438fad7":193,"6291e9e9":200,"5ee911b5":181,"554ebb83":205,"ad8f85d6":208,"3652bd66":190,"812b4f15":177,"cbad3b92":218,"b377a62a":175,"9e878ec2":197,"01cd8099":206,"ac62fac2":209,"608bc832":159,"2c24d929":192,"761cf820":199,"04612878":215,"3c6692a3":211,"6e851762":184,"aa9ea5e8":174,"c64de0c0":179,"ed4fad08":197,"68562193":196,"1ed46298":203,"a1370ab0":186,"5eaa1581":184,"fd482491":217,"d8e58a8c":208,"7896b953":197,"6023df54":186,"ae016053":219,"56473430":203,"7ae34c64":185,"c8977844":189,"906632cb":209,"20e470e0":187,"61f25dd4":218,"f1b493de":212,"dae0f922":198,"94a2fe10":201,"363590c7":204,"ea9bba6b":189,"2203f259":198,"54d7de6b":213,"1bb4ccc0":187,"8a52882e":196,"93fdbb44":181,"aff8e442":197,"5d087c79":199,"04643409":196,"9ceb5439":175,"c6c85783":206,"9e206c95":211,"546f6845":185,"fd6dcb20":195,"22176537":196,"affb82bf":210,"9de29816":168,"f2ca27d9":203,"92efd84f":191,"d552eb2f":197,"d929098e":164,"04bef50c":164,"bec9d329":209,"b0869206":196,"5eab91a0":196,"c8113b77":174,"d83294cd":185,"a836aa93":192,"4c4aa2e2":186,"6fb4cdda":207,"e9679ede":185,"a3253019":186,"288d171f":197,"1e232870":197,"92136ff5":192,"6bc5d32a":208,"5fa12feb":203,"14c682eb":181,"da3437cd":179,"21e10a2b":188,"0b959527":179,"3bad3c95":173,"21ad2f34":203,"e2cbe594":196,"7e76c93c":191,"805af3c7":189,"92f800f5":206,"4c39240e":205,"7a4c064c":197,"50c468ba":180,"91536e85":201,"ba938220":188,"8063df14":200,"619fda68":222,"c1bb74f2":190,"0e2b5d2f":193,"5b60dd1d":191,"26f99a1e":174,"5410e9c6":201,"8e4c33d2":181,"26009d3f":174,"2cce4fb2":195,"1138796e":198,"f044c0e1":187,"e81834aa":217,"bbe71605":173,"045f280d":197,"08a4c3f8":197,"0cb80f4a":197,"2e99f8fd":190,"d0b297b2":183,"a5aee5de":220,"1bc0591f":184,"a59a8290":198,"afe8e06a":170,"2a76f1dd":168,"778c95e9":182,"2d54e0a8":194,"730338c4":202,"b5763ff6":181,"84b767be":214,"4911acad":162,"ed4fad08":198,"4125085e":200,"b230e8d3":195,"725dce8b":202,"a15713c6":211,"91f7ef72":178,"731fc335":174,"66b7b5b4":190,"30d84dce":169,"cf1124db":184,"180377be":185,"467773ac":183,"f883d582":173,"9d4da635":176,"2c6cb96f":162,"ec110282":223,"abc1d7ad":211,"5f96c2bc":187,"4ac6bd4e":176,"dfc89705":189,"27c8e038":205,"ea274174":199,"d82592f4":208,"5ee911b5":182,"73b15e04":186,"baebb391":202,"71bc1295":183,"24a9fb86":200,"9f5e6cba":199,"088feee2":193,"c81b2bcf":177,"5d087c79":200,"254cc28c":197,"39a2fcce":177,"9d63c4dd":190,"d1fe2868":206,"ef8321d8":195,"12012fbd":181,"88432019":179,"9e206c95":212,"49902219":214,"51f57142":196,"e9adbe58":188,"5eab91a0":197,"aa187e3b":190,"79be29c8":173,"4258c176":178,"7735c3c2":192,"d4d5f466":181,"677c6a09":211,"ebdbf580":200,"f598a332":180,"3498f223":186,"7f86be64":184,"cb51f134":200,"d34a29b9":206,"8e99d5d0":225,"ecfa8249":208,"daab45c6":178,"9d0546ac":178,"07107f6e":194,"1623fc9f":192,"5a622a23":193,"caddd0a7":200,"c650b434":193,"ba30e43a":205,"21ad2f34":204,"a33fe0dd":196,"0a2f71bc":180,"92f800f5":207,"a81a857c":184,"d4ee22a4":199,"0785820e":190,"597c1f81":191,"6a5b71b4":178,"8274885a":185,"c0b7e7d7":176,"d599b566":205,"c318d350":203,"26f99a1e":175,"2c5c1dc0":183,"5099c6a0":212,"8b2b601d":203,"45fb95c1":193,"d9dcdc4b":205,"ce4da56f":187,"95bc84f1":175,"32c9fc47":193,"b552beb3":204,"d83294cd":186,"6f39f4d9":203,"ac030e74":181,"30c184b8":186,"fee32863":191,"2a76f1dd":169,"be3a10f8":221,"7af262e5":218,"afe8e06a":171,"98915a1f":176,"778c95e9":183,"50c3164b":215,"2c627253":195,"835358a0":184,"2c01e624":198,"bca2d7cd":187,"c1bb74f2":191,"f4634d0b":189,"655941a0":209,"467773ac":184,"4ee62a26":180,"0c0e98ea":184,"c8977844":190,"7cd0ad7b":197,"012de09c":187,"a15713c6":212,"5f0c1b9d":198,"fe44fc6f":178,"3c0df8b4":207,"0cb80f4a":198,"50312237":194,"d33790a2":219,"7a6aa4b6":195,"8245f916":182,"2c24d929":193,"b377a62a":176,"27c8e038":206,"812b4f15":178,"d0e9a58e":194,"481754fc":173,"a543ec74":173,"12a2cd4b":184,"ae8a09c4":203,"d8e58a8c":209,"cf1b8c47":198,"35aa7fd0":196,"d6d61bfc":207,"0681c48e":203,"32133249":195,"540df50f":196,"9b3f8714":198,"725dce8b":203,"cb6c9e42":212,"77bae750":185,"1634789b":184,"1d790491":192,"25d1b2d8":196,"5a0eb771":187,"37fbb107":199,"ac38a6a5":199,"d3e84616":190,"15620dca":208,"1bb4ccc0":188,"d929098e":165,"d1d40c9c":203,"16b476e9":189,"fea793f5":195,"00cf385d":203,"d83870f5":191,"6fb4cdda":208,"1a2c020b":199,"ebdbf580":201,"145c7559":175,"2e3503e4":205,"f3992a31":204,"501db4de":186,"e1f0dbfd":212,"9a80f004":196,"4eed1bea":199,"9d0546ac":179,"49b358bd":196,"6b9eff39":186,"859545e6":182,"e786063b":198,"c45d554f":204,"5270f158":179,"a77e127d":170,"95d3d348":182,"ea9bba6b":190,"6b79fec2":180,"c564e316":203,"3e082b37":182,"1138796e":199,"4ff2225d":192,"4945c851":202,"0b5a0408":202,"07fc4a9a":204,"ce4da56f":188,"6291e9e9":201,"f7231212":186,"7218c9f1":186,"6f39f4d9":204,"619fda68":223,"9aa6a054":195,"4f59a322":194,"6034b6d0":202,"2a76f1dd":170,"6d5fcd4c":186,"eafbf9fb":193,"558d5ce7":186,"6de0aaac":179,"26c390d6":198,"fd07e0ed":196,"a625328f":195,"6a3eaf43":204,"7e991ab9":156,"fb7482fe":191,"a6626a13":178,"f2e3c0e3":168,"8f10fa42":215,"70ee0491":170,"78b97937":211,"f5e8dfee":202,"fe8f3d36":185,"0b959527":180,"913a6226":198,"08a06557":213,"c015ec5a":196,"7be025ce":187,"7a9344a4":206,"cd3bbe7e":188,"0c0e98ea":185,"a5fd8ffd":198,"a533489b":214,"4ea4a2a1":210,"3652bd66":191,"332820ce":196,"c6e3d352":199,"71bc1295":184,"336d0f08":199,"458dcc3d":206,"554ebb83":206,"24d24fa3":180,"8f2a7d69":186,"6be9332a":175,"be1746a0":185,"804d4dfa":184,"4abb7aed":187,"db8ba455":195,"71e53c93":191,"a472532e":179,"731fc335":175,"d9a64845":191,"64db4feb":206,"60d6cee2":187,"3a1d1632":168,"162a7348":185,"47cfba38":176,"35aa7fd0":197,"7af9d3b1":188,"527ff946":196,"faf3ed07":184,"a1921150":203,"44a4f7cd":188,"0670c466":182,"bad1a1cc":192,"9ceb5439":176,"ad2d7bed":200,"9cb4697f":195,"cb4f262b":182,"88ce179e":199,"20e470e0":188,"30fdcd3b":194,"d634aa28":195,"93683c82":186,"9267f0ef":197,"4e3f5178":212,"f33c0140":196,"c21ab51e":175,"d34a29b9":207,"c0fea118":181,"a3253019":187,"b6ee137a":189,"c0b23081":216,"6b82b527":195,"ae99df30":171,"8e4c33d2":182,"77d35808":176,"19f9ca86":198,"5099c6a0":213,"a77e127d":171,"8dc9b4db":199,"1da771fb":194,"de36827b":217,"411b5027":181,"a4dafea5":185,"11888cfa":177,"cf84fb54":197,"95f6db13":188,"e8f173b5":199,"af7e5be8":196,"7566fdd6":198,"d7cb9bcf":181,"6034b6d0":203,"0785820e":191,"869cbaa0":206,"7d6895f4":202,"945b63f0":215,"bc021def":190,"af157d29":186,"6d5fcd4c":187,"f87c5031":197,"22176537":197,"835358a0":185,"f069bb07":190,"2d54e0a8":195,"2d13e69b":185,"7e991ab9":157,"7028b044":188,"1f342a00":185,"c8113b77":175,"f2e3c0e3":169,"a567ace4":191,"b8488fc8":193,"a8c93bed":191,"13b53c7a":198,"afe8e06a":172,"1bc0591f":185,"a0ce82b4":194,"e1571af7":187,"2b3c49b9":186,"30c5d755":201,"c455f40e":181,"805af3c7":190,"8ea21393":170,"aa021138":209,"547903ef":200,"cc6bbe45":186,"ab7467de":211,"14c682eb":182,"ffc86f94":178,"b7407bd3":185,"c4aa1e38":171,"a533489b":215,"c27969ec":182,"d0e9a58e":195,"f1862e79":165,"792cfcbd":193,"26c6fa34":180,"3a1b9af5":187,"b2bd8fd3":171,"b8397293":181,"ad8f85d6":209,"56752a4a":180,"74e01f6a":190,"28654c76":200,"00a481e3":201,"b2cfdbcf":183,"c91966ce":189,"906fdec3":175,"537634c9":175,"83b2f9c5":199,"c64de0c0":180,"af034fee":206,"725dce8b":204,"4911acad":163,"5eaa1581":185,"a47abfbb":176,"6632fed0":197,"f4b2f575":183,"91d52a55":189,"f66616b7":192,"77f31bab":202,"39a2fcce":178,"47d27624":180,"1e7753d9":199,"cf1124db":185,"ddec9e54":187,"f4634d0b":190,"31408822":179,"4ee62a26":181,"d70ca4f4":216,"1247fa52":192,"e1618359":196,"104721f0":192,"bd984a8e":183,"77300e4a":167,"ad2d7bed":201,"1a442bc7":170,"91b28f83":204,"677c6a09":212,"fea793f5":196,"5270f158":180,"f5cd79c1":200,"1da771fb":195,"2c5c1dc0":184,"9a3cc55d":182,"014bdff0":196,"836701f6":192,"de36827b":218,"6291e9e9":202,"49910300":176,"411b5027":182,"2882a956":183,"f0a06216":194,"7a4c064c":198,"597c1f81":192,"cb6c9e42":213,"0e036ae9":206,"6d339d45":172,"7080f122":186,"ef8321d8":196,"d6320619":178,"8dd2684c":195,"ac38a6a5":200,"98915a1f":177,"9147702f":178,"84b767be":215,"88b3bc99":176,"7028b044":189,"aec074c4":198,"b947257e":200,"a85d89cc":193,"8fb236a9":182,"056ea7ff":210,"e28c2efc":180,"faf4f98b":197,"7fdc2007":171,"a567ace4":192,"b102f7bd":198,"70ee0491":171,"ec11fe5f":171,"733c86f8":203,"19551bad":185,"f598a332":181,"470d50c2":202,"e21c6207":190,"5c82d1ce":188,"719c8869":198,"f734c84c":213,"d6f0d94a":196,"6b9eff39":187,"a577db1c":188,"6bc5d32a":209,"805534ac":194,"4fd645f1":188,"c7636527":172,"debe1f65":188,"08a06557":214,"e786063b":199,"0d2c95fe":189,"a3d4a0e5":203,"ce4da56f":189,"00554ffd":199,"d0e9a58e":196,"34658473":186,"8323d333":168,"74e01f6a":191,"a5aee5de":221,"f1862e79":166,"a543ec74":174,"b8397293":182,"d0b297b2":184,"8eb64769":199,"cac4449a":185,"742f1425":193,"c6e3d352":200,"dc03ebd2":203,"731fc335":176,"61d4782d":187,"dcfaba4c":186,"0ecfa1c9":181,"2ab62345":179,"4125085e":201,"5e09f69e":213,"1ed46298":204,"84369269":172,"71e53c93":192,"cf1b8c47":199,"e865e4dd":181,"5f96c2bc":188,"95904ac4":211,"e62d705f":184,"c2bb8aae":188,"6e24d88b":181,"655941a0":210,"56d315d8":169,"26ed1a5c":184,"1e7753d9":200,"9b172ca8":168,"1a2c020b":200,"f6fe095d":203,"312f7676":208,"83086d4c":196,"8274885a":186,"c0b7e7d7":177,"578f6e9e":208,"437fc3ec":207,"bf30a08f":207,"87c462ee":196,"ae99df30":172,"a6b5e869":193,"aa187e3b":191,"a502c93c":184,"5acce642":203,"2b3e4717":192,"0f1ac912":173,"bad1a1cc":193,"254cc28c":198,"cf775f58":198,"93fdbb44":182,"9a467a82":195,"eeaa2d46":207,"21ee2afe":209,"ef8321d8":197,"4469c815":164,"d2a841c9":185,"4d35385e":180,"084cbc0b":177,"bca2d7cd":188,"2d13e69b":186,"70c1e715":196,"7e991ab9":158,"0fc5ac7e":216,"911e770b":192,"ef14000f":208,"869cbaa0":207,"d7cb9bcf":182,"53b4e647":191,"7a4c064c":199,"0bfabf48":180,"a85d89cc":194,"dd3913d2":183,"fe578280":179,"79f04300":199,"90a06ee9":201,"2e3503e4":206,"6fb4cdda":209,"ccb5ea3e":170,"8ea21393":171,"51c57542":195,"e32524d6":184,"feb67030":179,"ce3bf5db":188,"3b7763b1":172,"df2b4d87":182,"7bebff03":190,"0149e11a":176,"30c5d755":202,"e5d3655c":216,"aa021138":210,"d141db49":189,"13b53c7a":199,"25a2844e":189,"dfcc2ad1":212,"2352c8ef":194,"19551bad":186,"11b2c8d9":185,"bab97de3":197,"1be05c14":198,"f5829ac0":200,"a3d4a0e5":204,"e36dfd6f":199,"cf50e84e":183,"d9dcdc4b":206,"cd95f558":191,"332820ce":197,"8245f916":183,"36fb15d2":208,"d0e9a58e":197,"9263c525":196,"04612878":216,"8d000d6e":176,"cf52025e":189,"812b4f15":179,"12271e14":197,"12a2cd4b":185,"e8d74304":178,"8cddb65e":188,"17446892":191,"e9a8cf11":191,"5ac86fb9":197,"dc473de1":170,"540df50f":197,"d5dae4c4":210,"3c0df8b4":208,"dc03ebd2":204,"00a481e3":202,"da04caac":202,"3101354b":168,"8a165e17":194,"906632cb":210,"6e24d88b":182,"30dbfc69":183,"5cd3cfe0":179,"0d5ee801":181,"751bcf25":182,"74f234c6":220,"9c58dd76":185,"014bdff0":197,"c95719e5":174,"83086d4c":197,"6c20c153":192,"e4117b3b":173,"b3f19a69":180,"bf30a08f":208,"6775d5cd":189,"f0a06216":195,"e356abf1":199,"c93c3508":170,"f4b2f575":184,"0670c466":183,"cf775f58":199,"50d129cf":192,"9d9dd9e5":184,"794f652b":202,"088feee2":194,"08c6b5d2":197,"2cb29e5a":200,"8547fbc2":180,"d6320619":179,"175bc6b2":173,"140ce69e":180,"d0d6acb1":194,"9e206c95":213,"d1ca5d6b":199,"508aac3d":198,"ef91eaae":174,"b9be31d6":200,"cb142908":180,"0bfabf48":181,"869cbaa0":208,"c38c2b52":191,"d83294cd":187,"fe8f3d36":186,"2a76f1dd":171,"78467b8a":194,"9f2b16a7":199,"c7313e0a":203,"efe84c27":192,"145c7559":176,"dcf85091":177,"90a06ee9":202,"80a8a56d":191,"8f9b74b0":180,"cd421290":188,"7d112f4d":197,"18d20aa1":195,"261c9911":204,"5f620a1e":191,"2045d7d6":189,"4295ce9a":191,"25e0dd3d":189,"c8fcad77":175
1604737667778,"8dd649a3":189,"d1676e89":190,"a3d4a0e5":205,"a40846b7":187,"8aa78e2f":173,"e7e82473":213,"09f0db62":212,"06ddafc7":173,"4945c851":203,"05642105":197,"045f280d":198,"34658473":187,"d33790a2":220,"8323d333":169,"336d0f08":200,"8d000d6e":177,"01cd8099":207,"4febf7c5":187,"0ac825ed":196,"04612878":217,"8493f3b2":188,"13f0e139":176,"2198ba8e":182,"481754fc":174,"dd1fcb17":178,"1951480c":175,"363590c7":205,"25635c37":166,"b1f58563":188,"3712c4bd":173,"6ce84ff8":174,"c7ab83c1":170,"8657c79d":185,"af0b61ab":193,"aec074c4":199,"5a07fc2e":170,"7af9d3b1":189,"5a734022":174,"0114160e":182,"8aa78e2f":174,"69f3bfcc":185,"11888cfa":178,"e8f173b5":200,"0d2c95fe":190,"6291e9e9":203,"d0b297b2":185,"6f0fcb9d":196,"9bdf362a":195,"49b358bd":197,"62d1d346":172,"24ffcbd3":208,"332820ce":198,"06073f13":202,"336d0f08":201,"0ac825ed":197,"a543ec74":175,"7a6aa4b6":196,"c27969ec":183,"cac4449a":186,"946df4fd":218,"8eb64769":200,"e6fac295":189,"b460f030":215,"bc3dc66a":195,"3c18f28e":189,"9b3f8714":199,"24a9fb86":201,"288a2c43":188,"8ec3834d":203,"77bae750":186,"1b881e6e":201,"815e4582":203,"bad1a1cc":194,"8a52882e":197,"088feee2":195,"22ecaed0":196,"a63bddd4":236,"0e036ae9":207,"546f6845":186,"0277d748":199,"558d5ce7":187,"e9adbe58":189,"bb98a6cf":214,"180377be":186,"9d4da635":177,"31408822":180,"142d6987":190,"ca6d2d91":189,"d70ca4f4":217,"9a3ab0b8":189,"8007f30e":168,"eb2e1983":193,"0f89862c":176,"d8e58a8c":210,"2dd0e808":184,"f905a555":177,"906fdec3":176,"195eb771":191,"08a561b7":191,"28654c76":201,"b769bdfb":186,"f5cd79c1":201,"6d61bf13":176,"5623817d":177,"22234d6b":193,"92efd84f":192,"aa5dfdf5":189,"2180f99b":185,"af0b61ab":194,"f271ed5d":192,"84b767be":216,"1da771fb":196,"016953e4":206,"317c1591":208,"b36a0d66":180,"17b08923":192,"90731976":183,"d6db2b02":202,"59431390":186,"4b3e3b1c":197,"159ffd0b":179,"b2c25d1c":190,"b215547b":176,"9b172ca8":169,"0dad37d5":200,"501db4de":187,"f3992a31":205,"7f86be64":185,"ecfa8249":209,"2b3c49b9":187,"7d112f4d":198,"fb8bfb36":212,"e21c6207":191,"14c682eb":183,"c8dc010f":195,"3bad3c95":174,"ba30e43a":206,"6b9eff39":188,"e5d3655c":217,"65a00a3c":185,"2154b6e8":182,"ad2d7bed":202,"5eab91a0":198,"4258c176":179,"79be29c8":174,"b3f19a69":181,"d39724bc":190,"54d7de6b":214,"a85d89cc":195,"ac030e74":182,"1b153aef":196,"9260d96b":225,"5a0ead91":173,"8f2a7d69":187,"cfe72ead":183,"1bd5b20b":209,"358e45b1":190,"812b4f15":180,"23080895":178,"6be9332a":176,"e6fac295":190,"03b4ab60":176,"61d4782d":188,"c4bff41f":206,"1ed46298":205,"031e488e":205,"71279c46":191,"7af9d3b1":190,"31d74eee":185,"2b3e4717":193,"77f31bab":203,"bf822e33":191,"cb6c9e42":214,"e15fd611":181,"66d94227":182,"09560615":178,"1d153b20":198,"2dda3936":181,"51f57142":197,"ec2cb1af":195,"ef8321d8":198,"baebb391":203,"03c398d2":201,"be1746a0":186,"4fd645f1":189,"059d6c19":200,"4360a1a3":205,"381c68fa":192,"8942c35b":190,"f4634d0b":191,"655941a0":211,"be40590d":194,"4d9b0b10":198,"0d7d88f1":190,"b73e789c":173,"95539a58":184,"9f74b8a4":177,"a8c93bed":192,"7fdc2007":172,"6c524f99":201,"f67de058":196,"afe8e06a":173,"b102f7bd":199,"33d6bb6a":187,"3101354b":169,"b2cfdbcf":184,"fafb4cc2":238,"0b3283c9":197,"fd6dcb20":196,"84b67924":190,"6e851762":185,"f069bb07":191,"aaa274a5":190,"508aac3d":199,"884b0ad1":181,"cbb54a0a":178,"5781776a":195,"83086d4c":198,"3c43e8a2":202,"b1f58563":189,"014bdff0":198,"e238f09b":206,"e81834aa":218,"54a676d6":184,"28d41578":198,"a8871ddf":180,"411b5027":183,"5678ed7b":207,"3310a049":196,"655954ba":185,"4c4aa2e2":187,"8e99d5d0":226,"c4feee5b":192,"77300e4a":168,"c85a0d80":188,"53431634":211,"201cafad":189,"c455f40e":182,"5c82d1ce":189,"4e5aaaec":178,"79e4fa1c":194,"92136ff5":193,"f4343817":188,"ea6de194":203,"9bdf362a":196,"abc1d7ad":212,"b28a5e67":223,"f905a555":178,"65e4235b":196,"f56ac638":174,"bb00e71c":178,"1bb4ccc0":189,"4b125e7b":181,"6841f77e":204,"7fef9973":184,"04cc7cbe":183,"b7407bd3":186,"e0e6a097":191,"3d1af513":202,"34658473":188,"7ae3fc50":174,"c852d240":187,"d6d61bfc":208,"9b3f8714":200,"61d4782d":189,"540df50f":198,"a47abfbb":177,"5774ac0d":204,"6adce358":210,"6e98dfda":198,"d1fe2868":207,"84369269":173,"93fdbb44":183,"39a2fcce":179,"d957f027":194,"88432019":180,"7080f122":187,"4ba6eb36":182,"b2a8761b":172,"0eaf08da":190,"a543ec74":176,"48655f09":235,"c609739e":198,"1c3a30c5":196,"a636f4c9":205,"bc392d1c":167,"dac109cf":186,"aa021138":211,"a33fe0dd":197,"75ffea08":193,"88fa53d6":175,"56d315d8":170,"ddec9e54":188,"31408822":181,"74f234c6":221,"a8726d50":176,"ad303bda":186,"ffa08d82":191,"d7cb9bcf":183,"6034b6d0":204,"9aa6a054":196,"0d28db94":179,"87083264":208,"eebc8d43":183,"11b2c8d9":186,"fef750ca":199,"e35a63cd":191,"dc0c8b09":206,"6c486702":195,"7fdc2007":173,"6143f39d":194,"57540cc3":191,"f3d68430":202,"f2ca27d9":204,"2dda3936":182,"3062379b":183,"ea822700":188,"2c01e624":199,"3c6692a3":212,"8657c79d":186,"dd7acb96":193,"c793cdda":195,"3712c4bd":174,"2203f259":199,"095ab3b4":191,"836701f6":193,"014bdff0":199,"0b3283c9":198,"71ff66e8":200,"de36827b":219,"32c9fc47":194,"49910300":177,"013ee301":186,"4945c851":204,"0be540c5":197,"a68a93b2":192,"381c68fa":193,"f3992a31":206,"d548635d":196,"cb51f134":201,"ab7d4c9a":186,"4b4ecbce":176,"696fdac5":207,"1e232870":198,"5a622a23":194,"261c9911":205,"e7e82473":214,"906fdec3":177,"61145ec9":210,"db8ba455":196,"f905a555":179,"fafb4cc2":239,"56473430":204,"43bc86e3":189,"bec9d329":210,"ba586505":205,"5b5fc566":191,"8bc04eb5":196,"7735c3c2":193,"6b82b527":196,"be149c6f":180,"76f3a3be":194,"32133249":196,"b35bb8a1":182,"17446892":192,"24a9fb86":202,"c64de0c0":181,"2a387957":190,"b88033fd":200,"a1921150":204,"faf3ed07":185,"66d94227":183,"e99318a3":197,"e15fd611":182,"82b81567":169,"02d4753e":206,"34658473":189,"6f0fcb9d":197,"d102b0c6":175,"b377a62a":177,"9263c525":197,"99d130c9":189,"24d24fa3":181,"12a2cd4b":186,"792cfcbd":194,"b7df1559":188,"cac4449a":187,"03c398d2":202,"a0cca8b7":182,"2b3c49b9":188,"6bc5d32a":210,"9bdf362a":197,"f734c84c":214,"77898c22":168,"08a06557":215,"a33fe0dd":198,"638cb163":210,"1623fc9f":193,"75ffea08":194,"ca7d47f7":194,"dbd2f139":193,"6775d5cd":190,"c8113b77":176,"9c29f0ed":205,"9fce073c":191,"77bfed7e":186,"cb142908":181,"8fb236a9":183,"f7231212":187,"55928ef1":186,"fe8f3d36":187,"8f10fa42":216,"dc0c8b09":207,"7bda83dd":187,"eebc8d43":184,"ec11fe5f":172,"e9adbe58":190,"fd6dcb20":197,"0e036ae9":208,"8dd2684c":196,"6143f39d":195,"f5596d0f":195,"3661e12d":192,"7db3edda":185,"2d13e69b":187,"6751d8e4":202,"ef1c2dcb":198,"1f342a00":186,"dd7acb96":194,"c793cdda":196,"263762cb":181,"dc583e64":200,"363590c7":206,"27f52ed3":211,"ea9bba6b":191,"8e4c33d2":183,"6d61bf13":177,"013ee301":187,"6f81493d":176,"19e9776f":185,"94a2fe10":202,"1e7753d9":201,"db703021":192,"be40590d":195,"145c7559":177,"6b78ad7f":190,"9f2b16a7":200,"dcf85091":178,"dbc9df44":168,"b2c25d1c":191,"1e232870":199,"95bc84f1":176,"0114160e":183,"54a676d6":185,"810aa5e9":196,"65e4235b":197,"74c26380":217,"a851891c":186,"cf1b8c47":200,"3f75d3bc":213,"71e53c93":193,"f0a06216":196,"1a442bc7":171,"d6db2b02":203,"0d2c95fe":191,"1be05c14":199,"be149c6f":181,"60d6cee2":188,"2ab62345":180,"76f3a3be":195,"c93c3508":171,"8cddb65e":189,"a6003226":190,"31d74eee":186,"1d790491":193,"527ff946":197,"761cf820":200,"34658473":190,"332820ce":199,"8493f3b2":189,"288afc30":202,"cbad3b92":219,"1ff8c2fc":198,"4ea4a2a1":211,"03dcfa3d":189,"e8d74304":179,"2c24d929":194,"59c1e594":177,"2d382981":184,"4febf7c5":188,"72b84094":218,"4295ce9a":192,"44ff8baa":194,"c650b434":194,"5c82d1ce":190,"2af60749":201,"7bebff03":191,"e21c6207":192,"c015ec5a":197,"5f620a1e":192,"a33fe0dd":199,"65a00a3c":186,"014460b9":215,"dac109cf":187,"290b4714":192,"91b28f83":205,"0d770b97":195,"730a4938":177,"b0869206":197,"07f98660":210,"4f59a322":195,"597c1f81":193,"10ec5a0b":182,"0785820e":192,"8ac72326":189,"ba938220":189,"82204d54":183,"478d2d4f":212,"bd62d7ed":179,"f2e3c0e3":170,"6c486702":196,"0042f6eb":186,"ec11fe5f":173,"1634789b":185,"394dc144":181,"39a2fcce":180,"c67979e6":212,"a63bddd4":237,"d6320619":180,"49902219":215,"4d35385e":181,"558d5ce7":188,"4469c815":165,"af157d29":187,"9147702f":179,"d1ca5d6b":200,"7e991ab9":159,"70c1e715":197,"a625328f":196,"730338c4":203,"2180f99b":186,"19f9ca86":199,"d1676e89":191,"6b79fec2":181,"6ce84ff8":175,"0d5ee801":182,"026766f3":191,"8db62558":195,"8942c35b":191,"f883d582":174,"751acea8":185,"cd3bbe7e":189,"acac14fb":182,"1a68160d":196,"9b172ca8":170,"69134f07":174,"004f1ef3":230,"8dc9b4db":200,"f1dffa24":172,"a851891c":187,"8a165e17":195,"7ae34c64":186,"3f75d3bc":214,"08a561b7":192,"a5676c24":194,"d8e58a8c":211,"de36827b":220,"e8f173b5":201,"e81834aa":219,"820225e4":171,"7732eb1e":213,"6a60348e":183,"32c9fc47":195,"0681c48e":204,"227006e4":194,"af034fee":207,"a1370ab0":187,"4911acad":164,"c4bff41f":207,"6632fed0":198,"8245f916":184,"6f0fcb9d":198,"d0c0fc08":171,"d0e9a58e":198,"761cf820":201,"8493f3b2":190,"408bb2ed":191,"a0bc1ceb":183,"ae8a09c4":204,"481754fc":175,"a636f4c9":206,"be1746a0":187,"03dcfa3d":190,"6be9332a":177,"ebdbf580":202,"dbc9df44":169,"a4296d1e":185,"77898c22":169,"20777945":188,"4e5aaaec":179,"0a96f57a":191,"21ad2f34":205,"a577db1c":189,"3ef7432b":197,"719c8869":199,"dac109cf":188,"a851554d":197,"c7636527":173,"28d40296":166,"5f620a1e":193,"c0b0f492":202,"d39724bc":191,"6841f77e":205,"ba586505":206,"ad2d7bed":203,"d4d5f466":182,"04bef50c":165,"290b4714":193,"629800eb":205,"87cd2add":173,"7218c9f1":187,"6a5b71b4":179,"9fce073c":192,"cc5a1d47":183,"9c29f0ed":206,"78b97937":212,"c510bfd3":202,"cd522166":202,"70ee0491":172,"1105f790":220,"78467b8a":195,"7af262e5":219,"8ec3834d":204,"b8ab8e6e":187,"1634789b":186,"1a0189c4":182,"f66616b7":193,"d1fe2868":208,"48efc739":210,"12012fbd":182,"be4f8ba8":180,"01d817b8":171,"f2f58418":178,"3661e12d":193,"315537b2":200,"175bc6b2":174,"4bcd4a30":197,"b7832271":206,"6e851762":186,"88b3bc99":177,"1f7607df":180,"8657c79d":187,"fd369c21":201,"3c43e8a2":203,"39bbc4bc":195,"2203f259":200,"6e24d88b":183,"20e470e0":189,"b6591e25":193,"902f49f5":188,"a8726d50":177,"906632cb":211,"be40590d":196,"f76a3e83":196,"a40846b7":188,"5781776a":196,"c318d350":204,"fd482491":218,"3f75d3bc":215,"45b5746e":193,"dc03ebd2":205,"ec110282":224,"7ae34c64":187,"28654c76":202,"dc583e64":201,"8cf83787":172,"0d2c95fe":192,"0b5a0408":203,"fb44fa9c":203,"31f6ba51":180,"d6d61bfc":209,"51f80f4c":215,"12534561":193,"a2c334e7":214,"162a7348":186,"17446892":193,"bab97de3":198,"54a676d6":186,"32c9fc47":196,"06073f13":203,"3d1af513":203,"5a0ead91":174,"d0b297b2":186,"288afc30":203,"8323d333":170,"792c9b6a":179,"03c398d2":203,"4cc141fa":160,"b460f030":216,"cac4449a":188,"9c58dd76":186,"e1618359":197,"dcf85091":179,"7f86be64":186,"77300e4a":169,"69d4b754":187,"a836aa93":193,"2ad42a9e":215,"79e4fa1c":195,"201cafad":190,"18d20aa1":196,"77898c22":170,"44c77422":192,"6b9eff39":189,"d9d7c4c2":192,"ab7467de":212,"0a2f71bc":181,"8f13c203":177,"5ab7bc35":193,"c015ec5a":198,"ffc86f94":179,"bc392d1c":168,"e8d74304":180,"87c462ee":197,"abad2347":195,"290b4714":194,"e6ec8cbf":207,"ee21ad02":218,"88ce179e":200,"2882a956":184,"07f98660":211,"93b9fae6":184,"e28c2efc":181,"7a4c064c":200,"753ca352":193,"00a17b46":192,"b9be31d6":201,"82204d54":184,"831c7b85":194,"e35a63cd":192,"f5e8dfee":203,"31d74eee":187,"a983a6dc":177,"b8ab8e6e":188,"c67979e6":213,"23760167":189,"5339e1e9":204,"ce3407dd":180,"22176537":198,"30dd2edc":192,"d1715f3b":209,"217c0327":170,"0e036ae9":209,"4469c815":166,"7080f122":188,"92efd84f":193,"9147702f":180,"284544ba":186,"2180f99b":187,"ca6d2d91":190,"1e191c98":175,"6e24d88b":184,"0d5ee801":183,"467773ac":185,"b7434f57":153,"9316e7e8":156,"93ac9ca3":194,"13b53c7a":200,"afe8e06a":174,"33d6bb6a":188,"95904ac4":212,"0a1d11e6":175,"3101354b":170,"43bc86e3":190,"195eb771":192,"b28a5e67":224,"8db5a165":184,"437fc3ec":208,"5270f158":181,"8dd649a3":190,"26f99a1e":176,"3712c4bd":175,"c7ab83c1":171,"7028b044":190,"508aac3d":200,"d552eb2f":198,"deb31f35":198,"5ac86fb9":198,"081460bf":192,"725dce8b":205,"0be540c5":198,"0114160e":184,"013ee301":188,"8d753bb6":191,"6db0ea86":179,"a6bcb07e":186,"e0f7679f":174,"4f5e3e7d":176,"67f6e4f2":171,"d102b0c6":176,"5acaa06f":164,"b35e9e1a":232,"ef16ca37":182,"332820ce":200,"685207b3":192,"80a8a56d":192,"f2086446":178,"9267f0ef":198,"53431634":212,"0da28f5b":206,"1e232870":200,"2209903e":188,"a851554d":198,"201cafad":191,"21ad2f34":206,"261c9911":206,"e32524d6":185,"40e79dd3":195,"c0b0f492":203,"5c82d1ce":191,"b7505747":199,"9bdf362a":198,"2af60749":202,"28d40296":167,"a577db1c":190,"74e01f6a":192,"1a442bc7":172,"2882a956":185,"bec9d329":211,"a6b5e869":194,"ae99df30":173,"4258c176":180,"5acce642":204,"af7e5be8":197,"9c29f0ed":207,"ad303bda":187,"6a5b71b4":180,"93b9fae6":185,"619fda68":224,"0785820e":193,"e6fac295":191,"0eaf08da":191,"946df4fd":219,"27c8e038":207,"468fc85c":198,"aa00769b":208,"a2c334e7":215,"24a9fb86":203,"b230e8d3":196,"527ff946":198,"aff8e442":198,"44a4f7cd":189,"48efc739":211,"0f1ac912":174,"650bb0e0":184,"cb6c9e42":215,"bb99c79c":188,"8547fbc2":181,"49902219":216,"f87c5031":198,"e9adbe58":191,"d2a841c9":186,"0277d748":200,"7a9344a4":207,"4279e829":210,"b6591e25":194,"f1b493de":213,"20e470e0":190,"9d4da635":178,"19e9776f":186,"25a2844e":190,"9d023afb":186,"1745a0f4":196,"a66a2d8a":206,"7bda83dd":188,"fead11cf":191,"78b97937":213,"f3a0c2ee":188,"f905a555":180,"5f96c2bc":189,"aa76bc50":162,"4abb7aed":188,"1d44aff3":203,"da04caac":203,"c0b7e7d7":178,"a40846b7":189,"f2470875":198,"8dd649a3":191,"a58bf525":192,"60e855ee":205,"0d2a1c58":187,"fd07e0ed":197,"50c3164b":216,"d1ca5d6b":201,"f069bb07":192,"7db3edda":186,"d744bee2":185,"b769bdfb":187,"fb44fa9c":204,"8298e976":206,"bab97de3":199,"f277386e":164,"6a60348e":184,"6291e9e9":204,"0be540c5":199,"08a4c3f8":198,"608bc832":160,"3652bd66":192,"40569362":208,"8bc04eb5":197,"67d30f2b":183,"d1d40c9c":204,"5acce642":205,"7735c3c2":194,"935ec056":183,"cb4f262b":183,"621d6b18":202,"1dad0f99":180,"2ce1af05":170,"d83294cd":188,"d34a29b9":208,"f3992a31":207,"b215547b":177,"754f98c9":208,"704bce0d":187,"cb51f134":202,"6fb4cdda":210,"df81ddee":181,"da3437cd":180,"51c57542":196,"27d8bf51":187,"e1f0dbfd":213,"5a622a23":195,"ca7d47f7":195,"93e8cee5":216,"aab4d996":186,"57167c74":181,"7e76c93c":192,"2154b6e8":183,"4c39240e":206,"4def63ee":173,"06073f13":204,"3d1af513":204,"408bb2ed":192,"a0bc1ceb":184,"04612878":218,"12a2cd4b":187,"9c58dd76":187,"35b58ef9":176,"a5aee5de":222,"0f72f2d8":195,"57d5dee8":190,"ed4fad08":199,"3a1d1632":169,"40860a4b":171,"031e488e":206,"b7cc7909":202,"deb31f35":199,"bad1a1cc":195,"5d087c79":201,"b88033fd":201,"9d9dd9e5":185,"789bd484":184,"bf822e33":192,"aff8e442":199,"172217e5":203,"affb82bf":211,"ec2cb1af":196,"36d340f2":169,"18815a1b":187,"623c6a31":208,"1d153b20":199,"cc11fef9":201,"5ccf94d6":197,"0c043224":206,"381c68fa":194,"20e470e0":191,"3b690f68":210,"58d46189":205,"0d28db94":180,"50c468ba":181,"faf4f98b":198,"05f6ab35":200,"fead11cf":192,"5f4102da":201,"a59a8290":199,"78467b8a":196,"b8488fc8":194,"25a2844e":191,"a901627e":185,"3f75d3bc":216,"ef8987d7":177,"43bc86e3":191,"1d44aff3":204,"3c0df8b4":209,"c0b7e7d7":179,"835358a0":186,"f4726450":181,"5747db6e":208,"2f455cce":191
1604737668712,"ae016053":220,"e4c312fe":194,"abad2347":196,"ba586505":207,"1a442bc7":173,"e0e48a2d":192,"93b0a158":206,"e356abf1":200,"53b4e647":192,"ef91eaae":175,"ef14000f":209,"0d7d88f1":191,"30b6808c":178,"95539a58":185,"972f4174":197,"9b742f71":180,"b2c25d1c":192,"4c4aa2e2":188,"77300e4a":170,"754f98c9":209,"b215547b":178,"daab45c6":179,"2ad42a9e":216,"27d8bf51":188,"5c82d1ce":192,"21e10a2b":189,"913a6226":199,"f4343817":189,"b320feb9":197,"e786063b":200,"df2b4d87":183,"14c682eb":184,"7a840529":186,"20958d58":185,"0f89862c":177,"e5b1abc6":192,"9a07d89b":170,"2a4a402a":186,"b8488fc8":195,"dd3913d2":184,"884b0ad1":182,"b947257e":201,"c793cdda":197,"bfcb912a":191,"b230e8d3":197,"52eca0dc":195,"71e53c93":194,"71ba7561":165,"42cd2360":160,"d9a64845":192,"4def63ee":174,"62d1d346":173,"ea6de194":204,"a4f1d83b":183,"3b690f68":211,"db703021":193,"b7434f57":154,"cd3bbe7e":190,"c3e6ef01":189,"a68a93b2":193,"a15713c6":213,"731fc335":177,"e9a8cf11":192,"40860a4b":172,"5ac86fb9":199,"24a9fb86":204,"deb31f35":200,"7e15f8e8":199,"23760167":190,"faf3ed07":186,"4ed01268":182,"f66616b7":194,"449d8475":173,"d5557fb4":194,"eafbf9fb":194,"0277d748":201,"172217e5":204,"25a7a0a3":176,"bc021def":191,"18815a1b":188,"6143f39d":196,"d929098e":166,"dffa7793":160,"4b125e7b":182,"4652b09a":197,"91b28f83":206,"5eab91a0":199,"730a4938":178,"b215547b":179,"f3992a31":208,"fe578280":180,"0a92153e":189,"470d50c2":203,"1a68160d":197,"80a8a56d":193,"3ef7432b":198,"b6ee137a":190,"9d0546ac":180,"5a622a23":196,"4295ce9a":193,"201cafad":192,"805534ac":195,"caddd0a7":201,"619fda68":225,"76f94eda":200,"385ab7c6":199,"4d9b0b10":199,"cf9f4757":190,"4930f321":182,"0d28db94":181,"a567ace4":193,"42191b64":165,"312f7676":209,"27f52ed3":212,"6d61bf13":178,"60e855ee":206,"71ff66e8":201,"6a60348e":185,"2d1e1e9d":199,"6db0ea86":180,"17b08923":193,"32c9fc47":197,"de36827b":221,"e81834aa":220,"1b153aef":197,"4ea4a2a1":212,"b35e9e1a":233,"7ae3fc50":175,"f5e8dfee":204,"2352c8ef":195,"c510bfd3":203,"1bc0591f":186,"78b97937":214,"aa5dfdf5":190,"c0e2624b":186,"0fc5ac7e":217,"8cd78f77":191,"de6213c7":184,"fb7482fe":192,"1f342a00":187,"1105f790":221,"45b5746e":194,"43bc86e3":192,"259930ee":196,"ba30e43a":207,"7e76c93c":193,"868cda42":195,"49b358bd":198,"c1bdfd41":187,"cd3bbe7e":191,"0841052c":211,"b7434f57":155,"3f9b5722":176,"d0c104c4":167,"0c043224":207,"751acea8":186,"00a481e3":203,"7c0a2db6":189,"52eca0dc":196,"a851891c":188,"4ba6eb36":183,"761cf820":202,"ad8f85d6":210,"c609739e":199,"92d38723":202,"a43061ee":182,"a0b03218":197,"1c3a30c5":197,"59c1e594":178,"4febf7c5":189,"e865e4dd":182,"17446892":194,"64db4feb":207,"13747b82":201,"9f5e6cba":200,"031e488e":207,"7af9d3b1":191,"03b4ab60":177,"5339e1e9":205,"8ec3834d":205,"8a52882e":198,"789bd484":185,"5a0eb771":188,"6adce358":211,"23760167":191,"12dd6f5e":175,"30dd2edc":193,"53a8613c":205,"6de0aaac":180,"7fef9973":185,"7ee7621c":189,"290b4714":195,"ae99df30":174,"1c0a9eff":180,"6fb4cdda":211,"1a2c020b":201,"e1618359":198,"7f86be64":187,"c21ab51e":176,"ab7d4c9a":187,"8e99d5d0":227,"c45d554f":205,"4e5aaaec":180,"6b82b527":197,"ba586505":208,"f7231212":188,"2b698053":187,"b1f58563":190,"a40846b7":190,"0b3283c9":199,"437fc3ec":209,"5410e9c6":202,"5781776a":197,"c7ab83c1":172,"7732eb1e":214,"6a60348e":186,"cf84fb54":198,"820225e4":172,"54a676d6":187,"ce4da56f":190,"a6bcb07e":187,"7fb4c521":193,"b9be31d6":202,"b73e789c":174,"9c29f0ed":208,"8fb236a9":184,"ba5c52af":185,"fe8f3d36":188,"cd522166":203,"d6320619":181,"15620dca":209,"eeaa2d46":208,"4bcd4a30":198,"8657c79d":188,"8cd78f77":192,"d552eb2f":199,"7db3edda":187,"92efd84f":194,"272c7672":200,"ec11fe5f":174,"1745a0f4":197,"a8c93bed":193,"062179c1":186,"debe1f65":189,"df81ddee":182,"53747a91":184,"c015ec5a":199,"4dac6b20":164,"04ea5673":188,"261c9911":207,"14c682eb":185,"8f13c203":178,"e3547548":184,"cc6bbe45":187,"e786063b":201,"c8977844":191,"4279e829":211,"cf1b8c47":201,"a5fd8ffd":199,"3101354b":171,"8245f916":185,"4ac6bd4e":177,"b8397293":183,"aefe13f5":200,"8f2a7d69":188,"3a1b9af5":188,"946df4fd":220,"00554ffd":200,"cf52025e":190,"f1098793":205,"332820ce":201,"6ebe2354":166,"742f1425":194,"1c3a30c5":198,"7896b953":198,"a472532e":180,"b2cfdbcf":185,"8a165e17":196,"bc3dc66a":196,"8cddb65e":190,"162a7348":187,"40860a4b":173,"13747b82":202,"4125085e":202,"9b3f8714":201,"cb6c9e42":216,"66d94227":184,"a9b1bd51":150,"1b881e6e":202,"0670c466":184,"5a0eb771":189,"91d52a55":190,"6c20c153":193,"87083264":209,"6b79fec2":182,"f5cd79c1":202,"a40846b7":191,"27f52ed3":213,"c318d350":205,"695a2b92":181,"c7ab83c1":173,"a4dafea5":186,"4945c851":205,"b552beb3":205,"b36a0d66":181,"ce4da56f":191,"e36dfd6f":200,"45fb95c1":194,"c38c2b52":192,"3b2dee89":180,"d929098e":167,"1dad0f99":181,"655941a0":212,"d634aa28":196,"31408822":182,"a4f1d83b":184,"bb98a6cf":215,"c7313e0a":204,"b2c25d1c":193,"501db4de":188,"d34a29b9":209,"5be594be":191,"9f2b16a7":201,"7e95c5a0":196,"f2ca27d9":205,"ef8321d8":199,"d6320619":182,"865d9857":182,"af157d29":188,"1d153b20":200,"2dda3936":183,"5a07fc2e":171,"7028b044":191,"5747db6e":209,"88b3bc99":178,"778c95e9":184,"d552eb2f":200,"c0e2624b":187,"d4d5f466":183,"13b53c7a":201,"93b9fae6":186,"eebc8d43":185,"6034b6d0":205,"0d770b97":196,"ba5c52af":186,"621d6b18":203,"a502c93c":185,"9a07d89b":171,"6775d5cd":191,"f2e3c0e3":171,"1e232870":201,"26dd2000":208,"ccb5ea3e":171,"8ea21393":172,"5a622a23":197,"a33fe0dd":200,"4295ce9a":194,"3fdb08f5":192,"e21c6207":193,"547903ef":201,"dac109cf":189,"c7636527":174,"868cda42":196,"37a7d5b0":187,"d9d7c4c2":193,"2352c8ef":196,"eb2e1983":194,"8db5a165":185,"de11eb19":205,"cfe72ead":184,"379184a7":214,"bc392d1c":169,"ea274174":200,"d8475b95":167,"b460f030":217,"5ee911b5":183,"24d24fa3":182,"4f5e3e7d":177,"db0a661e":190,"9c58dd76":188,"a0b03218":198,"a636f4c9":207,"a0cf08b3":150,"616d6dd6":190,"f905a555":181,"db8ba455":197,"3a291497":174,"71a2a493":161,"71279c46":192,"65e4235b":198,"cc11fef9":202,"d70ca4f4":218,"026766f3":192,"bb98a6cf":216,"0af920d8":177,"f1b493de":214,"059d6c19":201,"a836aa93":194,"a502c93c":186,"e45b4b53":180,"b935fc1c":190,"83086d4c":199,"8dd649a3":192,"e238f09b":207,"3c43e8a2":204,"95f6db13":189,"c95719e5":175,"f5829ac0":201,"b84a06eb":189,"aa187e3b":192,"6c20c153":194,"8bc04eb5":198,"6841f77e":206,"6034b6d0":206,"597c1f81":194,"00cf385d":204,"9fce073c":193,"3b2dee89":181,"4d9b0b10":200,"2b698053":188,"9aa6a054":197,"31d74eee":188,"288a2c43":189,"5a0eb771":190,"72805bf5":186,"a939b50b":187,"4911acad":165,"49902219":217,"a9b1bd51":151,"081460bf":193,"f4b2f575":185,"d3e84616":191,"6df0b2e8":215,"23760167":192,"22ecaed0":197,"dfa1a89b":182,"47d27624":181,"f3d68430":203,"623c6a31":209,"7080f122":189,"af0b61ab":195,"3c6692a3":213,"39ba00f0":196,"9fa62fee":187,"4bcd4a30":199,"d744bee2":186,"a625328f":197,"9d023afb":187,"ba938220":190,"92ca52b7":203,"bd62d7ed":180,"70ee0491":173,"a59a8290":200,"ec11fe5f":175,"831c7b85":195,"dcf85091":180,"9f2b16a7":202,"655954ba":186,"ebdbf580":203,"26dd2000":209,"dbc9df44":170,"f121b82c":202,"4e5aaaec":181,"fb8bfb36":213,"18d20aa1":197,"85de05f2":186,"5ab7bc35":194,"a851554d":199,"2209903e":189,"57167c74":182,"14c682eb":186,"a33fe0dd":201,"a577db1c":191,"014460b9":216,"24ffcbd3":209,"2cce4fb2":196,"e7e82473":215,"07fc4a9a":205,"045f280d":199,"f9c15fcc":189,"9260d96b":226,"b2a8761b":173,"a543ec74":177,"a533489b":216,"1c3a30c5":199,"f1862e79":167,"45b038bb":224,"aefe13f5":201,"4f5e3e7d":178,"87922532":221,"13f0e139":177,"2198ba8e":183,"01cd8099":208,"012de09c":188,"6e44927f":192,"dc03ebd2":206,"5eaa1581":186,"d6d61bfc":210,"13747b82":203,"181c3dd5":193,"031e488e":208,"42c80e69":204,"2132fe93":199,"4abb7aed":189,"7c0a2db6":190,"3a291497":175,"d5dae4c4":211,"6e24d88b":185,"8db62558":196,"c2bb8aae":189,"9d4da635":179,"4ee62a26":182,"1e191c98":176,"d0c104c4":168,"1247fa52":193,"696fdac5":208,"f2470875":199,"95d3d348":183,"363590c7":207,"695a2b92":182,"095ab3b4":192,"437fc3ec":210,"7ee148e9":188,"cf50e84e":184,"e81834aa":221,"4b3e3b1c":198,"9cb4697f":196,"d4d5f466":184,"4652b09a":198,"0d770b97":197,"54d7de6b":215,"bf30a08f":209,"4258c176":181,"b88033fd":202,"842c8340":191,"8ec3834d":206,"bda8cdfb":198,"865d9857":183,"b8ab8e6e":189,"eeaa2d46":209,"088feee2":196,"9a467a82":196,"ccf8b803":198,"af157d29":189,"d2a841c9":187,"7d6895f4":203,"945b63f0":216,"70c1e715":198,"2c627253":196,"50c3164b":217,"f271ed5d":193,"9fa62fee":188,"fb7482fe":193,"cbb54a0a":179,"67c57de4":202,"43d87483":191,"10ec5a0b":183,"ef91eaae":176,"95539a58":186,"4930f321":183,"ec11fe5f":176,"ffa08d82":192,"33d6bb6a":189,"cd522166":204,"7af262e5":220,"afe8e06a":175,"0e2b5d2f":194,"6a7392d5":176,"c7313e0a":205,"9b742f71":181,"b3863630":185,"ebdbf580":204,"9b172ca8":171,"07107f6e":195,"e1f0dbfd":214,"4295ce9a":195,"92136ff5":194,"21e10a2b":190,"ab7467de":213,"fb8bfb36":214,"e1571af7":188,"2045d7d6":190,"d9f512b9":199,"44c77422":193,"b320feb9":198,"3bad3c95":175,"2af60749":203,"45fb95c1":195,"820225e4":173,"f044c0e1":188,"159ffd0b":180,"8493f3b2":191,"db0a661e":191,"02d4753e":207,"c6e3d352":201,"1ff8c2fc":199,"01cd8099":209,"34658473":191,"ad8f85d6":211,"3a1b9af5":189,"d8475b95":168,"49bf2e95":179,"4febf7c5":190,"ae8a09c4":205,"812b4f15":181,"64db4feb":208,"5f6613c8":176,"68562193":197,"dcfaba4c":187,"1ed46298":206,"8cddb65e":191,"5a734022":175,"69eeae0d":172,"345c9967":188,"3c0df8b4":210,"4abb7aed":190,"61145ec9":211,"781ace7d":190,"cf1b8c47":202,"f883d582":175,"b6591e25":195,"902f49f5":189,"3b690f68":212,"8db62558":197,"74f234c6":222,"ddec9e54":189,"6d61bf13":179,"c318d350":206,"695a2b92":183,"578f6e9e":209,"5099c6a0":214,"971675c5":204,"a77e127d":172,"6ee92259":202,"9cb4697f":197,"abad2347":197,"a6b5e869":195,"5957df9e":185,"77bae750":187,"a939b50b":188,"254cc28c":199,"315537b2":201,"18815a1b":189,"527ff946":199,"650bb0e0":185,"dfa1a89b":183,"88432019":181,"8ec3834d":207,"01d817b8":172,"ac38a6a5":201,"22ecaed0":198,"84b767be":217,"7db3edda":188,"2c627253":197,"f4726450":182,"835358a0":187,"3062379b":184,"884b0ad1":183,"54d7de6b":216,"93b0a158":207,"124fbe96":185,"7566fdd6":199,"4f59a322":196,"7e95c5a0":197,"f1df62b4":195,"c8113b77":177,"2ce1af05":171,"2b698053":189,"6c486702":197,"e5b1abc6":193,"19551bad":187,"cfafcda8":182,"4c0e547b":204,"bd62d7ed":181,"2352c8ef":197,"9f2b16a7":203,"f598a332":182,"288d171f":198,"2e3503e4":207,"be2955bb":187,"470d50c2":204,"c4feee5b":193,"70594a28":190,"5fa12feb":204,"4e5aaaec":182,"21ad2f34":207,"20777945":189,"261c9911":208,"df2b4d87":184,"a851554d":200,"0a2f71bc":182,"57167c74":183,"014460b9":217,"08a06557":216,"4577b333":201,"3bad3c95":176,"4b3e3b1c":199,"8aa78e2f":175,"f5829ac0":202,"95f6db13":190,"07fc4a9a":206,"54a676d6":188,"b36a0d66":182,"ef16ca37":183,"06073f13":205,"8c6e001f":164,"2c24d929":195,"8493f3b2":192,"408bb2ed":193,"17807120":183,"40569362":209,"6ebe2354":167,"12271e14":198,"8323d333":171,"56752a4a":181,"baebb391":204,"468fc85c":199,"162a7348":188,"b230e8d3":198,"aa9ea5e8":175,"bc3dc66a":197,"031e488e":209,"bfcb912a":192,"dc473de1":171,"43bc86e3":193,"dc03ebd2":207,"abc1d7ad":213,"52eca0dc":197,"91f7ef72":179,"08a561b7":193,"731fc335":178,"0c043224":208,"a8726d50":178,"30dbfc69":184,"c2bb8aae":190,"142d6987":191,"1f11812e":207,"026766f3":193,"dc583e64":202,"095ab3b4":193,"fe1d4419":187,"8e4c33d2":184,"d599b566":206,"f2470875":200,"00cf385d":205,"23760167":193,"789bd484":186,"a939b50b":189,"a1921150":205,"12012fbd":183,"37fbb107":200,"6de0aaac":181,"cf775f58":200,"2dda3936":184,"93fdbb44":184,"b946e146":206,"945b63f0":217,"22176537":199,"bb99c79c":189,"ef1c2dcb":199,"730338c4":204,"7db3edda":189,"84b67924":191,"bca2d7cd":189,"5b5fc566":192,"88ce179e":201,"93b0a158":208,"ea4d3f3e":199,"54d7de6b":217,"e356abf1":201,"00a17b46":193,"c38c2b52":193,"ef91eaae":177,"7fb4c521":194,"2b698053":190,"ad303bda":188,"7a4c064c":201,"9a3ab0b8":190,"0042f6eb":187,"78b97937":215,"8721056e":174,"7bda83dd":189,"f3992a31":209,"104721f0":193,"69134f07":175,"a4296d1e":186,"288d171f":199,"c7313e0a":206,"1e232870":202,"261c9911":209,"cd421290":189,"40e79dd3":196,"bc09fa9e":194,"a0cca8b7":183,"4eed1bea":200,"ce3bf5db":189,"c45d554f":206,"b320feb9":199,"e786063b":202,"c1bdfd41":188,"2154b6e8":184,"b5ce0c0c":202,"ffc86f94":180,"7fdc2007":174,"dc0c8b09":208,"f1dffa24":173,"cf84fb54":199,"8298e976":207,"6db0ea86":181,"6a60348e":187,"8b2b601d":204,"07fc4a9a":207,"f5829ac0":203,"8c6e001f":165,"288afc30":204,"9263c525":198,"742f1425":195,"1c3a30c5":200,"e0e6a097":192,"a533489b":217,"ac62fac2":210,"12271e14":199,"408bb2ed":194,"40569362":210,"cf52025e":191,"23080895":179,"24d24fa3":183,"70c1e715":199,"8cd78f77":193,"13747b82":204,"47cfba38":177,"3a1d1632":170,"95904ac4":213,"3f75d3bc":217,"db8ba455":198,"4bc46d7a":186,"cf1b8c47":203,"a5fd8ffd":200,"dd035d2a":181,"20e470e0":192,"902f49f5":190,"93683c82":187,"d70ca4f4":219,"110b1ee3":198,"1f11812e":208,"5ccf94d6":198,"b769bdfb":188,"f5cd79c1":203,"60e855ee":207,"3c18f28e":190,"b230e8d3":199,"71279c46":193,"03b4ab60":178,"4ed01268":183,"ccf8b803":199,"23760167":194,"77f31bab":204,"449d8475":174,"945b63f0":218,"5957df9e":186,"f66616b7":195,"546f6845":187,"53a8613c":206,"ac38a6a5":202,"88432019":182,"4d35385e":182,"01d817b8":173,"20811ddf":198,"dffa7793":161,"bb00e71c":179,"6c20c153":195,"04bef50c":166,"ee21ad02":219,"6ee92259":203,"77bfed7e":187,"7218c9f1":188,"2b698053":191,"7e95c5a0":198,"b73e789c":175,"629800eb":206,"4f59a322":197,"53431634":213,"754f98c9":210,"4e3f5178":213,"0dad37d5":201,"bd984a8e":184,"dbc9df44":171,"1e232870":203,"85de05f2":187,"efd23af5":178,"27d8bf51":189,"9d0546ac":181,"805534ac":196,"a0ce82b4":195,"bfad1727":178,"638cb163":211,"859545e6":183,"28d40296":168,"0a2f71bc":183,"ea6de194":205,"25a2844e":192,"478d2d4f":213,"971675c5":205,"004f1ef3":231,"95d3d348":184,"6b79fec2":183,"a8871ddf":181,"d36125db":197,"013ee301":189,"a4dafea5":187,"95bc84f1":177,"32c9fc47":198,"cf84fb54":200,"08a4c3f8":199,"fe0df575":209,"31f6d707":209,"ac62fac2":211,"a533489b":218,"2c24d929":196,"67f6e4f2":172,"2198ba8e":184,"7fdc2007":175,"0e2b5d2f":195,"6c524f99":202,"78b97937":216,"13b53c7a":202,"2f455cce":192,"aa5dfdf5":191,"3062379b":185,"eb7b4e29":182,"e58b26f6":207,"a625328f":198,"c793cdda":198,"42cd2360":161,"0a1d11e6":176,"012de09c":189,"906fdec3":178,"ec110282":225,"a472532e":181,"91f7ef72":180,"92f800f5":208,"4def63ee":175,"7a9344a4":208,"30fdcd3b":195,"7cd0ad7b":198,"b6591e25":196,"0c0e98ea":186,"5cd3cfe0":180,"906632cb":212,"74e01f6a":193,"34658473":192,"ad8f85d6":212,"49bf2e95":180,"b2bd8fd3":172,"0f72f2d8":196,"ed4fad08":200,"5a734022":176,"35aa7fd0":198,"4911acad":166,"227006e4":195,"60d6cee2":189,"b230e8d3":200,"d957f027":195,"a9b1bd51":152,"a939b50b":190,"30dd2edc":194,"90d52475":195,"cb6c9e42":217,"6d339d45":173,"aff8e442":200,"6d5fcd4c":188,"0f1ac912":175,"945b63f0":219,"18815a1b":190,"f5596d0f":196,"04cc7cbe":184,"a502c93c":187,"3b2dee89":182,"5acce642":206,"ae99df30":175,"6775d5cd":192,"11b74e63":199,"ef91eaae":178,"ef14000f":210,"597c1f81":195,"abd32136":203,"c0fea118":182,"1a2c020b":202,"acac14fb":183,"0dad37d5":202,"704bce0d":188,"0da28f5b":207,"34c5c729":190,"72b84094":219,"3007f31f":176,"ded7da5a":201,"53747a91":185,"21e10a2b":191,"c8dc010f":196,"f4343817":190
1604737669293,"ac38a6a5":203,"5a07fc2e":172,"39ba00f0":197,"5747db6e":210,"4bcd4a30":200,"2c01e624":200,"284544ba":187,"730338c4":205,"51f80f4c":216,"bfcb912a":193,"3a1d1632":171,"71a2a493":162,"4911acad":167,"5774ac0d":205,"9b3f8714":202,"0670c466":185,"cb6c9e42":218,"6e98dfda":199,"84369269":174,"c6c85783":207,"49902219":218,"cf775f58":201,"0277d748":202,"53a8613c":207,"23760167":195,"fe1d4419":188,"a40846b7":192,"60e855ee":208,"363590c7":208,"a77e127d":173,"22aeaf03":192,"3712c4bd":176,"868edcc0":197,"0d2c95fe":193,"b36a0d66":183,"f277386e":165,"45fb95c1":196,"2cce4fb2":197,"8b2b601d":205,"c4aa1e38":172,"9260d96b":227,"08c6b5d2":198,"be4f8ba8":181,"01d817b8":174,"8547fbc2":182,"2f455cce":193,"84b67924":192,"383e232d":191,"884b0ad1":184,"d744bee2":187,"f069bb07":193,"39ba00f0":198,"e0e6a097":193,"a636f4c9":208,"3d1af513":205,"aefe13f5":202,"d102b0c6":177,"b7df1559":189,"d8475b95":169,"288afc30":205,"2198ba8e":185,"d0e9a58e":199,"56752a4a":182,"a5aee5de":223,"60d6cee2":190,"74e3d13e":192,"e4714415":209,"a47abfbb":178,"725dce8b":206,"24a9fb86":205,"162a7348":189,"87083264":210,"e4cfef0a":183,"ba938220":191,"bd62d7ed":182,"78b97937":217,"20958d58":186,"05f6ab35":201,"cd522166":205,"eb2e1983":195,"2a4a402a":187,"caddd0a7":202,"3fdb08f5":193,"c4e70c07":181,"7e76c93c":194,"ea6de194":206,"04ea5673":189,"5f620a1e":194,"20e470e0":193,"30fdcd3b":196,"8db62558":198,"74f234c6":223,"dbd2f139":194,"c3e6ef01":190,"e62d705f":185,"789bd484":187,"b8ab8e6e":190,"6adce358":212,"dc583e64":203,"004f1ef3":232,"e238f09b":208,"f6fe095d":204,"5781776a":198,"f1dffa24":174,"c318d350":207,"cf50e84e":185,"a4dafea5":188,"b84a06eb":190,"d6db2b02":204,"a24e6670":193,"e81834aa":222,"6d802fa2":178,"0670c466":186,"ac38a6a5":204,"8a52882e":199,"b9a48a5c":171,"53a8613c":208,"650bb0e0":186,"5339e1e9":206,"0e036ae9":210,"8dd2684c":197,"546f6845":188,"175bc6b2":175,"4bcd4a30":201,"d744bee2":188,"5747db6e":211,"1f342a00":188,"383e232d":192,"3062379b":186,"22234d6b":194,"7896b953":199,"2dd0e808":185,"313258f2":196,"08a561b7":194,"b2cfdbcf":186,"781ace7d":191,"52eca0dc":198,"90a06ee9":203,"696fdac5":209,"f76a3e83":197,"0dad37d5":203,"f2086446":179,"8e780922":175,"e1618359":199,"27d8bf51":190,"bfad1727":179,"67f6e4f2":173,"7a2f3f06":182,"608bc832":161,"792cfcbd":195,"d0b297b2":187,"87922532":222,"8c6e001f":166,"59c1e594":179,"2e99f8fd":191,"baebb391":205,"288afc30":206,"bad6cdb1":159,"03dcfa3d":191,"3e602573":196,"4125085e":203,"32133249":197,"3a1d1632":172,"540df50f":199,"a2c334e7":216,"9b3f8714":203,"e4714415":210,"87c462ee":198,"9d4f1fe6":183,"95d331b1":184,"5acce642":207,"6841f77e":207,"4652b09a":199,"11b74e63":200,"4f59a322":198,"1dad0f99":182,"cc5a1d47":184,"d4ee22a4":200,"cb142908":182,"621d6b18":204,"d5059415":181,"82204d54":185,"1745a0f4":198,"dc0c8b09":209,"062179c1":187,"9a3ab0b8":191,"eb2e1983":196,"5f4102da":202,"2ad42a9e":217,"9d0546ac":182,"92136ff5":195,"a851554d":201,"df81ddee":183,"caddd0a7":203,"28d40296":169,"4c39240e":207,"719c8869":200,"5f620a1e":195,"25776fc4":199,"ffc86f94":181,"3f9b5722":177,"0c0e98ea":187,"026766f3":194,"40a745c0":194,"a58bf525":193,"6ce84ff8":176,"5623817d":178,"0b3283c9":200,"3c43e8a2":205,"27f52ed3":214,"b935fc1c":191,"88a30343":198,"8b2b601d":206,"a4dafea5":189,"820225e4":174,"e36dfd6f":201,"489a39f7":193,"e0f7679f":175,"91d52a55":191,"77bae750":188,"2b3e4717":194,"c6c85783":208,"4469c815":167,"eafbf9fb":195,"cf775f58":202,"b946e146":207,"7e15f8e8":200,"18815a1b":191,"bad1a1cc":196,"d1715f3b":210,"f2f58418":179,"21ee2afe":210,"6a3eaf43":205,"0d2a1c58":188,"508aac3d":201,"730338c4":206,"bca2d7cd":190,"98915a1f":178,"272c7672":201,"08a561b7":195,"cf1b8c47":204,"c91966ce":190,"3a291497":176,"810aa5e9":197,"52eca0dc":199,"da04caac":204,"906632cb":213,"a4f1d83b":185,"0841052c":212,"8e780922":176,"be2955bb":188,"acac14fb":184,"dcf85091":181,"e1618359":200,"f33c0140":197,"ab7d4c9a":188,"1b153aef":198,"c4aa1e38":173,"f9c15fcc":190,"608bc832":162,"03c398d2":204,"7a2f3f06":183,"d82592f4":209,"0ac825ed":198,"a5aee5de":224,"5a0ead91":175,"12271e14":200,"792cfcbd":196,"aefe13f5":203,"6be9332a":178,"5f6613c8":177,"af034fee":208,"bc3dc66a":198,"40860a4b":174,"162a7348":190,"12534561":194,"6df0b2e8":216,"87c462ee":199,"93b0a158":209,"d1d40c9c":205,"79be29c8":175,"e4c312fe":195,"04cc7cbe":185,"fea793f5":197,"385ab7c6":200,"597c1f81":196,"8ac72326":190,"d5059415":182,"f7231212":189,"7e95c5a0":199,"faf4f98b":199,"82204d54":186,"20958d58":187,"05f6ab35":202,"9b546d65":183,"cfafcda8":183,"c6dc900c":165,"6c524f99":203,"fb8bfb36":215,"53747a91":186,"261c9911":210,"805534ac":197,"51c57542":197,"bc09fa9e":195,"85de05f2":188,"04ea5673":190,"caddd0a7":204,"5ab7bc35":195,"859545e6":184,"0f029727":192,"4c39240e":208,"9bdf362a":199,"b935fc1c":192,"42191b64":166,"9a3cc55d":183,"095ab3b4":194,"77d35808":177,"a77e127d":174,"c7ab83c1":174,"95bc84f1":178,"d6db2b02":205,"1438fad7":194,"11888cfa":179,"d957f027":196,"4ed01268":184,"39a2fcce":181,"e15fd611":183,"c81b2bcf":178,"6de0aaac":182,"dfa1a89b":184,"36b7003c":216,"bc021def":192,"1d790491":194,"4469c815":168,"ef8321d8":200,"f2f58418":180,"558d5ce7":189,"ea822700":189,"f4726450":183,"b947257e":202,"88b3bc99":179,"a901627e":186,"95904ac4":214,"69eeae0d":173,"f905a555":182,"43bc86e3":194,"83b2f9c5":200,"6e44927f":193,"84b67924":193,"2d54e0a8":196,"1f7607df":181,"d634aa28":197,"cd3bbe7e":192,"1e191c98":177,"8942c35b":192,"0af920d8":178,"66b7b5b4":191,"5272520d":193,"c4feee5b":194,"696fdac5":210,"f2086446":180,"9b742f71":182,"8d753bb6":192,"0b5a0408":204,"54a676d6":189,"379184a7":215,"8493f3b2":193,"4ac6bd4e":178,"34658473":193,"b2a8761b":174,"4febf7c5":191,"73b15e04":187,"4f5e3e7d":179,"12a2cd4b":188,"d102b0c6":178,"eed20185":209,"35b58ef9":177,"bad6cdb1":160,"a636f4c9":209,"e4714415":211,"c4bff41f":208,"6df0b2e8":217,"72805bf5":187,"540df50f":200,"1757a30e":180,"95d331b1":185,"67d30f2b":184,"7f6d1d0e":203,"5b5fc566":193,"730a4938":179,"e6ec8cbf":208,"00a17b46":194,"cf9f4757":191,"d7cb9bcf":184,"ffa08d82":193,"7a840529":187,"a06a6430":202,"af7e5be8":198,"82204d54":187,"6a7392d5":177,"062179c1":188,"19551bad":188,"61d4782d":190,"4125085e":204,"77300e4a":171,"1a68160d":198,"5e193fc8":196,"21ad2f34":208,"6b9eff39":190,"0149e11a":177,"51c57542":198,"6bc5d32a":211,"07107f6e":196,"2ad42a9e":218,"e1571af7":189,"b320feb9":200,"88fa53d6":176,"24ffcbd3":210,"4577b333":202,"92f800f5":209,"ffc86f94":182,"b1f58563":191,"1da771fb":197,"83086d4c":200,"6ce84ff8":177,"5270f158":182,"6085137f":188,"71ff66e8":202,"a1921150":206,"4ed01268":185,"794f652b":203,"d5557fb4":195,"bf822e33":193,"12dd6f5e":176,"ccf8b803":200,"d1715f3b":211,"50d129cf":193,"d6320619":183,"3454fa2b":171,"0277d748":203,"2cb29e5a":201,"d2a841c9":188,"6e851762":187,"c463799d":191,"a59a8290":201,"20958d58":188,"da04caac":205,"f905a555":183,"69eeae0d":174,"6e44927f":194,"ec110282":226,"a0cf08b3":151,"83b2f9c5":201,"911e770b":193,"de6213c7":185,"dbd2f139":195,"bb98a6cf":217,"30dbfc69":185,"1f11812e":209,"110b1ee3":199,"19e9776f":187,"4360a1a3":206,"88b3bc99":180,"dd7acb96":195,"084cbc0b":178,"4bcd4a30":202,"59431390":187,"b84a06eb":191,"4945c851":206,"2d1e1e9d":200,"a24e6670":194,"a3d4a0e5":206,"a8871ddf":182,"608bc832":163,"50312237":195,"554ebb83":207,"336d0f08":202,"cd95f558":192,"1c3a30c5":201,"9c58dd76":189,"761cf820":203,"8245f916":186,"4b4ef7fa":182,"64a7f79f":199,"23080895":180,"9fc713b0":203,"ac62fac2":212,"2132fe93":200,"d4d5f466":185,"f56ac638":175,"93b0a158":210,"290b4714":196,"9cb4697f":198,"6b82b527":198,"e356abf1":202,"00a17b46":195,"87cd2add":174,"1dad0f99":183,"9f74b8a4":178,"0785820e":194,"cc5a1d47":185,"9c29f0ed":209,"b87158fb":187,"60d6cee2":191,"dcfaba4c":188,"31f6ba51":181,"68562193":198,"e9a8cf11":193,"a4296d1e":187,"655954ba":187,"34c5c729":191,"79f04300":200,"e0154608":204,"90a06ee9":204,"ab7d4c9a":189,"72b84094":220,"e2cbe594":197,"25e0dd3d":190,"9d0546ac":183,"fb8bfb36":216,"2209903e":190,"79e4fa1c":196,"b7505747":200,"08a06557":217,"49b358bd":199,"e32524d6":186,"b320feb9":201,"7043382d":190,"caddd0a7":205,"03b4ab60":179,"09ff339a":168,"d1676e89":192,"e238f09b":209,"5b60dd1d":192,"71ff66e8":203,"c0b7e7d7":180,"a77e127d":175,"2a387957":191,"37fbb107":201,"bf822e33":194,"ce3407dd":181,"cb6c9e42":219,"47d27624":182,"12dd6f5e":177,"66d94227":185,"be4f8ba8":182,"dfa1a89b":185,"d6320619":184,"30dd2edc":195,"3661e12d":194,"36d340f2":170,"fee32863":192,"05f6ab35":203,"733c86f8":204,"7fdc2007":176,"f67de058":197,"dfcc2ad1":213,"3f75d3bc":218,"3101354b":172,"71ba7561":166,"aa76bc50":163,"8a165e17":197,"2dd0e808":186,"d8e58a8c":212,"9316e7e8":157,"d033db8d":208,"430a5db5":199,"dbd2f139":196,"4ee62a26":183,"0d5ee801":184,"906632cb":214,"383e232d":193,"911e770b":194,"5747db6e":212,"84b767be":218,"d1ca5d6b":202,"aa5dfdf5":192,"272c7672":202,"8cf83787":173,"06ddafc7":174,"95bc84f1":179,"2d1e1e9d":201,"54a676d6":190,"90731976":184,"e0f7679f":176,"1b153aef":199,"4ea4a2a1":213,"3652bd66":193,"8f2a7d69":189,"34658473":194,"ad8f85d6":213,"358e45b1":191,"03c398d2":205,"4cc141fa":161,"08a4c3f8":200,"01cd8099":210,"a0b03218":199,"12a2cd4b":189,"1c3a30c5":202,"f0a06216":197,"ea4d3f3e":200,"935ec056":184,"bec9d329":212,"cb4f262b":184,"5acce642":208,"7ee7621c":190,"d5059415":183,"76f94eda":201,"7218c9f1":189,"619fda68":226,"a85d89cc":196,"0d28db94":182,"10ec5a0b":184,"3c18f28e":191,"76f3a3be":196,"b2c25d1c":194,"c85a0d80":189,"f121b82c":203,"c4feee5b":195,"0da28f5b":208,"4e3f5178":214,"c21ab51e":177,"7b6a7048":188,"c455f40e":183,"27d8bf51":191,"70594a28":191,"44ff8baa":195,"261c9911":211,"5c82d1ce":193,"c015ec5a":200,"08a06557":218,"44c77422":194,"cc6bbe45":188,"c4e70c07":182,"7be025ce":188,"e5d3655c":218,"0ecfa1c9":182,"a47abfbb":179,"f1dffa24":175,"1951480c":176,"c564e316":204,"312f7676":210,"9a3cc55d":184,"60e855ee":209,"71279c46":194,"57d5dee8":191,"4911acad":168,"c6c85783":209,"7e15f8e8":201,"a939b50b":191,"1a0189c4":183,"d5557fb4":196,"1634789b":187,"789bd484":188,"172217e5":205,"3f65f121":203,"d78dd457":182,"dfcc2ad1":214,"fee32863":193,"8063df14":201,"2a76f1dd":172,"fead11cf":193,"e5b1abc6":194,"3c0df8b4":211,"a851891c":189,"45b5746e":195,"d9d0c567":197,"a15713c6":214,"d8e58a8c":213,"da04caac":206,"4469c815":169,"49902219":219,"1e7753d9":202,"6f81493d":177,"d033db8d":209,"30d84dce":170,"467773ac":186,"5272520d":194,"ca6d2d91":191,"57540cc3":192,"18815a1b":192,"ac38a6a5":205,"b769bdfb":189,"e7e82473":216,"7732eb1e":215,"820225e4":175,"0d2c95fe":194,"26009d3f":175,"5678ed7b":208,"1be05c14":200,"36fb15d2":209,"379184a7":216,"b8397293":184,"5f8517b7":216,"40569362":211,"6f0fcb9d":199,"b2bd8fd3":173,"b2a8761b":175,"468fc85c":200,"26c6fa34":181,"bc392d1c":170,"99d130c9":190,"884b0ad1":185,"fd07e0ed":198,"0bd93cfd":153,"f4726450":184,"e58b26f6":208,"a625328f":199,"d3a669ac":204,"e6ec8cbf":209,"6775d5cd":193,"5eab91a0":200,"16b476e9":190,"6c20c153":196,"88ce179e":202,"91b28f83":207,"07f98660":212,"cf9f4757":192,"d2466211":202,"2ce1af05":172,"c382f054":206,"b3863630":186,"288d171f":200,"06ee61b6":181,"8e99d5d0":228,"80a8a56d":194,"2e3503e4":208,"bfad1727":180,"6bc5d32a":212,"c455f40e":184,"c650b434":195,"ccb5ea3e":172,"93e8cee5":217,"805534ac":198,"4fd645f1":190,"aab4d996":187,"2af60749":204,"4577b333":203,"c8fcad77":176,"d8475b95":170,"2198ba8e":186,"578f6e9e":210,"3712c4bd":177,"5eaa1581":187,"f94bf9ea":183,"03b4ab60":180,"a6003226":191,"031e488e":210,"24a9fb86":206,"6632fed0":199,"f66616b7":196,"0f1ac912":176,"8a52882e":200,"1a0189c4":184,"c67979e6":214,"815e4582":204,"87cd2add":175,"93b9fae6":187,"ad303bda":189,"82204d54":188,"8721056e":175,"1105f790":222,"a59a8290":202,"05f6ab35":204,"7fdc2007":177,"a567ace4":194,"f3a0c2ee":189,"0a1d11e6":177,"a5fd8ffd":201,"83b2f9c5":202,"195eb771":193,"d5dae4c4":212,"44a4f7cd":190,"d9d7c4c2":194,"14c682eb":187,"f4634d0b":192,"c2bb8aae":191,"a8726d50":179,"6e24d88b":186,"a4f1d83b":186,"1a2ec5d7":206,"cd3bbe7e":193,"315537b2":202,"9e206c95":214,"53a8613c":209,"a77e8461":195,"1d153b20":201,"36d340f2":171,"014bdff0":200,"8274885a":187,"3c43e8a2":206,"22aeaf03":193,"312f7676":211,"6a60348e":188,"4b3e3b1c":200,"45fb95c1":197,"3310a049":197,"e0f7679f":177,"07fc4a9a":208,"26009d3f":176,"6585adbe":169,"1ff8c2fc":200,"67f6e4f2":174,"40569362":212,"379184a7":217,"45b038bb":225,"fe0df575":210,"064a99c8":197,"416a9e97":185,"272c7672":203,"a625328f":200,"911e770b":195,"6e851762":188,"0bd93cfd":154,"c0e2624b":188,"0d2a1c58":189,"28654c76":203,"d39724bc":192,"d4d5f466":186,"93b0a158":211,"4b125e7b":183,"2882a956":186,"5b5fc566":194,"e0e48a2d":193,"685207b3":193,"53431634":214,"06ee61b6":182,"8e780922":177,"be2955bb":189,"f121b82c":204,"c0fea118":183,"77898c22":171,"4dac6b20":165,"9a80f004":197,"913a6226":200,"201cafad":193,"da3437cd":181,"4eed1bea":201,"0f029727":193,"7043382d":191,"aefe13f5":204,"a0b03218":200,"cac4449a":189,"01cd8099":211,"bad6cdb1":161,"a43061ee":183,"a6003226":192,"1ed46298":207,"0ecfa1c9":183,"76f3a3be":197,"ed4fad08":201,"227006e4":196,"c93c3508":172,"f66616b7":197,"5957df9e":187,"8ac72326":191,"e4cfef0a":184,"4d9b0b10":201,"cf9f4757":193,"c803b4a3":189,"c8113b77":178,"faf4f98b":200,"ba5c52af":187,"e35a63cd":193,"0042f6eb":188,"a8c93bed":194,"9d023afb":188,"b102f7bd":200,"e5b1abc6":195,"195eb771":194,"aa867541":183,"2b3e4717":195,"7e15f8e8":202,"cc6bbe45":189,"8f13c203":179,"d9f512b9":200,"25776fc4":200,"9bdf362a":200,"94a2fe10":203,"751bcf25":183,"1e7753d9":203,"1a2ec5d7":207,"66497c7e":186,"6f81493d":178,"3f9b5722":178,"97e75c19":199,"b88033fd":203,"1b881e6e":203,"578f6e9e":211,"b935fc1c":193,"fe1d4419":189,"3a204e56":190,"b1f58563":192,"e238f09b":210,"60e855ee":210,"17b08923":194,"8aa78e2f":176,"1db42092":197,"88a30343":199,"1f88a4b7":209,"159ffd0b":181,"ce4da56f":192,"ef16ca37":184,"45b038bb":226,"3652bd66":194,"172217e5":206,"4469c815":170,"eafbf9fb":196,"9a467a82":197,"8cc4a982":203,"9de29816":169,"b9a48a5c":172,"d0d6acb1":195,"8657c79d":189,"de6213c7":186,"2c627253":198,"383e232d":194,"272c7672":204,"c793cdda":199,"d9d0c567":198,"1d44aff3":205,"fd482491":219,"012de09c":190,"c91966ce":191,"5b5fc566":195,"d815c5b4":222,"ae99df30":176,"6841f77e":208,"36380d96":193,"a3253019":188,"e0154608":205,"a4296d1e":188,"8e780922":178,"c382f054":207,"69134f07":176,"f9f2c53f":172,"e21c6207":194,"7d112f4d":199,"26dd2000":210,"07107f6e":197,"b7407bd3":187,"06073f13":206,"31f6d707":210,"761cf820":204,"792cfcbd":197,"812b4f15":182,"bc392d1c":171,"27c8e038":208,"74e01f6a":194,"87922532":223,"a0b03218":201,"deb31f35":201,"5a734022":177,"5e09f69e":214,"4911acad":169,"6df0b2e8":218,"4125085e":205,"5f6613c8":178,"87c462ee":200,"2882a956":187,"f0a06216":198,"0d28db94":183,"0bfabf48":182,"d7cb9bcf":185,"056ea7ff":211,"10ec5a0b":185,"d83294cd":189,"869cbaa0":209,"fef750ca":200,"78b97937":218,"cfafcda8":184,"5f4102da":203,"9b546d65":184,"a567ace4":195,"fead11cf":194,"f4b2f575":186,"261c9911":212,"c455f40e":185,"37a7d5b0":188,"04ea5673":191,"4777334c":186,"c8fcad77":177,"9bdf362a":201,"ca7d47f7":196,"aa021138":212,"ddec9e54":190,"56d315d8":171,"9316e7e8":158,"61f25dd4":219,"d033db8d":210,"c8977844":192,"0841052c":213,"c81b2bcf":179,"bf822e33":195,"5a0eb771":191,"5781776a":199,"1951480c":177,"fe1d4419":190,"a40846b7":193,"eda6a690":188
1604737670655,"a901627e":187,"74c26380":218,"7ae34c64":188,"dc03ebd2":208,"345c9967":189,"195eb771":195,"5ef93e5d":171,"677c6a09":213,"bb00e71c":180,"67d30f2b":185,"abad2347":198,"124fbe96":186,"d815c5b4":223,"1bb4ccc0":190,"00a17b46":196,"7a840529":188,"f121b82c":205,"ab7d4c9a":190,"69134f07":177,"6b78ad7f":191,"efe84c27":193,"36380d96":194,"dcf85091":182,"f734c84c":215,"f9f2c53f":173,"6bc5d32a":213,"a0ce82b4":196,"c8dc010f":197,"22aeaf03":194,"f6fe095d":205,"8298e976":208,"8aa78e2f":177,"69f3bfcc":186,"8d753bb6":193,"868edcc0":198,"49910300":178,"e81834aa":223,"2b698053":192,"9496f56f":196,"8ac72326":192,"ef14000f":211,"c8113b77":179,"6c486702":198,"cfafcda8":185,"dc0c8b09":210,"7af262e5":221,"fee32863":194,"733c86f8":205,"30c184b8":187,"65e4235b":199,"0a1d11e6":178,"83b2f9c5":203,"5ef93e5d":172,"e21c6207":195,"a851554d":202,"24ffcbd3":211,"9bdf362a":202,"c8fcad77":178,"4777334c":187,"88fa53d6":177,"4def63ee":176,"0b959527":181,"c8977844":193,"a8726d50":180,"30dbfc69":186,"906632cb":215,"0af920d8":179,"c3e6ef01":191,"dbd2f139":197,"d9a64845":193,"7ae3fc50":176,"b35e9e1a":234,"b8397293":185,"c7c4ec5c":178,"d0c0fc08":172,"3a1b9af5":190,"a636f4c9":210,"fa55f27a":199,"4febf7c5":192,"12a2cd4b":190,"12271e14":201,"dd1fcb17":179,"804d4dfa":185,"59c1e594":180,"52eca0dc":200,"8db5a165":186,"54d7de6b":218,"ee21ad02":220,"1757a30e":181,"1c0a9eff":181,"f56ac638":176,"d815c5b4":224,"6ee92259":204,"dbc9df44":172,"1a2c020b":203,"c382f054":208,"e0154608":206,"e1618359":201,"168e75d9":192,"754f98c9":211,"ecfa8249":210,"53747a91":187,"09f0db62":213,"3c43e8a2":207,"c95719e5":176,"3f2522c2":204,"014bdff0":201,"c564e316":205,"c7ab83c1":175,"8cf83787":174,"0b5a0408":205,"54a676d6":191,"05642105":198,"a3d4a0e5":207,"1f88a4b7":210,"95539a58":187,"b9be31d6":203,"ad303bda":190,"4f59a322":199,"7e95c5a0":200,"87083264":211,"c38c2b52":194,"25d1b2d8":197,"c6c85783":210,"c67979e6":215,"2cb29e5a":202,"140ce69e":181,"d2a841c9":189,"a77e8461":196,"bb99c79c":190,"09560615":179,"e9adbe58":192,"7db3edda":190,"92efd84f":195,"f069bb07":194,"a625328f":201,"284544ba":188,"cbb54a0a":180,"af0b61ab":196,"8063df14":202,"c463799d":192,"a8c93bed":195,"70ee0491":174,"2bcca6a7":211,"9d023afb":189,"8721056e":176,"4e5aaaec":183,"3b7763b1":173,"5fa12feb":205,"25e0dd3d":191,"4dac6b20":166,"62d1d346":174,"28d40296":170,"4777334c":188,"7e76c93c":195,"a577db1c":192,"92f800f5":210,"57167c74":184,"f1b493de":215,"db703021":194,"61f25dd4":220,"7cd0ad7b":199,"bbe71605":174,"8493f3b2":194,"50312237":196,"792c9b6a":180,"8c6e001f":167,"b2a8761b":176,"e8d74304":181,"d0b297b2":188,"cbad3b92":220,"336d0f08":203,"458dcc3d":207,"a43061ee":184,"35b58ef9":178,"dd1fcb17":180,"b460f030":218,"49cb2959":199,"5ef93e5d":173,"fd482491":220,"2c6cb96f":163,"69eeae0d":175,"b28a5e67":225,"dd035d2a":182,"64db4feb":209,"5a734022":178,"3a1d1632":173,"35aa7fd0":199,"b35bb8a1":183,"5eaa1581":188,"57d5dee8":192,"d83870f5":192,"e0e48a2d":194,"d1d40c9c":206,"7a9344a4":209,"26ed1a5c":185,"902f49f5":191,"c382f054":209,"0a92153e":190,"8e99d5d0":229,"c0fea118":184,"c4feee5b":196,"dcf85091":183,"145c7559":178,"fea793f5":198,"312f7676":212,"a58bf525":194,"09f0db62":214,"6ce84ff8":178,"695a2b92":184,"93ac9ca3":195,"2c5c1dc0":185,"e36dfd6f":202,"7735c3c2":195,"f0a06216":199,"bf30a08f":210,"af7e5be8":199,"6f39f4d9":205,"8ac72326":193,"9c29f0ed":210,"77bfed7e":188,"e28c2efc":182,"5d087c79":202,"77bae750":189,"48efc739":212,"527ff946":200,"088feee2":197,"90d52475":196,"c98d5272":184,"49902219":220,"d3e84616":192,"53a8613c":210,"15620dca":210,"3661e12d":195,"b9a48a5c":173,"416a9e97":186,"92efd84f":196,"6751d8e4":203,"4bcd4a30":203,"0fc5ac7e":218,"f069bb07":195,"fb7482fe":194,"2180f99b":188,"0d28db94":184,"bd62d7ed":183,"0042f6eb":189,"062179c1":189,"c1bb74f2":192,"30c184b8":188,"7af262e5":222,"733c86f8":206,"92136ff5":196,"e2cbe594":198,"c455f40e":186,"18d20aa1":198,"2ad42a9e":219,"7e8e1c3d":184,"4295ce9a":196,"8f13c203":180,"868cda42":197,"d9f512b9":201,"d9d7c4c2":195,"a577db1c":193,"0a2f71bc":184,"9bdf362a":203,"cf84fb54":201,"a6bcb07e":188,"b84a06eb":192,"49910300":179,"66554572":159,"045f280d":200,"3a1b9af5":191,"fe0df575":211,"608bc832":164,"8323d333":172,"f1862e79":168,"481754fc":176,"8245f916":187,"b7df1559":190,"49bf2e95":181,"dd1fcb17":181,"468fc85c":201,"35b58ef9":179,"ad8f85d6":214,"87922532":224,"a901627e":188,"e865e4dd":183,"31f6ba51":182,"c4bff41f":209,"e4714415":212,"540df50f":201,"71a2a493":163,"7af9d3b1":192,"6632fed0":200,"4bc46d7a":187,"2c6cb96f":164,"db8ba455":199,"3101354b":173,"f905a555":184,"095ab3b4":195,"b769bdfb":190,"71ff66e8":204,"c95719e5":177,"6d61bf13":180,"e7773397":182,"c7ab83c1":176,"30fdcd3b":197,"3b690f68":213,"6e24d88b":187,"40a745c0":195,"8942c35b":193,"655941a0":213,"d0c104c4":169,"e7abc88d":176,"0da28f5b":209,"dcf85091":184,"69134f07":178,"37d0cae2":182,"88ce179e":203,"ee21ad02":221,"67d30f2b":186,"6775d5cd":194,"c0b23081":217,"1757a30e":182,"0670c466":187,"66d94227":186,"25d1b2d8":198,"d5557fb4":197,"5957df9e":188,"97e75c19":200,"c98d5272":185,"12dd6f5e":178,"a63bddd4":238,"21ee2afe":211,"a77e8461":197,"af157d29":190,"4d35385e":183,"36d340f2":172,"911e770b":196,"d552eb2f":201,"bca2d7cd":191,"aec074c4":200,"6a3eaf43":206,"383e232d":195,"5a07fc2e":173,"d83294cd":190,"cb142908":183,"8ac72326":194,"87083264":212,"1dad0f99":184,"93b9fae6":188,"0d7d88f1":192,"fead11cf":195,"478d2d4f":214,"78b97937":219,"dfcc2ad1":215,"11b2c8d9":187,"8063df14":203,"1745a0f4":199,"f76a3e83":198,"4b4ecbce":177,"104721f0":194,"53747a91":188,"c650b434":196,"ab7467de":214,"07107f6e":198,"5fa12feb":206,"8ea21393":173,"70594a28":192,"14c682eb":188,"aab4d996":188,"49b358bd":200,"04ea5673":192,"1623fc9f":194,"92f800f5":211,"ce3bf5db":190,"e8f173b5":202,"90731976":185,"de36827b":222,"05642105":199,"6c73ae98":166,"45fb95c1":198,"8b2b601d":207,"4ba6eb36":184,"9e878ec2":198,"cd95f558":193,"fa55f27a":200,"f1862e79":169,"8eb64769":201,"5f8517b7":217,"4cc141fa":162,"8f2a7d69":190,"b7df1559":191,"c6e3d352":202,"35b58ef9":180,"04612878":219,"c609739e":200,"abc1d7ad":214,"47cfba38":178,"3c18f28e":192,"deb31f35":202,"40860a4b":175,"181c3dd5":194,"24a9fb86":207,"2ab62345":181,"a0cf08b3":152,"da04caac":207,"db8ba455":200,"a5fd8ffd":202,"8a165e17":198,"dd035d2a":183,"363590c7":209,"c318d350":208,"fe1d4419":191,"71ff66e8":205,"8274885a":188,"cc11fef9":203,"0c0e98ea":188,"4360a1a3":207,"c2bb8aae":192,"f4634d0b":193,"ca6d2d91":192,"9316e7e8":159,"d39724bc":193,"31d74eee":189,"5339e1e9":207,"39a2fcce":182,"5d087c79":203,"6adce358":213,"b88033fd":204,"8ec3834d":208,"175bc6b2":176,"57540cc3":193,"8cc4a982":204,"f2f58418":181,"6d339d45":174,"6cba74ce":171,"6143f39d":197,"84b767be":219,"2180f99b":189,"2f455cce":194,"6841f77e":209,"1a442bc7":174,"ea4d3f3e":201,"1c0a9eff":182,"d4d5f466":187,"00a17b46":197,"e356abf1":203,"10ec5a0b":186,"056ea7ff":212,"67c57de4":203,"ef14000f":212,"053f3451":191,"7fb4c521":195,"9b546d65":185,"2a76f1dd":173,"0f89862c":178,"05f6ab35":205,"0a92153e":191,"4e3f5178":215,"efe84c27":194,"e1618359":202,"9b742f71":183,"1247fa52":194,"8e99d5d0":230,"547903ef":202,"c455f40e":187,"913a6226":201,"7e8e1c3d":185,"85de05f2":189,"df81ddee":184,"f4343817":191,"259930ee":197,"b5ce0c0c":203,"0f029727":194,"3fdb08f5":194,"f8b31ce5":210,"4fd645f1":191,"dac109cf":190,"fee32863":195,"8721056e":177,"22aeaf03":195,"836701f6":194,"8d753bb6":194,"06ddafc7":175,"e81834aa":224,"e8f173b5":203,"0d2c95fe":195,"d0e9a58e":200,"8323d333":173,"1f88a4b7":211,"0b5a0408":206,"5acaa06f":165,"792c9b6a":181,"4ea4a2a1":214,"0ac825ed":199,"064a99c8":198,"db0a661e":192,"c609739e":201,"a636f4c9":211,"ad8f85d6":215,"946df4fd":221,"64a7f79f":200,"73b15e04":188,"a66a2d8a":207,"835358a0":188,"af0b61ab":197,"1f342a00":189,"778c95e9":185,"bb8a6337":181,"8cddb65e":192,"288a2c43":190,"227006e4":197,"6867261a":195,"2ab62345":182,"906fdec3":179,"d9d0c567":199,"3c0df8b4":212,"95904ac4":215,"ec110282":227,"5f0c1b9d":199,"5ef93e5d":174,"d1676e89":193,"fe1d4419":192,"ca6d2d91":193,"94a2fe10":204,"9316e7e8":160,"40a745c0":196,"0af920d8":180,"bb98a6cf":218,"7cd0ad7b":200,"51f80f4c":217,"39a2fcce":183,"93fdbb44":185,"9ceb5439":177,"d5557fb4":198,"44a4f7cd":191,"650bb0e0":187,"1634789b":188,"4d35385e":184,"d3e84616":193,"6d339d45":175,"22ecaed0":199,"8547fbc2":183,"37d0cae2":183,"124fbe96":187,"c0b23081":218,"04bef50c":167,"b9be31d6":204,"6034b6d0":207,"51a3e9c2":187,"cc5a1d47":186,"7fef9973":186,"aa187e3b":193,"629800eb":207,"053f3451":192,"4930f321":184,"2b698053":193,"cd522166":206,"9a3cc55d":185,"1951480c":178,"b769bdfb":191,"3f2522c2":205,"c7ab83c1":177,"3c782bb3":192,"868edcc0":199,"bbe71605":175,"a6bcb07e":189,"e0e6a097":194,"288afc30":207,"6c73ae98":167,"7732eb1e":216,"9263c525":199,"4945c851":207,"3a1b9af5":192,"6f0fcb9d":200,"d33790a2":221,"a5aee5de":225,"49bf2e95":182,"4febf7c5":193,"0eaf08da":192,"ae8a09c4":206,"5f4102da":204,"8721056e":178,"8b5a8e9f":198,"eb2e1983":197,"0a92153e":192,"06ee61b6":183,"8e99d5d0":231,"0da28f5b":210,"9b742f71":184,"972f4174":198,"704bce0d":189,"7e8e1c3d":186,"79e4fa1c":197,"20777945":190,"ecfa8249":211,"aa021138":213,"26dd2000":211,"5fa12feb":207,"259930ee":198,"4e5aaaec":184,"c1bdfd41":189,"5ab7bc35":196,"4777334c":189,"df2b4d87":185,"22176537":200,"e9adbe58":193,"d3a669ac":205,"778c95e9":186,"7e991ab9":160,"b7832271":207,"aec074c4":201,"70c1e715":200,"aaa274a5":191,"be149c6f":182,"5a734022":179,"55928ef1":187,"50b558a7":175,"a0cf08b3":153,"616d6dd6":191,"1d44aff3":206,"6023df54":187,"aa867541":184,"43bc86e3":195,"dd035d2a":184,"e32524d6":187,"d0c104c4":170,"66497c7e":187,"cd3bbe7e":194,"26ed1a5c":186,"61f25dd4":221,"0c043224":209,"74f234c6":224,"a0b03218":202,"73b15e04":189,"0f72f2d8":197,"0681c48e":205,"71a2a493":164,"dc473de1":172,"24a9fb86":208,"60d6cee2":192,"bda8cdfb":199,"77bae750":190,"088feee2":198,"8ec3834d":209,"36b7003c":217,"546f6845":189,"51a3e9c2":188,"bd2705b0":200,"bb00e71c":181,"1757a30e":183,"37d0cae2":184,"4258c176":182,"9fce073c":194,"124fbe96":188,"0bfabf48":183,"ef14000f":213,"7fb4c521":196,"e28c2efc":183,"c803b4a3":190,"93b9fae6":189,"8e780922":179,"b2c25d1c":195,"501db4de":189,"470d50c2":205,"a3253019":189,"be2955bb":190,"0da28f5b":211,"6b9eff39":191,"44ff8baa":196,"a851554d":203,"21ad2f34":209,"21e10a2b":192,"efd23af5":179,"30c5d755":203,"debe1f65":190,"8f13c203":181,"842c8340":192,"eafbf9fb":197,"9d63c4dd":191,"3661e12d":196,"51f57142":198,"315537b2":203,"9de29816":170,"84b67924":194,"4d35385e":185,"6e851762":189,"0d2a1c58":190,"50c3164b":218,"f271ed5d":194,"aa5dfdf5":193,"b7832271":208,"82204d54":189,"9a07d89b":172,"fead11cf":196,"8b5a8e9f":199,"317c1591":209,"f5cd79c1":204,"f6fe095d":206,"82868763":191,"8dc9b4db":201,"5781776a":200,"c95719e5":178,"d6db2b02":206,"868edcc0":200,"0b5a0408":207,"95f6db13":191,"a8871ddf":183,"1b153aef":200,"489a39f7":194,"00554ffd":201,"b552beb3":206,"4ac6bd4e":179,"b7407bd3":188,"6585adbe":170,"ef16ca37":185,"2198ba8e":187,"92ca52b7":204,"fee32863":196,"8063df14":204,"95904ac4":216,"42cd2360":162,"4abb7aed":191,"2dd0e808":187,"3c0df8b4":213,"da04caac":208,"14c682eb":189,"9bdf362a":204,"37a7d5b0":189,"08a06557":219,"04ea5673":193,"cc11fef9":204,"0c0e98ea":189,"cf1124db":186,"180377be":187,"059d6c19":202,"a8726d50":181,"0d5ee801":185,"f905a555":185,"c4bff41f":210,"12534561":195,"71a2a493":165,"a2c334e7":217,"dcfaba4c":189,"af034fee":209,"c9efc8f6":189,"aff8e442":201,"b6aaf976":189,"4ba6eb36":185,"481754fc":177,"87ce8d1d":167,"23080895":181,"d82592f4":210,"baebb391":206,"1bb4ccc0":191,"fea793f5":199,"e4117b3b":174,"6775d5cd":195,"a502c93c":188,"6b82b527":199,"0785820e":195,"a85d89cc":197,"20811ddf":199,"c803b4a3":191,"be2955bb":191,"a3253019":190,"b215547b":180,"0dad37d5":204,"77300e4a":172,"06ee61b6":184,"c85a0d80":190,"4295ce9a":197,"25e0dd3d":192,"daab45c6":180,"5fa12feb":208,"ffa08d82":194,"10ec5a0b":187,"053f3451":193,"e28c2efc":184,"77bae750":191,"d6320619":185,"ef8321d8":201,"d5557fb4":199,"ccdd1ce6":196,"1d790491":195,"084cbc0b":179,"8dd2684c":198,"aaa274a5":192,"36684155":193,"4469c815":171,"2f455cce":195,"d1fe2868":209,"84b767be":220,"794f652b":204,"945b63f0":220,"9de29816":171,"72d7b461":207,"383e232d":196,"aa5dfdf5":194,"9d023afb":190,"dc0c8b09":211,"a59a8290":203,"b8488fc8":196,"1105f790":223,"317c1591":210,"fe1d4419":193,"004f1ef3":233,"c318d350":209,"095ab3b4":196,"25635c37":167,"3712c4bd":178,"4ff2225d":193,"cf50e84e":186,"54a676d6":192,"0d2c95fe":196,"ce4da56f":193,"b4fdf90e":203,"1138796e":200,"8245f916":188,"de36827b":223,"02d4753e":208,"00554ffd":202,"5f8517b7":218,"792cfcbd":198,"b7407bd3":189,"23080895":182,"4ea4a2a1":215,"c609739e":202,"a0b03218":203,"2c24d929":197,"468fc85c":202,"c1bb74f2":193,"7af262e5":223,"2dd0e808":188,"781ace7d":192,"fafb4cc2":240,"88fa53d6":178,"913a6226":202,"30c5d755":204,"70594a28":193,"24ffcbd3":212,"ded7da5a":202,"cc6bbe45":190,"638cb163":212,"e5d3655c":219,"859545e6":185,"61f25dd4":222,"4279e829":212,"1a2ec5d7":208,"6e24d88b":188,"a8726d50":182,"66b7b5b4":192,"26ed1a5c":187,"2c6cb96f":165,"f789f6d8":182,"313258f2":197,"b2cfdbcf":187,"081460bf":194,"7af9d3b1":193,"64db4feb":210,"35aa7fd0":200,"aa9ea5e8":176,"24a9fb86":209,"c93c3508":173,"bad1a1cc":197,"99d130c9":191,"5270f158":183,"7fef9973":187,"6841f77e":210,"ad2d7bed":204,"d815c5b4":225,"36380d96":195,"1a2c020b":204,"fe578280":181,"501db4de":190,"104721f0":195,"69134f07":179,"3498f223":187,"ecfa8249":212,"935ec056":185,"cb4f262b":185,"9496f56f":197,"abad2347":199,"ba938220":192,"c38c2b52":195,"7218c9f1":190,"e4cfef0a":185,"f1df62b4":196,"67c57de4":204,"39a2fcce":184,"90d52475":197,"088feee2":199,"a9b1bd51":153,"650bb0e0":188,"c67979e6":216,"25a7a0a3":177,"3454fa2b":172,"eeaa2d46":210,"9c045c61":194,"ef8321d8":202,"f271ed5d":195,"f2f58418":182,"ccdd1ce6":197,"70bc8325":187,"8cd78f77":194,"0d2a1c58":191,"70c1e715":201,"6a3eaf43":207,"9147702f":181,"8dc9b4db":202,"c564e316":206,"8274885a":189,"fe1d4419":194,"22aeaf03":196,"0b3283c9":201,"1db42092":198,"28d41578":199,"1138796e":201,"fb44fa9c":205,"05642105":200,"332820ce":202,"3c782bb3":193,"de11eb19":206,"54a676d6":193,"288afc30":208,"c4aa1e38":174,"8493f3b2":195,"b7df1559":192,"7a2f3f06":184,"71bc1295":185,"8c6e001f":168,"13f0e139":178,"12271e14":202,"ad8f85d6":216,"a636f4c9":212,"a543ec74":178,"afe8e06a":176,"2bcca6a7":212,"78467b8a":197,"92ca52b7":205,"2352c8ef":198,"fef750ca":201,"831c7b85":196,"26dd2000":212,"df81ddee":185,"40e79dd3":197,"4eed1bea":202,"913a6226":203,"24ffcbd3":213,"c7636527":175,"c455f40e":188,"04ea5673":194,"7e76c93c":196,"805af3c7":191,"e5d3655c":220,"d6f0d94a":197,"0d5ee801":186,"0c043224":210,"1e191c98":178,"94a2fe10":205,"9d4da635":180,"5ccf94d6":199,"28654c76":204,"4abb7aed":192,"e865e4dd":184,"fe44fc6f":179,"2dd0e808":189,"69eeae0d":176,"65e4235b":200,"162a7348":191,"dcfaba4c":190,"4125085e":206,"181c3dd5":195,"031e488e":211,"af034fee":210,"e9a8cf11":194,"30d84dce":171,"36380d96":196,"f2086446":181,"e0154608":207,"c5b35e4d":178,"0a92153e":193,"1247fa52":195,"1e232870":204,"04bef50c":168,"0d770b97":198,"04cc7cbe":186,"1757a30e":184,"b0869206":198,"ef14000f":214,"a502c93c":189,"a06a6430":203,"51a3e9c2":189,"869cbaa0":210,"6a5b71b4":181,"9f74b8a4":179,"2ce1af05":173,"4f59a322":200,"1634789b":189
1604737671240,"527ff946":201,"9ceb5439":178,"84369269":175,"6e98dfda":200,"44a4f7cd":192,"bda8cdfb":200,"ec2cb1af":197,"d1715f3b":212,"6d5fcd4c":189,"affb82bf":212,"b947257e":203,"e9adbe58":194,"70bc8325":188,"2d13e69b":188,"be4f8ba8":183,"8dd2684c":199,"aa5dfdf5":195,"272c7672":205,"383e232d":197,"a6626a13":179,"540df50f":202,"8d04852b":188,"af034fee":211,"76f3a3be":198,"c9efc8f6":190,"a6003226":193,"7af9d3b1":194,"5339e1e9":208,"93fdbb44":186,"aff8e442":202,"47d27624":183,"bad1a1cc":198,"ce3407dd":182,"39a2fcce":185,"5623817d":179,"60e855ee":211,"1951480c":179,"71ff66e8":206,"e7773397":183,"3f2522c2":206,"8e4c33d2":185,"4945c851":208,"59431390":188,"1be05c14":201,"f277386e":166,"a8871ddf":184,"d9dcdc4b":207,"92d38723":203,"95f6db13":192,"9260d96b":228,"6585adbe":171,"4f5e3e7d":180,"8323d333":174,"8493f3b2":196,"73b15e04":190,"8d000d6e":178,"a5aee5de":226,"9fc713b0":204,"2cb29e5a":203,"9c045c61":195,"50c3164b":219,"4469c815":172,"2d13e69b":189,"945b63f0":221,"a63bddd4":239,"7028b044":192,"140ce69e":182,"c0e2624b":189,"6a3eaf43":208,"ac38a6a5":206,"778c95e9":187,"d3a669ac":206,"12271e14":203,"35b58ef9":181,"cf52025e":192,"03c398d2":206,"47cfba38":179,"288a2c43":191,"162a7348":192,"9f5e6cba":201,"31f6ba51":183,"540df50f":203,"b35bb8a1":184,"efd23af5":180,"c45d554f":207,"cd421290":190,"40e79dd3":198,"44ff8baa":197,"6bc5d32a":214,"d9d7c4c2":196,"fb8bfb36":217,"a33fe0dd":202,"c8fcad77":179,"e32524d6":188,"c015ec5a":201,"3bad3c95":177,"ffc86f94":183,"f4b2f575":187,"d5557fb4":200,"93fdbb44":187,"5d087c79":204,"95d3d348":185,"09f0db62":215,"83086d4c":201,"0b3283c9":202,"26f99a1e":177,"e7773397":184,"a58bf525":195,"45fb95c1":199,"17b08923":195,"28d41578":200,"0114160e":185,"f5829ac0":204,"de36827b":224,"b552beb3":207,"d0c0fc08":173,"5a0ead91":176,"7a2f3f06":185,"9ceb5439":179,"37fbb107":202,"1d790491":196,"be4f8ba8":184,"b946e146":208,"af157d29":191,"8db62558":199,"ca6d2d91":194,"b7434f57":156,"d0c104c4":171,"30fdcd3b":198,"9d4da635":181,"e62d705f":186,"5a07fc2e":174,"fef750ca":202,"ba5c52af":188,"b8488fc8":197,"cfafcda8":186,"4c0e547b":205,"1bc0591f":187,"062179c1":190,"65e4235b":201,"810aa5e9":198,"7ae34c64":189,"d9a64845":194,"d9d0c567":200,"ef8987d7":178,"616d6dd6":192,"084cbc0b":180,"12012fbd":184,"f3d68430":204,"5747db6e":213,"22ecaed0":200,"6751d8e4":204,"dfa1a89b":186,"72d7b461":208,"0bd93cfd":155,"50c3164b":220,"00554ffd":203,"03dcfa3d":192,"8245f916":189,"b2a8761b":177,"d8475b95":171,"01cd8099":212,"b7407bd3":190,"0eaf08da":193,"cf52025e":193,"f1098793":206,"a0b03218":204,"4911acad":170,"deb31f35":203,"aec4e1bf":199,"3c18f28e":193,"c93c3508":174,"ee75b607":186,"ad2d7bed":205,"cb4f262b":186,"d4d5f466":188,"d83294cd":191,"e4c312fe":196,"79be29c8":176,"0bfabf48":184,"4d9b0b10":202,"fea793f5":200,"7a840529":189,"0785820e":196,"50c468ba":182,"cf9f4757":194,"64db4feb":211,"725dce8b":207,"e7abc88d":177,"cb51f134":203,"b3863630":187,"0dad37d5":205,"501db4de":191,"f121b82c":206,"4c4aa2e2":189,"72b84094":221,"4295ce9a":198,"c45d554f":208,"7b6a7048":189,"c455f40e":189,"913a6226":204,"bc09fa9e":196,"e1571af7":190,"2af60749":205,"ce3bf5db":191,"d141db49":190,"2154b6e8":185,"fbdffc95":182,"9bdf362a":205,"09f0db62":216,"f5cd79c1":205,"a77e127d":176,"695a2b92":185,"016953e4":207,"1da771fb":198,"312f7676":213,"bbe71605":176,"6291e9e9":205,"4945c851":209,"8b2b601d":208,"cf84fb54":202,"b84a06eb":193,"a1921150":207,"789bd484":189,"5f7d7195":195,"faf3ed07":187,"37fbb107":203,"cf775f58":203,"bda8cdfb":201,"655941a0":214,"cd3bbe7e":195,"58d46189":206,"db703021":195,"0af920d8":181,"ca6d2d91":195,"d634aa28":198,"82204d54":190,"c510bfd3":204,"be3a10f8":222,"1745a0f4":200,"a66a2d8a":208,"c6dc900c":166,"2bcca6a7":213,"db8ba455":201,"71e53c93":195,"b2cfdbcf":188,"45b5746e":196,"731fc335":179,"dc03ebd2":209,"a15713c6":215,"15620dca":211,"fd6dcb20":198,"f87c5031":199,"8dd2684c":200,"8657c79d":190,"4bcd4a30":204,"01d817b8":175,"0bd93cfd":156,"8cc4a982":205,"4469c815":173,"884b0ad1":186,"9ab755d3":182,"fd369c21":202,"c0e2624b":190,"411b5027":184,"1bd5b20b":210,"92d38723":204,"1ff8c2fc":201,"de11eb19":207,"f1862e79":170,"8323d333":175,"bad6cdb1":162,"d102b0c6":179,"59c1e594":181,"d82592f4":211,"cbad3b92":221,"35b58ef9":182,"468fc85c":203,"0f72f2d8":198,"2132fe93":201,"72805bf5":188,"7af9d3b1":195,"081460bf":195,"ee75b607":187,"5b5fc566":196,"ba586505":209,"4b125e7b":184,"a502c93c":190,"d39724bc":194,"9fce073c":195,"ef14000f":215,"e356abf1":204,"d7cb9bcf":186,"a06a6430":204,"87cd2add":176,"4930f321":185,"9aa6a054":198,"32133249":198,"06ee61b6":185,"e1618359":203,"fe578280":182,"f76a3e83":199,"77300e4a":173,"c21ab51e":178,"696fdac5":211,"72b84094":222,"a851554d":204,"d25e0f8d":220,"ecfa8249":213,"f9f2c53f":174,"ab7467de":215,"f4343817":192,"aa021138":214,"08a06557":220,"df2b4d87":186,"dac109cf":191,"0b959527":182,"24ffcbd3":214,"ffc86f94":184,"540df50f":204,"2ab62345":183,"fe1d4419":195,"2c5c1dc0":186,"f6fe095d":207,"5b60dd1d":193,"26f99a1e":178,"437fc3ec":211,"77d35808":178,"d5557fb4":201,"cb6c9e42":220,"93fdbb44":188,"84369269":176,"794f652b":205,"faf3ed07":188,"9ceb5439":180,"906632cb":216,"9d4da635":182,"19e9776f":188,"9316e7e8":161,"b6591e25":197,"dae0f922":199,"56d315d8":172,"fe8f3d36":189,"11b2c8d9":188,"2352c8ef":199,"9d023afb":191,"831c7b85":197,"6a7392d5":178,"062179c1":191,"7c0a2db6":191,"7ae34c64":190,"b2cfdbcf":189,"6023df54":188,"65e4235b":202,"18815a1b":193,"57540cc3":194,"15620dca":212,"b946e146":209,"d6320619":186,"7080f122":190,"945b63f0":222,"7028b044":193,"4bcd4a30":205,"2a06ab95":208,"af0b61ab":198,"fd369c21":203,"383e232d":198,"7db3edda":191,"8d753bb6":195,"d9dcdc4b":208,"868edcc0":201,"8d000d6e":179,"1f88a4b7":212,"ce4da56f":194,"3d1af513":206,"cf84fb54":203,"d0e9a58e":201,"408bb2ed":195,"17b08923":196,"9263c525":200,"c609739e":203,"03c398d2":207,"0ac825ed":200,"bc392d1c":172,"ef16ca37":186,"6be9332a":179,"804d4dfa":186,"d82592f4":212,"0f72f2d8":199,"69eeae0d":177,"a851891c":190,"4258c176":183,"79be29c8":177,"37d0cae2":185,"d4d5f466":189,"bd2705b0":201,"95d331b1":186,"677c6a09":214,"0bfabf48":185,"619fda68":227,"10ec5a0b":188,"d5059415":184,"ae95f2ba":212,"af7e5be8":200,"f76a3e83":200,"1a2c020b":205,"9f2b16a7":204,"8e99d5d0":232,"e0154608":208,"501db4de":192,"f33c0140":198,"a851554d":205,"f734c84c":216,"3b7763b1":174,"4e5aaaec":185,"2ad42a9e":220,"4eed1bea":203,"cd421290":191,"08a06557":221,"ca7d47f7":197,"e786063b":203,"e5d3655c":221,"e4714415":213,"71279c46":195,"0ecfa1c9":184,"31f6ba51":184,"7af9d3b1":196,"dcfaba4c":191,"0681c48e":206,"b769bdfb":192,"f5cd79c1":206,"437fc3ec":212,"578f6e9e":212,"6d61bf13":181,"b1f58563":193,"095ab3b4":197,"31d74eee":190,"1634789b":190,"a06a6430":205,"1745a0f4":201,"eebc8d43":186,"1105f790":224,"fead11cf":197,"bd62d7ed":184,"9a07d89b":173,"a66a2d8a":209,"00a481e3":204,"d9d0c567":201,"49b358bd":201,"92f800f5":212,"25776fc4":201,"cc11fef9":205,"6f81493d":179,"180377be":188,"0c043224":211,"0af920d8":182,"5272520d":195,"30fdcd3b":199,"d5557fb4":202,"bf822e33":196,"2b3e4717":196,"d957f027":197,"c67979e6":217,"315537b2":204,"eeaa2d46":211,"ec2cb1af":198,"7d6895f4":204,"be4f8ba8":185,"8dd2684c":201,"9e206c95":215,"9147702f":182,"aec074c4":202,"ea822700":190,"72d7b461":209,"c0e2624b":191,"5a07fc2e":175,"b552beb3":208,"820225e4":176,"bab97de3":200,"90731976":186,"159ffd0b":182,"1f88a4b7":213,"45fb95c1":200,"7a6aa4b6":197,"40569362":213,"f9c15fcc":191,"45b038bb":227,"332820ce":203,"4febf7c5":194,"d0b297b2":189,"b6aaf976":190,"5ee911b5":184,"4b4ef7fa":183,"946df4fd":222,"2198ba8e":188,"ae8a09c4":207,"0f72f2d8":200,"c793cdda":200,"012de09c":191,"65e4235b":203,"7896b953":200,"42cd2360":163,"f905a555":186,"ee75b607":188,"04bef50c":169,"7fef9973":188,"a6b5e869":196,"f0a06216":200,"ea4d3f3e":202,"87cd2add":177,"730a4938":180,"754f98c9":212,"655954ba":188,"f3992a31":210,"e7abc88d":178,"145c7559":179,"972f4174":199,"dbc9df44":173,"9d0546ac":184,"bc09fa9e":197,"df81ddee":186,"4295ce9a":199,"5fa12feb":209,"7bebff03":192,"44ff8baa":198,"e5d3655c":222,"71a2a493":166,"081460bf":196,"ed4fad08":202,"bb8a6337":182,"03b4ab60":181,"dcfaba4c":192,"51f80f4c":218,"27f52ed3":215,"d1676e89":194,"c0b7e7d7":181,"f6fe095d":208,"76f94eda":202,"95539a58":188,"ad303bda":191,"f7231212":190,"53b4e647":193,"2b698053":194,"b8488fc8":198,"05f6ab35":206,"e5b1abc6":196,"7af262e5":224,"fee32863":197,"9a07d89b":174,"50b558a7":176,"d957f027":198,"aab4d996":189,"ba30e43a":208,"4fd645f1":192,"fce3c5c6":178,"2154b6e8":186,"fbdffc95":183,"1e191c98":179,"d634aa28":199,"b6591e25":198,"381c68fa":195,"c8977844":194,"3f9b5722":179,"77bae750":192,"99e171db":184,"6adce358":214,"9d63c4dd":192,"2a387957":192,"5339e1e9":209,"51f57142":199,"12012fbd":185,"d3a669ac":207,"172217e5":207,"f4726450":185,"7db3edda":192,"ccdd1ce6":198,"15620dca":213,"2a06ab95":209,"26f99a1e":179,"c564e316":207,"5099c6a0":215,"2d1e1e9d":202,"59431390":189,"3310a049":198,"0114160e":186,"cf50e84e":187,"358e45b1":192,"411b5027":185,"b2a8761b":178,"5a0ead91":177,"a24e6670":195,"b7407bd3":191,"7a2f3f06":186,"f1098793":207,"e8d74304":182,"7ae3fc50":177,"742f1425":196,"49bf2e95":183,"2c24d929":198,"26c6fa34":182,"c609739e":204,"b7df1559":193,"6143f39d":198,"f271ed5d":196,"9e206c95":216,"4bcd4a30":206,"8657c79d":191,"d5dae4c4":213,"fd482491":221,"61145ec9":212,"91f7ef72":181,"f3a0c2ee":190,"781ace7d":193,"313258f2":198,"88ce179e":204,"1757a30e":185,"142d6987":192,"5be594be":192,"1a2c020b":206,"4c4aa2e2":190,"c7313e0a":207,"a3253019":191,"c0fea118":185,"c4feee5b":197,"a0cca8b7":184,"df81ddee":187,"60d6cee2":193,"181c3dd5":196,"35aa7fd0":201,"8cddb65e":193,"bc3dc66a":199,"74e3d13e":193,"c64de0c0":182,"8bc04eb5":199,"c0b23081":219,"fea793f5":201,"124fbe96":189,"a85d89cc":198,"ba586505":210,"e28c2efc":185,"cb142908":184,"869cbaa0":211,"d4ee22a4":201,"67c57de4":205,"a06a6430":206,"82204d54":191,"478d2d4f":215,"92ca52b7":206,"cd522166":207,"8721056e":179,"2352c8ef":200,"7fdc2007":178,"3b7763b1":175,"79e4fa1c":198,"21e10a2b":193,"4eed1bea":204,"719c8869":201,"e5d3655c":223,"913a6226":205,"a33fe0dd":203,"25776fc4":202,"c4e70c07":183,"4def63ee":177,"44c77422":195,"74f234c6":225,"cb6c9e42":221,"77bae750":193,"f66616b7":198,"90d52475":198,"1d790491":197,"93fdbb44":189,"c67979e6":218,"22176537":201,"175bc6b2":177,"22ecaed0":201,"8dd2684c":202,"172217e5":208,"004f1ef3":234,"5410e9c6":203,"695a2b92":186,"1da771fb":199,"42191b64":167,"e238f09b":211,"d599b566":207,"820225e4":177,"8aa78e2f":178,"b552beb3":209,"159ffd0b":183,"8298e976":209,"fe0df575":212,"d36125db":198,"d0b297b2":190,"45fb95c1":201,"b377a62a":178,"4ea4a2a1":216,"ef16ca37":187,"064a99c8":199,"45b038bb":228,"9fc713b0":205,"c6e3d352":203,"b2a8761b":179,"74e01f6a":195,"865d9857":184,"416a9e97":187,"730338c4":207,"70bc8325":189,"9147702f":183,"6751d8e4":205,"810aa5e9":199,"313258f2":199,"42cd2360":164,"52eca0dc":201,"6e44927f":195,"e865e4dd":185,"3f75d3bc":219,"284544ba":189,"4279e829":213,"c2bb8aae":193,"d634aa28":200,"f883d582":176,"dbd2f139":198,"c8977844":195,"69134f07":180,"c382f054":210,"84b767be":221,"70c1e715":202,"be149c6f":183,"e9a8cf11":195,"c9efc8f6":191,"aa9ea5e8":177,"f94bf9ea":184,"481754fc":178,"12a2cd4b":191,"aefe13f5":205,"b7cc7909":203,"0681c48e":207,"ee75b607":189,"8bc04eb5":200,"ee21ad02":222,"124fbe96":190,"9c29f0ed":211,"d815c5b4":226,"385ab7c6":201,"7218c9f1":191,"95d331b1":187,"16b476e9":191,"1dad0f99":185,"9f74b8a4":180,"a06a6430":207,"ad303bda":192,"7af262e5":225,"7fdc2007":179,"a66a2d8a":210,"bd984a8e":185,"dbc9df44":174,"0da28f5b":212,"fb8bfb36":218,"c45d554f":209,"be2955bb":192,"21ad2f34":210,"c4feee5b":198,"26dd2000":213,"7b6a7048":190,"51c57542":199,"e32524d6":189,"3007f31f":177,"2154b6e8":187,"a577db1c":194,"a81a857c":185,"c015ec5a":202,"d9f512b9":202,"caddd0a7":206,"9d63c4dd":193,"527ff946":202,"23760167":196,"1a0189c4":185,"faf3ed07":189,"cb6c9e42":222,"394dc144":182,"88432019":183,"21ee2afe":212,"3f65f121":204,"6d61bf13":182,"19f9ca86":200,"016953e4":208,"8dd649a3":193,"095ab3b4":198,"eda6a690":189,"95d3d348":186,"de36827b":225,"90731976":187,"4b3e3b1c":201,"b552beb3":210,"6c73ae98":168,"2d1e1e9d":203,"1b153aef":201,"54a676d6":194,"d33790a2":222,"d0c0fc08":174,"4b4ef7fa":184,"7a2f3f06":187,"0cb80f4a":199,"812b4f15":183,"4cc141fa":163,"c4aa1e38":175,"554ebb83":208,"23080895":183,"35b58ef9":183,"481754fc":179,"cbad3b92":222,"140ce69e":183,"affb82bf":213,"01d817b8":176,"6cba74ce":172,"ec11fe5f":177,"1bc0591f":188,"dfcc2ad1":216,"afe8e06a":177,"61145ec9":213,"0a1d11e6":179,"08a561b7":196,"a472532e":182,"aa76bc50":164,"3f75d3bc":220,"616d6dd6":193,"92efd84f":197,"b6591e25":199,"ca6d2d91":196,"26ed1a5c":188,"bb98a6cf":219,"f1b493de":216,"c3e6ef01":192,"9316e7e8":162,"685207b3":194,"cb51f134":204,"f76a3e83":201,"2d54e0a8":197,"084cbc0b":181,"84b767be":222,"d744bee2":189,"d3a669ac":208,"0d2a1c58":192,"31f6ba51":185,"bb8a6337":183,"5ac86fb9":200,"c64de0c0":183,"b35bb8a1":185,"0681c48e":208,"51f80f4c":219,"ee75b607":190,"9cb4697f":199,"51a3e9c2":190,"7fb4c521":197,"54d7de6b":219,"0d28db94":185,"d929098e":168,"c803b4a3":192,"6b82b527":200,"ef91eaae":179,"bf30a08f":211,"d2466211":203,"753ca352":194,"50c468ba":183,"69134f07":181,"145c7559":180,"168e75d9":193,"3498f223":188,"4eed1bea":205,"9a80f004":198,"40e79dd3":199,"a0ce82b4":197,"e21c6207":196,"638cb163":213,"c650b434":197,"f9f2c53f":175,"49b358bd":202,"0b959527":183,"2af60749":206,"d141db49":191,"014460b9":218,"859545e6":186,"50d129cf":194,"91d52a55":192,"ccf8b803":201,"1a0189c4":186,"7e15f8e8":203,"97e75c19":201,"37fbb107":204,"3a204e56":191,"b1f58563":194,"2c5c1dc0":187,"5099c6a0":216,"3712c4bd":179,"d1676e89":195,"016953e4":209,"fb44fa9c":206,"a4dafea5":190,"868edcc0":202,"b36a0d66":184,"90731976":188,"cf50e84e":188,"9263c525":201,"e7e82473":217,"b7407bd3":192,"d0b297b2":191,"064a99c8":200,"31f6d707":211,"87ce8d1d":168,"40569362":214,"59c1e594":182,"45b038bb":229,"481754fc":180,"e0e6a097":195,"08c6b5d2":199,"d3e84616":194,"9a467a82":198,"0e036ae9":211,"945b63f0":223,"d70ca4f4":220,"20e470e0":194,"61f25dd4":223,"381c68fa":196,"1e191c98":180,"0c0e98ea":190,"a8726d50":183,"dfcc2ad1":217,"6a7392d5":179,"8063df14":205,"a66a2d8a":211,"05f6ab35":207,"f67de058":198,"33d6bb6a":190,"db8ba455":202,"49cb2959":200,"7c0a2db6":192,"4bc46d7a":188,"ec110282":228,"4abb7aed":193,"3c0df8b4":214,"fd6dcb20":199,"22ecaed0":202,"7028b044":194,"2180f99b":190,"084cbc0b":182,"f069bb07":196,"aa5dfdf5":196,"de6213c7":187,"c793cdda":201,"26c6fa34":183,"bad6cdb1":163,"eed20185":210,"7af9d3b1":197,"5eaa1581":189,"f94bf9ea":185,"35aa7fd0":202,"68562193":199,"76f3a3be":199,"47cfba38":180,"d39724bc":195,"4652b09a":200,"e382ec3f":182,"d929098e":169,"7e95c5a0":201,"4b125e7b":185,"43d87483":192,"f56ac638":177,"629800eb":208,"e356abf1":205,"67c57de4":206,"53b4e647":194,"e28c2efc":186,"621d6b18":205,"685207b3":195,"dbc9df44":175,"f33c0140":199,"c85a0d80":191,"b2c25d1c":196,"06ee61b6":186,"90a06ee9":205,"805534ac":199,"ecfa8249":214,"e21c6207":197,"07107f6e":199,"f9f2c53f":176,"2ad42a9e":221,"9d0546ac":185,"5ab7bc35":197,"dac109cf":192,"14c682eb":190,"e32524d6":190,"a577db1c":195,"b320feb9":202,"65a00a3c":187,"31d74eee":191,"f66616b7":199,"5957df9e":189,"39a2fcce":186,"836701f6":195,"437fc3ec":213,"82868763":192
1604737673082,"e7773397":185,"3a204e56":192,"3f2522c2":207,"c7ab83c1":178,"bbe71605":177,"820225e4":178,"a3d4a0e5":208,"4b3e3b1c":202,"6a60348e":189,"95f6db13":193,"e7e82473":218,"8c6e001f":169,"332820ce":204,"8d000d6e":180,"cac4449a":190,"71bc1295":186,"2e99f8fd":192,"a5aee5de":227,"408bb2ed":196,"50312237":197,"d82592f4":213,"4ac6bd4e":180,"3e602573":197,"ad8f85d6":217,"a543ec74":179,"78b97937":220,"78467b8a":198,"7fdc2007":180,"a0685bf3":215,"dc0c8b09":212,"c510bfd3":205,"fe8f3d36":190,"a5fd8ffd":203,"2dd0e808":190,"71ba7561":167,"6023df54":189,"db8ba455":203,"56473430":205,"28654c76":205,"dae0f922":200,"31408822":183,"20e470e0":195,"180377be":189,"0af920d8":183,"56d315d8":173,"b7434f57":157,"dbc9df44":176,"efe84c27":195,"1247fa52":196,"fe1d4419":196,"c564e316":208,"3e082b37":183,"eda6a690":190,"42191b64":168,"437fc3ec":214,"014bdff0":202,"8cf83787":175,"8d753bb6":196,"8b2b601d":209,"a8871ddf":185,"e81834aa":225,"ce4da56f":195,"0d2c95fe":197,"5acaa06f":166,"8d000d6e":181,"8f2a7d69":191,"71bc1295":187,"379184a7":218,"8eb64769":202,"0eaf08da":194,"f1862e79":171,"2e99f8fd":193,"c6e3d352":204,"49bf2e95":184,"73b15e04":191,"2d382981":185,"c609739e":205,"6c20c153":197,"67d30f2b":187,"7fef9973":189,"04cc7cbe":187,"9c29f0ed":212,"bb00e71c":182,"0785820e":197,"290b4714":197,"d7cb9bcf":187,"95d331b1":188,"753ca352":195,"385ab7c6":202,"f1df62b4":197,"53b4e647":195,"36380d96":197,"77300e4a":174,"8e99d5d0":233,"34c5c729":192,"d25e0f8d":221,"4e5aaaec":186,"a0cca8b7":185,"18d20aa1":199,"2b3c49b9":189,"20777945":191,"e21c6207":198,"4577b333":204,"cc6bbe45":191,"caddd0a7":207,"14c682eb":191,"08a06557":222,"30c5d755":205,"ffc86f94":185,"ce3407dd":183,"ccf8b803":202,"794f652b":206,"8cc4a982":206,"f87c5031":200,"af157d29":192,"08c6b5d2":200,"3f65f121":205,"51f57142":200,"3661e12d":197,"92ca52b7":207,"afe8e06a":178,"eebc8d43":187,"70ee0491":175,"2bcca6a7":214,"8721056e":180,"a8c93bed":196,"3c0df8b4":215,"8db5a165":187,"28654c76":206,"71e53c93":196,"c91966ce":192,"42cd2360":165,"d9d0c567":202,"0d5ee801":187,"026766f3":195,"30dbfc69":187,"20e470e0":196,"3b690f68":214,"a4f1d83b":187,"751acea8":187,"a40846b7":194,"93ac9ca3":196,"83086d4c":202,"5623817d":180,"42191b64":169,"363590c7":210,"884b0ad1":187,"9fa62fee":189,"f069bb07":197,"aec074c4":203,"383e232d":199,"ef1c2dcb":200,"6751d8e4":206,"c93c3508":175,"03b4ab60":182,"162a7348":193,"32133249":199,"61d4782d":191,"e4714415":214,"68562193":200,"5410e9c6":204,"e7e82473":219,"3310a049":199,"69f3bfcc":187,"b552beb3":211,"6a60348e":190,"159ffd0b":184,"0114160e":187,"6585adbe":172,"c27969ec":184,"4ac6bd4e":181,"03dcfa3d":193,"bb00e71c":183,"2882a956":188,"93b0a158":212,"e4117b3b":175,"1a442bc7":175,"0bfabf48":186,"f56ac638":178,"8fb236a9":185,"fea793f5":202,"ba938220":193,"ad303bda":193,"43d87483":193,"056ea7ff":213,"87083264":213,"de11eb19":208,"baebb391":207,"c7c4ec5c":179,"12271e14":204,"87ce8d1d":169,"7a6aa4b6":198,"cb51f134":205,"7f86be64":188,"dcf85091":185,"c4feee5b":199,"f2086446":182,"d34a29b9":210,"be2955bb":193,"a0cca8b7":186,"ccb5ea3e":173,"201cafad":194,"3007f31f":178,"ded7da5a":203,"4eed1bea":206,"93e8cee5":218,"0f029727":195,"aa021138":215,"d9d7c4c2":197,"859545e6":187,"d6f0d94a":198,"4fd645f1":193,"30c5d755":206,"6ebe2354":168,"cfe72ead":185,"3d1af513":207,"26c6fa34":184,"31d74eee":192,"ce3407dd":184,"a939b50b":192,"7e15f8e8":204,"5957df9e":190,"36684155":194,"36b7003c":218,"8547fbc2":184,"d3e84616":195,"be3a10f8":223,"11b2c8d9":189,"a567ace4":196,"fef750ca":203,"92ca52b7":208,"1105f790":225,"d78dd457":183,"a472532e":183,"0a1d11e6":180,"cf1124db":187,"7a9344a4":210,"381c68fa":197,"d634aa28":201,"db703021":196,"c3e6ef01":193,"3f9b5722":180,"5623817d":181,"ac38a6a5":207,"18815a1b":194,"f2f58418":183,"6de0aaac":183,"51f57142":201,"26c390d6":199,"de6213c7":188,"383e232d":200,"0bd93cfd":157,"0fc5ac7e":219,"6a3eaf43":209,"84b767be":223,"5f6613c8":179,"bc3dc66a":200,"a47abfbb":180,"c64de0c0":184,"f5cd79c1":207,"578f6e9e":213,"f2470875":201,"8dc9b4db":203,"014bdff0":203,"363590c7":211,"d36125db":199,"07fc4a9a":209,"05642105":201,"a8871ddf":186,"17b08923":197,"cf84fb54":204,"59431390":190,"36fb15d2":210,"9263c525":202,"f905a555":187,"61145ec9":214,"537634c9":176,"3c0df8b4":216,"b28a5e67":226,"00cf385d":206,"f0a06216":201,"f56ac638":179,"16b476e9":192,"4258c176":184,"7f6d1d0e":204,"6775d5cd":196,"07f98660":213,"7566fdd6":200,"e28c2efc":187,"b9be31d6":205,"a533489b":219,"5acaa06f":167,"064a99c8":201,"b377a62a":179,"e8d74304":183,"4b4ef7fa":185,"288afc30":209,"a3253019":192,"06ee61b6":187,"c21ab51e":179,"34c5c729":193,"a836aa93":195,"704bce0d":190,"ab7d4c9a":191,"cd421290":192,"ccb5ea3e":174,"3007f31f":179,"4dac6b20":167,"93e8cee5":219,"79e4fa1c":199,"51c57542":200,"9bdf362a":206,"859545e6":188,"0b959527":184,"25776fc4":203,"e32524d6":191,"92f800f5":213,"dac109cf":193,"be1746a0":188,"49bf2e95":185,"b7df1559":194,"2d382981":186,"b2bd8fd3":174,"47cfba38":181,"32133249":200,"1ed46298":208,"a9b1bd51":154,"449d8475":175,"5a0eb771":192,"5957df9e":191,"93fdbb44":190,"794f652b":207,"77f31bab":205,"2b698053":195,"6f39f4d9":206,"619fda68":228,"2a4a402a":188,"1bc0591f":189,"f5e8dfee":205,"70ee0491":176,"7bda83dd":190,"d78dd457":184,"9a3ab0b8":192,"cc11fef9":206,"6f81493d":180,"180377be":190,"110b1ee3":200,"0af920d8":184,"20e470e0":197,"74f234c6":226,"6d5fcd4c":190,"315537b2":205,"a63bddd4":240,"e9adbe58":195,"ccdd1ce6":199,"36d340f2":173,"865d9857":185,"26c390d6":200,"84b67924":195,"1f7607df":182,"70c1e715":203,"af0b61ab":199,"a625328f":202,"cbb54a0a":181,"5270f158":184,"6b79fec2":184,"71ff66e8":207,"e45b4b53":181,"e7773397":186,"6ce84ff8":179,"c95719e5":179,"b2703001":202,"2cce4fb2":198,"3c782bb3":194,"f277386e":167,"88a30343":200,"3a291497":177,"0a1d11e6":181,"f789f6d8":183,"aa867541":185,"537634c9":177,"61145ec9":215,"c91966ce":193,"3b2dee89":183,"dffa7793":162,"124fbe96":191,"bd2705b0":202,"00cf385d":207,"ba586505":211,"6d802fa2":179,"66554572":160,"92d38723":205,"685207b3":196,"0da28f5b":213,"f2086446":183,"754f98c9":213,"e1618359":204,"4b4ecbce":178,"972f4174":200,"72b84094":223,"f734c84c":217,"bc09fa9e":198,"805534ac":200,"85de05f2":190,"3b7763b1":176,"40e79dd3":200,"ea6de194":207,"259930ee":199,"fa55f27a":201,"de11eb19":209,"d8475b95":172,"64a7f79f":201,"00554ffd":204,"ac62fac2":213,"608bc832":165,"31f6d707":212,"4febf7c5":195,"71bc1295":188,"1ff8c2fc":202,"2c24d929":199,"b460f030":219,"af034fee":212,"03b4ab60":183,"3a1d1632":174,"0ecfa1c9":185,"c4bff41f":211,"c93c3508":176,"71a2a493":167,"789bd484":190,"d957f027":199,"9ceb5439":181,"37fbb107":205,"04643409":197,"f0a06216":202,"7fb4c521":198,"4f59a322":201,"8fb236a9":186,"7218c9f1":192,"2b698053":196,"9496f56f":198,"87cd2add":178,"eb2e1983":198,"25a2844e":193,"0e2b5d2f":196,"13b53c7a":203,"92ca52b7":209,"a59a8290":204,"2bcca6a7":215,"44c77422":196,"9bdf362a":207,"62d1d346":175,"8f13c203":182,"c015ec5a":203,"8db62558":200,"66497c7e":188,"30dbfc69":188,"467773ac":187,"9316e7e8":163,"c3e6ef01":194,"059d6c19":203,"815e4582":205,"1634789b":191,"9e206c95":217,"d3e84616":196,"3f65f121":206,"bc021def":193,"fd6dcb20":200,"30dd2edc":196,"12012fbd":186,"26c390d6":201,"9147702f":184,"5747db6e":214,"084cbc0b":183,"98915a1f":179,"dd7acb96":196,"835358a0":189,"a40846b7":195,"fb7b7b3c":211,"437fc3ec":215,"b769bdfb":193,"09f0db62":217,"bbe71605":178,"5623817d":182,"08a561b7":197,"aa867541":186,"f789f6d8":184,"83b2f9c5":204,"49cb2959":201,"3a291497":178,"00a481e3":205,"b0869206":199,"bd2705b0":203,"4b125e7b":186,"836701f6":196,"e81834aa":226,"69f3bfcc":188,"3c782bb3":195,"9267f0ef":199,"6fb4cdda":212,"f598a332":183,"704bce0d":191,"e9679ede":186,"53431634":215,"1e232870":205,"7b6a7048":191,"3007f31f":180,"a851554d":206,"c455f40e":190,"93e8cee5":220,"feb67030":180,"51c57542":201,"e0f7679f":178,"28d41578":201,"1be05c14":202,"379184a7":219,"4f5e3e7d":181,"d33790a2":223,"ef16ca37":188,"deb31f35":204,"0ecfa1c9":186,"68562193":201,"8d04852b":189,"031e488e":212,"227006e4":198,"72805bf5":189,"9c58dd76":190,"92d38723":206,"b7df1559":195,"cfe72ead":186,"ea274174":201,"458dcc3d":208,"cac4449a":191,"a0bc1ceb":185,"2d382981":187,"be1746a0":189,"e4c312fe":197,"677c6a09":215,"20811ddf":200,"93b0a158":213,"621d6b18":206,"753ca352":196,"77bfed7e":189,"a06a6430":208,"7a4c064c":202,"053f3451":194,"43d87483":194,"259930ee":200,"3bad3c95":178,"0f029727":196,"d141db49":192,"65a00a3c":188,"d9f512b9":203,"aa021138":216,"61f25dd4":224,"5272520d":196,"31d74eee":193,"7e15f8e8":205,"bad1a1cc":199,"a1921150":208,"04643409":198,"254cc28c":200,"36684155":195,"eafbf9fb":198,"4469c815":174,"3661e12d":198,"140ce69e":184,"bc021def":194,"ec2cb1af":199,"6d339d45":176,"fd07e0ed":199,"0bd93cfd":158,"b947257e":204,"92efd84f":198,"e58b26f6":209,"22234d6b":195,"778c95e9":188,"d599b566":208,"82868763":193,"e238f09b":212,"a40846b7":196,"09f0db62":218,"312f7676":214,"f1dffa24":176,"f67de058":199,"e5b1abc6":197,"0e2b5d2f":197,"13b53c7a":204,"dc0c8b09":213,"8063df14":206,"afe8e06a":179,"dc03ebd2":210,"d5dae4c4":214,"3101354b":174,"d9d0c567":203,"aa867541":187,"56473430":206,"db8ba455":204,"20e470e0":198,"655941a0":215,"7a9344a4":211,"dbd2f139":199,"4360a1a3":208,"655954ba":189,"1a2c020b":207,"2e3503e4":209,"0dad37d5":206,"bbe71605":179,"4b3e3b1c":203,"69f3bfcc":189,"f5829ac0":205,"59431390":191,"e36dfd6f":203,"bb8a6337":184,"13747b82":205,"081460bf":197,"40860a4b":176,"2ab62345":184,"74e3d13e":194,"57d5dee8":193,"045f280d":201,"4ba6eb36":186,"ea274174":202,"8245f916":190,"d0c0fc08":175,"f1862e79":172,"1c3a30c5":203,"742f1425":197,"408bb2ed":197,"8eb64769":203,"d33790a2":224,"cac4449a":192,"64a7f79f":202,"12a2cd4b":192,"bad6cdb1":164,"ee75b607":191,"9cb4697f":200,"e4c312fe":198,"4b125e7b":187,"37d0cae2":186,"c803b4a3":193,"43d87483":195,"f56ac638":180,"95d331b1":189,"e28c2efc":188,"1dad0f99":186,"cb142908":185,"50c468ba":184,"77bfed7e":190,"d548635d":197,"6490bac6":180,"e21c6207":199,"79f04300":201,"7d112f4d":200,"8e780922":180,"21ad2f34":211,"21e10a2b":194,"ab7467de":216,"f734c84c":218,"b7505747":201,"25776fc4":204,"62d1d346":176,"fbdffc95":184,"9e65c0ef":192,"92f800f5":214,"8f13c203":183,"25d1b2d8":199,"a1921150":209,"1d790491":198,"77f31bab":206,"789bd484":191,"c81b2bcf":180,"6e98dfda":201,"eafbf9fb":199,"f87c5031":201,"6d339d45":177,"9c045c61":196,"f3d68430":205,"e9adbe58":196,"9de29816":172,"3c6692a3":214,"d552eb2f":202,"2d13e69b":190,"911e770b":197,"7db3edda":193,"e238f09b":213,"42191b64":170,"f6fe095d":209,"d599b566":209,"5410e9c6":205,"2352c8ef":201,"478d2d4f":216,"7af262e5":226,"0f89862c":179,"78467b8a":199,"a59a8290":205,"ec11fe5f":178,"3101354b":175,"d9d0c567":204,"42cd2360":166,"cf1b8c47":205,"ec110282":229,"345c9967":190,"dd035d2a":185,"004f1ef3":235,"dae0f922":201,"f1b493de":217,"a68a93b2":194,"19e9776f":189,"66497c7e":189,"c3e6ef01":195,"1a2ec5d7":209,"be2955bb":194,"3498f223":189,"655954ba":190,"53431634":216,"b215547b":181,"a836aa93":196,"c7ab83c1":179,"a24e6670":196,"1138796e":202,"af0b61ab":200,"0d2a1c58":193,"42c80e69":205,"e4714415":215,"5ac86fb9":201,"162a7348":194,"031e488e":213,"24a9fb86":210,"a2c334e7":218,"0b5a0408":208,"05642105":202,"ce4da56f":196,"b552beb3":212,"28d41578":202,"5f8517b7":219,"4ac6bd4e":182,"cd95f558":194,"5a0ead91":178,"2c24d929":200,"b35e9e1a":235,"b6aaf976":191,"1bd5b20b":211,"946df4fd":223,"3a1b9af5":193,"56752a4a":183,"03dcfa3d":194,"cac4449a":193,"6ebe2354":169,"bec9d329":213,"93b0a158":214,"935ec056":186,"8bc04eb5":201,"a502c93c":191,"04cc7cbe":188,"f7231212":191,"e4cfef0a":186,"7fef9973":190,"e28c2efc":189,"4d9b0b10":203,"ef14000f":216,"8fb236a9":187,"91536e85":202,"288d171f":201,"4dac6b20":168,"df81ddee":188,"7d112f4d":201,"6b9eff39":192,"53747a91":189,"efd23af5":181,"f4343817":193,"ea6de194":208,"ce3bf5db":192,"75ffea08":195,"a33fe0dd":204,"e3547548":185,"30c5d755":207,"fbdffc95":185,"23760167":197,"90d52475":199,"37fbb107":206,"7e15f8e8":206,"04643409":199,"c6c85783":211,"84369269":177,"57540cc3":195,"d3e84616":197,"15620dca":214,"d1715f3b":213,"eafbf9fb":200,"3661e12d":199,"e9adbe58":197,"2c627253":199,"d1676e89":196,"20e470e0":199,"ca6d2d91":197,"1a2ec5d7":210,"bb98a6cf":220,"a68a93b2":195,"655941a0":216,"5ccf94d6":200,"f33c0140":200,"e9679ede":187,"c95719e5":180,"bd62d7ed":185,"2352c8ef":202,"ec11fe5f":179,"a59a8290":206,"9b546d65":186,"dc0c8b09":214,"733c86f8":207,"aa76bc50":165,"616d6dd6":194,"2c6cb96f":166,"fe44fc6f":180,"abc1d7ad":215,"d9a64845":195,"5f96c2bc":190,"3712c4bd":180,"5b60dd1d":194,"6ce84ff8":180,"60e855ee":212,"836701f6":197,"2180f99b":191,"8cd78f77":195,"3c6692a3":215,"72d7b461":210,"70c1e715":204,"0fc5ac7e":220,"31f6ba51":186,"a1370ab0":188,"5ac86fb9":202,"b230e8d3":201,"5a734022":180,"bfcb912a":194,"8cddb65e":194,"8cf83787":176,"cf50e84e":189,"820225e4":179,"e0f7679f":179,"fb44fa9c":207,"868edcc0":203,"2d1e1e9d":204,"0cb80f4a":200,"608bc832":166,"8d000d6e":182,"b4fdf90e":204,"0eaf08da":195,"34658473":195,"a543ec74":180,"5ee911b5":185,"b2bd8fd3":175,"06073f13":207,"2c24d929":201,"6be9332a":180,"a0b03218":205,"a0bc1ceb":186,"04bef50c":170,"ad2d7bed":206,"d815c5b4":227,"93b0a158":215,"54d7de6b":220,"290b4714":198,"10ec5a0b":189,"2882a956":189,"67c57de4":207,"f1df62b4":198,"7a840529":190,"b73e789c":176,"8ac72326":195,"53b4e647":196,"53431634":217,"1a68160d":199,"a3253019":193,"168e75d9":194,"4e3f5178":216,"72b84094":224,"debe1f65":191,"3007f31f":181,"ecfa8249":215,"0149e11a":178,"8f9b74b0":181,"f4343817":194,"c4e70c07":184,"4def63ee":178,"ba30e43a":209,"e786063b":204,"638cb163":214,"24ffcbd3":215,"fbdffc95":186,"d1fe2868":210,"77bae750":194,"90d52475":200,"254cc28c":201,"794f652b":208,"b8ab8e6e":191,"cf775f58":204,"57540cc3":196,"dfa1a89b":187,"6cba74ce":173,"d1715f3b":214,"21ee2afe":213,"e9adbe58":198,"1e191c98":181,"5272520d":197,"902f49f5":192,"c2bb8aae":194,"381c68fa":198,"467773ac":188,"4360a1a3":209,"8063df14":207,"1105f790":226,"ec11fe5f":180,"cfafcda8":187,"dc0c8b09":215,"6c524f99":204,"a567ace4":197,"4abb7aed":194,"0a1d11e6":182,"c91966ce":194,"a0cf08b3":154,"61145ec9":216,"fd482491":222,"74c26380":219,"d1676e89":197,"016953e4":210,"83086d4c":203,"312f7676":215,"5b60dd1d":195,"e7773397":187,"eda6a690":191,"416a9e97":188,"508aac3d":202,"d1ca5d6b":203,"0bd93cfd":159,"d744bee2":190,"aaa274a5":193,"98915a1f":180,"1f342a00":190,"af034fee":213,"51f80f4c":220,"76f3a3be":200,"8d04852b":190,"dc473de1":173,"5774ac0d":206,"35aa7fd0":203,"3c782bb3":196,"7732eb1e":217,"1be05c14":203,"4945c851":210,"0d2c95fe":198,"a4dafea5":191,"bab97de3":201,"4f5e3e7d":182,"8323d333":176,"7a6aa4b6":199,"8d000d6e":183,"a0bc1ceb":187,"f1098793":208,"3a1b9af5":194,"0ac825ed":201,"03dcfa3d":195,"92d38723":207,"b460f030":220,"35b58ef9":184,"742f1425":198,"a43061ee":185,"9d4f1fe6":184,"37d0cae2":187,"c0b23081":220,"bb00e71c":184,"cb4f262b":187,"e6ec8cbf":210,"056ea7ff":214,"5eab91a0":201,"9aa6a054":199,"ba938220":194,"c8113b77":180,"f1df62b4":199,"91536e85":203,"1dad0f99":187,"ebdbf580":205,"3498f223":190,"9b742f71":185,"1247fa52":197,"79f04300":202,"f33c0140":201,"f3992a31":211,"df81ddee":189,"4dac6b20":169,"4295ce9a":200,"70594a28":194,"21e10a2b":195,"d25e0f8d":222,"f4343817":195,"868cda42":198,"aab4d996":190,"c8fcad77":180,"c4e70c07":185,"ea6de194":209,"df2b4d87":187
1604737675089,"b8ab8e6e":192,"9ceb5439":182,"77f31bab":207,"1a0189c4":187,"f4b2f575":188,"650bb0e0":189,"aff8e442":203,"7080f122":191,"dfa1a89b":188,"eeaa2d46":212,"22176537":202,"09560615":180,"a63bddd4":241,"f87c5031":202,"9ab755d3":183,"70bc8325":190,"aec074c4":204,"6e851762":190,"e58b26f6":210,"fb7482fe":195,"c793cdda":202,"c4bff41f":212,"b230e8d3":202,"ed4fad08":203,"6867261a":196,"64db4feb":212,"fbdffc95":187,"2ab62345":185,"51f80f4c":221,"66d94227":187,"ccf8b803":203,"e15fd611":184,"77f31bab":208,"97e75c19":202,"a983a6dc":178,"5339e1e9":210,"56d315d8":174,"3b690f68":215,"9316e7e8":164,"dbd2f139":200,"a68a93b2":196,"4ee62a26":184,"1e191c98":182,"f5e8dfee":206,"ba5c52af":189,"dfcc2ad1":218,"70ee0491":177,"19551bad":189,"afe8e06a":180,"fee32863":198,"195eb771":196,"db8ba455":205,"ae016053":221,"3101354b":176,"74c26380":220,"1d44aff3":207,"43bc86e3":196,"172217e5":209,"09560615":181,"88432019":184,"6de0aaac":184,"d6320619":187,"bb99c79c":191,"f5596d0f":197,"9ab755d3":184,"70bc8325":191,"dd7acb96":197,"88b3bc99":181,"4bcd4a30":207,"9fa62fee":190,"c793cdda":203,"34c5c729":194,"d34a29b9":211,"e7abc88d":179,"b215547b":182,"9b742f71":186,"efe84c27":196,"1e232870":206,"ccb5ea3e":175,"6490bac6":181,"261c9911":213,"e1f0dbfd":215,"ecfa8249":216,"7bebff03":193,"6b9eff39":193,"e786063b":205,"4fd645f1":194,"2af60749":207,"ed4fad08":204,"d6d61bfc":211,"c9efc8f6":192,"5774ac0d":207,"ea4d3f3e":203,"b0869206":200,"f0a06216":203,"04bef50c":171,"6775d5cd":197,"6b82b527":201,"e356abf1":206,"7a4c064c":203,"95539a58":189,"f1df62b4":200,"91536e85":204,"d83294cd":192,"4930f321":186,"ef91eaae":180,"5f6613c8":180,"0ecfa1c9":187,"9f5e6cba":202,"e45b4b53":182,"312f7676":216,"3f2522c2":208,"a58bf525":196,"6ce84ff8":181,"95d3d348":187,"004f1ef3":236,"a8871ddf":187,"8aa78e2f":179,"69f3bfcc":190,"f277386e":168,"39a2fcce":187,"77bae750":195,"cf775f58":205,"7043382d":192,"868cda42":199,"0f029727":197,"ffc86f94":186,"b6591e25":200,"4279e829":214,"026766f3":196,"26ed1a5c":189,"906632cb":217,"ccf8b803":204,"36684155":196,"650bb0e0":190,"be3a10f8":224,"c1bb74f2":194,"5f4102da":205,"25a2844e":194,"e5b1abc6":198,"dd3913d2":185,"7af262e5":227,"345c9967":191,"4bc46d7a":189,"a5676c24":195,"7c0a2db6":193,"537634c9":178,"6adce358":215,"2cb29e5a":204,"d1715f3b":215,"a63bddd4":242,"9de29816":173,"eafbf9fb":201,"22ecaed0":203,"0e036ae9":212,"b7832271":209,"ef1c2dcb":201,"7028b044":195,"8657c79d":192,"af0b61ab":201,"a625328f":203,"c793cdda":204,"8298e976":210,"e0f7679f":180,"7732eb1e":218,"0cb80f4a":201,"6585adbe":173,"82b81567":170,"4ba6eb36":187,"ae8a09c4":208,"2e99f8fd":194,"24d24fa3":184,"d102b0c6":180,"458dcc3d":209,"6be9332a":181,"67f6e4f2":175,"12a2cd4b":193,"3e602573":198,"f1098793":209,"110b1ee3":201,"66b7b5b4":193,"acac14fb":185,"3498f223":191,"754f98c9":214,"e7abc88d":180,"cb51f134":206,"168e75d9":195,"c85a0d80":192,"547903ef":203,"9a80f004":199,"2209903e":191,"4eed1bea":207,"79e4fa1c":200,"27d8bf51":192,"d8e58a8c":214,"d9a64845":196,"9d4f1fe6":185,"730a4938":181,"5b5fc566":197,"1c0a9eff":183,"935ec056":187,"1a442bc7":176,"1757a30e":186,"a85d89cc":199,"76f94eda":203,"6f39f4d9":207,"30b6808c":179,"f7231212":192,"6034b6d0":208,"227006e4":199,"4125085e":207,"c93c3508":177,"aec4e1bf":200,"e4714415":216,"32133249":201,"f94bf9ea":186,"c0b7e7d7":182,"016953e4":211,"5623817d":183,"971675c5":206,"0b3283c9":203,"695a2b92":187,"25635c37":168,"8f9b74b0":182,"1623fc9f":195,"5ab7bc35":198,"28d40296":171,"dac109cf":194,"c4e70c07":186,"a577db1c":196,"d9f512b9":204,"4ee62a26":185,"449d8475":176,"842c8340":193,"77f31bab":209,"ffa08d82":195,"f5e8dfee":207,"0e2b5d2f":198,"6a7392d5":180,"c463799d":193,"a567ace4":198,"eebc8d43":188,"25a2844e":195,"c81b2bcf":181,"794f652b":209,"650bb0e0":191,"088feee2":200,"546f6845":190,"d3e84616":198,"ccdd1ce6":200,"558d5ce7":190,"49902219":221,"b9a48a5c":174,"315537b2":206,"9ab755d3":185,"f069bb07":198,"bca2d7cd":192,"5a07fc2e":176,"a625328f":204,"eb7b4e29":183,"aec074c4":205,"3c782bb3":197,"6291e9e9":206,"bab97de3":202,"e7e82473":220,"59431390":192,"07fc4a9a":210,"159ffd0b":185,"d102b0c6":181,"ae8a09c4":209,"b35e9e1a":236,"9e878ec2":199,"a0bc1ceb":188,"cd95f558":195,"458dcc3d":210,"2c24d929":202,"50312237":198,"cac4449a":194,"0ac825ed":202,"8c6e001f":170,"64a7f79f":203,"4cc141fa":164,"1e7753d9":204,"f1b493de":218,"cf1124db":188,"f883d582":177,"9d4da635":183,"db703021":197,"685207b3":197,"ab7d4c9a":192,"c85a0d80":193,"9267f0ef":200,"77300e4a":175,"c0fea118":186,"f2086446":184,"3b7763b1":177,"2b3c49b9":190,"3f75d3bc":221,"d9d0c567":205,"3c0df8b4":217,"ae016053":222,"d8e58a8c":215,"95904ac4":217,"d5dae4c4":215,"d815c5b4":228,"dffa7793":163,"7ee7621c":191,"87c462ee":201,"d929098e":170,"3b2dee89":184,"e4c312fe":199,"7e95c5a0":202,"5ac86fb9":203,"deb31f35":205,"2ab62345":186,"e9a8cf11":196,"c4bff41f":213,"76f3a3be":201,"e4714415":217,"8274885a":190,"0b3283c9":204,"8e4c33d2":186,"93ac9ca3":197,"c95719e5":181,"d599b566":210,"578f6e9e":214,"51c57542":202,"18d20aa1":200,"ab7467de":217,"85de05f2":191,"c650b434":198,"e5d3655c":224,"ca7d47f7":198,"49b358bd":203,"7e76c93c":197,"805af3c7":192,"62d1d346":177,"fbdffc95":188,"753ca352":197,"d7cb9bcf":188,"629800eb":209,"2ce1af05":174,"b9be31d6":206,"ad303bda":194,"9d023afb":192,"6a7392d5":181,"fe8f3d36":191,"f5e8dfee":208,"a9b1bd51":155,"90d52475":201,"99e171db":185,"25d1b2d8":200,"842c8340":194,"84369269":178,"088feee2":201,"4d35385e":186,"49902219":222,"b9a48a5c":175,"51f57142":202,"945b63f0":224,"eeaa2d46":213,"36d340f2":174,"aa5dfdf5":197,"bca2d7cd":193,"aaa274a5":194,"7732eb1e":219,"8aa78e2f":180,"4945c851":211,"8298e976":211,"b35e9e1a":237,"379184a7":220,"1f88a4b7":214,"c4aa1e38":176,"59431390":193,"9c58dd76":191,"b8397293":186,"56752a4a":184,"28d41578":203,"d0e9a58e":202,"64a7f79f":204,"4ba6eb36":188,"e6fac295":192,"d0c0fc08":176,"2c24d929":203,"baebb391":208,"946df4fd":224,"0fc5ac7e":221,"d3a669ac":209,"58d46189":207,"ddec9e54":191,"1e7753d9":205,"5cd3cfe0":181,"30fdcd3b":200,"1f11812e":210,"a4f1d83b":188,"685207b3":198,"f33c0140":202,"bd984a8e":186,"0da28f5b":214,"972f4174":201,"4bcd4a30":208,"9147702f":185,"d78dd457":185,"fee32863":199,"dfcc2ad1":219,"d8e58a8c":216,"cf1b8c47":206,"00a481e3":206,"8db5a165":188,"ec110282":230,"e865e4dd":186,"dd035d2a":186,"51a3e9c2":191,"ad2d7bed":207,"677c6a09":216,"a6b5e869":197,"b7cc7909":204,"d6d61bfc":212,"ed4fad08":205,"74e3d13e":195,"5ac86fb9":204,"24a9fb86":211,"6632fed0":201,"363590c7":212,"71ff66e8":208,"5410e9c6":206,"104721f0":196,"1e232870":207,"85de05f2":192,"e1f0dbfd":216,"cd421290":193,"25e0dd3d":193,"efd23af5":182,"feb67030":181,"bfad1727":181,"5ab7bc35":199,"14c682eb":192,"ba30e43a":210,"c7636527":176,"d6f0d94a":199,"859545e6":189,"3bad3c95":179,"7735c3c2":196,"91b28f83":208,"20811ddf":201,"cc5a1d47":187,"f7231212":193,"8fb236a9":188,"7566fdd6":201,"ef91eaae":181,"53b4e647":197,"d83294cd":193,"faf3ed07":190,"77bae750":196,"c81b2bcf":182,"1d790491":199,"6adce358":216,"6e98dfda":202,"e99318a3":198,"7080f122":192,"57540cc3":197,"2dda3936":185,"a77e8461":198,"08c6b5d2":201,"affb82bf":214,"dfa1a89b":189,"b7832271":210,"b1f58563":195,"0b3283c9":205,"095ab3b4":199,"5099c6a0":217,"1438fad7":195,"4945c851":212,"a3d4a0e5":209,"d6db2b02":207,"f5829ac0":206,"4ff2225d":194,"e36dfd6f":204,"608bc832":167,"aefe13f5":206,"fa55f27a":202,"3652bd66":195,"468fc85c":204,"c7c4ec5c":180,"cbad3b92":223,"3d1af513":208,"99d130c9":192,"ae8a09c4":210,"cfe72ead":187,"04612878":220,"7ae3fc50":178,"c27969ec":185,"1f342a00":191,"cc11fef9":207,"751acea8":188,"0c043224":212,"93683c82":188,"1a2ec5d7":211,"1f11812e":211,"c2bb8aae":195,"9f2b16a7":205,"b215547b":183,"3c6692a3":216,"aec074c4":206,"bca2d7cd":194,"2a06ab95":210,"13b53c7a":205,"8721056e":181,"cfafcda8":188,"30c184b8":189,"9a07d89b":175,"f2e3c0e3":172,"1745a0f4":202,"e865e4dd":187,"0a1d11e6":183,"83b2f9c5":205,"52eca0dc":202,"d9a64845":197,"49cb2959":202,"dc03ebd2":211,"5b5fc566":198,"730338c4":208,"a6003226":194,"162a7348":195,"3a1d1632":175,"bfcb912a":195,"74e3d13e":196,"8cddb65e":195,"a1370ab0":189,"ee21ad02":223,"d1d40c9c":207,"5acce642":209,"e4117b3b":176,"d83870f5":193,"730a4938":182,"9fce073c":196,"a06a6430":209,"87cd2add":179,"7e95c5a0":203,"53b4e647":198,"0785820e":198,"cf9f4757":195,"6fb4cdda":213,"a836aa93":197,"696fdac5":212,"d548635d":198,"f33c0140":203,"72b84094":225,"21ad2f34":212,"0149e11a":179,"8ea21393":174,"547903ef":204,"53747a91":190,"5fa12feb":210,"4c39240e":209,"5ab7bc35":200,"b320feb9":203,"25776fc4":205,"14c682eb":193,"c7636527":177,"f8b31ce5":211,"90d52475":202,"8a52882e":201,"39a2fcce":188,"66d94227":188,"36684155":197,"842c8340":195,"47d27624":184,"fd6dcb20":201,"b946e146":210,"53a8613c":211,"71ff66e8":209,"ea9bba6b":192,"83086d4c":204,"77d35808":179,"b1f58563":196,"016953e4":212,"6d61bf13":183,"a4dafea5":192,"1138796e":203,"4f5e3e7d":183,"d9dcdc4b":209,"8245f916":191,"b2bd8fd3":176,"6d802fa2":180,"50312237":199,"4b4ef7fa":186,"6c73ae98":169,"d33790a2":225,"cbad3b92":224,"cf50e84e":190,"608bc832":168,"1c3a30c5":204,"36fb15d2":211,"4febf7c5":196,"28d41578":204,"288afc30":210,"b460f030":221,"f1098793":210,"7cd0ad7b":201,"5ccf94d6":201,"19e9776f":190,"1f11812e":212,"751bcf25":184,"31408822":184,"8db62558":201,"9c045c61":197,"6143f39d":199,"26c390d6":202,"6d5fcd4c":191,"25a2844e":196,"cd522166":208,"20958d58":189,"d78dd457":186,"eebc8d43":189,"afe8e06a":181,"9a07d89b":176,"781ace7d":194,"aa867541":188,"71ba7561":168,"d5dae4c4":216,"ec110282":231,"1d44aff3":208,"c91966ce":195,"0d2a1c58":194,"416a9e97":189,"dd7acb96":198,"8cd78f77":196,"2f455cce":196,"884b0ad1":188,"1f342a00":192,"74e3d13e":197,"71279c46":196,"61d4782d":192,"31f6ba51":187,"12534561":196,"c4bff41f":214,"6632fed0":202,"4b4ecbce":179,"6b78ad7f":192,"f121b82c":207,"69134f07":182,"9267f0ef":201,"51c57542":203,"9a80f004":200,"4c4aa2e2":191,"90a06ee9":206,"92136ff5":197,"efd23af5":183,"14c682eb":194,"a851554d":207,"2154b6e8":188,"b320feb9":204,"27d8bf51":193,"a33fe0dd":205,"6b9eff39":194,"caddd0a7":208,"c1bdfd41":190,"ffc86f94":187,"bb00e71c":185,"abad2347":200,"e28c2efc":190,"04cc7cbe":189,"c8113b77":181,"a6b5e869":198,"b3f19a69":182,"ffa08d82":196,"cb142908":186,"124fbe96":192,"79be29c8":178,"753ca352":198,"e4cfef0a":187,"5d087c79":205,"9d9dd9e5":186,"5f7d7195":196,"449d8475":177,"0670c466":188,"650bb0e0":192,"794f652b":210,"cf1124db":189,"f4634d0b":194,"30dbfc69":189,"8942c35b":194,"dae0f922":202,"d033db8d":211,"58d46189":208,"12dd6f5e":179,"e238f09b":214,"2203f259":201,"a40846b7":197,"5270f158":185,"3e082b37":184,"09f0db62":219,"095ab3b4":200,"cf84fb54":205,"e0f7679f":181,"d36125db":200,"2cce4fb2":199,"49910300":180,"28d41578":205,"8c6e001f":171,"01cd8099":213,"6f0fcb9d":201,"868edcc0":204,"eed20185":211,"332820ce":205,"d0e9a58e":203,"9fc713b0":206,"31f6d707":213,"8eb64769":204,"9c58dd76":192,"408bb2ed":198,"2198ba8e":189,"5acaa06f":168,"ec2cb1af":200,"53a8613c":212,"865d9857":186,"6cba74ce":174,"30b6808c":180,"ec11fe5f":181,"b102f7bd":201,"6c486702":199,"b87158fb":188,"dd3913d2":186,"30c184b8":190,"2a4a402a":189,"345c9967":192,"d9a64845":198,"a472532e":184,"a0cf08b3":155,"8db5a165":189,"2dd0e808":191,"61145ec9":217,"d6320619":188,"558d5ce7":191,"4bcd4a30":209,"39ba00f0":199,"8cd78f77":197,"8657c79d":193,"a625328f":205,"bca2d7cd":195,"c793cdda":205,"742f1425":199,"deb31f35":206,"a2c334e7":219,"76f3a3be":202,"71279c46":197,"64db4feb":213,"1ed46298":209,"0681c48e":209,"efe84c27":197,"754f98c9":215,"8e99d5d0":234,"6b78ad7f":193,"be2955bb":195,"b2c25d1c":197,"d548635d":199,"72b84094":226,"07107f6e":200,"261c9911":214,"ecfa8249":217,"9d0546ac":186,"913a6226":206,"a851554d":208,"65a00a3c":189,"4fd645f1":195,"37a7d5b0":190,"c4e70c07":187,"e32524d6":192,"4777334c":190,"fce3c5c6":179,"935ec056":188,"1bb4ccc0":192,"bd2705b0":204,"5eab91a0":202,"7735c3c2":197,"124fbe96":193,"8bc04eb5":202,"07f98660":214,"a85d89cc":200,"95539a58":190,"6a5b71b4":182,"cb142908":187,"4930f321":187,"619fda68":229,"bad1a1cc":200,"91d52a55":193,"b88033fd":205,"6e98dfda":203,"7e15f8e8":207,"9ceb5439":183,"b8ab8e6e":193,"cc11fef9":208,"6f81493d":181,"cf1124db":190,"1e191c98":183,"d033db8d":212,"dbd2f139":201,"655941a0":217,"c0b7e7d7":183,"5b60dd1d":196,"3e082b37":185,"8dd649a3":194,"014bdff0":204,"f6fe095d":210,"6085137f":189,"f5829ac0":207,"b2703001":203,"a24e6670":197,"45fb95c1":202,"013ee301":190,"9e878ec2":200,"e0e6a097":196,"95bc84f1":180,"1c3a30c5":205,"b7407bd3":193,"6a60348e":191,"5f8517b7":220,"87ce8d1d":170,"2bcca6a7":216,"478d2d4f":217,"a59a8290":207,"1745a0f4":203,"7bda83dd":191,"a66a2d8a":212,"8721056e":182,"781ace7d":195,"fafb4cc2":241,"c91966ce":196,"6023df54":190,"313258f2":200,"43bc86e3":197,"83b2f9c5":206,"175bc6b2":178,"1d153b20":202,"ccdd1ce6":201,"546f6845":191,"172217e5":210,"8dd2684c":203,"b9a48a5c":176,"ea822700":191,"fd369c21":204,"b5763ff6":182,"6751d8e4":207,"7db3edda":194,"884b0ad1":189,"84b767be":224,"f1098793":211,"db0a661e":193,"d0b297b2":192,"12271e14":205,"ad8f85d6":218,"b35e9e1a":238,"6be9332a":182,"c6e3d352":205,"0da28f5b":215,"c21ab51e":180,"470d50c2":206,"5e193fc8":197,"be2955bb":196,"a4296d1e":189,"ab7d4c9a":193,"6490bac6":182,"feb67030":182,"e1f0dbfd":217,"4e5aaaec":187,"85de05f2":193,"c45d554f":210,"913a6226":207,"df2b4d87":188,"24ffcbd3":216,"ba30e43a":211,"805af3c7":193,"f8b31ce5":212,"8cddb65e":196,"b230e8d3":203,"1ed46298":210,"c93c3508":178,"31f6ba51":188,"87c462ee":202,"e0e48a2d":195,"7fef9973":191,"7ee7621c":192,"bec9d329":214,"7f6d1d0e":205,"e356abf1":207,"77bfed7e":191,"95539a58":191,"2b698053":197,"6034b6d0":209,"f7231212":194,"d83294cd":194,"0d7d88f1":193,"dcfaba4c":193,"725dce8b":208,"4ed01268":186,"77bae750":197,"794f652b":211,"44a4f7cd":193,"3c43e8a2":208,"695a2b92":188,"71ff66e8":210,"eda6a690":192,"437fc3ec":216,"8e4c33d2":187,"6b79fec2":185,"1138796e":204,"d6db2b02":208,"3c782bb3":198,"a8871ddf":188,"11888cfa":180,"92f800f5":215,"638cb163":215,"ca6d2d91":198,"31408822":185,"30dbfc69":190,"30d84dce":172,"751bcf25":185,"4ee62a26":186,"902f49f5":193,"93fdbb44":191,"650bb0e0":193,"ce3407dd":185,"11b2c8d9":190,"afe8e06a":182,"733c86f8":208,"e35a63cd":194,"b87158fb":189,"c463799d":194,"b8488fc8":199,"a901627e":189,"da04caac":209,"28654c76":207,"a5fd8ffd":204,"810aa5e9":200,"7c0a2db6":194,"5f96c2bc":191,"88432019":185,"15620dca":215,"53a8613c":213,"3f65f121":207,"51f57142":203,"7d6895f4":205,"f5596d0f":198,"dd7acb96":199,"d744bee2":191,"c0e2624b":192,"284544ba":190,"084cbc0b":184,"f4726450":186,"2f455cce":197,"f33c0140":204,"6b78ad7f":194,"c85a0d80":194,"754f98c9":216,"d548635d":200,"5e193fc8":198,"c21ab51e":181,"e21c6207":200,"51c57542":204,"5a622a23":198,"ccb5ea3e":176,"25e0dd3d":194,"3ef7432b":199,"2cce4fb2":200,"d0c0fc08":177,"fb44fa9c":208,"4b4ef7fa":187,"c4aa1e38":177,"c6e3d352":206,"3652bd66":196,"3d1af513":209,"24d24fa3":185,"13f0e139":179,"3a1b9af5":195,"26c6fa34":185,"d33790a2":226,"8245f916":192,"2c24d929":204,"b7df1559":196,"20811ddf":202,"bb00e71c":186,"d1d40c9c":208,"7f6d1d0e":206,"124fbe96":194,"e382ec3f":183,"e356abf1":208,"87cd2add":180,"a85d89cc":201,"0d28db94":186,"77bfed7e":192,"0bfabf48":187,"ad303bda":195,"a06a6430":210,"be149c6f":184,"a6003226":195,"3c18f28e":194,"a47abfbb":181,"31f6ba51":189,"5e09f69e":215
1604737676113,"eda6a690":193,"5270f158":186,"1da771fb":200,"8dd649a3":195,"5b60dd1d":197,"312f7676":217,"f1dffa24":177,"7732eb1e":220,"3310a049":200,"32c9fc47":199,"05642105":203,"e0f7679f":182,"761cf820":205,"b7df1559":197,"28d41578":206,"288afc30":211,"9c58dd76":193,"6a60348e":192,"8323d333":177,"26c6fa34":186,"e1571af7":191,"e1f0dbfd":218,"b5ce0c0c":204,"3fdb08f5":195,"44c77422":197,"caddd0a7":209,"638cb163":216,"868cda42":200,"e0e6a097":197,"baebb391":209,"6be9332a":183,"a533489b":220,"4b4ef7fa":188,"45b038bb":230,"be1746a0":190,"36fb15d2":212,"f1b493de":219,"94a2fe10":206,"d634aa28":202,"4360a1a3":210,"7a9344a4":212,"61f25dd4":225,"a8726d50":184,"cfafcda8":189,"fef750ca":204,"2352c8ef":203,"1bc0591f":190,"25a2844e":197,"2bcca6a7":217,"a0685bf3":216,"91f7ef72":182,"b28a5e67":227,"b2cfdbcf":190,"095ab3b4":201,"2203f259":202,"3f2522c2":209,"c318d350":210,"8e4c33d2":188,"ea9bba6b":193,"a58bf525":197,"28d41578":207,"1438fad7":196,"685207b3":199,"dcf85091":186,"9b172ca8":172,"754f98c9":217,"f33c0140":205,"c5b35e4d":179,"c0fea118":187,"3b7763b1":178,"51c57542":205,"a0ce82b4":198,"a0cca8b7":187,"c8dc010f":198,"88fa53d6":179,"e21c6207":201,"d141db49":193,"2cce4fb2":201,"3c782bb3":199,"731fc335":180,"a0cf08b3":156,"5ef93e5d":175,"aa867541":189,"4652b09a":201,"11b74e63":201,"00cf385d":208,"f0a06216":204,"e4c312fe":200,"bec9d329":215,"f56ac638":181,"43d87483":196,"cf9f4757":196,"869cbaa0":212,"93b9fae6":190,"4b4ef7fa":189,"31f6d707":214,"bab97de3":203,"1db42092":199,"4ea4a2a1":217,"cf52025e":194,"458dcc3d":211,"f044c0e1":189,"2e99f8fd":195,"87922532":225,"b35e9e1a":239,"35b58ef9":185,"f1862e79":173,"ef16ca37":189,"64a7f79f":205,"c93c3508":179,"84369269":179,"c81b2bcf":183,"cb6c9e42":223,"77f31bab":210,"48efc739":213,"12a2cd4b":194,"34658473":196,"24ffcbd3":217,"f734c84c":219,"f8b31ce5":213,"4777334c":191,"d6f0d94a":200,"caddd0a7":210,"059d6c19":204,"f1df62b4":201,"7a840529":191,"2ce1af05":175,"fee32863":200,"fef750ca":205,"1745a0f4":204,"7fdc2007":181,"8007f30e":169,"afe8e06a":183,"f2e3c0e3":173,"842c8340":196,"4ed01268":187,"2cb29e5a":205,"ec2cb1af":201,"6cba74ce":175,"7d6895f4":206,"51f57142":204,"9de29816":174,"a63bddd4":243,"bca2d7cd":196,"ea822700":192,"778c95e9":189,"88b3bc99":182,"f069bb07":199,"2c01e624":201,"3c6692a3":217,"3f2522c2":210,"1da771fb":201,"5099c6a0":218,"836701f6":198,"6ce84ff8":182,"2c5c1dc0":188,"014bdff0":205,"142d6987":193,"751bcf25":186,"1a2ec5d7":212,"655941a0":218,"61f25dd4":226,"906632cb":218,"4e3f5178":217,"c21ab51e":182,"fe578280":183,"0dad37d5":207,"dbc9df44":177,"168e75d9":196,"9f2b16a7":206,"40e79dd3":201,"6b9eff39":195,"e1f0dbfd":219,"27d8bf51":194,"5f0c1b9d":200,"91f7ef72":183,"71ba7561":169,"6023df54":191,"00a481e3":207,"61145ec9":218,"db8ba455":206,"4652b09a":202,"e6ec8cbf":211,"0d770b97":199,"aa187e3b":194,"bf30a08f":212,"1bb4ccc0":193,"67d30f2b":188,"6291e9e9":207,"0114160e":188,"8298e976":212,"17807120":184,"d9dcdc4b":210,"761cf820":206,"a543ec74":181,"ce4da56f":197,"13747b82":206,"f94bf9ea":187,"5e09f69e":216,"6df0b2e8":219,"6867261a":197,"e4714415":218,"bfcb912a":196,"bda8cdfb":202,"67f6e4f2":176,"cbad3b92":225,"59431390":194,"73b15e04":192,"0cb80f4a":202,"5ee911b5":186,"4cc141fa":165,"045f280d":202,"87922532":226,"4f5e3e7d":184,"4ea4a2a1":218,"6be9332a":184,"332820ce":206,"ecfa8249":218,"b6ee137a":191,"efd23af5":184,"1623fc9f":196,"d9f512b9":205,"e786063b":206,"b5ce0c0c":205,"9bdf362a":208,"88fa53d6":180,"ffc86f94":188,"ef91eaae":182,"91536e85":205,"7566fdd6":202,"43d87483":197,"ef14000f":217,"0d7d88f1":194,"8fb236a9":189,"eebc8d43":190,"cd522166":209,"0f1ac912":177,"ce3407dd":186,"1a0189c4":188,"37fbb107":207,"1b881e6e":204,"d5557fb4":203,"8cc4a982":207,"be4f8ba8":186,"51f57142":205,"22ecaed0":204,"9de29816":175,"08c6b5d2":202,"2dda3936":186,"84b67924":196,"d3a669ac":210,"730338c4":209,"fd07e0ed":200,"e58b26f6":211,"b7832271":211,"aec074c4":207,"5781776a":201,"e238f09b":215,"b769bdfb":194,"8dd649a3":196,"d1676e89":198,"27f52ed3":216,"bb98a6cf":221,"56d315d8":175,"655941a0":219,"26ed1a5c":190,"ddec9e54":192,"db703021":198,"467773ac":189,"dcf85091":187,"c4feee5b":200,"f598a332":184,"9b742f71":187,"0da28f5b":216,"53431634":218,"4c4aa2e2":192,"c7ab83c1":180,"c1bb74f2":195,"1745a0f4":205,"fe8f3d36":192,"831c7b85":198,"2bcca6a7":218,"ef8987d7":179,"52eca0dc":203,"a472532e":185,"d9a64845":199,"f789f6d8":185,"1d44aff3":209,"74c26380":221,"d4d5f466":190,"ee21ad02":224,"4b125e7b":188,"6c20c153":198,"7ee7621c":193,"bb8a6337":185,"aec4e1bf":201,"6df0b2e8":220,"162a7348":196,"5774ac0d":208,"bc3dc66a":201,"51f80f4c":222,"a6bcb07e":190,"0b5a0408":209,"5ee911b5":187,"de36827b":226,"d6db2b02":209,"d102b0c6":182,"c27969ec":186,"06073f13":208,"71bc1295":189,"6c73ae98":170,"36fb15d2":213,"458dcc3d":212,"95f6db13":194,"12271e14":206,"e7e82473":221,"f1862e79":174,"35b58ef9":186,"0ac825ed":203,"2198ba8e":190,"40569362":215,"9fc713b0":207,"a0cca8b7":188,"a0ce82b4":199,"5c82d1ce":194,"c650b434":199,"0149e11a":180,"8ea21393":175,"7b6a7048":192,"c8fcad77":181,"ca7d47f7":199,"859545e6":190,"0b959527":185,"dac109cf":195,"5f620a1e":196,"88fa53d6":181,"95d331b1":190,"e356abf1":209,"ac030e74":183,"76f94eda":204,"9aa6a054":200,"87cd2add":181,"a85d89cc":202,"8fb236a9":190,"597c1f81":197,"1634789b":192,"ccf8b803":205,"5d087c79":206,"9d63c4dd":194,"2a387957":193,"a983a6dc":179,"1d790491":200,"22ecaed0":205,"d1715f3b":216,"3f65f121":208,"30dd2edc":197,"315537b2":207,"ec2cb1af":202,"865d9857":187,"dd7acb96":200,"aec074c4":208,"b947257e":205,"d0d6acb1":196,"e7773397":188,"6b79fec2":186,"5270f158":187,"5272520d":198,"059d6c19":205,"30dbfc69":191,"b7434f57":158,"56d315d8":176,"8942c35b":195,"906632cb":219,"e7abc88d":181,"4e3f5178":218,"90a06ee9":207,"6fb4cdda":214,"704bce0d":192,"eebc8d43":191,"0e2b5d2f":199,"ba5c52af":190,"70ee0491":178,"eb2e1983":199,"fef750ca":206,"a15713c6":216,"d8e58a8c":217,"50b558a7":177,"91f7ef72":184,"aa76bc50":166,"781ace7d":196,"69eeae0d":178,"dc03ebd2":212,"ee75b607":192,"437fc3ec":217,"e58b26f6":212,"a6626a13":180,"272c7672":206,"725dce8b":209,"c64de0c0":185,"288a2c43":192,"162a7348":197,"ed4fad08":206,"9f5e6cba":203,"51f80f4c":223,"095ab3b4":202,"c0b7e7d7":184,"5781776a":202,"2d1e1e9d":205,"88a30343":201,"59431390":195,"1b153aef":202,"6be9332a":185,"b7df1559":198,"9263c525":203,"d36125db":201,"cf52025e":195,"379184a7":221,"66554572":161,"13f0e139":180,"9e878ec2":201,"be1746a0":191,"013ee301":191,"7ae3fc50":179,"7732eb1e":221,"a43061ee":186,"792cfcbd":199,"d33790a2":227,"fe0df575":213,"c21ab51e":183,"d34a29b9":212,"daab45c6":181,"c8dc010f":199,"debe1f65":192,"21ad2f34":213,"5a622a23":199,"fb8bfb36":219,"9d0546ac":187,"e5d3655c":225,"c7636527":178,"49b358bd":204,"4777334c":192,"e3547548":186,"92f800f5":216,"04ea5673":195,"67d30f2b":189,"6775d5cd":198,"0d770b97":200,"5b5fc566":199,"2b698053":198,"c38c2b52":196,"677c6a09":217,"9d4f1fe6":186,"621d6b18":207,"91536e85":206,"b73e789c":177,"00a17b46":198,"7fb4c521":199,"789bd484":192,"527ff946":203,"a939b50b":193,"44a4f7cd":194,"36684155":198,"9d9dd9e5":187,"47d27624":185,"12dd6f5e":180,"f87c5031":203,"ec2cb1af":203,"4d35385e":187,"b946e146":211,"dae0f922":203,"1a2ec5d7":213,"3b690f68":216,"902f49f5":194,"a8726d50":185,"c3e6ef01":196,"f883d582":178,"696fdac5":213,"71ff66e8":211,"f5cd79c1":208,"014bdff0":206,"b1f58563":197,"3712c4bd":181,"3e082b37":186,"eb2e1983":200,"b8488fc8":200,"e5b1abc6":199,"2352c8ef":204,"55928ef1":188,"a8c93bed":197,"a0685bf3":217,"a15713c6":217,"313258f2":201,"08a561b7":198,"f789f6d8":186,"616d6dd6":195,"781ace7d":197,"8a165e17":199,"abad2347":201,"836701f6":199,"25a7a0a3":178,"284544ba":191,"d6320619":189,"9ab755d3":186,"dd7acb96":201,"2c01e624":202,"e58b26f6":213,"6e851762":191,"911e770b":198,"6df0b2e8":221,"68562193":202,"ed4fad08":207,"bb8a6337":186,"031e488e":214,"e4714415":219,"8cddb65e":197,"cf84fb54":206,"8323d333":178,"c4aa1e38":178,"a4dafea5":193,"792cfcbd":200,"e81834aa":227,"8c6e001f":172,"aefe13f5":207,"ea274174":203,"06ddafc7":176,"dd1fcb17":182,"a24e6670":198,"b35e9e1a":240,"be1746a0":192,"26009d3f":177,"64a7f79f":206,"40569362":216,"1f88a4b7":215,"4b4ef7fa":190,"45b038bb":231,"0eaf08da":196,"34c5c729":195,"f3992a31":212,"972f4174":202,"9f2b16a7":207,"ded7da5a":204,"4e5aaaec":188,"9b172ca8":173,"5c82d1ce":195,"288d171f":202,"40e79dd3":202,"21e10a2b":196,"7e8e1c3d":187,"c8dc010f":200,"aa021138":217,"25776fc4":206,"d9f512b9":206,"4c39240e":210,"24ffcbd3":218,"3bad3c95":180,"4777334c":193,"935ec056":189,"1757a30e":187,"a6b5e869":199,"e4c312fe":201,"37d0cae2":188,"bf30a08f":213,"056ea7ff":215,"9fce073c":197,"0785820e":199,"8fb236a9":191,"abd32136":204,"77bfed7e":193,"faf4f98b":201,"4ed01268":188,"f2364460":188,"d5557fb4":204,"c6c85783":212,"93fdbb44":192,"84369269":180,"44a4f7cd":195,"6de0aaac":185,"2cb29e5a":206,"6d5fcd4c":192,"d2a841c9":190,"22176537":203,"22ecaed0":206,"01d817b8":177,"dbd2f139":202,"8db62558":202,"381c68fa":199,"40a745c0":197,"655941a0":220,"30fdcd3b":201,"26ed1a5c":191,"3e082b37":187,"2352c8ef":205,"dd3913d2":187,"a59a8290":208,"afe8e06a":184,"4bc46d7a":190,"1105f790":227,"5f96c2bc":192,"abc1d7ad":216,"78467b8a":200,"19551bad":190,"781ace7d":198,"da04caac":210,"3f75d3bc":222,"00a481e3":208,"6085137f":190,"a58bf525":198,"c564e316":209,"09ff339a":169,"3f2522c2":211,"0bd93cfd":160,"92efd84f":199,"fd07e0ed":201,"ea822700":193,"98915a1f":181,"9ab755d3":187,"c793cdda":206,"9b3f8714":204,"64db4feb":214,"e4714415":220,"72805bf5":190,"51f80f4c":224,"c9efc8f6":193,"725dce8b":210,"60e855ee":213,"288afc30":212,"4945c851":213,"27c8e038":209,"7a6aa4b6":200,"1138796e":205,"07fc4a9a":211,"8323d333":179,"0eaf08da":197,"2e99f8fd":196,"a43061ee":187,"90731976":189,"b35e9e1a":241,"a543ec74":182,"cf50e84e":191,"1f88a4b7":216,"eed20185":212,"7ae3fc50":180,"0d2c95fe":199,"fa55f27a":203,"79f04300":203,"ebdbf580":206,"b2c25d1c":198,"0dad37d5":208,"a4296d1e":190,"a3253019":194,"655954ba":191,"cd421290":194,"92136ff5":198,"7d112f4d":202,"7b6a7048":193,"21e10a2b":197,"b6ee137a":192,"f4343817":196,"c7636527":179,"014460b9":219,"4def63ee":179,"8f13c203":184,"4777334c":194,"2af60749":208,"0b959527":186,"a0bc1ceb":189,"a0b03218":206,"1bb4ccc0":194,"9d4f1fe6":187,"abad2347":202,"6c20c153":199,"bec9d329":216,"6b82b527":202,"95d331b1":191,"00a17b46":199,"cc5a1d47":188,"869cbaa0":213,"d83294cd":195,"8fb236a9":192,"4930f321":188,"4d9b0b10":204,"6adce358":217,"5957df9e":192,"a939b50b":194,"527ff946":204,"44a4f7cd":196,"cf775f58":206,"c98d5272":186,"d1715f3b":217,"d3e84616":199,"49902219":223,"0e036ae9":213,"2dda3936":187,"f2f58418":184,"558d5ce7":192,"30fdcd3b":202,"30d84dce":173,"7cd0ad7b":202,"d634aa28":203,"7a9344a4":213,"b7434f57":159,"be40590d":197,"e35a63cd":195,"0f89862c":180,"b102f7bd":202,"9b546d65":187,"9a3ab0b8":193,"bd62d7ed":186,"a0685bf3":218,"a472532e":186,"95904ac4":218,"810aa5e9":201,"012de09c":192,"ec110282":232,"f3a0c2ee":191,"345c9967":193,"1da771fb":202,"5781776a":203,"82868763":194,"aa5dfdf5":198,"284544ba":192,"af0b61ab":202,"c0e2624b":193,"98915a1f":182,"22234d6b":196,"dd7acb96":202,"a2c334e7":220,"5f6613c8":181,"3a1d1632":176,"dc473de1":174,"74e3d13e":198,"c9efc8f6":194,"c4bff41f":215,"27f52ed3":217,"3c43e8a2":209,"a77e127d":177,"19f9ca86":201,"4f5e3e7d":185,"b84a06eb":194,"a533489b":221,"88a30343":202,"00554ffd":205,"74e01f6a":196,"d36125db":202,"1db42092":200,"b7407bd3":194,"b6aaf976":192,"36380d96":198,"1247fa52":198,"4c4aa2e2":193,"696fdac5":214,"4e3f5178":219,"9f2b16a7":208,"69134f07":183,"c455f40e":191,"ab7467de":218,"3007f31f":182,"a0cca8b7":189,"debe1f65":193,"daab45c6":182,"9a80f004":201,"868cda42":201,"e786063b":207,"ca7d47f7":200,"7be025ce":189,"c7636527":180,"92f800f5":217,"2154b6e8":189,"481754fc":181,"36fb15d2":214,"90731976":190,"ce4da56f":198,"f9c15fcc":192,"d8475b95":173,"868edcc0":205,"b8397293":187,"03c398d2":208,"be1746a0":193,"baebb391":210,"677c6a09":218,"bb00e71c":187,"d815c5b4":229,"6841f77e":211,"f56ac638":182,"6ee92259":205,"04cc7cbe":190,"e28c2efc":191,"6034b6d0":210,"d7cb9bcf":189,"9f74b8a4":181,"f1df62b4":202,"9aa6a054":201,"9c29f0ed":213,"c81b2bcf":184,"99e171db":186,"789bd484":193,"50d129cf":195,"ce3407dd":187,"d5557fb4":205,"66d94227":189,"bb99c79c":192,"546f6845":192,"53a8613c":214,"6cba74ce":176,"945b63f0":225,"94a2fe10":207,"d634aa28":204,"5ccf94d6":202,"b7434f57":160,"1f11812e":213,"56d315d8":177,"4360a1a3":211,"25a2844e":198,"afe8e06a":185,"cfafcda8":190,"fee32863":201,"b87158fb":190,"78b97937":221,"a567ace4":199,"49cb2959":203,"2dd0e808":192,"08a561b7":199,"810aa5e9":202,"d9a64845":200,"88432019":186,"6d5fcd4c":193,"26c390d6":203,"7db3edda":195,"6a3eaf43":210,"f271ed5d":197,"e58b26f6":214,"b947257e":206,"c793cdda":207,"aec4e1bf":202,"61d4782d":193,"deb31f35":207,"540df50f":205,"b230e8d3":204,"3a204e56":193,"71ff66e8":212,"6085137f":191,"016953e4":213,"dc583e64":204,"095ab3b4":203,"eda6a690":194,"c382f054":211,"c4feee5b":201,"69134f07":184,"f121b82c":208,"e7abc88d":182,"c21ab51e":184,"0a92153e":194,"4dac6b20":170,"e2a7d915":166,"ab7467de":219,"18d20aa1":201,"c650b434":200,"4295ce9a":201,"c455f40e":192,"859545e6":191,"e32524d6":193,"638cb163":217,"75ffea08":196,"0f029727":198,"379184a7":222,"4945c851":214,"332820ce":207,"e7e82473":222,"e8d74304":184,"7ae3fc50":181,"69f3bfcc":191,"b6aaf976":193,"31f6d707":215,"95f6db13":195,"2c6cb96f":167,"313258f2":202,"124fbe96":195,"e4c312fe":202,"87c462ee":203,"3b2dee89":185,"ba586505":212,"4652b09a":203,"f56ac638":183,"e28c2efc":192,"00a17b46":200,"ad303bda":196,"f1df62b4":203,"385ab7c6":203,"53b4e647":199,"0d28db94":187,"6c73ae98":171,"d0b297b2":193,"dd1fcb17":183,"0ac825ed":204,"95bc84f1":181,"a0bc1ceb":190,"66554572":162,"fe0df575":214,"23080895":184,"d8475b95":174,"12a2cd4b":195,"4125085e":208,"42c80e69":206,"6e98dfda":204,"5d087c79":207,"5339e1e9":211,"48efc739":214,"93fdbb44":193,"650bb0e0":194,"25d1b2d8":201,"3661e12d":200,"14c682eb":195,"ca7d47f7":201,"110b1ee3":202,"5272520d":199,"d634aa28":205,"8b5a8e9f":200,"9a07d89b":177,"8f10fa42":217,"1745a0f4":206,"831c7b85":199,"55928ef1":189,"b102f7bd":203,"28654c76":208,"f2f58418":185,"f2ca27d9":206,"bc021def":195,"e9adbe58":199,"7d6895f4":207,"15620dca":216,"835358a0":190,"9147702f":186,"22234d6b":197,"3c6692a3":218,"3062379b":187,"778c95e9":190,"6751d8e4":208,"263762cb":182,"dc583e64":205,"f1dffa24":178,"71ff66e8":213,"5099c6a0":219,"e45b4b53":183,"f2470875":202,"4360a1a3":212,"26ed1a5c":192,"6f81493d":182,"1e7753d9":206,"f3992a31":213,"4b4ecbce":180,"0a92153e":195,"80a8a56d":195,"d34a29b9":213,"696fdac5":215,"34c5c729":196,"4e5aaaec":189,"201cafad":195,"5c82d1ce":196,"913a6226":208,"f9f2c53f":177,"547903ef":205,"de36827b":227,"5ef93e5d":176,"43bc86e3":198,"83b2f9c5":207,"ec110282":233,"8db5a165":190,"fafb4cc2":242,"d929098e":171,"b3f19a69":183,"d1d40c9c":209,"4b125e7b":189,"91b28f83":209,"79be29c8":179,"e356abf1":210,"9aa6a054":202,"af7e5be8":201,"30b6808c":181,"93b9fae6":191,"ef14000f":218,"6f39f4d9":208,"67c57de4":208,"82b81567":171,"8298e976":213,"aefe13f5":208,"cfe72ead":188,"a24e6670":199,"ad8f85d6":219,"5acaa06f":169,"dcfaba4c":194,"288a2c43":193,"13747b82":207,"2132fe93":202,"c93c3508":180,"e9a8cf11":197,"4911acad":171,"6adce358":218,"25d1b2d8":202,"e15fd611":185,"c81b2bcf":185
1604737677439,"9e65c0ef":193,"f4343817":197,"28d40296":172,"014460b9":220,"24ffcbd3":219,"04ea5673":196,"c4e70c07":188,"c015ec5a":204,"82204d54":192,"a59a8290":209,"cfafcda8":191,"70ee0491":179,"6c486702":200,"8db62558":203,"20e470e0":200,"381c68fa":200,"d033db8d":213,"a68a93b2":197,"56d315d8":178,"5ccf94d6":203,"91d52a55":194,"d1fe2868":211,"bd984a8e":187,"972f4174":203,"cb51f134":207,"ebdbf580":207,"c0fea118":188,"754f98c9":218,"288d171f":203,"53747a91":191,"e2a7d915":167,"4295ce9a":202,"18d20aa1":202,"4e5aaaec":190,"805534ac":201,"f4343817":198,"75ffea08":197,"aa021138":218,"62d1d346":178,"5ab7bc35":201,"c1bdfd41":191,"b7505747":202,"e5b1abc6":200,"2a4a402a":190,"5f96c2bc":193,"0a1d11e6":184,"71ba7561":170,"db8ba455":207,"4bc46d7a":191,"a5fd8ffd":205,"810aa5e9":203,"d4d5f466":191,"8bc04eb5":203,"b0869206":201,"aa187e3b":195,"67d30f2b":190,"0d770b97":201,"e356abf1":211,"10ec5a0b":190,"719c8869":202,"c98d5272":187,"eeaa2d46":214,"217c0327":171,"2dda3936":188,"affb82bf":215,"ec2cb1af":204,"6143f39d":200,"7d6895f4":208,"d0d6acb1":197,"70bc8325":192,"9ab755d3":188,"272c7672":207,"6751d8e4":209,"84b67924":197,"2c01e624":203,"77bfed7e":194,"6f39f4d9":209,"c8113b77":182,"053f3451":195,"53b4e647":200,"af7e5be8":202,"33d6bb6a":191,"a8c93bed":198,"d82592f4":214,"7732eb1e":222,"8493f3b2":197,"2d1e1e9d":206,"24d24fa3":186,"ea274174":204,"c609739e":206,"489a39f7":195,"332820ce":208,"90731976":191,"64a7f79f":207,"8d000d6e":184,"13f0e139":181,"f4634d0b":195,"7cd0ad7b":203,"751bcf25":187,"40a745c0":198,"381c68fa":201,"c8977844":196,"6e24d88b":189,"ed4fad08":208,"6df0b2e8":222,"bb8a6337":187,"dcfaba4c":195,"e9a8cf11":198,"162a7348":198,"dc473de1":175,"2b3e4717":197,"4c4aa2e2":194,"1a2c020b":208,"b215547b":184,"efe84c27":198,"1247fa52":199,"4b4ecbce":181,"2203f259":203,"3c43e8a2":210,"b1f58563":198,"eda6a690":195,"363590c7":213,"6b79fec2":187,"c564e316":210,"72b84094":227,"f3992a31":214,"07107f6e":201,"debe1f65":194,"05f6ab35":208,"733c86f8":209,"b102f7bd":204,"c1bb74f2":196,"d78dd457":187,"61145ec9":219,"71e53c93":197,"ae016053":223,"6023df54":192,"43bc86e3":199,"52eca0dc":204,"83b2f9c5":208,"abad2347":203,"d39724bc":196,"bd2705b0":205,"a6b5e869":200,"d815c5b4":230,"730a4938":183,"e1f0dbfd":220,"3007f31f":183,"4dac6b20":171,"ccb5ea3e":177,"ce3bf5db":193,"28d40296":173,"14c682eb":196,"ca7d47f7":202,"9e65c0ef":194,"b7505747":203,"44c77422":198,"a9b1bd51":156,"36684155":199,"77f31bab":211,"1634789b":193,"650bb0e0":195,"d1fe2868":212,"2cb29e5a":207,"6d5fcd4c":194,"f2ca27d9":207,"15620dca":217,"bc021def":196,"9c045c61":198,"22ecaed0":207,"a6626a13":181,"72d7b461":211,"1f342a00":193,"f069bb07":200,"aa5dfdf5":199,"de6213c7":189,"730338c4":210,"ce4da56f":199,"8245f916":193,"dd1fcb17":184,"d0e9a58e":204,"0114160e":189,"f5829ac0":208,"9fc713b0":208,"08a4c3f8":201,"b36a0d66":185,"50312237":200,"481754fc":182,"8d000d6e":185,"c6e3d352":207,"54a676d6":195,"742f1425":200,"92d38723":208,"159ffd0b":186,"1438fad7":197,"7a6aa4b6":201,"04612878":221,"26c6fa34":187,"11b74e63":202,"43d87483":198,"77bfed7e":195,"053f3451":196,"d5059415":185,"30b6808c":182,"a06a6430":211,"4f59a322":202,"3b690f68":217,"4279e829":215,"30dbfc69":192,"c64de0c0":186,"a1370ab0":190,"3a1d1632":177,"71279c46":198,"68562193":203,"aa9ea5e8":178,"4125085e":209,"c2bb8aae":196,"0af920d8":185,"1a2ec5d7":214,"58d46189":209,"c4feee5b":202,"5099c6a0":220,"312f7676":218,"3498f223":192,"69d4b754":188,"7f86be64":189,"8e99d5d0":235,"6b78ad7f":195,"90a06ee9":208,"fe8f3d36":193,"7fdc2007":182,"30c184b8":191,"b8488fc8":201,"8b5a8e9f":201,"fee32863":202,"50b558a7":178,"3a291497":179,"4bc46d7a":192,"e865e4dd":188,"cf1b8c47":207,"7c0a2db6":195,"ae016053":224,"8a165e17":200,"abad2347":204,"dffa7793":164,"d1d40c9c":210,"a6b5e869":201,"7b6a7048":194,"ab7467de":220,"20777945":192,"79e4fa1c":201,"21e10a2b":198,"3007f31f":184,"bc09fa9e":199,"719c8869":203,"088feee2":202,"c67979e6":219,"bf822e33":197,"37fbb107":208,"b88033fd":206,"254cc28c":202,"f4b2f575":189,"12dd6f5e":181,"9e206c95":218,"8547fbc2":185,"21ee2afe":214,"49902219":224,"217c0327":172,"f2f58418":186,"92efd84f":200,"835358a0":191,"2d54e0a8":198,"84b767be":225,"ea822700":194,"b5763ff6":183,"805af3c7":194,"7043382d":193,"7e76c93c":198,"0a2f71bc":185,"4577b333":205,"ffc86f94":189,"e4c312fe":203,"8bc04eb5":204,"1757a30e":188,"07f98660":215,"50c468ba":185,"00a17b46":201,"619fda68":230,"7fb4c521":200,"2b698053":199,"d2466211":204,"25635c37":169,"eda6a690":196,"26f99a1e":180,"3712c4bd":182,"1951480c":180,"3310a049":201,"45b038bb":232,"332820ce":209,"8298e976":214,"6a60348e":193,"3652bd66":197,"99d130c9":193,"868edcc0":206,"50312237":201,"6be9332a":186,"fe0df575":215,"95bc84f1":182,"458dcc3d":213,"2d1e1e9d":207,"4ac6bd4e":183,"b460f030":222,"1db42092":201,"b377a62a":180,"812b4f15":184,"2d382981":188,"0f72f2d8":201,"7028b044":196,"540df50f":206,"c4bff41f":216,"b7cc7909":205,"7af9d3b1":198,"dc473de1":176,"081460bf":198,"a6003226":196,"db703021":199,"4279e829":216,"66b7b5b4":194,"467773ac":190,"56d315d8":179,"5272520d":200,"8db62558":204,"9f2b16a7":209,"d34a29b9":214,"9b742f71":188,"82204d54":193,"831c7b85":200,"f2e3c0e3":174,"b87158fb":191,"6c524f99":205,"8db5a165":191,"19551bad":191,"ae016053":225,"e35a63cd":196,"fe44fc6f":181,"3c0df8b4":218,"a5fd8ffd":206,"83b2f9c5":209,"dd035d2a":187,"69134f07":185,"704bce0d":193,"c85a0d80":195,"1e232870":208,"8ea21393":176,"3b7763b1":179,"6bc5d32a":215,"4eed1bea":208,"44ff8baa":199,"62d1d346":179,"9a80f004":202,"a81a857c":186,"fb8bfb36":220,"b5ce0c0c":206,"e4117b3b":177,"dffa7793":165,"1c0a9eff":184,"88ce179e":205,"ba586505":213,"93b0a158":216,"79be29c8":180,"7fb4c521":201,"2b698053":200,"d7cb9bcf":190,"a85d89cc":203,"0d28db94":188,"449d8475":178,"aff8e442":204,"b8ab8e6e":194,"9d63c4dd":195,"6adce358":219,"84369269":181,"d1fe2868":213,"12dd6f5e":182,"09560615":182,"3f65f121":209,"6cba74ce":177,"57540cc3":198,"01d817b8":178,"d1715f3b":218,"d3a669ac":211,"4fd645f1":196,"437fc3ec":218,"c564e316":211,"b1f58563":199,"3a204e56":194,"8dc9b4db":204,"004f1ef3":237,"5b60dd1d":198,"95bc84f1":183,"d102b0c6":183,"05642105":204,"761cf820":207,"88a30343":203,"b35e9e1a":242,"c7c4ec5c":181,"1db42092":202,"27c8e038":210,"ce4da56f":200,"c27969ec":187,"b8397293":188,"fb44fa9c":209,"24d24fa3":187,"cd95f558":196,"cfe72ead":189,"aefe13f5":209,"4945c851":215,"aa021138":219,"caddd0a7":211,"5ab7bc35":202,"835358a0":192,"72d7b461":212,"0fc5ac7e":222,"d744bee2":192,"7db3edda":196,"2d54e0a8":199,"a47abfbb":182,"71a2a493":168,"64db4feb":215,"e9a8cf11":199,"9b3f8714":205,"a6003226":197,"57d5dee8":194,"3b690f68":218,"d033db8d":214,"cf1124db":191,"4360a1a3":213,"9316e7e8":165,"059d6c19":206,"5272520d":201,"35b58ef9":187,"a5aee5de":228,"03dcfa3d":196,"621d6b18":208,"faf4f98b":202,"7af262e5":228,"478d2d4f":218,"8f10fa42":218,"1745a0f4":207,"b102f7bd":205,"c6dc900c":167,"ba5c52af":191,"fafb4cc2":243,"f789f6d8":187,"49cb2959":204,"ef8987d7":180,"00a481e3":209,"313258f2":203,"aa76bc50":167,"1a68160d":200,"c0fea118":189,"b2c25d1c":199,"a836aa93":198,"9b172ca8":174,"168e75d9":197,"1e232870":209,"cd421290":195,"9d9dd9e5":188,"1d790491":201,"b88033fd":207,"aff8e442":205,"558d5ce7":193,"c6c85783":213,"9e206c95":219,"ec2cb1af":205,"50d129cf":196,"88432019":187,"0f1ac912":178,"70594a28":195,"bc09fa9e":200,"ecfa8249":219,"b6ee137a":193,"7bebff03":194,"a851554d":209,"c4e70c07":189,"f8b31ce5":214,"ba30e43a":212,"04ea5673":197,"4fd645f1":197,"0a2f71bc":186,"dac109cf":196,"7ee148e9":189,"d599b566":211,"1da771fb":203,"39bbc4bc":196,"3a204e56":195,"42191b64":171,"95d3d348":188,"5678ed7b":209,"de36827b":228,"332820ce":210,"06073f13":209,"868edcc0":207,"a4dafea5":194,"5acaa06f":170,"336d0f08":204,"4945c851":216,"935ec056":190,"4258c176":185,"c0b23081":221,"87c462ee":204,"95d331b1":192,"ea4d3f3e":204,"6841f77e":212,"abd32136":205,"d4ee22a4":202,"a85d89cc":204,"0d7d88f1":195,"1dad0f99":188,"b9be31d6":207,"43d87483":199,"9c045c61":199,"272c7672":208,"2dda3936":189,"546f6845":193,"7db3edda":197,"0d2a1c58":195,"70c1e715":205,"98915a1f":183,"6a3eaf43":211,"3c6692a3":219,"c93c3508":181,"72805bf5":191,"0681c48e":210,"9f5e6cba":204,"31f6ba51":190,"cf1124db":192,"4360a1a3":214,"a4f1d83b":189,"66497c7e":190,"0d5ee801":188,"c8977844":197,"8db62558":205,"02d4753e":209,"e8d74304":185,"a8871ddf":189,"fa55f27a":204,"1be05c14":204,"4febf7c5":197,"49bf2e95":186,"458dcc3d":214,"6ebe2354":170,"eed20185":213,"4b4ef7fa":191,"64a7f79f":208,"733c86f8":210,"33d6bb6a":192,"8f10fa42":219,"05f6ab35":209,"ec11fe5f":182,"6c486702":201,"50b558a7":179,"1d44aff3":210,"781ace7d":199,"83b2f9c5":210,"3101354b":177,"d548635d":201,"7f86be64":190,"e1618359":205,"34c5c729":197,"4125085e":210,"aa9ea5e8":179,"0670c466":189,"2a387957":194,"6e98dfda":205,"815e4582":206,"9ceb5439":184,"44a4f7cd":197,"f2ca27d9":208,"66d94227":190,"eafbf9fb":202,"fd6dcb20":202,"77300e4a":176,"4b4ecbce":182,"8e99d5d0":236,"f734c84c":220,"4e5aaaec":191,"805534ac":202,"18d20aa1":203,"261c9911":215,"c650b434":201,"8ea21393":177,"37a7d5b0":191,"04ea5673":198,"014460b9":221,"263762cb":183,"fb7b7b3c":212,"2203f259":204,"b935fc1c":194,"26f99a1e":181,"004f1ef3":238,"c0b7e7d7":185,"cf50e84e":192,"0d2c95fe":200,"a4dafea5":195,"24ffcbd3":220,"a81a857c":187,"25776fc4":207,"ec110282":234,"d9a64845":201,"fd482491":223,"4258c176":186,"4b125e7b":190,"37d0cae2":189,"bec9d329":217,"6c20c153":200,"677c6a09":219,"8bc04eb5":205,"30b6808c":183,"9aa6a054":203,"cb142908":188,"7566fdd6":203,"b73e789c":178,"ae95f2ba":213,"93b9fae6":192,"e786063b":208,"3f65f121":210,"bc021def":197,"eeaa2d46":215,"af157d29":193,"aec074c4":209,"778c95e9":191,"fd07e0ed":202,"272c7672":209,"6a3eaf43":212,"bca2d7cd":197,"98915a1f":184,"725dce8b":211,"180377be":191,"1f11812e":214,"3f9b5722":181,"026766f3":197,"d70ca4f4":221,"dae0f922":204,"bb98a6cf":222,"82204d54":194,"cd522166":210,"c510bfd3":206,"11b2c8d9":191,"831c7b85":201,"a59a8290":210,"0f89862c":181,"ce4da56f":201,"8245f916":194,"8d753bb6":197,"4ba6eb36":189,"1db42092":203,"d0b297b2":194,"bab97de3":204,"5ee911b5":188,"6be9332a":187,"ea274174":205,"cbad3b92":226,"e0e6a097":198,"9e878ec2":202,"59c1e594":183,"aa00769b":209,"4b4ef7fa":192,"b460f030":223,"71bc1295":190,"dcfaba4c":196,"51f80f4c":225,"57d5dee8":195,"6df0b2e8":223,"24a9fb86":212,"081460bf":199,"31d74eee":194,"8a52882e":202,"1d790491":202,"5d087c79":208,"b8ab8e6e":195,"288d171f":204,"f121b82c":209,"655954ba":192,"0dad37d5":209,"b215547b":185,"4b4ecbce":183,"9f2b16a7":210,"20777945":193,"fb8bfb36":221,"c455f40e":193,"5c82d1ce":197,"92136ff5":199,"261c9911":216,"85de05f2":194,"2203f259":205,"25635c37":170,"5270f158":188,"8dd649a3":197,"014bdff0":207,"c95719e5":182,"578f6e9e":215,"014460b9":222,"a901627e":190,"db8ba455":208,"aa867541":190,"8db5a165":192,"3c0df8b4":219,"781ace7d":200,"012de09c":193,"00cf385d":209,"e0e48a2d":196,"d815c5b4":231,"e4c312fe":204,"88ce179e":206,"0d770b97":202,"cb4f262b":188,"e4cfef0a":188,"76f94eda":205,"9f74b8a4":182,"c38c2b52":197,"b73e789c":179,"2b698053":201,"77bfed7e":196,"dac109cf":197,"44c77422":199,"7043382d":194,"0f029727":199,"92f800f5":218,"c015ec5a":205,"789bd484":194,"12dd6f5e":183,"5339e1e9":212,"18815a1b":195,"7d6895f4":209,"a77e8461":199,"affb82bf":216,"4469c815":175,"9e206c95":220,"911e770b":199,"70bc8325":193,"8cd78f77":198,"9147702f":187,"1f342a00":194,"fd07e0ed":203,"1f7607df":183,"f1b493de":220,"a8726d50":186,"56d315d8":180,"7cd0ad7b":204,"58d46189":210,"180377be":192,"82204d54":195,"e35a63cd":197,"eebc8d43":192,"eb2e1983":201,"d78dd457":188,"8063df14":208,"8007f30e":170,"6291e9e9":208,"868edcc0":208,"4ff2225d":195,"0b5a0408":210,"8245f916":195,"1438fad7":198,"332820ce":211,"fa55f27a":205,"1f88a4b7":217,"045f280d":203,"02d4753e":210,"04612878":222,"608bc832":169,"b6aaf976":194,"13f0e139":182,"8d000d6e":186,"481754fc":183,"1bd5b20b":212,"03c398d2":209,"a0b03218":207,"804d4dfa":187,"20e470e0":201,"3c18f28e":195,"181c3dd5":197,"6867261a":198,"c4bff41f":217,"dc473de1":177,"72805bf5":192,"6632fed0":203,"a4296d1e":191,"b215547b":186,"655954ba":193,"b3863630":188,"53431634":219,"c85a0d80":196,"145c7559":181,"e1f0dbfd":221,"6b9eff39":196,"7b6a7048":195,"5a622a23":200,"21e10a2b":199,"ded7da5a":205,"5c82d1ce":198,"8e4c33d2":189,"09f0db62":220,"016953e4":214,"19f9ca86":202,"71ff66e8":214,"6ce84ff8":183,"c95719e5":183,"7896b953":201,"f789f6d8":188,"906fdec3":180,"d8e58a8c":218,"52eca0dc":205,"abc1d7ad":217,"537634c9":179,"93b0a158":217,"6841f77e":213,"7fef9973":192,"87c462ee":205,"e0e48a2d":197,"d83870f5":194,"cb4f262b":189,"0d28db94":189,"30b6808c":184,"77bfed7e":197,"0f029727":200,"37a7d5b0":192,"aa021138":220,"b5ce0c0c":207,"b320feb9":205,"62d1d346":180,"2045d7d6":191,"527ff946":205,"5a0eb771":193,"1634789b":194,"a9b1bd51":157,"48efc739":215,"eeaa2d46":216,"f2364460":189,"865d9857":188,"66d94227":191,"ac38a6a5":208,"0277d748":204,"3f65f121":211,"dfa1a89b":190,"6d5fcd4c":195,"5a07fc2e":177,"70bc8325":194,"22234d6b":198,"a6626a13":182,"835358a0":193,"bca2d7cd":198,"3c6692a3":220,"e62d705f":187,"d634aa28":206,"621d6b18":209,"385ab7c6":204,"056ea7ff":216,"597c1f81":198,"c463799d":195,"2a76f1dd":174,"8f10fa42":220,"8007f30e":171,"a4dafea5":196,"8aa78e2f":181,"07fc4a9a":212,"06073f13":210,"f277386e":169,"de11eb19":210,"cf84fb54":207,"2e99f8fd":197,"e8f173b5":204,"a0bc1ceb":191,"3a1b9af5":196,"95bc84f1":184,"27c8e038":211,"554ebb83":209,"a43061ee":188,"7a6aa4b6":202,"a0b03218":208,"f9c15fcc":193,"0eaf08da":198,"9c58dd76":194,"804d4dfa":188,"58d46189":211,"6f81493d":183,"26ed1a5c":193,"c3e6ef01":197,"7a9344a4":214,"6867261a":199,"deb31f35":208,"51f80f4c":226,"181c3dd5":198,"2132fe93":203,"13747b82":208,"e4714415":221,"685207b3":200,"f3992a31":215,"06ee61b6":188,"470d50c2":207,"0a92153e":196,"a836aa93":199,"c0fea118":190,"f9f2c53f":178,"f734c84c":221,"261c9911":217,"3712c4bd":183,"60e855ee":214,"c95719e5":184,"f2470875":203,"5270f158":189,"d1676e89":199,"095ab3b4":204,"18d20aa1":204,"6490bac6":183,"7bebff03":195,"6c486702":202,"e5b1abc6":201,"9d023afb":193,"a15713c6":218,"f789f6d8":189,"52eca0dc":206,"aa76bc50":168,"ec110282":235,"56473430":207,"d9a64845":202,"e4c312fe":205,"cb4f262b":190,"5b5fc566":200,"3b2dee89":186,"e0e48a2d":198,"11b74e63":203,"935ec056":191,"a0cca8b7":190,"c7636527":181,"37a7d5b0":193,"c1bdfd41":192,"4c39240e":211,"9bdf362a":209,"8ec3834d":210,"842c8340":197,"088feee2":203,"9ceb5439":185,"a1921150":210,"865d9857":189,"48efc739":216,"172217e5":211,"6adce358":220,"1d153b20":203,"be4f8ba8":187,"88432019":188,"18815a1b":196,"416a9e97":190,"2c627253":200,"284544ba":193,"2a06ab95":211,"4bcd4a30":210,"c0e2624b":194,"aaa274a5":195,"72d7b461":213,"2af60749":209,"a81a857c":188,"af7e5be8":203,"a06a6430":212,"e57d5cda":184,"6a5b71b4":183,"7218c9f1":193,"4930f321":189,"4d9b0b10":205,"e8f173b5":205,"f5829ac0":209,"b2703001":204,"1f88a4b7":218,"b8397293":189,"82b81567":172,"e36dfd6f":205,"fb44fa9c":210,"36fb15d2":215,"b2a8761b":180,"812b4f15":185,"05642105":205,"f9c15fcc":194,"12a2cd4b":196,"ac62fac2":214,"332820ce":212,"8d000d6e":187,"87922532":227,"04612878":223,"bad6cdb1":165,"87ce8d1d":171,"7cd0ad7b":205,"b6591e25":201,"5cd3cfe0":182,"9d4da635":184,"31408822":186,"30fdcd3b":203,"94a2fe10":208,"a1370ab0":191,"9f5e6cba":205,"12534561":197
1604737677906,"004f1ef3":239,"f5cd79c1":209,"83086d4c":205,"971675c5":207,"a40846b7":198,"e7773397":189,"f6fe095d":211,"51f80f4c":227,"7af9d3b1":199,"bb8a6337":188,"dcfaba4c":197,"59431390":196,"a8871ddf":190,"868edcc0":209,"f277386e":170,"fb44fa9c":211,"0be540c5":200,"d36125db":203,"8d000d6e":188,"bad6cdb1":166,"b35e9e1a":243,"9263c525":204,"d82592f4":215,"a533489b":222,"56752a4a":185,"ae8a09c4":211,"379184a7":223,"2e99f8fd":198,"35b58ef9":188,"8f2a7d69":192,"946df4fd":225,"6ebe2354":171,"6adce358":221,"d5557fb4":206,"aff8e442":206,"175bc6b2":179,"254cc28c":203,"a63bddd4":244,"5a0eb771":194,"d6320619":190,"36d340f2":175,"5339e1e9":213,"e9adbe58":200,"ce3407dd":188,"623c6a31":210,"416a9e97":191,"af0b61ab":203,"8657c79d":194,"d0d6acb1":198,"1f342a00":195,"084cbc0b":185,"2f455cce":198,"2d54e0a8":200,"3c43e8a2":211,"19f9ca86":203,"c0fea118":191,"0da28f5b":217,"be2955bb":197,"9267f0ef":202,"972f4174":204,"a3253019":195,"d548635d":202,"a40846b7":199,"5270f158":190,"82868763":195,"ea9bba6b":194,"f67de058":200,"478d2d4f":219,"fead11cf":198,"dd3913d2":188,"0e2b5d2f":200,"0f89862c":182,"8007f30e":172,"f905a555":188,"a15713c6":219,"d9d0c567":206,"a0cf08b3":157,"dc03ebd2":213,"28654c76":209,"fd482491":224,"e4117b3b":178,"95d331b1":193,"d1d40c9c":211,"a6b5e869":202,"1757a30e":189,"ae99df30":177,"1c0a9eff":185,"eda6a690":197,"74e3d13e":199,"dc473de1":178,"aec4e1bf":203,"17446892":195,"dcfaba4c":198,"bc3dc66a":202,"3c18f28e":196,"159ffd0b":187,"4ff2225d":196,"95f6db13":196,"59431390":197,"88a30343":204,"5acaa06f":171,"8d753bb6":198,"4f5e3e7d":186,"6a60348e":194,"336d0f08":205,"6ebe2354":172,"a533489b":223,"26c6fa34":188,"06073f13":211,"b7df1559":199,"36fb15d2":216,"99d130c9":194,"358e45b1":193,"17807120":185,"cf52025e":196,"0f72f2d8":202,"a0ce82b4":200,"7e8e1c3d":188,"b6ee137a":194,"a0cca8b7":191,"0149e11a":181,"20777945":194,"07107f6e":202,"a81a857c":189,"cc6bbe45":192,"e786063b":209,"25776fc4":208,"e3547548":187,"5f620a1e":197,"24ffcbd3":221,"07f98660":216,"4f59a322":203,"67c57de4":209,"95539a58":192,"af7e5be8":204,"91536e85":207,"d2466211":205,"546f6845":194,"9d63c4dd":196,"49902219":225,"d1fe2868":214,"865d9857":190,"0f1ac912":179,"1d153b20":204,"6adce358":222,"5f7d7195":197,"eeaa2d46":217,"f4b2f575":190,"558d5ce7":194,"ef8321d8":203,"90d52475":203,"b7832271":212,"6f81493d":184,"5cd3cfe0":183,"d634aa28":207,"0c0e98ea":191,"751bcf25":188,"4360a1a3":215,"dbd2f139":203,"104721f0":197,"c0fea118":192,"f3992a31":216,"004f1ef3":240,"5270f158":191,"93ac9ca3":198,"1da771fb":204,"c463799d":196,"55928ef1":190,"ec11fe5f":183,"bd62d7ed":187,"dfcc2ad1":220,"25a2844e":199,"f2e3c0e3":175,"a901627e":191,"810aa5e9":204,"d5dae4c4":217,"45b5746e":197,"aa867541":191,"49cb2959":205,"00a481e3":210,"fea793f5":203,"aa187e3b":196,"ea9bba6b":195,"fd369c21":205,"c0e2624b":195,"eb7b4e29":184,"70c1e715":206,"b947257e":207,"de6213c7":190,"8d04852b":191,"74e3d13e":200,"2ab62345":187,"17446892":196,"ed4fad08":209,"5f6613c8":182,"47cfba38":182,"19f9ca86":204,"5099c6a0":221,"6d802fa2":181,"26009d3f":178,"49910300":181,"bbe71605":180,"8298e976":215,"332820ce":213,"4cc141fa":166,"4b4ecbce":184,"9f2b16a7":211,"f33c0140":206,"9b172ca8":175,"5c82d1ce":199,"21ad2f34":214,"3ef7432b":200,"79e4fa1c":202,"ab7467de":221,"a851554d":210,"a0cca8b7":192,"f8b31ce5":215,"fce3c5c6":180,"2af60749":210,"7e76c93c":199,"e3547548":188,"d141db49":194,"638cb163":218,"f9c15fcc":195,"13f0e139":183,"cf50e84e":193,"a502c93c":192,"8bc04eb5":206,"5acce642":210,"d39724bc":197,"124fbe96":196,"ae95f2ba":214,"76f94eda":206,"7fb4c521":202,"00a17b46":202,"629800eb":210,"c803b4a3":194,"67c57de4":210,"01d817b8":179,"2a387957":195,"d1fe2868":215,"d3e84616":200,"8cc4a982":208,"842c8340":198,"088feee2":204,"175bc6b2":180,"8ec3834d":211,"172217e5":212,"650bb0e0":196,"623c6a31":211,"25d1b2d8":203,"416a9e97":192,"2c24d929":205,"8323d333":180,"0d2c95fe":201,"b4fdf90e":205,"cbad3b92":227,"c609739e":207,"6585adbe":174,"aefe13f5":210,"d33790a2":228,"d0e9a58e":205,"bc392d1c":173,"66497c7e":191,"467773ac":191,"3f9b5722":182,"c2bb8aae":197,"56d315d8":181,"f4634d0b":196,"be40590d":198,"016953e4":215,"5099c6a0":222,"0042f6eb":190,"8007f30e":173,"dc0c8b09":216,"f2e3c0e3":176,"11b2c8d9":192,"c463799d":197,"0f89862c":183,"a901627e":192,"da04caac":211,"61145ec9":220,"d1676e89":200,"f1dffa24":179,"2c627253":201,"0fc5ac7e":223,"730338c4":211,"f271ed5d":198,"eb7b4e29":185,"8cd78f77":199,"2d54e0a8":201,"35aa7fd0":204,"31f6ba51":191,"bfcb912a":197,"c93c3508":182,"317c1591":211,"3e082b37":188,"c7ab83c1":181,"820225e4":180,"32c9fc47":200,"b552beb3":213,"e81834aa":228,"49910300":182,"8d000d6e":189,"b2703001":205,"8f2a7d69":193,"36fb15d2":217,"7732eb1e":223,"d548635d":203,"501db4de":193,"6fb4cdda":215,"0dad37d5":210,"77300e4a":177,"f2086446":185,"f33c0140":207,"25e0dd3d":195,"27d8bf51":195,"5c82d1ce":200,"40e79dd3":203,"51c57542":206,"7bebff03":196,"26dd2000":214,"fce3c5c6":181,"ce3bf5db":194,"24ffcbd3":222,"7e76c93c":200,"a577db1c":197,"4def63ee":180,"4577b333":206,"3d1af513":210,"4b4ef7fa":193,"358e45b1":194,"9fc713b0":209,"332820ce":214,"e0e6a097":199,"01cd8099":214,"537634c9":180,"c0b23081":222,"91f7ef72":185,"7ee7621c":194,"7fef9973":193,"f3a0c2ee":192,"5f96c2bc":194,"67d30f2b":191,"04bef50c":172,"b3f19a69":184,"e356abf1":212,"2b698053":202,"0785820e":200,"0d28db94":190,"ffa08d82":197,"af7e5be8":205,"d2466211":206,"0bfabf48":188,"dd1fcb17":185,"6be9332a":188,"812b4f15":186,"792cfcbd":201,"5ac86fb9":205,"aec4e1bf":204,"bb8a6337":189,"dfa1a89b":191,"449d8475":179,"bc021def":198,"5339e1e9":214,"a1921150":211,"12012fbd":187,"546f6845":195,"d5557fb4":207,"77f31bab":212,"2cb29e5a":208,"bad1a1cc":201,"7d6895f4":210,"902f49f5":195,"94a2fe10":209,"19e9776f":191,"0841052c":214,"f883d582":179,"66497c7e":192,"7cd0ad7b":206,"dfcc2ad1":221,"8b5a8e9f":202,"1bc0591f":191,"70ee0491":180,"7fdc2007":183,"8007f30e":174,"2a4a402a":191,"810aa5e9":205,"2c6cb96f":168,"7896b953":202,"7c0a2db6":196,"db8ba455":209,"d3a669ac":212,"88432019":189,"72d7b461":214,"527ff946":206,"aaa274a5":196,"84b767be":226,"aa5dfdf5":200,"98915a1f":185,"7028b044":197,"17446892":197,"dc583e64":206,"8e4c33d2":190,"016953e4":216,"971675c5":208,"3712c4bd":184,"25635c37":171,"09f0db62":221,"26009d3f":179,"59431390":198,"a24e6670":200,"685207b3":201,"104721f0":198,"80a8a56d":196,"704bce0d":194,"696fdac5":216,"b3863630":189,"c0fea118":193,"a0cca8b7":193,"e2a7d915":168,"44ff8baa":200,"ded7da5a":206,"e1f0dbfd":222,"79e4fa1c":203,"0a96f57a":192,"65a00a3c":190,"e5d3655c":226,"7be025ce":190,"f8b31ce5":216,"49b358bd":205,"259930ee":201,"ffc86f94":190,"a8871ddf":191,"1b153aef":203,"2d1e1e9d":208,"fe0df575":216,"90731976":192,"fe44fc6f":182,"012de09c":194,"4b125e7b":191,"37d0cae2":190,"124fbe96":197,"e4c312fe":206,"4652b09a":204,"0d770b97":203,"e356abf1":213,"9496f56f":199,"c8113b77":183,"ae95f2ba":215,"cf9f4757":197,"af7e5be8":206,"95539a58":193,"9c29f0ed":214,"336d0f08":206,"cf84fb54":208,"c7c4ec5c":182,"e4714415":222,"f94bf9ea":188,"76f3a3be":203,"35aa7fd0":205,"c93c3508":183,"13747b82":209,"25a7a0a3":179,"a9b1bd51":158,"77bae750":198,"6143f39d":201,"792cfcbd":202,"82b81567":173,"9fc713b0":210,"0ac825ed":205,"17807120":186,"ef16ca37":190,"04612878":224,"9c58dd76":195,"23080895":185,"b7df1559":200,"0841052c":215,"1e191c98":184,"dbd2f139":204,"c8977844":198,"56d315d8":182,"c3e6ef01":198,"be40590d":199,"c1bb74f2":197,"5f4102da":206,"7af262e5":229,"70ee0491":181,"1745a0f4":208,"8007f30e":175,"0f89862c":184,"88432019":190,"b88033fd":208,"f66616b7":200,"6cba74ce":178,"140ce69e":185,"8a52882e":203,"d5557fb4":208,"2cb29e5a":209,"ccdd1ce6":202,"ce3407dd":189,"272c7672":210,"50c3164b":221,"9fa62fee":191,"39ba00f0":200,"4bcd4a30":211,"6e851762":192,"8cd78f77":200,"004f1ef3":241,"3f2522c2":212,"1951480c":181,"e238f09b":216,"6b79fec2":188,"6d61bf13":184,"60e855ee":215,"a4296d1e":192,"9b172ca8":176,"acac14fb":186,"0dad37d5":211,"1a68160d":201,"e0154608":209,"696fdac5":217,"a0cca8b7":194,"e2a7d915":169,"e21c6207":202,"df81ddee":190,"2ad42a9e":222,"ccb5ea3e":178,"d25e0f8d":223,"5f620a1e":198,"c4e70c07":190,"0b959527":187,"0f029727":201,"7be025ce":191,"57167c74":185,"ce4da56f":202,"28d41578":208,"54a676d6":196,"ef8987d7":181,"91f7ef72":186,"d9d0c567":207,"6e44927f":196,"ec110282":236,"83b2f9c5":211,"3101354b":178,"54d7de6b":221,"93b0a158":218,"7fef9973":194,"a6b5e869":203,"1c0a9eff":186,"5acce642":211,"ee21ad02":225,"07f98660":217,"c803b4a3":195,"385ab7c6":205,"597c1f81":199,"e28c2efc":193,"0d7d88f1":196,"50c468ba":186,"e81834aa":229,"71279c46":199,"540df50f":207,"74e3d13e":201,"c4bff41f":218,"42c80e69":207,"24a9fb86":213,"a1370ab0":192,"11888cfa":181,"08a4c3f8":202,"5678ed7b":210,"e0e6a097":200,"bbe71605":181,"6585adbe":175,"358e45b1":195,"4f5e3e7d":187,"64a7f79f":209,"c4aa1e38":179,"dd1fcb17":186,"792c9b6a":182,"99d130c9":195,"03c398d2":210,"bad6cdb1":167,"481754fc":184,"24d24fa3":188,"a577db1c":198,"f4634d0b":197,"430a5db5":200,"30dbfc69":193,"0c0e98ea":192,"eb2e1983":202,"f2e3c0e3":177,"b87158fb":192,"7fdc2007":184,"7bda83dd":192,"4c0e547b":206,"cd522166":211,"140ce69e":186,"51f57142":206,"4d35385e":188,"9d63c4dd":197,"77bae750":199,"8cc4a982":209,"5a0eb771":195,"f87c5031":204,"21ee2afe":215,"1a0189c4":189,"088feee2":205,"9de29816":176,"1d790491":203,"f66616b7":201,"84b767be":227,"2d54e0a8":202,"fd07e0ed":204,"0bd93cfd":161,"1f342a00":196,"3062379b":188,"2c627253":202,"fb7b7b3c":213,"9a3cc55d":186,"8274885a":191,"e7773397":190,"836701f6":200,"3712c4bd":185,"e45b4b53":184,"cd3bbe7e":196,"a4f1d83b":190,"6f81493d":185,"dbc9df44":178,"36380d96":199,"d34a29b9":215,"ebdbf580":208,"c4feee5b":203,"288d171f":205,"34c5c729":198,"53747a91":192,"6bc5d32a":216,"26dd2000":215,"92136ff5":200,"daab45c6":183,"27d8bf51":196,"805534ac":203,"4c39240e":212,"d9d0c567":208,"3f75d3bc":223,"731fc335":181,"52eca0dc":207,"d9a64845":203,"95904ac4":219,"fafb4cc2":244,"95d331b1":194,"51a3e9c2":192,"4b125e7b":192,"e6ec8cbf":212,"6c20c153":201,"f56ac638":184,"4258c176":187,"a06a6430":213,"2ce1af05":176,"c803b4a3":196,"9fce073c":198,"10ec5a0b":191,"b9be31d6":208,"ad303bda":197,"aec4e1bf":205,"181c3dd5":199,"dcfaba4c":199,"bc3dc66a":203,"6df0b2e8":224,"9b3f8714":206,"e9a8cf11":200,"1f88a4b7":219,"4b3e3b1c":204,"6d802fa2":182,"4945c851":217,"2d1e1e9d":209,"5acaa06f":172,"a3d4a0e5":210,"792c9b6a":183,"b36a0d66":186,"408bb2ed":199,"d0b297b2":195,"12a2cd4b":197,"4ea4a2a1":219,"87ce8d1d":172,"0ac825ed":206,"40569362":217,"742f1425":201,"cf52025e":197,"26c6fa34":189,"13f0e139":184,"1c3a30c5":206,"0a2f71bc":187,"8f13c203":185,"7e76c93c":201,"014460b9":223,"92f800f5":219,"7be025ce":192,"fead11cf":199,"cd522166":212,"dd3913d2":189,"8721056e":183,"be4f8ba8":188,"558d5ce7":195,"ec2cb1af":206,"945b63f0":226,"36b7003c":219,"d1715f3b":219,"8ec3834d":212,"1b881e6e":205,"fd6dcb20":203,"f87c5031":205,"1634789b":195,"bda8cdfb":203,"0f1ac912":180,"bad1a1cc":202,"eb7b4e29":186,"f069bb07":201,"835358a0":194,"0fc5ac7e":224,"aec074c4":210,"2d54e0a8":203,"3c6692a3":221,"f6fe095d":212,"ea9bba6b":196,"2c5c1dc0":189,"6b79fec2":189,"3f2522c2":213,"5099c6a0":223,"6d61bf13":185,"1e7753d9":207,"19e9776f":192,"30dbfc69":194,"751bcf25":189,"906632cb":220,"66b7b5b4":195,"f1b493de":221,"501db4de":194,"1a2c020b":209,"fe578280":184,"34c5c729":199,"f33c0140":208,"9f2b16a7":212,"acac14fb":187,"e1f0dbfd":223,"20777945":195,"7d112f4d":203,"2ad42a9e":223,"21ad2f34":215,"44ff8baa":201,"7b6a7048":196,"be3a10f8":225,"afe8e06a":186,"4c0e547b":207,"00a481e3":211,"0a1d11e6":185,"e865e4dd":189,"012de09c":195,"5ef93e5d":177,"d9d0c567":209,"ef8987d7":182,"a502c93c":193,"b3f19a69":185,"d39724bc":198,"e6ec8cbf":213,"95d331b1":195,"bd2705b0":206,"7f6d1d0e":207,"07f98660":218,"0bfabf48":189,"288a2c43":194,"5e09f69e":217,"a47abfbb":183,"ed4fad08":210,"12534561":198,"74e3d13e":202,"6632fed0":204,"b552beb3":214,"8aa78e2f":182,"868edcc0":210,"32c9fc47":201,"7732eb1e":224,"489a39f7":196,"5a0ead91":179,"4945c851":218,"db0a661e":194,"fa55f27a":206,"8c6e001f":173,"c4aa1e38":180,"71bc1295":191,"d0e9a58e":206,"a0b03218":209,"cd95f558":197,"c609739e":208,"6be9332a":189,"d82592f4":216,"eed20185":214,"6ebe2354":173,"aa021138":221,"a81a857c":190,"e786063b":210,"4577b333":207,"c8fcad77":182,"259930ee":202,"859545e6":192,"2b698053":203,"7a840529":192,"ad303bda":198,"50c468ba":187,"4d9b0b10":206,"8cc4a982":210,"d3e84616":201,"c81b2bcf":186,"53a8613c":215,"a9b1bd51":159,"affb82bf":217,"e9adbe58":201,"91d52a55":195,"254cc28c":204,"af157d29":194,"bf822e33":198,"8dd2684c":204,"527ff946":207,"23760167":198,"26c390d6":204,"a6626a13":183,"72d7b461":215,"d1ca5d6b":204,"27f52ed3":218,"5781776a":204,"dc583e64":207,"c318d350":211,"39bbc4bc":197,"317c1591":212,"095ab3b4":205,"74f234c6":227,"4279e829":217,"0841052c":216,"31408822":187,"d70ca4f4":222,"19e9776f":193,"db703021":200,"501db4de":195,"dbc9df44":179,"fe578280":185,"c21ab51e":185,"e7abc88d":183,"34c5c729":200,"104721f0":199,"6b9eff39":197,"e2a7d915":170,"bc09fa9e":201,"26dd2000":216,"b8488fc8":202,"8063df14":209,"f5e8dfee":209,"70ee0491":182,"13b53c7a":206,"f67de058":201,"eb2e1983":203,"b28a5e67":228,"a5676c24":196,"65e4235b":204,"dc03ebd2":214,"f789f6d8":190,"810aa5e9":206,"fd482491":225,"ee75b607":193,"93b0a158":219,"ee21ad02":226,"9d4f1fe6":188,"7735c3c2":198,"1757a30e":190,"d39724bc":199,"92efd84f":201,"eb7b4e29":187,"c793cdda":208,"4911acad":172,"a6003226":198,"4125085e":211,"dc473de1":179,"64db4feb":216,"24a9fb86":214,"af034fee":214,"8cf83787":177,"1438fad7":199,"2cce4fb2":202,"28d41578":209,"de11eb19":211,"e0f7679f":183,"9263c525":205,"17b08923":198,"2e99f8fd":199,"411b5027":186,"fa55f27a":207,"8d000d6e":190,"742f1425":202,"7a6aa4b6":203,"6ebe2354":174,"8323d333":181,"03c398d2":211,"9fc713b0":211,"b7df1559":201,"d82592f4":217,"87922532":228,"70594a28":196,"85de05f2":195,"e1f0dbfd":224,"25776fc4":209,"719c8869":204,"259930ee":203,"9bdf362a":210,"4fd645f1":198,"4577b333":208,"c015ec5a":206,"0bfabf48":190,"0785820e":201,"9c29f0ed":215,"ef91eaae":183,"e57d5cda":185,"ad303bda":199,"faf4f98b":203,"3f65f121":212,"af157d29":195,"6143f39d":202,"d6320619":191,"9d63c4dd":198,"a9b1bd51":160,"e9adbe58":202,"eeaa2d46":218,"97e75c19":203,"0670c466":190,"d1715f3b":220,"25d1b2d8":204,"1634789b":196,"5d087c79":209,"f2470875":204,"19e9776f":194,"0c043224":213,"56d315d8":183,"94a2fe10":210,"a8726d50":187,"c3e6ef01":199,"31408822":188,"90a06ee9":209,"3498f223":193,"0a92153e":197,"c85a0d80":197,"c7313e0a":208,"b3863630":190,"6b78ad7f":196,"f5cd79c1":210,"6ce84ff8":184,"2352c8ef":206,"8721056e":184,"fee32863":203,"062179c1":192,"30c184b8":192,"9a3ab0b8":194,"50b558a7":180,"b2cfdbcf":191,"e865e4dd":190,"2c6cb96f":169,"f3a0c2ee":193,"d8e58a8c":219,"56473430":208,"d9a64845":204,"abad2347":205,"95d331b1":196,"e4117b3b":179,"00cf385d":210,"4258c176":188,"8dd649a3":198,"6085137f":192,"22aeaf03":197,"98915a1f":186,"2d54e0a8":204,"bca2d7cd":199,"0fc5ac7e":225,"ea822700":195,"b7832271":213,"6e851762":193,"bfcb912a":198,"d6d61bfc":213,"bb8a6337":190,"40860a4b":177,"a6003226":199,"c93c3508":184,"57d5dee8":196,"3a204e56":196,"a6bcb07e":191,"e8f173b5":206,"95f6db13":197,"b2703001":206,"f044c0e1":190,"8d000d6e":191,"1138796e":206,"ce4da56f":203,"8493f3b2":198,"332820ce":215,"59c1e594":184
1604737678877,"3a1b9af5":197,"a636f4c9":213,"f1862e79":175,"be1746a0":194,"82b81567":174,"bad6cdb1":168,"44ff8baa":202,"c650b434":202,"25e0dd3d":196,"b6ee137a":195,"93e8cee5":221,"6490bac6":184,"f4343817":199,"e786063b":211,"2af60749":211,"b320feb9":206,"868cda42":202,"5ab7bc35":203,"30c5d755":208,"805af3c7":195,"00554ffd":206,"03c398d2":212,"ac62fac2":215,"6b82b527":203,"6841f77e":214,"87083264":214,"9c29f0ed":216,"7a4c064c":204,"50c468ba":188,"cb142908":189,"b9be31d6":209,"abd32136":206,"ad8f85d6":220,"9e206c95":221,"3661e12d":201,"d2a841c9":191,"d6320619":192,"ec2cb1af":207,"99e171db":187,"6143f39d":203,"449d8475":180,"a63bddd4":245,"b88033fd":209,"6e98dfda":206,"9d63c4dd":199,"e15fd611":186,"cb6c9e42":224,"cc11fef9":209,"f883d582":180,"381c68fa":202,"3b690f68":219,"906632cb":221,"4360a1a3":216,"19e9776f":195,"685207b3":202,"4b4ecbce":185,"5410e9c6":207,"7af262e5":230,"30c184b8":193,"f2e3c0e3":178,"70ee0491":183,"0042f6eb":191,"a567ace4":200,"1bc0591f":192,"83b2f9c5":212,"012de09c":196,"da04caac":212,"52eca0dc":208,"dc03ebd2":215,"aa76bc50":169,"3101354b":179,"bd2705b0":207,"a40846b7":200,"5270f158":192,"2c627253":203,"22234d6b":199,"508aac3d":203,"f4726450":187,"c0e2624b":196,"9147702f":188,"2f455cce":199,"57d5dee8":197,"7af9d3b1":200,"3a1d1632":178,"5774ac0d":209,"5e09f69e":218,"71279c46":200,"a77e127d":178,"f2470875":205,"b935fc1c":195,"9a3cc55d":187,"6d802fa2":183,"6db0ea86":182,"2cce4fb2":203,"4ff2225d":197,"3310a049":202,"de36827b":229,"95f6db13":198,"1b153aef":204,"a533489b":224,"946df4fd":226,"3652bd66":198,"501db4de":196,"655954ba":194,"c5b35e4d":180,"e7abc88d":184,"470d50c2":208,"79e4fa1c":204,"6bc5d32a":217,"bfad1727":182,"21ad2f34":216,"2209903e":192,"0a96f57a":193,"9a80f004":203,"3fdb08f5":196,"2045d7d6":192,"5ab7bc35":204,"7e76c93c":202,"259930ee":204,"0a2f71bc":188,"c7636527":182,"b7df1559":202,"792c9b6a":184,"00554ffd":207,"ac62fac2":216,"dffa7793":166,"51a3e9c2":193,"4b125e7b":193,"bec9d329":218,"20811ddf":203,"ad303bda":200,"f0a06216":205,"385ab7c6":206,"abd32136":207,"753ca352":199,"a06a6430":214,"4930f321":190,"ef14000f":219,"12a2cd4b":198,"0ac825ed":207,"d0e9a58e":207,"bad6cdb1":169,"1c3a30c5":207,"dcfaba4c":200,"f2ca27d9":209,"2cb29e5a":210,"0277d748":205,"865d9857":191,"8cc4a982":211,"8a52882e":204,"b88033fd":210,"9a467a82":199,"a939b50b":195,"49902219":226,"39a2fcce":189,"4ed01268":189,"91d52a55":196,"66d94227":192,"0f72f2d8":203,"110b1ee3":203,"f4634d0b":198,"20e470e0":202,"059d6c19":207,"19e9776f":196,"1e7753d9":208,"4360a1a3":217,"d78dd457":189,"a59a8290":211,"eb2e1983":204,"f67de058":202,"9d023afb":194,"6c486702":203,"30c184b8":194,"dc03ebd2":216,"6e44927f":197,"8a165e17":201,"2dd0e808":193,"2a06ab95":212,"835358a0":195,"730338c4":212,"88b3bc99":183,"0fc5ac7e":226,"fd369c21":206,"aaa274a5":197,"1ed46298":211,"004f1ef3":242,"b1f58563":200,"312f7676":219,"014bdff0":208,"82868763":196,"60e855ee":216,"6d61bf13":186,"ce4da56f":204,"a6bcb07e":192,"013ee301":192,"06ddafc7":177,"b84a06eb":195,"e8f173b5":207,"06ee61b6":189,"f598a332":185,"5be594be":193,"70594a28":197,"972f4174":205,"efd23af5":185,"7f86be64":191,"0a92153e":198,"261c9911":218,"18d20aa1":205,"9b172ca8":177,"21e10a2b":200,"201cafad":196,"d141db49":195,"ded7da5a":207,"a81a857c":191,"ba30e43a":213,"d9f512b9":207,"5f620a1e":199,"e32524d6":194,"aa021138":222,"8b2b601d":210,"d0c0fc08":178,"fe44fc6f":183,"906fdec3":181,"8db5a165":193,"4652b09a":205,"88ce179e":207,"d39724bc":200,"6775d5cd":199,"54d7de6b":222,"6b82b527":204,"ad2d7bed":208,"10ec5a0b":192,"6f39f4d9":210,"cc5a1d47":189,"0bfabf48":191,"b73e789c":180,"abd32136":208,"2ce1af05":177,"c4aa1e38":181,"24d24fa3":189,"332820ce":216,"48655f09":236,"bfcb912a":199,"71a2a493":169,"57d5dee8":198,"51f80f4c":228,"24a9fb86":215,"35aa7fd0":206,"4d35385e":189,"ec2cb1af":208,"6d5fcd4c":196,"7d6895f4":211,"c67979e6":220,"2dda3936":190,"5a0eb771":196,"558d5ce7":196,"23760167":199,"e9adbe58":203,"02d4753e":211,"cac4449a":195,"04612878":225,"5f8517b7":221,"35b58ef9":189,"de11eb19":212,"8f2a7d69":194,"59c1e594":185,"6be9332a":190,"d0c104c4":172,"7a9344a4":215,"b6591e25":202,"ddec9e54":193,"a68a93b2":198,"1f11812e":215,"c8977844":199,"6a7392d5":182,"fe8f3d36":194,"8f10fa42":221,"cfafcda8":192,"33d6bb6a":193,"ec11fe5f":184,"9d023afb":195,"a901627e":193,"2a387957":196,"5339e1e9":215,"36684155":200,"c98d5272":188,"af0b61ab":204,"2c01e624":204,"22234d6b":200,"2d54e0a8":205,"dd7acb96":203,"39ba00f0":201,"835358a0":196,"014bdff0":209,"f5cd79c1":211,"c0b7e7d7":186,"e7773397":191,"fe1d4419":197,"dc583e64":208,"c7ab83c1":182,"4b3e3b1c":205,"685207b3":203,"f598a332":186,"3498f223":194,"655954ba":195,"efe84c27":199,"6fb4cdda":216,"501db4de":197,"a0ce82b4":201,"e21c6207":203,"0149e11a":182,"70594a28":198,"913a6226":209,"805af3c7":196,"a33fe0dd":206,"ccb5ea3e":179,"f8b31ce5":217,"ded7da5a":208,"75ffea08":198,"44c77422":200,"a3d4a0e5":211,"ce4da56f":205,"a8871ddf":192,"3310a049":203,"0a1d11e6":186,"43bc86e3":200,"6023df54":193,"fe44fc6f":184,"ae016053":226,"db8ba455":210,"16b476e9":193,"1a442bc7":177,"9d4f1fe6":189,"20811ddf":204,"a502c93c":194,"37d0cae2":191,"6c20c153":202,"07f98660":219,"d2466211":207,"0785820e":202,"2b698053":204,"ac030e74":184,"753ca352":200,"9c29f0ed":217,"489a39f7":197,"42c80e69":208,"76f3a3be":204,"71279c46":201,"e9a8cf11":201,"af034fee":215,"aa9ea5e8":180,"5a734022":181,"ec2cb1af":209,"d2a841c9":192,"1d153b20":205,"bc021def":199,"8d753bb6":199,"34658473":197,"8c6e001f":174,"4ea4a2a1":220,"dfc89705":190,"408bb2ed":200,"a533489b":225,"d82592f4":218,"ef16ca37":191,"04612878":226,"49bf2e95":187,"74e01f6a":197,"b7df1559":203,"4febf7c5":198,"13f0e139":185,"92f800f5":220,"0a2f71bc":189,"66b7b5b4":196,"430a5db5":201,"8db62558":206,"40a745c0":199,"7cd0ad7b":207,"1745a0f4":209,"9a07d89b":178,"dfcc2ad1":222,"fef750ca":207,"f67de058":203,"0277d748":206,"f66616b7":202,"b88033fd":211,"6d5fcd4c":197,"eeaa2d46":219,"1634789b":197,"a983a6dc":180,"04643409":200,"650bb0e0":197,"5d087c79":210,"6e851762":194,"084cbc0b":186,"884b0ad1":190,"84b67924":198,"4bcd4a30":212,"3062379b":189,"aa5dfdf5":201,"0b3283c9":206,"312f7676":220,"eda6a690":198,"93ac9ca3":199,"42191b64":172,"c95719e5":185,"c7ab83c1":183,"902f49f5":196,"26ed1a5c":194,"dbc9df44":180,"c4feee5b":204,"104721f0":200,"6fb4cdda":217,"655954ba":196,"c7313e0a":209,"c0fea118":194,"8ea21393":178,"8f9b74b0":183,"fb8bfb36":222,"d25e0f8d":224,"df81ddee":191,"3007f31f":185,"f4343817":200,"e1571af7":192,"5f620a1e":200,"2045d7d6":193,"7043382d":195,"b320feb9":207,"e36dfd6f":206,"dc473de1":180,"deb31f35":209,"f94bf9ea":189,"6df0b2e8":225,"74e3d13e":203,"181c3dd5":200,"1ed46298":212,"cf50e84e":194,"062179c1":193,"0042f6eb":192,"313258f2":204,"0a1d11e6":187,"71ba7561":171,"a0cf08b3":158,"a472532e":187,"731fc335":182,"dd035d2a":188,"ee75b607":194,"9cb4697f":201,"6ee92259":206,"aa187e3b":197,"88ce179e":208,"6b82b527":205,"2b698053":205,"ea4d3f3e":205,"53b4e647":201,"7218c9f1":194,"385ab7c6":207,"4f59a322":204,"43d87483":200,"30b6808c":185,"f044c0e1":191,"49910300":183,"07fc4a9a":213,"f5829ac0":210,"1438fad7":200,"d0e9a58e":208,"c4aa1e38":182,"cbad3b92":228,"4f5e3e7d":188,"23080895":186,"c7c4ec5c":183,"27c8e038":212,"4ea4a2a1":221,"742f1425":203,"358e45b1":196,"71bc1295":192,"b8397293":190,"d82592f4":219,"bc392d1c":174,"92f800f5":221,"ffc86f94":191,"7a9344a4":216,"d033db8d":215,"30dbfc69":195,"1bc0591f":193,"2352c8ef":207,"f2e3c0e3":179,"05f6ab35":210,"7af262e5":231,"c6dc900c":168,"217c0327":173,"57540cc3":199,"d2a841c9":193,"cb6c9e42":225,"546f6845":196,"0670c466":191,"bb99c79c":193,"09560615":183,"44a4f7cd":198,"8a52882e":205,"ac38a6a5":209,"99e171db":188,"2a387957":197,"c67979e6":221,"dd7acb96":204,"70bc8325":195,"aa5dfdf5":202,"9147702f":189,"2d13e69b":191,"cbb54a0a":182,"4bcd4a30":213,"b769bdfb":195,"2203f259":206,"25635c37":172,"8dd649a3":199,"a77e127d":179,"6d61bf13":187,"5410e9c6":208,"dae0f922":205,"30fdcd3b":204,"db703021":201,"cd3bbe7e":197,"cb51f134":208,"2e3503e4":210,"fe578280":186,"c0fea118":195,"b3863630":191,"168e75d9":198,"1e232870":210,"0149e11a":183,"a851554d":211,"ded7da5a":209,"547903ef":206,"3007f31f":186,"7e8e1c3d":189,"daab45c6":184,"e5d3655c":227,"20958d58":190,"a851891c":191,"a15713c6":220,"5f96c2bc":195,"a472532e":188,"a5fd8ffd":207,"b28a5e67":229,"abc1d7ad":218,"d815c5b4":232,"d929098e":172,"d1d40c9c":212,"04bef50c":173,"11b74e63":204,"b3f19a69":186,"e4117b3b":180,"2ce1af05":178,"597c1f81":200,"7e95c5a0":204,"e28c2efc":194,"ad303bda":201,"1dad0f99":189,"91536e85":208,"288a2c43":195,"5eaa1581":190,"181c3dd5":201,"9b3f8714":207,"c9efc8f6":195,"bb8a6337":191,"8d04852b":192,"e81834aa":230,"1438fad7":201,"d6db2b02":210,"a24e6670":201,"32c9fc47":202,"013ee301":193,"6a60348e":195,"4ba6eb36":190,"64a7f79f":210,"de11eb19":213,"13f0e139":186,"45b038bb":233,"26c6fa34":190,"3a1b9af5":198,"c27969ec":188,"4ac6bd4e":184,"35b58ef9":190,"08a4c3f8":203,"4b4ef7fa":194,"6f0fcb9d":202,"f1098793":212,"805af3c7":197,"2af60749":212,"d6f0d94a":201,"4fd645f1":199,"a33fe0dd":207,"c4e70c07":191,"2bcca6a7":219,"8063df14":210,"08c6b5d2":203,"eeaa2d46":220,"18815a1b":197,"dfa1a89b":192,"394dc144":183,"12012fbd":188,"1b881e6e":206,"d1715f3b":221,"36b7003c":220,"4d35385e":190,"84369269":182,"97e75c19":204,"cf775f58":207,"2b3e4717":198,"26c390d6":205,"1f342a00":197,"84b67924":199,"88b3bc99":184,"e58b26f6":215,"92efd84f":202,"eb7b4e29":188,"60e855ee":217,"a77e127d":180,"7ee148e9":190,"8dd649a3":200,"c95719e5":186,"eda6a690":199,"c7ab83c1":184,"30fdcd3b":205,"d033db8d":216,"751bcf25":190,"a8726d50":188,"5cd3cfe0":184,"0c043224":214,"dbd2f139":205,"8e780922":181,"dcf85091":188,"1247fa52":200,"8e99d5d0":237,"cb51f134":209,"d548635d":204,"80a8a56d":197,"4e5aaaec":192,"547903ef":207,"d78dd457":190,"e35a63cd":198,"7bda83dd":193,"25a2844e":200,"1105f790":228,"3c0df8b4":220,"08a561b7":200,"52eca0dc":209,"4abb7aed":195,"abc1d7ad":219,"91f7ef72":187,"1d44aff3":211,"c0b23081":223,"93b0a158":220,"0d770b97":204,"a6b5e869":204,"6c20c153":203,"1dad0f99":190,"d4d5f466":192,"d5059415":186,"bf30a08f":214,"c803b4a3":197,"227006e4":200,"5eaa1581":191,"61d4782d":194,"c4bff41f":219,"5e09f69e":219,"a47abfbb":184,"64db4feb":217,"0d2c95fe":202,"4945c851":219,"69f3bfcc":192,"7732eb1e":225,"d9dcdc4b":211,"1f88a4b7":220,"4ff2225d":198,"8d000d6e":192,"8245f916":196,"288afc30":213,"01cd8099":215,"d0c0fc08":179,"468fc85c":205,"b4fdf90e":206,"a5aee5de":229,"7ae3fc50":182,"8eb64769":205,"49bf2e95":188,"d8475b95":175,"6be9332a":191,"cbad3b92":229,"8ea21393":179,"4295ce9a":203,"7b6a7048":197,"7bebff03":197,"4777334c":195,"d25e0f8d":225,"2154b6e8":190,"c1bdfd41":193,"c7636527":183,"5ab7bc35":205,"24ffcbd3":223,"c0b0f492":204,"0d7d88f1":197,"cc5a1d47":190,"6f39f4d9":211,"d2466211":208,"12dd6f5e":184,"f5596d0f":199,"6143f39d":204,"9e206c95":222,"22176537":204,"f66616b7":203,"ccdd1ce6":203,"f4b2f575":191,"6de0aaac":186,"bf822e33":199,"2b3e4717":199,"5d087c79":211,"39a2fcce":190,"8ec3834d":213,"dd7acb96":205,"1f342a00":198,"72d7b461":216,"6085137f":193,"971675c5":209,"77d35808":180,"3f2522c2":214,"74f234c6":228,"906632cb":222,"8942c35b":196,"dbd2f139":206,"5cd3cfe0":185,"0c0e98ea":193,"3b690f68":220,"3498f223":195,"6b78ad7f":197,"0a92153e":199,"36380d96":200,"d548635d":205,"26f99a1e":182,"6b79fec2":190,"b769bdfb":196,"0042f6eb":193,"7fdc2007":185,"1745a0f4":210,"0e2b5d2f":201,"30c184b8":195,"2a4a402a":192,"fef750ca":208,"65e4235b":205,"4bc46d7a":193,"731fc335":183,"08a561b7":201,"ef8987d7":183,"56473430":209,"dd035d2a":189,"5acce642":212,"5b5fc566":201,"e4c312fe":207,"ef1c2dcb":202,"9ab755d3":189,"70c1e715":207,"f069bb07":202,"be149c6f":185,"b7cc7909":206,"162a7348":199,"61d4782d":195,"5f6613c8":183,"24a9fb86":216,"5ac86fb9":206,"06ddafc7":178,"3c782bb3":200,"45fb95c1":203,"159ffd0b":188,"868edcc0":211,"489a39f7":198,"cf50e84e":195,"b377a62a":181,"36fb15d2":218,"d0b297b2":196,"6ebe2354":175,"74e01f6a":198,"379184a7":224,"03dcfa3d":197,"7a6aa4b6":204,"26c6fa34":191,"4ea4a2a1":222,"4cc141fa":167,"4f5e3e7d":189,"168e75d9":199,"cb51f134":210,"44ff8baa":203,"e2a7d915":171,"3ef7432b":201,"c45d554f":211,"cd421290":196,"5fa12feb":211,"ea6de194":210,"261c9911":219,"25776fc4":210,"d6f0d94a":202,"7e76c93c":203,"f8b31ce5":218,"d9f512b9":208,"24ffcbd3":224,"87ce8d1d":173,"cac4449a":196,"e4117b3b":181,"d4ee22a4":203,"619fda68":231,"bf30a08f":215,"d83870f5":195,"30b6808c":186,"7a840529":193,"ad2d7bed":209,"d2466211":209,"753ca352":201,"6034b6d0":211,"ccdd1ce6":204,"57540cc3":200,"558d5ce7":197,"88432019":191,"36b7003c":221,"f3d68430":206,"d1fe2868":216,"3661e12d":202,"c6c85783":214,"394dc144":184,"8547fbc2":186,"99e171db":189,"84369269":183,"842c8340":199,"263762cb":184,"cc11fef9":210,"4279e829":218,"cf1124db":193,"20e470e0":203,"655941a0":221,"f1b493de":222,"381c68fa":203,"7f86be64":192,"a836aa93":200,"f5cd79c1":212,"6d61bf13":188,"312f7676":221,"016953e4":217,"42191b64":173,"92ca52b7":210,"9a3ab0b8":195,"8f10fa42":222,"dd3913d2":190,"05f6ab35":211,"ba5c52af":192,"be3a10f8":226,"a901627e":194,"2dd0e808":194,"313258f2":205,"f3a0c2ee":194,"cf1b8c47":208,"731fc335":184,"08a561b7":202,"6085137f":194,"d552eb2f":203,"3062379b":190,"2d13e69b":192,"50c3164b":222,"0bd93cfd":162,"2c01e624":205,"6751d8e4":210,"288a2c43":196,"6867261a":200,"8cddb65e":198,"0681c48e":211,"9b3f8714":208,"a6003226":200,"d6db2b02":211,"0be540c5":201,"8298e976":216,"2cce4fb2":204,"6291e9e9":209,"90731976":193,"4b3e3b1c":206,"1b153aef":205,"50312237":202,"82b81567":175,"064a99c8":202,"608bc832":170,"d548635d":206,"c4feee5b":205,"77300e4a":178,"b2c25d1c":200,"8e99d5d0":238,"27d8bf51":197,"cd421290":197,"92136ff5":201,"7e8e1c3d":190,"0f029727":202,"4295ce9a":204,"3b7763b1":180,"c015ec5a":207,"53747a91":193,"ba30e43a":214,"2154b6e8":191,"0b959527":188,"92f800f5":222,"c4e70c07":192,"cac4449a":197,"4ea4a2a1":223,"9fc713b0":212,"ee75b607":195,"54d7de6b":223,"ee21ad02":227,"91b28f83":210,"4b125e7b":194,"8fb236a9":193,"bec9d329":219,"e28c2efc":195,"e382ec3f":184,"ef14000f":220,"91536e85":209,"869cbaa0":214,"0bfabf48":192,"f1df62b4":204,"0ac825ed":208,"12a2cd4b":199,"49bf2e95":189,"a636f4c9":214,"e9a8cf11":202,"12dd6f5e":185,"546f6845":197,"3661e12d":203,"fd6dcb20":204,"d6320619":193,"8ec3834d":214,"bda8cdfb":204,"12012fbd":189,"b9a48a5c":177,"f4b2f575":192,"5957df9e":193,"04643409":201,"088feee2":206,"c67979e6":222,"48655f09":237,"9c58dd76":196,"5272520d":202,"31408822":189,"c8977844":200,"30d84dce":174,"0841052c":217,"93683c82":189,"f1b493de":223,"d599b566":212,"4c0e547b":208,"afe8e06a":187,"b8488fc8":203,"9a3ab0b8":196,"6c524f99":206,"a0685bf3":219,"6c486702":204,"7c0a2db6":197,"906fdec3":182,"781ace7d":201,"91f7ef72":188,"abc1d7ad":220,"a0cf08b3":159,"49cb2959":206,"c0b7e7d7":187,"83086d4c":206,"8cd78f77":201,"2d13e69b":193,"1f342a00":199,"aa5dfdf5":203,"884b0ad1":191,"fb7482fe":196,"778c95e9":192,"be149c6f":186,"695a2b92":189,"004f1ef3":243,"6085137f":195,"836701f6":201,"88a30343":205,"8aa78e2f":183,"0be540c5":202,"90731976":194,"1438fad7":202,"ce4da56f":206,"045f280d":204,"2e99f8fd":200,"69134f07":186,"754f98c9":219,"efe84c27":200,"e7abc88d":185,"be2955bb":198,"f3992a31":217,"c21ab51e":186,"b6ee137a":196,"c650b434":203,"cd421290":198,"e1571af7":193,"79e4fa1c":205,"d6f0d94a":203
1604737680213,"c0b23081":224,"1c0a9eff":187,"d1d40c9c":213,"f56ac638":185,"c38c2b52":198,"16b476e9":194,"8ac72326":196,"124fbe96":198,"fea793f5":204,"9aa6a054":204,"621d6b18":210,"0d28db94":191,"87cd2add":182,"056ea7ff":217,"21e10a2b":201,"b5ce0c0c":208,"5a622a23":201,"859545e6":193,"4577b333":209,"27d8bf51":198,"a577db1c":199,"d9d7c4c2":198,"b87158fb":193,"478d2d4f":220,"9d023afb":196,"11b2c8d9":193,"78b97937":222,"f5e8dfee":210,"50b558a7":181,"7c0a2db6":198,"0a1d11e6":188,"3c0df8b4":221,"83b2f9c5":213,"a472532e":189,"5cd3cfe0":186,"4279e829":219,"a4f1d83b":191,"b7434f57":161,"ca6d2d91":199,"f1b493de":224,"026766f3":198,"ef8987d7":184,"2c6cb96f":170,"17446892":198,"f94bf9ea":190,"51f80f4c":229,"c9efc8f6":196,"32133249":202,"74e3d13e":204,"57540cc3":201,"2dda3936":191,"ef8321d8":204,"3661e12d":204,"5339e1e9":216,"f3d68430":207,"af157d29":196,"36b7003c":222,"088feee2":207,"affb82bf":218,"1a0189c4":190,"91d52a55":197,"650bb0e0":198,"4652b09a":206,"bec9d329":220,"d1d40c9c":214,"6841f77e":215,"e4c312fe":208,"0d28db94":192,"ea4d3f3e":206,"053f3451":197,"b0869206":202,"cf9f4757":198,"e28c2efc":196,"b73e789c":181,"ef14000f":221,"ae95f2ba":216,"80a8a56d":198,"f2086446":186,"b215547b":187,"470d50c2":209,"ebdbf580":209,"972f4174":206,"bd984a8e":188,"93e8cee5":222,"8ea21393":180,"2209903e":193,"62d1d346":181,"40e79dd3":204,"2045d7d6":194,"a577db1c":200,"e21c6207":204,"e1f0dbfd":225,"d9f512b9":209,"0f029727":203,"b6ee137a":197,"0a2f71bc":190,"f8b31ce5":219,"50d129cf":197,"26c390d6":206,"835358a0":197,"508aac3d":204,"6751d8e4":211,"fd07e0ed":205,"22234d6b":201,"a6626a13":184,"a66a2d8a":213,"be3a10f8":227,"dc0c8b09":217,"9a07d89b":179,"0e2b5d2f":202,"6c486702":205,"f67de058":204,"8493f3b2":199,"5acaa06f":173,"481754fc":185,"31f6d707":216,"f9c15fcc":196,"4cc141fa":168,"9263c525":206,"01cd8099":216,"c609739e":209,"4ea4a2a1":224,"d8475b95":176,"2d382981":189,"baebb391":211,"cd3bbe7e":198,"d70ca4f4":223,"30dbfc69":196,"a8726d50":189,"dbd2f139":207,"66497c7e":193,"902f49f5":197,"a901627e":195,"3f75d3bc":224,"45b5746e":198,"74c26380":222,"4abb7aed":196,"1d44aff3":212,"a472532e":190,"3c18f28e":197,"af034fee":216,"31f6ba51":192,"162a7348":200,"42c80e69":209,"a47abfbb":185,"ed4fad08":211,"dfa1a89b":193,"eafbf9fb":203,"01d817b8":180,"af157d29":197,"842c8340":200,"172217e5":213,"8dd2684c":205,"77bae750":200,"5eab91a0":203,"8bc04eb5":207,"1bb4ccc0":195,"a6b5e869":205,"1c0a9eff":188,"9f74b8a4":183,"ae99df30":178,"619fda68":232,"f7231212":195,"d83870f5":196,"af7e5be8":207,"2b698053":206,"869cbaa0":215,"43d87483":201,"c95719e5":187,"8e4c33d2":191,"f2470875":206,"3a204e56":197,"6b79fec2":191,"3c43e8a2":212,"6ce84ff8":185,"95f6db13":199,"1438fad7":203,"e7abc88d":186,"e9679ede":188,"288d171f":206,"704bce0d":195,"06ee61b6":190,"168e75d9":200,"d34a29b9":216,"77898c22":172,"cd421290":199,"7d112f4d":204,"aa021138":223,"4e5aaaec":193,"014460b9":224,"2ad42a9e":224,"ba30e43a":215,"27d8bf51":199,"2af60749":213,"f4343817":201,"2045d7d6":195,"92f800f5":223,"30c5d755":209,"945b63f0":227,"c6c85783":215,"5339e1e9":217,"254cc28c":205,"6adce358":223,"6e98dfda":207,"fd07e0ed":206,"ea822700":196,"383e232d":201,"22234d6b":202,"d552eb2f":204,"272c7672":211,"b947257e":208,"19551bad":192,"062179c1":194,"78b97937":223,"70ee0491":184,"2a76f1dd":175,"30c184b8":196,"0f89862c":185,"11888cfa":182,"4b3e3b1c":207,"f5829ac0":211,"4945c851":220,"90731976":195,"3a1b9af5":199,"9260d96b":229,"b4fdf90e":207,"7a6aa4b6":205,"34658473":198,"a5aee5de":230,"23080895":187,"1bd5b20b":213,"458dcc3d":215,"761cf820":208,"cf52025e":198,"87ce8d1d":174,"a636f4c9":215,"812b4f15":187,"cd3bbe7e":199,"9d4da635":185,"d70ca4f4":224,"40a745c0":200,"0af920d8":186,"cf1124db":194,"a851891c":192,"5f96c2bc":196,"4911acad":173,"5eaa1581":192,"e4714415":223,"aa9ea5e8":181,"2132fe93":204,"4125085e":212,"bfcb912a":200,"71ba7561":172,"00a481e3":212,"5f0c1b9d":201,"52eca0dc":210,"313258f2":206,"6841f77e":216,"c0b23081":225,"bec9d329":221,"88ce179e":209,"6775d5cd":200,"aa187e3b":198,"7e95c5a0":205,"cf9f4757":199,"e6ec8cbf":214,"d7cb9bcf":191,"43d87483":202,"385ab7c6":208,"42191b64":174,"3a204e56":198,"c318d350":212,"dc583e64":209,"9a3cc55d":188,"82868763":197,"5b60dd1d":199,"ae95f2ba":217,"af7e5be8":208,"31408822":190,"470d50c2":210,"69d4b754":189,"fe578280":187,"f3992a31":218,"c85a0d80":198,"f33c0140":209,"104721f0":201,"bfad1727":183,"0a2f71bc":191,"70594a28":199,"e786063b":212,"b5ce0c0c":209,"7d112f4d":205,"0a96f57a":194,"9bdf362a":211,"92136ff5":202,"5f620a1e":201,"b320feb9":208,"5c82d1ce":201,"09560615":184,"6de0aaac":187,"d2a841c9":194,"affb82bf":219,"9d63c4dd":200,"f2f58418":187,"a1921150":212,"fd6dcb20":205,"1b881e6e":207,"30dd2edc":198,"254cc28c":206,"1d790491":204,"1634789b":198,"0f1ac912":181,"dd7acb96":206,"92efd84f":203,"fd07e0ed":207,"730338c4":213,"e58b26f6":216,"778c95e9":193,"8cd78f77":202,"b8488fc8":204,"0042f6eb":194,"2bcca6a7":220,"05f6ab35":212,"f67de058":205,"cf50e84e":196,"32c9fc47":203,"159ffd0b":189,"e7e82473":223,"e0f7679f":184,"3310a049":204,"1db42092":204,"6f0fcb9d":203,"6585adbe":176,"d0e9a58e":209,"b8397293":191,"5f8517b7":222,"4cc141fa":169,"358e45b1":197,"b460f030":224,"40569362":218,"792cfcbd":203,"73b15e04":193,"aa00769b":210,"64a7f79f":211,"a43061ee":189,"c650b434":204,"30c5d755":210,"d70ca4f4":225,"1e191c98":185,"c6dc900c":169,"8721056e":185,"bc3dc66a":204,"5a734022":182,"57d5dee8":199,"76f3a3be":205,"6df0b2e8":226,"c4bff41f":220,"deb31f35":210,"3c0df8b4":222,"0a1d11e6":189,"71e53c93":198,"6e44927f":198,"fe44fc6f":185,"65e4235b":206,"dc03ebd2":217,"88ce179e":210,"e6ec8cbf":215,"aa187e3b":199,"935ec056":192,"1a442bc7":178,"d83870f5":197,"8fb236a9":194,"5781776a":205,"6085137f":196,"83086d4c":207,"19f9ca86":205,"42191b64":175,"b769bdfb":197,"b1f58563":201,"1dad0f99":191,"e0e48a2d":199,"2ce1af05":179,"00a17b46":203,"1a2ec5d7":215,"7a9344a4":217,"3f9b5722":183,"0d5ee801":189,"059d6c19":208,"288d171f":207,"69134f07":187,"972f4174":207,"06ee61b6":191,"0a92153e":200,"501db4de":198,"470d50c2":211,"72b84094":228,"c8fcad77":183,"08a06557":223,"4eed1bea":209,"597c1f81":201,"e57d5cda":186,"faf4f98b":204,"dfa1a89b":194,"ac38a6a5":210,"f2f58418":188,"12012fbd":190,"18815a1b":198,"4469c815":176,"8547fbc2":187,"a1921150":213,"1b881e6e":208,"faf3ed07":191,"25d1b2d8":205,"bda8cdfb":205,"90d52475":204,"f2364460":190,"de6213c7":191,"9147702f":190,"5747db6e":215,"d744bee2":193,"7db3edda":198,"2c627253":204,"82204d54":196,"32c9fc47":204,"d9dcdc4b":212,"1f88a4b7":221,"e81834aa":231,"26009d3f":180,"54a676d6":197,"17b08923":199,"6585adbe":177,"8493f3b2":200,"d0e9a58e":210,"45b038bb":234,"9263c525":207,"04612878":227,"812b4f15":188,"0ac825ed":209,"ae8a09c4":212,"d0b297b2":197,"24d24fa3":190,"aa00769b":211,"4b4ef7fa":195,"3e602573":199,"c8dc010f":201,"4fd645f1":200,"1623fc9f":197,"daab45c6":185,"21e10a2b":202,"5f620a1e":202,"4577b333":210,"0149e11a":184,"e786063b":213,"c45d554f":212,"fef750ca":209,"55928ef1":191,"dc0c8b09":218,"33d6bb6a":194,"1105f790":229,"84b767be":228,"68562193":204,"deb31f35":211,"74e3d13e":205,"540df50f":208,"c852d240":188,"a1370ab0":193,"8d04852b":193,"9d023afb":197,"ef8987d7":185,"0a1d11e6":190,"345c9967":194,"3c0df8b4":223,"d9a64845":205,"f3a0c2ee":195,"dd035d2a":190,"6c20c153":204,"f2470875":207,"3712c4bd":186,"e45b4b53":185,"82868763":198,"e238f09b":217,"ea9bba6b":197,"695a2b92":190,"053f3451":198,"dffa7793":167,"bf30a08f":216,"753ca352":202,"cc11fef9":211,"430a5db5":202,"ca6d2d91":200,"8942c35b":197,"ddec9e54":194,"19e9776f":197,"d634aa28":208,"685207b3":204,"9f2b16a7":213,"0a92153e":201,"c5b35e4d":181,"2ce1af05":180,"e382ec3f":185,"9aa6a054":205,"1bb4ccc0":196,"5eab91a0":204,"cf9f4757":200,"ef91eaae":184,"7f6d1d0e":208,"af157d29":198,"15620dca":218,"175bc6b2":181,"bb99c79c":194,"f3d68430":208,"be4f8ba8":189,"88432019":192,"d5557fb4":209,"0f1ac912":182,"b88033fd":212,"0670c466":192,"d957f027":200,"bf822e33":200,"9ceb5439":186,"f271ed5d":199,"faf4f98b":205,"d36125db":204,"59431390":199,"d6db2b02":212,"1f88a4b7":222,"05642105":206,"6d802fa2":184,"f5829ac0":212,"b4fdf90e":208,"9260d96b":230,"6f0fcb9d":204,"332820ce":217,"73b15e04":194,"b377a62a":182,"87922532":229,"408bb2ed":201,"49bf2e95":190,"481754fc":186,"87ce8d1d":175,"501db4de":199,"f3992a31":219,"6b78ad7f":198,"a851554d":212,"2b3c49b9":191,"0149e11a":185,"d9d7c4c2":199,"70594a28":200,"ce3bf5db":195,"53747a91":194,"debe1f65":195,"7043382d":196,"c1bdfd41":194,"6bc5d32a":218,"259930ee":205,"ca7d47f7":203,"4def63ee":181,"be3a10f8":228,"6c486702":206,"c463799d":198,"1745a0f4":211,"730338c4":214,"6a3eaf43":213,"88b3bc99":185,"b947257e":209,"b7832271":214,"d3a669ac":213,"f94bf9ea":191,"64db4feb":218,"35aa7fd0":207,"a1370ab0":194,"76f3a3be":206,"6867261a":201,"1ed46298":213,"dfcc2ad1":223,"0f89862c":186,"dd3913d2":191,"731fc335":185,"f789f6d8":191,"00a481e3":213,"45b5746e":199,"49cb2959":207,"8db5a165":194,"52eca0dc":211,"c609739e":210,"ad8f85d6":221,"03dcfa3d":198,"3f2522c2":215,"2203f259":207,"39bbc4bc":198,"c8977844":201,"bb98a6cf":223,"cf1124db":195,"0d5ee801":190,"f4634d0b":199,"3b690f68":221,"a8726d50":190,"aa187e3b":200,"a502c93c":195,"7fef9973":195,"07f98660":220,"3b2dee89":187,"12dd6f5e":186,"15620dca":219,"53a8613c":216,"1634789b":199,"f2f58418":189,"8a52882e":206,"c67979e6":223,"3454fa2b":173,"22ecaed0":208,"9ceb5439":187,"1d153b20":206,"9d63c4dd":201,"f66616b7":204,"50d129cf":198,"4f59a322":205,"16b476e9":195,"385ab7c6":209,"79be29c8":181,"abad2347":206,"2ce1af05":181,"e57d5cda":187,"91536e85":210,"a85d89cc":205,"3e082b37":189,"f6fe095d":213,"fe1d4419":198,"6a60348e":196,"c7ab83c1":185,"a24e6670":202,"1db42092":205,"f277386e":171,"8b2b601d":211,"66554572":163,"d36125db":205,"8d000d6e":193,"9e878ec2":203,"332820ce":218,"358e45b1":198,"50312237":203,"0ac825ed":210,"0eaf08da":199,"9b742f71":189,"c4feee5b":206,"4b4ecbce":186,"0dad37d5":212,"79f04300":204,"c0fea118":196,"72b84094":229,"972f4174":208,"0a96f57a":195,"c45d554f":213,"f9f2c53f":179,"21e10a2b":203,"261c9911":220,"57167c74":186,"da3437cd":182,"04ea5673":199,"7be025ce":193,"014460b9":225,"3fdb08f5":197,"24ffcbd3":225,"d6f0d94a":204,"e35a63cd":199,"2f455cce":200,"50c3164b":223,"6751d8e4":212,"9ab755d3":190,"0bd93cfd":163,"ef1c2dcb":203,"835358a0":198,"b7cc7909":207,"74e3d13e":206,"76f3a3be":207,"725dce8b":212,"9b3f8714":209,"5e09f69e":220,"6632fed0":205,"a59a8290":212,"eebc8d43":193,"1745a0f4":212,"fead11cf":200,"831c7b85":202,"8007f30e":176,"195eb771":197,"ae016053":227,"95904ac4":220,"6023df54":194,"8db5a165":195,"db8ba455":211,"cfe72ead":190,"c609739e":211,"a43061ee":190,"ad8f85d6":222,"3e602573":200,"cf52025e":199,"f1098793":213,"cf1b8c47":209,"6f81493d":186,"7a9344a4":218,"ddec9e54":195,"dae0f922":206,"b7434f57":162,"059d6c19":209,"94a2fe10":211,"cb4f262b":191,"6d5fcd4c":198,"affb82bf":220,"12012fbd":191,"8cc4a982":212,"3f65f121":213,"b946e146":212,"7e15f8e8":208,"9e206c95":223,"97e75c19":205,"66d94227":193,"47d27624":186,"815e4582":207,"254cc28c":207,"25d1b2d8":206,"d929098e":173,"e4cfef0a":189,"b0869206":203,"cc5a1d47":191,"0d770b97":205,"7218c9f1":195,"51a3e9c2":194,"385ab7c6":210,"bf30a08f":217,"597c1f81":202,"e356abf1":214,"0785820e":203,"ef14000f":222,"016953e4":218,"39bbc4bc":199,"09ff339a":170,"5b60dd1d":200,"c564e316":212,"e238f09b":218,"dc583e64":210,"8cf83787":178,"11888cfa":183,"0b5a0408":211,"49910300":184,"d9dcdc4b":213,"6291e9e9":210,"1f88a4b7":223,"a533489b":226,"761cf820":209,"8323d333":182,"69134f07":188,"0da28f5b":218,"6b78ad7f":199,"0dad37d5":213,"8f9b74b0":184,"9b172ca8":178,"c650b434":205,"972f4174":209,"53431634":220,"c8dc010f":202,"5c82d1ce":202,"feb67030":183,"5a622a23":202,"d9f512b9":210,"6490bac6":185,"49b358bd":206,"ba30e43a":216,"4c39240e":213,"e786063b":214,"2154b6e8":192,"2045d7d6":196,"a625328f":206,"70bc8325":196,"d1ca5d6b":205,"88b3bc99":186,"39ba00f0":202,"fb7482fe":197,"22234d6b":203,"32133249":203,"51f80f4c":230,"ec11fe5f":185,"ba5c52af":193,"8f10fa42":223,"33d6bb6a":195,"8063df14":211,"f5e8dfee":211,"0042f6eb":195,"731fc335":186,"c7c4ec5c":184,"408bb2ed":202,"b35e9e1a":244,"3d1af513":211,"03dcfa3d":199,"ad8f85d6":223,"56752a4a":186,"3e602573":201,"a543ec74":183,"468fc85c":206,"a0b03218":210,"f905a555":189,"1d44aff3":213,"1e7753d9":209,"6e24d88b":190,"059d6c19":210,"a68a93b2":199,"1e191c98":186,"c3e6ef01":200,"31408822":191,"6023df54":195,"313258f2":207,"f789f6d8":192,"dd035d2a":191,"0ecfa1c9":188,"288a2c43":197,"6867261a":202,"c93c3508":185,"deb31f35":212,"558d5ce7":198,"ac38a6a5":211,"8cc4a982":213,"3454fa2b":174,"9d9dd9e5":189,"bc021def":200,"84369269":184,"6d5fcd4c":199,"99e171db":190,"416a9e97":193,"47d27624":187,"0f1ac912":183,"5a0eb771":197,"b88033fd":213,"ee75b607":196,"dffa7793":168,"87c462ee":206,"f1df62b4":205,"6775d5cd":201,"88ce179e":211,"4f59a322":206,"ea4d3f3e":207,"7218c9f1":196,"6a5b71b4":184,"1bb4ccc0":197,"67c57de4":211,"50c468ba":189,"b9be31d6":210,"27f52ed3":219,"5623817d":184,"014bdff0":210,"8274885a":192,"1951480c":182,"3712c4bd":187,"363590c7":214,"a8871ddf":193,"95bc84f1":185,"28d41578":210,"54a676d6":198,"6c73ae98":172,"45fb95c1":204,"2cce4fb2":205,"c85a0d80":199,"2e3503e4":211,"a836aa93":201,"3498f223":196,"77300e4a":179,"e7abc88d":187,"8e780922":182,"c8dc010f":203,"e2a7d915":172,"8ea21393":181,"913a6226":210,"92136ff5":203,"6bc5d32a":219,"c1bdfd41":195,"0149e11a":186,"d9d7c4c2":200,"d141db49":196,"aa021138":224,"4def63ee":182,"c4e70c07":193,"d6f0d94a":205,"d1ca5d6b":206,"6751d8e4":213,"ea822700":197,"98915a1f":187,"2a06ab95":213,"8657c79d":195,"c793cdda":209,"831c7b85":203,"478d2d4f":221,"e35a63cd":200,"4c0e547b":209,"062179c1":195,"0042f6eb":196,"9d023afb":198,"1bd5b20b":214,"45b038bb":235,"4ea4a2a1":225,"d0c0fc08":180,"ea274174":206,"b7407bd3":195,"49bf2e95":191,"a5aee5de":231,"1c3a30c5":208,"e8d74304":186,"ae8a09c4":213,"812b4f15":189,"2198ba8e":191,"c27969ec":189,"6f81493d":187,"430a5db5":203,"66b7b5b4":197,"9316e7e8":166,"059d6c19":211,"8942c35b":198,"467773ac":192,"a901627e":196,"0a1d11e6":191,"43bc86e3":201,"4abb7aed":197,"ec110282":237,"4bc46d7a":194,"a5676c24":197,"be149c6f":187,"d6d61bfc":214,"5eaa1581":193,"51f80f4c":231,"68562193":205,"a6003226":201,"2ab62345":188,"09560615":185,"15620dca":220,"01d817b8":181,"51f57142":207,"394dc144":185,"5957df9e":194,"140ce69e":187,"088feee2":208,"f2ca27d9":210,"815e4582":208,"865d9857":192,"842c8340":201,"84369269":185,"9cb4697f":202,"04cc7cbe":191,"abad2347":207,"00a17b46":204,"d83294cd":196,"bb00e71c":188,"6c20c153":205,"9496f56f":200,"cf9f4757":201,"4258c176":189,"1bb4ccc0":198,"87cd2add":183,"1dad0f99":192,"385ab7c6":211,"ea9bba6b":198,"971675c5":210,"a40846b7":201,"5099c6a0":224,"095ab3b4":206,"5270f158":193,"5410e9c6":209,"e0f7679f":185,"fb44fa9c":212,"6291e9e9":211,"bab97de3":205,"a836aa93":202,"e1618359":206,"d34a29b9":217,"06ee61b6":192,"c4feee5b":207,"1a68160d":202,"8e780922":183,"21ad2f34":217,"913a6226":211,"7d112f4d":206,"e2cbe594":199,"26dd2000":217,"a81a857c":192,"fb8bfb36":223,"4777334c":196,"c45d554f":214,"259930ee":206,"d9d7c4c2":201,"a577db1c":201,"e32524d6":195,"4c39240e":214,"66d94227":194,"8cd78f77":203,"b5763ff6":184,"7db3edda":199,"f4726450":188,"1f342a00":200,"fb7482fe":198,"c793cdda":210,"ec11fe5f":186,"92ca52b7":211,"f5e8dfee":212
1604737680690,"6c73ae98":173,"de36827b":230,"cf84fb54":209,"02d4753e":212,"ea274174":207,"40569362":219,"761cf820":210,"cd95f558":198,"8323d333":183,"332820ce":219,"cf52025e":200,"48655f09":238,"a0b03218":211,"8eb64769":206,"b7df1559":204,"6ebe2354":176,"12a2cd4b":200,"d599b566":213,"95d3d348":189,"b935fc1c":196,"f1dffa24":180,"dc583e64":211,"f6fe095d":214,"c0b7e7d7":188,"05642105":207,"8298e976":217,"0114160e":190,"0b5a0408":212,"2cce4fb2":206,"ce4da56f":207,"de36827b":231,"02d4753e":213,"82b81567":176,"c4aa1e38":183,"d0c0fc08":181,"5a734022":183,"540df50f":209,"76f3a3be":208,"9f5e6cba":206,"0681c48e":212,"03b4ab60":184,"8d04852b":194,"9a467a82":200,"d3e84616":202,"7d6895f4":212,"175bc6b2":182,"f3d68430":209,"a1921150":214,"623c6a31":212,"77f31bab":213,"bc021def":201,"a939b50b":196,"5a0ead91":180,"4ac6bd4e":185,"5acaa06f":174,"04612878":228,"4b4ef7fa":196,"6be9332a":192,"6ebe2354":177,"aa00769b":212,"0eaf08da":200,"d8475b95":177,"906632cb":223,"180377be":193,"19e9776f":198,"dbd2f139":208,"f1b493de":225,"8942c35b":199,"902f49f5":198,"f67de058":206,"0e2b5d2f":203,"2a76f1dd":176,"c510bfd3":207,"a9b1bd51":161,"99e171db":191,"91d52a55":198,"2b3e4717":200,"aaa274a5":198,"70bc8325":197,"884b0ad1":192,"d552eb2f":205,"aec074c4":211,"3c6692a3":222,"bca2d7cd":200,"a40846b7":202,"82868763":199,"1951480c":183,"fe1d4419":199,"004f1ef3":244,"363590c7":215,"71ff66e8":215,"0da28f5b":219,"bd984a8e":189,"fe578280":188,"1a68160d":203,"b2c25d1c":201,"168e75d9":201,"ab7d4c9a":194,"7e8e1c3d":191,"6490bac6":186,"feb67030":184,"efd23af5":186,"f9f2c53f":180,"77898c22":173,"0f029727":204,"aab4d996":191,"f734c84c":222,"ba30e43a":217,"7be025ce":194,"8d753bb6":200,"4ff2225d":199,"d36125db":206,"f044c0e1":192,"e4714415":224,"5a734022":184,"5f6613c8":184,"c9efc8f6":197,"6867261a":203,"aec4e1bf":206,"5ac86fb9":207,"01d817b8":182,"546f6845":198,"f2f58418":190,"6db0ea86":183,"489a39f7":199,"a15713c6":221,"da04caac":213,"fd482491":226,"7896b953":203,"4bc46d7a":195,"c91966ce":197,"810aa5e9":207,"87c462ee":207,"5eab91a0":205,"f0a06216":206,"f7231212":196,"0d770b97":206,"e57d5cda":188,"b3f19a69":187,"8bc04eb5":208,"cf9f4757":202,"bb00e71c":189,"f1df62b4":206,"d83294cd":197,"b9be31d6":211,"0d28db94":193,"8323d333":184,"6d802fa2":185,"6f0fcb9d":205,"4f5e3e7d":190,"b35e9e1a":245,"6585adbe":178,"87ce8d1d":176,"336d0f08":207,"82b81567":177,"a0bc1ceb":192,"ad8f85d6":224,"12271e14":207,"04612878":229,"dd1fcb17":187,"804d4dfa":189,"62d1d346":182,"d9f512b9":211,"ca7d47f7":204,"cc11fef9":212,"751bcf25":191,"7cd0ad7b":208,"5f4102da":207,"f5e8dfee":213,"c510bfd3":208,"9a07d89b":180,"6c524f99":207,"f67de058":207,"2352c8ef":208,"8cc4a982":214,"ccdd1ce6":205,"7d6895f4":213,"22176537":205,"36684155":201,"a9b1bd51":162,"5f7d7195":198,"c67979e6":224,"04643409":202,"6e98dfda":208,"84369269":186,"af0b61ab":205,"6a3eaf43":214,"084cbc0b":187,"3062379b":191,"cbb54a0a":183,"272c7672":212,"dd7acb96":207,"a58bf525":199,"dc583e64":212,"5099c6a0":225,"8dd649a3":201,"0b3283c9":207,"c564e316":213,"5623817d":185,"902f49f5":199,"26ed1a5c":195,"d0c104c4":173,"655941a0":222,"754f98c9":220,"c382f054":212,"c5b35e4d":182,"9b742f71":190,"145c7559":182,"69134f07":189,"bd984a8e":190,"3ef7432b":202,"51c57542":207,"4e5aaaec":194,"f734c84c":223,"0be540c5":203,"2c6cb96f":171,"49cb2959":208,"f789f6d8":193,"5ef93e5d":178,"fe44fc6f":186,"a851891c":193,"fafb4cc2":245,"7ee7621c":195,"37d0cae2":192,"6f39f4d9":212,"00cf385d":211,"ee21ad02":228,"4d9b0b10":207,"87083264":215,"677c6a09":220,"54d7de6b":224,"7fb4c521":203,"4f59a322":207,"fea793f5":205,"6a60348e":197,"2d1e1e9d":210,"57d5dee8":200,"9b3f8714":210,"7af9d3b1":201,"8cddb65e":199,"35aa7fd0":208,"c852d240":189,"32133249":204,"8298e976":218,"49910300":185,"95f6db13":200,"fb44fa9c":213,"40569362":220,"9260d96b":231,"4f5e3e7d":191,"5a0ead91":181,"f1862e79":176,"56752a4a":187,"de11eb19":214,"dd1fcb17":188,"358e45b1":199,"cac4449a":198,"b7df1559":205,"71bc1295":193,"a0bc1ceb":193,"ae8a09c4":214,"efd23af5":187,"e2cbe594":200,"fbdffc95":189,"0f029727":205,"f4343817":202,"c1bdfd41":196,"e32524d6":196,"638cb163":219,"49b358bd":207,"57167c74":187,"ae95f2ba":218,"b9be31d6":212,"fee32863":204,"c1bb74f2":198,"9a3ab0b8":197,"30c184b8":197,"ef8321d8":205,"d1715f3b":222,"0277d748":207,"be4f8ba8":190,"30dd2edc":199,"6de0aaac":188,"dfa1a89b":195,"f4b2f575":193,"47d27624":188,"8ec3834d":215,"0670c466":193,"93fdbb44":194,"2b3e4717":201,"6e98dfda":209,"7028b044":198,"de6213c7":192,"09ff339a":171,"93ac9ca3":200,"fb7b7b3c":214,"9a3cc55d":189,"ea9bba6b":199,"014bdff0":211,"6d61bf13":189,"142d6987":194,"4279e829":220,"d0c104c4":174,"20e470e0":204,"e62d705f":188,"1a2ec5d7":216,"c8977844":202,"685207b3":205,"c5b35e4d":183,"0a92153e":202,"f598a332":187,"dcf85091":189,"ab7d4c9a":195,"9d023afb":199,"8007f30e":177,"831c7b85":204,"a901627e":197,"a15713c6":222,"e865e4dd":191,"345c9967":195,"db8ba455":212,"cf1b8c47":210,"dd035d2a":192,"7fef9973":196,"6841f77e":217,"d39724bc":201,"bca2d7cd":201,"2c627253":205,"98915a1f":188,"884b0ad1":193,"b947257e":210,"a1370ab0":195,"b230e8d3":205,"4911acad":174,"9f5e6cba":207,"5f6613c8":185,"c9efc8f6":198,"7af9d3b1":202,"de36827b":232,"3c782bb3":201,"6db0ea86":184,"e36dfd6f":207,"49910300":186,"d9dcdc4b":214,"0d2c95fe":203,"9e878ec2":204,"2e99f8fd":201,"5ee911b5":189,"4ea4a2a1":226,"02d4753e":214,"332820ce":220,"49bf2e95":192,"f1098793":214,"23080895":188,"bad6cdb1":170,"aefe13f5":211,"470d50c2":212,"a0ce82b4":202,"c8dc010f":204,"3b7763b1":181,"85de05f2":196,"07107f6e":203,"638cb163":220,"daab45c6":186,"ca7d47f7":205,"ab7467de":222,"0b959527":189,"9bdf362a":212,"2045d7d6":197,"b5ce0c0c":210,"fce3c5c6":182,"17807120":187,"a0b03218":212,"946df4fd":227,"43d87483":203,"67d30f2b":192,"7fb4c521":204,"fea793f5":206,"3b2dee89":188,"c38c2b52":199,"6a5b71b4":185,"1757a30e":191,"c8113b77":184,"9f74b8a4":184,"d4ee22a4":204,"7af262e5":232,"b946e146":213,"d6320619":194,"49902219":227,"ec2cb1af":210,"0277d748":208,"789bd484":195,"01d817b8":183,"77bae750":201,"8cc4a982":215,"90d52475":205,"37fbb107":209,"254cc28c":208,"f66616b7":205,"c98d5272":189,"0b3283c9":208,"c95719e5":188,"25635c37":173,"2203f259":208,"26f99a1e":183,"db703021":202,"ca6d2d91":201,"7cd0ad7b":209,"906632cb":224,"0af920d8":187,"751acea8":189,"6e24d88b":191,"c21ab51e":187,"a4296d1e":193,"fe578280":189,"836701f6":202,"39bbc4bc":200,"1745a0f4":213,"8f10fa42":224,"05f6ab35":213,"7bda83dd":194,"c463799d":199,"a567ace4":201,"a15713c6":223,"f905a555":190,"43bc86e3":202,"fd482491":227,"8a165e17":202,"00a481e3":214,"f3a0c2ee":196,"7db3edda":200,"d744bee2":194,"0bd93cfd":164,"9fa62fee":192,"92efd84f":204,"9147702f":191,"98915a1f":189,"c93c3508":186,"aec4e1bf":207,"af034fee":217,"40860a4b":178,"61d4782d":196,"03b4ab60":185,"0b5a0408":213,"2d1e1e9d":211,"e36dfd6f":208,"ce4da56f":208,"05642105":208,"45fb95c1":205,"5678ed7b":211,"5a0ead91":182,"358e45b1":200,"6f0fcb9d":206,"d8475b95":178,"655954ba":197,"c7313e0a":210,"9b172ca8":179,"1e232870":211,"0a96f57a":196,"e21c6207":205,"ccb5ea3e":180,"df81ddee":192,"df2b4d87":189,"26dd2000":218,"28d40296":174,"e2cbe594":201,"8ea21393":182,"259930ee":207,"14c682eb":197,"859545e6":194,"4577b333":211,"ffc86f94":192,"6585adbe":179,"5acaa06f":175,"f1098793":215,"c0b23081":226,"aa187e3b":201,"0d770b97":207,"e57d5cda":189,"79be29c8":182,"cb142908":190,"93b0a158":221,"11b74e63":205,"7566fdd6":204,"0d7d88f1":198,"37d0cae2":193,"cf9f4757":203,"619fda68":233,"9fce073c":199,"be1746a0":195,"0ac825ed":211,"3c18f28e":198,"ef8321d8":206,"a63bddd4":246,"88432019":193,"d6320619":195,"d2a841c9":195,"d5557fb4":210,"affb82bf":221,"36684155":202,"1d790491":205,"3454fa2b":175,"66d94227":195,"8a52882e":207,"90d52475":206,"1b881e6e":209,"31f6d707":217,"6be9332a":193,"a636f4c9":216,"26c6fa34":192,"2198ba8e":192,"263762cb":185,"317c1591":213,"7cd0ad7b":210,"5ccf94d6":204,"7a9344a4":219,"751bcf25":192,"0c0e98ea":194,"ddec9e54":196,"dae0f922":207,"83086d4c":208,"42191b64":176,"437fc3ec":219,"5270f158":194,"6085137f":197,"cd522166":213,"19551bad":193,"9a3ab0b8":198,"1105f790":230,"eb2e1983":205,"062179c1":196,"f2e3c0e3":180,"5f0c1b9d":202,"a0cf08b3":160,"f3a0c2ee":197,"313258f2":208,"fafb4cc2":246,"c91966ce":198,"835358a0":199,"84b67924":200,"22234d6b":204,"8657c79d":196,"e58b26f6":217,"2180f99b":192,"7028b044":199,"76f3a3be":209,"1138796e":207,"b2703001":207,"59431390":200,"17b08923":200,"6c73ae98":174,"de36827b":233,"045f280d":205,"b4fdf90e":209,"6585adbe":180,"cd95f558":199,"c4aa1e38":184,"34c5c729":201,"72b84094":230,"b215547b":188,"ca7d47f7":206,"261c9911":221,"aab4d996":192,"fb8bfb36":224,"fce3c5c6":183,"3498f223":197,"57167c74":188,"70594a28":201,"4e3f5178":220,"4dac6b20":172,"e3547548":189,"f121b82c":210,"24ffcbd3":226,"20777945":196,"a3253019":196,"c4feee5b":208,"014460b9":226,"f4343817":203,"00554ffd":208,"40569362":221,"50312237":204,"99d130c9":196,"9fc713b0":213,"24d24fa3":191,"aefe13f5":212,"2198ba8e":193,"dfc89705":191,"74e01f6a":199,"1d44aff3":214,"5acce642":213,"b0869206":204,"a85d89cc":206,"9cb4697f":203,"ea4d3f3e":208,"cc5a1d47":192,"aa187e3b":202,"9c29f0ed":218,"ba586505":214,"30b6808c":187,"37d0cae2":194,"10ec5a0b":193,"93b9fae6":193,"faf4f98b":206,"c93c3508":187,"aa9ea5e8":182,"74e3d13e":207,"31f6ba51":193,"6d339d45":178,"9a467a82":201,"c9efc8f6":199,"175bc6b2":183,"4911acad":175,"44a4f7cd":199,"ccdd1ce6":206,"c67979e6":225,"6de0aaac":189,"21ee2afe":216,"9d63c4dd":202,"416a9e97":194,"d5557fb4":211,"84369269":187,"527ff946":208,"842c8340":202,"bb98a6cf":224,"906632cb":225,"0d5ee801":191,"dbd2f139":209,"1a2ec5d7":217,"9316e7e8":167,"7cd0ad7b":211,"014bdff0":212,"fb7b7b3c":215,"d599b566":214,"5b60dd1d":201,"f6fe095d":215,"c564e316":214,"c7ab83c1":186,"e5b1abc6":202,"1bc0591f":194,"20958d58":191,"be3a10f8":229,"6c524f99":208,"05f6ab35":214,"a8c93bed":199,"cf1b8c47":211,"abc1d7ad":221,"fd482491":228,"7ae34c64":191,"42cd2360":167,"f905a555":191,"b2cfdbcf":192,"2d13e69b":194,"39ba00f0":203,"70c1e715":208,"ef1c2dcb":204,"b947257e":211,"508aac3d":205,"6751d8e4":214,"1438fad7":204,"d9dcdc4b":215,"0be540c5":204,"cf50e84e":197,"3c782bb3":202,"2d1e1e9d":212,"e0f7679f":186,"9267f0ef":203,"6b78ad7f":200,"36380d96":201,"9b742f71":191,"b2c25d1c":202,"6fb4cdda":218,"dbc9df44":181,"2b3c49b9":192,"51c57542":208,"e1f0dbfd":226,"0149e11a":187,"fce3c5c6":184,"5fa12feb":212,"30c5d755":211,"3007f31f":187,"3fdb08f5":198,"9bdf362a":213,"44ff8baa":204,"caddd0a7":212,"0b959527":190,"49b358bd":208,"1b153aef":206,"cd95f558":200,"c4aa1e38":185,"f9c15fcc":197,"00554ffd":209,"b377a62a":183,"fe0df575":217,"1757a30e":192,"6841f77e":218,"935ec056":193,"16b476e9":196,"7f6d1d0e":209,"053f3451":199,"6c20c153":206,"a06a6430":215,"95d331b1":197,"385ab7c6":212,"4d9b0b10":208,"c803b4a3":198,"ad303bda":202,"10ec5a0b":194,"a636f4c9":217,"ac62fac2":217,"458dcc3d":216,"12271e14":208,"b7df1559":206,"3c18f28e":199,"c9efc8f6":200,"3a1d1632":179,"64db4feb":219,"bb8a6337":192,"32133249":205,"35aa7fd0":209,"eafbf9fb":204,"b946e146":214,"57540cc3":202,"18815a1b":199,"3454fa2b":176,"cf775f58":208,"9c045c61":200,"1b881e6e":210,"e9adbe58":204,"394dc144":186,"bad1a1cc":203,"36b7003c":223,"6e98dfda":210,"0f1ac912":184,"a543ec74":184,"bad6cdb1":171,"cc11fef9":213,"bb98a6cf":225,"1f11812e":216,"906632cb":226,"ddec9e54":197,"cf1124db":196,"d033db8d":217,"7ee148e9":191,"f5cd79c1":213,"004f1ef3":245,"3e082b37":190,"dc583e64":213,"c564e316":215,"c7ab83c1":187,"dc0c8b09":219,"9d023afb":200,"1bc0591f":195,"70ee0491":185,"a0685bf3":220,"a66a2d8a":214,"fead11cf":201,"a901627e":198,"a851891c":194,"00a481e3":215,"fd482491":229,"a472532e":191,"49cb2959":209,"74c26380":223,"26c390d6":207,"5a07fc2e":178,"84b67924":201,"88b3bc99":187,"98915a1f":190,"f069bb07":203,"c793cdda":211,"88a30343":206,"820225e4":181,"0d2c95fe":204,"3310a049":205,"2d1e1e9d":213,"868edcc0":212,"06ddafc7":179,"685207b3":206,"f3992a31":220,"470d50c2":213,"69d4b754":190,"c382f054":213,"f121b82c":211,"9b742f71":192,"ecfa8249":220,"6bc5d32a":220,"07107f6e":204,"0149e11a":188,"7e8e1c3d":192,"28d40296":175,"aab4d996":193,"daab45c6":187,"77898c22":174,"75ffea08":199,"c7636527":184,"e5d3655c":228,"7043382d":197,"9263c525":208,"d0e9a58e":211,"d33790a2":229,"b35e9e1a":246,"02d4753e":215,"08a4c3f8":204,"82b81567":178,"730a4938":184,"4b125e7b":195,"a502c93c":196,"2ce1af05":182,"290b4714":199,"597c1f81":203,"95d331b1":198,"abd32136":209,"e0e48a2d":200,"6034b6d0":212,"124fbe96":199,"4f59a322":208,"4930f321":191,"cf9f4757":204,"064a99c8":203,"a43061ee":191,"73b15e04":195,"72805bf5":193,"dc473de1":181,"17446892":199,"1ed46298":214,"31f6ba51":194,"288a2c43":198,"5eaa1581":194,"bb99c79c":195,"09560615":186,"f2ca27d9":211,"af157d29":199,"bad1a1cc":204,"4469c815":177,"6e98dfda":211,"623c6a31":213,"9d9dd9e5":190,"5a0eb771":198,"57540cc3":203,"7e15f8e8":209,"c6c85783":216,"93fdbb44":195,"a636f4c9":218,"812b4f15":190,"2d382981":190,"946df4fd":228,"2af60749":214,"b6591e25":203,"655941a0":223,"a4f1d83b":192,"74f234c6":229,"7cd0ad7b":212,"c3e6ef01":201,"dae0f922":208,"5623817d":186,"3c43e8a2":213,"1951480c":184,"7fdc2007":186,"0042f6eb":197,"05f6ab35":215,"a0685bf3":221,"9a3ab0b8":199,"8721056e":186,"8007f30e":178,"91f7ef72":189,"b2cfdbcf":193,"5f0c1b9d":203,"616d6dd6":196,"74c26380":224,"fe44fc6f":187,"e45b4b53":186,"5b60dd1d":202,"26c390d6":208,"70bc8325":198,"1f342a00":201,"b7832271":215,"2d54e0a8":206,"84b767be":229,"72d7b461":217,"fe1d4419":200,"437fc3ec":220,"1db42092":206,"754f98c9":221,"90a06ee9":210,"470d50c2":214,"c4feee5b":209,"2e3503e4":212,"ab7d4c9a":196,"c0fea118":197,"a851554d":213,"4eed1bea":210,"e1f0dbfd":227,"9a80f004":204,"d25e0f8d":226,"c1bdfd41":197,"5fa12feb":213,"37a7d5b0":194,"0114160e":191,"820225e4":182,"e0f7679f":187,"a24e6670":203,"b84a06eb":196,"045f280d":206,"4f5e3e7d":192,"e0e6a097":201,"b2a8761b":181,"da04caac":214,"b0869206":205,"7f6d1d0e":210,"5acce642":214,"ee21ad02":229,"04bef50c":174,"ad303bda":203,"056ea7ff":218,"f0a06216":207,"cc5a1d47":193,"2882a956":190,"9c29f0ed":219,"8fb236a9":195,"4930f321":192,"7fb4c521":205,"34658473":199,"82b81567":179,"a1370ab0":196,"0681c48e":213,"03b4ab60":186,"b35bb8a1":186,"b7cc7909":208,"3c18f28e":200,"bfcb912a":201,"9a467a82":202,"6143f39d":205,"ec2cb1af":211,"7080f122":193,"5a0eb771":199,"9de29816":177,"c6c85783":217,"945b63f0":228,"b88033fd":214,"9e206c95":224,"47d27624":189,"39a2fcce":191,"6adce358":224,"fa55f27a":208,"d0b297b2":198,"bad6cdb1":172,"0eaf08da":201,"26c6fa34":193,"c609739e":212,"1c3a30c5":209,"2d382981":191,"01cd8099":217,"07107f6e":205,"65a00a3c":191,"5f620a1e":203,"d9f512b9":212,"719c8869":205,"f8b31ce5":220,"751bcf25":193,"1f11812e":217,"26ed1a5c":196,"c2bb8aae":198,"733c86f8":211,"92ca52b7":212,"be3a10f8":230,"70ee0491":186,"c1bb74f2":199,"13b53c7a":207,"6c486702":207,"d5dae4c4":218,"a0cf08b3":161,"9ceb5439":188,"084cbc0b":188,"b7832271":216,"cbb54a0a":184,"fd07e0ed":208,"0fc5ac7e":227,"aa5dfdf5":204,"6a3eaf43":215,"6ce84ff8":186,"b769bdfb":198,"317c1591":214,"1da771fb":205,"b1f58563":202,"016953e4":219,"25635c37":174,"0af920d8":188,"5ccf94d6":205,"58d46189":212,"6fb4cdda":219,"0da28f5b":220,"6b78ad7f":201,"dcf85091":190,"a836aa93":203,"36380d96":202,"1e232870":212,"c455f40e":194,"a851554d":214,"06ddafc7":180,"ce4da56f":209
1604737681980,"fb44fa9c":214,"54a676d6":199,"05642105":209,"489a39f7":200,"90731976":196,"6e44927f":199,"5ef93e5d":179,"5f96c2bc":197,"8db5a165":196,"61145ec9":221,"37d0cae2":195,"d815c5b4":233,"1c0a9eff":189,"af7e5be8":209,"6ee92259":207,"cc5a1d47":194,"935ec056":194,"54d7de6b":225,"9c29f0ed":220,"9aa6a054":206,"95d331b1":199,"cf9f4757":205,"7a840529":194,"ef91eaae":185,"5eaa1581":195,"540df50f":210,"081460bf":200,"b35bb8a1":187,"c64de0c0":187,"725dce8b":213,"a1370ab0":197,"fd6dcb20":206,"36d340f2":176,"9de29816":178,"7e15f8e8":210,"1d153b20":207,"0cb80f4a":203,"064a99c8":204,"9260d96b":232,"56752a4a":188,"1c3a30c5":210,"08a4c3f8":205,"a636f4c9":219,"4ea4a2a1":227,"03dcfa3d":200,"db0a661e":195,"31f6d707":218,"946df4fd":229,"a533489b":227,"be1746a0":196,"2b3c49b9":193,"18d20aa1":206,"805534ac":204,"8f9b74b0":185,"ce3bf5db":196,"201cafad":197,"e32524d6":197,"49b358bd":209,"dac109cf":198,"aa021138":225,"0b959527":191,"3bad3c95":181,"5272520d":203,"11b2c8d9":194,"8b5a8e9f":203,"6c524f99":209,"afe8e06a":188,"2a4a402a":193,"a0685bf3":222,"e35a63cd":201,"4ed01268":190,"ef8321d8":207,"394dc144":187,"623c6a31":214,"39a2fcce":192,"3f65f121":214,"84369269":188,"f4b2f575":194,"088feee2":209,"84b67924":202,"ea822700":198,"5747db6e":216,"f4726450":189,"272c7672":213,"730338c4":215,"7028b044":200,"263762cb":186,"3f2522c2":216,"71ff66e8":216,"0b3283c9":209,"2203f259":209,"f6fe095d":216,"8e4c33d2":192,"b7434f57":163,"b6591e25":204,"0d5ee801":192,"3b690f68":222,"94a2fe10":212,"7a9344a4":220,"69d4b754":191,"9f2b16a7":214,"1a68160d":204,"0dad37d5":214,"a4296d1e":194,"9b742f71":193,"1e232870":213,"4ff2225d":200,"3310a049":206,"49910300":187,"71279c46":202,"7af9d3b1":203,"540df50f":211,"227006e4":201,"8d04852b":195,"8cddb65e":200,"dc473de1":182,"012de09c":197,"a5676c24":198,"61145ec9":222,"d5dae4c4":219,"810aa5e9":208,"7ae34c64":192,"8db5a165":197,"aa187e3b":203,"4652b09a":207,"677c6a09":221,"9c29f0ed":221,"1c0a9eff":190,"9aa6a054":207,"51a3e9c2":195,"935ec056":195,"ae95f2ba":219,"ea4d3f3e":209,"53b4e647":202,"c8113b77":185,"9fce073c":200,"619fda68":234,"a4dafea5":197,"a3d4a0e5":212,"4945c851":221,"06ddafc7":181,"fa55f27a":209,"332820ce":221,"de11eb19":215,"31f6d707":219,"4ba6eb36":191,"761cf820":211,"34658473":200,"2c24d929":206,"9fc713b0":214,"87ce8d1d":177,"17807120":188,"f1098793":216,"d25e0f8d":227,"e2a7d915":173,"5fa12feb":214,"feb67030":185,"70594a28":202,"3007f31f":188,"caddd0a7":213,"b5ce0c0c":211,"debe1f65":196,"57167c74":189,"d9f512b9":213,"4777334c":197,"d141db49":197,"4fd645f1":201,"1c3a30c5":211,"468fc85c":207,"9d023afb":201,"8063df14":212,"4c0e547b":210,"0e2b5d2f":204,"e35a63cd":202,"c6dc900c":170,"6d5fcd4c":200,"12012fbd":192,"fd6dcb20":207,"a77e8461":200,"31d74eee":195,"789bd484":196,"01d817b8":184,"558d5ce7":199,"0f1ac912":185,"faf3ed07":192,"bb99c79c":196,"48efc739":217,"bf822e33":201,"66d94227":196,"1f7607df":184,"2a06ab95":214,"19f9ca86":206,"3e082b37":191,"e45b4b53":187,"82868763":200,"6085137f":198,"b769bdfb":199,"3f2522c2":217,"f883d582":181,"30d84dce":175,"30dbfc69":197,"58d46189":213,"dae0f922":209,"26ed1a5c":197,"6f81493d":188,"501db4de":200,"c4feee5b":210,"c21ab51e":188,"0dad37d5":215,"dcf85091":191,"8e780922":184,"c463799d":200,"810aa5e9":209,"6e44927f":200,"da04caac":215,"f3a0c2ee":198,"aa76bc50":170,"42cd2360":168,"f789f6d8":194,"04bef50c":175,"00cf385d":212,"e0e48a2d":201,"c8113b77":186,"ef91eaae":186,"8bc04eb5":209,"bd2705b0":208,"67c57de4":212,"d3a669ac":214,"ef1c2dcb":205,"778c95e9":194,"fb7482fe":199,"7028b044":201,"c93c3508":188,"bfcb912a":202,"6867261a":204,"40860a4b":179,"227006e4":202,"bc3dc66a":205,"76f3a3be":210,"06ddafc7":182,"b2703001":208,"0d2c95fe":205,"fb44fa9c":215,"05642105":210,"4945c851":222,"8323d333":185,"6291e9e9":212,"792c9b6a":185,"8c6e001f":175,"ef16ca37":192,"8493f3b2":201,"5f8517b7":223,"6f0fcb9d":207,"2198ba8e":194,"1247fa52":201,"daab45c6":188,"2209903e":194,"07107f6e":206,"18d20aa1":207,"d141db49":198,"8f9b74b0":186,"805af3c7":198,"fb8bfb36":225,"9e65c0ef":195,"bfad1727":184,"65a00a3c":192,"a81a857c":193,"4c39240e":215,"4def63ee":183,"be1746a0":197,"c27969ec":190,"04612878":230,"71bc1295":194,"87ce8d1d":178,"9fc713b0":215,"bb00e71c":190,"87cd2add":184,"ae95f2ba":220,"5acce642":215,"629800eb":211,"c803b4a3":199,"ba5c52af":194,"25a2844e":201,"1745a0f4":214,"cd522166":214,"fee32863":205,"30c184b8":198,"33d6bb6a":196,"25a7a0a3":180,"9e206c95":225,"ccdd1ce6":207,"6adce358":225,"2b3e4717":202,"0e036ae9":214,"44a4f7cd":200,"9c045c61":201,"b88033fd":215,"6143f39d":206,"3661e12d":205,"d5557fb4":212,"47d27624":190,"faf3ed07":193,"1951480c":185,"2c5c1dc0":190,"a40846b7":203,"e45b4b53":188,"180377be":194,"4279e829":221,"6e24d88b":192,"bb98a6cf":226,"a4f1d83b":193,"751bcf25":194,"9316e7e8":168,"2e3503e4":213,"f2470875":208,"22aeaf03":198,"93ac9ca3":201,"43bc86e3":203,"0a1d11e6":192,"08a561b7":203,"a5676c24":199,"65e4235b":207,"fe44fc6f":188,"d9a64845":206,"ee75b607":197,"fd07e0ed":209,"ef1c2dcb":206,"835358a0":200,"dd7acb96":208,"e58b26f6":218,"70c1e715":209,"98915a1f":191,"be149c6f":188,"0681c48e":214,"6df0b2e8":227,"2132fe93":205,"162a7348":201,"f044c0e1":193,"95f6db13":201,"159ffd0b":190,"013ee301":194,"0d2c95fe":206,"1be05c14":205,"1438fad7":205,"5acaa06f":176,"b4fdf90e":210,"4ba6eb36":192,"4ea4a2a1":228,"6585adbe":181,"8323d333":186,"f2086446":187,"fe578280":190,"efe84c27":201,"d34a29b9":218,"168e75d9":202,"3498f223":198,"c8dc010f":205,"4dac6b20":173,"2209903e":195,"21ad2f34":218,"ca7d47f7":207,"77898c22":175,"5c82d1ce":203,"d9f512b9":214,"6490bac6":187,"3bad3c95":182,"4777334c":198,"5ab7bc35":206,"719c8869":206,"aa021138":226,"de11eb19":216,"064a99c8":205,"03c398d2":213,"01cd8099":218,"f1098793":217,"23080895":189,"ae8a09c4":215,"b7df1559":207,"1a442bc7":179,"e6ec8cbf":216,"869cbaa0":216,"bec9d329":222,"bb00e71c":191,"87cd2add":185,"54d7de6b":226,"ad303bda":204,"6a5b71b4":186,"f0a06216":208,"cc5a1d47":195,"95539a58":194,"e4cfef0a":190,"e5b1abc6":203,"dd3913d2":192,"2a4a402a":194,"71a2a493":170,"32133249":206,"865d9857":193,"6143f39d":207,"97e75c19":206,"f2364460":191,"57540cc3":204,"3454fa2b":177,"9d9dd9e5":191,"b9a48a5c":178,"5f7d7195":199,"140ce69e":188,"bad1a1cc":205,"172217e5":214,"5339e1e9":218,"48efc739":218,"cd3bbe7e":200,"61f25dd4":227,"f883d582":182,"1e7753d9":210,"a4f1d83b":194,"6f81493d":189,"be40590d":200,"263762cb":187,"578f6e9e":216,"e7773397":192,"014bdff0":213,"7ee148e9":192,"363590c7":216,"09f0db62":222,"0f89862c":187,"20958d58":192,"b8488fc8":205,"9b546d65":188,"52eca0dc":212,"ae016053":228,"e865e4dd":192,"83b2f9c5":214,"313258f2":209,"56473430":210,"3a291497":180,"26c390d6":209,"2d54e0a8":207,"2c01e624":206,"8657c79d":197,"272c7672":214,"98915a1f":192,"9ab755d3":191,"7732eb1e":226,"868edcc0":213,"6291e9e9":213,"dbc9df44":182,"9267f0ef":204,"104721f0":202,"efe84c27":202,"77300e4a":180,"c382f054":214,"1247fa52":202,"9a80f004":205,"6490bac6":188,"44c77422":201,"201cafad":198,"2209903e":196,"37a7d5b0":195,"a0ce82b4":203,"4c39240e":216,"7bebff03":198,"fce3c5c6":185,"d6f0d94a":206,"f4343817":204,"4777334c":199,"a81a857c":194,"288afc30":214,"db0a661e":196,"cf84fb54":210,"ef16ca37":193,"c4aa1e38":186,"f044c0e1":194,"064a99c8":206,"b8397293":192,"95f6db13":202,"9fc713b0":216,"b377a62a":184,"01cd8099":219,"e0f7679f":188,"e0e6a097":202,"59c1e594":186,"aa187e3b":204,"5acce642":216,"b3f19a69":188,"ad303bda":205,"a6b5e869":206,"385ab7c6":213,"6f39f4d9":213,"ad2d7bed":210,"053f3451":200,"87cd2add":186,"6c20c153":207,"cb142908":191,"0d770b97":208,"ac030e74":185,"1ed46298":215,"8d04852b":196,"42c80e69":210,"c4bff41f":221,"5e09f69e":221,"5f6613c8":186,"6632fed0":206,"09560615":187,"e15fd611":187,"36684155":203,"fd6dcb20":208,"e9adbe58":205,"088feee2":210,"a77e8461":201,"93fdbb44":196,"f5596d0f":200,"c67979e6":226,"f4b2f575":195,"0e036ae9":215,"9ceb5439":189,"315537b2":208,"35b58ef9":191,"ae8a09c4":216,"aefe13f5":213,"1a2ec5d7":218,"30fdcd3b":206,"20e470e0":205,"1e191c98":187,"0c043224":215,"c3e6ef01":202,"3b690f68":223,"8dc9b4db":205,"3f2522c2":218,"3e082b37":192,"5099c6a0":226,"5623817d":187,"25635c37":175,"5781776a":206,"30c184b8":199,"8063df14":213,"bd62d7ed":188,"6c486702":208,"0e2b5d2f":205,"cfafcda8":193,"4c0e547b":211,"f789f6d8":195,"b28a5e67":230,"2a06ab95":215,"84b67924":203,"c0e2624b":197,"7e991ab9":161,"d3a669ac":215,"bca2d7cd":202,"3310a049":207,"d36125db":207,"cf84fb54":211,"7f86be64":193,"1a2c020b":210,"dbc9df44":183,"8e780922":185,"a851554d":215,"ccb5ea3e":181,"0da28f5b":221,"a0ce82b4":204,"168e75d9":203,"2045d7d6":198,"501db4de":201,"7b6a7048":198,"25776fc4":211,"bc09fa9e":202,"ba30e43a":218,"d25e0f8d":228,"b552beb3":215,"1f88a4b7":224,"66554572":164,"0114160e":192,"1bd5b20b":215,"d0e9a58e":212,"92d38723":209,"358e45b1":201,"761cf820":212,"b35e9e1a":247,"cd95f558":201,"195eb771":198,"3a291497":181,"7ae34c64":193,"56473430":211,"e382ec3f":186,"906fdec3":183,"1c0a9eff":191,"869cbaa0":217,"4b125e7b":196,"935ec056":196,"b9be31d6":213,"d7cb9bcf":192,"124fbe96":200,"ba586505":215,"6a5b71b4":187,"290b4714":200,"4f59a322":209,"1dad0f99":193,"0d28db94":194,"99d130c9":197,"48655f09":239,"24d24fa3":192,"74e01f6a":200,"a636f4c9":220,"272c7672":215,"60d6cee2":194,"a1370ab0":198,"3a1d1632":180,"40860a4b":180,"031e488e":215,"dc473de1":183,"a47abfbb":186,"8dd2684c":206,"49902219":228,"31d74eee":196,"f2364460":192,"12012fbd":193,"527ff946":209,"eafbf9fb":205,"bda8cdfb":206,"22176537":206,"2b3e4717":203,"140ce69e":189,"416a9e97":195,"99e171db":192,"ccf8b803":206,"01cd8099":220,"13f0e139":187,"ab7467de":223,"ea6de194":211,"f8b31ce5":221,"92f800f5":224,"3fdb08f5":199,"5cd3cfe0":187,"ddec9e54":198,"655941a0":224,"30d84dce":176,"3b690f68":224,"1a2ec5d7":219,"a8726d50":191,"5410e9c6":210,"fe1d4419":201,"f1dffa24":181,"ea9bba6b":200,"c510bfd3":209,"fee32863":206,"33d6bb6a":197,"92ca52b7":213,"8007f30e":179,"c463799d":201,"6c524f99":210,"a901627e":199,"e865e4dd":193,"c91966ce":199,"8db5a165":198,"a5fd8ffd":208,"b935fc1c":197,"71ff66e8":217,"d599b566":215,"3c6692a3":223,"aaa274a5":199,"5747db6e":217,"d3a669ac":216,"39ba00f0":204,"884b0ad1":194,"f069bb07":204,"685207b3":207,"bd984a8e":191,"4b4ecbce":187,"c7313e0a":211,"e9679ede":189,"f33c0140":210,"b3863630":192,"4e5aaaec":195,"3b7763b1":182,"07107f6e":207,"95f6db13":203,"b36a0d66":187,"32c9fc47":205,"d9dcdc4b":216,"2d1e1e9d":214,"54a676d6":200,"8d753bb6":201,"5ee911b5":190,"1ff8c2fc":203,"4ea4a2a1":229,"313258f2":210,"012de09c":198,"c0b23081":227,"d4d5f466":193,"3b2dee89":189,"00a17b46":205,"935ec056":197,"9496f56f":201,"f1df62b4":207,"11b74e63":206,"1c0a9eff":192,"597c1f81":204,"e4cfef0a":191,"2882a956":191,"6034b6d0":213,"7218c9f1":197,"c7c4ec5c":185,"82b81567":180,"92d38723":210,"d0c0fc08":182,"5ac86fb9":208,"f94bf9ea":192,"71279c46":203,"35aa7fd0":210,"deb31f35":213,"47cfba38":183,"162a7348":202,"175bc6b2":184,"f5596d0f":201,"36b7003c":224,"3454fa2b":178,"93fdbb44":197,"49902219":229,"36684155":204,"2cb29e5a":211,"623c6a31":215,"84369269":189,"9ceb5439":190,"8547fbc2":188,"6e98dfda":212,"ce3407dd":190,"946df4fd":230,"0eaf08da":202,"87922532":230,"74e01f6a":201,"c6e3d352":208,"a43061ee":192,"0f72f2d8":204,"4777334c":200,"f9f2c53f":181,"bc09fa9e":203,"df2b4d87":190,"08a06557":224,"6490bac6":189,"261c9911":222,"65a00a3c":193,"2af60749":215,"259930ee":208,"7be025ce":195,"56d315d8":184,"19e9776f":199,"b6591e25":205,"a8726d50":192,"9d4da635":186,"93683c82":190,"a40846b7":204,"d78dd457":191,"f67de058":208,"8f10fa42":225,"f2e3c0e3":181,"a8c93bed":200,"8007f30e":180,"062179c1":197,"a5fd8ffd":209,"f5cd79c1":214,"437fc3ec":221,"72d7b461":218,"70bc8325":199,"7db3edda":201,"6e851762":195,"0fc5ac7e":228,"3062379b":192,"50c3164b":224,"1951480c":186,"25635c37":176,"3f2522c2":219,"8274885a":193,"026766f3":199,"c382f054":215,"f121b82c":212,"fe578280":191,"5be594be":194,"1247fa52":203,"a836aa93":204,"1e232870":214,"868edcc0":214,"0be540c5":205,"54a676d6":201,"49910300":188,"e8f173b5":208,"489a39f7":201,"6d802fa2":186,"00a481e3":216,"a851891c":195,"fafb4cc2":247,"7896b953":204,"56473430":212,"8a165e17":203,"c0b23081":228,"ea4d3f3e":210,"d1d40c9c":215,"d2466211":210,"37d0cae2":196,"30b6808c":188,"6841f77e":219,"7a4c064c":205,"6f39f4d9":214,"5b5fc566":202,"bb00e71c":192,"91536e85":211,"95539a58":195,"0d7d88f1":199,"4ac6bd4e":186,"92d38723":211,"dc473de1":184,"72805bf5":194,"a1370ab0":199,"c64de0c0":188,"c852d240":190,"227006e4":203,"5f6613c8":187,"e9adbe58":206,"4469c815":178,"ce3407dd":191,"0f1ac912":186,"172217e5":215,"6d339d45":179,"b8ab8e6e":196,"5f8517b7":224,"08a4c3f8":206,"45b038bb":236,"288afc30":215,"b4fdf90e":211,"03c398d2":214,"cbad3b92":230,"cf52025e":201,"b460f030":225,"804d4dfa":190,"a636f4c9":221,"56752a4a":189,"fb8bfb36":226,"26dd2000":219,"e2cbe594":202,"14c682eb":198,"18d20aa1":208,"805af3c7":199,"df81ddee":193,"c7636527":185,"0149e11a":189,"08a06557":225,"b6ee137a":198,"fbdffc95":190,"92f800f5":225,"b5ce0c0c":212,"0c0e98ea":195,"b6591e25":206,"1bc0591f":196,"2352c8ef":209,"831c7b85":205,"e5b1abc6":204,"9b546d65":189,"c6dc900c":171,"11b2c8d9":195,"d1676e89":201,"1a0189c4":191,"be4f8ba8":191,"546f6845":199,"2b3e4717":204,"affb82bf":222,"1b881e6e":211,"91d52a55":199,"2a06ab95":216,"aaa274a5":200,"6a3eaf43":216,"72d7b461":219,"0bd93cfd":165,"92efd84f":205,"6e851762":196,"5623817d":188,"27f52ed3":220,"8e4c33d2":193,"ea9bba6b":201,"25635c37":177,"6ce84ff8":187,"7a9344a4":221,"0d5ee801":193,"66497c7e":194,"9316e7e8":169,"4ee62a26":187,"f598a332":188,"0a92153e":203,"90a06ee9":211,"f76a3e83":202,"ab7d4c9a":197,"972f4174":210,"a836aa93":205,"e7e82473":224,"a4dafea5":198,"69f3bfcc":193,"f277386e":172,"1138796e":208,"540df50f":212,"76f3a3be":211,"0ecfa1c9":189,"60d6cee2":195,"227006e4":204,"dc473de1":185,"6632fed0":207,"7732eb1e":227,"345c9967":196,"1d44aff3":215,"8db5a165":199,"45b5746e":200,"d9d0c567":210,"aa76bc50":171,"dd035d2a":193,"f0a06216":209,"e4117b3b":182,"16b476e9":197,"9f74b8a4":185,"77bfed7e":198,"6775d5cd":202,"c0b23081":229,"cf9f4757":206,"597c1f81":205,"91b28f83":211,"93b9fae6":194,"6ee92259":208,"4f59a322":210,"faf4f98b":207,"95bc84f1":186,"de11eb19":217,"408bb2ed":203,"3652bd66":199,"9263c525":209,"6585adbe":182,"7a2f3f06":188,"379184a7":225,"b2bd8fd3":177,"e8d74304":187,"804d4dfa":191,"ccb5ea3e":182,"a0ce82b4":205,"cd421290":200,"2154b6e8":193,"c8dc010f":206,"ce3bf5db":197,"93e8cee5":223,"a33fe0dd":208,"7bebff03":199,"5f620a1e":204,"77898c22":176,"259930ee":209,"92f800f5":226,"c1bdfd41":198,"74e01f6a":202,"99d130c9":198,"ac62fac2":218,"baebb391":212,"82204d54":197,"f67de058":209,"0042f6eb":198,"a66a2d8a":215,"ec11fe5f":187,"062179c1":198,"05f6ab35":216,"3661e12d":206,"d3e84616":203,"4ed01268":191,"09560615":188,"e99318a3":199,"8cc4a982":216,"0f1ac912":187,"f3d68430":210,"e15fd611":188,"88432019":194,"99e171db":193,"36684155":205,"9c045c61":202,"9ceb5439":191,"b5763ff6":185,"d0d6acb1":199,"2c01e624":207,"aaa274a5":201,"aa5dfdf5":205,"4bcd4a30":214,"c793cdda":212,"95d3d348":190,"e238f09b":219,"971675c5":211,"71ff66e8":218,"8dc9b4db":206,"42191b64":177,"e7773397":193,"26ed1a5c":198,"0c043224":216,"1f11812e":218,"430a5db5":204,"f883d582":183,"c8977844":203,"20e470e0":206,"c0fea118":198,"7f86be64":194,"8e780922":186,"754f98c9":222,"9b172ca8":180
1604737682522,"7896b953":205,"e865e4dd":194,"f3a0c2ee":199,"dc03ebd2":218,"5ef93e5d":180,"43bc86e3":204,"69eeae0d":179,"c5b35e4d":184,"4652b09a":208,"ae99df30":179,"7e95c5a0":206,"124fbe96":201,"1dad0f99":194,"abad2347":208,"ffa08d82":198,"8bc04eb5":210,"597c1f81":206,"9aa6a054":208,"d929098e":174,"ad2d7bed":211,"ac030e74":186,"7a4c064c":206,"82204d54":198,"b8488fc8":206,"8f10fa42":226,"2a4a402a":195,"4c0e547b":212,"b2c25d1c":203,"e1f0dbfd":228,"e2a7d915":174,"6bc5d32a":221,"e786063b":215,"c0b0f492":205,"ecfa8249":221,"7b6a7048":199,"8f13c203":186,"27d8bf51":200,"cc6bbe45":193,"d25e0f8d":229,"a33fe0dd":209,"5ab7bc35":207,"4c39240e":217,"8b5a8e9f":204,"b87158fb":194,"71279c46":204,"288a2c43":199,"0ecfa1c9":190,"b35bb8a1":188,"aec4e1bf":208,"8cddb65e":201,"540df50f":213,"08a561b7":204,"ae016053":229,"71ba7561":173,"6023df54":196,"a5fd8ffd":210,"4bc46d7a":196,"3c0df8b4":224,"3f9b5722":184,"0d5ee801":194,"902f49f5":200,"f883d582":184,"9d4da635":187,"6f81493d":190,"3b690f68":225,"37d0cae2":197,"7a840529":195,"88ce179e":212,"621d6b18":211,"1bb4ccc0":199,"a6b5e869":207,"10ec5a0b":195,"bec9d329":223,"e4117b3b":183,"cf9f4757":207,"b0869206":206,"ef14000f":223,"22176537":207,"2cb29e5a":212,"7e15f8e8":211,"36b7003c":225,"affb82bf":223,"22ecaed0":209,"842c8340":203,"49902219":230,"1634789b":200,"0670c466":194,"a63bddd4":247,"50d129cf":199,"bb99c79c":197,"c98d5272":190,"d0d6acb1":200,"2c627253":206,"730338c4":216,"2c01e624":208,"7566fdd6":205,"2b698053":207,"66554572":165,"e0f7679f":189,"8298e976":219,"6a60348e":198,"2d1e1e9d":215,"489a39f7":202,"92d38723":212,"2cce4fb2":207,"9260d96b":233,"f9c15fcc":198,"bd984a8e":192,"0a92153e":204,"696fdac5":218,"f33c0140":211,"4c4aa2e2":195,"f3992a31":221,"b2c25d1c":204,"805534ac":205,"44ff8baa":205,"8ea21393":183,"ccb5ea3e":183,"14c682eb":199,"3007f31f":189,"ce3bf5db":198,"70594a28":203,"ba30e43a":219,"859545e6":195,"efd23af5":188,"d9d7c4c2":202,"b7505747":204,"f8b31ce5":222,"82204d54":199,"c1bb74f2":200,"b8488fc8":207,"78467b8a":201,"7bda83dd":195,"25a2844e":202,"05f6ab35":217,"0bd93cfd":166,"fb7482fe":200,"a6626a13":185,"b35bb8a1":189,"e9a8cf11":203,"c64de0c0":189,"dcfaba4c":201,"deb31f35":214,"64db4feb":220,"6632fed0":208,"4ac6bd4e":187,"d0c0fc08":183,"b4fdf90e":212,"d0e9a58e":213,"12a2cd4b":201,"b2bd8fd3":178,"48655f09":240,"aefe13f5":214,"dfc89705":192,"baebb391":213,"ad8f85d6":225,"5099c6a0":227,"731fc335":187,"dc03ebd2":219,"f789f6d8":196,"30fdcd3b":207,"1f11812e":219,"430a5db5":205,"f883d582":185,"58d46189":214,"c3e6ef01":203,"059d6c19":212,"28654c76":210,"da04caac":216,"810aa5e9":210,"aa867541":192,"16b476e9":198,"87cd2add":187,"ae99df30":180,"a502c93c":197,"7fb4c521":206,"67c57de4":213,"7fef9973":197,"91536e85":212,"2882a956":192,"cf9f4757":208,"ba586505":216,"9c045c61":203,"97e75c19":207,"4d35385e":191,"bf822e33":202,"f5596d0f":202,"2cb29e5a":213,"b88033fd":216,"527ff946":210,"f3d68430":211,"77f31bab":214,"f2ca27d9":212,"ac38a6a5":212,"99e171db":194,"66d94227":197,"1bb4ccc0":200,"0d28db94":195,"c8113b77":187,"317c1591":215,"27f52ed3":221,"3e082b37":193,"6ce84ff8":188,"3712c4bd":188,"e45b4b53":189,"ce4da56f":210,"0b5a0408":214,"013ee301":195,"66554572":166,"90731976":197,"8b2b601d":212,"6d802fa2":187,"0da28f5b":222,"1a2c020b":211,"5e193fc8":199,"972f4174":211,"cb51f134":211,"e9679ede":190,"f76a3e83":203,"7e8e1c3d":193,"df81ddee":194,"7d112f4d":207,"6b9eff39":198,"c4e70c07":194,"0f029727":206,"27d8bf51":201,"638cb163":221,"77898c22":177,"07107f6e":208,"9e65c0ef":196,"e3547548":190,"ce3bf5db":199,"2045d7d6":199,"19551bad":194,"05f6ab35":218,"c510bfd3":210,"dc0c8b09":220,"5f4102da":208,"733c86f8":212,"b8488fc8":208,"6e851762":197,"508aac3d":206,"4bcd4a30":215,"084cbc0b":189,"884b0ad1":195,"de6213c7":193,"d744bee2":195,"be149c6f":189,"0681c48e":215,"71a2a493":171,"1b153aef":207,"336d0f08":208,"82b81567":181,"8c6e001f":176,"8323d333":187,"3a1b9af5":200,"92d38723":213,"468fc85c":208,"b6aaf976":195,"71bc1295":195,"4cc141fa":170,"ad8f85d6":226,"481754fc":187,"dd1fcb17":189,"61145ec9":223,"4ee62a26":188,"b7434f57":164,"94a2fe10":213,"26ed1a5c":199,"c8977844":204,"c3e6ef01":204,"8db62558":207,"0a1d11e6":193,"f789f6d8":197,"fafb4cc2":248,"616d6dd6":197,"b28a5e67":231,"5f96c2bc":198,"7a840529":196,"40860a4b":181,"c9efc8f6":201,"7af9d3b1":204,"a6003226":202,"e9adbe58":207,"8dd2684c":207,"bad1a1cc":206,"2b3e4717":205,"217c0327":174,"d1fe2868":217,"315537b2":209,"0e036ae9":216,"ccf8b803":207,"e15fd611":189,"9de29816":179,"fd6dcb20":209,"088feee2":211,"c98d5272":191,"7fef9973":198,"0d7d88f1":200,"16b476e9":199,"cf9f4757":209,"5acce642":217,"9aa6a054":209,"7a4c064c":207,"5eab91a0":206,"3a204e56":199,"f5cd79c1":215,"b1f58563":203,"60e855ee":218,"e45b4b53":190,"437fc3ec":222,"25635c37":178,"8cf83787":179,"b2703001":209,"b36a0d66":188,"0114160e":193,"bec9d329":224,"4930f321":193,"a502c93c":198,"cb142908":192,"e356abf1":215,"f76a3e83":204,"c382f054":216,"bd984a8e":193,"145c7559":183,"dcf85091":192,"34c5c729":202,"b2c25d1c":205,"72b84094":231,"51c57542":209,"fce3c5c6":186,"30c5d755":212,"79e4fa1c":206,"0a96f57a":197,"37a7d5b0":196,"8f9b74b0":187,"9bdf362a":214,"e1f0dbfd":229,"7af262e5":233,"478d2d4f":222,"dfcc2ad1":224,"f5e8dfee":214,"7fdc2007":187,"2352c8ef":210,"9147702f":192,"84b67924":204,"1f7607df":185,"2c627253":207,"c0e2624b":198,"9ab755d3":192,"6e851762":198,"9a3ab0b8":200,"f5829ac0":213,"2d1e1e9d":216,"3c782bb3":203,"8d000d6e":194,"82b81567":182,"08a4c3f8":207,"336d0f08":209,"cd95f558":202,"2e99f8fd":202,"7a6aa4b6":206,"d82592f4":220,"b6aaf976":196,"a0b03218":213,"c27969ec":191,"804d4dfa":192,"13f0e139":188,"3e602573":202,"d6f0d94a":207,"93e8cee5":224,"75ffea08":200,"0f029727":207,"cc11fef9":214,"74f234c6":230,"e62d705f":189,"6e24d88b":193,"381c68fa":204,"d0c104c4":175,"906632cb":227,"b2cfdbcf":194,"731fc335":188,"49cb2959":210,"4bc46d7a":197,"3f75d3bc":225,"30b6808c":189,"74e3d13e":208,"4911acad":176,"8cddb65e":202,"35aa7fd0":211,"5e09f69e":222,"24a9fb86":217,"5eaa1581":196,"842c8340":204,"9e206c95":226,"f2ca27d9":213,"48efc739":219,"3661e12d":207,"1634789b":201,"fd6dcb20":210,"44a4f7cd":201,"f5596d0f":203,"c67979e6":227,"99e171db":195,"08c6b5d2":204,"8dd2684c":208,"bf822e33":203,"a5676c24":200,"ae99df30":181,"87083264":216,"a502c93c":199,"a5fd8ffd":211,"597c1f81":207,"0b3283c9":210,"f5cd79c1":216,"e45b4b53":191,"8dd649a3":202,"b935fc1c":198,"60e855ee":219,"317c1591":216,"159ffd0b":191,"6775d5cd":203,"c803b4a3":200,"04cc7cbe":192,"7a840529":197,"677c6a09":222,"80a8a56d":199,"1a2c020b":212,"b2c25d1c":206,"4e3f5178":221,"06ee61b6":193,"a836aa93":206,"d34a29b9":219,"e1f0dbfd":230,"8f9b74b0":188,"6490bac6":190,"08a06557":226,"9cb4697f":204,"0d28db94":196,"d815c5b4":234,"faf4f98b":208,"a567ace4":202,"55928ef1":192,"fe8f3d36":195,"7db3edda":202,"b5763ff6":186,"884b0ad1":196,"6e851762":199,"af0b61ab":206,"272c7672":216,"d744bee2":196,"9a07d89b":181,"eebc8d43":194,"f67de058":210,"ec11fe5f":188,"3310a049":208,"28d41578":211,"a24e6670":204,"1138796e":209,"95f6db13":204,"0114160e":194,"c4aa1e38":187,"e0e6a097":203,"358e45b1":202,"1ff8c2fc":204,"cfe72ead":191,"0ac825ed":212,"40569362":222,"b460f030":226,"bc392d1c":175,"73b15e04":196,"eed20185":215,"be1746a0":198,"5fa12feb":215,"04ea5673":200,"a577db1c":202,"51c57542":210,"0149e11a":190,"7e76c93c":204,"0b959527":192,"c650b434":206,"c015ec5a":208,"fce3c5c6":187,"30d84dce":177,"4279e829":222,"1f11812e":220,"74f234c6":231,"0af920d8":189,"751bcf25":195,"0841052c":218,"781ace7d":202,"3101354b":180,"7896b953":206,"a15713c6":224,"aa76bc50":172,"43bc86e3":205,"d5dae4c4":220,"17446892":200,"8d04852b":197,"c64de0c0":190,"40860a4b":182,"527ff946":211,"175bc6b2":185,"a1370ab0":200,"23760167":200,"47d27624":191,"d3e84616":204,"725dce8b":214,"5f7d7195":200,"22ecaed0":210,"aa9ea5e8":183,"9d63c4dd":203,"12012fbd":194,"f2f58418":191,"9d9dd9e5":192,"43d87483":204,"6c20c153":208,"ef91eaae":187,"1c0a9eff":193,"6034b6d0":214,"93b0a158":222,"ffa08d82":199,"d83870f5":198,"71bc1295":196,"a43061ee":193,"a40846b7":205,"3712c4bd":189,"71ff66e8":219,"014bdff0":214,"6d61bf13":190,"60e855ee":220,"8e4c33d2":194,"37d0cae2":198,"e57d5cda":190,"51a3e9c2":196,"c803b4a3":201,"7218c9f1":198,"abad2347":209,"acac14fb":188,"6b78ad7f":202,"6fb4cdda":220,"1247fa52":204,"a4296d1e":195,"f76a3e83":205,"9b172ca8":181,"0670c466":195,"51f57142":208,"2cb29e5a":214,"d3a669ac":217,"af0b61ab":207,"72d7b461":220,"a6626a13":186,"aaa274a5":202,"eb7b4e29":189,"ef1c2dcb":207,"78467b8a":202,"fe8f3d36":196,"0042f6eb":199,"cfafcda8":194,"ec11fe5f":189,"20958d58":193,"50b558a7":182,"820225e4":183,"1be05c14":206,"0114160e":195,"7732eb1e":228,"e0f7679f":190,"66554572":167,"cf84fb54":212,"ea274174":208,"92d38723":214,"c4aa1e38":188,"761cf820":213,"8c6e001f":177,"0ac825ed":213,"4ba6eb36":193,"8eb64769":207,"946df4fd":231,"d8475b95":179,"f1098793":218,"e6fac295":193,"7e8e1c3d":194,"79e4fa1c":207,"5fa12feb":216,"5f620a1e":205,"4295ce9a":205,"b5ce0c0c":213,"4e5aaaec":196,"d9d7c4c2":203,"547903ef":208,"3bad3c95":183,"ab7467de":224,"259930ee":210,"d141db49":199,"ca7d47f7":208,"d033db8d":218,"f883d582":186,"20e470e0":207,"dae0f922":210,"e62d705f":190,"31408822":192,"94a2fe10":214,"d8e58a8c":220,"3c0df8b4":225,"3a291497":182,"a5676c24":201,"a851891c":196,"fe44fc6f":189,"be149c6f":190,"68562193":206,"2132fe93":206,"31f6ba51":195,"b7cc7909":209,"aa9ea5e8":184,"74e3d13e":209,"12dd6f5e":187,"9c045c61":204,"25d1b2d8":207,"9a467a82":203,"8ec3834d":216,"0277d748":209,"ce3407dd":192,"8cc4a982":217,"affb82bf":224,"2b3e4717":206,"d9d0c567":211,"4cc141fa":171,"64a7f79f":212,"016953e4":220,"19f9ca86":207,"83086d4c":209,"6085137f":199,"8e4c33d2":195,"22aeaf03":199,"a40846b7":206,"4258c176":190,"abd32136":210,"d39724bc":202,"cb142908":193,"67d30f2b":193,"7a840529":198,"ae95f2ba":221,"a6b5e869":208,"69d4b754":192,"c4feee5b":211,"655954ba":198,"36380d96":203,"77300e4a":181,"288d171f":208,"9267f0ef":205,"2882a956":193,"1dad0f99":195,"53b4e647":203,"b3f19a69":189,"fea793f5":207,"00a17b46":206,"7e15f8e8":212,"217c0327":175,"2a387957":198,"1634789b":202,"835358a0":201,"6a3eaf43":217,"3062379b":193,"b7832271":217,"084cbc0b":190,"5a07fc2e":179,"bca2d7cd":203,"cd522166":215,"1745a0f4":215,"0e2b5d2f":206,"2352c8ef":211,"26009d3f":181,"de36827b":234,"1be05c14":207,"cf50e84e":198,"f5829ac0":214,"a24e6670":205,"411b5027":187,"8245f916":197,"a533489b":228,"b2a8761b":182,"554ebb83":210,"332820ce":222,"792c9b6a":186,"2e99f8fd":203,"99d130c9":199,"25a2844e":203,"05f6ab35":219,"9a07d89b":182,"5c82d1ce":204,"6490bac6":191,"2209903e":197,"0f029727":208,"aab4d996":194,"92136ff5":204,"8ea21393":184,"c4e70c07":195,"7e76c93c":205,"7bebff03":200,"dac109cf":199,"da3437cd":183,"ce3bf5db":200,"d6f0d94a":208,"655941a0":225,"4279e829":223,"30dbfc69":198,"0d5ee801":195,"c852d240":191,"b7cc7909":210,"a47abfbb":187,"6df0b2e8":228,"ed4fad08":212,"725dce8b":215,"51f80f4c":232,"e9adbe58":208,"83b2f9c5":215,"91f7ef72":190,"abc1d7ad":222,"a15713c6":225,"2dd0e808":195,"db8ba455":213,"313258f2":211,"6ebe2354":178,"4b4ef7fa":197,"3e602573":203,"812b4f15":191,"792cfcbd":204,"eed20185":216,"263762cb":188,"e45b4b53":192,"3712c4bd":190,"004f1ef3":246,"fb7b7b3c":216,"016953e4":221,"971675c5":212,"751acea8":190,"ddec9e54":199,"19e9776f":200,"104721f0":203,"b2c25d1c":207,"5be594be":195,"ebdbf580":210,"f598a332":189,"79f04300":205,"a836aa93":207,"ad303bda":206,"ee21ad02":230,"935ec056":198,"869cbaa0":218,"6775d5cd":204,"67c57de4":214,"124fbe96":202,"9c29f0ed":222,"50c468ba":190,"87c462ee":208,"6b82b527":206,"0d28db94":197,"e356abf1":216,"0785820e":204,"3661e12d":208,"8ec3834d":217,"77bae750":202,"140ce69e":190,"9a467a82":204,"a939b50b":197,"0670c466":196,"49902219":231,"4ed01268":192,"f5596d0f":204,"8cc4a982":218,"44a4f7cd":202,"39a2fcce":193,"2180f99b":193,"70bc8325":200,"284544ba":194,"5a07fc2e":180,"6a3eaf43":218,"1f7607df":186,"dd7acb96":209,"49910300":189,"1f88a4b7":225,"e8f173b5":209,"07fc4a9a":214,"7732eb1e":229,"26009d3f":182,"cf84fb54":213,"d102b0c6":184,"9260d96b":234,"b2a8761b":183,"d33790a2":230,"8323d333":188,"1ff8c2fc":205,"b8397293":193,"82204d54":200,"6a7392d5":183,"a567ace4":203,"25a2844e":204,"c45d554f":215,"a851554d":216,"efd23af5":189,"3bad3c95":184,"4eed1bea":211,"a81a857c":195,"93e8cee5":225,"ba30e43a":220,"f9f2c53f":182,"57167c74":190,"2b3c49b9":194,"1623fc9f":198,"f8b31ce5":223,"ce3bf5db":201,"0f89862c":188,"c6dc900c":172,"be3a10f8":231,"deb31f35":215,"d6d61bfc":215,"b7cc7909":211,"13747b82":210,"f94bf9ea":193,"6df0b2e8":229,"288a2c43":200,"e865e4dd":195,"3101354b":181,"65e4235b":208,"b28a5e67":232,"ec110282":238,"5ef93e5d":181,"aa76bc50":173,"064a99c8":207,"87ce8d1d":179,"3e602573":204,"a543ec74":185,"4b4ef7fa":198,"b2bd8fd3":179,"64a7f79f":213,"ea9bba6b":202,"d1676e89":202,"5623817d":189,"27f52ed3":222,"381c68fa":205,"430a5db5":206,"4ee62a26":189,"40a745c0":201,"1f11812e":221,"0c0e98ea":196,"74f234c6":232,"f598a332":190,"a3253019":197,"b3863630":193,"0dad37d5":216,"d815c5b4":235,"10ec5a0b":196,"1757a30e":193,"6034b6d0":215,"d4d5f466":194,"d7cb9bcf":193,"f0a06216":210,"ad303bda":207,"e6ec8cbf":217,"ef91eaae":188,"54d7de6b":227,"7e95c5a0":207,"e356abf1":217,"8fb236a9":196,"bb99c79c":198,"be4f8ba8":192,"39a2fcce":194,"fd6dcb20":211,"b8ab8e6e":197,"9c045c61":205,"36d340f2":177,"1634789b":203,"3661e12d":209,"e99318a3":200,"bad1a1cc":207,"6143f39d":208,"449d8475":181,"c6c85783":218,"084cbc0b":191,"d1ca5d6b":207,"2c627253":208,"1f7607df":187,"cbb54a0a":185,"fb7482fe":201,"fd07e0ed":210,"19f9ca86":208,"22aeaf03":200,"a77e127d":181,"6a60348e":199,"de36827b":235,"0114160e":196,"a8871ddf":194,"6c73ae98":175,"05642105":211,"28d41578":212,"5ee911b5":191,"5f8517b7":225,"e0e6a097":204,"b2a8761b":184,"80a8a56d":200,"4b4ecbce":188,"f76a3e83":206,"70594a28":204,"3007f31f":190,"49b358bd":210,"6bc5d32a":222,"a577db1c":203,"d25e0f8d":230,"c8fcad77":184,"51c57542":211,"44c77422":202,"2ad42a9e":225,"259930ee":211,"0a96f57a":198,"37a7d5b0":197,"719c8869":207,"6a7392d5":184,"8007f30e":181,"e5b1abc6":205,"c510bfd3":211,"7af262e5":234,"78b97937":224,"d78dd457":192,"47cfba38":184,"60d6cee2":196,"a2c334e7":221,"081460bf":201,"ed4fad08":213,"24a9fb86":218,"74e3d13e":210,"74c26380":225,"d33790a2":231,"554ebb83":211,"36fb15d2":219,"d8475b95":180,"bc392d1c":176,"cac4449a":199,"26c6fa34":194,"35b58ef9":192,"6be9332a":194,"aa00769b":213,"0a1d11e6":194,"8db5a165":200,"d8e58a8c":221,"61145ec9":224,"9d4da635":188,"20e470e0":208,"93683c82":191,"bb98a6cf":227,"56d315d8":185,"0d5ee801":196,"d0c104c4":176,"fd482491":230,"83b2f9c5":216,"ee75b607":198,"a85d89cc":207,"d83870f5":199,"7e95c5a0":208,"ef14000f":224,"bf30a08f":218,"1dad0f99":196,"54d7de6b":228,"4b125e7b":197,"619fda68":235,"7566fdd6":206,"11b74e63":207,"12dd6f5e":188,"37fbb107":210,"8dd2684c":209,"77bae750":203,"bda8cdfb":207,"e9adbe58":209,"0670c466":197,"6143f39d":209,"23760167":201,"d1715f3b":223,"91d52a55":200,"7080f122":194,"9a467a82":205,"254cc28c":209,"284544ba":195,"f4726450":190,"911e770b":200,"2d13e69b":195,"e356abf1":218,"c803b4a3":202,"77d35808":181,"363590c7":217,"f2470875":209,"2c5c1dc0":191,"a58bf525":200,"22aeaf03":201,"09f0db62":223,"a24e6670":206,"8298e976":220,"820225e4":184,"3c782bb3":204,"2cce4fb2":208,"bbe71605":182,"013ee301":196
1604737683805,"1b153aef":208,"cd95f558":203,"4f5e3e7d":193,"9e878ec2":205,"d0b297b2":199,"5acaa06f":177,"d102b0c6":185,"0eaf08da":203,"73b15e04":197,"b460f030":227,"c27969ec":192,"ad8f85d6":227,"dfc89705":193,"4cc141fa":172,"8dc9b4db":207,"eda6a690":200,"6085137f":200,"1da771fb":206,"6ce84ff8":189,"363590c7":218,"dc583e64":214,"383e232d":202,"fb7482fe":202,"6e851762":200,"af034fee":218,"8cf83787":180,"90731976":198,"0114160e":197,"6a60348e":200,"e8f173b5":210,"8298e976":221,"6db0ea86":185,"06073f13":212,"45b038bb":237,"08a4c3f8":208,"4b4ecbce":189,"3498f223":199,"dcf85091":193,"53431634":221,"69d4b754":193,"e1618359":207,"501db4de":202,"21ad2f34":219,"e2a7d915":175,"638cb163":222,"859545e6":196,"79e4fa1c":208,"a81a857c":196,"c45d554f":216,"7e76c93c":206,"c455f40e":195,"c015ec5a":209,"debe1f65":197,"30c5d755":213,"7b6a7048":200,"08a06557":227,"4f5e3e7d":194,"7a6aa4b6":207,"b2a8761b":185,"fa55f27a":210,"04612878":231,"b6aaf976":197,"9b546d65":190,"92ca52b7":214,"b102f7bd":206,"b2bd8fd3":180,"0eaf08da":204,"ad8f85d6":228,"288a2c43":201,"47cfba38":185,"c852d240":192,"0ecfa1c9":191,"24a9fb86":219,"6632fed0":209,"5957df9e":195,"558d5ce7":200,"5a0eb771":200,"d3e84616":205,"e99318a3":201,"2dda3936":192,"4d35385e":192,"9d9dd9e5":193,"9a467a82":206,"44a4f7cd":203,"f2364460":193,"d2a841c9":196,"aff8e442":207,"af157d29":200,"2c24d929":207,"aefe13f5":215,"751bcf25":196,"bb98a6cf":228,"7a9344a4":222,"30d84dce":178,"d70ca4f4":226,"5ccf94d6":206,"5272520d":204,"60e855ee":221,"c564e316":216,"016953e4":222,"3c43e8a2":214,"3a204e56":200,"93ac9ca3":202,"2203f259":210,"19551bad":195,"ba5c52af":195,"a66a2d8a":216,"dd3913d2":193,"a901627e":200,"a5fd8ffd":212,"74c26380":226,"810aa5e9":211,"fafb4cc2":249,"a5676c24":202,"2c6cb96f":172,"778c95e9":195,"272c7672":217,"72d7b461":221,"88b3bc99":188,"ef1c2dcb":208,"eb7b4e29":190,"2d13e69b":196,"e81834aa":232,"3310a049":209,"b84a06eb":197,"6291e9e9":214,"a8871ddf":195,"5678ed7b":212,"6db0ea86":186,"cd95f558":204,"6b78ad7f":203,"1a2c020b":213,"be2955bb":199,"972f4174":212,"77300e4a":182,"c85a0d80":200,"b215547b":189,"2209903e":198,"9d0546ac":188,"7e8e1c3d":195,"cc6bbe45":194,"f8b31ce5":224,"c455f40e":196,"7be025ce":196,"3007f31f":191,"0b959527":193,"4dac6b20":174,"cd421290":201,"a33fe0dd":210,"0f029727":209,"868cda42":203,"9260d96b":235,"336d0f08":210,"8d000d6e":195,"c4aa1e38":189,"5ee911b5":192,"554ebb83":212,"935ec056":199,"4d9b0b10":209,"ad303bda":208,"5acce642":218,"cf9f4757":210,"d1d40c9c":216,"6a5b71b4":188,"11b74e63":208,"ae95f2ba":222,"1bb4ccc0":201,"d929098e":175,"f7231212":197,"ef14000f":225,"290b4714":201,"be1746a0":199,"ac62fac2":219,"24d24fa3":193,"f94bf9ea":194,"5f6613c8":188,"081460bf":202,"71a2a493":172,"031e488e":216,"51f80f4c":233,"a2c334e7":222,"bda8cdfb":208,"b9a48a5c":179,"91d52a55":201,"08c6b5d2":205,"4469c815":179,"1d790491":206,"a77e8461":202,"36684155":206,"945b63f0":229,"f66616b7":206,"623c6a31":216,"650bb0e0":199,"d2a841c9":197,"c81b2bcf":187,"64a7f79f":214,"a543ec74":186,"2d382981":192,"0f72f2d8":205,"a4f1d83b":195,"8db62558":208,"4360a1a3":218,"40a745c0":202,"0af920d8":190,"9d4da635":189,"5cd3cfe0":188,"6b79fec2":192,"42191b64":178,"09ff339a":172,"25635c37":179,"f1dffa24":182,"be3a10f8":232,"9b546d65":191,"0042f6eb":200,"d78dd457":193,"2a4a402a":196,"2bcca6a7":221,"dfcc2ad1":225,"2dd0e808":196,"fd482491":231,"3c0df8b4":226,"aa867541":193,"a0cf08b3":162,"016953e4":223,"b769bdfb":200,"2d13e69b":197,"d0d6acb1":201,"4bcd4a30":216,"f4726450":191,"084cbc0b":192,"d552eb2f":206,"2c01e624":209,"66554572":168,"f5829ac0":215,"3c782bb3":205,"3498f223":200,"53431634":222,"8e99d5d0":239,"0a92153e":205,"cb51f134":212,"104721f0":204,"ab7d4c9a":198,"ccb5ea3e":184,"4e5aaaec":197,"bc09fa9e":204,"5ab7bc35":208,"b320feb9":209,"a851554d":217,"0f029727":210,"df81ddee":195,"a4dafea5":199,"32c9fc47":206,"489a39f7":203,"b36a0d66":189,"408bb2ed":204,"36fb15d2":220,"6f0fcb9d":208,"379184a7":226,"cd95f558":205,"0ac825ed":214,"60d6cee2":197,"7af9d3b1":205,"71279c46":205,"51f80f4c":234,"9f5e6cba":208,"24a9fb86":220,"61d4782d":197,"1d790491":207,"f87c5031":206,"91d52a55":202,"51f57142":209,"5957df9e":196,"0f1ac912":188,"865d9857":194,"c81b2bcf":188,"1d153b20":208,"50d129cf":200,"a63bddd4":248,"e15fd611":190,"12012fbd":195,"8a165e17":204,"a5676c24":203,"b0869206":207,"597c1f81":208,"ea4d3f3e":211,"ae99df30":182,"7a840529":199,"d7cb9bcf":194,"f56ac638":186,"53b4e647":204,"5eab91a0":207,"cb142908":194,"87c462ee":209,"e356abf1":219,"87083264":217,"0d7d88f1":201,"8c6e001f":178,"23080895":190,"48655f09":241,"12a2cd4b":202,"ac62fac2":220,"27c8e038":213,"0149e11a":191,"1623fc9f":199,"88fa53d6":182,"c45d554f":217,"caddd0a7":214,"c1bdfd41":199,"30d84dce":179,"74f234c6":233,"142d6987":195,"026766f3":200,"58d46189":215,"bb98a6cf":229,"110b1ee3":204,"a0b03218":214,"aa00769b":214,"05f6ab35":220,"f67de058":211,"8f10fa42":227,"8007f30e":182,"30c184b8":200,"7af262e5":235,"a0685bf3":223,"b28a5e67":233,"49cb2959":211,"b1f58563":204,"7ee148e9":193,"836701f6":203,"09ff339a":173,"c318d350":213,"c0b7e7d7":189,"5781776a":207,"d6320619":196,"84b67924":205,"72d7b461":222,"5747db6e":218,"70c1e715":210,"1f342a00":202,"0bd93cfd":167,"778c95e9":196,"4e3f5178":222,"be2955bb":200,"b215547b":190,"9b172ca8":182,"e9679ede":191,"9267f0ef":206,"f3992a31":222,"6db0ea86":187,"45fb95c1":206,"11888cfa":184,"a6bcb07e":193,"8298e976":222,"489a39f7":204,"411b5027":188,"332820ce":223,"408bb2ed":205,"36fb15d2":221,"a15713c6":226,"616d6dd6":198,"3f75d3bc":226,"aa187e3b":205,"91536e85":213,"42cd2360":169,"1bb4ccc0":202,"9496f56f":202,"d9d0c567":212,"4652b09a":209,"87cd2add":188,"b3f19a69":190,"9fce073c":201,"0bfabf48":193,"00cf385d":213,"9d4f1fe6":190,"f7231212":198,"53b4e647":205,"a502c93c":200,"2e99f8fd":204,"d0c0fc08":184,"92d38723":215,"792c9b6a":187,"03b4ab60":187,"5ac86fb9":209,"540df50f":214,"3c18f28e":201,"bfcb912a":203,"24a9fb86":221,"6df0b2e8":230,"a9b1bd51":163,"d957f027":201,"558d5ce7":201,"2dda3936":193,"a939b50b":198,"8dd2684c":210,"254cc28c":210,"8cc4a982":219,"50d129cf":201,"f3d68430":212,"a983a6dc":181,"4469c815":180,"794f652b":212,"48655f09":242,"6ebe2354":179,"e8d74304":188,"12271e14":209,"13f0e139":189,"2d382981":193,"e1f0dbfd":231,"f734c84c":224,"5a622a23":203,"4c39240e":218,"014460b9":227,"07107f6e":209,"79e4fa1c":209,"a81a857c":197,"3bad3c95":185,"547903ef":209,"e21c6207":206,"e3547548":191,"c4e70c07":196,"859545e6":197,"dbd2f139":210,"1e7753d9":211,"5cd3cfe0":189,"bb98a6cf":230,"0af920d8":191,"751bcf25":197,"61f25dd4":228,"a0b03218":215,"bd62d7ed":189,"8721056e":187,"20958d58":194,"70ee0491":187,"cfafcda8":195,"9a07d89b":183,"11b2c8d9":196,"71ff66e8":220,"014bdff0":215,"eafbf9fb":206,"a6626a13":187,"af0b61ab":208,"4bcd4a30":217,"6e851762":201,"2c01e624":210,"39ba00f0":205,"fd07e0ed":211,"e238f09b":220,"2c5c1dc0":192,"6b79fec2":193,"095ab3b4":207,"1951480c":187,"c0fea118":199,"8e780922":187,"e1618359":208,"b3863630":194,"f121b82c":213,"be2955bb":201,"c21ab51e":189,"de36827b":236,"f044c0e1":195,"28d41578":213,"2cce4fb2":209,"1438fad7":206,"0be540c5":206,"cf50e84e":199,"2c6cb96f":173,"313258f2":212,"d5dae4c4":221,"f905a555":192,"7ae34c64":194,"f789f6d8":198,"da04caac":217,"87c462ee":210,"8ac72326":197,"b0869206":208,"f56ac638":187,"e28c2efc":197,"d2466211":211,"ad2d7bed":212,"54d7de6b":229,"e57d5cda":191,"0bfabf48":194,"d4d5f466":195,"b9be31d6":214,"51a3e9c2":197,"91536e85":214,"8245f916":198,"2e99f8fd":205,"3a1b9af5":201,"50312237":205,"288afc30":216,"8f2a7d69":195,"5f8517b7":226,"a1370ab0":201,"13747b82":211,"725dce8b":216,"40860a4b":183,"5a734022":185,"03b4ab60":188,"a2c334e7":223,"a983a6dc":182,"cf775f58":209,"8547fbc2":189,"394dc144":188,"22176537":208,"8ec3834d":218,"53a8613c":217,"21ee2afe":217,"e99318a3":202,"f3d68430":213,"f66616b7":207,"064a99c8":208,"5a622a23":204,"27d8bf51":202,"92136ff5":205,"44ff8baa":206,"d9f512b9":215,"7b6a7048":201,"719c8869":208,"df81ddee":196,"fce3c5c6":188,"c455f40e":197,"d6f0d94a":209,"638cb163":223,"b7505747":205,"a577db1c":204,"dbd2f139":211,"6e24d88b":194,"20e470e0":209,"40a745c0":203,"a543ec74":187,"59c1e594":187,"64a7f79f":215,"812b4f15":192,"a43061ee":194,"ae8a09c4":217,"a0685bf3":224,"55928ef1":193,"f5e8dfee":215,"6c486702":209,"92ca52b7":215,"c6dc900c":173,"5f4102da":209,"6143f39d":210,"c98d5272":192,"9c045c61":206,"6a3eaf43":219,"5a07fc2e":181,"c0e2624b":199,"2c01e624":211,"b947257e":212,"ea822700":199,"084cbc0b":193,"5099c6a0":228,"f2470875":210,"578f6e9e":217,"c318d350":214,"f1dffa24":183,"004f1ef3":247,"836701f6":204,"d70ca4f4":227,"58d46189":216,"751bcf25":198,"1a68160d":205,"7f86be64":195,"1247fa52":205,"0dad37d5":217,"696fdac5":219,"80a8a56d":201,"4e3f5178":223,"6291e9e9":215,"820225e4":185,"8b2b601d":213,"7896b953":207,"a5fd8ffd":213,"d8e58a8c":222,"61145ec9":225,"d9a64845":207,"345c9967":197,"313258f2":213,"a85d89cc":208,"cb4f262b":192,"1bb4ccc0":203,"76f94eda":207,"629800eb":212,"04cc7cbe":193,"d9dcdc4b":217,"66554572":169,"e0f7679f":191,"0be540c5":207,"3a1b9af5":202,"f9c15fcc":199,"6f0fcb9d":209,"d102b0c6":186,"e9a8cf11":204,"ed4fad08":214,"3a1d1632":181,"40860a4b":184,"61d4782d":198,"e4714415":225,"74e3d13e":211,"36b7003c":226,"b8ab8e6e":198,"21ee2afe":218,"02d4753e":216,"b8397293":194,"358e45b1":203,"e21c6207":207,"2b3c49b9":195,"c8fcad77":185,"26dd2000":220,"a851554d":218,"88fa53d6":183,"261c9911":223,"4c39240e":219,"c1bdfd41":200,"c455f40e":198,"3ef7432b":203,"0b959527":194,"4577b333":212,"b5ce0c0c":214,"9c58dd76":197,"ae8a09c4":218,"b2bd8fd3":181,"12271e14":210,"8eb64769":208,"804d4dfa":193,"6ebe2354":180,"67c57de4":215,"aa187e3b":206,"cb142908":195,"c0b23081":230,"ea4d3f3e":212,"385ab7c6":214,"0d770b97":209,"b9be31d6":215,"a0685bf3":225,"2bcca6a7":222,"6c486702":210,"cd522166":216,"13b53c7a":208,"4c0e547b":213,"8007f30e":183,"f5596d0f":205,"bda8cdfb":209,"2a387957":199,"0277d748":210,"d957f027":202,"ec2cb1af":212,"a9b1bd51":164,"b9a48a5c":180,"ccf8b803":208,"d6320619":197,"f2ca27d9":214,"0bd93cfd":168,"2a06ab95":217,"72d7b461":223,"88b3bc99":189,"ea822700":200,"98915a1f":193,"2c627253":209,"263762cb":189,"3c43e8a2":215,"a40846b7":207,"d0c104c4":177,"e62d705f":191,"7cd0ad7b":213,"1e7753d9":212,"66497c7e":195,"c3e6ef01":205,"180377be":195,"dcf85091":194,"90a06ee9":212,"9b172ca8":183,"9267f0ef":207,"ebdbf580":211,"be2955bb":202,"c564e316":217,"d599b566":216,"0b3283c9":211,"42191b64":179,"a901627e":201,"52eca0dc":213,"dc03ebd2":220,"abc1d7ad":223,"43bc86e3":206,"45b5746e":201,"2dd0e808":197,"11888cfa":185,"8aa78e2f":184,"0b5a0408":215,"88a30343":207,"e8f173b5":211,"2cce4fb2":210,"bbe71605":183,"5eaa1581":197,"64db4feb":221,"dc473de1":186,"4125085e":213,"aec4e1bf":209,"9b3f8714":211,"42c80e69":211,"b4fdf90e":213,"9260d96b":236,"554ebb83":213,"2e99f8fd":206,"5ee911b5":193,"34658473":201,"49bf2e95":193,"5e193fc8":200,"bfad1727":185,"44ff8baa":207,"2209903e":199,"ab7467de":225,"08a06557":228,"44c77422":203,"21e10a2b":204,"7be025ce":197,"0149e11a":192,"e1f0dbfd":232,"04ea5673":201,"e3547548":192,"638cb163":224,"c0b0f492":206,"8eb64769":209,"9fc713b0":217,"56752a4a":190,"12271e14":211,"12a2cd4b":203,"946df4fd":232,"1c3a30c5":212,"9c29f0ed":223,"d39724bc":203,"a502c93c":201,"10ec5a0b":197,"3b2dee89":190,"4d9b0b10":210,"04cc7cbe":194,"ef91eaae":189,"37d0cae2":199,"9fce073c":202,"f1df62b4":208,"730a4938":185,"2882a956":194,"30b6808c":190,"fe8f3d36":197,"0f89862c":189,"20958d58":195,"0042f6eb":201,"7af262e5":236,"815e4582":209,"9d9dd9e5":194,"6adce358":226,"aff8e442":208,"865d9857":195,"217c0327":176,"8a52882e":208,"5f7d7195":201,"53a8613c":218,"2a387957":200,"a77e8461":203,"7d6895f4":214,"25a7a0a3":181,"9a467a82":207,"2c01e624":212,"9ab755d3":193,"84b67924":206,"6751d8e4":215,"e58b26f6":219,"cbb54a0a":186,"383e232d":203,"430a5db5":207,"30fdcd3b":208,"751acea8":191,"40a745c0":204,"7cd0ad7b":214,"74f234c6":234,"906632cb":228,"655954ba":199,"a3253019":198,"19f9ca86":209,"8dc9b4db":208,"d1676e89":203,"c318d350":215,"5099c6a0":229,"42191b64":180,"eda6a690":201,"c6dc900c":174,"be3a10f8":233,"a0cf08b3":163,"fe44fc6f":190,"d9d0c567":213,"6023df54":197,"012de09c":199,"a5fd8ffd":214,"65e4235b":209,"7732eb1e":230,"0be540c5":208,"69f3bfcc":194,"9b3f8714":212,"42c80e69":212,"5774ac0d":210,"a47abfbb":188,"031e488e":217,"72805bf5":195,"af034fee":219,"2d1e1e9d":217,"8d753bb6":202,"e36dfd6f":209,"045f280d":207,"e0e6a097":205,"d33790a2":232,"b35e9e1a":248,"c7c4ec5c":186,"d0e9a58e":214,"f2086446":188,"e7abc88d":188,"3498f223":201,"b3863630":195,"4b4ecbce":190,"93e8cee5":226,"bfad1727":186,"4def63ee":184,"c455f40e":199,"547903ef":210,"ea6de194":212,"ab7467de":226,"014460b9":228,"30c5d755":214,"e21c6207":208,"4c39240e":220,"4eed1bea":212,"92f800f5":227,"b7505747":206,"50312237":206,"8f2a7d69":196,"a636f4c9":222,"b460f030":228,"0d7d88f1":202,"ba586505":217,"cb142908":196,"730a4938":186,"0bfabf48":195,"e6ec8cbf":218,"87083264":218,"04cc7cbe":195,"753ca352":203,"d39724bc":204,"597c1f81":209,"2b698053":208,"e4c312fe":209,"5b5fc566":203,"2a4a402a":197,"458dcc3d":217,"64a7f79f":216,"ac62fac2":221,"56752a4a":191,"794f652b":213,"842c8340":205,"77f31bab":215,"51f57142":210,"aff8e442":209,"be4f8ba8":193,"f66616b7":208,"53a8613c":219,"99e171db":196,"01d817b8":185,"8dd2684c":211,"5a0eb771":201,"1d153b20":209,"0277d748":211,"ef1c2dcb":209,"fd369c21":207,"0fc5ac7e":229,"a6626a13":188,"fd07e0ed":212,"d552eb2f":207,"a0bc1ceb":194,"db703021":203,"0d5ee801":197,"430a5db5":208,"9316e7e8":170,"30fdcd3b":209,"cd3bbe7e":201,"4360a1a3":219,"d1676e89":204,"c0b7e7d7":190,"c95719e5":189,"e45b4b53":193,"93ac9ca3":203,"1da771fb":207,"3c43e8a2":216,"13b53c7a":209,"be3a10f8":234,"70ee0491":188,"733c86f8":213,"6c524f99":211,"6c486702":211,"731fc335":189,"83b2f9c5":217,"b28a5e67":234,"195eb771":199,"537634c9":181,"810aa5e9":212,"c91966ce":200,"9ab755d3":194,"57d5dee8":201,"5ac86fb9":210,"a24e6670":207,"1138796e":210,"1f88a4b7":226,"e7e82473":225,"a6bcb07e":194,"45fb95c1":207,"cf84fb54":214,"1a68160d":206,"3498f223":202,"fe578280":192,"145c7559":184,"80a8a56d":202,"d548635d":207,"f76a3e83":207,"8f9b74b0":189,"f8b31ce5":225,"44ff8baa":208,"2154b6e8":194,"20777945":197,"b320feb9":210,"14c682eb":200,"b6ee137a":199,"00554ffd":210,"cfe72ead":192,"3652bd66":200,"358e45b1":204,"fa55f27a":211,"6f0fcb9d":210,"50312237":207,"fea793f5":208,"0785820e":205,"935ec056":200,"7a4c064c":208,"d1d40c9c":217,"124fbe96":203,"8ac72326":198,"d4d5f466":196,"e57d5cda":192,"c0b23081":231,"e4cfef0a":192,"8fb236a9":197,"e356abf1":220,"faf4f98b":209,"eed20185":217,"d8475b95":181,"2c24d929":208,"a636f4c9":223,"4cc141fa":173,"c6e3d352":209,"4b4ef7fa":199,"68562193":207,"35aa7fd0":212,"b230e8d3":206,"181c3dd5":202,"9f5e6cba":209,"d957f027":203,"a1921150":215,"affb82bf":225,"77f31bab":216,"8cc4a982":220,"e99318a3":203,"f2f58418":192,"ce3407dd":193,"bb99c79c":199,"1634789b":204,"2cb29e5a":215,"25d1b2d8":208,"175bc6b2":186,"558d5ce7":202,"0d2a1c58":196,"70bc8325":201,"8657c79d":198,"638cb163":225,"21e10a2b":205,"92f800f5":228,"27d8bf51":203,"d9d7c4c2":204,"c455f40e":200,"026766f3":201,"4279e829":224,"f883d582":187,"8942c35b":200,"74f234c6":235,"142d6987":196,"be40590d":201,"c318d350":216,"b769bdfb":201,"317c1591":217,"ec11fe5f":190,"5f4102da":210,"eebc8d43":195,"cfafcda8":196
1604737684345,"80a8a56d":203,"53431634":223,"fe578280":193,"b2c25d1c":208,"9f2b16a7":215,"501db4de":203,"5e193fc8":201,"b87158fb":195,"30c184b8":201,"0f89862c":190,"8a165e17":205,"b28a5e67":235,"f789f6d8":199,"012de09c":200,"4abb7aed":198,"49cb2959":212,"4bc46d7a":198,"20777945":198,"c015ec5a":210,"3007f31f":192,"27d8bf51":204,"aab4d996":195,"40e79dd3":205,"2154b6e8":195,"4eed1bea":213,"805af3c7":200,"4def63ee":185,"feb67030":186,"ccb5ea3e":185,"4577b333":213,"b5ce0c0c":215,"6775d5cd":205,"0bfabf48":196,"aa187e3b":207,"753ca352":204,"1757a30e":194,"4d9b0b10":211,"9cb4697f":205,"3b2dee89":191,"a85d89cc":209,"e6ec8cbf":219,"cf9f4757":211,"67d30f2b":194,"9fce073c":203,"10ec5a0b":198,"d0c104c4":178,"a4f1d83b":196,"b7434f57":165,"40a745c0":205,"467773ac":193,"1f7607df":188,"7db3edda":203,"f069bb07":205,"0fc5ac7e":230,"906632cb":229,"9316e7e8":171,"c85a0d80":201,"9d023afb":202,"f5e8dfee":216,"30c184b8":202,"2a76f1dd":177,"2a4a402a":198,"a567ace4":204,"eebc8d43":196,"74c26380":227,"7ae34c64":195,"731fc335":190,"c5b35e4d":185,"696fdac5":220,"80a8a56d":204,"1247fa52":206,"c4feee5b":212,"c7313e0a":212,"b7cc7909":212,"bfcb912a":204,"c9efc8f6":202,"9f5e6cba":210,"76f3a3be":212,"42c80e69":213,"5e09f69e":223,"15620dca":221,"0670c466":198,"bc021def":202,"77bae750":204,"9d63c4dd":204,"f87c5031":207,"172217e5":216,"aff8e442":210,"cb6c9e42":226,"d6320619":198,"48efc739":220,"09560615":189,"fd6dcb20":212,"7e15f8e8":213,"f1dffa24":184,"82868763":201,"d1676e89":205,"1951480c":188,"8ea21393":185,"4e5aaaec":198,"c8fcad77":186,"fb8bfb36":227,"aab4d996":196,"2ad42a9e":226,"8f13c203":187,"bc09fa9e":205,"ce3bf5db":202,"77898c22":178,"3fdb08f5":200,"92f800f5":229,"d25e0f8d":231,"d9d7c4c2":205,"3c0df8b4":227,"fafb4cc2":250,"906fdec3":184,"dd035d2a":194,"aa187e3b":208,"621d6b18":212,"04bef50c":176,"6f39f4d9":215,"54d7de6b":230,"c803b4a3":203,"4b125e7b":198,"1a442bc7":180,"00a17b46":207,"95d331b1":200,"91536e85":215,"bec9d329":225,"a06a6430":216,"385ab7c6":215,"d634aa28":209,"0c0e98ea":197,"4360a1a3":220,"383e232d":204,"9147702f":193,"2c627253":210,"b7832271":218,"dd7acb96":210,"9fa62fee":193,"c793cdda":213,"6f81493d":191,"e62d705f":192,"7a9344a4":223,"4ee62a26":190,"bbe71605":184,"a8871ddf":196,"d36125db":208,"45fb95c1":208,"66554572":170,"b552beb3":216,"3310a049":210,"fe0df575":218,"6585adbe":183,"1ff8c2fc":206,"379184a7":227,"4ea4a2a1":230,"0ac825ed":215,"608bc832":171,"946df4fd":233,"aa00769b":215,"6be9332a":195,"792cfcbd":205,"35b58ef9":193,"dfc89705":194,"9c58dd76":198,"78b97937":225,"2bcca6a7":223,"a567ace4":205,"70ee0491":189,"1745a0f4":216,"c6dc900c":175,"50b558a7":183,"69134f07":190,"501db4de":204,"c4feee5b":213,"972f4174":213,"9b172ca8":184,"470d50c2":215,"f121b82c":214,"be149c6f":191,"57d5dee8":202,"72805bf5":196,"5774ac0d":211,"a47abfbb":189,"3c18f28e":202,"32133249":207,"c6c85783":219,"7e15f8e8":214,"22176537":209,"36684155":207,"21ee2afe":219,"c81b2bcf":189,"ac38a6a5":213,"1634789b":205,"217c0327":177,"8547fbc2":190,"50d129cf":202,"48efc739":221,"f2f58418":193,"f87c5031":208,"3712c4bd":191,"6d61bf13":191,"3f2522c2":220,"c0b7e7d7":191,"2c5c1dc0":193,"22aeaf03":202,"c318d350":217,"2ad42a9e":227,"79e4fa1c":210,"4295ce9a":206,"2b3c49b9":196,"25776fc4":212,"da3437cd":184,"5f620a1e":206,"44ff8baa":209,"8f13c203":188,"f734c84c":225,"7e76c93c":207,"14c682eb":201,"3fdb08f5":201,"2c6cb96f":174,"5f0c1b9d":204,"ef8987d7":186,"ae016053":230,"dc03ebd2":221,"2dd0e808":198,"e865e4dd":196,"e0e48a2d":202,"87cd2add":189,"f56ac638":188,"0d28db94":198,"9d4f1fe6":191,"d7cb9bcf":195,"a6b5e869":209,"5b5fc566":204,"6f39f4d9":216,"753ca352":205,"d39724bc":205,"7a840529":200,"259930ee":212,"7db3edda":204,"f4726450":192,"5747db6e":219,"508aac3d":207,"b7832271":219,"7028b044":202,"92efd84f":206,"d0c104c4":179,"059d6c19":213,"7cd0ad7b":215,"56d315d8":186,"902f49f5":201,"c3e6ef01":206,"110b1ee3":205,"ce4da56f":211,"06ddafc7":183,"1f88a4b7":227,"90731976":199,"d36125db":209,"17b08923":201,"045f280d":208,"1b153aef":209,"8493f3b2":202,"02d4753e":217,"50312237":208,"4ea4a2a1":231,"0ac825ed":216,"761cf820":214,"74e01f6a":203,"8eb64769":210,"a5aee5de":232,"ac62fac2":222,"48655f09":243,"c803b4a3":204,"37d0cae2":200,"20958d58":196,"05f6ab35":221,"a567ace4":206,"fe8f3d36":198,"d78dd457":194,"cd522166":217,"e35a63cd":203,"1a68160d":207,"8e99d5d0":240,"5be594be":196,"69d4b754":194,"f33c0140":212,"69134f07":191,"e0154608":210,"9b3f8714":213,"5774ac0d":212,"42c80e69":214,"bb8a6337":193,"68562193":208,"51f80f4c":235,"13747b82":212,"b8ab8e6e":199,"97e75c19":208,"18815a1b":200,"36684155":208,"aff8e442":211,"8cc4a982":221,"ac38a6a5":214,"794f652b":214,"9c045c61":207,"c67979e6":228,"a63bddd4":249,"8a52882e":209,"3454fa2b":179,"be1746a0":200,"0f72f2d8":206,"71ff66e8":221,"39bbc4bc":201,"f2470875":211,"eda6a690":202,"3712c4bd":192,"19f9ca86":210,"c95719e5":190,"72b84094":232,"e2a7d915":176,"a5676c24":204,"61145ec9":226,"810aa5e9":213,"906fdec3":185,"ec110282":239,"d5dae4c4":222,"abc1d7ad":224,"1c0a9eff":194,"d39724bc":206,"935ec056":201,"40e79dd3":206,"0b959527":195,"4dac6b20":175,"4fd645f1":202,"e21c6207":209,"2ad42a9e":228,"d141db49":200,"2b3c49b9":197,"7e76c93c":208,"c4e70c07":197,"df2b4d87":191,"ffc86f94":193,"315537b2":210,"26c390d6":210,"d552eb2f":208,"2d54e0a8":208,"50c3164b":225,"dd7acb96":211,"d3a669ac":218,"c793cdda":214,"cc11fef9":215,"26ed1a5c":200,"db703021":204,"d634aa28":210,"30fdcd3b":210,"f4634d0b":200,"6f81493d":192,"d9dcdc4b":218,"013ee301":197,"de36827b":237,"ce4da56f":212,"a3d4a0e5":213,"411b5027":189,"11888cfa":186,"36fb15d2":222,"5a0ead91":183,"5ee911b5":194,"a533489b":229,"f1862e79":177,"50312237":209,"31f6d707":220,"b3f19a69":191,"9f74b8a4":186,"a502c93c":202,"7218c9f1":199,"abd32136":211,"2882a956":195,"1757a30e":195,"e4cfef0a":193,"ef91eaae":190,"53b4e647":206,"1dad0f99":197,"cd522166":218,"13b53c7a":210,"a8c93bed":201,"70ee0491":190,"0042f6eb":202,"afe8e06a":189,"9a3ab0b8":201,"5be594be":197,"f76a3e83":208,"fe578280":194,"2e3503e4":214,"1ed46298":216,"31f6ba51":196,"8d04852b":198,"51f80f4c":236,"162a7348":203,"71279c46":206,"6632fed0":210,"cb6c9e42":227,"77bae750":205,"eeaa2d46":221,"8ec3834d":219,"546f6845":200,"c21ab51e":190,"704bce0d":196,"4b4ecbce":191,"baebb391":214,"f1098793":219,"59c1e594":188,"87922532":231,"03c398d2":215,"dd1fcb17":190,"9fc713b0":218,"7ee148e9":194,"6b79fec2":194,"3e082b37":194,"fb7b7b3c":217,"b769bdfb":202,"3f2522c2":221,"a40846b7":208,"3c0df8b4":228,"d9a64845":208,"71ba7561":174,"5f96c2bc":199,"6e44927f":201,"95904ac4":221,"d5dae4c4":223,"21ad2f34":220,"df81ddee":197,"4295ce9a":207,"261c9911":224,"24ffcbd3":227,"3b7763b1":183,"4577b333":214,"85de05f2":197,"7be025ce":198,"6490bac6":192,"65a00a3c":194,"719c8869":209,"66d94227":198,"217c0327":178,"cf775f58":210,"bc021def":203,"527ff946":212,"88432019":195,"bad1a1cc":208,"25a7a0a3":182,"558d5ce7":203,"508aac3d":208,"c0e2624b":200,"3c6692a3":224,"2d13e69b":198,"0fc5ac7e":231,"92efd84f":207,"5a07fc2e":182,"4777334c":201,"75ffea08":201,"059d6c19":214,"1be05c14":208,"de36827b":238,"6a60348e":201,"90731976":200,"e0f7679f":192,"54a676d6":202,"6db0ea86":188,"b2a8761b":186,"40569362":223,"67f6e4f2":177,"358e45b1":205,"db0a661e":197,"cd95f558":206,"06073f13":213,"58d46189":217,"b7434f57":166,"e62d705f":193,"cd3bbe7e":202,"ddec9e54":200,"6f81493d":193,"ee75b607":199,"9d4f1fe6":192,"d929098e":176,"e28c2efc":198,"bec9d329":226,"2882a956":196,"621d6b18":213,"0bfabf48":197,"bb00e71c":193,"ffa08d82":200,"bd2705b0":209,"f7231212":199,"a06a6430":217,"cb142908":197,"fe8f3d36":199,"78b97937":226,"cd522166":219,"bc3dc66a":206,"b230e8d3":207,"c64de0c0":191,"af034fee":220,"031e488e":218,"bb8a6337":194,"5eaa1581":198,"1247fa52":207,"a836aa93":208,"cb51f134":213,"655954ba":200,"f121b82c":215,"754f98c9":223,"0a92153e":206,"064a99c8":209,"3e602573":205,"87ce8d1d":180,"ac62fac2":223,"64a7f79f":217,"23080895":191,"a0bc1ceb":195,"263762cb":190,"b8488fc8":209,"e5b1abc6":206,"c6dc900c":176,"bd62d7ed":190,"a901627e":202,"6e44927f":202,"2c6cb96f":175,"012de09c":201,"00a481e3":217,"731fc335":191,"dd035d2a":195,"51c57542":212,"bfad1727":187,"5c82d1ce":205,"e1571af7":194,"c650b434":207,"2af60749":216,"93e8cee5":227,"805af3c7":201,"0149e11a":193,"36b7003c":227,"39a2fcce":195,"97e75c19":209,"0277d748":212,"be4f8ba8":194,"cf775f58":211,"f2ca27d9":215,"e15fd611":191,"650bb0e0":200,"4d35385e":193,"7e15f8e8":215,"ef8321d8":208,"6d5fcd4c":201,"8dd2684c":212,"2f455cce":201,"1f7607df":189,"884b0ad1":197,"88b3bc99":190,"cbb54a0a":187,"f4726450":193,"1f342a00":203,"b5ce0c0c":216,"c45d554f":218,"ca7d47f7":209,"259930ee":213,"d6f0d94a":210,"a58bf525":201,"b1f58563":205,"312f7676":222,"b935fc1c":199,"8e4c33d2":196,"a40846b7":209,"8cf83787":181,"95bc84f1":187,"26009d3f":183,"3310a049":211,"6db0ea86":189,"a8871ddf":197,"868edcc0":215,"1b153aef":210,"b8397293":195,"8493f3b2":203,"288afc30":217,"3d1af513":212,"8323d333":189,"6585adbe":184,"66b7b5b4":198,"04bef50c":177,"e382ec3f":187,"9fce073c":204,"a502c93c":203,"76f94eda":208,"30b6808c":191,"a6b5e869":210,"753ca352":206,"b3f19a69":192,"6b82b527":207,"93b9fae6":195,"9f74b8a4":187,"95d331b1":201,"87cd2add":190,"1f11812e":222,"3f9b5722":185,"30fdcd3b":211,"74f234c6":236,"58d46189":218,"be40590d":202,"bb8a6337":195,"5e09f69e":224,"ab7d4c9a":199,"d34a29b9":220,"c0fea118":200,"468fc85c":209,"56752a4a":192,"a43061ee":195,"12271e14":212,"26c6fa34":195,"04612878":232,"cac4449a":200,"0dad37d5":218,"f598a332":191,"168e75d9":204,"3498f223":203,"fee32863":207,"c463799d":202,"8f10fa42":228,"a8c93bed":202,"cd522166":220,"9d023afb":203,"eebc8d43":197,"d5dae4c4":224,"f3a0c2ee":200,"69eeae0d":180,"195eb771":200,"a15713c6":227,"56473430":213,"3c0df8b4":229,"c650b434":208,"70594a28":205,"3007f31f":193,"5c82d1ce":206,"68562193":209,"31d74eee":197,"dcfaba4c":202,"4469c815":181,"91d52a55":203,"8d04852b":199,"c93c3508":189,"a1921150":216,"7d6895f4":215,"fd369c21":208,"3c6692a3":225,"8a52882e":210,"6632fed0":211,"bc021def":204,"5747db6e":220,"546f6845":201,"c6c85783":220,"fd07e0ed":213,"79e4fa1c":211,"638cb163":226,"4dac6b20":176,"62d1d346":183,"daab45c6":189,"28d40296":176,"7e76c93c":209,"65a00a3c":195,"71ff66e8":222,"695a2b92":191,"83086d4c":210,"8dc9b4db":209,"fe1d4419":202,"22aeaf03":203,"4ff2225d":201,"8aa78e2f":185,"95d3d348":191,"28d41578":214,"f277386e":173,"1db42092":207,"489a39f7":205,"67f6e4f2":178,"0d2c95fe":207,"06073f13":214,"ef16ca37":194,"50312237":210,"8f13c203":189,"30c5d755":215,"f1b493de":226,"7fef9973":199,"2882a956":197,"d815c5b4":236,"00a17b46":208,"c38c2b52":200,"a6b5e869":211,"4f59a322":211,"385ab7c6":216,"93b0a158":223,"b73e789c":182,"f56ac638":189,"af7e5be8":210,"1a442bc7":181,"c8113b77":188,"430a5db5":209,"0841052c":219,"20e470e0":210,"93683c82":192,"a68a93b2":200,"cd3bbe7e":203,"d1715f3b":224,"650bb0e0":201,"084cbc0b":194,"7028b044":203,"815e4582":210,"f5596d0f":206,"416a9e97":196,"d1ca5d6b":208,"3c18f28e":203,"31f6ba51":197,"03b4ab60":189,"540df50f":215,"9f2b16a7":216,"9263c525":210,"00554ffd":211,"a533489b":230,"01cd8099":221,"9c58dd76":199,"0eaf08da":205,"2c24d929":209,"e6fac295":194,"d8475b95":182,"dd1fcb17":191,"b2c25d1c":209,"fe578280":195,"696fdac5":221,"77300e4a":183,"5e193fc8":202,"1e232870":215,"cfafcda8":197,"78467b8a":203,"2bcca6a7":224,"fee32863":208,"2a4a402a":199,"9a3ab0b8":202,"0e2b5d2f":207,"42cd2360":170,"45b5746e":202,"71ba7561":175,"a851891c":197,"ec110282":240,"a5676c24":205,"7e8e1c3d":196,"031e488e":219,"57d5dee8":203,"5a734022":186,"47d27624":192,"23760167":202,"84369269":190,"d1715f3b":225,"91d52a55":204,"d6320619":199,"22ecaed0":211,"77f31bab":217,"140ce69e":191,"650bb0e0":202,"2b3e4717":207,"f3d68430":214,"623c6a31":217,"dfa1a89b":196,"d1ca5d6b":209,"b5763ff6":187,"fd369c21":209,"f4726450":194,"d0d6acb1":202,"4eed1bea":214,"ded7da5a":210,"df81ddee":198,"6490bac6":193,"da3437cd":185,"a577db1c":205,"efd23af5":190,"d6f0d94a":211,"971675c5":213,"6b79fec2":195,"83086d4c":211,"6085137f":201,"004f1ef3":248,"f2470875":212,"ea9bba6b":203,"8cf83787":182,"a3d4a0e5":214,"f5829ac0":216,"1438fad7":207,"e8f173b5":212,"489a39f7":206,"b36a0d66":190,"ba30e43a":221,"b7505747":207,"49b358bd":211,"7043382d":198,"ffc86f94":194,"4bc46d7a":199,"a502c93c":204,"9c29f0ed":224,"67d30f2b":195,"87cd2add":191,"6c20c153":209,"87083264":219,"597c1f81":210,"5acce642":219,"91536e85":216,"f0a06216":211,"37d0cae2":201,"4930f321":194,"e6ec8cbf":220,"e4cfef0a":194,"906632cb":230,"58d46189":219,"059d6c19":215,"56d315d8":187,"dbd2f139":212,"c3e6ef01":207,"0841052c":220,"7db3edda":205,"fd07e0ed":214,"4911acad":177,"06073f13":215,"8245f916":199,"45b038bb":238,"7a2f3f06":189,"36fb15d2":223,"0ac825ed":217,"2e99f8fd":207,"24d24fa3":194,"2c24d929":210,"48655f09":244,"17807120":189,"dd1fcb17":192,"ad8f85d6":229,"a0bc1ceb":196,"4e3f5178":224,"9267f0ef":208,"dcf85091":195,"a66a2d8a":217,"062179c1":199,"f67de058":212,"7af262e5":237,"831c7b85":206,"8b5a8e9f":205,"2352c8ef":212,"aa867541":194,"0a1d11e6":195,"36380d96":204,"f598a332":192,"06ee61b6":194,"c7313e0a":213,"e4714415":226,"7af9d3b1":206,"bfcb912a":205,"3c18f28e":204,"aec4e1bf":210,"a6003226":203,"2a387957":201,"6e98dfda":213,"91d52a55":205,"1634789b":206,"36b7003c":228,"8dd2684c":213,"650bb0e0":203,"ef8321d8":209,"8ec3834d":220,"865d9857":196,"e9adbe58":210,"affb82bf":226,"25a7a0a3":183,"217c0327":179,"e21c6207":210,"ded7da5a":211,"20777945":199,"daab45c6":190,"8274885a":194,"f5cd79c1":217,"dc583e64":215,"3e082b37":195,"b935fc1c":200,"22aeaf03":204,"ea9bba6b":204,"0d2c95fe":208,"28d41578":215,"8d753bb6":203,"e7e82473":226,"4e5aaaec":199,"ccb5ea3e":186,"201cafad":199,"04ea5673":202,"aa021138":227,"b7505747":208,"4577b333":215,"25776fc4":213,"44c77422":204,"4c39240e":221,"3101354b":182,"5f96c2bc":200,"345c9967":198,"fd482491":232,"ef8987d7":187,"93b0a158":224,"7a840529":201,"ee21ad02":231,"e4cfef0a":195,"7fef9973":200,"93b9fae6":196,"6775d5cd":206,"30b6808c":192,"935ec056":202,"621d6b18":214,"abd32136":212,"290b4714":202,"f0a06216":212,"faf4f98b":210,"3f9b5722":186,"6e24d88b":195,"f1b493de":227,"31408822":193,"20e470e0":211,"059d6c19":216,"be40590d":203,"084cbc0b":195,"39ba00f0":206,"ea822700":201,"778c95e9":197,"7db3edda":206,"b7832271":220,"d0d6acb1":203,"0114160e":198,"bab97de3":206,"b84a06eb":198,"9263c525":211,"7ae3fc50":183,"08a4c3f8":209,"1ff8c2fc":207,"358e45b1":206,"5a0ead91":184,"cfe72ead":193,"6be9332a":196,"cac4449a":201,"cf52025e":202,"b2bd8fd3":182,"12a2cd4b":204,"dd1fcb17":193,"13f0e139":190,"831c7b85":207,"478d2d4f":223,"a567ace4":207,"1bc0591f":197,"2a4a402a":200,"8063df14":214,"dc0c8b09":221,"470d50c2":216,"8e780922":188,"501db4de":205,"d34a29b9":221,"53431634":224,"ebdbf580":212,"4b4ecbce":192,"aec4e1bf":211,"7af9d3b1":207,"bfcb912a":206,"6867261a":205,"bb8a6337":196,"24a9fb86":222,"6632fed0":212,"815e4582":211,"0f1ac912":189,"e15fd611":192,"cf775f58":212,"ccf8b803":209,"1634789b":207,"d6320619":200,"f2364460":194,"22176537":210,"fd6dcb20":213,"945b63f0":230,"3f65f121":215,"ef8321d8":210,"eafbf9fb":207,"09f0db62":224,"3c43e8a2":217,"0b3283c9":212,"e7773397":194,"eda6a690":203,"71ff66e8":223,"8274885a":195,"26dd2000":221,"5fa12feb":217,"3ef7432b":204,"92136ff5":206,"ded7da5a":212,"e2cbe594":203,"859545e6":198,"5a622a23":205,"30c5d755":216
1604737685357,"820225e4":186,"d9dcdc4b":219,"69f3bfcc":195,"1438fad7":208,"8298e976":223,"d6db2b02":213,"b2703001":210,"82b81567":183,"408bb2ed":206,"7a2f3f06":190,"00554ffd":212,"a533489b":231,"4f5e3e7d":195,"7a6aa4b6":208,"e8d74304":189,"2c24d929":211,"b460f030":229,"aa00769b":216,"b7df1559":208,"3e602573":206,"aefe13f5":216,"9a3cc55d":190,"836701f6":205,"3712c4bd":193,"3e082b37":196,"312f7676":223,"d1676e89":206,"a625328f":207,"383e232d":205,"8cd78f77":204,"eb7b4e29":191,"2d13e69b":199,"2180f99b":194,"bca2d7cd":204,"dc583e64":216,"11888cfa":187,"5678ed7b":213,"d6db2b02":214,"e0f7679f":193,"bbe71605":185,"f044c0e1":196,"32c9fc47":207,"8c6e001f":179,"ea274174":209,"db0a661e":198,"332820ce":224,"a901627e":203,"42cd2360":171,"195eb771":201,"95904ac4":222,"db8ba455":214,"aa76bc50":174,"00a481e3":218,"f7231212":200,"04bef50c":178,"8ac72326":199,"67d30f2b":196,"0785820e":206,"290b4714":203,"1dad0f99":198,"d83870f5":200,"87cd2add":192,"91b28f83":212,"6f0fcb9d":211,"0ac825ed":218,"4f5e3e7d":196,"c4bff41f":222,"a6003226":204,"bfcb912a":207,"a47abfbb":190,"0681c48e":216,"a2c334e7":224,"ed4fad08":215,"31d74eee":198,"1634789b":208,"cf775f58":213,"84369269":191,"a9b1bd51":165,"172217e5":217,"bda8cdfb":210,"12012fbd":196,"2b3e4717":208,"eafbf9fb":208,"25a7a0a3":184,"0277d748":213,"6143f39d":211,"6cba74ce":179,"064a99c8":210,"b460f030":230,"64a7f79f":218,"792cfcbd":206,"3e602573":207,"01cd8099":222,"a543ec74":188,"25776fc4":214,"e32524d6":198,"e3547548":193,"caddd0a7":215,"4def63ee":186,"19e9776f":201,"180377be":196,"0c0e98ea":198,"9d4da635":190,"0af920d8":192,"db703021":205,"059d6c19":217,"b9be31d6":216,"6b82b527":208,"93b0a158":225,"9fce073c":205,"9b546d65":192,"b102f7bd":207,"eebc8d43":198,"062179c1":200,"e5b1abc6":207,"f67de058":213,"afe8e06a":190,"695a2b92":192,"f5cd79c1":218,"1f7607df":190,"a625328f":208,"911e770b":201,"aa5dfdf5":206,"70c1e715":211,"b947257e":213,"c793cdda":215,"77d35808":182,"8dd649a3":203,"6d61bf13":192,"b935fc1c":201,"dc583e64":217,"685207b3":208,"1247fa52":208,"5be594be":198,"dbc9df44":184,"34c5c729":203,"168e75d9":205,"1e232870":216,"b552beb3":217,"868edcc0":216,"820225e4":187,"90731976":201,"06ddafc7":184,"fe44fc6f":191,"b2cfdbcf":195,"43bc86e3":207,"52eca0dc":214,"ec110282":241,"56473430":214,"b28a5e67":236,"a06a6430":218,"6f39f4d9":217,"d36125db":210,"d9dcdc4b":220,"8323d333":190,"9260d96b":237,"4f5e3e7d":197,"332820ce":225,"1bd5b20b":216,"d0e9a58e":215,"3d1af513":213,"725dce8b":217,"68562193":210,"3a1d1632":182,"b230e8d3":208,"dc473de1":187,"a2c334e7":225,"57d5dee8":204,"e99318a3":204,"2b3e4717":209,"815e4582":212,"93fdbb44":198,"d6320619":201,"1634789b":209,"25a7a0a3":185,"9de29816":180,"804d4dfa":194,"6ebe2354":181,"cf52025e":203,"3e602573":208,"bc392d1c":177,"d8475b95":183,"2198ba8e":195,"72b84094":233,"ecfa8249":222,"a0ce82b4":206,"c8dc010f":207,"c455f40e":201,"70594a28":206,"e2cbe594":204,"e1571af7":195,"5ab7bc35":209,"ba30e43a":222,"7043382d":199,"d6f0d94a":212,"44c77422":205,"859545e6":199,"906632cb":231,"6e24d88b":196,"b6591e25":207,"b7434f57":167,"dbd2f139":213,"c3e6ef01":208,"751acea8":192,"d39724bc":207,"d7cb9bcf":196,"677c6a09":223,"d1d40c9c":218,"cc5a1d47":196,"5b5fc566":205,"9c29f0ed":225,"8bc04eb5":211,"0bfabf48":198,"6775d5cd":207,"7218c9f1":200,"bd2705b0":210,"d78dd457":195,"c463799d":203,"92ca52b7":216,"70ee0491":191,"e35a63cd":204,"55928ef1":194,"77f31bab":218,"865d9857":197,"5339e1e9":219,"8dd2684c":214,"d2a841c9":198,"9e206c95":227,"ef1c2dcb":210,"6751d8e4":216,"5747db6e":221,"fd07e0ed":215,"3062379b":194,"a625328f":209,"aec074c4":212,"a58bf525":202,"016953e4":224,"fe1d4419":203,"5781776a":208,"26f99a1e":184,"3c43e8a2":218,"6ce84ff8":190,"685207b3":209,"36380d96":205,"69d4b754":195,"b215547b":191,"754f98c9":224,"e7abc88d":189,"145c7559":185,"90731976":202,"a66a2d8a":218,"a15713c6":228,"3c0df8b4":230,"71e53c93":199,"a472532e":192,"fafb4cc2":251,"74c26380":228,"49cb2959":213,"159ffd0b":192,"d36125db":211,"6db0ea86":190,"05642105":212,"0114160e":199,"5678ed7b":214,"06073f13":216,"b8397293":196,"fa55f27a":212,"de11eb19":218,"4f5e3e7d":198,"554ebb83":214,"8323d333":191,"c4bff41f":223,"d6d61bfc":216,"6867261a":206,"9f5e6cba":211,"bfcb912a":208,"71279c46":207,"57d5dee8":205,"ce3407dd":194,"77f31bab":219,"c609739e":213,"d82592f4":221,"a43061ee":196,"04612878":233,"c6e3d352":210,"21ad2f34":221,"51c57542":213,"8ea21393":186,"5fa12feb":218,"79e4fa1c":212,"ccb5ea3e":187,"5c82d1ce":207,"9bdf362a":215,"37a7d5b0":198,"ba30e43a":223,"7e76c93c":210,"5ab7bc35":210,"4777334c":202,"868cda42":204,"4ee62a26":191,"d0c104c4":180,"381c68fa":206,"dbd2f139":214,"0af920d8":193,"99d130c9":200,"b460f030":231,"a85d89cc":210,"cb142908":198,"e4117b3b":184,"37d0cae2":202,"1dad0f99":199,"e4cfef0a":196,"124fbe96":204,"ae99df30":183,"91536e85":217,"1c0a9eff":195,"056ea7ff":219,"ffa08d82":201,"bd2705b0":211,"ea4d3f3e":213,"831c7b85":208,"f2e3c0e3":182,"25d1b2d8":209,"1a0189c4":192,"7d6895f4":216,"0277d748":214,"04643409":203,"53a8613c":220,"97e75c19":210,"eeaa2d46":222,"faf3ed07":194,"affb82bf":227,"49902219":232,"8547fbc2":191,"84b767be":230,"70bc8325":202,"cbb54a0a":188,"f4726450":195,"d744bee2":197,"884b0ad1":198,"50c3164b":226,"39bbc4bc":202,"f6fe095d":217,"a77e127d":182,"dc583e64":218,"fe1d4419":204,"22aeaf03":205,"c564e316":218,"ddec9e54":201,"0c0e98ea":199,"69134f07":192,"1a68160d":208,"f3992a31":223,"9f2b16a7":217,"7f86be64":196,"c85a0d80":202,"6fb4cdda":221,"6c524f99":212,"0f89862c":191,"f5e8dfee":217,"0e2b5d2f":208,"a0685bf3":226,"b2cfdbcf":196,"74c26380":229,"5f0c1b9d":205,"4abb7aed":199,"61145ec9":227,"52eca0dc":215,"810aa5e9":214,"0be540c5":209,"1db42092":208,"54a676d6":203,"8d753bb6":204,"49910300":190,"6db0ea86":191,"6a60348e":202,"8493f3b2":204,"8c6e001f":180,"2e99f8fd":208,"1bd5b20b":217,"b7cc7909":213,"c93c3508":190,"3a1d1632":183,"c852d240":193,"5e09f69e":225,"a47abfbb":191,"42c80e69":215,"5acaa06f":178,"8d000d6e":196,"b8397293":197,"c27969ec":193,"27d8bf51":205,"ded7da5a":213,"6490bac6":194,"d25e0f8d":232,"ab7467de":227,"0149e11a":194,"7e8e1c3d":197,"b5ce0c0c":217,"37a7d5b0":199,"7be025ce":199,"a81a857c":198,"75ffea08":202,"9bdf362a":216,"14c682eb":202,"d634aa28":211,"48655f09":245,"cbad3b92":231,"12271e14":213,"01cd8099":223,"8eb64769":211,"9c29f0ed":226,"5eab91a0":208,"ea4d3f3e":214,"9fce073c":206,"2ce1af05":183,"935ec056":203,"93b0a158":226,"9f74b8a4":188,"ad2d7bed":213,"8fb236a9":198,"4930f321":195,"6ee92259":209,"d929098e":177,"1dad0f99":200,"d82592f4":222,"0f1ac912":190,"8a52882e":211,"99e171db":197,"12dd6f5e":189,"1a0189c4":193,"fd6dcb20":214,"254cc28c":211,"558d5ce7":204,"84369269":192,"30dd2edc":200,"9a467a82":208,"36b7003c":229,"08c6b5d2":206,"a63bddd4":250,"2c627253":211,"92efd84f":208,"2a06ab95":218,"084cbc0b":196,"9fa62fee":194,"39ba00f0":207,"b7832271":221,"dc583e64":219,"f5cd79c1":219,"5099c6a0":230,"a58bf525":203,"8942c35b":201,"58d46189":220,"dae0f922":211,"902f49f5":202,"c3e6ef01":209,"751bcf25":199,"1a68160d":209,"cb51f134":214,"f76a3e83":209,"0dad37d5":219,"dcf85091":196,"ab7d4c9a":200,"e9679ede":192,"e45b4b53":194,"09f0db62":225,"971675c5":214,"7fdc2007":188,"8007f30e":184,"55928ef1":195,"dd3913d2":194,"2a76f1dd":178,"6c524f99":213,"fee32863":209,"7ae34c64":196,"abc1d7ad":225,"a5676c24":206,"52eca0dc":216,"3101354b":183,"61145ec9":228,"3a291497":183,"de36827b":239,"8d753bb6":205,"e8f173b5":213,"1438fad7":209,"1f88a4b7":228,"d36125db":212,"045f280d":209,"8d04852b":200,"2ab62345":189,"4911acad":178,"68562193":211,"17446892":201,"0ecfa1c9":192,"71a2a493":173,"8d000d6e":197,"b35e9e1a":249,"4ac6bd4e":188,"a533489b":232,"00554ffd":213,"de11eb19":219,"6585adbe":185,"df81ddee":199,"b6ee137a":200,"d25e0f8d":233,"c455f40e":202,"21e10a2b":206,"21ad2f34":222,"f734c84c":226,"d9f512b9":216,"d141db49":201,"ca7d47f7":210,"7043382d":200,"a33fe0dd":211,"859545e6":200,"30c5d755":217,"c609739e":214,"59c1e594":189,"64a7f79f":219,"07f98660":221,"ee75b607":200,"91536e85":218,"ea4d3f3e":215,"e57d5cda":193,"79be29c8":183,"a06a6430":219,"730a4938":187,"9f74b8a4":189,"6ee92259":210,"87cd2add":193,"37d0cae2":203,"8bc04eb5":212,"7fb4c521":207,"1c3a30c5":213,"792cfcbd":207,"dfc89705":195,"03c398d2":216,"31d74eee":199,"ccdd1ce6":208,"7e15f8e8":216,"f87c5031":209,"4ed01268":193,"4d35385e":194,"f66616b7":209,"6d339d45":180,"0f1ac912":191,"0277d748":215,"815e4582":213,"47d27624":193,"1d153b20":210,"eafbf9fb":209,"8657c79d":199,"2f455cce":202,"50c3164b":227,"084cbc0b":197,"f069bb07":206,"39ba00f0":208,"de6213c7":194,"1e191c98":188,"66b7b5b4":199,"f4634d0b":201,"902f49f5":203,"c2bb8aae":199,"19e9776f":202,"9316e7e8":172,"a4296d1e":196,"f598a332":193,"c21ab51e":191,"ebdbf580":213,"c382f054":217,"5be594be":199,"6b79fec2":196,"b935fc1c":202,"ea9bba6b":205,"3e082b37":197,"9d023afb":204,"478d2d4f":224,"8f10fa42":229,"78b97937":227,"c1bb74f2":201,"8063df14":215,"fee32863":210,"f3a0c2ee":201,"da04caac":218,"71ba7561":176,"3101354b":184,"abc1d7ad":226,"1d44aff3":216,"ef8987d7":188,"695a2b92":193,"22aeaf03":206,"7ee148e9":195,"90731976":203,"0b5a0408":216,"ce4da56f":213,"a6003226":205,"bb8a6337":197,"a47abfbb":192,"6867261a":207,"5f6613c8":189,"0681c48e":217,"5eaa1581":199,"6db0ea86":192,"8b2b601d":214,"cf84fb54":215,"28d41578":216,"b4fdf90e":214,"3a1b9af5":203,"b2a8761b":187,"379184a7":228,"02d4753e":218,"06073f13":217,"49bf2e95":194,"79f04300":206,"f734c84c":227,"2209903e":200,"ecfa8249":223,"0149e11a":195,"5c82d1ce":208,"70594a28":207,"f4343817":205,"25776fc4":215,"4c39240e":222,"3bad3c95":186,"1623fc9f":200,"d4d5f466":197,"cc5a1d47":197,"abad2347":210,"753ca352":207,"4258c176":191,"ae95f2ba":223,"c0b23081":232,"1dad0f99":201,"e4117b3b":185,"619fda68":236,"6b82b527":209,"b9be31d6":217,"7218c9f1":201,"37d0cae2":204,"a43061ee":197,"64a7f79f":220,"27c8e038":214,"26c6fa34":196,"99d130c9":201,"d82592f4":223,"9c58dd76":200,"5339e1e9":220,"789bd484":197,"f5596d0f":207,"99e171db":198,"af157d29":201,"bc021def":205,"a983a6dc":183,"a77e8461":204,"77f31bab":220,"25a7a0a3":186,"2a387957":202,"c67979e6":229,"f2f58418":194,"affb82bf":228,"22234d6b":205,"a6626a13":189,"98915a1f":194,"9ab755d3":195,"835358a0":202,"04ea5673":203,"a577db1c":206,"7043382d":201,"026766f3":202,"6f81493d":194,"26ed1a5c":201,"40a745c0":206,"0af920d8":194,"1a2ec5d7":220,"1e191c98":189,"0a92153e":207,"78b97937":228,"a567ace4":208,"f67de058":214,"afe8e06a":191,"dfcc2ad1":226,"c6dc900c":177,"50b558a7":184,"d5dae4c4":225,"7ae34c64":197,"71ba7561":177,"61145ec9":229,"08a561b7":205,"a0cf08b3":164,"09ff339a":174,"b769bdfb":203,"6d61bf13":193,"dc583e64":220,"312f7676":224,"5410e9c6":211,"c95719e5":191,"7e991ab9":162,"c793cdda":216,"288a2c43":202,"51f80f4c":237,"b84a06eb":199,"ce4da56f":214,"05642105":213,"2d1e1e9d":218,"17b08923":202,"489a39f7":207,"11888cfa":188,"1b153aef":211,"761cf820":215,"8c6e001f":181,"e0e6a097":206,"45b038bb":239,"b4fdf90e":215,"e7abc88d":190,"f121b82c":216,"f598a332":194,"8e780922":189,"f2086446":189,"c7313e0a":214,"5fa12feb":219,"daab45c6":191,"7d112f4d":208,"201cafad":200,"2ad42a9e":229,"8f9b74b0":190,"2b3c49b9":198,"3d1af513":214,"dd035d2a":196,"ba586505":218,"87cd2add":194,"9d4f1fe6":193,"ad303bda":209,"7a840529":202,"1757a30e":196,"11b74e63":209,"93b9fae6":197,"0d7d88f1":203,"1bb4ccc0":204,"124fbe96":205,"1dad0f99":202,"4f59a322":212,"e356abf1":221,"87ce8d1d":181,"87922532":232,"a0bc1ceb":197,"13f0e139":191,"ae8a09c4":219,"9fc713b0":219,"03c398d2":217,"60d6cee2":198,"2ab62345":190,"1ed46298":217,"5e09f69e":226,"9f5e6cba":212,"be4f8ba8":195,"5957df9e":197,"d3e84616":206,"1d153b20":211,"5339e1e9":221,"c81b2bcf":190,"0277d748":216,"affb82bf":229,"1634789b":210,"546f6845":202,"e15fd611":193,"7080f122":195,"97e75c19":211,"bf822e33":204,"df2b4d87":192,"c8fcad77":187,"75ffea08":203,"5f620a1e":207,"868cda42":205,"a81a857c":199,"08a06557":229,"467773ac":194,"dae0f922":212,"e62d705f":194,"a4f1d83b":197,"19e9776f":203,"f1b493de":228,"26ed1a5c":202,"dd3913d2":195,"afe8e06a":192,"062179c1":201,"70ee0491":192,"20958d58":197,"a8c93bed":203,"8721056e":188,"a5676c24":207,"c95719e5":192,"dc583e64":221,"9a3cc55d":191,"014bdff0":216,"b1f58563":206,"95d3d348":192,"3712c4bd":194,"2f455cce":203,"92efd84f":209,"d1ca5d6b":210,"4bcd4a30":218,"6a3eaf43":220,"0fc5ac7e":232,"7e991ab9":163,"0be540c5":210,"1f88a4b7":229,"ce4da56f":215,"4ff2225d":202,"820225e4":188,"159ffd0b":193,"e7e82473":227,"3d1af513":215,"2e3503e4":215,"4b4ecbce":193,"4e3f5178":225,"7f86be64":197,"288d171f":209,"e9679ede":193,"1247fa52":209,"20777945":200,"c45d554f":219,"6b9eff39":199,"8ea21393":187,"2209903e":201,"df81ddee":200,"b6ee137a":201,"d0c0fc08":185,"6585adbe":186,"db0a661e":199,"792c9b6a":188,"06073f13":218,"fafb4cc2":252,"f905a555":193,"f789f6d8":200,"e865e4dd":197,"56473430":215,"7ae34c64":198,"9d4f1fe6":194,"6f39f4d9":218,"597c1f81":211,"6841f77e":220,"619fda68":237,"d929098e":178,"d5059415":187,"a6b5e869":212,"d815c5b4":237,"7fb4c521":208,"e4117b3b":186,"e57d5cda":194,"49bf2e95":195,"2198ba8e":196,"c6e3d352":211,"a636f4c9":224,"aefe13f5":217,"cac4449a":202,"13f0e139":192,"d82592f4":224,"6867261a":208,"13747b82":213,"a6003226":206,"f94bf9ea":195,"031e488e":220,"60d6cee2":199,"ed4fad08":216,"21ee2afe":220,"0f1ac912":192,"ec2cb1af":213,"44a4f7cd":204,"bc021def":206,"a939b50b":199,"6adce358":227,"d1715f3b":226,"25d1b2d8":210,"ccdd1ce6":209,"254cc28c":212,"9c045c61":208,"36d340f2":178,"b88033fd":217,"b320feb9":211,"014460b9":229,"2154b6e8":196,"04ea5673":204,"fce3c5c6":189,"3bad3c95":187,"b7505747":209,"26ed1a5c":203,"f883d582":188,"cf1124db":197,"ca6d2d91":202,"6e24d88b":197,"dae0f922":213,"7cd0ad7b":216,"6c20c153":210,"91536e85":219,"cd522166":221,"a8c93bed":204,"831c7b85":209,"78467b8a":204,"e5b1abc6":208,"30c184b8":203,"50b558a7":185,"0b3283c9":213,"f6fe095d":218,"5781776a":209,"fe1d4419":205,"82868763":202,"26c390d6":211,"a625328f":210,"aa5dfdf5":207,"0d2a1c58":197,"e58b26f6":220,"84b767be":231,"4bcd4a30":219,"25635c37":180,"3f2522c2":222,"cf84fb54":216,"0d2c95fe":209,"d36125db":213,"5be594be":200,"1a2c020b":214,"dcf85091":197,"104721f0":205,"e1618359":209,"36380d96":206,"1e232870":217,"6b9eff39":200,"201cafad":201,"3007f31f":194,"17b08923":203,"4b3e3b1c":208,"95bc84f1":188,"8d753bb6":206,"00554ffd":214,"e865e4dd":198,"3a291497":184,"d9a64845":209,"cf1b8c47":212,"83b2f9c5":218,"aa76bc50":175,"a472532e":193,"93b9fae6":198,"f56ac638":190,"91536e85":220,"ad2d7bed":214,"67f6e4f2":179,"554ebb83":215,"4ea4a2a1":232,"b4fdf90e":216,"4ac6bd4e":189,"49bf2e95":196,"cbad3b92":232,"26c6fa34":197,"bad6cdb1":173,"bb8a6337":198,"0681c48e":218,"5ac86fb9":211,"5a734022":187,"bfcb912a":209,"c4bff41f":224,"dcfaba4c":203,"9a467a82":209,"90d52475":207,"8dd2684c":215,"50d129cf":203,"217c0327":180,"789bd484":198,"4d35385e":195,"9d63c4dd":205,"d1fe2868":218,"b946e146":215,"f5596d0f":208,"93fdbb44":199,"172217e5":218,"2a387957":203,"12271e14":214,"792cfcbd":208,"bc392d1c":178,"a636f4c9":225,"9a80f004":206,"8f9b74b0":191,"2209903e":202,"debe1f65":198,"7043382d":202,"24ffcbd3":228,"ba30e43a":224,"638cb163":227,"57167c74":191,"a81a857c":200,"44c77422":206,"1e7753d9":213,"26ed1a5c":204,"3b690f68":226,"0d5ee801":198,"66b7b5b4":200,"902f49f5":204,"58d46189":221,"4258c176":192,"30b6808c":193,"a502c93c":205,"6034b6d0":216
1604737686602,"95d331b1":202,"ad303bda":210,"e57d5cda":195,"6b82b527":210,"ee21ad02":232,"ba938220":195,"11b2c8d9":197,"831c7b85":210,"4c0e547b":214,"7af262e5":238,"a59a8290":213,"a567ace4":209,"685207b3":210,"9f2b16a7":218,"34c5c729":204,"d34a29b9":222,"d548635d":208,"e9679ede":194,"4c4aa2e2":196,"72b84094":234,"df81ddee":201,"261c9911":225,"fef750ca":210,"08a561b7":206,"f3a0c2ee":202,"7896b953":208,"abc1d7ad":227,"aa76bc50":176,"3f75d3bc":227,"fd482491":233,"27d8bf51":206,"21e10a2b":207,"92136ff5":207,"4eed1bea":215,"75ffea08":204,"a33fe0dd":212,"4577b333":216,"9e65c0ef":197,"caddd0a7":216,"ca7d47f7":211,"3fdb08f5":202,"af0b61ab":209,"084cbc0b":198,"6e851762":202,"dd7acb96":212,"5a07fc2e":183,"aaa274a5":203,"22234d6b":206,"94a2fe10":215,"4279e829":225,"4ee62a26":192,"40a745c0":207,"0841052c":221,"61f25dd4":229,"b7434f57":168,"d39724bc":208,"6f39f4d9":219,"d4ee22a4":205,"1bb4ccc0":205,"10ec5a0b":199,"8bc04eb5":213,"7218c9f1":202,"a6b5e869":213,"91b28f83":213,"0d28db94":199,"4930f321":196,"6b82b527":211,"597c1f81":212,"79be29c8":184,"fe8f3d36":200,"8007f30e":185,"9b172ca8":185,"c4feee5b":214,"9b742f71":194,"34c5c729":205,"77300e4a":184,"7f86be64":198,"bd984a8e":194,"e4714415":227,"31f6ba51":198,"6867261a":209,"8cddb65e":203,"dc473de1":188,"32133249":208,"181c3dd5":203,"0e036ae9":217,"0f1ac912":193,"6d339d45":181,"558d5ce7":205,"aff8e442":212,"a58bf525":204,"c0b7e7d7":192,"8274885a":196,"a77e127d":183,"014bdff0":217,"016953e4":225,"1105f790":231,"f67de058":215,"eb2e1983":206,"c6dc900c":178,"78467b8a":205,"6e44927f":203,"1d44aff3":217,"cf1b8c47":213,"5f0c1b9d":206,"91f7ef72":191,"f3a0c2ee":203,"aa76bc50":177,"25e0dd3d":197,"ccb5ea3e":188,"f9f2c53f":183,"6b9eff39":201,"2ad42a9e":230,"7bebff03":201,"07107f6e":210,"c0b0f492":207,"c1bdfd41":201,"28d40296":177,"c015ec5a":211,"a81a857c":201,"4c39240e":223,"a577db1c":207,"e9adbe58":211,"9ceb5439":192,"8ec3834d":221,"d6320619":202,"ef8321d8":211,"c67979e6":230,"4ed01268":194,"416a9e97":197,"2a387957":204,"3c6692a3":226,"ef1c2dcb":211,"92efd84f":210,"2a06ab95":219,"de6213c7":195,"b5763ff6":188,"c793cdda":217,"8db62558":209,"cf1124db":198,"902f49f5":205,"a40846b7":210,"8b2b601d":215,"8aa78e2f":186,"32c9fc47":208,"26009d3f":184,"de36827b":240,"820225e4":189,"e0f7679f":194,"db0a661e":200,"f9c15fcc":200,"ef16ca37":195,"554ebb83":216,"5f8517b7":227,"3d1af513":216,"ea274174":210,"a636f4c9":226,"c2bb8aae":200,"30fdcd3b":212,"110b1ee3":206,"a4f1d83b":198,"0d28db94":200,"ee75b607":201,"7a4c064c":209,"6775d5cd":208,"ba586505":219,"6f39f4d9":220,"c8113b77":189,"c0b23081":233,"f1df62b4":209,"79be29c8":185,"3b2dee89":192,"87083264":220,"b3f19a69":193,"597c1f81":213,"685207b3":211,"42c80e69":216,"9b3f8714":214,"3a1d1632":184,"a47abfbb":193,"af034fee":221,"deb31f35":216,"76f3a3be":213,"34c5c729":206,"c0fea118":201,"5e193fc8":203,"53431634":225,"754f98c9":225,"f2086446":190,"b6aaf976":198,"458dcc3d":218,"a43061ee":198,"59c1e594":190,"64a7f79f":221,"a0bc1ceb":198,"6d61bf13":194,"a66a2d8a":219,"c510bfd3":212,"8f10fa42":230,"70ee0491":193,"8063df14":216,"062179c1":202,"50b558a7":186,"cf1b8c47":214,"61145ec9":230,"781ace7d":203,"8db5a165":201,"5f0c1b9d":207,"f905a555":194,"dd035d2a":197,"4eed1bea":216,"ecfa8249":224,"d25e0f8d":234,"a0cca8b7":195,"0a96f57a":199,"c455f40e":203,"debe1f65":199,"a33fe0dd":213,"c67979e6":231,"12dd6f5e":190,"1d790491":208,"ac38a6a5":215,"a939b50b":200,"cf775f58":214,"3f65f121":216,"d5557fb4":213,"21ee2afe":221,"650bb0e0":204,"f3d68430":215,"9a467a82":210,"f4b2f575":196,"ccdd1ce6":210,"26c390d6":212,"d744bee2":198,"2c627253":212,"fd07e0ed":216,"383e232d":206,"2d54e0a8":209,"284544ba":196,"88fa53d6":184,"c0b0f492":208,"aa021138":228,"75ffea08":205,"9bdf362a":217,"b320feb9":212,"6085137f":202,"c564e316":219,"095ab3b4":208,"3c43e8a2":219,"3712c4bd":195,"c7ab83c1":188,"8cf83787":183,"11888cfa":189,"4ff2225d":203,"07fc4a9a":215,"0d2c95fe":210,"ce4da56f":216,"a4dafea5":200,"50312237":211,"2e99f8fd":209,"34658473":202,"d33790a2":233,"ea274174":211,"7ae3fc50":184,"8f2a7d69":197,"751bcf25":200,"110b1ee3":207,"5272520d":205,"1dad0f99":203,"8bc04eb5":214,"9fce073c":207,"3b2dee89":193,"2ce1af05":184,"d83870f5":201,"7fb4c521":209,"bf30a08f":219,"c8113b77":190,"9cb4697f":206,"ad303bda":211,"8fb236a9":199,"20811ddf":205,"6841f77e":221,"7cd0ad7b":217,"f4634d0b":202,"f883d582":189,"d0c104c4":181,"5ac86fb9":212,"0681c48e":219,"9f5e6cba":213,"c93c3508":191,"031e488e":221,"24a9fb86":223,"c852d240":194,"972f4174":214,"8e780922":190,"be2955bb":203,"9b742f71":195,"2198ba8e":197,"4b4ef7fa":200,"458dcc3d":219,"26c6fa34":198,"35b58ef9":194,"23080895":192,"8eb64769":212,"bd984a8e":195,"f3992a31":224,"69134f07":193,"c510bfd3":213,"cd522166":222,"33d6bb6a":198,"0e2b5d2f":209,"19551bad":196,"9a3ab0b8":203,"78b97937":229,"a472532e":194,"cf1b8c47":215,"abc1d7ad":228,"7ae34c64":199,"313258f2":214,"b2cfdbcf":197,"52eca0dc":217,"feb67030":187,"daab45c6":192,"7d112f4d":209,"18d20aa1":209,"e2cbe594":205,"5a622a23":206,"261c9911":226,"2a387957":205,"23760167":203,"99e171db":199,"6d5fcd4c":202,"48efc739":222,"97e75c19":212,"30dd2edc":201,"5d087c79":212,"2dda3936":194,"39a2fcce":196,"affb82bf":230,"15620dca":222,"51f57142":211,"12012fbd":197,"f069bb07":207,"f271ed5d":200,"508aac3d":209,"6a3eaf43":221,"1f7607df":191,"eb7b4e29":192,"f4726450":196,"c015ec5a":212,"08a06557":230,"caddd0a7":217,"b935fc1c":203,"ea9bba6b":206,"fe1d4419":206,"2c5c1dc0":194,"19f9ca86":211,"5623817d":190,"39bbc4bc":203,"17b08923":204,"d9dcdc4b":221,"69f3bfcc":196,"b36a0d66":191,"bab97de3":207,"59431390":201,"49910300":191,"1b153aef":212,"5ee911b5":195,"02d4753e":219,"d102b0c6":187,"5a0ead91":185,"2e99f8fd":210,"5acaa06f":179,"7043382d":203,"e3547548":194,"92f800f5":230,"621d6b18":215,"056ea7ff":220,"ba586505":220,"935ec056":204,"abd32136":213,"a06a6430":220,"bd2705b0":212,"fea793f5":209,"4d9b0b10":212,"4f59a322":213,"93b0a158":227,"5b5fc566":206,"0785820e":207,"ae99df30":184,"0b959527":196,"f4634d0b":203,"059d6c19":218,"5272520d":206,"74f234c6":237,"9316e7e8":173,"c3e6ef01":210,"3f9b5722":187,"c852d240":195,"71a2a493":174,"71279c46":208,"03b4ab60":190,"c4bff41f":225,"b230e8d3":209,"a6003226":207,"be1746a0":201,"27c8e038":215,"73b15e04":198,"eed20185":218,"24d24fa3":195,"ac62fac2":224,"804d4dfa":195,"c4feee5b":215,"79f04300":207,"36380d96":207,"e9679ede":195,"655954ba":201,"a4296d1e":197,"c5b35e4d":186,"8063df14":217,"6c524f99":214,"fef750ca":211,"a0685bf3":227,"a567ace4":210,"4c0e547b":215,"1105f790":232,"781ace7d":204,"fe44fc6f":192,"906fdec3":186,"e865e4dd":199,"537634c9":182,"91f7ef72":192,"43bc86e3":208,"e21c6207":211,"3b7763b1":184,"4e5aaaec":200,"70594a28":208,"4295ce9a":208,"c45d554f":220,"4dac6b20":177,"2b3e4717":210,"1634789b":211,"b946e146":216,"cb6c9e42":228,"8547fbc2":192,"50d129cf":204,"f2f58418":195,"a77e8461":205,"815e4582":214,"2a387957":206,"f3d68430":216,"8cc4a982":222,"a9b1bd51":166,"ac38a6a5":216,"f271ed5d":201,"2d13e69b":200,"5747db6e":222,"5a07fc2e":184,"f069bb07":208,"d552eb2f":209,"272c7672":218,"27f52ed3":223,"3a204e56":201,"77d35808":183,"8dd649a3":204,"b1f58563":207,"39bbc4bc":204,"c0b7e7d7":193,"8cf83787":184,"54a676d6":204,"1db42092":209,"f277386e":174,"5678ed7b":215,"e8f173b5":214,"6db0ea86":193,"2e99f8fd":211,"82b81567":184,"332820ce":226,"d0e9a58e":216,"b320feb9":213,"c7636527":186,"c0b0f492":209,"3bad3c95":188,"b7505747":210,"91b28f83":214,"f1df62b4":210,"bd2705b0":213,"c8113b77":191,"d1d40c9c":219,"753ca352":208,"ac030e74":187,"e4c312fe":210,"00cf385d":214,"ef14000f":226,"621d6b18":216,"d929098e":179,"9cb4697f":207,"53b4e647":207,"a577db1c":208,"259930ee":214,"cc11fef9":216,"ddec9e54":202,"f1b493de":229,"40a745c0":208,"430a5db5":210,"0c043224":217,"b7434f57":169,"76f3a3be":214,"3c18f28e":205,"8d04852b":201,"540df50f":216,"03b4ab60":191,"a47abfbb":194,"de11eb19":220,"8c6e001f":182,"49bf2e95":197,"4febf7c5":199,"a543ec74":189,"d82592f4":225,"f1098793":220,"73b15e04":199,"b7df1559":209,"6ebe2354":182,"685207b3":212,"b215547b":192,"79f04300":208,"8007f30e":186,"f5e8dfee":218,"b102f7bd":208,"a0685bf3":228,"7bda83dd":196,"831c7b85":211,"50b558a7":187,"d9d0c567":214,"731fc335":192,"08a561b7":207,"345c9967":199,"9267f0ef":209,"6fb4cdda":222,"d548635d":209,"9b742f71":196,"72b84094":235,"daab45c6":193,"debe1f65":200,"6b9eff39":202,"ccb5ea3e":189,"5eaa1581":200,"9ceb5439":193,"57540cc3":205,"36b7003c":230,"affb82bf":231,"8a52882e":212,"09560615":190,"47d27624":194,"77f31bab":221,"f2ca27d9":216,"a1921150":217,"fd6dcb20":215,"b8ab8e6e":200,"22176537":211,"140ce69e":192,"f271ed5d":202,"b947257e":214,"22234d6b":207,"cd421290":202,"6bc5d32a":223,"5270f158":195,"836701f6":206,"27f52ed3":224,"004f1ef3":249,"016953e4":226,"3e082b37":198,"5410e9c6":212,"de36827b":241,"e0f7679f":195,"a6bcb07e":195,"1438fad7":210,"f044c0e1":197,"0be540c5":211,"30c5d755":218,"c0b0f492":210,"ec110282":242,"5ef93e5d":182,"91f7ef72":193,"1757a30e":197,"ad303bda":212,"8bc04eb5":215,"95539a58":196,"6f39f4d9":221,"4b125e7b":199,"b9be31d6":218,"bd2705b0":214,"9e65c0ef":198,"1623fc9f":201,"3fdb08f5":203,"ca6d2d91":203,"92f800f5":231,"902f49f5":206,"30dbfc69":199,"ea6de194":213,"1e7753d9":214,"9316e7e8":174,"4ee62a26":193,"110b1ee3":208,"7028b044":204,"084cbc0b":199,"72d7b461":224,"fd07e0ed":217,"71a2a493":175,"1ed46298":218,"288a2c43":203,"9b3f8714":215,"bab97de3":208,"1bd5b20b":218,"4ac6bd4e":190,"82b81567":185,"8245f916":200,"31f6d707":221,"332820ce":227,"de11eb19":221,"a0b03218":216,"64a7f79f":222,"a543ec74":190,"4febf7c5":200,"aa00769b":217,"cac4449a":203,"eed20185":219,"b73e789c":183,"5b5fc566":207,"b0869206":209,"43d87483":205,"7f6d1d0e":211,"9fce073c":208,"f5e8dfee":219,"b87158fb":196,"c463799d":204,"831c7b85":212,"afe8e06a":193,"c510bfd3":214,"288d171f":210,"acac14fb":189,"6b78ad7f":204,"e1618359":210,"4c4aa2e2":197,"704bce0d":197,"f76a3e83":210,"7e8e1c3d":198,"6df0b2e8":231,"dc473de1":189,"60d6cee2":200,"97e75c19":213,"f66616b7":210,"1d153b20":212,"527ff946":213,"558d5ce7":206,"0f1ac912":194,"bc021def":207,"9ceb5439":194,"254cc28c":213,"140ce69e":193,"25a7a0a3":187,"8ec3834d":222,"08c6b5d2":207,"21ad2f34":223,"f9f2c53f":184,"51c57542":214,"095ab3b4":209,"2c5c1dc0":195,"8dc9b4db":210,"f6fe095d":219,"d599b566":217,"b769bdfb":204,"19f9ca86":212,"2cce4fb2":211,"fb44fa9c":216,"ecfa8249":225,"5a622a23":207,"92136ff5":208,"92ca52b7":217,"3f75d3bc":228,"ae016053":231,"61145ec9":231,"2c6cb96f":176,"8a165e17":206,"f905a555":195,"d8e58a8c":223,"37d0cae2":205,"43d87483":206,"10ec5a0b":200,"290b4714":204,"0d770b97":210,"4d9b0b10":213,"bf30a08f":220,"abd32136":214,"95d331b1":203,"b73e789c":184,"c015ec5a":213,"719c8869":210,"44c77422":207,"ce3bf5db":203,"e3547548":195,"868cda42":206,"c4e70c07":198,"93683c82":193,"4279e829":226,"7cd0ad7b":218,"059d6c19":219,"110b1ee3":209,"19e9776f":204,"30d84dce":180,"d744bee2":199,"416a9e97":198,"a625328f":211,"70c1e715":212,"92efd84f":211,"0fc5ac7e":233,"2180f99b":195,"c793cdda":218,"0ecfa1c9":193,"1f88a4b7":230,"07fc4a9a":216,"0d2c95fe":211,"d9dcdc4b":222,"7a6aa4b6":209,"cd95f558":207,"a6bcb07e":196,"b35e9e1a":250,"8245f916":201,"82b81567":186,"9e878ec2":206,"792c9b6a":189,"e8d74304":190,"a43061ee":199,"be1746a0":202,"6be9332a":197,"24d24fa3":196,"23080895":193,"0f72f2d8":207,"e0e48a2d":203,"2ce1af05":185,"a85d89cc":211,"d4d5f466":198,"82204d54":201,"eb2e1983":207,"20958d58":198,"55928ef1":196,"cd522166":223,"c6dc900c":179,"7fdc2007":189,"f3992a31":225,"a3253019":199,"f121b82c":217,"4c4aa2e2":198,"3498f223":204,"7f86be64":199,"8e780922":191,"263762cb":191,"5781776a":210,"f6fe095d":220,"1da771fb":208,"6085137f":203,"3f2522c2":223,"95d3d348":193,"0681c48e":220,"540df50f":217,"13747b82":214,"081460bf":203,"71279c46":209,"ed4fad08":217,"527ff946":214,"4ed01268":195,"0f1ac912":195,"394dc144":189,"9ceb5439":195,"6d339d45":182,"1634789b":212,"30dd2edc":202,"5a0eb771":202,"175bc6b2":187,"f2f58418":196,"d1715f3b":227,"f2ca27d9":217,"49902219":233,"44ff8baa":210,"70594a28":209,"7d112f4d":210,"9d0546ac":189,"fb8bfb36":228,"4dac6b20":178,"c91966ce":201,"cf1b8c47":216,"61145ec9":232,"6023df54":198,"7896b953":209,"906fdec3":187,"313258f2":215,"e57d5cda":196,"ae99df30":185,"c455f40e":204,"c1bdfd41":202,"49b358bd":212,"b7505747":211,"c0b0f492":211,"24ffcbd3":229,"8f13c203":190,"fce3c5c6":190,"655941a0":226,"4ee62a26":194,"0c043224":218,"f1b493de":230,"31408822":194,"8cd78f77":205,"b7832271":222,"84b767be":232,"88b3bc99":191,"9ab755d3":196,"6a3eaf43":222,"4bcd4a30":220,"66497c7e":196,"c2bb8aae":201,"8cf83787":185,"28d41578":217,"1138796e":211,"411b5027":190,"b84a06eb":200,"1438fad7":211,"1f88a4b7":231,"4ea4a2a1":233,"d0c0fc08":186,"d102b0c6":188,"5f8517b7":228,"b377a62a":185,"0ac825ed":219,"34658473":203,"03dcfa3d":201,"812b4f15":193,"24d24fa3":197,"3e602573":209,"8eb64769":213,"2d382981":194,"9fc713b0":220,"9cb4697f":208,"30b6808c":194,"9c29f0ed":227,"ee21ad02":233,"cf9f4757":212,"6ee92259":211,"7566fdd6":207,"67d30f2b":197,"bb00e71c":194,"6f39f4d9":222,"7fef9973":201,"d2466211":212,"c510bfd3":215,"a567ace4":211,"9a07d89b":184,"2a4a402a":201,"4e3f5178":226,"f3992a31":226,"470d50c2":217,"2e3503e4":216,"d34a29b9":223,"9267f0ef":210,"145c7559":186,"51f80f4c":238,"a1370ab0":202,"5ac86fb9":213,"0ecfa1c9":194,"13747b82":215,"24a9fb86":224,"540df50f":218,"f66616b7":211,"aff8e442":213,"1b881e6e":212,"e99318a3":205,"1634789b":213,"d957f027":204,"e9adbe58":212,"6d339d45":183,"bf822e33":205,"dfa1a89b":197,"fe1d4419":207,"9a3cc55d":192,"836701f6":207,"39bbc4bc":205,"3c43e8a2":220,"7b6a7048":202,"5c82d1ce":209,"8007f30e":187,"c6dc900c":180,"2a76f1dd":179,"3a291497":185,"61145ec9":233,"aa76bc50":178,"8a165e17":207,"2dd0e808":199,"56473430":216,"91f7ef72":194,"c45d554f":221,"18d20aa1":210,"53747a91":195,"feb67030":188,"77898c22":179,"37a7d5b0":200,"e5d3655c":229,"a33fe0dd":214,"868cda42":207,"fce3c5c6":191,"e32524d6":199,"d141db49":202,"467773ac":195,"56d315d8":188,"a77e8461":206,"d6320619":203,"88432019":196,"3661e12d":210,"aa5dfdf5":208,"383e232d":207,"2d13e69b":201,"88b3bc99":192,"3c6692a3":227,"72d7b461":225,"70c1e715":213,"30d84dce":181,"a8726d50":193,"6e24d88b":198,"1a2ec5d7":221,"1da771fb":209,"c318d350":218,"e81834aa":233,"013ee301":198,"1be05c14":209,"0d2c95fe":212,"6c73ae98":176,"1db42092":210,"66554572":171,"358e45b1":207,"50312237":212,"67f6e4f2":180,"1ff8c2fc":208,"7a2f3f06":191,"5a0ead91":186,"31f6d707":222,"1c3a30c5":214,"baebb391":215,"03dcfa3d":202,"5ccf94d6":207,"d4d5f466":199,"0d28db94":201,"290b4714":205,"9c29f0ed":228,"5b5fc566":208,"67c57de4":216,"6775d5cd":209,"6a5b71b4":189,"c8113b77":192,"7735c3c2":199,"5eab91a0":209,"4d9b0b10":214,"ee21ad02":234,"053f3451":201,"6fb4cdda":223,"b215547b":193,"c5b35e4d":187,"696fdac5":222,"e9679ede":196,"ebdbf580":214,"bd984a8e":196,"cf52025e":204,"a0bc1ceb":199,"481754fc":188,"cbad3b92":233,"dcfaba4c":204,"d6d61bfc":217,"32133249":209,"40860a4b":185,"f94bf9ea":196,"b230e8d3":210,"4125085e":214,"d5557fb4":214,"e99318a3":206,"5339e1e9":222,"6e98dfda":214,"a983a6dc":184,"945b63f0":231,"650bb0e0":205,"f5e8dfee":220,"ba5c52af":196,"5f4102da":211,"fee32863":211,"a567ace4":212,"6c524f99":215,"9a07d89b":185,"313258f2":216,"f905a555":196,"781ace7d":205,"52eca0dc":218,"1d44aff3":218,"f789f6d8":201,"537634c9":183
1604737687532,"2203f259":211,"b769bdfb":205,"93ac9ca3":204,"8dd649a3":205,"b935fc1c":204,"437fc3ec":223,"3a204e56":202,"7732eb1e":231,"95f6db13":205,"4945c851":223,"3310a049":212,"d9dcdc4b":223,"e36dfd6f":210,"8d753bb6":207,"cd95f558":208,"67f6e4f2":181,"379184a7":229,"8c6e001f":183,"8493f3b2":205,"d33790a2":234,"e0e6a097":207,"a636f4c9":227,"946df4fd":234,"03dcfa3d":203,"792cfcbd":209,"804d4dfa":196,"48655f09":246,"0f72f2d8":208,"bf822e33":206,"b946e146":217,"15620dca":223,"affb82bf":232,"d1715f3b":228,"9de29816":181,"416a9e97":199,"2d54e0a8":210,"fd369c21":210,"4bcd4a30":221,"ea822700":202,"e58b26f6":221,"2c01e624":213,"84b67924":207,"5623817d":191,"437fc3ec":224,"eda6a690":204,"6b79fec2":197,"5099c6a0":231,"5270f158":196,"b769bdfb":206,"0b5a0408":217,"6291e9e9":216,"bab97de3":209,"b2703001":211,"a3d4a0e5":215,"1be05c14":210,"7732eb1e":232,"761cf820":216,"db0a661e":201,"2e99f8fd":212,"336d0f08":211,"608bc832":172,"792c9b6a":190,"6f0fcb9d":212,"5a734022":188,"a6003226":208,"12534561":199,"61d4782d":199,"31f6ba51":199,"6df0b2e8":232,"540df50f":219,"31d74eee":200,"f1098793":221,"b6aaf976":199,"c8dc010f":208,"f734c84c":228,"a851554d":219,"4eed1bea":217,"ded7da5a":214,"feb67030":189,"c455f40e":205,"24ffcbd3":230,"0f029727":211,"fbdffc95":191,"d141db49":203,"04ea5673":205,"c0b0f492":212,"65a00a3c":196,"61f25dd4":230,"94a2fe10":216,"7cd0ad7b":219,"48655f09":247,"03dcfa3d":204,"3e602573":210,"fea793f5":210,"ba938220":196,"16b476e9":200,"0d28db94":202,"54d7de6b":231,"7a4c064c":210,"a6b5e869":214,"cc5a1d47":198,"7ee7621c":196,"67c57de4":217,"d83294cd":198,"f56ac638":191,"2b698053":209,"1a442bc7":182,"87ce8d1d":182,"d82592f4":226,"77bae750":206,"794f652b":215,"ccf8b803":210,"12dd6f5e":191,"04643409":204,"d3e84616":207,"2a387957":207,"0277d748":217,"254cc28c":214,"9a467a82":211,"bb99c79c":200,"30dd2edc":203,"416a9e97":200,"383e232d":208,"b947257e":215,"aec074c4":213,"084cbc0b":200,"70c1e715":214,"1f7607df":192,"f069bb07":209,"26ed1a5c":205,"1e7753d9":215,"66497c7e":197,"d634aa28":212,"e0154608":211,"c0fea118":202,"a836aa93":209,"69d4b754":196,"dcf85091":198,"8e99d5d0":241,"53431634":226,"b769bdfb":207,"09f0db62":226,"9a3ab0b8":204,"f2e3c0e3":183,"8f10fa42":231,"6a7392d5":185,"fead11cf":202,"c6dc900c":181,"dd3913d2":196,"e865e4dd":200,"08a561b7":208,"616d6dd6":199,"b2cfdbcf":198,"d5dae4c4":226,"1d44aff3":219,"43bc86e3":209,"83086d4c":212,"8dd649a3":206,"93ac9ca3":205,"f6fe095d":221,"8274885a":197,"07fc4a9a":217,"0114160e":200,"3c782bb3":206,"88a30343":208,"a6bcb07e":197,"b36a0d66":192,"6291e9e9":217,"d0b297b2":200,"67f6e4f2":182,"40569362":224,"792c9b6a":191,"5f6613c8":190,"5ac86fb9":214,"60d6cee2":201,"2ab62345":191,"9b3f8714":216,"24a9fb86":225,"b35bb8a1":190,"e0e6a097":208,"06073f13":219,"b35e9e1a":251,"f734c84c":229,"44ff8baa":211,"da3437cd":186,"25e0dd3d":198,"df81ddee":202,"0149e11a":196,"85de05f2":198,"aa021138":229,"f8b31ce5":226,"481754fc":189,"1a442bc7":183,"753ca352":209,"629800eb":213,"95d331b1":204,"d7cb9bcf":197,"5b5fc566":209,"91b28f83":215,"f7231212":201,"ba586505":221,"87cd2add":195,"ac030e74":188,"e4c312fe":211,"d83870f5":202,"621d6b18":217,"cf52025e":205,"b2bd8fd3":183,"bad6cdb1":174,"baebb391":216,"e6fac295":195,"03dcfa3d":205,"25d1b2d8":211,"d1fe2868":219,"ce3407dd":195,"8ec3834d":223,"1b881e6e":213,"9d9dd9e5":195,"394dc144":190,"7080f122":196,"57540cc3":206,"546f6845":203,"6cba74ce":180,"d6320619":204,"9e206c95":228,"3f65f121":217,"884b0ad1":199,"1f342a00":204,"5747db6e":223,"778c95e9":198,"0fc5ac7e":234,"7e991ab9":164,"2c627253":213,"ba30e43a":225,"4fd645f1":203,"f1b493de":231,"2045d7d6":200,"ca6d2d91":204,"259930ee":215,"66b7b5b4":201,"44c77422":208,"751bcf25":201,"902f49f5":207,"059d6c19":220,"1a2ec5d7":222,"a3253019":200,"36380d96":208,"f2086446":191,"1247fa52":210,"f3992a31":227,"7af262e5":239,"55928ef1":197,"fead11cf":203,"20958d58":199,"30c184b8":204,"7fdc2007":190,"50b558a7":188,"42cd2360":172,"ef8987d7":189,"91f7ef72":195,"b2cfdbcf":199,"a472532e":195,"3a291497":186,"5ef93e5d":183,"ea9bba6b":207,"dc583e64":222,"83086d4c":213,"6b79fec2":198,"9a3cc55d":193,"f1dffa24":185,"95d3d348":194,"bab97de3":210,"d9dcdc4b":224,"3c782bb3":207,"1138796e":212,"11888cfa":190,"868edcc0":217,"725dce8b":218,"bc3dc66a":207,"35aa7fd0":213,"a2c334e7":226,"9f5e6cba":214,"2ab62345":192,"4125085e":215,"1b153aef":213,"e8f173b5":215,"67f6e4f2":183,"761cf820":217,"4ac6bd4e":191,"f1862e79":178,"82b81567":187,"b7407bd3":196,"f598a332":195,"9b172ca8":186,"c8dc010f":209,"6490bac6":195,"25e0dd3d":199,"92136ff5":209,"2ad42a9e":231,"2b3c49b9":199,"79e4fa1c":213,"d4d5f466":200,"f1df62b4":211,"bb00e71c":195,"597c1f81":214,"0d28db94":203,"4652b09a":210,"9f74b8a4":190,"e4c312fe":212,"2882a956":198,"7218c9f1":203,"fea793f5":211,"4930f321":197,"b3f19a69":194,"7fb4c521":210,"48655f09":248,"87ce8d1d":183,"c609739e":215,"be1746a0":203,"35b58ef9":195,"2d382981":195,"0f72f2d8":209,"1d790491":209,"44a4f7cd":205,"cb6c9e42":229,"bda8cdfb":211,"bad1a1cc":209,"c67979e6":232,"140ce69e":194,"c98d5272":193,"3454fa2b":180,"9de29816":182,"6d5fcd4c":203,"eeaa2d46":223,"f5596d0f":209,"1d153b20":213,"f4726450":197,"778c95e9":199,"2c01e624":214,"7be025ce":200,"902f49f5":208,"5f620a1e":208,"4279e829":227,"4def63ee":187,"d634aa28":213,"0f029727":212,"f1b493de":232,"a577db1c":209,"93683c82":194,"37a7d5b0":201,"ffc86f94":195,"20e470e0":212,"9d4da635":191,"b8488fc8":210,"fe8f3d36":201,"062179c1":203,"0042f6eb":203,"6c524f99":216,"11b2c8d9":198,"50b558a7":189,"345c9967":200,"0a1d11e6":196,"d8e58a8c":224,"74c26380":230,"f789f6d8":202,"6e44927f":204,"e865e4dd":201,"7ee148e9":196,"8e4c33d2":197,"c0b7e7d7":194,"77d35808":184,"5623817d":192,"39bbc4bc":206,"5270f158":197,"fb44fa9c":217,"6d802fa2":188,"d1ca5d6b":211,"e58b26f6":222,"39ba00f0":209,"f069bb07":210,"6df0b2e8":233,"51f80f4c":239,"aec4e1bf":212,"e9a8cf11":205,"5f6613c8":191,"288a2c43":204,"32c9fc47":209,"e0f7679f":196,"4b3e3b1c":209,"0d2c95fe":213,"9263c525":212,"4ba6eb36":194,"a3d4a0e5":216,"cfe72ead":194,"8c6e001f":184,"3a1b9af5":204,"3498f223":205,"470d50c2":218,"7f86be64":200,"0dad37d5":220,"c382f054":218,"168e75d9":206,"be2955bb":204,"efd23af5":191,"daab45c6":194,"a851554d":220,"c45d554f":222,"debe1f65":201,"da3437cd":187,"feb67030":190,"ea274174":212,"49bf2e95":198,"ae95f2ba":224,"753ca352":210,"aa187e3b":209,"1c0a9eff":196,"d2466211":213,"f56ac638":192,"7566fdd6":208,"d39724bc":209,"f1df62b4":212,"93b0a158":228,"a06a6430":221,"6b82b527":212,"91536e85":221,"5eab91a0":210,"e6fac295":196,"812b4f15":194,"a0bc1ceb":200,"87922532":233,"03dcfa3d":206,"27c8e038":216,"dfc89705":196,"2132fe93":207,"ce3407dd":196,"77bae750":207,"9d9dd9e5":196,"36b7003c":231,"50d129cf":205,"5339e1e9":223,"1d790491":210,"af157d29":202,"ec2cb1af":214,"bb99c79c":201,"3f65f121":218,"49902219":234,"51f57142":212,"22176537":212,"bca2d7cd":205,"2180f99b":196,"fd07e0ed":218,"014460b9":230,"ca7d47f7":212,"b6591e25":208,"75ffea08":206,"d141db49":204,"a68a93b2":201,"4c39240e":224,"30dbfc69":200,"b7505747":212,"bb98a6cf":231,"0af920d8":195,"4def63ee":188,"4ee62a26":195,"be40590d":204,"5f4102da":212,"a8c93bed":205,"55928ef1":198,"dc0c8b09":222,"7bda83dd":197,"cd522166":224,"8b5a8e9f":206,"71e53c93":200,"95904ac4":223,"a15713c6":229,"8274885a":198,"42191b64":181,"c318d350":219,"1da771fb":210,"6ce84ff8":191,"f1dffa24":186,"2203f259":212,"383e232d":209,"e58b26f6":223,"6751d8e4":217,"72d7b461":226,"8d04852b":202,"b35bb8a1":191,"af034fee":222,"725dce8b":219,"1be05c14":211,"8aa78e2f":187,"e7e82473":228,"a6bcb07e":198,"50312237":213,"3d1af513":217,"a4dafea5":201,"754f98c9":226,"c85a0d80":203,"655954ba":202,"9267f0ef":211,"efe84c27":203,"288d171f":211,"3498f223":206,"e2cbe594":206,"ab7467de":228,"c8dc010f":210,"b6ee137a":202,"4295ce9a":209,"4dac6b20":179,"ded7da5a":215,"e8f173b5":216,"c4aa1e38":190,"1ff8c2fc":209,"4945c851":224,"761cf820":218,"b4fdf90e":217,"5ef93e5d":184,"ec110282":243,"a472532e":196,"1d44aff3":220,"053f3451":202,"00cf385d":215,"4d9b0b10":215,"2882a956":199,"87083264":221,"ae99df30":186,"bec9d329":227,"6a5b71b4":190,"b73e789c":185,"e0e48a2d":204,"fea793f5":212,"abd32136":215,"cf9f4757":213,"1a442bc7":184,"49bf2e95":199,"a43061ee":200,"aefe13f5":218,"74e01f6a":204,"59c1e594":191,"baebb391":217,"48655f09":249,"4febf7c5":201,"47cfba38":186,"aa9ea5e8":185,"7af9d3b1":208,"50d129cf":206,"8a52882e":213,"37fbb107":211,"1d790491":211,"04643409":205,"0670c466":199,"21ee2afe":222,"c98d5272":194,"172217e5":219,"f87c5031":210,"8dd2684c":216,"a63bddd4":251,"affb82bf":233,"09560615":191,"a81a857c":202,"66497c7e":198,"7cd0ad7b":220,"ca7d47f7":213,"d634aa28":214,"1623fc9f":202,"a68a93b2":202,"fce3c5c6":192,"24ffcbd3":231,"9316e7e8":175,"cc6bbe45":195,"b7434f57":170,"7be025ce":201,"3f9b5722":188,"1105f790":233,"33d6bb6a":199,"9a07d89b":186,"6a7392d5":186,"0042f6eb":204,"fee32863":212,"78467b8a":206,"578f6e9e":218,"f1dffa24":187,"5099c6a0":232,"1951480c":189,"26c390d6":213,"2d13e69b":202,"272c7672":219,"7e991ab9":165,"fd369c21":211,"911e770b":202,"bca2d7cd":206,"9a3cc55d":194,"6d61bf13":195,"fe1d4419":208,"4b4ecbce":194,"145c7559":187,"c4feee5b":216,"c7313e0a":215,"f3992a31":228,"704bce0d":198,"f76a3e83":211,"44ff8baa":212,"daab45c6":195,"ded7da5a":216,"85de05f2":199,"8f9b74b0":192,"20777945":201,"a6bcb07e":199,"59431390":202,"90731976":204,"8245f916":202,"49910300":192,"3a1b9af5":205,"8d753bb6":208,"95904ac4":224,"c91966ce":202,"4abb7aed":200,"012de09c":202,"3f75d3bc":229,"00a481e3":219,"74c26380":231,"056ea7ff":221,"ffa08d82":202,"ef14000f":227,"5eab91a0":211,"6a5b71b4":191,"a502c93c":206,"290b4714":206,"2ce1af05":186,"8298e976":224,"8c6e001f":185,"c7c4ec5c":187,"45fb95c1":209,"c4aa1e38":191,"cd95f558":209,"fe0df575":219,"87ce8d1d":184,"6ebe2354":183,"dfc89705":197,"17807120":190,"c27969ec":194,"be149c6f":192,"5774ac0d":213,"181c3dd5":204,"b7cc7909":214,"4911acad":179,"17446892":202,"5f6613c8":192,"4ed01268":196,"e15fd611":194,"90d52475":208,"a9b1bd51":167,"c81b2bcf":191,"f66616b7":212,"5f7d7195":202,"7d6895f4":217,"4469c815":182,"e9adbe58":213,"945b63f0":232,"9a467a82":212,"e8d74304":191,"b7df1559":210,"c45d554f":223,"88fa53d6":185,"d9f512b9":217,"31408822":195,"3b690f68":227,"c8fcad77":188,"d70ca4f4":228,"7e76c93c":211,"40a745c0":209,"fbdffc95":192,"7043382d":204,"a68a93b2":203,"4def63ee":189,"c3e6ef01":211,"751acea8":193,"95d331b1":205,"9c29f0ed":229,"5acce642":220,"cc5a1d47":199,"935ec056":205,"d4d5f466":201,"20958d58":200,"eb2e1983":208,"ec11fe5f":191,"33d6bb6a":200,"9a07d89b":187,"f2e3c0e3":184,"8721056e":189,"a40846b7":211,"f6fe095d":222,"f2f58418":197,"4d35385e":196,"0bd93cfd":169,"6a3eaf43":223,"cbb54a0a":189,"d744bee2":200,"8657c79d":200,"f069bb07":211,"a625328f":212,"25635c37":181,"e238f09b":221,"5270f158":198,"3c43e8a2":221,"095ab3b4":210,"b3863630":196,"8e99d5d0":242,"4b4ecbce":195,"696fdac5":223,"c85a0d80":204,"168e75d9":207,"5e193fc8":204,"261c9911":227,"54a676d6":205,"17b08923":205,"a901627e":204,"fe44fc6f":193,"f789f6d8":203,"91f7ef72":196,"2dd0e808":200,"a5fd8ffd":215,"dc03ebd2":222,"7a4c064c":211,"7fb4c521":211,"ae95f2ba":225,"37d0cae2":206,"bab97de3":211,"f277386e":175,"d6db2b02":215,"cfe72ead":195,"9260d96b":238,"489a39f7":208,"07fc4a9a":218,"db0a661e":202,"02d4753e":220,"1bd5b20b":219,"5ee911b5":196,"408bb2ed":207,"792cfcbd":210,"468fc85c":210,"e4714415":228,"dc473de1":190,"17446892":203,"deb31f35":217,"c93c3508":192,"162a7348":204,"bb8a6337":199,"088feee2":212,"2a387957":208,"a939b50b":201,"815e4582":215,"5339e1e9":224,"6e98dfda":215,"c6c85783":221,"4469c815":183,"bb99c79c":202,"13f0e139":193,"cac4449a":204,"1c3a30c5":215,"a0bc1ceb":201,"12a2cd4b":205,"0bfabf48":199,"5acce642":221,"7fef9973":202,"7566fdd6":209,"597c1f81":215,"d815c5b4":238,"629800eb":214,"e4117b3b":187,"ba586505":222,"e382ec3f":188,"0e2b5d2f":210,"11b2c8d9":199,"b87158fb":197,"2bcca6a7":225,"547903ef":211,"feb67030":191,"20777945":202,"bc09fa9e":206,"debe1f65":202,"3007f31f":195,"805af3c7":202,"8db62558":210,"28d40296":178,"7cd0ad7b":221,"ba30e43a":226,"24ffcbd3":232,"66b7b5b4":202,"f4634d0b":204,"c1bdfd41":203,"b7505747":213,"20e470e0":213,"7a9344a4":224,"c8fcad77":189,"b6591e25":209,"172217e5":220,"3661e12d":211,"d6320619":205,"0277d748":218,"217c0327":181,"6751d8e4":218,"8cd78f77":206,"383e232d":210,"de6213c7":196,"3c6692a3":228,"b7832271":223,"98915a1f":195,"a77e127d":184,"95d3d348":195,"317c1591":218,"e7773397":195,"c95719e5":193,"93ac9ca3":206,"25635c37":182,"1745a0f4":217,"dc0c8b09":223,"5f4102da":213,"5ef93e5d":185,"a5676c24":208,"2c6cb96f":177,"6023df54":199,"7ae34c64":200,"56473430":217,"5f96c2bc":201,"e7abc88d":191,"288d171f":212,"f121b82c":218,"6b78ad7f":205,"f2086446":192,"168e75d9":208,"ab7d4c9a":201,"5c82d1ce":210,"c650b434":209,"79e4fa1c":214,"8cf83787":186,"95bc84f1":189,"1438fad7":212,"e8f173b5":217,"4ac6bd4e":192,"408bb2ed":208,"a3d4a0e5":217,"0d2c95fe":214,"608bc832":173,"95f6db13":206,"c7c4ec5c":188,"de11eb19":222,"d102b0c6":189,"45b038bb":240,"b35bb8a1":192,"5f6613c8":193,"dcfaba4c":205,"42c80e69":217,"725dce8b":220,"c93c3508":193,"6632fed0":213,"37fbb107":212,"77bae750":208,"9d9dd9e5":197,"2a387957":209,"2b3e4717":211,"7e15f8e8":217,"1b881e6e":214,"064a99c8":211,"3e602573":211,"dfc89705":198,"cac4449a":205,"6be9332a":198,"d8475b95":184,"87922532":234,"0bfabf48":200,"597c1f81":216,"b9be31d6":219,"e0e48a2d":205,"abd32136":216,"cb4f262b":193,"7f6d1d0e":212,"77bfed7e":199,"93b0a158":229,"869cbaa0":219,"ac030e74":189,"6ee92259":212,"16b476e9":201,"ea4d3f3e":216,"26dd2000":222,"ab7467de":229,"7bebff03":202,"ecfa8249":226,"caddd0a7":218,"e786063b":216,"7cd0ad7b":222,"30c5d755":219,"4279e829":228,"7e76c93c":212,"1f11812e":223,"259930ee":216,"1e7753d9":216,"059d6c19":221,"b7505747":214,"751bcf25":202,"d9f512b9":218,"110b1ee3":210,"ac38a6a5":217,"2cb29e5a":216,"9c045c61":209,"51f57142":213,"6cba74ce":181,"623c6a31":218,"22176537":213,"26c390d6":214,"70bc8325":203,"3062379b":195,"4bcd4a30":222,"84b767be":233,"3c6692a3":229,"2a06ab95":220,"f2470875":213,"363590c7":219,"83086d4c":214,"82868763":203,"971675c5":215,"317c1591":219,"f121b82c":219,"104721f0":206,"c5b35e4d":188,"69d4b754":197,"8e99d5d0":243,"e7abc88d":192,"c382f054":219,"05f6ab35":222,"6c486702":212,"2a76f1dd":180,"a567ace4":213,"a8c93bed":206,"c6dc900c":182,"d78dd457":196,"e865e4dd":202,"2dd0e808":201,"d9d0c567":215,"a472532e":197,"71e53c93":201,"61145ec9":234,"a15713c6":230,"c564e316":220,"07fc4a9a":219,"6a60348e":203,"0b5a0408":218,"de36827b":242,"8b2b601d":216,"40569362":225,"5678ed7b":216,"5acaa06f":180,"28d41578":218,"de11eb19":223,"1bd5b20b":220,"554ebb83":217,"5a0ead91":187,"4ea4a2a1":234,"be149c6f":193,"deb31f35":218,"7af9d3b1":209,"bb8a6337":200,"dcfaba4c":206,"24a9fb86":226,"76f3a3be":215,"6adce358":228,"2a387957":210,"064a99c8":212,"71bc1295":197,"d8475b95":185,"12271e14":215,"7a4c064c":212,"d2466211":214,"ac030e74":190,"00a17b46":209,"b3f19a69":195,"ad2d7bed":215,"0d28db94":204,"9cb4697f":209,"ef14000f":228,"a06a6430":222,"16b476e9":202,"00cf385d":216,"e4117b3b":188,"88ce179e":213,"9fc713b0":221,"03dcfa3d":207,"3ef7432b":205,"ccb5ea3e":190,"70594a28":210,"e2cbe594":207,"9a80f004":207,"fb8bfb36":229,"6b9eff39":203,"805af3c7":203,"c4e70c07":199,"9d4da635":192,"57167c74":192,"dbd2f139":215
1604737688019,"26ed1a5c":206,"7e76c93c":213,"f883d582":190,"44c77422":209,"4def63ee":190,"b6591e25":210,"e62d705f":195,"0f029727":213,"bad6cdb1":175,"97e75c19":214,"cf775f58":215,"7e15f8e8":218,"0670c466":200,"4ed01268":197,"7080f122":197,"01d817b8":186,"bb99c79c":203,"865d9857":198,"217c0327":182,"f5596d0f":210,"0e036ae9":218,"084cbc0b":201,"9ab755d3":197,"50c3164b":228,"284544ba":197,"e58b26f6":224,"39ba00f0":210,"f271ed5d":203,"b102f7bd":209,"c463799d":205,"11b2c8d9":200,"6a7392d5":187,"ba5c52af":197,"9a07d89b":188,"2bcca6a7":226,"a901627e":205,"49cb2959":214,"4abb7aed":201,"a472532e":198,"781ace7d":206,"f3a0c2ee":204,"c91966ce":203,"eda6a690":205,"4360a1a3":221,"c382f054":220,"dbc9df44":185,"104721f0":207,"c0fea118":203,"7f86be64":201,"145c7559":188,"f3992a31":229,"014bdff0":218,"ea9bba6b":208,"3f2522c2":224,"c0b7e7d7":195,"5270f158":199,"8dc9b4db":211,"820225e4":190,"d36125db":214,"6a60348e":204,"6291e9e9":218,"88a30343":209,"6f0fcb9d":213,"489a39f7":209,"a6bcb07e":200,"92d38723":216,"379184a7":230,"2e99f8fd":213,"e0e6a097":209,"72805bf5":197,"8d04852b":203,"deb31f35":219,"8cddb65e":204,"6df0b2e8":234,"bc3dc66a":208,"5ac86fb9":215,"b8397293":198,"4f5e3e7d":199,"7a4c064c":213,"00a17b46":210,"4d9b0b10":216,"7fef9973":203,"91b28f83":216,"385ab7c6":217,"93b0a158":230,"c8113b77":193,"cb142908":199,"d815c5b4":239,"2ce1af05":187,"f0a06216":213,"a502c93c":207,"e356abf1":222,"c609739e":216,"a0ce82b4":207,"5fa12feb":220,"9a80f004":208,"c8dc010f":211,"7e8e1c3d":199,"daab45c6":196,"e1f0dbfd":233,"dac109cf":200,"aab4d996":197,"a577db1c":210,"906632cb":232,"a543ec74":191,"a43061ee":201,"742f1425":204,"a0bc1ceb":202,"03c398d2":218,"ae8a09c4":220,"4ed01268":198,"f4b2f575":197,"b88033fd":218,"789bd484":199,"50d129cf":207,"93fdbb44":200,"a983a6dc":185,"8cc4a982":223,"be4f8ba8":196,"2cb29e5a":217,"08c6b5d2":208,"f3d68430":217,"57540cc3":207,"315537b2":211,"fd369c21":212,"2c01e624":215,"0fc5ac7e":235,"2a06ab95":221,"9147702f":194,"de6213c7":197,"6a3eaf43":224,"be3a10f8":235,"19551bad":197,"f67de058":216,"9b546d65":193,"b102f7bd":210,"1105f790":234,"2a76f1dd":181,"a901627e":206,"7c0a2db6":199,"db8ba455":215,"42cd2360":173,"08a561b7":209,"f789f6d8":204,"1d44aff3":221,"0a2f71bc":192,"30fdcd3b":213,"014460b9":231,"66497c7e":199,"868cda42":208,"3b690f68":228,"1f11812e":224,"4def63ee":191,"a4f1d83b":199,"be40590d":205,"501db4de":206,"c382f054":221,"4e3f5178":227,"f3992a31":230,"f2086446":193,"0da28f5b":223,"b215547b":194,"09ff339a":175,"dc583e64":223,"95d3d348":196,"8dd649a3":207,"6ce84ff8":192,"5099c6a0":233,"836701f6":208,"6291e9e9":219,"bab97de3":212,"0114160e":201,"1f88a4b7":232,"07fc4a9a":220,"a533489b":233,"e7e82473":229,"5acaa06f":181,"aa9ea5e8":186,"081460bf":204,"12534561":200,"227006e4":205,"71a2a493":176,"c4bff41f":226,"57d5dee8":206,"fb44fa9c":218,"67f6e4f2":184,"6585adbe":187,"f1862e79":179,"45b038bb":241,"49bf2e95":200,"07f98660":222,"d83294cd":199,"7a840529":203,"c0b23081":234,"ef14000f":229,"e6ec8cbf":221,"f56ac638":193,"ac030e74":191,"abd32136":217,"37d0cae2":207,"5acce642":222,"cc5a1d47":200,"ee21ad02":235,"2882a956":200,"0149e11a":197,"e2a7d915":177,"bfad1727":188,"18d20aa1":211,"21e10a2b":208,"c45d554f":224,"7b6a7048":203,"bc392d1c":179,"b6aaf976":200,"812b4f15":195,"12271e14":216,"b7df1559":211,"804d4dfa":197,"468fc85c":211,"39a2fcce":197,"36b7003c":232,"a9b1bd51":168,"cb6c9e42":230,"449d8475":182,"77f31bab":222,"8ec3834d":224,"d2a841c9":199,"6d5fcd4c":204,"6d339d45":184,"4469c815":184,"f5596d0f":211,"623c6a31":219,"ef8321d8":212,"50c3164b":229,"fd07e0ed":219,"cbb54a0a":190,"ef1c2dcb":212,"e58b26f6":225,"84b767be":234,"aec074c4":214,"20958d58":201,"0042f6eb":205,"eebc8d43":199,"8063df14":218,"f2e3c0e3":185,"fe8f3d36":202,"a0685bf3":229,"65e4235b":210,"db8ba455":216,"45b5746e":203,"6023df54":200,"fd482491":234,"56473430":218,"2154b6e8":197,"57167c74":193,"ba30e43a":227,"d033db8d":219,"7e76c93c":214,"4279e829":229,"059d6c19":222,"14c682eb":203,"0b959527":197,"906632cb":233,"805af3c7":204,"1f11812e":225,"58d46189":222,"56d315d8":189,"acac14fb":190,"b215547b":195,"104721f0":208,"c21ab51e":192,"60e855ee":222,"5623817d":193,"83086d4c":215,"fe1d4419":209,"d9dcdc4b":225,"4125085e":216,"5f6613c8":194,"bc3dc66a":209,"47cfba38":187,"0681c48e":221,"12534561":201,"aa9ea5e8":187,"5ee911b5":197,"26f99a1e":185,"8323d333":192,"17b08923":206,"fb7b7b3c":218,"fafb4cc2":253,"a06a6430":223,"7e95c5a0":209,"bd2705b0":215,"d4ee22a4":206,"67d30f2b":198,"9c29f0ed":230,"1bb4ccc0":206,"d5059415":188,"677c6a09":224,"4930f321":198,"ad2d7bed":216,"6841f77e":222,"9f74b8a4":191,"d815c5b4":240,"69d4b754":198,"4c4aa2e2":199,"8e780922":192,"7e8e1c3d":200,"4eed1bea":218,"e1f0dbfd":234,"e2cbe594":208,"f734c84c":230,"df81ddee":203,"4e5aaaec":201,"77d35808":185,"3652bd66":201,"69f3bfcc":197,"c4aa1e38":192,"0b5a0408":219,"f1862e79":180,"0d2c95fe":215,"d6db2b02":216,"8c6e001f":186,"59c1e594":192,"4ff2225d":204,"0cb80f4a":204,"6be9332a":199,"23080895":194,"bad6cdb1":176,"d8475b95":186,"2d382981":196,"ae8a09c4":221,"ccf8b803":211,"2b3e4717":212,"d5557fb4":215,"088feee2":213,"04643409":206,"23760167":204,"90d52475":209,"2cb29e5a":218,"affb82bf":234,"6de0aaac":190,"09560615":192,"3f65f121":219,"d6320619":206,"88432019":197,"272c7672":220,"d0d6acb1":204,"8721056e":190,"78b97937":230,"05f6ab35":223,"b87158fb":198,"0b959527":198,"30c5d755":220,"6f81493d":195,"a577db1c":211,"d634aa28":215,"d9f512b9":219,"30d84dce":182,"ca7d47f7":214,"3f9b5722":189,"92f800f5":232,"c8977844":205,"6e24d88b":199,"e32524d6":200,"e62d705f":196,"60e855ee":223,"c564e316":221,"1f342a00":205,"2d13e69b":203,"4bcd4a30":223,"2a06ab95":222,"dd7acb96":213,"e4714415":229,"2ab62345":193,"162a7348":205,"68562193":212,"6ce84ff8":193,"f2470875":214,"3c43e8a2":222,"0b3283c9":214,"32c9fc47":210,"c95719e5":194,"8aa78e2f":188,"b36a0d66":193,"4ba6eb36":195,"7a6aa4b6":210,"1f88a4b7":233,"4ea4a2a1":235,"e36dfd6f":211,"45fb95c1":210,"82b81567":188,"bbe71605":186,"d33790a2":235,"49cb2959":215,"313258f2":217,"dd3913d2":197,"fe44fc6f":194,"13b53c7a":211,"f905a555":197,"65e4235b":211,"50b558a7":190,"ae016053":232,"52eca0dc":219,"9fce073c":209,"d83870f5":203,"7ee7621c":197,"cb142908":200,"11b74e63":210,"ac030e74":192,"9c29f0ed":231,"a6b5e869":215,"7fef9973":204,"91536e85":222,"2e99f8fd":214,"9f2b16a7":219,"2e3503e4":217,"145c7559":189,"0da28f5b":224,"7f86be64":202,"754f98c9":227,"f76a3e83":212,"20777945":203,"ecfa8249":227,"92136ff5":210,"a0cca8b7":196,"d25e0f8d":235,"bfad1727":189,"c45d554f":225,"08a4c3f8":210,"064a99c8":213,"4cc141fa":174,"24d24fa3":198,"ae8a09c4":222,"ad8f85d6":230,"cbad3b92":234,"4911acad":180,"a47abfbb":195,"dc473de1":191,"b88033fd":219,"44a4f7cd":206,"e15fd611":195,"527ff946":215,"815e4582":216,"4ed01268":199,"ce3407dd":197,"7d6895f4":218,"99d130c9":202,"9aa6a054":210,"91b28f83":217,"1dad0f99":204,"67d30f2b":199,"b102f7bd":211,"a567ace4":214,"8f10fa42":232,"733c86f8":214,"fead11cf":204,"7fdc2007":191,"8f13c203":191,"026766f3":203,"7cd0ad7b":223,"b5ce0c0c":218,"4def63ee":192,"56d315d8":190,"430a5db5":211,"aa021138":230,"1a2ec5d7":223,"24ffcbd3":233,"5ccf94d6":208,"9e65c0ef":199,"04ea5673":206,"bb98a6cf":232,"affb82bf":235,"22ecaed0":212,"6de0aaac":191,"08c6b5d2":209,"30dd2edc":204,"6751d8e4":219,"57540cc3":208,"8657c79d":201,"2a06ab95":223,"aaa274a5":204,"b7832271":224,"2f455cce":204,"0d2a1c58":198,"263762cb":192,"6ce84ff8":194,"dc583e64":224,"d1676e89":207,"3712c4bd":196,"c318d350":220,"6085137f":204,"013ee301":199,"78467b8a":207,"e865e4dd":203,"d9a64845":210,"f905a555":198,"012de09c":203,"a0cf08b3":165,"56473430":219,"ae016053":233,"5eab91a0":212,"26009d3f":185,"59431390":203,"8d000d6e":198,"608bc832":174,"e81834aa":234,"b2703001":212,"7a6aa4b6":211,"685207b3":213,"e1618359":211,"a3253019":201,"efe84c27":204,"6b78ad7f":206,"288d171f":213,"c5b35e4d":189,"72b84094":236,"f9f2c53f":185,"e21c6207":212,"70594a28":211,"daab45c6":197,"5a622a23":208,"ccb5ea3e":191,"50312237":214,"0114160e":202,"f1862e79":181,"b552beb3":218,"336d0f08":212,"8245f916":203,"26c6fa34":199,"9b3f8714":217,"a6003226":209,"03b4ab60":192,"74e3d13e":212,"031e488e":222,"e4714415":230,"5eaa1581":201,"b8ab8e6e":201,"c6c85783":222,"48efc739":223,"815e4582":217,"9d63c4dd":206,"1634789b":214,"36b7003c":233,"3f65f121":220,"6cba74ce":182,"99d130c9":203,"dfc89705":199,"9fc713b0":222,"6be9332a":200,"0eaf08da":206,"0f72f2d8":210,"9cb4697f":210,"91536e85":223,"124fbe96":206,"7fb4c521":212,"5acce642":223,"93b9fae6":199,"3b2dee89":194,"2ce1af05":188,"e57d5cda":197,"1c0a9eff":197,"95d331b1":206,"87cd2add":196,"cc5a1d47":201,"82204d54":202,"f5e8dfee":221,"ca7d47f7":215,"b7505747":215,"1f11812e":226,"25776fc4":216,"9d4da635":193,"c015ec5a":214,"30d84dce":183,"f4634d0b":205,"4577b333":217,"9e65c0ef":200,"d033db8d":220,"a4f1d83b":200,"30c5d755":221,"0c043224":219,"fd6dcb20":216,"0277d748":219,"22176537":214,"3661e12d":212,"3454fa2b":181,"f069bb07":212,"fd369c21":213,"3c6692a3":230,"508aac3d":210,"e58b26f6":226,"d552eb2f":210,"6a3eaf43":225,"d599b566":218,"39bbc4bc":207,"0b3283c9":215,"3f2522c2":225,"5623817d":194,"695a2b92":194,"bd62d7ed":191,"8b5a8e9f":207,"ba5c52af":198,"6c524f99":217,"2a4a402a":202,"a15713c6":231,"537634c9":184,"43bc86e3":210,"d9a64845":211,"b2cfdbcf":200,"52eca0dc":220,"71e53c93":202,"437fc3ec":225,"3498f223":207,"dcf85091":199,"655954ba":203,"be2955bb":205,"53431634":227,"1a68160d":210,"972f4174":215,"72b84094":237,"e2a7d915":178,"201cafad":202,"26dd2000":223,"868edcc0":218,"36fb15d2":224,"a3d4a0e5":218,"408bb2ed":209,"0be540c5":212,"2cce4fb2":212,"8245f916":204,"1138796e":213,"f9c15fcc":201,"d9dcdc4b":226,"82b81567":189,"ce4da56f":217,"c4aa1e38":193,"7ae3fc50":185,"f94bf9ea":197,"60d6cee2":202,"2ab62345":194,"aec4e1bf":213,"3c18f28e":206,"e4714415":231,"6632fed0":214,"36684155":209,"f4b2f575":198,"d957f027":205,"90d52475":210,"815e4582":218,"bf822e33":207,"5339e1e9":225,"cbad3b92":235,"3e602573":212,"9c58dd76":201,"c6e3d352":212,"804d4dfa":198,"2198ba8e":198,"0f72f2d8":211,"ae99df30":187,"bf30a08f":221,"e0e48a2d":206,"e4cfef0a":197,"76f94eda":209,"a6b5e869":216,"290b4714":207,"385ab7c6":218,"2b698053":210,"37d0cae2":208,"16b476e9":203,"a06a6430":224,"7218c9f1":204,"6f39f4d9":223,"21ad2f34":224,"27d8bf51":207,"a851554d":221,"4def63ee":193,"49b358bd":213,"902f49f5":209,"14c682eb":204,"c8977844":206,"c8fcad77":190,"1a2ec5d7":224,"62d1d346":184,"cd3bbe7e":204,"e32524d6":201,"1f11812e":227,"0f029727":214,"93683c82":195,"66497c7e":200,"ef8321d8":213,"51f57142":214,"6d5fcd4c":205,"21ee2afe":223,"bb99c79c":204,"57540cc3":209,"36d340f2":179,"6751d8e4":220,"d0d6acb1":205,"aa5dfdf5":209,"3062379b":196,"f069bb07":213,"1f7607df":193,"7028b044":205,"836701f6":209,"004f1ef3":250,"30c184b8":205,"6a7392d5":188,"b87158fb":199,"a567ace4":215,"fee32863":213,"c510bfd3":216,"2bcca6a7":227,"fe44fc6f":195,"a472532e":199,"3f75d3bc":230,"7c0a2db6":200,"5ef93e5d":186,"d9d0c567":216,"dd035d2a":198,"7ee148e9":197,"f2470875":215,"e9679ede":197,"c382f054":222,"b215547b":196,"c7313e0a":216,"0da28f5b":225,"168e75d9":209,"655954ba":204,"8e4c33d2":198,"71ff66e8":224,"363590c7":220,"1db42092":211,"54a676d6":206,"3a1b9af5":206,"f044c0e1":198,"7a6aa4b6":212,"0cb80f4a":205,"3c782bb3":208,"336d0f08":213,"159ffd0b":194,"288afc30":218,"28d41578":219,"5ee911b5":198,"6d802fa2":189,"cfe72ead":196,"227006e4":206,"6df0b2e8":235,"2ab62345":195,"64db4feb":222,"aa9ea5e8":188,"57d5dee8":207,"6867261a":210,"9d9dd9e5":198,"93fdbb44":201,"84369269":193,"2b3e4717":213,"088feee2":214,"812b4f15":196,"01cd8099":224,"aa187e3b":210,"16b476e9":204,"04cc7cbe":196,"87083264":222,"1bb4ccc0":207,"2882a956":201,"4f59a322":214,"5eab91a0":213,"e28c2efc":199,"053f3451":203,"6841f77e":223,"b73e789c":186,"b9be31d6":220,"d5059415":189,"c27969ec":195,"c6e3d352":213,"b7df1559":212,"be1746a0":204,"13f0e139":194,"d25e0f8d":236,"e2a7d915":179,"7e8e1c3d":201,"4dac6b20":180,"6b9eff39":204,"07107f6e":211,"53747a91":196,"0b959527":199,"f4634d0b":206,"4def63ee":194,"0a2f71bc":193,"93683c82":196,"14c682eb":205,"e62d705f":197,"d9f512b9":220,"430a5db5":212,"d033db8d":221,"c7636527":187,"906632cb":234,"62d1d346":185,"be40590d":206,"650bb0e0":206,"c98d5272":195,"12dd6f5e":192,"140ce69e":195,"bb99c79c":205,"175bc6b2":188,"f5596d0f":212,"21ee2afe":224,"affb82bf":236,"aa5dfdf5":210,"de6213c7":198,"7e991ab9":166,"c0e2624b":201,"778c95e9":200,"6e851762":203,"272c7672":221,"cd522166":225,"9a3ab0b8":205,"b102f7bd":212,"0f89862c":192,"78467b8a":208,"55928ef1":199,"a8c93bed":207,"7ae34c64":201,"906fdec3":188,"08a561b7":210,"6023df54":201,"aa76bc50":179,"dc03ebd2":223,"c91966ce":204,"f3992a31":231,"53431634":228,"a4296d1e":198,"b215547b":197,"34c5c729":207,"168e75d9":210,"9b742f71":197,"263762cb":193,"77d35808":186,"09ff339a":176,"5410e9c6":213,"e45b4b53":195,"dc583e64":225,"578f6e9e":219,"05642105":214,"8323d333":193,"1438fad7":213,"cf50e84e":200,"9e878ec2":207,"cf84fb54":217,"31f6d707":223,"e0f7679f":197,"e0e6a097":210,"ea274174":213,"26009d3f":186,"b8397293":199,"f044c0e1":199,"fa55f27a":213,"e4714415":232,"288a2c43":205,"4911acad":181,"f94bf9ea":198,"47cfba38":188,"540df50f":220,"dc473de1":192,"1c0a9eff":198,"04cc7cbe":197,"9cb4697f":211,"053f3451":204,"d5059415":190,"67d30f2b":200,"37d0cae2":209,"8ac72326":200,"54d7de6b":232,"7a840529":204,"cf9f4757":214,"f56ac638":194,"6f39f4d9":224,"ad303bda":213,"1c3a30c5":216,"23080895":195,"d8475b95":187,"4eed1bea":219,"0149e11a":198,"da3437cd":188,"bfad1727":190,"e21c6207":213,"df81ddee":204,"6bc5d32a":224,"e1571af7":196,"805af3c7":205,"014460b9":232,"ca7d47f7":216,"e3547548":196,"751bcf25":203,"2154b6e8":198,"f883d582":191,"30dbfc69":201,"57167c74":194,"6e24d88b":200,"b7df1559":213,"b460f030":232,"bad6cdb1":177,"a5aee5de":233,"48efc739":224,"394dc144":191,"527ff946":216,"aff8e442":214,"90d52475":211,"f66616b7":213,"c98d5272":196,"6d5fcd4c":206,"12012fbd":198,"fd6dcb20":217,"15620dca":224,"57540cc3":210,"623c6a31":220,"a63bddd4":252,"aaa274a5":205,"9fa62fee":195,"d3a669ac":219,"88b3bc99":193,"0bd93cfd":170,"d744bee2":201,"6e851762":204,"fef750ca":212,"8b5a8e9f":208,"0042f6eb":206,"831c7b85":213,"733c86f8":215,"1bc0591f":198,"2a4a402a":203,"fd482491":235,"49cb2959":216,"f789f6d8":205,"3a291497":187,"d5dae4c4":227,"a0cf08b3":166,"dd035d2a":199,"0841052c":222,"b6591e25":211,"cd3bbe7e":205,"685207b3":214,"1a68160d":211,"6fb4cdda":224,"bd984a8e":197,"77300e4a":185,"5be594be":201,"4e3f5178":228,"3712c4bd":197,"6ce84ff8":195,"c564e316":222,"095ab3b4":211,"26f99a1e":186,"5270f158":200,"ea9bba6b":209,"88a30343":210,"7732eb1e":233,"1b153aef":214,"69f3bfcc":198,"8245f916":205,"0d2c95fe":216,"b7407bd3":197,"b35bb8a1":193,"5ac86fb9":216,"a1370ab0":203,"31f6ba51":200,"dc473de1":193,"a2c334e7":227,"5774ac0d":214,"6f0fcb9d":214,"59431390":204,"90731976":205,"d0b297b2":201,"1be05c14":212,"1bd5b20b":221,"5ee911b5":199,"4b125e7b":200,"b3f19a69":196,"d815c5b4":241,"e28c2efc":200,"7fb4c521":213,"a6b5e869":217,"d7cb9bcf":198,"7735c3c2":200,"2882a956":202,"30b6808c":195,"fea793f5":213,"1dad0f99":205,"2ce1af05":189,"9c29f0ed":232,"a0ce82b4":208,"6490bac6":196,"7d112f4d":211,"df81ddee":205,"547903ef":212,"5fa12feb":221,"a0cca8b7":197,"638cb163":228,"fbdffc95":193,"ce3bf5db":204,"a81a857c":203,"c609739e":217
1604737689427,"062179c1":204,"78467b8a":209,"30c184b8":206,"19551bad":198,"0e2b5d2f":211,"fee32863":214,"9a3ab0b8":206,"b320feb9":214,"66b7b5b4":203,"49b358bd":214,"b7434f57":171,"cc6bbe45":196,"1e7753d9":217,"6e24d88b":201,"9d4da635":194,"0c043224":220,"61f25dd4":231,"00a481e3":220,"5f0c1b9d":208,"a472532e":200,"7ae34c64":202,"731fc335":193,"61145ec9":235,"781ace7d":207,"91b28f83":218,"bd2705b0":216,"ad2d7bed":217,"869cbaa0":220,"3498f223":208,"501db4de":207,"0da28f5b":226,"dbc9df44":186,"b2c25d1c":210,"b3863630":197,"f3992a31":232,"3b7763b1":185,"5a622a23":209,"f2364460":195,"d957f027":206,"a939b50b":202,"5d087c79":213,"1634789b":215,"5a0eb771":203,"9d63c4dd":207,"ccdd1ce6":211,"f5596d0f":213,"53a8613c":221,"12012fbd":199,"3454fa2b":182,"ec2cb1af":215,"51f57142":215,"aec074c4":215,"aa5dfdf5":211,"d0d6acb1":206,"2a06ab95":224,"d83294cd":200,"aa187e3b":211,"cc5a1d47":202,"20811ddf":206,"6a5b71b4":192,"7f6d1d0e":213,"6c20c153":211,"b73e789c":187,"385ab7c6":219,"8fb236a9":200,"9a3ab0b8":207,"fee32863":215,"2a76f1dd":182,"c463799d":206,"f5e8dfee":222,"55928ef1":200,"be3a10f8":236,"884b0ad1":200,"2c627253":214,"508aac3d":211,"61d4782d":200,"47cfba38":189,"2132fe93":208,"32133249":210,"031e488e":223,"4125085e":217,"60d6cee2":203,"53747a91":197,"bc09fa9e":207,"21e10a2b":209,"70594a28":212,"913a6226":212,"ca7d47f7":217,"b7505747":216,"4fd645f1":204,"7e76c93c":215,"5f620a1e":209,"5ccf94d6":209,"e786063b":217,"110b1ee3":211,"14c682eb":206,"d70ca4f4":229,"6f81493d":196,"31408822":196,"0c0e98ea":200,"d0c104c4":182,"bad6cdb1":178,"48655f09":250,"73b15e04":200,"eed20185":220,"aefe13f5":219,"17807120":191,"43bc86e3":211,"537634c9":185,"6e44927f":205,"f905a555":199,"aa867541":195,"abc1d7ad":229,"781ace7d":208,"9d4f1fe6":195,"e9679ede":198,"9b172ca8":187,"288d171f":214,"4b4ecbce":196,"c5b35e4d":190,"f598a332":196,"c21ab51e":193,"dffa7793":169,"629800eb":215,"2882a956":203,"25d1b2d8":212,"84369269":194,"ce3407dd":198,"1d790491":212,"6e98dfda":216,"23760167":205,"c98d5272":197,"eafbf9fb":210,"08c6b5d2":210,"8cc4a982":224,"0277d748":220,"4469c815":185,"217c0327":183,"d6320619":207,"d5059415":191,"5acce642":224,"7218c9f1":205,"04cc7cbe":198,"3b2dee89":195,"d2466211":215,"ae95f2ba":226,"04bef50c":179,"9a3cc55d":195,"6085137f":205,"5099c6a0":234,"8dd649a3":208,"8e4c33d2":199,"25635c37":183,"c564e316":223,"2cce4fb2":213,"0cb80f4a":206,"06ddafc7":185,"1ff8c2fc":210,"5acaa06f":182,"45fb95c1":211,"abd32136":218,"8fb236a9":201,"be3a10f8":237,"eb2e1983":209,"55928ef1":201,"fead11cf":205,"e21c6207":214,"feb67030":192,"e1f0dbfd":235,"ccb5ea3e":192,"5a622a23":210,"7bebff03":203,"debe1f65":203,"805af3c7":206,"c1bdfd41":204,"2045d7d6":201,"7043382d":205,"57167c74":195,"66b7b5b4":204,"c4e70c07":200,"b6591e25":212,"5ab7bc35":211,"906632cb":235,"40a745c0":210,"026766f3":204,"180377be":197,"0d5ee801":199,"4bcd4a30":224,"70bc8325":204,"2a06ab95":225,"8657c79d":202,"9147702f":195,"2d54e0a8":211,"a625328f":213,"227006e4":207,"181c3dd5":205,"51f80f4c":240,"8cddb65e":205,"9a3ab0b8":208,"4c0e547b":216,"0f89862c":193,"f277386e":176,"ef16ca37":196,"9263c525":213,"f044c0e1":200,"d33790a2":236,"0d2c95fe":217,"2e99f8fd":215,"1be05c14":213,"c6e3d352":214,"b6aaf976":201,"71bc1295":198,"73b15e04":201,"35b58ef9":196,"804d4dfa":199,"9fc713b0":223,"7896b953":210,"fe44fc6f":196,"52eca0dc":221,"906fdec3":189,"ec110282":244,"61145ec9":236,"3101354b":185,"e7abc88d":193,"c85a0d80":205,"f2086446":194,"be2955bb":206,"c7313e0a":217,"168e75d9":211,"90a06ee9":213,"35aa7fd0":214,"24a9fb86":227,"8d04852b":204,"aff8e442":215,"d5557fb4":216,"c6c85783":223,"449d8475":183,"a983a6dc":186,"84369269":195,"2b3e4717":214,"bc021def":208,"9de29816":183,"d6320619":208,"1d153b20":214,"0277d748":221,"ec2cb1af":216,"51f57142":216,"d1676e89":208,"f6fe095d":223,"9a3cc55d":196,"2c5c1dc0":196,"317c1591":220,"1a442bc7":185,"0d28db94":205,"e6ec8cbf":222,"a85d89cc":212,"e382ec3f":189,"0bfabf48":201,"7fef9973":205,"ae95f2ba":227,"7735c3c2":201,"af7e5be8":211,"7f6d1d0e":214,"abad2347":211,"753ca352":211,"6034b6d0":217,"efd23af5":192,"3ef7432b":206,"daab45c6":198,"ab7467de":230,"913a6226":213,"93e8cee5":228,"cd421290":203,"62d1d346":186,"30c5d755":222,"ba30e43a":228,"caddd0a7":219,"a33fe0dd":215,"db703021":206,"88fa53d6":186,"110b1ee3":212,"ffc86f94":196,"e62d705f":198,"3f9b5722":190,"26c390d6":215,"50c3164b":230,"0fc5ac7e":236,"2c627253":215,"84b767be":235,"508aac3d":212,"778c95e9":201,"4125085e":218,"b35bb8a1":194,"82204d54":203,"dfcc2ad1":227,"8b5a8e9f":209,"6c486702":213,"19551bad":199,"95d3d348":197,"19f9ca86":213,"b2703001":213,"67f6e4f2":185,"0114160e":203,"06073f13":220,"b35e9e1a":252,"013ee301":200,"31f6d707":224,"f277386e":177,"95f6db13":207,"f1862e79":182,"95bc84f1":190,"5ee911b5":200,"a8871ddf":198,"49bf2e95":201,"4cc141fa":175,"12a2cd4b":206,"c6e3d352":215,"13f0e139":195,"03dcfa3d":208,"cbad3b92":236,"04612878":234,"fef750ca":213,"50b558a7":191,"7c0a2db6":201,"0a1d11e6":197,"2c6cb96f":178,"42cd2360":174,"012de09c":204,"d9d0c567":217,"345c9967":201,"cf1124db":199,"94a2fe10":217,"19e9776f":205,"b2c25d1c":211,"1a2c020b":215,"fe578280":196,"90a06ee9":214,"7f86be64":203,"e0154608":212,"4b4ecbce":197,"bc3dc66a":210,"40860a4b":186,"162a7348":206,"32133249":211,"f94bf9ea":199,"815e4582":219,"e15fd611":196,"cf775f58":216,"bad1a1cc":210,"ce3407dd":199,"99e171db":200,"c67979e6":233,"945b63f0":233,"b9a48a5c":181,"865d9857":199,"12012fbd":200,"d2a841c9":200,"36d340f2":180,"437fc3ec":226,"60e855ee":224,"6d61bf13":196,"8dd649a3":209,"b3f19a69":197,"385ab7c6":220,"b0869206":210,"8fb236a9":202,"ba586505":223,"50c468ba":191,"4258c176":193,"91536e85":224,"e382ec3f":190,"056ea7ff":222,"7f6d1d0e":215,"ef91eaae":191,"753ca352":212,"bb00e71c":196,"a0cca8b7":198,"8ea21393":188,"27d8bf51":208,"6490bac6":197,"c650b434":210,"9d0546ac":190,"85de05f2":200,"e32524d6":202,"0a2f71bc":194,"a81a857c":204,"5ab7bc35":212,"6143f39d":212,"84b767be":236,"aa5dfdf5":212,"d0d6acb1":207,"7db3edda":207,"92efd84f":212,"884b0ad1":201,"2180f99b":197,"13b53c7a":212,"55928ef1":202,"a58bf525":205,"c95719e5":195,"8274885a":199,"5acaa06f":183,"ce4da56f":218,"2e99f8fd":216,"26009d3f":187,"358e45b1":208,"34658473":204,"b36a0d66":194,"ea274174":214,"1db42092":212,"66554572":172,"379184a7":231,"b8397293":200,"159ffd0b":195,"2d1e1e9d":219,"064a99c8":214,"74e01f6a":205,"458dcc3d":220,"13f0e139":196,"17807120":192,"dfcc2ad1":228,"9a07d89b":189,"733c86f8":216,"fee32863":216,"1745a0f4":218,"d8e58a8c":225,"f789f6d8":206,"012de09c":205,"8db5a165":202,"d5dae4c4":228,"3f75d3bc":231,"e865e4dd":204,"cc11fef9":217,"88fa53d6":187,"4279e829":230,"1623fc9f":203,"f4634d0b":207,"a577db1c":212,"5cd3cfe0":190,"430a5db5":213,"b6591e25":213,"5ccf94d6":210,"f3992a31":233,"4c4aa2e2":200,"a836aa93":210,"7f86be64":204,"d548635d":210,"4b4ecbce":198,"5774ac0d":215,"d6d61bfc":218,"af034fee":223,"c852d240":196,"42c80e69":218,"12534561":202,"6632fed0":215,"84369269":196,"f2364460":196,"ccf8b803":212,"2a387957":211,"b88033fd":220,"5a0eb771":204,"c98d5272":198,"af157d29":203,"3661e12d":213,"6de0aaac":192,"71bc1295":199,"ad8f85d6":231,"ee21ad02":236,"dffa7793":170,"7566fdd6":210,"54d7de6b":233,"76f94eda":210,"619fda68":238,"e6ec8cbf":223,"ba938220":197,"6c20c153":212,"20811ddf":207,"ad303bda":214,"00a17b46":211,"91b28f83":219,"753ca352":213,"b215547b":198,"8f9b74b0":193,"8ea21393":189,"547903ef":213,"26dd2000":224,"b6ee137a":203,"21ad2f34":225,"9a80f004":209,"a577db1c":213,"6cba74ce":183,"51f57142":217,"57540cc3":211,"416a9e97":201,"39ba00f0":211,"8cd78f77":207,"508aac3d":213,"af0b61ab":210,"d1ca5d6b":212,"bca2d7cd":207,"6a3eaf43":226,"92ca52b7":218,"a66a2d8a":220,"77d35808":187,"09f0db62":227,"c318d350":221,"f2470875":216,"8cf83787":187,"0b5a0408":220,"095ab3b4":212,"1b153aef":215,"e8f173b5":218,"ea9bba6b":210,"d0c0fc08":187,"71ff66e8":225,"cf84fb54":218,"4ba6eb36":196,"2d1e1e9d":220,"c7c4ec5c":189,"a8871ddf":199,"013ee301":201,"f9c15fcc":202,"0cb80f4a":207,"d102b0c6":190,"6a7392d5":189,"6c486702":214,"8063df14":219,"f2e3c0e3":186,"a59a8290":214,"dc03ebd2":224,"7ae34c64":203,"da04caac":219,"6023df54":202,"781ace7d":209,"1d44aff3":222,"95904ac4":225,"f8b31ce5":227,"ba30e43a":229,"2045d7d6":202,"0a2f71bc":195,"d9f512b9":221,"a4f1d83b":201,"1623fc9f":204,"655941a0":227,"7a9344a4":225,"381c68fa":207,"cf1124db":200,"c3e6ef01":212,"20e470e0":214,"f3992a31":234,"0a92153e":208,"74e3d13e":213,"5e09f69e":227,"a2c334e7":228,"a47abfbb":196,"6df0b2e8":236,"c81b2bcf":192,"24a9fb86":228,"93fdbb44":202,"2ab62345":196,"a9b1bd51":169,"794f652b":216,"f66616b7":214,"eed20185":221,"c609739e":218,"12a2cd4b":207,"a0b03218":217,"e6fac295":197,"2c24d929":212,"c27969ec":196,"e238f09b":222,"d4d5f466":202,"cb142908":201,"ee21ad02":237,"2ce1af05":190,"d39724bc":210,"935ec056":206,"d7cb9bcf":199,"b0869206":211,"ac030e74":193,"e4c312fe":213,"9496f56f":203,"04cc7cbe":199,"4930f321":199,"faf4f98b":211,"9b742f71":198,"b2c25d1c":212,"696fdac5":224,"dcf85091":200,"ab7d4c9a":202,"5a622a23":211,"805534ac":206,"4e5aaaec":202,"f734c84c":231,"bc09fa9e":208,"ded7da5a":217,"0a96f57a":200,"5957df9e":198,"fd6dcb20":218,"394dc144":192,"21ee2afe":225,"2cb29e5a":219,"e9adbe58":214,"d2a841c9":201,"09560615":193,"416a9e97":202,"2d54e0a8":212,"70bc8325":205,"5747db6e":224,"6e851762":205,"9fa62fee":196,"b947257e":216,"de6213c7":199,"317c1591":221,"d599b566":219,"f1dffa24":188,"1951480c":190,"09ff339a":177,"1da771fb":211,"7732eb1e":234,"b8397293":201,"4ac6bd4e":193,"6291e9e9":220,"69f3bfcc":199,"3d1af513":218,"d0e9a58e":217,"d6db2b02":217,"36fb15d2":225,"e81834aa":235,"0ac825ed":220,"2cce4fb2":214,"3c782bb3":209,"1bd5b20b":222,"a5aee5de":234,"f67de058":217,"7af262e5":240,"19551bad":200,"70ee0491":194,"13b53c7a":213,"eebc8d43":200,"b8488fc8":211,"52eca0dc":222,"6e44927f":206,"71ba7561":178,"91f7ef72":197,"57167c74":196,"aab4d996":198,"62d1d346":187,"259930ee":217,"aa021138":231,"b7505747":217,"2045d7d6":203,"20e470e0":215,"19e9776f":206,"30dbfc69":202,"dbd2f139":216,"0af920d8":196,"cf1124db":201,"56d315d8":191,"ec110282":245,"74c26380":232,"dcfaba4c":207,"3c18f28e":207,"6867261a":211,"68562193":213,"540df50f":221,"b230e8d3":211,"bb8a6337":201,"cb6c9e42":231,"f789f6d8":207,"aefe13f5":220,"87ce8d1d":185,"b2bd8fd3":184,"3e602573":213,"2d382981":197,"0f72f2d8":212,"bec9d329":228,"7a4c064c":214,"b0869206":212,"f7231212":202,"95539a58":197,"51a3e9c2":198,"16b476e9":205,"77bfed7e":200,"e4c312fe":214,"7fb4c521":214,"7ee7621c":198,"43d87483":207,"0d7d88f1":204,"9d4f1fe6":196,"f2086446":195,"69134f07":194,"f3992a31":235,"7f86be64":205,"9b172ca8":188,"168e75d9":212,"6b78ad7f":207,"c45d554f":226,"0a96f57a":201,"40e79dd3":207,"cd421290":204,"5c82d1ce":211,"5a0eb771":205,"5339e1e9":226,"99e171db":201,"77f31bab":223,"1d790491":213,"3661e12d":214,"088feee2":215,"88432019":198,"18815a1b":201,"08c6b5d2":211,"f3d68430":218,"945b63f0":234,"f5596d0f":214,"a6626a13":190,"d1ca5d6b":213,"0d2a1c58":199,"1f342a00":206,"284544ba":198,"272c7672":222,"fd369c21":214,"eda6a690":206,"004f1ef3":251,"1da771fb":212,"363590c7":221,"3e082b37":199,"e7773397":196,"c7ab83c1":189,"07fc4a9a":221,"1db42092":213,"a6bcb07e":201,"1b153aef":216,"8d753bb6":209,"288afc30":219,"05642105":215,"761cf820":219,"8323d333":194,"6db0ea86":194,"045f280d":210,"f1862e79":183,"b377a62a":186,"92d38723":217,"33d6bb6a":201,"478d2d4f":225,"b102f7bd":213,"be3a10f8":238,"d78dd457":197,"9d023afb":205,"05f6ab35":224,"53747a91":198,"4295ce9a":210,"4c39240e":225,"e5d3655c":230,"c4e70c07":201,"7e76c93c":216,"25776fc4":217,"92f800f5":233,"859545e6":201,"dae0f922":214,"5272520d":207,"dbd2f139":217,"4360a1a3":222,"142d6987":197,"467773ac":196,"be40590d":207,"a901627e":207,"3c0df8b4":231,"8d04852b":205,"540df50f":222,"76f3a3be":216,"b35bb8a1":195,"47cfba38":190,"aec4e1bf":214,"bc3dc66a":211,"42cd2360":175,"ef8987d7":190,"91f7ef72":198,"abc1d7ad":230,"345c9967":202,"b460f030":233,"804d4dfa":200,"742f1425":205,"946df4fd":235,"792cfcbd":211,"2198ba8e":199,"23080895":196,"f0a06216":214,"7fb4c521":215,"a836aa93":211,"e0154608":213,"2e3503e4":218,"0dad37d5":221,"dbc9df44":187,"69d4b754":199,"e1618359":212,"6b9eff39":205,"54d7de6b":234,"9f74b8a4":192,"93b9fae6":200,"9cb4697f":212,"869cbaa0":221,"7fef9973":206,"d83294cd":201,"04cc7cbe":200,"bb00e71c":197,"50c468ba":192,"5339e1e9":227,"77bae750":209,"e15fd611":197,"5957df9e":199,"394dc144":193,"1d790491":214,"12dd6f5e":193,"254cc28c":215,"d3e84616":208,"9e206c95":229,"08c6b5d2":212,"6cba74ce":184,"eafbf9fb":211,"d6320619":209,"383e232d":211,"2d13e69b":204,"c0e2624b":202,"ef1c2dcb":213,"6f39f4d9":225,"d4d5f466":203,"82868763":204,"09f0db62":228,"6d61bf13":197,"eda6a690":207,"5270f158":201,"42191b64":182,"5099c6a0":235,"f9c15fcc":203,"b35e9e1a":253,"32c9fc47":211,"06ddafc7":186,"3a1b9af5":207,"5acaa06f":184,"66554572":173,"8323d333":195,"6291e9e9":221,"7ae3fc50":186,"07fc4a9a":222,"26009d3f":188,"c4aa1e38":194,"e81834aa":236,"dd3913d2":198,"ec11fe5f":192,"6c524f99":218,"55928ef1":203,"feb67030":193,"93e8cee5":229,"c650b434":211,"daab45c6":199,"8f9b74b0":194,"bc09fa9e":209,"e1571af7":197,"a33fe0dd":216,"ca7d47f7":218,"04ea5673":207,"44c77422":210,"9e65c0ef":201,"dae0f922":215,"180377be":198,"3bad3c95":189,"5cd3cfe0":191,"94a2fe10":218,"1a2ec5d7":225,"751bcf25":204,"74f234c6":238,"78467b8a":210,"8721056e":191,"b947257e":217,"3062379b":197,"730338c4":217,"dcfaba4c":208,"dc473de1":194,"2132fe93":209,"e9a8cf11":206,"9b3f8714":218,"8d04852b":206,"12534561":203,"50b558a7":192,"95904ac4":226,"42cd2360":176,"28654c76":211,"781ace7d":210,"a15713c6":232,"71e53c93":203,"7896b953":211,"b7df1559":214,"2c24d929":213,"a636f4c9":228,"468fc85c":212,"4cc141fa":176,"a0bc1ceb":203,"ae8a09c4":223,"b2c25d1c":213,"90a06ee9":215,"d34a29b9":224,"9f2b16a7":220,"c382f054":223,"e1618359":213,"c5b35e4d":191,"e28c2efc":201,"87c462ee":211,"f1df62b4":213,"6841f77e":224,"aff8e442":216,"5d087c79":214,"c6c85783":224,"a983a6dc":187,"0f1ac912":196,"37fbb107":213,"6d339d45":185,"91d52a55":206,"0277d748":222,"ef8321d8":214,"2cb29e5a":220,"88432019":199,"7080f122":198,"49902219":235,"b7832271":225,"95539a58":198,"3b2dee89":196,"0785820e":208,"d929098e":180,"ef14000f":230,"7735c3c2":202,"629800eb":216,"51a3e9c2":199,"cb142908":202,"1757a30e":198,"8e4c33d2":200,"f6fe095d":224,"c95719e5":196,"8dc9b4db":212,"5099c6a0":236,"437fc3ec":227,"0b3283c9":216,"e81834aa":237,"7ae3fc50":187,"07fc4a9a":223,"00554ffd":215,"d102b0c6":191,"bbe71605":187,"a8871ddf":200,"5acaa06f":185,"8493f3b2":206,"0114160e":204,"4ba6eb36":197,"6291e9e9":222,"b552beb3":219,"db0a661e":203,"913a6226":214,"e2a7d915":180,"77898c22":180,"261c9911":228,"21e10a2b":210,"9a80f004":210,"6490bac6":198,"88fa53d6":188,"28d40296":179,"638cb163":229,"f8b31ce5":228,"c7636527":188,"cc11fef9":218,"9e65c0ef":202,"f883d582":192,"49b358bd":215,"906632cb":236,"1e7753d9":218,"5ccf94d6":211,"7a9344a4":226,"d033db8d":222,"f5e8dfee":223,"aaa274a5":206,"2a06ab95":226,"70c1e715":215,"e58b26f6":227,"9ab755d3":198,"884b0ad1":202,"71a2a493":177,"6867261a":212,"7af9d3b1":210,"bc3dc66a":212,"031e488e":224,"24a9fb86":229,"b230e8d3":212,"25a2844e":205,"f67de058":218,"11b2c8d9":201,"be3a10f8":239,"e35a63cd":205,"bd62d7ed":192,"a5fd8ffd":216,"71e53c93":204,"aefe13f5":221,"b6aaf976":202
1604737689927,"a543ec74":192,"468fc85c":213,"aa00769b":218,"1c3a30c5":217,"481754fc":190,"08a561b7":211,"52eca0dc":223,"f3a0c2ee":205,"fe44fc6f":197,"d8e58a8c":226,"34c5c729":208,"53431634":229,"dcf85091":201,"4e3f5178":229,"ebdbf580":215,"90a06ee9":216,"c21ab51e":194,"d4ee22a4":207,"935ec056":207,"088feee2":216,"1634789b":216,"9d63c4dd":208,"527ff946":217,"cf775f58":217,"a983a6dc":188,"15620dca":225,"1d790491":215,"08c6b5d2":213,"6d5fcd4c":207,"6143f39d":213,"ccdd1ce6":212,"1d153b20":215,"a63bddd4":253,"2882a956":204,"76f94eda":211,"cf9f4757":215,"87c462ee":212,"abd32136":219,"ea4d3f3e":217,"619fda68":239,"e6ec8cbf":224,"a58bf525":206,"09ff339a":178,"39bbc4bc":208,"8dd649a3":210,"8dc9b4db":213,"22aeaf03":207,"1951480c":191,"34658473":205,"9260d96b":239,"013ee301":202,"c4aa1e38":195,"bab97de3":213,"ad303bda":215,"e382ec3f":191,"ef14000f":231,"ba586505":224,"c45d554f":227,"2b3c49b9":200,"f734c84c":232,"4dac6b20":181,"5fa12feb":222,"feb67030":194,"261c9911":229,"5ab7bc35":213,"dac109cf":201,"ba30e43a":230,"08a06557":231,"7be025ce":202,"3f9b5722":191,"5f620a1e":210,"4279e829":231,"ea6de194":214,"30dbfc69":203,"ca6d2d91":205,"eb7b4e29":193,"d3a669ac":220,"5747db6e":225,"272c7672":223,"af0b61ab":211,"2d13e69b":205,"0fc5ac7e":237,"deb31f35":220,"3c18f28e":208,"9b3f8714":219,"162a7348":207,"61d4782d":201,"64db4feb":223,"68562193":214,"dfcc2ad1":229,"bd62d7ed":193,"7af262e5":241,"11b2c8d9":202,"b87158fb":200,"07fc4a9a":224,"ef16ca37":197,"5a0ead91":188,"2cce4fb2":215,"26009d3f":189,"0cb80f4a":208,"d36125db":215,"fa55f27a":214,"1438fad7":214,"b7df1559":215,"04612878":235,"03dcfa3d":209,"56752a4a":193,"87922532":235,"b460f030":234,"481754fc":191,"fead11cf":206,"616d6dd6":200,"eebc8d43":201,"012de09c":206,"dc03ebd2":225,"52eca0dc":224,"49cb2959":217,"8db5a165":203,"95904ac4":227,"8db62558":211,"19e9776f":207,"cd3bbe7e":206,"972f4174":216,"c85a0d80":206,"c5b35e4d":192,"b215547b":199,"4b4ecbce":199,"168e75d9":213,"4c4aa2e2":201,"5f7d7195":203,"0277d748":223,"1d790491":216,"51f57142":218,"a939b50b":203,"53a8613c":222,"f2364460":197,"affb82bf":237,"f3d68430":219,"bf822e33":208,"623c6a31":221,"84369269":197,"22ecaed0":213,"b8ab8e6e":202,"3b2dee89":197,"3e082b37":200,"004f1ef3":252,"437fc3ec":228,"095ab3b4":213,"5781776a":211,"578f6e9e":220,"07f98660":223,"dffa7793":171,"76f94eda":212,"ba586505":225,"d39724bc":211,"d7cb9bcf":200,"7735c3c2":203,"c8113b77":194,"1bb4ccc0":208,"91536e85":225,"ae99df30":188,"9f74b8a4":193,"7566fdd6":211,"ccb5ea3e":193,"a851554d":222,"4e5aaaec":203,"53747a91":199,"0a96f57a":202,"7e8e1c3d":202,"feb67030":195,"d9f512b9":222,"aab4d996":199,"c1bdfd41":205,"39ba00f0":212,"2f455cce":205,"f271ed5d":204,"88b3bc99":194,"1f7607df":194,"2c01e624":216,"aec074c4":216,"b230e8d3":213,"ed4fad08":218,"5e09f69e":228,"57d5dee8":208,"eebc8d43":202,"fef750ca":214,"7af262e5":242,"6c486702":215,"6ce84ff8":196,"2cce4fb2":216,"82b81567":190,"de36827b":243,"a533489b":234,"5678ed7b":217,"4ac6bd4e":194,"a3d4a0e5":219,"d102b0c6":192,"1be05c14":214,"31f6d707":225,"8b2b601d":217,"0ac825ed":221,"b552beb3":220,"3d1af513":219,"064a99c8":215,"c6e3d352":216,"03dcfa3d":210,"12271e14":217,"baebb391":218,"4febf7c5":202,"9fc713b0":224,"0e2b5d2f":212,"55928ef1":204,"733c86f8":217,"a901627e":208,"2c6cb96f":179,"c91966ce":205,"db8ba455":217,"45b5746e":204,"d9d0c567":218,"95904ac4":228,"4def63ee":195,"cc11fef9":219,"df2b4d87":193,"906632cb":237,"4fd645f1":205,"93683c82":197,"c8fcad77":191,"cd3bbe7e":207,"0af920d8":197,"180377be":199,"30d84dce":184,"9f2b16a7":221,"53431634":230,"34c5c729":209,"2e3503e4":219,"a1370ab0":204,"0ecfa1c9":195,"b35bb8a1":196,"66d94227":199,"c81b2bcf":193,"cf775f58":218,"4ed01268":200,"21ee2afe":226,"6adce358":229,"6e98dfda":217,"25a7a0a3":188,"39a2fcce":198,"7d6895f4":219,"a77e8461":207,"865d9857":200,"f5596d0f":215,"6d339d45":186,"8274885a":200,"b769bdfb":208,"6ce84ff8":197,"93ac9ca3":207,"ee75b607":202,"5eab91a0":214,"07f98660":224,"1c0a9eff":199,"8ac72326":201,"b3f19a69":198,"cf9f4757":216,"1bb4ccc0":209,"4f59a322":215,"056ea7ff":223,"3b2dee89":198,"67d30f2b":201,"b9be31d6":221,"7a840529":205,"e0154608":214,"be2955bb":207,"3498f223":209,"a0cca8b7":199,"e1f0dbfd":236,"93e8cee5":230,"77898c22":181,"f734c84c":233,"daab45c6":200,"ded7da5a":218,"fd369c21":215,"c0e2624b":203,"72d7b461":227,"272c7672":224,"0fc5ac7e":238,"a6626a13":191,"0bd93cfd":171,"bb8a6337":202,"a77e127d":185,"5781776a":212,"f1dffa24":189,"8cf83787":188,"5678ed7b":218,"28d41578":220,"cfe72ead":197,"b377a62a":187,"0b5a0408":221,"3a1b9af5":208,"07fc4a9a":225,"49910300":193,"4ea4a2a1":236,"4ff2225d":205,"fa55f27a":215,"761cf820":220,"7a6aa4b6":213,"2c24d929":214,"23080895":197,"03c398d2":219,"eed20185":222,"0eaf08da":207,"55928ef1":205,"8b5a8e9f":210,"9d023afb":206,"8721056e":192,"e35a63cd":206,"92ca52b7":219,"6c524f99":219,"4bc46d7a":200,"e865e4dd":205,"810aa5e9":215,"da04caac":220,"906fdec3":190,"69eeae0d":181,"83b2f9c5":219,"75ffea08":207,"4777334c":203,"2045d7d6":204,"7e76c93c":217,"7cd0ad7b":224,"94a2fe10":219,"3fdb08f5":204,"8f13c203":192,"8942c35b":202,"c2bb8aae":202,"b5ce0c0c":219,"1e7753d9":219,"d0c104c4":183,"467773ac":197,"181c3dd5":206,"bc3dc66a":213,"f94bf9ea":200,"dcfaba4c":209,"12534561":204,"57d5dee8":209,"93fdbb44":203,"39a2fcce":199,"794f652b":217,"c6c85783":225,"4ed01268":201,"7e15f8e8":219,"18815a1b":202,"8ec3834d":225,"49902219":236,"59c1e594":193,"87922532":236,"312f7676":225,"bec9d329":229,"30b6808c":196,"730a4938":188,"ac030e74":194,"e0e48a2d":207,"1dad0f99":206,"f0a06216":215,"abd32136":220,"b73e789c":188,"5b5fc566":210,"6775d5cd":210,"c38c2b52":201,"f3992a31":236,"c4feee5b":217,"9f2b16a7":222,"696fdac5":225,"77300e4a":186,"9b742f71":199,"6b78ad7f":208,"547903ef":214,"4295ce9a":211,"debe1f65":204,"18d20aa1":212,"efd23af5":193,"9a80f004":211,"0a96f57a":203,"9cb4697f":213,"f1df62b4":214,"25a7a0a3":189,"12012fbd":201,"8cc4a982":225,"2cb29e5a":221,"172217e5":221,"eb7b4e29":194,"70bc8325":206,"6a3eaf43":227,"911e770b":203,"d1ca5d6b":214,"aaa274a5":207,"730338c4":218,"25a2844e":206,"a901627e":209,"0a1d11e6":198,"2352c8ef":213,"da04caac":221,"8f10fa42":233,"a77e127d":186,"e238f09b":223,"016953e4":227,"3c43e8a2":223,"437fc3ec":229,"014bdff0":219,"95bc84f1":191,"ce4da56f":219,"0b5a0408":222,"159ffd0b":196,"a8871ddf":201,"358e45b1":209,"82b81567":191,"6a60348e":205,"c4aa1e38":196,"3c782bb3":210,"4f5e3e7d":200,"d0b297b2":202,"f9c15fcc":204,"5f8517b7":229,"01cd8099":225,"87922532":237,"32133249":212,"deb31f35":221,"725dce8b":221,"40860a4b":187,"5774ac0d":216,"081460bf":205,"2132fe93":210,"449d8475":184,"97e75c19":215,"36684155":210,"cfafcda8":198,"4def63ee":196,"d141db49":205,"57167c74":197,"fce3c5c6":193,"f4634d0b":208,"08a06557":232,"31408822":197,"92f800f5":234,"d70ca4f4":230,"dbd2f139":218,"04ea5673":208,"a68a93b2":204,"6023df54":203,"7bda83dd":198,"5f96c2bc":202,"ec11fe5f":193,"fef750ca":215,"a5fd8ffd":217,"3101354b":186,"c38c2b52":202,"54d7de6b":235,"d83870f5":204,"76f94eda":213,"7218c9f1":206,"4258c176":194,"aa00769b":219,"12271e14":218,"812b4f15":197,"4b4ef7fa":201,"0f72f2d8":213,"20811ddf":208,"6a5b71b4":193,"ba586505":226,"af7e5be8":212,"d4d5f466":204,"869cbaa0":222,"385ab7c6":221,"cb4f262b":194,"f2086446":196,"c8977844":207,"1a68160d":212,"0c0e98ea":201,"34c5c729":210,"c382f054":224,"77300e4a":187,"470d50c2":219,"79f04300":209,"9a80f004":212,"6b9eff39":206,"26dd2000":225,"7e8e1c3d":203,"6bc5d32a":225,"23760167":206,"a9b1bd51":170,"99e171db":202,"08c6b5d2":214,"47d27624":195,"d3e84616":209,"ec2cb1af":217,"eeaa2d46":224,"6d339d45":187,"6143f39d":214,"8547fbc2":193,"2c01e624":217,"aec074c4":217,"5747db6e":226,"de6213c7":200,"7028b044":206,"eb7b4e29":195,"fef750ca":216,"ec11fe5f":194,"a567ace4":216,"9a07d89b":190,"78b97937":231,"e35a63cd":207,"c564e316":224,"ce4da56f":220,"9a3cc55d":197,"8aa78e2f":189,"1b153aef":217,"6085137f":206,"26009d3f":190,"b4fdf90e":218,"6b79fec2":199,"7ae3fc50":188,"7732eb1e":235,"c318d350":222,"c7c4ec5c":190,"b377a62a":188,"6ce84ff8":198,"312f7676":226,"bab97de3":214,"064a99c8":216,"8323d333":196,"a24e6670":208,"f1098793":222,"36fb15d2":226,"e7e82473":230,"87ce8d1d":186,"cac4449a":206,"804d4dfa":201,"2d382981":198,"ad8f85d6":232,"afe8e06a":194,"ecfa8249":228,"4eed1bea":220,"7043382d":206,"a33fe0dd":217,"cc6bbe45":197,"751bcf25":205,"30c5d755":223,"4279e829":232,"0b959527":200,"65a00a3c":197,"4ee62a26":196,"5272520d":208,"df2b4d87":194,"61f25dd4":232,"467773ac":198,"a8726d50":194,"5f0c1b9d":209,"7c0a2db6":202,"bca2d7cd":208,"f94bf9ea":201,"b230e8d3":214,"3a1d1632":185,"dcfaba4c":210,"5e09f69e":229,"1ed46298":219,"b35bb8a1":197,"61145ec9":237,"45b5746e":205,"91f7ef72":199,"a0cf08b3":167,"3c0df8b4":232,"a58bf525":207,"5781776a":213,"578f6e9e":221,"8dd649a3":211,"c95719e5":197,"3b2dee89":199,"16b476e9":206,"80a8a56d":205,"0da28f5b":227,"bd984a8e":198,"8e780922":193,"e7abc88d":194,"6fb4cdda":225,"1e232870":218,"b6ee137a":204,"51a3e9c2":200,"e28c2efc":202,"124fbe96":207,"6034b6d0":218,"d2466211":216,"abad2347":212,"d83294cd":202,"b3f19a69":199,"597c1f81":217,"88ce179e":214,"cf9f4757":217,"8ac72326":202,"ccf8b803":213,"39a2fcce":200,"4ed01268":202,"d1fe2868":220,"8a52882e":214,"527ff946":218,"d2a841c9":202,"5a0eb771":206,"d1715f3b":229,"21ee2afe":227,"be4f8ba8":197,"7080f122":199,"18815a1b":203,"8547fbc2":194,"084cbc0b":202,"70bc8325":207,"1f342a00":207,"d552eb2f":211,"6e851762":206,"fb7482fe":203,"9ab755d3":199,"0042f6eb":207,"b1f58563":208,"fb7b7b3c":219,"e7e82473":231,"8d753bb6":210,"6291e9e9":223,"2e99f8fd":217,"868edcc0":219,"6f0fcb9d":215,"a24e6670":209,"4ea4a2a1":237,"2d1e1e9d":221,"8493f3b2":207,"c4aa1e38":197,"1138796e":214,"82b81567":192,"49bf2e95":202,"2198ba8e":200,"71bc1295":200,"e6fac295":198,"dfc89705":200,"4febf7c5":203,"26c6fa34":200,"0f89862c":194,"fef750ca":217,"44ff8baa":213,"a0ce82b4":209,"a851554d":223,"df81ddee":206,"805534ac":207,"ab7467de":231,"57167c74":198,"04ea5673":209,"e5d3655c":231,"aa021138":232,"7a9344a4":227,"9bdf362a":218,"b7434f57":172,"0f029727":215,"751acea8":194,"e786063b":218,"e62d705f":199,"d634aa28":216,"430a5db5":214,"902f49f5":210,"b8488fc8":212,"13b53c7a":214,"9d023afb":207,"fee32863":217,"181c3dd5":207,"a2c334e7":229,"e9a8cf11":207,"7af9d3b1":211,"031e488e":225,"9f5e6cba":215,"6632fed0":216,"a901627e":210,"0a1d11e6":199,"a5fd8ffd":218,"fd482491":236,"731fc335":194,"56473430":220,"d5dae4c4":229,"ad8f85d6":233,"004f1ef3":253,"f76a3e83":213,"c382f054":225,"cb51f134":215,"470d50c2":220,"5e193fc8":205,"754f98c9":228,"f2086446":197,"16b476e9":207,"5acce642":225,"fea793f5":214,"7218c9f1":207,"f0a06216":216,"76f94eda":214,"d7cb9bcf":201,"e382ec3f":192,"8bc04eb5":216,"abd32136":221,"faf3ed07":195,"8ec3834d":226,"5339e1e9":228,"37fbb107":214,"2cb29e5a":222,"0670c466":201,"36b7003c":234,"af157d29":204,"88432019":200,"789bd484":200,"dfa1a89b":198,"175bc6b2":189,"bc021def":209,"b946e146":218,"f271ed5d":205,"1f342a00":208,"9fa62fee":197,"508aac3d":214,"aa5dfdf5":213,"619fda68":240,"e356abf1":223,"4f59a322":216,"9aa6a054":211,"1951480c":192,"5623817d":195,"dc583e64":226,"095ab3b4":214,"22aeaf03":208,"5b60dd1d":203,"a6bcb07e":202,"8aa78e2f":190,"cfe72ead":198,"a4dafea5":202,"6291e9e9":224,"06073f13":221,"f044c0e1":201,"379184a7":232,"3310a049":213,"d102b0c6":193,"49910300":194,"4f5e3e7d":201,"792c9b6a":192,"50312237":215,"01cd8099":226,"b6aaf976":203,"f734c84c":234,"cd421290":205,"547903ef":215,"c8dc010f":212,"f9f2c53f":186,"07107f6e":212,"7b6a7048":204,"3fdb08f5":205,"75ffea08":208,"0f029727":216,"719c8869":211,"20e470e0":216,"7043382d":207,"7be025ce":203,"6f81493d":197,"2af60749":217,"30dbfc69":204,"40a745c0":211,"3f9b5722":192,"a8726d50":195,"4360a1a3":223,"fe8f3d36":203,"2bcca6a7":228,"2a76f1dd":183,"78467b8a":211,"b947257e":218,"d0d6acb1":208,"be149c6f":194,"d6d61bfc":219,"540df50f":223,"c852d240":197,"6df0b2e8":237,"bfcb912a":210,"e9a8cf11":208,"a59a8290":215,"c6dc900c":183,"50b558a7":193,"a901627e":211,"ef8987d7":191,"42cd2360":177,"45b5746e":206,"195eb771":202,"012de09c":207,"08a561b7":212,"792cfcbd":212,"64a7f79f":223,"c6e3d352":217,"2d382981":199,"946df4fd":236,"0da28f5b":228,"696fdac5":226,"104721f0":209,"f121b82c":220,"90a06ee9":217,"dcf85091":202,"dbc9df44":188,"1a442bc7":186,"91b28f83":220,"5eab91a0":215,"c6c85783":226,"36b7003c":235,"9d63c4dd":209,"d957f027":207,"47d27624":196,"b88033fd":221,"dfa1a89b":199,"789bd484":201,"6de0aaac":193,"be4f8ba8":198,"9a467a82":213,"fd6dcb20":219,"f87c5031":211,"22ecaed0":214,"a6626a13":192,"af0b61ab":212,"04cc7cbe":201,"fea793f5":215,"8fb236a9":203,"abad2347":213,"6034b6d0":219,"d4ee22a4":208,"9cb4697f":214,"10ec5a0b":201,"ae95f2ba":228,"a85d89cc":213,"ffa08d82":203,"8e4c33d2":201,"2c5c1dc0":197,"95d3d348":198,"095ab3b4":215,"f2470875":217,"c95719e5":198,"0b3283c9":217,"88a30343":211,"8d753bb6":211,"b552beb3":221,"4ac6bd4e":195,"1f88a4b7":234,"336d0f08":214,"06ddafc7":187,"95bc84f1":192,"d33790a2":237,"a8871ddf":202,"8493f3b2":208,"db0a661e":204,"5a0ead91":189,"67f6e4f2":186,"debe1f65":205,"bc09fa9e":210,"fb8bfb36":230,"df81ddee":207,"3ef7432b":207,"9a80f004":213,"51c57542":215,"3fdb08f5":206,"4fd645f1":206,"aa021138":233,"467773ac":199,"c0b0f492":213,"f1b493de":233,"4def63ee":197,"9d4da635":195,"92f800f5":235,"180377be":200,"a8c93bed":208,"9147702f":196,"911e770b":204,"84b767be":237,"5a07fc2e":185,"d3a669ac":221,"288a2c43":206,"a47abfbb":197,"71a2a493":178,"bb8a6337":203,"e9a8cf11":209,"42c80e69":219,"227006e4":208,"e5b1abc6":209,"f5e8dfee":224,"b102f7bd":214,"0e2b5d2f":213,"b87158fb":201,"7fdc2007":192,"012de09c":208,"8a165e17":208,"cf1b8c47":217,"dc03ebd2":226,"f789f6d8":208,"49cb2959":218,"537634c9":186,"b7df1559":216,"03c398d2":220,"aa00769b":220,"12271e14":219,"c6e3d352":218,"812b4f15":198,"99d130c9":204,"ffc86f94":197,"66b7b5b4":205,"8942c35b":203,"db703021":207,"6b78ad7f":209,"1a2c020b":216,"53431634":231,"3498f223":210,"696fdac5":227,"5e193fc8":206,"f76a3e83":214,"b88033fd":222,"84369269":198,"44a4f7cd":207,"cb6c9e42":232,"bad1a1cc":211,"217c0327":184,"9de29816":184,"91d52a55":207,"a63bddd4":254,"97e75c19":216,"12012fbd":202,"175bc6b2":190,"3454fa2b":183,"49902219":237,"b0869206":213,"935ec056":208,"37d0cae2":210,"385ab7c6":222,"f56ac638":195,"87c462ee":213,"87cd2add":197,"3b2dee89":200,"4f59a322":217,"50c468ba":193,"290b4714":208,"a85d89cc":214,"77bfed7e":201,"7a4c064c":215,"e1f0dbfd":237,"e2a7d915":181,"7b6a7048":205,"df81ddee":208,"21e10a2b":211,"ab7467de":232,"5c82d1ce":212,"28d40296":180,"25776fc4":218,"77d35808":188,"3e082b37":201,"8274885a":201,"8dd649a3":212,"836701f6":210,"22aeaf03":209,"09ff339a":179,"d9dcdc4b":227,"b36a0d66":195,"bab97de3":215,"d33790a2":238,"95bc84f1":193,"b377a62a":189,"59431390":205,"fe0df575":220,"8d753bb6":212,"de36827b":244,"82b81567":193,"f1862e79":184,"db0a661e":205,"2e99f8fd":218,"bca2d7cd":209,"a6626a13":193,"0d2a1c58":200,"d1ca5d6b":215,"7db3edda":208,"aa5dfdf5":214,"aec074c4":218,"a47abfbb":198,"dc473de1":195,"dcfaba4c":211,"40860a4b":188,"031e488e":226,"4911acad":182,"5a734022":189,"e35a63cd":208,"6a7392d5":190,"062179c1":205,"0f89862c":195,"bd62d7ed":194,"9b546d65":194,"50b558a7":194,"95904ac4":229,"4bc46d7a":201,"616d6dd6":201,"b28a5e67":237,"b2cfdbcf":201,"83b2f9c5":220,"f3a0c2ee":206,"9bdf362a":219
1604737691404,"2198ba8e":201,"742f1425":206,"ae8a09c4":224,"6be9332a":201,"74e01f6a":206,"bad6cdb1":179,"be1746a0":205,"5b60dd1d":204,"004f1ef3":254,"27f52ed3":225,"b769bdfb":209,"1951480c":193,"5410e9c6":214,"d1676e89":209,"6a60348e":206,"b552beb3":222,"4ac6bd4e":196,"6291e9e9":225,"868edcc0":220,"8c6e001f":187,"8b2b601d":218,"3652bd66":202,"3d1af513":220,"6db0ea86":195,"6f0fcb9d":216,"ce4da56f":221,"ea274174":215,"31f6d707":226,"a1921150":218,"77bae750":210,"47d27624":197,"5957df9e":200,"8ec3834d":227,"2dda3936":195,"97e75c19":217,"0277d748":224,"1634789b":217,"bb99c79c":206,"6d339d45":188,"140ce69e":196,"e9adbe58":215,"d2a841c9":203,"4b4ef7fa":202,"4cc141fa":177,"a43061ee":202,"468fc85c":214,"d82592f4":227,"aa00769b":221,"03dcfa3d":211,"2045d7d6":205,"5272520d":209,"19e9776f":208,"a81a857c":205,"638cb163":230,"026766f3":205,"bb98a6cf":233,"49b358bd":216,"0d5ee801":200,"c8977844":208,"94a2fe10":220,"22234d6b":208,"de6213c7":201,"084cbc0b":203,"70c1e715":216,"383e232d":212,"cbb54a0a":191,"9ab755d3":200,"be149c6f":195,"181c3dd5":208,"6df0b2e8":238,"b935fc1c":205,"a40846b7":212,"82868763":205,"6b79fec2":200,"317c1591":222,"3e082b37":202,"8dc9b4db":214,"1438fad7":215,"ce4da56f":222,"d102b0c6":194,"a8871ddf":203,"00554ffd":216,"32c9fc47":212,"8323d333":197,"8298e976":225,"7ae3fc50":189,"0be540c5":213,"b215547b":200,"ab7d4c9a":203,"288d171f":215,"34c5c729":211,"77300e4a":188,"4b4ecbce":200,"c7313e0a":218,"e1f0dbfd":238,"0149e11a":199,"c650b434":212,"70594a28":213,"85de05f2":201,"7bebff03":204,"261c9911":230,"f9c15fcc":205,"95bc84f1":194,"06073f13":222,"02d4753e":221,"5eaa1581":202,"dc473de1":196,"5ac86fb9":217,"6632fed0":217,"7e15f8e8":220,"cb6c9e42":233,"47d27624":198,"f4b2f575":199,"aff8e442":217,"865d9857":201,"66d94227":200,"30dd2edc":205,"77f31bab":224,"88432019":201,"a63bddd4":255,"03dcfa3d":212,"b460f030":235,"f1098793":223,"4b125e7b":201,"67d30f2b":202,"2882a956":205,"e382ec3f":193,"619fda68":241,"3b2dee89":201,"10ec5a0b":202,"04bef50c":180,"91536e85":226,"04cc7cbe":202,"ef14000f":232,"87083264":223,"9496f56f":204,"af7e5be8":213,"9fc713b0":225,"cf52025e":206,"d82592f4":228,"a0b03218":218,"e1571af7":198,"04ea5673":210,"ba30e43a":231,"37a7d5b0":202,"430a5db5":215,"c8fcad77":192,"a81a857c":206,"751acea8":195,"0f029727":217,"110b1ee3":213,"142d6987":198,"026766f3":206,"4ee62a26":197,"3f9b5722":193,"9a467a82":214,"09560615":194,"22ecaed0":215,"de6213c7":202,"aa5dfdf5":215,"9147702f":197,"2c627253":216,"e58b26f6":228,"8657c79d":203,"a625328f":214,"93ac9ca3":208,"82868763":206,"e5b1abc6":210,"92ca52b7":220,"7fdc2007":193,"78467b8a":212,"dfcc2ad1":230,"c6dc900c":184,"7af262e5":243,"012de09c":209,"6e44927f":207,"00a481e3":221,"e865e4dd":206,"65e4235b":212,"49cb2959":219,"aa867541":196,"f1dffa24":190,"5410e9c6":215,"578f6e9e":222,"fe1d4419":210,"363590c7":222,"1f88a4b7":235,"05642105":216,"a3d4a0e5":220,"408bb2ed":210,"e0154608":215,"145c7559":190,"b3863630":198,"9b172ca8":189,"a4296d1e":199,"4c4aa2e2":202,"1247fa52":211,"547903ef":216,"07107f6e":213,"e1f0dbfd":239,"4dac6b20":182,"21e10a2b":212,"e2cbe594":209,"de11eb19":224,"b84a06eb":201,"45b038bb":242,"0be540c5":214,"358e45b1":210,"4ff2225d":206,"d33790a2":239,"8298e976":226,"8323d333":198,"cd95f558":210,"5eaa1581":203,"61d4782d":202,"47cfba38":191,"e9a8cf11":210,"5e09f69e":230,"5774ac0d":217,"5f6613c8":195,"23760167":207,"e15fd611":198,"5d087c79":215,"5339e1e9":229,"bd2705b0":217,"88ce179e":215,"290b4714":209,"d5059415":192,"3b2dee89":202,"ad303bda":216,"c0b23081":235,"30b6808c":197,"c38c2b52":203,"5eab91a0":216,"4652b09a":211,"9aa6a054":212,"6034b6d0":220,"faf4f98b":212,"f1098793":224,"b6aaf976":204,"804d4dfa":202,"12271e14":220,"35b58ef9":197,"d82592f4":229,"b460f030":236,"c8dc010f":213,"49b358bd":217,"0f029727":218,"4577b333":218,"a4f1d83b":202,"c015ec5a":215,"8942c35b":204,"aa021138":234,"cf1124db":202,"30fdcd3b":214,"805af3c7":207,"0841052c":223,"62d1d346":188,"0c043224":221,"0c0e98ea":202,"aff8e442":218,"d2a841c9":204,"f4b2f575":200,"ef8321d8":215,"f2f58418":198,"794f652b":218,"3454fa2b":184,"22176537":215,"865d9857":202,"7d6895f4":220,"084cbc0b":204,"b7832271":226,"383e232d":213,"5a07fc2e":186,"6e851762":207,"39ba00f0":213,"7028b044":207,"5f4102da":214,"1105f790":235,"ec11fe5f":195,"f2e3c0e3":187,"fead11cf":207,"20958d58":202,"a0685bf3":230,"08a561b7":213,"7896b953":212,"71ba7561":179,"2dd0e808":202,"d5dae4c4":230,"616d6dd6":202,"906fdec3":191,"263762cb":194,"95d3d348":199,"c318d350":223,"312f7676":227,"dc583e64":227,"2c5c1dc0":198,"0b3283c9":218,"685207b3":215,"696fdac5":228,"8e780922":194,"c0fea118":204,"501db4de":208,"9267f0ef":212,"145c7559":191,"e21c6207":215,"40e79dd3":208,"3b7763b1":186,"a3d4a0e5":221,"90731976":206,"2d1e1e9d":222,"013ee301":203,"9263c525":214,"3a1b9af5":209,"6c73ae98":177,"159ffd0b":197,"b2a8761b":188,"08a4c3f8":211,"a6bcb07e":203,"608bc832":175,"e9a8cf11":211,"6867261a":213,"bfcb912a":211,"40860a4b":189,"081460bf":206,"5a734022":190,"b7cc7909":215,"6585adbe":188,"50312237":216,"ea4d3f3e":218,"93b0a158":231,"cb4f262b":195,"f56ac638":196,"cb142908":203,"1757a30e":199,"cc5a1d47":203,"6b82b527":213,"9f74b8a4":194,"d83870f5":205,"7fb4c521":216,"ba938220":198,"0bfabf48":202,"619fda68":242,"064a99c8":217,"04612878":236,"26c6fa34":201,"e8d74304":192,"f1098793":225,"8eb64769":214,"a5aee5de":235,"93e8cee5":231,"805534ac":208,"3ef7432b":208,"7b6a7048":206,"62d1d346":189,"c7636527":189,"a81a857c":207,"7e76c93c":218,"4ee62a26":198,"3fdb08f5":207,"c8977844":209,"e786063b":219,"c4e70c07":202,"19e9776f":209,"3b690f68":229,"a68a93b2":205,"751acea8":196,"751bcf25":206,"1634789b":218,"c81b2bcf":194,"5f7d7195":204,"1d790491":217,"04643409":207,"9de29816":185,"a1921150":219,"8cc4a982":226,"37fbb107":215,"dfa1a89b":200,"6d5fcd4c":208,"3f65f121":221,"22ecaed0":216,"08c6b5d2":215,"72d7b461":228,"0fc5ac7e":239,"50c3164b":231,"84b767be":238,"70c1e715":217,"eb7b4e29":196,"1f342a00":209,"2bcca6a7":229,"478d2d4f":226,"fee32863":218,"70ee0491":195,"be3a10f8":240,"d78dd457":198,"6a7392d5":191,"731fc335":195,"b2cfdbcf":202,"7896b953":213,"8db5a165":204,"49cb2959":220,"19f9ca86":214,"f5cd79c1":220,"9a3cc55d":198,"3712c4bd":198,"0b3283c9":219,"22aeaf03":210,"685207b3":216,"e0154608":216,"d34a29b9":225,"f121b82c":221,"9b742f71":200,"f2086446":198,"be2955bb":208,"09f0db62":229,"b84a06eb":202,"1db42092":214,"4125085e":219,"74e3d13e":214,"a2c334e7":230,"40860a4b":190,"b230e8d3":215,"68562193":215,"2132fe93":211,"d9dcdc4b":228,"92d38723":218,"cf84fb54":219,"9260d96b":240,"6c73ae98":178,"17b08923":207,"8d000d6e":199,"358e45b1":211,"4f5e3e7d":202,"e36dfd6f":212,"6585adbe":189,"4ea4a2a1":238,"6e44927f":208,"52eca0dc":225,"b3f19a69":200,"e382ec3f":194,"753ca352":214,"37d0cae2":211,"ea4d3f3e":219,"7218c9f1":208,"056ea7ff":224,"bd2705b0":218,"3b2dee89":203,"ac030e74":195,"fea793f5":216,"c8113b77":195,"1dad0f99":207,"064a99c8":218,"59c1e594":194,"ae8a09c4":225,"12271e14":221,"35b58ef9":198,"cac4449a":207,"c27969ec":197,"72b84094":238,"0149e11a":200,"93e8cee5":232,"92136ff5":211,"79e4fa1c":215,"b6ee137a":205,"5fa12feb":223,"e1571af7":199,"65a00a3c":198,"7043382d":208,"6f81493d":198,"25776fc4":219,"4c39240e":226,"4279e829":233,"cd3bbe7e":208,"08a06557":233,"b7434f57":173,"9e65c0ef":203,"93683c82":198,"c3e6ef01":213,"d0c104c4":184,"bf822e33":209,"faf3ed07":196,"7e15f8e8":221,"88432019":202,"aff8e442":219,"9e206c95":230,"5339e1e9":230,"15620dca":226,"51f57142":219,"e99318a3":207,"50d129cf":208,"ac38a6a5":218,"623c6a31":222,"26c390d6":216,"0277d748":225,"1f7607df":195,"5747db6e":227,"1f342a00":210,"9aa6a054":213,"bd62d7ed":195,"78467b8a":213,"8b5a8e9f":211,"70ee0491":196,"0f89862c":196,"a567ace4":217,"9a3ab0b8":209,"810aa5e9":216,"3a204e56":203,"095ab3b4":216,"6b79fec2":201,"19f9ca86":215,"71ff66e8":226,"34c5c729":212,"104721f0":210,"b3863630":199,"4b4ecbce":201,"c7313e0a":219,"d548635d":211,"c382f054":226,"22aeaf03":211,"f1dffa24":191,"2c627253":217,"9fa62fee":198,"ea822700":203,"deb31f35":222,"42c80e69":220,"c4bff41f":227,"c852d240":198,"03b4ab60":193,"8cddb65e":206,"6632fed0":218,"013ee301":204,"8b2b601d":219,"b8397293":202,"6291e9e9":226,"2cce4fb2":217,"9260d96b":241,"db0a661e":206,"d36125db":216,"2d1e1e9d":223,"5a0ead91":190,"88a30343":212,"761cf820":221,"1bd5b20b":223,"06073f13":223,"5ef93e5d":187,"fe44fc6f":198,"69eeae0d":182,"61145ec9":238,"537634c9":187,"124fbe96":208,"04cc7cbe":203,"91f7ef72":200,"d1d40c9c":220,"677c6a09":225,"00a17b46":212,"8ac72326":203,"6775d5cd":211,"7f6d1d0e":216,"d7cb9bcf":202,"e6ec8cbf":225,"91536e85":227,"c38c2b52":204,"4930f321":200,"9aa6a054":214,"3e602573":214,"eed20185":223,"be1746a0":206,"aa00769b":222,"c650b434":213,"20777945":204,"ded7da5a":219,"ab7467de":233,"b6ee137a":206,"cd421290":206,"7e8e1c3d":204,"28d40296":181,"805af3c7":208,"a33fe0dd":218,"a577db1c":214,"9e65c0ef":204,"3b690f68":230,"c2bb8aae":203,"ce3bf5db":205,"7be025ce":204,"66497c7e":201,"cf1124db":203,"110b1ee3":214,"db703021":208,"9316e7e8":176,"4cc141fa":178,"ae8a09c4":226,"0f72f2d8":214,"ccf8b803":214,"66d94227":201,"bad1a1cc":212,"527ff946":219,"ac38a6a5":219,"d3e84616":210,"97e75c19":218,"08c6b5d2":216,"650bb0e0":207,"4469c815":186,"794f652b":219,"a63bddd4":256,"01d817b8":187,"6143f39d":215,"d1ca5d6b":216,"7028b044":208,"82204d54":204,"6c486702":216,"fef750ca":218,"70ee0491":197,"8b5a8e9f":212,"7af262e5":244,"831c7b85":214,"f76a3e83":215,"9b172ca8":190,"6fb4cdda":226,"7f86be64":206,"c21ab51e":195,"704bce0d":199,"80a8a56d":206,"263762cb":195,"1da771fb":213,"836701f6":211,"3c43e8a2":224,"7ee148e9":198,"884b0ad1":203,"50c3164b":232,"92efd84f":213,"284544ba":199,"2c627253":218,"47cfba38":192,"d6d61bfc":220,"c852d240":199,"40860a4b":191,"bb8a6337":204,"6867261a":214,"12534561":205,"25635c37":184,"c7ab83c1":190,"11888cfa":191,"8aa78e2f":191,"1b153aef":218,"4945c851":225,"013ee301":205,"608bc832":176,"bab97de3":216,"288afc30":220,"1be05c14":215,"7a6aa4b6":214,"a901627e":212,"906fdec3":192,"012de09c":210,"a15713c6":233,"ec110282":246,"aa76bc50":180,"b2cfdbcf":203,"d39724bc":212,"f0a06216":217,"d83870f5":206,"c803b4a3":205,"f56ac638":197,"a06a6430":225,"7735c3c2":204,"d4ee22a4":209,"6a5b71b4":194,"bec9d329":230,"11b74e63":211,"cb142908":204,"2cce4fb2":218,"08a4c3f8":212,"0cb80f4a":209,"5ee911b5":201,"7b6a7048":207,"0149e11a":201,"b6ee137a":207,"fb8bfb36":231,"2209903e":203,"7bebff03":205,"cd421290":207,"65a00a3c":199,"9e65c0ef":205,"75ffea08":209,"7e76c93c":219,"381c68fa":208,"d9f512b9":223,"6e24d88b":202,"92f800f5":236,"30dbfc69":205,"ca7d47f7":219,"5ccf94d6":212,"30fdcd3b":215,"902f49f5":211,"c609739e":219,"9fc713b0":226,"458dcc3d":221,"91d52a55":208,"2a387957":212,"9d9dd9e5":199,"d6320619":210,"1a0189c4":194,"f2f58418":199,"b8ab8e6e":203,"36d340f2":181,"650bb0e0":208,"0670c466":202,"4469c815":187,"f3d68430":220,"22ecaed0":217,"217c0327":185,"cbad3b92":237,"4b4ef7fa":203,"c6e3d352":219,"0f72f2d8":215,"0d7d88f1":205,"c38c2b52":205,"bd62d7ed":196,"5f4102da":215,"c510bfd3":217,"9a07d89b":191,"20958d58":203,"78467b8a":214,"4c0e547b":217,"d70ca4f4":231,"1247fa52":212,"6b78ad7f":210,"655954ba":205,"4e3f5178":230,"c85a0d80":207,"704bce0d":200,"c5b35e4d":193,"0b3283c9":220,"284544ba":200,"70bc8325":208,"9ab755d3":201,"bca2d7cd":210,"2a06ab95":227,"22234d6b":209,"39ba00f0":214,"64db4feb":224,"5a734022":191,"c64de0c0":192,"c4bff41f":228,"71a2a493":179,"76f3a3be":217,"f5cd79c1":221,"60e855ee":225,"ea9bba6b":211,"7ee148e9":199,"22aeaf03":212,"e238f09b":224,"b552beb3":223,"45fb95c1":212,"69f3bfcc":200,"810aa5e9":217,"d9a64845":212,"00a481e3":222,"3c0df8b4":233,"65e4235b":213,"781ace7d":211,"5f0c1b9d":210,"ea4d3f3e":220,"4652b09a":212,"93b9fae6":201,"88ce179e":216,"59431390":206,"868edcc0":221,"d0e9a58e":218,"e7e82473":232,"cfe72ead":199,"de36827b":245,"de11eb19":225,"8245f916":206,"f1862e79":185,"288afc30":221,"3d1af513":221,"daab45c6":201,"7e8e1c3d":205,"d25e0f8d":237,"93e8cee5":233,"21e10a2b":213,"70594a28":214,"25e0dd3d":200,"5ab7bc35":214,"259930ee":218,"3bad3c95":190,"638cb163":231,"a33fe0dd":219,"74f234c6":239,"bfcb912a":212,"088feee2":217,"bad1a1cc":213,"97e75c19":219,"21ee2afe":228,"6e98dfda":218,"af157d29":205,"d5557fb4":217,"945b63f0":235,"842c8340":206,"22176537":216,"a9b1bd51":171,"affb82bf":238,"fd6dcb20":220,"9a467a82":215,"2198ba8e":202,"aefe13f5":222,"3e602573":215,"eed20185":224,"cbad3b92":238,"9fc713b0":227,"03c398d2":221,"a85d89cc":215,"d815c5b4":242,"619fda68":243,"e382ec3f":195,"ef91eaae":192,"7ee7621c":199,"0785820e":209,"1dad0f99":208,"e356abf1":224,"385ab7c6":223,"a567ace4":218,"478d2d4f":227,"180377be":201,"14c682eb":207,"65a00a3c":200,"dae0f922":216,"bb98a6cf":234,"93683c82":199,"c3e6ef01":214,"56d315d8":192,"34c5c729":213,"f33c0140":213,"f3992a31":237,"d34a29b9":226,"79f04300":210,"b947257e":219,"eb7b4e29":197,"84b767be":239,"9fa62fee":199,"d744bee2":202,"ea822700":204,"d3a669ac":222,"725dce8b":222,"d6d61bfc":221,"5f6613c8":196,"263762cb":196,"5623817d":196,"f1dffa24":192,"971675c5":216,"71ff66e8":227,"f2470875":218,"3e082b37":203,"c1bb74f2":202,"70ee0491":198,"dfcc2ad1":231,"25a2844e":207,"30c184b8":207,"d8e58a8c":227,"906fdec3":193,"da04caac":222,"ef8987d7":192,"ec110282":247,"4abb7aed":202,"7c0a2db6":203,"b552beb3":224,"7732eb1e":236,"0d2c95fe":218,"1138796e":215,"49910300":195,"1b153aef":219,"59431390":207,"554ebb83":218,"045f280d":211,"fe0df575":221,"8493f3b2":209,"7a2f3f06":192,"1bd5b20b":224,"a533489b":235,"36380d96":209,"e7abc88d":195,"72b84094":239,"e21c6207":216,"201cafad":203,"77898c22":182,"debe1f65":206,"fb8bfb36":232,"f4343817":206,"ed4fad08":219,"b35bb8a1":198,"24a9fb86":230,"71279c46":210,"5339e1e9":231,"140ce69e":197,"8a52882e":215,"8547fbc2":195,"a939b50b":204,"18815a1b":204,"77f31bab":225,"d2a841c9":205,"f2364460":198,"3454fa2b":185,"f66616b7":215,"ef8321d8":216,"affb82bf":239,"ccf8b803":215,"aa00769b":223,"27c8e038":217,"c6e3d352":220,"74e01f6a":207,"26c6fa34":202,"2d382981":200,"0f72f2d8":216,"cb4f262b":196,"c38c2b52":206,"b0869206":214,"cb142908":205,"d4d5f466":205,"0d770b97":211,"b9be31d6":222,"ea4d3f3e":221,"9f74b8a4":195,"bec9d329":231,"b73e789c":189,"e4c312fe":215,"2ce1af05":191,"e28c2efc":203,"ca7d47f7":220,"805af3c7":209,"7043382d":209,"d9f512b9":224,"ddec9e54":203,"14c682eb":208,"5cd3cfe0":192,"49b358bd":218,"3f9b5722":194,"04ea5673":211,"40a745c0":212,"a68a93b2":206,"bb98a6cf":235,"0c0e98ea":203,"ab7d4c9a":204,"fd369c21":216,"9ab755d3":202,"ef1c2dcb":214,"bca2d7cd":211,"5a07fc2e":187,"39ba00f0":215,"508aac3d":215,"93ac9ca3":209,"f5cd79c1":222,"e7773397":197,"b1f58563":209,"eebc8d43":203,"2352c8ef":214,"92ca52b7":221,"b8488fc8":213,"7bda83dd":199,"6a7392d5":192,"fef750ca":219,"a901627e":213,"aa867541":197,"95904ac4":230,"52eca0dc":226,"d5dae4c4":231,"fd482491":237,"731fc335":196,"7ee148e9":200,"3f2522c2":226,"42191b64":183,"b36a0d66":196,"bab97de3":217,"4945c851":226,"07fc4a9a":226,"d36125db":217,"cfe72ead":200,"d9dcdc4b":229,"45fb95c1":213,"db0a661e":207,"34658473":206,"3a1b9af5":210,"4ea4a2a1":239,"d102b0c6":195,"40569362":226,"acac14fb":191,"e9679ede":199,"972f4174":217,"8e780922":195,"f33c0140":214,"3498f223":211,"bc09fa9e":211,"e2a7d915":182,"b6ee137a":208,"7e8e1c3d":206,"2209903e":204,"6490bac6":199,"a851554d":224,"a6003226":210,"64db4feb":225
1604737692964,"8cddb65e":207,"b35bb8a1":199,"bc3dc66a":214,"725dce8b":223,"dcfaba4c":212,"9d63c4dd":210,"ccdd1ce6":213,"a983a6dc":189,"ec2cb1af":218,"c6c85783":227,"eeaa2d46":225,"558d5ce7":207,"449d8475":185,"25a7a0a3":190,"f4b2f575":201,"f2ca27d9":218,"faf3ed07":197,"90d52475":212,"172217e5":222,"a6626a13":194,"84b67924":208,"884b0ad1":204,"3c6692a3":231,"6e851762":208,"f271ed5d":206,"2c627253":219,"60d6cee2":204,"03b4ab60":194,"3a1d1632":186,"51f80f4c":241,"5a734022":192,"31f6ba51":201,"b35bb8a1":200,"290b4714":210,"07f98660":225,"ba586505":227,"869cbaa0":223,"b0869206":215,"c38c2b52":207,"11b74e63":212,"7a4c064c":216,"f0a06216":218,"597c1f81":218,"9aa6a054":215,"4b125e7b":202,"e382ec3f":196,"c8113b77":196,"c67979e6":234,"527ff946":220,"91d52a55":209,"bf822e33":210,"558d5ce7":208,"bb99c79c":207,"e99318a3":208,"f66616b7":216,"affb82bf":240,"ef8321d8":217,"36684155":211,"eeaa2d46":226,"75ffea08":210,"fbdffc95":194,"ba30e43a":232,"0841052c":224,"4577b333":219,"dbd2f139":219,"805af3c7":210,"026766f3":207,"c8977844":210,"9e65c0ef":206,"aa021138":235,"a68a93b2":207,"180377be":202,"f4634d0b":209,"6d339d45":189,"416a9e97":203,"dd7acb96":214,"70bc8325":209,"aec074c4":219,"2bcca6a7":230,"2352c8ef":215,"f5e8dfee":225,"7fdc2007":194,"831c7b85":215,"c6dc900c":185,"50b558a7":195,"2dd0e808":203,"313258f2":218,"a5676c24":209,"6023df54":204,"b2cfdbcf":204,"65e4235b":214,"d5dae4c4":232,"9fa62fee":200,"730338c4":219,"aa5dfdf5":216,"9ab755d3":203,"c27969ec":198,"64a7f79f":224,"27c8e038":218,"24d24fa3":199,"cbad3b92":239,"48655f09":251,"a543ec74":193,"06ee61b6":195,"4b4ecbce":202,"e7abc88d":196,"0dad37d5":222,"77300e4a":189,"288d171f":216,"9267f0ef":213,"201cafad":204,"da3437cd":189,"3b7763b1":187,"51c57542":216,"26dd2000":226,"21ad2f34":226,"c8dc010f":214,"aa9ea5e8":189,"162a7348":208,"c93c3508":194,"a2c334e7":231,"dcfaba4c":213,"64db4feb":226,"af034fee":224,"bd2705b0":219,"0d28db94":206,"54d7de6b":236,"9c29f0ed":233,"7566fdd6":212,"0d770b97":212,"730a4938":189,"7e95c5a0":210,"b73e789c":190,"e6ec8cbf":226,"c38c2b52":208,"9d4f1fe6":197,"cb142908":206,"e356abf1":225,"c95719e5":199,"f5cd79c1":223,"83086d4c":216,"42191b64":184,"6ce84ff8":199,"a40846b7":213,"60e855ee":226,"66554572":174,"17b08923":208,"69f3bfcc":201,"2d1e1e9d":224,"ef16ca37":198,"f044c0e1":202,"1bd5b20b":225,"8d753bb6":213,"2af60749":218,"259930ee":219,"caddd0a7":220,"cc11fef9":220,"7043382d":210,"0c043224":222,"a4f1d83b":203,"30c5d755":224,"b320feb9":215,"5cd3cfe0":193,"859545e6":202,"381c68fa":209,"6f81493d":199,"180377be":203,"f4b2f575":202,"12dd6f5e":194,"77bae750":211,"b946e146":219,"77f31bab":226,"546f6845":204,"394dc144":194,"f2ca27d9":219,"6de0aaac":194,"cf775f58":219,"2a387957":213,"4469c815":188,"bda8cdfb":212,"315537b2":212,"78b97937":232,"a0685bf3":231,"831c7b85":216,"2a76f1dd":184,"55928ef1":206,"5f4102da":216,"50b558a7":196,"43bc86e3":212,"a5676c24":210,"71ba7561":180,"2dd0e808":204,"aa76bc50":181,"313258f2":219,"7ae34c64":204,"26c390d6":217,"9147702f":198,"8cd78f77":208,"50c3164b":233,"d744bee2":203,"3c6692a3":232,"2d54e0a8":213,"06073f13":224,"1ff8c2fc":211,"e81834aa":238,"5f8517b7":230,"288afc30":222,"82b81567":194,"eed20185":225,"04612878":237,"9fc713b0":228,"3e602573":216,"cf52025e":207,"87ce8d1d":187,"0eaf08da":208,"f33c0140":215,"104721f0":211,"fe578280":197,"e1618359":214,"6b78ad7f":211,"acac14fb":192,"1e232870":219,"4295ce9a":212,"0a96f57a":204,"8f9b74b0":195,"f734c84c":235,"5f6613c8":197,"71279c46":211,"4911acad":183,"9f5e6cba":216,"51f80f4c":242,"540df50f":224,"6df0b2e8":239,"95d331b1":207,"8bc04eb5":217,"d83870f5":207,"a85d89cc":216,"9cb4697f":215,"0d7d88f1":206,"93b0a158":232,"10ec5a0b":203,"e4c312fe":216,"abd32136":222,"d5059415":193,"11b74e63":213,"9f74b8a4":196,"67c57de4":218,"971675c5":217,"363590c7":223,"d599b566":220,"d1676e89":210,"dc583e64":228,"016953e4":228,"b769bdfb":210,"a3d4a0e5":222,"6a60348e":207,"e1f0dbfd":240,"4eed1bea":221,"c8dc010f":215,"fbdffc95":195,"66b7b5b4":206,"cc6bbe45":198,"26ed1a5c":207,"ea6de194":215,"4ee62a26":199,"2154b6e8":199,"61f25dd4":233,"1623fc9f":205,"6e24d88b":203,"d9f512b9":225,"4c39240e":227,"19e9776f":210,"751bcf25":207,"91d52a55":210,"bc021def":210,"e15fd611":199,"b88033fd":223,"ac38a6a5":220,"a983a6dc":190,"f2f58418":200,"9d9dd9e5":200,"a77e8461":208,"c6c85783":228,"d6320619":211,"9a467a82":216,"9d63c4dd":211,"945b63f0":236,"fe8f3d36":204,"25a2844e":208,"2a76f1dd":185,"ba5c52af":199,"9d023afb":208,"6c524f99":220,"55928ef1":207,"3a291497":188,"781ace7d":212,"012de09c":211,"5ef93e5d":188,"d5dae4c4":233,"4abb7aed":203,"dd035d2a":200,"7db3edda":209,"d0d6acb1":209,"508aac3d":216,"cbb54a0a":192,"22234d6b":210,"a6626a13":195,"84b767be":240,"288d171f":217,"dcf85091":203,"e9679ede":200,"8e780922":196,"0a92153e":209,"c4feee5b":218,"69d4b754":200,"5c82d1ce":213,"e7e82473":233,"32c9fc47":213,"d9dcdc4b":230,"de36827b":246,"1bd5b20b":226,"8f2a7d69":198,"28d41578":221,"d0e9a58e":219,"288afc30":223,"b377a62a":190,"d33790a2":240,"5acaa06f":186,"064a99c8":219,"804d4dfa":203,"ad8f85d6":234,"12271e14":222,"8eb64769":215,"a636f4c9":229,"04612878":238,"4911acad":184,"b7cc7909":216,"ba586505":228,"4652b09a":213,"9f74b8a4":197,"6ee92259":213,"ae95f2ba":229,"9cb4697f":216,"935ec056":209,"7a4c064c":217,"e4cfef0a":198,"1c0a9eff":200,"ae99df30":189,"621d6b18":218,"91536e85":228,"ad303bda":217,"a2c334e7":232,"b35bb8a1":201,"540df50f":225,"74e3d13e":215,"227006e4":209,"695a2b92":195,"f1dffa24":193,"e238f09b":225,"3c43e8a2":225,"dc583e64":229,"ea9bba6b":212,"e2a7d915":183,"daab45c6":202,"261c9911":231,"21e10a2b":214,"51c57542":217,"c650b434":214,"0f029727":219,"62d1d346":190,"ca6d2d91":206,"f1b493de":234,"e5d3655c":232,"7cd0ad7b":225,"7e76c93c":220,"6f81493d":200,"7be025ce":205,"74f234c6":240,"2154b6e8":200,"014460b9":233,"56d315d8":193,"4360a1a3":224,"8cc4a982":227,"6d5fcd4c":209,"47d27624":199,"eeaa2d46":227,"ac38a6a5":221,"77bae750":212,"a939b50b":205,"172217e5":223,"9c045c61":210,"cb6c9e42":234,"5f7d7195":205,"d6320619":212,"449d8475":186,"254cc28c":216,"19551bad":201,"478d2d4f":228,"8007f30e":188,"b8488fc8":214,"9d023afb":209,"6a7392d5":193,"a567ace4":219,"781ace7d":213,"f789f6d8":209,"98915a1f":196,"835358a0":203,"aec074c4":220,"4e3f5178":231,"c5b35e4d":194,"145c7559":192,"efe84c27":205,"d548635d":212,"9267f0ef":214,"5e193fc8":207,"c7ab83c1":191,"e7e82473":234,"e8f173b5":219,"4ff2225d":207,"1be05c14":216,"6291e9e9":227,"a8871ddf":204,"31f6d707":227,"54a676d6":207,"8245f916":207,"0cb80f4a":210,"cd95f558":211,"f1862e79":186,"9263c525":215,"ea274174":216,"812b4f15":199,"dd1fcb17":194,"c27969ec":199,"6be9332a":202,"cf52025e":208,"2d382981":201,"39ba00f0":216,"ef1c2dcb":215,"2d54e0a8":214,"c793cdda":219,"be149c6f":196,"a2c334e7":233,"7af9d3b1":212,"af034fee":225,"71a2a493":180,"5f96c2bc":203,"00a481e3":223,"e865e4dd":207,"3c0df8b4":234,"7ae34c64":205,"6775d5cd":212,"95d331b1":208,"10ec5a0b":204,"7e95c5a0":211,"51f80f4c":243,"0681c48e":222,"23080895":198,"695a2b92":196,"f5cd79c1":224,"5623817d":197,"70594a28":215,"ab7467de":234,"6490bac6":200,"3b7763b1":188,"fb8bfb36":233,"c7636527":190,"25e0dd3d":201,"d9f512b9":226,"c8dc010f":216,"7cd0ad7b":226,"ba30e43a":233,"4279e829":234,"d9d7c4c2":206,"4777334c":204,"61f25dd4":234,"14c682eb":209,"9d4da635":196,"c8fcad77":193,"dae0f922":217,"94a2fe10":221,"9de29816":186,"bb99c79c":208,"44a4f7cd":208,"6cba74ce":185,"f4b2f575":203,"6adce358":230,"a77e8461":209,"01d817b8":188,"4ed01268":203,"77f31bab":227,"9e206c95":231,"0670c466":203,"22ecaed0":218,"39a2fcce":201,"6841f77e":225,"7566fdd6":213,"51a3e9c2":201,"2ce1af05":192,"b73e789c":191,"d929098e":181,"54d7de6b":237,"0d7d88f1":207,"ad2d7bed":218,"00a17b46":213,"0e2b5d2f":214,"2a76f1dd":186,"bd62d7ed":197,"9d023afb":210,"e35a63cd":209,"9a07d89b":192,"f2e3c0e3":188,"810aa5e9":218,"7896b953":214,"3101354b":187,"6023df54":205,"f883d582":193,"69134f07":195,"c382f054":227,"696fdac5":229,"ebdbf580":216,"80a8a56d":207,"145c7559":193,"c85a0d80":208,"aec074c4":221,"508aac3d":217,"a77e127d":187,"19f9ca86":216,"b1f58563":210,"c7ab83c1":192,"a4dafea5":203,"45b038bb":243,"95bc84f1":195,"b4fdf90e":219,"608bc832":177,"3310a049":214,"6a60348e":208,"92d38723":219,"d102b0c6":196,"0114160e":205,"17b08923":209,"0ac825ed":222,"6f0fcb9d":217,"6291e9e9":228,"a43061ee":203,"64a7f79f":225,"71bc1295":201,"7028b044":209,"272c7672":225,"e58b26f6":229,"d1ca5d6b":217,"fd369c21":217,"9f5e6cba":217,"2ab62345":197,"3a291497":189,"91f7ef72":201,"f905a555":200,"c0b23081":236,"e4cfef0a":199,"a502c93c":208,"95539a58":199,"bec9d329":232,"869cbaa0":224,"8bc04eb5":218,"6a5b71b4":195,"1bb4ccc0":210,"ac030e74":196,"b0869206":216,"629800eb":217,"51a3e9c2":202,"faf4f98b":213,"5774ac0d":218,"4125085e":220,"5eaa1581":204,"c852d240":200,"6632fed0":219,"6b9eff39":207,"85de05f2":202,"efd23af5":194,"77898c22":183,"201cafad":205,"5c82d1ce":214,"e21c6207":217,"c015ec5a":216,"b7505747":218,"859545e6":203,"0c0e98ea":204,"eed20185":226,"aefe13f5":223,"4cc141fa":179,"2c24d929":215,"6d339d45":190,"31d74eee":201,"d3e84616":211,"1b881e6e":215,"1745a0f4":219,"478d2d4f":229,"33d6bb6a":202,"7fdc2007":195,"7bda83dd":200,"9a3ab0b8":210,"13b53c7a":215,"7d6895f4":221,"39a2fcce":202,"6e98dfda":219,"12012fbd":203,"f5596d0f":216,"ccf8b803":216,"315537b2":213,"2a387957":214,"30dd2edc":206,"c98d5272":199,"1f11812e":228,"d9f512b9":227,"66497c7e":202,"9e65c0ef":207,"caddd0a7":221,"381c68fa":210,"37a7d5b0":203,"26ed1a5c":208,"0c043224":223,"a68a93b2":208,"0a92153e":210,"a836aa93":212,"f76a3e83":216,"e0154608":217,"dbc9df44":189,"168e75d9":214,"c5b35e4d":195,"39bbc4bc":209,"27f52ed3":226,"3a204e56":204,"5410e9c6":216,"09ff339a":180,"971675c5":218,"9a3cc55d":199,"411b5027":191,"fb44fa9c":219,"cf84fb54":220,"2d1e1e9d":225,"bab97de3":218,"868edcc0":222,"bbe71605":188,"1b153aef":220,"0cb80f4a":211,"34658473":207,"67f6e4f2":187,"02d4753e":222,"d33790a2":241,"408bb2ed":211,"26c390d6":218,"2d54e0a8":215,"d0d6acb1":210,"f069bb07":214,"70c1e715":218,"0bd93cfd":172,"9147702f":199,"3f75d3bc":232,"0a1d11e6":200,"5ef93e5d":189,"fd482491":238,"45b5746e":207,"345c9967":203,"aa76bc50":182,"50c468ba":194,"4258c176":195,"7218c9f1":209,"d39724bc":213,"e4cfef0a":200,"1757a30e":200,"e4117b3b":189,"d5059415":194,"61d4782d":203,"31f6ba51":202,"f94bf9ea":202,"540df50f":226,"aa9ea5e8":190,"ded7da5a":220,"f9f2c53f":187,"27d8bf51":209,"547903ef":217,"b6ee137a":209,"7bebff03":206,"d25e0f8d":238,"b7cc7909":217,"6be9332a":203,"48655f09":252,"ae8a09c4":227,"12271e14":223,"4febf7c5":204,"4b4ef7fa":204,"9c58dd76":202,"0ecfa1c9":196,"d929098e":182,"7e95c5a0":212,"c8113b77":197,"a502c93c":209,"67d30f2b":203,"93b9fae6":202,"0f89862c":197,"13b53c7a":216,"2a4a402a":204,"4c0e547b":218,"2a76f1dd":187,"25a2844e":209,"50b558a7":197,"36d340f2":182,"3454fa2b":186,"50d129cf":209,"4469c815":189,"aff8e442":220,"e99318a3":209,"4d35385e":197,"c6c85783":229,"22176537":217,"2b3e4717":215,"dfa1a89b":201,"6d5fcd4c":210,"5a0eb771":207,"815e4582":220,"2045d7d6":206,"aab4d996":200,"66497c7e":203,"30c5d755":225,"44c77422":211,"6e24d88b":204,"d634aa28":217,"df2b4d87":195,"719c8869":212,"db703021":209,"fce3c5c6":194,"f1b493de":235,"ddec9e54":204,"a4f1d83b":204,"8e99d5d0":244,"0a92153e":211,"a3253019":202,"71ff66e8":228,"39bbc4bc":210,"7ee148e9":201,"ea9bba6b":213,"5270f158":202,"6085137f":207,"9a3cc55d":200,"a4dafea5":204,"0114160e":206,"49910300":196,"a3d4a0e5":223,"2d1e1e9d":226,"e0f7679f":198,"013ee301":206,"4ac6bd4e":197,"2e99f8fd":219,"ea274174":217,"7ae3fc50":190,"f1862e79":187,"cfe72ead":201,"0cb80f4a":212,"98915a1f":197,"508aac3d":218,"a625328f":215,"6751d8e4":221,"d0d6acb1":211,"8657c79d":204,"d3a669ac":223,"fafb4cc2":254,"65e4235b":215,"a15713c6":234,"a5676c24":211,"6e44927f":209,"08a561b7":214,"dd035d2a":201,"0ecfa1c9":197,"f94bf9ea":203,"104721f0":212,"4c4aa2e2":203,"501db4de":209,"4b4ecbce":203,"27d8bf51":210,"8f9b74b0":196,"7b6a7048":208,"a0cca8b7":200,"ab7467de":235,"a851554d":225,"7e8e1c3d":207,"35aa7fd0":215,"064a99c8":220,"6ebe2354":184,"12a2cd4b":208,"23080895":199,"468fc85c":215,"4cc141fa":180,"aefe13f5":224,"32133249":213,"162a7348":209,"61d4782d":204,"6867261a":215,"ba586505":229,"cb142908":207,"93b9fae6":203,"bf30a08f":222,"ad303bda":218,"1bb4ccc0":211,"00cf385d":217,"6a5b71b4":196,"a85d89cc":217,"7735c3c2":205,"fea793f5":217,"67c57de4":219,"730a4938":190,"b9be31d6":223,"733c86f8":218,"062179c1":206,"1745a0f4":220,"a66a2d8a":221,"140ce69e":198,"d3e84616":212,"ac38a6a5":222,"31d74eee":202,"175bc6b2":191,"f4b2f575":204,"f3d68430":221,"30c5d755":226,"655941a0":228,"19e9776f":211,"4fd645f1":207,"110b1ee3":215,"5f620a1e":211,"868cda42":209,"20e470e0":217,"9bdf362a":220,"059d6c19":223,"57167c74":199,"d0c104c4":185,"ea6de194":216,"1f11812e":229,"36b7003c":236,"7080f122":200,"c6c85783":230,"b946e146":220,"8ec3834d":228,"fe1d4419":211,"f5cd79c1":225,"95d3d348":200,"d599b566":221,"3e082b37":204,"e7773397":198,"695a2b92":197,"6db0ea86":196,"45fb95c1":214,"e7e82473":235,"0be540c5":215,"411b5027":192,"d9dcdc4b":231,"8b2b601d":220,"5acaa06f":187,"332820ce":228,"82b81567":195,"408bb2ed":212,"b8ab8e6e":204,"5339e1e9":232,"3c6692a3":233,"84b67924":209,"0fc5ac7e":240,"af0b61ab":213,"b7832271":227,"fb7482fe":204,"2a06ab95":228,"8063df14":220,"78467b8a":215,"50b558a7":198,"012de09c":212,"3a291497":190,"74c26380":233,"6023df54":206,"abc1d7ad":231,"a851891c":198,"8db5a165":205,"685207b3":217,"f33c0140":216,"e1618359":215,"a3253019":203,"c85a0d80":209,"5be594be":202,"53431634":232,"8ea21393":190,"26dd2000":227,"cd421290":208,"f9f2c53f":188,"21ad2f34":227,"6bc5d32a":226,"25e0dd3d":202,"8323d333":199,"0ac825ed":223,"49bf2e95":203,"0eaf08da":209,"04612878":239,"03dcfa3d":213,"71bc1295":202,"baebb391":219,"dd1fcb17":195,"0f72f2d8":217,"47cfba38":193,"d6d61bfc":222,"03b4ab60":195,"c852d240":201,"74e3d13e":216,"a2c334e7":234,"1ed46298":220,"f1df62b4":215,"0d770b97":213,"3b2dee89":204,"76f94eda":215,"d4d5f466":206,"8ac72326":204,"95d331b1":209,"0d7d88f1":208,"7218c9f1":210,"4258c176":196,"9d4f1fe6":198,"87c462ee":214,"7e95c5a0":213,"ffa08d82":204,"d141db49":206,"6e24d88b":205,"dbd2f139":220,"c4e70c07":203,"0c0e98ea":205,"859545e6":204,"9e65c0ef":208,"58d46189":223,"3f9b5722":195,"75ffea08":211,"30d84dce":185,"2045d7d6":207,"ca7d47f7":221,"4ee62a26":200,"9e206c95":232,"175bc6b2":192,"e7773397":199,"578f6e9e":223,"317c1591":223,"6ce84ff8":200,"dc583e64":230,"a77e127d":188,"8274885a":202,"159ffd0b":198,"11888cfa":192,"59431390":208,"2cce4fb2":219,"f5829ac0":217,"f044c0e1":203,"a4dafea5":205,"00554ffd":217,"2dda3936":196,"09560615":195,"23760167":208,"f3d68430":222,"815e4582":221,"e9adbe58":216,"d957f027":208,"527ff946":221,"fd6dcb20":221,"faf3ed07":198,"794f652b":220,"d5557fb4":218,"7db3edda":210,"084cbc0b":205,"a625328f":216,"835358a0":204,"0bd93cfd":173,"5f4102da":217,"f5e8dfee":226,"6c524f99":221,"8063df14":221,"25a2844e":210,"c1bb74f2":203,"831c7b85":217,"83b2f9c5":221,"d8e58a8c":228,"a0cf08b3":168,"d9d0c567":219,"d5dae4c4":234,"781ace7d":214,"f3a0c2ee":207,"383e232d":214,"2180f99b":198,"470d50c2":221,"d548635d":213,"b3863630":200,"f2086446":199,"c85a0d80":210,"c5b35e4d":196,"e7abc88d":197,"805534ac":209,"cd421290":209,"547903ef":218,"18d20aa1":213,"4295ce9a":213,"e1f0dbfd":241,"70594a28":216
1604737693472,"82b81567":196,"608bc832":178,"cd95f558":212,"8323d333":200,"379184a7":233,"49bf2e95":204,"4b4ef7fa":205,"bad6cdb1":180,"6be9332a":204,"a636f4c9":230,"481754fc":192,"b2bd8fd3":185,"792cfcbd":213,"dc583e64":231,"42191b64":185,"5623817d":198,"1951480c":194,"8dc9b4db":215,"836701f6":212,"77d35808":189,"e0f7679f":199,"4945c851":227,"66554572":175,"3310a049":215,"820225e4":191,"0b5a0408":223,"045f280d":212,"4ea4a2a1":240,"608bc832":179,"e0e6a097":211,"3a1b9af5":211,"5acaa06f":188,"a533489b":236,"6f0fcb9d":218,"d8475b95":188,"ae8a09c4":228,"458dcc3d":222,"12271e14":224,"87922532":238,"ee75b607":203,"2b698053":211,"af7e5be8":214,"dffa7793":172,"4258c176":197,"c803b4a3":206,"9c29f0ed":234,"bec9d329":233,"95d331b1":210,"0d7d88f1":209,"8ac72326":205,"ae99df30":190,"d83870f5":208,"50c468ba":195,"2d382981":202,"946df4fd":237,"9bdf362a":221,"aab4d996":201,"0c0e98ea":206,"25776fc4":220,"4279e829":235,"7043382d":211,"3f9b5722":196,"1e191c98":190,"2af60749":219,"a81a857c":208,"902f49f5":212,"74f234c6":241,"e5d3655c":233,"cd3bbe7e":209,"8dc9b4db":216,"578f6e9e":224,"78467b8a":216,"a0685bf3":232,"8f10fa42":234,"4c0e547b":219,"be3a10f8":241,"5f4102da":218,"0042f6eb":208,"abc1d7ad":232,"fd482491":239,"537634c9":188,"a472532e":201,"a0cf08b3":169,"65e4235b":216,"3c0df8b4":235,"004f1ef3":255,"19f9ca86":217,"5410e9c6":217,"42191b64":186,"f6fe095d":225,"e9679ede":201,"90a06ee9":218,"6fb4cdda":227,"0dad37d5":223,"d34a29b9":227,"704bce0d":201,"c7313e0a":220,"f734c84c":236,"4295ce9a":214,"4dac6b20":183,"cf84fb54":221,"05642105":217,"5a734022":193,"5eaa1581":205,"c9efc8f6":203,"40860a4b":192,"162a7348":210,"181c3dd5":209,"c93c3508":195,"1138796e":216,"1438fad7":216,"6c73ae98":179,"bbe71605":189,"ce4da56f":223,"de11eb19":226,"8f2a7d69":199,"d0b297b2":203,"6f0fcb9d":219,"5acaa06f":189,"7ae3fc50":191,"b2a8761b":189,"9aa6a054":216,"730a4938":191,"0d770b97":214,"67d30f2b":204,"621d6b18":219,"04bef50c":181,"9f74b8a4":198,"f56ac638":198,"6a5b71b4":197,"d815c5b4":243,"7218c9f1":211,"7a840529":206,"6c20c153":213,"faf4f98b":214,"c609739e":220,"b6aaf976":205,"04612878":240,"742f1425":207,"a5aee5de":236,"87922532":239,"468fc85c":216,"e21c6207":218,"debe1f65":207,"5a622a23":212,"9d0546ac":191,"4fd645f1":208,"66497c7e":204,"0b959527":201,"0d5ee801":201,"ba30e43a":234,"30d84dce":186,"cd3bbe7e":210,"7e76c93c":221,"9bdf362a":222,"d634aa28":218,"92f800f5":237,"d70ca4f4":232,"66b7b5b4":207,"88fa53d6":189,"25a7a0a3":191,"d6320619":213,"eeaa2d46":228,"31d74eee":203,"315537b2":214,"1634789b":219,"8547fbc2":196,"bb99c79c":209,"b8ab8e6e":205,"6d339d45":191,"a9b1bd51":172,"90d52475":213,"91d52a55":211,"faf3ed07":199,"1f342a00":211,"ef1c2dcb":216,"eb7b4e29":198,"cbb54a0a":193,"e58b26f6":230,"1bc0591f":199,"dd3913d2":199,"20958d58":204,"8063df14":222,"25a2844e":211,"fee32863":219,"6c524f99":222,"aa76bc50":183,"1d44aff3":223,"ae016053":234,"6023df54":207,"abc1d7ad":233,"c91966ce":206,"5b60dd1d":205,"27f52ed3":227,"fb7b7b3c":220,"8dd649a3":213,"971675c5":219,"8dc9b4db":217,"80a8a56d":208,"efe84c27":206,"f121b82c":222,"9267f0ef":215,"be2955bb":209,"c7313e0a":221,"6b78ad7f":212,"8e4c33d2":202,"fb7482fe":205,"aa5dfdf5":217,"a1370ab0":205,"af034fee":226,"a6003226":211,"1ed46298":221,"6df0b2e8":240,"72805bf5":198,"8d04852b":207,"8cf83787":189,"bbe71605":190,"6d802fa2":190,"f277386e":178,"11888cfa":193,"49910300":197,"045f280d":213,"6f0fcb9d":220,"82b81567":197,"8493f3b2":210,"b2a8761b":190,"cfe72ead":202,"7ae3fc50":192,"49bf2e95":205,"fafb4cc2":255,"87083264":224,"bf30a08f":223,"7f6d1d0e":217,"76f94eda":216,"9c29f0ed":235,"124fbe96":209,"00a17b46":214,"f56ac638":199,"04cc7cbe":204,"c803b4a3":207,"0bfabf48":203,"d4d5f466":207,"0d770b97":215,"b9be31d6":224,"742f1425":208,"dfc89705":201,"6ebe2354":185,"73b15e04":202,"23080895":200,"c650b434":215,"913a6226":215,"4295ce9a":215,"2209903e":205,"a0ce82b4":210,"fb8bfb36":234,"f4343817":207,"2045d7d6":208,"430a5db5":216,"0d5ee801":202,"aab4d996":202,"7be025ce":206,"7cd0ad7b":227,"25776fc4":221,"93683c82":200,"9e65c0ef":209,"66b7b5b4":208,"92f800f5":238,"30fdcd3b":216,"30d84dce":187,"d9d7c4c2":207,"01cd8099":227,"2c24d929":216,"8547fbc2":197,"09560615":196,"e9adbe58":217,"315537b2":215,"9a467a82":217,"6143f39d":216,"93fdbb44":204,"0f1ac912":197,"7d6895f4":222,"23760167":209,"4ed01268":204,"6e98dfda":220,"650bb0e0":209,"c98d5272":200,"8063df14":223,"f2e3c0e3":189,"5f4102da":219,"1bc0591f":200,"55928ef1":208,"25a2844e":212,"cfafcda8":199,"dc03ebd2":227,"fafb4cc2":256,"695a2b92":198,"3f2522c2":227,"c4feee5b":219,"0a92153e":212,"a3253019":204,"bd984a8e":199,"9267f0ef":216,"5be594be":203,"1a68160d":213,"3a204e56":205,"27f52ed3":228,"f6fe095d":226,"5781776a":214,"5623817d":199,"26c390d6":219,"d0d6acb1":212,"af0b61ab":214,"3062379b":198,"2180f99b":199,"d744bee2":204,"ea822700":205,"42c80e69":221,"227006e4":210,"0681c48e":223,"3c18f28e":209,"031e488e":227,"76f3a3be":218,"71279c46":212,"7732eb1e":237,"a24e6670":210,"6d802fa2":191,"d9dcdc4b":232,"b552beb3":225,"820225e4":192,"54a676d6":208,"288afc30":224,"b2a8761b":191,"92d38723":220,"4ac6bd4e":198,"332820ce":229,"40569362":227,"49bf2e95":206,"a472532e":202,"42cd2360":178,"43bc86e3":213,"aa76bc50":184,"74c26380":234,"ad2d7bed":219,"056ea7ff":225,"7fef9973":207,"9c29f0ed":236,"20811ddf":209,"d4ee22a4":210,"a6b5e869":218,"c8113b77":198,"7735c3c2":206,"c38c2b52":209,"6841f77e":226,"ef14000f":233,"4652b09a":214,"cb142908":208,"c455f40e":206,"79e4fa1c":216,"7d112f4d":212,"93e8cee5":234,"261c9911":232,"bfad1727":191,"8f9b74b0":197,"4def63ee":198,"c1bdfd41":206,"d70ca4f4":233,"6f81493d":201,"859545e6":205,"fbdffc95":196,"ca6d2d91":207,"48655f09":253,"a43061ee":204,"01cd8099":228,"08c6b5d2":217,"3f65f121":222,"140ce69e":199,"e9adbe58":218,"01d817b8":189,"12012fbd":204,"d1715f3b":230,"254cc28c":217,"8ec3834d":229,"0670c466":204,"84369269":199,"7e15f8e8":222,"6adce358":231,"e99318a3":210,"a0bc1ceb":204,"a636f4c9":231,"26c6fa34":203,"0f72f2d8":218,"9a3ab0b8":211,"25a2844e":213,"b8488fc8":215,"bd62d7ed":198,"92ca52b7":222,"2bcca6a7":231,"a8c93bed":209,"4577b333":220,"26ed1a5c":209,"a577db1c":215,"8db62558":212,"df2b4d87":196,"0d5ee801":203,"4360a1a3":225,"69134f07":196,"fe1d4419":212,"4bcd4a30":225,"0fc5ac7e":241,"911e770b":205,"88b3bc99":195,"1f7607df":196,"284544ba":201,"84b767be":241,"deb31f35":223,"b7cc7909":218,"3a1d1632":187,"288a2c43":207,"13747b82":216,"af034fee":227,"b935fc1c":206,"82868763":207,"39bbc4bc":211,"1be05c14":217,"2c5c1dc0":199,"e7e82473":236,"3712c4bd":199,"b36a0d66":197,"6085137f":208,"66554572":176,"1438fad7":217,"88a30343":213,"8323d333":201,"aa867541":198,"52eca0dc":227,"fd482491":240,"6023df54":208,"195eb771":203,"731fc335":197,"3f75d3bc":233,"b9be31d6":225,"16b476e9":208,"7e95c5a0":214,"a85d89cc":218,"ea4d3f3e":222,"b8397293":203,"2cce4fb2":220,"9e878ec2":208,"d0c0fc08":188,"d0b297b2":204,"02d4753e":223,"8d000d6e":200,"e0154608":218,"a836aa93":213,"4b4ecbce":204,"f3992a31":238,"9f2b16a7":223,"4dac6b20":184,"acac14fb":193,"c650b434":216,"e1f0dbfd":242,"ded7da5a":221,"21e10a2b":215,"0a96f57a":205,"51c57542":218,"8eb64769":216,"a2c334e7":235,"7080f122":201,"4469c815":190,"a63bddd4":257,"5a0eb771":208,"a77e8461":210,"2dda3936":197,"74e01f6a":208,"742f1425":209,"9c58dd76":203,"b460f030":237,"2c24d929":217,"27c8e038":219,"d5059415":195,"3b2dee89":205,"6034b6d0":221,"6775d5cd":213,"ef14000f":234,"7735c3c2":207,"f7231212":203,"dd3913d2":200,"b3f19a69":201,"7fdc2007":196,"1a442bc7":187,"33d6bb6a":203,"2bcca6a7":232,"cf1124db":204,"49b358bd":219,"66b7b5b4":209,"aab4d996":203,"31408822":198,"04ea5673":212,"b7434f57":174,"5ab7bc35":215,"28d40296":182,"7a9344a4":228,"e5d3655c":234,"7cd0ad7b":228,"751acea8":197,"ffc86f94":198,"6fb4cdda":228,"1a68160d":214,"c4feee5b":220,"f3992a31":239,"efe84c27":207,"53431634":233,"69d4b754":201,"77bae750":213,"5957df9e":201,"6a3eaf43":228,"6d339d45":192,"730338c4":220,"088feee2":218,"dfa1a89b":202,"de6213c7":203,"e15fd611":200,"f4726450":198,"650bb0e0":210,"2f455cce":206,"394dc144":195,"835358a0":205,"272c7672":226,"be149c6f":197,"c93c3508":196,"162a7348":211,"c318d350":224,"6d61bf13":198,"6ce84ff8":201,"363590c7":224,"5410e9c6":218,"f2470875":219,"095ab3b4":217,"b2703001":214,"11888cfa":194,"b84a06eb":203,"f5829ac0":218,"1105f790":236,"8007f30e":189,"831c7b85":218,"a901627e":214,"a5fd8ffd":219,"71ba7561":181,"71e53c93":205,"f3a0c2ee":208,"00a481e3":224,"95904ac4":231,"f044c0e1":204,"3310a049":216,"fb44fa9c":220,"92d38723":221,"d33790a2":242,"50312237":217,"288afc30":225,"8323d333":202,"0ac825ed":224,"379184a7":234,"3b7763b1":189,"f734c84c":237,"40e79dd3":209,"ecfa8249":229,"201cafad":206,"4eed1bea":222,"b6ee137a":210,"b35bb8a1":202,"0681c48e":224,"e4714415":233,"af034fee":228,"217c0327":186,"49902219":238,"3f65f121":223,"a63bddd4":258,"af157d29":206,"140ce69e":200,"36d340f2":183,"04612878":241,"6ebe2354":186,"e8d74304":193,"f1098793":226,"dfc89705":202,"468fc85c":217,"03dcfa3d":214,"7fb4c521":217,"cc5a1d47":204,"d7cb9bcf":203,"9d4f1fe6":199,"ee21ad02":238,"c8113b77":199,"95d331b1":211,"f7231212":204,"43d87483":208,"ad2d7bed":220,"cb142908":209,"e4c312fe":217,"abad2347":214,"4258c176":198,"afe8e06a":195,"33d6bb6a":204,"b8488fc8":216,"f2e3c0e3":190,"8007f30e":190,"cd3bbe7e":211,"caddd0a7":222,"d0c104c4":186,"cf1124db":205,"5f620a1e":212,"5272520d":210,"ba30e43a":235,"c7636527":191,"0af920d8":198,"3fdb08f5":208,"5ccf94d6":213,"66b7b5b4":210,"c8fcad77":194,"24ffcbd3":234,"b3863630":201,"c5b35e4d":197,"972f4174":218,"48efc739":225,"9d63c4dd":212,"e15fd611":201,"0670c466":205,"e99318a3":211,"47d27624":200,"c98d5272":201,"39ba00f0":217,"84b767be":242,"b7832271":228,"de6213c7":204,"2a06ab95":229,"d1ca5d6b":218,"d552eb2f":212,"2203f259":213,"8274885a":203,"5623817d":200,"f2470875":220,"095ab3b4":218,"09f0db62":230,"b935fc1c":207,"05f6ab35":225,"bd62d7ed":199,"3101354b":188,"0a1d11e6":201,"65e4235b":217,"d9a64845":213,"345c9967":204,"a472532e":203,"dc03ebd2":228,"0b5a0408":224,"e8f173b5":220,"6291e9e9":229,"a24e6670":211,"8d753bb6":214,"1438fad7":218,"7732eb1e":238,"4ea4a2a1":241,"ef16ca37":199,"8d000d6e":201,"08a4c3f8":213,"d0b297b2":205,"5e193fc8":208,"a3253019":205,"ab7d4c9a":205,"8e780922":197,"c45d554f":228,"da3437cd":190,"7d112f4d":213,"21ad2f34":228,"daab45c6":203,"26dd2000":228,"93e8cee5":235,"0ac825ed":225,"36fb15d2":227,"35aa7fd0":216,"5f6613c8":198,"c93c3508":197,"aa9ea5e8":191,"17446892":204,"b7cc7909":219,"7af9d3b1":213,"175bc6b2":193,"ef8321d8":218,"8cc4a982":228,"804d4dfa":204,"b6aaf976":206,"468fc85c":218,"04612878":242,"74e01f6a":209,"a636f4c9":232,"ac62fac2":225,"87cd2add":198,"ef14000f":235,"95d331b1":212,"ac030e74":197,"dffa7793":173,"cb142908":210,"2882a956":206,"9aa6a054":217,"51a3e9c2":203,"621d6b18":220,"730a4938":192,"50c468ba":196,"abad2347":215,"88ce179e":217,"df2b4d87":197,"d70ca4f4":234,"9316e7e8":177,"638cb163":232,"d634aa28":219,"e786063b":220,"4777334c":205,"180377be":204,"5272520d":211,"04ea5673":213,"92f800f5":239,"db703021":210,"2af60749":220,"dbd2f139":221,"d2a841c9":206,"6d5fcd4c":211,"623c6a31":223,"be4f8ba8":199,"f66616b7":217,"2a387957":215,"527ff946":222,"5a0eb771":209,"cb6c9e42":235,"d5557fb4":219,"e99318a3":212,"ef1c2dcb":217,"6a3eaf43":229,"2f455cce":207,"aec074c4":222,"aaa274a5":208,"39ba00f0":218,"f069bb07":215,"d599b566":222,"42191b64":187,"f6fe095d":227,"004f1ef3":256,"3712c4bd":200,"a58bf525":208,"ba5c52af":200,"e35a63cd":210,"8f10fa42":235,"062179c1":207,"5f4102da":220,"c6dc900c":186,"9d023afb":211,"2c6cb96f":180,"aa76bc50":185,"b28a5e67":238,"db8ba455":218,"f3a0c2ee":209,"3101354b":189,"fd482491":241,"8e4c33d2":203,"8cf83787":190,"bab97de3":219,"4945c851":228,"8b2b601d":221,"1f88a4b7":236,"cf50e84e":201,"e36dfd6f":213,"92d38723":222,"b8397293":204,"655954ba":206,"8e99d5d0":245,"a4296d1e":200,"f2086446":200,"f76a3e83":217,"e1618359":216,"69d4b754":202,"72b84094":240,"9d0546ac":192,"2209903e":206,"26dd2000":229,"fb8bfb36":235,"07107f6e":214,"5a622a23":213,"3652bd66":203,"4f5e3e7d":203,"5774ac0d":219,"64db4feb":227,"3a1d1632":188,"0ecfa1c9":198,"2132fe93":212,"8d04852b":208,"dcfaba4c":214,"fe0df575":222,"67f6e4f2":188,"9e878ec2":209,"0eaf08da":210,"23080895":201,"458dcc3d":223,"f1098793":227,"468fc85c":219,"95539a58":200,"10ec5a0b":205,"20811ddf":210,"4652b09a":215,"0d7d88f1":210,"cf9f4757":218,"d1d40c9c":221,"11b74e63":214,"d2466211":217,"ac030e74":198,"e4117b3b":190,"d4d5f466":208,"d4ee22a4":211,"51a3e9c2":204,"804d4dfa":205,"792cfcbd":214,"259930ee":220,"37a7d5b0":204,"cc11fef9":221,"ea6de194":217,"7a9344a4":229,"014460b9":234,"61f25dd4":235,"d6f0d94a":213,"2045d7d6":209,"9d4da635":197,"719c8869":213,"31408822":199,"d70ca4f4":235,"be40590d":208,"ccdd1ce6":214,"0e036ae9":219,"6143f39d":217,"36d340f2":184,"3661e12d":215,"623c6a31":224,"6d5fcd4c":212,"91d52a55":212,"5f7d7195":206,"d957f027":209,"5957df9e":202,"25d1b2d8":213,"cf775f58":220,"48efc739":226,"b7832271":229,"98915a1f":198,"778c95e9":202,"72d7b461":229,"e58b26f6":231,"fd369c21":218,"0fc5ac7e":242,"263762cb":197,"f5cd79c1":226,"11b2c8d9":203,"a59a8290":216,"ba5c52af":201,"062179c1":208,"13b53c7a":217,"cd522166":226,"7af262e5":245,"f905a555":201,"4abb7aed":204,"f3a0c2ee":210,"74c26380":235,"012de09c":213,"810aa5e9":219,"3f75d3bc":234,"39bbc4bc":212,"8dd649a3":214,"eda6a690":208,"22aeaf03":213,"004f1ef3":257,"32c9fc47":214,"59431390":209,"54a676d6":209,"f277386e":179,"bbe71605":191,"0b5a0408":225,"a3253019":206,"f2086446":201,"34c5c729":214,"f33c0140":217,"d34a29b9":228,"4e3f5178":232,"ebdbf580":217,"547903ef":219,"7b6a7048":209,"b6ee137a":211,"9d0546ac":193,"f734c84c":238,"21ad2f34":229,"4eed1bea":223,"66554572":177,"a1370ab0":206,"2132fe93":213,"72805bf5":199,"7af9d3b1":214,"dc473de1":197,"b230e8d3":216,"0681c48e":225,"67f6e4f2":189,"8c6e001f":188,"608bc832":180,"45b038bb":244,"5ee911b5":202,"ef16ca37":200,"34658473":208,"064a99c8":221,"c38c2b52":210,"2b698053":212,"04bef50c":182,"ffa08d82":205,"7fef9973":208,"056ea7ff":226,"5eab91a0":217,"93b9fae6":204,"ad2d7bed":221,"4d9b0b10":217,"0d28db94":207,"04cc7cbe":205,"5acce642":226,"3b2dee89":206,"74e01f6a":210,"c609739e":221,"12a2cd4b":209,"dd1fcb17":196,"742f1425":210,"8eb64769":217,"2af60749":221,"74f234c6":242,"c1bdfd41":207,"4279e829":236,"ba30e43a":236,"19e9776f":212,"40a745c0":213,"ca7d47f7":222,"dbd2f139":222,"62d1d346":191,"88fa53d6":190,"d033db8d":223,"30fdcd3b":217,"14c682eb":210,"a63bddd4":259,"18815a1b":205,"09560615":197,"b9a48a5c":182,"bb99c79c":210,"175bc6b2":194,"1d153b20":216,"0670c466":206,"c6c85783":231,"394dc144":196,"97e75c19":220,"50d129cf":210,"8a52882e":216,"cb6c9e42":236,"26c390d6":220,"d744bee2":205,"72d7b461":230,"2d13e69b":206,"ef1c2dcb":218,"82204d54":205,"b8488fc8":217,"1745a0f4":221,"e5b1abc6":211,"a66a2d8a":222,"92ca52b7":223,"cfafcda8":200,"731fc335":198,"0a1d11e6":202,"6e44927f":210,"810aa5e9":220,"ec110282":248,"b2cfdbcf":205,"2dd0e808":205,"b1f58563":211,"b769bdfb":211,"95d3d348":201,"1951480c":195,"312f7676":228,"d599b566":223,"3712c4bd":201,"972f4174":219,"1a2c020b":217,"754f98c9":229,"9f2b16a7":224,"f33c0140":218,"0da28f5b":229,"1e232870":220,"3ef7432b":209,"bfad1727":192,"7d112f4d":214,"fb8bfb36":236,"2ad42a9e":232,"c650b434":217,"6bc5d32a":227,"8cf83787":191,"835358a0":206
1604737694432,"6e24d88b":206,"b320feb9":216,"aab4d996":204,"e62d705f":200,"14c682eb":211,"180377be":205,"fbdffc95":197,"ca6d2d91":208,"8f13c203":193,"0af920d8":199,"28d40296":183,"1f11812e":230,"fce3c5c6":195,"2b698053":213,"50c468ba":197,"d83294cd":203,"290b4714":211,"629800eb":218,"dffa7793":174,"cc5a1d47":205,"88ce179e":218,"8fb236a9":204,"20811ddf":211,"b9be31d6":226,"bf30a08f":224,"6775d5cd":214,"e382ec3f":197,"a8726d50":196,"084cbc0b":206,"be149c6f":198,"bb8a6337":205,"51f80f4c":244,"4911acad":185,"bc3dc66a":215,"32133249":214,"6632fed0":220,"8e99d5d0":246,"9b172ca8":191,"a3253019":207,"0dad37d5":224,"f121b82c":223,"c382f054":228,"1a68160d":215,"fef750ca":220,"eb2e1983":210,"30c184b8":208,"a0685bf3":233,"cfafcda8":201,"11b2c8d9":204,"d78dd457":199,"7c0a2db6":204,"a0cf08b3":170,"69eeae0d":183,"616d6dd6":203,"a5676c24":212,"56473430":221,"91f7ef72":202,"6490bac6":201,"e2a7d915":184,"261c9911":233,"c455f40e":207,"3b7763b1":190,"5fa12feb":224,"f734c84c":239,"21ee2afe":229,"f2f58418":201,"d2a841c9":207,"2dda3936":198,"8547fbc2":198,"d1715f3b":231,"8cc4a982":229,"a1921150":220,"527ff946":223,"449d8475":187,"1a0189c4":195,"a9b1bd51":173,"e99318a3":213,"93fdbb44":205,"ca7d47f7":223,"ddec9e54":205,"e32524d6":203,"b7434f57":175,"ba30e43a":237,"1a2ec5d7":226,"26ed1a5c":210,"f1df62b4":216,"76f94eda":217,"bb00e71c":198,"95d331b1":213,"ef91eaae":193,"7f6d1d0e":218,"ffa08d82":206,"a6b5e869":219,"e57d5cda":198,"4652b09a":216,"056ea7ff":227,"67d30f2b":205,"7e95c5a0":215,"16b476e9":209,"7e76c93c":222,"04ea5673":214,"cf1124db":206,"c3e6ef01":215,"dac109cf":202,"f1b493de":236,"4777334c":206,"3c6692a3":234,"508aac3d":219,"911e770b":206,"8657c79d":205,"ef1c2dcb":219,"fb7482fe":206,"2c01e624":218,"6df0b2e8":241,"64db4feb":228,"13747b82":217,"ed4fad08":220,"aa9ea5e8":192,"0ecfa1c9":199,"8cddb65e":208,"868edcc0":223,"5678ed7b":219,"b84a06eb":204,"95f6db13":208,"31f6d707":228,"a24e6670":212,"d9dcdc4b":233,"de11eb19":227,"02d4753e":224,"7ae3fc50":193,"e0e6a097":212,"332820ce":230,"8c6e001f":189,"4cc141fa":181,"23080895":202,"ac62fac2":226,"946df4fd":238,"b7df1559":217,"26c6fa34":204,"f2086446":202,"f76a3e83":218,"9267f0ef":217,"9b172ca8":192,"b2c25d1c":214,"cb51f134":216,"4e3f5178":233,"c1bb74f2":204,"9a07d89b":193,"a66a2d8a":223,"13b53c7a":218,"7fdc2007":197,"c6dc900c":187,"eb2e1983":211,"65e4235b":218,"313258f2":220,"7ae34c64":206,"a851891c":199,"b28a5e67":239,"5c82d1ce":215,"e2a7d915":185,"865d9857":203,"08c6b5d2":218,"3454fa2b":187,"22176537":218,"15620dca":227,"4d35385e":198,"9c045c61":211,"ccf8b803":217,"0f1ac912":198,"c81b2bcf":195,"faf3ed07":200,"805534ac":210,"18d20aa1":214,"3e602573":217,"1951480c":196,"578f6e9e":225,"6b79fec2":202,"27f52ed3":229,"19f9ca86":218,"a0cca8b7":201,"2209903e":207,"5a622a23":214,"4c39240e":228,"655941a0":229,"195eb771":204,"ae016053":235,"385ab7c6":224,"00cf385d":218,"c38c2b52":211,"ae99df30":191,"87083264":225,"91536e85":229,"677c6a09":226,"ffa08d82":207,"b3f19a69":202,"4930f321":201,"aa187e3b":212,"5eab91a0":218,"10ec5a0b":206,"93b0a158":233,"6f81493d":202,"c4e70c07":204,"31408822":200,"e5d3655c":235,"66b7b5b4":211,"aa021138":236,"94a2fe10":222,"e32524d6":204,"110b1ee3":216,"37a7d5b0":205,"5272520d":212,"3fdb08f5":209,"794f652b":221,"650bb0e0":211,"36684155":212,"84b67924":210,"c0e2624b":204,"0d2a1c58":201,"5a07fc2e":188,"ea822700":206,"d3a669ac":224,"778c95e9":203,"aa9ea5e8":193,"e9a8cf11":212,"b35bb8a1":203,"71279c46":213,"6d61bf13":199,"5270f158":203,"11888cfa":195,"820225e4":193,"d6db2b02":218,"a6bcb07e":204,"28d41578":222,"489a39f7":210,"88a30343":214,"1b153aef":221,"332820ce":231,"7ae3fc50":194,"608bc832":181,"5f8517b7":231,"5a0ead91":191,"4ba6eb36":198,"26c6fa34":205,"a543ec74":194,"8eb64769":218,"3498f223":212,"4b4ecbce":205,"9267f0ef":218,"78b97937":233,"e35a63cd":211,"c463799d":207,"eb2e1983":212,"062179c1":209,"bd62d7ed":200,"5f4102da":221,"a5676c24":213,"470d50c2":222,"53431634":234,"bd984a8e":200,"9b742f71":201,"c4bff41f":229,"0ecfa1c9":200,"2ab62345":198,"22ecaed0":219,"b9a48a5c":183,"36d340f2":185,"e9adbe58":219,"ac38a6a5":223,"15620dca":228,"6143f39d":218,"a43061ee":205,"04612878":243,"481754fc":193,"ae8a09c4":229,"2ad42a9e":233,"547903ef":220,"ecfa8249":230,"805534ac":211,"da3437cd":191,"bc09fa9e":212,"3b7763b1":191,"abc1d7ad":234,"83b2f9c5":222,"6023df54":209,"71e53c93":206,"cf1b8c47":218,"7c0a2db6":205,"ef91eaae":194,"7a4c064c":218,"4b125e7b":203,"5b5fc566":211,"0d28db94":208,"6c20c153":214,"87cd2add":199,"f56ac638":200,"ef14000f":236,"fea793f5":218,"053f3451":205,"ba938220":199,"5eab91a0":219,"31408822":201,"ea6de194":218,"19e9776f":213,"e5d3655c":236,"a81a857c":209,"c8977844":211,"ccf8b803":218,"e99318a3":214,"1d790491":218,"faf3ed07":201,"36684155":213,"650bb0e0":212,"99e171db":203,"6a3eaf43":230,"2d54e0a8":216,"9fa62fee":201,"7028b044":210,"aaa274a5":209,"fb7482fe":207,"aec074c4":223,"8f13c203":194,"40a745c0":214,"8942c35b":205,"65a00a3c":201,"14c682eb":212,"655941a0":230,"5b60dd1d":206,"3a204e56":206,"c0b7e7d7":196,"8dc9b4db":218,"26f99a1e":187,"a77e127d":189,"6d61bf13":200,"cf50e84e":202,"1db42092":215,"59431390":210,"6d802fa2":192,"820225e4":194,"b36a0d66":198,"0d2c95fe":219,"0cb80f4a":213,"4f5e3e7d":204,"3a1b9af5":212,"c7c4ec5c":191,"9263c525":216,"f9c15fcc":206,"08a4c3f8":214,"c7636527":192,"a68a93b2":209,"f0a06216":219,"b8488fc8":218,"c1bb74f2":205,"d78dd457":200,"f5e8dfee":227,"92ca52b7":224,"6c486702":217,"9a3ab0b8":212,"5be594be":204,"8e99d5d0":247,"6fb4cdda":229,"501db4de":210,"efe84c27":208,"ebdbf580":218,"f121b82c":224,"73b15e04":203,"c6e3d352":221,"64a7f79f":226,"27c8e038":220,"2198ba8e":203,"04612878":244,"87922532":240,"64db4feb":229,"5774ac0d":220,"3a1d1632":189,"5a734022":194,"b7cc7909":220,"c852d240":202,"af034fee":229,"36d340f2":186,"1d153b20":217,"558d5ce7":209,"a77e8461":211,"49902219":239,"6cba74ce":186,"172217e5":224,"3ef7432b":210,"9d0546ac":194,"805534ac":212,"44ff8baa":214,"913a6226":216,"ab7467de":236,"c45d554f":229,"abc1d7ad":235,"781ace7d":215,"aa76bc50":186,"d5dae4c4":235,"ef8987d7":193,"4bc46d7a":202,"dd035d2a":202,"e4cfef0a":201,"7a840529":207,"5b5fc566":212,"c803b4a3":208,"2882a956":207,"0d7d88f1":211,"e382ec3f":198,"f4b2f575":205,"bad1a1cc":214,"7e15f8e8":223,"c81b2bcf":196,"bda8cdfb":213,"a1921150":221,"f2364460":199,"26c390d6":221,"2c01e624":219,"50c3164b":234,"9ab755d3":204,"0d2a1c58":202,"fd369c21":219,"1f342a00":212,"5ab7bc35":216,"1da771fb":214,"317c1591":224,"f1dffa24":194,"0b3283c9":221,"5b60dd1d":207,"6d61bf13":201,"09f0db62":231,"8cf83787":192,"868edcc0":224,"a24e6670":213,"f277386e":180,"95bc84f1":196,"e81834aa":239,"05642105":218,"1b153aef":222,"67f6e4f2":190,"00554ffd":218,"7ae3fc50":195,"4f5e3e7d":205,"b35e9e1a":254,"ea274174":218,"751bcf25":208,"37a7d5b0":206,"d634aa28":220,"a81a857c":210,"bb98a6cf":236,"c0b0f492":214,"65a00a3c":202,"40a745c0":215,"142d6987":199,"f8b31ce5":229,"1a2ec5d7":227,"9e65c0ef":210,"30d84dce":188,"e0e48a2d":208,"c8113b77":200,"87cd2add":200,"677c6a09":227,"abd32136":223,"1c0a9eff":201,"ea4d3f3e":223,"f5e8dfee":228,"fe8f3d36":205,"ba5c52af":202,"ec11fe5f":196,"e5b1abc6":212,"6a7392d5":194,"2352c8ef":216,"f598a332":197,"06ee61b6":196,"104721f0":213,"af034fee":230,"f94bf9ea":204,"74e3d13e":217,"181c3dd5":210,"7af9d3b1":215,"51f80f4c":245,"2ab62345":199,"88432019":203,"01d817b8":190,"b946e146":221,"9e206c95":233,"69134f07":197,"696fdac5":230,"aa00769b":224,"b6aaf976":207,"468fc85c":220,"12271e14":225,"12a2cd4b":210,"2d382981":203,"baebb391":220,"34c5c729":215,"3498f223":213,"4dac6b20":185,"5c82d1ce":216,"0a96f57a":206,"20777945":205,"cd421290":210,"f9f2c53f":189,"f4343817":208,"aa867541":199,"8db5a165":206,"a0cf08b3":171,"313258f2":221,"7ae34c64":207,"fe44fc6f":199,"3101354b":190,"6de0aaac":195,"d2a841c9":208,"49902219":240,"8a52882e":217,"9d63c4dd":213,"ce3407dd":200,"bf822e33":211,"f2364460":200,"650bb0e0":213,"b88033fd":224,"22234d6b":211,"70bc8325":210,"50c3164b":235,"2c627253":220,"98915a1f":199,"1f342a00":213,"7db3edda":211,"93ac9ca3":210,"1da771fb":215,"b1f58563":212,"9a3cc55d":201,"6085137f":209,"d1676e89":211,"ea9bba6b":214,"bab97de3":220,"ce4da56f":224,"159ffd0b":199,"1db42092":216,"bbe71605":192,"0be540c5":216,"a6bcb07e":205,"0cb80f4a":214,"6585adbe":190,"b7407bd3":198,"8d000d6e":202,"f1862e79":188,"0ac825ed":226,"3d1af513":222,"62d1d346":192,"467773ac":200,"dae0f922":218,"ca7d47f7":224,"2154b6e8":201,"66497c7e":205,"b320feb9":217,"31408822":202,"0af920d8":200,"caddd0a7":223,"fce3c5c6":196,"b7434f57":176,"c015ec5a":217,"b6591e25":214,"07f98660":226,"abd32136":224,"629800eb":219,"ee75b607":204,"753ca352":215,"d83870f5":209,"af7e5be8":215,"ba586505":230,"d4ee22a4":212,"5acce642":227,"faf4f98b":215,"2882a956":208,"677c6a09":228,"b3f19a69":203,"831c7b85":219,"2352c8ef":217,"8f10fa42":236,"ec11fe5f":197,"11b2c8d9":205,"1745a0f4":222,"9b546d65":195,"71a2a493":181,"c4bff41f":230,"bc3dc66a":216,"1ed46298":222,"e9a8cf11":213,"4125085e":221,"b35bb8a1":204,"c21ab51e":196,"03dcfa3d":215,"c609739e":222,"e6fac295":199,"aa00769b":225,"3e602573":218,"bad6cdb1":181,"4febf7c5":205,"0a92153e":213,"972f4174":220,"53431634":235,"77300e4a":190,"bd984a8e":201,"e9679ede":202,"e21c6207":219,"77898c22":184,"7d112f4d":215,"efd23af5":195,"2b3c49b9":201,"ab7467de":237,"2209903e":208,"49cb2959":221,"5ef93e5d":190,"da04caac":223,"08a561b7":215,"71e53c93":207,"195eb771":205,"313258f2":222,"175bc6b2":195,"7080f122":202,"f2ca27d9":220,"a77e8461":212,"558d5ce7":210,"9a467a82":218,"6de0aaac":196,"e15fd611":202,"66d94227":202,"47d27624":201,"ce3407dd":201,"1b881e6e":216,"9d63c4dd":214,"a1921150":222,"d552eb2f":213,"84b67924":211,"911e770b":207,"aec074c4":224,"0bd93cfd":174,"ea822700":207,"7028b044":211,"095ab3b4":219,"c564e316":225,"6d61bf13":202,"fb7b7b3c":221,"f6fe095d":228,"dc583e64":232,"09ff339a":181,"6291e9e9":230,"1438fad7":219,"f5829ac0":219,"e81834aa":240,"b2703001":215,"4b3e3b1c":210,"1138796e":217,"761cf820":222,"408bb2ed":213,"7ae3fc50":196,"c0b0f492":215,"5f620a1e":213,"30fdcd3b":218,"ba30e43a":238,"8f13c203":195,"a8726d50":197,"259930ee":221,"a68a93b2":210,"cf1124db":207,"7be025ce":207,"04ea5673":215,"d634aa28":221,"94a2fe10":223,"430a5db5":217,"d83294cd":204,"ad303bda":219,"1a442bc7":188,"e57d5cda":199,"4652b09a":217,"cc5a1d47":206,"6ee92259":214,"d5059415":196,"7218c9f1":212,"79be29c8":186,"7735c3c2":208,"87cd2add":201,"9d4f1fe6":200,"ee21ad02":239,"30c184b8":209,"eb2e1983":213,"be149c6f":199,"9b3f8714":220,"12534561":206,"51f80f4c":246,"181c3dd5":211,"47cfba38":194,"bb8a6337":206,"4ac6bd4e":199,"f1862e79":189,"5acaa06f":190,"9263c525":217,"c27969ec":200,"b6aaf976":208,"946df4fd":239,"56752a4a":194,"35b58ef9":199,"26c6fa34":206,"4b4ef7fa":206,"5be594be":205,"d34a29b9":229,"b3863630":202,"9f2b16a7":225,"77300e4a":191,"c4feee5b":221,"4e3f5178":234,"3ef7432b":211,"26dd2000":230,"feb67030":196,"df81ddee":209,"eebc8d43":204,"bd62d7ed":201,"cd522166":227,"2352c8ef":218,"062179c1":210,"906fdec3":194,"537634c9":189,"abc1d7ad":236,"a0cf08b3":172,"a472532e":204,"00a481e3":225,"d5dae4c4":236,"805534ac":213,"7bebff03":207,"40e79dd3":210,"546f6845":205,"36d340f2":187,"7080f122":203,"4d35385e":199,"6d339d45":193,"8547fbc2":199,"08c6b5d2":219,"bf822e33":212,"77bae750":214,"5d087c79":216,"1634789b":220,"b88033fd":225,"44a4f7cd":209,"d5557fb4":220,"7028b044":212,"d744bee2":206,"5747db6e":228,"263762cb":198,"c0b7e7d7":197,"eda6a690":209,"5099c6a0":237,"095ab3b4":220,"8274885a":204,"fb7b7b3c":222,"de36827b":247,"bab97de3":221,"cf84fb54":222,"0be540c5":217,"0f029727":220,"44c77422":212,"859545e6":206,"1e191c98":191,"9bdf362a":223,"94a2fe10":224,"c0b0f492":216,"0841052c":225,"b7505747":219,"2af60749":222,"d634aa28":222,"1dad0f99":209,"6775d5cd":215,"c803b4a3":209,"1757a30e":201,"53b4e647":208,"4652b09a":218,"6a5b71b4":198,"0d770b97":216,"9c29f0ed":237,"67d30f2b":206,"0d28db94":209,"f0a06216":220,"d83870f5":210,"9496f56f":205,"19e9776f":214,"c3e6ef01":216,"180377be":206,"3062379b":199,"e58b26f6":232,"884b0ad1":205,"2d13e69b":207,"bb8a6337":207,"1ed46298":223,"72805bf5":200,"7af9d3b1":216,"5774ac0d":221,"32133249":215,"4911acad":186,"013ee301":207,"a4dafea5":206,"6585adbe":191,"045f280d":214,"9260d96b":242,"332820ce":232,"1bd5b20b":227,"b2a8761b":192,"4ac6bd4e":200,"36fb15d2":228,"13f0e139":197,"aa00769b":226,"bc392d1c":180,"99d130c9":205,"12a2cd4b":211,"4cc141fa":182,"812b4f15":200,"e9679ede":203,"dbc9df44":190,"90a06ee9":219,"8e780922":198,"dcf85091":204,"0a92153e":214,"1e232870":221,"30c184b8":210,"1105f790":237,"0042f6eb":209,"70ee0491":199,"05f6ab35":226,"2a76f1dd":188,"ba5c52af":203,"ae016053":236,"6e44927f":211,"a472532e":205,"6023df54":210,"95904ac4":232,"7896b953":215,"f905a555":202,"3007f31f":196,"7b6a7048":210,"7e8e1c3d":208,"18d20aa1":215,"21e10a2b":216,"ecfa8249":231,"ccb5ea3e":194,"3a204e56":207,"8274885a":205,"2c5c1dc0":200,"09ff339a":182,"437fc3ec":230,"22aeaf03":214,"12012fbd":205,"0e036ae9":220,"affb82bf":241,"4469c815":191,"eeaa2d46":229,"f2ca27d9":221,"8dd2684c":217,"66d94227":203,"088feee2":219,"a939b50b":206,"9ceb5439":196,"6adce358":232,"527ff946":224,"f2364460":201,"a33fe0dd":220,"aab4d996":205,"d9d7c4c2":208,"014460b9":235,"5ab7bc35":217,"07f98660":227,"2b698053":214,"ac030e74":199,"00a17b46":215,"aa187e3b":213,"b73e789c":192,"4652b09a":219,"87083264":226,"f56ac638":201,"a6b5e869":220,"385ab7c6":225,"37d0cae2":212,"04bef50c":183,"11b74e63":215,"cf1124db":208,"4def63ee":199,"1a2ec5d7":228,"805af3c7":211,"9316e7e8":178,"1e7753d9":220,"b7434f57":177,"e62d705f":201,"74f234c6":243,"3f2522c2":228,"28d41578":223,"cf84fb54":223,"66554572":178,"820225e4":195,"95bc84f1":197,"5f8517b7":232,"489a39f7":211,"08a4c3f8":215,"a6bcb07e":206,"8c6e001f":190,"5acaa06f":191,"792c9b6a":193,"a533489b":237,"332820ce":233,"87ce8d1d":188,"a0b03218":219,"ad8f85d6":235,"12271e14":226,"24d24fa3":200,"22234d6b":212,"4bcd4a30":226,"a625328f":217,"70c1e715":219,"1f342a00":214,"778c95e9":204,"084cbc0b":207,"227006e4":211,"dcfaba4c":215,"a6003226":212,"e4714415":234,"61d4782d":205,"a2c334e7":236,"c852d240":203,"754f98c9":230,"80a8a56d":209,"696fdac5":231,"4b4ecbce":206,"c382f054":229,"f76a3e83":219,"7f86be64":207,"eb2e1983":214,"f2e3c0e3":191,"0f89862c":198,"afe8e06a":196,"1745a0f4":223,"25a2844e":214,"733c86f8":219,"52eca0dc":228,"dc03ebd2":229,"8a165e17":209,"345c9967":205,"2dd0e808":206,"08a561b7":216,"26dd2000":231,"e2a7d915":186,"ecfa8249":232,"4295ce9a":216,"5fa12feb":225,"1c3a30c5":218,"ac62fac2":227,"d1676e89":212,"e7773397":200,"5099c6a0":238,"8dd649a3":215,"ccb5ea3e":195,"547903ef":221,"f2ca27d9":222,"6de0aaac":197,"eeaa2d46":230,"e9adbe58":220,"f3d68430":223,"9c045c61":212,"3661e12d":216,"a9b1bd51":174,"77bae750":215,"44a4f7cd":210,"088feee2":220,"254cc28c":218,"8a52882e":218,"90d52475":214,"c015ec5a":218,"d5dae4c4":237,"9c29f0ed":238,"d4ee22a4":213,"385ab7c6":226,"0785820e":210,"2b698053":215,"c0b23081":237,"43d87483":209,"d83870f5":211,"93b0a158":234,"0bfabf48":204,"9cb4697f":217,"5eab91a0":220,"04cc7cbe":206,"ae99df30":192,"f8b31ce5":230,"04ea5673":216,"a81a857c":211,"e3547548":197,"c0b0f492":217,"d9f512b9":228,"dbd2f139":223,"f4634d0b":210,"30d84dce":189,"5ccf94d6":214,"d70ca4f4":236,"1e191c98":192,"a68a93b2":211,"578f6e9e":226,"3f2522c2":229
1604737697684,"7e991ab9":167,"fd07e0ed":220,"bca2d7cd":212,"2203f259":214,"7732eb1e":239,"e8f173b5":221,"e0f7679f":200,"1438fad7":220,"ce4da56f":225,"06ddafc7":188,"d36125db":218,"db0a661e":208,"7ae3fc50":197,"3a1b9af5":213,"40569362":228,"8c6e001f":191,"0ac825ed":227,"9e878ec2":210,"e6fac295":200,"03dcfa3d":216,"9c58dd76":204,"b460f030":238,"78b97937":234,"78467b8a":217,"2bcca6a7":233,"c510bfd3":218,"0042f6eb":210,"8007f30e":191,"c463799d":208,"ea822700":208,"a6626a13":196,"383e232d":215,"aec074c4":225,"72805bf5":201,"a2c334e7":237,"0ecfa1c9":201,"c93c3508":198,"03b4ab60":196,"4125085e":222,"74e3d13e":218,"a901627e":215,"7c0a2db6":206,"28654c76":212,"db8ba455":219,"2dd0e808":207,"3f75d3bc":235,"fafb4cc2":257,"6ebe2354":187,"eed20185":227,"27c8e038":221,"8dc9b4db":219,"8e99d5d0":248,"f598a332":198,"696fdac5":232,"c4feee5b":222,"dcf85091":205,"bd984a8e":202,"1a68160d":216,"67c57de4":220,"7fb4c521":218,"a06a6430":226,"49902219":241,"bb99c79c":211,"2dda3936":199,"30dd2edc":207,"1d153b20":218,"0277d748":226,"f87c5031":212,"31d74eee":204,"794f652b":222,"0670c466":207,"8ec3834d":230,"04643409":208,"2a387957":216,"4ed01268":205,"6a5b71b4":199,"e28c2efc":204,"4258c176":199,"b9be31d6":227,"753ca352":216,"aa187e3b":214,"cb4f262b":197,"e0e48a2d":209,"bd2705b0":220,"d815c5b4":244,"ee21ad02":240,"b769bdfb":212,"09ff339a":183,"317c1591":225,"42191b64":188,"b935fc1c":208,"3a204e56":208,"90731976":207,"6db0ea86":197,"1f88a4b7":237,"11888cfa":196,"49910300":198,"0114160e":207,"66554572":179,"fe0df575":223,"4ea4a2a1":242,"288afc30":226,"379184a7":235,"00554ffd":219,"6585adbe":192,"761cf820":223,"92136ff5":212,"e2a7d915":187,"77898c22":185,"9d0546ac":195,"3ef7432b":212,"bc09fa9e":213,"0149e11a":202,"8f13c203":196,"fce3c5c6":197,"0f029727":221,"0b959527":202,"88fa53d6":191,"82204d54":206,"fef750ca":221,"8063df14":224,"831c7b85":220,"ba5c52af":204,"9b546d65":196,"f67de058":219,"2180f99b":200,"dd7acb96":215,"2a06ab95":230,"88b3bc99":196,"bca2d7cd":213,"aec074c4":226,"2d13e69b":208,"c93c3508":199,"e4714415":235,"288a2c43":208,"9f5e6cba":218,"0ecfa1c9":202,"a6003226":213,"5f6613c8":199,"7ae34c64":208,"3a291497":191,"71ba7561":182,"906fdec3":195,"f789f6d8":210,"c91966ce":207,"aa867541":200,"13f0e139":198,"23080895":203,"c6e3d352":222,"64a7f79f":227,"792cfcbd":215,"e6fac295":201,"26c6fa34":207,"4777334c":207,"cc6bbe45":199,"110b1ee3":217,"9316e7e8":179,"e62d705f":202,"40a745c0":216,"dbd2f139":224,"a8726d50":198,"655941a0":231,"c5b35e4d":198,"6fb4cdda":230,"0a92153e":215,"c7313e0a":222,"c4feee5b":223,"36380d96":210,"bd984a8e":203,"01d817b8":191,"f87c5031":213,"09560615":198,"ef8321d8":219,"15620dca":229,"9a467a82":219,"7080f122":204,"2a387957":217,"a9b1bd51":175,"527ff946":225,"b8ab8e6e":206,"8a52882e":219,"7e15f8e8":224,"91d52a55":213,"8ac72326":206,"753ca352":217,"cf9f4757":219,"1dad0f99":210,"2ce1af05":193,"ba938220":200,"79be29c8":187,"385ab7c6":227,"290b4714":212,"f56ac638":202,"67d30f2b":207,"11b74e63":216,"e4c312fe":218,"88ce179e":219,"f9f2c53f":190,"07107f6e":215,"b6ee137a":212,"3ef7432b":213,"77898c22":186,"79e4fa1c":217,"fb8bfb36":237,"f1dffa24":195,"5270f158":204,"95d3d348":202,"5781776a":215,"93ac9ca3":211,"5099c6a0":239,"312f7676":229,"d6db2b02":219,"e36dfd6f":214,"ce4da56f":226,"0d2c95fe":220,"49910300":199,"6db0ea86":198,"1b153aef":223,"26009d3f":191,"b35e9e1a":255,"4ac6bd4e":201,"d102b0c6":197,"c4aa1e38":198,"45b038bb":245,"8493f3b2":211,"9d023afb":212,"8063df14":225,"a567ace4":220,"4bcd4a30":227,"2c627253":221,"39ba00f0":219,"1f342a00":215,"9ab755d3":205,"a625328f":218,"a6626a13":197,"5ac86fb9":218,"5774ac0d":222,"b7cc7909":221,"40860a4b":193,"13747b82":218,"0ecfa1c9":203,"bc3dc66a":217,"f67de058":220,"e35a63cd":212,"fef750ca":222,"78467b8a":218,"f789f6d8":211,"ae016053":237,"42cd2360":179,"195eb771":206,"ec110282":249,"a5aee5de":237,"71bc1295":203,"87ce8d1d":189,"6be9332a":205,"a0b03218":220,"4cc141fa":183,"d8475b95":189,"28654c76":213,"52eca0dc":229,"ea6de194":219,"014460b9":236,"ce3bf5db":206,"c0b0f492":218,"88fa53d6":192,"e5d3655c":237,"28d40296":184,"6f81493d":203,"4279e829":237,"dae0f922":219,"5cd3cfe0":194,"a68a93b2":212,"c2bb8aae":204,"db703021":211,"685207b3":218,"e0154608":219,"9b742f71":202,"a836aa93":214,"175bc6b2":196,"6de0aaac":198,"3454fa2b":188,"7d6895f4":223,"4d35385e":200,"22ecaed0":220,"558d5ce7":211,"cf775f58":221,"37fbb107":216,"0670c466":208,"a9b1bd51":176,"a1921150":223,"91d52a55":214,"6034b6d0":222,"e4cfef0a":202,"0d28db94":210,"c803b4a3":210,"7e95c5a0":216,"6c20c153":215,"ac030e74":200,"4258c176":200,"faf4f98b":216,"1c0a9eff":202,"bd2705b0":221,"730a4938":193,"8bc04eb5":219,"fea793f5":219,"77300e4a":192,"c4feee5b":224,"470d50c2":223,"5fa12feb":226,"e2a7d915":188,"8ea21393":191,"d25e0f8d":239,"6b9eff39":208,"7bebff03":208,"0149e11a":203,"09ff339a":184,"fb7b7b3c":223,"e45b4b53":196,"8dd649a3":216,"3712c4bd":202,"22aeaf03":215,"fe1d4419":213,"b84a06eb":205,"4945c851":229,"f5829ac0":220,"f277386e":181,"0be540c5":218,"6291e9e9":231,"7a2f3f06":193,"8323d333":203,"b2703001":216,"608bc832":182,"db0a661e":209,"02d4753e":225,"fa55f27a":216,"c4aa1e38":199,"9d9dd9e5":201,"1f7607df":197,"70bc8325":211,"d0d6acb1":213,"4bcd4a30":228,"b7832271":230,"2c627253":222,"2a06ab95":231,"68562193":216,"1ed46298":224,"31f6ba51":203,"bc3dc66a":218,"cfafcda8":202,"4c0e547b":220,"30c184b8":211,"33d6bb6a":205,"5f4102da":222,"05f6ab35":227,"fef750ca":223,"064a99c8":222,"ad8f85d6":236,"946df4fd":240,"cac4449a":208,"804d4dfa":206,"a0b03218":221,"27c8e038":222,"ae016053":238,"a5fd8ffd":220,"ce3bf5db":207,"d9f512b9":229,"4def63ee":200,"f8b31ce5":231,"14c682eb":213,"c8fcad77":195,"44c77422":213,"db703021":212,"4360a1a3":226,"ddec9e54":206,"7cd0ad7b":229,"d033db8d":224,"d0c104c4":187,"751acea8":198,"cf1b8c47":219,"5f96c2bc":204,"d9d0c567":220,"56473430":222,"45b5746e":208,"7af9d3b1":217,"227006e4":212,"6632fed0":221,"1d153b20":219,"bb99c79c":212,"affb82bf":242,"a77e8461":213,"be4f8ba8":200,"d6320619":214,"ccdd1ce6":215,"815e4582":222,"c81b2bcf":197,"e28c2efc":205,"10ec5a0b":207,"9f74b8a4":199,"43d87483":210,"b73e789c":193,"869cbaa0":225,"0d770b97":217,"124fbe96":210,"2ce1af05":194,"d39724bc":214,"cb4f262b":198,"290b4714":213,"1757a30e":202,"e356abf1":226,"3f2522c2":230,"f5cd79c1":227,"971675c5":220,"6b79fec2":203,"3712c4bd":203,"95d3d348":203,"3c43e8a2":226,"32c9fc47":215,"1be05c14":218,"de36827b":248,"cf84fb54":224,"95f6db13":209,"1db42092":217,"e0e6a097":213,"868edcc0":225,"379184a7":236,"34658473":209,"67f6e4f2":191,"685207b3":219,"a3253019":208,"fe578280":198,"ebdbf580":219,"f2086446":203,"c4feee5b":225,"d548635d":214,"6490bac6":202,"53747a91":200,"7d112f4d":216,"daab45c6":204,"70594a28":217,"7bebff03":209,"bc09fa9e":214,"6e98dfda":221,"f2364460":202,"37fbb107":217,"d1fe2868":221,"ce3407dd":202,"7db3edda":212,"9fa62fee":202,"884b0ad1":206,"b7832271":231,"8cd78f77":209,"aa5dfdf5":218,"6e851762":209,"e35a63cd":213,"fef750ca":224,"a0685bf3":234,"8007f30e":192,"7bda83dd":201,"a8c93bed":210,"05f6ab35":228,"5acaa06f":192,"0ac825ed":228,"4f5e3e7d":206,"71bc1295":204,"b2bd8fd3":186,"a43061ee":206,"12271e14":227,"99d130c9":206,"6be9332a":206,"d82592f4":230,"e786063b":221,"c7636527":193,"24ffcbd3":235,"5f620a1e":214,"c015ec5a":219,"c1bdfd41":208,"25776fc4":222,"ddec9e54":207,"7cd0ad7b":230,"74f234c6":244,"61f25dd4":236,"bb98a6cf":237,"180377be":207,"902f49f5":213,"a901627e":216,"dc03ebd2":230,"c91966ce":208,"74c26380":236,"5f0c1b9d":211,"49cb2959":222,"d9d0c567":221,"b7cc7909":222,"0681c48e":226,"9f5e6cba":219,"60d6cee2":205,"5a734022":195,"7af9d3b1":218,"a47abfbb":199,"25a7a0a3":192,"e9adbe58":221,"8547fbc2":200,"6de0aaac":199,"d1715f3b":232,"09560615":199,"2dda3936":200,"af7e5be8":216,"50c468ba":198,"10ec5a0b":208,"87cd2add":202,"753ca352":218,"385ab7c6":228,"04bef50c":184,"53b4e647":209,"67d30f2b":208,"2c5c1dc0":201,"016953e4":229,"3f2522c2":231,"19f9ca86":219,"eda6a690":210,"b1f58563":213,"014bdff0":220,"8cf83787":193,"411b5027":193,"e0f7679f":201,"4b3e3b1c":211,"b552beb3":226,"e9679ede":204,"c21ab51e":197,"acac14fb":194,"4e3f5178":235,"77300e4a":193,"d34a29b9":230,"0da28f5b":230,"bc09fa9e":215,"c650b434":218,"6b9eff39":209,"3ef7432b":214,"21e10a2b":217,"6490bac6":203,"fb8bfb36":238,"0d770b97":218,"aa187e3b":215,"d83870f5":212,"d39724bc":215,"d929098e":183,"2b3e4717":216,"0f1ac912":199,"44a4f7cd":211,"ccf8b803":219,"04643409":209,"25d1b2d8":214,"36684155":214,"8cd78f77":210,"d552eb2f":214,"50c3164b":236,"3062379b":200,"70c1e715":220,"730338c4":221,"2d13e69b":209,"b102f7bd":215,"be3a10f8":242,"a59a8290":217,"f2e3c0e3":192,"7bda83dd":202,"c6dc900c":188,"1bc0591f":201,"8245f916":208,"17b08923":210,"50312237":218,"6291e9e9":232,"0cb80f4a":215,"67f6e4f2":192,"fa55f27a":217,"792c9b6a":194,"1ff8c2fc":212,"eed20185":228,"26c6fa34":208,"4cc141fa":184,"946df4fd":241,"c609739e":223,"0eaf08da":211,"dd1fcb17":197,"4577b333":221,"4def63ee":201,"5ab7bc35":218,"aa021138":237,"719c8869":214,"859545e6":207,"b7505747":220,"381c68fa":211,"142d6987":200,"110b1ee3":218,"1a2ec5d7":229,"8942c35b":206,"66b7b5b4":212,"61f25dd4":237,"dc03ebd2":231,"1d44aff3":224,"012de09c":214,"3c0df8b4":236,"ec110282":250,"537634c9":190,"345c9967":206,"c852d240":204,"51f80f4c":247,"b7cc7909":223,"40860a4b":194,"a1370ab0":207,"31f6ba51":204,"0ecfa1c9":204,"6cba74ce":187,"f2ca27d9":223,"21ee2afe":230,"2cb29e5a":223,"4d35385e":201,"dfa1a89b":203,"cf9f4757":220,"77bfed7e":202,"9a3cc55d":202,"014bdff0":221,"a58bf525":209,"f1dffa24":196,"437fc3ec":231,"f6fe095d":229,"25635c37":185,"ce4da56f":227,"d83294cd":205,"ab7d4c9a":206,"d34a29b9":231,"f2086446":204,"c7313e0a":223,"ebdbf580":220,"d548635d":215,"34c5c729":216,"debe1f65":208,"3ef7432b":215,"bc09fa9e":216,"daab45c6":205,"f734c84c":240,"da3437cd":192,"cd421290":211,"e4cfef0a":203,"b73e789c":194,"ba586505":231,"385ab7c6":229,"9496f56f":206,"67d30f2b":209,"f0a06216":221,"79be29c8":188,"a502c93c":210,"6c20c153":216,"d39724bc":216,"8dd2684c":218,"99e171db":204,"39a2fcce":203,"1b881e6e":217,"e99318a3":215,"cb6c9e42":237,"84369269":200,"25d1b2d8":215,"b7832271":232,"2f455cce":208,"8cd78f77":211,"c0e2624b":205,"af0b61ab":215,"b5763ff6":189,"2d13e69b":210,"1745a0f4":224,"fee32863":220,"b102f7bd":216,"f2e3c0e3":193,"fef750ca":225,"eb2e1983":215,"13b53c7a":219,"4b3e3b1c":212,"8298e976":227,"1138796e":218,"d36125db":219,"02d4753e":226,"cf84fb54":225,"9260d96b":243,"a8871ddf":205,"1ff8c2fc":213,"c7c4ec5c":192,"5f8517b7":233,"8323d333":204,"3d1af513":223,"cf52025e":209,"4febf7c5":206,"0eaf08da":212,"b7df1559":218,"eed20185":229,"87ce8d1d":190,"a0b03218":222,"88fa53d6":193,"44c77422":214,"c7636527":194,"3fdb08f5":210,"e3547548":198,"b320feb9":218,"4777334c":208,"cc11fef9":222,"0c0e98ea":207,"cd3bbe7e":212,"d033db8d":225,"ca6d2d91":209,"8942c35b":207,"6e24d88b":207,"731fc335":199,"b2cfdbcf":206,"a2c334e7":238,"5f6613c8":200,"8cddb65e":209,"8d04852b":209,"7af9d3b1":219,"47cfba38":195,"deb31f35":224,"a63bddd4":260,"af157d29":207,"fd482491":242,"abc1d7ad":237,"3a291497":192,"012de09c":215,"dd035d2a":203,"263762cb":199,"5623817d":201,"83086d4c":217,"c0b7e7d7":198,"93ac9ca3":212,"25635c37":186,"1da771fb":216,"e0154608":220,"104721f0":214,"f121b82c":225,"972f4174":221,"9b742f71":203,"168e75d9":215,"5e193fc8":209,"ded7da5a":222,"27d8bf51":211,"4dac6b20":186,"bfad1727":193,"51c57542":219,"07f98660":228,"50c468ba":199,"93b9fae6":205,"ac030e74":201,"9c29f0ed":239,"95d331b1":214,"77bfed7e":203,"8bc04eb5":220,"d2466211":218,"d1d40c9c":222,"e0e48a2d":210,"5acce642":228,"4258c176":201,"04cc7cbe":207,"eafbf9fb":212,"9e206c95":234,"6cba74ce":188,"01d817b8":192,"416a9e97":204,"794f652b":223,"d957f027":210,"9d9dd9e5":202,"9d63c4dd":215,"25d1b2d8":216,"ce3407dd":203,"bda8cdfb":214,"5a07fc2e":189,"778c95e9":205,"5747db6e":229,"88b3bc99":197,"fd369c21":220,"0bd93cfd":175,"8b5a8e9f":213,"9a07d89b":194,"fe8f3d36":206,"4b3e3b1c":213,"05642105":219,"1db42092":218,"45fb95c1":215,"7732eb1e":240,"f044c0e1":205,"2e99f8fd":220,"9260d96b":244,"4945c851":230,"3a1b9af5":214,"358e45b1":212,"d0c0fc08":189,"5a0ead91":192,"d0b297b2":206,"59c1e594":195,"4febf7c5":207,"dfc89705":203,"742f1425":211,"35b58ef9":200,"a5aee5de":238,"6bc5d32a":228,"5a622a23":215,"9e65c0ef":211,"37a7d5b0":207,"57167c74":200,"868cda42":210,"859545e6":208,"c4e70c07":205,"b7505747":221,"26ed1a5c":211,"4279e829":238,"f4634d0b":211,"dae0f922":220,"bb98a6cf":238,"733c86f8":220,"2bcca6a7":234,"b87158fb":202,"50b558a7":199,"22234d6b":213,"72805bf5":202,"8cddb65e":210,"1ed46298":225,"6df0b2e8":242,"5f6613c8":201,"4911acad":187,"57d5dee8":210,"aa76bc50":187,"4abb7aed":205,"b2cfdbcf":207,"6023df54":211,"d5dae4c4":238,"537634c9":191,"dd035d2a":204,"d8475b95":190,"1da771fb":217,"016953e4":230,"6d61bf13":203,"f2470875":221,"6e24d88b":208,"be40590d":209,"34c5c729":217,"90a06ee9":220,"fe578280":199,"9f2b16a7":226,"501db4de":211,"4b4ecbce":207,"a4296d1e":201,"77bfed7e":204,"76f94eda":218,"0bfabf48":205,"8fb236a9":205,"7a4c064c":219,"290b4714":214,"91536e85":230,"dffa7793":175,"7566fdd6":214,"7ee7621c":200,"0277d748":227,"945b63f0":237,"9de29816":187,"bc021def":211,"6d339d45":194,"2dda3936":201,"ccdd1ce6":216,"90d52475":215,"bad1a1cc":215,"aff8e442":221,"b88033fd":226,"5a0eb771":210,"25d1b2d8":217,"815e4582":223,"2c01e624":220,"aaa274a5":210,"9d4f1fe6":201,"935ec056":210,"730a4938":194,"1bb4ccc0":212,"d25e0f8d":240,"805534ac":214,"51c57542":220,"c45d554f":230,"e1f0dbfd":243,"df81ddee":210,"c8dc010f":217,"fce3c5c6":198,"4def63ee":202,"c4e70c07":206,"c015ec5a":220,"49b358bd":220,"4577b333":222,"4fd645f1":209,"09ff339a":185,"6085137f":210,"5410e9c6":219,"8cf83787":194,"b84a06eb":206,"159ffd0b":200,"0be540c5":219,"8493f3b2":212,"05642105":220,"b35e9e1a":256,"82b81567":198,"07fc4a9a":227,"0d2c95fe":221,"b8397293":205,"4f5e3e7d":207,"d0e9a58e":220,"50312237":219,"a0bc1ceb":205,"03dcfa3d":217,"831c7b85":221,"6a7392d5":195,"8063df14":226,"e35a63cd":214,"92ca52b7":225,"1745a0f4":225,"0042f6eb":211,"92efd84f":214,"fd369c21":221,"911e770b":208,"2d54e0a8":217,"50c3164b":237,"a6003226":214,"162a7348":212,"9b3f8714":221,"0681c48e":227,"8d04852b":210,"24a9fb86":231,"a47abfbb":200,"71e53c93":208,"aa867541":201,"d5dae4c4":239,"3101354b":191,"74c26380":237,"28654c76":214,"2dd0e808":208,"23080895":204,"468fc85c":221,"c6e3d352":223,"e8d74304":194,"8eb64769":219,"cd3bbe7e":213,"26ed1a5c":212,"0c0e98ea":208,"e62d705f":203,"f1b493de":237,"b7434f57":178,"8db62558":213,"80a8a56d":210,"cb51f134":217,"0a92153e":216,"69d4b754":203,"4b4ecbce":208,"a836aa93":215,"ab7d4c9a":207,"621d6b18":221,"ef14000f":237,"d7cb9bcf":204,"9aa6a054":218,"12dd6f5e":195,"bc021def":212,"8cc4a982":230,"01d817b8":193,"f2ca27d9":224,"945b63f0":238,"8dd2684c":219,"31d74eee":205,"8a52882e":220,"a983a6dc":191,"789bd484":202,"4ed01268":206,"6adce358":233,"9d9dd9e5":203,"53b4e647":210,"ad303bda":220,"9d4f1fe6":202,"7ee7621c":201,"d83294cd":206,"4b125e7b":204,"7f6d1d0e":219,"fea793f5":220,"4258c176":202,"a502c93c":211,"daab45c6":206,"e2a7d915":189,"2ad42a9e":234,"6b9eff39":210,"4295ce9a":217,"a0cca8b7":202,"f4343817":209,"75ffea08":212,"a33fe0dd":221,"3bad3c95":191,"f6fe095d":230,"95d3d348":204,"19f9ca86":220,"e238f09b":226,"e7773397":201,"b769bdfb":213,"c7ab83c1":193,"a8871ddf":206,"b36a0d66":199
1604737698561,"88a30343":215,"e81834aa":241,"28d41578":224,"b4fdf90e":220,"6d802fa2":193,"7a2f3f06":194,"6a60348e":209,"45b038bb":246,"02d4753e":227,"d102b0c6":198,"1bd5b20b":228,"ef16ca37":201,"bad6cdb1":182,"8eb64769":220,"a43061ee":207,"cac4449a":209,"48655f09":254,"e8d74304":195,"481754fc":194,"50c3164b":238,"084cbc0b":208,"eb7b4e29":199,"aa5dfdf5":219,"6751d8e4":222,"39ba00f0":220,"0fc5ac7e":243,"c852d240":205,"288a2c43":209,"3a1d1632":190,"40860a4b":195,"7ee148e9":202,"1951480c":197,"6b79fec2":204,"3e082b37":205,"93ac9ca3":213,"e238f09b":227,"e45b4b53":197,"b84a06eb":207,"7732eb1e":241,"95f6db13":210,"bbe71605":193,"3a1b9af5":215,"d36125db":220,"31f6d707":229,"d9dcdc4b":234,"fe0df575":224,"608bc832":183,"1be05c14":219,"5f8517b7":234,"36fb15d2":229,"49bf2e95":207,"014460b9":237,"bb8a6337":208,"b35bb8a1":205,"51f80f4c":248,"9c045c61":213,"140ce69e":201,"b9a48a5c":184,"01d817b8":194,"175bc6b2":197,"6de0aaac":200,"f2f58418":202,"8ec3834d":231,"f2364460":203,"815e4582":224,"1c3a30c5":219,"ad8f85d6":237,"946df4fd":242,"cac4449a":210,"a43061ee":208,"eed20185":230,"23080895":205,"ba5c52af":205,"eb2e1983":216,"9a3ab0b8":213,"70ee0491":200,"c463799d":209,"c6dc900c":189,"bd62d7ed":202,"e3547548":199,"4fd645f1":210,"ffc86f94":199,"26ed1a5c":213,"026766f3":208,"d634aa28":223,"d70ca4f4":237,"0c043224":224,"142d6987":201,"751bcf25":209,"ab7d4c9a":208,"be2955bb":210,"6b78ad7f":213,"754f98c9":231,"34c5c729":218,"5be594be":206,"80a8a56d":211,"1634789b":221,"04643409":210,"77f31bab":228,"088feee2":221,"508aac3d":220,"272c7672":227,"3c6692a3":235,"084cbc0b":209,"1f7607df":198,"fb7482fe":208,"7e991ab9":168,"437fc3ec":232,"3e082b37":206,"3712c4bd":204,"fb7b7b3c":224,"0b3283c9":222,"09ff339a":186,"c95719e5":200,"3310a049":217,"8298e976":228,"a5fd8ffd":221,"012de09c":216,"71ba7561":183,"6e44927f":212,"aa867541":202,"91f7ef72":203,"f3a0c2ee":211,"629800eb":220,"0785820e":211,"abd32136":225,"2d1e1e9d":227,"013ee301":208,"1f88a4b7":238,"fa55f27a":218,"489a39f7":212,"ef16ca37":202,"4ea4a2a1":243,"17b08923":211,"e0e6a097":214,"d0c0fc08":190,"0ac825ed":229,"8d000d6e":203,"72b84094":241,"a851554d":226,"6490bac6":204,"5c82d1ce":217,"8f9b74b0":198,"5a622a23":216,"ab7467de":238,"5eaa1581":206,"51f80f4c":249,"540df50f":227,"32133249":216,"17446892":205,"24a9fb86":232,"c9efc8f6":204,"ac38a6a5":224,"315537b2":216,"f87c5031":214,"af157d29":208,"8dd2684c":220,"623c6a31":225,"416a9e97":205,"ac62fac2":228,"e6fac295":202,"01cd8099":229,"baebb391":221,"87922532":241,"4febf7c5":208,"0f72f2d8":219,"93b9fae6":206,"8fb236a9":206,"a85d89cc":219,"ad2d7bed":222,"b9be31d6":228,"9cb4697f":218,"b0869206":217,"6775d5cd":216,"0d770b97":219,"e0e48a2d":211,"aa187e3b":216,"ba5c52af":206,"a567ace4":221,"05f6ab35":229,"733c86f8":221,"1745a0f4":226,"cc6bbe45":200,"aa021138":238,"ba30e43a":239,"5ab7bc35":219,"859545e6":209,"b320feb9":219,"c4e70c07":207,"a4f1d83b":205,"5cd3cfe0":195,"c2bb8aae":205,"7cd0ad7b":231,"dbd2f139":225,"c3e6ef01":217,"26ed1a5c":214,"c0fea118":205,"f66616b7":218,"bad1a1cc":216,"5957df9e":203,"a9b1bd51":177,"f4b2f575":206,"ccf8b803":220,"48efc739":227,"5a07fc2e":190,"b7832271":233,"d552eb2f":215,"2d54e0a8":218,"d0d6acb1":214,"84b767be":243,"92efd84f":215,"f1dffa24":197,"95d3d348":205,"014bdff0":222,"8e4c33d2":204,"26f99a1e":188,"5781776a":216,"0e2b5d2f":215,"eebc8d43":205,"abc1d7ad":238,"69eeae0d":184,"c91966ce":209,"195eb771":207,"cf1b8c47":220,"5ef93e5d":191,"00a481e3":226,"3f2522c2":232,"f044c0e1":206,"8b2b601d":222,"95f6db13":211,"17b08923":212,"8245f916":209,"d9dcdc4b":235,"9260d96b":245,"159ffd0b":201,"11888cfa":197,"6f0fcb9d":221,"ea274174":219,"4ac6bd4e":202,"b7407bd3":199,"379184a7":237,"145c7559":194,"69d4b754":204,"1a68160d":217,"b3863630":203,"8e780922":199,"b2c25d1c":215,"53747a91":201,"85de05f2":203,"c8dc010f":218,"8f9b74b0":199,"f9f2c53f":191,"4295ce9a":218,"93e8cee5":236,"5e09f69e":231,"227006e4":213,"c9efc8f6":205,"725dce8b":224,"181c3dd5":212,"47cfba38":196,"6632fed0":222,"6d5fcd4c":213,"b9a48a5c":185,"d6320619":215,"7d6895f4":224,"ccdd1ce6":217,"315537b2":217,"12012fbd":206,"468fc85c":222,"99d130c9":207,"87ce8d1d":191,"792cfcbd":216,"87922532":242,"74e01f6a":211,"c38c2b52":212,"cc5a1d47":207,"ef14000f":238,"9aa6a054":219,"67c57de4":221,"67d30f2b":210,"c8113b77":201,"50c468ba":200,"730a4938":195,"87c462ee":215,"1bb4ccc0":213,"4b125e7b":205,"677c6a09":229,"aa187e3b":217,"c463799d":210,"c1bb74f2":206,"dfc89705":204,"868cda42":211,"9e65c0ef":212,"ca7d47f7":225,"5ab7bc35":220,"4577b333":223,"4777334c":209,"7043382d":212,"d70ca4f4":238,"dbd2f139":226,"3b690f68":231,"40a745c0":217,"906632cb":238,"d0c104c4":188,"30fdcd3b":219,"50d129cf":211,"aff8e442":222,"b88033fd":227,"0f1ac912":200,"815e4582":225,"c81b2bcf":198,"d957f027":211,"911e770b":209,"f4726450":199,"2a06ab95":232,"fd369c21":222,"0bd93cfd":176,"af0b61ab":216,"cbb54a0a":194,"27f52ed3":230,"971675c5":221,"f2e3c0e3":194,"fe8f3d36":207,"b102f7bd":217,"ec11fe5f":198,"f5e8dfee":229,"a901627e":217,"3101354b":192,"3f75d3bc":236,"5ef93e5d":192,"74c26380":238,"b28a5e67":240,"8a165e17":210,"09f0db62":232,"f2470875":222,"26f99a1e":189,"22aeaf03":216,"3712c4bd":205,"2d1e1e9d":228,"95f6db13":212,"cf84fb54":226,"8d000d6e":204,"11888cfa":198,"358e45b1":213,"6c73ae98":180,"288afc30":227,"b552beb3":227,"8c6e001f":192,"7732eb1e":242,"9267f0ef":219,"d34a29b9":232,"69d4b754":205,"972f4174":222,"6fb4cdda":231,"4c4aa2e2":204,"c4feee5b":226,"40e79dd3":211,"3ef7432b":216,"92136ff5":213,"a0cca8b7":203,"3007f31f":197,"4dac6b20":187,"e21c6207":220,"d0c0fc08":191,"4ea4a2a1":244,"f94bf9ea":205,"d6d61bfc":223,"5e09f69e":232,"bc3dc66a":219,"9f5e6cba":220,"227006e4":214,"dcfaba4c":216,"1d153b20":220,"d3e84616":213,"e9adbe58":222,"792c9b6a":195,"4cc141fa":185,"9aa6a054":220,"4f59a322":218,"0d7d88f1":212,"77bfed7e":205,"ee75b607":205,"8ac72326":207,"af7e5be8":217,"abad2347":216,"e4117b3b":191,"10ec5a0b":209,"2882a956":209,"ee21ad02":241,"54d7de6b":238,"fea793f5":221,"ac62fac2":229,"03dcfa3d":218,"12271e14":228,"17807120":193,"dfc89705":205,"24d24fa3":201,"88fa53d6":194,"1623fc9f":206,"c8fcad77":196,"7e76c93c":223,"7043382d":213,"4777334c":210,"d9f512b9":230,"180377be":208,"4279e829":239,"467773ac":201,"4360a1a3":227,"b6591e25":215,"7a9344a4":230,"dae0f922":221,"ec2cb1af":219,"d6320619":216,"af157d29":209,"8547fbc2":201,"1634789b":222,"2b3e4717":217,"a939b50b":207,"97e75c19":221,"7e15f8e8":225,"6e98dfda":222,"9d9dd9e5":204,"8657c79d":206,"4bcd4a30":229,"d552eb2f":216,"f069bb07":216,"ef1c2dcb":220,"9ab755d3":206,"aec074c4":227,"19551bad":202,"fe8f3d36":208,"be3a10f8":243,"fee32863":221,"dfcc2ad1":232,"c6dc900c":190,"c510bfd3":219,"a901627e":218,"3a291497":193,"abc1d7ad":239,"dc03ebd2":232,"fafb4cc2":258,"8a165e17":211,"195eb771":208,"60e855ee":227,"25635c37":187,"c564e316":226,"8274885a":206,"5270f158":205,"e7773397":202,"016953e4":231,"0d2c95fe":222,"11888cfa":199,"40569362":229,"0114160e":208,"9e878ec2":211,"f044c0e1":207,"972f4174":223,"1a2c020b":218,"b3863630":204,"80a8a56d":212,"2e3503e4":220,"655954ba":207,"c85a0d80":211,"4e5aaaec":204,"9a80f004":214,"26dd2000":232,"e21c6207":221,"93e8cee5":237,"5fa12feb":227,"7b6a7048":211,"1ff8c2fc":214,"4ff2225d":208,"66554572":180,"4f5e3e7d":208,"b7407bd3":200,"bab97de3":222,"0ac825ed":230,"08a4c3f8":216,"4911acad":188,"0681c48e":228,"6867261a":216,"0ecfa1c9":205,"031e488e":228,"1ed46298":226,"af034fee":231,"869cbaa0":226,"0785820e":212,"d5059415":197,"ac030e74":202,"c38c2b52":213,"f56ac638":203,"cc5a1d47":208,"88ce179e":220,"faf4f98b":217,"935ec056":211,"20811ddf":212,"1a442bc7":189,"f0a06216":222,"124fbe96":211,"2c24d929":218,"b6aaf976":209,"baebb391":222,"99d130c9":208,"aa00769b":227,"12a2cd4b":212,"73b15e04":204,"4fd645f1":211,"2154b6e8":202,"a33fe0dd":222,"28d40296":185,"0a2f71bc":196,"638cb163":233,"75ffea08":213,"180377be":209,"f883d582":194,"d70ca4f4":239,"94a2fe10":225,"0af920d8":201,"56d315d8":194,"be40590d":210,"12dd6f5e":196,"b9a48a5c":186,"ccf8b803":221,"1d153b20":221,"21ee2afe":231,"bad1a1cc":217,"315537b2":218,"5d087c79":217,"1a0189c4":196,"d2a841c9":209,"be4f8ba8":201,"d5557fb4":221,"e15fd611":203,"c98d5272":202,"22234d6b":214,"272c7672":228,"39ba00f0":221,"b5763ff6":190,"7e991ab9":169,"0bd93cfd":177,"2c627253":223,"be3a10f8":244,"8b5a8e9f":214,"20958d58":205,"30c184b8":212,"cfafcda8":203,"13b53c7a":220,"8063df14":227,"95904ac4":233,"69eeae0d":185,"71ba7561":184,"71e53c93":209,"3a291497":194,"56473430":223,"5ef93e5d":193,"437fc3ec":233,"c0b7e7d7":199,"19f9ca86":221,"317c1591":226,"016953e4":232,"b1f58563":214,"c7ab83c1":194,"f598a332":199,"1a2c020b":219,"36380d96":211,"ebdbf580":221,"dbc9df44":191,"dcf85091":206,"34c5c729":219,"6bc5d32a":229,"79e4fa1c":218,"93e8cee5":238,"c455f40e":208,"21e10a2b":218,"8ea21393":192,"0149e11a":204,"6d802fa2":194,"28d41578":225,"d0b297b2":207,"ea274174":220,"0d2c95fe":223,"49910300":200,"9263c525":218,"4ea4a2a1":245,"a4dafea5":207,"e9a8cf11":214,"13747b82":219,"c64de0c0":193,"f94bf9ea":206,"71a2a493":182,"b35bb8a1":206,"6632fed0":223,"b4fdf90e":221,"489a39f7":213,"e8f173b5":222,"8493f3b2":213,"d0e9a58e":221,"9496f56f":207,"53b4e647":211,"d7cb9bcf":205,"8ac72326":208,"621d6b18":222,"abd32136":226,"1757a30e":203,"e4cfef0a":204,"88ce179e":221,"20811ddf":213,"f56ac638":204,"04bef50c":185,"6ee92259":215,"7f6d1d0e":220,"064a99c8":223,"c609739e":224,"f1098793":228,"a43061ee":209,"ad8f85d6":238,"e6fac295":203,"792cfcbd":217,"c015ec5a":221,"e5d3655c":238,"4777334c":211,"7e76c93c":224,"2af60749":223,"110b1ee3":219,"0a2f71bc":197,"4ee62a26":201,"719c8869":215,"6e24d88b":209,"ca6d2d91":210,"0af920d8":202,"eafbf9fb":213,"08c6b5d2":220,"7d6895f4":225,"01d817b8":195,"175bc6b2":198,"140ce69e":202,"25a7a0a3":193,"47d27624":202,"5a0eb771":211,"f4b2f575":207,"93fdbb44":206,"0f1ac912":201,"90d52475":216,"e15fd611":204,"98915a1f":200,"84b767be":244,"0bd93cfd":178,"1105f790":238,"e5b1abc6":213,"9a07d89b":195,"19551bad":203,"b87158fb":203,"c6dc900c":191,"cd522166":228,"a901627e":219,"db8ba455":220,"65e4235b":219,"6023df54":212,"3c0df8b4":237,"6ce84ff8":202,"016953e4":233,"014bdff0":223,"9a3cc55d":203,"a40846b7":214,"5272520d":213,"751bcf25":210,"0da28f5b":231,"288d171f":218,"704bce0d":202,"0a92153e":217,"34c5c729":220,"1247fa52":213,"754f98c9":232,"f9f2c53f":192,"bfad1727":194,"2ad42a9e":235,"e2cbe594":210,"8e4c33d2":205,"27f52ed3":231,"3310a049":218,"e7e82473":237,"336d0f08":215,"3c6692a3":236,"272c7672":229,"70c1e715":221,"2c627253":224,"e9a8cf11":215,"a47abfbb":201,"0681c48e":229,"b35bb8a1":207,"42c80e69":222,"181c3dd5":213,"2ab62345":200,"5f8517b7":235,"6d802fa2":195,"ea274174":221,"6db0ea86":199,"d6db2b02":220,"40569362":230,"358e45b1":214,"45fb95c1":216,"0b5a0408":226,"31f6d707":230,"d33790a2":243,"56473430":224,"2c6cb96f":181,"8ac72326":209,"95539a58":201,"9f74b8a4":200,"ef91eaae":195,"7fb4c521":219,"9d4f1fe6":203,"abd32136":227,"54d7de6b":239,"753ca352":219,"d1d40c9c":223,"6ee92259":216,"d929098e":184,"4652b09a":220,"290b4714":215,"064a99c8":224,"56752a4a":195,"ae8a09c4":230,"c6e3d352":224,"21e10a2b":219,"c45d554f":231,"2b3c49b9":202,"9e65c0ef":213,"88fa53d6":195,"0a2f71bc":198,"c1bdfd41":209,"d9f512b9":231,"66b7b5b4":213,"7be025ce":208,"4360a1a3":228,"c015ec5a":222,"cf1124db":209,"cac4449a":211,"6ebe2354":188,"87ce8d1d":192,"d2a841c9":210,"49902219":242,"f87c5031":215,"affb82bf":243,"217c0327":187,"eeaa2d46":231,"558d5ce7":212,"8ec3834d":232,"9ceb5439":197,"f66616b7":219,"e99318a3":216,"bda8cdfb":215,"bad1a1cc":218,"23760167":210,"bd62d7ed":203,"a567ace4":222,"a66a2d8a":224,"eb2e1983":217,"9b546d65":197,"a59a8290":218,"fead11cf":208,"45b5746e":209,"0c0e98ea":209,"56d315d8":195,"f1b493de":238,"be40590d":211,"e7abc88d":198,"1a2c020b":220,"704bce0d":203,"e0154608":221,"d34a29b9":233,"6b78ad7f":214,"c21ab51e":198,"fe1d4419":214,"3a204e56":209,"5781776a":217,"8dc9b4db":220,"1951480c":198,"82868763":208,"f6fe095d":231,"26c390d6":222,"7db3edda":213,"5747db6e":230,"2d54e0a8":219,"de6213c7":205,"8cd78f77":212,"aaa274a5":211,"31f6ba51":205,"7af9d3b1":220,"288a2c43":210,"f94bf9ea":207,"b7cc7909":224,"9b3f8714":222,"181c3dd5":214,"17b08923":213,"28d41578":226,"5f8517b7":236,"a8871ddf":207,"8d000d6e":205,"d0c0fc08":192,"159ffd0b":202,"1ff8c2fc":215,"e81834aa":242,"d102b0c6":199,"cf84fb54":227,"0ac825ed":231,"ce4da56f":228,"00a481e3":227,"313258f2":223,"f3a0c2ee":212,"3f75d3bc":237,"56473430":225,"a472532e":206,"2b698053":216,"67c57de4":222,"c8113b77":202,"c38c2b52":214,"b73e789c":195,"aa187e3b":218,"cb142908":211,"abad2347":217,"bd2705b0":222,"4d9b0b10":218,"6775d5cd":217,"4ba6eb36":199,"201cafad":207,"913a6226":217,"40e79dd3":212,"fb8bfb36":239,"21e10a2b":220,"6490bac6":205,"debe1f65":209,"fce3c5c6":199,"e5d3655c":239,"caddd0a7":224,"9fc713b0":229,"6ebe2354":189,"f1098793":229,"aefe13f5":225,"4cc141fa":186,"ac62fac2":230,"eed20185":231,"08c6b5d2":221,"eafbf9fb":214,"8cc4a982":231,"30dd2edc":208,"b946e146":222,"affb82bf":244,"36d340f2":188,"31d74eee":206,"0f1ac912":202,"a9b1bd51":178,"0670c466":209,"bda8cdfb":216,"cb6c9e42":238,"a983a6dc":192,"0d770b97":220,"d4d5f466":209,"e4117b3b":192,"bd62d7ed":204,"8b5a8e9f":215,"19551bad":204,"78467b8a":219,"c463799d":211,"8007f30e":193,"9b546d65":198,"b320feb9":220,"62d1d346":193,"fbdffc95":198,"0b959527":203,"059d6c19":224,"8db62558":214,"30dbfc69":206,"6e24d88b":210,"94a2fe10":226,"58d46189":224,"d70ca4f4":240,"685207b3":220,"1a2c020b":221,"104721f0":215,"5e193fc8":210,"470d50c2":224,"9267f0ef":220,"79f04300":211,"8e4c33d2":206,"3e082b37":207,"6d61bf13":204,"d3a669ac":225,"284544ba":202,"1f7607df":199,"4bcd4a30":230,"884b0ad1":207,"2c01e624":221,"f4726450":200,"5a734022":196,"5f6613c8":202,"b35bb8a1":208,"74e3d13e":219,"57d5dee8":211,"71279c46":214,"3c18f28e":210,"5410e9c6":220,"5b60dd1d":208,"5099c6a0":240,"c7ab83c1":195,"8298e976":229,"3a1b9af5":216,"b84a06eb":208,"4ba6eb36":200,"de36827b":249,"6d802fa2":196,"3101354b":193,"aa76bc50":188,"45b5746e":210,"6023df54":213,"537634c9":192,"00a481e3":228,"28654c76":215,"c803b4a3":211,"e4cfef0a":205,"9496f56f":208,"6a5b71b4":200,"45b038bb":247,"6c73ae98":181,"82b81567":199,"6a60348e":210,"ea274174":222,"49910300":201,"6585adbe":193,"1bd5b20b":229,"44ff8baa":215,"547903ef":222,"93e8cee5":239,"913a6226":218,"21ad2f34":230,"7bebff03":210,"70594a28":218,"9fc713b0":230,"aefe13f5":226,"cbad3b92":240,"73b15e04":205,"7d6895f4":226,"18815a1b":206,"12012fbd":207,"dfa1a89b":204,"1d153b20":222,"6cba74ce":189,"175bc6b2":199,"47d27624":203,"0670c466":210,"a939b50b":208,"91d52a55":215,"99e171db":205,"cac4449a":212,"cf52025e":210,"99d130c9":209,"1dad0f99":211,"2b698053":217,"124fbe96":212,"f7231212":205,"5acce642":229,"e4117b3b":193,"e0e48a2d":212,"ba586505":232,"6b82b527":214,"e356abf1":227,"4c0e547b":221,"1bc0591f":202,"ba5c52af":207,"9b546d65":199,"8063df14":228,"78467b8a":220,"50b558a7":200,"e5d3655c":240,"37a7d5b0":208,"c4e70c07":208,"d6f0d94a":214,"e32524d6":205,"ca7d47f7":226,"a577db1c":216,"74f234c6":245,"4279e829":240,"751bcf25":211,"5cd3cfe0":196,"d0c104c4":189,"0c0e98ea":210,"61f25dd4":238,"685207b3":221,"501db4de":212,"9b742f71":204,"53431634":236,"2e3503e4":221,"5f7d7195":207,"cf775f58":222,"7e991ab9":170,"a625328f":219,"8657c79d":207,"88b3bc99":198,"bca2d7cd":214,"d744bee2":207
1604737699020,"de6213c7":206,"a6003226":215,"a1370ab0":208,"0681c48e":230,"c852d240":206,"363590c7":225,"695a2b92":199,"39bbc4bc":213,"1951480c":199,"016953e4":234,"2c6cb96f":182,"61145ec9":239,"616d6dd6":204,"1d44aff3":225,"ec110282":251,"f905a555":203,"dd035d2a":205,"753ca352":220,"ea9bba6b":215,"5781776a":218,"a3d4a0e5":224,"28d41578":227,"408bb2ed":214,"1138796e":219,"50312237":220,"f044c0e1":208,"3652bd66":204,"07fc4a9a":228,"8d000d6e":206,"b84a06eb":209,"e0e6a097":215,"3c782bb3":211,"d33790a2":244,"45b038bb":248,"acac14fb":195,"b3863630":205,"07107f6e":216,"e2a7d915":190,"9d0546ac":196,"44ff8baa":216,"df81ddee":211,"261c9911":234,"5c82d1ce":218,"792cfcbd":218,"481754fc":195,"a47abfbb":202,"31f6ba51":206,"6632fed0":224,"12dd6f5e":197,"ccdd1ce6":218,"8547fbc2":202,"7d6895f4":227,"217c0327":188,"dfa1a89b":205,"0e036ae9":221,"31d74eee":207,"2b3e4717":218,"36b7003c":237,"bad6cdb1":183,"e8d74304":196,"35b58ef9":201,"48655f09":255,"baebb391":223,"9496f56f":209,"d7cb9bcf":206,"91536e85":231,"b73e789c":196,"b3f19a69":204,"d83294cd":207,"6775d5cd":218,"ba938220":201,"f0a06216":223,"5acce642":230,"9d4f1fe6":204,"6b82b527":215,"c0b23081":238,"1bc0591f":203,"2352c8ef":219,"f67de058":221,"a81a857c":212,"08a06557":234,"e32524d6":206,"d9d7c4c2":209,"24ffcbd3":236,"65a00a3c":203,"49b358bd":221,"751bcf25":212,"56d315d8":196,"cf1124db":210,"db703021":213,"0af920d8":203,"3f9b5722":197,"61f25dd4":239,"815e4582":226,"1634789b":223,"c67979e6":235,"50d129cf":212,"84b67924":212,"9fa62fee":203,"f4726450":201,"88b3bc99":199,"1f7607df":200,"730338c4":222,"2f455cce":209,"317c1591":227,"8274885a":207,"c564e316":227,"3f2522c2":233,"05f6ab35":230,"a0685bf3":235,"ba5c52af":208,"25a2844e":215,"537634c9":193,"7c0a2db6":207,"fe44fc6f":200,"195eb771":209,"8a165e17":212,"83b2f9c5":223,"45b5746e":211,"5623817d":202,"22aeaf03":217,"c0b7e7d7":200,"6d802fa2":197,"95f6db13":213,"a24e6670":214,"8c6e001f":193,"5678ed7b":220,"67f6e4f2":193,"a8871ddf":208,"4f5e3e7d":209,"2cce4fb2":221,"8f2a7d69":200,"1438fad7":221,"b2c25d1c":216,"e1618359":217,"6b78ad7f":215,"efe84c27":209,"77300e4a":194,"cb51f134":218,"c382f054":230,"40e79dd3":213,"c650b434":219,"20777945":206,"92136ff5":214,"e2cbe594":211,"2209903e":209,"f4343817":210,"5ee911b5":203,"cd95f558":213,"40569362":231,"3c18f28e":211,"dc473de1":198,"e9a8cf11":216,"57d5dee8":212,"081460bf":207,"aec4e1bf":215,"8d04852b":211,"2cb29e5a":224,"eeaa2d46":232,"49902219":243,"0277d748":228,"6143f39d":219,"0eaf08da":213,"64a7f79f":228,"b460f030":239,"13f0e139":199,"d8475b95":191,"dd1fcb17":198,"481754fc":196,"43d87483":211,"ac030e74":203,"4f59a322":219,"753ca352":221,"ffa08d82":208,"f0a06216":224,"c38c2b52":215,"37d0cae2":213,"e57d5cda":200,"8bc04eb5":221,"9cb4697f":219,"7ee7621c":202,"1bb4ccc0":214,"e382ec3f":199,"a33fe0dd":223,"c015ec5a":223,"ca7d47f7":227,"7e76c93c":225,"c8fcad77":197,"2154b6e8":203,"44c77422":215,"a68a93b2":213,"3b690f68":232,"0c0e98ea":211,"40a745c0":218,"7a9344a4":231,"d033db8d":226,"1f11812e":231,"623c6a31":226,"d1715f3b":233,"91d52a55":216,"815e4582":227,"bda8cdfb":217,"1a0189c4":197,"449d8475":188,"527ff946":226,"c98d5272":203,"26c390d6":223,"778c95e9":206,"af0b61ab":217,"b7832271":234,"7028b044":213,"fd07e0ed":221,"3c6692a3":237,"437fc3ec":234,"f5cd79c1":228,"e238f09b":228,"55928ef1":209,"478d2d4f":230,"c1bb74f2":207,"a66a2d8a":225,"19551bad":205,"1105f790":239,"92ca52b7":226,"313258f2":224,"2dd0e808":209,"71ba7561":185,"6023df54":214,"cf1b8c47":221,"d9a64845":214,"abc1d7ad":240,"2c5c1dc0":202,"a58bf525":210,"42191b64":189,"71ff66e8":229,"fb44fa9c":221,"8aa78e2f":192,"28d41578":228,"4f5e3e7d":210,"0be540c5":220,"b4fdf90e":222,"6c73ae98":182,"655954ba":208,"d34a29b9":234,"6b78ad7f":216,"288d171f":219,"9267f0ef":221,"168e75d9":216,"36380d96":212,"26dd2000":233,"ab7467de":239,"7b6a7048":212,"a0ce82b4":211,"c45d554f":232,"f9f2c53f":193,"daab45c6":207,"6585adbe":194,"d102b0c6":200,"2d1e1e9d":229,"0b5a0408":227,"5a0ead91":193,"379184a7":238,"792c9b6a":196,"5ac86fb9":219,"71279c46":215,"725dce8b":225,"b35bb8a1":209,"181c3dd5":215,"a47abfbb":203,"b7cc7909":225,"15620dca":230,"51f57142":220,"8dd2684c":221,"6ebe2354":190,"be1746a0":207,"71bc1295":205,"ef14000f":239,"7a840529":208,"d7cb9bcf":207,"385ab7c6":230,"67c57de4":223,"7fef9973":209,"9aa6a054":221,"6ee92259":217,"e28c2efc":206,"d1d40c9c":224,"730a4938":196,"1757a30e":204,"bb00e71c":199,"88ce179e":222,"17807120":194,"a0b03218":223,"9fc713b0":231,"ad8f85d6":239,"b320feb9":221,"d6f0d94a":215,"c7636527":195,"c4e70c07":209,"7be025ce":209,"859545e6":210,"0b959527":204,"3b690f68":233,"d033db8d":227,"7cd0ad7b":232,"cf1124db":211,"180377be":210,"66b7b5b4":214,"be40590d":212,"fd6dcb20":222,"8547fbc2":203,"623c6a31":227,"416a9e97":206,"a983a6dc":193,"1d790491":219,"5957df9e":204,"088feee2":222,"04643409":211,"c6c85783":232,"b8ab8e6e":207,"26c390d6":224,"fd369c21":223,"5747db6e":231,"aaa274a5":212,"2d54e0a8":220,"8cd78f77":213,"aa5dfdf5":220,"b87158fb":204,"b8488fc8":219,"cd522166":229,"9d023afb":213,"4c0e547b":222,"f5e8dfee":230,"fef750ca":226,"52eca0dc":230,"3101354b":194,"71e53c93":210,"a0cf08b3":173,"810aa5e9":221,"74c26380":239,"42cd2360":180,"3c43e8a2":227,"5410e9c6":221,"8dc9b4db":221,"77d35808":190,"f6fe095d":232,"971675c5":222,"eda6a690":211,"c21ab51e":199,"1a2c020b":222,"4e3f5178":236,"53431634":237,"be2955bb":211,"696fdac5":233,"470d50c2":225,"6490bac6":206,"79e4fa1c":219,"daab45c6":208,"fb8bfb36":240,"bfad1727":195,"61d4782d":206,"60d6cee2":206,"c93c3508":200,"4125085e":223,"71279c46":216,"42c80e69":223,"3c18f28e":212,"b84a06eb":210,"868edcc0":226,"7a2f3f06":195,"4f5e3e7d":211,"06ddafc7":189,"45fb95c1":217,"336d0f08":216,"43d87483":212,"6841f77e":227,"0d28db94":211,"5b5fc566":213,"91536e85":232,"d1d40c9c":225,"7566fdd6":215,"619fda68":244,"bec9d329":234,"9496f56f":210,"8bc04eb5":222,"a85d89cc":220,"4652b09a":221,"a502c93c":212,"32c9fc47":216,"b8397293":206,"48655f09":256,"a24e6670":215,"742f1425":212,"045f280d":215,"408bb2ed":215,"458dcc3d":224,"06073f13":225,"12271e14":229,"49bf2e95":208,"a543ec74":195,"2d382981":204,"2198ba8e":204,"c455f40e":209,"547903ef":223,"57167c74":201,"cc6bbe45":201,"d9f512b9":232,"805af3c7":212,"e3547548":200,"5f620a1e":215,"b5ce0c0c":220,"467773ac":202,"902f49f5":214,"30dbfc69":207,"40a745c0":219,"3f9b5722":198,"61f25dd4":240,"945b63f0":239,"6143f39d":220,"eeaa2d46":233,"0670c466":211,"aff8e442":223,"7d6895f4":228,"bda8cdfb":218,"9a467a82":220,"f2f58418":203,"0f1ac912":203,"2dda3936":202,"b8ab8e6e":208,"93fdbb44":207,"8ec3834d":233,"7028b044":214,"733c86f8":222,"f67de058":222,"6a7392d5":196,"ec11fe5f":199,"25a2844e":216,"263762cb":200,"60e855ee":228,"83086d4c":218,"e238f09b":229,"5781776a":219,"b1f58563":215,"3e082b37":208,"1a68160d":218,"5272520d":214,"a3253019":209,"704bce0d":204,"1247fa52":214,"b6ee137a":213,"6b78ad7f":217,"4b4ecbce":209,"9d0546ac":197,"ded7da5a":223,"69d4b754":206,"3ef7432b":217,"bfad1727":196,"7bebff03":211,"50c3164b":239,"5f6613c8":203,"2a06ab95":233,"fd07e0ed":222,"74e3d13e":220,"1f342a00":216,"162a7348":213,"272c7672":230,"12534561":207,"7db3edda":214,"031e488e":229,"03b4ab60":197,"a24e6670":216,"06ddafc7":190,"6585adbe":195,"69f3bfcc":202,"3d1af513":224,"26009d3f":192,"013ee301":209,"5ee911b5":204,"de11eb19":228,"90731976":208,"045f280d":216,"b35e9e1a":257,"08a4c3f8":217,"ef16ca37":203,"a901627e":220,"a0cf08b3":174,"8a165e17":213,"e35a63cd":215,"a5fd8ffd":222,"cfafcda8":204,"781ace7d":216,"0d7d88f1":213,"8db5a165":207,"597c1f81":219,"ee75b607":206,"731fc335":200,"91536e85":233,"5b5fc566":214,"d929098e":185,"c38c2b52":216,"e4c312fe":219,"43d87483":213,"3b2dee89":207,"1dad0f99":212,"730a4938":197,"f1df62b4":217,"290b4714":216,"a0bc1ceb":206,"4b4ef7fa":207,"13f0e139":200,"64a7f79f":229,"35b58ef9":202,"2d382981":205,"481754fc":197,"547903ef":224,"4577b333":224,"04ea5673":217,"57167c74":202,"e786063b":222,"868cda42":212,"805af3c7":213,"a577db1c":217,"6f81493d":204,"4279e829":241,"1e7753d9":221,"f4634d0b":212,"3f9b5722":199,"60d6cee2":207,"12dd6f5e":198,"36d340f2":189,"a63bddd4":261,"172217e5":225,"e9adbe58":223,"623c6a31":228,"ccdd1ce6":219,"c6c85783":233,"bf822e33":213,"ccf8b803":222,"84369269":201,"99e171db":206,"650bb0e0":214,"c98d5272":204,"b87158fb":205,"9b546d65":200,"8721056e":193,"fead11cf":209,"be3a10f8":245,"9a07d89b":196,"fe8f3d36":209,"6e44927f":213,"3f75d3bc":238,"906fdec3":196,"016953e4":235,"fe1d4419":215,"a40846b7":215,"8dd649a3":217,"3712c4bd":206,"95d3d348":206,"6085137f":211,"a68a93b2":214,"66497c7e":206,"06ee61b6":197,"704bce0d":205,"288d171f":220,"80a8a56d":213,"655954ba":209,"c7313e0a":224,"d34a29b9":235,"da3437cd":193,"913a6226":219,"b6ee137a":214,"ded7da5a":224,"805534ac":215,"25e0dd3d":203,"9147702f":200,"383e232d":216,"f271ed5d":207,"fd07e0ed":223,"98915a1f":201,"af0b61ab":218,"2d54e0a8":221,"181c3dd5":216,"ed4fad08":221,"dc473de1":199,"bc3dc66a":220,"8d04852b":212,"bfcb912a":213,"47cfba38":197,"bbe71605":194,"8aa78e2f":193,"ea274174":223,"6d802fa2":198,"358e45b1":215,"f277386e":182,"f9c15fcc":207,"1be05c14":220,"8d000d6e":207,"f5829ac0":221,"f044c0e1":209,"b35e9e1a":258,"45b038bb":249,"9e878ec2":212,"61145ec9":240,"ec110282":252,"a5fd8ffd":223,"731fc335":201,"88ce179e":223,"ad303bda":221,"b0869206":218,"056ea7ff":228,"ea4d3f3e":224,"b9be31d6":229,"16b476e9":210,"37d0cae2":214,"0d7d88f1":214,"629800eb":221,"aa187e3b":219,"2b698053":218,"e356abf1":228,"8fb236a9":207,"1c3a30c5":220,"56752a4a":196,"01cd8099":230,"a0b03218":224,"35b58ef9":203,"99d130c9":210,"481754fc":198,"f734c84c":241,"fbdffc95":199,"aab4d996":206,"ba30e43a":240,"b320feb9":222,"a577db1c":218,"259930ee":222,"62d1d346":194,"5272520d":215,"172217e5":226,"08c6b5d2":222,"b946e146":223,"fd6dcb20":223,"217c0327":189,"af157d29":210,"09560615":200,"5957df9e":205,"842c8340":207,"1634789b":224,"6e98dfda":223,"cf775f58":223,"650bb0e0":215,"4ed01268":207,"dd3913d2":201,"f2e3c0e3":195,"a567ace4":223,"19551bad":206,"e35a63cd":216,"6c486702":218,"fe8f3d36":210,"c0b7e7d7":201,"014bdff0":224,"e238f09b":230,"751acea8":199,"0841052c":226,"f883d582":195,"26ed1a5c":215,"5ccf94d6":215,"059d6c19":225,"be2955bb":212,"972f4174":224,"501db4de":213,"c0fea118":206,"77300e4a":195,"1a68160d":219,"9b172ca8":193,"21ad2f34":231,"004f1ef3":258,"d1676e89":213,"6085137f":212,"3712c4bd":207,"911e770b":210,"a6626a13":198,"6751d8e4":223,"8657c79d":208,"98915a1f":202,"d552eb2f":217,"3c6692a3":238,"57d5dee8":213,"71a2a493":183,"aec4e1bf":216,"b7cc7909":226,"c852d240":207,"bc3dc66a":221,"e7e82473":238,"3310a049":219,"5f8517b7":237,"2d1e1e9d":230,"f9c15fcc":208,"cf84fb54":228,"2e99f8fd":221,"c4aa1e38":200,"aa76bc50":189,"65e4235b":220,"f905a555":204,"28654c76":216,"42cd2360":181,"56473430":226,"a472532e":207,"87c462ee":216,"a502c93c":213,"07f98660":229,"4b125e7b":206,"ad303bda":222,"5b5fc566":215,"d4ee22a4":214,"d39724bc":217,"385ab7c6":231,"20811ddf":214,"ac030e74":204,"5acce642":231,"a06a6430":227,"8fb236a9":208,"8298e976":230,"d0c0fc08":193,"4ff2225d":209,"1ff8c2fc":216,"fb44fa9c":222,"8323d333":205,"3e602573":219,"13f0e139":201,"261c9911":235,"ab7467de":240,"6490bac6":207,"85de05f2":204,"547903ef":225,"201cafad":208,"08a06557":235,"868cda42":213,"805af3c7":214,"44c77422":216,"62d1d346":195,"9bdf362a":224,"ffc86f94":200,"a5aee5de":239,"1c3a30c5":221,"0eaf08da":214,"bb8a6337":209,"22ecaed0":221,"51f57142":221,"0e036ae9":222,"18815a1b":207,"eafbf9fb":215,"25a7a0a3":194,"affb82bf":245,"2b3e4717":219,"254cc28c":219,"5f7d7195":208,"0670c466":212,"8a52882e":221,"f2364460":204,"84369269":202,"23080895":206,"59c1e594":196,"f2e3c0e3":196,"9a3ab0b8":214,"fe8f3d36":211,"1bc0591f":204,"a8c93bed":211,"b8488fc8":220,"dc0c8b09":224,"cc11fef9":223,"8942c35b":208,"30dbfc69":208,"94a2fe10":227,"58d46189":225,"f1b493de":239,"b6591e25":216,"704bce0d":206,"ab7d4c9a":209,"5e193fc8":211,"a4296d1e":202,"77300e4a":196,"168e75d9":217,"36380d96":213,"3a204e56":210,"fd07e0ed":224,"0d2a1c58":203,"aec074c4":228,"92efd84f":216,"d552eb2f":218,"fb7482fe":209,"fd369c21":224,"2132fe93":214,"74e3d13e":221,"47cfba38":198,"014bdff0":225,"82868763":209,"b1f58563":216,"9a3cc55d":204,"60e855ee":229,"d1676e89":214,"a8871ddf":209,"11888cfa":200,"cf1b8c47":222,"b2cfdbcf":208,"49cb2959":223,"8a165e17":214,"537634c9":194,"5f0c1b9d":212,"c91966ce":210,"6034b6d0":223,"04bef50c":186,"8fb236a9":209,"124fbe96":213,"385ab7c6":232,"fea793f5":222,"30b6808c":198,"bd2705b0":223,"9c29f0ed":240,"bb00e71c":200,"b7407bd3":201,"a4dafea5":208,"d0b297b2":208,"28d41578":229,"cfe72ead":203,"b2703001":217,"1f88a4b7":239,"c7c4ec5c":193,"4ac6bd4e":203,"7732eb1e":243,"7a6aa4b6":215,"0cb80f4a":216,"4dac6b20":188,"21ad2f34":232,"bc09fa9e":217,"18d20aa1":216,"a851554d":227,"c455f40e":210,"0a96f57a":207,"4777334c":212,"6ebe2354":191,"dd1fcb17":199,"c64de0c0":194,"031e488e":230,"af034fee":232,"12534561":208,"30dd2edc":209,"d3e84616":214,"51f57142":222,"3661e12d":217,"3f65f121":224,"08c6b5d2":223,"09560615":201,"31d74eee":208,"d5557fb4":222,"d957f027":212,"b460f030":240,"3e602573":220,"4b4ef7fa":208,"ac62fac2":231,"d82592f4":231,"00cf385d":219,"d83294cd":208,"53b4e647":212,"e4c312fe":220,"25a2844e":217,"13b53c7a":221,"0042f6eb":212,"ec11fe5f":200,"55928ef1":210,"f67de058":223,"dc0c8b09":225,"c7636527":196,"805af3c7":215,"c015ec5a":224,"75ffea08":214,"e32524d6":207,"5f620a1e":216,"5ccf94d6":216,"56d315d8":197,"902f49f5":215,"180377be":211,"5cd3cfe0":197,"ddec9e54":208,"3f9b5722":200,"e1618359":218,"9b172ca8":194,"145c7559":195,"99e171db":207,"04643409":212,"1634789b":225,"394dc144":197,"b947257e":220,"70bc8325":212,"d3a669ac":226,"f069bb07":217,"b5763ff6":191,"778c95e9":207,"2c01e624":222,"25635c37":188,"971675c5":223,"695a2b92":200,"19f9ca86":222,"1da771fb":218,"fb7b7b3c":225,"f6fe095d":233,"c91966ce":211,"b28a5e67":241,"d8e58a8c":229,"42cd2360":182,"810aa5e9":222,"52eca0dc":231,"b2cfdbcf":209,"ba938220":202,"e6ec8cbf":227,"d2466211":219,"d36125db":221,"1138796e":220,"ea274174":224,"8493f3b2":214,"4ff2225d":210,"d6db2b02":221,"d0e9a58e":222,"6c73ae98":183,"34658473":210,"fe0df575":225,"820225e4":196,"4ba6eb36":201,"17b08923":214,"1ff8c2fc":217,"6b78ad7f":218,"3498f223":214,"cb51f134":219,"1e232870":222,"805534ac":216,"7e8e1c3d":209,"261c9911":236,"913a6226":220,"f734c84c":242,"a0ce82b4":212,"f4343817":211,"e4714415":236,"60d6cee2":208,"31f6ba51":207,"162a7348":214,"13747b82":220,"2ab62345":201,"c64de0c0":195,"12dd6f5e":199,"315537b2":219,"fd6dcb20":224,"49902219":244,"be4f8ba8":202,"88432019":204,"416a9e97":207,"064a99c8":225,"e6fac295":204,"812b4f15":201,"a5aee5de":240,"a636f4c9":233,"a0b03218":225,"b2bd8fd3":187,"cb4f262b":199,"93b9fae6":207,"ac030e74":205,"91b28f83":221,"d4d5f466":210,"00a17b46":216,"bec9d329":235,"0d28db94":212,"faf4f98b":218,"6c20c153":217,"f56ac638":205,"eb2e1983":218,"9a3ab0b8":215,"13b53c7a":222,"fead11cf":210,"cd522166":230,"08a06557":236,"259930ee":223,"2af60749":224,"28d40296":186,"3fdb08f5":211,"62d1d346":196,"a33fe0dd":224,"cc11fef9":224,"4360a1a3":229,"751bcf25":213,"40a745c0":220,"3b690f68":234,"dbd2f139":227,"1a2ec5d7":230,"31d74eee":209,"0670c466":213,"cf775f58":224,"1a0189c4":198,"8a52882e":222,"4ed01268":208,"a983a6dc":194,"8657c79d":209,"2a06ab95":234,"5747db6e":232,"cbb54a0a":195,"084cbc0b":210
1604737699941,"aaa274a5":213,"de6213c7":207,"7af9d3b1":221,"57d5dee8":214,"c64de0c0":196,"47cfba38":199,"12534561":209,"64db4feb":230,"8d04852b":213,"12dd6f5e":200,"01d817b8":196,"78b97937":235,"dd3913d2":202,"ec2cb1af":220,"88432019":205,"6143f39d":221,"175bc6b2":200,"18815a1b":208,"a1921150":224,"794f652b":224,"f2364460":205,"44a4f7cd":212,"97e75c19":222,"b8ab8e6e":209,"77f31bab":229,"26c390d6":225,"3062379b":201,"92efd84f":217,"884b0ad1":208,"abc1d7ad":241,"d5dae4c4":240,"49cb2959":224,"cf1b8c47":223,"a5676c24":214,"a15713c6":235,"3c0df8b4":238,"cf9f4757":221,"e58b26f6":233,"2f455cce":210,"6751d8e4":224,"b3863630":206,"8e780922":200,"dbc9df44":192,"efe84c27":210,"77300e4a":197,"f598a332":200,"0a92153e":218,"70594a28":219,"261c9911":237,"7d112f4d":217,"e1f0dbfd":244,"547903ef":226,"6490bac6":208,"0a96f57a":208,"2ab62345":202,"d6d61bfc":224,"deb31f35":225,"aa9ea5e8":194,"5ac86fb9":220,"162a7348":215,"76f3a3be":219,"77bfed7e":206,"af7e5be8":218,"7f6d1d0e":221,"7ee7621c":203,"753ca352":222,"9496f56f":211,"04cc7cbe":208,"ba586505":233,"b9be31d6":230,"7a840529":209,"d4d5f466":211,"290b4714":217,"e356abf1":229,"6c524f99":223,"2352c8ef":220,"8f10fa42":237,"12012fbd":208,"ef8321d8":220,"36d340f2":190,"57540cc3":212,"140ce69e":203,"f87c5031":216,"f2f58418":204,"75ffea08":215,"7043382d":214,"3fdb08f5":212,"a68a93b2":215,"b320feb9":223,"751acea8":200,"c1bdfd41":210,"56d315d8":198,"c7636527":197,"b6591e25":217,"a577db1c":219,"110b1ee3":220,"d634aa28":224,"cf1124db":212,"e238f09b":231,"004f1ef3":259,"363590c7":226,"09ff339a":187,"25635c37":189,"0b3283c9":223,"5623817d":203,"7732eb1e":244,"5678ed7b":221,"b36a0d66":200,"6f0fcb9d":222,"e0f7679f":202,"820225e4":197,"379184a7":239,"c6c85783":234,"25d1b2d8":218,"ce3407dd":204,"5d087c79":218,"44a4f7cd":213,"d5557fb4":223,"b88033fd":228,"26c390d6":226,"0042f6eb":213,"9a07d89b":197,"ec11fe5f":201,"9b546d65":201,"ef8987d7":194,"f3a0c2ee":213,"08a561b7":217,"fafb4cc2":259,"2dd0e808":210,"1d44aff3":226,"3a291497":195,"0fc5ac7e":244,"b5763ff6":192,"aa5dfdf5":221,"c0e2624b":206,"6751d8e4":225,"835358a0":207,"c7313e0a":225,"a836aa93":216,"2e3503e4":222,"a4296d1e":203,"69134f07":198,"d548635d":216,"9f2b16a7":227,"72b84094":242,"e2a7d915":191,"7b6a7048":213,"2ad42a9e":236,"5a622a23":217,"debe1f65":210,"4e5aaaec":205,"ce4da56f":229,"288afc30":228,"8298e976":231,"50312237":221,"8323d333":206,"d33790a2":245,"7ae3fc50":198,"792cfcbd":219,"03dcfa3d":219,"baebb391":224,"13f0e139":202,"a43061ee":210,"17807120":195,"d8475b95":192,"a6003226":216,"deb31f35":226,"c93c3508":201,"7af9d3b1":222,"540df50f":228,"c9efc8f6":206,"bc3dc66a":222,"7e95c5a0":217,"10ec5a0b":210,"e57d5cda":201,"f56ac638":206,"ad303bda":223,"dffa7793":176,"4258c176":203,"d83294cd":209,"9fce073c":210,"7f6d1d0e":222,"5acce642":232,"0d7d88f1":215,"9d4f1fe6":205,"bf30a08f":225,"12dd6f5e":201,"558d5ce7":213,"22176537":219,"c1bdfd41":211,"ea6de194":220,"ba30e43a":241,"4fd645f1":212,"caddd0a7":225,"e786063b":223,"ffc86f94":201,"902f49f5":216,"66497c7e":207,"b6591e25":218,"93683c82":201,"751bcf25":214,"d634aa28":225,"a8726d50":199,"51f57142":223,"5270f158":206,"b769bdfb":214,"695a2b92":201,"6085137f":213,"2203f259":215,"5099c6a0":241,"eda6a690":212,"05642105":221,"b552beb3":228,"45fb95c1":218,"2dda3936":203,"18815a1b":209,"dfa1a89b":206,"39a2fcce":204,"77bae750":216,"f4b2f575":208,"bda8cdfb":219,"449d8475":189,"0f1ac912":204,"1b881e6e":218,"c1bb74f2":208,"4c0e547b":223,"20958d58":206,"a66a2d8a":226,"b87158fb":206,"13b53c7a":223,"8063df14":229,"a15713c6":236,"731fc335":202,"d8e58a8c":230,"906fdec3":197,"a5676c24":215,"52eca0dc":232,"195eb771":210,"bca2d7cd":215,"835358a0":208,"84b67924":213,"ea822700":209,"84b767be":245,"3c6692a3":239,"5a07fc2e":191,"acac14fb":196,"8e780922":201,"cb51f134":220,"3498f223":215,"e0154608":222,"b3863630":207,"f3992a31":240,"4dac6b20":189,"27d8bf51":212,"f9f2c53f":194,"ecfa8249":233,"2ad42a9e":237,"daab45c6":209,"92136ff5":215,"7732eb1e":245,"6a60348e":211,"e0e6a097":216,"6db0ea86":200,"7a2f3f06":196,"a3d4a0e5":225,"36fb15d2":230,"c7c4ec5c":194,"67f6e4f2":194,"6f0fcb9d":223,"40569362":232,"2c24d929":219,"b6aaf976":210,"c609739e":225,"c6e3d352":225,"01cd8099":231,"eed20185":232,"a636f4c9":234,"5e09f69e":233,"5a734022":197,"540df50f":229,"dcfaba4c":217,"a47abfbb":204,"03b4ab60":198,"aec4e1bf":217,"0785820e":213,"677c6a09":230,"ffa08d82":209,"e382ec3f":200,"d1d40c9c":226,"c38c2b52":217,"5b5fc566":216,"91536e85":234,"7735c3c2":209,"50c468ba":201,"730a4938":198,"ac030e74":206,"af7e5be8":219,"ad2d7bed":223,"cc6bbe45":202,"08a06557":237,"ba30e43a":242,"c8fcad77":198,"e786063b":224,"c7636527":198,"c0b0f492":219,"a4f1d83b":206,"467773ac":203,"74f234c6":246,"40a745c0":221,"20e470e0":218,"f1b493de":240,"9316e7e8":180,"1951480c":200,"25635c37":190,"77d35808":191,"39bbc4bc":214,"d599b566":224,"42191b64":190,"2203f259":216,"12dd6f5e":202,"315537b2":220,"a63bddd4":262,"6de0aaac":201,"affb82bf":246,"6143f39d":222,"4469c815":192,"0f1ac912":205,"47d27624":204,"77f31bab":230,"e15fd611":205,"6a7392d5":197,"fef750ca":227,"25a2844e":218,"f67de058":224,"fead11cf":211,"13b53c7a":224,"8721056e":194,"a472532e":208,"dc03ebd2":233,"5f96c2bc":205,"d9a64845":215,"616d6dd6":205,"c91966ce":212,"61145ec9":241,"c81b2bcf":199,"815e4582":228,"25d1b2d8":219,"272c7672":231,"92efd84f":218,"685207b3":222,"34c5c729":221,"80a8a56d":214,"be2955bb":213,"90a06ee9":221,"4e3f5178":237,"c4feee5b":227,"0149e11a":205,"40e79dd3":214,"7d112f4d":218,"2209903e":210,"daab45c6":210,"2a06ab95":235,"8cf83787":195,"8aa78e2f":194,"1f88a4b7":240,"4945c851":231,"6c73ae98":184,"b2703001":218,"159ffd0b":203,"08a4c3f8":218,"31f6d707":231,"6f0fcb9d":224,"82b81567":200,"6585adbe":196,"0ac825ed":232,"45b038bb":250,"b7df1559":219,"cbad3b92":241,"8eb64769":221,"481754fc":199,"4b4ef7fa":209,"d82592f4":232,"0f72f2d8":220,"fd369c21":225,"84b767be":246,"fb7482fe":210,"7db3edda":215,"dc473de1":200,"c64de0c0":197,"b0869206":219,"abd32136":228,"54d7de6b":240,"629800eb":222,"a502c93c":214,"abad2347":218,"c803b4a3":212,"f1df62b4":218,"7735c3c2":210,"056ea7ff":229,"6ee92259":218,"ef14000f":240,"8bc04eb5":223,"91536e85":235,"32133249":217,"2ab62345":203,"71a2a493":184,"8274885a":208,"2c5c1dc0":203,"60e855ee":230,"6ce84ff8":203,"317c1591":228,"22aeaf03":218,"7ee148e9":203,"cd421290":212,"f4343817":212,"49b358bd":222,"a81a857c":213,"e32524d6":208,"ea6de194":221,"9bdf362a":225,"3bad3c95":192,"26ed1a5c":216,"8f13c203":197,"1e7753d9":222,"31408822":203,"b230e8d3":217,"31f6ba51":208,"140ce69e":204,"bb99c79c":213,"7080f122":205,"558d5ce7":214,"0670c466":214,"be4f8ba8":203,"4d35385e":202,"f66616b7":220,"8007f30e":194,"cfafcda8":205,"0e2b5d2f":216,"1105f790":240,"f2e3c0e3":197,"2bcca6a7":235,"50b558a7":201,"3a291497":196,"3101354b":195,"48efc739":228,"6143f39d":223,"25d1b2d8":220,"d5557fb4":224,"2b3e4717":220,"97e75c19":223,"1f11812e":232,"5ccf94d6":217,"8db62558":215,"30fdcd3b":220,"9267f0ef":222,"90a06ee9":222,"a4296d1e":204,"c5b35e4d":199,"6bc5d32a":230,"8657c79d":210,"70bc8325":213,"95f6db13":214,"de36827b":250,"d0e9a58e":223,"49910300":202,"8323d333":207,"3310a049":220,"8b2b601d":223,"0cb80f4a":217,"6a60348e":212,"7a2f3f06":197,"de11eb19":229,"a24e6670":217,"24d24fa3":202,"d8475b95":193,"67f6e4f2":195,"b5763ff6":193,"7e991ab9":171,"383e232d":217,"2d54e0a8":222,"911e770b":211,"7c0a2db6":208,"a5676c24":216,"3c0df8b4":239,"7ae34c64":209,"1d44aff3":227,"2b698053":219,"4652b09a":222,"cb4f262b":200,"053f3451":206,"16b476e9":211,"31f6ba51":209,"6867261a":217,"a47abfbb":205,"68562193":217,"c4bff41f":231,"8cddb65e":211,"71279c46":217,"e7abc88d":199,"06ee61b6":198,"c455f40e":211,"e0154608":223,"e21c6207":222,"93e8cee5":240,"ab7467de":241,"9d0546ac":198,"ecfa8249":234,"fce3c5c6":200,"65a00a3c":204,"d141db49":207,"4777334c":213,"3fdb08f5":213,"31408822":204,"9d4da635":198,"1623fc9f":207,"08a4c3f8":219,"99d130c9":211,"c27969ec":201,"0eaf08da":215,"481754fc":200,"0f72f2d8":221,"5b60dd1d":209,"014bdff0":226,"1951480c":201,"c95719e5":201,"5099c6a0":242,"3712c4bd":208,"3454fa2b":189,"18815a1b":210,"6de0aaac":202,"6d5fcd4c":214,"ac38a6a5":225,"9de29816":188,"ef8321d8":221,"6ee92259":219,"6f39f4d9":226,"3b2dee89":208,"67c57de4":224,"124fbe96":214,"ee21ad02":242,"b9be31d6":231,"8fb236a9":210,"0785820e":214,"fef750ca":228,"d78dd457":201,"c463799d":212,"eebc8d43":206,"afe8e06a":197,"30c184b8":213,"9b546d65":202,"31d74eee":210,"7e15f8e8":226,"9d63c4dd":216,"a9b1bd51":179,"90d52475":217,"bad1a1cc":219,"faf3ed07":202,"c0b0f492":220,"e62d705f":204,"cd3bbe7e":214,"30fdcd3b":221,"902f49f5":217,"906632cb":239,"c21ab51e":200,"cb51f134":221,"972f4174":225,"f121b82c":226,"e9679ede":205,"69134f07":199,"90a06ee9":223,"a40846b7":216,"8cf83787":196,"88a30343":216,"e8f173b5":223,"26009d3f":193,"45fb95c1":219,"820225e4":198,"a8871ddf":210,"06073f13":226,"4ba6eb36":202,"5acaa06f":193,"b377a62a":191,"00554ffd":220,"358e45b1":216,"45b038bb":251,"99d130c9":212,"17807120":196,"aefe13f5":227,"12271e14":230,"792cfcbd":220,"48655f09":257,"0eaf08da":216,"7e991ab9":172,"2f455cce":211,"6a3eaf43":231,"f271ed5d":208,"6e851762":210,"884b0ad1":209,"2c627253":225,"a0cf08b3":175,"fafb4cc2":260,"71ba7561":186,"3f75d3bc":239,"8a165e17":215,"abc1d7ad":242,"65e4235b":221,"7566fdd6":216,"00a17b46":217,"9c29f0ed":241,"9fce073c":211,"0d770b97":221,"ea4d3f3e":225,"e57d5cda":202,"54d7de6b":241,"f1df62b4":219,"1ed46298":227,"b35bb8a1":210,"60d6cee2":209,"4125085e":224,"68562193":218,"72805bf5":203,"03b4ab60":199,"4dac6b20":190,"5fa12feb":228,"261c9911":238,"ccb5ea3e":196,"9d0546ac":199,"5a622a23":218,"4eed1bea":224,"c4e70c07":210,"aab4d996":207,"6085137f":214,"312f7676":230,"5623817d":204,"12012fbd":209,"eeaa2d46":234,"53a8613c":223,"865d9857":204,"2dda3936":204,"faf4f98b":219,"5acce642":233,"1c0a9eff":203,"6b82b527":216,"b0869206":220,"05f6ab35":231,"9a07d89b":198,"2bcca6a7":236,"b102f7bd":218,"2a4a402a":205,"11b2c8d9":206,"8063df14":230,"ec2cb1af":221,"09560615":202,"9d63c4dd":217,"97e75c19":224,"1634789b":226,"1b881e6e":219,"04643409":213,"f2364460":206,"b88033fd":229,"4c39240e":229,"cc6bbe45":203,"430a5db5":218,"a577db1c":220,"ea6de194":222,"8942c35b":209,"5ab7bc35":221,"1e191c98":193,"ddec9e54":209,"467773ac":204,"a4f1d83b":207,"be40590d":213,"d34a29b9":236,"c7313e0a":226,"ab7d4c9a":210,"9b742f71":205,"c318d350":225,"836701f6":213,"c95719e5":202,"2203f259":217,"e7e82473":239,"d36125db":222,"88a30343":217,"e0f7679f":203,"6c73ae98":185,"90731976":209,"45fb95c1":220,"b377a62a":192,"f9c15fcc":209,"379184a7":240,"e0e6a097":217,"cd95f558":214,"9e878ec2":213,"67f6e4f2":196,"a0b03218":226,"804d4dfa":207,"6be9332a":207,"2c24d929":220,"9fc713b0":232,"730338c4":223,"8657c79d":211,"fd369c21":226,"22234d6b":215,"aec074c4":229,"f069bb07":218,"a0cf08b3":176,"d9a64845":216,"08a561b7":218,"012de09c":217,"49cb2959":225,"616d6dd6":206,"83b2f9c5":224,"50c3164b":240,"b35bb8a1":211,"540df50f":230,"3a1d1632":191,"5ac86fb9":221,"5f6613c8":204,"4e3f5178":238,"dbc9df44":193,"f2086446":205,"72b84094":243,"5c82d1ce":219,"6490bac6":209,"d25e0f8d":241,"c8dc010f":219,"44ff8baa":217,"4eed1bea":225,"72805bf5":204,"6632fed0":225,"4b4ef7fa":210,"04612878":245,"a63bddd4":263,"22176537":220,"30b6808c":199,"d83870f5":213,"ac030e74":207,"95d331b1":215,"ffa08d82":210,"10ec5a0b":211,"290b4714":218,"e4c312fe":221,"87cd2add":203,"056ea7ff":230,"bb00e71c":201,"d815c5b4":245,"00a17b46":218,"f56ac638":207,"20958d58":207,"eb2e1983":219,"b8488fc8":221,"0042f6eb":214,"a66a2d8a":227,"4c0e547b":224,"7af262e5":246,"8dd2684c":222,"12012fbd":210,"f2f58418":205,"0277d748":229,"416a9e97":208,"5a0eb771":212,"e99318a3":217,"bad1a1cc":220,"c67979e6":236,"b88033fd":230,"4777334c":214,"aab4d996":208,"28d40296":187,"0a2f71bc":199,"0b959527":205,"c4e70c07":211,"5cd3cfe0":198,"180377be":212,"04ea5673":218,"0c043224":225,"f883d582":196,"cf1124db":213,"6f81493d":205,"d033db8d":228,"394dc144":198,"2a387957":218,"263762cb":201,"eda6a690":213,"42191b64":191,"a77e127d":190,"fb7b7b3c":226,"7ee148e9":204,"317c1591":229,"4ff2225d":211,"4945c851":232,"8b2b601d":224,"d6db2b02":222,"a24e6670":218,"88a30343":218,"411b5027":194,"5a0ead91":194,"8323d333":208,"7ae3fc50":199,"ef16ca37":204,"5ee911b5":205,"02d4753e":228,"d0c0fc08":194,"064a99c8":226,"c0e2624b":207,"0d2a1c58":204,"42cd2360":183,"ae016053":239,"08a561b7":219,"61145ec9":242,"3101354b":196,"fd482491":243,"dd035d2a":206,"0bd93cfd":179,"50c3164b":241,"b947257e":221,"9ab755d3":207,"0fc5ac7e":245,"c852d240":208,"a6003226":217,"dcf85091":207,"470d50c2":226,"06ee61b6":199,"5e193fc8":212,"4c4aa2e2":205,"e7abc88d":200,"be2955bb":214,"5fa12feb":229,"3ef7432b":218,"f734c84c":243,"9d0546ac":200,"2209903e":211,"b6ee137a":215,"0a96f57a":209,"a1370ab0":209,"6df0b2e8":243,"dd1fcb17":200,"458dcc3d":225,"64a7f79f":230,"4b4ef7fa":211,"2d382981":206,"cac4449a":213,"c9efc8f6":207,"bb8a6337":210,"6632fed0":226,"7fb4c521":220,"1757a30e":205,"677c6a09":231,"67c57de4":225,"ad303bda":224,"bd2705b0":224,"8bc04eb5":224,"00a17b46":219,"37d0cae2":215,"c8113b77":203,"0d28db94":213,"16b476e9":212,"7fef9973":210,"4f59a322":220,"b87158fb":207,"062179c1":211,"b102f7bd":219,"dd3913d2":203,"12dd6f5e":203,"d3e84616":215,"6d5fcd4c":215,"a77e8461":214,"d2a841c9":211,"2cb29e5a":225,"affb82bf":247,"31d74eee":211,"088feee2":223,"f8b31ce5":232,"a81a857c":214,"e5d3655c":241,"7e76c93c":226,"0f029727":222,"fbdffc95":200,"cf1124db":214,"cd3bbe7e":215,"c7636527":199,"5ccf94d6":218,"6e24d88b":211,"f883d582":197,"94a2fe10":228,"20e470e0":219,"8a52882e":223,"faf3ed07":203,"ccf8b803":223,"66d94227":204,"6ce84ff8":204,"dc583e64":233,"8e4c33d2":207,"3f2522c2":234,"578f6e9e":227,"3a204e56":211,"b1f58563":217,"95f6db13":215,"868edcc0":227,"69f3bfcc":203,"6291e9e9":233,"b84a06eb":211,"e36dfd6f":215,"59431390":211,"608bc832":184,"ef16ca37":205,"06073f13":227,"c7c4ec5c":195,"379184a7":241,"77f31bab":231,"a567ace4":224,"2bcca6a7":237,"fe8f3d36":212,"7c0a2db6":209,"3a291497":197,"52eca0dc":233,"7ae34c64":210,"fd482491":244,"db8ba455":221,"4abb7aed":206,"778c95e9":208,"d0d6acb1":215,"bca2d7cd":216,"88b3bc99":200,"39ba00f0":222,"3062379b":202,"b5763ff6":194,"c382f054":231,"501db4de":214,"0a92153e":219,"f76a3e83":220,"d548635d":217,"0da28f5b":232,"53431634":238,"2b3c49b9":203,"70594a28":220,"7d112f4d":219,"5a622a23":219,"913a6226":221,"0a96f57a":210,"debe1f65":211,"332820ce":234,"92d38723":223,"064a99c8":227,"ae8a09c4":231,"4febf7c5":209,"a0bc1ceb":207,"13f0e139":203,"b460f030":241,"0f72f2d8":222,"5ac86fb9":222,"5a734022":198,"13747b82":221,"5774ac0d":223,"74e3d13e":222,"64db4feb":231,"bfcb912a":214,"1dad0f99":213,"8bc04eb5":225,"43d87483":214,"5eab91a0":221,"d7cb9bcf":208,"619fda68":245,"5acce642":234,"0bfabf48":206,"6c20c153":218,"385ab7c6":233,"9cb4697f":220,"0d28db94":214,"1bb4ccc0":215,"5b5fc566":217,"d2a841c9":212,"8dd2684c":223,"be4f8ba8":204,"af157d29":211,"865d9857":205,"945b63f0":240,"88432019":206,"a577db1c":221,"014460b9":238,"c0b0f492":221,"7e76c93c":227,"a81a857c":215,"4777334c":215,"4def63ee":203,"cd3bbe7e":216,"dbd2f139":228,"7cd0ad7b":233,"dae0f922":222,"58d46189":226,"1e191c98":194,"be40590d":214,"b8ab8e6e":210,"97e75c19":225,"a939b50b":209,"1951480c":202,"363590c7":227,"e238f09b":232,"60e855ee":231,"f1dffa24":198,"dc583e64":234
1604737700997,"bd62d7ed":205,"be3a10f8":246,"2bcca6a7":238,"33d6bb6a":206,"afe8e06a":198,"eb2e1983":220,"2a76f1dd":189,"a901627e":221,"91f7ef72":204,"ae016053":240,"a851891c":200,"7c0a2db6":210,"69eeae0d":186,"616d6dd6":207,"bd2705b0":225,"67c57de4":226,"b0869206":221,"79be29c8":189,"7566fdd6":217,"77bfed7e":207,"9d4f1fe6":206,"e1618359":219,"efe84c27":211,"bd984a8e":204,"f2086446":206,"b215547b":201,"f76a3e83":221,"a836aa93":217,"0149e11a":206,"3007f31f":198,"bc09fa9e":218,"7e8e1c3d":210,"ecfa8249":235,"7bebff03":212,"201cafad":209,"ef14000f":241,"20811ddf":215,"bec9d329":236,"ba938220":203,"9f74b8a4":201,"3b2dee89":209,"cb142908":212,"3e082b37":209,"e0f7679f":204,"3c782bb3":212,"69f3bfcc":204,"de36827b":251,"a6bcb07e":207,"1db42092":219,"ce4da56f":230,"379184a7":242,"5ee911b5":206,"a533489b":238,"c510bfd3":220,"0042f6eb":215,"19551bad":207,"78b97937":236,"55928ef1":211,"a66a2d8a":228,"4c0e547b":225,"0a2f71bc":200,"aab4d996":209,"b320feb9":224,"cc6bbe45":204,"c4e70c07":212,"a33fe0dd":225,"b7505747":222,"d0c104c4":190,"4279e829":242,"31408822":205,"0c0e98ea":212,"0841052c":227,"751bcf25":215,"381c68fa":212,"00554ffd":221,"d0e9a58e":224,"7ae3fc50":200,"de11eb19":230,"ac62fac2":232,"be1746a0":208,"946df4fd":243,"b460f030":242,"13f0e139":204,"59c1e594":197,"cac4449a":214,"65e4235b":222,"db8ba455":222,"2dd0e808":211,"28654c76":217,"91f7ef72":205,"d5dae4c4":241,"dd035d2a":207,"f3992a31":241,"e9679ede":206,"ab7d4c9a":211,"470d50c2":227,"d34a29b9":237,"6b78ad7f":219,"f33c0140":219,"debe1f65":212,"e2a7d915":192,"bc09fa9e":219,"40e79dd3":215,"5fa12feb":230,"7bebff03":213,"3b7763b1":192,"f7231212":206,"b0869206":222,"a9b1bd51":180,"bf822e33":214,"8a52882e":224,"842c8340":208,"621d6b18":223,"16b476e9":213,"95539a58":202,"629800eb":223,"54d7de6b":242,"6ce84ff8":205,"e45b4b53":198,"93ac9ca3":214,"f6fe095d":234,"c564e316":228,"d599b566":225,"a40846b7":217,"0114160e":209,"3310a049":221,"6d802fa2":199,"49910300":203,"b84a06eb":212,"b2703001":219,"7ee7621c":204,"87cd2add":204,"8bc04eb5":226,"9496f56f":212,"a85d89cc":221,"e6ec8cbf":228,"6775d5cd":219,"20958d58":208,"bd62d7ed":206,"dd3913d2":204,"d78dd457":202,"7bda83dd":203,"eb2e1983":221,"fef750ca":229,"9e65c0ef":214,"b320feb9":225,"805af3c7":216,"c1bdfd41":212,"0b959527":206,"c015ec5a":225,"859545e6":211,"cc11fef9":225,"9d4da635":199,"906632cb":240,"110b1ee3":221,"751bcf25":216,"7cd0ad7b":234,"1e7753d9":223,"f4726450":202,"2d13e69b":211,"272c7672":232,"730338c4":224,"98915a1f":203,"884b0ad1":210,"7e991ab9":173,"61d4782d":207,"181c3dd5":217,"deb31f35":227,"ed4fad08":222,"af034fee":233,"57d5dee8":215,"7af9d3b1":223,"05642105":222,"1b153aef":224,"45b038bb":252,"7a2f3f06":198,"1ff8c2fc":218,"7a6aa4b6":216,"8c6e001f":194,"db0a661e":210,"87ce8d1d":193,"cac4449a":215,"71bc1295":206,"48655f09":258,"1c3a30c5":222,"87922532":243,"24d24fa3":203,"012de09c":218,"28654c76":218,"3101354b":197,"f3a0c2ee":214,"7896b953":216,"f905a555":205,"fd482491":245,"e7abc88d":201,"1a2c020b":223,"9b742f71":206,"6fb4cdda":232,"f598a332":201,"470d50c2":228,"c382f054":232,"f734c84c":244,"a851554d":228,"da3437cd":194,"93e8cee5":241,"217c0327":190,"9a467a82":221,"af157d29":212,"a77e8461":215,"ec2cb1af":222,"3661e12d":218,"865d9857":206,"9ceb5439":198,"c81b2bcf":200,"0f1ac912":206,"9d63c4dd":218,"5d087c79":219,"650bb0e0":216,"50d129cf":213,"0b3283c9":224,"836701f6":214,"83086d4c":219,"eda6a690":214,"b935fc1c":209,"5781776a":220,"e45b4b53":199,"8cf83787":197,"b552beb3":229,"385ab7c6":234,"7e95c5a0":218,"ad2d7bed":224,"a06a6430":228,"95d331b1":216,"9cb4697f":221,"2b698053":220,"b73e789c":197,"a6b5e869":221,"9c29f0ed":242,"f56ac638":208,"ae95f2ba":230,"54d7de6b":243,"91b28f83":222,"831c7b85":222,"ded7da5a":225,"f9f2c53f":195,"5fa12feb":231,"cc6bbe45":205,"d9f512b9":233,"e32524d6":209,"c7636527":200,"37a7d5b0":209,"5f620a1e":217,"44c77422":217,"059d6c19":226,"1f342a00":217,"272c7672":233,"ef1c2dcb":221,"508aac3d":221,"2d13e69b":212,"fb7482fe":211,"aaa274a5":214,"6df0b2e8":244,"72805bf5":205,"4911acad":189,"c9efc8f6":208,"74e3d13e":223,"a2c334e7":239,"57d5dee8":216,"78467b8a":221,"8f10fa42":238,"8b5a8e9f":216,"11888cfa":201,"95f6db13":216,"d36125db":223,"1be05c14":221,"06ddafc7":191,"8c6e001f":195,"8493f3b2":215,"c4aa1e38":201,"45b038bb":253,"3a1b9af5":217,"761cf820":224,"67f6e4f2":197,"bc392d1c":181,"12a2cd4b":213,"56752a4a":197,"dfc89705":206,"dd1fcb17":201,"f1098793":230,"4b4ef7fa":212,"1bc0591f":205,"7fdc2007":198,"b8488fc8":222,"a5fd8ffd":224,"5f0c1b9d":213,"d5dae4c4":242,"aa867541":203,"dc03ebd2":234,"a472532e":209,"da04caac":224,"5272520d":216,"cf1124db":215,"40a745c0":222,"381c68fa":213,"8db62558":216,"6e24d88b":212,"972f4174":226,"0da28f5b":233,"754f98c9":233,"0a92153e":220,"90a06ee9":224,"cb51f134":222,"f5596d0f":217,"d3e84616":216,"b946e146":224,"01d817b8":197,"d1715f3b":234,"6cba74ce":190,"b9a48a5c":187,"c81b2bcf":201,"44a4f7cd":214,"e15fd611":206,"39a2fcce":205,"84369269":203,"650bb0e0":217,"c98d5272":205,"95d3d348":207,"f5cd79c1":229,"8274885a":209,"3f2522c2":235,"e7773397":203,"0d7d88f1":216,"87cd2add":205,"37d0cae2":216,"67c57de4":227,"d83870f5":214,"43d87483":215,"2ce1af05":195,"d4d5f466":212,"d83294cd":210,"95d331b1":217,"10ec5a0b":212,"7735c3c2":211,"6b82b527":217,"bb00e71c":202,"f76a3e83":222,"547903ef":227,"4e5aaaec":206,"a0cca8b7":204,"0149e11a":207,"07107f6e":217,"6490bac6":210,"f4343817":213,"e1571af7":200,"d141db49":208,"0f029727":223,"9bdf362a":226,"e5d3655c":242,"caddd0a7":226,"eebc8d43":207,"b5763ff6":195,"d1ca5d6b":219,"bca2d7cd":217,"7db3edda":216,"2f455cce":212,"eb7b4e29":200,"7e991ab9":174,"6df0b2e8":245,"bc3dc66a":223,"4125085e":225,"1bc0591f":206,"4c0e547b":226,"9a07d89b":199,"c1bb74f2":209,"25a2844e":219,"d78dd457":203,"22aeaf03":219,"3e082b37":210,"a4dafea5":209,"8aa78e2f":195,"d6db2b02":223,"6f0fcb9d":225,"7a6aa4b6":217,"d9dcdc4b":236,"4ac6bd4e":204,"0d2c95fe":224,"ef16ca37":206,"1438fad7":222,"608bc832":185,"cf50e84e":203,"b4fdf90e":223,"408bb2ed":216,"24d24fa3":204,"b460f030":243,"9c58dd76":205,"87ce8d1d":194,"1c3a30c5":223,"c6e3d352":226,"99d130c9":213,"a901627e":222,"3f75d3bc":240,"a472532e":210,"d8e58a8c":231,"3101354b":198,"012de09c":219,"a851891c":201,"fce3c5c6":201,"f883d582":198,"dbd2f139":229,"bb98a6cf":239,"d70ca4f4":241,"66b7b5b4":215,"1f11812e":233,"cd3bbe7e":217,"c5b35e4d":200,"53431634":239,"4b4ecbce":210,"dbc9df44":194,"7f86be64":208,"e4714415":237,"57d5dee8":217,"76f3a3be":220,"12534561":210,"546f6845":206,"8cc4a982":232,"af157d29":213,"b946e146":225,"4469c815":193,"f2ca27d9":225,"794f652b":225,"175bc6b2":201,"5f7d7195":209,"cb6c9e42":239,"088feee2":224,"a9b1bd51":181,"263762cb":202,"5623817d":205,"3712c4bd":209,"5781776a":221,"b1f58563":218,"5099c6a0":243,"27f52ed3":232,"0d28db94":215,"e57d5cda":203,"d7cb9bcf":209,"1c0a9eff":204,"d2466211":220,"87cd2add":206,"dffa7793":177,"6ee92259":220,"4930f321":202,"4f59a322":221,"a502c93c":215,"88ce179e":224,"7fef9973":211,"fea793f5":223,"dcf85091":208,"f76a3e83":223,"ccb5ea3e":197,"4dac6b20":191,"b6ee137a":216,"da3437cd":195,"6b9eff39":211,"5fa12feb":232,"e21c6207":223,"9bdf362a":227,"0f029727":224,"c1bdfd41":213,"8a52882e":225,"a983a6dc":195,"730338c4":225,"50c3164b":242,"2c627253":226,"b5763ff6":196,"0bd93cfd":180,"6a3eaf43":232,"aec074c4":230,"be3a10f8":247,"33d6bb6a":207,"cfafcda8":206,"5f4102da":223,"4945c851":233,"49910300":204,"6a60348e":213,"06ddafc7":192,"3310a049":222,"8b2b601d":225,"045f280d":217,"8f2a7d69":201,"9260d96b":246,"8d000d6e":208,"b7407bd3":202,"92d38723":224,"8493f3b2":216,"d102b0c6":201,"c609739e":226,"74e01f6a":212,"26c6fa34":209,"bc392d1c":182,"03c398d2":222,"3e602573":221,"0f72f2d8":223,"dfcc2ad1":233,"78b97937":237,"e35a63cd":217,"f789f6d8":212,"0a1d11e6":203,"45b5746e":212,"4bc46d7a":203,"a15713c6":237,"b5ce0c0c":221,"9e65c0ef":215,"c8fcad77":199,"a33fe0dd":226,"1f11812e":234,"94a2fe10":229,"c2bb8aae":206,"906632cb":241,"0af920d8":204,"c3e6ef01":218,"dbd2f139":230,"a472532e":211,"a5fd8ffd":225,"6df0b2e8":246,"725dce8b":226,"ed4fad08":223,"47cfba38":200,"64db4feb":232,"24a9fb86":233,"5ac86fb9":223,"945b63f0":241,"d6320619":217,"b946e146":226,"175bc6b2":202,"6d339d45":195,"623c6a31":229,"09560615":203,"ccf8b803":224,"3712c4bd":210,"82868763":210,"95d3d348":208,"a06a6430":229,"0bfabf48":207,"43d87483":216,"a502c93c":216,"d5059415":198,"04cc7cbe":209,"4d9b0b10":219,"9cb4697f":222,"597c1f81":220,"9496f56f":213,"0d770b97":222,"2882a956":210,"bec9d329":237,"ba586505":234,"34c5c729":222,"9f2b16a7":228,"f121b82c":227,"6b78ad7f":220,"acac14fb":197,"a3253019":210,"69d4b754":207,"f9f2c53f":196,"8f9b74b0":200,"3007f31f":199,"b6ee137a":217,"913a6226":222,"fb8bfb36":241,"a0cca8b7":205,"d957f027":213,"a939b50b":210,"1634789b":227,"9ceb5439":199,"c6c85783":235,"815e4582":229,"aec074c4":231,"3062379b":203,"0d2a1c58":205,"7028b044":215,"3c6692a3":240,"9fa62fee":204,"f271ed5d":209,"dc0c8b09":226,"8dd649a3":218,"578f6e9e":228,"22aeaf03":220,"71ff66e8":230,"8cf83787":198,"868edcc0":228,"ce4da56f":231,"e81834aa":243,"66554572":181,"4ff2225d":212,"6d802fa2":200,"8f2a7d69":202,"5a0ead91":195,"9e878ec2":214,"c4aa1e38":202,"fa55f27a":219,"8323d333":209,"31f6d707":232,"0eaf08da":217,"be1746a0":209,"a0bc1ceb":208,"12271e14":231,"9fc713b0":233,"468fc85c":223,"04612878":246,"c1bb74f2":210,"062179c1":212,"bd62d7ed":207,"1105f790":241,"8721056e":195,"6c486702":219,"8db5a165":208,"ef8987d7":195,"65a00a3c":205,"4def63ee":204,"3fdb08f5":214,"b7505747":223,"c7636527":201,"259930ee":224,"0f029727":225,"cf1124db":216,"906632cb":242,"66b7b5b4":216,"19e9776f":215,"c2bb8aae":207,"d634aa28":226,"be40590d":215,"195eb771":211,"be149c6f":200,"bfcb912a":215,"b35bb8a1":212,"71a2a493":185,"64db4feb":233,"1ed46298":228,"dc473de1":201,"12dd6f5e":204,"22176537":221,"f87c5031":217,"175bc6b2":203,"08a561b7":220,"a851891c":202,"aa867541":204,"42cd2360":184,"a06a6430":230,"abd32136":229,"d7cb9bcf":210,"8fb236a9":211,"ee75b607":207,"9fce073c":212,"cb4f262b":201,"d5059415":199,"ea4d3f3e":226,"04cc7cbe":210,"e57d5cda":204,"a4296d1e":205,"655954ba":210,"efe84c27":212,"f121b82c":228,"b3863630":208,"0da28f5b":234,"4e3f5178":239,"a851554d":229,"805534ac":217,"7d112f4d":220,"20777945":207,"ccb5ea3e":198,"ecfa8249":236,"44ff8baa":218,"7ee7621c":205,"7d6895f4":229,"88432019":207,"09560615":204,"77f31bab":232,"25d1b2d8":221,"d957f027":214,"f2364460":207,"9ceb5439":200,"650bb0e0":218,"b88033fd":231,"1f342a00":218,"c0e2624b":208,"af0b61ab":219,"de6213c7":208,"284544ba":203,"3062379b":204,"084cbc0b":211,"e6ec8cbf":229,"730a4938":199,"27f52ed3":233,"7ee148e9":205,"5099c6a0":244,"d1676e89":215,"437fc3ec":235,"8e4c33d2":208,"a58bf525":211,"7732eb1e":246,"4945c851":234,"11888cfa":202,"e8f173b5":224,"4b3e3b1c":214,"489a39f7":214,"1be05c14":222,"358e45b1":217,"9260d96b":247,"0cb80f4a":218,"ef16ca37":207,"82b81567":201,"3d1af513":225,"67f6e4f2":198,"2198ba8e":205,"a0b03218":227,"fee32863":222,"e5b1abc6":214,"8f10fa42":239,"78b97937":238,"062179c1":213,"831c7b85":223,"8721056e":196,"64db4feb":234,"7af9d3b1":224,"5774ac0d":224,"540df50f":231,"76f3a3be":221,"5eaa1581":207,"c64de0c0":198,"d9d7c4c2":210,"aab4d996":210,"14c682eb":214,"1623fc9f":208,"ca7d47f7":228,"75ffea08":216,"65a00a3c":206,"58d46189":227,"93683c82":202,"d634aa28":227,"6e24d88b":213,"3b690f68":235,"61f25dd4":241,"bb98a6cf":240,"abc1d7ad":243,"71e53c93":211,"2c6cb96f":183,"a15713c6":238,"fe44fc6f":201,"be1746a0":210,"4cc141fa":187,"804d4dfa":208,"c27969ec":202,"b7df1559":220,"56473430":227,"ae016053":241,"10ec5a0b":213,"af7e5be8":220,"8ac72326":210,"6a5b71b4":201,"4b4ecbce":211,"53431634":240,"fe578280":200,"5be594be":207,"6fb4cdda":233,"f3992a31":242,"145c7559":196,"913a6226":223,"df81ddee":212,"85de05f2":205,"ab7467de":242,"51c57542":221,"efd23af5":196,"f734c84c":245,"621d6b18":224,"865d9857":207,"172217e5":227,"53a8613c":224,"0277d748":230,"ef8321d8":222,"546f6845":207,"21ee2afe":232,"4ed01268":209,"e99318a3":218,"088feee2":225,"394dc144":199,"e15fd611":207,"254cc28c":220,"2a387957":219,"835358a0":209,"272c7672":234,"2a06ab95":236,"b7832271":235,"5a07fc2e":192,"4930f321":203,"bec9d329":238,"91536e85":236,"a502c93c":217,"67d30f2b":211,"5b5fc566":218,"1bb4ccc0":216,"6775d5cd":220,"a58bf525":212,"3a204e56":212,"71ff66e8":231,"8dd649a3":219,"971675c5":224,"f1dffa24":199,"578f6e9e":229,"07fc4a9a":229,"a8871ddf":211,"69f3bfcc":205,"e36dfd6f":216,"3310a049":223,"45fb95c1":221,"4945c851":235,"8323d333":210,"c4aa1e38":203,"50312237":222,"2e99f8fd":222,"e4c312fe":222,"1745a0f4":227,"f2e3c0e3":198,"33d6bb6a":208,"7af262e5":247,"8063df14":231,"8721056e":197,"0e2b5d2f":217,"d1ca5d6b":220,"ef1c2dcb":222,"71279c46":218,"a2c334e7":240,"bc3dc66a":224,"c93c3508":202,"a47abfbb":206,"b230e8d3":218,"72805bf5":206,"e1571af7":201,"805af3c7":217,"ba30e43a":243,"04ea5673":219,"868cda42":214,"1e191c98":195,"7043382d":215,"7be025ce":210,"655941a0":232,"30dbfc69":209,"7a9344a4":232,"3f9b5722":201,"906632cb":243,"f4634d0b":213,"69eeae0d":187,"a533489b":239,"288afc30":229,"1bd5b20b":230,"12a2cd4b":214,"87ce8d1d":195,"a43061ee":211,"c27969ec":203,"8eb64769":222,"ae8a09c4":232,"0f72f2d8":224,"f905a555":206,"a472532e":212,"c91966ce":213,"537634c9":195,"d8e58a8c":232,"42cd2360":185,"315537b2":221,"f87c5031":218,"eafbf9fb":216,"22176537":222,"6de0aaac":203,"623c6a31":230,"416a9e97":209,"5d087c79":220,"f2364460":208,"23760167":211,"47d27624":205,"97e75c19":226,"b88033fd":232,"794f652b":226,"9ab755d3":208,"6fb4cdda":234,"5be594be":208,"7f86be64":209,"0dad37d5":225,"6490bac6":211,"ebdbf580":222,"debe1f65":213,"1247fa52":215,"2209903e":212,"f2086446":207,"8ea21393":193,"da3437cd":196,"bc09fa9e":220,"fb8bfb36":242,"07f98660":230,"f7231212":207,"ef91eaae":196,"d5059415":200,"a85d89cc":222,"ee75b607":208,"93b0a158":235,"f1df62b4":220,"8e4c33d2":209,"a58bf525":213,"25635c37":191,"6085137f":215,"5623817d":206,"1da771fb":219,"5270f158":207,"fb44fa9c":223,"ce4da56f":232,"d6db2b02":224,"95f6db13":217,"32c9fc47":217,"17b08923":215,"b84a06eb":213,"ad2d7bed":225,"2b698053":221,"a6b5e869":222,"6775d5cd":221,"677c6a09":232,"b0869206":223,"8b5a8e9f":217,"78467b8a":222,"f2e3c0e3":199,"33d6bb6a":209,"f5e8dfee":231,"c6dc900c":192,"a8c93bed":212,"44c77422":218,"5ab7bc35":222,"b5ce0c0c":222,"19e9776f":216,"b6591e25":219,"a33fe0dd":227,"180377be":213,"57167c74":203,"c8fcad77":200,"655941a0":233,"5cd3cfe0":199,"fce3c5c6":202,"30d84dce":190,"430a5db5":219,"cbb54a0a":196,"5747db6e":233,"7db3edda":217,"778c95e9":209,"6751d8e4":226,"84b67924":214,"540df50f":232,"5e09f69e":234,"57d5dee8":218,"42c80e69":224,"03b4ab60":200,"1ed46298":229,"6632fed0":227,"e0e6a097":218,"92d38723":225,"358e45b1":218,"08a4c3f8":220,"379184a7":243,"b2bd8fd3":188,"dd1fcb17":202,"34658473":211,"458dcc3d":226,"2e99f8fd":223,"13f0e139":205,"23080895":207,"2d382981":207,"a5aee5de":241,"ae016053":242,"08a561b7":221,"f789f6d8":213,"83b2f9c5":225,"a15713c6":239,"731fc335":203,"f905a555":207,"c21ab51e":201,"704bce0d":207,"9b742f71":207,"b2c25d1c":217,"e7abc88d":202,"d25e0f8d":242,"34c5c729":223,"c650b434":220,"1e232870":223,"805534ac":218,"bc09fa9e":221,"25e0dd3d":204,"5a622a23":220,"12dd6f5e":205,"bb99c79c":214,"f87c5031":219,"ec2cb1af":223,"f2ca27d9":226,"623c6a31":231,"21ee2afe":233,"31d74eee":212,"6adce358":234
