1,7098
1,6991
1,8253
1,7198
1,6770
1,8244
1,8429
1,8540
1,9957
1,9959
1,6989
1,8617
1,6808
1,7161
1,8055
1,255
1,370
1,374
1,338
1,383
1,538
1,282
1,388
1,302
1,283
1,319
1,260
1,363
1,304
1,376
1,359
1,361
1,388
1,316
1,273
1,345
1,417
1,311
1,374
1,307
1,275
1,300
1,310
1,308
1,362
1,315
1,273
1,326
1,363
1,279
1,353
1,372
1,437
1,311
1,375
1,354
1,348
1,347
1,360
1,444
1,346
1,267
1,314
1,315
1,383
1,295
1,311
1,369
1,328
1,295
1,274
1,403
1,363
1,278
1,299
1,338
1,327
1,366
1,363
1,333
1,386
1,288
1,326
1,293
1,455
1,382
1,405
1,279
1,283
1,297
1,352
1,284
1,323
1,271
1,310
1,321
1,391
1,283
1,321
1,378
1,416
1,317
1,389
1,334
1,314
1,319
1,398
1,306
1,369
1,313
1,416
1,284
1,363
1,381
1,306
1,290
1,342
1,326
1,353
1,300
1,282
1,273
1,279
1,456
1,361
1,424
1,292
1,376
1,366
1,292
1,318
1,288
1,274
1,354
1,314
1,327
1,287
1,344
1,389
1,265
1,331
1,384
1,277
1,335
1,337
1,310
1,336
1,314
1,322
1,260
1,328
1,324
1,422
1,325
1,386
1,370
1,257
1,311
1,348
1,343
1,411
1,353
1,279
1,264
1,323
1,398
1,277
1,330
1,279
1,453
1,294
1,332
1,341
1,326
1,295
1,306
1,386
1,321
1,456
1,301
1,340
1,312
1,290
1,356
1,253
1,300
1,286
1,331
1,456
1,350
1,347
1,274
1,379
1,335
1,288
1,360
1,491
1,421
1,316
1,338
1,313
1,267
1,398
1,303
1,299
1,338
1,436
1,300
1,301
1,324
1,288
1,445
1,485
1,533
1,529
1,284
1,330
1,290
1,307
1,339
1,371
1,321
1,430
1,302
1,345
1,400
1,350
1,304
1,414
1,334
1,371
1,294
1,338
1,319
1,320
1,336
1,348
1,342
1,308
1,306
13,2362
13,2653
15,2736
13,2374
9,1710
15,4131
13,3242
13,3069
15,2622
13,2269
13,3651
13,2400
15,2643
13,2291
1,407
2,471
2,461
1,305
2,472
6,1167
1,305
2,427
2,423
1,298
2,445
2,418
2,538
1,322
2,493
1,194
1,292
1,400
1,312
1,350
1,363
1,288
1,290
1,329
1,348
1,280
1,313
1,319
1,273
1,295
1,187
1,317
1,348
1,331
1,233
1,255
1,440
1,224
1,242
1,400
1,217
1,317
1,281
1,353
1,434
1,190
1,303
1,299
1,280
1,340
1,331
1,369
1,268
1,387
1,349
1,324
1,322
1,330
1,419
1,341
1,186
1,241
1,334
1,454
1,339
1,217
1,352
1,227
1,213
1,315
1,241
1,224
1,247
1,369
1,235
1,180
1,347
1,265
3,634
1,208
1,240
1,385
1,211
1,214
3,946
1,211
1,219
1,235
1,236
1,270
1,183
1,251
1,461
1,326
1,229
1,263
4,5399
1,317
3,610
1,346
1,213
1,307
1,268
1,234
1,296
1,182
1,437
1,226
1,409
1,219
4,1072
1,288
1,266
1,347
1,457
1,348
1,428
1,297
1,290
1,280
1,177
1,414
7,2011
1,434
1,268
1,396
1,283
5,1432
1,341
1,374
1,356
1,321
1,574
1,439
4,1293
1,217
1,339
1,261
1,324
5,952
1,378
1,411
1,349
1,373
1,297
1,329
5,1078
1,434
5,1310
1,455
1,197
1,332
1,301
1,420
1,387
1,348
1,386
1,246
1,336
1,388
4,1132
1,211
1,326
1,396
1,584
1,200
1,254
1,308
1,211
1,447
1,305
1,326
1,226
1,305
1,268
1,288
1,326
5,1175
1,344
1,294
1,196
1,316
1,439
5,1143
1,433
3,672
3,802
1,522
1,254
3,655
1,319
1,277
1,432
1,316
1,263
1,252
3,1198
3,696
3,613
1,370
5,1470
1,485
3,566
4,974
2,585
1,225
1,312
2,655
1,310
1,344
1,193
4,1090
5,1463
3,651
3,665
1,306
1,395
3,602
1,237
1,236
2,393
3,1945
1,363
2,1204
3,894
1,421
1,278
1,306
1,370
2,451
4,790
3,1003
1,270
3,810
4,838
3,725
3,1833
4,1648
3,1379
3,681
1,325
4,1206
5,1400
5,1516
1,386
3,1469
5,1376
5,1449
4,1175
1,436
3,678
1,464
3,1136
3,644
4,976
1,408
6,1711
3,959
4,1286
2,409
3,1033
4,1083
3,768
5,1045
3,892
3,566
5,1395
5,1080
3,930
4,1221
1,213
4,1267
4,1142
4,1197
3,986
4,1087
5,3120
4,1133
5,1123
6,1403
1,273
4,759
3,759
4,959
1,302
1,213
1,288
4,1087
3,843
4,1512
4,1127
4,931
5,1486
3,5969
4,1208
5,1443
3,1733
5,1077
4,1034
5,1677
1,231
4,1257
1,332
1,289
3,801
1,367
4,829
1,396
1,1948
4,1260
5,1563
5,1365
1,250
4,887
3,1071
1,223
4,1134
4,1143
6,1679
3,813
4,1114
1,872
3,1074
4,1106
4,1437
3,633
1,422
7,2792
4,1159
4,1248
1,542
6,1637
5,1907
5,1825
4,1211
7,1878
4,1437
4,2203
4,1111
5,1719
1,339
7,2083
4,1654
4,980
1,371
1,428
4,7552
2,674
4,1361
5,1518
4,1109
6,1857
4,1127
4,1944
4,1363
4,1349
4,1312
1,459
4,950
7,2295
3,924
5,1269
4,1177
7,2090
4,1288
4,866
5,1167
4,1164
7,1721
5,1537
4,1228
4,1499
4,1296
7,4740
4,1430
1,344
7,4293
5,1375
1,363
7,2030
4,837
5,1339
5,1437
1,224
1,307
5,1438
4,1687
4,1083
5,1255
4,1519
1,345
5,1118
1,267
4,1734
4,925
6,7075
7,1381
4,837
5,1761
4,2636
4,1219
6,1331
5,1402
5,972
5,1893
1,442
5,1407
3,16364
5,1424
4,1056
1,245
5,1137
1,267
6,1593
7,2031
5,1469
4,887
5,14754
4,1166
6,1297
1,220
5,1444
5,1449
5,1008
5,1426
5,1246
5,1001
7,1897
5,1142
5,1229
7,3049
5,1307
5,1068
5,1342
5,1397
2,505
5,1730
5,1214
2,591
4,886
4,946
4,843
5,1321
5,939
4,858
5,952
4,782
4,760
5,1498
5,1016
5,1469
4,1748
4,749
4,1134
5,934
4,1150
4,1038
4,790
3,725
5,1028
5,916
4,1074
4,831
5,1149
4,815
4,925
3,594
4,1140
4,935
4,1088
4,918
4,1254
4,767
5,1172
3,647
4,741
4,1319
4,935
4,1144
4,768
5,876
4,1196
5,1467
4,1315
4,1529
2,472
4,1320
4,1296
4,1183
3,836
4,877
4,901
4,1341
5,1186
4,1847
4,760
4,1232
4,1091
4,1415
5,1579
4,954
5,1885
4,1255
4,1056
4,881
4,1000
4,1362
4,1152
4,834
4,895
4,2497
4,1070
4,1018
4,1165
4,1192
4,1072
1,321
4,1220
4,2986
4,901
4,1339
4,1243
5,1577
5,1566
4,1216
4,5988
5,1475
5,1378
5,1409
5,1348
5,1508
5,1379
4,922
5,1162
4,1250
4,1217
4,1151
4,905
4,953
4,1148
4,1235
5,1468
5,1436
2,654
5,1428
4,1139
3,923
5,4335
4,1165
4,1146
4,942
5,2023
5,1274
2,479
2,602
4,1162
2,428
4,1012
3,884
5,960
2,627
4,1253
4,1013
5,1411
5,1452
5,1342
3,930
2,533
5,1102
2,592
4,2435
5,1196
5,1556
5,1341
2,650
5,1627
5,1414
2,616
4,1275
5,1565
5,1285
5,1534
4,1177
5,1039
5,1545
4,1923
5,1321
5,1736
5,1366
5,1005
5,1310
5,1049
5,1207
2,594
5,1081
1,308
5,1814
5,1669
5,1064
5,1299
5,1179
3,901
4,923
5,992
5,1059
3,837
2,896
5,1382
5,1208
5,1421
4,1337
5,1082
5,1160
5,1093
5,1191
5,874
5,987
5,1085
5,1116
4,932
4,803
5,885
4,1003
4,807
2,458
4,858
1,403
5,986
3,577
3,647
5,959
4,1092
4,792
4,894
3,690
5,1537
4,763
4,1134
3,716
4,849
2,438
2,718
4,1058
2,429
4,793
5,1169
1,360
2,523
3,849
3,574
3,701
3,623
3,601
4,758
3,723
4,728
5,919
4,705
2,420
3,557
4,1165
2,479
2,579
3,751
4,699
1,284
2,623
3,524
2,419
3,659
3,573
3,735
2,505
3,847
3,746
4,1469
3,695
1,289
2,486
2,460
2,471
1,511
1,468
2,521
1,387
3,537
2,460
3,610
1,247
3,711
3,1076
2,625
2,470
1,323
3,658
3,697
1,361
3,759
2,441
2,561
3,508
2,412
2,547
2,404
2,591
4,1483
1,226
3,859
1,258
3,782
3,574
2,538
2,394
3,601
3,930
3,669
3,555
2,377
1,315
2,649
4,1133
1,288
1,368
1,259
1,347
1,221
3,785
1,265
1,380
2,410
1,216
1,369
1,388
2,493
1,474
4,1159
2,514
2,623
3,655
1,241
2,503
1,477
1,251
2,674
1,268
1,285
1,440
1,343
1,226
1,254
5,1394
1,480
1,333
1,536
1,302
1,260
1,344
2,409
1,286
1,265
3,650
3,652
1,346
1,462
4,935
5,1220
1,507
1,481
10,2583
1,199
1,245
1,689
3,715
1,409
1,465
2,397
1,524
1,539
1,411
1,243
5,1434
1,369
2,670
2,588
1,834
1,247
1,414
1,518
1,353
1,330
1,241
1,401
1,446
1,342
1,429
5,1363
1,359
8,1734
7,1448
10,2188
1,364
1,362
1,254
1,272
1,354
1,546
1,304
1,326
1,375
1,388
5,1209
1,355
3,680
1,377
10,2210
10,2111
1,459
1,370
1,283
1,321
1,342
1,359
1,340
1,489
1,371
4,910
1,389
7,1597
10,2901
10,2440
3,668
1,334
1,375
1,268
1,279
1,284
1,307
1,360
1,376
1,325
5,1039
1,343
1,234
10,3050
1,246
10,2492
1,357
1,354
1,268
1,229
1,319
3,1396
1,353
1,399
1,351
3,562
1,288
10,3146
10,2613
1,225
10,3158
1,238
1,388
1,335
1,226
1,380
1,334
1,304
1,331
1,283
2,387
1,367
10,3166
1,341
10,7108
1,336
1,226
1,727
1,344
1,230
1,560
1,265
1,355
1,352
1,268
2,583
1,328
1,305
1,391
10,7276
1,807
10,2475
1,392
1,342
1,245
1,326
1,296
1,326
1,370
1,317
2,651
1,326
10,3228
10,3210
1,282
10,3509
2,659
1,270
1,251
1,257
1,369
1,368
1,368
1,354
1,612
1,307
3,630
1,404
8,2464
10,2889
10,3365
7,1559
1,263
10,2682
10,2130
1,325
1,326
1,373
2,560
1,360
1,252
2,431
10,3564
10,2997
10,3085
10,3287
7,1704
10,2079
2,491
1,298
1,228
7,1451
7,1445
3,671
1,329
1,217
7,1318
10,9753
10,6570
10,8195
10,2923
1,313
1,555
7,1359
2,795
10,2427
7,1415
3,749
7,1410
3,903
1,412
1,225
10,3293
10,8412
10,10892
10,3022
10,3061
10,2266
3,641
1,261
3,934
1,386
9,2792
1,337
1,370
1,515
1,372
10,7198
10,3208
10,2572
10,2303
1,465
10,2377
1,246
10,2038
2,409
10,3148
1,376
10,1910
10,2083
1,332
10,5283
10,14939
3,959
10,2661
1,221
10,3787
10,3436
10,3021
10,3007
10,1962
10,3031
1,454
10,3143
10,3573
1,386
1,380
3,1126
1,433
1,587
10,3092
10,3147
10,3704
10,6707
1,726
10,1964
1,369
10,3111
1,404
10,3988
1,319
10,2958
7,1398
1,327
1,278
7,1622
1,369
10,3730
1,313
1,449
1,259
1,427
10,3032
10,6723
1,331
1,342
10,3086
1,476
1,316
1,634
1,421
10,2933
1,400
10,12880
1,307
10,2100
10,3156
1,634
10,2887
10,3250
1,270
10,2929
1,324
1,298
1,667
1,316
10,10332
1,446
1,317
10,3625
10,2108
1,327
10,3019
10,5175
10,3045
1,338
3,955
1,280
1,222
1,318
1,345
10,8239
1,452
10,6375
10,3930
1,289
10,3627
10,6943
8,2576
10,2605
1,353
10,2882
1,259
1,283
1,255
1,233
1,403
10,2827
10,4712
10,2973
1,343
10,3514
10,2977
1,315
10,20499
1,327
8,2465
1,235
1,387
1,328
1,266
8,1962
10,5505
3,560
10,7532
10,6213
10,3816
3,694
10,2227
1,321
1,292
1,307
1,252
1,363
1,247
1,261
3,632
10,4228
1,227
10,13959
1,416
10,7318
10,7707
10,3059
7,2137
1,352
10,18512
1,220
1,216
1,237
1,260
3,653
10,3210
7,1332
8,1728
10,9086
10,2913
10,2503
7,2642
10,10032
3,939
7,9551
1,401
1,222
1,224
1,225
1,317
1,344
8,1827
9,1977
10,12569
3,990
7,2156
3,965
10,6243
7,1323
9,1942
1,229
1,264
1,286
1,229
1,429
1,235
10,11702
1,331
8,2591
1,488
1,245
1,367
1,340
1,236
1,421
1,383
1,326
1,229
1,219
1,409
1,429
1,376
1,348
7,1331
1,325
1,672
1,364
1,346
1,352
1,387
1,382
1,243
1,230
1,221
1,448
1,237
1,340
1,251
1,507
1,349
1,331
1,309
1,335
10,3154
1,459
1,317
1,214
1,329
1,259
1,237
1,392
1,299
1,213
1,377
1,240
1,370
1,259
1,241
1,277
1,349
1,246
1,277
1,228
1,233
1,417
1,340
1,358
1,241
1,428
1,337
1,398
1,286
1,266
10,3416
1,217
1,234
1,380
1,491
1,377
1,263
1,468
1,248
1,320
1,247
1,315
1,252
1,244
1,333
10,3359
1,220
1,321
1,364
1,333
1,260
1,232
1,502
1,259
1,293
1,349
1,228
1,300
1,225
1,227
10,9008
1,269
1,361
1,478
1,672
1,411
1,241
1,273
1,300
1,282
1,229
1,372
1,209
1,216
1,215
10,12398
1,215
1,356
1,344
1,457
1,293
1,243
1,240
1,256
1,283
1,285
1,297
1,250
1,323
1,303
10,3718
1,216
1,339
1,232
1,464
1,324
1,245
1,299
1,241
1,206
1,247
1,225
1,219
1,208
1,243
10,13473
1,233
1,366
1,379
1,360
1,335
1,317
1,227
1,236
1,223
1,327
1,231
1,248
1,227
1,197
10,6646
1,321
1,369
1,419
1,333
1,274
1,227
1,221
1,218
1,395
1,227
1,242
1,238
1,559
1,222
7,2217
1,229
1,372
1,287
1,735
1,312
1,222
1,221
1,208
1,242
1,234
1,220
1,274
1,249
1,240
3,775
1,211
1,328
1,285
1,591
1,321
1,260
1,336
1,241
1,281
1,256
1,305
1,242
1,296
1,218
1,405
1,305
1,440
1,376
1,391
1,375
1,354
1,333
1,268
1,335
1,275
1,429
1,233
1,219
1,260
1,565
1,274
1,589
1,331
1,297
1,353
1,307
1,422
1,554
1,330
1,246
1,448
1,328
1,461
1,432
1,223
1,373
1,427
1,364
1,368
1,349
1,487
1,274
1,370
1,233
1,293
1,367
1,571
1,340
1,438
1,208
1,291
1,369
1,301
1,290
1,297
1,549
1,368
1,352
1,494
1,510
1,331
1,478
1,407
1,352
1,363
1,499
1,434
1,318
1,287
1,316
1,555
1,393
1,330
1,339
1,362
1,346
1,467
1,291
1,472
1,236
1,382
1,327
1,341
1,305
1,340
1,294
1,527
1,390
1,320
1,460
1,392
1,362
1,235
1,285
1,274
1,388
1,313
1,478
1,453
1,355
1,420
1,329
1,336
1,325
1,300
1,307
1,340
1,246
1,296
1,234
1,3276
1,440
1,327
1,390
1,425
1,395
1,383
1,479
1,405
1,371
1,329
1,353
1,432
1,469
1,357
1,346
1,356
1,299
1,291
1,401
1,324
1,351
1,432
1,371
1,359
1,263
1,267
1,229
1,418
1,265
1,321
1,303
1,245
1,272
1,434
1,6619
1,324
1,314
1,421
1,443
1,339
1,438
1,518
1,281
1,286
1,411
1,370
1,223
1,376
1,355
1,290
1,283
1,299
1,308
1,333
1,362
1,335
1,381
1,289
1,223
1,518
1,229
1,255
1,225
1,258
1,337
1,373
1,368
1,295
1,468
1,342
1,436
1,354
1,290
1,236
1,363
1,226
1,338
1,265
1,232
1,309
1,335
1,323
1,338
1,444
1,6355
1,513
1,310
1,278
1,234
1,299
1,251
1,402
1,258
1,452
1,352
1,281
1,349
1,387
1,316
1,318
1,377
1,378
1,268
1,239
1,367
1,489
1,429
1,346
1,358
1,431
1,495
1,334
1,366
1,378
1,334
1,621
1,305
1,270
1,337
1,367
1,316
1,337
1,213
1,283
1,336
1,344
1,319
1,334
1,360
1,271
1,1212
1,299
1,274
1,311
1,328
1,405
1,228
1,213
1,234
1,433
1,302
1,349
1,481
1,363
1,420
1,318
1,445
1,508
1,463
1,614
1,329
1,228
1,232
1,336
1,312
1,363
1,550
1,264
1,471
1,366
1,484
1,375
1,355
1,284
1,312
1,256
1,250
1,225
1,245
1,258
1,267
1,287
1,341
1,372
1,220
1,368
1,406
1,486
1,342
1,246
1,291
1,262
1,275
1,258
1,242
1,273
1,315
1,251
1,560
1,309
1,424
1,261
1,241
1,432
1,271
1,283
1,306
1,283
1,259
1,381
1,291
1,278
1,288
1,294
1,252
1,426
1,252
1,334
1,390
1,471
1,377
1,419
1,437
1,341
1,335
1,244
1,386
1,309
1,367
1,207
1,271
1,295
1,414
1,342
1,244
1,460
1,432
1,483
1,454
1,219
1,384
1,261
1,352
1,250
1,346
1,244
1,356
1,260
1,394
1,285
1,393
2,529
2,562
1,361
1,232
1,293
1,225
1,252
1,211
1,400
1,321
1,222
1,231
1,387
1,293
1,263
2,740
2,537
1,329
1,274
1,250
1,263
1,363
1,248
1,322
1,355
1,225
1,237
1,322
1,349
2,495
2,493
2,1102
2,622
1,225
1,273
1,296
1,257
1,332
1,235
1,332
1,228
1,445
1,441
1,382
1,214
2,651
2,1003
1,277
1,260
1,259
1,248
1,221
1,244
1,346
1,300
1,246
1,313
1,354
1,321
2,418
2,639
2,694
2,529
1,258
1,316
1,248
1,199
1,224
1,272
1,288
1,226
1,376
1,363
1,238
2,620
2,574
2,575
2,622
1,220
1,296
1,451
1,306
1,230
1,280
1,236
1,219
1,302
1,359
1,265
2,507
2,571
2,681
2,414
1,366
1,313
1,247
1,229
1,277
1,313
1,288
1,255
1,298
1,324
1,289
2,406
2,714
2,534
2,612
1,385
1,369
1,401
1,228
1,222
1,349
1,296
1,264
1,355
1,353
1,421
2,429
2,418
2,690
2,720
1,477
1,244
1,373
1,364
1,298
1,703
1,364
1,495
1,481
1,338
1,448
2,544
2,467
2,520
2,559
2,483
2,551
1,358
1,219
1,217
1,227
1,576
1,327
1,240
1,304
1,318
2,849
2,640
2,898
2,423
2,817
2,805
1,272
2,463
1,432
1,262
1,292
2,720
2,578
1,369
1,344
2,590
2,457
2,538
2,495
2,638
2,582
2,620
2,619
1,302
1,371
2,515
1,268
1,248
1,302
2,452
2,682
2,451
2,436
2,466
2,802
2,609
1,327
2,536
2,484
2,402
1,391
2,456
2,768
1,236
2,473
2,574
2,617
2,401
2,445
2,596
2,469
2,465
2,650
1,217
2,543
2,437
2,643
2,496
1,284
2,506
2,616
1,485
1,463
2,428
2,687
2,454
2,556
2,432
2,628
2,404
2,670
2,506
2,541
1,293
2,602
2,597
1,567
1,475
2,418
2,651
2,509
2,602
2,657
2,728
2,792
2,543
2,427
2,750
1,242
2,485
1,409
2,529
2,518
1,453
2,786
2,730
2,436
2,603
2,703
2,788
2,431
2,475
2,491
1,250
2,609
1,380
2,589
1,362
1,416
2,638
2,836
2,411
2,642
2,572
2,660
2,744
2,543
2,838
1,241
2,479
1,239
2,407
2,738
1,362
2,678
2,628
2,619
2,631
2,642
2,611
2,637
2,694
2,534
1,318
2,451
2,417
2,400
2,647
2,707
2,756
2,831
2,538
2,594
2,498
2,763
2,524
2,487
2,715
1,287
2,503
1,358
2,555
2,526
2,480
2,658
2,787
2,696
2,488
2,523
2,403
2,471
2,844
2,630
1,331
2,908
2,553
2,522
2,683
1,234
2,479
2,721
2,1252
2,664
2,459
2,457
2,867
2,653
2,600
1,438
2,612
2,648
2,616
2,437
2,579
2,530
2,495
2,451
2,541
2,428
2,713
2,758
2,542
1,404
1,238
2,480
2,652
2,416
2,604
2,410
1,461
1,341
2,472
2,493
2,451
2,577
2,515
2,381
2,440
2,562
1,307
2,588
2,733
2,626
2,697
1,247
1,252
2,422
1,342
2,491
2,439
2,400
1,237
2,495
1,420
2,734
2,557
2,426
2,477
2,549
2,595
2,541
1,280
1,214
1,365
1,525
1,383
1,516
1,1110
2,778
1,415
2,554
2,533
2,611
2,474
1,305
1,246
1,337
2,601
2,401
1,343
1,645
1,371
1,278
2,661
1,453
2,534
2,447
2,518
2,631
2,397
2,554
1,314
2,479
1,388
2,696
1,350
2,675
2,480
2,521
2,553
2,414
2,549
1,256
2,451
2,458
2,424
2,482
2,460
1,234
2,548
2,521
2,573
2,466
2,486
1,391
2,436
2,641
2,445
2,560
2,505
2,381
2,673
2,467
2,405
1,232
2,560
2,440
2,427
2,454
2,516
2,451
1,438
2,398
2,395
2,631
2,464
2,389
2,671
1,352
2,402
2,656
2,455
2,2212
2,504
2,490
2,416
1,402
1,502
2,448
2,400
2,504
2,467
2,598
2,439
2,417
2,466
2,414
2,525
2,417
2,694
2,433
2,531
1,430
2,426
2,516
2,693
2,410
2,653
2,818
2,677
2,622
2,504
2,395
2,423
2,543
1,247
1,264
1,3099
1,224
2,521
2,523
2,385
2,446
2,541
2,489
2,826
2,599
2,490
2,621
2,500
1,405
1,260
1,531
1,503
2,704
2,669
2,475
2,448
2,483
2,455
2,476
2,822
2,849
2,531
2,637
1,333
2,535
1,345
1,386
2,465
2,649
2,464
2,462
2,404
2,616
2,470
2,552
2,805
2,614
2,459
2,473
2,408
1,268
2,613
2,581
2,413
2,450
2,650
2,570
2,546
2,454
2,540
2,478
2,478
2,625
1,309
2,483
2,560
1,353
2,428
2,458
2,409
2,395
2,690
2,540
2,458
2,503
2,530
1,294
2,402
1,223
2,476
2,434
2,639
2,398
2,431
2,443
2,468
2,568
2,446
2,451
2,429
2,537
1,457
2,386
2,404
2,413
2,534
2,441
1,243
1,258
2,515
2,485
2,499
2,625
2,459
2,426
2,565
1,248
2,522
2,431
2,862
2,445
2,638
1,352
1,445
2,600
1,403
2,450
1,234
2,575
2,417
2,500
2,552
2,438
1,222
2,467
2,424
2,518
1,268
1,374
2,427
1,326
2,659
2,460
2,397
1,518
1,382
1,379
1,252
2,454
2,467
2,430
2,657
2,542
1,357
1,470
2,477
2,535
1,496
1,430
1,393
1,579
2,648
1,429
2,454
2,414
2,488
2,678
1,358
1,328
1,511
1,295
1,280
1,448
1,373
2,556
2,496
2,549
1,349
2,499
2,412
2,475
2,419
1,255
1,231
2,550
2,435
1,469
2,550
2,522
1,361
1,369
2,413
1,402
2,455
1,278
2,427
2,459
2,440
1,230
1,339
1,405
1,567
2,508
1,269
2,699
2,554
2,653
2,571
2,411
2,538
2,533
2,611
2,440
2,439
2,672
2,508
2,569
2,459
1,250
2,499
2,637
2,494
2,468
2,400
1,352
2,467
1,314
2,528
2,425
1,221
2,588
1,515
1,219
1,213
2,596
1,337
2,458
2,407
2,583
1,476
1,272
2,468
2,427
2,700
2,466
2,441
2,560
2,426
2,502
2,427
2,629
2,783
2,577
1,330
1,381
1,375
2,510
2,399
2,453
2,449
2,583
2,482
2,470
2,465
2,415
2,449
2,832
2,591
1,225
2,771
1,458
2,466
2,475
2,673
2,404
2,439
2,482
2,442
2,458
2,415
2,608
2,478
2,401
2,649
2,808
1,417
1,1142
2,614
2,421
2,450
2,429
2,513
2,538
2,487
2,615
2,521
2,477
2,448
1,209
2,739
2,841
1,380
2,511
2,520
2,403
2,595
2,457
2,494
2,644
2,426
2,467
2,428
2,465
1,444
2,627
1,392
2,559
2,513
2,506
2,509
2,682
2,384
2,409
2,454
2,434
2,470
2,461
2,423
1,418
2,682
1,396
1,411
2,420
2,404
2,549
1,243
2,421
2,485
2,431
2,536
2,451
1,245
2,424
2,662
2,690
2,649
2,690
1,361
1,270
2,482
2,446
2,488
2,535
2,453
2,519
2,531
1,415
2,607
2,727
2,554
2,623
2,647
1,353
2,411
2,512
2,411
2,420
2,674
2,469
1,424
1,334
1,351
2,465
2,666
2,616
2,936
2,666
2,492
1,212
1,225
1,378
2,382
2,603
1,223
2,407
2,420
2,629
2,470
2,655
2,484
2,710
2,583
1,593
2,559
2,431
1,474
2,440
1,369
2,660
1,450
1,351
1,226
1,235
2,581
2,605
2,681
2,611
1,351
1,985
1,241
1,378
1,514
1,430
1,373
1,351
1,387
1,214
1,351
2,707
2,721
2,813
2,638
2,525
1,381
1,435
1,290
2,507
1,389
1,263
2,503
1,418
2,471
1,392
2,1952
2,612
2,868
2,634
2,755
2,520
1,424
1,447
1,408
2,722
1,478
1,452
2,686
1,232
2,748
2,2166
2,645
2,724
2,763
2,617
2,697
2,614
1,506
1,415
1,434
1,388
1,1285
1,382
2,447
2,2301
2,671
2,489
2,737
2,777
2,718
1,340
1,506
2,633
2,530
2,684
2,735
2,697
2,670
2,450
2,850
2,734
1,488
2,1063
2,813
2,806
2,624
2,643
2,658
1,520
2,663
2,727
2,1307
2,759
2,756
2,761
2,681
1,345
2,782
2,654
2,676
2,618
2,5921
2,634
1,370
2,622
2,756
2,644
2,749
2,567
2,645
2,601
2,610
1,282
2,694
2,681
2,689
2,757
2,797
2,779
2,665
2,760
2,643
2,657
2,535
2,626
2,598
1,416
1,396
1,372
2,632
2,805
2,955
2,658
2,718
2,618
2,558
2,764
2,846
2,458
2,735
2,682
1,370
1,457
1,376
2,724
2,919
2,669
2,630
2,3745
2,696
2,636
2,655
2,686
2,423
2,631
1,617
2,428
1,407
1,344
2,642
2,731
2,5223
2,2831
2,716
2,664
2,674
2,605
2,605
2,435
2,4501
1,456
1,223
2,541
2,728
2,805
2,700
2,747
2,702
2,616
2,605
2,616
2,467
2,671
2,404
2,1014
2,528
2,426
1,370
1,331
2,498
2,670
2,627
2,718
2,612
2,576
2,655
2,664
2,565
1,294
2,673
2,410
2,493
2,456
2,503
2,447
2,789
2,688
2,658
2,744
2,707
2,663
2,964
2,651
1,232
2,906
1,212
2,489
2,603
2,422
2,620
2,457
2,823
2,712
2,652
2,791
2,753
1,347
2,702
1,334
2,637
2,412
2,640
2,536
2,462
1,485
2,595
2,589
2,559
2,601
2,798
2,593
1,294
2,589
1,606
2,699
1,198
2,434
2,482
2,769
1,339
1,453
2,473
1,499
2,521
1,536
2,659
2,477
1,402
1,426
1,420
2,617
2,411
2,570
2,829
2,517
1,372
1,488
1,417
2,432
1,375
2,634
1,386
1,382
2,563
1,380
2,581
2,427
2,730
2,441
1,393
1,289
1,348
1,381
1,320
1,358
1,501
1,345
1,354
2,753
2,489
2,504
2,424
2,511
2,401
2,474
2,566
1,349
2,727
1,754
2,546
1,388
2,681
2,520
2,553
1,240
2,432
2,787
2,481
2,600
1,224
2,477
1,378
1,334
1,355
2,578
2,627
2,435
2,458
2,616
2,640
2,695
1,223
2,568
2,450
2,613
1,219
2,505
2,513
1,343
2,392
1,338
1,213
1,218
2,573
2,640
2,495
1,433
2,504
2,559
2,606
1,218
1,254
2,674
2,503
1,265
1,290
2,452
2,506
2,820
2,505
2,487
1,297
2,424
2,577
2,630
2,414
2,701
2,474
1,235
2,537
2,797
2,596
2,510
2,1976
2,747
2,716
1,431
1,372
2,477
2,530
2,607
2,604
2,639
2,432
2,458
2,667
2,563
2,393
2,658
2,420
2,480
1,257
2,488
1,265
2,594
2,566
2,392
2,644
2,743
2,592
2,589
2,483
2,407
2,623
2,412
1,241
2,482
1,568
1,543
2,451
2,507
2,440
2,418
2,463
2,601
2,458
2,597
2,467
2,916
2,425
1,299
2,610
1,331
1,346
2,593
2,477
2,697
2,498
1,216
2,429
2,657
2,396
2,506
2,614
2,445
1,408
2,539
2,498
2,527
2,425
2,526
2,521
2,446
2,525
2,443
2,462
2,523
2,627
2,699
2,416
1,357
2,525
2,755
2,548
2,622
2,430
2,826
2,623
2,504
2,526
2,408
2,635
2,540
2,422
2,415
2,578
2,501
2,715
2,610
1,270
2,585
2,661
2,486
2,479
2,449
2,436
2,466
2,406
2,679
2,556
2,453
2,493
2,611
2,473
1,312
2,513
2,595
2,406
2,404
2,431
2,461
2,398
2,413
1,464
1,365
2,452
2,646
2,508
2,475
2,475
1,304
2,551
1,322
2,609
2,403
1,388
2,424
1,300
1,372
2,468
2,445
2,633
2,421
2,501
1,435
1,280
2,451
2,781
2,456
1,379
2,433
1,264
2,440
2,439
1,513
2,567
2,606
2,598
2,685
1,353
2,548
2,972
1,469
2,631
1,545
2,436
1,428
1,398
2,514
1,297
2,680
2,472
2,499
2,510
2,687
1,472
1,462
1,259
2,404
1,305
1,358
1,298
1,320
1,223
2,570
2,590
2,491
2,470
2,603
2,708
1,261
1,393
2,437
1,236
2,561
1,484
2,578
2,666
1,237
2,494
2,470
2,662
2,441
2,588
2,677
2,713
2,568
2,598
1,295
2,390
1,364
2,704
2,648
2,639
2,714
2,602
2,407
2,465
2,608
2,431
2,478
2,544
2,761
1,378
2,528
2,507
2,615
2,675
2,412
2,516
2,663
2,458
2,627
2,518
2,614
2,395
2,731
2,543
1,331
2,453
2,669
2,501
2,478
2,455
2,459
2,665
1,442
2,595
2,445
2,533
2,491
2,448
2,464
2,508
2,803
2,737
2,608
2,638
2,597
2,558
2,443
1,359
2,428
2,409
2,652
2,529
2,445
2,472
2,460
2,500
2,565
2,480
2,419
2,473
2,748
2,618
2,566
1,534
1,551
2,636
2,605
2,437
2,674
2,475
2,519
2,460
2,453
2,477
2,519
2,446
2,1001
2,536
1,382
1,476
2,684
2,402
2,470
2,659
2,390
2,588
2,416
2,585
2,411
2,540
2,394
1,404
2,388
2,562
2,541
2,535
2,700
2,925
2,637
2,467
2,602
2,438
2,451
2,590
2,419
2,427
1,353
2,723
2,483
2,468
2,420
2,527
2,469
2,435
2,514
2,716
2,425
2,618
2,703
2,431
2,499
2,650
2,644
2,408
2,437
2,430
2,728
2,655
2,591
2,471
2,477
2,676
2,467
2,576
2,611
2,583
2,571
2,498
2,405
2,479
2,555
2,547
2,636
2,604
2,421
2,420
2,521
2,499
2,512
1,245
2,445
2,437
2,418
2,415
2,633
2,654
2,707
2,629
2,604
2,453
2,449
2,509
2,446
2,425
1,266
2,493
2,847
2,601
2,450
2,642
1,1087
2,567
2,434
2,637
2,617
2,472
2,459
2,404
2,410
1,458
1,351
2,416
2,518
2,693
2,401
1,295
2,392
2,398
1,386
2,738
1,439
2,391
1,377
1,324
1,343
1,339
2,392
2,447
2,710
2,618
2,529
1,388
1,386
1,279
2,448
1,351
2,583
1,293
1,268
2,519
2,542
2,553
2,469
2,445
2,408
2,416
1,231
1,364
2,482
2,545
2,543
1,485
2,510
2,486
2,527
2,485
2,469
2,593
2,473
2,448
2,409
2,568
2,470
2,507
2,526
2,521
1,443
2,462
2,527
2,407
2,430
2,430
2,711
2,776
2,688
2,468
2,583
2,499
2,425
1,380
2,429
2,559
2,463
2,408
2,406
2,406
2,504
2,448
2,420
2,514
2,454
2,428
2,415
2,493
1,232
2,450
2,550
2,430
2,520
2,512
2,724
2,580
1,463
2,597
2,627
2,489
2,505
2,512
2,407
2,403
2,526
2,540
2,519
2,406
2,417
2,713
2,622
1,370
2,419
2,419
2,496
2,481
2,395
2,689
2,566
2,417
2,503
2,681
2,398
2,544
2,450
2,639
1,230
1,481
1,496
2,422
2,541
2,658
2,618
2,406
2,384
2,539
2,733
2,502
2,466
2,537
2,467
3,708
1,234
1,334
2,563
2,781
2,675
2,540
2,395
2,654
2,553
2,634
2,671
2,433
2,598
1,496
2,549
1,361
1,383
2,429
2,681
2,736
2,552
2,423
2,624
2,637
2,407
2,584
2,422
2,681
1,340
3,742
3,678
3,701
2,472
2,560
2,462
2,477
2,435
2,572
2,641
2,624
2,553
2,540
2,675
1,324
3,721
3,645
2,478
2,672
2,417
2,529
2,504
2,480
2,613
2,545
2,633
2,439
2,463
2,637
3,616
3,591
3,593
3,615
2,567
2,595
2,513
2,551
2,484
2,520
2,502
2,437
2,503
2,557
2,460
2,560
3,679
1,226
3,885
2,464
2,417
2,642
2,755
2,426
2,438
2,511
2,457
2,462
2,477
2,390
3,898
3,701
2,485
3,600
2,1055
2,481
2,621
2,505
2,482
2,413
2,449
2,441
2,683
1,448
1,431
3,1089
3,749
3,604
3,584
1,392
2,524
2,668
1,403
2,497
1,508
2,791
1,419
1,346
1,280
1,756
3,831
3,695
3,647
3,672
1,416
1,397
1,426
1,394
2,600
1,558
2,659
1,344
1,320
2,556
1,456
3,675
3,959
3,589
3,952
1,371
1,322
1,337
1,236
2,714
1,349
1,518
1,420
1,333
2,526
3,805
3,759
3,770
3,949
3,853
1,444
1,324
1,362
3,685
2,427
3,779
1,392
3,813
3,742
2,505
1,392
3,853
3,837
3,925
3,1069
3,754
3,910
3,781
3,711
1,609
3,1052
1,292
3,778
1,324
2,617
2,593
3,627
1,355
3,908
3,1038
3,794
1,220
3,793
3,938
1,345
3,1052
3,770
2,389
2,407
2,593
3,637
3,874
3,711
3,887
3,671
3,602
3,633
3,853
3,673
1,247
3,639
1,410
3,666
3,614
2,680
3,593
3,1119
3,624
3,1300
3,656
3,617
3,897
3,624
3,661
3,600
3,634
2,414
3,805
3,754
2,411
3,697
1,338
1,439
3,890
3,684
3,604
3,633
3,596
3,663
1,280
3,582
1,254
3,703
3,579
2,448
3,679
3,769
1,409
2,487
1,225
3,707
3,978
3,763
3,944
2,635
3,750
3,696
3,723
3,580
2,637
3,696
3,809
1,320
1,223
1,413
3,850
3,913
3,649
3,658
3,624
3,735
3,973
3,734
3,607
2,607
3,615
3,819
3,1020
1,452
1,453
3,870
3,602
3,797
3,709
3,703
3,1253
3,703
3,635
3,785
2,589
3,964
1,526
2,752
1,332
1,421
3,985
3,932
3,830
3,901
3,609
3,712
3,863
3,984
3,700
2,563
3,770
1,614
2,722
1,449
2,641
3,1074
3,986
3,716
3,905
3,646
3,980
3,719
3,766
3,647
2,478
3,665
1,415
2,414
2,925
1,439
3,837
3,1095
3,769
3,585
3,654
3,840
3,962
3,648
3,924
2,645
3,1067
3,947
2,645
1,421
2,774
3,682
3,969
3,818
3,639
3,597
3,726
3,1056
3,740
3,696
1,455
3,684
1,440
3,940
2,641
1,402
3,655
2,741
3,775
3,583
3,713
3,887
3,867
3,826
2,651
1,422
2,544
2,634
3,942
2,394
1,300
1,457
3,768
3,680
1,394
3,654
1,312
3,873
1,260
1,225
1,300
1,368
3,1044
2,599
1,2235
2,663
1,492
3,687
1,478
1,430
2,401
1,291
2,636
1,460
3,664
3,1114
1,510
2,659
3,740
3,942
3,829
1,436
1,405
1,441
1,364
3,655
1,321
3,640
1,475
1,389
1,283
1,398
2,497
3,652
3,923
3,931
3,942
1,367
1,387
3,1905
1,319
3,1020
1,286
3,952
1,388
2,481
1,445
2,638
3,651
3,775
3,917
2,735
2,621
2,654
1,4664
3,817
2,708
2,520
1,543
1,333
3,638
1,399
1,253
3,624
3,638
3,970
2,587
1,317
1,435
3,1118
3,648
1,469
1,429
1,438
1,355
3,679
3,1044
3,792
3,653
3,618
3,608
2,673
1,452
2,551
1,278
1,425
2,681
1,401
2,720
1,418
3,663
2,542
2,475
1,264
3,668
3,640
2,499
2,808
1,425
2,649
1,371
2,518
1,418
1,366
2,657
3,947
3,683
3,709
3,738
3,588
3,709
1,287
3,1065
1,482
2,590
1,389
2,667
3,1022
1,307
2,504
3,724
1,205
3,653
1,249
3,892
1,308
3,866
2,553
2,718
3,967
3,667
3,814
1,404
3,912
2,838
3,628
3,1013
3,705
1,245
3,735
3,685
3,765
2,734
3,1024
3,899
2,555
3,726
3,1131
3,714
3,985
3,595
3,1270
3,648
1,330
2,459
2,763
3,645
3,1030
3,927
3,830
3,978
3,1359
2,751
3,663
2,698
3,754
3,1125
2,454
1,237
3,690
3,896
3,613
1,347
3,686
3,666
3,740
3,739
2,1786
3,589
3,607
3,698
3,765
1,223
1,470
1,273
2,560
3,876
3,895
3,838
3,685
1,277
3,912
3,728
3,604
3,1071
3,797
3,846
1,225
1,375
1,259
1,269
3,766
1,324
3,698
3,663
2,664
3,827
1,360
3,627
3,901
3,715
3,739
1,236
1,484
1,450
1,467
3,634
3,979
3,773
2,387
3,887
3,646
2,768
3,614
3,709
2,554
3,833
2,447
3,772
1,351
1,525
1,450
3,759
3,683
3,697
3,916
1,401
3,883
3,687
3,711
1,234
3,775
1,212
1,343
1,350
1,342
1,407
3,614
2,475
3,760
3,592
2,719
3,1055
3,756
3,765
1,458
2,632
1,221
3,732
3,681
3,710
3,748
2,517
3,656
2,490
3,694
1,482
3,818
2,686
3,765
1,1350
3,903
1,432
3,776
1,352
3,815
1,362
3,614
1,352
1,248
3,574
3,2135
3,993
1,282
2,877
1,373
1,276
1,347
3,647
1,304
2,391
1,343
1,279
3,752
1,286
3,929
1,225
2,498
2,601
1,255
3,1452
2,714
1,357
3,637
3,605
3,646
2,425
1,267
2,494
1,487
3,884
1,329
3,617
2,769
1,446
1,305
1,483
3,756
3,657
3,947
3,772
1,438
3,609
1,249
1,277
1,453
1,465
3,911
1,482
3,788
3,826
1,338
1,248
3,585
3,634
3,884
1,316
1,282
1,516
1,252
3,634
1,325
1,296
1,377
1,352
1,332
1,639
3,1203
3,925
3,1024
3,920
1,413
2,477
1,364
1,315
1,294
1,269
2,527
1,415
1,490
2,606
1,380
3,995
3,687
3,867
3,890
3,785
1,537
1,318
3,624
2,449
3,753
1,237
3,676
1,443
2,668
1,354
3,723
3,654
3,1026
3,1062
1,305
1,322
3,733
1,330
1,515
1,423
1,238
1,403
1,348
3,914
3,632
3,919
3,578
3,613
3,588
3,1086
1,263
1,302
3,605
1,390
3,1105
1,475
1,278
3,777
3,952
3,901
3,745
3,649
3,634
3,607
3,2019
3,747
1,472
3,720
1,334
3,1141
1,350
1,393
3,884
3,945
3,743
3,830
3,697
3,622
3,916
3,1066
1,369
3,709
3,875
3,712
3,843
1,329
1,332
3,751
3,681
3,866
3,1080
2,412
3,658
3,640
3,809
3,792
3,652
3,683
1,346
3,777
1,532
3,974
3,883
3,660
3,744
3,1135
1,346
2,427
3,882
3,1081
3,903
3,822
3,736
1,265
3,750
2,657
3,673
3,942
3,770
3,630
3,1120
1,318
2,488
1,224
3,598
3,833
3,811
3,820
2,626
3,895
3,679
3,770
3,1234
3,607
3,697
2,468
1,305
3,576
1,444
3,822
3,917
3,1046
3,856
3,1033
3,658
3,941
3,1000
3,990
3,600
3,651
3,615
3,610
1,595
1,268
3,807
3,1159
3,672
3,865
3,1087
3,1005
3,950
3,729
3,860
2,651
3,608
3,903
1,343
1,364
1,281
3,968
3,666
3,611
3,607
3,1156
3,641
3,783
3,662
3,678
2,661
3,593
3,607
3,1041
1,552
3,1032
3,631
3,655
3,620
3,595
3,2041
3,674
3,815
3,628
3,599
1,289
3,575
1,666
3,938
3,998
3,1063
3,615
3,968
3,784
2,419
3,1017
3,654
3,869
3,666
3,616
1,320
2,387
1,324
3,834
3,776
3,879
3,633
3,818
3,895
3,658
3,876
2,459
3,586
2,404
3,581
1,397
3,750
1,229
3,846
3,634
3,724
2,455
3,696
3,623
2,445
3,991
3,589
3,613
3,685
3,573
1,403
2,699
3,738
3,628
3,1073
3,754
1,345
2,535
2,385
1,549
3,719
1,654
3,808
2,390
3,766
1,396
1,319
3,687
3,641
3,704
3,780
1,279
3,740
2,635
1,284
3,645
1,421
3,848
2,424
1,547
3,656
1,791
1,419
3,717
3,743
3,908
1,255
3,632
1,475
1,251
3,639
1,305
3,787
2,468
1,436
1,367
1,311
3,802
3,579
3,780
3,908
3,874
1,357
1,484
3,642
2,439
3,756
3,1107
1,520
1,325
3,662
3,705
3,691
3,705
3,675
3,644
1,292
1,313
1,265
3,748
2,688
3,833
3,581
1,454
3,769
3,609
1,283
3,716
3,845
3,953
3,792
3,837
1,350
3,844
3,603
1,228
3,917
1,541
1,600
3,775
3,684
3,898
3,900
3,897
3,1187
3,654
3,699
3,700
3,687
3,1276
1,470
3,872
1,379
3,771
3,634
3,934
3,621
3,801
2,514
3,975
3,968
3,902
3,645
3,782
3,877
1,352
3,730
3,945
3,862
3,651
3,902
3,838
3,645
3,807
3,736
3,647
3,978
3,622
3,806
3,784
1,273
3,693
1,269
1,246
3,882
3,1149
3,644
3,886
1,454
3,621
1,472
3,1059
3,892
3,1201
3,850
3,782
3,1188
1,353
3,799
3,825
3,689
3,1035
3,967
1,313
3,770
1,367
3,772
3,619
3,884
3,709
3,682
3,1203
3,1025
3,617
3,1024
3,625
3,686
3,946
1,380
1,487
1,400
3,697
3,1143
3,940
3,770
3,948
3,856
3,968
3,1456
3,1033
2,435
3,804
3,699
3,1096
1,369
3,980
3,905
3,684
3,759
3,719
3,665
3,637
3,612
3,648
3,668
3,876
3,970
2,569
3,878
1,1743
3,954
3,603
3,641
3,974
3,781
3,854
3,736
3,614
3,941
3,732
3,744
3,1089
1,480
3,863
3,928
1,391
3,643
3,884
3,745
3,719
3,1079
3,1001
3,585
3,801
3,749
3,600
3,982
3,1036
3,1022
3,1018
2,518
3,609
3,949
3,1005
3,1053
3,751
3,951
3,823
3,905
3,1161
3,739
3,691
1,379
3,1000
2,538
3,728
3,600
3,590
3,662
3,830
3,738
3,719
3,1393
3,748
3,864
1,495
2,466
1,386
3,948
3,651
3,873
2,421
3,748
3,707
1,414
3,872
1,401
3,602
3,919
3,737
1,287
3,741
3,807
3,1004
3,740
3,837
1,428
3,762
1,415
1,357
3,850
1,379
3,547
3,604
1,370
1,354
1,489
3,816
3,898
2,434
3,849
1,329
3,750
3,13613
1,300
3,1258
1,350
3,910
2,827
1,354
3,751
1,312
3,1110
3,891
3,782
3,896
1,416
1,492
1,227
2,485
3,1069
1,416
3,775
3,1005
1,335
3,683
1,596
2,780
3,1117
3,654
3,1089
3,804
1,461
1,275
3,1057
3,905
2,816
2,511
1,465
3,771
1,296
2,713
3,815
3,1343
3,914
3,893
2,832
1,336
3,1088
3,1206
3,1133
2,638
1,398
1,406
1,487
3,613
3,897
3,836
3,941
3,778
3,989
3,997
3,728
2,651
1,244
1,655
3,1034
1,410
1,397
3,1088
1,248
3,848
3,1005
3,938
3,988
3,741
3,1072
3,1021
1,388
3,1065
1,670
3,1057
3,888
3,741
2,628
3,1070
3,652
3,852
3,902
3,922
3,926
3,956
3,1032
3,1180
3,735
1,376
3,1132
1,432
2,733
3,688
3,861
3,988
3,1028
1,413
3,976
3,654
3,1039
3,706
3,641
3,945
3,717
3,1062
3,606
3,871
3,1059
3,592
3,905
3,1166
1,533
3,610
2,480
3,1024
2,633
3,778
3,2251
1,495
3,904
1,437
3,811
3,943
3,697
3,1053
3,1292
1,408
1,282
1,240
3,1022
3,812
3,611
3,722
3,926
3,974
3,1094
3,697
3,1071
3,1087
3,922
3,1361
3,828
1,348
1,410
3,873
3,779
3,854
3,1062
3,880
3,915
3,1180
3,628
3,1064
3,647
3,987
3,691
1,470
1,450
1,411
3,745
3,1006
3,1001
3,1143
3,771
3,1824
3,977
3,683
3,778
3,960
3,929
3,739
3,880
1,278
1,309
3,954
3,832
3,1028
3,3262
3,800
3,1019
3,886
3,819
3,1145
3,990
3,872
1,241
3,1060
1,341
3,723
3,898
3,971
3,826
3,990
3,785
3,6988
3,1096
3,980
3,1099
2,803
3,841
1,507
3,764
3,854
1,244
3,773
3,929
3,1017
3,928
3,857
3,6337
3,1001
3,1126
3,968
2,490
3,1149
1,369
3,692
3,1049
3,842
1,340
3,614
3,2412
3,970
3,1124
3,12761
3,1035
3,893
3,1088
1,403
1,335
2,1862
3,797
3,902
3,871
3,627
3,803
3,1073
1,414
3,1099
1,442
3,1538
3,913
2,625
1,411
3,865
1,325
3,818
3,1001
3,714
1,1342
3,946
1,380
1,332
3,1047
1,342
3,882
3,1000
1,453
1,358
1,415
1,397
3,824
3,805
3,673
1,287
1,310
2,773
1,336
3,949
1,318
3,910
1,535
1,521
3,917
1,291
3,847
3,951
3,1000
3,971
1,251
1,452
1,486
3,657
3,935
1,448
3,952
3,1006
1,364
3,767
1,353
3,862
3,1074
3,897
3,636
3,699
1,430
1,510
1,372
3,717
3,680
3,871
1,434
1,238
3,1056
3,988
3,898
3,1016
3,625
3,616
1,460
1,346
1,312
3,602
2,468
1,367
2,482
1,451
3,818
1,267
3,593
3,969
3,825
3,843
3,1096
3,625
3,766
3,1111
3,647
1,478
3,895
1,318
1,367
1,469
3,941
3,602
3,909
2,606
3,985
3,734
3,726
3,1044
1,443
3,671
1,489
3,583
1,311
3,890
3,661
3,705
3,636
3,701
3,670
3,1059
3,905
3,706
3,906
3,709
3,788
1,338
3,694
1,340
3,828
3,730
3,724
3,903
3,653
1,384
3,844
2,498
3,973
3,869
3,611
3,944
1,517
3,938
3,734
3,809
3,913
3,816
3,764
3,949
1,367
3,742
3,610
3,849
3,624
3,891
3,658
2,544
3,951
3,829
3,594
3,767
3,1101
3,869
3,1091
1,376
3,586
3,747
3,639
3,616
3,577
3,562
2,455
3,903
3,1005
3,919
3,899
3,893
3,621
3,877
1,318
1,371
1,386
3,754
3,619
3,960
3,786
3,696
3,681
3,691
3,774
3,646
3,790
3,1012
3,700
4,928
1,345
1,388
3,884
3,670
3,597
3,1031
3,805
3,614
3,805
3,620
3,753
3,1130
3,904
3,667
1,276
1,526
1,436
3,886
3,812
3,753
2,599
3,689
3,914
3,925
3,594
3,1062
3,765
3,653
3,791
1,386
1,390
1,320
2,606
3,620
3,590
3,709
3,936
3,652
3,622
3,1022
3,1079
3,840
3,626
1,491
1,269
4,936
4,911
3,796
3,927
3,729
3,762
3,653
3,842
3,960
3,756
3,1131
2,805
3,602
1,460
1,357
1,393
1,235
3,1083
3,950
3,659
3,774
3,736
2,371
3,1178
3,1148
2,516
3,683
3,1304
1,342
3,679
1,278
1,296
3,631
3,924
2,443
1,439
3,623
3,626
3,813
3,1088
3,734
1,372
1,406
1,573
4,859
2,474
3,590
1,426
3,830
3,1110
1,347
3,964
1,467
3,846
3,693
3,1109
1,312
1,512
3,912
4,1433
4,896
4,845
1,388
1,414
3,716
1,266
3,653
1,382
3,829
3,835
1,397
1,372
1,411
1,313
4,1295
4,810
4,797
1,418
1,466
1,424
1,269
3,642
1,333
3,917
1,486
1,350
3,758
1,317
2,408
4,855
4,918
4,833
1,396
1,433
1,345
4,1389
3,638
1,361
3,812
1,397
1,283
3,713
4,1008
1,328
3,826
4,820
4,841
1,329
1,433
1,351
3,811
1,275
4,995
1,484
1,395
1,355
3,667
1,210
4,868
4,1438
4,873
4,1142
1,308
1,478
1,331
1,230
3,926
1,349
1,385
1,379
1,297
3,902
4,756
4,871
4,1108
4,820
4,876
3,895
3,764
4,945
4,844
1,456
3,835
1,382
4,1216
4,1263
3,1084
4,745
4,813
4,1119
4,829
4,1268
3,767
1,384
1,254
3,584
1,449
4,831
1,352
3,787
1,277
3,787
4,1061
4,883
3,1088
4,913
4,1019
2,446
4,972
3,633
4,1259
1,394
1,264
4,944
4,811
1,212
3,945
4,1243
4,994
3,855
3,926
4,1154
3,573
4,1242
3,770
4,912
3,898
4,871
1,357
4,1231
3,631
3,930
4,905
4,1218
4,1167
3,870
3,823
4,784
4,878
4,892
4,1070
1,265
4,945
1,246
4,1246
1,224
3,627
4,876
4,920
1,480
2,481
3,723
4,1350
4,1267
4,829
4,931
2,621
4,904
1,454
4,1579
4,790
3,791
4,779
4,847
3,741
4,1334
4,891
4,752
4,852
4,868
4,903
1,642
4,1064
4,840
4,1250
4,822
3,606
4,1237
4,870
1,744
4,889
1,248
4,850
4,863
4,1094
4,1205
1,323
4,933
4,829
4,815
4,859
3,735
4,1206
4,744
1,393
1,523
1,514
4,1052
4,835
4,972
4,867
1,347
4,1006
4,935
4,883
4,912
3,707
4,1011
4,852
1,392
1,429
1,458
4,1403
4,1209
4,1300
4,895
3,625
4,1010
4,830
4,1022
4,931
3,818
4,862
2,628
1,835
1,244
1,313
3,1121
4,1169
4,907
4,1086
4,837
3,654
4,795
4,1123
4,1110
1,440
4,964
3,877
4,963
1,347
1,362
4,1288
4,1030
4,778
1,288
4,874
4,1077
4,841
4,1220
4,776
1,384
3,942
1,463
3,840
2,547
2,730
4,897
4,950
4,825
3,656
4,934
4,1340
4,1270
4,1105
3,699
1,318
1,431
1,415
1,437
2,535
2,716
1,451
3,1100
4,1211
1,241
4,847
1,226
4,1294
1,351
4,946
1,524
1,337
1,557
2,588
1,251
2,492
4,1225
4,983
3,947
1,443
4,1330
3,697
4,1068
4,1104
3,1016
4,891
1,356
1,301
2,741
4,1279
1,263
2,422
1,442
1,375
1,406
2,562
1,6779
4,1055
1,371
3,870
4,951
1,340
4,853
4,3758
4,1233
3,1161
1,235
1,2295
1,244
1,338
3,643
1,387
3,906
1,368
1,218
4,848
1,339
3,1182
3,1043
4,1174
2,6380
1,440
1,386
1,427
1,259
4,864
1,759
3,1001
1,358
3,836
4,1209
2,6306
2,789
4,1286
2,624
2,704
1,385
3,817
1,387
4,898
4,1263
1,321
3,1126
3,1072
1,374
4,1065
2,725
2,717
4,1289
4,1311
2,2228
1,411
1,519
1,388
3,840
4,1131
4,1098
1,500
1,412
1,368
4,1029
2,4451
2,752
4,1420
4,1216
4,1441
1,1820
2,582
1,370
2,7375
3,1300
2,968
1,349
1,336
1,390
4,925
3,919
3,831
4,1212
3,916
4,1426
1,334
3,778
2,732
3,969
4,1041
3,997
1,478
1,363
2,779
4,839
4,1228
4,5235
4,1190
4,1106
4,1395
2,577
2,724
4,1217
2,617
1,385
2,662
1,409
1,272
1,308
4,913
4,1385
1,5881
1,360
4,1203
4,1120
3,1023
2,616
2,656
4,1241
1,465
2,1189
4,924
2,1001
1,346
4,1081
4,2247
4,1264
4,1440
4,1983
2,646
2,927
1,379
3,1083
4,7374
1,343
2,2735
1,422
3,904
2,606
4,1096
4,1483
4,1234
4,1258
4,1285
3,970
3,1104
2,619
4,1324
4,1150
1,328
3,1104
3,802
4,1485
3,626
4,1351
4,1272
4,1569
3,909
3,885
4,17022
2,839
2,711
4,1410
4,1237
1,353
4,2688
2,673
4,1212
4,1445
4,1206
4,1199
4,1772
2,553
4,19245
2,489
4,1353
4,1191
4,1257
4,1236
4,884
4,1241
1,1232
4,1507
2,5572
4,984
4,1402
4,1446
2,817
2,802
4,1525
4,925
4,1962
4,1580
4,1194
4,1296
1,377
3,1595
4,3639
2,626
1,457
4,1185
1,293
1,336
1,325
4,2505
4,1298
4,1189
4,5246
4,1260
3,836
2,626
2,645
4,7005
4,921
1,327
3,1252
2,574
1,327
1,433
1,407
4,1233
4,1208
4,1450
4,1159
2,501
2,556
4,1285
4,1285
4,1209
1,364
4,1313
2,587
1,290
1,256
2,842
4,1244
4,1678
4,7803
4,1282
2,603
4,1209
2,602
4,9250
4,738
1,1168
2,656
4,1511
1,342
1,310
2,824
4,1325
2,923
4,13304
1,304
2,734
2,577
4,1204
4,1456
4,1161
3,1221
2,794
1,581
1,337
1,363
1,421
4,1334
1,390
1,5927
1,411
4,1270
4,1158
4,1377
3,2572
4,1368
1,258
2,669
2,744
4,865
4,1523
1,258
2,629
4,1250
4,5516
2,696
4,1220
1,310
4,1245
4,12547
4,1150
4,1282
1,454
3,1213
2,618
2,522
1,374
4,1317
4,1291
2,3148
2,12968
4,1181
4,1119
3,867
3,1656
3,853
2,577
1,407
1,436
4,1230
2,465
1,390
4,1384
2,570
4,23756
1,418
4,1566
2,618
1,441
2,679
2,618
1,395
1,324
1,324
4,966
4,917
4,1496
1,358
2,583
2,2649
1,279
4,1128
4,12348
1,302
1,451
4,1306
2,622
1,333
1,313
4,1193
4,1349
4,1000
2,614
2,539
1,366
1,239
4,1196
4,65907
2,591
1,428
1,422
2,827
1,306
1,323
4,1128
4,1091
4,1292
2,777
2,539
1,339
1,219
4,1210
1,458
3,888
1,327
4,1621
3,975
2,505
4,1248
4,1211
4,1173
4,1565
1,460
1,339
1,424
2,666
1,1948
1,300
4,1213
1,239
2,678
4,1473
4,981
2,495
4,791
4,1001
4,955
1,471
1,312
1,339
4,800
4,1245
1,323
2,708
1,219
1,483
4,1297
4,947
4,871
4,890
4,1245
4,795
1,267
1,324
4,878
2,498
2,556
1,232
2,774
4,1256
1,337
4,1234
4,1174
4,775
4,1123
4,961
4,1057
1,350
1,268
2,601
4,1291
2,570
4,894
4,7993
2,510
1,262
4,1232
4,792
4,1358
4,965
4,915
4,905
4,903
4,879
4,776
4,1502
2,630
3,719
2,753
2,456
1,288
4,8406
4,846
4,899
4,1317
4,1430
4,890
2,526
2,450
4,1461
4,1223
1,451
4,1167
1,312
4,867
4,836
3,936
4,818
4,909
4,1263
4,1265
4,885
4,1489
4,890
4,2266
4,1398
1,395
4,954
1,292
4,977
2,510
2,556
4,979
4,908
4,880
2,497
4,858
4,1689
4,1235
4,980
4,1298
1,291
4,795
1,275
4,1266
4,896
1,303
4,787
4,868
2,673
4,1285
4,1557
4,1434
4,1281
4,1322
4,1167
1,334
4,793
1,252
4,759
4,757
4,11303
4,999
4,812
1,437
2,468
4,951
4,1410
4,824
4,901
4,1172
4,888
4,1021
2,499
4,1199
4,1014
3,916
4,871
4,950
1,460
1,486
4,1080
4,934
4,1208
4,1346
4,1302
2,500
4,864
4,803
4,1254
4,1422
2,574
4,1328
4,1258
2,584
1,262
1,601
4,945
4,744
4,1202
4,874
2,445
4,808
4,1219
4,1148
4,1446
2,634
4,1116
2,772
1,326
1,266
1,551
4,1048
4,1236
4,1442
4,1001
4,1011
4,887
4,1302
4,933
4,883
1,532
2,497
4,1461
1,419
1,309
1,483
4,1160
4,885
4,1326
2,503
4,1262
4,941
4,1193
2,663
4,1148
1,379
4,899
4,1082
2,821
4,1068
1,628
4,976
4,913
2,799
4,1234
4,1139
4,1127
4,1125
4,1053
4,876
1,320
1,428
1,486
3,931
1,392
4,993
4,931
2,543
4,1089
2,589
4,1194
4,1778
4,971
4,1128
4,1329
1,423
1,423
1,279
1,234
3,873
4,1543
4,1169
4,1136
4,914
1,417
4,1077
4,974
4,1198
2,484
4,1034
1,424
1,402
1,248
4,1073
1,320
4,1576
4,1325
4,1175
1,4153
1,459
4,923
1,337
4,874
4,800
4,1212
4,914
1,357
1,279
4,1246
4,1362
4,1320
2,938
4,1081
1,414
1,331
4,932
1,349
4,926
1,458
2,636
2,428
3,816
4,900
4,1199
4,1201
4,1113
1,380
1,469
1,256
1,255
4,1162
1,381
4,1355
1,330
4,1133
4,848
2,496
3,891
4,1224
4,851
4,1293
1,292
1,367
1,300
3,911
4,1193
1,409
4,1047
1,403
1,391
4,754
4,1231
1,364
4,1252
4,1379
4,1374
1,329
1,389
4,1042
1,279
4,1289
1,402
4,1271
1,365
1,469
4,893
4,1049
4,1290
4,1329
4,848
4,844
1,297
1,374
1,558
4,1352
4,957
4,1373
4,968
4,1160
1,490
4,1110
4,977
4,1077
4,1212
4,1417
4,972
4,1360
4,3702
3,1202
1,317
2,775
1,460
1,496
3,793
1,372
4,1241
4,1251
4,958
4,1211
4,1165
4,791
1,399
3,1048
2,788
4,1348
2,522
3,1307
3,1047
2,488
4,1161
4,1299
4,1328
4,1061
4,1148
3,886
4,987
3,883
1,525
4,883
4,3029
1,428
4,1095
1,409
1,294
3,1549
4,936
4,772
4,1229
4,1333
4,1328
4,1397
4,1294
4,1161
4,1167
4,1087
1,356
4,1317
1,338
2,583
4,1473
4,1237
4,1301
4,1194
4,1441
1,298
4,1010
4,1869
4,1146
4,1064
4,895
1,333
4,1331
1,351
3,908
4,1465
2,442
4,1148
4,1078
1,261
4,1491
4,864
4,1302
4,1485
4,912
4,1511
1,372
4,1528
1,424
4,1137
4,1190
4,1150
4,1227
4,908
3,787
3,929
1,349
4,1449
4,1333
4,1025
4,1342
4,1011
4,804
4,1053
4,1433
4,1332
4,867
1,348
4,927
1,513
4,820
1,330
4,1153
4,1382
4,1210
4,938
1,393
4,953
2,434
4,1291
4,1341
4,1336
4,1327
1,372
1,421
1,647
1,281
4,1206
4,1180
4,1183
4,1056
1,338
4,934
4,862
4,1096
4,1263
4,999
4,1348
4,1106
1,1451
1,310
1,348
4,1615
4,1154
4,1468
4,1108
3,701
4,957
4,1268
4,1017
4,1362
1,609
4,1304
3,1070
4,1174
1,424
4,882
4,1420
4,928
3,879
1,275
4,891
4,913
4,1111
4,1069
4,1346
1,386
2,575
4,803
1,485
1,318
2,615
4,889
4,1165
1,533
3,1184
4,1431
3,906
4,969
1,286
4,1295
1,515
1,484
1,402
2,607
4,1604
4,1237
4,964
1,425
4,1387
4,1399
4,1220
4,1232
4,1388
4,1373
4,1002
1,295
1,422
1,358
3,1448
1,403
4,1225
4,1395
3,1233
4,834
3,850
4,1216
4,966
4,998
2,759
1,359
4,1086
1,347
1,328
4,1117
3,578
4,1038
3,1032
4,1169
2,505
1,469
4,902
1,266
4,1183
4,929
4,1265
3,1115
1,386
1,674
4,1244
4,1243
4,1101
1,350
4,994
1,415
2,692
4,1273
1,385
4,1218
3,609
4,1333
4,883
2,855
4,1320
4,1280
4,813
4,1289
1,452
1,403
1,515
1,355
4,1402
1,319
4,1390
2,475
1,399
4,902
4,1059
4,1326
4,879
1,472
2,742
1,495
1,328
1,382
1,343
4,1821
1,394
4,1075
1,260
1,368
4,1105
1,389
3,701
4,1221
4,833
4,1217
1,312
1,356
1,405
1,366
4,1197
1,413
4,1346
1,467
1,468
4,1024
4,922
4,1379
4,1290
4,1008
4,1208
1,327
1,411
4,1332
1,625
3,1162
2,715
2,618
1,409
1,275
4,1045
4,1223
4,1068
4,1008
2,688
2,755
4,1013
4,1068
2,763
3,875
3,922
4,806
1,496
1,425
4,994
4,911
4,1053
4,1270
2,581
4,1275
4,1275
2,423
4,955
3,708
4,1264
1,296
4,1000
1,410
1,475
2,566
4,947
4,1825
4,1181
4,1444
4,1251
4,1104
3,1099
3,667
4,842
2,440
4,5125
4,900
1,372
4,1015
4,1071
1,445
4,840
4,1295
4,1389
4,1516
4,1321
4,1245
4,1264
4,983
4,988
1,318
2,734
1,381
4,1318
4,1215
4,1339
4,1188
4,1256
4,2397
4,1005
4,1229
4,1593
4,1172
4,741
4,1654
1,383
4,1276
4,1441
4,1575
4,1249
4,1134
4,913
4,1478
1,287
3,1051
2,573
4,1702
4,1303
4,1299
4,1582
1,382
4,1195
4,1159
4,982
4,1222
4,1414
2,793
4,1097
4,1734
4,1157
1,411
4,1403
2,684
4,834
4,1249
1,429
4,1160
4,1216
1,318
4,1294
4,1231
4,981
4,1223
1,496
1,301
1,465
4,1231
4,1260
4,953
4,1810
4,911
4,1283
4,1347
4,958
4,1186
4,1148
4,1058
1,374
1,536
2,566
1,423
4,1324
4,1201
4,927
4,1129
4,1422
4,1044
4,923
4,1490
4,1374
1,528
4,1259
4,884
1,516
3,753
1,431
4,1402
4,3051
2,848
3,671
4,1438
4,993
4,1115
4,1315
2,719
1,430
3,1120
4,1366
1,651
1,651
4,1097
2,541
4,799
4,1327
4,1009
4,1555
2,842
4,1496
4,944
4,2222
1,377
4,1296
1,462
3,3892
1,387
1,484
4,959
4,1231
4,1610
4,1114
2,673
4,1391
4,1268
4,1288
4,1101
1,364
1,385
1,289
1,330
1,1286
2,671
4,1169
4,846
1,309
4,1258
4,1271
4,1333
4,902
4,1319
4,1037
4,1392
1,355
1,1575
4,1544
1,420
4,1220
4,1384
1,435
4,1211
1,418
4,1038
4,1143
4,1255
4,1277
4,948
4,1078
1,5814
1,596
1,539
4,1399
4,1164
1,392
4,1000
4,1210
4,1371
4,1201
2,632
4,1040
4,1273
2,794
1,327
1,375
4,899
4,1250
4,1380
4,1130
4,1339
2,463
1,505
1,485
4,1278
1,485
4,4540
3,752
2,825
2,502
2,572
3,2595
2,576
2,766
4,1319
4,1645
1,370
1,489
1,443
4,1328
1,339
4,874
4,1437
1,471
2,618
1,405
4,1073
4,830
2,678
4,1415
1,308
1,387
1,538
4,1633
4,812
1,389
4,1323
1,846
1,396
4,1191
2,528
4,3274
3,803
3,877
4,1096
1,507
1,384
1,499
1,485
4,965
1,558
1,553
1,367
1,522
4,919
3,923
4,818
4,1271
4,1011
4,1113
1,264
1,489
4,1090
1,404
4,889
1,346
1,534
1,392
1,377
4,933
4,1152
4,1352
4,1444
4,1266
4,878
1,349
4,935
1,427
2,777
4,973
4,1440
1,640
1,397
4,998
4,1255
4,1252
4,1378
4,1277
2,515
4,885
1,437
4,1203
4,1371
4,1358
2,713
4,1447
1,488
4,1324
1,534
4,793
2,442
4,1166
4,932
4,988
3,626
2,701
3,904
4,1575
3,1027
1,513
2,600
3,1079
2,626
2,562
4,1119
4,967
4,1092
4,856
3,660
4,1359
4,1860
4,1277
2,604
4,1302
1,445
4,1265
3,845
3,820
3,1101
4,1359
3,645
3,858
3,598
4,1243
2,489
4,1249
2,650
3,904
2,670
1,490
3,950
2,564
4,1207
4,1185
4,1179
4,916
4,857
4,1037
4,807
4,1139
3,929
4,1330
3,915
4,1189
1,375
4,1268
1,449
3,1047
4,846
2,747
4,898
4,1045
4,1015
4,1328
1,537
4,1331
4,1062
4,1269
4,1558
4,966
4,920
4,1416
4,1141
4,1757
3,810
2,438
4,1032
2,663
4,1228
1,267
4,1258
4,980
4,1390
4,1228
4,876
4,1028
4,905
4,791
4,2001
2,437
4,1048
1,308
1,313
2,624
1,333
4,1257
4,2961
4,967
4,1204
2,732
4,773
3,792
3,786
4,887
4,862
4,778
4,1094
1,424
2,551
1,335
4,1209
4,964
4,1286
4,805
4,1045
4,826
4,1292
3,961
4,1173
1,1294
3,632
1,314
1,384
1,231
4,1005
4,873
4,1182
3,728
2,736
4,1452
3,655
4,1241
4,956
4,815
2,1032
2,449
1,322
1,380
2,554
2,479
4,820
4,903
4,860
4,1239
3,1108
4,811
3,846
4,1191
3,680
1,382
4,800
1,251
1,302
1,234
4,835
3,924
4,1499
4,1051
4,920
4,1226
4,1162
4,870
4,975
4,869
1,421
1,309
1,239
4,1165
1,374
4,1183
4,934
4,843
2,463
4,1212
4,1192
4,1182
4,1212
4,851
4,1026
1,304
2,555
1,216
4,986
1,348
4,1479
4,1240
1,354
1,269
1,301
4,1355
2,610
4,1045
2,400
4,851
2,632
1,334
4,1077
4,955
1,379
4,1630
2,504
2,518
4,910
2,694
4,1234
1,410
4,975
4,820
2,439
3,993
1,399
2,647
4,1113
1,323
4,1308
1,453
1,418
1,337
1,371
4,904
1,599
1,480
1,211
1,240
4,1351
1,250
4,1019
4,1210
4,1375
4,1185
1,330
1,285
1,434
1,269
4,1288
1,296
2,671
1,263
1,498
4,1246
1,356
4,1579
4,1055
4,1078
4,1184
1,388
1,347
1,360
1,290
4,1109
1,322
4,1006
1,293
1,382
3,679
1,369
4,1542
4,1225
4,1250
4,914
1,226
1,240
1,281
1,263
4,1506
1,926
1,243
1,259
1,485
2,421
2,735
4,1209
4,1242
4,1140
4,1222
1,227
4,948
1,295
4,1100
2,634
2,550
1,402
1,411
2,847
4,968
4,1342
4,1282
4,1183
4,1189
4,1353
4,1071
4,1355
4,863
4,1347
1,271
4,1058
1,481
1,347
1,349
4,1276
4,933
4,1049
4,1374
4,1096
4,1169
2,772
4,1427
4,1293
4,1282
1,489
4,1006
1,257
1,341
2,771
4,920
4,1380
4,1020
4,1109
4,1228
2,556
4,956
4,1203
4,885
4,1351
1,286
4,1152
1,365
1,351
4,1038
4,1227
4,1177
4,957
4,1030
4,1348
4,1515
4,1302
4,1241
4,1122
4,1190
1,355
4,1202
1,358
4,1080
4,1002
4,1155
4,1060
4,1428
4,4161
4,1236
1,484
4,1107
4,1273
4,907
4,1264
1,260
4,1598
4,973
2,743
4,1154
3,786
4,1117
4,1027
4,1034
4,1062
1,551
4,1287
4,1255
4,1063
4,1298
4,1132
4,1509
2,661
4,1407
4,1366
4,1485
4,1107
4,766
1,352
4,1165
1,448
4,1092
4,1382
4,1225
4,3246
3,750
4,979
4,1109
4,885
4,1244
1,381
4,975
2,687
1,349
4,1022
1,255
4,1270
4,1397
4,1364
4,1269
2,618
4,2644
4,1186
4,1054
4,1337
1,296
4,883
4,1096
1,388
4,1131
1,351
4,2660
4,885
4,908
4,1381
4,1144
4,1505
4,1306
4,1076
4,1343
4,921
4,1154
1,443
1,405
4,820
1,303
4,1106
4,941
4,1434
4,1481
4,962
4,1225
4,1363
4,1364
4,974
2,417
4,1130
1,287
1,257
1,493
4,987
4,1093
4,796
4,1286
4,1548
4,1279
4,1256
4,978
4,1286
4,1061
1,398
2,420
1,236
5,1032
1,343
2,693
4,916
4,1511
4,929
4,1070
4,1269
2,598
4,973
4,1389
4,1099
1,483
4,1064
1,270
1,304
1,289
5,1000
4,1171
4,1188
4,1011
4,787
4,1589
4,794
4,943
4,1693
4,1228
1,266
4,1216
1,336
5,1113
1,337
5,1011
4,862
1,387
4,1469
1,471
4,1141
4,912
4,1043
4,1474
4,877
1,480
1,399
5,1207
5,1534
1,352
5,1371
2,455
1,418
1,431
1,286
4,1044
1,443
4,880
4,1241
4,968
1,370
1,331
1,368
5,1592
5,1391
5,1647
1,453
1,299
1,339
1,273
4,930
1,329
4,822
4,1269
1,396
4,1422
1,346
1,204
5,1125
1,520
5,1443
1,326
1,268
1,293
1,305
4,1307
1,405
4,1180
2,620
1,345
4,1181
1,257
2,565
5,1562
2,602
5,1457
1,325
5,1152
1,414
1,265
1,598
1,394
2,694
4,1104
1,340
4,1381
1,366
2,686
5,1172
5,1076
5,1132
1,258
1,487
1,343
5,1066
4,1012
1,2010
4,950
1,509
1,288
4,1419
1,345
5,1259
5,1484
5,1581
5,1450
1,337
1,437
5,1418
1,358
2,562
3,766
1,459
1,389
1,249
4,1213
4,849
5,3501
5,1534
5,1984
5,1518
5,1635
4,2384
1,281
1,300
4,1297
1,338
1,479
1,312
2,667
4,1188
2,436
5,1597
5,1279
5,1566
5,1508
1,328
2,593
1,354
1,298
1,394
2,684
1,397
1,357
1,462
4,1246
5,1052
5,1547
5,1566
5,1877
5,1140
2,479
1,472
5,1021
5,1083
1,406
2,626
1,448
1,408
3,1008
4,1217
5,1617
5,1574
5,1672
5,1713
5,1051
2,805
5,1367
5,1567
5,1317
1,329
5,1250
1,365
1,447
5,1565
4,1318
5,1360
5,1659
4,1240
5,1509
3,1004
5,1277
5,1950
5,1466
5,1417
1,373
2,465
5,1283
4,1222
5,1192
4,1297
5,1304
4,1097
5,1103
5,1337
1,427
5,1400
5,1614
5,1615
5,1467
1,323
5,1072
4,949
1,245
5,1720
4,1199
5,1498
4,1512
1,496
5,1128
1,289
5,1676
5,1538
5,1566
5,1515
5,1149
5,1362
2,743
2,753
5,1522
4,981
5,4682
5,1195
1,258
4,1219
1,292
5,1652
5,1429
5,1798
5,1229
1,282
5,1843
5,1283
5,1996
5,1481
4,1221
5,1682
5,1911
1,410
3,826
1,352
5,1668
5,1578
5,1895
5,1546
5,1568
5,1604
5,1786
5,1596
5,1633
4,782
5,1735
5,1392
1,420
5,1209
1,449
5,1841
5,1319
5,1075
5,1437
2,687
5,1409
5,1606
5,1147
5,1396
1,384
5,1259
3,849
1,348
5,1147
5,1646
5,2092
1,539
5,1083
5,1613
2,525
5,1010
5,1495
5,1517
5,3193
1,337
4,1133
3,975
5,1098
1,494
3,1064
5,1730
4,1364
5,1514
4,950
5,2145
4,1134
5,1518
5,1528
5,1221
1,310
5,986
1,490
3,805
1,317
3,697
5,1368
5,1320
4,1450
4,913
5,1733
5,1405
5,1108
5,3348
4,958
1,280
3,728
1,347
1,457
1,357
1,569
5,1631
5,1165
5,1517
5,957
5,1619
5,1484
5,943
5,1410
5,1266
1,242
1,263
1,311
5,1497
1,338
3,700
4,1220
3,661
4,1255
4,854
5,1441
3,683
1,429
5,1507
5,1476
5,1151
5,1079
1,350
5,1507
1,353
2,441
3,787
4,877
1,437
1,510
5,1259
3,1123
5,1399
5,1424
5,1244
1,332
1,496
1,297
5,1517
3,1033
5,1863
3,632
1,547
1,366
1,255
5,2877
5,1353
5,1044
5,1431
1,437
1,288
1,234
4,935
5,1557
2,627
5,1114
1,613
1,355
1,338
1,242
5,1538
1,470
5,1280
5,1044
1,352
2,609
1,235
5,1282
5,1916
5,977
5,1668
1,303
1,339
1,348
1,383
4,932
1,316
5,1478
4,1046
1,382
5,1789
1,336
3,1029
5,1582
1,326
5,1563
1,500
1,335
1,354
1,524
5,1566
1,385
3,910
3,788
1,358
5,1519
1,321
5,1463
5,1533
4,760
5,1508
1,380
1,298
5,1255
5,1379
5,1498
1,399
1,388
1,447
1,231
5,1618
5,1103
4,1154
5,7788
5,1322
5,1650
1,398
5,1250
5,929
5,1154
3,1125
1,330
1,363
1,389
3,920
5,1684
3,650
3,819
2,679
5,1495
2,547
5,1527
3,778
2,597
5,1279
3,669
5,1182
1,409
1,317
5,1132
5,1820
2,445
5,1333
5,2919
5,2538
5,1664
2,559
5,1460
3,765
2,545
1,309
5,1191
1,323
5,1574
3,919
5,1801
1,320
1,357
4,1274
5,1656
2,544
3,667
5,1194
5,1545
5,1579
1,609
3,774
1,348
1,455
3,619
5,1471
5,1350
5,1579
5,1398
5,1758
5,5448
5,997
1,299
4,1300
5,1358
1,375
3,772
5,1300
1,316
1,285
5,1359
5,1152
5,1657
5,1521
5,1722
3,906
4,885
4,961
5,1160
5,1226
1,363
4,798
3,658
5,1017
2,438
4,1214
5,1603
2,635
1,458
5,1976
4,1106
3,1012
2,568
5,1700
4,1299
1,252
1,450
3,847
3,1009
5,1415
5,1191
5,1735
5,1876
1,371
5,1356
2,590
5,1114
5,1807
5,1813
5,1679
5,1041
5,1815
5,2062
4,1115
5,1488
5,1512
5,1710
5,16800
1,263
5,1294
1,469
5,1456
5,1447
5,1540
5,1541
5,1085
5,1319
1,381
5,1655
5,4070
4,1015
5,1482
5,1544
1,357
1,370
1,230
4,1415
5,1586
5,1745
5,1494
3,832
5,1547
3,714
5,1575
5,1575
3,977
5,8306
1,325
1,455
4,1099
1,508
5,1636
5,1540
5,1645
5,1654
5,1269
5,1761
5,1492
5,2031
5,1756
1,442
5,1607
5,1161
1,266
5,1513
1,402
5,1206
5,1651
5,1583
5,1669
4,1219
5,1875
5,1649
5,4458
5,1483
1,378
5,1509
5,12284
4,930
1,512
1,331
5,1452
5,1434
5,3446
3,1090
3,642
5,1645
5,1814
5,6665
5,14423
1,337
5,1701
2,817
5,1038
1,333
5,1334
5,1724
2,587
3,906
5,1553
5,1934
5,1752
5,1674
5,8484
5,1491
1,338
3,942
1,329
4,1126
1,405
5,1269
3,1143
3,1034
2,645
1,543
5,1625
2,710
5,1537
5,1424
5,1569
1,418
4,1056
1,378
5,1091
1,264
5,1116
2,650
5,1386
1,413
1,388
5,1497
5,1392
2,708
5,4946
2,625
5,1560
2,590
1,361
2,628
1,584
5,1163
5,1840
4,1189
1,444
1,246
4,1165
2,597
5,5542
5,1844
2,715
3,718
1,455
1,317
5,1248
5,1852
5,1034
1,474
1,384
1,295
1,449
5,1817
4,1322
2,591
5,1678
4,2016
5,1114
1,422
1,246
5,1301
3,1000
5,1024
2,568
1,452
1,258
1,360
5,1748
1,307
5,1645
2,684
1,502
3,819
1,360
5,1648
5,1634
5,1690
5,942
1,469
1,357
1,242
1,385
5,1626
1,436
5,1375
1,316
1,428
5,1142
1,341
3,993
5,1112
5,1715
5,1103
1,396
1,266
1,297
5,1083
2,881
1,280
4,1195
1,391
1,448
4,1332
1,446
5,1192
5,1642
5,1089
5,1422
1,260
4,1136
1,300
3,757
5,1801
1,373
2,643
1,238
1,242
5,1471
3,1217
5,1574
5,1545
2,583
5,1275
1,269
1,295
5,1526
5,1024
1,404
1,329
1,537
1,292
1,356
5,1568
5,1116
5,1201
5,1680
5,1112
5,1328
1,251
1,229
5,1513
4,879
1,428
1,310
1,364
1,367
5,1182
5,3738
5,1121
5,1617
5,1593
5,1343
5,1447
1,273
1,467
5,1241
2,687
2,630
5,1079
1,585
1,340
5,1154
5,1685
5,1216
5,1151
1,321
5,1164
5,1007
5,1089
5,1335
5,1703
5,1312
1,514
3,1082
1,526
5,1228
5,1007
5,1572
5,1596
5,1121
5,1724
5,1505
5,1570
5,1307
2,603
5,1238
5,1417
1,390
5,1584
1,373
1,314
3,625
2,2741
5,1594
5,1119
3,599
5,1503
1,589
5,1490
5,1668
5,1235
5,1361
1,329
5,1540
5,1317
5,1197
5,1526
5,1722
5,1249
5,1563
1,526
5,1539
1,295
5,1173
5,1554
5,1645
5,1550
1,284
5,1314
3,1127
4,1141
5,1056
5,23442
5,1340
5,1507
1,359
5,1175
1,486
5,1563
5,1073
5,1287
5,1043
1,326
5,1730
1,476
5,1367
5,1209
2,4823
5,1355
5,1164
1,408
2,407
1,357
5,1097
5,1637
5,1708
5,1102
5,1050
5,1220
5,1139
5,1096
5,1783
1,292
5,1363
5,1060
5,1192
5,978
1,237
5,1011
5,1168
5,1328
5,1314
5,1177
5,1156
5,983
5,1116
5,1607
5,28692
5,1140
2,598
1,313
3,726
5,1276
5,1426
5,945
5,1800
5,1635
5,1475
5,1504
5,1342
5,1184
5,1751
1,509
5,1047
5,1395
1,309
1,517
2,543
5,1363
5,980
5,1819
5,1535
5,1079
5,1392
4,1387
5,1548
5,1847
1,342
5,1064
1,473
1,389
1,231
5,1271
5,1919
5,1216
5,1218
2,910
5,1629
5,1404
5,1443
5,1109
5,1841
1,234
5,1162
1,269
5,1301
1,231
2,670
5,1479
5,1723
4,836
1,234
5,1629
5,1229
5,1391
5,1013
5,1647
1,335
2,493
1,334
2,716
1,248
5,1300
5,1552
5,1158
1,370
3,675
5,1048
5,1776
5,1476
5,1156
5,1250
1,258
1,337
1,515
5,1899
1,252
5,1189
5,1677
5,1076
1,572
2,1008
5,1043
2,447
5,1160
5,1237
2,538
5,1578
1,323
1,370
5,1911
5,1118
5,1654
5,1519
3,642
1,334
1,282
5,1502
5,1061
5,1846
4,790
1,427
5,1215
1,442
1,404
5,1058
3,898
5,1147
1,633
1,462
1,267
1,278
5,1410
1,528
5,1148
5,1346
1,302
5,1660
1,328
5,1362
5,1493
2,448
5,1718
1,357
1,472
1,492
1,386
5,1497
1,413
2,522
1,237
1,362
5,1070
1,286
5,1270
5,1623
5,1498
5,1652
1,323
1,313
2,492
1,365
5,1432
1,311
4,872
1,463
1,234
4,763
2,603
2,621
5,1396
5,1499
5,1105
1,350
1,273
1,317
1,314
5,1156
1,304
5,1302
1,272
1,310
5,1225
5,1283
5,1298
5,1113
5,1425
5,1725
1,302
1,224
5,1435
1,387
5,1088
1,268
1,243
1,630
5,1601
5,1220
5,1638
5,1378
5,4669
5,1081
5,1528
5,1312
5,1110
3,734
3,637
1,359
5,1782
1,360
1,277
3,1058
5,1107
5,969
5,1239
4,1480
5,1582
5,1682
3,753
1,407
5,1693
5,1441
1,266
1,391
1,318
1,368
2,650
5,1568
5,1291
5,1233
5,1503
5,1442
3,962
2,484
2,618
5,1166
5,1322
1,238
2,418
1,237
5,1365
2,552
5,1527
5,1046
5,1367
5,1629
5,1746
3,972
5,1465
2,429
5,1509
5,1018
1,266
5,972
1,364
2,627
5,1475
5,1969
5,1578
5,1628
3,1275
5,1720
1,326
5,1156
5,1005
5,1509
5,1607
1,306
2,602
1,272
5,1359
5,1492
5,1798
3,897
4,1460
1,342
2,618
1,348
5,1437
5,1833
5,1305
5,1314
5,1240
5,1529
1,340
5,1767
5,1721
5,1671
5,1676
5,1512
1,326
5,6426
1,345
5,1066
5,1629
5,1499
5,1207
2,825
5,1857
4,1069
5,1346
5,1595
5,1581
5,1402
5,1661
1,346
5,1723
1,415
5,1228
5,982
5,1746
5,1496
2,643
5,1326
5,1141
5,1078
5,1930
1,295
5,1706
5,1543
1,290
3,1197
1,267
5,1741
5,1527
4,1156
5,1409
2,492
5,1510
5,1541
5,1294
5,1733
1,493
5,4008
5,1641
1,348
5,1617
5,1189
5,1711
5,1906
5,1819
4,846
5,1348
5,1338
2,584
5,1110
5,1791
1,395
5,1742
3,985
5,971
1,440
1,327
5,1935
5,1069
5,1680
5,1779
5,1201
5,1882
5,1581
3,744
2,605
1,245
5,1664
1,309
1,308
1,211
3,844
5,1753
5,1736
5,1696
5,1490
5,4927
5,1847
5,1089
5,1182
5,1661
1,257
5,1563
1,506
3,882
1,359
4,948
2,1025
4,1244
5,2123
5,1705
5,1832
4,1230
5,1533
5,1651
5,1633
1,223
1,587
1,369
5,1120
1,336
5,1221
5,1732
5,1548
1,490
5,3607
5,1143
3,717
5,1568
5,1513
5,1344
1,387
1,328
1,322
2,404
1,322
5,1043
3,1055
5,1709
1,479
1,519
5,1563
5,1639
5,1883
5,1309
3,953
5,1751
1,302
1,359
5,1670
5,1295
5,1503
5,1284
3,953
1,382
4,1153
5,1356
3,842
5,1045
5,2341
3,1036
5,1372
1,353
5,1060
5,1021
3,964
5,1449
3,1105
3,967
1,398
1,237
5,1509
5,1910
5,1178
5,1844
1,310
5,1710
1,320
3,753
5,1541
5,1024
5,1901
1,316
1,438
1,359
1,227
3,978
1,434
5,1544
1,448
1,286
5,1339
1,323
5,1258
5,1202
4,885
4,1236
1,357
1,249
5,1182
1,335
3,906
1,534
5,1607
1,278
1,311
5,1627
5,1105
2,394
5,1181
5,1442
5,1008
1,241
1,236
1,319
1,233
5,4567
1,347
5,1770
1,372
1,303
5,1090
3,720
5,1591
5,1194
3,1070
5,1368
1,527
1,293
3,788
5,1215
5,1356
1,440
3,1149
1,255
1,366
4,1317
2,572
5,1688
4,1035
5,1016
5,1514
1,253
1,333
5,1096
3,979
3,1047
1,290
1,507
1,335
5,1114
5,2031
3,625
5,1809
2,578
5,1702
2,562
1,341
5,1091
5,1042
1,249
1,491
5,1221
1,311
5,1062
1,404
5,3414
5,1205
5,1414
5,1532
5,1485
5,1530
2,457
3,671
5,1466
5,1670
1,267
1,324
1,418
5,1381
3,1046
5,1520
5,1070
5,1486
5,1765
5,1704
5,1207
2,880
5,1134
5,1544
5,1576
1,276
5,1166
5,1374
3,1115
5,1170
5,1531
5,1584
5,1254
5,1217
5,1669
1,223
5,1080
4,839
5,1584
5,1127
1,534
4,856
1,325
2,423
4,739
5,1220
5,1365
5,1201
3,772
5,1404
1,492
5,1364
5,1079
5,1542
5,1547
1,424
5,1516
1,351
5,916
5,1646
5,1594
5,978
5,1448
1,426
5,1449
1,971
5,1505
5,1591
5,1501
5,1044
3,1085
5,1668
1,379
3,816
5,1532
5,5943
4,937
2,1026
1,923
2,651
1,552
5,1257
5,1770
4,813
5,1020
5,1483
5,1554
3,914
5,1369
5,1535
1,478
5,1627
5,1538
1,334
5,1294
1,475
5,1075
5,1573
2,626
5,969
5,1476
5,1500
5,1682
5,1073
5,1178
1,312
5,1522
5,1457
5,1511
1,317
1,380
5,924
5,1358
5,1530
5,1078
4,978
5,1197
5,1685
5,1570
5,1327
1,254
2,1058
3,607
1,344
2,506
1,371
5,1304
5,1028
5,1285
5,1532
5,1352
5,1151
5,1411
5,1038
4,880
1,259
5,1385
1,447
1,323
1,549
5,1538
4,1238
5,1042
5,1109
2,488
5,1254
5,1411
5,1439
5,1007
5,1651
1,244
3,1047
1,455
1,434
1,473
1,275
5,1211
5,1206
5,1358
5,1005
5,1537
4,988
5,1205
5,984
5,1329
5,1149
5,1311
1,470
3,1154
1,458
5,1594
5,1787
2,603
1,470
5,1100
5,1030
5,1799
5,1149
5,1429
2,709
5,944
2,481
1,377
1,557
1,366
1,308
3,954
5,1170
1,431
1,428
5,1639
5,1648
5,1250
2,789
5,1107
3,748
1,505
1,345
1,431
1,298
3,854
5,1779
5,1321
1,338
3,945
5,1670
1,287
5,1203
5,1541
5,1510
2,716
1,485
1,555
3,3249
5,1646
1,1006
5,1035
1,276
1,1676
1,378
5,1436
5,1463
5,1013
3,1011
1,341
3,617
1,362
3,1226
2,662
1,413
5,1735
3,1185
1,434
1,386
1,296
2,512
1,434
4,756
2,805
1,394
5,1639
1,348
3,844
1,325
5,1773
5,1936
1,679
1,496
2,797
1,295
5,1590
1,365
2,626
1,431
1,330
5,1571
1,372
1,437
5,1694
1,321
2,761
1,395
1,4110
1,453
1,518
5,1613
1,353
5,1298
1,320
1,426
5,1470
2,796
2,726
3,1049
3,957
4,1289
1,504
1,306
3,865
2,744
1,427
1,307
5,1777
1,378
1,395
5,1861
1,349
4,1457
5,1501
1,403
5,1577
1,326
1,304
3,1136
3,1018
5,1623
1,323
1,468
1,327
1,377
5,1651
3,1009
1,887
2,661
3,1114
5,1505
1,308
3,927
1,377
3,939
1,422
5,1614
1,360
1,399
1,353
5,1091
1,344
5,1565
5,1674
5,1550
5,1290
1,435
5,1486
1,485
1,470
1,336
1,358
3,951
5,1616
1,328
5,1729
1,1401
5,5880
4,1207
3,904
4,1460
2,608
3,2837
1,413
2,745
1,386
1,491
1,304
3,1006
1,376
2,804
2,660
5,2020
2,715
5,1756
5,1426
1,393
1,389
5,1284
1,395
1,318
3,1026
1,388
1,310
1,313
5,1657
1,318
3,1482
2,1193
5,1620
4,1171
2,659
3,846
5,1578
1,381
1,348
3,882
1,434
1,339
1,305
3,634
5,2070
2,729
4,1350
2,697
4,865
1,372
1,291
5,1080
5,1643
1,339
1,344
2,1086
5,1450
1,367
5,1286
1,345
5,1428
5,1492
5,1022
2,519
1,320
5,1557
3,997
5,1519
3,994
1,1122
2,698
1,296
3,799
2,701
1,224
2,774
3,619
4,1176
3,815
5,1637
2,713
5,1487
5,1525
1,333
3,947
3,1571
2,602
5,1409
1,463
3,762
5,1226
4,1267
4,900
1,422
1,510
5,1563
5,3519
5,1459
4,1277
5,1557
1,350
5,1577
4,1122
1,417
5,1598
2,766
4,1229
2,622
1,448
5,1549
5,1785
4,1094
3,1005
3,920
5,7670
1,376
1,423
5,1602
1,485
2,826
3,738
2,848
2,531
1,266
3,941
5,1939
2,491
5,1633
3,857
4,1258
1,447
3,1022
3,969
1,334
3,956
5,1535
3,884
5,1153
1,227
5,1758
2,755
2,425
2,754
1,297
5,1542
5,1650
5,1578
2,695
1,370
2,603
4,986
1,471
4,1032
1,285
5,1952
5,1554
5,1089
3,1485
1,376
2,701
5,1070
2,541
3,959
5,1700
4,1312
4,927
1,274
2,609
5,1201
2,646
5,1658
5,1569
4,1368
1,389
4,1360
5,1553
5,1638
5,1516
3,1190
4,1115
2,561
1,401
3,741
3,805
4,1313
2,554
4,971
5,1608
5,1743
5,1656
3,1143
2,482
4,1150
1,367
4,1256
3,647
1,252
1,461
5,1178
5,1625
5,1282
4,1211
2,1077
5,1848
2,668
5,1421
5,1549
5,1387
2,588
3,940
1,504
1,359
1,546
1,215
4,1176
4,916
4,1266
4,1046
5,1374
5,1286
5,1942
4,922
4,965
1,707
4,1174
1,429
5,1135
1,322
3,876
3,711
4,1040
1,449
4,1360
2,827
2,859
2,654
4,1154
4,965
5,1688
5,1898
1,322
3,669
1,329
5,1508
4,1000
2,689
1,364
2,696
5,1593
4,1344
5,1825
3,781
4,1190
5,1216
4,1179
1,431
5,1476
1,304
4,1473
2,784
3,715
1,230
1,402
5,1663
4,924
3,937
4,1217
2,764
1,420
4,891
1,369
5,1758
5,1222
5,1640
4,1093
1,455
1,1246
1,280
2,660
2,525
2,593
4,926
2,745
5,1494
2,514
5,1081
5,1539
4,854
5,1408
4,1024
1,426
1,372
1,250
2,504
3,750
4,1456
2,602
4,1176
1,497
3,698
4,912
5,1538
5,1806
5,1439
3,763
1,334
1,362
1,269
4,3332
1,320
4,804
3,656
3,763
5,1812
1,547
5,1680
5,1494
5,1804
5,10672
1,364
1,331
4,800
1,218
2,561
1,337
4,930
1,322
2,626
5,1095
1,504
5,1348
5,1432
5,1531
5,1182
1,291
1,325
5,1242
5,1398
4,1118
1,226
2,544
1,342
1,428
3,7463
1,341
5,1363
5,1320
5,1878
2,729
5,1396
5,1103
5,1159
4,935
4,977
1,352
3,751
1,234
1,257
2,771
1,449
5,1695
5,7494
5,1467
5,1235
1,488
1,215
5,1008
5,1145
4,937
1,317
1,494
1,291
1,237
5,1573
1,387
3,996
5,1215
5,1280
5,1408
1,470
4,1053
3,996
5,1339
3,934
3,700
1,486
1,279
1,232
4,1218
5,1336
5,1504
5,1613
5,1575
4,999
1,396
5,1142
5,1427
5,1513
1,447
5,1072
1,489
5,1039
1,351
3,724
5,1139
5,1456
5,1383
5,2790
2,448
1,341
5,1352
5,1419
5,1825
1,331
5,1073
1,270
3,668
5,1615
4,794
5,1045
5,1009
5,1078
5,1686
1,262
3,653
5,1402
4,1309
5,2263
1,479
5,1367
1,361
3,615
4,906
4,1053
4,1424
5,1101
2,789
5,1444
1,502
5,956
5,1554
5,1919
5,1814
1,402
5,1746
5,1589
5,1429
5,1029
2,791
5,1751
5,1570
1,398
5,1348
1,423
5,1434
5,1112
5,1817
5,1652
1,356
5,1725
1,397
5,1154
5,1256
4,840
5,1717
5,1173
1,868
5,1011
1,378
5,1069
5,1567
5,1006
5,1224
5,1068
3,896
3,598
5,1370
4,1452
1,683
5,1593
5,1228
1,1067
1,1007
1,543
4,1305
5,1503
5,1063
5,1242
1,355
5,1616
3,1008
4,1165
5,1634
3,948
5,4606
1,248
1,339
1,441
1,507
5,3006
4,1596
5,1325
5,1627
3,757
5,1538
5,1814
5,1494
5,1533
1,335
5,5480
2,483
1,405
1,388
5,2478
5,1550
5,1719
4,1391
5,1660
5,1578
5,1506
5,1301
5,1472
5,1615
1,291
5,1570
1,524
1,344
1,439
1,421
5,3280
5,1514
2,546
5,1409
5,1532
5,1795
5,1638
5,1961
5,1604
1,347
5,3209
1,400
6,1217
1,365
2,614
5,1022
5,1258
1,404
1,314
4,1265
5,1604
4,1368
5,1283
5,1747
1,254
5,1362
1,1292
2,1048
1,351
1,271
5,1027
5,1298
1,523
1,386
5,1503
5,1651
5,1497
5,1079
4,5309
3,719
5,1994
1,643
1,447
1,2294
1,229
5,1205
1,245
1,425
1,392
5,1827
5,1069
5,1324
5,1599
5,1190
2,599
5,1005
1,1689
3,1015
6,1491
1,456
4,998
1,428
1,395
1,375
5,2260
2,475
4,1046
5,1087
5,1889
5,1392
1,295
1,427
3,647
1,239
1,342
5,1127
1,561
1,609
1,334
5,1440
2,628
5,1421
2,427
5,1332
5,1754
1,440
3,746
5,1776
1,324
3,917
1,251
1,385
1,324
1,335
5,1597
1,429
5,1675
1,255
1,301
5,1561
1,390
2,553
5,1312
5,1589
3,1143
2,972
1,405
1,498
1,353
5,1223
1,506
5,1495
2,587
1,223
5,1248
1,354
1,377
3,755
3,781
3,696
1,403
1,365
1,398
5,1142
4,1173
1,564
2,591
1,427
1,384
4,1398
1,383
1,478
5,1486
5,1255
3,1039
1,450
1,382
1,444
1,451
5,1521
1,353
5,1181
2,743
1,423
5,1544
1,375
3,630
5,1489
3,2015
6,1405
1,431
2,623
1,333
1,504
2,726
1,403
2,407
1,362
1,416
5,1730
1,494
5,1549
6,2009
6,2068
5,1475
4,1658
6,1815
6,1665
2,454
5,1665
1,1457
1,259
1,356
1,369
5,1661
2,736
2,655
6,2066
5,1990
6,1815
1,477
1,387
2,556
3,720
1,309
1,302
1,425
1,499
1,4195
5,1035
2,587
5,1210
6,1732
6,3077
6,1951
1,347
1,246
3,880
3,995
1,440
2,797
1,419
1,1837
1,459
5,1701
3,752
2,574
4,1397
6,1197
4,1270
1,270
3,997
3,1002
5,1534
1,403
6,1937
1,370
1,377
1,400
5,1598
1,325
4,1276
6,2114
6,1200
5,1388
1,438
6,1940
3,858
1,346
1,344
1,348
1,324
4,1040
6,1833
5,1259
3,984
3,907
5,1788
5,1282
6,1912
1,326
6,1870
4,1567
5,1512
1,1219
3,875
1,259
1,364
1,299
1,315
3,675
6,1388
3,1100
6,1322
5,1206
2,610
3,930
6,1732
5,1527
1,325
3,712
1,373
3,896
2,717
2,900
5,1584
4,1318
3,693
5,1721
5,1254
1,217
5,1584
3,1048
3,940
1,343
5,1225
3,989
3,666
5,1057
1,445
4,1111
6,1236
1,275
6,1483
3,946
2,665
5,3514
3,969
5,1107
3,998
3,1055
2,545
3,898
2,855
1,448
5,1339
6,2007
1,281
1,444
3,1219
3,1292
4,1066
6,1904
6,1146
2,591
5,1240
1,377
5,1818
3,961
3,2091
6,1999
5,1654
3,681
3,1076
3,804
6,1883
6,1646
6,1803
6,1257
1,430
6,2468
3,872
3,645
5,1605
1,332
6,1573
6,1523
1,218
1,350
3,699
5,1108
6,1941
5,1220
6,1854
1,346
3,716
3,787
3,656
6,1887
1,365
3,762
5,1454
1,278
1,453
1,229
5,1560
6,1653
5,1543
6,1693
5,1245
6,1556
3,791
4,973
5,1020
1,400
6,2018
3,771
1,436
3,736
1,439
6,1538
6,1728
4,1438
5,1658
3,934
4,1328
5,1260
6,1707
3,935
1,254
4,1797
1,272
1,388
1,406
1,223
3,661
5,1472
6,1851
3,939
3,613
5,1540
3,875
6,1262
6,2259
2,434
6,1804
1,293
1,253
1,251
1,237
6,1219
5,1585
3,726
4,1383
5,1069
6,2205
5,1452
6,1124
6,2077
1,1067
4,1376
4,1156
1,308
1,214
1,256
5,1325
3,984
3,1015
3,1033
3,987
5,2890
6,1554
6,1836
6,1386
1,299
3,656
4,885
1,327
1,347
1,410
6,1843
1,610
3,808
1,301
5,1407
6,1693
4,839
3,1230
5,1370
3,777
5,1697
2,560
1,356
1,214
1,255
4,1044
3,832
2,699
1,332
5,1517
3,965
6,1154
5,1450
6,1318
3,736
3,847
1,359
6,1246
1,539
6,1571
6,1824
1,241
3,910
1,229
3,983
1,256
6,1122
3,1068
4,1013
5,1606
3,678
1,295
2,440
6,1942
6,1496
5,1989
1,479
3,646
3,764
6,1823
3,718
6,1142
6,1997
1,486
3,872
1,345
1,290
6,1497
2,504
6,1522
5,1477
2,818
1,463
1,413
4,1271
3,989
5,1466
3,881
4,1327
4,1129
1,258
1,344
6,1304
6,1660
6,2109
3,1071
1,356
1,356
1,400
6,1359
1,302
6,1897
1,276
3,1069
3,1110
2,445
1,332
6,1229
6,1409
6,2057
1,367
1,262
1,661
1,286
5,1105
3,666
6,1889
3,802
1,250
5,1623
3,967
1,276
6,1870
6,1744
6,1489
1,245
1,347
1,306
1,247
6,2485
1,347
3,922
3,969
1,224
6,1908
1,418
6,1961
6,1797
4,1198
6,3316
3,676
1,347
1,284
1,228
5,2777
1,261
1,339
2,614
3,636
6,1165
1,271
6,1834
6,1556
6,1222
6,1882
1,460
1,269
1,284
1,243
1,336
1,214
3,850
5,1541
1,391
6,1759
1,234
2,662
6,3470
6,1843
6,1768
1,321
6,1556
6,1488
6,1220
1,320
1,322
1,325
1,281
1,225
6,1707
1,241
6,1238
6,1477
6,1368
6,1993
1,321
4,831
6,1811
5,1002
3,799
1,377
3,646
1,337
1,353
5,1546
1,336
6,1954
6,1861
6,1721
4,1304
1,351
6,1443
6,1544
2,546
3,978
1,321
1,359
1,233
1,326
6,1986
1,341
6,2567
6,3556
6,1938
6,1753
1,618
6,1266
6,1425
6,1516
1,267
2,656
1,402
1,220
1,358
5,1632
2,585
6,1858
4,905
6,1521
6,1360
1,310
6,1802
6,2109
6,1640
1,214
6,1527
1,415
1,219
1,243
3,832
6,1437
5,1909
6,1394
4,1288
6,1511
6,1184
6,2085
6,1572
6,2021
3,644
6,1437
1,391
1,239
6,1262
1,347
6,1685
6,2010
6,1753
6,1340
2,654
6,1283
6,1529
6,2066
6,1871
1,426
6,1597
1,398
1,307
2,742
3,695
6,1678
6,2412
1,438
2,422
1,505
6,1314
6,1687
6,1751
6,1794
1,317
6,1872
1,373
2,488
6,1372
3,757
6,1653
6,1957
1,449
6,1619
1,274
6,1785
6,2282
6,1952
6,1677
1,352
6,2068
6,1409
6,1298
6,1281
1,254
6,1634
4,996
1,368
1,457
1,404
6,1651
6,1802
6,2173
6,1480
1,338
6,1940
6,1230
6,1829
6,1602
1,712
6,1728
6,1296
1,555
1,416
1,958
6,2039
6,1196
6,2054
6,1343
1,391
6,1985
2,495
6,1457
6,1332
1,239
6,1769
4,1294
1,456
1,237
1,436
6,1276
6,1132
6,1443
1,233
1,352
6,2163
6,1780
6,1256
5,930
1,4185
6,1964
2,435
1,352
1,305
1,476
6,1989
6,1241
6,1291
6,1282
6,1261
6,2020
6,1554
6,1503
6,4467
6,1938
6,9987
6,1431
1,348
1,585
6,1813
6,1347
2,738
6,2030
6,1195
6,1208
6,1945
6,2168
6,1771
6,2234
1,341
6,1543
1,373
5,1134
1,351
4,1187
6,1425
4,1062
1,456
4,803
6,1366
6,1174
6,1669
6,1563
6,3477
1,331
6,1728
1,461
5,1416
4,1367
6,1294
6,1970
1,454
1,378
6,1278
6,1435
4,1272
6,1178
6,1231
6,4571
1,289
4,843
1,282
6,1719
5,1336
6,1998
6,1353
1,480
1,326
1,444
6,1595
6,1328
6,1510
6,1322
6,1984
5,1085
4,915
1,373
4,1336
6,2141
6,2135
6,2114
1,447
1,355
1,365
6,1676
2,789
6,1773
6,1383
6,1447
2,685
6,2009
1,404
6,1717
4,1197
4,1203
2,1037
1,682
1,363
1,394
6,1479
4,1341
6,1365
4,826
4,935
6,1415
2,827
1,319
3,896
2,715
2,528
4,1188
5,1588
1,1920
1,281
6,1734
1,466
6,1786
6,1999
6,1104
6,1786
1,494
1,356
6,1962
6,1846
6,2067
1,472
1,324
2,630
1,362
6,1652
1,295
4,1217
6,1496
1,296
6,1626
1,361
6,1288
6,1753
6,3996
6,1752
1,451
1,433
1,428
1,498
6,1664
1,374
6,1955
5,1950
1,511
6,1898
1,420
5,1911
6,1770
6,1957
6,1482
1,471
1,394
6,2040
6,2210
6,1937
1,413
6,1845
1,375
1,455
6,1645
1,369
4,1081
6,1792
3,920
6,1439
1,445
4,1272
6,1905
5,1558
6,1229
1,7867
1,461
1,360
1,408
6,2113
1,369
4,1336
6,1808
6,1786
6,1673
1,398
6,1592
4,1410
1,357
6,1929
1,447
1,486
1,392
1,416
6,1929
1,410
6,1778
6,1651
6,2085
6,1774
1,369
6,2359
4,1524
5,1766
2,484
5,1668
1,414
1,412
1,418
6,1867
5,1628
6,1696
6,1868
6,2002
6,1944
6,1520
4,1280
6,1955
6,1966
4,1266
6,1966
1,406
1,390
1,440
1,324
4,1156
6,1671
6,1335
6,1816
2,591
6,2100
3,691
6,1389
5,1377
1,431
6,1727
1,397
1,345
6,1954
6,1224
6,1850
3,1032
1,220
6,1659
2,449
4,1333
6,9295
6,2021
6,1967
1,366
6,1589
1,350
1,337
4,1361
4,995
6,1877
6,2178
2,595
1,294
4,866
4,1218
6,1650
6,2007
6,1799
1,360
4,1396
6,1853
1,279
6,1427
4,1319
4,1049
6,1782
3,847
6,1542
1,376
6,3311
6,1238
6,1737
6,2138
1,343
4,884
5,1724
5,1785
5,1534
6,1876
3,828
6,4152
1,463
2,567
1,434
3,981
6,2888
6,6213
6,2083
1,314
6,4837
1,449
6,1980
2,641
2,652
6,2045
6,9055
6,1875
3,773
1,241
6,1601
6,1866
6,2280
6,3122
1,352
6,1724
6,1558
6,3102
6,2199
1,451
6,1856
6,2149
1,393
1,586
1,330
6,1328
6,1980
6,2052
6,2589
6,1858
3,873
6,1957
6,1754
6,1782
1,384
6,1795
6,1862
1,251
1,373
1,362
6,1373
6,1290
6,1951
1,301
6,1852
6,1588
4,1029
6,1785
6,1751
1,326
6,2083
1,443
1,339
1,245
1,337
6,1954
6,1875
5,1309
6,1257
4,1274
6,1589
6,1925
6,1806
6,2191
1,312
6,1558
2,604
1,300
1,223
6,1409
6,1705
2,426
2,597
5,1039
4,1382
6,7945
3,1095
6,2022
6,1706
1,326
6,1594
2,425
1,269
1,225
1,361
6,2236
2,462
1,437
6,1696
6,2030
6,1743
6,2006
6,2211
6,1858
1,365
6,1887
3,1074
1,350
1,413
6,1993
6,1620
3,630
1,516
1,339
6,1750
6,1725
6,1575
6,2119
6,1788
6,2007
6,1759
1,438
6,2218
6,2263
6,1891
6,1810
1,400
1,328
1,412
3,1058
1,283
6,1587
6,2203
6,1195
5,1626
1,442
1,301
6,1536
1,275
6,1303
2,502
1,289
1,247
1,486
6,1760
2,508
6,1337
5,1077
6,1374
4,1470
2,760
1,247
6,1860
4,936
5,1447
2,424
1,259
1,353
1,440
6,2134
2,438
6,3244
6,1331
2,743
5,1669
2,722
1,366
6,1989
6,1152
6,1846
3,892
1,256
1,253
1,494
6,1534
3,654
6,1174
1,402
1,559
6,1966
3,831
1,365
6,2035
6,2069
6,1903
1,356
1,314
5,1090
1,314
6,1644
1,443
1,223
6,1700
4,810
4,933
1,706
1,404
6,1807
6,2188
6,2086
1,319
1,251
6,1971
1,246
6,1515
1,391
5,1277
1,420
1,526
6,1838
1,243
6,1309
6,2205
6,2017
6,1602
1,516
6,2436
6,1642
1,268
6,1789
1,399
2,480
1,271
1,352
6,2019
1,266
1,215
6,5831
6,1943
6,1659
1,378
1,307
1,424
6,1220
6,1835
1,353
3,733
6,1934
1,330
3,751
1,411
6,1405
6,1373
6,1485
6,1094
1,372
6,1488
6,1590
1,369
2,620
1,281
1,440
1,319
1,344
6,1857
1,377
6,2364
6,1734
6,1521
6,1223
1,244
6,1287
6,1682
6,1244
2,534
1,277
1,351
1,383
1,290
1,401
1,470
6,1348
5,1433
2,536
5,4193
6,1327
6,1295
6,1381
6,2152
3,945
2,534
1,365
1,342
1,389
6,1423
1,390
6,1297
6,7220
5,939
1,370
4,946
6,1356
6,1795
6,1378
1,557
4,1034
1,314
1,299
4,915
6,1379
6,1539
6,2072
6,1248
6,1614
6,1908
6,2210
6,2074
6,2199
6,1310
1,335
6,1762
1,257
1,306
6,1268
6,1889
6,1850
6,1391
1,495
6,1837
1,494
6,1951
6,1794
6,1697
6,1428
1,302
6,1235
1,262
6,1456
1,282
6,1227
6,1691
6,1997
1,596
6,1911
1,314
6,1875
5,1558
6,4836
6,1471
1,347
6,1629
6,1409
1,269
6,1831
1,469
6,1735
6,1795
2,725
6,1929
1,504
6,1996
6,1738
6,2168
6,1579
1,434
6,1268
1,413
6,1365
6,1608
2,419
6,2163
6,1819
1,398
1,435
1,1555
6,1999
6,1460
6,4696
6,1702
1,422
6,1932
6,2865
6,2105
6,2243
2,419
6,1982
5,1655
1,561
1,330
1,341
6,1958
6,1098
6,1939
5,1527
6,1296
6,1855
6,1410
6,1669
6,1708
3,624
6,2148
6,1519
1,376
1,374
1,400
6,1598
6,1133
6,1904
6,1827
1,247
6,1762
6,1838
6,1894
6,1280
1,369
6,1482
6,1371
1,393
1,378
6,1921
6,1931
6,1315
1,461
6,1189
6,1298
6,1863
6,1583
6,1655
6,1545
1,312
6,2033
6,1170
2,708
1,377
2,571
6,2069
6,1246
1,463
6,1125
6,1533
6,1787
6,1640
6,2046
6,1800
1,375
6,1800
1,528
4,1459
1,332
5,1588
2,823
1,420
1,395
6,1359
6,1893
6,1432
6,2068
6,1722
6,1693
1,432
5,1830
1,14858
1,331
6,1885
6,1821
6,1598
1,369
1,423
1,491
6,1196
6,1875
6,4365
5,1326
6,2023
1,240
6,1912
1,459
1,476
3,1123
3,913
6,1120
1,428
1,412
1,398
6,2100
6,1372
6,6583
6,1871
6,2165
1,239
6,1328
1,700
6,1826
1,416
6,1875
6,1972
1,325
1,399
1,368
6,2064
6,1403
5,1614
6,1861
2,507
6,1343
6,2091
1,414
3,1171
2,635
6,1775
2,1083
4,1252
5,1429
1,361
6,1462
1,417
6,1849
1,365
6,1340
6,1395
1,443
1,438
4,3014
4,1174
5,1494
1,419
1,296
2,749
1,531
6,1945
1,331
6,1745
5,1001
5,1590
1,255
1,382
6,2084
6,1887
1,342
5,1471
1,580
1,342
2,669
1,580
5,1704
1,480
6,1147
5,1126
1,415
6,2036
1,354
2,617
5,1526
6,1344
5,1848
1,413
2,703
2,1913
6,2720
6,1859
1,407
1,513
1,2664
1,403
6,1837
1,328
2,691
6,1833
6,1931
6,1712
1,1100
2,440
5,1040
2,548
6,1434
1,377
5,1603
1,382
1,390
6,1235
1,367
5,1679
6,1799
6,1800
6,1915
1,421
1,396
6,1969
4,1456
6,1433
1,388
1,449
4,5714
1,365
6,1823
1,413
6,1484
6,1774
6,1588
6,1679
1,430
1,325
5,1525
2,603
6,1219
1,382
1,698
1,1361
1,395
6,2180
1,304
6,1644
6,1774
6,4445
6,2008
4,1324
2,670
6,1853
2,708
1,397
5,1794
1,331
1,403
1,380
6,2051
2,755
3,1002
6,1660
6,1523
4,842
3,1057
3,1050
6,1837
1,365
1,326
6,2197
1,352
1,394
6,1957
6,1878
3,1001
5,1461
4,1063
3,1033
1,295
1,339
6,2212
3,857
1,362
1,493
6,1886
1,434
1,396
3,993
6,1878
6,1735
6,5965
5,1573
6,1612
3,629
5,1852
5,1276
1,297
4,1447
1,487
5,3087
1,346
2,704
1,428
5,1090
6,1920
6,1711
5,1151
6,1642
1,291
6,1787
6,1297
4,1282
6,2346
1,437
5,1777
6,2151
2,623
2,731
6,1152
6,1747
5,1790
2,619
4,2803
1,237
6,1742
6,14420
4,1202
6,1770
1,383
6,4457
2,821
2,1682
6,1845
6,1274
5,1523
4,1349
3,943
5,1439
1,242
6,1892
6,9834
6,3797
6,1903
6,1894
6,1868
2,641
2,580
3,939
6,1987
5,1273
6,1932
1,231
2,510
1,334
3,939
4,1360
5,8616
6,1770
2,723
6,1741
6,2431
5,1703
4,1154
1,446
6,1326
6,1874
1,439
5,1063
1,220
6,3534
6,1864
6,1682
4,7274
1,366
5,1711
6,1833
2,668
6,1900
1,342
6,1743
4,1104
1,334
1,583
1,243
5,1646
6,1856
6,1851
6,6574
6,2076
6,1933
5,1770
4,1201
5,1480
1,322
6,1740
6,1833
1,393
1,276
1,210
6,1801
4,941
4,964
6,1416
5,1458
5,1998
6,1977
6,1899
6,1780
1,362
6,1781
1,301
1,281
1,344
1,363
6,3765
6,1763
1,230
4,1239
6,1963
3,6798
3,1005
6,1586
6,1825
1,536
6,1583
1,329
1,247
1,334
1,295
6,1797
5,1054
1,299
2,673
3,1144
6,1889
5,1606
5,1746
6,1792
1,467
4,1227
3,866
6,1639
1,326
6,1397
3,809
5,1458
3,798
4,898
6,1968
6,1321
5,1618
4,1124
6,1988
5,2262
5,1352
1,271
1,256
1,320
6,2000
6,1229
3,811
1,250
5,981
6,4199
1,384
6,1508
6,1846
3,869
2,731
6,1985
1,904
5,1034
5,1125
6,1214
5,1081
1,236
1,375
5,1003
6,1860
1,315
6,1372
6,3798
6,2119
4,1235
3,719
1,240
6,1233
1,387
6,1700
1,292
1,388
1,337
2,435
6,1853
3,692
6,1976
6,1387
4,1293
2,642
1,362
1,381
6,1797
6,1853
6,1897
3,793
1,235
1,268
1,377
6,1695
1,237
4,876
4,962
5,1504
5,1712
1,237
1,362
6,1698
6,1750
6,5021
1,275
1,346
1,324
1,335
6,1434
1,294
6,1392
6,1413
2,574
3,940
1,469
1,268
6,1774
6,1243
6,1690
6,1742
1,410
1,290
1,536
4,1171
1,411
4,875
4,1215
3,933
4,1414
1,266
1,357
6,1840
6,1526
6,1753
1,508
1,396
1,290
1,270
6,1197
1,263
1,250
1,303
1,228
6,6029
1,234
6,2042
6,1867
6,1355
6,1922
1,306
1,315
6,1948
1,248
5,1040
1,228
3,804
2,552
1,304
1,407
1,242
6,1408
6,1643
6,1128
6,1789
1,396
6,1734
6,1153
1,220
1,280
1,234
1,322
1,236
1,265
6,5190
1,247
6,1193
6,1987
6,1795
6,2043
1,259
6,1297
6,1359
6,1361
3,945
1,343
1,240
4,880
1,246
4,1149
1,291
6,1875
6,1611
6,1805
6,1218
1,225
6,1552
6,1222
6,1159
1,436
1,222
5,1760
1,390
1,263
6,1876
5,1163
6,2032
6,1345
6,1793
6,1469
1,231
6,1196
6,1144
6,1581
1,302
6,1407
1,371
1,229
1,542
5,1367
6,1323
6,1650
1,336
6,1904
6,1915
6,1328
6,1799
6,2082
6,1210
1,390
6,1343
1,585
1,231
1,409
6,1775
6,1843
6,1870
6,1230
6,1310
1,516
6,1207
6,1179
6,3872
6,1169
1,333
6,1351
1,229
1,248
6,1386
2,475
6,1312
6,4548
6,1364
6,1287
1,450
6,1989
6,1741
6,1833
6,1186
1,369
6,1186
1,635
1,239
6,1360
6,2133
6,1785
6,2423
1,444
6,1147
1,447
6,1977
6,1722
6,1974
6,1525
1,335
6,1640
1,411
1,272
6,2098
6,1738
6,1891
6,2608
1,332
1,747
1,418
6,2448
6,1882
6,1293
6,1447
5,1106
6,1775
1,298
6,1552
6,1221
4,1046
6,1967
6,1978
1,438
1,236
1,360
6,1969
6,1949
6,4623
6,2039
6,1227
6,1688
1,383
6,1925
6,4448
1,292
1,368
6,1271
1,755
1,371
1,455
6,1798
6,4239
6,2116
6,1815
6,1195
6,2647
6,1977
6,1779
6,2141
2,423
6,2651
6,1417
1,365
1,297
2,604
6,1825
6,1267
6,1693
6,1525
6,1799
6,1838
3,630
6,1115
6,1517
3,684
6,5478
6,1568
1,517
1,629
1,367
6,1373
6,1900
6,1625
6,1874
6,1160
6,2141
6,2219
6,2339
6,1925
1,259
6,2281
1,418
1,354
1,425
7,2238
6,1985
6,1180
1,1957
6,1260
6,1227
6,1878
6,1987
6,3326
6,4994
1,454
6,1155
1,340
2,948
3,970
1,444
6,1616
1,414
1,428
6,1778
6,1330
6,2268
6,1858
6,1617
6,1932
1,510
6,1281
1,335
1,568
1,505
2,722
6,1891
1,362
1,439
1,465
6,1824
6,1395
6,2052
6,1405
6,1570
1,249
6,1228
1,341
1,425
4,1270
5,1570
6,1227
1,338
1,404
1,356
6,1327
6,1315
6,2058
6,1737
6,1404
1,390
6,1339
1,333
2,659
2,704
5,1675
1,646
1,349
2,903
1,445
6,1971
1,486
6,2017
6,1888
6,1217
1,522
1,8227
1,305
2,732
2,491
7,2169
2,733
1,323
7,2100
1,626
1,342
1,627
6,2174
6,1809
6,1546
1,281
1,386
1,371
6,1798
6,2080
5,1711
1,468
1,307
1,293
1,406
6,1323
1,428
6,1828
6,2039
1,434
6,1963
1,344
2,698
6,1718
4,1458
7,2159
1,433
1,425
1,414
1,419
6,1307
1,473
6,1286
6,1295
1,392
6,1326
1,377
2,795
2,645
2,933
5,1492
1,363
4,1341
2,1219
1,366
6,1201
1,410
6,1381
6,1278
1,396
6,1447
1,304
7,2325
5,1421
7,5387
7,2386
1,529
2,662
2,621
2,745
6,1191
1,492
6,1279
1,667
1,430
6,1300
1,368
2,878
4,1444
5,3729
7,4799
1,438
2,651
1,447
1,370
1,430
3,915
3,683
1,364
1,372
6,1443
1,335
5,1654
7,3061
7,2135
6,2099
1,395
2,728
2,577
2,727
1,534
1,334
2,720
1,509
1,428
6,2122
2,708
5,1897
7,1899
7,12601
6,1812
2,4528
1,348
5,1626
6,1655
1,320
2,547
1,339
1,393
2,604
6,1846
2,680
5,1713
7,4229
7,2540
7,8495
1,1096
6,2139
5,2036
4,1267
1,404
1,4614
1,383
6,1867
7,2066
6,1888
1,348
5,6247
7,2139
6,1795
6,1869
5,1598
2,579
7,2389
6,5893
1,357
2,1012
1,454
1,353
1,370
6,1775
6,1857
7,2179
6,1866
7,2322
5,1186
2,809
3,987
7,2182
1,296
2,687
1,435
1,528
1,386
3,917
6,1456
2,613
7,2648
7,2162
1,512
2,682
1,372
7,2180
7,2124
3,897
1,288
4,2241
1,373
1,410
2,666
6,1648
1,320
5,1493
5,3465
5,1728
2,571
6,1832
5,2102
5,1629
7,2040
1,484
5,1663
1,521
2,672
6,1768
6,1819
5,1612
7,2040
5,1563
7,2057
2,422
7,2421
5,1699
6,11427
7,2278
1,436
5,1715
1,508
1,331
7,2200
6,1368
5,1512
7,17103
6,3329
5,3488
1,431
7,2303
7,1763
7,4084
7,2134
2,773
7,2331
2,892
1,326
4,1161
6,1182
5,1612
6,1986
1,369
3,971
1,279
5,1841
7,1352
7,2671
6,1870
6,2996
5,1692
5,1881
1,385
5,1496
1,446
5,1612
7,2201
5,1602
5,1195
1,453
7,2101
5,11629
6,1865
1,471
2,787
7,8821
2,787
1,431
7,2018
1,441
7,2129
5,1590
3,1047
2,639
1,225
7,11228
7,1992
7,5300
5,1607
1,443
7,2603
1,446
2,724
7,2022
1,478
5,1463
6,1686
1,406
1,303
1,226
7,2102
5,1490
5,1739
6,7906
6,1757
6,2024
2,665
4,1291
6,1753
1,460
7,2144
2,667
1,319
1,396
1,223
5,30717
5,3318
5,1565
7,2205
5,2161
7,2585
5,1216
5,1529
7,8189
1,358
7,2087
2,445
1,255
1,207
1,224
6,1943
1,457
2,696
1,365
5,1495
7,2385
7,2115
7,2161
7,2192
7,2093
6,1821
2,451
1,228
1,212
1,368
5,12137
6,1821
1,457
7,3511
5,1782
6,2890
7,2173
5,1475
6,1986
2,412
6,1794
1,342
1,333
1,210
1,331
6,1896
6,9355
1,401
3,958
7,2060
5,11927
6,1985
6,1819
4,1502
1,329
6,2037
1,408
1,325
1,198
7,1784
5,1733
5,1477
1,486
5,1613
7,2237
6,1797
7,2135
7,2222
7,11869
1,249
1,392
1,366
1,332
1,206
7,1409
6,1917
2,684
1,386
6,1721
5,1079
7,2459
7,2179
5,1453
1,378
6,1709
5,1506
1,228
1,295
1,217
5,1080
1,502
2,614
1,296
4,1280
7,10528
2,802
7,2151
7,2026
5,1479
1,297
6,1885
1,270
7,1817
7,1642
7,1845
2,875
1,368
1,435
1,357
6,1816
2,600
7,2485
6,1899
3,1221
2,671
2,612
1,423
7,2175
4,1426
2,408
2,621
1,368
1,437
1,444
6,2357
1,392
6,1984
6,1744
1,506
7,2242
2,733
1,278
5,1369
5,1593
5,1123
1,321
1,260
1,356
1,447
7,2634
1,338
6,5912
6,1988
1,258
5,4651
2,470
1,288
7,1378
4,1388
4,1224
1,358
1,269
1,256
1,394
5,1455
1,320
6,1600
5,1583
1,432
4,1454
1,294
1,330
7,1888
7,1750
4,1906
1,362
1,247
5,1675
1,362
1,337
1,330
5,1447
6,3919
1,400
5,3936
1,292
4,1019
5,2960
5,1226
5,1481
7,1610
1,243
7,1398
1,311
6,2172
1,333
5,1573
2,576
1,243
5,1647
1,319
7,1495
4,840
3,958
7,1337
1,354
1,379
7,2116
5,1116
2,587
1,212
1,363
3,954
1,259
7,2280
1,286
5,1586
5,1153
7,2190
7,2097
1,264
1,262
4,954
1,411
2,616
1,335
1,370
2,598
1,249
7,2157
1,297
7,1437
7,1519
7,2020
2,723
1,457
7,2159
2,447
1,254
1,433
1,292
1,295
1,388
1,283
1,339
1,306
7,2236
7,1696
7,1446
7,1736
1,364
7,2031
7,1292
5,1097
1,277
7,1693
1,350
1,329
1,753
7,6068
1,352
3,883
7,1549
3,931
7,2194
1,266
5,1171
7,1364
4,919
1,336
7,1627
1,260
1,341
7,1665
6,1846
1,376
5,1631
7,2162
7,1740
5,1196
7,1532
7,2052
5,1065
5,1050
1,285
5,1174
1,365
1,226
5,994
6,1939
1,344
5,1575
2,697
7,1826
2,419
1,372
7,1956
4,1232
7,1599
1,220
2,489
1,370
1,253
7,1380
6,1847
7,2297
4,876
7,1641
7,3704
3,942
5,958
6,1801
4,1413
7,2440
1,291
7,1468
1,280
1,246
7,1412
5,1598
7,2107
7,1512
7,2136
2,523
3,1179
7,2132
7,2065
7,2253
2,695
1,229
5,1013
1,473
1,326
5,1210
2,543
7,2264
7,1446
2,624
3,617
2,504
5,1312
5,1196
7,1544
4,875
1,318
7,2110
1,443
1,556
4,958
3,1107
5,1578
7,2318
3,609
2,627
7,2257
5,1424
7,1467
2,625
7,2152
1,333
7,1700
7,1772
1,357
4,890
2,782
7,1603
7,2184
2,560
4,860
1,443
7,1980
7,5420
7,2050
7,2167
5,1474
4,1546
7,1712
7,1730
5,972
1,429
4,1622
2,520
1,435
7,1378
1,275
7,1678
7,1423
3,1087
7,1403
7,1401
5,2183
5,1510
2,653
7,2704
1,243
5,1163
7,1389
1,375
1,373
1,344
7,1321
7,1999
5,1648
7,1457
5,999
7,2309
2,776
5,1271
7,2007
2,577
7,2214
2,459
1,405
1,319
1,414
6,2149
2,2014
2,570
2,633
7,2074
2,638
3,1046
5,994
7,2208
1,336
7,1616
3,957
1,525
1,412
1,321
2,708
7,1783
3,683
7,1662
2,689
7,2252
7,1476
7,2223
2,642
1,238
7,2135
2,645
1,447
1,337
1,392
7,2226
1,342
3,943
7,2086
7,2022
7,1368
5,1768
4,1087
7,1936
1,380
7,2284
7,1442
5,1855
1,300
1,461
7,2096
2,527
7,1577
3,615
4,1298
5,1006
5,1200
7,2025
7,2021
1,227
7,2282
1,440
1,357
1,350
1,375
7,2043
7,1596
1,420
2,485
5,1264
2,391
7,2078
7,2120
7,1842
1,400
7,2316
1,432
1,501
1,347
7,2103
2,441
1,460
1,386
3,975
5,1550
2,650
4,846
5,3789
2,515
1,281
2,530
1,400
7,2476
4,1146
6,1886
2,549
1,349
1,333
7,2236
7,1721
3,1096
7,1589
7,2504
3,685
1,372
3,941
1,361
2,757
2,730
1,366
7,2133
1,483
1,392
1,401
7,2040
7,2153
2,466
7,2568
3,733
5,1654
2,688
1,386
2,733
1,335
2,625
1,480
1,409
1,390
1,452
7,1414
1,469
7,2210
2,695
2,720
5,1339
7,1663
1,361
3,1248
2,695
2,618
1,438
1,495
1,407
1,442
7,1973
1,480
4,1261
7,2334
1,496
7,1357
1,446
1,387
2,688
1,384
1,483
1,344
1,465
1,339
1,378
2,681
1,465
5,1371
7,2284
1,465
7,1874
1,740
1,336
1,310
3,1655
2,595
4,1968
7,2159
7,2106
3,914
7,1976
1,451
7,1413
5,1450
1,476
7,2008
1,433
6,2373
2,936
4,1540
2,668
1,379
7,2223
2,601
1,337
3,872
1,549
2,479
2,449
1,395
5,1523
1,385
1,620
3,1226
2,638
1,355
1,320
2,840
1,383
1,399
2,577
1,358
2,608
3,846
1,432
4,1503
1,468
1,523
4,1289
6,1832
1,424
1,336
1,345
7,2117
1,369
2,635
1,372
3,703
2,625
1,357
5,1524
1,265
1,432
7,4657
3,3141
3,1226
1,450
1,413
3,893
2,664
7,2285
6,1842
7,2219
7,1467
1,385
7,2178
1,391
2,591
7,2634
7,2072
7,2046
2,683
2,639
2,601
1,408
1,494
7,2198
1,399
1,497
2,720
2,681
2,737
2,594
6,2141
7,2113
7,2191
1,295
2,814
2,440
1,307
1,462
2,748
1,428
1,586
7,2050
7,1855
1,305
4,1350
7,2362
5,1623
5,1542
1,29010
5,1780
2,624
4,1431
2,717
1,347
1,477
1,529
7,2077
7,1986
7,5706
6,1940
5,1536
7,2207
5,1462
7,31693
7,2273
2,722
2,649
1,6454
1,360
4,1229
1,406
1,289
7,2392
4,1123
2,677
7,2188
6,1908
6,1877
2,846
3,943
1,471
7,2147
1,431
2,691
1,602
7,2366
2,642
7,2107
3,1035
3,921
5,4292
6,1910
6,1879
3,991
4,1199
7,2559
2,584
1,590
2,623
1,750
1,542
2,638
2,582
1,326
7,2274
5,1620
7,2381
5,1571
1,29500
4,5340
1,320
1,301
1,455
2,1635
1,394
1,466
1,324
3,916
2,612
1,342
6,1952
5,1598
7,2109
4,1965
5,1589
7,2010
5,1436
1,407
4,1216
1,439
1,409
1,365
2,553
2,594
1,371
4,1419
6,1818
5,1602
3,869
5,1681
7,2318
4,1073
7,5640
3,901
6,1954
1,490
3,937
7,2002
7,2129
6,2073
3,747
1,367
6,1930
4,1212
7,2421
5,1521
4,1159
1,388
1,331
2,577
2,591
6,1809
2,3828
4,1178
6,4666
4,1153
3,941
4,997
2,8255
7,2213
6,1858
7,9921
2,646
3,1036
2,802
2,590
4,1171
1,465
7,2103
5,1552
1,402
5,1454
6,1802
5,5725
5,1725
5,1613
5,1429
1,493
1,323
2,905
4,1381
7,2048
1,519
7,2080
7,10197
1,326
4,1121
1,362
5,1751
6,2003
5,1537
6,4731
2,736
5,1663
2,620
2,9358
5,1123
1,676
5,1760
5,1537
1,384
1,409
1,226
6,1891
5,1451
5,1607
7,2537
5,1622
7,2493
3,1066
5,1583
7,2282
1,416
7,3094
5,1625
1,233
1,534
1,252
7,3393
2,750
4,1312
6,1832
4,1277
6,1787
2,461
1,293
6,1767
1,332
7,4305
7,2223
1,225
1,239
1,222
5,2010
3,1217
5,1476
6,1992
4,1342
6,1820
3,934
4,1473
7,2068
1,593
6,3838
3,965
1,240
1,357
1,225
6,1839
3,986
6,1854
3,1007
1,290
7,2174
4,1197
3,901
5,4869
1,435
3,723
6,10896
1,233
1,361
1,213
6,9758
4,1533
6,1636
5,1697
3,908
5,1883
1,409
7,4023
5,1602
2,805
5,1580
4,1529
1,284
1,376
1,575
7,2203
2,658
1,333
5,1674
2,594
5,7530
5,5797
7,2412
6,1883
1,455
5,1484
6,2238
7,1369
1,482
6,1450
5,1611
1,482
1,245
6,1827
7,1972
4,1556
1,391
6,2162
1,227
2,748
6,1448
1,439
7,1740
1,288
7,2319
2,663
1,327
1,222
2,474
4,1191
3,841
7,2067
5,1731
3,1049
1,310
4,747
1,367
7,2498
7,1508
1,376
3,648
1,253
1,326
3,990
5,1633
5,1513
7,2247
7,3902
6,2014
4,1672
3,1236
1,305
7,5090
3,651
3,836
4,1115
1,256
1,253
1,382
5,1601
6,1704
5,3656
6,4371
4,1250
5,1917
1,355
1,259
6,1746
3,945
7,2132
3,987
1,318
1,286
1,399
6,4008
4,1291
5,1543
3,1033
1,566
2,740
1,221
1,301
7,2153
7,1954
7,2164
1,343
1,236
1,316
1,277
7,3030
1,362
7,2096
5,2930
1,370
7,14347
1,207
1,239
7,1874
6,1774
7,1415
1,223
1,329
7,2240
1,252
6,16598
1,298
5,1539
5,3363
1,414
3,1082
1,216
1,257
7,2379
7,1858
7,1850
1,225
7,1404
7,2015
1,299
3,1044
1,362
7,32053
2,601
1,425
1,360
1,233
7,1634
7,1608
7,1811
7,2237
1,264
2,528
7,2146
1,223
5,1174
1,355
5,1631
6,1483
1,323
5,1700
1,249
3,1042
7,5044
7,1759
7,2201
1,230
7,2175
7,1686
1,222
4,1365
1,248
4,1540
3,1252
1,477
7,12363
1,320
7,2214
7,2110
4,1433
7,2054
1,226
3,962
7,1717
1,227
6,1864
1,244
3,1136
4,1202
1,368
7,2375
7,2275
7,2218
7,2093
7,2326
7,1971
1,254
7,2319
7,1441
5,1149
3,996
1,432
6,1793
1,461
3,801
3,1092
7,2059
6,2214
7,2875
7,2384
7,1644
7,1433
7,3106
7,1509
7,1340
3,1247
7,1654
1,417
5,1095
7,2099
6,2012
3,874
7,2017
7,2138
7,2041
4,907
2,501
5,1767
7,1439
7,1784
1,332
7,1307
1,451
1,256
7,2449
5,1621
6,1663
7,6582
1,210
7,2090
7,1574
7,2270
7,2325
7,1860
7,1625
1,247
7,2235
1,324
1,212
7,2492
6,3875
7,2031
7,1772
1,658
7,1506
1,311
3,1001
7,2498
7,2089
7,2164
1,262
3,1826
1,298
1,250
6,3121
7,2322
7,1653
7,1705
1,351
4,795
1,242
7,2435
7,1828
7,2275
7,2153
1,443
6,1901
1,316
1,238
7,1945
5,1936
7,1983
7,1837
1,400
1,219
1,269
7,2263
7,2022
7,1966
7,1442
1,252
7,1921
1,352
1,238
7,2145
7,2099
7,1958
7,2328
1,260
1,528
1,257
6,1873
7,1853
7,2132
2,766
1,303
7,2340
1,240
1,252
4,1443
4,1231
7,1830
7,2084
1,239
1,236
1,228
7,2377
7,2271
1,547
7,2042
1,264
7,1730
7,1436
1,233
7,2539
6,1849
7,2247
4,1067
1,352
1,219
1,220
7,1845
4,1169
1,261
7,2100
7,1573
7,1851
7,2252
2,591
7,4135
1,332
7,2273
1,335
1,240
1,246
1,389
5,2160
7,1958
7,1557
7,2147
7,1414
7,1674
7,2338
7,1870
7,2589
1,227
7,2177
7,2329
7,1948
1,215
7,1692
7,2210
1,386
1,229
7,1828
3,3179
7,2026
7,2108
6,1892
7,4664
1,266
7,1570
1,356
2,781
1,301
7,1973
7,2012
1,241
1,582
7,2670
7,1921
7,2030
7,1965
7,1778
7,4387
1,333
4,1085
1,267
7,2140
1,328
2,673
7,2230
1,237
1,376
7,1408
6,1710
4,861
7,2041
7,1746
7,1419
1,218
1,333
1,267
7,2227
7,2421
7,2236
4,868
1,227
1,354
7,2301
7,2016
1,307
7,1762
7,1904
1,255
1,254
1,331
1,347
7,2582
7,1552
7,2218
1,442
1,232
1,277
1,321
7,1459
7,1381
7,2120
7,2306
7,1890
1,208
1,210
1,518
7,2281
6,1337
7,6044
7,2226
1,244
2,578
1,347
7,1433
1,339
7,1963
7,2370
1,493
5,1410
1,206
1,495
7,2027
2,777
7,2123
1,462
1,232
1,443
1,252
7,1892
1,235
7,2381
7,2389
1,307
7,1579
1,233
1,375
7,2136
7,1954
7,1994
1,332
7,1398
7,2343
1,414
7,2200
1,317
7,1612
7,2067
1,242
7,2289
1,287
7,1633
7,1341
7,2368
7,1546
1,423
7,1593
7,2164
1,352
7,2010
1,243
7,1484
7,2045
1,234
3,1123
1,225
2,556
7,1904
7,2297
7,1583
1,342
2,672
7,2008
1,238
7,1899
1,239
7,2271
7,1648
1,268
7,2137
1,334
7,1838
5,1484
7,2243
7,2011
1,287
6,1964
7,2096
1,307
7,1437
1,262
2,575
1,334
1,281
6,1894
7,1784
2,791
7,2406
7,1634
5,1479
1,286
7,2274
7,1561
7,1790
4,785
1,239
1,462
7,1669
1,231
7,1495
2,681
7,2267
7,1999
1,503
7,2221
1,232
7,2070
7,3071
2,678
1,214
7,2363
1,224
7,1533
6,1806
7,1369
7,2016
7,2520
7,1623
7,1690
7,2153
7,1769
7,1633
7,2448
7,1737
1,350
7,1490
1,235
1,372
2,728
2,663
7,2329
7,1697
7,1785
5,1736
7,2009
7,1413
7,1689
7,2414
2,503
1,297
7,1815
1,226
1,318
7,1917
7,2112
7,2123
7,1865
1,442
6,1788
7,2104
6,1705
1,391
7,1731
7,2264
1,498
7,2401
1,271
1,368
1,2185
7,2969
7,2129
7,2060
1,253
7,2239
1,367
7,2150
7,1876
7,1752
7,2033
1,262
7,2086
1,310
1,337
7,2240
7,2203
7,1507
7,2072
1,578
7,1703
1,256
7,2125
5,1031
5,1770
7,2344
1,252
7,1895
1,283
1,392
7,2258
7,2893
7,1641
7,1457
1,251
7,1679
1,221
7,1944
7,1890
6,1886
7,2184
1,328
7,1722
7,1940
1,248
7,2265
4,971
7,2088
5,1524
1,246
7,2709
1,245
7,6291
7,3710
7,2147
7,1878
1,318
7,2621
5,1232
1,268
7,2133
1,381
7,1525
5,1309
1,272
1,425
1,245
7,2248
7,2159
7,1642
7,1499
7,1915
7,2168
2,600
7,2279
7,1984
7,2274
7,1673
7,1529
1,285
1,426
1,247
7,2255
7,2115
1,577
5,1726
7,1489
7,1391
7,2090
2,704
1,540
7,2269
7,2061
7,2147
7,1743
1,240
1,264
7,1875
7,2349
1,323
7,2521
2,614
7,2373
7,2106
1,420
7,2097
1,279
5,1637
7,1935
3,903
1,219
7,1907
1,400
7,2034
1,328
7,2176
7,1437
7,2025
1,301
7,1833
7,2405
1,362
7,1900
7,2148
7,2218
1,605
3,811
7,2140
1,338
1,250
5,1396
7,2110
7,2512
7,2335
7,2242
7,1744
1,339
7,2457
1,429
7,2294
1,339
7,1770
7,2204
1,374
1,225
7,1707
7,1758
7,1672
7,2244
7,1655
5,1725
1,266
7,2155
1,269
7,1499
1,241
7,1369
7,1670
1,262
1,252
7,2524
7,2069
7,2034
7,1577
7,2222
7,2061
1,265
1,434
1,320
7,2444
1,247
7,2137
7,1824
1,303
1,224
1,400
7,2852
1,363
7,1955
7,1600
6,1969
1,295
1,233
1,318
7,1594
3,889
6,1691
7,1483
1,534
7,1642
1,370
7,1660
1,258
7,1517
7,1285
7,2222
1,344
1,295
1,403
7,1475
4,1322
7,2185
1,422
1,344
4,1296
1,320
5,1099
1,232
5,1854
7,2122
1,348
7,2129
1,238
1,339
7,1501
7,1906
7,2071
1,403
1,335
5,1126
1,238
7,1444
1,286
7,1873
5,1181
1,264
7,1816
1,232
1,364
7,1662
7,1463
7,2481
1,252
7,1414
3,678
1,223
7,1628
1,262
6,1466
7,2126
1,371
2,602
1,228
7,2195
4,1246
7,1910
4,1367
1,262
7,1516
7,2303
1,415
7,2216
1,237
7,3724
6,1917
1,238
7,2211
1,298
7,1304
7,2697
7,2040
7,2231
1,298
3,858
7,1672
1,234
7,2536
1,258
7,2486
7,4049
1,388
7,1470
7,1671
4,803
7,2304
7,1600
7,2039
1,276
7,1326
7,1767
7,2105
7,1707
7,2337
7,1696
7,2285
1,457
7,18083
3,637
3,950
7,1381
6,1852
7,1659
1,229
7,1473
6,1362
4,1031
7,2278
3,687
7,1707
7,2804
1,237
7,2075
7,1962
7,1886
7,1450
7,2174
7,2226
7,1378
7,1519
7,1930
7,1497
1,330
7,1520
1,303
1,326
6,1508
7,1915
7,1603
7,1354
2,798
7,1466
1,492
7,1896
7,2125
7,2039
7,1926
1,239
7,2009
1,255
1,228
7,1741
7,1665
7,1546
7,3804
1,374
7,1626
7,2063
3,622
6,1813
7,1470
5,1431
1,348
7,2216
1,270
1,339
4,1062
7,1393
6,1672
7,2327
1,340
7,2434
1,472
7,1973
7,1474
3,953
7,1676
1,233
7,1522
1,282
7,1902
3,1202
5,1164
7,1376
6,1237
1,273
7,2262
1,221
7,1620
4,1212
7,1610
6,1923
1,293
6,1639
1,300
1,329
7,1642
7,1987
7,1391
7,1375
1,237
7,1935
1,242
7,2133
7,1531
2,899
7,1804
1,433
7,1461
1,265
1,352
1,301
7,2299
4,1212
7,1803
1,230
7,1550
1,231
7,2205
7,1780
4,1462
7,1393
1,363
7,1363
1,350
1,314
7,1500
7,3431
7,1541
4,1544
1,273
1,233
1,284
7,1992
7,1699
7,2033
7,2453
7,2379
7,1398
3,768
1,487
7,1570
7,4647
7,2180
3,941
1,324
1,519
1,253
6,1165
7,2286
7,1838
7,2164
4,1173
7,1733
4,1283
7,1944
7,1960
1,414
7,2023
7,1624
5,1875
1,257
1,293
7,1360
7,1739
1,314
3,1039
3,720
4,1036
7,2105
4,911
7,2323
1,296
7,2169
7,1598
7,1805
1,248
7,1593
4,1014
1,250
1,395
7,1856
7,1737
7,1865
7,1815
7,1858
7,2262
1,336
7,1511
7,1541
7,2291
1,256
7,1940
7,1983
1,323
1,270
2,460
7,1510
7,2155
7,1555
7,1583
4,947
1,284
7,1543
1,236
2,822
1,220
3,922
7,2203
1,314
1,297
7,1953
7,1835
1,306
6,1813
7,1939
7,2012
1,235
1,220
1,437
7,2129
1,213
7,2220
7,2247
1,368
1,236
7,1487
7,2527
7,1396
7,1484
6,1263
3,851
1,269
1,318
1,270
7,2032
1,219
7,2252
7,1425
1,222
1,317
1,261
7,1493
1,391
4,1288
7,1349
7,1945
1,235
1,217
1,316
1,364
6,1951
1,434
1,250
1,241
1,294
1,517
6,1849
1,228
7,1581
7,1392
7,2005
7,1806
1,237
1,269
7,2051
1,412
7,1644
1,477
1,283
1,250
1,305
3,1026
1,218
7,3754
3,978
7,1958
7,1453
1,231
1,254
7,1669
7,1989
7,2319
1,341
1,290
1,291
1,257
4,1039
1,229
7,2217
7,1845
1,440
3,920
1,233
1,300
7,1538
3,1050
7,2055
1,343
7,1436
7,2522
1,233
7,1926
1,210
7,1796
7,2006
1,360
4,1121
1,332
1,283
7,1421
7,2126
7,2213
1,259
7,1627
7,2109
1,231
7,1686
1,322
3,1097
7,1724
1,504
7,1588
1,306
7,2022
5,1617
7,1673
7,2308
1,374
7,2132
6,2074
1,223
7,1901
1,345
7,2466
7,1638
1,283
7,2161
7,1620
7,2216
7,2097
7,1444
7,1596
1,309
7,1733
6,2235
1,343
7,1635
7,2248
1,298
7,1546
1,293
7,2384
7,1994
6,1857
7,2071
7,1448
4,955
1,254
3,1024
3,902
7,1487
7,2344
6,1781
7,1424
1,350
1,299
7,1803
3,2645
7,2040
6,1413
7,1519
7,2344
7,1479
1,288
7,1931
2,686
1,380
7,1567
7,1527
1,386
1,300
6,1676
7,1458
7,2217
5,1319
7,1521
7,6121
6,1651
7,2569
7,2263
7,2016
1,341
3,696
1,354
1,327
7,1878
7,1371
1,343
7,2434
1,492
7,1664
6,3094
7,1998
7,2667
6,1791
7,1489
1,268
7,1385
1,357
1,248
7,2184
4,1225
7,2155
7,2133
1,258
7,1773
1,556
3,659
7,1953
7,2207
7,1425
1,247
7,2277
1,223
1,214
6,1579
7,2390
7,1695
1,218
1,318
4,1035
1,348
7,1855
7,2233
7,2122
7,1668
1,220
7,2143
1,270
1,222
7,2106
3,2056
7,2161
7,1658
1,339
7,1894
1,340
7,2307
7,2219
7,1945
3,788
1,232
3,783
1,264
1,337
3,950
7,1981
7,2215
7,1473
1,371
7,1714
1,363
1,306
7,1563
7,2440
7,1953
1,340
7,1821
1,245
1,247
1,424
7,2272
7,2037
7,6469
3,972
1,397
1,320
7,2083
7,2006
1,330
7,2294
1,247
7,1541
1,301
7,1879
7,1760
7,1621
7,1822
7,1482
1,318
1,260
1,221
7,2056
7,2045
1,249
7,2118
7,2195
7,2112
6,1457
2,752
7,2157
1,241
7,1624
1,413
1,280
1,226
1,233
7,3757
4,1235
4,1089
7,1623
6,1885
1,505
3,971
7,2274
7,2246
3,851
4,1021
7,1721
1,260
1,229
1,216
7,1666
6,1515
7,1558
7,1715
7,2009
7,1942
6,1415
3,950
7,1446
1,307
7,1806
7,2111
3,751
1,205
3,816
1,421
1,979
1,402
5,1082
7,1557
7,1880
7,1616
7,1850
1,459
1,226
7,2027
6,1997
1,431
1,233
8,1556
7,1883
1,397
1,361
7,1728
3,619
4,1212
7,2256
7,1489
7,1856
1,259
6,1392
1,477
8,2468
1,392
8,2537
4,1681
1,363
1,248
4,3929
7,1762
4,1128
7,2106
2,701
7,2517
1,308
1,478
1,465
8,2585
1,234
1,300
7,2296
1,246
1,316
7,2090
7,2162
1,479
7,1621
7,2077
7,1744
1,219
1,337
1,253
4,1466
8,2267
3,1039
6,1378
1,239
1,256
1,424
7,2288
1,244
3,658
7,2308
4,1304
1,300
1,231
1,425
5,1540
1,441
5,2103
2,559
1,225
1,235
1,493
7,2015
1,255
7,2036
7,2328
6,1389
1,233
1,236
1,325
1,583
8,2607
8,2493
1,468
1,279
1,236
1,254
1,490
1,333
1,273
5,1488
1,427
7,1862
1,334
1,288
8,2668
7,2023
8,2341
1,552
1,264
3,600
1,321
7,1991
1,271
7,1776
4,1184
1,366
7,1938
1,388
1,278
8,2491
5,1574
5,1222
1,321
3,644
1,217
1,279
7,2145
1,472
4,1119
7,1852
1,356
7,2226
1,228
1,406
8,2447
8,2685
8,8242
1,440
8,1700
5,957
1,377
7,1936
1,226
7,1706
7,1572
1,332
4,1631
1,360
3,967
5,5276
8,4886
8,2604
1,290
8,2345
7,1432
1,267
4,900
1,233
7,1658
7,2198
1,314
7,1605
3,940
8,1671
7,7109
8,3047
8,2485
1,256
8,2317
8,1990
1,219
7,1873
1,337
1,940
5,1202
1,503
7,1876
8,2630
8,2164
8,2409
1,327
8,2706
1,411
1,379
8,2364
1,665
7,1590
3,1286
7,3337
1,378
1,354
1,443
8,2696
8,2121
8,1970
8,2652
7,2117
3,836
8,2710
8,2385
8,2388
1,391
1,469
4,1387
1,245
1,597
7,2313
1,369
8,5321
7,2277
8,2783
5,1819
1,331
5,992
8,3682
5,1209
1,262
8,2503
1,545
1,231
3,1089
7,2359
5,1450
5,1682
8,2509
8,2297
8,2666
6,1229
5,1534
5,1305
8,2443
1,306
8,2451
1,343
1,214
8,1713
7,1607
8,2511
8,2585
4,1215
8,2519
8,2655
1,331
8,2619
8,2748
8,2463
1,356
7,2104
8,1927
1,312
8,2915
7,1697
5,1562
8,4942
7,2375
8,2578
3,1259
8,2481
8,2548
5,21466
4,1519
1,327
5,1593
1,328
1,237
8,2514
7,2350
5,1497
8,2421
3,1003
3,1078
1,311
8,2724
5,5123
8,2426
8,2233
1,250
5,1386
1,273
1,227
4,1265
7,1511
8,2329
8,2573
2,742
7,2170
1,377
3,1570
8,1781
3,914
1,440
1,236
8,2301
1,302
1,222
8,2462
6,1698
8,2370
8,1770
1,1133
8,2442
1,344
5,1575
8,2436
8,2363
8,7191
1,233
8,2395
1,298
8,2562
5,1759
3,882
8,2398
5,1190
1,354
7,2174
1,363
8,2423
8,2842
8,2430
8,3004
1,244
8,2112
3,942
5,1072
8,2790
1,333
8,2664
8,1590
1,335
1,773
1,331
8,2428
7,2232
8,2513
8,2244
3,767
5,1653
1,464
1,590
8,2617
1,351
8,2678
8,2408
1,356
1,369
1,259
8,2549
8,6731
8,7027
8,2413
8,1634
8,2292
1,244
8,2715
5,1917
1,253
8,2345
8,2218
1,351
1,347
1,328
5,8960
3,620
3,916
8,2623
8,1542
7,1686
8,3066
4,1772
7,2217
1,288
7,2831
3,1127
1,385
1,342
1,315
8,2487
3,872
8,7501
3,1051
8,2571
8,2914
3,1028
8,2548
8,5595
1,259
3,1109
1,319
1,327
1,328
5,1581
7,2366
1,421
1,456
7,2383
7,2114
3,1182
1,402
7,2219
8,16930
1,220
8,2512
1,397
5,4981
1,477
8,2560
8,3469
1,455
1,378
8,2726
5,1074
8,2640
5,1690
8,2359
8,2896
1,289
3,1173
1,538
1,293
1,442
4,1144
8,2912
1,394
1,261
7,2329
5,1282
3,1099
8,2525
5,1416
8,3599
1,274
1,447
1,365
6,1785
1,246
1,393
5,1856
1,399
1,457
4,6116
8,2098
7,2837
8,5745
8,1741
8,3744
8,1953
1,396
1,399
4,1246
4,1110
2,732
7,1742
5,1472
1,329
1,467
8,5666
8,2896
8,2384
8,14343
4,1589
8,2835
1,360
5,1629
8,2044
4,1180
3,959
3,825
1,246
1,508
1,682
8,2286
1,430
8,2795
8,3660
3,955
1,452
1,419
1,330
1,246
8,2133
6,2260
8,1821
1,329
1,345
1,432
8,13496
1,245
8,2406
3,680
1,434
5,1661
1,475
1,519
2,577
1,280
8,1907
2,654
1,354
1,266
1,374
8,1538
1,328
5,5405
4,1464
1,462
8,1640
1,470
1,699
3,900
8,2044
8,2373
1,480
1,355
6,1621
1,302
8,2718
1,444
8,2884
8,2452
1,398
8,6405
1,403
4,1337
2,422
2,423
4,1253
1,392
8,2139
4,1601
1,294
8,2411
1,234
5,1487
8,2665
1,467
7,2354
1,386
8,1799
6,2011
4,986
8,2153
1,356
4,1212
5,1242
1,317
3,1049
1,370
7,2416
7,9790
1,410
8,2550
6,1792
8,1810
8,2001
6,1780
8,2349
1,366
8,2256
4,1341
1,246
8,2402
1,2133
8,9296
8,2527
1,442
8,2471
4,1043
5,1491
4,1345
2,730
4,1323
1,403
1,285
8,2653
8,1805
1,387
2,2101
8,5575
3,786
1,364
5,1460
8,1876
3,977
8,2307
8,2452
8,2110
1,490
2,630
3,817
1,334
1,402
6,1833
3,831
1,618
1,584
8,2774
2,524
8,2263
8,1732
8,2317
8,2752
5,1394
6,1701
1,370
2,453
1,357
1,351
8,2509
1,353
5,1463
8,2595
2,607
8,2409
4,931
8,5260
8,2974
1,385
8,1950
8,2218
4,999
1,343
4,1043
1,347
1,2553
8,2114
8,2399
6,1263
8,2287
8,2218
8,2389
7,5298
1,357
3,570
2,704
5,1232
1,265
8,1982
1,419
1,621
4,1320
8,3237
2,646
4,1065
8,2596
8,2487
6,1733
6,1338
4,1215
4,932
8,1711
5,1539
8,1718
1,354
1,276
8,2289
8,3449
4,1239
8,2282
7,2591
7,2636
2,589
4,956
8,2216
8,2877
8,1705
1,362
6,1835
1,297
8,2556
5,1238
7,1679
8,2416
8,2125
6,1888
8,1913
4,838
8,2212
8,1738
8,2219
1,276
1,493
2,765
1,354
1,506
1,241
3,1251
8,2354
8,2120
2,590
4,827
1,467
1,245
8,1519
8,2370
8,2212
2,493
2,824
1,286
1,2136
8,2141
1,606
8,2300
4,989
6,2056
6,1267
1,366
2,564
4,1227
8,2398
2,858
1,572
2,828
1,403
1,301
3,1143
1,554
8,2535
3,732
4,939
2,488
1,249
8,1849
8,2536
3,1312
8,1869
4,1312
8,3056
6,2027
2,672
8,1836
1,363
4,1205
8,2211
8,2729
6,1391
1,231
3,592
2,733
8,2253
8,2492
5,1262
8,2755
1,333
8,2158
4,878
1,509
8,2406
8,2487
1,436
1,458
1,221
4,1001
6,1573
4,1050
8,1817
8,2394
8,2560
4,1434
1,466
7,1990
1,328
8,2547
4,1111
1,406
1,244
1,231
8,2669
7,8610
5,1502
4,1432
1,342
8,2322
1,382
5,1673
8,2451
1,278
6,1932
1,431
1,433
1,287
1,248
8,2474
8,12685
7,2099
7,2008
3,687
4,860
3,1188
2,619
4,1490
1,267
8,2438
1,420
1,396
1,223
1,212
8,2716
4,867
8,5371
6,1916
8,1925
4,1423
8,2232
8,2116
8,2539
1,237
2,543
1,458
1,378
1,216
8,2486
8,2493
1,319
1,448
3,1161
6,1535
8,5543
2,634
7,2187
8,2804
1,218
6,1384
1,328
8,2384
1,213
2,533
4,1501
1,224
1,373
8,2677
8,2180
8,8434
2,507
8,2466
3,1342
8,1873
4,883
1,429
1,334
1,218
7,1793
8,2873
1,335
1,336
7,2320
8,2135
6,1665
6,1627
4,1175
8,2804
4,1064
1,508
8,2111
1,359
1,208
8,1969
7,2056
1,300
1,312
6,1900
8,2331
6,2030
8,2955
8,1739
7,2114
8,2087
1,402
1,293
1,301
8,2404
1,297
6,1516
1,352
1,339
3,741
3,669
4,971
4,1377
6,1948
4,1303
7,2243
1,313
1,276
8,2543
8,2152
8,2494
8,7111
1,364
1,354
1,193
8,1623
1,331
8,2702
8,2651
1,240
5,1306
1,265
1,405
8,1979
1,323
8,2522
4,1098
1,417
1,391
1,327
4,1239
1,226
4,1075
7,2468
1,440
8,2566
1,231
8,2496
1,577
8,1709
1,284
6,1271
1,340
1,376
1,386
8,2259
1,324
8,2227
8,2775
1,240
2,641
1,228
8,2240
1,269
8,2408
8,2188
1,451
8,2331
8,2948
1,420
8,2630
1,329
7,2352
3,969
1,391
4,1449
1,219
8,2549
8,2245
8,2580
8,2344
1,406
8,1834
8,1670
1,443
7,1871
1,214
8,3256
6,2118
1,238
8,1838
1,229
8,2362
8,2389
1,312
6,1797
1,326
8,2830
8,2615
1,542
8,2657
1,212
8,2632
8,2500
1,210
8,3976
8,2147
8,2585
8,1682
8,2897
8,1640
1,428
8,2630
8,2213
1,422
1,518
1,340
5,1248
1,224
1,210
8,2639
8,1776
8,2695
8,2779
7,5274
8,2338
1,512
1,531
8,3509
1,488
1,338
1,341
2,557
4,884
1,218
8,11286
8,1777
7,2265
7,2126
8,2853
8,1964
8,2433
1,493
1,265
8,2069
1,384
1,436
6,1306
1,534
1,208
4,1289
1,288
8,2619
8,2376
8,2437
7,2400
1,358
8,2634
8,2772
6,1891
1,521
8,4752
4,975
1,405
2,836
3,1302
8,2421
8,2654
8,1663
8,2476
8,1830
1,346
8,2492
8,2135
8,2446
1,299
8,2515
1,437
1,244
8,2689
8,2497
8,2090
8,2519
7,2189
8,1905
2,562
1,399
8,2168
8,2556
8,2371
1,306
8,2418
8,2086
1,265
8,1973
8,2329
8,2267
8,1653
7,1533
7,2100
6,1439
2,719
8,2420
8,1810
8,2219
1,405
1,310
1,455
1,231
8,2732
6,1495
7,2134
8,2632
1,294
7,1439
1,339
8,2861
8,2466
7,5060
8,2276
1,469
8,2741
1,517
1,341
8,2879
4,965
8,2430
1,298
2,628
1,252
1,222
8,1856
8,1490
8,2369
5,1245
8,2419
7,1931
1,395
1,236
1,366
1,507
8,2440
1,464
1,471
3,850
1,218
1,426
8,1720
8,1822
1,351
8,1937
8,2626
1,325
1,243
8,1958
1,495
8,7383
1,568
1,391
5,1657
1,227
8,2149
7,2325
7,1947
8,2438
8,2612
8,2500
8,2296
8,2764
6,1969
1,697
8,2471
1,491
1,349
1,429
1,212
8,2440
7,1829
8,2680
1,347
8,2526
7,2087
1,248
8,2497
7,2056
1,456
7,2166
1,502
8,2605
1,1351
1,307
8,2273
3,763
1,297
7,1413
8,2849
8,2203
1,337
8,2566
8,1820
1,500
8,2024
8,2493
1,373
1,342
1,345
8,1839
5,1811
1,401
8,1699
1,329
8,2780
1,432
8,2405
8,2438
1,454
1,414
1,311
1,299
1,336
1,318
8,2513
1,346
1,359
8,1661
8,1568
8,1899
8,2595
1,349
8,1662
1,359
1,496
1,351
1,469
1,222
8,3263
8,2776
1,296
1,355
2,643
8,2507
8,2645
1,508
8,2717
8,1996
1,275
1,319
1,402
1,415
1,217
7,2265
7,1744
1,249
1,491
8,2055
7,2268
7,2298
8,2055
8,1981
8,1711
1,230
1,393
1,426
1,376
1,209
6,2347
8,2563
1,257
2,755
7,2456
8,2542
1,495
8,1875
8,2404
7,1997
8,2589
1,387
1,331
1,280
1,217
8,2564
7,2460
1,313
1,555
7,2768
8,1675
3,852
8,1692
7,2091
1,338
8,3256
1,423
8,2902
6,1804
8,2473
1,558
1,339
1,346
8,4160
1,389
8,2385
5,1285
8,2007
8,2153
1,510
8,3375
1,357
8,2789
8,2454
1,409
2,782
5,1693
1,294
1,528
1,385
7,1599
1,396
8,1974
8,2401
1,354
7,2107
1,258
8,2892
8,2399
8,2143
8,2472
1,468
1,263
1,296
1,326
8,2342
1,708
8,2485
7,2302
1,625
8,1604
1,314
8,3987
2,727
2,620
4,3378
8,2504
1,429
1,319
3,954
1,345
1,262
8,2557
8,2361
1,423
8,2191
8,2821
7,2219
8,2451
2,403
2,844
1,352
8,2414
1,318
1,345
3,749
1,312
8,2464
8,1740
1,298
8,2387
8,2620
7,1874
8,2265
7,2442
8,3152
1,311
8,2712
8,2442
1,456
5,1103
1,471
7,2159
1,375
1,477
7,2140
8,2669
4,3897
7,1466
5,2955
7,2203
1,277
8,3870
8,2330
1,501
1,490
1,333
8,1641
1,487
1,431
8,2545
2,739
7,1812
2,674
8,2450
1,376
3,680
8,7721
2,520
1,398
1,235
1,355
1,441
1,455
1,430
8,1971
8,3055
2,668
8,2634
7,2819
2,582
1,257
2,745
4,1183
1,369
1,327
1,332
1,227
1,253
8,2423
8,2419
8,2777
8,2394
8,1892
4,1209
8,2385
1,251
2,590
8,6341
1,437
1,332
1,474
1,377
1,372
6,1894
8,1622
7,2002
8,2885
8,2611
8,2303
8,2286
1,314
8,3128
7,2098
1,391
1,513
8,2888
8,2626
1,231
5,1574
8,2520
2,578
8,2621
6,1511
8,4691
7,3759
1,245
7,2441
4,1279
1,318
1,366
8,3958
1,352
1,233
8,2450
1,299
8,2456
1,511
8,2090
8,2516
6,1418
1,298
2,666
7,2130
8,2582
1,423
8,4378
1,535
1,369
8,5068
1,672
5,5068
1,355
6,1630
8,2236
8,5338
8,2064
7,8705
6,1778
7,2122
1,492
3,871
1,425
1,265
8,2392
1,492
7,4673
4,1299
3,1059
6,1802
4,960
8,2370
5,1427
8,2516
2,657
8,3080
7,5409
8,2479
1,275
2,639
2,682
8,2369
6,1896
5,1233
6,1853
1,329
2,882
8,1745
8,2452
7,2184
1,296
8,2342
1,307
7,2334
7,2403
1,472
6,1887
3,1197
3,1368
3,961
6,1470
8,2614
8,2547
8,1920
8,2762
8,2505
2,763
1,384
1,428
2,622
1,508
8,2304
3,1185
5,1674
1,1515
1,414
7,2603
6,1846
4,1402
5,964
8,2739
8,3388
1,355
8,2638
2,826
1,535
1,437
5,1448
1,315
8,2740
1,233
7,2208
6,2021
8,2570
8,7700
8,2568
5,1660
8,1714
2,888
3,1787
1,380
6,1964
5,1335
8,2592
4,1560
1,245
8,2448
8,1941
6,2177
2,641
8,2453
7,2207
2,848
8,2519
8,2493
1,384
3,901
1,366
1,357
1,303
1,409
4,1499
6,1967
4,1414
7,2217
3,939
2,512
4,1661
2,692
8,2214
1,376
1,381
1,353
1,352
1,354
1,324
2,589
1,352
1,574
7,2494
2,661
8,1964
7,2501
8,2591
8,2393
1,346
1,479
1,264
1,405
1,354
1,518
8,5924
3,828
1,327
5,1594
7,2517
8,2498
8,2685
7,2235
8,2068
1,329
1,331
1,294
1,339
1,327
1,336
2,594
1,396
1,345
8,2466
7,2552
8,2428
8,2091
4,1302
6,1796
8,2854
1,641
1,311
1,245
1,320
1,353
1,468
1,289
1,271
1,422
8,2869
5,6274
4,2613
7,6812
1,455
8,2573
1,374
1,311
1,482
1,241
1,429
6,1859
1,257
1,300
6,1947
5,5693
6,6066
2,524
8,2538
6,1701
7,4706
3,949
1,319
1,1683
1,316
8,2314
7,1512
1,535
1,347
8,2733
8,2206
3,1131
8,2883
2,796
2,804
8,2770
5,1318
1,425
1,495
1,393
8,2276
8,2755
1,390
1,396
6,2139
8,2234
1,500
8,2853
6,2257
1,792
6,1904
3,958
1,432
7,5992
8,3023
1,350
6,3279
1,443
1,456
8,2482
5,1625
6,1326
6,1854
8,2510
6,1755
7,2477
1,266
7,2113
8,2273
4,2856
7,8325
1,367
1,716
1,338
1,419
8,2316
1,409
4,916
8,1802
7,2078
8,2483
5,1142
8,2421
8,2630
1,422
8,2508
4,1527
1,474
7,1785
3,1063
6,1849
1,514
8,2426
6,1870
1,480
4,1348
1,403
8,2293
8,4934
8,2428
6,1874
6,1940
1,515
6,1867
1,407
1,490
1,479
4,1471
1,480
1,380
7,2089
1,332
8,2109
8,2154
8,2672
8,2334
7,2425
7,2087
2,610
1,481
3,989
1,362
6,1894
4,1291
1,552
2,2439
1,430
8,2282
8,2429
8,2352
8,2397
1,721
1,404
8,2720
5,1216
1,438
1,300
1,395
6,1552
1,548
7,2288
1,364
8,5056
8,14179
4,1166
7,2025
1,509
8,2337
8,3869
8,1883
1,337
1,448
2,751
3,720
1,408
8,4579
1,491
8,2603
7,5164
7,2301
7,2165
7,2209
8,2228
8,4173
1,323
1,571
1,271
6,1717
3,928
1,422
3,962
8,2725
1,461
1,357
8,2862
1,326
1,452
8,2430
8,2506
1,440
1,389
1,264
7,1873
5,1419
1,370
3,1203
8,2171
7,2141
6,10461
8,3067
5,1616
1,453
8,2529
8,3551
7,2164
1,558
7,5553
1,498
5,1035
1,340
5,1545
8,2670
8,6109
8,13781
7,3626
8,2986
1,357
8,2468
8,6780
1,326
1,381
8,2406
1,273
1,419
8,2428
8,2529
8,2551
8,2385
8,2936
8,22523
7,13724
1,356
7,2409
1,358
1,1151
1,447
1,1025
1,327
1,228
8,2524
5,1377
7,2876
8,2290
8,16483
8,13849
8,2376
1,358
8,2454
7,2294
1,441
1,515
2,611
1,278
1,348
7,9574
1,318
8,23337
6,2694
8,2654
8,2874
2,1272
8,2189
1,365
2,606
1,428
7,2313
8,2023
1,517
1,307
6,1915
4,1313
7,2506
7,5582
2,610
8,2671
8,2340
1,237
5,1500
8,6631
2,843
1,562
8,2392
1,335
1,548
8,11449
1,362
6,2111
8,2691
1,364
1,426
1,450
1,256
7,2559
8,2857
8,2821
8,2925
1,400
8,2200
1,365
8,18135
6,1522
8,3328
2,713
1,261
8,2593
3,831
1,344
8,2503
6,7402
8,2467
8,2520
8,2424
1,471
5,1638
8,2518
5,1468
8,22320
1,325
1,326
1,494
1,451
6,1904
8,2296
8,2561
7,2103
8,2159
8,2663
1,469
1,463
8,2384
1,374
8,12948
1,538
1,390
1,305
1,277
8,4980
8,2411
8,2142
8,2379
8,3110
8,2400
7,2381
1,527
5,1482
1,283
8,2294
1,371
1,269
1,314
1,367
1,467
8,2646
1,398
3,995
8,3168
8,2235
1,416
3,1317
8,2633
8,1822
8,5487
1,331
8,2419
1,319
1,353
8,5746
3,940
1,338
8,2586
8,3424
6,1992
8,3074
7,2526
8,2243
1,446
8,2343
1,329
1,243
1,336
1,292
8,2525
1,297
1,270
8,2469
8,3250
7,2420
8,2407
8,2617
1,336
1,361
2,643
1,318
1,382
1,432
1,225
8,3048
1,275
1,237
1,306
1,385
8,2440
6,4396
8,2685
8,21347
7,2236
1,372
1,333
1,294
1,427
1,224
8,36084
1,240
1,252
8,2481
7,2372
8,2383
8,2507
8,2422
8,4612
1,436
1,245
1,340
4,1092
1,328
1,210
8,2581
1,363
1,221
8,3600
8,2328
6,8551
1,427
8,2213
2,1488
1,305
1,318
1,426
5,1048
4,1078
5,1630
7,1931
1,362
1,313
6,1820
8,1846
8,1928
8,2410
8,2408
8,3309
1,431
1,275
1,379
8,1830
8,2589
8,2304
6,1837
5,1606
1,362
1,382
8,2481
2,808
7,2165
8,2334
3,1134
1,282
1,354
4,1229
8,2127
8,1881
8,1804
7,2071
1,335
1,358
8,2546
8,2302
1,370
8,2769
1,2468
1,352
1,333
1,245
8,2350
5,1767
5,1371
8,1603
2,638
1,333
4,1389
8,2208
8,2081
1,250
7,2075
8,3032
1,240
8,2529
1,233
1,362
1,515
5,1678
5,1015
8,4014
1,293
8,2141
1,471
1,366
1,279
8,2672
7,2171
1,312
3,897
1,239
5,1740
8,5256
8,1507
1,258
2,790
4,1399
1,277
1,286
1,252
1,245
6,1809
6,2046
1,262
8,2244
4,1338
8,2421
4,932
1,334
8,2313
1,376
5,1471
8,2552
1,285
1,249
1,308
2,725
8,10982
1,237
8,2637
5,1769
8,2442
8,2197
4,1454
8,2648
8,2315
8,2356
7,1609
1,352
1,252
1,395
8,2542
8,3337
1,222
8,4255
5,1094
8,2438
8,1726
8,2424
8,2039
4,1220
3,1099
8,1899
1,307
1,226
1,392
8,2606
8,2514
1,246
1,259
8,2406
4,1224
8,3629
8,2343
8,2389
1,273
8,2602
1,459
1,383
1,252
1,339
1,335
2,1042
1,214
8,2609
4,808
7,2261
3,638
8,2419
1,358
1,380
2,499
4,1083
1,383
1,332
4,1339
2,550
1,566
4,1007
8,2427
8,2448
8,2822
8,1762
3,930
8,1973
1,264
4,1028
8,2588
8,1910
1,364
8,1790
1,509
7,1439
8,2351
6,1812
8,2365
8,2094
8,2226
8,2172
3,656
1,235
1,344
8,2433
1,323
4,1107
8,2163
1,545
1,336
1,348
7,2204
1,306
1,489
3,1357
3,937
8,2082
1,235
8,2345
8,2587
8,2006
8,1837
8,2478
1,391
1,239
8,2801
8,2700
8,5026
8,2044
8,2152
8,2535
8,1891
1,238
8,2255
8,2271
1,279
8,1974
7,1510
1,335
1,251
8,1539
7,4426
8,2753
3,955
7,1437
8,1857
3,667
1,344
8,2815
1,353
8,2151
8,2230
8,2584
1,264
1,247
4,1144
8,1787
3,1027
7,1744
1,383
7,2310
7,2290
1,259
3,1116
8,1909
7,1520
8,1523
1,319
1,275
1,248
1,338
2,733
8,2344
8,2453
1,451
8,2293
7,2271
8,2046
8,2868
7,2246
7,1347
8,2303
4,1029
1,339
1,268
8,1999
1,344
8,1836
8,5465
1,250
1,569
1,531
5,1042
8,1841
1,632
8,2452
8,2090
8,2290
1,353
1,506
1,254
1,582
3,1021
7,1689
1,240
1,303
1,232
8,1535
8,2884
8,2571
1,347
4,1314
8,1858
1,274
1,249
8,1644
8,2449
8,2647
1,547
1,288
1,248
1,254
8,2095
8,2650
7,2273
8,1802
1,342
8,1615
7,1847
1,473
8,4576
1,251
8,2750
1,502
1,280
1,221
1,4555
1,335
6,1472
7,1643
8,4778
8,2364
8,1769
8,1715
1,356
8,2441
4,1737
8,2142
1,366
1,387
1,218
1,432
8,1974
7,2453
1,458
8,2621
1,440
8,1768
5,1623
8,1908
8,2157
1,269
7,2133
1,253
1,351
1,286
1,392
4,1459
1,462
1,460
8,2072
8,5623
1,337
5,1192
7,1462
8,1497
1,295
1,452
1,233
8,2813
1,423
1,258
8,2327
1,270
1,365
8,1905
8,2070
8,2429
8,2310
8,1603
7,2199
1,311
1,378
1,246
4,1218
1,361
1,426
8,4305
1,313
1,249
8,2550
8,2777
8,2134
1,390
8,2007
8,5078
8,2283
1,329
1,252
7,1607
4,1336
2,981
8,2620
1,455
1,225
8,2045
8,2520
1,480
8,2442
1,643
7,2421
1,345
1,341
1,243
8,2492
8,1690
6,1559
3,1035
4,1555
1,331
1,307
7,2743
1,384
8,3030
8,2511
7,1824
1,229
1,242
4,1228
4,1044
7,1531
8,2376
8,1713
1,309
1,335
7,2384
7,1814
1,517
8,1964
1,557
1,580
1,270
1,344
6,1528
2,819
4,1479
8,2961
8,2351
1,263
1,254
1,483
1,473
1,306
8,2541
8,1866
1,410
8,2207
1,227
1,294
6,1959
5,1083
4,1227
8,1808
1,303
4,1051
1,276
1,433
1,307
3,721
8,2398
1,274
5,1980
1,343
7,2241
4,1268
4,1245
8,2551
7,2411
1,222
1,447
1,245
1,248
1,347
8,1533
8,2555
1,382
4,1022
4,1255
4,1268
8,2091
3,1014
6,1788
8,2618
4,1503
1,479
1,232
1,325
1,254
3,771
8,3070
1,368
8,2306
1,432
8,1747
8,2023
6,1914
8,2524
1,480
1,371
7,2494
4,1246
1,292
1,346
8,2043
8,2390
1,355
8,2558
4,1398
8,1736
8,2521
8,2721
8,2619
1,546
7,1721
1,353
1,530
1,303
8,1714
8,2265
8,2465
1,334
8,2345
8,2467
4,1219
8,2262
1,469
8,2534
1,302
4,776
8,1921
1,442
1,332
8,2150
7,5307
7,2184
1,369
8,1619
4,834
2,643
1,263
8,2096
8,2517
4,1642
8,1626
7,1516
1,242
1,580
8,1616
8,1964
7,1639
4,1320
1,355
8,2559
7,2281
8,2707
8,2651
4,3421
1,298
3,654
2,469
1,256
4,1135
8,1661
4,1435
8,2688
1,416
8,1712
8,2469
8,2574
4,1557
8,2334
8,2003
1,282
4,893
8,2156
8,2228
1,246
8,1562
1,353
1,309
8,2471
8,2550
7,2112
4,1281
8,2382
4,926
8,2465
1,367
8,1969
4,1325
8,1967
7,1876
8,1518
1,278
1,316
1,359
8,2367
8,2126
8,1824
6,1296
8,2492
4,1106
1,241
7,2266
6,1454
1,400
8,2864
2,460
1,386
1,403
1,366
8,2621
6,1984
1,222
2,448
3,3119
2,593
1,320
6,1619
8,2625
7,1736
8,2171
1,506
1,529
1,296
8,2005
3,700
8,2163
4,1157
2,675
8,1745
4,1223
1,364
8,1842
7,2036
7,1549
2,700
6,1309
1,411
1,271
8,1538
7,1582
8,2539
8,1777
1,497
2,595
1,559
7,1595
8,1813
7,2124
4,858
3,952
7,1473
1,346
1,278
4,1017
1,577
4,1045
8,2395
1,255
5,1082
1,420
4,1191
1,248
1,331
8,2312
8,2538
7,1505
1,368
1,239
6,1884
1,279
8,2115
8,2701
1,233
1,389
1,241
8,1613
8,1667
4,2255
8,2639
4,1500
1,250
1,352
1,245
8,2481
1,509
8,2418
4,1177
1,328
1,252
1,253
8,2371
8,1597
7,1521
7,2344
7,2297
7,1329
4,1141
4,1183
4,1212
8,2545
8,2202
1,456
1,312
1,339
1,261
6,2213
8,1676
8,2323
8,1717
8,2611
8,1680
1,434
7,1551
7,2087
1,287
2,470
1,395
1,339
1,309
1,215
8,4511
5,1248
1,355
6,6400
8,2487
4,748
7,1659
1,346
8,2157
1,247
1,612
2,519
1,381
1,229
1,224
8,4609
2,719
6,2078
1,424
4,1477
4,849
1,484
2,669
8,2676
4,1144
1,485
1,427
9,2234
1,379
1,352
4,5982
1,390
2,813
8,2288
6,1863
6,1528
4,957
4,1237
8,2637
1,264
1,289
1,382
1,335
1,235
1,364
7,5158
1,339
4,1109
8,2283
1,560
2,578
8,1753
8,2329
7,1640
1,270
1,412
1,301
1,220
1,219
2,578
8,1889
1,340
1,492
8,2599
6,2062
8,2131
8,2344
8,2192
7,2285
1,400
1,247
1,371
2,803
1,218
2,913
1,418
1,485
1,361
1,279
8,2452
1,345
6,1649
6,2500
2,548
8,2417
1,238
1,447
9,2166
2,743
2,759
4,1168
1,333
1,405
2,552
5,1165
1,243
8,2999
4,1269
4,1057
7,1735
1,262
1,393
9,2818
9,2832
9,3618
8,2177
1,263
1,509
8,1624
2,874
1,234
7,2434
8,1769
1,430
4,1029
1,344
1,266
7,2049
7,2168
7,2244
8,2483
1,450
1,353
1,474
4,882
1,231
1,398
8,2207
1,306
4,952
1,298
9,3016
7,1927
9,1954
7,2214
8,1891
7,1986
2,690
1,410
1,372
1,225
7,2017
1,274
1,353
8,2260
2,525
7,1988
2,467
7,2343
7,1656
2,620
1,364
1,326
1,402
1,226
1,297
8,1888
7,1641
1,355
8,3501
9,2019
3,796
7,2354
9,2718
9,2235
2,497
1,355
1,342
1,249
1,230
1,223
4,1268
6,2038
1,349
1,331
3,1114
9,2075
9,2813
4,1249
7,4460
9,3517
2,550
1,497
1,403
1,288
1,338
8,2260
8,1675
1,337
8,1736
7,2231
3,938
7,1969
9,2992
9,3258
1,473
9,2600
1,370
8,2573
1,232
1,329
8,1678
8,1638
1,471
4,770
7,1679
7,2263
9,2448
7,1702
4,1132
1,455
3,1024
9,2824
1,380
1,378
2,833
2,544
2,524
1,269
8,2107
9,2907
7,2257
9,1786
9,2350
7,10523
1,308
9,2298
3,1078
1,398
1,355
9,2439
8,2044
4,896
1,297
8,1968
9,3092
9,2610
9,3038
9,2803
9,2541
9,2143
2,1071
6,1239
1,784
1,418
9,2255
8,2670
9,2960
2,1040
8,2484
6,2020
2,808
9,2620
9,2247
9,11106
1,294
7,1795
9,2152
9,3004
2,660
9,2377
1,636
1,369
9,2656
4,1529
9,2794
6,2178
2,663
2,855
9,2786
1,330
3,649
5,1363
1,493
1,377
7,2285
1,525
1,343
3,719
8,2549
7,1834
9,2900
7,1648
9,2883
2,697
3,611
9,1882
9,2196
2,536
9,2645
2,632
1,443
1,271
9,2033
4,1060
9,3069
4,1314
2,529
9,2264
9,2793
1,223
7,2280
2,704
3,665
3,1095
8,2443
2,699
1,390
3,1129
1,380
9,2281
9,2487
1,406
5,1204
2,584
1,234
6,1899
8,1944
9,2567
9,2874
9,2467
1,355
1,227
5,1877
1,315
9,2054
2,692
2,731
2,460
5,1619
1,404
9,2986
7,2107
9,2310
9,2978
7,2257
1,359
1,244
9,2173
1,325
2,497
6,1556
6,1327
1,353
1,618
1,350
9,2436
7,2367
8,1929
2,602
9,3054
1,362
1,251
7,2022
1,264
9,2439
9,2670
8,1905
1,315
1,419
9,2002
9,3302
9,4028
1,347
7,1558
9,2663
1,408
1,351
9,2640
1,452
9,1836
9,2635
3,1534
1,336
1,372
7,1623
9,2216
4,1146
9,3029
9,1966
9,2848
1,291
1,383
7,1817
9,2260
2,742
5,1197
1,844
1,358
1,381
7,1950
6,1469
6,1587
9,2956
4,1088
9,2593
1,322
8,2495
6,1937
1,298
1,438
1,442
1,2029
1,329
1,339
9,1918
9,1747
3,707
9,2578
4,1908
1,414
1,296
9,2991
4,1163
9,1882
1,339
3,1078
1,335
1,270
1,379
9,2373
2,849
4,1357
7,3952
6,2237
1,340
3,1032
3,938
9,2854
1,266
1,329
1,407
1,463
1,567
1,326
9,6007
2,669
9,2967
7,7454
9,3079
7,2131
9,2657
2,684
9,2664
1,413
1,357
1,368
9,3285
1,356
1,513
7,2142
1,375
7,2184
6,7935
9,3472
7,1880
6,2151
1,709
9,2085
9,3041
1,254
1,309
1,507
1,413
1,291
9,2934
6,1756
1,258
9,2079
7,3322
6,1936
7,1899
9,2567
4,1273
1,334
1,256
7,1908
4,1418
4,1021
1,460
6,5711
8,1835
2,566
9,2792
7,2149
3,947
7,2104
9,1989
6,2294
2,1399
1,470
1,320
7,5747
1,445
3,1106
2,739
1,452
5,1259
1,325
9,2995
9,2323
9,2924
7,2231
2,790
9,3027
1,261
4,1234
1,2055
2,622
4,1376
9,2946
1,622
1,449
9,1996
5,1166
2,559
9,3372
4,1346
5,1273
7,2325
1,286
5,1511
1,389
6,2063
2,788
9,2886
5,1709
2,442
2,793
5,1180
1,411
7,2370
9,2671
2,663
9,2788
1,323
1,330
6,1868
8,2258
1,282
9,1804
1,472
7,1405
1,469
2,394
1,343
6,1430
9,3006
8,2369
7,2094
2,500
1,409
1,488
7,2153
8,2623
2,654
3,1009
7,2118
1,297
1,518
1,459
3,1144
6,2159
1,317
4,1047
6,1147
1,419
1,3273
5,1413
6,1884
9,2878
1,318
1,384
1,324
1,290
1,400
9,2236
7,2201
1,345
9,1813
8,1589
1,431
5,1690
9,2368
9,6465
3,1017
1,456
1,500
1,425
1,242
1,404
2,563
9,2860
1,279
9,1856
3,1131
9,2637
9,4931
1,469
5,1600
1,523
1,8157
1,418
1,375
1,519
1,483
9,2534
9,1952
1,459
9,2452
7,2300
1,374
6,3133
6,1937
6,1783
1,564
7,1842
3,910
1,379
1,355
1,774
9,2352
2,577
1,243
9,2918
5,1618
6,2186
1,653
9,2614
1,376
1,597
5,3667
1,450
7,1958
3,954
1,280
2,855
5,1289
7,4526
2,651
1,378
5,3050
1,684
5,1728
8,2459
5,1374
1,6306
1,257
1,529
1,572
1,310
9,2146
9,2003
1,363
9,1775
5,1662
8,2073
5,1829
2,705
6,1993
1,530
1,421
1,660
9,2255
1,389
3,1086
7,2047
1,238
1,286
5,1506
7,14392
9,10097
4,3703
4,1246
4,1266
7,2288
6,2352
1,471
2,687
1,460
7,2231
1,418
1,327
1,310
9,2879
6,2232
5,1540
2,850
4,1499
5,1623
1,552
9,3019
1,463
5,1458
1,458
5,1729
3,1062
1,243
1,275
1,271
2,753
2,828
4,2177
4,1358
9,2749
1,287
1,2502
1,322
1,302
7,2135
9,3167
1,635
1,264
3,1182
1,245
4,1486
4,1174
9,2331
9,2616
4,1373
1,240
4,1451
7,1916
1,321
5,3107
1,470
1,499
1,300
7,1897
7,1997
4,1283
9,2880
4,1239
8,2136
3,931
9,3567
1,352
2,1917
9,3760
9,2803
5,1880
1,559
1,287
5,1238
4,967
9,2361
9,2491
3,976
3,1043
9,2722
1,304
6,3892
5,1704
9,2499
1,439
6,1987
1,463
1,301
2,666
1,376
9,2383
9,2462
4,4665
6,2575
8,2601
5,1628
2,658
5,1497
5,1716
9,2860
1,403
1,429
1,426
9,2865
1,630
4,4166
9,3620
8,2742
8,2424
9,2862
1,497
4,1309
9,3379
2,699
6,1704
6,1967
2,824
1,291
3,969
1,528
4,1232
4,1371
8,3622
4,14650
3,3232
6,2000
4,1260
9,2436
9,2881
9,2742
9,3370
1,349
6,1626
6,1998
4,1185
8,2685
3,1071
9,13991
7,2221
4,1245
1,303
9,6595
1,324
4,1225
9,2379
4,1294
1,488
1,434
3,1008
1,499
9,3187
7,2064
5,1733
5,1236
7,2135
2,978
4,9585
2,730
4,1499
8,2107
2,2701
5,1719
9,2935
7,2496
9,2868
8,2371
8,6456
5,6019
5,1476
5,1511
9,2946
3,1023
6,1668
7,2016
2,835
4,1172
9,2716
3,923
2,696
1,327
2,4459
9,12202
5,1226
5,1571
5,1593
4,1673
4,1237
6,1409
4,904
9,5428
4,1192
1,491
1,312
4,1310
1,3370
7,2361
6,1490
1,438
1,360
6,2069
4,1290
9,3003
7,2633
6,1687
4,1413
9,3136
5,2200
3,986
4,1807
1,895
9,3790
2,573
1,381
3,601
2,869
4,1428
9,19505
2,737
9,2664
4,8073
4,1046
1,360
4,1391
4,1135
1,514
5,1489
1,505
1,337
2,658
1,483
9,2605
8,2790
4,1435
9,3287
3,1069
8,1925
5,1548
9,2226
7,1471
5,1650
5,1453
1,518
1,303
1,518
1,334
4,1252
7,2404
4,1364
4,1279
4,1210
9,2735
6,6511
4,1441
9,7980
2,764
1,359
1,459
2,670
1,356
1,497
9,2487
5,1721
4,1335
7,2050
4,12090
3,944
6,1865
3,1599
3,6347
2,668
2,948
1,421
1,355
1,413
1,476
8,2548
5,1653
3,1589
5,1855
9,2736
8,2564
2,706
6,2162
8,2667
2,2388
1,485
1,413
1,403
1,273
1,347
8,9721
5,1615
4,1266
5,1405
8,2700
7,15345
4,1277
9,2897
6,1698
7,2413
1,393
2,665
1,414
1,274
1,500
7,2430
2,770
8,2555
3,671
7,2118
5,1709
4,972
8,2690
9,14779
5,1613
1,344
9,2644
1,383
1,361
1,363
5,1842
1,485
3,951
2,951
5,1835
5,1635
4,1932
8,4080
6,1805
5,1947
1,391
1,386
1,434
1,382
1,236
5,1608
1,345
7,10196
1,472
5,1875
2,1858
9,2974
9,2691
2,731
8,7175
1,567
1,373
5,1582
1,348
1,258
1,435
1,460
7,2130
1,656
6,2177
1,521
4,1324
7,2157
6,2036
9,4495
1,366
5,1630
9,2715
1,607
1,458
2,766
1,375
5,1797
1,458
5,1524
1,364
4,2774
5,1575
5,1177
7,6443
1,330
1,395
4,1367
5,1873
3,1027
7,2296
1,570
5,1573
9,2734
2,621
1,394
3,958
6,1904
5,7590
3,1100
1,411
1,277
8,2572
9,2981
5,4103
2,766
1,385
6,2014
1,352
1,420
1,378
1,574
5,1528
1,323
9,2893
1,394
6,2766
9,2806
4,1567
4,1467
1,512
1,396
2,791
5,1761
1,400
1,3083
6,2161
2,782
1,424
9,3276
3,1052
1,455
5,1026
8,2639
5,1747
1,354
1,355
1,454
2,738
1,405
1,448
8,2692
8,2316
1,579
9,6999
9,3378
8,8103
1,328
4,1302
5,1563
1,406
1,392
1,429
1,309
1,367
1,419
8,2852
9,2532
1,418
4,1575
5,1912
5,1734
6,1877
5,1704
9,2918
1,349
6,5792
1,380
6,1800
5,2302
1,398
9,8918
9,1866
1,454
8,4969
4,1322
6,1436
7,2228
6,1887
4,1303
9,2583
2,713
1,361
1,373
1,334
1,372
7,2237
1,357
1,389
7,2174
5,1907
4,1453
4,1433
6,1408
6,1529
5,1481
9,2814
1,407
1,311
1,492
3,1486
5,1690
1,419
1,504
6,1601
1,400
7,2384
5,1128
4,1339
6,1631
1,304
5,1402
1,345
1,417
1,325
9,2849
9,3160
5,1469
1,502
2,804
6,1950
9,3927
9,2534
5,1645
5,1812
1,373
4,1176
1,406
8,2047
1,362
5,1546
5,1091
1,295
4,1471
1,775
4,1572
4,1082
5,1738
1,227
4,1318
1,396
8,2035
3,911
9,2517
3,1088
8,2482
2,983
1,375
1,3670
5,1639
5,1839
1,416
6,2336
1,472
5,1591
1,410
3,803
1,354
5,1581
1,431
7,2146
1,562
1,353
9,8414
1,334
6,2096
9,3160
1,359
5,1764
4,1350
1,500
1,319
2,1058
1,304
9,4284
5,1661
9,19338
1,366
2,3274
1,485
4,1005
9,3112
4,1392
9,4041
7,13413
8,2434
7,1986
1,334
6,2008
5,2776
1,426
1,444
1,477
1,314
1,381
9,2715
3,1016
7,6784
5,3010
9,3310
5,1570
4,1062
9,2927
4,881
8,2247
6,1706
3,1043
1,405
3,6616
5,1377
5,1389
7,2672
9,2869
4,1170
9,3176
2,781
4,1241
5,1566
4,1160
4,1441
4,1308
1,435
1,411
5,5905
8,2350
4,1688
8,3847
3,1003
7,2017
3,1022
6,1558
5,1510
8,2585
7,2564
9,2212
6,1814
1,651
6,2064
1,488
1,327
8,2488
3,1060
5,1808
6,1914
6,1833
4,1338
5,1753
8,2719
3,1065
6,1865
5,1499
5,1637
4,5287
6,1538
5,1507
6,1899
5,1215
4,953
3,1119
8,3863
7,2167
1,437
6,2080
5,1213
1,351
1,431
8,2383
8,6020
9,2576
1,288
9,2796
4,1150
2,584
3,992
5,1348
5,1251
7,2198
1,471
1,486
4,941
4,1211
1,9414
5,1723
5,1010
9,18016
5,1472
5,1733
3,737
5,1635
3,1204
4,1084
9,2751
6,1866
7,1882
4,1432
2,654
4,1436
1,313
6,1536
2,4293
3,932
2,748
3,800
4,1572
4,1062
1,446
6,1997
4,1503
4,1356
5,1638
4,1419
1,526
6,2117
6,1656
1,424
9,2426
1,601
9,2089
8,1730
2,598
9,3209
9,2748
6,1632
9,2851
7,2327
9,2683
1,497
4,1054
5,1523
5,1523
5,1248
3,690
1,405
4,1017
3,1072
8,1961
9,2824
7,1900
6,1942
9,6925
9,2850
5,1574
3,1271
4,1404
1,320
4,1159
1,553
1,335
2,528
1,414
4,3220
6,1723
5,1207
6,7626
1,318
5,1610
1,376
4,1263
7,1681
1,521
1,388
1,350
1,285
3,911
1,395
5,1584
5,1813
4,1432
3,1214
6,2501
8,8956
6,1843
9,2409
7,1766
1,502
3,942
1,316
1,271
1,468
1,520
9,2684
4,939
1,347
5,1745
6,1988
6,1703
1,331
1,514
9,2464
6,1873
3,830
1,399
1,361
1,206
1,284
6,1811
2,671
3,1044
4,1113
9,2654
3,2129
4,1344
7,2646
6,2029
4,937
1,349
1,507
1,337
1,240
1,281
3,943
3,1124
7,2059
2,600
5,2042
5,1538
6,1851
5,1790
9,9442
4,1435
1,283
1,370
1,348
1,223
1,229
5,1725
2,755
3,1020
3,1217
8,2709
4,1520
5,1269
9,1876
5,1602
4,1319
1,246
1,564
1,240
1,219
1,211
4,984
1,386
5,1547
3,725
4,1033
3,1220
4,1079
3,1236
3,911
4,1335
1,242
1,435
1,264
1,216
1,214
4,1090
1,336
9,2593
1,374
2,607
1,240
1,268
4,807
3,966
7,2057
1,282
1,376
9,2377
1,219
1,231
3,985
1,386
1,293
1,409
3,1044
3,809
5,1716
9,2821
4,985
1,378
1,235
9,2352
9,2932
1,316
1,212
1,315
1,368
6,17896
1,338
3,715
1,497
9,8125
9,2972
2,451
7,3367
1,222
9,2484
9,1829
1,337
4,1279
1,391
1,500
5,1535
9,2191
1,330
1,371
6,1997
6,4858
3,1108
8,2725
1,225
9,2894
9,1742
9,1886
9,2278
9,2609
1,232
4,1275
1,591
1,311
1,259
9,3556
5,1339
3,918
9,3849
1,226
9,2964
1,269
9,2903
9,3321
1,401
1,256
2,544
1,502
1,269
1,321
4,1067
5,1717
1,479
5,1497
9,2005
9,2724
8,1714
9,2242
9,3188
9,2299
1,286
3,832
9,5712
1,332
1,311
3,1122
2,689
1,336
9,14988
9,2111
9,2814
9,1885
9,1959
9,2890
1,259
1,329
3,944
5,1506
1,255
1,314
9,4130
3,1142
1,620
3,1084
9,2765
5,1597
9,1764
3,699
8,1781
1,238
9,2454
1,438
1,324
1,251
1,284
5,1556
3,1015
1,371
4,1218
9,3197
9,2834
9,1699
9,3186
5,1054
9,2827
9,2627
1,334
9,2208
1,257
1,242
4,1378
1,620
1,275
5,1620
8,4642
9,2521
3,662
9,2942
9,2129
1,381
9,2847
1,326
1,254
1,262
1,378
9,2319
1,345
1,327
2,932
9,2919
9,2327
6,1390
9,3018
8,2635
9,2692
9,2825
1,333
1,412
1,287
9,2410
3,1143
1,250
1,411
1,490
5,1006
9,4542
9,1829
8,7298
9,1955
1,345
9,2269
1,310
1,438
9,2438
9,2353
9,2881
1,397
1,429
3,748
9,2584
9,2218
9,2626
9,1966
9,2001
1,316
9,2774
1,527
9,2422
9,2202
9,2049
1,321
1,241
1,369
1,467
1,357
4,1551
1,402
2,568
1,404
1,298
9,2572
1,370
9,2800
9,3140
9,2777
1,276
9,1896
8,2009
1,390
9,2377
8,2196
1,300
9,2941
9,2440
1,408
6,2112
1,364
8,1757
9,2743
8,2471
1,308
1,236
9,2318
1,263
9,2119
9,1818
1,300
6,1824
8,2457
9,2021
8,2642
1,577
9,3643
9,2076
9,2949
1,300
1,226
9,3125
1,248
9,2086
1,454
9,2473
8,2644
9,2320
3,965
9,2032
9,2996
5,1621
9,2757
9,6598
1,382
1,223
9,2594
1,361
1,462
1,476
1,294
9,1752
9,1872
9,2733
8,2118
9,3419
8,2889
5,1743
5,1469
1,339
1,223
9,2270
1,316
4,1590
1,395
1,308
7,1588
1,424
9,2756
9,2692
5,1165
9,3144
9,2124
9,2932
1,270
9,3059
5,1557
1,354
9,2744
1,310
1,269
1,301
1,415
9,6676
9,2238
9,4912
4,975
2,884
8,2401
1,229
9,2723
5,1931
1,521
9,1997
1,252
1,278
1,351
1,216
8,2573
3,756
9,2293
9,2022
9,2962
9,2158
1,263
9,2726
9,2709
9,2220
8,1725
1,230
1,291
1,231
1,209
9,1907
9,2213
9,3425
1,619
9,2489
1,538
9,2463
6,1749
1,417
1,277
1,366
1,268
1,255
1,221
1,198
9,2914
1,409
9,3073
8,2916
9,2028
9,2068
9,2178
9,4869
9,2794
9,2898
1,220
1,270
9,2447
1,209
1,197
6,1476
1,520
9,2899
4,1314
8,1632
9,2410
9,2969
9,2241
9,2944
9,2475
1,347
1,426
9,2019
1,220
1,202
9,2325
1,272
5,1333
9,2777
4,1522
4,1453
9,2120
9,4269
4,939
9,2897
1,231
1,346
9,2040
1,209
1,215
9,2351
1,238
9,2690
1,395
9,2193
9,2357
9,2778
9,2682
8,1646
5,1353
1,219
9,2528
9,2062
1,255
1,209
1,449
1,235
8,2537
4,1315
7,1526
1,341
9,2889
8,1682
9,2749
9,2941
1,213
9,2922
9,2138
1,202
1,204
1,224
1,375
9,2006
1,356
1,435
1,224
9,2600
8,2685
4,1189
9,2909
1,199
9,1964
9,2532
1,234
8,2010
1,266
1,331
4,914
1,248
1,485
1,289
8,2391
9,2850
9,2767
5,1743
1,206
4,1051
9,2407
9,2891
9,2232
9,2641
1,307
7,2288
1,305
1,418
1,299
9,1822
9,2396
9,1984
9,6307
1,202
9,2796
9,3039
9,2609
9,2285
1,283
1,251
9,1813
1,242
1,274
1,237
1,280
3,649
1,287
9,3113
9,2537
9,2667
8,2489
9,1985
9,2274
1,460
1,250
4,841
1,363
1,247
1,325
9,2414
9,1847
1,328
8,2622
9,2666
9,1927
9,2549
9,2187
1,406
1,236
9,2699
2,595
1,338
1,288
1,261
9,2205
1,415
1,329
4,1020
9,2264
8,2333
9,2350
4,1205
9,2302
1,221
9,2892
1,366
1,238
1,261
1,282
9,2701
1,400
1,485
9,1941
9,2009
9,1832
9,2226
9,2639
9,3042
1,516
9,3381
1,274
9,2331
1,396
1,314
8,1821
1,366
1,313
8,2392
4,1247
9,2273
9,2912
5,1867
1,279
9,2440
9,2382
1,386
1,368
1,312
9,2255
9,2176
1,349
1,251
4,1254
9,2482
9,1773
9,2978
9,2744
9,2877
1,360
9,1935
1,330
1,268
1,271
9,2973
1,536
1,352
1,491
9,1846
9,3064
5,1146
9,1894
9,2972
9,1813
9,3221
9,2451
1,361
9,2785
9,1950
9,1777
1,311
1,301
1,359
1,647
8,2445
1,385
1,285
9,2037
9,1992
9,2193
4,1628
1,240
8,1747
9,2307
9,2105
1,362
1,236
1,337
1,366
4,834
9,1952
1,465
5,1052
8,1706
9,1898
9,2065
1,232
9,1970
9,2133
9,2085
1,299
1,341
1,326
1,430
9,2732
9,1823
1,415
5,1089
9,2213
4,1077
8,1983
1,275
9,2537
9,2055
4,1229
1,253
9,2667
9,1819
1,254
9,1877
1,509
1,261
4,1035
9,2606
5,1642
9,2977
1,315
5,1359
1,245
9,2329
1,384
1,231
9,2495
1,245
5,1195
1,426
1,305
9,2472
9,2435
9,2717
9,1861
9,2848
9,3021
9,2744
9,2727
1,262
1,225
9,2897
1,241
9,1976
1,408
1,310
9,2184
1,420
9,3021
5,1660
9,1855
9,3078
9,2227
8,2605
1,356
9,2876
9,4759
1,303
1,212
1,445
1,358
4,914
1,243
9,3291
9,2622
8,2479
8,2769
8,1780
9,2427
1,574
1,381
9,2237
1,275
9,1843
1,286
9,2450
1,552
1,270
9,2559
9,2033
9,2624
9,2715
9,2561
9,2041
9,2052
9,2608
8,1582
1,225
5,986
1,225
1,343
1,333
1,240
5,1291
1,346
9,2945
1,293
5,1022
5,1207
9,1990
9,1896
4,1060
1,338
9,2220
1,363
1,342
1,351
1,227
4,883
1,3114
9,1889
9,2837
9,1885
1,304
9,2062
8,2348
8,1700
9,2387
1,347
1,539
1,350
1,282
1,237
9,1804
1,230
9,2673
9,2046
8,2146
9,3028
4,1189
9,2492
9,1784
9,2551
1,227
9,2788
9,2530
1,222
1,228
9,2192
1,276
9,2316
9,2097
9,1696
9,1748
9,1848
9,1878
9,1789
9,2482
1,348
1,431
9,2804
1,223
1,324
1,324
1,302
8,5300
1,227
1,316
1,489
9,2015
9,1751
9,1795
9,2230
1,339
1,357
9,2808
1,231
1,226
9,1925
1,778
9,2537
1,323
9,1948
1,464
9,3241
9,1817
1,213
8,1650
1,261
9,2952
7,2128
1,271
2,613
1,507
1,460
1,263
9,1843
4,881
1,318
9,2640
9,2040
9,1804
9,1783
1,337
9,2923
9,2752
1,231
9,2838
1,376
1,293
9,1848
3,867
9,1790
1,408
9,1816
8,1732
5,995
4,912
1,248
3,941
2,755
7,2266
9,2767
1,439
1,393
9,2604
1,409
1,487
1,351
4,1047
9,2988
9,2401
8,5628
1,371
2,666
9,2564
1,415
1,265
1,387
1,292
9,3127
1,418
1,310
1,576
5,1144
1,286
1,230
9,3110
1,369
7,2104
9,12534
9,2817
8,1888
8,2599
9,2414
1,502
1,417
1,529
1,542
9,3178
9,1797
9,1828
9,2698
9,2975
9,2982
9,2980
9,2039
1,731
1,408
9,2977
1,412
9,3084
1,367
1,396
9,1947
1,303
1,513
9,2072
9,3062
9,13692
8,3195
9,2886
9,3433
1,377
9,2188
9,1879
1,313
1,438
1,381
5,1240
9,2020
1,579
1,357
9,2754
9,3091
2,1098
9,2093
5,1740
9,2486
9,2634
1,453
9,2831
1,483
1,506
9,2531
1,425
1,374
5,1995
3,864
9,3227
9,7126
2,733
7,2215
1,388
9,2438
1,286
1,331
1,310
9,3088
1,426
1,321
1,364
9,2484
5,1524
8,2875
9,3140
5,1279
9,2844
1,362
7,2350
1,288
1,263
1,299
9,2296
1,427
1,413
1,502
1,266
7,5332
9,2878
9,2897
3,1255
7,2443
9,2793
3,1016
1,356
6,1995
1,448
9,2127
1,542
1,352
1,306
9,1884
9,2819
2,930
7,2396
2,448
9,2770
1,404
9,2998
1,347
1,3343
9,2615
9,2460
1,419
9,3549
1,377
1,493
2,597
6,2033
1,553
9,3349
1,429
1,471
2,645
1,329
1,340
9,2487
9,2518
1,385
1,344
1,285
9,2954
9,3084
7,3070
1,433
9,14635
9,9207
9,2887
9,2940
1,359
9,3049
1,305
3,1031
1,244
1,264
1,255
1,467
3,1403
9,6782
1,594
8,2678
4,1678
3,1024
1,295
1,490
1,337
9,2820
7,2353
1,497
1,416
9,2310
1,420
9,2825
9,2760
1,359
4,1497
8,3136
7,2233
8,2830
1,304
6,1963
1,406
9,2680
1,430
1,453
8,2757
1,307
8,2584
9,2706
1,388
9,9658
2,810
2,912
2,760
9,3050
7,2151
9,2923
2,706
1,378
1,385
9,2679
1,360
4,1324
1,688
1,346
6,1889
9,3154
9,3050
6,1981
9,4669
5,1389
7,2244
9,2703
9,2827
1,441
9,2849
1,239
2,717
1,452
1,393
4,1344
9,2949
9,2781
9,4966
6,4162
2,686
2,760
9,2813
1,568
9,5904
6,1814
1,316
6,1969
1,534
6,1935
9,7926
8,14984
9,8304
9,13267
9,2999
9,2639
9,2618
9,9856
9,3042
1,440
3,1285
1,381
9,2798
1,350
1,306
7,8919
9,2968
9,3702
9,2520
2,765
9,3166
8,2548
8,12731
9,2320
9,3080
7,3874
1,456
7,2452
1,341
1,399
9,8458
1,541
8,2616
7,2125
7,1937
4,1325
9,2812
6,1828
3,1069
9,3854
2,689
9,2684
9,2659
1,347
1,454
1,474
1,499
6,2080
9,2693
9,2510
9,2966
9,2696
2,775
9,3226
2,796
1,504
1,465
6,2311
1,470
1,438
5,1704
1,446
2,775
1,1252
9,6880
3,888
2,628
9,2881
7,2677
9,2430
9,2787
9,3039
1,542
1,502
3,1171
1,483
1,460
9,2947
1,442
9,10818
9,11839
8,6500
9,3075
9,2946
9,2989
9,3488
8,2593
1,629
2,641
4,1375
1,599
1,483
7,2190
1,477
9,6322
9,2747
4,1212
7,2247
9,3023
8,2100
8,2796
6,1692
1,463
1,382
1,414
1,330
1,569
9,3095
1,506
2,753
2,802
9,2724
1,500
9,2862
9,7835
3,982
9,2085
1,380
1,406
4,1653
1,485
1,392
1,526
1,488
3,5007
7,10756
7,2039
1,431
9,2764
8,11973
2,822
7,1888
1,309
1,460
9,3824
1,362
1,439
1,442
1,450
8,3262
8,30771
8,17652
1,344
3,1184
9,2794
9,3194
3,639
1,308
4,1360
10,5942
1,571
1,340
1,458
1,445
9,12407
1,488
1,543
1,337
8,2883
9,4177
6,2188
2,689
1,392
8,2476
2,662
1,426
1,3021
1,417
1,347
9,5272
1,653
5,1645
1,396
6,2030
8,16376
7,2059
9,2547
1,339
1,398
8,13439
1,298
10,3106
1,348
1,503
7,2331
1,485
1,427
1,397
9,2913
7,2461
9,16647
9,2882
1,366
6,1986
6,2192
1,549
3,1674
1,374
10,4804
9,76438
1,449
1,357
1,374
2,800
9,2888
9,3015
9,2865
1,409
9,3223
1,424
1,771
1,382
1,445
1,477
1,518
1,402
1,427
1,387
9,2671
1,454
1,613
9,7426
1,344
1,355
1,351
9,35672
1,611
9,2641
4,3073
1,459
1,384
1,367
1,556
6,2105
1,467
1,541
3,1196
3,1007
8,3460
2,811
1,312
3,16344
1,492
1,370
1,397
1,421
1,331
1,354
1,463
1,440
1,530
1,439
3,1150
1,360
10,5334
1,525
8,12238
1,447
3,1109
1,376
1,387
1,389
1,360
3,1200
1,391
1,493
6,2583
1,407
10,18390
7,2460
3,981
1,8697
3,2289
9,3004
1,355
1,330
1,334
3,1260
1,445
1,316
1,593
2,2689
9,3251
10,5429
9,3016
4,1388
9,8733
1,345
1,292
1,357
2,669
1,340
10,3566
1,439
1,334
1,421
9,3116
3,999
6,3915
1,311
7,2354
6,1964
1,508
10,16539
1,344
4,2721
1,379
1,430
1,537
1,336
1,395
7,4245
8,2591
9,2756
3,867
10,3457
7,7154
1,491
1,865
1,372
1,378
1,361
7,6642
1,371
1,332
1,458
9,2921
1,333
3,995
7,2160
2,750
1,527
1,399
2,662
1,356
1,417
6,2194
8,2497
1,436
1,406
1,502
1,488
1,402
8,11044
10,5278
3,1027
8,2624
10,6018
8,6175
1,412
9,11333
1,486
6,5395
1,859
1,440
1,553
1,407
10,2853
2,6730
8,2211
10,26172
2,3731
8,2641
1,383
1,397
1,375
3,1122
1,389
3,943
1,462
8,2976
1,474
6,5897
1,391
4,1298
8,5586
2,1955
1,415
2,553
1,377
3,1103
1,364
8,2456
1,314
8,2272
1,351
1,488
2,625
9,2725
7,2216
4,1419
6,2143
9,2925
8,2052
2,719
10,4003
9,2543
9,20387
1,348
2,994
10,3543
1,433
4,1297
7,9997
9,3037
9,2736
10,5694
6,2408
6,22017
3,1079
9,2985
10,3145
2,643
10,3993
1,542
2,620
1,401
8,2317
4,1198
3,909
7,8723
10,3308
1,447
3,928
10,3311
8,2546
8,2449
2,591
3,2808
4,1405
4,1202
1,320
2,917
7,2458
3,635
7,2373
1,374
6,1779
7,6827
8,2277
6,2002
6,1911
1,271
1,466
1,437
1,432
1,341
4,1155
9,3284
2,906
10,8112
9,3019
2,702
1,368
9,2652
1,634
1,378
6,7368
8,4766
6,1799
8,2587
3,924
1,383
2,808
1,361
6,1973
7,2327
10,3407
7,8463
10,5686
2,791
4,1274
10,3008
1,390
10,5367
9,10348
1,376
7,1838
4,1032
1,502
9,2791
7,17036
2,850
10,3607
9,2672
10,3090
2,650
2,615
1,396
1,463
1,404
1,370
10,3240
3,1193
1,308
3,985
2,1028
8,2707
9,15192
1,423
8,4099
2,629
9,3371
2,3157
10,3245
1,395
1,388
9,2702
3,1146
1,281
6,7598
2,726
9,3031
4,1272
6,21687
2,675
8,2362
3,975
9,17983
6,1875
2,837
10,3139
6,1300
2,587
2,541
8,8404
9,3040
4,1622
7,5519
8,2390
8,2410
9,2585
10,3159
2,622
2,666
2,791
10,4741
4,1406
2,682
1,230
2,671
4,4118
1,352
9,8492
2,731
3,938
9,2520
1,756
1,444
6,1856
6,2121
9,8348
7,2195
1,589
1,335
3,1035
8,5451
10,4797
8,16540
2,707
7,2273
4,1081
4,1200
6,1727
1,420
2,933
8,11389
2,634
1,322
1,340
3,1039
1,400
5,1515
2,507
8,3905
1,312
1,357
4,1402
8,2785
9,2716
10,16168
1,368
8,2537
1,527
1,351
4,1231
3,1168
4,1382
3,806
6,1993
10,3158
7,1924
7,2678
6,19129
3,1080
8,2463
6,1970
9,2725
1,294
1,369
1,374
1,558
4,1364
3,799
4,1228
7,2080
10,5237
2,846
4,1590
10,3366
3,1111
1,443
6,1563
1,234
1,352
1,588
1,239
8,2257
2,675
10,2911
4,1627
9,2858
8,2499
9,2952
7,2251
7,2226
1,377
3,1010
1,266
1,371
1,252
1,446
9,3040
1,431
1,397
2,779
4,874
9,3058
10,35246
9,2727
9,2992
10,2872
1,371
1,273
9,2311
1,246
1,275
2,721
1,388
7,2144
8,2378
7,2218
5,1248
1,632
4,1348
1,483
2,622
2,532
1,238
3,1255
1,415
1,229
3,921
1,351
4,1501
7,12100
8,1759
2,789
7,2566
7,2691
10,3180
6,1901
1,467
2,520
10,4283
1,368
1,251
4,1389
1,365
8,2883
3,1050
2,701
1,358
4,5760
8,2322
7,2388
8,2434
1,344
1,597
10,3112
1,225
1,428
10,2629
1,441
7,2475
3,1142
3,1088
1,241
10,6250
4,1975
8,3267
9,2713
1,246
1,433
8,2839
1,226
1,351
2,567
1,275
2,716
2,492
3,643
1,231
8,4788
4,5063
9,3211
4,995
1,313
6,1453
10,6232
1,231
1,270
1,544
1,354
4,1220
2,840
1,289
1,329
4,7822
9,2639
4,1291
1,400
1,236
10,2160
6,1346
1,223
1,237
1,401
1,240
3,1099
5,1630
2,720
1,275
4,1658
3,930
3,853
9,2323
1,222
3,715
10,2438
1,220
10,3156
1,479
1,282
3,1009
1,424
1,329
1,238
2,622
3,917
3,884
7,2145
1,210
8,2468
6,1444
2,745
1,278
2,445
1,259
2,631
1,457
1,220
1,246
9,2356
2,558
2,604
4,1603
1,229
10,3751
4,1371
10,2090
10,2178
1,227
2,674
1,410
1,294
1,225
1,324
6,2150
1,499
1,323
7,2284
1,221
10,14507
10,3002
2,595
10,3760
1,283
2,598
1,521
1,231
1,228
1,227
2,905
1,444
1,258
4,1512
1,217
10,3171
10,3015
10,3239
10,3971
1,261
10,2219
1,261
1,239
1,274
1,299
1,548
1,398
1,240
9,2432
2,654
6,5525
7,1965
8,2554
10,3279
1,356
10,2318
1,238
1,388
3,753
2,547
1,387
1,225
1,251
2,479
2,544
8,1665
4,1453
6,1866
5,1746
1,350
10,1884
1,496
1,446
1,238
1,318
1,318
1,239
1,223
3,1065
10,2138
4,1291
10,2633
10,5384
10,11201
3,864
8,2855
1,398
1,455
1,306
10,4090
1,307
1,256
1,204
3,1047
8,1749
10,3168
10,2270
10,2122
7,2724
1,220
10,3143
1,378
1,257
1,297
6,2339
1,390
1,224
1,209
2,514
10,3335
4,3127
4,825
6,1983
9,2852
1,276
6,1944
2,593
1,242
1,321
8,3200
8,2174
1,270
1,202
2,676
6,1951
10,2510
6,1902
10,2926
4,1330
10,2085
10,9290
1,309
1,244
1,346
10,7830
1,442
1,251
1,216
1,353
10,2826
10,4212
3,886
10,2876
10,2226
10,2873
6,1869
1,297
10,3300
2,713
10,3043
1,391
1,379
1,224
1,237
10,3102
7,2116
1,449
8,4664
10,3140
6,1375
8,2392
1,342
10,2168
2,615
10,2793
1,279
10,2251
2,682
1,259
4,1219
4,986
1,421
10,2744
5,1812
8,2851
4,1416
2,601
8,2441
10,2398
9,2668
1,282
2,739
10,3310
1,407
10,2949
10,2114
1,419
4,1283
10,2239
10,2115
10,3117
4,963
5,1796
7,1416
10,2924
1,283
1,360
3,894
1,462
6,2005
6,1360
1,326
10,2298
10,2710
9,2242
10,2512
3,805
10,2683
10,2255
10,3153
1,389
3,766
10,3310
1,276
10,3204
1,392
5,1510
10,3032
3,893
8,2387
10,2411
10,2135
10,3247
5,1435
4,1299
10,2750
4,1056
10,2473
1,345
7,2172
5,5521
1,240
4,1160
6,2820
7,2175
4,1115
10,2030
10,3365
10,3063
10,4759
3,680
8,2818
10,3627
1,363
8,10858
1,3203
1,251
10,2287
1,422
4,1641
10,3021
10,6774
9,3029
8,2819
6,2225
10,3275
5,1568
8,2672
1,471
10,3362
1,489
1,247
1,456
1,241
10,3564
4,1467
8,2369
6,1857
10,3475
10,2591
6,1977
10,2250
5,1658
1,329
4,1258
1,231
1,248
1,240
1,245
7,2292
6,1261
10,2163
10,3194
8,1639
4,1445
10,2565
9,1911
10,3226
1,330
10,2857
1,247
1,277
1,223
1,283
10,1925
1,519
8,1851
10,3070
10,2031
10,2997
10,1972
10,2814
10,2425
10,2075
4,1532
1,223
1,559
1,232
1,255
4,1557
1,348
10,2194
10,3035
6,2563
4,1779
10,2346
6,2338
6,1545
3,809
6,2151
1,391
7,1667
1,227
1,552
10,2602
1,302
6,2029
10,2651
10,3463
6,1211
6,2182
10,2414
4,1375
8,2457
3,682
1,555
5,1396
1,218
1,298
1,282
1,304
10,3125
10,2099
5,3294
1,347
9,2562
10,3078
10,2885
10,3275
1,339
5,1746
10,2884
1,247
1,423
3,740
1,297
7,2212
4,897
10,2795
1,253
4,1301
4,1240
7,1698
10,2846
1,274
1,453
10,2887
1,272
1,253
6,1387
1,229
10,2571
5,1823
10,2891
1,318
10,1943
7,2064
10,2228
10,3253
1,269
1,311
5,2022
1,240
1,242
9,2034
1,377
7,2039
6,1320
10,2894
1,245
7,1429
6,1265
5,1228
5,1474
1,257
3,766
7,2351
1,236
10,2606
5,1585
1,334
10,2680
1,356
4,930
1,235
7,2251
10,2359
10,2882
10,8201
1,225
8,2046
10,7165
5,1206
3,1013
5,1170
1,243
10,1918
1,271
1,351
1,344
4,882
5,1599
4,1370
9,2657
1,423
10,2819
10,2461
10,2131
10,2065
1,263
1,562
3,774
1,394
1,279
1,343
10,2459
10,2999
6,1340
10,2913
1,296
5,1037
1,332
4,1421
10,2882
1,374
1,395
1,625
1,412
1,419
1,451
4,1547
4,896
1,398
10,3063
1,250
9,1865
8,2804
4,1353
10,3501
1,328
5,1763
1,420
1,306
1,254
1,289
6,1896
6,1757
1,274
4,1133
1,244
5,1611
10,3046
10,3308
10,3022
1,244
5,1446
1,421
1,396
1,412
1,360
3,732
1,432
1,244
10,2039
1,253
10,3185
5,1510
6,2723
6,1938
1,361
9,2086
1,457
1,238
1,367
5,1469
5,1975
1,235
1,260
7,1374
5,1252
6,1965
5,1986
5,5489
10,5485
1,317
3,1109
1,305
1,265
1,389
4,973
1,401
1,250
1,449
5,1561
3,849
7,1646
3,839
2,1033
2,569
1,370
10,2127
1,359
3,887
5,1604
3,976
1,261
1,233
1,310
10,2432
10,2715
5,1251
9,3081
6,1342
7,2404
1,336
10,2889
1,419
1,208
1,352
10,2239
1,295
1,273
1,437
6,1742
5,1080
10,1991
10,2853
10,2158
8,2516
1,238
5,1417
1,475
1,526
1,353
5,1551
1,311
1,266
1,234
5,1768
6,1610
2,755
2,496
6,1242
5,1625
3,703
10,5510
5,1170
10,2400
1,276
7,2484
1,240
1,298
1,263
2,631
10,2817
5,1359
5,1518
10,3071
10,3115
1,467
6,2181
1,219
9,1759
5,1234
5,1713
1,235
1,595
1,287
5,1057
10,3148
10,2272
4,1006
8,2846
4,1378
5,1709
2,685
1,471
5,1203
1,423
6,1684
1,279
1,385
5,1900
1,268
2,670
5,996
1,365
10,2768
10,2324
1,350
5,1438
5,1450
4,1260
9,1815
2,669
5,1386
1,300
10,2098
1,241
10,3281
1,266
1,322
4,1068
8,1846
10,2631
7,2857
3,962
10,3060
1,489
10,3180
1,337
10,2649
5,1613
1,237
7,2194
4,1609
1,362
8,1826
2,768
5,1563
5,6678
5,1071
10,3506
1,270
10,9019
1,256
5,1779
10,2666
1,226
5,1573
10,3622
1,629
10,2853
5,1158
6,2902
8,6425
10,2912
10,3890
1,283
7,2280
1,250
5,1616
10,2213
1,372
10,2876
5,1257
1,312
10,2075
1,474
10,2985
10,5307
9,2685
2,775
1,228
10,3469
4,1212
3,907
9,5077
1,275
10,2492
1,380
1,259
2,482
1,236
2,572
10,2800
5,1408
7,2240
1,271
5,3109
3,1019
5,1630
5,1889
1,392
8,2458
1,484
1,310
1,500
1,211
5,1309
10,2177
10,2905
10,2633
1,283
5,2617
10,2939
6,1929
6,2029
1,336
10,3046
1,341
6,1917
1,304
1,211
10,2835
4,1302
2,916
8,2654
1,274
8,3338
5,1172
5,1607
10,2645
1,526
4,966
6,2099
1,307
1,233
1,207
7,1558
8,2841
10,2541
10,3116
3,719
10,3620
6,1983
2,668
2,456
1,326
8,1826
1,283
1,267
1,236
1,237
5,1223
5,1113
7,1475
1,250
7,1693
3,1181
10,3662
7,2193
10,2078
3,1064
5,1265
1,289
1,228
1,269
1,346
8,1677
2,669
10,2678
10,2604
1,242
8,2032
2,750
7,2323
5,1568
10,2501
2,445
1,405
6,1458
1,347
1,413
5,1485
1,346
5,1622
8,2839
1,336
5,1287
10,3316
5,2150
8,1884
5,1194
1,326
1,387
10,2553
1,229
1,268
10,2753
1,415
8,2538
2,706
7,1807
2,461
6,2031
10,2635
5,1227
9,2024
1,226
1,374
7,2156
1,257
1,211
4,1302
1,277
10,2954
6,1442
1,280
1,418
7,2157
8,2272
1,237
5,1986
1,218
1,383
10,3111
1,229
10,3313
8,1806
1,282
5,1697
8,2307
4,1698
1,225
8,2110
10,2226
10,2021
10,3058
1,243
1,382
4,1220
1,246
4,1191
5,1186
4,838
1,396
1,404
3,872
1,228
5,1590
5,1386
4,919
5,1200
1,358
4,986
9,3025
6,1508
10,3310
2,748
1,229
8,2195
1,410
10,2188
1,236
10,3231
5,1163
8,2425
7,2323
1,225
4,1567
10,3289
10,2142
10,2505
10,2196
1,236
10,3025
1,250
6,1308
1,337
10,3209
4,846
5,1012
8,2622
1,228
10,2338
5,1563
4,1268
10,2801
6,1744
1,312
2,503
1,293
10,2478
1,321
5,1581
8,1717
2,483
7,1725
1,227
10,2949
10,2703
4,1237
10,3198
4,1351
1,521
1,410
1,370
10,3028
1,227
4,1325
3,1207
1,334
10,3152
1,343
9,2128
10,2480
10,2551
8,2211
1,366
1,256
1,266
4,1083
10,2237
1,359
8,2282
10,2494
1,242
5,1058
1,214
10,2606
10,3001
4,1258
10,3018
1,345
1,234
1,231
1,255
10,2379
1,229
2,702
2,609
1,244
5,1278
6,1806
4,1188
7,1543
8,2777
5,1425
1,347
6,2118
1,236
1,270
1,412
1,472
5,1252
5,1125
1,322
10,2557
4,1233
10,4434
3,669
5,1629
6,1374
1,249
4,1556
1,365
1,348
5,1274
4,1366
6,1498
1,351
1,368
1,249
10,3172
9,2630
1,400
6,2050
10,2882
4,1364
4,1158
1,320
1,250
5,1403
6,2088
1,346
1,263
1,218
3,741
4,893
6,1265
10,3280
10,2974
7,1722
1,285
6,1270
1,225
1,226
9,1941
4,1190
1,254
1,301
1,220
10,2386
8,2492
6,1398
5,1073
6,1169
10,2063
1,291
10,2367
1,288
10,3385
2,862
10,3562
1,251
1,249
1,232
5,1239
10,1929
10,2189
3,813
10,2537
2,504
1,252
10,1980
1,380
4,937
4,1207
7,2313
1,236
1,250
1,246
6,6303
10,1986
7,1481
7,1538
10,2384
10,2172
1,252
4,1221
1,255
10,2222
6,1851
4,1539
1,467
1,331
1,243
5,1566
5,1506
10,2163
1,433
10,2528
5,1994
1,554
10,2445
6,1850
2,487
8,2183
9,3837
1,363
1,331
6,1805
4,964
10,3590
1,259
1,328
2,463
3,737
1,280
8,2612
4,1332
10,3205
10,2154
6,1665
1,262
1,351
10,3527
1,220
6,1378
1,273
1,254
10,2088
1,565
7,2331
4,1067
7,1457
10,2482
10,2306
10,3047
1,362
1,327
10,2007
1,234
10,2974
10,2421
1,286
5,1094
1,350
10,1974
6,1615
7,1904
10,3535
1,361
10,4425
4,878
1,330
9,3309
1,292
7,2519
3,879
1,515
10,2210
1,428
4,1299
6,1805
10,3217
5,1128
1,309
5,1378
1,318
10,2389
10,4091
1,449
10,2365
1,489
1,365
1,448
1,256
8,2431
7,2316
10,2192
6,1449
1,285
6,1320
1,265
6,1419
10,2240
1,286
10,2440
1,395
1,243
1,493
1,234
10,2008
10,3258
4,1128
10,2333
1,243
10,2918
4,1456
4,1355
4,953
1,248
10,3389
1,375
9,1903
1,362
1,246
5,1513
10,2817
10,2950
10,2273
1,224
7,1925
4,994
4,1024
8,1582
1,323
2,598
9,2144
1,315
1,245
1,240
6,1223
10,2335
5,1628
10,3112
1,449
3,1237
10,3460
9,1907
10,3555
1,358
5,1373
1,359
1,270
1,230
1,228
10,1970
10,2253
10,2455
10,2102
1,242
10,3500
9,2060
10,2696
5,1673
1,243
3,742
1,320
2,522
1,232
1,335
6,1234
2,429
6,1215
5,1009
1,256
10,2544
8,2352
4,1291
10,2177
1,274
1,429
1,313
1,278
1,280
1,290
7,2214
6,1431
10,2546
1,425
1,585
1,314
10,3085
5,1562
7,1523
4,812
1,236
1,292
1,251
1,277
10,2366
10,2867
3,817
3,660
9,2978
7,2012
5,1308
5,1195
9,2075
10,3090
10,3536
1,246
1,291
3,737
1,237
8,2467
3,954
1,415
10,2073
9,2978
5,1530
3,793
10,2598
6,1256
1,341
7,1799
1,236
1,278
7,1652
1,225
10,3305
10,2151
1,274
10,2153
2,618
4,1367
1,351
6,1665
6,1316
2,597
4,975
1,453
1,344
9,2743
9,3085
10,2674
2,647
1,231
3,868
1,484
5,1696
1,295
6,1583
10,1873
10,2110
10,2455
1,260
1,336
10,2412
6,2075
10,2606
5,1519
1,230
5,1419
1,306
6,2026
1,251
10,3412
10,2651
5,1147
10,3328
1,340
7,2814
1,576
10,2293
9,2102
3,775
1,434
10,2835
1,257
1,406
1,278
7,2311
10,2747
3,680
9,2662
1,317
7,1868
10,3030
9,2299
10,2566
1,632
6,1692
1,525
1,285
7,2352
1,227
10,4784
1,392
1,352
6,1852
1,337
9,2242
10,3754
1,299
10,2469
10,2323
1,360
1,282
7,1681
10,3034
1,255
1,517
7,4315
1,318
5,1664
1,355
9,2680
8,2377
10,2679
6,1236
9,2269
1,326
1,275
1,439
10,3326
1,265
10,2162
1,488
1,252
6,1498
9,2644
8,1701
6,2101
9,2948
2,728
1,309
1,285
1,268
1,378
7,2134
1,223
2,420
5,1222
1,259
10,2783
7,2065
10,2102
10,3346
4,1453
6,1519
6,2136
1,365
1,244
1,268
10,2177
1,234
5,1830
10,2255
1,267
7,2109
10,2390
1,250
10,2608
6,2064
10,2735
1,370
1,258
1,275
1,244
3,1082
1,418
3,979
3,785
1,274
3,920
1,324
10,3393
6,1700
10,2846
10,3360
1,378
9,2867
1,669
1,288
10,2837
1,348
9,2113
1,429
1,250
10,2584
9,2075
10,3950
3,638
1,492
1,346
1,345
7,1498
1,275
1,256
5,1519
1,465
1,435
1,346
1,288
1,426
10,2874
3,990
10,2271
1,377
10,2022
8,1718
7,2220
1,252
9,2398
9,2893
4,976
1,496
1,229
1,239
10,2269
10,2872
3,796
4,841
10,3344
4,922
1,251
4,1158
1,242
10,1977
10,2320
6,2281
1,358
1,228
1,234
3,826
6,2031
10,1999
4,1014
9,2931
4,924
1,295
10,2366
1,459
1,251
8,1897
9,2512
1,313
1,307
1,498
1,413
10,2812
1,272
9,2091
10,2800
1,434
1,236
10,2807
2,737
1,341
4,852
9,2332
1,289
1,231
9,2149
9,2268
3,1033
6,1973
2,792
1,325
1,228
1,277
1,307
9,2468
8,2549
2,511
7,1835
1,355
1,237
10,2976
6,1539
10,3348
10,2205
1,459
10,2133
1,266
1,392
9,3019
7,1666
10,3415
5,1534
7,2026
1,258
1,231
8,1700
1,237
6,1335
2,453
1,380
4,889
1,238
1,394
10,3336
6,1406
10,2796
6,1485
6,1830
1,268
1,327
10,3107
5,1155
10,3457
10,2120
1,254
9,2070
1,226
7,1736
3,1106
7,1533
5,1110
9,2021
9,2145
1,267
1,482
9,2041
1,266
10,2423
4,1247
1,451
1,285
1,234
9,2757
3,967
9,2791
3,756
1,357
7,2503
1,423
1,264
10,3464
1,549
10,3143
1,758
5,1593
1,323
1,233
1,545
3,843
10,2610
10,2538
3,1037
10,3662
1,347
9,2366
1,447
1,301
1,493
4,1348
1,343
1,262
1,229
9,3690
6,1937
1,466
10,2316
5,1053
1,589
1,377
8,2278
9,1963
1,245
4,1082
4,1303
3,841
1,233
1,237
4,1220
9,3118
8,2986
10,3072
3,660
3,1014
7,2437
7,2551
10,3569
1,256
4,1114
6,1874
10,6773
1,250
1,226
10,2975
10,2339
5,1019
10,2808
10,2542
10,4141
7,1967
8,1677
5,1397
1,329
1,453
9,2480
1,1876
1,230
1,473
5,1202
10,2483
10,3502
5,1623
1,494
10,3325
9,2885
8,2358
10,2451
1,376
1,322
6,2283
1,1086
1,235
3,987
10,2812
10,3129
3,968
2,865
10,2226
5,1118
8,2564
9,2439
6,2024
1,550
1,331
1,464
1,407
1,225
8,2744
2,440
1,355
10,2488
10,2727
10,2487
3,862
9,1776
2,468
9,4029
1,395
1,244
2,818
1,458
1,217
9,2865
6,1614
7,2380
4,980
2,8358
10,2402
10,2909
10,2929
10,3657
2,490
8,2562
1,247
1,670
1,582
1,217
9,2860
9,2593
1,313
9,2765
5,7979
10,3071
4,1262
3,777
5,1379
10,2048
9,2345
1,245
10,2854
1,1413
1,228
5,1489
3,949
4,899
3,902
4,8141
10,2017
3,946
10,3510
3,981
1,323
7,2425
1,264
1,265
5,3954
3,780
10,3402
10,2910
1,1174
10,3229
1,391
10,1963
10,3283
6,1696
2,559
5,1205
1,433
1,286
3,991
8,6324
1,428
4,1548
1,259
1,497
5,1339
1,490
10,2092
6,2135
3,1025
10,3239
1,374
10,3577
1,342
1,264
5,1602
9,2815
5,1601
5,1795
1,470
10,2102
1,488
1,210
10,3296
9,2553
9,2664
4,1020
4,1338
1,262
1,348
7,2205
10,2818
2,854
1,402
1,431
1,552
10,2784
10,2011
5,1176
6,1898
10,3172
1,457
10,2882
1,458
1,703
5,1549
10,3105
7,9288
4,1079
1,406
1,450
1,437
5,1158
4,1132
10,3311
6,2018
10,3167
10,2793
10,2941
1,380
5,1940
10,3410
10,8118
1,1092
5,1274
1,415
1,509
9,2526
1,520
2,729
2,684
10,6936
5,1608
2,744
9,3279
5,1653
7,2271
1,396
6,1965
1,388
1,4572
1,545
1,536
1,348
10,2155
1,283
9,10059
2,578
10,2999
10,2896
9,3194
9,7560
3,1201
4,1239
1,261
1,429
5,1740
1,495
1,331
1,243
5,1722
1,406
10,2517
9,3047
1,348
6,1941
2,945
6,1977
6,1214
1,320
1,430
8,2621
1,491
1,508
4,1477
10,2732
1,449
6,1424
5,1667
1,524
3,893
10,3588
9,9859
9,3204
1,388
1,532
6,5049
1,453
2,842
1,363
1,335
1,244
3,977
8,2502
1,476
5,5140
1,4737
5,1734
2,774
1,409
1,341
1,426
1,597
1,413
4,992
4,1070
1,257
10,2347
10,3239
5,1850
5,1716
5,1732
4,1408
5,1577
1,348
10,3147
5,1700
1,713
1,493
1,570
2,751
1,356
10,2183
4,1216
6,1758
5,1585
1,591
6,2038
10,3402
10,2816
10,8477
8,2863
1,422
1,411
10,2219
1,421
1,346
4,1015
1,295
5,1229
4,1262
4,6167
5,1718
2,650
3,1202
2,631
1,359
5,1560
1,463
10,3004
1,335
1,311
2,648
5,9341
8,3997
5,1437
5,1834
7,2431
1,523
9,2960
10,8164
1,502
1,369
1,402
9,1903
1,388
1,324
10,2705
10,11240
6,6136
9,2879
7,6307
1,321
4,7165
10,3113
1,334
10,2954
1,451
10,3147
10,2674
1,387
1,295
3,1237
6,1842
7,4017
6,3328
1,534
4,1505
1,554
5,3931
5,1578
1,2653
1,357
9,2403
1,651
1,320
1,270
1,532
3,6347
1,421
1,3755
9,2982
4,1367
9,3234
9,4501
2,1075
5,1564
1,504
1,285
2,1695
1,341
2,708
9,2926
9,2900
9,2946
5,1225
5,1711
1,301
10,3781
5,1843
1,363
9,3062
3,1032
3,2462
1,521
1,279
2,753
1,333
2,38718
5,17378
5,1091
8,3033
5,1788
1,566
7,2155
9,12398
5,1648
10,5230
10,7051
1,2873
1,240
10,6916
1,364
6,1779
3,1107
6,1882
9,8749
6,2204
1,436
4,1819
2,679
9,2915
9,2746
5,1617
1,419
1,356
2,1189
5,1922
4,3004
5,1581
5,1577
5,1591
6,2017
5,8070
1,387
1,386
6,5236
9,1874
5,1411
1,387
1,334
9,2953
1,839
8,2807
9,2905
1,458
4,1259
6,3225
8,2672
5,1655
1,391
6,1942
9,3152
8,2180
1,535
8,5167
6,2013
1,384
4,2430
4,1299
7,2127
6,2718
4,1309
1,370
3,8103
9,7716
1,494
5,1688
1,399
1,468
10,3295
5,1632
10,3211
9,6795
4,1273
4,1399
3,1222
9,16321
5,13474
8,2513
3,948
5,1443
5,1198
5,5295
3,1021
9,2593
10,3454
1,623
9,7685
5,3673
5,5598
5,1110
5,1555
5,12452
5,1417
5,1884
1,406
4,1003
7,1900
9,3432
9,7439
8,2304
1,460
5,1441
4,1218
4,1360
8,2616
1,464
4,1850
5,1508
5,1573
4,1358
7,2178
6,2045
1,435
3,958
8,2907
1,512
6,1672
5,1442
6,2127
1,676
1,430
8,2573
9,2635
5,1835
4,1432
1,430
5,1935
1,780
6,1639
5,1621
1,589
1,421
1,490
1,445
5,1646
1,507
1,382
4,1418
8,2660
6,1919
1,417
3,1067
1,516
5,1596
8,6543
5,2156
5,1550
7,2439
1,431
6,4269
1,529
1,498
6,2071
5,1636
9,2911
5,1501
5,2012
2,779
5,1725
8,2678
8,2802
7,2215
1,409
1,393
1,423
1,367
1,475
5,1753
8,2455
4,1234
1,316
5,1812
10,2862
1,476
1,351
1,360
1,403
6,1880
1,353
1,601
1,362
5,1346
2,706
8,10755
1,319
9,4141
6,3309
8,2438
1,373
4,1233
5,1293
6,1925
1,552
1,1055
1,531
1,358
1,363
7,2291
5,1605
6,1893
5,1771
9,9759
6,2327
9,2497
5,2446
7,2414
4,1264
1,423
2,1489
1,477
1,411
1,580
5,1603
1,305
4,1299
6,2110
9,9590
4,1678
10,2053
4,43188
5,1785
1,409
1,3977
1,396
1,359
1,463
7,5971
1,377
9,2678
5,1624
9,10157
5,1580
5,1552
7,2065
4,1381
1,387
1,378
1,359
3,936
1,301
1,433
5,2542
6,1912
5,1671
5,1834
6,2096
4,1383
1,449
3,1005
3,16640
5,1752
1,578
3,1189
1,449
1,534
1,340
3,1321
1,440
7,2156
1,463
8,2655
1,555
5,1523
6,1991
6,2136
9,2816
1,468
1,531
1,393
1,490
3,1227
5,3409
1,385
9,4958
2,686
1,346
5,1838
7,7322
4,1295
5,7543
3,1817
1,379
1,343
4,2100
3,1588
10,6083
1,598
1,370
5,1573
1,576
5,1542
1,523
8,3885
5,1446
2,990
5,1788
1,373
3,1157
1,320
1,529
6,1930
5,2511
1,346
5,1889
1,398
6,1825
7,2429
3,1110
7,18531
5,1982
5,1840
1,321
1,397
1,415
1,467
3,1131
9,2712
1,334
1,481
7,2771
1,441
4,1404
6,1866
5,1624
7,2961
4,1472
1,338
6,2110
1,458
1,387
9,11110
6,2852
1,315
6,31300
3,4249
4,1591
1,542
9,21369
1,571
5,4200
5,1572
1,358
1,457
3,2883
7,2247
10,3079
3,1117
3,887
5,2476
1,445
4,1450
1,426
5,1658
10,4881
6,2032
9,19233
1,306
3,1295
1,339
1,488
4,5845
5,1666
1,329
1,3400
1,425
1,350
1,427
5,1617
6,7255
1,564
1,514
1,574
1,473
9,2989
3,1267
7,2288
7,2261
1,348
4,1394
6,2054
1,503
1,440
4,1304
1,8185
1,457
7,2291
3,1206
1,393
4,5517
1,530
10,4371
1,384
1,348
1,472
1,455
1,920
1,717
6,5999
4,1324
1,399
1,351
1,388
1,660
9,20422
2,791
7,12280
5,1609
1,349
1,400
3,1067
1,578
1,498
4,21674
7,1969
1,715
6,2008
6,1814
9,4409
8,2638
10,3205
4,1386
4,1369
1,454
1,659
1,358
1,523
1,418
1,424
3,1076
1,442
10,3458
3,1494
1,353
1,509
9,2806
8,2833
1,394
3,1076
1,621
1,391
1,341
1,365
7,2266
4,1327
1,356
10,3540
9,3280
4,1425
5,1661
7,2379
7,2354
1,504
1,405
1,341
1,470
1,435
1,352
4,3008
2,699
1,416
1,457
4,1969
9,2870
7,19568
7,7637
4,1553
3,1131
3,1074
1,349
9,3346
1,373
1,545
6,9821
8,2431
1,365
2,1152
9,2680
7,2613
7,2108
4,27391
5,6470
1,322
6,1941
1,321
7,2266
1,532
1,528
1,686
9,2870
1,568
9,2942
7,4407
7,2269
10,16305
10,3103
6,2000
3,1016
7,2025
2,699
8,16685
1,500
3,1154
1,451
1,404
1,430
8,2668
7,3292
9,10771
1,474
8,2379
7,2089
1,315
9,2707
1,349
1,513
1,353
1,318
1,385
1,330
1,596
1,533
10,3653
7,2303
4,3491
1,337
8,2579
1,519
4,4550
1,606
3,14123
9,4525
3,1025
1,350
1,3026
3,1183
1,447
10,4077
4,1276
7,26294
5,1589
3,1209
1,496
9,2742
1,496
1,16886
1,303
1,419
1,351
1,338
1,476
3,1459
4,2976
7,2278
9,43673
9,10086
5,2032
6,2172
7,2100
3,965
10,9239
3,1130
6,2255
1,345
1,353
1,945
1,654
5,1869
10,7432
7,4924
8,2604
5,1842
1,334
7,2319
1,358
4,33492
3,940
3,1115
1,322
1,402
8,9970
1,349
7,2184
8,2331
6,2132
8,2505
2,953
3,1095
7,2247
1,482
10,3164
1,356
9,3140
1,533
1,350
9,2768
3,1414
4,1346
4,1306
3,1152
7,2343
2,842
1,521
4,1353
6,2770
1,433
6,2367
9,6829
1,329
1,333
9,2708
1,506
8,4365
7,2740
5,1560
3,916
2,565
1,424
5,1524
1,7537
9,41889
9,3057
9,3151
1,324
1,366
4,1233
1,544
6,2056
1,428
5,1605
6,1896
1,455
9,3814
4,1219
4,1415
1,523
1,341
7,2179
1,343
1,344
10,9085
1,413
6,1881
2,820
2,734
6,1418
1,410
1,382
10,6315
4,1243
4,1299
4,2710
7,2289
1,353
1,351
9,3724
1,1239
3,1043
6,1531
9,2047
5,4104
1,629
6,2189
6,2004
9,5085
5,1761
7,2654
7,7898
9,2579
9,2812
7,2167
5,5164
7,2390
8,2609
1,372
2,795
1,370
1,425
8,2687
8,2525
8,2696
7,2277
8,2499
3,947
1,564
7,2560
1,240
5,1847
3,1095
1,333
2,524
1,483
9,3499
8,2533
9,15829
7,10488
9,3399
4,1287
3,877
3,1920
10,3271
6,6777
5,1640
5,1743
10,2885
2,524
1,346
7,2341
7,2319
9,6313
6,2049
1,471
7,2253
1,433
6,1732
9,2885
9,2576
4,1107
1,400
5,1489
3,867
1,246
9,2838
3,1119
7,2402
7,2312
7,2289
8,2398
6,1841
1,322
5,1674
1,336
2,945
2,1005
1,452
1,470
1,290
7,3278
5,1764
9,3258
9,2785
10,3202
5,4688
9,2810
9,9094
4,1367
1,476
2,554
2,674
1,256
1,455
1,244
1,481
5,1153
1,343
5,3489
1,317
1,751
4,1260
4,1350
1,732
9,2830
1,446
1,442
1,422
1,265
1,270
10,3372
2,809
5,2055
2,697
4,1226
10,20724
9,14603
9,2855
2,684
4,7294
1,421
1,374
1,436
1,250
1,243
1,329
2,720
4,3191
2,656
5,1821
4,1384
7,2343
1,3332
6,1758
7,5718
1,337
1,258
1,246
1,265
1,285
5,1958
2,508
10,9428
1,405
8,2777
3,1083
7,2497
7,2166
8,2832
9,8571
1,261
5,1064
1,271
1,236
5,1449
4,1423
1,406
5,1665
5,1260
6,2321
7,2200
7,2118
7,2254
7,4346
10,3739
1,258
1,227
1,272
1,1141
5,1571
8,1954
1,376
8,2440
6,1397
3,1072
1,461
9,3139
10,5532
3,2078
7,5891
1,307
1,234
1,434
1,429
5,1646
7,17063
1,329
1,334
10,3116
7,2169
5,1245
5,1860
1,492
5,1404
7,11154
1,290
1,225
5,1617
1,493
10,2365
4,7763
1,263
6,1502
5,1339
6,1431
5,1581
8,2847
5,1519
5,1354
9,7690
1,295
1,278
1,327
1,322
10,2372
7,2815
1,279
7,2322
10,2118
8,2147
2,637
4,1291
4,1512
2,851
5,8085
1,351
1,240
6,1296
1,357
5,1697
7,2246
1,303
1,379
1,351
5,1463
2,585
4,1537
4,3558
2,729
1,10189
1,278
1,235
1,424
5,1653
10,2456
3,5058
1,287
5,1711
1,508
2,534
1,368
1,246
6,5086
1,517
1,349
1,268
1,484
10,2534
5,1824
3,1025
5,1447
1,277
9,2159
1,270
2,642
1,341
6,1518
9,14449
1,461
4,7962
1,396
1,365
5,1225
10,3116
5,1532
5,1700
1,240
2,429
1,531
3,767
1,378
6,1755
6,1772
1,432
4,17238
5,1162
10,3030
10,2002
10,2993
10,3433
2,806
1,266
2,783
1,421
1,555
1,242
3,2493
7,2499
1,403
6,1772
10,2280
5,1253
10,2281
5,1456
5,1559
2,602
1,256
1,398
1,462
1,328
1,361
7,2792
3,832
1,282
1,316
5,1438
10,2589
10,5233
2,642
10,2318
1,536
1,297
1,640
1,371
1,424
1,290
5,1438
5,1683
1,422
8,8748
10,3083
10,3223
5,1301
10,2946
10,3220
1,360
10,2287
1,345
1,531
1,336
1,337
5,1713
4,1301
1,374
8,2463
10,2056
10,2136
4,1300
10,3079
10,2473
5,1274
5,1532
1,334
10,2740
1,277
1,295
2,772
8,4651
1,361
3,1071
5,1248
5,1766
10,3285
3,963
10,2081
10,2139
10,2837
1,343
1,313
1,299
1,262
2,444
5,1942
1,350
5,2379
3,1009
10,3037
10,2365
10,2855
7,1399
5,1506
5,1268
1,253
1,281
1,297
1,249
4,897
2,720
1,359
2,748
10,3039
3,1033
10,2727
5,1247
10,3238
1,260
10,2530
1,244
10,2471
1,372
1,253
1,523
1,459
1,341
2,933
5,1365
10,3118
10,2165
10,3134
10,2162
10,3240
10,2539
1,578
5,1401
1,375
1,256
1,308
1,311
1,284
1,396
10,2566
10,2745
10,2259
8,1628
1,465
1,287
5,1821
1,361
4,1450
1,357
5,1539
10,2312
1,375
5,1863
5,1909
10,2340
5,1121
10,3030
4,1317
1,222
1,537
10,2137
1,247
10,2385
1,365
10,2908
1,453
5,1408
3,862
1,622
10,2633
10,2242
10,2650
10,2101
1,226
1,436
5,1553
1,295
3,693
1,318
10,3431
1,431
1,446
5,1426
10,3507
10,2495
10,3026
8,2301
7,2504
1,221
10,2448
3,933
5,1438
5,1733
5,1298
5,1305
1,244
1,303
10,3041
1,606
10,2063
10,3380
1,394
10,2328
1,279
1,273
10,2228
6,2019
10,2355
10,2719
10,2243
1,246
1,246
5,1265
1,429
10,2064
7,2216
1,482
10,2668
1,234
1,348
10,2283
10,2987
10,1994
5,2217
10,2780
1,242
1,300
6,1271
5,2160
7,2159
10,2351
1,428
6,1327
1,230
1,314
10,3172
5,1244
10,3272
10,3126
5,1763
1,244
1,256
5,1281
1,343
10,2844
1,456
1,285
1,474
1,314
1,305
10,3432
6,1650
10,2078
10,3382
10,3072
1,333
1,331
10,2068
1,363
1,419
1,260
1,229
1,247
1,324
10,2245
10,2738
10,2259
7,1723
10,2811
10,2335
1,233
1,248
7,1767
1,390
1,228
1,414
1,411
1,233
1,321
1,538
10,3037
10,2591
10,3030
5,1266
3,757
1,279
1,219
5,1625
1,403
1,272
6,1682
1,382
1,230
6,2403
1,356
7,1640
5,1213
6,2054
10,2074
5,1301
5,1650
1,219
10,3520
10,7103
1,242
1,254
1,359
1,229
10,3257
10,2094
1,358
10,2093
10,2285
3,1066
10,2563
1,261
1,318
5,1294
1,352
1,234
1,295
1,362
1,215
10,3240
5,1633
1,347
3,998
10,3602
5,1231
10,2093
5,1175
5,1109
10,2724
1,418
1,212
1,285
10,3306
1,287
10,3022
10,2405
1,385
4,2551
10,2714
10,2067
10,2864
10,3122
10,2672
10,2508
1,362
1,203
1,322
1,383
1,256
10,3203
3,754
1,379
10,4993
1,229
10,2215
10,3229
6,1477
10,3196
4,1373
10,3187
1,240
1,378
10,10594
1,283
4,1396
5,1048
1,252
5,1287
10,3241
4,900
7,2134
10,3077
10,3099
10,2067
6,1379
1,231
1,271
10,14894
1,252
10,2141
10,2031
1,229
4,965
1,343
10,2063
10,2714
5,1098
5,1320
10,2666
10,3125
1,219
1,355
2,728
10,2055
2,638
10,2211
1,254
10,2174
1,522
10,3122
1,419
10,2957
10,2367
10,2250
5,1725
6,2121
10,3181
10,2254
1,384
10,2115
10,2734
1,245
10,3049
1,509
7,1867
1,261
3,918
10,2370
10,3126
10,3219
10,2034
10,3303
10,3241
10,3215
10,2215
10,3191
1,256
10,1967
1,387
10,2389
1,229
10,3127
10,2885
1,326
3,1092
10,3263
10,4487
10,2424
10,2549
10,3113
7,2650
1,253
7,1442
1,401
6,1288
1,265
5,1596
10,2166
1,321
10,3364
10,3265
10,7519
10,2354
3,1073
10,2213
10,2517
10,2785
10,2457
10,3515
1,327
1,340
10,2690
5,1625
1,254
5,1099
10,2397
4,1290
10,3170
8,2679
8,2500
6,2147
8,2619
1,380
1,367
1,233
1,360
4,1095
10,2582
1,550
10,2296
4,1366
10,2629
10,3272
9,2810
8,1838
10,3168
10,3258
1,275
1,350
1,226
1,343
10,2286
10,2855
1,284
10,2547
2,780
2,740
8,2503
2,652
10,1965
1,364
10,2219
1,377
1,596
1,228
1,351
10,2753
10,2473
1,241
4,954
10,2970
9,2754
8,1818
10,2520
2,608
10,3380
10,3414
1,345
1,487
1,220
1,329
7,2332
10,2731
1,241
10,2963
10,2047
10,3322
2,667
10,3177
1,579
10,2285
10,3166
1,335
10,2871
1,241
1,228
10,3500
10,3114
1,338
7,1712
10,3238
10,9235
2,727
2,690
1,409
1,435
2,854
1,380
1,342
1,245
6,2195
10,2148
8,1827
1,349
10,2131
10,2129
10,2268
10,2252
10,2112
1,250
10,3024
10,2275
1,361
4,930
1,252
10,2667
10,2285
1,251
1,267
1,338
10,3025
10,3411
1,290
7,1568
1,286
1,313
2,564
1,529
2,737
1,318
10,3881
1,361
1,221
6,2221
1,335
8,2210
8,2080
10,2242
4,880
1,322
10,3213
10,3012
1,473
10,3044
1,257
10,3012
1,505
1,226
2,684
1,235
10,3556
1,270
1,239
10,2168
1,332
1,448
10,3240
1,285
9,2801
6,1861
10,3643
1,304
1,231
10,3298
1,341
8,2169
8,1738
1,236
8,1971
1,371
1,244
8,3081
6,1966
10,1979
10,3289
4,1356
1,237
1,260
10,3470
1,903
2,917
10,2025
1,235
10,2131
1,237
1,329
10,3668
10,2905
10,3675
10,3365
10,3222
1,272
1,268
10,3242
1,412
1,495
2,609
1,268
6,1273
1,225
1,354
10,2461
10,3356
8,2269
10,3385
7,2058
1,439
1,301
9,3235
10,4193
1,326
1,354
1,326
1,530
1,264
10,3169
8,1992
9,2556
8,1827
10,3216
10,2919
1,346
1,234
4,1165
1,336
1,324
1,390
1,253
1,256
9,2671
1,349
2,768
10,3425
2,895
10,2692
2,806
1,381
1,219
10,2913
1,332
1,319
1,332
1,248
1,241
10,3003
1,281
1,398
10,6857
9,2201
4,1256
10,2223
1,395
1,229
8,2159
1,254
1,221
1,426
1,260
1,234
1,358
1,361
1,389
8,3238
10,2175
10,2148
10,2241
6,2206
2,624
10,2595
1,452
1,230
1,299
1,250
1,229
10,3300
4,927
1,297
4,1319
1,500
2,727
3,883
1,436
10,3209
10,3429
1,478
1,223
9,2766
10,3066
1,225
10,2712
10,3309
1,256
10,3748
10,3352
10,2058
10,2344
10,3655
10,2322
10,2455
1,453
1,224
1,321
10,2562
1,263
10,2210
2,577
1,323
2,473
1,822
10,2966
7,1738
10,2858
8,3099
1,322
1,360
1,237
1,343
10,2569
1,335
1,349
10,2604
1,352
10,3419
10,2905
4,1122
8,1726
9,2995
10,5801
10,3522
1,243
1,327
1,328
10,2476
1,345
10,2398
10,2161
1,344
1,473
10,3178
7,1728
3,1050
10,2442
10,3328
8,2148
1,361
9,2101
1,384
10,2318
1,278
5,1607
10,2331
1,514
10,1962
1,410
10,2346
1,406
4,1323
10,2574
10,3346
1,435
10,2151
1,284
10,2439
10,2323
10,2698
8,2150
1,246
2,710
2,798
8,1873
1,248
10,3218
10,2281
2,581
1,440
10,3196
10,2771
10,3309
3,736
9,2298
8,1677
1,228
10,2292
1,343
6,1699
1,350
2,974
10,2882
1,598
1,402
1,420
10,3235
10,2138
10,3154
10,2661
2,909
10,2331
8,5847
1,390
3,829
1,253
10,2066
2,538
1,523
1,333
10,2460
10,2568
10,2678
10,2219
10,2377
9,3206
10,3373
8,2111
1,257
1,458
1,229
10,3108
10,2550
1,256
1,287
10,3039
10,7679
10,2313
9,2369
10,2247
10,2082
10,2880
2,590
1,355
1,345
1,328
1,319
7,1460
1,357
10,2943
1,221
1,318
10,2678
5,1047
5,1087
1,483
10,2684
1,351
1,289
1,296
1,240
10,3566
10,2420
1,543
2,861
5,1562
10,3353
10,2296
7,2276
10,2226
1,366
10,6852
1,319
10,2463
1,269
1,236
8,2931
8,1774
1,303
8,2221
10,2550
5,1588
1,379
10,2604
1,389
10,3922
10,2238
1,243
1,403
1,235
1,326
8,2043
3,811
1,245
10,2996
10,2040
10,3383
1,330
5,1200
1,237
1,428
10,2135
1,248
1,443
1,253
1,301
10,1977
2,476
1,260
1,387
9,1821
10,3509
10,2746
10,2303
1,239
10,2994
5,1152
1,240
10,2253
1,235
9,2072
2,769
10,2129
1,302
1,436
10,2541
10,2546
1,282
1,276
1,250
1,281
10,2982
1,260
1,357
1,252
10,3053
10,2279
1,234
1,262
1,396
10,2278
10,2299
1,218
10,2423
1,221
1,379
10,2216
1,225
10,2752
1,231
10,2840
1,370
1,234
9,2193
8,2250
10,2352
10,2087
1,380
5,1146
1,273
10,4306
10,3456
1,240
5,1811
1,412
10,3193
1,633
1,234
5,1216
1,248
10,2009
10,2445
1,307
6,1273
1,238
1,349
10,2527
1,344
8,2297
9,2695
10,2613
1,346
1,229
10,3145
1,378
5,1006
5,1372
1,389
10,2378
1,234
1,337
10,2071
1,335
10,2376
10,2550
1,400
1,314
1,258
10,3371
1,335
1,363
10,2156
1,380
5,1244
1,274
1,496
5,1298
9,2348
10,3455
10,2462
10,3146
1,286
1,236
10,3107
1,403
1,239
1,498
1,321
10,2044
1,246
1,519
1,419
10,2397
10,3167
10,2467
10,2148
1,223
1,241
10,2299
1,598
1,212
1,338
1,238
4,847
10,2412
10,3047
1,320
10,2598
5,1336
10,2575
10,2335
1,227
1,356
1,367
1,396
1,217
1,352
10,3133
1,460
10,3476
1,373
1,604
10,3816
10,3379
10,3198
5,1537
1,261
1,293
5,1300
1,307
1,226
1,336
10,3444
1,225
2,729
10,3147
1,259
10,2652
10,2239
1,411
10,2551
1,330
1,269
10,2610
1,373
1,226
1,226
10,2806
1,220
10,3924
1,481
1,254
10,2952
1,401
10,3301
10,2151
1,286
10,2308
10,2856
9,2453
1,209
1,373
10,3386
1,259
10,3420
10,2429
1,337
10,3234
10,2422
5,1259
10,2221
9,2027
10,2894
10,2205
7,2282
1,240
10,2003
1,375
1,223
10,2355
5,1618
1,269
1,269
1,339
10,1990
10,2383
10,3125
10,3684
10,2086
3,821
1,236
1,339
10,3351
1,237
1,511
10,1972
1,228
10,3004
10,3359
10,2250
5,1313
10,3554
9,2874
10,3758
10,2978
1,216
1,232
10,8321
1,236
10,3856
10,1982
1,296
5,1019
10,2888
6,1456
1,406
10,2799
10,2438
10,3069
10,3304
10,2739
1,279
10,2554
1,229
5,1742
10,3009
1,230
10,2743
1,207
10,2602
1,277
10,2430
10,2353
10,2471
10,7170
10,2955
1,300
10,2767
1,269
10,6724
10,2507
10,2298
10,2137
3,839
10,3167
1,350
1,450
10,2176
1,314
1,598
10,2697
10,2365
9,3359
1,316
8,1805
5,1492
10,2095
10,2376
1,313
5,1166
1,347
5,1755
10,2077
1,240
1,479
2,1412
10,2870
8,2793
10,2708
10,2631
10,3101
10,2272
10,2440
1,446
4,980
1,331
10,2551
1,238
1,220
1,458
1,418
10,2814
8,2652
5,1517
9,2489
10,2669
10,3025
5,1103
1,430
1,645
1,339
10,2211
10,2038
1,220
1,366
10,3128
10,2421
2,567
10,2798
8,2875
1,457
10,3166
1,536
1,420
1,362
1,248
10,2041
10,2583
1,270
1,496
10,2889
10,6830
2,638
10,3625
5,2008
1,379
10,2587
1,493
10,2761
1,429
1,305
10,2352
10,3011
1,244
2,769
10,3409
10,3889
10,3237
9,2923
10,2367
1,387
1,4855
1,254
1,404
1,231
1,293
10,2205
10,2375
1,234
1,346
7,2097
7,2220
1,384
6,2608
2,590
10,2769
5,1668
1,278
1,481
1,304
1,325
5,1768
10,2126
1,272
10,3157
10,4309
10,3119
1,259
1,496
1,479
1,347
10,18549
1,233
1,382
1,331
10,2843
10,2027
1,230
1,245
10,3119
10,3315
10,9631
1,313
5,1732
1,277
10,3374
10,5833
1,397
10,2892
1,282
10,3084
10,3210
1,213
1,275
10,3219
8,2438
10,8051
1,288
5,1706
1,233
10,2658
10,2258
1,428
1,732
1,245
10,2691
1,579
1,222
10,2779
1,227
9,2682
10,7734
1,556
10,7279
1,261
1,799
9,2600
1,255
10,2822
1,301
10,3493
1,459
1,241
5,1015
1,262
8,2638
8,2771
1,416
10,2959
1,225
1,538
8,2739
1,240
7,1955
1,497
1,473
1,469
1,327
10,2839
1,423
3,835
3,1028
1,377
1,461
1,238
1,459
5,1165
1,250
7,2361
10,2442
10,3906
1,333
1,232
10,3740
9,2748
10,2277
10,3355
10,3547
4,1255
1,233
1,619
10,1965
10,3075
10,2231
10,2584
10,3788
1,239
1,402
10,3063
1,330
2,564
2,565
1,388
10,2770
1,586
1,1340
2,536
10,2775
9,2722
10,3298
8,2952
1,234
1,266
10,3355
10,3068
1,455
1,400
1,356
5,1628
1,400
10,8925
1,443
10,4002
8,2393
10,3440
1,522
1,225
1,232
1,349
10,3430
1,343
1,320
1,399
9,2998
1,381
1,514
1,498
10,3343
3,822
10,3295
10,3267
1,224
1,246
10,3167
1,459
1,379
1,405
10,3197
5,1717
1,541
10,3147
1,480
10,2507
2,559
10,3618
5,3951
1,364
10,2896
10,3315
10,2885
1,367
1,237
5,1858
10,3232
10,2397
1,252
1,379
10,13106
10,2194
1,543
10,2544
1,411
1,1841
5,5793
1,246
1,391
1,234
10,2424
5,1680
5,1745
10,15204
1,327
7,2341
10,2530
10,4012
9,2403
10,2744
9,2752
10,7201
2,1003
1,515
1,322
1,373
1,419
10,2146
5,1902
1,407
1,385
1,285
6,2387
9,3000
10,3278
10,3179
10,3474
3,1082
1,535
1,339
1,459
1,232
1,212
10,7505
1,424
10,3125
1,266
10,3201
7,2386
10,4730
1,305
9,3333
9,2792
1,368
10,2830
10,2219
1,260
9,1859
10,3114
1,301
5,1951
10,3089
10,12544
2,7286
10,2606
10,13382
8,2605
5,2556
1,375
1,250
10,2071
1,225
1,309
7,2606
1,334
10,8366
1,292
5,1994
5,1626
10,3645
10,3206
10,2302
5,1564
1,573
1,375
10,2963
1,217
10,2628
9,2787
1,231
10,2183
5,1537
9,2887
3,761
1,690
10,3070
2,700
7,2967
10,2862
1,348
5,1156
1,246
10,3139
5,1195
10,2767
3,1067
1,332
8,9556
1,635
5,1822
10,3221
1,816
8,4535
10,2396
2,442
10,2613
1,461
9,1993
3,1000
10,2550
9,3662
1,295
4,948
1,3770
10,9255
1,581
1,659
10,2217
5,1541
10,1933
9,2127
1,332
10,2293
10,2854
10,2942
8,2826
10,2253
5,1212
1,453
10,7556
9,2975
1,551
9,2159
1,367
5,1584
9,2856
1,454
5,1153
10,2981
5,1631
5,1689
1,260
2,504
1,311
10,3186
9,3102
1,572
10,3393
1,341
1,297
10,2148
1,299
9,2200
1,380
10,2883
2,576
1,331
1,673
1,262
9,2086
10,3469
1,723
1,424
1,457
10,2641
10,3249
5,1737
3,937
1,325
1,797
1,485
1,252
1,3435
1,411
5,1994
8,4704
1,449
10,2276
10,3104
10,2401
10,3294
10,3109
10,2364
10,2502
10,2436
1,406
1,267
1,446
1,390
8,2681
8,2024
1,360
10,3264
10,1977
10,3252
1,390
5,1451
9,2055
1,248
1,291
1,276
1,426
1,511
1,363
10,2266
2,609
1,246
10,3117
9,2404
9,2566
1,238
3,896
10,3375
1,394
10,3069
1,382
1,213
1,366
1,604
2,856
2,565
1,287
10,3452
10,3183
10,2496
1,231
10,2933
1,222
1,295
9,1943
1,252
1,270
1,361
1,252
10,3204
1,1435
1,381
10,2345
5,1634
8,2706
1,232
3,1081
7,1487
5,1443
5,1540
1,261
10,2844
1,332
10,2842
1,609
1,389
9,2330
10,2248
3,634
10,2166
1,229
1,341
1,359
10,2750
3,659
1,338
1,292
1,356
10,2696
1,883
10,3663
10,3394
10,2481
10,3051
5,1554
1,338
1,577
1,225
1,435
10,2909
1,457
10,2251
1,417
10,3120
1,343
1,418
10,2396
10,2880
9,2717
3,1060
1,386
10,2958
1,217
1,280
9,2072
1,242
10,2490
1,242
5,1188
1,382
1,494
10,3070
10,2296
9,2419
10,3375
10,3383
10,2245
1,223
1,387
9,2496
1,257
9,3246
10,2243
1,289
1,680
1,523
5,1614
10,2559
9,1715
9,2817
1,428
7,1676
1,249
1,325
10,2510
10,2397
5,1169
10,2147
10,2950
1,342
1,473
1,320
10,2510
10,2912
10,2951
1,305
9,3110
1,226
1,255
1,360
10,2384
9,2892
10,2567
10,2460
1,334
1,338
1,627
10,2582
1,241
1,298
1,426
2,588
1,229
1,241
7,1357
10,2687
9,2380
5,1924
1,577
1,296
1,438
10,3456
1,523
7,1360
7,1419
10,2697
10,2717
1,218
10,2277
1,538
5,1677
9,2843
10,2914
10,2151
1,322
1,358
1,390
10,3505
1,412
1,394
10,7228
7,2379
1,230
1,579
1,418
1,294
10,3433
1,257
10,2248
1,305
1,265
10,2292
10,3472
1,234
1,379
10,3044
9,3182
1,246
10,2295
1,511
10,2868
1,416
10,2280
9,2096
10,3445
10,2364
10,2436
10,3748
1,223
1,362
5,1597
9,1904
5,1245
10,1959
1,241
10,3090
9,3005
1,425
5,1860
10,3135
1,368
3,610
9,3867
1,227
1,524
2,742
7,1578
10,2986
9,2593
1,238
1,382
9,2835
10,2187
10,2712
5,1499
10,2452
5,1796
2,737
1,289
1,235
10,3232
1,322
10,2679
5,1657
1,344
10,2663
10,2482
9,1848
9,1848
1,534
10,2442
10,2819
10,2218
1,326
1,231
10,3119
8,1755
2,656
10,3293
1,305
10,2116
10,3028
5,1645
9,2105
10,2869
1,516
9,2451
10,2060
1,334
1,456
10,2438
3,610
10,2925
9,2134
1,377
9,2144
1,249
10,2100
10,2068
10,2839
10,2236
9,3089
5,1028
1,310
1,409
10,2363
1,486
5,1753
9,2282
1,273
10,2264
1,319
9,2181
1,281
10,2856
10,2044
10,2917
5,1055
1,241
1,430
5,1020
1,239
2,682
10,3151
1,359
5,2044
10,2401
7,1408
1,401
9,2805
10,2816
7,2408
10,2069
1,243
3,1030
7,2163
1,327
10,3047
1,382
10,3157
9,1997
10,2939
9,2084
1,389
10,2326
9,2105
1,456
10,3295
10,2544
10,3467
8,2518
1,363
10,3105
10,2646
10,2905
9,2678
1,471
10,2024
1,534
5,1763
10,1984
1,542
1,342
10,3400
1,354
8,2690
1,336
7,2257
10,3333
10,3724
10,2891
1,397
1,296
1,396
10,2012
9,1855
1,367
1,271
10,2645
10,18563
3,813
1,337
10,2589
1,433
10,2702
1,273
10,3898
3,732
1,274
3,1003
10,2359
1,383
1,678
2,766
10,3526
2,529
1,357
8,1810
10,3303
10,2928
1,362
1,674
1,486
1,283
9,1944
10,3009
1,357
1,537
2,715
10,3190
10,3884
1,362
10,2289
1,392
5,1410
1,271
2,501
1,532
1,272
10,2708
10,2047
1,343
1,421
5,3124
10,3427
1,307
1,320
8,1898
1,417
10,2943
1,258
1,210
1,380
1,356
1,233
1,364
1,332
10,6322
10,3073
10,3439
1,435
1,328
8,2445
10,2811
2,714
1,248
10,4931
1,394
1,446
7,1478
1,243
1,349
1,404
10,2849
5,5611
1,254
10,2606
3,678
10,3145
10,2730
1,290
10,3169
1,389
1,291
10,3202
1,227
1,239
1,452
7,1852
7,1910
1,398
9,2236
10,1970
1,358
7,1896
1,383
1,276
1,656
10,3159
1,376
1,257
1,336
1,373
10,3057
7,2168
10,3383
1,362
2,595
1,393
10,2031
1,312
1,440
1,497
10,3542
1,270
1,236
10,2788
10,3211
8,1608
10,6780
1,355
10,3363
1,355
1,351
5,1410
1,255
5,1300
1,389
10,3426
1,572
1,360
7,2230
10,2524
10,2329
10,2585
10,2991
2,1042
1,353
1,274
8,1837
1,518
10,3728
1,488
10,3590
1,291
10,2375
10,3310
1,264
5,1337
10,2518
1,403
10,6233
1,278
5,1625
8,2538
1,283
2,728
1,246
5,2042
1,409
1,334
10,3265
1,441
8,2212
5,1361
10,3040
10,5179
1,256
10,3111
3,900
10,3494
1,340
10,2615
10,3173
1,450
1,268
10,3036
5,1579
8,2739
8,2739
10,2610
10,8768
1,270
1,376
10,3130
10,3119
1,294
10,3118
7,1597
1,361
1,331
5,1379
10,3620
3,795
3,1046
1,496
10,2847
1,242
1,416
2,788
10,2126
1,406
10,4500
2,496
1,315
1,394
2,890
10,3313
10,2311
10,3328
1,331
6,1791
1,267
2,689
1,580
10,3612
1,327
10,3500
10,2961
1,232
10,3304
10,2211
8,2556
2,646
2,671
4,1175
5,1441
1,308
10,2599
9,2864
5,1316
10,3167
10,2801
7,2259
1,324
10,3938
10,3154
10,4172
1,434
1,470
1,205
2,684
1,310
10,2488
10,3087
10,3403
7,5276
5,1492
10,4765
10,3307
5,1210
3,1111
10,3079
1,476
1,386
1,367
10,3074
1,275
1,235
10,6319
10,7236
3,765
10,2693
10,2247
10,3022
2,801
10,2015
10,2581
2,878
1,404
1,383
7,1809
10,3182
7,5009
2,796
2,846
10,3061
2,514
5,1162
10,3312
10,3082
10,2398
10,3192
9,2329
1,378
4,1379
10,3238
9,3597
10,3156
3,766
6,2015
8,2039
7,1808
3,716
10,3389
10,3007
5,1719
10,3128
9,2370
1,416
10,3056
3,924
1,344
5,1240
7,2105
10,2539
5,1242
10,2124
6,2139
2,661
10,3335
8,2005
7,1453
10,2755
1,578
10,6565
8,1987
7,2392
6,1791
8,2379
7,2515
7,1673
10,2219
8,2281
10,2635
10,2450
8,2811
10,2727
1,418
1,446
10,3130
4,955
10,3183
8,2722
1,543
10,2132
8,4716
5,1375
3,675
10,3356
5,1661
10,2238
5,1118
7,1949
1,311
9,3627
10,1931
1,379
3,770
1,330
4,1012
3,725
3,940
4,1087
7,2160
10,3071
2,695
6,2152
1,222
1,274
4,1520
5,1537
9,3186
4,918
1,285
5,1286
7,2012
7,1619
1,442
10,2787
10,2254
1,550
10,3079
8,1856
1,393
6,1709
3,655
10,3113
10,2379
1,355
8,2064
3,882
8,1847
1,403
10,2138
7,2841
1,694
10,3574
3,607
10,3082
10,2923
8,2505
10,3432
1,403
1,321
7,1408
10,3148
3,763
1,338
8,2084
8,2916
9,2116
10,3602
1,218
10,6912
2,795
3,930
5,1550
10,2764
1,302
3,653
10,3090
7,1534
1,350
8,2274
8,2592
10,3221
10,2753
1,398
6,1584
1,439
7,2548
10,18111
10,3395
1,384
3,728
1,347
3,642
1,330
3,986
3,744
10,3282
10,5253
1,297
10,3394
10,3926
10,2116
1,540
10,3432
1,490
1,395
1,395
1,324
1,400
10,2015
2,793
3,1701
3,902
1,300
1,577
7,2365
7,2429
4,1614
1,498
1,268
1,350
10,3176
1,337
1,243
2,673
1,518
9,2705
3,1263
1,330
10,3239
9,5014
1,511
10,14824
1,264
1,327
1,394
5,1654
1,385
1,280
10,3394
1,583
1,579
7,1784
1,349
10,3450
8,2812
1,601
3,1030
10,3135
10,2481
1,410
1,305
1,361
1,487
1,406
1,476
1,239
10,3415
1,343
7,3131
3,3128
1,394
7,7830
1,317
10,6995
1,352
1,587
1,360
1,418
1,402
1,348
1,220
10,3313
1,245
3,1318
10,6459
1,458
10,3178
4,833
10,3274
1,431
10,3068
1,360
10,3121
9,3257
1,294
1,262
10,3413
10,3392
10,4078
6,1860
1,361
1,356
1,403
10,4134
1,350
10,7217
1,346
10,3209
1,650
1,339
1,252
10,3232
10,3237
10,3362
5,1759
1,391
10,7813
1,526
10,3217
1,376
1,367
1,279
10,3281
1,523
1,348
1,231
4,882
5,1629
10,3363
5,1885
1,377
3,9169
1,431
7,2329
1,417
1,437
1,304
1,387
1,407
1,361
1,252
4,1023
10,20070
4,1383
6,1423
1,359
5,1153
10,3130
10,2591
1,339
4,1724
1,391
10,5359
1,407
1,515
1,250
1,465
4,20585
1,462
1,466
1,286
3,8273
10,14459
10,35253
10,3289
1,577
10,4957
4,1215
1,362
1,265
1,356
1,417
3,1125
9,2656
3,1136
1,252
5,1247
1,1691
4,18943
10,3348
1,498
10,2398
10,3148
1,403
10,3093
1,301
1,243
10,3342
10,3223
1,435
10,2755
9,2729
10,11157
1,402
10,3118
1,396
10,3079
10,3877
1,350
10,3131
7,2274
1,285
1,381
3,1006
1,399
10,9552
6,2464
4,2988
3,929
10,3576
1,375
10,7139
4,1402
1,236
10,3222
3,1052
1,246
7,2758
7,1964
1,1887
10,5895
10,3152
3,2587
10,3066
10,3256
4,1281
2,746
3,1114
1,288
1,343
10,3810
1,404
10,3223
6,2025
10,5460
3,973
7,8543
1,428
6,4265
10,3007
10,3286
10,3250
4,1602
10,3182
4,1236
10,11748
10,3079
5,1751
3,1245
1,437
10,2784
5,1754
1,577
10,3109
7,2174
3,887
5,1636
10,12230
10,4080
10,3471
7,2207
10,12943
10,13820
1,396
1,536
6,9020
6,1921
1,490
6,1963
4,2789
5,1787
10,2775
9,2604
10,5906
4,1326
10,6902
1,282
10,3154
3,2740
8,2656
10,2825
3,1075
9,2735
7,2262
10,3351
10,29927
1,393
6,1939
10,3496
10,3035
10,26028
1,498
5,1500
1,335
1,472
1,12777
1,423
7,1880
6,1949
3,922
10,15625
9,2637
7,2291
4,1557
10,11366
4,5383
10,3289
6,1857
1,606
1,379
4,1141
1,436
6,2100
4,1216
7,11275
5,1397
1,322
7,2122
7,2390
10,3566
7,2282
1,535
7,2426
1,531
4,2807
3,1049
1,358
7,2293
3,940
10,3082
4,1510
4,1597
6,1598
10,9346
9,2783
10,3690
10,4369
10,7246
1,440
1,344
10,3304
1,424
6,1481
3,1094
3,852
6,1986
10,12998
6,2096
10,14693
6,1662
10,15396
1,330
3,982
1,386
1,475
6,1944
1,430
3,1254
1,507
6,1670
6,1992
3,1228
3,1193
1,642
6,2060
6,1279
4,1604
6,1974
8,2482
2,1395
1,398
1,517
2,684
1,527
4,1185
7,4952
10,3187
1,505
3,1044
4,1155
1,398
10,3058
5,1626
1,421
6,1887
4,1465
1,432
1,346
1,316
7,2186
5,1658
8,1937
9,2789
9,3166
10,3050
10,2920
10,3085
3,1151
1,431
5,1560
9,2149
1,361
9,2094
1,440
3,4830
6,2333
2,814
8,2740
10,12220
6,1849
10,7455
6,10928
1,496
1,368
2,716
4,1523
1,395
10,3091
3,1200
6,2260
3,1047
9,2610
1,423
1,383
2,652
10,3209
10,3053
1,430
4,3447
2,1025
6,2007
1,372
10,2668
1,460
1,516
2,651
4,1318
2,662
3,1256
1,332
6,2035
3,1068
1,281
1,341
2,712
7,2304
8,2579
3,1019
1,461
1,401
6,1813
4,1571
9,2235
6,1825
10,2926
3,1038
10,15045
1,355
6,6207
10,4161
7,2705
8,2709
3,910
1,418
10,2419
1,495
6,2029
10,3074
10,3622
10,15607
6,2095
1,540
1,423
5,1435
9,3273
4,1101
4,1650
7,7675
1,575
9,3286
1,388
5,1858
3,1066
10,3984
9,19315
4,1370
10,2955
1,390
2,624
6,2056
6,2267
6,4505
2,12790
1,430
10,3456
1,328
7,2555
1,403
10,5398
4,1249
3,1759
7,2448
1,497
6,1712
8,2481
6,2126
2,824
8,12323
10,7642
4,1465
6,2972
3,1321
1,404
6,1755
6,1798
1,570
6,2093
1,484
2,728
4,1382
3,1085
3,1038
1,412
1,400
7,2377
1,395
8,2539
1,492
10,8201
3,1032
1,518
7,2132
3,1010
10,2325
6,1870
1,4108
2,792
8,7026
8,3676
3,1041
4,1628
6,1957
1,451
7,2722
8,2573
1,452
6,2146
1,354
10,4152
2,614
1,283
2,771
4,1348
4,1352
6,1830
1,431
6,1916
1,355
4,2986
7,2318
1,423
3,806
1,426
2,884
8,15505
1,387
10,3049
1,388
2,878
9,8625
5,1607
4,1360
4,1300
6,2128
4,1196
1,401
3,1136
8,2512
6,2014
9,2719
1,595
10,3130
1,441
6,1971
1,548
2,674
7,2569
3,1080
3,1204
6,1819
1,423
3,1482
4,5796
8,2589
8,2649
1,378
2,631
1,355
5,1677
1,539
1,574
6,1830
1,330
3,1329
1,466
1,541
2,806
5,1840
6,1831
10,3040
1,469
2,676
8,3144
2,880
1,534
3,1085
1,494
1,348
5,1820
1,432
1,559
1,377
2,596
9,2806
1,300
1,335
6,3418
1,507
2,688
4,1982
6,1922
1,381
7,7980
1,451
1,381
1,550
1,546
3,1182
4,1297
2,855
1,375
6,1846
1,526
10,3028
1,497
1,365
1,416
1,425
1,549
8,2552
1,466
8,2640
2,661
8,2598
6,42945
1,765
4,1568
5,1332
2,899
1,443
1,467
1,302
6,5231
1,431
1,3470
3,1058
1,381
2,756
4,1308
4,1456
1,362
8,2631
7,2117
6,2171
1,486
1,392
1,381
1,339
1,355
1,427
6,2014
1,413
4,1213
2,627
2,580
4,1350
7,4252
1,444
8,2824
1,386
1,529
1,450
1,474
1,388
1,372
8,3403
1,455
10,3156
6,2099
1,527
3,1430
2,4424
2,788
6,2722
6,2158
4,1295
1,340
8,3257
1,489
1,353
4,1528
4,1353
10,2711
2,631
1,490
6,2219
6,1893
1,409
5,5770
4,1107
10,3063
1,402
4,1219
1,424
1,354
6,2092
1,429
2,836
8,2450
1,434
6,2303
6,11510
1,385
4,1509
1,271
2,741
1,353
6,3966
1,376
1,425
5,1638
6,2053
6,2030
2,821
1,356
1,471
8,2839
1,428
8,3416
2,549
10,3170
3,912
5,1708
8,3152
3,706
2,880
1,499
8,2910
4,1238
10,2028
6,2075
9,2744
5,1673
2,808
1,437
6,2305
1,404
2,509
1,331
1,418
2,759
1,495
2,739
1,357
1,275
5,2232
4,1620
2,682
2,4883
4,1310
8,3283
8,2509
10,12588
1,642
2,753
2,792
2,680
2,843
8,2581
1,331
4,1435
4,1569
10,3341
6,1982
1,401
4,1311
4,1624
10,21000
4,1715
2,782
10,2126
5,3016
6,2209
2,554
8,2086
2,866
8,2130
10,4660
8,2769
7,2147
6,2091
2,598
2,21221
6,2312
5,1587
4,1125
1,393
8,7466
2,642
1,370
2,827
2,720
2,840
8,2061
6,33117
2,882
7,3360
6,6890
2,853
6,1894
8,2042
1,412
7,3080
1,437
1,312
10,3122
1,577
9,9296
2,755
2,643
8,2805
9,6966
2,708
2,819
2,562
2,676
2,778
6,3317
1,354
1,264
6,2007
1,442
8,2700
4,1647
4,1237
7,3665
5,1529
4,1206
2,928
10,3411
9,5588
10,3083
8,3026
1,374
1,273
8,4967
1,411
6,2016
5,1540
10,8827
6,7979
2,646
6,1733
2,1012
2,473
4,1130
2,734
6,2145
8,1753
1,360
4,1182
1,271
3,2127
8,2542
10,6106
2,758
10,3733
9,2797
10,3518
10,3281
6,2379
8,2446
9,3197
1,346
1,344
4,1519
1,356
6,12911
2,905
9,11786
10,3279
2,834
2,748
10,3445
9,2966
2,695
10,3091
2,838
1,262
1,266
6,1858
1,303
6,12024
2,451
6,1917
8,2757
2,845
4,1195
2,914
8,2710
6,3753
9,5555
4,1297
3,1383
9,2321
9,2829
1,327
2,1208
1,432
8,2477
4,1478
1,503
10,55233
6,2939
5,1558
2,733
6,2132
8,2395
1,352
10,2819
2,811
1,256
5,1712
1,378
4,1200
2,748
8,2657
6,7740
6,2217
4,1396
6,1990
8,2589
2,688
1,283
10,3354
6,1841
1,246
6,2362
1,273
6,2090
4,1473
6,3972
8,6036
9,7959
8,2410
8,4849
6,4989
1,587
1,431
2,765
6,4758
1,490
7,2418
1,362
2,629
8,2467
3,2105
7,2310
4,1699
2,636
8,2593
4,1261
1,496
1,324
6,2101
2,624
1,459
1,489
1,432
8,4944
5,1141
6,14272
6,2058
6,2189
6,1969
8,2179
2,786
1,373
1,399
4,1341
6,10592
1,477
8,3016
1,329
3,929
10,3124
6,2257
8,2523
8,2690
10,6170
2,820
2,715
1,397
1,392
10,2509
2,827
3,927
2,750
1,349
6,15493
3,950
8,2388
1,409
6,5114
10,7044
1,421
8,4097
1,340
9,3088
10,3108
4,1517
10,2711
4,1092
1,291
8,13257
1,323
6,1818
2,819
2,688
1,331
4,1466
6,5326
1,296
10,2729
9,2335
8,20034
9,2519
4,1262
1,242
2,654
1,295
6,2144
4,1007
8,2787
2,662
8,2018
7,2582
1,267
1,264
10,2842
4,1423
10,3290
2,719
1,269
10,6578
1,366
2,1718
2,1005
9,2921
8,5307
2,732
2,884
1,221
10,2909
10,2779
8,2826
10,2845
3,777
1,251
4,850
1,266
10,3326
3,949
1,401
8,17128
2,795
1,382
1,316
10,2628
4,933
2,677
10,2824
1,465
8,2496
1,207
1,422
2,803
1,469
4,1181
5,1685
1,344
4,1193
1,361
2,604
6,1876
4,1224
6,1787
8,2254
10,2460
4,827
1,426
8,2756
1,328
4,1786
2,972
1,269
8,2031
1,387
5,1587
10,3246
1,496
7,1866
3,895
3,798
1,403
1,379
4,1236
1,247
2,841
2,921
1,236
2,649
1,370
7,2065
10,3469
1,413
10,3413
10,2535
10,3470
1,319
10,3152
4,1058
1,406
8,2305
1,426
1,379
3,1003
8,2788
10,3617
1,375
1,272
5,9254
1,490
9,2275
1,441
10,3292
2,546
1,353
1,603
1,521
1,453
1,564
3,922
10,5588
2,937
1,228
10,3240
1,517
10,2674
1,360
1,386
4,1207
1,392
8,2695
1,456
1,352
8,1948
10,5085
10,4235
1,372
1,260
10,2570
1,2521
2,873
1,344
1,395
1,488
1,376
1,482
1,457
1,337
5,1811
9,2226
9,2403
1,315
1,302
10,3226
9,3736
6,2317
1,314
1,374
1,257
1,286
1,492
1,323
1,421
1,548
2,664
10,3383
1,393
1,313
3,808
10,2612
10,2798
1,287
10,3104
1,266
1,303
1,347
1,319
1,403
1,386
10,2885
3,1179
1,469
1,230
4,1039
1,258
7,1896
1,374
2,507
1,224
1,296
2,667
1,259
1,339
1,402
5,1032
5,1576
1,301
1,416
5,1445
1,357
4,1318
8,1751
5,1293
1,237
1,265
1,374
1,380
1,462
1,467
5,1962
10,2231
9,2869
1,246
10,2866
1,507
10,3305
1,390
7,2500
1,293
8,2764
1,575
1,665
8,2594
1,267
10,3155
7,2412
1,314
10,3321
7,1535
1,260
9,2596
1,305
4,1318
1,286
1,396
1,492
1,442
1,407
1,261
7,2390
2,743
1,406
8,2165
1,663
10,2776
10,2836
3,991
10,2397
1,398
9,3047
1,407
1,288
10,2554
1,464
10,2761
2,652
9,2476
10,3120
1,387
1,353
3,1176
10,2338
10,2863
1,378
10,3326
1,629
9,2788
9,2709
9,2594
9,2864
1,373
1,444
10,3124
1,279
1,563
4,1479
1,540
10,2495
1,348
10,2918
1,463
8,2806
10,2718
1,367
10,2864
1,347
1,386
10,3192
1,306
1,316
10,3591
10,3284
10,2214
1,252
5,1291
1,352
1,458
10,2622
1,288
3,838
1,339
1,473
2,487
1,225
1,257
6,2049
10,3348
10,2422
1,373
2,523
3,760
10,3585
2,582
1,302
10,2122
1,598
1,404
5,1150
1,499
5,1077
1,450
2,772
10,3022
8,2013
10,3160
1,240
2,612
6,1722
10,2716
5,1526
10,2458
2,803
10,2176
1,282
2,546
7,1552
10,3224
6,1664
3,776
10,2781
9,2347
10,2820
5,1724
1,332
5,1765
1,388
2,844
5,1094
1,235
10,2664
1,408
10,3348
1,418
9,2780
10,3032
1,393
5,1391
10,2165
10,3312
10,2603
1,267
8,2075
10,3105
1,268
7,3783
1,456
4,1276
10,3146
9,2936
9,2913
10,2704
5,1297
10,2882
2,699
1,325
1,321
10,2810
10,2799
1,287
5,2062
1,443
7,1689
10,2846
10,3611
5,1580
10,2956
10,3210
10,3202
5,1924
7,1474
2,691
9,2647
10,3171
2,784
9,3447
1,383
10,2752
2,760
10,3283
9,3114
6,1495
4,1380
9,2240
10,2988
1,487
1,490
1,462
10,2993
2,601
10,3237
1,446
10,3233
10,2780
5,1281
10,2575
10,2818
10,3043
10,2635
5,1609
1,391
1,412
10,2867
3,1052
2,830
10,2729
1,380
10,3265
1,513
2,703
10,2185
5,1658
9,2150
3,1019
10,2929
1,373
1,460
6,1754
5,1162
10,2817
10,2810
4,1234
9,6526
1,401
7,2106
5,1172
7,2088
10,2366
4,1091
10,3076
1,229
2,582
10,3236
10,2771
8,2365
5,1492
1,308
10,3033
1,428
10,3470
10,2077
10,2377
9,2789
10,2838
10,3314
1,221
8,2300
8,2681
5,1410
10,2506
10,3153
1,427
6,1889
1,296
5,1829
5,1865
9,2969
5,1197
5,1504
9,3008
1,221
2,696
8,2388
7,2323
8,2898
5,1226
1,356
10,2937
1,605
10,3182
1,363
10,2674
5,1652
7,1624
10,2802
1,227
10,2502
10,2967
1,488
10,3397
10,3733
2,449
1,350
1,442
10,2442
1,470
10,2624
10,2480
1,339
3,933
1,235
10,2995
10,2892
1,417
10,2379
1,502
1,383
1,262
1,365
10,3076
1,398
4,1493
6,1922
1,544
5,1160
1,233
8,2908
4,1022
1,511
8,3095
1,399
9,2301
1,359
10,3176
5,1166
2,612
3,1369
10,2836
1,355
10,2071
1,254
9,2033
10,3037
1,241
9,6653
1,601
10,3083
1,367
1,388
10,3218
1,346
5,1528
1,463
1,256
7,1662
4,1438
8,2960
1,458
1,262
10,3130
1,485
2,679
1,335
9,3341
10,3792
1,242
10,2326
2,537
1,291
2,833
10,2509
8,2679
2,898
1,208
10,3511
1,554
10,3225
1,280
1,359
5,1499
1,557
7,2369
1,400
1,238
2,558
2,570
10,3387
1,467
1,320
10,2485
1,678
6,1854
1,527
10,2559
1,356
1,389
10,2205
1,266
1,293
10,2778
10,3418
10,3037
1,546
1,312
10,2456
2,681
8,2636
1,307
1,431
1,260
1,314
4,2435
1,303
1,282
1,466
6,1506
8,1851
1,485
1,281
1,535
1,338
1,381
1,231
8,2728
1,370
2,577
2,896
1,260
1,350
1,386
10,2054
10,2939
1,347
1,259
10,2378
8,2592
10,2837
1,236
10,3315
1,350
1,503
1,343
1,227
1,436
9,2621
9,1851
1,337
9,2819
10,3161
1,462
1,339
10,3018
1,619
9,2793
1,322
1,351
1,376
1,248
2,761
1,243
8,5514
10,2624
1,252
1,275
1,241
1,488
8,2255
10,3171
10,2423
1,348
1,347
1,415
1,331
2,540
1,369
10,3234
2,582
1,306
10,3276
1,242
1,369
7,2103
2,626
10,3480
2,628
10,2426
1,580
1,237
9,2883
1,372
10,2489
1,327
9,2189
9,3247
1,251
10,2376
10,2740
10,2594
10,2954
1,332
1,630
1,713
1,257
2,590
1,402
8,2678
1,345
1,499
10,2452
1,241
10,2672
10,2684
2,857
10,2336
2,621
2,688
1,396
1,246
10,2415
1,775
10,3079
8,2375
10,3118
10,2181
1,226
10,1974
10,2734
9,2731
1,419
1,332
8,2626
1,551
8,2703
10,2725
8,2264
10,3264
1,420
1,429
9,2064
1,214
10,1989
10,2105
10,2562
8,6342
1,331
8,2807
1,394
2,540
8,2240
1,365
10,2224
1,349
1,390
10,3117
1,267
1,252
3,712
10,2258
10,3759
1,231
10,2502
1,364
1,282
8,2446
1,347
1,508
10,3014
1,244
8,2220
1,223
9,2030
1,396
10,2997
10,3390
2,569
9,2477
1,330
9,2708
1,298
2,489
2,500
1,253
4,1051
10,2856
1,252
2,593
1,249
7,2247
10,3271
10,3361
10,3352
2,738
2,769
10,2286
1,364
10,2278
1,340
2,627
10,2112
4,1062
8,1924
1,231
8,2456
1,376
2,878
9,3121
6,1948
8,1848
9,3056
1,379
1,578
1,264
8,3181
10,3633
9,2264
10,2759
1,309
10,2951
5,1890
8,2283
10,3643
2,675
1,310
10,3126
8,2597
1,355
5,2047
10,2162
10,2893
5,1636
4,1000
1,298
8,1853
1,424
8,2531
8,3193
10,3589
9,2756
10,3370
10,8418
1,345
1,303
10,3625
1,298
1,382
10,2732
1,254
10,3153
1,455
10,2825
8,2603
8,2939
10,3292
10,6867
9,2932
1,415
1,262
1,354
9,2007
10,2602
10,2354
1,232
10,2966
1,365
8,2780
10,6352
10,2933
8,2601
8,1819
1,480
1,255
1,482
10,2394
2,497
6,1566
2,731
1,377
10,2609
1,331
9,2402
10,3480
10,3354
10,2594
10,3166
9,2986
1,238
4,1222
4,1006
1,480
10,3130
1,416
4,1035
3,858
1,410
8,1873
10,2363
8,2740
10,3398
10,2188
10,2469
1,261
8,2315
6,1886
1,413
10,2312
1,376
1,291
1,362
1,321
10,2678
1,256
8,2814
6,1987
1,390
10,2506
1,234
2,454
8,2430
1,238
1,355
1,294
1,249
1,238
1,360
9,2811
10,4173
10,3362
8,1888
1,418
10,3024
1,300
8,2620
10,2206
1,357
10,3151
6,1543
1,364
1,297
1,345
10,2552
2,633
8,2704
10,2610
1,307
8,2278
1,314
10,3029
10,3306
1,274
7,2083
1,312
8,2427
1,275
10,2835
10,2254
1,761
10,2805
10,2390
1,551
10,3213
4,1766
2,696
9,1964
1,296
5,1178
1,398
10,2453
1,248
1,542
10,2176
1,267
10,3523
2,758
1,270
1,440
10,3196
10,1977
6,1370
1,231
9,1874
1,293
9,2132
1,229
1,539
1,271
2,655
2,602
4,925
1,443
10,2584
1,496
5,1246
10,2604
1,250
10,3222
1,273
5,1676
1,377
10,2278
9,1971
1,225
10,2940
10,3185
1,288
2,600
5,1515
6,1832
10,2355
1,300
8,1740
1,373
6,1896
1,387
2,770
1,514
1,251
10,2738
2,828
1,225
9,2134
10,3187
10,3049
1,388
1,343
10,2918
1,385
10,3550
1,391
5,1409
1,476
1,259
4,1082
1,439
1,235
10,3304
6,2140
10,2892
2,558
1,233
3,1122
1,251
2,827
8,2663
9,3054
1,337
1,298
9,3120
1,272
1,237
1,407
10,2341
8,2425
4,1145
10,3474
10,3188
10,2289
10,2825
1,305
7,2177
1,391
1,428
1,332
1,234
1,224
7,2345
10,2510
2,662
1,489
8,1584
2,743
7,2520
6,1729
10,2487
10,3397
1,275
1,259
1,274
1,335
4,1433
1,427
6,1952
10,3154
1,390
10,6185
1,386
8,2489
5,1511
10,3310
10,4908
1,264
1,245
1,392
1,331
8,1901
1,555
9,2280
10,2343
1,429
2,515
1,346
10,2306
10,2083
5,1416
10,3443
1,238
1,422
1,255
1,243
10,3408
1,399
5,1395
4,897
5,1953
10,3270
1,296
10,3234
10,2868
2,745
8,4191
1,268
8,2536
1,275
1,220
2,842
8,1945
10,2668
3,982
9,5831
10,3213
1,244
10,2640
8,2047
10,2301
10,2268
1,229
10,6767
1,345
1,352
6,1861
1,490
10,2475
6,1409
2,933
10,2114
1,322
3,929
10,2907
2,785
10,2114
1,229
1,276
1,393
1,239
10,2823
1,349
10,2964
7,2101
1,358
10,2988
1,370
2,587
10,2905
10,3138
3,1022
1,238
1,200
1,267
1,246
10,2428
2,876
8,2713
4,1291
8,5711
6,2060
1,405
2,854
4,897
10,2244
2,568
2,553
2,716
1,362
8,2995
2,651
1,298
4,1383
1,347
1,430
10,2504
1,324
8,1788
2,593
6,2056
5,1160
1,291
8,2766
1,336
8,3045
10,2147
1,321
10,2814
1,431
6,1879
10,3519
1,367
8,1918
1,437
5,1619
9,2424
2,634
2,792
5,1651
10,2776
7,2393
1,371
2,655
1,585
2,4548
8,2345
1,420
10,2177
1,569
10,2815
10,2858
8,1898
10,2407
6,1704
1,381
10,2602
10,2138
1,514
1,397
3,866
10,3599
8,2381
10,2216
1,282
8,2242
1,519
10,2492
10,2599
2,745
2,781
10,3079
1,255
1,386
9,2877
1,353
10,2298
5,1528
1,346
1,341
10,2965
10,8516
5,1307
9,2943
10,2533
2,615
8,2655
1,302
1,253
1,367
1,273
4,1280
5,1881
9,2057
1,421
10,2879
1,331
8,2169
9,3123
1,250
10,2406
10,3207
1,337
1,367
5,956
10,3333
2,732
1,407
10,3345
1,389
9,1973
1,478
8,2603
10,3484
10,2663
9,3092
8,2408
10,3241
1,512
1,603
1,541
1,539
7,2544
3,848
1,472
4,1020
1,399
10,2550
6,1529
6,1641
6,1432
10,3407
3,1088
1,391
5,1605
1,464
1,248
3,1031
5,1758
1,384
1,345
8,9985
2,706
8,1744
10,2582
10,2469
3,1262
9,2680
1,371
2,730
1,402
1,236
2,730
5,1646
8,2565
10,2959
10,11374
10,2598
10,2217
5,1691
6,1756
2,616
10,3356
1,301
1,340
5,1774
1,226
10,2943
8,2371
1,360
10,3110
1,418
5,1633
10,2896
8,2643
8,2175
1,539
10,3187
1,339
1,461
10,2300
1,523
8,2430
1,452
1,312
1,352
1,1597
7,1573
8,2059
10,3037
10,2758
1,290
8,2832
1,261
6,2186
1,269
1,273
5,3057
2,1165
1,245
1,234
5,1741
10,2804
10,2949
8,2023
10,3182
1,416
10,2311
8,2394
3,997
5,3666
1,343
10,2722
1,439
5,1528
1,229
3,4120
10,2989
4,1491
10,2351
8,1938
1,455
10,2363
9,2575
2,678
7,1995
1,305
2,7315
7,2003
8,2572
1,268
1,680
8,2043
2,848
4,1375
4,1356
1,263
10,2563
1,501
1,385
8,10265
1,336
5,1792
1,409
5,1981
1,402
1,431
10,2099
1,419
10,2450
4,1526
1,504
4,1499
5,1947
1,387
8,11364
1,287
3,1211
1,602
9,3594
1,445
5,2794
10,2149
1,283
2,517
10,2227
1,422
5,1785
3,1011
10,3463
7,1713
10,3082
4,1670
5,1974
3,1702
1,278
1,406
3,782
1,249
9,3030
2,679
1,392
9,2365
10,2644
4,1389
5,1163
5,1170
6,2013
1,510
10,3169
1,283
5,2868
2,535
1,335
8,1938
4,919
1,273
2,816
2,836
1,485
5,1317
9,2880
9,3256
1,475
2,738
1,325
1,4113
1,536
4,975
5,1947
1,478
1,355
6,1959
8,2776
5,1702
7,2194
1,398
7,2578
10,3697
4,2360
1,345
6,3494
1,512
1,228
1,406
1,373
6,1451
1,305
1,320
10,3139
10,6217
3,1039
2,933
1,537
2,728
5,1690
1,417
1,279
1,440
1,262
1,436
4,1240
1,399
10,3145
5,1648
3,890
10,3069
4,1281
5,1743
5,1486
9,2481
1,273
1,240
1,246
1,352
1,257
9,2574
1,331
6,1906
8,2611
5,1704
5,1590
6,24459
1,330
10,3217
1,539
9,6027
1,266
1,233
1,345
1,259
1,530
1,478
5,1936
7,2470
3,856
9,2880
8,1721
2,691
5,1700
5,1824
7,8458
1,237
1,317
1,435
1,257
2,786
6,2346
9,2830
8,2653
1,513
1,350
7,1672
1,488
6,2064
10,9353
7,2488
1,255
1,379
1,524
1,353
3,1162
1,441
7,2248
7,5015
2,809
10,4664
4,1485
1,317
7,1953
3,1104
6,1620
1,306
5,1247
1,364
1,244
6,1947
2,804
6,1839
6,1840
1,506
6,1974
7,2429
10,7030
7,2193
2,9214
2,715
4,925
9,2095
1,572
1,290
4,1272
3,886
3,12166
4,1129
6,1847
9,2732
6,2945
1,339
4,1486
10,3139
4,1430
1,339
2,894
5,1598
1,245
10,4495
10,3515
2,690
6,2170
8,2035
7,2514
3,882
9,2697
6,1958
5,1619
4,1729
2,728
1,383
1,464
6,1630
6,1965
1,414
4,1285
7,3205
1,427
6,2145
4,1110
6,2177
6,1550
1,424
10,5324
1,275
2,570
1,358
4,1349
1,423
1,547
4,980
3,1071
9,5605
3,963
3,1228
8,3725
4,1006
4,1365
3,1090
5,1190
6,2040
2,798
9,2493
10,2843
1,442
7,2329
4,1391
1,489
6,1767
6,1915
7,2421
3,737
5,1429
4,2885
9,2536
5,1666
10,3126
2,912
6,1968
5,1698
7,1635
6,2074
1,503
7,2049
1,493
6,1590
7,1472
6,1281
6,1535
5,1406
10,5331
3,1047
1,487
7,2245
1,369
4,932
3,1386
1,513
4,1265
1,498
4,1493
4,1517
9,2479
6,2376
6,1985
10,2711
2,623
2,988
9,2847
1,536
6,1442
2,750
1,613
6,2203
1,316
4,1528
7,1591
8,1852
7,2362
3,1467
1,363
1,4154
3,1145
7,2121
1,345
3,1289
1,435
2,767
1,345
1,360
3,1099
3,831
7,2279
2,600
8,2827
8,2602
5,1707
1,514
8,7392
10,3334
4,1521
1,420
1,550
4,1294
1,422
4,1165
6,2199
7,2369
10,3207
10,3100
10,3405
1,413
6,1899
4,1288
1,355
3,1081
7,2085
1,363
4,1363
1,388
6,2228
6,1626
6,1827
2,645
10,2984
9,2801
10,3148
10,2611
4,1369
4,1441
4,1322
1,553
4,2115
4,1010
1,633
4,1581
4,998
4,951
1,287
5,5341
3,681
6,2189
8,2214
4,1463
8,2161
6,1896
1,1296
1,429
3,1307
1,458
2,823
3,1134
6,2189
1,560
1,427
6,1841
5,1770
6,1765
7,2181
9,2857
7,2396
1,461
1,394
4,1243
1,552
5,1717
1,504
4,1350
1,417
5,1094
8,3110
9,2911
2,789
3,995
8,5353
6,3382
2,831
1,430
6,2007
1,410
10,3684
1,497
10,4692
1,1330
6,2024
7,2768
8,2678
8,2535
6,1986
7,2546
1,527
6,2239
8,2622
4,952
2,775
1,315
1,519
3,1085
1,403
6,1767
4,1315
7,2436
9,5784
3,899
7,2236
1,418
1,1443
7,2181
6,1961
6,2365
6,1929
1,435
4,1447
4,2022
7,2304
4,1464
6,2100
7,2211
1,580
6,2112
1,315
1,544
4,1157
7,1802
2,913
5,1547
1,471
6,1963
1,528
6,2042
7,2066
4,1418
7,2316
1,410
7,2345
1,253
1,484
2,780
1,7301
1,554
7,6116
2,684
1,508
1,426
4,1220
7,2419
4,1483
4,1428
1,436
3,963
1,353
2,841
2,667
1,579
5,1792
9,10204
6,2168
1,370
4,1266
4,1102
3,1036
7,2440
4,1076
1,376
4,1469
1,389
1,3244
3,1663
1,450
4,1739
1,488
8,2584
6,2238
3,1023
4,1396
6,1569
4,1152
8,2008
1,383
3,1146
1,482
1,460
9,2687
1,400
4,2954
1,505
1,360
1,472
4,1380
4,1690
3,1086
6,1490
7,1638
1,413
2,817
1,388
8,4562
1,380
1,288
4,1453
6,2061
1,503
8,3073
8,2657
4,1563
1,472
3,1272
3,978
1,547
6,2234
1,472
4,4405
6,2120
1,380
1,541
2,670
1,704
1,397
7,2240
6,2219
1,401
4,1451
6,1614
1,390
8,2667
1,399
7,2368
6,1852
1,520
8,2675
1,385
1,355
2,679
1,18274
6,1931
1,350
3,1222
3,906
1,504
1,486
2,509
1,347
4,1341
1,401
7,2805
1,465
2,718
1,363
1,509
1,460
1,355
4,1241
1,446
1,467
1,549
7,2214
3,920
5,1586
1,6894
2,882
1,1029
9,4866
1,372
8,2352
10,3156
2,669
7,1882
1,372
2,675
5,2543
2,1019
8,2657
3,1040
1,585
8,2561
1,652
1,1405
1,348
1,385
1,351
1,337
6,2122
10,3139
6,2198
1,408
1,396
3,1047
8,3030
6,1985
5,1555
4,1532
4,2316
1,444
1,408
10,3034
1,366
6,2662
10,3159
8,2891
1,483
4,1503
4,38611
7,2433
7,2116
1,387
1,316
1,522
10,5715
9,2924
9,2751
1,394
8,2732
10,3067
1,472
1,557
3,2050
4,25017
9,3019
8,2779
5,1428
3,1002
4,1375
1,415
5,7639
1,560
6,1818
2,828
1,398
5,1694
8,2707
4,1400
1,355
7,1872
1,471
9,2824
1,310
2,729
1,464
6,2011
1,377
1,410
6,2031
1,491
4,1346
1,522
3,1358
9,2959
5,1685
3,990
6,15295
1,408
7,2154
1,366
5,1857
1,377
1,537
2,965
1,411
2,639
2,859
8,7660
6,2008
2,696
4,5520
3,4359
2,737
8,4921
4,1513
6,2068
1,347
8,2752
1,539
1,366
2,718
4,1389
1,6185
6,1964
6,1969
3,6036
3,6351
1,437
3,914
2,3029
3,1052
2,860
1,346
1,359
1,484
4,2415
1,346
9,7567
3,1018
1,500
5,6495
6,1666
8,2711
8,2886
4,1358
6,1770
1,540
1,555
1,482
9,2942
7,2244
4,3162
3,2455
3,964
2,1012
2,8000
9,2683
7,8287
2,668
6,1909
4,1976
2,461
1,662
1,599
1,325
8,2518
1,406
6,1695
5,10378
1,486
4,8495
4,6515
9,3098
6,1982
3,922
9,8386
1,469
2,1476
1,405
1,437
3,989
2,748
7,42122
6,3515
5,1606
9,10088
8,3418
1,3791
3,1142
8,2346
5,1944
6,1968
4,1367
2,682
1,449
4,1530
1,375
8,6818
5,11403
1,366
3,1408
5,2076
5,1738
3,1902
7,6530
5,1654
1,407
8,2617
1,756
8,2595
1,361
1,8173
3,12556
7,1775
1,596
2,15124
7,1736
6,1988
5,1600
9,4301
4,1515
1,607
2,691
1,478
6,1939
9,3068
2,896
5,1649
7,2939
1,385
9,13750
6,2838
8,2543
5,4504
2,664
6,1878
7,3127
2,717
1,577
1,443
5,1557
9,2798
3,1070
5,4620
6,1886
5,3095
7,2268
2,672
4,1257
6,1988
1,561
1,429
7,2356
1,584
1,399
5,1264
7,10860
3,956
2,680
1,640
1,348
2,752
3,1041
8,2451
6,4531
1,525
2,938
9,2781
1,1266
1,534
6,2106
5,1744
4,1299
5,1822
9,3248
4,1308
1,564
8,6538
7,2195
6,2068
2,809
4,1630
9,3016
2,733
2,820
6,1846
1,337
6,1711
7,1815
1,372
6,1598
1,404
4,1163
7,5794
5,8485
6,2109
6,2966
3,1708
4,4551
4,1427
4,1371
1,504
7,3370
2,643
1,590
3,1028
1,415
7,2083
5,1644
4,1262
1,328
4,1287
9,3495
4,1477
2,814
3,1173
1,416
7,2103
1,431
1,378
8,2437
1,457
6,1880
5,1813
3,2272
1,336
8,2788
3,1013
1,7981
4,1269
7,1645
9,2807
7,2358
1,343
1,503
5,1654
1,390
5,1539
6,2006
4,1154
9,2705
3,1146
6,2023
2,720
9,2227
7,2540
6,2021
7,2392
1,413
3,1107
7,2278
1,444
5,1530
7,2250
7,2551
1,506
2,613
1,334
7,6226
3,877
6,2006
6,1787
5,1696
1,624
1,411
6,1977
1,563
4,6564
3,1060
9,2929
1,589
7,3328
5,1871
3,1121
2,533
5,1581
5,1810
7,2029
9,2815
2,614
7,2465
1,459
2,12678
1,495
2,758
1,477
8,7676
4,1180
8,12361
2,812
2,729
5,1875
6,2351
6,1501
1,351
5,2049
1,531
3,9928
1,446
5,1173
1,954
5,1604
8,2552
8,2055
9,2923
6,1907
3,1124
2,976
1,403
3,1193
6,2063
1,492
8,2549
1,558
4,1329
3,2449
6,2060
3,1431
9,6408
6,1709
2,755
8,2464
1,498
1,456
1,357
7,1625
1,443
6,2180
1,482
6,2020
1,3036
2,1021
1,488
6,2161
1,393
1,479
7,1748
1,505
2,678
5,1650
4,939
9,3197
5,1818
1,570
1,568
3,1011
3,1420
7,2097
6,5052
6,1865
1,338
2,1058
1,514
1,1401
2,651
1,556
1,2413
2,623
1,756
1,443
1,389
5,1760
7,1751
6,4862
5,1598
1,378
5,1397
1,589
3,941
2,779
1,399
4,3600
5,1468
1,432
1,418
2,944
5,2314
2,768
3,3223
4,1768
1,446
5,1802
1,498
1,456
4,1353
1,395
3,1145
5,1602
6,2046
1,605
1,431
4,1218
7,2270
3,1981
8,2607
1,470
2,819
1,2226
5,1373
1,525
1,389
3,1878
6,2080
1,2454
1,692
3,2100
8,2483
5,1708
4,3256
7,2020
1,466
3,1130
1,435
3,631
3,1190
1,394
3,1470
4,1467
9,3200
1,490
8,2792
6,2367
6,1587
8,2949
9,2421
1,430
1,471
6,4448
1,389
1,445
1,407
2,635
3,1133
1,341
1,387
1,365
5,1601
2,781
7,2581
2,459
1,397
1,528
9,6400
1,476
4,1125
1,364
3,1743
1,529
1,624
1,359
1,373
9,7484
1,502
8,3173
8,2721
1,390
6,2034
1,2153
3,948
4,1493
1,381
1,560
1,501
3,1430
1,365
1,715
5,1474
1,411
2,929
5,1816
6,1980
1,366
1,592
1,384
3,1118
1,345
6,2102
1,440
4,2101
1,388
4,989
5,2709
1,700
4,1046
7,2427
1,417
1,396
1,694
7,2014
4,1601
1,360
1,381
9,2955
1,552
9,3219
1,1164
6,1954
1,445
6,2349
6,1998
1,405
4,1280
3,1142
4,1082
6,4184
1,443
4,1429
1,496
3,986
6,1844
6,2106
4,1575
1,457
7,2490
1,470
9,2812
7,2546
3,1070
4,1339
4,5469
1,468
6,2170
1,326
1,325
1,362
4,1353
1,455
1,372
2,898
2,1917
1,462
1,436
1,567
1,378
8,2500
3,1050
6,1996
6,7123
4,1423
1,535
4,1622
1,498
1,474
6,2030
3,1124
1,390
2,692
3,1259
1,411
7,2190
6,2119
4,1237
2,4251
2,503
1,581
6,2287
1,408
1,603
1,511
1,428
6,5782
1,696
4,1016
4,938
7,1961
1,552
6,1911
1,598
2,4341
2,801
4,1377
1,449
1,375
1,524
1,443
3,954
1,549
4,1087
4,1271
10,3050
3,1409
10,3076
1,434
1,270
3,2718
3,1047
2,682
9,4479
1,681
1,478
2,772
3,1284
3,1135
6,5001
9,2898
2,1607
4,10694
6,2072
1,482
3,1341
8,5992
1,542
1,727
4,1437
7,2238
2,1801
1,716
7,2213
4,1105
5,1619
3,2653
3,22163
1,518
6,2139
3,970
4,1565
9,3131
2,769
9,2999
1,671
3,1006
2,862
1,384
6,1274
6,4477
4,1499
5,1956
3,1088
1,332
9,2617
5,1776
1,425
6,1926
1,420
1,441
4,1418
3,1079
1,396
5,1534
1,381
4,1285
5,12194
1,431
3,716
6,1413
7,4145
1,397
1,321
1,556
1,613
4,1374
1,315
5,1883
3,893
5,2255
2,697
8,3452
2,816
1,211
1,396
10,3694
1,638
1,369
1,5398
1,508
1,305
2,826
4,1349
5,1643
3,2710
3,1202
3,970
2,732
5,1618
3,950
3,956
6,4542
1,410
1,517
6,1881
1,427
1,517
6,2827
6,1897
6,2078
4,1718
6,2119
1,384
6,1937
4,1263
6,2026
3,876
2,929
1,438
2,1343
4,1231
5,2457
4,1755
3,914
10,2339
2,663
9,3032
1,327
6,2218
4,1580
5,1579
3,1012
2,836
2,682
1,439
4,2693
1,359
4,2779
6,1932
1,432
4,1257
5,1545
1,412
5,1665
6,2084
1,464
1,359
4,1448
2,1645
1,326
4,1441
1,368
5,1909
9,3361
2,682
6,1992
3,1172
1,303
4,1180
8,2549
2,731
3,948
3,997
3,1140
3,927
3,1134
4,1335
3,992
5,1669
1,390
6,1958
1,3751
6,2211
4,1426
3,1015
6,2141
1,292
1,583
3,7570
1,447
6,2392
6,1743
5,1845
4,3982
1,475
7,2276
5,3746
1,483
8,2602
4,1261
4,1251
2,729
10,3360
1,567
4,1276
5,1740
1,395
6,2340
6,1603
1,280
7,1591
4,1438
4,1303
5,2026
5,1522
3,959
1,849
4,1176
2,740
3,1318
7,2436
6,2059
7,2708
3,893
7,2038
5,1094
1,338
4,1324
7,9477
6,1286
5,1677
3,1718
3,1035
1,402
2,731
4,8989
4,1390
3,1000
1,298
1,561
4,1264
5,1809
4,952
3,1260
4,4868
1,607
1,408
5,1328
1,523
1,417
4,1443
3,1128
9,2418
5,1487
1,522
5,3762
1,545
1,630
7,2573
1,397
7,2267
1,398
1,324
1,336
3,1297
6,1858
6,1948
5,1560
1,209
1,605
2,639
1,338
6,2069
9,3182
3,831
10,2886
6,1350
4,1658
1,510
4,997
9,2913
4,1603
5,1560
5,1590
10,5415
8,2215
1,450
4,2165
1,539
7,2194
1,510
4,1342
3,1285
3,757
3,907
6,1926
6,1912
3,1101
1,553
1,342
9,2197
1,431
3,3354
4,1499
5,1934
1,445
4,1653
5,1696
7,1661
1,535
6,2040
5,8755
1,323
1,433
10,3360
7,2615
1,360
5,2148
6,2060
10,3080
1,510
6,1844
7,2607
1,492
4,1392
5,1637
8,2617
5,1698
1,345
1,305
8,2549
1,260
4,1384
5,1135
2,722
1,474
6,2219
8,2869
4,1368
3,1081
1,442
5,3642
6,4398
1,399
1,441
5,1634
1,240
7,2405
5,2059
1,374
1,421
5,1297
6,1855
8,2441
4,1481
4,1291
9,3011
4,1500
1,379
10,4173
4,1296
1,323
8,2586
2,756
6,1939
1,577
5,1617
4,1027
8,2964
6,2221
5,1486
5,13995
5,3168
1,588
8,2684
1,448
1,284
9,2517
1,1279
5,1569
1,449
4,1231
4,1223
6,1673
5,1445
7,2406
1,360
1,579
1,487
10,3467
5,1758
1,281
3,1084
1,460
1,383
1,354
4,1859
7,2374
4,1557
6,2015
6,1943
6,1934
1,438
7,1828
10,3673
2,797
1,416
5,1726
1,440
5,1668
1,430
6,1905
9,2965
7,2516
6,1653
3,1634
2,651
1,302
1,355
3,4656
5,1524
6,1906
6,2486
1,373
3,1110
1,509
3,980
5,1645
3,3462
8,2752
4,1164
1,292
1,431
1,376
10,12897
1,353
10,3649
4,1500
1,524
1,549
1,510
9,2888
5,1673
5,5380
7,2241
6,11457
5,1565
1,336
1,460
10,2937
1,596
10,3266
5,1853
1,409
1,353
1,477
8,8247
6,2061
5,1634
10,2346
6,11113
4,16036
1,401
1,450
2,627
1,413
10,3238
6,2053
1,453
1,346
1,415
10,3175
5,1593
3,1120
7,1950
5,14129
4,1316
1,514
10,3137
5,1277
1,272
10,3778
3,1024
1,279
1,387
10,3502
6,2057
5,1681
7,3637
5,1697
4,1307
6,2067
1,481
10,3162
10,3027
1,365
9,3471
5,1132
1,299
1,386
1,4028
1,417
2,868
9,3232
9,2770
2,567
4,3076
1,242
10,2703
8,1840
1,359
10,3248
1,455
1,241
1,250
1,533
6,1926
1,597
5,1747
6,2315
5,1300
7,1771
1,278
10,3795
5,1134
1,247
10,3129
10,2441
10,2424
1,309
1,458
4,2000
1,369
2,864
5,1360
5,1594
3,1440
1,550
9,3105
1,414
1,255
2,658
1,592
7,2177
1,605
1,435
1,361
1,354
5,1293
1,407
1,636
3,994
10,3774
10,3423
10,3104
1,370
10,3407
7,2143
10,3419
1,358
1,352
3,1056
1,313
5,1451
5,1261
1,363
5,1218
10,3226
10,3335
1,407
1,344
4,4101
1,457
10,2655
1,402
1,387
5,1821
1,235
3,888
1,361
1,348
5,1301
10,7231
3,991
1,269
1,387
10,2592
10,3272
10,3289
7,1848
1,539
1,342
1,402
1,227
1,460
1,249
6,1732
10,2450
6,1819
1,392
10,3461
8,2845
1,413
10,4009
1,213
1,314
1,349
1,326
5,1649
1,461
1,282
7,2240
9,2835
10,2427
5,1449
7,2344
6,2265
10,3637
10,4066
10,3263
1,233
1,250
1,233
10,3265
1,695
1,351
1,347
10,5039
9,2849
1,256
10,3725
6,3495
10,7875
3,1283
10,3205
1,358
1,264
1,299
1,393
1,351
1,394
3,743
10,7181
10,2181
1,248
10,2439
4,989
1,338
10,3306
10,2712
1,645
1,250
1,255
7,2735
1,363
1,386
7,2406
9,2826
4,1377
1,251
3,1040
4,861
1,552
10,3506
10,3037
1,445
1,266
7,2575
1,283
1,329
1,271
1,456
10,3103
6,1911
1,275
10,3248
1,394
10,7423
9,3070
3,1126
10,3917
1,281
10,3421
1,526
1,281
1,253
1,439
9,2222
1,745
1,255
10,3495
1,245
1,4168
10,2696
10,5316
1,332
1,425
10,3479
1,481
1,283
7,2407
10,13908
10,2424
4,1097
1,253
10,3590
1,347
10,3229
6,1347
10,15238
1,313
1,300
10,3002
1,348
1,312
10,3238
10,2369
6,1563
1,581
1,302
9,3152
1,344
1,320
6,2151
9,3291
1,320
1,311
10,3341
1,468
1,284
10,2939
1,413
6,1950
1,587
9,3402
10,6380
1,241
9,2110
1,474
10,2848
1,242
1,279
10,12763
1,453
1,618
10,5523
10,2822
1,378
1,585
10,3378
8,2279
1,254
3,918
4,953
10,3508
1,300
1,434
10,3197
1,570
9,2894
9,1865
9,3482
1,458
1,465
10,2650
9,2167
1,231
1,484
4,1264
2,503
1,368
10,2871
3,1057
1,529
7,2854
10,3345
1,608
4,902
3,924
10,2888
6,1973
1,236
1,656
1,426
10,3174
1,316
7,1870
2,21143
10,2927
10,3136
9,27485
1,338
4,909
1,288
10,3131
6,1955
1,338
10,2411
1,241
10,2456
1,228
10,2935
10,3099
1,508
10,3208
3,25296
10,3486
1,440
1,271
5,3502
1,331
1,253
1,423
1,378
6,1979
1,228
10,4193
8,2840
10,3164
10,3280
10,27009
10,3660
1,323
1,238
10,4645
2,481
1,694
1,416
1,534
8,1767
1,243
10,7445
10,3157
1,410
3,1028
10,14399
1,426
1,226
1,289
10,2093
1,604
3,778
10,2435
1,567
4,896
1,762
9,3159
9,2892
10,3255
10,4156
1,450
7,2049
1,292
1,285
2,737
4,1513
10,2229
9,2402
1,417
1,344
1,357
10,6868
10,2198
3,1002
10,18118
10,3056
3,3536
1,342
1,279
10,2464
4,2087
9,3038
10,2483
1,412
1,258
1,431
3,946
6,2055
9,8281
10,3396
10,2074
10,7155
1,335
1,337
9,2042
1,488
10,3117
6,2026
1,480
1,255
1,374
10,4270
1,552
10,3143
9,2700
1,414
10,3247
1,222
10,3059
10,2362
1,529
10,3488
1,417
1,362
1,218
1,411
2,698
4,964
10,3571
5,1654
6,1871
1,384
1,230
10,3095
8,2006
1,389
7,2334
4,959
1,345
1,223
1,394
10,2919
1,603
10,5540
2,639
6,1961
1,312
1,235
10,3217
1,364
1,255
10,2706
1,398
1,281
1,244
9,2851
9,2341
1,416
10,2485
10,3167
4,1081
1,356
1,222
9,6814
3,1302
1,235
10,2966
10,2280
10,2255
1,419
10,3000
10,3020
1,308
10,3155
6,2321
4,1250
1,363
1,548
10,2195
10,2285
1,331
10,2762
3,880
10,2981
1,350
10,3614
6,1577
1,319
6,2258
1,429
1,446
9,2869
3,1222
7,2515
1,412
1,327
8,1835
1,520
10,3497
1,343
10,3596
8,2867
1,390
6,1933
5,1154
1,231
10,2331
10,3108
10,3412
1,289
1,239
10,2448
1,739
10,2908
1,337
10,3322
1,443
1,245
4,1626
8,2016
1,221
6,2099
9,2941
10,2161
1,323
1,230
10,3559
1,432
9,3037
1,330
10,4071
4,920
1,232
4,1446
4,1082
1,233
1,366
10,2958
10,2002
1,360
1,323
2,473
10,3248
10,3280
3,717
10,3347
1,351
1,258
1,750
10,2187
1,217
4,1475
7,1678
10,2302
6,2035
10,3776
9,2216
9,5350
10,3562
10,3405
10,3581
1,242
1,225
10,3616
1,327
1,217
10,2524
10,3079
10,2055
1,256
1,484
10,2665
10,6476
10,3507
10,2654
10,3723
1,260
1,233
1,459
1,213
1,233
5,2051
10,2208
10,2764
1,298
10,15038
1,405
10,5301
10,2307
10,3776
10,3125
1,254
1,362
3,1179
1,217
1,228
1,503
10,2001
9,2018
1,254
10,9509
1,366
1,532
10,2706
9,3232
10,3064
1,242
10,3180
1,306
1,255
1,246
1,417
10,2783
1,361
1,409
10,3191
1,222
10,3123
10,2249
10,3207
10,3353
1,306
9,3275
1,255
1,221
1,214
1,412
10,2027
3,808
1,249
10,3106
1,227
1,359
9,1844
2,786
10,3802
1,370
10,2553
1,291
1,258
1,383
10,3943
10,2034
1,314
1,222
10,3316
1,281
1,286
10,2869
10,2552
1,636
1,317
10,3407
1,479
1,319
10,3324
10,3540
10,2495
1,245
7,2305
9,1952
1,239
1,271
1,469
10,3517
3,1181
1,330
10,4559
1,230
1,600
10,2983
1,393
9,1836
1,208
10,2599
10,2096
1,344
1,438
1,525
7,2305
4,1684
1,233
3,829
1,240
1,265
9,2763
1,534
10,1938
1,333
10,3613
10,2474
1,334
1,571
1,280
10,2134
6,2306
1,237
10,2435
1,303
1,274
10,7813
10,2744
1,319
1,259
4,1377
10,3504
1,331
10,2467
1,239
10,3622
9,2792
3,992
10,3674
1,227
10,3104
10,2941
1,392
1,451
1,376
10,3048
10,2719
1,363
7,1824
1,330
2,706
7,2746
10,2554
10,3743
1,246
10,2666
10,3239
10,5417
1,268
6,1664
10,2564
9,2012
1,415
1,319
1,286
10,2265
9,2610
9,2659
7,2624
10,2274
10,3437
10,2941
1,314
1,358
1,251
10,2161
10,2269
3,1023
10,2593
1,241
8,2327
3,934
10,3247
10,2218
9,4144
10,2102
10,3433
1,290
1,362
1,333
10,1923
1,370
6,2173
10,2226
1,251
10,2322
10,2145
10,3565
10,2416
10,4922
10,2820
10,3455
1,333
1,358
1,323
10,3105
1,459
10,2382
10,2040
1,245
8,1877
10,2221
10,2403
10,3148
10,2507
10,2658
10,2263
1,494
1,378
1,282
2,485
1,334
7,2125
10,3150
1,240
1,340
10,2461
10,2616
10,2087
7,2361
10,3099
10,2822
10,3089
1,276
10,2575
10,2114
1,235
10,3692
10,2172
1,353
3,652
10,2448
7,2216
1,434
2,707
10,3442
9,2008
10,3309
1,282
7,2281
10,2132
1,594
10,2141
3,1125
3,757
1,263
10,2257
10,2330
1,235
10,3093
3,750
10,2586
10,3340
1,264
10,3083
8,2114
1,240
4,1095
10,2960
10,2431
1,338
10,3216
2,454
1,664
10,3127
10,2493
1,318
5,5590
1,240
10,2439
5,1740
1,252
10,2956
6,1962
10,2179
1,227
10,3147
10,2997
3,1066
10,2132
10,2111
1,326
10,2816
3,719
10,3043
10,1919
1,297
10,2154
1,619
10,2976
1,339
1,321
10,2193
1,346
10,2039
10,2601
1,248
10,2219
6,1525
4,1283
1,333
1,420
10,2559
10,3082
10,3478
1,233
3,1035
10,2387
1,389
8,1962
7,1447
1,267
10,2088
10,2958
10,2937
1,289
1,248
10,1975
7,2223
7,3085
1,291
5,1413
10,2312
1,241
9,1885
1,334
1,235
9,2272
7,1883
10,2072
1,363
1,236
10,2434
1,361
10,3896
1,235
5,1563
8,1608
1,239
10,2687
10,2406
1,226
1,394
10,3150
10,1926
1,327
10,2536
10,3098
1,390
10,2923
1,290
10,2155
1,349
1,218
1,384
1,281
1,218
10,2180
4,1179
10,2252
1,278
4,933
10,2065
10,3580
10,2801
1,235
9,2101
1,276
1,233
3,958
1,329
1,248
8,2369
10,2630
10,2083
1,280
10,2971
10,1971
10,3434
10,3313
6,1480
7,2083
1,237
1,240
10,3468
1,315
1,215
1,462
10,2512
10,1947
1,239
10,3573
1,464
10,2308
10,2993
10,3371
2,790
1,365
10,2901
1,401
1,219
1,278
1,253
10,1929
10,3252
1,327
10,2365
1,227
1,229
10,2240
10,3466
2,749
1,259
7,2207
1,356
1,221
1,248
1,240
10,2071
5,1620
9,2284
10,2969
1,235
1,400
10,2481
10,2920
2,1553
1,235
10,3386
1,314
1,275
3,723
1,318
10,2132
1,483
1,258
10,2452
1,460
1,495
10,2769
7,2228
4,1314
1,323
10,2276
6,1813
1,235
10,3453
1,486
10,2457
1,274
1,300
6,1368
1,253
1,289
1,397
10,2565
8,2277
1,244
2,974
1,239
1,257
10,3223
1,510
10,2142
1,245
5,1718
10,2030
1,246
1,274
1,506
3,950
6,1841
3,660
10,3281
1,244
1,235
10,3075
10,3298
10,2132
1,253
10,3261
10,2068
1,320
1,272
1,273
10,2742
8,2421
1,222
10,2768
1,264
10,2976
7,4807
10,6975
10,2150
1,228
10,3383
10,2165
1,233
1,376
1,246
10,3200
8,2036
1,286
10,2491
1,262
10,3390
10,2050
10,3173
1,421
1,301
1,527
10,2117
1,249
4,1084
1,244
4,884
1,440
6,1774
10,2800
1,229
10,3302
10,2211
1,403
1,265
1,242
10,2670
10,3156
1,223
10,3469
1,315
10,1966
1,445
10,2448
8,2222
1,260
10,2205
10,2807
10,2622
1,269
1,372
10,3789
10,3292
5,1180
10,2995
1,265
10,2337
8,1887
7,1551
10,2494
1,231
10,2869
10,2076
1,305
1,249
9,2145
10,3321
1,452
9,3083
10,3071
1,240
2,585
10,2334
10,2823
10,2136
10,2768
10,2653
10,2235
1,339
1,397
1,228
10,2174
1,217
10,2150
10,2218
1,345
10,2524
3,964
10,3128
10,2961
7,2642
10,2538
10,3302
1,247
1,523
1,251
6,2154
1,235
5,1754
10,2977
1,266
7,1967
1,304
10,3241
10,2075
10,3773
10,3368
10,1971
10,3265
1,403
5,1769
10,3524
1,239
10,3490
10,2180
5,1267
10,3137
1,246
4,1166
1,410
10,2889
2,569
10,2128
2,4136
1,252
10,2736
10,2342
1,234
1,339
5,1289
10,2211
8,1951
1,274
10,2322
1,245
4,1768
10,3284
10,2124
10,3798
1,238
10,3088
10,2044
1,260
10,2385
10,2826
10,2560
1,411
1,278
10,3103
1,235
4,1396
10,2092
1,353
10,2422
1,367
10,6227
4,947
1,236
1,366
9,2473
10,3330
1,413
1,231
2,647
1,277
10,2239
10,2708
1,326
10,2963
5,1672
1,362
8,2618
1,225
10,3350
1,416
5,1449
5,1561
1,238
10,2580
1,300
10,2007
8,1694
1,259
10,2267
9,2262
10,2104
10,2377
1,233
10,4044
1,273
10,4524
1,359
1,293
10,1935
5,1269
10,2146
1,373
1,305
10,2897
10,3289
1,399
1,381
1,230
10,2360
1,635
10,2623
1,325
1,240
10,2046
1,318
10,2374
1,232
1,229
10,2031
5,1901
1,384
1,338
10,2165
10,2070
1,522
1,340
1,350
1,279
10,2192
1,254
6,1499
1,266
1,258
10,2235
1,326
10,2458
1,247
2,532
10,3294
1,439
10,2404
1,339
1,441
8,1629
1,235
10,2902
1,243
1,204
9,2554
10,3079
10,2761
1,252
5,1208
9,2899
5,1550
1,406
1,344
2,922
1,378
1,334
10,3196
10,3004
1,399
1,493
1,426
10,2006
1,351
10,3228
10,3013
10,4308
10,3701
1,234
10,3613
1,243
1,304
5,1762
1,322
1,239
1,328
1,303
9,2069
1,243
10,2761
10,2855
10,3262
9,2803
1,302
10,7485
1,228
5,1549
10,3121
1,244
1,241
1,272
10,3518
9,2604
1,241
1,412
1,478
1,388
9,2088
1,460
4,3761
1,245
10,3043
1,435
1,232
5,1252
1,266
10,3426
10,2875
1,255
10,2265
1,280
10,3438
10,2347
9,2075
10,3135
1,239
1,452
1,308
1,239
1,322
1,319
10,2147
10,2301
1,349
1,330
1,217
1,409
10,2220
2,523
9,10321
1,229
10,3355
1,430
1,256
10,2736
1,284
10,2661
8,2101
1,661
8,1702
1,252
10,2709
10,2117
10,3001
10,3418
1,338
10,5001
1,283
1,249
10,3328
1,675
9,2083
1,360
10,2581
10,3173
1,230
1,387
1,550
10,3001
6,6072
1,234
10,2249
1,268
10,3387
10,7365
10,3224
9,2305
1,257
2,955
5,1084
1,231
1,468
1,317
5,3360
10,3476
1,231
6,1830
9,2050
10,3040
1,272
10,3629
10,2163
1,256
10,3504
10,2082
1,241
1,376
1,246
10,9819
10,3227
1,251
10,3174
1,343
10,3373
5,11383
1,338
10,2150
1,253
10,3136
10,3589
1,254
1,401
1,258
10,3067
10,5734
5,1113
1,363
1,428
1,481
9,2110
1,445
10,2271
1,245
10,2663
9,2655
1,274
1,444
1,258
5,1336
10,2780
9,2429
10,4166
1,221
10,2081
10,2116
1,376
1,459
1,237
10,2870
9,2558
1,234
1,444
1,276
10,2597
9,11557
10,2832
4,1075
1,215
10,2723
10,2789
10,2932
1,249
1,346
1,397
10,3103
8,2073
10,3932
1,361
1,267
10,5896
5,1299
9,4978
1,215
10,2821
10,3900
10,4720
1,275
1,509
10,3163
10,3191
1,337
9,2248
1,250
10,3053
10,9436
10,3377
10,6096
10,2734
10,2893
9,2037
1,404
1,286
1,418
10,2177
1,405
10,3100
10,2191
1,319
8,1623
7,2503
1,548
9,2465
5,1662
10,3013
10,2937
1,358
1,242
1,521
7,1715
1,244
10,2011
9,2041
1,270
10,3246
1,605
10,4121
10,2541
1,402
6,1437
10,3077
1,391
1,250
10,3057
10,2974
1,229
3,699
10,3172
8,1817
6,2029
10,2795
10,3390
10,2405
10,3369
9,2754
10,2259
10,3679
1,230
2,787
10,2880
1,233
2,797
10,2335
10,2120
5,1923
10,2814
1,401
1,411
10,3181
10,2687
10,2581
10,2451
1,244
10,2785
9,1955
1,226
10,3146
8,2325
10,2182
10,2653
10,3231
1,295
1,381
10,2550
10,2704
1,446
10,1915
1,270
10,2927
3,975
1,225
1,490
10,2497
2,768
10,3157
10,3270
10,2806
1,312
1,464
4,994
1,228
9,2073
1,497
10,3290
6,1909
1,252
9,1949
10,3324
10,4687
4,1034
7,1604
6,1854
1,233
7,2298
1,441
1,226
9,2990
8,1975
10,2934
7,2094
1,226
10,3104
1,404
10,3719
1,718
10,3092
9,2690
1,244
10,2169
1,274
1,235
10,2355
10,2399
1,242
1,442
1,337
7,1508
1,294
10,2951
1,562
2,750
10,3229
1,229
10,3227
1,243
1,227
10,3300
3,829
3,699
1,269
1,262
10,2933
1,268
1,311
8,2022
3,1300
10,3597
1,358
9,2195
1,430
1,227
10,2785
10,2297
1,229
1,437
10,3060
10,2042
1,281
10,3117
1,259
4,1378
9,2637
8,1802
3,772
1,314
1,217
10,2618
2,768
10,3436
1,519
7,1665
9,2522
1,485
3,1120
1,268
6,2193
10,2190
1,237
10,2847
10,2254
1,249
1,324
1,342
10,2857
1,594
7,1765
10,3226
1,459
1,272
1,219
8,3043
4,903
1,260
10,2404
1,281
1,224
1,213
10,3024
10,1974
4,1511
10,3515
10,2293
2,780
9,2866
1,238
8,2758
1,367
1,248
10,2351
1,242
1,226
1,219
3,1127
9,2363
1,698
10,4195
10,2473
1,349
10,3018
1,217
7,2983
1,249
2,1037
8,1994
1,233
8,1749
1,215
10,2680
7,2190
1,594
1,453
1,528
10,3154
7,1751
1,237
10,5379
1,245
10,3516
1,378
1,238
3,747
1,247
1,298
9,3088
1,343
10,3324
1,377
1,647
9,2244
1,291
9,2175
1,248
10,3270
1,268
1,224
10,2978
1,249
10,2105
10,2269
4,1330
3,692
1,369
1,334
10,2249
1,475
10,2215
1,238
10,3287
1,283
10,2999
10,3194
1,239
7,1550
6,3174
1,336
3,928
1,332
10,2602
10,2137
10,3396
3,739
1,272
1,862
1,313
10,3565
1,371
1,331
10,2092
1,573
3,924
10,3156
1,381
10,5291
3,927
2,595
10,3555
1,230
7,1949
1,321
1,526
2,904
1,271
9,2293
1,415
1,475
3,754
1,400
1,368
4,918
10,3389
10,3577
1,229
10,3171
1,255
10,2570
10,2853
10,2998
7,2259
1,453
10,3287
10,2077
2,740
10,7581
7,2362
10,2430
10,4203
1,243
10,3310
1,630
10,2810
7,1711
1,367
9,2009
1,432
8,2436
9,2292
1,332
1,411
6,1858
2,688
10,3215
1,228
3,1046
10,2695
1,409
10,2655
10,3505
10,2076
1,394
3,3939
10,2169
8,2076
3,1228
6,6007
10,6783
10,3672
8,1746
10,2662
1,279
10,2778
1,298
1,463
10,2136
1,383
9,3331
7,2359
1,247
10,3062
4,1411
10,2140
2,812
1,370
1,536
1,226
10,3151
10,3188
10,3666
1,328
4,1330
1,483
10,2277
1,402
9,2473
10,3502
6,2167
1,420
10,2638
3,1684
1,467
10,2261
10,3602
10,5765
1,447
1,411
8,2746
10,3084
1,360
10,2590
10,4645
1,329
6,1971
10,3004
9,2758
2,771
10,2124
9,2439
3,809
1,395
1,377
6,9829
1,362
6,1759
10,3303
1,452
10,2054
4,1324
2,621
10,3400
10,3576
7,1583
10,3191
10,2783
1,372
1,496
6,2357
1,353
4,1244
7,2274
1,573
10,3415
1,411
10,2296
7,1819
1,389
9,2625
9,2641
10,3187
1,410
1,497
2,791
1,654
1,405
10,2282
1,468
8,1718
10,3127
10,3233
9,2284
10,2715
9,2767
10,2061
10,3368
3,1042
8,2701
10,3304
1,384
4,1261
6,2094
6,2111
10,3259
1,350
1,291
10,2247
10,3586
10,2963
10,2311
9,4692
7,1667
7,3127
7,3058
1,400
5,1516
9,2913
1,663
7,2064
9,2767
9,2598
1,660
8,2463
3,717
3,787
7,1737
1,401
4,12189
9,6241
1,408
6,4663
4,1387
2,834
9,1969
1,327
3,752
1,490
10,3044
3,1098
4,1357
10,2397
1,351
2,666
1,378
1,437
1,341
1,733
1,756
4,901
1,616
10,2325
1,426
10,2818
7,1957
4,1040
10,3005
1,449
10,3153
9,2784
1,333
4,1454
1,423
1,550
10,2975
2,671
9,2286
6,2625
9,3292
4,1533
7,2762
10,3075
1,434
1,402
3,11617
1,349
6,3916
1,475
1,611
3,679
1,323
7,1866
1,470
10,2961
4,2062
6,1931
4,1408
1,408
1,438
4,1402
1,323
10,3080
4,1335
1,550
1,443
4,1202
10,3569
1,495
2,594
6,2074
6,1978
1,455
6,1876
3,948
2,726
7,1763
7,2343
1,514
1,653
6,1858
10,3415
10,2696
1,462
10,3731
6,2104
1,389
1,440
4,1284
8,2555
7,2286
1,435
4,4090
2,791
1,1738
1,396
1,339
7,1350
1,540
10,3613
10,2401
10,14253
1,347
6,1910
10,3064
1,347
1,460
1,342
8,2496
8,3077
1,364
7,2925
10,2120
1,477
8,3221
10,2618
1,371
1,362
4,1568
3,1013
2,989
10,3142
10,11876
10,3373
4,2252
1,419
1,547
3,696
1,421
6,2414
1,468
10,3151
1,403
10,2798
9,16236
6,1910
8,3087
9,16803
1,313
7,2161
1,438
1,459
1,441
1,366
1,537
1,413
1,306
1,383
4,1526
6,10054
4,1180
1,565
6,1848
1,332
7,2148
1,432
1,398
1,538
4,1193
1,452
1,369
1,377
1,404
6,1911
2,717
6,2014
2,821
3,973
1,496
1,381
1,434
4,1335
10,2332
10,3650
1,464
1,563
1,363
8,2432
10,2882
9,2901
8,6086
3,1168
7,2142
7,13356
1,403
4,1548
1,564
6,3124
7,2557
1,522
10,2365
1,322
7,2198
1,582
8,2601
4,1368
3,1082
6,5971
1,415
8,2519
1,353
9,3104
10,6964
1,668
1,398
1,677
1,397
1,310
8,2358
7,2557
4,2051
9,2833
5,13714
1,371
3,1004
1,387
1,352
1,337
2,794
1,390
1,372
1,419
1,4757
4,1445
9,8409
6,1957
9,2708
9,15586
3,1014
3,993
1,353
7,10049
1,397
8,4157
4,1254
1,376
4,2039
1,350
6,2038
1,405
10,3233
9,2928
3,1039
1,363
10,9085
4,1471
6,2054
4,1179
3,1133
1,456
1,478
1,535
10,2961
3,958
7,2402
4,1181
10,3219
7,2197
8,4847
9,7538
8,2440
1,341
10,6277
7,2429
1,399
1,875
1,1586
1,340
1,392
2,776
10,4165
2,900
10,3071
1,367
2,1016
10,7234
3,1085
1,456
3,3447
1,425
1,346
3,1142
3,878
2,632
3,1210
2,1153
9,3259
4,1266
1,459
9,2903
7,6189
4,1706
1,400
1,503
4,1299
8,2131
8,3735
10,20623
10,30863
3,1145
10,6537
8,3572
1,322
6,1640
4,1477
2,9229
8,2764
1,351
8,4519
10,4123
7,2294
10,5930
8,2476
7,33593
7,2571
7,2601
7,2291
4,1328
10,3303
7,4866
1,408
10,4396
1,338
3,1168
1,486
10,3358
6,3131
3,1003
3,25177
7,2308
7,2215
10,15677
2,495
10,2630
10,2264
4,1362
6,2056
8,8934
9,2889
1,482
1,341
1,401
9,3082
9,2789
3,1189
1,350
1,390
9,26823
3,1013
1,256
9,3634
9,3090
1,384
2,681
2,668
2,695
7,2177
6,2729
1,501
4,1351
1,588
7,2639
10,19325
2,834
3,1161
8,2744
1,407
1,324
7,2245
2,803
1,397
2,666
2,694
7,2172
2,892
1,569
10,8189
7,15445
9,2832
7,2440
9,2438
10,3285
4,1412
8,2630
7,4639
8,3476
1,1031
3,1901
4,1239
1,436
1,541
10,3455
6,1658
8,2691
9,2841
3,1034
2,818
1,478
7,2336
4,1540
9,2819
9,3056
9,3199
7,2162
1,672
5,1726
10,2799
3,911
10,16227
10,14159
6,2125
6,1390
10,3179
10,2486
9,3081
8,2625
8,1985
10,3526
1,44244
5,2809
6,36826
3,1162
1,471
8,8484
6,2253
8,2973
4,1425
3,982
9,2926
8,2702
9,2961
7,24418
7,2287
9,9932
7,3156
2,770
1,466
1,452
2,660
3,1077
3,1110
1,417
10,24198
3,706
6,1976
2,720
2,778
7,2334
2,607
1,1056
8,2948
1,273
1,395
2,1158
1,470
10,3527
2,721
7,25256
10,3137
3,978
3,997
9,2883
1,333
7,34266
1,595
1,322
1,355
1,427
7,2651
1,567
2,15252
7,2391
9,3060
2,2605
9,6826
3,1227
3,1401
7,2843
3,34016
7,3034
5,10576
1,369
1,379
10,3417
1,470
6,1944
1,448
8,6901
4,1730
10,3583
8,3665
9,3990
3,1023
9,41577
1,1119
3,966
1,406
1,399
10,8492
1,558
1,601
7,2237
2,653
1,433
8,2665
9,6776
8,2512
4,1178
7,20252
6,10447
1,375
10,3259
1,353
2,957
1,576
10,3886
1,526
6,6889
1,421
6,2014
4,3178
10,11195
6,2131
10,10570
1,366
1,477
2,949
1,354
8,8731
4,1484
9,19513
5,1650
3,937
1,536
1,394
10,19862
7,2745
6,1929
6,1280
1,8443
3,897
8,2901
1,364
10,11668
2,851
1,355
6,2149
2,640
1,407
10,3225
1,307
4,14838
7,5169
3,942
2,3575
3,934
2,1033
1,420
9,4440
1,727
2,614
1,432
9,7115
3,4090
7,12262
10,2761
1,320
2,671
1,434
1,363
2,5022
1,444
4,1406
1,557
8,11989
7,1664
1,559
8,2400
4,2954
3,5646
2,634
10,3852
4,1421
1,374
5,5098
4,2699
8,13897
7,2420
4,1501
7,2370
1,459
1,497
2,779
7,3256
6,5642
2,610
2,695
10,3062
1,541
5,9320
3,1074
9,4042
7,2370
2,933
1,354
4,1200
8,4803
3,914
1,879
7,4935
7,2440
6,1549
3,1073
1,445
1,406
1,487
1,651
6,1868
7,2391
1,502
1,381
10,3171
1,433
1,593
4,2950
6,1570
3,1020
10,2455
1,352
10,12366
1,1338
1,418
1,255
1,464
6,3461
1,576
1,384
10,3256
1,593
6,1568
1,437
1,437
4,1576
1,444
10,14413
1,464
6,2033
10,3622
5,1570
7,10755
1,617
8,3154
10,4404
7,2766
2,911
1,326
1,348
6,2085
1,433
1,4566
1,605
1,466
5,1891
7,2587
1,338
2,2888
2,688
9,4188
7,5250
4,1564
1,338
1,311
2,790
4,1450
8,2954
7,27503
1,425
2,777
5,1854
8,10373
1,490
8,5503
10,5744
6,2117
4,1328
1,347
1,423
5,1566
2,764
3,1497
5,5493
1,362
7,2369
2,735
2,721
1,431
1,352
7,2183
1,540
10,3078
5,1633
1,363
2,695
1,403
8,34790
5,44200
2,751
2,701
6,1990
1,402
1,347
3,1173
7,24720
6,2185
10,3008
1,2249
1,550
1,642
1,418
1,30690
2,681
4,1449
3,1175
8,2787
10,17544
1,439
1,427
1,539
5,4518
3,1206
1,399
1,583
1,685
1,392
3,27667
3,954
7,2324
5,1744
1,3435
1,4706
7,2219
3,3455
1,561
6,2075
6,2124
1,457
1,373
7,2615
7,2124
3,30727
5,8428
10,3278
9,2849
10,15204
3,1234
7,2333
1,485
1,543
1,401
2,2078
1,456
1,422
1,1646
5,1709
10,73580
3,970
5,1826
1,335
1,335
2,766
1,396
5,1711
1,330
1,483
4,1857
1,479
1,436
7,8109
2,607
8,62035
9,12044
2,781
3,959
8,2598
3,1213
1,530
1,452
1,357
1,634
8,7263
1,457
4,1606
5,2111
8,2183
5,1721
7,2623
8,13657
7,2452
1,380
1,527
5,1585
1,336
1,383
10,7259
1,496
2,834
2,872
1,370
6,1856
2,2131
7,5402
8,2790
2,824
1,556
5,1571
10,3438
1,329
1,364
2,6544
7,2257
5,1650
4,1840
10,11618
10,5909
1,4505
4,2678
3,1149
1,16859
3,1035
1,7716
1,419
1,324
4,1161
2,790
1,337
7,2448
7,2197
5,36807
7,2168
1,549
6,19311
5,1877
4,1443
5,1554
1,567
8,2644
2,919
1,340
2,706
1,504
10,3465
6,1854
1,377
3,1074
8,4622
1,564
1,672
3,1192
3,3117
8,2846
6,16641
2,868
5,1629
8,3582
6,2017
5,1719
8,2594
3,1522
5,1621
1,1504
1,2452
3,1148
3,1028
1,488
4,1370
8,3196
2,860
1,313
10,3695
2,900
8,2760
6,1823
3,2491
1,420
2,5600
7,2684
2,886
3,1086
2,811
5,1697
2,753
3,1158
2,747
10,4245
5,1990
1,1016
5,1509
2,1638
3,1082
2,7389
10,3521
1,328
5,1658
1,383
3,2537
3,1109
5,1278
1,430
9,7711
1,406
8,6485
1,301
7,2383
1,341
6,1850
1,385
7,2247
3,1048
1,393
3,5486
3,1055
3,1131
1,415
4,6166
1,601
3,1206
2,793
1,505
2,661
5,2114
1,433
2,775
3,975
1,521
3,1206
1,344
3,1016
7,2240
3,1848
2,644
1,453
8,2749
3,4698
7,2122
2,738
1,576
5,1560
1,424
1,447
2,753
5,2272
9,2816
7,2269
4,1910
1,398
5,1659
3,1236
1,367
1,313
9,3648
1,555
3,1330
6,2519
7,2429
9,2472
8,2540
4,1344
6,1979
3,1268
7,20281
3,922
2,822
5,3764
3,1076
3,1255
1,528
5,2023
5,1652
1,623
1,389
1,414
7,2149
10,3025
6,7885
1,412
2,620
5,1483
1,432
4,1337
3,1179
6,2336
2,720
4,1641
2,695
6,2397
2,811
4,1585
2,663
2,1084
10,11374
1,409
1,312
1,316
5,1596
1,333
1,362
7,2195
6,1982
1,1350
4,1766
2,778
6,1828
2,2422
1,390
1,426
8,5672
1,294
2,685
3,1195
8,2723
1,557
3,1155
6,1645
1,599
6,2321
2,834
6,2144
8,2457
1,433
8,7072
2,754
1,3031
1,336
3,929
4,1684
8,8210
3,986
5,1752
1,571
4,1447
3,1086
1,514
1,321
7,3087
1,438
4,1524
2,729
8,17078
2,646
6,2145
1,414
1,405
1,393
4,1355
6,2089
5,1683
1,698
3,1238
2,710
3,2891
2,719
8,2517
1,412
1,424
4,5583
10,12998
5,1635
1,404
3,1228
4,1448
3,919
2,882
3,1029
4,2280
1,348
3,1089
4,5207
1,357
3,943
7,3403
3,1172
6,1934
1,415
8,2876
1,395
9,3357
1,1058
5,1685
7,7146
5,4686
9,2870
2,543
7,2196
9,2803
1,427
1,373
4,1364
1,424
3,1193
1,598
3,1039
1,514
1,426
2,904
3,13712
5,1765
3,920
3,1023
6,1801
1,414
9,6493
6,1528
1,542
2,663
1,611
1,348
1,502
1,336
3,959
1,24863
3,789
4,1474
4,1422
6,1766
6,3013
1,331
3,851
1,373
9,3115
1,583
4,1632
1,620
1,356
3,7069
1,291
1,466
9,2696
4,3725
4,1409
1,486
4,1472
6,2030
1,361
1,533
1,522
7,2604
6,2241
3,1005
3,1985
2,916
4,1281
3,1024
5,1491
6,1933
1,365
9,2832
1,484
1,1455
4,1153
1,569
4,4467
1,520
7,2141
9,2816
7,2930
7,2126
3,917
2,827
6,1965
1,357
2,4911
1,262
1,542
1,417
1,399
6,2213
1,561
2,794
1,310
2,766
6,1921
5,1424
9,2794
1,761
1,351
6,2123
1,327
1,412
4,1463
1,356
6,2300
1,377
4,1297
1,458
4,1253
6,1873
1,457
1,358
4,1417
1,2278
10,3091
1,260
1,482
6,2710
1,460
1,667
1,1369
5,1624
6,1828
3,1070
6,2369
3,907
3,885
1,376
1,547
1,496
1,285
7,2135
4,1805
7,2282
1,459
1,466
9,2628
4,4893
3,1117
1,613
6,1362
3,970
1,624
10,3266
10,3429
1,372
8,3505
1,839
1,375
1,711
2,839
8,2420
4,2018
5,1756
6,1571
4,1467
6,1856
1,485
1,361
9,2513
1,472
10,4201
9,3316
1,536
1,402
1,419
3,1026
6,3296
3,1073
1,584
4,3156
1,452
1,425
1,366
1,339
4,1353
10,2455
6,2150
6,2142
7,3074
10,3116
1,379
4,1495
3,952
1,465
6,1971
4,1682
1,419
10,3111
3,1068
1,380
3,1007
1,512
9,3138
1,431
1,442
2,800
1,435
1,3119
1,369
6,1608
6,3206
1,364
1,331
8,2362
1,427
10,3154
8,2780
8,3202
1,367
1,295
7,2196
1,475
6,2009
1,450
1,566
4,1920
1,368
3,995
4,971
1,513
2,692
10,3053
10,3582
6,2416
1,285
4,1338
1,632
4,1454
1,439
1,627
6,1906
1,453
4,1159
1,396
1,418
9,12815
1,332
10,4254
1,487
1,286
4,1379
6,2128
5,1849
1,378
1,545
10,7785
1,3115
2,770
7,1612
7,2278
9,3036
10,2717
4,1490
1,494
1,322
1,381
1,551
6,2011
1,396
1,506
8,3451
1,440
9,8337
2,621
6,2373
2,867
9,5524
2,690
8,2589
1,324
6,2096
1,499
6,2218
1,444
1,444
1,353
6,2455
9,2807
2,832
3,1132
5,1628
2,757
3,930
10,3727
1,304
1,341
1,393
5,3046
1,511
1,525
10,3480
10,3247
8,52391
1,639
10,2486
7,4497
1,402
1,764
1,316
1,338
1,509
1,455
1,472
10,3238
1,461
6,2353
8,2472
2,1083
1,499
9,8272
1,555
10,10843
2,873
1,408
1,399
4,1329
1,372
6,2079
1,432
1,408
1,529
2,845
10,3292
8,2653
2,1036
10,3006
1,344
10,3462
3,805
1,367
1,484
1,328
7,2638
1,379
1,305
10,3145
10,3270
1,351
1,331
9,3557
1,429
4,1857
1,492
1,414
10,3323
1,429
1,359
1,476
6,2252
1,398
2,799
9,2901
10,3071
10,3324
4,1521
1,346
1,354
1,425
9,2809
1,423
1,516
6,1977
4,1410
10,2550
1,345
1,593
4,1199
6,1931
1,470
9,3009
6,2034
9,4961
7,2644
10,6486
9,6367
1,455
1,422
1,2770
10,3032
6,2087
4,1397
9,2742
7,6277
1,421
1,443
1,481
1,413
10,3051
1,346
10,2270
1,383
10,3107
1,444
9,4049
6,2016
9,2846
2,645
1,449
1,439
6,1934
5,1253
2,787
6,2125
2,641
10,2632
1,385
8,2643
1,402
4,1725
6,1785
1,477
5,1644
6,1914
1,470
1,383
3,947
1,1444
9,3050
2,717
1,402
7,2453
4,995
1,359
2,710
10,3397
9,9035
1,383
1,404
1,465
10,3155
6,1852
1,422
8,2061
3,993
4,1026
1,386
2,775
8,3879
2,725
6,1437
4,1406
7,2147
3,1129
1,384
7,7103
8,1787
1,583
3,1551
4,1375
6,1908
9,2904
9,2894
1,453
9,3351
4,1298
1,331
10,2988
3,1201
9,1924
1,413
2,560
1,491
6,1585
1,362
9,2689
1,403
10,6250
1,383
5,1841
2,743
2,3774
1,397
8,2633
1,263
1,466
3,736
1,842
1,446
10,3190
1,288
1,372
4,1303
10,6139
1,574
4,1296
1,306
1,321
2,584
1,233
1,459
1,257
1,471
2,878
10,9234
1,365
6,1825
9,2952
1,494
10,3515
9,2829
1,676
10,3220
1,655
10,2636
6,2445
1,410
1,529
1,432
4,23349
9,2359
1,301
2,777
1,329
1,344
4,1386
7,2854
6,1662
1,432
10,2546
10,3861
1,448
7,3738
3,698
9,30381
9,3349
10,3150
8,4167
1,682
10,3713
9,2485
10,4628
1,411
2,655
4,1445
4,1167
1,257
10,4071
1,540
1,307
2,691
8,17244
7,7687
3,1221
6,1628
4,1336
1,380
5,1893
1,328
10,3224
3,781
1,381
6,1687
1,292
1,375
8,2451
3,1165
1,555
2,654
1,671
10,3587
1,561
3,1015
1,373
1,549
6,2027
1,343
1,374
1,241
9,3902
10,3263
2,1114
1,910
10,3416
6,1538
1,421
1,493
8,2300
10,2560
9,2572
7,1724
1,399
9,3516
1,237
6,2035
10,2468
10,5495
6,2180
9,2708
5,1482
1,583
1,360
6,2259
1,356
3,694
2,602
1,266
3,1136
1,250
3,993
10,3294
1,5190
10,3521
9,2839
8,1871
10,3115
10,6967
2,479
1,330
6,2193
3,788
1,447
6,1982
1,261
8,2579
3,845
4,1660
6,1874
2,926
6,2188
1,507
1,456
1,486
1,347
3,975
2,452
1,284
1,362
1,281
6,1840
7,1711
2,1108
1,361
1,596
2,667
6,2010
6,1991
3,733
1,393
10,2561
1,351
1,465
2,823
1,280
1,688
10,2336
5,2707
4,966
6,2121
2,554
9,2672
1,507
1,333
1,378
10,2439
1,285
10,2575
3,977
1,218
2,579
2,698
10,3265
3,690
1,1137
2,606
1,359
3,1257
1,235
9,2527
10,2968
1,243
2,522
4,1037
1,233
2,571
8,2110
7,2123
2,625
10,5827
3,1052
8,1917
8,2552
1,248
1,357
7,1507
1,351
1,419
2,724
1,220
3,690
10,2186
1,447
6,1458
9,3278
5,1248
6,1937
2,622
1,283
1,332
7,1554
1,333
10,3227
10,3096
2,798
1,348
2,875
10,5392
2,574
1,342
1,379
1,251
1,420
1,252
1,254
3,1201
1,241
10,2922
1,606
10,3005
1,348
5,1839
6,1525
3,1132
6,1480
1,317
2,558
5,1242
1,283
10,3452
1,439
1,292
4,900
9,3133
9,2239
1,339
6,2165
5,1288
1,379
1,493
1,345
1,329
2,801
1,335
10,2678
1,252
1,391
10,2497
10,2749
9,2029
1,327
5,1561
8,2572
1,267
4,1435
1,507
3,910
9,2210
1,845
4,1065
1,562
1,315
10,3323
1,444
10,3302
1,363
2,809
3,719
1,243
1,607
1,313
1,486
1,402
1,534
8,2067
7,1687
1,259
8,2595
1,467
10,3196
1,299
3,3710
6,1470
7,1571
6,2359
1,281
1,602
1,234
1,380
10,3464
1,517
9,1992
10,2205
1,379
4,1253
1,326
10,2444
2,475
1,244
8,1978
1,288
1,263
1,501
2,756
10,2928
10,2644
1,393
9,1848
10,3426
8,2518
1,359
10,2968
2,631
1,400
2,627
1,331
1,257
1,457
9,2698
1,277
1,476
9,2387
10,2267
1,495
1,255
2,459
10,3243
3,969
1,358
3,898
1,414
1,260
10,2661
10,2330
10,2265
1,343
1,272
6,2107
6,1722
10,3090
1,352
3,1130
1,339
1,259
1,413
1,375
1,220
1,392
1,339
9,2986
1,392
10,2937
10,2630
1,342
6,1427
1,336
2,1146
1,435
1,246
9,2876
5,1304
1,235
5,1839
10,3865
6,1585
1,360
10,2513
5,1676
1,461
5,1360
10,2612
3,1311
1,342
1,245
10,2623
2,867
1,297
1,384
4,1081
10,2148
1,373
4,1034
10,2810
1,423
10,3407
1,305
7,2173
1,383
1,233
1,564
9,2214
1,240
10,3390
10,2546
5,1750
1,276
10,3221
5,1298
1,512
10,2346
9,2876
1,581
1,358
2,916
1,301
1,506
1,229
10,3294
1,266
10,3308
3,1119
3,1209
1,400
10,2496
10,3269
10,3237
1,351
1,437
1,680
1,413
10,3423
6,1340
1,323
8,2931
5,1192
10,2328
1,263
1,278
1,265
10,5219
10,8395
1,517
1,427
9,2615
1,464
4,1342
9,2371
1,610
10,2606
1,512
10,2310
10,2618
1,368
1,467
5,1256
4,942
8,3971
1,367
10,2661
2,645
10,2751
8,2037
1,487
9,2865
3,1784
10,2686
9,2807
1,236
8,2543
1,386
6,1217
9,3275
1,259
3,1027
1,1208
8,3091
1,349
1,525
10,2298
1,305
5,2538
10,2325
1,240
1,666
1,250
10,3581
6,2792
1,229
10,3314
1,434
1,604
10,3264
4,1261
5,1534
1,403
10,3070
6,1979
1,308
9,2892
1,270
8,2546
1,782
10,2818
3,930
1,364
5,1664
10,2518
1,276
6,1541
10,2622
1,534
10,3210
1,277
10,2772
2,441
5,1516
3,3449
2,673
10,3519
1,460
9,1973
1,587
1,470
10,2664
1,262
7,1791
9,3345
1,316
10,3050
1,262
1,380
10,4095
10,2348
8,2470
1,274
10,3029
4,1615
10,2100
9,3061
1,339
7,1597
4,934
1,258
10,3354
1,271
9,2117
10,3966
9,2432
1,401
1,525
10,2849
10,2651
8,1937
10,2232
1,244
4,989
7,1589
1,244
10,2806
1,247
6,1452
10,2757
10,2809
10,2812
1,263
3,708
1,562
10,3079
5,1563
1,298
5,1359
1,401
10,3087
10,3593
1,256
4,1020
1,378
10,3887
9,2639
1,366
6,1945
2,674
9,2161
1,311
1,382
3,1149
6,1249
3,961
4,1151
1,238
3,812
10,7139
4,1328
7,1613
10,2425
10,2687
10,2255
6,2202
1,454
1,384
3,1135
1,497
10,2259
3,876
1,361
10,3314
1,330
8,1831
10,3171
10,2815
10,2466
9,1902
10,2359
1,295
10,3253
9,3057
1,217
3,834
10,3085
1,340
10,3674
6,1367
1,396
10,2486
1,343
5,1223
9,2405
5,1732
1,271
3,685
10,3272
1,247
10,2220
3,1125
3,1322
10,3621
4,1260
10,2971
10,3289
10,3107
7,1471
5,1670
10,2474
1,271
1,379
6,1576
1,244
4,1105
10,2560
10,3172
5,1800
10,2251
10,2524
10,3052
8,2062
7,1563
10,3450
5,2030
1,306
10,3317
7,2316
1,227
10,3294
10,3369
10,3317
7,1802
4,1233
6,1198
1,448
10,2211
1,301
10,3468
7,2476
1,379
10,4224
1,693
1,243
10,3543
1,557
8,1903
1,342
1,379
3,950
1,234
9,2979
1,229
10,3254
3,821
1,450
5,1290
1,465
1,314
7,2263
1,558
10,2827
1,318
1,270
10,3292
1,364
10,2434
1,226
5,1794
10,2666
1,271
7,1513
1,363
1,265
10,2855
10,3092
4,1400
1,263
1,227
10,3209
1,497
9,3156
1,229
1,356
1,507
1,319
10,3345
1,323
1,227
7,1715
6,1841
10,2745
1,233
1,268
10,3319
9,1896
10,3526
1,355
1,237
3,786
1,270
10,2414
1,383
1,265
10,2655
1,461
7,2460
1,339
10,3248
7,1510
1,265
10,3945
1,237
1,287
1,590
3,920
7,2289
10,9016
10,2143
6,1905
1,472
1,449
1,270
1,344
1,326
1,383
5,1192
1,236
1,324
10,3323
10,2507
10,2504
10,8889
3,1105
10,2663
1,334
10,3101
1,270
1,593
1,287
1,336
5,1303
1,251
1,259
1,490
10,2977
5,1922
1,536
10,2344
3,911
1,466
6,1523
1,357
1,405
1,245
1,223
10,2228
1,249
1,285
3,1067
3,912
10,2741
1,401
10,3115
10,2760
1,505
4,1809
1,309
7,1853
1,336
1,259
1,426
1,520
1,262
1,298
10,2654
3,900
10,3007
10,3098
7,2279
10,3235
4,1564
3,797
8,2637
1,243
1,243
10,3754
3,908
1,230
10,3218
4,2194
10,2458
1,378
5,1768
1,588
1,404
10,2816
1,352
7,1638
1,254
3,834
1,431
3,756
1,215
1,293
10,3753
7,1484
10,3107
10,3396
1,584
7,1919
10,3221
10,3205
6,1823
1,262
3,1182
1,364
10,3123
1,234
10,2301
7,1545
1,473
1,505
2,677
1,422
1,396
9,2570
3,1146
2,667
1,308
10,2355
1,371
2,461
9,1900
1,561
10,2065
1,441
10,3431
7,2182
1,398
1,346
10,2727
10,2807
10,2498
1,348
10,3382
3,1153
10,2509
10,2929
1,532
7,1818
1,368
1,570
10,3202
1,451
1,378
6,2120
10,3680
10,3016
1,351
1,668
1,265
5,1296
10,2926
1,254
10,2378
1,423
1,541
10,2282
1,390
7,1734
6,2394
10,3979
9,2304
3,1127
10,3202
1,232
7,2146
3,1087
1,570
6,1458
10,3950
6,1941
5,1537
1,411
10,2127
10,2867
4,1050
2,463
10,3259
3,1057
1,371
10,2356
10,3143
4,1135
3,866
1,384
9,20641
9,2272
1,378
10,2882
10,3499
4,1450
8,2784
10,3437
10,3541
1,459
8,2505
10,2825
1,401
10,2397
1,484
4,1239
10,2841
1,374
9,2811
1,722
1,401
9,2962
10,3257
7,1625
1,465
10,2025
1,455
10,2763
9,2235
10,3207
3,873
3,1008
1,360
10,2985
1,400
10,2804
9,2931
10,2137
10,2685
3,1021
8,1689
5,1157
7,2193
10,3202
10,3294
1,2647
8,2798
4,1231
10,3146
1,392
7,5064
10,3225
10,2426
7,1518
1,304
10,2116
1,415
10,2405
7,2283
1,336
10,3281
1,516
6,1844
9,3226
1,390
8,1888
1,452
5,1222
10,2326
10,3679
3,1086
10,3474
7,1694
1,435
10,3272
1,554
7,2475
10,11244
10,13920
1,364
7,1861
10,3022
7,1536
7,1890
10,7966
5,1836
10,2321
6,1580
1,499
1,513
8,2706
1,517
10,20290
1,7189
1,359
6,1414
10,4346
10,3056
10,2728
5,1263
10,3408
7,1525
10,2341
1,378
10,3415
8,4180
1,353
9,3205
10,3286
1,379
6,1672
1,624
10,2454
10,3874
1,612
10,3551
5,1337
3,1104
10,3134
1,510
4,13337
1,359
10,3517
10,11863
1,358
2,554
1,511
5,1328
10,3317
7,2462
2,613
4,1130
10,3142
1,366
6,1948
5,1829
1,362
10,3174
10,11788
1,408
9,2427
1,408
3,804
1,450
10,2893
7,2476
10,2648
7,2098
6,1881
1,382
7,2324
1,350
9,2887
1,365
1,512
10,3300
9,5924
10,2784
1,575
10,2254
4,1135
10,2149
7,2115
1,333
1,445
2,1005
1,350
1,478
1,417
1,473
10,2701
1,427
10,2709
1,386
7,2110
6,1649
9,3003
1,498
10,3334
9,3922
9,3331
1,375
8,17886
9,2938
10,3405
2,681
1,555
10,3300
7,1973
10,2868
10,3200
6,2024
10,3772
4,4626
9,3062
2,841
1,500
10,17623
1,344
4,1621
8,2709
1,352
7,2078
1,386
5,1342
10,3348
4,1384
1,433
1,457
4,1427
4,1526
1,375
4,12616
1,543
10,19466
1,434
10,3254
3,1302
1,348
9,2293
7,2435
6,1505
1,375
1,412
8,2966
4,1251
1,403
1,18602
10,3302
10,4024
1,358
1,317
4,1315
1,386
4,1598
1,486
10,2335
3,948
1,321
10,5470
6,1949
10,3517
6,6056
1,388
10,29846
1,494
1,312
3,1389
1,425
10,3978
1,346
10,2465
10,3105
1,343
1,451
10,3135
4,1474
9,23151
9,3433
10,10215
1,368
1,433
4,1613
1,615
6,1443
1,538
1,478
10,7259
1,388
8,2554
4,1239
1,497
10,2863
4,1652
4,1432
1,534
5,1645
6,2239
1,450
10,2343
1,337
1,261
1,324
1,319
1,456
1,347
5,1778
8,2358
1,2501
9,8787
1,370
4,1195
1,366
1,363
9,3010
1,405
1,405
6,4550
10,3668
4,1271
10,3152
10,3374
1,434
1,473
10,3085
1,406
1,579
4,1384
10,3384
1,334
1,433
1,462
1,499
10,3679
1,357
6,1774
2,772
6,1881
1,433
8,2686
1,403
1,436
1,329
10,5911
10,3257
1,373
1,352
1,648
10,4956
5,1817
1,312
10,13308
1,313
1,390
1,609
9,2836
1,378
6,1802
10,2614
1,369
1,334
1,347
1,497
1,418
2,902
5,1629
10,3270
2,615
1,310
6,3285
1,357
10,3433
1,450
3,817
4,1540
1,353
1,366
9,3449
10,3252
9,3245
1,487
1,399
1,636
1,285
8,2624
1,406
1,541
1,323
1,569
6,2232
1,337
1,337
1,322
4,1749
2,921
6,2717
9,3872
5,1971
1,596
8,2893
10,3663
6,1968
1,473
1,693
10,3356
3,1133
1,368
1,333
9,13634
4,1424
1,426
1,404
5,2141
8,2786
1,346
10,3323
8,2701
10,3400
9,4274
1,367
1,483
1,365
10,3301
6,6491
5,1720
1,455
2,809
4,1322
6,6987
1,299
10,3453
8,2554
9,10363
10,6692
1,458
10,3439
7,1752
1,469
9,28873
1,334
10,3067
8,2823
2,1021
8,2577
5,1679
1,550
1,8786
10,3501
9,2945
1,386
10,7482
8,4158
1,451
10,3231
1,572
1,455
8,2593
9,5119
1,348
9,3353
1,393
5,1588
1,293
4,1306
1,628
10,4463
10,5705
9,3025
1,321
10,3510
1,520
9,3110
4,3798
8,2474
2,765
9,3371
5,1576
10,5313
6,1998
10,10251
9,2068
10,3237
4,1522
4,1277
1,5961
10,3259
4,1324
5,1377
5,1730
2,857
1,410
2,927
10,3732
8,2802
10,10619
4,833
8,2069
4,1545
1,307
8,2778
1,441
2,835
1,552
2,846
4,2683
10,3299
9,3100
1,380
1,605
1,3520
9,38018
3,1270
10,4047
1,569
10,2889
5,1793
4,1341
1,413
4,1448
5,1321
4,1560
2,661
1,4302
9,3079
1,478
5,1532
1,512
8,2508
8,4408
1,442
10,5863
6,3400
1,358
2,5600
2,649
5,3179
4,1501
1,406
6,2370
1,593
6,9846
9,2918
1,437
8,17991
4,1310
1,358
1,308
1,359
2,579
1,492
10,3769
5,1611
1,347
8,3146
1,399
10,3417
9,9637
1,483
5,1772
1,405
1,585
1,311
1,339
3,1185
1,434
1,542
4,1443
10,10728
1,402
1,346
1,318
2,648
8,4691
5,1842
10,3094
4,1715
8,7105
1,316
1,590
1,380
9,3642
7,2432
9,2747
5,1850
1,570
1,411
4,1330
1,545
4,1444
5,1830
4,1379
1,325
1,367
3,1453
1,398
6,2079
10,3239
1,327
4,1419
9,3180
6,1859
10,3353
5,1245
6,2328
1,289
10,3245
8,16370
1,262
4,1717
1,345
8,2830
10,3440
6,1716
2,866
9,3048
8,4162
2,796
2,675
9,2794
1,754
8,46867
9,3618
1,346
6,2132
1,346
8,2707
8,3261
10,3050
2,541
10,3361
1,353
1,334
9,2989
2,784
1,351
2,918
5,3835
1,354
5,1751
1,362
1,481
10,3230
8,3048
4,1494
4,1647
4,1288
1,297
2,603
2,803
10,3290
7,4138
4,1580
5,2088
9,3011
1,242
5,1689
1,374
1,421
1,594
8,2724
4,927
8,2105
4,1515
5,1442
1,331
9,2804
9,2062
4,1108
8,9735
5,1922
5,1761
1,356
1,599
1,504
8,2781
6,1754
6,1883
6,2009
1,646
1,382
6,6015
6,1320
10,4041
4,2313
1,366
2,738
1,490
1,418
1,493
1,564
5,1825
1,319
10,3690
1,370
1,441
6,1619
2,887
4,1290
4,1780
1,362
2,751
5,1234
6,3174
1,435
1,546
9,2494
8,6386
8,2109
1,449
5,1859
4,1298
9,3426
8,2843
10,9158
5,1287
9,2800
1,332
8,8897
5,1638
1,7273
2,886
5,1531
5,1709
1,545
1,270
8,2853
1,484
1,506
6,3787
4,1434
4,1532
1,426
4,1419
4,1306
10,16432
4,1446
5,1866
4,1644
1,399
6,1824
3,1112
1,1038
10,3509
1,707
10,5293
1,581
1,590
2,867
1,329
6,6124
1,479
2,786
10,13755
1,333
4,1552
1,539
1,554
5,1812
10,11618
10,3576
1,624
6,2394
9,2535
10,5573
5,1220
4,968
2,1026
1,525
1,374
4,1397
10,3007
1,349
10,8102
4,12205
10,4016
1,401
1,341
9,3100
1,368
6,1569
8,2272
9,2909
10,3368
1,282
7,2229
6,2064
1,347
6,5112
6,1755
5,1766
1,469
10,3224
2,670
8,2579
2,681
1,305
4,1484
5,2335
1,421
10,3574
2,572
1,343
6,2261
1,365
5,1842
1,554
3,1231
4,1163
1,363
2,832
1,275
5,1582
8,3354
1,293
5,1651
5,1677
1,363
4,3424
1,11056
6,2176
5,1906
1,484
1,464
1,487
4,1549
1,379
1,441
2,746
5,2069
1,556
1,519
1,688
7,12897
1,1127
4,1480
1,383
4,1542
1,362
10,3339
9,2431
1,360
1,393
1,375
4,1277
5,1564
1,437
1,311
3,1170
10,12698
7,2170
4,1355
1,436
1,265
1,359
4,1570
1,362
1,373
3,1000
10,3426
10,10845
1,597
1,349
2,937
1,2995
4,1588
1,410
1,552
1,264
10,14309
10,5528
1,414
1,654
6,2033
8,7059
6,2526
1,532
1,365
6,1949
1,463
7,3753
10,3290
6,1920
1,421
5,1671
1,607
1,341
1,430
10,3416
10,10616
2,3575
5,1750
5,1413
3,1183
6,2276
9,2998
1,3984
7,2167
1,334
1,375
1,2602
1,611
1,534
1,460
1,465
6,1688
1,444
5,1549
7,2487
10,16905
3,1026
8,2598
2,637
1,328
4,1369
5,1821
1,443
1,449
1,515
5,1857
3,1212
8,2303
8,3165
4,1315
3,11191
7,2558
1,380
9,6096
1,319
5,1659
1,430
1,353
1,346
4,1788
4,1437
7,2370
1,358
10,6622
1,393
4,954
4,1297
3,1338
6,2250
1,407
6,2392
1,436
2,795
1,337
5,1436
7,2252
4,1902
5,1223
10,6645
7,2468
1,298
6,1583
1,339
4,1325
1,284
7,3450
10,3499
4,1331
1,373
5,2924
4,1306
9,2098
1,256
10,2997
3,1096
5,22775
1,560
10,15529
1,519
5,1369
4,1601
4,4315
5,1675
4,1355
1,343
10,3641
3,1120
1,392
1,1093
6,1754
7,2962
3,1257
10,4919
3,987
4,1344
6,2089
1,378
10,3200
10,6874
10,6799
3,1115
6,2269
1,398
4,1532
3,1064
1,413
1,552
6,1926
1,424
10,9886
10,3547
1,518
10,3823
3,1441
4,5088
6,25999
3,1284
3,1432
7,3925
6,2342
1,514
3,1011
10,3249
4,1510
10,15444
10,4725
8,9932
6,2042
10,3055
7,3069
2,696
6,1479
9,2834
4,1816
9,2839
3,1025
6,2128
5,1630
6,1923
10,4461
4,1420
1,367
10,3507
10,3155
7,9270
6,1826
1,466
1,401
10,18445
1,656
3,979
6,1912
4,1449
9,2189
10,3064
10,14842
10,3334
7,2560
8,6687
1,360
3,1257
1,585
1,407
3,1239
1,497
2,687
9,2762
6,2108
1,443
5,1739
4,7160
1,514
4,1362
1,491
1,568
4,1057
1,594
10,3052
2,820
1,257
1,403
1,473
7,2227
8,2307
6,2135
5,11980
1,420
3,1215
6,3217
1,430
6,2218
5,1631
10,3721
6,2124
1,411
9,3003
1,428
2,5246
5,2165
4,1342
2,785
1,461
6,2207
4,1657
1,718
7,2283
1,428
5,1375
3,1251
1,319
1,347
1,379
7,2247
5,1688
4,1608
3,913
3,1299
7,2361
7,3637
1,373
7,2473
5,1558
2,754
6,2114
1,268
3,813
1,691
9,3496
3,1347
7,6996
6,2080
5,1718
5,1484
10,17683
6,3519
1,372
1,374
1,342
4,1394
1,370
6,1962
1,491
6,2033
10,3283
3,996
3,996
6,1940
3,1017
6,2242
2,705
3,950
8,2455
7,2602
1,501
1,380
7,2503
1,371
4,1421
9,3117
7,2318
6,2009
10,3242
6,2997
2,870
1,342
6,2052
1,620
9,2543
7,2502
1,412
1,413
1,307
1,526
10,3503
3,1049
7,2007
7,8224
4,1315
9,2917
3,1135
6,1946
1,271
8,2355
9,3084
1,438
1,442
1,392
3,1054
1,443
3,1068
1,510
2,966
1,444
7,2432
6,4887
3,1001
1,267
10,3461
3,958
1,583
7,2031
1,430
1,543
1,436
6,1873
7,2125
9,3442
8,2796
6,1653
7,1815
9,2950
1,418
9,2214
6,2191
4,1532
9,3134
1,369
4,1307
1,387
4,1018
6,2100
7,5854
7,2472
3,993
4,1292
1,461
1,473
10,2313
6,2017
8,2975
1,555
1,415
6,2201
1,453
1,465
3,966
3,1437
3,1394
7,2225
3,1350
1,273
9,2899
1,258
9,3130
5,1821
8,2486
10,2318
9,3015
1,383
3,1176
9,3111
8,2289
6,1743
4,1347
6,2314
1,341
1,594
10,3251
1,482
3,1174
5,1321
5,1504
1,581
1,388
7,2216
1,473
4,1728
4,1403
1,773
3,847
1,445
3,1163
2,582
1,495
8,2318
5,1250
8,2799
1,711
1,380
7,2462
1,505
1,572
2,940
3,1180
6,1357
1,246
10,6145
10,2283
1,420
9,4805
3,1038
5,1722
1,627
2,693
6,1445
1,369
3,1317
9,3030
1,546
10,2231
1,249
1,330
7,2462
1,406
6,1905
9,3100
9,3023
1,366
10,3319
6,2308
1,377
1,628
10,3689
6,2038
8,2343
1,354
10,2301
2,667
1,346
10,2616
10,2618
10,3221
1,500
1,315
9,3112
1,265
7,2606
1,584
3,1190
5,2407
1,381
5,1457
1,599
1,309
2,987
1,599
2,748
1,448
1,426
1,621
1,243
6,2160
1,363
9,3147
5,2113
1,367
2,474
1,355
1,399
7,1926
10,2688
5,1744
1,484
5,1545
1,635
1,244
2,599
1,369
1,381
3,1223
1,347
5,1446
1,370
1,354
5,1458
1,265
1,472
8,2654
1,255
1,383
1,287
9,3429
1,403
1,507
10,3332
1,471
8,2603
1,377
1,382
2,907
1,418
5,1635
1,573
1,373
3,1015
8,1913
1,545
1,680
1,417
1,434
4,1078
10,3774
1,262
1,363
8,2161
1,426
10,3589
1,356
7,2458
1,349
1,208
10,3533
1,387
1,465
1,318
5,1868
7,4690
1,326
1,340
10,3203
10,2463
8,2878
1,386
5,1838
1,501
1,798
8,2776
1,415
1,307
1,267
3,1331
8,2236
1,419
5,1835
10,2103
1,656
8,3045
1,603
8,2919
1,418
1,389
1,386
1,426
1,405
1,252
9,3037
9,1966
5,1629
8,2653
10,2237
1,372
1,251
5,1838
8,2763
1,265
4,1183
1,410
1,458
1,267
1,323
10,2262
10,3040
7,2038
5,1665
2,1001
1,484
10,6244
5,1898
10,3796
1,440
3,2783
1,465
1,386
1,264
1,341
10,2624
2,589
1,441
3,1022
10,2542
1,299
9,2015
3,1039
1,396
1,321
9,2986
1,368
8,2951
1,311
10,3658
6,2167
2,537
3,1061
10,3732
10,2599
1,448
10,2544
9,2979
9,1994
1,254
10,3230
4,1366
5,1555
1,363
1,367
7,2681
10,3342
1,338
10,2319
10,2675
2,711
10,3026
10,2603
2,573
1,255
10,3408
1,445
3,1106
1,504
1,342
5,1899
10,2285
1,332
10,3152
1,603
1,303
2,1069
10,3324
10,2586
5,1760
10,3017
1,351
10,3194
5,2164
2,501
10,3113
2,569
6,2283
2,610
1,355
5,1426
2,650
2,617
2,928
8,5136
2,878
5,1673
10,3006
8,2277
1,560
8,2457
1,552
8,2590
7,2021
1,346
1,267
9,2149
7,2276
9,2040
5,1589
6,1416
1,398
2,836
10,2856
1,396
8,2442
1,451
10,3438
10,3597
1,335
5,1180
1,410
1,466
2,606
9,2603
7,2188
9,2855
5,1290
3,3296
5,2041
10,3061
1,261
5,1183
8,2822
1,329
7,2296
1,239
5,1379
7,1749
7,2474
8,2252
1,383
7,2736
9,2850
10,2993
10,2220
1,383
3,1030
8,2764
1,236
10,3365
1,360
5,1166
5,1582
10,2623
10,3064
3,733
8,2326
10,3312
5,1603
10,2480
1,623
3,812
10,3163
1,265
8,2388
1,338
7,2493
6,2043
2,782
10,3000
1,250
10,2435
10,3061
7,2718
2,755
5,1716
4,1306
1,465
1,233
8,2720
1,331
8,2593
7,2624
5,1813
8,2452
1,411
8,2587
5,1203
8,2107
2,851
1,575
9,2141
1,307
1,335
7,1699
1,330
8,1945
10,3267
5,1314
1,349
10,2649
10,3185
1,460
8,2639
10,2374
7,2484
10,2451
10,3268
1,357
9,1984
1,266
10,2777
8,1880
10,3027
10,2432
2,547
10,2499
2,788
10,2196
10,2365
7,2036
8,1835
2,764
8,1853
2,985
1,279
1,342
1,540
8,2517
2,856
6,1694
10,2445
7,1735
10,2129
1,565
1,385
7,1549
2,776
2,1183
2,595
1,477
3,713
1,411
10,2706
2,866
1,262
2,770
10,3642
2,1046
1,433
1,327
10,2141
10,2858
8,2739
10,2213
1,259
9,1886
1,536
8,6666
10,2296
5,1511
2,543
8,2434
2,510
1,439
1,359
1,230
9,1959
2,467
3,908
2,481
2,763
1,349
1,376
9,2030
10,3365
10,2298
10,3199
10,2418
1,391
1,438
10,3051
9,1809
3,800
2,627
10,2786
2,992
1,384
10,2076
2,576
7,2411
10,3289
1,285
10,2659
1,422
8,2457
2,746
1,422
7,3492
7,2176
5,1504
10,3581
1,357
7,1385
1,456
8,2670
10,3274
9,2494
10,3537
1,396
6,2315
10,2515
1,237
3,698
5,1567
7,2622
9,2466
1,418
10,2483
1,387
10,3458
1,409
2,807
7,1963
1,591
1,428
10,2190
1,251
7,1485
7,2263
7,1967
2,683
1,378
2,850
1,349
9,2058
1,264
10,3042
5,2904
1,331
10,2559
3,890
1,233
10,2317
6,1920
8,2815
1,316
1,402
2,598
1,342
2,766
1,263
10,2803
7,1791
1,360
3,945
1,390
1,247
10,2064
8,2092
5,1924
1,302
3,1195
9,1997
1,263
10,3160
1,268
9,2197
6,1970
1,346
5,1798
1,373
1,262
10,2512
10,2190
3,2807
1,247
1,398
3,734
1,278
10,2449
1,245
1,513
1,423
2,594
3,846
1,411
1,370
10,2056
1,455
3,1076
1,562
10,3111
1,351
1,278
10,2737
1,361
1,270
1,479
5,1707
4,1504
1,387
1,363
10,2650
1,406
3,992
1,288
5,1683
1,323
1,333
2,879
1,304
1,296
1,324
6,1835
10,2818
1,270
1,378
1,352
1,355
10,3421
1,325
3,814
2,507
1,496
10,2090
1,350
1,354
1,279
7,1811
8,2386
1,397
1,344
1,258
10,2635
10,3415
1,485
3,739
1,357
7,2142
7,2503
1,403
1,345
1,275
8,2197
10,3267
1,386
5,1337
1,234
1,292
10,2901
1,405
4,1301
6,1377
1,356
1,284
1,354
1,298
1,505
10,3698
9,2331
8,1979
7,2606
1,243
1,375
8,1784
1,383
10,3685
1,281
5,1682
1,292
7,2492
1,247
10,2541
5,1781
10,2604
1,228
5,1534
1,233
1,376
1,476
7,2251
8,2466
1,227
6,2242
1,359
7,2168
1,324
1,360
3,840
2,660
1,315
6,2112
1,271
1,391
7,1635
1,428
10,3254
1,245
8,2251
5,1880
6,1893
1,260
1,315
4,1227
10,3046
10,2226
10,2489
1,326
1,377
10,2338
7,1691
1,305
1,228
10,2252
1,409
10,3435
1,250
1,277
10,2082
10,2597
1,224
10,3250
1,259
3,999
10,2946
5,1524
7,1888
1,335
10,2543
1,678
3,1018
2,597
1,299
10,3039
3,779
7,2479
3,919
1,247
1,335
2,760
6,1872
10,2227
1,226
3,1291
1,305
3,957
5,1889
3,1250
7,1950
1,317
9,2990
4,1180
1,234
1,364
9,3154
8,2200
2,568
1,213
5,1152
1,449
4,1124
10,3118
5,1309
10,2272
1,327
2,915
10,2692
3,1140
5,1648
1,440
10,2222
9,1938
7,1965
4,1154
8,2425
8,2688
6,1690
10,2915
10,2595
1,380
10,3767
8,2403
5,1338
3,1150
1,246
8,2417
3,1103
5,1771
10,3686
1,463
10,2933
10,2391
3,1087
10,2521
1,283
4,1168
10,2633
5,1589
3,719
1,285
3,977
10,2855
7,2565
10,3907
7,1881
10,3347
8,2205
4,925
3,1209
1,411
1,360
10,3098
7,2275
4,1266
1,302
3,1006
7,2924
4,1198
10,3229
1,601
10,2120
10,3495
10,3352
10,5868
8,1632
10,3126
1,274
10,3336
10,3538
1,233
3,791
9,3559
8,5802
8,2390
1,341
10,2066
5,1711
10,3572
10,2417
1,281
10,3270
10,2997
7,2299
10,6926
1,324
5,1194
10,3283
3,981
1,443
6,17932
10,2313
3,1038
8,2874
1,444
1,276
7,2222
2,742
10,3275
8,3081
1,223
4,1315
10,6763
5,1670
10,2529
10,2403
2,621
10,2661
10,3164
1,251
10,3216
10,3396
2,561
7,2317
7,1615
1,332
10,2822
7,2217
3,1106
2,716
3,1598
10,3372
4,1526
2,842
1,260
1,280
6,2051
10,2366
3,1216
7,1856
1,289
8,2825
1,351
10,2593
10,2693
3,1058
10,4094
8,2812
10,3172
1,269
10,2181
3,1142
9,3035
10,2568
2,725
1,250
10,3295
1,284
10,3128
9,1831
5,1425
10,2079
10,3536
10,3322
1,382
1,359
10,3485
8,1706
10,3229
10,2153
3,926
1,360
1,235
10,4010
3,1206
3,1175
1,235
1,354
10,3371
1,543
1,368
10,2139
1,478
3,1204
3,671
10,3450
2,556
1,262
8,6684
1,351
4,1276
1,223
7,1957
10,2510
1,240
7,2974
4,1505
1,594
10,3192
3,902
7,2418
7,1577
1,443
1,629
1,228
10,3197
1,229
10,2446
8,2468
1,255
9,2885
2,971
1,425
10,4639
10,4089
10,2884
2,796
1,319
10,2331
1,242
10,3860
1,275
2,663
10,3344
1,237
1,362
1,626
1,377
10,3936
8,4285
10,3230
10,3997
1,247
8,1893
1,233
10,3478
1,233
10,3579
9,3335
1,246
10,2732
1,571
1,255
1,478
10,8467
7,2181
9,3139
1,268
10,2124
1,229
7,2720
1,266
9,2307
1,434
3,835
10,3129
5,1846
1,253
6,1956
9,7136
3,1062
3,1135
1,560
2,493
1,276
10,3020
1,280
1,632
1,431
9,2897
10,3236
1,350
1,250
4,1206
7,2336
4,1249
1,418
1,400
9,2020
1,226
10,2565
1,248
1,291
1,248
9,2889
2,697
1,458
1,228
9,6819
10,3460
10,3659
1,389
10,2668
2,461
1,226
10,2576
1,266
1,268
1,261
10,3328
10,4461
6,1945
1,241
10,3187
1,512
7,2585
1,356
3,1240
1,427
1,226
3,1391
1,238
1,345
1,360
7,2399
1,303
1,384
1,239
10,3092
1,292
10,3514
1,325
4,1541
1,265
1,375
10,2079
10,3343
1,255
10,2264
10,3843
7,8719
7,2354
8,1911
10,3372
1,448
1,1089
1,242
1,374
1,246
10,2399
10,2738
10,2771
1,256
1,341
10,4998
9,2944
5,2080
10,2786
10,3044
1,339
10,3206
1,254
10,3996
1,355
8,2057
1,263
8,2547
1,284
1,252
1,683
10,8515
1,381
2,546
1,366
1,667
6,2215
1,299
7,3113
3,816
7,2156
1,323
10,3268
1,275
1,370
10,7028
10,7388
8,3028
9,2243
1,344
1,456
10,15553
1,264
10,3113
1,246
9,3691
1,291
2,674
1,267
1,367
1,565
3,1206
1,534
10,2344
1,348
10,3463
10,3550
1,274
1,583
9,2404
10,3279
1,290
7,2207
1,348
1,480
10,3050
10,3357
1,425
10,2576
1,347
1,493
3,1016
1,330
6,2410
1,341
10,3575
1,407
10,3743
3,1139
2,775
10,3355
10,7216
1,425
10,3335
1,337
1,517
9,3377
10,3109
10,3133
1,239
2,612
1,531
10,3017
8,2159
10,3352
7,2064
2,679
1,482
10,2484
1,347
1,553
1,541
8,2337
3,893
1,653
1,323
9,2836
10,3360
10,2830
1,511
10,3175
1,499
7,2429
1,378
1,324
2,575
1,342
10,13404
9,2607
1,438
10,3157
1,251
10,3410
7,2401
10,3235
10,3573
1,396
5,1657
10,3084
1,340
1,331
1,652
8,10914
2,764
1,355
10,10153
7,2305
10,3294
9,2839
7,2570
3,5311
1,381
10,3286
7,2331
1,324
4,1015
1,555
7,5585
7,2503
7,2329
10,11536
10,2571
3,1009
10,3334
10,9880
10,3638
1,326
5,1659
10,3309
1,366
1,339
1,437
10,2470
5,1641
10,3658
7,2394
9,2879
10,3289
2,910
10,3614
10,9308
1,436
6,2000
10,2790
2,673
10,3573
1,546
8,2591
10,3301
10,3283
1,466
1,340
10,3128
10,4081
3,1071
10,4401
5,1596
6,2078
1,348
10,3607
10,3312
2,758
4,1117
4,1543
7,1735
10,3451
1,241
5,2738
4,987
10,3416
1,369
4,1251
3,1107
10,2794
10,3784
7,2378
1,377
2,506
5,9723
1,350
10,4147
1,617
1,486
10,3333
10,3415
1,378
1,338
3,1011
1,332
5,1780
10,3443
1,402
2,691
8,2689
3,1048
10,11295
10,3167
1,372
10,3172
5,1198
1,375
7,2419
10,2755
3,1058
7,2458
10,14052
1,368
10,2732
1,501
10,2254
3,1104
4,1490
1,372
1,345
1,487
1,500
1,387
4,1474
10,3191
5,1610
8,2771
1,560
10,2650
1,614
10,3223
10,3154
1,1066
1,383
7,2314
5,1736
1,444
8,2568
8,1844
9,3018
4,1330
6,2044
7,2526
1,547
1,534
10,3502
9,3346
10,3697
1,375
10,6057
7,2577
1,407
5,10876
4,1128
9,3086
8,2399
3,860
5,1625
7,2272
1,412
10,3314
2,1091
1,427
1,436
1,464
4,1431
1,349
1,732
10,3184
1,3470
6,2551
10,2622
7,2552
10,3161
7,1923
10,3047
1,500
10,2824
1,407
10,7645
5,1543
1,422
1,391
10,10833
1,504
3,1365
2,727
4,1515
10,3205
1,581
7,23887
1,715
10,7228
1,365
6,2332
1,492
1,415
1,596
2,758
1,376
5,1762
2,810
8,2784
2,714
5,1863
1,1302
1,546
6,2525
1,314
3,1081
1,380
1,404
4,1436
10,3206
1,623
7,2272
5,2853
3,1126
6,2007
1,475
10,3090
1,742
10,3564
1,389
10,4353
1,358
2,772
7,2009
10,3013
1,359
6,1600
7,2781
5,1913
10,2671
1,578
8,2491
1,373
10,3664
5,1720
10,13731
1,366
5,13728
10,20470
6,1714
1,587
5,1568
4,1289
6,2159
3,1146
3,1445
10,3248
1,375
10,3493
4,1492
9,2214
5,1397
5,1728
5,2223
1,540
1,420
10,3686
5,2828
6,1613
9,2865
6,2148
3,928
1,390
2,946
5,1575
1,477
1,279
4,1822
6,6309
8,5019
1,426
4,1493
8,8081
10,5379
2,926
1,352
9,2774
1,421
10,3211
7,4309
1,369
1,424
8,3094
10,3191
10,13213
5,1713
3,1179
1,857
6,1883
1,486
1,476
2,645
1,596
1,508
10,3228
1,391
9,2589
10,4226
5,1816
1,418
1,350
4,1330
1,625
3,1042
1,294
5,1668
1,485
7,9821
1,563
10,6247
1,476
1,241
1,557
6,1874
4,1304
1,376
10,3332
1,603
4,1572
1,432
6,1946
1,342
5,3621
1,617
1,366
1,295
7,5330
7,2266
3,1193
10,3789
5,1678
10,2446
1,326
10,3359
1,368
1,458
1,623
1,516
7,3097
10,3909
1,397
6,1846
5,6528
6,1923
10,4745
7,3722
3,986
1,421
10,3502
1,360
6,1739
2,756
5,8633
1,409
7,2983
1,381
5,1474
10,4296
3,1243
1,689
5,14246
7,2627
10,3384
4,1303
1,380
10,3739
5,2283
8,8261
5,2151
6,2297
1,368
1,311
6,1964
10,4169
10,3468
10,2887
10,3318
10,8888
10,3127
1,445
4,1316
1,320
10,7666
1,383
5,1822
2,699
1,360
5,1823
10,3343
5,2031
1,552
6,1972
7,2401
4,1718
1,376
3,1050
1,529
1,443
8,2836
10,9202
1,544
10,6205
6,2169
4,1164
10,3020
7,2323
10,3166
1,493
6,2242
1,364
10,2895
1,515
7,3367
1,405
6,1897
1,336
1,353
10,3239
10,3341
1,2366
10,3402
1,486
1,421
10,3742
7,2330
4,1563
1,554
10,3609
5,1780
6,1922
5,1648
5,5375
3,833
10,7017
10,3487
10,3691
1,362
1,417
10,3449
1,345
4,1631
1,7077
5,2604
4,3780
3,1060
5,1980
3,1436
4,8490
6,1665
2,6849
5,4477
1,365
1,559
10,3571
4,1388
10,3233
4,5752
5,1732
1,492
4,1318
8,4803
6,2137
9,11245
1,458
1,3755
6,2438
1,370
5,3834
10,3831
5,1774
6,2234
1,401
10,11585
1,610
9,2934
10,3354
3,1054
10,2649
7,2265
1,2753
3,1059
1,299
6,1848
1,517
5,2232
6,2024
7,2220
10,3368
1,531
10,3258
10,2887
10,3074
4,1356
1,974
1,400
4,1482
1,275
1,430
1,273
8,3550
10,5142
8,2963
3,1385
1,450
3,1092
10,5856
10,14126
10,3269
1,562
7,2464
10,3163
1,285
10,6675
1,695
10,3854
10,3391
5,7745
6,2596
7,2072
4,1456
7,2504
4,1306
10,3070
1,468
1,581
3,1118
1,355
6,2029
1,470
4,1416
10,5906
1,821
10,3166
5,2029
10,3381
5,1600
10,3226
6,2139
1,464
10,10268
9,2955
1,236
5,1595
1,446
7,10116
10,3371
5,6269
3,980
10,3439
6,2141
10,3847
10,6185
1,467
1,409
1,548
10,3395
1,249
6,1926
1,366
5,1727
4,5609
10,3656
9,3024
6,2220
4,1328
5,1809
10,3301
1,375
1,393
1,490
4,1667
6,1414
6,1898
1,372
6,2054
10,5430
1,700
3,4481
6,2506
10,3418
6,2015
10,2359
1,365
10,3276
4,1265
6,10399
7,1689
3,883
1,276
5,1736
1,328
6,2183
4,1460
3,1112
1,946
6,2135
10,2235
1,302
10,4505
5,1795
10,11497
4,1417
3,1675
1,286
6,2257
1,1629
5,2612
10,3255
5,1567
1,360
4,1502
10,3172
1,235
1,419
3,853
10,15879
4,1281
3,802
1,268
3,1121
10,3134
3,1297
7,2353
4,1403
1,341
3,1312
7,5701
1,378
4,1350
8,1892
1,637
10,3143
4,1632
6,1526
6,13091
1,395
6,1934
6,1353
10,3257
1,299
10,3091
3,965
1,344
10,3325
6,2151
1,336
10,3290
4,1157
7,1841
4,1371
5,3871
10,3305
1,592
3,6330
1,373
4,958
1,512
1,405
1,300
8,3259
1,260
10,9343
4,1010
10,2986
10,2494
1,429
4,1446
7,2605
10,3178
10,2352
4,1254
1,541
1,383
3,890
10,3231
1,239
5,1572
4,1629
4,1486
3,1015
10,2985
10,3165
1,692
4,1019
1,475
10,3420
3,1036
1,433
1,337
2,627
1,315
5,1811
7,2437
5,1744
10,3128
10,3488
4,1264
1,426
10,3324
1,314
10,6425
10,3114
6,2151
10,4563
2,800
1,375
3,21467
6,1609
10,3338
6,1339
1,443
10,11388
1,526
6,1939
1,585
6,1791
10,3037
10,3700
2,699
10,3122
1,282
10,5923
6,2438
3,7146
4,1073
10,4839
9,2058
1,479
10,10657
1,404
1,730
1,484
10,3328
10,2445
5,1190
1,253
10,2897
8,2875
10,32104
4,1139
10,3535
4,911
1,457
6,1509
1,508
1,320
5,1538
4,5350
5,4947
1,393
1,252
6,1865
5,1856
10,60974
10,3333
1,407
10,12324
1,584
10,3061
7,2479
1,359
7,2861
10,3330
10,2613
9,5319
1,235
2,798
10,3323
10,4882
6,2619
1,388
6,1972
3,963
7,2626
3,1202
1,551
1,337
10,3317
4,1234
1,441
10,3398
5,1497
10,3417
7,2008
6,1998
7,2353
6,2185
1,428
1,488
10,3297
1,420
10,10898
5,1794
8,2644
1,284
7,2129
4,1281
4,1227
4,1215
1,481
1,315
1,483
4,1714
1,446
10,5981
1,322
1,407
10,3146
5,1591
1,273
5,1703
5,1695
1,369
5,1311
1,387
4,1055
1,347
1,336
1,460
10,52960
1,278
10,12279
4,1525
4,1638
1,285
10,3385
8,2659
2,897
2,659
1,402
1,250
1,374
1,652
4,1529
5,1839
1,281
1,370
10,3890
6,5486
1,247
3,1029
8,2537
10,3735
3,1488
8,2603
1,338
1,299
9,6295
10,3265
4,5393
1,330
1,333
4,1489
8,2578
1,278
10,7787
10,3557
5,1871
3,1074
1,327
2,765
1,287
10,3437
1,431
10,7068
1,249
1,367
5,1411
10,3470
1,658
5,1663
6,2251
1,555
7,4621
1,307
5,1765
6,2014
3,1141
1,497
10,2668
6,1959
10,27263
2,708
6,2081
1,444
5,1305
2,904
10,6822
6,1997
1,352
4,1493
1,382
10,3397
10,3182
4,1261
8,2901
10,9448
6,1481
2,759
5,1314
10,3048
1,573
10,8765
8,2349
1,369
3,1314
1,267
7,2403
1,754
2,724
10,3128
1,370
4,1487
4,1007
1,382
4,1397
1,367
1,500
10,3604
1,308
6,2839
1,607
10,3746
10,4249
2,696
4,1333
4,1639
6,2151
1,352
10,3597
10,3165
1,388
1,528
7,1749
1,421
10,2767
1,414
1,554
3,4051
5,1389
10,3267
1,364
8,3038
1,428
10,3089
4,1716
1,468
1,459
3,815
1,453
8,2889
1,253
4,1433
10,2817
6,1897
2,764
5,1815
10,3320
1,286
1,306
2,769
1,359
10,3830
1,486
10,3559
6,2161
10,2372
10,5270
1,351
6,2253
10,3129
4,1196
8,2656
3,687
10,3528
5,1783
1,451
1,426
1,289
10,3238
4,1381
7,2398
4,1233
5,1784
5,1801
5,2109
6,2380
6,2303
1,382
2,800
6,1372
1,421
1,357
1,428
4,21472
2,452
10,3423
10,2751
1,348
8,2443
10,3602
7,2101
2,637
1,355
10,3334
4,1157
1,351
1,542
1,365
10,14018
10,2696
4,1368
1,253
1,378
8,2985
4,1403
10,3401
1,517
1,381
10,3421
6,2221
1,359
7,2234
1,367
6,2194
10,3273
10,3280
4,1605
10,3860
10,3574
10,3255
6,1411
1,523
1,342
1,397
7,2457
1,316
1,304
1,375
2,10300
6,1352
5,1654
6,2273
1,331
3,931
3,1072
3,866
1,473
10,2906
10,3325
8,1841
5,1309
1,445
1,418
3,1084
8,1733
3,2726
6,1884
7,2486
2,814
7,2021
10,3059
1,272
1,482
10,2801
10,3390
9,2993
4,1347
1,250
10,6900
10,2285
10,6401
7,2496
2,1100
1,698
2,1356
10,3261
1,237
1,371
2,569
6,1630
5,1561
2,928
1,289
10,19624
10,2302
4,1359
9,2234
5,1417
1,326
5,1891
5,1524
1,227
1,373
8,1959
1,498
10,3566
1,723
1,227
7,2402
1,409
10,3220
6,2173
4,1508
10,2341
6,1847
10,3025
1,427
10,2931
10,2764
3,1011
10,3116
3,873
5,1874
4,1375
10,3296
4,1333
3,970
3,696
1,277
3,1114
10,3185
1,278
6,1877
9,1947
1,344
10,2540
3,1213
10,4045
2,842
1,290
5,1516
5,1855
7,2570
1,565
7,2355
1,378
1,246
10,3285
8,2103
1,308
10,2494
6,2130
10,2649
4,927
1,1820
2,767
1,589
8,2020
1,414
7,2658
1,254
1,283
8,2794
10,2240
1,248
1,1691
5,1784
10,2980
7,2007
1,330
3,1137
10,3161
10,3510
1,270
8,1827
1,310
5,1672
10,2983
5,1306
1,283
2,668
9,3437
10,3605
4,930
1,433
6,1906
1,8188
6,2038
1,436
10,3352
10,3287
10,2794
10,2497
1,545
1,296
6,1776
7,2319
5,1732
3,1179
3,1140
4,1320
1,660
3,1546
1,374
3,1286
1,258
10,2937
7,2323
10,3581
1,249
9,2890
3,965
10,3394
6,2036
1,664
6,2032
1,481
4,1275
1,282
1,562
1,252
5,1685
3,991
1,490
1,265
10,3161
5,1289
2,933
8,2371
10,3112
10,3343
2,813
10,2335
1,252
1,321
1,267
10,2644
7,2205
1,409
1,256
10,2826
9,3253
4,1668
10,3139
1,336
8,2562
1,432
10,2629
3,1138
1,566
1,388
10,3313
10,3141
1,475
1,243
9,2228
3,954
10,3407
6,1955
1,445
7,1794
1,252
1,426
10,3602
1,340
1,353
2,914
10,2548
1,405
10,2288
2,494
3,738
10,2298
4,1421
1,425
6,1637
1,295
1,358
10,3329
1,270
1,358
10,2704
2,545
1,415
9,3156
8,2635
10,2843
10,2277
1,234
1,732
1,355
1,335
1,267
10,3434
1,273
10,3358
9,2639
2,783
1,425
4,1017
4,955
5,1563
2,797
1,222
7,2731
1,382
1,389
1,262
7,1891
1,330
1,258
7,2556
7,1821
1,292
1,421
10,3080
10,2820
8,2625
1,216
10,3435
1,328
4,1179
1,268
3,904
1,244
5,1349
10,2473
10,2149
1,281
10,2152
1,610
1,473
8,2297
1,239
10,2483
1,250
1,386
1,279
9,2780
1,318
3,1007
10,3049
3,947
1,276
10,2816
1,417
1,350
10,2607
1,236
2,680
1,273
5,1431
1,404
10,5421
1,387
10,2758
2,507
8,2019
1,444
6,1959
8,2420
1,312
6,1879
1,222
7,1940
1,249
10,2442
1,353
10,2389
4,1437
7,2354
10,3433
3,862
5,1505
10,2917
1,370
1,374
8,1937
1,266
8,2327
1,246
10,3090
6,1599
10,2475
10,2834
10,2122
8,2779
1,492
10,2390
3,1087
1,326
1,429
2,449
1,241
3,954
1,309
8,2481
1,343
10,2096
3,979
10,2122
9,2713
1,579
10,2515
9,2692
1,351
1,384
1,588
9,2484
8,1996
5,1744
10,2479
1,352
8,3020
7,2150
2,954
1,377
1,384
10,2992
6,1551
1,437
10,2773
1,541
1,383
2,710
1,318
10,2879
10,3276
2,652
6,2064
7,2288
3,874
1,276
5,1733
10,3436
1,330
1,280
1,415
1,470
3,870
1,225
6,1983
10,2527
10,2861
10,3130
10,2207
8,2060
1,263
9,2254
10,2468
1,303
1,354
1,291
3,1072
3,871
10,2394
6,1959
10,3393
1,455
10,2852
3,774
1,295
1,413
10,3330
2,729
1,260
1,394
1,405
10,2587
10,3446
10,3018
9,4071
10,5872
7,2271
7,1731
8,1940
1,585
1,376
10,2376
10,3612
1,287
1,369
1,589
6,2043
10,2573
3,1195
10,3489
3,965
2,651
3,837
9,3279
1,359
1,452
1,242
7,2392
1,276
1,614
1,289
10,2796
7,1970
10,2706
10,2174
10,2747
8,1839
3,683
10,3536
1,355
1,561
10,2081
1,319
1,234
7,1758
1,284
1,344
7,1773
5,1430
2,899
7,2186
1,659
10,2273
6,1661
1,278
10,3279
5,1243
4,1025
5,1231
10,3147
1,352
10,2575
1,444
10,3219
9,2923
10,2150
1,486
10,2446
10,3618
1,267
1,357
6,1662
10,2413
10,2983
7,2172
1,348
2,788
1,695
2,784
4,1384
8,2482
9,2246
10,2195
10,3482
1,238
1,321
9,1927
8,1825
1,486
10,2548
1,241
7,1812
1,494
7,2402
1,319
2,680
1,528
10,3405
1,538
1,330
10,2278
4,991
1,473
5,1869
10,2322
5,1575
10,2856
10,7833
9,2425
8,1743
7,2344
1,620
2,591
1,445
1,353
7,2514
10,2332
1,576
10,2861
10,2239
10,2558
7,2529
1,475
10,3085
1,283
10,2348
1,325
9,2547
10,2217
1,386
10,2355
8,2234
1,422
10,2985
10,2625
9,2390
7,2310
1,438
7,1425
5,1317
3,736
1,470
10,3310
1,251
1,354
9,2782
1,407
1,527
10,2506
8,2311
10,3276
10,3199
10,3510
10,3106
1,353
2,1020
1,447
7,1923
1,295
5,1211
8,2522
2,590
1,557
10,3511
7,2200
5,1675
10,1977
1,464
8,1836
1,253
8,2718
1,461
8,2594
1,227
1,746
10,3585
10,3519
1,506
5,4192
2,736
10,3273
9,3063
1,465
10,2444
1,253
3,913
1,310
1,366
1,215
10,3552
10,3258
1,363
1,446
9,2425
3,829
10,2264
8,2220
1,464
10,2663
1,244
10,2302
1,294
1,455
1,327
5,1892
7,1577
1,407
1,302
5,1594
5,1278
5,1415
3,1081
1,575
1,484
1,407
10,3484
1,458
1,266
1,247
10,3602
7,2326
1,579
1,635
9,2769
10,2686
5,2186
10,3172
1,279
7,2315
10,2876
1,356
1,533
1,361
1,413
10,2222
10,2612
1,323
1,600
10,3533
1,627
10,3024
3,923
10,2455
3,1081
1,571
1,398
10,2265
1,281
1,406
10,3527
10,3417
1,380
10,2504
8,2204
1,529
10,3029
1,421
10,3016
3,1003
1,436
1,337
1,354
1,388
1,541
5,2114
2,801
1,350
10,2340
5,1867
7,2248
10,2318
3,749
2,601
1,370
1,474
1,284
10,3387
1,418
4,1768
9,6227
3,1063
1,412
5,1627
6,1818
10,3119
5,1284
1,263
8,1772
1,333
4,1381
1,304
10,3439
1,249
10,7113
9,4992
6,2183
1,465
1,330
5,1680
5,1912
8,2808
1,243
2,465
1,265
1,400
1,268
9,2350
1,272
6,1775
7,2040
3,654
1,366
10,2974
1,514
10,3037
6,1846
1,237
8,2448
1,261
1,348
1,253
7,2342
1,256
10,5265
10,2807
4,1104
1,358
5,1609
2,647
1,439
5,1331
1,278
10,1995
1,240
1,260
1,327
9,2229
1,302
8,2087
10,3259
6,1588
2,495
10,9127
4,1004
1,231
2,601
1,332
6,1390
1,250
5,1427
1,316
9,5571
3,1229
10,3148
6,1469
1,346
10,2361
9,2870
1,377
1,317
4,887
1,366
5,1043
1,241
5,1317
7,1972
10,2752
1,621
10,2504
5,1324
1,349
10,2687
7,2167
1,275
1,254
1,523
10,2262
10,2127
1,240
10,3402
1,380
10,3108
10,3374
4,1793
8,2001
1,339
8,2869
9,3272
1,263
1,523
1,397
1,235
2,843
5,1042
10,4504
10,6417
10,2414
1,412
6,2139
1,299
1,351
7,2279
5,1575
1,261
1,382
1,441
1,259
4,1535
1,223
6,2100
10,2092
8,2298
8,2083
2,512
3,781
1,333
9,2860
10,3693
1,329
3,1135
1,347
1,241
6,1921
1,343
9,3058
10,3323
6,2035
7,2647
4,1035
4,1340
1,245
10,2601
10,3381
1,323
10,9383
1,288
1,381
10,3253
10,2908
5,1810
10,2795
3,1031
10,2418
10,3352
2,497
1,307
3,927
10,3490
1,367
1,594
1,407
1,389
10,3157
1,399
6,1621
7,2572
1,441
9,3146
2,779
1,493
1,330
10,3462
3,923
1,232
9,3205
1,403
1,679
4,1463
10,2678
5,1634
8,2400
2,799
10,3479
10,2445
1,260
1,357
10,2359
1,326
1,247
9,3156
1,650
10,3338
5,1267
10,3190
10,3502
10,3271
4,900
6,2382
10,2587
1,242
5,1618
3,915
6,1326
1,244
1,512
1,285
7,2067
10,2530
5,2014
9,3326
10,3508
1,496
9,3142
10,3492
1,246
1,244
7,2416
5,1072
8,2387
1,530
1,261
10,2363
10,2320
10,2606
10,2216
8,2592
1,302
2,653
10,5016
1,237
1,582
7,1608
4,1094
1,434
1,572
1,371
10,4288
1,349
5,1696
4,1521
3,1473
1,288
10,3015
1,294
1,281
10,2613
3,896
1,520
10,3178
10,2862
8,3528
9,2800
1,253
9,3076
8,2514
6,1361
1,292
10,2438
1,257
1,249
10,2808
4,1489
1,332
1,364
10,2404
10,3081
5,1658
8,2549
9,3508
5,2071
2,469
1,329
10,3781
1,253
1,255
4,1086
1,532
1,366
2,501
10,3254
9,2249
9,3005
1,282
10,3755
1,599
2,1007
1,297
8,2034
1,282
1,378
10,2832
10,3105
1,350
10,2556
10,3324
10,2837
5,1642
1,323
8,2186
2,849
4,1075
1,278
6,2032
10,2163
1,348
5,1952
1,802
1,252
10,3072
8,3047
2,806
8,2129
1,405
10,2148
8,2053
6,1541
10,2806
4,1016
1,229
7,2713
10,3641
1,564
1,275
10,2263
2,643
10,3388
10,2178
1,431
5,1457
1,439
10,2661
1,265
2,710
1,281
2,912
10,3462
1,555
1,250
9,2134
8,3185
10,2304
10,3174
10,3181
6,1325
1,255
1,550
1,320
4,1166
1,322
1,506
9,3260
1,694
1,297
8,2104
10,3930
9,3021
8,2583
9,2863
10,3221
1,257
1,501
1,320
1,477
1,241
10,2250
8,2724
1,474
1,297
7,2242
2,690
7,2198
5,1291
1,384
1,310
1,270
10,3425
2,891
1,342
1,364
3,1030
8,2213
1,468
1,240
9,1978
4,1287
10,2344
5,1882
1,408
2,860
1,306
2,746
5,1321
1,292
1,2438
10,3124
10,4221
1,449
10,3055
10,2221
1,270
10,3517
6,1910
1,323
4,1568
1,555
1,436
10,2430
1,303
8,2184
10,2560
10,2546
1,413
10,2345
10,2187
9,1919
10,2007
2,618
1,391
2,788
2,778
1,405
1,268
1,496
10,3036
8,2205
2,737
1,577
2,1032
10,2844
10,2247
1,457
2,779
10,2375
1,509
1,408
1,528
10,2623
1,356
8,2425
8,2860
7,2059
6,2443
1,545
2,931
2,787
1,440
4,1167
10,2732
1,283
1,565
1,593
8,2218
1,267
8,2551
9,2375
2,693
1,570
9,2221
3,826
10,2264
3,877
6,2355
2,466
1,322
1,350
1,433
5,1597
1,252
10,2217
10,2401
3,1219
7,2629
10,2402
7,2681
1,398
9,2959
1,487
2,839
1,234
10,3763
1,276
8,3119
1,288
10,2175
8,2738
3,1101
9,3173
8,2799
3,1312
1,419
10,3506
1,369
8,2213
1,219
1,408
1,343
9,2730
1,322
2,805
10,2435
1,415
10,7145
1,440
1,525
1,583
7,6240
1,483
8,2243
1,223
1,404
1,325
10,2488
6,2209
7,1626
10,2095
1,323
10,2577
9,3805
1,366
1,270
3,1136
1,399
10,2903
1,223
9,2382
4,1171
10,3254
4,1358
2,492
7,2393
1,433
3,689
8,2325
1,301
1,510
7,1823
1,344
1,629
1,240
8,2662
10,3513
10,2226
2,545
3,759
2,771
1,452
10,11469
10,3414
1,1714
8,2710
3,787
1,415
2,934
1,237
2,659
10,6922
10,2135
10,2517
10,3600
10,2969
3,975
10,3346
7,2296
1,348
1,318
1,559
10,2352
8,2745
1,228
10,3676
10,3821
10,3425
1,472
4,1299
2,641
1,312
1,499
10,2306
1,603
1,489
1,454
1,474
4,1696
8,1955
8,3085
8,2781
7,2469
8,1871
3,1173
2,632
1,440
10,15388
10,2626
1,406
1,451
1,400
1,271
1,359
8,2742
9,3278
9,2500
2,809
4,1466
1,368
2,732
1,393
9,4956
2,852
1,446
6,2717
1,350
1,399
10,3293
5,1702
7,2082
8,2248
3,762
10,3297
1,364
8,1990
1,387
3,1187
10,3065
1,372
1,531
4,1458
1,445
6,2023
10,5480
1,355
10,3351
2,1019
6,2426
1,252
8,2882
3,1033
7,2667
3,1087
1,448
9,3576
1,3364
2,672
8,2733
10,2152
2,657
10,2150
2,849
8,2139
1,413
3,1135
1,381
3,1080
7,1646
4,1345
1,327
1,437
4,1227
10,3608
2,479
7,1715
10,3215
8,2095
8,2323
10,2527
1,577
1,408
9,3174
3,937
1,553
1,513
1,380
1,321
1,387
10,2476
10,2686
1,339
8,3026
9,2658
1,345
1,539
7,2163
1,657
1,489
6,2183
10,3283
1,379
10,3290
1,444
5,2990
10,3385
7,1682
1,491
2,667
1,271
1,361
7,2328
7,2475
1,278
9,3121
10,2313
1,392
4,1380
7,2650
8,2900
10,2442
2,515
1,382
10,2461
7,2206
1,787
10,3039
4,1421
1,273
9,19311
10,2500
1,533
10,2078
1,477
10,3350
3,988
3,821
1,498
10,2342
1,400
1,469
7,2440
2,633
1,567
7,2351
10,2410
3,1610
8,2453
1,474
10,3717
10,3432
2,803
10,4067
10,2530
6,2083
1,447
6,2094
8,2317
1,378
2,798
10,3314
10,6096
6,1723
4,1413
8,2333
3,1075
2,675
1,488
10,2522
7,2292
1,320
10,3280
3,881
2,859
5,1737
4,1602
6,2150
9,2553
10,3253
10,2268
4,1453
8,2628
1,416
7,2432
1,307
1,335
7,2347
2,650
8,2546
6,1991
4,1614
10,5767
9,2821
1,524
2,799
1,557
8,2614
1,380
2,499
10,3504
1,398
4,1502
7,6103
1,557
2,712
1,696
7,2109
7,2503
10,8859
7,2179
1,436
3,1442
1,490
2,580
10,3398
4,1388
10,3349
4,1495
8,2477
8,2801
3,1021
4,1379
8,1907
10,14183
10,3279
1,367
10,4686
1,532
3,863
4,1416
1,677
10,3261
5,1842
1,274
10,3741
6,2281
10,3223
10,2136
1,475
2,863
1,508
1,455
1,423
8,1824
1,4920
6,2178
8,2630
6,2076
2,4345
10,6822
1,478
7,6807
10,2331
10,3534
7,1848
1,537
1,406
1,407
7,1445
10,3133
10,3391
9,2977
1,464
1,289
8,2623
1,425
6,2331
1,601
8,16462
5,2043
3,1139
1,421
3,1115
3,652
1,500
7,2589
8,2608
7,2235
1,240
10,12558
9,3318
10,3415
10,3471
1,9421
5,2291
1,367
3,3289
3,1056
1,1580
10,3253
4,1617
2,670
1,871
1,372
8,6196
7,2181
10,3447
3,1350
9,2955
3,817
1,537
1,326
10,3558
1,385
8,2585
10,4780
8,2449
7,2212
7,2915
1,511
7,2402
9,2856
2,540
1,438
3,848
3,1098
1,425
7,2687
1,653
2,871
10,2654
3,1177
1,386
1,490
3,1378
1,8817
3,4470
7,2162
3,9824
1,453
1,526
1,459
8,2950
1,359
7,2533
8,5407
4,1498
1,374
5,1897
10,24127
10,3662
6,2123
3,1294
1,389
1,397
5,1798
1,375
10,3591
1,457
9,3688
10,14690
2,743
5,11089
9,3451
6,1964
1,587
6,1942
4,1637
1,509
1,372
1,623
7,3309
4,1160
1,427
3,1306
8,2657
2,6594
1,422
10,9226
2,3599
6,2069
2,657
1,564
6,2022
1,379
1,430
1,335
10,29583
1,393
3,1188
10,3421
6,2067
1,405
3,3045
5,1415
1,293
3,982
1,666
2,795
1,318
6,1950
1,365
10,22815
1,345
8,6030
3,1022
3,1083
1,422
5,1682
4,5644
10,3004
4,1258
1,775
1,355
1,349
10,2365
1,505
7,9024
1,342
2,930
9,3575
2,811
1,380
10,5620
3,1050
1,409
4,1653
1,505
6,2070
4,1290
7,2288
7,2502
9,15466
3,1200
3,1186
2,928
1,379
1,476
10,3224
2,1163
10,6705
1,421
1,480
2,815
1,363
8,21616
7,4130
6,1722
1,304
6,1707
3,1039
4,1634
1,452
10,8562
4,1445
1,714
4,1471
1,424
1,482
1,419
10,18784
10,3260
9,15079
3,1373
2,571
6,4347
7,5905
4,1470
5,4918
4,1324
10,3464
7,2408
1,359
4,1433
1,365
7,13637
10,5020
2,1031
3,961
1,322
2,1616
4,1395
3,1109
6,5008
7,2339
1,418
4,1468
1,262
7,2344
1,384
6,19019
8,2550
2,784
8,2467
4,1480
6,2732
6,2032
1,337
8,6881
4,1489
5,1992
1,539
1,393
1,454
3,2026
9,3095
4,1330
3,1168
7,4045
7,3029
2,894
1,351
7,2307
9,3102
1,434
5,1787
1,700
1,508
6,2100
3,1014
5,15648
10,4897
6,2023
7,3667
4,1547
1,503
1,458
1,346
5,1680
1,532
10,3251
1,473
1,357
7,2386
6,2176
10,16762
10,3480
1,611
7,3609
9,3015
4,1437
1,432
2,8468
6,2053
1,845
9,3060
1,404
3,1008
1,415
10,3184
3,16250
10,13582
1,417
10,17670
4,1426
7,2321
1,3865
3,1150
2,810
1,446
1,403
1,433
6,1441
2,1459
7,2696
10,12721
3,1359
4,1568
10,13339
5,1629
4,1390
1,408
9,7444
2,842
1,436
1,567
1,397
9,3242
1,724
10,6137
6,2732
6,2199
4,967
10,3266
1,345
4,1524
1,427
5,1900
4,1426
6,4564
6,2580
1,411
10,15052
6,2097
5,2264
7,2215
2,917
7,2115
2,819
8,12844
1,545
1,384
4,23661
3,1108
1,566
3,12685
1,387
10,6921
5,1620
7,2514
4,1318
6,1646
4,1689
7,35727
7,7287
1,463
1,586
8,2971
1,460
7,4062
7,3012
1,507
4,1435
4,1382
7,2461
2,644
3,878
1,521
10,21980
1,537
1,355
5,13687
2,816
4,1373
7,2491
10,16772
1,513
7,2751
1,545
8,2615
1,387
2,852
6,19914
5,36168
1,431
1,361
8,16883
10,6410
4,1294
1,381
3,13360
1,594
7,8833
3,1091
10,11844
4,1380
4,1544
1,580
9,17310
1,446
1,384
1,451
3,1602
7,2489
5,1563
1,659
7,2424
10,4392
1,460
9,2570
2,796
4,1750
1,449
2,843
1,470
1,494
1,475
2,708
1,473
1,337
4,1569
1,798
8,3285
1,392
8,6494
8,3154
7,2409
1,2541
6,2193
2,670
1,451
7,2486
8,3035
4,1481
1,373
4,1501
8,3360
4,1571
8,2573
3,963
2,735
4,1610
1,531
3,1273
1,370
1,457
1,2169
4,1447
1,471
1,566
6,1462
5,2029
10,3471
1,497
5,1678
8,2343
1,499
1,477
3,8912
1,442
1,428
4,1500
6,2401
1,443
1,593
6,2332
9,3781
3,1277
8,2725
3,984
4,841
5,1862
4,1699
5,1664
8,2478
1,416
4,2914
6,2245
1,362
4,2355
1,422
3,1498
6,2110
4,1307
6,2067
2,381
1,452
1,590
1,488
5,3142
7,2376
8,10883
2,1245
1,360
10,3056
7,4032
2,940
9,7612
9,2809
2,764
4,797
1,431
1,3139
4,1479
2,710
1,463
5,1667
6,2177
1,409
3,1283
1,541
8,2869
6,2358
1,440
4,1375
6,2012
1,998
1,520
4,1616
10,3483
1,535
3,1012
6,2636
1,361
8,2759
5,1670
4,4408
3,1166
4,1778
1,443
1,327
5,4460
8,3101
7,2632
3,1002
5,1779
2,664
4,1495
1,386
2,637
4,1452
2,775
6,1449
5,1994
2,599
1,477
1,352
1,437
4,1382
6,2381
7,2181
9,16558
2,1097
1,373
3,1153
7,13543
5,2069
2,1016
5,17227
4,1478
1,404
1,490
7,2180
1,424
4,10549
3,1489
4,1355
2,722
1,451
4,1242
4,6893
5,1936
1,660
1,331
7,2340
1,337
8,11759
1,343
1,435
5,6683
1,545
6,1963
10,2479
7,3449
1,502
3,1095
1,526
4,1517
1,549
6,4904
1,359
6,2575
5,12389
1,430
1,363
5,1676
2,6837
10,4061
1,793
6,2062
1,2304
8,2469
7,3233
1,511
1,481
8,2759
5,4621
4,1460
1,390
1,2534
8,2786
10,3594
10,3228
8,3086
9,2402
4,1856
2,794
1,6531
9,2216
1,3553
1,470
1,5625
2,855
1,305
1,511
4,1471
5,1785
1,505
1,441
5,12856
1,429
10,6532
1,563
1,414
1,349
1,546
1,402
5,1665
1,362
1,478
3,1134
2,804
1,425
7,2362
1,471
6,1942
6,1849
7,2886
10,3178
6,1771
1,494
1,381
2,609
1,363
1,414
5,1665
7,2461
9,3730
10,3563
8,2751
1,420
4,1996
1,327
1,566
1,336
1,478
1,653
4,1293
1,383
1,419
9,3703
2,803
1,357
3,4691
2,753
2,819
2,809
7,2581
7,2691
1,358
1,486
1,464
3,1395
1,362
10,9554
6,2008
8,9010
1,417
2,1023
6,1898
1,474
8,2503
1,402
6,2139
1,344
6,2743
5,1637
6,2226
1,402
7,2471
9,3035
6,4870
10,3406
2,939
9,3460
5,3832
6,2266
1,411
2,751
1,344
1,412
2,826
9,2197
6,2771
2,835
10,3488
4,1417
1,346
9,6132
6,2025
3,889
6,3027
1,553
4,6487
1,340
1,707
2,711
10,3917
8,2834
8,2723
7,2412
6,4059
9,9546
5,1959
6,2094
8,10620
9,3184
1,584
3,986
1,346
3,1520
10,3195
5,3374
1,623
4,3692
6,2254
1,327
9,5785
1,470
4,1519
9,10224
2,850
5,1593
6,1812
1,370
4,1460
8,2623
1,673
7,3487
6,5558
4,1253
3,973
1,407
4,1508
7,2507
1,380
6,2035
1,555
1,561
7,2309
10,3156
4,1383
7,2554
4,2007
6,2178
2,12855
6,2007
1,391
3,1143
4,1255
1,554
4,1592
7,2407
3,1273
8,3234
2,829
4,1479
8,5301
4,1714
7,2481
2,5130
4,1012
1,385
6,2150
4,1071
8,2421
4,1326
1,599
7,1643
5,2178
2,898
4,11580
6,2280
7,2170
3,5820
6,2060
2,745
1,293
10,3816
2,739
1,462
2,659
1,417
4,1012
4,1616
4,1493
5,4641
6,2274
2,964
4,1477
4,1498
1,694
1,390
1,551
1,440
1,570
1,436
1,411
10,3091
3,1118
9,2964
8,2579
6,1583
2,1070
2,829
6,5094
10,2856
1,540
8,2622
1,703
1,549
1,363
3,1238
10,2835
4,1414
5,1542
2,906
4,1349
7,2487
10,3614
3,1072
1,1467
10,3504
6,2125
1,544
5,1864
1,556
3,1048
10,2618
2,777
6,1897
8,3130
1,474
4,1548
10,5735
6,1936
1,380
1,442
4,1755
1,453
10,6496
1,522
4,1584
9,2893
2,684
1,380
2,815
3,1129
3,3014
1,291
4,1637
1,369
10,3268
9,3280
1,387
2,855
1,355
9,3109
3,1269
8,2624
6,1997
6,1932
7,2388
9,4833
9,3003
4,1443
1,366
1,311
6,4160
1,421
7,2385
1,302
3,1016
8,2848
5,1580
6,5193
7,7363
4,1062
8,2600
8,6138
2,814
3,903
1,344
6,1678
1,516
8,4486
1,496
5,1916
9,3127
4,1312
10,8916
6,2161
4,1310
10,3352
10,3985
1,486
1,244
9,3132
4,1895
1,405
5,1891
1,262
4,1286
10,2505
6,3573
8,2539
6,2169
2,582
1,380
10,3621
1,507
1,279
10,3433
7,2462
1,369
6,2251
1,271
8,4034
1,343
10,7738
2,657
2,764
10,2446
5,2192
9,6013
1,361
1,298
8,2751
4,1130
1,682
2,895
1,339
4,1262
1,240
5,1935
4,1574
3,2739
1,324
3,1320
1,567
1,284
1,413
3,1153
4,1301
10,2751
1,694
9,2294
8,3057
1,270
8,2630
1,435
6,2202
1,299
8,2986
1,396
1,307
1,264
10,2651
1,637
10,2522
3,1233
10,3479
10,3770
1,287
6,2399
9,3186
4,1654
1,360
6,2407
1,535
1,275
9,3104
2,601
2,839
9,2981
5,1892
8,3330
5,3073
1,387
7,9053
4,1108
4,1028
1,387
3,1490
1,322
1,367
10,4054
7,2338
1,372
10,4616
4,1880
9,2868
7,3600
1,320
2,935
6,1974
2,536
1,445
6,2392
1,368
1,407
10,3539
10,2195
1,460
10,3613
10,3226
10,4493
6,1879
1,412
5,2164
4,1532
9,3093
1,394
6,6224
1,348
1,414
9,7276
10,2671
1,371
9,7876
10,6371
1,525
2,640
1,483
6,1676
6,1976
10,3378
1,483
1,680
1,409
1,287
10,3342
10,2749
1,288
10,2528
3,2051
10,3878
6,1517
1,391
6,2381
4,1052
1,406
1,670
2,1303
1,427
10,2781
7,2439
1,486
1,272
1,375
10,3616
1,464
6,2135
10,3244
4,1283
2,640
1,316
1,564
7,2257
1,465
8,2114
1,506
1,328
1,265
1,464
9,3287
10,2835
6,4602
1,442
1,549
1,357
10,2457
1,617
4,1747
1,387
9,2709
10,3554
1,595
1,498
10,3111
10,2931
2,864
2,806
2,929
3,853
1,331
1,616
3,1161
4,1427
2,593
9,5291
10,7383
1,463
1,271
10,4225
9,3106
10,3118
3,1230
7,2879
5,1276
10,2483
1,319
10,3535
2,610
1,475
10,4306
1,414
10,3344
1,429
1,486
9,3086
1,349
1,472
1,351
4,1283
1,475
1,335
10,2796
1,525
9,5632
10,6453
10,2341
10,2945
9,3276
5,1812
1,357
5,1247
4,1430
1,401
4,1476
1,265
1,477
9,2909
1,360
10,3458
1,382
10,3108
1,379
10,2712
9,3048
1,306
9,3234
4,1338
1,456
1,589
1,334
1,446
9,3101
1,396
10,3823
8,2091
10,3115
10,7478
1,473
3,1349
1,437
3,1516
1,385
9,3240
1,465
1,247
9,2831
1,478
1,346
1,591
2,639
3,700
1,495
9,2978
5,1339
1,317
10,2728
1,260
10,2563
1,319
1,472
1,530
7,1918
1,526
10,3839
1,414
10,3417
10,3337
9,2341
10,3501
1,339
5,1588
1,240
10,7024
1,305
1,547
10,2432
10,3402
1,525
10,2523
10,3540
7,1585
1,364
9,2656
10,2196
1,336
10,2700
1,239
10,3527
1,426
1,310
9,2743
1,457
1,597
3,1047
1,528
1,452
1,392
10,2229
7,2518
1,342
10,3358
1,343
10,3439
1,359
1,723
1,255
10,2434
1,502
10,2238
9,2188
1,276
1,284
1,604
1,658
1,683
7,1811
1,343
10,2676
1,254
10,3286
1,295
1,823
1,408
7,1720
2,506
1,283
1,248
10,3359
1,367
1,476
1,468
1,340
10,2453
1,254
9,3290
1,370
9,2249
1,785
10,2863
10,3480
1,369
4,1533
1,487
1,306
1,510
1,272
1,580
10,2398
1,261
9,3099
1,365
10,2725
10,2564
10,3105
10,2886
1,610
10,2395
10,3668
1,270
7,2407
1,270
1,467
10,3062
1,420
9,3174
1,420
10,2553
3,903
10,3684
3,902
10,3589
10,2664
1,315
1,265
1,321
1,269
1,423
4,1769
9,2013
10,3462
9,3116
3,706
10,3245
2,711
10,2473
1,534
6,2079
1,422
1,316
10,3182
1,257
10,7685
10,3725
10,2623
10,2504
10,3097
10,3640
8,2537
10,3616
10,2327
1,237
10,2793
5,1698
1,248
1,368
1,257
10,12705
10,2418
3,1129
1,568
1,716
10,3301
10,3312
10,3071
7,1573
1,236
10,3595
9,1939
1,234
1,476
1,245
3,10051
10,2837
10,3034
10,3833
10,3483
7,1758
9,2098
10,3381
1,383
1,244
6,2321
10,2259
1,287
1,389
1,267
8,2671
1,422
9,2837
1,398
1,381
1,465
1,543
10,5818
1,282
1,402
10,3374
3,745
1,294
10,3252
1,233
10,6833
1,399
10,4439
1,298
9,3093
1,411
10,3302
1,314
1,240
8,2039
4,978
5,1266
10,3098
9,3442
1,320
9,3843
1,344
1,348
1,276
10,2918
10,2853
7,2652
1,318
1,296
10,3263
10,2226
10,2455
10,2623
10,3062
10,2371
10,3194
1,368
1,446
5,1191
3,1051
1,366
10,2735
1,265
1,283
10,3408
10,3241
10,2166
10,2535
10,2939
10,2491
1,403
4,1042
7,2142
10,2134
10,3558
1,270
10,3712
1,238
1,237
10,3769
10,3182
7,1520
10,2397
10,2791
10,2957
7,2133
1,748
10,2702
10,3365
10,3409
1,351
2,547
1,332
1,242
10,6617
1,652
1,556
10,3389
10,2684
10,3306
10,3233
1,341
10,3797
9,2890
7,1715
1,384
1,502
1,375
1,240
10,3143
1,505
1,277
10,3260
10,2843
10,3526
1,442
1,307
1,444
3,924
10,2315
1,360
10,3028
1,356
1,271
2,642
10,2462
1,309
10,2784
8,2682
10,5459
2,604
1,358
10,2381
5,1812
10,2781
1,292
9,2363
1,256
1,240
10,3336
1,329
1,272
4,1656
10,3334
4,1295
10,2317
1,285
9,1924
10,2520
1,460
1,295
3,903
1,262
10,2420
10,3303
1,591
1,243
10,3519
10,5079
10,2410
9,3027
1,239
10,2370
7,1671
1,630
1,281
10,3600
1,282
10,2371
10,2150
1,410
1,295
10,6492
10,2857
10,2528
10,3624
10,3658
10,2144
1,650
10,2433
8,2399
10,3227
8,2506
10,3049
10,2529
10,2503
1,637
5,1245
10,3717
1,363
10,3509
6,1682
10,2326
1,328
1,349
10,3309
7,1802
10,2813
10,3422
10,2584
10,3387
1,247
1,337
10,3050
5,1212
10,3556
1,505
10,2504
1,265
2,489
10,5952
1,506
10,2219
10,3486
6,1313
1,598
1,262
6,1680
1,533
6,2427
10,2232
6,1554
1,387
1,304
1,269
10,4194
1,288
10,3274
10,3451
10,2251
10,3148
1,326
6,2084
1,276
6,1774
1,502
10,3705
1,255
1,354
1,380
10,3021
1,429
10,2330
4,1129
4,1249
1,549
10,2167
5,1174
1,249
10,3312
1,346
10,3495
1,277
10,2556
1,552
4,1090
1,270
6,1274
10,3094
1,408
1,377
10,2863
9,2064
1,241
10,3891
1,350
10,2414
1,290
1,255
1,412
2,591
1,298
10,3815
10,3374
1,253
1,908
10,2578
10,3241
1,257
9,3195
1,346
9,2767
1,256
1,362
1,418
10,2770
1,303
4,1168
1,479
1,246
1,459
10,2857
4,990
1,288
5,3432
1,243
10,2935
1,286
1,263
10,2499
10,2902
1,583
10,2649
6,1318
1,242
6,2317
10,3368
1,391
1,371
4,1165
1,244
10,2502
1,303
1,246
1,311
6,1296
1,313
10,3529
10,3137
1,326
10,3410
10,2531
1,247
1,497
1,455
1,242
10,2392
1,274
1,289
1,455
10,2534
1,289
3,1172
10,2984
1,357
10,2658
4,1189
1,810
1,312
1,262
1,257
5,1856
1,306
10,2931
10,3174
10,2376
1,262
10,3516
6,1342
1,250
4,1161
10,3334
1,279
1,483
1,258
1,289
10,4700
1,244
10,2892
10,2374
6,1209
10,2141
10,3026
10,3555
1,413
2,771
10,3285
1,258
4,1445
1,241
1,268
10,2617
10,2103
10,5605
4,1161
10,3572
8,2434
10,2280
9,2935
1,389
10,2453
5,1175
1,368
2,836
1,224
10,3009
10,6753
10,2529
10,6730
8,1924
10,4065
10,3270
10,3402
4,1197
10,3311
10,2586
1,366
1,350
10,3530
1,261
10,3345
1,2143
8,2668
10,4911
10,2424
4,994
10,3230
10,2780
1,537
1,360
8,1856
6,1398
1,340
6,1863
1,277
8,1818
1,379
10,3080
10,2559
10,3448
1,501
10,2314
1,473
1,309
10,3374
10,2178
10,1989
1,308
10,3551
1,236
10,3130
1,457
10,3938
4,1523
6,1407
1,241
10,3059
1,405
1,293
10,3389
10,3408
4,1041
1,233
10,3027
1,266
10,10044
1,318
10,3546
10,2955
10,2788
1,258
4,1636
1,461
1,258
10,3130
1,465
5,1167
10,3158
10,2302
1,324
10,6326
5,1698
4,1112
5,1129
6,1818
1,240
2,491
1,433
1,248
10,6905
10,4131
9,2971
10,2720
10,3567
10,2299
10,10408
1,303
2,726
10,2094
10,2517
1,466
10,2478
1,366
1,469
10,3305
1,346
10,2221
10,3058
10,3119
10,3630
4,1551
1,265
10,2216
1,248
10,2175
1,338
10,2923
1,516
1,303
10,3219
1,408
6,1372
10,2755
10,3429
10,3023
2,626
1,289
10,2093
6,2361
4,1201
10,2998
10,2686
1,524
1,290
10,3852
1,604
1,489
10,3651
10,3095
10,3793
10,2329
1,303
1,338
10,3587
10,2437
1,288
1,339
7,2256
1,238
10,3159
10,2313
1,298
10,3383
10,3466
10,2363
10,2236
1,247
10,2068
6,1294
10,2554
1,292
10,2048
1,304
1,269
10,2730
1,374
1,261
7,2962
10,3234
10,5000
6,1465
1,267
6,1181
5,1162
1,438
1,359
6,1458
10,3426
10,3211
10,3515
1,343
1,233
10,3584
10,3049
6,1966
10,2287
10,3337
10,2269
9,2877
1,510
1,274
4,1337
1,373
10,4020
10,2314
1,288
1,252
10,3444
10,2139
10,3419
10,2391
10,2023
10,2355
4,959
1,461
10,2994
10,3331
1,281
10,3664
10,3419
10,2844
1,274
10,2971
10,5221
10,2441
10,2964
10,2387
10,3877
2,615
10,3486
10,2673
9,2729
10,2435
10,3452
2,836
1,322
1,249
5,1683
1,392
5,1670
10,3138
4,891
9,2727
1,384
3,850
10,2345
6,1500
10,2592
10,3053
1,440
1,392
1,261
3,787
1,252
4,1047
1,352
6,2059
1,469
1,300
1,381
10,3216
1,501
10,2097
10,10362
1,252
1,387
1,318
5,1325
6,2147
10,3188
1,236
10,3367
1,374
1,248
1,392
10,15342
1,312
10,3415
7,2348
1,296
10,3969
1,260
10,2708
1,443
10,3093
1,250
10,2383
1,235
1,242
1,628
7,2083
1,302
2,873
10,3259
1,245
10,3332
10,2196
10,2500
1,398
5,1189
1,236
10,2722
1,292
1,235
1,554
10,2767
1,463
10,2415
10,3669
1,328
7,2248
10,2340
1,421
1,397
10,3218
1,237
10,2960
1,518
1,350
10,3729
10,2292
1,273
8,2705
3,797
1,232
2,784
10,2743
1,293
1,405
1,546
1,231
10,2256
1,449
1,261
1,387
3,1238
1,231
10,2884
10,2368
1,241
10,3701
10,3258
1,260
1,438
1,606
1,323
10,2790
1,402
10,3099
1,512
10,2756
1,246
10,2599
10,2219
1,298
10,3000
10,16578
1,261
1,431
1,257
1,263
4,1648
1,497
1,234
1,398
10,2980
1,269
3,3615
10,3212
1,243
3,1297
10,3692
1,296
10,2544
1,274
1,251
10,3245
1,261
1,241
10,7048
10,2321
1,236
10,3172
10,2238
1,240
9,2484
7,2487
1,250
1,514
1,261
1,240
2,902
1,262
1,331
10,7280
10,3542
1,233
10,2381
1,379
10,3313
8,1726
10,3556
1,370
1,301
1,228
10,3813
8,1982
10,2444
8,9546
6,2109
1,394
10,3422
10,2019
1,249
9,3040
10,2305
10,3773
1,645
4,1142
1,252
10,2567
10,2958
10,3195
10,3202
7,2085
1,267
10,2249
1,225
1,292
10,3358
1,478
5,1126
1,493
10,3110
1,237
10,3200
10,2052
10,2432
10,3139
10,2191
1,241
10,2838
1,296
1,275
8,2709
10,2487
3,688
1,533
10,2258
1,267
10,3102
1,562
10,3176
10,8517
10,3232
1,233
10,3097
1,247
1,271
10,2880
2,929
10,3143
2,620
10,2301
1,419
10,3290
1,587
10,3229
10,7370
4,1089
1,402
10,3181
1,384
1,239
10,3083
2,753
5,1158
10,2681
10,3547
2,673
10,3230
1,353
10,2665
10,3826
10,2364
1,245
10,3321
1,344
1,272
10,3305
8,2581
10,3272
10,2258
10,2352
10,3926
10,3042
1,558
6,2067
6,2077
10,3522
1,251
6,1860
1,346
1,251
3,892
8,3427
10,3114
10,2314
10,2482
10,3524
7,2412
7,2386
10,3327
10,3652
10,3799
1,265
10,3062
1,345
1,233
2,834
10,6505
1,592
10,3300
9,3540
10,7905
10,3383
2,632
10,9001
5,1969
10,2871
1,259
10,2961
1,521
1,227
1,494
1,585
1,279
10,2787
10,3390
8,2214
10,4217
1,331
4,1120
10,3263
1,448
1,348
10,3438
1,278
10,3678
10,3369
1,587
1,270
10,3279
10,3994
10,4373
3,743
1,349
10,3250
4,1372
1,329
10,2331
4,1063
2,659
10,3181
10,2118
10,17890
1,281
7,2588
10,3696
10,3504
10,2652
1,471
10,3470
10,3303
1,353
2,822
10,3927
1,420
10,3215
7,1835
10,3808
1,238
8,2662
10,4816
7,2426
10,3025
1,253
10,3419
5,1249
1,255
9,2394
10,3244
7,2976
10,3155
8,2098
10,7227
1,248
10,2467
1,473
2,612
10,2509
1,374
10,2291
10,2217
10,2218
8,2182
10,2636
10,2513
10,3453
10,3552
1,447
1,244
10,3602
1,443
10,2668
10,2985
10,2457
1,542
4,1305
1,245
10,2575
1,350
10,2340
10,7318
10,3407
8,2839
1,241
9,1956
1,344
10,2261
1,470
1,617
1,425
1,385
1,369
10,3129
1,246
8,2110
7,1768
1,443
6,6282
1,234
3,873
1,477
9,2563
1,247
6,2112
1,306
1,441
1,596
10,2177
1,327
10,2239
10,3574
2,894
1,708
1,228
3,739
7,1994
3,692
1,465
3,1131
1,268
1,401
10,2982
7,2564
1,248
10,3974
2,875
8,3018
1,772
10,2495
1,376
1,645
3,1088
1,379
3,1060
1,555
1,312
3,1028
2,776
1,270
2,1002
10,3704
9,3675
1,521
4,1429
10,2404
1,297
8,1872
1,400
8,2053
1,1302
1,587
1,402
1,361
1,262
2,1421
3,992
1,606
1,601
10,2477
7,2029
2,498
10,2272
1,296
10,2190
2,667
1,433
1,273
10,2275
1,337
8,2543
3,1145
1,609
3,1463
10,3113
1,365
1,698
1,257
1,251
10,2043
1,283
4,951
1,465
10,2378
1,329
8,2688
8,1935
1,494
3,971
10,3577
1,364
1,540
2,635
1,276
7,1728
1,340
1,289
10,3591
3,1047
1,276
1,586
10,2062
1,486
1,359
10,3287
1,437
1,319
8,2483
1,463
10,3197
1,392
1,272
10,2533
3,753
1,419
10,3460
10,2249
1,485
1,480
6,1547
1,393
1,416
9,3152
1,521
10,3197
1,414
1,285
10,3187
8,2142
2,1058
2,743
7,1629
10,2846
1,592
7,1574
1,378
1,414
7,2063
10,2505
10,3634
10,3247
10,2649
7,1992
10,2223
9,2934
10,3216
1,373
10,11455
4,1848
2,967
1,410
10,2938
1,532
10,3869
2,647
10,2449
1,338
7,1665
10,3118
10,4410
9,11085
2,642
10,3612
4,1476
10,2766
1,397
3,1243
1,650
9,2954
10,3988
9,2947
6,2274
10,2914
7,3694
8,2644
4,4979
9,2100
1,478
2,1320
10,3197
1,494
3,1027
1,634
10,3526
10,3175
8,2450
10,3392
10,3121
2,797
10,3355
10,5490
8,3249
6,1990
4,11002
9,2082
1,577
8,2179
1,718
10,3472
8,2726
10,3572
10,2892
3,1548
2,717
10,3241
10,3138
1,1522
10,3224
4,5450
3,1036
1,469
10,2794
1,651
10,2921
1,532
10,3062
10,3087
3,1023
8,2568
10,3110
1,3531
1,483
9,11211
2,730
3,988
2,950
7,2541
1,712
10,3542
1,666
7,2091
10,3464
10,2381
8,2490
7,2421
1,526
1,386
1,447
7,6009
8,2336
2,842
10,7699
1,532
7,2365
4,1678
2,1326
6,1574
7,2987
1,381
2,635
1,493
1,426
8,2499
2,1057
1,374
8,3052
10,3271
1,483
2,704
1,417
1,462
7,2471
10,3553
1,550
1,435
1,507
1,388
1,325
8,3014
7,2440
8,2754
3,1010
1,711
1,328
1,552
10,2478
2,613
1,500
1,338
10,2728
1,376
1,337
1,495
7,4415
10,4033
10,3372
6,2251
1,502
10,2595
1,442
10,2658
10,2422
2,749
1,715
10,2530
8,9153
1,274
3,1063
6,2340
1,582
10,3204
10,15424
1,701
10,2483
3,1383
3,825
9,2013
9,2553
1,427
10,3209
8,2501
1,579
1,435
5,3654
1,382
10,3464
10,3581
6,1979
3,675
3,1070
8,1897
10,2402
8,2743
1,433
3,861
3,945
1,410
1,488
6,2280
1,627
10,3168
10,3278
1,568
3,940
1,471
3,814
3,1242
10,4108
1,690
3,710
1,384
1,364
1,593
2,919
1,319
8,2646
8,2807
10,10692
8,2097
8,3411
10,3168
3,1367
1,562
1,577
8,1796
3,952
10,3272
4,1395
2,1014
1,372
6,1948
1,608
10,14573
10,2468
1,550
10,2078
8,2367
10,3277
1,699
10,3394
1,437
10,3948
7,2360
1,677
1,484
4,1343
1,498
9,21852
10,2632
1,489
7,2358
1,441
2,1175
1,591
7,2591
1,501
10,11745
4,1429
4,1586
1,565
3,1035
1,440
10,12964
7,1653
1,643
10,2397
7,1846
1,512
10,3366
2,575
1,355
6,2015
5,1880
10,3773
1,707
3,999
1,532
10,2723
1,421
1,570
10,3040
4,1708
10,4399
1,433
3,1322
1,573
10,3731
4,1380
1,864
1,709
2,1136
3,1142
4,1254
10,3426
4,1507
1,560
1,670
1,373
10,3436
7,2465
1,638
8,4744
4,1401
10,3772
1,520
6,2391
7,2485
3,1086
1,331
1,692
1,656
1,662
10,3388
9,3132
8,2752
4,1479
3,1353
7,2326
1,776
2,969
1,541
1,349
3,973
10,3078
5,1836
1,589
10,3497
10,3560
10,3329
1,477
4,1513
3,1398
2,803
10,4259
3,1113
2,1546
1,491
2,838
1,327
2,1064
1,1081
5,1672
1,11402
8,2760
1,457
5,2123
4,1753
8,2849
1,650
7,2584
4,1591
1,499
1,523
10,14894
7,2832
1,500
1,354
8,3669
6,2215
1,354
4,1368
4,20858
6,2036
5,1919
8,2910
4,1334
1,563
4,1829
6,1923
2,737
1,360
1,496
1,376
3,1155
1,266
3,1098
1,585
2,996
9,3209
10,3730
3,973
1,454
4,1559
1,459
5,1684
1,550
2,854
1,564
3,1228
1,324
7,2950
2,1008
5,2162
1,584
5,1968
2,835
1,452
7,2389
10,3240
2,536
1,774
6,1931
1,508
4,1355
1,623
2,680
7,3052
6,2188
1,544
10,3404
7,2900
10,4434
4,13287
10,5157
6,1961
1,584
2,986
3,1038
1,528
1,322
8,3293
3,2765
2,1002
9,3203
6,2094
8,3311
4,1407
2,870
1,314
7,2464
1,447
1,433
1,451
4,1577
1,614
5,1823
4,1879
2,811
1,760
10,31821
8,2966
1,383
8,3305
8,8418
5,1801
8,2664
8,2712
1,416
4,1399
1,583
6,2177
5,2800
4,6983
1,553
5,1752
7,2545
4,2421
8,2791
3,4581
5,1872
1,533
8,2707
8,3071
4,1298
1,316
5,1763
2,1124
1,656
1,1093
8,12478
5,1954
4,1403
7,2859
1,451
5,1941
10,3516
10,3520
3,1175
2,941
1,677
2,632
8,2926
1,509
1,705
3,1276
7,2927
2,768
6,1991
3,854
4,1613
10,5393
1,571
1,368
2,806
10,6405
2,885
6,2352
1,559
1,707
3,1262
2,1140
5,2491
6,2405
1,474
2,595
9,2837
10,4395
1,482
7,2349
10,13536
4,1525
5,1889
1,601
6,2069
3,1286
2,6476
2,1031
5,2234
10,7709
1,571
10,3198
1,390
4,1763
4,1710
9,10452
1,634
7,13630
1,487
1,313
4,1607
2,802
6,2583
2,982
4,922
10,3346
10,3287
8,2638
5,2046
8,2866
10,3565
1,497
5,4440
10,3860
4,2822
4,1612
1,468
7,2331
2,1674
1,251
10,3992
3,969
6,1989
2,817
6,2570
6,2400
9,2895
7,2705
1,413
4,6218
1,358
1,461
5,1630
2,940
4,918
5,1774
3,936
1,401
4,1769
5,1736
8,2876
10,3374
2,816
9,3271
2,1448
4,1318
1,543
5,2058
4,1757
5,4549
9,3258
2,759
5,3659
2,1192
7,2749
1,559
9,2474
2,877
10,4158
1,842
2,941
1,395
2,833
1,488
7,1502
10,3495
4,1424
1,506
7,2527
6,1891
5,1945
5,1583
1,600
10,3849
5,2171
7,2636
1,366
10,3213
1,456
2,413
3,1186
4,1411
1,597
8,3096
6,1795
3,1211
5,1292
2,853
1,415
6,2131
2,812
1,388
10,3574
1,669
2,422
9,4023
1,446
3,1111
7,2585
2,624
3,1224
10,4547
1,717
5,1783
5,1946
7,2587
1,415
2,820
1,1005
1,213
5,1772
5,1761
8,2642
5,1871
2,690
4,1608
1,432
1,432
9,9658
6,2242
10,3350
1,361
4,1569
1,560
1,428
1,437
7,2398
3,1009
5,2515
2,921
1,498
3,1078
1,506
1,597
4,1498
5,6943
4,1334
10,4493
1,9082
8,1637
1,1017
2,639
4,1417
6,2327
1,560
4,2331
1,334
1,626
1,538
3,1250
6,7268
1,512
10,3546
1,915
1,323
1,560
8,2573
1,512
2,869
1,710
5,1984
9,3040
1,520
1,540
3,1214
8,8633
1,540
4,1494
1,661
7,2463
1,460
10,3663
4,1322
2,827
1,663
4,1362
1,716
1,526
1,519
5,1851
7,12841
10,3405
5,5099
1,655
6,4755
1,480
6,2119
4,1310
2,985
1,889
2,676
1,544
1,621
4,1538
4,1612
2,1441
10,3242
9,3108
10,3605
5,1929
4,2629
7,2304
2,779
1,668
1,572
7,2626
3,984
1,594
1,441
6,3063
2,802
4,5595
10,6398
9,4385
5,1302
4,1336
2,788
4,1166
4,1467
4,1511
2,824
4,3479
1,489
6,2003
10,3788
1,635
9,3512
10,16998
6,2421
2,1022
2,868
5,1648
2,579
9,3110
1,409
8,2716
1,2393
4,8891
2,785
1,517
2,866
10,3076
1,529
1,354
2,851
1,341
5,5852
7,2469
1,642
10,3304
5,1902
2,906
1,548
1,2088
7,2765
1,415
6,1983
1,500
9,3270
1,696
1,470
2,615
2,623
1,518
1,388
7,2330
1,5134
10,3687
6,2294
4,1464
1,474
3,1086
1,501
10,3348
1,517
6,1822
2,844
6,2036
10,3603
1,646
10,9049
5,1903
9,16804
5,4431
3,928
1,436
4,1322
1,531
9,3624
1,660
1,468
4,1458
7,2355
10,3582
1,638
5,1805
6,2653
10,18535
7,2689
1,477
1,586
4,1551
6,2117
1,424
1,572
5,1542
1,514
5,2086
1,428
1,652
2,3177
1,543
5,13293
4,4427
10,3581
1,399
1,530
6,8742
1,622
10,4131
1,523
1,534
2,900
1,507
1,640
2,980
1,487
9,16558
6,5560
2,663
1,500
6,9686
1,368
4,1543
10,3658
1,571
1,548
6,1827
1,630
9,3129
2,996
1,503
4,1694
3,5944
3,838
1,1690
3,1233
1,612
1,434
1,568
1,476
1,326
2,827
1,535
5,1886
1,660
5,1628
6,2006
8,3372
1,527
1,1734
4,1320
4,1721
4,1513
5,2186
6,1875
1,554
4,1476
3,1792
10,3911
1,621
1,460
1,372
3,1536
1,652
1,621
5,1738
1,403
4,1512
10,6638
1,436
5,1687
6,2044
5,2200
10,31443
1,513
1,592
2,829
4,3261
7,1967
4,1891
2,803
1,2615
3,1197
9,2663
5,1708
1,467
1,577
9,4094
4,1635
4,1444
7,3103
1,382
5,3689
1,302
9,3239
5,1897
2,1080
5,1666
1,10625
6,1910
1,527
1,773
1,414
6,2183
1,451
1,449
4,1267
9,2842
1,431
1,675
4,1920
1,509
6,1955
10,25051
8,2588
1,462
1,655
10,12384
4,1523
1,783
6,3206
5,1834
3,966
1,569
4,1453
3,1368
1,594
6,2359
1,527
3,4127
10,4229
1,803
1,421
2,703
1,459
3,1259
6,2076
7,2305
9,2975
10,6146
6,1817
1,601
5,1851
1,440
6,1931
1,336
1,846
1,488
6,4377
1,518
3,1127
5,1787
1,595
1,415
1,519
5,1755
1,579
3,1028
1,506
1,565
9,7382
4,4915
1,532
5,1547
1,525
8,9904
6,2234
1,728
1,320
5,2390
7,2425
5,1951
9,3327
6,2112
4,1451
1,387
10,10052
4,1494
5,1424
1,675
1,481
3,1389
3,1091
1,433
9,3360
9,2833
6,2278
5,1871
1,491
7,2085
1,392
1,649
1,543
6,2115
1,446
9,3376
3,1639
2,652
1,471
6,2078
1,535
5,1781
7,2557
1,657
1,343
10,3030
1,586
1,420
3,1162
1,550
5,3751
4,2320
2,622
1,325
6,3128
7,2332
4,1523
4,1380
4,1572
1,460
2,614
4,1492
6,1816
4,1421
9,3232
7,2363
8,11635
1,277
10,3193
4,2015
1,714
3,1081
7,2460
4,1824
4,1497
9,2641
5,1721
4,5177
6,1998
10,3633
1,466
5,1749
1,254
8,3086
4,1433
7,2927
8,3251
1,615
2,769
3,1001
10,5151
1,690
2,725
3,4750
1,614
1,612
10,5309
1,351
10,3347
2,914
1,615
5,1887
7,2063
1,729
1,518
4,1372
1,507
5,1951
10,4654
10,3309
3,1072
4,1263
1,320
7,2565
3,1249
3,1378
6,3164
1,409
6,2197
3,807
4,1320
1,473
5,2025
5,1727
5,2441
2,964
1,514
1,267
10,3157
5,1810
1,481
4,1250
3,1056
6,2481
2,621
1,337
9,9925
8,2847
4,4522
9,11277
2,753
7,1901
1,241
1,510
6,2905
1,362
7,2654
1,560
4,1357
3,1050
1,454
1,429
3,1149
1,387
3,1317
3,1319
7,1568
1,297
10,4061
5,2209
1,332
1,400
1,431
5,1675
8,1771
3,1011
9,3140
6,2182
4,1469
8,4105
3,1066
1,406
1,250
10,2581
4,1549
1,637
1,459
1,377
8,2942
9,2971
5,1702
6,1989
3,1222
7,2432
4,1673
7,1735
1,540
1,267
1,589
2,924
1,484
4,1117
1,338
6,2413
7,2506
6,2032
6,2289
1,735
7,1687
6,2030
8,2541
1,937
1,309
5,1203
6,2056
1,427
3,1174
1,532
3,1432
10,2864
5,1810
2,947
5,2005
3,1272
4,1491
1,371
1,712
7,2100
9,2120
3,1467
1,259
3,1176
1,464
4,1660
10,3149
6,2004
4,6062
9,2810
3,1102
1,355
8,2289
1,600
8,1919
10,2936
5,2133
1,238
2,837
1,308
9,3302
10,2731
8,2652
1,463
1,629
1,601
2,956
10,8080
3,1693
10,3220
5,1291
4,1394
1,262
2,872
1,319
4,1968
2,670
5,1871
2,936
7,2292
1,646
5,1920
10,3329
1,807
10,3411
9,2158
9,2863
1,371
7,2420
1,385
7,2508
8,3584
9,3356
9,3942
7,2062
1,896
7,2417
1,801
1,736
8,2706
3,966
7,7546
3,878
10,2392
1,518
1,829
7,8403
6,6863
6,2069
1,498
1,429
5,2069
7,2439
1,490
10,3596
7,1818
1,435
2,573
8,2142
3,1037
1,410
1,506
4,982
5,4576
1,696
1,547
1,352
10,3373
1,760
10,2969
7,1812
7,2662
2,1076
10,3881
2,605
1,635
1,374
1,483
4,1599
3,1369
1,728
6,2222
7,3176
1,1239
1,500
6,2038
8,2745
1,468
10,4155
2,997
3,1030
1,490
7,2692
3,1132
3,1341
1,607
4,1670
1,472
1,868
10,3444
10,3460
1,612
7,1711
10,4636
10,2413
2,774
1,342
1,503
3,1139
3,1098
1,733
3,1048
8,2477
3,1616
8,2459
6,1546
1,552
10,2711
10,3796
3,1100
3,1038
1,248
4,1552
5,12527
2,831
1,724
5,1741
1,348
2,1459
10,3078
1,309
1,306
8,2054
8,2794
7,2401
1,327
1,240
1,403
5,1967
2,1005
1,452
10,4054
1,304
3,1417
8,2666
1,265
1,388
8,2975
1,501
8,2202
1,385
1,395
3,1102
8,3363
7,2166
7,2223
7,2661
1,325
8,2746
9,3071
1,512
1,571
10,2872
10,3023
8,4149
1,328
1,266
1,511
1,2508
1,432
2,642
7,2085
1,300
7,2167
1,363
1,307
1,505
10,10124
1,499
7,2252
1,263
1,318
1,276
4,1564
1,508
8,1798
1,445
1,276
10,6964
2,516
3,899
3,898
8,4832
1,440
10,6815
1,256
1,313
1,247
1,494
1,306
10,2657
3,1231
1,357
10,2658
10,2400
1,459
1,467
9,3056
1,479
10,3455
1,461
1,431
1,281
7,2039
1,261
10,3143
3,1304
1,282
7,2009
2,459
1,255
1,445
10,4130
1,267
1,333
1,263
10,2797
1,292
7,2160
1,470
10,7314
1,645
10,2726
10,6945
9,1991
1,258
1,432
10,3719
1,547
10,2922
2,498
10,2209
1,277
3,1094
1,384
10,3322
1,489
10,3261
10,2339
7,2556
1,448
1,414
2,1040
1,417
10,2576
1,224
8,2717
1,282
3,1001
1,606
1,476
1,480
8,1775
1,434
3,753
1,263
1,459
10,2872
1,495
1,555
1,251
9,2040
3,948
2,902
1,508
10,3001
1,615
2,621
10,2376
1,436
1,470
2,664
1,675
1,480
10,3438
1,260
8,1885
1,397
10,3497
7,2298
10,3413
1,462
1,353
10,3381
1,405
10,3539
2,830
8,2473
1,465
9,2922
8,2687
2,549
1,255
1,419
1,361
2,639
1,308
10,2873
8,2636
6,2024
4,1411
8,2381
10,2611
1,389
8,1662
7,2429
10,2133
1,318
1,388
1,340
10,2369
1,271
2,461
1,533
1,370
10,3657
3,905
9,2098
10,3172
9,2067
10,3122
2,601
2,595
1,406
8,2859
1,482
1,250
9,1949
9,2489
1,460
4,1544
9,2350
2,479
8,2035
9,2851
10,3833
7,1674
2,1075
3,1081
8,3009
9,2283
1,255
7,1795
8,1805
1,394
5,1576
8,2252
1,622
9,3141
2,516
10,3741
10,3638
10,3505
1,270
10,3842
8,1828
1,310
6,2176
10,2176
10,3016
10,2967
10,2412
1,266
8,1798
1,292
10,6869
6,2192
7,1783
1,300
10,3944
8,1737
2,875
10,3429
2,676
1,287
10,3435
10,6179
1,372
2,624
1,400
8,2759
3,999
8,2700
1,256
10,3700
10,2238
3,689
3,744
9,2726
1,234
5,1308
7,2408
1,359
10,2639
1,238
1,662
6,2750
10,2965
1,271
10,5059
9,2510
2,579
6,1800
2,586
1,231
2,525
1,463
1,548
2,592
1,251
10,3031
5,1478
10,3189
1,599
10,3084
2,554
8,2674
3,1162
1,340
1,235
10,2366
1,357
1,344
7,2615
1,264
10,2693
3,983
8,2228
9,2043
10,2382
7,1779
7,2006
3,805
1,236
1,227
10,2207
10,3255
1,318
3,1250
1,290
7,2213
10,3414
10,3231
1,240
8,2905
1,317
7,2382
1,758
1,224
3,750
10,3290
10,3693
1,370
10,2873
1,242
10,2480
4,1412
1,362
1,232
1,503
1,229
10,3909
1,479
1,358
10,3123
8,1934
10,3636
1,270
6,3344
1,240
9,2120
7,2600
10,3018
7,1688
8,1981
1,247
8,2885
4,1568
1,270
7,1767
6,1844
9,3311
1,255
3,884
1,255
1,281
4,1432
10,2398
10,3215
2,781
1,259
10,4200
10,2980
1,242
4,911
6,1426
10,3067
7,2113
10,2177
1,248
8,1827
5,1985
8,1932
10,3373
10,2826
1,321
10,3239
1,636
1,234
10,3753
4,1446
1,453
6,2793
10,3257
1,257
3,663
10,2808
9,2006
7,2225
9,2100
1,312
10,3411
7,2583
1,238
10,2328
6,2019
8,2181
3,1241
10,3568
7,1552
9,1937
1,449
1,378
8,1943
2,473
1,709
10,3351
4,1731
1,216
5,1399
10,3802
5,1146
10,3171
7,2211
6,2122
2,471
1,256
8,1904
8,2191
6,2448
1,346
10,3801
7,2308
1,214
10,2316
9,2679
9,2361
3,929
4,1206
3,1051
7,1789
1,240
2,595
1,566
7,1949
1,353
3,1300
1,345
7,2238
10,2407
1,409
2,730
10,2434
1,447
10,3182
1,259
1,222
10,2082
1,307
10,3635
1,350
10,3278
1,504
6,1947
10,2255
1,286
5,1106
4,1494
10,8042
6,1881
1,490
1,244
9,1913
1,315
6,1942
3,821
1,493
1,504
6,2050
5,1203
1,252
1,410
7,4094
1,400
10,2491
1,307
1,240
2,552
10,3335
4,1956
3,904
8,1798
5,1680
3,983
10,2943
1,239
1,251
5,1854
5,1351
3,996
1,380
1,232
1,366
2,654
3,2565
10,3526
9,3067
10,3495
3,755
2,647
1,264
1,245
10,3584
1,713
4,1800
1,368
1,234
1,246
10,2439
1,670
10,2245
10,2133
1,321
4,1212
10,3047
1,287
1,251
10,2985
1,488
4,1379
10,3560
1,486
1,231
9,2047
1,361
10,2856
2,577
1,312
10,2442
8,2674
4,868
1,233
10,3302
1,359
7,1812
3,4832
1,363
1,252
9,2882
1,443
7,2098
1,384
1,298
4,1458
7,1768
1,275
1,241
10,3410
1,272
5,1382
6,1614
10,2827
1,227
8,2021
1,262
10,3080
1,242
1,260
7,1885
1,374
1,237
1,350
5,1347
1,253
10,3330
1,334
10,3445
1,330
10,2344
1,264
1,412
1,254
10,3577
10,3154
1,295
1,298
1,269
10,3629
1,250
10,3435
1,372
10,2102
1,345
2,642
1,292
5,1529
1,344
10,3172
5,1361
5,1437
1,230
1,243
3,881
1,248
2,859
1,364
10,2989
1,244
7,1644
1,253
10,2412
1,348
10,2603
10,2231
1,348
10,3434
1,237
10,2472
1,292
5,1597
1,291
10,2353
1,264
1,525
1,389
4,1012
1,286
5,1729
10,2809
1,334
10,3150
6,1599
10,3300
10,2350
10,2409
1,240
10,2273
1,219
6,2249
3,962
10,2689
1,233
2,880
10,2269
6,2031
4,1258
10,2927
7,1662
10,2521
10,2755
3,760
6,1846
7,1459
1,351
1,382
2,859
1,242
10,3243
5,1175
1,430
1,946
4,1843
1,502
5,1581
10,2113
10,2047
10,3126
3,1012
1,394
1,260
5,1460
1,362
8,2127
3,1123
1,597
5,1703
6,1720
1,291
10,2406
10,2237
7,2307
6,1685
10,2718
6,1992
4,1646
9,3109
1,241
7,1659
10,3151
10,3399
1,480
10,2254
1,265
10,2555
8,2068
10,5426
6,1992
6,2232
10,2739
10,3847
10,2575
7,1723
10,3398
10,2218
1,396
10,3507
10,2920
1,258
10,2641
1,430
10,2460
9,3477
10,3197
1,323
7,2126
6,1722
10,3658
6,1906
10,2085
1,510
10,3952
10,3596
1,246
6,1523
1,243
4,1293
4,1009
3,931
1,247
10,2748
10,2655
6,1982
7,1890
7,1720
1,400
1,463
4,1231
1,241
6,1972
1,254
10,2129
4,1354
10,2324
1,256
5,1673
8,2349
3,960
5,2031
1,378
1,316
8,2811
1,396
1,259
5,6607
1,247
10,2350
4,958
7,2360
10,2060
10,2699
6,1833
10,2148
5,1061
1,366
3,836
5,1364
5,1441
1,263
10,3103
1,254
10,2491
10,2286
4,1594
1,224
10,3604
1,471
10,2966
3,952
1,319
5,1244
9,2250
10,3102
1,294
4,1082
1,242
10,2564
1,331
5,1811
1,229
10,2154
1,294
10,2580
1,410
1,323
10,3489
10,2449
10,3615
1,364
10,2087
1,696
10,2211
6,1900
10,2529
1,229
5,2244
1,321
4,1207
1,285
1,316
10,2882
2,714
5,1534
6,2063
10,2724
1,485
3,967
1,444
10,2600
1,246
3,841
1,373
5,1697
1,461
1,340
4,1399
9,2225
9,2780
6,1772
10,3358
1,377
10,2046
4,1402
10,2229
3,709
10,2431
1,341
10,2584
1,375
1,250
1,379
2,1682
10,3348
6,2305
5,1680
1,318
7,1931
1,349
5,1400
10,2997
10,3350
1,325
10,3010
1,400
1,275
10,5968
4,2021
2,646
10,3133
1,432
6,1444
7,1720
10,2827
2,592
10,4108
7,1898
1,374
10,2419
5,1830
1,345
5,2146
7,11325
10,2531
2,716
10,3236
6,2077
1,656
1,553
10,2610
4,1360
9,2483
1,580
10,2255
5,2025
1,306
10,2586
1,3498
8,1718
4,1175
4,1409
10,3406
1,420
1,246
10,4320
5,2175
6,1953
1,315
5,1655
1,309
7,2135
10,3391
8,3586
8,2793
10,2845
1,443
6,2063
1,515
1,232
8,1909
4,1453
10,2916
1,338
3,886
3,754
6,1844
10,2409
1,909
2,640
4,1281
5,1370
7,6983
3,1267
1,230
10,2329
2,636
6,2299
4,1368
1,390
10,3488
9,3114
9,2435
2,3993
1,532
8,2700
1,536
10,2839
1,511
1,505
1,409
1,332
5,1778
6,1773
10,2083
1,510
6,1599
5,1831
2,1104
1,251
10,3305
1,374
4,1205
10,3147
1,314
1,308
10,3540
1,368
10,3388
7,1590
4,2200
3,1210
1,339
3,1273
1,262
4,1277
1,612
4,1140
1,466
1,355
1,292
5,1263
1,516
10,3394
9,1943
10,2872
4,1195
10,2381
1,495
1,234
4,925
1,489
3,1093
6,1857
1,386
1,301
10,3199
1,300
4,834
1,455
1,291
1,274
9,2294
1,672
1,234
10,2687
1,288
4,1654
1,315
1,301
1,305
8,2554
1,276
10,2776
1,244
1,598
10,3037
4,1960
1,537
1,273
10,3157
1,433
5,5811
1,286
10,2928
1,260
9,2302
1,389
10,4648
1,229
4,1099
10,3077
1,794
5,1835
1,618
10,2898
1,327
2,531
1,272
10,3023
1,280
10,2538
1,370
1,451
1,260
1,380
4,5632
1,826
1,432
1,607
6,2012
1,624
10,3802
1,383
10,2232
1,338
10,2522
1,369
5,1268
1,279
10,3413
5,4121
2,1315
1,629
1,364
2,637
1,552
10,2365
1,249
9,3037
1,275
6,1719
1,270
10,2907
1,268
10,3359
1,319
1,1187
1,585
1,375
10,2745
10,2419
1,417
3,829
10,3274
1,249
1,573
1,248
6,1474
1,283
10,2234
10,2484
2,2106
1,638
6,1907
10,3297
10,2451
5,1502
7,1880
10,2166
7,1477
6,1877
4,1032
10,2548
1,287
6,1739
10,3394
1,1328
1,565
10,2970
8,2037
9,2503
10,2441
10,2193
4,1420
6,1584
7,1725
1,281
1,491
1,257
1,396
10,2437
8,3322
3,1261
7,2208
1,2053
5,1805
8,1790
10,3289
8,3801
10,3036
1,432
1,294
9,2675
1,276
10,2247
2,850
1,4620
1,564
4,1485
1,1052
10,3213
10,7317
10,5666
1,336
6,1922
10,3335
5,1233
5,2602
6,1431
9,2570
5,1655
3,6542
9,9772
10,2397
1,855
10,2667
10,2286
4,2438
1,344
10,3345
1,420
10,3210
10,3422
10,3733
4,2322
9,2320
1,493
8,3397
10,2260
1,693
4,2913
9,2139
2,5435
2,797
3,808
1,320
10,3034
4,1377
6,2527
8,3287
10,2198
1,550
2,12016
10,2812
4,2161
2,1410
1,1003
10,2470
2,733
4,993
10,3180
5,1512
10,2288
4,1421
2,931
10,2212
1,515
5,9688
3,1271
1,487
1,723
1,829
10,2100
8,2637
10,2151
1,256
4,1465
9,2924
10,2233
1,758
8,1817
5,1953
4,1632
1,575
1,609
8,3483
1,778
10,2390
3,3946
5,1771
1,352
10,2732
4,1495
10,2822
3,1473
1,842
1,420
3,88739
5,1313
1,579
2,1117
1,764
10,2301
5,1779
4,1573
1,377
10,2992
1,528
10,3023
3,1240
1,648
5,2041
1,412
10,3470
8,19874
3,1477
2,1309
8,2480
9,2954
1,362
1,253
10,2302
1,643
10,3059
3,1401
1,469
1,6339
1,318
10,3491
2,17675
5,2120
1,490
2,663
9,2886
10,2491
4,975
5,1349
1,507
5,1356
2,1289
1,878
1,750
1,272
9,3034
1,17175
5,2207
1,871
10,3122
1,483
10,3621
1,312
2,719
1,494
4,984
5,2494
1,622
8,3289
3,929
5,1288
2,17157
1,833
1,659
8,2891
5,1621
10,2255
1,299
10,2903
1,657
10,2562
1,692
1,495
2,5164
4,1547
10,2807
3,2033
2,828
4,1742
4,1513
2,917
1,364
10,2515
10,3214
5,1659
10,2394
1,662
1,589
8,3204
6,2347
1,368
5,1964
8,84898
1,675
1,550
3,1049
9,2333
10,3304
8,2562
1,2229
10,2451
1,691
1,616
3,1111
8,87480
10,2355
2,942
9,90998
1,562
1,540
2,2476
5,1334
1,518
3,2013
2,691
1,445
1,619
1,510
9,3501
6,4393
6,1387
1,434
4,1321
1,583
1,538
8,2670
10,2492
4,1420
4,2157
8,7109
2,539
1,531
1,459
8,61710
2,6681
9,2276
1,648
2,823
2,1157
1,380
2,714
10,2382
3,1271
8,4548
1,417
5,1227
7,3104
4,21010
1,52933
4,1374
4,21529
7,15093
1,90741
2,1068
1,398
1,368
9,3289
4,1056
2,1035
1,473
10,2518
2,1116
2,721
2,70070
6,2146
1,773
8,13304
1,378
8,3760
1,419
1,597
1,881
1,452
1,550
1,356
9,2142
1,808
2,673
6,53391
5,1801
1,478
2,913
5,2145
8,48012
8,3120
1,563
1,714
10,2511
1,498
2,623
8,1866
9,4043
2,700
5,54270
2,729
1,409
3,1258
8,3072
5,86749
1,379
4,1431
1,580
10,2654
1,505
1,475
1,764
8,17491
1,323
3,47578
1,459
1,388
1,433
8,2600
3,84340
1,343
1,593
1,926
9,2191
1,543
8,27198
1,827
4,2130
3,994
1,523
9,2877
1,773
3,1156
1,438
2,788
2,681
5,1765
1,807
6,1893
1,548
2,771
1,541
3,1306
5,1894
2,779
3,1107
1,807
2,674
3,1800
2,639
2,950
1,549
4,2522
9,2321
2,1024
2,644
1,509
1,420
3,1239
4,1646
2,848
1,582
1,389
3,923
1,379
1,343
1,554
1,655
10,2314
1,1657
8,2417
1,625
8,3698
8,2595
1,398
6,2455
1,612
6,2031
2,2191
8,2275
1,480
1,516
1,573
10,2407
4,3433
9,34250
1,719
8,8042
5,2152
2,739
8,14273
1,675
5,1822
1,1543
2,791
3,1041
1,548
1,578
4,2562
3,2954
4,1219
1,2949
1,52401
8,2882
4,1411
1,528
3,1508
8,75118
6,2343
5,1516
1,314
1,443
1,513
1,1073
1,2787
1,27472
1,660
5,52958
4,1554
5,2166
10,3288
1,776
10,4775
6,2873
3,915
5,1642
1,571
2,845
10,4413
1,87649
5,58251
1,587
6,53251
2,4237
6,2311
4,1499
8,5247
8,72917
9,2662
3,798
5,1610
3,1117
1,506
2,2857
5,90456
3,751
1,565
1,49924
9,9871
1,550
1,361
1,885
5,4127
1,608
3,827
8,2641
6,2068
8,6234
5,4944
8,74244
1,373
4,1871
3,30175
5,5729
2,684
1,397
5,10521
5,87650
1,495
5,1445
2,702
6,2131
1,416
1,4059
3,1052
8,2076
8,11011
1,449
1,458
9,2886
3,948
2,8531
4,12205
9,2927
8,5326
8,3530
1,550
9,3847
2,1146
8,68813
2,28808
1,574
2,748
8,22730
2,1018
4,1444
3,4655
4,1456
1,355
5,1895
2,622
4,1513
3,1420
5,1561
2,2238
1,493
2,1024
4,930
3,1228
5,1869
3,1070
5,2216
3,1032
4,1402
6,2204
9,8441
5,1703
5,2068
5,1293
1,2169
2,744
3,1224
1,401
2,1010
3,1150
1,387
5,2229
6,2137
1,323
1,470
3,1213
2,4648
5,2070
1,399
4,1436
6,3341
5,70249
1,3658
6,1981
1,494
1,397
2,1103
1,440
1,396
10,10642
4,1402
9,4311
2,1439
6,1891
1,2133
4,1810
5,66654
4,1474
4,4526
8,2633
1,407
9,5065
9,3823
1,433
4,1509
5,1873
2,729
8,99135
5,1743
2,1754
8,3539
3,908
6,2137
6,2530
1,374
1,471
2,1167
2,725
1,512
7,2601
1,555
5,1948
5,1999
9,3554
3,1172
6,4644
5,67486
1,368
4,1531
1,374
2,956
5,2433
1,513
5,16087
1,496
3,1153
3,1131
3,2962
1,327
1,486
1,526
2,666
9,3078
1,36234
1,408
1,560
4,2166
2,1075
2,844
9,2915
9,3634
1,504
2,686
1,360
9,4010
5,1935
9,3123
1,348
6,2105
1,364
1,6143
8,3831
1,3147
1,347
5,12236
6,2173
8,2705
1,464
5,1755
5,2204
6,1918
3,1006
5,23445
5,1716
1,406
1,618
5,59675
1,494
5,1791
2,631
6,2414
2,930
3,926
5,1865
6,1980
9,3681
1,305
1,457
1,375
1,330
2,866
4,23184
1,383
2,484
3,1243
1,610
9,2925
5,1540
1,341
8,5089
2,856
4,1571
1,332
1,519
6,3312
9,3630
3,21958
9,3141
3,1231
1,463
1,649
1,405
1,279
8,2528
4,1358
1,359
6,7654
9,2832
9,3019
9,2891
6,1951
2,678
1,534
1,599
1,616
4,1510
1,421
1,283
2,994
1,396
2,739
8,11200
9,3195
1,342
1,322
1,283
1,313
1,383
2,1664
2,835
5,1740
6,3251
8,2368
1,581
6,2180
3,1212
2,759
3,79897
5,1998
1,393
1,251
6,3680
1,448
2,933
1,2633
1,427
1,337
6,2663
1,413
1,417
1,549
8,7841
1,408
2,653
1,342
1,316
1,359
1,371
1,505
1,5439
9,2899
3,1084
5,1771
9,2739
1,733
1,618
6,2392
1,348
1,7544
1,376
1,352
10,2727
9,9318
1,349
9,10359
2,2415
6,1942
4,1397
1,372
4,1668
2,774
6,2208
3,1122
1,382
3,1885
1,355
6,1924
6,18914
4,1338
1,459
5,1732
4,2464
9,2875
1,586
6,2124
1,337
1,574
1,443
1,359
1,479
3,1085
1,329
4,1318
1,341
1,459
2,584
3,1113
2,22762
1,671
2,709
1,565
9,2856
6,1779
1,375
4,1702
6,3232
5,3945
1,510
1,292
1,482
3,930
1,594
5,2132
5,1415
5,1703
1,506
5,1567
4,1392
1,350
2,664
1,305
9,6922
3,1026
9,2953
10,22456
2,805
1,438
9,2993
1,532
9,22795
1,589
1,717
3,1047
3,1158
1,468
2,2759
9,3107
3,943
1,323
1,653
1,353
1,616
2,742
2,5260
9,2999
8,26832
4,10491
6,1912
1,434
2,917
6,17761
2,607
1,393
3,985
1,410
9,3031
2,929
1,447
3,7106
1,369
1,506
1,361
1,384
1,530
1,557
5,1729
1,335
1,288
3,6834
1,318
1,629
1,441
2,760
1,399
1,363
3,1762
1,456
1,473
1,378
4,1379
5,1698
1,402
1,22464
6,7704
1,444
1,407
1,398
5,10575
4,1427
2,8796
1,627
2,612
1,382
9,5380
9,2595
4,4649
1,492
4,1347
6,2220
9,6117
1,402
1,647
3,1171
4,1298
1,1337
1,578
9,3130
1,370
2,765
2,655
7,2206
3,962
9,2944
1,700
2,930
1,429
1,390
1,382
6,2131
1,431
4,1770
1,502
1,269
1,513
6,1948
3,1145
1,459
1,361
9,2991
1,414
1,350
1,495
1,466
1,397
1,329
1,356
1,375
1,359
1,652
1,313
4,1310
1,350
6,2007
1,365
3,3706
9,3307
4,1629
1,325
3,1176
6,1826
9,3020
2,588
1,516
4,1438
5,1780
3,956
2,1312
4,1472
1,793
3,2143
1,406
1,386
9,7905
5,1772
1,316
1,340
1,352
2,1053
1,403
1,435
4,1425
3,1257
4,1802
6,1904
6,10529
1,461
9,2557
1,365
6,5972
1,294
6,3553
3,1251
4,2724
1,384
9,4271
2,697
1,406
2,2029
2,831
1,412
1,360
2,605
2,639
1,486
3,894
1,531
1,459
6,2025
3,1023
2,711
9,6139
8,2499
1,544
4,1219
2,809
6,2316
1,365
1,418
8,9539
9,18251
1,345
1,382
3,977
6,2975
5,1611
3,1045
1,371
6,2522
1,487
1,484
1,377
4,1176
4,9442
2,713
1,479
1,476
1,372
4,1724
3,7574
6,1992
3,1146
1,409
4,3418
2,956
6,1983
1,552
1,453
1,357
3,1489
3,16803
1,474
2,1013
1,660
2,733
1,341
2,1134
1,366
1,373
4,1668
4,2457
3,1078
3,1142
1,686
1,536
1,373
4,1411
1,363
9,11547
9,2972
5,1672
1,613
1,476
1,11478
1,484
1,501
1,559
1,290
1,354
2,791
4,13233
2,713
9,8322
1,342
2,699
4,1379
2,852
9,6210
1,450
1,361
6,1979
4,8606
6,2094
1,336
1,461
5,1610
9,3061
1,1456
1,410
6,2128
7,2294
4,1371
1,421
2,12152
1,514
6,1875
1,404
1,341
1,380
1,467
1,319
4,1347
1,501
4,1371
4,1343
4,1428
6,9483
4,1387
4,2583
2,8508
4,1196
1,423
1,346
1,385
1,582
9,8974
6,1901
1,623
1,532
6,1897
2,792
3,1145
6,1826
5,12455
6,17988
1,320
3,1105
2,671
1,382
1,498
6,1936
1,454
1,852
1,370
1,321
9,2953
2,825
1,335
7,2850
1,329
5,1557
1,350
5,1894
3,1000
9,9669
6,2142
6,2035
1,475
1,521
1,401
1,407
1,508
2,667
2,790
5,1929
5,1378
2,796
6,2014
9,4884
1,392
3,1008
2,714
3,1104
2,2909
1,334
4,1624
8,2831
1,1600
3,10072
1,356
5,1347
9,2973
5,2442
6,2262
4,1456
1,471
1,497
1,328
5,1781
4,1488
3,1031
1,490
1,1179
4,1474
1,466
1,33399
2,769
3,1328
1,465
1,380
2,797
2,707
1,412
6,1794
2,674
2,4745
1,512
1,425
6,2306
4,1492
4,1231
4,1322
4,1633
3,1104
1,387
4,3329
1,400
4,1480
5,1017
5,1620
3,1101
1,562
5,1759
9,2933
5,1693
3,1086
1,641
9,3170
1,6204
3,1002
1,495
6,2203
9,36570
4,968
6,1775
2,815
1,566
4,1711
2,824
1,2276
4,1260
10,3319
3,1022
2,6071
6,6084
2,790
5,1528
3,1246
4,1456
5,1904
4,1488
4,1488
9,9654
3,1061
4,1431
2,711
1,434
4,1309
2,9296
3,962
1,32664
4,1666
1,1616
6,6720
4,1332
6,2085
1,371
1,524
9,4887
3,1024
2,691
6,1872
9,3024
4,1345
1,388
4,1307
7,1833
1,459
2,638
7,2421
3,1461
6,1821
4,1641
3,1410
2,827
9,4240
4,1282
3,1071
2,638
1,460
5,2000
4,1455
6,2381
9,2991
3,1369
2,563
1,461
6,2082
3,1013
4,1580
9,2815
2,891
2,622
6,1668
1,382
7,2343
3,1065
2,846
4,1453
4,1492
1,534
6,1936
1,423
1,494
10,15503
3,1015
1,349
2,664
1,561
1,370
1,373
4,1778
1,587
3,1074
9,3526
1,483
1,504
2,795
1,470
9,8698
5,1826
6,2150
1,584
4,4403
1,375
1,538
9,3863
9,16806
2,820
2,956
2,908
5,1816
10,3240
1,392
9,12069
2,804
5,2108
4,1423
6,2871
1,379
3,1030
3,1042
4,1398
4,1562
4,1452
1,442
1,430
1,375
6,2256
2,2632
1,438
5,2047
6,1959
1,559
1,458
4,39330
2,821
9,3051
4,1331
3,1213
1,346
4,2572
4,1390
1,407
1,490
4,1361
3,1274
3,1224
1,6948
1,812
3,1171
9,12756
1,729
6,4499
2,865
6,2508
1,459
5,7574
1,366
4,1394
6,1899
9,3540
1,521
4,9174
9,4986
1,335
3,1263
6,2088
3,1100
9,3380
4,1437
9,8241
6,2139
1,354
3,1029
1,468
4,10055
2,957
6,1991
6,2848
1,491
2,516
2,903
2,857
3,1097
1,332
1,458
3,986
1,386
2,925
1,430
2,891
1,607
4,1788
2,822
6,4511
1,511
4,1444
1,437
2,924
6,2198
1,1134
4,1278
1,467
1,263
1,372
4,1438
4,1554
4,4016
4,1292
9,6408
1,383
5,2363
1,637
1,560
1,290
1,549
9,3194
2,703
1,533
3,1023
9,3188
6,2395
2,1654
1,504
4,1371
4,912
4,1339
2,908
1,574
1,427
2,1609
4,1409
1,408
2,693
1,341
2,764
7,5207
10,4534
1,444
9,5148
2,570
5,3604
1,453
1,450
9,12246
6,2274
9,2863
1,353
1,476
1,411
3,1074
5,1933
5,14418
4,1288
3,1224
6,1483
4,1672
1,542
1,591
8,6887
3,1118
3,1073
1,365
4,1510
2,805
2,887
9,5239
5,16587
2,735
4,1791
1,501
6,2071
6,2046
1,524
1,4225
5,1728
6,1963
1,502
6,2032
1,390
1,561
4,1396
9,2868
6,2361
3,1248
3,1157
3,1385
4,1987
4,1414
4,4101
5,1656
2,960
1,518
6,1912
1,342
4,1640
8,2733
3,7888
3,1221
1,501
1,598
10,4204
6,2334
6,2282
7,2322
1,335
1,490
2,1059
7,3118
1,368
6,2195
7,2235
2,787
5,2029
1,477
6,3893
2,821
5,2400
1,514
1,508
5,1600
1,483
4,1545
4,1725
1,460
3,1227
1,501
3,1272
4,1166
6,1946
1,371
3,1299
9,3925
1,527
1,495
4,1414
1,450
6,1993
9,2869
1,525
1,5341
6,2012
9,2589
5,1338
1,466
1,491
4,3020
8,3397
1,357
1,395
1,559
1,459
6,2536
8,2715
1,380
1,1689
1,397
2,785
7,2570
9,3274
1,481
9,3083
1,5057
3,1577
2,773
6,1949
1,553
4,1406
4,1289
1,378
1,470
1,304
1,471
4,1490
2,791
1,573
2,761
4,11897
1,540
1,2482
6,2388
4,1450
8,2843
1,391
2,810
2,751
1,336
6,2701
9,3119
1,335
2,676
1,463
1,1017
2,740
1,423
2,991
6,1944
7,2200
1,462
7,2328
2,28209
1,446
4,1579
2,780
5,1652
1,409
1,417
6,2020
1,539
6,1864
8,3217
1,15848
1,531
1,620
1,341
1,539
3,939
3,921
3,1443
1,572
1,629
1,354
1,497
1,447
1,299
6,5282
1,533
1,504
6,2367
6,2209
1,483
3,1007
1,299
4,1348
1,401
1,560
6,2026
1,343
1,333
3,1003
9,2124
3,1028
6,3212
1,538
6,4687
1,464
1,394
1,384
9,3169
1,465
1,551
4,1349
2,3943
1,355
1,479
9,2492
1,417
3,1196
1,1032
9,6951
5,1636
1,432
1,371
6,2238
1,584
2,706
3,1046
1,334
2,766
5,1772
4,1608
1,449
2,3885
2,707
3,969
6,1917
1,502
1,612
3,1200
1,479
4,2530
1,365
3,2385
6,1875
3,995
3,1095
1,428
9,3300
3,960
8,5507
1,387
1,409
1,437
2,1032
4,1612
1,635
1,400
1,326
4,3042
5,14004
2,591
1,414
5,1360
1,1182
4,29591
6,1922
1,396
2,921
1,589
6,7829
6,2248
1,390
1,573
9,3220
4,884
3,916
1,325
5,1517
1,504
1,452
9,6728
1,411
1,1020
4,1407
1,684
9,4001
1,414
6,12495
4,4283
9,10190
1,353
1,549
3,1171
1,510
2,790
7,2349
2,910
4,1303
3,1305
4,1624
8,2869
1,398
1,541
7,2861
7,2430
10,2552
1,1168
1,582
1,503
1,315
1,483
1,398
1,621
2,841
7,2564
7,4352
1,443
1,454
8,4474
9,7718
10,3040
2,1427
6,2200
1,417
3,1118
8,2539
1,510
1,491
1,389
1,600
1,754
2,642
1,502
1,486
2,744
8,2004
4,9723
9,3841
3,1112
4,1605
1,541
5,1282
1,481
2,843
8,3356
6,2047
1,321
5,1255
6,1914
6,2093
7,1840
4,1630
7,2463
5,1711
5,1719
4,21850
4,1182
1,396
1,637
1,535
1,457
1,428
1,795
1,1820
9,3339
3,706
6,2863
1,521
1,487
5,1596
3,1180
3,764
2,3921
6,1991
5,4236
3,1116
1,380
5,6232
2,834
8,2834
1,415
5,1764
2,845
5,1674
1,626
1,320
1,425
1,496
4,1800
1,308
5,1944
1,627
5,1915
5,1756
3,1278
1,300
5,2400
8,2164
6,3000
6,1861
2,684
6,1906
1,443
6,1942
1,394
4,1515
1,460
3,1160
5,1435
3,1136
1,236
9,2902
9,2730
1,513
9,2944
1,329
8,2404
6,2411
1,449
3,1064
3,972
1,396
9,3450
3,1045
1,343
1,253
8,2818
9,2609
1,576
6,2260
5,2259
3,3709
6,2468
1,523
1,352
6,1761
4,1445
7,2471
4,1179
2,576
1,257
1,651
3,3346
6,2572
7,2494
1,578
8,2704
6,6586
1,471
6,1798
1,510
6,1887
2,899
6,2080
10,3293
1,265
3,1185
3,952
7,2453
2,632
1,492
8,2250
4,1535
1,445
5,1685
8,2398
6,4328
7,2391
1,490
8,2286
1,317
3,995
3,1133
9,2591
8,2524
1,492
6,2326
8,6931
1,558
1,4207
8,2141
9,2861
8,3200
9,3940
1,475
1,371
1,662
2,614
2,669
8,3080
3,4594
1,482
9,7447
7,2376
3,975
9,3414
4,1379
8,2400
2,654
1,354
1,651
6,3015
1,336
10,3251
9,3260
1,433
3,1165
1,556
9,5890
5,1582
2,814
7,2543
3,1386
7,2424
3,987
10,3335
5,1871
1,363
3,1032
3,1147
4,1326
9,2402
2,747
1,341
6,1849
6,1513
9,2866
2,1119
8,1861
1,299
1,568
6,1951
1,249
9,2591
3,1085
5,1548
2,973
3,1255
4,5502
1,551
9,2385
1,617
3,763
6,1900
1,311
2,668
1,428
1,256
3,895
2,471
6,2706
2,781
1,426
1,488
7,2361
3,726
3,1386
3,918
9,3329
1,428
10,2621
9,3103
1,245
3,1266
3,717
10,6335
4,1178
5,1961
8,17852
2,762
9,2609
2,640
2,686
3,1207
9,2698
3,927
7,3469
1,327
8,2399
2,642
1,363
9,2615
1,383
1,461
9,3133
2,617
6,6147
8,2686
9,2099
1,325
2,1054
3,864
1,278
10,2422
1,480
6,2280
3,995
5,1622
1,366
7,1946
2,943
5,1612
10,2937
3,751
7,2275
7,2282
8,2823
1,264
7,1956
1,269
9,2351
3,908
4,1381
6,2004
8,2790
3,1271
5,1740
4,1319
2,587
1,383
3,1092
4,1426
1,341
4,1363
1,278
6,1442
7,2349
6,2263
2,706
3,1100
1,393
3,1193
7,2007
3,705
1,371
10,2665
8,2675
1,250
10,3430
1,655
8,2648
10,3068
1,650
1,501
9,3343
10,3542
6,2130
10,3276
1,312
1,480
8,2775
3,890
1,261
10,3064
1,297
3,1444
1,378
2,588
1,469
3,1234
1,344
1,360
10,2201
1,381
1,287
10,2146
3,1065
10,3329
2,654
1,265
9,3004
10,3362
8,2160
1,380
3,960
1,319
7,2274
2,879
1,249
2,876
10,2069
9,2512
8,2781
2,790
1,258
4,1060
6,2629
9,2474
3,1305
3,1066
1,266
6,5712
10,3265
1,246
10,2778
7,1793
2,582
7,2473
10,3007
1,241
2,954
7,2669
8,3138
5,2886
2,522
1,298
2,636
1,639
1,256
1,502
10,2302
4,1107
10,2959
3,1030
1,366
9,2926
7,2323
6,1334
8,2327
4,944
1,242
8,2074
10,2934
1,253
7,5047
10,2134
6,1368
10,2973
6,1614
1,247
1,569
3,1107
3,1150
1,954
8,2164
1,245
10,2438
6,2425
1,270
3,731
10,2248
2,571
2,595
10,2413
8,2549
10,2451
10,2421
10,6654
3,1096
6,1392
1,286
4,1382
1,982
1,229
2,3554
10,2852
1,546
10,3224
1,823
10,2741
1,300
1,478
9,2692
5,1706
7,2371
1,367
3,1434
3,1016
1,356
10,3360
5,1778
1,332
3,1188
1,384
4,1546
1,353
1,414
3,786
1,370
10,3253
1,291
9,2676
1,344
1,348
10,2552
10,3113
1,237
2,685
1,425
7,2189
1,634
1,275
2,484
6,2041
1,349
1,428
3,1079
3,1018
1,542
10,2938
1,436
1,243
10,3504
1,335
10,3529
1,464
3,703
2,489
9,2614
1,342
8,2188
2,998
1,528
10,2391
10,2253
1,473
1,238
4,1488
1,620
10,3387
3,1280
1,246
1,335
2,843
10,2215
4,1258
3,1121
1,436
4,1046
8,1896
1,342
1,238
10,2662
1,387
2,682
1,431
1,339
1,298
2,684
1,341
10,2686
1,474
1,416
7,2126
10,2216
1,396
1,570
8,2048
1,413
3,893
1,501
10,2429
1,356
8,2961
1,275
10,3285
1,273
1,405
10,2542
10,3764
1,619
1,260
10,2560
1,290
6,2384
1,591
1,246
1,247
9,2664
1,334
2,899
1,227
1,372
10,2686
10,3420
1,359
1,321
6,2225
10,2993
2,701
10,3156
1,310
1,291
3,1125
1,319
6,2058
1,238
1,335
2,836
10,2473
1,515
1,349
10,2442
1,441
10,3273
1,522
1,321
1,251
9,2310
1,339
3,930
1,254
1,274
6,1919
1,416
10,2875
7,1825
10,2560
1,472
3,932
7,2352
1,512
1,242
2,822
1,239
10,2795
1,372
3,1096
3,763
1,344
1,498
8,2057
10,2074
10,2972
8,2205
1,428
1,297
1,240
3,2261
2,511
10,2640
1,334
10,3817
10,2468
5,1631
1,339
3,1030
1,388
10,3532
10,2843
1,596
10,3276
1,229
1,537
1,393
10,2482
1,249
7,1620
10,2578
1,945
1,338
4,1366
1,366
8,2057
10,2505
10,2398
10,2157
1,231
8,1899
1,375
10,2225
1,318
7,2480
10,2925
1,546
10,2344
10,3161
1,362
1,568
10,2397
7,2528
7,2282
8,2522
10,2866
10,2393
7,1795
1,340
10,3156
10,3115
1,536
1,463
2,729
1,244
10,2534
7,1834
10,2961
10,2478
10,2790
3,856
2,619
10,2150
10,2309
10,2539
8,1899
10,3889
5,1313
10,2971
1,234
9,1969
10,2508
3,1103
10,2359
10,3490
10,3151
3,1028
10,3241
10,2228
10,3234
10,2234
1,773
9,3103
10,2714
1,385
10,2617
10,2279
1,411
5,1259
3,1592
7,2821
10,2981
10,2264
4,1438
10,3350
10,2974
1,392
2,709
1,447
1,373
2,855
2,926
10,2833
1,312
7,2188
1,434
10,3515
10,2104
7,2197
6,1498
10,2132
2,730
9,2590
6,2083
1,263
6,2458
1,329
10,2420
6,1723
10,3081
1,307
10,3227
1,391
4,1404
10,3237
10,2540
10,2286
10,2114
10,3450
1,250
10,9430
1,265
10,2288
10,2771
2,690
1,244
8,2622
10,2922
10,3097
10,2674
1,473
1,771
10,1975
4,1668
1,241
10,8698
1,411
10,2415
10,2062
1,335
1,346
10,3066
1,292
3,976
9,2088
1,275
1,398
1,463
10,2458
10,2620
10,3152
1,246
9,2905
2,463
3,947
2,895
10,3235
1,275
6,1662
10,3476
1,251
1,298
8,2543
9,2677
10,3004
1,415
1,234
10,2624
5,1730
7,2160
1,406
10,2272
1,285
3,870
1,388
1,254
10,3112
10,2171
10,3181
2,915
4,1443
1,220
10,2182
10,2327
10,2936
1,370
10,3624
1,507
10,2098
4,1189
1,228
5,1253
10,2597
10,3128
10,2723
8,1829
1,225
10,2917
4,1369
9,1943
1,419
6,1793
1,256
6,1747
10,2879
1,232
1,303
10,2460
6,1577
10,3406
10,2194
1,220
1,374
9,2852
10,2029
10,4698
1,412
1,241
10,2474
1,303
1,229
8,2025
10,2148
10,2349
10,2732
1,450
1,233
1,404
8,1936
10,2290
1,330
4,1265
1,258
10,2968
1,269
1,238
10,3218
8,3019
10,2271
8,1909
1,299
1,228
1,310
1,531
10,2206
1,299
2,860
1,285
7,2377
1,279
1,227
8,2016
9,7021
1,521
9,2950
1,379
10,4041
1,381
1,596
1,395
1,358
10,3735
1,240
1,463
1,312
1,223
10,3289
1,570
1,666
4,986
1,436
7,2717
6,1912
1,334
10,2170
3,1152
10,3470
6,1865
10,2350
1,258
2,686
9,2159
1,613
1,318
10,3149
1,408
10,2641
1,369
1,413
10,2055
7,2139
1,659
10,3030
10,2296
1,340
6,1191
10,2159
1,378
1,266
1,578
1,331
8,2111
1,397
1,776
9,1951
10,2886
9,2934
10,2729
10,2391
1,280
10,2222
2,998
1,396
1,308
10,2563
1,313
10,3727
2,1889
1,1196
1,389
3,952
1,429
4,1820
9,1895
1,330
4,835
10,3615
1,385
1,295
10,3173
9,3246
3,953
10,3937
4,2831
1,245
3,1169
1,456
1,549
1,381
1,376
8,2075
10,2374
1,736
1,322
6,2033
1,850
1,464
10,3493
9,6437
1,260
10,2730
1,327
10,2502
1,729
1,595
9,3843
10,2252
10,7412
1,238
10,3413
1,473
9,2862
1,394
1,640
1,266
10,2459
1,247
9,2641
1,539
1,416
10,3166
1,247
1,605
1,244
10,3009
1,393
4,1275
1,431
1,409
1,278
7,1626
1,226
10,3278
1,376
4,1032
1,342
1,235
1,719
1,795
1,538
10,2376
9,2747
1,426
1,412
1,366
10,3365
1,246
10,3175
1,268
10,2409
10,3251
1,490
1,525
10,2273
1,266
10,2489
10,3199
1,312
1,391
1,354
7,1836
1,241
9,2040
1,234
9,2605
10,2125
1,343
1,502
6,1827
1,266
9,2707
10,2167
10,2757
10,3534
1,355
10,2480
1,386
10,2888
1,229
10,3663
1,335
1,438
10,3032
10,2947
1,336
1,479
1,507
4,1221
10,3635
1,358
10,2258
1,585
1,244
1,223
6,1331
1,235
1,541
3,1034
10,2801
1,251
2,464
10,2567
8,1924
1,577
1,351
10,2586
10,2828
10,2535
1,235
10,2451
1,250
8,2318
1,322
10,2629
1,260
10,3539
6,1944
2,715
6,1470
10,2832
5,1531
1,399
10,2157
1,239
10,2610
1,281
1,561
2,726
4,970
1,236
8,1756
10,2040
9,2310
10,3466
10,3152
2,670
8,2114
10,2476
10,2953
10,2754
1,253
10,3610
1,507
9,2462
1,340
10,3344
10,2227
8,2058
10,2348
5,1828
10,2446
9,2873
1,711
7,2425
8,2723
1,243
10,3329
9,2444
4,1246
1,311
8,2907
1,383
10,2379
6,1515
10,2882
10,5966
10,3528
1,330
10,14876
10,3467
1,223
1,573
7,3026
10,2387
1,543
4,1512
1,313
10,2250
4,1406
10,3409
1,370
9,3735
10,2394
2,1333
10,16873
1,352
4,1441
10,2555
10,2657
10,2260
9,3268
1,268
1,291
8,3210
5,1382
1,372
1,353
1,429
4,1230
9,2988
1,340
1,432
10,3185
1,361
9,3148
10,3244
4,980
8,2238
10,2871
9,2075
1,346
10,3452
1,250
10,2865
10,2710
1,329
1,421
1,650
10,2540
10,4048
10,2998
1,233
10,2643
10,4013
10,3503
1,336
10,2245
1,242
1,519
1,654
1,350
10,3002
9,2779
10,3719
4,1109
3,1159
1,259
2,520
9,3246
10,2884
1,366
10,2513
1,858
3,1203
10,2230
9,1976
10,2532
10,3191
6,1303
10,4075
2,581
1,355
10,2312
10,3649
10,3579
10,2723
10,2377
1,367
8,2137
2,691
10,2243
10,2621
10,3784
9,3042
10,4751
10,2184
1,245
1,335
4,1533
10,3092
1,265
8,2267
1,393
9,3108
1,262
10,2458
2,955
10,3832
10,3245
10,3242
6,1444
1,244
1,337
4,1303
1,529
1,473
1,1733
1,350
6,2334
1,324
10,2102
3,1106
10,3462
1,378
3,1019
1,269
1,255
10,2350
10,3586
2,604
1,382
2,964
1,704
8,2179
1,253
8,2430
6,1443
10,2703
1,437
10,3412
1,365
1,231
1,264
2,833
10,3286
1,289
10,3130
8,2210
9,2371
1,336
4,1301
10,2672
8,2865
1,267
1,275
1,301
10,2330
1,395
6,1906
10,2439
1,244
10,3337
10,5164
2,559
4,972
10,2482
5,1194
8,2027
1,251
6,2033
1,312
8,1939
1,430
1,633
8,1833
1,368
4,1124
10,3129
1,379
1,363
2,721
8,1856
9,3216
1,237
9,3258
1,449
9,2436
1,362
1,438
1,353
5,1307
10,2859
2,767
10,2578
1,253
4,1262
7,2639
9,3013
1,234
2,880
1,264
10,2827
1,336
1,370
1,293
8,1952
9,2924
4,1235
2,679
1,611
6,1633
10,2678
1,633
1,239
1,322
1,288
10,3186
8,2071
6,2293
1,396
4,1418
10,2985
10,2983
10,3441
1,326
9,2207
5,1736
1,453
1,391
7,2663
1,327
6,2000
4,1383
1,785
1,324
9,2895
1,340
9,3057
10,3210
1,283
6,1350
2,711
1,312
1,333
1,431
1,313
10,5272
1,426
1,465
1,270
10,2173
1,422
8,2661
8,1697
1,357
8,1703
10,3124
1,281
1,336
10,3143
1,431
2,772
10,9576
1,351
1,263
9,2391
1,437
10,3522
1,349
1,590
6,1588
10,2288
1,359
1,341
9,5351
1,386
3,1043
1,354
2,565
1,261
10,2225
1,607
6,1939
1,230
2,571
10,3293
8,2559
1,357
9,2183
8,8988
9,3120
1,290
1,406
9,2196
1,292
1,492
1,423
1,309
1,247
6,2127
1,303
1,522
1,332
8,3089
10,3585
7,1634
9,2448
9,9438
1,278
1,294
6,1603
1,445
10,3520
1,227
10,3652
4,1505
1,386
1,363
1,407
10,2270
7,2402
2,536
10,3267
1,311
1,233
10,2188
1,650
10,3582
1,240
9,2965
2,653
8,2243
1,417
10,2402
1,519
7,2346
7,2412
2,1079
1,322
10,2547
10,2195
1,406
2,917
1,343
8,2551
10,3350
1,247
10,2641
10,2778
1,427
1,450
10,3588
1,574
1,265
10,2673
10,2362
10,3272
10,3573
1,234
10,3220
1,522
1,233
1,351
10,2640
1,418
2,847
10,3126
6,2014
1,244
9,2752
8,1935
1,585
10,3232
1,333
10,3314
1,436
1,234
2,578
1,446
1,449
10,3560
1,606
2,757
10,2138
10,3236
4,1734
1,380
1,500
1,318
8,2929
1,336
1,321
2,925
2,680
1,292
3,1214
10,3490
9,2467
10,3132
10,3365
10,2789
3,1359
8,2933
1,256
9,3323
1,247
1,359
10,3092
9,2316
1,269
3,705
8,2888
5,1269
1,570
10,3115
10,3258
6,1599
1,333
10,2442
10,2567
1,337
9,3186
4,1223
1,352
1,254
8,2737
10,3642
8,1849
10,3566
8,13209
1,535
9,2932
1,275
9,3165
10,2986
1,393
1,641
1,365
2,607
1,234
8,2216
10,2990
10,4367
8,2853
1,482
1,274
1,466
1,540
10,2444
10,3059
1,267
1,269
1,244
7,1502
1,241
9,2914
1,531
10,5010
10,3749
1,371
1,456
8,2843
1,566
4,5029
2,624
1,331
1,274
2,604
9,2570
1,409
10,3463
1,260
10,3258
3,12915
2,495
1,455
7,2287
1,347
2,1150
10,2507
1,951
10,2067
10,3333
10,2437
8,1964
5,1542
1,263
8,6991
8,7430
9,2416
10,3731
1,603
1,367
10,3124
1,382
1,590
10,2103
6,1526
10,2582
9,2685
9,2356
1,255
1,3808
4,1057
9,1948
1,284
10,3532
1,281
1,413
1,436
10,3473
8,2546
10,2470
1,443
9,2621
10,2608
1,239
10,2923
9,2535
8,2273
1,498
9,3175
1,296
4,1401
1,581
10,3607
2,616
10,2145
10,3154
10,2393
2,805
1,255
2,741
9,2015
10,3357
1,499
2,624
1,680
6,2102
1,479
8,2022
10,2354
8,2391
9,3033
8,1766
4,1483
1,249
5,1448
10,2993
10,3481
1,482
10,3778
2,981
8,2919
10,3040
9,2309
2,503
10,3978
8,2582
10,2925
1,508
1,322
10,3227
8,2517
2,786
1,342
10,3497
9,2217
9,3787
1,424
8,2108
1,451
10,3411
3,1123
2,746
10,2325
7,1573
8,2191
7,1629
1,4107
1,256
9,2225
1,584
5,1269
4,1127
10,2769
4,1287
7,2231
10,2616
1,379
1,894
1,260
1,275
10,2992
10,3133
4,1702
1,690
10,3695
1,386
1,367
2,787
2,965
8,2653
10,3354
4,1650
1,274
1,234
1,289
2,687
2,784
2,532
8,2778
10,2992
6,2536
1,258
1,394
10,2917
3,956
1,825
10,3537
1,450
9,2337
1,347
1,470
10,3404
6,1356
1,519
1,522
2,713
1,368
4,1235
8,1854
3,922
1,647
1,415
5,1459
8,2538
8,2381
6,1987
8,2830
2,848
5,1306
4,1508
1,425
1,266
2,612
10,2245
9,10891
1,717
2,623
1,361
9,2149
1,342
1,392
1,521
9,2096
10,2766
9,3129
10,2640
1,505
10,3006
6,1464
1,421
1,472
10,3615
1,297
9,2532
1,326
1,596
1,666
10,2399
1,433
10,3397
5,1775
1,324
10,2789
10,3191
1,399
1,308
4,2558
1,329
10,3279
1,383
1,1549
1,367
6,1445
10,2612
10,2327
9,2913
1,523
10,2547
2,818
1,425
1,341
1,369
1,261
3,1176
1,248
2,709
1,328
10,2494
1,290
10,2608
10,2949
4,889
6,1353
10,2884
10,3038
1,1887
6,1429
1,286
1,394
1,236
1,230
1,249
8,2740
9,2433
6,1408
8,1838
6,1558
10,2543
10,2600
1,383
1,661
10,3271
1,288
2,486
1,395
1,344
1,244
1,428
1,243
10,3039
1,519
10,3370
10,2926
9,4200
1,433
1,519
6,2352
1,494
1,373
9,2308
1,690
1,251
10,3338
1,286
10,3664
1,363
9,2064
10,3521
8,2551
2,622
1,479
9,2863
1,309
1,359
1,378
1,424
1,328
10,3376
1,274
10,3762
1,347
6,1380
10,3229
1,485
1,332
9,2430
10,3719
10,5899
4,1458
10,2238
4,1269
1,274
10,3689
1,260
10,3108
1,320
10,3530
10,2275
7,2188
7,2216
8,2733
10,3766
10,2337
10,2547
9,2781
10,3363
1,254
10,3858
1,253
1,595
1,380
10,2692
10,3413
4,1222
1,497
9,2233
1,512
10,2619
4,977
8,2473
1,432
8,2709
8,2181
1,261
1,542
1,389
9,3130
1,371
1,5110
1,618
1,551
1,516
6,1732
6,1460
2,798
1,271
10,2971
8,1885
1,278
9,3385
1,362
4,1573
1,263
10,3188
1,398
10,2689
1,449
4,1707
10,2675
10,2707
1,254
8,2344
5,2175
1,340
1,547
1,499
7,2285
1,304
1,464
1,348
2,761
1,446
10,2375
10,2220
2,790
1,245
9,2735
9,3513
2,546
1,554
1,557
10,3326
1,373
2,724
1,1232
10,3072
1,277
6,2217
10,3210
1,478
10,2346
9,2949
10,3443
10,2203
1,408
1,368
1,552
1,323
1,336
1,376
10,2938
1,368
9,3329
6,1363
1,413
10,2647
10,6944
10,3208
4,1127
1,451
8,2575
1,549
1,265
1,394
1,400
2,746
1,401
3,1360
10,3442
2,776
6,1613
2,845
1,329
5,1270
1,378
9,2543
1,530
1,332
1,482
1,528
1,444
1,568
6,2131
10,3754
4,1353
10,2237
2,483
1,335
10,2375
1,393
10,3618
1,915
1,1493
3,1125
4,4588
10,2676
1,651
10,3423
1,678
10,3040
10,4512
2,649
1,262
1,470
1,610
5,1244
3,960
1,464
1,442
2,1109
1,300
1,459
1,536
1,575
9,1942
4,1565
1,500
1,282
10,3515
1,401
4,1125
1,483
1,396
1,402
6,2405
4,1049
9,3181
2,819
1,485
10,3076
8,2716
1,533
1,239
6,1577
1,536
10,3217
1,483
10,3375
6,5107
5,1748
10,3060
9,18742
7,2807
1,576
10,2178
10,3768
10,3111
1,235
10,3356
6,2272
2,734
6,1926
10,3026
1,438
6,1981
8,1815
7,6974
1,378
3,1182
6,1385
4,1425
8,2679
1,339
9,2406
10,3665
1,530
1,340
10,3169
2,728
4,1391
10,3098
1,331
4,2514
9,2853
10,2768
7,2117
10,2045
2,806
10,3395
4,1436
4,1331
1,336
9,2977
5,3422
9,6792
9,2347
1,656
1,374
9,4249
1,308
2,836
10,2382
10,2621
10,3018
1,651
5,1361
1,387
10,3198
1,368
2,867
6,1961
1,4717
1,359
7,2202
10,3141
6,2267
10,2721
1,723
2,3928
1,475
6,1356
6,2234
9,2765
1,366
10,7472
10,3565
3,37973
1,360
1,390
9,2915
3,1027
4,948
1,351
10,3408
4,1561
10,3207
1,333
1,481
1,572
8,8494
10,3076
3,1374
1,416
1,727
8,12136
6,2327
10,2778
2,933
8,2753
5,1992
1,244
1,375
9,2831
2,742
5,1766
1,489
7,14049
1,413
1,519
7,2658
1,596
10,7345
1,361
6,2057
1,394
8,1593
1,408
4,1349
4,1405
4,8028
1,326
1,730
1,427
1,576
3,921
6,2264
6,2242
4,1372
4,1343
2,789
6,1364
1,430
7,2169
5,1652
3,1154
1,350
4,1856
1,361
1,414
1,311
1,522
1,537
1,456
1,330
5,1812
4,1126
1,574
1,397
5,1536
8,14925
1,265
5,1823
1,354
10,50542
10,4631
1,391
9,3306
5,1249
1,468
6,2115
10,3416
5,2858
1,327
3,1053
5,1771
1,389
1,426
1,470
7,2399
1,399
1,490
1,416
4,1753
1,424
6,2085
2,572
4,1742
10,5824
6,6179
2,1161
1,272
4,3697
1,427
1,526
2,738
1,495
3,989
10,2405
8,7478
4,1607
9,2817
6,2574
3,1154
5,5012
4,1510
1,253
5,1769
3,955
3,1048
1,356
1,414
2,608
6,1656
2,682
10,3321
10,11812
5,2010
6,2007
10,3927
7,2580
1,305
5,1408
1,669
1,346
1,433
1,532
8,2538
10,2628
1,487
9,3025
6,2068
3,1031
1,539
9,8785
3,1113
1,288
6,1827
4,1452
1,355
1,336
1,453
6,1803
10,3388
4,1397
2,838
1,872
4,1486
3,1114
2,835
6,2154
1,397
6,11257
5,3353
5,1659
1,430
4,1370
1,300
6,2155
1,475
5,1748
1,454
5,1848
5,1814
8,3157
8,6591
4,1350
5,2262
6,4231
1,448
3,1299
1,2030
4,1795
10,2876
6,1936
8,2876
1,780
1,3596
1,373
4,1510
1,558
8,2604
10,4046
8,3716
2,704
1,579
1,440
4,1384
10,3460
1,464
3,1417
1,1044
9,3758
4,1466
8,2744
10,4964
7,2581
9,3067
6,2114
9,8438
7,3158
1,463
1,462
9,3023
1,566
4,1848
1,646
10,7713
2,628
5,1832
5,2046
10,3139
5,13364
7,2204
1,712
1,615
2,1341
1,434
8,2733
1,661
5,2722
1,613
8,2902
6,2489
2,853
1,553
6,24531
2,834
2,882
5,7542
2,819
5,3047
1,726
7,2242
5,1611
8,2982
1,690
4,1761
6,1859
4,2105
1,540
2,1082
8,2704
9,2476
6,1887
1,703
1,424
10,24743
4,1448
1,470
5,1799
1,439
5,1865
5,2086
7,2458
1,741
3,1090
5,2245
5,1683
6,1941
1,511
1,618
1,388
10,3097
4,1336
4,1912
1,476
5,4477
2,1001
8,2814
9,4491
1,612
4,1485
2,734
1,427
3,2015
4,1485
7,24312
1,424
1,427
2,847
1,397
5,1751
10,3760
1,581
1,384
3,1189
3,1197
8,2753
4,1508
1,849
5,1836
1,363
2,714
1,430
1,565
9,3041
2,963
5,1715
4,1456
1,534
3,1462
5,1701
4,1397
10,3822
1,416
6,2276
1,358
1,3968
1,2266
1,431
4,1395
2,913
9,3661
1,362
10,2845
1,2366
2,1098
3,1374
5,1869
1,472
4,1094
1,435
1,411
5,1677
1,404
10,3369
2,947
2,1048
10,6116
1,412
4,1911
4,1546
3,1091
8,2780
5,1647
5,2198
1,491
1,603
5,8441
1,410
1,432
8,2798
8,2652
9,2924
5,1676
5,1500
1,508
5,1855
8,7384
4,1525
10,3373
1,465
3,1575
6,1972
1,547
5,1556
10,3733
4,1189
10,3619
4,1339
5,1688
1,457
2,920
4,1519
2,4105
9,6606
1,444
1,389
6,21826
1,635
6,1975
10,4432
8,2656
1,2668
1,431
6,2006
1,507
4,1517
5,2020
5,2290
8,3327
3,1047
1,401
5,2550
1,482
2,700
8,4625
3,1389
1,397
2,484
5,11652
1,470
7,2496
3,1186
6,2143
5,1911
2,856
1,391
9,3796
1,431
1,843
8,2804
5,1764
1,463
1,326
2,1030
1,385
6,2294
5,2023
8,8034
3,1199
5,1675
1,405
10,3098
1,628
5,1731
10,6269
5,1981
2,807
1,484
9,2949
1,416
10,3334
2,1260
2,643
6,2252
2,753
1,708
2,712
1,466
4,1472
7,2506
2,1154
1,434
1,396
5,7355
1,561
5,2028
1,464
5,1846
5,4274
6,2171
1,518
8,13386
10,3378
1,356
9,3975
1,525
10,8187
7,2425
10,6882
1,400
9,2949
1,403
9,3126
8,2516
5,1639
1,440
3,928
7,2667
5,1767
10,8242
4,1996
1,265
2,849
2,645
1,382
10,3095
1,413
10,3596
7,2314
2,5660
1,597
4,17935
4,1817
5,1397
2,898
1,369
1,459
6,2072
6,21922
1,437
3,1150
1,552
2,4165
10,3638
4,1583
6,4104
5,1717
9,2565
6,1865
2,873
1,471
1,449
2,775
8,2565
8,2686
4,1323
1,377
5,4288
9,2743
6,2421
1,459
5,18454
10,3339
3,1077
1,435
1,453
1,445
4,1334
5,3486
7,2176
1,415
1,364
8,6715
7,2327
10,15151
10,19048
2,1172
3,1235
6,2021
1,485
1,402
3,1139
3,1393
5,1655
6,2012
1,488
1,381
3,4900
10,23219
5,1590
5,1777
4,1340
1,424
10,3161
3,1226
1,392
1,1452
8,2078
3,953
10,3267
1,420
1,354
5,1758
2,659
4,1893
1,319
2,972
10,3208
9,2983
10,11292
1,394
6,2123
4,2220
5,1634
5,1813
1,350
1,343
4,1286
10,3062
8,3119
4,1245
9,3112
10,3852
2,838
10,2918
1,375
2,3592
10,2658
1,5326
6,2013
1,383
1,542
1,471
3,1218
8,2757
5,2047
8,3167
1,422
8,2457
1,457
1,540
7,1928
10,4125
1,343
4,1454
1,707
10,3498
1,443
10,3930
5,1827
6,2087
7,2505
6,2086
4,1395
1,7224
1,515
6,1597
8,2855
1,376
2,652
1,599
8,2723
8,3198
1,554
5,1708
6,2024
1,429
9,4199
5,1727
1,536
7,2409
8,2426
6,1612
1,434
10,3323
4,1456
7,4076
1,367
1,562
1,357
4,1324
1,392
2,687
3,947
1,419
4,1692
6,2018
10,2600
1,436
3,1204
1,694
6,34361
8,2594
1,475
3,1060
5,1988
4,1359
7,2178
5,1703
8,2799
10,3691
4,1326
2,614
2,669
5,1763
1,871
10,5404
1,3570
1,468
1,1241
9,3214
1,401
6,1508
5,1695
7,2315
10,3224
3,973
1,516
4,1189
7,2518
5,2615
9,5590
6,2189
3,1211
1,547
2,823
1,260
2,644
2,1030
1,363
9,3046
4,927
10,3635
1,377
2,722
1,387
2,776
1,259
1,707
1,522
8,2948
10,7275
2,716
4,1358
1,442
10,3551
10,4864
10,3703
1,387
4,2509
1,522
4,8104
1,338
1,618
1,464
4,1510
1,642
8,2771
1,387
6,1914
3,1085
10,3070
1,714
1,358
2,821
7,2439
3,1078
1,474
1,534
1,496
3,1242
1,504
8,2791
1,322
1,424
1,555
6,1982
8,7342
1,493
7,2465
2,1064
1,290
10,3705
1,539
1,572
5,1763
1,352
2,995
1,548
1,569
6,1565
4,1301
1,373
1,497
3,1267
6,1661
7,2770
1,383
2,581
4,1439
5,1775
8,10971
4,999
1,395
1,521
7,1985
2,617
10,4487
1,865
6,1987
6,1914
2,1170
9,3149
6,1963
1,689
4,1483
2,746
8,2885
10,3338
6,2185
2,751
1,383
1,405
10,4395
8,2398
10,3374
6,2162
1,526
1,4357
1,529
2,637
1,1238
7,2223
1,497
3,1202
6,1693
1,612
10,7273
8,2578
10,3339
3,902
4,1791
3,28666
1,635
1,364
8,3861
1,418
3,1122
1,521
6,1997
4,1016
1,444
1,460
7,2278
10,2357
2,1030
2,834
2,838
1,408
1,388
7,2970
10,4567
4,1420
1,544
4,1542
6,2094
1,655
1,460
5,1837
3,1051
2,761
3,1247
10,3736
4,1451
7,2542
10,3408
1,523
10,2505
1,419
10,2544
3,1001
1,602
1,388
9,2901
8,2085
8,2440
6,8411
1,422
2,720
8,12424
5,1930
1,431
10,3455
1,453
10,3340
2,736
10,2998
1,418
2,918
4,1092
10,3341
8,2379
4,1512
7,2385
6,1968
10,3229
6,2275
6,2239
1,420
4,1036
8,2630
1,324
1,517
10,3157
1,380
9,3425
4,1571
7,2696
8,2795
10,6043
1,575
3,1481
8,7205
10,3431
4,1015
4,1206
10,2987
1,409
3,1120
1,306
1,2618
10,3247
2,594
4,1334
6,2012
1,357
7,2594
3,1081
10,3274
2,767
10,2764
1,249
9,3292
1,466
1,308
7,2550
10,4037
1,557
10,2926
9,2936
9,3289
2,892
2,871
8,2676
10,4137
10,3367
1,405
1,347
5,1344
1,227
8,2357
6,1896
3,1315
6,2159
2,801
2,827
2,1533
1,701
8,2467
1,424
6,1821
1,415
9,3251
2,894
1,247
5,1847
8,2766
2,805
3,1112
1,387
1,375
3,1417
1,357
2,636
2,745
4,1365
1,391
10,2589
6,2023
1,245
8,2229
4,1010
6,1708
8,2823
4,1479
10,24545
7,2624
1,356
5,1655
8,2652
8,2864
8,2659
10,2258
9,3155
1,275
4,1553
1,512
2,973
2,611
3,1078
3,713
8,2950
1,459
2,634
10,8260
1,610
1,296
4,1618
2,746
1,334
10,2626
1,351
4,3930
2,845
1,631
1,276
6,1945
1,365
8,2516
10,3714
1,402
10,3614
10,3771
7,2238
1,346
3,1267
1,465
7,2184
1,403
2,717
1,587
10,3499
1,532
9,4272
10,11301
1,402
10,3839
1,553
8,2109
1,343
5,1850
1,687
7,2322
10,2886
6,2349
1,487
10,3395
1,402
10,13013
10,3767
1,415
10,7720
6,2380
6,1392
2,691
2,922
1,338
8,2659
10,2313
8,3872
1,437
8,2694
1,348
2,873
1,356
1,358
9,2999
10,3525
4,903
1,424
1,371
1,280
4,1259
10,2884
4,1497
5,1624
3,2888
1,384
10,3986
1,465
1,356
4,1676
10,3269
1,410
10,3580
10,3584
1,460
10,3246
8,4140
2,803
1,422
4,1586
1,301
1,458
8,2829
1,399
2,692
10,2609
10,3338
10,3511
10,3527
1,257
6,2159
10,3798
7,1985
7,2315
10,2590
8,1926
6,2031
1,258
1,267
9,3132
6,1626
8,2852
10,3641
10,3780
1,253
3,1070
9,3064
3,1066
1,345
7,1838
1,583
5,1675
9,7877
1,345
9,2245
2,918
3,1103
8,3373
8,3459
1,298
8,2738
9,5559
8,2643
1,493
1,474
10,3449
6,2027
1,264
1,258
6,1727
10,2718
10,6171
10,3345
10,3752
1,361
2,1033
8,2813
4,991
1,546
10,3706
10,3244
7,2144
1,506
2,878
10,2609
10,2981
4,1511
8,3668
10,3491
2,673
1,480
1,486
1,335
2,704
1,445
10,3717
2,465
1,361
1,752
8,1882
4,1742
1,472
9,2943
9,21468
9,2711
1,390
1,674
10,3614
6,4939
10,3396
10,4523
4,1432
1,299
10,3611
1,421
1,312
1,353
3,1380
1,474
10,3234
1,401
1,403
6,2270
10,3712
1,390
9,2472
2,872
1,291
10,3677
1,428
1,382
1,475
1,598
1,601
10,12055
1,424
1,404
3,1080
6,1703
1,480
10,3291
3,1313
1,394
8,3313
10,3370
1,270
1,409
9,2987
1,407
10,3663
1,461
1,280
8,2017
2,862
10,3724
3,899
4,1594
1,265
10,3832
10,3771
1,424
1,362
2,798
1,460
8,2832
10,3190
1,397
7,2419
3,1193
1,368
9,3019
6,2190
2,909
10,3910
6,2204
10,3293
1,256
10,2717
1,759
10,2960
1,303
1,481
1,492
8,2553
1,272
8,2097
8,7416
1,724
9,3175
1,648
10,2903
1,355
4,1614
10,3414
2,914
1,371
1,590
1,467
4,1374
3,1004
4,953
10,3356
9,7903
2,929
1,513
1,480
1,303
7,2721
1,351
9,4444
1,315
1,294
1,312
4,1436
10,4490
10,3527
10,2132
8,3262
9,3114
1,401
1,460
1,360
1,508
1,553
10,3036
1,424
3,992
1,255
10,3253
1,317
7,2071
8,2798
8,2224
10,3400
2,778
1,338
1,450
9,3241
1,535
9,1976
10,3218
1,294
1,343
8,2144
1,395
1,391
4,1072
9,2599
8,2673
1,435
1,257
10,3319
6,1942
1,595
4,1453
10,3264
1,538
1,304
2,608
1,447
2,639
1,15302
1,298
10,3316
10,2696
1,317
1,320
10,3129
1,610
10,3141
10,3240
10,3479
1,382
1,413
1,359
10,2293
1,486
2,505
4,1308
1,429
1,262
10,3841
10,3055
3,847
8,2441
1,560
9,2524
1,268
10,3021
1,436
6,5000
1,275
10,3798
8,2763
1,365
8,2000
10,3286
1,665
9,3134
1,516
8,6054
4,1106
1,272
10,3363
9,2236
10,2681
1,317
10,3488
1,324
10,2246
10,3247
10,3213
1,413
10,3508
1,562
1,378
10,3164
1,372
8,2708
9,3005
6,1412
1,345
6,2066
2,843
1,335
10,2300
10,7742
1,387
8,2331
10,3347
10,3184
7,2508
2,500
10,3287
3,1441
1,382
1,305
10,2815
10,2658
1,389
7,1557
9,3131
1,353
4,1171
10,2802
9,8024
1,419
10,2121
1,375
10,4276
1,238
1,234
2,650
10,3176
1,290
10,2494
2,796
1,242
1,650
6,1970
3,1103
10,2509
10,3280
10,2854
1,536
1,303
1,295
7,1945
6,1918
1,365
8,2698
1,353
1,295
7,2026
1,491
8,1851
6,1522
10,2421
10,3239
4,1415
1,280
1,248
4,839
1,398
4,1122
10,3249
10,2639
1,892
2,469
2,515
10,2633
6,1550
10,3349
1,586
1,598
1,255
1,253
10,3307
1,239
10,3198
3,777
3,983
1,363
10,4149
1,306
9,1808
10,3153
8,2709
1,495
7,2410
1,401
2,741
10,3290
1,262
10,13586
2,519
9,2060
1,373
6,1956
1,383
4,1407
2,750
10,11020
1,445
9,3022
1,347
10,2353
10,3506
1,267
10,6263
10,2256
8,2520
1,364
6,1497
1,364
10,3314
7,1656
2,789
1,665
6,2020
1,380
1,519
10,2598
1,238
8,2806
10,2334
4,982
6,2172
2,902
1,359
7,2458
10,3550
3,1124
1,660
10,3481
1,275
10,3096
1,573
1,258
10,2248
9,2732
7,2286
10,3401
10,3035
1,344
2,654
10,3303
8,2565
1,497
10,3435
1,365
8,2189
1,373
1,273
4,1086
5,1795
9,2694
10,3832
10,2194
1,347
1,279
4,1260
9,2374
9,2912
10,2292
4,1042
10,2679
1,404
1,300
10,3231
10,2465
1,402
2,606
10,2387
1,386
6,2230
10,3689
10,3072
1,460
10,2044
2,747
2,619
1,259
1,238
7,2136
10,3178
6,2204
4,1250
4,1058
1,515
10,3657
10,2999
10,3308
1,506
2,770
10,2432
10,2384
1,293
1,234
8,2776
1,378
10,2615
10,2337
10,3636
1,288
6,2072
8,2082
4,1371
1,3226
10,3395
10,2447
9,3134
1,372
6,1933
10,2149
1,500
10,3710
10,3519
10,3156
6,1700
1,656
3,1030
7,2327
2,1488
1,484
10,3237
8,2475
1,401
2,776
6,1525
1,429
1,355
7,2238
8,2644
8,3331
1,489
1,441
1,410
9,2771
1,349
10,4587
9,3151
1,380
10,3756
3,997
1,282
1,239
8,2445
1,621
10,4055
2,556
1,353
8,2617
10,2464
1,511
8,2790
1,262
1,349
4,1445
2,1225
10,2271
1,233
4,1518
1,553
10,3722
1,321
1,301
10,2217
8,2751
10,3227
10,3607
10,3188
8,2232
10,2319
10,2577
1,398
1,240
10,3001
1,470
10,2706
1,358
1,243
6,1787
10,3232
10,3105
4,1566
8,5940
1,256
10,4540
8,2686
1,309
1,236
3,760
1,335
4,992
1,435
1,241
2,561
8,2659
10,2119
10,7327
4,1384
3,660
10,4724
7,1683
1,453
1,233
1,244
1,283
10,3293
10,2902
1,251
1,502
4,1339
1,4544
7,2387
1,416
4,1510
8,2535
1,569
1,396
1,281
10,2850
1,296
10,3071
1,426
1,271
1,386
1,351
1,367
8,1774
9,2677
1,499
4,1110
1,360
1,306
1,234
10,3331
1,277
4,1331
1,374
1,322
1,326
2,528
1,349
10,2644
2,3764
10,3441
10,3344
1,415
10,2624
1,276
8,2990
1,302
10,3239
1,378
1,308
1,312
6,2149
1,404
10,2628
10,3312
7,1730
10,3232
1,238
1,302
1,237
6,1403
1,633
7,1721
1,390
1,610
1,270
10,2159
1,572
6,1799
10,9271
8,2114
7,2253
5,1516
5,1362
8,1880
9,2434
1,344
8,1817
10,3342
4,1502
1,248
6,1978
1,451
3,649
6,7849
6,2405
8,1613
1,223
10,2937
2,886
2,918
10,2467
10,3031
1,362
10,3026
1,258
2,784
1,716
2,844
1,668
9,2266
10,2505
1,426
10,3593
2,838
10,2285
10,3597
10,3307
10,3239
7,2005
1,265
10,3385
8,2697
10,2625
1,407
3,861
10,2315
1,396
10,2062
10,3362
1,494
4,1391
6,2217
10,2183
8,1816
1,251
4,1028
10,3398
8,2188
1,323
2,540
6,1252
10,3830
10,2407
10,2347
1,277
7,1739
3,703
4,1297
10,2688
1,275
10,15069
4,1215
1,251
1,287
10,2320
3,841
1,386
10,2649
10,3245
1,273
10,2249
2,459
10,3400
10,3568
6,1286
10,3514
10,3238
1,267
1,330
8,1871
2,825
10,3127
2,738
10,2172
1,270
10,2691
10,2080
8,2240
6,1343
10,3148
10,3379
1,373
1,243
1,288
7,1646
10,2646
1,382
10,3292
1,595
1,234
6,2149
1,383
4,1205
3,858
10,2473
1,562
10,2788
1,239
1,303
10,3196
1,463
1,279
8,2274
8,2791
1,243
3,959
1,290
1,526
2,568
10,5509
10,3248
8,2291
1,236
1,254
5,3101
1,280
10,2149
10,3118
4,1087
1,348
10,3402
1,270
9,2778
9,2772
10,3327
1,321
6,1391
1,255
1,445
9,2894
1,242
10,3347
10,3825
10,3313
1,378
9,1987
5,1487
10,2715
7,2225
4,967
1,270
9,2413
1,252
1,378
10,3634
1,299
3,1112
5,1966
1,446
1,385
6,2021
1,407
7,1732
10,2638
10,3734
1,312
2,825
1,292
6,1595
10,2536
1,249
5,1983
1,532
7,2322
1,243
10,2912
1,252
8,2663
9,2516
1,461
1,482
10,2107
1,267
10,2445
3,955
1,296
10,2839
10,3394
9,1992
8,1864
10,3215
1,276
10,3386
5,1857
4,1315
1,315
10,2080
1,295
2,527
1,348
1,239
7,2671
1,406
10,3123
10,3304
10,2353
1,246
6,1370
10,3478
9,2039
1,314
10,3318
2,708
4,978
10,3129
1,228
10,2745
1,396
8,2224
5,1906
10,3298
1,292
9,1932
10,3332
7,2340
8,2509
7,1669
5,1676
10,2178
1,330
1,247
10,2968
1,454
6,1629
10,3550
10,3115
1,225
1,292
10,3311
10,3199
1,354
10,3167
10,3221
10,8314
1,355
1,281
2,1058
10,2347
9,2300
10,2826
4,1509
1,282
3,1235
3,710
8,1769
1,304
5,2011
10,2801
10,3231
1,375
8,2305
10,3208
1,338
3,1041
10,2389
1,327
9,2015
2,662
5,1207
10,2322
1,260
1,509
10,2263
4,1279
1,410
7,2254
10,2309
1,303
2,842
10,2309
1,286
5,1450
8,1924
1,249
10,2174
8,2177
1,397
10,2629
8,2769
1,298
5,1517
3,818
1,372
10,2762
5,1317
1,275
10,2884
1,356
1,427
6,1284
4,1539
1,492
5,1369
6,2093
1,289
10,2550
8,2630
1,348
1,292
7,1925
1,306
10,6920
1,258
1,335
3,724
10,2846
1,355
10,3843
10,3151
1,318
10,2975
8,2256
10,5969
1,260
2,740
1,467
10,2283
1,241
1,373
9,2996
7,2176
10,3416
7,2404
1,391
5,1235
10,2883
1,372
1,1877
1,254
10,3295
1,242
10,2462
1,269
1,333
2,501
10,2877
1,426
10,6645
7,2145
1,254
3,769
1,296
1,290
1,248
10,3083
1,418
10,3632
1,372
1,345
1,346
2,588
10,2508
10,3385
10,3237
1,295
5,1825
1,349
5,1233
1,225
10,3118
1,518
7,1645
1,307
1,348
1,330
10,2312
1,558
10,2289
8,1701
1,263
10,3348
1,359
10,3128
1,299
10,3061
1,291
10,2325
5,5284
1,506
1,227
6,1347
1,517
10,3832
10,2924
2,868
7,1514
1,253
10,3091
1,320
2,725
1,260
10,2179
1,321
1,260
1,221
3,788
1,432
1,391
3,770
7,2527
10,3479
1,391
10,2309
1,263
3,774
10,2338
10,2349
10,3071
1,246
1,239
10,2292
1,259
10,3433
9,2594
10,2777
10,2130
1,370
10,3006
1,306
8,2002
10,3286
1,232
1,439
1,282
1,261
8,1862
1,290
3,832
2,609
10,2107
10,1999
5,1669
3,982
1,296
8,2053
7,2263
10,3185
1,288
7,1923
1,319
7,1587
3,873
9,2166
10,2645
2,768
1,287
1,594
10,2721
10,2126
1,504
10,3037
10,3107
1,354
10,2572
1,395
10,3022
5,1308
10,3809
1,341
10,3276
10,2413
10,3203
10,2210
1,432
1,269
10,3196
3,1152
10,2703
10,1969
1,263
5,1334
10,2766
1,322
1,239
3,842
10,2238
1,571
7,1696
1,256
1,356
2,923
9,1928
10,2358
10,2992
1,246
10,2655
7,1585
1,365
1,228
8,2695
3,654
10,2416
10,2331
1,254
1,270
10,3219
1,398
10,4221
10,3327
1,232
1,405
10,2382
1,458
1,220
8,1777
9,1987
1,324
1,440
1,258
1,311
3,840
1,258
10,2797
10,3264
8,1650
10,3102
2,573
1,285
1,234
8,4472
1,601
10,4126
8,2811
1,227
1,254
8,3107
1,315
5,1525
3,688
10,1989
1,546
10,2505
1,292
1,230
10,2377
1,357
10,3415
10,8236
1,247
1,343
5,2246
1,285
7,1907
8,3222
10,3463
1,443
1,371
1,468
1,228
5,1248
1,342
2,789
10,4225
1,229
1,368
10,2716
1,359
2,769
10,2525
10,2706
10,2638
10,2857
1,363
1,220
7,1522
1,369
5,1526
1,690
1,208
1,251
10,3332
5,1790
10,3043
7,2087
10,2957
1,408
3,834
1,411
1,251
10,3033
1,247
10,2526
1,476
1,250
1,339
10,3595
1,333
10,3214
5,2127
10,2470
1,412
8,2672
1,374
1,232
10,2627
1,279
6,1741
9,2996
1,250
10,2401
10,2361
1,372
10,3675
10,3131
3,824
1,293
9,2879
1,376
8,2216
2,948
1,225
10,3467
1,623
10,2288
5,1312
10,5600
1,360
10,3207
10,2744
7,2383
3,734
1,640
5,1698
7,2233
1,384
1,234
10,2219
1,353
10,2128
10,3214
5,1623
1,245
10,3386
10,2740
7,2202
1,259
10,2356
10,3370
10,3446
1,329
1,346
2,821
1,331
10,2017
10,4068
1,309
1,298
3,1100
2,837
10,3174
1,373
8,2186
10,2244
5,1735
1,269
1,239
10,2353
1,497
10,3323
10,3347
1,378
5,1512
8,1737
3,904
10,2664
1,391
9,2853
10,3187
10,3399
1,312
8,2690
10,2205
10,3150
2,754
10,2682
1,254
10,2765
1,357
5,1200
10,2663
5,1480
5,1872
10,3422
7,1708
1,250
5,1693
4,898
1,345
10,2205
5,1352
1,419
10,3367
1,224
1,462
10,3382
1,429
1,398
5,1315
3,1012
1,415
10,5036
8,1903
1,376
3,599
6,1649
1,401
10,3397
1,245
1,479
10,3260
10,2352
1,392
10,3674
10,3157
10,2592
10,3251
2,687
1,388
7,1751
2,712
1,286
10,3272
1,239
1,310
3,804
7,1865
10,3206
10,2918
5,1951
1,498
10,5014
8,1711
1,572
10,3126
10,3188
1,253
10,3264
1,279
1,272
10,2319
10,2949
1,373
6,2441
3,1124
1,271
2,3737
1,391
2,932
10,3576
10,2596
1,506
6,2022
1,258
1,245
1,345
10,2526
1,516
10,2056
10,3162
1,259
5,1834
1,297
10,3348
10,3331
10,3077
1,405
10,2960
1,317
1,331
1,244
10,2072
1,412
10,2202
2,929
1,251
10,3007
1,256
10,3428
2,617
2,475
1,373
10,2156
5,1538
1,249
1,249
2,796
10,3240
10,2732
10,3592
5,1581
6,2180
1,277
8,1924
8,3002
10,3752
10,2426
2,554
1,509
1,264
1,280
10,2502
1,286
2,559
10,3855
3,957
10,2958
1,251
10,3331
10,2103
4,1025
10,2549
10,2255
1,368
1,228
1,295
3,723
1,347
10,2330
10,2073
6,2198
10,3216
1,353
4,1467
10,3403
8,1733
6,2027
10,2732
10,4241
1,272
1,406
8,2046
1,271
4,1424
1,241
2,741
9,2699
9,2591
10,2124
10,3524
8,1900
10,2806
10,3520
1,428
6,1850
1,353
8,1896
1,369
8,1760
10,2556
10,3387
2,844
1,341
10,3460
5,1549
1,388
10,2130
4,1080
10,3178
10,3393
1,345
10,2215
1,348
10,2144
8,2615
10,2220
10,2219
10,3120
1,510
5,1713
1,291
2,876
8,1785
10,3133
10,2671
1,570
5,2089
2,551
1,364
9,2080
10,2269
10,2210
1,340
10,2303
5,1925
1,342
10,2230
1,503
10,2857
9,2716
1,260
10,3223
5,1171
1,279
1,450
3,3522
4,898
10,6407
2,573
5,2118
1,253
4,1169
1,286
10,3348
10,3325
10,2324
1,400
10,3574
1,270
1,266
4,979
1,419
1,368
10,3344
10,2698
1,233
8,1918
10,2310
5,1715
10,2179
10,6359
10,3342
6,1424
1,330
1,242
8,1768
8,1795
1,337
6,2308
6,1734
1,257
2,584
1,367
6,2270
4,857
10,3089
1,612
10,3159
1,347
1,265
7,1735
1,387
8,2640
1,590
10,2210
1,246
8,2764
1,618
2,488
1,506
10,3342
1,508
2,754
1,378
1,287
2,564
1,476
10,2084
1,1106
10,3272
1,273
10,6172
1,417
10,2405
1,406
10,2603
10,3004
10,3511
1,431
1,358
8,1954
1,396
2,661
8,2615
3,914
1,341
10,3661
1,449
10,2185
2,593
4,1013
1,453
2,643
1,412
1,270
10,2577
1,287
1,483
1,526
4,1111
1,317
10,3388
1,293
10,7769
8,2839
6,1876
1,311
9,2617
1,304
1,275
8,3776
1,266
10,2340
1,316
7,1419
2,858
8,2432
8,2350
9,2086
9,3345
6,1280
2,548
4,1177
1,403
1,380
8,2765
1,305
10,2929
5,1805
10,3348
10,2471
10,3715
1,258
10,2430
8,1987
10,2266
1,343
8,1993
1,395
1,243
10,3009
1,254
5,1113
1,529
10,3444
10,2226
1,411
1,242
4,957
8,2452
10,3143
1,274
1,519
2,705
8,1767
8,2281
1,244
8,1975
2,697
2,427
10,3522
1,351
1,442
8,1748
10,3124
10,2941
1,270
8,2606
9,3465
5,1365
2,836
1,252
4,1097
2,836
8,2490
8,3246
2,660
1,403
1,321
8,2544
10,2893
1,311
2,570
8,3055
10,14099
1,469
1,258
10,2448
9,3071
8,6187
10,3662
1,282
2,757
1,577
10,2325
10,3408
1,335
10,2324
10,3436
10,3364
1,346
2,580
10,3643
1,420
1,439
10,6462
1,488
10,2332
2,583
2,676
4,1016
5,1235
1,411
10,7165
6,1534
10,3353
8,2111
5,1811
8,2664
1,508
10,3247
1,400
2,709
1,422
2,788
10,2022
10,2603
8,2705
8,3109
2,522
1,381
8,2716
2,715
8,11393
1,324
8,2532
1,354
10,3344
1,267
2,748
1,469
6,1590
10,2170
2,1049
10,1997
1,477
10,3050
6,1914
1,493
1,259
2,898
1,270
10,4537
1,253
1,416
1,247
10,2676
8,2031
10,2820
5,1409
1,319
10,3396
2,3177
1,405
1,243
4,1120
1,250
10,3545
1,265
1,270
1,229
10,2273
8,2701
10,3011
4,1834
1,306
8,2704
10,3488
6,2072
1,503
10,3164
1,261
8,2753
1,246
1,270
1,396
10,2217
9,9949
4,1149
10,5805
1,371
2,663
10,3662
1,367
1,292
2,1072
1,244
10,3473
7,2512
1,380
1,337
2,598
1,378
9,2275
2,707
1,445
2,947
1,355
1,507
1,301
2,858
10,2381
5,1669
1,373
1,255
1,351
10,2504
10,2789
10,3146
10,3316
1,356
10,2443
8,2701
4,1351
1,244
10,2996
10,3160
10,3786
1,299
1,336
1,257
4,964
1,342
4,1043
10,2154
2,687
4,1656
3,1208
1,410
1,235
10,2448
5,1766
8,2527
9,2982
1,304
1,379
8,1738
10,3261
10,3421
9,2696
1,348
10,2965
1,476
7,2598
10,3316
10,3075
10,3158
4,1087
1,316
1,475
1,381
1,595
1,441
10,2348
2,448
2,603
8,1868
1,565
1,404
1,430
4,1375
6,2195
10,3755
1,323
1,446
1,280
2,589
1,282
6,1761
10,3304
2,678
10,2002
5,2640
1,514
2,866
6,1613
4,1530
10,3058
1,326
1,258
10,2609
8,2384
1,484
1,300
8,2352
5,1290
4,1438
1,601
1,350
9,3258
8,1913
10,3235
10,2595
10,3129
5,1638
2,775
9,2561
2,712
6,1539
1,272
10,3350
10,3181
1,582
1,553
8,2608
6,1712
5,1254
5,2056
10,3411
10,2446
10,2997
8,2918
1,382
8,2706
8,1880
9,1914
10,3176
2,858
1,605
10,2779
1,2122
4,923
2,569
8,2407
9,2740
10,3354
10,3233
1,364
1,537
2,939
4,1324
6,1633
5,1616
1,469
8,2573
1,526
6,1563
6,1533
10,4572
10,2569
10,2771
1,622
1,317
1,490
10,3491
10,3089
2,616
1,480
7,2833
10,2390
1,751
1,579
1,521
3,1238
10,4793
8,2658
8,2779
1,311
1,388
1,495
5,1932
6,1498
1,395
7,5957
2,1065
1,517
3,1157
2,853
1,431
10,2690
6,1872
1,479
1,305
1,354
1,317
8,3158
1,636
1,625
4,6124
10,2359
1,538
2,946
1,496
4,1218
5,1851
4,1749
1,445
2,845
1,408
1,368
1,575
1,520
2,766
5,5096
1,539
1,533
6,2174
1,398
10,3124
1,464
10,2732
1,439
10,2241
1,549
1,442
6,1568
1,520
1,575
1,515
4,1576
1,521
1,551
1,483
10,3530
1,503
9,3062
1,396
4,1432
1,408
1,455
2,10833
1,472
7,2405
2,1118
10,2318
1,470
5,2206
8,2712
7,1928
3,1418
4,1215
10,2996
10,2441
1,462
1,262
10,11223
2,777
1,543
3,1148
9,2129
1,451
7,2561
1,381
10,3373
5,1842
10,2958
1,361
2,522
1,524
1,318
10,5220
1,5221
5,1784
3,1466
10,3401
8,3029
2,898
1,375
10,3605
5,1670
10,2624
1,429
10,3241
1,460
1,252
8,2711
1,492
5,2138
3,2271
4,1302
1,524
1,311
3,1321
9,2599
2,830
10,3865
2,680
10,2175
1,364
1,252
3,1190
1,472
4,1450
2,1059
10,3366
1,388
9,17699
1,422
6,2175
3,1103
10,2334
1,370
4,1300
2,826
1,372
5,2001
1,565
1,380
3,1257
3,1051
6,2185
10,3534
1,422
3,862
1,392
6,1951
1,389
6,2090
2,833
1,452
1,950
1,461
7,5813
5,1988
4,1293
2,913
1,425
1,417
1,613
7,2390
1,320
1,402
8,2731
5,1731
2,723
6,2608
1,422
1,1053
5,2247
4,901
2,949
1,338
6,2084
1,503
7,2365
2,764
2,970
6,2304
1,369
10,2253
2,912
10,3510
8,2601
7,2590
9,2963
1,346
4,1675
1,372
3,4120
5,1781
10,3551
10,3633
3,1117
2,556
8,2667
7,2273
10,3153
3,899
7,2733
7,1501
9,3957
8,2636
7,2362
2,988
4,1451
10,7015
5,1166
2,818
5,1946
9,2993
1,321
8,2767
7,2295
7,2247
6,1783
1,574
1,560
1,458
1,378
1,732
1,478
10,2511
7,2206
7,2407
7,2697
2,2493
2,712
5,1596
3,1116
6,1368
4,5785
10,26625
1,453
5,1516
2,637
1,508
10,2909
10,3485
1,568
8,2826
3,983
5,1471
5,1980
1,492
6,1256
5,1655
7,22791
9,6354
1,438
1,306
1,413
9,1920
5,1650
4,1626
2,825
1,417
2,936
1,527
10,2721
1,378
6,6887
8,2706
7,2349
1,433
8,2598
1,452
10,2232
4,1533
7,2235
4,1422
5,2416
1,474
1,488
10,2638
6,1652
8,3738
1,469
2,866
1,460
7,2639
8,2582
4,1293
2,836
7,2361
10,2343
7,2239
2,911
7,2425
3,826
1,516
7,26655
3,1325
4,1273
1,443
1,350
1,374
5,1984
1,459
1,470
3,1294
1,329
5,2462
2,676
9,2527
1,473
7,4083
7,2383
1,382
1,393
10,10857
1,470
1,427
1,411
7,2842
10,3032
1,440
7,12599
3,3111
9,2313
1,323
7,2478
1,4132
1,544
1,411
10,3411
1,367
6,1748
1,386
7,2074
6,2278
7,2522
1,3317
3,1186
1,466
1,250
4,1433
1,465
7,2303
1,406
1,346
5,1659
1,520
1,460
5,1654
2,555
1,348
5,8568
10,3681
10,3279
1,655
5,1839
1,615
7,2440
5,1682
1,426
1,457
10,3145
1,440
5,1737
10,2913
4,3934
7,2544
3,1027
1,374
1,552
1,469
5,12178
7,3443
9,2726
8,2635
3,943
2,571
5,1795
2,902
8,2375
1,364
7,2356
5,1267
1,406
1,344
1,329
7,17011
5,1791
7,1478
1,462
1,412
10,6887
1,344
2,840
10,2148
8,2827
1,603
7,2230
1,491
1,516
1,376
1,12209
2,948
1,518
3,976
1,421
8,3020
1,672
1,382
4,990
2,10046
7,2200
5,1685
10,3039
1,504
3,1089
5,10233
3,1267
1,394
1,476
1,476
2,833
1,378
3,1191
10,7440
7,10615
7,2844
7,2147
1,552
1,516
3,1191
1,550
2,2766
4,1307
7,2646
5,1659
5,1903
4,1267
3,1064
8,1943
1,3525
5,1857
3,1000
1,453
6,1954
10,3350
1,336
3,1394
1,442
7,2984
1,1862
2,1131
7,2147
2,816
2,748
7,2404
5,1747
1,504
1,342
1,432
4,1205
1,478
3,1031
7,2303
1,5064
1,555
5,1728
1,458
3,1003
6,1460
1,538
1,477
10,3098
7,10350
3,1125
2,811
1,437
3,1258
1,370
5,1696
2,806
1,477
5,40854
10,3167
1,519
5,6946
1,514
1,467
1,284
4,1382
3,961
1,530
10,4334
8,2642
1,611
9,3170
2,919
1,420
3,955
1,448
1,340
2,947
1,318
1,472
5,2914
5,1420
7,2536
2,909
3,4667
1,677
7,2518
1,973
1,406
5,1207
1,500
1,552
3,1213
1,269
1,490
2,889
7,2196
3,2087
5,1776
7,1979
1,563
1,470
7,2482
1,415
5,1379
1,481
1,416
3,2744
10,2750
1,417
1,468
6,5401
3,1139
5,1775
5,1689
1,1025
4,1437
6,14271
8,6691
7,2493
1,533
1,418
10,3569
1,408
4,1440
5,1736
7,1913
3,1116
7,1739
5,9729
1,667
8,4643
1,15724
7,6556
7,2357
8,7121
1,318
2,669
10,3204
10,5393
7,2259
1,605
2,780
6,1323
1,487
1,419
5,12400
5,12174
5,1619
7,2573
3,1060
2,879
3,1040
1,370
6,2088
4,1544
1,281
10,4124
7,2369
1,412
1,1163
7,2329
4,1587
1,379
1,496
1,395
3,1231
3,1844
9,2002
10,12579
1,382
1,277
5,1840
3,1291
1,442
3,1060
5,1556
1,379
7,38185
1,274
5,3473
4,1620
5,1745
1,364
10,3220
7,2300
1,257
6,2180
1,373
4,1353
10,3417
8,6858
1,605
1,321
1,278
5,8274
3,1083
5,1049
1,259
6,2039
8,2570
1,268
7,2537
1,384
3,850
3,1093
1,473
8,2806
1,321
10,3287
1,16184
10,4001
7,1654
1,250
7,2279
7,2414
1,409
1,473
1,276
10,3561
2,1067
1,340
1,619
3,1096
1,341
2,798
5,1905
1,343
1,310
4,1493
8,2653
1,279
1,391
1,244
7,2293
5,1981
3,1040
2,973
3,1063
1,396
1,383
5,1837
7,2114
1,258
10,41837
1,383
1,270
10,3145
1,433
2,805
5,1112
10,3031
7,30669
10,3156
1,253
1,329
6,2439
1,400
10,2528
3,1890
5,1499
1,301
4,1335
1,304
5,1687
7,2059
3,1019
1,391
2,678
1,352
1,456
7,2663
7,1966
10,2718
1,549
5,1517
1,385
10,5102
1,468
5,1786
7,2438
3,2067
1,612
3,890
3,1253
1,436
3,872
1,396
10,3366
2,749
1,404
4,965
9,2318
1,292
6,2046
4,1178
2,686
7,2523
4,9651
1,410
2,750
1,474
1,425
5,1848
10,10212
2,750
1,488
7,2508
1,503
7,2636
1,506
2,602
1,388
5,1698
1,344
7,2264
10,2522
1,259
10,3561
10,7504
4,1369
10,3504
10,4873
1,524
4,1186
10,3356
5,1910
1,513
7,2876
1,386
5,1660
10,2956
1,288
10,8559
7,2568
3,1412
3,4861
10,4026
1,281
1,444
10,3624
5,1874
7,2338
6,1586
1,507
6,2108
10,3238
1,273
10,3096
1,561
10,3154
9,2867
6,2219
1,306
1,498
10,3442
7,2434
4,1452
7,2164
10,2708
1,736
4,1335
1,292
10,4823
1,474
2,928
7,1843
1,522
4,2261
1,507
9,2787
7,2132
1,542
4,1249
5,1545
4,1868
9,2575
1,262
6,1927
10,5799
3,1239
10,3007
1,542
10,3636
9,3349
4,1414
7,2402
5,1733
10,2275
9,2493
7,2906
4,1465
1,250
5,1796
8,7824
2,863
10,6994
4,2094
10,3921
10,3499
10,3278
4,1155
1,1876
2,708
10,4402
10,3453
10,3351
4,1328
6,2639
1,348
5,1588
10,5933
1,513
10,5046
9,2398
10,2992
1,375
1,654
10,2525
10,3950
7,2994
10,3734
10,3725
4,1292
4,16936
5,1684
4,1350
3,1238
9,2453
1,359
10,2968
1,246
1,635
10,4193
4,1316
7,2951
1,464
10,2891
4,1353
1,398
7,2157
10,2943
1,513
6,2371
1,252
6,2284
1,247
1,352
8,2341
5,1871
4,1388
1,506
10,2921
1,577
1,536
6,1901
5,1134
1,507
10,9818
1,372
4,1408
1,347
5,1445
1,377
5,1640
5,3599
1,490
7,2663
10,3082
3,1088
1,439
10,3560
1,18603
4,1083
1,356
1,14238
1,351
3,1217
1,400
10,6083
1,467
6,2625
10,4583
1,500
1,410
1,429
1,325
10,2532
5,1903
1,293
1,597
1,362
10,9324
1,412
6,1843
1,463
1,695
10,4693
1,468
1,509
1,423
6,2144
1,342
10,3891
1,287
1,427
1,382
3,741
1,2092
10,3234
3,1375
1,606
4,1195
1,616
3,1599
1,570
6,1843
1,598
6,1962
1,440
1,474
1,404
3,2063
1,507
6,2027
4,1423
1,491
3,1150
10,3192
1,548
7,2386
9,2960
1,631
10,3155
1,1266
1,823
1,317
2,648
10,3199
10,3049
3,1435
6,3568
10,3233
1,369
5,1972
1,348
10,3334
1,502
6,2084
10,6143
1,330
1,406
5,1716
10,5015
10,3469
3,999
1,394
5,1670
1,711
1,496
1,415
6,2079
10,3415
5,1975
10,3717
5,2131
1,340
3,985
1,350
5,3008
2,790
1,444
6,1984
6,14336
1,389
1,355
5,27399
5,1529
7,2425
10,4181
1,422
10,2477
7,2505
10,9165
7,2254
5,1727
1,487
10,3312
1,430
7,2510
1,375
4,1421
6,2131
10,16389
1,531
1,458
3,790
7,2391
1,356
4,1402
5,1076
1,472
6,1573
1,476
1,1888
1,242
4,1457
10,3397
10,3351
4,1422
1,398
10,3572
2,681
1,386
3,1343
7,2325
1,572
10,3239
1,518
1,696
1,235
1,388
10,3764
4,1436
5,1622
6,2048
10,3277
10,3324
1,313
1,547
6,1989
10,3228
5,1770
1,640
1,529
3,1152
1,366
5,1884
3,2157
7,2365
1,357
9,3156
10,3967
1,478
1,598
7,2146
5,1721
10,3211
5,23297
6,1670
10,3329
1,348
7,2272
1,484
1,329
10,3150
10,10882
8,3206
4,1322
10,3255
4,1196
10,13487
7,2226
10,5123
1,320
1,460
1,318
3,1115
1,361
2,723
6,2080
7,6953
10,2720
10,3384
1,366
1,322
6,2528
4,1269
10,3509
5,1555
10,2734
1,346
1,595
1,368
6,2764
5,1714
4,1556
10,3416
5,1882
1,502
1,331
5,2047
1,456
1,1221
3,1134
9,2945
1,355
2,842
1,335
10,8422
10,15701
3,1270
10,2776
1,553
1,351
1,319
7,2732
1,495
1,333
9,3157
10,3226
1,337
10,3444
1,387
6,2205
10,3623
5,1936
10,7083
6,2116
1,492
1,354
9,14041
3,1067
4,1982
8,2685
10,2971
1,363
4,1464
1,382
9,2883
4,1343
6,2071
1,554
6,2193
1,446
1,288
4,1486
1,2701
3,17196
10,2684
10,2981
1,370
8,2993
1,356
5,2129
1,548
10,3226
1,539
5,1817
1,457
1,295
3,1406
1,488
4,1636
5,1922
4,1012
1,357
10,6450
1,369
10,3908
10,2814
7,2569
1,457
9,3230
1,398
1,276
1,515
1,545
1,569
9,2854
3,854
1,451
3,1108
1,326
3,1042
6,4674
6,2070
1,496
10,3248
1,429
1,305
10,3251
1,434
5,2278
9,4660
5,1912
10,3658
1,322
1,359
10,11063
4,5065
10,3787
1,400
7,2735
1,476
1,259
3,982
1,325
6,2113
1,395
1,419
3,1751
8,2770
1,353
2,638
10,14851
5,1709
1,585
4,1282
10,3510
1,356
6,6500
1,382
1,420
1,632
6,1985
4,1628
10,3138
2,688
10,3607
4,26570
10,3587
1,578
3,1170
4,1464
2,760
10,3403
1,364
5,1675
2,881
7,2174
10,3608
1,359
10,3094
8,5828
10,3664
7,2453
1,360
10,3543
4,1342
10,3294
10,49300
1,344
10,5243
4,1708
10,7111
1,618
1,564
3,1019
10,15602
4,1712
4,1586
1,603
2,738
10,3508
10,2779
4,39554
10,3576
9,3128
8,4288
9,2960
7,1984
2,857
10,3148
4,1427
3,1218
3,1054
4,1308
10,3378
3,1300
10,3183
4,2851
10,3272
8,2971
10,5489
6,1963
10,3428
1,382
4,1657
1,609
6,2132
1,462
1,255
6,2116
1,430
8,1946
1,574
6,11352
2,772
10,3344
10,3155
3,1385
3,2865
8,2875
10,3588
5,1924
4,1486
6,2535
4,1379
6,2261
10,3433
3,1118
8,3233
10,3556
10,3011
5,5747
3,1195
5,1710
10,3287
1,558
3,1125
1,319
5,2699
1,471
3,986
5,1475
4,5027
10,4823
4,991
1,382
7,2756
5,2213
1,450
5,1788
1,395
1,398
10,3140
10,4615
10,5091
5,2124
10,2796
1,452
4,1450
9,2984
1,284
4,1298
9,3344
1,565
3,2373
1,1360
5,1644
2,631
6,2751
1,349
1,559
4,1098
6,2014
3,993
5,3528
1,340
1,359
1,571
1,501
5,1620
5,3679
1,458
1,321
10,4904
1,435
5,1944
5,1711
6,2092
3,1130
1,551
1,369
1,368
6,2117
1,393
1,608
1,342
1,419
1,566
4,7582
1,441
6,2206
10,5162
1,417
2,556
1,463
1,460
1,276
5,2749
1,472
1,415
4,16404
1,394
1,388
5,5751
1,382
1,339
1,430
5,1639
1,378
10,3282
1,398
1,308
1,628
1,429
2,881
10,5943
1,2619
1,397
10,17456
1,336
1,333
6,1987
1,4269
5,1713
10,2895
6,1829
1,246
5,1764
8,2788
1,601
1,325
1,419
6,1922
6,13265
1,452
6,1924
10,2853
1,388
6,2030
1,466
1,517
1,340
6,1965
1,354
1,410
10,12991
1,930
10,3747
4,1620
1,411
4,1492
6,1680
1,419
5,6718
1,271
1,400
1,355
1,388
5,2001
6,2334
10,3220
1,441
4,1324
2,851
1,439
10,3838
9,3078
1,439
6,2109
1,228
10,3255
1,396
8,2703
1,492
5,1771
5,1590
1,363
1,394
10,3281
1,396
8,2785
10,3766
1,436
1,451
1,355
1,361
1,377
2,747
6,2304
6,2318
3,4318
1,357
1,338
4,1544
3,1040
2,669
6,2241
1,682
10,3210
1,245
10,3217
3,1040
4,1339
5,1915
8,2732
1,450
1,503
1,458
6,2109
4,1316
10,3435
4,1367
1,641
1,3886
1,384
1,352
1,427
10,3171
6,2412
9,2840
1,373
5,1426
8,2950
10,13749
10,3223
4,1331
4,1310
1,556
8,6289
10,3166
10,2853
7,3573
5,8028
10,3658
10,3245
3,893
6,2354
1,472
1,391
3,956
9,3442
1,442
5,1881
2,764
2,435
2,513
1,404
9,8691
1,498
9,3187
5,1780
5,2439
10,21869
1,425
4,1534
5,1573
1,395
6,2217
10,3131
1,2185
10,2249
3,1105
9,12318
2,842
5,1515
1,352
1,559
1,331
10,10775
1,462
1,439
1,390
10,3504
9,3112
1,497
3,1213
10,3142
1,401
10,3942
4,5384
1,405
6,4792
3,1011
1,317
5,1786
9,10857
1,436
5,1864
4,1295
1,517
4,1392
5,1564
1,509
4,1592
9,8656
1,364
1,1201
4,1828
10,32251
6,2230
1,518
1,408
1,462
5,1946
1,331
10,3661
10,3057
1,551
5,2110
1,471
1,354
10,3620
5,4406
4,1561
6,2022
1,444
1,332
1,530
9,2676
10,2779
8,2347
10,3403
1,465
9,3399
1,348
1,708
8,6235
1,615
1,362
5,1608
1,378
1,368
8,2848
1,236
9,2967
7,1597
3,1114
1,420
1,567
1,468
5,1703
2,651
6,1998
3,13449
1,431
1,263
1,378
10,3521
1,503
10,2669
10,2535
4,1487
1,383
10,3185
2,448
6,2093
4,1403
1,329
4,2864
1,402
1,259
1,418
4,1325
1,443
8,3105
6,2178
7,2421
1,424
1,537
1,279
10,7582
9,3118
6,6130
1,386
8,2703
1,362
1,396
2,7612
1,443
10,2453
5,1195
4,1486
1,427
4,1735
1,352
1,354
9,3155
1,572
1,350
2,701
1,291
2,720
5,1950
1,758
10,3076
7,2324
1,436
1,394
10,2962
1,364
1,436
1,472
2,804
3,1289
4,1153
10,2388
10,3256
9,2880
1,455
3,848
10,3305
6,2019
1,444
2,564
1,361
6,1860
1,492
10,4167
1,450
10,3155
1,301
6,2458
1,559
1,391
10,2380
5,1874
1,370
1,337
10,3305
1,341
9,2932
10,3300
8,2980
1,463
5,1123
1,429
10,3588
10,3437
1,486
10,3491
10,3714
10,2744
1,482
10,3327
1,243
8,2553
2,884
10,3367
1,429
9,3026
1,376
4,1396
10,6572
1,276
4,1571
10,3562
6,4791
10,3316
6,1948
1,260
2,730
10,2490
4,1330
1,327
9,1999
1,376
10,3108
1,595
1,299
7,2293
1,420
1,359
6,1905
9,3238
1,340
4,1428
10,2629
9,2871
1,434
1,438
1,530
4,1428
10,3718
1,300
10,2451
1,269
3,1014
10,7165
3,918
1,243
9,2944
2,589
9,4403
1,412
1,475
10,2930
3,1107
2,993
1,263
6,1443
1,241
2,689
1,384
8,2025
4,1356
9,3070
10,2908
4,1435
5,1882
10,2182
2,846
6,2086
10,3215
10,3288
4,1220
1,284
8,2757
2,912
1,3072
10,3490
1,568
10,2843
1,740
6,2065
10,3335
10,2983
3,1271
10,2782
2,646
10,2648
1,280
4,1068
2,723
1,701
10,3214
1,440
10,2010
1,500
9,3024
1,303
10,2116
4,1054
10,2498
10,3336
10,3432
1,310
10,3192
4,1500
1,370
1,375
10,3875
8,2075
1,411
6,2019
10,3055
9,2797
1,485
9,3200
2,825
1,376
1,381
9,2897
10,3761
1,306
8,2771
1,495
8,2256
1,368
1,331
2,636
8,2182
1,598
1,338
10,2526
1,252
1,340
9,2116
9,2667
1,421
10,2711
10,3825
1,408
1,459
5,10525
10,3276
10,2092
4,1480
1,350
10,3056
1,250
3,986
1,602
8,2751
1,273
6,1719
1,533
1,373
1,446
9,2975
1,449
10,2645
5,2011
1,268
8,2043
1,221
1,262
4,1453
10,2847
1,400
9,3149
1,350
1,302
1,373
2,663
1,324
3,899
1,391
1,362
8,2297
1,253
1,721
1,472
8,2154
9,2375
10,2895
1,266
1,260
1,283
4,2010
1,409
4,1068
1,373
1,503
10,3168
1,235
10,2845
1,316
10,3170
1,417
10,2633
1,239
1,587
1,244
10,4440
1,413
10,2403
5,1667
1,567
10,3243
10,2175
10,4012
1,393
3,701
1,433
2,511
8,2489
1,314
1,278
5,2401
9,2399
10,2698
6,2129
1,346
3,1163
1,239
10,3317
1,264
10,2251
1,245
3,914
1,283
1,370
1,280
9,3452
1,259
10,2863
9,3250
1,331
10,2956
1,243
10,3054
1,264
4,1104
10,3634
4,1126
2,694
1,261
1,306
1,624
10,2469
7,1649
8,2879
8,2060
4,1123
1,370
5,1286
1,390
10,3539
7,1555
10,3954
1,294
1,258
10,2119
10,4000
1,349
10,3367
10,3786
1,473
10,2983
7,2219
7,1797
1,252
7,2064
1,612
10,2359
1,310
1,291
4,1735
10,4160
1,277
6,2292
2,768
1,345
10,2840
1,229
7,2739
1,271
10,2240
10,2492
8,2334
1,318
10,2452
10,3538
2,725
1,244
1,453
5,1762
10,2572
7,1729
10,2181
10,3555
1,287
6,2011
10,3550
7,1855
1,316
3,737
1,454
2,586
1,229
1,284
9,3021
3,908
10,2196
6,1393
5,1207
1,245
1,414
10,5659
10,2204
1,329
10,3359
10,4380
10,2698
1,527
1,252
9,4198
10,2911
6,1352
10,3123
3,762
1,329
1,244
10,2501
6,1358
10,2531
4,1536
10,3114
10,2587
8,2141
1,273
1,509
4,2683
1,481
3,729
10,2706
10,2293
1,302
10,3304
1,343
10,3248
10,2558
6,1874
10,3822
10,3325
1,276
1,494
10,2857
1,258
10,3204
3,752
10,2388
1,240
6,2241
1,337
9,3039
10,3242
9,2899
1,520
10,2446
1,393
1,386
7,1889
1,301
10,2829
5,1356
1,1355
1,239
4,1289
1,254
2,561
7,1985
10,2381
1,539
3,789
1,487
1,401
10,2128
1,329
7,2372
5,2002
10,2156
1,234
10,2667
1,253
8,2067
6,1452
10,2507
8,2207
10,2280
1,385
1,305
6,1511
1,247
10,2196
10,3560
10,3475
1,262
7,2139
1,281
10,2239
10,3393
3,715
1,367
4,1413
10,2507
1,437
10,2805
1,236
10,2499
10,3344
9,2406
1,240
10,2713
8,1948
2,664
6,2319
4,978
1,375
10,3200
1,431
1,385
10,3354
1,246
8,1866
10,2862
10,2875
1,266
10,2205
1,240
3,680
10,2406
10,3342
1,351
7,1661
1,246
1,266
4,1272
1,498
3,965
1,392
10,3130
1,226
4,1365
1,228
10,2919
10,3534
10,2308
1,383
10,2526
4,1149
1,360
10,2912
1,322
10,2738
1,496
10,2040
10,3607
6,5273
1,327
10,2782
7,1582
10,2420
1,370
6,2104
10,2848
1,286
10,3167
1,244
2,593
1,777
3,1128
10,3391
7,1587
1,261
4,1339
10,3166
7,2269
1,473
10,2136
10,2429
1,260
8,2291
10,3460
2,881
1,371
10,2392
10,4664
3,743
1,223
10,2426
10,2775
10,2354
8,1803
10,2272
8,2691
1,335
10,2513
6,2027
5,1333
1,355
10,3441
4,1365
1,559
6,1774
8,1724
10,1993
6,1255
1,358
4,1016
10,2120
10,4533
10,2868
10,2615
10,3767
1,594
4,821
8,2632
1,379
10,3644
7,1503
4,1370
1,381
1,284
10,1991
6,2206
10,3328
6,2527
7,1773
10,3157
1,382
10,3260
5,2204
1,383
4,1361
6,1295
3,861
1,264
4,975
10,2311
10,16499
10,3376
1,508
10,2242
1,484
1,316
7,1562
10,2946
1,264
10,3354
10,3284
1,349
1,258
10,2203
8,2399
2,10708
2,698
1,299
10,2466
1,266
1,365
10,2992
6,2590
1,254
2,743
10,3579
1,287
1,241
2,666
1,341
7,1684
10,3049
1,278
4,1441
1,375
1,970
6,1935
2,671
1,302
10,3354
4,1383
1,416
1,240
10,2178
1,241
10,3236
10,3127
1,317
3,857
1,300
10,3098
1,473
10,3367
1,447
4,1503
1,328
1,250
1,249
10,2943
1,234
10,2699
10,5627
1,408
10,2689
1,254
10,2826
1,230
5,1844
1,475
6,2110
1,344
1,248
1,235
6,1375
1,266
10,3635
8,1856
1,247
10,2798
1,278
8,2207
1,228
10,2877
9,2464
10,3604
1,229
1,234
1,268
10,2355
1,248
7,2029
10,2483
1,323
7,2098
1,302
10,3434
1,248
7,1669
1,323
10,2860
1,257
1,326
1,280
8,1607
1,308
3,823
2,602
1,277
10,3433
1,451
5,1062
1,229
10,3008
1,447
5,1109
1,303
1,345
1,237
10,2585
1,394
10,2199
10,2115
1,326
8,2634
6,1729
5,1675
1,301
8,2755
10,3198
7,2322
10,2794
1,347
10,2062
10,2622
1,790
3,1075
3,821
2,679
10,3245
1,425
2,989
1,235
10,3704
3,854
6,1669
7,2051
1,674
6,1582
10,3412
1,423
10,2141
4,1113
1,330
10,3170
1,488
8,5412
1,229
3,1161
1,462
10,4078
1,372
10,4391
10,3000
5,1697
6,2048
1,461
10,2685
10,3277
3,1110
8,2911
10,4883
1,282
10,3007
10,2447
10,3311
1,326
7,1724
4,1376
8,2690
1,442
1,281
8,1754
7,1715
10,3143
5,1452
5,1310
1,243
2,504
10,3235
5,1331
1,241
10,3411
10,12906
10,2801
10,2133
1,317
7,1510
10,2496
2,770
10,3230
5,1283
10,2187
1,556
10,2450
3,718
1,420
8,2666
10,2193
10,3049
2,487
1,364
10,2183
10,3217
1,446
4,945
10,2502
10,2397
1,286
10,3021
10,2419
1,270
10,3205
4,1162
1,436
10,2256
1,306
6,1624
8,2562
1,301
8,1819
2,652
4,970
1,398
1,507
4,1040
10,3022
10,3169
6,1356
1,310
10,3554
1,263
1,367
3,838
1,659
10,1995
7,2073
10,2775
1,425
2,631
1,421
6,1897
3,1157
10,3402
1,394
7,1779
1,248
1,266
10,2245
1,292
5,1331
3,1023
10,2564
1,382
5,1675
1,410
10,4045
2,668
10,2608
1,425
10,2083
1,258
1,284
2,928
1,294
10,2415
10,3320
6,2133
1,391
10,3824
1,421
3,745
1,505
7,2137
5,1641
10,3367
1,499
1,241
10,2415
1,259
2,648
10,3252
10,5486
1,308
6,1512
1,256
10,3256
2,489
10,2402
10,3341
8,2683
1,455
1,269
10,3104
1,244
10,3658
10,3525
10,3012
1,283
9,3013
1,295
5,1632
10,2337
7,2202
1,439
3,812
10,2911
1,255
5,1741
1,242
9,2931
1,578
10,3137
1,248
8,3166
7,1751
7,1518
7,1907
10,2410
1,292
10,2887
10,2723
1,244
10,2159
1,236
5,1419
1,551
6,1339
1,235
10,3488
1,320
10,2212
9,3136
10,2542
1,267
2,667
5,1735
1,217
7,6340
1,229
10,2394
1,390
10,2811
10,3721
5,1328
1,238
10,2896
6,1826
3,934
1,380
2,866
10,3151
1,227
10,2825
2,868
1,351
1,375
10,3229
10,3172
5,1868
1,222
8,2982
8,3131
10,3824
1,329
8,1861
7,2205
1,229
10,2639
10,3060
4,1509
1,506
10,3446
5,1118
4,1340
1,315
10,3629
8,2680
3,898
1,919
10,2332
10,2941
10,3447
5,1682
7,1539
6,2044
10,4366
8,1794
7,2418
1,357
1,261
5,1437
10,2500
1,488
2,538
5,1481
5,1740
10,3593
1,343
6,2072
10,3506
1,505
4,1110
5,1701
1,433
1,360
3,800
3,802
1,351
10,3200
10,2630
3,875
10,3321
1,294
8,2968
1,453
1,600
10,3376
10,2424
1,265
10,2799
2,751
4,1138
1,345
7,8880
7,2569
8,2360
8,2533
1,245
10,2821
10,3674
8,2992
2,607
5,1159
1,337
10,2853
10,3371
1,311
1,357
5,1715
1,543
10,2146
10,3078
1,332
3,1297
1,408
10,4450
1,524
3,1083
1,258
5,2112
10,3170
1,433
1,292
10,2920
1,306
5,1841
10,3179
1,383
4,983
1,472
2,703
1,256
1,509
1,275
3,1099
5,1207
2,633
1,395
10,2218
1,298
8,2719
10,2237
1,361
8,2010
1,527
1,363
1,305
8,2561
1,271
9,2955
1,605
1,264
1,337
3,1016
1,362
10,3902
2,510
1,358
10,2349
1,547
10,2553
1,308
5,1280
1,259
5,1397
1,325
1,550
1,335
10,2235
1,592
2,891
10,2234
1,276
5,1237
8,2808
1,489
1,274
10,2594
1,265
8,1909
1,469
1,335
1,301
5,1039
1,351
10,3242
5,1575
1,317
10,3208
10,3461
1,521
1,295
5,1171
1,545
1,326
1,277
1,301
1,339
10,2230
1,471
10,2631
10,3277
1,257
2,439
10,3755
6,2622
1,276
2,994
8,1847
10,3530
1,276
1,280
2,595
10,2652
1,659
5,1486
7,2145
3,720
9,2841
1,448
10,3428
1,313
9,7786
10,2867
5,1324
6,1351
1,338
10,2087
10,2446
5,1792
2,601
6,1836
8,1945
10,3197
1,474
2,624
1,275
9,2954
5,1243
5,1331
1,359
1,285
10,2116
5,2062
1,441
10,2985
10,3475
5,1215
10,2136
1,568
3,840
1,283
10,2690
10,2815
2,718
1,420
1,287
5,1637
7,2451
1,268
1,485
5,1093
10,2027
5,1425
1,398
4,1857
10,4221
5,1556
2,880
8,2231
1,432
10,3391
10,3143
10,3635
10,3076
1,248
3,908
2,856
10,2227
1,433
3,1000
2,8976
10,3463
10,2516
10,2532
10,4046
5,1718
8,2081
1,478
3,724
1,296
10,2533
10,3169
1,517
6,5685
5,1636
10,2041
1,391
10,2253
9,2292
1,451
10,2380
5,1287
1,359
8,1989
1,325
4,1073
9,2092
1,586
4,1208
8,3244
5,1249
1,489
10,2363
5,1253
1,414
9,2655
10,2145
1,387
10,2461
1,263
1,531
5,1448
1,284
10,3476
7,2516
8,2966
1,284
3,824
5,1487
5,1583
10,3373
10,2306
1,546
5,1151
1,274
1,280
10,2304
1,343
2,989
10,3673
10,3768
1,256
2,602
10,2223
10,2249
10,2914
5,1272
5,1810
2,734
1,260
1,471
1,426
1,279
6,1600
7,2650
5,2432
1,305
8,1693
2,717
4,1009
5,1304
10,2174
10,2254
10,3002
1,309
1,496
10,2248
1,412
5,1183
5,1860
10,2687
1,285
4,1053
1,470
1,487
1,377
8,1800
1,300
9,2558
1,274
1,391
10,3590
1,288
3,814
5,1536
1,458
1,291
10,3501
1,232
10,3123
10,2196
10,2903
1,383
10,3743
1,285
1,317
7,2766
1,267
10,3197
5,2086
10,2757
1,274
7,1738
1,357
5,1085
3,1104
10,3539
1,339
5,1365
10,2768
1,319
10,3492
1,291
9,2963
10,3755
10,3177
1,318
8,2797
1,325
5,1619
4,1126
5,1264
1,257
10,2637
7,2101
1,248
10,3265
1,257
4,4699
5,1759
4,996
1,378
7,1894
1,356
10,2317
10,2562
10,2607
1,440
1,556
10,3190
1,227
10,5362
1,283
3,696
10,3247
10,2874
1,342
6,1765
1,353
9,3226
7,2285
2,710
1,335
4,997
10,3096
1,236
10,4360
10,3634
5,1323
7,2141
9,2268
10,5772
10,4120
1,364
9,3095
10,3172
1,368
3,793
6,2105
10,3307
2,552
10,2729
4,993
7,2549
10,2777
9,1895
10,3197
10,7289
1,362
10,3102
8,2779
1,244
8,2286
10,2309
10,3888
10,3021
10,11085
7,2406
10,5422
1,652
10,6366
6,1508
3,1064
1,252
5,1216
6,1929
1,256
8,2274
10,3308
3,1098
10,2272
3,10585
10,3386
1,619
1,309
6,1422
10,3402
2,871
10,2640
5,1304
6,1886
1,253
10,2295
7,2619
6,2499
7,2352
1,5005
10,2124
7,1948
1,323
10,2382
10,3677
1,834
1,340
1,436
7,10148
1,244
5,1189
10,3478
10,3409
8,2450
1,533
8,3005
1,549
1,343
1,325
10,3372
2,1281
3,708
10,3308
10,3276
1,267
10,2812
1,506
3,1204
10,2689
1,424
6,2791
5,1840
1,358
1,535
2,866
1,824
10,2305
7,2545
3,1088
1,275
2,534
1,503
10,3322
10,2112
1,409
10,3186
9,2870
1,408
1,402
4,1302
1,730
8,2758
10,3351
2,876
1,262
2,595
10,3261
4,1367
3,638
1,620
3,2729
10,3348
1,375
1,257
10,3335
1,588
10,3586
1,308
1,498
1,363
10,2463
10,3437
3,2389
8,1982
7,2913
2,854
1,362
1,446
1,357
6,2391
6,2207
2,633
1,441
4,1472
1,264
5,1142
1,435
5,1675
5,2684
1,347
6,1692
1,1204
1,360
1,267
8,3057
1,1123
10,3044
1,575
1,531
4,988
10,3097
1,1690
8,2364
10,2645
1,549
10,8568
9,2898
5,4955
1,244
10,3392
1,675
7,1723
8,2710
1,699
10,2188
10,2235
3,2711
7,2511
5,1271
1,500
3,1316
10,3664
1,363
1,259
3,1195
1,610
7,2275
1,304
1,305
10,2130
10,3256
10,3564
7,2320
8,2808
1,408
4,4479
1,784
10,3029
1,257
10,3498
1,763
3,1741
1,303
1,315
7,2246
10,3533
1,379
10,6715
2,911
1,403
10,6145
1,511
3,1131
1,246
4,1406
1,827
6,1630
1,487
1,706
10,3292
7,2545
1,531
2,754
10,2688
3,1087
3,2484
1,586
6,1652
1,264
4,1552
10,7861
10,3813
1,556
1,616
6,2223
10,3572
1,649
5,1849
5,1094
8,3022
8,5885
1,610
10,3477
10,2152
3,1293
1,1527
2,1387
10,3608
1,571
10,3277
10,3698
1,619
1,524
5,1323
10,8512
5,1971
7,2184
7,2263
5,1397
7,2309
8,2943
2,970
1,515
1,540
8,2721
10,3214
6,1799
1,519
10,2432
3,1458
7,2668
10,3470
10,3215
10,3769
10,3472
4,1497
3,1715
1,479
10,3752
2,744
1,577
1,373
1,500
2,626
3,1161
10,3542
1,302
2,744
7,2442
7,2487
4,1640
4,3566
1,473
1,373
3,1039
3,1577
1,501
1,557
1,539
7,4354
7,12051
1,292
4,1506
5,1776
6,1482
8,2597
10,3402
3,1263
3,995
9,2788
1,519
10,4234
1,440
1,322
10,3343
2,4958
1,384
10,3236
10,3563
1,652
10,3572
5,1857
10,3502
10,3628
10,3884
1,626
3,839
1,533
1,487
7,2402
1,554
1,321
10,2275
3,1368
1,542
10,3673
8,2853
2,903
3,3105
3,1221
1,492
4,1016
1,843
1,424
2,656
1,1724
1,557
3,865
10,3404
1,643
2,924
8,1768
10,2748
8,3730
3,1110
10,10970
10,3352
1,460
1,330
10,2580
5,1271
5,1581
8,2567
9,2835
1,430
6,2745
10,3286
10,3390
5,1688
10,3356
1,285
3,1126
1,369
1,246
10,3134
1,458
3,1033
5,2097
10,3370
1,271
2,793
7,2032
2,846
7,1858
9,9713
1,419
5,1291
1,253
1,234
5,1241
1,591
6,1709
6,1971
2,821
1,235
5,1975
5,2073
3,984
7,2037
1,431
1,327
7,2606
1,266
1,517
10,3387
1,634
10,2669
10,3368
8,2630
1,328
10,3646
1,459
10,2862
2,24249
5,1672
1,362
10,3621
9,2392
1,447
10,2349
1,462
7,1754
5,1595
10,3279
1,518
5,1738
1,272
10,2760
5,17009
7,2519
3,1358
7,2549
5,1730
1,461
10,2280
1,488
2,620
10,3544
3,973
1,573
9,3244
1,280
10,3255
2,1023
10,3228
1,360
5,2034
10,3378
4,1233
10,3249
1,504
4,1308
4,1506
5,1692
1,521
8,2525
1,485
4,1434
9,2745
7,2364
6,2034
8,3011
10,3426
10,6452
10,3651
1,361
10,3982
1,476
1,462
10,3292
10,3337
1,297
3,1012
10,3639
1,395
1,558
1,480
10,3081
10,3773
1,357
1,806
10,3149
2,722
8,2417
6,2114
10,3238
1,261
8,2553
5,1662
5,1716
2,792
2,601
10,3321
6,1785
5,1687
1,445
10,2304
1,360
10,3288
10,3368
5,1192
1,282
7,2112
10,2367
1,549
10,2235
10,3525
5,1407
10,2773
1,293
9,2347
3,1052
1,414
2,766
5,3050
1,360
1,448
7,2682
8,2551
1,396
4,1445
5,1369
6,1422
10,3383
1,271
5,2184
8,1931
1,646
7,2561
7,2060
5,1244
1,260
6,2091
6,1611
1,402
10,13487
9,2779
10,2711
10,2436
1,317
10,2816
1,511
4,1518
5,1601
10,2403
7,2074
1,228
5,1851
10,3449
1,425
7,10914
10,2714
10,2220
7,2193
1,420
9,2904
3,1088
1,354
1,337
4,1515
1,331
10,2632
10,2799
10,2591
1,317
5,1815
7,3373
10,2735
2,760
1,455
10,2876
5,1800
1,614
1,503
6,1822
1,319
5,1815
10,2615
1,427
1,267
8,2895
10,3640
4,1128
10,3057
1,245
1,554
8,2549
1,447
1,470
5,1525
1,248
9,2602
1,216
5,1720
1,283
10,3403
1,557
4,1296
2,845
1,280
10,3397
9,6481
8,4572
1,500
3,1052
1,560
10,3269
1,293
1,434
1,246
5,1350
1,532
10,3166
3,1422
1,301
5,1677
10,6635
6,1898
1,523
6,1618
1,350
10,3903
1,308
1,355
1,258
10,3732
1,241
10,2332
3,1051
1,252
6,1836
1,389
7,88111
1,551
4,1124
1,277
5,1890
1,472
1,515
1,276
10,2318
1,352
10,2599
5,1189
7,1698
10,2265
1,310
3,1109
1,400
10,2230
1,427
5,1445
1,394
1,381
1,309
5,1605
1,392
6,1824
8,2020
10,2128
7,1760
1,349
1,420
1,374
7,1665
1,301
1,300
7,2110
1,357
5,1280
7,1979
1,333
1,523
10,2507
4,1268
2,517
1,516
3,1065
1,388
4,1350
1,251
5,1583
10,2551
4,970
10,3176
10,3168
1,358
1,513
10,3023
3,1070
4,889
1,429
10,18284
1,369
10,3252
1,698
6,1968
10,2412
1,520
5,1287
10,3278
1,400
1,423
8,2715
10,2499
10,2395
1,403
3,1171
10,2138
4,1340
6,3490
10,2775
1,473
1,248
10,2332
10,3641
1,361
1,380
10,2548
10,2844
10,9286
1,390
4,1339
5,1696
10,3708
10,2432
6,2106
10,3302
1,387
9,2509
1,418
1,354
1,433
7,2416
10,2107
10,1959
1,464
3,1409
9,2845
10,2411
3,806
7,2159
1,560
1,414
9,2073
1,339
5,1358
1,421
5,8520
6,2236
10,2150
2,544
1,2479
10,3056
3,760
4,1830
2,568
1,447
1,462
5,1565
1,360
3,978
1,414
1,517
1,596
3,760
1,260
5,1904
7,2619
6,1660
4,2428
10,3234
1,472
10,2371
5,1188
1,288
6,1451
1,474
1,444
10,13696
8,1744
4,842
1,381
10,2903
1,652
10,18958
4,1433
1,355
7,2394
1,403
1,1226
10,3324
1,4299
1,436
10,5861
1,530
5,1296
5,1846
1,275
1,458
10,18213
10,3176
5,2057
10,2627
10,2192
1,347
7,1709
9,2943
1,531
5,14320
1,525
1,445
3,961
5,1335
1,9385
10,6283
10,3116
3,1161
10,3017
10,2302
1,305
2,701
1,431
1,601
5,2044
1,482
2,6981
4,1302
3,1324
1,504
6,1824
4,1123
2,595
10,2950
10,2725
1,386
4,1321
1,487
1,492
5,1790
1,523
7,8617
7,3026
10,2510
1,347
2,904
3,777
10,2181
10,2330
2,548
5,1536
10,3268
1,391
1,399
4,1246
1,378
8,2719
5,1603
10,2859
1,516
6,1680
8,1770
6,1851
3,824
10,2044
1,284
10,2576
5,1790
1,408
8,29818
1,400
1,474
2,800
7,1894
1,585
5,1756
1,633
7,1510
2,772
10,2893
1,272
10,2727
10,3245
1,413
1,454
1,398
3,1019
2,689
2,859
1,499
10,3154
1,13913
8,1842
10,12719
10,3278
3,974
3,821
5,1852
1,249
1,525
1,474
6,1888
7,8341
10,3201
1,417
3,861
1,494
10,2932
3,1192
10,2159
10,2543
8,1763
5,1804
9,2936
1,424
1,453
3,2416
5,14269
10,3184
1,497
8,2569
1,469
10,2588
5,2502
8,1750
6,1515
1,465
4,1303
10,6118
1,349
1,440
1,382
2,853
10,3065
5,1731
4,9835
4,1509
10,2241
8,3650
1,786
10,2317
3,3049
5,1772
10,2727
5,1675
1,463
5,30189
10,4815
10,2094
10,14082
4,1402
1,346
4,1290
5,10808
1,535
7,1761
10,3731
4,1544
10,2745
3,888
4,1388
4,1370
2,765
3,779
10,3534
5,6255
6,2700
3,815
4,7939
1,514
4,1425
7,2530
1,591
7,2440
1,294
3,1118
3,1530
5,1542
8,2009
2,762
5,1585
1,350
1,13678
2,839
1,18641
4,1346
8,2580
6,2335
10,2919
10,3787
8,1923
5,3798
10,7494
1,374
7,32932
1,418
1,436
5,1900
3,1076
1,730
10,2956
5,1675
5,1661
1,561
2,2368
9,2795
5,1609
10,11745
1,611
4,1356
1,350
1,424
10,3211
8,3693
1,673
3,1211
2,554
3,1187
3,966
4,1196
4,1737
6,1909
1,597
1,513
3,981
7,2543
10,3886
1,479
7,6077
1,598
10,2855
9,8302
3,1098
7,2395
1,338
5,1878
5,1642
1,496
1,513
5,1797
1,349
5,1664
1,409
5,2015
1,478
6,2387
1,359
3,1193
10,2422
3,1161
6,2306
7,2335
8,6935
1,404
3,1129
1,458
10,4615
8,2592
1,12880
5,1772
1,767
4,1562
10,5414
6,1518
1,381
2,851
7,2337
5,3588
1,401
8,4180
6,2095
3,4793
2,703
5,1700
6,1872
5,1877
1,489
3,1127
10,2294
1,381
7,2922
3,1167
4,1442
1,438
3,1064
1,322
1,390
5,1612
1,389
1,341
10,21320
1,2540
4,1321
7,1789
1,467
3,979
2,3628
10,6721
1,443
6,2004
1,369
1,488
10,26534
1,349
4,1559
10,20051
5,1695
5,1735
4,1255
1,366
3,1042
5,2261
1,549
1,383
1,460
3,1630
6,2121
4,1302
3,954
1,492
3,1203
2,730
5,1895
10,2773
6,23910
6,1832
1,598
1,378
1,432
10,3463
5,1584
4,1428
1,493
6,6730
1,477
5,1861
1,366
4,1522
3,1520
1,322
1,294
3,1327
1,364
9,6923
3,1077
3,939
5,1775
1,701
1,318
9,3752
8,3119
1,488
5,1717
4,1390
5,42444
5,6772
2,1173
1,406
10,3456
3,54427
1,377
7,2264
1,449
1,554
10,9121
4,3277
1,403
1,574
10,3198
4,20724
1,422
9,3286
1,647
5,1718
4,1262
1,374
3,1100
5,1757
1,533
3,887
1,565
8,8860
7,2527
3,928
4,1388
10,3568
7,2832
3,1071
1,443
2,794
6,1916
1,335
1,425
1,702
4,1445
1,467
6,11509
7,9848
6,1436
6,2075
4,1375
1,575
4,1247
3,889
6,8435
1,531
3,12123
1,377
1,523
6,1918
5,2082
10,15499
5,1916
1,567
5,1533
6,2009
6,2548
1,358
2,598
5,1735
1,373
3,5824
1,368
10,3404
5,1578
1,1542
3,984
1,543
1,437
7,2118
6,2025
1,447
2,1437
7,2268
6,2783
1,349
10,11610
1,362
1,367
7,2369
2,864
3,909
1,466
1,571
4,1896
5,2039
10,9225
1,433
5,1655
5,4376
1,367
4,1497
2,689
1,351
5,1753
1,366
1,291
3,1031
1,506
5,7419
5,1936
1,349
1,501
7,2328
7,2389
10,3720
6,4049
1,626
1,428
10,3252
4,1599
1,451
2,14937
1,462
4,1672
5,1589
10,3389
1,672
8,2589
3,1547
3,1105
3,6343
8,3864
1,365
1,349
6,2075
1,448
1,2403
1,500
2,8212
1,595
4,1498
4,1498
1,442
1,412
4,1297
5,4466
4,1405
7,2092
3,1000
1,372
1,432
5,1787
1,411
2,2492
7,2464
1,337
8,2753
3,1006
5,5006
5,1825
5,1686
6,11186
4,1304
3,1228
3,1191
4,14087
1,338
1,514
5,1809
1,404
1,614
7,1848
3,1008
2,1234
5,1874
3,3060
3,16253
6,1987
3,891
3,1606
5,1602
1,456
1,496
3,1018
1,398
10,3491
4,1409
3,983
1,574
5,1701
3,1070
3,2608
5,1633
3,935
7,11907
1,329
1,548
1,458
2,1006
1,485
1,343
6,1598
1,453
4,1444
7,2564
5,1924
1,329
5,2618
4,1204
1,506
6,1954
1,526
10,3223
10,4218
1,372
3,1008
9,3067
10,3190
1,513
2,1092
2,3850
5,20021
6,9948
5,1719
1,425
5,1657
1,518
10,2383
6,2024
1,409
1,606
7,2234
4,1338
5,1706
5,5248
7,20332
4,1290
5,1719
5,11601
1,517
6,8279
9,3292
3,955
7,6707
1,567
1,619
6,2012
6,2030
1,551
5,1781
7,24050
5,5986
2,1143
5,11202
3,974
7,5220
1,414
8,2405
10,24306
3,1129
4,9528
10,3262
5,2199
1,435
3,1468
5,1672
3,955
3,972
7,14966
3,7812
3,1067
3,1506
2,804
4,1363
4,1336
1,608
2,663
5,1701
1,615
3,1442
1,604
5,1138
4,1311
7,8563
1,375
5,7071
1,1132
3,1115
10,14443
1,404
1,546
2,2304
6,1962
1,2163
2,805
1,531
5,39830
3,1517
2,741
1,355
4,4514
2,1026
4,1295
10,3186
2,817
1,554
1,379
5,1688
3,1110
5,1917
1,732
10,2874
3,1434
5,1747
10,3697
5,3493
6,2208
7,2424
4,1415
1,383
1,428
3,1149
1,484
1,537
10,3179
3,1661
6,27315
2,787
2,744
7,2365
1,459
10,3486
2,610
3,1063
5,2416
2,793
7,1636
7,2267
1,708
6,2015
1,310
4,1542
10,3449
5,1724
4,1352
3,1011
10,3330
8,2884
1,334
1,281
4,1101
10,2603
1,319
1,533
7,2200
1,562
5,1672
6,2008
1,489
3,1138
6,1820
4,1447
3,1044
4,3301
5,1734
8,3043
10,3531
1,700
5,2259
10,3153
1,568
4,1612
7,2922
1,435
5,2234
10,3371
10,3357
4,1323
1,500
3,1266
2,972
10,2385
1,431
10,3698
4,1407
1,362
2,11233
7,2040
1,439
5,1823
9,5629
4,1698
6,56210
1,478
1,362
7,2583
10,3338
1,379
10,3588
5,2020
2,730
3,1086
10,3889
3,949
7,2388
7,5372
4,1537
3,1089
1,399
2,844
8,2889
8,2749
1,542
10,3645
10,3669
1,1349
2,946
3,1106
1,382
2,985
4,12973
3,1079
3,957
1,413
6,2124
4,1480
1,446
3,3358
4,1715
1,533
1,720
1,456
4,1755
2,1118
5,3414
1,411
2,877
1,462
3,950
7,2284
6,2420
1,395
2,796
5,7535
4,1362
1,370
10,15253
10,3276
1,417
5,1493
10,4216
4,1624
3,1030
1,332
9,2765
1,353
1,583
1,330
10,14353
1,457
4,1783
1,594
1,603
5,1774
3,2177
1,491
1,436
5,1510
6,3354
4,1455
9,3041
1,438
5,2091
4,7733
8,2035
5,2313
6,1920
4,1252
1,360
2,905
4,7155
2,843
10,30135
1,374
10,3216
10,3188
1,395
1,331
1,509
1,382
6,2045
7,3290
3,1111
10,7304
10,3580
1,396
8,2470
5,6838
1,413
10,4230
7,2482
1,373
4,2228
4,1628
1,403
10,6382
10,15536
1,352
1,412
10,3238
1,482
6,2182
6,14971
2,659
4,1353
2,683
1,254
1,460
2,846
1,412
10,3277
1,492
1,567
6,2020
6,1651
10,2612
4,1344
3,1170
1,453
3,886
2,669
1,240
1,408
6,3220
1,421
10,25131
4,10000
1,628
9,2824
7,2593
3,1353
7,2550
7,5106
1,481
3,903
1,393
1,264
5,1223
2,688
2,690
4,1400
1,752
1,418
10,10582
10,3537
1,421
6,2620
2,5010
4,1534
4,1227
1,377
1,273
7,2692
1,848
1,419
2,815
10,13410
7,2387
1,595
4,1217
1,465
9,3673
5,10046
2,852
2,836
6,1377
10,2745
3,991
7,2411
3,5672
5,1723
1,509
1,467
5,13781
1,684
1,804
8,2770
5,1790
8,3090
2,897
2,462
2,754
2,1285
8,2148
4,1351
3,1564
10,3223
1,492
1,328
10,3488
1,540
2,841
1,325
7,2429
4,1343
3,780
10,2204
10,2736
6,2361
1,649
4,3999
1,452
4,2168
4,1276
1,342
1,398
10,3352
7,29710
4,1485
1,384
10,3690
10,2171
3,1155
4,1462
1,700
4,1521
1,474
1,409
1,474
1,550
1,314
7,2581
3,14057
6,2000
8,2396
10,2759
9,2019
6,2448
7,2263
1,568
1,510
4,1647
1,406
10,43961
1,542
3,1110
6,2006
1,425
10,3572
7,2238
4,892
10,3130
10,3291
7,2550
4,1589
4,1137
3,1413
1,483
1,443
1,446
2,855
1,297
1,454
2,832
4,1536
1,249
4,1562
4,1536
10,7402
1,396
1,266
1,478
1,494
3,1009
3,1147
4,1326
1,376
1,386
10,3245
6,1941
1,386
10,3250
10,3743
2,950
2,706
8,3044
1,630
2,772
4,1578
4,1771
1,444
1,344
1,471
7,5965
10,3387
1,384
10,2197
4,2511
10,3680
2,1604
2,666
1,459
4,1090
4,1410
1,380
2,734
1,465
1,390
1,571
6,2046
1,310
1,229
3,1102
2,4530
4,1373
7,2457
2,956
1,570
2,766
1,418
8,2579
1,402
1,905
2,899
7,1717
8,2692
6,2297
2,662
1,725
7,2456
6,2277
4,1609
8,2826
1,365
1,551
7,1683
1,719
1,458
3,857
2,798
1,296
6,1781
4,1397
1,427
6,2183
9,4398
2,918
5,1737
8,2462
1,551
4,1713
1,443
1,495
10,2531
7,2023
1,368
4,1177
4,1703
1,412
6,2273
7,2387
2,678
6,1441
7,2308
1,569
6,2090
1,338
1,430
10,2898
10,3267
8,2007
10,2428
1,338
2,627
7,2569
6,1952
1,278
6,1842
6,1965
2,726
7,2714
1,352
2,639
10,2292
1,305
1,387
10,2703
2,835
1,303
8,3030
2,789
4,1458
8,3049
9,3057
3,1195
10,3184
1,304
6,4294
8,3237
1,235
1,303
10,3383
8,1998
1,242
10,3450
9,3344
10,3810
10,3439
6,2096
4,1532
2,662
1,361
10,3659
8,2565
1,279
1,264
10,2853
4,1493
1,346
1,795
7,2179
4,1477
7,2355
7,2252
9,3382
7,2819
1,486
7,2168
7,2434
1,248
1,418
10,3422
7,2315
1,276
1,700
1,573
6,2124
2,762
10,3377
2,756
10,5765
1,299
10,15597
10,3385
1,267
7,1634
1,416
6,6058
1,259
6,2000
2,686
8,2660
1,499
2,740
4,4073
2,1103
4,1197
4,1393
10,2453
1,280
10,2779
1,278
6,2268
1,358
2,553
1,612
6,2065
1,504
7,3065
1,721
2,797
2,586
10,3359
1,365
1,252
8,1950
1,290
7,1778
1,323
3,767
1,656
7,2224
2,716
1,460
7,2804
1,573
3,771
4,1845
1,443
1,251
2,760
1,302
10,2933
1,301
10,2838
1,438
7,2218
6,1763
2,589
4,1605
6,2287
10,3197
3,890
1,355
1,252
1,447
1,573
2,582
3,890
10,3140
1,407
10,9778
3,901
1,390
6,2279
8,1879
8,2267
2,779
1,279
1,390
10,3391
1,297
7,2219
10,2809
4,1643
1,468
2,974
10,2841
1,573
1,510
3,811
8,2576
3,934
1,274
2,660
10,2460
1,305
10,3205
10,3453
8,2778
1,452
1,476
10,3361
1,307
6,2059
10,2148
7,2300
4,1363
1,291
1,499
2,663
1,284
1,301
10,2486
8,2260
1,387
2,947
8,2624
1,278
7,2286
10,3456
10,2532
2,776
1,369
2,700
4,1605
1,409
1,271
8,2594
7,2331
1,299
2,651
4,1242
1,326
7,2565
4,1126
2,592
4,1233
1,374
6,1461
10,3458
1,567
1,261
7,1949
10,3058
1,283
3,754
8,3018
1,231
10,2830
8,2082
1,447
1,393
1,427
3,733
9,2652
10,3401
1,284
10,3586
1,509
2,538
8,2610
7,2281
1,241
2,669
1,378
10,2311
7,4717
2,485
10,2854
10,14069
10,2326
1,243
2,643
1,385
1,435
1,483
10,3472
1,301
1,635
1,256
10,2189
8,2775
1,257
8,2536
6,3934
10,2868
1,243
10,2584
1,388
1,408
10,2723
10,2269
1,237
2,629
1,260
10,2177
7,2185
1,426
4,1555
1,401
10,4476
1,280
1,520
2,585
3,821
1,249
2,836
1,234
3,828
1,350
8,2234
6,2233
10,2170
8,2653
1,390
6,2373
1,372
10,2194
1,350
10,2269
1,240
1,305
1,387
10,2278
1,358
10,3444
4,4188
10,2919
7,1858
1,359
10,3968
1,281
10,2181
1,260
10,2267
1,310
1,280
6,1373
10,2875
1,445
4,1269
9,3586
5,1709
10,2560
1,284
10,2792
1,417
8,2303
1,274
10,3492
1,298
1,246
8,1938
10,2441
1,359
9,2038
6,2083
4,1430
2,706
1,653
4,1098
2,801
5,1688
1,265
10,2567
10,2415
1,283
2,820
8,3103
7,1759
10,2907
10,3715
10,3236
1,432
1,614
10,3550
1,605
9,3105
1,293
8,2578
1,378
1,697
3,813
8,2602
1,234
2,715
1,422
9,4528
10,1999
1,412
10,4235
10,2562
4,1565
1,375
7,2924
8,2657
1,427
10,2233
1,461
10,3215
6,1578
8,2635
5,1239
10,2065
1,343
10,8202
2,783
10,3637
1,446
1,407
1,385
2,519
10,2866
1,356
1,338
7,1650
2,691
6,1419
5,1076
1,334
1,424
3,709
2,2429
10,2975
10,3151
8,2286
1,238
4,1491
1,559
1,366
1,392
1,437
8,2763
10,3964
1,474
10,2469
10,2837
5,1540
1,361
10,2840
1,583
1,271
2,740
7,1894
2,814
1,234
1,494
6,2031
9,3069
10,2419
10,3441
8,2896
6,1416
10,3131
10,2223
1,507
1,222
8,2191
1,398
1,354
1,219
1,408
10,2251
4,1381
10,2282
10,3674
8,2804
1,414
10,3003
9,3387
1,414
1,230
7,1680
1,378
10,3279
1,232
1,277
10,3269
9,3688
1,395
1,532
7,1821
1,274
10,2786
10,2075
7,2266
10,2867
1,338
10,2663
10,2045
1,225
1,313
10,3102
10,4387
1,299
1,573
10,2755
1,293
8,2347
5,2088
10,2651
10,2194
10,2214
1,271
8,2510
1,237
1,411
10,3150
5,1161
1,246
1,405
2,634
1,255
4,1467
9,2155
2,655
5,1124
10,2292
1,266
9,7211
1,238
1,348
2,707
1,493
1,420
1,520
1,496
1,253
9,3076
10,2409
1,580
8,2068
10,2285
1,386
4,3711
1,235
1,484
4,1601
6,1617
1,265
1,359
10,3279
1,252
2,609
1,282
4,1517
8,2777
8,1795
1,358
5,7510
1,257
1,402
10,3062
1,391
1,373
1,573
10,2139
1,264
6,3869
5,1307
10,3229
10,3633
4,1336
1,442
10,3554
1,243
1,382
1,530
1,255
1,387
1,323
10,2878
1,265
7,2549
1,514
9,2978
5,1302
10,3208
2,901
2,567
3,871
1,381
1,370
1,695
1,363
1,429
8,2288
1,318
8,1843
1,315
10,2168
2,629
9,2828
2,571
5,1904
8,2603
1,493
10,2412
1,389
1,321
1,423
5,1752
1,426
7,1673
1,285
8,1766
8,4576
10,2794
10,3638
6,1467
7,1718
2,872
1,271
1,384
1,257
1,384
10,2947
10,2747
10,3495
1,255
9,2097
7,3417
2,591
10,2884
8,1904
1,414
10,2836
1,247
1,440
10,2409
9,3304
9,2719
7,2937
10,2474
1,346
5,1725
7,1728
6,1335
10,2007
7,1783
10,2687
10,2587
1,243
1,415
10,3351
10,2471
4,826
10,3089
3,1152
1,272
6,2214
10,3043
1,604
10,2128
2,782
10,2573
10,3284
1,240
1,387
10,2418
10,2553
2,591
10,3208
10,3558
1,263
1,508
10,2181
1,450
8,2925
7,1892
2,595
8,2217
1,414
1,403
10,2603
10,3403
5,1689
10,2915
2,899
1,271
2,582
10,2542
1,362
8,2862
10,2324
3,1074
8,2168
1,390
1,390
1,420
10,3510
6,1373
3,888
3,1141
1,247
5,1119
3,814
1,323
4,1550
10,2220
9,3097
1,599
1,429
7,2194
10,2680
10,3927
1,418
10,3187
10,3336
1,233
2,609
2,464
1,261
2,577
3,731
10,2252
10,3575
1,301
8,3513
1,272
10,2232
1,238
10,3361
1,488
8,2520
8,2684
10,3161
1,239
6,1861
10,2190
10,2233
2,938
10,2269
6,1548
1,359
10,2843
1,232
1,572
1,477
7,1928
7,2325
3,969
1,256
8,1923
1,352
10,2395
9,2812
10,2264
10,3056
1,450
4,1088
1,242
8,1975
1,626
10,2880
8,2710
10,2957
1,290
6,1595
1,317
6,2030
10,2270
4,3356
3,1026
1,327
10,4097
1,242
10,2436
1,374
10,3715
1,379
1,383
1,282
10,2612
1,351
10,3189
10,2590
10,4047
10,2730
1,269
10,3321
1,232
9,2599
1,299
10,3388
10,2658
1,272
1,256
10,2355
1,279
10,3234
10,2932
10,3419
2,440
1,289
3,939
1,264
4,1406
1,258
10,3391
1,315
1,252
7,1467
10,2796
1,281
10,2822
8,2521
6,1736
4,1014
1,317
10,3044
1,609
2,924
1,548
2,2711
1,248
1,234
10,7505
10,5830
1,348
4,1211
4,1955
6,2029
10,3226
1,366
6,1607
1,424
6,2504
1,679
3,1132
10,2482
1,260
8,2658
2,894
3,983
8,1914
10,3050
4,1185
1,393
1,397
10,4424
1,300
10,3659
10,2922
10,2516
1,237
1,368
6,1436
1,390
10,2991
1,242
10,2295
6,2310
10,2428
10,2679
1,372
10,3499
6,1528
1,282
10,2991
1,387
1,446
10,3400
1,468
1,280
1,216
2,607
10,2816
4,883
1,487
1,384
8,2864
4,1540
1,258
10,2873
10,2520
1,411
10,2876
1,262
1,247
1,256
6,1442
10,4590
10,2114
3,910
1,421
6,2431
1,413
1,257
10,3511
1,430
1,388
3,1153
1,403
1,259
1,219
1,361
1,432
9,2950
7,1757
1,350
10,3429
1,466
10,2400
7,2129
1,449
1,231
2,929
4,1450
1,387
1,282
1,226
10,2967
6,2174
9,2835
1,423
10,3306
1,392
10,2186
10,2753
2,2370
1,253
4,1042
1,312
10,2372
1,227
1,285
10,2609
10,3412
10,3243
1,410
2,563
1,368
10,2871
10,2237
1,364
10,2141
10,2333
10,2594
10,2585
1,232
1,266
4,1529
10,3150
4,1234
1,392
4,1195
1,308
6,1947
3,1245
1,311
4,1124
10,2342
1,280
10,2942
1,243
1,260
10,3009
6,1570
6,2813
1,353
10,2636
1,496
9,2528
1,326
1,248
9,3506
10,3371
1,263
4,1262
1,496
1,243
1,448
4,1415
10,5047
1,307
10,2886
1,422
4,1536
1,427
3,1105
10,5492
10,4898
1,391
6,1710
1,426
1,230
1,344
1,541
10,3627
1,260
10,2225
1,292
8,2268
1,252
10,3315
10,2658
6,5495
1,395
10,3262
2,605
1,304
9,1981
1,431
10,2793
7,2558
10,2293
1,287
6,1483
1,266
6,1577
6,1471
10,8846
1,497
6,1733
6,1818
1,251
1,392
1,344
10,3299
10,2679
4,1436
1,327
10,2451
1,247
10,2383
8,1800
10,2287
1,426
4,1004
10,2367
1,235
1,375
1,476
10,3130
2,1077
10,4777
10,3592
1,364
1,260
10,2070
6,1393
4,1386
10,2521
6,1425
1,525
8,2609
10,2930
1,386
10,3101
10,3275
10,3177
10,3780
10,2761
1,357
10,2395
10,3311
1,364
10,2409
8,2670
10,3305
10,2701
1,273
1,371
2,1107
10,3441
6,1520
1,445
10,3012
1,357
10,2572
1,607
1,417
10,2010
4,951
10,3436
10,2096
1,254
1,305
8,2898
10,3576
6,1774
10,3249
2,623
1,432
4,1277
10,3200
1,272
9,4436
1,425
4,1498
10,2077
1,247
1,250
10,3335
9,3922
4,1347
10,2935
10,2336
1,407
4,1530
10,2272
1,270
10,3421
10,3445
9,2485
10,2370
1,227
1,294
10,3424
8,2918
1,314
10,2803
4,1594
1,341
6,1727
10,3316
1,247
6,1335
10,3132
2,620
2,474
1,258
1,331
2,1096
1,654
1,235
9,2202
9,3103
6,2032
3,984
2,491
1,239
4,1676
10,3422
10,2159
10,2416
1,257
8,1687
4,1625
6,2095
1,322
10,2193
1,611
10,3132
2,486
4,1412
1,396
5,1735
2,431
10,2921
10,2650
2,679
6,1312
8,2818
1,377
1,398
2,782
1,388
10,3326
6,1592
10,3190
1,265
10,3145
10,3100
10,2695
10,2557
10,2501
10,3633
6,3397
4,980
1,243
9,2001
1,278
9,2564
10,3434
9,3095
1,267
1,343
1,344
10,2689
10,2250
10,2273
1,472
10,3485
5,2131
1,243
10,3437
1,256
10,4048
1,584
1,386
1,388
10,3335
1,312
8,2758
10,3132
6,1674
10,2216
2,988
7,1550
1,241
6,1956
1,266
10,3243
7,1806
1,364
8,2195
10,2922
1,337
10,3363
6,1920
10,2522
2,543
4,1488
1,537
1,269
8,2766
1,273
4,1249
1,420
1,339
10,2402
10,3147
1,240
10,2998
10,2717
10,5298
10,3134
3,1715
7,2370
1,394
1,554
1,255
2,702
8,2812
1,238
5,1354
10,3558
1,422
8,2046
10,3109
8,8349
4,868
8,2625
9,2624
1,248
10,4946
1,317
10,2223
1,354
1,243
10,2552
5,1311
1,247
1,255
4,1248
4,1072
9,3016
6,2711
9,2746
10,2084
10,3545
1,371
10,3458
1,353
1,254
10,3849
1,285
1,259
1,262
1,353
4,1408
2,663
10,3233
1,345
5,1142
4,1091
1,496
10,3771
1,681
1,290
10,3429
1,273
1,301
1,280
1,277
10,2351
10,2102
4,1591
1,642
9,2380
1,452
10,2641
10,3907
10,3046
1,274
2,631
1,252
1,275
1,519
1,229
10,3242
6,1398
6,2192
1,425
10,3271
1,347
2,615
10,3614
10,3257
1,395
5,1866
1,257
9,2571
1,302
1,228
10,3178
10,3058
6,1730
1,473
1,719
1,367
10,3117
8,2708
1,342
1,315
1,478
1,244
1,262
1,274
1,248
6,1996
8,2661
10,2726
1,435
10,3804
1,307
10,3341
10,2360
1,369
2,758
10,2140
1,235
1,559
1,343
1,226
3,3472
10,3229
10,2883
1,279
5,1566
1,318
10,2556
1,681
1,396
10,3274
10,3116
1,458
10,2198
1,278
1,222
10,2779
10,3125
1,400
1,366
1,556
1,825
10,3816
1,349
1,457
6,1702
9,2534
1,419
10,2369
1,274
1,283
10,3116
10,3484
1,527
1,266
9,2466
1,357
8,2625
1,357
4,1278
8,2835
10,3219
9,2068
9,2576
1,252
1,234
1,403
4,991
1,328
1,401
1,530
1,272
1,418
3,760
1,651
10,3665
10,2931
1,318
6,4620
2,587
1,262
1,281
1,494
1,543
1,459
10,2530
1,280
8,1702
1,223
1,479
10,5210
10,5124
1,406
10,3306
10,3149
6,1768
1,290
1,318
1,411
5,1556
10,2173
1,280
10,2152
1,262
9,2345
4,964
10,3338
2,703
10,2912
10,2375
10,2461
1,338
1,256
1,624
3,1255
10,3248
1,546
3,975
1,283
2,839
1,820
1,573
10,3295
4,1054
3,897
1,328
1,374
1,274
7,2472
3,1392
6,1930
4,899
10,3197
1,309
10,2176
9,2134
1,263
10,2389
10,2289
10,3197
10,2248
10,3398
1,328
1,302
9,2993
9,4147
10,5782
10,3258
1,286
10,2073
10,2484
1,266
10,2060
1,513
10,3427
10,3385
7,5892
1,308
10,3946
1,435
10,7304
10,3352
9,3161
1,392
10,2260
10,3374
1,382
8,2489
9,2003
7,3199
10,2688
1,3347
1,278
1,275
10,3268
10,3131
3,850
10,3559
1,272
10,3257
3,998
1,296
10,3630
3,1116
4,978
4,1043
1,321
1,303
1,292
2,659
4,1042
9,2314
2,1001
4,1467
8,3163
9,2572
1,339
10,2750
9,3197
10,2148
2,535
1,393
1,251
4,930
10,3364
1,375
6,1506
7,2373
10,2425
6,2126
10,2646
1,287
1,580
10,3127
2,618
9,2507
1,410
1,230
2,607
10,3694
1,242
10,3065
1,695
10,4983
4,1056
10,3348
1,279
4,1219
1,436
10,2439
8,2234
1,458
8,1735
8,1701
10,6535
1,246
7,2607
1,265
10,3307
4,1387
1,416
1,284
10,2401
10,2725
10,3272
10,2266
4,955
10,2506
10,2649
10,2703
1,246
10,2587
1,439
7,2572
4,909
10,2521
1,392
10,2623
10,2676
10,3103
10,2198
10,2164
3,841
1,309
8,1963
1,364
4,1012
1,509
10,2258
10,2320
7,2664
8,1796
10,2016
1,381
10,3283
10,4180
10,3425
10,3159
1,390
10,2484
1,272
10,2282
1,275
6,1943
3,1108
1,527
10,1968
3,949
1,360
6,2111
10,3206
5,2026
10,3615
1,252
4,1556
1,289
10,3387
1,292
4,965
10,2413
1,414
10,2164
10,3132
1,356
8,2498
10,2953
10,3702
2,880
9,2366
10,3072
1,271
6,2226
1,296
10,2240
6,2346
1,392
10,2018
9,3270
1,329
1,486
10,3035
6,6705
10,3128
9,2440
10,3065
1,289
5,4403
1,310
2,970
1,683
1,281
10,3250
6,2267
1,281
1,341
1,464
10,8152
7,1632
3,952
10,2685
1,298
10,3687
1,327
10,2649
6,1979
1,292
10,2784
10,2881
1,236
1,721
1,241
5,1776
4,1233
10,2487
9,2692
1,492
9,11383
1,309
10,3316
1,384
1,245
2,763
10,3973
1,362
1,700
1,344
1,481
10,2631
2,658
6,1414
10,2155
5,1941
10,2949
9,6519
1,330
1,309
2,803
1,482
1,346
1,510
1,238
3,1192
5,1858
3,935
1,470
10,2195
1,665
4,922
6,4029
1,374
1,410
10,2057
1,389
1,347
1,636
1,234
6,2329
6,2526
1,308
10,2802
10,2280
1,605
10,2302
10,18871
10,3106
1,332
2,860
1,327
1,358
1,544
1,235
7,2399
10,3696
1,663
1,519
3,646
1,568
10,3150
8,2728
1,322
1,449
10,3384
1,497
7,1599
1,6467
1,222
1,555
10,4331
7,2516
1,1497
9,3566
1,629
10,3344
1,456
10,5297
4,962
10,10947
1,352
2,787
1,819
1,230
9,2293
10,4632
8,2512
1,512
10,3335
1,1747
6,2083
1,467
1,251
5,1692
8,13809
1,361
10,3172
1,451
1,238
7,2459
10,10563
9,2919
1,623
7,1780
1,535
10,7147
1,525
1,285
10,5576
10,16035
1,275
10,6740
1,494
1,226
9,2997
5,1791
9,3369
1,596
2,867
1,591
1,939
1,748
1,279
10,3554
10,6919
1,303
8,3356
9,2364
1,370
10,4717
1,464
10,2801
1,496
10,3333
1,586
3,931
1,469
1,287
10,3452
8,2368
1,294
5,1866
3,1075
4,919
1,514
1,357
10,2295
1,673
10,3205
1,883
6,1532
1,358
1,393
6,10053
1,489
1,366
10,3107
6,1494
10,3202
4,1395
1,607
4,891
1,427
10,3448
1,793
1,660
1,451
7,2498
5,1831
1,8733
7,2031
10,2873
7,1728
9,3566
3,907
1,508
1,365
1,34986
8,2777
1,544
7,2420
1,477
4,1505
1,515
1,530
2,687
5,17373
1,247
3,763
1,311
1,544
2,760
1,746
5,2431
1,829
8,2768
1,514
10,2067
3,1089
1,534
4,1168
3,1493
9,3714
6,1883
1,462
1,466
8,2663
1,452
10,3509
6,2293
9,2398
1,681
10,2260
6,2555
1,609
10,2797
1,638
7,2391
10,3088
1,404
1,463
10,3258
7,2511
10,3149
7,2438
9,3883
1,377
10,3644
8,2824
1,488
10,3208
7,2752
4,1369
10,3985
1,254
1,449
10,3728
2,31463
5,1765
8,2341
7,2732
1,834
5,1964
1,399
1,598
8,2949
6,2537
3,1288
4,1237
10,3245
1,536
9,3438
7,2398
1,462
1,461
4,1151
1,416
6,2838
9,3336
1,360
10,3062
8,2988
9,2632
7,2446
1,402
1,529
7,2715
3,998
1,649
9,4636
9,3169
3,1179
10,4203
7,2657
1,398
6,2273
1,276
1,452
6,2147
1,369
3,1209
10,2445
9,10926
1,622
9,11437
2,830
6,1506
5,2119
10,3232
1,483
10,3579
9,2585
3,1154
10,2244
1,305
1,323
10,2229
8,7893
1,421
4,1626
3,1639
7,2399
1,506
9,3043
9,2228
10,3261
10,3616
10,2589
2,742
9,2065
6,2369
6,1398
3,8907
1,506
3,1200
1,546
9,1988
1,445
4,1747
1,322
1,794
9,2602
2,686
10,2204
1,240
1,372
1,355
3,1313
1,373
2,898
1,476
7,2043
3,871
10,2975
3,971
3,1023
1,453
10,2982
10,3443
1,335
10,3010
9,2368
1,554
1,882
9,3399
1,353
9,3099
6,1645
2,767
6,1959
6,1428
1,391
10,2448
9,2583
1,400
7,2334
10,3239
1,424
1,1839
1,416
1,248
7,13064
1,684
9,2380
7,2272
8,3057
1,488
7,1959
10,3335
3,818
9,2946
10,3301
5,2055
1,639
10,2598
1,315
4,1346
7,2398
1,648
8,3111
1,346
1,271
10,2569
8,2374
10,2574
9,2969
10,3290
7,2354
1,427
3,1407
1,330
3,1069
1,313
1,579
9,2434
9,2903
1,309
10,3010
1,602
10,2900
4,1102
5,1811
3,1116
10,3367
10,3514
1,243
3,845
1,380
1,338
1,654
9,2891
1,260
8,2273
1,486
7,1765
9,2105
10,3389
1,524
3,1163
7,2016
1,569
3,995
1,421
1,530
7,2119
10,2791
1,333
1,578
1,447
7,1526
1,348
2,422
2,897
6,1381
7,1608
1,424
10,2721
1,322
1,688
4,957
7,2302
1,311
10,3594
1,443
10,2914
3,968
10,3261
10,3693
8,2744
10,3358
1,503
2,574
1,1252
1,580
2,978
1,792
1,291
10,3429
1,412
10,3657
10,3537
10,2026
10,4293
1,317
10,3434
1,484
10,3518
9,3019
1,277
3,1190
1,392
1,344
10,3515
1,388
3,799
7,1606
9,2314
6,2237
9,2942
10,3516
10,3067
10,3542
1,366
1,260
3,899
1,250
2,793
1,682
1,381
4,1802
10,3430
5,1929
9,8444
7,2336
3,876
3,846
10,5733
9,3074
1,296
10,3221
1,367
4,1036
10,2861
1,683
10,2959
7,2285
1,553
1,495
4,1247
1,573
10,2777
7,2439
1,646
1,249
2,1018
1,255
9,2903
10,4321
1,508
2,767
10,3299
1,429
1,485
2,952
1,327
10,3614
10,3618
7,2033
1,369
10,2157
1,421
1,370
1,303
1,465
10,2631
10,3105
1,297
9,7758
9,3436
1,331
7,2684
8,2113
1,341
3,818
10,2566
1,459
3,837
1,422
1,578
6,2156
10,2159
1,373
8,2821
1,432
1,1066
10,3566
1,377
10,4144
7,2314
7,2302
4,1174
10,3241
1,263
1,1654
9,2621
3,733
8,2681
1,439
3,891
1,302
10,3086
1,370
1,349
10,2648
10,2779
1,423
10,2486
1,273
3,1044
10,3254
1,349
1,324
10,18131
10,2804
1,277
6,2182
1,391
1,327
7,2311
10,2862
2,804
7,2756
1,266
8,2780
10,3200
1,239
10,9841
3,9259
10,3429
1,287
10,4619
1,260
4,1360
10,3300
10,2910
1,372
7,2288
1,279
1,460
8,2510
1,279
1,335
10,11389
10,2914
1,244
10,3868
1,282
9,3037
10,2451
10,3120
1,436
10,3472
1,383
9,2994
1,400
1,332
1,524
1,1814
7,5127
1,269
10,12726
1,244
2,726
3,815
10,3430
9,3009
10,3367
1,267
9,2731
1,580
1,517
1,456
10,3610
7,3518
1,336
10,7193
1,449
1,496
5,1677
8,3167
2,628
3,1038
4,1428
10,3535
1,453
1,278
1,454
4,1618
10,3278
6,2488
10,2190
4,1493
3,1146
1,1685
1,425
1,299
10,2435
10,9041
7,3726
1,493
1,302
1,654
10,3213
10,2776
10,3292
10,2394
1,403
10,2253
10,3353
1,241
3,904
5,1574
10,2114
3,793
1,332
1,276
1,353
10,11998
3,952
10,3564
9,3182
9,2861
10,2331
10,3654
1,297
10,3340
10,3668
6,2116
2,638
10,2969
1,252
2,848
1,578
1,637
10,5942
10,3512
1,442
7,2310
10,3451
1,333
8,1974
2,728
9,2904
9,3644
1,498
1,237
9,2985
1,582
1,262
4,1769
4,988
1,424
7,1883
5,1523
1,356
10,2371
5,1785
10,3661
1,461
1,469
2,845
7,2323
1,503
1,247
9,1963
10,2611
10,3467
10,7088
9,2553
1,254
10,3449
10,3391
1,559
7,2356
1,366
10,2256
2,789
1,512
1,254
10,18523
10,3316
10,3301
10,2866
10,10641
1,318
7,2066
9,2900
2,798
10,2993
1,469
10,2852
1,592
2,1010
1,229
1,590
1,705
10,3576
3,907
9,9999
1,479
10,2821
10,2895
1,548
2,715
2,753
10,3344
7,2545
1,360
1,252
2,1186
1,658
1,421
6,8977
7,2415
1,598
10,2418
10,2828
7,2343
10,2089
1,483
9,2945
6,2095
3,1533
1,256
7,7431
1,628
10,3078
10,3453
1,611
1,533
5,1831
10,3569
10,3177
10,3470
1,546
8,2914
1,486
1,450
1,229
1,606
1,551
6,1503
2,480
1,14796
6,8418
10,2997
10,3698
2,864
10,4097
1,343
10,3969
3,1100
1,468
1,231
7,3766
1,466
2,960
10,2924
2,942
10,3313
2,813
1,1528
6,3841
10,3264
7,2314
1,749
3,1037
1,515
1,362
3,1344
1,448
1,505
10,2158
1,395
10,3419
10,2133
8,20130
7,2307
8,2332
7,2721
2,892
8,2539
1,437
2,690
3,1156
1,680
7,2762
1,389
1,515
10,13539
10,2808
1,2909
6,2084
1,538
2,6487
7,2630
3,1176
5,1716
5,1977
6,2257
2,1054
2,756
4,1374
1,408
10,6433
5,1973
1,458
2,860
1,350
6,1707
1,537
6,2074
1,576
8,2279
3,1126
1,475
6,2057
9,2429
1,502
10,2156
9,3068
10,22158
8,2859
1,345
8,2822
3,14567
2,1021
8,5107
10,2163
3,1089
8,41914
7,3918
1,351
1,386
10,3689
10,3195
1,517
3,985
1,349
3,1138
6,3581
7,2640
2,838
10,2119
9,3261
1,39653
8,2338
1,286
3,4169
4,1417
8,3063
1,505
4,1725
1,358
2,729
7,2250
3,1267
4,1294
5,1580
9,3135
7,38366
3,962
1,437
1,2299
2,932
1,520
1,646
3,1367
1,258
3,1125
8,3225
4,1650
8,2663
9,2959
1,494
7,2268
6,2120
10,3218
1,669
7,2423
1,459
1,626
1,554
1,240
1,467
3,1429
2,1026
8,10800
10,3615
1,459
1,407
3,1193
8,3007
1,550
7,2397
1,469
1,559
5,1728
1,236
5,1791
9,3057
1,557
6,2109
1,607
1,587
10,6548
4,1969
1,8656
1,537
2,650
1,551
2,1059
1,553
1,266
2,831
3,11131
9,2862
5,1845
2,972
4,2928
6,2258
3,1133
1,487
1,455
10,5194
1,541
1,466
1,409
1,244
8,2778
3,1183
1,670
4,1275
10,36279
1,691
1,407
1,374
1,447
10,11018
2,750
1,459
1,420
1,594
5,1240
1,606
1,372
6,2338
6,2001
7,32737
2,975
1,483
5,1587
1,473
3,33298
6,2040
1,467
1,28134
2,721
2,690
3,1022
4,1490
1,493
1,661
6,1928
1,2064
3,852
2,859
1,480
10,33710
9,3065
1,502
10,20044
1,1592
10,3211
2,826
1,366
1,331
1,540
7,2414
1,449
9,2244
7,6245
1,355
7,30767
3,883
1,549
7,30734
1,394
10,3563
2,730
1,357
1,404
4,1478
3,989
1,436
3,784
1,505
1,444
10,33828
9,14297
2,808
7,2439
1,445
5,1802
9,3153
1,420
1,485
5,1844
6,1895
1,521
1,255
1,396
2,993
6,28689
5,1695
1,375
3,1052
1,396
9,3406
9,3106
1,451
3,1103
2,841
10,4346
7,5749
3,1726
1,378
2,971
10,27803
3,1116
2,846
6,2047
1,407
2,811
10,3309
1,327
9,5248
6,3974
9,4483
1,339
1,534
3,1020
3,1089
10,30197
1,354
1,2526
3,1128
1,466
8,2584
1,324
1,471
1,355
5,1805
3,1146
1,597
2,773
1,391
10,35312
8,2821
1,385
7,2325
9,2765
1,1251
10,3209
8,2490
1,375
8,3638
4,1550
3,985
1,1060
7,1962
1,354
10,32367
9,2954
2,766
7,2209
3,966
9,3948
10,3838
8,2935
1,360
1,359
1,864
10,3255
3,1299
4,1459
1,359
10,27496
3,1349
8,4003
6,2207
1,519
8,2656
10,3215
3,987
2,1241
1,403
3,1235
10,4664
4,1491
2,1209
1,363
7,25956
4,1437
1,412
10,7237
2,709
3,6411
10,3017
1,405
1,432
10,3757
4,1535
10,8474
10,4042
9,3218
1,389
7,24147
1,374
3,1058
3,1082
2,995
1,539
1,439
6,1926
7,2365
1,524
1,501
4,1582
10,3651
6,2148
1,373
10,26115
1,455
1,2479
5,14396
3,1020
1,592
10,11525
1,471
1,345
6,2437
1,499
3,1062
10,3260
10,3292
1,421
10,36285
2,1296
1,414
9,5252
4,4367
9,3098
6,4918
1,1009
1,501
1,353
10,12111
1,432
10,7189
3,1363
1,372
6,24384
2,746
4,1278
3,2935
7,12791
1,662
7,25978
1,484
3,1013
1,479
1,431
1,420
10,18499
10,3237
2,880
3,22270
4,2567
2,833
3,1063
3,1122
9,3128
10,6723
9,3299
2,840
1,450
5,17509
1,392
6,2185
8,2645
3,1128
8,2620
3,1085
1,484
1,335
2,823
3,1534
2,785
1,495
10,3348
1,499
10,3301
4,1381
9,31266
1,404
9,2908
7,2391
6,2030
1,13984
3,5967
4,1315
10,3281
7,2471
1,463
2,2385
3,2333
6,12493
1,389
10,9653
6,6761
9,3041
3,985
9,16839
10,4139
2,816
8,19760
6,10098
9,4481
3,1060
9,2882
4,1343
9,2940
1,365
3,1244
1,450
10,3280
3,960
10,3749
1,406
7,2876
9,19857
2,851
3,1324
1,509
10,3630
2,716
1,530
1,430
6,2066
1,448
8,2627
4,1363
8,3601
9,3044
4,1588
3,1111
3,1206
3,964
1,412
10,3415
8,2393
1,527
1,423
1,515
1,379
3,1654
2,1838
3,1045
10,3501
2,841
10,3188
1,487
9,9660
1,480
8,2595
5,1639
1,354
2,922
10,14445
3,1096
10,3290
3,2004
10,3851
6,2271
1,433
8,23709
1,521
2,767
1,490
8,6734
6,1921
1,474
1,389
1,312
1,473
10,7224
4,1651
6,2040
1,483
9,3163
1,18598
4,1273
3,1336
1,425
10,19808
4,1326
1,350
1,453
1,279
1,379
6,2037
2,779
5,1812
1,369
6,2202
1,1200
8,2804
5,1711
1,439
10,19775
2,814
1,460
1,579
1,327
2,688
1,444
2,772
1,366
8,3298
8,3008
6,43303
1,601
1,376
1,386
3,1011
2,650
7,21330
1,571
3,4927
1,577
4,1443
9,3274
1,490
6,2172
3,1102
3,1155
5,1612
1,378
4,1361
10,5624
1,480
2,1034
7,5350
1,497
1,662
1,341
6,2792
1,325
1,507
9,3302
6,19848
4,1518
1,486
5,1721
6,1820
8,2920
1,454
3,1945
4,1282
1,481
1,568
1,514
1,505
1,446
1,387
1,335
6,2440
7,2279
1,374
1,601
6,2162
1,532
2,803
2,656
7,2572
2,852
1,449
2,736
1,609
10,3885
1,413
2,858
3,1032
6,1974
1,643
3,1124
1,448
10,3374
4,1494
4,1416
10,3267
3,944
3,1252
1,617
6,2023
1,372
6,1967
1,411
4,1443
2,750
5,1812
3,1224
4,3330
2,808
1,10625
4,1335
6,2054
1,387
2,792
1,348
1,693
8,2527
1,433
2,672
3,1109
6,2001
7,2348
6,2113
6,2033
1,563
10,3716
1,352
1,605
1,467
1,418
1,395
6,5527
3,10335
8,8657
1,479
7,2468
2,986
3,1000
5,1670
1,458
10,3378
8,8790
1,361
4,1605
1,528
1,506
4,1639
1,330
4,1782
4,1448
4,1205
9,3834
10,13415
4,1289
5,1616
5,1806
10,24246
1,442
1,536
1,444
1,3907
5,1689
2,666
6,2565
2,641
2,771
7,1670
1,417
8,2053
4,1303
8,2789
1,509
1,395
5,1824
1,859
4,1230
3,1175
1,392
5,1870
4,7267
1,568
9,3003
3,942
9,7027
8,7760
6,2162
1,492
1,344
1,327
1,569
1,460
6,2106
2,669
3,1262
1,376
5,1749
7,2236
1,310
8,2765
2,599
1,292
1,490
4,6506
8,7134
3,1091
5,1654
4,1523
1,441
6,2408
5,1571
4,1567
7,2256
8,20169
6,2146
1,327
2,631
1,451
1,388
2,724
1,895
1,448
1,508
1,608
1,596
8,7373
2,753
1,544
6,2741
5,1751
6,1924
6,2021
1,427
1,410
6,1954
1,509
9,3110
1,542
1,421
4,1899
6,2048
3,1303
8,2003
1,433
3,966
1,449
8,9059
1,385
5,1696
8,2580
1,6593
1,252
4,1340
1,531
5,2089
1,321
6,1956
3,1213
4,1339
5,15861
2,769
6,2153
2,741
1,2310
8,2627
1,473
6,1843
1,638
1,394
2,830
6,2089
1,369
3,1053
9,15783
1,597
9,3061
5,1499
3,3000
1,333
6,1865
1,488
5,1706
5,2087
7,2556
5,1396
5,1833
1,476
10,2656
1,306
6,2011
5,1739
4,1320
8,57289
8,2674
5,1629
1,492
1,339
1,492
9,17166
4,1446
8,4411
1,495
10,3528
5,1466
1,546
4,1468
6,3517
2,785
6,5890
4,1282
4,1438
2,673
5,2034
1,586
2,895
8,14218
1,547
8,2407
4,1226
1,354
3,1063
3,963
1,345
1,355
3,1002
1,334
4,13625
1,437
8,2754
3,943
4,1417
5,1696
10,3848
2,656
1,544
6,2039
4,2620
1,407
4,1379
6,1955
6,2151
1,354
2,952
8,5315
6,1629
3,1038
8,2801
5,1248
5,1509
4,1438
1,461
1,479
1,370
8,2846
1,449
5,1664
8,2852
1,469
10,11012
2,574
6,2136
1,307
10,2155
6,8636
1,565
5,2179
4,1514
2,770
8,2724
1,422
6,2024
5,1831
1,432
3,1178
1,224
1,635
10,3340
10,8537
8,2508
2,732
2,585
2,788
4,1270
6,2025
4,1050
1,427
3,1145
1,369
1,540
6,2252
1,489
1,467
1,422
6,1974
1,639
4,1405
1,287
4,1372
4,1587
5,1722
9,7123
6,1944
1,507
6,1938
5,1556
1,392
7,2202
1,451
5,1533
1,529
5,1680
5,1567
6,2074
3,1058
1,462
4,1357
6,2371
1,475
2,746
1,885
1,508
6,10183
1,477
4,1258
1,346
1,438
1,390
6,2068
1,555
2,628
2,870
5,2398
1,281
3,1401
7,2837
1,408
4,2575
1,552
3,922
1,377
3,1211
1,510
1,432
1,984
1,359
8,3063
1,1493
5,1844
1,531
8,2922
1,1402
9,2945
1,472
5,1738
1,339
6,1944
1,276
5,1593
4,1534
1,485
4,1376
4,1904
4,1598
1,425
8,16791
1,483
1,391
1,335
6,2922
1,262
10,3393
1,346
8,6004
5,1902
2,668
3,1036
2,1295
3,1228
1,453
4,1486
1,444
1,377
2,758
1,469
5,1856
5,1915
1,331
8,2757
4,1371
1,336
5,1722
3,1438
2,934
3,999
1,354
4,1280
1,389
1,294
1,448
4,1444
6,2050
1,322
4,1454
5,1754
1,480
4,1550
4,1472
6,1929
2,644
10,13445
5,1775
1,427
1,470
1,399
2,954
10,4147
1,298
6,2043
3,925
1,415
6,3351
5,1516
8,2760
4,1395
1,441
1,547
1,463
1,488
1,382
6,2119
4,1340
1,435
3,984
1,611
1,610
1,478
2,570
7,4062
8,6875
1,474
2,656
1,416
1,332
1,394
6,1994
3,1046
1,437
2,9046
6,2084
1,542
5,1684
7,1877
6,14765
5,8210
7,1947
1,460
1,461
5,2417
1,462
5,17053
9,2930
4,1416
5,1863
1,423
1,426
2,1180
1,606
10,3362
8,2620
1,324
1,480
2,806
5,1393
1,345
10,10420
7,7548
10,2587
5,1616
6,3345
1,412
4,1500
6,1804
4,8686
8,2772
1,545
1,475
4,1513
2,504
5,1679
8,2728
1,420
5,1523
4,3579
5,1710
4,1498
5,1720
6,2295
2,846
6,3010
1,503
2,901
9,2886
1,339
1,353
10,4369
1,436
3,1847
4,1171
10,3674
5,1741
1,516
5,1867
1,532
5,1850
1,535
5,1733
3,1163
6,1779
1,403
4,1497
1,515
6,1990
5,1998
9,4708
3,1239
2,1069
1,566
3,1178
4,1262
1,651
1,373
2,584
9,1894
2,687
1,646
1,476
5,1837
2,832
10,11118
8,2747
3,873
1,423
2,743
6,1995
1,373
1,645
9,1952
4,1692
1,384
7,2504
2,841
6,1969
1,432
4,7721
6,2089
6,2658
1,764
7,2588
1,482
1,685
6,2048
6,2633
5,1422
4,9110
1,579
1,385
7,2180
3,2533
1,427
5,2966
5,2168
8,4549
2,973
1,446
2,570
5,2646
8,3119
8,2450
1,477
2,823
1,440
4,1603
6,2092
7,19566
10,3324
1,411
1,416
7,2619
4,1408
3,986
10,16362
10,3408
9,2285
4,1356
1,436
1,325
10,10456
6,2576
1,629
6,27711
9,2989
10,15865
9,5831
1,329
2,650
8,12127
7,2478
4,1067
10,3978
7,1726
1,271
1,406
1,351
2,796
7,4870
10,12873
9,3014
9,5569
5,1754
7,2297
9,17872
8,3155
10,2269
1,379
3,1248
1,298
2,843
1,571
9,3934
4,2446
1,426
1,487
8,2845
1,393
2,705
9,7999
10,3447
1,245
3,1178
2,928
1,366
3,1042
1,570
1,383
1,396
6,17115
4,1394
7,2442
1,542
9,6524
4,1426
10,3185
6,1520
6,1721
9,3567
1,419
2,853
5,2015
1,370
2,611
1,373
1,347
10,3026
2,602
8,2941
2,799
8,2305
10,2821
6,2043
3,4422
7,2191
2,869
10,8419
1,429
3,1093
8,2322
1,439
1,441
1,417
7,2500
1,624
5,1723
10,2308
10,3454
8,2804
2,724
7,2178
8,2684
1,490
2,750
7,2774
1,418
8,1990
1,435
10,3766
2,807
10,2664
10,2437
9,2923
9,2853
1,3797
9,2848
1,451
1,368
1,471
4,1502
1,484
3,1196
1,426
8,2731
3,1095
10,2651
10,4089
4,1334
10,3444
7,2320
7,2714
1,443
1,558
2,916
1,399
1,478
1,511
1,376
3,1063
1,534
1,262
8,4749
7,21033
2,592
9,3025
9,2599
7,2443
1,426
9,2867
1,574
1,461
1,428
1,382
10,2697
7,2033
1,251
10,2297
1,431
7,1888
7,13359
8,3009
1,522
1,666
7,2168
1,428
1,580
1,268
1,411
10,3612
2,982
1,276
1,454
1,618
8,1996
8,2698
7,2042
4,1521
3,1151
7,1851
2,961
3,1262
1,256
1,419
8,2607
9,3492
1,312
1,424
3,937
1,486
9,2384
8,2682
9,14328
1,517
8,2758
1,1972
7,2593
1,572
4,1661
10,3361
7,2449
10,3109
1,366
7,2339
1,356
10,3168
8,2195
1,1321
8,2871
7,2259
1,510
8,2592
1,345
5,3037
5,1533
3,976
1,243
10,2481
7,2332
1,274
1,476
1,343
1,592
7,2343
10,3647
1,320
8,3007
1,405
2,468
3,1014
8,2859
1,299
1,431
8,3502
1,309
3,1090
3,1186
1,501
2,648
9,7304
1,388
2,1037
1,396
3,1270
10,2959
7,2931
1,264
1,354
9,6885
1,438
10,2621
2,594
1,475
7,2393
8,2338
1,515
9,2818
10,3246
2,802
10,3385
9,2463
1,237
1,312
2,705
1,335
10,2486
1,313
2,1335
7,2649
1,570
1,301
10,2938
1,477
6,2287
2,1052
1,435
1,252
1,386
9,3635
1,392
8,1841
1,533
2,959
9,3208
3,787
2,757
7,2401
1,393
8,2612
1,503
8,2716
1,337
1,260
7,2525
1,243
5,1083
1,254
10,3488
2,658
1,404
1,468
2,528
1,489
10,3769
1,637
1,340
2,497
1,309
2,614
1,459
10,2379
1,391
3,1246
1,317
1,323
8,2641
1,678
10,3895
8,2973
5,1611
3,1081
5,1508
1,337
10,3054
1,272
10,3290
5,1132
7,2451
8,2374
1,448
7,2343
2,578
5,1895
5,21397
1,287
1,277
6,1350
2,817
2,727
10,2326
10,7356
1,343
2,801
3,841
1,265
9,2821
8,2786
10,3380
7,19434
1,292
7,2282
2,611
7,1864
3,1003
10,3524
2,977
1,405
7,5657
10,2277
1,524
7,2677
1,484
10,3743
8,2845
1,370
1,382
6,2089
4,1020
8,2820
8,3264
5,1404
1,500
8,2851
10,3683
1,464
8,6679
10,2428
10,12137
1,329
1,418
1,349
10,2341
5,1304
1,607
5,1630
9,2810
1,349
9,3100
8,2499
1,370
10,2890
10,2573
5,1245
2,2106
1,328
1,278
4,996
10,3232
1,344
10,3347
1,622
1,246
7,1555
5,1398
1,371
9,4206
10,3447
5,2041
1,609
1,330
1,412
10,2911
3,1073
1,289
10,3506
1,282
1,250
1,478
10,3399
1,583
2,658
8,3131
2,646
3,1200
1,252
1,317
4,1079
3,1283
1,443
2,730
1,273
1,239
8,2804
10,3208
1,480
3,949
5,1884
1,398
2,784
1,243
1,266
8,2840
10,2605
1,367
1,579
1,253
10,3565
3,1227
10,3542
10,2244
10,2225
10,3514
1,386
2,674
7,1720
1,235
4,902
6,1379
1,380
5,1321
1,625
8,2427
1,476
2,718
10,3245
10,1981
10,3395
10,2827
7,2482
2,651
1,260
10,2272
5,1340
1,643
3,1178
1,556
10,3541
10,3330
2,740
10,2196
8,2188
1,470
9,2486
7,2455
1,345
8,3443
6,1507
10,2421
1,3505
2,700
1,587
5,1781
10,2930
5,1761
8,2252
5,1598
2,684
5,1504
9,2875
10,2436
10,3352
10,2243
7,2732
1,427
9,2154
1,439
10,3858
5,1348
1,449
10,2180
10,2226
1,742
5,1705
10,3766
9,2260
5,1917
10,3569
10,3068
1,507
10,3403
5,2037
10,3521
8,1879
1,314
10,2699
10,2672
1,352
8,1919
9,3605
4,1376
10,3055
10,3248
10,3277
1,384
6,1637
2,515
2,900
10,2184
1,350
2,631
10,2309
1,310
9,1924
7,3715
8,2320
10,2342
8,1828
10,2882
8,2605
7,2111
1,247
5,1745
10,3304
1,244
2,830
1,509
5,1120
9,1947
8,1989
9,3017
10,2082
10,3184
8,3503
10,3480
10,3130
1,295
2,513
10,3559
1,391
5,1327
1,398
1,302
1,273
1,234
1,421
2,692
10,2212
10,3733
2,815
5,1753
1,394
1,373
1,415
1,439
1,340
1,290
1,313
10,2808
3,1175
10,2556
5,1531
1,365
1,462
5,1181
8,1960
1,471
1,397
1,407
1,552
10,2204
2,536
1,615
5,1674
1,498
6,2398
5,1636
1,282
10,2174
10,2081
4,1032
10,2435
8,1825
1,508
1,541
9,1885
5,1397
1,292
1,431
1,315
10,3772
2,623
1,279
1,342
10,2186
10,2425
6,1488
10,2175
1,525
8,3120
6,1773
1,352
1,283
1,286
1,579
10,3372
1,379
1,311
1,311
10,2512
5,1167
5,1739
5,1737
1,358
5,1617
4,1039
1,318
1,457
1,708
1,460
10,3283
10,2305
1,246
1,353
5,1789
1,404
8,2207
5,1282
1,326
1,327
5,1687
1,517
3,819
1,815
1,451
10,2951
8,1804
1,400
1,332
3,774
1,335
9,2026
8,2088
1,476
1,283
8,2498
1,358
2,855
1,327
1,599
8,2790
6,1312
1,452
1,359
1,406
1,251
4,1387
9,1976
1,461
1,277
9,1885
1,401
1,828
1,261
1,305
10,3494
5,1737
1,489
1,374
2,723
1,241
10,2030
9,2087
1,305
1,460
1,334
1,365
1,766
1,545
1,262
10,3328
5,1394
1,529
1,288
1,421
1,294
10,2363
2,804
2,845
9,3030
4,942
1,309
9,2782
1,445
1,244
5,1544
8,1986
1,398
1,293
1,550
1,272
10,2667
10,2455
5,1561
6,2075
10,2422
5,1755
7,1599
10,2398
1,258
1,487
10,3232
10,3047
1,348
9,2171
1,347
10,2202
5,1397
1,358
4,1182
6,1326
3,966
8,2739
1,798
10,2416
1,386
9,1845
2,667
2,644
7,1452
1,248
7,2261
1,498
5,1679
9,3163
1,388
2,770
9,2916
1,385
8,2449
2,684
2,512
5,1450
3,918
9,2260
1,242
10,3065
1,315
1,412
5,1724
1,255
1,464
5,1410
10,2285
10,3086
1,351
4,1086
9,1978
1,460
8,2638
1,359
10,3258
1,316
1,353
9,2332
1,296
10,2187
9,2048
10,2975
10,2311
1,370
5,1364
5,1211
3,804
5,1717
10,2965
10,3327
1,255
10,2356
1,389
1,258
6,1530
1,506
7,2595
5,1163
1,309
1,354
10,2164
7,1606
9,1898
10,2963
3,885
1,323
10,2958
4,1410
1,258
5,1771
10,2222
10,2907
10,3181
1,551
1,246
10,2232
10,3636
9,1995
10,2252
10,3320
8,2006
10,2046
6,1423
1,229
7,2201
5,1296
10,2570
1,519
1,493
1,262
3,1187
7,2445
1,409
7,1665
1,479
1,280
5,1585
10,2622
1,248
8,2175
10,2227
3,1005
2,720
5,1523
1,239
10,2625
5,2008
10,3766
10,3108
1,266
1,287
4,1437
10,2518
1,312
9,2142
10,2595
7,2424
5,1378
1,738
1,283
1,425
9,3149
5,1322
10,3185
1,399
1,244
9,2098
10,2785
1,356
4,1035
10,2379
6,1380
9,3026
1,328
1,247
10,2382
7,1574
1,262
3,1051
1,320
1,233
9,2251
10,2817
1,336
10,2460
10,3770
2,746
5,1070
1,382
1,233
7,1913
3,908
1,233
3,1234
1,311
1,250
6,1659
7,1615
10,2648
10,2424
8,2630
10,3185
2,499
6,1473
1,253
10,3246
10,2439
1,229
5,1433
1,433
10,3556
10,2823
10,2765
10,2526
10,3330
10,3194
10,4029
1,289
10,3270
1,239
10,2985
5,2112
1,254
7,2426
1,391
10,2731
10,3692
10,3305
10,3126
10,3245
10,2843
3,803
6,1444
10,2912
1,285
9,3192
10,3900
1,248
10,3595
7,2032
10,3313
8,2708
3,1125
10,3320
8,2071
1,312
4,1444
9,2143
3,785
10,2180
10,3525
10,2678
1,229
5,1894
1,357
2,1075
10,2981
1,534
10,2222
10,2964
1,296
10,3220
5,1822
10,2336
10,3239
10,3467
10,3783
1,228
5,1449
1,260
10,2351
10,2903
1,366
10,2428
10,3127
1,412
4,1316
5,1152
4,1028
10,2705
1,488
5,1817
1,228
10,2889
1,236
10,2441
10,2519
1,388
7,2100
10,3222
1,463
8,2597
8,1989
10,2782
7,2319
1,473
3,1368
1,256
4,1075
6,1451
7,2423
10,2622
1,427
6,1763
1,450
1,610
10,2305
9,2274
7,1702
10,3132
1,532
10,3389
1,335
10,2089
5,1643
2,635
1,373
2,736
10,2230
1,284
1,478
6,1245
4,1138
10,2252
10,3523
1,516
10,2918
10,2297
5,1218
10,3155
6,1379
1,279
1,327
10,2825
1,311
2,658
1,442
1,241
10,3243
3,919
1,320
10,3579
10,2558
10,2265
3,960
10,2054
1,497
1,469
5,1763
1,358
1,429
1,235
10,2001
10,2938
7,2617
1,277
1,666
8,1863
6,8648
10,2126
10,2607
1,332
7,2112
3,686
1,297
1,406
1,251
5,1368
9,2267
6,2195
10,3226
1,574
10,2714
1,334
4,1050
4,1935
1,373
10,2052
3,1303
1,530
1,394
1,266
1,368
10,3066
10,3326
1,309
5,2101
10,2423
1,334
5,1313
3,836
1,281
1,259
10,2154
2,662
1,617
1,563
1,272
10,3315
10,3338
1,316
1,415
10,3377
1,287
10,2293
10,2661
2,769
1,243
4,956
1,270
5,1347
1,485
1,272
2,655
5,1688
1,270
1,446
2,727
1,255
10,2637
4,917
1,499
1,277
5,1326
1,368
1,444
1,400
1,245
1,539
3,1132
1,287
7,2376
5,1804
1,254
10,2800
8,2344
1,350
1,254
10,2231
1,348
2,718
1,287
1,251
1,433
4,1328
1,432
1,520
2,821
1,287
8,2812
10,2152
1,486
6,1545
7,1691
1,431
10,2361
1,428
1,544
1,299
10,2634
7,1800
1,484
6,1310
1,242
10,3398
6,1448
1,366
10,3394
1,478
4,1398
5,1314
1,331
1,277
1,328
10,2474
1,466
1,512
2,588
1,246
10,3764
1,419
6,2123
5,2058
1,369
5,1609
9,2618
10,2862
1,283
1,326
4,1033
9,2301
1,504
10,2797
1,270
10,16970
1,282
3,1510
8,2095
1,348
6,1483
10,2873
10,2272
1,274
1,262
5,1353
3,1599
1,374
5,1910
1,242
2,877
1,254
2,641
3,1021
1,302
10,2510
4,940
8,2881
1,310
1,270
6,1572
10,3526
1,423
8,2185
10,3405
10,2784
1,319
10,2399
3,1074
1,255
5,1789
8,2882
10,3431
10,2237
1,232
1,772
10,3493
3,2760
4,1452
10,3766
1,328
1,349
10,3199
4,1489
1,279
6,2011
10,2454
10,3713
10,3221
1,662
1,327
9,2962
1,676
10,2576
8,2859
1,354
1,344
10,2266
5,1343
1,253
5,1465
6,1439
10,4128
10,3671
1,402
1,301
5,5243
1,470
4,1018
10,4019
1,250
1,304
4,1413
7,1676
1,303
10,2310
10,2825
2,854
10,3034
1,416
1,535
1,376
4,1159
8,2614
10,3325
1,254
10,3096
3,1238
10,2672
1,270
4,1064
10,2749
3,870
7,1888
8,1900
1,552
10,2370
7,2573
10,2179
3,1018
1,294
1,324
7,1817
10,3392
1,351
5,1329
10,4367
1,434
1,603
1,383
1,372
5,1944
6,1872
6,2012
2,601
1,313
1,266
8,2103
8,2890
10,2117
10,2616
9,2990
6,2387
10,2733
6,1508
1,368
10,3380
10,3451
1,442
2,858
1,337
1,240
7,2104
10,3432
10,2247
10,2314
10,3559
3,860
3,892
10,3072
1,363
5,1833
9,3207
1,288
1,423
1,280
10,3465
10,2229
10,5757
10,2441
10,2547
10,3511
10,3567
9,2754
10,3627
1,377
10,3439
9,3103
1,525
7,1505
3,1008
10,3085
10,2408
10,3196
10,2478
9,2841
1,371
10,2928
7,2550
5,1296
1,349
10,3146
10,2953
1,355
10,3730
1,389
10,2605
10,3244
1,393
10,3003
10,4245
1,274
7,1888
3,801
9,2060
10,2546
4,1375
6,1958
1,386
7,2171
1,290
10,3178
10,2574
2,929
3,1145
10,3700
1,262
5,1728
5,1313
4,964
8,2358
10,3330
4,1432
1,417
8,2820
1,265
3,1136
10,3287
1,508
1,526
10,3191
1,659
9,2938
10,2848
10,2358
10,3340
10,3302
2,639
1,300
10,3050
6,1511
1,579
10,3383
1,594
6,1927
1,515
1,370
4,1270
4,1604
5,1793
10,3975
1,402
10,2060
1,334
5,1333
10,3507
3,1306
1,342
1,292
10,2782
1,417
1,545
7,1772
3,1036
10,3048
10,3257
1,277
10,2428
1,354
9,2823
7,2560
6,1977
1,446
1,542
10,3162
1,659
1,555
10,2637
10,2468
10,3532
2,679
1,474
10,3339
1,325
3,1020
10,2893
10,2928
1,363
1,381
7,1547
1,391
1,306
5,1199
7,1483
10,3722
3,1078
1,332
10,2290
10,3826
10,2792
7,1971
10,2615
1,261
1,335
5,2221
1,371
1,308
1,827
5,1299
10,5880
1,537
1,694
9,2934
10,2124
5,1324
9,2379
5,1910
1,307
1,338
7,2655
1,355
1,255
1,479
10,2474
4,1267
10,3274
1,486
8,1811
10,3364
1,552
4,1555
7,2396
1,301
1,258
9,2816
1,659
1,268
1,484
6,1490
5,1657
6,1899
10,2685
1,521
10,3312
1,599
3,1142
9,2919
1,285
1,520
4,956
1,960
2,598
1,412
1,454
10,3563
10,3944
1,391
1,521
10,3268
1,573
10,2929
7,1923
1,410
3,979
3,904
1,447
1,380
1,453
1,354
2,820
10,3852
5,2207
1,370
10,3199
1,443
10,3753
4,1178
1,315
9,2714
10,2556
1,324
1,318
10,3459
1,468
7,2428
7,1587
1,403
1,403
2,767
1,398
5,1810
10,2820
1,302
1,358
5,1267
1,348
3,836
1,381
1,352
5,6416
7,1614
1,456
1,311
1,325
1,421
3,1027
5,1675
2,751
1,263
1,383
5,1288
10,2880
1,322
1,287
1,619
5,1668
1,476
1,2352
1,311
1,398
10,4725
1,428
2,581
6,1966
1,371
2,900
8,2373
1,522
1,305
6,2040
9,2411
6,2241
1,612
6,1577
1,402
10,2622
1,544
3,773
10,3732
1,535
1,261
9,3326
1,514
1,235
1,612
10,2308
3,1165
10,19058
3,702
1,454
10,3372
1,464
10,2770
7,1947
1,662
6,1459
9,3130
1,500
1,309
1,509
4,981
4,1195
1,1235
10,3245
1,556
7,3129
1,684
10,3223
10,2163
1,664
10,3622
5,1883
10,2928
1,248
8,2829
3,929
4,1440
1,520
8,2675
10,3420
5,1747
4,3737
10,3074
9,3219
1,351
7,2151
7,2693
3,1125
1,312
3,1146
5,1936
7,3940
1,803
9,3079
5,2453
7,2319
1,528
8,2840
5,1980
1,838
5,2118
10,3618
10,2552
10,2322
1,326
1,392
5,1766
1,704
5,1801
10,4016
4,1461
10,2531
5,2481
7,2320
1,697
10,2847
5,2014
10,2872
10,3308
1,754
1,258
10,7398
9,2815
9,3134
10,5562
1,499
1,513
8,1877
4,1623
7,2511
8,5884
10,2681
7,1705
10,3378
1,504
1,277
6,1753
2,2233
4,1292
3,1104
1,482
1,410
7,1583
3,929
1,419
9,2885
10,2727
7,4925
8,2594
1,516
1,256
6,2164
2,921
7,2574
7,2966
3,1362
1,749
5,1792
5,2149
10,2848
4,1059
10,3391
2,812
1,351
1,574
1,273
6,2198
3,1426
10,2777
10,3473
1,520
1,751
10,2310
10,2500
1,809
3,811
10,3246
3,1343
10,2452
1,750
1,430
10,3063
5,1758
5,1674
5,2134
1,573
1,628
10,3460
5,1730
10,2561
10,2514
5,1625
4,1200
2,605
4,1629
1,369
5,1699
1,521
1,435
1,533
2,847
5,2441
10,3311
10,3205
10,3704
10,3349
4,1741
4,1522
9,2394
1,358
1,414
4,1034
3,38344
1,305
7,2438
1,423
10,3349
5,1751
3,1304
5,1618
10,2690
10,3368
8,2506
3,1112
5,1905
1,484
2,798
8,34986
1,264
3,1341
1,544
10,4091
4,1278
10,3710
10,3135
4,1719
10,3825
4,1012
1,380
4,1482
1,366
10,2521
3,37330
1,305
2,1010
1,524
10,3667
10,3294
7,2551
10,8509
5,2147
1,326
6,1881
2,511
10,3622
5,1743
10,3600
8,2760
1,298
9,3249
1,456
6,2370
10,3464
10,7921
3,861
10,3632
5,2235
10,3160
7,1782
6,1782
10,2970
10,3515
5,1469
1,410
1,494
1,401
10,3942
10,3843
5,2341
5,1784
7,2686
1,394
6,2092
10,3405
6,1557
10,3254
8,2741
4,1197
1,466
4,1422
1,11561
5,2058
1,484
7,4320
2,1046
10,3473
1,642
10,3359
5,2243
5,1832
3,996
10,3342
3,1286
1,380
8,2732
4,11534
2,987
1,450
3,1353
4,1483
1,809
1,627
6,1418
7,2260
10,2653
7,2406
1,273
3,1205
1,457
5,1277
4,12005
4,1459
1,484
1,599
5,1573
1,371
6,1986
6,1830
9,2961
6,1774
10,5327
1,293
2,833
1,368
10,3580
6,12477
4,1560
5,1652
1,538
1,578
1,655
1,627
10,3332
8,3038
4,1835
5,1477
10,2366
3,1254
5,1419
6,1626
3,911
4,1676
1,331
2,894
4,1102
5,1865
1,508
4,1051
3,1140
2,801
7,2754
1,253
4,1526
10,3429
6,2270
8,2763
8,2842
1,556
1,649
8,2947
1,635
1,550
1,429
10,3325
10,2584
3,1441
1,230
2,924
5,1771
9,2396
10,3239
6,1725
6,2439
1,681
10,3439
6,6140
1,494
1,224
5,1869
10,3686
2,933
1,342
1,452
4,1283
10,3440
6,1465
10,3468
1,2620
10,4428
6,2233
1,669
1,497
1,247
1,580
10,3537
4,1423
1,364
9,2984
10,3281
5,1265
6,2176
9,3222
1,480
1,384
6,2556
3,7278
2,750
1,292
1,581
8,2720
4,1022
1,392
9,71467
10,2390
1,394
10,3432
6,1968
1,906
1,596
5,1774
1,6279
1,560
1,248
1,613
10,2326
1,346
1,283
8,65038
7,2325
4,1362
7,2457
6,2113
1,438
1,540
9,3017
1,555
4,1441
1,505
1,507
10,3586
4,1658
1,294
1,658
6,2597
1,264
10,2858
10,3500
2,740
1,500
10,3297
1,519
8,6418
1,240
1,592
7,2346
8,2659
1,267
7,2407
3,905
1,353
10,3560
6,2341
1,357
1,530
6,4127
2,957
10,3421
1,255
1,307
10,2292
10,2514
10,3306
2,1089
2,741
1,330
10,2550
4,1534
1,509
1,509
4,1458
1,551
6,2071
1,311
1,370
1,481
6,1916
5,2096
9,19562
4,1437
1,246
9,2045
1,488
4,1632
4,1583
1,358
1,421
6,2065
1,288
1,396
1,549
6,1990
2,1034
10,26739
4,1484
1,369
10,2295
1,415
10,2645
1,390
1,250
6,3749
10,3473
10,2289
1,457
1,569
6,2528
3,1268
3,19174
8,6760
1,264
10,3256
1,468
8,2187
4,1743
1,359
4,1591
10,3560
2,616
1,361
1,545
6,2177
7,2056
1,18946
6,2044
1,297
10,3213
1,444
5,1688
6,1547
1,228
5,1981
6,1975
10,3256
10,3535
3,1156
9,2377
2,1181
2,18649
10,3452
1,269
1,550
1,746
6,2142
8,7098
1,227
1,3424
4,1243
8,2227
10,3764
1,594
6,2072
1,586
1,18118
6,2426
1,253
1,721
1,273
9,2835
6,2542
1,257
8,24592
4,1269
9,3182
3,1169
2,25942
4,1014
5,1877
1,17935
6,2166
10,2178
1,513
1,304
6,2238
6,2262
1,477
4,15328
2,653
10,2456
10,5253
1,33266
1,332
8,6013
5,19361
10,4223
10,2174
4,1521
1,658
10,3697
9,2406
1,413
10,12022
8,1831
10,2248
10,3086
1,390
1,309
3,1170
1,10978
6,2745
10,2232
1,529
10,2517
5,1301
6,2237
1,291
6,1859
10,2314
1,566
7,2421
3,1074
1,371
3,1124
1,1807
10,2168
9,2173
1,421
1,521
4,1283
4,11915
1,304
5,1975
10,2771
7,2304
2,995
8,2516
4,982
3,2478
1,527
4,1382
10,3474
2,857
2,1027
2,728
4,1111
2,593
9,3272
10,2716
2,949
6,2649
1,469
1,253
3,1168
2,750
1,504
10,2446
7,12103
1,389
10,2350
2,717
10,2798
10,2398
10,2654
3,900
1,811
5,4390
1,290
3,32680
1,469
1,354
2,2305
1,595
1,271
10,3674
10,2415
10,2389
2,687
10,5192
2,891
5,1747
1,562
1,236
2,20245
2,747
4,1130
1,678
3,1179
10,2294
10,2223
10,3430
10,2233
10,2349
1,1013
7,2399
5,1135
1,533
1,269
9,52477
1,437
1,383
6,2573
1,347
10,3282
10,3320
10,6043
10,2301
10,2431
1,1515
3,1280
10,3216
1,556
1,252
5,46798
1,435
1,271
2,1128
6,18852
10,2811
8,1904
8,2713
8,1942
10,2367
1,3873
5,1633
4,1457
3,1104
1,245
4,1915
1,391
1,259
3,1330
1,3957
8,2444
10,2530
9,3160
10,2847
10,3155
10,11920
1,448
3,2640
8,2490
1,245
2,720
1,367
1,252
7,2671
3,4681
10,2561
1,508
10,2805
7,2234
8,1745
1,743
3,1112
4,2350
3,1481
2,564
1,371
1,350
1,276
3,36723
1,20088
7,2316
1,316
10,2393
2,864
10,2405
7,2855
8,2990
8,3567
2,944
10,3342
9,3169
9,5913
1,270
4,35430
5,19196
2,633
1,526
2,968
8,2632
10,2935
2,1409
3,1011
6,2070
9,3636
10,3214
9,2969
5,5239
1,295
1,21341
7,43159
3,1115
1,521
1,470
3,938
1,423
1,1766
3,1156
10,7393
5,1610
9,1870
10,15374
4,1456
1,239
8,2734
1,2028
1,407
10,4156
1,612
5,1563
1,631
1,11225
4,1514
9,4618
2,817
8,2085
1,406
10,3906
10,2341
3,1347
1,2437
7,2548
1,371
1,483
3,897
1,786
1,9221
5,1732
10,3276
3,1708
10,2642
3,960
8,6953
2,547
3,1145
1,602
5,1719
1,818
1,537
3,917
1,660
1,639
9,3054
6,1545
4,1607
10,2016
9,7588
1,504
10,2185
5,26799
8,2616
3,1043
1,381
1,375
3,928
1,2325
3,1624
3,1143
7,1501
1,517
1,591
1,451
10,30268
10,3263
3,1015
3,958
1,1793
1,591
1,597
8,2556
1,487
2,1087
2,867
4,1031
2,664
7,2419
1,410
10,5112
8,2586
4,1880
3,957
3,4984
1,683
7,4421
1,311
1,559
5,2007
1,495
1,480
9,3069
2,887
7,36018
5,1867
10,2109
9,2780
9,3035
8,2935
1,1317
1,408
3,1015
7,4690
1,545
1,367
1,294
8,9997
3,1320
1,369
6,2153
10,2232
5,1935
2,655
3,1129
6,2215
1,725
2,723
1,1150
9,3699
1,416
1,287
10,12471
3,1183
1,396
3,1465
6,2077
1,386
2,878
3,1331
1,501
1,4338
5,1522
2,890
3,1381
1,351
1,302
1,526
3,1106
1,393
3,1434
1,506
3,1208
3,1443
5,1378
2,919
1,378
9,3345
3,1036
1,404
1,374
1,270
9,2769
5,1612
1,272
3,4310
2,832
1,1317
2,880
9,2993
2,783
1,469
4,1258
1,356
8,2527
1,371
1,319
1,342
7,21394
1,460
7,2536
3,1318
1,859
1,368
5,5005
7,2519
1,418
3,1049
1,547
1,292
1,347
1,370
7,2331
3,752
3,1086
10,3809
2,688
1,417
9,3388
3,1095
4,1400
3,10523
2,813
3,1124
1,727
4,1845
1,361
2,837
8,7663
1,411
8,3196
4,1452
1,545
7,21595
2,1295
9,10069
8,2549
1,438
8,2562
5,7719
9,2717
1,442
4,1346
6,2454
9,17901
9,3167
5,1695
3,1080
10,32389
4,1691
5,2306
3,1275
1,367
3,1156
9,3545
1,334
1,359
1,440
3,2016
1,388
6,1973
9,2949
1,487
9,3076
1,555
3,24391
5,1683
1,349
3,1131
4,2624
1,408
2,1003
1,313
3,1048
1,443
1,513
1,447
2,37431
4,1081
1,605
3,22294
3,1222
1,392
1,417
3,6309
1,537
10,2586
3,1063
5,2081
4,1621
7,2818
8,2689
4,1345
10,24439
4,1581
3,13935
9,2778
1,378
3,1441
1,350
4,1475
10,2791
9,9639
4,1549
1,341
7,2580
3,1021
1,584
1,440
1,936
4,1609
3,1096
3,1031
8,3247
4,1406
1,488
10,3546
1,327
1,557
1,479
1,657
3,1117
1,464
9,3140
7,2787
5,1996
3,1099
1,351
3,1155
4,1595
2,663
8,2596
1,486
3,1295
5,1760
2,941
5,1694
1,442
3,7053
1,444
3,1153
5,1725
1,377
2,894
9,7774
1,521
9,3161
9,5758
1,472
2,793
1,383
4,6444
1,449
1,451
2,741
3,1228
3,2724
4,1290
4,1474
3,1137
10,3424
1,570
1,332
1,616
2,873
1,736
9,2898
9,3059
1,564
1,416
4,1647
4,13438
1,408
4,1308
10,18498
7,2442
10,11574
1,450
1,680
7,13296
1,539
1,469
7,2491
1,358
1,467
4,1440
2,806
1,384
9,7476
7,2275
4,1572
1,628
1,511
2,943
5,7927
1,419
1,446
4,1813
1,479
9,2813
2,2256
3,1179
1,464
2,1500
8,9270
9,3251
7,2520
2,667
1,379
10,3223
1,603
1,367
9,5047
1,395
8,2721
1,571
4,1781
2,843
3,1088
2,4818
9,28597
9,13890
1,390
4,2019
8,2552
4,9315
3,1022
1,367
1,336
1,314
9,31393
1,474
1,384
2,807
9,2804
3,1225
2,14895
1,349
1,3214
1,328
1,622
2,799
1,452
1,362
1,425
9,42911
2,749
4,1418
1,410
1,372
1,614
2,8854
1,447
1,487
2,624
1,321
1,364
9,58425
1,611
3,858
10,3311
10,3798
9,2750
9,3028
3,1366
1,566
1,528
1,385
1,525
7,2316
1,396
1,505
10,50070
1,571
10,18290
7,28963
9,2961
10,3438
7,3108
1,363
2,823
3,1073
5,1251
1,432
3,1179
1,379
1,550
2,10207
1,609
1,332
3,3904
7,7500
9,42725
10,3217
1,3424
5,1787
5,1966
7,2292
1,383
10,9346
3,1118
1,465
3,23292
1,424
9,11254
1,355
8,14833
9,3324
3,1264
4,1319
9,3031
5,8579
8,3080
3,2022
8,2698
3,1054
1,410
1,629
1,263
2,737
1,2372
9,3576
1,592
9,3258
9,78098
7,2436
3,1028
10,4418
4,1936
3,2401
9,3337
1,500
1,1503
2,822
1,434
5,1943
4,1254
1,550
4,1312
1,386
5,1757
8,17457
2,811
1,465
3,1010
4,1369
4,1418
8,2701
10,3276
1,7350
1,370
9,3026
9,18966
2,712
1,461
10,4002
3,15291
1,427
2,694
3,1200
3,1026
1,395
5,1984
5,1702
1,102844
2,588
1,660
5,1697
1,396
1,429
8,2916
2,978
10,3427
9,3183
10,2854
7,2546
8,2695
5,2284
7,2531
9,19726
1,294
2,770
1,444
9,4755
1,644
1,343
5,1772
7,2404
9,2976
8,14537
7,2089
4,1928
9,3720
9,2944
1,930
9,10378
3,1063
1,594
8,59646
1,658
10,3385
9,6210
3,1168
9,6143
1,10287
10,3654
2,1046
7,4178
5,1713
1,540
1,2790
1,465
2,1130
1,6920
1,449
2,659
3,1090
8,3839
7,2213
9,10057
10,3694
1,449
1,467
1,449
2,4797
9,11272
1,425
1,516
1,539
1,506
7,2355
3,1109
3,1651
4,11274
4,4884
1,494
7,2572
2,705
2,727
7,2474
1,1768
1,374
9,3047
1,527
1,451
3,1144
1,479
3,1166
1,353
6,3665
6,1383
10,3693
10,3221
8,12833
9,2896
1,3027
1,363
10,3214
1,485
1,3342
5,1785
1,433
3,1280
1,403
1,481
7,2246
2,743
10,3822
7,2174
5,1839
1,1282
1,299
7,6821
1,433
1,495
1,486
1,686
8,4393
9,3758
7,2262
10,3885
9,20775
7,2303
3,1442
10,3199
6,14573
1,373
8,8173
1,379
2,824
1,448
1,399
10,3298
3,1162
1,410
2,514
4,1942
3,1144
5,1693
8,2459
1,398
1,443
5,1700
1,467
9,4940
8,2824
1,683
3,1816
1,640
7,2478
10,2470
9,3098
1,438
8,3120
2,758
1,458
1,542
10,3084
1,445
7,16501
1,540
3,1174
6,2165
1,481
1,490
10,3674
3,1126
5,1718
3,1230
10,14200
1,374
1,399
2,926
1,456
2,892
1,574
1,474
9,2950
2,794
6,1977
10,3238
1,583
1,436
3,1249
7,2293
2,7314
1,387
7,2280
1,621
5,1600
3,1345
1,524
7,2389
5,1997
1,364
8,3470
1,392
8,2715
3,1038
3,1008
2,1951
1,382
3,1048
1,505
10,11477
1,490
1,623
7,2466
9,3276
1,451
10,3587
2,3448
1,509
8,3032
5,1719
1,10518
1,417
5,1816
1,503
7,2369
1,510
4,1432
3,1091
10,3379
2,864
10,3643
5,1952
1,437
10,3441
8,2842
1,311
2,2800
8,2957
2,924
1,384
1,421
1,466
2,797
1,445
1,399
1,265
9,3112
3,1092
5,1878
3,1355
1,331
5,2015
1,485
10,3618
10,3206
10,3855
2,860
1,439
5,1565
3,933
1,324
7,1962
1,479
9,3021
1,431
4,5192
7,2438
3,978
5,1734
3,1312
1,409
1,353
1,484
10,3372
1,303
1,260
5,1824
1,435
6,2090
1,416
5,1652
9,3737
1,356
9,4346
5,1894
1,363
1,335
1,520
2,650
1,305
1,370
8,2922
1,412
7,2312
1,622
8,2925
2,880
1,367
7,7188
8,2695
1,534
3,1087
7,2406
7,2177
1,289
1,361
2,828
1,505
7,2730
1,635
1,387
10,3680
1,388
5,1796
3,1146
3,1213
8,2573
1,527
8,17514
4,1042
1,729
1,3018
1,587
2,787
1,508
9,16559
3,1098
1,413
1,353
3,993
3,1223
10,12949
1,1703
10,20726
1,357
1,400
10,4003
1,356
5,1649
1,436
10,3500
8,2647
1,371
2,718
7,2420
6,2369
7,2308
4,3607
1,461
1,588
1,367
10,4115
3,1192
1,364
9,3204
10,4988
10,23699
1,357
8,2657
8,4279
9,2967
9,2911
1,393
1,437
7,2480
1,360
7,2238
8,2663
4,1743
1,331
2,9588
5,1886
1,402
7,2165
3,1094
8,18131
2,784
1,382
1,454
9,2719
1,291
1,409
3,1037
1,576
1,266
5,2091
1,929
1,561
3,1024
3,1011
7,2396
10,23793
1,444
1,522
6,1728
10,3280
3,1009
10,5749
9,3112
1,242
8,3126
5,1916
1,442
5,1712
10,7931
7,2536
4,1376
1,619
5,1646
5,1128
10,2500
1,338
9,2892
1,501
1,341
3,5013
8,3131
6,1977
8,2798
9,36838
2,968
3,1071
1,628
1,614
9,2924
10,2884
5,1694
6,18280
1,591
3,1189
3,1293
3,1272
3,1246
3,1138
6,23865
1,481
1,457
1,501
8,2727
10,2964
10,3489
1,540
7,2766
1,523
3,1089
8,4242
3,1125
3,1022
3,1160
7,2217
4,2226
2,795
7,2486
1,476
10,2481
10,2708
1,416
7,2401
1,563
3,1277
3,1058
8,2751
8,2712
8,2634
1,540
3,1108
2,1025
1,523
3,1937
1,269
9,2554
8,2514
2,3888
1,677
10,3378
10,3334
3,1121
4,1257
10,3445
7,21970
1,506
2,913
9,2455
1,424
4,1023
10,2350
1,494
1,5255
1,525
8,13528
9,2926
10,8424
10,5360
5,6631
2,22129
3,1144
9,3635
6,1489
1,499
5,1440
1,581
3,1049
4,8573
1,459
1,497
6,2164
6,1978
4,1373
6,2183
1,26629
9,3550
7,3114
5,1149
1,469
2,747
10,3636
1,378
3,1271
1,476
7,2491
1,412
9,3066
7,2215
3,22661
1,483
6,1588
5,2092
9,2242
1,485
10,3372
1,957
1,467
1,557
1,512
7,2998
7,4407
7,5314
7,2100
9,9926
1,451
7,1664
10,19653
10,3437
3,1218
10,3784
5,1901
1,940
10,2993
1,633
2,927
7,2367
7,2564
2,709
1,583
4,5073
5,1745
8,2869
10,3459
3,1815
10,4184
10,3385
3,1148
3,750
3,4097
7,2151
2,821
1,371
6,1908
1,587
1,435
9,3208
1,9921
1,375
2,596
10,3296
9,3093
1,511
9,3461
3,1111
3,1362
7,2397
2,786
1,464
1,408
1,1852
10,3391
10,9655
4,1027
10,3451
8,1864
10,2672
1,485
6,1323
1,435
1,391
1,322
7,2571
3,1009
1,525
1,463
10,4023
7,2820
5,1470
6,2241
1,287
5,1645
3,1090
5,1228
6,1434
3,1259
1,640
4,1436
3,1350
7,2397
1,406
7,2262
8,28437
2,740
9,5746
1,363
10,3614
7,2333
7,2377
5,1044
9,1978
1,529
1,487
9,2218
2,742
1,385
1,413
3,1188
10,3278
7,2584
1,275
10,3581
8,2798
9,2647
7,1887
5,1158
1,687
1,501
6,1963
1,615
1,388
4,1605
5,2002
10,2740
7,1855
1,367
1,273
5,1666
7,2441
9,2954
6,1273
4,4368
1,452
5,1149
7,2673
1,439
5,1644
1,705
10,2980
8,2587
10,3301
1,293
9,3168
10,3353
10,3328
7,2277
1,614
1,687
9,2103
1,438
3,1005
1,451
3,1470
8,14015
1,470
1,354
1,255
6,2021
1,502
7,2318
9,2336
1,656
1,551
7,2077
1,541
1,383
1,265
1,526
10,2137
4,1457
1,781
1,242
7,2300
4,1676
4,1348
9,2281
1,1293
1,669
9,2272
5,5124
3,914
1,267
1,716
10,3484
3,998
1,320
1,258
2,767
5,1449
5,1348
7,2070
1,661
1,519
10,3373
1,625
9,2559
1,275
1,514
10,3702
1,441
1,267
1,359
5,1855
1,230
2,565
10,2389
1,313
1,454
7,2302
1,539
6,2049
1,251
1,557
1,417
3,816
1,250
1,259
1,492
1,410
10,3592
1,232
1,438
1,568
1,352
1,534
5,1152
1,283
1,654
1,319
9,2742
10,3596
1,474
4,1344
1,309
10,2660
5,1884
5,1473
1,745
4,1274
4,1247
7,2300
1,247
1,522
10,3159
6,1567
1,426
1,285
3,1291
1,257
8,2746
4,1028
3,1089
9,3111
5,1488
1,466
9,2598
1,259
1,284
1,324
7,2245
10,2453
1,317
1,668
1,251
10,3152
1,601
3,942
3,958
1,447
1,495
7,2286
1,242
1,340
1,234
9,2768
5,1363
10,3456
3,969
1,238
10,3122
1,464
9,2555
1,406
1,586
3,1271
9,2898
1,246
1,268
1,329
10,3594
10,2333
10,2191
9,2605
1,238
10,3290
1,350
6,1556
3,877
1,354
10,2621
1,360
10,2288
3,1204
1,282
10,7253
10,2067
10,3141
6,1614
1,484
10,3210
1,313
5,1443
9,2978
1,294
3,951
4,1363
2,487
3,1251
1,309
10,3642
10,2346
10,3524
7,1893
1,419
1,460
1,362
7,1636
6,1464
1,242
6,2024
5,1409
10,3351
8,2711
1,239
7,2263
5,1647
9,2396
5,1244
1,322
1,243
2,546
7,3156
7,2443
1,269
5,1428
1,353
10,3126
10,6736
1,247
1,351
10,2567
10,2500
9,2573
2,697
1,295
1,327
10,3557
10,3263
1,255
9,3549
10,2701
8,2673
5,1736
1,400
4,1050
10,3311
1,416
10,2315
10,3386
1,249
1,501
10,3333
7,1502
1,260
7,3296
2,483
10,2999
9,4849
6,1457
1,403
1,632
10,2387
7,2187
10,3767
10,2182
1,285
1,298
10,5480
1,310
10,3338
10,3249
10,3189
7,2555
10,2109
1,285
5,1664
2,981
10,3361
8,2320
1,254
1,275
4,993
1,306
1,521
7,2837
8,2744
5,1246
7,2209
10,2299
1,298
10,3659
10,2306
1,560
10,2835
1,239
1,272
2,842
4,1402
1,391
4,1645
10,3479
10,2146
2,868
10,2182
1,281
10,4835
10,3530
4,1165
10,2463
1,227
1,251
10,3405
1,438
2,567
5,1301
10,2950
10,2259
1,530
4,1256
1,253
10,3687
8,2692
1,374
10,2426
1,247
10,2383
10,3369
10,2598
10,2206
2,802
10,3481
10,2145
5,1793
10,2882
1,261
9,3065
10,3335
1,373
10,3075
1,241
10,2703
10,3603
10,2965
10,3191
8,2803
10,7095
10,3026
6,1913
10,2512
1,266
5,1861
1,391
5,1291
5,1708
1,250
10,3565
8,6885
10,2897
10,2580
10,3459
1,533
10,2546
3,1284
4,1192
1,258
1,390
10,9352
1,216
10,3067
5,1133
10,3643
10,3666
9,6937
8,2670
10,3776
1,367
5,1225
1,385
1,284
1,341
1,424
10,3259
1,326
10,3400
10,2959
8,2752
10,2238
10,2556
10,4554
10,3468
1,343
10,2027
3,964
1,412
1,353
10,3026
1,415
1,244
10,2343
10,3212
10,3169
10,3217
10,3527
10,7078
10,2592
1,287
10,2111
9,2668
1,270
10,2580
1,407
1,368
1,247
10,2609
10,2196
5,1218
1,470
10,2935
5,1170
10,3250
1,404
1,457
4,895
1,358
10,3155
1,446
1,345
1,283
5,1134
10,3285
10,3239
1,292
10,2472
10,2054
10,3530
1,253
1,379
5,1132
10,2336
10,3383
1,354
1,384
1,371
10,2372
5,1237
10,2174
1,331
1,348
10,2814
1,371
1,541
1,242
7,1814
1,229
10,3399
1,393
1,412
1,262
10,3341
10,2659
10,3309
1,322
1,248
10,2250
1,315
1,382
1,247
9,2680
1,277
10,2782
1,308
1,292
1,257
1,509
1,366
10,2196
1,343
1,236
10,2109
1,254
1,277
1,251
10,2653
1,234
10,3100
10,3267
1,304
10,2349
1,295
5,2276
10,2353
1,350
1,355
10,1979
1,547
1,282
1,233
10,3134
1,229
5,1721
1,254
1,320
2,470
1,437
10,3680
10,2326
1,332
1,255
5,1166
1,258
6,1612
1,234
7,2368
1,268
10,2343
1,365
1,420
10,3314
1,286
10,3832
5,1195
1,256
1,281
10,2706
1,354
10,2128
1,232
1,357
1,293
10,2164
1,286
10,3583
8,2681
1,304
5,1700
10,2193
1,260
1,339
10,2172
1,354
10,2072
1,253
5,1406
1,312
10,2385
10,2318
10,2254
10,3634
1,268
10,2745
1,527
1,333
1,352
1,418
1,405
10,2829
1,246
1,383
10,2458
10,2038
7,2591
10,2073
10,2546
1,272
9,2847
1,271
5,1446
1,224
1,476
1,469
10,2408
1,238
1,311
6,1415
10,2061
10,2235
10,2360
10,2589
1,308
10,2621
1,243
10,2189
1,233
1,259
1,305
4,1308
9,3182
1,322
10,2271
5,1309
10,2102
10,3428
5,1116
1,298
10,3657
1,591
10,2933
6,1834
1,259
6,1904
10,2456
5,1809
1,327
10,3397
10,2368
10,2925
10,3458
10,2160
1,650
1,514
1,435
10,3032
10,3594
1,242
10,3290
10,3380
10,3443
1,247
6,1356
10,3296
3,990
10,3443
10,2743
1,497
1,263
4,1331
10,3003
10,3329
1,248
10,2579
10,2496
10,3178
1,239
10,2255
1,416
10,2316
10,3963
10,2291
5,1502
1,325
1,251
10,2387
10,3303
1,233
10,2262
5,1641
5,1767
1,286
3,820
1,267
10,2451
1,564
10,2778
10,3037
10,2384
1,266
5,1216
10,2206
1,241
10,3113
1,335
10,3930
1,274
7,1854
1,245
2,13249
10,3407
10,3475
9,3075
1,750
1,227
10,3392
4,1154
1,314
10,2226
10,3347
10,3282
1,397
10,2041
1,242
10,2203
1,381
5,1679
10,3259
1,727
1,224
5,1633
10,3295
1,238
4,1060
5,1859
5,1418
1,276
10,2584
1,274
10,2828
7,1761
10,2178
5,2565
1,410
1,630
1,382
5,1622
1,379
10,2204
9,3021
10,2116
2,610
10,3072
1,382
10,3581
9,4995
10,3320
10,3504
1,362
1,728
10,3677
1,632
5,1638
5,1331
10,3286
10,2511
10,3279
4,1570
1,326
10,3294
9,4635
1,362
10,2337
1,253
10,3141
10,3587
10,3198
10,3479
1,348
10,3733
10,2258
10,4271
10,3973
1,339
8,2574
9,2578
1,404
10,2424
1,409
10,3424
10,3320
10,3359
10,2925
5,2111
10,3472
10,2829
8,2670
10,3223
1,246
1,385
1,628
1,268
7,2121
1,295
10,3081
5,2115
5,1741
10,2561
10,4397
1,481
5,1236
10,2793
10,2976
1,327
1,648
3,1259
1,248
10,3030
7,1990
6,1940
9,2521
10,3115
9,2716
10,3659
1,429
10,2893
10,3332
1,490
1,467
10,6421
10,3027
1,243
10,3080
10,2732
10,2512
10,2928
9,2861
10,3644
9,4731
1,378
10,2209
10,2213
1,350
10,3128
1,290
1,645
1,235
10,2892
10,3063
9,3507
10,2255
10,3580
5,1724
10,3169
1,307
2,730
5,1153
1,353
10,3427
1,259
1,515
1,241
3,1211
10,2567
5,1837
1,552
10,3294
7,2008
10,3231
1,278
1,388
5,1249
10,2971
10,3364
1,345
10,10546
1,227
10,3396
10,2779
10,3509
1,300
10,2403
10,2241
10,2901
1,268
1,485
10,2168
1,353
9,2642
10,2979
1,443
1,229
10,2402
3,1134
10,4016
1,264
1,502
10,2462
1,405
1,317
1,240
10,2010
1,530
10,2274
1,346
1,398
1,339
1,447
2,995
10,2344
1,302
1,362
10,2515
1,309
1,586
1,267
10,2121
1,287
10,3012
1,253
1,571
10,2190
1,241
10,2279
10,2343
1,301
1,270
10,2390
1,357
1,297
1,234
10,2908
1,257
7,2317
1,302
1,404
4,1009
1,331
10,3573
10,2849
1,269
1,286
3,1276
1,299
1,278
1,248
10,2328
1,370
10,2499
1,262
1,318
6,2092
1,285
10,3313
5,1730
1,323
1,284
10,2466
1,337
7,2370
1,282
10,2197
1,338
10,2626
1,333
1,366
10,3307
1,353
10,3909
10,2423
1,247
1,255
10,2419
1,258
10,3057
1,253
10,3314
1,336
10,3660
10,2454
1,466
10,5118
1,475
8,12791
1,388
1,243
1,240
1,561
1,293
10,2184
1,276
1,531
6,2353
10,2711
6,2165
1,405
10,2954
1,366
10,4088
1,238
1,273
1,267
1,411
1,275
10,3106
1,293
1,296
8,2078
3,899
10,5329
10,2578
10,2212
1,363
10,4373
1,260
7,1742
1,233
1,288
1,286
3,1033
8,2499
1,262
2,890
10,2593
10,3152
10,2506
7,2008
1,354
1,701
1,285
10,2363
1,278
1,278
1,248
10,2293
10,3040
1,268
9,3005
10,3016
10,7095
10,3404
10,3031
1,365
1,302
1,304
10,2354
7,2369
1,258
7,2439
10,2134
10,3478
1,283
9,2914
1,487
4,1445
10,2320
10,3238
2,607
1,239
1,288
10,3313
10,3104
1,238
10,4106
10,3070
10,3188
1,316
10,3415
1,362
10,3385
10,2230
10,2378
10,2122
1,492
1,288
10,2436
10,2125
1,347
10,3103
2,589
10,3263
1,487
4,1163
1,366
10,3488
10,2647
10,2392
10,3048
1,484
1,262
3,832
10,3043
1,240
10,2341
10,2328
10,3321
1,286
10,3674
1,276
2,781
10,2178
3,872
8,2773
1,245
6,1319
10,2796
3,816
1,239
10,3325
10,4013
1,512
1,310
1,432
1,243
7,2346
2,1886
10,2974
10,3244
1,368
1,271
2,730
10,2066
1,273
3,832
8,2609
10,3219
1,277
10,3296
1,261
9,2942
2,2086
10,2122
10,3595
1,247
2,436
10,2301
2,725
2,633
10,2378
10,3350
9,1996
4,1238
10,3422
1,271
10,7771
5,2335
1,335
10,3415
1,243
1,234
10,3613
10,3309
10,2219
2,659
10,3894
10,2337
1,596
10,3548
1,401
10,9588
10,3373
1,337
10,3231
1,466
10,2319
10,2672
10,3030
10,2097
10,2253
10,2868
10,3607
10,3076
1,569
1,284
8,10598
5,2081
1,433
6,1919
10,2610
10,3358
10,3355
10,3608
10,2553
10,3643
1,400
9,2611
10,3272
5,1481
1,271
1,380
8,2787
1,347
10,3713
6,1769
10,3512
8,5417
10,3291
8,2545
8,2631
1,385
10,2708
6,2195
9,3394
2,547
3,969
8,3022
1,281
9,3040
9,2721
4,1695
10,3473
8,2523
10,6731
10,6231
1,288
1,1009
9,2600
10,4591
10,3029
10,3123
10,3562
1,330
10,3081
10,5885
8,3265
10,3253
10,3969
10,8181
10,3162
1,337
10,7347
10,3061
5,1667
10,3221
1,533
9,3372
1,274
4,1179
10,3263
10,3597
1,568
10,3416
6,1538
10,7258
1,343
1,442
10,3086
10,3066
10,11633
1,429
10,4079
1,243
10,2994
10,2869
1,533
1,442
10,2501
9,1920
10,2934
1,302
1,541
7,2102
10,3289
8,2902
10,3720
1,511
1,264
1,541
4,889
10,2680
1,403
10,2441
10,3319
1,313
1,426
1,632
3,1387
10,3250
10,3673
1,247
1,529
1,269
10,3384
1,288
9,2215
1,585
1,491
10,2399
1,358
1,379
1,467
10,2932
10,2396
10,3342
1,234
1,523
10,3250
1,388
10,3487
10,2309
1,287
1,296
10,2318
1,268
1,379
1,273
10,2863
10,3177
6,1887
1,254
1,455
6,1645
1,454
10,2891
10,2020
1,356
1,303
10,2613
1,250
1,252
1,348
10,2336
1,372
10,2575
1,264
1,632
10,3350
1,535
2,633
10,3303
1,642
1,285
4,1675
1,245
6,1920
1,308
10,3121
1,374
9,3330
1,357
1,590
4,1326
1,500
7,2606
10,3513
1,548
1,255
1,269
1,353
10,3511
1,306
10,2984
1,326
10,3194
1,263
1,464
10,3570
1,399
8,3146
9,2325
1,394
1,261
10,2798
1,429
9,2123
1,390
10,2556
10,2905
10,2964
1,412
1,430
10,3383
1,474
10,4793
10,3180
1,496
1,236
1,507
1,570
10,3441
1,603
1,643
1,354
4,1565
1,473
1,504
10,3399
1,545
10,2976
1,418
10,3317
1,249
1,701
1,479
4,1109
1,503
1,459
1,324
1,344
10,3178
1,433
6,2260
1,472
9,12531
10,3368
6,2226
1,233
1,387
1,412
1,314
1,341
1,263
1,511
10,2865
2,546
1,385
10,3084
1,610
3,808
1,456
10,3402
1,346
1,414
6,2252
10,3351
9,3060
1,287
1,422
10,3305
4,1143
1,3187
9,2854
1,400
10,2045
1,421
10,2408
6,1651
1,382
10,4382
10,6738
7,2695
1,269
1,426
10,3333
10,3116
5,1139
10,2243
10,3337
10,2779
1,464
10,2426
10,3506
1,405
10,2451
1,434
9,9611
1,310
1,410
10,3949
10,3544
2,849
10,3532
10,3509
1,519
1,290
4,1524
10,3621
1,422
10,3342
9,3097
10,3662
1,251
1,390
1,661
8,2296
7,1758
4,1633
1,464
1,414
1,394
10,3571
10,3768
1,374
10,3488
2,740
10,3406
1,257
1,372
1,890
6,1306
5,1834
1,495
7,2510
1,449
1,378
10,3556
4,1103
1,486
4,1530
7,2435
3,1585
1,262
10,2279
1,494
10,2358
1,554
10,3082
9,2990
1,330
1,482
10,2314
10,3352
1,369
10,3574
8,2935
10,2956
1,231
10,2582
1,368
10,3248
5,1599
10,2396
9,2922
1,292
1,523
1,437
10,2139
2,817
10,3651
9,3289
1,333
6,1645
9,3381
1,468
3,1067
4,2271
1,385
10,3026
1,274
1,395
7,2453
1,609
7,2536
10,3885
3,997
10,2511
2,775
5,1917
1,598
3,747
8,2580
1,527
3,989
1,250
1,385
3,1026
7,2106
10,2613
1,616
10,4045
3,888
4,1736
3,1070
1,483
10,3243
2,737
1,322
10,11816
1,280
6,1706
9,9535
10,4240
10,3110
7,2713
10,3534
10,2736
10,3509
10,3300
1,454
7,2890
5,1816
1,511
10,3141
1,308
1,274
10,3180
9,3264
9,3265
9,3219
10,7653
10,3213
10,5527
10,2544
1,438
7,2198
3,974
1,418
1,418
1,287
1,237
10,3235
3,1081
10,3244
3,1391
1,470
9,1979
8,2702
5,1240
1,387
10,3186
8,2772
1,298
10,3240
1,420
10,3397
9,19704
10,7272
3,1093
10,3587
1,320
7,1599
10,3221
7,1652
2,580
1,520
6,1457
1,262
2,648
10,2166
9,3666
10,17026
9,2912
8,19291
10,3387
1,423
10,2286
10,2562
10,2089
10,2313
10,3137
4,1472
1,251
10,2600
4,1347
9,3092
10,23899
10,15309
1,560
10,3694
1,388
10,2110
6,1470
10,2114
8,2696
9,10913
10,3455
1,239
4,1449
10,3583
4,1337
1,440
10,2951
4,1089
10,22059
1,325
2,887
4,1378
3,1065
9,12988
1,320
1,506
1,481
10,3071
5,1208
9,3054
1,631
4,1167
10,2738
9,16227
1,294
1,605
10,3145
2,652
8,6966
9,2918
2,843
9,3011
10,3353
10,3185
10,8088
1,453
1,497
5,1312
1,443
1,326
1,569
9,2692
7,2581
10,3260
1,344
4,1708
6,1915
8,1816
10,2470
1,546
1,458
1,479
10,2454
1,751
1,296
1,389
10,2265
3,1409
10,3357
1,462
10,3680
1,530
6,1988
5,1289
1,585
1,525
1,520
10,2174
1,524
1,291
1,625
10,2794
7,2238
1,381
1,457
8,2434
4,1634
10,3093
6,1564
10,3202
1,368
1,366
6,1515
1,448
1,409
1,824
10,2524
8,6631
2,616
1,462
9,3043
10,8921
10,2448
10,3402
4,882
1,433
1,539
5,1112
1,433
1,439
1,580
1,479
10,3646
2,585
1,410
10,3663
10,3108
1,439
3,11075
10,2801
1,328
1,307
10,2067
1,315
2,576
1,598
10,2390
7,2357
10,2474
1,358
9,2989
10,3336
1,333
3,9113
10,3074
1,446
1,282
10,2076
1,399
10,3546
1,402
10,2625
9,15085
3,820
1,360
1,402
10,3553
1,596
10,3047
10,2480
1,468
1,307
1,513
1,616
4,1189
1,494
10,3328
10,3822
1,678
1,368
1,566
2,777
1,446
7,2648
9,2087
1,416
1,334
1,422
1,738
10,3326
1,510
1,418
1,527
10,2559
2,1544
1,711
10,2153
1,449
10,3471
6,1997
2,648
1,326
1,362
1,637
8,2604
3,1045
1,346
5,1774
10,3520
1,421
10,4508
3,1125
1,430
9,9780
10,2118
10,3581
1,398
1,358
1,469
6,1381
8,2377
1,521
1,544
10,3439
3,1242
1,571
10,3335
1,521
10,3051
10,2099
10,4846
5,1867
1,502
2,611
10,2168
10,3440
1,1147
3,2454
8,1866
1,357
1,648
10,2040
1,437
7,26975
1,536
10,2429
6,2128
1,351
3,1086
10,3284
7,2318
1,532
1,3361
7,1790
2,781
1,490
8,2698
1,450
1,501
3,1185
10,2311
10,2470
1,385
10,2868
3,1453
9,3171
1,562
1,483
10,2131
8,2474
1,582
7,1639
1,425
8,5943
1,517
10,2226
10,3402
3,825
10,2253
7,2978
7,10748
1,466
1,415
9,2043
7,2172
1,612
10,2269
2,1059
1,581
1,555
8,2699
10,3107
1,357
10,2264
3,1676
10,10015
1,479
1,430
1,393
1,324
1,606
10,2230
10,12976
2,762
2,689
10,2548
10,3400
1,431
10,2491
10,3396
3,1207
1,603
1,389
1,455
7,2786
1,486
1,479
8,2577
1,513
1,322
2,14251
5,1181
1,444
8,2843
7,2598
5,1824
1,640
5,1527
1,1856
1,439
1,431
1,362
5,1784
1,537
7,2717
3,20333
10,2182
3,1042
7,2019
10,3979
1,508
6,1525
1,453
1,456
8,2946
7,2460
1,334
7,2412
5,1375
1,422
10,3499
3,860
7,2321
10,3697
5,1893
3,1019
1,363
1,454
1,513
7,4546
5,1917
1,350
10,3732
2,881
1,540
7,2287
2,1407
10,3796
2,1125
10,3367
2,902
10,3559
1,367
1,632
3,1087
7,2548
1,355
10,3892
2,1142
1,464
8,2852
10,3412
7,2651
3,18938
1,491
1,469
4,1440
1,451
1,556
2,789
5,1354
1,434
3,1095
7,2551
1,555
10,3077
7,2759
7,2646
10,8137
7,2273
7,2280
9,2853
2,1004
1,412
8,2614
8,2338
1,386
5,4226
1,556
1,429
9,2820
10,5185
10,3550
8,3039
1,386
5,1786
9,10568
7,2606
1,461
3,990
9,3231
1,612
7,3300
8,7906
10,3152
7,1951
8,3493
3,1155
7,8229
1,474
7,2318
10,3199
8,2630
1,516
4,1297
3,1132
1,554
3,1105
1,64975
1,492
10,9544
9,2931
9,3064
10,6344
1,502
1,362
10,7384
1,374
3,1172
2,553
10,19307
1,443
1,417
4,1446
10,3667
1,470
7,2169
5,2169
9,7351
1,463
8,2745
2,801
1,516
3,1338
1,454
5,1817
3,1185
5,2450
5,2024
5,3251
1,414
10,3287
1,2483
1,494
1,489
2,958
1,490
8,2860
7,19095
4,1398
5,1644
7,2313
2,855
1,538
3,1040
1,468
2,748
2,834
7,14488
1,419
3,1014
8,2429
7,2291
7,18944
10,3236
3,1151
10,3215
2,627
1,478
8,3578
1,365
1,586
7,2312
10,8620
1,1036
7,2357
10,2671
2,818
10,16427
8,2364
2,4253
10,3389
3,995
8,11708
7,24433
1,529
3,1113
1,564
1,565
3,1043
1,639
3,724
2,765
5,1676
10,3572
1,375
3,1367
7,2385
8,2027
1,511
1,479
1,472
8,2387
3,18355
1,475
1,566
10,3291
3,1138
10,20992
10,3395
10,2463
10,3290
5,1708
1,357
5,1565
3,983
1,477
10,3444
3,1265
1,588
1,721
10,3714
8,3266
2,851
9,10253
1,562
7,6065
4,1360
1,447
3,1935
1,421
1,18462
1,508
1,531
5,1995
4,1556
10,2404
3,1302
8,56915
1,355
7,4063
9,3043
1,321
1,648
2,896
1,371
5,1659
10,4161
5,2156
3,1304
1,2314
10,2629
4,2002
3,1486
1,471
5,1539
10,3212
8,2737
1,437
2,723
1,354
1,341
10,3623
1,382
1,544
1,444
7,2519
2,885
5,2845
10,2996
10,3333
9,7495
8,6019
8,3993
5,1857
1,336
1,317
8,2555
1,749
2,951
3,1033
10,3043
1,558
1,731
1,333
10,3872
10,3365
2,749
1,442
7,2176
3,993
1,380
5,9212
1,839
5,2120
1,380
1,591
7,2444
2,601
9,6907
9,3124
1,494
1,593
2,785
1,464
1,411
8,2477
2,812
2,872
7,2408
1,422
1,424
4,1652
2,1050
1,461
3,1339
1,500
1,592
3,5203
7,2201
4,2026
1,345
2,1083
1,403
5,2274
8,20765
1,454
8,2898
2,825
1,421
1,576
2,632
1,615
6,2588
5,1603
5,1432
1,408
7,4476
2,2104
1,565
1,390
1,484
3,1223
5,1275
1,428
1,411
5,1593
1,401
2,1063
8,2439
2,1096
7,2323
3,1057
1,485
8,3300
1,345
1,16095
9,3291
7,3064
1,907
1,381
3,1002
1,346
1,336
2,768
7,2819
2,709
2,850
1,12364
7,2321
1,354
1,532
10,3135
7,2624
1,2264
1,484
2,1055
1,446
10,11213
3,908
1,310
1,697
8,2717
2,1318
2,793
1,394
7,2349
6,9993
5,2540
1,538
10,3203
7,2628
1,412
8,2551
8,1864
7,3740
8,3271
3,967
7,3120
3,1191
2,733
1,350
10,8941
1,549
1,654
1,342
1,623
1,429
10,17963
7,17851
1,676
1,428
4,1118
1,304
8,2854
9,3086
3,1152
10,3482
8,5429
7,2549
1,847
7,2322
6,3531
9,4114
8,1870
5,1878
1,326
1,656
1,375
3,1063
4,1499
2,709
1,350
2,731
1,488
5,1787
5,1611
1,927
9,2645
3,860
6,10266
1,504
1,482
7,2794
4,1454
10,3541
1,329
1,344
8,2965
3,943
1,644
1,434
8,10548
10,3462
4,1095
8,2971
5,2395
1,464
5,1706
7,2470
8,2952
1,256
7,2423
3,751
1,307
1,464
8,5704
1,559
10,21959
1,534
2,941
2,883
1,472
8,2870
1,576
9,3332
1,404
1,424
1,452
1,244
1,493
8,3048
4,1567
1,366
1,521
3,1333
3,1033
1,419
4,1509
4,1188
10,2709
8,2444
1,620
6,1527
5,1648
1,444
3,980
1,560
5,5410
2,1765
8,4786
2,702
1,638
3,1239
10,3665
10,3756
3,950
1,404
1,390
8,2635
10,2929
2,836
4,1414
1,318
1,337
4,1499
8,2580
1,379
7,11560
10,3791
1,535
7,2423
1,326
1,614
3,1051
10,3580
7,2303
10,4021
1,505
1,434
6,2242
8,2703
1,297
8,2449
10,4350
3,939
3,1419
1,440
1,475
9,2603
10,2760
1,558
10,15915
1,460
1,358
1,550
4,1402
1,410
4,1517
10,3504
7,1960
7,26456
1,506
1,534
7,2915
10,2527
1,577
9,7403
1,345
1,572
4,1128
2,788
1,418
3,901
9,2809
1,661
10,41667
1,515
1,471
9,3400
10,2551
1,594
10,21597
1,379
1,1450
10,3411
1,480
1,444
1,665
10,3162
1,577
3,959
1,377
1,682
5,1612
10,3669
1,446
9,24272
1,432
1,523
4,1549
4,1760
6,1420
6,1781
8,2733
5,1872
10,83536
4,1442
1,373
2,660
10,3231
8,2812
10,8407
1,509
1,591
10,4243
10,3351
8,2526
10,3624
2,698
8,2124
5,1917
2,667
1,501
9,11946
3,1054
1,407
8,2707
1,438
10,2386
10,9935
8,3051
6,1560
4,1531
10,3626
9,2327
7,18441
3,1070
1,441
1,421
10,2543
1,411
1,505
1,682
1,483
9,3098
10,3701
4,1098
9,3288
9,3336
3,1211
1,523
1,358
8,2586
1,556
1,540
1,408
3,1150
1,625
4,1523
9,3364
9,3436
10,2565
10,3417
1,495
7,2320
2,979
1,376
4,1199
1,767
10,3005
3,954
7,1616
2,1539
1,504
10,21091
10,3142
9,3004
9,2930
10,4151
5,1880
7,3223
5,1785
2,945
7,2428
8,3049
4,2920
1,454
7,1999
10,3695
1,10070
9,3169
10,2576
10,7392
1,429
9,3083
2,4368
8,2412
3,1134
5,1624
2,1252
1,379
2,756
5,1772
8,2916
1,524
10,3345
4,10705
1,377
1,494
10,3146
4,1645
9,3098
1,471
10,3438
7,2579
1,376
5,1430
1,493
10,25956
1,506
1,628
10,19753
1,558
1,493
10,2925
1,596
8,2605
4,1333
9,2990
10,2419
1,368
7,2497
8,3152
9,6346
1,341
1,561
4,1340
1,551
1,427
2,826
5,8034
9,3208
7,2331
1,402
9,1828
2,893
7,2635
7,2404
10,7919
1,441
1,495
2,973
1,420
1,473
2,1031
8,2984
2,713
10,3275
9,8472
2,723
10,4346
9,3317
8,2310
3,1213
1,555
1,453
7,1924
10,15506
1,556
3,1184
2,783
9,2824
10,10375
10,9726
1,424
4,1473
3,1168
10,3669
7,2051
1,431
1,470
1,476
1,429
1,487
7,2054
3,1455
5,6940
9,3227
1,363
1,296
10,3445
10,7639
3,3271
1,277
1,321
1,380
5,1919
1,523
1,966
8,3110
8,9480
1,521
10,3061
1,431
1,386
8,3029
9,2399
9,3677
5,1084
1,354
1,405
1,376
1,581
1,475
9,3721
6,2372
7,1828
9,16984
3,933
1,464
9,13868
5,1857
2,1029
1,293
1,364
1,448
8,2565
1,508
1,612
10,11286
8,4298
1,335
1,801
1,329
1,363
10,4826
3,1059
3,914
7,1886
1,396
1,351
7,2296
1,609
3,1170
1,380
1,528
7,2361
3,1063
1,275
8,2365
10,33789
1,523
1,472
8,2783
3,958
1,271
9,3479
1,497
7,2482
1,533
1,505
3,1225
7,2157
1,252
1,375
1,686
1,417
7,2736
9,2930
10,3291
1,278
8,2575
1,551
1,520
1,558
1,408
10,7496
1,524
1,387
1,406
3,9673
1,406
5,1810
7,2343
7,2333
1,566
3,1153
3,1130
1,390
1,586
4,3371
3,1058
5,1655
1,340
1,344
1,4114
1,459
10,3511
3,1032
5,1198
2,939
5,1363
9,3125
5,1734
1,328
1,336
9,2209
3,1265
5,5721
1,416
7,4805
1,406
10,13095
5,1693
8,2292
7,2602
9,2214
7,2045
7,1806
1,277
1,536
3,1098
8,2382
1,289
1,372
5,1562
1,392
9,3215
9,1994
7,2236
9,2922
9,2355
1,250
3,1151
1,346
1,427
10,3224
7,2094
10,2235
10,3493
1,282
1,399
10,3106
9,2819
7,2558
5,1879
2,757
1,532
9,2926
1,289
1,373
10,3214
9,2353
1,388
10,3326
8,3053
1,390
3,1183
3,1282
9,3156
8,2388
3,907
8,2600
7,7421
7,2602
1,414
1,355
7,2143
10,2331
10,3506
7,2072
1,371
5,2028
2,697
3,1109
7,2366
1,349
7,1744
9,3294
1,384
1,404
1,374
3,1370
10,2413
10,2989
3,1363
1,335
10,3472
1,454
5,1636
9,2116
1,469
1,679
9,2983
1,362
1,374
7,6483
9,17452
2,610
10,2406
9,3754
1,551
10,3409
2,801
2,801
8,2563
1,256
7,2362
5,4631
1,264
6,2310
1,433
2,4127
4,1081
10,2425
7,2453
1,498
1,416
1,577
3,1039
3,1110
1,365
3,1009
3,1093
3,1044
1,573
1,335
5,15266
10,2179
3,857
3,1176
7,1619
1,463
1,299
1,467
5,1602
1,301
9,3118
1,509
10,3138
4,1106
1,399
7,3062
10,2841
2,827
5,1521
5,1608
1,539
1,313
1,598
2,727
1,408
2,580
1,533
5,2051
10,3745
10,2489
1,547
10,3220
10,3532
2,486
10,3471
1,532
1,262
9,2720
3,1100
1,432
9,3891
9,12427
10,3408
4,1905
1,338
3,1369
8,2986
10,3667
9,5887
10,3299
1,302
1,309
7,2613
1,498
1,356
3,4244
1,517
10,3390
9,3583
1,336
1,513
6,1889
10,3945
9,5790
9,2776
1,292
1,412
2,499
1,347
1,311
1,598
7,1729
10,3807
10,18700
1,296
1,705
2,877
4,1281
1,292
3,1029
1,459
1,274
10,3519
7,2426
1,385
7,1768
10,3396
5,1822
10,3472
1,276
1,556
1,8669
7,2520
1,449
10,3242
1,383
1,293
1,522
10,3670
1,381
9,3275
5,1201
6,12562
9,7321
1,310
1,384
1,356
10,2476
1,366
5,1668
1,464
1,269
10,3068
5,2053
1,336
10,2658
10,5723
10,12785
3,1166
6,2300
1,374
8,2156
8,1655
1,464
10,2792
1,408
1,260
9,3470
10,3968
7,2035
5,1899
9,3162
4,1666
1,484
2,869
1,375
10,3269
1,528
1,453
6,2173
5,1372
1,451
3,1082
9,3013
9,2126
3,1157
3,3219
2,596
7,2670
4,1332
1,334
2,779
1,335
1,1354
10,2629
10,3462
7,1958
8,2524
10,2937
10,3245
1,381
1,531
10,3541
7,1920
10,3523
1,622
8,2685
1,642
1,974
4,1310
4,1037
8,2781
10,3280
3,1067
10,2823
9,3264
1,417
10,3013
1,471
10,3396
1,483
9,2841
1,401
1,397
10,6563
10,3745
10,3214
1,415
5,1812
9,2225
10,5611
1,423
10,3413
8,2595
4,1410
1,376
9,2665
1,418
1,408
10,3329
10,2209
10,5315
1,545
10,2580
10,12386
1,434
1,386
10,3110
5,1605
10,2980
1,401
9,2866
1,417
1,410
4,1607
5,1775
10,3190
1,360
1,534
3,735
1,247
5,1938
4,990
7,2550
6,1686
1,379
1,683
1,391
1,406
10,3290
10,3298
9,3053
1,4868
1,664
1,267
1,622
10,7623
6,2096
9,3321
8,2761
7,2341
1,442
1,494
1,260
10,3443
6,2152
3,880
1,329
4,1306
5,2089
10,3380
1,226
8,3235
10,11693
1,431
9,3125
1,335
1,574
1,492
6,2223
2,790
6,1477
1,245
1,373
10,2791
1,544
1,414
1,412
3,3417
10,2127
5,1715
1,428
6,2293
9,2257
1,349
1,342
10,3244
1,481
1,364
4,1399
5,1907
1,582
1,273
9,3993
10,2492
9,2572
1,408
1,400
5,1820
1,461
1,323
2,690
1,444
1,427
2,752
1,431
1,348
1,242
2,875
1,562
10,3648
1,439
10,2484
10,3461
1,521
8,2974
4,1116
1,396
1,454
10,2277
1,262
1,312
1,267
5,1647
8,1697
3,1340
1,309
10,4573
9,3045
1,406
10,2651
10,2484
1,426
1,408
10,2562
1,395
1,271
1,610
3,1228
4,1445
10,3370
1,363
10,5515
10,2186
1,381
8,2992
10,2521
6,1900
1,560
10,3235
1,316
6,1827
1,284
1,503
2,753
5,1993
1,370
10,3804
5,1863
1,391
9,3364
10,2153
10,3059
1,357
5,1659
1,465
10,3106
1,437
1,419
9,2912
6,1424
1,275
10,3783
10,3959
1,435
9,2093
10,3138
10,3521
1,415
10,1983
1,588
4,1392
1,476
1,295
2,728
10,3077
10,2701
10,2661
6,2312
1,309
9,3375
4,1423
10,2193
6,1430
6,2092
6,2105
2,684
1,510
1,396
9,1979
4,1373
10,2733
4,1491
1,500
1,320
2,644
8,2624
10,3447
6,2170
8,2583
10,2773
10,2826
10,2852
1,319
6,2132
10,3404
10,2816
10,2457
10,2468
1,346
10,3396
6,1987
10,2340
10,4047
1,560
10,3272
10,5599
1,312
1,474
1,804
7,2251
1,414
4,1185
2,984
2,802
1,435
4,1408
4,1303
10,3572
1,324
4,872
4,1075
2,826
1,361
8,2611
10,2911
1,309
10,3626
10,3043
8,3238
10,3835
1,405
10,3286
10,2803
1,259
2,730
10,3717
1,521
1,581
1,382
10,2534
1,458
10,7047
10,3024
10,3803
1,441
1,372
3,1145
10,3328
1,237
10,3465
6,2746
1,439
1,334
1,500
10,2087
1,283
5,1624
10,3468
2,622
1,288
1,376
1,325
4,1399
1,278
10,2597
8,2637
2,858
1,339
1,366
4,1135
1,385
6,2285
4,1181
8,2750
1,370
2,521
10,2574
10,3175
1,306
4,914
1,465
8,2696
1,318
1,364
6,2209
10,2494
10,2961
9,3060
9,1981
1,346
1,299
10,2559
2,570
1,258
6,1843
2,608
9,2355
1,456
10,2623
3,832
1,267
6,1491
10,6561
10,2055
1,345
1,305
8,2727
1,458
1,249
8,2271
9,2728
9,2242
9,2193
1,274
1,358
1,379
1,439
8,2885
2,853
1,340
1,246
4,875
1,567
1,421
2,703
10,3274
9,8373
7,1650
1,292
1,362
1,311
1,333
1,511
8,2775
1,244
1,262
2,829
8,2784
3,1002
10,3366
8,2788
8,2835
10,2772
1,249
1,541
1,303
1,502
1,411
1,483
1,261
1,234
7,2720
10,2589
2,700
10,3932
8,1758
1,393
2,1381
1,293
1,406
1,260
1,441
1,258
10,2793
1,247
1,278
9,3045
8,1715
1,245
1,4786
9,3273
8,1828
1,553
1,371
1,307
10,3106
1,427
1,275
8,1922
1,318
1,262
2,575
2,456
1,308
8,1803
10,2148
8,2181
9,3019
8,2008
1,314
10,3397
1,562
1,564
8,3166
5,1797
1,239
6,1992
9,3132
10,2144
8,2675
2,728
10,2785
3,949
8,3294
1,310
10,3595
1,461
1,307
10,3223
8,2632
8,2612
1,522
9,2047
10,2691
9,3130
1,496
10,3346
8,2671
10,3510
1,259
10,3446
1,351
1,359
10,2608
10,3429
10,2315
1,658
2,778
8,1957
9,3003
1,282
10,2276
10,3528
10,3423
1,253
10,3078
1,492
1,339
2,789
10,3245
6,1303
8,2869
9,2936
7,1969
2,748
1,379
10,2550
6,1984
2,805
1,229
1,269
1,460
1,257
10,2603
5,1506
8,2556
1,424
8,2330
8,2671
1,274
1,389
2,648
4,1071
10,2439
1,496
10,1953
5,1850
1,247
10,3054
10,3326
9,2313
1,483
1,389
9,2799
1,280
1,322
2,672
10,3182
2,728
8,2540
10,3219
10,3630
8,1891
2,609
2,938
10,2802
1,484
8,2645
2,905
1,275
1,370
10,3150
4,1466
10,3835
10,3282
10,1983
10,3428
2,792
1,478
3,850
2,754
1,260
1,377
5,1413
1,385
10,2580
1,397
10,2424
2,804
2,795
10,2082
10,3911
1,340
1,383
2,587
8,1751
1,395
1,655
8,2091
10,2625
1,252
1,229
10,3565
10,2154
9,2983
10,1933
10,3379
1,476
1,567
3,1038
10,2467
1,400
1,371
10,2418
1,317
1,387
1,276
10,2381
10,6485
9,2204
1,456
10,3609
2,921
1,440
10,3496
8,2414
1,480
1,323
10,2232
1,392
1,271
1,274
10,2768
3,1417
10,2053
2,537
10,3700
8,2669
1,402
10,3653
10,3359
1,425
1,578
10,2262
1,431
1,269
1,234
10,2903
10,4101
2,765
9,1930
4,1056
2,675
1,307
3,1375
10,2415
8,2639
1,271
5,1282
1,482
1,353
1,277
6,2134
8,3498
8,2056
3,1083
10,3679
9,2567
1,260
7,2495
10,2593
10,2204
1,258
10,2277
1,372
8,2797
1,307
1,359
8,3352
1,521
7,2118
10,4403
9,2913
1,271
10,3397
2,615
10,2598
1,271
2,672
1,655
8,1830
1,305
1,250
4,1541
8,2032
3,668
10,4450
9,2850
1,242
8,1897
10,2206
10,3145
1,396
10,2220
1,503
10,2195
1,719
1,256
7,2620
8,1944
7,2291
10,3362
8,2440
1,342
7,2131
2,792
10,2259
1,261
1,413
8,2904
10,3377
1,361
1,241
1,847
10,3300
4,1207
6,1980
1,410
3,1267
7,1786
1,395
2,582
8,2228
1,258
10,3521
2,788
10,2897
1,302
2,544
4,1065
4,1381
8,2925
8,1893
10,3690
10,3341
1,257
10,3536
2,984
1,249
8,1863
10,2453
3,907
1,399
1,654
10,3784
2,720
10,3232
4,921
9,3034
1,391
1,297
3,970
10,3529
1,237
10,3639
2,453
2,488
1,285
6,2490
10,2116
8,2697
7,3668
10,3450
4,1508
1,372
1,331
10,2474
10,2261
1,241
10,2185
10,2072
3,767
1,288
1,323
10,2571
10,2968
6,2228
10,3652
7,2520
1,253
8,2802
3,1221
10,2240
1,234
2,711
2,583
4,1503
1,240
1,392
2,923
10,3140
10,2193
10,2714
10,3071
1,244
1,315
10,2899
2,516
1,253
2,741
3,1285
7,2057
1,249
1,401
2,586
10,3725
4,1779
2,735
10,3373
1,632
3,793
9,2033
10,3307
1,247
10,3217
8,1985
8,2305
3,1055
1,515
1,392
6,1963
2,906
6,1923
1,622
1,299
1,260
8,2264
3,1220
1,345
3,885
10,3539
10,2478
10,2308
1,400
1,278
10,2846
1,435
10,2185
6,1690
1,277
1,262
7,2615
2,804
1,295
3,1777
10,4466
7,2426
8,2030
10,3389
1,240
6,1893
1,671
10,2905
10,3142
1,315
2,495
4,1718
3,1030
3,1007
10,3965
7,1603
6,1637
10,2221
1,18609
6,1359
1,365
1,434
1,388
10,2260
1,255
1,233
7,2687
9,2473
4,1148
10,4097
10,3784
10,2897
7,2279
1,402
1,690
1,328
1,472
1,270
10,3391
1,291
1,317
1,619
10,2607
3,783
9,2943
3,4035
10,5184
4,1758
1,411
1,442
1,391
1,293
1,337
10,2250
8,3273
1,336
2,804
7,2404
10,2437
7,1511
10,2200
10,3169
2,757
10,2609
1,342
1,346
1,630
1,270
10,3192
10,2962
10,4242
1,370
4,1895
10,3247
3,1307
1,491
10,6534
2,728
10,2494
1,394
1,360
1,497
1,353
10,2344
10,3413
10,2461
1,413
8,2688
9,3914
10,3567
1,428
10,2954
6,1670
10,3209
1,443
1,314
1,370
1,250
10,3245
9,2920
2,793
6,2066
10,2328
6,1788
10,2160
1,434
10,2184
8,2595
10,2974
1,403
1,240
3,1053
1,243
1,530
2,682
7,2315
1,314
7,1875
7,2005
7,2268
1,423
10,2420
8,2004
10,2715
1,241
1,313
1,381
1,236
1,1283
10,3537
8,1808
1,338
1,274
7,1513
1,422
1,323
1,377
2,795
10,2129
2,880
1,344
1,312
1,242
1,341
1,582
10,3313
1,353
6,3845
1,292
1,337
1,541
1,281
8,1815
4,1491
10,3063
1,278
10,3434
1,234
1,427
4,1212
10,2215
1,283
10,3511
8,2021
1,256
7,2012
1,275
10,3358
10,2145
10,3266
2,686
10,3480
9,2077
1,768
4,989
10,2367
1,346
1,392
10,2084
1,274
1,297
1,443
10,2432
4,1902
4,1340
6,1716
10,3606
3,903
1,340
4,1059
10,3528
1,465
1,577
10,2927
1,304
1,256
1,244
10,3039
10,3741
8,2393
8,2024
10,3334
2,519
1,346
10,3432
10,3229
1,286
1,389
10,3174
1,352
1,298
1,285
10,3192
10,3241
10,3153
4,994
10,3267
3,787
1,300
10,2331
10,2786
1,534
1,331
10,2169
7,1657
1,353
1,244
10,3210
7,3244
10,2259
10,2394
3,1383
1,616
1,287
10,2946
10,2325
10,2484
1,328
2,489
1,286
10,3442
1,311
2,712
5,2696
6,1764
4,1287
5,1999
7,1711
1,337
5,1307
10,2415
10,2414
1,364
10,2067
1,452
10,2806
1,285
1,349
6,2880
10,3117
5,1688
4,1511
4,932
4,1445
6,1537
1,571
10,3720
1,375
10,2211
1,335
10,2664
1,679
1,295
6,1566
10,2960
5,1773
5,1921
10,3009
10,3474
6,2040
1,312
10,3681
1,671
1,437
1,333
10,2267
10,2258
1,244
1,468
10,3343
8,2678
4,1438
8,1891
10,3418
6,2074
1,678
10,3273
1,346
1,255
1,434
10,3356
4,1713
1,306
1,623
5,1180
6,1551
10,3889
7,2429
5,2440
5,1563
7,1633
10,3115
1,254
1,245
10,2341
10,2067
4,968
1,259
5,3029
10,2866
10,2074
3,1221
6,2181
6,1704
1,569
1,483
4,1147
10,3403
1,248
10,3545
4,1109
4,1005
1,306
1,2042
10,2022
10,2090
3,1515
10,3266
10,2475
10,2900
1,313
4,1226
10,2445
1,274
10,2102
4,1496
5,1707
1,257
3,1292
10,2013
10,3037
5,1954
6,1307
10,3506
10,3390
1,323
10,2381
10,3650
1,281
10,7198
6,1717
6,2054
1,320
1,365
1,494
10,4996
2,28148
10,3513
5,1788
10,3444
4,1498
10,2417
9,2880
1,241
10,6714
10,3446
6,1558
1,244
10,2808
1,332
10,2205
6,2639
10,2975
10,2765
1,296
1,283
10,3250
10,3602
1,347
10,3361
10,3000
10,2890
1,255
1,316
5,1150
10,2047
7,2503
10,2745
10,3864
1,315
1,399
7,2245
1,458
1,248
10,2373
6,1529
6,1417
3,1046
1,413
1,301
4,1006
10,41251
4,961
10,2784
1,279
1,308
6,2102
4,1362
1,358
4,1089
3,820
5,1495
10,2320
1,371
1,318
6,1470
1,518
10,2085
10,2653
1,358
4,956
5,1452
4,1244
4,1015
4,1512
10,3097
10,2292
10,3136
1,276
1,412
4,859
5,1685
10,3973
10,2415
1,356
1,270
6,1503
4,1078
5,1393
10,3837
10,3427
10,2810
10,3020
1,241
1,294
8,2741
1,546
1,495
10,3591
1,236
10,2641
1,417
10,3138
4,1109
10,3912
1,380
10,3687
7,1893
1,616
1,237
10,3426
8,2679
1,293
10,3749
1,353
10,2421
3,1201
10,3046
10,2221
10,3615
1,293
10,3208
8,2174
10,2438
1,244
10,2908
1,357
1,431
1,509
1,261
3,825
1,478
6,2161
10,3242
3,16224
1,392
10,2402
4,1024
10,3076
1,337
6,1903
1,619
1,351
1,391
1,261
6,1605
5,1177
5,1971
10,2666
6,15182
1,330
10,2293
6,1904
10,2244
1,332
4,1522
7,31812
1,474
1,424
9,2208
6,10236
1,283
6,2092
6,2270
10,11516
1,291
10,2267
2,1145
10,2908
4,1444
7,3925
1,639
1,311
1,486
10,2103
10,2578
1,379
10,3415
5,1822
6,1914
1,338
1,563
10,3075
10,3227
10,2785
6,2154
1,556
1,263
1,395
10,2194
10,2241
1,391
6,1524
6,1831
1,385
1,464
1,364
10,2787
10,3242
10,2616
1,337
1,549
1,373
1,379
10,2269
10,3505
1,248
5,1532
9,2317
1,422
7,2345
1,496
10,3212
5,1947
5,1322
1,437
1,643
1,405
1,305
10,2222
10,3228
1,441
10,2341
10,2160
1,331
1,349
1,364
10,3410
10,2110
6,2065
1,458
1,554
1,352
1,550
1,477
10,3500
1,732
1,378
10,3280
1,376
1,333
1,350
10,2682
10,3053
10,3292
2,762
3,1517
10,3324
1,428
10,3239
10,2206
1,464
1,269
10,3176
1,336
1,443
1,352
10,2515
8,2561
10,3429
1,624
1,545
4,1354
1,422
4,1838
10,2323
1,250
1,310
10,2332
1,262
10,3988
1,2343
10,2070
4,900
5,2140
1,707
10,23103
4,943
4,1029
6,2216
10,2418
10,3442
1,289
1,329
1,1871
10,3226
1,471
1,375
9,3340
10,3716
1,293
10,10672
4,1454
8,2912
4,1005
1,456
10,3354
1,363
10,2129
1,663
10,2714
1,556
1,256
5,1630
10,2054
1,378
10,3269
6,1508
10,3432
10,3207
1,263
10,3628
1,348
10,3364
1,724
10,7317
10,3992
1,243
7,6664
10,3450
1,373
5,1876
5,1336
7,2186
8,2259
1,256
10,3139
1,354
10,2218
1,352
10,2236
1,529
1,254
2,675
4,1190
1,336
8,6888
10,3550
6,2101
10,10615
1,277
10,3353
1,324
10,3245
7,19490
10,2064
4,1162
1,383
6,2109
10,2611
1,398
10,49088
6,1480
10,2729
7,11144
1,290
10,2450
1,258
10,2681
10,2964
10,3397
5,1697
1,271
1,472
10,2406
3,847
5,47071
6,1497
10,3302
6,5884
1,333
4,1580
1,226
1,586
10,3380
10,3802
4,1124
1,261
1,351
10,2137
10,5345
1,486
5,1745
2,715
4,931
1,344
10,2969
10,2668
1,474
10,2361
10,4373
7,2568
1,281
1,310
1,436
10,3328
2,724
10,2595
3,1017
6,5494
9,2133
4,1638
10,2452
1,580
10,2212
5,1285
6,2262
1,262
1,315
1,335
10,4583
5,5905
6,1359
10,3984
2,737
1,380
10,3751
10,3361
1,484
10,3248
4,1475
5,1624
1,396
1,353
6,2550
10,3479
5,2129
10,3414
10,3390
3,1171
1,792
8,1849
10,3362
1,373
10,2349
5,1345
10,3426
4,1281
3,1025
1,378
10,3390
9,3050
10,2906
10,3342
10,2603
4,1150
9,2938
10,3295
1,507
10,2529
10,2569
6,2295
10,2263
1,339
1,288
3,1192
4,1545
10,2892
10,3269
1,684
1,227
6,2117
10,3264
1,248
4,1375
8,2168
10,3717
10,2825
1,737
1,420
6,2880
2,962
4,1370
10,3383
1,490
6,1722
7,2484
10,3420
1,234
4,1449
6,1677
3,1453
10,3389
1,255
1,298
4,1528
10,4511
10,2336
3,959
1,397
8,2564
6,1696
10,2390
1,236
10,3404
5,2081
10,2700
6,2109
1,309
1,251
4,1118
10,3869
10,2143
5,1797
1,549
10,2254
2,829
4,1135
1,372
10,3612
10,4288
10,3622
5,1709
1,337
1,398
4,1361
6,2289
1,509
1,376
1,346
1,350
1,376
6,2027
4,959
8,2793
10,3594
10,3586
7,2063
1,965
1,360
3,1025
1,648
1,702
1,425
1,529
6,2080
1,364
4,1500
7,1949
5,1809
2,767
10,4367
5,1920
10,2385
1,376
3,1388
7,3754
1,503
1,519
9,8758
4,1483
1,371
8,2951
4,1075
6,1672
1,670
10,3451
3,998
10,3214
6,1965
4,1544
8,5468
1,638
1,585
1,577
10,3689
1,382
10,2258
10,2191
10,3821
1,405
10,13381
10,3322
10,3315
8,3035
5,1908
10,4840
1,608
1,412
1,486
2,828
1,386
6,2241
10,3264
6,2230
1,419
10,4401
10,2099
10,3327
10,2624
10,3518
1,509
1,403
4,1454
10,19810
1,591
3,974
7,2997
8,2647
2,849
1,500
10,6725
10,3530
10,2971
7,2593
2,808
1,1930
1,385
5,1568
1,305
10,3648
1,477
4,1722
3,1096
1,609
1,505
3,1173
10,3326
3,1048
4,1354
6,2468
3,2780
1,411
1,626
10,2962
10,3475
1,531
10,3151
6,1831
1,508
1,670
6,2265
10,3375
6,1609
10,12522
7,2550
1,381
1,425
1,414
10,2303
10,7662
1,441
2,968
6,2061
1,325
1,451
4,1513
10,3332
4,1393
10,3133
7,2449
1,798
1,441
1,549
10,2281
10,3904
1,397
6,4946
2,1148
1,319
5,2473
1,529
10,2242
4,1378
2,848
6,2455
1,676
8,2270
1,712
1,1415
9,3139
1,346
3,1937
9,3425
1,413
1,446
1,813
1,402
2,790
3,1152
1,419
1,555
4,1128
1,454
1,427
3,1191
1,280
10,2532
10,31947
5,1420
1,461
1,784
1,430
3,1244
10,2462
1,464
1,602
5,1920
4,1463
5,1629
6,2201
5,1731
1,684
10,24241
1,341
1,307
1,654
10,2030
4,926
10,3296
1,589
1,523
4,1408
3,1164
5,1740
4,1290
10,3227
1,16214
10,29675
1,472
10,9482
1,505
1,258
5,1693
1,510
5,1983
1,495
2,963
5,1727
4,1581
1,488
10,3185
1,554
10,6134
1,422
10,7184
1,491
10,1981
10,3215
10,3231
1,526
1,585
6,2457
10,2545
3,1241
4,1305
10,3339
1,635
10,16657
1,399
10,3679
4,1501
1,359
10,15302
10,3445
1,492
2,721
7,2463
2,866
4,1041
1,353
10,8499
1,513
1,372
1,404
10,3025
1,369
10,2453
2,893
10,27125
1,332
9,3402
10,3429
6,2225
2,822
1,384
5,1214
1,462
3,734
1,480
10,3773
10,2783
1,371
8,2776
10,3430
1,428
2,704
5,1742
7,2674
5,1633
4,1373
3,957
1,564
6,1489
3,1252
3,1173
1,276
1,236
7,2313
9,2552
1,273
8,2888
10,3652
10,3492
6,2205
1,348
10,3293
10,4089
4,6214
10,3646
6,7571
1,644
1,705
6,2116
10,13422
1,360
9,3234
10,3633
5,1919
7,3855
1,429
4,1318
1,412
4,1464
10,14592
2,1034
1,323
1,521
5,1766
1,456
1,388
1,491
10,5156
10,4116
7,2345
7,2248
10,3029
10,14171
1,1516
10,3659
4,1624
2,1005
1,280
1,458
10,2323
8,2308
10,20374
6,2050
8,2944
6,2279
1,330
4,1428
1,480
1,400
10,3779
4,1523
4,1357
1,254
1,378
3,861
3,1216
10,8913
3,1129
10,3684
5,2048
1,327
3,1142
10,3746
1,430
9,3130
4,9912
3,1219
4,1571
8,6145
1,527
10,2796
7,12355
1,433
10,9842
8,2743
1,378
5,1866
1,645
1,331
4,1573
8,5417
4,1794
10,2671
1,411
1,483
9,2949
8,2901
10,3412
10,3474
10,64255
3,1014
4,1011
10,3407
1,252
6,2000
3,1234
2,939
8,2688
1,480
1,414
2,641
2,768
10,4195
3,1426
3,1076
3,1133
10,20885
9,2834
1,292
3,1146
6,1645
6,2374
10,3352
10,2812
1,359
10,3191
3,1306
9,16035
10,3480
10,2624
1,334
10,3921
1,348
4,1335
3,941
10,4111
8,38864
6,2034
1,336
1,401
10,3089
2,530
10,4347
10,3427
1,475
1,472
6,2159
3,1048
1,318
4,1185
5,1658
7,38430
7,2408
1,592
7,2388
3,991
8,1698
10,3391
2,735
1,378
5,1765
10,3245
4,1813
4,1741
5,1980
1,487
6,2241
9,5365
1,449
1,474
5,1830
3,985
9,3045
9,3931
1,341
10,3213
5,1540
4,1485
1,403
4,1426
7,9068
3,3776
2,767
1,460
4,2408
1,598
10,2279
1,488
10,3315
1,489
6,2084
7,1890
3,1127
1,410
10,3272
10,3451
8,26350
1,437
1,449
1,379
8,2607
10,3031
3,1100
10,3246
1,507
7,2384
2,5049
3,1158
1,356
5,1657
5,1797
10,3400
3,2093
3,1154
1,421
7,2313
8,2644
1,466
5,1726
1,406
3,1071
5,1956
4,1239
3,953
7,2207
1,398
10,3317
10,2520
1,403
1,386
5,1792
7,2507
6,1922
5,1753
1,373
10,3231
6,1991
5,1880
5,1964
1,325
1,481
9,3156
10,3976
2,893
1,366
1,449
10,2988
1,333
1,337
10,3532
5,2843
5,2964
10,3828
4,1642
7,2481
1,490
2,644
10,3629
9,2908
2,839
3,1251
1,462
1,364
8,2610
1,335
10,3316
8,3122
6,2157
5,1754
5,1697
9,3048
5,29938
10,3400
10,3296
3,1048
10,3357
10,14222
1,533
1,503
2,762
2,877
1,623
2,831
10,4357
6,1978
1,1617
10,41072
10,3290
10,3494
3,939
4,1304
1,523
1,423
1,532
1,371
7,2278
3,1399
7,1794
6,2470
1,424
1,662
1,421
10,3499
5,1327
5,2019
10,3284
1,292
4,1893
1,521
1,579
10,5566
1,399
7,5564
6,16757
1,449
1,535
8,2461
3,1301
7,2004
10,3510
10,5887
1,276
1,426
1,455
9,3252
9,2871
1,578
6,2061
5,1233
1,408
1,536
10,43159
5,1808
1,324
2,1395
6,1927
1,256
1,355
1,469
10,3523
10,3211
1,500
5,1851
5,1356
5,2027
1,434
7,12888
4,4789
8,2086
7,2396
7,2193
1,288
1,434
5,1739
10,3636
3,1127
1,319
8,2931
6,2120
1,396
1,602
1,492
1,552
5,1709
7,2218
7,2131
1,345
1,368
1,567
5,1760
10,2963
1,484
3,1080
2,795
1,435
3,1197
1,491
5,1983
3,1169
10,3867
1,316
1,344
1,348
1,383
1,446
10,3567
1,399
2,674
10,3542
9,2605
1,329
1,434
1,334
2,843
5,1887
1,458
1,296
5,1303
1,388
8,2550
10,3387
1,401
1,566
10,3644
1,447
2,882
5,2568
1,466
1,442
8,2893
1,351
1,344
4,1578
1,458
5,1759
10,5565
1,501
1,486
10,7359
1,398
10,3280
1,396
1,516
4,1041
3,1126
6,3066
2,767
4,1673
1,454
5,1956
5,1686
1,433
1,346
9,11845
1,391
9,2839
1,420
1,486
4,1275
10,3199
1,696
1,421
2,595
5,1801
2,851
3,1092
10,6806
1,526
10,5055
1,350
10,3144
1,1581
1,468
8,2142
2,770
1,567
4,1142
3,1206
1,402
4,1239
8,2424
5,9050
1,459
5,2085
1,522
10,2995
1,573
1,413
10,2201
7,2314
1,433
10,3375
4,1239
1,275
10,3174
1,335
9,8249
1,528
6,2071
3,1339
5,1863
1,551
1,380
6,1903
9,10546
1,453
8,2275
5,1901
4,1514
10,2515
7,2190
10,15862
1,479
1,623
5,1888
1,624
1,471
1,358
7,2268
10,3098
1,509
9,2680
6,2288
10,3034
10,3327
5,1653
10,13929
1,405
8,8817
9,3295
8,2505
1,542
1,298
6,2144
10,3288
1,461
6,2149
2,763
6,2405
7,2297
1,592
10,19939
1,457
5,2168
2,785
7,2195
4,1441
4,1035
10,3222
5,1576
1,571
7,2551
7,2451
7,10843
5,1754
1,471
5,1893
7,2526
1,513
7,5847
1,1123
3,1111
3,1118
6,2699
4,1447
3,1112
10,2689
8,3009
9,3432
6,2289
1,615
1,601
8,8633
1,413
10,3493
5,1779
2,1459
5,1767
1,404
3,1035
3,948
10,2071
8,3918
10,3440
8,3084
1,395
5,1848
9,4827
1,404
10,3437
3,1144
1,432
5,1802
1,450
8,2502
2,757
3,1150
6,7015
6,2062
3,1070
1,534
5,1750
1,611
4,1278
3,1464
9,2976
3,728
6,2073
1,479
1,485
10,2319
4,1193
3,1111
3,1619
10,3435
1,370
1,643
10,25089
1,313
5,2051
1,497
6,1778
2,748
1,494
1,629
3,948
4,1151
7,48072
3,1444
1,336
1,306
4,1295
10,22316
1,328
3,1182
1,447
8,2120
10,21037
3,1120
1,289
2,707
9,2814
10,32941
1,724
1,598
1,315
10,2882
10,18156
1,383
1,374
4,1517
7,2685
7,1962
3,754
6,1947
8,2683
6,1961
10,56523
2,1134
1,509
1,268
4,981
5,1673
1,451
8,3111
10,2909
6,2085
5,2189
9,2566
1,330
7,2386
4,1172
10,3841
3,1160
1,420
1,499
10,3519
3,929
1,526
7,2608
6,2139
7,2213
5,2106
1,463
5,1652
10,3564
10,2303
3,1355
9,2560
1,463
10,3213
6,1871
1,384
1,399
1,587
10,11772
10,13905
8,5233
1,483
1,453
7,2549
6,2026
9,6149
10,24672
1,496
10,2787
7,2252
5,1548
1,761
5,2140
9,3103
3,2419
3,1276
1,474
1,437
8,2499
1,318
5,1700
2,656
1,523
2,836
10,3586
1,572
1,588
4,1505
6,2033
3,1061
9,3808
1,437
1,399
10,17723
6,2173
3,1073
2,865
1,403
4,1029
6,2051
4,1362
7,2434
10,2655
7,4078
2,827
2,986
1,482
1,358
3,1299
10,3488
1,489
8,3270
1,465
10,2932
6,1754
5,1756
4,955
10,3620
1,509
9,3189
10,3337
1,362
1,513
2,558
1,341
1,335
9,3132
1,323
10,3773
3,3349
4,1116
4,1450
7,2307
1,484
3,928
1,498
2,849
1,570
3,1108
10,3289
9,76934
1,431
9,2819
6,6676
3,1258
10,3987
10,2881
10,3953
1,530
2,732
10,4112
1,667
1,387
5,1609
1,401
1,416
7,2329
3,1097
8,5307
1,447
7,2803
10,2398
1,541
1,408
2,945
10,4067
3,989
1,393
7,1523
1,414
1,378
10,3239
2,596
2,1436
1,538
6,5369
3,999
1,437
1,468
10,3365
10,8874
2,555
10,3662
8,1947
1,477
7,3216
1,453
2,881
9,3028
1,518
6,1948
6,2169
5,1639
1,468
10,3446
5,1831
2,781
4,1423
10,2127
1,449
1,481
8,2679
10,3530
3,1168
1,673
10,3017
6,1944
9,2535
3,1004
1,445
5,1670
8,2506
10,3278
10,2134
1,359
1,469
1,391
10,3305
6,1635
1,7618
5,1626
6,1947
6,1960
3,908
10,3349
8,3061
10,3517
7,2595
7,2495
1,466
5,1585
8,2606
1,449
2,661
1,7334
6,3821
3,1095
1,458
1,484
8,17222
1,461
10,3334
10,3296
5,1591
1,449
1,1974
1,391
7,2474
8,2429
2,7149
3,1459
3,1303
1,513
1,661
7,2598
5,2078
7,2548
9,3261
1,364
1,1425
1,430
1,258
8,2795
7,2687
2,11042
3,1356
2,747
1,388
1,508
8,2811
1,456
8,2016
6,2859
1,259
1,550
2,2124
1,344
8,2691
10,3169
1,552
2,879
1,407
1,474
1,419
8,2790
1,481
8,4099
3,1525
1,268
1,714
1,355
1,368
2,970
3,1124
1,598
1,594
3,1339
1,469
3,1224
1,567
1,413
3,1224
2,1083
1,376
2,696
1,360
1,342
3,1139
8,2676
9,2282
1,452
2,818
1,436
1,797
1,484
1,448
7,1952
1,483
1,367
3,1106
10,4470
1,412
7,2439
7,4877
1,491
1,507
2,617
1,394
2,681
1,468
1,455
10,2758
9,2103
3,969
10,2860
1,456
1,364
10,3277
1,5707
3,967
1,590
7,2004
3,1288
3,902
1,439
1,419
7,1865
3,1171
1,315
9,2170
1,417
1,429
8,2785
4,7296
1,384
1,468
8,1923
1,339
2,752
1,435
5,1528
10,3380
2,683
10,3488
8,2814
1,430
3,1110
10,3313
10,7737
1,483
2,2104
10,3331
3,1074
7,1843
1,485
1,487
10,3586
6,1975
1,435
7,2014
5,1762
2,773
10,3239
1,472
8,2013
1,434
9,3488
10,2380
2,750
1,413
1,420
3,15162
2,887
1,363
10,2598
8,3042
7,1894
10,3716
1,352
8,2854
1,408
10,3279
3,973
8,2746
1,454
1,372
7,2302
8,2866
1,262
10,7091
6,1995
10,3648
7,2666
1,383
9,7661
1,523
7,2475
6,2200
9,3019
1,343
1,2244
3,1020
9,3794
1,269
8,2780
10,3206
3,1500
3,1240
1,238
10,4982
1,663
8,2612
2,1007
8,3222
1,286
10,2971
10,2869
1,657
10,2349
1,426
7,10165
7,2332
1,408
1,339
10,22240
1,606
8,2677
7,2808
10,3039
10,2344
4,1475
1,322
10,4046
4,1247
7,1589
5,1683
8,2913
1,424
1,423
7,1929
9,3188
1,558
10,3449
7,10673
5,1390
10,3563
1,243
7,5656
1,326
10,2300
3,1665
10,4410
10,2587
1,366
1,369
3,962
1,361
7,2769
8,2673
7,2363
6,1781
1,314
4,1622
10,3259
2,741
3,1404
10,7609
1,539
2,885
2,845
6,2008
1,430
7,2339
7,2490
10,3385
7,2708
1,389
8,2292
6,2514
7,1946
2,1370
3,1170
1,294
1,270
7,2288
8,2312
1,453
4,1506
3,910
10,2564
10,3505
1,387
1,431
9,2977
1,415
1,271
2,1071
1,358
1,292
3,1265
8,3039
1,364
8,2810
7,2560
10,3300
6,2262
1,371
1,449
10,2910
9,2271
6,2090
1,466
1,353
1,242
7,2129
10,7537
1,389
3,1086
2,712
5,2285
3,1389
1,353
1,329
7,2198
10,2637
3,947
7,2507
1,263
10,2335
8,2235
1,425
1,351
2,676
2,860
3,1102
3,1290
1,572
8,2949
10,3462
3,867
10,3622
10,2726
1,560
3,740
10,2726
10,3337
1,340
3,1177
10,3546
1,537
3,1181
1,428
1,524
3,947
3,1366
8,2783
10,3638
1,383
2,565
10,3698
7,2404
1,290
7,1687
10,2339
1,509
3,1546
1,440
1,1812
4,955
10,3110
9,7099
8,7115
1,395
10,2102
3,1282
4,25497
1,354
10,2683
3,1072
10,2673
1,465
10,3904
1,1633
9,2679
9,3397
7,1928
9,2951
3,1233
8,2686
7,2730
7,3146
2,588
10,3177
8,2389
10,2482
2,939
1,470
1,450
4,1331
1,525
7,2297
7,2513
10,2304
10,2773
3,1237
3,864
3,783
8,2613
8,1938
10,2672
7,3727
4,994
1,471
10,2350
1,384
10,2932
10,7432
10,2078
8,3247
10,3383
10,3440
10,2868
10,3149
10,3196
9,3641
2,625
10,3368
1,505
9,3162
1,379
4,1051
10,2805
10,3815
7,17203
1,588
7,1929
7,1673
10,3594
1,292
9,2909
2,857
9,2946
1,332
6,1403
1,298
1,282
1,499
7,2254
1,541
1,588
10,2928
7,1776
7,1858
1,367
10,3703
7,1842
6,1958
2,596
1,467
1,373
7,2503
1,307
10,3852
10,3760
1,455
3,828
10,3429
3,1123
1,407
10,3105
10,6229
10,2447
3,808
10,2759
1,565
1,332
1,279
7,2169
10,2548
1,356
7,2467
8,1799
1,392
1,301
7,4831
8,3532
7,1710
3,887
6,1939
1,466
1,511
1,737
3,1245
10,3065
1,530
10,3355
7,2506
1,468
1,298
1,453
10,3834
10,2443
8,1702
1,401
1,327
1,577
1,615
4,933
9,2514
1,429
10,2649
3,991
1,285
1,318
1,344
9,10502
3,1582
10,3126
1,408
1,346
3,821
1,591
9,2547
10,2418
1,428
3,1401
3,1250
1,365
1,246
9,2549
8,2631
9,2322
10,3391
1,246
1,340
1,421
1,458
4,895
7,2013
1,296
1,512
1,422
1,366
1,248
1,470
8,2518
4,1660
7,2719
1,265
1,389
3,939
1,356
10,2208
10,3784
1,503
1,480
6,1981
1,272
1,246
3,896
1,704
10,2220
7,2348
1,334
10,3618
1,367
1,290
10,2737
10,2342
1,383
1,448
4,1414
1,288
1,379
1,300
1,445
10,2309
10,3293
1,699
10,3365
1,359
1,322
10,9256
3,1040
1,406
1,563
2,809
1,317
6,1502
1,325
1,493
10,2207
1,429
1,246
9,4846
1,353
3,999
1,2716
1,346
2,765
1,582
10,2699
1,278
2,643
1,604
1,518
1,493
2,601
10,2035
10,5156
1,360
9,2242
7,2518
1,266
4,1021
1,308
4,1143
1,342
1,413
1,337
1,425
10,3324
10,2095
1,460
10,9237
1,387
4,1385
1,297
1,261
7,2016
1,441
9,3330
6,2260
10,2428
1,292
1,287
6,1677
10,2544
1,259
10,7348
3,738
4,1536
1,285
1,297
10,2457
10,2827
6,1645
10,2246
4,930
1,275
1,377
10,3400
10,2803
1,247
10,2802
7,1532
10,2692
1,304
1,269
10,2584
1,427
10,3140
10,3581
10,3480
1,250
1,407
1,314
10,3380
1,309
4,1653
7,2193
1,552
1,294
1,404
9,3390
1,461
8,2598
10,2510
9,2968
1,464
1,406
1,355
9,3135
10,2863
3,18781
9,2921
6,2179
1,257
1,240
8,3051
1,404
10,2789
4,1163
8,11851
10,2624
1,408
1,338
10,3163
3,865
4,6317
7,1474
10,3072
1,370
1,245
6,2245
1,262
7,10797
10,3595
7,2245
9,2300
2,848
1,487
7,2262
2,451
5,1811
10,2579
6,2048
1,304
1,248
3,751
10,3566
3,1067
10,3178
10,3477
10,2635
7,2367
1,412
8,2486
9,2556
6,2227
3,669
10,2519
1,375
1,312
10,2363
10,3757
1,363
7,2272
3,977
10,3794
3,971
1,468
1,379
7,2552
10,3418
1,396
3,1047
1,370
4,861
4,1069
10,2435
1,240
3,939
10,2520
1,392
8,1956
1,366
1,359
8,2502
7,2741
10,3199
1,536
10,2544
10,2299
9,2950
10,5152
1,261
4,986
9,2759
10,2579
10,2142
1,535
1,352
10,3019
6,2289
3,882
7,1936
3,1589
9,1965
10,3015
9,7982
1,255
9,2112
10,2800
1,418
3,1159
10,3636
1,256
10,3276
10,3291
1,455
2,507
8,1944
4,1393
4,971
10,3329
1,287
4,1179
4,1337
2,834
10,3333
1,572
1,234
1,645
5,5962
2,685
10,3127
10,4059
3,864
10,2171
8,3100
1,239
10,2102
4,962
10,2192
7,2262
1,491
1,247
7,1823
1,532
10,2262
9,3723
1,254
10,2946
6,1742
4,1454
1,215
10,2069
1,586
8,2213
10,8022
2,936
1,243
10,2367
1,457
10,2137
9,3156
3,711
6,1257
10,3193
10,2695
1,354
1,332
10,2896
10,2905
10,2656
3,900
1,253
8,2929
10,4248
10,2190
8,2694
6,1503
1,422
1,289
10,2503
1,267
6,2222
6,2185
9,2974
6,1544
9,4016
1,254
10,2247
1,343
8,6775
10,3005
10,2969
6,2116
6,1954
10,2314
1,232
10,2501
6,1750
8,2899
3,929
8,2136
1,242
10,3560
1,392
9,2929
10,4154
10,3608
7,1916
10,2799
2,961
4,995
6,2148
1,445
10,2715
2,643
7,1558
3,954
1,497
1,371
7,1541
1,437
7,9016
2,950
1,693
6,2181
9,2458
1,401
10,4853
10,2682
1,355
10,2436
4,1059
3,797
1,517
10,4763
1,592
2,499
10,3354
1,734
10,3108
4,1701
10,3150
1,419
2,785
4,1256
10,3089
4,1351
10,2608
1,347
10,3226
1,370
6,1494
9,1822
1,525
10,3548
10,2499
1,398
1,361
1,423
7,2403
1,333
9,2978
2,700
1,404
1,508
1,393
1,567
9,2099
1,409
1,522
10,2273
1,445
1,440
1,260
8,3208
10,2995
5,1248
1,479
1,468
1,244
1,330
7,2102
8,1830
1,313
1,336
10,2554
1,393
1,440
1,370
6,2209
7,2407
6,1380
1,371
1,474
1,238
1,324
10,2535
10,2902
1,306
1,292
6,1692
1,391
1,418
1,317
10,3275
10,3271
10,2760
1,480
5,1460
1,238
1,385
7,1671
10,3970
1,321
1,295
1,799
1,633
1,419
10,3054
9,8892
10,2859
1,296
1,337
10,3750
1,268
1,253
9,2045
10,3550
1,268
1,246
6,2196
1,461
1,414
1,290
10,2260
1,527
6,1412
1,339
2,793
1,258
1,343
3,701
1,367
1,386
1,273
4,1032
1,578
1,462
1,306
1,377
10,2106
5,1529
1,599
10,3821
1,254
1,267
10,2190
1,240
1,258
1,263
2,584
1,443
1,487
1,249
1,292
3,1278
10,2485
9,2901
10,3177
1,276
1,269
3,1063
1,502
2,917
1,289
3,781
1,373
4,1046
1,327
4,1216
10,3504
2,843
1,417
8,2728
1,306
10,2229
10,2312
1,339
1,331
1,361
1,449
4,1598
1,495
1,608
1,273
9,2773
1,369
1,360
5,1631
1,308
7,1720
1,423
1,281
3,1206
1,341
9,2463
10,2216
2,964
1,612
1,384
1,329
10,4907
1,371
10,3006
3,1252
8,1673
1,767
1,269
10,2183
2,774
6,1940
9,4061
9,2439
10,2428
1,389
1,365
9,3338
1,344
10,9714
4,1087
10,3306
1,493
1,365
9,3161
10,2874
8,2386
10,2779
6,1374
10,2506
1,338
1,342
9,2826
10,2951
10,5348
10,3312
1,447
10,3087
1,398
10,3387
9,3502
7,1856
6,2255
9,3135
10,3474
1,269
1,363
8,2775
1,423
3,2591
6,1638
3,1021
1,261
1,237
8,2790
10,3341
10,3311
10,3395
10,3513
1,308
1,282
1,295
10,4194
10,3174
3,1398
10,2398
2,806
1,328
1,241
9,2778
10,2369
9,2939
10,10026
8,2738
10,7201
1,276
1,267
10,3397
10,3566
6,2252
10,2083
9,2636
1,256
1,229
7,2123
10,3414
10,3311
10,3161
10,2282
9,3385
1,272
1,391
9,2895
10,3478
9,3294
10,3547
10,3682
1,305
1,287
1,436
8,3006
1,347
1,451
1,788
1,787
4,995
1,465
1,369
9,3275
7,2568
10,3327
10,3353
1,274
1,231
7,1778
1,585
1,351
1,562
10,3672
10,3998
9,3084
1,379
1,291
10,3200
4,1861
1,365
1,477
1,267
7,1663
10,3499
10,3705
1,370
7,4678
10,3157
9,3137
4,933
1,369
1,398
10,2832
1,502
2,546
10,2170
1,296
10,2331
10,3387
10,3493
1,270
10,3044
10,3912
10,3741
10,2520
10,3422
1,410
10,3151
7,2711
9,2918
10,2900
10,3586
10,2227
7,2246
8,2662
1,288
7,2179
7,2239
10,3069
6,1297
1,328
1,312
4,1495
10,3578
10,2024
10,3674
9,7465
6,2010
1,392
10,2288
1,263
9,3119
8,1850
9,3261
1,341
10,3386
1,256
5,2075
1,576
10,2020
10,3375
10,3284
8,1944
10,2265
1,317
1,260
10,2390
1,846
10,3457
6,1439
10,4045
1,334
10,3198
1,528
9,4266
9,3390
10,3451
9,2499
3,817
10,2286
1,288
3,879
10,3138
10,7641
10,3210
9,3088
1,363
10,3084
5,1746
8,2721
10,3805
10,4174
3,1139
10,2885
2,829
1,392
10,2836
3,1225
1,361
10,3186
10,3036
1,279
10,2883
1,540
10,3203
10,4344
1,546
2,949
3,1246
10,5238
1,373
3,5260
2,584
1,534
8,2183
10,3030
1,385
6,1606
1,417
10,2248
10,3171
3,1165
4,1650
9,3122
9,3033
1,272
1,8863
9,3149
1,479
4,1541
5,1684
1,301
5,1852
1,698
1,276
1,598
4,1215
1,485
1,754
1,487
1,257
10,2435
1,481
1,514
3,950
10,3436
1,258
10,6301
1,429
1,393
1,410
6,2269
10,3323
1,350
1,350
7,1783
1,371
1,375
1,477
1,585
10,3358
7,1681
1,577
1,450
1,368
1,555
10,3365
10,2958
1,493
1,338
10,3050
1,394
1,346
1,481
2,877
10,3314
10,3469
1,632
1,413
1,367
1,452
7,2480
10,3325
1,455
1,332
7,1910
1,373
1,343
1,499
2,598
10,3174
7,2747
1,414
1,498
1,390
1,702
6,1460
10,2668
1,318
1,361
10,3034
1,375
1,250
1,778
6,1365
5,1837
8,1793
10,3963
1,561
1,345
1,720
10,2919
9,3059
1,280
1,376
9,2890
1,387
1,282
1,393
7,2141
10,8430
1,356
1,483
2,884
1,348
1,336
4,1640
10,3532
1,256
10,3250
10,2239
1,277
1,289
10,3619
9,2708
10,3324
3,1112
1,457
3,1392
1,349
1,489
10,3554
10,2651
1,277
1,408
3,744
1,274
1,322
1,464
8,2645
1,335
3,1195
1,362
5,1684
1,327
1,283
10,3126
1,473
1,289
1,370
3,1001
1,399
1,256
1,565
10,2911
1,322
10,4087
1,327
3,920
1,349
1,299
10,2885
1,354
1,271
1,363
10,2793
1,263
1,365
10,3452
10,3344
1,288
9,2682
1,379
2,831
1,331
5,1743
1,517
1,273
1,366
1,359
3,980
3,956
3,1133
10,3715
1,346
1,306
2,3823
1,375
3,1017
7,1736
10,3313
1,488
1,272
10,2734
10,3014
1,385
10,2250
1,396
10,3718
1,286
1,359
10,3596
1,513
7,2461
3,1336
10,3342
1,607
1,298
10,3519
1,314
10,3377
10,8354
10,2205
10,3016
1,293
1,301
1,497
10,3752
7,2362
10,3515
4,15437
10,2602
1,406
10,3601
10,3735
7,2431
10,4930
10,3454
10,2774
1,266
10,3009
10,3326
5,1904
7,2292
10,2348
5,1783
1,258
3,1155
10,2440
10,4065
10,7423
7,2532
7,1852
10,3758
1,314
1,3998
10,3245
7,2011
8,3589
1,599
10,3537
1,336
1,385
10,6254
10,3320
10,3290
10,3378
10,3204
10,3887
1,241
1,408
10,11456
2,696
8,2875
10,2690
6,2165
1,328
1,416
10,7182
10,3601
9,5295
10,3509
10,3012
5,1804
1,300
1,306
10,2930
10,10671
10,20275
10,3458
10,3636
1,256
1,492
9,12099
9,3397
10,3678
10,3122
9,2840
10,3269
1,633
1,282
9,5826
3,7197
7,2538
9,3082
10,3640
1,234
4,1286
10,3181
10,3333
10,8840
3,1734
10,3332
2,780
1,564
5,1168
10,7221
5,15428
1,627
1,504
5,1267
1,256
1,553
4,1517
5,1669
10,3557
4,1618
10,4010
7,2375
1,506
10,3709
10,3008
10,23134
2,873
10,3649
10,2352
1,254
10,3697
10,3543
10,3282
1,827
5,1910
10,3474
10,2425
7,1569
10,3298
10,13774
10,17923
10,2462
10,3664
2,609
10,2788
3,2255
5,3375
10,3188
1,465
10,3381
10,3388
10,3717
10,3553
10,3633
1,482
8,6265
3,1087
10,3333
10,2134
7,2505
6,1910
10,3275
10,6347
1,368
7,2694
5,1529
5,1622
10,2869
5,1609
1,412
3,32695
4,1493
10,3433
10,3961
10,3294
10,2690
10,3206
10,3293
1,367
10,3190
3,1254
10,3333
7,1681
10,8235
1,357
6,13196
10,3597
10,6930
5,1761
10,3298
10,8905
6,2053
5,1745
1,288
6,2136
10,3219
8,2505
3,1308
6,2033
1,342
9,2577
1,572
9,9465
10,3387
10,14664
10,6606
10,8060
10,5674
1,1361
10,3668
10,3539
3,906
3,1199
9,3084
1,241
10,3273
10,3472
10,9886
10,3018
3,996
7,2466
5,1743
10,6397
1,362
5,1902
5,1750
10,15468
10,3524
10,3151
1,324
10,3089
7,2596
10,3490
8,3200
10,3336
6,2031
10,3392
1,513
1,424
10,3627
7,1776
1,519
10,3135
10,3261
1,425
1,572
9,3206
10,3273
1,607
10,3621
4,1459
1,408
1,289
1,485
1,602
1,429
1,361
9,2352
10,3541
1,379
4,1313
6,2183
1,473
1,662
10,13134
7,2279
1,430
1,471
1,408
1,311
10,3391
1,394
3,1204
4,1617
1,517
1,738
9,6765
1,353
1,517
3,1317
5,1342
1,295
1,288
4,1623
1,421
1,407
1,314
1,465
1,503
1,410
1,549
1,642
1,597
1,413
3,1145
2,880
1,356
1,326
6,2372
1,446
1,828
1,372
1,691
10,3185
4,1000
1,354
1,495
1,435
1,490
6,1900
10,3354
1,438
1,360
10,3443
1,1542
1,455
1,406
7,2378
1,345
5,1644
5,1753
1,594
1,370
1,577
9,2862
1,254
1,391
1,242
10,3884
1,322
1,465
1,465
10,3051
1,416
4,1420
10,12798
1,408
1,1879
1,473
10,3327
4,1001
1,302
1,243
10,2649
1,416
1,435
9,3224
10,2980
1,427
10,3009
1,2319
1,337
1,1032
1,445
7,2308
10,2967
1,340
1,272
10,3262
1,487
1,366
1,1318
10,3117
5,1766
6,1973
2,672
1,310
1,352
1,479
4,1250
5,2015
1,366
1,237
6,2048
1,504
1,385
1,447
9,2629
3,1034
5,1919
1,514
1,328
1,480
1,410
1,429
10,11880
1,373
10,2421
4,1389
1,392
1,315
1,434
10,3312
1,455
10,3872
7,47080
1,473
5,1713
6,2911
10,3252
8,2273
1,263
5,1360
1,387
2,762
1,334
1,543
1,467
1,445
6,2088
1,568
1,379
1,340
9,3089
7,20717
10,22389
5,2260
7,2567
5,1716
1,403
1,347
10,3822
1,408
1,434
10,7499
1,522
1,341
5,2130
10,3573
5,1658
6,3216
10,3247
2,685
2,634
8,2589
5,1153
10,4788
1,425
1,498
5,1714
1,483
1,410
10,4359
10,8454
1,335
9,2909
10,3620
10,2610
10,3486
10,2771
10,3969
10,3829
1,618
1,370
10,2145
1,359
4,1052
10,6473
4,1535
3,1098
1,487
2,476
10,2199
9,1880
10,2207
2,630
10,3677
1,566
1,407
2,472
1,382
9,2973
10,3167
1,465
1,386
1,355
9,2844
5,5109
10,3251
9,3126
1,341
5,1864
1,476
7,2473
10,2899
8,2738
4,1352
10,3317
5,1930
1,362
1,376
10,3431
3,1972
10,3226
10,3895
9,1929
3,1388
1,349
1,417
4,1291
3,2905
2,837
10,3758
2,651
1,586
1,417
10,12362
10,19524
5,1951
10,4308
10,17089
2,955
1,443
3,1067
5,1538
5,3429
10,3173
5,1816
10,3412
1,456
3,970
5,10053
8,2766
10,3354
10,3028
10,18606
3,1232
1,309
5,1742
10,3041
2,962
10,2228
10,3202
2,1894
1,359
1,383
8,2738
6,2106
10,3052
3,1207
8,3741
5,1997
1,486
2,758
10,2897
2,946
6,1319
10,2451
5,2264
1,370
1,364
3,1140
10,2952
8,2835
3,1113
5,25497
2,703
4,1305
2,754
10,6188
3,1103
1,364
2,448
3,1151
1,414
1,407
10,3236
9,2820
1,467
8,2619
9,3035
2,1701
10,3608
7,2700
8,5794
7,2252
6,1424
10,1959
3,841
1,462
1,460
6,1805
10,2675
3,1163
6,1974
7,9220
2,718
5,2434
9,3326
6,1832
8,2614
8,1991
10,3254
2,891
1,458
3,1003
9,2857
10,6875
1,399
10,3691
3,1269
7,2975
10,3337
10,3440
1,461
8,2448
10,3871
10,3431
8,4560
2,763
1,338
10,3519
4,1417
1,386
7,2479
6,3768
7,5658
6,2250
8,3969
1,336
10,3128
10,2545
5,1572
2,702
3,1152
1,344
1,402
1,453
1,370
2,860
10,3590
7,35455
5,1848
8,11364
1,526
7,2369
10,2203
10,3122
7,2267
5,1835
6,2247
4,1423
10,3222
1,347
4,1774
9,8356
9,40672
10,2702
1,616
1,509
8,3727
10,2209
8,2677
8,3110
7,2630
8,6516
5,1274
5,1702
6,4201
7,2740
10,3310
9,3268
10,3973
2,4872
1,448
2,822
10,2212
1,717
7,1909
2,669
9,9249
7,45163
1,514
10,3071
10,3372
2,867
8,3146
7,2374
1,530
1,340
2,616
5,1930
1,484
1,530
2,614
5,1726
1,446
1,366
10,3275
1,923
4,4998
8,2591
1,504
10,3098
1,375
4,1541
10,2317
1,818
1,500
7,2569
7,2311
1,483
1,354
9,19866
1,609
1,549
8,4306
5,2099
1,600
1,371
10,3085
10,3445
1,597
8,2611
8,2730
7,2206
1,392
1,368
1,26152
1,575
1,437
1,1742
3,1174
10,3655
1,400
10,3480
5,1601
1,1297
10,5072
9,3466
4,1391
10,15265
1,421
10,15963
5,1735
5,1762
1,422
9,3045
10,3503
1,414
1,524
1,451
1,3609
8,3406
10,3523
2,789
1,522
1,345
1,427
1,509
1,389
1,296
10,3430
8,2908
3,904
10,6590
1,292
1,502
8,3718
8,2970
1,439
1,449
1,391
1,364
1,368
8,3110
1,526
10,4148
9,3446
6,9067
8,3200
1,546
1,484
1,739
8,2928
5,1953
4,1486
1,649
1,392
1,404
1,2123
1,586
10,6541
8,2719
9,2795
8,2768
1,419
1,906
1,517
1,473
2,783
2,849
1,381
1,344
3,1012
1,417
1,514
10,11331
1,473
10,3738
6,1559
1,455
6,2586
1,656
3,1009
3,1176
3,1108
1,373
4,1487
1,345
1,612
1,561
5,1931
1,385
7,2318
1,402
1,418
1,439
2,643
4,1439
3,1495
1,337
1,735
1,330
1,417
1,487
1,491
1,562
9,3151
4,1255
1,431
1,383
4,1372
1,395
10,3269
2,1064
3,968
3,1101
7,3427
1,431
1,381
1,486
1,445
1,418
1,302
1,378
1,366
8,4264
1,440
1,341
3,1427
5,17899
8,2572
3,1212
1,596
1,610
10,2346
1,418
1,372
5,1667
1,363
1,354
10,7688
1,980
10,2326
2,1613
1,403
3,1145
2,806
3,1231
1,375
1,300
1,647
1,340
10,26781
1,434
1,333
2,773
1,467
10,3239
4,1565
1,388
5,1720
3,1219
2,587
1,523
1,350
1,473
9,3044
2,744
1,398
5,1287
10,4544
1,391
9,2713
7,2626
1,442
2,874
2,859
5,2047
3,991
1,241
1,372
1,653
3,967
1,413
10,3747
2,4808
2,879
7,2324
7,2735
1,493
2,648
3,1220
2,886
2,671
1,245
1,372
1,618
3,1041
1,416
6,1936
5,1617
10,3410
6,2120
7,2388
2,698
7,2664
2,713
2,845
3,1018
2,709
1,563
1,681
5,2032
9,2992
4,1510
8,4892
1,635
9,2981
8,2627
2,766
9,3062
7,2552
7,2595
5,1776
1,384
1,830
1,403
2,841
1,338
10,2701
3,1038
3,992
1,477
6,1936
2,777
7,2409
7,2437
7,2489
2,1657
10,3361
1,480
1,368
2,665
1,442
10,2294
2,802
10,2388
1,334
8,5779
6,1921
2,682
8,2543
8,3012
2,895
10,3268
3,1063
2,2287
3,1825
6,2020
5,1256
3,1081
10,2491
1,438
7,1714
7,2409
10,3292
9,2618
10,3290
4,1781
9,3112
6,2108
1,368
7,2298
2,685
4,1127
5,1740
8,3297
1,370
8,3724
8,2523
8,2848
10,3075
9,2798
7,2748
8,2748
10,3338
4,1718
9,2752
4,1527
10,3545
2,735
7,1578
10,3048
1,541
8,2826
8,2782
8,2813
8,3143
8,2989
9,3269
9,2985
2,630
7,2604
4,1264
6,2132
2,781
9,3126
1,263
2,832
7,15372
2,826
8,3425
8,2853
7,2444
1,616
4,1328
10,3112
7,2275
2,1072
10,2363
2,763
10,4003
1,343
1,491
8,2773
1,455
7,6299
1,496
8,2436
9,2167
7,2233
10,2639
8,2436
10,2809
3,1200
7,2387
9,2078
1,323
1,574
8,2392
1,466
1,664
3,1373
8,3012
4,947
1,470
6,1588
1,396
10,3477
10,3383
8,2687
6,2014
1,272
1,483
2,3240
10,3281
1,399
10,3348
8,8650
7,2280
10,3232
10,3444
7,2510
10,3582
10,2699
7,1717
7,2073
1,264
1,463
4,1185
10,3334
1,430
4,1481
6,2191
1,446
5,2040
8,3232
8,8618
6,1715
10,3864
9,2502
2,647
1,280
1,425
3,1100
8,2860
1,1047
1,481
2,999
10,3058
2,890
2,887
8,2734
10,2883
6,2227
8,2680
10,3887
1,287
3,1112
10,2824
10,2530
1,507
10,2268
4,1477
10,3046
3,1604
2,1109
1,489
8,2835
7,1835
8,2345
10,2609
9,3138
8,2663
1,991
9,7200
1,472
7,2727
2,855
10,2432
2,1132
8,3532
1,476
10,2192
10,2287
8,2393
1,384
6,1290
1,387
10,3419
9,3075
1,375
8,5574
6,2284
1,299
3,1268
10,3999
1,437
10,2164
4,1272
1,364
4,1224
2,603
1,377
8,2301
9,3016
1,260
10,3416
10,3080
6,2003
2,933
10,4267
1,385
10,2567
1,370
10,10143
3,710
10,2287
1,354
10,2417
1,476
1,452
6,1875
10,3453
10,2792
8,2891
10,3963
1,423
10,2285
1,446
1,344
8,2223
10,3085
1,392
6,2245
2,578
1,413
9,2781
8,3116
3,963
5,1610
8,4150
1,335
6,1356
1,453
1,431
10,3234
1,349
1,365
7,2428
1,535
2,684
1,413
10,3547
9,2921
7,2595
10,3315
1,498
10,2212
1,466
1,387
1,632
4,1013
4,1450
9,2781
1,344
1,440
1,330
9,3083
1,599
8,2918
10,2158
1,421
10,2552
1,389
1,271
1,280
8,2361
6,2060
1,503
1,289
1,391
1,357
10,2284
1,418
7,2719
10,3417
2,658
1,454
1,412
1,353
1,275
10,3157
10,2476
1,347
1,519
4,1063
1,346
1,487
1,398
10,3752
5,1971
1,329
1,282
1,285
1,428
1,286
10,2371
10,3258
1,283
1,309
10,3370
1,423
1,412
1,405
8,2793
10,3071
1,573
1,233
1,285
1,383
1,428
10,2376
2,801
1,327
1,260
9,2847
1,365
1,309
1,423
8,20156
10,2717
1,463
1,237
1,288
1,387
1,574
10,2622
7,2838
1,280
1,352
10,2058
1,526
1,304
1,272
1,390
10,2904
4,1607
1,354
1,260
1,379
1,260
5,2037
6,2439
1,407
1,247
10,2817
2,794
1,357
1,236
1,259
1,399
10,3443
1,346
6,1524
1,433
1,250
10,2407
4,15898
1,343
1,246
8,14816
1,405
1,310
1,430
1,277
5,1312
1,423
1,354
10,3252
2,808
1,251
10,3465
9,2955
1,254
1,244
6,1993
1,439
1,348
1,392
1,340
1,232
10,3345
1,341
8,2640
10,2981
1,271
10,2321
6,1934
1,263
9,3299
4,1346
1,415
1,524
1,513
2,682
1,271
10,3237
1,322
6,2248
10,3341
10,3372
5,1773
7,2317
1,253
6,1343
9,2196
10,2392
1,397
10,2208
10,3065
1,268
9,3051
1,444
10,2596
10,3139
10,2268
1,541
2,1107
10,2132
7,1792
1,501
9,3138
1,351
5,1492
10,3056
1,348
6,2106
4,908
10,2051
8,2629
5,1589
1,287
10,3465
9,2590
8,2080
10,2602
6,1357
1,592
10,2224
1,361
10,2803
9,2678
9,2004
4,1011
8,2929
10,2932
1,268
10,2474
4,1138
10,3288
10,3152
2,863
9,3153
5,1545
1,312
1,471
1,381
1,591
2,593
10,2623
10,3341
1,320
10,3572
6,1433
10,2454
10,3106
10,3045
6,1775
10,2979
7,2298
1,378
9,3039
5,1666
4,1574
2,577
10,3151
1,678
10,2347
10,3029
1,479
10,2257
10,2122
5,1468
5,993
8,2806
1,259
4,1104
4,1361
10,3355
9,2015
5,1345
1,369
1,616
10,2992
3,1132
1,345
1,603
1,300
10,3446
2,697
1,342
6,1386
10,2745
10,3569
4,927
10,2359
10,3378
3,1139
10,2453
4,1452
6,1279
4,1321
10,3234
5,1494
1,341
1,254
1,352
10,3159
3,818
6,1973
10,2300
1,305
4,1065
1,309
10,4720
9,2054
8,1972
1,1309
10,2923
3,1288
6,1430
10,2520
10,2392
10,2415
2,554
9,2830
1,243
8,2691
6,1464
10,3806
10,2192
10,2723
10,3347
5,1328
1,583
4,1392
10,2238
5,1859
10,2447
10,3834
7,2047
1,359
1,370
4,902
10,2854
1,429
10,3521
10,4323
7,2438
1,413
10,2649
10,2078
10,3413
10,3048
10,3092
4,1433
1,340
1,267
10,2425
10,2811
1,325
10,2496
4,1377
4,1368
1,304
10,3354
1,436
6,1954
6,2011
10,3544
10,3192
10,2421
1,242
10,3470
5,1764
1,236
10,2325
5,1660
10,2789
2,802
10,2274
10,2343
3,1086
7,2174
1,725
10,2341
9,2323
1,267
10,2572
10,2191
1,251
5,1623
9,2024
10,2319
4,1312
4,1107
6,1849
10,3306
10,2698
4,1371
1,471
4,1158
1,267
5,1210
10,3149
1,263
10,2401
10,2391
10,2078
10,2377
6,1830
4,989
10,3279
4,1170
6,1545
3,1207
10,2892
1,324
10,3250
10,3359
1,261
10,3463
10,3413
5,1234
1,411
10,3241
9,1801
10,3155
1,379
8,1863
6,2059
10,3960
1,307
10,2255
5,1711
1,236
10,3333
10,2607
10,2078
8,2710
3,1094
1,350
10,3127
1,401
10,2721
10,3205
1,388
1,241
10,2257
4,1142
1,249
5,1909
10,3060
3,951
10,2986
10,3210
1,263
6,1271
1,600
1,285
1,658
10,2614
1,257
5,1712
1,257
1,266
1,518
10,2361
6,1983
9,3049
10,2440
1,264
7,1852
1,324
1,333
1,458
6,1597
1,234
1,526
1,274
1,243
1,515
10,2212
1,402
6,1946
10,2939
1,256
10,2757
1,415
1,341
1,300
1,473
10,2188
1,279
1,297
5,1202
1,383
10,2353
1,343
9,2964
6,2048
1,239
1,312
1,430
1,244
1,304
10,3484
10,2226
1,314
1,259
10,2287
1,449
1,520
1,431
1,549
10,2102
1,258
1,295
1,413
1,239
1,326
10,3487
10,2153
1,292
1,295
10,2376
1,370
1,318
1,531
10,3130
7,1566
1,232
1,225
1,445
1,255
1,315
10,2770
10,3315
1,503
1,279
10,2484
1,323
1,271
1,319
9,2174
10,2361
1,411
1,248
1,579
1,525
1,359
6,1465
10,3058
1,274
1,247
5,1966
1,294
1,257
1,476
10,2659
1,1559
1,236
1,246
1,278
1,262
1,405
10,2997
10,2272
1,565
1,241
10,2185
1,563
1,257
1,479
7,2258
1,444
1,232
1,256
9,2221
1,268
1,868
9,2139
7,2551
1,389
1,237
10,3110
1,272
1,310
1,293
2,638
1,297
10,2057
1,269
10,3210
1,275
1,394
10,3124
10,3485
1,307
1,247
10,2551
1,250
1,255
1,278
10,3222
4,1301
10,2782
1,257
8,2702
5,1209
3,1265
4,1103
9,2158
1,334
10,3555
5,1768
10,2223
1,283
1,267
10,2374
1,734
5,1173
1,279
2,800
10,2141
10,3634
1,478
4,1161
10,2116
7,2205
4,1473
10,3157
1,288
10,3901
1,372
1,486
10,3121
1,370
5,1659
10,2987
10,3407
1,403
10,2699
10,2970
9,2968
10,3016
9,1858
1,253
4,1062
3,951
10,2880
10,2090
4,1148
10,2352
10,2472
6,2106
1,322
10,2300
6,1959
6,1801
10,3117
4,1343
10,2521
10,2380
10,3520
1,453
10,3312
8,2028
1,400
5,1603
10,2723
1,294
10,2852
9,2047
3,725
10,2318
10,2744
9,3134
6,2215
8,2270
1,364
5,1683
2,785
2,1123
10,3134
7,2764
1,292
10,2146
10,2430
10,3043
10,2110
10,2854
5,1492
10,2846
1,365
1,414
10,2363
7,1985
5,2043
10,2203
10,2231
1,287
3,762
10,2099
10,3251
5,1171
1,548
4,1347
6,1695
1,341
1,542
6,2069
6,1991
8,3106
10,2345
4,1491
1,242
1,327
10,2476
3,747
6,1453
6,2131
10,2456
10,2370
1,329
1,697
9,1930
10,2804
10,2320
6,1678
10,2457
1,306
6,1575
4,985
1,393
10,3281
10,2328
10,2334
4,1205
1,281
8,2365
4,920
10,3128
6,1570
9,2317
10,2864
10,2121
1,400
1,312
7,2443
1,458
10,3188
10,3227
10,2426
1,237
4,1356
10,2947
10,3356
10,2708
4,1022
8,2725
1,241
1,298
10,3465
10,3486
1,276
3,820
1,362
6,2097
1,243
10,2851
10,2173
3,1281
10,3766
10,2416
9,1904
1,579
1,381
3,952
1,692
1,249
10,2414
5,1941
9,3122
1,291
10,3134
10,1989
10,3196
10,3566
10,2223
10,2481
10,3579
1,387
10,3396
10,3428
1,369
10,2845
6,2125
6,2097
1,242
10,3308
10,2104
4,1224
9,3119
10,3520
4,4253
8,2762
1,348
10,2523
10,2730
1,384
6,1685
10,2714
10,2556
1,333
2,699
4,1570
3,823
4,1115
4,1113
10,3448
6,2151
1,342
6,2056
6,1743
1,289
10,2297
1,512
10,3309
1,287
6,2312
1,356
10,2145
10,2156
1,335
2,553
10,2469
1,259
10,2883
10,2436
1,297
10,2410
10,3725
10,2738
10,3220
10,3632
6,2043
10,2732
1,505
6,9340
1,439
10,3223
1,249
10,2094
9,2405
1,429
7,2640
10,3683
4,1061
10,3089
3,937
1,367
10,3526
1,385
10,2148
6,1536
2,665
1,265
7,1541
10,2489
1,243
1,615
10,2313
10,2268
10,2719
10,3075
1,369
10,3400
1,363
1,318
10,2367
10,2707
1,248
4,1080
4,1053
1,281
4,1241
9,4131
1,351
6,1395
10,3019
1,312
6,1969
1,585
1,236
1,540
4,1239
3,1097
1,651
6,1713
6,1759
1,392
10,2639
4,1302
10,3026
10,2597
1,259
7,1714
1,456
1,292
1,406
2,780
10,3344
1,340
1,254
3,961
1,251
10,2726
1,415
10,2157
6,2225
1,238
10,2300
1,318
1,247
1,444
10,3448
10,2382
1,271
1,347
10,3322
1,380
1,346
1,279
4,1031
10,2763
1,256
1,332
1,431
1,359
1,408
10,2390
10,2237
1,243
1,489
10,2213
1,374
1,365
1,414
10,2432
7,1865
1,250
1,362
1,360
1,333
1,341
10,2995
10,2672
1,471
1,503
10,3399
1,291
1,251
1,325
10,3751
10,3420
1,299
1,236
1,312
1,305
1,270
5,1608
10,3897
1,286
1,428
4,1444
1,375
1,291
1,310
7,1926
1,507
1,311
1,359
1,379
1,418
1,259
10,3182
7,2389
1,359
1,319
10,2997
1,369
1,359
1,634
4,1057
1,408
1,333
1,327
1,343
3,972
1,357
8,1912
9,2551
1,366
1,261
7,2337
1,457
1,288
1,318
10,2300
1,293
1,479
1,270
10,3073
1,377
1,358
10,2985
10,2754
1,300
1,292
7,2345
1,299
1,323
1,254
10,2202
1,366
10,2173
1,235
10,2578
1,409
1,282
5,1428
8,2468
1,268
1,242
10,2907
10,2719
1,392
1,315
10,2825
1,260
10,3296
1,265
6,1908
4,1252
3,1234
1,467
6,2104
10,2302
1,319
6,2110
10,2617
1,585
1,237
3,1699
4,1060
6,1567
1,267
2,670
10,3567
10,3596
1,544
10,3300
10,3588
10,3543
10,3343
8,1960
1,463
10,2974
10,3413
1,356
9,1891
1,258
4,1187
7,2334
10,3609
1,402
10,5721
8,2841
9,2148
10,3502
10,2720
10,2583
3,799
6,2086
1,305
10,2042
4,1110
10,2356
10,2405
5,1307
1,267
10,3068
8,3041
8,2810
10,3197
5,1781
7,2180
10,2248
1,11589
1,261
10,2091
10,2415
4,1559
6,1296
10,3019
1,336
10,3032
10,2924
4,1451
10,3192
10,3329
8,3137
6,1662
1,333
1,319
4,1164
8,2069
8,2323
10,2275
7,1921
1,247
1,494
10,2360
5,1365
3,981
2,692
6,13059
7,1882
1,251
10,4884
10,2320
2,787
6,1901
10,2393
10,2487
1,618
2,787
10,3362
10,3410
4,1465
5,1552
10,2397
10,3359
1,251
1,394
8,2628
5,1198
10,2878
10,2144
5,1960
1,412
4,1302
2,490
10,3460
10,2391
10,3335
10,2263
10,2970
1,260
8,1877
8,1905
10,2846
7,1901
8,2144
10,3172
1,450
1,554
2,664
1,512
1,424
10,3502
10,2042
4,1129
1,286
4,1397
6,1901
10,2231
10,3206
8,2686
10,3109
10,2807
1,266
3,1578
2,719
1,256
3,749
3,1070
10,2435
1,255
2,641
10,2960
2,572
10,3874
6,1827
10,2916
1,441
1,264
10,3693
5,1994
1,424
10,2510
2,729
9,3274
1,605
10,2973
10,3078
5,1914
10,3483
10,2322
10,2178
10,2609
1,289
10,2887
2,864
1,378
10,3453
4,938
10,3182
1,350
10,3329
10,2051
8,2659
8,2688
10,3144
4,6884
10,2658
1,243
10,2486
10,3200
1,341
5,1655
10,2481
5,1778
1,387
2,555
10,2197
6,1448
3,1199
10,3216
2,5134
2,943
1,361
6,2004
10,3992
1,401
10,2512
1,568
10,2261
1,570
6,1981
2,581
10,2436
10,2780
2,586
10,11579
7,2264
1,373
10,2328
6,1742
1,312
10,2475
1,296
10,2845
10,3528
8,2144
2,525
10,3070
1,578
2,467
10,3242
10,2783
1,254
10,3282
10,3376
1,520
7,2675
1,269
10,2763
10,2359
6,2282
4,894
10,2182
2,658
4,1381
6,5396
3,1061
1,344
7,2416
10,3350
1,582
1,390
1,288
1,284
10,3433
10,2147
1,405
10,3503
1,352
10,3438
8,2255
8,2906
1,276
4,1464
8,2620
1,461
1,582
1,300
5,1795
6,1428
10,3214
1,359
9,1839
1,298
1,364
1,400
4,1379
3,1043
1,502
10,3382
6,1862
5,1563
1,249
1,482
9,2100
10,3292
1,363
4,956
1,383
1,242
1,312
10,2710
10,2779
1,371
4,1457
3,1086
1,378
1,235
1,466
10,2236
8,2231
1,284
10,2197
1,480
1,312
1,271
10,2972
10,3375
1,369
1,566
10,3205
1,455
1,426
1,427
4,1251
10,2176
1,375
1,374
1,649
1,271
1,303
10,3572
10,2325
1,298
5,1347
10,2279
1,323
1,318
1,245
10,3250
4,982
1,293
1,265
1,703
1,246
1,764
8,2577
10,3012
1,358
1,263
10,2840
1,425
1,277
1,246
10,2570
10,2547
1,352
1,297
1,624
1,293
1,408
10,3153
10,2266
1,300
1,389
10,3008
1,387
10,2558
1,251
9,2063
1,404
1,313
1,241
1,435
1,253
1,356
6,1368
7,2470
1,245
1,295
4,1488
1,442
10,2503
1,349
6,3990
1,349
1,326
1,226
1,392
1,346
1,364
10,3305
10,3560
1,282
1,378
7,1767
1,386
10,2556
1,273
10,3215
1,281
1,375
1,256
10,2844
1,341
1,821
2,787
10,4196
1,252
1,381
10,3171
1,303
10,2719
1,279
10,2562
1,246
2,601
1,274
10,3462
1,358
1,351
1,504
10,2723
1,345
1,274
8,2344
10,2353
10,2821
1,529
10,2009
1,609
10,2318
1,228
10,3664
3,753
6,1516
1,563
7,2030
10,3304
1,255
2,680
10,3440
2,624
10,3513
1,422
1,316
10,2717
1,267
4,1100
3,767
10,2587
1,392
10,2053
10,3107
1,238
7,2537
10,2131
8,1949
4,989
10,2336
2,713
5,1640
1,270
5,1509
7,1835
10,2397
1,275
10,2230
9,2774
1,384
10,2720
5,1113
10,3189
10,2817
4,5870
1,379
8,2774
1,467
10,3681
10,3384
8,2534
1,307
10,2810
10,2630
10,3342
10,2039
10,2503
10,2509
8,2250
1,395
1,452
10,3187
10,2476
6,3865
10,3266
10,2386
1,259
3,1131
10,2991
10,2427
10,2110
2,733
1,374
6,1804
1,368
1,548
10,2221
5,1724
5,6045
7,1613
4,1153
1,267
1,380
10,2333
10,2607
2,561
5,1780
1,251
10,2652
1,360
10,2762
5,1285
2,830
10,3740
10,2262
10,2184
1,326
1,293
1,463
5,1895
3,1265
8,2068
1,234
10,2400
1,379
1,459
10,2293
4,833
3,1292
10,2184
2,734
1,396
1,270
10,2446
5,1662
8,4554
10,2971
1,230
2,675
1,424
6,2121
8,2603
10,2272
2,1559
10,2479
10,2612
1,351
1,257
6,1468
10,2954
1,447
6,1961
1,304
10,3264
1,484
2,774
10,2337
10,2486
7,3586
8,2843
10,2853
10,2756
1,247
10,2438
5,1510
1,266
10,2107
1,379
10,2232
1,562
4,1189
5,1048
5,1133
7,5698
10,2534
10,2351
10,2419
1,244
8,2631
4,1302
1,353
10,2468
1,299
7,1676
1,583
10,3209
10,3103
8,2196
10,4121
5,1288
7,2260
10,2178
1,235
10,4001
10,3333
1,282
9,2732
1,265
4,1548
1,346
10,2124
10,2050
6,1381
7,2604
2,922
2,500
4,1294
1,239
10,2698
10,3202
1,266
10,2251
1,510
10,2195
1,286
4,1408
10,2249
7,2427
2,1805
10,3268
10,2396
4,1232
1,287
10,3367
10,3348
1,254
4,1041
1,340
10,2106
2,618
8,3053
2,483
10,2356
8,8021
10,2238
4,872
10,2543
1,287
4,1118
8,3030
1,244
10,2154
5,1512
10,2569
10,3296
6,1386
5,1050
10,3513
3,1192
2,570
10,3468
6,2144
6,1607
2,916
10,2535
1,285
1,374
10,3247
3,694
10,2524
10,2682
1,436
10,3273
1,380
5,1770
3,949
6,1590
10,2437
1,453
6,1892
1,254
1,273
10,2654
6,2221
10,3855
10,3120
1,352
10,8028
3,979
8,2309
8,2646
5,2246
10,2118
1,450
10,2633
1,242
1,333
5,1334
1,474
6,1976
7,2764
1,395
8,2569
1,712
1,370
6,2034
10,3077
10,2924
1,367
2,1023
9,2464
1,365
10,2819
1,359
8,1991
10,5280
1,283
3,1129
1,587
1,315
1,301
10,2997
10,2877
1,304
1,643
6,1442
1,388
10,2874
1,570
10,2076
10,7154
1,568
1,417
1,488
1,336
1,264
8,3105
10,3095
1,366
2,775
10,3633
1,265
10,2632
1,460
4,1027
10,2717
1,491
1,313
1,505
1,681
1,280
10,6349
4,1285
1,411
1,259
10,3085
1,493
1,837
1,360
10,2243
9,3081
1,316
10,2190
1,308
1,390
1,335
10,2839
7,2165
1,313
1,307
10,3096
1,407
1,916
1,431
10,2261
10,3566
1,396
1,334
1,410
1,379
1,265
5,2012
10,2999
1,266
1,564
1,484
1,296
1,486
1,326
10,2919
3,787
1,281
1,388
1,577
1,291
1,293
10,2559
10,3186
1,320
1,536
10,2441
1,467
1,283
1,343
2,762
10,3415
1,297
1,334
1,489
1,263
1,320
2,985
4,1271
1,237
1,321
4,1481
1,284
1,247
1,425
5,1209
1,384
4,1427
1,373
1,545
1,260
1,283
1,370
10,2596
10,2188
1,326
5,1611
10,2190
1,239
1,559
10,2377
1,364
10,3112
1,259
3,1239
1,278
1,353
1,312
10,2291
10,3196
1,274
10,2460
10,2402
1,249
10,3581
10,2323
1,330
10,3182
1,311
5,1451
6,1549
1,299
1,274
10,2711
6,1793
1,246
4,1099
10,2369
1,243
6,1468
5,1386
1,258
8,2250
1,260
7,1986
4,1414
7,2130
1,255
3,759
10,3172
1,244
4,1267
4,1032
1,528
10,3194
8,1817
1,288
6,1434
1,324
3,1312
4,992
10,2647
1,317
6,2213
10,2502
10,3203
10,2095
10,2530
1,481
8,3299
1,468
1,288
10,1986
2,922
1,404
10,3410
10,4044
1,378
1,745
10,2201
7,2429
10,2018
4,1284
10,3321
4,1471
1,359
1,397
10,2264
10,3528
5,2012
10,2779
9,8705
1,357
1,549
4,960
10,2385
10,2104
6,2128
10,2901
10,3734
1,322
1,419
2,620
10,3285
10,3697
6,1672
10,2227
1,512
1,417
10,3727
8,1870
5,1289
6,1596
10,3553
10,2539
1,332
1,266
10,2177
4,1062
10,3076
10,2527
3,1005
1,376
1,501
7,2046
7,2199
10,2048
10,2994
4,1672
2,852
1,284
1,326
6,2028
10,2842
5,2089
10,2341
10,3296
1,480
1,445
10,3517
10,2408
10,2226
10,3129
5,1606
10,2676
1,235
1,461
10,2026
5,1579
3,1228
10,2738
1,470
10,2219
1,313
8,2698
3,1214
6,1955
10,3442
4,1817
10,3375
1,264
10,2753
4,860
10,2999
7,2794
6,1527
10,2405
10,2917
1,277
10,7137
3,1159
6,1934
7,2539
5,20165
10,2899
1,255
2,645
10,2253
6,5812
9,17677
10,2491
10,2799
10,2243
1,376
10,2237
10,4748
1,537
10,2638
6,20202
4,2012
1,246
10,2406
10,2010
5,1983
2,5201
2,562
10,3232
5,1231
1,303
10,3150
10,5387
1,374
10,3622
6,19601
10,2552
1,366
3,756
10,2015
3,1206
10,24319
10,2199
10,2439
5,1456
1,356
3,823
5,2033
1,609
8,2813
10,3245
10,2210
4,1212
10,2463
4,1389
2,897
9,2432
4,882
3,796
10,2277
7,2450
2,719
10,3533
1,614
10,2350
10,3052
10,3309
10,2315
5,1205
6,1242
3,1117
4,1737
10,2188
10,2467
5,2059
10,3376
1,472
10,4146
1,401
3,1238
10,4495
6,1988
10,2257
8,2875
1,529
10,3411
9,2944
4,897
5,1339
5,1881
10,3399
1,322
9,3203
1,362
10,3491
10,4451
1,633
10,2457
10,7488
1,377
10,3232
7,2449
8,1909
10,3266
2,913
10,3626
1,307
10,3943
1,372
1,424
7,2960
1,389
9,2521
7,2811
1,338
7,2306
10,3548
10,2991
7,2331
2,827
10,2851
1,391
10,3390
1,257
1,289
10,3379
1,645
6,1950
5,1998
1,373
7,2380
8,2493
10,3270
5,1982
6,2044
10,6886
1,314
5,1702
1,321
1,310
10,3312
1,597
10,3074
3,1230
1,352
1,482
1,563
1,653
1,987
10,3250
3,975
1,471
10,2502
1,351
1,415
10,3462
1,553
1,497
8,2483
1,662
2,985
1,599
6,1405
1,513
10,15231
10,3714
1,307
1,391
8,2096
2,607
10,10929
1,557
10,2969
2,898
1,430
8,2568
1,648
1,279
1,569
7,8940
10,3019
1,341
1,402
7,2259
1,354
2,1020
1,527
10,2436
8,2599
1,411
1,557
1,486
1,386
1,581
8,6033
10,2228
1,262
1,324
10,3166
1,392
4,1407
1,739
7,1601
7,15806
1,468
1,401
1,361
1,421
1,414
8,2587
5,1331
1,241
4,1241
10,3564
1,293
8,2586
1,523
4,981
10,3116
1,279
1,352
1,403
1,445
1,402
2,675
10,2249
10,2211
1,311
10,3374
1,342
6,6002
1,535
4,1096
7,6285
5,1250
1,518
6,2377
1,374
1,442
3,1104
10,3306
10,2343
1,338
10,3061
1,434
2,821
7,4181
10,3551
1,382
10,2290
7,4996
1,448
1,610
1,461
4,1370
10,3197
10,2895
1,335
2,769
1,455
5,1627
3,968
10,2090
2,682
10,3555
1,454
1,463
1,278
1,560
1,580
5,1792
10,2271
1,289
3,916
10,2434
8,2728
2,814
3,908
2,752
5,2000
1,394
1,380
1,549
1,569
1,722
1,491
10,3355
1,247
2,16165
10,3062
2,672
3,1294
6,1853
3,1075
9,3240
3,837
1,377
1,556
3,1108
1,454
1,1096
10,3647
1,253
10,2123
10,2428
5,8283
7,2560
6,2332
5,1218
10,3691
1,250
1,329
7,1750
2,769
1,352
1,384
3,1417
1,273
10,2159
4,976
1,359
10,8107
1,439
7,4522
10,3300
1,267
3,1202
6,1385
6,2299
1,276
1,548
2,1021
1,307
5,1229
10,3597
1,402
7,3167
1,383
1,520
1,475
1,270
1,390
3,3630
7,10271
1,370
1,504
10,3477
2,786
3,707
3,1264
3,1096
2,1015
1,282
3,1091
10,2888
3,815
8,2880
10,3213
10,3179
1,314
1,340
10,2922
10,2524
10,2331
10,2205
1,364
8,3002
1,478
1,462
10,3224
10,3533
10,3540
4,1572
7,1790
1,395
1,272
7,1815
10,2296
10,2049
6,2408
1,494
3,1369
1,275
1,516
10,2505
7,2172
10,3370
10,5323
8,2726
1,353
1,512
7,2560
6,1521
8,1840
7,5162
1,560
3,1115
1,394
1,427
4,1094
1,495
9,3106
10,2631
2,821
1,357
1,452
8,3458
10,3264
10,2111
3,1413
1,318
5,1452
1,299
1,440
10,2651
3,1057
4,6045
10,2999
1,470
3,982
1,380
2,651
7,1676
5,1677
2,814
1,344
7,2820
1,528
1,949
10,2936
9,2272
2,874
10,2649
3,1124
10,3120
3,1135
7,6662
10,2222
7,2321
3,1317
1,378
1,487
1,363
1,320
10,3022
6,2086
10,3252
10,3213
4,1247
5,1273
2,780
3,751
8,12584
1,535
6,2356
1,407
4,981
1,396
1,314
6,1961
5,1679
6,2269
10,2206
9,3006
1,557
2,746
1,388
3,1391
7,2686
10,3810
1,399
9,2982
5,1968
1,266
1,605
3,1244
1,359
4,1086
3,1045
3,852
8,7275
3,740
2,826
1,5512
10,3436
3,1127
10,2299
10,2331
3,1153
1,17009
9,2829
5,1918
10,3588
5,1587
7,2010
7,9860
1,506
8,2604
3,2052
8,26128
5,1767
5,1089
10,3495
3,790
1,547
1,323
10,3257
3,1037
7,2567
5,1374
10,21199
1,283
2,774
1,332
7,24801
10,2261
5,1889
10,3666
5,1419
1,493
7,5235
1,488
10,2197
1,1600
10,3426
7,2265
1,265
7,2428
2,528
1,426
10,3203
10,3439
8,2848
7,2542
1,393
4,1212
4,1195
10,3776
3,1406
5,1869
8,14671
3,741
2,810
7,2374
2,671
10,3254
3,1271
5,2030
1,431
1,430
2,5959
5,1900
6,2097
9,3513
7,2240
2,835
1,620
10,7668
1,371
7,2237
1,294
9,3253
10,2291
3,1155
1,444
2,843
9,3193
7,2557
6,2127
3,1157
3,2383
1,339
7,27138
10,3297
4,1350
7,2613
6,2125
2,618
9,2568
1,477
9,2393
2,647
1,23691
5,1891
9,2891
3,1221
1,313
8,11931
1,355
1,488
9,3025
1,480
10,2614
6,1407
1,406
10,3378
8,3234
3,7357
10,3610
2,28690
5,2177
1,278
2,688
10,14915
1,472
3,4486
1,545
10,2610
5,1189
2,625
4,22877
10,3717
1,424
5,1840
9,19856
5,1633
1,350
8,23083
1,488
1,487
5,1722
1,624
10,2294
7,1790
1,319
8,19802
3,1347
1,399
3,1014
4,1296
7,2355
1,412
3,1393
3,1694
1,400
5,1812
1,600
4,1020
3,1075
10,3647
9,16881
7,2154
1,518
1,646
10,3350
3,1045
3,1276
3,1089
7,2514
1,405
10,2474
1,5224
3,885
7,2340
7,2346
7,2473
8,2886
1,468
7,2535
10,3112
6,2157
5,1648
1,360
1,353
1,373
2,1073
1,711
10,2189
9,1983
10,3180
1,366
6,8667
1,609
9,6354
7,2828
1,342
7,2343
1,420
8,3181
1,511
10,2953
1,651
10,3221
1,286
8,2761
1,652
9,9805
1,473
4,1884
9,3061
9,2822
7,2305
1,369
3,959
1,288
10,3310
1,570
6,1994
4,1600
7,2054
8,2573
10,3551
1,454
1,440
1,472
10,3718
9,3016
1,288
1,364
1,359
8,3639
1,562
7,2206
1,454
2,819
1,472
8,7456
1,558
1,503
8,1837
5,1837
5,1759
1,395
1,513
3,1106
9,3639
1,578
1,481
2,797
3,1051
1,272
1,580
1,417
1,459
6,1776
3,1147
10,3821
1,431
1,414
1,377
3,1156
1,18984
1,476
8,2916
3,1089
1,318
2,781
3,990
1,399
8,2646
7,4464
10,2988
1,412
3,1266
10,3289
10,8298
9,19704
1,479
9,2932
3,1109
1,347
10,20137
7,14552
1,319
1,361
4,1534
5,1252
1,389
5,1568
5,1272
1,417
1,16714
1,512
9,3096
5,1346
1,239
2,18482
2,23456
1,388
1,413
1,329
3,1154
1,328
7,1526
1,491
7,9472
2,15622
1,582
4,1308
1,479
1,335
1,612
10,3262
1,425
1,380
9,17616
1,471
1,387
1,247
9,3095
4,1486
9,2644
1,505
7,1841
7,2320
1,250
1,448
2,769
1,500
1,372
1,516
1,622
1,505
3,885
3,1104
6,2716
1,499
1,520
9,2895
4,1276
1,260
1,505
7,2341
1,473
1,312
1,524
2,796
3,1392
6,1863
9,2051
10,7455
7,2539
1,425
2,780
6,1972
1,522
1,457
10,3972
1,500
1,602
1,442
9,1904
3,1272
9,2799
5,1412
10,8044
9,3147
1,467
1,414
9,3044
6,1469
1,531
8,28125
2,887
1,482
1,507
10,2245
5,1111
10,2181
5,1351
10,3505
4,3664
1,461
8,2598
5,1690
1,458
1,597
1,428
9,3052
3,1122
1,445
4,1901
7,2224
7,1552
10,2056
10,3325
8,3624
2,797
1,467
5,1587
8,1961
1,494
3,1036
4,1690
1,386
1,1136
9,2972
9,6627
5,1693
1,403
1,682
1,517
2,857
1,478
10,2135
3,1170
1,331
5,1238
7,2993
1,422
1,478
9,1982
9,2850
3,816
9,3114
2,756
6,2197
10,3379
1,421
3,1105
1,398
1,405
7,3553
10,3708
1,348
1,497
7,2273
6,2426
9,2754
7,2401
9,4119
3,1183
7,2190
1,354
1,389
10,3461
1,524
1,684
9,4532
1,380
4,8526
1,354
5,1462
7,1786
1,559
4,1070
8,2729
7,5194
1,413
9,14480
9,3581
5,1781
3,1191
8,3062
2,583
1,455
8,2370
7,2023
4,1438
2,664
9,3023
1,278
8,2682
1,346
4,1725
10,5195
8,1877
9,3916
1,402
8,1879
2,895
6,2096
5,2143
1,356
9,4383
1,440
10,2252
8,2594
1,339
6,1784
10,5313
10,10405
9,3296
1,568
10,11605
1,530
1,501
10,3144
1,531
4,1157
9,2923
10,3562
2,828
1,436
1,599
2,622
7,7895
6,1592
1,908
4,1386
9,3321
1,414
3,837
1,482
10,2950
10,3460
4,1401
3,1119
1,344
1,507
4,6416
10,3992
5,1648
6,2282
10,5814
6,23883
1,345
1,709
1,407
7,3492
10,3572
10,3062
3,1172
1,426
1,463
1,521
10,3635
5,1790
3,1272
10,3246
10,21951
1,333
4,1166
1,502
9,8532
10,3946
10,3986
7,2212
6,1846
1,490
10,3698
5,1786
10,2766
9,3058
2,770
10,17320
1,475
2,779
1,483
9,3759
10,2508
2,874
3,1108
1,345
1,460
10,3356
10,3251
3,1164
8,2765
6,2114
9,2076
3,787
2,786
1,462
1,370
1,551
2,952
5,1390
3,802
1,506
10,3578
2,674
1,441
10,3382
1,510
8,2585
1,320
8,2444
1,626
8,2560
8,2477
3,1328
3,875
10,2694
1,416
10,2319
3,1167
9,3067
10,3277
4,1036
1,412
1,369
9,2932
7,3944
1,478
1,399
8,2068
6,2406
8,3108
1,1228
9,9404
7,2103
7,1583
10,17635
5,2062
1,542
1,330
4,1499
1,228
1,375
1,370
10,2592
1,387
4,1460
1,431
6,1765
3,1506
4,1352
4,1396
8,2891
8,2045
1,256
7,2344
1,454
1,409
9,2162
7,2328
3,1017
10,3217
1,551
1,661
2,607
1,529
10,4975
8,3271
10,2219
1,409
9,2923
2,859
1,377
1,291
10,3845
7,1895
9,2963
1,479
4,1564
3,1218
1,338
2,990
10,3199
4,1433
4,1024
8,2533
1,582
1,299
1,249
9,3738
10,2586
10,15651
2,811
5,1812
10,3792
2,787
10,2993
9,2802
10,3334
1,313
2,744
1,834
1,2477
1,250
6,2188
5,1437
2,712
10,3750
8,3124
9,2993
1,354
6,2009
6,2075
10,3539
8,1879
1,386
9,6198
1,416
1,632
2,559
5,1466
10,2533
4,1415
9,3204
7,2615
1,561
1,359
5,1774
10,8197
1,316
8,2965
9,2536
6,1501
1,521
8,2067
3,1227
6,1449
9,3625
10,6060
8,2864
1,498
1,410
10,3237
10,3370
6,2490
1,479
9,2981
1,317
6,1860
1,384
4,1454
1,327
9,3482
6,2055
10,6448
1,599
1,317
2,768
2,544
10,9638
6,2012
10,2974
1,913
1,287
1,581
7,2710
4,1005
7,2278
9,14869
10,3406
1,476
1,281
2,761
6,1449
10,11402
3,1186
3,895
1,425
1,414
1,394
9,4389
9,2153
8,2641
5,2411
1,514
1,416
1,276
6,2216
1,506
10,6912
1,583
1,280
1,315
1,531
4,1415
1,618
5,1650
6,1812
1,621
1,431
1,561
1,265
1,334
1,409
2,892
1,543
8,2264
1,272
1,406
1,473
1,1325
8,2890
1,626
10,3720
1,300
1,414
1,394
1,399
1,270
9,3117
1,555
1,368
3,1056
8,2899
1,366
1,1339
9,2819
3,1035
1,485
1,251
1,460
1,434
1,275
1,253
2,2525
1,357
8,2095
1,413
10,3559
1,439
1,571
6,2069
8,2887
2,738
1,262
2,816
1,336
1,308
1,266
10,3145
1,479
1,408
9,2442
10,3371
1,800
1,473
10,3153
10,3223
1,686
1,368
9,3207
1,395
1,367
1,281
10,3784
1,664
10,2216
8,2148
4,1273
1,624
1,593
1,469
10,3144
1,475
1,418
8,6039
4,1301
1,370
1,259
4,1076
1,381
10,2112
10,3442
9,3134
1,425
1,744
2,742
5,1766
1,598
1,326
1,411
5,1868
1,404
1,232
5,1850
10,2808
4,1297
10,3279
10,3055
1,340
1,895
5,1613
10,3287
1,472
1,331
4,1502
9,3332
1,377
1,239
8,2705
1,340
10,3257
4,1294
2,838
6,1530
1,502
1,390
10,2930
1,311
1,277
9,3300
8,2492
1,413
1,228
9,4972
1,513
9,8570
10,12447
10,3341
4,1123
1,567
10,5378
10,3231
1,449
1,585
8,4291
6,2225
1,694
10,2630
10,6151
1,365
10,3160
9,3379
1,494
5,2380
2,942
1,503
2,700
1,416
8,1961
1,398
10,3875
10,3741
1,359
7,2370
8,2001
2,660
2,848
6,1821
8,2819
9,3131
1,362
5,1296
1,522
10,2523
9,2012
1,610
2,917
4,984
3,918
8,2596
9,2146
6,2127
1,344
6,6872
10,3026
1,375
1,458
1,619
8,3108
6,2023
2,820
10,3525
4,996
6,2150
10,3322
6,1365
4,1279
9,2961
10,8580
4,1390
1,365
1,320
6,1466
10,3273
1,456
10,3369
4,1465
8,2773
8,25679
10,3693
1,328
1,599
4,1321
5,1772
7,2249
1,379
1,271
4,1496
10,3175
8,1942
5,1674
5,1730
9,4905
10,5877
10,3865
1,478
8,3150
8,2787
10,3368
9,2773
1,368
1,333
6,2043
10,3259
10,3421
10,3582
3,817
9,2839
5,1792
10,3602
1,443
5,2020
5,1882
2,861
1,339
1,345
1,552
10,3474
2,987
10,3744
6,2155
8,2664
6,2000
2,681
2,790
1,360
9,3236
9,3124
6,2196
8,2533
1,306
1,521
10,3406
10,3357
4,1479
6,2596
10,39030
6,1553
10,3199
2,499
1,329
10,3221
5,1864
2,1142
1,399
1,326
1,386
10,3445
2,892
10,3222
10,4077
10,7743
2,924
8,14045
4,1311
1,249
6,2323
10,3350
8,2852
6,3528
1,288
1,396
10,7348
10,2175
10,3111
10,3725
5,1748
1,433
2,668
10,3629
1,264
9,3197
6,2346
10,3516
2,1006
10,3483
1,531
10,2768
5,1299
9,9437
10,5924
5,33975
6,2064
1,401
5,1945
1,241
10,3346
2,794
6,1948
1,863
8,2680
1,405
4,2324
4,921
2,754
10,3325
7,1900
10,3101
1,705
8,3360
1,232
2,2781
5,1561
10,3813
8,2258
7,2384
1,444
2,1099
10,3586
10,3315
4,1660
10,3440
6,2291
1,449
9,3440
1,243
5,1577
1,354
10,12929
9,2852
10,3270
4,1080
3,1114
10,2125
6,1823
10,3034
5,1657
10,3503
1,310
10,3417
1,233
1,503
1,691
4,10056
10,3757
10,3467
5,1660
7,2326
5,1238
1,280
4,1257
2,831
10,3999
1,315
6,1989
1,347
1,486
1,387
2,2827
10,4274
10,4215
9,2700
9,3144
10,2939
1,236
1,435
2,493
10,10514
1,518
2,833
4,1478
1,507
5,1607
10,12332
3,942
2,786
9,3404
10,7042
6,1984
1,364
1,370
8,3069
4,1291
1,307
10,7457
8,3009
1,428
1,579
8,2903
10,3505
10,3235
10,3391
8,2295
10,3447
1,378
1,528
8,2363
10,6671
1,318
5,3641
5,1603
1,373
1,280
4,1537
2,665
3,1165
6,2100
10,3488
1,436
1,400
1,570
2,577
4,1434
1,357
1,455
8,5884
1,319
1,384
1,479
1,348
3,930
10,3595
7,2086
1,290
1,416
1,463
3,758
1,453
1,417
1,411
10,16620
1,288
1,532
1,579
10,14803
7,2542
1,625
3,829
1,605
1,313
1,330
7,2734
1,314
1,426
1,315
6,2042
1,581
1,421
3,1199
4,1281
6,1367
5,1652
1,445
1,301
1,352
1,560
10,3438
1,361
6,1582
1,278
9,3148
1,370
1,390
1,382
10,3178
9,2926
10,3298
1,258
1,268
1,466
1,489
9,7484
1,288
6,1421
1,355
5,1794
1,398
1,554
1,387
8,2452
10,3220
2,665
1,384
1,331
1,382
1,733
10,3303
10,2513
8,2591
1,385
2,971
2,788
1,498
1,507
9,2857
7,1860
3,957
10,2382
1,355
9,3134
1,470
8,2983
10,2476
2,729
1,436
2,873
1,321
5,1812
1,265
10,19826
10,3213
10,2737
1,356
1,256
4,1161
3,1970
7,1996
10,3051
10,3576
1,323
8,2841
8,2516
10,3070
1,268
10,11221
3,1099
8,2953
1,271
1,251
5,1891
7,1741
10,3176
1,346
10,3271
1,281
2,672
6,1545
6,2254
1,319
6,1965
1,382
6,2017
1,494
1,313
1,602
10,3228
3,903
1,362
10,7705
1,304
10,3722
6,1954
10,3895
1,437
1,425
10,2570
10,2272
1,273
1,543
8,2946
9,4009
1,428
1,359
4,13343
1,354
10,3999
10,4008
10,3262
1,442
1,385
4,1349
7,2487
1,312
10,3953
5,1853
7,2478
7,2585
1,571
2,1768
10,3412
6,2249
10,3841
10,3253
7,2571
1,396
1,387
10,3664
1,364
10,2517
10,2601
10,2774
1,447
1,332
4,1327
6,2288
10,3215
10,4126
5,1844
4,998
1,463
1,375
10,3493
1,278
7,2745
6,2061
10,2996
1,364
1,448
8,2671
8,2507
10,3251
10,10320
10,3901
7,2148
1,455
1,389
7,2474
1,372
10,3525
5,1840
1,567
1,325
1,448
3,1264
10,3320
10,10525
4,1527
4,1520
9,2667
1,484
1,248
8,2920
8,2380
9,2546
2,1214
3,793
1,350
2,843
9,2345
10,3213
2,759
4,1449
2,864
6,1867
1,401
1,332
10,4435
1,484
10,3513
5,1568
10,2101
1,298
10,3613
7,2569
10,2594
8,2697
3,1077
8,2632
10,3132
1,566
1,251
2,657
2,793
10,3420
6,2428
1,239
1,564
3,1178
10,2249
10,3643
4,1427
2,557
3,1134
10,3303
1,404
1,442
8,2547
8,2873
3,1461
10,3511
8,2038
1,449
5,1579
10,2149
4,1533
1,532
9,2677
9,2629
3,1001
1,425
1,414
10,7290
10,3289
4,1719
10,14727
8,2074
1,297
9,3733
10,2121
2,784
1,531
7,2914
7,8966
1,470
1,518
1,452
2,643
10,2311
1,527
6,2574
10,3431
1,387
10,7538
7,1845
3,1177
1,462
10,2330
10,5541
1,432
4,1409
1,296
4,4682
10,3414
6,7978
10,3555
10,2837
1,697
1,426
10,2989
7,2239
1,730
10,2898
4,923
8,2318
8,2824
10,2737
3,1155
9,2069
5,1797
10,2343
10,2680
3,963
8,2300
1,686
9,2951
1,394
7,2427
10,3762
10,2249
9,2952
1,405
1,560
10,3098
9,3387
10,2561
9,3260
7,1566
9,3449
3,1003
7,2593
1,419
8,2680
7,2301
8,2047
9,3094
10,2206
1,328
2,938
9,3099
4,1420
10,3518
10,2886
10,3713
1,364
10,3604
1,428
10,3418
1,517
10,3108
10,3713
10,3212
1,361
4,1549
6,2402
10,3111
2,568
5,1873
9,6321
1,249
10,3668
1,375
1,344
3,1176
10,3279
6,1972
8,6182
1,495
4,984
10,3546
4,1390
2,587
10,3839
7,2414
1,365
7,2318
1,407
3,1374
1,442
10,2537
10,3564
10,2074
1,308
10,2477
1,503
1,354
1,441
10,5996
5,2015
1,244
3,930
1,355
1,358
1,301
9,3606
2,1111
9,2571
1,2127
10,6744
5,1881
1,422
1,292
10,3363
1,477
1,244
10,3182
3,1458
1,283
1,260
10,2938
1,611
10,3215
1,402
10,4691
7,2460
1,469
1,403
3,1231
1,365
1,258
1,521
2,696
1,246
1,306
2,652
10,3869
2,800
1,445
6,1745
4,1799
1,342
1,257
5,1350
8,1952
1,361
3,814
7,1755
1,352
1,260
2,614
5,1903
5,1167
1,383
10,2928
1,2051
1,379
1,367
4,1222
8,2093
1,387
1,447
10,3245
1,283
1,278
1,546
2,980
10,2215
1,634
6,1392
1,523
1,400
1,434
5,1115
10,2374
1,401
1,629
9,2762
1,284
6,1365
1,338
5,2181
8,1861
2,743
1,344
1,538
1,370
1,394
10,3801
10,2887
1,428
1,369
10,3182
1,368
1,257
5,1153
10,3446
10,2596
3,832
1,273
1,608
1,302
1,361
10,2957
10,3721
10,2172
1,330
7,2466
1,398
1,261
1,262
10,3362
10,3241
10,2438
1,290
1,1186
1,401
1,341
10,9748
10,3459
1,251
1,376
8,1946
1,277
1,302
1,289
10,3276
5,1123
7,2273
1,273
1,513
1,402
1,358
10,2150
10,3912
8,1767
1,301
3,1134
1,297
1,263
1,277
5,2006
10,2736
8,1755
10,2086
1,530
10,3310
5,1217
6,2284
9,2515
10,2142
1,272
1,469
8,2880
1,388
1,252
10,19373
2,568
10,3222
1,238
1,466
4,1010
10,3534
5,1386
2,515
8,5666
1,247
1,342
1,363
8,1764
1,266
8,2698
1,390
7,2399
1,271
1,413
6,2034
10,2210
10,3627
2,586
10,2024
1,243
10,2199
8,1841
10,2432
1,244
5,1314
10,2157
10,2802
1,246
1,541
9,2947
10,2284
8,1960
1,465
10,2285
1,235
8,2144
2,587
10,3441
1,232
1,531
1,453
3,936
1,252
3,1278
4,938
5,1599
1,674
1,269
9,2104
1,447
10,2781
10,3268
8,6971
1,251
1,636
1,392
1,416
1,271
1,487
10,3228
10,2992
1,289
1,257
2,548
10,2508
10,3169
9,2448
10,2945
5,1309
1,462
1,292
8,1873
1,316
2,461
6,1650
10,2979
1,364
1,261
2,561
8,2823
10,3447
10,3180
10,3273
6,1233
1,416
1,237
10,2297
10,3404
2,819
4,887
2,648
1,274
1,246
5,1152
10,2189
10,2065
10,3640
9,2337
10,3393
1,429
1,301
8,1746
2,913
4,1372
1,301
1,387
1,352
1,227
10,3021
8,2079
10,2923
10,3658
2,839
10,3495
1,588
1,258
10,2861
10,3263
10,3288
6,1693
8,1907
1,383
1,238
10,3381
10,3072
9,2002
2,635
2,615
4,1396
1,596
1,336
10,4238
7,6386
10,3698
1,335
10,3724
1,379
1,251
10,2080
10,3264
2,561
5,1364
4,1311
10,3492
1,565
1,244
10,3322
8,2842
9,2658
8,2396
9,2720
1,398
1,242
10,2065
9,2262
1,404
4,1138
6,1563
10,2349
1,497
1,300
9,3099
10,3272
8,2124
10,2596
8,3535
1,509
1,297
10,1991
2,774
1,255
10,3599
5,1231
1,533
1,414
1,279
10,5228
10,2650
8,2079
10,3318
10,3231
1,669
4,985
5,1187
2,721
1,270
10,3037
10,2797
10,3416
2,824
9,2751
2,688
10,2201
10,2961
8,2536
10,3159
1,403
10,2575
10,2855
5,1214
1,254
10,2303
10,2978
10,2649
3,1125
10,7700
2,585
3,1027
6,1821
10,2992
10,3090
2,625
5,1144
1,428
10,2256
1,264
10,3652
10,3283
7,1921
9,2345
8,2094
1,515
1,494
10,2765
9,3003
10,2820
9,3152
7,1498
1,273
10,3410
1,248
5,1449
9,1995
9,2515
10,6019
10,2431
1,291
5,2045
5,1437
10,3245
2,1033
10,3461
10,3443
1,286
10,3779
1,243
6,1890
10,2895
10,3123
8,2617
10,2729
1,336
5,1888
7,8970
10,3628
1,510
6,2334
10,3212
1,352
10,3195
1,315
10,2303
5,1356
10,3339
10,2575
10,3766
1,384
9,3750
10,3548
2,751
1,426
9,3107
6,1461
1,285
10,2868
1,252
1,491
1,385
10,2711
7,1882
10,3140
1,312
9,3000
10,3100
2,587
1,631
10,2925
5,1176
1,251
5,1148
1,233
1,432
1,370
10,3128
1,395
2,744
1,338
5,10125
10,3546
1,542
1,595
10,3506
3,641
1,271
10,2332
5,1738
1,283
1,318
3,945
10,2309
1,723
1,235
6,1969
5,1890
1,377
1,550
1,318
1,891
1,246
1,444
4,1073
1,285
1,288
1,636
10,2835
3,1277
1,367
1,308
10,2487
1,294
1,485
4,1554
2,580
1,441
1,269
10,2358
1,237
1,313
1,389
7,1491
4,1480
1,255
10,17706
3,866
1,290
1,441
1,463
10,5058
1,293
1,343
10,3415
1,514
1,237
1,458
8,2236
5,1848
1,264
1,323
1,432
1,337
1,453
5,1794
8,1964
1,404
1,357
10,3435
1,321
1,222
1,521
5,1372
9,2925
4,991
1,549
1,321
1,296
1,478
5,1696
10,2914
10,2133
1,370
10,4213
1,296
1,241
1,677
10,2475
1,525
5,1150
5,1759
1,268
1,263
1,537
9,3159
9,3218
1,327
1,315
5,1391
1,260
1,226
1,547
10,3261
7,46544
10,5264
4,1417
1,276
1,249
1,480
6,2094
10,3018
10,3360
1,396
6,2277
1,260
1,225
1,526
10,3343
5,1930
10,2982
7,2200
1,379
1,332
5,2232
10,3192
8,2925
10,3069
1,263
1,466
8,2385
1,256
1,392
10,2515
1,879
6,1461
1,482
1,615
1,328
5,1952
5,1618
10,3981
8,2569
1,238
1,359
1,393
1,429
1,663
3,939
6,2049
10,2750
1,631
1,451
10,2413
8,4762
5,1775
10,3706
9,3360
1,553
10,3610
1,413
10,3541
1,541
2,747
4,2832
5,9791
1,472
1,320
6,2053
9,3996
7,2388
2,848
10,3107
1,390
7,2607
2,449
9,2546
1,561
5,1055
7,3931
10,2139
1,510
1,332
8,2102
5,1708
1,549
1,482
9,2618
10,2689
10,2934
10,3313
8,2656
9,3062
1,638
6,6383
1,402
1,455
1,264
10,2910
6,1936
4,1392
1,427
2,620
10,3373
9,2825
2,541
10,3578
5,1864
1,486
1,3742
10,3031
1,530
10,3319
9,1943
5,1679
1,528
1,511
1,460
10,2634
10,8156
9,3043
10,3893
10,3555
1,484
1,674
9,8388
1,576
10,2763
10,2527
7,2940
1,574
1,491
5,1907
7,1834
10,4129
8,2518
10,3250
5,1933
1,302
1,377
10,10584
3,1465
10,2753
4,1506
2,20730
1,550
1,363
5,1744
10,3905
10,2406
9,3124
10,3919
6,6408
1,302
1,381
10,11791
1,380
4,1071
2,579
1,629
1,399
1,573
9,2951
9,3022
9,2825
10,3112
2,928
7,11645
1,280
1,375
10,9342
1,562
7,1873
1,395
4,1630
1,594
6,2015
9,3008
10,3454
3,866
10,4204
1,587
4,1444
1,266
1,329
10,6598
10,2621
10,5253
1,345
3,1182
1,372
1,342
6,1999
3,1084
1,490
1,576
10,3363
3,1177
1,415
1,628
1,551
2,628
10,2928
2,906
9,2546
1,814
3,962
7,2320
1,521
1,452
5,2024
5,1928
1,801
1,294
1,579
1,431
4,897
6,2082
10,3232
1,564
1,419
1,483
10,26947
3,1075
1,422
9,3017
5,1814
2,493
1,376
1,547
1,434
10,4515
3,802
9,2562
2,901
3,1080
5,1696
5,1718
5,1765
1,399
5,1680
2,849
2,583
4,1224
3,1174
1,411
9,1909
2,2058
7,2741
4,1160
1,347
1,449
1,325
5,1629
1,484
9,3421
9,3115
4,1138
5,1264
9,2066
1,433
10,3294
3,1072
10,3059
10,2434
1,334
1,476
5,1612
9,2975
1,429
1,649
6,2064
10,2193
10,2938
2,600
1,407
6,2413
6,3354
8,3928
10,3914
9,2428
4,1370
1,393
9,3289
1,556
6,2038
5,1794
9,2866
10,3093
2,579
1,350
8,2925
2,21894
10,3787
10,3099
2,574
1,565
4,1289
6,1993
1,494
5,1715
5,1793
8,2806
6,1474
4,866
1,453
10,7016
7,2446
10,3768
9,3670
1,281
9,24284
1,372
7,4838
5,1740
10,7885
1,471
10,3589
10,2477
10,2004
1,405
4,1139
6,2087
10,4115
8,2114
4,1033
9,7617
1,294
1,351
1,385
5,2051
1,577
10,3316
5,1235
10,3507
1,417
7,2046
7,5044
3,1155
10,2236
5,1078
10,26775
1,619
5,4210
1,354
7,2242
5,1750
8,2237
10,2354
8,4114
1,482
10,2448
6,2137
1,602
6,1697
6,1462
1,370
1,686
5,1790
1,408
1,489
9,3207
10,3366
10,3195
8,2646
5,1909
10,2936
7,2148
1,638
1,469
8,2740
7,5157
1,852
7,2375
5,1549
4,1428
4,1428
6,1501
1,597
10,3232
10,3944
10,3264
8,2844
1,714
1,286
10,3420
5,9211
1,589
4,1537
9,4397
1,607
1,518
1,320
7,1534
6,2110
5,2050
10,2980
4,10895
1,583
1,272
9,8999
1,589
3,1342
1,508
7,2226
1,1816
1,531
1,256
7,1601
4,1046
10,3795
10,2435
3,1006
1,474
1,445
6,2141
1,329
1,515
1,528
9,3127
2,767
1,501
4,1182
6,1465
10,2195
9,2899
6,1760
1,487
1,434
1,372
5,1768
2,705
1,557
1,672
5,1801
1,437
1,712
1,375
10,3308
9,2296
6,1994
1,333
4,1247
1,467
1,285
4,1058
4,990
1,516
1,682
10,3334
1,526
1,501
1,319
10,3392
1,344
5,5545
3,919
3,1508
1,371
1,249
1,350
10,3408
10,3553
1,634
1,578
1,414
1,424
1,376
9,6068
9,2873
5,1596
1,285
1,3823
1,394
1,285
9,1912
10,2231
2,541
1,443
5,1832
1,1212
1,425
1,281
10,3333
10,3157
7,2893
1,249
1,391
1,392
1,358
4,967
9,3250
1,267
1,403
3,1287
1,488
1,405
1,267
3,1385
10,3217
4,1481
1,254
1,428
5,1682
1,248
7,1980
9,3415
2,593
1,514
2,594
1,454
1,489
1,366
3,959
10,3408
3,922
1,238
1,606
4,1382
4,1042
10,3267
10,6931
4,1139
1,425
1,478
3,1027
3,1158
1,301
4,1396
6,1738
2,746
1,243
1,587
5,1724
10,3334
10,3454
8,2348
10,2508
1,488
2,680
1,293
1,375
1,275
1,691
10,3049
8,2129
1,246
1,488
9,3028
10,3302
10,2202
6,1669
8,3470
3,1075
4,1143
1,396
2,584
6,2798
1,687
1,347
1,578
1,270
1,536
2,796
10,4011
10,3330
10,3292
9,4241
1,451
10,3272
1,385
4,920
1,533
1,600
1,324
2,560
1,261
1,576
10,3333
10,3196
10,2188
1,672
10,9465
1,286
8,2466
8,2021
10,2253
9,2746
1,674
1,288
2,475
1,238
1,1107
6,1994
6,1818
6,2126
1,240
8,2738
2,502
10,3361
10,2280
9,2700
7,2017
1,617
1,397
4,1045
10,2137
4,1899
6,2307
10,2237
3,1147
1,272
6,1970
10,2275
9,9702
10,3494
10,4671
10,2089
1,472
1,308
10,2216
10,2101
1,377
1,378
10,2289
10,2234
1,321
4,987
4,1039
8,2840
9,2936
10,4896
10,3369
1,487
1,247
10,3060
2,785
1,372
5,1747
10,3080
1,624
1,259
7,1512
10,3140
10,2447
9,4526
10,2444
10,1980
1,438
1,241
9,2679
7,1901
3,1331
4,1382
10,3383
1,596
1,240
10,3870
9,2854
10,5279
10,2931
8,2881
10,2431
1,538
1,249
8,2748
10,2888
1,573
3,1323
3,1124
1,351
1,262
10,3233
9,3087
6,1515
10,2480
6,2035
3,742
1,699
1,249
10,3143
10,2172
3,997
1,490
7,1894
1,267
1,295
10,2814
10,3059
1,388
4,1005
3,1064
10,2378
1,556
1,315
8,2068
10,2095
6,35263
1,552
10,2270
1,411
1,240
10,3454
8,2255
1,258
7,2570
4,1044
10,2901
5,1969
1,552
10,2151
8,2181
2,17682
2,720
10,2879
1,356
1,228
10,2642
6,2208
1,291
10,2653
7,1492
10,3176
9,2890
10,2534
6,2045
3,1267
6,2108
4,1051
10,2417
1,351
10,2328
6,1629
4,1008
1,264
10,3731
10,2790
4,1068
10,3863
10,3552
1,429
2,16981
5,2006
10,2878
7,2068
1,262
4,875
3,1120
10,2277
1,245
10,3446
10,2905
7,2416
5,2023
4,1002
1,251
2,739
3,1088
9,2211
3,795
1,234
3,653
1,370
10,3451
1,273
10,3031
10,3860
10,2382
6,1862
7,1653
1,463
4,1192
6,3355
9,3171
1,592
1,218
6,1301
1,260
10,3382
1,244
10,3012
10,2251
10,2082
4,1501
10,2099
1,352
6,1956
4,1358
10,3372
1,460
10,3231
10,3143
1,281
10,3052
1,303
6,1984
10,2100
10,2164
7,4674
10,2004
1,415
7,2279
6,1995
10,3622
1,538
10,3050
10,3580
1,375
10,3642
1,429
3,883
6,1239
6,1716
5,1621
10,2161
1,282
6,2017
2,882
10,2250
1,1611
10,3572
6,1531
1,573
10,2672
1,258
1,343
1,423
3,878
3,1385
3,1230
1,398
7,2570
3,1244
8,2634
1,503
7,1756
7,1565
1,376
6,1453
10,2346
1,347
1,264
1,541
1,391
6,1838
1,400
7,5722
2,687
6,2546
1,531
8,2972
4,831
1,259
1,412
4,1145
1,257
1,239
1,426
1,436
2,1295
1,412
8,2585
3,973
1,327
1,767
10,2250
10,2935
1,341
1,417
10,3327
1,252
1,292
1,495
2,593
3,1342
1,400
1,433
3,947
1,235
1,690
3,905
10,2597
1,261
1,300
7,3066
1,236
1,323
2,1962
5,1133
2,712
4,1039
1,467
2,783
1,242
1,633
2,486
10,2844
1,278
1,496
10,3548
1,242
1,281
1,710
4,842
6,2305
7,1466
4,1323
2,636
1,251
1,463
2,1201
2,523
10,2102
1,543
10,13555
1,267
1,304
1,600
4,852
7,2777
10,3340
3,953
2,542
1,384
2,780
2,5968
10,2402
10,2407
1,505
6,2212
1,244
1,283
1,644
9,2705
6,2181
10,3169
5,12460
10,13722
1,318
4,19435
4,4066
7,1599
10,3924
7,2588
3,1129
1,238
1,246
1,634
9,2967
7,2185
10,2080
3,20343
4,1562
1,385
6,11670
6,2100
10,2194
10,3820
1,269
10,2470
1,236
1,313
7,2640
10,2673
7,2548
10,2190
4,1233
8,2995
1,253
6,18443
7,2276
10,2112
2,1004
1,443
10,3251
4,1184
10,3156
1,424
8,1927
7,2350
6,1428
1,329
6,2392
1,342
7,11457
6,1741
8,1952
10,2501
1,259
10,2668
10,2240
10,4492
1,591
6,1979
1,772
3,613
3,22956
1,6662
1,346
7,2359
7,4957
3,972
10,2951
1,265
2,1084
10,2551
7,1514
1,15586
10,3248
4,1455
10,2937
3,959
8,18431
10,2443
7,1920
7,2343
1,573
8,2405
10,2983
7,1737
10,2531
2,556
2,7868
6,1732
1,353
10,3134
1,325
10,23566
3,1197
3,1209
8,2925
1,504
2,1116
10,2732
10,3720
6,1458
10,2743
4,1568
1,335
3,1045
10,2171
1,456
1,22187
9,2334
4,1436
4,1629
1,603
2,23860
10,3759
10,2189
7,2352
10,2132
7,2232
1,291
1,477
2,626
6,2037
4,34059
10,2867
4,1428
3,964
1,507
4,1798
3,1009
10,1998
10,2096
10,2090
6,3063
1,273
1,556
7,2307
1,488
1,518
10,2225
5,2050
4,1395
1,470
6,2305
4,1145
8,1965
10,2283
3,1029
1,565
1,240
3,1001
10,3334
3,992
2,1137
10,2334
1,550
5,1773
1,384
7,2258
10,2300
3,728
3,1110
8,2019
7,6317
1,267
7,18557
10,2255
5,1763
1,483
7,1626
3,1004
3,1117
1,927
7,6583
10,2480
1,559
2,1268
1,643
8,2759
1,346
4,4904
10,2247
6,2226
8,2701
1,230
3,5204
1,315
7,2539
6,7889
6,1411
1,475
2,1196
2,1145
4,1449
1,338
4,1646
8,2653
6,1986
2,669
10,2167
7,2541
1,421
1,347
7,2588
2,975
1,537
4,1552
9,3237
5,1837
1,246
1,616
3,702
7,7149
1,526
10,2977
1,447
1,560
1,435
8,2839
3,20993
1,497
7,2230
4,4038
3,1187
1,282
1,347
1,656
1,447
1,474
10,3220
6,2142
1,442
2,838
3,1126
4,1342
1,458
6,1608
7,5401
3,1145
1,281
1,471
1,309
3,882
1,618
2,546
6,1924
1,541
1,377
5,1976
6,2855
1,432
6,1572
6,2044
1,462
4,960
1,357
1,516
2,940
1,521
7,2151
3,967
1,600
1,625
4,1331
7,2349
1,1016
7,2360
6,2139
4,3347
3,657
1,481
1,703
1,435
1,557
10,3164
1,478
1,528
1,15824
4,1409
6,1349
1,3567
7,2297
7,2991
3,1256
10,2846
3,1081
1,645
1,462
1,534
10,2108
6,2099
1,579
6,4028
3,840
7,2308
6,13306
3,1167
7,2544
3,1256
8,2322
6,1787
1,489
3,3044
1,405
10,2198
3,8166
5,1920
7,2173
1,505
7,2340
2,2429
1,354
3,972
1,508
2,664
6,8523
1,470
1,419
5,1722
3,785
5,1819
1,626
3,1001
1,366
7,2917
1,430
4,1254
1,3300
6,1919
10,3096
4,3962
1,512
2,1128
1,395
8,2201
4,3514
4,1623
7,2244
1,630
4,1620
1,462
5,1677
4,1377
6,2059
10,1996
6,6018
1,649
1,554
1,405
1,499
1,1523
1,502
9,3122
1,464
4,1724
2,868
1,452
1,594
5,1987
10,2214
6,1791
1,527
4,14879
4,1724
1,553
1,515
3,1201
3,1202
1,446
3,10579
4,1481
3,1016
5,1677
6,2034
6,1321
4,1275
2,544
1,486
8,7625
1,507
2,783
3,965
4,1483
1,440
3,1089
7,1773
1,488
1,446
6,12973
7,1384
1,331
2,783
4,35639
7,2481
1,673
4,2433
1,324
1,427
1,444
1,339
6,3119
8,44495
3,974
2,669
8,2093
2,609
6,2354
2,892
3,1072
1,799
2,665
1,340
8,2600
1,402
5,15658
4,1535
4,34225
1,426
1,341
10,2189
3,3757
4,1379
3,1219
3,1079
1,2184
3,38523
1,23245
1,478
1,426
1,487
7,2434
1,348
1,386
4,1358
10,3392
3,1135
6,1876
2,975
9,2987
1,777
1,2764
6,21243
3,935
1,368
1,548
8,2479
1,404
4,6387
1,496
10,3793
1,389
7,1604
4,3541
10,4069
6,3021
1,546
4,4817
7,2344
1,402
1,462
5,1506
1,352
1,466
2,690
4,964
2,7353
7,2368
2,806
6,2117
1,612
1,495
1,245
1,360
1,353
6,4080
3,2468
3,1368
1,495
1,379
2,484
1,549
8,2885
6,1918
2,1618
1,1025
3,1154
4,2391
3,963
4,1393
1,485
1,450
1,470
1,481
3,999
7,1802
1,381
4,1532
2,697
3,969
1,553
3,975
6,1471
6,1853
5,1838
1,612
4,14631
1,2722
1,484
1,468
7,2319
5,23632
4,1410
10,3726
7,6247
1,9115
2,940
6,21950
3,23054
3,1070
1,605
1,439
1,350
1,503
4,21594
10,3227
6,2070
5,1707
8,2903
7,8010
2,4744
1,401
1,22381
5,12758
3,996
5,1926
4,1336
3,1952
1,440
1,420
6,1485
2,763
3,1026
8,2928
2,922
7,2502
3,1036
6,15930
3,974
1,337
1,410
3,931
1,489
1,536
1,384
3,1241
3,1107
1,460
1,443
3,11017
4,1260
1,517
1,469
6,1842
6,26592
1,421
6,2545
3,1129
1,432
1,336
3,842
2,811
1,728
1,405
8,2693
6,1991
2,714
2,799
6,33214
2,662
3,1093
5,1550
1,403
3,4025
1,405
1,699
10,3290
4,1624
10,3588
1,545
7,2227
1,577
3,1041
4,1278
6,1737
5,1772
6,35280
5,1698
6,1914
8,2755
1,540
2,809
3,1089
1,338
9,2563
9,3297
10,3212
2,811
3,1125
6,12033
3,1021
1,425
1,385
3,5249
1,436
1,559
4,1453
1,379
1,351
6,1988
3,1171
6,2251
10,7527
4,1257
2,20780
4,1366
3,931
3,1050
6,6315
3,1076
1,688
6,1993
6,1899
1,461
10,3747
7,2419
1,398
2,765
1,482
4,1265
1,3131
6,1748
7,2230
5,1714
1,536
1,611
1,464
3,1057
4,1362
4,1672
3,926
8,3907
4,1325
1,408
3,5956
1,480
6,1797
6,2408
6,12132
3,971
1,665
1,363
6,1678
1,384
10,3544
4,3417
8,3638
6,1927
2,3698
2,4604
6,30427
3,1043
6,11744
4,2094
2,734
1,560
1,390
6,1799
1,393
9,2764
1,461
4,2170
8,2753
1,428
3,1100
1,462
1,342
1,548
3,3741
3,1063
1,683
10,12491
6,1982
1,1023
1,529
3,1112
1,578
1,350
1,412
3,1012
6,58865
2,736
4,1418
4,1332
2,778
1,550
1,424
5,1584
8,2600
4,1029
3,1154
1,347
8,11883
1,399
2,482
2,723
4,1346
3,1069
2,687
6,2103
2,25273
8,32272
3,1062
1,533
1,349
1,376
1,516
5,1653
1,422
1,436
3,937
1,385
4,1478
2,801
2,836
1,23968
1,405
1,463
2,769
1,644
3,1041
2,16371
6,1986
1,449
3,1032
1,365
2,715
2,890
2,862
2,693
7,2224
1,411
4,1254
1,380
1,568
6,1945
4,2004
4,1398
1,537
10,4062
4,12671
1,367
1,691
2,792
10,7318
6,2325
8,38644
1,393
1,494
1,631
6,3929
10,33427
6,2133
3,5531
2,893
1,534
1,388
3,1205
3,1208
1,864
1,40497
1,677
1,421
1,376
6,2416
6,1812
2,727
2,806
1,382
2,723
3,1046
4,32122
3,1272
2,740
2,694
6,1671
2,752
1,363
2,721
1,388
7,17122
6,49025
10,30141
1,364
6,2096
3,5737
1,384
2,790
3,1061
6,1926
7,2496
2,809
4,1234
1,361
1,465
5,25054
2,637
4,1286
1,375
8,2837
3,1603
1,403
10,3395
2,794
10,3878
7,2337
1,380
1,393
5,1732
1,513
3,8874
7,1985
2,614
3,1051
8,3092
2,760
1,370
2,1133
10,3180
4,1388
9,3148
8,11528
1,390
9,2340
1,387
4,9164
8,4294
1,397
3,1037
6,2159
10,11584
1,367
3,1453
4,2699
1,407
3,1045
4,23434
1,391
6,2039
1,346
1,451
1,485
5,3235
3,977
4,1501
1,633
2,1232
6,1961
2,764
4,1449
4,1590
6,2010
2,741
4,1512
1,292
2,681
4,1440
1,451
2,667
1,494
4,1507
1,501
8,5058
6,2480
8,2902
4,1364
1,1063
1,369
2,738
2,645
4,1459
2,667
1,461
10,2829
10,3742
8,3019
1,387
8,2765
8,3562
5,1851
3,1019
5,1648
1,350
3,1243
10,2539
1,411
3,1051
1,374
1,257
8,2753
6,1938
3,981
1,516
8,2759
1,478
1,393
1,428
1,361
3,1195
10,3232
1,579
9,9259
1,407
2,694
4,1232
1,337
3,1038
1,501
6,2076
9,3138
3,1098
1,438
2,697
4,2049
6,1983
2,725
9,3347
1,419
6,2069
2,772
1,2828
10,3226
1,434
5,1938
7,2445
6,1826
1,447
1,414
6,2345
10,4390
1,394
3,9496
1,472
7,2402
1,1769
8,2710
2,860
1,536
1,2801
4,1470
3,1154
2,1011
3,1073
10,7260
8,1986
1,393
10,3875
7,2213
8,2696
2,806
10,3280
3,1092
4,1356
1,518
3,6686
3,1108
4,1391
2,761
8,2975
10,3473
1,630
6,1891
1,341
1,421
1,361
6,6462
6,2009
1,404
10,3494
2,856
7,2385
2,769
2,663
7,2342
10,2278
1,344
1,376
2,742
6,2045
5,1963
4,1067
2,806
6,1866
1,550
3,1174
1,347
3,1003
3,989
7,16211
4,1134
1,336
8,2905
9,8588
1,323
1,625
9,3384
8,2424
4,1441
1,627
9,1980
1,343
7,2306
2,842
3,1477
10,3409
8,2746
7,2307
1,328
9,3010
1,474
2,897
8,2438
7,2248
1,686
1,591
6,2117
3,1268
3,1091
2,949
2,879
3,1102
7,2421
3,2014
4,7178
1,536
1,474
1,385
1,318
3,1190
10,3600
4,1297
10,3596
6,1938
1,643
4,1421
2,723
1,477
3,1340
2,742
3,8581
1,458
6,1866
2,714
4,1643
6,2049
6,35306
6,5186
4,1283
9,3451
10,3783
1,2530
1,507
6,25624
4,27406
1,10851
5,1635
4,1428
2,503
1,478
3,982
3,11447
3,4580
8,2540
4,6202
10,2375
3,1129
1,465
1,656
5,1589
1,6921
2,701
1,457
10,12562
6,2045
7,1935
1,390
7,2802
6,1891
7,5751
10,2795
3,914
3,1106
1,663
1,480
1,415
1,476
4,1300
1,247
1,488
7,6241
1,590
8,6059
8,2553
8,2970
10,2504
1,313
1,350
9,3203
4,1538
1,401
1,438
2,647
1,415
2,754
8,22913
2,886
7,7739
1,375
10,5841
8,2720
2,715
1,602
10,3614
9,2908
1,345
1,327
2,620
1,425
1,486
1,630
1,391
3,1362
10,3102
10,11168
6,2143
2,670
1,533
1,491
3,1028
1,403
1,437
10,77208
1,486
2,688
1,568
6,4021
2,926
4,1431
1,345
1,485
2,627
1,477
3,1278
2,814
8,2741
1,327
5,1736
1,476
1,542
1,466
1,527
2,790
4,1806
9,3308
1,404
2,884
1,383
7,2365
3,1921
4,6592
1,436
1,874
5,1680
1,558
1,370
4,1232
1,376
2,698
1,445
1,338
6,14106
1,462
8,3332
7,5270
2,715
1,384
4,1922
1,475
1,520
1,685
1,513
9,2960
6,2262
1,264
1,243
10,31175
1,552
2,761
9,2949
7,2330
1,431
7,4110
2,1071
3,4282
3,1263
1,694
6,2075
2,757
1,409
1,243
1,494
2,858
2,537
6,2145
3,939
1,410
9,3148
7,3010
1,476
1,1330
1,441
10,3388
5,1685
1,342
1,235
4,1527
1,416
1,449
10,3349
9,15371
10,3446
2,6966
9,3329
3,1182
1,1210
1,391
10,3461
1,444
1,268
1,341
6,2132
2,1073
9,3285
1,310
7,38046
4,1537
3,10834
7,2780
9,3400
1,993
1,446
8,8940
9,3128
1,347
1,237
10,3149
9,3068
6,1841
7,2347
6,2109
2,860
3,1242
3,1029
2,923
1,1526
1,318
8,9129
2,707
1,263
1,297
1,468
4,1549
10,3550
3,763
2,746
7,2340
9,6697
3,1147
4,1400
1,582
3,1061
9,9500
3,1117
1,361
1,238
4,5933
10,2567
8,6362
7,2776
3,1096
8,2814
10,3881
9,3718
3,1164
1,1175
2,2389
1,2504
4,1237
2,933
9,2158
8,6646
6,2283
8,3206
8,2802
8,2629
3,5272
1,431
10,3516
7,2621
2,845
3,963
1,2220
7,2147
1,257
10,2547
5,1734
9,2767
4,12059
2,983
7,2279
9,3190
3,1148
3,1204
10,3369
9,2086
2,922
1,586
3,1122
6,2349
10,2764
1,649
1,527
9,6603
1,524
3,1130
6,2050
6,5875
1,351
1,394
2,519
8,2834
1,477
1,333
1,509
8,2118
8,3049
8,4333
1,567
1,405
2,904
2,713
7,2298
3,1116
6,2486
1,349
3,1089
1,525
9,3153
3,1403
10,2838
2,819
8,12813
4,1902
1,470
2,804
3,1152
8,2533
8,19219
8,2853
9,3464
1,575
1,316
10,3283
8,2092
1,424
4,1298
10,3066
6,2430
3,1161
1,404
7,2616
7,2353
7,6553
7,2191
7,2430
2,771
4,1632
1,372
7,1866
10,2178
7,2410
2,770
1,484
1,379
9,3145
8,2422
1,486
2,1008
7,2432
8,2644
2,944
1,418
6,2062
10,3116
10,2665
3,1095
10,2777
1,621
1,511
6,2312
3,1053
1,416
1,479
3,1146
8,2972
1,614
1,371
3,1170
10,3295
2,772
9,3151
6,2347
1,451
1,393
4,1287
2,813
1,431
2,708
4,1520
9,3457
2,1259
1,292
8,3139
6,2080
5,1767
3,1127
10,3097
1,543
1,393
8,2670
1,552
1,493
9,2769
2,1049
1,530
1,423
1,447
7,2537
10,3117
1,443
2,709
7,2314
1,444
1,321
8,2613
9,2442
1,481
8,2938
1,549
3,1111
8,15772
1,369
7,6142
3,774
5,1262
10,5059
10,2407
1,430
1,601
10,3031
7,5017
1,433
4,1604
2,786
2,667
6,2207
10,2531
1,406
10,2263
4,1272
6,1995
8,2635
1,418
1,440
9,3357
4,4689
3,1007
8,2999
9,3082
10,3420
4,1075
10,2435
1,508
4,966
8,2223
3,1286
10,2372
1,470
8,3242
1,269
10,3099
1,372
8,2713
6,2131
10,2253
9,3283
10,2837
1,650
2,499
10,2344
7,2342
4,978
1,423
2,661
4,1608
10,7791
1,437
9,3906
8,2947
6,1648
10,13106
6,1981
1,727
9,2140
10,2199
8,3246
3,836
10,3612
1,495
6,2172
8,3565
1,444
10,7983
8,4722
10,2724
8,2407
10,2992
1,483
4,1043
9,3221
7,2274
1,480
1,276
4,1471
1,396
9,2810
1,474
1,537
10,13707
10,2396
2,782
10,3163
1,426
10,2185
6,2191
1,492
1,649
2,585
9,2089
1,380
1,533
8,2622
1,442
8,2767
8,2093
2,2111
10,2175
1,502
10,2850
2,871
1,504
1,720
10,2580
4,1416
1,320
6,1924
2,514
1,459
1,606
10,2716
5,1430
4,1658
1,506
10,2408
1,582
1,486
1,1304
10,3103
8,2696
1,307
3,1114
1,382
1,588
9,12046
10,2307
1,407
2,1164
1,509
10,2865
1,396
1,436
1,265
10,3020
6,2161
1,258
1,560
1,366
2,886
1,786
4,857
8,2291
3,1144
1,548
1,1016
1,464
3,1238
1,326
10,2278
1,335
1,324
1,411
9,3112
1,627
1,444
1,538
7,2943
10,2279
2,879
8,2873
1,487
1,563
1,248
8,2232
9,3129
1,310
1,319
2,848
6,2312
1,482
1,263
3,1107
10,2511
2,790
1,468
1,440
1,1112
1,264
10,2396
6,2059
1,335
1,300
10,3329
1,353
1,489
1,331
4,1397
10,2563
2,696
6,1500
1,389
1,962
1,244
2,716
2,574
1,274
1,360
8,2545
1,464
1,465
1,408
8,4194
10,2200
1,385
1,426
1,406
1,407
1,269
6,1690
10,3329
1,282
1,480
9,3164
1,507
1,513
1,383
3,841
10,2266
6,2041
1,277
1,542
1,395
2,760
10,2221
6,1867
10,2212
1,389
1,455
1,353
2,701
1,363
9,3168
8,2791
4,1395
1,287
1,595
1,352
3,877
7,1948
10,2744
2,517
1,263
9,2583
1,399
1,445
1,311
2,799
7,2810
10,3020
1,298
1,527
2,845
10,3454
10,2059
10,3613
10,2252
1,267
2,568
1,337
1,429
1,257
3,1314
1,473
8,2780
1,392
7,1729
2,1091
10,3614
10,2155
10,2928
10,2136
1,235
10,2380
7,2540
1,396
1,316
6,2321
1,396
8,6164
1,285
10,3893
10,5401
10,2878
10,2328
10,3185
10,3561
2,568
10,3590
2,622
1,386
1,263
10,16803
1,373
9,2360
1,247
10,2954
9,3662
10,2222
4,1073
8,2497
10,3248
10,2861
7,2249
10,3437
2,745
7,1520
7,4677
1,322
6,2013
1,271
10,3497
7,2585
8,3013
8,1953
10,2288
7,2313
10,2972
10,2894
10,3267
10,2685
10,3360
1,557
1,372
4,1222
1,290
6,6393
4,1350
7,2644
3,1145
4,1000
8,1761
10,2264
10,2233
10,3447
10,3564
3,680
1,585
1,248
2,716
9,1996
3,1031
8,2259
10,2432
1,510
10,2166
3,978
6,1558
10,4898
3,1177
10,2282
10,3305
7,2493
1,258
10,3354
1,373
8,3284
8,3143
9,2762
1,464
1,303
2,763
10,2452
8,1710
10,2521
7,1489
10,2222
1,453
1,265
10,3043
10,3303
10,3703
1,426
10,2771
1,277
1,275
10,3069
10,2663
10,1977
8,1910
10,2300
10,2071
1,480
1,244
10,3270
10,3296
4,1508
6,2593
10,3396
1,730
1,237
10,2257
8,1693
3,2382
10,2280
8,1963
10,3332
1,470
1,563
10,2595
8,2442
2,849
3,1220
10,2853
1,435
1,302
4,873
4,1014
1,459
3,835
10,2180
9,3886
1,1388
10,2436
10,2220
10,2770
10,3502
2,677
10,4018
1,345
1,239
10,2149
2,561
1,261
10,2792
3,855
10,3428
3,1110
10,2285
10,3091
10,2444
3,859
10,3575
1,577
1,299
1,247
10,2168
10,2310
1,247
2,1178
10,2402
10,2522
1,365
8,2346
8,1812
10,2703
2,874
10,2403
1,411
1,337
1,244
10,2140
4,837
1,356
10,2229
2,834
8,2833
1,590
10,3254
10,2297
2,851
10,3673
6,2039
1,296
1,535
1,259
8,2370
10,2416
1,370
10,2181
3,903
10,2508
1,650
10,3109
1,368
5,1152
10,3175
10,3799
1,414
1,318
1,239
6,1487
10,2434
1,291
10,3356
10,2819
10,2617
1,471
10,3083
1,317
1,602
10,2414
10,4261
1,572
10,3319
1,226
1,640
10,2178
1,288
10,2605
10,2574
1,349
6,2195
10,2110
1,252
4,1492
7,2085
8,2047
1,412
9,1980
10,3636
1,517
10,3389
1,308
7,2255
10,3328
10,3420
1,432
2,658
1,234
9,3313
8,2021
10,2302
1,258
10,3882
7,1948
1,280
8,2055
1,284
8,2382
8,2248
10,3373
4,1501
2,617
1,290
10,2225
1,456
10,2426
1,257
10,2647
10,3384
1,313
6,1726
1,288
1,468
7,2094
2,742
6,2198
4,1095
1,259
10,3495
1,302
4,1249
1,371
10,3315
10,2209
1,362
1,455
2,713
1,301
10,5819
1,537
4,1788
6,1293
1,307
10,3969
1,324
2,637
1,278
10,2474
10,3656
1,349
1,389
9,2850
1,263
1,413
1,456
4,1225
9,2086
1,368
5,1627
1,266
1,343
10,2133
1,584
3,1107
1,262
1,548
10,3004
1,529
1,344
1,324
9,2201
10,2114
1,356
9,3198
1,275
1,422
5,1379
10,2778
9,2705
1,264
1,267
4,1433
1,342
1,310
1,259
6,1472
10,2097
1,263
1,482
1,449
1,383
4,1590
1,354
10,3526
1,357
1,238
10,2405
1,380
1,316
1,363
10,3339
8,2444
2,736
6,2168
1,441
1,415
8,2808
5,1073
8,2608
1,255
1,258
10,3290
1,267
1,381
1,331
6,2103
6,1816
9,2748
1,389
1,368
1,378
10,3310
5,1735
10,2853
10,2103
1,247
1,397
1,323
1,348
1,604
4,1284
4,1494
4,911
1,385
1,374
1,366
10,2286
6,1468
10,3328
9,1925
1,352
8,2705
1,278
1,648
1,441
10,2417
1,319
10,2093
1,428
1,359
1,354
5,1441
10,2542
10,2432
10,2430
1,240
6,2686
1,258
1,262
6,1593
2,716
1,364
10,3170
1,408
1,546
1,353
6,4723
10,2649
10,3320
10,2176
1,252
9,1943
10,3354
1,268
1,283
10,2410
1,365
10,2118
1,420
2,501
1,364
2,759
5,1643
1,535
10,2894
9,2024
10,2654
9,1959
1,303
1,371
10,2597
1,366
8,2547
1,407
10,3046
1,290
10,3280
9,4297
10,2256
10,2668
10,3286
10,3293
10,2310
10,2360
6,2172
6,1631
1,725
1,525
1,263
10,3496
8,1899
10,3607
5,1945
2,695
10,3488
10,2428
10,3240
10,2177
10,3475
4,1349
10,3017
1,382
6,1463
1,427
9,3273
10,2895
10,3544
4,1766
1,503
1,530
10,2165
10,3154
10,3381
10,3153
9,3109
10,2260
1,356
9,1911
7,2340
8,3337
10,2834
10,3361
10,2728
8,2124
5,1281
8,1637
10,2581
10,2842
10,3268
10,2224
8,2382
1,320
10,3334
1,362
10,3729
10,3477
8,2894
1,503
1,309
1,477
10,3319
10,3169
1,259
10,2386
10,5287
10,3361
1,282
10,3404
1,547
10,3618
10,2194
7,2733
1,427
1,345
4,1561
10,2958
1,489
10,3091
10,2417
4,6179
4,1356
1,340
10,2914
3,1775
10,3605
10,3158
1,549
1,390
1,293
9,2510
1,463
10,2132
1,572
10,2172
1,455
1,462
1,507
10,3315
10,3445
2,814
9,1999
9,2927
1,834
1,251
10,3607
2,792
1,562
4,1298
10,3639
7,2221
1,310
10,3549
10,2414
10,3263
2,844
10,3366
10,2163
1,621
1,285
10,3015
1,471
1,456
5,2141
2,900
10,3429
1,336
10,3412
10,2451
8,8833
7,2565
10,3106
10,3491
1,538
1,242
5,7116
6,2120
1,391
9,2711
4,1595
6,2120
1,239
10,3240
1,335
6,18942
6,2345
10,2928
3,1113
1,567
1,244
6,1928
4,1137
1,512
10,3522
5,1758
10,3590
1,601
6,6397
10,2013
10,18523
9,2139
10,2527
2,1017
10,3651
1,256
9,8037
10,2220
1,361
10,3461
9,2112
10,4001
1,449
10,3295
1,491
10,3341
9,2837
8,2529
1,314
1,823
1,249
10,13499
9,3060
1,399
5,2147
10,3506
10,3462
1,316
8,2695
1,399
4,1758
6,2260
1,405
1,381
1,330
5,1692
1,3106
10,3133
1,568
6,2244
8,3181
3,997
1,296
10,3368
1,330
2,1081
8,2935
10,2416
1,393
1,364
2,501
1,616
9,1968
1,418
9,2656
10,3101
8,1798
1,313
4,1651
1,294
2,863
1,403
10,2067
1,285
9,2234
6,1557
1,599
6,2087
1,450
1,536
5,1879
10,2533
1,351
2,764
1,264
10,3410
1,520
2,802
1,339
10,3846
10,3435
1,518
4,1256
1,464
1,551
1,385
4,1466
10,2414
3,1039
1,407
2,811
1,445
1,359
1,288
10,3932
10,2106
1,407
1,382
1,513
1,392
1,559
1,496
4,946
2,824
1,1839
10,3296
1,519
1,303
1,311
8,2761
5,1744
1,384
1,477
5,1396
1,393
1,381
1,391
10,2583
10,2059
1,510
10,3062
1,314
1,239
1,324
10,3664
4,1503
1,551
1,625
10,3351
1,260
1,355
1,527
10,2192
10,2960
1,653
10,2737
1,387
1,332
1,280
1,729
7,2513
1,317
1,421
4,1352
1,313
1,384
1,496
10,2871
10,3289
1,525
10,3414
4,1551
1,247
1,279
10,3339
10,3374
8,2926
1,373
10,2660
1,353
1,385
2,730
10,3619
10,2311
1,481
8,2126
1,342
1,418
3,767
2,1297
6,2314
1,491
1,397
9,2278
1,427
6,19391
1,343
6,1657
7,2711
5,1363
1,588
1,389
1,408
7,1658
2,690
10,7638
1,447
1,467
5,1150
1,382
1,391
1,291
10,3121
8,1917
4,1206
1,524
1,382
1,314
2,716
5,1622
8,3145
1,321
1,490
6,2030
1,441
1,375
1,340
9,2209
1,471
9,3049
1,548
1,638
1,314
10,3166
10,2245
10,3654
9,3224
1,367
10,2835
1,312
1,358
1,371
10,3810
1,391
10,3310
1,269
1,434
1,258
10,2823
10,3684
3,1047
10,6646
1,358
7,2177
7,2059
1,409
1,391
10,2742
1,375
9,2565
8,2761
4,1420
1,228
10,2876
8,2615
10,4606
10,3479
1,418
10,3400
7,1683
1,430
1,422
8,1840
1,357
10,4050
1,347
1,606
9,2119
7,2691
10,2526
10,3257
10,3761
7,1499
10,3133
10,3229
9,3997
8,2131
10,2967
1,383
1,601
1,327
1,512
6,2009
3,755
10,3445
4,1428
7,12074
10,2289
10,9934
3,5869
10,3598
10,2319
10,3467
1,309
6,2025
1,408
1,528
8,2482
8,1808
8,2676
2,759
2,673
10,3600
7,16360
10,3253
7,2353
2,680
1,705
1,329
5,2163
1,493
4,1686
10,2232
2,719
5,2075
1,383
1,398
6,2203
3,1102
8,2776
8,2662
10,2571
10,2329
1,361
9,1953
1,473
7,2536
10,3093
1,631
1,476
1,288
10,3436
10,3510
8,2588
10,3739
10,3707
10,2426
2,612
1,354
10,2852
1,409
3,1293
4,1501
3,969
2,973
1,278
3,1221
10,3294
10,9930
3,994
1,477
10,3157
1,510
1,374
10,3601
10,2580
9,3465
2,531
7,1936
1,474
1,256
10,2619
3,1361
10,3666
10,27982
10,11321
2,982
1,406
10,2252
10,12819
1,413
5,1782
7,1626
8,1827
1,406
1,265
3,707
10,3246
3,1291
10,3286
10,3135
1,496
1,348
2,906
10,6756
10,3694
6,1939
10,2896
10,2895
1,255
1,258
2,463
4,1828
1,517
2,2096
3,2042
10,3844
1,328
1,477
8,4080
10,29523
6,3749
10,3345
10,3276
1,250
10,2265
10,2984
3,956
1,391
2,1355
2,946
10,3486
1,510
8,3088
10,10878
10,3026
3,1185
10,4056
10,3295
1,280
1,430
10,2797
10,2400
2,694
2,726
10,2282
10,3892
1,400
9,3029
1,501
10,36392
10,3543
10,3486
10,3387
1,238
1,231
10,3166
2,496
1,350
10,3264
3,821
8,2952
1,578
10,3109
10,2922
9,55237
10,3808
6,1998
10,3500
1,249
1,236
10,3244
10,3170
1,423
10,2821
2,1114
9,6641
1,434
10,3329
1,676
10,7231
10,3280
10,3832
10,3351
1,261
1,232
7,2445
10,2968
1,396
10,3448
10,2339
10,3556
1,529
10,3469
1,935
2,792
8,2615
8,2631
10,3129
1,306
10,2865
8,1856
10,2912
1,402
10,2632
10,3331
10,3483
1,395
10,2589
1,546
2,862
7,2853
3,1004
1,595
1,286
10,2175
1,369
7,2579
1,392
10,3181
10,2937
10,3308
9,2837
3,1125
2,904
6,2241
4,1611
10,3281
1,459
9,2254
10,2356
1,334
10,3267
1,284
8,2643
7,1840
1,593
4,1303
2,676
1,424
9,3767
5,1363
4,1432
1,360
2,671
8,1926
1,261
10,8341
1,302
8,2874
10,3268
1,421
9,2014
6,2028
1,476
9,11823
4,1670
2,728
1,674
10,3430
10,3190
1,235
8,6523
1,259
1,427
8,7316
1,970
10,2527
9,2929
1,415
1,624
2,872
1,640
1,417
10,3643
10,3453
1,228
1,662
3,700
1,507
1,438
10,3145
10,2826
9,2909
1,366
8,2867
6,2124
2,860
1,394
8,2713
2,705
1,247
1,502
10,3285
1,393
1,353
10,3201
1,588
6,2015
1,413
7,6942
3,1147
1,379
1,331
10,2959
1,388
1,260
1,263
10,3126
1,452
1,475
1,454
10,3435
7,2305
1,415
6,6935
6,2059
1,495
1,349
10,2428
2,778
1,233
1,291
2,703
1,462
1,403
1,457
6,2201
1,463
1,366
10,22487
6,2116
1,329
1,334
10,2677
10,3461
1,231
1,261
10,3301
1,435
1,423
1,270
1,537
1,463
2,676
1,640
8,2792
1,304
1,367
2,785
10,3432
1,291
1,261
10,3788
1,400
1,255
1,346
10,3372
7,8886
10,3333
1,579
5,1752
1,495
3,1301
2,3050
10,3568
1,391
1,291
7,2308
1,406
1,253
1,409
7,2300
1,486
2,499
4,4486
7,2711
1,357
1,629
6,1888
9,2805
2,517
1,293
8,1965
1,394
1,375
1,414
10,3057
1,617
10,2932
4,1321
10,7323
1,394
6,2275
9,3034
8,2595
10,3258
1,243
2,556
1,417
1,243
1,530
10,3313
1,427
10,3437
4,5474
4,1328
1,306
7,2642
10,3226
10,3322
10,2786
1,319
1,257
10,2751
1,287
6,2091
6,1985
1,465
10,3625
1,557
1,589
1,389
9,2982
9,6369
10,2309
10,3585
1,488
10,3578
2,1071
1,381
2,695
10,4153
1,433
8,2422
1,520
1,599
8,2215
6,2721
7,3653
10,3424
10,3621
2,661
10,3523
10,3455
10,2716
6,4290
8,3464
4,1308
8,2637
1,574
4,2502
10,2944
7,2389
6,6423
1,587
9,25186
1,380
8,2555
10,3563
10,2541
9,3020
3,1157
1,347
1,386
1,515
2,1473
10,2671
7,11649
8,26051
1,399
10,22219
10,3103
9,3687
8,2831
9,3332
10,3304
10,3281
1,357
2,597
1,485
1,529
10,2147
1,559
1,452
1,425
8,25863
10,2972
10,4296
10,3430
10,3741
4,1443
4,1413
1,344
10,2544
1,558
1,557
10,2999
3,1108
1,559
1,425
3,1069
10,3376
10,14920
10,3712
10,18601
7,2381
1,576
1,463
10,3402
1,519
1,634
10,3223
1,539
1,707
6,3245
2,613
10,3693
10,10423
10,2319
10,7148
8,19387
1,558
4,1367
10,3955
1,465
1,533
2,891
4,1419
4,2181
1,343
9,2880
8,2870
10,6298
2,976
10,8120
2,2680
1,330
1,410
9,3089
6,3031
5,1816
1,553
4,1660
1,3012
1,379
6,1887
9,2912
1,574
2,703
10,3056
4,1362
1,355
1,453
10,3356
1,705
1,374
10,6512
2,829
1,531
1,418
9,2631
9,3024
1,393
6,2164
3,1146
1,315
1,398
1,446
10,34882
1,465
1,664
10,3513
9,3429
1,374
1,453
7,2047
3,1235
1,471
9,3198
2,1013
1,549
1,439
5,1647
1,393
8,2821
1,402
8,3314
4,1495
4,1372
1,355
7,4405
2,710
1,406
10,3367
6,2052
1,581
1,421
2,883
8,46435
9,3396
1,400
10,8845
9,2793
1,7223
1,653
1,460
6,2414
1,455
10,3237
9,3038
4,1382
2,744
8,2613
10,6703
3,1235
1,362
10,8182
3,1225
1,437
2,774
6,30664
9,2991
1,559
8,2677
10,3305
9,3136
1,373
10,3496
1,343
10,3530
5,1847
9,12625
10,2736
9,12801
4,2283
1,347
10,3617
1,517
7,4449
6,1928
3,1085
1,430
10,7742
1,473
6,2113
2,860
10,18649
5,1810
1,434
4,1577
10,49729
10,3535
1,374
6,1872
7,2570
9,2228
1,353
9,2871
1,413
1,440
5,2069
10,19507
6,2103
1,531
9,4169
4,5813
7,2363
1,430
1,426
7,2379
5,1674
5,1756
3,886
1,384
2,1141
3,1164
1,643
6,2397
1,599
10,3376
1,402
6,2033
1,407
1,394
1,361
6,2531
10,2403
9,2955
1,292
8,9244
9,2197
1,743
1,619
1,397
6,2027
1,416
7,4966
10,2835
1,453
1,522
10,3053
8,2553
5,1704
1,459
7,2762
5,1852
2,1025
8,2958
1,480
7,2301
1,385
1,483
2,764
4,1442
1,424
6,5252
10,2088
10,3459
1,415
4,1412
7,2399
1,374
7,2461
4,1572
6,40109
1,380
4,1637
3,952
1,401
1,522
1,534
10,2613
6,2193
1,363
2,2153
5,1677
1,445
5,1605
1,551
1,442
1,362
1,5039
9,2975
1,400
1,447
8,3058
10,2186
1,478
1,426
3,1412
8,2803
1,470
1,507
1,506
4,1325
4,9141
4,2774
8,2704
1,375
4,1201
7,2485
5,1466
8,2685
2,696
3,1252
5,2091
1,385
4,1426
3,1182
1,319
1,332
1,466
7,2239
1,378
1,344
5,1904
2,936
7,2361
2,776
7,3555
7,1875
1,418
2,764
5,1691
1,593
1,356
3,1340
6,36861
1,374
1,380
4,1515
2,10847
4,1535
6,2016
6,1999
5,2067
1,469
1,338
10,6081
4,1588
1,602
1,455
7,16159
1,602
1,526
1,545
10,7322
2,779
9,3074
8,2615
3,1186
8,2644
1,469
6,1941
9,2886
1,363
1,388
1,449
4,1389
4,1359
1,490
1,2204
3,1270
10,12852
5,1278
10,10931
2,713
1,495
9,22470
2,842
1,328
1,562
4,1312
1,359
1,382
1,586
10,3501
3,1083
8,2449
1,520
1,577
6,1974
1,414
7,2512
9,3230
1,346
1,485
1,321
1,733
1,448
1,730
10,3523
6,2057
6,2002
7,2626
3,1269
1,340
1,465
8,2913
1,410
1,349
1,538
1,320
1,525
1,419
1,2051
10,3589
7,2444
7,2151
1,868
4,1850
1,525
1,402
5,1695
5,2151
4,1894
1,419
2,865
1,621
1,479
1,511
8,2562
8,2669
4,1438
7,8282
3,1150
9,2801
1,384
2,880
6,2453
9,3151
1,479
4,1313
6,2136
4,1363
3,2582
9,3341
4,1359
1,304
3,1007
10,2309
10,9929
1,365
6,2068
6,10244
8,3252
1,26154
8,4939
4,1365
7,2436
1,614
10,11804
7,2404
4,1431
10,3312
9,2862
7,4190
1,477
3,928
10,13381
9,2716
4,1431
3,1116
3,1135
3,1039
1,614
10,27887
7,2519
1,421
1,590
7,2291
10,23354
3,1148
6,1974
8,2136
6,1891
8,2863
9,2807
9,3096
10,3410
2,1144
1,507
1,360
1,519
1,677
7,2452
1,349
2,746
7,8537
5,1831
10,3176
7,1918
10,7430
10,3200
5,1598
1,683
1,3914
10,3288
4,1417
4,1435
10,3129
4,1418
6,2195
8,2621
8,25066
5,1494
1,349
5,1575
4,1432
6,1884
1,624
1,428
1,380
8,2782
1,599
6,2056
1,478
7,2844
5,1771
4,3143
6,1926
1,508
6,2134
5,1558
6,2105
7,2780
1,452
1,584
3,1106
2,1040
1,536
1,497
8,2624
4,1396
2,814
1,437
9,3196
6,1996
6,1947
7,2447
6,20236
1,462
3,1127
4,1266
5,1881
1,388
4,1431
7,2493
10,3075
1,455
2,894
5,1751
2,885
8,3161
3,934
7,2383
1,398
1,333
5,1922
1,763
1,310
9,2908
8,2609
3,1090
7,2461
5,1574
6,2098
7,2256
7,2294
8,3151
3,1005
1,444
1,416
9,3263
5,2022
1,294
2,776
3,1053
7,4342
1,397
4,1291
6,1988
8,2428
5,1822
5,1816
8,2537
1,579
1,472
2,645
1,831
1,387
9,3184
10,3152
1,506
1,461
7,2450
10,16466
5,1508
2,794
4,1443
10,3739
1,491
4,1239
6,8406
1,558
1,433
5,1905
1,695
2,2066
1,460
3,1088
2,778
1,397
4,1603
2,873
4,1384
1,701
2,716
10,3976
1,484
1,402
6,5054
4,1427
4,4468
1,408
7,6924
5,1809
4,1865
2,724
5,1740
3,1190
4,1411
2,645
8,1949
1,575
1,289
1,445
2,687
1,542
1,454
6,2041
4,23097
1,540
7,2280
3,1146
7,2441
9,3117
6,2644
6,2109
2,917
1,260
10,5615
9,2968
7,2254
1,383
8,3039
7,2916
1,375
6,2103
3,1353
2,821
6,6068
1,632
5,1277
5,1918
1,266
8,2581
2,816
1,256
1,446
5,1930
3,1324
1,459
8,2578
7,2363
1,533
9,3245
1,422
1,456
9,2308
2,722
6,11780
5,2794
1,438
1,412
7,17599
6,4989
1,365
5,1222
6,5358
2,675
10,15568
1,530
1,463
7,2650
10,3308
8,3005
7,1601
5,1658
3,3634
3,981
8,2795
1,393
6,2039
8,3133
1,499
6,2610
1,481
7,38940
3,1017
10,3268
5,1663
3,1119
1,328
1,331
3,934
7,6830
1,450
8,3076
5,1748
7,2338
6,1990
1,360
1,406
8,2757
10,3413
4,1456
8,1729
1,526
3,1116
2,654
5,26915
2,697
10,9996
7,2304
5,1575
1,741
8,2690
1,427
7,2232
10,2158
1,475
7,2837
1,447
6,4602
4,1444
4,1793
1,384
1,573
1,588
3,1088
1,461
2,872
1,430
1,506
8,2626
1,473
8,2628
2,755
3,12653
10,36525
1,413
1,428
3,1176
7,2376
9,2755
4,1992
7,1722
1,350
3,1035
10,2914
1,619
5,2409
1,510
5,1861
1,398
7,2464
1,456
1,553
1,508
8,2918
4,2431
3,1116
1,695
8,2433
10,2363
1,451
8,2817
1,458
8,2661
1,385
3,1606
3,1266
1,577
3,1411
7,5027
1,487
9,1948
2,707
7,2061
10,2333
1,464
3,1098
1,472
7,2825
5,1816
2,9599
6,2239
1,459
10,3457
5,1736
10,3775
8,2790
1,364
3,1139
1,555
1,421
7,2482
2,751
7,2507
1,2967
3,3383
10,3502
1,509
1,445
9,2951
4,1420
7,5425
1,468
2,650
7,1868
2,1122
2,795
5,1784
4,1421
3,1083
1,904
6,1948
1,387
1,502
8,2689
8,2779
8,3333
1,364
1,475
1,552
1,1632
3,1283
3,753
2,634
1,332
10,11990
8,5820
4,1356
1,474
3,994
3,1363
3,960
6,5009
3,1025
4,1313
6,4363
1,355
3,849
5,1689
1,5336
5,2094
4,1065
1,1879
1,443
7,2267
9,2708
7,2620
7,8398
3,825
10,10250
1,582
1,342
8,2759
1,602
1,499
1,470
4,1465
1,457
2,4600
1,568
5,1372
3,1053
3,1030
5,1609
10,2942
1,599
1,326
8,2536
5,1996
1,542
1,617
7,9412
2,18040
1,497
3,1615
6,1845
2,564
6,2110
10,2792
9,3173
1,660
1,399
8,2649
2,740
1,452
1,512
2,936
1,583
4,1656
1,475
6,1855
3,1035
5,1617
10,2932
3,1357
6,2029
2,495
8,2285
2,2528
2,663
2,760
6,2007
1,667
1,431
1,491
2,836
1,340
4,1431
9,3262
9,3072
8,2480
1,291
5,4006
7,2785
1,620
1,400
4,1408
5,2037
1,548
1,356
7,2390
5,2549
10,2982
7,2185
1,405
7,19185
1,495
7,2342
3,1195
2,619
1,412
1,444
2,990
1,390
1,363
1,514
10,2871
7,2306
1,596
1,379
4,1220
1,386
2,853
2,815
1,523
1,260
2,757
7,2432
2,942
1,432
8,12936
10,3087
3,1039
7,2519
1,400
5,1626
1,378
2,962
9,3374
5,1212
1,443
5,1243
2,769
2,765
2,806
4,2238
7,2379
4,1975
1,417
1,261
10,3400
1,458
3,1101
7,2840
1,574
8,2607
7,2255
2,931
5,1818
1,533
5,1689
9,3163
5,1140
1,578
1,403
3,1176
1,561
1,538
8,3123
7,2158
1,765
3,798
5,1853
7,1660
1,339
1,410
10,3208
2,768
1,471
1,401
4,1386
1,450
3,1119
5,2059
7,2195
2,850
9,2004
3,1211
3,849
5,1408
1,457
1,601
2,799
5,2025
1,369
2,746
3,781
5,1661
8,2350
9,1958
5,1592
8,1970
5,1627
8,2981
1,461
1,416
10,4006
5,1918
10,2925
1,608
5,1602
5,1775
10,2278
3,1031
8,3870
1,447
7,2273
8,2873
8,3062
1,341
1,412
5,5237
7,2303
1,295
1,267
2,810
10,3379
10,3168
7,1851
8,2490
7,2210
8,2649
3,1070
5,1656
3,829
1,565
1,507
3,936
1,335
1,614
2,872
10,3064
7,2615
8,2664
7,6377
8,3172
8,2665
8,2898
7,4936
10,3589
1,559
1,1047
5,1606
1,474
3,1285
2,770
9,2986
9,2382
3,1186
5,1711
9,3024
3,980
8,2558
8,2611
5,6794
2,742
1,407
8,1953
1,439
10,3232
5,2446
7,2050
7,2126
1,661
3,862
7,3411
5,1717
5,5554
3,842
10,3379
1,357
1,356
8,2833
1,389
10,4256
7,2386
10,3347
10,3644
1,430
3,1249
2,855
7,2330
7,1948
7,1715
10,6192
1,530
1,292
8,2614
1,274
10,3792
3,1182
2,810
5,1953
1,305
3,1137
5,1821
1,375
5,1966
3,1312
7,2729
1,484
1,273
8,2996
10,2660
10,3357
8,2768
5,1438
1,563
1,273
1,593
8,2518
2,758
3,822
2,884
10,3424
3,1072
1,386
5,1696
5,1283
7,2328
8,2941
8,2048
1,440
1,286
3,1102
3,1317
1,310
1,486
3,1421
2,678
6,2161
1,292
3,1168
10,2666
10,3173
8,3187
5,1427
1,367
1,289
5,1756
3,1132
1,365
3,1084
3,895
10,3218
7,2158
1,407
5,1374
10,2221
10,2466
7,2265
10,3281
1,399
1,366
10,2882
3,1464
1,397
5,1586
1,464
5,1294
8,2703
10,3659
7,1648
10,3006
10,3387
8,2632
10,4644
1,402
10,2482
10,5804
1,459
3,1017
10,3442
7,2476
10,3330
5,1775
2,610
1,326
5,2014
2,868
5,1691
10,2113
1,276
1,259
7,2205
3,1080
1,420
10,3473
5,1889
10,2585
7,3607
5,1838
1,478
10,3265
10,3075
3,1043
10,2336
1,266
1,268
9,3010
4,1426
1,446
7,2321
10,2864
8,2731
10,3591
10,2359
2,700
10,3104
1,447
7,2310
5,1309
1,324
1,563
7,2303
10,11039
1,423
9,2005
10,3232
10,3165
3,1265
10,3045
1,417
1,369
10,4632
1,467
10,5695
1,271
1,483
10,2726
7,2238
1,383
7,2556
7,1762
10,2914
2,1045
8,1683
1,617
7,2108
10,3415
3,825
10,2535
1,393
3,1104
5,1933
10,6480
1,436
1,386
9,2528
5,1677
2,972
5,1182
1,418
4,1464
8,3030
1,451
1,397
10,2387
3,1086
1,490
9,3022
2,664
10,2904
1,538
10,2158
4,2268
10,2433
1,372
10,2605
9,3285
2,621
1,248
9,2035
5,1737
1,302
7,2556
1,360
5,1571
1,435
1,394
5,1561
10,2161
1,397
1,385
1,682
1,374
1,265
5,1686
10,3409
1,292
10,3319
3,981
1,428
1,389
1,410
2,925
7,2428
1,381
10,3166
1,668
1,317
1,474
10,2447
7,1766
1,359
6,2116
1,313
1,331
5,1912
1,304
8,2766
1,369
1,355
10,3117
1,744
1,493
1,378
10,2626
9,3108
1,372
1,418
5,1369
1,396
1,395
1,323
2,972
1,360
1,374
9,2889
1,428
1,460
1,453
10,2507
7,2496
1,318
1,419
10,3035
1,405
10,3407
1,230
5,1583
10,2204
2,768
3,1051
1,682
1,450
1,524
1,585
5,1520
1,326
1,350
10,2604
1,353
1,303
1,235
7,2380
10,2759
1,552
1,390
1,732
1,534
1,469
5,1596
2,552
1,236
1,350
7,1906
1,309
1,417
1,339
3,1011
10,2447
3,1148
1,305
1,1510
1,419
1,256
10,2188
5,1766
1,241
1,378
9,2048
1,282
1,390
1,361
8,2846
3,1000
10,3222
1,260
1,618
1,380
1,447
7,1646
10,2371
1,286
1,405
10,3215
1,358
1,392
1,241
8,3178
9,2618
4,1262
6,1945
1,604
1,359
1,371
1,259
10,2241
10,2096
1,254
5,2084
1,369
1,249
1,252
5,1612
10,3411
10,3030
1,336
1,590
3,1192
7,2818
1,520
10,2054
2,455
1,315
2,692
10,2271
1,452
10,2280
7,15162
1,478
9,2954
1,389
4,1737
9,2263
1,452
4,1197
10,2310
5,2209
1,294
5,1406
9,3026
5,1363
7,1683
8,2702
1,406
7,2287
1,405
1,552
3,790
10,3432
10,2505
9,2013
10,2691
1,311
10,2464
5,1628
10,2115
1,404
3,787
1,456
10,3176
1,361
9,2163
10,3351
10,3144
10,3293
8,1634
10,2129
9,2010
10,2235
10,3406
10,3300
10,3295
7,2565
9,4050
6,4129
9,2856
9,2821
10,6358
10,3945
10,2099
10,3210
10,2067
5,1133
10,3287
10,3175
10,3301
10,6514
1,526
1,413
9,2205
1,349
10,3762
7,2498
3,943
3,1137
5,1181
8,2669
10,2265
8,2083
10,3326
10,2509
10,6128
1,604
1,399
5,1166
1,345
7,1784
7,2613
9,3403
9,4213
1,721
5,1310
10,3408
10,2302
10,3299
5,1754
3,896
1,463
1,387
10,3166
1,350
6,2015
10,3762
4,1110
9,3056
1,368
10,2167
10,2486
10,2493
1,357
10,2810
9,3343
1,436
1,478
10,2475
10,2799
9,3505
9,3120
6,1446
1,448
1,338
7,1620
10,3435
5,1169
5,1288
10,2944
4,1044
1,405
1,346
10,3310
7,2004
1,562
5,1415
10,7106
1,395
1,334
1,468
1,680
10,2387
7,1662
4,1183
10,2633
1,516
1,278
10,2259
10,3378
10,9490
10,3076
10,3499
1,401
1,312
4,941
10,2505
1,666
1,575
7,2429
7,1729
3,1303
1,279
10,2774
10,3636
1,376
10,2602
10,3159
1,462
1,249
1,355
5,1381
1,447
1,564
1,387
10,2677
1,575
10,2610
1,509
10,6882
3,1226
10,2181
10,3414
1,638
1,240
10,2429
7,2604
1,418
4,1402
6,1697
10,2850
1,556
4,1478
5,1906
3,1048
10,2921
10,3031
10,3050
1,501
1,228
10,2403
1,401
1,471
10,3695
1,540
6,2086
1,402
7,1813
10,2779
10,2887
2,870
1,253
3,1206
1,272
1,255
10,2206
4,1628
1,486
10,2838
10,3339
10,3233
1,696
10,3305
1,431
10,3267
8,2849
10,3345
7,2567
1,903
1,281
3,1248
1,422
1,432
10,2254
10,3515
10,3335
2,768
6,1403
1,312
2,826
6,2167
5,1997
1,394
1,606
10,2723
9,2300
10,3330
1,453
3,973
10,3334
3,798
3,1274
10,2155
1,327
10,2552
10,3429
10,2322
1,373
1,637
1,250
6,2256
10,3324
1,358
9,2322
3,1121
10,2299
1,479
3,1073
1,297
7,2505
10,6662
1,502
1,255
10,3633
1,262
9,3026
10,2887
1,350
9,2209
9,3033
1,379
3,1176
10,5268
1,290
10,3631
8,9804
1,363
1,254
8,2861
7,1568
1,488
3,807
1,243
1,446
1,449
1,338
5,1965
10,3326
1,290
1,409
2,821
1,349
1,333
7,2663
4,1042
1,274
9,2834
1,336
1,387
1,458
1,438
10,3617
7,2829
1,243
10,3777
1,390
1,256
1,481
10,3447
10,3355
1,256
9,2617
1,435
1,318
1,433
1,462
7,1824
2,882
1,407
10,3672
1,441
1,247
1,392
10,3377
10,3276
1,267
1,511
7,2619
1,433
9,3027
1,504
9,2957
1,553
1,268
8,3228
1,363
1,404
1,577
10,3437
9,2545
1,253
1,674
9,2775
1,382
1,347
1,380
7,2522
10,3134
1,333
1,469
4,1638
1,414
1,552
2,552
3,1203
1,369
1,471
10,2645
1,372
1,634
1,379
10,3613
10,3563
1,352
1,408
1,572
1,277
1,821
6,2124
4,1272
1,422
1,241
10,2735
1,345
1,512
1,400
5,1424
3,1122
4,1774
1,737
1,517
1,242
7,2364
3,1343
1,473
1,256
1,314
3,729
1,280
1,297
1,445
5,1583
10,3066
1,508
3,1236
1,447
1,375
2,736
10,2255
6,1713
1,250
1,277
9,2786
1,316
1,266
1,728
9,2178
8,1859
6,2139
1,397
1,567
1,354
9,3210
7,2431
7,2220
1,453
1,245
10,3317
1,356
1,337
10,3864
5,1469
1,483
10,3344
1,299
1,1767
7,2411
1,479
2,739
10,3040
10,2795
1,385
4,1423
10,2690
1,312
10,3286
10,3220
9,2881
10,3338
9,14207
1,502
9,2944
10,3286
1,573
10,3198
4,947
1,266
1,507
8,2986
7,3020
1,430
10,3195
1,573
9,3044
1,16473
1,491
4,939
10,7188
8,2738
10,7594
7,2710
1,252
7,2082
7,2107
10,3472
10,6770
10,2360
1,540
9,2549
1,351
3,2702
1,283
8,2593
10,2723
9,3058
10,3399
8,2129
10,2665
10,3954
10,3450
10,2257
10,2363
1,519
4,1005
1,384
3,1211
10,3066
3,969
10,2175
10,12916
10,4005
7,2009
10,3529
10,4714
10,3441
9,2849
1,493
1,468
8,2792
1,660
10,3491
10,3368
10,2857
10,2327
6,1988
10,5505
10,3205
10,3127
10,3492
10,3386
2,829
10,2911
1,527
7,2583
1,556
1,417
3,1043
9,7328
3,972
9,3044
6,2151
10,3205
6,1938
10,2942
3,1208
1,508
10,2244
1,432
10,3332
1,615
4,1614
9,3164
2,859
8,1993
3,1139
3,1234
6,1519
10,2084
2,650
10,3348
3,1142
1,511
1,362
6,1763
9,2248
9,3045
8,1767
8,2648
9,3030
1,673
10,3628
10,3629
9,3070
3,1192
10,9373
9,2382
1,376
1,390
10,3427
3,1209
7,2455
7,2164
3,1347
2,579
1,483
7,2421
10,3509
10,4031
6,2095
7,2087
9,3035
1,391
9,2814
10,3250
1,378
7,3188
10,3719
1,408
1,549
1,436
2,868
2,1004
3,7283
10,3487
7,2423
10,4305
1,292
1,447
10,3492
9,2389
9,3262
10,8108
9,2757
1,504
1,1047
1,518
10,4419
1,436
2,768
2,777
4,1228
1,256
2,839
10,3423
10,4227
6,2050
10,3363
10,3218
1,664
1,440
7,2240
3,1160
1,410
1,890
3,1461
8,2518
1,359
1,529
2,781
7,2888
7,2286
10,3457
7,2575
1,600
1,507
10,3435
7,2861
1,307
7,2727
1,518
7,2235
1,350
3,1029
3,917
1,558
3,1208
2,1073
4,1414
1,836
1,457
10,3553
2,927
1,305
10,3435
10,11685
9,2831
1,323
1,352
10,3561
7,1887
5,1844
3,1470
7,2527
1,569
1,402
10,3327
1,726
1,247
10,6384
10,3882
1,468
1,374
10,3715
1,494
9,3205
5,4315
10,8586
9,3272
10,3770
1,472
3,1174
8,2124
1,259
10,12707
10,16537
7,2639
1,325
4,1294
1,359
10,3801
6,5429
10,3256
10,8896
1,610
10,3576
8,2171
10,3454
1,260
8,2080
3,1050
1,492
7,2459
7,1501
1,418
3,3280
1,8360
2,984
1,440
1,559
1,448
3,1077
10,3968
1,254
9,3828
8,2804
6,1847
1,348
8,2403
1,402
2,644
9,3072
1,495
1,323
1,482
1,383
9,3179
10,6902
1,282
3,1203
1,545
3,1175
4,1151
9,2791
1,373
5,1925
2,870
1,363
9,11286
1,563
2,1104
1,541
3,1233
1,245
1,351
9,3074
1,381
1,468
7,2459
1,273
10,3165
1,483
1,337
3,1395
3,1325
10,3520
1,401
8,2700
1,478
1,598
1,410
1,589
10,3399
6,2069
1,259
8,2685
8,2923
1,321
6,3116
6,1750
8,3001
1,640
9,2851
1,448
1,611
1,1318
1,456
10,3377
3,1105
1,521
6,1749
8,2218
1,391
1,498
9,2654
10,3426
1,427
2,738
10,3157
1,477
1,724
1,440
3,971
1,704
1,360
10,17621
3,1269
1,445
1,366
9,3551
10,3358
1,499
1,498
9,3063
1,439
1,632
1,436
9,2818
8,2770
1,336
1,373
10,3803
1,460
1,394
4,1486
8,2499
1,443
1,661
10,2873
1,536
1,599
1,421
9,2502
10,3231
2,795
10,9106
10,18927
1,451
1,362
7,2519
2,2384
1,683
1,1281
10,3675
1,1131
1,612
1,438
7,2375
6,2186
1,415
1,420
10,6685
1,342
1,407
7,2581
2,1307
7,2545
1,566
9,2613
1,659
1,508
1,442
8,2661
10,8923
8,2747
1,412
2,618
1,372
1,690
4,1726
1,438
1,511
1,484
10,2578
1,5133
1,611
1,575
3,1123
10,9802
4,1385
5,1662
7,2195
6,2501
1,662
1,434
3,1054
2,910
1,612
1,721
1,375
1,437
1,525
10,3325
9,2699
10,2897
1,363
10,23442
8,2871
1,735
6,2182
9,2809
1,536
1,853
2,852
1,599
3,1235
8,2783
10,4346
1,383
10,2247
1,388
1,520
10,4966
1,362
1,1807
10,6232
1,488
1,739
1,593
1,545
1,472
2,810
10,4665
2,926
8,2964
8,2858
1,625
1,393
1,401
3,2161
9,2974
1,396
1,704
3,1314
9,2616
9,2613
2,879
6,1740
1,1319
2,1407
1,391
1,1900
10,3406
1,677
1,821
7,2278
3,931
1,448
9,3035
3,1080
4,1453
10,3548
10,3242
1,444
6,2322
1,490
1,515
8,2834
8,2782
6,2060
8,2554
1,610
4,1566
4,1466
5,1435
7,2761
6,2071
10,3748
4,1581
9,3790
2,13415
1,623
10,13051
10,3916
10,3074
9,2203
9,2499
1,19374
10,3114
9,2919
10,12703
10,3529
2,512
10,3213
3,1196
1,437
1,505
9,3037
6,2123
8,4714
7,2172
10,2964
10,3057
9,2741
9,2366
9,14770
8,3026
10,3827
1,400
9,3229
1,404
1,536
2,774
10,3250
10,3356
1,480
3,1227
3,21361
7,2204
7,2278
1,502
10,3282
1,534
1,403
6,2059
1,387
1,422
6,2000
10,3522
6,1887
10,9091
9,2780
10,22953
8,2559
7,2103
7,2486
10,9328
1,407
1,423
10,3193
1,424
1,475
3,802
9,2900
10,3204
1,429
8,2695
9,3083
9,8751
10,3140
9,4004
4,1433
1,347
1,365
4,1283
4,1330
1,535
1,358
2,848
8,2699
3,1387
7,1761
9,15782
7,2166
5,1941
6,1523
2,838
1,294
1,416
9,3102
1,454
4,1204
9,2844
2,869
4,977
1,477
1,801
6,1414
1,383
1,559
1,307
3,1479
1,350
1,423
7,2382
4,1533
6,2093
9,2939
4,1763
2,785
1,505
9,3678
9,3048
6,2149
3,902
3,1437
4,6749
1,416
1,345
10,3360
3,1068
4,1422
10,3363
1,577
4,1347
1,590
1,550
7,2914
3,1245
2,1083
5,2065
10,6168
1,281
2,779
7,2228
3,978
10,2613
4,1353
8,2689
1,309
1,388
5,2043
1,517
1,678
5,3555
1,445
2,804
1,1953
3,1070
1,446
1,502
5,1840
7,1734
3,1164
1,295
1,378
8,2780
1,368
1,888
8,3098
5,2053
8,2185
1,444
10,3200
4,1539
9,3003
10,3859
4,1414
10,3774
9,4809
1,308
10,11506
1,456
1,502
10,5983
8,2655
9,2347
1,447
10,2721
6,2017
5,2335
7,2627
7,2358
4,1906
1,464
10,3354
6,2257
6,5767
1,523
10,39382
10,3559
8,3205
7,4409
2,814
1,487
9,3117
6,2609
9,3695
2,786
1,342
1,551
10,3400
6,1988
1,408
6,39903
10,7565
7,2413
2,807
8,2819
1,643
7,2650
4,1523
1,466
9,2983
1,632
1,488
10,2601
10,3241
1,399
10,28679
6,2509
6,2400
8,3027
9,2936
1,644
7,2318
6,2096
1,365
8,2547
1,397
2,1110
9,2802
10,3350
1,920
1,428
10,3306
9,3207
1,356
8,2499
3,1527
9,2864
5,6328
6,1799
7,2349
1,423
1,444
5,1786
10,2282
1,743
5,1594
1,460
8,3143
3,1175
7,1950
1,687
9,2981
7,2513
3,1033
5,1838
1,392
1,517
2,765
8,4175
1,629
8,2698
9,3021
1,417
10,13081
1,772
1,1057
1,333
3,1106
1,388
8,2948
3,2262
8,2851
4,1672
9,4799
1,417
1,548
1,507
1,637
10,8662
2,2048
1,865
1,616
3,865
1,298
1,529
1,488
10,3698
1,402
4,1711
6,1575
1,687
2,753
1,540
8,2642
8,2665
1,520
1,418
5,1931
1,360
9,5551
10,3389
6,17085
3,2602
2,850
2,11424
2,19949
1,364
2,757
2,912
9,3256
1,405
3,3301
1,565
1,269
2,870
1,551
10,7996
1,385
1,687
8,3158
4,1257
1,553
1,598
9,2895
1,520
1,362
8,2861
10,2962
1,443
1,403
1,747
2,786
1,370
1,815
10,3297
1,794
1,380
1,627
3,1062
2,995
1,559
10,3306
5,1696
1,428
1,449
4,1908
4,1311
1,581
4,2784
10,5272
1,433
1,360
1,389
1,627
8,2315
1,494
9,2928
10,2278
1,669
1,401
2,1158
8,6694
1,447
1,518
4,8983
1,362
1,417
1,440
7,2507
10,3457
6,1921
10,3173
5,6137
1,467
1,544
1,406
2,762
1,1310
1,503
10,3202
1,367
1,368
1,532
6,1949
10,5175
4,947
1,575
10,6366
1,424
1,668
10,11199
3,3148
1,552
1,566
8,2862
1,406
1,466
1,427
9,2794
10,4217
10,3911
1,508
9,4619
1,304
1,419
3,24957
3,1031
1,380
1,418
2,978
1,433
1,446
1,558
4,1520
8,3210
10,5019
7,2579
5,2018
10,4022
1,440
7,2870
1,1484
1,292
1,585
1,850
1,471
4,10852
1,424
9,2978
10,3922
10,3202
10,6632
1,613
2,670
1,387
6,2345
10,3824
1,396
1,463
2,948
1,394
3,1131
1,415
10,3546
10,3324
6,4092
1,368
1,488
6,2264
1,414
8,6144
4,1527
2,639
1,427
8,10668
3,1147
10,3482
2,920
7,2304
2,914
4,1794
2,1292
1,296
10,3431
1,442
7,13865
9,5250
1,391
1,380
3,2530
3,1119
3,1000
10,2767
9,2250
1,398
6,2058
1,510
1,613
10,27837
1,530
2,652
8,3182
7,2255
1,374
4,2570
1,1826
4,1556
8,2610
4,950
1,483
4,1391
1,445
1,422
6,28329
2,838
8,1937
7,2333
3,942
3,818
3,2248
10,3413
2,902
7,2429
1,467
1,432
3,999
1,435
1,417
8,3946
8,2850
3,722
7,2648
10,3430
3,2098
2,1472
10,3149
9,3124
10,7757
1,435
1,446
10,3109
10,30079
1,375
4,1387
10,3706
10,6786
6,2451
4,1697
9,2960
10,5187
9,4916
7,2663
2,2949
6,2219
1,540
3,1230
1,382
1,420
4,1809
10,10511
10,3373
1,549
9,3380
10,3439
9,2371
4,1554
7,2453
8,17490
1,334
1,476
10,3830
1,401
1,389
3,1133
8,2739
8,2668
9,22960
8,2585
4,1542
7,18593
7,2295
8,2523
3,3662
3,1048
1,442
4,1513
1,422
1,436
10,17364
2,963
10,4088
9,12675
7,2603
9,3652
7,6635
9,3073
6,1943
10,22194
1,404
1,468
2,2082
1,500
1,476
4,10309
10,9843
2,752
1,400
5,1715
7,2068
1,405
7,2261
1,453
3,11095
1,472
1,668
9,2751
10,3339
2,826
2,686
10,15901
10,2966
1,659
1,594
7,12656
8,4728
5,1903
9,7370
3,1125
1,500
1,420
7,3016
1,344
2,655
10,14902
3,1324
7,2242
1,695
9,3436
6,5768
9,3142
1,514
3,1250
4,1131
1,329
10,3138
7,2474
3,840
10,3354
9,2475
7,2321
1,468
1,407
1,549
1,430
1,470
2,955
1,508
10,2494
1,1147
3,1097
8,2285
4,1128
10,3234
8,2901
3,1247
1,1040
1,353
2,581
9,4271
1,409
8,6356
2,857
10,3867
1,1262
3,845
1,387
4,1397
9,3043
7,2815
4,1059
4,1529
1,411
8,2551
1,708
5,17900
3,963
7,2281
7,2423
1,496
4,1011
1,572
5,1707
10,3007
8,3118
10,2849
1,572
1,347
3,1127
2,725
1,564
10,7801
8,6930
8,2698
1,414
8,3144
9,3114
9,2348
8,2838
1,420
10,3818
1,662
1,349
10,3381
3,1193
1,453
10,7965
10,3778
7,1844
1,471
7,2277
1,410
7,2438
10,3232
9,2948
8,2805
1,655
1,930
8,2567
8,3037
1,468
2,782
10,6609
6,2353
1,19812
6,2244
6,3125
7,2273
8,3327
6,17149
6,1997
1,518
1,379
2,766
10,3599
1,482
8,4120
10,3592
6,2208
6,1954
7,2489
1,394
6,1617
10,2742
2,659
7,2211
1,603
1,442
10,3250
10,10924
1,482
1,426
1,603
7,2741
8,2946
7,2751
1,462
6,2044
5,2070
1,423
7,2610
1,602
2,917
10,17712
8,5713
1,451
10,23893
8,2755
2,907
6,2223
6,2278
1,5446
5,2421
7,1812
1,530
6,2041
1,548
10,3266
7,2383
10,3313
10,2926
1,278
2,806
1,538
10,2626
2,14859
1,507
3,868
10,3604
1,560
2,795
1,402
8,2095
10,31473
2,619
1,224
10,7470
10,3413
1,356
10,4707
4,6536
1,427
7,2367
10,7260
1,553
4,1555
1,310
3,3316
1,386
10,3141
2,1056
1,634
1,444
1,408
9,2587
3,804
1,604
5,1587
10,3721
1,538
1,609
6,2103
10,3436
1,350
7,6764
1,363
7,1766
1,444
4,2162
4,1500
5,1299
1,568
2,904
10,3340
1,397
1,363
3,1160
8,3635
1,296
1,474
1,409
1,357
1,462
1,355
2,799
7,2162
1,500
5,1969
5,1275
1,424
3,775
4,1480
10,3571
1,548
1,749
8,2864
1,613
1,543
1,409
4,15435
2,955
1,521
10,3167
3,838
10,3165
1,446
10,2969
2,835
4,1227
1,533
10,3244
1,467
1,499
1,1636
3,15695
10,3268
2,669
10,3139
1,504
1,377
1,411
9,2508
7,20915
1,272
1,485
10,3314
1,395
1,475
3,691
7,2450
10,3342
3,1141
3,1516
1,305
1,340
1,430
8,3002
3,835
1,412
1,545
2,690
1,493
1,461
1,292
10,4552
10,12761
4,1427
10,3069
1,248
2,677
1,483
10,2675
4,1286
1,366
1,476
10,3398
1,503
1,395
1,302
4,1355
5,6198
10,6496
5,1560
1,247
1,1212
1,358
7,2636
3,880
1,396
5,1665
8,37176
1,504
1,466
1,332
2,3634
3,2334
10,4652
1,564
1,257
1,445
1,411
6,1619
4,958
1,428
1,453
3,799
1,532
3,973
1,463
10,11948
1,1105
8,2640
1,446
1,339
8,3200
1,310
2,1144
10,3140
1,512
1,504
3,1114
7,2013
4,1186
1,318
8,2839
10,6088
7,2427
1,440
1,387
3,4534
1,440
5,1393
5,1668
3,1035
1,474
4,1440
3,864
10,2671
7,2033
9,2901
8,2004
10,12724
1,370
1,285
10,3732
5,1870
7,2389
10,2902
3,742
1,360
10,2999
4,1517
4,1170
9,3515
8,5594
1,419
6,2021
8,2600
1,238
8,3087
7,2697
2,865
7,2544
4,993
3,1214
8,2381
10,3289
8,2058
10,2501
1,548
1,628
1,501
1,357
1,322
10,10386
2,745
10,3499
7,2215
6,1675
4,1455
7,1770
5,1285
10,9048
10,3281
6,3603
1,469
3,1316
5,1617
6,1525
2,3820
10,3648
5,2043
7,2168
10,3333
6,1506
10,3155
9,3082
7,2615
10,2732
9,3051
1,541
4,1391
1,439
3,834
7,26365
10,3087
10,3640
6,4372
10,3394
10,2865
7,2582
10,3722
7,2351
10,4048
1,455
1,420
10,2478
1,434
10,3260
1,685
10,3301
10,3296
6,2133
7,2413
5,1918
10,6082
7,2876
6,2163
3,3059
2,1191
1,388
4,1083
1,362
10,3109
3,809
5,1640
3,1113
5,1674
7,2083
10,3178
7,2524
3,1072
6,2117
1,491
1,727
1,360
8,2708
2,712
10,2284
4,1331
3,1236
5,3826
3,895
7,2257
7,2724
6,2006
6,2219
2,760
2,739
1,353
1,319
7,2418
1,354
4,1504
10,3714
8,3144
8,2225
1,1914
6,2150
7,2441
2,641
5,4955
3,941
5,1414
1,430
1,257
9,4275
1,388
10,2682
9,3129
5,1498
5,1264
1,441
3,838
4,1315
1,373
7,1694
5,2008
2,697
1,481
1,261
10,7292
4,1403
7,2405
10,3312
1,556
1,362
1,377
7,2396
6,11695
1,397
2,885
5,1357
9,2080
1,350
9,2567
7,5167
8,1748
10,4513
8,2530
2,616
1,351
1,271
5,1184
3,1219
1,525
10,2643
7,1972
10,3529
1,398
5,1195
6,1416
2,642
5,2117
7,2377
5,1439
1,467
1,379
10,3179
5,1993
1,271
5,4906
1,432
8,2244
1,426
2,771
6,3770
10,2927
4,1510
6,1930
2,610
1,394
1,389
2,481
7,2415
1,360
10,3334
10,4295
10,3094
1,376
10,2300
1,409
10,4430
10,2425
7,2270
9,2953
1,307
10,2157
5,1116
10,3180
1,388
5,1475
5,1837
10,8877
1,459
10,3329
1,368
6,2461
10,3383
6,1925
10,3060
1,350
1,219
10,3319
5,1532
1,361
10,3318
10,3609
5,1596
1,722
10,2483
1,367
10,5359
10,2763
2,758
10,3256
1,374
1,239
10,3523
2,760
3,952
3,1138
10,3420
10,3155
3,1113
5,1437
1,396
10,3854
10,3569
4,1444
8,2588
1,302
1,233
3,1060
10,3296
1,380
5,1996
5,1801
8,1766
8,8777
10,3314
1,369
8,1759
5,1835
5,1758
10,3276
1,255
1,257
5,1762
10,3311
1,349
8,2998
3,988
1,486
10,3617
8,2596
1,372
10,2882
6,1578
1,365
10,2206
1,327
5,2025
5,1450
5,1762
1,261
5,1365
9,3030
1,494
2,1018
2,749
2,1579
5,1396
1,467
1,437
8,2068
10,3610
7,1672
8,4387
3,1012
10,2640
1,386
1,1607
1,313
7,2534
5,1505
1,366
10,2543
1,306
3,1046
1,464
1,504
5,1597
1,527
5,1528
5,1506
1,271
1,384
1,291
10,3227
10,2376
1,328
10,3257
1,276
1,619
1,289
4,1112
2,637
1,315
8,2311
7,1638
1,303
1,393
1,450
10,33921
10,3607
1,404
10,3109
1,449
1,369
1,398
2,753
10,3750
1,271
1,423
1,410
1,271
1,529
1,474
10,10686
10,3341
1,353
10,3098
1,373
1,285
1,250
9,2985
5,1780
1,242
1,382
10,3364
1,396
1,511
1,443
3,1122
10,3012
3,1146
10,2298
1,360
1,281
1,261
10,5363
3,1349
1,355
1,355
3,1084
1,353
1,609
1,297
1,470
10,2270
5,1806
5,1798
1,380
1,350
1,250
10,3459
5,1560
1,340
1,357
5,1638
1,245
1,411
1,285
7,1932
5,1232
7,2672
1,649
1,360
1,255
1,251
10,3272
8,2871
1,303
1,482
9,2231
1,370
1,373
1,242
4,1591
8,2714
5,1771
1,411
1,371
1,257
1,243
6,2111
1,478
1,336
1,283
10,5654
1,307
1,271
7,1891
10,3221
1,465
10,3007
1,279
1,360
1,323
1,299
8,2744
2,884
1,285
1,300
1,423
1,249
1,254
10,2523
9,2882
1,280
10,3316
1,259
1,402
5,1851
1,286
10,2351
5,1166
1,308
1,391
5,1448
2,750
1,466
3,1096
8,1741
1,376
10,3408
1,235
4,1589
7,2210
5,1162
5,1555
2,524
10,2442
1,393
2,526
1,431
2,845
10,3823
10,2952
1,311
5,1705
1,231
10,2773
10,3676
10,3376
10,3145
10,2086
1,230
1,424
2,542
4,1155
2,613
10,3636
7,2272
1,385
3,2738
1,391
10,2603
6,2133
9,2516
10,3358
10,3396
2,795
1,446
2,537
2,499
10,3238
10,6642
6,8832
1,390
5,1522
1,376
9,5339
10,3671
10,3776
10,3399
9,2150
5,1316
10,2931
9,3100
8,2094
9,2786
10,2806
6,1723
1,279
1,554
1,254
6,2479
10,3424
10,3345
10,2549
10,3014
2,550
2,851
10,3329
9,2463
10,3506
6,1488
1,453
1,245
4,997
1,367
10,3493
3,1075
10,3613
10,3000
8,2640
10,2311
2,647
10,3292
10,3742
10,2418
3,859
1,359
1,433
2,665
6,1486
10,2406
4,1427
5,1218
5,1189
10,3199
9,2139
10,3354
10,3115
10,3162
10,3236
10,3040
1,410
1,252
2,474
4,971
10,3367
1,745
1,435
1,417
5,1259
10,5666
10,2244
5,1556
10,4764
8,2618
10,2969
2,738
10,2286
9,2841
3,789
2,835
4,1289
10,3337
1,297
8,1837
8,2734
9,3650
8,2314
6,2254
8,2016
4,1575
1,545
3,868
10,3257
10,2405
1,526
2,533
5,1757
1,357
1,404
5,1191
10,4705
8,2892
8,1989
10,2452
10,3377
4,1058
10,3218
10,3225
10,3476
8,2110
2,885
3,857
1,335
1,254
8,1704
8,3082
8,2132
10,3214
1,385
10,3518
1,348
10,3200
10,3012
10,3590
10,3388
9,1991
10,2620
1,236
1,259
10,3007
8,1958
1,477
5,1483
1,274
10,2648
1,455
10,3813
10,3513
10,6841
10,3417
10,3240
10,3476
1,247
1,286
5,1539
5,1272
1,348
10,3777
1,240
7,1535
1,420
10,2744
6,1935
7,1614
10,3451
10,3595
10,9546
1,236
1,246
10,3619
10,2789
1,258
10,2585
1,273
1,639
3,1143
10,2857
8,1731
5,2014
9,3213
6,7848
5,7199
1,240
1,225
10,3089
10,3619
1,280
10,7055
1,486
1,466
1,8553
7,2320
8,2178
10,3674
10,3395
8,2585
10,2529
1,263
1,227
9,2860
10,3752
1,279
10,3269
1,267
1,312
1,523
2,892
1,708
5,1725
1,427
10,3698
10,3114
1,254
1,303
10,3127
9,7662
1,391
10,3321
1,263
1,369
1,431
5,2425
1,328
10,3262
1,636
10,2197
7,2379
10,2260
1,243
10,2597
10,3418
1,369
5,1991
1,259
1,372
5,1206
10,2640
1,300
10,2442
1,688
8,1762
1,478
1,454
10,2301
5,1827
10,3209
1,246
1,421
1,248
1,482
10,3152
5,1819
1,264
10,3221
1,536
1,437
1,293
6,1451
1,217
1,613
5,1299
1,367
1,345
1,292
1,556
5,1261
10,3618
1,284
5,1892
1,514
1,432
1,403
9,2727
5,1455
1,368
1,471
1,372
1,306
10,2272
1,373
2,643
10,2561
1,274
1,497
1,425
5,1216
1,299
10,3509
10,2509
1,384
1,2195
10,2200
1,390
3,871
1,267
10,2123
5,1847
1,366
1,462
1,454
1,283
1,329
10,3251
10,3563
1,333
1,2072
10,2092
1,357
7,1716
1,542
10,3359
10,3205
1,408
10,2935
1,376
1,250
1,261
10,3225
10,3811
1,240
1,444
5,1640
1,369
6,1349
4,1515
5,1632
8,2697
1,300
1,343
1,609
1,245
1,404
4,1290
10,3548
1,410
1,299
2,603
1,348
10,7778
10,2576
5,1626
1,373
1,317
1,560
1,362
1,331
1,368
10,3526
5,1521
1,305
1,399
7,1492
1,355
10,2474
6,1931
8,2950
1,382
5,1406
5,1623
1,468
1,264
1,315
5,1686
1,601
1,430
1,341
10,3178
1,386
4,2354
10,3262
1,381
5,3219
10,2402
1,317
1,610
1,246
1,309
10,3177
6,1438
1,278
1,332
5,1428
1,303
3,1361
10,3157
10,2267
1,361
10,3166
4,966
1,526
1,243
5,1814
10,2560
3,978
1,244
1,461
3,805
3,1041
7,2174
10,2894
4,1162
1,518
10,3207
1,607
9,2839
1,262
10,4471
5,1261
10,2222
1,242
1,290
8,1797
5,1685
10,2310
10,3541
2,546
1,768
10,3098
1,387
8,2578
5,1831
4,1364
10,3351
10,3232
10,2346
1,350
3,767
7,1780
10,3168
1,510
2,515
1,446
5,1256
1,366
10,3230
10,2151
10,3190
10,3447
9,2918
6,1382
1,358
6,1254
10,3633
4,1516
4,1383
10,2535
1,730
10,2586
1,333
10,7524
10,3080
10,2206
5,1100
10,3382
3,780
10,2158
10,2006
10,3456
10,3805
1,424
9,2842
1,576
6,1313
1,279
9,3184
10,2962
10,2266
5,1369
4,1389
10,3268
6,2004
3,656
10,3492
1,327
9,2890
6,2108
1,709
3,771
6,1532
9,3136
10,3489
5,1983
1,462
10,2691
10,3115
3,930
10,3219
10,3965
6,1613
10,3473
10,3258
1,453
10,3313
10,3313
2,659
10,2899
6,2098
1,322
7,1593
10,2655
10,5621
10,3130
10,3453
1,334
6,2144
8,5284
1,410
10,3346
10,3117
10,3327
5,1305
7,1863
1,297
1,519
4,1310
10,4281
10,3049
5,1456
1,296
10,3219
10,2796
9,2892
10,8542
10,3206
1,686
10,3431
1,660
1,286
1,392
7,2145
9,3017
10,3394
5,1380
1,287
10,2970
8,1793
7,2228
10,3351
10,3216
2,907
3,1037
3,1473
1,627
1,272
10,3353
10,3327
7,3607
10,2378
1,299
10,3530
1,410
3,3371
10,3883
10,3227
10,3385
10,3475
3,3240
1,457
1,377
5,1431
4,1421
4,1323
5,1337
1,318
9,2284
1,302
10,4533
4,1038
2,823
6,2121
10,3429
1,566
1,369
1,371
10,3257
7,1617
7,1798
10,3866
1,293
1,543
1,360
10,2625
7,2274
1,422
9,2280
10,3857
10,3060
1,448
1,380
10,2342
5,1366
1,473
10,2427
1,550
1,417
1,354
10,3300
1,614
10,3368
10,3207
10,3517
9,2298
1,361
1,420
4,1157
10,3312
1,327
10,2418
1,348
1,666
1,368
3,1371
1,483
10,2786
10,3158
5,9120
7,2439
10,2649
1,430
10,2402
10,2507
1,259
10,3507
1,361
1,391
1,364
10,3066
1,461
8,3095
8,3028
10,2247
10,3492
1,692
1,433
10,3115
4,1611
1,318
5,1766
1,456
1,1005
1,295
7,2623
1,340
10,2694
4,3320
7,2702
10,3377
1,650
1,305
5,1579
10,2763
1,250
5,1433
9,2565
1,393
1,390
1,557
1,433
1,657
1,499
1,573
10,3334
4,1566
10,2784
6,1808
10,2299
1,282
1,455
1,519
1,1366
1,413
1,419
1,410
9,3436
1,702
1,420
9,2997
9,3133
5,1800
1,423
10,3622
1,460
1,346
10,2561
1,465
1,298
10,3255
1,396
1,452
1,367
5,1834
1,533
10,3414
10,2252
1,299
5,1818
1,374
1,461
10,2250
1,514
5,1261
10,3240
1,462
10,3683
1,364
1,551
1,418
10,2444
10,2247
1,370
6,1647
1,387
1,472
4,1529
1,548
10,2439
10,2401
1,377
1,401
1,368
1,581
1,381
10,2773
5,1415
1,296
1,531
1,386
1,683
10,3128
10,3536
10,2637
9,6822
1,264
1,431
1,401
1,766
1,258
6,1901
10,2172
1,396
1,356
5,1600
1,350
10,3831
10,2998
10,3202
1,474
5,1772
10,3369
1,260
1,626
1,366
10,3735
5,1942
1,462
1,393
10,4988
1,395
10,2794
10,2391
10,2188
9,7847
10,3413
1,433
1,322
1,389
1,550
1,448
5,1760
1,439
1,553
10,3221
1,595
10,3813
10,3355
10,2253
10,3011
10,2155
1,416
1,322
1,285
1,325
10,3427
1,382
1,503
1,494
2,816
1,479
1,442
10,7837
5,1084
10,3008
10,2099
1,463
1,325
1,256
1,350
3,1524
4,1453
1,435
1,452
4,981
1,317
5,1359
10,3327
1,788
1,339
5,1318
1,376
1,488
1,281
1,279
7,2500
1,485
1,268
1,467
10,2938
3,823
5,1969
2,1266
10,2217
1,460
10,3486
1,414
3,1325
10,3187
1,401
10,3020
10,2893
1,244
1,493
5,1926
1,365
5,2358
1,541
5,1154
1,507
10,2713
1,357
2,595
5,1736
1,352
10,4093
10,3404
10,2384
1,464
6,3013
3,1074
5,3013
1,443
3,1191
1,450
1,378
1,355
8,2704
10,3339
10,2242
10,2524
9,2762
4,1435
1,353
8,2869
7,2192
10,3280
1,553
10,3248
1,581
4,1003
9,3057
10,3266
10,3208
10,3627
10,3717
10,2714
3,1151
1,575
1,465
7,10647
9,3297
8,2956
9,2296
1,466
1,417
1,530
10,3313
10,3109
10,3709
9,4708
6,2028
10,3359
10,3208
7,2419
9,3110
10,3346
10,3584
5,1710
1,327
10,3362
2,757
1,390
10,3097
10,3510
10,3881
10,2945
9,2961
4,4912
4,885
10,4055
10,3238
9,3257
10,2719
1,405
9,4878
3,645
10,2747
1,622
9,3046
1,633
9,2739
10,3254
3,1169
5,1490
10,9818
6,2108
10,3658
10,2265
1,579
10,3246
7,1597
10,3322
3,972
10,4036
1,631
1,471
6,1431
10,3654
1,392
10,9460
9,2064
10,4065
7,1674
1,412
10,3079
10,2411
10,2686
7,2711
2,800
1,468
1,377
7,2399
10,5125
9,3087
7,3262
10,3264
9,1944
1,461
9,3066
10,3561
8,2240
9,8681
1,367
1,751
1,425
1,341
2,573
9,3299
10,3153
3,1068
10,3609
9,2659
1,486
2,563
6,2324
10,3020
7,2766
10,3305
1,457
1,367
1,388
10,3296
6,11204
10,2360
2,842
10,3181
1,604
1,442
1,640
9,2163
10,3402
9,3511
9,3420
8,2229
1,292
1,395
1,345
10,8847
3,1013
1,318
1,449
1,719
1,416
1,255
1,419
10,3098
10,3244
10,3558
1,396
1,446
1,350
8,2687
7,1757
10,11312
10,2463
10,2126
1,568
1,433
10,2312
1,281
8,3039
6,2182
3,985
1,317
1,448
1,319
10,3467
1,547
5,1297
8,3405
10,3212
1,333
1,430
10,2895
1,289
9,3522
1,480
10,3754
9,2566
1,371
1,404
10,3383
10,3409
6,1933
10,3890
10,2652
1,285
1,357
10,2822
1,247
2,746
6,1497
7,11190
10,5703
1,352
1,370
9,2912
10,3623
9,1958
10,2855
10,3484
1,308
1,255
8,2219
1,248
1,375
4,1392
10,3135
10,3619
1,267
10,2603
3,1052
10,3273
1,477
10,4106
9,2918
1,261
1,355
9,3049
1,391
10,3386
9,2831
9,1996
9,3206
10,4027
1,362
10,14347
10,2222
1,444
9,7015
1,480
5,1444
1,772
9,3315
1,392
1,5664
8,2497
1,623
10,3113
2,1023
1,414
10,7547
10,3088
1,671
10,3572
10,3426
1,508
5,1382
2,913
1,414
10,8825
4,1382
1,1793
9,3078
1,510
10,3497
7,2763
9,10199
1,1811
1,529
1,817
1,402
10,3099
2,892
1,489
6,2277
9,3099
1,505
9,3388
8,4828
10,2410
10,8833
10,3736
1,377
1,438
1,372
1,336
5,1705
10,3527
1,490
9,2793
10,3367
1,511
1,593
9,12771
10,2779
1,482
1,497
1,373
1,474
1,579
1,504
10,1981
10,2527
1,506
10,3268
4,1295
1,352
1,528
10,3398
9,3017
1,446
1,477
1,361
1,492
1,410
10,3348
10,3729
6,1776
10,3292
9,3134
6,2708
1,345
1,948
10,3029
10,3537
1,367
1,377
1,281
1,318
1,462
10,3091
5,1164
10,3126
10,3282
1,407
2,1178
1,240
1,430
8,2379
1,622
1,391
1,479
1,280
1,392
1,451
5,1713
10,2129
8,2678
10,3365
10,3274
1,592
1,322
1,364
9,3170
1,792
1,313
1,451
1,262
1,420
1,373
10,2731
5,1275
10,3577
9,3171
1,464
1,392
1,323
1,346
2,940
1,426
1,371
1,386
10,2403
1,433
1,442
2,879
1,500
4,1395
10,3107
1,338
1,553
1,316
1,359
10,3554
10,3480
1,357
1,481
1,267
1,765
1,303
3,1125
10,2544
8,8712
10,4108
4,1314
1,488
1,243
1,346
10,3681
9,3006
1,903
1,460
10,3175
1,649
1,460
7,2477
3,1113
1,381
1,480
1,473
1,543
10,2791
1,399
1,447
10,3344
1,558
1,518
1,247
1,488
1,433
10,3463
3,790
1,318
1,487
1,571
1,397
9,2635
1,716
10,3299
10,2765
1,439
1,510
10,3152
2,861
1,580
9,3406
10,3651
1,435
1,440
1,504
1,704
10,3310
2,535
6,1394
10,3231
8,2951
1,274
9,3265
2,624
9,3117
10,4274
9,3294
1,471
9,2263
1,319
1,13660
10,3608
10,2906
10,3330
9,2812
1,385
10,3403
9,3022
1,258
8,3001
8,2887
7,2613
1,413
8,2560
1,290
1,525
10,2955
10,2355
10,3104
9,3269
2,562
1,459
10,5968
9,2030
10,7619
1,551
10,3244
1,372
10,2983
3,720
1,902
10,10830
6,1886
9,2520
10,3765
1,445
1,414
1,383
8,3005
10,3907
3,1082
10,2130
1,360
10,2473
1,662
1,365
1,611
10,2695
4,1128
1,664
1,609
8,2987
2,1015
8,2915
9,3273
7,1668
7,2195
1,341
10,2874
1,382
1,372
2,741
10,3588
1,389
1,368
2,914
9,2977
1,337
9,2717
10,6956
2,839
1,338
1,346
9,1996
7,2589
1,504
1,278
8,2718
1,446
1,529
9,6636
10,3508
5,1036
8,3078
9,2997
5,1900
1,370
1,331
3,1090
8,2822
2,800
1,433
4,1388
1,529
1,464
10,3685
10,3707
1,326
10,3978
2,650
9,1898
1,269
10,3316
2,639
2,691
10,3564
1,257
8,3046
1,641
1,388
10,7631
9,2083
9,3245
10,5001
10,2352
10,2959
1,242
8,2392
7,2151
10,3380
9,3784
9,2382
2,1034
1,452
1,312
8,2726
9,2274
10,12566
2,930
10,3571
3,912
1,535
6,1504
10,3012
10,2356
10,4047
10,3230
3,1071
1,427
1,341
9,2359
2,1001
8,2935
1,658
1,503
7,3066
1,350
2,595
8,2230
10,3640
10,25029
10,3304
5,1412
1,598
1,397
9,2892
10,3358
10,3155
10,3908
10,2510
10,2631
1,461
10,2627
9,1888
2,730
8,11587
10,3136
2,445
1,486
1,421
1,520
10,3615
10,3203
2,1032
10,2447
8,3936
1,456
10,3556
1,470
8,2636
10,3446
9,5661
10,3062
1,494
1,332
10,2378
2,680
5,1402
9,3067
6,1662
10,5613
1,451
2,783
1,358
10,20724
1,427
8,1574
10,2318
1,471
2,692
10,3077
10,3376
9,2342
6,1991
9,2509
5,1727
1,421
4,1394
1,251
1,464
8,4369
9,2984
10,2222
10,3766
10,3199
2,563
6,1528
9,2554
10,3432
1,432
1,575
1,435
8,2528
2,438
6,1733
1,6943
9,2670
7,8059
3,1113
10,2639
9,2192
10,3342
1,491
10,3600
10,13765
1,657
10,3356
10,3125
1,265
6,2300
9,1980
2,638
5,1763
7,4159
6,1274
5,1111
10,3207
1,377
10,3325
1,507
1,619
10,2606
1,498
1,252
9,3034
10,2295
1,352
10,3116
10,3234
10,2904
10,3138
8,2661
1,367
8,2554
4,1020
3,1543
10,2146
6,2236
1,247
1,3989
3,750
1,238
8,13049
10,7575
8,2945
10,3165
4,1490
1,350
4,1083
1,315
1,761
9,3555
1,471
1,245
4,1428
8,2286
1,358
1,748
7,2292
8,1983
8,2516
1,525
1,353
1,480
1,455
1,599
10,7695
9,2834
1,252
8,2797
10,3368
1,243
1,497
3,1379
10,2929
5,5950
1,462
1,287
1,440
1,339
1,434
10,2810
4,1217
1,251
10,3317
10,3297
1,379
1,625
10,6044
3,942
1,560
1,377
1,248
1,458
1,399
1,1793
1,524
8,2661
1,251
1,15120
10,2381
1,616
1,588
10,3121
2,956
1,302
1,349
1,398
1,555
1,318
1,546
10,3329
6,1882
1,475
9,2792
7,2335
1,400
1,561
1,565
7,3210
1,304
1,457
1,400
1,596
1,322
1,1295
1,377
4,1363
10,3095
4,1647
2,681
1,300
1,455
6,1459
4,1562
1,391
1,490
1,471
2,647
1,390
1,461
1,466
4,1380
10,2985
6,16139
1,705
1,286
1,403
2,907
3,1101
1,480
1,440
10,3361
1,295
1,472
1,18289
1,386
9,2878
10,2361
2,575
1,496
1,256
1,436
1,597
2,580
1,472
1,427
2,591
1,335
1,445
6,1473
9,2495
6,1934
9,2383
1,291
1,445
10,3352
1,445
9,3468
10,3462
1,304
1,294
10,2608
1,353
3,1237
1,452
10,2821
2,721
10,3119
4,34384
1,473
10,3254
1,453
8,2829
10,3432
1,365
1,292
1,498
1,307
1,455
7,2053
10,3541
1,397
10,2867
1,487
1,407
8,2737
6,1848
4,1521
10,3375
1,664
3,986
6,2081
1,594
9,3095
6,2202
9,2968
6,1860
7,2464
1,576
1,307
10,2908
9,2868
4,1451
8,11529
1,587
10,2406
10,3281
1,482
10,3406
9,4545
9,1977
4,1397
3,1168
1,487
1,352
10,2403
6,1357
8,2566
7,7280
10,3633
2,503
9,2844
8,2325
10,2507
4,1518
9,1951
1,479
1,11831
1,465
1,279
10,3451
8,2560
10,3280
10,4763
3,930
10,3628
8,5241
3,644
10,3509
10,2713
3,1078
1,523
10,2170
1,685
1,405
7,2263
4,1236
9,3223
2,517
7,1713
10,2894
4,1299
8,2424
7,2174
9,3732
7,2864
1,532
10,2909
1,614
1,249
3,5160
9,2960
6,1976
8,2768
2,544
10,2965
8,2738
9,2996
10,3597
4,1579
10,3521
1,318
10,3053
1,538
5,2141
2,791
4,1431
2,810
10,3105
10,2606
10,4603
3,1139
10,3439
9,3341
1,589
8,3465
1,404
10,9255
1,492
10,2884
6,1434
6,2183
1,464
6,2104
10,2783
7,2486
4,899
10,2962
1,456
6,4251
2,4327
1,439
7,2728
10,3340
2,851
10,2830
1,351
1,391
1,424
10,2180
8,2733
1,278
2,822
10,3397
2,727
1,611
1,419
3,1433
6,2632
10,3367
10,3967
4,1513
1,482
1,381
3,1134
1,479
10,2502
7,2214
6,2134
3,1213
1,461
1,582
9,3428
2,790
10,3416
3,1094
2,4402
1,457
1,375
7,1648
2,567
10,3610
10,3893
2,483
8,3104
1,926
1,562
10,3998
10,3586
10,2566
7,2257
6,2632
1,332
1,314
8,2719
6,1210
2,1062
1,571
9,2030
4,1551
1,281
1,339
1,492
8,5636
5,1954
10,5214
1,432
1,647
1,283
1,583
1,370
10,3366
1,516
8,2260
10,3581
1,386
8,2252
1,485
4,12374
10,2345
10,3529
1,826
1,267
1,418
6,1574
9,2981
7,2493
9,2317
4,1575
10,7476
1,261
6,1971
1,380
10,3216
8,1681
8,8238
4,1193
1,278
1,432
1,416
4,1661
6,2075
9,3037
9,2999
10,17664
1,238
3,1087
1,383
10,31400
4,995
4,1271
3,1135
10,2296
1,350
9,7198
8,2675
10,3431
6,1936
4,10392
7,2540
1,302
1,523
1,376
8,8988
6,1849
1,736
10,3217
1,777
1,354
3,1992
10,2940
9,13449
8,2646
1,639
10,3458
1,357
10,3099
1,346
2,750
3,1135
1,467
8,7613
1,567
1,559
6,2110
9,3018
1,608
4,1035
8,3114
8,17169
1,296
8,2997
1,396
1,659
10,2648
1,381
10,3468
1,516
1,394
4,1551
4,4763
1,377
10,3411
1,406
1,472
2,570
4,1282
1,503
10,2787
4,1361
1,407
8,11268
6,1365
4,1691
10,3478
8,9068
1,392
9,3016
1,442
1,479
10,3270
10,7647
1,504
9,3116
10,3470
1,404
10,5425
2,799
2,1003
4,12400
6,2240
1,569
1,540
1,453
1,495
10,3426
10,3299
1,363
8,3097
7,2429
1,426
10,3347
10,3106
4,1308
9,3038
2,1016
1,373
1,427
1,473
1,463
5,1846
7,2334
5,1835
10,2922
10,2262
1,483
7,2307
8,4696
9,11622
7,5557
1,543
1,554
2,832
2,682
1,373
10,3106
2,780
1,430
10,3369
10,3525
1,346
1,572
8,8033
8,2787
4,1734
1,608
1,489
4,1845
1,372
1,382
8,2681
1,344
4,1442
8,2540
6,2102
1,344
2,1027
4,1553
10,4125
6,4176
1,509
1,359
6,2354
1,352
1,380
10,3440
10,2632
6,1248
10,2158
1,503
1,366
1,422
10,3183
8,2980
1,447
1,439
1,353
1,517
6,3957
1,349
5,1820
10,2883
10,3329
1,364
1,454
1,423
1,480
8,2671
6,2231
1,618
1,848
1,357
1,464
1,363
6,1510
10,2739
8,2794
5,1916
1,523
1,351
4,1235
1,573
1,621
2,908
1,329
1,540
1,385
1,426
1,482
1,292
7,2506
8,2456
9,3127
1,332
1,339
2,782
1,339
2,979
1,512
1,508
1,521
1,350
1,469
1,356
1,471
3,1253
8,10149
6,2358
1,318
1,596
6,1949
1,413
10,3602
6,2156
1,353
1,366
2,528
1,457
1,477
1,355
1,689
9,7260
10,15661
1,417
1,648
1,467
1,496
10,3380
10,3381
1,309
1,544
9,2527
1,452
1,659
1,402
6,16957
10,10938
4,1638
1,328
1,432
9,3123
1,592
10,3573
2,640
1,301
1,277
9,3205
1,529
2,800
1,440
10,3090
1,340
1,502
1,329
1,633
6,1978
1,470
8,2536
8,2602
1,384
1,459
3,1079
1,375
10,3379
10,3218
10,3038
1,321
6,1383
1,438
1,455
10,3188
1,485
8,2634
8,2577
10,2408
1,555
8,2380
1,615
8,2853
4,1405
3,1305
2,525
2,880
1,507
1,347
4,1260
1,437
10,2987
10,4648
1,310
10,3037
4,1182
10,3312
8,2645
9,3072
7,2513
1,337
8,2700
2,1292
2,637
8,2571
1,292
10,2433
10,5029
1,321
4,1710
8,2668
1,494
10,3230
8,2763
4,1596
1,345
10,3130
1,648
9,2309
9,2993
10,3087
2,622
10,3312
1,613
9,3326
7,2007
6,3394
10,3329
10,3321
10,9310
10,2723
10,3195
2,1494
10,3630
1,511
3,1352
2,601
4,1352
6,2373
10,4353
2,677
10,3465
10,3535
9,2222
9,24433
2,548
10,3452
5,1775
2,817
6,2009
8,3061
1,531
8,8253
8,2761
8,2790
6,5794
8,3062
8,2757
2,697
1,460
1,257
8,21978
5,1717
4,1023
3,1068
10,3265
1,429
1,557
10,3521
8,2672
1,487
8,2786
1,510
10,3579
1,614
2,498
10,29671
5,1422
10,2543
10,3280
9,2648
1,353
10,2767
4,12494
10,3306
6,2238
10,3443
2,827
5,1708
1,473
1,408
4,21087
3,1135
10,3452
8,2635
10,2767
1,284
2,1113
8,2794
6,2260
4,954
4,1351
10,2185
5,1297
1,378
1,543
8,7155
4,1417
8,2814
8,2653
7,1765
1,344
1,344
10,6223
1,602
2,1007
10,3549
10,2272
3,767
1,405
1,346
1,487
10,3316
1,481
10,3130
2,762
1,267
1,298
10,29855
2,941
2,1137
1,462
10,2107
8,1799
1,451
1,276
1,405
10,3267
8,2554
4,1325
5,1557
1,294
1,313
1,475
10,5839
10,3471
2,667
10,2809
10,3300
1,472
1,354
1,414
5,1251
6,2292
10,3375
5,1417
1,574
1,371
2,764
10,2701
8,3010
1,437
3,994
10,2193
1,369
5,1671
1,504
10,2370
3,982
7,2466
10,3317
1,372
1,288
1,485
10,3692
4,1547
10,2563
8,2421
5,1097
1,358
3,846
1,405
7,1820
7,2215
10,3562
5,1789
1,471
1,460
10,3475
6,2032
8,2666
10,3317
10,3725
5,1103
1,367
8,2052
1,396
6,1747
3,920
1,444
3,888
10,2087
1,444
10,3693
8,3039
10,3308
8,2704
1,438
7,1556
1,393
10,2383
1,478
4,1150
5,1328
2,728
1,564
10,3278
1,736
6,2399
10,2328
6,1900
9,2876
1,312
10,2672
6,1341
5,1476
2,672
3,1173
10,3380
1,422
8,2301
5,1265
1,441
8,3077
10,3073
8,2542
8,2044
1,360
2,480
1,444
10,5966
1,402
10,2230
10,3383
1,377
10,2418
5,1305
1,339
8,3565
4,1355
8,2564
10,3590
7,2734
1,479
9,3643
7,2474
1,569
6,2290
7,2476
1,362
10,3570
3,772
10,2154
9,3691
2,720
1,477
10,2737
2,1245
1,283
3,1011
10,2200
1,619
10,2914
10,3662
1,354
5,2019
4,1516
8,3657
10,2650
1,548
1,394
2,783
1,372
1,339
4,1432
2,584
1,451
7,1935
5,1460
1,391
7,2458
10,2357
10,5914
4,1234
1,307
1,364
1,559
1,881
1,283
10,7075
2,611
1,364
10,3143
1,611
1,416
9,2103
5,1811
10,3495
2,743
1,271
1,322
2,747
1,439
1,424
9,3880
4,1238
9,2954
10,2319
1,312
1,308
2,721
5,1303
10,2099
2,578
1,345
1,357
1,368
1,578
1,397
7,2642
10,2442
8,2847
10,2706
1,342
1,245
1,372
7,2081
2,808
1,447
1,676
1,241
1,706
1,691
1,356
4,20441
8,2920
9,3283
1,489
1,300
1,390
1,357
6,1606
5,1907
1,359
1,444
1,431
1,568
1,532
1,448
6,9946
10,2794
8,6093
1,290
1,339
8,1999
1,253
3,807
10,5308
1,414
1,453
1,374
1,589
1,350
1,304
8,2781
10,2978
10,3227
1,556
1,368
1,377
1,241
10,2162
5,1192
1,263
1,311
1,384
1,527
10,3679
1,314
1,421
6,1854
1,456
1,358
1,271
10,2317
1,242
10,2090
3,930
1,498
1,269
1,272
1,355
5,1505
8,2693
6,1572
10,2400
10,2095
1,250
1,334
10,3441
1,340
7,2419
4,1310
1,344
1,288
1,365
1,526
1,551
4,1031
3,1092
10,2385
2,995
1,255
1,301
10,2148
1,368
10,3321
10,2016
1,304
10,3007
2,561
1,455
3,927
3,799
2,668
1,495
2,656
1,373
1,299
2,721
1,270
10,3154
10,2125
1,236
5,1733
8,2252
1,336
2,859
6,1426
10,3394
1,265
10,2346
1,355
1,485
8,2670
1,251
10,2406
10,2528
1,425
3,1383
10,2575
10,2334
10,3187
10,2196
4,1637
1,363
5,1315
1,350
10,2969
10,2309
1,293
10,2152
5,1670
1,493
10,3139
8,4607
5,1649
10,6896
2,454
10,3375
1,339
5,1814
1,377
9,3290
2,740
3,739
1,419
5,1390
10,2372
7,1784
5,1694
10,3206
5,1282
6,1412
8,2607
1,251
3,889
10,3447
4,1287
10,2233
4,1173
1,382
7,1682
10,3398
10,2249
2,695
5,1070
7,2402
7,2767
2,756
1,295
2,611
9,2989
3,1110
5,1268
10,2296
1,417
6,1573
5,1579
10,2253
10,8514
3,917
9,2715
10,3470
10,3615
1,370
10,3120
4,1397
10,3245
5,1977
4,1391
1,332
10,3044
5,1550
5,1314
10,4086
10,3712
8,2132
4,1029
7,6926
10,2483
10,6882
6,2118
9,2963
3,944
10,3332
1,1905
1,373
3,696
7,1948
2,858
5,2016
2,590
10,2523
8,2706
1,698
5,1220
10,3246
10,3240
8,2318
7,2267
1,494
1,342
10,2246
3,950
5,2820
5,1146
10,2222
9,2477
1,470
1,361
5,1102
10,2084
1,406
10,2607
6,1911
1,360
1,394
5,1941
2,665
5,1474
7,1749
10,2108
9,3325
1,438
1,800
7,1658
1,406
6,2345
5,1416
10,2184
1,302
1,364
10,3813
10,2476
10,3020
10,2654
10,2013
4,1541
1,420
9,2277
10,2791
10,2237
7,2447
5,2531
6,1591
1,249
1,563
5,1414
10,2349
5,1866
2,895
8,1837
2,523
1,361
4,1456
8,1865
6,1473
1,496
10,2831
10,3160
1,249
1,353
7,2285
8,2146
7,2230
4,1150
4,1364
9,1926
1,485
2,823
1,383
4,1446
9,3041
7,2221
10,2348
10,2201
1,272
2,702
9,3053
3,959
8,2761
10,3292
10,3119
1,433
9,1971
1,250
3,835
3,943
10,3601
10,3104
10,3549
1,288
4,1034
10,2637
2,578
10,3288
10,2179
10,2267
1,378
10,3307
1,299
3,1110
10,3859
2,970
4,1695
9,2809
1,259
10,2986
10,3033
4,1031
6,2367
1,419
1,269
1,488
1,523
1,286
10,2454
10,3433
1,759
3,971
10,3082
1,295
8,2502
10,3384
5,1485
10,3561
1,316
1,476
1,412
10,2212
1,343
7,2548
7,2547
1,488
9,2022
4,1525
3,664
8,2257
1,671
10,2630
10,2991
1,423
6,1863
1,417
6,2193
1,252
10,3329
9,3220
1,319
10,2884
6,1306
10,3386
6,2062
1,474
5,1778
10,2141
1,384
8,2100
1,500
8,2266
1,228
7,2390
5,1656
1,340
10,2345
10,2125
10,3838
10,2302
1,366
3,764
10,3017
1,449
1,294
10,2615
1,287
1,271
10,3250
10,5410
1,493
6,1352
1,420
7,2877
10,2964
1,310
7,1686
1,571
6,2069
1,1140
10,3423
3,1235
1,281
10,3244
10,3384
1,423
7,2436
6,2061
10,2378
10,2225
1,333
8,2307
1,424
1,348
1,1142
6,1677
3,805
1,228
1,455
1,418
1,355
1,485
4,1308
10,2192
2,663
1,514
6,2059
1,419
1,702
1,586
8,2117
10,3521
4,920
1,389
1,453
1,281
1,504
3,803
10,2850
1,441
1,521
1,585
1,370
1,531
1,317
8,2999
7,1464
10,2304
1,240
1,321
1,266
1,337
10,3219
9,3487
1,279
1,487
1,261
1,320
1,387
1,388
10,3462
10,4285
10,3308
1,244
1,266
1,278
1,357
10,2953
10,3094
1,410
2,529
1,239
1,290
1,428
1,451
4,1527
10,4006
6,2078
1,315
1,302
2,916
1,349
7,2506
4,1117
1,359
1,448
1,281
1,357
10,2442
1,496
2,831
10,12136
10,2721
1,246
1,586
10,2455
1,287
10,10290
6,1339
1,506
1,454
1,250
1,276
10,2395
1,419
2,870
7,20146
10,2024
1,250
1,340
10,2124
1,335
10,10958
10,1999
1,341
1,728
1,266
1,279
4,1556
1,408
3,1176
1,437
10,2323
1,348
1,397
10,2290
1,298
10,2730
10,2833
1,436
2,654
1,240
1,615
3,1034
1,443
5,2058
1,294
10,3854
1,251
1,655
8,1972
1,303
1,556
10,3829
1,347
10,3397
1,270
10,2502
4,1276
7,1677
10,3641
1,252
9,2407
1,253
1,357
10,3284
1,287
1,487
1,382
1,261
9,2914
1,242
10,3249
10,2231
3,872
5,1247
1,230
10,3554
9,2281
1,369
10,2384
1,325
1,612
6,2340
1,495
4,1829
1,235
9,2881
10,2216
3,820
7,2359
1,461
4,982
1,590
5,1427
9,7935
3,1196
1,632
4,1427
10,3053
8,4024
3,1111
10,2100
6,1717
7,2030
2,716
1,343
2,521
10,2958
9,3094
10,3507
3,1048
1,506
1,390
10,3171
7,1634
10,2557
4,1313
7,2474
3,872
8,1870
10,2872
4,1357
7,2997
10,3479
4,1106
5,1729
1,283
1,546
9,2158
10,2223
10,2992
2,547
6,1653
7,2571
10,2336
1,259
10,2363
5,1569
10,13862
10,3664
10,3206
1,288
1,250
10,2569
8,2112
10,2792
10,3433
3,961
10,8493
5,1309
1,237
10,2870
10,3508
6,1976
1,419
10,3236
1,502
1,247
4,1311
1,450
7,2439
1,494
10,2513
7,1992
5,1774
1,366
1,367
10,3612
8,2700
6,2450
7,12934
1,324
1,301
10,2226
6,2165
10,3380
6,1479
10,2315
10,2983
10,2724
1,407
6,1369
10,2868
10,8015
10,2889
7,2943
1,439
1,290
1,369
3,1165
10,2179
8,2029
10,3328
3,923
2,620
10,3464
8,2730
3,1223
1,333
1,486
10,8612
10,3985
10,2603
10,2645
3,975
10,2942
3,1629
7,2094
10,3597
8,7377
10,3024
6,2019
5,1723
10,16419
1,306
5,5815
10,3169
1,357
6,1598
10,2574
10,3518
3,801
5,1710
9,3181
1,387
7,2934
1,395
3,1153
2,656
1,491
10,2988
9,3322
1,240
3,1487
10,3453
10,3173
10,3549
10,2516
10,6648
1,347
3,1211
1,282
10,3250
4,1307
1,489
10,3567
10,3977
1,319
3,906
7,3151
9,2969
7,3174
10,3014
7,2732
1,245
9,2999
1,440
10,3366
10,3799
1,555
9,3135
10,3162
1,387
10,2338
9,2836
4,1043
10,3531
1,691
9,2858
1,252
10,3509
1,410
9,3297
3,1165
1,364
3,969
5,1843
3,1076
7,2260
10,2669
4,1080
10,3324
1,701
3,1374
1,384
10,16526
1,325
7,2304
1,459
10,2878
7,18142
7,4828
10,3449
7,2715
10,15397
6,1857
7,23197
1,323
10,3642
1,248
3,1187
1,306
1,478
4,1000
1,247
9,3032
10,3467
10,3713
10,3630
1,577
10,2279
10,3693
1,488
10,3294
1,220
1,346
1,253
6,1951
10,3313
1,805
10,4239
1,447
7,12959
10,4149
1,434
1,358
1,634
5,1578
1,380
1,231
7,2200
1,271
10,3338
7,2353
1,489
1,469
3,1304
10,3809
10,2390
1,329
6,1680
1,552
1,383
3,1266
1,231
3,1175
1,282
1,346
10,15186
1,345
10,2926
5,1769
10,3483
1,359
1,454
6,1973
1,473
1,404
1,575
1,220
7,2459
1,311
1,388
10,3586
3,873
3,1284
3,7127
10,38736
1,471
1,515
4,1302
1,580
1,397
7,2488
2,593
10,3321
3,738
1,376
5,4343
10,2735
1,625
10,2181
9,34783
1,483
1,499
1,518
1,487
1,467
1,483
10,2233
10,2961
10,2147
1,347
6,2145
2,694
7,2587
10,3449
7,2297
1,439
1,755
1,428
1,341
1,404
1,557
8,2043
10,2276
10,3149
1,253
1,555
8,2164
1,524
7,2043
10,3328
1,286
1,548
1,552
1,938
1,389
1,564
7,2555
9,2700
10,3345
1,258
1,616
10,2308
1,479
9,2908
5,4694
1,330
1,749
1,356
1,453
10,3655
1,562
10,3142
6,2098
7,2271
1,388
1,914
10,3593
1,514
6,2033
10,3201
1,357
1,458
1,333
1,370
9,3119
1,817
10,2412
10,2995
10,2091
1,317
1,573
7,2215
1,403
10,2338
10,3826
1,286
1,561
1,275
1,277
7,2317
1,535
10,3038
1,415
10,2505
1,277
1,1990
10,11203
1,1078
10,3033
10,3318
1,255
3,1749
1,238
10,2365
3,1115
1,399
3,1101
1,369
10,2105
1,348
1,654
10,3454
1,711
1,533
1,327
1,369
1,680
1,246
10,3506
4,1329
1,417
4,1742
1,279
9,3034
10,3002
1,21782
10,3372
1,408
1,501
3,1109
10,3457
10,3773
1,371
10,2940
10,3534
1,748
10,2830
1,353
10,2943
4,1030
4,3151
9,3312
1,389
1,404
5,1687
10,3023
9,3177
1,332
9,3294
10,3973
6,1550
10,3749
1,329
4,1373
10,3580
4,1300
10,3131
3,963
1,384
1,529
8,2649
7,2867
3,924
10,3557
1,373
1,546
10,3228
1,266
3,1812
7,2456
1,400
7,3046
1,300
1,442
1,507
7,2393
7,2322
10,2200
7,2865
3,1044
1,399
6,2175
9,2447
7,2277
8,2630
1,371
3,1021
1,367
4,1171
3,1078
10,2922
7,2340
10,2421
3,1219
7,2220
3,1116
2,610
1,343
10,3406
10,2419
1,410
10,3313
1,504
1,400
1,517
10,3362
9,3016
7,2581
10,2269
6,2580
4,1473
4,1341
1,543
10,3317
10,3242
3,1183
1,330
7,2399
1,255
1,349
2,663
10,3692
10,3585
1,397
3,1629
2,683
9,2745
1,381
1,544
10,3220
6,2147
10,3176
9,2644
1,358
1,360
10,3231
1,432
10,4405
3,1106
10,30965
7,2458
10,3549
1,368
3,963
3,1093
7,2358
3,1202
10,3644
1,494
9,5747
3,1087
3,1145
10,3331
7,2497
7,2355
9,2666
6,4565
1,422
6,2278
2,740
6,2013
7,2304
10,2229
1,305
1,354
7,2379
3,1011
10,3043
3,1058
9,6613
9,2062
1,304
4,1571
7,2394
10,3315
10,6170
1,443
9,3266
1,402
1,363
3,1002
3,1176
10,2957
7,2658
10,15850
6,1915
8,12245
1,851
1,629
10,3156
10,3381
1,512
6,2005
10,3151
1,350
3,1182
10,3382
9,3161
10,3151
10,3101
8,2063
1,288
7,2496
1,650
1,458
8,2558
9,3174
1,460
9,3299
1,317
1,353
7,2519
7,2349
9,2493
10,3300
1,355
1,551
10,6115
1,491
3,1597
7,2342
9,2958
10,2890
10,4059
1,245
6,2049
10,3718
7,4693
10,3757
6,1984
4,1048
1,548
6,7730
1,602
4,1451
4,1434
1,657
4,1084
10,3482
10,2229
7,1708
9,2385
4,1339
10,3702
1,425
9,3074
1,346
10,4590
1,402
10,4905
3,1023
1,414
9,3346
7,2747
7,2315
9,2912
6,1943
5,1623
6,1790
1,394
10,3494
1,320
10,3477
1,409
10,3407
8,7115
1,505
7,2682
10,6247
1,486
9,2377
10,3323
10,3272
10,2258
1,1219
10,3195
1,604
3,932
1,393
7,2231
2,541
1,396
10,7466
8,19638
10,2981
10,2558
1,725
1,560
1,449
1,505
7,2965
1,351
4,1254
1,484
10,3345
2,5287
1,738
6,2125
1,864
10,3272
6,2075
1,482
3,1051
1,327
1,283
6,2170
1,536
10,2576
1,514
10,3156
10,3335
1,446
10,3382
3,1356
10,3456
10,2425
1,400
6,2304
1,375
1,358
10,3341
1,424
3,1198
1,505
5,1738
2,506
1,483
1,511
2,32674
1,415
4,1481
1,553
5,1833
1,455
1,332
1,652
1,491
1,527
1,381
1,370
4,1358
1,777
10,3425
3,1353
9,2534
1,448
1,611
3,1043
1,400
1,331
10,3629
3,1303
1,438
3,1054
6,1940
10,2363
3,981
10,5692
3,1211
7,2540
1,577
1,409
1,629
1,304
1,395
10,4892
7,2691
4,1377
10,3342
1,490
8,2474
1,473
3,1146
1,532
10,3711
1,414
1,348
1,556
1,367
1,276
4,1646
10,3288
10,2933
9,2406
1,336
10,3387
1,505
4,1297
4,1350
10,16701
1,406
4,1173
1,606
1,358
1,617
3,1126
10,7493
10,3566
6,1781
1,413
10,3533
10,2670
1,560
7,2386
8,8091
1,375
1,381
1,640
1,395
4,1511
1,484
7,2517
7,19568
10,2609
1,471
6,1678
10,3314
1,404
10,2672
10,3142
4,1374
1,292
1,475
1,376
9,2301
1,450
10,3246
6,2152
7,2193
1,470
1,466
7,2280
1,374
7,13858
10,3158
1,362
1,368
1,761
1,380
10,5769
1,493
10,3281
10,3644
10,3037
1,480
1,413
9,3001
1,503
10,3762
1,437
1,251
1,1019
1,642
4,1726
7,5657
1,358
3,1104
5,1492
4,1049
1,504
1,338
6,1945
1,504
6,3587
9,2927
1,441
6,1528
1,663
10,3640
6,5842
1,357
7,1694
9,30424
9,3020
1,478
1,254
10,4216
1,373
5,2245
3,1173
1,307
9,3290
1,757
9,3203
10,3089
1,248
10,3581
1,465
7,2456
1,501
1,389
1,554
1,429
10,9618
2,807
1,306
10,3562
1,499
10,3432
8,18360
1,354
9,2956
4,1281
10,3122
4,3925
1,443
4,1071
1,596
1,503
1,505
1,505
4,1564
3,1231
10,3518
1,555
1,393
10,3066
1,393
10,11278
3,1120
1,416
9,2224
1,330
1,555
1,473
10,2217
7,12400
6,1564
7,9992
10,3410
1,362
3,1098
1,501
6,1933
2,862
1,326
10,3178
1,553
1,687
1,416
9,3438
10,17007
10,3613
6,1772
4,1891
5,1911
4,1885
1,453
8,1799
8,2640
1,443
10,3115
3,1269
1,363
1,391
10,3811
10,8058
7,2728
10,42125
3,992
1,346
9,3301
1,432
10,2535
7,2440
1,433
7,2420
1,585
1,742
1,361
7,2555
10,3343
10,3579
4,1422
2,824
3,1135
3,1019
1,476
1,383
6,2440
10,3234
6,2078
1,502
1,732
1,345
10,3693
1,577
10,3262
3,1035
4,1467
1,614
10,3625
4,1417
10,3500
10,2451
8,2820
10,3234
10,3526
1,532
1,353
10,3619
3,877
6,2129
1,31342
3,1251
10,2587
1,405
1,2004
3,1142
7,2401
6,2466
10,3550
10,3352
1,576
1,439
1,741
2,929
4,6172
3,1255
3,1141
5,1358
1,664
6,1967
2,672
7,2491
10,3178
1,367
9,2938
4,2049
1,398
10,3179
3,1111
4,1724
1,2654
1,612
9,2728
6,2124
1,409
4,1277
10,3366
3,1412
10,3509
10,7373
1,420
3,936
3,1276
1,563
9,3315
4,1675
1,507
7,4131
7,2564
1,379
1,462
2,753
7,6412
4,1395
5,1709
4,1430
1,390
3,1263
4,1584
1,468
10,2685
6,1987
10,3295
1,553
3,1062
1,583
3,1130
9,2896
3,965
7,20187
1,13726
3,1119
1,578
8,2965
10,3565
7,6762
7,2911
5,7842
1,658
2,676
1,1382
4,3822
2,678
1,442
3,1097
10,7321
1,398
4,3149
10,3578
8,2637
10,8635
7,6900
1,545
1,565
1,352
1,440
1,576
1,458
1,294
4,1438
2,751
1,472
10,5483
10,3036
10,20609
10,3872
10,3875
4,1370
1,438
4,1745
1,398
2,964
4,1427
1,262
4,1325
3,943
5,1746
5,1872
7,2623
7,17519
5,3791
5,2090
4,1415
1,441
6,2104
1,639
8,5043
3,1232
1,297
2,905
7,2756
4,1728
7,2810
10,14902
10,17898
6,2464
9,12739
3,919
1,508
10,3133
1,735
4,8062
1,487
1,308
7,7590
6,2656
7,2611
5,1923
5,1907
8,21562
1,683
1,389
2,827
1,437
10,3270
1,744
10,10220
7,2540
1,384
3,1144
7,2864
7,3158
1,711
10,3313
1,522
10,46688
10,3158
4,1364
1,385
7,18512
1,525
10,3597
9,2081
1,270
4,1775
7,2238
10,3429
10,53008
6,1683
9,2531
1,629
1,519
6,2487
1,416
7,7845
1,438
8,2881
8,1806
1,507
6,6067
8,2688
9,7185
5,1787
10,5673
2,911
1,591
1,523
3,3803
1,449
6,13659
4,1455
10,3123
1,437
3,1096
6,2073
3,1266
6,2035
6,2608
1,540
2,759
1,561
1,581
6,2032
3,1190
4,1367
10,2658
1,660
10,3441
1,344
10,3350
10,26666
4,1412
10,7058
1,492
3,1104
1,572
1,827
10,2965
6,2810
1,411
4,8266
10,3370
10,3071
1,437
6,2122
1,486
4,1577
1,409
1,385
1,888
1,423
1,387
7,8907
7,2305
2,1040
10,3224
1,611
10,2195
3,1095
7,2304
2,915
3,1193
1,457
1,432
1,642
1,406
1,571
7,2310
9,2845
1,419
10,38250
2,716
2,573
10,3344
7,2598
2,869
2,902
1,407
1,481
1,1697
1,471
1,640
10,2510
10,3258
10,3172
6,2161
1,359
10,3044
1,517
10,8899
10,3540
6,2486
1,394
1,624
1,485
1,411
1,456
6,1978
6,1829
4,1443
10,3100
1,690
9,3320
4,1470
4,1894
4,1344
10,3438
1,378
1,587
1,432
6,2763
1,739
4,1342
10,3171
8,2597
6,1956
6,4309
1,576
7,2357
1,588
10,3959
6,2047
1,636
1,523
3,872
1,602
4,1463
7,2576
4,1240
8,2506
4,1381
1,1722
1,402
7,2740
1,575
8,3316
10,3202
1,456
1,409
3,1169
4,1681
4,1566
1,461
1,492
9,3090
2,849
1,540
1,435
5,1678
1,458
10,4283
10,3043
1,517
1,464
1,409
4,1795
2,861
1,474
7,1736
10,3547
3,1072
1,512
1,425
10,3257
1,433
10,3711
8,2434
7,2262
4,1340
1,452
2,981
7,2450
1,456
4,906
10,3350
6,1927
1,567
1,269
6,1467
1,774
10,3508
7,2374
1,374
4,1389
1,472
3,1036
6,2200
1,512
9,2989
6,2141
7,2301
1,607
1,419
4,1720
1,1701
6,2382
7,2132
4,1578
10,2203
10,14453
7,2718
6,2281
1,362
10,3440
2,853
6,2406
1,281
1,407
4,1426
1,593
1,575
2,778
4,1821
2,772
1,705
7,2627
10,6847
1,431
10,3315
1,388
10,3299
10,2753
1,507
3,1232
1,562
1,478
4,1400
2,833
3,1302
1,370
7,3031
10,7098
1,435
6,1992
1,1555
7,2578
10,2942
1,502
2,873
1,511
1,397
1,465
3,941
6,2119
7,4534
4,1505
7,12148
1,405
3,969
1,548
10,3656
6,2111
1,364
4,1658
1,407
1,586
1,422
6,2017
6,2275
1,572
8,3084
8,2977
1,488
8,2609
1,407
7,5107
8,7657
8,1924
4,1841
1,373
1,655
1,530
3,7303
10,12513
10,7098
6,14390
3,1210
4,2351
10,15753
1,406
8,2864
4,1047
10,2711
6,1608
2,812
1,690
1,480
6,4334
7,2310
10,14429
10,27904
1,697
1,431
1,6462
1,436
1,470
10,3023
10,2978
6,2474
1,345
6,2466
1,572
7,2214
7,3074
9,3387
3,1190
4,1649
1,406
10,4743
1,446
1,519
10,2379
10,3278
10,3335
10,5451
1,532
1,626
3,34650
8,1880
7,48174
1,551
4,1498
2,822
2,786
1,356
3,1296
4,1136
10,2475
10,12027
8,3060
1,443
2,979
7,12145
4,1618
4,1437
2,992
2,829
8,2819
4,2816
10,3189
1,377
2,603
2,457
7,1733
9,2882
1,583
1,582
10,33894
1,694
3,1367
2,855
2,881
6,1953
1,352
1,415
1,519
6,2107
10,2171
7,2328
8,5883
1,605
1,578
7,2108
2,911
2,1072
10,3682
1,489
10,3744
1,1076
1,437
1,601
1,343
10,2270
6,1745
10,3847
10,8992
1,676
4,1260
2,936
6,2071
4,1627
10,3358
6,1758
1,403
3,1085
1,475
8,2594
2,580
6,1385
10,3170
4,1511
1,734
1,433
10,3246
9,3146
8,11152
6,2510
8,2724
1,753
10,3411
1,412
1,479
8,1803
1,380
2,943
10,3534
8,2779
2,819
4,1571
6,2107
8,2970
8,2948
10,3455
1,370
10,3101
1,353
10,2512
10,2456
1,388
10,2925
8,7001
1,313
8,2708
10,4244
10,3249
10,3762
10,3769
2,1066
1,417
6,2022
1,689
9,2695
2,558
1,375
6,1666
7,2449
1,416
10,8842
10,3433
10,3239
10,3403
10,3164
4,1150
1,446
2,2352
4,2431
10,2803
10,2818
4,2305
10,3519
10,3246
10,3431
4,1312
8,3088
7,2117
10,8170
9,3545
10,2301
1,489
8,2543
1,405
10,2398
10,2095
1,352
10,3813
4,1425
4,1550
4,5815
10,3499
7,2289
2,741
10,3788
6,1867
1,484
7,1975
1,1351
2,490
10,2098
1,456
6,2212
2,659
10,3510
8,2413
10,4102
1,668
6,2109
1,412
8,2593
1,439
4,1320
2,668
10,2903
10,2602
1,444
7,2515
3,1109
9,3084
10,3366
6,2254
1,645
1,516
1,457
6,2409
3,1183
8,2030
2,703
9,2069
8,2204
1,402
2,710
6,2199
10,4561
10,3095
1,497
1,670
1,476
1,460
10,10236
1,504
2,453
1,482
1,272
1,524
1,436
9,3033
6,1703
6,1918
2,780
1,717
8,9411
1,714
1,1765
9,2859
1,742
1,379
4,1247
1,244
1,372
1,253
4,1159
8,2142
10,3344
6,2359
7,1649
1,657
3,1235
1,504
2,799
4,1873
3,741
8,2746
1,269
1,310
1,435
4,1634
3,1171
3,751
6,10468
1,476
1,513
1,437
1,2134
7,7202
5,1995
8,2305
10,3114
1,322
1,254
1,413
3,1265
1,291
6,1772
1,459
1,561
1,389
1,496
1,418
4,932
7,3331
1,360
8,2764
1,358
1,329
2,774
8,2267
10,2104
10,3198
1,366
1,363
4,2806
1,616
1,473
2,500
10,5791
10,2111
10,3545
1,355
1,651
10,3391
1,387
10,3099
10,3326
1,344
1,353
1,465
1,573
1,460
4,1386
5,1836
10,2100
9,2951
1,359
1,429
10,3587
1,397
4,848
7,2303
1,472
1,357
1,904
1,494
1,448
3,1003
9,10626
9,1979
6,2259
1,355
1,277
10,3424
1,426
2,533
10,3353
1,428
1,533
1,485
1,285
10,2363
8,2597
6,1958
2,632
2,584
1,263
1,399
4,1368
1,346
7,2414
7,1828
1,427
1,382
1,501
1,440
3,1158
1,263
5,3616
7,2487
10,3353
1,264
1,257
8,2594
1,249
9,2352
4,954
1,348
1,419
1,454
10,3435
10,3345
1,301
2,774
9,2793
3,4959
8,1983
7,2431
10,3792
1,360
10,12477
10,3140
1,436
10,3807
1,445
7,2971
6,2028
1,594
4,1379
10,3006
10,3251
2,605
10,3397
6,2084
1,252
1,463
3,1024
1,479
3,1229
2,797
10,3215
8,2856
1,425
4,1407
1,426
10,3286
10,3476
10,3168
10,3287
1,344
1,673
8,2449
1,358
10,3594
1,452
10,3926
10,7975
1,372
3,1090
1,250
3,1117
10,2307
10,3395
6,2029
1,244
1,376
1,416
4,1327
6,2136
10,3187
10,3724
3,1078
1,445
7,2926
1,292
10,3175
10,3170
10,2377
3,1084
1,307
1,355
1,369
10,2217
10,4242
10,6092
8,6113
7,2083
1,323
4,1021
1,247
6,3642
10,2226
3,719
10,3340
1,364
1,331
1,340
6,1399
10,9203
10,3080
4,1396
4,2043
1,324
6,1989
1,356
7,1561
10,2323
10,3178
6,2016
1,479
1,297
1,337
10,2536
3,956
9,2943
2,963
2,498
1,259
6,2371
1,265
7,2430
10,2476
10,2363
7,1970
3,819
1,414
1,244
6,2014
7,1611
9,3390
6,1893
7,2605
1,414
10,3371
1,258
4,1393
2,698
4,1031
10,18159
8,2412
1,392
1,255
10,7232
4,1728
10,3186
1,437
10,2780
1,334
10,3640
1,264
1,334
10,2659
6,1413
2,635
1,306
1,513
1,282
9,2888
6,1566
1,780
8,2117
6,2269
8,2087
1,386
10,3283
3,744
2,601
1,396
4,1210
10,2225
1,364
1,491
6,1312
8,2918
10,3037
1,571
8,2954
1,342
7,2243
1,464
1,367
8,1768
10,2898
7,2350
9,2878
10,2243
1,364
4,963
1,675
3,955
10,2699
3,1090
8,2308
8,2835
1,273
1,317
10,3119
5,1410
4,1102
7,2198
8,1955
1,286
4,1473
10,2627
10,2247
9,3276
1,567
2,652
6,2290
5,1827
1,326
10,3478
10,3160
3,976
2,800
10,2976
6,1565
1,540
10,2930
10,3334
10,2519
10,2645
10,2211
1,1494
10,2644
1,397
10,2512
10,2134
8,2326
10,3226
10,3926
2,802
1,411
4,1123
7,1796
2,661
4,1025
9,2008
1,450
10,2122
1,376
8,2420
9,3017
3,1102
9,3284
10,2218
3,782
8,2168
10,2578
10,3139
10,3591
2,499
10,2205
1,738
10,2135
1,358
10,2757
10,2663
1,376
10,2689
10,2964
1,446
3,997
2,639
10,5798
10,3431
7,2957
2,694
1,482
10,2055
1,374
1,477
5,1174
1,258
10,2929
2,945
10,2309
10,2390
10,6812
7,1772
9,2801
9,3172
10,3404
4,1374
10,2826
1,287
1,309
1,433
1,282
8,2692
10,3199
10,2980
10,2502
9,2012
3,1123
1,385
10,2659
10,2413
1,367
5,1166
1,268
1,245
1,345
1,282
10,2122
9,2064
4,1105
9,2100
1,590
10,2563
1,404
1,363
8,1772
1,590
4,980
7,1817
1,243
1,716
1,382
10,2308
10,2063
7,1987
10,2409
1,366
1,394
1,333
1,311
10,3244
1,485
6,1627
1,480
1,276
1,391
1,271
10,2926
6,1423
9,3381
2,801
1,352
1,385
1,310
1,287
10,3228
1,616
10,2831
8,2001
1,240
1,314
1,249
10,2315
2,761
8,2252
10,3356
1,329
1,361
1,594
1,237
10,2356
1,508
2,512
2,609
1,258
1,368
1,254
10,2547
10,2348
10,2520
7,1589
1,269
1,377
1,406
1,378
10,2129
1,422
10,2239
10,2997
1,252
1,398
1,262
2,528
10,3259
9,3012
1,437
1,421
1,269
1,398
1,376
10,2321
2,778
10,2167
9,2979
1,330
1,554
1,342
1,411
1,272
10,2860
1,275
1,298
1,302
1,542
1,365
10,2232
2,755
6,1278
10,2044
1,278
1,501
6,1396
1,231
4,1352
10,2687
1,339
1,299
1,300
1,412
1,346
2,640
1,276
4,1412
2,606
8,2490
1,330
8,2152
1,285
10,2738
10,2018
1,308
1,285
1,253
1,457
1,332
1,388
10,4071
8,2150
10,3496
2,750
5,1448
7,1694
1,245
8,2033
10,2819
1,286
1,258
1,536
9,3073
1,358
1,218
4,1492
10,3157
8,1915
10,2382
7,1774
10,2292
1,240
1,459
10,2690
1,285
10,3527
1,475
8,2033
8,1783
1,296
4,1299
1,541
10,3115
10,2179
10,3357
10,2414
1,362
1,297
2,468
1,246
8,2709
6,1340
10,2942
10,2546
1,316
8,2970
1,240
8,1974
10,3006
10,2472
4,974
1,346
1,311
1,362
1,255
10,3365
3,806
10,3729
10,3653
1,297
9,3206
1,238
10,2704
10,2610
5,1616
2,824
1,338
1,385
10,3343
1,304
10,3751
1,377
1,3267
9,3008
1,305
10,3641
1,368
9,2671
10,2431
10,3823
10,3267
1,282
1,259
1,517
1,293
9,2918
10,2475
10,3265
10,3088
1,329
6,2052
1,236
10,3207
10,2122
10,3855
10,3221
1,299
1,448
1,433
10,2250
10,2964
10,2649
10,3247
10,3055
1,258
6,1529
1,255
10,2129
4,935
3,798
8,2958
2,542
1,409
1,260
10,2821
10,2312
4,1303
2,829
2,559
1,277
10,2331
1,278
10,2362
1,375
6,1687
5,1757
6,2464
1,373
1,283
8,1879
2,677
10,2260
10,2095
10,2461
1,346
3,1056
1,397
2,594
10,2525
4,1508
10,3069
10,2705
1,271
1,485
10,3211
1,419
7,1485
2,857
1,615
9,2011
10,3378
1,280
10,2666
5,1742
3,993
10,2258
3,777
1,256
1,421
10,3336
9,2494
9,3004
10,2805
10,2234
4,1007
10,3371
1,271
1,421
10,2895
10,3292
10,3590
10,2221
10,2388
1,228
10,3225
10,3069
8,2270
2,11289
9,2040
10,2761
2,807
10,2267
1,436
10,2566
6,1469
10,2429
8,1808
8,2156
1,222
10,3321
2,618
10,2392
10,4541
10,2781
1,395
6,1879
5,1664
1,311
6,2477
10,2805
10,2046
4,1056
10,2860
1,267
2,867
10,2244
5,1812
8,1998
6,2078
10,3289
10,3626
10,2676
1,253
9,2984
10,4371
2,597
10,2614
10,2832
1,271
2,691
10,3197
10,2567
10,3074
2,493
6,1397
7,10666
10,3428
1,259
5,1287
7,1627
5,1432
7,1671
10,2160
9,1961
10,2220
1,472
10,2987
10,2514
10,3335
10,3040
7,2403
10,3164
1,248
10,2908
10,3345
4,1039
10,2322
10,2366
6,1279
4,1192
10,2085
10,3375
10,2676
1,509
10,3603
1,529
10,2007
1,241
1,336
4,1292
1,345
10,3439
2,624
2,647
10,3161
10,2919
10,3529
8,2791
4,1594
10,2509
1,475
10,3036
1,241
1,363
1,412
1,322
10,2601
10,2096
10,2292
8,2430
8,2254
10,3111
1,380
8,2472
10,2343
1,408
5,1678
1,297
1,324
1,271
1,387
10,2219
10,3234
10,2592
10,2640
1,372
2,828
1,275
10,2283
10,2448
4,1280
4,1003
1,247
1,248
1,253
1,258
10,3210
10,2061
1,341
10,3333
1,501
5,1578
1,317
1,421
10,2406
1,351
6,1349
1,256
1,391
1,360
1,284
10,2329
6,1513
4,969
6,1829
1,322
1,391
1,262
1,301
10,2567
3,1109
10,2106
2,790
1,340
1,364
1,246
10,3164
5,1376
8,1966
10,3039
1,376
1,300
1,281
1,295
10,2141
1,290
5,1234
10,2594
1,342
1,337
1,228
10,3329
10,2159
8,1717
1,393
1,382
1,244
1,310
1,432
10,2342
8,1991
10,2097
3,956
5,1797
1,283
1,233
1,386
10,2091
10,2477
1,350
1,492
1,242
1,261
1,290
10,2063
1,379
10,2078
10,3298
1,368
1,272
1,273
1,250
4,1747
9,2116
1,337
1,288
1,235
1,264
1,248
1,627
1,421
6,1860
8,2274
1,355
1,280
1,273
1,429
10,2521
10,2256
1,291
1,256
1,361
1,318
1,260
1,367
1,403
4,967
10,1994
1,290
1,293
9,1931
1,375
5,1128
10,2354
1,262
1,239
1,256
1,513
1,247
1,336
1,521
5,1428
10,2159
5,1191
10,2260
10,3330
1,305
1,568
10,3281
1,291
1,322
1,250
9,2146
1,243
1,330
1,355
10,2398
7,1876
8,2310
10,3582
6,1216
1,251
1,875
10,3296
1,349
10,2530
1,298
8,1921
1,243
1,589
3,891
1,379
10,3235
10,2379
4,1089
10,2172
1,222
1,393
10,3116
1,370
7,2197
1,227
10,3116
7,1640
1,311
8,2366
1,380
8,1787
10,2429
10,3237
10,2185
1,249
1,700
2,514
1,365
10,2297
9,1873
10,2160
10,3173
1,410
10,2529
1,395
10,2898
10,3553
10,4198
1,294
1,253
1,426
1,396
1,397
10,2912
4,857
1,411
10,3062
1,337
10,2710
1,477
9,2875
10,3068
10,3442
10,3410
1,247
1,458
10,2529
10,2716
9,2448
1,403
10,2746
9,2144
1,247
10,2052
1,391
10,2767
2,624
6,1949
10,2706
4,941
1,397
1,326
10,3343
10,2317
10,2807
10,3373
10,3446
1,272
2,887
1,492
10,3587
6,2334
8,2890
10,3115
6,2038
1,386
1,232
10,2557
10,2809
10,2238
2,880
10,2903
10,2416
7,2512
1,360
10,3814
3,1203
4,1621
5,1966
10,3015
1,389
1,273
10,2300
3,779
1,322
10,2281
3,702
4,885
10,3496
7,2310
2,629
10,2749
8,3172
10,3194
5,1377
1,430
1,246
10,2363
1,535
10,2227
4,1257
10,2587
10,3315
10,2822
1,334
10,2316
6,1532
1,524
10,2060
10,3285
10,2334
1,225
10,2949
10,2350
6,1474
10,2408
1,435
10,3037
8,2069
1,445
1,606
4,1301
2,862
10,3698
6,1305
5,1310
1,222
10,3055
1,267
9,2988
1,761
10,2788
6,1335
10,2992
1,428
1,494
10,3528
10,2697
10,2107
4,963
7,1932
1,276
4,985
10,3379
8,1968
5,1285
10,2167
10,2059
5,1326
3,751
1,326
10,3616
2,765
10,2000
10,3045
10,2996
1,251
10,3081
5,1738
10,2398
10,2118
10,2234
10,3543
10,3395
4,1307
1,333
7,2380
6,1925
5,2085
5,1110
8,2107
1,237
5,1164
10,2980
5,1429
6,2143
6,1345
7,1731
10,3061
8,2296
1,294
4,2934
2,759
5,1991
10,2437
10,3238
1,240
10,2173
10,3144
10,3022
10,2783
5,1381
9,1845
10,3312
10,2194
1,247
1,263
8,2729
1,391
7,1805
5,2098
10,2982
10,2136
9,2650
10,2196
1,519
10,2218
10,3171
10,3767
10,2135
1,239
10,2304
4,1128
1,354
9,2058
10,3278
6,1466
6,1147
10,2507
10,3376
1,324
4,1081
8,1807
2,564
10,2002
1,271
1,249
1,432
1,575
8,1798
3,1093
5,1801
10,2891
5,1202
10,3191
1,737
5,1504
10,2189
5,1389
2,544
1,257
1,255
1,387
1,358
10,3248
2,836
10,2105
5,1737
1,574
10,3291
1,434
10,3821
10,2589
1,420
6,1910
1,423
1,250
1,345
1,406
10,2285
10,2562
10,3106
10,2532
1,399
2,774
1,263
1,487
10,2703
1,265
6,2052
1,277
1,231
1,388
1,383
10,3802
10,2856
4,1081
1,466
1,358
5,1192
1,350
1,258
3,649
1,361
8,1887
4,1118
1,257
8,3238
1,300
3,1384
8,1907
5,1766
1,357
1,346
1,430
1,471
1,245
1,385
1,451
10,3023
1,303
1,351
1,431
1,253
1,474
6,2496
5,1205
1,512
1,404
1,353
1,488
1,374
2,647
1,466
6,1712
10,3225
1,313
1,340
1,245
2,603
10,3447
7,1953
1,320
1,351
1,249
1,406
1,379
1,398
1,254
10,3354
5,1964
1,571
1,403
1,254
1,456
10,3120
9,2328
1,251
1,295
1,246
1,364
1,1090
1,321
1,244
10,3225
10,2496
1,423
1,447
10,2480
1,261
2,732
8,1762
1,311
1,244
1,303
9,2903
1,544
1,246
1,246
4,1279
6,2051
10,3397
1,273
10,2541
1,248
10,2822
8,2099
1,307
1,272
1,299
1,513
1,470
1,363
1,276
2,838
9,2069
4,1499
1,255
5,1174
1,372
4,1743
10,2153
1,350
1,241
1,291
10,2708
1,469
1,279
1,289
10,2753
10,3330
10,8357
2,825
10,3169
1,266
1,423
10,2260
1,350
10,2061
1,251
10,2301
1,384
1,232
4,1444
4,1197
5,1861
10,6464
5,1289
10,2285
1,299
1,402
5,1181
1,277
5,1446
1,271
5,1390
5,1515
1,291
10,3126
1,584
7,2672
10,3333
10,2843
10,3398
1,450
1,290
3,1227
10,2288
7,2486
1,240
5,1482
7,1536
1,292
10,2946
1,290
5,1093
10,3985
1,446
7,1631
1,359
1,252
1,491
7,2236
8,2839
10,2453
5,1649
8,2924
1,291
10,2466
1,264
8,2036
6,2028
9,3003
9,2093
1,348
1,358
2,651
9,2059
9,3078
5,1418
6,1538
9,2209
1,258
10,2537
1,543
9,2466
4,1498
10,3271
8,1949
1,401
1,255
2,737
8,2481
10,3215
2,702
3,939
10,2375
10,2555
6,1357
1,308
10,2314
8,4396
8,2075
4,966
6,2034
1,361
10,2573
10,2545
5,1383
10,2253
9,2319
5,1313
6,1312
10,3193
1,276
10,2080
1,626
10,2281
10,3189
8,1860
1,841
1,519
3,904
3,997
10,3540
10,2350
3,730
10,2847
10,2689
1,242
3,992
1,613
1,320
10,2200
10,2172
1,606
1,412
10,2721
2,614
10,3672
7,1621
10,3454
10,3435
8,2027
1,321
10,3725
2,788
9,1939
10,2107
6,2101
1,399
1,326
1,371
1,342
5,1513
4,1123
2,688
4,1440
10,2445
1,361
5,2342
8,2607
2,599
3,1037
10,3366
10,3297
1,271
2,489
10,2680
8,2086
1,519
1,436
10,3377
5,1906
1,257
2,566
10,2761
10,2455
1,469
4,1353
10,7194
1,225
6,1780
3,1259
5,1278
10,3128
10,2333
10,3243
10,2757
10,2701
1,463
6,1849
4,979
2,819
2,506
10,6861
1,260
10,2454
10,2558
7,1705
1,405
10,2430
10,3567
10,3044
10,7742
1,488
2,808
9,1913
6,1980
10,2088
10,3883
1,234
6,1412
6,2118
4,919
1,374
10,2245
4,1477
10,3025
8,2612
1,303
1,402
2,602
6,1471
4,1496
10,3386
1,236
10,3501
10,2966
8,2035
1,384
8,2839
10,3151
10,3253
10,3536
1,319
4,1374
10,3628
1,258
10,2355
10,3347
1,279
4,1104
10,3164
10,2196
1,384
6,1689
10,3296
2,550
10,3244
1,273
1,430
10,3553
1,288
10,4594
10,3929
1,290
10,3705
7,1659
8,2069
1,371
10,3332
10,3335
5,1155
10,3333
1,239
1,424
10,3254
1,305
10,3725
8,2713
10,2103
10,3543
10,2453
10,2044
1,362
2,661
10,3342
1,368
2,861
1,237
8,2668
6,1256
1,452
4,1476
1,352
8,2523
4,1001
4,1042
5,1527
1,350
10,2974
10,3226
1,395
10,6408
1,248
1,3801
1,276
1,415
10,3737
6,1836
6,2106
10,3110
1,481
3,1031
1,410
4,1680
6,2311
1,324
10,4599
1,300
2,660
8,2862
1,369
10,3207
1,641
10,2204
1,464
1,667
6,1622
1,398
1,385
1,463
1,292
6,2028
1,249
1,354
1,566
1,323
10,2959
10,3301
10,2248
1,290
1,324
2,580
10,3663
1,459
1,404
1,284
8,3026
1,273
8,2969
1,618
1,327
6,2342
2,844
2,607
1,256
1,331
1,539
10,3445
1,276
1,419
1,260
1,361
6,1363
1,526
1,635
1,474
1,5247
8,2156
4,983
1,735
1,336
2,815
10,10125
1,252
1,373
1,499
2,722
3,740
1,567
1,551
1,503
1,587
8,2239
10,2398
1,298
1,252
1,258
10,3198
1,325
1,481
1,361
10,3611
10,2504
1,423
1,517
10,2101
1,605
2,503
10,3644
1,268
1,261
1,239
10,2655
1,358
1,602
1,330
8,1929
6,1364
1,423
1,701
4,929
10,3416
4,1532
10,3791
1,329
1,262
1,351
4,1529
1,319
1,573
1,329
7,2313
10,2804
9,2423
1,336
10,2189
10,4405
4,1594
10,3384
1,434
1,319
1,247
1,527
1,369
1,615
5,1830
4,1421
4,985
1,406
1,396
10,2538
1,444
8,2290
10,7677
1,385
1,526
1,280
2,868
1,313
1,472
10,2453
4,1422
7,1440
5,1328
1,322
10,2345
1,500
1,485
10,3409
1,360
10,2507
1,283
6,1428
1,418
1,611
10,3373
2,719
10,2544
1,354
1,473
10,3079
1,513
1,492
10,3712
10,4180
10,2663
1,347
4,1471
10,2901
2,803
10,2203
1,368
4,994
1,316
5,1771
10,2980
1,587
1,555
8,2757
10,3749
10,2844
1,268
8,2935
10,2572
8,2710
10,3127
1,582
10,2994
1,355
8,2933
10,2680
8,2776
1,372
1,565
10,2978
10,3343
1,368
1,538
10,3621
4,1676
5,1293
1,301
10,2870
1,567
3,1124
8,2301
6,1991
1,300
1,473
10,2962
10,3229
10,2419
1,470
10,3404
8,2732
10,3793
1,372
10,3461
10,3383
10,6909
10,7250
1,381
1,305
1,595
4,11521
10,18110
6,1382
1,281
10,7257
10,3361
8,2185
8,2685
10,3044
8,2127
9,6274
10,3395
1,374
1,241
1,532
10,3098
4,1581
3,808
1,315
10,3588
5,1461
5,1310
1,373
10,3302
9,2287
9,2911
10,3246
1,320
1,331
1,535
6,2025
1,651
10,3297
1,324
2,893
8,2834
7,2120
1,392
10,3379
10,2144
2,818
10,3443
1,426
2,1026
1,530
10,3195
8,2663
10,3194
1,293
8,2455
2,1023
4,990
1,539
10,3357
9,2052
5,1824
2,906
10,2922
1,459
1,618
10,3387
1,469
10,3085
1,432
1,577
4,1361
2,948
1,423
1,447
2,621
7,2359
1,537
8,2134
1,495
2,961
8,2518
2,900
4,1075
1,328
1,551
10,2862
10,2346
1,284
1,411
10,2484
1,396
6,2048
7,1799
1,338
1,452
6,2027
10,3578
7,1517
1,603
6,2145
2,933
10,2348
2,1257
1,404
4,911
3,1301
1,475
2,799
5,1144
1,349
10,3431
8,2847
10,2948
1,357
8,3005
10,3960
10,3488
1,313
1,1301
9,2125
1,497
1,497
4,1210
10,2587
6,1934
2,903
6,1324
10,3197
8,2663
10,3584
5,1786
5,1169
9,2322
1,408
10,3430
7,2403
1,444
1,431
9,3151
1,456
8,2604
7,1553
8,2625
5,1793
8,2559
2,869
3,1198
3,1049
1,445
9,2560
4,1413
1,409
4,1414
10,3371
1,472
2,694
2,797
10,3467
1,560
2,985
9,3181
6,1326
5,1489
1,405
6,1331
5,1481
8,2358
2,954
1,721
1,485
2,545
10,2761
10,3111
10,2716
4,1609
10,2328
1,452
1,476
1,375
10,2467
9,3120
1,438
3,1131
10,3070
2,591
8,1976
10,3876
10,2924
1,305
4,1555
7,2392
1,285
1,473
1,567
6,1493
3,1147
1,418
5,1922
10,3209
10,3185
4,1147
4,1484
10,3262
2,905
7,2680
10,2990
1,346
10,3211
1,566
1,312
1,328
4,8474
9,2937
10,2379
8,1764
8,2572
8,2521
1,448
9,2547
1,295
10,2349
1,322
8,1782
4,2228
1,341
3,944
1,342
9,2386
1,266
4,1370
4,1171
1,481
2,576
10,2267
1,388
10,3315
1,271
9,1984
8,2597
1,723
5,1711
1,353
10,2654
9,1851
4,1209
2,638
1,395
1,412
9,3117
1,389
10,2635
1,254
10,1957
1,469
1,706
6,1902
1,305
10,2663
4,1353
8,2189
1,415
1,841
1,531
1,430
1,358
1,279
1,253
10,2196
2,798
4,1351
2,902
10,3670
7,2166
10,2574
1,600
1,434
1,401
1,485
1,496
10,2543
10,3007
1,370
10,2117
6,2022
1,261
10,3628
1,471
10,2203
2,660
5,2044
1,289
3,784
1,571
8,2161
1,347
3,883
1,353
2,870
8,1988
1,428
10,3351
2,714
10,2322
10,3385
1,552
1,357
1,367
1,498
10,2777
10,3115
1,418
1,347
4,1141
2,706
1,383
10,3047
8,2273
10,2522
10,3592
9,2339
1,790
1,284
1,1541
10,3035
1,395
1,341
6,1769
10,3171
8,2552
1,563
8,2477
2,895
1,338
10,2751
9,2347
1,300
1,329
1,487
2,973
1,392
1,354
10,2316
10,2905
4,1141
1,512
1,518
8,2225
3,791
6,1359
8,2501
1,276
1,450
1,558
8,2576
1,339
1,318
10,2511
9,1969
8,2125
4,1602
7,2298
8,2474
1,548
10,2257
10,2398
1,324
1,449
1,542
10,2574
1,338
1,540
10,2340
10,2672
2,910
1,353
9,2750
1,617
1,270
8,2221
10,2173
1,322
1,306
1,585
10,3140
1,562
1,274
10,2258
10,3298
2,591
1,408
1,787
2,1108
1,319
1,570
9,1853
1,412
1,273
1,586
9,2093
1,407
1,326
4,1039
6,1352
5,1247
1,268
1,527
1,519
1,260
1,334
10,2516
2,588
5,1906
6,2246
9,3042
3,992
1,281
10,2864
1,600
1,291
1,666
1,451
10,2302
1,327
1,330
1,402
1,304
1,362
8,2850
6,1981
5,1267
1,415
10,2592
10,6103
9,2039
6,2393
7,2228
10,2440
1,247
1,331
1,305
1,489
10,2246
10,2601
10,2752
9,2086
1,457
10,3365
1,608
1,385
3,48309
1,449
9,2548
1,244
1,318
2,594
4,1151
10,2743
8,2844
1,542
10,2140
10,2957
10,3342
1,332
10,3383
9,43891
1,376
10,3473
1,339
1,290
10,2806
9,2710
9,2576
5,1320
2,850
1,342
10,2378
8,2716
1,434
10,2313
9,41184
1,490
10,4211
1,356
1,546
1,350
9,2155
10,2848
2,561
4,1548
10,3368
4,915
10,3545
1,534
8,2475
9,4543
1,569
9,2629
1,342
1,451
1,260
10,2484
8,2340
3,827
6,2476
8,2479
2,719
10,3138
1,550
9,2036
7,4620
1,390
8,1740
4,1334
1,627
1,321
10,2514
9,1990
4,1257
10,2784
10,3048
2,592
10,3558
8,3059
10,2134
9,6635
1,504
10,2395
10,3214
1,559
1,255
8,1835
10,2316
1,556
8,3109
10,1986
10,3149
2,1005
1,390
1,343
1,818
1,457
10,2575
10,2479
8,2944
1,246
9,1846
1,481
5,1576
1,372
1,354
6,1636
1,329
1,307
9,2151
1,447
3,2236
10,2985
10,2157
8,2669
1,240
10,2101
2,832
6,2108
4,1488
9,1958
8,1750
1,457
1,418
2,526
1,384
10,24444
1,347
10,2649
5,1701
1,266
1,358
4,1236
1,522
10,3480
2,613
8,2703
1,547
1,525
1,379
3,1140
2,25366
2,550
6,1444
3,1141
1,239
2,587
10,2294
9,2118
6,2094
10,2321
8,21185
1,434
1,608
1,268
4,1426
2,4759
1,357
10,2200
10,3245
1,256
4,1125
9,1954
10,3595
4,1682
4,860
10,16874
1,550
1,476
1,463
4,1362
3,4160
1,256
1,647
9,2900
1,241
10,2752
10,2574
8,2550
1,318
10,2155
9,12994
1,2231
2,652
1,336
3,1057
7,4924
1,255
9,2964
2,826
4,1697
2,791
10,3284
10,2914
10,9497
10,3225
8,12611
1,714
9,2762
1,380
10,3138
10,4674
1,291
8,3511
9,3047
10,3125
10,2292
10,2408
9,2888
1,372
10,3440
8,11495
1,451
9,3359
1,430
3,1089
7,2537
1,239
7,2730
2,793
10,2248
10,2560
6,1984
10,2229
1,249
8,3660
2,704
1,2791
8,2829
1,254
2,516
7,4963
1,249
2,863
5,2170
9,2484
10,2253
1,445
10,2118
1,327
6,1902
9,2909
1,822
9,4081
1,289
7,2262
3,1108
1,373
9,26873
7,4559
10,2146
6,2121
10,2845
1,380
1,538
2,840
7,10444
8,2866
8,12286
1,322
6,2107
4,1344
1,243
8,3003
1,475
6,2357
10,2001
1,363
2,553
1,619
10,2501
10,3327
6,2256
9,3140
1,227
6,1948
8,10381
10,2210
8,3986
1,595
1,566
8,2776
1,348
1,331
1,592
1,372
1,394
10,3297
1,651
10,2160
1,463
5,17157
1,259
9,27736
4,1793
1,687
1,697
1,376
1,261
1,603
1,1795
2,659
2,627
2,1056
9,2204
7,2948
3,2935
1,259
9,5002
4,1581
4,1739
1,484
1,601
1,245
1,8260
1,484
1,533
2,576
2,912
2,788
1,370
6,2160
4,1464
3,992
1,537
8,3153
1,657
1,488
1,306
1,4371
1,310
1,474
4,1566
1,612
10,3267
1,389
4,1552
10,2249
1,2589
6,2774
5,31203
1,696
1,537
1,346
10,3844
1,317
3,1156
8,2592
1,472
9,2681
8,2410
8,3219
2,611
1,722
3,1243
10,31446
1,541
1,390
1,271
1,715
1,712
1,438
2,743
4,2488
10,3001
1,350
3,1117
10,4085
2,5956
3,1241
6,14825
1,528
1,493
1,262
5,1322
1,600
1,466
8,2033
6,2356
1,349
1,358
4,3353
6,1822
1,575
10,3530
9,13127
3,1068
1,628
1,290
3,1173
1,459
1,443
4,1674
1,1264
8,2339
1,366
2,2996
10,2467
2,767
6,2100
9,30383
1,562
9,3162
1,300
9,3161
1,349
2,603
10,3359
3,1070
1,1154
1,368
4,1524
8,2648
1,535
6,1923
2,4300
1,847
1,713
1,247
9,3105
1,348
1,318
2,768
3,1258
1,10617
7,2122
6,2021
1,595
1,429
7,2419
9,4528
1,18189
1,350
1,364
9,3517
8,2722
1,248
1,540
5,31182
8,2700
1,428
6,2097
8,2346
1,364
4,1219
5,1881
1,10007
8,2745
4,1025
5,1742
4,1522
1,380
4,1062
10,3197
3,1238
1,366
2,1047
9,3288
1,670
1,431
1,487
1,447
5,1983
10,1985
7,2395
3,1173
1,600
10,2737
5,1795
5,1575
1,373
8,3411
9,2275
1,715
7,2385
1,425
8,2600
10,4194
2,510
1,531
9,7096
1,525
9,2790
6,2112
9,2936
3,1241
7,6814
9,3696
1,585
9,27895
1,595
7,4606
9,2736
10,2668
1,404
10,3106
1,458
8,2696
4,1402
10,3248
2,957
1,470
8,2649
1,594
1,343
9,4730
9,3064
8,7275
7,2023
8,2933
9,2953
3,1131
9,3030
9,3045
9,2794
2,778
6,16796
8,3116
1,542
1,606
1,801
9,2691
1,544
9,2343
10,3703
8,9754
4,1433
10,2329
7,2624
9,3129
2,1068
1,760
9,3294
1,500
1,633
1,607
8,2343
2,905
6,2246
2,989
2,713
10,6139
10,2163
1,389
2,802
2,656
1,487
2,1046
1,536
1,609
1,421
8,2546
5,1878
8,1718
10,7179
7,2611
3,1236
1,352
1,526
1,446
7,2217
1,330
8,9748
4,24648
7,2727
1,602
2,772
10,11960
3,1234
4,1553
6,2240
1,440
2,588
1,468
7,2668
3,928
1,436
1,579
9,2909
1,553
10,3499
10,12417
2,776
1,14130
7,2413
1,350
10,3745
1,275
7,2213
5,1784
8,2427
1,476
1,496
1,613
1,564
2,935
2,950
5,2040
8,2655
2,725
2,8528
7,2071
1,263
10,3214
1,453
8,2784
1,659
2,11413
3,1107
1,474
4,1560
1,572
4,1399
4,1268
3,908
1,934
6,2019
1,237
1,360
1,518
5,1477
1,613
2,721
3,37781
1,371
3,1165
2,885
4,1309
9,2597
8,2826
3,1246
9,3205
1,300
1,643
1,474
8,2717
1,521
1,372
6,2468
1,370
8,2988
3,1474
1,618
9,2612
9,3102
5,1852
7,2414
1,291
1,478
1,431
7,8671
1,764
1,455
7,3418
1,505
1,711
4,9459
3,987
5,1658
1,411
3,1171
1,497
1,281
1,635
1,650
3,1317
2,1099
1,2757
4,16190
2,995
10,4765
1,636
3,1201
9,9011
4,1539
10,3550
2,788
1,286
2,898
1,626
5,1794
1,474
1,2422
2,747
10,3305
1,418
3,4354
10,3299
9,3340
10,9339
6,4978
10,3389
1,324
1,353
1,404
4,1073
9,3205
6,2735
1,5729
6,1951
10,7747
6,1840
5,2315
2,906
10,3488
3,2217
10,3609
1,415
1,421
1,370
3,1157
7,2281
2,2771
6,33618
10,3302
1,516
10,3167
6,2395
1,470
4,7250
1,513
3,1164
1,262
1,412
1,456
4,1001
3,1183
1,3622
7,5928
3,1046
1,306
6,2073
6,2038
6,1881
3,1063
7,2398
2,671
4,1106
2,795
1,463
8,2560
6,2000
1,426
9,21047
3,1241
1,458
7,2286
9,3345
1,2374
3,2682
5,1867
7,2292
10,3043
2,775
1,480
4,1501
9,3260
1,396
8,2876
5,1664
6,1980
10,5723
7,2611
1,528
2,816
7,2340
6,1991
2,719
3,1113
4,1405
5,1357
9,7447
1,670
1,534
8,2759
1,381
4,1540
7,2570
1,420
6,2137
4,1457
8,2578
10,3250
8,2680
4,1274
5,1815
8,20761
1,350
6,2623
4,1284
3,1061
9,13543
1,340
5,1719
6,2112
7,2667
9,13105
10,2365
7,2247
3,1008
6,1646
1,519
1,399
10,4978
7,2415
3,1159
1,415
1,491
1,346
6,2410
1,346
7,2234
6,2556
10,3204
1,596
6,1981
3,1073
1,355
3,1632
4,1710
6,2015
7,2114
2,1312
1,357
7,2478
9,2763
5,3668
10,3116
8,2721
10,3333
7,2381
7,2214
4,3327
3,1137
4,1429
7,2372
1,472
1,556
1,352
1,489
1,362
1,507
8,2880
5,2102
3,1129
1,446
4,1414
3,949
7,2423
5,1664
4,1395
1,570
1,658
1,365
7,2410
1,594
1,450
1,20010
7,2258
6,2210
2,527
1,495
4,1032
10,4133
8,2650
7,2702
2,706
1,433
1,422
1,3916
1,336
1,492
10,3505
3,1127
6,1965
1,326
10,2822
1,429
5,1834
7,2465
7,2494
1,442
1,414
1,421
1,427
1,616
1,396
5,1992
3,1074
9,3344
1,422
10,2363
3,949
4,1424
3,1110
2,629
1,440
1,439
1,390
1,504
1,365
1,407
9,2948
4,1417
7,2357
1,386
5,1534
10,3627
7,11410
2,756
2,737
2,1025
1,479
1,347
1,346
1,386
1,465
8,5215
5,1253
7,2363
6,2588
9,3571
6,2362
7,15019
4,1054
1,369
1,620
2,1756
1,444
1,461
1,452
1,405
9,5529
3,1194
2,1068
1,462
10,2864
7,2385
3,941
6,1838
4,1510
1,397
1,392
1,492
8,3260
1,398
1,510
8,2828
8,2740
1,483
5,1229
6,4980
9,3222
1,422
5,1769
3,1182
2,851
1,329
4,1152
1,373
1,374
1,387
9,2955
7,10302
6,2354
1,212
10,3493
7,2548
1,810
3,1129
7,3299
1,462
2,806
5,1558
4,1336
2,819
3,974
2,798
4,1960
2,672
1,311
5,1808
2,743
1,498
7,2129
10,12725
1,691
5,1845
6,2396
1,514
6,1792
3,1153
5,1803
2,2911
10,3232
1,439
1,501
1,471
1,503
2,625
8,1824
1,417
10,3127
3,1016
1,656
2,795
3,1064
1,483
6,2102
4,1583
2,658
1,443
2,938
4,1582
8,2882
10,3565
3,1344
4,1246
3,3221
1,594
3,1015
1,389
1,446
5,1686
3,1316
1,338
1,451
6,2201
1,537
6,2034
5,1702
10,3588
3,938
9,4625
2,715
10,4641
1,425
1,418
3,1085
8,3041
10,2859
4,1321
3,1044
1,1666
1,502
8,2544
1,378
8,3089
6,2466
2,847
7,2297
5,1316
1,439
7,2160
5,1903
10,3045
1,423
10,3158
1,389
1,455
7,2750
8,12370
7,2168
5,3931
2,821
5,1465
4,1607
1,439
1,553
4,1371
1,323
1,438
7,2417
1,351
1,457
6,2014
7,2389
8,2723
4,1508
6,2454
8,2562
10,3336
1,421
6,1895
1,337
10,3439
1,487
8,2645
1,520
1,572
3,870
8,1900
3,1036
7,2730
10,3744
5,1668
3,1116
1,406
1,409
8,5334
8,3395
1,373
6,6870
1,392
1,354
1,458
6,2205
7,2356
7,2105
3,1111
4,1421
2,659
2,624
8,2403
10,3436
9,3468
1,275
10,3175
3,1115
1,527
1,373
8,2856
3,1098
2,750
8,2290
7,2313
8,3284
1,292
1,337
6,2057
3,1132
1,382
5,1678
4,1066
1,566
8,3340
7,2561
6,9360
2,788
8,2700
3,1180
5,1697
1,373
1,491
1,373
3,1321
1,247
4,1441
7,2475
1,618
4,1289
3,1046
4,1411
6,2236
10,2738
5,1664
6,1967
1,454
1,440
7,4369
7,2629
1,266
7,1688
8,2685
1,748
1,461
3,1116
5,1964
10,3414
5,1878
2,812
7,2751
1,423
2,4628
1,423
1,485
1,415
3,1086
2,7394
1,357
1,384
4,1296
2,821
3,6933
7,2415
3,1035
2,1177
1,481
1,329
1,473
3,1574
1,424
1,4805
4,1370
1,546
1,428
5,1645
7,2517
3,1060
3,1396
4,1453
8,2582
4,1462
1,414
1,491
1,546
9,2262
3,1022
7,1790
9,2993
1,403
2,1141
2,537
8,3876
4,1069
5,1955
1,819
6,2560
1,452
1,1533
6,3111
9,2528
1,451
6,1784
5,2121
1,353
2,996
8,5312
10,2212
5,1984
8,2572
1,494
3,1011
10,3230
10,3333
6,2372
10,4206
7,2193
3,1166
10,3744
1,343
8,2647
4,1046
5,1759
8,1943
8,2206
6,3716
1,433
1,400
1,2148
7,2356
10,3890
1,443
2,791
9,2992
1,327
7,4066
6,2212
7,2346
3,1063
7,2710
10,6115
10,3313
1,418
4,1686
9,3059
10,4240
3,1035
8,3783
3,1125
1,300
6,2032
5,1569
1,355
4,1269
2,826
6,2225
6,1958
3,1148
8,4686
9,3162
9,3024
1,418
6,2928
1,432
4,1710
5,1573
8,2581
4,1728
4,1560
4,1199
6,1709
4,1417
1,460
2,1550
4,1459
1,519
1,432
3,1093
9,6172
5,1809
10,5316
3,1422
1,509
5,1752
6,2099
9,3239
10,3024
6,6745
3,9262
7,2567
10,2669
1,297
7,2158
8,2685
2,937
8,2001
8,3456
7,2354
6,1517
5,1773
9,2934
9,2948
6,1983
10,14066
4,2971
10,2417
1,360
5,1710
5,1879
7,1819
3,758
2,919
1,611
5,1722
3,1125
10,3598
7,2932
7,2490
1,731
1,437
1,396
1,382
10,4008
7,1860
3,1136
2,790
6,1532
1,420
6,2121
2,637
4,1514
2,757
9,2666
7,4852
10,3101
1,387
1,362
9,7361
1,395
4,1153
1,513
1,588
1,434
2,678
1,479
9,3041
2,833
10,3348
1,293
5,1734
1,458
1,376
8,3102
2,711
6,1849
1,363
1,475
1,472
7,2553
1,448
4,1407
8,2830
9,2028
1,421
10,3074
1,359
4,1302
6,1893
1,960
5,1606
8,22925
1,507
1,372
6,1914
6,1980
1,327
2,961
4,1306
5,1203
9,3206
1,451
5,1245
9,3049
5,1945
3,737
1,350
6,1360
3,1074
5,1626
8,3380
4,973
3,1184
4,939
7,2195
10,2521
1,354
3,812
10,3428
10,3646
7,2465
1,384
1,725
1,337
1,523
1,690
1,246
10,3748
1,658
3,1000
10,3489
1,353
8,3112
5,1295
10,5068
6,2167
1,437
1,585
2,948
1,369
1,389
1,359
3,5945
1,737
2,772
10,3286
1,303
2,937
1,446
9,3436
3,1345
1,444
1,586
1,388
1,374
1,502
1,387
8,2868
5,1268
8,2968
5,1879
1,314
3,4605
2,729
9,5833
1,463
1,420
1,660
1,371
1,524
1,296
1,341
10,3206
10,2826
4,966
1,391
1,350
6,2043
4,1006
6,1910
5,1682
1,450
1,486
5,1607
1,370
1,429
1,334
1,455
9,3202
5,1786
1,355
10,3177
5,1684
1,359
10,2758
10,3773
1,487
2,633
4,1588
1,371
1,375
1,372
7,4545
10,2700
3,1257
1,379
10,2248
7,2403
1,402
5,2118
9,3304
3,1140
1,419
10,3185
1,952
1,596
1,350
1,325
6,2077
7,2442
1,284
10,6701
2,820
1,291
1,375
9,3343
1,366
1,386
10,7947
1,785
1,664
1,350
5,1996
9,2841
2,791
1,354
10,2453
8,11791
1,275
4,1498
7,5178
2,971
3,894
7,2430
7,3112
2,851
1,284
1,608
10,3304
8,2561
1,293
10,3565
2,812
1,230
1,525
7,2119
3,1196
1,508
3,1083
1,477
1,373
1,371
7,5006
5,1070
6,2812
1,444
10,3209
3,913
1,274
1,627
10,2407
1,487
4,1435
8,2757
1,502
6,2194
5,1270
1,492
1,520
2,960
1,483
10,2147
6,2162
1,337
1,713
9,2936
6,1965
9,2970
4,1339
3,1549
9,3034
5,1891
1,453
1,305
3,1113
1,349
10,2907
7,2967
1,282
1,279
5,1640
6,1916
7,2415
6,1951
1,622
3,1162
5,1737
1,496
1,446
5,1770
1,491
3,1254
8,3151
1,263
1,466
1,504
7,6272
7,2349
5,1132
6,2451
8,2779
10,3155
1,427
1,838
7,2403
1,464
10,2290
6,3638
1,325
1,474
3,1097
7,2198
8,2530
10,3721
3,1239
9,3499
9,3139
1,403
1,530
3,992
1,432
7,1699
7,2377
1,292
1,279
1,435
9,4309
9,5531
10,2920
10,3908
9,3307
6,2114
1,474
1,510
8,2867
9,2305
10,2145
8,4079
10,2510
1,377
1,439
8,5620
9,2997
3,1042
7,2874
10,7144
10,3133
1,432
1,492
9,2999
3,868
1,514
9,2982
5,1102
1,331
1,328
9,2981
1,452
7,1933
10,5952
4,1165
5,1814
3,1512
4,1359
9,3082
10,3439
1,354
4,1312
10,3255
1,288
1,321
4,1312
3,1011
1,396
9,3412
1,520
1,348
4,1519
1,328
8,8658
10,3251
1,320
10,2763
6,2135
1,435
1,300
4,1749
1,464
6,2298
10,6880
7,2474
4,1202
2,769
1,259
7,2154
10,3647
1,377
3,903
10,3304
1,409
1,378
1,1367
5,1824
9,3012
4,1433
1,522
1,433
7,2264
1,282
5,1974
10,7854
1,397
2,673
10,3545
1,355
10,3765
1,694
8,2458
3,1591
5,1298
8,2173
1,361
2,910
1,444
7,6855
7,2167
1,383
4,995
5,1386
1,378
1,330
5,1981
10,2925
6,2227
10,2649
5,1897
10,2881
8,2587
1,387
1,346
10,2514
1,981
1,383
4,1432
10,2335
1,341
8,2710
10,3063
6,7031
10,3409
2,890
10,3286
6,2051
9,2086
1,333
10,3560
1,348
1,364
3,868
8,2017
1,244
10,2896
6,3088
10,6543
10,2667
10,3374
9,3094
8,2574
3,901
3,952
10,3585
1,243
1,303
1,406
9,2421
1,242
4,1129
10,2502
6,2396
9,3081
10,3145
10,3622
10,3514
10,2672
2,659
10,3506
1,248
1,410
1,316
9,3294
1,280
10,3154
10,2207
9,2847
10,11171
10,2606
10,3657
3,1188
10,2976
1,404
10,6919
1,583
1,323
1,335
10,4231
5,1185
6,2130
5,1495
7,2289
10,2252
10,3258
9,2299
8,2739
10,3141
1,482
10,3530
10,2413
1,522
7,1698
9,2186
10,3701
9,3050
2,586
8,2726
5,1133
6,1927
10,2848
2,729
7,1778
1,558
10,3475
10,2516
10,2325
8,2219
9,2439
10,6853
5,1156
4,1393
10,3274
1,489
5,1375
10,2333
10,3521
10,2267
1,492
10,2398
9,2463
1,288
9,1992
2,812
9,2865
2,1029
1,449
4,1461
1,470
1,406
1,348
10,3054
10,2147
1,481
1,445
10,3375
1,266
9,2807
3,1357
10,3451
6,2373
1,273
4,989
1,547
1,404
1,291
1,499
3,745
1,413
1,281
10,3619
1,243
9,3072
10,3774
5,1348
4,1458
1,284
1,433
1,258
1,335
1,259
10,9984
10,3174
1,402
1,233
10,5678
1,230
10,2509
10,3495
1,425
1,583
1,337
1,462
1,271
4,1363
1,385
2,873
10,3458
1,388
1,232
10,2909
1,292
10,3173
10,2990
1,424
1,333
1,499
4,1227
1,346
1,238
1,314
7,2360
10,2726
1,391
1,361
10,3080
1,627
10,2237
10,2834
1,281
1,273
1,366
1,435
1,262
1,270
1,420
8,3086
10,3148
1,387
1,436
10,2560
5,2049
2,833
7,1810
3,723
1,435
1,264
1,333
1,332
1,379
1,290
3,1111
10,2832
10,2897
1,384
10,3210
10,3088
1,600
9,3207
8,1766
1,384
1,298
1,366
1,361
1,301
1,368
2,6343
9,2165
9,2859
1,357
3,1111
9,2086
1,364
10,3080
10,2191
1,478
1,241
2,575
1,483
1,275
1,292
3,1062
7,1662
10,2141
1,386
2,739
6,2165
1,413
1,615
9,2723
1,351
1,248
1,401
1,278
1,342
1,285
9,3837
4,1435
10,3324
1,387
10,3474
9,3166
1,348
1,1000
9,2987
1,669
10,2514
1,369
1,420
1,457
7,1694
7,2392
1,449
6,1976
4,1075
7,3451
5,1304
1,341
1,409
10,3819
1,432
1,414
1,306
10,3474
1,399
10,3280
8,3504
1,280
10,2817
6,1324
10,3645
1,661
1,309
1,361
10,2722
1,278
9,2103
1,331
1,316
9,2358
3,957
6,3743
1,307
1,620
7,1942
8,3601
4,1822
1,266
1,251
7,2427
10,2374
5,1065
1,418
3,1170
10,2244
10,3263
7,2307
1,254
4,1584
10,2373
10,2514
1,498
1,249
1,320
10,2489
3,726
10,2403
1,410
10,2331
10,3226
10,3165
10,3250
1,362
1,413
3,1070
3,812
3,1090
1,273
1,282
2,661
9,2796
9,2987
6,1756
10,2657
9,3178
10,2802
9,3127
1,259
1,248
10,2508
9,2962
9,2506
1,269
1,269
1,367
10,2956
10,3638
5,2063
9,2864
1,416
10,2965
10,5289
1,250
9,1976
10,2769
10,2954
10,3030
10,3324
1,309
1,333
10,2182
1,448
10,3654
9,2644
10,2745
4,1111
1,503
1,526
3,698
10,3183
10,3522
10,3134
10,3487
1,288
1,290
10,3448
5,2043
10,3410
7,1652
10,2974
3,781
1,426
1,462
8,2236
1,475
10,3597
9,3343
10,4312
1,554
1,239
1,354
10,3951
8,5261
10,2523
10,2999
1,367
1,282
1,256
10,3688
10,2552
10,3150
1,494
10,3499
4,1632
1,323
7,1527
2,806
10,9410
10,2349
10,3473
10,2007
1,367
1,254
10,3348
10,3466
10,3116
7,2371
10,3338
3,924
1,309
10,2438
10,3621
4,2077
10,3587
10,2964
6,1203
3,1097
6,1430
9,3507
10,3679
7,2280
10,3224
10,3534
10,3686
1,329
3,878
10,3448
5,1310
10,3074
10,3485
10,2046
1,256
7,1709
1,637
10,3543
8,2422
10,3551
6,1576
10,3001
10,2247
10,3737
10,5320
2,932
10,3468
10,3106
10,2771
1,369
1,340
9,3451
9,2015
1,657
10,2555
4,1010
6,1427
1,345
10,3374
10,5925
1,375
10,3337
10,3159
7,1561
4,1310
10,2214
7,1660
10,2317
1,588
1,517
4,978
10,3532
1,273
7,2343
10,3393
1,371
10,3491
10,2886
10,2503
1,346
10,2918
10,2680
10,2167
1,630
1,285
4,1002
7,2703
1,298
10,3513
8,3257
1,242
10,3478
10,3734
9,2085
1,321
3,782
2,702
1,312
1,553
1,311
1,380
10,3061
10,3526
10,3272
10,3130
5,1798
1,425
1,417
1,368
1,559
10,2350
1,466
1,267
2,873
1,279
10,2836
5,1264
10,2849
7,2453
1,406
8,2510
1,346
1,281
1,293
1,416
9,2595
1,431
1,245
1,691
1,360
6,1366
10,3419
10,3429
10,2859
1,323
10,2019
1,299
1,328
1,284
1,509
4,1248
1,319
1,223
1,482
1,396
6,2161
10,3355
10,7543
3,1055
1,285
9,2132
1,330
1,306
1,288
5,1789
10,2231
1,287
1,659
1,366
1,308
10,3423
10,3085
10,2636
1,447
1,273
10,3188
1,262
1,397
1,320
8,6240
10,2913
1,298
1,870
1,702
10,2630
10,2699
10,2829
4,1068
1,371
1,301
9,3169
1,335
1,412
1,342
4,1431
10,3176
1,571
1,436
1,511
1,353
9,2576
5,1850
6,1816
1,273
1,250
9,2671
1,289
1,411
1,268
6,1822
10,3498
1,293
1,364
1,562
1,535
1,489
10,3331
1,251
1,244
1,270
5,1387
1,296
1,328
1,265
10,9665
10,2641
1,420
1,494
1,622
1,312
1,282
10,2436
10,2142
1,256
1,243
10,2251
1,237
1,457
1,260
10,3783
10,2668
1,415
1,433
1,484
3,939
1,304
1,451
6,1413
1,277
1,233
2,551
1,256
1,474
1,294
5,1506
6,1487
1,439
3,915
9,2879
10,3467
1,283
1,264
10,2132
1,272
1,241
1,367
4,946
10,2218
8,2308
2,1040
10,3520
10,3420
7,1945
2,611
10,3424
1,261
1,405
10,2167
1,243
10,2883
1,232
10,2134
6,2400
3,1085
6,2655
5,1713
10,3324
7,1841
9,2947
10,3176
1,255
1,419
10,2235
1,237
10,2265
1,319
6,1546
10,2148
2,512
4,1531
1,381
10,2719
10,3356
1,536
7,2147
1,326
1,406
4,887
1,238
8,1805
1,404
7,1834
4,1387
10,2241
10,2561
1,362
10,2502
10,3711
6,1645
10,2444
1,358
1,284
9,2384
10,2418
10,2466
1,259
1,398
10,3462
10,3197
1,547
1,402
8,2551
3,1073
10,3387
10,3064
1,245
1,317
3,1021
10,3326
10,3492
1,296
10,2203
10,2973
10,2615
5,1963
1,457
10,3319
10,3079
10,3273
6,1810
1,361
1,292
1,410
7,2349
2,620
1,454
6,1439
10,3586
7,2055
9,2663
1,409
2,575
10,3370
10,3913
1,465
3,1115
1,329
1,307
10,2213
10,2681
1,464
4,1092
10,3097
10,2318
10,3360
1,445
10,2329
2,970
4,1810
10,2168
10,3170
1,296
1,404
10,2299
4,1213
1,253
3,791
3,1030
10,2335
10,3345
1,359
4,1224
9,2509
4,1689
10,2656
10,3501
5,1488
1,422
3,887
10,3106
1,230
9,2474
10,2596
5,1248
9,2400
1,234
6,1576
10,3707
7,2342
4,1713
10,5778
1,453
1,338
10,2326
10,3198
10,2156
3,804
10,3081
2,626
1,493
1,363
10,2131
10,4226
4,1055
10,3845
10,3239
2,657
1,242
5,1240
10,3988
10,3365
10,3394
10,2474
10,2085
5,1738
1,526
10,2316
10,4339
6,2017
10,3500
10,3656
10,2970
1,337
10,2386
10,2901
10,3572
10,3453
10,2346
5,1132
10,2776
5,1415
10,3110
8,2681
3,706
9,2220
7,2546
8,1976
1,243
10,3306
6,2200
10,3126
10,3016
7,2807
10,3325
10,2898
7,1807
6,1698
10,3538
7,1838
1,403
7,2199
5,1429
1,246
10,3276
10,2604
10,3572
10,2506
10,2303
10,2589
1,379
10,2896
4,1281
8,2678
10,3688
1,308
5,1434
9,3549
1,289
10,3264
10,3337
10,3867
7,1989
1,405
8,2552
1,276
10,3248
10,3578
1,547
7,2343
1,364
3,1205
10,3882
7,1574
8,1940
1,693
4,991
10,3581
1,608
10,3386
1,347
10,3257
1,395
1,629
4,1529
1,415
3,938
8,2187
10,2465
5,1844
1,373
4,1511
10,3138
1,462
10,3265
1,341
3,832
1,321
1,392
10,3465
1,366
8,2715
2,628
10,3763
10,3112
1,356
8,3074
1,441
1,435
10,3049
1,353
10,2986
1,260
1,397
10,3092
1,367
5,1861
5,1431
10,3058
2,666
1,267
1,343
1,383
1,449
1,441
1,424
10,3476
1,316
1,676
3,1146
1,353
7,1677
10,3105
10,2900
1,441
1,267
7,1437
1,374
1,479
1,401
1,249
5,1754
1,298
1,356
1,433
1,260
10,3271
10,3517
10,2760
1,883
1,256
10,1986
1,359
1,481
1,370
1,246
10,3213
1,314
1,302
1,554
1,362
10,2758
10,2581
5,1175
1,831
1,262
6,1220
1,324
1,559
1,351
1,260
10,3192
1,304
1,531
1,488
10,3467
10,2599
5,1558
1,241
1,381
1,252
10,2187
1,288
1,548
1,267
1,245
10,3173
1,306
1,537
1,738
1,345
2,657
10,3046
7,1545
1,316
1,253
6,1741
1,262
1,400
1,573
2,975
10,2296
1,375
1,514
3,1299
5,1298
1,503
10,3438
8,2727
1,255
1,260
2,756
1,294
4,883
1,312
10,3678
10,2368
1,243
1,531
1,465
10,2639
1,307
8,5375
10,3594
1,258
10,2541
9,2147
1,296
10,3646
1,408
10,3225
5,1743
3,862
2,1035
1,555
10,2955
1,536
2,888
5,2435
1,257
1,619
3,1029
1,232
10,2278
1,513
10,4135
8,1956
10,3582
3,1268
1,561
10,2751
1,477
8,2930
10,3594
1,407
10,2256
1,358
5,1402
6,2187
1,486
7,2074
6,1772
10,3644
2,932
1,564
5,1447
1,433
2,886
9,3267
1,256
8,1829
1,255
10,2676
10,3697
8,2388
8,2118
1,333
10,2884
3,1187
1,535
10,2607
1,482
1,626
10,3303
10,2427
9,3131
1,504
4,1007
10,3559
3,1126
10,4109
1,740
10,2398
9,3224
1,580
10,2135
1,377
1,489
10,2831
10,3450
10,3120
1,381
7,2297
10,3531
10,7442
3,827
1,470
7,2114
6,1986
1,527
7,2232
1,353
1,380
3,805
7,2540
2,851
1,257
10,3537
10,3127
10,3704
10,3536
2,695
10,2976
8,2048
7,2401
10,2173
1,546
1,367
10,3197
10,2552
10,2511
1,303
5,2492
3,1061
10,3295
6,1526
1,407
10,3333
10,3279
8,6490
10,3259
1,555
1,746
2,585
10,2592
3,1296
1,243
6,1557
10,3992
2,779
10,2443
1,444
3,717
10,3506
7,2331
10,3044
3,993
1,589
3,1075
3,860
10,3531
1,258
3,1173
10,3413
7,1844
8,3046
1,444
7,1839
4,2604
3,1154
3,3078
10,3412
1,605
1,446
10,2510
10,3028
1,329
10,2914
10,3251
8,3905
1,485
4,1502
8,1830
1,485
6,2092
10,2452
10,2651
9,4213
1,403
5,1578
10,3312
1,244
3,883
7,2311
2,840
10,2335
1,512
10,3266
4,1620
2,821
10,2435
10,3205
1,1343
1,454
10,2286
10,2697
10,2481
10,2926
10,3318
6,2313
10,2111
2,655
10,3584
6,1993
3,2777
1,418
10,3298
1,463
1,557
10,3434
7,2012
10,2392
9,3166
8,2868
1,12162
4,3551
1,467
7,4256
10,2301
7,2670
1,387
8,2340
6,3690
1,527
10,2487
10,3111
10,2968
10,3468
1,527
3,1135
2,2510
5,1809
3,793
9,2900
2,889
1,296
7,5872
1,398
1,500
10,2880
8,2667
10,3228
10,3655
1,510
4,1451
9,2981
1,448
10,2304
10,2660
7,3836
1,369
2,939
1,531
1,389
8,5465
10,3416
10,3468
7,2516
2,813
5,1798
10,4712
1,929
2,885
10,3431
6,9416
1,458
2,729
1,410
7,1632
5,1918
10,8134
10,3170
8,2831
1,353
9,2510
1,576
9,3007
1,583
4,1173
3,1151
1,406
6,2373
1,342
1,451
8,2659
2,914
8,3056
10,11041
1,466
9,3041
1,381
8,6691
1,266
7,1831
7,2433
1,443
8,2697
10,3205
1,410
2,809
1,627
2,4597
1,669
1,555
10,2412
1,277
10,5817
1,399
10,2797
1,502
10,2314
3,1052
3,1302
1,425
2,683
1,588
5,2205
2,1457
1,535
3,1387
1,316
9,11036
1,379
1,289
4,1377
1,364
6,2181
6,2052
10,3727
10,3495
1,536
1,713
1,906
1,266
9,3098
1,292
10,19403
1,267
1,257
4,1336
1,320
4,1728
4,1663
10,3725
10,3726
1,640
8,2130
1,605
1,454
10,19004
1,665
1,367
1,260
1,655
3,1298
1,304
10,3829
6,2115
10,3534
1,391
1,508
3,722
1,871
1,376
1,981
1,12642
5,8193
1,355
1,496
1,611
5,1451
9,3956
9,5906
10,3945
1,373
9,3038
7,1590
1,522
1,303
5,2633
1,374
1,451
1,441
1,343
5,1926
10,2857
3,1029
6,2000
10,3348
1,400
1,334
10,2191
1,624
9,3017
1,404
1,271
6,1644
1,816
1,438
7,2384
10,3187
10,5562
4,1350
6,2344
1,490
1,694
5,1638
1,560
3,1180
1,366
1,242
7,1941
1,386
1,458
4,1584
10,2860
1,422
3,2703
2,1145
1,752
1,500
10,2496
1,675
9,3248
1,382
4,1298
10,2158
3,1178
1,1022
6,2149
5,1257
4,1478
3,1229
3,1282
1,408
9,3646
9,3166
1,407
1,737
1,463
10,3834
10,2349
10,3542
3,1135
8,2892
8,2704
1,333
4,1396
6,21438
1,429
1,363
2,716
1,562
6,2175
1,413
10,4207
10,3252
10,3401
1,514
7,2487
2,1046
1,403
4,1125
5,17327
1,458
2,2154
7,6172
6,2368
10,3592
1,492
10,3773
7,1911
10,3364
1,433
5,1968
2,733
1,515
6,2052
4,14798
1,707
1,731
10,2897
1,349
3,1059
1,415
8,2681
4,1358
7,2597
1,390
1,543
9,3133
1,517
9,2284
10,2393
1,648
2,1078
3,1089
2,917
10,4377
1,470
6,1459
10,3419
10,2660
8,2963
1,418
3,1293
1,417
10,2767
8,2659
9,3357
5,1174
1,519
10,3405
8,9267
1,715
10,3111
3,1119
8,2873
5,1833
1,1001
1,594
1,319
10,2998
9,17130
2,786
1,459
1,542
2,925
10,4401
1,420
2,642
1,545
2,1095
10,8090
1,388
8,2248
1,243
4,1476
3,1341
6,10347
1,565
1,414
9,2924
2,3595
6,1952
10,2923
1,398
9,3087
5,1584
1,462
10,3153
1,358
7,2331
10,20075
3,1114
10,3893
1,341
4,1779
1,415
1,609
4,1280
1,503
2,824
10,3599
1,480
10,2821
1,362
10,2936
4,2690
5,1978
8,2023
1,456
8,2718
10,8617
4,1637
8,2720
4,1254
3,1229
4,1764
5,1931
3,1270
1,316
10,2436
5,1867
4,1465
10,15195
1,371
9,2990
4,1497
6,4216
10,3830
1,356
6,1422
7,2392
1,451
9,12758
4,1085
1,569
6,1857
1,350
5,3786
1,333
4,2742
10,9128
4,1101
10,3464
1,420
1,498
2,705
2,5582
10,13873
6,1451
3,1477
1,492
10,2828
4,2473
1,288
1,370
4,4060
9,3329
10,3278
3,1036
6,1932
5,2096
1,516
1,691
1,413
1,1091
1,502
8,3363
4,1178
1,372
1,813
6,1548
10,3293
2,901
1,499
10,3423
6,2169
1,513
1,560
2,685
1,464
1,371
10,3924
6,1845
1,259
10,2619
9,3059
10,4199
6,1825
1,473
10,3808
3,1028
1,867
1,421
1,313
1,531
1,535
3,1173
9,2419
8,1845
4,1039
10,2980
4,1396
10,2593
1,535
8,15027
3,1332
1,415
1,486
3,928
1,623
1,377
5,8123
10,3442
10,3169
5,1105
10,3555
10,3400
10,3171
1,476
4,1212
6,4992
3,901
1,514
8,2250
1,1307
1,269
4,1478
10,2606
10,3795
10,3040
4,1455
1,633
1,381
1,398
3,1036
6,1923
4,1082
1,512
7,2404
3,1163
1,374
6,1758
10,3118
10,3376
5,1089
7,1934
4,1396
1,264
6,1960
1,666
4,1426
1,554
1,23360
6,1883
1,4076
1,314
9,2157
4,1135
10,3468
6,1540
1,336
1,494
1,381
4,1444
1,495
5,1935
1,463
4,17664
9,2158
4,2271
4,1385
10,3451
10,3198
10,3544
9,3235
10,3216
8,2793
1,302
7,2590
1,441
1,324
7,2954
1,15877
9,2128
1,533
1,339
10,2723
7,1701
2,933
10,4094
1,563
6,2159
1,416
6,2532
1,455
4,1595
2,841
10,15301
10,3283
1,618
1,268
6,2338
1,415
6,2254
10,3604
1,479
7,2271
1,346
5,14253
4,1247
7,3083
7,2320
6,1385
7,2366
1,487
1,251
10,2189
3,1390
1,504
4,1442
1,473
7,2319
1,347
6,2388
1,407
10,3413
3,1170
2,491
4,1162
1,867
4,1055
4,1428
1,697
2,839
7,2493
3,1178
5,2595
1,636
3,1290
1,449
5,1749
3,987
1,357
3,815
1,591
9,2443
10,3243
1,674
4,1495
10,4029
1,508
6,1929
1,380
3,1199
1,510
7,2117
5,1768
1,358
10,2736
8,2878
10,3288
1,418
1,24862
3,1177
10,2835
1,4929
1,525
1,360
6,1877
1,419
4,1482
9,3367
1,314
1,609
6,23398
10,3156
4,1416
7,2134
4,10001
1,410
1,446
2,778
3,1310
5,1586
1,481
6,2182
3,1186
7,1555
3,1397
7,2284
10,2949
1,589
5,1497
9,11281
3,1481
1,478
3,1459
10,3448
7,2352
1,505
10,3339
8,2814
10,3560
4,1724
6,1759
7,2213
1,561
1,518
6,4043
1,757
1,413
3,1552
10,3341
4,1292
4,1159
7,2452
7,2530
4,1283
4,1448
6,1658
1,474
1,510
4,1310
8,3061
1,454
1,443
1,526
10,3039
4,3164
6,2155
1,8560
5,3504
10,3653
3,12624
2,671
3,1088
1,393
7,1989
10,3186
1,578
1,461
2,741
8,2143
4,1341
2,716
1,383
7,2197
10,3226
6,2165
2,618
4,1531
1,395
1,445
9,2881
1,6546
6,5358
1,466
7,2554
5,1483
1,682
1,389
3,1425
3,1078
8,12596
5,1859
7,2622
1,411
8,3083
6,2295
1,609
6,2133
6,2132
8,1929
10,3670
1,791
5,4850
8,2320
1,354
6,1945
3,1042
6,2097
6,2108
1,559
1,619
1,43986
8,12919
1,500
2,816
5,1506
8,3368
1,566
1,536
1,375
6,6827
1,346
8,2615
1,379
1,515
1,532
6,2100
5,17775
5,1973
2,812
4,1630
10,4472
1,419
1,531
9,2997
5,1842
4,15222
5,1924
1,462
1,400
3,959
4,57800
4,3979
1,329
5,1525
5,1905
9,4591
2,2273
6,2169
8,5752
3,1296
5,1632
3,1247
1,441
1,543
1,384
7,2487
4,1832
1,488
2,747
5,1994
10,5348
1,409
2,711
3,1108
6,2192
7,3128
4,25846
3,2577
5,1650
1,420
4,12340
3,1228
1,473
9,3242
5,1763
4,1164
5,1660
9,2587
6,2027
2,726
1,566
6,1991
4,1314
3,913
1,420
1,381
6,1914
7,2442
3,843
7,2666
10,2736
1,465
6,2113
3,1124
1,504
1,521
6,15754
1,413
1,593
1,358
8,2614
2,706
1,355
5,1182
1,492
10,3685
3,961
9,3328
7,2272
1,435
10,3496
2,3988
7,1741
6,2067
1,457
1,340
5,1851
1,400
1,413
5,1565
7,6735
1,366
10,3495
3,1318
1,448
6,2191
3,1419
8,2536
6,6127
3,1135
5,1277
6,2169
4,1358
8,2620
1,451
6,1704
4,2810
10,3444
8,2780
1,363
4,1589
6,2216
4,1333
3,948
1,509
1,421
7,10229
4,3283
10,3711
5,1071
3,1088
7,2206
4,1333
3,1840
6,7905
7,2642
5,1928
6,2388
2,915
1,428
6,6988
4,1448
4,1385
9,3033
1,218
3,1101
1,393
1,611
6,8488
1,1495
8,3745
1,535
6,1810
6,2491
1,392
1,533
5,3140
1,6465
10,3225
1,426
7,2519
1,618
1,561
7,3002
5,7057
6,25659
1,386
3,1060
4,1628
1,330
6,2064
4,1362
10,3259
10,6666
1,406
3,1209
1,562
1,456
2,1030
1,509
10,3426
1,537
7,2038
4,1311
1,576
3,3421
4,1496
5,1725
1,451
1,435
4,1595
1,330
1,419
6,7730
1,773
3,4252
4,1474
2,747
4,1343
4,1595
2,731
5,2026
5,1559
3,1075
1,740
6,2185
10,5898
1,412
3,898
7,2992
5,2077
4,4285
6,1983
10,3439
10,2171
3,990
10,5679
6,2138
1,512
1,373
3,1082
3,5261
1,356
7,6502
1,462
1,527
7,15389
4,1557
5,1973
9,2039
4,1485
5,1889
7,2778
1,1828
1,423
8,2514
2,724
1,362
1,602
1,382
3,6476
1,392
4,1408
4,1630
10,2072
5,1797
4,1363
10,3419
1,338
3,953
5,2125
9,2985
1,480
1,537
4,1397
4,1582
1,400
4,9264
7,2413
10,2354
7,2328
7,8440
5,1883
1,463
5,1566
6,4594
5,1571
4,1471
6,3776
4,1605
1,583
1,1317
10,3592
5,7911
10,3187
1,505
1,603
1,484
1,472
7,2537
3,1128
3,1302
1,351
1,615
1,2383
1,512
1,328
5,1845
5,9635
7,2098
1,466
6,2024
3,1110
1,413
1,2276
6,1999
10,3241
1,475
4,8403
1,413
1,437
4,4946
4,1583
10,13276
1,493
10,12553
1,353
4,1279
1,654
1,486
1,338
8,2866
1,561
3,1073
4,1300
1,608
7,2609
5,1838
5,1640
3,1223
4,1673
10,20684
1,456
1,525
1,482
2,649
7,2460
7,2040
1,338
7,2491
1,605
1,487
7,21524
5,1798
4,11391
6,30566
1,364
7,2673
1,338
1,650
1,544
5,5889
7,1798
7,2206
4,1564
1,352
1,630
5,1371
1,359
3,1417
10,61085
5,1810
7,5780
1,429
2,997
1,397
1,536
9,2395
1,460
5,1802
5,2397
1,534
10,8074
3,1278
4,1531
7,33777
1,462
2,779
4,1450
9,3338
1,404
1,478
5,1738
4,1547
10,30161
1,461
1,318
5,2028
1,383
4,1482
7,8208
1,396
10,3538
6,1493
3,1307
1,653
6,2210
3,1154
4,3547
3,1036
2,954
10,3750
5,1897
5,1759
8,14786
8,15398
1,483
3,1128
7,1574
3,1074
5,1798
8,2744
10,2757
1,408
7,2917
1,876
5,2329
3,1085
1,355
6,2378
2,1155
1,1036
5,1732
10,3395
5,1774
6,2649
9,3225
10,3380
5,1563
6,9990
1,3178
10,3883
1,574
1,624
6,18856
5,1735
3,1019
9,2866
6,2076
9,2866
1,3775
6,2348
3,1060
5,1769
1,450
1,2343
8,3736
5,1556
1,520
5,33389
1,500
1,440
10,3417
10,2845
9,3376
1,439
10,3641
10,3196
1,382
1,545
1,7836
3,2901
1,20903
1,808
6,2624
1,649
1,708
3,1068
4,1095
1,567
1,497
9,3389
5,1659
1,360
5,5201
1,513
4,1975
1,394
1,498
6,33957
1,562
1,432
1,470
10,2871
8,6910
1,386
4,1631
10,2241
1,369
3,1331
2,962
5,1963
1,397
1,433
3,1285
3,1205
4,2362
8,2778
3,1045
1,406
1,464
10,3252
3,964
10,3686
4,1471
7,6197
1,343
2,4445
9,3277
1,409
1,428
1,586
3,1089
4,1598
7,2166
1,408
1,646
3,1093
1,454
2,1033
8,10844
1,345
1,454
1,495
5,1977
1,631
1,596
1,367
7,2409
5,5740
7,8206
1,437
4,1108
1,410
9,2932
9,2397
1,762
1,379
1,563
1,332
4,1490
7,2840
5,1546
6,2094
1,548
4,1426
2,786
10,3411
1,420
1,610
8,3190
1,568
1,372
1,495
2,963
1,726
7,2494
1,480
4,1460
2,877
3,1120
1,382
10,2613
1,453
7,13500
5,12164
2,1066
1,354
1,562
2,643
3,1543
2,789
1,398
3,1150
6,1631
1,486
1,433
7,1735
7,2538
2,6090
10,3444
7,2573
1,433
1,302
1,574
1,2508
7,3569
7,13792
8,2587
8,2610
4,2326
1,415
10,2230
5,1743
7,8390
2,764
3,1315
1,356
10,5791
1,614
1,712
3,1212
1,437
4,1428
6,2022
10,4162
1,437
7,1808
6,18340
8,3091
3,1188
7,2636
1,351
7,3686
7,2397
1,405
5,2025
1,387
6,2191
10,3149
8,3208
1,523
6,2000
8,25997
3,1263
8,17418
5,11260
1,393
8,7525
1,351
1,483
3,1143
1,396
6,2403
9,2948
4,1492
1,378
1,424
4,1473
5,1764
1,472
10,17684
1,326
3,4689
4,1567
1,435
10,3428
1,375
1,515
10,3163
6,2967
1,422
1,246
1,342
10,3708
6,2080
9,8831
7,2326
5,1753
4,1359
1,988
3,2832
1,296
3,2017
8,2667
7,15140
1,6849
1,248
3,957
3,715
1,434
10,3216
8,2307
1,496
1,366
1,451
8,7630
1,393
7,2348
4,1496
6,12832
4,1197
1,239
2,778
8,3192
8,1965
8,2522
10,20336
9,9343
2,1327
10,7214
3,1647
10,2669
1,512
1,463
1,546
1,384
1,301
1,442
1,554
2,849
3,8641
3,3060
2,4399
1,543
7,2897
5,4726
6,1419
1,626
1,474
1,538
9,3022
1,366
7,2419
3,1582
9,2028
3,1045
5,1649
5,1845
1,2361
2,989
7,4095
8,2720
2,807
2,2982
3,1033
7,1610
1,274
2,747
1,1875
5,1836
5,1769
7,14781
7,4279
6,9181
7,4859
10,2846
6,2125
1,407
1,359
4,1314
10,3167
1,247
3,1120
5,7113
9,3233
7,2312
9,9843
3,3019
1,695
9,4888
1,580
10,3320
1,495
1,268
5,6921
5,1764
1,352
7,10353
7,14798
4,1331
1,2094
3,1136
2,710
1,653
10,3757
2,617
10,3817
1,462
1,568
2,1094
10,2899
1,278
5,1846
1,783
10,3149
1,5053
5,1794
1,272
10,3423
7,19202
6,1758
4,1028
1,7701
1,454
1,382
3,1141
3,932
9,3052
1,541
2,821
6,7942
3,1143
6,2044
1,332
3,1876
8,2712
2,802
1,458
7,2022
1,408
10,3607
10,2416
4,1319
1,516
8,2555
1,516
7,2366
8,1834
5,2065
8,3228
6,1729
4,1304
1,396
1,322
2,922
10,1964
7,2315
8,12962
1,564
5,1858
1,367
6,2235
5,1252
4,1439
3,1419
10,3479
1,576
1,437
1,367
8,3098
5,1661
7,2312
3,1276
1,530
1,352
1,270
2,559
10,3092
7,4209
1,671
9,2970
7,1727
6,4008
1,302
4,1489
3,1118
5,1318
8,2799
1,382
1,261
1,338
8,2947
8,2420
10,3671
1,553
8,2740
7,1920
3,1105
4,955
8,2836
1,330
10,2936
7,2718
1,376
1,590
1,311
6,2035
9,2958
4,5165
6,2330
4,1446
9,3365
7,3994
1,275
5,1609
3,898
10,3169
3,1309
1,475
1,431
1,413
10,6372
10,3370
1,694
2,836
2,828
10,3201
4,1493
3,1079
7,14225
10,3426
3,898
5,1979
1,434
1,316
1,423
10,11824
4,3337
5,1849
8,2669
1,347
5,1841
4,1633
7,2321
9,3047
10,3646
10,2881
1,423
2,885
1,416
1,380
4,1770
2,927
5,3737
5,1931
1,330
10,3641
4,1347
1,329
10,3674
10,3189
5,1592
2,764
6,2162
1,411
2,600
10,4037
5,2109
2,891
9,3226
1,370
3,774
5,1875
10,2545
8,2484
7,2095
10,2227
6,4908
8,2540
1,600
1,262
8,2150
1,580
1,488
10,3791
1,461
3,999
5,1881
5,1804
1,484
9,1925
4,1023
1,412
6,2026
1,401
4,1164
2,785
1,464
1,963
9,3365
1,336
10,3173
3,1158
3,1277
3,1193
10,2150
4,1217
1,368
9,3007
1,319
2,775
4,1313
1,407
2,1008
4,1487
1,355
10,2726
5,2184
10,3754
2,834
7,1569
5,1384
1,357
8,2809
1,288
8,2652
1,415
1,462
7,2652
2,614
1,366
1,504
6,2468
9,2265
6,4513
1,311
10,3241
1,412
10,3064
10,3287
10,9505
1,336
1,362
8,3859
8,2381
1,500
1,456
7,2466
10,3554
1,1884
1,243
6,2389
1,304
4,1477
7,1717
9,3073
1,265
1,399
5,1647
5,1576
4,1362
1,479
5,9090
5,1474
5,7726
1,355
10,2208
1,268
2,839
7,2022
8,11631
1,308
1,465
9,3630
1,564
1,297
1,453
5,1978
1,388
1,458
1,271
6,1418
1,264
4,1202
7,1710
8,2868
1,270
1,563
9,5578
1,379
1,302
5,1535
1,406
3,694
1,396
1,223
5,1295
1,333
7,2063
5,1978
2,789
1,279
1,332
4,4617
1,369
1,492
1,349
6,1937
10,2787
1,385
1,219
1,446
1,412
1,656
10,4504
1,501
1,244
1,404
8,10891
1,259
7,1676
1,483
4,1379
10,3021
1,310
1,229
1,305
8,2091
6,2281
9,3296
5,1412
1,386
1,448
8,2642
1,260
10,2119
1,545
3,1032
10,2891
1,322
1,234
1,258
6,2460
3,1096
3,892
7,1887
1,416
1,318
1,427
1,420
10,2117
1,281
10,4553
10,2713
1,452
3,645
1,295
2,802
7,2435
3,1163
5,1615
1,353
9,2395
2,666
1,557
9,2896
1,342
1,545
10,2221
1,520
1,313
1,286
8,2236
9,3512
3,1048
10,3612
5,1742
7,2657
5,1691
1,303
5,1594
1,342
1,482
9,1881
1,292
1,565
1,334
6,2152
10,3976
5,1433
9,4461
1,401
7,1999
1,455
1,448
3,1015
10,2508
2,1241
7,1571
2,765
7,1750
1,373
10,2976
5,1750
3,953
10,3131
7,2079
10,4223
6,2555
1,394
10,3458
2,707
8,2770
1,494
1,517
8,2305
1,461
2,563
4,976
3,798
5,1420
7,1859
9,2779
1,282
1,505
10,2540
10,3009
3,1374
1,301
6,1410
10,3075
1,364
4,1564
3,1027
10,2694
10,2433
10,2134
3,1245
1,368
10,2930
5,1532
10,2334
3,1578
1,305
2,779
10,2556
1,446
8,2702
10,3279
10,3473
10,3481
5,1132
10,2743
3,965
7,1948
1,434
10,2069
7,2364
1,268
8,1705
5,1199
5,1332
4,1440
10,2307
10,2269
3,767
9,2936
10,5567
1,316
7,1515
9,2103
10,2343
9,3033
1,482
6,1517
2,788
10,3562
1,568
5,1847
10,2406
5,1658
3,842
3,997
1,590
7,1487
10,2737
8,2488
5,2369
1,285
8,3078
10,3267
9,2536
6,1812
1,368
7,2207
1,500
10,2587
1,390
1,462
10,2174
3,944
3,815
8,2931
1,481
9,2975
10,2214
5,1266
7,4634
1,346
10,3329
1,266
3,1110
10,2608
1,619
5,1857
10,2742
10,2275
2,748
1,336
4,1387
5,1715
6,1706
7,1809
1,315
7,1798
1,307
10,2323
3,1073
1,420
9,1925
10,3662
8,2134
1,591
1,389
8,2958
4,966
10,3884
9,3076
1,272
1,722
1,331
2,625
10,3764
1,377
3,1191
10,2277
10,2969
1,525
1,270
2,751
2,808
10,2473
5,1851
1,277
1,266
1,273
10,2514
10,2434
1,365
3,1302
10,2503
7,2336
1,596
10,3303
4,1435
4,1355
10,3702
3,786
1,233
1,224
10,2308
10,3602
10,2432
6,1850
3,998
7,1832
10,3072
7,2470
7,2433
1,517
10,2727
1,501
4,1160
1,246
1,210
1,250
10,2986
10,2126
1,584
5,1504
1,461
5,1268
5,6666
3,1015
7,1616
10,2558
2,610
10,3543
1,274
1,227
1,232
10,2507
9,2033
1,706
5,1334
1,371
2,770
1,394
10,3334
6,1457
6,1998
4,1270
3,769
1,325
1,215
1,282
10,3472
7,1786
8,2730
3,934
1,278
10,3300
3,1205
5,1393
7,1706
10,2150
8,2709
10,3210
1,250
1,249
1,484
8,1820
3,750
4,1513
10,3505
1,272
10,3280
7,2753
3,983
10,2139
8,2601
4,1444
10,2221
3,1108
1,361
1,521
10,2397
1,369
9,3104
10,3474
1,378
1,470
1,352
10,3429
5,1764
6,1370
4,1047
5,2002
10,2585
1,285
3,750
1,665
1,237
9,2884
10,2647
1,287
1,362
1,1619
10,2483
9,3071
1,350
4,1479
1,587
10,2380
1,273
10,2375
1,356
1,225
10,3172
10,2937
1,335
1,351
1,423
7,1675
3,1001
1,241
10,3145
1,392
10,3206
3,858
10,2626
1,354
1,278
10,4274
10,2453
1,384
1,512
1,433
5,1861
4,1020
1,253
6,2130
1,431
10,2590
10,3363
10,3281
1,292
1,521
2,854
5,1840
1,318
5,1443
1,544
2,639
10,3187
1,353
10,3161
1,393
10,2346
10,3024
10,2561
1,858
1,831
1,397
7,1742
1,266
1,301
1,464
4,1240
10,6571
1,694
6,2110
1,412
7,2393
8,1787
7,1790
1,362
1,459
6,1596
1,559
3,1137
1,452
2,575
10,2559
3,655
1,305
6,1526
1,301
7,1720
10,3633
3,1200
1,355
3,744
7,2430
1,411
10,2878
1,265
6,2000
10,3416
1,377
1,366
1,567
1,263
3,1060
10,3275
9,2730
1,414
1,262
7,1863
1,317
10,2141
1,243
10,3172
10,2601
1,276
1,425
1,345
1,284
10,2478
5,2552
7,1768
1,256
1,340
1,397
1,284
10,2052
1,271
10,3379
10,2267
1,291
1,416
1,678
1,691
10,2100
7,1906
5,2195
1,270
1,328
5,1525
1,310
7,2413
1,302
10,3428
8,1732
1,353
5,1126
1,320
10,2380
3,781
2,907
10,2725
5,1936
10,2340
9,1993
1,472
5,1641
10,2349
10,3157
6,1317
5,1429
1,307
1,346
1,359
7,1830
5,1864
7,1957
3,985
7,2154
3,715
1,342
10,2847
2,662
4,1051
1,527
1,472
2,938
1,452
10,3574
10,3523
4,1269
10,3100
10,3331
7,1939
4,1281
1,251
10,2375
10,3587
8,2267
1,282
1,383
5,1202
1,475
10,2622
5,1555
4,1637
1,293
7,1707
10,3066
3,1018
1,234
5,2277
10,2263
10,3037
1,297
1,388
9,2827
1,403
10,2154
10,2711
10,3165
10,2067
10,2596
7,2835
10,2220
1,266
2,634
10,3321
1,375
1,326
1,400
8,2245
1,431
10,1975
10,2158
10,2859
10,3306
5,1243
10,3461
10,2131
3,1225
8,2165
8,2593
7,2032
1,323
1,254
6,1408
1,382
10,3318
5,1357
10,3320
3,732
7,2208
10,3505
9,2993
10,3492
10,2470
2,580
7,1465
1,522
1,345
10,2552
4,1378
3,1138
1,500
6,1572
5,1623
10,2319
3,1112
1,500
10,2501
4,1374
5,1390
5,1276
1,417
3,1246
1,524
7,2243
10,3198
1,340
10,2292
1,458
3,989
2,634
1,323
7,2583
10,3245
10,2481
9,3046
1,392
10,2950
10,4032
10,2381
7,2166
1,422
6,2242
1,362
10,2303
10,3229
1,354
7,1536
10,2070
9,2892
10,2410
1,567
10,2354
10,3621
6,2197
10,3514
1,324
1,543
1,336
2,658
4,943
1,327
10,2211
10,2952
5,1643
3,825
10,3144
10,2170
4,1127
5,1687
7,2629
1,237
1,469
1,296
10,3282
10,2243
5,1491
5,1493
6,1360
8,2738
3,665
1,392
10,2410
2,788
10,3048
5,1166
1,424
1,372
1,250
10,3410
10,3225
1,365
7,1569
1,424
10,3190
10,3183
9,2967
10,2123
4,1451
3,4682
10,2054
1,246
1,323
1,262
10,2460
10,2529
1,537
3,1030
1,364
6,1681
10,2592
4,1181
7,1552
3,1018
10,3484
3,747
1,230
1,317
1,241
10,2281
8,2527
1,456
3,1197
1,286
10,3237
1,368
10,2154
3,931
10,2850
10,3490
10,2821
1,352
1,293
1,290
8,1746
6,1517
1,549
5,1559
1,345
1,355
1,287
6,1882
10,3324
4,1361
1,1072
10,3046
1,369
1,276
1,238
10,3067
4,1365
1,394
4,1232
1,467
10,2386
1,616
1,459
10,4904
10,2661
5,2371
5,1402
4,965
1,333
10,2726
1,465
1,405
1,349
10,2569
1,333
1,392
5,1263
10,2660
8,2687
8,2277
9,2035
1,347
10,2738
1,269
1,343
1,265
1,263
10,2257
4,1603
1,463
1,277
1,374
6,1908
10,2014
10,2698
4,958
1,457
10,2107
1,294
10,3039
1,257
1,233
6,1397
10,3331
1,238
1,338
1,428
10,2924
5,1165
6,1341
3,854
1,290
10,3162
5,1293
4,1729
1,299
1,261
1,344
10,3851
1,321
1,364
1,420
4,1251
7,1621
7,3234
3,882
1,262
10,3124
10,3479
10,3253
1,620
1,478
3,799
10,2095
1,366
1,343
1,449
2,813
10,3373
10,3660
10,2254
1,398
6,1667
10,2277
10,2359
1,322
1,317
10,2560
6,1637
5,1288
1,367
1,460
3,802
10,3810
6,1643
10,3508
1,272
9,2282
9,2656
10,2629
1,244
1,425
10,4979
6,2423
10,2328
4,1264
1,300
4,1269
2,695
1,660
6,1673
1,305
5,1879
9,2096
6,1458
1,474
1,353
4,1199
1,449
10,2531
1,444
1,279
10,2272
1,469
1,331
7,2464
1,631
9,3139
10,2928
1,589
1,601
1,375
7,1864
1,417
10,2995
1,296
2,715
10,3188
1,408
1,533
7,2456
1,425
10,4519
6,2052
5,1866
1,422
1,243
9,3325
1,269
5,1379
1,340
10,3044
8,1906
1,388
1,431
1,601
10,2299
1,314
5,1118
8,3084
2,894
1,446
1,377
1,318
6,1619
1,353
10,2412
10,3369
1,328
1,450
1,387
1,277
5,1789
1,322
9,2460
6,1434
5,1303
1,246
1,325
10,2758
1,264
4,938
7,2422
1,383
1,401
1,15202
10,2947
10,3201
1,351
6,2144
5,1630
10,3390
1,598
1,236
10,2826
2,546
10,3095
6,2068
5,1482
4,1023
1,503
10,3377
6,2027
4,1671
5,1499
10,3294
6,1325
1,424
1,241
4,1217
2,523
8,1833
1,368
1,482
1,282
1,536
10,3058
1,278
2,793
9,3932
9,2310
9,3728
1,413
1,238
3,850
9,2369
10,2118
1,392
1,619
1,549
1,630
10,2450
10,3372
4,1426
10,5389
8,2761
9,3139
1,495
1,268
2,903
10,3374
6,1490
10,3153
1,404
1,454
1,583
5,1574
10,2677
4,1601
2,656
4,1361
5,1311
1,705
1,243
7,2526
8,3556
10,2298
1,392
1,247
1,494
1,573
10,2376
4,1395
10,2632
10,2235
5,1745
10,2840
1,579
1,375
4,1533
10,3246
3,831
10,2717
1,239
2,741
1,4998
9,2276
1,410
10,2388
10,3365
10,4075
10,3270
1,351
5,1388
10,3709
8,2729
7,2741
1,287
4,1073
6,1602
4,1506
9,2043
1,256
8,2677
1,719
1,379
1,273
1,347
10,3380
10,2333
1,468
10,11025
1,640
10,3398
10,3311
1,311
5,1534
1,349
6,2104
4,1469
10,2210
2,567
10,2667
10,2792
8,1785
4,1430
5,2482
1,530
10,2116
8,2701
3,1514
6,1386
1,299
10,2219
1,383
10,3531
3,860
3,1070
9,2361
10,2211
7,2186
7,2216
1,286
10,2067
10,2521
2,945
1,425
1,381
6,2139
1,338
2,472
10,2938
7,2063
8,2673
6,1685
9,3239
10,2129
1,358
10,2225
5,1644
1,426
10,2426
1,338
1,485
1,260
2,645
4,1508
10,2370
9,2774
1,503
10,3522
3,633
1,408
6,2025
10,3662
6,2367
1,423
1,284
1,432
1,349
1,311
10,3248
2,830
6,1589
1,357
9,3615
10,4542
1,417
5,1755
10,2684
5,1768
10,3357
1,288
1,563
1,355
10,2706
8,1761
8,1893
5,1069
1,616
6,1719
10,2696
9,2915
10,2778
5,1760
9,3124
10,2577
1,333
1,632
1,257
10,2293
10,2227
4,1505
1,425
1,465
5,1695
1,375
1,427
8,2628
1,580
7,2413
4,1386
1,248
1,422
1,309
10,2391
7,1676
6,1834
2,615
1,459
3,3536
1,366
9,2054
9,2339
5,1601
10,3260
1,396
3,1113
1,586
1,292
8,2128
6,1475
10,2771
4,1594
1,273
1,477
1,362
2,953
10,2947
4,1011
8,3077
1,306
4,1471
1,466
1,244
10,3252
2,843
4,1430
2,837
1,394
10,2778
1,402
10,5856
6,1390
1,349
9,3857
1,267
10,2999
1,533
1,805
8,1830
1,508
10,2735
7,1703
1,399
10,3588
1,676
5,1303
5,1197
3,1861
3,1054
1,236
10,2475
1,422
10,3152
9,2173
1,414
1,451
4,997
1,400
1,508
5,1551
1,510
2,689
10,3297
5,4013
1,394
7,2252
1,402
2,466
1,516
1,340
9,3119
10,3477
1,722
1,405
1,421
10,9252
10,2518
5,1571
1,454
1,541
10,3334
4,1364
4,1406
1,659
1,286
5,1597
8,2186
4,1350
1,490
1,457
10,5469
10,2771
9,1957
4,1471
1,307
10,3271
7,1986
10,4756
1,421
1,493
3,2027
10,3441
7,2509
1,381
1,496
8,2747
1,503
6,2077
7,2360
1,407
10,3792
10,2475
10,4659
1,449
1,513
7,2612
10,2396
10,2211
1,553
1,498
5,5049
1,364
9,2896
5,1818
1,550
6,2224
9,4571
10,3440
1,321
1,494
5,1192
3,1201
10,3428
5,2244
1,374
1,618
1,295
10,3045
3,1093
10,2582
10,2807
9,3424
8,1954
1,382
1,964
6,1974
6,1448
6,1898
1,424
2,782
5,1383
1,242
7,2409
7,2209
1,271
4,1259
10,2593
6,2411
1,1696
1,607
1,542
1,386
5,1638
1,470
10,2864
1,562
1,247
1,464
6,2285
2,590
7,2294
5,1795
4,1795
1,1471
4,1293
1,258
1,426
3,1077
1,969
10,2183
3,1011
1,308
1,603
10,3519
10,3182
9,2512
6,2241
4,1521
1,638
1,382
1,300
1,286
10,3459
1,406
5,1192
10,3466
1,269
4,1311
1,638
10,2658
10,3107
3,996
9,2455
1,670
7,2187
1,382
1,308
10,3241
1,488
8,1895
10,2792
4,897
1,415
5,1587
8,2518
6,1917
1,484
5,1936
2,690
8,2464
1,339
1,280
5,2262
1,503
10,3710
5,1547
1,421
1,601
7,2344
10,2953
5,1608
1,488
10,3512
5,1340
10,3194
1,264
1,260
1,584
1,452
5,1277
9,3235
1,395
1,777
1,489
10,3569
1,603
5,1460
10,3866
4,1357
10,3266
1,292
1,522
1,502
10,2144
2,626
9,3252
1,404
1,582
3,1110
10,3756
3,1215
1,430
6,1677
7,2206
6,1952
1,331
1,486
9,2400
10,3336
8,2731
10,4032
1,302
1,392
1,348
4,1482
10,3574
4,1077
6,4460
10,2432
3,1185
1,391
1,527
3,1077
9,3390
5,1582
7,2726
2,531
1,526
5,1682
9,2100
10,3462
3,828
10,3266
8,2731
10,3243
1,784
1,445
10,2667
10,3296
10,3444
1,423
10,2388
1,483
10,3142
9,2571
5,1904
10,2916
10,3169
5,1668
10,7856
3,739
4,1734
10,2361
9,2998
9,2435
1,327
4,1003
1,1144
1,667
10,4138
1,654
10,3640
1,377
6,2033
1,548
10,2969
10,2359
9,3116
1,924
6,1575
1,472
10,2264
1,350
10,8778
6,2995
1,537
9,2653
5,1616
3,6593
1,474
2,569
9,2366
10,3760
4,1593
5,1732
1,404
8,1793
6,2240
1,477
5,1750
1,498
6,2385
5,1585
10,2878
10,3631
4,1100
10,2060
7,2030
3,1337
10,2358
1,506
10,2243
2,790
1,629
1,683
1,503
10,8293
1,385
10,3894
3,1223
10,3471
7,1608
1,544
2,843
1,462
1,392
6,1551
2,754
1,469
10,3182
1,368
7,1789
1,319
1,422
10,2207
7,1546
10,2126
1,626
2,835
10,3025
1,410
10,2413
5,1596
1,1073
1,812
1,357
1,655
1,297
5,2135
10,3575
1,450
5,1806
1,1964
5,1616
10,3530
1,432
10,3349
5,1706
1,855
10,2615
1,248
1,501
1,256
1,331
9,3079
3,1011
6,2113
1,598
6,2023
1,357
3,1175
7,2452
8,5034
1,441
10,6523
1,267
1,492
1,242
10,2201
7,1865
7,2046
1,599
1,486
5,2161
1,237
1,383
4,1253
4,2778
1,541
5,1457
1,249
1,408
1,279
10,3360
9,9248
9,2904
3,1391
1,365
7,2389
1,272
1,411
8,2699
9,7791
2,601
1,495
1,272
1,638
1,300
5,1753
1,541
6,1967
5,1730
1,405
9,2986
1,315
7,2393
10,2709
8,2542
5,1843
1,451
2,585
1,552
1,277
9,2838
1,480
8,2542
1,704
1,374
8,2816
1,255
2,913
10,2959
10,2958
7,2231
1,492
5,1050
1,500
1,336
10,3958
1,522
4,1739
5,1305
1,435
10,3512
1,246
1,563
5,1188
5,1867
4,1507
1,529
3,1016
1,624
1,234
9,2803
1,787
7,2330
3,976
1,511
1,344
1,317
6,3044
3,1067
1,626
8,2106
1,415
10,2940
4,1356
1,450
10,3585
1,423
2,738
10,3124
4,1382
1,403
4,849
5,2085
6,1963
1,537
10,2862
1,352
10,2142
1,369
5,1180
1,456
1,437
10,3103
10,3394
3,1138
1,366
1,228
10,3111
2,485
4,1217
10,3408
1,277
5,1849
1,451
3,916
1,598
1,535
3,964
10,3629
5,1418
8,3444
1,341
9,4957
10,2713
3,1281
6,2239
1,415
8,2712
2,685
10,3342
1,390
1,491
5,1285
9,3028
2,796
1,337
1,702
8,11582
10,2519
5,1696
10,3475
10,2403
10,2933
10,3045
10,3530
1,1343
1,769
5,1564
5,1552
6,2140
1,434
2,647
9,2863
1,516
3,905
10,2963
1,280
7,2280
3,1606
10,2348
1,339
4,1402
7,2407
7,2332
5,1626
4,1289
1,412
4,1604
1,300
7,2751
10,3294
1,301
2,1209
2,942
9,2928
1,397
1,542
10,3110
1,485
7,2377
5,2155
10,2774
5,2005
1,405
7,2410
2,3380
1,431
4,24937
2,1218
7,2500
1,579
1,840
6,1888
1,376
10,3801
1,396
10,3355
1,706
5,1441
6,1989
9,2637
5,1652
8,2606
5,1953
1,575
4,2061
3,1096
1,294
1,460
9,2912
1,327
10,3098
2,814
1,427
10,3357
4,1074
10,3177
3,3954
6,2371
4,1384
1,585
2,5140
3,1322
1,512
5,1740
1,525
10,2313
3,2137
1,324
7,6409
6,1315
10,8164
2,14936
7,2611
2,902
1,507
9,3148
9,3229
1,421
10,3290
1,417
10,3547
5,1693
1,480
5,2157
1,459
5,2944
2,788
8,2747
2,1220
1,416
6,2480
9,3652
1,281
10,4098
1,1032
8,2685
8,2888
1,490
1,426
8,2634
9,3119
6,2024
8,3070
6,1946
1,1640
6,2375
1,435
1,468
8,2784
1,456
9,2259
7,2677
1,315
1,362
7,2426
10,3499
5,1627
5,1838
5,1651
3,1557
7,2560
8,2488
1,517
5,1666
3,1295
2,849
3,1053
1,439
7,2470
10,3209
4,1440
9,2988
8,20559
8,2690
5,18433
9,3082
1,565
1,489
1,530
3,890
8,2782
7,6589
1,400
2,843
6,2157
2,804
7,2248
4,1512
6,2468
2,726
10,3434
1,477
1,403
5,1917
5,1777
4,1479
7,2444
1,483
1,342
4,1017
3,1101
10,9260
3,778
10,3717
5,2032
8,39751
1,296
4,1413
1,505
7,2640
7,6043
10,3046
5,1885
3,1079
10,2977
2,1931
8,17003
5,1948
9,3244
5,1707
1,463
1,279
9,3216
5,1570
7,3221
10,2814
2,666
10,3272
1,460
1,1413
1,411
8,2735
7,2671
8,2746
6,4383
4,29131
1,325
3,1137
5,1610
10,3373
5,1902
5,1273
3,714
4,1257
2,1763
7,2380
1,608
4,1470
1,512
10,7204
3,1137
1,667
2,703
3,1204
7,2262
6,2367
1,575
10,2288
1,382
1,737
6,3466
1,553
6,2148
4,1301
7,9875
5,1956
1,374
1,555
5,1708
5,2056
10,3573
1,599
5,3474
1,337
1,372
5,2463
5,1341
10,5710
5,1910
8,2942
8,2724
1,276
6,2007
8,2664
3,1199
3,1235
7,2246
10,3463
1,390
3,1102
8,10223
1,466
7,2339
1,497
9,6960
7,2398
1,419
5,1752
7,2572
5,1787
10,3256
3,1047
9,7937
1,326
1,458
10,3838
1,383
5,3820
8,16902
4,1489
3,1114
1,750
6,2130
4,1688
10,3553
10,3462
1,369
7,2533
1,374
1,536
8,2554
1,338
3,1058
1,358
1,468
10,3200
10,2985
1,423
7,2226
10,3524
1,451
1,429
2,693
1,264
1,1276
9,2892
1,280
6,2069
1,656
1,417
7,2652
10,3085
7,2446
10,3357
4,1743
1,485
1,325
4,1273
3,1097
1,544
9,11308
1,510
1,480
1,439
3,1164
5,2255
10,3178
8,2576
7,2312
3,1251
1,503
1,348
3,1545
6,2083
1,236
1,360
1,500
1,383
1,574
5,3330
2,811
2,528
9,3000
2,758
2,1008
1,1070
1,287
2,794
10,3493
1,233
1,257
1,392
1,384
1,499
8,2963
3,1338
5,1572
4,1800
3,1136
2,1139
1,1987
1,454
2,876
10,3418
1,226
5,1333
1,632
1,358
1,408
7,2451
7,2441
4,1325
5,2148
1,616
5,1874
5,2163
1,377
5,1778
7,2426
8,3056
8,2678
1,551
1,360
1,659
7,1842
1,542
5,1966
3,1211
2,956
6,1929
1,550
1,480
6,2130
10,3522
10,7516
1,329
1,507
1,483
1,412
3,959
1,434
6,1933
5,1699
6,2396
8,2207
1,509
1,684
7,2329
10,5238
2,1146
1,720
3,1096
1,327
1,502
10,3514
1,439
5,1512
7,2520
1,430
10,3472
1,366
8,5409
8,3230
10,3280
10,3288
1,1163
8,3490
1,284
1,391
7,2382
1,457
5,1422
3,1018
1,469
10,2805
1,1286
3,1143
9,7476
3,1164
10,4336
1,627
7,2767
1,252
1,487
5,1903
1,366
10,2167
5,1858
1,480
6,2289
1,490
2,840
8,5996
6,1352
10,6282
1,393
3,1376
1,374
7,2352
2,938
1,442
5,1177
10,3910
1,524
7,3337
5,1398
10,2310
10,20127
9,1934
10,4488
1,443
7,6329
4,1351
3,845
3,998
10,3258
1,276
7,2508
1,532
10,7652
1,347
10,3220
1,489
7,2367
10,3110
1,362
7,2581
10,3029
8,2725
2,806
1,537
3,752
5,1287
1,473
2,1172
10,2461
7,2286
1,449
8,2516
4,1608
1,355
10,12457
8,2371
5,1714
7,2217
1,418
10,2062
3,1557
1,458
10,3231
10,3275
10,3251
1,5200
7,2335
6,2110
1,370
2,996
9,2995
7,2119
1,476
1,361
8,2602
7,3702
1,396
1,367
10,2390
10,3374
8,24057
10,3199
6,1671
1,328
3,1376
10,2964
2,715
1,277
1,380
5,4779
5,3749
1,692
10,14980
5,1872
10,3538
1,353
4,1447
9,2888
3,1114
7,2332
10,3337
3,1138
1,294
3,1531
9,3041
10,3714
4,1877
1,458
9,2310
4,938
1,402
1,569
10,4401
2,642
2,809
6,2182
7,2466
1,295
4,1484
7,2272
1,388
8,3443
1,367
10,3276
10,2428
5,1585
10,3146
10,3300
7,2494
10,3205
10,3496
2,638
1,287
10,2661
10,3296
10,3194
9,3481
1,419
1,590
10,3552
1,392
1,541
10,3289
5,1720
4,1292
1,379
5,1766
1,322
8,1774
10,3536
5,1543
10,2826
1,332
5,1630
7,2223
1,352
2,815
4,2303
7,2602
9,1920
2,1083
3,959
1,388
7,2520
10,4756
2,848
6,25288
1,393
4,1423
10,3364
1,300
3,1008
10,3868
7,2424
8,2874
6,1582
7,1837
1,368
6,1925
4,1474
1,591
10,13214
1,556
3,1192
8,2645
1,398
1,381
1,379
10,6347
10,5434
10,3070
4,1341
1,410
10,3324
2,598
5,1806
10,11433
1,667
2,699
6,1977
1,460
1,433
1,597
5,1984
6,2179
10,3725
3,1077
1,1451
10,3519
3,1226
7,1872
2,7722
1,463
1,467
10,2243
1,404
1,458
1,378
3,2905
10,7976
10,3468
3,804
3,904
2,785
2,509
1,380
10,7942
1,348
4,1594
1,518
1,438
1,434
1,534
2,789
10,4558
10,3215
10,2269
4,1479
5,1900
1,422
1,607
1,638
8,2368
5,1748
2,813
3,1102
1,323
1,414
4,1018
1,375
4,1942
10,3086
10,2107
10,3308
5,1664
1,1599
7,3237
4,1244
6,1948
1,370
8,2615
1,387
1,321
8,2680
10,3272
10,3839
6,2083
8,2699
10,3101
6,2190
1,370
3,2874
10,3009
7,2162
3,1147
5,1941
1,393
1,637
9,3084
2,817
10,3410
10,3532
10,3024
10,2612
7,2585
1,642
10,3429
7,2023
9,14495
1,733
4,1440
7,2294
1,375
10,5944
1,494
1,468
7,2674
7,2201
1,327
10,3258
1,577
10,5335
2,739
8,18041
1,314
7,2336
1,395
1,636
10,7775
1,295
2,815
10,3707
6,7305
2,755
9,3915
1,396
3,3666
10,3850
1,459
1,393
10,2414
1,462
1,435
6,2500
1,401
5,1690
7,5616
10,3173
7,1820
8,2518
1,297
7,2870
6,1952
10,18008
1,398
7,1562
3,1051
1,429
10,2888
1,442
5,2644
10,18491
10,3038
5,2081
8,9134
1,379
10,2827
10,3593
9,6418
1,425
2,732
6,2015
3,834
10,7029
1,387
7,2693
3,1207
2,754
4,848
9,2787
3,1169
10,21446
3,19100
1,352
1,612
5,1756
10,3179
10,2368
1,309
1,371
10,6530
1,463
3,1296
10,3543
1,490
10,3507
10,2285
8,2655
1,514
1,539
2,969
10,3054
1,542
2,714
1,370
1,493
1,261
10,3013
7,4005
1,502
4,1297
1,670
10,5148
1,570
1,700
6,2445
10,3367
10,2113
10,2651
1,534
1,472
1,392
10,3376
6,5030
5,1240
8,3409
1,720
6,2034
5,4591
10,3109
4,1445
10,3485
10,2390
1,439
1,339
1,442
1,395
7,2200
8,6339
1,652
10,3346
1,409
10,4196
1,434
6,1960
8,2058
4,1309
7,1913
1,741
1,265
1,366
1,366
7,3070
10,4904
1,737
10,3386
1,335
2,1005
1,433
10,5805
9,3103
10,3680
10,3231
1,334
3,906
1,381
1,438
10,3487
10,12991
1,395
7,2336
1,563
10,3150
1,406
10,3075
10,3720
4,1106
10,3313
1,430
10,2176
1,370
1,682
8,2433
3,1155
1,573
6,1673
1,441
10,13716
1,325
10,2319
10,2479
4,1475
9,3141
1,607
10,3747
1,393
1,392
10,2447
2,786
1,561
2,793
1,413
4,1291
1,449
10,3041
6,2356
9,1944
10,2541
1,612
10,3728
1,637
1,560
2,739
1,356
1,694
10,3600
1,427
10,3771
1,438
4,1332
10,7442
10,3397
5,1172
1,621
8,6685
3,1249
1,400
3,809
1,356
1,673
4,1560
1,396
1,500
1,449
10,2927
2,890
10,3249
10,2178
10,3434
7,2080
7,3041
7,2437
1,494
1,349
1,505
9,2329
1,422
10,3355
1,505
6,1416
1,485
6,2681
10,3258
1,312
10,2710
1,3709
10,2921
1,408
1,666
1,443
10,2555
8,2717
1,417
5,2137
4,931
10,3400
10,3426
10,2997
1,579
2,908
8,2642
10,2454
1,392
1,549
10,2698
8,2748
10,3316
1,617
8,2966
10,2841
10,4994
6,2040
10,2172
1,572
10,4965
1,395
10,3652
1,393
1,443
3,1052
10,9709
10,3688
1,552
7,2351
10,3213
1,497
1,391
5,1212
3,1116
8,2933
10,3518
8,2640
1,408
10,3762
5,1441
6,2234
10,3755
1,269
3,1148
10,3236
1,479
10,3375
10,2048
10,2423
10,3570
10,3149
10,3311
1,352
1,415
5,1700
10,5706
2,861
1,277
10,6763
10,3243
1,353
1,503
1,514
10,3455
10,3742
10,3400
2,1224
1,355
1,466
7,1548
10,6188
10,3440
1,467
7,2086
4,1256
1,372
1,498
1,269
7,2433
10,3316
10,3620
9,2483
1,362
1,785
3,1016
1,305
10,4034
1,634
5,1869
10,2441
1,509
1,397
1,265
10,3906
2,738
10,8496
8,5541
1,424
1,386
5,1708
2,6104
10,3348
1,479
2,5611
6,1433
1,285
1,313
1,268
10,3576
10,3209
2,817
6,1736
1,364
8,3178
7,2214
1,580
10,2580
1,351
3,1468
1,555
1,307
1,357
1,443
7,2548
10,3380
10,5376
10,3271
7,2531
6,2097
5,1719
1,435
6,1502
10,2909
7,2454
1,712
1,330
1,267
1,334
10,3462
10,3725
6,2123
10,3267
10,3267
10,18384
3,1111
1,393
4,1083
6,1424
2,723
1,517
1,279
1,427
1,538
10,3560
1,527
4,2007
2,572
6,1851
10,12392
7,2633
1,409
10,3446
4,1382
3,1517
1,691
1,405
1,370
1,368
10,3522
1,275
9,3795
10,3106
10,3022
2,992
4,1714
1,374
10,3960
10,5235
7,2502
1,426
3,1011
9,3021
1,423
10,8369
1,266
10,3665
1,267
10,3226
10,2443
9,3075
1,417
4,1499
10,5465
4,1389
1,374
10,3295
1,278
1,342
3,1207
1,378
4,1445
10,3406
3,1057
4,6612
8,2350
1,398
10,3276
4,1307
10,3468
1,354
10,3230
1,304
1,574
10,3390
1,345
10,2525
10,2505
10,2204
10,3366
10,3368
1,382
10,2919
6,2094
8,2545
1,433
10,3584
3,1076
2,838
10,3152
1,338
10,2921
4,1215
4,1493
6,2199
10,2214
1,387
6,1843
10,5118
10,2250
1,470
7,2376
1,420
10,2150
10,3116
1,259
1,496
6,1464
10,2941
4,1082
10,2973
1,349
1,410
3,932
6,1997
1,556
10,3434
10,2197
3,932
1,670
1,334
6,2048
1,461
6,1773
10,2854
6,1899
6,2092
1,386
10,3631
10,3420
10,3603
10,3319
1,445
1,430
1,570
1,244
10,5355
1,426
4,1469
10,2658
10,2918
10,2943
1,386
1,467
10,3807
3,1367
8,2755
7,2402
9,2647
1,416
1,432
1,356
1,320
10,3220
10,3794
1,295
8,10806
1,392
10,3728
2,729
10,2169
10,3207
10,3008
10,2374
1,492
6,1311
1,466
1,286
10,3056
10,2753
2,777
10,3122
1,351
10,2962
10,4324
10,2708
10,3644
10,3270
8,1830
1,415
4,1040
1,450
1,278
10,3347
4,1697
1,476
10,8089
1,379
7,2473
1,363
7,1565
10,3302
10,3204
7,1585
1,660
10,2325
1,361
1,235
4,1503
10,3517
1,382
10,2531
1,321
10,3727
1,408
10,3292
10,3337
9,1972
9,2412
1,396
10,3488
1,329
1,232
10,2435
6,2412
1,278
2,720
1,400
10,6040
1,254
10,2985
2,637
1,652
10,2438
1,416
10,3504
1,343
1,222
10,3229
1,414
1,375
4,1538
1,466
10,2233
1,290
10,2751
10,3268
10,2268
5,1685
1,372
4,1229
1,328
1,261
6,1949
1,498
1,368
10,3365
1,502
9,3502
1,281
5,1223
10,3207
10,2702
10,2118
1,370
10,3224
1,347
1,295
1,609
1,246
1,307
6,1549
2,642
1,580
1,392
10,2293
10,3742
3,1141
10,3556
10,3252
6,1638
1,334
4,1013
1,433
1,248
1,367
4,1019
10,2515
1,492
1,371
3,664
1,544
10,3013
10,2983
6,2389
10,2645
1,343
4,1634
1,438
1,243
1,279
10,2188
10,2338
1,327
1,387
10,2071
1,674
9,2953
10,2921
4,1082
2,480
1,349
10,2419
1,546
1,254
1,361
10,3547
1,316
1,412
1,544
10,3136
1,404
10,3593
5,1599
10,3390
10,2400
2,611
10,2348
1,443
1,385
1,443
10,3486
10,2222
1,388
1,469
10,2240
1,483
10,3627
10,3205
10,2775
1,463
10,3078
10,3801
1,507
1,408
10,3342
4,1312
8,2753
1,352
3,857
10,3163
1,380
7,2202
1,534
4,1572
10,2050
9,2570
10,2670
1,433
1,348
10,2237
10,2429
10,3682
1,269
10,3326
5,1221
1,348
1,286
1,367
6,2544
8,1886
10,2577
6,1625
1,404
10,2355
10,3164
10,3682
10,3865
1,412
7,2288
7,2348
1,351
1,475
1,425
10,3587
10,3082
10,3213
3,748
1,468
1,518
10,3148
6,1430
9,3067
1,443
10,3455
1,531
1,352
1,306
1,285
3,1172
9,2684
10,4390
10,2440
1,368
3,1199
8,2187
1,427
10,2389
1,391
8,2335
1,273
1,438
1,238
1,768
2,690
10,2747
8,2241
9,2244
9,1876
10,2218
7,2024
1,297
5,1099
10,2772
7,2249
1,306
1,353
1,281
1,449
9,1961
10,2560
10,3992
1,385
10,3435
10,3374
10,3194
1,261
10,2513
5,1248
10,3031
1,315
6,1452
1,259
1,389
1,398
1,365
5,1814
10,2290
10,3445
1,473
2,832
1,255
10,3319
10,2237
2,781
1,345
4,1440
1,437
1,447
10,3373
1,299
10,2399
10,2590
1,337
10,3386
3,1134
1,269
10,3826
3,756
3,1107
1,249
10,3306
1,947
1,325
10,2958
1,292
10,2962
7,1806
10,2080
7,2092
8,2646
1,292
5,1634
10,3097
6,1395
1,239
10,3466
1,504
1,557
7,2723
1,253
10,3315
1,484
10,2369
10,3621
10,3309
1,258
10,3415
10,3148
8,2819
1,255
4,1474
1,643
1,605
8,5219
1,507
5,1189
10,2143
1,396
9,2391
10,3296
1,356
10,2371
5,1675
4,1426
1,244
10,3830
10,3459
1,540
1,479
1,339
10,2174
10,2896
10,2794
5,1349
10,3510
1,316
1,584
7,2522
10,3041
1,329
10,3497
2,925
10,3239
10,3645
1,268
10,2135
9,2882
9,2890
10,2623
10,3143
1,308
1,559
1,358
10,8064
1,344
6,1979
3,1521
3,1117
10,2388
1,244
10,2257
5,1260
5,1702
3,11056
2,555
3,1312
1,595
2,599
10,3038
9,2624
2,822
10,3641
3,1121
9,2596
1,308
3,779
1,389
10,2321
10,4265
10,3175
10,2479
1,392
10,2702
2,640
2,556
3,1143
2,664
9,3033
1,441
1,306
1,313
1,301
3,757
10,3107
10,3395
10,2979
1,365
3,760
10,3443
3,1097
10,2173
8,2971
9,3122
1,311
5,1147
1,408
1,292
10,3207
10,2926
10,6823
10,2945
1,384
2,725
10,3404
10,2158
1,477
10,3191
7,2382
1,442
10,2256
1,358
1,318
10,2683
10,2833
1,327
10,3103
1,249
9,3201
10,7456
1,323
10,3269
7,2759
10,3615
1,340
3,1065
1,397
1,357
10,3186
5,1601
1,242
10,3064
1,231
10,2756
1,378
10,2916
10,2398
8,2174
7,2681
1,246
10,2188
1,403
1,251
5,1755
7,1546
1,251
7,2431
1,408
8,2770
1,438
8,2577
8,5334
2,753
8,2388
1,274
10,3064
1,292
1,262
10,3147
1,481
1,239
10,2406
1,377
10,3593
1,377
7,2537
7,2317
10,2375
10,2476
1,232
10,3102
1,322
1,235
7,1696
1,436
1,267
5,1232
1,714
7,1796
1,368
9,2190
10,4138
10,2234
10,3177
1,243
5,1201
1,345
1,242
1,493
1,823
1,265
10,3553
5,1627
8,2466
1,595
5,1470
9,3450
2,536
2,663
1,242
7,1536
1,305
1,235
1,373
1,331
1,445
10,2122
10,2878
1,380
1,427
2,591
10,3360
10,3111
2,653
1,226
1,440
1,347
5,1201
1,249
1,356
1,273
10,3274
3,1023
1,294
1,407
10,2179
1,384
8,1760
5,1201
10,2227
10,2560
1,393
10,2781
1,238
1,337
1,254
10,3930
1,424
1,318
1,349
10,3401
1,544
10,3143
10,3550
5,1317
5,1421
5,1212
10,2022
1,252
1,336
1,256
5,1413
9,2916
1,269
1,375
10,2413
1,411
10,3041
10,3830
10,2918
10,3014
10,2319
10,2438
1,246
1,398
4,993
10,2304
10,2241
1,572
1,505
10,2778
1,294
8,2717
8,2600
3,1013
3,1016
7,1505
10,2449
1,379
1,336
10,2267
10,2131
5,1732
1,460
4,1443
10,2749
1,324
1,352
10,3121
10,2465
2,578
9,2308
10,2717
1,376
1,328
10,2641
1,844
7,2540
1,437
10,3381
5,1210
1,392
1,463
5,1521
5,1743
9,3109
10,3204
2,830
1,338
1,356
10,2616
1,461
9,3015
1,469
10,4024
8,2691
1,308
1,267
10,2949
10,2959
5,1721
10,5230
10,2866
1,375
10,3165
10,5940
1,260
10,2593
1,420
10,3463
1,402
1,524
1,681
1,510
7,1736
10,3578
5,2086
3,673
1,438
2,518
10,4869
1,429
5,1838
1,550
10,3539
1,251
1,298
1,417
1,395
1,623
7,3086
5,1599
10,2352
10,2435
10,2037
6,1892
1,578
10,2149
10,2448
6,2117
1,335
1,246
1,482
1,371
2,953
8,3004
10,5151
2,808
3,706
10,3000
3,787
1,292
10,2385
5,1329
10,2937
1,485
5,1208
1,489
1,400
5,1513
1,550
10,2654
10,3015
10,3072
9,2290
2,444
1,293
10,4585
10,2501
10,3697
1,402
10,2717
1,390
1,373
10,2343
1,401
10,2627
10,2857
10,3194
3,744
10,2986
1,294
10,3868
2,652
3,939
1,266
10,2256
1,472
1,426
4,1278
1,328
5,1984
8,1894
2,503
8,2242
1,532
1,400
5,1780
10,3303
10,2162
1,381
10,3538
10,3479
1,345
1,478
1,390
10,2788
7,1809
9,3187
7,1570
10,2345
1,400
10,2540
10,3479
1,480
1,417
5,1641
1,662
1,501
9,1956
1,362
10,2636
8,2246
10,3131
5,1669
10,2147
1,244
10,2286
5,1828
10,3243
1,377
10,2202
1,463
1,468
5,1803
1,670
10,2820
5,1684
7,1855
2,896
7,2327
1,506
1,843
8,2295
10,3102
1,411
10,2451
3,1091
1,254
8,2590
1,477
3,1134
1,427
8,3327
10,2237
8,2451
2,633
1,366
10,2873
7,2236
1,378
1,390
10,3554
5,1668
10,3064
1,268
1,657
1,302
5,1219
10,3348
10,2053
10,2454
1,404
1,611
10,3788
9,2829
5,1274
10,4456
5,1440
6,1495
1,323
1,926
1,299
10,3192
10,2859
10,3424
10,3802
1,421
1,502
9,3045
1,557
2,475
3,2850
10,3814
9,2905
1,590
1,488
1,259
2,996
10,3216
9,2799
9,3244
1,260
10,3284
1,245
3,1195
10,2083
9,3476
5,1765
1,997
5,1595
1,591
1,242
10,13644
10,3428
1,492
9,3764
1,275
3,891
10,3624
10,3010
3,673
10,3958
10,3370
1,361
2,595
1,617
1,240
10,14518
5,1219
1,528
10,4478
1,365
3,1252
1,373
3,1308
1,228
7,2476
10,3838
1,640
10,2154
1,503
1,266
5,1828
8,2847
1,391
8,2574
1,587
9,3308
1,283
9,4039
9,2142
7,2462
5,1945
1,370
10,2262
1,445
1,230
10,2337
1,447
1,371
5,1967
1,328
10,3226
1,415
7,2609
10,2878
10,7746
7,8114
1,273
10,3078
1,352
1,260
10,2718
9,2411
1,415
10,2644
1,389
9,3307
1,362
10,3690
5,1736
8,2766
5,1692
1,312
10,3388
1,457
1,229
8,2866
1,473
1,388
10,2321
1,695
7,2359
1,347
7,2491
8,1940
5,2086
5,2080
1,298
5,1671
1,539
5,1467
1,633
1,415
1,314
10,3215
4,1460
10,14714
1,364
2,855
7,5970
1,389
3,1390
1,271
8,3032
1,417
10,2678
1,342
1,529
1,262
10,3567
10,2496
7,2412
1,269
8,2287
9,2851
10,3458
10,7513
1,273
1,690
4,1423
10,2214
1,352
1,440
1,290
5,1439
3,1217
1,374
1,291
1,510
1,465
10,3670
1,652
1,379
10,3514
10,3349
10,2962
1,395
1,374
1,393
10,2796
9,2974
1,489
1,262
10,2877
1,389
10,4072
3,1401
10,2261
4,1849
7,2332
10,3151
1,324
1,391
10,2294
10,3231
3,1109
10,6593
1,436
10,2375
1,396
10,3816
3,1204
5,1386
10,3435
9,2375
10,3010
1,366
1,274
10,3449
10,2565
6,2281
1,490
10,5171
10,3047
1,365
2,970
10,3616
10,2724
3,949
10,3430
10,3313
1,307
1,367
10,2040
1,548
10,3537
1,455
10,2556
10,3285
1,477
5,1723
9,3125
2,441
3,901
6,2291
1,442
1,421
1,421
10,2077
1,381
7,2520
1,349
10,2758
8,2744
1,444
9,2069
7,2793
10,2958
9,2322
10,10477
10,2719
1,491
1,409
10,2870
1,400
7,3394
1,451
10,3409
2,1030
1,259
1,338
10,3394
5,1479
6,1541
2,779
3,1038
1,379
1,261
10,2888
1,535
10,12712
1,515
9,2759
1,327
1,271
1,320
10,3430
10,3621
7,2446
5,1411
9,3157
1,1285
1,319
1,448
1,625
2,621
1,444
10,3325
9,2602
1,260
1,321
1,2108
8,2477
10,3240
1,585
3,964
10,2180
10,3277
2,676
1,375
10,2735
1,621
10,3528
1,332
1,256
1,260
1,1284
10,6046
7,2668
8,1911
10,3155
3,1090
10,6233
5,1703
1,377
8,2674
1,518
1,333
1,341
5,1532
1,263
1,1758
1,648
1,559
10,2878
9,3979
10,3326
3,1571
10,3499
3,912
10,2089
10,3296
2,825
1,246
10,2159
1,410
1,1487
1,534
1,862
8,2817
1,825
10,3372
10,4642
3,943
1,622
10,3312
2,590
10,3281
1,244
10,2053
1,500
7,12343
4,1135
1,543
10,3569
7,2593
3,1021
3,5268
1,299
1,490
10,3863
8,1898
2,720
1,275
10,3471
1,378
1,651
10,3022
1,503
10,2235
10,3716
9,2963
9,2368
9,2398
1,468
8,3037
1,472
3,1151
5,1130
5,1710
1,265
1,691
3,1292
10,3191
5,1726
10,13347
10,6763
9,2414
10,2751
1,532
10,3380
10,2638
9,5372
1,405
10,3425
1,305
1,639
9,3270
10,3459
2,1220
7,2968
7,13352
7,1865
8,2189
1,545
2,724
10,3157
8,2332
1,248
10,3239
10,2719
1,679
3,1255
1,412
9,3798
2,884
7,2245
7,4792
5,2035
10,3230
1,443
8,1956
10,3419
1,260
1,610
5,1648
1,483
9,2910
1,458
1,534
1,576
2,644
2,740
7,2432
10,3204
1,439
2,510
7,1973
1,258
1,480
5,1199
1,415
6,1809
1,481
6,1840
1,376
8,2053
1,468
9,3329
7,2568
1,333
9,3099
1,373
10,2788
4,1549
9,2123
6,2014
7,2428
1,414
1,750
1,430
1,378
8,2599
1,740
9,3169
1,368
5,1378
8,1919
10,3342
10,2716
6,1979
2,780
10,3165
1,365
1,269
1,447
10,2392
10,3227
1,613
9,3178
1,526
5,1703
1,244
5,1191
10,3238
5,1986
2,969
10,3267
1,649
1,247
1,401
8,6310
10,3126
1,600
10,3505
1,481
10,2898
1,379
5,1264
3,928
10,3086
3,1054
7,4311
2,741
1,259
1,423
10,6992
10,2680
1,458
10,4017
1,317
6,13531
1,288
9,2994
3,1166
5,1577
4,1714
1,387
1,556
1,228
1,637
10,2359
10,2143
1,433
2,963
1,380
10,13833
1,322
6,2355
9,3506
1,711
8,7348
1,430
8,2989
1,312
1,502
10,3267
8,2664
1,377
8,2290
1,453
10,8868
1,280
10,2428
6,2267
4,1388
6,2107
1,385
10,2571
1,265
1,399
2,496
2,784
1,625
7,1633
1,275
5,6964
1,505
7,4424
9,3787
10,3492
4,1308
1,307
10,2863
1,278
1,419
9,2947
9,2854
1,571
10,2322
5,1551
10,5871
1,262
5,1715
10,2375
1,406
2,892
1,329
10,2944
1,266
8,2758
1,479
10,2398
1,522
10,7595
10,2702
5,1729
1,267
10,2680
7,2329
1,315
8,2925
1,296
8,1854
5,1622
8,2882
1,247
1,365
1,405
8,4043
10,2308
4,1427
1,362
4,1466
10,4068
3,983
6,2009
1,301
2,784
3,1257
10,2368
1,231
1,239
10,2131
10,3347
9,2503
10,3172
2,886
1,311
7,2836
10,3115
7,2233
1,413
9,3060
10,2250
10,3209
1,290
1,259
10,2196
10,3060
6,1981
1,424
10,2837
3,1134
1,483
10,3314
7,4855
1,486
3,1082
10,2896
10,2997
1,241
1,227
10,2509
2,780
5,5545
1,401
10,2614
1,525
1,518
9,2914
4,1431
1,379
5,1829
4,1095
10,3323
1,269
1,219
10,2284
3,1260
10,3429
1,635
10,3131
3,1444
1,569
7,2288
3,1111
10,3362
7,1608
9,2992
2,744
1,301
1,223
10,2745
1,522
1,601
1,521
10,3188
10,3727
1,697
9,2917
1,549
3,955
10,2213
10,3922
5,1814
1,232
1,624
10,2311
1,289
10,3379
1,543
10,2900
10,3267
1,476
10,3363
4,1585
8,2600
10,2605
10,6419
10,2422
1,244
1,544
10,2856
1,448
4,1596
1,435
8,5165
10,3318
1,375
10,3154
2,7158
1,587
5,1844
5,1478
6,1321
1,264
1,452
1,554
1,261
1,336
1,576
10,3871
9,2881
1,295
1,342
5,10417
10,2194
9,2801
7,2413
10,3094
5,1273
1,340
1,492
1,352
9,3121
1,618
1,365
10,3409
1,313
1,458
2,712
7,2756
5,1614
7,2497
10,2831
7,2266
5,1419
4,1420
1,345
3,1251
1,583
1,340
10,3694
1,319
1,411
6,1909
10,2254
10,3160
1,479
10,2605
5,1604
5,1294
10,3564
1,618
10,4076
1,574
10,2734
1,334
1,296
1,400
10,3365
2,701
1,475
3,1019
7,2363
2,561
10,2135
3,1383
1,343
10,4153
1,500
10,3214
1,480
2,1070
1,374
2,815
9,3160
5,1637
1,507
10,11142
10,3418
6,1591
3,1335
1,251
10,6832
10,3127
3,1247
1,411
1,600
1,366
8,3037
5,1949
10,7714
3,1159
5,1684
6,1613
10,2694
9,8039
1,244
10,3126
10,3653
3,1054
7,2317
8,2014
4,1261
1,428
5,1379
1,498
3,1104
4,1456
5,1794
10,3908
9,3220
10,2500
10,11837
3,14480
9,3132
1,276
10,2378
1,738
1,597
9,2140
1,569
10,3380
3,1151
5,1539
5,1474
6,2106
5,1566
1,484
10,3331
9,3079
1,497
10,3569
1,415
6,2022
10,2928
1,696
10,3388
3,1103
10,2933
5,1780
7,2942
5,1734
7,4728
9,8994
10,2732
1,704
8,2705
1,449
1,349
5,1990
1,535
9,3133
1,483
3,751
4,18301
10,3408
5,1774
1,557
10,16607
7,5588
8,2728
10,3594
1,452
8,8270
10,3458
1,591
7,2329
1,440
8,2698
1,598
10,3211
10,2903
1,535
7,2180
1,434
1,562
9,2198
6,2000
1,689
5,1974
1,457
10,2974
1,462
4,1512
3,1086
1,577
10,2219
1,535
8,3199
1,548
1,514
2,468
4,1350
1,442
10,3489
1,506
10,3418
1,453
1,464
10,3159
7,2403
5,2381
1,590
6,1967
7,3899
1,508
5,1913
2,775
9,38526
5,1712
1,906
7,6935
1,369
3,1087
10,3421
1,498
5,2134
1,487
2,857
10,9752
1,442
5,2037
4,1375
1,349
1,651
1,483
1,585
1,441
10,3158
10,3260
1,537
7,2358
1,412
5,1900
1,579
2,17488
10,3003
3,1102
4,20341
5,28737
1,487
1,496
1,477
10,3528
9,3163
1,505
5,1342
1,600
4,1626
1,432
2,11588
10,2158
3,1124
1,492
1,525
3,1313
1,436
1,470
9,3222
10,3314
1,421
3,1268
1,552
3,1004
1,489
5,10078
10,2435
5,16780
1,485
10,30467
10,3655
1,309
1,487
10,3579
10,3194
1,609
1,516
4,1452
5,2169
1,385
4,1587
6,1820
8,2608
1,498
1,394
10,3746
1,425
1,430
10,3413
7,2289
1,710
3,1279
1,564
5,3798
1,400
3,1024
5,1829
7,2388
1,974
1,376
10,3759
1,391
1,371
7,2491
2,784
1,657
10,3269
6,11397
2,807
1,418
5,2255
10,3003
6,12437
1,425
1,416
10,3328
5,2297
10,3604
10,4316
1,541
1,403
8,2796
8,22353
4,1274
1,360
6,2382
7,6169
7,2203
10,3217
1,417
10,3232
1,506
7,2461
1,645
1,589
1,432
10,7287
2,1120
8,15574
1,378
8,3223
5,1325
6,2166
8,2453
1,421
7,1875
1,446
10,3407
1,625
1,509
8,2988
9,4264
3,1124
5,1784
10,2490
6,2289
4,1394
5,4960
10,3563
1,494
4,2116
1,492
10,3189
1,489
1,610
10,2975
10,2268
3,1148
5,1840
10,3191
7,2378
3,1216
4,1812
6,2176
1,578
4,1672
4,1462
9,2899
1,514
1,918
7,1518
7,2312
5,1804
1,448
10,3192
5,1622
1,382
2,888
7,2810
1,454
6,25758
2,651
10,3262
1,501
1,407
10,3242
10,3481
2,819
6,3897
10,3128
5,1706
1,467
2,873
8,20400
1,1739
8,32945
8,2609
6,2334
1,835
1,519
10,3423
2,806
4,3983
7,3126
10,2813
4,1240
1,493
2,803
2,18504
10,3433
2,24058
1,478
8,7144
1,635
1,513
10,3520
1,599
8,2608
5,2245
10,2707
4,1371
1,545
3,976
3,18957
1,349
6,15780
6,8624
2,736
1,522
6,2202
2,478
1,511
7,2319
2,730
10,2349
3,1091
1,474
2,715
4,2593
3,1124
2,12086
4,1417
5,1482
1,503
8,2569
3,1129
1,480
5,1789
1,878
5,1591
2,735
1,447
8,3262
5,2832
10,3350
3,8299
5,1777
4,1019
1,471
8,2585
5,6328
1,611
7,3555
1,510
5,1374
2,655
1,473
6,1965
2,795
10,12555
3,1604
6,2373
5,1743
6,2144
1,406
5,1521
1,541
6,5094
1,361
10,2180
6,1881
1,590
8,2472
3,1194
9,2797
4,1538
4,1849
5,1791
4,1626
5,1886
10,3392
5,1883
4,1690
1,389
9,2049
2,4543
1,444
1,373
7,1619
10,3209
2,668
2,833
6,1827
6,2848
1,350
10,3062
1,457
6,2131
1,381
5,1637
6,2181
1,459
9,3363
5,1135
7,3750
8,2859
8,2993
4,1468
8,4766
2,2871
9,2125
1,410
2,667
1,375
7,3171
1,597
1,558
8,2460
8,2352
4,1458
7,2050
6,3000
2,554
4,1614
4,1480
6,1828
1,436
2,751
1,366
10,9205
5,1718
3,1405
8,3042
8,2493
4,1467
1,388
6,2043
8,2657
2,730
5,1739
10,8405
1,451
6,2211
4,2083
5,4180
1,581
10,32112
1,379
10,3894
2,702
7,2447
4,1220
5,1827
3,1275
4,1469
5,2642
1,441
3,1208
1,489
5,1929
2,772
10,3245
7,2433
10,3754
8,12184
7,1507
4,1597
6,2030
4,1402
2,699
5,1794
4,1397
10,3535
3,1086
1,950
9,3338
9,18225
1,339
10,4150
3,1040
1,261
2,853
4,1593
4,1322
6,2034
1,728
8,2661
8,2944
1,365
1,556
1,1331
7,2335
1,506
7,2278
4,2030
6,4824
6,1905
5,1921
2,699
7,2259
4,1486
6,2107
1,470
2,826
5,1587
8,15973
10,8138
1,392
1,451
3,3596
1,538
3,939
5,1723
6,2175
5,1656
10,2829
2,588
9,3645
8,2564
1,518
8,14706
10,20627
1,386
1,267
5,1884
1,501
2,3860
1,449
7,2382
5,1702
1,432
4,1520
8,7796
2,712
1,549
4,22726
8,6509
1,390
1,365
2,844
1,639
10,3747
1,457
7,3292
1,615
1,626
5,1706
4,1419
6,1635
1,1359
1,344
4,1373
1,381
2,653
6,2070
1,606
1,470
1,488
6,5207
4,1596
1,494
6,2027
1,424
6,1937
1,1174
8,11125
2,750
1,391
1,440
6,2088
1,1665
1,464
1,458
1,457
2,815
1,696
4,1444
1,524
5,1793
1,1221
1,358
6,1926
1,508
1,358
7,7955
1,699
1,382
1,387
4,1791
2,2878
1,481
2,1095
1,527
8,2863
3,2016
1,535
5,1692
1,453
2,749
6,2671
1,397
6,1494
1,364
3,1322
2,859
1,434
6,2613
1,410
4,2975
1,402
1,5634
4,1275
1,533
1,552
7,16345
1,466
9,2973
6,4016
2,775
3,997
1,472
6,2576
1,382
8,2593
1,453
10,36701
5,1763
4,2807
1,1287
5,1708
1,591
1,502
1,415
2,687
6,1989
1,427
8,22723
1,560
2,824
1,616
1,481
2,550
6,2077
3,1414
1,3424
2,603
4,4218
1,440
2,658
6,2165
1,453
4,2098
7,17489
4,1331
1,526
1,458
6,11290
7,2123
1,443
1,372
2,9259
9,2890
1,406
6,1806
8,2319
1,416
2,784
1,379
10,3841
1,588
4,1472
4,4267
10,2857
1,738
8,24506
2,708
4,4674
1,355
5,1622
8,2841
1,436
4,1672
1,388
10,3220
1,660
1,923
8,3452
2,859
1,458
1,493
3,1079
1,343
4,1485
8,2588
8,2757
10,13691
2,780
1,341
7,2680
8,2580
1,377
1,10796
9,2173
1,473
1,360
6,1977
7,6471
3,1087
8,2966
4,1339
8,2838
3,1161
1,612
1,482
10,3728
8,2307
5,8311
6,2141
4,1440
1,419
9,3115
1,386
2,719
4,1272
7,4520
10,3603
2,704
4,1386
9,3042
10,19140
10,4030
5,10238
3,1226
9,3466
1,435
4,3508
2,8319
2,636
9,5316
9,10859
10,4516
1,387
7,2326
6,1754
9,2939
9,3416
6,10855
3,1406
10,3807
1,461
8,7104
8,16222
4,1329
6,16139
7,2345
9,2100
10,3541
10,3727
3,963
10,4885
8,2966
4,2740
8,3237
10,3137
1,360
7,2073
1,337
5,2112
8,14867
1,443
2,874
8,2840
1,503
7,3275
9,4815
6,2220
6,24556
1,460
10,3230
1,387
8,5871
1,437
8,2805
1,385
1,401
10,3519
8,6741
6,2214
9,2523
2,841
2,795
1,612
5,1583
6,1375
1,361
8,8774
7,2326
8,10150
1,373
1,461
8,3161
5,1730
3,1828
1,338
5,1697
5,1662
1,501
3,1165
10,3167
4,1363
10,5740
10,3197
9,3869
1,389
1,654
6,2121
6,3080
6,2489
5,1211
6,2078
1,316
1,593
5,1852
10,3454
3,1238
1,554
1,332
2,964
1,356
1,1817
2,929
9,8191
7,2925
1,213
8,2568
2,923
1,412
9,1839
10,2590
2,921
4,4810
1,378
6,63906
1,339
1,584
4,14923
8,13746
9,3279
1,692
2,1077
3,906
1,580
8,2720
2,853
1,496
10,3491
8,31266
1,505
1,763
1,444
2,959
1,558
4,1794
1,442
4,1567
5,1127
1,522
8,3721
10,2692
9,3195
8,2883
8,2636
2,1031
1,498
1,424
4,4634
1,459
5,2021
1,441
5,1927
8,2115
1,479
7,2768
10,3822
6,2117
1,585
1,245
4,1587
1,447
1,494
3,1224
1,497
8,2458
1,436
5,4139
8,2876
1,2572
7,2178
8,2835
5,1990
9,3197
1,413
1,615
2,657
1,478
5,1926
1,423
3,1183
1,439
3,1275
8,10240
4,1490
7,10619
10,6212
6,2279
6,2176
1,440
10,7919
1,475
1,499
2,793
1,551
3,852
8,2917
6,2057
10,3850
1,2201
10,3436
10,3556
9,22549
2,1079
8,2741
8,9213
1,364
4,1310
4,951
1,393
5,1391
1,3547
2,840
7,9065
2,1008
1,578
10,2143
8,3103
7,5566
6,2121
9,2245
1,506
3,1105
8,17868
1,433
2,748
1,520
4,1605
10,3354
3,1090
1,405
1,392
1,399
1,7358
3,1035
8,2568
8,2941
10,3228
7,2241
1,400
7,2262
3,1135
1,562
10,16529
6,3604
1,406
1,267
4,4628
9,3114
6,2307
8,3310
4,1554
10,3337
1,6472
1,2125
8,2762
1,389
8,2577
1,477
10,4575
2,879
1,267
2,801
1,456
2,1264
6,2085
10,3457
9,3210
6,10151
2,856
10,4485
1,481
6,2084
2,910
6,2182
1,283
1,339
4,1596
5,1382
3,1165
2,737
10,3696
6,2129
5,1626
1,421
10,3237
3,966
7,2803
2,746
9,3875
1,330
1,366
10,3828
1,368
3,811
6,2082
6,2194
7,2360
7,9777
4,1491
10,3361
5,1773
4,1278
2,836
8,2673
2,580
1,263
10,3340
1,762
7,2915
5,1722
2,817
5,1786
6,2131
7,2580
7,2189
8,2632
1,362
1,302
4,1477
1,521
1,248
7,5039
1,320
8,4622
1,331
6,2073
1,454
1,329
10,4457
3,1121
2,623
1,419
1,494
7,2236
1,514
1,246
7,2492
1,375
10,4746
1,486
7,7816
3,1007
1,397
10,3834
2,681
7,9554
1,491
1,328
1,461
3,813
1,291
1,439
1,362
8,2594
2,999
4,1044
3,786
1,428
5,1477
1,548
10,3183
5,21663
1,264
4,1452
3,1025
1,250
7,2013
1,359
10,3085
1,539
5,1913
5,1720
1,421
8,3029
1,511
8,12750
1,465
1,371
7,2280
1,396
1,435
6,2067
1,638
10,3406
1,489
3,1097
8,2519
1,398
6,2509
1,442
10,3912
1,511
1,471
10,3372
1,403
8,2724
3,1099
1,380
7,2368
1,614
3,1433
7,2423
1,426
3,1174
1,404
2,883
1,347
1,445
10,3496
1,342
9,3062
3,1164
1,560
2,818
1,439
5,1917
8,2986
1,319
7,5509
1,468
2,853
4,1843
1,438
9,2460
1,407
10,3600
9,2981
3,996
3,1290
1,450
7,2487
10,3734
1,422
5,2272
1,291
1,418
1,452
1,464
8,2189
1,380
10,2889
5,1626
3,794
2,657
1,396
8,2546
10,3644
1,431
2,765
1,286
4,973
1,538
10,2202
6,2137
9,1968
10,2375
1,410
5,1154
1,571
1,285
7,2247
7,2336
1,435
3,1198
1,411
10,3200
2,745
4,970
3,1038
4,1020
2,618
1,381
8,2557
1,470
1,419
10,5426
10,3302
10,3303
3,888
1,286
10,2249
2,701
10,2132
7,4904
10,2424
10,2970
1,423
10,9737
1,647
3,1100
7,2721
2,635
4,1405
9,2207
1,256
9,2649
1,350
10,2360
5,2077
10,6504
10,2897
1,454
7,6649
1,362
1,381
8,9724
3,777
2,804
8,3054
1,421
10,2977
2,670
6,1426
1,592
6,2119
7,2077
1,387
10,6462
1,373
10,3629
10,17137
2,831
2,703
8,2790
10,3182
3,862
8,2675
10,2049
1,415
4,898
3,1136
1,820
10,6560
1,364
3,1342
2,839
10,2350
1,384
8,2636
10,2659
6,2153
6,2108
10,2265
1,536
10,2308
4,902
1,465
7,3639
1,347
5,1716
3,1007
1,561
3,1042
10,3016
10,3104
10,3371
8,2773
10,2349
1,404
10,3267
1,497
1,375
2,876
1,280
8,2725
2,549
1,494
9,3446
10,2665
9,2936
10,2132
8,2592
2,571
1,433
6,1431
10,3819
3,999
3,1053
1,240
7,2394
3,1165
1,379
6,3053
7,2947
3,968
7,1901
8,6102
10,2167
2,745
10,3299
10,3484
1,434
4,1286
1,337
7,13472
1,446
1,293
8,3491
1,443
10,3255
1,375
9,5798
10,2386
1,375
10,2154
10,3512
1,596
1,385
1,465
8,15491
1,367
1,380
8,6701
2,1344
10,2410
1,241
2,763
10,3208
1,470
10,2082
6,1413
3,1342
6,1354
4,1379
7,18319
1,404
1,342
7,2864
2,737
7,2376
1,300
4,1312
10,3358
1,390
10,3582
10,3198
10,2290
10,2110
10,2548
2,691
1,431
1,406
4,1085
2,965
10,2550
1,259
1,462
8,2410
1,766
10,2864
9,2570
5,1882
10,3275
10,3149
3,1484
1,303
1,544
8,2583
1,438
2,499
1,248
6,2078
10,3537
1,470
10,2817
1,451
7,2437
9,3173
10,3355
3,973
1,250
4,910
10,3521
1,374
10,2163
1,279
7,2532
10,3347
1,373
10,2268
1,376
8,2787
10,3101
10,3996
2,573
1,290
1,255
1,293
1,778
10,2587
1,249
10,3432
1,426
3,2606
1,455
1,310
7,2372
3,793
9,2611
1,536
1,334
1,242
10,3287
1,488
10,3256
1,347
10,8812
1,288
3,778
1,345
1,329
10,7211
10,2063
6,2113
4,995
1,247
1,263
9,2116
1,410
8,2626
1,292
6,2013
1,582
5,1227
1,312
1,720
10,2652
10,2109
10,2321
10,3436
1,326
10,2259
6,2123
1,426
10,2651
1,305
8,2810
1,269
8,2617
1,328
1,569
2,699
1,381
2,732
10,3196
1,336
10,2634
2,922
1,418
10,3460
10,2352
1,323
1,277
8,2869
2,474
1,488
3,1146
1,276
10,2176
10,3510
4,1086
9,2439
1,466
1,399
1,386
10,3185
1,436
1,294
10,3823
1,260
1,670
4,966
1,273
10,3554
9,5821
10,2039
6,1462
7,1818
1,356
1,288
2,534
1,727
1,257
10,3402
1,257
1,373
10,3198
1,347
8,2472
10,2527
10,2558
10,2328
1,405
1,356
1,300
10,3270
3,3657
1,255
10,10812
1,276
1,398
10,2805
7,1712
10,2951
6,1214
10,3592
10,2370
1,427
1,422
1,290
10,3050
7,3022
1,278
7,2386
1,242
2,849
10,2942
1,419
10,3247
10,3099
9,2957
2,586
1,362
4,1061
1,380
8,2067
1,569
1,394
2,602
1,244
2,1334
10,3048
1,468
10,5885
10,1974
10,2186
10,2277
1,452
10,2277
1,261
10,3155
5,1669
10,2314
2,1215
1,289
9,4138
6,1843
1,443
10,2199
2,790
6,1558
10,2681
9,15290
10,2051
1,266
1,469
1,411
8,2000
1,449
8,2104
2,663
10,2704
1,245
1,346
1,384
10,2357
10,3603
1,366
10,3753
1,245
1,512
1,469
10,2271
4,1074
8,2112
8,2560
3,1039
1,241
1,267
1,251
2,1304
10,2379
5,1607
10,3248
1,384
8,2128
1,421
10,2108
10,2083
10,2129
8,1901
10,3045
1,251
1,333
1,332
10,2440
8,2797
1,336
9,2129
1,256
9,3280
4,2686
2,563
10,3408
10,2388
10,2121
7,1867
2,798
1,234
1,285
10,3242
10,3670
1,265
6,2140
2,615
10,3720
1,356
10,3500
10,3520
2,787
10,3128
1,357
10,2133
1,239
1,365
10,3286
10,3325
1,270
10,2413
10,2157
9,2851
1,544
10,3309
9,2376
6,2010
1,270
1,344
10,3549
1,253
1,252
8,2708
10,2840
1,349
10,3579
10,3302
10,2811
1,662
10,2960
6,1564
10,3244
8,2107
1,289
10,3378
1,267
1,363
10,3419
1,479
1,372
10,2172
10,3519
2,744
2,690
4,1191
10,2072
10,3417
10,4058
1,288
10,3671
1,259
1,233
10,2654
1,274
3,919
10,3275
8,2222
4,962
3,1182
1,367
10,2300
4,1244
10,2565
1,266
8,2384
1,245
1,241
10,2370
2,787
10,2467
10,3218
4,1121
10,3094
5,1711
10,3399
10,2936
10,2691
5,1244
1,281
10,3208
1,308
1,249
1,620
1,329
3,899
10,3963
10,2402
10,2407
7,2611
10,2945
1,505
10,3305
2,519
1,352
8,1980
2,625
8,1788
1,262
1,427
5,1339
10,4214
10,3442
1,615
8,2471
10,3029
1,241
10,3527
5,1747
1,237
1,587
8,1979
10,2921
1,246
1,290
8,2226
10,2262
6,1785
6,2186
8,2702
6,1973
1,306
10,3382
10,3387
1,270
2,682
10,2680
10,2865
1,262
1,281
8,2471
1,451
10,2826
1,543
10,3242
10,2246
1,244
10,2986
10,3264
1,341
10,3322
10,3755
10,3135
1,266
1,661
8,6398
1,280
4,1017
1,338
9,9808
9,1813
1,393
10,2375
10,10604
2,597
9,2758
10,3850
10,3418
1,368
1,411
10,3200
1,298
1,565
1,300
8,10767
1,363
1,256
1,400
5,1618
10,2346
10,3771
10,3358
10,11437
1,306
1,747
7,2161
1,258
10,3786
1,314
1,444
2,680
1,342
1,291
8,2397
10,2285
10,2659
8,2254
2,574
1,347
8,2822
2,711
1,477
10,3158
1,466
2,703
1,253
1,361
1,619
1,514
10,3765
4,1364
2,837
8,1833
1,304
1,396
2,595
1,261
6,1913
1,331
2,694
1,431
1,298
1,295
1,521
10,3453
10,3384
10,2545
10,3280
1,278
10,3276
2,1499
1,250
10,3367
1,384
3,1219
1,335
1,347
1,235
5,1834
8,2606
10,3304
4,1117
10,3220
1,387
10,3372
1,343
1,242
9,1813
1,302
2,595
1,264
2,566
1,266
1,444
10,6099
1,508
1,361
8,2636
2,525
8,2581
4,1019
1,326
1,423
1,295
10,2340
1,318
10,2135
3,744
1,634
1,617
6,2009
10,3276
10,2626
8,2125
2,840
10,2097
1,253
1,287
10,2409
1,362
1,500
10,2818
1,288
1,706
8,2672
1,381
6,2012
10,2115
10,3400
10,7323
10,2820
2,905
1,254
4,1529
4,1270
1,267
10,3645
1,248
1,599
10,2933
1,365
10,9406
2,497
10,3300
10,3066
10,3125
8,1958
1,262
10,3537
10,3466
1,344
8,5388
1,284
1,528
10,3382
1,344
10,2423
10,2246
9,2314
4,943
9,2447
10,2348
1,371
10,2793
10,3363
1,356
10,3287
1,290
1,476
9,3118
1,282
10,2117
10,2641
8,1787
1,337
3,633
10,2221
1,328
6,1397
9,2712
8,1815
10,3486
7,2153
1,429
10,3332
1,307
9,1863
4,1397
10,2243
10,2409
6,1285
10,7505
1,380
10,2661
6,1889
8,2639
1,358
8,2310
1,360
2,789
1,343
1,400
1,487
2,451
10,3424
10,2350
10,4644
1,221
2,672
10,2795
1,355
9,2406
1,480
2,905
4,1248
1,281
1,307
1,334
10,2331
10,3243
10,2148
8,2019
1,782
2,712
10,2995
1,424
10,2318
1,450
1,411
10,3370
1,259
1,349
1,259
4,1126
6,1981
1,369
2,854
1,376
8,2804
10,2140
10,2747
10,3076
10,2291
3,1203
10,3444
1,342
1,353
1,273
10,3349
10,4849
1,244
10,2991
2,874
1,533
1,268
10,2676
10,3128
10,3193
2,860
6,2007
4,986
1,270
1,241
10,3542
9,1900
1,268
1,427
3,1083
2,839
1,296
2,656
9,2123
2,843
8,2930
1,580
1,234
1,257
1,257
10,3233
10,2426
1,414
10,2298
2,920
8,2674
1,341
9,2690
1,466
8,2794
9,2567
1,308
10,3523
1,237
1,264
6,1931
1,371
1,285
10,3614
10,3808
10,3494
1,295
10,3272
10,2914
9,3006
9,3729
1,262
10,3484
1,249
1,255
10,2361
1,554
1,627
10,3401
10,2861
8,3039
1,273
9,2893
10,3228
9,3233
10,2225
1,240
10,3647
1,271
1,245
10,2898
2,630
7,2153
10,10506
8,2492
10,3804
1,247
6,1468
10,6171
2,1232
7,2332
1,330
6,1302
1,227
1,262
1,444
1,538
1,376
10,2657
7,2066
2,636
1,333
2,448
1,357
9,3454
8,2833
1,344
9,2665
1,238
6,1442
1,301
1,373
1,379
9,2051
6,1455
5,1300
1,304
10,3365
1,359
10,3159
10,3177
1,344
8,2072
2,659
10,2941
1,302
3,1089
1,261
1,493
10,2956
9,1994
1,314
5,2633
1,262
5,1916
1,507
1,344
2,660
3,766
10,3318
1,342
1,382
1,321
1,346
8,1998
8,2678
1,364
10,3336
1,394
10,3166
10,2610
1,372
2,452
8,2776
10,3309
1,411
1,292
10,2927
1,252
4,1619
3,3458
10,2612
10,3453
1,258
2,695
7,2379
1,256
2,575
9,2608
10,3263
1,248
1,300
10,1932
1,291
10,2549
7,2214
10,4422
4,1329
1,246
8,2709
10,3259
1,235
10,3427
10,3347
3,961
1,240
1,530
10,2471
1,322
5,1676
1,496
10,3074
8,2820
1,300
10,3120
10,3279
4,1450
1,467
10,3196
2,520
1,253
1,442
10,3364
1,293
2,866
5,8787
10,3335
1,467
1,356
10,3282
10,3315
9,2303
1,333
7,2792
1,333
1,319
1,393
10,6103
1,357
5,1836
1,375
10,3121
1,427
1,340
10,3376
10,2726
10,3947
10,2555
8,5617
8,1745
1,376
8,2950
10,3326
2,438
10,3188
1,615
10,2233
1,336
1,344
1,474
10,2510
10,4762
8,5791
2,828
1,416
2,882
1,380
1,504
1,374
5,2372
1,459
10,2215
5,1775
4,951
1,484
3,899
6,1318
8,5494
10,2592
7,2370
3,1158
1,470
8,2607
1,266
10,2815
1,435
1,392
1,330
1,295
1,480
1,535
10,2747
10,2217
10,2848
8,2652
8,3629
10,2453
10,3560
1,245
8,2779
1,374
8,2147
1,359
10,2279
2,721
1,306
2,795
5,1060
6,1505
10,6016
1,452
8,2750
10,3788
2,921
1,780
1,401
1,480
1,453
10,2811
5,1348
1,340
8,2399
9,2805
2,767
10,2793
10,3289
7,1571
10,7043
3,764
5,2021
1,516
1,556
1,639
6,2077
1,351
1,276
2,632
9,3201
10,2211
9,2695
10,3257
2,883
9,2404
8,2759
1,481
1,568
1,437
1,475
9,2403
1,310
1,439
10,2688
1,399
10,3334
2,534
8,2854
9,2039
4,908
8,2054
1,524
1,712
1,446
1,404
10,3488
1,557
1,423
8,2313
1,364
5,1759
10,2291
7,2379
9,3036
2,600
10,2941
1,665
5,2074
1,409
1,423
2,717
1,614
1,306
10,2529
1,475
4,1429
9,2820
2,791
10,3363
10,2105
10,3428
1,529
10,2471
1,426
1,382
2,833
1,585
1,501
10,2661
5,1284
10,3096
6,2279
10,4042
6,2115
10,2263
8,3412
1,536
5,1466
1,410
9,2637
1,396
1,612
1,417
2,632
1,315
10,3206
1,491
9,2462
2,963
1,492
7,2369
1,586
10,3584
1,555
3,821
9,2937
1,557
1,619
5,1660
1,480
8,2761
1,384
3,1239
10,3058
1,381
2,1149
1,539
5,1655
1,304
2,750
2,957
1,495
4,2291
10,2790
1,475
5,1776
1,406
7,3061
10,3239
1,437
10,3248
1,518
10,3757
1,456
10,3407
10,2285
8,2919
5,1785
8,2671
1,402
1,470
1,397
10,2349
5,1586
1,364
10,4008
1,538
10,3259
10,2238
9,2931
8,2445
3,1142
9,3012
5,1787
1,461
1,435
1,415
5,1543
10,8865
6,1634
2,596
2,957
5,1682
10,2244
7,2185
10,2680
10,2426
2,783
1,421
1,319
1,534
1,341
10,3499
10,3236
1,492
10,3324
1,390
1,681
9,1948
3,919
8,2912
2,641
6,1664
2,714
1,370
1,410
1,423
5,1686
4,1455
1,447
9,4975
2,885
2,962
10,2278
10,9384
1,453
8,5847
5,1950
1,315
2,544
1,358
1,627
10,3674
8,2790
1,401
5,2086
10,3669
2,872
10,2206
7,1883
9,1994
8,1905
7,1923
1,374
6,1681
1,456
1,486
5,2024
5,1241
1,444
10,3827
8,2562
2,839
10,3776
10,3045
8,2212
7,2349
10,3333
1,434
10,3256
1,473
1,426
10,3150
8,2644
1,391
10,3272
8,2642
9,3141
10,2679
8,2540
10,2367
10,2883
1,519
1,493
5,1770
2,657
4,1265
10,6404
1,521
1,353
10,3429
9,3060
10,3333
10,2228
10,3376
1,549
8,2220
3,1137
1,694
10,3684
1,394
10,3438
5,1987
2,664
10,2831
1,604
5,1864
8,2818
10,2623
1,608
1,629
2,582
8,2812
1,508
10,4055
1,414
10,3199
1,485
1,358
1,249
8,3381
10,2245
8,3118
10,3589
10,2431
1,406
2,605
3,1149
1,307
8,3240
1,430
5,1731
1,454
1,407
10,3343
5,1869
2,934
4,1435
10,3116
7,8462
1,626
10,2196
1,461
1,424
4,1335
1,361
9,13177
1,526
1,378
10,3633
1,834
8,3027
8,2164
10,2439
10,3147
1,525
10,3197
7,2505
1,437
5,1924
3,809
10,3163
1,491
1,373
10,3637
1,468
5,1734
10,2287
10,2275
10,3244
1,666
10,3744
9,2941
6,2017
3,18771
10,2952
7,1964
1,461
1,652
9,2072
1,495
10,2603
8,2006
2,820
10,3020
1,420
10,3276
1,522
8,2847
2,1188
10,3145
3,977
1,396
1,346
2,711
1,440
10,7637
2,894
2,855
10,3198
10,2238
10,3119
7,2524
10,3548
1,591
8,2330
5,1740
1,375
1,256
2,680
2,938
7,2660
1,518
2,815
10,2175
1,363
10,3153
7,2390
10,3522
7,2147
8,2842
1,602
1,324
1,809
10,2657
1,503
10,3341
1,455
8,3032
3,1080
1,307
10,2112
4,1363
10,2589
2,636
9,2974
2,996
1,456
3,1173
8,2967
1,464
10,3409
6,2126
8,2990
1,338
1,380
1,446
9,2940
4,1457
10,3164
7,1864
1,624
2,906
1,475
1,400
1,543
10,2260
1,386
10,3679
1,359
6,1434
1,365
4,1482
7,5103
8,2746
10,2569
3,1238
1,492
1,422
2,605
1,436
3,941
1,426
10,2207
1,382
2,1114
1,296
3,1193
10,6062
4,999
2,623
2,515
1,345
2,691
10,4951
1,726
1,398
1,400
8,1958
1,594
10,3387
1,376
1,406
3,2340
9,2661
10,3343
8,2536
2,556
2,732
8,3046
1,531
1,326
1,597
10,2424
1,516
10,2481
1,304
1,361
1,509
9,3436
7,2306
10,3188
10,3219
10,3220
8,2995
2,633
1,384
1,476
1,239
5,1195
5,2407
4,1122
3,1022
3,1201
10,2189
10,3094
9,3291
2,711
8,2803
10,3418
1,306
1,259
1,630
1,373
1,269
4,1607
1,589
6,1955
2,896
8,2665
10,3427
9,3015
10,2806
9,2271
6,1356
3,1035
1,243
1,524
1,342
1,315
10,3787
1,491
5,1652
10,3088
1,614
10,3732
10,3737
8,2666
10,2992
2,467
8,2233
1,270
1,414
1,381
1,311
8,3721
1,343
1,480
10,2396
1,306
10,3312
7,2594
9,2223
7,2255
9,2173
10,2888
1,544
10,2469
1,399
1,306
5,1835
1,358
1,459
9,2977
1,389
10,3225
8,2567
8,2107
8,2778
8,2141
8,5037
1,526
10,2596
1,241
1,412
1,475
1,321
1,457
9,6485
1,342
3,1207
10,2232
10,3153
7,2419
1,366
9,3076
1,611
10,3323
1,294
5,1532
2,835
6,2306
1,387
4,1050
1,361
1,549
1,531
8,2651
10,17827
1,322
8,6863
1,533
10,3177
1,398
1,532
3,1134
1,8883
1,388
10,2120
1,294
1,512
1,550
10,2123
10,3374
1,276
7,1757
4,1548
10,3263
1,466
9,2700
2,1083
9,8602
1,497
7,1621
1,380
1,1072
1,645
10,3259
10,3661
1,721
10,3871
5,1853
10,6282
1,354
2,1117
10,2450
10,2960
5,1685
8,2035
1,312
1,549
1,608
10,3322
10,3328
1,444
2,914
2,921
3,1455
2,831
10,3454
8,2316
2,615
1,425
1,399
6,1995
1,511
10,2392
10,3345
10,3240
1,483
10,3514
10,3349
5,1902
2,839
7,2748
9,2898
5,1945
1,373
6,1864
1,269
5,2028
1,288
10,3284
10,3748
4,2695
7,6287
5,1784
7,2753
8,3002
1,634
8,3040
1,725
1,466
1,386
1,1335
1,351
1,257
10,3030
3,1204
1,480
10,7680
5,1582
2,874
9,3132
9,3167
10,2512
1,536
1,455
1,253
1,246
3,1620
1,235
10,2620
5,2125
1,435
10,3417
6,1853
5,1907
10,3955
3,1138
7,1811
9,3339
1,484
1,295
7,2217
1,385
1,239
1,1341
1,21530
1,307
10,4403
10,3338
5,1953
5,1688
3,1136
8,2607
5,1781
7,2667
1,394
10,3208
1,473
1,244
1,1379
3,21275
1,506
10,4005
10,3305
10,3022
10,3414
8,2595
10,2097
8,7140
2,752
7,1732
10,6617
1,522
1,244
1,436
5,20810
10,3706
10,3421
10,3218
7,2524
10,6627
7,2400
2,601
9,3636
4,1755
1,524
10,7090
1,600
1,228
1,480
1,717
2,621
3,982
10,6610
3,1228
10,3243
1,1280
1,369
1,366
5,1815
1,287
10,2723
10,3187
10,2307
1,777
1,649
10,3257
1,721
1,938
10,3953
1,578
1,447
1,419
1,476
8,2590
1,272
10,3975
9,25134
10,3428
1,649
9,3368
5,2471
1,608
5,2041
1,423
5,1243
3,1371
1,276
3,1278
9,2831
1,239
3,1215
10,3270
10,3323
2,1012
2,572
10,3192
1,481
8,2575
5,1662
10,3493
9,3284
1,494
8,2735
4,1356
1,329
9,3608
7,2842
10,3318
1,568
1,464
10,3477
1,435
9,2907
8,2532
2,929
7,9516
1,431
8,3094
3,1107
1,260
4,1416
5,1650
10,6406
1,655
1,424
8,3584
1,514
3,1151
1,485
1,473
8,2693
1,425
9,3273
8,2898
10,3382
5,1736
5,6139
4,1677
4,2062
10,3550
5,4710
2,513
4,1601
1,465
3,1372
9,3150
1,655
4,1557
6,2056
10,3584
1,531
1,511
2,695
1,16668
5,1614
1,523
1,578
1,2679
1,555
2,547
4,1553
1,433
7,5111
7,4955
3,2118
10,3105
3,1044
5,3753
7,17201
1,575
2,657
1,580
7,2798
1,477
8,2674
7,2910
1,256
1,2033
5,1695
10,3257
2,682
5,1522
9,3233
5,21083
1,477
2,683
1,661
9,3479
1,497
8,2811
3,1906
1,237
1,506
2,893
10,3465
5,1842
7,2510
2,823
1,445
7,2637
2,859
1,603
7,3108
1,448
9,3012
1,534
7,2342
2,801
6,5059
10,3339
6,2185
4,1542
8,2979
3,1129
1,734
10,2362
4,1745
4,1402
9,4374
10,2273
5,1993
10,3505
5,1815
3,1356
2,917
7,2408
5,1611
6,7115
2,684
5,1529
9,3091
1,432
8,2568
1,459
7,2398
2,842
10,3129
2,643
2,4030
5,16133
10,3148
5,1752
5,2441
8,2517
1,611
9,3450
5,1956
6,2055
1,532
8,2644
5,1665
10,3159
1,475
2,835
9,20061
1,326
9,3254
7,2657
6,1777
1,637
8,3045
5,2204
4,1308
1,464
1,342
1,329
10,4124
1,414
2,845
2,2681
1,496
4,1374
10,3288
5,1617
1,496
5,1715
6,2399
1,455
1,442
1,252
1,439
10,3416
1,635
4,1349
10,3268
3,1033
8,15473
1,354
10,3207
10,3147
8,2025
10,22591
1,487
1,517
1,225
5,2030
3,723
1,29481
8,2926
8,2451
8,2467
3,1056
3,1104
3,4857
8,9598
10,3212
5,7048
3,1120
1,1000
10,2943
1,433
5,2242
5,16216
10,3348
5,1670
9,3033
7,31720
8,3080
7,2545
1,499
8,2471
8,3506
1,591
3,1159
1,233
1,416
3,1290
9,100767
5,1779
7,2337
1,436
6,1935
3,1122
8,5373
4,3849
1,508
9,37190
2,722
9,8651
1,414
1,427
2,16198
1,501
10,3284
10,3351
1,627
5,1812
1,334
1,537
7,2157
1,257
1,552
1,518
5,11311
2,630
1,448
9,16775
1,451
8,3104
1,331
1,487
6,1987
7,2195
1,387
3,1063
1,305
3,1136
1,406
4,1424
1,309
1,473
10,8656
1,362
6,2243
1,441
1,545
2,1285
1,475
9,3144
9,2974
1,367
5,2068
1,456
8,7442
1,256
1,392
6,1759
1,481
2,759
3,1508
1,631
1,386
1,476
8,9362
3,1128
1,259
7,2514
1,416
9,5398
1,239
7,3296
5,1434
1,392
1,464
8,2640
1,523
1,338
8,2627
3,1097
7,10817
1,376
1,550
1,370
1,420
1,285
8,2885
7,2404
7,2342
5,1436
1,464
1,527
1,453
1,372
8,22439
7,2251
1,384
4,1221
1,442
2,837
1,323
1,405
10,3363
1,361
1,470
1,425
4,1402
1,433
1,495
4,1225
5,1646
1,300
7,2350
1,423
7,2109
10,3268
1,483
1,454
8,2598
1,437
1,530
1,355
1,455
1,381
9,4483
3,955
1,332
7,63080
1,462
5,3263
10,3150
1,466
3,1102
1,535
1,444
9,5190
1,329
1,456
1,383
1,478
1,315
5,1167
1,425
1,414
1,6927
10,3214
4,1755
4,1485
8,3148
1,470
1,581
7,2387
1,614
1,4604
7,2262
2,8727
1,237
4,1514
5,1536
1,482
10,3210
5,1572
8,2631
4,1305
1,541
7,4363
9,3124
1,441
1,374
1,391
6,1939
1,344
7,2419
1,460
4,1323
10,3324
4,1262
1,485
9,3343
1,369
1,662
4,1442
1,425
1,342
2,780
4,56408
10,2111
3,1145
1,423
1,443
10,2769
8,2435
1,489
8,2677
1,324
1,540
4,1284
1,416
1,334
5,1656
1,381
7,2271
9,100513
1,348
7,2574
10,3058
1,4855
1,406
4,1474
1,440
3,5295
8,2839
1,410
3,1019
1,432
3,983
10,2967
3,1120
8,2867
8,2179
3,1129
3,981
1,388
3,1269
1,331
9,11446
6,2188
1,504
9,3193
2,638
1,438
10,3237
1,391
4,1509
4,1329
5,1594
1,9530
1,408
2,891
1,1998
4,1304
3,1114
1,466
8,3280
1,461
1,378
10,2591
5,4291
4,1445
8,2651
9,3326
2,659
1,395
7,5809
3,853
1,18552
1,465
1,336
2,763
1,424
1,829
10,8832
1,1325
9,3433
9,3088
2,812
9,9085
1,378
2,792
3,2013
1,18075
6,1741
4,1042
9,16996
1,529
1,364
3,816
3,10166
8,22093
4,1282
6,1791
6,2025
1,474
2,885
7,2368
3,17825
2,796
8,3035
7,4046
5,1772
1,423
5,1858
6,34212
4,1639
3,1047
7,2450
2,745
7,2191
6,2037
9,12285
8,17128
7,2504
7,9847
1,449
1,322
1,385
4,2481
5,4536
2,681
2,766
5,1314
6,1789
1,443
3,1255
9,3035
9,14904
1,655
1,621
2,728
1,407
9,13355
7,2271
1,353
5,2132
1,563
1,460
3,1142
1,498
7,2243
7,2970
1,4627
1,570
9,4396
5,1680
1,379
1,404
1,365
1,365
7,3097
8,2749
10,3158
7,2508
4,1465
3,1174
10,3443
7,2317
1,466
6,2300
1,598
1,402
1,395
2,850
1,375
8,2951
2,721
3,1065
3,992
3,1206
2,648
6,1646
2,675
1,576
3,1203
1,284
1,380
1,420
10,10543
1,431
6,2179
5,1822
1,397
4,1526
7,2353
4,2128
7,1510
1,426
8,2485
2,731
7,2579
1,441
6,2161
5,1641
8,3063
2,691
7,2282
4,1390
2,667
8,2844
10,3224
3,684
1,726
3,4347
4,33218
8,2729
1,456
8,2422
7,3057
1,347
10,3304
1,1245
8,2580
10,3533
4,1503
3,1155
1,523
1,771
4,1464
4,38493
2,987
8,2657
1,442
6,1922
1,394
2,797
1,572
1,457
10,3303
6,2057
10,3242
10,3103
1,907
4,1472
6,2137
8,3675
6,4035
1,432
3,1060
1,529
3,1091
1,388
1,443
9,2641
7,6635
7,2192
4,1126
5,4428
8,2593
8,3989
4,1444
7,2408
1,497
9,3241
1,252
3,1280
6,2854
1,453
7,2378
3,3812
9,3194
1,513
1,428
2,732
5,2526
5,1994
5,1699
4,1384
1,383
1,566
9,14298
1,498
1,452
3,1122
2,774
6,2010
3,819
1,438
4,1283
3,1429
4,1380
4,1270
4,1912
8,2779
8,2757
4,5903
1,369
1,425
6,2422
6,3279
1,377
4,1351
7,2317
1,463
2,1226
9,6978
4,1460
8,5608
3,1250
1,360
2,9915
1,363
7,2462
8,2947
5,2165
8,2660
10,2194
8,2625
9,9926
3,1150
3,1207
3,8703
4,1518
1,1855
7,2402
10,3792
1,478
1,357
3,1606
1,448
1,362
9,1953
4,1451
1,414
1,576
2,1080
3,1250
2,775
1,379
1,396
7,2733
1,525
1,404
1,668
1,1144
1,501
7,1727
9,6418
1,496
10,4147
8,2877
8,2890
4,1390
1,396
4,1511
9,14073
3,1067
1,366
1,429
8,2950
1,719
10,3529
8,3625
1,448
4,1450
2,919
2,681
8,2682
1,339
9,5619
1,345
1,382
1,388
1,539
7,2574
1,548
10,3504
4,1254
7,2179
7,2551
6,6510
5,11617
2,958
1,332
4,1304
1,542
7,2773
3,1041
1,477
5,1912
1,389
6,1527
3,1112
8,3244
10,6360
1,1893
8,64261
5,1799
9,3244
2,874
8,2596
10,3500
9,2927
1,441
1,349
1,493
1,430
2,732
1,462
10,33266
3,1423
2,25374
6,2060
1,357
2,1023
6,2038
3,1052
8,2488
1,371
8,2624
1,477
1,282
8,3427
5,1902
6,1826
5,1968
6,2254
10,3048
1,290
3,2768
1,481
2,2236
4,1449
1,442
9,2979
1,477
1,273
5,3874
1,383
9,25390
6,2041
7,2318
2,687
1,430
7,2508
1,505
2,811
3,975
1,531
4,6185
1,424
1,306
7,4163
1,418
9,5700
1,739
2,821
2,626
1,500
5,1923
1,605
10,3172
8,2592
1,355
4,1774
1,385
1,389
1,338
2,1868
1,581
1,479
3,1178
10,3402
1,461
8,6657
1,14144
3,963
7,3112
1,298
2,921
9,2298
1,303
1,581
1,488
1,364
1,503
2,950
4,1524
1,340
3,1233
1,13688
7,2547
1,539
1,316
3,2706
1,471
1,371
2,836
1,370
1,473
1,502
10,3204
8,2670
4,1518
10,4267
1,484
9,20745
2,934
1,345
6,2152
3,1042
1,592
1,373
1,443
1,403
1,456
4,8392
5,2165
4,1446
2,945
1,489
8,2820
1,526
7,2422
2,758
7,2285
1,276
1,399
6,4096
1,520
1,385
7,2347
10,3488
7,2566
2,1016
1,489
1,629
7,2419
7,2226
8,2620
10,3036
1,258
1,379
3,1121
7,2052
1,433
3,1112
8,2821
9,3355
8,2969
1,404
1,444
2,948
3,3899
1,392
1,359
6,1476
6,9330
2,809
1,430
1,400
10,3786
6,2841
3,1140
4,5775
1,419
3,917
8,4805
10,2400
5,4492
9,2394
10,2337
4,1504
1,488
1,542
7,2228
9,23003
2,843
6,2117
5,1893
3,2604
3,967
1,438
9,2713
1,435
3,1025
10,2179
1,360
3,999
1,398
2,726
8,12108
5,1300
5,1784
10,3406
3,777
7,1631
1,411
3,1183
1,457
10,3208
10,3129
1,396
10,3227
1,529
7,3454
6,2012
3,1247
3,1468
10,3403
4,1425
9,2854
6,2536
10,2698
6,1825
7,2039
10,2515
1,375
4,1514
1,325
1,356
1,458
1,580
1,496
8,2463
10,6815
10,3493
2,853
7,1582
1,718
3,796
4,1147
1,382
5,1882
1,658
2,1515
1,401
1,468
7,5365
2,674
7,7899
9,2960
1,452
3,692
1,601
7,2420
10,2472
1,348
10,3365
1,445
4,1457
1,529
1,439
5,2394
6,2219
10,13123
7,2312
8,3438
7,1892
1,4868
10,3260
10,3308
3,1171
7,2181
3,1076
10,3242
1,402
1,384
1,640
5,2152
2,884
10,3042
5,1809
6,2144
3,1064
10,2015
10,3392
7,2413
9,3108
3,1250
3,1102
1,401
1,470
1,480
1,504
7,3529
3,4788
4,1352
4,1380
1,377
3,891
1,476
3,991
6,2118
3,1963
10,3205
1,302
1,390
7,2314
1,480
6,2032
7,2318
9,6694
10,2903
1,405
6,1584
5,1038
2,784
1,635
10,3810
9,3436
1,260
1,557
8,2443
1,376
10,3485
3,691
1,366
10,3124
1,458
10,3083
1,254
1,369
5,1918
9,3227
6,1988
1,515
3,693
9,3003
1,407
8,3116
1,461
4,1413
10,2165
2,776
10,2904
6,1622
6,2131
9,2100
3,1091
1,375
1,1531
1,266
5,1580
1,503
10,2418
1,419
4,1352
10,2873
1,435
10,3298
10,2316
2,690
3,993
10,3665
1,519
1,546
1,606
3,1094
1,510
9,2131
1,372
1,441
10,3170
3,1091
7,1894
9,2699
10,3352
3,1237
7,2013
3,798
1,433
1,356
4,1425
1,586
6,1356
1,319
1,389
4,1302
1,472
4,1327
5,1599
7,2320
7,2581
7,1877
7,2353
1,680
7,2389
4,1144
1,1151
4,1241
1,324
1,382
6,1499
2,728
1,508
9,3031
3,1103
9,3026
7,2462
3,970
3,978
1,383
1,343
1,540
10,3302
1,362
1,425
10,2763
10,3297
1,381
10,2733
9,3059
10,3930
2,953
9,3131
3,708
7,2584
2,682
1,695
10,2168
7,1928
1,364
1,352
10,14973
1,332
4,1025
8,1917
3,1168
10,2370
10,3344
7,2416
9,3281
8,16319
1,492
1,355
1,289
1,355
1,409
7,2384
1,251
1,474
1,447
7,8186
6,2434
9,2991
9,3251
10,3597
1,360
3,1207
10,3473
1,342
1,441
1,361
10,7453
1,244
1,244
3,844
10,2275
4,949
10,3138
10,2564
9,3010
1,457
10,2417
4,1345
4,1179
6,6557
1,326
9,2732
1,233
1,294
3,878
7,2118
10,2080
7,2005
9,1965
7,2631
7,2236
3,1153
6,1913
1,349
8,2563
1,257
8,2572
1,312
1,324
7,2305
3,1222
10,2843
7,8546
7,1778
10,3438
1,466
10,3358
1,579
1,568
1,417
1,251
1,370
1,244
1,301
10,3185
1,578
8,2102
7,1828
7,2152
3,844
2,774
9,3031
1,352
1,775
5,1757
1,237
3,1135
1,352
1,352
9,4680
1,616
10,2631
3,1113
10,2959
1,458
1,453
9,3163
1,324
10,2553
1,508
1,373
3,891
1,358
1,235
9,3016
1,366
4,1096
1,550
3,1240
1,585
5,1782
3,1149
1,248
10,2937
2,6022
1,268
7,2324
10,2502
1,236
7,2373
1,314
6,1417
10,2380
1,397
4,1033
1,471
7,2322
1,276
6,1563
6,2112
1,322
10,2765
6,2307
1,229
2,770
1,242
1,384
1,307
10,3132
10,3010
8,10699
7,2466
1,379
6,1578
3,1249
6,1791
3,828
10,3343
1,269
7,1532
1,302
1,368
1,244
10,2949
10,3239
6,4949
1,476
1,361
10,2180
2,940
10,2467
9,3069
10,3049
9,2106
10,3229
1,260
1,465
1,612
6,1898
10,3407
1,369
7,1814
1,263
10,2745
3,1074
10,3126
7,2174
10,2130
10,2121
3,707
1,281
1,338
3,1004
4,988
10,2073
2,685
1,385
1,334
4,1381
1,403
10,3350
10,3901
4,1291
9,3282
1,443
1,263
1,287
1,244
10,2686
9,1886
1,397
4,1529
1,355
6,1491
4,1711
4,920
10,3223
4,1438
10,2957
1,378
1,769
1,535
1,240
10,2215
10,3605
1,492
10,3336
10,3236
10,2251
10,3624
4,978
7,2195
10,2895
10,2784
1,320
1,359
10,2251
1,243
10,2109
6,1440
1,416
10,2713
10,2288
10,2835
7,2374
10,2284
3,998
6,2036
1,543
1,467
7,2384
1,242
1,355
4,976
10,2373
3,993
9,2185
6,1299
10,2912
10,3471
6,2436
1,486
1,313
10,3165
8,2007
10,3494
1,233
1,508
6,1680
1,368
9,4143
10,2429
10,2772
10,3305
9,3235
1,366
1,318
10,2209
10,2825
1,507
4,1835
1,221
1,329
1,367
1,331
2,740
10,3084
10,2743
10,2074
9,3012
8,2500
1,433
10,2089
1,490
1,356
10,2898
1,221
1,274
1,311
1,469
8,2600
10,2242
4,964
4,928
6,2097
10,3225
7,2028
5,1400
10,3584
1,458
10,3298
6,1837
10,2580
1,316
1,310
4,1557
6,1645
4,991
4,955
1,463
6,2235
1,381
8,1786
3,1193
1,354
10,2405
10,3303
6,3962
1,263
6,1331
10,3851
1,507
10,2444
10,2322
10,2547
10,3071
1,315
10,2677
2,508
1,327
10,2212
10,3242
4,942
1,257
1,302
5,1958
1,383
6,1611
1,670
1,502
10,2312
1,390
10,2530
2,522
1,291
6,1417
10,2299
10,2278
1,281
1,273
10,3914
1,378
10,2234
1,394
3,892
10,2267
1,315
9,2257
3,1314
1,279
6,2100
4,1174
10,2477
1,242
1,408
1,552
1,415
1,436
1,265
3,851
9,2478
1,396
5,1148
10,2463
10,3273
4,1330
4,1276
4,979
1,315
1,403
6,1952
1,423
10,2307
1,495
7,2551
2,616
1,293
2,791
7,2418
10,3250
10,2319
10,2451
6,1729
1,284
1,292
5,1994
1,347
8,2145
1,436
9,2990
4,1051
1,289
1,476
8,2788
10,3464
10,2710
6,1745
6,1603
1,235
10,2182
1,426
1,343
6,1610
1,306
9,2286
1,400
10,8441
1,333
8,2668
10,2840
10,2592
5,1218
10,3216
6,1362
1,396
3,903
1,503
10,2311
1,267
10,2457
10,3346
3,1156
1,249
7,2374
10,2672
10,2439
10,2088
10,3146
4,1328
10,2358
3,826
1,356
10,2467
6,1410
7,2763
1,442
10,2410
1,232
1,660
10,2694
10,3135
1,224
10,3355
10,2533
10,3405
7,2457
1,291
9,2904
1,391
6,2004
1,255
10,2317
1,260
1,509
6,2184
4,1068
8,3441
10,3133
10,2208
10,2482
10,2328
6,1585
2,513
1,365
7,2368
1,310
10,1951
1,594
1,549
10,3103
10,2170
6,1555
10,2148
10,2855
4,1095
9,2950
10,2337
4,881
1,341
1,421
1,266
10,3151
1,384
1,440
10,2405
1,426
10,2106
4,1230
10,3701
10,2402
9,3399
10,2381
1,595
6,1483
1,306
1,412
7,2058
1,412
1,506
10,2507
1,311
10,2335
10,2189
4,968
4,1052
3,950
10,2144
1,319
10,2987
1,314
1,379
6,1643
1,374
1,608
10,2329
1,278
5,1165
10,2506
6,1312
1,375
7,2486
10,2540
1,238
10,3247
1,334
1,347
10,2132
1,448
1,567
10,2129
1,479
9,1986
10,2708
10,2465
10,2442
10,3126
10,2381
1,227
4,1423
3,662
1,474
10,3291
10,2433
1,388
4,856
1,263
2,523
1,343
10,2278
6,1335
7,2526
4,933
1,270
8,1752
1,262
1,425
10,3088
9,2022
1,416
4,1574
1,515
4,916
1,281
1,240
10,2079
3,1059
4,1258
1,362
10,2164
1,226
9,2296
10,3241
9,2090
1,395
10,2393
1,389
1,472
1,280
8,2715
10,2075
1,644
6,2061
1,256
10,2473
1,314
9,1953
4,948
10,2439
6,1999
1,377
1,323
1,442
1,253
10,3003
6,1319
1,429
4,1079
1,264
2,603
1,250
10,3298
4,965
10,2514
8,2525
1,264
1,244
1,513
1,358
6,1253
10,2413
1,457
1,339
1,266
9,2227
1,407
10,3395
10,2236
1,370
9,2641
1,434
1,324
1,247
1,241
10,2058
9,1936
1,372
6,1889
1,414
10,2868
1,380
1,410
10,2134
6,1362
10,3504
1,242
6,1805
1,247
1,233
10,2265
4,1403
1,446
10,2925
10,3661
8,1815
1,368
6,1473
1,542
10,3135
10,3216
1,257
1,352
1,243
1,231
9,1955
9,2013
1,368
10,2369
9,2529
10,3087
4,1176
10,3248
1,250
1,315
5,12901
1,324
10,2178
1,533
1,241
2,454
1,342
1,268
6,1478
7,1734
10,2203
6,2207
1,354
1,388
4,1004
10,3444
1,389
6,1573
10,2315
1,250
4,883
1,237
1,247
10,2422
10,3414
10,2070
10,2753
4,1462
1,244
1,584
4,1330
6,1554
10,2653
1,281
1,425
1,370
1,255
1,369
10,2512
10,2574
1,299
4,1430
2,809
1,239
2,624
2,827
1,336
10,2047
1,235
8,2781
1,289
1,223
1,414
9,2100
6,1279
10,2691
10,2058
3,1126
6,1424
10,2272
1,595
1,285
9,2067
1,273
10,3074
1,322
1,236
7,1769
4,1083
1,556
6,2410
10,2899
5,1950
1,256
5,1844
5,1918
1,268
10,2081
9,3360
6,2255
1,703
1,357
1,401
1,521
10,3329
2,1391
10,2415
9,2845
1,305
3,883
10,2811
1,227
4,971
10,2840
10,2577
1,445
1,375
10,2370
1,277
3,921
1,422
4,1289
10,6427
1,295
8,2841
1,414
9,2030
9,3626
9,2482
9,2095
1,256
1,274
4,1314
1,367
1,502
1,411
6,1335
9,2947
1,584
9,3089
1,637
10,2096
1,3172
10,3357
2,658
1,264
9,1873
10,3244
1,346
4,1077
1,473
10,3309
8,2918
1,389
10,3607
4,1468
10,3244
10,2442
1,395
4,1113
1,244
1,234
10,2146
1,301
9,2037
1,553
6,1806
7,2372
1,389
8,2097
3,1060
10,2849
9,2950
6,1603
9,2578
1,314
1,407
10,3011
1,341
2,822
4,1107
10,2399
5,1653
10,2142
5,1610
9,3080
10,2603
10,10442
10,3762
10,3018
1,517
10,2227
10,2053
1,296
5,1829
1,966
10,3391
1,449
5,1653
7,2317
9,3134
10,1987
6,1447
1,497
9,2218
9,2040
1,375
6,2059
1,363
3,1179
3,948
10,2170
1,452
10,2071
2,861
9,3074
9,1987
10,3750
4,1439
10,2963
6,1466
10,3556
6,2270
1,440
8,2709
1,362
10,2345
1,614
10,2712
1,627
6,1980
10,2424
1,320
2,971
10,3235
10,2234
10,2543
10,2925
1,436
10,2813
1,427
4,900
1,516
10,2225
1,521
7,2449
9,2168
1,467
5,1756
10,2163
10,3419
10,2196
10,2156
9,2200
10,2992
1,318
10,2285
1,715
9,2243
1,413
1,470
10,3155
1,508
3,1163
1,551
10,3020
1,479
10,3043
10,3077
8,2715
1,265
10,2044
1,361
5,1230
1,329
1,339
10,3423
1,1070
8,2987
10,3766
10,8097
10,2667
10,2274
10,2448
5,1806
1,357
1,364
1,535
10,2887
1,339
9,3032
10,3433
1,790
9,2149
10,2949
1,371
1,526
10,3362
9,2479
7,2417
7,1880
1,359
1,463
9,1851
1,438
9,3688
1,300
1,365
10,2960
1,668
4,982
2,985
4,852
10,3703
2,841
10,2467
1,306
1,436
9,2115
1,434
1,401
6,2092
4,1725
5,1826
1,562
10,3144
2,829
4,1016
10,3120
1,433
5,1532
1,259
10,3387
10,3585
1,485
1,684
1,540
1,408
8,2788
1,605
1,568
2,721
10,3180
1,713
1,416
9,3012
1,269
1,387
10,3633
1,511
1,457
10,3613
1,359
7,2343
1,465
2,961
3,1208
1,422
6,1541
1,439
10,2955
1,223
1,652
1,611
1,341
1,535
1,512
1,400
1,492
5,1442
5,1343
10,2737
1,291
1,514
1,399
5,1990
1,309
1,524
6,1480
10,3344
1,532
2,687
1,382
2,771
1,660
10,3225
9,2006
1,330
4,1285
1,559
1,578
1,252
6,1875
10,2378
6,2704
1,486
1,410
1,391
2,1009
1,512
3,1318
9,3075
1,247
2,804
1,458
6,2472
1,235
8,7633
1,495
8,2170
1,539
1,388
2,780
8,2876
1,364
9,3045
8,2873
1,355
2,990
1,473
10,3457
1,270
8,10667
10,7787
8,3103
1,462
4,1235
2,732
1,480
1,370
10,3461
8,2255
1,420
2,655
1,480
7,2616
1,504
5,1610
1,585
5,1215
1,518
1,388
3,859
1,512
1,282
9,2946
8,2113
1,273
3,1231
1,581
5,18405
8,2179
8,2842
1,368
7,2487
1,448
1,445
5,1684
1,525
1,247
5,1759
7,2566
1,262
10,3599
1,407
9,3211
10,3061
5,1725
1,651
5,2423
1,501
1,382
10,6221
1,366
1,273
8,8037
1,410
1,256
10,3427
7,2490
10,3317
6,2424
2,797
1,646
4,1242
1,499
1,286
10,2623
1,610
1,480
7,2313
8,2433
1,369
8,1857
5,1970
8,5071
10,2295
4,1505
4,1683
2,17422
7,2292
1,368
8,2693
8,2693
2,819
1,348
1,484
6,1383
8,2557
7,2383
5,1569
10,2125
2,769
1,435
2,13624
8,2801
1,297
8,3114
1,449
5,1217
1,593
1,255
10,2091
8,2853
5,12402
4,1707
9,2107
1,391
1,543
3,6691
8,19195
1,338
5,1722
1,626
10,3285
1,591
1,347
1,323
7,2426
10,32606
3,1215
2,498
2,720
1,428
5,5877
6,16610
8,2135
7,4511
1,566
8,2503
1,351
1,276
6,1926
1,438
10,3470
5,1656
4,1023
9,3119
1,411
5,1570
5,6324
5,1815
10,3350
1,306
3,10283
1,413
1,367
10,3130
1,534
5,2224
1,515
10,2177
5,1835
1,420
1,581
8,8877
10,3249
6,1596
1,270
9,2955
1,701
1,513
10,2653
1,503
3,1189
1,487
9,2284
5,1764
1,362
7,1881
3,1151
8,2638
10,2948
6,1864
8,2210
1,470
1,535
10,2008
1,463
5,4247
2,667
10,2383
1,644
2,826
1,470
8,2615
10,3422
4,1298
2,870
7,2536
1,461
1,505
9,1883
1,496
3,926
9,2993
8,2441
1,386
5,1798
3,1068
2,810
5,1762
8,2620
7,2417
2,1057
1,460
1,567
4,925
1,570
1,803
1,362
10,2474
4,1516
3,895
4,1375
2,774
2,790
9,5180
8,2597
6,2242
1,1072
6,2977
9,2153
1,444
5,1514
1,455
10,3195
3,1087
10,2762
7,2429
4,1535
6,2043
10,3399
5,1760
10,5459
1,497
1,402
10,2450
1,398
5,1898
1,411
1,461
10,3144
9,2815
3,1141
1,594
9,2950
5,1595
10,7672
5,8145
5,1352
2,1058
9,2034
1,385
9,3098
5,1607
10,3519
10,3384
1,454
9,10791
1,737
1,351
8,2541
10,17201
8,2981
6,1432
5,1915
10,3029
5,1751
1,515
1,322
10,2658
9,8799
9,2057
1,455
1,517
8,2467
10,6020
4,9338
10,3037
10,6661
8,3059
10,3181
1,393
3,1869
4,1423
2,582
9,2870
8,2828
10,37832
3,3797
10,3212
5,1622
2,734
7,4372
7,2909
10,4758
10,2975
6,1694
4,4188
1,381
1,359
6,2064
5,1702
9,40449
3,956
8,2836
2,895
3,848
8,43940
5,1803
7,4112
1,255
1,2908
7,2076
1,461
1,348
7,2392
7,2001
6,1943
9,8132
8,2668
1,560
5,1704
10,3575
8,6111
10,3598
6,1299
8,2678
10,3305
1,384
1,382
9,11579
1,445
1,456
6,1889
5,7187
1,519
1,389
2,788
10,2819
4,1018
10,2220
9,3454
9,3011
1,283
1,370
1,543
6,2563
7,2181
5,2223
10,3334
2,774
1,524
4,1471
5,2121
2,789
1,370
5,1989
9,2955
1,349
1,346
1,472
7,1841
1,486
7,2179
5,1410
5,10249
1,266
2,2384
4,2086
3,1139
1,422
7,2541
6,2036
1,269
1,242
1,425
10,3285
3,14116
1,480
4,1143
1,478
3,2450
3,1152
2,764
5,1538
1,514
10,5922
3,1048
1,539
1,268
1,445
5,2000
1,3027
9,3383
2,736
1,547
7,2974
1,12572
3,1168
1,401
1,445
10,3510
7,11227
6,2097
1,256
3,1095
9,3247
1,2212
7,2325
2,624
1,289
4,1111
3,8772
5,1228
1,433
1,551
5,1812
1,477
10,3354
1,440
1,464
8,2680
1,473
2,802
5,1789
5,3266
9,3228
5,5451
3,1377
1,606
4,1548
4,1657
1,451
3,3706
1,293
1,476
5,1779
1,453
7,28432
2,702
1,458
9,3323
1,401
1,427
3,1082
1,359
2,819
1,440
10,9282
2,573
1,358
10,2298
1,516
4,15056
1,373
1,595
9,3174
1,268
10,3610
4,1559
1,453
3,1048
1,3947
9,2878
5,1439
1,417
3,1043
1,551
3,5774
1,290
1,494
9,2893
1,300
4,4932
10,3376
1,454
5,1775
1,410
10,4892
3,840
1,389
4,1456
1,532
1,687
1,326
1,629
7,8208
1,319
10,3539
9,3037
1,629
1,484
1,494
7,2480
5,1800
1,1605
5,1678
6,1967
1,502
1,449
1,416
3,1029
1,259
10,3274
9,3151
1,387
1,403
1,533
3,1386
10,3376
1,427
1,433
7,2667
1,691
1,465
1,613
6,5159
1,217
10,35315
9,2864
1,388
1,509
1,561
7,2351
8,2775
7,2500
2,812
9,3230
1,640
5,1346
1,496
1,21134
1,262
7,1685
9,3110
10,2564
3,1102
1,460
7,2460
1,387
7,2731
1,507
2,772
1,711
1,347
1,356
1,428
1,228
6,1661
6,7378
2,993
4,1824
1,523
6,2265
9,3698
8,2717
1,423
4,1387
1,676
1,320
4,1420
1,583
1,283
9,14305
7,10797
2,598
10,6385
1,455
9,2942
5,1673
7,14448
1,717
8,2486
8,6439
1,312
3,1086
1,471
1,381
1,654
1,492
3,1278
10,3534
3,1222
9,4979
5,1769
2,626
5,1612
3,998
1,610
1,379
10,2997
8,8989
1,295
1,541
7,2412
10,2301
9,3028
7,2490
2,961
7,2655
9,14447
1,505
5,1633
1,431
1,430
9,3393
1,400
7,4591
1,533
1,478
8,2727
9,3200
7,8190
5,1988
7,1860
3,1130
1,524
8,15600
1,324
1,340
9,3052
1,489
4,2528
1,521
1,493
8,2605
9,6234
9,2877
3,1188
6,8430
6,1818
1,568
2,776
1,603
1,325
6,2243
1,378
10,3681
1,464
1,467
1,411
6,2048
2,845
7,7689
7,2482
3,1064
1,520
1,344
4,1474
9,2875
7,2416
1,532
7,2683
1,413
1,357
9,3043
7,26551
8,5025
3,1102
3,1062
1,554
1,620
2,649
8,12275
3,11417
9,9045
1,459
9,2785
1,377
1,588
7,2516
1,497
7,2467
1,516
8,2539
2,740
1,519
4,1830
1,352
7,2912
1,639
1,359
9,16892
1,465
1,515
6,6104
1,451
6,2041
1,416
5,1634
7,2465
1,387
7,2226
8,2532
10,3467
7,2705
3,1591
3,867
1,451
1,390
8,2444
1,460
3,951
1,457
10,6399
1,479
1,613
1,524
1,375
10,3584
3,1122
7,4527
6,1542
1,388
1,531
8,2689
1,389
3,1158
4,1396
10,3117
3,1072
1,508
3,1114
4,3745
9,3160
3,1120
9,5443
3,1196
2,711
1,654
10,3245
1,446
1,526
1,547
4,1492
3,2637
3,1307
3,1133
5,7195
7,2465
8,2682
1,401
7,2544
7,2363
3,977
10,3243
1,391
2,795
1,416
10,2985
6,2412
4,1559
1,378
6,2213
3,1114
9,3428
2,5458
8,16180
3,935
8,2601
8,2531
1,446
7,2229
4,1171
3,1038
1,1612
10,3833
5,2351
2,781
5,2091
8,2727
8,2437
8,11229
9,3057
7,17916
5,19850
1,535
9,2809
1,3552
1,338
7,6950
9,3657
1,424
6,2073
3,1365
6,1950
2,639
9,7002
8,2638
3,29698
5,1267
1,533
3,985
3,1016
1,464
4,1464
9,64777
9,3128
2,836
8,2942
2,847
8,24675
6,1819
6,2059
5,10384
4,1747
1,534
3,936
1,415
1,488
9,2878
1,406
9,3031
10,4491
8,2532
5,1748
2,799
3,1094
3,1050
3,1009
2,6347
5,1836
1,598
1,397
5,1987
9,3033
7,2308
9,3020
6,6635
9,3020
7,2324
7,2430
6,1867
7,2265
7,2168
5,5831
7,2484
6,2127
1,425
2,622
7,10022
6,2451
2,640
5,1767
6,2214
2,875
3,963
8,2700
6,1931
1,705
1,3264
3,1093
4,1547
1,418
1,317
7,2954
9,65718
7,2407
3,1137
2,694
2,648
1,441
7,10048
1,445
2,678
2,7845
9,9634
1,722
1,432
1,529
4,1642
3,1120
7,8905
8,2705
5,1644
1,597
2,898
2,661
2,634
4,1417
1,620
8,4492
7,2450
1,505
1,437
2,692
7,3142
1,373
1,597
5,1795
1,446
7,2533
2,820
7,2167
1,348
1,454
2,826
1,389
7,8304
1,408
3,3439
8,2762
5,1780
1,505
7,2409
4,1654
1,522
4,1604
4,1300
6,54227
2,1571
4,1354
7,2418
7,2462
1,359
1,687
9,3162
1,351
2,659
2,858
1,506
3,1182
1,486
1,513
9,73906
5,6745
7,14305
7,2319
1,454
1,362
1,767
7,48551
1,485
3,4135
1,572
1,404
3,6868
1,430
3,1318
4,11188
1,2504
7,2387
9,2884
1,632
1,452
1,736
8,2583
1,402
7,2454
2,823
1,501
5,2011
1,376
1,2196
3,1097
1,436
3,1014
2,765
6,2299
1,495
1,541
3,966
1,390
10,3559
1,433
4,1329
1,427
1,316
3,8683
1,527
1,447
2,1043
4,1497
1,448
1,449
1,18715
5,1665
1,348
8,3765
4,1412
1,337
7,2320
1,366
6,5216
3,1089
1,355
1,755
1,493
9,35027
6,1917
8,2653
7,2437
1,412
9,2171
1,394
1,698
10,3781
1,414
4,1626
6,2191
1,334
3,1476
3,1107
4,1358
3,1391
1,472
3,947
1,334
7,2509
3,1044
1,520
9,6532
1,390
5,1829
1,601
1,285
1,634
1,562
9,2736
4,1320
10,16893
2,756
1,398
7,5154
1,351
1,516
7,2521
1,346
9,2973
7,2493
1,264
7,12205
1,470
9,41638
10,3292
1,435
1,301
1,469
3,1125
1,447
1,453
2,834
1,489
9,3505
10,3552
10,2130
3,1611
1,579
2,8844
9,3069
1,367
2,25580
1,385
1,362
1,439
7,2341
7,2291
1,625
4,2999
7,6843
1,347
1,1801
1,551
1,420
4,1459
1,336
4,1406
1,499
2,498
4,1232
1,829
5,2326
1,624
2,566
7,2330
1,307
3,1099
8,2805
1,959
9,4603
1,363
1,489
8,2813
1,255
1,405
3,1127
3,1260
1,493
7,2107
9,3693
1,316
6,2130
1,583
8,2797
7,2454
1,369
2,775
4,1344
1,767
1,379
3,1121
1,537
3,1177
7,4552
2,731
4,1336
1,555
1,429
3,1213
6,2365
3,1088
1,394
1,488
1,630
1,408
1,431
1,507
1,454
1,992
4,2652
10,3384
9,3006
1,332
10,3969
9,2420
8,2956
1,389
3,1051
1,507
1,498
5,1283
8,2640
2,693
5,12886
3,1262
9,3096
7,2571
1,552
8,2412
3,1151
7,2185
1,320
8,2710
1,369
1,529
1,345
1,367
3,4779
1,374
8,2783
9,5991
10,9904
1,528
4,1460
7,7241
5,2092
1,501
6,2123
1,362
7,2390
7,2565
1,437
4,1273
1,268
1,510
6,2059
9,9888
10,3372
7,2183
7,2560
5,1716
1,392
4,1395
1,424
7,2548
1,422
8,7343
5,3227
1,661
7,2169
9,2920
2,690
7,2351
7,2019
8,24535
7,5494
1,501
6,1962
1,321
1,480
7,2394
1,418
1,412
1,1781
1,405
5,1765
4,1270
4,1254
6,2391
8,5827
2,804
1,521
6,2013
1,308
5,1956
9,2872
1,395
10,3415
1,479
1,423
8,2889
7,2205
8,2938
4,1362
1,420
2,761
1,455
7,2200
2,767
1,514
7,2148
1,490
7,2831
1,338
1,500
3,1163
1,528
6,2029
1,345
1,353
3,917
1,395
10,3505
3,861
1,360
2,771
1,645
9,3125
8,3502
1,445
8,2576
1,438
6,1978
3,1779
7,18097
10,8991
7,5094
2,4903
10,3526
9,2989
5,1686
1,471
7,2281
1,341
1,394
9,2908
1,527
6,2161
6,2192
5,1483
5,1538
3,1071
6,2248
10,3276
9,2926
3,1097
1,528
8,2586
1,530
1,545
2,726
1,419
3,926
2,728
3,1586
3,1098
1,443
4,1384
10,2430
9,3328
4,1416
1,422
5,1743
1,461
1,484
5,1712
1,391
2,905
6,2867
7,3780
1,458
3,1286
3,1190
10,3276
2,844
8,2798
10,3401
1,545
1,513
1,396
5,1570
1,383
10,3883
10,22457
1,387
1,387
1,397
1,506
10,3092
5,1668
1,604
4,1371
4,1495
3,1083
1,436
7,2304
1,422
1,547
1,302
2,794
8,2848
1,475
8,2985
7,2118
1,443
6,2072
2,736
10,4655
10,3220
10,4094
1,461
1,333
4,4526
1,292
4,1649
3,777
7,1728
1,832
10,2395
1,442
10,3372
6,11979
8,2660
10,3256
4,1407
6,2357
1,409
4,1338
1,490
1,339
5,8706
9,3205
3,1200
10,2673
8,2655
8,2695
5,1885
4,1347
8,6382
3,1275
2,1551
8,4413
9,3128
1,498
3,5954
10,3343
7,2586
5,1680
2,863
1,461
4,1570
6,2025
5,1916
5,1707
8,2972
2,671
1,532
1,545
1,476
3,8964
8,2380
9,5694
8,2696
5,1286
3,1268
6,2060
10,3277
6,2323
4,18194
4,1563
1,314
1,390
3,1163
1,397
1,383
9,3175
7,7894
9,2695
9,2020
10,3488
6,2106
6,1986
6,2084
7,2357
6,2131
4,1212
1,402
8,2743
1,413
1,399
6,2015
2,827
10,2657
10,2599
8,3045
6,9827
5,2864
10,3947
6,1903
6,2072
4,1350
3,2975
5,9342
1,425
1,390
2,846
3,1067
2,524
10,2204
5,1979
10,3306
3,962
2,657
2,607
6,2348
1,303
3,1013
8,2885
4,1408
1,740
7,2249
1,316
7,2526
10,3441
4,1873
2,666
4,1049
6,2189
6,2348
2,1020
7,2840
10,4117
8,2655
1,602
1,376
5,1760
8,11632
7,2360
8,2399
5,1820
1,494
1,622
5,1595
5,1849
4,1474
1,374
7,2693
5,1608
1,378
1,563
2,773
10,3424
1,308
5,1900
6,8968
6,2091
8,2471
6,9831
4,1663
6,2041
1,336
4,1622
7,2414
1,506
1,469
1,652
4,1625
5,1360
1,252
7,36511
4,1405
1,508
3,1148
3,1432
4,1498
3,933
6,2552
7,2220
6,2353
1,506
1,340
8,2569
1,364
1,401
2,19496
1,5251
5,1821
1,429
8,3068
1,581
3,886
7,4255
2,702
8,3422
3,1168
1,378
5,1705
1,510
1,270
2,17491
1,451
3,13693
1,612
5,2031
5,1729
9,4769
6,2506
1,344
5,1808
3,1512
1,478
5,1790
1,348
1,312
6,13399
4,2403
9,2209
1,557
1,451
8,2448
1,380
6,2516
1,610
3,1387
1,678
1,276
7,3409
1,354
1,305
5,3692
1,470
8,2864
3,1005
10,2251
1,379
1,1050
3,1511
1,365
9,3199
6,1906
1,261
5,1196
1,377
1,395
1,4291
1,396
9,2694
1,607
8,2667
3,892
6,1944
10,13514
2,528
10,3417
1,620
1,241
6,2096
2,693
1,308
10,19433
3,2525
7,2441
1,356
10,2486
8,2482
1,349
4,1465
1,262
3,1345
9,2997
3,780
10,3361
1,368
1,482
1,472
1,359
2,802
1,543
7,2409
8,2938
1,410
1,649
1,641
2,934
9,3135
1,350
2,743
1,318
1,252
3,1157
1,342
7,2269
1,396
2,638
9,2764
1,412
1,582
1,599
7,2647
7,2397
1,284
2,774
1,255
1,338
1,473
1,334
1,309
1,340
5,1614
5,1743
1,398
3,4058
2,721
5,4253
7,2874
1,380
3,4973
1,442
1,531
3,1067
1,374
5,5678
1,446
7,2399
2,622
1,399
8,3120
1,444
10,3733
4,1460
10,3693
1,446
2,812
7,2550
1,1734
1,350
2,797
1,445
1,443
7,1843
1,393
5,8366
1,422
10,3757
2,1441
3,749
5,1911
10,2229
2,435
1,386
1,532
1,360
4,1459
1,275
7,2242
1,377
10,3534
1,483
10,4607
1,535
10,3421
1,470
3,1104
10,2358
8,6346
8,2919
1,447
1,486
1,487
2,616
9,3639
9,3015
1,311
10,3683
1,483
10,3570
1,434
3,1046
10,3030
1,305
5,1802
1,390
8,2748
1,338
2,583
1,551
8,9740
2,794
10,3385
8,2341
10,2461
1,509
10,3019
10,2524
1,456
3,1439
1,401
5,1661
2,868
2,608
7,2213
7,2443
3,1182
10,3609
4,1506
10,3561
1,397
10,3420
10,3264
1,3955
9,2303
1,413
7,2196
1,383
1,464
7,11148
5,1738
10,3394
10,3542
10,8546
7,2639
5,1872
10,3084
10,2784
1,402
8,2033
1,387
1,370
1,365
1,308
9,18444
2,640
10,2806
10,3489
6,2085
10,3546
1,465
7,2495
3,1131
5,1684
6,2222
1,369
8,2687
1,357
1,271
4,891
7,2565
10,3296
1,469
7,2302
2,548
1,436
10,3237
8,2456
1,349
2,984
1,376
9,3023
1,411
1,320
1,4619
1,601
10,3599
1,474
8,2582
5,1203
1,472
7,1691
10,2701
8,2721
5,2033
2,515
2,914
1,373
1,315
1,3964
1,734
7,2378
1,411
4,1568
7,1460
3,1048
2,653
5,1529
2,1369
7,4514
1,230
5,1789
1,357
10,2525
3,1183
2,663
10,3487
1,271
5,3063
10,4109
1,370
5,1054
7,1690
3,3300
1,331
1,295
7,4838
2,795
1,286
10,3116
1,440
10,2637
1,280
1,452
10,3170
1,427
3,952
10,3404
1,516
2,746
10,2463
2,836
10,2449
1,237
8,2314
1,434
5,1939
1,271
1,359
10,2342
1,602
10,2503
10,3463
9,3125
3,860
3,1131
2,818
10,6961
1,438
6,2039
1,310
2,620
1,307
1,395
8,2384
3,1577
9,2178
10,2422
10,3034
10,3740
4,1474
3,733
10,2715
1,350
4,1295
1,264
5,1214
1,284
6,2190
10,2208
8,2758
10,3232
10,2404
2,913
3,880
10,3157
10,2831
10,2642
1,257
5,19307
1,383
9,3180
1,284
1,407
5,1703
1,368
10,3230
5,1405
5,1857
3,705
10,2407
10,2531
10,2921
10,2850
7,2358
1,426
10,3307
1,372
1,380
3,1062
9,2412
8,1811
3,839
7,2772
10,3376
10,3323
10,2406
10,3039
10,3545
2,665
1,371
10,2282
7,1597
4,1470
1,349
8,1986
5,1100
1,433
3,931
10,3223
10,2943
10,6696
10,3449
10,3219
1,407
1,321
10,3213
5,1138
1,344
1,262
9,3813
7,1633
1,305
3,722
10,3217
7,1546
10,2620
2,641
10,6551
6,2346
2,592
10,2000
3,765
3,1119
1,279
2,751
1,242
1,621
10,3555
7,2102
6,2071
10,2966
3,760
10,3352
10,9378
10,3432
8,1678
3,706
10,6429
1,340
7,3710
1,357
1,323
10,3741
10,3145
2,699
10,2585
10,2562
10,2927
5,1582
3,1093
1,385
10,3295
2,854
1,335
7,2172
1,269
1,332
10,2893
7,2330
5,1321
7,1404
10,3216
2,689
1,476
10,4516
1,404
10,3431
1,11936
1,245
1,493
1,241
1,272
10,2818
10,2388
10,3638
1,518
9,2625
5,1394
3,986
10,3597
1,281
10,3162
5,1814
1,249
2,466
1,351
1,288
7,2729
1,508
9,3098
1,262
10,3252
10,3438
6,1878
10,3991
1,245
5,1695
1,388
1,340
2,1030
1,269
1,304
7,3927
1,483
10,3307
1,309
10,2192
9,2891
1,375
10,3090
1,242
7,2235
1,464
1,409
3,1188
1,269
1,290
10,3301
1,383
10,2746
1,283
8,2198
10,6692
1,1668
7,2445
1,306
2,662
6,14244
1,380
4,1514
1,246
1,248
10,3275
1,353
10,2800
1,274
7,1916
10,2492
1,409
10,3077
1,287
10,2548
1,333
10,2158
10,3421
1,250
5,1717
2,733
1,370
8,1823
1,333
1,457
10,2571
1,456
2,625
1,315
10,3322
1,523
4,1337
10,3224
1,247
5,1832
1,319
1,374
5,1318
1,328
1,427
8,2926
1,387
3,766
1,246
10,3251
5,1987
2,496
10,3081
1,286
10,2119
1,298
1,342
1,342
1,278
1,254
5,1836
1,454
5,1083
1,349
10,2566
1,384
10,2392
10,2552
10,2486
10,3200
1,349
1,366
1,406
1,271
1,277
1,596
4,2261
9,3424
1,354
10,2246
3,1078
10,2355
10,3121
4,1203
10,3208
1,373
1,252
1,422
1,250
1,281
1,422
1,372
10,3285
4,1124
10,2028
8,2907
10,2642
7,2272
8,2492
10,3577
1,391
1,324
1,627
10,2088
1,254
1,334
1,338
10,7080
2,728
10,2278
9,2835
6,2195
10,3027
10,2571
10,3598
1,290
2,544
1,303
2,489
1,267
1,313
10,2810
10,3319
10,2377
8,2664
10,3237
10,2477
6,1457
10,2929
5,1626
1,277
7,2484
1,295
5,1416
1,291
1,459
1,445
8,3128
10,2309
1,366
5,1957
8,1741
1,369
10,2305
5,1930
1,391
10,3336
1,276
8,2641
1,352
1,353
8,2474
7,2341
10,2125
1,275
7,2418
4,1077
1,581
10,2464
1,355
1,314
10,3403
1,239
10,3171
1,322
10,2582
1,415
5,1325
10,2216
1,278
7,2524
8,1805
1,378
6,1898
9,2943
1,586
10,2564
1,345
10,3222
1,243
1,237
5,1707
1,274
6,2001
1,245
2,682
10,2783
1,411
2,462
3,1194
8,2447
10,2990
1,565
8,2678
10,2318
1,246
8,2797
1,411
10,3162
1,468
2,541
10,3305
1,362
5,1246
1,528
5,1464
8,1868
1,304
5,1163
2,552
1,228
9,1887
1,265
8,1887
1,347
10,2077
10,3173
1,374
7,2304
8,2787
3,771
3,918
10,2852
2,547
10,2090
1,392
2,567
1,253
7,1826
1,277
10,3340
10,2329
1,261
2,754
7,1578
10,2446
10,2184
7,1977
7,1879
10,1984
1,253
7,2296
1,271
4,1389
1,244
10,3379
10,2139
1,247
10,2428
10,3325
10,3028
4,1412
9,2315
2,544
10,2993
2,624
5,1588
1,286
3,685
1,258
10,3544
6,1268
1,224
10,3313
10,3443
10,9880
7,1729
10,2564
10,3333
10,2677
10,3568
2,583
1,282
10,3328
1,250
10,2392
2,700
1,318
10,4531
9,2924
5,1780
2,659
10,2171
10,3381
10,2313
10,3476
2,582
1,270
10,5108
10,2261
10,2828
1,379
2,660
10,3497
2,783
7,1555
10,3689
10,2619
10,2822
8,2588
10,2823
3,897
1,252
10,3399
7,2380
10,2653
1,355
5,1178
5,1263
1,634
4,960
10,3291
10,2506
10,3021
4,1054
10,2951
10,3361
1,285
10,2362
2,491
10,5003
1,358
10,3622
3,1039
1,365
7,1700
10,2291
3,771
10,2619
2,578
10,2365
10,3230
1,296
10,2108
10,7412
1,446
1,272
9,3111
8,1736
1,384
2,440
6,1395
1,364
10,2352
10,3657
8,1767
10,3225
10,2400
6,1258
10,3608
1,312
1,285
10,2613
1,458
1,317
10,2036
10,3082
4,1051
3,884
10,3328
4,1642
10,3639
7,1688
1,684
10,2065
1,240
1,283
10,2146
1,343
1,361
10,2448
3,1035
8,1792
8,2735
10,2877
7,2570
10,3052
10,2426
1,438
3,1064
1,253
1,358
8,2659
1,363
1,266
10,2273
8,2039
10,2559
1,483
10,3718
10,3539
7,2297
10,2259
1,474
8,2582
1,253
1,400
5,1509
1,397
1,376
10,2104
1,450
10,3560
1,302
10,2632
10,3622
10,2254
10,3093
1,411
1,374
1,235
1,363
1,370
1,399
1,418
6,2017
1,372
10,3519
1,327
6,2197
10,3687
10,2253
10,3169
1,319
5,1240
1,268
1,256
4,1011
1,370
1,278
3,1066
1,380
10,3843
1,334
8,2072
10,2247
1,486
3,1048
1,322
10,2163
1,257
10,3336
2,551
1,280
1,325
10,2153
1,399
10,2529
1,226
1,480
10,3434
1,501
10,3223
1,297
10,3015
1,367
1,481
9,1955
1,274
5,1265
8,1668
1,342
6,1505
1,289
1,788
6,1799
1,395
5,1198
1,355
10,3314
1,236
3,1161
10,2718
1,309
6,1478
1,375
1,327
2,664
1,245
1,291
3,649
1,371
2,696
1,364
10,7550
2,547
5,3561
10,2100
1,350
10,3506
1,256
1,281
1,458
1,312
1,376
1,444
1,353
7,1548
1,375
10,3457
5,1061
10,2990
10,2415
10,2496
10,2176
1,679
1,356
1,371
1,283
1,310
1,613
1,303
10,2607
1,402
9,2796
10,3614
10,3312
10,3162
3,738
10,3380
1,285
1,384
1,360
1,590
1,292
1,374
1,672
10,3905
3,847
10,3552
9,3042
9,2909
10,3441
5,1180
10,3025
5,1105
1,361
1,396
10,2709
1,253
1,424
1,297
10,2742
5,1282
5,1287
10,2869
10,3738
6,2377
10,3262
10,3174
1,295
4,1211
1,318
4,912
1,257
1,352
1,541
10,8494
10,2289
1,668
8,1679
7,2451
8,3028
10,2855
5,1549
1,282
10,3392
1,322
8,1920
1,301
1,304
1,303
5,1984
10,2931
1,396
10,3202
5,1970
1,385
10,3385
4,1154
1,278
10,3284
1,276
10,3802
1,285
1,235
2,667
3,875
10,2569
1,440
5,1628
1,502
1,644
7,2310
10,2803
1,278
10,2918
1,251
10,3556
10,3475
1,249
10,2192
8,2663
9,2813
1,509
1,327
3,854
1,467
10,9733
3,1171
1,342
10,3349
1,228
10,3653
5,1337
1,241
5,1202
1,444
7,2121
1,679
10,2267
2,778
1,475
5,1286
2,900
1,254
10,3390
1,313
6,1853
10,2003
1,247
10,2087
1,365
10,2478
1,826
2,556
6,1923
1,417
1,536
7,2379
5,1310
6,1440
10,2288
2,665
10,3144
1,322
9,2901
1,389
5,2042
1,491
10,2198
10,3327
1,400
4,1469
7,2409
2,573
10,2881
5,1897
5,1624
10,3136
9,2174
10,3801
1,415
1,637
1,416
10,2005
9,2743
1,332
2,813
10,3276
8,1838
3,736
6,1649
5,1133
10,2333
5,1349
8,2061
1,311
1,484
1,364
10,3137
10,3261
1,241
1,737
10,3511
10,3395
5,1021
10,3441
10,3990
10,3971
10,3824
5,2094
1,305
3,1144
1,376
10,1973
7,1967
1,263
8,2774
8,2692
10,6975
5,1198
10,3342
10,3657
5,1386
10,3784
1,335
1,334
9,3126
6,1887
10,2029
10,3332
1,269
9,6938
1,517
10,3124
10,2984
10,4396
10,3447
1,693
10,2895
7,2260
1,396
10,3598
1,409
10,2157
8,2622
1,262
10,3163
1,480
2,902
10,3470
10,3409
10,4473
3,1253
10,5567
10,2339
1,370
8,3516
2,802
8,2604
4,1284
5,1205
10,3277
1,479
8,2628
10,3470
5,1731
10,2340
1,613
10,3311
10,3088
1,303
9,3737
1,601
1,372
1,368
7,2011
6,2041
1,406
5,1287
7,2242
4,1135
10,2775
9,14523
5,1605
10,2642
10,2325
8,2671
4,1680
1,337
1,402
10,3365
8,2963
1,438
3,885
10,3458
1,457
5,1577
8,10327
1,533
10,2270
5,1232
7,1756
9,3016
1,235
1,321
10,3493
9,2619
1,496
4,983
5,1804
3,1133
5,1970
10,13369
3,1126
10,2123
10,2271
2,896
10,3392
1,237
1,264
10,2058
2,474
1,461
10,3209
5,1955
2,748
1,498
10,9152
2,692
3,1039
10,3512
1,482
8,2762
1,240
1,272
10,2320
1,371
1,403
10,3212
1,501
9,2649
1,848
10,3788
9,3258
10,2473
10,3433
1,284
9,2816
1,229
1,272
5,1143
1,321
1,384
10,3566
1,540
8,2625
1,559
7,2749
10,3831
10,3687
5,2037
1,367
2,579
1,257
1,276
3,709
1,307
1,350
10,6786
1,527
10,3276
1,443
9,7723
8,2765
1,656
10,3710
1,350
6,1340
1,247
1,270
1,364
1,267
3,1329
5,1599
1,590
7,2682
1,390
2,1169
8,2646
1,532
10,3854
1,334
10,2702
1,249
1,302
3,770
1,254
1,548
7,2782
1,350
10,4822
1,375
1,495
7,2400
1,443
1,464
1,388
10,3035
1,221
1,238
5,1213
1,328
8,2784
10,3790
1,460
8,2593
1,407
1,380
8,3018
1,296
3,1234
1,441
10,3342
4,1452
10,2005
6,1698
1,282
7,2415
6,2316
1,1878
2,790
1,491
1,440
2,1309
1,304
1,545
2,738
10,2141
6,1680
2,542
10,3341
1,268
9,2712
3,1528
1,668
1,468
1,545
1,409
2,563
1,321
1,617
1,339
10,3415
10,3565
6,1464
10,3344
1,325
10,2986
1,859
1,714
1,339
10,2710
1,413
2,697
1,315
8,2645
1,606
8,2100
10,2678
6,1287
10,3534
1,303
9,3030
1,480
1,539
1,376
1,918
1,441
1,543
1,412
10,3243
1,608
10,2474
10,2075
10,3138
9,2426
10,2233
10,3140
1,379
1,609
1,359
1,406
1,379
1,278
1,13386
9,3138
2,649
4,1383
6,1404
10,3291
10,3042
5,1166
2,885
1,436
3,1455
1,356
3,925
1,393
1,238
1,371
7,2244
6,2237
1,599
4,951
10,3301
7,2494
6,1293
9,3016
1,542
6,2611
1,344
2,697
1,377
1,259
4,1022
9,3077
6,1462
1,543
10,2131
8,2453
5,1793
10,3430
1,476
1,497
8,3102
1,401
7,6280
1,407
1,260
10,2178
9,2264
10,2056
1,495
10,2595
4,880
4,1302
10,3128
3,1358
1,346
9,3236
1,292
10,2648
10,2303
1,263
6,1287
2,817
10,2507
1,485
1,322
4,1255
1,616
10,2632
5,1771
1,618
10,3847
1,302
9,9897
6,1865
1,403
10,3083
1,548
8,2939
1,419
5,1898
1,295
1,381
10,2484
1,539
1,540
10,2116
1,266
7,1841
10,2411
1,307
4,1438
1,507
10,3321
1,419
10,4052
3,762
1,715
4,9676
1,479
1,554
7,2254
10,3539
8,2738
10,2593
1,283
10,2941
1,339
10,2446
1,531
10,3230
5,1717
1,609
5,11329
5,2186
1,361
4,1458
5,1453
3,911
10,2253
1,258
10,2448
1,497
4,1140
1,613
9,2701
9,3478
1,645
1,566
1,568
7,2404
2,801
7,2474
5,1466
10,2424
8,2608
5,1365
1,302
4,1491
1,442
10,2808
6,2092
1,424
3,1101
3,1054
2,826
10,2173
10,2208
6,1406
10,2548
6,1470
10,3022
1,264
4,1706
6,2134
10,2669
9,2964
1,393
4,1201
3,910
1,361
6,1441
10,2586
10,3309
4,1458
10,3108
10,2281
1,300
10,3063
1,499
10,6127
10,3184
1,492
10,3433
10,3797
10,7196
5,1151
10,3658
10,2226
1,745
10,3619
5,1713
1,304
1,546
5,1760
5,1792
7,2279
1,429
2,768
9,3264
10,14750
6,1460
10,3484
10,1994
3,1047
10,2057
10,3241
1,274
3,1331
2,788
1,334
10,54511
1,466
7,2376
9,3048
9,5504
10,2948
5,1567
10,2252
2,740
10,3916
1,538
1,347
6,2378
4,1320
1,524
5,2254
1,465
9,19405
7,2626
9,3049
10,3027
3,1287
10,2223
10,3632
10,2348
1,381
10,3615
10,13629
10,3121
1,417
1,673
3,1268
9,12622
7,2528
8,2582
10,3729
3,799
10,3456
9,2428
4,1153
1,363
5,1317
5,3430
9,3001
1,400
1,467
2,896
7,18518
1,631
5,1164
10,3675
5,1761
5,1776
9,5564
3,1228
1,702
10,3452
7,2667
8,2710
1,523
1,426
8,2427
6,2086
1,582
6,1437
4,1198
10,3285
4,1161
7,7300
4,1482
1,600
10,3406
9,7490
5,1574
1,522
1,365
9,2817
8,6737
1,485
6,1373
5,1219
7,2499
1,658
8,2519
10,3278
1,1826
10,2235
9,7148
1,476
1,541
1,501
10,3154
1,519
1,490
10,2721
4,7764
9,2755
1,469
7,2355
5,1700
1,548
5,1833
7,6430
8,2697
1,430
1,508
7,1519
1,382
1,569
10,3317
1,763
7,2342
1,553
8,2679
7,2371
1,429
10,3423
1,583
2,811
1,505
1,318
8,2679
1,336
1,590
10,3118
1,632
10,3413
1,519
1,557
9,2983
1,776
10,3253
1,457
9,7078
1,443
1,401
10,13122
1,513
1,484
10,2472
1,540
5,3238
1,465
1,361
7,2371
1,553
3,902
1,369
9,3019
3,1077
1,343
2,668
1,393
1,518
5,1662
1,561
1,428
1,607
2,705
6,2114
1,431
2,1030
1,583
10,7001
2,877
9,5626
2,1051
1,373
1,630
10,2647
1,857
1,623
1,475
1,401
5,1722
10,3208
2,1042
1,445
10,3133
10,3086
1,581
6,1411
1,430
1,404
4,1130
1,700
1,617
1,351
1,421
1,471
1,380
10,3482
1,615
10,3688
8,2542
1,469
6,1908
1,536
1,458
4,1448
1,568
1,563
1,231
1,523
1,492
8,2744
7,2425
1,463
9,2791
10,2634
5,2640
7,2127
1,389
9,3055
1,686
1,16818
1,649
1,377
1,358
1,354
9,2742
9,3169
5,2870
2,885
7,1622
4,1487
10,2972
1,447
1,380
3,1153
1,331
1,487
1,645
1,415
1,392
10,3355
7,2443
1,405
9,2850
10,2629
1,406
10,2251
1,411
9,2889
1,362
1,339
1,498
9,2327
1,512
1,396
10,5933
8,2798
1,463
10,3119
8,2596
8,2230
10,3594
9,3235
1,421
1,692
3,1108
10,3387
3,1098
1,396
1,403
3,1238
8,2612
1,512
8,2519
2,614
1,452
8,2456
5,1659
10,3549
1,406
1,493
1,533
5,1806
9,2959
1,361
6,1948
1,538
1,575
1,411
10,2155
10,7132
10,3415
3,2911
2,786
1,388
6,2102
1,614
10,3744
1,457
1,470
7,2386
1,560
4,1901
1,333
2,594
9,3322
4,944
8,2185
3,944
1,556
10,3128
1,451
7,2425
1,271
1,601
9,2976
1,492
3,897
1,399
6,1448
5,1681
4,984
1,423
7,2525
1,10133
9,2799
1,674
7,2465
3,1262
1,559
2,651
1,573
4,1566
1,385
10,3504
2,639
3,2063
9,3473
3,1059
1,473
7,2202
3,1434
9,3710
8,2530
1,595
10,2790
9,3114
9,6629
1,600
10,1989
10,4888
1,566
10,13088
9,3142
1,491
9,2766
1,604
5,1660
10,6343
9,3018
5,1157
1,803
2,1055
1,561
10,2596
9,2906
1,355
6,8458
10,7292
1,498
5,5330
8,3118
1,826
10,3051
3,1029
10,2639
1,726
10,4069
1,648
10,2680
1,462
1,551
5,1700
10,6221
1,373
5,1827
9,3053
3,1090
9,2702
8,2317
10,2030
1,631
6,2536
1,1218
8,1669
1,540
1,569
2,759
7,2416
7,1804
1,475
10,3297
2,811
2,2147
2,648
10,2309
1,490
9,7096
1,543
10,3626
1,685
1,427
10,3265
7,2376
5,1817
8,2873
9,2999
10,3257
9,2897
9,3074
10,2552
10,7964
10,3504
1,321
4,1231
5,1434
1,465
4,1459
7,2493
9,2683
5,1513
10,3391
8,3442
1,2100
10,2947
5,1729
1,390
6,2593
1,394
1,517
3,1078
1,406
1,475
3,2322
10,3703
4,1355
9,2582
10,3324
2,746
10,3365
10,3528
1,397
1,393
1,471
1,453
10,3047
1,625
1,546
8,4473
9,14557
2,1495
2,789
9,14257
1,434
1,475
1,553
1,414
8,11037
1,414
1,369
10,3763
1,16183
1,565
1,483
2,2045
2,874
1,469
9,2668
8,9387
9,7676
1,487
1,393
1,592
1,390
1,466
9,2827
1,434
5,1836
3,1143
5,3208
10,10095
1,521
9,5845
1,527
10,3574
1,379
6,2197
9,4142
1,492
1,580
5,1560
1,606
1,593
2,730
1,415
5,1886
1,537
10,3189
1,365
1,331
1,307
3,1221
1,768
5,1616
1,502
9,5327
3,1030
1,495
4,1728
8,6612
9,15830
5,1745
2,675
1,412
9,10863
1,454
8,2076
1,493
10,4374
1,412
10,3981
5,2006
3,1089
7,2293
5,2013
9,23369
1,502
8,2592
5,3690
2,645
1,666
10,13701
5,2025
1,511
1,452
7,3896
5,10147
10,3396
5,1907
8,3087
9,4525
3,815
1,394
1,346
8,3562
1,568
4,8004
1,541
4,1813
1,471
1,423
9,11339
9,3160
9,2120
9,3272
10,3394
9,2061
1,496
3,1292
1,584
1,400
9,3319
3,1546
3,919
1,493
1,453
10,14178
5,3657
10,7410
2,892
1,418
10,2873
1,486
1,396
1,616
1,357
9,13418
1,459
9,3125
1,455
1,419
7,39914
9,3120
7,2239
9,2793
8,4402
5,1831
1,502
9,2638
1,554
1,364
9,10864
8,2051
5,5058
3,733
1,454
7,28848
9,3062
6,1965
10,12179
1,485
9,2974
1,458
5,1857
1,567
3,1133
10,2934
5,1735
9,5066
5,1706
1,532
10,104858
9,14838
5,1695
5,2216
1,519
9,3225
1,489
10,5926
5,2258
10,3629
2,851
9,11481
6,1996
7,2812
1,471
5,1923
7,9825
3,1895
2,896
1,348
7,2508
1,548
9,3020
1,448
2,697
1,572
9,3535
7,2239
9,2943
1,341
3,2503
1,544
1,521
9,7524
1,554
1,525
1,277
9,18869
3,1101
10,3237
1,596
9,21876
5,1644
7,2271
1,403
1,650
1,571
1,454
10,18105
1,497
2,773
1,316
7,1866
8,2621
10,3036
1,531
1,369
3,930
9,2830
10,3340
2,877
1,434
1,14109
8,2935
1,459
1,336
1,294
9,5522
10,3220
10,3463
1,432
2,897
7,27148
10,3245
1,252
9,3175
1,463
1,322
1,710
1,336
1,482
1,261
1,454
9,11944
7,2360
1,590
1,540
1,23629
5,1678
1,290
10,4223
1,411
1,263
1,484
1,502
1,461
1,310
1,437
7,2359
9,3314
5,1489
1,547
10,14819
1,359
1,386
9,3160
1,486
1,417
1,369
1,468
1,413
1,440
1,398
9,2981
7,2676
1,398
7,12076
4,1767
10,3319
3,954
5,1710
1,442
1,450
1,1690
1,354
1,374
1,698
1,527
5,18867
8,2764
1,467
1,461
10,3038
3,1058
3,732
8,30118
1,445
1,521
1,462
1,353
1,270
1,322
1,472
2,690
10,3176
3,1384
1,531
10,4120
2,762
7,2300
10,2492
1,462
1,341
1,887
1,488
1,373
9,3247
1,347
9,2926
10,3108
3,1165
1,569
5,2206
8,2612
9,2839
1,4660
1,601
1,301
1,535
1,568
1,831
5,1327
1,364
3,1584
1,431
9,7848
1,760
7,5607
9,3094
3,878
1,390
10,3406
1,318
1,455
1,568
1,481
3,779
1,490
1,542
3,1100
5,1747
1,589
3,1104
7,2184
4,1044
2,719
3,984
7,1609
1,363
5,1292
1,468
9,2256
1,402
1,498
8,2473
9,2789
1,640
1,423
10,3109
7,2520
8,2938
2,604
2,809
1,571
3,1397
1,457
9,2896
1,358
1,632
9,3096
9,7541
1,700
9,3905
1,406
7,2242
1,418
5,1665
3,909
1,622
8,1887
7,2063
5,1650
3,1088
1,608
6,3431
7,2594
3,839
1,493
9,13222
7,2342
9,8159
3,1147
10,2537
1,425
9,3408
3,840
10,5158
2,693
1,582
10,3511
7,4534
3,939
1,483
1,606
3,874
1,695
3,1144
10,3586
1,400
5,1759
5,1554
7,2269
5,1247
1,698
9,2762
9,20897
2,799
1,482
10,3285
6,2487
1,529
9,3151
3,1150
1,379
9,4022
3,1122
1,407
7,2368
1,553
9,5994
1,746
3,7048
1,363
1,410
3,890
1,510
7,2790
10,3884
1,564
10,3698
9,2947
1,355
10,3205
1,561
10,3235
1,520
7,2412
1,445
1,461
8,2698
1,470
7,2237
8,2444
9,2644
7,2367
10,3368
2,826
7,5567
1,519
2,447
1,637
6,2420
1,387
2,834
4,1455
1,384
5,1586
10,2485
5,1619
2,903
10,3723
3,1002
10,8295
1,423
10,3436
1,19776
10,12263
7,1833
8,2891
7,1987
1,584
6,6801
7,1604
1,585
1,533
1,445
7,2026
10,8507
1,600
1,521
1,348
7,2387
6,3468
1,435
9,3132
1,353
7,1840
10,2778
4,1251
9,2620
7,2345
3,1061
6,1954
7,1897
1,532
9,3343
7,2718
1,655
1,633
10,3695
1,361
1,556
10,2589
3,4342
3,1400
5,1824
9,2975
5,14694
2,533
1,603
1,367
6,2110
1,643
3,765
10,3154
1,347
2,653
8,2756
9,3804
2,775
7,2464
10,3148
3,1065
7,2544
4,1353
1,623
7,2383
1,288
1,345
7,1862
1,497
3,777
10,7264
5,1915
3,747
9,3178
10,3237
2,752
10,3288
1,350
1,559
3,1028
3,795
1,590
2,768
1,475
8,2565
10,4045
6,2292
7,2669
1,390
10,16238
2,954
10,12285
1,324
1,721
4,1350
8,1827
1,340
6,1999
5,1836
4,1412
10,3833
7,2647
3,1159
1,406
6,3807
8,2740
10,4071
1,469
1,624
2,824
4,2083
1,445
3,1009
1,494
7,2385
10,3302
9,4599
10,9728
10,3820
7,2422
4,1110
9,34006
1,482
4,1463
10,2425
3,1275
1,544
1,479
10,3234
4,1490
2,611
3,1298
10,3095
9,2922
7,2299
4,1384
6,12233
1,333
5,1790
2,520
10,3266
1,664
1,363
9,3020
9,2549
1,663
2,804
7,2179
3,990
3,961
7,2228
3,1226
1,389
10,3483
4,1506
9,2275
1,533
1,370
9,3098
7,2268
1,515
3,801
7,2417
8,2112
2,729
9,2396
2,743
1,414
3,1261
7,2424
7,2513
1,406
1,629
10,16196
10,3494
1,288
5,1909
6,1962
4,1502
1,430
8,2494
2,582
1,327
1,442
8,2513
2,826
3,1127
1,476
5,1584
2,693
1,370
10,3386
7,2611
7,2600
1,351
10,3120
8,2810
1,629
10,3282
9,2628
6,2043
1,343
1,483
9,10985
6,2258
1,444
10,3231
3,1094
9,2887
1,393
2,821
4,1697
1,431
6,2192
10,3591
1,415
9,2906
7,2148
1,563
3,1124
1,1613
7,2180
1,376
7,2462
2,687
6,4724
9,3297
1,712
10,10473
8,1969
2,823
10,3457
1,495
3,916
6,1863
1,1623
3,911
1,335
10,5305
1,309
6,2057
7,1628
10,3760
5,1698
2,851
1,486
9,2820
1,427
2,856
1,389
1,852
7,7200
1,354
10,3407
1,464
3,963
10,3389
5,1767
7,2308
6,1887
10,2294
9,3037
1,434
3,1062
1,506
1,318
7,2225
1,697
2,631
1,371
1,395
10,20595
3,1151
2,668
3,781
10,2639
9,3068
1,440
7,1845
1,355
1,313
5,1642
1,386
6,2070
1,329
1,486
8,9867
3,1366
8,3326
1,501
1,259
7,2547
1,479
5,1183
1,359
4,1724
7,2162
1,400
3,985
1,393
1,392
6,2210
5,1895
4,1473
1,413
10,2503
1,506
7,2497
3,1702
1,358
10,2848
1,513
1,376
1,358
1,371
1,364
2,782
9,10211
7,2990
1,361
10,2765
1,643
3,870
10,3571
1,347
9,3096
1,422
1,313
1,398
1,405
1,420
1,405
10,3853
4,1617
1,555
10,2805
10,2981
2,958
9,3053
2,640
10,3316
7,5824
1,376
1,363
8,2790
1,261
3,1181
7,2372
7,2308
1,338
8,2622
3,961
10,2272
7,2272
1,357
10,3996
1,378
2,636
1,479
4,1410
1,342
10,3393
7,2424
9,3240
1,277
9,2305
2,487
9,2228
7,2214
1,397
6,7289
3,7159
1,267
1,337
8,2682
1,276
1,334
2,648
8,2773
1,362
1,427
7,2382
3,1296
6,2229
1,462
10,3955
1,428
2,871
3,738
7,2438
1,367
1,411
3,770
6,2150
1,281
1,396
9,3521
10,4160
3,1191
1,368
10,5415
1,369
8,2596
1,325
9,2897
1,376
1,262
5,1220
3,1045
1,291
9,2362
6,2206
10,2606
5,1548
1,362
1,562
1,447
4,4685
1,341
10,3739
1,296
1,227
3,1098
2,4692
1,248
1,299
10,7720
8,2646
7,2227
8,1822
10,2793
4,1245
7,2308
1,285
2,536
10,2216
1,249
10,3151
1,433
1,390
1,511
10,5234
1,527
1,501
2,757
10,3512
1,257
9,2913
1,289
6,1493
2,793
1,216
8,2417
6,1996
1,567
1,354
1,429
10,3553
1,422
10,3031
10,3428
1,391
10,3085
1,257
3,1284
2,861
1,233
10,15212
3,981
10,3605
1,377
1,746
10,3795
1,500
10,1991
9,2316
1,393
8,2422
1,298
1,436
10,3573
1,263
10,5733
1,3821
9,2119
1,534
1,561
10,3750
1,386
9,1949
10,2415
1,441
6,2084
7,1708
7,1564
10,2218
1,261
7,7346
1,427
10,2353
1,369
6,2027
10,3852
1,368
10,3193
10,2833
1,442
2,681
7,2420
2,747
10,1991
1,350
6,13079
1,656
10,3438
1,383
7,2231
10,3363
1,563
10,2660
1,503
3,1110
3,785
10,13017
2,739
8,2638
7,2295
5,3693
1,521
10,3448
1,360
3,1441
10,2563
1,433
8,2834
1,1094
8,2145
1,362
10,2184
10,2694
10,3282
2,540
1,423
1,309
10,3136
10,3684
1,495
10,2993
2,817
1,598
1,608
6,2140
7,2463
3,1188
10,3033
8,1785
2,544
7,2295
1,754
9,2310
10,2551
1,675
1,385
1,390
10,3012
1,287
4,1352
3,1179
10,3407
10,3303
1,418
10,2227
1,348
1,341
1,515
10,3248
1,614
1,257
1,404
10,3193
1,412
9,3722
2,640
9,2737
10,3091
10,2353
3,1056
1,441
1,383
10,2506
5,1752
1,452
1,272
1,399
10,2877
1,370
10,3405
2,897
10,2924
3,1071
10,3534
10,7910
2,698
1,288
10,3307
10,3350
1,375
1,231
3,902
5,1960
1,709
7,2891
9,2633
1,551
8,2811
5,1665
8,2265
1,314
1,369
10,3593
10,2177
4,2426
1,358
4,1083
10,11749
1,407
2,694
10,3102
10,2306
10,3722
10,2934
10,3319
1,264
10,2586
10,10235
5,1206
1,559
1,583
8,2126
10,2160
1,316
6,2268
10,3352
10,11214
8,2687
10,2321
8,2218
1,449
2,494
10,3534
4,1394
1,456
1,479
7,2559
10,3197
1,415
1,493
10,2932
10,2990
10,3626
10,2455
10,2669
1,435
10,3007
10,4257
6,1918
2,988
1,469
10,3393
5,1343
1,321
2,736
8,2710
10,3273
1,953
9,1969
10,3962
1,486
10,2345
10,2290
10,3078
3,1055
1,745
7,2649
1,493
10,2297
10,3638
10,2762
10,3254
1,312
5,1431
10,3201
1,354
10,3517
1,475
10,3164
4,1590
7,2004
10,3543
1,359
4,804
3,1361
8,2210
10,2231
1,381
1,468
10,3309
2,766
10,2985
1,354
4,886
7,2387
1,361
6,1954
1,286
2,760
10,3525
1,387
10,2213
1,352
1,319
10,2809
1,344
10,2162
1,254
10,3434
9,3903
10,2071
2,740
1,340
10,2871
9,2303
1,476
1,399
1,363
1,302
10,2117
10,3395
8,2292
1,263
6,2114
10,2997
3,757
3,1257
1,524
10,2736
10,3383
1,350
1,451
1,288
1,541
10,2974
8,2577
10,3138
1,958
10,3088
10,3481
6,1935
7,2372
4,1421
10,7301
10,2697
1,382
1,381
1,265
1,279
10,2363
4,1730
10,3925
1,380
10,3726
7,2474
10,2354
2,891
1,331
6,1964
8,2973
1,472
1,845
1,230
1,393
1,284
7,2847
5,1665
1,254
4,1263
6,2165
10,1972
10,2307
1,581
10,6214
10,3505
1,619
1,384
1,563
1,424
1,366
7,2577
10,5230
1,224
1,588
1,436
10,3308
9,2705
1,605
8,3114
7,1918
1,470
1,247
1,425
1,348
1,320
9,2816
10,3513
1,264
6,1836
3,963
4,1634
10,2566
1,566
10,3186
1,527
1,403
1,449
10,3060
1,502
1,237
2,937
10,3711
1,242
1,269
7,2423
10,8667
10,3573
1,295
10,5924
1,426
1,534
9,2771
10,4434
1,537
1,267
6,2221
10,2684
10,3220
1,365
10,3603
10,3181
10,2932
6,2002
1,724
1,389
1,428
1,333
10,2076
10,2767
1,248
3,1436
5,1297
6,1925
1,309
2,573
10,2746
3,1042
6,2004
10,3611
1,374
1,683
1,364
10,3350
4,1045
1,243
3,1101
1,572
10,3547
1,316
1,407
10,3198
10,3091
10,2510
9,2970
1,369
10,3147
1,347
10,3211
6,1360
1,234
1,458
1,366
10,3274
1,352
10,2242
10,2259
8,1959
10,3177
10,3499
1,288
10,3319
10,2154
10,2224
10,3301
1,231
2,816
1,310
10,3460
1,369
3,768
10,2269
1,484
10,2078
9,2259
1,361
10,6658
1,418
5,1668
10,2140
1,235
2,548
1,615
10,3751
1,344
10,2441
10,2749
1,485
10,3338
1,444
1,425
10,8791
10,3430
6,1398
6,1968
10,2172
10,2941
1,609
10,4248
1,326
10,2787
1,549
1,502
10,3531
1,398
1,381
10,3275
10,2359
10,2917
10,7484
4,956
10,3114
1,528
4,886
1,507
8,2067
1,350
1,389
4,1227
1,343
1,452
10,2112
10,3458
10,2470
10,3251
6,1741
10,2456
1,553
10,3903
10,3017
10,2471
1,364
1,392
10,3303
1,328
1,352
10,3332
10,5923
10,3289
4,1576
10,2349
9,2766
1,424
10,3483
10,3768
1,356
1,375
1,440
10,3319
1,602
10,3788
4,1404
10,7860
10,3201
2,577
6,2155
10,3238
1,278
10,3420
10,2479
1,303
1,384
1,325
10,3357
1,596
10,2355
6,2208
10,3696
5,1609
10,2591
10,5581
10,3208
1,503
10,3739
3,1090
1,235
1,286
1,379
3,1092
1,432
10,3252
10,3195
3,1278
4,1507
3,824
10,3241
8,2045
10,2724
10,3632
10,2506
1,384
1,352
1,536
10,3418
1,517
5,1976
10,2833
10,3343
10,3332
10,2912
4,1247
8,1944
4,957
10,2481
10,2315
1,329
1,386
1,332
10,3256
1,556
10,3605
10,3141
10,3520
1,817
10,2969
10,3384
1,473
10,2438
1,473
7,1844
9,3003
5,1421
1,313
7,2461
1,314
10,3180
6,2079
10,2190
1,342
10,2009
10,2945
1,480
10,2909
1,281
1,457
1,374
1,565
10,3368
1,507
1,354
5,1888
10,3387
10,2211
10,2466
8,1803
10,3373
1,294
10,2210
1,241
2,840
1,422
1,384
10,3349
1,532
10,3316
4,1121
10,2587
7,1764
1,1398
7,1783
10,2222
1,432
10,3272
1,283
4,2028
1,384
10,2289
10,3331
1,2231
10,5960
10,2577
4,1213
1,477
1,519
1,538
10,1972
1,320
10,3188
1,252
7,2652
1,476
5,1529
10,3398
4,958
6,1614
10,3666
1,410
1,445
1,377
1,416
10,2506
1,390
6,2300
1,316
10,3085
1,355
2,761
10,3143
1,330
2,681
10,2823
1,269
1,347
1,307
1,355
10,2183
1,412
10,3114
1,258
10,2040
10,3293
7,1855
10,3194
1,305
2,580
10,3343
1,381
1,307
1,315
1,406
1,247
1,490
10,3524
1,233
6,1401
10,3171
10,2578
10,2180
1,345
8,2686
10,3400
1,369
1,268
1,305
1,256
1,300
1,432
3,840
1,278
10,2258
10,3303
10,3254
6,1426
1,331
9,3336
10,3169
1,423
1,257
1,268
1,375
1,242
1,372
10,3418
1,357
9,3030
10,5682
10,3572
10,2169
1,271
4,1854
6,1960
1,488
1,279
1,247
1,369
1,229
1,471
10,2333
2,872
6,2296
10,2294
8,2686
10,2629
1,307
10,3646
10,3650
1,470
1,401
10,3369
1,367
1,239
10,3371
10,2353
10,2788
8,2449
10,2218
3,1184
10,2145
1,296
8,2728
1,643
1,501
10,2202
10,3035
1,296
1,232
10,8352
7,2328
7,2588
3,1316
10,3185
8,2764
10,8373
6,1314
10,3557
1,396
1,384
1,293
10,2249
1,265
1,261
10,3426
1,445
10,3397
1,666
10,2687
10,3392
10,6780
2,986
8,1826
1,370
1,567
1,309
10,2274
1,495
1,220
10,5758
1,248
10,2210
1,523
4,1592
10,3695
10,8467
7,2118
2,719
1,365
10,3141
1,421
1,453
10,2245
1,221
10,3350
1,375
10,3645
4,1486
6,2385
10,12136
4,1504
10,3391
1,467
1,379
10,2415
10,3264
10,2254
4,1504
1,229
10,3305
1,364
10,3543
1,359
10,2505
10,3650
1,432
10,3428
10,2830
1,411
10,2434
10,3058
4,1169
2,527
1,437
1,367
1,299
3,1055
1,410
10,3552
10,3044
1,375
10,2274
10,3397
1,288
10,2205
10,2243
2,491
7,1863
10,2535
4,947
1,433
8,3201
1,543
6,1979
2,960
1,291
10,3472
10,3249
1,265
10,2109
10,3259
7,1692
10,2919
4,1226
6,1273
2,777
10,3459
1,390
10,5605
1,468
1,371
3,1905
10,2437
1,255
10,2792
9,3038
10,3694
9,3304
2,498
10,2362
1,265
10,3377
1,483
10,2562
1,516
1,430
8,2731
10,3408
1,430
4,1255
10,7358
10,2411
10,3530
7,1862
10,3031
1,268
10,3372
1,443
1,380
1,549
1,368
10,3311
10,2193
10,3618
7,2564
10,2816
10,3307
3,1020
9,3307
10,3333
1,279
10,3257
1,393
1,409
1,448
1,347
10,3217
10,2409
10,2196
7,1801
10,3105
9,4732
6,1544
10,3338
10,3521
1,300
10,3805
1,385
1,386
1,398
1,366
10,4053
1,577
10,3201
10,2987
3,1116
10,2529
8,2295
6,1560
10,3187
1,551
10,3378
10,2405
1,389
5,2334
1,371
10,3369
1,555
3,843
10,2301
10,4803
6,1944
10,2683
8,2536
6,1802
8,2090
1,572
10,3690
4,4387
1,344
1,450
4,3916
1,393
10,3438
10,3074
10,3872
3,1045
5,1849
3,872
9,2971
4,1131
1,627
10,3209
1,363
1,334
10,2923
10,7438
1,512
10,3151
10,3377
10,11877
8,2622
10,3223
10,3167
4,1369
10,3092
1,510
10,3281
1,388
1,386
10,3406
10,3333
1,540
7,2396
6,2085
10,3944
1,470
10,3448
10,6834
1,491
10,2727
1,564
10,3187
1,380
1,515
10,3487
10,3617
1,635
4,1195
3,1177
10,3431
1,402
4,1365
10,2634
1,235
9,2222
1,485
4,8846
1,365
1,751
10,2447
6,2325
1,493
2,834
3,1303
7,1863
1,359
10,3123
10,3430
1,284
10,3603
1,433
6,2035
1,609
6,2157
10,2376
1,540
1,644
10,3018
1,408
1,828
1,372
10,3340
10,3587
1,550
10,3435
1,537
2,578
1,302
5,1317
10,2724
1,573
1,469
10,2186
1,320
1,506
10,3300
10,15618
10,3825
1,520
6,1398
1,504
4,1303
10,3540
2,986
2,554
1,392
1,705
10,2450
1,299
1,464
1,552
5,1673
10,3993
1,403
10,3465
1,450
2,670
10,3331
8,2042
7,1707
1,267
1,569
10,2093
1,379
1,370
1,396
6,1856
10,5012
1,368
10,3827
1,383
10,2412
10,3327
9,3117
10,3271
1,571
2,805
10,2651
1,296
1,1325
1,332
1,388
8,2169
1,511
10,8257
10,3176
9,2749
10,4658
10,2269
10,2494
2,820
1,529
10,6085
1,504
1,424
1,488
1,318
1,604
1,277
4,1438
10,3585
9,2160
10,3331
4,1293
10,3488
1,338
6,2087
6,1641
1,429
1,402
1,530
1,626
1,604
1,402
10,3797
2,894
10,2719
1,434
10,2637
10,3525
1,475
1,3717
8,2615
1,400
9,2600
1,416
1,409
1,413
3,1249
10,3732
9,2490
10,3242
9,2415
10,2614
10,2935
1,467
2,836
1,590
1,441
1,381
10,3367
1,547
1,465
10,2926
10,8241
9,2576
6,2026
10,2300
10,3985
10,3690
1,439
9,3153
1,518
1,343
1,332
10,4156
1,446
1,321
7,2257
10,15883
10,2277
8,1803
2,804
2,804
8,2708
1,374
4,6815
1,545
10,3272
1,288
10,3209
1,595
1,255
10,4029
6,2148
10,3487
8,2015
4,1041
8,2812
3,812
8,2717
4,1584
1,440
8,2852
6,1511
10,3490
1,473
1,548
10,2486
1,561
10,3024
1,381
7,2377
1,306
1,498
2,859
8,2620
1,389
10,3177
4,1365
10,3406
1,420
1,394
10,2057
1,557
10,3719
1,432
10,3306
3,761
1,383
10,3453
8,19660
1,347
10,2328
1,358
6,2409
1,579
1,408
2,659
1,615
8,1962
1,546
10,3533
10,2899
1,366
8,2382
5,29885
1,503
10,2759
9,3086
2,813
10,2571
1,423
4,936
1,528
1,555
1,323
6,1659
10,2329
1,413
9,3048
8,18031
1,611
2,884
10,3770
4,1062
4,1653
6,1717
7,2326
1,488
1,393
1,280
8,3393
10,3323
1,364
10,2325
4,2673
1,559
6,2302
4,893
2,495
2,966
4,1312
10,2569
2,729
3,1197
1,281
10,3048
10,2544
1,362
10,2907
4,6860
1,526
10,4071
10,3268
9,2472
2,718
2,815
10,3081
1,342
7,1576
1,382
1,337
10,3134
1,523
8,2385
6,4350
10,2340
10,4517
10,3222
8,2332
10,3345
2,687
10,2334
1,565
10,2120
1,433
3,990
7,1517
1,422
2,473
1,924
8,1797
4,1168
6,2008
10,2386
9,1958
2,688
10,3216
1,535
10,2441
1,355
1,2044
10,2019
1,472
1,455
1,607
10,2475
2,678
1,396
4,997
6,2255
9,2093
10,3421
1,462
10,3178
1,272
1,454
1,427
1,445
3,857
6,4979
4,1636
4,1315
3,865
6,1827
10,2493
4,1112
10,2735
1,494
10,3483
1,308
1,434
3,1111
10,3180
10,2271
8,3052
10,3327
9,3725
10,2417
10,3264
8,2687
6,2088
8,2907
4,1215
10,3027
1,247
1,428
1,1705
10,2854
10,2148
2,3917
10,3977
9,2276
10,2578
8,2460
8,2151
10,3538
6,1544
8,2122
10,2540
10,2230
1,373
1,2394
1,455
10,2338
4,7226
2,793
10,3241
10,2186
8,2522
1,441
8,2017
3,3978
2,546
1,660
10,5039
1,375
1,600
10,3344
10,2605
5,1820
6,1589
10,3436
10,3239
1,346
4,1245
8,2578
1,414
10,2801
1,718
10,3038
1,340
1,606
10,8195
10,2994
3,13709
2,511
10,3720
10,3034
2,544
10,2304
1,669
1,419
9,2493
1,627
10,3308
1,510
1,592
10,3416
10,2880
3,13967
2,884
8,3025
10,3367
1,405
10,2708
3,793
1,370
6,2249
1,561
10,3209
1,399
1,534
9,3045
7,1462
8,6292
10,3546
6,1821
7,1530
1,418
10,3550
10,3306
1,441
10,3230
1,450
10,2520
10,3340
1,465
6,2268
1,700
5,1897
9,2572
1,461
1,583
10,2351
10,3713
10,3429
1,389
10,3022
1,676
1,476
1,380
1,627
2,871
1,795
2,1248
10,2112
1,403
1,20904
1,404
10,3403
10,2597
1,428
8,2892
1,554
1,486
10,3529
2,748
8,2374
1,535
5,2065
10,3481
1,457
1,1044
1,250
10,3404
10,2295
1,389
1,514
1,484
1,441
10,3739
1,380
9,3101
1,469
1,661
10,3840
1,416
1,847
1,269
6,1424
10,3015
1,314
10,3518
1,616
4,1631
10,3203
7,2468
10,2362
1,577
1,602
10,3424
1,293
1,604
1,232
1,503
10,2031
1,596
10,3208
1,544
1,374
10,7009
6,2170
10,2186
1,666
7,20422
8,3059
1,651
1,605
1,253
1,587
7,1735
1,511
10,3612
1,649
2,686
10,3646
1,394
10,2218
1,16390
1,578
8,2637
1,325
1,600
1,284
1,413
5,1884
3,973
10,3518
6,1975
6,1991
9,3351
2,799
4,1476
1,450
1,21961
1,602
1,246
1,484
1,272
1,652
1,964
10,3327
10,3418
1,359
5,1847
4,1865
8,2669
10,3256
1,434
5,27319
1,317
1,317
1,446
1,293
1,662
1,2890
10,7958
10,2888
6,2281
9,2766
6,1631
8,2706
8,2248
1,399
1,566
1,431
1,254
2,702
3,809
1,528
1,667
10,3313
10,3756
8,3131
9,8357
6,1380
4,11583
2,837
1,412
1,404
1,310
1,432
1,418
10,2790
1,492
1,792
10,10901
1,15179
5,1664
4,1532
2,741
4,2180
1,510
9,3011
1,436
1,394
1,293
1,523
10,2985
1,7789
1,529
7,2371
1,529
2,15302
1,468
2,774
8,2668
1,472
1,534
1,469
1,272
10,2810
1,620
10,5826
1,660
2,755
10,3193
2,1345
4,26129
1,387
8,2156
8,2982
1,11865
4,1279
1,413
1,376
10,3495
1,602
10,3939
1,489
1,391
2,626
1,488
8,2750
6,15259
9,2450
2,1000
1,714
6,1860
1,575
1,271
10,3060
6,2124
7,1644
1,528
1,381
2,518
1,494
4,1656
8,2691
4,1033
6,2116
1,370
2,814
2,935
1,323
10,2878
5,2011
1,700
1,428
5,1778
10,2671
1,519
4,6225
8,2641
10,3558
3,3999
1,274
8,2618
1,458
1,512
10,2340
8,14873
2,864
1,378
1,467
9,3324
1,481
2,827
1,372
8,2946
3,8163
1,252
4,1482
1,580
1,421
10,2248
5,1753
1,431
4,993
1,3917
9,2996
1,369
8,10793
1,549
8,2496
1,423
1,504
6,2158
1,602
10,2242
2,875
5,2003
1,311
1,517
1,502
10,2831
1,422
4,1700
1,439
1,553
8,2465
1,277
4,1495
3,1129
10,2140
1,403
8,130332
1,482
4,1420
1,475
10,3535
1,606
6,2372
1,404
1,567
5,1670
1,254
9,3096
4,1654
10,2192
8,2379
9,2758
6,2296
2,867
2,824
10,2165
1,507
2,11123
1,471
10,2478
2,660
1,237
2,769
3,6965
10,3352
1,516
1,331
2,718
6,2155
1,618
8,2843
1,2381
1,521
4,1365
1,329
4,8802
3,1270
8,11015
7,2890
10,2370
1,578
2,714
9,8364
9,3157
1,481
8,1757
1,396
6,6314
4,1258
2,446
5,2116
10,3513
5,1692
6,2107
10,3140
6,1624
4,1326
4,8309
5,1632
1,537
1,504
1,503
2,856
1,464
1,378
7,2582
10,3681
1,471
1,342
1,488
2,548
5,1633
8,2620
9,2972
8,3083
1,413
4,1408
5,1693
1,477
1,348
4,1564
10,3528
3,23214
10,3337
1,790
8,2823
3,1012
9,13397
8,2700
9,3437
1,429
6,2154
8,2762
1,371
1,458
6,2036
10,3303
2,800
9,15378
4,1157
5,2049
2,2364
4,1341
8,2656
5,3086
1,280
8,2548
5,2209
5,1761
1,290
2,719
7,1621
5,1565
7,5559
6,1697
4,1859
4,2049
8,20613
6,1849
9,3915
1,318
9,3021
4,6485
6,6720
1,420
5,1781
10,2988
4,33261
6,13448
1,4231
9,7081
6,4790
5,23343
4,1508
8,2589
1,451
5,11443
2,839
4,1363
1,473
8,2549
1,527
8,26947
7,26544
2,893
8,2415
3,12471
8,2794
5,1678
8,5041
1,380
4,1319
1,566
1,378
1,400
1,458
2,602
2,17196
3,1363
8,2714
8,7143
6,2121
1,433
1,328
4,1549
1,301
4,1668
6,2179
2,927
1,399
2,608
6,2197
5,19184
2,1135
5,1870
1,365
5,2022
1,482
4,1147
8,3140
1,379
6,2318
1,385
5,1783
3,906
4,1210
2,1150
6,2085
9,3555
9,3390
1,463
4,18488
4,2931
5,10932
3,1182
1,277
9,8517
2,20407
2,939
10,3443
5,1729
1,371
5,1575
7,1541
4,1463
2,757
2,682
1,359
2,608
1,392
1,298
4,8408
1,797
5,1508
10,2458
1,335
5,1632
1,416
7,14670
6,4249
4,1260
7,2269
6,38383
4,4426
2,642
1,236
6,2466
8,23078
6,1851
10,2600
1,440
8,11083
5,1710
10,9364
1,544
1,418
3,992
1,348
3,986
5,2374
10,2521
4,1624
5,23346
6,1907
10,2976
1,331
4,1500
2,648
9,4665
9,2783
1,429
4,30573
1,340
8,40108
5,2503
10,2427
5,1982
4,25042
8,2747
7,1540
1,471
5,2342
8,2729
3,1045
1,395
4,1332
8,31223
2,550
6,2892
4,3643
10,2142
2,669
5,2257
3,961
10,3004
1,549
8,6353
5,5872
3,1137
8,2730
5,1659
8,29528
3,856
1,464
5,1889
10,3000
4,1375
1,560
5,1621
1,835
1,447
4,1493
1,387
1,631
1,393
1,446
5,3580
4,1227
3,1160
4,1466
10,2586
5,1532
1,593
4,1290
2,843
1,535
8,3415
1,611
8,27010
4,2094
1,477
1,521
1,478
5,1505
6,37781
10,2340
2,663
1,517
2,779
1,384
1,388
8,4569
2,799
3,3244
4,1691
1,444
3,890
4,1339
5,1824
5,1746
1,425
8,3874
1,600
5,1800
9,2990
1,402
5,13831
1,404
1,359
2,2457
1,508
1,582
8,3976
2,811
5,2054
1,460
8,3044
1,567
2,816
1,469
3,1061
2,898
3,18302
1,589
1,558
1,484
1,616
8,10191
5,16712
1,335
4,1554
5,1852
5,1927
1,493
6,1632
1,516
1,359
2,741
6,2899
1,482
1,364
2,933
1,11293
1,445
2,625
1,340
2,691
1,358
1,395
1,409
1,433
1,411
1,1667
1,347
8,2490
1,335
1,345
5,11896
2,779
8,52289
7,2574
5,3046
1,699
3,1080
2,662
4,6611
4,1687
1,433
2,757
6,1829
4,1435
1,599
1,394
1,355
1,9538
2,705
3,1039
2,875
1,376
8,2667
1,349
1,452
1,477
1,527
1,474
8,2682
1,570
1,348
6,10168
1,464
6,1914
1,459
1,365
7,2363
5,1715
7,2271
6,3772
1,414
1,526
1,371
1,331
1,904
1,361
1,504
5,15794
5,1774
5,18779
1,627
6,2249
1,396
5,28718
1,423
1,455
1,498
1,264
2,3889
1,2891
6,1832
1,381
2,56074
4,1459
1,346
3,4841
1,472
9,3939
6,24530
1,439
1,418
1,453
1,421
5,1769
1,576
1,369
1,396
1,404
9,2885
1,405
1,5184
1,421
4,1333
6,65507
1,464
1,898
1,459
1,374
5,9245
5,1842
5,1611
1,399
1,473
1,547
6,19008
1,506
1,391
1,488
9,36911
1,359
5,1328
1,645
4,1329
4,2569
1,454
2,742
1,468
1,543
6,2185
1,345
3,1230
1,414
6,2705
7,39439
1,350
3,1304
1,378
2,825
6,2070
2,937
6,2488
2,961
1,353
8,4122
1,551
9,12702
1,381
8,3454
9,47384
1,387
1,357
1,554
2,4405
2,1115
7,2342
5,1681
1,515
1,437
3,1033
1,537
7,2651
5,2066
8,2937
1,117657
1,417
1,614
5,1738
5,1746
5,2798
1,408
2,902
1,413
3,1319
1,342
1,439
9,3054
9,5041
1,485
4,1448
3,1201
10,3781
1,391
2,667
5,2307
4,1417
3,1438
5,2265
1,369
8,5496
1,467
5,17946
7,2195
1,414
1,457
1,685
7,2458
3,1179
6,2015
8,22386
1,3001
2,800
1,808
1,3745
6,2493
1,581
6,37131
7,2522
1,449
3,2559
1,589
5,1799
2,914
6,2015
4,1829
2,922
1,338
2,821
1,420
4,1276
1,3020
6,38488
10,3358
4,1811
6,2424
8,3165
7,2701
5,1271
5,1715
5,2060
5,1896
1,325
1,513
4,3958
4,1283
2,707
7,33235
1,3780
1,375
9,2610
4,1428
1,486
1,276
8,11938
1,555
6,6756
1,326
6,1951
1,375
1,323
1,371
4,1499
9,19090
1,490
7,20601
2,918
6,1926
5,2050
3,1051
6,2331
7,2885
4,1429
3,996
9,4519
1,429
1,342
2,681
1,796
1,365
10,6636
4,1276
9,27295
10,3284
4,1365
2,889
6,4676
5,1686
7,1641
2,13784
1,389
5,1793
4,1396
4,1552
1,412
8,2734
5,1945
4,1329
9,3067
2,783
1,546
9,2882
6,4920
5,1681
1,452
2,645
1,495
1,344
1,384
1,484
3,1037
3,1135
9,47953
7,2214
5,1993
3,1173
8,2892
7,2251
10,3113
1,604
1,384
2,930
1,2075
1,604
4,1570
4,1288
2,819
4,1452
8,2629
2,951
1,446
4,1552
6,1995
4,1294
5,2025
1,404
9,3081
7,2862
2,4225
3,1065
9,2321
6,2130
1,470
1,306
1,550
1,499
3,2627
9,24488
7,5086
6,2253
1,532
1,436
9,3250
1,402
1,446
3,1088
6,1924
9,4541
5,1586
3,1100
5,2036
2,1374
9,17909
1,318
7,2399
1,337
7,2423
10,3498
1,533
1,452
6,5712
8,2614
7,3498
9,2748
1,401
6,2014
1,515
7,42934
9,2915
9,10860
1,521
5,3230
8,10440
1,1821
2,696
1,486
2,1150
10,3793
9,2108
1,459
1,347
6,2082
1,411
6,47903
9,3426
8,11475
9,4329
7,2311
8,2594
5,1639
2,653
5,1977
8,2902
2,822
7,2482
10,3222
7,2308
9,34140
4,1313
6,34785
1,338
6,2163
9,3044
3,1104
5,1637
1,332
1,466
3,1099
2,787
5,1851
7,7450
10,5851
1,508
2,980
4,1714
4,16738
1,554
1,516
9,2916
8,9370
1,1505
2,847
8,2813
3,1237
6,3711
9,29944
9,3863
4,1899
1,476
2,847
3,3532
6,1896
8,11393
2,807
5,1887
1,303
1,469
9,8717
6,1456
7,2439
9,6037
1,460
1,468
3,1314
1,529
3,976
10,3595
1,361
10,6801
3,1121
1,402
3,1183
3,1609
10,3294
9,3136
6,6908
9,8193
1,569
7,2278
7,2790
5,1517
4,1310
1,456
3,1065
2,852
1,295
4,1381
1,462
10,2872
9,3464
1,598
9,3161
1,704
7,2832
9,2794
4,8352
4,1442
1,400
9,2893
5,1790
1,537
1,451
2,949
8,2682
7,2214
4,1438
4,1398
1,408
9,12179
1,638
6,1868
2,855
3,1274
8,2963
5,1747
1,418
2,850
1,357
8,2871
1,396
4,1236
3,1178
2,1450
1,650
1,652
2,958
1,738
1,495
6,2481
8,8670
1,414
5,1805
6,2190
7,2670
1,1016
1,526
7,3658
1,305
7,2437
8,2134
5,1872
9,4145
2,891
1,643
1,566
1,575
6,2097
1,2918
4,995
1,349
2,4969
1,478
3,1098
9,3007
10,2309
7,14001
8,7207
1,1778
2,957
2,657
1,379
6,2817
1,575
1,290
10,16543
1,355
1,414
1,340
9,3140
8,2636
5,1835
7,2748
1,4502
5,1813
5,3325
7,4731
10,3741
1,431
1,243
1,381
1,563
3,2304
1,599
3,1243
9,3004
5,5810
10,8532
2,758
1,416
4,1392
1,801
1,463
2,614
1,495
1,478
1,719
1,340
10,4795
3,972
3,1466
2,807
9,3403
1,8443
1,423
4,1418
1,293
8,2600
1,552
1,264
1,444
1,405
1,328
1,572
1,1049
7,2318
1,341
8,3129
2,23532
1,485
1,504
5,1689
2,800
1,440
1,298
1,431
1,413
1,441
1,554
1,613
2,856
1,466
3,1234
1,538
3,1261
2,747
3,1147
6,2879
1,541
1,555
4,1528
1,454
1,457
7,2435
7,3219
1,332
3,1178
3,1192
1,519
5,1429
1,448
1,812
7,3037
1,431
1,548
1,561
7,3106
1,449
1,553
1,600
2,803
2,675
2,881
1,1510
4,1353
3,1160
1,444
1,936
1,394
1,376
2,1001
7,16055
1,452
1,877
1,349
1,330
1,287
1,668
1,505
5,1538
1,393
3,862
9,9033
1,384
1,296
3,1182
1,591
1,437
9,3361
1,464
1,568
7,2395
1,602
1,584
10,3096
6,2131
5,2078
1,385
5,1699
1,386
1,373
9,7183
1,409
7,2322
1,365
1,1770
4,4774
1,584
4,1174
9,3031
5,7323
9,3063
4,1500
10,3229
4,1508
7,2605
10,3735
1,883
3,1193
1,321
1,560
6,2148
1,578
5,1431
9,2716
6,2036
10,13935
1,514
1,1506
4,1350
1,506
1,442
1,514
8,2775
1,418
1,501
9,2786
1,826
5,1328
6,1671
7,2166
9,9051
1,392
1,393
10,2078
1,619
9,5067
5,1478
3,1027
1,468
1,698
7,21138
1,997
9,3038
5,2113
1,473
9,3072
1,386
3,1065
9,2768
1,401
8,3416
1,373
7,2079
1,365
1,549
10,3180
6,2414
10,4188
1,810
7,5317
7,19502
1,473
1,334
8,2359
3,1200
3,1492
2,589
2,824
1,351
1,370
1,381
2,3987
5,1805
7,2342
10,3303
1,358
1,455
1,457
9,1928
9,2891
3,1492
7,2161
2,849
1,391
1,3630
1,359
1,389
10,31855
10,18389
9,21304
2,471
1,381
5,1689
10,2354
10,3048
5,1723
1,409
1,671
2,690
2,767
9,20780
1,555
6,2326
1,330
9,2826
2,692
1,472
9,18445
6,2311
3,1099
1,492
5,1908
5,1679
5,1352
9,3078
1,313
1,585
5,2066
1,359
1,347
3,980
4,1893
7,2105
6,2048
8,2643
2,2466
5,1880
1,353
3,1317
1,425
6,20270
1,521
9,35404
1,375
1,347
6,2094
1,534
9,2303
1,546
9,2888
5,1716
10,10219
4,970
1,314
5,1659
1,411
1,495
2,666
1,401
1,360
10,3201
7,2579
10,3043
2,871
6,2283
1,341
10,4087
1,575
10,2826
1,646
1,472
1,469
10,2328
1,372
1,370
10,2573
7,2620
9,25321
6,2049
1,618
1,454
9,14213
5,1879
5,1391
1,503
1,429
5,1900
1,524
1,244
1,364
9,4971
10,3357
1,541
1,436
2,678
3,1447
5,1887
10,3410
5,1758
4,1207
6,2914
1,450
6,1713
1,271
1,433
8,2576
9,8323
2,550
4,1168
5,1596
5,1521
9,3657
5,1613
10,19104
5,1439
1,383
9,2801
3,693
1,280
1,486
8,1664
1,312
1,529
1,280
1,264
1,508
2,639
6,1925
9,3002
5,1941
1,385
1,330
10,5102
1,231
1,374
4,1324
9,11420
2,574
2,749
1,514
10,5397
2,654
9,3984
7,2580
9,3155
1,398
5,1923
10,3965
1,536
1,352
7,1846
3,1089
3,765
6,1790
3,1362
7,2885
3,1182
9,7479
10,31645
6,2476
4,2536
1,370
9,3329
10,2665
3,1159
4,1123
3,1053
6,1302
7,1973
1,385
9,6953
6,1593
10,3153
5,4931
10,6457
1,373
5,1910
8,12940
2,666
2,764
1,478
7,2455
9,1876
8,2345
5,2164
5,2138
10,2112
9,2990
1,489
10,7610
1,429
10,3516
4,2591
2,682
7,2520
1,265
1,488
10,2582
10,3190
1,596
9,25080
8,2013
5,1765
9,2610
5,1750
2,824
9,2827
1,357
3,1174
8,2591
1,357
2,861
8,2963
9,3131
5,1854
10,28991
10,2226
2,800
3,1145
2,636
1,2242
10,6636
1,452
6,1352
10,2978
1,394
5,1624
9,3293
8,2870
10,3618
9,2921
8,2690
1,569
6,1941
1,431
9,3127
5,1838
7,1779
9,2619
3,1083
1,373
1,459
8,1964
4,1378
9,10968
1,482
10,3179
1,599
9,3192
3,1140
6,1940
9,3074
1,496
8,2795
9,3225
1,249
1,347
7,2369
3,870
10,9060
1,680
7,2333
1,342
10,3254
6,1543
7,2349
2,957
1,334
8,1698
8,2741
1,336
5,1157
4,1030
2,523
9,3169
1,566
4,1185
1,529
10,3384
10,3417
9,2847
1,321
1,265
7,1819
3,1112
1,267
5,1526
1,350
1,442
5,2080
1,595
1,560
1,470
10,2203
9,3605
3,1116
3,984
1,239
4,1019
2,787
1,385
1,423
1,251
1,297
7,2355
1,590
1,316
1,299
1,297
10,4297
1,458
2,867
1,258
4,1267
6,2754
1,332
5,1750
1,305
1,255
1,539
1,628
1,248
1,312
7,2591
10,3369
4,1298
6,1767
1,316
10,2898
2,794
6,1488
9,2967
1,374
1,256
9,2928
1,276
1,284
1,384
4,1015
8,7139
8,4381
8,2860
1,469
4,852
1,539
10,2640
10,3193
1,380
1,320
1,282
1,303
1,290
1,370
1,494
7,1845
3,16240
10,3711
1,252
6,1920
5,1705
4,1175
9,4066
1,330
1,838
1,599
1,252
1,340
1,345
1,251
4,1066
6,2038
9,3551
4,1089
10,3453
1,528
10,2730
10,9968
1,365
1,553
1,367
1,256
1,515
8,1964
1,398
4,1291
2,849
10,3213
10,2691
9,2957
1,473
6,1315
5,1943
1,669
1,390
1,273
1,519
1,300
1,280
1,400
1,620
5,1659
7,1862
6,2137
6,1311
10,3224
9,2542
5,1776
1,393
1,403
1,476
2,497
1,339
6,1328
1,409
1,335
1,553
4,1510
2,569
10,3003
1,616
9,1958
9,2934
1,399
1,258
1,294
3,844
9,2310
10,2269
1,459
1,350
1,465
8,3137
9,2187
10,3862
4,1748
6,1749
1,516
10,2831
6,2522
1,262
6,1450
1,261
9,3043
1,373
1,483
1,316
1,522
10,2636
6,1541
1,397
1,445
1,415
10,3623
10,3263
1,366
10,3050
4,1478
10,3174
1,350
1,273
4,963
1,465
10,2196
4,1065
5,1459
4,1150
1,299
4,1099
4,1385
1,798
10,3746
4,1454
10,2926
1,305
1,263
5,1501
1,495
6,1533
1,413
5,2096
1,344
1,490
6,1869
10,3809
10,2559
9,3255
10,2290
4,1130
1,237
1,377
5,1824
1,408
8,2759
1,435
10,4088
1,446
1,408
10,3129
8,2776
2,714
8,2574
1,475
4,1202
2,620
1,261
9,2030
1,378
1,401
1,611
9,3147
6,1469
1,372
6,2032
7,2332
1,270
7,2622
10,3668
4,1319
4,1436
1,237
10,3346
1,440
4,1332
1,479
1,448
6,1567
1,386
9,1996
4,1298
2,547
4,981
9,2169
10,2334
10,3327
1,343
9,2926
1,392
1,496
1,400
6,1861
8,1751
1,402
6,2314
10,3009
3,974
10,2839
6,2341
6,2093
6,2012
6,2065
6,1728
1,392
1,434
2,640
9,2888
10,3312
1,418
4,1678
6,1971
6,1848
4,1551
6,2493
9,2839
10,2861
4,1322
10,6606
1,313
2,1026
1,319
1,386
7,2277
1,348
4,1443
2,855
9,2857
4,1568
10,4836
10,2931
8,2349
10,2248
10,3276
1,367
6,1949
1,287
9,2851
10,3299
2,613
1,451
7,2526
8,3117
10,3175
1,477
9,1938
6,1762
10,3559
5,1732
6,1878
9,2570
1,295
5,1867
9,3346
1,311
6,1571
3,2181
8,1667
6,2011
1,589
10,3155
6,1792
6,4563
1,383
4,1329
6,2003
1,370
1,396
4,1458
3,1100
1,405
3,1321
4,1287
9,2096
6,1678
6,2243
10,2499
9,5445
1,451
10,3412
10,5791
1,361
1,376
4,1701
10,2318
6,1556
1,264
7,1806
9,2019
8,2071
6,7164
4,1507
6,1757
1,358
10,2609
7,1471
1,358
1,421
2,527
8,2916
3,685
2,911
4,1267
6,1461
1,335
1,349
4,1575
10,3031
1,328
4,1250
9,4151
6,1409
1,433
3,794
10,3632
8,1932
7,2443
10,3201
10,2476
6,2224
4,1023
6,1539
4,1282
1,446
9,2065
4,1984
8,2217
1,400
5,1499
9,3020
7,1769
7,2530
4,1376
6,2008
10,2364
1,398
1,327
1,605
1,467
10,2290
4,1067
6,1758
1,440
1,489
10,3138
10,2248
9,3268
10,3171
4,1269
10,2037
6,2036
2,575
1,522
1,420
6,2273
8,3358
8,1594
1,355
1,624
7,1951
4,1075
10,3556
6,1825
1,332
4,1449
1,478
1,340
1,479
1,383
10,2211
1,390
6,1304
1,375
1,309
4,1104
9,3093
9,2285
9,1829
1,465
9,2891
1,451
10,2258
6,2039
1,406
1,555
1,485
10,2176
2,581
1,277
10,2733
4,1327
8,2495
9,1925
1,290
2,844
1,412
7,2360
6,1489
1,526
2,837
1,241
4,1027
2,505
1,334
6,1333
7,2728
3,943
6,1457
1,272
9,3134
1,351
10,2463
2,472
3,941
6,1993
1,282
4,1424
3,1121
1,298
10,3201
2,704
1,429
10,3184
1,379
4,1119
1,241
4,1466
7,2618
1,373
6,1871
3,830
2,789
6,1683
1,640
9,3048
3,944
3,1168
6,2370
1,350
1,502
1,223
9,2454
10,3108
2,808
1,336
1,250
4,1025
10,3205
1,344
9,2074
1,505
1,443
1,480
1,255
1,344
1,317
8,2790
4,1445
7,1623
6,1447
1,299
5,1905
8,2149
1,267
10,2364
1,288
1,274
4,1366
1,314
1,286
1,350
9,1917
9,4286
6,2120
8,1882
1,439
10,3228
10,2682
1,330
6,1496
1,265
1,256
1,609
1,338
1,249
1,354
3,1100
9,2844
10,2876
10,3273
1,278
4,1415
8,1739
5,1587
10,2840
1,295
1,245
1,339
1,250
1,328
1,365
1,519
4,1219
10,2612
4,1388
1,246
7,2214
4,1259
10,3642
4,876
1,269
1,533
1,470
1,397
1,251
1,332
1,369
8,1766
9,2102
4,2038
1,243
10,3857
7,2363
4,1259
1,473
1,591
1,324
1,397
1,247
1,497
4,1121
1,331
3,801
8,2096
8,3204
7,2147
10,2876
10,2685
10,3223
1,470
1,390
1,570
1,382
1,547
1,539
6,1587
1,406
4,1162
4,1712
9,2917
3,7019
5,1661
10,2876
10,3015
1,483
1,380
1,535
1,399
2,855
1,543
2,610
1,389
1,491
4,1625
4,1505
10,3997
10,2668
4,891
7,2062
1,375
1,373
1,835
1,248
6,2082
10,2808
3,686
1,421
1,354
10,2936
2,650
10,3192
10,3374
4,1607
7,2078
1,386
1,361
1,422
1,363
6,1582
1,396
10,2967
1,437
1,438
4,1144
1,568
10,3259
6,2041
6,2468
6,2010
1,353
10,3483
2,848
1,313
6,2231
5,1769
9,3004
1,432
1,285
6,1500
1,407
7,2472
3,979
9,2477
3,1105
1,323
10,3363
6,2022
1,307
10,2325
4,3862
4,1368
1,377
1,314
9,3221
1,384
3,1453
1,547
9,1903
3,1188
1,275
4,1753
6,1703
1,244
9,1959
10,6095
8,2551
1,294
1,742
10,2192
1,469
10,3348
1,772
6,1604
1,583
1,251
10,3767
10,2469
1,248
4,1065
10,2720
7,2028
3,908
1,458
2,740
1,421
1,393
1,494
6,2182
7,2307
1,362
7,3807
10,2688
9,2456
8,2045
7,1879
6,2135
6,1697
1,305
6,1489
1,252
2,3033
1,440
10,6066
7,1835
1,251
7,2368
10,2947
6,1336
4,1338
5,1656
4,1367
10,3557
1,224
6,1262
1,247
9,3125
2,539
4,901
7,1657
1,243
7,2430
4,1566
6,1849
4,931
6,1957
10,2914
7,2361
1,233
10,3188
1,462
7,5719
1,631
1,231
10,3288
1,384
6,2300
8,4726
8,1833
10,3046
10,3373
6,1951
10,3406
6,2039
4,1447
1,344
7,2546
1,313
1,231
10,3094
6,1433
3,976
4,1439
7,2338
5,1586
3,1303
10,3180
7,1993
6,1988
1,266
1,390
4,1084
1,311
1,245
9,3046
6,1744
3,1066
7,2377
10,3050
4,1005
1,382
10,3236
6,1805
10,3254
1,631
7,2581
6,1648
1,386
1,428
9,2176
3,1095
3,1191
3,941
4,1010
10,3250
7,1910
7,1885
4,1728
10,3378
8,2349
10,3538
10,2602
1,363
1,391
3,1008
2,531
7,2668
3,1317
4,1627
6,2412
7,2095
4,1483
10,3219
7,2563
1,508
6,1906
9,2004
1,369
1,406
3,863
7,1889
1,622
2,729
2,565
7,2540
1,394
6,1888
3,1002
10,3082
1,456
10,3368
8,2144
7,2270
1,460
3,1499
9,2986
7,2490
9,2605
3,775
10,5959
9,2764
10,3135
4,1535
4,1420
1,483
3,1023
3,984
8,2600
1,470
1,606
4,1406
2,956
10,2038
5,1864
5,1763
10,3441
4,1089
7,2511
10,3627
1,716
7,2498
3,793
7,2152
1,260
6,1721
4,883
7,1601
8,2930
10,2867
6,1777
10,2184
3,916
1,616
3,978
1,422
10,3201
1,377
7,1581
1,386
1,491
7,2180
10,2089
10,3426
4,1291
10,3380
3,1077
7,2446
2,609
1,550
1,573
4,1519
1,302
9,2516
1,463
1,375
8,2780
9,2934
10,3164
10,3284
4,1714
3,1039
1,407
1,385
1,385
1,426
10,2571
1,228
10,3049
1,449
1,298
3,777
3,663
7,2632
6,2388
3,1304
9,3016
1,245
10,2195
7,2091
1,289
3,988
1,238
3,750
1,526
1,352
5,1442
9,2104
1,530
10,3561
1,496
9,2194
1,272
9,3283
2,771
1,302
2,892
1,234
3,867
2,556
1,278
10,3369
3,879
8,9039
7,2273
1,471
1,479
1,372
10,3496
7,1908
7,1667
7,2133
1,289
3,757
6,1196
1,388
6,1790
8,2071
2,864
5,1727
1,614
1,612
1,296
3,989
9,3199
1,352
1,343
1,229
1,317
8,1678
1,335
10,3434
3,737
1,661
6,1998
1,279
1,336
1,236
9,2136
10,3247
6,1529
7,2254
1,275
5,1154
6,3824
1,242
10,3327
1,374
1,561
10,3300
1,300
1,408
1,275
8,1943
9,3159
8,2422
10,3753
1,279
2,602
10,3250
1,334
7,2275
1,417
1,500
4,1850
1,250
1,396
1,311
9,2281
3,1280
3,992
9,2588
1,313
6,1225
9,5191
1,417
10,2919
1,255
1,434
1,472
1,325
1,363
1,295
1,374
9,2946
10,2238
7,2984
1,280
9,2414
4,1024
4,915
5,1487
1,285
1,493
1,516
1,272
1,352
1,327
1,481
3,1052
10,3257
3,1180
1,480
10,3244
8,1872
10,2925
10,2344
1,317
1,539
1,350
1,381
1,489
1,453
1,314
8,2750
4,986
8,2627
6,1500
10,3161
2,541
6,1395
4,1120
1,270
1,526
1,636
1,342
1,392
7,2496
1,404
1,508
9,2861
3,989
10,2835
5,1185
4,1025
10,3264
3,1326
1,532
1,581
3,746
1,392
1,304
3,1252
1,366
6,2190
2,563
9,2725
5,1594
10,2392
10,3626
10,2089
1,436
1,554
1,531
1,367
2,764
1,520
2,484
1,290
1,383
4,1300
1,382
10,3030
8,1744
10,2842
9,1998
1,371
1,388
1,584
1,332
7,2391
10,2590
2,772
1,307
1,349
10,3470
3,939
9,1750
4,912
5,2204
10,3152
1,305
1,261
3,1511
1,369
7,2380
6,1990
10,3637
1,317
1,349
5,1889
1,502
10,2862
1,416
4,1428
4,1414
1,287
1,356
4,1583
1,310
9,2746
6,1474
9,2860
1,292
1,363
6,2017
1,639
9,1886
1,348
7,2405
1,353
1,362
2,516
1,461
1,384
10,2489
10,4492
3,1023
1,366
1,399
3,1004
1,772
4,1349
1,355
10,3638
3,1126
1,405
8,2724
4,1707
1,312
9,2784
2,588
8,2483
1,323
1,537
10,3207
1,488
1,585
1,411
7,2456
7,2559
1,343
6,1603
1,565
1,373
3,1035
10,3356
8,1831
5,1693
1,294
10,3429
1,519
5,1476
1,476
5,1578
10,2555
1,337
10,2318
3,1184
9,3216
8,2108
10,2946
6,1937
6,1401
1,259
6,1440
1,392
2,729
1,353
6,2110
7,1451
1,246
10,2397
3,1081
7,2758
3,899
4,2319
2,781
2,585
1,303
5,1182
1,407
9,2137
1,385
10,3215
10,2824
1,263
9,1942
6,2487
7,2097
1,348
4,1055
6,1953
10,2088
1,255
10,3309
1,295
7,1635
2,596
1,439
10,3895
1,639
10,3039
6,2706
7,1476
10,2898
8,3005
7,1616
5,1453
4,1110
4,1286
1,244
10,2771
1,329
3,1001
10,3523
7,1807
10,2111
7,4399
10,3016
6,1452
9,3028
10,2336
10,3097
6,1985
1,278
1,592
10,2432
1,316
1,337
7,2515
7,1865
4,1199
6,2166
9,2517
2,771
3,1271
10,2256
9,2204
10,3234
1,407
9,2595
10,2630
1,250
1,275
3,1064
2,777
1,499
6,2355
3,1093
5,1478
9,2995
10,2323
10,2192
2,503
7,3073
1,491
1,566
1,261
1,251
3,1006
2,1285
3,1207
6,2068
3,762
10,2763
10,6524
4,1528
4,939
10,2305
1,285
10,2670
8,4190
7,2311
1,282
4,1537
9,2328
7,2190
9,4841
3,955
10,3396
10,3475
8,2260
8,1944
10,3487
1,259
6,2216
3,939
8,1895
1,336
1,513
9,2035
3,841
6,1990
1,407
9,2029
10,3250
4,896
1,515
9,2536
1,315
2,1026
7,2471
9,2183
1,483
1,585
3,1165
10,2810
3,1136
6,1483
10,2121
1,525
3,843
7,1842
4,1266
1,405
10,2481
9,2926
7,1419
1,410
1,494
3,755
8,1730
1,261
10,2222
4,1152
1,775
10,2516
3,858
8,2231
1,399
1,381
3,996
10,2573
3,1756
1,505
8,1984
10,3545
1,393
5,1773
5,1835
7,3108
9,2273
2,507
1,538
1,482
10,2237
1,350
10,3180
1,695
1,637
8,2387
10,4610
1,469
2,817
8,2800
10,3520
1,380
10,2165
3,1031
1,266
9,1922
1,3916
3,1057
1,363
1,430
1,389
3,1008
4,1097
10,3427
1,340
1,598
1,318
10,3033
7,2083
1,367
4,1431
1,513
1,550
1,473
1,488
1,366
7,2709
4,1372
10,2750
1,387
1,499
1,282
10,3186
2,778
9,2185
8,2245
1,568
3,1144
2,594
1,472
6,1565
7,2508
2,827
9,2042
1,246
1,535
1,257
3,1132
10,2552
1,416
2,720
1,492
4,1341
7,2328
1,513
2,549
2,816
3,1140
10,3077
1,284
1,554
1,362
7,1818
10,3453
7,1797
7,2135
1,536
3,1223
7,2320
1,550
10,2877
1,599
7,1865
4,1076
1,316
1,635
1,354
8,2548
10,2902
7,1554
10,3372
1,697
1,640
10,2628
3,1176
9,2263
1,580
9,2507
5,1355
1,280
1,606
1,219
10,3010
3,9213
1,409
3,844
1,493
3,1169
9,2890
1,403
10,3172
1,424
10,3386
8,2386
1,235
1,516
1,223
1,540
8,2576
10,3247
10,2614
1,570
1,698
9,2103
3,1081
10,3234
1,602
6,2132
1,585
1,270
1,538
1,226
1,558
7,5970
10,3059
8,2756
1,469
9,3123
8,2770
9,7448
9,1944
1,565
8,2587
3,811
1,381
4,2144
1,383
1,446
10,3248
3,739
10,3692
1,521
6,2213
3,799
6,1923
4,1367
1,443
7,3224
1,295
1,436
4,1341
3,998
1,522
3,1294
9,2782
8,2625
1,554
5,2481
3,756
3,2841
10,3570
1,516
3,882
1,326
1,270
3,935
1,464
1,453
1,515
3,904
3,1093
4,1627
6,2252
1,374
4,27773
8,2140
1,414
1,470
1,703
3,1255
1,335
7,1994
1,383
1,476
10,2423
7,2507
3,1237
8,5753
10,2983
6,2245
1,284
1,379
1,287
1,529
2,917
6,2021
2,474
1,507
1,638
5,1391
2,814
1,405
7,2507
6,1388
7,2438
1,396
1,473
1,321
1,467
7,2263
1,361
4,1406
1,488
1,609
6,1543
1,620
3,1228
1,445
6,2143
1,409
1,289
1,433
1,362
1,385
9,2379
1,443
10,3319
1,491
1,718
2,566
1,569
9,2978
1,435
2,907
5,1685
1,243
1,571
1,284
1,282
10,9034
9,3079
7,2313
2,1017
1,474
10,3152
1,577
9,4856
9,3720
9,2955
6,7659
1,239
3,973
1,252
1,284
10,3262
1,3846
6,1989
1,360
1,752
10,3157
3,1325
7,2362
1,472
10,2548
6,2230
1,264
3,1043
1,288
1,261
7,2834
3,1072
8,2406
4,3792
1,667
5,1577
1,453
1,638
1,528
10,2596
3,1328
1,241
4,1266
1,361
1,324
3,1116
6,2373
3,991
4,1704
4,1449
9,2961
1,606
6,2056
1,481
4,1601
2,649
1,251
3,935
1,327
7,1870
8,6789
7,2178
3,985
1,591
7,2303
5,1236
1,744
6,4883
1,365
4,1773
1,429
1,259
9,3020
1,335
7,2322
1,360
3,1259
4,1564
1,718
1,536
4,1366
1,704
6,1798
1,384
10,3558
1,417
1,240
9,2141
10,2789
9,2994
4,3807
1,623
4,1274
9,3384
1,445
8,1857
1,12032
5,1389
1,349
8,2440
3,953
1,240
6,2214
10,2694
8,1906
3,999
6,1758
2,909
3,1491
3,1298
1,369
5,1826
3,1246
1,354
1,463
4,980
3,1208
7,2547
10,2336
10,2612
6,1862
6,2451
1,317
7,6082
4,14611
1,238
1,339
3,1368
1,371
1,294
6,1729
7,2330
1,658
9,7695
10,3904
1,4536
9,3818
1,343
6,2265
1,457
1,242
4,17983
1,529
1,272
1,264
8,1987
9,2901
6,1974
10,3941
3,1248
9,2578
1,666
3,1318
6,1939
1,360
1,358
9,7618
3,1062
2,637
1,248
7,1718
2,939
5,1806
10,3819
1,331
1,453
1,331
9,4475
1,481
9,4451
5,1326
4,20367
2,1074
2,447
1,266
2,4090
4,1137
6,19527
10,3242
2,977
3,1076
2,555
6,2588
5,1741
6,2219
1,240
1,449
1,524
3,801
1,248
9,2236
10,8538
3,1062
1,422
3,1247
4,21878
4,1242
6,1581
9,2899
6,2206
1,277
1,557
7,1789
10,2345
1,274
7,1766
7,2428
2,1086
10,2243
4,1567
3,1137
3,1244
6,1890
1,371
5,1844
1,688
3,1083
4,1130
6,1520
1,291
6,1938
3,1151
1,584
6,2234
4,4302
7,1826
2,950
6,1686
6,1979
1,404
1,366
10,3321
6,1474
3,652
1,412
4,1173
1,637
1,616
4,1522
1,559
1,689
6,1939
1,337
3,892
6,2252
1,580
6,2252
6,1384
4,1036
1,293
2,789
6,2118
1,462
10,2895
3,1338
6,2263
8,2897
7,24197
2,753
9,2888
1,469
2,965
2,512
2,720
1,291
3,1081
8,3146
4,1100
5,1814
1,6557
6,3192
9,2991
9,3014
1,475
2,861
1,541
1,372
9,2851
7,1492
3,934
8,2440
4,3213
6,2237
9,2514
9,9861
6,1943
8,1903
6,2113
3,1015
3,727
10,2847
6,2009
10,3611
4,1307
2,698
2,691
4,2071
3,637
10,2176
3,1053
6,2203
6,1850
4,1203
6,2131
1,402
7,1619
6,5144
6,1547
7,1612
10,2839
1,437
3,1110
2,849
4,965
7,2375
9,2891
7,2351
1,2032
6,1544
3,965
3,635
9,4189
4,1095
6,1779
8,2035
1,297
1,4442
7,1505
6,1432
6,1961
1,425
8,2826
1,405
2,603
4,1538
8,1744
1,440
4,1046
8,2638
10,2893
1,356
1,4939
9,2219
5,1932
6,2539
1,413
4,1420
1,568
6,1280
6,1715
10,3343
1,316
1,323
3,1114
10,4120
1,355
9,5762
9,2104
1,433
1,509
1,344
2,593
1,406
9,2170
2,669
10,2628
4,1808
1,337
10,2363
7,2340
1,309
3,1312
4,1341
1,434
5,1942
1,478
1,443
1,504
10,3451
7,1763
3,1682
6,1916
1,298
4,1223
8,2862
1,324
10,2547
6,1342
1,252
1,559
1,338
1,315
2,691
7,1763
9,3007
7,2824
2,743
8,2322
6,1694
2,788
1,251
6,2057
7,1900
1,364
6,10571
1,306
1,378
1,309
4,1519
10,2422
2,869
3,1129
1,314
10,2084
9,3070
1,264
1,764
8,2850
1,247
1,1939
1,428
1,329
3,841
4,975
7,2366
3,1242
6,2304
1,260
10,2290
4,1265
1,250
6,2573
3,1026
1,258
1,718
1,512
1,336
1,384
4,1328
6,1446
4,1416
10,3507
1,248
10,3448
3,2212
1,301
1,488
1,438
1,299
1,592
1,274
1,317
1,615
8,2524
4,1687
4,1665
9,2021
1,321
10,4118
4,1227
8,1880
9,3073
1,337
1,301
6,1769
1,322
1,317
1,299
1,520
8,2784
3,1256
6,1610
1,269
3,1235
1,789
10,3407
1,402
1,276
1,251
1,453
3,1082
1,331
1,353
1,414
3,845
1,371
4,1263
1,259
10,3224
3,1211
10,2197
6,1950
1,392
1,319
9,4642
1,253
1,268
1,441
1,266
1,491
1,314
8,2542
1,265
9,3028
1,528
10,3353
6,3184
1,303
1,291
1,488
1,450
1,608
1,314
1,252
10,2697
3,1169
4,1383
8,1804
10,2919
1,569
9,2478
1,511
1,271
10,2785
1,486
1,345
9,2495
6,1833
1,283
1,372
9,3674
7,1954
10,3527
1,360
3,1148
10,3231
6,4213
1,290
10,2659
1,564
2,527
2,880
3,833
1,245
1,372
7,2505
1,482
10,3702
1,401
6,2168
10,3803
1,455
1,241
10,3012
1,450
4,985
10,2487
6,1476
1,299
1,303
6,1887
1,424
9,2181
7,1922
7,2166
1,349
1,322
1,362
10,3564
1,468
2,519
10,3126
7,1601
1,244
1,368
6,2627
1,413
7,2666
1,376
1,398
6,1682
1,262
1,375
10,2339
1,495
6,1353
1,419
9,1870
1,270
1,397
1,334
1,297
10,3151
1,318
1,548
5,1327
1,523
10,2149
10,3328
3,1084
9,2031
10,3484
10,2262
1,340
1,622
1,474
1,339
10,3347
1,407
5,1552
10,3014
1,352
10,2689
10,2716
2,654
8,2079
10,4106
7,2470
7,2135
1,321
6,1925
1,289
2,771
1,297
6,1869
10,3605
1,364
10,2177
10,2447
9,2931
10,3415
8,3518
4,1377
2,706
1,289
6,2204
1,367
1,527
1,304
1,488
9,1952
1,270
7,1992
8,2218
1,478
6,2385
10,3347
3,1303
10,2272
1,305
1,346
1,275
3,1086
1,429
6,2212
10,3277
1,538
10,3159
5,1423
4,1482
8,1890
6,1434
1,496
6,1550
1,474
6,2112
1,533
4,1543
4,1061
9,2957
10,2950
3,887
10,3330
10,3467
6,2216
4,1261
10,2157
10,2649
10,3719
10,3077
1,432
10,3262
4,1756
1,319
1,336
4,912
1,530
10,3359
8,3319
3,1155
10,3309
10,2101
10,2627
3,1035
10,3329
1,501
1,535
6,2480
1,403
1,399
5,1142
1,467
3,839
9,2984
2,824
8,2260
3,1057
9,2234
10,3909
10,3123
9,2914
2,598
6,1863
1,369
6,3663
1,463
2,559
6,1674
10,2238
6,2130
10,3522
9,2727
9,2367
8,2568
9,3015
1,490
8,2107
10,3589
6,2051
1,358
1,564
3,977
4,945
2,559
6,1496
10,3705
10,2257
10,3430
10,2323
9,3169
1,380
10,3221
10,2719
5,1529
1,401
1,453
4,1269
10,2662
5,1070
4,1185
9,3020
10,2256
10,3608
4,1631
10,3343
1,406
10,3549
10,3246
10,2961
1,440
1,397
2,762
10,3332
2,958
7,1680
10,3388
4,877
10,2646
4,1163
1,472
1,417
8,2654
9,1829
10,3237
1,292
1,269
9,2800
5,1483
1,433
8,2578
10,3166
7,2442
9,3124
6,1753
6,1562
2,460
10,3578
6,1397
9,2656
1,257
1,247
8,2102
9,2221
1,598
4,1288
10,2890
1,443
1,368
3,1461
4,923
1,361
10,3803
4,1118
10,2274
2,814
1,328
10,3333
10,2020
1,299
8,1992
2,759
1,530
1,677
10,2964
5,1362
1,404
2,497
1,451
5,1432
3,901
1,412
7,1597
4,984
1,465
10,2406
1,396
1,425
1,494
10,2915
10,3294
3,1216
4,1479
1,273
1,586
1,458
1,312
6,2077
6,1266
1,596
10,3857
1,413
1,274
1,326
9,2510
10,3294
1,515
6,1707
1,236
10,2488
1,356
1,245
8,2499
5,1132
1,666
10,3549
1,277
1,259
1,417
10,3281
9,2806
1,414
10,3394
1,329
10,2212
3,931
1,302
1,454
1,332
1,482
9,2886
1,523
1,363
10,2400
4,1468
10,2262
1,507
10,2731
1,347
2,1028
4,1046
1,265
8,2232
1,487
1,614
10,6241
1,380
1,287
1,352
6,1329
4,958
2,718
9,2492
1,233
10,3344
2,514
9,2115
10,3034
1,276
1,658
10,3821
1,367
1,363
1,292
7,1833
6,1466
3,1126
5,1944
1,270
10,4015
7,1971
10,2417
9,3402
1,267
1,357
10,2623
1,405
1,323
1,275
1,635
5,1576
8,2527
10,3388
1,238
10,2975
9,2779
10,2050
10,3888
1,251
1,590
2,696
1,243
1,254
1,256
1,393
1,522
8,1621
6,1700
1,233
10,2415
10,2193
10,3311
9,2744
1,229
2,635
1,535
1,234
1,505
1,234
1,266
1,340
7,1652
4,1007
1,224
10,3398
7,2151
10,2161
10,7220
1,246
8,2262
1,417
1,231
10,2475
1,279
1,367
10,2187
8,1718
1,432
1,230
1,596
6,1268
10,2862
10,3915
1,271
2,583
1,434
1,230
1,419
1,422
1,357
1,258
9,2437
5,1167
8,1726
1,298
8,1868
10,3459
10,2693
1,367
1,539
1,425
6,2075
10,2981
6,1501
1,343
1,252
7,1847
1,490
10,3360
1,396
3,973
8,2633
2,671
1,281
10,4028
1,524
3,1035
10,2579
4,917
1,382
1,228
2,864
1,678
10,2833
8,1773
10,3706
8,2443
1,516
1,242
8,2760
6,1943
10,2099
10,3124
5,1757
1,345
1,248
3,1170
1,431
7,1828
1,233
1,387
10,2506
1,423
10,2375
9,3261
1,277
10,3379
9,3180
10,2371
1,295
1,249
8,1826
1,362
10,2140
1,352
10,2332
10,3359
1,295
10,3104
8,2878
1,638
9,2257
10,2623
10,2432
1,327
1,296
10,3447
1,245
10,2284
1,346
10,2114
10,2239
1,336
10,2741
2,845
1,436
10,2807
10,3193
4,969
1,661
1,315
9,3369
1,348
10,2617
1,236
10,2522
9,2703
1,307
10,2741
8,3069
1,538
4,1363
8,1907
6,1399
7,1685
1,237
7,2723
1,259
2,596
1,239
9,2945
10,2541
1,274
8,2500
9,3253
1,468
7,1551
10,2083
5,1196
1,330
1,283
10,3863
1,299
3,899
1,349
10,2792
2,605
1,247
10,2827
1,322
1,533
1,382
10,2258
10,3633
10,2359
10,2991
10,4908
1,315
8,1919
5,1130
9,2666
2,813
1,248
10,3280
2,640
4,1619
10,2800
6,1399
10,2886
7,2295
10,3420
10,6784
10,2267
5,1301
1,299
10,3131
1,3529
1,361
2,546
10,2582
10,2533
8,1721
9,2594
10,3224
10,3082
10,3212
10,3203
1,697
8,2375
5,1189
1,450
1,551
1,362
8,2632
4,1597
10,3084
10,3485
10,2251
10,2672
3,1047
10,2144
2,476
1,406
2,685
10,3157
1,313
1,441
1,280
6,1553
2,707
5,1623
10,3781
10,2216
10,2992
10,2516
10,3063
1,458
8,1774
10,2694
8,2732
1,288
1,493
6,1756
10,2091
10,3574
9,2778
10,3518
2,536
10,2980
9,3092
10,2872
1,303
10,3111
10,2562
10,3198
1,274
1,336
10,2174
10,3161
6,1863
10,3758
10,2713
1,409
10,6026
10,3379
8,1925
1,243
10,2422
10,2457
9,2077
1,266
1,522
4,827
9,2703
6,2144
5,1655
10,3316
4,1511
10,3038
3,1089
5,1098
1,367
9,2522
9,2267
10,2247
1,285
1,417
3,638
9,2400
10,2269
1,325
10,2808
1,474
1,789
5,1231
8,2607
1,438
10,2393
2,496
2,930
1,240
1,357
10,3320
10,2011
6,1352
8,1895
2,480
1,524
1,269
8,2078
10,3136
1,385
10,2660
5,1540
1,531
1,351
1,426
9,2127
2,443
8,1742
10,1980
1,653
1,387
1,281
6,1436
10,2910
3,694
2,495
1,548
8,2760
1,290
1,345
4,918
4,2010
4,1251
10,3345
1,422
1,478
1,367
10,2510
9,2817
1,255
5,2168
1,505
4,1486
1,297
5,1351
6,1414
1,678
4,962
10,3354
1,337
1,471
10,2795
10,2954
10,2195
1,363
8,2077
1,577
3,1751
1,312
1,329
7,1397
1,542
1,601
10,2739
1,239
1,460
1,267
9,3223
2,553
1,286
10,3142
1,425
1,640
6,2258
8,1949
1,368
1,667
1,384
10,3232
1,232
1,404
1,243
10,3006
5,1779
1,269
10,2755
1,650
3,910
3,1094
2,608
8,1731
1,642
1,252
10,3089
1,269
1,425
1,228
2,5538
2,900
1,258
9,3027
1,464
9,3351
5,2316
9,3087
10,3384
1,688
1,234
10,2615
1,532
1,284
1,220
5,7955
1,582
9,2093
9,3437
1,396
1,636
10,2623
5,1436
10,3497
1,684
1,261
2,434
1,441
1,486
1,233
4,1661
2,1051
6,1403
10,3152
1,639
10,3663
9,2000
1,342
10,3047
1,568
1,269
1,577
1,508
1,454
1,382
1,737
1,335
10,2985
5,1338
1,621
2,870
10,2461
5,1734
10,2886
1,353
1,252
1,272
1,276
8,2027
8,2166
1,967
1,609
5,2012
2,2562
1,549
1,463
4,1019
9,2042
10,3194
1,490
1,335
1,314
8,1960
2,703
5,1039
1,3249
1,555
1,434
1,663
1,540
1,564
7,1679
2,770
10,3328
1,380
1,340
1,262
5,1181
9,3086
8,1850
1,611
1,487
10,2814
1,475
2,769
6,2263
5,1317
8,2677
10,3176
1,358
1,258
1,282
10,2564
9,3167
10,8771
1,526
1,452
10,2958
1,17636
9,3122
9,3000
1,328
1,355
2,593
10,3206
10,2564
1,567
10,3147
10,3356
10,2354
1,338
1,585
4,872
3,1189
3,955
1,528
10,2215
5,1672
1,505
1,333
10,2655
8,2121
9,2232
5,1756
2,513
1,409
1,381
5,1159
1,586
5,1788
1,620
10,3085
9,2730
1,237
8,2760
10,2164
1,465
10,2126
9,2396
5,1845
1,421
1,771
9,1911
1,429
3,972
1,403
10,3287
1,326
1,273
2,723
10,3941
1,357
2,528
2,808
2,1066
3,734
1,499
10,2019
1,490
1,470
7,1546
10,2090
4,1197
1,294
9,2940
10,4068
1,392
5,1005
8,2686
8,2028
1,293
1,487
10,3081
1,287
10,3356
7,2195
10,2873
6,1977
1,253
3,2988
10,3671
1,450
1,448
1,513
2,706
1,310
8,2415
10,3545
1,242
8,4394
1,676
10,2954
10,2968
1,267
1,709
10,8604
2,697
8,2632
1,523
3,690
1,418
8,2610
7,1989
1,335
1,630
1,513
10,2533
10,3257
1,224
9,8986
9,3081
10,2580
2,1061
5,1701
1,690
8,2159
9,2252
10,2916
1,236
7,2039
2,520
10,3184
10,2942
1,239
2,801
1,467
10,2840
2,678
4,1157
9,2972
9,3018
5,1950
10,2433
1,1310
7,1889
9,2026
1,412
6,1874
1,231
8,5880
6,2832
9,2919
9,3060
6,1522
9,3028
4,1731
1,523
10,2526
1,276
5,1209
1,506
1,255
10,2691
1,238
1,483
1,507
9,2880
3,1065
10,2371
4,1404
1,334
4,1419
1,290
8,2791
9,3289
1,462
1,238
6,2196
8,2118
7,2606
6,1778
10,2870
1,333
4,1242
10,7608
7,9657
10,3287
1,319
2,776
6,1785
1,256
1,242
4,1063
5,1684
9,2934
4,1500
1,505
10,3519
6,2251
2,794
5,1758
2,1033
1,364
7,2329
2,865
1,334
1,278
4,1018
10,2803
1,374
4,1363
1,535
8,2375
10,3388
7,2213
10,3602
1,611
1,297
9,2330
4,942
8,2263
1,226
5,1517
6,1205
4,1164
7,3039
8,2722
9,9494
10,2458
8,5476
2,990
5,1985
1,374
5,1991
4,970
10,2609
1,249
1,519
10,2328
10,2200
9,3217
2,652
8,2613
6,1711
1,439
1,581
9,3242
1,374
9,3214
10,3633
6,1577
1,230
1,337
9,2306
10,2166
4,1492
9,3324
1,478
4,1103
1,574
6,2203
6,2249
1,250
10,3634
10,3392
10,2772
1,370
1,393
2,506
6,1906
4,2153
3,1177
7,2168
6,1826
9,2853
9,13705
4,1285
1,280
2,923
10,3622
6,1780
1,261
1,411
5,4063
10,3292
3,1088
5,1824
9,3958
4,1205
1,421
5,3791
2,697
1,290
8,5286
6,1345
10,2311
8,2275
1,464
4,1369
6,1216
6,10648
1,396
1,314
1,588
6,2093
2,669
6,2399
1,294
1,558
6,1794
4,1457
5,1174
1,265
1,667
10,2041
1,373
10,3663
1,312
1,298
1,686
4,1024
10,3179
3,975
1,608
8,2881
4,1316
9,3002
1,356
2,837
6,1316
6,15124
9,2962
2,993
1,320
10,2830
4,1710
10,3001
1,354
5,1693
1,513
10,2929
10,2963
1,257
8,2564
4,927
1,406
2,805
1,759
1,310
1,379
10,2819
6,1892
9,1917
2,849
1,335
9,3281
9,2175
1,340
9,7891
4,1100
1,491
8,2643
1,402
1,307
1,301
10,2441
10,2263
8,1798
4,1027
1,262
10,3626
10,2393
1,275
8,2808
1,351
1,438
1,581
1,602
1,300
1,356
6,1919
6,2081
10,2101
10,3470
1,299
3,1293
2,665
5,1361
1,343
1,312
1,415
1,454
1,429
1,266
1,290
10,2758
8,2035
8,2440
10,2272
1,270
10,4127
5,1477
10,2877
4,1218
1,250
1,456
1,338
1,497
1,397
1,350
6,1407
4,874
1,450
6,2037
4,849
10,4161
1,553
10,2780
9,2912
1,240
1,649
5,1444
1,627
1,377
1,260
8,1707
4,1387
10,3024
6,2057
1,230
10,19426
1,570
10,22610
10,3292
1,252
1,510
7,2076
1,422
1,575
1,285
6,1303
1,417
10,2142
10,3416
1,259
10,26392
9,3238
10,20076
8,2509
1,302
1,415
1,458
1,274
10,2395
1,281
4,965
1,313
2,519
8,2049
1,257
7,2504
8,1986
10,17649
2,1007
1,283
1,525
1,393
1,286
5,1311
4,1398
1,313
10,2166
2,978
6,1328
1,286
1,689
2,994
10,9890
1,692
1,231
10,2648
4,1161
4,990
10,3339
2,553
1,265
1,358
8,1987
4,1219
1,263
1,375
3,820
1,486
1,638
1,239
10,2486
9,2847
2,617
10,2663
6,2197
1,303
1,343
2,557
4,1400
10,2815
1,557
1,455
4,1411
6,2188
1,234
10,2291
1,409
5,1658
10,3974
10,3362
1,348
1,386
9,3042
1,430
10,3316
1,618
1,626
6,1997
9,2834
10,2152
10,2374
1,484
10,2536
5,1907
10,2175
1,267
1,370
1,328
1,239
10,3643
1,732
9,3280
9,7327
1,572
10,2305
10,2301
1,535
6,2206
10,13227
6,1283
1,336
1,294
3,4445
1,337
6,6182
6,2650
4,1525
4,1370
2,757
10,3163
10,2126
1,249
10,2177
10,20052
8,2098
1,350
1,264
3,1044
1,407
10,3224
1,412
10,7841
7,2209
1,1895
10,3508
10,2541
1,387
6,1211
1,401
4,1144
1,369
1,281
8,7521
1,411
10,3203
1,495
2,1035
10,3223
1,483
7,2266
10,2568
1,387
8,2142
6,1578
5,1743
1,353
1,281
10,2403
1,314
10,3156
1,498
1,518
9,2289
1,561
10,3065
7,1951
1,346
5,1402
6,2452
10,3311
1,345
5,1650
2,711
1,418
4,1470
1,491
1,438
4,1439
1,322
10,3198
10,2930
6,1921
4,1416
4,1834
10,3263
6,1542
10,2584
1,628
1,274
4,1780
1,540
8,2626
6,1982
1,320
3,1303
10,2238
10,2279
10,2951
4,1544
7,2604
5,1274
5,1893
8,2747
1,369
1,443
1,413
1,369
1,542
1,274
1,349
10,3125
10,2199
10,2930
6,2216
10,7326
10,2329
10,3312
1,455
7,1574
6,6726
4,1157
7,2671
3,1082
1,344
6,2459
10,2317
6,1314
10,9431
10,3002
10,3255
4,877
10,3618
1,495
1,293
9,2862
6,2149
1,465
6,2699
1,333
9,2905
10,3193
5,1101
10,3040
9,3272
5,1689
10,4315
10,21244
1,468
5,1148
6,1913
9,6659
1,504
4,1468
1,279
4,1020
3,773
10,3235
10,2891
4,1496
10,3227
5,1668
10,18053
1,315
10,2850
6,11527
4,1461
1,477
1,474
4,1237
10,3200
1,527
4,1263
10,15695
4,1268
10,14418
10,4437
1,440
1,413
10,3368
6,5817
4,3841
1,472
1,520
5,1237
4,1084
1,259
5,1186
10,10817
6,2247
3,1143
10,3352
5,1728
7,2214
3,1203
4,1476
7,2459
1,319
1,335
2,457
6,1582
1,262
10,2270
10,12959
6,1349
1,586
9,13024
4,1387
7,2304
10,3353
9,3107
4,951
1,482
1,373
4,1008
9,2027
1,235
10,4092
1,665
4,1475
6,2240
1,480
6,2001
9,2604
10,3263
4,1004
1,441
9,2101
1,428
10,2948
4,942
1,217
10,14290
1,728
1,434
1,766
1,436
4,1369
2,772
5,2211
4,1087
6,1765
1,335
1,331
6,1636
1,362
1,313
10,3764
1,520
1,390
1,548
6,2085
7,2338
1,402
10,3209
1,559
6,2037
6,1479
1,689
6,1430
6,1723
1,359
10,3114
1,456
1,372
1,543
9,2336
9,7112
1,470
1,487
1,592
3,1119
1,430
1,433
5,1178
4,1095
1,480
10,3441
1,465
1,694
1,462
5,2090
9,3145
1,423
6,2040
1,654
10,2378
4,1035
1,382
8,2117
1,356
1,248
10,3613
1,453
1,427
1,533
4,1738
5,1282
1,418
6,2031
4,1512
10,2609
2,496
1,399
6,1245
1,277
1,300
10,5910
1,545
1,432
1,400
9,3309
4,1092
1,333
9,2781
1,404
10,2993
6,2318
6,1342
4,964
6,1596
1,440
1,470
1,532
1,528
1,306
4,1421
6,1771
6,1420
6,1803
6,2292
10,3283
10,3361
10,3008
5,1262
1,276
10,3415
1,444
1,410
1,527
1,308
9,2915
1,439
5,1341
4,1290
1,403
10,3279
6,1409
10,2397
10,2085
1,299
10,2807
1,481
1,537
1,366
1,398
4,1406
3,842
4,890
4,1502
1,446
10,2075
10,3286
10,2312
10,2583
1,278
10,2117
1,449
1,485
1,479
1,352
1,401
6,1401
6,1637
9,2034
1,372
10,3017
6,2229
10,2989
10,3220
1,254
10,3411
1,502
5,1779
10,2183
4,1476
1,458
1,500
4,1047
4,875
1,390
10,2150
8,1988
10,2062
10,7335
1,372
10,2054
1,445
6,2171
4,1404
6,2020
6,1965
1,439
10,2894
4,1041
1,467
1,434
4,1242
10,2394
10,3164
1,308
9,2929
1,460
6,2037
10,2546
4,2525
5,1561
1,265
10,2672
1,536
1,370
1,277
4,1006
7,1505
10,3682
1,264
10,3068
1,472
4,1337
10,2577
9,4936
6,1861
10,2296
5,1046
4,1521
1,512
1,309
10,2492
10,2855
5,5416
1,323
10,2542
1,529
6,2040
10,2579
7,2257
1,495
1,335
6,1186
6,1849
10,2524
1,284
5,1331
10,3294
10,7770
10,2161
9,2152
1,503
9,3081
6,1418
9,2218
1,296
1,455
4,1552
6,1330
10,3514
1,260
10,2041
10,3167
1,600
10,2000
10,2051
1,1416
5,1690
10,2532
4,1650
1,281
1,274
10,2075
1,662
10,3273
1,329
10,2836
10,2469
1,618
10,2644
10,2420
9,2253
4,1182
10,2578
6,3084
1,307
1,394
10,2469
1,381
10,3396
1,374
7,6447
10,3577
1,487
10,3306
10,2808
6,2151
4,1560
7,1600
1,545
1,390
1,311
6,9197
1,497
10,3021
1,398
10,3458
10,2987
1,504
10,2825
10,3183
9,3300
6,2202
10,2201
3,1282
1,604
1,357
10,3455
1,433
10,4183
1,343
10,3784
3,814
1,473
10,2940
10,2817
4,1641
4,3612
10,1994
4,1147
1,558
1,242
10,3141
1,554
10,2191
1,318
5,2138
7,1700
1,555
10,2353
1,262
4,1613
10,2665
10,3301
10,3357
1,326
4,1005
10,3055
1,391
10,2217
10,2244
10,19758
1,354
1,532
7,1757
1,399
6,5502
10,2517
10,3318
10,2267
1,390
10,2408
10,7297
1,260
7,2443
10,2479
1,560
1,382
1,499
10,2783
1,590
4,1250
10,2410
10,2862
10,3454
1,289
10,3531
10,14314
1,282
10,2007
10,2239
1,557
1,278
1,463
10,2361
1,312
1,398
10,2930
10,3073
10,3264
10,2137
10,3010
1,532
1,373
10,2114
10,2825
1,523
1,234
1,465
10,2708
1,358
6,1658
10,3519
3,793
10,3003
4,847
10,3239
4,1782
1,398
10,2334
10,2371
3,1068
1,299
1,511
10,3071
1,261
4,1772
10,2181
1,416
6,1484
10,2899
6,1579
1,366
10,2272
10,2814
10,2279
1,400
1,378
5,1722
10,3329
1,292
6,2184
10,2907
1,573
10,2625
10,2451
10,2508
1,450
4,1138
10,2086
1,542
1,434
1,337
6,2036
10,2327
1,331
10,3342
10,2281
1,373
10,2435
10,2372
7,1615
1,507
10,2383
3,837
1,613
1,717
1,324
4,1438
3,959
1,407
10,3430
1,510
1,305
1,354
10,3487
10,2813
1,447
10,2458
1,420
9,2231
1,653
1,276
6,1755
1,384
1,358
10,3136
1,492
1,270
1,281
6,1570
10,2182
1,379
10,2173
1,332
10,2458
1,419
1,293
4,1611
1,251
1,357
10,3055
1,464
1,326
1,589
10,3188
10,3082
1,729
6,1423
1,232
10,2426
1,669
3,746
9,3160
1,244
2,645
10,2998
1,328
1,379
1,286
7,1697
10,2601
1,559
10,3388
1,357
10,3301
1,26684
10,2384
5,1825
1,347
2,602
10,2213
1,287
1,333
10,2861
10,3321
10,2229
1,668
10,3106
1,339
10,3190
1,594
10,2101
4,1569
1,295
2,613
10,2917
1,280
1,263
1,253
10,2336
10,3116
1,665
7,1627
1,241
10,3130
6,2014
10,2278
4,1366
1,296
8,2208
10,2577
1,289
1,272
1,272
10,2183
3,750
4,1612
10,3028
1,254
10,2733
4,1437
10,2163
6,2413
1,360
10,2933
1,436
1,243
10,2264
1,231
10,3094
1,378
5,1481
10,2384
1,265
9,2232
6,1814
10,2425
6,2303
1,384
10,2139
1,368
1,319
7,1485
1,444
10,2395
1,311
1,530
10,2363
1,230
1,413
4,983
10,3301
4,1058
1,372
10,5202
1,299
1,406
1,377
1,279
10,3321
1,328
4,1666
10,3112
1,231
1,284
7,2746
9,2222
10,3229
1,267
10,2775
1,281
7,1744
10,2871
1,234
3,748
1,262
6,1347
10,2356
1,369
1,299
9,2930
10,3057
10,2581
1,309
8,1678
1,251
10,3144
10,2473
7,1608
1,346
1,313
6,1324
10,3132
10,2180
1,273
4,1065
10,5417
10,3091
9,2104
8,2274
1,387
10,2076
10,3257
10,2384
1,244
1,283
10,7506
3,780
10,3636
1,263
4,1021
10,5970
10,3311
10,2131
10,2490
1,288
10,2978
3,726
10,3187
1,241
10,2741
5,1931
1,535
10,3275
1,361
6,1957
10,3721
6,2129
10,2086
10,2578
1,353
10,3391
9,2560
10,2879
1,275
1,337
9,2951
1,372
10,3342
1,294
3,1483
10,2280
10,4426
10,3514
10,2286
1,584
10,2194
10,2846
10,3439
1,231
1,325
6,1740
1,284
10,3369
1,256
6,2440
10,2259
10,2313
10,3406
10,2601
7,1937
3,788
9,3047
3,856
1,323
1,325
4,1490
1,259
10,2736
1,250
10,3012
1,403
10,3284
10,3264
10,2404
1,327
10,2847
10,1961
1,436
1,363
1,232
10,2479
1,233
9,1961
1,449
4,1232
9,3043
1,514
10,3281
10,3815
3,970
1,378
10,2147
7,1607
1,377
1,259
10,3355
1,509
10,2198
10,2263
10,2176
1,298
1,288
9,2123
10,3370
10,2672
10,3052
10,3560
1,393
1,387
7,1615
10,2688
1,311
9,2157
10,2338
10,2607
1,260
1,285
10,2913
1,497
10,2566
10,3237
10,3251
10,2900
1,356
1,390
10,3116
1,360
10,2148
10,3219
10,2914
1,360
1,275
10,2389
1,359
10,3878
10,2785
10,5390
9,2184
1,372
9,2418
10,3074
1,390
10,2936
10,2944
10,2238
1,293
1,311
10,3163
1,338
10,3004
10,3403
10,3080
10,3199
10,2323
10,3222
10,2507
1,307
10,3468
10,3134
6,1432
1,245
1,258
10,1988
1,267
10,2080
10,2219
1,498
10,2726
7,1488
10,3340
10,2109
10,2353
10,3271
10,3371
10,2935
1,304
1,284
10,2816
1,369
1,758
9,2198
1,407
10,3287
1,389
10,3113
10,2760
7,1674
10,2699
3,785
10,2382
1,292
1,325
10,2051
1,469
10,2275
10,2275
1,385
3,694
9,3336
3,740
1,335
1,414
1,295
1,368
1,369
1,278
1,274
1,257
1,265
10,3332
1,474
1,284
9,1875
10,2563
9,1986
1,230
10,2305
1,368
2,559
1,260
1,380
1,269
1,369
1,311
10,2713
1,276
1,279
10,2432
10,3106
9,2083
1,351
10,2597
1,236
7,1957
1,243
1,400
7,1757
1,232
1,256
10,3134
1,297
1,235
1,465
10,3703
10,2306
1,230
10,3206
1,285
10,2364
1,258
2,614
10,2115
1,228
1,248
10,3268
1,258
1,252
1,289
3,813
10,3492
1,234
3,782
1,496
10,3139
1,256
1,360
10,3543
1,283
6,1402
10,3309
1,255
1,327
1,302
9,2957
10,3230
1,234
9,2781
1,240
9,2514
1,483
1,292
10,3360
1,249
4,1183
9,2091
1,293
1,625
1,270
9,2239
10,6590
1,242
10,2025
1,251
10,3054
1,322
2,593
10,2528
1,299
5,1341
10,2157
1,312
1,357
1,298
10,2700
10,3227
1,232
9,2003
1,229
10,2878
1,374
8,1626
10,3486
1,257
4,1040
1,293
1,253
1,394
10,2256
10,3153
10,2843
1,227
10,2381
1,249
10,2865
1,305
10,2856
3,1070
1,230
10,2163
1,288
1,229
2,702
1,234
10,2738
1,383
1,236
10,2061
1,235
8,1720
1,310
9,3355
1,690
1,238
10,2275
1,247
1,237
10,2261
1,293
10,2483
1,509
10,2191
10,2841
1,230
1,378
7,1605
10,2565
7,1667
1,294
10,3074
1,286
9,2289
9,1986
1,248
10,2206
1,376
10,1920
10,3059
1,404
1,302
10,2257
10,2126
1,511
2,508
10,2127
1,243
10,2120
2,537
1,242
10,2863
1,292
7,1455
10,2949
2,636
1,267
10,3249
8,2493
9,2674
2,770
6,1214
1,261
10,2504
2,449
1,224
1,349
1,318
10,2864
10,3589
10,2501
1,254
10,3443
10,2297
10,2142
1,424
1,558
1,246
10,3682
8,2032
9,1853
1,512
1,277
10,3147
1,402
10,2378
1,286
10,2191
10,2822
10,3016
8,1760
5,1476
1,302
10,3318
10,2654
10,2134
1,276
1,333
10,6313
1,490
9,3192
1,269
10,2146
10,3159
10,2628
2,774
9,2082
1,261
10,2060
10,2612
10,3322
1,238
1,323
3,795
1,315
10,3894
1,265
3,750
10,3076
10,3012
8,1843
9,3151
1,322
1,263
1,440
10,3142
1,370
1,356
1,469
1,610
10,3098
1,261
10,2260
10,2606
3,1038
10,2761
10,3063
9,2241
2,818
8,1844
10,2502
1,234
10,2317
1,335
1,304
10,2978
1,257
7,1459
10,2609
10,3251
9,2072
10,2441
1,436
8,1971
8,2048
1,377
1,234
1,240
9,2089
1,365
8,2566
1,241
1,330
10,3145
9,3457
10,2349
10,2599
10,2027
1,372
10,2094
3,880
1,244
3,663
10,1991
1,406
10,2360
10,2472
10,2267
9,2606
1,397
10,2191
10,2960
10,2296
2,553
10,2528
1,380
1,235
1,232
10,2683
1,312
10,2275
10,2404
10,3139
1,257
1,455
8,2214
10,2928
10,3162
2,519
10,1973
9,1914
1,234
1,467
10,2940
1,246
10,2209
10,2238
10,2115
1,227
1,267
10,2784
1,372
10,3185
10,2692
10,2836
2,552
1,222
9,1960
10,2514
1,251
10,2047
10,3184
10,3260
1,294
1,266
10,2192
1,407
10,2474
9,1980
10,2503
2,442
3,899
2,507
10,2895
1,512
10,3559
10,3374
3,662
1,342
1,405
10,2222
1,259
2,684
10,3227
10,2871
7,2069
1,441
7,2299
10,3187
2,794
10,3051
10,2319
9,2083
1,360
1,306
10,2455
1,256
2,773
10,2630
10,2826
10,2562
10,2446
9,3022
9,2854
10,2357
10,3250
6,1477
10,1978
1,294
1,273
10,3484
1,398
8,2127
10,2310
1,341
10,2594
9,2272
10,2030
1,340
9,2016
1,385
2,541
1,382
1,263
1,255
10,2294
1,358
2,434
8,1932
1,380
10,3202
2,564
10,3440
1,262
2,657
1,262
4,1042
1,257
1,232
1,284
10,2033
1,274
10,3027
8,2835
1,303
9,2535
7,2229
1,302
1,238
2,615
1,226
4,986
1,225
1,390
1,318
1,537
1,535
10,3247
1,453
1,241
1,421
9,2932
8,1757
1,243
8,2101
1,248
4,1108
1,229
1,336
9,2101
1,284
1,343
10,3159
1,304
1,247
8,1814
10,3303
10,3510
1,254
10,3037
1,236
8,1712
1,287
6,1849
10,3232
1,329
1,578
10,3364
1,275
1,325
8,2056
10,2780
10,2808
1,438
10,2453
1,232
10,2241
1,236
1,405
10,3336
1,274
1,276
10,3452
1,282
1,295
1,339
1,460
10,2377
1,352
1,404
1,718
10,2634
1,293
4,1088
10,2275
1,273
7,1580
8,2060
1,233
1,245
1,267
8,2443
10,2450
1,370
8,2486
1,289
6,1991
1,258
5,1248
10,3192
1,346
6,1457
8,1950
1,281
1,423
1,338
10,2718
10,3461
1,294
8,1989
1,243
10,3222
1,262
4,849
10,2626
1,280
7,1573
1,330
1,245
1,269
1,245
10,2082
10,3298
1,241
10,2235
1,278
10,3679
1,358
10,2426
1,335
1,236
3,845
1,282
1,223
6,1413
1,241
10,2596
10,2093
10,2188
10,2252
2,576
6,1658
9,1945
6,1637
3,828
1,271
10,2652
1,289
1,236
10,2386
1,298
10,2319
1,352
10,2003
10,2026
4,1430
1,460
10,3013
10,2785
1,507
1,262
10,3035
1,362
1,318
4,935
10,2381
10,3136
1,240
9,1746
10,2535
4,1097
1,303
10,2167
10,2342
9,1846
4,1061
10,5065
1,275
10,2411
9,1835
1,281
10,2847
1,230
10,2115
10,4660
10,2439
1,357
10,3332
5,1875
2,589
6,1857
10,2398
1,587
10,2618
4,925
1,233
10,3467
1,258
10,2818
10,3523
8,2040
1,356
10,3159
1,478
2,420
4,996
4,857
1,271
10,2096
5,1138
1,232
1,578
1,249
10,3098
10,3022
6,1361
1,357
10,3967
9,2820
7,1772
6,1816
2,799
1,265
10,3433
4,891
1,239
1,270
1,268
1,291
1,443
10,2491
1,411
1,390
10,3418
10,2457
5,1252
3,813
1,384
10,2947
10,2051
10,2237
1,236
1,226
3,1103
1,240
10,3436
1,864
1,353
10,7076
9,3338
4,912
8,1842
1,671
10,3323
6,1863
10,2152
1,239
1,227
2,566
1,283
10,2868
1,268
2,664
10,3138
10,2819
10,2274
9,2143
10,2352
6,1588
1,351
10,2868
1,586
1,363
7,1415
1,346
6,1455
1,263
9,2028
9,2864
1,442
6,2136
10,2133
10,2332
4,1294
6,1841
10,5404
1,345
1,265
10,2113
1,317
10,2580
1,401
9,2240
10,3323
10,3360
10,2916
10,3689
10,2430
2,763
5,1502
10,3003
1,254
10,2107
10,2363
1,238
1,277
10,2415
2,699
10,2142
8,2216
10,3015
10,3350
10,3409
4,1391
8,2324
6,1410
1,245
6,1471
10,2267
1,245
8,2848
1,349
2,560
1,284
8,2275
5,1334
10,3068
10,3379
4,1069
10,2189
4,959
1,267
4,1493
10,3140
1,332
10,2250
10,2334
8,2075
10,2795
1,1713
1,362
10,3088
10,3723
5,1388
10,2054
9,1797
1,234
9,1888
10,2662
1,278
10,2088
9,2258
10,2747
1,267
1,409
9,2644
1,517
6,1587
10,2356
10,3520
4,895
6,2123
4,1108
10,3216
1,260
9,2997
10,2339
10,2060
1,323
1,346
10,2256
1,543
2,837
8,1910
10,3396
5,1046
4,1044
4,1051
8,2055
6,1605
10,3720
10,3326
10,2628
1,256
1,400
9,2066
1,266
4,1035
6,2270
10,3710
4,912
10,2717
6,2070
1,319
10,2163
10,2584
10,2361
1,275
1,239
1,382
10,3253
1,255
4,1164
10,2849
10,3263
10,2306
9,1936
10,2707
1,354
4,1163
2,544
7,1594
8,1697
1,237
1,280
10,2359
1,301
4,1045
10,2063
2,574
10,2156
4,942
10,2642
1,354
9,2059
1,315
2,541
1,301
1,237
1,251
10,3203
1,317
5,1039
6,1258
1,502
10,2237
4,1362
1,374
1,329
4,1169
1,230
6,1348
8,2275
1,256
1,259
10,2082
1,303
10,2195
5,1818
1,302
6,1699
6,2004
6,1585
1,332
5,1105
1,259
8,2174
1,260
1,335
1,262
1,341
1,291
8,1994
1,439
1,369
1,292
10,3016
1,337
1,337
4,965
1,246
3,822
1,384
1,303
1,291
1,485
1,288
10,2770
1,262
1,294
6,1468
10,2236
9,2395
1,257
10,2145
1,231
8,2496
1,354
1,298
10,2248
1,277
1,305
6,2207
1,258
1,298
5,1500
1,458
10,2213
1,292
6,1612
1,257
10,2547
1,429
7,1969
10,3200
1,257
1,249
10,2855
1,299
1,242
1,415
6,1343
10,2115
1,421
1,395
1,218
10,3739
1,257
6,1360
10,2349
1,317
10,2360
6,1395
1,273
1,245
1,312
1,336
10,2248
1,321
6,1547
1,412
4,1587
1,267
7,1534
10,2473
1,247
2,597
5,1384
1,276
1,484
1,266
9,1869
9,1925
10,2147
5,1221
1,355
10,3060
1,289
3,718
10,2154
1,310
8,1999
1,550
1,265
1,349
1,364
10,2820
10,2140
10,1965
1,655
1,605
10,2723
1,300
10,2230
10,3116
1,361
8,2410
1,391
1,353
1,338
1,243
10,3190
10,3242
10,1989
9,2027
2,769
2,629
1,243
4,1181
6,1630
1,337
10,2809
1,368
1,257
7,2151
1,279
9,2904
1,360
10,3305
10,3252
6,1613
1,396
10,3275
10,2092
4,1113
1,270
8,2645
1,256
1,267
10,2572
1,233
10,3049
1,459
10,2787
10,2145
7,2138
1,334
10,2334
10,2504
9,1950
1,236
10,2297
1,315
9,2898
5,1108
1,529
10,3402
1,283
10,3292
9,2838
10,2947
1,417
10,2373
3,769
4,960
7,1669
10,2087
1,263
10,3054
10,2095
1,340
10,2199
1,254
6,1654
10,3406
8,1880
1,247
10,3396
2,654
5,1230
7,1954
2,458
1,354
10,2054
7,1658
10,2334
1,373
1,353
2,577
10,3802
4,1530
1,340
10,3090
9,1968
4,938
6,1325
2,850
1,345
10,2444
7,1597
1,261
1,503
1,240
4,976
10,7155
10,2892
1,559
10,2508
10,2498
10,2443
3,733
2,729
1,307
10,3270
3,696
1,327
1,394
1,344
4,933
1,549
10,3263
1,375
4,1046
10,3278
6,1460
6,1415
8,1962
8,1851
10,3502
10,2185
8,1799
1,367
1,242
4,1144
1,515
10,3110
1,394
6,1776
8,2239
1,306
3,681
10,2303
1,346
1,360
5,1832
10,2254
1,342
1,262
10,2185
1,289
3,1280
1,360
6,2159
10,3131
10,3223
10,2142
10,2211
1,365
7,1811
3,1163
9,2950
1,368
1,238
8,1847
1,258
10,2288
1,483
9,2974
10,2428
10,2695
4,1096
10,2532
2,566
3,1174
3,738
10,3226
1,362
1,320
10,2292
1,283
2,477
10,2223
4,973
10,2150
5,1259
10,2232
10,3633
10,2211
2,688
9,1942
10,2961
1,350
7,1650
10,2368
1,255
9,2060
2,535
5,1167
1,360
6,1687
10,5912
10,2695
9,1816
6,1716
10,1951
2,959
1,335
10,2065
6,1747
1,275
10,2194
8,2324
4,1174
1,514
1,480
4,1046
10,3012
10,3495
8,1913
10,2237
7,1609
1,303
5,1204
10,3298
1,354
10,2212
10,3613
10,2327
1,272
1,605
2,546
1,604
10,3479
7,1970
10,2494
5,1163
1,281
10,2116
6,1715
1,233
8,2166
10,3218
10,2507
1,271
1,379
9,2917
1,314
10,3002
10,2424
10,3805
10,1976
7,1765
7,1842
1,387
1,239
10,2691
10,3464
10,2816
10,3158
1,356
8,1951
1,269
7,1918
8,1976
10,3343
8,2102
6,1396
3,1136
1,264
1,493
10,3055
10,3404
1,260
1,347
1,281
10,2477
1,309
2,528
4,1050
10,4225
7,1358
10,2715
5,1247
1,243
7,1722
1,282
10,2549
6,1372
1,358
1,241
10,3494
1,275
6,1291
10,3058
1,479
3,715
10,2109
10,2571
1,263
10,2631
1,287
5,1248
1,457
1,282
1,348
10,8608
1,298
8,2438
10,2312
1,392
10,2127
7,1677
10,3163
1,327
6,1464
1,240
2,663
1,452
1,238
1,273
10,2332
1,359
3,782
2,474
1,250
10,2754
3,740
3,813
1,296
10,2329
1,216
7,1468
5,1141
1,228
1,249
10,2770
1,560
7,1551
3,1282
1,625
10,2415
4,924
2,560
1,324
7,1950
1,232
9,2530
1,260
1,283
1,235
1,271
1,315
10,3216
1,388
1,264
5,1655
10,2705
9,2957
1,249
7,1606
1,267
5,1477
1,368
1,368
8,1903
1,437
1,271
8,2309
1,304
1,274
2,858
10,2855
10,2690
1,315
3,1021
1,225
10,3585
1,272
9,2135
10,2319
1,298
10,2244
10,2142
1,336
1,263
3,814
3,850
10,3250
1,274
10,3295
1,245
8,2175
1,320
7,2325
10,2446
1,277
3,861
4,881
1,318
1,223
1,416
2,523
10,2885
10,2139
4,1271
1,230
3,1075
1,372
8,1728
10,2566
1,249
8,1889
10,3853
1,293
1,234
1,251
9,1984
8,2025
10,2116
3,966
1,249
10,3341
1,1436
1,261
10,3595
1,310
8,2443
2,979
1,716
1,271
1,242
10,3751
10,3137
9,1753
3,694
1,298
10,2823
1,422
10,2283
10,2727
1,340
10,2901
3,1189
1,419
1,296
1,405
10,2516
10,3056
10,2299
2,743
5,1372
1,394
1,280
3,700
2,587
1,257
7,1914
1,470
1,402
9,3027
1,264
8,2550
1,376
10,3271
9,2093
7,1936
1,462
9,2284
10,2892
7,2050
1,331
10,2585
1,298
1,366
10,2236
1,256
10,3780
1,433
10,2828
10,2222
9,2158
1,394
10,2250
10,3135
6,1513
1,366
2,584
1,289
1,314
6,1600
1,329
10,3550
1,244
1,394
10,2302
10,2201
1,329
10,2301
2,599
10,2139
1,260
10,3363
1,413
9,2574
10,2965
1,275
10,3362
1,253
7,1733
8,2940
5,1952
1,270
10,2498
2,550
7,2049
9,2039
3,789
1,371
10,2597
9,2835
1,238
1,493
1,240
2,820
10,3711
3,865
1,295
10,2517
10,2180
6,1713
9,1912
2,576
1,635
10,2194
8,1658
1,230
1,492
1,242
6,1877
10,2809
10,2244
1,299
10,2471
10,2550
3,784
7,1750
7,1665
1,425
10,3474
1,279
10,2195
1,527
1,250
7,1531
10,5083
10,3289
1,261
1,376
10,3239
10,3302
1,346
10,2495
1,270
10,3175
10,2093
2,473
1,611
1,247
3,666
1,459
10,3185
1,260
6,1408
8,2609
4,1486
8,2540
10,2184
1,338
10,2241
4,1231
9,2617
1,410
1,275
10,2835
1,565
1,399
1,280
7,2095
10,2967
10,3348
1,309
10,2876
1,356
1,276
1,456
10,3280
1,275
1,278
8,1863
1,260
10,2188
1,304
4,1155
10,2975
10,3314
10,1983
10,3100
9,2737
9,3147
2,826
10,2999
1,242
1,258
10,2603
1,242
2,577
10,2492
10,2469
10,2425
3,782
3,1128
10,2884
2,701
1,472
10,2167
8,3004
1,361
9,3111
4,916
1,247
10,3295
2,563
8,2625
1,389
4,1055
10,2687
10,2058
1,479
5,1791
10,2023
10,2506
1,246
10,2440
10,2826
1,364
10,2463
8,3002
7,1451
1,292
1,368
10,2510
1,408
10,3579
7,1999
10,2059
1,312
1,243
6,1863
10,2138
1,294
10,2167
10,3412
3,653
10,2196
1,296
2,588
1,284
8,1697
9,3030
10,2481
9,2307
1,261
10,2436
3,757
1,288
8,3051
10,4368
10,2141
1,668
1,436
2,611
1,269
10,3536
8,1879
10,3348
6,1907
9,2240
9,2009
1,463
1,233
10,3793
10,3349
10,2238
1,350
1,418
10,3216
1,392
10,3904
10,2351
10,3628
10,3166
7,1797
1,423
1,294
1,255
10,2322
10,2346
10,3310
1,376
1,433
8,2068
1,384
10,3043
3,1131
10,3049
9,1912
10,2384
4,1398
1,241
1,259
1,293
10,2229
1,265
1,328
1,367
10,2835
1,421
9,2270
5,1861
1,419
8,1749
10,2009
10,2522
1,388
9,3018
1,235
6,1375
2,442
1,239
1,325
10,3009
1,400
5,1557
10,3054
1,272
1,465
9,2050
10,2901
1,571
10,2364
1,261
3,867
1,235
1,231
1,418
10,2334
1,451
7,1807
10,2357
1,246
10,2870
1,348
1,398
1,433
7,2208
1,246
7,1718
1,255
1,276
1,257
10,2248
1,359
9,3040
1,300
1,267
10,2626
3,829
2,662
1,496
10,3187
1,237
10,3059
3,690
1,367
1,281
10,1985
1,273
1,449
2,732
1,256
10,2244
10,2196
10,3169
1,343
9,2134
1,226
4,1140
1,320
10,3175
9,2103
1,572
10,2227
8,1759
1,471
1,319
4,1420
10,2244
10,2650
1,263
8,1799
1,250
10,2297
1,284
7,1956
10,2018
1,342
6,1497
10,2831
1,375
1,279
1,477
1,360
10,2267
1,407
1,350
1,269
7,1826
1,260
8,2155
10,3232
1,332
9,2044
5,1579
1,285
1,253
2,604
2,547
10,2819
10,2153
10,2083
1,254
3,947
1,244
10,2795
10,2573
1,306
10,2743
10,2144
1,274
1,244
1,423
10,2162
8,3582
10,1910
3,1251
1,258
10,3212
1,244
3,1002
10,3323
1,286
4,1068
3,697
1,266
1,268
1,325
10,3122
10,3204
9,1799
1,521
6,1577
10,2953
1,284
10,2713
10,2442
1,285
10,3340
10,2450
1,358
10,3160
1,258
10,2327
10,3201
10,3199
2,560
7,1678
1,492
1,262
10,2174
1,319
1,345
10,3417
1,434
1,338
10,2205
1,261
8,1707
1,401
10,3199
2,1002
9,2709
1,329
9,2931
2,706
9,2333
1,251
10,2843
1,417
1,285
7,1537
1,242
10,3333
1,344
10,3488
10,2248
10,2259
1,267
10,2736
3,1033
2,801
1,248
1,488
2,566
1,225
10,2063
1,236
10,3145
1,252
1,308
10,2181
4,991
1,254
10,2993
1,481
7,1672
1,263
4,1034
1,280
1,236
9,2059
1,258
10,2344
1,260
10,2175
10,2424
3,866
1,238
10,3172
10,2184
10,2127
9,2070
6,1549
1,322
10,3424
8,1597
1,276
1,362
1,271
5,1193
8,2871
10,3464
1,241
10,3285
10,3205
9,2162
10,2172
10,2553
1,262
10,2310
10,2150
1,239
1,496
1,264
7,1507
10,3254
10,2877
1,230
10,2709
7,2600
8,1767
7,2475
10,3339
1,253
10,2736
3,1022
1,247
1,346
1,304
9,1890
10,3270
10,2713
1,252
1,485
10,4103
1,310
1,493
10,3462
1,266
10,2492
1,484
10,2164
1,535
1,365
10,2054
10,2994
1,451
1,263
7,2330
9,3012
8,2566
8,2581
10,3033
1,282
10,3714
2,696
2,744
1,296
1,279
5,1430
1,523
10,2896
1,316
10,2165
10,3096
3,798
10,2116
10,2918
1,248
10,3390
1,389
10,2327
1,362
1,286
10,2134
1,310
3,802
10,2366
3,880
10,3061
10,2455
3,940
10,3125
1,261
10,2860
10,2110
10,2526
1,289
10,2332
3,885
1,264
10,2305
3,738
10,3255
1,400
10,2108
10,2948
1,516
1,274
7,2061
10,1970
8,2849
1,241
10,3259
10,2048
1,368
10,2069
7,2285
9,2930
1,285
1,306
10,2608
1,253
10,2380
6,1517
10,2025
10,3366
1,336
7,1644
10,2188
1,232
10,2688
10,3368
8,2560
1,251
2,525
2,1103
1,333
2,701
9,2085
10,3256
10,3287
1,244
10,2348
1,489
1,262
7,2398
10,3244
10,3040
1,278
1,385
3,883
1,352
10,2389
8,2620
9,2610
10,2341
10,2796
10,2226
1,444
1,259
10,2915
10,2446
10,2722
10,2428
1,305
1,393
1,298
8,2486
10,2253
10,3034
7,1693
7,2164
3,1295
1,274
1,340
10,2174
10,2745
10,2278
1,246
1,264
10,2554
1,498
10,2701
3,993
10,6842
10,2273
10,2369
10,2451
1,287
1,307
1,272
10,2352
1,297
1,307
1,277
7,1651
1,367
10,4041
4,1592
1,383
9,2704
10,2163
10,2929
1,247
1,372
1,249
8,1801
1,261
1,303
1,310
10,3803
1,414
10,3109
10,2887
1,321
8,2481
10,2884
3,1092
1,292
10,3511
1,270
3,778
1,283
1,355
1,293
10,3595
1,349
10,2356
10,2503
1,339
10,2262
3,1050
10,2314
1,253
10,2384
1,232
9,1901
1,311
1,298
1,281
9,2946
1,303
6,2299
1,318
1,237
10,2622
10,2517
10,2988
1,247
7,1737
1,246
10,2651
2,718
1,339
1,272
10,2921
10,2390
7,1887
2,918
1,330
10,2858
10,5860
10,3229
1,249
10,2289
1,229
2,601
1,972
10,3449
1,246
10,2270
8,2356
9,2487
1,526
1,275
3,1019
1,381
10,2831
1,266
10,2322
1,239
10,3188
1,327
9,1916
1,230
1,414
2,1082
8,1995
1,421
1,318
1,488
3,681
7,1976
1,356
8,1694
1,257
7,2487
1,310
10,2805
10,2163
1,267
10,2332
10,2366
1,391
1,240
2,732
10,2064
10,2538
10,2237
10,2058
1,351
1,347
1,401
10,3008
10,3106
1,368
10,3427
4,897
1,260
1,246
1,388
10,2066
10,2912
10,1942
3,1184
1,364
10,2759
1,244
1,364
10,2430
1,466
2,924
3,910
1,274
1,227
1,244
9,2708
1,383
10,1937
2,944
8,1898
10,2066
1,308
10,2136
10,2186
1,441
8,2237
10,2661
1,243
10,3175
1,350
7,2378
1,300
10,3446
3,825
7,1767
1,586
1,265
10,2687
10,3155
1,272
10,2259
10,2849
1,268
10,2823
1,245
10,2685
1,236
10,3302
10,2128
10,2633
1,508
10,2433
3,747
10,2192
1,354
10,2069
1,440
1,254
7,1490
1,246
10,4301
1,227
10,3501
10,1965
10,2156
1,430
10,3465
2,435
10,2333
1,365
4,1363
1,618
1,241
10,2116
1,239
10,2832
1,267
10,2113
10,3343
2,702
1,400
10,4079
10,2223
3,975
1,462
6,1454
1,378
1,243
10,2075
1,267
1,516
1,232
6,1695
7,2145
3,674
1,421
10,6059
10,3244
7,1783
1,463
1,264
2,756
10,3086
10,2572
1,251
1,260
1,278
7,2248
10,3150
10,3515
1,370
10,2462
10,3509
10,2610
10,3065
2,588
1,325
10,3251
10,3138
1,243
1,279
1,271
10,2121
10,2364
10,3506
1,275
10,2649
7,2184
8,2118
10,2463
10,3371
1,309
10,2088
3,1127
1,232
1,263
1,244
10,2237
10,3529
10,2251
1,293
7,1817
8,2728
9,2680
9,2974
10,2680
1,300
10,3594
2,627
10,2148
1,249
1,241
4,1403
1,614
10,2324
1,318
10,2194
10,5781
7,1998
10,2383
9,2296
1,257
10,3461
10,3537
3,675
1,336
10,2998
3,660
1,482
4,954
1,277
3,906
10,2376
3,1074
10,2074
10,3341
1,260
10,3067
10,3090
10,2099
1,343
10,2748
10,2344
1,323
10,2330
10,2382
10,2208
1,666
10,3311
1,343
10,3561
1,254
10,3623
10,3044
10,2134
1,328
9,2168
10,3316
1,269
10,3297
3,674
10,2912
1,264
10,2846
10,2685
8,2453
1,351
8,1985
10,3288
7,1656
1,356
10,2185
10,2979
1,267
10,3189
7,2522
8,1722
1,276
1,477
10,2656
1,365
1,252
9,2024
10,3154
10,2260
1,537
10,3004
1,512
1,288
6,1994
10,3573
10,2122
1,264
2,776
3,787
1,266
10,2490
10,2526
10,3001
10,3397
10,2215
1,472
1,309
1,286
10,3597
10,3158
10,2132
1,354
1,433
2,569
1,646
3,1058
10,2813
8,2383
10,2119
9,2218
10,3360
1,339
1,241
10,2263
10,3320
10,2534
10,2915
1,320
10,2365
1,284
10,3509
10,3034
1,456
9,2839
10,2871
10,3176
1,356
1,455
1,283
10,3372
1,278
1,319
1,245
7,2301
1,320
7,2634
2,718
1,360
10,2167
10,2973
3,768
1,307
1,357
1,239
10,2493
1,299
1,244
1,239
10,3603
1,639
10,3785
1,341
1,357
10,2078
10,2171
10,2756
1,369
10,2267
1,226
10,2231
1,247
1,235
1,250
8,2991
1,343
10,3448
10,2755
1,248
10,1958
1,460
10,3312
1,350
10,2460
1,228
5,1510
1,351
1,667
1,264
10,3894
1,280
10,3249
10,2081
1,256
10,2753
10,3032
10,3300
1,345
9,3033
1,237
10,3578
2,453
1,256
1,380
10,3367
1,247
10,2443
1,452
1,306
10,2242
10,2353
7,2758
1,344
10,2255
1,244
10,3462
1,263
10,3066
1,264
10,2036
1,247
8,2232
1,295
1,288
10,2194
3,844
10,6208
1,303
10,3307
1,256
10,3714
1,321
10,2324
1,254
1,413
10,3302
7,2400
1,291
1,727
1,437
3,922
10,3376
1,338
10,1986
1,240
5,1918
1,290
10,2206
1,247
1,279
10,3352
10,2389
1,300
1,348
1,507
7,2307
10,2626
10,2016
10,2444
1,237
10,3436
1,256
10,2033
10,2272
1,252
5,1589
10,2427
1,271
1,241
1,367
10,7924
2,708
10,1932
1,387
1,236
10,2280
1,236
10,3263
10,2304
1,280
10,3624
2,951
1,252
10,3014
1,553
10,3305
1,342
10,2666
3,825
2,707
1,616
1,293
10,2168
10,3253
1,367
7,2304
10,2901
1,262
2,905
1,282
10,6799
1,355
9,9644
10,2233
10,2351
1,338
10,2378
1,407
10,3197
1,410
10,3423
3,955
1,228
10,2307
1,466
7,14569
1,262
10,6929
10,2221
8,2017
1,537
10,3791
4,999
10,2936
1,327
5,1829
10,2470
1,266
8,2891
1,347
10,3195
1,264
10,3775
10,2946
10,2115
1,280
10,3315
3,1023
10,2151
1,231
3,2272
10,2274
1,267
10,2844
1,270
10,11073
1,264
10,2351
7,2440
8,2615
1,240
10,3257
2,455
10,2343
1,270
10,3363
1,509
10,2212
10,2910
1,287
1,397
1,272
8,2182
10,3791
2,879
1,269
10,2015
10,2241
3,759
1,299
3,1274
1,323
10,2916
10,2019
1,243
1,306
1,234
7,1899
10,3575
10,2824
1,227
10,2189
9,2645
9,2086
10,2599
7,1809
1,400
10,3114
8,3130
1,231
1,402
1,236
10,2898
10,3873
10,2980
1,259
9,2389
10,3801
10,2128
10,2108
10,3452
1,295
10,3216
2,460
10,2632
1,320
1,230
10,2049
1,532
10,1959
1,253
10,2706
6,2289
10,2255
10,2228
10,3506
1,298
10,3207
1,518
3,709
1,299
1,303
2,719
1,253
1,375
1,254
1,408
7,2251
10,3136
10,2237
10,3339
1,283
10,3380
2,690
10,2970
1,306
10,2205
3,756
1,513
2,692
10,3058
10,3246
8,2481
7,1674
10,2035
10,7423
1,340
10,2289
3,884
10,3304
1,293
8,1737
10,2114
1,315
10,2902
1,596
10,2043
10,2198
1,243
10,2349
10,3340
1,345
10,2438
10,2436
7,2555
1,298
10,2223
10,2992
1,251
4,1308
4,1131
10,2861
1,454
10,3404
10,2074
10,8016
1,250
2,1545
10,2570
10,3273
1,258
10,2135
10,2028
1,268
10,3402
2,885
10,2125
1,315
10,3160
1,430
1,417
1,296
10,2707
9,2030
10,3115
1,371
10,2151
1,468
1,267
10,3417
6,2111
10,3185
1,298
1,446
4,1073
1,355
10,2172
10,2620
10,2785
10,2458
10,2028
10,2497
1,257
1,301
9,2613
9,2419
10,3484
1,297
1,269
3,716
1,362
4,1033
10,2215
7,2239
10,2163
10,2081
10,2178
1,250
1,453
6,2013
10,3376
1,452
1,283
1,289
2,566
1,371
10,3230
8,2109
8,3095
10,2621
10,8342
1,455
1,255
1,237
8,2440
10,3343
1,260
1,438
1,286
10,2552
1,236
6,1313
10,2575
10,3422
10,2417
10,1983
4,1188
1,246
10,2233
10,2198
8,2196
1,252
1,247
1,261
6,1298
1,245
10,3315
10,2109
1,389
10,2851
10,3177
2,530
1,249
10,2242
1,255
10,2107
1,245
10,2845
1,390
9,1905
1,354
10,3376
1,421
1,345
10,2150
10,2492
10,2557
1,363
2,816
1,230
10,3730
1,236
1,278
1,248
10,3248
1,282
10,2713
1,305
1,298
10,1915
10,2821
9,2584
1,250
10,3384
1,227
10,3394
1,332
1,271
1,240
7,2290
1,300
10,2169
1,316
1,379
10,2626
3,816
10,2648
1,341
10,2321
1,226
7,2273
1,253
1,276
1,263
8,2716
1,317
10,2313
1,237
1,384
1,473
4,1036
10,3336
1,342
10,3277
1,236
10,3287
1,265
10,3259
1,247
10,2034
10,2448
2,607
1,233
1,343
1,409
10,3278
6,1713
2,518
10,2197
1,235
10,3360
1,375
1,474
10,2208
1,277
10,3184
8,2536
1,304
1,253
1,264
7,1473
8,2347
10,2189
8,1993
1,222
10,3028
1,280
10,3184
10,1991
1,229
10,2543
10,2215
1,235
1,693
1,261
10,2721
10,3187
10,2079
1,477
1,225
10,3223
10,2223
7,2320
10,3104
1,225
10,3188
10,2140
1,233
1,300
1,263
6,1727
5,1994
10,2987
4,1128
1,230
3,864
10,2600
9,2695
10,3362
1,236
10,2491
2,766
1,252
1,289
1,245
10,2985
1,475
8,3121
2,762
1,263
1,506
10,3198
10,3283
10,3384
1,227
10,2241
8,2400
1,510
10,3496
1,294
10,3245
1,546
10,3542
10,3315
4,1454
1,447
10,3137
10,3496
10,3197
1,333
10,2495
10,2708
1,582
5,1671
1,245
10,3046
1,471
10,4434
10,2330
10,3197
1,461
10,6383
3,1081
10,2144
1,262
4,1221
10,3102
2,572
10,5649
1,272
1,464
1,256
10,2090
9,2119
10,3882
1,417
10,2784
2,733
5,1855
1,306
6,1521
1,439
10,2617
10,3097
1,262
1,309
1,288
2,558
6,1428
10,3380
1,401
10,2301
3,663
10,2252
1,320
8,2001
1,249
10,2577
10,3318
1,256
1,243
1,500
10,3160
8,2339
6,2050
1,388
10,2291
10,3090
10,2102
1,284
10,2435
1,272
10,2212
7,2310
9,2111
1,264
1,383
8,2669
10,3528
10,3327
1,511
2,572
10,3427
10,2128
10,2935
10,2241
1,334
9,3213
10,3171
4,954
1,402
1,347
10,2266
10,3246
10,2945
1,450
10,2240
7,2811
10,3091
10,2239
10,3692
1,261
10,3366
5,1765
2,532
1,421
1,241
8,1791
1,411
10,3379
1,471
10,3596
8,2698
5,1487
10,3355
10,3584
1,357
8,2954
3,1100
10,2511
1,380
1,221
2,663
1,216
10,2384
1,374
10,2320
10,3705
10,3337
7,2203
10,3376
1,392
10,2716
2,809
10,2525
1,428
10,3340
10,2354
1,291
3,999
10,3550
10,2961
10,3160
10,3754
10,4310
2,557
1,304
5,1954
10,2435
6,2114
1,371
10,3365
10,2056
1,248
10,3265
3,796
8,2088
10,8104
1,522
10,3110
1,432
1,239
10,3532
10,1988
10,3274
1,395
5,1652
10,2025
1,567
10,3382
7,2623
10,3224
1,485
1,414
10,3527
1,263
1,248
10,3218
10,3600
8,2859
10,3023
10,3128
1,388
1,389
10,3288
10,5052
1,244
1,405
1,472
3,1305
1,235
10,2146
10,3597
10,3626
1,512
10,3225
10,3239
1,341
1,553
7,2285
10,3999
1,235
1,412
1,363
3,942
1,219
1,283
7,2479
8,3069
10,3167
10,3197
10,3386
1,286
1,395
1,472
10,6494
1,242
1,352
1,437
2,920
1,239
4,944
10,3105
10,3517
10,3111
10,3591
10,3300
1,258
1,363
10,3352
10,3596
1,277
1,398
1,381
10,4578
1,312
2,547
5,1732
10,10148
10,3670
10,25620
3,1124
1,234
1,717
10,3580
10,2160
1,323
10,2815
1,350
7,1781
1,269
9,2325
10,3604
1,524
10,3332
10,3106
10,3315
1,245
10,3288
1,346
10,3036
1,258
1,256
1,303
10,3592
1,251
6,1442
3,1004
1,317
7,2609
10,3268
10,3489
1,542
10,3280
1,365
10,3520
1,535
1,635
1,483
10,13904
1,253
8,1964
1,326
1,281
9,2984
3,1218
10,3329
1,287
7,2923
1,244
10,2354
1,277
1,288
1,265
10,3325
1,252
10,2316
1,470
1,261
10,3690
5,1284
7,1800
1,280
5,12499
1,412
10,2983
1,391
1,308
1,368
10,2960
10,2464
10,2579
1,433
1,263
10,3446
10,2687
10,3762
1,282
10,29847
1,250
10,2166
1,590
1,292
10,2380
8,3339
2,1017
10,2275
1,406
1,368
3,1011
7,2754
10,3258
3,884
10,56844
1,284
10,2702
1,374
10,2285
10,2591
1,398
10,2186
10,3170
1,468
1,286
1,356
10,3810
10,11077
2,477
10,20935
1,357
10,2742
2,549
4,911
9,2178
1,349
10,2309
5,1831
1,365
1,259
1,435
10,3265
1,603
10,2209
5,1946
1,363
1,427
10,3336
10,3324
10,2499
1,350
10,3434
10,3214
1,399
1,246
1,319
10,4229
1,354
10,2068
3,1416
1,366
1,319
10,3110
10,2445
10,3386
1,388
9,2808
10,3267
1,362
1,245
1,324
10,3337
1,382
10,2326
3,1194
5,1239
1,305
9,2882
10,2094
10,4223
1,251
10,2189
7,2989
1,436
10,2224
1,358
5,1713
1,317
7,2674
10,3637
10,3446
1,266
10,3083
6,1241
10,3282
1,241
8,2434
10,3038
1,360
10,3270
1,296
1,569
1,412
8,2784
10,3247
10,3041
1,265
8,2638
10,2401
7,2329
1,364
7,1756
5,2122
10,3336
10,3392
1,265
1,658
1,298
10,3393
10,3967
10,3259
1,276
10,2854
5,1181
1,378
1,349
1,523
1,431
10,2787
10,2421
1,244
1,444
1,302
10,2720
10,3718
10,2204
1,363
10,2260
6,1355
10,3094
1,260
3,969
1,635
10,2147
10,2533
1,316
1,442
10,2368
10,3222
10,4630
5,1120
1,292
10,3145
7,1616
10,17481
1,259
3,1327
1,509
10,3282
10,2712
1,232
1,574
1,343
10,3111
10,3403
10,3454
1,412
5,1800
10,2225
7,2574
10,2444
5,1347
1,413
10,4747
10,2166
10,3669
1,561
1,243
4,9472
7,8609
10,2483
1,261
10,3336
5,1759
10,3739
10,2150
10,2216
10,3845
10,3732
6,2186
3,1272
1,400
1,283
10,18254
1,516
4,1336
10,2484
10,3741
4,1421
10,4080
4,1482
10,2163
1,561
10,3041
7,1496
10,3195
1,394
10,2621
6,2120
1,492
10,2310
5,1110
7,2355
10,2913
3,1195
10,3479
10,3481
1,549
10,5681
10,2130
10,2377
1,419
10,3384
10,3232
1,312
7,2434
7,1655
10,3398
10,2421
9,3001
10,2214
10,3661
1,326
10,2233
10,1959
7,2663
1,418
10,2248
10,3249
1,302
10,3472
5,1593
10,3421
3,953
1,565
6,1297
7,2473
3,1039
10,2695
10,2170
10,3333
10,2239
10,2502
10,3488
1,413
10,2047
10,3157
1,518
10,2392
3,885
10,2554
5,1772
1,316
10,3062
4,1368
10,10152
10,2505
10,2415
1,413
1,269
6,2184
10,3164
5,1818
1,637
1,408
10,2308
1,536
1,381
10,2130
10,2862
4,918
10,2593
10,3374
1,384
1,259
10,3399
10,3046
1,377
1,467
1,857
5,1206
1,299
1,541
10,2428
10,3418
10,2415
10,6836
5,1241
1,527
1,556
3,1087
3,839
1,378
1,351
1,393
6,1475
1,250
10,2231
10,2770
3,1245
10,2930
10,2159
7,1929
1,380
1,346
10,2302
10,2100
1,438
1,418
1,521
7,1562
1,234
3,1420
1,464
1,555
10,2612
10,2451
10,3409
1,354
1,277
1,244
1,340
1,492
1,286
1,625
10,2188
1,242
7,2270
1,333
1,380
10,2183
10,2291
10,4121
1,400
10,2743
1,279
10,3364
1,745
1,337
1,967
5,1136
1,261
10,11702
1,409
1,523
10,2347
4,1117
5,1727
1,375
10,3158
1,237
10,2447
1,542
10,2245
1,321
10,4872
1,298
10,3488
1,333
1,252
6,1355
3,774
10,2472
1,399
10,2734
1,238
10,2171
3,3335
1,329
1,355
10,3726
1,256
10,3272
1,262
1,322
10,2207
8,2271
10,2998
1,403
10,2504
1,266
10,2433
1,447
1,252
1,394
4,949
1,286
10,9444
1,337
1,268
10,2348
10,2342
3,739
1,298
10,2277
1,242
10,2257
1,610
1,489
10,3764
3,958
1,319
10,2400
1,258
1,276
1,333
6,2291
10,3178
2,573
10,2430
1,263
9,2294
1,505
1,267
10,3893
10,2235
10,2409
10,3539
1,280
1,284
1,250
10,3148
1,368
10,3251
10,2346
1,229
10,3074
10,3554
10,2816
10,9823
1,468
4,1482
10,2950
1,268
1,268
1,264
7,2751
1,251
10,3119
5,1674
1,223
1,409
10,3840
7,1409
10,4030
1,257
10,2206
10,2925
1,265
1,236
1,273
10,2987
1,248
10,3138
7,1875
1,240
1,397
10,3785
1,318
10,7913
1,315
10,2935
10,2962
8,2205
1,281
1,304
2,722
1,268
8,2653
10,2364
10,2239
1,315
10,3579
10,3309
10,4176
1,268
10,3383
10,2346
10,2171
10,2196
1,249
10,2645
1,253
10,3900
10,2232
10,3226
1,370
10,3329
10,3210
10,2890
1,230
10,2192
10,2057
10,2505
9,2137
1,237
1,378
1,266
10,11874
10,3640
10,2580
1,573
10,16047
10,1962
10,3702
1,248
10,2268
10,3314
10,2093
10,3233
1,220
1,260
1,373
10,2346
5,1986
1,362
1,432
10,2486
3,676
10,3437
1,261
6,1970
1,866
10,2772
10,2766
1,322
1,241
10,2277
5,1150
3,1206
10,2770
1,647
10,2335
9,2095
10,2217
1,239
9,2744
1,743
10,7145
10,2727
1,248
1,256
1,257
10,3624
10,3475
9,1917
1,355
10,3467
7,1625
10,2089
1,261
1,555
1,404
2,1090
10,2460
4,1314
1,321
1,252
10,3001
10,3615
10,3004
1,517
10,2118
8,1699
10,3497
1,242
1,423
1,339
10,2459
10,2099
10,2632
1,262
1,238
10,3154
1,487
9,3183
1,360
10,2035
5,1112
10,2229
10,2288
4,1341
1,315
10,2501
8,2421
7,1717
1,263
10,2296
10,2393
1,414
1,453
10,2402
10,3276
3,766
10,2396
10,3030
10,3212
1,301
1,315
5,1036
10,2255
1,345
10,3417
5,1098
1,611
10,2381
7,2241
10,2007
10,2116
1,537
7,1462
10,3060
1,400
10,2482
3,867
10,2414
1,387
2,758
10,2469
1,272
7,1648
5,1533
10,2913
3,930
1,513
10,3373
10,2828
1,379
10,2410
10,2100
6,2432
1,295
10,2299
10,2118
1,243
5,1591
3,826
1,294
2,711
1,383
2,728
10,2834
1,370
10,3189
10,1993
10,3778
10,2944
10,2205
1,383
1,346
3,879
10,3448
1,279
10,2643
1,391
10,2211
9,3136
1,478
10,2775
10,2128
3,853
10,2838
10,2435
1,367
1,341
10,3446
10,3815
1,254
10,3160
1,270
3,731
6,1565
10,2769
10,2472
2,820
10,2603
1,246
8,2698
1,269
1,259
10,2714
10,3218
1,235
5,1213
1,398
8,2808
1,428
5,1319
9,2396
10,2511
7,1480
10,3016
7,2032
1,289
1,239
10,2272
5,2122
1,277
7,1564
1,490
10,2413
1,260
7,2414
1,582
5,1129
2,520
10,2163
5,1204
1,410
1,299
3,1057
10,2594
1,349
1,425
1,437
7,1517
1,245
5,1666
1,371
7,2406
10,2837
10,3088
3,866
1,358
10,2342
5,1280
10,3519
1,361
1,595
1,458
8,2260
1,228
10,3699
1,380
3,1181
10,2793
9,3079
10,3354
1,246
10,3061
1,392
3,855
1,361
1,377
1,266
5,1203
1,241
10,3303
1,380
1,384
10,3113
10,2672
10,3208
1,360
10,3035
1,255
10,2461
1,387
1,401
10,3056
3,684
1,235
3,727
1,251
1,296
10,3159
7,1586
3,1059
1,357
10,2773
1,325
10,2253
1,305
1,433
10,2359
10,2204
1,259
10,2432
1,257
1,253
3,708
3,804
10,3636
1,269
10,2694
7,1661
10,2526
7,1877
1,317
10,3064
3,738
1,247
10,2489
1,254
1,234
8,1737
10,3030
10,3120
6,1544
10,2560
1,223
10,3274
10,2113
1,387
10,3352
10,3035
1,235
10,3275
1,544
1,246
10,3228
3,1231
5,1863
7,2369
10,2420
1,278
7,2022
10,5587
1,482
10,4441
2,1200
1,274
1,299
1,346
1,245
1,487
10,2249
7,2241
10,2652
7,1897
1,229
10,2520
10,3641
1,343
10,2451
10,3328
10,2462
10,2970
1,265
1,279
1,347
10,2052
1,514
10,2035
5,1519
1,239
1,395
10,3467
10,2983
10,2562
5,2000
6,2303
10,2112
3,961
1,271
1,304
3,633
1,356
10,3133
3,1269
1,242
1,362
3,746
1,365
10,3556
7,1855
10,2231
10,3150
5,1448
1,292
1,351
7,2074
1,271
4,1345
10,2258
1,273
1,280
10,2347
10,3280
1,345
1,394
10,2038
9,2130
10,2148
1,245
1,284
10,2229
1,235
10,2347
10,2759
1,240
1,327
10,2612
9,2462
10,2816
1,263
10,2056
10,2114
10,2559
10,2119
1,235
7,1942
1,242
3,1122
10,3038
10,2402
1,299
10,2233
2,930
10,2071
1,246
10,2105
9,3007
10,2076
7,2382
1,243
1,354
1,244
10,2624
3,1400
10,3319
1,300
1,556
10,2612
9,1916
1,269
10,2008
1,357
10,2830
10,3360
1,265
1,251
1,340
10,2304
5,1296
10,3901
1,291
10,2961
10,2198
10,2282
1,246
4,1376
1,338
5,1477
10,3229
1,268
1,255
10,2190
1,565
10,3533
3,987
1,347
10,2114
10,2021
10,2335
1,297
10,3452
1,286
7,2440
10,2529
1,233
1,231
1,519
10,3393
7,1798
10,3215
1,409
10,2509
1,262
9,3196
1,322
2,710
1,480
10,2384
10,2320
10,2125
1,258
1,257
10,3469
1,407
10,2789
1,379
10,2044
8,2047
1,447
1,245
6,1576
1,270
10,2675
10,2272
7,2120
1,248
1,432
10,2301
1,304
7,1891
10,2493
10,2235
1,428
1,277
1,255
10,2551
1,273
3,1192
1,322
5,1217
1,235
10,3068
10,2249
1,346
10,2562
9,1905
9,2560
8,3077
1,534
1,244
10,2689
1,286
10,2650
8,2775
10,2171
1,233
10,2684
9,1911
1,622
1,604
1,518
1,256
9,2913
1,691
10,2093
10,2144
1,300
10,3080
10,2754
10,2138
1,279
4,1063
10,2111
1,531
9,2538
10,2350
1,333
10,3049
1,342
10,3015
10,2494
1,301
10,3443
4,1492
3,650
1,281
10,2152
1,378
1,309
9,2326
1,367
1,236
4,1194
1,276
9,1881
8,2500
1,334
10,2599
10,2314
10,3145
10,2278
10,2591
1,274
1,264
10,3107
10,3161
1,265
10,2350
1,353
10,3044
4,1172
1,259
10,2612
10,2022
5,1194
10,2270
10,2582
1,274
1,253
4,1043
10,2816
1,308
2,785
1,369
4,1381
1,444
10,2654
7,1615
10,2438
10,2997
3,1182
6,1935
1,295
1,248
10,2202
9,3024
1,358
1,498
1,291
10,2560
1,312
7,2273
1,528
2,1158
9,2538
10,3455
1,385
1,289
1,268
10,2264
10,2173
1,374
10,2959
1,264
1,271
1,298
5,1847
1,483
9,2057
4,1159
10,2969
9,2635
1,279
10,2319
10,2655
1,627
1,422
9,3002
1,247
6,1573
1,259
3,737
1,643
6,1532
10,3222
10,2722
1,810
1,256
10,2446
1,321
10,2365
1,446
6,1401
3,760
10,3260
1,256
3,913
1,283
1,405
10,2833
7,2574
10,2275
1,245
10,3263
1,489
5,1750
1,355
1,413
10,2181
9,2244
1,256
10,3187
1,449
5,1182
10,2229
10,2376
4,1387
1,247
10,2227
1,558
10,3249
5,1159
1,254
10,2050
1,299
1,293
10,3320
1,292
1,345
10,2045
9,2068
10,3312
1,246
10,2345
1,289
1,382
3,700
1,246
10,2972
8,1930
1,291
5,1190
1,254
1,315
1,352
7,2360
9,2258
3,742
10,2369
1,246
10,3136
10,2218
1,302
10,2888
10,3916
1,253
7,1457
1,245
1,256
6,1503
1,453
10,2582
8,1798
10,2187
1,295
10,3179
10,2909
1,266
10,3250
4,931
1,314
10,2114
1,237
1,295
10,2274
10,2905
1,561
5,1611
9,2439
1,293
9,2629
10,3592
1,260
7,1671
10,2340
10,2403
2,928
1,272
1,261
1,402
4,1112
9,2030
7,1983
10,3220
6,1531
5,1766
10,3226
1,271
10,2330
1,478
10,3057
10,3389
4,1565
1,251
1,269
10,2114
6,1612
10,2975
1,246
1,353
9,2157
5,1338
1,309
10,2219
10,2214
10,2245
10,3036
10,3055
1,241
1,252
10,2189
1,556
10,2614
4,1633
1,337
1,454
7,1649
1,349
3,1056
9,2183
10,2622
10,2173
10,2210
1,254
1,342
1,271
1,429
2,802
10,2977
1,346
1,342
10,2919
1,282
10,3069
2,539
10,2033
10,2370
10,3223
1,226
1,318
3,1085
1,311
10,2703
10,2072
1,399
1,388
10,3411
10,3121
10,2079
6,1591
10,2175
10,2514
10,2820
10,2546
1,290
9,2147
1,246
5,1422
10,2478
10,3256
1,325
3,1111
10,2642
10,2493
1,404
10,2073
10,2294
10,3272
5,1288
1,261
6,1408
1,296
10,2172
1,378
10,3070
1,315
10,2697
10,2331
10,2174
1,290
10,2689
8,2797
6,1505
10,3183
1,223
1,353
10,2734
10,2062
9,3196
10,2833
1,287
10,2026
10,2959
10,2351
1,242
1,615
1,508
10,2874
10,2254
1,239
1,368
1,247
3,1144
6,1695
1,457
1,311
10,2146
5,1617
7,1677
1,339
3,1352
1,358
10,2981
10,2233
1,211
1,264
1,268
10,2796
1,451
5,1388
1,307
10,2265
10,2378
1,391
1,257
10,3349
1,302
5,1701
10,2197
10,2283
1,353
1,299
10,2646
1,283
10,2188
1,244
10,2127
10,2103
1,377
1,372
9,2215
1,383
10,2645
10,2225
9,1869
1,293
1,234
10,3153
1,254
10,2705
1,362
7,2130
5,1984
1,343
1,312
10,3501
1,381
10,2383
1,398
1,447
1,233
1,231
10,2510
1,259
5,1511
10,2169
1,405
8,3025
1,285
1,288
10,7383
1,398
10,3029
8,1822
10,2310
1,270
10,3244
7,1812
1,266
9,2704
10,2101
1,438
2,689
1,330
1,369
9,3146
1,424
10,2782
2,487
10,2320
1,250
10,2803
10,3388
1,476
2,633
2,574
1,279
10,2918
1,302
1,323
1,561
1,394
10,3018
10,2189
10,2147
1,264
6,2104
1,541
1,420
10,2171
10,2921
1,282
10,2080
1,416
10,2300
1,4227
1,429
5,1572
6,1715
1,288
1,309
10,2336
1,430
1,632
8,1700
10,2361
1,285
6,1391
1,274
10,2224
7,13792
1,468
1,493
10,2152
9,3085
1,361
10,2696
1,349
1,276
10,2571
10,3262
1,241
10,2130
1,319
10,2534
1,576
10,2324
1,359
9,1802
10,3402
10,2364
10,2360
1,262
1,284
6,2276
8,2600
1,283
2,700
1,289
10,3606
1,23125
9,2324
1,529
10,2137
10,3632
10,2719
4,1550
1,287
1,293
10,2102
10,3277
1,256
10,3157
1,384
6,1578
1,416
1,510
1,361
2,585
6,1694
5,1787
10,2353
1,285
10,2527
10,2622
10,3368
1,240
8,2075
4,1825
1,283
1,4201
10,2426
1,312
8,1697
1,472
9,2200
2,890
1,247
10,2339
10,3074
3,1080
1,619
4,1024
10,2502
10,2605
1,911
4,1488
1,271
4,1019
10,2894
1,464
10,2455
1,266
9,3324
1,381
7,1966
1,354
1,514
10,2361
4,1185
1,825
1,434
1,338
1,481
10,2115
10,2102
4,955
1,245
10,2257
1,332
10,2778
10,2802
1,253
10,2495
9,1944
1,566
10,2487
1,249
1,315
10,2338
10,2386
10,2306
1,244
10,2014
1,258
3,1369
4,979
1,257
10,2304
10,2465
1,372
9,2375
1,257
7,1988
10,2600
5,1528
10,2093
4,1062
10,2340
1,249
10,2536
10,3236
1,332
9,3253
2,684
1,370
6,1868
1,320
1,322
4,1084
9,1993
10,3166
8,2294
10,2327
1,285
10,2784
10,2803
1,661
6,1483
8,2692
7,2371
10,2488
6,2441
1,523
9,2922
10,2544
8,1945
1,448
10,3353
4,961
7,1704
10,3690
1,347
10,3454
10,2628
2,997
10,2850
10,3458
1,417
1,396
8,2027
6,2022
10,2336
10,2405
1,237
3,850
9,2564
1,284
10,2957
6,1313
10,11155
5,1702
10,3274
1,253
1,253
2,763
1,461
6,1593
2,511
1,237
7,1536
6,1460
1,242
10,2171
10,2139
9,2954
10,3084
10,2060
1,267
1,261
10,2538
1,292
10,3493
6,1726
1,230
1,410
10,2611
1,362
5,1690
10,3268
7,13293
10,2184
10,2120
1,250
1,236
6,1786
1,346
10,2415
10,2596
1,235
1,369
10,2100
1,404
10,2145
2,783
3,1074
10,3028
10,2360
1,284
1,248
10,2256
1,405
2,589
10,2069
1,294
1,397
5,1771
10,3367
10,2507
8,2652
3,968
10,2114
4,955
1,266
1,238
10,2280
1,259
9,2017
10,2162
10,2656
1,465
10,2383
10,3075
10,3119
4,1662
10,12770
10,2078
10,2587
10,2989
1,264
2,455
1,257
10,2718
8,1830
10,2909
1,307
10,2018
10,2529
10,2137
1,325
8,2708
5,1686
10,2434
3,777
1,243
8,1804
1,239
10,2790
4,924
10,2880
1,325
10,3042
10,3007
5,1982
1,251
1,485
1,469
7,2388
10,3397
1,265
4,1126
1,240
5,1459
1,499
3,754
1,268
10,2069
7,2178
1,581
1,260
3,1351
1,262
10,3215
10,2655
1,245
1,333
1,261
10,2647
1,292
7,2013
1,288
10,2542
10,2546
1,319
1,257
7,2450
1,267
10,2631
10,2314
10,2103
1,250
1,291
1,280
1,278
10,2637
1,326
1,647
10,2226
1,262
1,231
5,5976
1,365
10,2421
10,2451
10,2048
1,249
10,2282
10,2523
1,323
10,3181
1,313
1,342
3,1066
1,265
1,239
1,564
1,372
10,2504
10,3201
2,730
1,264
10,2429
10,3141
1,258
3,946
10,2205
5,3153
6,2451
1,340
1,256
5,1877
1,315
10,3884
3,1013
10,2262
1,333
10,2291
10,2603
1,254
7,1760
10,2605
1,251
1,966
1,381
1,236
8,2491
1,299
3,937
1,370
10,2155
1,321
10,3350
5,1238
1,291
3,937
1,679
1,259
3,935
1,296
1,239
3,1461
1,293
1,427
6,2980
10,2335
1,298
10,3641
9,2950
1,282
1,555
3,1379
1,263
10,3813
1,273
1,363
5,1621
1,274
1,274
3,1870
8,1665
1,236
10,3363
1,413
1,302
10,3447
10,3634
1,233
10,3642
1,330
10,2180
10,3017
1,285
1,316
10,3415
10,2472
1,233
10,2467
1,340
1,279
10,3075
9,11499
1,267
7,2530
1,297
10,2116
9,2292
10,2413
1,277
9,3353
10,3078
1,233
1,521
1,259
3,739
7,2200
7,3734
1,389
10,3007
2,694
10,3201
10,2658
10,2958
1,278
10,3292
3,955
3,1044
3,1079
1,255
10,2557
7,2357
10,12196
1,284
9,3335
4,2021
10,3269
2,823
2,792
1,427
7,10393
10,2993
10,2885
10,2960
1,359
10,2582
10,3202
7,1857
1,544
3,1213
10,3555
3,796
7,2249
10,2155
1,256
4,1508
10,3150
10,2467
10,3429
1,279
7,2515
10,3316
10,2416
2,575
4,28253
10,3042
10,2397
1,596
6,1795
1,346
9,22089
10,2878
7,2258
6,1990
1,323
10,2973
9,3161
6,1951
10,2486
7,10747
10,3629
10,2837
5,1453
10,2142
1,250
7,2364
10,3374
7,2534
10,6918
1,274
10,2123
1,628
4,1355
6,1360
1,627
10,2370
7,2079
1,267
8,2386
1,250
1,354
10,2436
10,3512
4,2680
1,329
10,2837
1,455
10,5948
10,2318
1,652
8,1678
10,2732
1,354
4,1116
1,680
1,486
7,2270
3,921
10,17610
1,286
10,2380
3,1061
9,3973
10,3194
1,670
6,1805
1,473
1,271
10,2500
10,3019
1,628
1,472
10,3034
9,2886
6,1691
1,504
1,568
3,1298
10,2256
1,486
10,2277
6,2020
1,380
10,2912
7,2708
1,553
1,331
3,979
7,4562
9,2185
10,3858
1,447
3,1297
8,2346
1,443
10,2493
3,1051
1,386
7,2342
10,2681
1,398
1,267
7,1946
1,366
2,636
10,2933
1,417
10,5875
4,1177
8,2578
10,2426
10,3486
1,507
10,3973
10,3313
1,442
1,453
10,3123
1,801
10,2550
3,1089
1,426
6,2587
10,3285
1,400
7,1422
10,3465
1,353
10,2242
10,9525
1,432
1,287
10,3588
1,452
10,2830
9,2514
1,569
4,4905
10,2393
1,822
10,2104
9,3172
1,317
10,2828
9,4460
1,649
1,255
3,1306
10,3367
4,1056
10,2364
1,652
1,571
7,1902
1,463
10,2410
9,2970
1,304
10,3282
3,1216
1,615
1,249
10,3469
1,706
10,2944
9,2986
1,420
1,559
10,2773
1,442
10,2945
4,1637
1,405
10,2081
7,2515
1,523
1,362
9,3123
1,657
1,619
10,7746
1,402
7,3065
10,2100
1,368
10,2763
7,2619
4,1080
3,846
3,1182
1,498
1,258
10,3523
1,366
8,2029
1,477
7,2355
1,659
10,2062
7,1861
3,947
1,498
10,2944
1,375
4,1739
7,1779
1,241
10,3717
1,413
10,2338
7,2376
4,1502
1,483
10,2042
2,532
1,385
1,449
9,2914
1,287
10,3255
10,2354
1,306
7,7547
1,391
10,2271
1,588
10,3372
1,612
10,2107
7,1623
1,257
1,443
9,2873
1,273
10,3155
9,5153
9,2018
1,634
1,290
7,1805
1,424
3,4405
1,669
1,333
4,1353
1,225
1,413
10,2795
1,438
3,1171
4,1655
10,4995
1,473
1,286
10,3247
1,809
7,2280
1,534
1,363
3,1152
1,277
1,410
10,3276
1,308
10,3382
3,1139
3,1970
1,434
7,2490
3,1534
1,514
9,4115
1,1521
3,638
10,2594
1,283
1,443
6,1789
1,302
9,13434
9,13025
10,2997
1,335
2,1351
10,3210
1,582
3,1167
1,718
1,693
3,1368
1,412
1,469
10,2268
1,267
10,4176
3,1045
10,2768
1,402
4,1531
10,2690
1,388
6,2112
1,598
1,380
3,1073
1,239
1,402
1,478
1,252
6,2649
10,33071
10,26953
1,382
9,12511
10,2969
1,516
10,3166
1,328
1,361
10,3430
1,456
1,351
10,2841
1,267
1,584
1,690
7,2480
1,436
3,3107
3,898
6,2199
1,612
10,2933
1,315
6,1560
1,274
1,379
1,674
1,534
1,733
6,2115
7,1581
1,382
10,3685
7,1930
1,480
3,1175
5,5056
1,328
7,2275
1,292
1,371
4,1286
10,2509
1,540
1,542
2,511
1,541
10,31760
1,529
1,607
7,2693
3,1578
1,375
1,475
1,587
9,3032
1,318
1,593
1,497
7,3456
7,1577
1,448
6,2265
1,845
1,502
3,1061
8,3111
1,376
5,1745
3,1355
6,2150
8,2992
10,2257
1,573
1,555
9,2620
1,417
8,5482
1,404
6,1772
1,462
2,1010
1,262
5,1700
6,2278
7,2146
10,2727
10,2639
7,2694
5,2184
4,1418
3,1074
1,757
1,365
4,1499
8,3145
5,2103
1,527
3,990
10,3804
2,641
10,2086
3,730
1,614
8,3070
6,1999
7,2557
1,787
1,246
4,1545
5,1873
10,2872
3,923
8,2904
10,4120
4,1446
9,1882
9,2975
1,488
3,1343
3,5254
4,1537
3,1481
1,405
10,10705
7,2378
7,5870
10,3632
5,1376
10,3693
3,1207
6,1342
9,2997
1,433
5,1723
9,15275
10,3399
5,2033
1,292
10,11382
5,1904
2,667
7,2394
9,5091
9,3338
1,443
9,1949
7,4862
1,528
5,1996
3,841
6,1891
8,8370
1,477
3,7500
10,2284
8,1855
10,3580
10,2320
7,2732
6,5830
2,641
1,332
1,560
10,3460
3,1070
9,6401
2,736
1,272
9,2966
9,3095
1,385
3,1104
2,790
4,1561
4,1379
1,488
7,2206
1,461
9,2293
8,2558
7,2345
10,3899
1,365
4,1945
10,3289
4,954
7,2585
7,3275
7,2623
3,1041
1,364
4,1173
1,510
5,1891
1,486
3,1112
9,2947
9,2030
6,2582
2,1013
10,2145
9,6999
5,1381
4,1656
6,2422
1,747
10,2987
5,1709
2,1013
4,1365
10,3046
10,3261
7,2636
1,663
1,503
7,2107
10,17364
5,1560
10,2980
8,2541
1,385
10,2659
8,2592
7,2560
6,2023
6,1775
7,3046
3,1070
7,2315
5,1893
10,2579
4,1327
5,1355
10,3453
4,1482
1,368
7,2750
5,1813
5,1328
1,468
4,1585
5,2278
10,3620
1,575
1,426
9,2503
7,2581
1,378
9,3277
7,2334
1,369
9,3847
10,3213
5,1718
7,3375
1,598
2,1083
10,4067
8,2802
1,568
10,3844
6,2104
1,312
3,1002
1,485
1,301
3,1068
9,2844
1,763
1,547
6,2220
8,1997
1,404
5,1998
1,302
6,2642
9,2897
1,259
7,2312
5,1360
1,286
3,1162
10,2762
1,575
1,665
5,1758
3,874
10,3313
3,1426
1,306
10,2894
10,3566
1,296
3,1085
3,885
1,277
10,6357
5,1347
7,2740
1,447
1,352
1,512
3,1130
5,1665
1,267
10,3206
3,1185
1,302
10,3441
5,1068
1,315
6,2546
2,684
1,584
1,484
5,1782
1,476
7,2847
10,2878
1,603
3,857
9,2890
1,247
6,2284
8,1637
4,1682
1,518
5,1810
1,437
1,470
3,1181
1,525
7,1781
10,2273
1,384
1,512
3,1048
1,266
1,505
5,1851
7,2585
1,525
10,2426
1,289
1,417
5,1900
1,556
7,1551
9,2842
1,323
1,275
10,3145
1,461
3,829
9,3001
10,2397
1,417
1,368
1,358
1,405
10,3358
1,457
4,1145
2,677
1,350
1,259
1,443
1,283
7,2134
10,3094
10,3473
1,386
3,777
1,392
1,486
9,2320
1,304
10,12134
5,1318
5,1223
1,273
1,448
1,303
1,255
5,1289
6,1677
7,2091
7,1742
1,338
1,410
4,1397
1,472
3,8425
7,2434
1,381
1,250
1,459
10,2714
1,377
7,2195
10,2606
1,307
10,2627
1,258
1,249
5,1923
1,262
10,3547
5,1766
10,2313
1,432
10,9127
10,2944
1,432
5,1328
3,927
3,860
5,1808
1,254
1,485
5,1669
1,298
9,2755
1,511
7,1927
1,271
1,655
10,2201
1,459
2,449
10,3656
1,427
9,2608
4,1627
10,2733
7,2364
1,259
3,1126
1,382
10,2450
1,234
1,375
7,2148
1,392
1,435
10,2329
1,513
10,3402
10,2590
3,1222
5,1572
1,524
3,1092
1,343
9,2246
1,277
1,435
10,3075
1,305
1,325
10,3813
1,481
7,2057
3,1241
5,2242
1,429
7,2139
10,2809
1,524
10,2712
1,281
1,413
5,1154
1,493
1,330
1,746
1,677
10,3490
10,2633
8,2941
1,283
10,2848
6,2038
1,698
10,3265
1,265
1,465
10,2368
1,394
5,1421
8,1828
1,608
3,837
10,2332
10,2563
1,272
9,2317
7,1880
1,359
10,2368
9,2329
7,2322
3,960
1,531
1,263
1,265
1,574
5,1568
10,3322
9,1910
1,296
10,2362
1,432
1,440
3,951
10,2418
1,456
5,1851
1,385
1,244
7,2529
1,764
1,550
6,1956
2,621
1,313
5,1200
1,591
1,599
8,2365
8,3072
1,489
4,1148
1,555
1,376
10,3321
9,2274
1,322
10,3209
5,1487
1,252
9,3041
1,398
1,727
1,435
5,1873
1,528
1,356
3,1203
1,382
10,3150
5,1781
1,310
1,701
7,1716
1,251
10,2513
1,468
1,563
4,1267
10,2654
1,365
8,7875
5,1866
1,404
9,1959
3,1122
1,376
4,1209
10,2507
1,244
1,836
1,449
1,492
2,1030
10,2316
1,361
10,8115
5,1781
1,457
2,871
8,2593
1,328
10,3397
10,2968
1,293
5,1477
1,417
4,920
10,3986
2,522
3,3119
10,5351
9,2357
1,246
9,2492
5,1468
1,303
10,3548
9,2310
1,227
1,710
1,438
10,2189
10,3321
5,1203
8,4296
10,6271
10,3171
10,2851
3,1043
10,3713
1,348
8,2407
10,2451
1,348
4,963
1,1226
10,2353
10,2260
4,1444
2,566
10,2023
10,2783
10,2074
1,598
5,1427
1,398
10,5035
10,2525
10,2432
8,2404
1,477
10,3677
9,2498
7,2427
10,4515
6,1771
7,2410
10,2999
1,344
2,925
1,600
10,2165
10,2667
10,2811
10,3279
1,448
9,2325
6,2077
10,2156
9,2052
9,2081
5,1780
10,2364
1,657
7,2265
1,292
6,1871
10,3070
7,1546
5,1707
1,322
6,1785
10,2953
9,2416
10,2390
2,483
5,1288
9,2648
1,397
5,1436
1,418
9,3068
10,2316
10,3490
10,3156
5,1306
10,3623
1,364
10,3288
2,873
1,377
1,406
10,3195
1,577
1,582
4,1095
2,604
1,450
9,2309
6,1892
1,563
10,2985
1,308
6,1515
7,2257
1,278
4,1000
10,2118
1,389
3,751
1,339
1,465
1,490
10,2855
9,3204
5,1204
1,558
1,237
10,3220
8,1995
1,258
10,2700
1,380
1,367
10,2256
10,3323
1,414
1,506
10,2289
10,2219
8,2677
1,437
1,233
3,977
10,2868
1,357
7,1592
4,1211
1,17471
7,1555
10,2437
1,388
1,456
3,716
2,478
5,1788
4,883
1,304
10,2501
4,975
1,364
10,3033
1,274
1,545
10,2982
10,2306
1,318
1,263
1,383
5,1295
3,950
10,3290
1,267
10,2219
10,2046
1,372
9,2135
10,2102
1,474
9,1989
9,1861
9,2378
1,258
4,950
5,1179
5,1599
10,3295
1,245
1,351
7,1726
1,254
6,1581
8,3049
4,3294
7,1938
6,1423
1,430
1,243
10,2484
1,381
9,2169
8,2941
1,234
1,385
5,1592
1,298
10,2967
10,3368
6,1391
10,2544
9,2129
1,356
1,337
10,2442
1,279
5,1260
10,3061
1,246
1,325
10,2926
1,315
10,2324
10,2732
10,3803
10,2365
10,2877
1,242
1,251
7,2172
1,243
5,1518
9,2630
1,394
1,321
10,2814
1,277
10,2258
10,2129
10,2688
10,2163
1,479
1,305
1,233
8,2698
1,409
2,743
9,2318
1,510
1,419
6,2017
10,3546
3,968
6,1689
10,2588
3,890
4,1581
1,342
1,235
10,2166
1,291
7,1947
6,1774
4,1106
1,285
10,3284
1,444
1,369
9,1971
10,3100
1,359
5,1354
1,292
1,231
9,2619
1,281
1,362
2,711
10,3207
1,369
1,375
10,2567
1,336
2,561
4,2076
1,355
9,2898
1,412
1,464
6,1381
1,272
10,2179
1,473
9,2826
1,300
1,250
10,3115
1,272
1,387
10,2965
1,280
9,3126
7,1951
4,975
3,731
1,249
10,2015
1,245
9,2391
1,682
1,265
9,1813
1,265
1,242
2,919
1,271
9,2129
10,2666
9,2002
2,518
1,265
8,1783
1,264
6,1490
1,516
3,804
9,2119
1,292
1,243
5,1733
1,286
6,1293
1,246
8,2669
1,317
1,238
5,1371
1,247
10,3644
1,502
1,356
9,2148
1,346
1,273
3,2570
4,984
10,3026
10,2529
10,3741
1,300
1,451
10,2248
1,226
10,2388
1,669
5,1167
10,2471
1,308
1,263
10,3534
1,397
5,2403
9,1983
10,3390
1,245
5,1804
9,2515
1,295
10,2479
9,2190
1,256
1,456
1,272
1,236
10,2361
1,265
10,2644
3,1271
6,1587
1,326
4,1343
10,2744
1,362
1,584
10,3106
1,260
1,454
1,296
1,242
8,1867
1,274
1,468
10,3307
9,2669
1,255
10,2221
10,3070
1,266
7,2254
7,5905
1,222
8,1885
1,260
1,238
5,1448
1,266
1,450
10,3647
2,667
1,305
10,3684
2,576
1,268
1,480
5,1595
1,278
1,392
4,1197
1,286
7,2459
1,243
1,472
1,584
1,675
1,261
9,2856
5,1740
1,332
8,2827
10,3521
1,239
7,1666
1,252
1,241
1,760
6,1562
1,388
5,1591
10,2258
1,422
9,2455
1,531
1,532
3,1324
10,2523
1,235
10,3085
8,2379
1,368
1,680
1,342
1,265
10,3659
10,2105
1,667
6,1541
1,406
4,1925
10,2560
3,883
1,398
10,3269
10,3343
10,2741
1,562
10,2088
1,252
7,1755
10,2131
1,258
10,3127
1,259
7,2405
10,2966
5,2008
4,933
10,3503
10,2190
10,2291
1,371
10,3017
1,262
10,3348
10,2366
1,500
1,476
1,255
10,3346
10,2307
2,644
1,396
10,2090
6,1427
10,2324
1,467
8,1960
1,338
10,2152
9,2503
4,1021
1,558
1,337
10,3160
9,2800
4,1128
10,3255
2,630
9,2262
9,2316
1,295
10,2844
1,282
10,2093
10,3331
10,2278
8,2670
1,300
9,3117
10,3585
6,1524
8,6008
9,2140
10,2219
10,3361
1,512
9,3175
1,376
9,3197
10,3283
10,2488
7,2646
1,257
6,2100
2,518
10,3446
5,1728
3,856
2,502
10,3218
1,504
2,665
1,292
5,3537
10,2539
9,1930
10,3281
1,307
3,946
1,440
10,3086
6,2023
1,400
1,508
10,3743
1,485
1,339
1,272
3,1178
1,447
9,3297
10,3291
1,329
10,3570
1,333
8,2384
9,3110
1,247
4,1452
1,654
1,2418
4,1147
1,384
1,544
1,376
6,1676
5,1478
1,273
10,3201
1,366
6,1998
9,2020
1,243
7,2472
8,1896
2,906
5,1848
8,2115
1,280
1,309
10,2472
9,3040
10,2127
1,1732
1,285
10,3464
2,498
1,283
10,2348
10,2219
6,1696
10,2212
1,470
1,252
1,283
10,2251
2,547
4,912
1,588
1,439
4,1699
5,1197
1,247
9,2246
7,2442
10,3839
9,2022
10,3374
1,288
1,256
1,453
10,2511
10,2064
5,1326
1,348
10,2551
1,412
1,261
9,2985
10,3112
8,2787
9,2731
10,3477
1,272
1,244
1,582
3,704
10,3322
10,3771
1,318
10,3269
9,2504
1,260
6,1434
10,3694
6,2017
6,1584
10,3368
1,818
1,250
8,2807
5,1549
8,2642
10,4259
1,263
1,643
7,1849
1,267
3,830
10,2113
2,982
5,1728
9,2827
1,293
1,246
10,3902
6,1456
10,7311
7,2599
1,269
1,557
10,2216
1,379
10,2565
2,852
4,1746
10,3023
2,887
10,2823
1,238
4,1968
1,421
6,1402
10,3618
1,327
2,1024
10,2635
1,376
10,2908
9,2774
10,5099
10,3194
9,2524
1,261
1,240
7,2347
1,311
2,986
9,2113
3,1141
1,386
9,2895
10,3107
10,2279
3,1076
10,3767
10,2202
10,2745
1,242
1,241
10,12711
1,241
1,355
9,2720
4,1036
1,429
9,2754
3,927
1,440
1,604
6,4430
1,374
3,941
1,486
1,369
10,2185
1,263
4,960
5,1666
10,3471
1,492
3,1116
10,2792
1,524
1,355
8,5176
1,437
4,1104
3,1010
8,2755
9,3072
1,276
10,3237
3,1353
10,3486
1,338
10,2332
10,2248
1,314
1,282
10,2566
1,371
5,1861
6,2282
9,2780
2,1005
1,234
10,2517
1,625
7,2245
1,500
10,2877
10,2935
1,323
1,595
4,7273
1,352
10,3284
10,2370
7,2461
3,1137
1,553
10,2088
1,375
6,1628
1,685
1,605
7,1662
1,290
1,318
7,1882
1,303
7,2802
10,3621
10,2887
6,2169
1,384
9,2995
1,319
10,3491
1,596
1,370
10,2162
1,289
1,252
3,1363
1,277
10,2541
7,1933
10,3459
1,620
1,438
9,2458
1,264
10,3371
1,558
1,323
10,3259
1,272
1,293
5,1762
5,1096
6,2160
4,1373
9,1970
1,343
1,378
6,1495
1,269
10,2283
8,2788
1,563
5,1323
1,575
1,265
5,1915
1,368
5,1719
10,2683
2,709
1,432
3,1088
10,2560
1,280
6,2186
3,1165
1,356
10,2948
1,479
1,359
3,1319
1,353
10,3273
10,6704
3,1021
1,286
4,999
10,2666
1,259
2,738
10,2647
1,258
10,3695
1,479
1,284
10,3584
1,379
10,3161
3,865
3,832
1,245
4,1298
1,549
1,309
3,1198
6,1802
1,420
6,1331
1,422
3,1128
10,3700
1,453
1,567
3,852
10,2228
1,605
10,2997
1,583
1,352
4,1663
5,1756
1,347
3,1099
1,572
10,2617
5,2594
1,516
1,507
10,5876
10,2096
1,429
7,2710
1,433
1,319
7,2404
10,2449
1,421
10,5351
8,1898
10,3909
5,1901
5,1240
1,371
10,11882
10,2188
1,487
10,3171
1,655
3,966
10,3800
7,2435
1,345
10,3304
7,2227
10,2132
7,2623
1,381
1,337
6,9600
10,3100
1,305
10,3299
1,504
4,1276
10,3477
4,1531
1,349
5,1823
10,2358
7,2343
1,537
10,2553
1,425
10,2380
7,1636
1,409
6,2034
1,264
6,1528
10,3556
5,1419
1,383
4,1262
10,2204
10,3483
1,721
10,3343
1,486
10,3478
10,2670
3,1119
10,3275
1,267
10,2176
8,2674
2,726
1,366
7,2589
9,2206
10,3656
3,1346
7,1692
1,544
7,1710
10,3307
4,1476
2,792
1,244
10,3069
7,2448
1,364
8,2805
1,398
2,508
10,3322
1,413
10,2429
1,433
7,2336
10,2788
10,3020
7,2845
1,243
7,3061
3,1137
4,2412
1,301
1,394
10,3007
5,1391
6,2682
9,2785
1,400
4,1244
3,946
10,2687
6,2799
1,254
6,2236
1,401
1,496
7,2728
1,391
3,1072
3,1066
4,2478
3,1299
1,340
1,682
1,461
10,2122
3,1055
1,267
4,1527
1,445
6,1650
10,3137
1,390
3,781
10,2105
7,5018
3,1076
2,582
1,411
1,398
7,2387
10,3390
10,2191
10,3234
1,387
8,3409
5,1364
1,464
4,957
6,2177
1,398
4,1356
7,1727
1,441
1,397
6,2151
10,8185
8,1829
10,3159
1,693
9,3435
9,3231
1,367
6,2277
10,4146
1,544
6,1615
3,1154
1,484
1,416
10,3473
6,2063
10,2659
2,697
1,616
6,2233
2,861
1,402
10,2537
10,2424
1,705
10,3814
10,4271
9,3082
1,338
10,2580
8,2035
10,3405
3,1134
1,399
9,15522
9,2214
1,376
10,3198
10,2459
1,577
10,3411
10,2954
1,364
1,308
2,602
3,1116
7,2481
3,817
1,567
9,2497
3,1118
10,3543
7,1785
5,2047
1,425
7,2483
10,2447
2,798
1,317
10,3470
7,2091
10,3255
10,3238
1,398
10,3651
5,1992
1,5561
6,1454
7,2009
1,487
6,2021
8,1965
1,354
1,326
6,2032
4,4467
2,822
6,2277
1,457
10,3375
3,1173
2,680
4,1352
4,1063
1,636
4,1721
3,1272
1,466
1,295
10,3399
4,1814
3,857
10,13080
1,520
4,9423
7,1631
1,608
10,3374
1,466
2,932
10,3010
7,2029
1,467
1,268
7,2254
5,2121
2,782
10,2820
4,1526
1,557
6,2332
2,701
10,4304
1,292
1,624
10,2813
2,730
1,377
2,563
10,3053
1,625
4,1073
8,2859
1,580
1,509
10,3193
8,2547
10,3363
1,375
5,1497
10,2568
8,3024
1,431
5,1769
10,2961
1,467
10,4767
7,2667
10,3516
5,1319
10,2582
9,3457
1,597
1,285
2,776
1,587
4,1134
6,1572
7,1672
8,2715
1,388
10,3134
7,2698
9,3144
1,409
10,3380
10,3610
1,428
1,540
3,1283
1,739
1,496
1,365
6,12562
3,887
1,453
10,2139
4,1270
6,1497
1,482
10,3828
8,2922
1,1660
1,402
5,1848
3,1276
5,1290
1,488
10,6663
4,1269
1,635
10,3214
1,646
9,3109
1,646
10,3302
6,1862
1,427
1,385
8,2662
1,384
9,2809
8,2807
10,3649
1,395
1,468
8,2165
1,578
10,3473
1,413
4,1656
10,3759
1,310
1,382
7,2534
1,814
6,1807
10,3529
8,2837
1,463
1,481
6,1818
1,589
10,3183
1,470
10,2450
1,643
1,337
1,528
5,1757
1,406
6,2117
4,1566
5,4568
1,292
2,812
10,7163
1,447
1,636
1,270
1,609
4,1499
1,254
1,505
8,3281
1,289
9,2747
10,3371
4,1198
1,433
1,547
10,3352
1,394
7,2443
1,381
1,695
7,2614
1,394
1,461
7,2008
1,372
5,1987
9,2594
2,857
1,428
1,432
1,487
1,659
7,2383
1,571
1,439
5,5924
1,367
2,766
5,2099
1,327
10,2922
2,953
2,798
1,472
1,653
1,366
1,582
5,1898
1,644
1,694
10,4056
1,430
9,2685
2,1122
1,288
1,599
8,3319
1,563
1,2194
5,1517
1,705
1,506
3,1260
7,12655
1,388
8,3554
2,638
8,2663
9,6333
1,374
4,1133
7,2729
10,3521
1,396
4,1632
1,590
1,525
3,1361
5,6968
1,363
10,26260
7,2169
10,3546
3,1333
7,1618
1,476
2,901
10,5058
1,466
1,579
1,430
1,520
5,2312
3,1444
1,521
3,28002
3,759
10,3614
7,2672
3,2316
1,700
3,1146
8,4723
1,421
10,3487
1,519
2,1019
10,3739
10,4117
1,452
10,7996
6,1830
10,3244
2,905
10,3377
1,602
10,7774
10,4975
2,804
8,2782
1,367
4,1719
10,3303
7,4455
1,647
3,1352
10,2402
10,2416
3,961
10,4413
1,593
10,3165
8,2518
4,1526
6,2975
1,426
6,1745
3,1088
8,3058
1,718
5,1939
10,2280
7,1899
8,2589
6,1710
1,494
10,3242
10,3901
10,3275
6,1915
1,309
1,397
5,1762
3,1418
2,579
2,1001
8,2407
3,1251
3,1194
10,2158
1,484
7,24869
9,4133
1,385
9,3036
1,296
10,2218
7,2687
3,1120
7,2822
7,2392
3,844
6,2152
5,1748
7,2245
1,377
3,1054
10,4777
9,3054
4,1320
10,2534
8,2749
1,1382
7,2644
3,1314
1,636
7,1783
8,3164
10,3352
4,1148
1,570
8,2826
1,593
8,2982
8,2819
5,2042
6,2283
5,7065
2,881
6,2224
1,538
4,867
10,3008
1,602
2,831
1,428
7,2137
3,889
6,2145
2,675
10,3386
4,1853
1,563
1,745
10,3410
1,650
2,688
10,8682
8,2470
4,1128
1,382
3,2888
1,453
9,3054
7,4931
10,8761
10,3395
1,689
3,1258
5,1302
8,3018
4,1288
3,1265
7,2008
5,1756
7,2036
1,1842
1,382
10,2410
5,2013
6,5203
9,4157
1,598
1,462
8,2432
1,5298
6,1755
10,3354
1,366
1,379
5,1560
1,573
1,288
1,539
3,1301
10,3672
2,851
1,558
3,735
3,1118
1,444
1,549
7,2446
2,685
8,3239
5,1720
1,621
1,294
2,839
5,3606
5,1813
8,3905
1,455
7,2475
7,2167
1,399
9,3698
4,1181
1,524
9,3133
3,1301
1,524
1,264
8,2653
8,2958
4,1694
7,2493
1,487
9,3444
4,1327
4,1025
8,2497
2,690
1,505
6,2068
10,3387
1,365
1,540
7,2589
10,3422
2,802
5,1848
1,435
3,5126
2,709
1,2062
6,1865
1,465
5,1692
5,12677
10,2420
5,1575
1,1468
5,1270
8,2978
2,666
2,904
1,716
5,2382
5,1360
1,343
4,1396
1,541
1,386
10,4099
3,1069
1,528
1,678
10,3018
3,1478
4,1304
3,1279
1,652
7,2463
2,1703
1,408
10,3526
1,592
7,11443
9,14358
5,1811
1,437
1,507
5,5068
5,1916
1,392
10,3359
2,727
6,2263
8,2746
2,751
9,2954
1,357
1,708
10,3331
5,1805
1,383
7,2567
7,6123
2,899
8,2994
7,2706
1,393
5,1741
1,411
10,5467
10,6761
1,386
1,544
1,422
7,5267
1,457
5,1513
10,3399
5,2189
9,2804
10,3487
3,1167
7,2380
6,2069
1,25790
1,487
1,485
1,519
1,453
2,831
4,1353
5,2161
10,3134
7,2747
8,2409
3,1244
10,3199
7,2538
10,3409
10,3989
1,435
1,400
1,654
1,410
8,3006
1,472
7,2725
3,1055
2,1075
6,2357
5,3361
5,1489
3,8389
8,11307
6,3983
1,414
1,361
1,440
1,382
1,599
1,402
10,40023
5,1557
6,2007
10,2835
8,4088
5,1390
5,2409
4,2544
5,1806
1,491
1,289
2,799
1,415
3,1271
1,381
8,37689
5,1750
1,569
6,1736
7,2601
6,2424
1,885
6,2004
6,2869
1,363
1,404
1,1596
1,394
6,3815
7,2268
3,1332
3,977
1,559
10,3516
3,1272
8,9933
1,552
9,28691
5,7547
1,468
1,694
8,3157
1,435
4,1629
9,4756
5,1883
1,1615
1,523
9,2945
1,631
7,2527
2,808
9,7355
5,1788
1,415
1,433
5,1881
1,313
5,1305
5,4631
5,1779
1,471
1,641
1,428
1,526
5,1744
1,1581
1,384
5,1790
1,622
6,1738
9,3330
2,541
6,2267
10,3854
2,867
1,420
1,550
4,1215
1,507
5,2601
1,431
10,7418
4,1286
1,344
9,2860
6,2243
1,325
6,1583
6,2225
2,919
1,475
1,409
1,549
1,484
3,1402
1,516
1,339
2,1113
1,400
3,1196
1,637
1,372
4,1236
7,2439
4,1456
1,427
4,1713
1,349
1,462
3,985
5,2358
1,334
8,3209
1,571
5,1783
2,924
1,458
7,1928
6,2081
1,325
1,478
1,461
1,430
3,1313
2,1051
1,381
1,419
6,2139
7,2207
10,3108
3,971
2,828
6,2394
3,1163
8,5511
1,564
1,297
1,583
1,518
2,963
3,1405
1,935
9,2829
5,1759
5,1547
1,516
7,2788
1,610
3,1094
3,3048
1,454
1,379
1,403
1,596
7,2806
1,364
1,593
3,1313
5,1603
3,1338
4,1143
8,2865
1,491
3,1392
5,10289
1,457
1,248
1,452
2,571
8,3571
1,465
1,597
10,3802
7,2672
7,2925
9,3094
8,2811
4,1514
2,1081
10,6110
1,381
1,375
1,319
1,445
3,1159
1,657
1,310
6,6346
3,1067
5,1880
5,1683
3,1812
5,2077
3,1277
8,8367
2,1154
4,1174
1,380
4,1802
5,1989
1,540
1,665
7,2461
8,2800
5,2035
10,3057
7,2385
1,539
8,3585
6,1908
4,1621
1,340
1,377
1,417
10,3934
2,807
4,1487
2,799
2,482
2,763
9,2671
10,16107
3,1279
3,1122
7,2550
5,1615
3,1120
1,352
1,605
8,3151
8,2797
1,552
1,476
10,3310
6,2505
1,620
10,3306
1,542
9,3071
6,1927
1,495
9,3047
10,10447
1,578
7,2636
8,2744
1,348
4,1352
3,1045
8,3351
1,506
3,1037
1,478
6,5072
7,2309
3,967
5,1425
7,8750
7,3246
2,999
6,4867
5,1694
4,1449
5,1756
3,1184
5,1875
7,2398
1,397
6,7042
2,822
3,1126
6,2165
5,1622
3,993
2,813
5,1956
5,1816
7,2296
5,1854
9,3214
4,1534
3,1084
1,456
7,2620
5,1679
5,1948
6,2181
10,6352
7,3441
1,649
3,1016
10,12611
1,430
3,1166
10,4037
5,1386
2,834
1,488
7,27639
3,2471
8,2750
6,2248
10,3047
8,2979
1,548
7,2681
3,1635
1,507
7,2201
6,2208
6,1409
4,1410
1,420
2,995
1,521
6,1968
7,2453
7,2747
6,1747
1,590
5,1919
8,2892
1,387
1,642
7,2002
6,2009
2,1012
1,425
4,1477
3,1739
5,1870
5,2316
3,1145
7,2486
1,551
4,1307
8,2945
1,418
4,3497
2,790
7,2179
1,555
2,767
4,1865
1,536
6,2128
4,1517
5,1909
3,1320
5,1857
2,15886
5,1818
1,480
2,1045
4,1505
9,3441
7,2277
2,697
1,1251
1,487
7,2795
3,4843
3,1405
6,2270
7,4477
7,2831
5,1762
1,413
6,4128
1,479
1,534
4,1481
8,2565
7,2652
1,481
7,2497
2,912
2,885
7,2379
1,7532
1,488
2,627
1,432
1,4762
1,523
1,447
3,1113
5,1746
1,621
1,675
5,1817
2,908
3,804
3,1352
1,575
2,886
7,2160
10,3482
3,1095
1,352
4,1521
8,2638
3,1680
1,493
3,2573
3,1521
8,35592
2,816
3,1390
4,18461
3,1252
4,1128
1,352
9,3074
7,2313
1,350
6,2080
10,3522
1,488
1,389
2,16464
6,30158
1,597
2,1042
1,25791
8,2782
2,690
1,364
5,1582
1,393
6,17269
6,1924
8,2884
1,474
1,407
2,792
3,20752
4,1640
2,1520
1,1577
2,821
1,466
1,370
6,2008
1,477
1,586
8,2846
7,2749
1,440
1,357
8,3326
5,22821
8,3995
3,36544
8,33550
5,1516
6,1862
1,512
7,2036
1,430
4,3440
7,2341
2,2984
1,451
1,370
3,939
10,14354
10,3280
8,30662
6,38089
6,2053
1,360
1,381
4,1582
1,378
5,2103
3,900
2,743
2,688
1,365
5,1868
7,2425
7,4678
3,22748
1,522
6,1444
7,2476
4,1455
8,3110
1,454
1,1263
7,2403
5,4928
1,446
2,978
6,3668
8,2049
6,1899
3,968
1,526
2,973
9,3387
6,2167
6,1544
4,2065
3,1324
6,1660
6,2031
1,467
2,880
10,3845
2,673
5,1891
5,1624
1,346
1,461
8,7585
6,2032
7,1689
1,345
1,791
1,357
7,24242
1,412
8,2230
7,2654
4,1000
8,2339
8,2983
4,1290
8,2913
5,1794
8,1748
5,1619
1,3289
1,601
1,470
4,21378
1,514
6,2610
8,2808
5,1807
6,1886
7,2385
8,2688
8,2700
6,2653
1,559
1,414
1,378
1,605
1,536
8,21737
1,419
10,7969
2,830
7,2448
4,1565
2,822
2,644
3,1081
5,2141
8,4919
1,663
2,788
1,469
3,1032
1,694
4,1512
7,11101
7,2536
1,463
5,2628
7,2692
6,2438
4,1394
6,2110
3,1068
1,644
1,362
1,420
1,410
2,2080
2,813
7,2300
1,465
2,1478
1,479
7,2364
6,2424
1,407
3,1052
2,712
1,486
2,785
3,1138
1,425
5,1793
5,1820
8,2764
5,1596
1,458
1,432
5,1650
1,544
1,358
1,496
10,3074
1,446
8,2945
1,649
3,1314
4,1485
10,2684
2,687
1,407
4,1792
6,35562
1,658
2,839
10,3408
1,313
9,3434
3,996
5,1601
2,662
3,1076
2,893
10,3349
4,1571
4,1280
1,416
3,2381
7,23475
8,3286
1,340
2,808
2,975
1,361
6,1835
5,1322
1,403
8,2763
1,476
1,479
1,431
1,416
1,943
1,609
10,3475
1,557
5,1447
1,479
1,467
1,502
7,1902
1,504
3,1335
6,2090
2,835
1,2963
1,494
1,467
2,740
4,1436
1,499
1,693
6,2052
1,552
2,827
10,2961
1,578
6,2847
8,2781
4,1680
2,900
2,638
1,472
6,1994
9,3222
9,2861
1,647
6,4005
3,2042
6,2034
9,2252
1,424
8,2861
3,1096
2,1003
1,6799
8,2912
6,1867
1,453
10,3257
1,311
4,8220
4,3392
1,373
8,2613
10,3861
1,2157
1,496
9,2910
10,3484
1,474
1,1288
1,415
4,2511
5,1913
1,406
5,2004
6,2007
1,505
4,1528
10,4442
2,1153
2,689
10,7258
5,2189
4,1857
1,399
1,508
1,652
5,1838
4,1268
1,458
10,3430
2,718
6,6411
8,2455
7,2689
8,3141
2,782
6,3287
1,473
8,3041
2,705
2,830
1,403
1,330
3,1209
9,3002
2,832
4,8942
5,1921
3,1174
1,727
5,8411
6,2123
1,396
1,710
1,390
1,382
6,3318
1,469
1,1828
7,17365
3,1245
3,974
10,3725
8,2498
1,1289
5,1814
1,495
1,493
1,462
1,402
8,5973
5,1848
1,432
1,570
4,6381
3,3843
10,3505
6,1975
3,36928
2,771
6,1995
8,3032
2,1034
1,402
1,506
1,3073
4,1410
2,689
1,469
4,1510
6,4079
4,1341
10,3902
5,31951
1,545
6,1968
8,2725
8,2886
1,536
8,3464
1,429
7,1852
1,432
1,602
6,2006
10,6857
9,3063
10,2406
7,22170
10,6162
7,2398
3,1115
1,562
5,2367
3,1288
1,357
6,2548
5,1678
1,586
4,1639
7,1820
10,12355
10,3627
2,716
10,16061
5,1662
4,1338
1,516
8,2888
9,3733
1,468
5,1848
6,2115
2,1128
1,528
8,2657
6,2099
8,2853
7,2309
1,398
10,5544
10,3668
1,489
6,2243
4,1424
1,421
9,3082
6,1917
8,4009
3,1041
7,2215
1,580
10,5288
5,1750
9,4926
8,2706
9,3052
5,1819
2,920
10,14080
1,526
1,585
6,2101
6,2376
1,376
4,1389
6,2207
4,1342
7,2169
1,647
4,1705
1,551
6,2386
8,3066
7,5983
5,1771
4,1523
7,2461
3,1206
1,458
7,8757
4,1782
1,593
1,470
1,786
4,1592
1,504
6,2009
2,778
7,2462
4,1519
1,351
10,3029
6,2207
1,550
1,487
6,2116
1,630
2,834
1,658
5,3813
1,501
9,2944
3,1193
2,816
6,2575
6,2149
5,1411
10,3375
1,471
2,801
7,4053
1,449
4,1461
1,550
3,970
1,490
2,796
2,799
1,478
1,430
1,428
4,1446
8,2878
1,477
4,6387
10,3305
1,587
2,968
1,461
2,805
2,715
8,2687
10,17513
1,495
2,964
1,783
4,1410
2,838
1,337
2,878
4,1322
1,360
8,2879
1,503
1,401
1,310
3,1206
6,2151
2,824
8,3456
3,1247
3,1348
4,1756
1,356
8,7295
9,2033
1,314
5,2006
1,604
1,543
1,436
4,1488
1,454
3,1210
3,1356
4,1459
3,1031
4,1458
1,444
6,1966
4,1506
1,540
6,2692
5,1781
1,494
7,1772
10,3250
6,2251
6,3681
10,11792
1,454
4,1473
7,2530
10,3086
5,4229
6,6199
1,498
6,2383
6,2328
1,435
1,309
6,2286
3,1140
2,739
9,3063
1,434
5,1802
4,1515
1,363
6,2292
1,428
1,421
2,663
4,1427
1,310
1,429
1,560
6,2079
5,3086
6,2311
1,396
2,557
2,851
3,1067
1,361
1,438
1,447
1,406
6,2298
1,571
1,453
6,2041
7,2537
6,1757
6,2169
1,504
2,797
6,2429
5,1196
2,979
3,1158
2,643
8,2675
7,2060
1,385
6,1558
5,1647
10,6402
8,2003
4,1571
1,663
7,1622
2,857
2,603
8,2765
1,438
2,869
1,522
9,3376
1,667
1,291
4,1329
4,1448
1,380
2,752
1,463
10,2402
5,1553
10,3025
3,1431
4,1299
2,698
3,1244
5,2392
1,1953
1,484
6,2019
9,2864
4,1280
5,1719
1,525
9,2149
10,3184
7,2183
4,2194
1,422
2,450
1,409
6,2602
3,1139
6,2407
7,2305
4,1443
8,3108
6,2306
4,1161
6,2200
7,2498
5,5035
1,651
1,458
7,2450
8,3731
4,1353
1,386
4,1596
4,1389
4,1530
8,6640
7,2092
4,1595
5,1790
1,601
10,3085
9,6345
1,503
10,3569
1,472
4,1745
1,443
3,1256
9,3012
7,6426
3,1482
4,1520
2,632
10,3318
8,2901
10,3150
1,617
2,1017
8,2722
4,1386
3,1261
5,1326
10,3505
4,1230
3,1132
1,443
8,2153
2,883
8,2597
1,372
8,3172
10,6278
1,577
10,3441
9,3071
3,28962
8,2295
4,1361
5,1703
1,369
2,815
4,1370
9,2220
8,14230
1,481
6,1455
1,3076
1,413
8,1936
10,3132
7,2276
2,768
9,5716
6,2084
1,431
10,4094
6,2136
6,1816
1,627
3,1024
10,2251
1,526
1,404
8,4800
1,405
1,582
7,2226
4,1472
4,1291
1,438
1,539
5,1853
10,2547
1,549
8,2637
10,2201
1,485
1,401
10,3519
2,693
5,1284
10,2696
6,2080
1,391
1,431
9,3564
4,1545
6,2182
1,494
1,366
10,2387
1,552
3,1284
3,1233
1,510
2,891
9,2628
3,1061
1,440
1,413
2,890
3,902
10,3119
1,320
1,447
10,2849
1,2121
1,361
9,2947
1,443
5,1725
10,3482
4,982
3,1072
1,400
1,1959
1,563
8,2751
1,383
3,1044
10,3053
9,14172
4,1458
1,570
1,456
2,975
5,1943
2,765
1,368
1,410
1,390
1,534
8,2784
1,414
1,369
10,6147
1,484
8,2531
5,1802
1,426
9,3014
8,7213
2,564
1,420
1,307
1,393
1,481
8,1917
1,2319
1,476
4,1373
1,433
2,752
5,1884
1,533
5,1661
10,3415
10,3175
1,418
10,3840
1,695
1,7131
10,3538
1,587
10,3390
1,528
1,325
7,1767
10,3738
2,3436
10,2870
7,1629
10,3252
1,485
3,791
1,606
1,415
6,2546
1,609
9,3191
1,316
1,551
6,2111
10,3290
1,471
10,3379
10,2219
7,2329
1,495
1,351
6,2328
1,512
10,3224
1,566
1,880
1,264
1,483
9,2193
10,3349
5,1762
8,3654
10,3015
9,2892
1,410
1,355
1,370
1,463
10,3348
1,534
1,474
1,278
5,1761
9,3070
10,2665
8,2801
8,6834
10,3444
6,2241
1,371
5,1796
1,670
1,544
10,3226
10,2494
1,549
1,382
5,1786
10,3690
5,1444
6,2395
5,12022
10,2660
10,4023
1,499
2,780
5,2149
3,1007
10,6824
10,2808
1,427
1,285
4,1411
8,2607
5,1349
5,1733
1,634
10,3440
8,2104
3,1271
2,609
1,355
1,487
2,831
10,3773
2,1021
1,302
6,1626
1,1591
1,383
6,3597
1,550
3,846
8,2737
5,1465
5,1444
1,398
1,499
4,1353
10,6662
1,452
1,374
7,2605
10,19842
1,284
7,4504
1,3571
1,585
1,360
10,2245
7,2526
1,512
1,437
1,484
10,3253
6,2293
1,335
9,3372
6,1395
1,257
5,1722
1,842
1,702
1,466
2,729
5,1823
6,2077
10,3305
1,523
10,3170
4,1249
1,308
5,5945
10,3598
1,377
4,1767
1,791
1,509
1,406
2,723
10,2589
5,1695
5,1664
1,494
2,751
6,1371
10,2184
5,8698
10,3478
1,353
3,1561
1,459
7,1770
1,424
5,1692
5,1825
5,1581
2,923
1,459
3,903
10,3450
2,553
4,4099
10,3140
1,364
4,3963
1,495
1,268
1,497
7,2492
8,5852
4,1629
5,1451
1,612
10,2808
7,2420
6,1394
6,2015
10,3838
1,406
5,30987
1,17857
1,272
1,399
5,2181
8,3222
5,2193
7,2309
1,559
7,2103
9,4677
7,2562
3,1151
10,3327
1,404
3,1104
1,482
1,449
1,352
9,2409
6,2146
9,3055
9,2199
1,332
10,2381
4,1490
10,2286
3,1408
4,1457
1,404
1,404
1,472
1,264
1,478
8,4936
10,3707
4,1377
5,1898
1,440
10,3477
6,2269
8,2395
1,628
1,481
1,381
5,1452
6,1754
1,304
1,309
5,1625
10,3503
5,1814
10,3633
1,299
10,2823
4,1827
4,1736
5,1534
1,362
10,3618
2,801
10,3435
1,248
1,334
8,2480
10,3650
5,1681
5,1629
1,718
8,3105
3,1131
10,3996
5,1654
1,460
4,1088
5,2019
10,3618
1,257
1,325
1,496
10,3519
3,1310
8,3107
2,830
7,2611
5,2096
10,3479
2,740
1,381
6,1515
2,828
10,23642
2,598
10,3141
10,3025
10,3741
4,1158
10,3664
3,1106
10,3428
3,1315
3,14549
2,979
1,350
10,2542
7,1734
10,16814
2,526
6,1812
6,2088
10,4202
2,653
7,1647
10,4972
3,1162
5,1585
5,1320
7,2050
1,1143
10,5268
9,2647
4,1452
6,1686
10,2056
10,2124
4,1589
2,491
10,2263
7,2338
1,489
2,861
10,3300
9,1998
1,519
10,4353
5,1974
10,5185
3,1043
10,2198
10,3493
1,617
2,874
10,2659
10,7758
1,467
2,731
5,1845
9,2038
1,506
6,3191
10,3261
2,855
10,3459
10,3239
10,2491
1,641
10,3449
10,3772
8,3373
1,454
7,2035
10,2702
5,1904
1,440
4,2653
5,1988
8,2239
10,3215
10,2652
10,2544
1,494
7,2375
10,3687
7,2709
1,406
10,3192
10,2441
10,3551
1,373
10,3426
8,2662
2,621
8,2234
4,1537
8,2910
1,358
6,2020
8,2696
10,3822
1,399
10,3232
10,4005
5,1680
10,3366
10,3034
8,2556
6,2087
8,2282
2,623
4,1674
1,252
10,3224
3,1292
10,3161
1,377
10,2688
10,2277
8,3398
2,611
8,7761
10,3089
10,6689
10,3379
3,1197
1,619
1,317
10,3137
1,422
3,1176
1,1160
10,3444
5,1206
8,2877
3,1164
6,2089
1,649
7,9673
4,1716
7,1635
1,633
1,280
8,2864
1,287
5,1832
1,338
8,2488
5,1151
1,489
2,717
10,3720
1,423
10,3229
9,2220
10,3032
1,325
1,313
8,5254
1,806
9,2765
1,252
8,3032
4,1527
1,481
7,9049
10,3389
1,456
8,2561
6,1507
10,3222
1,301
1,243
8,2679
1,538
5,1730
1,250
1,665
1,435
1,393
8,2861
10,3564
1,598
4,4269
5,1316
10,3441
1,318
1,249
1,466
1,568
5,1686
10,2298
1,486
1,412
1,300
8,2711
10,2789
1,671
10,3025
10,3363
10,3087
1,448
10,3279
1,499
1,583
10,2923
9,2534
1,452
1,262
1,384
10,6730
2,801
1,449
10,3434
10,3365
8,2101
1,685
2,872
1,405
1,358
10,2743
5,1443
1,549
1,305
1,545
7,11096
4,1251
1,379
3,1195
10,3484
7,2350
1,645
6,2151
1,362
2,975
10,2357
10,3399
1,321
1,276
1,500
10,3898
1,361
7,2319
1,486
10,2701
10,3408
1,613
7,1721
1,402
1,448
10,3233
10,3263
1,300
1,283
1,461
3,829
1,319
1,327
1,736
1,478
3,947
2,622
10,3385
1,393
1,381
1,518
10,2334
1,311
1,311
1,439
10,2858
1,282
1,409
1,346
4,1104
1,1423
1,338
10,2544
1,548
1,372
5,1755
1,423
1,419
1,251
1,492
5,1725
1,260
1,330
1,431
5,1248
1,512
2,652
8,1926
1,674
10,2625
1,491
5,1697
1,306
1,393
1,401
5,1230
1,278
10,2658
1,531
1,535
1,411
10,2370
10,3582
1,583
2,483
1,380
10,3197
1,298
1,379
6,1855
10,2591
1,275
3,1234
1,416
1,363
1,278
6,2239
4,1304
1,655
2,561
1,344
10,2887
6,1800
6,1740
10,5529
10,3508
1,302
10,2906
1,403
1,295
1,459
7,1612
3,1020
10,2709
6,1551
1,322
10,2198
10,3077
10,2411
10,3436
10,2740
1,259
10,3819
1,449
1,266
1,311
10,3705
10,3499
3,910
10,3631
1,368
10,2782
10,3325
10,3315
10,3174
10,3438
1,277
8,3172
1,601
1,244
1,402
10,5609
5,2203
10,2385
10,2964
1,480
10,3214
10,3264
10,3296
10,3444
5,1424
1,684
10,2999
1,340
1,249
1,319
8,2697
5,1863
6,1871
4,1362
1,465
10,3363
10,3275
10,2886
8,2951
5,1292
3,1130
2,1178
5,1978
1,256
1,252
10,3121
10,2579
10,2229
8,2613
1,374
10,3095
10,3255
10,3334
4,1278
1,454
10,2623
2,881
10,3037
1,660
1,232
4,1190
10,3765
8,2708
8,3270
1,366
10,2207
4,1358
10,3609
2,821
1,348
7,2924
2,659
10,2444
1,389
10,2987
3,771
10,4092
7,2723
10,2784
1,383
1,423
6,2237
7,1906
2,757
1,243
10,3729
6,1791
10,2251
1,289
5,1500
9,2005
10,2848
4,1539
9,2524
6,1508
1,320
2,733
6,1993
2,514
1,288
7,2438
10,3099
10,4711
10,2810
10,2655
5,1337
5,1374
2,712
6,1838
10,3469
1,329
4,1575
10,3313
6,1612
1,339
10,3652
7,3112
10,2614
4,1338
5,1169
5,1549
5,2161
2,579
5,1710
10,2257
1,329
10,3653
10,2337
7,2128
1,283
3,1012
10,3685
5,1342
10,3436
10,2382
10,3362
1,552
3,906
10,2625
10,3874
1,280
7,5853
10,2882
10,3840
1,289
10,2474
8,3139
10,3472
6,1671
10,2895
10,3336
1,442
7,1769
10,8556
10,3212
1,313
10,2154
10,2161
10,3313
1,319
10,3593
8,2815
6,2354
10,3258
5,1287
10,3582
1,432
10,3457
10,3862
4,1216
1,346
8,1792
10,2117
10,3468
1,366
8,3010
10,3644
10,2480
10,3233
5,1177
10,2152
1,264
10,3197
10,3405
10,3008
1,485
10,3128
3,1088
8,2364
1,370
5,1386
4,961
10,3850
6,2154
4,1324
1,317
1,257
10,2907
1,608
10,2275
1,450
10,3621
4,1329
8,2530
10,2735
10,3612
10,3366
10,3917
4,1544
10,3295
5,1348
1,238
8,1707
5,1310
6,1620
1,383
10,3547
5,1956
4,1623
10,2840
10,3052
3,1388
10,3875
10,2662
10,2165
5,1232
1,341
7,2338
4,1611
4,1461
10,2261
1,482
1,655
10,2903
6,1660
10,3213
1,426
4,1359
10,3722
10,2694
1,451
1,421
10,3317
1,595
10,3125
10,2166
1,488
1,621
3,1299
10,3682
10,3361
1,355
10,3584
10,3687
10,2257
1,283
1,351
10,3374
1,277
8,2800
6,2054
1,433
1,440
1,538
10,4890
2,915
1,489
10,2445
6,1486
10,9152
1,358
1,398
3,836
1,282
10,2421
10,3515
3,1081
1,638
1,396
4,1212
5,1820
1,429
1,621
10,2757
10,3052
1,396
10,3191
1,531
1,318
10,3415
10,3240
1,379
1,409
1,315
10,2235
1,480
1,286
1,587
10,2586
6,2163
1,322
10,2673
1,507
1,447
10,2233
10,2463
1,288
1,459
1,262
10,2163
1,395
1,406
1,448
10,3244
10,2270
1,314
10,3161
1,481
1,379
10,3123
4,1832
1,369
1,421
1,292
10,2404
1,362
1,401
1,429
10,2265
1,526
1,466
10,3349
1,439
1,263
2,649
10,3370
1,385
1,410
1,273
8,2321
1,369
1,449
1,393
4,1678
1,494
1,491
10,3625
1,299
1,681
1,827
10,2434
1,377
1,312
1,350
6,2190
1,349
1,399
1,313
1,629
1,435
1,363
10,3015
1,262
1,371
1,410
10,3395
1,374
1,353
1,401
10,3493
1,371
6,2021
1,568
1,435
1,282
1,267
10,3562
1,391
1,272
1,281
10,3326
1,430
5,1242
1,527
10,3313
1,420
1,333
1,639
1,312
1,288
10,3485
8,2661
1,440
10,2740
1,375
10,3460
5,1855
10,3145
1,420
10,3797
1,373
9,2048
1,399
1,350
1,265
10,3373
10,3505
1,400
10,7240
1,657
10,2466
5,1865
10,2267
5,1564
10,2913
1,262
4,1564
1,380
1,280
1,282
10,2953
6,1563
1,294
6,5715
1,323
10,2241
10,3369
10,2318
5,1672
2,652
1,384
5,1741
8,2213
1,403
1,774
10,2184
10,2406
10,3061
10,2378
1,283
10,2392
10,3386
10,2168
9,2945
4,974
2,1033
10,2417
10,3812
1,303
1,618
10,2843
10,3469
5,1181
4,1138
1,279
1,451
10,3319
10,3097
10,3172
1,369
9,2573
10,2380
10,3799
1,448
1,318
10,3458
10,3441
9,1808
10,2410
1,327
1,297
10,2479
10,2283
10,2212
1,386
1,808
10,2370
10,2835
1,477
10,2281
10,2597
10,2662
5,1245
6,1629
1,399
1,410
5,1786
8,2950
10,2414
1,380
1,582
1,513
10,3593
1,721
8,2382
10,2682
2,860
5,1168
10,3847
7,1814
1,291
5,1233
5,1566
5,1273
1,304
10,3610
5,1409
10,2797
10,3634
10,3596
8,1812
4,1572
10,3338
10,3261
10,3822
1,310
10,2356
10,3406
1,277
1,233
10,16591
10,3608
2,689
5,1779
6,1639
6,1539
1,370
5,1584
10,2842
10,3244
1,352
10,2335
10,2187
5,1100
1,327
9,3354
6,2356
10,3019
7,3435
10,2338
10,3241
1,418
1,349
4,1505
10,3392
1,544
4,969
10,3613
6,1647
1,579
1,574
10,3425
7,2618
10,2448
10,2356
10,2909
1,300
5,1136
1,449
3,994
1,1077
10,2922
10,2805
10,2284
1,359
9,3243
10,3404
10,2878
10,2224
2,747
10,3320
1,280
5,1203
1,290
10,5180
1,1160
10,6777
10,2738
10,3209
1,380
8,7132
10,3707
10,4295
10,3203
4,1375
10,2417
1,250
10,3541
1,315
10,3395
1,561
10,3066
5,1694
10,2491
1,545
4,1495
10,3051
10,4734
5,1549
5,1832
2,768
1,327
10,3158
1,266
10,3639
10,2712
6,3560
2,748
10,2458
10,2436
6,2065
4,1317
10,2335
3,2592
10,3221
4,1376
1,405
10,3081
1,241
5,2023
10,7081
10,3040
3,1161
10,4032
10,2862
5,1943
10,2947
3,1096
10,3594
10,2392
1,449
1,392
10,2304
1,271
10,3392
5,1396
10,2090
1,464
4,1583
10,2976
6,2379
10,2501
10,3259
9,3336
10,4185
1,424
1,322
10,2261
1,268
8,3024
10,2771
1,409
1,478
10,5311
7,1750
9,3043
1,532
10,2975
10,4907
10,2811
1,269
1,388
10,2423
1,247
5,2099
10,3495
1,267
1,596
10,3648
3,1279
5,2031
1,440
1,635
5,1793
5,1135
1,312
1,262
10,3432
1,284
10,3439
10,5523
1,245
1,386
1,550
10,3392
7,6087
1,298
1,909
10,3738
10,2069
1,290
9,2017
10,3226
1,329
10,2977
5,3043
1,227
1,484
1,300
10,3262
9,3165
1,264
1,552
10,3429
10,3232
1,518
10,3375
1,407
10,2552
10,3501
9,2514
1,247
1,486
1,425
10,3687
5,1852
1,278
1,480
10,8684
1,466
1,506
10,2657
1,449
7,2466
10,3324
10,4010
1,228
1,742
1,322
8,2743
1,637
1,300
1,434
10,9601
1,438
1,409
10,3601
1,296
10,3608
1,521
1,479
1,227
1,617
1,373
5,1620
4,1594
1,319
1,454
1,455
1,496
1,415
10,3448
1,282
10,3351
1,646
7,2682
1,277
1,491
1,358
10,2478
1,477
1,285
1,536
5,16990
1,519
1,254
10,2672
1,296
10,3408
2,920
10,3070
1,250
1,468
1,697
10,2800
1,533
1,340
1,266
1,535
1,367
10,2421
5,1844
1,378
10,3646
1,462
10,3663
1,282
7,1847
1,464
10,3438
1,440
1,334
1,251
1,423
1,316
10,3631
10,3510
1,296
3,935
1,1154
10,4128
8,2867
9,18859
1,374
10,3550
1,386
10,2727
1,318
1,385
1,289
10,3369
8,2942
1,264
10,2520
1,1059
10,4426
6,3039
1,765
1,373
5,1922
3,1036
10,2446
8,2958
1,501
1,273
10,3331
10,3204
1,251
5,1848
1,503
1,3883
10,2515
10,2159
8,2278
2,745
1,375
6,2315
10,3472
1,300
1,435
10,4900
10,3405
1,260
9,2611
1,534
9,6392
10,2926
10,3938
10,3520
1,1637
1,504
10,2373
10,3487
1,495
1,440
10,2757
10,3248
10,2518
10,3457
1,593
3,800
10,2247
10,3377
6,1736
1,466
1,521
10,2469
10,6465
1,429
10,3287
10,3160
10,2920
9,2033
10,3827
1,426
1,629
10,3335
10,18207
10,3359
1,332
1,665
10,2743
10,4639
1,673
10,3561
10,4210
5,1802
10,2113
5,1958
1,574
1,558
2,703
1,363
10,2218
1,379
1,667
4,1754
10,2792
1,547
10,3613
5,1706
2,910
8,2079
10,8534
2,1171
1,475
4,1092
9,17240
10,2533
1,396
5,1500
10,3861
2,991
1,430
5,1911
8,2886
1,464
6,1494
10,12103
10,3758
1,629
10,2581
5,2950
2,730
1,251
1,346
7,2375
9,21041
3,1204
8,5060
10,2921
1,561
10,3194
1,402
1,410
1,438
1,404
5,2116
4,1072
1,361
1,634
10,2287
2,1045
10,2781
10,3132
10,3953
1,440
1,389
1,563
10,5225
1,687
5,1796
6,2179
7,2416
1,567
1,684
10,2266
10,3190
2,1101
10,3414
10,4490
1,262
2,1106
1,371
7,2386
1,516
10,2620
5,1591
10,3334
1,982
3,1358
10,3160
1,313
9,8436
5,1264
10,8540
1,448
4,1106
1,395
8,4164
1,553
10,2828
9,6778
10,3231
1,503
9,3154
3,818
1,603
1,569
2,713
5,2607
1,315
10,2276
1,396
10,3636
1,369
9,2148
7,2000
10,3688
7,1773
4,6665
10,3099
7,2308
10,5007
3,993
2,1111
1,335
10,2749
1,374
10,3611
10,3301
5,1248
9,3663
10,2248
9,2051
8,5657
10,3386
10,4891
7,2324
9,6514
1,554
1,341
10,3639
1,394
9,3166
1,415
10,3394
5,2143
10,2526
10,2873
9,3397
1,392
8,4263
7,4205
10,3092
1,782
1,423
10,3710
1,437
3,1213
5,1220
10,2508
4,1762
3,743
2,766
10,3849
1,269
10,5019
8,2494
1,330
1,318
1,679
10,7454
1,423
5,1799
6,2345
1,376
5,4550
10,2530
1,498
7,2566
1,331
10,4608
1,419
7,2443
1,318
10,3604
10,3658
1,396
5,1698
5,1986
1,308
1,8997
1,457
10,3623
1,460
1,387
9,3455
9,7932
10,3332
1,1089
10,2830
10,2905
1,595
6,5308
7,2289
1,249
5,1781
1,389
3,1139
2,758
1,272
3,1027
3,1327
7,2831
1,433
9,3204
1,574
10,2561
5,3024
9,3226
1,239
3,1112
1,323
10,3438
6,1823
1,341
1,585
5,1911
10,3100
1,355
10,2840
1,412
9,3048
8,2868
5,2157
1,367
1,559
1,415
10,5426
10,3286
1,389
1,481
5,2015
10,3219
1,486
7,2638
1,345
2,740
7,2402
5,1940
1,348
1,614
1,433
1,608
8,2422
1,390
1,507
6,2858
9,3065
1,763
10,3711
1,436
10,3552
9,8924
4,1497
1,357
5,1946
1,529
8,3135
2,737
1,531
1,471
5,1878
1,404
1,648
10,2826
1,452
10,2643
5,2513
3,1068
1,309
1,379
1,646
9,3035
10,3833
1,385
1,565
7,2110
3,1142
1,466
10,3838
1,360
10,3277
1,496
1,592
1,389
1,985
1,599
5,1447
10,4097
9,2279
1,637
10,3318
1,1135
9,6779
1,639
1,336
1,411
1,297
1,634
1,294
1,630
1,416
5,1797
1,500
10,3278
1,326
9,3034
1,414
10,3333
3,1010
1,382
7,2546
1,1861
1,712
8,2194
1,427
1,530
6,2473
6,2631
1,537
1,507
5,1704
1,424
9,3033
4,1677
1,301
10,3437
5,3789
2,944
5,1569
1,345
10,3796
5,1735
10,3424
5,1639
1,463
5,2040
1,482
7,2055
6,2137
1,287
8,2812
5,1958
9,3482
10,3324
1,326
5,1198
10,3050
10,3824
10,3364
1,594
4,936
1,443
10,6849
5,1637
10,2509
1,593
1,593
9,3596
10,3465
1,273
8,8874
9,3072
10,3446
10,3312
1,648
3,1955
1,461
10,3512
5,2170
8,3018
10,3870
2,1075
4,1418
10,3466
1,451
10,3360
7,2355
10,7370
10,3040
5,1689
1,670
1,529
10,5807
7,2766
8,2952
10,3808
4,4294
9,2968
10,3840
1,382
10,3747
5,1679
9,3213
5,1851
5,2072
1,527
1,484
1,6298
10,2347
10,8030
9,3055
1,2268
10,3307
5,2241
5,1360
10,3462
5,1826
4,1813
10,2768
6,1769
2,795
1,487
3,1224
9,3419
5,1283
3,1246
3,1670
10,3088
2,1080
1,490
5,1525
4,1484
1,805
9,3517
10,3425
5,1668
1,381
1,536
6,2155
10,2956
5,2050
1,9562
9,3001
10,2569
2,880
2,782
1,510
1,617
2,1025
7,5506
1,369
9,3602
5,2026
4,1762
2,864
6,2014
1,443
8,2610
3,982
9,3179
2,777
1,427
1,439
10,3429
9,3161
1,790
5,20137
6,3081
5,1850
2,935
5,1922
1,524
1,247
9,2630
9,2968
9,3102
1,419
1,841
1,362
5,2699
1,548
6,7776
5,2014
3,1248
5,1473
10,3250
1,355
1,389
1,485
4,1379
10,3336
1,436
1,704
7,2476
5,2213
1,541
5,12236
5,2135
1,836
9,3072
7,2674
1,420
1,502
7,2442
10,2473
1,378
1,419
1,517
10,3914
4,1710
1,506
5,1730
10,3387
1,534
10,3170
5,1998
1,475
1,426
10,3205
9,2553
10,3490
1,448
1,639
10,3333
3,1205
1,538
10,3482
7,2446
5,2121
1,346
5,1673
3,1250
1,435
10,3312
1,463
7,2344
1,462
1,525
10,3278
9,3362
1,626
1,438
9,3105
1,572
7,2345
4,1698
2,912
1,475
7,6063
1,578
10,3066
1,410
1,490
8,2759
1,448
1,667
5,2744
5,1551
1,432
10,3406
5,1773
9,3056
1,538
1,437
8,2454
8,2758
1,637
1,437
1,477
3,2211
1,475
5,1987
4,1812
1,426
10,8439
3,1218
10,3159
6,2014
9,3062
6,2721
1,428
3,1240
6,2263
9,6062
1,760
5,1846
4,29172
5,1537
1,397
10,8003
1,636
4,1575
1,375
1,516
1,567
9,2623
5,1770
9,2968
3,1191
2,976
8,2695
5,1592
1,468
1,501
1,501
1,702
10,5187
1,448
1,481
10,2272
3,919
1,483
7,2469
1,572
9,3671
3,794
5,1694
1,459
1,467
9,3403
1,562
10,2831
10,3273
1,450
10,3509
1,525
1,454
10,3490
1,526
4,2158
9,2681
1,484
3,888
1,442
3,1238
5,1783
7,2428
1,380
3,960
5,1700
1,494
10,3962
10,3814
1,507
10,3693
9,3084
2,988
1,470
1,413
1,604
1,609
8,3313
1,325
1,402
10,2542
1,498
3,1303
9,6510
1,455
9,7920
4,835
4,2386
5,1623
1,299
1,493
1,478
1,534
1,442
1,20899
10,2742
1,458
2,1036
10,3812
1,392
10,2589
10,3387
9,3771
1,461
1,324
1,713
1,663
1,448
10,2792
1,465
10,3542
1,411
9,3667
4,1992
1,555
1,691
5,1974
9,4532
1,382
1,646
1,588
1,434
6,2123
10,3432
1,394
9,3606
1,471
4,1485
1,657
5,1792
7,2523
7,2540
10,5461
1,390
9,2749
1,750
1,317
9,3117
10,3191
1,618
5,1477
1,508
9,5407
3,1384
1,383
8,3004
1,495
10,3387
1,450
2,1080
1,501
1,632
5,2029
10,3753
1,439
1,530
1,611
10,44453
1,26158
1,370
1,619
1,370
9,2819
1,379
9,31917
1,493
1,661
10,2432
10,3356
1,544
1,441
1,370
1,29571
10,3603
1,428
6,2841
6,1904
5,8289
4,963
9,3162
1,461
1,479
10,3101
1,606
5,2509
7,2742
1,414
1,28385
3,992
1,506
1,709
1,508
8,2380
1,339
9,2871
1,454
10,3488
10,2744
7,1822
6,2870
1,425
4,1754
8,29321
10,3244
1,452
1,493
10,3564
1,548
1,396
10,3278
7,2372
3,1150
10,3573
4,1498
5,1878
1,344
5,1505
7,30776
10,3636
5,1845
1,325
10,3184
1,445
1,568
10,7705
1,556
9,3540
10,3455
9,3513
7,2073
1,518
5,2179
6,2266
10,3390
5,2106
1,440
6,2046
6,1948
2,833
8,3114
4,1599
9,3271
1,343
7,2782
10,3945
1,407
8,2822
1,576
10,3534
6,2208
1,370
10,2763
1,452
9,3871
1,329
5,1746
4,1490
1,407
10,3610
9,3241
1,382
7,2421
10,3533
10,3796
5,1878
1,438
10,3333
1,434
9,3126
1,302
5,1892
9,3219
1,287
9,3048
4,1652
1,312
9,3016
5,2046
7,2563
7,5223
1,414
10,3533
1,384
10,3631
1,580
6,2326
10,3416
1,551
10,3174
5,1710
1,328
5,1978
10,3516
1,516
9,3558
1,411
9,3012
1,573
9,3008
10,3731
5,1532
7,2784
1,415
3,1179
5,1547
1,304
6,5078
10,7678
1,529
5,1377
1,303
4,2318
1,366
6,2127
6,2836
3,943
1,376
5,2025
10,3146
3,1365
3,818
2,889
10,3340
1,557
4,1655
2,918
1,616
1,470
10,4951
10,5073
6,2323
1,625
1,697
6,2272
1,663
4,972
3,1107
9,3102
1,501
3,1322
6,2827
1,545
1,408
8,3070
10,3464
5,1903
10,3358
1,579
3,1175
9,3508
10,2979
1,553
10,3190
1,514
5,1981
10,4046
1,448
1,291
1,357
10,3230
5,2049
10,3777
1,434
1,506
1,658
10,3179
5,2097
5,3122
1,430
1,740
10,3380
7,2114
1,305
1,520
10,3756
4,1788
1,3615
1,625
1,425
5,1970
7,2314
1,557
1,549
1,614
3,22191
10,3506
1,318
1,324
2,873
9,2777
5,2247
9,2021
1,488
1,534
1,473
9,2129
3,1112
1,398
1,435
2,19746
10,4078
1,430
10,5362
1,601
4,1946
1,523
6,2191
6,2117
1,476
9,3150
6,1779
4,1461
1,474
1,298
9,14807
8,3276
1,404
1,695
10,3739
4,1741
1,525
1,593
8,2139
1,456
4,1582
10,2983
9,5206
1,632
1,664
9,14479
4,2098
1,332
10,3628
10,3929
1,573
9,2334
10,3292
10,3592
1,555
10,2936
3,1135
10,3516
1,567
7,2526
4,3273
10,4036
1,281
5,1997
5,1990
1,577
9,2822
10,9573
7,2115
1,488
10,3225
1,593
9,2114
1,691
10,3433
9,3029
7,2760
1,261
10,6212
10,2880
1,636
4,1386
6,1535
9,3802
1,446
5,1852
3,1140
10,2802
1,632
10,3756
10,3396
8,2277
1,309
10,3894
10,3459
1,474
9,3594
10,2366
10,3132
1,406
9,2906
10,2318
10,2466
1,575
10,6031
10,4338
10,2552
1,553
9,3447
8,2592
1,339
10,3540
10,3441
4,1673
1,515
1,689
10,4059
7,1714
1,420
9,2905
7,2829
7,2627
6,1925
5,2122
9,2279
1,325
10,3963
10,3823
2,899
1,483
1,552
10,3891
1,511
1,441
10,5665
8,2634
9,2246
8,1819
1,579
5,1857
1,330
9,2526
9,2194
10,2600
10,3408
1,509
10,2301
1,544
10,3659
10,3657
1,671
10,2755
3,956
4,1031
1,270
1,506
1,502
4,1520
3,980
10,2963
1,365
10,3309
1,413
8,2309
3,998
1,522
10,2744
9,3142
6,1903
1,534
1,339
1,460
1,502
1,483
10,3517
1,362
7,1720
1,392
10,3923
1,561
1,547
3,1038
10,5005
7,1809
1,480
1,265
1,423
1,468
3,1081
10,2421
1,679
10,3408
1,459
10,3668
5,1991
1,407
2,661
9,2228
9,3225
1,490
1,654
6,2146
1,426
7,2316
10,3154
1,559
1,462
1,375
7,3064
5,1783
1,367
3,902
10,3515
10,3555
1,897
6,2207
1,360
1,477
10,3509
10,3735
1,399
1,340
6,6998
9,3346
1,542
1,658
1,422
4,1551
9,3081
1,438
7,1871
1,596
1,343
10,3286
1,595
1,774
7,1736
1,431
10,3323
1,557
1,601
1,541
2,855
10,2676
1,554
10,3207
1,476
1,440
10,3348
7,2521
1,414
1,413
1,398
2,867
3,1204
1,417
1,411
1,443
10,3044
1,327
7,2159
1,309
1,283
10,2220
3,1137
6,2291
1,420
1,379
3,1222
10,3288
1,577
1,556
3,1007
6,1443
1,400
9,6361
1,322
1,517
10,2652
9,3014
1,505
1,317
1,366
1,516
10,3854
1,536
1,427
10,3672
4,1520
1,305
10,2539
1,354
1,594
1,558
9,2848
10,3701
1,403
1,411
3,1215
9,2785
6,2365
1,477
10,3527
3,1185
1,393
10,5556
1,447
1,445
1,445
10,3206
5,1927
1,570
1,680
10,3263
10,2259
1,652
1,350
10,3717
1,363
9,2386
3,1170
1,279
10,2631
10,2845
10,3273
10,2868
1,340
9,2952
10,3428
9,2477
1,756
1,414
10,2353
1,503
7,2105
3,1334
1,388
6,2132
1,245
10,6452
10,3327
1,304
6,2089
10,3446
7,2447
6,2131
1,494
10,2946
1,433
10,4247
3,1233
10,4366
8,1976
1,378
3,951
10,3460
1,282
2,1067
10,3468
1,435
1,706
1,400
10,3401
1,403
7,2836
10,4119
7,2246
10,3578
1,413
10,2453
10,3314
3,1107
10,3436
10,3067
1,279
2,802
1,493
7,2470
1,309
9,3105
10,6650
10,3274
10,3384
1,708
7,2467
5,2446
3,842
10,4036
7,2469
1,258
10,15510
3,1123
1,375
1,321
1,1326
10,3821
1,506
9,3225
1,389
1,492
10,3953
10,3420
10,3485
10,3634
1,617
4,13698
10,3584
1,427
1,348
10,3303
10,3094
6,2076
10,2345
1,489
1,580
4,1428
10,3513
10,3974
1,471
1,314
10,2571
10,3439
1,455
1,316
3,1386
10,2750
10,3366
2,860
1,386
1,492
7,1897
9,5928
10,4018
1,416
1,327
10,3692
10,3387
1,408
1,248
10,3652
7,2477
3,1201
4,1627
1,548
1,562
10,2373
10,3212
9,3013
1,310
1,303
8,3008
10,2386
1,429
1,238
3,1241
10,3842
9,2432
1,442
7,2506
1,500
8,2639
7,2405
1,793
1,406
1,300
9,2914
10,3760
9,2628
1,291
3,987
3,1255
4,1395
3,872
7,2356
1,401
10,3001
10,3051
4,2418
1,352
1,370
1,492
7,2167
1,355
10,3257
3,1148
1,589
1,577
10,3410
10,3449
1,285
10,3759
1,508
8,4442
1,486
1,338
7,1587
10,3612
1,335
3,1128
10,2800
1,464
4,1120
10,8221
9,3040
1,357
2,1145
1,742
6,2118
1,399
1,620
8,1824
7,1649
1,280
10,3287
10,6946
1,479
6,1867
10,7187
10,3798
1,374
9,3256
5,1370
8,2609
1,474
10,3647
9,3018
7,2582
1,254
10,3285
10,2174
1,521
9,3139
10,3190
10,3196
1,329
10,3450
3,935
10,3457
1,400
9,2875
7,2373
10,3396
1,407
10,2701
10,2573
1,578
10,3331
10,3219
3,1381
1,600
10,3651
1,281
7,3131
1,353
10,3635
10,2911
9,6612
1,291
10,2622
7,2061
1,310
9,2813
10,3365
3,1271
1,557
6,2435
10,2806
10,6461
10,2787
9,4238
9,2863
10,4667
7,2027
7,2103
10,3502
1,300
10,2407
7,2292
10,3207
5,1747
3,1233
10,3338
9,2580
7,2623
10,2612
10,6434
10,4101
7,2193
1,352
7,3683
1,272
6,1456
1,593
1,527
9,2560
1,625
10,3362
10,3734
10,4180
10,3375
3,1168
3,3436
9,3167
3,1303
1,388
1,301
10,3181
1,294
3,1350
1,462
1,381
9,6393
10,3452
10,3803
10,3352
2,756
10,6391
1,359
7,1877
1,332
1,258
4,1675
1,537
1,414
10,2557
1,319
5,1810
4,1343
9,3188
1,497
10,3203
3,1054
10,3118
9,2885
1,304
1,274
10,3635
1,468
5,1809
10,3419
1,313
7,2704
2,1038
10,3438
4,1439
3,1166
1,467
10,3452
9,2810
1,463
7,1982
2,841
1,332
7,2547
5,1668
1,251
9,3046
3,1111
10,3478
6,1654
1,374
1,424
10,3605
10,4736
1,305
7,2466
10,3760
1,341
1,615
10,2835
1,283
1,415
1,480
3,1193
1,533
1,512
1,354
3,1232
10,3051
1,443
10,3330
1,374
1,425
10,2692
9,2822
1,326
1,466
1,514
1,577
5,1261
1,491
1,389
3,993
10,3445
1,635
9,4486
1,543
1,534
10,3316
1,490
1,466
1,300
1,397
5,1412
10,3592
1,352
1,409
5,1986
10,3284
1,377
9,7188
1,445
1,506
10,7132
10,3467
1,524
1,350
1,497
1,300
10,4265
1,331
1,379
1,366
7,2354
1,325
10,3685
8,2651
1,392
9,4790
10,3052
1,618
10,2329
1,611
3,1050
10,3605
1,347
1,310
1,349
3,959
1,386
10,3464
1,364
10,2300
5,1835
9,3392
7,3580
1,244
1,426
1,318
9,3065
1,397
1,265
3,781
1,459
1,492
3,1416
1,391
7,1888
1,552
10,3471
1,475
1,253
1,341
10,2357
5,1594
1,514
1,331
10,3350
1,475
10,2302
1,431
1,419
7,1689
1,554
10,3228
3,1089
1,267
1,413
10,3197
1,475
1,578
1,369
10,3324
1,485
7,1725
5,1235
1,408
10,3332
9,2827
10,3429
10,3582
1,266
1,473
5,1788
1,446
1,385
1,400
10,2866
1,427
10,3774
1,305
1,390
10,8873
1,548
10,3169
10,3487
1,286
1,426
9,3051
1,504
1,729
1,542
5,1634
1,275
9,3084
3,1416
1,354
10,3130
1,296
10,3416
10,3243
1,347
1,445
10,3257
1,462
10,2665
5,1310
9,2808
1,277
9,3295
1,844
1,377
10,3387
1,304
1,837
10,7966
1,553
3,22436
7,2696
1,612
3,923
1,467
9,3036
1,345
10,3688
10,3435
1,685
3,1520
1,315
1,428
10,3713
10,2599
10,9535
9,2345
1,479
3,953
10,3636
7,1747
1,251
3,1913
10,3670
3,1254
3,1224
1,290
1,354
10,3510
9,2976
10,4292
1,419
1,638
10,3626
10,3566
1,559
1,232
10,3445
10,3561
7,2455
1,630
1,254
3,944
10,2958
10,3878
10,3103
1,332
1,488
10,3329
5,1980
1,381
1,246
1,604
5,1830
9,2744
5,1185
1,262
1,561
3,1150
10,3693
10,2951
1,299
1,532
7,2040
9,4116
1,404
1,251
5,1636
9,3180
10,2439
1,644
1,281
1,384
7,2540
10,2370
7,2174
1,399
1,516
10,2994
10,2931
1,346
10,2198
1,267
7,2668
10,2329
3,1139
10,2299
1,456
10,9298
10,2729
10,2696
1,282
9,3336
7,2099
9,3464
1,352
5,1269
1,364
9,2928
3,768
10,3357
10,3224
1,357
10,10915
4,1579
7,2667
1,256
10,3735
1,463
1,622
1,277
1,278
3,722
10,2789
10,3452
10,3061
10,3766
1,465
9,12097
5,1262
7,2352
1,246
8,3188
7,2416
9,2583
1,256
3,905
10,3252
1,565
10,2726
10,3625
10,3242
1,401
10,4693
3,1113
10,3392
1,280
10,12766
7,2267
10,2905
1,314
10,3311
10,2792
1,262
1,369
9,2611
10,6527
1,402
10,5826
10,9834
9,3579
1,271
10,3551
9,3174
10,2274
1,316
5,1905
5,1664
1,338
7,2272
5,1557
10,2738
4,1113
7,1782
10,3292
10,3172
1,253
10,11833
10,3183
9,3456
1,282
10,4289
10,3220
1,402
1,587
9,3078
10,2584
7,1836
3,1035
10,3255
10,3443
1,552
10,3543
9,3117
10,4058
1,320
9,2997
9,2926
1,515
3,958
7,2487
4,1758
1,670
1,460
7,2271
10,4302
10,3217
1,383
10,12423
10,2765
10,2285
7,2643
9,2987
1,284
7,1651
1,558
4,1092
10,3641
1,358
6,8169
3,1249
9,3482
2,932
10,24196
10,3706
10,2465
1,529
7,1685
1,314
9,7817
1,528
6,2404
10,3750
1,340
5,2006
10,14869
10,3077
10,2460
3,1353
10,3179
10,3075
10,3430
1,447
1,372
9,7414
1,522
10,2455
10,3548
1,344
10,2961
3,1107
10,3744
4,1606
10,2411
1,499
9,3076
10,2752
1,365
1,253
10,11273
1,387
10,2423
6,2019
1,722
9,2698
1,589
10,3364
10,3978
3,972
1,510
10,2678
10,2496
1,311
1,262
10,3129
1,352
3,687
9,3255
1,394
1,468
1,579
10,2767
10,3601
1,417
1,418
10,3672
9,2082
1,427
1,296
10,3389
1,349
10,2995
1,535
1,498
1,352
1,312
10,3097
10,2655
1,673
1,476
10,3530
10,3603
1,373
10,3628
7,2587
1,361
6,2130
9,4640
1,682
1,294
1,287
4,1405
10,3744
1,499
1,387
4,1049
10,4073
1,282
10,2276
10,3221
1,396
7,4041
6,2217
1,583
1,661
1,465
4,1459
9,2067
1,498
1,408
1,528
10,3376
1,289
9,4319
1,480
1,354
1,473
9,3362
1,373
1,552
1,649
10,3499
7,2342
1,379
1,572
4,1080
10,3827
1,242
10,2563
3,987
1,279
10,3378
10,3265
1,396
1,516
1,490
10,3440
3,3591
1,305
1,437
10,3397
1,484
1,385
10,2905
1,474
1,424
1,569
10,3733
1,482
1,542
1,377
6,2162
1,387
1,268
1,382
10,3402
1,323
1,321
10,3231
1,352
10,3378
1,428
10,3770
1,453
1,593
1,377
10,3737
6,2122
1,337
1,340
10,3632
1,363
1,450
4,1262
1,258
10,2970
1,358
1,428
10,3548
1,491
1,343
6,1976
1,734
1,561
1,393
6,2287
1,556
10,2264
4,1759
1,336
10,2183
1,421
10,3725
10,3855
1,479
1,430
10,3475
1,390
1,522
4,1178
7,2563
1,277
10,3283
1,807
1,366
9,2045
1,411
10,4600
10,4190
1,574
1,300
1,449
1,436
1,339
3,779
9,3333
1,260
9,2303
10,3545
1,742
10,3420
1,385
4,8765
10,4702
7,2536
5,1743
1,646
1,642
10,2514
10,2666
6,1934
1,269
10,3231
10,15199
1,440
10,3449
1,420
1,434
9,2696
10,3366
3,1187
1,323
1,876
5,1350
10,3439
3,21948
1,276
10,3388
6,8402
1,570
10,2617
1,507
1,400
9,2871
10,3639
1,429
1,409
1,689
1,554
10,3237
1,568
1,337
10,2376
10,20518
1,357
4,1069
1,1448
1,843
1,515
10,2998
10,2130
1,506
1,668
3,1144
7,2287
1,316
1,407
10,3416
6,2376
1,295
1,804
10,3723
1,718
10,2859
10,4953
10,2723
1,444
1,578
10,3691
6,14264
1,426
10,2116
4,979
9,3641
1,269
5,2042
9,3236
1,416
10,3564
10,3236
5,1722
1,447
1,554
10,2915
10,10102
1,289
4,1120
5,1169
7,2206
5,1577
10,3386
10,3048
1,366
10,2375
3,787
9,2244
1,570
1,508
5,1716
10,2583
1,381
3,951
10,3100
1,366
8,2701
10,3471
10,3555
1,438
9,1938
9,2196
7,2248
1,489
1,612
9,3410
9,4013
1,319
5,1814
10,3005
1,409
9,2105
10,3917
10,3980
1,388
10,3656
4,1345
9,2318
1,497
1,552
7,2456
8,3343
1,339
10,3619
6,1320
1,482
3,674
6,2140
10,3483
1,734
10,2996
10,5021
1,381
10,2396
8,3533
1,379
8,3388
1,807
10,2548
3,1072
1,555
10,3158
3,1187
1,570
9,3424
10,3298
10,2137
10,2299
9,2999
7,2523
10,3255
10,5210
1,621
6,1976
7,2363
1,464
5,1802
7,5198
10,2298
1,414
10,3320
10,3280
10,2984
10,3219
9,2910
10,2290
10,37629
1,564
7,1804
10,3831
1,578
10,3242
9,2987
10,3573
1,596
1,363
10,2326
9,2238
10,2772
5,1856
9,1971
10,30504
1,462
5,1793
5,1962
1,650
2,588
5,2070
9,2880
10,3410
1,480
10,3518
10,3859
10,3340
3,1239
10,3314
1,26427
10,3638
1,479
10,13164
1,713
7,1748
1,703
10,3231
4,1677
1,351
1,267
10,3220
10,3462
2,1011
10,3111
10,3570
10,3804
9,3894
1,586
1,276
1,589
1,426
4,1315
10,4673
1,414
6,1610
10,2999
10,2741
10,3110
10,2690
2,3762
9,3099
6,2151
1,435
1,258
10,3467
1,630
10,3264
10,3754
1,545
8,2967
10,2398
1,369
3,1268
1,977
2,888
9,3214
10,9879
1,497
1,324
10,2966
1,674
10,3383
10,5540
1,384
1,434
10,2384
10,3169
5,1944
1,387
1,658
10,3728
9,4466
1,773
3,1129
9,3082
1,496
10,3395
6,2404
1,383
1,587
1,725
4,1445
8,2935
1,394
1,483
10,18661
10,7947
1,567
9,3107
10,3384
1,545
1,495
4,1449
1,419
1,462
1,476
10,2960
2,1144
1,520
1,337
10,3413
10,7703
1,546
9,3225
10,3295
1,491
1,516
8,2898
1,353
1,550
1,448
10,2586
7,2331
1,368
1,307
1,553
10,4091
1,454
10,11648
10,3311
1,508
1,449
1,348
1,533
1,475
1,383
10,3815
1,595
1,405
1,285
9,3268
10,3884
1,399
10,3245
10,2260
1,382
1,377
4,1351
1,563
2,733
1,460
10,2669
6,4202
1,304
1,281
10,3602
1,380
1,719
10,3438
10,2392
1,430
1,390
6,2156
10,2851
1,470
1,442
1,510
1,1973
1,256
1,318
4,1389
4,43060
1,319
1,424
1,653
10,3515
1,449
10,3230
10,3694
1,398
1,421
1,455
3,1102
1,418
1,400
10,2503
1,462
1,486
10,2803
1,473
9,3319
1,469
5,2381
10,4152
4,1238
1,430
1,417
4,2839
1,430
1,395
10,3609
1,422
10,3551
4,1552
1,431
10,3134
1,281
2,844
10,10939
1,516
1,684
6,2076
5,1743
10,2621
1,275
10,4758
1,347
9,4015
10,3655
1,599
10,3359
6,1392
10,4254
9,3368
9,2747
1,493
1,314
7,2821
10,2191
9,3047
10,4586
1,379
9,3489
10,2322
1,361
10,3237
1,712
3,1341
10,3712
10,3678
4,1428
1,488
5,2132
4,1048
10,3397
1,382
1,503
10,7012
10,2408
1,459
10,12220
1,632
8,3917
9,3322
1,427
5,1871
1,434
10,8840
4,1339
4,5157
6,2527
1,557
10,7645
10,3480
1,409
10,3626
1,670
1,961
7,2355
1,464
1,434
1,604
6,2742
10,3478
10,2284
1,546
1,376
10,3466
10,3210
1,409
1,391
8,24478
6,2731
10,3524
1,475
10,2594
1,600
1,629
10,6360
10,2821
1,703
1,241
1,852
6,2535
1,344
9,2584
1,14742
5,2022
7,2488
1,427
10,3677
1,584
2,65496
6,10361
10,2252
1,670
1,237
10,2793
4,1496
1,258
4,1677
10,3261
1,2792
3,978
5,1696
6,2175
1,678
5,65648
10,5822
1,262
1,743
1,220
10,3707
1,324
1,295
10,3566
4,25922
1,527
10,2957
10,3482
5,1867
4,1560
7,66376
6,3912
1,450
4,2110
10,2359
9,6092
1,544
4,1026
10,3481
5,1722
1,1215
10,3181
6,1897
9,3603
3,1285
1,61883
1,615
6,2037
1,426
8,2751
4,1413
1,421
9,2321
10,3509
2,916
7,5304
10,6990
5,1535
3,1391
1,532
2,50226
9,3156
9,3100
1,7589
10,3188
10,3060
1,469
4,849
10,4192
3,1197
1,587
1,454
8,2409
7,2216
4,1398
4,46648
9,3179
4,1481
1,473
10,2493
10,3151
4,1387
10,2843
10,3821
10,3615
1,362
10,2823
1,496
10,3834
6,2256
1,544
10,3249
8,2274
1,655
10,3399
10,2834
1,486
6,1765
1,644
6,2020
1,412
3,1035
1,371
8,2549
10,6616
1,434
10,3110
1,424
10,2870
10,3006
10,5953
1,508
10,2257
1,551
8,3031
1,521
1,421
2,759
10,6830
5,2060
2,833
10,3494
10,5328
8,2204
2,564
1,355
1,436
6,2366
6,35873
5,4865
1,371
1,438
3,1109
10,3445
10,3322
1,2002
10,3376
5,2422
4,1277
4,1432
6,2963
1,504
1,529
1,553
7,7555
1,516
1,370
5,1761
10,3338
7,3631
1,538
10,3222
3,1189
10,5487
1,468
1,441
1,381
10,3273
1,534
1,497
1,523
1,294
4,5485
10,3407
6,4256
1,482
1,458
10,5895
6,1955
4,4661
1,1397
1,418
7,2627
1,690
2,2916
2,675
1,300
4,1390
10,2553
8,2715
4,1543
10,2413
2,9698
1,46095
8,8621
1,3041
1,646
9,3167
1,441
5,1746
1,653
1,292
7,2405
10,2465
5,16615
3,1008
10,2787
6,2159
5,1761
10,3409
1,426
8,2752
9,15244
1,384
1,618
7,12395
1,354
10,3104
2,578
3,1073
1,441
1,304
8,2965
1,419
5,1714
1,1241
10,3264
10,3204
1,394
3,983
4,1511
1,379
7,2362
1,478
7,2312
1,481
1,258
1,615
2,823
6,2094
1,612
6,2234
10,8559
1,414
4,2840
3,1023
1,292
7,6452
1,373
1,513
1,488
1,446
5,1669
3,1160
10,3372
1,586
6,2423
10,3209
1,655
4,1420
5,1829
1,327
6,1394
1,317
1,576
10,4069
1,522
1,483
6,2382
2,826
1,830
10,3416
1,399
1,521
4,25643
10,3143
9,3167
5,1737
1,469
9,2827
1,6623
1,408
1,612
5,4490
3,1597
4,1604
2,813
10,3922
1,379
1,486
6,2147
4,1407
5,2046
1,353
2,881
10,3478
1,416
1,437
1,557
5,1707
1,432
3,1063
10,7111
1,367
10,3124
2,23520
10,3287
2,793
1,337
3,1349
3,1327
1,325
1,551
2,767
6,1892
1,485
8,2645
3,775
8,3011
7,2269
7,2277
10,3297
1,384
1,438
4,1769
8,2802
1,376
1,519
4,1708
8,2561
5,1744
7,2433
1,599
9,3271
7,2996
7,4948
10,3474
1,436
1,354
5,1729
6,2006
1,402
1,432
3,1069
1,380
1,416
1,604
1,640
7,2296
6,4475
4,1627
10,3174
1,418
1,372
1,493
7,2242
1,397
1,426
7,44512
1,358
8,2718
2,824
1,600
10,4283
6,2902
1,587
1,527
3,2007
1,372
4,1448
8,28824
10,2585
7,35571
5,1713
1,403
6,2016
3,1128
1,669
8,5471
1,1116
1,662
6,1635
1,422
9,3023
5,1893
2,898
10,3615
2,995
10,3301
1,356
10,5350
4,1497
1,409
5,2300
6,2645
1,502
1,466
1,449
10,5664
10,10305
9,4479
4,1628
1,384
4,1637
7,2727
5,1716
5,1719
1,461
3,1337
1,473
2,1082
10,3313
1,455
4,1419
7,2771
7,16362
10,3402
3,905
7,16080
1,409
10,3320
5,1714
1,286
2,780
1,365
4,1846
1,1309
1,494
10,3131
1,669
5,2827
10,4091
4,4048
5,6066
1,404
2,686
10,21625
1,326
1,698
1,400
10,3594
4,1433
1,472
10,2744
7,2469
1,610
10,3673
1,412
6,1478
1,402
3,1268
7,9718
1,435
5,1973
2,693
10,6733
8,3062
1,529
10,3295
6,2228
2,907
6,1673
5,1435
7,2409
1,415
8,2918
6,1989
4,1340
3,17594
1,422
9,7602
9,3135
1,313
1,433
5,1589
2,689
4,1434
1,476
5,1894
1,431
7,2296
6,2095
1,400
7,1916
1,549
3,1518
5,2369
1,392
6,2289
5,1830
9,3488
8,2697
1,555
1,458
1,387
1,641
3,1179
10,3255
1,556
1,538
8,2959
3,1286
1,3670
1,499
3,1014
2,760
1,392
10,3337
1,709
1,413
2,843
5,1782
10,5040
2,693
1,325
8,9907
2,1045
7,8373
1,911
1,10304
5,1811
4,2090
7,9475
2,798
10,3450
1,497
4,1425
6,1860
3,782
1,523
2,9201
10,3614
10,2520
4,1562
2,3458
8,7820
6,1904
5,1512
5,5114
2,784
3,1038
1,533
10,2046
4,1699
1,416
6,2129
1,498
10,3637
8,3341
1,493
1,550
10,3184
6,2120
1,2760
1,389
4,1506
1,546
10,2744
5,4453
2,850
1,654
6,2045
3,1093
9,3554
1,533
8,14225
5,1718
7,2387
1,606
3,1074
5,1619
1,453
10,3216
5,3504
2,690
1,361
8,2513
10,3420
5,23222
1,429
1,785
2,979
5,1901
1,504
5,1660
10,3399
2,915
4,1649
7,2614
4,1452
1,1529
5,1788
8,2712
2,905
1,602
1,598
10,4066
1,521
1,584
4,1566
5,1742
1,504
4,1463
10,24004
10,4536
1,2757
1,405
2,716
10,23401
1,712
1,535
3,1827
2,957
1,432
7,2380
7,5274
1,472
1,368
5,9556
10,3292
1,547
1,498
2,786
10,3495
4,2503
1,513
1,516
3,1234
1,533
5,1764
1,450
1,381
8,2632
7,5678
2,893
1,558
1,491
8,2568
3,1174
1,524
1,1881
6,2077
9,2999
1,759
7,2444
7,7277
1,563
6,1932
6,2136
8,30219
2,884
1,577
7,2238
6,2601
1,442
2,935
8,2765
3,1276
1,642
5,1761
7,2264
8,3263
10,3323
5,1908
3,35918
5,1564
1,376
5,2000
8,2516
1,465
8,5601
5,1802
4,1603
3,4382
5,1885
5,1731
1,451
5,1725
1,599
8,5629
1,312
7,4867
9,3062
5,1548
1,540
1,2194
1,425
10,6129
10,3154
2,1144
1,391
2,779
10,3447
1,560
6,7814
8,3064
1,502
3,990
1,323
1,614
1,607
1,489
10,9345
1,371
3,1173
6,10475
1,364
2,1177
1,945
2,948
7,2383
1,1103
8,2725
1,442
6,2049
1,479
7,2053
3,1146
2,620
1,480
2,722
1,416
3,1182
2,785
8,3033
1,413
1,1303
7,2373
1,457
10,3617
8,7347
1,388
8,2368
2,806
2,786
1,362
1,386
6,2133
1,557
1,678
1,499
1,468
9,3153
1,393
9,2686
1,478
5,1663
7,13018
4,1404
2,1061
4,17293
7,2383
8,2704
1,601
7,2492
1,570
1,366
2,586
1,505
3,1218
1,541
1,376
2,15989
3,1186
4,1295
1,487
7,2330
5,1744
4,1276
5,1875
5,1906
1,464
5,1517
1,1455
10,3353
6,1935
1,393
6,18195
8,2764
10,3415
1,420
9,2392
1,487
1,393
9,3284
3,1253
3,1003
7,2495
7,3901
8,2730
5,1703
1,481
1,567
2,803
3,4681
1,365
1,404
1,465
1,764
7,3002
3,887
4,1937
1,442
1,489
2,661
5,9370
1,378
8,2792
8,3961
10,7955
1,347
1,352
1,449
1,411
2,731
9,3080
5,1716
1,367
1,445
2,835
4,1609
1,420
2,767
8,15212
8,2665
1,395
1,422
4,1620
1,492
8,2763
7,2215
4,1521
2,771
1,378
8,6582
10,3099
1,484
1,545
6,4477
2,740
1,483
2,902
1,415
1,446
7,2219
2,707
10,3604
1,380
1,384
7,2302
3,1206
1,598
7,2527
2,1192
8,2586
1,533
4,1590
1,417
3,1209
3,994
1,601
7,2566
1,543
1,533
5,9725
9,3500
2,688
1,432
8,2724
6,2113
3,1049
10,24559
1,377
10,3748
1,431
7,5352
6,2292
3,1059
2,791
8,2986
5,1596
3,1193
1,447
7,2451
8,8315
1,437
2,959
7,2188
1,446
5,2301
7,2651
7,25851
1,596
1,476
3,1364
4,1228
4,1526
1,1085
5,2135
1,611
1,507
10,3878
1,405
1,723
1,449
3,1565
5,59741
1,532
4,1465
6,2682
5,2065
5,1973
1,633
2,827
2,773
1,377
8,2917
1,445
2,949
1,417
8,2863
5,58395
8,2188
5,1627
9,3123
1,567
4,1692
1,429
9,2279
1,465
3,1304
2,960
1,394
4,1616
3,1289
4,1284
2,1669
1,472
10,11991
3,1103
6,2077
10,3573
1,513
7,2127
7,2428
4,1560
9,13176
1,430
9,2944
1,461
5,2172
1,978
1,504
5,17581
7,3900
1,592
5,1799
1,502
2,733
8,3320
10,5240
6,2168
1,380
3,1269
2,852
6,5078
1,1011
1,467
7,2370
5,1868
7,2606
7,2267
1,393
9,2216
1,458
10,3674
8,2792
2,921
2,707
3,984
2,769
2,2317
1,644
6,1983
2,796
9,2609
6,1914
5,1870
5,1677
1,484
9,24376
5,1890
3,1181
8,12063
8,3599
6,2173
2,852
1,384
6,2116
1,1658
1,451
5,1854
4,2904
8,2725
1,391
7,2876
3,1566
3,1014
8,2658
1,534
3,1242
4,1463
1,304
5,1562
1,514
2,945
3,1097
6,3144
10,3543
1,441
2,911
1,362
6,2039
6,2107
1,372
9,2804
8,2651
3,1067
4,1761
1,45665
4,1296
1,460
3,1383
1,441
1,446
6,2125
9,3133
5,1938
8,2562
1,681
6,2012
10,3267
4,1170
2,2518
7,43078
7,2738
3,1187
8,2851
1,495
1,421
7,14052
8,2605
4,1685
2,892
1,500
10,3262
10,3181
5,1697
2,778
1,40330
9,2281
4,1288
2,899
1,615
1,419
8,3016
2,913
5,1925
7,2589
1,467
5,1716
9,2891
5,2673
1,612
4,40544
10,3101
10,3494
5,2186
3,1235
2,755
5,1772
9,7775
7,2629
5,1966
7,5112
4,1199
1,377
2,855
2,845
3,31414
9,3488
10,9566
4,1613
1,482
1,316
9,3071
5,1926
7,2634
5,2116
1,765
8,2714
3,1085
6,2157
3,1178
7,27594
8,3264
8,3296
6,2129
8,4356
5,1754
3,1116
9,3266
5,1819
3,1127
5,1561
4,1393
8,2495
10,3372
4,985
1,883
3,1088
10,7895
7,2877
1,497
8,2627
2,748
7,2506
3,1110
9,2992
6,2117
1,511
6,3428
7,2385
10,2611
5,1974
6,1775
2,4069
2,943
1,573
7,2313
8,2514
1,602
5,4638
1,394
4,1548
1,474
1,429
9,2074
3,1128
1,436
1,549
3,3499
6,2247
1,351
7,2127
2,663
2,736
1,783
2,895
6,2115
1,386
8,11508
5,1829
8,2615
1,519
1,267
7,6001
8,2634
1,468
9,2900
8,2612
1,519
1,742
9,3151
3,1110
7,2284
1,306
5,1753
8,4500
1,439
1,278
6,2226
4,1274
1,715
8,2772
5,1745
1,512
4,4055
5,1762
10,3867
1,365
1,465
8,2681
2,754
1,418
1,543
1,545
6,2072
1,840
5,5802
7,2289
5,1855
3,13643
5,2590
5,1858
1,499
1,464
1,555
7,2417
1,497
1,309
1,652
5,1882
10,2186
2,968
1,394
1,376
10,2966
9,3794
9,3330
1,547
2,934
1,383
6,1919
4,1435
1,277
1,902
2,761
1,317
1,514
1,332
8,2453
10,3395
7,5440
4,1525
1,420
1,523
1,263
1,446
1,333
1,306
1,330
6,2355
1,528
3,1099
8,1889
1,363
9,3634
1,518
4,1570
1,467
1,819
1,402
10,46076
6,2379
1,278
1,672
3,1135
6,2167
3,1178
1,311
1,535
3,1036
1,590
6,1982
7,2363
1,459
7,1847
1,430
5,2074
1,368
2,1001
10,3975
5,1880
6,2386
1,276
1,317
8,9433
1,637
7,2608
1,1820
7,3596
4,1092
1,407
4,6585
1,435
8,2904
9,2792
6,2093
2,739
2,724
1,686
2,742
1,306
1,353
1,490
1,371
10,3384
1,388
5,9456
1,676
1,554
5,1399
2,724
5,1724
2,613
1,532
7,2477
1,548
10,2660
1,430
1,458
9,2556
2,807
6,13782
5,1829
1,530
4,1520
5,1964
6,1680
1,341
1,709
6,2000
1,469
1,585
1,536
5,1759
9,3082
8,2701
10,2810
10,3109
7,2514
8,2771
3,1101
5,1504
1,434
1,591
1,574
8,2690
4,1116
1,531
2,1043
9,2802
1,508
5,2649
8,1990
1,447
4,1694
5,1685
10,3491
1,435
1,792
2,774
1,569
7,2604
3,1339
7,2535
10,3023
7,2443
9,3706
5,1231
1,570
1,448
4,1356
3,1159
1,422
5,1577
3,2193
1,455
10,3384
4,1298
2,977
3,801
1,404
4,4832
10,3460
1,624
1,1172
4,1598
9,3262
1,3204
4,1253
1,371
1,567
9,3459
10,3648
9,3148
6,1797
1,429
6,6179
10,3797
9,3484
7,2294
8,2368
5,1816
8,3106
6,4318
8,3833
1,592
10,3407
9,3214
7,11529
10,2779
1,535
1,571
10,3441
9,3180
1,669
5,1679
4,1434
1,376
6,2773
7,7474
1,565
9,2922
10,3080
5,1910
1,568
1,509
1,555
10,7685
3,1292
1,541
7,2033
8,2667
1,3796
10,5049
1,346
1,446
1,561
9,2802
8,3943
1,338
1,360
1,3570
2,575
6,2024
1,515
1,569
4,1378
2,739
6,2903
1,399
9,2416
1,413
6,2214
1,871
1,505
5,1754
2,1088
4,1410
1,384
1,544
1,364
5,1827
4,1037
9,7310
1,405
4,1103
6,1909
10,3543
3,1514
1,385
2,1026
4,1689
6,1822
2,1047
1,595
2,571
1,527
6,2080
3,54580
1,395
6,2178
1,261
10,3140
3,1790
1,574
2,896
7,2841
6,1443
6,2688
1,607
4,1124
7,2703
6,2047
4,1394
1,356
5,1669
3,915
8,2002
6,2708
1,551
9,2596
9,2695
6,2705
1,523
1,458
7,2125
1,387
8,2536
4,37890
1,579
2,867
1,270
10,3536
8,2989
1,345
9,3356
10,3519
10,3194
7,2408
1,331
6,2000
4,1274
3,838
1,400
1,421
6,2104
1,585
10,2603
4,1352
1,439
2,735
10,2661
10,3660
4,1454
1,326
9,1998
1,393
10,3427
7,2014
1,1361
3,1215
1,453
10,2610
4,1525
1,415
5,1897
9,5322
10,2402
4,1453
7,2590
9,2644
1,290
6,1940
1,580
5,4711
1,428
1,543
10,2909
5,1659
1,422
8,2875
8,3069
10,3586
8,2912
4,1484
9,3189
1,393
9,2699
1,530
9,7310
6,1938
1,369
2,998
2,675
10,2693
8,2940
6,1601
4,969
4,1752
7,2004
6,1925
1,537
4,1998
2,845
7,2626
5,1694
1,350
10,2716
5,1706
8,1959
1,378
3,1018
4,1154
5,1767
10,3406
8,2201
1,543
4,1531
4,1865
6,2064
4,1487
1,380
1,589
9,3079
10,2275
1,617
1,301
1,413
6,1981
10,10829
3,1196
1,413
7,3295
7,1900
9,3035
8,3439
1,347
1,282
3,1109
10,3562
8,3638
1,295
1,422
6,1951
10,3356
4,944
1,261
1,594
9,2368
7,2518
4,1584
10,3469
1,628
6,2210
10,3199
5,1589
1,368
1,507
4,1887
3,896
1,315
1,298
1,570
10,3383
5,11227
7,2385
8,2767
1,376
5,2714
2,448
6,1600
1,383
1,334
3,1101
5,1243
1,499
1,267
2,573
9,4522
1,316
1,428
10,2311
1,374
10,2632
10,3286
6,2439
1,259
1,278
6,2854
6,1971
1,421
1,814
4,1378
9,2658
4,1702
1,399
10,2478
1,368
1,469
4,1207
2,688
1,256
1,271
10,3452
3,836
1,530
1,578
7,1972
8,5985
1,377
4,1588
2,858
1,404
1,448
6,1447
6,2110
1,276
1,293
5,1693
5,1509
1,310
6,2084
10,3436
6,1953
3,1489
7,2552
10,3191
1,439
8,20409
10,2462
3,1196
1,446
1,267
9,5224
10,3023
1,341
7,2487
9,3095
1,631
4,1211
8,2016
10,3341
1,311
1,480
10,2460
9,3249
1,384
1,318
4,1175
8,2378
1,334
10,3515
10,3231
3,1021
5,1338
10,2644
10,4282
1,558
5,1533
6,1302
10,3643
1,358
1,299
4,1645
10,2475
1,425
9,3093
10,2940
8,2879
6,2040
10,3520
10,2353
10,2326
1,458
10,2821
5,1707
10,2296
6,1891
1,528
10,3248
1,308
10,3281
8,3191
1,600
2,831
9,2257
2,540
4,1099
1,465
6,1814
4,1613
10,3536
10,2744
1,522
10,3346
1,269
9,2724
6,2345
1,542
6,2019
9,3251
10,2346
10,3598
1,453
4,1307
4,2778
8,2683
10,2702
1,533
10,3394
1,333
3,1059
3,1478
1,402
3,1131
6,1929
7,1856
7,1646
7,1864
10,2189
4,1480
10,3229
4,1664
6,1942
2,826
5,1349
5,1985
1,495
1,417
6,2122
3,934
10,3442
10,2789
1,290
4,1078
1,375
10,8601
10,2282
1,513
10,3447
10,2454
10,2381
1,505
1,522
10,2729
2,923
10,3969
6,1617
1,377
10,2850
8,2567
10,3728
10,2653
1,686
1,507
10,3676
8,1791
1,388
1,432
9,2915
1,826
10,2944
10,2298
1,487
1,489
1,381
10,3754
10,3348
7,3084
1,615
8,2385
10,3326
1,413
1,401
5,1878
1,407
8,2844
3,899
1,384
1,357
7,2242
2,770
7,2802
1,585
1,400
10,2294
5,1068
1,429
1,287
4,1400
1,491
1,428
10,3622
1,261
1,381
1,375
4,1515
1,2446
1,414
1,372
5,1088
10,2205
1,945
1,329
8,2730
1,252
1,369
10,3951
1,470
1,375
1,402
6,1472
9,13505
1,644
1,544
10,2557
10,2454
1,514
1,275
4,1147
1,387
3,913
10,3106
2,808
1,477
1,429
6,1709
3,826
1,785
1,539
10,3448
10,3543
1,477
10,3228
1,588
1,362
1,274
10,3676
4,1366
1,299
1,436
10,3102
6,1882
1,496
1,419
2,795
10,2878
1,634
2,729
1,361
1,357
1,222
10,2436
6,1362
1,303
1,478
10,4222
6,2070
1,549
1,401
4,14016
2,709
1,414
10,3231
1,365
1,358
1,261
10,3348
6,1309
1,348
1,471
6,1380
10,3721
1,470
1,295
6,1517
1,505
10,3534
10,3468
7,2458
1,274
1,352
10,3284
9,3431
1,415
1,527
10,3427
10,3149
1,467
1,275
7,1666
1,431
10,2925
10,2300
1,360
1,277
1,323
1,560
8,2874
1,368
1,560
4,1300
7,2368
1,417
2,571
10,2493
7,1810
10,4115
10,3851
1,471
10,2341
1,268
1,331
10,6548
10,3313
1,399
10,2211
10,7792
9,3306
10,3154
10,2519
1,458
10,3856
10,3802
1,508
10,3408
1,432
1,768
6,2055
10,2936
1,538
4,1497
4,1523
4,1369
6,1543
7,1428
1,363
10,3594
4,1099
1,483
10,2627
1,373
1,319
4,1135
10,2091
1,319
1,422
4,1211
10,2977
10,2385
10,3165
1,390
10,3353
6,1756
1,356
8,2593
10,2354
1,283
4,1031
10,3355
4,1270
1,261
1,523
9,2957
10,2666
6,1750
1,262
10,3054
10,2615
1,348
10,2531
10,3532
1,431
10,3816
10,3472
7,2678
1,317
3,953
9,2902
10,2613
4,1489
1,270
4,998
7,1653
1,298
10,2776
10,2351
1,482
10,3734
7,1713
9,3445
1,287
1,1562
10,3666
8,2245
3,1235
1,274
2,562
10,2295
1,268
2,781
10,2305
1,489
10,2883
6,1483
10,3395
1,240
1,488
6,1839
4,1151
3,879
1,290
7,1799
10,2169
10,2319
10,3552
10,3539
1,713
8,3194
1,479
9,2337
1,230
1,454
10,3085
6,1425
1,449
1,235
10,4029
10,3391
1,244
4,1175
10,2430
1,513
10,2235
10,3482
9,2076
1,826
1,487
10,2815
4,1178
1,538
6,2182
10,2747
6,1850
1,470
6,1450
1,506
10,2331
10,2796
10,2716
6,1750
1,460
1,436
8,2770
10,3958
1,514
10,2459
10,3130
4,1174
1,372
6,1591
9,3400
7,2449
10,3067
6,1446
3,1142
1,474
1,853
10,2509
10,3439
1,342
3,1292
6,2137
3,831
9,3069
10,3427
10,2592
10,3569
2,759
3,931
1,392
1,299
1,588
10,2193
10,2207
1,397
10,2303
10,2299
10,3328
9,7039
10,3421
2,702
8,2672
10,3064
10,3304
5,1588
10,3518
1,514
10,3287
10,2353
1,400
10,3337
8,1743
1,341
9,2330
10,3178
10,2478
10,3697
1,567
4,1492
10,3449
10,2275
1,869
2,825
10,3943
1,444
4,1492
3,1217
1,286
9,3234
10,3488
8,2876
3,1404
1,392
9,3008
8,2701
10,2188
4,1287
10,3314
10,2306
1,471
10,2754
1,633
1,364
10,3358
6,1480
10,3142
10,3677
1,363
4,1226
1,444
10,2284
10,3154
10,2339
1,590
1,318
6,1805
1,373
1,348
1,417
4,1041
10,2920
2,1203
1,378
10,3444
10,3565
10,3526
3,1361
1,504
1,759
1,456
10,3370
1,356
1,255
10,2668
4,1194
7,2377
10,3551
1,491
1,508
5,1084
10,3240
8,5440
1,268
1,500
6,1841
10,2266
1,248
1,410
10,3242
1,857
8,3164
10,3675
1,330
1,520
10,2436
1,375
6,1525
1,376
9,3408
10,2423
10,3459
1,240
1,334
8,2824
1,389
1,557
1,346
1,266
1,433
10,3253
9,2598
10,2547
1,411
1,428
10,2492
4,931
1,232
1,260
10,2213
1,472
1,395
9,2822
1,262
1,402
2,734
7,1725
2,897
1,363
1,375
10,2262
10,2158
1,265
1,264
10,2360
1,477
1,478
8,2906
1,247
1,349
9,4266
5,1715
5,1876
1,352
1,588
10,2339
10,2153
1,367
1,248
10,3425
1,301
1,506
3,1076
1,249
1,354
10,4410
1,556
10,3011
1,345
1,460
4,1347
10,2825
1,365
10,2877
10,2272
1,617
2,843
10,2379
6,1573
1,327
1,410
6,1425
10,3257
1,352
1,448
10,2920
1,502
1,409
10,3330
2,825
1,2123
1,304
10,3323
10,2932
1,304
1,259
10,3079
5,1695
6,2048
1,382
7,2675
1,719
10,3334
10,2224
10,3497
1,379
1,618
2,645
7,1735
1,268
1,247
10,3192
2,999
1,262
1,285
6,2374
8,2906
10,2588
10,2279
1,437
1,419
1,376
10,3619
10,2071
1,446
1,263
3,1154
5,16338
1,275
1,275
10,2973
1,723
10,3825
10,4107
1,281
1,307
1,318
5,1871
10,3152
10,3004
1,383
10,3137
8,4610
4,1008
2,655
10,3599
1,508
10,2457
7,2211
1,567
1,421
1,419
10,4031
4,997
3,873
1,598
5,2624
10,3472
4,960
6,2544
7,1874
1,417
10,3552
7,2069
1,270
10,2765
1,550
1,653
10,2210
8,4023
1,432
9,3074
10,2795
10,2246
10,3918
5,1437
1,424
10,2807
10,3191
1,386
9,2960
3,1377
1,385
3,1017
10,2277
1,369
4,1392
6,8141
6,2014
10,4290
3,1165
1,306
1,495
8,8099
1,317
10,2783
10,2527
1,276
10,2437
2,842
1,364
1,496
9,3039
10,2723
10,3674
4,1085
1,390
9,2343
6,2822
1,301
10,4089
8,2779
1,320
10,2426
5,1600
1,465
1,606
2,878
6,2597
10,3713
5,1990
1,370
7,2332
10,3244
1,597
10,2394
3,1123
1,266
10,2631
10,2501
4,946
1,440
10,3782
10,2217
8,2929
3,1801
1,245
2,587
10,3994
1,582
10,4466
10,2422
1,352
10,3139
2,998
6,1658
1,400
4,1480
4,1023
4,1768
1,594
7,1628
10,3763
3,1058
1,329
10,3390
10,2634
1,466
10,3391
5,1985
7,2728
1,449
1,564
10,3219
4,1533
1,513
1,473
8,6228
9,2441
4,1253
7,2860
2,731
1,541
10,3410
8,3237
10,2307
1,422
1,2155
10,2821
6,2475
3,776
2,787
10,3039
1,270
10,2157
6,2823
10,2713
1,408
10,3055
3,921
10,3336
1,265
1,428
10,2808
10,3902
1,306
10,3327
10,2769
3,678
6,2190
6,2440
5,1466
1,582
1,522
10,3539
10,3390
1,373
1,612
10,3445
8,2682
1,691
10,2356
3,1064
2,790
10,3939
10,32115
10,11567
2,769
1,364
10,3573
6,1814
1,441
1,428
10,2192
3,1551
1,562
10,2786
10,3129
4,1504
10,2337
6,19290
2,698
10,3383
1,344
6,2287
4,940
1,308
2,796
10,3120
10,3972
1,687
3,861
8,2186
8,2450
6,1459
10,18600
10,2724
5,1869
1,349
10,3253
3,1010
10,3314
1,24920
10,3326
10,2423
1,494
9,2432
2,798
1,851
4,1487
10,20973
1,368
10,3669
1,378
5,1616
6,1817
10,3571
1,463
1,382
2,921
1,405
4,1310
1,365
1,521
10,2306
3,10529
5,1449
6,1932
1,248
2,830
10,2338
8,2644
1,554
1,333
5,1481
1,519
3,1023
1,281
1,562
10,2670
4,1577
10,3567
5,1916
1,278
7,2314
10,3334
3,1037
1,521
1,478
10,2729
1,595
10,4627
1,317
1,493
10,2912
4,1397
6,2419
10,10943
1,285
4,1181
10,2530
10,2406
3,940
1,363
10,3961
4,1359
8,5004
1,405
1,447
10,3385
4,2768
9,3672
10,7908
1,687
2,738
4,932
2,796
5,1841
1,319
1,424
5,1787
6,1457
1,369
1,417
10,2213
1,457
10,9917
4,1670
1,624
1,5677
10,3438
10,7593
3,1019
1,310
1,1966
10,3312
10,2108
1,290
1,630
10,2427
1,606
5,1572
2,922
6,1910
1,541
10,2245
5,3034
1,346
1,240
1,554
8,4849
10,2533
1,560
1,614
10,3163
1,617
9,15677
5,2042
1,422
1,396
10,3117
10,3144
7,25878
1,434
1,457
6,2193
5,1602
1,548
1,646
10,2493
1,680
1,344
3,1288
10,3249
1,445
1,580
2,784
5,2013
6,1334
1,445
10,2138
2,590
1,506
1,757
1,505
1,602
1,329
3,1231
7,2321
1,407
1,590
5,1842
8,2623
1,241
2,713
2,594
10,2995
1,488
2,780
1,322
1,479
4,1106
7,2568
10,3284
1,512
1,602
8,8208
1,336
1,294
1,548
2,602
2,745
10,2751
10,4435
1,316
1,559
1,477
5,1868
7,2262
7,5075
2,875
3,975
7,3088
7,1593
1,694
10,3070
1,473
10,2794
3,1168
1,363
1,428
1,535
4,1711
4,1507
1,363
8,2295
10,3753
7,2542
4,1410
1,528
10,2582
1,372
3,868
10,9610
1,405
1,3193
1,24055
9,3617
9,2933
1,386
1,361
10,3585
5,2064
10,3321
1,488
6,1861
1,443
10,9460
10,2477
1,565
10,3197
1,15695
5,2100
3,1172
1,443
1,369
2,678
2,905
6,3327
1,360
10,3322
6,2156
10,2141
10,3270
1,596
1,487
1,532
7,2657
3,953
1,494
1,321
5,1669
5,1848
10,3665
1,559
10,14428
1,435
10,2328
10,3499
1,478
8,2860
1,623
5,2104
10,3242
5,1886
1,236
10,3957
1,7953
3,984
5,1556
8,2681
1,420
5,1428
5,1685
1,485
10,3775
1,349
1,470
10,2948
3,1005
1,306
6,22526
10,8739
10,3504
10,4953
9,2839
1,452
10,3333
2,945
1,568
10,3646
1,333
7,22841
8,2214
3,1102
1,245
7,2313
7,2084
4,1608
6,2574
10,3270
1,439
2,649
5,1914
10,2986
10,2123
1,362
3,1237
10,3738
4,1476
1,301
1,592
2,739
9,3408
10,4045
10,3501
1,399
5,15531
10,3544
7,2051
10,2751
2,851
1,760
3,1254
1,375
7,2419
1,1070
5,1940
1,361
9,4142
4,1434
1,420
5,6603
9,3635
6,2071
2,717
3,1351
1,480
10,3432
5,1767
7,2660
4,1414
3,1066
10,3471
10,4146
1,930
1,444
6,2288
6,2010
1,417
10,3692
3,1488
1,570
2,700
7,2442
8,2958
1,463
6,2084
10,3770
5,7336
2,733
1,322
10,3579
10,15224
10,2261
5,1563
4,2797
10,3203
10,3248
7,2690
10,2429
1,496
3,1226
8,5868
4,1565
1,465
1,420
10,3832
10,3533
10,4100
6,2294
7,2548
1,536
5,1787
10,5244
7,2622
1,508
6,2488
3,2449
5,1821
1,652
9,2420
5,1959
5,2045
3,1394
8,2307
5,1883
1,505
1,449
4,1340
10,4154
1,495
8,2920
10,3310
2,1050
1,375
3,967
10,3539
10,16087
4,1413
6,2493
10,4341
1,404
1,574
2,838
3,1316
1,498
5,1947
10,3417
5,1969
5,1613
4,1390
10,3483
4,1609
9,2407
10,3526
7,2538
1,328
1,360
2,772
3,1181
1,406
7,4432
2,829
3,1212
7,2145
10,4891
5,1234
1,25570
10,2679
9,6912
7,3714
1,449
1,279
3,1094
2,789
1,469
1,372
5,1750
3,1122
3,13849
10,3381
4,1607
1,483
10,3483
10,7633
4,1554
1,385
1,367
5,2195
3,1184
1,505
4,1148
10,3422
4,1478
1,333
10,9719
1,469
3,882
8,10660
5,2314
1,372
1,417
1,504
1,726
4,2436
5,1767
10,20818
10,2991
7,4522
5,6487
9,3167
1,517
1,485
3,1321
4,1351
10,6076
1,341
1,349
7,2495
10,3685
10,9500
1,491
1,510
5,1990
1,519
10,3325
1,575
1,516
10,3126
2,688
5,5251
6,1785
1,352
6,2146
8,2233
3,998
1,605
1,470
9,3094
1,502
7,1965
1,492
1,515
10,2409
4,1597
1,573
3,804
1,381
10,3456
3,853
3,1077
4,1602
1,556
7,2605
2,732
2,1118
1,802
1,766
2,497
1,541
2,762
5,2007
1,389
8,2887
2,766
4,1411
1,392
1,378
7,2539
3,18564
3,1300
1,472
1,471
1,326
1,671
10,3497
3,1605
2,811
7,2606
10,3698
5,1937
1,518
1,274
3,1440
1,483
5,1969
1,479
2,703
5,1521
1,756
2,917
7,3202
8,2495
5,1764
6,20612
5,5060
1,474
1,360
5,2621
1,511
3,1130
1,384
1,556
10,3299
1,443
3,1383
10,4389
3,1067
9,5743
10,2120
7,2580
1,356
1,514
1,672
1,557
5,1827
1,469
1,386
10,3200
1,525
6,2334
4,38342
10,2475
1,605
2,729
7,2796
1,570
8,2362
1,379
5,1654
7,2322
1,453
1,548
9,2513
1,553
4,1713
5,1870
6,2039
3,1232
10,3396
3,1336
1,654
1,347
1,660
3,1123
4,1363
2,795
5,22514
1,522
1,562
8,3015
7,2150
10,2961
4,1707
5,2062
5,1946
1,587
1,304
10,20055
7,11130
10,3218
5,2042
3,1172
1,316
1,401
6,5159
3,1014
9,3145
1,601
8,2605
9,29205
1,644
1,271
1,553
1,357
7,7847
3,1198
1,627
1,285
1,467
1,519
10,37664
2,810
1,581
1,530
3,1341
6,2202
2,909
1,579
4,1475
5,5432
4,1375
7,2416
2,553
1,600
1,462
1,665
7,2361
1,663
1,597
1,499
2,1012
5,1875
1,582
7,7056
7,2677
5,2537
4,1767
1,244
1,665
1,407
1,714
4,1517
1,482
1,539
5,1766
6,2270
2,791
3,1006
8,4553
5,1774
10,4718
7,3205
1,319
5,1827
8,3045
6,2136
1,435
1,437
1,718
1,323
3,1247
10,3708
1,579
5,1881
10,3337
7,17262
9,3135
1,442
2,892
7,2743
2,803
4,1614
1,532
1,472
3,1038
10,3572
6,2202
1,351
7,2336
1,486
5,16491
4,9176
1,753
3,1361
1,410
3,1310
2,1111
1,457
1,491
1,425
10,3648
10,3699
1,398
1,477
4,1434
10,16256
5,2018
1,458
5,2114
1,556
6,3690
5,2017
1,414
1,434
7,2256
4,1742
5,1916
1,510
4,1598
1,417
7,2580
7,58976
1,299
4,1804
4,1523
9,8233
3,1263
1,477
1,328
6,2176
9,20421
10,2726
1,355
2,3129
1,369
1,507
6,31436
1,278
5,1924
6,2035
10,3528
3,1190
1,383
1,308
10,3410
8,3166
4,1729
1,283
10,3098
1,365
5,1709
3,31584
10,3433
7,2643
1,685
9,7303
7,2700
9,5167
1,355
9,3870
7,2378
2,917
1,286
2,885
5,1729
4,1306
1,581
5,1944
9,2279
1,413
10,3472
4,1351
3,1165
2,902
1,501
4,959
3,10748
5,1586
5,1889
1,504
2,919
1,418
8,1821
7,2635
4,1429
4,9623
5,1947
2,502
5,1970
9,2900
10,2414
3,10003
5,2163
2,824
1,410
1,345
3,1289
3,1145
5,2037
1,575
8,3355
7,2603
7,2419
6,1951
5,1977
10,2593
5,21240
6,1861
3,1084
1,340
2,801
3,1295
10,3276
1,469
1,2040
7,2931
7,2351
3,1325
10,2998
7,2295
2,816
4,1419
4,995
6,1808
1,359
3,1121
2,2096
10,3340
1,549
1,519
4,4138
10,3333
6,2302
10,7550
1,506
6,3138
7,2377
8,3301
7,2407
1,259
7,2529
5,1917
5,1726
10,8663
1,419
1,549
1,484
7,2885
9,3409
3,1048
10,3804
5,1595
10,23433
6,2192
1,301
10,3573
7,3644
2,764
4,14139
1,526
1,401
10,23580
8,3133
10,6481
1,502
10,3728
9,10139
5,13969
10,4190
1,267
8,2623
6,2101
7,2557
2,776
2,918
1,736
1,415
3,1089
5,2837
4,1461
10,3321
5,1780
5,1683
5,1806
2,769
6,9203
10,15766
2,1070
1,629
1,511
1,501
2,807
7,2629
1,721
1,488
8,2404
1,636
6,2328
8,2876
2,835
8,2712
10,3750
5,2063
2,1084
2,840
1,416
1,446
4,1377
4,17043
1,498
4,1072
5,1581
6,2247
7,11597
5,1872
10,8018
7,15705
3,1267
5,1864
3,1264
1,550
1,375
10,2969
2,904
1,462
1,476
1,2056
1,586
4,1030
3,1151
1,499
5,1724
3,2398
7,2542
6,2231
10,7539
1,347
1,406
3,1138
1,398
1,458
7,31786
4,1685
3,1042
1,708
7,2227
8,3473
4,1777
10,3434
10,9088
1,386
1,367
10,2984
3,1173
1,547
1,644
7,38448
1,689
4,1673
4,3393
3,1052
3,1050
4,1722
6,2025
8,17817
1,422
1,374
9,3472
7,3341
1,665
1,539
1,426
2,1068
1,1346
8,4244
1,640
1,711
7,2634
9,3557
8,2800
1,410
1,484
10,9264
4,1397
1,629
1,838
2,960
4,1553
1,589
9,7836
4,1308
4,1157
9,2913
8,3302
9,3214
1,373
1,498
7,2293
8,2792
1,447
1,520
1,406
2,943
1,779
7,2875
1,362
1,269
5,1811
10,8130
9,31636
2,755
1,360
6,2490
5,10882
1,680
1,1156
1,424
3,1244
2,783
6,27564
1,725
1,638
7,2270
5,2517
7,7970
6,2137
1,349
7,3166
5,30443
7,2515
1,458
4,1419
6,2337
1,477
6,37712
1,687
1,692
7,2200
3,1295
4,8968
7,4356
2,910
10,3260
7,3867
9,2917
1,557
10,8154
9,3318
1,451
4,1413
1,721
1,576
6,2191
1,543
2,919
10,3808
3,1149
10,3377
7,9501
2,723
1,548
1,552
8,2860
1,311
1,480
6,2066
1,472
1,428
4,1471
8,3224
10,3227
5,1623
4,1198
5,12418
6,2072
2,671
1,397
10,3248
1,363
3,1217
1,528
1,427
1,482
1,559
10,3487
8,3307
6,2115
3,1472
1,632
3,955
9,3202
1,465
10,3590
1,380
6,2091
1,575
3,4340
1,534
1,639
6,2433
4,1525
1,465
3,1241
5,1734
9,3115
4,1097
1,454
8,6345
1,490
2,538
1,506
1,588
1,490
1,608
10,2954
3,899
6,1631
5,2471
3,1030
10,7571
8,2087
1,519
4,1502
1,402
1,363
1,471
1,515
4,1150
1,617
10,3552
2,1002
8,2901
5,2753
1,335
3,1439
10,2181
1,464
7,10696
1,557
6,2035
1,479
2,821
10,3991
1,463
10,3744
9,3516
9,3448
10,2758
1,447
8,2895
10,3095
1,427
1,610
1,342
3,1101
3,947
1,355
1,394
1,532
10,2530
4,1012
7,2523
9,2556
1,339
4,1496
10,3887
2,1004
1,3154
6,1951
10,3817
2,449
1,490
1,637
1,418
1,500
4,1267
5,1717
1,455
2,4695
7,2705
1,369
8,3242
1,509
8,3001
4,1454
6,2265
6,1909
1,445
1,349
1,419
8,1840
4,1390
1,448
1,480
10,3508
10,2453
3,1597
1,481
2,627
7,3032
1,479
2,771
1,652
10,3876
1,603
10,2306
3,792
1,505
10,4889
6,1693
6,2213
4,1657
1,522
6,2193
8,5200
2,997
7,2563
1,440
1,345
1,453
10,3022
4,2014
2,878
1,384
7,2122
7,2464
8,1966
1,458
9,3219
9,8653
4,1038
9,3032
1,383
1,404
1,427
1,394
2,1032
1,1620
1,491
7,2015
1,443
7,2587
1,330
9,6481
9,8284
8,2877
10,3338
1,512
3,1048
4,1359
10,3297
7,2523
1,370
1,349
10,2286
3,1125
6,25025
1,629
10,3279
4,13673
10,6527
4,1494
1,323
6,2101
1,527
6,2122
6,2847
1,275
1,367
10,2825
10,2926
3,1170
1,492
4,1504
7,2351
7,2202
8,2664
10,3213
3,986
1,288
10,2191
1,604
1,274
1,629
10,3333
6,2151
7,2547
1,394
8,2758
1,513
8,6056
10,3306
1,401
6,2068
1,311
6,1508
2,876
1,262
1,639
1,498
10,3436
2,710
10,3718
4,1483
1,393
9,2732
8,2623
2,570
9,3443
1,379
1,647
3,1090
1,372
3,1086
1,388
10,3634
10,40481
7,2625
6,2137
1,358
4,16625
2,720
3,1176
7,2622
1,512
1,364
6,2000
1,244
2,811
1,451
9,2159
1,555
6,1781
2,725
1,386
2,640
10,3852
7,2443
4,1562
9,2348
1,431
10,12092
1,413
5,2211
4,1646
10,3263
3,1534
10,3827
10,3226
1,314
6,2241
6,1890
1,442
10,3646
4,1573
1,321
1,344
4,1082
6,1434
1,393
4,1549
6,1863
10,3836
10,3569
6,1580
7,2428
7,6087
6,1502
7,2881
4,1080
1,308
9,5163
4,1421
7,2101
1,395
1,492
2,804
10,2920
10,2358
1,351
10,3240
10,7685
9,9212
4,1545
2,610
1,294
10,14443
8,2775
10,5188
1,438
1,274
2,808
2,771
10,3228
1,485
10,6531
10,3513
7,2809
10,3650
10,3052
1,362
4,1284
10,2621
6,2445
1,425
1,597
6,2499
3,1172
10,3500
1,369
10,3325
10,3467
3,1882
10,4533
10,3259
1,571
6,14210
10,3729
8,2551
1,432
1,418
9,4248
4,6633
4,1328
1,395
10,2743
8,2222
4,2079
6,2219
1,341
1,437
8,3383
10,3431
5,1638
3,1171
1,516
4,1844
8,3318
8,2740
1,345
8,2678
4,1287
9,23940
2,717
6,1755
1,497
4,10326
6,1419
4,1268
1,432
1,425
7,10110
4,1396
1,643
10,7674
4,1348
3,718
1,375
7,2039
10,3454
10,2641
7,7047
6,1650
3,887
1,12480
1,336
10,15438
9,2658
1,464
7,7513
1,443
1,497
2,773
10,2865
6,1353
8,2360
4,1726
1,432
4,1611
3,13236
1,483
8,5003
4,1515
1,398
10,3227
3,1774
1,548
3,1008
10,6558
8,2839
6,2173
1,800
7,2744
1,499
1,405
1,303
8,3090
10,4054
1,649
10,11526
1,346
1,531
6,1601
4,1257
6,2024
10,3807
9,2956
10,3519
1,390
2,830
1,356
10,29552
10,4062
4,1433
4,20026
1,484
1,340
3,723
8,2236
6,1861
10,4032
8,6730
10,3013
6,2403
4,1424
4,1459
4,1439
1,542
1,465
10,3318
1,459
1,408
6,1688
3,839
7,1713
10,2513
1,367
10,3896
2,1033
9,2424
10,3090
1,527
6,2064
1,477
3,1233
1,306
1,272
10,3257
1,616
4,1578
2,1000
1,467
10,3752
3,1043
4,1807
5,1899
1,374
10,4526
1,658
2,951
1,279
1,269
7,2466
1,513
10,3371
4,1306
1,451
10,4049
6,2207
8,2668
6,1857
1,388
10,2689
1,478
9,3102
1,400
2,690
4,1242
1,421
10,3279
4,1565
1,520
9,2958
9,3298
10,2183
10,2449
1,437
6,2260
1,754
4,1001
1,463
1,371
9,13965
1,461
10,2618
10,2480
1,468
3,904
9,2905
10,3121
10,2557
1,389
1,557
1,510
4,924
1,616
10,2722
8,2636
1,486
4,1471
2,569
1,455
10,3197
10,6561
10,2388
10,3331
1,420
1,370
2,778
2,874
1,400
1,261
10,8400
1,403
10,2391
5,1705
1,412
1,485
4,5288
6,1626
10,2385
1,426
1,470
9,3012
8,1867
2,794
1,366
7,2420
1,412
1,300
6,2016
1,424
1,325
8,2566
6,2128
5,1888
1,378
1,342
4,1093
10,2934
10,3449
4,1467
4,1267
1,321
1,390
10,2739
1,408
1,274
10,11711
1,557
10,2790
1,396
1,291
6,2157
10,3366
9,7301
9,2666
1,455
2,815
3,822
10,3188
10,3485
1,293
7,2575
7,2141
2,891
1,403
1,299
8,3071
10,2556
4,1082
4,1509
1,393
1,572
1,321
10,3468
10,5461
1,391
4,1302
10,2477
9,3073
10,3291
1,416
10,3347
1,481
4,967
8,2790
1,354
1,373
1,334
8,2574
7,3877
1,311
1,469
10,2525
8,2818
2,820
1,279
10,3540
6,1582
2,645
10,2864
1,364
10,2517
1,534
10,2155
6,4552
1,270
1,397
10,2526
10,2469
6,2206
1,244
1,562
6,1815
8,2091
1,578
1,394
4,1205
1,421
5,1285
10,3372
4,1459
1,498
10,3663
10,3439
10,3738
1,1564
6,2015
8,2170
1,1579
6,2043
1,395
9,2181
1,325
1,503
10,3214
1,281
1,454
9,3241
8,2624
10,3550
1,775
10,2444
1,424
10,3608
10,3355
1,491
8,2806
1,472
1,360
4,1601
1,350
1,458
10,4102
10,3280
10,2387
6,2488
1,398
1,327
6,5048
6,2127
1,344
10,2192
1,625
1,410
3,1166
1,282
1,383
3,1225
2,985
8,2547
7,2558
8,1775
1,323
6,1384
1,454
1,379
10,3096
1,692
1,396
4,1498
2,552
1,408
1,549
1,579
4,1651
10,2856
10,2892
1,345
8,1912
8,2966
7,6277
6,1800
10,2416
1,434
2,1034
5,1686
1,416
1,321
1,445
2,628
10,3923
10,2575
1,242
6,1563
6,2178
1,284
1,375
2,939
1,412
6,2703
6,1378
1,404
1,361
1,385
9,2589
10,4443
6,1660
1,353
7,2246
10,2495
2,635
10,2405
5,1442
1,267
9,3143
10,2206
1,453
1,373
1,391
4,1137
9,2146
10,3362
1,331
6,2495
10,2360
10,2166
1,558
10,3422
1,283
4,1675
10,3164
2,948
1,363
1,673
4,1132
4,1497
9,2192
10,2334
10,3508
10,3416
3,1071
7,2081
10,2408
1,389
8,3010
10,2734
10,3408
1,354
1,454
8,1878
3,1031
10,2202
1,267
10,3478
10,3311
10,4836
10,2177
10,3283
1,364
2,738
8,3293
6,2109
1,373
1,461
10,2275
4,1259
2,572
1,255
10,3388
9,2140
7,2274
10,2268
8,2838
8,2093
10,2848
5,1822
10,2320
1,360
1,498
10,2498
6,2093
4,992
1,227
10,3303
2,666
10,3202
6,2284
10,3785
10,2718
10,2836
4,958
10,3355
1,287
1,407
1,674
2,1033
1,574
1,487
3,944
4,967
8,2627
10,3810
5,1753
2,802
10,3261
10,2175
10,3372
1,354
1,487
10,2993
10,2770
1,612
7,2480
4,1168
1,438
3,1137
10,3508
8,2843
8,2500
1,386
9,2649
8,1932
3,798
4,1614
6,1663
5,1979
5,1662
10,3031
4,1602
1,340
2,839
9,3144
8,3179
10,3142
6,1528
10,2569
4,1394
4,1358
6,1629
10,2175
10,2539
1,630
10,3273
1,478
1,431
9,3010
3,866
10,3289
10,3024
1,306
10,2592
2,671
2,819
1,465
6,1627
10,3352
1,617
9,2872
1,389
1,310
4,1019
4,1631
2,686
10,3530
8,1992
6,1753
9,2983
7,1649
5,2040
1,826
10,4568
1,497
10,3284
1,321
1,307
4,1928
1,537
8,2762
2,993
1,286
10,6725
4,1431
5,1204
1,521
1,410
8,5110
1,380
3,744
1,604
1,273
8,2075
1,507
10,3614
4,1943
1,14906
10,5036
4,1369
6,1466
6,2069
1,428
10,2373
1,634
4,1125
1,417
4,1413
10,3423
1,452
10,3379
6,2017
1,458
1,552
8,2507
10,3685
10,3439
1,404
5,1740
4,1632
10,2665
1,542
1,259
10,2695
1,446
2,895
7,2522
1,384
6,1920
10,2728
10,3362
9,2490
1,313
1,634
1,511
2,455
1,427
10,2290
10,3484
1,364
1,340
1,256
1,406
1,519
10,3206
10,2761
10,2646
1,528
1,473
1,495
5,1058
1,580
1,265
1,504
1,505
1,399
6,2170
1,410
1,323
10,3586
8,3213
9,2742
1,307
1,309
1,397
6,1471
1,566
1,252
6,1404
1,314
10,2722
10,2803
1,434
1,444
1,421
5,1346
4,10940
1,511
1,287
10,3084
10,2149
1,662
1,253
6,2005
1,511
1,256
5,20235
1,396
1,1382
6,2316
2,585
5,1473
1,427
1,414
2,579
10,2613
4,1777
2,741
10,2117
1,420
1,379
10,3528
1,426
1,655
10,2369
10,2878
1,907
1,561
1,666
5,1963
10,3397
10,2259
10,2751
1,440
1,396
1,445
4,1483
1,480
1,515
6,1440
8,2180
9,2548
1,681
1,443
6,1666
10,3420
2,867
5,1698
1,374
4,1392
1,575
10,10434
10,4690
4,1546
1,500
10,2276
1,539
9,3114
1,380
10,2404
8,1898
10,3425
6,1465
1,336
10,2338
2,698
3,1037
10,2988
1,416
1,769
10,3576
7,2516
7,1550
1,447
10,2621
5,1079
5,1777
10,2356
1,427
2,548
1,529
9,3318
10,3503
1,417
1,671
8,2859
3,989
6,1377
1,364
8,1972
1,375
3,1061
8,2372
1,640
10,2790
1,447
5,1926
10,2354
1,295
1,375
10,3542
6,2435
10,2668
8,3158
10,3805
1,322
6,1570
10,2795
1,465
6,1838
1,506
1,779
9,2055
1,389
1,425
10,3989
3,1268
10,3264
10,3215
2,673
1,335
8,3384
5,1856
1,287
10,2314
1,291
1,708
10,2076
4,1014
1,376
1,473
9,3006
10,3389
9,2429
10,2588
1,251
10,3564
2,672
1,327
10,3604
6,2172
1,22882
2,882
5,1790
1,695
1,485
10,2273
3,1019
10,2486
10,3066
1,395
5,1276
10,3432
1,375
8,1921
5,2172
7,22665
4,1672
5,1257
1,470
1,362
3,1252
4,1186
10,3288
8,3140
1,306
7,1917
8,2696
1,326
10,3451
5,2056
1,489
10,2461
6,1559
1,360
1,434
7,2030
4,1261
10,3348
8,2393
1,399
10,2647
9,2670
10,3444
2,652
10,11296
1,607
8,2737
10,2768
1,414
1,393
4,1853
10,3133
2,790
10,2719
1,242
8,2274
10,3187
8,1775
10,3482
10,3205
1,392
6,2287
5,1850
1,561
1,717
1,458
2,603
4,4543
8,2534
10,2202
10,2622
10,2525
10,2579
10,2632
4,2015
1,348
5,1526
10,2570
6,1650
1,488
1,284
5,1991
1,541
10,2870
1,235
8,2755
10,3331
10,3371
8,1838
5,2094
1,380
10,3433
10,13461
8,2888
1,472
1,293
6,1598
6,2779
2,838
1,239
8,2170
8,3151
10,3440
10,3507
10,3741
1,378
10,2360
5,1654
10,3509
1,323
1,252
10,3322
6,1531
1,421
2,564
10,2444
2,1058
10,2254
8,2591
10,3361
1,368
10,3128
1,648
10,3176
1,393
1,393
10,2792
7,2691
1,375
10,2500
10,3470
1,539
2,605
10,3344
5,1790
9,3038
10,3493
9,2981
9,2203
4,1246
1,367
10,3690
1,474
1,387
9,2734
2,562
1,308
4,1458
8,2710
3,1345
3,820
5,1205
7,2649
10,2388
4,1057
1,355
8,3377
5,1925
1,359
10,2390
2,824
1,609
10,3061
2,1141
9,2980
3,1066
1,249
6,2100
2,642
7,1911
7,1682
10,4268
10,3889
5,1446
8,2612
1,439
1,499
2,746
1,585
2,1258
6,2536
1,237
9,2776
4,848
6,2290
1,258
5,1985
10,3685
1,669
10,5249
1,311
1,470
5,1159
1,337
7,2238
8,2822
1,235
8,2395
4,1535
5,1863
1,550
2,6229
3,1445
1,748
1,406
1,255
1,434
6,1389
1,243
7,2516
9,3037
1,320
9,2806
10,3161
6,2046
1,364
1,5243
4,9731
1,741
4,1090
1,277
1,534
10,2953
1,680
6,2248
1,358
1,471
3,876
2,953
10,3541
1,543
1,591
9,3254
1,503
6,1729
1,297
4,1577
10,2883
1,463
9,3170
7,2051
1,325
1,351
5,1386
10,3531
5,1420
1,516
5,2109
1,452
7,1638
1,266
1,350
10,2298
1,604
1,382
4,1538
1,342
3,836
6,1678
3,1120
10,3397
1,422
10,20523
5,1325
5,1062
1,443
10,3493
8,1906
1,432
1,247
2,516
1,394
4,1344
10,2509
10,5558
3,747
1,1564
1,572
1,509
6,2286
1,330
1,670
5,1218
1,470
1,246
1,409
1,375
1,361
10,2503
5,1797
5,1753
1,442
1,509
6,1828
10,3709
1,508
1,623
10,3406
1,388
1,290
5,1668
1,298
2,687
10,2934
1,355
10,3088
1,654
1,449
5,1050
10,2608
1,359
5,1715
1,493
1,358
1,292
10,3395
2,601
1,300
8,2608
9,3137
10,2263
1,385
1,474
5,1580
10,6580
5,1434
6,1713
1,723
4,1513
10,2469
9,2057
8,2463
10,3191
5,1846
6,2177
10,2221
1,446
1,323
1,564
4,1409
10,2270
1,500
1,447
10,2575
1,620
3,868
10,2525
6,1671
10,3041
9,3298
10,3755
1,382
1,412
5,1334
10,14280
5,1159
5,1899
1,273
5,2033
8,2005
5,1394
10,2132
1,554
1,479
8,2918
7,2250
8,1788
1,517
2,892
3,1150
6,1313
6,2180
1,382
6,1630
1,373
10,2573
10,3453
1,419
1,342
9,2785
10,2660
10,3633
1,498
10,3579
5,2077
5,1414
10,5484
1,449
1,567
1,317
10,2291
8,2880
1,353
1,405
3,1220
8,3144
10,3380
1,598
10,4090
1,443
4,1292
5,2105
1,425
2,1274
3,901
10,2567
10,3241
1,521
1,402
1,428
4,60380
8,5262
1,388
5,1708
1,363
5,1436
4,1479
1,336
6,1502
1,450
10,2982
5,1492
1,364
1,304
1,515
10,50499
10,3898
2,620
4,1292
1,467
2,708
9,3446
1,326
10,2944
4,1199
1,420
4,1175
1,465
1,335
1,712
10,48609
10,2820
9,4535
9,3100
1,401
5,4033
5,1651
1,282
5,1993
1,420
7,1551
5,1499
1,298
1,383
1,378
10,42589
2,923
7,2474
1,651
1,311
10,3576
1,530
10,2246
4,1615
1,502
1,376
6,2094
1,398
1,357
1,319
10,41059
5,1756
8,2460
9,3273
1,440
4,6452
9,3098
10,2462
10,19860
1,370
1,286
6,1918
1,271
1,328
1,438
2,876
5,1800
6,2058
7,2531
1,482
5,1928
3,1292
8,1777
9,3052
10,2596
1,248
5,1398
1,311
1,453
4,1231
1,342
1,381
10,3341
6,1959
6,1673
6,2477
6,2862
10,2094
3,1288
8,2699
1,276
10,9118
5,1746
2,844
1,293
1,571
5,1612
8,2103
3,1082
1,386
9,1935
8,2682
10,2746
9,2890
10,3527
1,239
10,3100
8,1843
10,2918
1,435
1,486
5,2758
1,359
9,2089
1,426
2,561
9,2378
10,2920
1,463
10,2419
1,239
10,4163
5,1958
8,1956
1,478
1,503
10,2674
4,1427
3,823
1,323
3,1213
3,821
4,1139
7,2533
10,2292
1,227
4,1516
10,2334
8,2340
1,359
1,462
5,1955
3,1010
1,386
1,394
7,2230
1,347
6,1444
6,2346
2,503
1,302
10,11784
10,2499
10,2767
1,283
6,2135
10,2668
2,992
10,2282
9,3113
6,1895
7,1811
2,776
3,1399
10,2543
1,838
5,1702
10,2818
8,2811
1,281
1,463
9,2907
4,1646
4,1139
7,2036
9,3179
4,1710
7,1897
8,3070
10,2414
1,314
1,593
2,758
10,2638
2,519
1,448
5,1926
6,2176
7,2048
4,1340
8,2194
2,727
5,1453
3,907
10,3239
10,3530
1,630
10,2590
2,1147
1,312
1,363
1,513
10,2593
3,1018
9,3138
1,488
1,465
1,233
1,406
10,3632
10,3248
1,471
8,2862
4,1526
6,1658
1,358
1,441
9,3079
1,426
9,2753
8,2920
6,1980
6,1608
7,1811
10,3974
10,3615
1,494
10,3647
6,2158
4,1516
1,445
1,433
3,945
6,2057
3,909
4,1970
1,588
10,3231
3,1470
4,1441
10,9486
1,505
10,28285
7,2798
7,1870
5,1761
1,392
10,3746
1,521
1,1039
7,2356
1,552
10,2563
4,1499
10,3225
10,10738
1,442
10,23157
1,513
9,2483
4,2193
1,415
10,3381
1,391
3,1238
3,1047
1,508
10,3536
7,2333
10,3524
10,7157
1,535
10,2256
5,2024
3,757
2,893
1,956
10,2459
1,293
1,486
1,267
1,596
3,7318
2,643
10,3577
5,1992
1,460
10,3116
2,911
6,1603
5,1860
1,596
1,316
1,355
1,450
1,452
1,471
4,1383
1,460
1,580
4,1537
1,466
2,738
6,1468
10,3480
4,1385
1,613
10,3458
1,387
6,2634
2,625
1,314
9,2623
1,402
1,590
2,844
1,674
10,3205
10,3293
10,2732
8,5762
1,457
7,1854
1,298
5,1306
1,402
1,316
5,9536
1,401
1,581
5,1728
2,1045
4,1816
10,3912
10,3123
6,2194
1,339
1,609
1,297
10,2375
1,268
1,453
1,794
6,1562
1,472
4,1498
1,486
1,705
10,3643
1,443
5,5251
1,491
1,268
1,341
9,1927
1,295
5,1248
1,431
1,297
1,466
10,3646
7,1680
1,650
4,1611
10,3439
5,1736
3,1121
1,284
1,408
10,2165
1,274
1,331
1,521
1,255
1,645
9,2975
6,2344
1,913
3,1244
8,2921
2,834
9,3094
1,276
1,421
5,1403
1,270
1,409
1,481
1,378
1,621
6,2123
9,2876
1,572
9,14625
10,3224
10,18463
4,1492
1,418
10,2578
10,2251
1,376
10,3393
1,384
1,289
1,431
5,1828
9,2473
1,439
5,10576
10,2528
5,22373
6,1851
1,287
8,2088
10,2170
1,377
8,2856
1,372
1,264
1,493
5,1779
3,821
1,426
1,598
10,6295
5,1672
3,989
1,281
5,2392
10,2236
1,698
10,2371
1,400
1,311
1,460
1,474
10,2387
1,537
1,729
10,2987
3,1258
6,1573
1,290
10,3486
10,2510
1,394
3,814
1,541
1,295
6,2470
1,538
3,1109
1,482
1,624
10,3296
1,551
9,3597
1,478
3,969
1,357
8,1896
5,1670
1,485
5,1351
4,1610
10,3527
4,1095
1,494
1,812
2,962
6,2011
6,1567
1,475
2,769
1,369
10,2276
10,2774
1,327
5,1534
2,897
1,417
1,367
1,395
1,500
1,602
1,344
1,362
2,1040
10,3087
1,275
8,2313
2,698
8,2574
10,2907
4,1487
1,526
1,303
2,806
1,394
1,518
4,1581
10,2311
10,4079
10,2434
1,296
10,2158
10,2896
9,2156
10,3589
10,3950
1,357
6,1684
5,1557
1,324
10,2943
2,733
7,2083
10,12324
5,1534
1,369
10,2250
7,1631
7,2669
1,383
9,3639
1,410
8,3356
4,1211
1,383
2,528
7,3021
4,1084
10,3644
7,1552
1,592
2,668
8,2709
2,870
5,1863
6,2215
1,449
5,1354
10,3224
1,374
7,2001
6,2288
1,451
10,23261
8,3302
1,475
10,3240
10,3399
9,3024
10,2501
5,1893
1,819
2,793
9,41801
1,696
1,424
7,2111
8,3005
10,23592
10,3480
1,594
2,768
10,3700
3,988
5,1274
4,3687
1,627
10,2660
5,1584
1,596
3,2166
4,1618
10,2658
8,26667
4,1416
1,557
10,3199
10,3483
10,3316
10,3087
8,2995
1,451
5,1338
1,517
3,1287
1,562
4,1686
8,2746
5,1670
10,38227
10,3176
10,3626
10,3339
1,386
9,2184
1,632
1,517
10,3327
5,1599
9,12873
1,708
9,7195
3,794
5,1879
2,810
1,328
10,4425
10,3110
3,1157
7,2796
6,2169
3,1204
10,2968
5,1546
7,3165
1,385
8,2851
10,2456
4,1545
10,2828
1,810
10,3574
2,11189
1,508
10,3857
2,833
7,2369
10,2223
5,1705
6,1357
1,423
1,390
2,1088
2,919
10,3654
2,706
10,3923
1,586
7,2042
10,3528
3,1170
5,1814
10,3056
3,954
3,991
1,390
3,977
10,3458
4,1864
10,16134
10,7548
10,5234
1,414
5,1318
10,3314
7,2394
5,1998
10,3477
6,35805
10,3756
1,385
6,1895
10,3092
10,17419
1,611
10,5652
10,4194
1,451
10,2865
10,3042
5,1711
1,642
1,372
5,1732
1,471
1,370
1,609
2,1086
6,6157
6,3166
8,9002
10,6712
1,372
9,2458
10,3221
2,549
2,1249
1,241
7,2432
7,2184
5,1961
3,912
10,3213
9,6471
1,951
10,10314
1,459
1,373
3,1223
3,1114
5,1841
4,1408
1,240
1,478
4,2567
5,1876
1,432
10,2755
5,1932
1,566
10,21944
1,18725
1,436
5,1689
10,3732
1,343
3,1163
1,239
5,1751
3,861
2,791
1,580
7,1841
5,1803
1,560
5,2014
1,673
1,423
10,2209
2,939
7,2756
6,1585
1,217
6,1986
6,2212
5,3990
1,551
1,491
1,606
1,524
4,1727
1,486
1,403
10,3380
1,355
7,2664
7,2422
1,230
3,958
4,1733
10,4138
1,529
1,281
1,525
1,1045
2,954
5,1683
5,1942
10,3246
1,586
6,2170
1,541
1,300
7,4195
10,3058
4,1369
1,551
1,514
1,561
5,1724
4,1602
1,453
1,363
10,3245
1,494
3,1238
9,5894
1,238
6,30169
9,2224
5,1727
1,502
1,467
1,538
1,507
5,1801
1,484
4,1315
1,415
5,1459
8,2866
8,2929
1,278
4,1409
3,832
9,3708
1,351
8,2169
1,408
4,1508
9,3169
9,3032
1,569
7,1552
1,653
9,2981
6,2269
1,250
5,1633
6,1396
5,1976
1,418
1,233
1,411
1,14209
6,2564
1,494
4,1547
1,496
1,544
3,1222
3,1340
8,2994
1,452
10,2302
5,1791
1,491
1,256
1,433
5,1806
5,1926
4,1726
2,875
1,532
4,1301
1,360
4,1793
4,1351
3,1200
10,3153
1,646
2,887
1,241
10,31791
5,1735
5,2256
1,516
5,1715
1,268
1,347
1,432
1,510
10,3270
3,1091
10,2932
5,1687
2,732
1,229
1,9514
9,2987
10,3591
1,373
10,8017
1,282
5,3457
3,1039
2,817
10,2981
9,24336
10,2676
3,1347
2,942
1,260
5,5199
1,358
1,526
1,444
6,2130
1,292
1,425
1,550
2,891
10,8391
1,428
1,375
5,1971
6,2109
1,226
1,523
4,1355
8,6941
1,453
5,1697
1,253
1,476
5,11868
3,1286
10,6206
1,424
7,1665
6,2221
9,3137
2,802
3,2649
10,3341
1,622
10,15298
5,1676
1,350
1,436
1,664
3,1107
2,745
2,760
1,626
1,671
3,1058
10,3190
1,470
6,1978
1,585
5,20711
10,3367
1,387
1,350
1,486
2,654
6,2270
1,340
1,328
5,2168
8,8668
4,1387
1,433
1,351
1,625
2,19710
3,1435
1,318
10,4880
1,548
9,2814
5,1844
7,8535
1,433
7,2338
8,3231
10,2816
5,3348
5,1689
3,1329
6,1947
5,3584
1,345
5,8287
1,462
8,2677
10,2682
1,476
1,289
3,1366
9,3188
10,2962
1,469
10,28056
5,1824
4,1421
10,3361
10,3588
4,1569
1,569
9,2963
4,1607
4,3840
1,286
7,2544
1,775
10,3379
7,2947
1,343
1,373
8,2622
1,332
7,2517
9,13706
1,435
8,3602
2,946
1,2060
1,391
6,2264
8,6064
6,2059
4,1681
5,1794
1,811
2,635
7,2247
10,3416
6,2970
4,2299
7,2574
5,2118
1,509
1,346
1,626
4,1383
5,1879
2,2531
1,350
2,909
3,909
3,1108
10,3626
3,1196
1,897
9,3170
4,4739
1,2542
1,320
4,1902
7,10049
4,1452
6,2098
6,1899
1,484
6,19132
6,1923
10,3840
1,838
1,596
1,384
9,3289
1,517
1,240
9,3163
1,545
2,803
7,25189
3,1101
3,2834
5,37583
1,520
10,25261
10,8529
2,2528
8,3216
6,2087
1,488
1,242
5,1946
9,3030
5,1795
3,1182
6,2093
1,517
1,348
5,4119
3,16212
1,589
2,3976
7,4112
1,504
1,485
8,3085
3,1050
4,1133
4,1463
9,10024
7,2327
1,424
5,1597
6,2241
5,1911
2,737
6,2628
1,493
5,2167
1,410
10,3664
1,765
4,1247
10,3327
8,2857
5,29815
1,455
5,1662
5,1915
4,1441
5,2164
1,563
1,470
1,419
8,3338
4,32218
1,671
6,2045
6,2329
1,546
7,14903
1,469
7,4318
7,2641
2,3319
6,2010
3,1348
1,409
1,466
2,1017
10,24475
7,2745
7,2502
9,3912
3,1046
9,2381
5,3381
7,2121
7,2415
5,1596
7,3503
9,3424
1,476
4,1623
6,2259
2,663
3,972
9,3198
5,2063
6,2393
1,485
6,2079
2,20840
3,1276
4,1411
9,3373
8,3004
1,601
1,403
9,9174
10,8072
1,499
10,3861
5,3264
1,1896
5,1680
4,1548
7,2124
9,2538
5,1749
6,2085
8,3539
1,632
1,466
3,1536
10,32586
1,517
6,2196
1,635
4,1444
3,1039
7,2493
8,4924
4,1628
5,5148
7,2635
4,1762
1,690
8,2955
9,3123
6,1472
4,1319
4,1575
1,568
9,3515
4,20760
6,2561
5,1946
1,601
6,40528
9,3072
7,2766
1,741
1,471
9,2946
5,1767
2,1358
6,4641
1,432
2,1121
7,2710
7,2307
1,433
5,1772
1,374
8,5987
9,6352
1,591
1,51262
4,1367
4,1396
1,624
1,463
10,11401
2,716
1,494
7,3847
3,993
3,1340
9,17674
4,1652
1,508
9,3377
6,35340
8,9316
2,815
1,494
3,3458
1,402
2,996
3,2333
4,1775
1,552
3,8171
1,1563
1,404
9,19484
1,480
2,33989
7,2225
5,1737
1,2395
1,423
1,437
3,1226
1,785
3,1053
9,28812
7,2844
1,341
3,1206
1,28653
1,690
1,451
1,465
4,16630
1,2261
1,649
1,1233
6,2090
4,1130
1,354
1,410
1,528
10,14545
1,363
1,475
1,524
1,531
1,468
8,7614
1,355
1,562
1,452
9,3155
2,798
6,2410
3,973
1,691
1,400
3,1259
10,3520
4,1224
6,2017
1,748
6,4174
1,441
1,554
6,1989
8,13957
1,332
3,1098
1,443
1,780
1,307
1,555
5,2376
4,1214
1,307
1,454
10,9256
1,418
1,606
1,416
8,7024
1,521
4,1783
1,544
4,2900
3,7654
4,1677
4,1440
7,1775
5,1659
5,3922
5,1633
8,2957
1,670
1,498
9,2885
1,478
1,462
4,1279
1,919
1,479
1,584
4,1469
1,462
1,353
4,1361
5,2889
3,1215
1,619
5,1730
4,1661
1,483
2,816
3,10281
1,754
1,814
1,584
7,2727
9,2822
1,396
9,2987
1,407
2,869
1,496
3,1006
8,5700
1,498
2,689
1,551
6,2669
10,81154
1,455
9,5784
10,3433
7,2192
7,2363
1,496
9,3249
1,549
1,350
7,2846
1,469
1,528
1,503
1,376
5,11496
3,1041
9,3843
6,2186
6,1976
9,2905
1,392
3,1172
1,623
1,436
1,969
1,437
3,1095
1,580
1,505
1,463
1,465
5,2158
6,2149
3,1438
10,6034
1,405
9,3347
3,1005
5,2006
1,379
1,430
6,1668
1,534
1,398
1,427
1,445
1,3070
3,1100
7,2239
9,3012
10,3957
9,31606
3,1669
2,879
1,556
1,534
9,2174
1,444
1,525
1,393
1,472
6,3709
1,394
4,1531
6,1988
2,861
7,25719
2,724
1,348
1,706
2,771
9,3036
1,421
1,515
1,279
1,518
6,2114
3,685
9,2872
5,1626
1,454
7,13593
7,2579
4,1489
1,1125
3,1074
8,2789
1,433
1,586
1,330
1,459
1,335
3,1080
3,1032
1,679
1,439
8,22693
8,2926
5,1693
1,605
3,754
8,2693
2,878
2,692
5,1744
1,384
1,349
2,587
5,1691
3,1297
1,399
1,672
10,3101
6,2354
1,378
8,2668
9,2631
2,911
2,669
6,2101
1,485
3,1082
4,1484
3,1112
1,494
1,394
1,601
7,2422
7,2436
1,528
9,3292
9,3014
9,3037
1,605
9,2573
1,565
1,550
8,2636
3,1182
1,440
1,414
1,596
7,5421
8,2920
1,548
9,3240
4,1601
1,397
4,1508
7,2076
2,7117
1,522
7,2122
7,2605
1,296
5,1878
1,517
10,12702
1,592
1,592
8,4001
7,2223
9,3302
3,1376
5,7294
6,2177
1,623
9,2711
1,512
1,468
3,1006
4,1530
2,771
9,3318
1,565
9,3086
1,462
3,1134
9,4932
6,2100
7,2382
1,590
7,1756
9,2879
2,761
1,417
6,1956
8,3975
5,1719
1,459
7,3509
1,336
9,3299
9,3043
9,11678
9,6195
1,647
7,2212
2,783
1,400
6,2102
9,3572
3,939
3,1178
1,599
7,2420
1,404
8,3033
8,2692
1,402
9,3160
1,476
10,3489
2,2182
1,393
1,525
7,2993
2,886
4,1406
4,1526
1,559
1,531
1,582
8,23836
5,1610
8,2974
1,447
1,428
3,815
1,397
5,1713
9,5681
8,3002
1,753
4,1267
1,529
1,506
8,3207
9,12390
4,6096
9,2968
1,641
8,2632
1,614
1,518
7,2368
10,3935
10,3220
2,3051
6,2673
1,526
1,344
9,3440
7,10688
3,1122
9,11252
1,394
1,389
9,3318
1,367
3,1239
4,1445
10,2816
2,935
7,2359
4,1755
1,475
7,2755
1,875
1,422
4,1516
3,876
1,438
3,1363
1,459
7,2319
9,7597
5,1460
2,1056
9,3186
6,2006
1,427
1,589
1,819
4,1424
1,550
2,677
1,383
1,737
1,359
6,2185
1,484
10,2518
9,3254
9,3133
7,2290
1,468
1,4469
1,590
1,478
1,552
10,3899
6,1862
9,3664
3,697
4,1541
6,7998
10,3748
6,2580
6,2135
10,5477
1,472
4,1485
6,2121
2,934
1,510
7,2101
2,852
1,483
8,1913
9,3048
1,478
10,2254
3,1149
4,1543
9,41794
1,460
6,2098
4,6390
2,789
4,7142
8,2649
1,314
8,2897
7,2570
1,464
3,986
5,1807
9,2999
6,1985
3,990
1,501
4,1348
7,2723
6,2023
4,1504
9,1965
3,902
7,3172
8,2792
3,1177
3,1197
1,587
8,2641
3,970
6,1597
1,463
7,2441
9,3302
9,3092
7,1729
10,4040
1,395
1,461
10,3441
3,1096
1,393
1,377
8,2641
1,433
4,1366
1,433
9,4909
9,2907
2,738
10,2908
8,2340
1,432
9,3110
9,3193
7,2285
1,1580
1,367
9,3046
3,1247
10,3234
9,2940
9,5497
9,3275
3,1487
9,3418
7,10100
1,373
1,1016
7,2239
4,6098
1,545
1,503
8,2583
1,532
9,7164
4,1547
10,12289
6,2229
9,3196
9,3848
3,1397
1,322
1,498
10,3221
1,455
1,381
1,320
1,524
7,2289
1,439
6,2298
4,1468
4,1409
8,2712
10,3771
2,847
1,568
7,7221
3,1050
2,816
1,375
1,420
4,1285
3,862
1,527
9,2976
6,4181
3,1216
9,3000
6,2364
2,714
10,2542
1,423
2,705
2,852
1,375
1,478
7,2334
2,702
1,555
9,3455
6,1975
1,641
8,2402
6,2559
10,2582
2,670
8,27907
2,624
1,464
1,356
1,422
1,417
7,2063
1,405
10,3349
3,1082
10,47010
4,1388
3,1223
10,3789
8,2736
1,363
1,376
6,2044
1,263
1,301
1,473
8,2490
1,414
6,2129
1,462
1,653
8,2262
1,402
10,3992
5,1730
1,456
10,3386
3,1130
1,546
1,328
1,542
10,2562
1,491
4,1472
1,511
1,620
7,2447
1,523
5,1187
10,2293
1,472
10,2680
9,4822
1,385
7,2734
1,493
9,2456
1,382
1,543
1,445
1,792
1,472
1,415
10,14038
8,5909
1,1021
10,2885
9,3350
3,1012
10,3388
1,447
10,3130
1,384
1,606
1,502
1,485
1,475
1,414
10,6803
10,2934
1,483
10,3369
8,6490
7,2306
2,868
4,1488
7,2615
7,2339
3,1309
1,435
1,474
1,315
1,358
8,4691
2,790
1,434
8,2000
9,3189
4,1210
10,2478
1,337
8,2808
1,384
3,828
1,392
1,562
1,466
1,534
1,491
5,1617
1,478
10,3212
8,2696
7,2446
10,2744
1,499
3,1213
1,561
2,994
1,433
1,302
1,424
1,472
1,379
3,816
4,1152
9,2204
9,3118
8,2471
10,3940
1,465
2,840
1,362
7,2379
1,456
1,503
1,584
1,633
1,584
10,2157
5,1416
1,416
1,453
9,2321
10,6822
1,399
1,483
1,360
8,2840
1,397
1,571
1,481
1,563
5,1541
6,1406
7,2695
1,404
4,1409
7,1641
3,5415
1,461
1,400
3,836
10,2723
1,275
10,4007
1,446
1,502
1,245
2,610
9,5351
1,350
7,2275
10,2821
8,3074
1,485
1,404
3,863
9,3266
1,316
1,538
1,424
1,453
1,338
10,2340
10,3087
1,466
1,478
6,2183
2,643
1,513
1,481
4,971
10,2508
1,371
1,364
1,437
8,2719
1,5975
10,3489
9,2899
1,376
1,407
3,2663
8,2192
6,1920
1,440
2,486
7,2427
3,762
3,1323
1,445
1,517
1,454
10,3269
6,2070
1,322
1,460
2,931
10,2552
6,1635
1,447
3,694
7,2373
10,2664
3,955
7,2266
3,978
1,646
10,3247
5,1793
1,425
1,470
2,748
10,4240
4,1360
1,298
9,2190
3,1287
3,1024
2,818
1,438
2,621
1,354
7,1629
3,1169
1,465
1,476
1,458
10,11615
7,2448
1,286
7,2520
8,2986
2,631
7,2937
4,1396
2,758
1,1215
4,1596
1,421
1,414
1,473
10,5223
10,3370
9,2884
1,319
7,2304
2,816
6,1714
8,1977
6,2035
2,595
3,1171
1,488
1,475
1,254
1,379
10,3660
10,2600
10,3371
1,367
10,3363
1,486
8,1963
9,2722
9,2904
10,3861
6,1923
8,2963
9,2212
10,2471
1,516
8,2725
10,3374
4,1466
2,626
8,5483
1,662
9,2934
7,3127
9,3182
9,3441
2,583
1,463
3,741
3,788
1,455
10,3506
1,596
6,2109
10,2778
6,1888
1,505
7,2420
7,2542
3,1716
7,2386
10,2301
1,598
3,1065
10,2368
1,561
10,3541
1,608
3,1072
10,2679
2,949
1,544
7,2450
8,2864
10,3589
10,4458
10,3162
1,689
4,1001
2,808
1,382
10,2130
1,596
1,599
10,3929
1,715
1,307
8,2617
3,1052
6,1689
8,2816
10,2991
1,423
2,458
10,3861
1,534
9,2300
1,634
3,862
10,7322
10,2465
1,456
4,3880
2,632
4,1329
8,3598
10,3625
1,366
8,3203
10,3961
1,546
1,536
1,607
3,922
5,9372
10,3572
1,334
2,862
2,664
1,473
2,803
7,1692
1,573
7,2272
10,2551
4,1493
1,339
1,360
2,644
8,2871
8,2715
1,294
2,690
1,432
1,444
10,3460
4,1388
1,341
7,2389
7,1663
7,2644
1,286
1,484
7,2897
5,1928
10,3621
1,421
10,3211
10,2650
1,596
5,1394
8,2445
1,348
10,2420
8,2439
9,2892
1,420
1,509
10,3343
10,2470
10,3364
1,302
5,1750
10,2658
3,1451
10,3576
10,2423
1,306
1,535
2,637
9,2962
1,418
1,467
8,1944
3,1247
9,2432
1,258
10,3322
10,3527
3,1139
10,3551
5,1205
10,3359
1,460
7,2432
10,2747
1,264
1,513
9,1987
7,2059
10,3009
2,705
8,2542
10,2681
2,540
10,2794
10,3435
5,1332
7,6885
10,2881
9,3102
1,313
2,845
7,2830
2,752
1,699
9,3088
10,2651
8,8972
7,1547
8,3693
10,3754
10,3277
6,2162
10,3049
6,2051
1,346
2,890
7,2456
10,2607
1,640
10,2579
10,3318
10,2349
8,2532
10,2327
10,4358
10,3260
2,800
10,5811
3,1194
1,289
10,2916
10,3419
10,3561
1,517
10,3562
10,2937
9,2315
10,3660
5,1724
10,4660
10,3780
8,2664
8,2750
1,484
1,383
10,2383
8,2567
10,3467
1,361
10,2699
5,1241
1,431
9,2553
1,521
10,2500
5,1462
3,1027
10,5087
1,614
6,2124
10,3525
3,1187
10,2887
1,351
8,2808
1,472
1,455
7,1589
1,527
5,1920
10,7632
1,431
10,3186
3,1575
3,895
10,3683
1,463
7,2549
1,361
10,2274
1,333
1,432
10,2970
1,533
1,616
1,394
1,354
3,975
3,917
10,2872
1,290
1,294
3,1198
1,525
3,1304
1,352
1,583
7,2231
1,404
1,555
10,2772
1,394
1,504
2,564
4,1365
8,10999
2,671
8,2856
1,590
10,2766
1,286
1,393
8,2454
1,347
1,538
2,804
1,312
1,490
6,2202
2,622
8,7323
1,576
1,736
1,454
2,971
1,440
1,299
3,1187
1,457
1,328
2,1011
1,507
1,435
8,3326
10,2360
9,3804
1,258
1,437
1,294
6,1961
1,374
1,288
2,854
1,659
1,469
10,2719
1,444
1,483
10,2948
10,3064
1,577
1,360
1,349
10,2765
10,3357
1,382
1,456
1,521
1,497
1,490
10,3304
1,511
1,444
9,3237
10,3199
10,3693
1,485
1,451
3,1211
10,3009
1,398
1,387
1,551
1,615
1,450
10,6087
1,321
1,636
7,2490
7,2139
10,2699
1,398
1,374
10,2343
10,6860
1,329
1,284
1,637
1,426
1,415
10,3402
1,511
1,433
10,2789
8,2825
10,3561
1,408
1,421
2,846
10,3225
1,351
10,2725
1,538
10,2955
1,484
9,2168
10,3010
1,421
7,2673
2,775
6,1608
1,348
1,316
6,1682
7,2427
2,757
3,891
1,268
3,1230
1,567
1,1425
10,2191
10,3213
8,2623
7,1682
10,3531
1,383
1,465
10,3216
8,2399
3,940
10,2362
1,485
10,6331
1,568
1,1533
10,2525
1,405
1,450
10,3445
9,3131
10,3500
1,544
10,2817
4,1563
10,2257
6,2095
2,721
6,1582
2,1313
8,13065
10,3134
1,484
1,415
10,3360
1,563
2,610
1,322
7,1672
1,456
6,2021
10,2629
1,351
2,754
2,650
8,8278
10,2832
1,444
2,585
10,3384
1,534
10,3365
5,1288
8,2978
1,262
8,2108
10,3437
1,541
10,3350
10,2423
1,405
9,2248
10,4676
4,1278
10,3350
1,714
5,1210
10,3583
4,2230
7,1782
10,2426
10,3861
1,508
10,3487
10,2544
1,382
3,867
2,764
1,518
8,14887
4,3333
8,2511
10,5427
2,827
1,272
10,2311
7,2653
1,405
7,3129
9,3742
1,375
7,2101
10,3487
1,489
10,2962
1,537
10,3361
10,4285
7,2588
1,310
7,2336
4,1365
10,3561
4,1674
10,3581
1,602
10,2869
9,3186
1,294
3,1053
1,732
10,2180
10,3467
1,368
1,391
10,2977
2,892
10,2626
8,7083
10,3798
1,507
2,996
10,3416
1,300
1,476
1,581
5,1474
10,11677
10,3443
1,337
4,1405
7,1770
10,3325
10,3880
8,2801
1,579
6,1790
10,10730
1,465
1,449
1,590
3,956
5,2989
10,4467
1,452
2,930
10,3316
8,2405
10,4214
8,2902
1,491
10,3043
8,6157
1,498
1,308
1,507
10,2351
10,3554
10,3617
1,300
1,566
10,3435
10,2520
10,15152
1,658
1,650
10,2814
2,842
1,412
1,348
1,557
7,2336
1,887
8,2797
1,270
10,3800
10,4047
10,3074
10,2498
4,1221
10,9375
10,3478
1,628
1,384
1,370
1,522
2,748
2,667
10,3499
1,349
10,3743
8,3171
3,855
1,578
9,2280
4,4422
10,2646
2,983
2,770
1,534
1,535
10,2329
2,998
3,1124
2,733
10,9210
10,3459
10,2309
1,593
10,3824
1,361
8,2233
10,3508
1,628
1,547
2,801
10,3417
10,2696
9,2689
3,838
8,2617
10,3412
2,817
1,635
10,4007
10,3416
1,271
10,2808
10,3608
1,332
7,2407
10,4173
10,4088
1,577
10,3307
10,4239
3,1186
6,1491
1,477
10,5331
10,3716
4,1289
10,3449
10,3497
1,500
2,910
7,2282
9,2995
1,508
10,3178
10,3652
1,641
10,2411
1,478
10,3282
6,2460
1,553
8,2700
8,2496
2,647
7,2109
10,3131
10,3426
1,425
10,3519
9,3086
1,491
10,2429
1,544
6,2050
6,6713
1,437
6,1990
10,5930
1,512
8,2887
3,1241
10,2649
1,508
8,2409
1,561
1,504
10,3287
1,481
6,2628
9,2395
1,314
9,2630
10,2324
1,443
3,5410
8,2186
8,5911
1,455
10,3471
1,372
1,736
10,3549
1,414
1,559
4,975
1,405
8,3150
9,3197
10,2420
9,10694
1,400
8,3123
1,440
1,519
1,558
1,466
7,2861
1,527
1,590
1,471
1,403
4,1456
3,1075
8,2596
8,7740
1,335
1,593
1,480
2,806
1,1449
1,590
4,1652
1,401
1,546
2,676
1,380
1,511
10,2956
2,560
8,11570
1,468
1,707
1,450
10,7321
1,536
1,579
8,3427
10,4135
1,345
7,2441
1,370
1,596
2,539
10,5311
3,1139
1,351
1,598
1,455
2,638
1,418
1,480
1,530
2,1181
1,384
2,880
1,318
1,496
7,1920
9,3181
1,526
1,280
1,1120
1,481
10,3231
1,460
10,2834
1,305
8,2693
1,404
2,856
1,445
1,578
10,2171
10,3963
1,539
1,259
1,871
10,3966
10,3157
1,393
1,663
1,445
10,2812
1,643
7,2322
7,2782
1,512
10,2611
10,3275
9,6051
1,334
1,738
1,312
10,6443
1,496
1,434
1,323
2,969
4,1679
6,2457
10,3527
7,1781
10,3155
8,2678
1,548
1,290
1,480
2,520
10,15567
2,875
1,590
1,677
2,527
1,636
3,1080
10,3885
1,439
10,3091
2,776
8,2799
1,452
1,488
10,3540
9,2995
1,399
10,2695
1,282
10,2393
1,629
10,10580
10,3514
1,430
7,1933
1,392
1,517
1,269
1,616
2,693
8,2754
1,736
2,678
1,327
10,3280
1,10958
9,16763
10,4101
1,518
8,2953
2,721
5,2019
10,3853
1,550
10,3761
8,2610
10,3632
10,2505
1,528
8,2786
1,582
3,1052
10,2663
1,12474
3,1320
10,3504
3,1271
2,691
4,1257
10,8485
1,550
2,1038
10,2798
1,615
8,3068
2,804
8,4496
3,971
2,3958
1,581
8,2932
5,1828
10,2847
10,3537
9,3374
2,701
8,2615
9,3171
1,509
10,3420
2,880
8,6994
1,663
1,4644
1,383
10,3347
6,9153
10,4018
10,3674
8,16708
1,554
10,2689
8,2168
2,1048
10,4022
2,1100
1,461
9,2608
7,2277
1,291
6,2077
2,908
10,4489
10,3176
8,16895
1,553
9,3070
2,712
10,2732
1,609
7,6313
8,16480
10,3586
1,652
1,337
10,3315
1,760
8,7571
10,4140
1,484
1,531
9,3800
1,538
10,3035
2,991
8,3023
1,564
2,747
2,1027
1,413
9,6762
1,584
10,3082
6,2161
1,862
1,558
10,8661
2,588
8,2207
1,456
10,3288
3,1000
2,481
3,1085
1,450
8,5551
1,588
1,629
6,14436
2,854
2,683
8,4888
10,3389
10,8149
10,2942
8,26142
1,398
10,2624
10,3376
1,368
1,621
5,1776
10,2313
4,1713
10,3166
1,432
1,721
10,3526
10,3144
8,2639
9,3261
1,761
10,2266
3,1078
1,408
1,452
1,457
2,852
7,2721
9,3354
1,403
1,470
10,3548
10,2445
9,3068
8,2576
1,452
10,3642
8,4113
1,261
1,471
5,5058
2,806
2,991
10,3208
1,358
1,525
6,2103
1,625
10,9371
3,1072
1,1024
1,452
8,3143
1,308
1,480
1,525
10,2299
1,607
6,1889
1,389
10,3696
8,2684
10,2684
8,2737
8,2731
1,489
8,2476
9,2344
2,639
4,1393
3,1123
10,3434
3,1415
10,5282
1,530
10,7316
9,6978
2,606
6,1950
1,1955
1,656
8,3911
8,4471
1,596
1,494
4,1598
9,3112
2,746
8,2575
8,2647
9,7231
8,5010
2,700
9,3118
1,527
1,586
1,704
1,414
7,2363
2,691
10,3359
10,2875
2,1002
9,3001
1,344
10,3429
1,500
10,3787
2,805
1,492
1,563
1,535
1,435
10,2382
1,533
7,21490
8,2808
7,2897
1,414
10,6014
10,5018
4,1377
10,2954
1,502
1,250
1,462
1,429
1,592
10,3360
1,485
1,5374
8,2686
8,3318
4,1794
10,3288
6,1962
1,532
10,3535
9,2219
8,2842
1,584
1,482
8,2541
8,3110
1,493
1,574
1,701
8,2973
1,966
8,2704
9,2429
1,615
9,3395
4,1574
8,2705
5,4641
1,440
6,2804
9,2639
1,467
1,542
1,449
10,11851
1,488
10,7366
1,516
1,673
8,2524
1,552
6,2249
8,6684
1,467
5,5198
10,11115
1,381
1,423
1,451
9,8013
1,524
9,3064
1,558
1,510
8,4437
1,577
5,9960
5,1749
1,491
9,7787
3,828
1,412
9,4537
1,487
8,3108
1,511
1,346
4,1583
1,553
1,630
1,519
4,1360
7,2409
1,378
3,1193
1,377
2,744
1,367
1,382
8,3484
1,349
2,658
1,468
1,475
1,647
1,539
5,13915
5,1932
1,437
2,919
1,354
7,2456
1,528
1,421
3,1357
1,334
7,2680
1,509
10,3218
1,655
1,757
3,1160
3,1066
1,410
8,24666
10,2732
2,861
2,905
1,532
1,571
1,458
2,907
1,583
1,474
1,566
1,556
1,508
5,2150
2,610
5,1877
2,831
8,2626
6,2105
1,406
1,430
10,2484
4,1505
1,520
1,526
1,448
1,457
2,814
1,387
10,2784
1,379
10,2802
10,82101
4,1420
1,405
1,640
1,600
7,2421
4,1339
1,557
1,430
1,526
5,1718
3,1139
10,3847
3,1118
10,2373
6,37634
2,3054
1,497
1,899
1,316
9,3078
1,461
1,554
1,804
1,246
1,424
7,2911
10,3274
7,2250
10,4168
3,31086
4,3309
10,3679
1,679
1,505
8,3967
1,450
8,2787
1,533
1,302
5,1898
4,1529
6,3096
1,433
9,3079
8,31242
1,3769
2,853
1,77643
2,833
3,1072
1,447
2,889
1,668
2,897
1,392
3,1114
9,2355
1,555
9,14236
8,34099
10,3571
1,378
1,64374
7,2483
1,481
1,508
7,2467
1,772
1,509
1,408
6,1937
8,3118
1,468
1,409
9,29178
6,2322
10,3390
8,6613
2,1033
9,2900
2,624
2,1127
1,371
9,2346
1,491
4,4615
4,1663
1,484
8,2472
3,31044
5,1896
8,2647
5,1641
2,743
1,436
7,2041
7,2578
6,1673
7,1824
3,13145
2,833
2,1187
4,7306
1,348
1,449
8,3180
10,3220
8,2542
7,1708
1,329
2,830
1,638
1,501
2,918
1,469
2,860
1,688
1,506
1,488
1,637
6,2042
6,2133
6,1940
8,2846
8,2474
7,2742
10,3209
10,3828
2,1111
7,2596
1,388
8,2917
2,764
1,360
8,2361
3,1065
9,3674
1,411
8,2877
3,1097
6,2091
8,2600
9,3262
7,2664
6,2118
4,1345
7,2723
1,395
1,500
9,2445
8,3890
4,1582
5,1563
3,2970
6,6244
6,3058
9,2958
10,2946
8,6177
1,391
5,1816
2,586
1,464
1,591
5,1508
1,615
1,475
3,2991
8,2782
1,443
8,3173
3,3618
10,3565
8,9389
1,556
10,5357
2,886
1,430
1,472
6,2241
3,1232
2,711
1,80829
3,1110
1,343
3,1269
3,1306
4,1837
3,5215
1,600
6,2058
7,2420
5,1724
1,474
3,1103
3,1239
7,2113
2,858
1,505
8,42762
4,1777
8,21364
9,2602
1,329
1,511
6,2001
3,1206
1,335
1,409
8,3364
2,978
2,879
1,570
8,38585
1,466
8,3162
1,3354
1,571
8,2832
1,540
6,1982
8,2658
1,378
1,426
1,754
1,601
2,823
5,1800
1,534
1,614
3,3139
1,577
2,916
8,2674
3,1187
8,2731
9,10145
4,1358
1,576
1,607
9,3043
7,3197
1,345
8,3079
1,507
9,49659
8,3035
7,2390
3,1247
1,522
8,2712
8,2518
6,2180
1,383
2,702
1,597
8,2885
5,1707
9,3319
7,6952
1,629
6,2073
2,882
1,535
4,1434
1,429
8,35113
3,4992
1,377
5,2515
1,599
3,1161
1,670
5,2011
1,657
1,1261
9,4815
2,919
1,538
2,1021
1,408
1,404
4,1362
10,2797
4,6129
1,504
8,4635
1,514
6,10320
1,361
6,2523
3,1199
7,2418
2,970
2,842
3,1715
3,970
1,377
9,3341
3,5894
2,948
8,2755
3,992
3,1169
1,401
8,20647
5,5653
8,2827
8,2316
10,3478
1,358
1,484
2,687
10,3777
2,723
5,1835
1,10228
1,336
8,3002
8,2079
3,1207
8,3277
9,3090
2,1091
6,2107
1,574
1,416
6,2204
6,2089
7,7147
10,13148
9,16628
7,3449
2,834
1,226
5,1706
2,909
8,2588
9,3254
7,2546
1,552
1,414
6,2289
9,2980
1,3368
2,862
10,12354
1,463
1,369
1,483
5,1664
1,531
8,2421
5,4940
6,2013
1,440
1,460
6,2078
9,2972
2,3880
9,3194
10,13339
4,1605
3,1218
1,303
9,17895
3,1179
3,967
7,2583
5,19534
1,523
10,3239
8,3897
4,1873
1,520
9,17570
1,5418
3,1279
1,645
6,2034
2,833
5,1860
3,1186
8,2783
8,2393
1,403
10,3127
10,25481
1,540
1,420
7,1912
8,18725
6,2192
1,614
9,4990
5,2896
7,2628
8,2813
5,1887
3,10988
1,364
1,396
4,11699
2,710
1,679
5,2099
1,496
1,514
5,14460
5,3217
1,362
1,785
1,511
2,969
1,593
1,362
1,411
3,2396
7,2201
1,485
1,445
1,634
2,738
1,655
3,1254
1,373
4,1773
1,321
1,530
4,1566
1,371
1,520
1,469
2,1047
3,1118
8,3462
3,27360
2,897
7,6837
2,963
1,450
1,475
1,521
5,2298
2,903
1,377
1,459
2,799
2,891
1,353
2,823
1,544
4,3118
2,803
1,735
3,1005
4,1656
1,451
1,558
3,3254
2,804
1,487
1,417
7,2713
1,485
1,1689
1,525
6,2202
4,1606
3,1239
1,439
1,546
1,460
2,1569
2,915
4,3218
1,542
1,471
9,3242
4,1307
1,475
1,479
10,3539
1,536
5,2035
5,2046
1,508
1,405
1,544
2,710
1,469
1,2104
1,460
8,3144
1,327
1,540
8,2388
5,4743
1,490
4,1349
7,2213
2,776
1,429
1,568
1,654
3,1044
1,485
3,879
8,3246
6,26307
1,706
1,680
6,1979
1,483
3,1262
1,536
1,774
1,558
2,889
1,603
1,382
8,2177
1,456
3,1435
8,20293
1,580
1,399
8,3129
10,3457
6,2140
1,476
1,675
1,433
1,425
1,536
4,1358
5,2243
1,338
3,1338
1,366
1,600
1,427
8,18420
1,452
3,3563
1,432
1,1440
10,3451
4,2304
3,1269
9,4613
6,4831
1,299
1,373
2,748
1,547
1,402
1,537
1,657
2,805
1,449
3,1312
1,605
1,412
1,591
1,528
3,1503
5,1709
1,493
4,1403
1,569
1,452
1,412
3,1344
2,714
5,1670
1,378
1,361
1,709
5,1840
5,1909
8,2419
10,3210
1,358
6,1937
1,530
1,825
3,1526
1,991
4,1578
4,20329
1,605
1,392
1,481
8,2904
2,687
2,1022
2,675
8,18355
10,11993
1,556
2,988
1,556
1,659
5,1722
3,1563
3,5302
2,653
1,467
9,3503
10,3546
3,1341
9,12649
1,361
1,485
6,2307
9,11315
2,893
4,1730
10,3154
1,432
6,2239
9,3272
1,414
10,20866
6,2180
5,2093
9,19248
8,25616
6,10187
10,3813
6,1913
4,1422
1,597
7,2112
3,3917
1,433
1,360
3,1318
9,3247
7,2303
3,1296
9,14254
1,358
3,976
2,843
2,621
1,625
2,932
3,1112
2,763
3,1264
1,439
1,521
7,2404
5,1748
7,2667
7,1664
1,492
6,20190
9,3039
5,1748
1,1029
6,1918
5,2013
5,1667
2,1342
8,1826
3,1280
7,2804
8,2709
4,1485
5,1899
1,490
8,15733
10,7270
5,1939
3,1460
4,1616
6,2569
1,401
2,2293
5,1892
4,1471
1,5242
2,869
2,969
8,2969
1,981
1,510
10,4102
5,1653
1,771
6,2346
8,2700
2,665
10,3804
9,3710
6,2134
1,530
3,1302
6,2262
1,489
1,580
2,1200
9,3341
1,373
1,607
5,1833
6,36657
6,1960
6,2283
5,1723
1,639
1,517
6,2080
4,1966
2,954
1,566
3,5906
8,3377
3,1285
1,404
8,2866
1,448
1,395
7,2200
6,4494
4,1512
1,481
5,1579
2,834
1,378
1,507
1,449
4,4695
4,3221
1,539
6,2203
1,512
5,3235
5,5205
2,974
6,1953
5,1719
5,1644
1,515
1,618
1,633
1,521
1,679
3,1152
1,403
8,2658
5,2200
6,1921
6,2997
1,489
2,1052
1,403
2,788
2,4481
1,402
10,3480
1,574
1,484
3,1494
1,8639
3,998
1,406
7,2291
3,2750
3,974
6,2327
1,556
9,7921
6,2006
1,562
8,2642
1,370
10,2856
4,1643
4,2137
1,632
1,3646
5,1153
8,4396
5,4517
6,2201
1,551
7,2201
4,1347
1,374
2,1082
1,369
3,1251
6,2450
1,459
4,1799
1,531
6,1992
1,493
3,11097
8,2573
1,491
10,3198
1,479
1,437
5,2414
5,1816
9,3333
4,1354
1,613
3,1537
1,383
5,1788
2,796
4,1353
2,903
1,434
10,3260
10,3250
1,371
10,3397
10,10079
3,1087
2,2619
1,488
1,3442
1,416
8,6700
4,1823
3,1256
3,1067
1,595
5,1790
6,2027
1,477
9,12863
2,870
2,957
1,515
1,421
1,912
2,804
1,462
1,567
3,1030
5,6063
2,861
1,356
5,1679
5,1697
8,2819
9,3026
8,2585
2,809
1,539
1,609
5,1610
2,676
1,583
4,1485
8,2533
5,2027
4,1211
8,2614
1,325
2,869
9,9302
7,2460
10,3668
10,2851
1,674
1,325
4,4693
1,593
1,378
1,583
6,2034
1,443
1,327
4,1423
5,1754
9,3441
10,3399
6,2428
5,1789
5,2080
1,534
1,721
1,571
6,1967
4,2489
5,1857
8,2697
1,463
5,1690
1,482
7,2475
7,3155
6,2327
6,2109
1,476
4,1414
1,370
5,1789
2,755
3,1647
2,1297
5,1619
3,947
2,957
5,1769
5,1539
1,598
5,4642
9,2610
10,2660
3,2898
1,356
2,1109
2,908
1,594
10,3354
1,346
8,22260
5,2104
4,1852
8,3046
1,565
7,2442
7,2296
2,810
1,593
1,610
1,359
7,2375
1,593
10,3357
1,510
6,20057
6,1984
2,764
1,727
1,720
8,3202
9,11196
8,1855
1,629
1,485
10,12229
10,7324
1,523
5,1804
1,477
1,547
9,3063
3,1190
1,624
1,503
3,1084
5,1900
9,3087
1,2325
10,3272
9,3330
6,4158
1,420
9,24502
1,353
1,735
8,9599
3,1276
1,412
2,940
6,1923
4,1784
9,9249
1,428
5,1715
9,14252
5,1532
5,1723
4,1575
1,512
1,1084
10,3458
3,1159
1,447
1,497
1,485
2,1148
9,14698
1,410
2,767
9,5727
6,2008
1,439
8,2755
1,501
1,366
5,1925
6,2085
1,635
1,397
1,574
6,1592
5,2016
5,1625
9,2890
7,7618
8,2722
10,3978
5,1980
1,425
1,437
2,1028
1,508
6,3344
8,21498
1,561
5,2295
2,775
10,3219
9,5404
5,1837
3,1089
2,797
1,3346
1,459
1,464
8,11101
2,845
1,542
1,762
1,463
6,2588
8,2551
2,801
9,11492
8,2704
1,492
8,3877
1,618
1,415
1,988
1,459
4,1602
2,685
1,453
1,468
2,729
1,382
1,456
7,4532
1,446
8,2673
9,3686
8,2829
3,1242
1,794
1,594
2,692
1,402
1,444
1,436
5,1771
1,524
9,3314
5,13698
2,773
1,331
9,9969
4,1557
3,784
2,987
3,1289
10,3288
1,451
1,408
1,436
9,2939
1,529
9,3296
8,2706
1,546
1,490
9,3601
9,3139
7,2509
3,1612
3,1367
5,2404
1,462
1,393
1,399
10,3616
1,676
9,3105
1,3678
1,419
1,405
5,1877
3,1133
10,3520
4,2968
1,370
7,6884
4,1322
5,1661
1,464
10,3903
1,476
8,17624
2,707
1,1653
1,377
2,869
2,885
2,1129
1,549
9,3040
6,2137
1,533
9,2183
4,1337
5,8674
1,646
9,3157
1,397
1,358
1,410
8,2756
2,902
8,2528
1,561
10,3546
8,3058
5,1834
9,3446
1,413
1,5129
1,579
2,899
1,288
1,402
2,778
1,570
10,2877
7,3297
1,489
8,2470
6,2222
4,1346
9,6209
10,4043
4,5017
1,424
5,1889
1,356
1,422
4,4276
1,732
10,3032
10,3319
1,480
10,3316
3,1533
2,696
10,3668
1,349
1,3762
1,435
6,2134
1,356
1,501
1,4920
1,714
1,565
8,2929
5,1822
7,2372
1,394
6,2004
10,7980
2,651
5,5261
1,717
5,1731
1,493
1,366
1,428
1,660
6,2218
2,819
1,418
7,2450
8,3864
9,2797
5,1460
3,1041
8,10452
4,1431
9,4167
1,459
1,379
1,452
1,587
1,366
7,2185
2,802
9,2676
1,646
10,10429
10,3657
2,868
1,2292
10,3408
10,3092
2,763
10,3327
3,1747
1,563
1,565
4,1586
10,11483
2,815
1,619
10,7092
1,624
1,572
1,805
5,1877
10,2424
1,619
9,3338
1,552
1,537
1,309
5,1659
9,3353
1,513
1,482
5,1792
1,778
1,338
1,474
2,786
1,419
1,581
5,1916
8,4723
1,340
7,2348
9,3466
9,4379
1,462
1,548
8,2940
10,3356
1,581
1,486
6,1776
5,1902
1,462
6,2068
1,606
1,409
1,379
10,3429
7,3314
1,350
1,541
1,503
2,941
5,4067
1,563
5,1896
4,5628
9,2898
5,1887
1,412
1,406
1,477
9,3213
5,2074
1,304
1,607
1,514
3,1277
2,790
1,393
6,2318
8,2686
5,2173
9,3234
1,426
9,2800
8,2773
10,4733
8,2877
1,476
1,464
4,1583
4,945
8,3223
1,556
10,3345
1,601
5,1627
10,3357
1,421
4,1332
1,343
3,1226
5,1914
1,442
2,813
1,513
6,1550
9,10557
1,466
5,1850
5,1893
8,2580
1,366
1,465
5,2151
1,723
10,2536
2,772
1,374
4,1734
10,3481
8,2985
9,11065
1,642
4,1481
1,493
6,4336
5,1920
10,3438
2,860
1,1286
6,2086
4,1778
1,286
1,425
3,1277
10,5808
5,11606
1,476
8,2971
1,474
6,5390
4,1778
1,526
6,1619
1,526
1,413
5,2104
1,393
1,614
9,4902
10,3199
8,9657
3,1142
5,1772
1,943
9,4037
1,362
2,628
5,2172
4,1574
5,1466
2,793
1,450
1,399
8,3327
7,2953
2,913
9,2961
1,615
1,625
1,651
5,2033
2,694
1,412
5,1998
1,348
6,2105
10,2355
1,539
10,2856
6,2081
6,4206
3,1279
1,481
1,556
4,1591
1,628
9,3434
6,2247
9,3384
1,458
5,1814
7,1664
3,5526
6,2258
4,1455
5,8167
10,3374
9,3662
1,521
5,1599
2,812
9,4034
10,2531
9,3201
1,411
9,3496
3,777
1,622
9,2259
1,460
2,634
2,845
10,3578
1,534
4,1465
1,621
9,3260
5,1905
10,3322
1,608
6,2568
5,1291
1,634
7,2470
1,271
5,6655
10,3263
3,1170
1,394
5,1741
9,3071
8,12299
4,1539
10,3814
1,288
10,3469
9,3008
5,1887
2,957
1,291
10,15295
7,9833
8,2880
1,323
1,423
3,1315
9,19136
8,4934
10,3137
1,475
10,3278
10,3542
10,4032
1,630
1,270
10,19783
7,2373
8,2973
1,467
1,444
10,8214
5,1697
5,1890
6,1608
1,386
8,2613
10,3190
1,710
1,630
1,255
9,3619
7,1820
10,3377
1,490
3,1731
8,2551
2,727
1,619
5,1975
1,461
1,432
3,843
2,717
1,453
1,332
5,1619
8,2726
9,2907
1,409
2,804
8,24976
6,1901
3,1263
1,11346
1,350
4,5596
7,2819
8,2532
1,476
1,277
10,4592
3,885
7,2494
9,2063
3,1013
10,18831
5,1759
9,3245
1,11079
1,340
1,525
5,1792
9,4217
1,358
1,265
1,599
3,1230
2,854
9,2631
9,5162
9,2658
10,7137
2,692
4,1119
1,422
1,1981
1,382
9,3756
1,345
1,303
5,2015
5,1779
1,451
3,930
10,3331
2,777
9,3391
8,2574
2,935
10,2629
1,418
2,584
5,1898
1,417
1,644
1,382
9,3144
2,642
10,3404
8,2701
7,4766
10,3429
10,3699
6,1650
4,1134
5,7308
4,1046
8,2840
1,383
6,1482
8,2841
9,3474
1,374
8,2109
10,3190
1,490
1,432
8,2665
6,1560
3,1347
1,399
6,1969
2,723
1,382
3,755
1,382
10,3449
1,515
10,3387
7,1753
1,442
5,1781
10,12446
10,2512
6,1403
1,10442
3,770
9,32764
1,327
1,462
1,354
10,2440
1,478
7,2580
7,2637
1,628
4,1485
7,2590
8,3174
10,2740
1,407
8,2247
5,25191
9,3260
10,3298
1,714
10,4414
1,421
2,937
8,5680
1,583
1,370
2,965
10,3519
10,2781
1,354
10,3542
2,17646
7,2023
10,3619
4,42767
7,1865
1,366
8,2701
1,433
1,492
5,1693
8,2158
10,3044
6,1425
1,360
10,3435
5,14848
4,1645
4,1344
1,424
5,1860
5,3546
5,1499
2,573
1,540
8,20035
1,487
10,2620
7,2556
1,369
10,3093
9,10133
5,1528
10,2508
9,3484
1,469
1,361
4,1568
1,439
1,323
1,432
1,618
4,1148
4,1655
1,586
6,1463
6,14243
1,390
7,2490
1,420
1,609
1,441
9,2651
1,523
1,383
1,583
2,726
1,271
10,2569
1,450
7,2058
10,2601
9,3240
10,2977
1,478
1,571
1,439
9,2844
1,355
1,557
1,534
1,384
1,511
10,3246
4,1504
4,1159
1,657
3,1845
9,2161
1,682
1,549
1,379
10,3038
1,330
1,443
1,457
1,454
1,272
10,3118
1,444
1,494
10,10509
10,3279
3,939
1,339
1,400
7,1621
10,2212
1,335
8,2215
1,410
1,499
1,262
10,2800
9,10257
1,276
5,2074
10,4484
10,3674
1,452
1,1568
5,1643
2,810
1,386
10,6091
1,390
1,360
1,472
10,3684
8,2643
1,354
8,2977
6,2066
7,2476
1,438
1,851
4,1008
10,2508
1,383
4,1171
1,489
1,372
1,248
10,2508
3,17124
1,347
1,830
5,1418
7,1939
2,1019
1,389
9,3069
5,2025
1,338
5,1996
8,14539
1,267
1,302
10,2220
10,3122
1,253
4,1770
1,368
10,2807
10,2844
1,302
9,3066
6,1960
1,371
9,3151
1,348
1,355
1,488
10,2222
6,1952
1,294
5,1973
2,616
7,5188
8,2419
1,336
10,3641
1,524
9,2230
10,3517
1,354
1,314
1,240
1,390
9,8835
1,242
1,779
4,1182
10,2618
8,7088
1,422
3,1022
1,614
8,2810
10,3383
1,352
10,3551
1,327
1,227
7,2886
1,283
1,753
6,1482
10,8598
10,3664
1,467
10,3198
1,590
4,1073
2,912
1,337
7,2515
10,2350
1,290
2,866
1,271
1,626
10,2968
3,1462
8,3521
2,906
6,2162
1,603
1,424
6,1604
3,1081
3,1158
10,2699
1,320
3,1007
1,283
1,560
10,2903
3,934
2,1019
3,860
1,411
1,570
9,2720
5,1332
9,3818
9,3079
10,3742
1,351
7,1939
10,2454
1,431
10,4130
1,631
2,840
6,2060
1,492
1,483
10,2649
1,542
10,6325
9,2990
10,2630
1,433
7,2509
3,742
1,542
8,2389
1,669
1,348
8,2545
2,860
1,294
10,2247
2,841
2,887
10,3269
10,2591
1,451
5,1475
10,2203
1,539
10,3926
1,609
4,1443
10,3430
4,1583
1,427
10,3346
4,1612
8,3635
3,1174
10,2489
1,408
9,3021
10,2200
1,554
6,1911
1,473
5,1533
10,3713
6,1913
1,266
2,753
6,2141
10,7051
10,2565
10,3052
1,751
9,8836
10,3009
1,397
4,1584
1,499
9,3302
10,2416
10,2437
1,259
6,2027
3,1406
7,2707
7,2372
10,2363
1,458
10,3246
10,2397
1,414
1,519
1,746
9,6765
7,2545
10,3877
1,294
1,472
10,3738
2,1075
1,665
3,941
10,2417
10,10901
7,2425
1,513
1,510
1,466
10,3388
4,1087
8,2749
1,255
2,582
8,3578
8,1960
1,303
7,1893
7,3201
3,965
10,2138
1,491
1,240
1,586
9,2894
10,2988
10,3682
2,927
4,1052
10,3322
4,1399
2,667
10,3215
10,3713
10,3331
3,1086
9,2914
1,257
1,734
10,2392
10,2268
10,3388
10,3575
6,2050
10,2868
5,1817
6,2043
7,2671
8,7510
5,1660
8,2980
3,1120
1,341
7,2908
10,6010
10,2248
6,1882
4,1163
8,2307
6,1849
9,3776
4,1258
10,3378
10,3798
1,545
10,3329
8,4568
1,243
1,509
6,1556
10,2970
4,1143
6,1410
10,3245
4,1107
9,3132
10,3517
10,2539
10,3717
1,443
7,2312
8,3015
1,242
2,788
5,1134
10,2558
1,420
8,2586
10,3357
7,2439
10,4293
10,3294
10,7844
3,1140
1,449
7,2449
10,10540
1,241
5,6094
2,791
10,2786
1,527
10,3324
8,2497
9,2162
2,726
8,2815
3,1245
2,849
1,351
10,3564
9,2998
1,517
3,1180
1,540
10,3195
1,291
10,3305
10,2861
1,289
10,3389
10,2503
1,614
10,3469
1,457
10,5213
7,2809
1,334
1,590
1,479
10,3616
1,514
6,1379
6,1522
1,247
10,3281
10,3867
1,552
3,1494
1,310
10,8052
2,991
10,2220
10,9341
1,454
1,559
1,418
4,1438
4,1240
1,268
6,2959
6,2128
1,379
7,2751
1,366
2,761
2,886
10,2281
7,2556
1,378
1,439
1,391
10,2350
2,852
1,257
5,1727
4,1530
1,386
5,4355
1,388
3,1028
3,1077
9,2997
10,2555
1,414
1,365
1,287
9,3500
1,373
1,244
1,504
1,540
1,423
10,3406
1,271
1,470
9,2974
10,3071
7,2543
1,323
1,319
1,259
10,2720
1,291
1,239
1,314
1,390
1,435
1,431
1,452
1,417
5,1290
10,3413
1,541
1,484
1,295
1,338
10,2909
1,244
1,232
1,510
1,290
1,672
3,1053
1,387
1,374
9,3101
10,2953
9,2891
1,338
1,325
1,313
10,4082
1,282
1,238
1,360
1,246
1,718
10,3565
1,262
1,433
10,6108
10,2560
5,2471
1,295
1,272
10,2223
10,3286
1,302
1,227
1,300
1,275
1,584
1,594
3,1146
1,507
9,11146
1,338
1,557
1,279
1,300
10,3345
10,3400
1,253
1,287
1,268
1,285
1,649
1,513
4,1269
1,511
10,3083
3,1469
3,1085
1,265
1,325
9,1924
10,3243
1,255
1,506
1,343
1,322
3,1340
3,1349
6,1907
1,485
10,2512
10,3662
3,1290
1,560
1,257
10,2266
1,292
1,381
10,3292
1,381
1,260
6,2073
1,481
10,2251
1,432
1,445
8,2421
9,3043
8,2358
3,878
10,4921
1,489
1,342
10,3175
1,313
1,246
1,367
1,586
10,3312
1,365
7,2248
10,3579
2,949
4,1427
7,2429
10,2725
1,373
1,431
10,3435
1,315
1,278
10,10924
7,2099
7,2464
1,282
5,1541
10,3619
6,2203
6,1924
7,2403
10,2929
1,287
10,2186
10,2535
1,317
10,2504
3,1458
1,511
10,3552
3,1332
1,431
10,3865
6,1579
10,3457
7,3062
1,357
1,264
10,2399
10,2441
1,560
10,2340
7,17231
1,563
6,1627
2,881
1,467
7,2724
5,1230
10,2784
10,3546
3,788
1,347
10,3597
10,2947
2,877
9,2954
10,6324
5,1610
4,1134
10,3699
1,394
2,722
7,2592
10,2227
10,3848
8,2947
1,369
10,3266
3,1150
10,2584
10,3599
3,1120
7,2387
10,2105
7,2685
1,321
1,607
8,2913
4,1425
10,2302
10,3231
1,262
10,3223
7,2352
4,1566
10,3594
7,1926
2,649
10,2239
10,3561
1,452
5,1856
10,2287
6,1894
3,698
10,3611
1,325
10,2361
8,3023
6,1533
10,2845
9,2959
1,344
10,2404
1,765
1,269
1,587
4,1027
6,1364
3,953
7,2557
1,266
10,2280
10,2341
10,2443
10,2387
4,1505
1,463
10,2913
7,2067
1,343
1,479
4,1135
10,3254
10,3411
10,4000
1,244
3,797
10,3426
8,2766
1,421
7,2582
9,11410
10,3531
10,3303
1,260
1,672
5,1311
10,3168
3,1205
10,3742
3,790
8,3090
10,2983
10,4553
3,843
5,1504
1,449
10,3255
7,2233
1,485
1,643
1,350
4,1726
7,2420
10,3251
10,2725
10,3245
7,8104
6,1760
8,1987
3,913
1,407
10,3349
3,1030
1,443
1,433
1,273
10,3526
6,2182
2,710
10,3443
10,2778
3,1269
4,1382
10,3102
1,545
1,398
10,3038
9,2939
1,248
10,3403
1,244
10,3014
10,3299
1,557
8,2460
10,2784
2,683
3,972
10,3920
2,656
8,1917
1,353
1,392
1,385
1,369
1,233
10,15916
1,599
1,487
7,2519
7,2356
3,1226
10,2097
7,2066
6,2262
6,2024
1,331
3,780
2,724
1,457
1,254
10,11716
3,1172
1,492
10,3277
10,2271
1,493
10,2265
10,9345
5,1266
5,1325
1,508
1,313
4,1640
3,1288
1,255
10,2810
10,2193
1,415
10,2602
2,823
1,446
10,2354
10,2330
10,2482
6,1504
1,375
2,541
8,7262
1,496
1,280
3,741
3,1287
1,1053
2,682
1,601
1,434
10,3457
10,2947
7,2498
9,3219
1,356
6,1909
10,5897
1,1723
1,259
1,511
7,2197
1,480
3,1175
1,491
1,363
10,3722
2,885
8,2689
10,2421
1,329
5,1250
10,2976
7,2428
1,248
1,263
4,989
1,408
10,3250
1,404
1,372
7,1633
1,721
9,2176
4,1152
1,268
6,1268
10,3055
10,3534
1,268
1,298
1,351
1,459
10,3312
1,490
1,689
10,3340
1,389
10,2217
5,1365
1,381
7,2242
6,1568
1,460
10,2595
1,270
9,4846
1,468
7,2496
1,1913
1,374
10,2895
1,412
4,1037
4,1062
1,340
10,2363
10,2176
5,1846
4,1019
1,389
1,506
10,3023
5,1675
1,523
1,376
1,726
1,496
1,399
10,2428
1,465
8,2325
9,3268
10,3449
10,2395
1,398
7,2019
1,438
1,406
1,662
1,345
1,437
1,468
1,348
10,2683
6,2141
9,2296
10,2199
3,1121
7,2484
1,429
1,476
3,1110
10,2881
10,2878
1,394
1,299
1,414
1,409
10,2440
7,2474
4,1136
10,2504
7,2490
10,3351
1,410
1,757
5,1803
3,715
1,370
10,3761
1,259
1,548
1,278
10,3614
10,2141
5,1309
10,3047
9,3344
6,5610
1,289
1,585
7,6084
7,2304
1,297
7,3128
1,272
1,371
1,325
10,30142
10,2708
4,978
10,3596
1,624
10,6474
1,375
1,452
1,339
3,1002
1,432
7,2323
1,294
1,368
1,243
8,32632
4,1327
1,395
10,3884
3,1122
10,5260
7,1738
1,308
10,23247
9,3015
1,494
5,1808
1,450
1,402
1,264
10,25780
10,5231
1,310
10,3046
5,1809
2,1776
7,2509
1,305
3,1137
1,413
7,2304
10,3341
1,309
10,3531
1,249
1,635
3,752
1,253
10,2700
6,1877
3,2165
10,6278
1,243
3,1052
5,2241
10,6008
3,1160
1,270
3,1195
1,262
10,23461
7,2465
1,289
1,528
10,2327
2,869
10,2543
1,238
7,2433
1,376
6,2143
10,3226
1,271
10,5629
1,279
1,734
10,3199
1,261
1,561
10,3042
1,526
10,3321
3,1018
9,2883
1,489
9,2970
3,1145
3,817
7,2761
10,3373
2,868
3,1190
1,292
1,406
9,2238
8,3053
10,11320
1,810
5,2553
7,2233
10,2797
5,1859
10,2781
5,2065
10,3253
2,820
3,1105
1,295
1,361
7,2375
4,1865
3,1013
2,781
7,2300
1,401
3,990
7,2022
7,2399
1,552
10,3631
1,417
5,1764
1,244
1,348
5,1407
5,1806
7,5163
6,1903
3,931
1,431
10,3153
3,906
10,2981
3,1269
9,2732
1,508
10,3295
1,249
1,280
4,1446
9,3205
3,1180
6,2109
1,321
1,359
3,895
1,271
10,3148
3,1365
10,4062
1,463
1,415
1,275
1,338
1,535
8,3014
3,1073
7,1713
2,739
1,412
4,1065
6,1657
7,2495
7,2346
10,3392
1,643
10,3279
10,2703
1,277
1,262
6,29459
7,2251
9,2709
2,471
1,330
7,2272
6,2014
10,3373
9,3580
10,3336
1,480
3,1000
4,859
1,486
1,295
6,4046
5,2012
8,1968
6,2189
1,337
1,439
5,1144
3,1160
5,1385
1,644
1,513
7,2241
10,2121
1,302
1,290
6,2098
10,4243
10,2604
5,1719
1,383
3,733
7,1817
2,877
7,2240
6,2454
1,536
1,367
10,3352
1,255
1,235
5,1756
3,1379
4,1184
10,3274
10,2717
2,634
10,3387
10,3296
1,501
2,894
1,643
1,339
10,2980
3,1354
1,307
1,380
10,3450
4,1314
7,2397
3,1210
6,2309
9,3025
7,2438
3,1193
2,698
2,621
9,2016
9,1901
10,3337
1,248
4,1350
3,1149
10,2834
9,2719
1,340
5,1584
4,1026
10,3182
2,663
1,427
8,2383
1,435
6,7253
7,2391
1,252
1,410
7,2320
10,3515
8,2287
2,631
8,1926
4,1367
1,712
2,685
4,1579
4,1598
1,435
10,15778
10,4486
1,268
1,388
3,1176
10,3514
8,2924
6,1788
9,2631
5,1379
5,1967
6,2265
4,1616
6,1875
5,1801
1,656
10,3065
1,263
1,388
1,424
10,2907
4,1050
5,1471
7,2035
10,2318
7,2571
5,1254
6,2218
6,3251
1,418
2,970
10,2905
10,2365
1,502
1,263
8,1861
5,1217
7,1896
8,2895
1,260
3,1132
9,2563
9,3372
8,2647
1,625
2,575
10,3406
10,2427
4,1467
1,703
10,3019
1,411
9,2773
10,6837
1,239
10,3221
7,2163
8,2929
6,2063
10,2638
1,460
3,1192
10,2423
1,384
1,507
10,3303
1,272
8,2040
4,1019
1,248
3,981
8,2896
8,2796
4,1302
7,1669
4,1203
7,2086
10,3310
1,412
5,1959
10,3338
1,295
4,1095
2,703
1,281
9,3079
8,1974
6,2241
4,1602
1,219
6,1394
10,16207
10,2387
4,2123
7,3645
1,640
1,247
5,1518
5,1599
1,286
1,652
10,3722
1,427
6,22335
1,426
6,2113
10,8196
2,922
2,816
1,709
1,595
1,250
10,2231
1,596
1,242
1,542
4,1384
6,16317
4,2288
1,380
9,5708
5,1670
10,2853
1,370
1,444
1,530
1,275
10,3299
1,413
1,294
1,636
5,1282
1,543
4,9153
1,532
8,5161
1,430
8,1897
8,4359
1,430
2,1276
1,358
10,4284
1,266
1,368
5,1729
1,576
1,475
8,2649
2,545
4,1640
3,1196
10,3611
10,8017
1,286
1,510
1,355
10,3249
1,271
1,372
1,707
1,532
1,464
2,748
8,2272
4,21990
10,3168
2,1102
1,574
1,426
1,475
1,353
9,3003
1,381
1,290
7,2583
1,312
4,1620
7,2356
6,1907
1,359
3,1297
8,2161
2,947
1,392
1,651
1,361
10,2403
1,347
10,3330
2,1003
1,295
4,1461
5,1630
5,1231
8,94396
7,2981
2,926
2,1037
1,276
1,631
10,2654
10,3706
1,349
10,3176
1,431
1,364
1,77928
4,1450
10,2164
4,1492
9,2458
2,796
6,2279
9,2615
1,694
10,2277
10,5817
1,321
10,2555
1,534
1,319
1,526
1,494
10,2656
6,1941
1,456
1,593
1,401
7,1606
1,591
10,2706
1,665
1,310
10,3232
1,547
1,259
1,319
6,1652
8,2510
1,412
1,417
4,1605
5,23143
1,408
1,645
10,3342
1,543
1,242
10,3548
1,391
1,242
7,2535
2,814
2,646
1,359
1,398
6,2214
8,3068
2,641
2,896
7,1836
1,2157
8,1801
10,3199
1,406
1,295
1,334
1,470
4,1058
6,1929
7,2746
6,2545
1,369
6,1955
2,822
10,3484
1,608
1,359
2,789
1,345
1,257
1,444
10,27352
5,1746
1,392
1,442
8,2938
5,1723
5,1220
1,423
10,11933
1,587
10,2148
1,844
1,427
10,2362
1,445
8,30986
10,2573
1,440
1,395
9,3272
10,30228
9,2664
4,1759
3,1684
1,498
10,3075
4,1215
3,998
10,3551
2,849
3,24583
10,2180
1,381
5,7341
8,2687
1,538
10,2447
6,2316
2,654
1,21128
2,956
6,2162
1,407
10,3300
6,1947
1,23189
10,3356
1,384
1,262
6,4425
8,2863
8,3323
6,16793
2,735
1,582
10,2166
6,2389
2,645
10,3405
3,950
5,23841
8,2753
4,1976
1,431
4,1466
9,4458
4,1401
8,11046
1,512
1,456
9,2886
9,3180
8,1747
9,3153
10,26256
6,2340
10,3405
1,416
1,372
6,1319
1,532
5,1364
4,1339
2,705
1,511
10,4247
8,2569
6,1877
10,7236
3,1147
1,317
10,3589
1,780
1,280
4,1466
2,867
10,3023
9,6631
4,1548
1,1982
10,3556
6,2098
5,1263
10,9601
3,1367
7,48116
10,3646
1,644
1,256
4,1402
1,765
10,3413
6,2110
6,2106
2,864
1,757
6,2096
7,2327
1,740
8,2980
1,493
10,3350
8,2667
3,851
1,483
4,1556
10,3639
8,9936
6,2119
2,732
2,987
4,1420
9,2027
2,753
10,7343
1,428
1,568
7,53202
1,541
1,474
3,1561
10,3065
4,32814
9,2905
1,366
4,1358
4,1535
8,2541
2,1030
2,702
9,4096
1,810
3,5497
2,592
1,414
9,4902
10,3455
5,1696
8,2639
6,1968
6,4509
4,1450
4,1514
2,1065
7,71973
1,515
2,822
2,3364
2,582
1,508
5,1999
9,2808
4,1979
8,4973
4,1702
1,15461
8,2666
5,1505
1,619
3,69769
1,458
1,508
5,1634
5,1560
1,506
1,549
10,3387
9,3044
8,23115
6,1917
6,1929
10,3531
4,1467
4,1988
7,13116
1,407
1,477
7,14284
7,1917
1,561
1,563
10,3214
5,1929
6,11416
9,3609
9,2947
10,3290
10,2515
6,2238
1,536
1,381
1,462
8,2620
10,2676
1,382
1,490
1,595
7,2932
4,1633
8,10517
9,15079
1,380
10,3328
8,2827
1,597
1,372
1,486
2,744
9,3000
1,450
9,4024
1,527
2,970
1,547
8,37126
8,2783
1,376
10,3340
9,3109
1,513
1,455
1,507
5,1562
8,1849
1,440
9,12456
1,515
1,561
1,653
4,1506
6,2248
10,4150
8,2306
8,2616
7,8994
2,810
1,460
10,31761
8,1694
1,401
7,2743
1,514
6,1962
1,448
4,8410
6,7070
1,362
6,1547
6,2123
1,460
2,730
1,595
6,26675
5,1638
3,1219
1,356
1,361
1,483
1,464
6,18296
4,1531
1,461
10,3546
6,2012
2,1056
3,2676
1,461
1,471
10,2410
9,3046
6,2178
1,449
10,3515
1,590
9,3341
4,1364
1,440
10,3437
8,14433
2,833
1,580
2,578
1,381
10,2423
5,15787
1,602
1,342
1,350
1,479
2,2086
1,568
1,454
10,3380
4,1383
9,3551
9,2994
4,1523
2,796
10,3445
2,18954
1,668
1,476
1,435
1,529
5,1763
1,389
1,286
2,794
1,519
3,1108
3,1174
6,2169
1,728
10,3467
10,22173
3,1531
1,472
1,519
1,535
7,2247
1,404
1,369
2,983
1,472
1,492
5,1671
9,3160
3,1195
8,1751
7,2707
1,842
1,404
7,2444
1,440
3,980
1,399
1,398
1,460
4,1533
5,1892
7,1840
6,8985
2,731
10,4810
1,429
1,407
1,497
8,6829
1,385
10,30477
1,346
1,493
1,591
4,10999
9,24267
1,2530
8,2624
1,464
10,3391
10,4102
1,575
1,528
3,7469
2,911
1,589
1,378
2,820
1,515
1,549
1,280
9,3561
6,1944
1,669
10,3798
8,2305
1,532
9,2831
2,72556
4,3803
1,498
4,1433
10,3629
1,408
1,403
3,14792
7,2494
6,12622
9,3920
2,934
5,2603
4,1515
2,608
1,499
8,2645
1,708
1,644
2,796
1,578
1,397
1,544
3,1336
4,1475
5,1944
1,633
7,6904
1,477
2,798
1,629
5,2043
1,9036
1,629
5,1694
1,17356
1,626
1,468
1,476
4,1618
9,10785
1,592
1,786
3,1160
4,1505
8,10015
2,848
10,33433
1,616
7,2380
2,774
1,790
9,3168
4,1488
1,506
3,6234
1,455
1,754
4,1722
6,2196
1,938
6,1924
1,1267
1,708
6,2037
2,653
1,421
7,2320
1,521
4,1400
7,2792
1,468
1,758
7,2495
8,2824
1,526
7,25507
1,400
1,2793
3,1067
1,325
1,452
6,2236
5,1814
4,1567
10,3537
1,493
2,1037
10,3517
6,2241
1,482
2,945
5,15105
4,1340
8,2837
1,292
1,1745
1,366
3,1021
7,2495
9,4449
1,17325
2,1073
6,2926
8,2631
1,367
8,44720
3,15743
2,758
5,1823
8,2488
6,2571
1,541
7,2334
7,2419
1,506
1,688
3,67945
7,2585
6,1774
1,550
3,1048
7,12551
1,332
3,1160
1,429
7,2592
3,1018
1,442
5,32090
6,3278
1,669
1,62949
10,3708
4,1316
1,607
10,12385
7,8197
5,1545
2,770
4,2020
5,1806
1,495
4,1431
2,30618
3,1008
1,442
9,58740
9,17835
4,1901
1,504
5,3271
8,35158
6,4820
7,3222
1,419
7,2424
1,431
6,1999
7,23816
1,356
1,666
9,49631
6,2348
4,1577
2,1005
1,350
3,1181
7,26040
1,477
1,394
3,1305
1,538
9,2956
3,17525
1,397
1,540
3,42509
3,1271
9,3477
2,809
2,1535
1,7567
7,25434
1,2644
6,2072
3,1150
1,452
9,2794
6,11377
1,580
1,425
7,2416
1,560
2,890
1,511
8,2466
1,353
3,709
2,980
8,2631
7,6430
3,1558
7,2437
3,8044
7,2392
2,874
1,345
1,526
5,16912
9,3198
1,472
1,483
8,2529
3,1105
9,2878
3,1205
1,341
1,347
1,5335
1,366
2,995
5,12347
9,2804
7,14025
3,1066
1,392
1,433
5,5656
2,768
6,5370
5,1914
8,2595
5,14628
2,774
3,1080
6,2262
9,7393
8,3007
3,8663
9,3376
3,1180
1,472
10,49518
1,400
8,24542
2,9407
1,618
1,336
1,570
1,455
9,3502
9,3790
8,3179
6,5507
1,549
3,1029
1,476
8,2126
3,1147
4,1550
1,5669
7,2649
1,553
1,402
1,1228
8,9115
3,963
9,3677
1,501
3,1056
1,602
1,431
2,666
9,4940
4,2362
1,382
4,1500
9,3505
1,426
1,433
9,19637
7,20386
9,3346
6,2233
5,18784
2,1120
1,386
1,614
10,3680
8,2931
1,1783
2,1164
3,1122
1,568
1,540
8,7995
1,499
1,353
1,2392
9,3341
3,3827
3,1276
1,574
3,1014
5,2651
10,15253
10,10774
1,6576
5,1705
4,6008
6,14865
1,536
9,7294
1,538
6,2186
3,1109
1,536
1,1207
5,1696
2,617
7,2579
7,2166
6,2045
3,1013
1,522
4,1507
1,391
10,3669
1,576
7,2684
9,2841
7,2363
2,862
7,1992
7,5628
3,1192
9,15804
1,495
8,14012
3,1049
4,1486
1,312
1,527
1,407
4,1713
9,16984
9,2915
3,1103
9,3065
6,1921
1,544
9,3508
1,500
10,24633
1,366
4,1660
1,422
2,957
10,3132
3,4202
7,16391
2,31629
1,451
7,2642
3,1043
3,1273
3,1267
1,464
1,380
1,259
9,3514
1,382
1,344
8,6505
6,2651
7,2595
3,1088
3,1107
3,1065
2,1825
1,435
6,2101
1,689
1,386
3,1231
5,1789
1,414
1,411
1,336
1,369
1,477
9,2819
1,359
6,3811
8,5911
3,1243
4,1380
1,1108
1,504
1,372
2,597
1,775
1,5030
3,1074
1,335
9,2947
7,2469
9,3770
3,1062
10,15428
9,3066
1,691
1,793
1,515
7,3668
7,6611
1,405
1,504
1,420
5,1913
7,2495
8,3113
5,2252
1,503
3,1329
9,2752
2,906
1,435
1,492
9,22246
7,2448
1,385
1,517
1,532
3,1069
1,581
1,406
7,1697
1,554
1,1583
7,2325
6,2508
9,2712
7,2489
6,36792
3,1098
4,1374
1,534
5,1713
1,636
6,2486
6,2466
9,18987
1,522
1,390
9,9138
9,3179
4,1585
1,418
9,3977
1,411
3,1165
1,552
1,369
4,1470
1,339
1,763
9,2878
1,306
5,11931
7,19064
6,2063
6,1688
1,473
7,2531
6,12137
1,384
1,311
1,502
5,2185
1,614
1,663
1,436
1,269
3,7441
9,17608
9,3138
9,3585
1,464
9,3049
1,396
4,1873
1,376
1,476
7,3011
1,373
4,1749
1,363
1,261
2,825
7,3103
10,3280
8,2870
2,853
1,684
10,3672
5,1725
1,616
2,772
9,3015
1,521
5,1849
7,9096
1,345
6,57591
1,370
1,383
4,1745
3,1088
4,1655
8,3753
1,492
1,689
1,343
9,3217
1,546
3,1321
9,9728
1,428
1,358
1,4268
9,3341
10,19996
1,551
4,1044
5,1470
6,2011
1,357
7,2830
7,2602
1,565
5,9585
1,2854
1,377
1,352
1,543
1,579
6,5467
3,1196
4,1419
1,2077
10,3985
1,504
1,495
1,552
1,649
1,614
1,493
1,571
1,468
1,437
8,23453
1,589
5,1745
6,2356
3,1099
5,1902
3,1062
3,1229
9,4030
1,386
4,1697
3,1011
1,428
7,3116
1,520
1,13773
2,916
9,3431
9,3334
1,507
7,2430
9,3234
3,1359
1,454
1,503
7,2646
1,447
4,1457
1,390
1,466
1,382
1,490
7,2542
9,3537
7,4089
6,23640
10,2712
1,456
6,2100
9,3366
7,2638
1,706
7,2358
1,375
1,643
1,506
9,2858
9,3685
9,3234
2,712
9,14942
10,2714
2,850
3,1130
4,1554
5,2128
1,441
7,2705
1,464
1,544
4,3202
9,2564
9,3606
6,2384
1,368
9,3162
1,414
9,2960
1,8348
3,1034
6,2671
1,412
10,3309
1,2732
2,1060
1,551
9,2911
2,785
6,2276
1,424
1,523
10,3200
9,3399
1,541
7,10326
5,1782
1,266
4,1417
1,418
1,394
1,497
6,2173
7,2780
6,2151
1,436
1,536
10,3276
3,1163
1,515
7,2566
9,9086
1,542
6,2081
1,452
1,1281
1,468
10,3245
3,1081
1,387
1,371
4,1395
7,1607
7,1678
1,518
4,1663
1,480
1,2202
7,13088
1,395
1,520
1,411
1,375
8,2974
4,1394
1,438
6,2230
9,2655
9,5996
1,414
6,2341
1,619
2,891
9,2882
1,385
9,3197
1,524
10,3127
1,634
1,574
1,567
8,1984
4,1483
7,2569
1,437
7,2499
9,6974
1,606
3,1206
2,770
4,1345
1,432
10,2238
4,1556
1,537
1,392
9,3548
10,2422
7,2409
1,537
3,967
1,746
1,699
3,1081
3,1040
3,1143
1,565
1,324
3,4298
1,367
3,1147
8,2688
6,1380
1,580
1,429
3,1213
1,693
1,587
6,3980
1,348
4,1494
3,1250
1,381
1,680
1,422
1,1710
9,3475
6,1525
1,453
1,492
6,2158
3,861
4,1622
4,1821
7,2438
8,4127
9,3645
1,304
1,600
1,588
1,520
10,15767
1,430
3,1504
2,830
10,29769
6,3395
9,2800
4,1347
3,1105
1,398
10,2750
1,282
7,2748
1,559
1,483
6,1927
10,3558
5,1886
6,1569
1,574
1,520
8,3387
6,2173
9,26804
7,2726
6,2784
1,338
4,1278
1,428
3,1073
4,1502
10,3140
8,3370
9,2913
4,1189
1,615
7,2887
9,3369
9,39629
6,2277
1,619
4,1075
9,3571
1,364
1,477
1,462
10,2458
7,14081
8,3016
4,1155
1,531
4,6569
10,3538
9,2519
7,2888
10,3283
1,273
6,10902
1,390
9,8217
1,470
4,1287
9,3282
9,3162
9,3211
1,659
9,3375
10,3223
7,33009
9,3101
7,1876
1,275
7,3346
1,400
3,4165
2,1038
9,3213
4,13544
9,7000
8,3967
1,342
5,1883
9,4071
6,14088
4,5283
1,482
1,251
9,7338
1,693
9,3026
1,347
1,529
2,923
1,720
9,2821
1,519
9,3460
6,2124
1,470
3,1211
4,1213
1,227
1,603
1,402
3,15295
1,520
1,283
5,1806
10,3782
9,3049
1,475
6,2371
6,2329
4,1574
1,568
10,3943
1,325
9,4489
10,2481
7,1845
1,443
1,269
9,3564
4,1531
10,2775
10,3540
3,1143
4,1519
3,1133
1,433
9,3549
1,259
1,4262
1,383
7,2346
1,294
1,319
7,1946
1,499
6,2322
4,2208
1,509
1,596
1,415
2,825
10,2358
1,254
6,2040
9,3109
7,2743
1,458
1,271
1,537
1,448
6,1955
4,1592
1,469
1,478
8,2651
4,1499
7,2211
6,2787
3,1035
9,2735
6,2100
1,279
1,281
1,366
9,2678
2,792
8,3356
4,1415
1,772
1,589
9,3313
1,507
9,3232
1,459
10,3556
2,933
1,424
1,291
1,497
9,2798
1,401
9,3182
6,1320
10,20559
7,2522
8,2186
4,1077
4,1166
1,489
9,2543
1,500
1,270
1,296
10,3383
6,2240
1,487
9,3463
9,2954
1,11347
4,1734
8,2852
10,2318
3,1221
1,829
1,418
1,501
1,267
1,1005
1,760
9,3247
1,730
6,2405
8,2687
1,666
6,1954
9,5143
10,3217
1,582
1,586
9,2792
4,1282
1,311
1,329
3,1053
10,3607
1,386
6,3340
10,2937
1,479
2,723
10,4429
10,3277
10,2364
1,577
1,483
3,1020
1,279
1,546
6,2937
1,562
1,593
2,968
9,3492
1,510
9,2066
9,3078
3,913
10,3662
1,499
1,705
4,1544
10,2535
7,1786
1,1862
10,3301
1,380
1,589
9,2430
1,340
7,13061
6,2209
9,2640
10,3226
1,379
9,2865
7,2490
3,1170
9,2539
1,642
1,360
1,316
1,633
6,2351
1,271
9,15755
1,448
1,424
7,1783
1,635
3,842
8,2740
9,2227
10,3163
1,631
4,1064
1,416
9,2886
1,445
1,255
9,2899
2,757
6,1627
9,2370
1,572
6,1839
1,342
9,3509
10,3587
1,559
10,3642
9,3348
10,2710
1,457
1,366
1,4132
1,510
1,589
1,543
1,464
4,1027
9,3210
6,2155
10,2450
1,551
1,558
1,385
10,2228
4,1290
3,789
1,374
1,409
1,311
9,3240
3,962
7,1598
6,2274
10,15446
10,2900
1,1099
1,471
1,426
6,2163
1,354
1,707
3,3699
1,447
1,360
10,3526
4,1125
10,2888
9,2947
1,492
10,2387
1,462
1,273
1,489
10,3143
1,441
1,318
1,2396
1,447
1,418
10,3215
9,2913
10,3251
7,2515
1,434
3,794
8,2061
1,420
1,3589
1,325
1,283
9,3127
6,2259
1,361
1,429
10,2353
8,2181
10,2797
4,2106
7,2566
3,1501
4,991
1,431
1,343
10,2953
1,443
9,3027
1,408
1,321
1,359
10,2297
9,2903
10,2627
1,2464
4,1167
6,1853
9,2967
1,435
1,374
10,3450
1,394
7,2459
1,434
1,375
1,276
10,3117
7,5489
4,995
9,2958
9,2352
5,2357
8,2990
1,472
9,3156
4,1050
1,458
10,2541
1,452
1,451
1,236
10,3066
6,2095
6,1628
3,975
10,2346
7,2512
1,508
9,2657
7,2419
1,408
1,349
7,2284
1,321
1,380
1,290
10,2853
10,15304
1,359
1,471
3,922
2,965
8,2861
1,284
10,3579
1,372
1,533
1,307
1,458
1,342
7,1770
1,557
1,1017
1,296
1,518
7,2575
10,3333
10,3381
1,369
1,437
1,381
1,277
10,2583
1,386
1,301
10,3329
1,643
1,1144
1,331
1,751
1,459
4,1134
6,2264
1,305
10,3016
1,342
1,342
3,735
8,2563
1,442
10,3190
1,576
1,585
1,250
1,436
10,3322
10,3449
1,621
1,400
10,3147
9,2731
1,517
3,804
1,408
1,714
10,3933
1,546
1,694
1,294
1,552
10,2836
5,1736
2,819
8,2112
3,948
1,400
1,381
3,1001
1,364
9,3195
10,3281
1,530
9,2720
1,316
1,630
10,3336
10,3728
2,931
3,699
9,2846
1,374
6,1725
4,1590
2,767
1,753
10,5710
1,760
9,3097
1,275
1,435
7,2242
8,3027
3,903
1,427
3,838
1,301
1,420
10,2575
4,1495
9,3172
3,1181
1,586
9,3609
1,334
1,466
3,1088
1,526
9,2739
10,2309
1,448
1,576
9,2965
7,2043
9,2906
1,398
10,2563
1,490
9,2881
1,287
1,1978
9,3084
1,390
7,2395
10,3098
6,1978
1,364
10,3270
10,2575
2,672
10,3370
7,2493
1,544
10,3234
1,234
2,912
1,485
1,327
10,3385
10,3109
4,1096
1,369
4,1147
10,3080
9,2953
10,3377
6,2768
5,1792
1,499
1,255
1,367
1,559
1,331
9,2701
2,671
7,2610
1,372
9,3147
7,1862
9,2992
9,3104
2,1199
1,671
10,2921
10,2488
4,1905
1,398
1,329
7,2256
7,2234
10,3229
3,895
9,3135
10,2872
8,2590
1,394
3,1192
5,2389
10,2303
10,2173
4,1478
1,300
1,454
1,1209
1,485
10,3480
3,1105
10,3389
6,1824
6,2060
10,3541
10,3342
2,700
1,420
9,2430
8,2956
1,258
1,312
10,3757
9,2095
10,2278
9,2649
10,3707
1,522
1,460
9,2882
3,1400
2,852
1,270
10,2988
9,4014
1,351
1,436
10,2358
9,2336
6,2378
7,2112
1,431
10,2885
1,374
10,3706
10,3525
7,2018
1,498
10,2462
9,3211
1,293
1,409
1,412
10,2935
9,4581
7,1831
10,3763
1,466
1,526
8,2047
4,1544
10,3525
1,362
10,2389
10,4184
1,262
1,458
3,980
10,3326
4,4097
10,2148
1,353
1,420
9,2067
1,336
10,4411
10,4529
1,322
10,3495
6,4494
1,238
1,412
1,429
10,2853
1,453
10,3178
7,1806
1,250
6,2063
4,1632
8,3098
8,5290
1,415
2,963
6,7292
1,388
8,2941
1,417
10,2394
1,295
3,1203
6,1572
1,314
9,2475
10,3547
7,2809
8,2136
9,3080
5,2175
2,860
1,274
10,3520
1,293
10,3790
1,264
7,2831
10,2348
1,356
10,2754
10,2646
1,579
3,818
1,422
3,1123
1,714
10,2512
10,3214
1,291
10,3249
1,257
1,423
10,3423
1,265
10,3235
10,2776
1,531
1,416
1,410
8,2654
1,596
9,2133
8,2727
1,609
10,3194
1,249
9,2488
10,3296
1,234
1,336
2,740
1,450
10,3205
1,348
10,3585
1,614
7,2876
9,9799
10,2334
1,475
1,338
10,2610
9,3117
1,243
10,2149
6,2101
1,357
10,2847
1,318
10,3644
9,3267
10,3296
10,3725
1,296
1,402
1,267
10,2318
3,1067
1,258
10,3400
9,2919
1,370
10,7462
1,303
10,3732
9,3282
10,3594
2,982
1,368
1,425
1,307
10,2453
4,982
1,245
1,342
1,486
1,299
10,3416
1,251
10,3602
9,2908
10,3367
1,626
1,521
1,435
1,283
10,2173
1,345
7,1622
4,951
1,542
1,423
10,3393
10,2229
5,1527
10,3494
10,3454
2,823
1,387
1,563
1,289
10,2354
1,306
10,3251
1,1001
1,404
1,425
8,2675
5,1328
7,2112
10,3366
3,1255
4,1285
1,486
1,490
10,3110
10,3336
1,283
9,2924
9,3172
1,523
1,353
10,3706
8,2135
1,566
10,2513
5,2070
9,2242
1,517
1,419
1,491
10,2868
1,253
10,2694
1,508
1,450
1,857
9,14755
1,392
1,695
1,515
2,564
1,491
9,2713
1,655
9,2155
1,500
1,237
10,2378
1,467
1,336
1,635
1,1386
10,3095
1,520
9,2644
6,1649
6,2267
3,955
1,409
10,3593
1,432
1,251
3,741
1,315
1,511
10,3807
1,542
10,2158
1,364
1,587
2,846
10,3628
1,337
1,303
10,3777
1,412
1,320
10,2686
1,350
1,747
8,2848
1,438
5,1571
1,564
1,540
5,1627
10,12810
10,2793
6,2103
10,3038
1,650
1,446
2,850
1,244
1,665
10,3484
1,580
2,761
1,446
1,782
10,3246
9,3306
10,2925
2,868
10,2809
1,504
1,266
1,516
1,265
1,322
10,3588
1,793
9,2055
1,599
1,744
10,3367
1,634
10,2147
10,2494
10,3204
2,680
1,518
3,1198
1,243
1,852
9,3227
1,554
10,2688
1,306
1,500
10,3051
9,3502
7,1987
2,972
2,869
1,349
10,2529
1,2753
1,269
10,2779
8,3109
1,574
1,505
1,361
1,552
8,2988
10,3754
9,3342
10,3456
2,836
1,285
10,2805
10,3760
1,259
10,3447
2,814
1,585
9,2283
1,525
1,417
4,1076
10,39634
10,3149
10,3461
5,1705
1,338
10,2111
8,2695
10,2588
9,5457
10,8418
2,1085
10,2775
10,2667
1,385
8,3028
1,372
10,3093
8,3667
3,976
1,323
10,3596
10,3728
7,1877
10,3173
2,961
1,298
10,2497
10,2316
9,3299
1,469
1,570
10,2524
4,5333
8,2790
1,348
10,2832
10,3379
4,1008
10,2510
10,3438
1,317
10,2247
10,3243
1,1304
1,692
1,720
10,2863
8,2541
10,3499
2,819
10,2680
9,3008
10,2137
10,3158
1,556
1,343
10,2923
10,3472
1,634
1,560
1,590
10,2175
10,3696
10,3806
2,961
10,3506
7,4932
10,2140
10,2478
1,411
10,2316
10,2912
10,5503
1,607
1,488
1,692
10,4218
1,608
5,1719
6,2706
6,2291
9,4151
10,2491
6,1916
10,3487
1,391
10,2493
10,5836
1,422
1,484
1,559
10,3182
10,3103
10,15035
8,3065
2,758
1,460
3,819
6,1704
10,3636
10,3863
1,760
8,2803
2,706
1,697
1,530
10,3204
10,3448
7,2421
8,2814
6,1929
10,3641
6,1717
2,692
10,3566
10,3848
1,719
2,1180
6,1487
1,330
1,660
1,379
10,3979
8,2142
10,2653
7,1918
1,727
1,373
3,1167
9,3116
9,2939
1,552
4,1292
1,261
1,344
1,583
1,442
10,3381
1,564
10,3725
10,6424
1,712
9,1927
10,3047
9,10124
9,6741
1,644
1,418
4,1444
1,330
1,544
6,1863
8,7352
1,614
8,4206
10,3500
1,593
10,2346
10,3811
1,735
10,3256
1,421
10,3475
10,2075
1,257
2,894
1,461
10,12114
1,1957
4,1416
10,11503
1,460
10,2436
10,4092
1,576
1,606
1,414
10,3862
8,2181
1,252
5,1870
1,280
9,20135
1,1609
1,512
4,1719
1,353
10,3127
4,1335
10,22060
2,659
1,275
6,6315
10,3268
9,2299
4,1614
1,407
1,664
1,672
1,577
8,2986
1,359
10,2281
4,1477
1,501
5,2623
1,675
9,3159
4,1380
6,1458
9,3312
1,376
1,582
1,437
10,3642
4,1022
1,367
10,3431
7,3090
1,675
4,1425
1,581
10,3331
9,2466
10,3358
10,3799
1,646
2,1133
1,672
10,4598
3,1222
1,1179
10,3212
8,2855
1,525
5,1914
1,300
10,8016
6,1786
10,3636
2,906
1,609
1,609
1,457
10,3671
1,597
1,666
10,2984
1,516
1,482
5,1861
6,1385
10,21309
1,508
10,3697
4,1464
1,703
1,504
1,566
10,4134
1,410
1,484
1,481
1,583
1,857
4,1874
6,2168
1,513
10,2312
10,3705
6,1997
1,489
1,429
10,3458
9,3561
1,368
8,2637
1,428
1,435
1,620
1,496
2,511
1,486
10,3363
8,3537
1,506
4,1100
1,340
1,563
7,2940
1,423
10,3444
1,505
1,339
1,425
9,24218
5,1335
1,819
9,2856
4,1648
5,2447
2,786
1,567
1,365
9,3508
1,431
10,3795
1,519
1,348
1,603
6,4643
10,6235
1,532
10,3231
2,1211
8,3561
2,758
1,376
10,3215
10,2976
1,534
10,3855
1,439
1,610
5,1471
5,1625
10,3331
1,572
10,2472
4,1633
8,2903
10,2326
1,358
10,3368
1,533
1,559
9,3126
1,396
1,565
2,651
1,505
4,1365
1,504
10,3602
1,453
6,2058
10,3655
1,445
10,7562
1,531
1,410
10,3482
1,442
1,434
5,10726
10,15781
4,1463
1,495
10,2047
1,518
8,3479
10,10409
1,549
7,2156
3,1034
1,896
2,686
1,387
1,316
5,1361
5,1696
5,1457
1,442
10,3256
10,4085
1,727
8,2961
1,357
9,3143
1,360
1,608
4,1007
1,394
1,319
4,1517
5,3963
8,2641
2,881
1,533
6,2603
2,957
8,5946
10,4017
10,15924
1,406
1,480
1,368
1,357
10,2775
5,1948
6,2045
10,3452
1,852
1,350
9,3353
3,1103
5,1750
10,3787
3,1147
1,515
10,2514
1,365
10,2334
10,3762
10,4211
1,872
1,410
1,696
1,350
10,10542
5,1379
1,525
9,3016
4,1120
1,451
8,3204
10,3322
3,1117
10,3933
5,1853
8,2695
10,2302
1,783
1,275
10,3276
2,1035
10,3660
10,7952
1,480
1,577
1,416
10,7957
6,2168
10,3300
5,1635
1,478
10,3106
5,1693
1,345
9,3352
2,1093
10,3291
9,11241
1,404
1,347
9,3268
6,2074
10,2921
10,3957
10,5355
1,464
10,3311
3,943
1,411
10,3718
10,3762
10,2789
10,27235
10,3365
1,287
10,3165
10,3696
7,1800
8,2854
6,4566
1,496
10,2423
4,1629
1,393
1,526
9,5608
5,2059
4,1567
6,2108
1,495
9,2443
9,3059
10,3662
10,3210
8,13046
1,488
8,2655
8,3116
1,321
2,21056
8,3977
9,3161
1,555
10,5649
1,295
2,1195
9,3037
4,1675
2,1107
2,880
1,504
9,3014
9,3326
1,317
1,494
7,3019
10,3388
5,2120
9,14818
4,1152
1,736
10,3303
7,3306
4,1539
1,711
1,459
10,12166
5,9387
1,387
1,624
5,2148
7,11468
2,773
1,586
1,595
9,3960
5,1842
3,991
1,459
1,472
10,9321
1,523
4,17557
2,930
1,534
1,463
4,1914
6,1964
1,480
9,2307
10,2812
1,531
1,778
1,420
3,1269
1,510
1,633
6,2038
5,1679
1,563
1,448
1,682
5,1666
10,22793
10,7829
4,1169
1,417
10,3953
10,3644
5,1529
3,1503
2,1384
5,1604
2,503
8,2878
1,561
1,642
5,1627
9,3026
10,3568
1,287
1,379
10,3350
10,3871
8,2476
5,2144
1,458
7,6447
3,648
1,395
1,548
3,1447
9,3115
1,352
10,13376
3,827
1,520
10,3275
6,2155
4,976
2,790
1,497
5,1595
7,1626
1,500
8,3036
1,730
4,1381
1,534
6,2076
10,3364
1,497
10,6867
10,3760
10,2431
6,2135
1,341
6,2005
8,1712
5,1896
1,625
1,477
5,1879
5,1689
9,4992
10,16286
1,428
8,2717
9,7562
8,2573
8,6886
1,394
1,470
10,3125
1,469
1,717
1,322
1,544
10,64725
1,5038
6,10329
1,350
10,3354
9,3163
1,468
7,2409
1,275
2,787
5,1773
4,1321
1,1829
1,301
5,1673
1,400
5,1705
9,7084
1,435
9,23190
10,3022
9,2793
5,1930
1,249
3,1089
7,1954
5,1623
1,628
1,278
5,32800
1,403
2,2328
10,4491
1,366
9,2924
1,533
1,550
8,3171
1,361
2,758
8,2018
5,1859
1,820
1,385
6,8557
1,626
5,2451
7,8437
1,557
1,336
1,462
5,1896
2,692
1,298
5,1663
3,995
1,579
1,680
1,372
1,546
1,506
4,1172
10,3684
5,2261
1,336
1,445
1,407
4,1225
4,1115
8,7519
10,2864
1,665
1,557
1,402
10,8307
1,558
9,2965
1,625
2,796
2,740
1,386
1,560
1,574
1,439
10,15011
10,3480
10,3405
1,448
6,1470
1,375
1,654
9,12313
1,551
5,1883
1,523
1,445
7,2671
1,616
10,3430
9,11912
10,3725
4,1391
5,1607
1,366
8,10860
5,1775
4,1401
1,473
4,1143
1,435
1,540
1,391
1,657
10,3700
8,7385
10,3371
6,6066
5,1590
1,343
1,383
5,1952
6,2068
1,486
5,1891
1,444
1,539
1,507
2,904
6,1547
5,1746
10,3414
5,25147
9,3178
10,3499
1,549
2,620
1,428
1,438
10,3047
1,565
1,578
5,1974
5,1742
10,5302
8,2783
10,3340
6,2114
8,2793
10,3293
1,556
4,1226
5,1662
1,528
5,1985
1,292
1,299
1,525
9,5366
9,3044
7,8779
8,2508
5,41467
7,2258
9,3007
1,479
5,1534
8,2718
1,485
6,2244
1,553
1,694
1,486
8,2436
10,3035
1,388
1,627
5,48289
8,2246
9,2667
1,838
2,770
6,4448
1,728
5,1728
1,462
1,526
2,940
9,3208
3,3576
2,720
1,630
2,800
5,1925
10,3255
3,2895
4,2775
5,7273
1,538
8,4662
1,379
9,7387
1,512
8,2825
1,618
1,2402
1,500
2,5106
5,1821
1,587
1,434
6,2573
10,3696
1,646
10,15489
1,330
3,1135
1,578
7,2428
5,1638
1,645
1,441
3,1080
1,627
1,408
2,791
5,2844
1,8898
2,1152
1,656
1,418
5,2122
2,921
1,489
7,2335
1,615
1,526
5,1190
2,720
2,769
1,371
5,1894
1,520
1,830
3,1463
10,2576
4,1352
3,1220
1,1887
5,1635
1,622
2,756
8,7776
2,815
5,1749
1,509
8,8300
1,584
3,2230
2,920
10,8117
7,2634
5,1696
7,8073
4,1383
1,507
1,403
2,946
1,542
5,1705
5,1866
8,2983
5,1573
4,1392
2,19950
10,21184
4,1464
8,2545
5,4180
8,2597
1,458
1,458
10,7524
2,678
5,1769
3,1139
6,2168
1,432
3,1159
5,26177
10,3232
7,2349
6,2336
1,407
4,1350
1,501
1,374
8,2856
7,2248
10,3483
10,3788
3,1221
1,454
6,2007
9,2250
10,3240
6,2501
8,2936
2,783
6,2119
1,404
1,378
8,2563
1,353
6,2095
8,12484
2,699
1,418
9,2835
10,3258
9,15179
5,1720
8,2695
1,357
9,13958
1,431
1,420
2,3363
6,2033
9,3337
1,562
5,1573
1,386
6,21325
8,14320
1,787
10,3455
6,2228
1,626
1,593
1,407
4,1103
7,2590
9,3105
4,1707
8,2616
6,1967
1,337
8,17485
7,2411
5,1690
6,3482
5,2491
2,772
10,4594
8,2643
1,359
8,5654
2,1441
5,1746
7,9866
8,2429
1,348
7,16370
8,2695
4,1219
3,1208
2,931
2,760
1,417
1,417
1,261
2,824
4,1684
5,2016
5,1859
3,1009
1,340
1,472
5,1655
2,730
1,734
2,858
1,397
5,2169
2,740
10,3514
5,6196
10,17155
3,1603
2,932
10,3874
2,3440
10,4642
8,2793
5,1641
3,1165
2,841
1,2452
1,331
5,1751
6,2303
1,514
10,6948
5,1907
6,14881
8,3082
5,1705
9,59458
2,802
9,3002
2,854
2,831
1,451
5,1460
8,2615
10,3516
1,496
7,2542
10,4450
9,3615
5,1753
5,1752
1,546
1,544
9,3257
5,1679
1,532
1,513
6,10425
9,2897
9,2487
1,460
10,11644
1,4092
1,545
7,6989
2,853
1,518
1,748
4,1445
2,841
10,3900
1,412
1,472
2,771
9,2793
1,9167
1,753
1,605
1,1010
4,1516
8,2681
3,1386
1,3425
6,2020
10,3481
1,511
1,624
2,1894
7,13718
10,3491
1,577
1,618
8,5798
2,839
2,813
10,3400
2,852
3,3021
5,1733
8,3951
6,2043
1,492
1,353
9,2924
10,18595
1,464
9,3050
1,3015
5,2004
1,379
8,2703
5,1980
5,2694
5,1371
9,3143
3,951
1,1154
1,479
2,766
1,483
1,494
1,391
6,2565
8,3867
1,621
5,1818
2,747
1,343
1,426
7,2818
1,639
6,2939
1,369
5,1627
3,1221
1,447
1,427
2,995
7,2318
7,2847
8,2664
8,2075
5,14146
1,492
8,2646
10,3530
7,2670
1,383
1,451
5,1736
1,471
1,417
1,450
9,10558
1,441
2,803
10,3293
1,353
10,3483
1,552
4,1626
10,3815
1,469
1,475
6,2008
1,502
1,358
1,523
5,1831
1,687
1,476
9,2940
1,368
1,379
5,12793
7,2263
10,3404
1,523
6,2177
4,1409
1,508
1,323
1,536
1,566
3,1336
1,738
7,2267
1,419
6,5707
2,822
10,3478
7,5725
2,853
1,538
4,1416
2,713
1,384
1,438
2,786
1,568
1,786
5,1692
9,5442
8,2664
8,2762
7,2396
10,5798
3,978
1,1267
9,2868
8,8076
1,353
1,378
1,452
1,523
5,2416
1,439
1,456
1,620
1,517
1,347
2,857
2,709
9,2643
2,663
9,3281
2,738
1,691
1,1015
1,513
5,1487
8,2439
8,3195
3,1250
1,569
7,8605
4,1826
5,1856
10,7892
7,7285
5,1816
1,336
1,577
7,29278
1,563
9,3662
1,482
8,6221
1,388
1,626
1,412
9,2733
2,959
10,7335
7,2302
8,2777
3,1074
2,1233
8,35370
1,691
8,2447
2,828
1,464
1,262
1,607
1,440
2,1008
10,3344
4,1622
4,1285
8,2902
1,1477
8,2955
1,603
1,606
9,21926
1,346
7,5039
1,466
1,480
1,572
3,1321
8,3099
7,4804
6,2056
7,2452
1,460
3,1082
2,655
1,438
5,2114
8,2475
6,1908
1,421
1,584
1,661
1,452
8,3290
7,3282
5,1802
5,1924
7,2464
5,1731
1,476
2,756
7,10983
1,595
8,2095
1,416
1,745
1,515
3,1136
7,2816
10,3347
1,428
2,902
10,4021
2,816
2,754
6,2107
5,1913
1,466
2,449
1,413
1,544
1,493
4,1611
5,7601
9,3152
8,2617
2,901
9,3357
8,3282
1,539
9,2946
8,31436
1,457
1,327
1,349
1,438
9,9307
4,1483
8,2675
2,807
1,528
1,503
10,3374
8,2887
1,597
5,1614
2,673
1,443
2,694
1,361
9,2698
1,410
7,2370
1,530
1,672
6,8814
1,532
10,3274
7,9128
1,404
7,2251
1,439
1,520
1,492
1,390
1,446
1,387
10,3425
8,3804
1,547
1,914
1,614
10,3889
2,787
1,559
6,2152
1,392
1,481
2,669
7,2302
1,494
1,509
7,1814
1,671
2,760
1,527
6,2184
10,3465
8,6094
1,446
1,452
2,804
1,633
1,391
3,1820
2,840
2,638
10,3401
2,785
1,405
1,426
1,588
2,959
5,9306
1,413
8,2877
1,354
1,664
1,487
2,721
7,3337
2,1148
6,3084
2,696
1,462
3,1092
8,2442
2,744
5,1767
3,1111
5,1492
1,415
2,1231
2,659
8,2174
5,1913
1,568
10,3569
5,2343
1,500
1,534
7,2430
8,3109
1,771
6,2380
3,1155
1,498
5,2401
1,334
10,3528
9,3039
3,1206
6,2168
9,3408
1,395
1,1534
10,3699
2,1205
1,487
1,427
2,770
2,857
8,5779
1,458
9,3032
8,3145
4,1553
1,356
2,977
3,971
1,495
10,13609
3,750
3,1181
1,531
2,1172
1,404
5,2118
1,527
6,2451
8,2746
10,3801
1,469
8,3487
1,439
1,504
4,1558
8,1951
5,1733
7,9671
1,457
1,379
2,1039
9,2402
2,794
5,1866
7,2023
10,4863
8,2898
1,446
1,3841
10,7610
10,2764
5,1726
10,13396
6,1980
1,394
9,3368
10,3320
8,2795
3,1269
10,2245
1,471
5,1881
1,309
2,810
7,2432
10,3294
8,4893
4,1528
1,369
1,262
8,2707
10,10582
1,1227
2,871
10,9708
1,471
7,2888
1,303
3,1141
1,551
8,2828
7,3071
7,2393
1,488
1,310
8,3372
7,10317
1,593
1,564
6,1942
1,350
8,2809
1,372
5,1823
9,3299
10,3483
8,3065
10,3042
9,2549
1,460
5,1841
10,5937
1,457
1,575
10,2947
1,376
1,647
3,937
2,775
2,820
7,2527
6,2183
7,11205
10,2310
6,2555
5,1721
7,2387
9,3388
6,2029
10,3270
1,352
1,659
10,3002
8,2610
1,532
1,546
9,15016
3,1305
4,1457
1,536
6,2054
9,2641
5,9402
1,388
2,986
1,378
1,574
4,1394
10,5565
2,786
1,420
5,5490
9,3235
7,2243
10,3625
2,787
2,730
4,1523
9,2943
8,2042
1,355
1,645
4,1441
5,1813
1,466
1,396
1,2984
2,826
10,3245
1,417
1,684
2,919
8,10980
9,3816
3,732
1,349
1,538
7,2485
7,2484
1,387
1,641
2,1106
2,930
10,18158
9,3192
1,453
1,483
8,5553
7,2627
10,2776
3,799
2,902
10,3123
8,5683
1,461
1,314
1,620
7,2361
7,2222
10,3308
4,1514
1,1962
2,775
10,3613
3,707
3,1195
1,542
7,2378
2,833
1,440
1,296
1,517
1,532
9,3043
4,10509
1,497
3,1493
6,1892
10,3435
10,2403
2,748
1,653
6,2044
8,21433
1,481
1,264
2,774
3,877
1,466
7,2536
9,3090
10,7360
7,39196
4,1428
10,3342
7,2577
1,541
6,2006
1,475
3,1361
1,390
1,552
4,1556
1,526
7,2882
10,3479
1,501
5,39828
7,2558
7,2288
10,2348
1,477
10,3768
1,697
1,448
1,363
2,759
4,1451
2,738
9,3590
10,3495
1,513
1,329
1,466
10,3304
10,2218
1,357
2,611
2,952
1,328
1,553
1,517
10,3426
1,670
2,1139
10,3353
1,426
2,660
9,4051
1,556
7,1571
1,601
2,667
2,1186
1,465
8,2565
1,825
7,2337
1,406
2,796
7,2356
1,586
1,379
1,522
7,2189
8,2864
1,502
2,585
5,2501
1,502
3,709
1,487
10,2831
1,545
1,618
7,2261
1,429
1,1182
1,614
1,413
10,3517
6,2184
3,948
8,3320
1,405
2,588
9,6166
6,1999
1,418
3,819
1,543
1,508
2,7157
2,582
1,349
8,2124
1,375
8,1971
9,10097
1,683
3,720
1,742
6,2334
2,1336
1,542
1,382
3,1378
1,451
1,396
1,475
5,1989
1,522
10,3097
9,3198
3,1307
10,3036
1,600
10,3513
1,377
3,1068
1,577
1,440
9,71272
1,713
1,331
3,807
9,3059
10,3407
8,3078
9,3299
2,507
1,762
10,7617
7,1617
4,1440
9,3117
1,440
1,380
2,967
1,301
9,2489
10,2929
8,2559
7,56786
4,1314
7,1541
1,609
1,547
1,298
10,2535
1,504
1,702
1,755
1,382
1,391
10,3216
4,1478
8,2829
8,53090
7,2672
8,1801
6,2485
1,376
1,345
7,2301
1,424
7,2706
1,784
4,1928
1,456
2,778
10,3653
7,2551
5,53286
10,3294
7,1640
1,24548
1,443
1,436
9,1884
1,325
7,2475
2,710
1,604
1,307
10,2399
10,3644
10,3038
2,777
7,2597
10,2951
10,3611
1,403
3,1130
7,1832
1,412
10,2404
1,481
1,416
1,354
5,1823
7,2463
1,466
1,371
10,3322
10,3770
1,441
1,379
1,397
10,3325
1,465
7,1567
1,391
1,1873
5,1906
1,568
9,3485
1,271
1,548
6,10613
4,1126
10,3490
1,360
3,1088
6,2192
1,402
10,3554
1,473
1,603
2,490
7,2019
3,1307
1,310
2,701
10,9838
3,981
7,5659
1,357
3,1244
10,3308
1,481
10,3366
6,2861
1,621
3,1012
10,2677
2,854
1,339
1,6324
2,616
6,1438
10,3467
1,303
10,3445
10,3369
2,680
3,1194
1,608
1,371
10,2405
1,566
3,1346
1,389
1,468
3,887
3,1307
4,1283
1,270
7,2365
1,485
2,778
2,841
10,17646
3,1195
10,2021
1,553
1,516
1,256
1,495
2,982
4,1263
9,3189
1,333
7,2043
1,278
1,619
2,868
1,730
3,1142
5,1257
1,375
7,2077
1,371
1,398
3,1130
7,2054
2,809
8,1981
10,3779
1,360
1,545
2,666
8,2327
6,2263
8,1971
10,3054
4,1641
1,290
6,2287
8,3020
10,2411
1,549
3,842
10,2827
1,385
3,1315
3,1176
7,2400
1,508
7,1664
1,343
1,465
1,402
1,332
10,2630
10,2699
9,2638
3,777
10,3950
1,252
10,3694
8,2271
4,1447
7,2367
10,2625
1,484
4,1144
1,361
1,456
10,2193
7,2642
3,1211
10,3506
2,925
1,280
1,770
10,2573
10,3682
10,6166
10,2281
1,323
7,2444
8,2285
1,394
7,1575
10,3721
4,1372
10,3368
2,629
1,310
4,1498
10,2505
7,2469
7,2416
3,1238
1,250
10,6330
7,2351
1,437
8,2797
6,3925
7,2675
2,608
2,628
1,303
10,3373
8,1961
9,3065
9,3368
7,2375
1,268
6,2272
10,3282
1,505
10,3279
1,550
10,3302
7,2093
3,706
1,348
9,2014
8,2171
2,766
10,3432
10,3152
1,254
9,3155
9,2000
9,3157
7,1704
1,273
1,596
7,1925
8,1949
1,320
7,1519
10,3166
2,950
10,3340
4,1094
1,276
10,3104
10,2070
1,3676
1,615
1,506
7,1548
10,2456
10,3341
2,831
9,3485
7,1704
3,1770
2,687
5,1240
4,1130
6,7001
2,815
1,442
6,1877
1,301
10,3458
8,2315
10,3293
2,1354
10,3684
1,626
1,483
3,865
10,2374
3,1325
10,11114
10,2390
10,3302
1,352
1,345
10,6694
2,645
8,2416
2,703
6,2066
1,281
3,823
2,870
10,2342
6,1776
1,411
3,920
10,3296
1,252
1,420
6,1984
2,790
10,3370
10,2136
2,788
1,312
4,1186
3,1085
10,3424
5,2024
1,405
10,3326
7,6012
1,315
1,375
10,2913
5,1318
8,2894
3,734
3,1246
1,322
10,3400
10,3308
1,440
10,3407
1,485
1,431
7,7323
1,264
1,421
3,1007
3,854
7,1556
8,1702
2,543
10,2227
7,2086
10,3300
1,502
10,3216
1,458
3,1194
4,5353
1,436
1,351
2,752
10,2491
1,364
10,3171
3,890
1,290
10,2906
8,1825
6,2167
7,2643
1,293
3,1228
10,4637
1,336
1,371
1,482
9,1927
1,398
8,1910
10,3529
1,395
7,1993
7,2421
1,384
5,1364
1,243
4,947
2,767
1,263
7,1904
1,374
8,2502
1,450
8,2511
8,2902
1,272
6,4784
10,3217
5,1716
10,3834
1,349
5,1137
3,1400
1,563
3,1300
1,489
5,1216
1,409
7,1695
10,2466
1,262
10,3606
7,2447
1,344
7,1834
1,399
7,1613
3,1036
1,419
2,753
1,410
7,2376
1,269
8,1807
7,1800
1,291
10,3494
8,2725
1,663
3,740
1,448
10,3746
3,1285
8,2525
1,521
1,356
1,596
1,335
3,630
10,3423
8,1783
10,15545
1,420
1,377
4,1449
1,466
10,2895
4,2040
5,1258
3,1362
1,393
10,3791
1,250
5,1213
8,2743
1,251
1,468
1,274
1,510
3,1161
2,755
7,2420
4,1700
2,505
3,1333
1,360
10,2775
1,322
3,908
7,1649
2,574
1,298
1,289
1,307
9,2530
2,795
6,2084
1,431
4,1070
7,2585
1,259
1,401
1,294
9,3032
1,349
5,1753
1,354
1,429
1,417
10,2555
3,949
10,3227
10,4127
10,2703
8,2826
1,252
1,411
1,376
10,2349
1,238
3,834
1,309
1,407
1,415
3,1185
8,2013
5,1576
7,2621
2,742
9,3162
1,255
1,360
10,2842
2,694
1,285
10,2171
1,308
1,258
3,1057
7,2417
10,2585
1,398
7,2472
10,2609
7,2657
8,2950
1,424
2,809
7,1439
1,268
2,957
1,373
1,364
4,1527
6,2261
10,3436
1,531
6,2418
5,1200
10,3173
2,836
1,363
8,1889
5,1664
1,255
5,1297
1,266
1,436
1,338
7,2221
8,2602
1,312
10,7653
8,1905
10,3664
2,784
1,316
5,1167
7,1793
1,259
8,2094
1,263
1,424
3,886
1,418
10,3481
1,645
9,3072
10,3090
3,1431
10,3382
1,348
3,1004
1,317
1,306
7,2543
1,245
1,426
10,3478
10,2710
7,2397
1,418
6,5342
3,1129
2,1400
10,2131
1,307
2,819
10,2733
1,281
10,2565
1,243
9,3462
7,2582
1,499
6,1521
1,510
10,16904
3,1059
7,2614
8,1785
1,391
8,2554
10,3242
1,293
3,996
10,2430
2,659
6,2182
1,466
8,2679
1,305
1,497
5,1473
1,579
8,2801
1,311
5,1446
1,450
1,251
3,1160
8,1670
8,1812
9,3954
10,2865
2,501
1,284
1,475
4,1695
1,363
10,3299
10,2842
7,2461
1,273
8,2046
5,2173
3,674
6,1604
7,2410
1,318
4,1029
1,364
1,260
7,1853
8,2082
10,2173
4,1487
10,2720
1,319
3,668
4,1232
2,785
1,569
10,3594
1,512
3,1243
1,389
1,390
10,3322
10,2751
5,1192
5,1139
10,3557
1,336
5,1086
7,1729
3,1069
3,1402
10,11391
1,636
9,2725
7,2171
1,412
10,3033
5,1155
3,811
10,2976
3,818
1,279
10,2687
10,2290
10,6543
8,2229
1,624
1,570
10,2335
3,754
1,418
7,2372
10,3708
9,2140
10,2915
4,1074
1,352
6,1289
10,2630
2,494
2,870
9,3733
1,572
2,559
5,1396
1,593
5,1760
9,5292
10,2918
6,2135
3,999
1,331
9,2860
7,2666
7,2101
4,1075
6,2234
1,448
8,2267
10,2888
1,488
10,3022
9,7754
10,2880
5,1680
4,1602
1,395
2,784
10,2995
8,2757
7,2204
1,409
1,524
1,482
9,2630
1,360
6,2020
1,522
5,1234
10,3814
7,1878
1,317
7,1522
5,1879
7,1954
10,3427
5,1851
1,472
7,2016
10,3076
1,468
1,412
5,1855
7,2434
7,2664
10,2742
1,332
5,1074
6,1975
8,2204
10,3260
10,3494
1,924
10,3342
3,1589
2,780
1,288
1,345
10,3147
3,992
10,2561
3,1117
1,466
3,932
6,1434
3,1114
10,3432
9,2990
10,3080
7,2781
2,835
1,233
1,719
1,445
3,968
6,2176
3,1005
4,1401
1,469
9,2107
4,1194
1,532
1,352
1,541
5,2223
2,592
1,278
1,495
10,2996
4,1037
10,3802
10,2676
10,2625
1,327
3,1087
3,771
4,1432
6,2005
1,356
10,3491
8,2018
8,1722
1,561
3,905
3,919
7,2441
5,1702
3,1058
1,289
10,2296
5,2058
1,486
10,3336
1,293
1,821
10,5865
1,278
1,471
1,486
10,2990
6,2067
4,931
3,807
1,359
2,453
10,3005
9,5557
5,1547
1,261
2,1000
8,2189
1,245
1,397
1,345
9,2138
1,416
7,1455
5,1688
1,362
10,2743
7,2387
1,436
10,3412
1,468
1,618
8,2863
1,229
1,772
1,351
7,2707
1,532
10,3322
4,999
1,456
4,1095
10,3340
1,522
9,8426
1,569
1,1777
10,3196
1,1779
1,1152
1,430
6,2257
1,308
7,2643
10,3204
1,372
1,413
10,3290
1,691
4,1527
1,497
8,2806
10,2367
1,538
1,503
1,639
7,2735
1,282
6,2191
7,1997
7,2383
7,2203
7,2261
1,577
5,2086
1,472
5,1860
8,2540
1,412
5,1340
1,368
1,537
1,273
5,3774
10,3225
1,538
10,3138
5,1535
5,1894
4,1549
1,388
10,2639
5,1517
7,2491
2,738
1,324
10,2604
1,396
3,1028
10,3363
7,1911
10,2934
6,10760
1,437
3,834
1,281
9,2986
9,2500
2,696
1,436
1,340
10,3409
1,366
2,571
7,2576
1,474
1,407
1,466
1,446
1,530
3,929
9,2882
3,1354
4,1192
3,1253
1,310
1,487
1,655
7,1536
5,6456
1,296
1,269
1,262
1,420
5,1446
3,1118
10,3577
10,3005
1,631
1,558
1,249
1,643
1,368
4,999
6,2246
1,457
1,323
1,278
1,282
8,2282
7,1509
5,1797
10,2424
10,2592
5,1282
7,2088
1,679
1,623
3,713
1,416
4,1549
1,381
1,325
4,1768
7,2423
10,2192
1,478
2,911
2,985
10,2104
4,935
1,783
10,2915
9,2500
1,398
3,1125
1,280
1,384
6,2087
6,1261
10,2309
1,292
5,1173
8,3157
8,1731
3,1008
1,497
2,791
8,2382
1,362
10,3644
1,294
1,272
1,483
10,2340
7,2451
5,1628
1,550
3,790
9,1843
10,2669
1,454
7,1750
3,977
1,304
3,1341
1,247
1,412
3,1182
7,2080
10,5806
5,3044
10,2291
6,2345
7,1847
10,3518
1,417
4,1327
7,2410
1,319
6,2199
1,272
1,263
1,515
1,365
4,1276
1,408
7,2643
9,3728
10,8514
6,1972
1,437
3,1193
6,2394
1,278
9,3156
1,234
1,247
7,2763
5,1985
6,2033
1,560
10,3253
10,5104
9,2428
10,3951
1,519
3,1194
7,2334
1,340
7,2163
1,257
1,565
9,2325
9,3013
7,2368
1,457
1,493
2,852
9,2655
7,1994
1,465
8,2870
1,367
1,278
10,3025
10,2197
9,2194
10,3320
1,749
8,2655
1,393
1,370
1,506
3,1303
3,1117
5,1861
6,2589
10,3137
1,355
2,921
10,2778
3,937
9,2464
2,724
3,712
1,301
1,307
1,521
1,432
10,2169
1,506
7,1856
10,3459
1,264
1,498
3,1148
7,2290
7,1712
1,507
3,816
1,362
1,405
6,1821
7,2539
4,925
6,2160
10,3286
1,544
7,2066
1,605
5,1278
7,1705
9,3163
3,966
3,848
1,346
1,395
8,3209
6,2144
3,1253
10,3196
10,3078
1,436
2,505
6,1971
4,922
1,647
3,953
10,2214
9,2309
1,455
1,397
5,1855
7,2763
9,2121
5,1998
2,845
1,458
4,1087
5,1970
10,2325
3,1260
10,3497
1,297
10,2878
1,417
1,563
10,3294
10,2727
10,2163
5,1223
3,1154
1,508
10,2904
10,3507
5,1863
3,904
1,456
1,313
2,949
5,1722
1,298
9,3308
10,2815
7,2696
10,4842
1,505
1,530
9,2330
8,12706
7,2268
7,2634
5,1862
1,304
7,2492
9,2615
1,316
10,11222
10,2981
6,2267
9,2996
1,326
1,575
8,1665
9,3433
6,3114
3,1192
5,1542
1,263
1,373
8,2099
1,306
4,1702
3,1062
7,2764
4,1666
8,2677
1,428
3,4012
10,3655
7,2742
7,2550
2,782
1,350
7,2481
7,2033
3,1113
9,6298
4,1345
10,4376
5,2089
5,1370
1,482
8,2517
9,3189
3,1269
10,3429
10,2273
1,370
10,2974
5,1060
3,875
5,1918
1,725
1,463
5,1383
10,2925
1,481
6,2096
4,1351
7,2082
10,5843
10,3161
1,322
10,3847
5,1170
4,1014
1,668
1,529
2,970
5,1302
10,3605
1,431
1,415
5,1923
9,3633
2,910
10,3375
2,697
1,753
10,2165
7,1616
1,546
1,431
10,7077
3,823
7,2518
2,793
2,1000
1,393
3,1148
1,586
10,2717
5,1876
1,525
2,838
10,3019
1,509
1,426
1,535
4,1109
9,2945
1,405
10,3064
1,489
3,1372
1,471
10,2444
8,1900
1,664
3,1162
6,2214
1,573
1,652
1,740
7,2187
9,3148
10,3103
2,837
1,367
10,2711
6,2099
1,642
10,2188
1,661
5,1788
7,2831
1,571
1,539
1,680
1,309
5,1942
1,507
1,444
1,336
7,2879
5,1989
8,3735
10,3632
1,496
10,16053
10,3147
9,2414
1,494
1,609
8,2237
1,438
8,2731
6,1538
1,282
3,1490
8,3538
1,517
10,3288
1,541
3,776
10,3397
1,299
1,582
8,3090
10,2509
1,487
5,2000
1,296
1,257
1,429
10,3311
1,566
5,1794
1,426
2,856
3,1343
1,882
1,678
1,548
7,1904
1,662
9,2778
5,1752
1,309
7,2843
9,3108
1,802
10,3261
1,595
7,1942
7,2310
1,433
1,528
1,446
6,2044
1,573
9,2145
8,2638
1,266
10,3421
9,3546
1,448
2,1318
2,891
10,2108
4,1399
1,482
4,1486
1,640
3,1005
1,374
5,1275
10,3214
1,499
10,8526
10,8788
1,942
1,588
1,553
7,2531
9,2206
1,595
2,707
1,605
2,603
1,613
2,752
10,3246
1,372
1,531
4,1571
1,605
2,1253
1,514
10,2575
3,1117
5,1542
1,358
1,632
9,3131
1,560
5,1176
9,3219
10,3412
1,422
1,637
1,632
8,3364
1,462
10,3093
10,2743
1,447
2,867
1,642
10,3395
1,426
2,995
4,1410
5,1789
1,408
5,1802
1,566
6,2459
1,468
3,1167
7,1618
8,3073
1,643
3,1239
1,430
1,508
4,1113
9,2825
1,604
1,378
1,427
1,582
3,1240
5,2011
10,3125
3,1126
8,2400
5,2238
1,624
1,379
10,3270
1,437
5,1512
6,2242
1,328
1,437
1,633
4,1452
10,3401
8,12363
6,1965
1,455
2,688
5,2125
1,367
1,884
7,1546
1,8440
3,1083
1,464
1,614
2,892
2,972
8,14699
1,492
1,496
5,1715
10,3491
10,4339
1,331
5,2243
5,1337
1,440
1,529
1,443
1,532
8,2847
1,475
9,3351
1,419
10,2990
10,2369
8,2656
10,3782
1,360
3,1417
8,2035
1,336
10,2280
1,440
1,622
10,3926
2,913
9,3244
1,431
7,2728
9,2787
2,889
7,3381
1,346
6,1606
10,2713
1,477
5,1628
1,435
1,382
3,1233
7,4425
10,11222
1,448
10,3644
2,830
8,2990
9,4801
1,388
1,661
8,2070
1,273
9,2011
1,398
1,469
1,412
1,2119
5,1726
1,603
1,459
2,2286
9,7202
5,2139
1,327
5,1330
4,1666
1,302
4,1019
10,3077
1,546
2,1036
10,40105
7,2111
1,435
1,489
10,3652
3,1230
10,2687
1,344
10,2739
6,1823
1,379
7,1543
5,1624
1,426
10,4591
8,6249
5,1405
1,443
1,699
3,1426
3,1207
2,719
1,285
7,2261
6,1429
1,354
9,3283
1,489
5,1968
8,2796
1,556
2,824
1,623
1,630
5,1884
1,1878
1,427
10,2582
4,1376
10,3835
1,391
3,861
1,385
5,1874
2,887
1,512
4,963
1,763
1,813
2,831
8,2624
4,1704
3,1242
10,4185
9,2802
1,459
4,1117
6,2032
2,701
9,3207
2,679
3,1088
1,650
2,799
10,2287
1,552
7,2866
10,2317
9,9421
3,877
5,1290
2,633
5,6270
5,2015
2,1869
9,5965
1,505
4,2378
1,628
7,2028
7,5746
10,2340
10,3427
3,1138
1,643
2,572
10,2558
5,1691
7,2434
2,1050
1,700
9,3216
1,507
1,702
10,3482
1,415
10,2730
10,3360
10,3447
1,325
6,1530
7,2455
9,2610
1,645
8,10109
1,567
5,1086
2,867
1,662
10,3119
2,1018
8,2410
7,2713
2,1303
1,473
4,1347
10,3972
9,3134
5,1790
1,580
1,473
10,2014
8,2722
1,578
5,1882
5,1830
10,3532
10,10690
7,2130
1,380
1,628
10,3638
4,1462
10,3069
8,2954
1,466
8,2312
6,2417
1,358
10,3395
3,1068
3,1013
4,2030
7,2729
1,484
10,4211
6,27075
5,3931
8,2948
2,846
1,525
6,1851
5,1967
1,742
8,3427
9,2882
3,974
5,18113
10,3677
1,318
9,2123
8,4826
5,1488
3,1141
8,2898
1,618
10,2940
1,508
3,1093
1,740
10,3471
6,2051
1,13551
10,7400
1,371
5,1902
10,25181
3,882
10,3635
10,3067
8,12796
1,394
2,1213
8,1972
1,41021
2,4246
9,16387
2,870
10,20635
1,314
8,1786
1,1035
5,1841
9,2909
2,8164
1,1331
9,4360
8,3742
10,3365
5,2046
5,1875
1,612
8,3046
8,2807
1,306
4,1078
1,582
1,423
3,905
10,4176
2,1162
1,385
10,16859
9,3201
1,332
8,2585
1,486
5,1849
3,997
1,347
6,1904
4,1422
7,2291
2,944
2,1966
1,619
1,295
2,933
8,2722
8,3483
1,525
1,683
10,16479
1,538
3,928
9,3236
2,684
5,1147
2,895
1,4425
1,484
1,288
4,2237
7,2416
1,408
1,484
1,417
1,366
1,445
10,2247
1,543
1,512
10,2102
4,1357
5,1795
2,1205
1,354
9,3128
10,3654
1,480
1,447
1,275
2,828
1,481
4,1027
3,803
1,585
10,3194
10,2394
1,423
8,12244
1,406
1,570
2,794
1,413
7,2576
1,269
1,839
1,416
2,852
4,1539
1,435
5,1707
10,3120
1,508
2,766
1,292
3,1202
5,1768
1,302
1,368
1,315
2,897
1,376
7,1664
6,2219
2,669
7,2859
10,2809
1,593
10,8283
1,361
1,4047
4,1231
1,330
4,1386
1,272
2,853
8,2192
10,2490
10,3211
1,263
10,6875
7,2413
1,604
2,774
1,365
1,1333
3,1073
1,356
1,539
1,293
5,1755
1,334
10,3522
7,2623
1,275
3,2491
8,3202
1,513
7,3311
1,354
5,13435
1,417
1,337
1,517
1,272
9,3188
1,562
6,1788
10,3764
1,260
9,2468
6,2196
1,466
5,2026
1,353
2,2238
8,2628
1,530
1,515
7,2454
3,1149
1,561
8,7841
10,3949
1,370
1,543
8,3215
1,460
2,1148
3,866
2,2337
7,2550
8,2432
1,397
10,2478
1,519
1,598
2,733
10,20737
1,579
1,301
1,615
8,2617
8,7049
7,1673
2,3081
10,3293
4,1492
1,515
4,941
8,46951
1,581
1,411
6,15169
8,2702
1,455
1,636
1,505
8,2692
2,653
9,2939
5,1304
2,898
1,487
10,2918
1,415
1,607
4,950
4,1515
1,394
1,12849
1,766
2,856
1,32004
10,2307
10,3280
6,2255
1,5797
5,1795
10,3061
1,533
4,1518
1,516
1,514
3,1141
1,401
1,585
7,2521
1,416
7,5919
2,821
7,2512
10,4536
1,428
10,3532
8,2139
2,908
6,2698
1,505
5,1800
1,317
1,451
1,616
5,2640
10,3284
5,1903
9,3142
2,727
7,2504
6,2173
1,624
2,998
1,446
1,495
10,3381
1,377
1,642
1,700
7,2485
3,1184
8,3181
3,1077
10,32548
4,1709
1,497
1,535
2,810
5,1737
1,465
10,24529
1,257
1,420
5,2098
1,481
10,3132
5,9456
2,2920
1,624
1,505
5,1883
1,497
1,413
10,3540
1,382
2,792
1,290
1,673
1,534
4,1495
8,2104
7,2415
10,11122
9,5809
2,918
1,370
1,443
5,13631
2,704
4,1740
8,2757
10,2084
1,885
1,623
7,4232
4,1345
8,10686
1,503
3,1092
4,1437
8,2663
1,427
10,21388
9,2968
2,735
2,852
1,367
6,2350
4,1592
3,1022
10,3045
1,581
1,457
2,719
3,1299
5,1686
1,405
2,923
8,2522
1,263
1,383
10,2009
1,29596
4,1816
3,1112
1,382
1,482
1,701
1,497
6,2350
10,9020
1,787
8,3173
2,658
1,1079
1,536
3,974
1,497
9,2666
7,2633
1,479
1,446
1,537
1,576
10,4275
9,2925
1,533
3,1283
4,1396
6,2008
8,3251
7,2563
4,1633
7,3957
9,3636
5,1385
1,495
1,275
2,818
1,607
3,1034
2,889
1,411
9,3679
8,14242
1,531
10,2205
1,367
6,5556
6,2005
8,3056
1,488
1,260
8,9138
4,1621
1,333
2,901
9,5825
3,1161
9,9777
2,860
10,3554
4,1766
1,517
1,429
5,1911
1,453
1,252
2,874
8,2993
2,655
2,756
8,23053
1,472
2,658
2,794
7,2303
10,3448
1,634
1,467
1,533
1,443
1,265
2,655
6,2103
5,1719
8,16455
1,860
1,377
10,19278
8,2799
3,1069
2,1094
10,2719
1,428
3,1144
1,582
1,258
9,8059
3,1222
5,1691
10,18932
3,1105
1,436
1,369
2,842
1,599
5,10557
3,1399
1,478
9,2932
1,480
1,255
2,724
9,3414
9,3082
5,16519
1,6185
1,440
5,1630
2,712
1,604
1,376
6,2097
3,1091
2,721
5,1889
3,1019
5,1678
6,2301
2,789
10,20934
2,820
1,625
8,2708
9,3087
4,1477
2,966
9,4580
7,8207
5,1735
1,801
5,1551
8,9337
7,2337
2,680
2,723
2,775
1,385
1,575
10,3189
2,826
9,2870
1,590
1,9617
2,763
1,768
10,2231
2,800
5,1571
1,473
7,3809
2,738
1,569
2,698
1,449
6,2211
1,578
9,3618
3,1179
9,2947
7,3162
7,1703
8,2767
1,514
1,4154
8,2332
10,2548
8,2670
1,555
5,1776
5,1900
3,1090
2,821
1,424
1,478
1,971
10,3402
10,50856
1,531
8,2694
7,5868
9,2750
1,413
1,523
8,2320
2,759
9,3105
1,514
1,441
1,347
1,1787
5,1432
7,6955
1,525
1,394
1,591
2,502
1,387
1,337
2,762
1,384
8,3588
9,4203
1,506
1,427
7,7855
10,15882
1,497
9,3152
1,710
5,1823
5,1687
1,480
1,14006
8,2738
2,785
1,657
4,1472
1,503
2,742
4,1480
10,12036
1,546
4,1332
1,458
3,1292
7,7664
1,431
8,33271
7,2516
10,8983
1,550
2,727
9,3138
1,460
6,1965
1,29556
1,464
5,2232
1,506
1,393
8,2715
1,1769
2,784
1,528
8,3366
2,851
8,4550
1,425
1,529
3,842
2,782
1,437
9,3122
1,371
1,332
1,417
1,597
4,78738
1,415
4,1493
2,1222
7,2341
1,384
1,415
3,1170
6,1839
5,2687
8,2630
1,366
4,1576
8,4017
5,1992
8,2579
5,1802
9,8511
2,912
1,608
9,3470
1,396
9,3301
8,2655
1,324
1,507
1,387
2,993
1,479
2,727
2,1057
1,405
1,460
8,8261
1,579
1,393
1,425
1,495
4,3592
1,466
9,3107
1,3821
4,1578
7,3704
8,17849
4,1672
1,313
3,10004
2,890
1,548
4,1318
8,2834
1,499
10,3296
1,439
1,394
9,4426
8,6409
1,633
2,14641
9,38124
1,498
9,12379
9,12287
6,2108
4,1393
1,359
6,2040
5,1775
1,359
1,327
2,805
9,9678
1,522
2,11150
2,960
1,487
1,489
6,2218
8,4476
1,345
1,492
4,1401
3,925
1,520
1,588
3,8418
6,2167
1,496
9,3801
8,2437
1,420
8,2262
10,33218
6,2259
1,483
1,473
9,2931
1,416
1,451
6,2138
1,395
1,413
1,371
2,7175
5,2046
1,2785
1,463
8,5954
1,441
6,2117
1,535
9,3111
2,825
7,9374
1,516
2,656
4,1524
1,462
5,1740
5,18434
7,7219
1,400
7,2646
8,3730
10,4638
1,487
3,1120
8,2642
1,352
1,525
10,12930
6,2270
5,4029
2,699
4,1352
1,517
1,4526
2,788
2,6765
6,2163
2,881
5,1462
2,656
10,3285
1,1154
1,391
8,8760
1,508
8,5089
8,45244
1,435
1,1272
1,512
1,480
6,2268
2,855
1,311
4,1481
1,368
1,445
2,769
2,697
1,501
7,2559
7,2374
1,463
10,3450
1,30359
1,535
8,2177
2,912
1,464
1,605
1,427
1,563
7,2250
9,3060
1,474
8,2346
1,340
1,450
1,695
4,1391
1,596
8,2643
9,3870
8,11042
2,656
3,1195
1,541
5,1658
1,485
7,4233
1,476
5,91608
4,1376
1,1496
8,31529
1,473
4,1445
10,4048
4,3481
9,16789
3,1119
1,531
8,2912
2,962
1,350
1,509
1,70271
1,472
2,746
7,3774
1,512
3,1740
2,921
5,1850
1,461
9,3267
1,1465
8,2763
1,320
1,380
7,2531
10,93950
3,1116
2,668
1,4260
1,413
1,456
5,1208
6,2021
1,464
1,467
3,1049
1,498
6,2257
1,310
1,351
1,424
9,3093
1,396
1,637
1,297
1,492
8,2550
7,2597
8,2989
1,438
3,1063
5,1816
1,479
1,491
4,1350
1,477
7,2235
8,5048
1,411
4,1531
5,1699
8,2738
8,2718
1,514
10,4961
5,1569
1,463
1,394
4,1525
3,1390
1,637
9,2905
1,484
1,690
1,554
7,2249
1,460
2,723
1,414
7,2535
7,2602
4,1559
1,760
4,1399
3,1297
1,456
1,448
1,413
8,7360
3,886
10,3442
1,413
6,2597
1,375
9,3600
2,1102
10,8320
1,599
3,1264
8,1742
1,544
6,1957
10,3213
1,646
5,1098
7,2097
7,4390
1,339
1,375
9,3520
1,551
2,799
1,523
7,6443
3,1129
1,416
9,2994
1,372
4,1599
10,3431
5,1527
5,1812
8,7075
1,438
5,1888
10,3435
8,2977
1,527
9,3082
6,2042
1,410
1,491
2,625
1,530
10,3656
10,3200
7,3065
1,658
1,1079
1,525
7,2078
4,1359
1,439
1,432
1,330
1,394
3,1021
2,857
1,478
2,723
2,671
9,3500
1,1301
1,757
4,1381
7,1640
9,3518
1,496
6,1947
9,18340
1,467
9,2983
8,3401
1,508
6,2401
7,2418
1,416
1,462
1,617
1,411
5,1573
1,2709
1,392
6,2647
4,1417
6,4380
5,1722
2,807
1,760
7,2344
1,367
4,1386
4,2713
2,763
2,822
8,2756
6,3113
5,1717
9,14663
7,2256
1,389
1,477
8,3152
4,1568
7,2356
1,248
2,828
1,453
1,644
8,2923
9,2199
1,1314
6,2209
3,1321
2,801
9,9323
4,1373
7,2793
2,893
5,1664
1,265
3,1901
1,341
1,705
5,1644
3,1240
8,3333
8,4926
9,7339
7,2319
3,1366
1,2762
1,650
3,6102
4,1509
1,368
3,1488
3,946
3,20020
6,2086
10,3146
2,877
4,1554
1,537
9,2990
7,3453
8,2857
1,627
1,5385
8,3190
1,285
8,3665
1,1547
9,3131
6,1906
3,1345
6,4795
6,2102
3,1048
1,626
10,3374
4,1567
7,2487
9,8691
3,1328
1,457
6,2189
1,4800
10,3429
8,2873
10,2787
1,704
3,1415
5,1642
1,404
4,1507
6,2081
1,712
7,2515
5,1263
1,274
1,464
1,3119
2,2934
8,2888
6,2489
5,2272
5,1956
1,495
6,1950
7,18129
5,1673
4,1708
1,440
10,2494
5,1088
1,352
5,3668
9,3385
2,856
10,3144
1,357
2,831
7,2393
1,458
3,1145
8,2690
7,2600
1,532
4,1236
1,248
7,2430
1,395
7,3278
8,7214
5,1239
1,686
2,1118
4,1300
1,464
3,1523
8,2830
4,3263
6,2162
6,1505
1,237
2,803
1,382
8,2584
2,923
10,3308
9,3219
8,14828
6,2100
1,420
6,2064
6,2060
3,1197
6,2389
10,3867
1,236
1,365
1,432
5,1685
1,556
7,1779
1,385
6,2317
7,2811
1,2634
1,480
2,874
7,6575
3,1184
5,1595
3,875
8,2659
5,1438
1,688
4,1639
4,1288
9,9039
4,1258
5,2007
1,461
1,484
6,2046
1,397
9,3191
10,3638
5,1289
1,391
7,2233
5,2076
1,545
1,803
1,499
7,2815
8,3354
1,385
5,1484
4,1250
9,3604
1,555
10,3580
8,1877
1,412
10,3163
1,485
1,545
1,474
1,475
1,632
3,1314
1,437
4,1439
5,1685
6,1809
5,1747
1,526
3,1098
1,549
2,780
1,479
3,1157
5,1619
1,480
5,2019
8,2709
1,658
1,429
3,1108
4,1477
4,1599
1,333
10,2166
1,485
10,3456
7,2843
1,405
1,2460
1,417
2,887
1,518
6,4861
8,6633
1,385
3,1056
2,951
1,262
3,1237
9,3133
5,2138
4,1515
1,420
1,562
1,370
10,2653
1,492
8,9044
5,2145
1,572
6,7560
8,2563
1,488
2,690
1,492
7,7367
4,1388
1,604
1,606
1,400
2,1038
1,439
1,2424
2,962
1,386
3,1188
1,11963
1,299
10,2372
1,489
5,1357
7,2514
1,406
1,449
3,1100
10,3273
1,401
1,1283
1,645
1,405
1,467
6,2215
1,398
6,2012
9,3045
3,2195
9,2981
1,586
1,321
5,1744
7,2135
6,2036
4,1140
6,2086
1,442
9,2851
5,1919
6,1399
5,1701
1,439
8,2951
3,1020
1,643
1,301
1,348
10,3407
1,466
7,15230
9,7715
1,305
1,473
8,6888
1,280
7,2382
1,497
10,3558
7,2320
1,652
1,363
1,595
5,1225
1,397
2,4721
8,3844
1,317
1,506
6,10100
1,234
8,1764
1,424
10,2508
1,465
1,459
1,292
8,6698
8,1936
4,1241
4,1507
8,5126
1,502
2,759
1,366
1,279
4,1340
5,1807
3,1052
1,461
7,2606
9,2663
6,2016
8,3240
1,1032
1,491
1,370
1,447
6,1906
2,621
1,766
5,2086
1,580
6,1998
6,2101
1,369
4,1308
7,4667
3,1071
1,501
6,1894
1,574
1,399
1,370
8,4368
4,1080
9,2731
1,497
5,1315
3,1024
1,473
5,1397
8,2611
1,518
3,1045
8,2391
5,12461
1,451
1,467
1,395
1,660
2,692
8,2678
10,3291
6,2213
3,827
5,1412
2,750
1,308
10,2561
3,1596
1,670
1,285
1,429
1,526
6,1572
5,1147
4,1421
10,2968
3,1132
5,1755
10,2822
8,14663
1,299
1,554
8,10110
5,1745
3,947
1,406
8,6459
7,1551
10,2280
6,2360
7,2718
1,400
7,2461
1,293
4,1719
1,261
1,479
3,1273
1,362
5,1315
1,483
1,930
10,2844
1,251
5,1808
4,1392
1,471
10,3768
9,2957
1,628
1,247
1,511
1,626
1,450
7,2597
6,1988
1,529
10,2819
10,2873
8,4754
5,1500
1,388
2,982
6,1509
3,1298
1,262
1,388
5,1881
1,435
10,3354
1,447
1,722
9,3718
10,3305
2,823
1,454
1,516
9,3439
10,3445
1,571
1,301
2,865
7,2108
1,715
10,3240
1,458
1,631
10,3309
8,2965
8,4761
1,360
1,401
1,503
5,1942
5,1823
1,413
5,1973
10,3032
1,566
6,1623
4,4634
4,1371
10,5058
10,5795
6,2280
1,474
9,3481
7,2129
5,1604
7,1648
1,556
7,2258
2,976
3,1382
7,1465
1,706
1,375
4,1203
10,3245
4,1187
1,445
1,443
5,1752
1,643
2,941
10,2390
2,778
10,2671
1,684
7,1909
6,2057
1,448
3,959
5,1143
3,1230
1,350
1,829
8,2658
10,4169
10,4031
1,365
6,2343
10,3742
1,512
4,1180
8,4971
1,335
5,1407
1,259
1,588
1,331
1,617
10,3575
10,2388
10,4379
3,967
6,2022
7,2533
1,760
3,947
4,1736
1,585
10,2559
1,339
1,565
1,273
1,498
3,903
10,2795
1,1002
6,1731
8,2594
6,2048
2,952
4,1478
4,1389
3,1217
10,3246
1,260
10,3734
1,335
1,481
10,2669
7,2499
7,2461
10,3426
5,1417
5,2021
2,735
10,2233
6,2064
1,525
7,3041
1,248
5,1474
1,532
9,5862
6,2059
10,3600
10,3281
10,3405
8,4350
8,2998
7,1933
6,2337
2,720
10,2631
5,2008
1,279
7,2439
1,403
5,1767
5,1482
10,2075
5,1596
10,2969
4,1402
1,527
10,2725
10,3399
8,2478
5,1223
10,3391
1,269
2,904
9,3108
3,1113
10,3506
3,1325
8,1929
7,1745
4,1246
1,696
10,2875
5,1628
2,791
7,2967
10,3317
1,266
10,3318
1,552
1,497
10,3301
1,520
9,2395
9,2783
3,1179
4,996
7,2532
10,3471
6,2020
10,3392
10,3674
1,252
2,848
10,2535
1,438
7,1842
1,396
1,432
4,1629
10,3302
1,620
8,2210
10,2597
3,1206
2,909
1,667
1,358
10,3338
10,2341
2,812
4,1475
1,575
3,950
1,521
10,3469
1,441
6,2296
6,2177
1,548
6,1728
1,282
1,353
7,2171
1,430
6,1897
5,1348
1,471
1,362
1,446
6,1922
3,1102
7,1690
4,1464
1,598
7,2047
1,366
10,2434
5,1315
10,2759
5,1752
1,585
1,532
1,461
4,1295
5,2089
1,611
3,1093
5,1960
5,1489
5,1796
1,434
10,2240
1,357
10,2493
7,1537
1,285
1,602
10,3095
3,839
10,3106
1,357
4,1564
10,2495
7,1703
8,2808
1,449
6,1504
1,323
9,2422
8,3020
8,2542
1,356
1,435
3,749
10,2529
1,249
1,482
1,309
7,2128
4,1395
1,431
10,2182
8,1808
10,2323
8,2552
1,306
1,321
1,296
10,3501
7,2207
1,288
4,1384
1,261
10,2454
3,1002
1,362
7,1735
1,248
10,2454
8,3721
1,280
1,365
1,279
10,2966
4,1272
1,278
10,3189
1,242
2,674
3,1277
1,243
5,1631
1,388
10,3419
4,1138
1,241
1,345
1,336
9,3196
5,1523
1,335
6,2391
1,342
5,1921
10,2296
1,310
4,1333
1,277
10,3413
1,655
1,291
3,1050
1,366
6,1904
1,564
5,1378
10,3445
1,550
9,3515
6,2235
1,303
3,1361
1,405
7,2078
3,1151
1,363
3,788
1,308
10,3507
1,316
6,1421
5,1288
1,340
6,1825
10,3472
3,927
5,1772
8,2184
5,1781
1,455
1,592
5,1460
1,245
7,1923
1,264
5,1499
10,3372
1,315
5,1313
10,2308
3,1031
10,2869
1,255
10,2962
5,1874
1,365
10,3462
3,1103
7,1846
1,341
4,965
10,3156
1,304
3,843
10,3526
5,1229
3,1110
1,433
10,2356
7,2573
9,2747
10,2415
10,2923
1,486
1,361
10,3588
6,1494
1,387
8,2247
5,1839
10,2128
10,2135
1,483
5,1713
10,2697
1,248
10,3208
6,1670
1,601
1,405
5,1372
1,364
10,2295
5,2043
7,1667
10,2544
10,2418
1,338
3,789
7,2243
3,984
7,14579
10,5895
1,518
1,261
10,3986
4,868
1,362
4,1506
4,1122
10,3350
10,2201
3,1093
1,501
10,2644
2,857
5,1822
5,5692
1,284
1,275
10,2453
1,384
2,703
3,1434
1,464
10,3211
10,3699
4,1014
1,716
2,746
7,1548
7,2351
7,2284
1,240
1,351
5,1842
1,436
3,1033
1,353
1,355
7,6229
10,3304
10,2659
1,467
6,5914
10,3368
10,3214
4,1172
1,272
1,384
9,2136
1,332
7,1506
1,279
1,372
5,1822
2,768
5,1966
1,451
7,1633
1,288
5,1618
5,1509
1,265
10,2646
4,948
1,623
10,3057
1,339
1,548
5,1367
7,2244
6,2316
1,346
5,1261
10,2104
5,1757
9,2801
1,460
9,2149
1,335
1,371
8,2897
1,275
1,594
10,3378
8,2685
10,3416
1,352
3,1082
10,3594
10,3461
2,895
1,404
8,2538
4,930
1,291
10,3339
1,315
1,422
10,11221
1,411
10,2251
1,294
8,2359
7,2379
10,16077
4,1231
1,240
10,2016
6,1807
1,284
7,1595
1,378
1,504
5,2053
1,332
6,1997
1,291
1,497
3,796
6,5000
4,1386
10,2989
1,413
10,2700
1,465
3,702
1,378
5,1757
10,3609
1,489
4,1468
1,253
1,391
10,3216
10,3414
10,2296
10,3555
10,2367
1,413
5,1496
10,3335
1,329
1,473
6,13285
1,590
5,1418
1,316
4,1691
10,2188
5,2201
1,332
7,1927
10,3161
6,2028
1,473
10,2616
1,249
1,479
10,3449
1,262
2,946
10,3276
1,466
10,2200
10,3809
10,2226
10,2341
10,2634
10,3155
9,2396
7,1819
1,288
1,514
10,7288
1,240
9,3090
10,2482
1,419
7,1422
10,3400
10,2851
10,3339
2,769
9,2205
1,1464
5,1744
10,2339
3,1104
1,428
1,282
8,1913
10,3204
1,385
5,1645
4,1660
8,2893
10,2171
10,3331
6,1418
4,1175
10,2977
7,2442
10,3320
1,802
1,251
3,1048
10,2218
1,418
10,3273
1,575
10,3445
10,2958
10,2396
10,2419
10,2104
10,3431
10,3011
1,357
1,499
1,229
4,933
10,3480
3,833
10,2378
5,1831
6,1986
3,1468
10,3514
4,1350
6,1689
10,2172
5,1181
7,2034
1,291
1,251
10,3113
10,7641
1,263
3,1325
1,463
6,1839
3,837
7,2438
1,415
1,481
3,1198
10,3289
5,1411
1,377
10,3228
1,252
2,707
1,288
5,1790
1,541
1,507
2,717
5,1826
1,322
6,1752
5,1559
10,3075
10,3139
1,830
6,2108
10,2580
8,2569
1,287
1,605
1,645
1,298
3,1380
10,2663
1,254
9,2663
1,401
5,1768
9,2460
1,501
10,3274
9,2401
10,3386
1,367
1,436
1,632
1,544
10,2434
10,2380
1,307
10,3627
10,2605
9,2617
10,3502
1,514
10,3246
10,3474
10,6176
10,2655
5,1432
1,542
1,454
10,3353
3,1032
1,307
10,3259
1,268
4,954
10,3259
1,477
6,1983
7,2573
10,3367
4,932
1,472
1,528
1,718
7,2089
5,1488
1,242
4,1095
1,234
3,741
5,1349
4,2254
5,1850
6,1697
6,2064
10,3345
1,418
2,857
10,2464
10,3725
1,473
1,255
10,3753
1,234
3,1049
10,2785
1,485
4,1535
1,371
10,3251
6,1404
1,436
1,490
1,342
8,2936
1,392
1,252
10,2433
1,278
10,2809
10,2353
2,960
4,1605
1,352
6,4898
5,1564
1,323
1,612
1,390
7,1804
1,483
1,338
7,2038
1,303
1,327
7,1570
2,859
5,2491
1,302
10,3279
10,3270
1,250
9,5368
1,257
1,508
1,544
1,276
10,2702
1,316
10,2208
10,3246
1,548
9,3054
1,269
4,1430
6,2134
1,582
1,563
1,270
1,491
1,588
4,1487
5,1252
1,290
6,1326
10,3651
5,1438
2,747
1,281
4,1344
4,1043
1,400
4,1260
1,297
1,318
1,539
7,2041
10,3348
1,234
10,2400
5,1674
9,3062
2,821
1,249
1,472
5,1319
1,425
2,743
10,2788
1,270
1,248
3,984
10,3143
1,235
7,2477
10,2940
3,1029
2,882
1,244
1,467
9,2072
10,2353
1,521
10,3648
1,243
1,407
6,1615
1,366
10,2143
10,2988
3,1205
7,2082
1,465
1,235
1,520
2,558
5,1304
5,1920
7,1791
1,691
1,326
10,3218
1,267
2,797
7,1545
1,505
10,2567
9,2826
1,342
1,459
6,1354
5,1742
1,389
5,1762
1,534
1,352
5,2082
1,250
5,1213
1,524
1,661
9,2478
5,1823
1,380
1,463
10,2780
10,3300
4,1508
10,3133
1,759
10,3353
10,2407
1,281
10,2367
10,2614
1,558
3,1031
7,1608
1,268
2,796
1,435
10,3398
3,1246
3,1296
1,764
10,3208
10,2687
3,905
10,3503
1,328
5,1715
1,450
3,870
10,3466
9,2533
10,2521
10,11762
6,1604
5,1691
1,708
10,3036
5,1340
1,315
5,1289
1,292
1,719
2,1024
1,366
10,3505
1,524
10,2134
5,3156
6,1704
10,2573
10,3579
10,3675
10,2460
1,261
8,2624
1,253
1,911
7,2334
7,1864
7,2297
1,481
8,2488
10,3425
9,2513
2,595
10,3508
10,3291
3,879
1,308
2,901
1,244
1,410
8,2438
1,277
5,1554
1,588
10,3365
6,2388
3,972
3,654
6,2187
10,3360
3,800
1,435
8,2813
1,277
3,980
10,3147
6,1987
10,2575
1,907
10,3375
10,3501
6,1524
10,2083
10,3441
5,1941
3,782
5,1911
10,3595
1,245
1,372
1,643
1,258
10,2367
2,633
4,1111
10,3859
7,2782
10,2236
10,3599
5,1618
10,3098
1,465
10,3499
1,457
1,298
10,2360
10,2541
3,1054
1,429
1,418
5,1839
2,968
10,2537
10,3282
10,2511
7,1541
1,508
10,3321
1,276
1,463
10,2338
1,441
5,1676
10,2814
1,255
10,3731
10,3435
10,3398
9,2963
10,8669
10,2299
10,2328
5,1694
1,302
1,329
10,3410
1,396
2,933
1,353
1,308
10,3396
10,2704
8,2576
4,1454
6,4713
10,3404
3,851
6,8284
10,2155
10,2511
10,3259
1,439
10,3792
5,1246
1,586
4,1470
10,3635
8,2589
10,6172
10,8722
7,3033
10,2159
10,3383
10,3199
7,1912
10,3203
1,464
8,1885
9,3057
1,318
5,2073
5,1867
2,717
1,9398
5,1820
7,2363
3,964
10,3558
5,1164
3,956
5,1856
1,435
3,720
3,788
1,348
2,984
10,3097
7,4695
3,1260
10,3227
10,12472
10,2628
4,1501
10,3278
10,2379
8,2761
1,371
2,489
7,2392
1,279
1,520
10,3372
1,449
1,629
10,2597
1,588
7,2362
5,1661
10,3432
7,2502
1,509
1,360
10,2104
7,1846
1,321
1,559
8,10291
1,255
7,1648
4,1448
1,347
10,3351
1,601
5,1947
10,3751
1,582
1,536
10,2905
1,426
1,487
1,507
1,1827
1,263
4,1129
5,1830
1,297
10,3356
7,2265
10,3246
10,20510
1,439
3,1085
10,2308
3,937
1,346
1,373
2,1064
1,428
8,1902
1,741
1,300
7,2288
1,454
3,1008
10,6559
1,380
3,865
10,2327
7,2392
10,3530
3,1835
1,330
1,403
3,1389
1,475
1,251
10,4088
1,430
3,1029
10,7822
1,663
7,2430
7,2047
3,982
10,3192
2,609
1,404
1,662
7,1756
1,468
1,285
6,1992
1,421
2,637
10,3378
1,657
1,524
8,3023
1,382
10,3047
7,2810
1,456
1,527
8,2876
1,685
1,379
10,4345
10,3643
10,2076
6,6925
1,491
2,568
1,625
10,3408
7,1899
1,399
1,578
1,460
7,2449
1,652
1,395
10,11360
1,571
10,2406
10,3333
1,573
10,2365
1,411
10,4638
5,1875
9,15791
5,1711
10,2846
3,1272
9,3342
1,415
10,3079
1,530
7,2678
10,3522
1,622
5,1246
1,411
10,3296
10,2844
1,5740
1,629
1,380
6,2050
1,347
1,547
5,9027
2,707
10,3193
5,1934
2,700
10,3534
1,271
5,4227
3,942
1,505
1,565
1,468
2,935
2,1023
3,1091
10,3333
1,520
10,6650
10,15567
1,545
10,5587
1,265
10,14216
5,1468
1,468
1,540
10,3432
7,2570
1,3722
6,2144
1,436
1,500
8,2680
4,1635
5,1361
5,1832
1,275
10,7897
10,2277
2,670
1,552
10,3783
2,890
9,2869
7,2682
1,396
1,441
7,11156
1,537
1,629
10,3907
1,368
10,13726
3,866
1,718
1,3529
6,2467
2,678
1,471
4,5612
1,516
1,397
1,595
1,514
5,1735
5,1876
1,265
1,394
10,2200
8,2900
7,3322
5,1800
1,527
1,497
10,3487
4,1692
1,341
1,406
1,424
2,1075
5,2147
1,396
5,1651
10,2466
1,371
1,506
10,6744
1,785
1,564
5,1730
1,481
1,407
1,431
1,692
9,3082
1,509
1,397
7,2188
10,2456
1,381
5,1920
4,1548
1,681
3,956
10,2643
5,5759
3,979
1,386
5,1689
4,877
4,1363
10,4003
4,1381
10,3351
1,464
3,1107
5,1878
1,315
1,342
10,2599
1,366
9,3232
1,252
1,659
1,566
7,16267
10,7835
1,66402
10,7772
5,1586
2,769
9,2956
1,264
5,3289
5,5544
1,517
7,1799
10,3352
1,623
1,376
3,1093
6,2381
1,452
7,3015
9,2047
4,1476
2,818
1,262
1,584
9,2984
1,907
7,2486
1,303
1,547
7,2467
5,1667
6,2215
1,465
1,560
3,1181
1,565
1,364
1,505
3,972
3,1270
1,538
9,2888
1,483
1,652
4,1319
4,1637
10,3369
7,4691
1,267
7,1818
1,416
1,529
1,346
6,1652
2,877
9,3010
10,3666
1,279
1,604
8,2993
6,22234
10,2262
1,368
1,463
9,2452
10,3613
7,2364
1,411
7,2264
7,1796
1,438
1,438
1,373
1,555
1,371
1,431
4,1449
1,385
1,370
3,1070
9,2769
9,3454
1,371
10,3715
1,341
1,479
1,486
1,279
10,3521
6,2382
1,401
4,1863
1,382
1,258
1,413
4,6415
4,1432
10,3457
3,1173
7,1633
4,9812
2,766
10,3534
9,3603
9,6542
1,357
2,1001
1,360
1,293
7,1946
8,2615
3,928
10,3712
7,2701
3,873
3,8500
10,2719
5,1777
2,961
5,1827
6,2049
9,10647
5,1561
1,269
1,491
5,1835
7,2381
10,2641
4,3983
8,1810
2,6753
10,3211
10,3348
7,2479
3,1220
7,2321
1,493
3,4441
1,333
10,3301
6,2413
7,2388
10,10666
10,2742
9,1889
1,495
10,3472
10,3184
8,2222
3,1283
1,415
7,2085
1,448
1,358
10,3083
6,10875
8,2392
5,4055
10,2638
6,1573
8,1850
10,12298
10,16077
3,839
5,1791
1,446
1,376
1,394
1,373
10,2559
1,629
3,1155
10,9170
10,18012
3,1086
7,1889
10,14697
5,2011
1,333
4,1451
1,496
7,2218
4,1221
10,3493
5,1654
3,1153
1,362
7,2558
5,5546
10,3336
6,1618
5,1814
9,2787
6,1652
8,2606
1,400
4,1057
1,366
2,772
8,6915
8,2907
6,2489
5,1867
10,3597
1,469
7,2351
10,3670
4,1520
3,897
3,1294
1,333
9,2937
6,2260
8,2487
10,3314
5,2443
7,2658
3,1366
10,3765
7,2489
7,2503
5,4736
2,736
10,3466
5,1862
1,437
3,990
4,1454
10,2954
10,6123
3,1216
1,348
2,922
10,3377
1,867
10,3012
5,3298
1,377
2,1259
5,1928
6,2203
8,2207
3,1010
10,3440
2,909
2,1438
1,18104
5,2009
1,551
1,620
2,982
1,15068
7,1659
7,2802
1,494
4,2087
1,394
1,524
6,2075
5,2078
5,1964
2,17515
9,3135
1,576
2,963
3,1273
8,2681
1,285
2,870
6,2481
1,379
7,2182
4,1406
5,1722
1,704
6,4516
2,16325
4,5501
5,1908
1,547
1,570
4,1317
3,755
10,3171
1,602
4,13745
3,1262
6,2493
10,3440
1,631
5,1903
1,16109
1,596
1,400
1,373
10,3863
1,344
7,1627
10,3281
4,1558
9,3121
1,586
6,1902
4,1625
1,537
5,2799
10,15344
7,2588
1,347
1,410
10,3868
1,438
6,1361
10,3399
1,496
1,601
1,314
6,4676
5,1911
7,1919
7,3076
1,423
1,367
7,2070
2,870
10,4327
4,1374
8,1843
5,1768
2,697
1,421
1,411
1,582
9,2977
1,302
1,391
1,272
4,2066
1,405
1,420
8,2786
1,465
7,2404
10,3447
5,1669
5,3291
1,343
2,795
2,910
1,3447
1,532
1,300
1,576
1,331
1,629
10,3730
2,896
3,719
8,2700
1,551
3,19504
1,298
3,25816
2,871
1,611
1,471
1,309
6,2234
1,388
1,473
10,12438
1,351
10,3484
10,3231
1,520
3,1184
6,1439
3,19729
7,2357
1,512
1,421
1,543
10,20631
4,2621
1,409
5,1754
1,398
3,1187
1,649
1,393
2,839
1,366
5,20829
1,432
1,483
1,456
1,271
5,1785
1,1123
1,442
1,511
1,438
7,2461
1,661
1,409
4,1495
1,313
8,21060
9,3154
1,365
1,534
1,386
9,10456
1,413
7,2155
1,518
2,655
1,503
1,429
1,496
3,1137
1,680
5,1868
7,1561
2,745
1,616
1,291
1,619
1,368
5,1410
1,522
6,2302
2,682
2,797
1,513
6,2224
1,876
5,11059
3,986
1,341
1,509
10,2826
1,650
1,934
3,1185
1,454
1,496
1,427
1,585
7,2983
3,1202
7,2617
6,1817
7,2587
4,4889
1,467
10,3203
1,2949
5,1828
10,3333
5,1621
1,406
1,391
5,1537
5,1818
5,1626
1,431
2,3357
3,1281
1,376
5,1768
10,3442
1,760
5,1732
10,3609
1,361
4,19717
10,3096
2,482
1,623
5,1860
1,478
4,1297
10,3266
1,523
1,375
5,1409
1,824
3,987
5,2196
2,738
7,2545
1,368
1,246
2,915
6,2302
2,869
1,322
7,2430
3,1063
4,1554
10,4030
1,1013
6,2111
10,3412
1,451
1,3523
1,361
1,548
1,523
7,22186
2,684
1,425
1,511
5,1715
4,1752
5,1785
1,838
1,455
8,5577
1,473
1,625
1,435
1,580
4,2494
2,1949
10,3411
4,1369
1,409
1,402
4,1475
7,2264
1,788
1,405
7,2332
1,536
8,3196
1,438
7,2298
5,2000
2,14226
10,3287
1,567
3,1068
4,1298
6,2145
5,2771
1,688
5,1539
2,742
1,529
1,862
10,8802
8,10658
2,27951
7,5505
10,3172
4,1247
1,335
6,2143
2,1052
3,956
4,1726
7,3243
2,875
7,2189
6,2004
1,332
1,266
9,14418
4,1580
5,1550
7,2504
1,433
9,5003
1,551
4,1559
1,398
4,1160
5,1888
1,353
9,11341
1,326
5,1099
4,1560
4,1515
10,5332
1,489
7,2184
7,2469
4,1504
2,749
1,757
6,2516
3,1222
1,423
3,1180
1,322
1,527
10,3458
6,7280
10,15548
6,1967
1,426
4,1493
4,1574
4,1444
4,7090
9,22832
4,1258
3,1075
1,497
10,9342
1,443
7,6158
1,524
4,1587
5,13949
1,445
6,2095
1,532
6,2177
1,29618
3,41869
9,4251
9,3008
3,1043
10,2861
9,2652
4,1794
2,803
5,1509
2,670
1,410
5,1928
10,3780
1,529
8,31010
3,1078
1,402
4,2101
3,1150
10,2256
2,963
1,488
4,1820
7,2414
1,437
1,409
1,494
7,2565
1,6217
3,23532
8,17278
7,12466
6,1958
8,3874
10,43252
1,453
8,21701
3,1260
1,491
6,5095
1,2319
3,1451
8,2835
7,8664
2,23073
5,1606
1,383
5,1615
2,804
7,2669
1,517
10,3206
9,7880
6,2329
1,471
1,407
1,726
4,1325
4,1369
1,875
5,1626
4,1399
1,1901
5,1671
2,959
1,379
6,2405
10,3656
5,1698
1,403
1,248
4,1829
6,2448
6,2127
2,975
2,10150
7,2231
6,2081
5,4892
5,2048
7,2516
6,2073
7,2731
3,1063
1,461
1,425
8,3089
9,3305
10,19978
5,8230
3,9560
6,1867
1,401
5,54671
5,2397
4,7103
3,6947
8,2999
4,1407
1,425
1,405
3,12396
6,2056
1,462
6,2207
6,2284
1,479
4,1221
2,35857
3,1266
1,520
1,495
4,1662
6,1921
1,380
10,2422
5,11453
3,1339
5,5843
6,2431
5,1738
1,356
9,3039
6,33448
4,1328
9,8815
1,690
1,382
1,503
1,433
10,3117
6,2473
7,2533
8,3217
7,3154
2,624
5,1660
4,1429
2,771
1,602
3,1462
4,1808
1,493
1,344
2,826
10,3118
2,828
4,1446
9,6504
6,5954
1,377
9,2945
7,37156
6,4911
6,2254
5,4940
5,1903
1,421
4,1449
9,3150
10,3864
5,1918
3,1218
1,322
6,10288
5,1692
1,438
3,3571
4,6491
4,1614
1,550
5,1890
7,2401
1,408
10,3020
5,1779
5,1786
3,1139
1,385
4,1561
7,2418
1,478
3,1097
7,27846
7,2938
1,613
7,2450
10,3695
1,432
4,1232
8,2642
5,1677
5,1759
1,3036
4,1347
6,1867
3,1162
1,401
2,687
5,2085
3,1879
1,512
1,593
1,361
10,3275
2,1016
7,2632
10,3270
1,5733
4,1618
5,1519
1,352
8,2572
4,1403
1,388
4,1538
9,3257
1,568
1,391
7,2266
5,1989
2,756
9,7055
1,1441
2,659
1,354
1,590
3,1027
4,1301
6,1821
3,1235
9,3143
3,1230
6,1796
8,2708
7,2405
4,11601
6,1892
1,6830
7,2762
1,423
1,536
5,1700
1,497
5,1930
8,10344
1,5216
1,416
1,286
1,566
4,1396
4,11613
7,2527
1,475
2,808
1,584
1,470
1,512
2,748
2,848
5,1905
10,17221
1,585
3,884
4,20000
5,1960
4,9275
5,2713
2,785
4,1624
4,1427
3,1071
5,1677
1,524
1,673
5,15323
1,555
2,921
9,2914
3,1269
3,1279
5,1986
5,4607
1,458
10,3442
4,1340
1,592
7,2294
1,609
3,952
2,898
5,1996
1,346
6,10262
6,2011
1,468
1,544
1,403
1,496
3,1320
1,488
1,600
1,319
1,557
9,4219
6,15311
6,2119
6,5470
10,31622
4,1512
6,1908
3,1434
1,565
4,1362
4,1777
6,2003
1,456
2,760
8,2777
1,401
5,7776
5,1782
1,1055
1,481
3,1067
1,321
6,5939
1,478
5,1655
7,13985
2,4090
6,2415
5,1718
1,588
1,614
5,5120
2,811
1,579
1,446
7,2360
4,1265
1,445
1,484
1,376
8,12892
1,435
1,445
1,476
1,4993
3,1277
7,2948
1,520
1,418
1,456
2,770
4,36001
1,416
1,476
3,1115
10,2903
1,400
4,1398
5,2690
1,436
1,407
1,620
1,787
1,452
1,502
5,1754
6,36636
1,373
1,696
1,377
6,16419
1,451
1,429
1,488
1,709
1,543
2,877
1,568
1,766
1,415
6,2068
7,9292
1,651
1,526
1,421
1,551
10,17067
8,2280
2,25281
9,3154
1,472
1,667
1,438
5,1802
1,428
10,3823
1,505
1,464
1,438
5,1836
3,1274
2,669
5,1781
1,439
10,12739
1,644
1,473
1,638
8,2923
3,1173
7,2505
4,2790
1,350
1,433
6,2072
6,2676
1,360
5,1640
6,31177
1,397
3,2049
1,464
1,445
9,3067
8,2444
5,1664
6,2389
2,639
1,449
5,1975
1,516
1,477
4,1419
1,311
1,580
1,834
1,577
1,421
7,2490
3,1081
3,1469
1,348
1,397
1,455
5,1815
1,513
1,1198
5,1755
4,1410
1,552
1,699
1,419
1,349
10,6356
5,1675
5,1695
1,474
7,3174
5,1488
7,2369
1,532
10,3197
2,676
1,401
4,1606
1,690
4,1218
2,957
5,1787
2,666
8,13258
5,1927
1,423
2,932
4,1582
1,511
4,1315
5,1761
1,383
7,2386
1,502
1,1877
4,1385
5,1457
5,1718
1,388
3,970
1,397
3,1059
4,1683
2,1461
4,1370
2,1038
4,1392
10,14258
1,668
1,628
10,3548
2,797
6,2077
1,497
9,4811
1,381
5,1949
4,1597
4,1333
4,1406
5,1733
1,420
1,569
8,2513
4,1494
9,4685
5,1460
2,679
1,538
1,5155
7,2204
10,2614
6,2025
1,581
8,15032
4,1450
4,2159
10,4251
4,18920
5,1777
5,1571
3,1075
7,2262
1,394
1,479
4,1256
7,2931
2,894
3,1008
10,3290
5,1546
5,1340
6,2382
2,956
4,1255
10,3999
2,906
6,2944
1,452
1,461
10,3324
10,3292
1,431
1,614
6,1982
6,2156
6,2652
3,1283
7,3053
1,362
8,2032
4,1451
5,1660
1,408
1,464
4,1469
8,2795
4,3459
5,2398
6,2111
1,659
1,722
1,574
5,1825
1,468
1,407
9,2825
4,1326
1,351
1,453
7,2702
8,2467
9,8061
2,1199
1,537
2,822
1,646
4,1467
5,2971
7,2946
6,1631
10,2807
4,1313
1,422
1,457
3,977
5,1676
1,558
1,389
4,1395
9,3198
4,1440
3,987
5,2033
7,2637
10,3285
5,1169
9,3342
1,368
1,473
8,2569
10,3504
4,2890
1,459
7,2513
4,1667
3,1124
5,1804
2,797
1,741
5,1581
7,1519
6,2085
1,375
1,400
3,1177
2,685
10,3289
1,565
5,1459
10,3410
4,3270
9,3095
6,2258
2,1892
1,436
10,2832
2,921
5,1274
4,2701
6,2080
1,447
8,3238
8,2822
2,765
4,1436
7,23867
4,1406
2,1004
10,8901
1,623
8,2724
2,789
5,1611
8,2678
1,515
10,2214
7,2270
10,8509
7,6689
7,2534
10,2972
10,3339
4,1234
4,1575
4,1498
1,643
1,573
3,1162
3,1096
1,722
9,3365
4,1470
6,1955
10,3084
4,1416
7,2324
5,1874
4,1449
3,1215
10,3379
1,621
1,758
2,839
5,1650
4,1498
10,3152
1,339
7,2020
6,2171
8,3042
3,1086
7,2431
6,2446
8,4201
9,2331
6,1878
4,4194
5,1710
5,1836
5,1379
1,358
9,2860
5,20567
3,1111
1,584
6,2091
5,1776
2,743
4,2097
9,2978
1,494
3,1226
9,2925
2,752
9,2116
10,2673
6,1974
3,12565
8,2795
10,4963
7,2608
6,2600
2,943
3,6016
10,3606
1,315
1,531
10,2254
5,1520
9,5952
10,3498
4,1508
8,12308
7,4993
1,584
10,22086
6,2133
1,589
10,3404
6,1980
1,284
10,3835
5,1393
6,8534
5,1926
10,2188
1,474
7,2380
5,1663
6,2241
3,995
1,517
9,3229
6,6816
1,268
1,503
7,2595
7,1673
5,1677
6,2580
1,568
3,1330
2,926
1,565
1,474
1,495
10,3114
4,1470
6,2207
1,488
1,303
8,2613
8,1929
7,2219
8,3039
1,658
1,494
8,2944
2,678
1,528
3,1341
5,1097
3,1273
1,528
1,272
1,268
4,1372
5,1132
4,1421
5,1640
9,3009
6,2166
4,1476
2,1114
1,525
4,1149
1,416
10,4439
3,1240
1,402
1,268
1,509
1,246
4,1427
10,13978
1,305
1,518
10,3520
1,430
6,2214
5,1646
1,352
7,2590
4,1259
1,463
1,275
7,2424
10,2781
5,1592
1,576
1,281
1,591
5,2030
1,447
1,413
9,3781
1,468
8,2630
5,1729
10,3562
1,294
1,623
1,417
6,2138
1,478
1,265
1,472
10,3322
1,564
3,1133
10,3213
1,441
4,1510
9,3355
10,4010
5,1490
1,504
9,2161
2,817
5,1373
1,265
1,513
8,2527
1,419
1,1381
9,4348
2,556
1,504
9,6280
1,386
10,6553
9,3745
10,2889
1,334
1,499
1,270
1,511
2,853
1,576
1,644
7,2053
1,362
7,2549
10,7746
1,278
5,1233
1,4036
1,361
9,2904
1,241
1,252
1,440
6,1532
1,263
1,576
1,476
1,346
10,7891
7,2511
1,257
10,3086
1,503
10,2644
4,1445
1,270
1,272
1,589
10,2470
1,294
1,497
6,2229
1,368
1,539
6,2184
1,446
4,990
1,738
5,1899
10,3325
1,244
1,249
1,582
5,1391
1,461
1,437
1,481
1,498
3,1004
5,1749
1,325
1,660
3,1255
10,2511
3,924
1,483
10,2666
3,1931
1,555
1,393
1,309
5,1716
1,451
1,407
1,539
7,1722
5,1379
1,502
10,3343
7,2216
1,497
7,1899
6,1975
1,565
3,920
1,637
5,1770
7,2013
6,3385
5,1870
10,3572
10,3615
6,6311
9,2952
8,2608
3,1018
10,3627
7,2683
1,416
8,2210
4,1658
1,453
1,633
1,403
1,416
10,3379
6,1559
1,451
5,1547
4,1532
1,348
10,3041
5,1229
1,336
3,1133
10,3302
1,471
4,1587
1,377
1,626
10,3454
10,2474
1,592
1,361
1,369
1,468
10,2455
10,3920
1,367
10,3386
7,2643
1,481
9,2870
1,406
1,665
10,2639
9,2644
1,595
1,277
10,3380
1,469
3,899
7,2430
1,267
10,2440
9,6955
1,491
5,1835
1,453
1,563
10,3101
10,3249
1,551
1,245
7,2287
1,527
10,2664
3,1098
1,305
7,2060
9,3147
1,415
10,3135
5,1249
1,503
3,1102
7,2402
4,1625
1,232
1,430
10,3677
2,804
5,1756
1,361
5,1503
5,1809
1,389
8,2424
1,400
1,633
10,2570
10,3273
5,2955
1,254
1,478
2,983
10,2503
5,1588
1,350
10,3412
6,1968
1,521
2,898
1,359
1,352
3,974
10,2534
2,810
1,461
1,1439
8,2885
3,1000
5,1830
1,310
10,2424
2,929
1,384
6,1877
1,334
4,1089
1,446
10,2339
7,2929
1,274
3,1034
4,1852
8,2752
3,1151
1,243
5,1448
1,481
1,384
1,290
1,486
1,269
5,1888
10,2447
10,3655
1,231
1,1515
10,2583
7,2559
2,723
10,2216
1,392
5,1885
5,1455
5,1646
1,1702
1,336
10,3938
10,3117
6,2332
1,246
1,368
7,1888
10,2953
4,1714
9,2002
4,1366
2,968
3,1142
1,380
3,1040
1,435
7,2514
3,1125
5,1614
1,243
6,2763
8,2960
1,548
9,3527
10,3407
9,2612
3,1289
2,788
10,2286
4,2555
1,304
9,2485
1,385
8,3348
10,3382
1,496
2,747
10,3354
10,2408
10,3332
10,2476
4,1333
8,2126
9,2521
2,1017
5,1516
10,3538
1,238
5,1957
10,2474
1,461
6,1696
10,3407
7,1780
5,1327
10,2091
10,3138
4,1447
10,2387
5,1716
6,2154
5,1089
1,252
2,805
10,2332
1,544
10,3582
10,3100
10,4131
10,2332
5,1015
9,3603
10,3309
1,553
9,2970
8,2561
1,225
1,393
9,3091
10,2441
1,422
1,497
1,625
8,3195
5,2047
8,1810
8,3143
7,1673
10,2511
6,2164
9,2946
1,238
1,268
5,1502
10,3239
1,542
10,2446
1,406
8,3501
10,3269
6,1296
7,2511
5,1637
10,3627
7,2683
10,3415
1,356
1,241
3,1555
10,2277
4,1268
5,1298
9,3305
1,509
7,2421
10,3242
5,2272
8,3028
10,3547
8,2921
5,1501
1,239
1,226
2,809
10,3439
5,1303
9,3015
1,409
1,483
10,2916
5,1240
10,3572
10,3860
9,2991
5,2111
10,3123
1,279
1,248
5,1698
3,1144
7,4555
1,359
1,411
6,1380
10,3564
6,1251
6,1667
2,791
3,1202
5,1390
2,789
1,307
1,238
1,399
1,511
10,3252
10,2405
1,438
10,3336
10,3128
1,264
1,390
6,1466
10,2208
3,1064
10,2623
1,394
1,263
10,3589
7,1685
6,1958
5,1481
1,418
2,659
3,1224
2,436
10,2642
5,1333
1,425
2,634
5,1368
10,2427
10,3444
7,2232
10,2258
5,1719
10,2956
1,408
9,2621
10,3208
1,272
1,363
1,531
1,247
4,1395
1,519
10,3295
7,1652
10,2699
1,337
3,1110
10,3556
1,290
1,356
10,2853
1,585
5,1175
10,2214
1,238
10,3340
10,2808
1,336
10,2177
8,2524
9,1900
5,1607
9,2277
1,324
1,293
10,2808
1,264
1,239
10,3583
1,249
9,3177
10,3564
1,268
5,1587
8,2858
7,1555
10,13405
1,379
1,268
1,332
3,851
1,278
1,249
9,2228
1,245
7,1811
9,3191
1,372
1,451
5,1930
10,2038
5,1742
1,260
10,2625
1,673
1,412
1,323
1,251
1,503
1,247
5,1244
10,2390
9,2205
3,1036
1,478
10,3351
3,1162
1,237
9,3144
1,465
1,470
1,446
1,310
10,2340
1,430
8,2788
1,318
10,2511
10,2346
1,258
9,2962
2,819
1,243
10,2734
1,558
1,424
1,341
1,329
10,3045
1,439
10,2916
10,2990
10,2316
5,1198
1,247
3,1045
4,1434
1,233
10,4124
1,279
1,406
1,271
1,298
10,2752
1,574
6,1808
10,3046
10,2596
10,3415
1,417
1,485
9,2871
1,243
1,608
1,279
1,1006
1,266
1,432
1,646
1,511
1,420
1,493
10,3650
9,3079
1,443
1,327
10,3231
1,253
10,5363
1,266
1,384
4,1462
1,331
1,478
10,2377
10,2461
1,460
1,395
10,2580
10,2827
1,608
5,1727
1,278
4,1080
1,275
1,349
10,2850
1,409
1,304
7,1830
5,1402
1,365
10,2664
9,2053
1,574
1,279
7,2185
1,508
10,2789
10,3513
1,347
10,3527
1,452
1,253
10,2796
1,535
1,319
4,1688
10,2220
1,482
1,293
8,2492
10,2650
4,1393
10,3219
1,340
10,2199
4,996
1,259
10,2703
1,546
1,669
1,422
10,2131
1,393
1,268
10,3199
1,586
6,2238
1,302
1,249
10,4353
10,2133
1,428
10,2611
1,491
9,2821
9,2141
10,2981
1,388
1,474
6,1392
10,2989
3,934
10,2084
10,3270
10,3877
10,2415
1,422
10,3008
1,441
1,259
10,3310
1,318
1,530
1,430
1,385
7,2212
6,1666
10,3258
7,1535
10,2847
9,2172
9,2282
3,902
1,686
1,484
3,948
10,3504
2,888
1,558
10,2656
10,3198
10,3198
9,2515
10,2427
3,1251
1,716
1,300
10,2403
1,465
1,375
6,1758
1,335
1,659
1,380
1,319
10,3028
1,263
10,2536
10,2697
2,633
6,1576
1,276
7,2345
1,277
1,385
9,2319
1,279
4,1368
10,2787
5,1712
10,3103
10,3150
7,2434
7,2129
5,2014
10,3473
1,285
10,3635
1,384
1,272
10,2187
1,246
9,2391
10,3281
1,345
3,1411
10,3291
10,2911
10,3504
7,2618
9,3053
10,3837
1,494
1,347
10,2569
1,253
1,217
1,479
10,2116
1,419
10,3572
7,1948
10,3310
3,1213
8,2132
7,1677
7,2308
10,2406
1,273
5,1118
1,243
1,516
10,2413
10,2707
1,471
3,1077
1,425
10,2502
10,2751
10,2391
10,2402
10,3631
10,3014
1,292
10,2336
1,263
1,344
5,1410
10,2408
1,352
10,3157
1,409
3,1478
9,2912
7,1624
10,3203
10,3255
10,3148
10,2564
5,1613
1,271
1,317
6,1297
10,3405
1,274
7,1587
9,2768
10,3481
10,3441
3,1010
10,3291
10,7256
9,3183
10,2924
10,2514
1,223
1,260
10,2743
4,1423
1,247
7,2318
1,242
10,3838
10,2367
5,1305
10,2415
3,902
7,2503
9,2057
10,3204
1,242
1,582
9,2534
3,782
1,336
10,2347
1,381
3,814
10,2881
10,2826
3,820
10,3003
10,2439
10,3425
10,2649
1,300
1,274
5,1412
3,1207
1,231
3,896
1,254
10,2389
1,364
3,1182
10,4947
10,2807
1,298
1,420
10,2447
1,622
10,2197
10,2358
6,1273
1,226
10,2604
1,309
7,2117
10,3784
1,471
10,2538
1,453
1,271
5,1536
3,839
1,661
7,2059
10,3443
10,2561
1,340
10,3199
1,338
1,474
10,3744
1,433
10,2456
1,317
1,267
5,1595
10,3741
7,2231
10,2255
7,1866
1,306
9,1956
10,2809
1,428
1,283
4,1515
9,2417
1,498
1,270
1,239
9,2996
10,2742
10,2516
9,2163
10,3405
7,1736
1,353
1,434
1,274
1,364
1,646
7,1751
1,304
1,305
1,236
10,2330
7,1789
1,282
3,852
10,3089
7,2499
10,2792
1,234
1,263
1,359
1,376
1,262
1,623
1,655
1,243
10,3703
10,2501
1,445
1,451
10,3349
10,2065
10,2607
1,224
1,461
1,352
1,414
1,268
1,380
1,505
1,243
10,3377
1,291
1,535
3,769
3,1230
7,1744
10,2313
1,234
10,3251
1,334
1,320
1,313
1,614
1,609
1,225
10,2225
10,2858
10,3209
10,2110
10,3305
9,2476
10,3462
1,240
10,3551
1,254
1,287
1,249
1,811
1,351
1,512
10,3350
10,2506
10,2834
1,369
1,364
3,869
9,2093
1,267
10,2523
1,379
1,295
1,284
1,415
1,394
1,283
10,3085
1,499
10,2230
7,1622
1,247
1,498
10,2410
1,249
2,633
1,435
1,421
1,256
1,366
1,379
10,2244
10,2305
1,415
2,616
9,2838
1,233
1,488
7,2241
1,239
9,2565
1,375
1,394
1,276
1,370
10,2153
3,777
10,3528
1,488
10,3828
10,3442
1,289
1,319
10,2156
1,250
10,3686
1,407
1,367
1,254
1,358
1,478
10,2265
1,484
1,357
9,3228
2,684
1,280
1,250
10,2167
1,276
5,1928
10,3094
1,354
1,474
3,1254
9,2101
10,2326
1,289
1,365
8,2809
10,3232
1,235
1,249
10,3137
10,3237
8,1961
9,1952
10,2729
10,3335
5,1603
10,2212
10,3164
1,271
1,327
3,1163
10,2690
1,246
1,289
10,2501
10,3275
2,648
1,521
3,998
10,2341
10,2868
1,442
10,3405
1,255
9,3028
2,677
10,2910
10,2273
1,239
3,716
9,2177
5,1414
10,2573
6,1950
10,3468
10,2258
9,2983
4,1756
1,245
1,328
10,2412
2,592
1,333
1,234
10,3357
10,2536
4,1232
10,3671
10,3663
10,5685
7,1517
10,2551
10,15488
3,651
1,283
10,2579
10,2080
1,338
1,231
1,392
10,2402
8,1962
9,2594
7,1537
10,2651
1,365
10,2262
3,3128
1,297
1,422
4,1019
8,2684
1,386
1,244
10,3466
1,506
10,2968
10,3341
10,3308
4,1212
5,1334
1,355
6,1449
1,374
1,435
7,1898
1,387
3,1107
10,3508
1,262
10,2334
2,499
9,2354
7,2603
4,988
10,2614
10,2521
10,2876
1,260
10,3467
8,1866
1,240
5,1291
10,3040
1,266
4,1468
10,2134
10,2372
3,1181
9,2777
9,3182
3,1181
1,355
1,285
7,1798
10,2223
1,326
7,2301
10,3002
1,279
10,3185
10,2464
10,2073
10,3282
3,766
9,2281
10,2390
10,2322
1,260
10,2562
1,244
1,286
1,368
10,2698
1,311
3,1086
6,2080
10,3456
2,1100
6,1386
10,3043
7,1662
10,2878
10,2712
3,966
1,255
1,338
10,2111
10,2878
1,276
10,2460
1,529
1,349
10,2329
6,1997
10,3422
10,2845
7,2540
10,2475
10,3125
1,215
1,253
7,1541
2,679
1,282
6,1397
1,692
10,3057
10,3092
10,2306
10,2187
1,266
9,3095
7,1879
10,2666
1,600
1,313
5,1096
8,3019
1,666
10,2890
8,2054
4,1105
10,3437
7,1608
1,568
1,349
7,2359
10,3366
10,3530
1,393
1,247
10,2361
10,2800
1,571
7,1717
1,683
10,2200
2,669
6,1315
10,3467
1,232
10,3296
7,2836
4,1405
1,373
1,258
9,3043
10,3097
1,336
10,2495
1,407
1,543
8,2745
1,268
10,2886
1,235
1,306
3,1108
10,2295
6,2053
1,285
3,1166
2,452
3,992
10,3204
1,382
6,1335
10,2587
7,1858
10,2564
1,254
1,544
10,3701
3,851
1,437
8,1865
10,3145
3,939
1,631
1,501
1,407
1,283
8,2090
3,804
1,358
1,310
1,344
10,3392
10,2324
10,2462
8,2375
10,2095
4,1058
7,1983
1,381
1,461
1,431
2,846
1,402
1,248
1,439
1,254
10,3247
6,1770
1,390
10,3342
9,3219
8,2424
1,494
1,321
1,770
1,345
1,394
1,408
1,267
1,442
1,288
10,2559
10,2349
1,403
10,2485
10,3383
10,2424
9,2299
1,239
1,602
1,398
1,377
10,2902
1,247
9,2790
1,256
10,2629
1,271
1,358
4,1399
1,383
2,815
10,2033
1,254
1,419
3,864
1,340
4,1985
1,242
1,402
1,456
10,4024
7,1847
3,1294
2,1013
10,3364
7,2559
10,3028
1,265
2,903
1,268
1,709
1,783
1,236
1,370
1,459
10,3170
10,3306
2,695
2,977
10,3053
8,2141
9,2523
1,253
3,1109
1,265
1,515
1,293
1,371
2,696
1,250
10,3405
1,426
10,3516
10,3686
1,438
10,3669
10,3188
1,246
10,3139
1,343
1,362
1,271
1,343
1,444
10,3205
1,553
1,298
8,2933
6,2168
1,242
6,2043
10,2646
1,422
8,2892
1,412
1,386
1,251
1,277
10,3376
1,279
1,238
1,429
2,807
8,2230
1,229
8,2986
9,2266
1,249
2,848
1,273
1,381
1,348
1,235
8,1763
1,384
1,235
1,466
6,2845
10,3661
1,250
2,1173
10,3786
1,265
8,2955
3,888
1,362
1,268
3,692
9,2895
3,828
1,351
1,500
8,3946
3,1188
1,373
1,661
10,3110
10,2516
7,2174
10,2261
1,270
1,279
4,1432
10,2393
10,2163
1,400
1,394
7,12523
2,678
1,279
1,477
1,401
9,3330
6,2061
7,1704
10,2565
1,249
9,2684
10,2565
10,2820
1,367
1,313
2,1002
8,2791
1,224
1,568
10,2176
10,3620
2,820
1,408
4,1222
10,3445
10,3099
4,1318
9,2047
1,385
9,3164
8,2758
10,3483
1,497
1,495
1,452
10,2726
2,830
10,2215
8,3146
1,315
7,1591
2,673
10,2206
1,335
1,535
4,1617
2,695
10,2442
1,489
10,2532
10,2594
8,2792
7,1765
10,2766
2,883
6,1429
10,2159
3,1177
1,265
1,320
5,1617
6,2092
1,242
1,332
1,651
2,1022
4,1594
9,2385
8,2851
10,2508
1,356
6,2396
10,2183
4,924
1,235
1,842
7,2374
1,360
1,363
9,2448
8,2018
8,2787
10,2409
10,2527
10,3429
1,361
10,3517
4,952
1,452
10,3695
7,2019
8,5622
4,1110
1,270
1,241
3,802
2,889
10,5245
6,2260
9,3749
10,2885
1,357
7,1782
10,3396
8,2190
8,3127
1,459
9,2091
1,346
1,243
10,2675
1,519
1,871
10,3440
8,2789
9,2245
1,365
10,2343
10,2276
1,607
10,3699
2,656
3,1097
1,676
1,236
4,1032
8,2750
10,3391
10,3785
2,716
10,2677
1,287
2,444
6,1579
10,2869
9,2327
1,478
6,1490
1,533
1,245
10,2074
9,2066
10,3123
2,758
5,1649
1,413
1,260
10,2741
10,2635
2,782
1,493
1,541
1,419
10,9243
1,228
7,2236
10,2384
2,700
10,4156
10,2156
10,2647
1,295
10,3166
7,1984
2,649
5,1217
1,591
7,1593
6,2217
1,230
10,2405
8,2057
9,2587
1,570
4,1082
10,2713
1,353
6,2390
3,1076
10,2484
1,266
1,449
10,3420
5,1567
1,242
10,3280
9,3445
10,3924
3,1319
8,2653
10,2902
8,2915
1,353
10,2920
9,3089
1,287
8,2686
1,299
10,3688
1,234
6,2104
2,646
2,839
2,2536
5,1552
2,595
1,380
8,3194
10,2588
8,2931
1,18852
1,589
7,1861
8,2092
1,504
10,3430
1,253
8,1742
10,2611
8,2687
9,3448
1,336
7,2489
10,2972
3,1034
3,16465
4,1914
9,2432
9,2678
4,1388
2,776
1,655
1,452
8,1954
10,3402
10,3403
1,371
1,894
1,366
10,3452
9,15154
1,492
3,755
2,925
3,988
1,383
1,387
1,306
9,3318
7,1459
8,2402
1,368
9,3496
10,3235
4,1048
10,9728
1,708
10,2937
4,1466
3,922
1,522
1,573
1,383
2,3953
6,1838
1,341
2,799
1,751
10,2622
10,3159
1,431
1,500
10,3283
5,1774
6,1834
1,451
10,2903
8,1896
8,2830
2,818
1,267
3,1175
1,784
2,572
7,1803
1,366
5,2014
1,386
2,914
1,556
1,647
1,294
1,637
7,2603
1,665
1,261
2,743
1,617
10,3385
2,1005
2,782
1,354
10,3214
8,2981
1,511
1,647
1,456
1,265
6,2008
3,982
1,324
8,2486
1,717
9,3028
10,3681
1,328
7,1858
10,3285
2,1187
7,2362
1,612
1,299
3,1045
2,4532
3,996
1,384
8,2700
2,841
8,2548
10,3359
1,618
5,1509
2,560
1,477
10,2171
10,3571
1,265
1,355
8,2948
1,480
1,354
7,2484
1,387
1,365
6,2046
1,457
2,557
9,3159
9,2997
7,2743
1,3044
1,260
1,349
4,1565
1,584
1,388
8,2731
5,4025
1,259
1,437
1,354
5,1279
10,2838
8,1745
9,3325
3,1258
1,348
1,348
1,499
1,474
1,341
2,807
1,429
1,335
1,726
1,493
10,3260
1,476
5,1251
9,4087
8,3521
1,245
1,307
1,523
1,321
1,355
4,1328
1,335
1,290
1,577
5,1217
3,782
1,248
8,2641
10,3544
1,547
5,1841
1,245
1,478
1,288
1,249
6,1781
1,257
1,311
1,597
9,2028
5,1191
1,230
10,2114
10,2443
1,597
10,3652
4,1366
1,583
1,298
4,1006
10,3140
1,429
1,290
8,2705
10,2739
8,2059
1,310
9,2764
2,1255
1,429
9,2165
10,2973
1,536
1,661
2,765
10,4820
3,1225
1,287
1,492
10,3390
10,2378
1,251
1,373
10,2573
10,3926
10,3557
7,2434
1,499
1,564
10,2237
2,799
8,2838
1,401
1,583
5,1284
10,2943
1,275
10,3208
10,2601
8,3372
5,1381
2,641
1,411
1,621
10,2065
7,2317
10,3560
1,359
1,525
10,3409
5,1528
1,258
5,1572
2,887
2,5151
5,1851
10,2240
1,383
10,3643
6,1721
10,3028
8,2867
3,1114
1,750
5,1711
9,2082
1,293
2,638
10,3948
7,2417
1,449
6,1864
1,303
7,2559
8,2019
10,3325
6,1977
1,375
1,737
1,465
10,2209
1,231
1,385
8,2571
2,830
10,2515
10,3206
1,277
2,967
2,597
10,3175
2,876
10,2342
8,2495
5,1445
10,2307
1,360
1,346
1,576
8,6838
8,2697
1,226
7,2136
10,3676
10,2532
9,2873
5,1804
10,2131
1,469
3,849
4,995
8,2756
1,273
1,414
7,1827
5,2046
9,3181
2,837
2,648
10,3295
3,803
4,1501
7,2455
7,3343
7,1685
10,2532
3,1385
1,248
1,311
2,629
6,1875
8,1828
8,2982
6,2046
10,3055
8,2688
7,2477
10,3186
1,612
10,2430
5,1114
10,2167
1,256
8,2277
8,2441
2,529
1,532
9,2264
8,2583
8,5088
1,582
2,664
8,3088
10,3969
6,2156
1,388
4,1365
1,297
1,387
8,3119
6,2153
10,4218
5,2195
8,2795
1,675
1,424
9,3253
2,1066
10,4000
2,814
1,250
7,1770
1,240
1,327
9,2145
3,1430
4,1399
9,2583
4,1394
3,1587
10,2975
8,1784
10,3760
2,729
10,3624
1,249
2,585
1,237
1,420
3,713
4,2011
2,10460
3,961
2,1039
2,1211
1,327
10,3313
10,3038
2,644
3,1271
1,278
8,1884
1,242
1,313
8,1952
10,3436
10,6657
8,2174
5,2056
10,4436
1,305
3,906
10,3329
10,3333
7,2441
1,279
10,2320
1,356
1,320
10,3489
3,1133
8,3294
2,889
2,941
7,2558
1,666
10,2526
1,628
3,978
10,3584
1,246
6,2096
1,493
1,259
2,840
10,4896
9,7174
1,681
8,2133
2,1142
10,3263
8,2202
10,3302
9,3035
1,586
1,443
8,2533
10,3360
1,257
2,834
4,1745
2,783
1,714
8,2144
10,3604
1,375
1,378
5,2031
2,661
4,1452
1,338
2,607
10,2889
3,1328
10,3886
7,2756
8,2689
5,1599
10,3327
9,13240
1,396
1,700
2,786
6,2181
1,640
1,349
10,3098
6,1300
3,1168
1,471
1,632
6,1896
10,3619
5,1158
7,2349
1,358
2,824
8,2288
8,2748
8,2676
1,337
10,3301
10,3381
4,1090
9,3325
1,916
6,2001
1,483
6,1870
8,3278
1,250
10,3084
9,5331
8,3376
1,568
1,310
3,1309
10,2437
7,1869
1,504
1,607
2,560
5,1324
5,1261
6,2107
1,444
1,869
10,6240
4,3797
1,574
6,1908
2,680
9,1855
3,801
1,283
7,4567
8,2756
9,2137
8,3038
3,1354
1,413
9,2255
2,803
7,2261
1,610
10,2928
8,2818
5,1111
2,486
1,345
1,486
4,1345
10,2674
2,778
8,3258
10,3147
1,348
5,1741
2,797
1,640
10,3628
2,760
4,1332
7,1695
1,289
1,833
1,656
10,3423
5,1410
1,520
10,3304
1,255
6,2050
9,2869
1,556
10,4395
7,2681
5,1229
10,2188
1,321
1,24080
1,511
9,2386
1,381
1,1709
10,4576
1,249
8,5536
8,2151
1,520
7,2502
8,10579
9,2679
6,1425
1,310
1,679
1,651
4,1048
1,361
4,1626
5,1201
1,314
2,819
10,3599
1,733
3,1374
7,2526
8,2346
7,2483
1,354
1,404
1,432
5,1966
1,267
2,1009
5,1463
4,986
8,2688
3,860
1,544
10,4536
2,874
6,2728
8,2712
1,302
1,446
8,4035
10,2604
5,1616
1,775
9,2031
1,292
1,420
8,1963
2,832
3,1342
1,693
10,7170
3,1019
1,286
1,414
2,725
1,391
1,297
1,530
10,2946
1,245
1,560
10,3031
3,1132
7,1935
1,714
3,964
10,3415
1,449
4,1590
1,461
6,1494
1,349
1,574
10,3125
1,252
1,723
1,538
8,2790
4,1486
1,636
1,10242
2,663
10,3215
2,862
1,586
1,461
4,1231
1,556
5,1619
1,227
4,3740
1,635
10,3168
2,790
1,718
2,701
8,2693
5,1364
3,1199
1,643
1,271
1,348
1,479
5,1226
1,234
1,435
1,519
3,950
4,1358
8,4259
10,9784
10,3104
1,378
10,3403
1,565
1,314
1,371
1,436
10,2658
7,1690
1,454
2,756
7,2712
6,2268
1,422
10,3606
2,955
10,2484
6,2029
1,290
7,1543
1,387
1,329
1,504
9,2133
1,439
1,358
5,1870
10,6825
1,616
4,1711
7,2307
10,3020
5,1674
1,234
1,295
1,255
1,421
3,988
10,2688
1,517
10,2473
7,7931
7,2527
1,753
1,582
6,1976
5,1200
7,4499
1,534
1,409
1,399
5,1769
2,723
10,3133
1,559
1,449
2,1034
3,974
1,544
1,472
8,3130
5,1236
3,987
9,2215
1,275
10,2585
7,2451
3,1255
6,1582
1,448
1,410
3,1243
8,17282
1,560
7,8874
2,836
5,1632
7,1622
2,497
1,268
1,532
8,2318
4,1489
3,873
1,498
1,313
6,2316
5,2225
1,556
1,351
1,661
7,1745
2,901
8,2437
1,245
10,2399
8,2535
7,2254
10,3081
10,2540
1,358
3,1236
1,530
3,1050
1,456
1,666
10,2305
3,1380
9,2817
1,334
1,404
3,1134
7,2439
1,278
7,1890
1,243
3,1268
1,386
5,1331
1,430
1,651
7,3815
3,1393
9,2079
1,365
5,1804
5,1555
8,2649
6,1903
9,2395
1,250
7,2734
1,365
2,616
1,879
8,2827
2,763
6,2129
1,442
10,4199
10,3196
10,3013
6,3318
6,2496
8,2661
1,246
1,476
1,359
8,1974
1,772
1,647
10,3638
10,7581
10,2496
7,2356
9,3340
2,701
7,2187
10,9043
5,1275
10,2273
10,4219
1,346
5,1247
1,657
1,688
3,1188
8,2592
1,415
3,1322
9,2175
10,2694
1,406
10,3883
3,1394
1,463
8,2605
1,377
10,2433
1,649
1,558
3,1256
1,446
1,388
10,3561
9,2945
1,395
10,2821
4,1374
1,682
4,1042
3,948
1,646
5,1113
1,526
4,1561
10,4005
1,381
10,2902
10,3330
5,1170
5,1755
9,2753
3,998
2,683
9,2306
5,1964
6,2937
8,1952
1,537
1,384
3,1195
10,3008
5,1329
10,3645
10,2105
10,3153
10,3341
10,3553
5,2067
10,2456
1,586
1,508
2,729
5,2347
1,767
8,4989
9,2907
9,1941
3,1284
10,2705
9,2121
10,3707
10,3511
10,3358
9,2442
7,2475
1,517
10,3496
2,753
1,1269
7,2844
9,11897
10,2454
4,1411
1,417
10,2088
10,3249
4,1597
1,414
6,1311
1,557
2,1829
5,1346
3,4460
1,583
1,17474
1,405
10,3781
1,450
5,1818
10,2788
7,2146
1,586
10,2347
5,1341
3,1178
1,1504
10,2235
8,6802
2,916
4,16864
1,348
9,2292
6,2791
7,1856
4,983
2,726
7,3911
6,1739
10,2675
1,425
3,1174
10,2355
9,6861
2,859
1,513
1,303
5,1797
2,966
7,2082
9,2382
10,3104
1,515
10,2439
1,381
1,289
6,1966
5,1294
5,2198
2,593
10,7617
7,2279
5,1862
3,1227
7,2509
5,1170
3,963
9,3489
9,2257
5,1965
1,275
3,951
9,1927
5,1646
8,1771
1,3956
3,972
10,2825
9,2791
10,3661
1,327
3,942
1,625
9,2516
6,1547
7,16625
1,511
10,2091
10,3367
8,2265
1,2345
5,1707
1,708
8,5717
3,1331
10,3359
10,3292
1,393
10,3199
10,3874
5,18290
1,487
4,1126
6,2980
9,2515
1,4213
10,14663
6,2409
10,3116
3,1524
6,1861
10,3436
1,409
4,953
2,811
2,747
7,2519
5,1553
7,25554
8,2752
10,4092
9,9407
5,1548
7,19247
10,3627
1,368
10,3044
3,1060
4,1202
7,2144
9,2198
5,1866
1,756
2,11423
2,794
9,7259
3,10740
1,541
3,1163
10,3456
1,295
10,3199
1,366
10,2607
10,2826
1,39551
10,3186
10,3488
3,9361
8,1830
9,7687
3,1120
1,325
5,1866
9,29708
1,383
1,478
1,383
1,586
4,1606
1,514
3,982
1,266
3,1139
10,2735
1,1642
7,5887
1,457
2,846
3,1322
1,307
3,966
1,591
6,1415
3,1226
1,522
3,1305
1,282
1,3221
1,539
5,2492
1,577
1,266
7,2581
1,715
1,241
10,24016
1,626
1,378
10,10960
1,387
9,3352
1,279
2,1075
5,1838
1,494
5,1706
1,234
3,1138
1,759
1,243
1,392
2,1031
1,297
8,3000
1,391
3,1209
1,232
6,5719
10,2274
1,25587
9,2931
1,258
3,1449
2,1290
1,306
8,2907
1,2438
1,302
3,6490
1,372
7,2613
1,479
5,2091
10,2964
9,3044
1,448
1,415
6,2203
1,408
1,235
7,2400
1,456
1,242
1,654
3,1643
5,1969
1,311
10,17371
9,2212
2,917
1,560
1,375
1,530
1,390
1,275
1,347
3,1125
1,236
1,815
3,1204
7,2297
1,315
3,1161
10,3492
6,2042
7,2467
1,239
1,568
1,523
1,239
1,524
8,2615
1,248
7,2594
10,2982
1,576
1,699
1,652
5,1315
1,517
1,437
1,238
1,589
1,522
7,1720
1,493
7,2082
1,341
1,440
10,3492
4,1437
1,449
3,1267
5,1548
8,2626
1,579
4,875
1,664
1,551
6,1581
1,522
10,3726
1,270
1,24619
1,384
3,1000
6,1572
8,2843
10,3552
1,448
1,567
8,2574
1,561
1,755
10,3060
1,503
5,2148
1,334
1,498
1,292
3,1484
1,257
4,2667
1,399
1,512
1,592
6,3271
1,647
1,538
3,1364
1,416
3,1187
1,373
1,668
9,2041
5,1724
7,1922
7,2473
1,395
1,836
1,351
10,3416
1,474
1,659
10,3520
1,408
7,2456
7,1555
1,528
5,1735
7,2353
10,3221
5,1841
1,441
7,2707
1,537
3,1358
1,761
1,577
4,1614
1,406
2,827
10,3385
1,633
5,5032
4,1316
6,2975
9,4170
1,322
5,7120
1,594
10,3692
1,1071
1,752
3,1284
7,2156
3,1214
10,2240
3,1181
7,2555
7,2320
3,1497
7,2606
1,406
1,3786
1,553
2,5156
10,4018
5,1749
10,44010
4,943
6,2039
10,6095
10,5186
7,2491
6,2048
3,1057
1,554
1,305
5,1865
2,788
4,3075
1,519
1,343
7,2067
2,622
7,3868
3,2993
1,620
4,1335
8,2577
10,4121
1,370
1,341
10,8519
1,395
7,2356
6,2763
4,1252
1,614
3,1156
10,3413
3,1194
1,524
3,14685
7,2254
10,3819
1,459
5,1534
2,1048
4,1588
1,438
1,2713
4,1471
2,761
8,2685
1,408
10,5506
1,468
1,338
5,2143
4,14807
1,393
1,369
3,1032
5,1977
5,1569
5,6681
9,2824
4,1691
3,1128
5,1623
7,2765
3,1180
1,413
1,408
7,2454
1,413
1,420
3,1273
3,1242
2,778
3,1052
8,10501
3,1036
10,3179
3,1028
1,754
9,3090
5,1835
1,573
8,2358
1,442
1,276
7,2945
7,5083
4,1498
9,2961
6,6701
9,3238
5,1769
8,2692
5,1986
8,2657
9,18531
1,510
4,1918
1,607
1,274
10,3822
8,2770
8,11966
1,505
7,3788
6,2472
6,12116
2,1004
2,896
7,2496
7,43007
1,429
2,800
1,486
6,1816
5,1772
6,2076
5,1694
4,1222
3,1281
10,10014
3,1027
1,484
3,1213
7,2521
9,8676
1,570
3,1104
1,508
7,1967
3,1456
8,2664
3,4729
1,509
3,24360
6,4212
7,2281
3,1261
9,2949
3,1222
5,1816
1,456
2,787
1,392
7,2381
2,893
4,7464
7,2244
7,2542
6,2064
5,5609
2,784
2,938
8,2984
7,2582
3,1057
3,1114
10,3603
1,602
4,1496
8,14177
6,2176
5,4060
5,1683
1,18735
3,1347
3,1137
5,1961
5,1945
2,833
6,1960
1,400
7,2312
1,607
6,2235
1,463
5,7680
6,2137
9,2983
3,1147
7,2803
6,2172
7,3588
10,8720
3,1220
6,2662
6,1813
6,6454
3,1085
3,1370
2,838
2,860
2,726
4,1642
6,1936
1,1060
7,2785
1,483
7,18620
6,2369
1,623
1,339
5,1850
4,1371
10,3984
3,1895
3,1164
3,1112
1,995
2,968
4,2350
3,1304
8,3117
5,43229
1,490
2,1005
1,697
1,563
4,1309
3,3600
7,2560
1,493
10,7756
3,1566
10,3547
4,4452
5,1560
9,3396
3,32620
5,1967
4,2354
1,570
7,2270
3,2594
3,1593
5,1675
6,7759
3,999
3,946
5,1854
1,418
1,495
1,615
2,966
3,2167
6,2153
1,618
1,431
3,881
4,1269
9,5546
8,2683
9,54656
1,400
3,993
3,1546
10,2886
3,1249
3,1389
5,1832
4,1617
1,645
1,451
5,2012
7,2081
8,8251
7,2586
1,330
6,3234
1,4484
1,395
5,4846
1,600
7,4659
7,30728
9,3409
10,3646
5,1653
6,2483
2,896
1,572
4,1422
6,5694
5,3705
7,14750
1,547
1,469
1,466
1,1671
10,3417
6,2230
10,2610
1,379
7,2783
6,1917
1,601
6,2296
10,71376
3,957
2,906
1,567
3,1268
1,457
3,1243
1,10208
6,2215
2,814
3,1147
6,2029
3,1005
5,1786
2,988
1,435
7,2503
1,382
3,1308
5,1362
1,405
1,470
3,1291
1,350
6,2060
1,373
8,20717
8,2681
1,504
6,2805
1,446
7,2379
8,2854
6,2246
3,1023
1,460
1,664
3,2086
6,2490
1,676
1,946
6,2083
10,3163
1,524
6,2264
1,512
4,1352
3,1336
1,429
7,2271
1,429
1,434
5,1620
8,2897
9,2765
1,421
5,1641
7,2320
1,517
3,1220
2,734
7,2730
7,2550
1,509
1,388
1,351
1,382
7,1861
4,4108
4,1564
1,360
7,30879
5,1834
1,514
6,2076
1,438
8,2994
5,2717
1,376
5,1684
1,405
6,5181
1,556
1,1766
4,1225
1,460
1,1289
3,1054
2,783
4,1537
1,331
5,1808
9,3271
1,418
9,2817
1,493
5,1167
5,2482
6,2298
1,508
3,1038
2,826
4,1367
4,1496
1,520
1,2123
6,1898
8,9784
1,349
7,2260
1,496
1,286
1,546
1,728
8,3601
1,402
4,1471
1,438
1,581
1,560
1,370
3,1166
1,457
6,122318
1,433
3,1153
1,428
9,6199
1,514
4,1395
5,1712
6,2271
1,359
1,395
1,3296
1,344
6,3130
1,520
1,1114
1,419
4,1426
1,523
7,2550
1,312
6,2159
10,3804
4,1242
1,406
3,1121
8,3002
1,458
1,544
3,1099
10,14054
1,426
3,1248
1,307
1,407
1,429
6,13326
6,2000
1,492
2,668
1,605
1,552
6,2156
1,463
1,612
7,11585
1,439
6,2176
1,699
1,485
1,544
1,503
5,1778
8,2976
7,2241
1,411
1,588
1,1638
1,567
1,556
7,2728
1,476
5,1938
1,594
1,1286
4,1477
6,2195
3,1365
5,1694
1,2907
1,383
4,7394
5,1831
1,669
1,623
9,2604
1,379
7,2701
7,2377
1,596
1,522
9,4284
3,1315
6,2041
1,386
5,1778
1,1094
3,996
1,713
1,434
2,695
1,448
6,2040
5,18364
1,451
1,515
9,17664
1,456
4,1302
3,1139
1,337
1,719
3,1278
1,532
1,498
4,1532
1,408
4,1524
10,18320
1,445
4,1813
1,335
10,3546
6,15624
1,475
3,1022
4,1595
8,4349
1,391
1,644
3,1209
1,558
8,2650
1,425
1,485
1,474
3,3031
4,1483
6,1568
1,418
7,2453
1,950
4,1329
2,900
1,614
1,460
5,1661
7,11712
2,961
1,399
5,1599
6,4298
7,2637
9,5246
1,375
8,2575
1,778
7,2434
1,485
1,675
8,2515
3,1168
5,1868
5,10254
1,439
6,1708
9,7884
5,1614
1,476
3,1181
6,28026
1,535
5,4171
1,526
7,2571
6,2177
1,415
1,533
5,1773
1,450
3,1191
4,2474
9,3121
4,1080
6,2332
6,1998
5,1816
7,2534
4,1581
1,412
1,597
4,1327
6,3059
3,1039
4,1539
5,1433
5,1332
7,6793
1,286
1,4247
8,17312
4,1563
1,681
6,2026
4,1832
3,1713
3,1083
2,848
9,3035
3,1031
8,2766
4,1228
3,1633
1,466
1,404
7,25670
4,1540
4,1682
1,336
3,1247
1,443
5,1745
4,1091
8,2815
8,2686
10,3374
6,2099
10,7432
1,1126
2,856
3,861
10,2627
3,1057
1,474
3,1204
4,1577
5,1478
6,2034
1,465
3,1138
10,3469
10,3275
1,366
1,363
1,466
1,680
10,2489
1,549
6,2126
5,1604
3,1148
4,1562
4,1463
1,437
5,1777
10,2555
3,740
1,3851
1,397
10,3250
2,916
3,1388
3,1170
8,2881
5,1870
5,3847
7,2244
1,551
3,1838
7,2420
4,1631
8,2393
9,6567
1,446
5,1743
6,2245
5,1636
3,1072
6,2291
4,1643
3,1265
6,2260
8,3193
4,1295
7,2266
2,931
10,3275
9,2802
1,399
3,973
4,1586
6,2258
5,1813
6,2187
6,1998
5,1927
7,2133
6,2114
3,1313
1,459
7,2567
5,2002
1,550
1,441
3,1137
4,1657
10,3180
7,2674
4,1504
7,2582
7,2620
5,1629
6,2058
3,1270
6,1969
10,2513
10,3501
9,20161
4,1221
1,454
1,670
6,1818
7,2532
5,1651
6,2213
8,3173
8,2645
6,2464
5,1960
6,2010
10,2342
6,2036
3,1016
1,374
8,2696
8,2707
7,1972
4,1527
4,1344
5,2001
4,1288
6,2302
4,1569
5,2050
4,1315
10,2277
4,1167
5,1742
1,346
7,2609
6,2420
10,3231
6,2239
4,1505
5,2184
6,2263
1,903
6,2190
7,2421
5,1814
7,2327
2,819
7,2769
3,800
10,3131
6,4882
10,3350
8,2641
1,570
6,2441
7,2706
2,1019
9,9482
6,2068
3,1208
10,2651
1,455
3,1285
5,1808
5,1852
6,2511
10,3125
7,17089
4,1564
2,985
6,3360
4,1610
5,2035
4,1376
6,2214
10,2559
1,274
1,326
6,1518
1,431
6,3256
7,2315
5,8978
10,3797
4,1712
5,2018
7,2632
4,1356
8,2431
2,1065
1,417
1,359
4,1211
4,1493
10,3095
4,24608
10,2328
6,2376
5,1793
7,2413
5,1806
6,2190
4,2128
7,11193
4,1614
1,610
7,2109
1,6926
10,3522
9,2835
9,9455
10,3110
1,451
6,1721
6,2183
1,338
1,643
1,637
6,1629
6,2693
1,407
1,412
1,423
8,2460
7,9117
4,1416
10,3239
6,2106
4,1489
1,649
1,497
6,2625
1,460
5,1776
6,2255
1,434
1,461
7,2431
7,2307
9,2415
4,1553
3,994
6,2602
8,2794
8,2944
1,471
6,2312
1,371
5,1666
1,609
10,3929
1,394
6,2264
5,1726
1,442
1,506
1,392
3,4824
3,1182
6,2114
1,400
8,11773
1,302
1,422
6,2115
1,396
1,553
7,2366
7,2229
1,461
1,500
1,258
1,700
10,3732
6,2514
1,724
3,1192
1,629
1,503
8,5834
1,479
1,432
8,7221
4,1423
1,460
1,431
1,242
1,486
5,1830
3,1643
1,666
1,553
5,1669
6,2170
6,2304
1,274
1,450
1,2099
6,2024
1,354
1,487
1,490
1,512
10,3548
6,19398
6,1792
6,14520
1,429
1,373
6,2132
1,246
1,290
6,1962
2,784
1,316
1,632
1,318
1,796
4,1427
4,1502
1,431
1,512
1,320
1,338
4,1339
1,345
10,2358
1,923
3,783
9,3220
10,3361
1,263
1,668
6,2220
9,2602
1,497
1,438
1,475
1,461
4,1397
1,458
10,2249
1,600
9,3102
9,2903
1,362
1,233
1,477
2,776
1,491
1,425
1,412
1,440
4,1983
1,433
3,1075
10,3376
5,1637
10,2490
3,1194
1,383
1,259
2,867
7,2630
1,433
1,506
4,1325
1,418
1,522
1,544
9,2854
7,2275
1,632
10,3318
3,1004
5,1813
1,252
1,912
1,522
1,521
1,511
1,666
6,2071
1,464
9,2778
10,3585
10,3248
3,1320
7,1830
4,1227
1,355
1,286
4,1677
1,287
4,1423
6,1938
9,3966
4,1731
2,874
1,441
10,2520
10,2308
1,448
10,2223
3,767
1,420
10,2719
1,361
1,282
1,465
2,781
1,567
8,3247
1,471
1,446
1,260
3,869
1,477
6,1630
5,1686
1,377
9,2845
1,631
1,347
4,1545
7,2059
1,595
10,3259
1,470
4,2192
10,2464
10,2393
9,13372
1,418
5,1629
4,1328
10,3475
4,1715
1,479
1,460
4,1418
1,645
3,1168
4,1486
1,463
10,2721
9,2054
1,425
10,3111
8,3580
6,1957
10,3552
1,428
1,371
1,401
1,487
1,667
10,2571
6,1999
1,480
10,2299
10,3055
1,428
3,817
7,2263
4,1118
10,3643
4,1668
1,345
1,559
6,2154
4,1394
4,1595
1,439
1,687
10,2976
10,3253
1,368
4,1056
4,1402
10,3170
1,556
1,521
1,245
1,504
8,13257
1,2518
6,1632
1,481
4,2595
10,2437
10,2253
1,447
1,367
7,5189
5,2087
10,3528
8,2990
1,239
8,4901
6,2171
4,1364
2,860
6,2175
1,460
10,3368
10,2352
1,461
1,243
6,2010
10,2945
10,3124
6,2262
1,248
1,372
3,993
7,1726
7,2376
1,652
4,1698
10,2657
1,492
4,1493
1,241
5,1663
6,1883
10,2507
5,4696
10,3215
1,439
4,1349
6,1457
10,2492
8,3047
1,610
8,4126
10,3323
6,2117
1,246
1,399
4,1552
10,3762
6,2131
10,4287
5,1938
9,3220
4,1323
10,2392
5,1950
1,583
10,7019
10,2587
8,2931
1,281
1,485
6,2246
8,2987
9,3124
10,3227
2,981
4,1449
8,2513
10,3407
6,1900
5,1709
10,3252
1,444
1,381
1,269
5,1869
10,2350
10,7455
1,506
7,1744
6,2379
5,1344
10,3127
7,2275
4,18149
6,1946
1,589
1,284
6,2956
1,239
5,8925
10,3053
10,2758
4,1862
10,2706
10,3412
4,1611
3,1270
10,2077
9,4520
6,2172
1,543
1,280
5,2113
1,233
1,422
7,2663
10,2923
5,1450
10,2856
3,1445
8,2405
10,3267
3,833
4,2560
10,2439
10,2717
1,259
6,3577
1,256
1,384
10,3264
10,3296
4,1192
3,1048
5,1870
6,1511
3,1240
10,2196
1,326
5,3223
1,259
1,315
4,15274
1,259
1,522
3,935
2,754
6,2492
10,3060
10,4720
10,2833
4,1079
3,1179
5,1684
3,2144
1,272
1,287
2,881
10,3441
6,2081
10,2628
1,653
4,1229
9,3239
7,2819
10,2455
6,1687
7,1671
4,1101
10,3080
1,433
1,376
9,6968
10,2854
1,410
10,3578
1,416
10,3028
10,2887
4,1145
3,1749
2,584
9,2046
6,1410
10,2380
1,329
1,668
1,642
9,2070
1,388
3,851
1,267
3,1173
10,3129
7,2714
5,1511
7,2227
1,368
10,2753
4,980
1,349
1,426
4,1499
10,3357
1,483
7,1685
1,310
10,3335
10,3361
3,1083
7,2750
9,2235
1,260
8,2516
7,2287
2,486
1,383
6,4506
10,3045
1,564
1,811
1,257
5,1758
10,2738
9,2421
6,2235
10,2400
1,284
3,1138
10,2839
1,271
10,2258
4,1596
10,3248
1,531
1,294
1,600
6,2288
1,441
10,3272
2,961
7,2300
1,265
10,2521
10,2289
1,411
10,2133
5,1757
1,499
1,496
1,287
1,520
10,2368
10,4139
7,2713
4,1434
10,2218
1,404
5,2242
7,2436
1,505
10,3397
4,1505
9,2907
2,829
1,245
1,524
4,1299
10,3500
10,5758
1,666
10,2376
1,276
7,2347
10,3510
9,3107
8,2624
4,1275
1,481
7,2153
1,250
1,803
6,2042
1,444
10,2379
3,1182
1,295
10,3088
6,2444
10,2319
1,548
10,3081
10,3228
10,2168
4,1426
1,246
1,820
7,2195
1,257
3,735
1,390
10,2894
1,300
4,1686
10,3286
10,3587
10,3386
8,2767
10,3325
1,454
1,518
10,2562
1,512
1,283
1,598
7,1997
10,2307
1,236
2,999
10,2654
1,517
2,679
5,1786
10,3326
6,4603
10,2462
9,2381
1,467
1,246
10,3388
1,337
3,811
1,233
7,2367
3,947
10,2938
10,2663
10,6851
8,2706
6,2065
1,246
10,3211
10,3091
1,258
3,1295
1,622
1,430
1,333
3,945
1,480
10,2821
9,2393
7,1603
10,2343
3,1041
1,259
10,3767
1,461
1,239
7,1713
1,444
1,430
1,370
1,309
1,306
10,7066
10,3609
10,2031
10,3333
8,3271
1,361
10,7788
1,331
1,254
1,297
1,264
1,277
10,2502
1,299
1,257
9,2674
10,3494
6,2083
10,2795
6,4799
10,2473
1,2760
1,346
1,274
1,257
1,268
1,330
10,2252
1,301
1,244
10,3109
10,7693
1,491
2,921
9,2589
9,3012
10,3758
1,575
1,246
1,315
1,276
1,402
10,2585
1,343
1,261
6,1678
10,9438
1,398
1,342
4,1526
10,2312
10,3259
1,282
1,245
1,270
1,327
1,361
10,4041
1,278
1,255
7,2323
10,3539
1,271
1,361
4,4727
10,3722
6,3403
1,294
10,2525
1,238
1,426
1,300
10,3783
1,292
1,639
10,3554
1,449
1,437
1,349
1,399
10,2854
4,1608
1,292
10,3475
1,246
7,2305
1,347
10,2209
1,266
1,305
3,1187
10,12068
1,380
1,233
4,1579
1,594
1,768
1,449
10,5859
1,434
10,2671
1,370
10,3568
1,308
1,271
10,3660
1,1564
2,652
1,253
4,1340
10,2378
8,3813
10,3021
8,2742
1,261
10,3458
1,484
10,3540
1,338
1,258
1,563
1,382
1,933
1,241
6,1894
10,2613
10,3436
10,2742
10,2340
1,505
3,1184
10,2574
8,2893
1,282
10,2383
10,3195
1,434
1,283
1,240
9,2541
10,3442
10,10859
7,2556
10,2631
1,323
10,7083
9,2323
10,3401
10,3772
10,3582
1,548
1,376
1,397
1,269
10,3989
8,3068
10,3413
10,2251
2,693
10,2732
4,967
10,2808
6,1740
9,3283
9,2268
1,438
1,506
1,372
1,251
3,1193
10,3414
2,956
10,3210
10,2621
10,3552
10,2208
10,3238
10,2366
10,2381
10,3537
4,1182
1,454
1,446
1,246
10,2958
10,2553
8,2453
3,853
9,2606
9,2844
6,2066
10,2375
2,851
10,3281
1,642
10,2917
1,564
3,1227
10,3351
7,2640
6,2285
7,1974
10,2905
10,3593
10,2589
10,2513
10,3718
4,1207
3,1015
10,3442
1,321
1,408
10,3243
10,2836
6,2286
10,3428
1,499
9,2252
10,2701
1,572
9,2555
1,518
9,2321
1,255
10,2831
1,434
1,427
10,3339
9,3093
6,2150
2,659
1,560
10,2304
10,7806
10,3835
10,2205
10,3709
1,537
10,3289
10,2818
1,362
1,485
7,1708
10,3579
4,1372
4,1458
1,466
10,3453
1,451
10,3149
10,3287
10,2308
1,391
7,1800
10,2634
1,408
6,2443
10,2185
10,3936
1,561
1,478
1,302
10,3175
10,3217
9,4049
10,3712
10,3319
1,283
10,2579
10,2203
1,441
10,3359
10,3266
10,6560
1,315
1,264
1,399
10,2245
10,16350
1,459
10,2740
8,6054
1,354
9,2718
8,2836
7,1684
1,548
10,2786
1,483
1,423
1,585
1,303
1,437
10,3569
10,2230
9,3244
10,3218
10,2550
10,2506
10,3532
1,371
10,4788
3,1357
9,2707
1,392
1,384
1,389
10,3108
1,612
8,2663
1,469
10,2519
1,578
10,3424
10,3286
1,471
10,7692
10,2279
1,528
1,386
1,326
1,440
10,2201
1,2643
10,3161
10,3553
10,3216
1,540
10,3335
10,2896
3,1504
4,1388
10,2853
4,1414
1,373
1,398
1,402
1,614
1,496
10,2955
1,447
10,3478
1,363
1,422
10,7681
1,622
7,2676
9,2224
9,2484
1,383
1,376
1,412
1,368
1,449
10,2296
1,358
2,695
1,335
10,2174
2,884
6,2464
8,3087
10,2541
1,591
7,2142
1,315
1,539
1,454
1,452
6,1659
1,265
1,279
1,524
9,2400
1,412
10,2278
1,384
10,2393
10,3745
1,382
1,258
6,1562
10,2244
1,645
10,3448
1,393
1,314
1,407
10,3075
1,303
10,2509
6,1880
1,299
5,2079
1,641
10,3526
2,793
1,422
1,579
2,666
1,377
1,299
1,452
1,429
1,289
9,2002
3,1260
10,3384
10,3582
1,600
1,370
3,1366
1,572
6,3365
4,1552
1,391
1,331
10,3280
1,473
1,314
10,2781
1,441
10,2197
6,2028
3,1049
10,3791
10,2508
1,377
1,483
1,348
1,302
1,305
10,3446
1,268
1,454
10,2595
2,922
10,2036
1,335
9,3215
9,2947
10,3139
1,356
1,604
1,267
1,303
1,319
10,13671
1,271
1,447
4,1071
10,2660
1,469
10,4873
10,7953
10,3407
4,987
1,389
10,5987
1,296
1,565
1,312
10,5578
1,301
1,355
10,2959
10,2983
1,418
8,3313
7,1851
10,3611
10,2916
1,383
1,381
1,241
1,358
1,257
10,3518
1,258
1,304
6,1647
4,926
1,255
1,1700
10,2360
10,3255
8,3097
1,349
1,597
1,325
1,447
1,384
6,1846
1,276
1,259
10,2341
10,2888
1,668
5,2370
10,2567
1,653
10,3983
10,2243
10,7299
1,254
8,1886
1,452
1,460
1,271
1,263
7,2000
10,2381
1,290
1,344
1,402
10,3367
10,2153
10,2400
10,3830
1,258
10,2283
10,2417
10,3300
1,252
10,3501
10,2161
8,2034
1,283
1,568
10,3312
6,2248
10,2689
8,2652
9,24532
1,311
10,3254
9,2336
10,2579
1,480
10,3155
3,787
9,2562
1,267
1,297
3,982
1,588
6,1628
10,2240
4,31063
1,248
10,11382
10,2470
5,2163
1,251
9,2728
10,3873
10,2235
1,271
1,492
4,1532
10,3536
6,1539
10,3724
6,2075
1,348
2,653
10,2848
10,3263
10,2180
10,3643
10,3310
1,435
1,372
1,519
10,3969
5,1790
3,882
2,972
8,2928
10,2310
7,1832
10,14086
4,1425
10,2063
1,549
4,1403
1,323
1,263
1,493
10,3574
10,3451
10,2376
10,3537
1,435
10,2560
10,2261
10,5421
8,2952
10,2117
10,3731
1,501
1,271
10,3247
1,432
10,2767
4,1396
10,3000
9,3028
4,1246
9,3374
3,1470
10,13172
10,3611
10,3092
10,3472
1,295
1,353
10,3214
1,458
10,2279
10,3904
4,1280
10,2749
1,377
10,3763
10,3647
1,481
2,855
6,4386
10,2815
1,490
1,288
8,2598
1,444
6,2209
8,2526
10,2164
10,3249
2,749
10,4485
9,2927
4,1597
5,1352
10,2888
6,2162
1,325
1,248
10,2646
1,987
10,2489
10,6160
4,933
10,2618
1,551
1,852
10,3394
3,1065
1,603
4,1517
8,2812
1,377
1,238
10,3095
6,1910
9,3088
5,1468
7,1948
1,466
10,2393
9,3082
10,3341
10,3392
1,833
10,2376
3,1223
3,822
1,367
10,2937
10,2798
10,2616
1,310
1,451
10,3325
10,2814
10,3043
10,3354
10,3360
1,301
9,2133
10,3431
1,298
1,261
2,782
2,909
1,4172
1,459
1,572
10,4140
10,2402
1,567
10,2948
6,2216
1,393
10,3611
10,3511
1,355
1,277
10,2307
10,2388
1,329
1,435
1,427
10,3501
8,3281
4,1568
9,2494
10,3464
1,318
10,2737
4,1479
1,273
3,892
10,2984
4,1457
1,330
1,421
1,276
1,491
10,3758
3,1223
1,1782
7,2315
1,265
10,3194
9,2317
7,1680
6,1410
9,2429
10,3361
1,340
1,357
1,244
1,555
9,3288
10,3317
10,3634
10,3846
1,352
1,461
2,844
1,792
10,2891
10,3279
10,3553
1,273
1,371
1,382
1,479
10,2905
6,2086
1,620
1,3929
1,281
10,3381
7,2223
1,500
7,1535
10,3318
8,6092
1,274
1,381
1,274
1,636
1,417
5,1800
1,501
7,1877
1,348
10,9525
1,434
8,3323
10,2688
1,493
10,2180
1,277
1,264
1,321
1,427
1,623
10,8987
1,406
1,481
6,2286
9,3299
7,2014
8,3137
10,2866
10,3369
10,3060
1,290
1,267
1,258
10,3879
1,266
10,16661
1,468
1,440
1,339
1,528
1,401
10,3767
10,3193
10,4011
6,1329
1,279
1,248
1,237
1,386
1,294
10,3629
1,452
1,374
8,2018
1,469
1,650
7,2822
4,1055
10,3624
10,2291
1,242
1,322
10,3808
1,359
1,240
7,2707
1,393
1,423
1,252
1,460
1,2114
2,716
10,14988
1,599
3,768
1,482
1,489
9,3422
1,616
1,236
1,705
1,496
1,310
10,3043
1,1622
1,561
10,3713
9,2430
1,445
10,3035
8,2450
6,1637
10,3723
1,3261
1,239
1,535
1,409
1,292
10,3592
1,502
1,555
2,717
3,1043
1,357
10,3262
10,3817
2,667
10,5358
6,2879
1,235
1,531
1,542
1,320
10,3035
1,409
1,513
10,7127
10,3027
1,442
10,3393
10,2798
9,2748
10,7975
1,461
1,228
1,351
1,425
1,271
4,1039
1,461
1,285
9,28918
10,3196
1,391
4,995
10,3105
10,2341
9,44254
1,419
1,472
5,1387
1,431
1,293
10,3521
1,453
1,416
1,682
10,3516
1,393
7,1716
10,3344
10,4027
1,40844
10,3129
7,3117
1,483
1,430
6,1905
10,3434
1,595
1,301
3,1160
9,3147
1,482
1,363
2,658
4,962
6,27755
10,3345
10,3283
1,453
6,2173
3,860
6,1500
4,1636
1,415
6,2146
1,495
1,454
1,293
10,2819
10,2174
5,8094
4,1353
10,2313
1,426
8,3093
1,354
6,2000
10,3294
10,2743
1,410
7,2249
1,462
1,344
4,1765
8,2504
1,573
8,2746
10,3062
1,308
8,9719
10,2144
10,3222
1,473
6,1801
2,1062
7,6855
1,362
1,353
10,3260
10,2341
4,1589
7,2322
10,4049
1,286
10,2739
10,3441
3,996
9,2937
2,756
4,1416
1,481
10,3369
1,334
10,3562
10,2278
4,1572
1,414
3,971
1,254
5,1753
10,3230
10,3015
1,477
3,840
3,1244
1,486
1,423
1,285
10,4110
6,2463
1,498
6,1859
10,2292
10,2601
4,1153
10,3193
10,3776
10,3407
1,369
1,470
1,458
10,2458
1,242
10,3298
7,1662
3,1131
3,891
10,3393
6,1884
2,807
4,1158
4,1006
6,1700
10,3555
10,3041
1,443
10,3254
1,268
6,1881
3,715
7,2523
2,545
3,1186
2,902
10,3448
10,3555
10,3247
5,1815
4,1107
1,381
1,426
7,2400
1,262
10,6193
10,2334
10,19062
1,315
9,3092
1,326
1,594
9,2162
4,1784
1,545
8,2892
9,8153
1,359
10,3290
1,298
9,3429
10,3948
5,2210
10,3664
10,4078
10,2576
5,1428
6,1543
7,1671
10,3463
10,3013
6,2301
1,338
8,2628
9,3135
10,14862
4,1441
9,5796
10,3268
10,3444
4,1236
6,2332
10,2309
9,2425
5,1907
9,2195
1,514
1,456
10,2413
10,18408
1,493
10,2740
6,28122
4,1074
9,3092
8,2278
2,905
6,2110
1,1639
6,1999
10,2262
1,634
1,587
6,1540
9,4511
1,405
3,1136
4,1273
10,3041
1,430
10,3587
1,384
3,806
1,731
2,815
6,1669
1,6580
1,1899
1,295
10,38365
1,370
7,2306
1,527
8,2570
7,4019
9,2449
10,3608
10,3015
1,572
10,2831
7,2497
4,1900
1,417
3,943
1,441
1,531
2,609
3,1157
10,3536
10,5629
10,3084
10,3643
4,911
1,729
10,3137
10,3273
3,6178
3,2780
1,248
1,485
1,383
1,370
1,434
9,2404
7,2341
6,1515
10,2997
10,3080
1,564
10,2812
10,2295
1,449
3,1096
10,3005
5,1488
1,370
1,493
3,980
10,2375
1,478
10,3257
4,1468
10,3276
1,455
4,1212
10,3769
1,730
6,3407
4,1048
10,3285
1,430
1,348
1,557
1,621
1,517
6,2046
8,2153
4,961
10,16153
8,2705
4,1446
8,41269
1,459
10,3104
10,48728
1,445
1,364
3,981
1,340
3,930
3,784
9,3131
1,377
1,611
10,3253
10,3950
4,5425
4,1468
9,2650
5,2378
1,364
1,684
1,619
1,257
1,460
10,3218
10,3125
1,294
1,449
10,2917
3,1332
1,9828
7,2322
10,2960
5,1927
1,485
1,533
1,335
1,324
6,1937
10,3315
10,2611
7,2121
1,546
10,3366
10,3497
1,431
10,12333
10,2219
10,24120
1,343
1,767
1,651
1,279
4,1311
4,1050
1,430
1,251
1,465
1,382
1,463
1,449
9,3227
10,3181
4,12525
4,1159
1,472
1,3086
1,243
7,2442
4,1462
1,317
1,241
1,593
6,1861
1,318
3,1276
3,1110
1,358
3,15192
8,3388
10,3991
1,670
1,259
1,366
10,2573
1,320
1,289
10,3986
1,297
1,731
7,4940
4,1557
1,309
10,3794
1,689
1,538
1,459
1,238
3,1018
7,1933
1,293
1,232
10,55713
1,287
1,498
1,547
3,1296
1,250
6,2046
10,3375
1,660
1,438
1,266
10,32932
1,678
1,350
1,286
10,48709
1,283
1,530
1,657
3,1217
1,382
7,27321
6,3249
9,3357
1,2531
1,246
10,17818
1,394
1,269
1,381
10,3466
1,254
1,283
1,504
1,506
1,282
1,497
2,923
8,2938
1,517
10,2176
6,2056
1,301
1,242
1,363
9,3038
1,261
1,350
7,2974
1,459
1,252
4,4116
7,1882
10,8429
1,421
7,2323
4,1599
1,291
1,350
1,340
1,565
1,547
1,281
3,1334
1,470
1,264
1,599
9,3015
10,32365
3,1479
10,3134
1,382
1,619
1,291
10,3644
6,6521
1,700
1,310
3,27622
3,1197
1,292
1,585
8,2607
10,19406
7,2531
10,2445
3,8553
1,389
1,269
3,1594
1,337
1,473
1,262
8,15807
7,4731
1,271
5,2067
1,378
1,483
7,6656
10,2536
1,391
1,260
10,2343
5,1828
4,1281
1,364
10,3319
9,13802
7,2561
1,271
3,1197
1,439
7,2632
4,1630
10,2704
1,359
1,382
6,1519
10,50385
9,3290
10,2456
10,4548
3,1261
4,1599
7,2411
1,3429
3,861
3,1240
7,10293
3,1086
1,1482
1,289
10,2301
10,38204
7,2497
4,1069
9,21605
2,3147
2,701
10,2804
3,3028
6,1348
6,2162
8,3690
10,4359
1,383
1,234
10,2221
9,3194
10,46202
10,3366
3,11551
7,2659
7,2226
3,966
3,1317
2,694
4,1796
9,2979
9,8910
1,433
10,3434
3,630
10,44108
2,799
3,686
10,3787
6,3683
9,2934
10,3252
1,635
1,330
1,566
2,857
3,1158
4,1583
2,1084
4,1028
7,2085
6,16313
10,2656
1,538
2,937
8,3436
10,2791
1,433
10,2162
3,1198
3,995
10,3901
1,360
9,3243
10,2450
5,1545
3,46457
10,2195
9,2732
4,12259
3,1085
10,3312
1,634
10,2061
10,3626
5,1907
9,31392
7,4201
10,3376
7,1715
1,973
1,483
7,1725
7,2291
2,914
1,379
3,862
1,462
10,2445
7,2440
2,2179
10,48455
3,1113
10,9333
10,3526
5,1744
4,1594
10,4696
7,2524
7,4586
1,337
7,1689
1,455
4,1124
9,44958
4,3541
1,24943
1,461
9,3387
3,1521
4,1587
4,1468
9,4978
1,576
1,598
1,339
10,2267
1,360
8,2628
1,541
10,7369
7,2308
1,450
1,362
9,6860
2,1096
1,654
10,37227
3,1326
2,798
1,393
10,3523
1,1267
10,2692
6,23683
6,2482
7,2460
1,554
5,1964
10,3192
1,349
1,405
10,30420
6,2115
10,3375
1,473
8,2917
1,343
10,3344
1,453
3,17908
10,39491
3,1112
8,3042
10,9130
3,1291
1,525
4,1325
4,1547
10,7442
1,440
10,11465
7,2496
9,2033
4,1421
2,763
1,727
7,2487
1,617
10,11998
10,3817
1,391
9,2909
3,1064
3,1059
2,647
10,3246
3,1988
1,357
4,4200
1,387
1,624
4,22912
5,1967
4,5367
1,578
1,417
1,326
1,337
4,1312
1,400
2,888
7,2287
1,276
2,855
4,2855
1,565
9,12755
5,1724
9,3008
1,503
3,1133
10,3101
2,638
3,982
1,448
10,4852
3,1267
1,305
3,1203
2,1365
1,632
3,36182
4,1499
7,2309
1,401
1,565
10,9799
6,23166
1,686
1,424
10,10455
4,1409
1,379
1,378
4,3605
10,3475
3,1253
10,3280
1,7144
1,470
3,1086
1,488
8,16820
8,2661
1,416
7,2975
7,17949
1,259
3,1215
4,1536
1,9716
8,22478
2,659
1,572
1,2588
1,382
1,401
9,44813
4,1569
4,1544
1,501
9,3104
1,271
1,322
9,14275
1,640
7,2578
3,1147
1,543
9,9860
1,488
4,1997
4,19633
1,474
8,2861
1,486
8,9397
1,597
4,1270
10,18295
3,1181
2,656
1,329
1,544
5,1895
1,497
1,372
4,1420
1,430
5,1875
1,454
3,1039
1,303
1,585
5,1963
1,384
2,798
9,3046
1,546
1,433
1,474
1,642
1,26586
9,2528
2,756
1,372
2,995
1,318
1,640
1,616
6,2276
5,1631
6,1928
1,405
4,33027
1,487
1,470
10,16914
1,457
4,1891
1,416
7,2672
1,264
1,386
1,649
1,377
4,1307
8,10164
1,459
1,640
1,1804
1,465
1,566
1,448
7,3325
1,432
2,832
10,2791
2,35938
1,556
4,1576
1,502
1,437
1,350
1,459
7,26651
1,556
1,463
6,1996
2,756
1,501
2,1039
6,1878
3,1467
6,2771
10,3308
1,470
4,6473
1,431
1,1258
1,357
1,398
1,457
1,395
10,11463
1,349
4,1690
10,2177
7,2277
1,363
7,2566
1,511
2,816
1,350
6,41478
3,1365
1,467
1,436
1,548
3,1046
1,381
1,607
10,2497
3,1290
1,598
1,25447
1,443
1,390
1,505
8,38647
2,15008
1,502
3,1248
1,542
2,703
1,364
10,3445
10,2300
6,2004
1,635
6,2037
1,569
1,369
1,373
1,378
7,15012
1,378
3,1216
1,538
6,5804
3,1148
10,3650
4,1037
7,6192
1,583
1,427
2,794
1,468
7,2143
3,1089
7,11951
6,2109
1,399
6,1931
3,2622
4,1435
2,970
10,2604
8,2847
8,2798
1,447
1,363
5,1573
6,1804
1,486
3,1088
5,1752
1,690
1,551
3,1113
5,1548
4,3423
10,5038
1,2236
4,1401
4,1526
1,355
1,307
6,2001
3,993
4,1492
10,3331
3,1407
4,1861
10,3676
3,1069
3,3888
9,3548
5,1667
1,440
3,5566
1,495
3,1026
1,499
3,14578
9,2912
6,1984
1,389
4,1359
4,1279
10,19467
4,1550
3,1146
2,780
5,1873
3,1332
1,418
3,1108
10,3772
8,4569
3,1100
3,1062
1,441
3,1193
3,1132
6,16171
10,19576
10,3308
3,1061
1,385
1,357
1,390
9,2782
3,1045
1,451
7,2755
10,81352
1,328
1,535
8,3189
4,1499
9,3118
10,4275
1,378
3,4756
1,498
10,5355
1,311
9,4865
7,2588
4,1693
4,1270
1,355
3,1121
4,1618
5,1713
6,3181
10,3937
7,2548
1,529
1,438
1,398
1,308
4,1422
9,3238
5,1898
5,1391
1,499
7,2672
4,1422
7,39860
1,588
9,3060
9,23257
1,377
3,1265
10,3420
7,4603
4,2217
4,1364
1,495
3,920
3,4420
1,517
7,2634
3,1209
1,590
1,601
1,435
7,8325
7,4603
10,3343
1,515
2,1062
7,2580
7,2449
3,8364
7,2251
7,2442
7,2490
3,1152
1,608
5,1835
1,626
3,1158
3,1193
3,1038
1,1704
3,1295
2,4455
1,979
1,410
2,895
9,3117
1,398
3,1009
8,2717
7,2535
2,908
1,410
4,1286
4,1251
3,1028
3,1088
3,2657
2,799
3,1106
7,2500
6,2895
7,3128
1,719
1,711
1,510
1,576
7,2838
9,9632
9,7265
1,324
3,1936
2,814
10,3319
1,347
7,2802
3,1297
3,1260
3,1041
4,1746
1,501
1,423
3,1269
8,9413
4,1471
7,2319
2,1172
8,4670
10,19925
1,412
4,1553
5,2025
1,526
1,564
1,647
1,464
7,2395
9,8437
3,998
5,1734
2,675
1,508
5,1750
3,1015
7,2358
8,23947
10,3495
3,1223
1,537
4,1012
1,426
10,3439
5,2233
2,3394
6,2348
1,86801
1,606
2,42711
2,734
7,2017
2,726
9,3226
9,3055
7,2297
1,490
1,390
1,562
7,2777
7,34130
8,2847
2,849
1,3919
7,3945
3,970
2,667
2,2716
1,615
3,1131
3,1256
1,497
1,360
10,3334
9,3165
7,55114
5,2081
4,2527
7,2397
1,458
4,1192
8,7788
8,2753
5,2032
9,3068
7,2853
6,2007
1,359
3,1070
10,4135
7,2287
4,1884
7,2646
7,2460
3,1151
9,2874
5,10822
4,1929
1,413
6,2037
7,2665
1,3448
1,340
4,1497
5,1554
4,1542
3,1079
4,1993
6,17235
10,4184
4,6016
3,1008
2,688
1,332
7,5606
7,2565
3,1097
1,391
4,1478
10,2763
1,925
2,6581
1,406
8,12431
2,794
4,1442
9,8757
2,1112
10,2785
10,7168
8,2841
1,558
1,421
3,1025
1,577
1,466
1,518
7,10253
3,6369
3,997
3,1165
7,23309
5,7303
10,2670
3,9560
5,1588
1,636
1,414
6,1981
10,2630
5,8003
7,2757
5,10434
3,8738
10,3147
6,1954
2,833
7,2451
10,3246
1,364
1,383
2,823
5,1695
6,2018
10,2521
10,3341
3,1256
1,562
3,1363
4,1446
3,995
1,627
1,613
9,2907
1,389
9,3227
1,9153
5,1678
9,7143
9,3186
1,399
1,599
8,18177
2,732
3,2313
8,2415
1,413
2,971
10,2869
1,515
1,395
7,2343
4,1422
1,451
10,3228
2,628
7,2852
1,364
1,523
5,1656
3,1185
8,2761
4,2031
9,3331
1,480
3,962
6,6072
10,3353
6,2209
9,3249
1,1990
9,3126
7,2710
6,2172
9,11289
1,349
4,1335
3,1567
1,515
1,538
1,394
1,653
3,1085
3,1000
10,3204
1,430
3,1204
1,502
2,865
1,722
1,432
1,359
10,5955
9,3153
1,323
1,448
4,1635
7,2489
1,361
1,390
1,455
6,2186
2,952
1,501
1,684
1,908
1,391
10,14380
1,398
1,375
2,932
7,2428
6,2212
4,2020
1,300
1,438
7,2387
10,3218
1,595
6,9918
7,2347
2,820
2,872
1,476
4,1379
1,471
9,3641
4,3653
4,1463
1,275
1,378
10,4171
4,1246
9,32337
1,353
1,338
4,1257
3,1170
1,425
1,491
1,459
4,1599
5,1902
1,341
1,279
1,430
9,3110
2,733
7,3689
1,451
1,382
1,268
9,3017
1,320
1,423
1,447
3,1249
3,1226
6,1936
1,351
1,408
4,1556
3,955
4,1552
1,413
1,446
1,1954
4,3479
1,397
1,520
1,385
10,3509
3,3016
1,460
1,651
2,832
1,461
10,41588
1,402
1,450
7,2556
9,3225
6,5742
1,404
10,2552
1,622
9,3061
3,1226
3,1068
1,483
1,394
1,364
6,2290
1,842
1,412
1,474
2,815
1,516
1,358
2,581
2,900
1,480
1,353
1,465
1,436
10,3445
1,360
9,3189
1,627
1,497
3,1216
1,391
6,2144
1,260
2,699
1,410
8,1861
1,493
1,502
1,655
3,1166
1,555
4,13005
1,514
6,1993
1,356
10,3876
1,537
1,267
10,2489
4,3426
2,540
1,457
1,470
1,571
10,19324
1,376
1,494
1,521
1,465
1,558
3,1040
1,591
1,579
10,3618
4,4385
10,2200
3,1250
1,692
1,831
2,904
1,330
1,591
1,619
1,516
1,506
10,5238
1,537
8,1934
8,2498
10,3858
10,3234
7,2198
1,371
8,3267
5,1844
1,414
6,26249
7,2704
4,1398
1,448
1,351
8,9160
7,2325
10,3216
2,885
10,3855
7,2463
7,3202
10,3687
4,1387
1,658
1,660
1,453
8,13240
7,2372
10,7897
1,610
10,2595
8,2944
3,1076
9,3118
7,2325
1,361
1,1562
9,2876
1,262
8,16351
2,803
4,1263
3,1096
4,1431
1,406
3,1127
10,2669
10,3185
10,3056
3,1107
7,2447
10,2874
8,2989
1,314
1,544
6,2557
7,2687
1,526
2,676
1,504
10,2701
10,3090
4,1470
2,627
5,1878
1,371
10,3747
5,1775
1,265
1,403
10,3680
1,474
3,1216
1,507
1,493
1,499
3,1601
2,686
8,2302
9,3164
4,1178
3,1014
4,1401
2,945
4,1751
3,993
7,2438
9,3116
1,418
4,2033
2,630
10,2613
4,1297
1,520
8,9131
1,261
1,384
6,2053
8,1980
1,488
4,1563
10,3629
3,1081
1,512
1,439
10,3539
10,3383
10,9943
1,476
3,1199
7,2381
2,1193
3,1010
10,3535
1,463
10,19021
3,1046
6,2127
4,4080
1,489
3,1097
10,2983
6,2117
1,448
1,362
9,3429
9,2111
1,425
10,3175
1,634
3,1216
1,401
7,2414
6,2240
1,527
7,1475
1,298
6,2292
1,375
1,403
3,1151
7,1959
7,2883
10,3454
9,3121
4,1499
3,1284
9,2972
8,3263
3,1259
9,2537
10,3011
8,2610
1,268
1,377
10,3436
9,2244
3,1532
9,3132
1,389
4,1596
9,3342
4,1286
4,1561
7,2464
2,562
7,2167
6,2041
1,240
2,774
9,2248
10,2557
1,509
8,1970
6,8349
4,1471
5,2258
1,657
8,2878
7,2497
5,1325
9,2457
4,1676
1,657
1,1524
1,401
2,901
4,2782
2,504
7,8102
6,2260
3,962
2,591
1,483
3,962
3,768
1,591
4,1440
1,370
1,370
2,816
3,864
7,2533
10,3010
1,493
6,2359
7,2156
10,3284
7,2323
9,2963
10,2239
1,648
3,987
1,399
1,397
10,2589
10,5045
9,3647
8,2700
7,2368
4,1614
9,3407
10,3509
7,2707
7,2612
10,3533
1,316
7,7779
1,352
1,358
10,3377
10,3520
5,1657
10,2669
1,617
6,2377
5,2382
10,3446
3,1084
3,974
10,2876
1,368
1,469
5,1183
1,392
10,2901
8,3422
7,3372
10,3740
3,2155
1,666
2,616
9,2887
1,336
3,1229
10,3608
1,353
4,1246
10,3211
1,371
10,2285
10,7550
1,1576
5,1614
3,1172
3,1194
1,556
8,3537
2,835
6,2504
7,2720
1,389
3,1125
8,2577
1,352
9,3120
7,2742
3,5793
1,440
4,5424
3,1328
10,2352
10,3434
9,3283
7,2565
8,2785
1,451
1,420
10,2629
7,2511
10,2591
10,2717
9,4022
10,3669
5,2878
7,2072
10,3189
10,3627
3,1107
10,3292
1,304
1,395
3,1133
5,1738
4,1496
8,2542
1,810
10,6100
2,761
7,4201
1,456
10,3467
8,4892
6,2271
4,1336
1,429
1,329
7,2269
10,3293
2,878
1,626
1,461
1,593
10,2547
10,3349
7,2408
10,3121
1,426
10,3369
2,1128
5,1541
1,384
9,2961
2,680
4,1607
1,408
1,296
1,445
5,1533
3,917
4,967
8,2445
1,1153
9,9485
10,2765
1,603
10,2708
5,1818
10,3710
2,817
1,365
1,287
5,3774
9,2680
5,1349
9,2975
9,3056
1,797
7,7261
10,3433
1,388
8,1753
10,3454
10,3573
1,493
1,309
1,262
1,508
1,599
1,525
6,2050
10,2502
1,291
3,18619
10,3353
1,280
7,2339
7,2719
2,577
10,3511
1,237
1,282
1,457
1,253
1,540
5,1738
1,385
1,319
1,535
10,3402
1,315
10,2087
1,373
3,1103
3,1113
1,412
1,539
1,318
1,906
10,2510
3,986
1,247
1,324
1,660
10,4515
1,370
10,3204
1,411
10,2279
10,5496
1,368
1,367
1,270
1,278
10,3199
10,3812
1,274
1,276
1,497
8,2895
1,359
10,3556
9,8028
7,1429
2,679
1,395
1,357
1,258
1,316
10,3398
9,2912
1,264
1,429
1,418
10,3539
1,371
2,670
1,393
10,3267
4,1534
1,286
1,630
1,291
1,263
9,3393
1,582
1,358
1,243
1,356
1,446
1,359
3,878
1,468
10,3677
4,1341
10,3121
1,590
1,372
1,333
9,3064
1,461
1,318
1,306
4,1404
1,289
10,3518
1,421
1,439
8,2512
4,1468
1,275
10,3855
1,500
1,285
9,2175
1,497
1,299
2,691
1,552
1,313
8,2627
10,3458
1,516
7,2275
9,3253
10,2614
10,3341
9,3417
1,249
10,2785
1,321
1,251
10,2994
1,496
1,303
10,3220
10,3052
1,396
10,3306
2,930
8,1904
10,2844
10,2754
1,233
1,1150
1,735
1,381
1,347
1,281
1,290
5,1741
5,1814
1,392
3,1136
6,2477
10,3139
10,3352
10,2246
2,599
1,507
1,490
1,479
10,3031
1,350
1,280
10,2904
10,3240
1,499
1,505
8,3102
10,2978
4,1341
10,3393
3,807
1,535
1,459
1,383
10,2848
1,334
1,402
10,5165
10,3774
1,660
1,532
4,1520
1,350
9,2119
10,3605
7,1704
1,377
1,529
10,2862
5,1677
10,3422
1,542
8,2095
10,3645
5,1992
1,346
4,1799
2,905
6,1704
10,6795
10,2958
1,444
1,550
10,2364
10,3306
1,416
1,474
2,911
9,2431
2,930
1,364
6,2182
10,2287
1,588
10,2427
10,3412
1,402
1,637
10,2541
9,2353
8,1837
1,430
5,1289
8,2139
3,1012
1,292
7,2186
9,2503
9,2174
8,2614
10,3399
1,325
5,1338
9,3124
5,1694
10,2233
10,3413
2,1198
5,1281
4,1015
1,333
1,517
3,808
4,1485
1,365
8,5209
10,3152
1,306
10,2449
2,900
10,3048
8,2779
1,721
1,370
10,3425
1,377
7,3629
3,720
3,1244
10,3482
7,2958
1,284
10,3476
10,2920
5,1890
9,2661
10,3028
4,1381
2,809
9,2947
1,446
1,606
7,1482
10,3400
3,1060
3,1194
1,260
2,836
10,2332
7,1607
10,3564
10,3181
4,1625
1,441
10,3045
1,419
3,1310
10,2206
10,3830
10,2242
10,3410
1,288
10,2228
2,889
10,2785
2,633
1,459
10,4676
1,641
8,3108
1,456
3,1274
10,3740
6,1893
10,3342
10,3771
1,284
10,2220
7,1667
8,2685
10,3857
5,1688
3,16313
1,630
7,2237
4,1484
9,3033
10,3030
10,3347
1,532
10,2855
10,2956
10,2895
3,635
10,3248
1,277
10,2047
10,4568
1,442
6,2130
10,3755
4,1614
7,2460
7,2440
2,524
10,3660
10,3164
10,3254
10,2947
3,913
10,2657
2,652
9,2885
1,565
1,608
10,5955
3,1121
7,2363
10,3554
9,2114
5,1690
3,954
8,2408
10,3052
5,1856
10,2476
5,1579
6,2065
1,277
10,2966
10,2474
6,1991
10,3068
1,609
7,1444
10,3079
1,449
10,2772
8,2367
10,9427
5,2223
9,2176
10,3772
1,253
10,2376
6,2005
10,2677
3,992
1,333
9,2603
10,3548
10,3177
8,2697
10,3342
10,3414
10,2935
2,676
6,1998
1,374
8,2659
10,2202
9,2760
1,379
1,310
3,844
5,1986
10,2269
10,3304
3,990
10,2928
10,2333
7,1772
1,435
1,388
10,3276
10,2875
7,2377
1,270
1,290
1,376
1,741
7,2956
7,1739
7,1666
1,389
9,2468
10,3681
7,2345
1,527
1,488
1,357
1,482
1,278
1,290
1,261
1,383
9,2613
1,349
10,3370
1,298
10,2320
10,3276
1,466
10,3769
3,867
4,1447
1,476
1,309
1,270
1,328
1,409
3,856
3,1041
1,494
1,524
5,1335
10,3484
1,420
6,2364
10,2254
3,1013
1,474
1,272
1,356
1,262
1,376
3,739
10,3288
1,378
1,435
2,585
8,2578
1,561
10,3515
10,2219
10,3684
1,456
1,287
1,345
1,308
1,662
5,1137
2,544
1,304
1,287
1,341
10,3509
1,567
9,5654
2,757
5,1730
1,375
1,353
1,407
1,294
1,444
10,2380
10,2465
1,302
1,271
1,295
3,1265
1,431
10,3334
9,3349
9,2950
1,403
1,393
1,370
1,255
1,399
10,3448
3,864
1,382
1,382
1,364
10,3460
1,278
4,1499
7,2331
10,2761
1,321
10,2264
10,3591
1,229
1,288
10,5594
9,2043
1,362
1,407
1,269
1,327
1,323
10,2919
1,476
6,2220
4,1156
1,241
10,3494
1,385
1,280
7,2285
7,1841
1,256
1,323
1,252
1,277
1,474
10,3982
1,439
7,2496
1,376
1,259
10,3582
1,290
1,246
7,2882
1,367
1,243
1,253
1,286
1,245
1,470
4,1903
1,402
10,3116
1,443
10,3780
4,1259
2,642
1,264
5,1908
1,276
1,413
10,4792
1,250
1,288
10,4130
10,3461
1,373
5,1476
1,485
10,3299
10,3366
7,1531
4,1585
10,2432
1,330
1,399
10,2925
1,276
1,295
10,8683
10,3327
1,378
1,436
10,2629
10,3282
10,3446
10,2236
3,828
1,547
1,417
8,2158
10,3320
1,264
1,250
10,8494
10,3400
1,273
1,257
10,2188
10,3261
6,2159
10,2024
5,1894
1,592
1,518
10,3829
5,1614
1,244
1,414
10,15821
10,12648
1,389
1,313
10,3471
10,3630
1,604
10,3285
10,3282
1,514
1,321
10,3592
10,2531
8,1968
1,403
8,11862
8,4115
1,469
1,294
10,3711
1,558
9,3350
8,2375
9,2806
1,309
1,248
10,3637
5,1753
3,759
1,370
6,18386
10,3490
1,432
1,324
10,3241
3,1769
3,1253
10,3101
10,2999
1,380
1,295
10,2462
1,437
10,2223
1,370
10,2631
6,1958
1,377
1,264
10,5939
5,1703
7,2806
10,2951
7,2933
10,2545
1,409
2,706
9,3006
10,3156
10,2458
4,19169
1,507
8,1726
1,424
1,431
5,1886
6,3031
1,359
6,3768
1,603
1,239
10,2834
1,407
10,3270
10,3421
2,1086
1,532
8,1825
1,273
10,2496
2,994
7,2433
10,3794
5,1676
1,258
10,2267
10,2386
4,1131
7,5860
10,2933
1,497
2,698
10,2488
1,246
10,2687
8,2938
9,3276
10,3353
10,2553
1,265
7,1634
1,399
4,1795
10,3420
10,3604
3,1245
1,445
10,3352
1,328
10,2339
9,3176
8,2645
5,1713
7,2625
1,537
10,2531
4,1838
7,1530
1,490
4,1481
7,2540
1,503
10,3501
4,1669
3,741
10,3410
7,2403
10,2527
10,3421
1,298
10,3354
3,2707
9,3876
10,2624
10,3300
5,1824
1,550
10,3015
10,3597
10,3128
10,3339
1,566
10,2859
10,3228
10,3383
10,3639
5,4899
6,2085
10,3573
8,2765
6,2285
1,678
2,953
6,2311
10,2467
7,2414
1,679
9,1965
6,2126
10,2889
3,1148
9,3501
10,3256
10,2865
6,1796
7,8565
1,498
2,490
10,3561
9,2216
5,1882
1,484
5,1804
10,3237
10,2559
10,3570
10,3950
6,2541
5,1416
2,711
9,14022
1,601
10,3442
10,4008
7,2161
10,8572
1,522
8,2013
3,1032
5,1442
1,383
6,22500
3,1393
10,3554
1,461
1,494
1,493
10,3093
10,3337
10,3337
5,5743
1,477
2,649
10,3173
10,2216
10,3582
5,1947
10,2966
10,3242
4,1557
4,1688
6,2304
10,3540
10,3316
1,465
1,487
1,489
3,1197
2,827
5,1567
10,3086
7,2675
10,3314
9,2298
6,2209
3,21634
1,446
10,2291
7,2411
1,310
1,277
1,385
1,463
8,2412
1,519
10,3731
10,3378
1,656
5,1308
10,3435
7,16895
1,607
5,1784
3,987
1,444
1,270
4,1533
1,427
8,3941
5,1731
8,2384
10,3336
1,589
4,1169
9,3081
1,727
7,2371
10,2891
3,901
1,463
1,591
2,654
1,393
4,1661
3,1148
5,2007
1,520
1,333
1,505
10,2915
9,45368
4,1568
10,2642
7,2145
1,311
1,492
1,419
1,367
2,912
4,1407
10,3552
1,460
1,237
1,381
6,1846
1,601
9,6829
5,1429
1,480
1,526
1,445
1,607
1,414
1,576
9,2597
8,2033
1,312
1,294
1,529
10,3242
1,605
9,26072
1,443
3,1333
1,381
1,464
3,986
1,403
1,486
10,3659
9,2407
1,319
1,395
1,433
4,1104
1,480
3,1101
1,640
5,1938
1,507
1,313
1,576
1,457
1,563
5,1918
2,914
1,390
10,2346
1,468
10,2870
1,673
7,3678
1,361
4,1568
1,386
1,371
2,904
1,381
1,620
10,4071
5,1940
1,430
1,262
1,469
1,482
4,20539
9,18979
1,335
2,839
1,251
10,2315
2,462
1,403
1,627
6,1763
2,813
1,282
1,840
1,350
1,328
1,598
1,578
1,363
6,2582
3,758
1,249
8,1671
1,351
1,620
7,2233
1,553
1,355
1,413
1,325
1,302
1,673
3,4175
1,329
9,3300
10,2405
10,3495
8,3927
1,523
3,1952
10,3344
1,392
1,298
1,537
1,422
1,252
1,606
1,475
1,390
7,2364
10,3134
10,3623
1,360
4,1424
1,640
1,377
1,299
1,516
10,3577
1,367
1,264
1,2105
4,5688
1,401
7,2526
10,2618
10,3476
3,1420
7,2452
1,2380
1,277
1,327
8,2178
6,2210
1,505
1,276
1,481
7,2277
1,456
6,2071
7,2182
10,16721
4,1428
10,3595
1,835
1,380
1,355
10,3374
10,7845
6,2200
1,287
1,511
4,1303
1,565
4,1463
10,3382
8,2892
4,1616
9,3503
1,438
1,329
1,318
10,3252
10,12513
3,846
1,308
7,2508
5,1837
8,2962
8,2714
10,5497
10,3117
9,3090
10,3583
5,4857
1,367
1,303
10,3017
10,22292
3,1377
1,311
4,4912
6,1997
10,3482
4,1381
1,370
2,855
6,2330
6,1926
1,2987
1,258
1,522
10,3448
10,3463
7,2473
1,319
6,2071
9,2844
10,3191
1,328
10,3168
1,539
5,1320
10,3647
4,1460
1,267
1,406
2,657
4,1685
10,3807
10,2916
6,21489
10,3890
10,3347
1,652
10,2742
3,1183
10,3542
10,3782
3,1211
1,286
1,372
10,3148
1,476
9,3892
10,3035
3,25627
6,2085
10,2708
1,485
10,3223
5,1865
6,2290
10,4029
6,2255
1,321
1,514
10,24850
3,1271
10,3094
10,8071
5,2115
6,1915
2,673
1,423
10,2705
9,2971
6,2164
10,4778
9,3260
1,334
10,3523
1,450
3,1312
7,2489
4,1477
10,7403
1,451
10,3988
1,396
5,1585
6,2177
1,611
10,3604
7,2445
10,2706
5,1748
3,1090
5,1908
10,3281
10,3650
4,1573
3,5205
2,588
1,438
10,2586
7,11628
4,1453
10,6101
4,1529
10,4501
10,3032
5,1914
9,3061
10,2877
8,18828
3,1140
1,407
8,1793
3,1033
9,1975
7,2688
5,1841
8,2422
6,2092
10,3182
9,3216
7,2628
6,2104
10,3696
10,16025
6,40383
1,417
10,2315
1,399
5,1807
7,2450
10,9541
4,12393
7,2832
4,1417
10,3925
7,2483
7,2844
10,14622
6,2201
5,1755
10,3330
10,3402
1,425
1,478
4,1553
7,2500
10,24690
4,1587
10,3116
5,2247
9,2941
10,3681
4,1532
2,919
4,3533
4,1520
4,1445
1,433
1,410
9,15275
3,1276
6,2077
4,1878
10,3428
10,3195
6,3944
7,2540
10,2864
1,570
10,3192
5,9754
10,6715
1,471
1,480
4,1596
4,1260
2,612
1,624
2,982
10,4169
7,13668
4,1444
10,16239
3,1179
4,1546
1,318
10,3158
1,487
1,679
1,4655
4,1315
1,888
7,2553
8,2854
10,3465
4,1347
7,2571
7,8734
6,6916
7,2210
1,434
10,3225
4,1643
1,556
1,5197
10,3355
5,3380
4,1335
8,3966
10,21099
1,8158
4,1556
10,3634
7,10947
4,1596
1,521
8,2518
7,2643
1,500
1,5301
10,4183
1,2567
6,2071
6,2267
4,17592
1,411
3,1219
6,2124
7,2309
10,3548
1,502
10,3255
4,1297
1,481
3,5015
6,2036
1,680
6,2103
2,2313
10,17722
1,399
1,566
3,1162
9,2912
10,4686
1,504
6,2153
6,1923
1,437
9,4886
10,3485
1,633
9,3472
1,710
8,15554
4,3626
1,496
3,1024
8,2840
1,579
1,445
1,472
3,899
1,393
1,452
1,718
1,665
5,1747
3,1353
10,3611
1,476
1,661
1,437
7,2611
10,3732
1,397
1,492
10,3347
1,397
1,787
6,2246
1,608
9,4028
5,2015
10,25101
9,11424
4,1325
1,504
9,28932
1,512
1,375
1,608
10,3374
1,486
1,433
1,688
1,467
3,1284
8,2879
6,2106
1,460
1,600
1,563
1,560
6,2196
10,3287
1,447
3,11345
5,1791
1,415
1,572
1,613
6,2153
9,15392
1,445
1,461
1,497
1,1177
1,417
10,3383
1,553
2,803
6,2360
10,3341
1,381
10,3418
3,1063
1,439
6,8624
1,393
3,5121
1,490
1,507
1,603
3,1048
7,2575
1,443
6,26962
9,3043
1,447
1,534
1,576
5,3719
4,6422
2,3685
1,482
1,553
1,411
4,6416
1,376
4,1397
1,391
4,1456
10,2870
1,511
1,593
4,2283
1,397
7,8422
1,541
1,490
1,433
1,358
1,893
6,2484
9,2915
1,318
7,10781
5,1645
3,1097
1,672
1,2649
10,3282
7,10730
1,447
1,454
1,466
1,405
1,4730
1,597
3,1181
1,532
4,1346
10,3526
6,2046
1,605
1,458
4,16051
9,18870
1,432
1,1448
1,462
1,437
1,526
1,606
10,3173
1,504
7,2252
10,3211
3,916
1,4041
9,4889
1,609
1,525
1,387
1,427
1,417
1,496
1,888
1,517
6,1993
1,580
4,1478
3,1033
1,436
1,737
7,11019
1,424
1,380
1,433
5,1578
7,2379
1,415
3,1099
1,587
10,3276
3,1132
10,3704
7,1809
4,1290
1,555
9,7645
1,552
4,1470
1,448
1,512
3,1049
7,2438
2,2331
1,576
1,469
7,2297
7,6190
10,3522
1,400
1,366
1,394
1,508
1,481
1,461
3,1235
6,1893
5,1810
1,389
1,568
1,487
6,1932
10,3205
4,1532
1,448
1,576
7,2490
1,499
1,412
1,474
7,2556
6,2343
4,1556
1,4555
1,634
2,802
7,2340
6,1868
10,3407
5,1854
2,878
1,456
1,479
1,699
1,449
4,1474
9,3271
3,3048
1,430
1,551
7,2398
7,2347
3,1074
10,3550
7,17414
7,2223
3,1008
1,461
1,1048
6,2016
6,2099
9,3179
9,4296
1,563
7,3252
4,1137
7,2196
1,667
10,11760
10,3273
7,2307
7,31815
1,534
1,771
7,2540
9,2925
7,2449
5,1991
10,3241
4,1533
7,1778
6,15826
6,2384
7,2508
7,1748
6,2207
3,1354
1,450
1,593
9,10697
5,1755
3,1072
6,4725
7,2521
2,793
9,2790
4,1286
1,655
10,11804
3,1106
10,3322
4,1341
1,466
1,506
9,21391
10,3256
1,633
6,1921
3,923
6,2367
10,3479
3,1320
10,4110
10,4778
6,1970
9,3035
9,2664
4,1569
3,1911
9,8831
6,12867
4,1473
7,2557
3,1272
9,2845
6,1742
4,1627
3,1083
6,5981
4,1407
6,2385
7,1735
4,1357
1,640
9,69698
3,1097
1,651
4,5076
4,1042
6,8322
6,9035
6,2391
1,7122
3,1158
5,1842
2,999
6,1959
7,2463
6,2500
4,2872
1,456
10,3853
4,1743
9,3902
10,3804
6,2179
3,998
1,869
1,541
7,5915
3,1175
4,1331
10,3503
1,526
1,1040
4,1281
4,1467
6,2254
5,5059
3,1318
2,769
4,1417
1,580
1,662
4,1287
6,2131
5,1763
7,2360
1,564
3,1260
10,3391
7,2426
8,11588
3,1259
6,2272
3,1138
4,11930
1,723
1,521
4,1605
3,1367
10,3244
10,3338
2,1063
1,492
7,2336
4,1549
9,3042
7,2699
6,2519
6,2050
3,1202
1,693
1,432
10,3409
4,1475
6,2248
6,2079
4,1467
1,456
4,1405
7,2909
3,1464
6,2032
1,519
1,470
4,3123
1,680
1,515
6,2729
1,445
6,2240
1,477
4,1311
4,1854
4,1213
10,3477
4,38901
1,636
4,1389
1,355
6,2351
1,624
1,681
10,8747
10,6783
3,1099
3,1196
7,2355
7,2505
10,3254
10,3815
6,3503
5,1873
3,1057
1,497
9,3161
1,364
1,587
3,10630
2,924
1,546
6,2146
4,1351
6,8253
10,3115
6,2274
6,2085
10,3174
5,2011
1,310
5,1736
9,12811
1,707
10,3637
10,3346
4,1472
3,1146
9,5042
4,1466
3,1113
3,1013
7,2379
7,2543
2,702
1,482
9,3000
1,4128
1,663
6,2040
6,2415
10,3241
7,2149
5,1748
7,14319
10,3268
6,2097
10,53636
4,1331
9,3274
1,404
6,2246
1,756
1,602
10,3877
7,1743
5,1750
1,556
6,1741
5,2329
6,1662
10,3857
1,359
4,1535
10,3299
4,1501
1,882
7,3342
1,795
1,361
10,6812
1,470
2,989
6,4768
10,3245
1,427
3,1680
1,11498
10,3530
6,2098
1,338
6,2088
4,1417
3,1275
1,479
7,9945
1,464
4,1344
3,1026
3,1691
1,409
1,471
4,14481
10,3585
7,5050
3,974
1,584
2,674
8,3127
1,492
5,1821
4,1565
2,692
1,506
3,1399
6,4113
1,431
2,13199
3,1169
5,2066
1,593
1,323
1,393
9,6422
1,420
4,1467
1,525
7,3797
5,1814
6,2230
1,1364
1,500
10,26754
6,1959
7,3069
1,480
4,1353
3,879
6,3111
1,436
3,1472
1,1763
6,12649
10,2996
6,3177
1,459
1,442
1,15558
10,10016
10,3538
1,524
10,3247
8,3569
8,3202
1,455
1,534
1,1883
6,1522
4,7135
4,1437
1,433
1,427
1,523
6,2561
1,597
1,393
1,398
10,4165
7,5096
1,574
5,2276
1,615
10,12406
7,45113
5,9117
10,4682
7,4733
1,461
1,557
1,1201
7,2423
1,609
2,887
7,2669
1,498
1,412
1,442
9,4552
4,30356
10,4680
1,329
1,354
1,457
1,566
1,548
2,835
5,7532
7,1890
2,7702
1,480
3,2905
1,370
6,2406
10,3367
1,602
1,552
1,609
1,414
10,3603
1,684
10,2806
1,383
6,1896
4,11449
1,436
1,437
1,415
6,2028
3,1149
1,491
1,485
1,621
1,439
1,391
1,494
5,1849
1,584
6,1970
3,13747
1,413
1,551
1,376
3,794
10,7228
1,484
1,457
1,464
1,419
1,573
1,632
6,2121
1,610
1,496
7,3272
1,390
1,485
6,2103
3,1106
6,3515
1,439
1,314
1,446
1,415
1,677
4,1582
5,1683
1,660
2,818
4,4072
6,1977
1,652
7,2346
4,2668
6,2084
1,360
1,493
1,430
1,494
1,405
3,1213
10,3241
1,356
10,3738
2,1250
7,2677
3,999
4,1455
1,349
1,470
1,456
6,1989
1,414
10,3799
2,593
1,350
3,992
1,496
6,1761
4,7823
4,10542
1,408
10,3301
1,575
10,33214
1,396
1,482
3,1112
4,1429
1,543
1,572
4,1385
1,416
4,1378
6,2228
2,7870
1,647
3,1130
1,431
10,3181
4,2239
7,2252
2,695
7,6516
1,428
3,1173
5,2073
1,630
10,3097
3,1253
7,3699
1,586
10,3365
1,521
1,376
1,456
4,1243
4,1437
10,10714
1,389
1,358
5,1925
4,1489
7,10278
9,3370
3,1324
1,362
6,3588
1,630
1,4075
1,455
2,777
7,2351
7,7511
1,333
1,510
3,2167
7,2447
10,27879
10,3671
6,2056
3,805
10,3698
1,559
1,483
1,362
4,1378
10,3645
3,1199
1,815
1,604
3,1044
4,13472
10,13571
3,1341
10,4059
10,2650
1,501
1,890
1,405
4,1382
10,3020
9,3036
6,5747
1,524
3,1239
10,3548
9,3252
4,1133
6,1837
2,980
7,2161
1,466
1,624
1,386
7,2187
7,2342
7,2359
3,1254
4,1512
10,3391
10,3296
10,20018
1,723
6,26181
3,1281
10,5092
7,2169
1,832
1,253
6,2060
9,2757
6,1893
10,5856
6,1894
7,2205
7,2335
6,17093
6,1982
7,3392
6,2677
10,3525
2,782
1,528
1,481
10,3216
2,790
2,602
1,448
7,2095
10,3524
7,6712
6,4636
1,632
1,2679
6,2261
10,6171
5,1569
1,422
10,3172
6,2285
6,1946
6,1851
1,477
7,2447
10,3314
10,7129
3,1287
3,1137
4,3991
4,1568
10,3070
7,2136
2,1011
1,329
3,1152
6,1926
1,501
2,805
6,2248
10,3191
10,6957
10,3603
1,401
1,514
2,833
7,1621
9,2963
9,3018
1,401
10,3896
1,621
2,1172
7,2344
9,6067
10,7114
7,2098
3,1212
1,315
1,536
10,3247
10,2827
10,2771
6,2166
7,2577
10,2833
2,836
2,613
7,2236
6,2141
7,1691
10,2679
1,594
1,494
9,5117
9,3728
3,854
6,1995
10,3129
7,2338
1,468
2,796
6,2138
3,1172
2,866
3,941
1,478
1,600
1,571
1,787
6,2254
10,3445
7,2235
7,16875
5,1727
1,477
5,1803
10,3304
10,3306
6,1993
10,2538
1,364
7,9020
1,538
1,496
7,2275
10,3051
2,773
10,3365
6,1919
2,802
6,1999
10,3350
7,6172
3,946
3,1227
1,322
7,20348
1,559
1,384
5,1695
10,2601
3,1096
10,5898
6,2430
7,2502
9,2849
5,1790
9,4962
1,574
10,3418
1,262
2,683
1,523
1,427
7,2876
10,3186
5,1877
3,705
1,4734
5,1617
10,11206
10,3470
7,2320
4,1967
10,2841
3,1042
9,3545
1,470
1,521
10,3272
10,3480
6,1897
1,321
1,465
7,7214
5,1772
7,1623
6,1989
3,1146
10,3174
1,469
7,2488
3,1262
1,449
1,549
7,2965
2,822
4,965
9,14931
6,2367
7,2324
10,2628
2,3248
2,766
10,2687
1,367
6,4327
10,2764
1,538
3,1195
1,605
4,1395
3,1153
3,1675
10,4979
10,3224
4,1469
3,1018
5,1873
10,2570
1,369
6,3613
1,324
1,399
4,16807
1,346
1,393
7,2833
5,1550
9,5573
4,1573
5,1929
7,2327
10,3405
1,351
1,270
10,3295
7,2587
1,715
5,1673
1,303
1,418
3,871
2,1034
6,2215
1,466
3,1476
1,466
10,3150
7,2571
1,578
6,2120
4,1614
4,2920
3,1064
1,295
1,470
10,3114
3,1049
6,2051
5,5378
1,562
3,1014
6,11230
1,382
1,655
2,658
8,2769
7,2478
1,478
1,251
10,3347
7,2023
1,358
1,502
1,350
1,552
1,456
5,1971
1,361
10,2346
3,3000
7,2280
4,1561
1,581
1,260
1,482
10,3545
4,1455
2,716
1,14808
1,453
1,472
7,2590
1,235
3,842
1,1877
9,2999
10,3314
1,429
1,264
1,472
10,2396
10,3107
3,949
1,504
1,444
2,1026
10,3246
1,260
10,3417
1,491
10,3252
6,2108
1,391
1,288
1,455
10,3290
6,2320
4,1241
5,1679
1,473
1,558
4,1514
1,403
10,3680
1,469
6,1885
10,3967
1,411
1,345
1,382
10,3291
10,3611
1,348
1,432
1,420
1,691
5,1719
1,247
10,2290
4,1066
2,799
3,1092
3,1086
1,260
1,440
7,2334
7,2325
5,2156
1,431
10,3307
1,483
1,563
1,234
10,3516
1,366
3,1005
6,2031
9,3350
8,1975
1,482
3,789
5,1827
3,3724
1,553
3,1055
1,499
5,1803
1,276
7,1673
1,415
2,580
10,4576
1,387
2,659
1,456
1,440
7,5585
1,442
3,929
1,513
1,500
1,531
1,271
10,2614
3,2818
1,358
1,781
1,535
8,2097
1,401
1,349
10,12319
1,417
1,360
1,568
6,1504
1,477
3,1014
2,658
1,702
3,734
1,366
1,554
10,2178
2,980
1,349
4,1544
1,397
1,283
1,402
1,510
1,502
2,569
8,1871
1,3376
10,3361
2,649
1,574
2,946
10,6060
1,474
3,1354
1,376
1,291
1,360
1,490
3,2186
8,1901
10,4229
1,4460
10,3111
7,2319
1,506
10,3094
6,2068
1,259
1,498
1,433
1,411
3,770
1,453
1,525
10,2112
10,2666
1,458
8,2380
4,1229
3,806
10,3444
7,2519
1,240
1,901
1,441
3,958
10,3279
2,837
3,2082
10,3257
10,2733
1,623
10,2107
2,736
1,451
10,3638
5,2144
1,230
5,1868
1,492
10,2269
7,1929
10,2448
1,394
10,3471
10,2625
1,445
10,3193
6,3695
10,2995
8,2552
10,4410
1,241
1,538
1,422
3,1144
7,1638
4,1420
1,499
7,2197
10,3242
2,881
9,2078
9,4144
7,1957
2,568
4,1640
1,230
1,522
1,508
7,2667
10,3569
10,4511
1,536
10,2697
8,2277
10,3740
7,1646
10,3998
7,2356
10,17424
3,1367
1,223
3,1788
10,4399
10,3989
10,3287
5,1868
1,459
8,2401
2,512
6,2083
1,354
7,2326
10,3591
5,1232
5,2053
1,388
1,543
2,662
7,2533
7,2015
7,2445
1,477
2,630
1,436
7,2351
1,426
6,2042
10,3507
10,3029
3,1391
3,725
1,367
9,2933
10,3723
3,1488
10,11589
3,1173
10,3644
1,317
5,11333
1,368
3,3441
7,1679
10,3318
2,720
10,3102
1,375
10,6673
10,3658
1,497
5,1775
7,1681
5,1272
1,250
10,3378
1,278
6,2098
3,1226
10,2328
10,3325
10,3197
1,462
7,2235
7,1644
3,765
3,2983
10,3818
10,3249
1,230
10,3512
1,367
3,1401
3,865
10,3242
10,3174
10,2674
3,1136
5,1853
3,1332
10,3236
3,978
9,3286
10,3841
1,299
4,1589
1,334
8,9288
10,2115
10,2862
7,2217
10,2835
1,654
7,2724
3,1005
10,3123
3,984
7,2651
10,4187
1,286
5,2428
1,343
1,776
10,3563
5,1657
7,2421
9,2111
1,648
1,500
10,3570
10,3042
7,1695
7,2491
10,2241
1,247
3,1168
1,364
1,527
10,2346
1,497
10,3560
7,1882
10,3654
3,1242
10,3107
10,2784
10,2193
10,3404
10,2654
1,304
3,1386
1,363
1,472
10,2348
1,340
10,3552
10,2487
7,2773
5,2183
10,3762
9,2421
4,1461
10,3028
5,1953
1,358
7,2604
1,390
2,767
10,2224
1,620
10,3225
3,1063
10,3513
3,1175
10,3398
10,2957
10,3117
1,439
1,285
1,315
3,786
8,1934
1,401
10,3167
1,445
8,2811
2,596
10,2734
3,1282
10,3459
7,1516
10,3181
3,759
1,261
10,2280
10,2985
10,2242
1,487
7,2603
1,429
3,1112
8,2013
7,2398
3,768
10,3016
1,596
10,2470
3,880
1,274
5,1160
10,3273
10,2142
1,536
1,536
1,806
1,663
10,3619
10,3871
10,3159
7,1545
1,504
10,3798
10,3364
1,309
10,2990
3,1163
2,495
1,493
1,275
1,403
1,329
10,2145
10,2681
7,2359
1,413
1,361
7,1825
10,3436
1,283
10,7805
7,2295
2,589
1,432
1,266
1,388
1,288
7,2425
3,1197
10,7404
1,260
1,394
6,1568
10,3064
1,239
10,3359
10,2633
10,2657
1,508
1,260
1,293
1,716
10,3394
3,855
10,3095
1,232
1,364
1,370
10,3375
1,357
10,2954
10,3411
10,2322
1,793
1,315
1,250
1,270
10,2737
10,3376
7,1510
1,230
1,362
1,297
10,3498
1,562
5,1263
10,3641
10,2363
1,598
1,263
7,1749
1,337
8,2477
10,3347
10,3360
1,261
1,369
1,284
10,3010
1,463
3,1153
7,1748
8,2547
2,904
1,293
3,922
1,318
2,670
10,2971
10,3585
1,370
1,384
1,340
7,1808
1,410
10,2497
1,403
5,1297
10,6055
1,471
3,1053
10,3257
1,411
10,2145
7,1615
1,361
1,287
1,336
1,491
3,1052
4,1505
1,284
3,819
6,2041
1,723
6,2192
1,280
1,307
10,3596
1,439
1,361
1,259
1,254
1,377
4,1107
6,1562
1,356
5,1376
10,3356
10,2398
3,1115
1,240
1,452
7,2297
1,294
1,353
10,3395
1,359
1,393
4,1460
10,2647
1,404
10,2303
5,1483
1,313
10,3905
1,247
1,379
10,3306
1,384
1,355
10,3657
1,335
1,394
6,2265
7,2441
1,413
10,3842
10,4219
10,2477
7,2416
3,860
1,347
1,380
3,962
8,2254
2,639
1,361
1,251
7,2450
10,2989
1,349
5,1481
7,2582
2,668
10,3579
10,2691
1,368
1,323
1,389
10,2081
8,1922
1,271
1,375
10,2989
10,3207
1,260
10,2021
4,1885
8,2013
7,19490
10,3496
1,255
1,405
1,593
2,511
10,3313
10,2291
1,358
10,3447
4,1502
1,374
10,2730
5,1778
10,3863
10,16967
10,2327
1,298
2,686
1,377
8,2011
10,2191
1,418
1,448
6,5345
6,4299
1,366
7,1985
3,1161
10,2302
4,12767
10,2384
1,269
1,346
1,694
2,508
10,3044
10,2199
1,456
6,2117
10,3461
1,444
5,1788
3,1572
10,2737
10,3025
7,2747
1,305
1,261
1,366
10,3518
8,2360
10,3336
8,2568
4,1626
1,576
1,397
1,392
3,939
8,2078
4,1796
10,2895
3,941
1,505
1,357
10,2099
2,654
10,3502
1,309
9,3044
1,359
3,780
1,256
10,3089
2,612
10,3694
2,638
4,940
1,257
3,778
10,3711
3,989
10,2316
10,3576
4,1464
1,411
10,3696
1,457
4,3170
4,1064
10,3618
7,1634
10,3851
1,420
1,301
8,2798
4,1040
9,2839
2,647
10,3943
1,356
10,3378
1,371
10,3291
10,2108
10,3940
10,2825
10,3649
1,439
7,2041
2,731
10,3248
9,2489
10,3749
10,4668
1,328
10,2250
1,393
7,2516
10,3684
9,6831
10,3652
10,3399
1,513
10,4465
5,1305
10,3384
2,678
10,2101
10,3548
1,500
9,2911
1,326
7,2187
10,2707
10,10398
10,2383
10,3346
8,1837
10,3414
10,3654
10,3305
8,2018
10,2156
1,357
1,460
10,2830
1,518
10,3444
10,2250
6,2192
10,2956
7,2496
8,1957
10,2855
10,7279
10,2634
1,568
10,3512
10,3393
1,578
7,1711
1,544
7,2843
10,3452
1,543
10,3336
6,1779
2,975
10,2144
10,3198
7,2716
10,2400
10,3866
10,29095
1,586
10,3019
1,712
10,3309
10,3401
1,2723
8,2341
10,2595
10,3743
10,4571
10,2319
10,3250
10,3016
5,1964
10,17601
1,447
10,2251
1,449
6,2071
6,1506
1,1119
3,744
3,1069
10,2757
8,2324
10,4195
6,2129
10,3675
10,3398
6,1775
10,3408
2,614
7,2496
3,1071
1,602
1,1172
1,397
4,1336
10,3462
2,684
10,2577
3,986
10,2342
10,3567
1,429
4,1754
8,1770
10,2225
1,623
1,398
1,684
1,284
4,1807
10,2613
8,1788
5,1228
1,802
8,2645
10,3323
1,531
10,3983
10,2626
10,2119
1,327
1,304
1,613
1,242
6,2418
10,3546
10,3462
1,473
1,448
10,3558
10,2975
1,342
10,7437
10,3852
4,1462
1,501
1,265
1,464
1,287
7,2430
5,1560
10,3621
1,374
1,554
2,706
10,2490
1,405
8,2924
10,3198
3,1165
1,322
1,268
1,526
1,273
6,2133
10,7157
2,439
1,356
1,382
1,497
10,3076
1,353
9,3179
10,3216
10,3811
1,267
1,261
1,520
1,283
10,3442
10,3977
10,2207
1,439
1,436
1,384
5,1329
1,485
6,1596
8,2547
10,3405
1,268
1,707
1,358
1,352
10,3497
10,3480
10,3030
1,400
1,327
1,406
1,698
1,354
2,680
2,737
6,1930
1,241
10,3676
1,384
1,305
6,2407
10,2395
8,2629
1,407
1,272
1,500
1,304
1,482
1,515
1,454
10,18462
1,640
1,657
2,699
10,2165
4,1490
10,2456
10,2584
1,401
1,266
1,542
1,508
1,509
2,786
1,257
2,879
1,292
1,307
3,1263
1,246
1,704
10,3920
2,622
1,266
1,269
1,545
1,389
1,455
5,1678
1,294
5,2534
1,347
3,801
1,437
1,229
1,575
5,1743
1,441
1,266
1,484
1,283
1,400
2,1116
1,566
1,287
4,10647
3,775
1,373
5,1794
5,1363
1,553
1,556
1,290
1,263
7,2762
1,263
1,441
3,1205
5,2042
1,287
10,3374
10,4435
10,2152
10,3469
10,5151
1,589
1,374
1,271
7,2429
10,2750
1,265
1,601
1,440
8,2972
1,472
10,6104
10,2833
3,1336
8,2814
10,5469
1,591
1,563
1,354
10,2381
3,1154
1,247
1,431
4,938
10,3474
1,247
8,5331
10,2820
6,2295
10,3450
10,2687
1,396
1,398
1,256
3,897
6,2236
10,3310
6,2116
8,2861
5,1078
1,246
7,3075
10,2806
7,2664
7,2192
10,3291
1,325
5,1820
1,433
6,1891
10,3488
3,816
1,645
10,3932
8,2680
1,263
5,2008
10,3163
10,3859
9,3073
5,1888
1,563
1,340
1,462
3,1162
10,4543
10,3337
1,438
8,2878
10,13855
1,255
10,13921
7,1421
7,2590
8,9063
3,845
1,388
1,392
1,263
10,3182
7,9125
10,4148
3,1215
10,4202
9,3163
3,884
6,2106
10,3425
10,3611
5,4195
10,2289
1,403
1,652
1,284
7,3371
4,1077
10,2727
10,2730
7,2637
5,1720
5,1149
1,565
2,626
4,1376
1,448
3,1159
3,1341
1,526
1,545
10,23367
3,1344
10,3112
4,1493
9,2790
10,3781
10,3222
3,1143
8,2071
4,1162
2,912
6,1699
2,880
1,500
5,1370
4,1387
2,784
7,2197
7,2462
6,2030
1,669
10,3874
1,401
10,2333
10,3499
9,2411
10,3700
10,3470
1,490
5,1234
10,3599
10,3686
3,1124
10,3868
2,979
1,514
10,3658
1,379
10,3455
10,2274
2,874
7,2232
10,3407
7,2500
10,3192
4,2529
10,3753
8,2622
10,3386
1,437
1,714
7,2691
1,576
10,3302
10,3071
10,3292
10,3062
10,4363
3,1038
10,3486
10,20431
10,3407
5,1512
10,3669
10,4469
1,621
10,3062
1,502
10,2259
10,4492
1,628
10,9867
10,2135
5,1524
10,2532
10,20900
10,3845
6,2031
10,3171
2,878
2,1045
5,1287
1,645
10,3120
9,3398
10,3333
10,2555
10,6117
3,1028
10,3973
8,22894
9,3183
2,1149
4,1643
1,466
1,415
3,1291
1,586
8,2949
6,2081
10,3263
4,977
7,3615
10,7022
10,2596
10,4012
7,2501
7,2526
8,2737
10,3540
1,735
10,3292
1,458
2,493
10,3556
10,3313
7,15767
8,2850
7,9024
7,1823
9,4175
10,3616
10,3440
10,3567
9,2935
1,526
10,2085
1,336
1,631
1,533
8,2739
1,577
5,1875
10,3348
3,970
6,2322
8,2476
10,3262
10,3256
10,15894
1,413
4,1718
1,542
1,369
1,596
9,3677
1,482
5,1956
10,3281
5,1371
10,6257
1,389
10,3459
10,3314
10,5362
1,529
6,2432
8,1937
1,314
1,901
1,517
10,3252
3,1307
10,3323
6,2332
1,480
1,513
10,3299
9,3170
1,662
1,513
7,2654
1,507
1,361
1,496
1,548
1,346
1,463
4,1688
3,7519
1,519
1,807
5,1925
10,5262
1,468
2,874
10,3550
7,1685
1,306
1,705
1,459
1,421
7,2357
10,3399
7,2740
2,807
1,770
4,1574
6,2231
8,2290
1,330
10,3719
10,2238
1,327
1,566
1,446
1,508
5,1506
10,7575
10,7111
1,505
1,664
1,425
2,684
9,3076
8,4459
10,3695
9,3092
1,302
1,438
1,527
1,304
10,2685
10,10272
10,3411
1,868
1,470
1,467
1,824
1,18720
9,3490
6,2018
2,1392
1,317
1,434
1,506
1,261
10,3592
10,3370
10,6257
1,508
1,601
1,552
1,621
1,479
10,4619
4,1290
10,3669
1,519
10,3141
1,502
1,257
7,2323
9,2959
5,2725
1,521
1,523
1,434
1,539
1,517
10,2799
1,514
10,8596
1,245
1,429
1,568
1,233
8,11018
10,3313
10,3668
1,1239
9,3208
1,493
1,562
1,589
1,340
1,395
9,3637
5,1332
5,1678
1,504
1,372
5,1589
6,2248
4,1549
1,779
1,736
1,531
5,1905
1,562
10,3496
1,273
3,1093
10,3518
1,375
1,460
4,1485
3,1127
1,492
1,596
1,952
1,581
10,3180
1,376
1,436
9,2833
1,327
1,962
10,3374
1,505
1,403
10,3674
9,3482
1,637
1,385
1,521
1,415
1,405
1,748
1,485
1,471
1,268
4,1281
10,3296
1,448
5,1743
9,3033
2,1451
1,645
1,392
1,493
1,555
1,563
1,386
1,341
2,883
1,392
7,1913
10,2350
1,495
5,3734
10,10050
1,515
1,493
1,451
10,2305
5,1961
1,346
1,545
1,427
4,1478
1,360
2,1082
5,1401
5,1805
4,1490
9,2926
1,393
1,512
1,430
1,428
1,704
1,429
1,514
4,1546
4,1897
1,358
10,3112
10,3212
9,3527
4,1659
6,2077
1,476
1,369
1,475
3,1158
3,1117
5,4280
1,504
4,1597
4,1424
1,350
6,2260
3,1062
5,1776
4,1706
1,511
1,448
1,659
1,461
5,1523
4,1139
10,3737
2,566
10,3793
4,1155
1,324
1,438
10,3086
10,5363
5,3110
1,1215
1,385
1,623
1,435
10,2213
10,3460
10,3224
1,415
4,1448
8,2487
5,2006
10,3593
3,1167
10,3294
4,6104
2,914
1,445
1,406
4,1763
10,3550
5,1778
9,3109
5,1356
3,1300
10,10165
10,3540
6,28441
6,2354
9,3034
4,1289
5,2285
1,448
1,709
1,375
8,2883
8,2972
10,3269
5,1574
4,1422
4,1346
4,1843
3,4363
7,2453
5,1743
7,2380
1,524
1,756
1,616
1,713
7,2744
9,3139
5,2218
3,1081
4,1795
4,3694
10,3370
8,3650
10,3205
1,490
6,2388
3,1082
1,529
1,502
6,1893
9,7931
7,2362
1,12239
8,2166
2,1039
1,584
9,3110
1,807
10,6525
2,717
2,1418
5,1202
1,338
9,2835
10,3343
5,1776
6,2108
1,585
10,3461
7,2527
4,1294
5,1906
4,2091
10,2674
9,2432
5,1726
8,3146
1,376
3,998
10,12769
2,1260
2,967
7,1650
5,1799
6,2475
2,1070
10,3447
9,3502
7,2453
1,521
6,2203
5,5081
3,1074
7,2812
10,3599
1,471
1,481
5,1611
10,3392
3,1330
3,1042
6,2483
1,725
4,15615
10,4697
1,659
10,3554
10,2352
10,2160
9,10496
2,606
4,1227
10,2326
8,2326
6,2131
1,1935
1,473
1,1086
10,3072
10,3408
1,568
8,3707
2,562
10,3344
10,3898
10,3360
10,3320
9,3053
7,2165
1,643
6,2250
2,800
1,603
1,490
10,3057
6,7641
10,3498
10,3423
10,3197
1,905
10,2521
2,839
10,3433
2,1303
6,2416
1,476
10,3736
1,920
1,341
10,3432
2,903
7,2564
9,7428
8,3119
2,682
9,2878
10,3149
10,2545
1,21109
1,3704
1,837
7,2813
1,908
1,416
8,3845
1,500
9,10596
1,4569
3,1253
1,452
1,353
1,326
3,1100
2,886
2,973
5,2025
3,1264
1,31511
1,696
9,3523
3,1141
5,1204
7,1851
7,2948
3,1068
10,10921
9,7204
8,6528
10,3316
3,1045
1,373
1,450
1,31186
1,620
1,706
4,1424
2,765
8,3565
2,974
5,1830
10,4474
10,3465
9,2846
10,3407
2,712
2,906
5,1670
3,1201
1,1068
4,45745
2,979
1,437
2,6167
1,554
10,2137
1,504
6,2134
5,1740
1,562
2,838
1,1525
8,3124
5,2238
1,712
1,41951
2,760
1,465
9,11243
2,796
8,1807
1,484
8,2840
1,411
10,3379
2,686
2,820
8,2642
1,787
1,468
2,44635
5,1735
1,412
8,47748
1,543
10,3673
1,1061
9,5962
2,873
9,2864
5,1776
6,2357
3,15564
1,634
1,472
4,9454
2,848
10,2732
5,1796
9,2645
10,4042
9,3481
1,621
1,524
10,15565
1,336
1,369
7,5471
2,852
1,557
4,1552
1,355
1,657
3,940
10,3760
5,1746
8,2639
1,652
1,331
8,6863
6,2111
1,621
9,2779
1,415
4,1247
1,2484
1,509
1,640
4,1365
10,4130
9,2676
1,515
1,627
10,5261
9,2908
3,927
1,2765
10,17382
3,1025
10,3311
10,4004
6,2342
1,334
10,3177
10,3301
8,2509
1,509
4,1261
1,9921
1,550
6,2695
1,596
5,1089
10,2840
10,3618
3,3034
6,1867
1,403
4,1612
10,3843
7,2763
1,387
1,597
1,323
1,565
1,519
1,744
1,373
5,1825
10,5672
8,2675
5,1868
1,463
5,2166
8,3549
1,643
1,25133
1,537
1,247
1,400
1,669
2,1262
1,496
4,1452
9,3351
1,558
4,1830
1,519
4,1592
9,3012
1,452
4,25482
2,3405
1,272
5,1831
4,1357
1,605
1,464
5,1922
10,3521
5,22319
1,497
1,518
7,4668
1,572
1,484
1,511
1,500
1,266
1,438
6,2678
6,2398
1,604
5,2027
6,2138
1,529
1,491
1,413
6,2045
1,755
1,474
1,449
3,1261
1,389
1,527
5,4545
3,1265
1,614
6,2058
1,554
4,1152
1,625
10,2981
1,626
1,629
1,441
5,3555
1,354
1,356
2,680
4,1646
6,19799
1,598
5,1544
2,801
1,437
1,503
1,389
1,399
1,525
1,372
5,1611
1,562
1,374
1,347
1,344
2,18124
1,465
7,1822
5,1755
1,549
7,2404
9,3130
2,965
1,476
1,295
1,5610
4,1886
1,341
1,667
1,569
2,11986
1,622
4,1143
1,491
4,6324
1,523
10,2384
5,1670
1,445
1,450
6,1757
1,438
7,1582
1,636
1,599
1,5852
1,487
2,794
4,1269
1,859
1,594
10,3338
6,2349
1,512
1,454
10,10540
1,695
2,711
1,558
2,1003
1,4496
1,578
2,847
8,2956
1,579
1,557
9,3073
2,693
1,690
2,795
5,1815
10,3421
9,2159
4,1419
1,3661
4,3562
2,648
2,776
10,2945
4,16711
3,1135
2,941
3,4254
4,1940
1,451
4,1423
8,2918
10,12175
1,469
5,2298
6,2277
7,1871
1,450
9,3085
6,2003
1,544
1,445
1,16000
1,415
1,933
7,2504
4,18456
10,12282
4,7565
1,393
2,821
10,4054
5,1822
10,4173
3,914
1,626
5,1758
1,572
1,533
1,740
4,45950
4,16795
3,1311
1,438
1,433
4,1724
2,764
1,741
5,1663
1,455
1,533
4,4912
1,562
5,1656
10,3478
1,393
2,723
8,2810
4,1470
1,508
7,4096
10,13252
2,788
8,7964
5,2079
2,683
4,1369
2,795
3,7718
2,898
2,960
2,887
3,1129
8,2433
1,391
3,1311
10,3286
1,365
6,1959
1,539
2,942
8,2540
6,2118
4,1408
9,3833
5,1607
7,2362
5,1927
10,3285
7,37410
2,1170
1,374
5,1687
9,3241
2,878
1,420
10,18798
1,426
6,2047
9,4856
6,2036
6,2239
5,1773
1,530
2,811
1,507
3,1079
1,494
1,679
2,804
4,1635
4,1450
2,827
5,1668
10,3445
1,551
3,2703
3,6319
4,1539
1,524
4,7782
8,19073
2,645
1,491
1,573
2,891
4,1853
2,662
5,13352
10,3481
2,823
6,3359
4,1472
6,2268
1,521
5,1744
9,9759
1,357
1,425
2,698
2,900
4,1612
5,1824
10,38878
8,2936
3,1034
3,1175
10,3575
7,2307
4,7263
2,805
10,3144
1,330
2,835
6,4264
2,722
2,990
1,464
6,2233
1,1470
6,1918
2,660
4,1407
2,10542
2,764
2,771
2,844
6,1919
1,425
5,1702
5,1778
7,18097
1,361
2,701
5,1432
2,751
2,685
5,1968
1,575
2,668
2,734
1,9714
5,5380
1,477
2,677
2,883
6,3011
2,764
7,2491
5,1824
2,867
6,3872
4,3319
6,2246
2,809
4,1513
5,1759
4,1409
1,565
1,561
2,937
1,529
1,471
2,842
4,1478
2,890
5,1699
5,1693
2,938
2,1766
2,2780
4,1409
7,8977
1,456
1,361
2,894
5,2495
1,577
6,2151
4,1632
5,1546
2,762
2,926
2,907
10,4137
10,3832
4,1430
1,321
1,489
4,1382
3,1239
1,419
1,11575
2,912
10,3133
1,304
1,324
7,7433
5,1715
2,872
2,5759
8,2644
3,1017
1,537
6,1940
6,2535
1,465
6,14236
3,1111
4,3033
1,510
1,330
3,1285
2,745
3,3509
5,1835
4,1401
5,3637
1,454
6,4189
1,567
5,1607
4,1645
2,829
4,2318
6,2159
2,655
5,1958
3,1069
8,2698
1,457
1,477
6,4109
1,452
5,4290
8,2493
1,389
1,436
1,360
5,2994
1,369
6,2119
1,2092
1,551
4,1409
3,956
5,4081
2,1179
1,476
4,1317
7,3269
1,655
5,2387
2,788
4,1186
4,1493
6,2122
1,459
1,400
5,45149
8,2801
1,387
1,358
2,819
7,2275
8,24619
6,2102
6,9041
5,1651
6,6656
4,1293
5,2776
2,677
2,689
8,10998
6,10155
1,417
2,652
1,714
3,1129
8,2570
1,354
4,7219
6,5532
7,14182
5,1582
4,4574
2,703
6,14518
6,30331
8,2773
4,1343
1,415
9,8901
2,875
4,1455
3,1161
1,8990
2,688
1,552
7,11027
4,2743
1,339
6,2086
6,2165
1,413
7,2403
1,458
10,21477
1,421
6,2427
1,416
7,2574
1,418
2,696
3,5871
1,369
1,482
6,2242
5,5506
4,1491
2,724
2,741
10,14594
1,469
6,2592
1,422
2,900
4,1448
1,398
6,19084
7,2406
2,672
4,1365
2,928
1,436
1,395
2,810
10,29512
2,749
3,1186
1,426
4,1457
6,1946
5,2010
1,485
1,449
6,1910
4,3243
4,1548
1,511
6,2475
1,447
8,101862
1,551
2,752
1,409
4,1852
1,458
1,684
1,723
1,433
3,3217
5,1849
6,2214
1,360
1,521
1,325
9,110120
2,918
4,1654
1,470
1,401
6,1987
1,712
1,607
3,3073
1,822
7,2746
6,2126
6,2068
1,431
5,1684
1,574
5,2735
4,1496
2,774
2,676
5,4486
1,482
2,1072
1,473
1,1920
1,405
5,1957
1,484
5,1728
1,354
5,1757
1,350
4,1594
6,5566
2,931
7,11312
1,673
2,783
1,488
1,865
1,548
4,1741
4,2117
1,372
2,839
10,4476
1,533
5,2006
1,2297
2,585
1,482
1,16837
1,609
2,773
1,531
1,542
4,1463
6,2093
1,694
1,513
3,1180
1,415
4,1492
1,504
2,885
2,781
3,1155
1,635
1,446
6,8047
3,1231
6,2159
1,601
1,618
4,18392
4,1275
6,1959
6,2115
2,752
2,804
3,1051
1,480
2,1306
1,669
5,1480
1,424
4,1514
2,1034
1,721
1,3755
8,2417
2,8974
6,2184
5,1612
10,6246
1,429
2,670
1,364
3,1108
1,3169
1,459
1,537
5,2004
1,6467
2,1007
4,22564
1,353
6,2190
1,692
2,950
4,33788
1,29813
4,7227
1,396
2,8064
2,780
1,570
4,1572
6,2184
4,1751
4,1594
4,10904
6,2199
1,632
5,1930
1,487
1,28299
4,10194
2,744
1,823
1,392
1,605
1,493
3,1045
1,453
4,1568
1,548
5,1805
2,833
8,2776
1,442
6,21876
1,7225
4,3805
2,3090
2,788
6,2457
1,644
2,797
8,3015
4,2416
2,650
1,453
6,2407
8,4037
2,744
1,399
7,9754
1,372
4,4021
1,364
4,1637
1,481
1,586
3,958
2,830
4,1258
1,547
4,1462
3,4127
1,2636
2,743
2,854
5,3801
1,533
1,1196
5,1781
1,445
2,932
8,2910
7,2318
2,916
1,401
4,1480
6,5277
1,409
5,1758
1,427
2,801
1,489
1,587
6,2043
6,1393
5,2200
7,3062
1,378
10,3320
1,357
7,4062
4,1252
2,1195
6,6136
1,459
1,402
1,1874
1,689
1,394
6,9039
2,4020
10,3542
2,985
1,407
6,2905
2,1020
6,7739
1,466
1,523
2,3837
2,719
6,2415
2,904
6,2038
4,1783
1,630
4,1502
3,1188
1,339
1,475
2,1092
1,529
1,431
2,710
2,823
2,832
4,1477
1,562
4,1358
6,2403
2,973
8,27039
1,370
3,1173
4,1132
1,740
6,2952
1,418
1,363
2,2183
1,494
6,6834
4,1482
1,370
6,2259
1,496
6,2534
1,576
1,439
1,380
1,479
1,490
4,1224
7,2638
10,3185
4,1584
5,1835
5,2075
1,528
6,2341
6,2263
1,363
5,2331
7,2550
1,391
5,2068
1,569
2,689
1,383
2,868
6,2153
4,1748
2,910
1,405
4,1389
5,1663
3,6142
1,355
1,345
1,387
4,1666
5,1735
1,415
1,498
8,16119
1,461
3,1400
8,2678
1,412
6,2239
6,1934
5,2089
1,359
8,7343
1,492
2,899
1,2514
5,2226
6,33318
2,3101
2,747
2,1062
2,740
1,401
4,1402
4,1233
4,1740
1,495
8,2689
4,1030
2,1082
2,705
2,729
4,28778
6,2787
10,23757
1,785
4,1520
1,610
4,1504
7,2333
5,1982
1,493
2,1589
1,591
2,1041
1,870
8,3745
6,2103
8,3043
1,366
2,1011
10,3549
4,7937
4,1843
3,1108
4,1391
1,374
6,2056
4,1404
4,1510
1,510
2,1320
5,1678
3,1133
8,2859
2,901
2,930
1,398
1,453
2,825
6,2293
6,2291
6,1673
1,518
10,10295
1,592
5,1752
2,1614
8,2721
6,6406
5,1847
3,1044
4,1214
1,630
10,3408
6,2062
1,372
3,1254
1,567
3,12230
4,1279
2,712
3,1095
4,1474
4,1497
2,839
1,455
3,1236
4,949
1,440
6,2121
1,653
6,2055
4,1089
2,4030
1,641
3,1053
2,935
2,1158
8,41196
2,719
7,2418
5,1611
8,3100
2,806
5,2319
1,533
4,1490
3,1491
2,4817
1,586
8,2632
1,509
4,1691
1,476
2,895
6,2222
10,8352
3,1036
4,1474
1,529
1,339
5,1905
8,2681
5,4206
1,505
1,403
2,856
6,2204
6,2518
1,560
4,1401
10,5758
10,3578
5,1811
6,2274
3,914
4,1444
6,2150
8,2939
6,6468
10,12360
5,1725
4,1840
2,1713
10,3659
6,2128
9,2716
6,2463
2,791
6,2683
2,619
6,2292
10,3610
7,2609
5,4518
6,2042
2,665
4,1549
4,3934
3,1148
6,2154
4,1483
10,2737
2,823
1,422
5,1517
6,2221
4,1336
8,2849
4,1860
4,1346
2,842
5,1740
6,2060
5,1845
3,1294
6,2136
4,1403
4,1309
4,1418
6,4948
6,2163
9,2104
4,1885
4,1647
6,1852
2,858
6,2171
4,1451
1,656
2,868
7,2527
9,2274
2,1459
5,1943
1,344
4,1390
6,1372
1,472
6,2130
5,1642
5,2158
6,1997
5,1674
8,3554
4,1423
5,2377
6,1375
5,2070
4,1277
2,607
6,2134
7,1988
6,2119
6,2166
2,554
2,967
6,2068
4,1477
8,21387
6,2300
6,4203
1,443
4,1617
4,1511
2,677
5,1606
1,575
1,527
1,615
4,1694
1,549
1,359
6,1990
6,3072
4,1338
10,2452
7,2445
3,1118
1,339
1,327
6,2082
4,1111
1,556
4,1519
6,2031
3,1270
4,1360
6,1841
8,6625
4,1504
10,2497
1,452
2,2322
1,466
1,532
4,1376
6,1712
1,449
5,2114
4,1472
8,3034
1,348
6,1538
5,1976
5,1974
10,2424
1,468
1,538
1,470
6,6466
1,471
10,2920
4,1449
6,10239
5,5099
10,15497
6,5651
4,1457
6,1590
6,2110
10,3593
1,390
8,3339
1,639
5,29299
4,1392
10,3041
6,2077
6,2504
4,1671
8,17646
1,2608
5,2244
1,420
6,2236
10,3077
1,391
1,361
1,415
4,25233
4,1460
10,3176
5,1740
4,2324
6,2124
6,24388
6,3980
6,1925
1,480
6,2332
10,2104
4,1286
1,469
1,494
3,1274
1,470
10,3244
1,454
4,1485
6,1693
8,3095
1,629
6,2232
1,473
4,1536
10,2246
1,323
8,2464
1,388
7,2236
1,458
10,3223
3,1148
8,2823
6,5095
1,678
1,496
4,1488
1,478
6,2422
1,443
1,255
1,461
1,441
4,24807
1,522
10,3302
1,481
1,564
4,1073
4,1700
5,2114
1,481
5,1961
6,2026
1,492
1,278
1,471
1,381
2,810
1,430
10,2848
1,400
4,1395
6,2026
6,2140
4,4113
4,1338
1,386
1,430
1,325
6,2118
4,1745
4,1235
1,390
1,252
1,565
1,444
1,689
1,395
1,1067
1,358
1,390
2,887
5,1900
1,266
1,482
1,564
4,1678
2,669
1,724
1,361
4,1376
3,1529
1,460
4,1672
4,1330
4,1269
1,403
1,399
1,267
1,408
6,2641
3,952
4,1403
1,590
1,269
1,370
5,1884
4,1278
5,2008
1,327
4,1476
1,479
4,4334
1,247
1,405
1,602
3,1180
6,2310
1,275
1,260
1,464
10,2294
6,1800
1,686
4,1269
1,375
1,558
1,526
1,247
10,2580
6,2431
8,2714
1,2974
1,368
1,250
6,2155
10,3342
5,1561
1,521
1,371
1,506
1,408
4,1409
1,250
10,3758
1,952
5,1364
2,1002
1,501
1,276
4,1480
4,1172
1,600
1,504
1,440
1,547
4,1648
4,1510
1,248
10,3431
6,2353
10,3427
2,766
1,385
1,256
5,1726
9,3162
1,441
4,1214
1,276
1,1001
6,1976
1,482
1,280
10,2349
5,2906
6,1621
4,1663
4,1242
1,318
6,1957
6,1487
4,1369
1,379
1,362
1,582
1,308
1,615
10,3410
10,3288
1,405
6,1551
10,3409
9,5365
1,254
4,997
7,2602
4,1257
6,1524
6,2649
1,590
6,1947
1,607
10,2878
10,3697
1,518
7,2294
2,781
3,1175
1,257
6,2066
5,1690
1,395
1,585
1,740
1,508
5,1851
1,526
10,3440
2,849
1,359
7,2422
5,1765
9,2835
2,690
4,1424
6,2143
3,756
1,335
3,1054
1,500
4,1397
10,3630
10,2524
10,3282
4,1635
1,606
3,8817
5,1697
10,2265
6,1702
1,355
1,322
1,278
8,2002
1,385
4,1381
1,398
10,2471
10,3195
4,1628
5,2217
7,8675
10,2921
10,2183
4,2095
1,422
1,308
1,259
4,1524
6,1993
4,1534
1,378
10,3310
8,2269
4,1336
10,2142
8,2600
10,2223
10,3424
6,1868
1,327
1,428
6,2016
10,3038
3,1409
6,1997
1,412
10,2040
10,3328
5,5551
10,2482
8,18650
6,1449
8,1830
4,1388
1,362
1,404
5,2066
10,3290
8,3198
4,1326
1,464
1,424
10,3407
6,1853
10,3523
1,483
7,2515
10,3459
1,470
1,282
1,382
4,1436
4,1246
3,1135
5,1857
1,502
1,309
10,2669
6,2174
10,3354
4,1128
5,1532
10,2435
4,1404
1,282
1,464
4,1562
9,2466
4,1412
6,3892
4,1035
1,250
10,2280
6,1898
10,3506
1,446
10,3138
10,2553
3,1081
1,271
1,491
4,1765
7,1762
10,3361
6,5004
8,2869
3,1190
10,2240
5,2121
10,3632
6,2679
10,2941
1,401
8,2741
1,314
4,1081
6,2130
1,612
4,1326
4,1242
5,1776
10,2745
1,426
6,2188
10,2556
1,500
10,3350
9,2090
4,1410
1,250
7,2000
4,1499
6,2375
7,1877
1,378
10,3500
10,2700
1,452
6,6343
1,473
1,508
10,3167
1,592
6,1630
1,487
8,2588
5,1826
10,3025
7,2706
4,1556
4,1170
9,3171
1,428
4,1537
1,299
3,1030
10,3239
1,430
10,3031
10,2450
6,1505
6,2700
10,2947
1,457
1,468
6,1422
9,3106
1,264
4,1566
1,274
4,1363
10,2410
3,1274
10,2807
10,2253
10,2232
6,6670
10,3402
6,1971
3,852
9,1913
9,3375
1,252
4,4544
1,236
6,7605
10,4337
10,3164
4,955
10,2224
4,1348
4,1523
10,3192
6,1830
8,1837
1,617
10,3753
1,472
1,519
1,321
1,418
10,2339
10,3740
6,2134
10,3212
9,2842
1,488
10,3176
10,3694
10,2958
5,1652
7,2864
1,268
10,3437
1,254
1,464
1,457
9,3259
7,2134
10,2552
6,2137
4,1733
10,3348
10,2382
5,5473
6,2083
1,694
1,262
4,1268
1,265
4,1298
1,269
9,3136
1,275
10,3457
1,492
3,806
10,3428
10,2361
10,3001
10,2989
1,603
1,362
8,2919
1,243
1,514
1,257
7,2558
6,1959
2,668
4,1186
5,1758
1,305
10,2582
4,1116
10,2316
1,757
1,360
4,1466
1,260
1,389
1,240
10,3574
4,1483
8,1836
6,2147
4,1382
1,365
10,2206
6,2355
10,3391
1,440
1,402
5,1842
1,383
1,414
1,252
1,419
6,2325
10,2662
10,2719
8,2904
1,245
10,2943
9,3146
10,3029
1,461
10,3257
10,3525
4,1078
1,386
1,386
1,488
1,341
10,3385
10,2194
10,3150
1,248
10,3595
7,1513
10,3518
1,647
1,616
3,1486
10,2230
1,426
9,2000
1,640
1,274
10,2606
10,2700
10,2150
1,260
1,378
1,515
10,3538
1,460
10,3573
4,1836
10,3456
5,1846
1,301
1,539
1,280
10,3005
10,2855
4,1428
1,350
1,250
5,1672
10,3000
1,371
3,3301
6,1529
10,2814
6,4215
1,262
1,375
1,312
10,3037
10,2205
6,2156
1,369
1,261
6,1809
1,497
1,298
9,2093
1,471
10,3059
4,3187
1,283
1,412
1,245
10,2194
10,3267
7,2431
1,352
1,285
1,366
1,385
1,302
9,3053
1,431
6,2090
6,1531
1,246
1,438
1,261
10,3781
10,2937
1,539
1,303
10,2363
1,453
1,266
1,594
10,3664
1,300
10,3363
6,1977
10,2629
1,341
1,287
1,522
1,363
5,2214
1,301
1,224
1,291
1,254
9,3071
7,2888
1,491
10,3333
7,2044
10,2356
1,454
1,287
1,290
1,265
6,2075
2,626
1,226
1,260
1,250
10,2657
2,747
7,2237
1,361
4,1587
1,528
1,352
1,303
1,327
1,384
1,474
10,2230
1,227
1,422
1,287
10,3547
1,470
1,386
1,296
6,2718
10,3293
2,872
1,373
1,347
1,266
1,378
10,2771
1,254
1,400
1,257
9,3116
10,3737
1,338
3,1182
5,5354
10,3099
10,3386
10,2310
1,343
1,279
1,330
10,2259
1,300
10,2771
1,437
10,3501
10,3231
5,1888
10,2703
4,1654
10,3130
10,3827
10,2752
1,308
1,368
1,413
8,2542
1,264
1,264
1,265
8,2823
8,3178
6,1657
10,3381
4,1560
1,496
10,5255
10,2172
1,295
1,357
1,317
10,3255
2,612
1,269
1,231
10,3657
10,3632
1,279
10,2207
2,1221
1,485
8,2795
10,3339
1,275
1,312
1,267
10,3115
10,2654
1,321
2,705
1,369
10,3656
1,639
9,2268
1,678
1,455
10,3418
10,2202
1,254
1,263
1,289
10,2226
10,3553
1,336
10,2424
2,838
9,2893
1,497
9,2654
4,1534
3,1004
8,2829
10,2104
1,405
1,330
1,322
1,382
8,2070
1,330
10,2299
2,848
8,3026
1,377
10,3645
3,1594
9,2214
2,856
4,1167
1,279
10,2344
1,258
1,346
10,21526
9,3052
10,2834
1,490
10,3415
1,313
7,1597
8,3118
10,3302
2,949
10,2483
1,289
4,939
1,340
1,233
10,14654
10,2266
8,3033
3,1122
1,668
6,1822
1,494
5,1928
10,3008
8,2295
10,2631
1,338
10,2220
6,1647
3,1217
10,3443
10,2612
10,2319
10,3325
1,523
10,3458
1,408
10,3078
9,2554
3,1180
6,2090
10,3401
10,2129
10,2563
10,9054
1,346
10,3197
10,2677
2,804
1,475
10,2691
1,267
4,941
9,2740
1,503
10,2594
3,785
6,1466
10,2357
9,2468
1,467
10,3320
10,3255
7,2860
1,583
10,2613
1,400
10,2455
7,1614
7,2451
10,3142
9,2079
10,3033
10,2090
9,2496
1,240
4,1142
1,429
8,1999
2,1159
10,2433
1,433
4,1256
10,3181
2,916
10,3531
9,2542
10,3122
10,2350
9,3031
10,3253
10,2504
1,563
9,3219
1,645
10,2762
1,406
6,1504
10,2674
7,2048
10,2377
10,2417
10,3564
10,2429
10,2374
3,1020
10,3420
1,411
5,1636
1,579
10,3133
1,366
7,2216
1,447
5,1621
10,2726
9,3174
1,613
10,3428
7,2300
9,2455
10,2309
3,843
10,5274
1,425
2,684
1,362
1,378
1,554
9,2504
1,472
7,2621
1,410
2,555
10,2359
9,2807
6,1650
10,3130
1,559
2,15699
10,2896
1,676
5,1761
1,413
3,876
1,354
2,786
1,303
10,3456
1,496
9,4015
10,2613
9,2540
1,473
1,12902
10,2422
1,491
6,1857
1,487
10,2803
1,251
8,1872
3,1169
10,2088
1,384
10,3146
10,3076
10,2517
1,468
7,8004
8,3123
6,2354
1,354
8,2643
1,561
1,550
1,512
10,2913
8,2584
1,311
10,3613
10,3362
9,2101
1,391
1,406
10,2929
1,611
1,459
1,357
1,382
1,277
10,2515
9,3019
10,3249
1,498
7,2777
10,2430
9,2421
3,1424
1,541
10,2594
8,2778
6,2276
1,383
8,4122
1,240
10,3661
9,2983
10,3079
1,379
1,410
1,549
7,1690
1,416
1,394
10,2786
10,3556
1,384
1,423
3,4237
1,240
10,3303
10,2925
10,3295
1,353
1,366
1,305
10,6475
8,3897
5,1439
10,3661
10,3784
1,433
1,422
1,366
1,281
9,2396
9,2946
10,3132
1,440
1,262
1,275
1,609
1,382
8,2479
10,3238
10,3598
1,1697
1,437
1,770
1,316
10,3006
7,2422
10,3417
1,403
1,377
1,453
1,350
1,457
2,729
1,355
4,1501
1,324
1,511
1,804
1,250
8,2375
10,9523
1,608
1,465
1,269
1,337
1,440
1,452
3,1098
1,455
9,3071
1,260
1,634
2,587
1,308
2,905
1,493
1,380
1,478
10,3196
1,296
1,299
1,560
9,2380
1,365
2,698
1,302
10,3510
1,311
1,249
1,530
1,458
1,386
2,604
1,423
1,380
1,354
1,489
5,1773
1,241
1,647
1,252
10,3532
1,280
9,2112
1,526
1,318
1,287
1,543
1,363
1,290
1,396
2,645
10,3408
1,236
3,1264
1,263
2,730
1,422
1,581
1,315
1,264
1,333
10,2463
1,371
10,2317
1,261
2,1098
8,2103
1,234
1,593
1,607
9,3085
1,339
3,1226
1,438
1,278
1,334
10,3009
1,362
1,278
1,660
3,1285
2,689
1,278
7,2684
10,2361
10,2329
1,362
10,3610
1,650
1,308
1,252
10,2477
1,497
1,389
1,448
9,7493
3,1207
1,233
9,2901
5,1093
10,3239
2,750
9,2977
1,687
1,291
1,270
8,2986
2,580
3,961
1,286
4,1564
2,830
1,249
2,707
9,2437
2,737
3,1308
9,3357
2,1284
1,426
1,383
9,3162
1,442
1,411
2,859
10,3297
4,1432
1,512
7,3483
10,3158
3,1378
10,3116
10,2385
1,911
1,486
1,319
10,3554
10,2799
1,436
1,672
10,3955
10,3304
1,519
5,1843
10,2804
2,745
10,6656
7,2533
1,651
1,392
3,1173
8,2956
8,2753
7,2258
10,3481
8,3475
10,11685
1,481
9,3556
10,3116
2,826
10,3467
6,2158
1,758
10,3723
1,378
2,765
10,3962
9,2433
10,3610
7,2717
10,8067
3,1342
10,3283
5,1845
8,4575
8,2738
1,526
1,513
6,2018
1,431
2,1049
10,15386
10,3116
10,3197
10,4999
8,12471
10,3431
3,1144
2,622
7,2138
7,2529
10,2230
3,1185
1,508
1,316
1,588
9,3453
9,2975
8,2622
1,658
7,2555
9,2997
1,617
10,2214
7,2172
10,3238
10,3375
1,593
10,3713
7,2595
3,886
8,2994
10,3701
9,3578
6,1724
8,2516
9,2991
3,1103
10,3472
5,1721
10,3523
4,1139
5,1681
10,3567
9,2231
2,756
2,981
6,2061
10,4247
1,652
10,3349
10,3409
8,3175
8,1800
8,2773
6,2371
10,2996
8,2143
4,3091
9,3142
7,3527
2,719
1,664
8,1708
1,432
6,2188
10,3270
1,7062
10,3297
10,3187
4,1368
9,2557
2,709
9,2559
9,3303
8,3416
1,352
10,2870
2,1107
10,32027
1,654
7,2711
1,534
10,3107
3,1094
8,2802
10,2416
7,1582
10,2940
10,3089
7,4047
3,1139
10,3423
2,891
5,34322
1,550
1,477
1,536
10,3329
8,2833
3,1232
8,2176
5,1638
8,3740
10,4859
9,3318
5,1620
10,3758
1,527
1,447
1,864
2,964
1,431
10,2405
3,1128
5,1810
10,2192
9,3079
2,1219
2,1009
5,1760
2,728
4,2137
3,825
8,21848
1,580
9,3267
2,781
10,2588
2,864
2,961
3,1102
5,1600
2,839
1,613
1,728
8,2576
10,3386
5,1731
1,448
1,554
10,2309
1,280
1,432
10,2242
1,411
2,802
2,770
3,982
10,2867
10,3469
5,1738
9,2787
2,810
1,388
1,604
8,2776
1,413
1,352
1,369
9,3615
1,451
8,2244
1,358
10,3084
3,993
9,3228
8,2795
8,2291
2,663
1,530
10,3514
1,361
1,266
1,410
9,3848
1,316
3,1094
7,2616
8,3306
1,236
10,3155
2,997
7,1903
5,6902
1,530
10,2427
1,352
1,342
1,291
7,2524
1,321
2,1351
2,787
10,4117
1,291
10,2113
10,17020
9,2705
1,469
1,1967
10,3029
1,614
1,303
1,277
10,3358
1,560
8,1795
8,2911
10,4229
1,407
5,1688
1,497
5,1906
9,37343
1,585
8,2717
2,808
1,253
1,249
1,554
2,683
10,2210
7,2147
9,2803
8,2389
8,2258
1,515
5,1461
9,2959
9,6081
1,507
10,3011
1,395
1,282
5,1732
1,412
2,891
5,1923
10,2840
1,263
2,799
7,2298
10,3384
1,339
4,1531
1,542
10,4123
1,420
1,453
1,801
1,493
3,1251
9,3330
8,3124
1,260
1,496
3,1258
8,2843
8,95916
3,1174
1,508
4,1268
1,453
1,276
9,3592
1,572
10,3353
3,1105
1,645
1,307
1,291
1,347
3,1018
1,16986
1,424
1,373
10,3529
1,351
1,253
1,719
1,545
4,1549
10,2701
1,455
1,308
1,333
1,399
3,1305
9,23949
8,4383
1,519
10,2451
3,886
1,244
1,467
1,392
10,3314
8,2646
1,783
1,405
1,248
1,350
1,521
1,542
1,516
1,529
10,6565
3,1027
2,778
1,3529
1,243
10,4240
1,404
1,655
1,492
1,373
1,456
1,506
1,470
7,2442
1,447
10,3207
10,3153
10,3713
1,646
5,1301
8,3023
1,254
1,602
3,4229
1,282
1,403
2,1020
1,458
10,3251
1,425
8,2564
6,1957
3,1138
1,1152
1,342
7,5256
1,369
1,501
2,861
1,268
3,971
1,340
1,1354
2,810
2,860
6,1969
7,1807
4,1623
1,866
7,2376
10,7145
3,1503
2,951
4,1125
1,298
1,681
1,344
1,487
6,3532
1,438
3,1124
10,3567
10,3902
1,437
2,743
6,2083
1,418
1,371
2,591
1,263
1,520
1,330
1,546
9,3515
1,754
6,2023
10,3529
10,3560
1,493
8,2669
1,583
1,341
1,484
2,779
10,2354
1,358
1,283
1,469
1,997
1,484
5,1725
7,2644
8,2949
1,530
2,729
1,526
1,310
1,648
3,1167
1,237
1,631
1,366
1,582
3,1105
3,842
1,429
4,1460
6,2378
1,616
9,3041
1,546
2,890
2,1363
6,2097
2,657
3,1095
1,324
2,1459
6,1929
7,2204
7,2342
2,934
7,41972
6,2364
10,7478
1,535
1,356
1,338
9,2777
2,966
7,2262
1,409
10,3557
10,7154
2,715
9,2972
1,497
3,1150
10,3487
3,1998
1,584
1,406
2,904
10,2347
10,3434
5,2492
1,361
6,2125
2,994
10,3446
9,19235
10,2844
8,15082
10,18057
8,3300
1,467
1,378
3,911
8,3795
8,2526
10,3719
2,1344
9,8611
10,3825
7,5524
10,16909
10,3554
1,328
10,3352
10,3391
1,549
1,439
1,734
8,2373
10,6435
9,7812
2,826
2,1063
9,9921
5,2039
1,429
8,2786
5,2177
2,803
3,1218
1,441
10,2243
8,3339
7,2423
10,3605
10,2589
7,2384
10,12624
10,3496
9,6832
4,1250
10,3376
7,2156
4,5093
2,567
1,532
2,778
8,2470
10,3383
8,2898
2,1037
4,1890
10,17500
10,3457
10,2403
5,1675
10,3417
9,2881
4,1592
4,1534
1,522
10,2572
5,1768
1,445
10,3143
3,1318
10,4278
8,2803
4,1503
3,978
9,2978
9,3842
2,877
10,3526
10,3992
3,1111
4,1833
9,3185
3,1095
1,698
2,2314
9,8083
4,1316
7,2400
8,2734
1,367
8,2749
9,65830
3,1319
10,2839
5,1777
10,7613
10,3957
8,2608
3,1170
10,3557
8,6888
5,1839
1,489
2,722
1,344
1,480
5,21692
6,2256
10,9886
8,2637
9,18857
10,3722
5,2076
6,2312
4,1777
8,3285
3,1296
1,351
3,2711
1,343
1,485
1,13955
5,2098
8,2795
1,406
10,2993
2,921
1,471
7,2314
10,4039
10,23330
4,1548
1,425
2,690
1,697
1,506
1,14491
7,3386
7,2426
9,3442
8,3718
2,726
7,2464
1,452
10,4307
1,477
3,1176
1,569
2,634
1,429
2,880
9,11326
4,2499
10,34625
9,3747
6,1921
3,1384
9,3079
7,2331
10,7851
6,1642
2,864
5,1821
1,506
1,428
1,563
10,48401
3,1513
6,24520
7,2598
1,336
2,1396
1,540
9,3037
7,2943
3,1154
3,1126
1,398
8,2831
1,370
1,387
1,1093
3,1606
1,497
5,2086
1,477
4,1463
9,9508
9,7421
8,2945
4,1299
10,3493
1,502
3,984
1,361
1,401
4,3470
10,4608
1,431
8,5633
8,2617
10,11988
10,3277
10,3301
6,10039
1,624
7,2416
1,480
4,1450
1,296
1,500
1,5659
7,2969
1,396
2,717
9,2842
10,9124
1,270
4,1434
10,25185
8,4404
7,2356
1,660
10,4256
1,280
1,466
1,498
6,2392
1,391
1,609
1,332
8,39354
1,356
2,870
1,25670
7,7319
6,1448
1,539
10,2924
1,270
1,472
1,503
7,2373
1,362
1,2591
9,17924
10,39581
5,1730
1,440
1,431
9,7664
7,2424
1,660
8,11159
1,473
1,445
1,1030
2,698
1,443
1,481
1,1027
8,13601
2,1210
9,3667
5,1999
10,3137
1,386
3,1321
7,2437
6,2107
3,1266
1,525
1,12139
1,368
4,4400
2,589
10,6508
9,2850
1,339
1,345
9,8388
1,467
7,6959
9,3139
3,1107
3,1125
1,418
8,33544
1,964
1,569
1,502
6,19828
1,546
1,433
1,400
1,525
1,568
3,4455
6,2182
10,3346
3,1043
1,540
1,24066
1,547
6,2289
5,1748
7,19971
1,434
1,476
1,452
9,3283
8,2967
3,1263
10,3295
10,14276
7,2207
1,439
3,16117
1,471
10,4410
1,324
1,515
1,443
1,326
1,546
1,1191
8,9878
7,2420
1,521
9,3202
2,744
1,443
1,485
3,1273
6,2586
10,3206
1,581
1,379
1,384
3,1091
2,694
1,483
10,3320
1,621
2,806
10,3244
1,420
1,502
9,4930
9,3191
7,2135
1,546
1,461
1,418
1,442
1,458
1,634
7,2779
1,656
10,3226
7,1984
3,1108
1,411
5,1695
10,11697
1,314
1,516
1,361
1,400
1,360
1,1362
1,478
3,1752
1,553
4,1500
5,1920
6,2051
1,433
8,2702
2,13753
1,296
1,386
1,357
10,3376
1,367
1,378
3,1051
1,661
1,600
7,3341
7,2545
10,8914
2,717
1,325
10,8078
8,2378
1,479
1,358
1,384
1,372
6,8388
1,6365
8,2733
1,671
5,3708
3,1086
9,6372
8,2570
8,2673
4,1732
5,7141
1,460
1,371
1,439
7,2398
1,474
1,465
9,4651
1,577
3,1381
7,2666
2,846
1,524
1,529
10,4193
10,9838
1,490
6,2240
1,404
1,371
1,499
2,815
2,2420
1,671
4,1532
8,2913
10,3371
1,583
7,2969
5,4749
1,8326
1,380
1,579
1,407
5,1610
1,507
1,427
5,2058
1,609
3,1020
3,1318
4,1806
4,1450
2,744
1,683
3,44994
1,503
3,1045
1,500
9,3377
1,479
1,558
1,494
1,556
3,1682
2,1441
6,37299
1,543
5,3308
1,504
1,452
1,460
4,2689
4,1422
9,3066
1,598
1,514
10,3629
3,1207
7,2375
2,994
7,7498
1,617
8,2551
1,504
4,1767
3,1037
3,1131
9,3055
7,2309
1,625
10,3356
5,6054
5,1923
7,2356
3,1392
5,1786
10,3526
2,750
3,1439
1,429
8,2631
9,3062
2,2631
10,3320
1,514
5,1746
10,3314
1,472
10,3714
2,932
3,1127
5,1961
1,474
3,1117
1,503
9,3157
10,3338
10,2951
2,985
1,603
10,3229
6,2074
9,2982
2,686
8,2728
4,1434
5,1795
1,476
4,1779
3,1017
9,3142
2,693
10,3287
1,674
2,685
5,2051
5,2170
9,2891
7,12567
10,3767
3,7479
10,3343
3,1053
1,409
3,956
9,71940
7,2496
10,3367
1,412
1,602
5,9965
5,1762
10,3240
6,16071
10,3466
3,1026
5,1603
6,1950
1,437
10,3958
10,53878
7,2332
6,2143
1,677
3,1127
6,2359
6,2071
7,5517
1,2437
10,3938
7,2621
1,321
10,3099
1,744
1,458
7,14103
10,3151
5,1680
3,1347
10,5376
5,1650
5,1932
5,1836
8,8798
4,5558
10,3370
6,2815
9,3072
3,7649
1,491
2,722
5,1714
3,1101
10,11937
6,1699
5,2080
9,2838
1,400
1,525
7,2770
7,2450
9,2665
2,984
1,394
1,508
1,322
3,1155
3,1222
6,2467
9,3177
9,7928
4,1481
1,387
1,615
8,2948
7,2231
5,1736
10,3310
1,385
1,475
1,1944
3,1059
3,1167
2,1060
5,1817
5,1927
5,1940
9,5080
1,440
10,3262
2,724
5,1561
10,11043
1,412
9,2967
1,635
3,1021
3,1312
9,4723
9,3208
4,1722
1,361
1,1307
1,441
6,2074
6,20029
5,2114
10,3581
1,357
7,3473
6,2332
3,888
7,2535
10,3237
4,1488
5,1513
1,390
9,3314
1,388
1,564
8,2748
6,2275
7,2212
9,3156
10,3229
10,4009
7,2471
10,3280
4,6249
7,2542
6,2220
1,426
6,1935
1,440
1,487
3,1300
4,1339
4,1288
7,2343
6,1965
2,8577
7,2252
7,7736
7,9660
10,6753
3,2280
4,1473
10,3612
1,398
1,418
1,456
3,1000
4,1469
7,2655
7,2286
4,11355
10,10896
7,10238
10,16934
3,1232
9,2699
1,348
4,1513
1,514
1,472
1,454
9,3171
1,458
6,5745
3,1320
10,5779
7,2280
1,354
10,11864
3,1209
9,2809
1,641
2,963
3,1008
1,699
2,680
9,2368
1,573
7,13260
3,1310
9,2849
7,1982
7,2362
5,1928
3,1170
5,1517
1,596
10,3333
1,419
1,747
10,2980
5,1212
1,506
8,6494
4,1430
10,3293
1,476
8,3005
1,518
4,1469
10,2361
1,396
10,6517
2,831
1,582
8,2751
10,2624
5,1517
1,735
10,4274
4,1335
8,2779
1,473
1,434
7,2594
4,1352
1,426
4,1371
1,387
1,583
1,392
7,2491
1,232
4,1502
7,2332
10,28780
1,260
1,2321
3,1318
6,14764
7,2882
1,389
1,386
8,3767
1,671
1,446
1,519
1,447
3,1231
6,2318
1,408
2,4193
1,426
1,477
8,5296
10,3895
1,379
1,521
4,1660
1,614
1,396
10,8310
3,1085
2,887
7,12222
6,2040
1,413
1,591
1,464
7,12708
1,563
6,2081
10,3683
9,3006
1,515
1,607
1,541
1,340
6,2175
7,7986
1,358
1,409
3,1064
1,620
7,10162
1,805
10,3405
1,338
5,15255
4,1517
5,1653
1,420
1,438
10,3666
1,485
1,382
1,375
9,3378
1,568
10,26822
1,434
9,2972
1,452
5,7973
5,1623
1,231
1,333
1,442
1,588
1,1698
5,1672
1,377
1,488
1,643
2,12143
1,442
9,3118
6,1916
10,8248
1,450
1,427
1,781
6,2022
5,1656
8,3758
1,348
1,367
2,729
1,531
1,507
1,613
4,1472
5,1711
5,9767
7,2425
1,368
5,3542
3,1035
5,2574
1,462
1,380
1,390
1,567
1,615
1,455
1,471
10,3313
1,348
6,2619
9,3245
1,510
1,523
1,348
6,1977
1,538
1,481
1,342
1,805
1,324
1,506
1,596
1,463
1,678
6,1917
9,3277
5,1783
1,379
1,391
5,5364
1,645
1,448
1,284
10,12153
3,1192
3,977
1,464
10,3335
1,525
5,1784
6,2376
6,1975
1,424
3,1083
10,14030
1,625
1,456
3,1119
1,390
3,1312
1,1698
1,416
1,546
1,424
5,1931
8,3864
10,4057
1,273
10,3304
5,1727
3,3886
1,415
2,746
1,513
7,2543
1,516
1,403
3,894
1,454
5,1691
5,1911
5,2672
1,378
7,2272
5,2057
1,452
1,408
5,1320
1,466
3,1113
1,634
1,370
4,1115
1,445
4,1598
2,2274
6,2053
1,390
7,2584
9,3804
1,557
3,1207
8,4496
5,2038
7,2298
5,1816
1,415
10,2550
3,1400
6,1630
1,683
5,1639
1,528
8,2887
5,1595
5,1889
3,1004
5,1787
5,1903
7,2216
1,454
3,1311
10,3616
4,1403
3,815
1,2058
4,1480
3,858
2,1557
4,1491
1,510
10,11216
5,2080
5,1974
7,2426
2,928
4,1079
5,1721
3,1167
1,378
1,18124
5,3825
10,3994
8,2518
1,586
9,4763
3,1084
5,1486
10,3234
1,545
8,2543
5,2276
10,3338
7,2259
9,2971
1,17731
5,1750
10,2562
2,712
1,444
1,407
7,4210
10,3233
1,583
8,2747
1,568
10,3533
10,3487
6,1961
9,2818
10,3581
4,1382
10,3641
5,2066
1,367
2,4489
7,2909
5,1912
6,2382
3,1410
1,475
10,3309
7,2003
1,368
5,1402
6,2160
6,2275
5,2058
5,1967
1,411
1,483
7,22363
1,387
5,1796
9,4338
1,621
7,2101
10,3414
7,12050
4,1296
9,3242
1,560
10,9705
1,370
1,580
5,1483
9,2707
6,2049
5,1842
2,7462
3,1075
10,3417
6,1562
9,2926
7,1553
2,746
3,1029
7,2412
10,3199
1,301
5,6857
2,14903
5,1800
9,3198
4,1193
5,2010
10,2521
5,1610
10,24747
10,4129
4,1333
9,3021
10,2337
10,11465
1,322
1,698
3,1119
5,1780
5,13788
5,1899
1,454
6,1334
1,412
3,1095
9,3593
10,3580
9,2916
5,1303
6,11186
1,263
4,1439
8,3190
5,1656
4,1507
1,630
10,4198
5,1401
1,324
9,2853
1,598
10,6602
5,1052
10,2729
5,1665
1,318
10,4404
1,499
9,2827
6,2316
5,1741
10,3538
10,2525
1,264
1,436
1,770
4,1408
4,1480
10,3041
6,1957
1,262
10,4245
4,1601
4,1894
3,1098
5,2609
5,1841
10,2240
1,350
6,2279
5,2547
10,5833
9,2377
1,282
5,1689
6,2469
6,2091
5,1829
6,2149
1,498
10,3997
6,2252
1,308
1,397
5,2075
1,260
1,700
7,2422
10,3192
9,3045
3,1068
5,1640
5,2475
1,692
9,2564
6,2025
7,2293
10,3229
1,284
6,2140
1,373
5,2510
10,3618
10,2172
4,1485
9,2575
6,2364
10,15642
3,1016
9,2638
6,1823
9,3167
10,2518
1,277
10,10716
1,661
1,810
1,385
10,2556
5,1874
9,3170
9,2592
5,1756
9,1928
4,1083
10,27556
5,1966
10,2244
1,253
10,7487
1,297
6,9006
1,493
10,2221
5,1869
10,2708
4,1361
1,757
8,2661
7,2515
5,1767
4,1705
10,2248
1,258
1,717
1,379
1,512
5,1286
9,2904
4,1423
4,1576
6,1587
10,7153
5,1747
1,586
5,1276
6,1970
9,2420
1,244
5,1769
1,653
1,671
1,571
1,516
3,1117
7,2557
3,809
6,2197
4,1491
9,3125
9,4694
1,496
1,368
2,626
5,1795
1,482
1,372
1,434
1,504
1,331
1,490
9,2993
6,2069
9,3205
10,3764
5,1781
9,3337
1,651
10,2157
4,1867
1,463
1,408
1,352
1,273
1,320
10,10259
9,2027
5,1963
1,373
10,6686
4,1752
3,1038
1,444
8,2831
5,1702
1,295
1,3078
1,335
1,317
1,425
1,480
1,351
5,1607
2,740
1,480
1,576
9,2445
1,466
10,3064
4,1440
1,338
3,1079
1,234
1,305
1,295
10,3274
10,2227
9,2344
1,438
3,1448
1,505
5,1264
1,373
10,2228
1,363
5,1247
4,1350
1,289
1,476
1,431
3,1371
4,1063
5,1221
1,456
1,526
1,394
4,1567
1,504
10,2325
1,714
3,768
1,12728
1,240
1,344
1,359
4,1514
7,2323
1,357
10,3285
1,300
1,268
9,3276
1,370
10,2782
1,501
4,946
3,1051
1,318
1,261
1,399
10,3395
1,671
1,525
7,4551
1,307
1,281
10,3558
1,488
10,2410
1,503
10,2996
1,448
1,238
1,325
1,233
10,3041
10,3752
1,455
1,338
1,544
1,417
7,9533
1,337
5,1041
5,1752
5,1856
3,3661
10,2592
1,254
1,356
10,3395
1,513
1,477
1,400
1,411
1,508
1,13982
1,472
10,2658
5,2095
10,3144
1,636
1,236
10,2498
1,547
3,1182
9,3118
4,1491
1,435
1,299
1,325
1,10116
10,2401
10,2135
1,323
10,2427
10,3560
3,682
10,3119
6,2123
7,1604
1,684
1,400
5,2016
1,265
9,3248
5,1808
5,1414
6,1898
1,551
7,1689
6,2422
4,1071
10,2588
7,2634
10,2078
1,523
1,370
1,624
1,448
1,643
1,541
6,1953
10,3341
1,654
10,3397
7,6089
10,2017
10,3371
9,3557
6,1294
1,623
1,384
1,517
1,384
1,484
1,436
10,5606
10,3359
9,4192
6,1317
7,2273
10,3370
6,1988
9,2508
7,2034
1,458
1,303
1,414
1,417
6,1743
1,372
10,3055
10,3286
1,472
10,2594
2,1137
10,3138
10,3242
5,1318
1,488
1,339
1,379
1,334
7,2156
2,538
1,381
10,3326
5,1575
1,440
10,2449
7,25220
7,2503
10,3134
10,2233
1,311
1,349
1,307
1,650
4,1131
1,469
1,425
10,2668
4,1035
1,610
2,768
3,1117
10,2937
4,1104
4,865
1,328
1,319
1,480
10,2471
10,2321
9,2181
1,413
5,1532
1,421
3,1452
10,2294
8,2966
6,1605
10,2413
1,509
1,275
1,374
3,1344
4,1023
10,2985
4,930
1,339
4,1558
1,315
9,2703
10,2674
4,1544
10,2199
1,812
1,434
1,232
1,351
6,2104
10,3460
10,3235
8,1667
1,288
9,2077
1,285
9,3054
10,2241
6,2491
10,2417
8,4282
5,1477
1,243
1,675
9,2659
10,3659
3,1108
10,3614
1,291
10,3252
1,340
10,3573
8,2788
10,4043
1,288
10,3339
3,1014
1,260
10,2396
9,2022
10,4065
10,3030
10,5969
1,314
1,516
1,373
7,1984
10,3892
5,1887
10,2215
10,3594
4,1021
1,237
3,846
5,1353
3,1783
6,2132
1,344
10,3037
8,2922
1,357
1,548
1,385
1,411
10,2003
9,2046
10,2550
1,244
4,1513
4,1090
10,3266
7,2577
3,1207
3,973
10,3453
1,528
10,3582
1,364
5,1842
10,2129
2,909
10,2895
1,239
10,2342
7,2229
6,1427
6,1522
4,1110
4,1040
10,3676
1,311
1,389
1,439
10,6757
10,2505
9,3170
10,3327
10,3359
9,3073
1,520
7,2472
10,2694
10,2049
10,3494
1,525
1,349
10,5575
1,394
6,2138
9,3133
1,437
10,3566
10,2719
10,2802
10,15076
10,2258
10,3124
10,3513
5,1727
2,890
1,402
4,1428
1,323
6,2148
1,361
1,1016
5,2114
2,492
7,2243
5,1686
10,2432
2,657
10,3296
10,3347
1,377
3,771
3,807
1,292
4,1485
1,284
1,378
7,2393
10,2547
10,2107
3,991
1,380
10,3162
5,1789
7,2047
9,3103
10,2547
6,1450
1,553
5,1703
1,222
1,586
10,2209
10,2287
6,1400
4,1155
10,2380
4,1148
10,3892
10,2356
1,388
7,2747
10,2246
1,424
9,5291
1,347
1,604
6,1486
10,2477
1,352
10,2330
10,3073
10,2383
7,1734
6,1339
1,350
10,3538
10,2306
1,273
5,1827
1,362
1,568
5,1391
8,2493
10,3243
10,2702
10,2143
10,2544
10,3534
5,1261
1,312
10,3620
10,3179
1,261
1,416
1,246
1,584
1,666
10,3558
10,2176
10,4336
10,2969
8,2043
6,1363
10,2309
1,467
10,3196
10,3367
6,1432
1,454
1,573
1,420
10,2190
5,2156
10,2436
10,11948
1,431
10,2923
5,1407
2,667
1,308
9,2769
5,1576
5,1809
4,1916
1,268
1,418
1,266
10,3523
1,271
3,4617
9,2717
1,478
1,621
10,2982
1,284
2,778
7,2404
10,3159
1,425
1,248
1,511
1,313
10,3788
10,2873
7,2735
1,267
1,360
1,240
10,2892
1,389
10,3515
10,3451
10,2364
1,428
10,2009
1,431
1,234
10,3612
3,633
10,4496
1,356
1,316
1,253
10,3292
1,415
10,3325
1,492
4,1733
1,403
1,541
9,4491
1,232
6,2503
10,2847
6,1837
1,288
1,247
1,297
10,2600
1,425
1,546
1,291
10,3747
1,294
10,2526
10,2966
1,305
10,3295
9,2406
7,2436
1,255
1,267
1,231
10,2428
10,5844
10,9218
1,254
10,3544
1,347
5,1112
10,4688
1,265
10,2799
7,2029
1,380
1,247
1,245
1,235
8,1963
9,2353
10,3277
1,266
10,3601
1,346
10,2849
10,4439
1,282
5,1407
1,647
1,405
1,345
1,283
1,249
1,579
2,856
10,3305
1,266
5,2942
1,289
10,2557
1,784
1,252
4,1249
1,390
1,376
1,455
1,245
1,372
1,445
1,576
1,622
1,381
10,4533
1,379
10,3226
9,3053
1,280
1,475
1,408
1,355
1,408
1,228
1,432
1,402
10,3563
8,2593
1,262
8,2733
6,2456
10,2562
10,3325
10,2225
1,404
1,377
1,311
1,428
1,231
10,2245
1,354
10,3025
9,2213
1,291
3,6421
3,1323
5,1660
1,406
10,2584
1,567
1,361
1,271
10,2401
5,1620
1,297
1,324
9,3291
1,346
1,359
10,7553
9,3333
10,3302
9,3118
10,3322
1,356
1,370
1,517
5,1948
10,2131
10,2220
1,242
10,3221
1,286
1,376
10,2312
5,1776
8,2231
1,358
10,2065
1,251
1,305
1,611
10,3110
10,3244
4,873
1,238
1,655
1,303
5,1881
9,2084
10,3469
1,368
9,2201
10,2098
1,274
1,266
1,316
6,2612
10,3279
2,785
1,238
8,2095
1,426
10,2496
2,869
4,1497
10,3441
1,560
10,3466
1,256
1,252
1,289
10,3231
6,2340
10,2212
1,269
9,3351
1,480
2,622
10,3409
7,1671
10,3053
4,1057
5,2021
1,333
1,289
6,1628
10,4570
10,7883
6,1571
1,250
1,532
1,373
10,3371
7,1730
1,481
9,2033
8,2051
10,2881
1,380
10,2313
10,2991
10,6747
5,1495
8,2922
10,2341
7,1889
2,848
10,3177
1,541
10,4130
10,3508
6,1423
10,3334
1,624
10,3273
10,3282
5,1708
4,1418
10,2457
5,2068
9,2514
1,322
10,2621
1,339
5,1537
2,791
10,3370
10,6087
10,4422
5,1050
1,467
4,1453
6,2009
10,3634
10,2670
4,1313
1,458
10,2854
1,279
3,794
9,3090
6,1377
10,3646
8,1776
10,2160
10,2945
10,3346
10,3229
10,2806
10,2866
8,2456
1,387
8,2511
1,440
4,1008
1,427
6,2207
6,6298
10,4125
10,3377
10,2335
10,3627
10,4637
10,3291
10,3316
3,825
1,413
5,1445
1,435
10,2100
1,723
2,654
10,3547
3,1243
10,3244
4,1194
1,387
1,353
6,14157
6,1877
10,2152
9,3283
5,1394
1,451
10,2221
1,644
10,8194
5,1648
10,3151
10,3384
9,2971
8,2806
10,3319
4,1432
5,1415
10,3385
8,2170
10,3703
1,278
10,3442
1,480
10,14837
4,1795
2,667
5,1775
10,2742
10,3560
4,1486
1,571
10,3433
1,320
8,2859
10,2492
1,287
5,1638
1,575
4,1502
1,543
10,2740
10,2833
5,1173
9,2531
9,2881
1,815
4,1145
6,2058
1,424
10,3038
1,530
10,4624
10,3546
1,556
8,1961
7,2471
8,2953
10,3244
10,3588
10,3254
1,407
10,2897
1,329
10,2324
10,3425
1,400
7,4017
1,439
4,1641
1,322
10,3427
1,340
10,2706
2,815
9,2819
1,354
3,1288
10,3465
10,3157
10,3319
1,1321
10,2935
1,432
1,385
1,283
9,3315
10,2819
10,3287
1,409
1,498
1,287
10,3603
2,869
1,303
6,2020
1,656
6,1581
1,554
1,561
1,284
2,2304
10,3393
10,3752
9,3044
1,582
10,2158
8,7074
1,510
9,2860
10,3366
2,6762
5,1273
1,418
1,785
1,271
10,3504
2,859
6,2196
1,427
1,583
1,307
10,4468
1,507
2,1085
1,675
9,7016
1,384
9,3105
1,762
1,417
10,6883
2,742
10,2793
1,340
1,446
1,252
9,2305
1,452
10,29447
1,414
10,3892
1,315
1,1076
1,415
1,249
9,3279
9,2899
5,1636
1,472
1,459
1,254
7,2558
1,463
2,987
1,414
10,7666
1,258
2,1098
1,548
1,239
1,411
8,2100
1,604
1,449
1,582
1,254
2,930
1,570
7,2599
1,611
9,6678
1,324
1,560
1,419
1,277
10,3025
1,595
4,1829
1,346
1,452
1,379
1,535
1,567
8,2367
1,315
9,14273
1,280
10,3852
1,422
1,283
1,589
1,278
1,277
1,352
1,393
10,3375
1,598
1,604
6,2314
1,312
10,3341
1,240
10,3616
1,649
10,2348
8,2798
1,390
1,258
1,462
1,632
3,803
1,481
1,550
4,1445
1,275
1,456
1,260
10,3587
4,1535
2,772
1,539
1,522
1,283
1,479
1,422
10,3369
1,440
1,594
7,2318
1,277
8,2056
1,325
1,702
7,2745
10,3660
9,2390
1,415
1,300
1,1384
1,560
10,3148
1,531
2,968
8,6675
1,309
1,702
1,273
9,4834
8,3115
10,3660
1,518
1,396
1,385
1,502
2,822
4,1029
1,566
4,1640
8,3066
1,283
9,2887
1,603
8,6485
5,1712
9,3187
1,395
1,270
1,437
10,3231
10,3067
6,1951
1,406
8,43319
3,1307
4,997
4,1508
10,2355
1,478
4,1572
10,2466
1,513
1,344
1,447
2,770
10,3128
10,3215
1,541
5,44800
2,683
8,2499
1,366
10,3110
9,2906
7,6892
1,650
1,411
1,377
1,506
10,2535
10,3415
7,1758
1,470
4,41815
2,967
10,3137
2,715
2,668
1,515
6,2214
9,3131
1,332
1,452
1,809
10,4044
1,445
5,1615
10,2803
7,35286
2,907
2,746
8,3018
10,2562
4,1389
3,1032
2,902
1,328
9,3133
6,2221
9,2986
9,4619
5,1527
1,842
8,2696
4,1757
10,3224
6,2143
10,2377
8,2369
3,1034
10,2809
1,259
9,2778
10,3588
1,360
8,2718
10,2386
1,550
6,2151
1,383
2,1384
10,2276
10,2334
7,2509
5,1681
10,3823
1,376
2,752
10,2271
10,2623
10,3271
9,3099
9,3148
2,744
6,2223
10,4024
1,931
8,1870
1,534
2,505
1,577
1,533
10,2552
1,1240
8,2952
1,427
10,3138
2,891
5,1704
1,660
8,2668
8,2742
10,2663
10,3528
3,1070
10,3551
1,414
1,459
10,3790
1,606
9,2916
2,666
10,3813
3,11400
1,608
10,2767
9,5029
5,1457
9,3042
6,2072
9,9393
9,2074
8,2609
9,2221
9,5694
3,1057
10,2104
1,486
6,2585
3,997
2,601
6,6842
10,2639
6,2110
7,2776
1,672
4,1380
10,3709
4,1244
9,3025
9,2452
1,465
10,3481
3,1282
1,626
9,1949
2,8678
10,2132
2,845
10,3598
10,3345
8,2249
1,540
9,4159
1,348
1,488
10,3323
10,3418
7,2481
8,2706
8,2255
1,467
6,2140
10,11953
3,1220
8,2800
2,456
7,2399
1,843
4,1438
8,2720
1,451
1,717
5,1695
1,643
10,2488
1,540
10,3710
3,1140
4,1604
9,3142
10,4142
8,9510
9,7609
8,2451
1,385
10,3254
8,2809
3,1117
1,649
10,2549
1,403
10,3832
4,1351
3,1634
1,479
1,1503
2,841
2,834
6,1963
6,1624
8,2428
9,3273
3,941
1,632
1,660
4,12484
10,2545
1,541
2,922
1,406
2,14863
3,1192
10,3562
7,2345
1,501
9,4138
9,3193
4,12849
2,745
10,3865
1,657
5,1713
1,540
3,1110
4,1004
6,26657
10,3180
10,3380
1,453
7,2217
1,560
2,889
2,646
1,394
9,3398
1,654
4,1623
1,467
2,1116
1,276
10,27382
9,2965
9,2875
9,2894
9,3090
10,2902
8,2612
7,2318
1,572
10,3448
1,504
1,620
1,464
7,2264
1,406
8,7854
4,913
1,648
10,3383
2,830
9,3846
4,1158
2,698
1,689
1,541
1,502
1,418
1,553
6,2239
1,462
7,2734
8,2561
10,3007
2,736
10,3015
1,471
6,2170
5,1562
4,1830
1,502
1,625
1,541
1,508
1,1642
1,343
2,15710
6,1803
10,4559
6,1990
4,1311
1,585
7,2874
10,40977
3,1127
1,546
1,436
1,444
2,719
7,9574
1,434
3,9153
3,1020
1,471
4,1390
9,7391
1,412
1,603
6,2073
1,645
1,625
1,580
1,598
1,539
1,729
1,428
8,2786
1,676
8,2754
3,1115
1,531
1,656
8,2732
1,2648
10,3691
1,805
4,1291
1,520
6,1876
7,2400
1,402
5,1619
10,3409
1,612
1,322
1,465
1,504
4,1500
7,15633
2,989
1,947
2,794
1,319
7,2441
8,2738
1,301
8,2599
6,2279
1,369
1,462
1,570
8,2644
6,1943
8,6347
6,2233
1,503
7,2425
1,377
1,405
1,354
1,411
7,2377
2,692
9,3321
7,2450
1,521
1,406
2,28156
1,647
6,2390
9,3262
5,1776
1,317
1,2572
6,2470
9,2934
8,2858
10,11754
1,354
1,462
1,383
1,357
1,648
6,2331
7,2691
1,470
8,2576
1,299
1,486
1,603
6,2098
4,10079
7,2311
1,456
2,733
1,447
1,464
1,651
1,636
9,3485
1,528
6,2088
10,2478
8,3126
1,599
8,2366
3,983
1,339
1,331
6,2041
1,596
1,315
3,1075
1,521
2,1200
1,324
7,2217
8,2014
5,1813
1,570
6,2231
2,860
4,1283
1,469
1,453
1,640
1,488
1,634
1,509
8,2715
1,385
8,7631
10,2409
8,2693
1,545
6,2190
5,1718
1,381
1,417
1,470
1,543
3,1149
1,536
1,355
1,446
1,485
3,1048
3,1083
7,5956
1,468
10,26289
2,6952
1,492
1,499
1,446
2,802
9,2551
1,576
1,380
1,546
4,1043
3,6373
9,2311
3,1151
1,1681
2,625
6,2113
1,369
1,685
1,416
1,386
2,717
8,4213
1,404
2,899
8,2825
2,794
10,2481
3,965
1,558
4,1913
3,1169
1,449
1,1757
1,386
3,1275
2,1128
1,328
1,406
9,3140
2,769
5,1571
2,723
5,1655
1,640
1,28744
1,547
1,471
1,395
1,358
7,3025
1,370
1,613
1,380
9,3105
6,1875
3,1155
7,2634
2,785
2,828
4,1363
7,3653
1,381
1,316
1,413
8,2833
10,3798
1,612
1,4628
9,14881
1,434
7,2244
1,506
3,1340
9,3207
7,2355
1,517
1,397
3,1143
8,2631
5,1643
1,354
2,792
2,1511
4,20361
10,3549
3,1203
9,3362
7,2052
9,23533
2,695
1,467
5,1793
9,5845
5,10070
8,4421
7,2568
1,1477
3,1257
10,27658
6,11677
4,1471
2,773
3,1194
4,21279
5,1782
1,517
1,351
9,4878
8,2035
4,1543
8,4745
1,522
4,1599
1,404
9,2937
3,2805
10,2847
4,1802
6,2158
8,2830
1,424
1,458
7,1696
4,1432
8,4278
9,4025
7,5652
9,9487
8,2709
4,1398
2,865
10,2634
10,11472
4,2948
4,22100
1,432
2,775
10,4161
3,1067
7,2930
7,2733
4,1332
9,3168
1,511
2,3383
3,1081
1,724
2,1338
10,3953
8,2107
1,520
4,1424
7,4110
8,2741
3,1180
4,4177
2,875
1,4162
5,18717
8,2909
10,3368
9,3363
2,882
9,3367
3,1103
1,505
7,2482
1,793
4,1340
2,929
2,2683
4,1637
6,2043
4,1427
2,936
2,5182
10,5766
5,1659
1,779
7,2220
1,435
6,2092
10,6990
5,2108
5,1688
8,3051
7,2686
7,9544
10,2747
8,2582
7,1980
10,3588
10,3403
6,1921
8,12933
1,385
5,1617
3,1466
2,2952
2,823
5,1691
8,2802
4,20124
6,97640
7,2515
6,2098
1,469
7,4684
4,1432
2,846
3,1037
5,1735
2,766
2,685
6,2269
4,1438
3,1249
9,8502
4,70293
8,2713
7,2425
8,2065
6,2186
1,457
2,777
4,1407
8,3126
4,1477
6,2124
1,553
7,2232
3,1096
6,17035
1,84754
5,1718
1,498
9,2726
8,2825
5,1864
5,1685
3,973
3,1026
7,2223
3,1517
4,1422
3,1300
6,1872
4,1490
1,83357
8,2770
7,3627
1,427
6,1991
4,1439
3,33653
10,2068
6,1502
6,2073
3,1163
3,1077
8,3768
1,622
1,365
9,86156
7,2491
8,2866
1,479
1,625
1,514
6,3252
2,873
3,989
5,1329
2,861
1,385
6,2005
10,13834
1,336
1,437
4,1376
1,521
1,460
1,430
6,2239
1,545
2,707
4,1376
7,2381
4,1380
10,3391
3,6014
6,2052
5,1820
5,1656
3,1223
6,2334
1,502
5,7688
4,1664
7,2766
7,2193
5,1873
4,1950
10,2664
2,771
2,888
3,912
4,1490
10,10122
3,1052
1,647
1,298
4,1637
10,3641
1,484
6,2300
7,2136
3,1083
2,799
2,971
5,1566
7,2456
10,2757
5,2017
1,366
1,550
1,462
1,297
6,5783
3,983
7,3587
3,1362
6,1889
5,6570
8,2793
3,1085
9,5103
5,1858
1,5301
1,511
1,401
1,466
1,594
10,11114
3,1330
8,2882
3,1433
8,13384
7,2561
6,2197
1,484
3,1187
10,3507
6,4936
1,404
1,389
1,321
1,523
10,2912
1,510
6,2662
4,1768
3,1048
1,545
9,3201
6,3880
3,1275
6,2161
1,516
1,429
1,351
1,449
1,580
6,2427
1,482
1,495
2,730
4,1342
6,2865
7,7389
7,2557
4,2090
10,9988
1,525
1,389
1,556
1,407
1,571
1,943
1,503
10,5009
2,573
5,11337
7,1993
1,494
1,503
2,938
10,3387
1,523
2,628
1,492
1,369
1,471
1,541
1,473
2,677
3,1003
1,452
1,251
8,3558
1,537
2,808
1,524
1,483
2,813
1,464
4,1351
1,388
1,511
1,552
1,321
10,20087
3,1458
7,9530
1,473
1,404
10,3738
1,545
1,525
5,1566
1,478
9,2976
1,561
2,1505
1,467
2,692
7,1977
6,2266
1,376
1,516
1,469
5,1873
1,407
1,666
1,426
9,3337
8,2209
1,419
1,964
4,2052
9,6588
6,2619
1,727
1,393
6,2098
4,1370
7,2460
1,590
1,439
1,622
2,747
2,801
2,676
4,4388
3,3471
6,2094
7,2592
1,625
1,434
1,389
1,418
6,2049
5,1871
10,3786
6,5807
2,1119
7,1664
2,842
1,964
7,34340
9,3032
1,408
7,2916
1,442
9,14705
1,487
7,2488
1,495
5,1968
3,8451
9,3402
1,2484
6,2362
1,550
1,475
4,1268
8,3695
1,604
1,599
1,421
1,448
1,553
1,576
5,4947
1,524
9,3001
6,2143
9,2834
1,532
2,658
8,21292
1,409
1,652
1,414
1,408
1,457
1,599
1,529
4,1673
1,427
6,2048
10,4148
9,3090
1,398
1,444
1,575
7,2709
1,404
5,1671
1,468
1,404
1,501
1,608
5,1975
7,6032
1,347
2,1271
6,18730
1,339
3,5842
9,3033
1,606
3,1861
1,546
1,750
2,976
6,2636
2,856
2,759
1,418
4,1273
8,2954
1,322
1,1359
10,27870
9,8329
1,751
1,565
1,433
1,647
6,2294
1,730
1,1174
9,3113
3,1188
10,3241
3,1317
10,7623
8,1983
7,2454
1,516
6,5178
1,503
6,1895
1,551
10,3589
8,7911
1,556
6,2457
4,1415
1,611
7,2426
4,1270
3,1206
6,2012
4,1630
1,28173
1,484
1,625
1,528
1,590
1,608
8,2705
10,3148
1,620
8,8990
2,601
8,4842
2,1574
7,2293
5,2518
9,2396
1,505
6,2462
1,402
2,767
5,1820
2,867
10,3406
3,1142
1,1861
8,2676
1,579
10,4138
8,9722
1,376
1,457
1,578
1,609
1,560
2,707
1,403
4,1325
10,3875
2,2252
4,1332
8,2650
4,1421
10,3198
1,455
1,488
1,370
10,3353
1,365
2,859
7,2285
1,581
10,3873
6,2224
2,2409
5,5222
7,2649
5,1770
6,1960
1,413
1,500
1,480
2,887
3,785
3,1315
9,3027
1,605
10,3319
5,1991
7,2733
4,1518
3,1054
4,1552
10,2445
3,1205
1,466
1,392
2,894
2,701
1,482
8,2525
1,628
10,15948
8,2575
6,1989
10,3333
8,2474
10,3368
7,2388
9,2871
1,460
1,401
5,1653
9,2975
9,3096
1,512
1,561
6,9059
1,597
7,2333
6,2093
3,1064
6,6265
8,3635
9,3084
1,484
2,784
7,20007
4,1373
4,1420
6,1663
1,584
10,3615
4,1831
9,6881
4,1280
5,36140
10,3729
10,4762
4,1295
1,556
3,1045
8,2628
4,2904
9,2923
1,496
4,1353
8,2718
1,511
8,3209
6,2068
4,19352
10,6823
4,1597
9,7781
1,386
4,1176
8,2931
10,3143
10,3438
2,752
2,933
6,5925
1,584
6,2056
10,3247
2,780
10,3782
10,3810
6,8967
1,634
9,2129
1,407
9,3260
7,2715
3,1052
2,639
4,1564
1,438
2,4996
10,3668
5,1705
10,3334
1,677
9,3427
1,540
6,2140
6,2078
7,2585
9,2875
9,2000
9,3488
10,2508
1,745
1,539
6,2739
6,2074
2,980
10,3648
1,356
4,1446
1,322
5,3348
9,2900
1,499
4,1413
4,1492
10,2087
1,364
8,2577
4,1239
2,703
1,578
10,4133
10,25123
1,426
3,14949
2,1247
1,522
5,1924
9,3010
5,1898
1,270
1,267
1,400
2,836
3,903
1,482
10,3130
7,6580
10,3238
7,3608
2,927
5,1778
1,338
9,2943
6,2021
10,3601
1,579
2,738
1,871
1,300
1,407
10,3003
1,444
5,1697
10,3515
4,1364
1,8700
4,1422
6,2190
8,2876
10,3748
1,487
9,3262
1,437
1,435
1,629
10,3452
4,1663
6,2120
9,3709
9,5018
4,1391
4,1684
4,5022
10,3450
10,3120
1,401
9,2942
1,425
7,2359
1,535
9,3153
1,7134
10,2740
1,368
9,3356
5,1773
5,1787
1,351
1,545
10,3488
1,435
6,2164
1,465
1,530
1,288
1,550
5,1460
10,3387
7,2556
5,1885
9,3125
10,9171
7,2309
9,13161
1,463
1,522
4,3395
1,384
1,460
1,468
1,335
1,541
5,2328
1,360
6,2240
6,2048
6,2344
10,11119
6,2100
1,350
10,2627
10,3320
1,352
1,463
1,496
1,466
1,495
2,996
4,999
9,3515
10,3194
10,12549
6,2082
4,3314
1,425
9,3244
9,2894
1,310
1,650
2,680
1,562
1,343
10,3682
5,1967
8,3115
10,6015
1,408
1,2315
1,450
9,2182
10,2813
1,293
1,304
1,460
10,2468
1,1214
1,344
8,3086
6,2256
10,3731
10,9301
2,2530
5,1665
4,1709
1,293
10,2296
1,386
1,417
3,1095
1,378
1,422
1,492
5,2234
10,2988
6,2304
1,499
6,1905
4,1349
4,37230
1,474
10,2589
1,469
1,694
1,349
1,300
1,426
1,432
2,851
10,21452
1,449
1,393
5,6086
1,489
10,37580
1,462
10,2436
9,9205
8,1948
1,1003
8,2623
1,416
1,504
4,1472
6,4667
1,489
5,1714
1,414
1,380
6,2114
1,332
2,758
1,451
10,3268
1,478
5,2207
1,395
1,514
9,3321
10,3875
1,723
1,340
1,631
1,610
10,3206
1,537
1,378
1,478
5,1641
3,3863
2,935
1,519
4,1293
6,5295
5,1933
1,356
1,400
10,63747
1,449
6,1725
1,463
9,3497
1,466
2,679
2,898
4,1975
2,634
1,337
10,4088
1,584
1,407
1,293
1,389
1,470
10,9117
1,449
10,2430
1,747
4,1320
5,6182
6,6485
1,299
1,382
5,1403
1,438
1,379
1,400
10,3248
1,388
10,15762
1,614
8,2475
1,509
10,4740
10,11935
8,2669
9,2678
5,1755
10,3437
4,1650
1,527
1,389
1,481
1,374
1,628
9,2985
8,1704
1,412
10,3402
4,29624
10,3871
8,1879
10,4127
8,2529
1,375
1,468
1,419
1,373
1,477
3,1135
8,2640
10,2958
5,1974
6,2056
7,2599
5,1868
10,3676
6,2238
6,2027
1,556
1,523
1,388
1,409
1,1010
1,470
10,3623
10,3411
4,1426
5,4779
6,2124
8,2749
8,3126
2,825
1,490
1,546
5,1716
1,437
1,348
1,349
2,783
9,3062
9,2692
1,342
8,2611
7,5970
6,1842
10,2901
6,2184
4,1613
2,4260
4,2174
2,836
1,348
10,5292
1,582
10,3270
1,358
1,504
6,1907
5,12159
4,1467
9,7178
10,3549
1,405
1,598
1,451
1,322
1,373
1,349
1,623
10,3334
10,2563
1,1223
4,1601
6,10257
10,3267
1,437
5,3244
1,367
1,370
1,536
2,778
8,2733
4,1387
1,590
1,423
2,599
1,406
10,2949
1,663
1,492
2,927
4,1878
1,677
1,449
1,456
8,1841
3,1135
6,2287
1,445
10,3043
1,535
5,1621
10,2863
1,718
1,432
10,2499
8,2830
1,492
1,437
1,573
8,2728
10,2811
6,2214
1,553
2,733
1,320
6,1992
10,3834
3,1120
10,3100
10,3233
2,840
1,364
1,439
4,1636
4,1357
9,3366
5,1834
1,529
1,436
1,318
5,1822
10,3426
2,781
10,3198
1,491
3,1162
1,370
6,5141
4,1035
9,2184
6,8516
10,2607
1,394
1,267
1,322
10,3916
10,3249
9,10227
10,2859
1,415
2,796
1,368
8,1829
6,2120
9,2792
10,7276
4,1087
1,610
10,2432
1,309
10,14094
10,3347
4,1818
10,2266
4,1521
9,12116
1,360
2,709
6,1774
6,1852
7,2347
5,1653
7,2894
10,2577
1,277
5,1972
10,2792
9,3507
9,2886
10,3099
8,2703
1,421
10,3742
10,3902
10,3291
10,6251
2,749
8,3322
4,1559
1,256
5,1836
1,590
1,682
9,2467
10,2424
6,3451
1,374
4,7429
10,3271
1,399
1,592
8,1803
5,2010
10,2401
1,301
4,1262
1,382
6,2450
1,518
9,2390
10,4234
10,2359
10,3206
10,3442
6,2180
4,1389
4,1415
2,888
10,2566
1,291
2,763
1,377
10,3839
1,359
10,3464
10,6300
1,320
10,5244
2,913
10,11451
10,3462
2,779
10,5199
9,3044
1,241
5,1924
1,336
9,3269
1,372
9,2176
10,3461
10,3027
10,6418
8,1762
1,451
1,717
10,3241
10,10758
9,2214
4,1451
8,1986
1,332
9,19748
1,293
6,2397
7,2326
10,3554
8,2779
4,1435
4,2078
10,3472
6,1940
10,3137
1,592
10,2243
3,911
1,338
5,2559
1,300
1,615
8,2918
10,2953
10,3212
2,877
10,2505
10,2731
10,7299
5,1491
1,324
1,256
5,1570
1,315
1,432
1,286
1,344
1,490
10,2461
10,2404
5,1838
1,386
10,3203
10,3503
10,3544
1,261
6,1412
2,978
1,278
4,1324
1,400
1,343
4,1603
2,812
1,327
6,2254
10,2707
10,3329
10,3282
8,9049
1,477
10,3358
10,8360
1,270
1,444
1,400
1,305
1,4088
9,1976
10,2562
10,3400
10,3278
10,2710
6,1774
9,3595
6,1798
10,2505
9,10417
1,334
7,42605
1,676
1,515
1,439
8,2049
10,2643
10,3305
10,2470
1,396
8,2884
1,624
1,267
10,3333
10,5076
2,839
1,401
10,2953
1,254
1,385
1,433
10,2656
10,7377
10,2446
9,2126
10,3444
10,3844
1,512
9,2303
6,2258
1,451
1,11951
1,403
1,345
1,381
10,2595
10,2393
8,3279
10,2185
1,566
4,1380
10,5466
1,409
3,1044
7,2251
10,3587
1,557
1,443
1,314
1,350
9,3233
10,2699
6,1803
1,468
1,405
1,435
10,2717
1,398
3,1087
1,347
10,3972
1,537
7,2416
1,354
1,361
8,2041
9,3203
5,1988
1,351
1,357
1,394
1,611
1,426
10,2267
1,569
9,3023
1,409
10,3493
1,336
1,390
10,3491
1,339
10,3326
1,370
1,412
1,276
10,2487
1,475
2,847
8,2649
8,2611
1,447
9,2629
3,934
1,371
10,3948
1,405
4,978
9,2269
1,374
1,266
10,2362
3,1245
10,2945
1,562
8,2817
1,375
8,2578
3,749
1,347
9,7326
1,438
1,517
1,281
1,359
1,359
9,3192
2,1065
9,2770
1,518
10,3762
1,515
10,3241
10,3507
1,350
1,453
1,398
1,453
1,235
1,264
1,386
1,677
10,3157
7,2801
10,3383
9,3136
1,406
3,1048
9,2721
10,3347
2,644
1,400
1,377
1,270
1,530
1,308
1,387
9,2922
10,3864
1,346
1,525
1,462
9,3356
2,724
10,3478
10,2300
1,322
1,442
1,393
1,354
1,254
1,558
10,3267
10,3660
1,436
2,713
4,1480
1,601
7,2368
10,3381
1,534
1,335
1,632
1,374
1,289
1,329
1,448
7,2406
7,2351
1,369
1,492
8,2802
2,702
10,5982
10,3159
1,300
1,386
1,416
1,299
2,673
1,422
1,284
10,2981
8,2099
1,379
1,440
4,1651
1,546
10,3432
10,2151
1,266
1,607
1,1441
1,383
9,2561
10,3404
1,427
10,3314
1,530
1,367
10,2299
6,2251
10,2381
7,2479
10,2360
1,481
1,1118
1,255
8,2159
9,2580
10,2323
1,381
8,2829
1,524
1,350
10,2414
10,3377
1,319
1,607
1,369
1,407
2,680
1,278
2,764
10,3122
9,3031
9,2754
1,402
1,592
4,1348
10,3433
10,3556
2,894
8,2142
7,2371
1,251
10,2894
1,434
2,747
8,2457
10,2268
1,506
1,583
1,702
1,363
10,3994
2,848
4,1088
10,2431
9,2659
1,257
1,505
10,3679
9,3078
10,3368
10,2935
1,340
2,814
1,491
10,2720
9,3242
6,2065
10,2476
1,479
8,2126
1,236
8,2614
10,2537
10,3038
10,2872
10,3263
1,320
2,757
1,293
10,2818
9,3172
2,862
9,2361
2,1088
10,3125
1,609
8,2787
10,3304
8,2634
1,299
1,471
2,717
10,5449
1,485
10,2929
10,2196
8,11295
9,2145
2,996
3,1074
1,389
10,4298
10,3032
10,3514
10,2357
2,592
1,699
10,5719
1,380
7,2088
1,398
2,986
8,2125
5,1950
10,7311
1,552
9,8396
10,2344
10,4281
1,472
1,407
1,595
4,1451
1,316
10,3440
1,259
4,1517
10,2194
9,3045
9,2228
1,414
10,2974
10,2497
1,367
1,326
9,2252
10,5882
9,2967
1,267
10,2472
1,379
10,3381
6,1527
8,3103
10,2060
10,2151
2,801
2,728
10,2408
10,2229
8,2747
8,1985
8,2810
1,353
3,820
1,361
10,8638
1,391
10,3475
1,384
4,1057
10,2385
1,292
1,466
4,1069
8,5492
8,4108
8,2680
5,1669
10,2597
1,275
10,13408
1,296
10,3869
10,2893
10,3361
1,359
9,1922
10,2110
10,2280
10,2764
10,2358
10,7651
1,526
2,651
1,278
9,7676
1,589
8,2750
2,625
10,3488
1,334
8,3028
4,1250
10,2702
10,3600
9,4330
1,501
10,3684
1,419
1,258
6,1562
1,316
5,1474
1,450
9,2737
10,2236
10,3263
10,2431
10,2610
9,5116
2,766
1,433
2,812
9,2128
1,274
6,2289
1,555
1,607
1,364
9,2165
4,1098
10,3483
10,2897
9,3231
10,2619
10,2563
1,436
5,2181
8,2396
1,367
8,2947
1,315
1,573
1,580
3,1018
10,2475
9,2982
10,2811
9,2066
1,413
1,421
1,395
9,2343
8,1755
1,394
10,8425
1,273
1,532
1,413
6,1381
10,2385
8,2624
9,2059
3,915
2,680
1,515
1,445
10,3538
9,4058
2,694
4,1244
1,434
1,436
1,306
7,2594
9,3264
10,3249
10,2539
6,1250
10,2768
10,2561
1,489
10,3710
10,3181
3,1173
1,396
10,2896
1,403
1,604
3,883
10,3062
1,403
1,475
1,471
1,471
4,1148
1,377
8,2711
10,6501
3,796
1,656
1,264
1,580
1,326
10,2293
9,2341
2,594
1,366
1,300
1,377
10,2234
6,14371
3,4770
1,299
10,3580
1,431
1,412
1,519
1,390
10,3967
6,1656
1,363
1,346
1,258
1,427
10,2132
1,612
9,3588
1,256
8,2558
1,604
3,837
1,653
1,248
2,732
1,302
10,3135
1,477
1,257
1,260
9,2981
1,479
1,602
1,274
10,3352
1,472
10,2059
1,667
1,273
9,3238
1,360
1,359
6,1849
1,327
1,276
9,2143
1,591
1,1236
1,441
9,2924
1,584
10,2365
1,591
1,248
10,3518
1,361
1,415
1,456
1,256
1,265
10,3495
3,1229
7,5258
2,1006
7,2380
1,368
9,2995
3,1393
9,2364
10,12935
1,240
1,403
1,251
1,323
1,353
6,1606
1,562
7,2350
1,439
7,2341
1,424
10,3177
1,535
1,258
7,1848
1,260
1,371
1,297
1,290
1,284
1,516
8,2684
10,4089
1,403
10,4233
1,561
7,2016
9,3201
10,2098
1,430
1,243
1,256
1,333
1,240
1,288
1,295
9,3159
10,11910
10,3013
1,367
1,384
10,3174
10,6971
10,2239
8,2631
1,342
1,352
1,341
1,486
1,358
1,268
1,488
7,2480
1,430
1,494
1,346
1,446
7,2543
10,2670
1,485
1,404
1,251
1,359
3,1062
10,2381
1,343
7,2507
1,361
1,386
2,896
10,3223
1,504
10,16874
10,2374
1,361
1,309
1,301
9,3149
7,2128
1,436
1,287
10,17355
9,3090
1,357
2,791
10,2335
2,770
1,13950
9,2165
1,285
1,369
1,279
3,1467
10,3773
1,360
1,276
7,1632
9,3182
1,323
10,3711
1,357
10,3342
1,633
3,1149
1,638
10,3445
10,2147
1,473
2,736
10,2183
1,384
9,3068
3,1243
1,299
9,3481
10,3075
2,987
9,3298
10,3593
1,581
3,1182
1,399
10,3349
10,3451
10,3772
10,2294
1,443
1,576
1,494
8,2902
10,3101
2,723
7,2442
10,3652
1,459
3,1072
1,416
10,3158
7,2436
9,3166
1,275
9,2509
1,1067
1,324
10,3756
10,3480
5,1919
9,3275
2,794
1,475
2,684
10,2651
2,660
10,3464
10,16019
1,470
2,912
3,2234
10,2162
10,3579
9,2308
8,2179
3,1458
9,2988
1,477
9,3164
9,2100
7,2370
10,6785
9,11753
1,329
3,882
1,302
10,2357
8,21666
1,520
9,5683
10,3579
10,3055
1,452
7,2417
9,2248
10,3881
8,2374
3,975
3,1218
1,434
1,265
10,3397
10,26504
2,671
8,2796
1,585
7,2323
1,319
10,3280
10,3162
10,3382
1,514
3,1726
3,1050
2,787
1,254
10,2485
1,478
9,2081
8,13534
2,755
10,2597
1,444
7,2258
10,2435
8,2774
2,822
10,2453
10,3449
10,3532
1,402
9,2890
1,740
8,1916
10,12918
2,529
10,5392
2,923
10,3285
3,1272
1,534
2,949
9,3670
9,3208
10,2116
1,391
9,2145
1,452
10,2294
5,1489
10,3470
8,2377
2,1958
1,606
3,864
2,2018
10,3535
2,691
2,5141
10,2815
1,461
10,2341
1,301
9,3023
1,698
10,3432
1,422
10,5006
8,3104
10,2298
10,3496
10,4051
7,2725
7,2426
10,2833
1,375
3,883
1,389
8,2338
1,512
9,3019
2,664
5,1977
1,541
9,3451
9,3364
5,19728
10,9468
10,2453
10,3903
1,285
3,916
1,747
10,2876
1,460
10,2955
1,470
9,3213
2,807
10,3225
5,1863
9,5690
7,2376
7,11771
9,3220
10,2710
10,2398
1,373
10,2167
10,3432
8,2159
1,384
8,3073
2,788
2,1314
9,3105
8,2981
10,2867
1,553
8,2266
10,2450
9,3141
1,558
1,292
1,485
8,2652
1,387
10,5781
10,3009
10,3556
10,3558
10,3502
1,487
8,2967
1,535
2,632
2,785
1,699
10,2361
3,1135
1,430
1,405
8,2793
4,1371
7,2857
8,2678
8,12753
8,1978
1,549
1,385
2,543
7,3574
1,498
2,571
1,340
1,565
1,448
5,1989
9,3556
10,3295
10,3493
5,1734
1,480
10,3499
1,409
10,3479
7,2285
1,1526
1,498
1,469
1,370
1,500
10,3632
8,2519
7,2279
1,619
3,1178
1,480
2,719
1,267
10,2424
10,2342
3,1426
1,321
1,512
1,299
1,298
3,1257
10,6209
1,538
1,441
1,486
1,484
2,669
1,250
8,2139
10,6606
1,518
1,253
6,1985
1,354
1,410
7,2892
10,12571
8,2385
1,581
1,551
1,409
5,1369
1,232
8,2316
1,349
9,38229
1,265
1,375
1,367
1,275
9,3113
8,2886
1,663
1,610
1,481
1,413
9,3352
1,299
9,2698
1,234
9,2939
1,607
1,499
1,303
1,244
1,419
6,1588
1,532
5,1723
1,570
1,402
8,2830
1,265
6,3013
1,222
7,2800
1,386
1,285
1,410
1,403
1,505
1,632
1,754
1,653
1,471
1,359
8,5702
1,274
10,37137
1,228
7,2322
1,485
1,498
1,308
8,2702
10,3166
1,521
1,585
1,884
1,422
1,583
5,2088
1,11008
10,36862
1,240
10,2644
1,533
7,2238
1,364
2,701
7,2709
1,604
1,477
1,794
1,455
1,628
10,3578
10,4023
1,28492
1,243
1,299
1,361
9,8653
9,14967
10,3744
7,2587
1,642
1,439
1,751
1,434
1,368
1,614
6,37779
3,28113
1,303
7,2389
1,256
7,2448
6,2388
9,3072
9,3196
1,740
1,487
1,659
1,408
1,380
1,465
1,813
1,26051
1,236
9,7474
10,2116
4,1585
1,605
10,3088
1,313
1,378
1,279
1,1790
1,438
9,3266
1,644
10,3253
10,25551
1,297
3,1077
10,2355
7,2792
10,11506
10,8388
3,1077
1,347
1,280
1,587
7,2500
2,767
6,2342
3,1033
10,28940
1,497
3,1206
4,935
9,3224
10,9435
8,2735
9,3092
1,426
1,481
1,626
9,3564
2,784
1,474
10,3397
4,1228
1,406
5,1648
10,2235
1,533
3,1079
4,1628
3,1527
1,473
2,831
9,3208
8,2844
10,3201
1,552
4,1583
8,3320
8,3677
1,447
10,3166
3,1366
10,3714
6,1541
1,499
1,1652
10,3357
7,2310
10,2497
10,3298
1,590
8,6538
3,1207
1,365
2,920
10,2652
3,1327
1,435
6,2201
1,414
7,2429
2,848
1,379
1,324
10,3720
1,480
3,1372
1,533
2,924
2,710
6,1430
1,500
8,2776
1,367
1,423
4,969
10,3662
9,2953
7,2649
10,3278
1,600
10,27500
1,642
2,781
1,459
3,1208
10,2460
4,4421
8,2482
1,374
1,497
8,3178
7,6118
10,2650
8,2638
1,559
1,547
1,413
10,3605
5,2134
3,1139
2,647
3,1258
1,371
1,416
1,407
8,8725
10,8255
1,562
8,15998
1,669
4,1550
1,305
10,3281
10,2328
10,2716
10,2157
10,3307
10,3610
1,364
8,4147
10,9595
10,5902
2,767
3,1545
3,1203
6,2277
1,379
10,8398
9,2778
2,937
10,2883
1,559
7,2296
1,378
3,1152
10,3181
9,2518
9,2919
1,821
4,1638
10,2986
1,509
8,2819
10,3001
9,2891
10,3145
4,1458
4,1396
1,358
10,3318
3,787
3,890
3,1569
9,3485
7,2618
10,2981
1,436
8,21624
8,2501
10,3291
9,2813
6,2435
6,1472
1,388
10,5215
1,382
1,335
1,442
8,2701
1,541
9,3035
1,713
9,32969
8,1841
7,2845
8,2793
8,2777
4,1193
1,533
6,2058
9,3806
3,954
2,939
1,785
1,594
4,1425
1,504
7,2580
9,2904
10,4652
10,3414
9,3348
2,754
1,605
9,2913
1,476
1,491
10,3743
7,2376
10,3706
8,15135
1,486
3,1121
1,562
10,2904
1,437
4,1821
9,3024
2,753
9,3845
7,2338
2,976
10,3403
10,3182
10,3712
10,22990
1,358
1,625
1,360
7,15347
6,2579
10,3877
9,4285
10,2748
2,1163
7,9581
10,2676
10,2372
10,11516
7,2507
1,326
9,2580
9,2798
1,382
1,495
1,366
10,9875
3,1115
10,2804
1,366
1,519
10,2379
10,2907
7,2433
3,1204
2,898
4,1484
3,1420
1,362
8,3025
1,619
2,899
1,494
10,3108
2,844
3,1044
10,2999
9,3234
1,400
9,3043
1,548
6,11698
1,641
1,526
1,462
1,671
1,1895
1,366
9,2182
2,718
3,894
10,2657
10,2477
9,2895
9,2618
1,451
10,3805
10,3313
1,438
1,284
1,483
1,1525
1,421
10,2781
10,2826
1,294
9,4472
8,6363
2,610
2,870
1,447
10,3519
7,2186
1,453
1,429
10,8687
1,442
1,319
8,3351
10,3219
7,3019
8,2725
1,16544
9,9574
1,246
1,347
4,1300
10,10842
1,776
1,348
1,8640
1,596
1,375
9,3192
10,2285
9,3070
10,3362
10,11354
3,785
10,2835
10,30159
10,3357
1,348
1,465
1,381
1,488
1,388
1,313
1,540
9,1975
1,461
1,462
1,579
1,503
10,2713
1,366
1,8380
7,1842
1,570
1,265
1,477
1,504
1,297
6,2232
10,3397
10,43609
1,279
1,418
1,301
10,3738
1,397
1,550
1,419
3,1200
1,259
4,972
1,407
1,392
10,11508
8,2592
1,466
1,299
1,580
1,392
8,2591
1,347
9,2974
1,517
9,3093
1,259
10,2348
1,440
1,282
1,383
8,2331
9,7988
1,265
1,612
1,446
9,3207
1,363
3,1536
9,2889
10,3184
1,253
1,385
1,333
1,358
10,3154
1,472
10,30677
1,342
1,597
1,449
10,2409
1,323
7,2000
1,407
1,326
1,242
10,13136
1,393
1,335
10,7657
1,537
1,281
1,393
1,430
1,396
8,2725
1,1304
5,2104
1,483
10,25337
1,400
10,3692
1,360
9,2193
10,7372
1,608
2,783
1,344
9,3210
1,337
10,2667
1,562
10,3555
1,419
10,3698
10,3409
10,34211
1,341
2,734
3,952
1,360
1,344
1,332
1,589
1,454
2,491
7,2456
10,3722
9,4517
1,471
10,3275
1,507
9,6085
2,588
4,2191
1,486
1,531
1,297
1,481
1,466
1,450
10,3391
4,1481
1,290
3,927
5,1996
1,346
3,1216
10,3711
8,18029
1,292
1,516
1,340
6,2344
1,387
1,288
10,3181
8,3165
1,480
10,10116
9,3308
8,21444
7,2668
10,3597
3,1656
1,261
1,480
1,724
10,7133
10,2586
1,441
6,1932
6,2364
1,448
8,2670
10,3608
1,457
10,3464
10,2617
1,499
1,385
1,391
9,4439
1,499
1,648
1,325
5,1816
7,29229
1,472
4,1262
10,4232
10,7003
5,2048
8,3341
1,352
1,334
1,504
6,2356
10,6820
10,3619
1,330
8,8095
1,6759
3,1114
1,317
5,1755
5,1764
8,2870
8,2842
4,1310
1,354
1,622
8,3039
10,3330
2,777
1,508
9,6419
3,8368
1,458
7,2634
4,1450
6,15352
6,2014
10,3705
6,2337
10,3443
8,2857
10,12741
3,1065
9,2166
1,566
3,1123
5,2257
1,363
6,2186
1,441
8,2744
4,12733
6,14318
1,471
9,3136
2,956
1,490
1,373
10,2909
10,3843
5,1641
6,2439
2,607
9,6900
9,2450
9,3989
7,3984
10,4036
8,8390
6,2335
10,3453
3,1154
4,1573
10,2705
1,611
2,958
1,448
10,3046
3,931
8,2893
10,3433
3,1148
10,18574
10,7665
10,3738
1,448
10,3390
3,1338
8,2540
1,480
4,1487
2,1000
9,2132
4,1367
1,610
4,1555
2,845
1,514
1,611
1,561
9,3177
10,4936
6,2505
6,2096
1,1471
4,5027
1,620
10,3263
8,2539
7,2483
2,816
6,4276
3,1044
9,3384
1,737
8,2732
1,655
10,3776
10,3442
9,2601
1,510
1,489
8,2077
10,14816
10,3439
5,11026
2,4411
10,3417
1,610
3,1344
10,2975
4,1488
4,15789
6,2092
10,4018
2,963
1,450
10,3223
1,464
10,3351
1,470
5,1928
10,9398
10,3783
10,2881
9,1981
3,1273
8,2587
1,436
6,3547
3,1175
4,1407
10,4050
1,383
6,2073
1,472
4,1370
4,1460
1,417
4,1720
9,3050
4,1644
9,2898
4,2264
1,615
5,1610
1,356
10,3457
1,320
1,446
1,438
8,2888
8,2717
4,1324
3,3751
6,2267
6,2231
10,18773
10,2851
10,9199
6,2065
1,462
9,3611
2,1094
9,2689
1,270
1,533
3,969
1,384
8,30781
10,3469
10,3266
2,703
10,2980
1,478
10,3409
1,485
6,1866
10,37216
9,3325
1,573
3,1250
1,428
1,423
1,654
1,424
7,2031
10,3575
3,810
3,2570
9,3014
1,429
10,3430
1,404
2,1044
10,3073
5,1868
8,2534
1,369
4,1669
10,3331
9,3299
4,1290
10,13270
8,2804
8,2558
1,1021
1,480
1,411
3,975
1,411
5,1646
1,411
1,543
6,2156
10,3134
8,2959
1,339
8,2678
4,1591
1,451
2,849
10,3532
1,360
1,631
8,2585
5,4520
1,397
2,639
10,5665
10,5468
10,4058
1,534
4,1410
3,1230
1,389
1,585
3,1100
1,414
1,496
1,361
9,6081
1,407
1,401
8,2565
3,1131
4,1356
1,455
1,466
1,789
1,438
3,1063
1,345
1,425
1,608
1,393
7,2435
1,439
10,28417
9,2354
1,387
2,964
1,385
3,993
4,1530
1,504
10,3216
10,3204
1,368
1,456
1,490
5,2016
1,413
1,522
4,1391
8,2536
3,2925
1,445
1,485
6,2070
1,453
5,1735
1,456
1,467
1,400
1,403
5,1696
1,408
3,981
10,3256
4,1449
1,13561
4,1315
6,1884
10,3333
1,478
5,1421
1,334
9,3063
1,476
1,337
10,6658
1,625
10,5549
10,9075
1,387
1,456
1,518
1,617
9,3159
1,516
8,2734
1,270
1,377
1,403
3,1179
1,543
1,424
9,2530
2,769
1,452
1,1327
1,354
1,503
8,2866
1,501
7,2965
1,381
5,1825
1,383
1,599
1,453
1,444
1,620
1,382
3,999
1,529
9,3001
1,549
4,1293
5,25227
9,2937
1,264
1,363
1,419
10,3834
5,1877
1,710
7,2416
1,444
1,405
1,498
1,400
1,565
10,3491
10,29637
5,1959
1,470
3,1088
1,446
7,2623
1,579
4,1470
6,2484
1,490
1,416
1,748
1,624
1,1611
10,15314
1,382
5,1674
1,366
7,2389
1,435
2,884
1,479
6,2275
7,2802
1,370
1,382
10,3259
1,454
1,495
2,3000
7,55471
1,470
8,5872
10,3257
2,858
6,2086
1,464
10,3565
3,1218
1,467
1,455
1,389
1,394
1,636
1,1459
1,407
1,593
1,530
10,3231
10,3377
10,19563
1,538
2,913
8,10452
1,372
1,957
1,386
3,1263
1,553
1,767
1,391
8,2159
4,1491
4,1350
10,2655
7,2682
1,401
10,3329
5,1941
1,428
1,351
1,315
1,536
1,653
1,419
6,1430
9,3298
1,531
5,1676
9,2288
9,2928
1,484
4,7399
2,755
1,445
1,542
1,369
6,2262
4,1686
1,390
9,3169
10,3539
1,432
6,2255
10,2385
3,1093
1,518
10,12383
10,19198
1,293
1,400
1,357
7,7376
4,1445
1,392
10,3342
9,8157
3,1191
3,1122
8,2896
4,1726
1,366
10,15451
5,1665
1,941
1,340
6,2029
10,3549
10,3108
1,472
10,3801
10,4193
1,11345
6,2159
10,3389
2,867
1,575
3,1430
4,3471
1,986
4,1561
3,1243
10,3485
8,2852
1,389
4,1598
10,14841
4,1485
7,23471
9,3666
1,486
1,566
7,2334
1,445
1,508
10,3336
7,2389
5,2664
10,3381
1,1013
10,3455
10,3401
6,2023
4,1540
10,6351
5,1734
8,2174
4,1370
1,419
10,3324
10,3074
10,3446
8,6540
2,882
1,675
10,3147
10,2988
8,2698
1,473
1,62102
3,3207
9,3142
8,2498
1,493
9,3829
8,5997
10,3389
7,5760
10,4274
1,508
10,3496
2,716
10,18589
3,1230
10,60743
4,1374
10,3111
6,2181
1,573
3,1399
7,2433
8,2938
3,1150
10,2392
1,596
10,3428
1,487
10,2486
4,1297
3,56344
8,8898
9,3223
10,35557
1,538
4,1619
10,3294
4,1447
5,1887
6,2024
7,3823
2,666
1,511
4,1437
5,1631
1,52307
8,2390
10,3425
7,2429
1,645
10,3489
2,1184
10,3741
2,758
7,1952
10,3818
4,1218
1,373
2,1896
5,1654
10,64636
9,9378
10,7305
10,49448
1,541
5,1835
3,1777
7,2293
1,576
4,1351
3,1268
10,2983
1,294
10,9322
5,1248
10,56025
5,4058
10,11279
5,43963
1,345
8,2242
10,3281
3,1121
2,826
10,3811
3,1410
10,3495
1,252
1,356
9,2620
6,75950
7,12185
2,702
5,1625
1,764
6,1300
3,896
2,827
3,1345
10,3432
10,3785
4,1165
1,468
10,10823
5,2604
8,2561
2,696
10,2309
3,952
1,460
6,1952
7,2425
2,620
5,2015
5,1693
4,5663
10,3623
1,250
9,4791
6,2509
4,1849
10,8337
10,3471
6,14395
2,866
2,748
10,28330
1,594
5,1362
8,2511
8,2937
8,1977
1,327
3,1563
10,4033
3,998
6,2336
4,1895
2,607
1,725
7,2372
4,27899
3,977
10,4063
6,1964
6,2135
6,1389
1,258
1,584
5,2763
1,364
1,607
7,2591
1,472
3,8555
5,3778
10,11436
5,1658
9,3052
4,1325
6,2109
1,469
1,302
5,1826
5,1925
1,407
1,1000
4,1400
1,402
5,1831
4,1409
8,10368
4,1340
8,17816
3,3000
7,33338
1,615
4,1702
7,2618
7,23508
1,378
1,416
10,2196
4,1573
8,2755
2,796
5,8419
10,2482
7,2274
6,2132
4,1384
1,429
10,3292
6,2236
1,484
1,6598
1,411
10,2256
1,1809
10,9977
1,499
6,10227
8,1956
5,2200
5,1641
5,75474
1,387
10,3924
5,1941
1,519
1,527
1,360
6,1777
1,468
9,12948
3,1382
7,2548
9,2988
1,402
2,592
2,749
1,578
4,1242
8,2935
1,693
1,433
1,405
3,712
5,9012
7,2373
5,1659
3,1045
7,2273
5,1285
1,371
5,6150
6,2162
7,2397
1,555
1,414
1,458
1,463
6,1730
1,632
10,3276
5,1712
6,2041
1,439
10,4259
1,564
1,521
1,358
6,1782
7,2209
1,411
1,418
1,579
1,543
1,540
5,5575
5,1243
1,430
1,443
1,562
4,1219
2,947
1,436
10,2259
5,1504
1,393
1,518
1,567
1,479
1,420
8,3201
8,1942
5,2199
6,1985
1,609
1,1612
3,1164
1,696
6,1957
9,6970
1,374
1,657
1,816
1,362
1,340
1,420
9,3048
2,731
5,17709
1,538
3,1088
5,4492
1,488
3,1414
1,339
1,302
1,527
10,2748
1,328
1,350
2,825
7,2420
1,407
1,433
1,363
1,344
5,2263
1,445
1,426
3,913
1,336
4,1654
1,555
1,339
1,356
6,1534
5,2941
4,1588
1,264
1,385
1,380
4,1802
8,2434
4,1178
5,1962
1,480
10,14092
7,2011
1,407
2,787
10,2202
1,560
1,2410
1,395
1,477
1,481
9,9213
6,1393
8,1961
2,736
1,616
6,1922
6,3053
1,287
1,438
10,3500
5,4395
1,587
1,478
1,444
1,494
5,2001
10,2468
3,808
1,11287
10,2424
8,4531
10,3625
1,268
3,1254
9,2395
1,475
1,483
10,12637
9,2339
1,453
5,1704
10,3002
9,1923
1,645
1,242
10,3367
9,3212
1,247
5,1770
10,3410
5,1673
5,1569
1,446
1,574
1,388
1,376
10,2965
6,1467
4,3320
7,2410
4,3049
10,3371
1,464
5,1644
10,2779
1,637
1,696
1,351
1,447
1,1964
1,659
2,672
10,2951
1,651
9,3244
2,815
10,8701
1,445
4,1604
4,1468
10,12447
1,412
1,388
1,663
2,819
1,385
10,2391
2,524
1,439
10,7007
9,2865
3,855
4,1070
9,2994
10,10826
1,515
1,468
1,376
1,455
1,478
1,651
10,2778
10,2819
1,378
9,10365
1,579
4,1470
8,2011
8,2612
1,522
1,513
1,826
10,2858
8,1957
7,2490
6,8386
4,1390
10,2462
1,370
10,3088
10,2944
10,2376
3,760
7,2310
1,307
1,608
1,530
7,2196
10,3475
5,1737
8,64468
10,2190
7,2431
1,590
3,1151
6,2983
4,1418
9,2014
5,1842
1,389
1,536
2,793
10,2321
10,3439
4,1016
1,450
4,852
10,2233
1,772
10,10332
4,1570
10,3042
6,1471
6,2319
1,328
1,673
1,491
10,2242
10,3382
8,1617
7,64777
9,2956
1,352
1,648
4,1437
5,2036
10,4217
10,2795
1,637
1,296
1,514
5,1675
10,3487
10,3402
9,3080
10,25548
10,3539
1,290
3,1328
10,3421
10,9615
4,1335
2,720
1,619
1,348
1,434
5,1683
10,7534
9,25950
10,3496
1,342
10,3460
1,234
5,2023
10,3104
10,13318
10,3616
7,1876
8,2750
1,302
1,450
4,1368
3,1067
2,863
5,1760
1,498
5,1663
1,266
5,1917
10,3541
7,19498
10,2235
10,2840
9,2819
1,246
10,3504
8,2962
10,3226
2,833
6,2094
1,834
10,3136
1,270
10,3968
4,1514
8,2881
6,2273
10,3311
10,11404
1,250
8,1857
9,2816
10,2131
4,1016
1,642
1,478
6,1391
1,271
9,10903
7,2606
6,1957
6,2179
10,2362
10,4008
1,276
9,3078
5,2078
4,1019
10,2953
1,453
1,462
1,384
1,296
7,3525
10,2206
3,1153
1,438
9,3182
10,3429
10,2325
10,7669
6,2139
10,2617
10,3018
6,1572
9,3294
1,418
1,257
5,1460
6,1955
4,1622
1,297
10,3503
2,848
2,634
10,3304
10,3292
4,994
10,2450
9,2092
1,524
1,410
1,261
5,1787
3,1247
6,1985
1,522
10,2949
10,3711
4,1640
10,3793
1,585
10,2552
4,1342
9,2997
1,431
1,394
1,326
10,6249
6,1565
5,2004
1,381
5,1854
9,3871
10,3057
10,12072
1,421
10,2077
10,2259
10,3156
7,1911
1,421
5,1257
10,3089
1,512
1,474
1,402
10,3205
10,3310
4,1370
2,715
8,1821
10,2028
8,1975
4,1343
10,2303
1,395
10,2058
1,448
1,407
2,822
1,265
10,2231
1,472
10,4556
10,2182
9,2831
6,2292
6,1717
10,3290
9,2437
5,1759
10,3822
6,1992
1,283
1,455
1,269
1,618
1,315
8,2991
4,1142
9,2847
1,366
4,1122
10,3150
10,17094
1,377
9,3905
7,2208
1,578
1,378
1,248
5,1654
1,428
6,2088
7,2292
10,3180
1,401
6,1567
10,4215
3,1207
1,417
10,3405
9,2942
1,313
4,2001
1,269
1,513
10,2382
1,482
10,3396
10,2668
1,371
1,507
10,13220
10,3341
1,381
5,2652
10,3226
1,505
1,393
1,243
1,448
1,515
6,2297
4,1106
10,3315
1,388
1,313
1,383
10,10516
1,395
10,2624
10,7588
1,280
1,345
10,2707
1,290
1,558
9,2304
10,2614
10,3449
6,1790
1,273
1,267
4,1558
1,373
1,552
10,3552
1,274
1,406
8,2137
1,358
1,304
8,2096
10,2136
10,19944
1,313
1,301
1,430
10,2977
7,2011
8,2140
10,3903
1,277
1,421
6,1266
1,244
1,305
3,830
6,2234
2,1070
1,278
1,257
1,293
10,3306
7,1612
5,1386
1,335
1,349
1,399
10,2243
1,276
1,287
10,2473
3,1290
1,567
1,302
1,556
1,267
7,2451
10,2664
10,3516
3,987
4,1142
1,1544
10,3279
1,310
1,314
10,2242
1,433
1,519
1,310
1,309
1,437
4,1590
10,2617
10,2247
4,3176
8,2504
1,440
10,3204
1,264
1,293
10,2911
1,302
1,266
1,374
1,360
1,288
10,2130
3,1221
2,990
1,359
10,2683
2,966
2,947
1,284
10,2301
2,707
1,395
1,369
1,409
1,297
1,421
10,2278
10,3687
10,2746
1,364
3,655
3,1208
10,3512
1,259
4,1671
10,3161
6,1774
1,307
3,1177
1,296
10,2742
6,2043
10,3317
10,3553
1,428
10,2386
5,1757
4,1328
7,1600
7,2361
7,6714
1,362
1,250
10,2614
1,397
1,265
3,936
3,1109
5,1940
1,384
6,1530
5,1599
10,2210
5,1815
10,3069
10,4214
1,446
1,248
10,2375
6,1486
1,328
6,1526
10,2554
10,2391
1,378
10,2700
4,1388
9,3403
10,2378
10,2191
1,614
1,266
1,246
4,853
8,1941
10,2365
1,538
10,3284
1,599
1,274
2,898
8,2586
10,2674
10,2565
6,1983
1,461
1,256
1,344
10,1987
3,1235
4,1029
1,356
5,1691
1,457
1,345
7,2404
7,2333
10,2394
3,896
3,1048
1,329
1,382
1,386
10,3379
9,1997
10,3387
8,2407
10,3380
1,438
1,442
10,2739
5,1667
5,3367
5,1482
1,451
1,590
1,436
7,2086
10,3306
10,3173
4,1071
1,308
10,3166
1,397
1,498
9,3060
5,1574
10,7004
10,3651
4,1375
1,421
1,403
10,2754
7,2013
2,810
10,2204
1,377
10,3203
1,384
2,924
10,3883
6,1947
10,2602
10,3048
4,1209
1,396
3,709
3,736
6,6428
10,2249
6,2375
1,286
10,10804
1,322
4,1185
10,3751
10,3147
1,518
10,2988
3,1013
1,304
1,408
3,1044
10,2768
7,2355
6,1794
1,274
5,1446
1,593
10,3290
10,3368
1,487
5,1330
10,2925
9,2848
1,242
4,990
10,3092
9,3737
10,3341
4,1471
1,291
1,316
1,379
10,3801
10,3597
1,262
1,430
10,3318
6,1687
1,248
7,2178
4,1352
10,2240
4,976
1,491
1,303
1,322
1,426
4,1068
5,1643
6,2116
1,286
10,3502
10,3050
1,432
9,1995
10,2135
1,351
9,2946
8,1890
1,295
1,256
1,478
10,2118
10,3512
9,2113
1,273
10,3332
6,1566
10,3363
6,2143
7,2355
1,282
10,2665
10,2053
1,286
1,249
10,2499
6,2167
1,469
10,6667
1,273
10,9458
10,3103
4,1489
10,2354
6,2307
1,283
10,2724
3,1231
4,1103
1,282
10,2605
8,2620
5,1589
9,9992
1,299
10,2201
10,3474
10,3507
10,3037
1,358
1,404
10,3449
6,1338
2,567
1,261
10,3464
6,1799
1,423
10,3226
1,254
1,641
7,2470
9,2953
10,2846
4,1013
1,379
5,1646
9,2851
10,2202
1,258
10,3845
10,2185
1,260
10,3927
1,276
1,421
10,3444
5,1723
10,3796
8,1981
1,283
10,2113
2,765
10,2191
1,343
10,3478
8,2193
1,378
10,3182
1,247
1,383
1,643
10,2674
10,3076
3,744
1,287
6,1328
10,2452
6,1397
1,325
10,2495
3,963
1,251
4,8792
1,237
1,312
1,318
6,1873
9,2488
9,2278
1,437
1,265
7,1964
10,2765
1,287
10,2287
10,2276
1,265
10,4301
1,252
1,375
1,268
1,524
10,3407
6,1416
1,370
2,1159
10,2864
10,2946
10,2258
6,1927
10,2316
1,240
1,391
10,3201
1,484
1,291
5,1569
10,3122
10,3081
1,402
5,1737
10,3202
10,2813
7,2170
3,1178
2,996
1,241
1,283
8,1760
1,400
1,403
10,2518
10,2818
2,731
4,869
1,644
1,406
9,3152
3,814
6,2071
10,2253
1,238
1,380
7,1615
1,382
10,2677
8,2916
5,1671
10,2171
10,2124
1,383
1,284
10,3196
6,1914
10,3012
10,3364
1,313
1,294
10,2103
1,392
1,346
4,1346
10,2518
7,1533
10,2110
1,284
1,258
10,3044
10,3572
10,2971
10,3349
1,273
1,434
10,3346
1,932
1,248
10,2749
1,489
10,2534
10,3380
1,317
1,383
10,3277
10,2334
10,2735
7,1984
7,1756
1,548
2,852
10,3043
1,307
10,2364
1,619
10,3321
6,1941
1,280
1,416
5,1321
3,1320
4,1459
1,359
10,2093
1,369
10,3313
6,1767
1,231
2,655
1,357
1,360
10,2956
1,460
1,385
10,2928
7,2544
7,2937
1,247
4,1104
1,437
3,1146
6,2439
1,446
10,3437
1,607
1,405
5,1886
1,350
1,639
10,2760
4,6863
1,554
1,245
10,2273
1,536
10,3037
3,1224
10,2105
6,2135
5,2756
1,266
5,1993
1,640
1,346
1,530
2,699
1,430
1,234
10,2522
1,308
10,3023
10,3225
9,2921
10,2864
1,457
1,248
10,3073
1,447
1,301
5,1669
10,2635
4,2368
1,349
2,824
10,2561
10,3348
10,3675
10,2669
1,681
1,395
1,281
10,3245
1,289
1,488
1,473
1,696
1,355
1,345
6,1840
7,1880
10,2403
4,1513
10,3555
1,408
1,286
1,227
10,6042
8,1949
10,2847
1,400
9,2476
1,433
1,318
8,2642
10,3925
10,2442
2,870
10,2460
1,404
1,761
1,240
10,2821
8,2440
10,2358
1,317
10,3054
1,377
1,318
3,10598
10,3253
10,2798
4,1437
1,392
1,492
1,804
1,235
1,346
5,1721
9,2268
8,2608
4,1106
1,344
1,360
10,3832
4,1151
10,2599
4,1333
4,1269
1,610
1,442
1,364
10,2436
10,2352
10,3664
1,388
8,2818
1,589
1,348
10,3428
10,2683
1,377
6,1920
4,955
1,430
1,263
1,515
10,2421
10,2283
5,3786
1,316
8,2925
1,654
4,1589
10,3558
3,1250
1,258
8,5522
10,2828
1,377
4,1114
10,2560
10,2250
2,669
10,3176
1,339
10,3291
1,559
9,2992
10,5014
6,2182
1,239
7,5049
10,2353
1,320
6,1577
10,3594
10,2155
10,2192
1,515
1,366
6,1794
1,388
10,3063
10,3443
4,1244
1,404
10,3442
6,1694
1,440
10,2134
9,2289
10,2017
5,1809
5,1436
1,326
10,6999
2,973
10,3087
10,3458
4,854
1,270
8,2792
10,3840
1,300
10,3436
10,3179
1,347
10,3667
1,519
1,265
6,2185
6,2289
5,1668
10,3748
3,736
1,266
10,18257
10,2691
10,2753
10,3349
5,1382
1,390
5,1773
8,3005
1,274
2,726
4,1324
10,2134
10,3673
10,2821
1,307
6,2288
6,2093
5,1877
10,3126
10,3499
1,645
10,3380
10,2846
2,850
1,555
8,2252
1,425
1,509
6,1484
1,269
10,4086
10,2877
10,3462
10,2519
1,451
1,297
10,2509
4,1283
10,2655
4,1437
6,1732
6,1441
1,275
10,2389
1,261
10,9875
1,493
10,6893
10,3192
5,2032
1,481
10,3423
9,2384
10,2265
1,725
10,3149
5,1483
1,300
6,1623
1,271
10,3832
1,322
10,2438
10,3439
1,536
1,319
10,26672
2,758
10,3885
1,633
8,3019
10,3430
1,242
10,2875
10,2268
2,962
1,287
10,3095
10,3940
8,2729
1,308
10,1989
6,1958
10,3406
1,437
10,3059
8,1818
1,317
10,2471
10,3222
4,1329
1,311
5,1375
10,4357
5,1645
1,324
10,2242
10,3430
10,3364
1,413
4,1712
5,1217
1,329
10,2929
7,2370
1,617
1,259
10,2384
10,3423
9,3237
10,2173
5,1154
10,2762
10,3440
1,287
10,3533
10,2185
1,268
7,2601
6,2086
1,369
1,246
10,2801
10,3278
10,2260
10,2576
4,1243
10,3825
10,3599
1,265
10,3688
2,818
1,273
1,726
10,9687
1,903
1,278
6,2141
10,2204
2,1366
1,308
1,548
1,567
10,3475
1,714
2,960
10,2109
1,309
1,305
10,3216
1,448
10,2337
6,2194
1,502
10,3271
1,267
1,317
1,375
10,8309
1,635
1,418
10,3260
1,286
1,250
3,1058
1,446
1,341
3,1230
1,283
5,1858
7,2416
1,395
1,463
10,3479
1,533
1,610
5,1735
3,813
1,258
4,1486
1,500
1,284
10,2844
1,310
10,3293
2,807
1,344
1,473
10,3339
1,523
2,1132
10,2855
4,1585
1,296
2,880
1,596
1,280
10,2512
1,591
10,3340
6,1357
1,282
1,491
10,3459
2,937
1,606
1,557
10,17260
1,258
10,3286
1,453
10,3143
4,1423
1,351
1,384
3,964
1,322
1,512
1,601
1,531
4,1444
1,574
6,11566
1,289
10,3297
1,449
10,3628
7,2405
1,323
1,286
10,2916
1,353
1,487
1,450
3,1090
5,1325
1,314
7,3164
1,311
6,1968
1,288
10,3321
4,4072
1,306
1,351
8,2515
1,631
1,628
1,602
5,1805
9,1950
1,334
10,2858
1,569
8,11585
1,534
10,3717
1,573
1,433
1,418
10,3880
1,550
1,602
10,2487
9,2049
9,3099
1,360
7,9398
1,553
8,20124
1,547
10,2348
1,483
1,312
1,288
10,3362
1,536
1,596
1,236
10,3377
10,3622
1,515
6,2239
10,2724
10,12283
2,925
7,2319
1,610
1,394
1,289
4,975
6,1665
10,2708
1,372
10,5616
8,2937
1,351
10,3391
10,2785
10,3299
4,1505
6,2096
1,341
6,1739
1,273
3,1386
10,2339
10,2463
1,350
8,1990
10,2750
1,448
4,1612
10,3709
2,901
5,1412
3,1077
1,308
4,1434
1,372
5,1549
6,1499
10,3345
1,446
7,2287
6,2373
1,509
3,17132
10,3410
4,1298
1,353
10,3421
1,268
7,2856
1,416
5,1901
3,1226
10,3528
1,378
9,3122
9,6403
1,323
2,598
5,1822
1,432
9,2468
6,1857
1,306
3,925
1,329
7,2187
10,2480
10,3198
1,330
5,1705
5,1859
5,1692
8,2846
10,2040
1,1580
10,2269
10,3232
1,352
10,3053
10,2789
10,3085
10,3979
10,2346
2,729
2,854
1,399
10,3171
10,3847
5,1741
1,282
9,2121
10,3780
1,476
10,2826
10,3424
8,2769
10,2740
1,527
1,321
10,2296
1,472
10,3397
6,2484
4,1208
1,404
8,2299
3,1079
1,319
10,3382
10,3658
10,3313
4,1422
10,2499
8,2352
9,3458
1,397
10,3209
8,3312
5,1336
1,365
6,1899
4,1094
10,2732
3,1146
10,7272
6,2138
7,2749
10,2149
4,1039
10,6756
1,466
10,3199
10,13155
10,2530
1,318
5,1850
7,2600
4,1602
7,2404
10,3186
10,3281
2,865
6,2144
7,2627
10,3879
1,321
10,1982
7,11892
10,2560
1,327
9,3103
4,1521
10,7225
6,2014
10,3456
10,3340
4,1234
7,2284
10,2449
10,3631
1,369
5,1184
10,8888
6,1398
1,251
10,2359
1,687
6,2109
2,659
2,882
10,7041
8,2694
3,1061
3,5295
8,3022
1,347
10,2474
2,798
10,2430
1,294
1,614
1,397
10,2830
8,2693
8,2064
1,413
10,3534
9,2126
6,1621
9,10559
1,313
10,3276
3,1412
10,2220
1,352
10,18356
1,536
8,20150
4,1309
4,1439
2,805
10,3460
4,1339
10,3967
1,633
1,282
6,1418
4,1759
10,3746
10,3369
10,16543
1,581
6,2470
10,2462
10,3492
4,5074
6,2218
10,3456
10,2391
1,605
1,530
6,1675
1,600
5,3721
2,892
10,14820
2,631
2,884
10,3489
6,2087
1,426
8,2516
3,1156
3,1246
1,564
9,2379
3,1008
1,409
1,599
8,2551
9,14260
10,3946
1,634
8,2526
7,1891
1,546
10,8580
7,2432
7,2784
1,564
10,2670
10,5382
1,425
1,597
4,1236
9,14672
1,525
4,1439
10,3263
3,1281
1,465
2,932
1,542
2,682
1,621
10,3780
10,3055
1,433
1,381
5,1676
10,3407
1,419
9,2199
10,3657
10,2331
1,406
6,2216
1,412
8,7791
1,564
10,12107
4,1441
1,362
1,501
10,2799
1,576
1,637
2,873
6,2024
6,1694
1,425
1,573
1,395
10,4147
1,526
10,3367
1,381
1,588
1,463
8,2498
1,677
1,621
1,648
10,3646
10,3186
1,435
4,1428
1,692
6,2411
1,12188
10,3479
1,253
1,483
1,333
2,849
1,582
1,579
1,698
2,959
10,2893
1,369
1,390
1,605
8,2872
1,10147
1,418
9,2979
1,485
1,313
6,1753
1,597
1,475
9,2570
1,614
4,999
1,408
1,453
1,500
10,10381
1,523
3,1107
1,418
1,293
1,597
5,1864
1,618
8,2885
10,3444
4,1553
3,1027
5,1199
1,325
1,717
10,25138
1,453
2,813
4,3771
1,475
1,250
2,645
1,382
8,3002
4,1837
1,595
7,2981
1,432
1,382
1,589
10,3864
1,488
3,1239
10,4624
1,419
1,255
8,2823
1,676
10,3396
1,443
1,658
1,612
2,667
1,377
10,3291
2,1010
1,495
6,1963
7,1753
1,404
10,3544
10,3980
1,551
10,3350
5,1637
1,530
1,664
4,1560
1,473
1,568
4,15865
3,1245
3,1237
1,2314
2,974
10,3734
10,4058
1,606
10,3353
9,2301
1,395
1,390
5,1641
1,648
1,452
1,980
1,453
8,2668
1,371
1,499
10,3676
10,3733
1,750
2,690
10,3684
1,442
1,361
8,2651
1,491
10,3446
2,954
1,461
1,337
1,392
9,3315
10,7760
9,3373
1,541
2,916
10,2492
1,350
1,387
5,1296
1,406
8,2788
1,753
7,2702
2,671
1,486
5,1485
10,3426
10,7352
3,1167
1,676
8,2652
1,739
1,481
10,2297
1,589
10,3387
1,443
9,3029
1,513
1,602
8,2822
10,3104
10,3307
2,827
2,1075
6,1614
4,1460
1,428
10,3302
1,520
6,2154
1,623
10,3353
8,4796
1,438
9,2258
7,1562
1,567
3,1336
1,606
9,3429
1,305
1,559
8,3070
9,2343
10,3796
1,512
9,3314
7,4562
1,274
10,3067
10,2265
1,617
1,517
8,2370
5,1835
1,699
1,515
6,1326
2,991
2,947
1,302
3,1271
4,2061
1,334
8,2773
6,1325
1,444
10,29268
6,2010
1,427
1,624
1,456
2,625
2,937
4,1372
1,475
9,2888
10,6500
4,1504
9,3086
3,1201
1,649
4,4035
4,1329
1,332
1,583
7,1764
5,1401
2,681
8,2813
1,685
7,2369
7,3142
8,2604
5,1892
6,2035
1,1091
10,7892
4,1136
1,269
6,2115
2,685
1,636
1,494
4,1424
1,281
1,550
4,12153
10,3567
2,725
3,1173
1,534
8,17672
1,438
1,355
2,746
3,1156
2,678
9,2950
6,3497
1,315
9,19296
1,568
10,18343
2,586
10,3657
1,457
9,9753
5,1381
1,282
5,1997
8,2780
10,2352
8,2690
2,6417
1,537
3,1312
3,1164
6,2196
10,3434
2,1007
1,502
7,2295
9,2614
1,309
1,290
8,3045
10,4067
10,3001
1,416
8,2301
3,810
3,1832
10,6702
10,3355
4,1317
1,524
10,3697
9,2352
1,280
9,2656
10,3055
10,4007
8,1881
2,737
2,945
1,488
1,370
6,2475
10,10180
6,2004
1,341
6,7713
10,2298
1,274
9,2433
6,3293
9,3154
8,2954
3,1165
5,1428
10,5324
1,394
2,686
10,3255
8,3097
1,460
3,2412
10,4521
1,373
10,2475
10,3391
9,2838
9,3002
4,1416
8,3052
3,2292
10,38500
4,1473
8,7484
10,3619
10,2830
3,960
8,2875
1,338
8,2664
2,992
8,2508
2,696
2,495
1,556
3,795
1,608
1,515
9,21202
4,1364
6,2221
4,1131
6,1639
1,480
5,1434
4,2045
10,3166
10,3515
5,1731
9,2074
7,15216
1,379
2,809
10,11397
7,2534
3,1127
1,575
9,3327
10,2325
9,2403
1,611
1,468
9,5811
1,404
10,7919
9,10007
1,402
10,3277
1,481
4,12129
1,764
3,1236
5,2139
9,3098
1,450
1,445
1,611
10,5137
9,2706
8,2756
7,13610
1,423
2,616
1,473
1,507
10,4005
3,1175
1,539
10,3390
10,2437
2,860
1,434
8,3213
8,3012
2,811
10,37191
1,413
5,1805
1,466
1,574
7,2595
7,2382
1,384
10,3956
10,3817
1,627
1,430
10,9288
10,3657
5,1317
7,2582
3,1576
4,963
1,21329
1,338
4,1674
10,3743
1,448
9,3209
10,7059
2,714
1,338
9,3793
7,2329
9,2862
7,1894
6,2255
8,2419
3,1085
1,455
7,2405
9,3012
1,322
9,8517
10,54563
5,2256
1,407
10,5360
6,1935
2,752
1,525
2,950
1,308
1,331
1,523
1,509
10,3684
1,326
1,660
9,3183
1,614
1,443
1,535
8,2780
10,4531
1,462
7,2576
9,1918
1,376
1,544
9,28738
7,2668
1,275
3,1142
9,2325
9,1963
1,450
2,942
5,1580
10,3499
1,549
4,1510
8,2639
1,461
1,465
10,18370
7,2586
1,422
1,591
1,342
9,1900
1,367
1,487
9,2718
8,2655
1,585
10,16611
8,1825
1,355
1,456
3,826
1,536
1,378
1,1165
10,3235
8,2604
1,425
1,393
1,505
10,3243
1,1019
7,22716
1,1361
1,7439
1,512
3,1211
1,531
1,381
4,1108
1,487
9,3014
1,434
1,608
1,250
10,3839
1,522
10,10936
6,2286
2,687
1,515
9,2928
1,549
2,554
6,2230
1,463
10,3214
1,438
1,500
1,357
9,5471
1,510
8,2786
5,2280
1,416
2,832
3,971
1,558
10,2855
1,600
1,313
8,2749
6,2030
1,447
1,304
10,4722
1,545
4,1731
2,676
1,369
10,7970
1,333
1,1570
1,280
3,1448
1,339
5,1275
3,1028
1,536
1,310
1,552
1,424
5,1968
1,2524
3,1107
8,3048
9,2874
1,1006
10,3511
10,3690
1,380
1,427
9,3014
1,647
1,286
1,598
1,396
2,1236
1,511
1,477
10,4218
1,514
1,666
10,3353
9,3631
1,367
9,2509
1,421
1,542
1,308
1,374
3,1140
4,1626
9,2784
7,2273
6,1865
1,411
1,405
10,3277
10,3907
1,229
1,401
6,2113
8,2577
1,295
1,473
5,1791
10,4039
1,317
7,2336
10,10098
9,8339
1,680
8,21636
3,1014
1,615
1,433
10,3258
3,1146
1,581
1,559
1,477
10,3468
1,384
8,2742
10,2249
3,1134
1,544
10,5535
4,1598
3,938
1,370
7,2573
1,569
1,631
1,531
10,3432
10,3320
1,408
10,17402
4,1608
3,1078
4,1426
2,27469
9,3295
1,441
1,355
4,1499
1,443
10,3206
10,2864
10,4366
10,11862
1,288
7,2323
1,465
7,2076
5,6417
3,32948
10,3431
1,386
1,414
7,2453
1,507
10,3404
1,927
10,3572
6,2354
1,329
3,1075
2,837
10,3395
1,448
3,1166
7,2508
2,924
1,370
9,3676
3,1440
10,3695
1,632
10,29257
5,1740
1,308
9,5945
3,786
7,2462
10,3120
1,541
1,521
7,2583
1,382
4,1032
6,2616
10,11052
1,563
7,2551
1,406
1,361
7,20837
1,637
10,3243
10,3247
7,2231
1,463
1,620
1,353
3,1004
1,885
9,3863
2,874
5,2124
6,4768
10,4774
3,1035
4,1585
9,3149
10,3266
3,986
1,585
1,372
1,390
3,1255
1,515
10,3517
1,569
9,3062
8,8263
10,3341
3,1355
5,1750
7,2824
10,3521
10,3783
1,444
1,356
10,2438
6,1738
10,3463
1,28784
1,528
3,1141
1,839
10,3214
3,1553
9,2475
7,2633
6,2172
8,2779
1,374
3,42293
1,353
1,458
4,1494
2,16027
6,3436
10,2265
1,660
9,21677
1,503
8,2809
1,747
5,1680
4,1378
1,432
6,1939
2,684
2,835
7,2481
3,1084
1,612
7,1995
1,656
9,3744
3,1175
10,3462
1,542
9,2906
10,3309
1,401
8,5292
10,3635
3,1096
4,1289
1,432
1,425
10,3465
1,614
10,3234
3,945
10,3337
1,498
7,2563
3,1146
1,381
9,3179
9,3548
3,1207
9,2979
7,2522
3,1070
10,2229
1,542
1,521
7,2608
7,1829
1,566
3,1222
7,2312
1,429
9,2885
8,5214
7,2715
9,18706
1,351
8,2618
10,3504
1,432
1,690
10,3291
6,2062
1,546
7,1555
9,5162
1,401
4,7648
9,2972
4,1345
3,1579
7,2755
7,2295
7,7932
1,449
7,4091
7,1642
5,1409
1,560
10,3686
7,2879
3,1314
4,1650
10,6311
10,3440
3,1398
1,518
4,1665
10,5151
1,790
1,676
9,3186
9,3203
10,3673
10,2202
3,1156
1,1607
9,10490
1,463
7,2506
3,973
10,3408
7,2732
3,1079
1,398
3,1210
10,3417
1,497
1,388
10,3320
1,390
6,2427
3,2705
3,1163
8,2894
1,604
8,2590
9,3320
1,548
10,2582
1,354
7,10647
1,385
2,763
10,3442
1,418
3,1470
3,1350
2,663
9,9269
3,1249
3,855
9,25494
1,386
7,2605
3,1027
7,18008
1,279
1,401
3,1047
1,423
3,1330
1,610
3,1121
7,2683
3,1171
3,1028
3,1100
1,275
7,2175
1,577
1,405
1,279
1,374
10,2338
1,430
7,3077
6,2361
1,475
1,668
7,2496
7,2207
3,1256
1,262
10,2909
3,1218
1,446
1,454
1,548
1,528
1,471
10,4033
3,1207
6,1927
1,481
10,3861
9,3003
3,1198
1,382
3,1105
10,2934
1,476
1,294
4,3027
1,708
1,369
4,1817
3,1028
1,421
1,547
7,5564
9,2864
1,550
1,366
10,2709
9,17524
1,373
1,267
5,1858
1,534
1,372
9,3501
10,3602
3,1026
1,424
9,3465
9,9529
3,1156
1,379
3,719
7,2318
1,469
1,434
10,3244
1,593
1,372
7,19239
7,2378
10,4925
1,477
10,3913
1,511
3,1072
1,374
10,2901
9,2914
1,461
1,272
10,3837
1,424
1,351
7,22073
9,3177
8,2969
1,407
7,2433
3,1005
10,4555
1,416
10,2935
1,330
1,520
1,267
7,2886
1,533
1,400
3,1271
7,2182
7,4206
1,433
7,2397
1,481
7,2334
1,384
7,2600
1,446
1,377
1,485
10,12815
1,343
1,439
7,2736
10,3632
4,1170
1,262
1,600
1,501
7,2534
7,2383
10,3656
7,9545
1,389
2,833
5,8072
1,331
3,1000
4,1928
4,23663
9,3958
1,420
1,613
1,293
9,3253
10,3455
10,3329
1,2214
3,1318
10,29878
6,7540
1,352
3,1085
1,566
7,2365
9,3780
5,4061
1,1741
1,391
7,2336
7,1578
10,3355
9,2830
1,281
10,26589
1,904
1,296
3,5750
5,1901
1,465
4,1475
1,345
1,643
1,388
10,3268
10,2288
10,3476
1,702
4,7165
9,26811
3,896
7,2713
9,13254
10,8564
1,541
1,531
2,570
1,465
1,365
7,2545
10,3930
10,3026
1,466
4,1192
10,20131
7,1762
10,3328
10,10555
10,4072
1,469
7,6957
5,1922
1,576
1,405
1,546
10,3263
10,12029
7,10591
5,1613
8,17468
10,4220
7,1631
7,2416
10,3538
1,412
1,395
4,1421
1,1100
1,361
1,508
10,3277
3,993
1,556
7,1843
9,17723
10,3462
10,3081
7,25637
10,8317
1,553
1,575
10,3274
1,421
1,376
1,398
3,859
1,361
1,622
10,3302
1,457
7,2192
10,3512
10,11422
6,2215
1,593
1,833
5,1644
1,415
7,2341
1,559
3,1307
1,339
3,1604
10,3653
2,1104
10,2987
10,3466
7,9972
5,1819
1,470
1,617
7,2395
1,411
1,298
1,537
1,379
1,447
1,352
6,2084
3,1152
10,3469
10,3987
4,1303
9,4966
1,503
1,606
10,3232
10,2836
6,2555
1,426
10,2196
1,451
1,458
6,2126
1,407
3,1057
3,898
3,1030
1,4027
1,401
1,551
10,14925
4,1534
3,5294
1,371
10,2214
1,375
1,416
5,6119
1,2141
10,3899
3,948
2,828
1,339
1,476
1,515
6,2472
3,1192
3,1039
1,462
10,2744
1,386
3,1245
10,12377
6,15446
1,437
10,2274
5,1569
1,426
10,2530
3,1515
1,499
1,558
4,1466
1,478
10,2986
1,326
1,652
3,1503
10,3268
1,518
10,3017
10,3268
1,544
4,1463
1,565
5,1936
10,3502
9,3314
1,559
10,3836
1,270
3,1349
7,2683
7,12223
1,389
10,2954
10,3302
1,328
5,1528
1,540
7,2186
10,2726
10,3313
10,2804
10,2343
1,243
3,1350
10,3597
8,7770
1,262
10,2341
10,3729
1,384
4,1006
10,3759
7,1598
10,10378
7,2226
3,1226
9,3037
1,251
7,2687
10,3032
10,3403
1,228
10,2089
10,3267
1,294
1,605
3,1050
9,3087
6,2124
7,1610
4,1385
1,687
10,3375
10,4150
10,3479
4,1869
1,234
10,2684
6,1953
1,258
10,3817
1,630
10,2565
7,2389
4,1478
5,1721
1,721
1,405
9,3158
7,2479
9,3294
1,253
10,2322
7,2333
1,341
10,3893
3,1390
10,2097
9,5602
5,1808
2,857
1,608
10,2022
10,5279
10,3167
9,3093
1,300
1,639
5,1877
1,594
6,2170
3,1152
10,3558
3,1233
4,1309
10,5423
1,446
10,3400
7,2323
3,1032
3,1262
1,243
1,463
8,2455
7,2543
5,1739
7,2551
3,1097
7,1935
1,263
10,3376
1,940
10,3328
7,2354
10,3166
1,545
1,259
1,612
1,440
7,1631
6,2070
9,3502
3,1058
10,3738
10,3132
7,2522
1,577
9,2240
3,2802
1,526
7,2409
10,2465
1,522
1,435
10,3923
9,3043
10,3761
10,2211
10,2550
10,3259
5,1807
1,506
10,2152
2,982
1,543
1,5181
8,1737
1,372
1,451
10,3238
7,1785
7,2521
1,400
10,3147
10,3129
6,4341
1,537
1,497
7,2401
1,385
1,826
7,2513
1,1618
1,349
10,3448
10,2177
7,2719
1,543
7,2357
10,6988
8,2798
1,524
5,1618
5,2299
1,385
1,563
10,3623
1,494
1,364
10,4039
10,4014
5,1784
1,438
10,3115
5,1709
3,1202
1,540
9,2938
3,1048
1,314
1,362
2,920
1,500
1,625
3,1078
10,3088
4,1375
1,468
3,969
6,2244
7,2462
1,582
10,3820
10,2926
1,404
1,380
10,3312
1,531
1,370
3,956
10,3345
4,1331
1,534
10,3404
9,2866
10,3658
5,1827
9,2216
10,10932
1,375
1,327
10,2466
1,495
10,2580
10,3357
10,3282
3,1102
1,318
1,767
6,4586
10,3196
2,806
10,3610
7,10530
1,353
1,346
10,3998
1,536
1,295
7,5360
3,1083
10,3622
1,349
1,522
1,463
10,2947
10,9896
10,3657
10,8793
1,390
1,347
3,680
5,1789
1,351
10,6003
10,2329
10,4716
1,273
1,337
1,453
10,3286
10,3186
10,3479
10,14004
1,291
1,345
10,2284
9,2890
1,271
7,1559
1,419
10,2918
1,375
1,420
1,460
7,1836
10,3541
10,3512
1,496
10,3055
3,1166
10,2842
2,725
4,1272
10,3716
1,371
10,10185
1,318
1,353
7,3056
3,1147
10,3814
1,456
5,1635
10,3003
3,1102
10,2210
10,3609
7,1807
10,7698
1,354
5,3196
1,387
1,311
1,331
10,3532
9,3053
1,402
1,530
7,2289
1,497
10,3350
10,3819
10,3518
10,3419
1,502
6,2100
7,2212
1,436
1,411
1,505
5,1650
5,1641
1,505
10,3354
3,1123
10,2158
10,3642
6,2186
10,3718
1,338
6,1713
8,2341
1,402
1,944
1,396
8,2776
1,406
7,2486
10,4077
10,3377
10,3487
9,3323
10,3178
3,931
1,317
1,296
3,774
1,360
1,513
1,368
3,1207
1,538
1,386
10,2707
7,2493
10,3054
5,1700
3,1134
3,806
1,303
1,506
10,3212
1,416
1,398
1,270
10,2881
1,459
1,418
10,2025
7,3155
1,589
1,594
10,2838
1,514
1,350
7,1832
2,2203
10,3582
1,524
1,359
4,1522
1,702
1,424
3,1194
10,4739
1,513
8,2737
10,3493
1,307
1,393
1,531
10,5754
10,4250
1,568
1,285
6,2063
1,525
1,372
10,3286
9,12773
1,421
6,2231
10,3342
1,277
1,339
1,464
10,4008
10,3193
7,1930
1,284
9,4095
1,533
1,388
1,415
7,2427
1,376
4,1039
7,2508
1,311
10,2345
1,3037
10,3288
7,1665
3,1296
1,278
8,2795
1,665
1,318
10,2175
5,1802
1,250
2,652
10,3566
1,332
7,2424
1,434
10,15725
10,3666
10,3541
1,314
9,2800
1,651
1,408
10,2264
4,1490
1,246
6,2237
10,5968
1,321
10,5196
1,490
10,2563
10,2683
10,3398
1,273
7,2325
1,492
1,627
10,2543
1,764
1,238
9,3813
10,7106
1,272
10,2786
1,469
10,2201
10,9002
10,2637
10,2617
4,1316
9,3353
7,1823
10,2371
4,1484
1,243
8,8191
10,3159
1,315
7,1488
1,344
10,3521
3,1254
3,1294
10,3581
6,1462
6,2074
10,3867
9,2442
10,3355
1,237
9,3731
10,3313
1,541
10,3422
1,318
10,3271
10,3245
10,3017
10,3668
1,264
6,1614
10,2960
10,2210
10,3788
1,229
7,2526
3,1109
1,240
10,16434
3,1146
10,2189
1,385
5,1223
7,2327
1,437
4,1710
10,3966
1,446
10,3833
10,3384
4,1310
1,365
1,543
3,1162
10,3580
10,3406
10,3026
7,2542
10,4237
1,611
9,2860
3,1171
1,391
10,3332
4,1605
10,3211
1,256
10,2984
3,1166
10,2727
10,2235
10,2513
10,3961
10,3582
1,533
1,439
10,3754
1,485
6,2123
1,429
2,897
1,258
10,4215
1,520
10,2899
1,688
10,3341
7,1422
10,2035
2,715
4,1138
10,3260
1,364
5,1977
5,1867
1,360
1,470
10,2246
10,3473
10,3384
1,574
10,3881
5,1367
3,947
1,496
10,2646
10,2887
1,274
6,2291
10,3641
1,2885
1,510
10,2404
10,2274
7,2403
1,686
9,2370
10,2199
1,556
1,553
4,1014
8,1952
1,314
9,3029
10,4143
1,601
1,387
10,2273
10,3378
10,3056
1,621
10,3279
10,3402
10,2326
1,408
6,2341
7,1987
1,276
1,3836
10,3746
1,603
1,566
9,2057
10,2307
7,1823
1,439
2,848
10,2321
10,3571
1,303
1,565
10,3650
1,384
1,537
6,2358
1,637
1,346
9,3558
9,2273
10,2573
1,479
1,717
10,3558
10,2808
1,336
1,400
2,1011
1,258
1,436
5,1758
1,511
1,362
1,939
10,3417
10,2714
5,1702
1,664
3,1161
10,2168
1,479
1,531
10,4077
1,270
1,407
9,9192
1,549
1,563
1,627
10,2430
10,2260
1,375
1,584
3,774
10,2122
1,413
3,889
10,3332
2,808
1,371
3,1470
1,452
10,2560
5,1888
1,590
10,2569
1,400
1,497
1,676
9,3370
1,366
10,2364
10,7550
1,538
1,307
2,987
1,549
1,409
10,3209
1,586
10,3380
1,373
1,456
1,382
10,2421
1,518
10,3017
10,2789
10,3484
1,277
6,1820
1,597
10,2586
2,942
1,485
10,3105
1,351
1,585
1,310
1,546
1,532
10,2244
1,498
5,1787
1,311
8,2807
1,330
10,2587
10,3678
1,670
10,3288
4,1466
1,653
1,254
1,2578
3,1014
10,3640
3,1199
10,3369
1,378
9,5246
1,490
10,2754
10,3559
1,438
3,1087
1,371
1,507
1,790
1,568
10,3683
9,3079
1,454
9,3108
1,393
7,2213
1,486
9,2113
9,3266
1,387
1,465
5,1946
1,355
1,899
1,1182
10,2478
9,2405
1,468
8,6686
3,1066
9,2710
1,537
10,2215
5,1844
1,547
1,378
10,3266
1,582
1,260
1,587
10,2185
7,1991
1,437
9,2957
7,2363
6,1483
1,479
1,475
10,23502
1,263
1,284
10,3480
8,2995
1,239
1,547
9,2681
10,2699
1,442
5,1858
10,2120
10,3420
3,882
5,1799
8,2861
1,314
1,263
6,2095
1,515
1,314
1,761
10,3615
1,372
1,362
1,500
10,3312
4,1636
10,2725
9,3059
1,632
1,270
1,379
10,3233
9,2841
1,499
1,901
9,2946
1,402
1,431
10,25999
10,3252
2,857
10,3719
9,11408
1,735
10,2349
1,334
9,3198
9,2994
10,2767
1,507
7,2234
1,392
1,557
3,1145
7,1965
1,381
10,3667
10,3271
1,434
5,1759
1,258
10,8237
2,957
10,2391
1,368
1,558
1,401
1,436
6,2194
3,1041
1,594
9,2686
10,4938
1,657
9,3123
1,260
6,1572
10,3226
10,2128
1,380
6,1515
1,409
1,346
9,3329
10,2507
2,859
10,6685
10,12614
1,697
2,784
1,341
6,1567
10,3188
10,3304
9,3099
10,3541
1,436
1,457
4,1574
5,1757
3,1102
9,2866
10,3882
1,646
10,2737
1,332
5,1282
9,3141
10,2041
9,3111
9,2363
1,550
10,2301
8,2597
7,2563
1,512
7,1668
1,428
1,669
10,3665
1,417
9,2857
1,476
10,2426
5,1647
10,2448
1,298
10,2758
9,2699
10,3274
1,426
10,2255
9,2933
1,793
10,4201
9,2110
8,1935
1,516
2,1004
9,3043
10,3542
1,449
10,2458
7,2354
7,1547
1,305
6,1428
1,364
1,617
5,1941
10,2102
9,2125
8,2824
1,627
10,3844
4,1674
1,365
10,3602
10,3822
10,2675
1,301
1,3309
5,6910
1,570
1,697
10,2153
4,1083
3,1256
5,1941
10,3452
10,3452
10,2251
9,2639
4,1500
10,2504
1,353
10,6862
1,658
6,2287
8,2934
10,2357
10,2648
6,2280
2,787
1,543
10,3932
10,3390
10,3004
1,515
10,3183
1,326
10,10668
1,556
2,1056
2,1075
10,2441
4,1315
9,3405
10,3178
10,3423
1,689
1,268
9,3073
6,2669
5,1948
1,291
4,2336
1,604
6,2256
6,2304
10,3228
1,498
5,4403
10,3267
1,508
1,33580
10,8581
2,841
1,629
10,3259
1,285
10,3681
1,638
8,2674
10,3328
1,435
5,1627
8,2315
8,19763
5,1667
1,581
10,3573
1,1867
2,1155
3,1124
1,310
10,3442
1,549
9,2992
9,3154
5,1799
1,441
9,2582
10,25786
3,1227
1,421
10,4043
4,3050
1,574
3,823
1,247
9,19128
1,561
9,3017
8,3906
9,2997
1,574
7,1959
9,3027
6,2297
1,627
9,3642
1,601
1,625
1,372
1,628
1,717
1,595
4,1697
9,3007
10,3198
1,675
10,2641
10,18743
9,2313
1,480
1,521
5,1872
1,662
1,273
2,858
1,542
1,551
4,1579
7,2715
10,3262
2,987
4,1590
5,20785
9,3327
2,1702
2,813
6,2037
1,402
1,255
7,1934
1,515
8,2535
6,2347
4,1342
10,2792
1,557
1,559
1,372
8,2361
1,678
2,762
8,2523
1,758
1,294
1,511
1,558
1,689
2,818
10,3601
10,3820
1,350
5,1720
8,2892
7,2138
1,636
2,981
10,3160
1,606
1,243
10,3625
1,501
1,6474
1,358
1,490
9,2834
1,287
2,784
1,450
4,1557
1,692
8,2619
9,2961
1,407
1,332
10,3399
1,627
3,1237
1,475
2,866
10,3451
1,282
2,903
1,656
10,3166
1,554
10,3266
10,8487
1,259
1,243
9,2698
1,504
2,738
2,708
1,384
5,1798
1,333
1,510
1,623
1,656
3,1658
8,13595
10,3168
1,383
1,236
8,2858
2,926
6,2035
10,2372
1,513
1,545
1,435
1,593
1,563
1,844
1,574
5,1672
1,349
1,335
1,272
10,6519
1,27932
9,3365
1,502
1,459
1,443
1,316
1,376
6,1827
2,1586
7,2321
2,752
5,1552
2,576
1,247
9,3199
2,975
2,793
1,390
1,349
1,360
1,277
1,451
1,456
1,378
10,3400
7,25614
1,402
1,540
1,354
6,1488
1,428
7,1653
3,935
1,410
1,631
10,2277
1,383
1,474
1,510
8,10763
10,32057
1,455
10,2481
10,2345
10,2210
1,552
7,2278
10,2427
1,350
1,589
2,661
1,291
1,465
1,822
5,1636
1,454
1,551
10,3203
10,3360
1,487
1,693
4,1749
10,2499
1,382
1,571
1,335
1,302
6,1940
1,521
10,8065
8,2447
1,468
10,2686
10,2201
10,2739
2,1085
10,6816
10,3189
1,278
1,512
3,701
1,280
1,354
1,407
7,2408
3,1219
1,411
10,3274
10,3541
10,3574
8,2990
1,484
9,3074
1,256
4,1385
10,2269
1,391
1,455
1,623
2,12374
7,9550
1,489
10,3585
9,2241
4,1537
10,3649
1,403
10,3375
1,336
1,2358
10,3492
1,308
4,1592
1,522
3,1909
1,334
1,448
8,2562
10,2106
10,3418
10,15858
1,555
9,2895
1,617
1,535
8,2011
1,309
9,2451
1,292
3,1363
3,886
1,461
9,2167
1,463
10,5169
2,898
1,508
7,2314
1,645
1,587
9,2332
8,2168
8,2533
1,314
2,726
2,618
1,500
6,2009
2,805
9,3396
5,1990
3,833
1,618
10,2879
1,588
7,2076
1,302
9,3929
1,263
7,2314
1,6439
6,1593
10,2985
5,1443
3,1236
8,4040
8,1709
1,547
1,285
3,1331
10,2269
3,728
4,1383
1,268
5,3244
1,581
9,2220
1,491
10,2929
1,553
8,5792
10,1986
1,296
3,770
6,2525
6,1595
8,1709
10,2657
1,454
1,529
1,499
4,1426
10,3149
2,639
1,541
2,3442
10,3540
1,280
10,2667
9,13641
10,3359
10,2644
1,546
9,2329
1,582
5,1876
8,2304
10,3756
8,2744
1,619
3,7298
9,3070
1,244
10,2925
8,8937
1,567
10,3006
1,1520
3,928
2,776
1,329
9,2640
4,2142
10,13691
1,595
3,1152
10,3223
1,256
10,9761
9,2958
10,3470
10,3455
2,804
8,1863
5,1773
1,465
10,2766
10,7987
10,3724
1,636
7,26681
7,2471
1,241
10,3093
7,1558
10,3082
9,3195
1,441
10,3558
5,1701
1,506
4,1670
10,6941
10,3244
1,556
1,676
9,2387
1,231
9,2719
10,2375
10,3242
7,1556
2,564
10,2238
2,799
2,718
1,597
9,17829
9,15730
1,415
2,1222
10,2376
1,355
7,1699
1,447
4,1062
2,517
1,407
9,3036
5,1711
1,415
2,821
1,526
5,1786
1,546
1,460
2,522
1,330
6,1555
2,714
10,3514
6,2097
3,754
2,841
5,1594
3,1153
6,2249
1,918
1,480
1,529
4,1384
6,1694
6,1734
10,3436
1,421
9,3380
10,3544
10,3435
7,2672
8,9608
1,386
1,520
1,696
8,2476
1,404
5,1451
1,595
10,2932
1,447
1,545
1,612
1,489
10,2841
10,2304
1,437
1,441
8,2109
1,516
1,415
2,938
5,1523
1,272
10,3896
10,3444
3,949
1,432
10,3699
9,2398
6,1466
3,1066
4,1490
2,1002
1,620
1,411
1,658
5,2171
1,344
10,3383
10,14633
10,2254
1,469
10,3234
10,3410
10,2529
6,1955
5,1502
2,823
1,527
1,499
7,2585
9,3557
1,263
4,1594
4,1609
10,2986
1,392
10,3344
10,4985
2,694
1,485
5,4049
1,290
1,420
1,353
2,1069
5,2216
1,319
10,3065
10,4507
10,3155
1,504
4,1432
8,2907
2,915
5,1666
8,12269
3,1074
1,17485
1,488
7,2472
3,1269
1,555
10,3712
10,5795
10,2836
1,25553
10,3787
9,2683
6,1806
1,462
5,1701
2,606
1,434
1,409
10,3604
3,1259
1,245
2,1409
9,3581
10,3183
8,2703
9,7211
7,1654
10,2387
5,6974
4,1521
10,2841
1,490
1,636
8,25426
1,570
1,279
1,23961
1,587
9,2921
1,417
2,698
1,788
1,614
4,1315
5,3998
8,3088
2,821
1,637
2,1135
5,2087
1,261
1,22762
1,35487
7,2313
1,463
1,234
1,249
10,3382
1,521
5,10916
8,3588
1,441
1,559
5,2031
5,1754
1,259
2,766
1,731
10,3333
1,424
1,520
1,247
10,3363
1,431
5,1831
9,6457
10,3311
3,1110
8,2860
1,634
4,1031
6,2126
10,5530
1,257
1,511
1,505
1,349
4,1702
1,1388
3,1162
10,3412
2,813
6,1846
3,1298
4,1825
10,2205
8,2618
1,1118
1,337
2,7699
1,384
1,261
10,11875
1,469
1,476
7,2320
7,2257
4,1468
2,990
1,587
10,2238
8,2793
1,593
1,247
1,569
1,380
1,243
9,3179
1,447
1,475
1,363
8,9957
8,2689
3,1258
1,573
1,669
8,2469
2,881
1,351
2,764
1,1128
1,251
1,678
3,987
3,1119
1,269
10,3244
9,3219
7,3424
1,541
10,3592
10,11876
1,483
1,277
7,2337
1,372
1,247
1,414
5,1680
3,1102
1,459
5,1737
7,2364
1,877
1,544
10,3591
7,19330
2,4776
1,243
10,3295
1,535
1,243
1,529
1,508
2,650
1,353
2,688
10,3776
1,666
5,2048
9,3615
10,11691
1,378
1,291
10,3252
1,503
1,291
1,582
1,429
3,977
10,2835
8,3558
4,1452
1,596
1,371
2,766
2,648
1,409
1,337
2,746
1,632
10,2750
1,502
1,495
7,2335
1,390
3,1242
6,2238
2,992
5,15326
1,462
2,914
1,709
1,323
2,2011
1,417
6,2005
1,595
3,1097
7,9954
1,293
2,808
2,716
5,37048
1,625
3,1046
1,365
2,936
1,286
3,947
5,1723
10,2459
1,477
3,973
5,8809
1,294
3,1241
1,546
5,38240
1,588
2,674
3,937
8,5737
10,2246
8,3253
2,818
1,418
1,447
2,680
5,17720
1,375
7,8426
1,454
9,7066
1,587
2,781
3,991
1,373
6,1352
8,3874
2,1156
4,1438
1,412
3,16340
7,10759
1,284
1,608
1,401
5,8475
2,862
5,1787
1,499
7,2193
10,2871
7,3715
3,1163
10,3287
1,482
7,1958
5,1735
1,309
1,593
2,540
3,1004
3,1260
8,2555
7,11301
10,15231
1,517
1,510
10,15122
10,10724
1,518
5,1778
7,4763
6,1525
2,968
3,809
6,2043
3,1095
7,2345
1,416
8,2542
4,1453
2,912
2,676
9,3007
2,863
7,2341
1,433
1,530
1,417
10,3395
5,7273
3,1762
2,609
1,492
5,1732
10,3032
2,1598
2,8964
2,1200
2,999
5,1806
6,18728
10,3500
5,1902
10,3529
5,1656
2,837
1,540
1,544
8,2700
10,3845
4,1635
8,3037
1,1544
2,837
6,2045
2,790
10,3473
5,2403
10,2485
5,1530
5,1839
8,11331
1,518
3,1086
9,5646
4,1307
6,2890
3,1039
2,704
7,2316
1,357
10,3484
5,2979
9,3267
4,1449
8,4736
6,14112
1,430
2,666
2,853
6,2114
7,17774
8,2780
2,837
5,1776
1,403
4,1487
9,2098
9,3162
1,418
6,2210
1,467
1,422
3,949
3,1206
8,2243
2,15071
4,1308
8,2885
1,472
1,388
10,2510
5,1724
10,3455
5,1760
5,1670
3,1022
1,423
1,505
8,2658
5,6265
8,29162
7,1988
7,2502
5,1814
1,605
9,3526
3,1290
8,2884
3,1198
7,2883
2,698
1,351
1,391
10,3317
5,2029
10,73046
10,3188
5,1909
2,709
5,1759
2,941
5,1720
7,2091
1,403
7,2574
7,2162
1,382
2,752
2,671
4,1543
1,618
10,3234
8,2799
5,1519
1,390
1,712
5,1551
1,456
1,600
3,1277
10,26353
2,937
3,992
2,737
3,1235
1,1054
2,663
10,3272
3,1357
5,1662
2,2116
6,2498
1,223
3,1240
5,1880
2,618
1,3979
5,1591
7,18443
1,445
2,940
1,594
6,23618
1,611
1,415
2,999
1,408
1,228
1,492
5,1800
2,677
4,1484
5,1570
10,3173
1,593
2,742
1,655
8,3481
3,1069
2,2387
6,2333
4,1363
1,240
5,1861
5,1557
10,36507
6,2103
9,2588
7,2203
4,1248
5,1816
7,2268
3,1511
1,573
3,1025
2,1048
1,331
1,326
1,551
7,2461
1,3896
4,2738
5,1382
5,1541
6,2047
5,7871
6,2703
2,695
6,2308
3,1281
8,2546
1,451
1,243
1,533
1,528
1,414
9,4683
5,1916
1,16776
1,388
5,2105
1,459
2,866
1,449
1,312
2,1015
5,2128
1,302
1,485
3,1134
1,384
5,1959
3,1237
8,2501
4,946
4,1731
3,995
1,559
5,1740
1,327
5,1919
1,445
1,258
2,681
1,530
1,449
3,1571
1,1837
1,406
5,1814
5,1914
3,1071
1,443
4,1300
1,469
8,2453
1,463
1,234
1,605
1,2020
1,494
4,1786
4,2367
2,646
1,346
8,2792
2,2167
1,592
7,6524
1,459
10,3347
1,403
1,247
3,1220
4,1705
1,394
5,1774
4,1565
3,971
1,492
3,1211
5,4504
2,1058
7,2683
10,3115
2,736
1,291
6,1552
1,368
5,1842
1,437
4,3889
1,355
1,498
1,464
5,1789
7,2319
4,1509
8,2813
4,1689
10,7494
1,805
10,2450
3,8237
6,5681
1,363
2,811
5,11739
3,1004
1,451
5,11572
1,487
6,2035
4,1510
6,5002
1,381
2,696
1,235
1,432
8,2735
1,366
5,1792
1,406
8,37135
1,435
5,1803
1,491
5,1889
9,2998
5,2321
8,2801
1,361
10,3317
7,5739
4,1705
1,358
5,4720
1,619
1,340
2,722
4,6237
1,366
9,2979
6,2405
7,2552
1,439
1,461
10,3287
1,356
9,3319
1,466
1,769
5,9742
2,685
5,1712
1,4995
1,456
5,2212
5,1817
4,2025
7,2333
5,9862
4,1592
7,1985
6,3027
3,1021
2,976
1,399
1,323
1,339
1,533
1,364
6,2381
2,665
6,2412
1,444
3,6332
10,3820
8,2935
4,1913
5,1654
8,2876
5,28414
1,371
1,461
5,2897
1,340
3,1394
1,537
4,1585
2,2291
1,544
9,2976
5,13707
5,1802
5,1677
3,1278
1,401
1,327
1,420
3,2470
1,381
4,1564
1,443
5,2193
3,1844
1,664
1,1549
5,1705
1,560
5,12432
3,1042
3,4219
1,399
2,634
1,627
1,349
1,564
1,523
6,1845
1,400
3,3118
2,7746
7,2383
6,1919
9,31891
3,983
5,1735
1,359
5,1620
1,573
1,414
4,1642
1,396
4,1371
1,452
3,1057
3,1007
6,1942
1,524
5,1901
2,3898
1,372
1,344
3,775
1,693
1,509
6,6693
1,434
5,1821
1,455
5,1392
7,2412
5,10775
1,509
5,1858
7,2697
1,516
8,6288
3,1280
5,1883
5,3609
1,752
1,600
7,2807
1,497
7,2776
2,800
5,1813
1,374
6,14182
5,1678
1,467
1,332
2,1062
1,562
5,1677
5,2326
1,558
5,3752
1,329
7,2948
4,1230
2,5063
1,496
4,1556
7,8440
2,812
2,681
7,2804
1,388
5,1743
1,455
1,448
9,2988
2,659
5,2207
7,2229
3,1404
1,451
5,1711
7,3827
1,346
5,1683
5,2488
1,676
4,1672
1,432
1,341
10,2462
1,303
6,2125
3,953
1,559
1,428
3,1693
6,7313
5,4761
5,1623
8,2880
7,2404
3,853
3,43735
1,530
10,3515
2,713
5,1616
2,737
1,782
1,4304
1,490
5,2064
1,355
4,1449
5,1638
1,458
5,1671
1,40223
1,398
10,3566
1,388
3,1259
1,340
1,545
1,493
3,1306
5,9347
3,1009
5,1803
6,2015
3,973
5,1712
5,1740
4,1055
6,2289
3,1093
2,790
3,1177
4,1537
1,452
3,1233
1,582
3,1165
3,1224
5,1790
3,1066
5,1624
1,330
4,1560
5,1538
4,1672
7,12784
6,1751
5,1821
1,424
2,839
1,554
2,736
5,1530
7,17895
1,2199
6,2110
3,28626
5,1437
1,729
1,8435
5,2294
7,12286
6,4462
4,1609
3,1005
1,536
7,2205
5,1716
5,1943
1,761
6,2102
1,501
7,2692
5,1859
5,1907
5,2464
10,58939
7,1934
5,1758
3,833
5,1980
5,1417
5,2060
2,939
2,978
5,1754
1,399
10,3399
3,1229
5,2016
2,798
1,382
4,1670
4,1236
7,2386
5,1740
5,1928
5,2606
4,2103
3,1069
3,1209
3,1040
9,2934
1,407
3,1491
1,461
8,90441
8,2942
8,2869
7,4069
2,862
7,2339
5,1366
1,488
7,2915
1,614
6,2195
10,2958
1,450
6,3043
3,975
5,59318
5,1819
9,2981
5,3132
1,1274
8,2415
1,501
3,1294
5,1818
3,1301
1,521
6,1709
1,552
7,2310
1,490
10,84034
9,2934
10,3278
5,16081
1,602
5,1711
1,3158
1,1679
6,1883
3,1138
3,1424
5,1790
1,487
8,38969
6,2740
1,399
6,1973
10,3403
7,14101
1,368
7,3899
3,1118
5,1891
7,2215
3,1102
1,398
6,2049
1,512
4,1810
4,1854
1,507
4,1749
6,2894
6,2013
3,1203
5,1844
3,1075
6,1988
7,1747
3,1277
1,508
3,1123
1,632
5,2230
5,6025
1,7966
6,2470
6,2081
5,17950
4,1555
2,7086
3,997
4,1325
5,1649
2,793
3,1073
1,795
1,326
3,993
7,2383
1,427
1,449
5,1407
2,836
1,1376
3,1148
2,928
4,1586
2,730
5,1775
2,510
6,1381
1,777
5,1873
4,2271
1,322
1,578
5,1392
1,368
1,369
3,919
7,2391
6,1962
5,1784
7,2504
7,2577
5,1545
1,356
2,1142
8,3045
1,312
1,560
2,860
1,1610
1,472
1,469
5,1619
8,2884
1,501
7,2626
5,1883
7,1710
2,608
3,1111
10,3384
1,512
1,768
1,518
7,5999
1,499
4,1477
7,2394
4,1778
3,1163
5,1832
1,526
10,3433
1,1370
3,955
6,1996
1,1004
1,600
1,495
1,551
4,1448
5,6419
1,662
5,1639
1,463
6,2207
7,2856
4,1824
5,1452
3,1078
4,1293
2,774
1,514
5,1328
1,546
1,448
6,1934
6,3989
10,3900
5,1785
7,2526
7,27395
10,3543
8,2788
7,2279
5,1805
2,693
1,686
5,1320
1,614
1,537
7,1662
5,4406
6,33515
6,2130
7,2577
5,2272
5,1829
10,7183
2,790
6,1498
1,2353
1,363
5,2048
5,1828
6,1968
4,1560
5,5134
6,2518
4,1604
1,373
3,1130
10,3536
10,2329
5,2009
1,465
1,472
1,404
10,3082
1,367
5,1619
8,2024
1,524
1,401
5,1598
5,1921
7,2290
5,1793
10,2523
1,457
1,527
5,1856
1,402
10,2615
5,1970
6,2073
6,2111
2,1642
1,339
4,1617
1,604
3,1125
3,799
5,1127
7,2230
1,366
5,1742
1,577
9,2286
1,581
8,2354
4,1005
7,9701
1,442
8,2691
1,508
2,887
5,1959
10,2770
6,2058
1,354
4,1282
10,2425
5,1873
1,621
4,1824
5,1092
1,357
1,332
5,1909
1,587
1,537
1,665
3,933
1,344
1,318
8,2601
4,1015
10,2321
3,1258
5,2422
10,2837
7,5599
1,478
6,2475
1,493
5,1604
1,287
4,1477
5,1689
1,465
5,6266
5,1865
5,1760
1,371
10,21154
6,2177
1,346
1,432
4,1465
5,1615
5,1526
1,262
6,2189
1,370
1,503
3,1247
4,1477
1,440
1,559
6,24507
1,2528
1,495
1,498
6,1838
1,629
5,24257
1,289
10,3721
1,470
1,406
5,1850
4,1752
1,369
1,542
1,574
1,308
5,1883
5,1569
10,2916
4,2055
4,1496
1,259
10,3431
7,2251
1,511
5,1751
8,2155
1,373
3,1062
4,1475
1,469
5,1751
1,487
1,442
5,1866
7,2824
1,262
10,3551
8,28136
1,534
4,1337
9,3136
1,361
1,329
6,2257
1,554
5,1577
1,391
5,6197
1,457
4,1495
1,306
10,2909
1,484
1,413
4,1370
6,1527
1,317
8,2630
4,1561
1,587
1,394
1,389
1,307
2,703
8,2731
1,387
7,1673
5,2114
10,2166
5,1682
6,2468
1,338
4,1671
5,1732
1,389
1,472
1,433
1,377
1,432
10,3396
1,513
10,2647
1,384
5,1319
1,453
2,868
1,350
5,3842
4,1308
1,302
2,719
4,1629
1,368
1,486
6,1936
1,377
6,2037
1,383
4,1448
1,481
5,1719
1,287
5,1902
7,2035
1,392
1,487
5,1191
1,358
1,490
5,1717
4,1002
4,1323
1,391
5,2022
3,1223
6,1631
1,292
7,2475
7,2540
1,396
1,563
4,1386
1,340
3,1056
5,2001
6,1534
1,584
1,566
8,2515
3,7702
1,546
1,287
4,1574
9,1875
8,2453
3,1159
8,2259
1,882
1,461
6,2207
10,3156
1,509
1,590
9,2348
3,1364
5,1624
4,1137
1,425
10,3932
1,301
1,550
9,2175
4,1288
3,1339
1,489
10,2443
1,689
5,1578
10,7464
2,717
6,1668
10,3210
6,2128
6,1713
1,374
1,546
10,3270
1,431
6,2022
1,537
10,3125
1,427
5,3424
5,1884
3,1002
5,2042
6,2049
5,1310
5,4578
4,1026
1,395
10,3199
1,441
4,1210
1,639
10,3058
1,255
1,461
6,4700
7,2653
10,3349
10,2441
5,2440
6,2678
4,1026
5,1757
6,1632
1,423
6,3656
1,435
10,3436
1,544
3,1167
5,1754
5,2188
10,2924
10,3756
6,2169
3,1101
5,1748
1,657
6,4723
1,354
7,2508
1,552
6,1473
1,424
1,406
2,850
7,2619
10,2255
10,2299
4,1628
3,1034
2,756
6,2121
2,931
6,2173
4,1582
1,333
4,1508
1,410
4,1459
1,487
5,2727
5,1103
6,2012
5,1660
1,548
5,1714
5,1664
1,471
5,1845
4,1842
1,603
7,1707
1,313
6,1986
5,1667
7,3227
4,1332
10,3048
5,2099
1,472
10,3356
4,1612
6,2301
7,2514
10,12219
1,543
7,2362
1,544
5,1660
7,2499
6,5210
10,2759
4,1374
7,2215
1,269
10,3625
8,2694
10,3549
7,2860
6,2200
1,553
9,2019
3,789
6,2154
5,2009
1,547
5,1188
7,2588
10,2772
1,274
6,2031
5,2175
10,3835
9,10666
6,2246
1,610
7,2542
7,2466
4,1320
10,3398
5,2015
4,1578
5,1399
9,3074
1,274
5,1916
4,1440
9,3258
10,3517
4,1213
1,395
3,1067
7,2533
8,2481
10,3308
7,2181
1,364
3,811
10,2545
1,264
6,4452
9,6757
10,3124
10,3349
4,1069
9,3071
10,5272
10,3389
4,1503
10,2235
1,557
1,277
5,1379
10,7270
1,446
5,1590
6,2067
5,1720
5,1645
5,1367
4,1549
10,4202
10,3429
6,1964
5,1087
1,671
1,290
7,2691
6,1962
1,561
5,1202
1,499
4,1062
3,2757
7,3173
5,1797
10,3271
10,3642
5,1663
10,2876
1,717
1,267
10,3713
5,1710
1,380
7,1999
5,1691
10,2293
3,1124
4,1619
5,1810
3,893
3,766
4,1468
3,976
1,462
1,287
10,3403
5,1615
1,254
10,2436
4,1419
1,396
1,334
9,3178
1,428
1,375
10,3596
6,2045
5,1159
1,567
1,297
5,1527
3,1088
1,253
10,3236
7,2306
5,1340
6,2062
10,3431
10,2482
3,869
3,970
1,399
1,711
1,482
1,291
5,1337
1,480
8,2592
10,3488
5,1677
1,479
10,3339
10,7236
10,3202
1,595
2,671
7,2267
1,270
1,588
1,254
10,2370
5,1928
7,2814
5,1128
9,2895
1,424
10,2998
6,2113
10,3422
1,471
9,2726
4,1106
1,260
5,1762
1,290
3,684
1,381
10,3692
5,1145
10,3337
1,383
10,2482
6,1372
6,2105
1,397
10,6789
5,1400
1,361
5,1441
1,264
1,499
1,418
5,1609
3,745
10,2495
1,261
5,1731
5,1600
5,3212
1,400
10,3387
4,899
1,417
1,623
6,1515
1,468
1,589
10,3473
10,2090
10,3603
1,285
10,2375
3,929
5,1872
1,715
10,6071
3,824
1,410
2,1033
9,2425
1,520
1,418
10,2373
5,1241
5,1637
1,295
10,3080
6,1950
5,1474
1,440
10,3342
7,2474
1,415
1,648
6,1951
1,494
1,271
2,849
1,664
1,430
1,487
4,1177
1,624
5,1792
1,694
7,2668
9,2810
1,360
1,1167
10,3270
1,473
1,315
3,1422
1,285
6,2147
9,2030
5,1333
1,362
7,2246
1,412
10,3639
10,3319
1,344
3,1844
10,3409
1,492
1,546
5,1552
1,377
1,463
1,429
1,737
1,439
10,3292
1,445
8,2375
10,2183
1,260
1,511
10,3265
1,454
1,502
10,2448
1,358
3,1145
1,343
1,498
1,448
10,3277
1,842
1,506
1,309
3,823
1,443
10,2271
1,522
1,327
6,2260
1,414
1,503
1,227
1,459
1,483
10,3318
2,575
1,1907
6,1422
10,2846
5,1661
1,428
1,438
1,271
9,3254
1,286
5,1811
4,1000
1,330
1,442
5,1604
9,3256
1,2514
1,335
9,2599
4,1343
4,1517
1,505
5,1310
10,5164
1,293
1,1519
1,375
1,315
1,479
10,2351
10,6467
1,729
1,382
6,1971
5,1642
7,1855
2,777
5,1597
10,3263
1,262
1,417
10,3202
1,284
1,387
3,1035
10,3681
1,924
6,1916
10,3688
4,1567
7,2363
10,3721
10,2858
10,2514
1,294
1,429
10,3985
1,275
1,304
5,1095
10,3499
1,718
5,1479
10,3340
8,2645
7,2612
10,2936
10,2747
10,2093
1,342
1,347
10,3284
1,289
1,350
1,518
10,2354
1,713
1,358
10,2100
5,1737
10,3393
10,2585
10,12785
10,3401
10,2087
1,471
10,2283
1,276
1,302
1,416
10,3390
1,603
1,633
7,1421
6,1840
3,1441
10,9346
5,1500
1,392
4,911
1,641
6,2009
1,358
10,2376
1,391
8,3635
3,1847
3,1347
1,384
9,3012
10,3198
8,2976
10,2702
4,979
6,1834
1,619
10,2901
6,1342
5,1783
1,407
1,593
1,658
1,2503
4,1330
5,1648
10,3510
10,3468
3,978
1,493
10,2921
1,385
10,2699
3,1369
5,1534
1,386
4,1544
1,630
1,458
7,1557
6,2150
3,1251
8,2201
4,1276
1,371
10,3388
10,2841
10,3284
4,1415
10,3274
1,324
8,2720
1,487
1,505
9,2100
1,442
10,3279
2,848
6,2360
1,330
10,2669
7,2371
10,3785
10,13057
10,3233
1,305
6,1986
8,5822
1,567
7,2914
4,1081
3,916
6,2436
9,3072
1,417
10,3254
10,2256
10,3374
10,10069
5,1098
1,269
9,2831
2,779
1,569
10,3727
5,1426
2,913
3,1254
10,3180
1,272
6,2105
10,3418
10,12618
10,2237
10,2202
1,298
4,1916
7,1551
1,576
10,3603
4,1347
1,454
4,1215
10,2782
1,251
4,1492
5,1439
7,5570
10,1983
5,1051
1,365
6,2152
9,3523
5,1483
10,3449
5,4913
1,519
2,902
10,2359
1,492
7,1627
3,779
10,2633
7,1791
4,959
10,2269
5,1678
5,1637
10,3649
3,1133
7,2593
1,552
9,3319
7,1994
1,314
9,1916
10,2603
3,830
10,3472
6,1202
3,823
9,2971
9,7654
10,3561
10,3062
9,3244
1,831
5,1699
10,3214
1,280
10,3381
5,1159
1,504
7,1821
9,2506
4,1024
2,797
2,802
10,2347
1,377
10,3803
1,668
4,1591
6,2167
1,411
10,8455
3,776
1,413
10,8165
10,2983
6,1741
4,1578
8,6594
10,2096
3,1214
10,3275
1,900
10,3481
4,1131
10,2548
10,3257
4,857
1,427
10,11655
10,2678
10,2658
1,515
1,479
5,1796
1,474
6,2062
1,752
7,2355
1,451
9,2947
7,5048
10,2438
1,376
10,6732
10,2978
9,4147
6,2064
1,470
10,2761
1,771
5,1776
1,532
6,2325
5,1397
10,3371
3,1071
6,1923
1,395
7,2074
10,3087
7,1738
1,529
5,1927
10,2175
1,471
6,2031
1,543
8,2992
1,271
7,3375
1,371
10,2947
1,366
10,3705
10,2995
6,1319
5,2012
1,506
4,1432
1,623
5,1829
1,258
1,531
1,295
10,3930
10,2237
10,3337
1,345
10,2684
6,1652
10,4375
1,486
1,332
9,1929
1,606
1,325
8,2901
5,2194
1,317
10,3553
3,1006
10,2668
1,681
3,1211
4,1159
4,1997
1,747
6,2096
6,2001
1,407
1,335
10,2502
1,444
1,421
1,540
1,655
6,1543
1,529
3,994
1,348
1,438
1,629
6,2101
10,3281
1,406
3,837
9,3104
1,944
1,526
3,990
1,419
7,2518
1,345
1,1248
1,398
7,1719
1,520
8,2832
10,3256
1,567
1,333
10,2693
1,593
1,244
10,3167
1,619
10,3179
10,2618
1,801
1,524
9,2975
1,586
4,32319
10,5316
1,758
1,338
10,3212
1,717
1,583
9,3316
1,486
1,409
2,618
1,479
1,255
10,3836
1,606
1,453
6,1644
1,671
1,361
10,7116
1,686
1,409
10,3467
1,668
1,417
10,2941
1,550
1,325
10,4682
1,428
1,524
10,3039
3,1132
1,373
10,2771
1,563
1,323
10,3187
1,512
1,438
9,2630
1,314
1,356
7,8685
1,502
10,21147
1,324
10,3297
1,309
1,566
1,654
1,226
10,10308
1,492
4,1423
10,2304
1,403
1,406
10,2795
1,486
10,13347
1,257
9,3113
1,311
8,21454
1,750
7,2404
10,3366
1,444
1,334
10,3281
1,402
1,298
3,875
1,495
10,14888
1,369
10,9432
1,335
5,7458
1,527
5,1646
10,3282
1,442
1,416
8,2582
1,515
1,345
10,2444
1,561
9,52948
1,407
10,11123
1,402
2,660
1,453
10,3293
1,478
1,709
1,288
10,2394
1,521
1,279
1,423
4,1860
1,569
1,251
10,3318
1,419
4,1703
1,533
10,3092
1,618
10,3447
1,2504
1,443
1,676
1,256
3,1072
6,2058
3,1101
4,956
7,1872
5,1671
5,1850
5,2077
10,10269
1,399
2,911
1,351
9,24691
10,3497
10,2385
1,572
8,9643
4,1474
1,299
1,692
10,3273
9,6943
4,1894
3,920
1,655
10,3435
1,415
2,8788
3,1308
7,1492
1,511
6,2416
3,1489
1,290
8,2710
10,2832
9,1943
6,2085
10,3280
1,640
8,2977
1,329
5,1673
9,3006
7,2057
1,499
10,3625
1,386
1,322
2,1276
5,2022
2,392
6,2186
3,880
1,478
10,6370
10,2429
9,2472
10,7981
10,3850
1,462
3,1177
1,393
1,420
6,2285
10,3300
5,1623
10,12791
2,1006
1,581
9,7571
9,2182
7,6432
10,3586
10,3969
1,508
10,3288
2,3505
1,322
4,1749
5,1829
8,2319
10,11032
9,3244
1,699
8,3238
10,2950
9,4917
10,7064
3,1127
1,401
10,3161
1,457
1,314
9,3007
10,3210
6,2221
3,1203
10,3576
1,537
10,3229
10,3367
4,18539
7,2053
10,3278
1,517
2,682
1,531
5,1642
9,3269
5,1220
1,375
10,4295
10,3380
1,542
2,657
7,4859
1,603
10,2637
3,1086
1,472
4,1273
3,1027
10,3351
5,1768
4,1003
5,1273
4,1390
10,16746
1,572
1,691
10,2500
3,1157
1,519
2,1118
1,535
3,1154
1,419
10,2917
2,898
6,2115
1,250
5,17337
7,2983
6,2652
8,3683
1,727
5,2103
5,1964
10,2551
1,522
3,4795
1,6430
10,2328
4,1018
10,3068
1,482
3,1171
10,2585
10,3722
6,1893
3,1147
1,384
2,772
10,2911
10,2500
3,1128
4,1510
10,2153
8,2619
10,3389
1,662
2,870
8,2680
4,1381
2,665
3,1065
6,1798
10,3824
10,3029
3,1301
7,2526
3,1066
5,1761
6,2025
10,3280
1,544
2,675
10,3375
9,3161
9,2513
2,680
1,303
4,1530
9,3718
2,855
1,386
1,372
10,3047
1,382
10,2580
1,2392
3,1159
1,582
9,5918
4,1300
10,3214
8,12959
9,7652
10,3427
6,2239
2,812
1,451
10,2470
5,1796
10,3079
1,1278
1,570
1,453
10,3283
5,1645
10,3473
1,7698
9,3585
10,3166
9,5449
4,1368
8,2649
2,815
1,326
10,2415
1,446
3,1079
4,884
5,1545
9,6561
9,6736
1,393
5,1916
8,2685
10,3734
8,23644
2,683
10,2501
1,457
6,1736
1,448
8,2862
1,335
4,1540
2,879
10,7757
1,413
5,1729
10,3078
7,1799
8,2419
7,2021
10,3326
1,506
4,1263
1,418
2,743
1,510
6,2153
4,1526
10,2825
6,1822
8,4536
1,260
8,2571
2,727
9,7438
10,3263
1,383
1,474
10,3249
7,2353
1,600
1,601
8,2972
7,1893
1,406
1,504
1,1174
10,3109
2,1899
7,2459
10,10143
1,379
1,635
1,1473
5,4851
1,565
1,798
1,801
8,2135
1,372
1,712
1,862
4,919
9,18894
2,1061
8,2732
1,446
1,410
1,376
8,2670
1,433
5,1928
1,619
10,3140
1,7643
6,2150
1,594
1,478
7,2431
3,1294
1,644
1,735
1,376
1,331
7,3413
1,276
5,1804
6,5166
1,417
1,1233
5,2087
1,494
8,2865
6,2148
6,2139
1,347
1,792
1,290
5,2333
1,380
1,401
1,619
5,1846
1,247
1,504
1,603
1,490
4,1587
1,354
5,1654
10,3510
1,498
1,273
6,2249
9,3026
1,484
5,1665
1,571
1,610
1,401
1,574
1,604
6,2142
2,682
3,1528
1,249
1,492
1,266
8,40451
2,686
1,390
6,2380
1,587
1,391
1,381
1,409
1,465
2,770
1,353
1,507
1,227
1,631
1,309
2,1099
7,14306
8,2744
8,2888
1,519
1,402
1,351
1,414
9,3422
9,3636
5,6543
1,480
1,358
1,413
1,376
10,3171
1,815
6,2082
4,1372
1,435
1,468
5,1818
1,394
1,320
5,1780
1,544
4,1474
1,338
1,584
1,284
5,15493
2,1226
2,795
6,1966
1,484
1,411
8,3043
1,356
1,379
9,2527
1,505
3,1183
1,351
10,3487
5,1349
4,16304
3,1471
9,4088
6,2095
1,427
1,335
4,2066
1,490
1,366
2,900
1,493
2,732
10,2292
4,1630
10,3525
3,17922
1,464
5,5801
2,869
1,554
1,512
6,2029
1,487
8,2056
4,1529
1,402
6,1972
1,286
10,9001
7,2648
6,19010
1,581
9,4144
4,4269
4,1620
1,404
4,14076
1,2185
4,1103
6,2250
1,443
5,2082
1,464
6,1928
10,11261
4,20301
1,522
2,888
3,1259
1,536
1,605
10,3792
1,518
2,546
1,336
1,429
6,1865
1,519
8,2551
10,3690
3,1123
1,588
8,2656
4,1217
1,560
5,1868
5,2300
1,383
1,402
8,2073
1,429
10,3474
4,1000
9,3350
5,1302
3,1481
1,589
1,702
10,11139
1,506
6,13701
3,1316
1,376
8,6286
1,591
1,424
9,2909
2,770
6,1645
10,2215
3,1181
1,587
1,477
1,577
5,20141
2,9588
2,743
10,3204
9,16871
5,1812
1,426
1,495
9,3090
10,3027
3,1259
1,465
1,453
5,2503
10,13792
6,1971
10,3443
10,10645
4,1419
2,892
1,380
3,1245
1,472
5,1768
2,823
2,636
2,739
1,38537
1,488
1,550
8,5241
9,2828
3,1063
8,2963
6,1980
1,512
1,544
8,2866
9,11726
4,1578
9,3033
7,2219
2,32459
1,485
1,449
3,24526
4,4525
3,1277
6,2005
8,2848
1,647
1,578
1,627
6,2363
3,889
10,4022
8,6799
1,32185
10,4191
1,565
10,3419
5,1753
1,553
9,3145
1,380
1,620
4,1408
6,2065
10,3851
3,1081
10,5612
2,832
4,17267
6,1844
3,5230
5,1746
4,1611
3,1342
6,1967
2,757
1,584
2,673
7,2237
8,2722
3,1181
10,3178
4,9906
2,14441
6,1961
1,338
3,1143
8,2888
3,1295
3,1251
1,467
1,653
3,6892
1,411
1,540
3,1169
10,3151
7,2448
6,13720
4,1456
1,564
2,665
6,1982
4,1491
4,1904
5,1718
1,21101
8,2687
4,1474
1,671
1,433
10,3354
2,848
1,486
9,29152
1,623
10,4939
1,376
8,2529
2,785
4,1442
6,20472
5,2249
1,489
5,2154
8,8767
8,3163
7,2256
3,940
8,22809
1,545
4,4123
1,620
2,783
10,6923
6,1809
1,13940
6,2051
3,1019
8,3484
2,682
1,677
3,928
8,3694
4,1414
1,564
10,27099
1,605
2,758
3,1278
8,2585
1,546
9,3050
3,2441
1,2306
4,1200
1,432
9,2771
6,3495
1,424
1,521
1,528
4,1729
7,2323
3,1103
6,1933
1,960
8,2862
4,1503
5,1938
2,948
1,527
6,6221
1,493
3,959
3,969
3,1113
6,2088
7,2545
3,1166
10,3496
1,582
6,9340
1,324
6,3578
10,3453
1,394
1,430
10,4286
2,628
4,1384
2,659
6,2220
2,859
4,1479
10,3297
8,2582
7,2509
1,652
2,1090
7,2405
1,377
1,354
8,2884
3,986
1,563
8,2198
8,16485
6,1995
8,2725
5,5884
1,379
2,822
1,1105
4,1590
2,831
1,378
5,1808
6,2205
10,5196
2,714
8,2507
10,3575
7,2154
1,494
3,1150
6,2065
3,869
1,460
6,2331
7,2518
1,562
1,519
7,2477
10,5130
8,2869
4,981
9,3327
9,2897
2,1064
1,539
9,2952
3,1526
1,403
1,463
6,2145
1,443
1,349
4,6743
1,1531
2,860
2,606
1,486
5,1705
2,827
10,3242
3,1030
1,599
1,345
10,70481
9,7750
1,529
1,503
3,2569
2,869
9,8058
7,2305
10,3259
1,704
8,2730
4,3223
10,3333
7,3004
3,1091
10,59834
1,492
1,543
1,467
3,1062
1,321
8,12354
2,949
3,1069
1,519
7,2606
2,645
10,3817
1,591
1,624
1,55053
5,1781
1,452
1,474
4,12831
1,503
9,2954
6,2179
1,410
1,434
2,864
1,451
2,829
3,1336
3,1108
4,1609
1,2108
4,1415
3,1085
1,552
1,479
2,8430
7,9350
2,769
1,474
6,2342
3,1051
10,3320
4,3491
6,2102
3,971
1,506
2,786
1,403
4,4176
3,977
6,2400
1,313
4,1289
1,455
2,989
1,468
4,1268
2,829
2,917
3,1025
1,449
4,1410
1,491
7,2936
1,311
1,614
5,1848
1,388
1,405
5,1735
1,490
1,520
6,2134
9,3626
5,59819
1,444
10,2752
1,486
3,7259
1,449
5,2422
1,433
3,986
1,1450
7,2427
1,595
8,11340
9,3153
5,1835
1,437
1,579
5,1760
1,520
5,11300
1,632
3,1345
9,4245
10,7969
1,364
9,4028
4,1686
4,1451
5,1902
7,2319
10,7885
1,501
9,2859
1,505
6,2720
1,430
1,15534
2,653
1,339
6,3020
1,403
1,378
3,994
3,1130
6,2168
1,905
1,458
10,3382
9,3402
6,4921
1,383
2,747
2,830
1,720
1,401
1,605
1,308
2,778
6,2215
7,2290
3,1223
3,1116
6,2111
1,559
4,1522
1,542
4,1550
1,413
1,2092
1,392
1,461
1,437
2,1017
7,2328
4,1554
1,609
1,371
8,3631
4,1523
6,2550
4,1633
6,2145
1,357
1,416
1,422
1,489
1,544
8,2535
6,2266
4,2308
1,891
1,464
6,2196
2,791
7,5166
8,13658
10,32610
1,375
1,579
3,987
1,522
1,500
2,915
4,1558
3,1224
1,707
1,523
1,404
6,2079
6,5424
7,1827
6,2768
1,415
3,1373
1,627
1,539
3,1064
7,2310
1,463
7,2532
3,1386
3,1097
5,2038
5,1848
1,563
2,699
3,1069
1,610
1,468
1,476
1,461
1,492
9,4274
1,445
5,2064
8,6179
1,486
1,433
10,3840
1,496
8,2711
5,9271
3,1311
1,742
2,818
4,1388
3,7730
7,2269
4,1375
5,1797
1,386
4,3716
5,1896
6,1833
4,1696
9,3369
6,16243
1,483
9,6408
3,1137
1,510
2,833
6,3168
1,334
9,3047
4,1237
6,10033
4,2192
8,2204
1,405
2,972
1,504
1,661
3,1087
5,1377
1,393
8,8250
2,1497
1,497
2,732
1,329
5,5039
6,3439
6,2037
4,2742
1,961
8,2654
1,621
2,641
4,1385
1,386
6,2209
5,1631
4,1505
10,5630
2,604
7,14980
8,2715
4,1355
1,724
6,2141
7,2747
1,2018
8,8056
6,2077
1,525
2,1055
1,940
1,485
10,3160
1,425
2,26698
6,6830
3,1151
1,523
5,1786
4,3651
1,570
1,333
8,2613
3,1170
7,19965
1,387
1,495
7,2472
1,456
10,15068
10,3347
3,1135
1,487
2,717
4,8985
8,2887
1,453
9,35217
1,479
2,813
1,576
1,641
3,1146
8,2784
6,2064
10,3366
1,546
1,1478
3,1261
6,4727
4,1323
2,631
7,2490
6,2156
8,2639
1,515
1,518
5,1080
2,3262
8,2644
1,327
3,1105
1,470
1,601
3,1522
6,2193
7,2117
10,38980
2,774
9,2861
1,589
1,482
1,516
6,1993
4,1421
5,1775
1,486
1,862
1,602
1,1385
3,14470
2,768
3,1137
6,2145
5,1557
1,449
1,466
1,530
7,5902
6,3137
1,328
3,1194
1,533
4,1590
1,826
5,1770
7,2008
3,1177
5,2048
3,1088
1,575
5,1840
5,1796
9,5628
3,1356
1,399
4,1559
3,3529
2,793
1,600
10,8487
9,36147
1,479
3,1022
1,640
1,491
7,1784
8,2739
7,14841
3,1471
10,4310
2,594
5,1989
3,1280
1,605
6,2190
5,1656
3,939
6,2319
1,704
1,725
9,2201
1,520
2,1596
1,739
3,1060
6,2123
7,2807
6,2333
3,1154
9,19596
1,501
1,485
10,4061
3,1311
3,1178
2,519
1,597
1,627
1,494
1,367
9,3083
9,3219
5,1683
1,441
7,2145
3,1214
3,1268
8,2895
4,1310
1,370
5,1991
1,421
5,1750
3,1164
4,1355
7,2432
10,3632
6,1878
1,478
4,1681
1,463
2,939
4,1578
2,670
1,529
10,3421
1,490
1,502
4,1238
2,748
5,1556
5,1717
9,2696
1,506
3,1367
2,715
9,3115
7,2685
6,2731
6,4443
10,3819
1,449
1,415
4,1096
1,381
6,2074
10,8967
10,3240
1,378
1,428
2,976
6,1954
3,1672
5,1521
1,374
5,1795
1,481
2,963
6,2109
1,483
7,2363
5,1913
6,2228
1,532
3,1508
4,1470
4,6851
3,1190
6,5937
1,559
3,1023
1,415
4,1274
2,761
1,527
6,2004
7,4686
8,3009
1,1278
1,604
6,1957
5,1848
1,601
10,4100
4,1708
1,602
1,488
3,1016
5,1745
3,1233
4,1433
3,1147
7,2602
3,1128
3,1282
3,1141
6,2137
1,579
6,2189
5,1857
8,4322
1,477
6,3007
9,23081
1,517
4,1436
1,522
1,3397
2,817
6,2105
6,2146
7,9919
3,1213
9,20710
3,1213
5,4324
10,2658
3,1118
7,2715
1,518
1,388
5,1984
4,1554
4,1314
4,2458
5,4006
7,2252
3,1130
8,2399
6,1947
1,621
1,534
6,2284
6,1642
1,413
4,1284
10,2913
1,488
9,3403
2,639
10,3555
6,2105
2,664
1,413
10,3319
1,565
10,3310
10,3557
6,2082
3,1057
1,457
1,618
1,492
6,6216
9,2868
1,369
4,1371
9,3286
1,481
9,3595
1,382
6,1897
9,2987
6,1940
3,1624
5,2029
2,626
3,1287
4,7365
5,1733
8,2448
1,458
6,2335
3,1071
3,1379
9,2207
9,2563
1,392
4,1545
4,1501
1,433
6,1817
1,600
7,2587
7,2340
1,426
1,765
4,8704
4,1454
6,2175
6,1476
10,2956
8,2992
1,540
1,433
1,395
9,2707
1,666
4,1575
6,1867
1,409
1,389
5,2046
7,2195
7,2630
10,2258
9,3347
1,392
1,400
2,656
1,497
7,2006
1,569
6,8864
7,2300
1,436
1,384
7,2519
1,396
4,1446
9,3251
4,1261
6,2472
1,465
2,937
1,419
10,2591
3,1561
6,12470
6,2508
1,418
4,1155
7,2810
3,1935
3,2411
10,2382
1,356
7,2135
1,582
8,2641
1,564
9,3197
6,2031
3,1253
4,1529
1,354
1,321
6,2173
1,491
1,513
9,3446
10,2226
1,305
1,442
7,2389
1,506
8,2646
1,444
6,2437
1,491
4,1385
1,322
4,1790
1,596
3,1142
9,2725
10,2209
4,1316
4,1412
7,2382
1,381
4,1304
1,572
4,4571
1,484
1,420
4,1220
6,4021
1,416
1,2378
4,1064
10,3301
1,339
4,1234
2,728
1,442
1,373
1,351
5,1270
1,472
6,2026
1,483
1,585
9,10350
2,868
1,411
7,2854
1,433
5,1792
6,2031
3,1245
3,1115
1,581
7,3873
1,421
1,353
1,418
1,593
3,1243
4,1556
1,536
10,3626
1,397
1,435
9,2842
5,1882
1,429
1,530
7,2397
1,383
1,479
1,626
1,493
1,14195
3,1202
1,339
10,2661
1,389
1,332
5,5863
7,2553
1,286
3,1275
2,935
1,391
8,11664
1,516
4,1308
1,616
9,3071
1,297
10,5813
1,772
1,300
1,515
2,745
1,359
1,525
9,3115
1,576
1,356
10,4087
1,526
1,564
6,1711
1,515
10,6468
3,989
1,559
3,2658
9,3072
1,373
4,1594
5,1704
4,1462
7,9911
3,2448
1,502
1,371
5,4651
1,300
1,607
2,815
1,286
1,795
10,3595
1,370
4,1792
10,3000
4,1463
3,1184
5,2009
1,581
1,390
7,2478
1,248
1,403
1,388
3,1418
2,1207
10,2474
1,355
9,3111
10,5307
1,487
3,1021
7,4509
1,421
4,1641
6,2016
1,301
1,489
1,458
7,2665
4,1825
7,2625
1,401
5,1862
5,1294
1,748
1,453
2,658
4,1329
1,401
7,4393
1,291
3,1167
1,352
2,927
2,1103
3,1291
1,342
7,2670
3,842
10,2290
3,1078
5,1799
1,397
4,3577
6,9195
1,384
1,433
1,478
5,1770
6,2268
8,3014
1,253
6,2009
8,3050
1,327
3,971
10,3266
1,349
6,2106
1,558
1,435
1,13174
3,1095
9,3740
5,2001
1,494
1,271
2,905
1,527
3,1107
6,3702
7,2387
1,486
5,1770
1,680
10,2704
1,302
4,1398
10,7364
3,16022
1,557
10,2441
6,2064
5,2509
5,1435
4,1300
3,825
9,4251
7,2661
4,20485
10,6849
1,272
6,1855
10,3068
8,14074
1,532
10,2290
4,1682
1,513
9,2852
6,2047
5,1227
5,1598
2,759
1,730
7,5969
1,342
9,2752
7,3123
6,2211
10,3451
10,2966
4,1499
1,629
2,851
2,725
8,2877
3,744
6,1949
4,1114
10,4304
1,266
5,1712
1,597
10,7739
6,2010
10,2520
3,1211
1,367
5,1826
5,1848
5,1751
7,1921
6,1334
1,612
10,3001
1,239
7,2273
3,1444
1,5066
9,1980
10,3059
5,2095
1,395
10,3608
4,1367
1,397
1,571
4,1359
4,2591
10,3353
10,2252
6,1837
8,3103
6,5278
10,2962
10,3380
7,2337
1,401
7,2110
7,2377
1,331
2,820
4,1429
1,455
10,3394
5,1964
6,1961
1,573
8,2905
10,3326
10,2901
2,750
1,442
5,1867
7,7132
6,2057
10,4053
3,1144
1,394
3,958
10,2478
4,1207
1,370
7,11305
9,3043
10,2318
9,3139
1,467
1,452
4,1399
10,2080
5,2478
7,2009
7,2663
4,1114
10,5591
4,1191
6,1762
4,1400
9,2904
2,745
5,1719
1,565
8,2804
6,1522
9,2323
5,1604
5,2129
1,671
2,830
10,5824
4,1430
10,3453
3,1162
4,1661
8,1863
10,3413
1,411
5,1952
4,1625
10,2405
7,2453
9,2695
1,363
4,944
10,5047
2,1276
10,3403
1,20471
1,290
10,3340
10,3565
1,406
1,509
7,2481
10,5855
3,953
2,802
1,499
6,1257
5,1335
3,1264
9,3255
3,1065
1,426
10,3484
7,1564
1,581
1,364
3,1200
9,2941
8,2693
10,3284
1,370
10,2172
10,3062
7,2642
10,3487
1,379
1,294
10,3405
5,1887
1,903
6,1831
5,1936
9,2779
5,1439
10,3172
3,1021
10,2662
10,2224
5,2916
9,3532
1,385
1,315
10,3514
3,1025
5,1823
10,2582
9,3066
4,1003
1,541
6,1964
3,900
10,2716
10,2589
8,2699
9,6015
1,489
1,331
8,2733
1,421
10,2903
9,2766
2,467
1,305
1,330
7,2359
2,701
10,2235
10,3481
9,9547
4,1696
1,469
1,308
2,855
8,3754
9,2596
10,3357
10,7212
1,391
6,2231
3,1126
5,1962
8,1945
9,3079
10,3586
1,373
1,424
1,350
1,516
1,724
10,2310
10,2955
5,1639
1,337
10,3007
5,1591
9,3159
6,1514
10,4524
10,3880
1,617
1,452
1,414
1,258
5,1415
9,3305
9,2374
10,5004
1,408
9,2300
1,371
5,1788
1,612
10,3380
6,3851
1,357
1,438
1,367
1,240
1,307
9,6525
9,3045
7,2381
1,243
10,3165
8,3108
10,3356
1,305
10,3225
7,2824
1,523
1,420
1,340
1,246
1,370
5,1343
4,991
5,1595
1,261
9,2494
1,400
7,2396
1,268
1,403
3,1539
1,259
3,1026
1,400
1,569
1,476
1,593
1,274
3,962
1,314
10,3740
1,416
8,2818
1,369
1,474
1,457
1,412
1,1823
10,3202
1,256
1,469
10,2810
1,458
1,430
1,329
9,2440
1,375
5,1347
1,541
1,507
1,413
1,299
4,1476
10,2266
1,292
1,474
9,2271
1,390
1,434
1,322
4,1122
1,379
1,332
1,384
1,480
5,3456
1,251
6,2037
10,3334
1,246
1,403
10,3318
1,388
1,523
1,255
1,495
4,1202
5,1929
1,364
1,478
1,467
1,306
4,1429
7,2504
1,264
1,489
7,2318
1,252
1,409
1,396
1,452
1,510
1,488
1,298
1,445
1,347
1,269
9,3148
10,3536
1,322
1,423
10,2969
1,263
8,2583
10,2450
1,321
1,429
1,377
1,300
1,290
1,377
1,302
6,2039
10,3392
10,2610
1,390
10,5433
1,310
5,1590
10,3542
1,321
1,331
5,1251
1,284
1,530
1,477
10,2258
6,1902
10,3018
10,2736
1,404
10,3504
1,604
1,421
10,3061
1,349
1,261
10,2214
10,3146
1,474
1,685
10,2333
7,2108
3,1262
10,3274
1,503
10,3130
1,452
1,413
7,2826
1,420
1,350
9,2192
10,3184
1,484
1,399
10,2673
2,648
2,813
10,3574
9,2497
1,255
1,392
1,349
10,3326
1,442
1,441
10,3339
9,6032
1,443
1,483
7,1999
4,1806
5,1101
10,3842
6,1821
3,989
1,452
1,630
10,2782
1,482
1,396
10,2124
10,3884
10,3494
1,431
10,2125
6,2159
10,3419
10,3344
10,2509
1,427
10,2160
1,346
10,2522
1,336
1,750
9,2668
10,3292
4,1508
1,383
10,2748
4,1457
10,2439
10,3266
9,2948
1,313
10,2380
1,390
3,868
1,310
9,2089
9,3117
10,3580
10,3378
4,1509
10,3015
3,1004
10,2667
10,2559
10,2624
1,460
10,3294
1,426
5,1286
1,352
6,1424
5,1118
10,3135
9,2950
1,497
3,1104
7,2461
10,2250
5,1274
9,2343
1,398
7,2114
9,2211
2,453
10,2141
10,3191
1,540
1,847
8,2507
1,278
2,1103
5,1959
10,3047
8,2973
4,1158
1,379
10,3189
1,589
10,3079
9,2142
10,3677
1,477
3,1221
8,2678
6,1389
5,1081
9,2283
8,2025
4,1608
1,480
1,388
10,3017
6,2111
10,2515
10,2384
10,3337
1,517
4,1557
6,2169
9,2387
10,2957
2,693
5,1294
10,8424
10,3197
1,776
10,3305
1,429
10,2848
10,2298
9,2679
1,310
8,2883
2,949
10,3011
10,3263
5,1732
1,379
8,10160
10,2408
1,351
3,827
10,2741
10,2299
7,2512
4,1448
1,287
7,2567
1,369
9,2341
10,2283
10,3484
1,304
5,1336
10,2753
1,285
5,1642
7,1513
5,1661
10,3475
10,3089
1,260
10,3398
2,625
10,2809
10,2997
10,3350
1,233
2,1008
7,2234
1,441
2,452
10,3347
10,2922
10,2638
10,2475
1,287
8,19730
10,3648
9,3066
10,2171
7,2765
1,250
2,1164
10,3097
2,817
10,2519
9,2884
8,1777
1,455
10,3449
1,381
10,3551
10,3324
4,1130
8,2291
3,7699
1,237
6,1591
10,3017
5,1647
10,2901
4,998
1,406
3,1039
10,3298
1,347
6,1585
10,3128
1,437
5,1127
5,1827
1,341
1,450
10,3074
10,2476
10,3109
3,732
1,246
5,2124
7,6027
1,267
2,1075
10,2658
7,1823
1,831
8,2371
1,424
1,385
10,3150
10,3192
10,2134
10,2338
1,260
2,645
10,2306
1,331
2,948
10,3162
10,2267
1,388
1,607
1,431
1,350
2,538
10,3237
5,1862
10,2040
1,342
10,3665
10,2943
10,2400
1,399
10,3174
10,2364
1,352
1,493
1,348
1,414
3,994
10,3191
10,3304
10,3356
1,343
10,3679
10,2917
10,2404
1,333
10,6547
3,959
1,250
1,585
1,400
1,467
1,359
5,1219
8,2333
7,1947
1,349
10,2784
1,657
7,1977
1,248
10,3191
10,3823
1,259
5,1630
10,3300
1,414
1,427
8,2622
1,425
10,2736
1,292
10,3068
3,1099
10,2745
1,256
1,490
10,3314
1,424
1,506
10,3242
1,423
1,414
10,2911
1,334
10,3040
1,251
5,1742
5,1653
10,3273
1,354
1,438
10,3257
1,248
1,560
10,2647
1,383
1,437
10,4084
1,325
10,3450
1,442
10,2747
1,282
10,3410
1,295
1,691
10,3307
1,254
1,549
9,3268
1,657
1,305
9,3004
1,504
10,3178
1,238
8,2659
1,275
10,3290
1,387
1,623
10,2857
1,275
1,483
10,3976
2,580
1,309
10,4926
1,428
1,454
10,2319
1,551
1,261
3,883
1,402
1,609
1,538
1,383
1,449
10,3840
1,298
1,314
10,3574
1,1642
1,267
10,2648
1,401
1,304
5,1800
1,396
1,501
1,285
10,2205
1,508
10,2864
8,2416
1,315
10,6732
1,461
1,456
10,3628
1,296
1,339
2,583
1,376
1,535
1,265
10,3176
1,390
1,408
10,3299
1,308
10,3145
1,362
1,278
10,3176
1,268
1,299
10,2579
10,3506
1,512
1,409
10,3412
1,433
2,857
10,2324
1,373
10,2326
1,409
1,397
9,6926
1,267
1,276
10,3377
10,3798
1,407
1,438
9,2938
1,568
4,1475
10,4597
8,2085
1,601
1,460
1,373
10,3633
1,342
1,370
10,3932
10,3860
1,556
1,473
10,3617
1,450
7,2401
10,3749
5,1200
1,2055
10,2097
1,325
10,3211
1,380
1,376
10,3377
10,3452
8,1958
1,421
10,2677
10,2778
8,7079
10,3625
10,3801
1,431
10,2990
3,813
1,453
1,403
2,695
10,3417
10,3355
7,2314
1,410
10,2846
9,2162
10,11152
10,6707
10,2836
1,517
10,3382
1,278
4,1260
1,301
5,1593
5,1814
2,929
10,3881
1,446
1,444
10,2421
8,2664
10,3552
10,3617
1,542
9,3000
1,590
2,819
1,344
10,2520
8,1932
10,3488
7,2612
1,422
4,959
9,3224
10,3092
10,4152
10,5819
1,499
10,3134
1,392
8,2653
10,2416
10,2793
1,438
8,7798
9,3222
2,820
8,2696
10,3348
8,2996
4,2079
5,1636
1,359
10,3292
10,2146
8,2940
10,2991
10,2234
1,449
10,3173
10,3567
5,1001
8,2945
9,4933
6,1988
8,2623
10,2941
1,306
10,3307
2,546
10,3480
10,2669
10,2246
1,281
7,2056
2,901
10,2689
8,3544
1,593
3,964
7,2754
10,2898
1,726
1,623
10,3234
7,2628
10,3467
8,2014
1,617
7,2510
3,1263
10,2940
10,15310
10,2283
2,547
7,2222
10,2977
1,466
4,1159
10,3377
10,2975
9,3327
10,2583
1,409
4,1613
1,613
10,2739
10,4728
10,2019
2,568
9,3280
9,3209
1,255
8,2778
10,5872
6,4678
10,3527
10,2360
1,448
7,2000
3,1055
5,1500
6,1444
7,2459
1,500
8,2876
10,2596
4,1623
8,2939
8,2895
8,1843
10,3280
10,7757
1,243
3,773
5,1904
8,3015
2,677
10,3158
1,452
2,1089
10,5899
8,2907
10,3672
10,5847
2,641
1,724
10,4317
1,244
9,11071
4,1544
10,3326
2,820
10,3208
1,363
6,2262
10,5266
10,3930
8,2692
10,3407
2,472
4,1541
9,12134
1,257
10,9186
9,3530
9,2761
2,650
10,3079
1,454
3,1674
10,5709
8,2725
10,3299
10,2266
3,799
8,2700
10,10583
1,281
8,2965
3,1379
10,3847
1,413
10,3330
1,589
1,508
1,456
10,3529
6,2038
10,3695
1,678
8,3391
10,7541
10,2466
6,2040
5,2023
10,3529
1,401
10,3687
1,561
3,1060
2,669
6,2243
2,630
9,2623
1,333
10,4083
10,4130
10,2763
3,893
7,2384
10,11994
1,341
1,564
1,421
2,904
1,421
2,615
2,722
10,2892
1,410
8,8630
1,570
9,3962
3,1304
6,2191
1,338
1,293
1,267
1,435
1,585
1,511
2,810
2,723
10,3648
1,328
10,3577
1,923
10,2845
1,535
2,809
10,2467
1,274
1,249
1,313
1,451
1,481
10,3076
1,452
10,3687
1,312
6,2273
1,595
10,3471
1,624
5,1722
10,2177
1,278
1,367
1,342
1,433
1,409
10,2771
1,417
10,7708
1,318
2,1233
1,1463
10,3670
1,511
1,485
10,3362
1,393
3,1061
10,8618
1,401
1,422
2,1026
1,334
1,500
1,443
2,622
4,1793
10,3548
1,535
6,1939
10,18785
1,363
1,443
10,3010
1,450
1,13264
8,2904
1,436
1,322
1,402
2,553
1,328
1,470
2,850
1,430
1,601
1,392
1,278
10,10775
1,598
1,394
10,2830
1,705
1,754
1,347
1,808
1,636
4,1142
1,541
1,491
1,663
1,378
1,297
10,3311
1,393
1,273
10,3250
2,794
1,652
1,372
1,364
1,582
2,602
1,593
1,686
1,421
10,3419
1,550
10,3272
1,515
1,350
10,3397
1,353
1,500
10,2599
2,559
1,611
8,3063
1,479
1,603
1,3965
10,3022
1,382
10,4898
1,574
1,374
10,2832
8,2835
1,504
10,2807
1,305
1,835
10,3350
1,519
5,2192
1,568
10,2263
1,359
10,5612
1,437
4,2361
10,3190
1,440
1,494
10,3667
8,2107
1,470
8,2911
1,464
3,1006
1,474
10,3246
2,597
7,1948
5,1899
8,3133
10,3148
1,387
1,348
10,3799
1,284
1,421
10,4174
1,533
5,2066
1,475
10,3320
5,1293
4,5077
4,1434
8,2764
1,542
1,446
1,400
10,3445
1,254
2,870
8,20730
1,606
1,688
1,837
10,3270
10,3488
10,3278
9,3637
10,3530
1,677
1,299
1,471
10,3377
1,318
6,1908
6,5457
3,1312
4,2368
1,425
10,2097
10,3759
8,2862
3,1318
8,2447
1,531
10,2887
1,406
10,2316
1,298
8,2683
8,2417
5,1761
1,602
1,500
2,740
10,3307
7,9469
6,2369
6,1980
1,623
10,3261
8,1962
7,5225
1,509
10,10025
2,695
9,3051
1,520
2,600
8,1701
8,2214
8,2803
7,5147
8,26643
1,393
10,2732
2,862
4,1347
1,330
10,5165
2,945
8,3338
1,660
4,1353
7,2469
10,3260
10,3094
2,882
2,804
1,397
10,3839
8,3560
7,2636
1,671
8,3002
2,806
7,2644
1,505
8,7592
4,1333
5,1954
6,1971
5,2003
2,616
1,542
10,6759
2,923
9,2804
10,2427
8,2378
1,490
6,2213
1,438
8,2467
7,1796
10,2355
3,1307
6,2534
2,681
1,675
10,2818
10,4621
10,16281
10,2633
2,668
1,386
2,864
1,502
7,2345
10,3259
10,2389
2,902
1,456
10,2499
1,453
10,3776
5,2083
10,4273
10,2481
2,708
1,481
5,2035
2,814
10,3599
9,2946
9,3172
3,1045
5,1808
10,3166
1,398
7,2624
8,2963
8,2891
10,3606
10,3748
1,486
5,1778
10,3215
8,3353
8,4039
10,3042
2,854
4,1637
10,3655
3,1305
4,1486
10,8681
3,1283
10,3517
10,2557
1,416
1,420
7,2448
6,1691
9,14629
10,3319
1,568
3,25079
10,3037
7,2566
9,3329
2,1186
3,3229
10,3105
10,3607
1,308
3,1339
3,1238
2,844
6,2197
10,3351
1,764
7,2659
10,5891
7,13653
10,10363
5,1908
1,417
10,4211
10,4104
1,331
4,1516
6,2238
2,601
3,947
10,7600
1,763
1,678
10,3157
10,9770
7,13171
10,3198
6,2171
7,2377
10,2587
10,2666
3,1275
7,5159
3,769
3,1228
10,3371
1,473
2,908
10,3293
9,2853
8,3290
10,3145
1,23090
4,1012
10,2687
1,311
2,723
3,943
10,2780
1,504
1,520
9,2162
5,6999
10,3076
7,2529
10,4169
10,3369
2,21464
7,1976
10,3140
1,329
2,988
9,2982
10,2409
1,389
1,560
1,343
7,2463
4,1593
3,1068
3,1006
10,3480
1,566
10,3611
10,2909
1,288
1,473
1,579
10,2701
2,761
1,439
1,351
3,1221
1,321
8,3106
6,2219
10,2237
1,477
10,3561
1,519
10,2290
5,1783
7,2505
10,3337
1,529
1,689
1,379
3,1090
1,484
1,541
3,1144
10,2904
1,638
9,5284
1,460
10,3745
6,1978
3,1105
10,3270
1,500
1,713
1,549
6,2538
1,428
3,1032
1,339
10,3294
6,2278
8,2815
7,2444
10,3350
3,1292
4,1355
10,2564
1,381
1,607
1,474
3,1183
1,524
2,870
1,510
10,3783
1,530
3,1132
1,769
10,3221
6,2141
7,2425
10,3234
1,437
1,499
1,362
9,11701
1,424
4,1704
2,781
1,583
1,595
6,2360
1,581
10,3460
7,2391
1,535
10,3096
1,388
1,381
5,5881
5,1711
1,338
3,1290
1,463
1,775
1,576
3,1425
1,564
10,3747
7,2974
3,3726
1,462
1,437
1,594
1,514
1,399
1,397
6,2546
1,454
1,536
5,1705
1,690
1,487
7,6519
9,3732
3,1208
1,248
1,421
1,579
5,1639
10,8453
1,374
3,1163
1,478
1,447
1,370
1,596
1,411
4,1509
5,2012
1,377
1,264
1,358
1,624
3,943
7,2509
1,371
4,1454
1,493
1,1682
1,608
2,779
1,347
7,3132
2,1041
5,1812
1,479
1,472
2,762
6,2143
4,1408
1,419
5,9572
1,478
1,1705
4,1451
1,620
1,653
9,3817
10,4006
3,1065
1,425
1,564
4,1146
8,2735
7,2477
7,2604
7,2852
1,1543
1,637
1,496
1,534
1,682
10,7048
7,2820
5,1953
1,526
7,2187
8,2987
2,756
1,346
6,2010
6,6233
1,577
1,670
9,9716
1,461
4,9283
10,3452
4,1902
10,3336
1,569
4,1393
10,3094
5,1756
1,456
7,2896
2,1053
1,842
1,552
4,1660
1,750
3,5480
3,1410
3,1447
4,1511
1,570
1,450
8,6940
5,1905
1,508
10,3608
7,2621
1,622
1,561
7,2352
3,1012
10,2461
8,5359
1,862
9,3631
1,526
3,1061
8,2672
5,3952
1,361
9,2920
6,9817
2,1125
9,3376
2,862
1,495
7,2345
6,2145
1,559
1,602
1,456
5,1714
6,2024
4,1386
1,788
9,3091
1,763
5,1873
4,2619
5,25130
1,505
8,2681
3,991
1,491
1,375
7,2590
8,2781
10,9988
1,510
1,544
3,1266
5,15714
3,953
7,2761
5,1873
1,443
10,3382
1,514
1,654
1,381
4,1344
6,2008
2,718
2,887
1,497
3,1075
5,7426
9,2659
1,407
5,2439
1,502
6,2521
2,850
1,2152
5,1762
7,2399
3,3596
2,594
2,953
1,467
1,533
1,667
5,3181
10,11711
6,1903
1,391
3,1522
1,519
1,20202
7,2356
9,3024
6,4481
10,3698
1,927
1,491
1,514
4,2738
6,1771
9,3034
1,2197
3,1355
2,730
1,524
1,609
1,380
10,3194
3,1531
10,3597
5,1788
1,394
5,2129
3,2557
7,2010
8,2731
3,1254
5,1909
5,1760
4,1526
1,555
2,848
8,2570
5,2179
10,6579
5,13456
1,465
3,1208
1,30705
1,408
6,2158
1,642
5,16284
3,1183
1,327
1,366
1,345
3,1169
5,1998
10,3252
3,1139
3,1219
4,1417
1,563
5,1619
3,1335
5,1738
5,15736
4,25684
1,528
1,628
5,1669
6,1735
4,1745
10,11853
7,5679
3,1021
5,1971
5,1600
5,1529
1,661
5,8561
7,6068
5,2141
5,1525
1,590
5,1592
3,1336
2,1018
10,3404
3,1103
3,1381
9,2923
1,447
5,6135
2,6416
3,1139
4,24116
6,2180
1,331
1,435
1,421
1,520
1,954
10,3285
7,2336
5,1668
6,2161
2,754
4,21589
5,1722
6,2011
2,638
9,10232
5,1830
3,1128
9,14430
2,6767
2,1392
10,3970
3,2474
5,4710
7,2709
1,438
3,16858
9,2932
3,1426
7,2470
2,603
1,346
5,1772
1,347
5,1796
5,2191
1,12285
9,3722
10,3711
2,816
1,544
6,17967
3,1730
7,1904
6,2628
5,1679
6,1952
3,1258
1,367
5,1782
5,2091
1,932
5,1779
4,1526
5,1717
1,573
1,469
8,2744
3,1027
5,17866
6,2029
1,324
5,1775
1,399
4,1366
3,1392
1,496
10,3431
2,723
5,1872
5,1917
2,638
6,1998
9,2708
5,1917
1,517
6,19890
10,9562
1,490
5,1551
4,2012
1,538
3,1054
9,28085
5,1833
1,340
5,4088
5,1598
5,1818
2,744
1,513
5,1714
9,2844
3,1645
3,1138
3,1534
1,441
7,2337
5,1651
1,643
1,591
2,673
2,657
10,3558
3,1609
5,2689
5,1694
9,3552
2,895
9,3228
7,2907
1,346
2,773
5,2222
6,2242
1,435
4,1348
7,2401
7,22029
1,544
7,33982
5,1901
5,1795
1,592
6,1978
9,2998
1,331
7,2467
5,1943
1,520
3,1300
3,6708
5,1655
4,870
5,33367
1,446
3,949
5,4676
2,849
2,1381
5,1524
1,552
1,542
7,12107
3,1004
6,2165
3,1028
1,488
1,344
7,28566
5,14027
1,410
2,923
2,886
5,1795
10,3409
1,435
1,482
3,2602
5,1451
3,1237
9,7178
1,391
3,1074
4,12312
1,357
9,8989
5,7375
8,2532
1,591
1,392
1,348
1,437
8,4277
1,303
7,9427
7,13543
5,1876
1,351
3,16759
4,2103
7,3061
7,42087
2,985
7,18111
7,2423
3,1049
1,452
1,566
4,6498
9,3159
5,1588
5,1530
7,2833
3,5808
3,1093
1,367
1,6107
8,2656
6,2982
6,1992
7,2427
3,1099
2,756
1,396
5,2236
6,2371
1,413
1,311
7,7236
1,436
1,739
2,1346
5,1663
1,467
3,1098
9,3100
1,358
3,968
1,487
10,3491
10,6071
4,1400
1,393
9,3669
1,469
3,1276
2,715
9,2924
1,364
7,2362
10,3499
1,513
4,2784
1,432
4,1546
3,2924
1,445
1,417
5,1861
1,445
4,1276
2,7353
8,7705
5,3126
1,461
9,3920
1,447
2,892
1,457
3,3490
7,11563
3,1091
1,443
1,475
1,415
1,507
8,1942
8,13335
1,439
1,1620
7,2559
1,370
2,875
1,507
7,3383
7,2220
1,345
1,3882
10,3282
1,479
2,731
3,771
5,1794
4,1183
1,422
8,2935
1,524
5,1842
1,266
3,943
1,463
1,467
1,1646
7,2465
1,274
1,362
4,1039
5,1220
3,960
1,479
3,1260
1,505
9,3250
1,452
1,879
1,445
1,330
1,1523
6,2084
1,319
3,1306
5,1759
1,270
1,526
1,423
1,552
1,486
7,2352
1,550
4,1370
1,533
1,443
5,1674
3,996
1,464
4,1206
8,3485
10,2770
1,497
1,374
1,538
3,1006
6,2419
1,489
1,573
1,467
1,398
1,5265
7,2360
2,860
5,7952
9,6702
10,3261
1,476
1,425
2,911
1,550
8,3556
2,764
3,1179
1,474
1,386
3,1096
1,402
5,1590
7,2334
7,2398
10,4229
1,407
5,1524
5,1784
5,2250
8,2758
5,1732
3,1132
1,432
6,2523
1,338
1,592
9,5285
9,2616
8,2911
10,3128
1,440
1,447
3,1075
5,2025
5,1531
7,2349
5,5173
1,357
1,312
3,1005
1,585
5,1758
3,1113
6,4482
10,3252
1,526
1,364
5,4358
3,1063
1,3347
3,1047
5,2059
10,12977
2,760
5,1733
1,1079
3,1088
10,3389
1,579
5,1842
1,436
1,331
8,2319
5,2354
1,309
6,2015
3,1331
1,351
2,850
5,1369
1,513
7,2250
7,2598
5,5413
10,5029
2,736
3,1021
6,2306
9,3551
1,334
7,2111
9,11002
1,535
5,1784
3,6856
1,466
3,1144
6,2078
1,553
9,2336
1,443
1,471
2,16197
4,1423
1,280
3,1135
1,526
1,508
5,3863
5,2246
1,3329
3,969
5,15419
1,413
1,470
5,1708
3,723
5,16966
9,3609
1,289
9,2974
7,3229
1,438
3,1134
4,1431
1,635
5,1677
3,1159
1,384
1,381
7,2228
5,1543
7,28443
5,1977
1,308
1,466
9,7895
3,868
4,1435
9,3862
1,485
10,3220
7,2471
1,359
1,375
3,930
5,1637
1,435
2,896
1,282
7,2405
5,1779
3,1080
7,2349
5,4690
1,398
3,1243
1,528
1,514
1,307
3,1050
1,10723
9,54240
5,1703
1,243
4,1698
1,1091
1,1581
3,1055
5,3578
1,426
7,15679
1,521
1,420
1,320
6,1938
9,3002
5,8232
7,2654
1,366
3,1170
5,1961
5,1698
3,1022
7,4082
9,2534
7,2547
1,1246
1,380
1,242
9,3133
10,12672
1,16156
3,1128
1,363
7,2454
8,2664
5,1565
5,1819
5,1892
1,506
1,694
1,601
1,450
1,430
5,1669
9,2869
5,7896
2,770
5,1957
3,1114
1,347
4,1278
10,3488
3,1224
2,1879
3,1148
1,590
1,404
1,381
1,435
5,1639
4,2077
1,500
1,327
1,447
7,16498
9,6867
7,2496
2,757
3,1165
1,445
1,424
5,1522
1,256
10,3531
7,2354
1,867
2,883
10,2674
3,1020
1,585
5,1650
3,1133
1,598
5,1667
3,1186
1,363
10,3481
1,303
7,2444
4,6295
3,1049
4,1451
10,2751
5,1634
1,545
5,1654
7,2449
2,819
10,3608
3,2701
1,491
10,3519
10,2333
4,1396
3,1129
1,496
2,664
10,8444
3,1072
1,651
5,1634
1,451
3,990
4,1424
5,1745
1,467
10,3458
10,3927
7,2652
2,669
1,575
4,1369
10,3540
5,1668
1,532
9,21149
3,1063
2,815
9,3149
5,1777
1,490
10,3524
4,1379
1,523
2,725
1,553
8,2729
5,1712
10,3359
2,641
3,1074
3,715
2,636
7,2393
1,483
3,5051
10,3322
7,1558
3,1077
4,1534
1,444
5,1861
10,3325
10,3193
1,399
2,679
1,476
4,1285
5,1804
9,2830
1,3264
5,1274
10,3409
1,451
2,839
1,505
9,2971
9,2621
5,1580
1,499
3,1170
5,1756
5,1623
8,8990
9,3061
3,1329
10,5241
10,2194
3,1110
4,1693
1,765
8,2789
10,2723
1,348
1,352
2,781
3,989
8,2733
4,1533
1,412
1,526
10,2466
6,2069
3,1047
5,1697
2,1002
6,2169
5,1259
4,1323
2,807
4,1464
5,1518
9,2983
2,687
4,2515
7,2550
4,1154
3,1076
9,3975
8,2281
1,512
6,1862
7,1676
1,433
1,365
2,672
5,1971
7,2418
2,923
5,1601
3,4011
10,3130
1,368
5,1650
10,10615
1,585
8,2744
10,3769
9,3184
4,1501
2,683
9,3007
8,3133
4,1611
1,330
5,1752
9,2167
9,1925
1,371
8,3063
2,859
5,1773
10,3628
7,2551
4,6401
5,1671
4,1408
6,2541
2,744
7,2295
5,1836
10,3720
5,1434
9,3187
6,2041
1,2099
1,510
10,3516
4,1485
2,7331
10,2819
1,384
8,3003
4,1275
9,3266
9,3132
10,3289
9,2393
9,2898
6,2056
5,5336
1,394
10,3419
5,1656
5,1909
8,2633
1,451
5,2022
2,622
1,426
4,1691
10,2382
10,3018
4,1277
8,2922
7,2429
1,459
3,807
5,1556
9,3022
7,2309
1,406
1,636
5,1552
3,1022
9,2901
6,2260
10,3364
10,12537
5,1732
3,3186
1,403
5,1780
1,5952
8,2713
8,2554
5,3661
1,490
10,4299
5,1900
5,1990
1,372
10,3036
1,369
1,430
7,5874
1,260
1,529
1,410
8,2576
6,2409
1,642
1,303
8,2954
1,458
5,2220
1,508
10,2908
7,2539
1,356
6,13692
1,241
1,361
1,451
6,2147
8,2512
1,565
1,430
6,2211
1,474
5,1851
1,273
10,2437
1,524
1,320
9,2633
1,305
1,242
1,368
6,2970
5,2150
9,2914
5,1352
6,1969
5,1606
3,1296
1,470
1,440
5,1913
1,316
5,2079
1,253
1,262
3,992
5,1954
1,490
7,4161
1,382
8,8774
1,384
2,886
1,285
5,1747
1,547
1,338
10,3361
1,308
1,305
1,437
10,3349
1,469
5,2231
1,502
8,3062
1,355
2,1089
1,240
1,362
5,1864
1,266
1,420
1,349
1,262
1,422
10,3499
1,400
1,493
1,394
5,1927
1,368
4,1468
1,267
1,360
1,427
1,445
4,1337
10,2668
1,244
2,1240
10,3312
1,378
5,1600
1,285
1,519
1,408
2,4221
1,252
1,349
1,521
1,276
3,1147
2,574
1,343
1,492
10,3779
1,446
1,410
1,272
1,401
1,411
4,1628
1,472
1,317
1,390
1,421
7,2415
10,2842
1,254
1,369
10,4150
1,356
5,8699
1,383
1,414
3,3692
2,737
1,404
1,435
1,346
1,321
1,561
10,2281
1,289
1,365
10,5795
1,437
1,423
5,1695
1,384
2,759
5,1905
1,307
1,261
1,403
10,2327
3,1241
10,3513
1,237
2,697
10,6051
1,407
1,506
10,2411
1,488
7,2306
8,2862
9,2003
1,379
1,382
5,1357
1,485
10,2895
8,2885
6,2066
10,7571
1,288
1,570
10,3557
1,409
2,562
10,11164
2,432
1,280
3,1049
1,295
3,1661
10,3351
5,1753
2,802
1,498
1,393
1,513
10,2986
1,364
4,1369
6,6435
10,2191
1,282
1,435
10,3478
5,2680
8,2728
9,2890
4,1299
1,508
5,1166
3,1023
10,2988
1,498
2,2392
8,10160
10,3031
1,265
1,503
10,3015
3,2304
10,2200
10,3112
5,1642
1,294
10,2628
2,749
10,3242
1,524
2,779
6,2652
10,3079
10,2670
2,780
10,3390
5,2034
5,1229
2,902
8,2676
1,424
10,3321
9,2587
10,3192
1,286
5,1725
8,3903
1,304
2,747
4,1524
5,1720
10,3474
10,3042
10,4247
9,3424
1,361
10,3182
2,814
5,1731
10,2402
8,2663
5,1664
10,3417
10,2344
2,1026
10,3178
9,2487
10,3428
10,2944
6,2044
1,330
10,3370
4,1417
10,3023
10,2563
8,2994
1,619
10,14161
6,1512
2,740
9,2029
1,264
10,3648
10,11284
8,3331
1,306
5,1485
2,838
9,1917
10,3357
6,2029
1,625
8,2800
6,1791
4,1362
2,627
1,477
10,3290
5,1251
5,1978
1,251
10,3202
2,1239
10,3308
10,3824
8,2921
1,497
10,3138
10,3285
5,1914
10,3438
4,1276
10,2502
9,2332
1,384
1,373
10,7001
5,1745
10,3003
10,3218
5,1969
1,397
2,667
8,2663
9,2221
10,2359
1,11452
5,1133
1,601
10,2920
1,480
2,664
8,2618
10,2658
10,2906
10,2350
1,340
6,1595
4,1442
6,2090
10,3480
9,11554
1,443
2,751
10,2127
10,3341
10,2676
6,1809
10,2299
10,3256
10,2436
1,366
9,3113
4,1261
8,2579
10,3742
5,8231
1,298
6,1463
10,2068
4,1077
9,1978
8,2770
5,1215
2,632
10,3186
1,404
7,2390
1,473
8,2677
10,7766
7,7188
1,258
8,2599
10,3220
10,2321
10,3290
8,2659
1,292
10,2224
10,2938
1,383
10,3254
8,2727
6,1989
10,2556
5,1735
1,232
10,3627
10,3899
10,4726
10,2417
5,1868
1,407
10,3243
10,3274
1,305
10,3233
6,2448
5,1264
8,2618
5,19414
1,230
10,3199
10,3481
10,3553
10,2285
5,1339
1,259
10,3052
10,3273
1,308
8,1836
9,2546
10,3391
1,377
1,564
1,301
10,3193
10,3673
10,2308
8,2716
10,3240
1,300
10,2786
10,3585
10,3042
4,1483
10,11846
5,1370
1,240
1,1378
1,269
8,2864
9,2817
6,1340
10,2224
10,3033
1,291
10,3201
10,3014
4,1380
1,375
2,769
10,2375
1,257
1,483
1,246
4,1308
1,473
1,569
1,342
10,3269
1,249
10,2059
1,587
10,3081
3,1093
10,3393
10,2133
1,346
1,530
1,275
2,782
1,435
9,2444
1,374
10,3285
1,270
8,1980
1,468
10,3147
1,668
10,3242
10,3904
1,271
1,360
1,232
1,421
1,300
10,3178
1,317
5,1575
1,264
1,510
1,500
10,3368
1,392
4,1506
5,4382
1,260
3,2268
1,331
1,285
1,468
10,3448
2,754
10,3391
1,359
1,259
1,403
10,3232
1,351
10,7685
10,3271
1,266
2,928
10,2477
1,263
1,378
10,3066
1,332
10,3269
1,258
1,305
1,380
6,2019
1,410
10,12235
1,407
1,347
1,673
6,1401
1,378
1,265
10,3565
1,261
10,3130
1,414
1,277
1,376
10,2980
1,292
1,504
10,2607
1,252
1,333
9,2802
1,541
1,282
10,3219
1,261
1,474
7,1682
1,289
1,371
2,730
1,234
1,665
10,2169
1,247
1,500
10,3245
1,564
1,621
10,3454
1,268
1,351
1,355
1,272
1,250
10,2305
1,280
1,589
1,233
1,245
3,1111
10,2230
1,635
1,383
10,7345
1,272
1,319
3,838
1,271
1,363
10,2945
1,250
1,689
1,247
10,2166
4,1801
10,2716
1,413
1,333
1,521
1,312
1,347
9,2048
1,361
1,273
10,3080
1,384
1,624
1,343
9,1906
2,718
10,3572
1,341
10,2864
1,393
1,234
5,1421
10,3301
1,346
7,1743
10,2305
1,392
1,801
1,374
3,636
2,1065
4,1466
1,312
9,2043
1,514
1,314
1,227
10,2330
1,304
10,2205
10,2609
1,413
1,619
1,364
9,2399
2,1199
2,883
1,372
4,947
1,361
1,369
1,284
10,2854
1,480
3,790
10,2096
8,1782
1,541
1,269
10,2552
9,3496
9,2826
6,2272
10,3432
1,325
8,1735
1,374
10,2878
10,2272
10,2036
8,1769
10,3708
1,543
1,272
1,460
8,3562
8,2864
9,3195
10,2773
1,302
8,1594
1,346
10,2890
2,589
10,2399
1,409
10,3527
1,612
1,316
10,2268
7,2567
10,3915
10,3424
10,2609
1,269
9,2153
1,270
2,627
9,3275
10,2959
1,314
10,4369
8,2925
1,354
10,3434
6,2535
10,3612
10,3377
1,414
1,225
10,3320
1,346
9,2834
10,3337
10,3277
1,290
10,4102
1,512
4,1032
7,1980
8,3077
10,3965
10,3201
6,1283
1,540
10,3079
5,2010
8,2120
10,3549
1,410
1,301
2,685
2,522
10,3610
2,583
8,17009
10,3685
10,11592
1,513
1,247
10,3288
10,3412
7,1658
10,4598
9,2130
1,246
10,3687
3,894
10,2987
2,887
1,472
1,496
4,1557
5,1800
2,692
2,647
10,2279
10,2367
8,2981
10,2714
1,304
9,3316
5,1270
10,3351
9,2127
10,3555
8,2597
2,928
9,2871
10,3145
10,3041
10,3555
10,2116
10,2763
10,2300
1,244
5,1959
2,821
10,3847
10,2974
10,3894
2,668
2,906
10,3298
6,1524
2,764
10,2418
10,2221
2,614
10,2214
1,241
1,416
10,3419
10,3147
10,3554
10,3532
1,547
8,5001
10,3099
10,3289
2,504
10,2473
8,2638
2,679
10,2704
1,253
2,590
8,1882
6,1683
10,3210
10,2190
1,375
8,2048
10,3448
10,3306
9,2943
1,389
1,436
10,2084
10,2880
1,226
5,1211
9,2294
1,655
10,3692
10,3392
1,354
3,814
10,2945
10,3380
7,1611
9,1961
2,495
10,3948
10,3392
1,577
5,1456
7,2511
10,2553
8,2342
10,3488
1,351
2,1008
10,3232
8,1842
10,3325
9,1992
3,833
10,3341
10,2274
10,2553
8,2529
5,1564
8,1925
8,1949
10,3616
1,349
5,1735
10,3102
4,1259
10,3192
10,3134
1,501
10,6437
1,819
7,1644
6,1919
8,1914
3,756
1,275
9,2774
1,349
8,2860
5,1532
1,568
10,2079
10,2709
1,367
10,3280
1,321
9,3210
10,2771
1,374
9,1889
1,390
1,427
1,520
8,3025
1,472
9,2658
8,2438
1,430
1,344
8,2620
1,337
10,2217
9,2899
7,2075
10,2341
1,250
1,291
1,494
10,3592
1,648
10,3584
8,1715
10,3131
1,317
8,2643
1,368
10,2905
8,2693
10,1984
10,3416
1,464
1,260
1,359
7,2777
1,339
10,9166
1,321
10,3410
1,373
1,561
1,409
10,3410
4,1266
2,529
10,3028
1,516
1,330
1,487
8,3001
1,350
10,3593
3,879
10,3352
1,280
1,658
1,289
3,973
5,1269
10,3105
2,4759
1,561
1,525
1,657
2,916
1,394
10,4273
1,487
10,3126
1,247
1,402
1,328
10,2456
2,551
10,2445
7,2245
1,449
1,410
10,2316
5,1464
1,468
10,15386
1,252
1,554
1,402
1,442
1,317
2,700
1,346
9,3376
1,406
1,338
1,258
9,2667
2,682
1,347
10,26677
1,235
1,416
1,252
1,288
1,368
2,761
1,267
10,2085
10,2999
1,504
1,274
9,2562
1,556
1,518
1,591
1,373
1,324
1,251
1,320
1,305
9,2782
1,266
10,6550
1,267
1,343
1,255
10,12257
1,295
1,418
1,518
1,292
1,340
8,2109
1,273
6,1446
10,3376
1,251
3,784
1,229
1,423
1,328
10,7337
1,257
1,257
1,575
1,297
1,433
1,466
1,363
2,588
10,3249
1,397
1,342
1,269
10,2421
5,1812
10,3267
1,248
10,2605
1,437
1,353
8,2357
2,776
1,299
8,1584
10,2521
1,405
1,349
1,338
3,1065
10,3454
10,6470
1,257
2,787
1,548
1,307
1,244
9,3144
1,335
4,1269
10,2910
1,310
1,365
1,343
10,3235
7,2271
1,546
1,339
9,2680
1,480
1,312
1,306
10,3062
10,2377
10,2919
8,1773
1,256
1,372
1,360
10,3281
10,2860
2,907
1,256
7,1897
10,3874
1,498
1,258
10,3451
1,419
10,3190
8,2183
1,422
1,300
1,387
10,3455
10,3017
2,681
1,260
10,4243
1,938
1,314
1,354
10,3412
10,3249
10,3252
1,631
1,413
1,328
1,446
10,4424
10,3284
5,1336
1,265
10,2696
1,548
1,352
1,301
10,2618
10,3593
8,2599
1,487
1,414
1,320
1,591
7,3255
5,1360
8,2502
1,235
8,1785
1,447
9,1956
2,598
10,35984
10,27360
2,988
1,314
1,273
1,249
2,725
2,559
3,979
6,2133
8,2117
1,499
1,314
8,2689
2,578
2,950
9,2764
1,679
1,459
10,2236
1,233
7,2335
5,1241
1,389
8,2517
1,407
3,1011
1,635
9,3009
9,2252
2,2037
10,7183
2,736
1,369
10,2203
1,398
10,3113
8,2233
5,1202
10,3133
7,1566
6,1998
2,589
10,3167
10,2207
3,902
10,47341
9,3084
1,254
10,2952
10,4033
10,3336
6,1615
10,3007
8,2594
10,2768
10,5956
6,2176
10,31092
10,3298
5,1739
2,766
10,3325
1,378
9,3217
9,3711
10,2978
8,2554
9,2542
8,2819
10,2486
10,3025
8,3072
10,3189
10,7018
8,2628
5,1965
10,4145
1,296
10,7544
10,4499
10,2279
10,2907
10,2291
5,1459
2,515
10,3551
8,2902
2,725
8,2139
10,4057
6,2017
10,3729
1,344
9,3108
7,2740
8,2633
10,3207
10,3153
2,643
10,3388
10,3984
10,3139
10,6316
1,300
8,2705
8,3238
10,3855
1,442
10,3394
10,9209
3,1314
8,2669
10,3309
4,938
9,3073
10,3743
9,2745
2,1222
8,2789
8,1898
10,3002
10,4314
1,272
10,2315
3,10852
10,2335
5,1708
10,3553
2,606
10,7573
4,1332
8,2853
3,1173
10,3384
8,2540
8,2624
10,7979
1,501
7,2666
1,500
2,818
2,774
10,3460
1,370
3,1059
10,3797
4,1420
5,2141
10,8073
7,2803
10,3255
8,4843
10,2831
10,3395
10,22022
8,1781
4,1023
5,1778
1,425
10,2649
10,8010
2,770
8,2146
10,3341
5,1867
8,2759
1,627
8,1839
10,3324
7,2784
2,432
2,567
1,406
1,372
9,3283
1,724
2,644
10,3585
10,2974
2,739
5,1325
1,479
9,3033
10,3275
1,554
10,3660
1,403
1,318
1,245
8,2846
1,628
8,2318
10,10009
10,22204
1,451
4,1043
1,687
10,3697
10,10775
7,2553
10,3384
1,480
1,293
1,365
10,3637
1,631
2,746
8,3051
10,3378
2,683
2,725
1,674
10,3338
10,3616
6,2202
10,3242
1,251
1,291
1,374
10,3360
1,599
4,1352
7,3050
2,2989
1,404
1,534
3,1984
10,3326
3,1178
6,1965
8,2671
1,270
1,357
1,373
10,3117
1,646
1,327
8,2775
10,3250
1,567
1,415
1,500
10,3143
1,511
2,800
1,397
1,227
1,363
1,310
10,3257
1,905
10,3048
5,1785
1,513
1,305
2,630
1,598
2,7681
1,516
9,10176
2,630
1,266
1,650
1,332
2,773
1,804
10,2942
2,800
1,450
1,297
1,570
1,559
2,622
1,441
5,9308
8,2680
1,290
1,420
1,247
1,520
8,4768
6,2151
2,652
1,521
1,247
1,308
1,870
6,1703
1,281
7,19011
10,7929
1,257
1,306
8,2042
1,508
1,614
10,2956
1,479
2,597
1,325
1,335
1,550
5,1362
1,510
3,1067
1,736
1,310
1,390
4,977
1,554
1,602
10,2616
1,297
1,477
1,274
1,312
1,564
10,2934
1,406
10,24223
1,474
1,255
10,2817
10,3068
1,420
1,447
10,2630
1,298
1,429
1,249
1,275
1,501
10,3029
1,402
1,1157
1,449
1,263
8,1929
2,574
1,358
1,468
9,2299
1,258
1,697
1,289
1,257
7,2251
8,1907
1,1007
1,491
1,539
8,1870
6,1231
10,2280
1,542
1,638
1,563
1,256
1,516
10,2634
1,244
5,1928
8,2715
1,35236
1,437
1,490
9,2103
10,2154
6,1652
1,388
2,1006
1,372
1,321
1,498
8,2142
1,248
8,3519
8,2878
1,534
1,5184
1,586
4,928
10,2732
10,3249
1,611
5,1690
1,362
1,286
1,471
2,812
10,2438
8,2685
4,1662
1,414
4,1571
1,522
2,663
10,3082
10,3555
1,522
6,2085
1,347
1,304
1,450
10,3274
8,1871
10,3264
5,1700
6,2012
1,430
1,519
10,3139
2,748
10,3361
1,563
10,3522
1,361
1,242
8,2710
10,2928
1,348
7,2456
2,1013
7,2179
4,1411
1,359
2,532
4,1071
10,3958
1,408
8,2671
1,277
1,321
2,831
10,3184
1,267
2,888
2,693
6,1836
3,1042
1,348
10,2593
6,2343
9,4248
1,461
9,3592
1,298
1,266
7,2376
10,3394
2,612
5,1568
1,448
5,1824
1,31841
5,1340
10,3267
10,2597
10,3929
7,3571
5,1491
1,412
8,2434
5,1162
10,3296
10,2461
2,729
1,700
9,3499
4,6879
8,2966
8,10191
10,3046
10,4976
7,2473
4,1485
1,441
9,2019
10,3435
8,2649
9,2996
2,1020
1,440
7,2700
1,854
6,2280
10,2862
10,3279
10,18055
6,2398
1,538
1,338
1,331
8,2869
9,3048
10,3349
8,1984
1,308
10,3218
1,488
10,3483
6,1258
10,3172
10,32468
6,2024
8,2202
6,2144
10,2351
8,2011
10,3728
10,3914
4,1571
1,281
3,1204
1,567
8,2987
10,14145
10,18810
10,26440
7,2800
4,1212
10,3052
2,530
3,874
10,3228
9,2413
10,2125
1,333
3,1201
1,420
9,2532
10,3232
10,22913
1,17996
5,2012
1,309
10,4365
10,3078
5,1302
10,7311
10,3463
2,485
1,262
4,1385
3,5728
5,1382
10,3346
4,1341
1,526
2,724
7,1677
10,12161
10,3575
2,721
10,3149
10,3508
10,2031
1,332
4,1474
1,775
2,773
10,3440
1,540
1,379
10,8631
2,691
10,4043
10,2415
8,2753
2,895
10,3642
6,1983
1,326
1,483
1,416
4,1407
10,3021
1,495
1,369
3,1297
10,2266
10,3813
9,2988
1,411
10,39847
10,3346
10,3203
1,383
3,937
1,476
2,760
10,3180
1,442
1,360
4,1966
10,3406
4,1732
9,3223
10,2185
1,397
10,3378
10,2619
8,2111
1,491
1,513
8,2729
10,19892
1,547
1,361
3,1191
9,2865
7,36545
10,3206
10,3298
1,407
10,3530
10,3504
10,2406
1,2285
4,1566
10,3306
6,2032
1,604
1,440
1,423
10,7264
1,472
10,2755
10,3369
1,497
10,2908
10,2797
1,309
1,642
1,466
4,932
1,1474
1,572
1,585
4,1742
6,8150
2,833
10,6536
2,1061
1,2590
1,521
1,573
10,2296
3,12261
2,750
10,2342
1,431
1,731
1,500
4,1746
10,2738
3,1273
10,3459
10,3388
1,626
1,602
1,330
10,2373
7,1988
7,3830
10,2221
1,362
1,810
1,535
1,23436
3,1147
6,2227
10,3253
10,3380
7,2558
1,880
1,258
2,734
1,550
4,2605
2,489
1,348
1,537
7,9834
4,1623
1,563
1,639
10,7186
9,3157
1,377
1,582
1,254
10,2458
4,3644
5,1871
10,2191
1,568
1,584
1,474
3,1136
1,275
10,4731
1,578
10,11693
1,386
1,464
1,276
10,3099
4,1915
3,6021
10,3447
1,427
2,709
3,1103
1,676
1,642
9,16442
1,558
1,707
1,505
1,512
1,251
9,2922
1,550
9,3505
10,3280
1,412
3,777
1,369
4,1463
1,460
10,3366
1,426
1,310
7,2411
1,401
1,310
10,3815
1,661
5,2375
1,358
7,2637
2,483
10,3709
1,663
1,440
7,2568
1,349
1,294
1,504
1,412
1,378
10,4008
7,2365
2,988
6,1327
1,411
5,1251
5,1719
7,2501
1,499
5,1692
1,487
1,290
1,409
1,452
1,343
10,3796
2,1645
5,2067
1,255
1,372
8,2397
2,710
3,1405
1,393
10,4106
1,437
1,303
3,1178
1,513
1,290
10,7318
1,791
3,1144
1,239
1,459
8,2861
10,27805
5,1843
1,463
1,445
6,1921
1,292
1,400
1,1197
9,2192
10,4130
3,1119
1,442
1,260
1,448
8,1884
7,2304
7,2447
1,279
4,2206
1,319
1,251
9,9559
5,1855
9,6916
10,3496
1,428
3,4118
1,249
7,2988
7,2159
9,11771
3,1267
1,274
1,540
1,457
1,609
9,10707
7,2230
1,495
10,7442
1,427
4,1636
1,242
6,1942
8,1663
1,473
5,1773
10,2398
4,1343
1,375
1,322
2,818
6,2519
10,17728
1,591
4,6919
3,901
1,237
3,1017
5,1422
4,1406
9,3006
9,6683
1,5144
1,339
9,2315
10,3682
6,1931
10,3465
1,407
1,779
5,1059
1,252
2,819
10,2646
1,397
1,360
6,2166
3,4385
1,384
1,522
10,3736
4,1608
1,505
1,369
9,5753
4,1663
1,393
5,1627
2,797
10,3327
2,734
10,3947
1,599
1,402
10,3977
1,551
2,841
10,15541
1,378
1,438
3,1254
1,469
9,2922
2,732
1,502
1,418
10,6999
4,1371
7,2322
1,379
1,455
9,2999
10,24103
1,481
5,5614
7,2383
7,2342
10,3458
4,1084
3,1761
1,589
1,539
7,2222
7,2371
10,3604
1,386
10,5075
7,2707
1,535
1,357
7,2261
10,3516
3,1317
8,1941
1,621
1,427
10,4636
1,342
6,1928
10,7174
10,3294
7,6280
3,1109
1,566
5,1745
6,2038
10,7263
1,440
1,423
1,488
1,3844
4,1716
5,2247
4,1382
10,3656
3,1532
4,1510
1,25320
1,488
1,806
6,4078
10,3461
1,416
7,1582
7,2415
2,2649
1,512
1,417
5,1714
10,3654
4,1503
1,361
5,1940
1,590
1,409
4,1488
10,3528
4,1395
10,2262
4,1367
1,521
2,781
1,484
2,642
1,473
1,520
1,408
8,2531
1,673
4,1503
5,1663
3,741
1,463
2,781
4,1493
1,691
7,2261
7,2207
9,3175
7,2473
7,2675
4,1308
2,768
1,598
5,1866
3,1229
10,20713
4,2060
6,2043
3,969
1,643
6,1970
1,511
3,3886
7,2390
1,362
3,1012
9,2890
7,2363
3,1169
1,456
1,470
1,769
10,3225
7,2317
3,1162
6,1934
1,561
10,17086
6,2066
4,1457
1,629
7,10653
10,29038
1,485
7,2144
9,2943
3,1205
10,3363
3,1136
3,1088
10,21089
5,1930
1,439
5,1816
3,974
3,1134
10,3241
7,2399
3,1187
10,3955
2,1654
1,557
9,2979
1,397
1,413
1,326
3,1311
4,1307
9,2924
1,508
3,1157
4,1287
6,4238
3,1015
1,376
8,2757
7,2852
10,2554
9,3002
1,543
2,767
1,348
1,558
2,3627
1,585
1,534
7,2748
2,747
3,963
1,425
6,5576
4,1297
3,1155
1,319
4,1776
4,1437
3,1271
4,1485
10,3207
6,2181
4,1131
1,337
5,4407
10,3327
1,442
6,43586
3,1170
1,466
5,1614
1,2275
5,1790
4,1460
3,1177
3,5090
7,3421
1,409
2,668
9,5644
5,9132
4,1396
7,73924
1,449
1,320
2,1491
6,2128
4,2804
3,1263
4,1429
10,3366
1,457
3,967
1,328
10,18316
1,501
1,384
5,37085
4,1567
1,324
1,351
3,1140
8,2562
9,2885
1,459
1,351
1,510
4,1335
1,382
3,22408
7,8261
1,451
1,41258
7,51567
1,572
1,403
5,3205
3,948
1,596
1,472
10,5317
1,479
7,3925
3,941
1,329
6,2213
1,423
7,29494
3,753
1,282
1,326
4,1347
1,337
7,2584
7,1865
1,750
3,1047
7,2422
10,15368
1,866
5,2050
1,408
1,35909
5,1036
1,609
5,2495
7,2761
1,379
5,1967
4,1473
1,346
9,2884
1,577
1,48464
4,7139
4,3834
1,380
4,18595
1,308
1,361
1,399
7,2603
4,1269
1,465
3,980
4,1341
1,475
1,512
4,1260
4,11074
7,4516
1,409
3,20978
9,2387
1,399
1,343
1,557
7,2973
3,1038
7,2563
1,585
1,460
1,660
1,299
1,642
10,5515
3,710
4,22668
2,845
1,474
1,470
4,1647
3,11067
1,471
6,1972
4,1572
1,473
3,1061
1,467
4,1703
4,1425
10,2510
4,24508
5,1602
1,334
1,441
4,1361
1,342
2,1216
1,642
1,600
1,415
5,2339
1,482
1,356
3,1183
1,555
1,23411
2,653
10,3327
1,364
6,2077
1,539
5,1774
9,3464
1,592
5,1702
1,526
1,424
3,4719
5,1801
5,1152
10,58281
1,335
9,2873
2,812
3,1120
1,342
4,1550
3,3306
1,509
6,1921
9,3315
1,517
1,5123
1,387
9,2999
2,24247
10,5735
10,3107
1,511
10,5527
9,68205
3,1295
1,390
1,595
1,344
1,547
1,444
7,11054
10,4428
10,7506
1,484
1,510
10,6380
3,1201
4,1206
1,339
3,1005
2,695
1,637
2,708
2,1079
3,1170
4,1489
10,3061
10,3349
1,507
1,571
9,19021
3,998
6,8547
1,478
1,506
5,1649
1,369
2,787
4,1434
1,481
3,1122
10,3307
4,1327
1,608
1,556
10,2958
5,2503
3,1047
7,2336
7,2311
1,365
1,518
3,1176
1,365
1,388
7,2460
10,3233
10,11377
1,637
1,444
1,525
3,1180
9,3601
1,346
6,2194
1,546
1,481
1,450
1,536
1,433
3,1255
4,1491
1,492
1,969
3,1280
1,670
10,3589
5,2010
4,1342
5,1785
1,618
1,448
4,1421
1,563
1,441
5,2076
9,8741
1,541
1,455
3,1016
1,679
4,1248
10,3806
1,360
6,2226
1,871
3,1142
4,1440
1,527
7,2341
5,1580
1,402
1,439
1,456
1,402
3,1167
7,2346
10,3669
7,16913
7,2485
1,450
1,454
3,1074
2,666
5,1486
9,2525
10,3830
1,351
3,1127
1,390
7,2641
7,2656
10,3497
4,6211
4,13177
1,422
7,2551
3,990
1,398
3,1021
1,668
1,906
3,893
1,588
1,404
6,2177
7,2467
10,3663
1,448
4,1481
2,621
9,3255
4,1532
7,2651
4,1624
2,968
1,615
7,1680
1,476
1,434
6,2016
5,2425
4,1701
1,509
1,357
6,1694
4,1428
5,1644
3,3823
7,2571
3,1074
1,470
8,2766
1,644
1,434
5,1880
6,7364
10,5695
1,519
10,3267
3,1375
3,1043
6,2242
2,1098
3,1267
1,449
1,524
7,2177
4,1362
5,2679
2,869
5,1468
1,598
1,631
1,508
3,949
7,2402
7,17343
3,1375
2,818
1,538
1,584
9,3171
1,459
3,1074
7,2315
3,1230
1,401
1,480
3,979
1,336
3,1071
6,2004
3,1185
5,1724
1,488
1,331
8,2706
7,2947
4,1144
10,3817
7,2649
1,508
3,1888
1,467
1,378
2,643
4,1398
4,1306
2,949
1,457
1,510
8,2992
1,586
3,1096
7,2171
2,875
1,470
5,1985
1,595
5,3704
5,1569
7,2364
5,1753
3,1084
2,771
1,522
7,2049
3,1113
5,1967
9,32442
4,1516
1,431
9,3026
1,547
6,11624
2,781
10,3148
7,2412
3,934
1,618
1,423
9,3879
7,2634
7,26837
1,541
1,619
1,821
5,1803
1,438
1,420
3,1215
3,1027
10,3260
1,603
1,537
1,594
1,391
3,1239
7,2123
4,1449
1,470
1,851
2,4135
1,413
3,1075
3,1413
4,1549
6,2073
5,1987
3,1217
1,587
1,376
5,1981
4,1395
1,476
5,2848
1,412
3,1279
1,364
4,1290
1,660
3,1367
4,1490
4,1531
1,541
3,1135
1,398
2,685
3,976
1,468
10,3588
1,537
1,572
1,589
4,1445
6,2136
1,566
7,2325
3,1257
3,1159
7,2678
3,820
9,3126
7,7235
1,2239
10,12322
1,531
3,1048
1,582
5,22787
4,1686
5,2115
3,1333
3,1257
1,456
7,2586
1,252
3,1428
4,13642
1,530
10,3193
1,398
1,504
1,493
7,2282
3,1228
10,3557
10,3447
4,1611
4,1383
10,3696
1,446
2,974
6,20644
4,4450
9,2489
1,428
4,1548
5,3781
5,1760
3,2767
10,4457
4,1519
7,2494
1,810
8,3085
1,372
3,1310
3,960
1,1343
4,1447
1,457
3,1363
10,3497
4,1363
4,1529
9,11246
3,1240
5,1618
4,1365
7,2757
1,633
3,1072
5,100314
1,1245
10,3833
1,447
3,1239
10,13353
7,14566
5,1640
4,4809
1,543
6,2206
1,580
9,3117
1,450
6,2171
1,444
3,5282
10,9271
1,295
4,2074
10,8924
7,2620
7,2345
10,4878
8,2694
7,15636
5,1695
8,3513
1,858
3,1965
5,1570
1,1121
1,583
7,2353
7,2480
9,3325
3,1015
7,2728
10,6683
10,2889
4,1736
5,1622
3,1305
3,942
7,2479
10,3977
1,3142
1,418
7,2455
7,2461
4,1550
10,2995
4,1497
1,522
10,3340
3,1047
4,1481
3,1480
1,422
4,1768
10,3480
1,489
1,496
8,3183
9,9292
10,3362
1,575
4,1342
1,482
10,4294
7,2176
3,6064
2,957
3,936
4,21379
10,4222
1,396
1,437
9,10203
6,1966
1,517
5,1678
6,1939
10,50624
9,3665
10,4754
7,10015
2,1098
1,268
7,2396
10,3691
1,443
1,391
8,2723
6,1989
1,509
5,1643
3,1434
1,457
10,19068
4,1411
7,2791
10,2359
2,712
7,2408
4,1330
4,42750
1,403
9,3191
7,2380
8,2754
10,3200
10,34144
1,351
2,522
1,16452
5,1719
4,1205
2,626
5,7486
9,16336
1,559
1,2265
9,3050
4,1183
2,697
10,3090
6,60245
1,417
10,3258
5,55649
7,2475
3,1185
7,2362
1,484
10,3246
3,1323
1,496
3,1011
3,950
3,701
9,3109
7,9579
1,325
1,370
1,337
6,1907
10,2548
10,3446
6,1959
1,481
1,454
1,502
3,1298
1,504
1,259
10,3060
1,1680
1,276
1,493
6,54623
3,2949
10,2397
10,3101
10,3506
1,422
4,1656
1,565
1,657
10,12221
1,558
10,7305
1,454
1,1709
1,460
1,429
3,1044
10,2245
10,3254
4,1484
1,635
1,397
1,4817
2,1311
1,372
7,2148
5,1489
4,22549
1,475
1,529
3,1075
10,4387
10,2805
10,3466
6,2068
1,584
3,1440
1,564
10,2883
1,481
7,2386
4,10919
1,482
1,476
1,409
1,585
1,617
6,1713
10,3589
4,1616
1,509
5,18454
8,2345
4,1184
1,435
8,2658
1,466
3,899
1,483
1,424
1,475
5,2006
7,1746
10,2535
3,1127
1,583
7,2447
1,412
3,871
4,1752
8,6796
1,482
1,394
1,381
1,633
1,403
5,1789
1,420
6,1856
1,388
1,496
5,1688
2,656
10,3342
1,602
8,2616
1,310
1,408
1,334
1,644
1,434
10,3313
1,243
4,941
1,545
1,473
4,1230
8,2798
10,3449
1,673
9,3942
1,431
1,413
9,3294
1,605
1,384
10,3571
1,225
10,2142
4,1762
10,4008
2,749
7,2712
10,4082
5,1534
7,15685
1,372
1,317
1,331
1,531
1,286
10,6000
1,255
10,3421
1,623
1,457
2,812
8,2699
10,2907
1,1901
3,1223
1,482
1,413
3,643
1,537
1,361
9,6931
1,265
10,3051
1,2915
1,337
9,11718
2,635
6,2010
1,414
3,1091
1,495
1,294
7,2392
10,2810
1,541
4,10485
1,223
4,1587
1,636
1,429
3,1145
9,3030
7,1828
3,1070
1,473
1,442
1,386
8,2600
1,455
5,1321
10,3594
1,292
10,3381
3,1172
1,509
3,1204
9,3005
1,540
1,436
1,347
1,445
10,3323
8,2592
7,2501
5,5982
5,1778
1,263
10,3240
1,295
1,343
4,2014
8,2710
1,353
1,402
2,568
1,529
1,443
8,2491
8,2979
10,3402
1,595
1,312
6,2178
1,425
2,500
5,1556
1,632
1,401
1,645
1,270
1,451
5,1900
9,3743
10,2989
10,3489
1,552
1,246
1,473
1,415
3,982
1,364
3,1225
1,264
5,1778
1,403
1,448
5,1465
7,12573
8,2672
9,3179
1,543
10,2244
1,495
1,451
7,2118
3,1169
1,471
1,258
5,2090
1,386
1,293
10,4474
3,1135
8,3069
4,1419
1,759
10,2338
1,343
5,2156
8,6180
4,1576
2,1327
1,269
10,3295
2,916
1,363
9,3392
1,436
9,2667
10,3210
1,582
10,3192
1,299
10,2800
8,2611
3,951
4,1079
1,337
4,1474
1,378
9,2297
10,4167
2,760
3,947
5,9880
1,597
10,3442
1,369
10,3428
9,3213
7,2389
3,828
1,417
9,3493
1,317
4,913
4,1374
2,873
1,507
1,416
1,628
10,3508
1,325
10,3871
7,2243
5,1598
10,3387
1,337
10,3801
1,341
7,2318
5,7867
4,1688
2,834
1,460
1,508
10,3262
1,329
10,11581
8,4817
7,2623
10,2353
1,311
10,7500
1,276
9,3093
1,583
10,2830
2,621
2,555
1,707
10,3407
1,294
4,1457
3,1437
6,2138
10,3259
6,2200
1,463
1,325
8,3232
1,497
3,884
4,1551
1,286
1,840
10,3572
1,448
10,3003
1,408
6,2747
10,8534
10,2282
1,467
4,1315
8,8758
1,635
10,2473
8,1874
3,782
7,3520
4,907
4,1026
1,455
2,956
3,1237
10,2735
6,1788
1,536
3,904
6,1992
1,468
10,2261
3,848
7,2106
1,515
5,1719
1,285
1,604
4,1076
5,1735
6,1317
4,980
1,400
10,3537
8,19890
1,294
10,3317
10,3606
7,1782
1,411
3,1027
4,1647
1,436
3,678
1,339
7,2265
10,2558
1,354
10,3430
3,1093
7,1660
10,2811
10,3021
8,2392
3,803
8,2813
6,2051
8,2869
10,2409
7,2509
1,452
4,1487
8,2595
10,3537
1,331
9,2911
6,1677
10,3548
8,3020
3,640
10,2902
10,3431
1,504
10,2396
10,3637
1,272
10,2975
7,1845
10,3730
2,805
8,2927
7,1737
10,2849
8,2471
3,1067
10,2114
8,2747
1,332
10,3255
4,1398
1,253
10,3360
7,1583
6,1517
2,630
10,3822
6,2073
6,1504
9,2826
7,2230
6,2088
10,3171
7,2542
10,2508
1,412
1,242
4,1716
9,2642
7,1717
10,2826
8,2648
1,457
2,526
8,2566
8,2586
5,1174
6,1922
8,2596
10,2610
1,520
1,333
6,2049
8,2454
10,3630
3,933
9,3249
1,256
7,1792
7,2270
8,2439
7,1603
10,3047
7,2783
6,1970
1,488
1,282
2,674
9,2541
10,2352
10,3131
9,3717
1,254
1,394
1,354
8,2687
1,515
2,844
2,3983
7,1601
1,384
1,408
8,2433
8,2029
6,1290
10,2548
8,13516
1,260
1,303
1,290
7,2394
2,801
4,1600
9,8040
1,412
4,2367
1,437
4,1094
9,7568
4,816
10,2361
1,521
1,493
1,236
1,506
7,2658
1,289
4,1443
8,2817
1,350
1,464
1,401
5,1337
1,455
10,2912
10,3583
1,402
1,352
1,242
3,966
3,1200
1,281
4,1321
9,3356
1,380
3,1176
1,288
4,1005
1,428
10,2772
10,2176
3,1268
1,332
1,274
1,436
1,600
1,380
7,3375
1,4688
1,242
1,474
10,2957
8,2886
3,794
10,2592
7,1890
1,497
1,243
1,324
3,988
2,719
1,492
10,3353
9,2727
1,257
1,547
10,2747
6,2218
3,768
10,3975
1,438
1,430
1,237
1,232
1,305
2,832
1,610
10,22878
1,328
1,248
1,502
10,2861
10,6459
1,358
4,1283
1,295
1,428
1,269
1,341
1,294
3,1599
1,416
6,2164
1,452
1,228
1,547
10,3295
10,3044
1,414
6,1517
1,253
1,544
4,1476
1,264
1,403
10,3364
1,389
6,6075
1,397
1,264
5,1343
10,2692
5,1140
1,403
1,462
1,226
1,497
10,2474
1,253
1,649
10,3288
1,548
3,997
1,294
1,296
1,405
10,2773
6,1769
1,412
1,404
1,272
1,450
4,1353
10,2715
1,574
10,2361
1,394
6,1939
1,367
1,264
10,3372
10,5541
2,842
2,493
1,316
1,333
1,325
7,1464
10,2379
1,658
10,3385
3,1140
10,4316
1,378
10,3023
10,3411
2,779
1,565
1,586
1,314
1,249
1,314
10,2176
10,2378
1,476
10,2651
7,2452
10,4797
1,293
10,2384
10,17622
4,1045
1,345
2,513
1,302
1,266
10,2795
10,2494
10,3371
2,793
10,3191
10,3425
1,534
3,834
4,988
10,3198
5,1096
1,394
1,334
1,749
1,392
2,780
10,2540
10,2813
2,675
7,1801
10,3349
1,462
1,360
4,896
9,2780
4,1239
1,520
1,359
1,595
1,525
1,308
6,1779
10,3655
10,2434
1,458
10,3720
2,1223
1,319
10,2047
5,1524
8,3010
1,578
1,296
1,261
1,308
2,546
3,951
10,3669
3,728
1,341
10,3599
1,5420
1,672
10,2324
1,507
8,1862
1,564
1,290
1,455
6,1813
3,1200
4,1104
2,746
10,3077
1,284
10,4451
1,475
3,1329
10,3405
1,368
10,3438
1,454
10,2283
1,262
10,2506
10,3501
5,1403
4,1181
10,3190
1,668
3,1136
1,659
2,1075
6,1948
1,391
10,3361
1,391
10,2372
4,1585
9,1952
10,3252
8,2352
5,1856
10,3213
1,465
7,2435
1,491
4,1113
6,1860
3,986
6,1451
1,383
10,2441
5,1407
8,1729
10,3035
4,1565
10,2557
10,3446
1,598
6,2304
1,495
3,801
4,969
3,738
5,1111
1,369
10,2218
4,1125
10,2497
10,3493
10,3363
4,1223
7,1655
1,283
2,917
1,470
10,3272
5,1054
7,2334
6,1355
4,3528
10,3068
8,2947
4,1899
7,1667
10,3138
8,2362
10,2722
1,426
7,2264
1,432
10,2121
4,1111
8,2839
2,799
4,1334
10,3077
10,3278
10,3736
6,1376
10,2557
8,2819
10,2485
1,261
5,3444
1,486
10,2874
8,3180
8,2733
1,506
4,1250
10,2166
10,3510
10,2889
10,2150
6,1399
10,3102
4,1427
1,264
8,2690
8,1936
10,3151
10,3136
9,3178
1,372
4,898
6,1529
6,1848
2,607
4,973
5,1475
6,1890
6,1918
10,3032
4,1887
5,1138
6,1325
10,3269
9,2828
1,655
10,3450
6,1501
5,1723
4,1387
6,1258
6,1797
5,1354
10,2137
10,2667
8,6931
8,2685
7,1624
10,3393
8,13637
1,418
6,2419
1,362
6,1908
4,1433
10,2094
2,568
6,1689
10,2030
6,1492
10,3506
7,2471
10,2936
6,1956
1,382
1,468
6,10376
10,3251
4,2271
8,2658
4,862
4,1178
1,630
10,4153
10,1974
8,1938
10,3246
6,1510
5,1657
7,2281
1,617
6,2036
10,3387
6,2127
10,3277
10,2671
1,472
1,419
6,1901
10,3371
1,466
6,4738
10,2152
6,2064
7,2500
1,645
6,2085
4,1475
7,2394
10,3473
10,3367
1,337
1,332
10,3245
10,3787
5,1103
5,1288
1,319
2,2026
1,322
1,562
10,7285
10,4176
5,2002
6,2418
6,2079
1,377
1,467
4,1370
10,2594
1,256
2,764
6,1479
1,501
1,302
1,668
10,13468
4,1285
4,1316
10,8701
10,2611
1,459
1,487
1,592
4,1391
1,246
3,1212
10,2075
1,301
1,382
1,510
8,2278
10,3741
2,936
10,3238
4,1652
1,379
1,261
4,1613
4,1239
1,254
4,1058
4,879
1,467
1,393
4,1547
2,883
9,4071
10,3654
6,2099
1,491
1,426
1,10379
1,491
4,1064
1,258
1,444
10,3154
1,418
1,283
10,3450
2,651
1,433
10,5898
1,506
1,290
1,468
1,603
1,265
8,2658
1,291
10,3236
10,5191
1,551
3,1086
3,1132
8,2895
1,276
10,3406
1,487
1,299
1,529
1,452
1,396
10,3302
1,425
6,1471
1,385
1,594
1,421
7,3018
7,2462
1,295
10,4487
1,501
1,415
1,412
1,459
1,441
10,2202
3,2095
6,1597
9,2743
1,414
1,597
7,2432
10,3725
1,282
3,1163
1,365
1,344
1,442
4,1381
1,9900
6,2245
1,263
10,3059
1,396
1,446
1,509
6,1966
8,3053
1,391
5,1737
1,634
1,479
4,1379
10,4558
1,540
10,2373
2,808
10,2407
4,1301
1,431
1,327
10,3104
6,2053
1,291
6,2363
3,956
1,366
6,2563
3,1140
1,350
10,2708
1,414
10,2362
1,396
1,375
1,494
10,3365
8,1705
1,229
1,639
1,343
1,286
4,1362
2,870
1,725
6,1845
1,349
9,2503
1,365
4,1833
2,481
3,1252
2,679
1,413
1,609
1,356
1,268
5,1572
10,3968
1,273
1,554
2,733
4,1683
1,326
10,6337
2,671
10,2531
3,810
1,271
1,585
1,721
1,374
10,3278
6,2206
6,1588
1,427
2,901
10,3360
1,358
3,1180
3,949
2,723
2,820
1,258
1,636
1,540
8,2896
6,1886
10,6591
4,1906
1,354
1,502
4,1229
1,347
4,1256
10,2421
8,2888
4,1432
10,2278
1,477
1,638
4,1192
6,1794
10,3585
10,2928
1,510
4,1059
1,581
1,317
7,2572
10,2218
8,2649
1,432
4,955
1,418
4,1563
2,796
10,3136
7,3455
10,2687
1,441
10,2448
1,641
1,267
10,3758
10,2514
7,2527
1,368
8,2997
1,285
4,1618
10,3325
5,1534
10,4555
10,3241
1,586
10,2354
1,503
1,242
10,7719
10,2349
5,1803
1,331
10,3175
1,574
2,798
10,2571
10,18476
2,752
6,12443
1,654
10,2247
1,363
4,952
7,2534
10,2452
8,6830
1,394
10,2210
1,406
7,8285
10,3371
2,814
2,610
10,12954
1,612
8,1859
1,332
5,1253
6,14957
7,1929
10,3201
1,657
6,2126
1,258
6,2262
10,5489
5,1360
8,2409
4,1460
1,710
9,2058
1,241
4,1270
3,1057
10,2738
8,2035
1,398
10,3059
2,909
10,3231
6,2242
8,2435
8,7530
4,1413
1,645
10,2282
1,285
8,1753
6,32769
1,465
2,635
1,324
4,1646
5,1759
6,1882
4,1543
7,2359
10,7903
7,2137
10,3370
6,1487
1,270
10,2868
2,838
10,3199
2,745
1,282
4,1413
7,3585
6,1947
4,1014
6,1991
6,2078
5,1696
4,1524
5,1896
1,236
10,3644
5,1410
6,1556
3,1212
1,252
2,1181
8,2991
10,3232
4,1596
8,2570
8,2848
10,3384
5,6988
10,2954
1,311
6,2228
7,2374
10,2234
5,1224
1,252
4,1410
8,2815
10,3649
4,1761
10,6145
8,2841
10,3311
7,2575
2,514
6,1966
5,1816
8,2226
10,2395
2,554
8,2879
3,1005
10,8901
4,1540
10,3306
8,1851
8,2254
6,2018
10,3506
4,898
4,1625
6,1748
8,2708
10,3913
1,536
1,402
6,2108
8,2596
2,832
6,2430
5,1067
1,378
10,3167
6,2008
6,1599
5,1368
4,1816
6,3101
4,1431
1,452
10,2708
10,3326
5,1272
5,1295
10,5148
2,803
2,849
5,1738
10,3329
10,2373
4,964
4,1291
10,3998
9,2895
1,555
6,2197
10,7339
3,1238
8,2757
6,2302
3,1116
1,467
6,1850
3,1113
10,2108
10,2925
10,2607
8,2049
10,4059
1,363
6,2262
6,1954
2,671
7,2404
10,3507
1,473
2,726
3,904
5,1686
5,1971
10,3171
3,1223
5,1223
1,583
1,503
10,2889
10,4133
2,716
8,2648
1,459
2,694
1,367
10,3534
10,3329
6,3671
6,2260
5,1637
3,820
1,320
1,322
2,771
10,3545
10,2493
10,3087
6,2208
4,1162
1,397
1,450
2,854
8,4149
10,3398
2,820
2,557
1,265
1,514
9,2193
6,4684
1,579
6,1752
6,2509
8,2845
1,380
1,525
5,1646
4,1564
5,1859
10,3283
4,2391
1,274
1,490
10,3369
7,3066
8,2690
8,1913
10,4527
1,363
1,347
1,460
7,1926
1,733
1,591
6,1928
2,804
1,421
1,547
2,922
1,538
6,1553
5,1088
1,1607
1,262
4,1063
1,486
10,3990
1,4817
2,1913
6,2017
1,489
1,310
1,464
4,1115
1,408
10,2230
2,735
1,554
1,636
1,293
1,416
8,2363
1,613
2,1209
10,3364
1,534
1,245
10,2542
4,1599
1,489
10,2359
3,1107
1,548
1,413
2,449
1,516
6,2022
1,535
6,2490
7,2793
1,342
1,383
1,432
8,1928
1,692
10,2599
2,625
1,665
1,349
1,281
1,529
8,2266
1,610
4,1515
1,331
1,364
1,366
10,2736
2,748
1,1890
9,2121
4,1460
1,666
1,346
1,345
1,607
5,1210
1,605
3,1854
10,13629
1,381
1,356
4,936
4,1326
1,530
10,3164
1,358
8,2858
1,317
1,394
1,526
3,870
1,631
7,20739
5,9685
1,356
2,648
10,2493
5,1152
1,563
2,870
1,422
1,419
1,328
1,519
1,484
2,707
1,624
7,8070
1,396
1,295
4,852
10,2191
6,1316
1,678
4,1327
1,293
1,433
1,424
10,2758
10,3273
4,1530
1,536
6,2332
1,442
1,272
4,1674
10,2772
10,3885
1,384
1,484
1,286
1,530
2,583
1,526
2,687
1,630
1,616
1,458
1,477
1,236
8,2529
9,3295
8,13023
1,332
1,270
1,355
1,528
10,3695
10,3612
5,1233
1,442
2,878
8,2891
1,628
1,237
10,2280
6,2248
6,6596
8,2505
1,257
4,1166
2,3681
1,789
4,1104
7,2418
1,384
4,1614
4,1806
1,546
1,249
10,2662
2,723
5,6660
5,2100
1,364
1,351
5,1196
6,2599
10,2780
8,2434
1,400
6,2189
3,1391
1,602
9,2472
8,2440
2,700
10,7399
7,2371
1,241
1,418
2,899
8,2134
9,2209
6,1463
1,297
3,1204
6,1931
1,475
10,2434
6,2780
5,1574
4,2767
8,2884
1,247
1,334
7,2005
10,2091
9,2410
8,2406
1,420
5,1727
1,712
1,568
1,468
6,1689
4,1076
1,10308
2,816
1,237
1,366
7,4631
9,3051
6,2316
5,1619
1,516
7,2445
1,416
1,452
6,1592
2,853
6,2092
1,647
10,3397
1,251
1,298
6,2615
10,2721
10,2884
3,1148
1,342
7,2776
5,1991
2,606
7,1438
4,1460
8,2005
1,576
6,2030
1,243
8,2468
8,2025
4,1301
2,650
2,676
1,300
8,2457
1,374
7,1939
10,2024
3,1061
10,2937
1,529
5,1955
1,244
10,2488
5,1102
2,671
4,1317
4,1443
1,252
4,5610
3,1128
8,2208
10,2007
5,1532
4,8918
1,562
3,1333
4,1744
6,1409
3,947
4,1514
2,656
1,481
1,255
5,5089
2,709
6,2217
9,2227
7,2704
6,13041
1,712
2,653
2,772
9,2064
3,988
5,1775
10,3297
10,3302
9,2406
6,2214
9,20458
8,2781
4,1307
10,3573
8,27387
1,530
4,1003
5,1418
10,2174
4,1427
2,502
6,1417
6,1329
10,3322
5,2027
7,89911
10,2942
3,1141
6,4783
10,30617
1,637
10,3080
6,2049
10,2455
8,1909
6,2119
8,2797
8,2294
8,2624
3,1149
1,51891
8,1965
5,1695
10,4095
5,17636
1,561
8,2984
10,2156
2,535
1,472
10,2010
10,3313
10,2800
10,3296
1,426
1,532
3,1163
2,815
3,1152
1,667
6,2289
1,248
10,3488
10,3432
10,2632
10,2146
6,2941
10,2637
10,2412
1,615
6,2135
2,618
4,1005
5,1844
1,885
1,577
6,1476
8,2767
1,460
6,1781
6,1956
8,2990
10,2073
10,2408
3,9653
8,14178
4,1599
6,1643
7,5432
1,27432
1,444
4,926
4,1881
4,1521
6,2295
10,12157
10,5604
9,2889
10,3248
1,346
1,8913
2,792
10,2305
10,30671
1,560
2,979
10,2235
5,1917
5,1593
10,2254
8,7172
4,7030
4,1044
2,476
1,602
4,4023
10,2612
10,3718
10,9361
1,514
4,2037
10,2320
6,31419
6,1845
2,550
5,11123
1,616
10,2643
2,975
4,1330
6,2429
8,2086
6,2096
1,533
1,973
4,2141
2,587
2,773
10,2340
9,2150
4,1428
1,545
2,543
4,1300
8,2904
3,1036
1,550
5,1874
1,625
1,569
6,46301
9,1874
1,622
10,2271
10,2968
1,508
1,587
1,580
6,1473
5,1961
1,7782
10,2952
4,1364
1,571
2,971
7,2243
10,2194
6,2130
10,3871
10,3036
1,556
1,649
1,316
5,1471
6,5548
3,7943
4,1585
10,6493
1,661
6,2663
1,529
4,864
1,535
6,14326
4,1189
1,534
1,647
1,360
4,1207
9,3266
2,1655
8,2851
8,5926
1,699
1,390
5,1609
6,2138
6,2231
10,10155
4,1196
1,428
1,533
1,362
6,1550
6,37773
3,81264
10,2877
1,451
1,612
1,420
3,978
1,450
4,1646
4,2784
1,464
1,473
1,22678
1,450
10,2226
1,518
1,2097
2,629
1,475
1,641
8,3087
3,1013
1,345
4,1455
5,11044
1,449
6,22818
1,643
4,1457
10,2076
3,15686
1,503
9,2190
1,494
1,693
4,1559
1,338
1,246
4,1517
1,616
1,1100
1,14671
1,715
1,399
5,2196
1,353
1,554
10,3040
1,522
1,672
1,608
6,2007
1,242
1,485
1,537
1,366
1,477
1,560
1,360
6,9789
3,7362
4,1705
1,356
3,1219
1,518
1,498
8,2912
1,240
2,759
1,823
1,474
1,385
6,1970
1,293
10,3324
2,862
1,474
6,1521
1,480
2,939
6,3135
2,649
1,240
9,24105
1,591
1,265
1,452
2,815
1,340
10,3211
4,1428
1,588
1,280
1,467
8,2331
7,2508
3,32795
1,293
7,29500
1,488
1,274
1,513
2,892
1,395
4,8902
1,400
4,1501
2,534
1,618
8,3237
6,5752
1,343
1,285
8,37999
1,1606
1,350
2,685
6,1989
5,1613
1,660
1,590
7,2798
1,370
1,625
8,2537
4,1674
7,2207
1,252
5,1540
1,23485
1,316
4,8405
3,9150
6,1649
1,582
1,590
2,995
1,437
1,492
6,3588
9,12744
3,72609
1,257
1,338
5,1521
1,289
2,783
6,1961
2,2424
1,640
1,507
4,1699
1,257
1,358
10,3113
5,8677
6,1962
1,233
3,1287
1,389
10,2348
1,330
4,1247
6,1382
1,608
7,2727
4,1600
1,297
1,505
8,2587
4,1480
7,46449
9,2193
5,7585
1,444
5,1413
3,1164
7,29871
10,2099
1,660
1,438
3,1121
1,264
2,2627
2,860
3,1025
3,1281
5,1480
3,2435
1,520
6,1376
7,2495
6,1896
8,2696
1,658
2,814
3,1162
1,321
6,1936
2,918
1,674
4,1521
4,1394
7,72814
2,807
10,2076
7,2320
8,2741
5,1926
1,535
1,28385
5,1761
1,416
7,2460
2,776
1,560
1,392
10,2120
1,2762
2,745
10,2129
7,9694
1,406
10,2978
1,554
1,1153
3,948
1,361
7,2373
4,1328
2,898
2,746
10,2025
1,2619
6,1935
10,3459
6,2041
8,2523
4,1443
1,603
1,584
8,7689
5,1619
5,7235
10,3054
2,1655
2,835
5,1714
1,5926
2,5272
4,1445
8,2670
8,59565
1,589
1,438
1,445
7,2477
2,754
6,15352
4,1019
1,1190
9,36408
6,2115
1,1923
4,1312
5,1806
3,1286
4,1437
2,807
7,2164
1,346
6,2106
4,1269
6,19783
8,2972
9,7364
7,49281
10,12032
1,1142
5,1687
6,11926
3,1008
4,1447
2,923
1,526
1,386
3,1358
6,1441
9,2984
10,3554
8,10876
4,1496
1,570
1,576
5,1374
1,599
6,18623
3,1076
4,1422
2,737
7,2629
6,1983
10,2954
4,3371
10,11731
7,12267
1,390
2,836
2,946
3,1095
1,451
1,696
2,648
6,12589
2,735
3,1236
1,418
5,6693
2,1182
10,2136
3,1132
1,723
2,1753
7,3241
8,3442
2,759
2,1454
1,328
7,2686
6,2117
3,1916
3,1127
6,2163
4,1327
10,2075
6,23927
1,465
4,1725
1,4770
8,2785
4,1593
3,916
1,360
4,1682
4,1358
4,9365
2,621
10,2898
3,1074
2,836
1,411
5,1695
6,2277
1,410
4,1351
7,2518
1,347
3,943
6,2172
3,1225
7,2417
1,310
8,3000
3,1077
6,2032
1,355
7,2680
1,637
1,436
3,4654
6,2078
8,2662
2,659
7,9168
3,1020
8,2627
5,1826
4,1392
1,445
10,3385
2,669
2,654
1,624
6,12204
5,1639
8,2763
6,2155
2,595
7,2521
6,2089
5,7300
1,366
2,934
1,583
1,419
4,1805
1,476
1,493
9,4851
5,1798
1,518
6,2383
1,357
8,2803
8,8181
5,1910
7,2118
1,461
2,843
1,252
5,4869
1,522
1,376
1,4425
1,447
7,2122
9,3094
8,4475
1,409
4,1386
2,890
7,24764
8,4951
8,2742
1,356
4,29595
1,569
1,385
1,621
1,439
6,10619
3,1122
9,6957
4,1321
8,5038
6,12675
1,1503
2,2767
6,2063
1,270
1,558
1,470
1,470
3,966
1,460
3,1159
4,1362
7,7638
1,637
6,2170
7,9786
1,469
4,1637
6,1988
1,349
2,892
1,455
5,1897
1,331
2,785
4,1383
3,1050
2,6223
1,647
5,2039
3,959
1,689
6,9188
4,1345
1,582
2,781
1,497
5,1542
6,21167
8,5300
1,423
2,1136
1,487
5,3238
1,497
2,808
2,778
6,2008
9,13642
1,403
1,355
1,494
3,977
3,2073
9,2669
9,3127
4,2571
5,1715
1,620
1,500
5,1959
1,430
1,328
1,435
1,393
7,2201
7,3147
1,331
3,3704
6,1912
3,1239
1,363
1,446
1,592
1,558
7,2220
1,559
1,495
3,1157
1,450
1,344
1,476
5,1599
4,1603
4,1647
1,378
1,458
1,744
3,1456
2,882
2,835
10,3428
8,2701
3,1117
1,258
7,2381
1,388
4,1424
4,1489
6,4747
3,1072
1,475
7,2795
1,487
7,2341
3,1239
4,1534
4,1331
2,1181
2,639
1,333
4,1331
6,1842
7,2623
3,949
8,16496
5,1601
1,492
3,1287
2,887
4,1459
1,335
7,2254
4,1587
2,519
1,521
4,3006
3,930
2,974
1,645
6,16337
1,460
1,533
5,1705
6,3413
8,3086
3,1371
1,371
1,441
4,1678
1,391
3,1207
6,1839
1,708
4,3388
1,2997
7,3465
2,827
1,338
6,2790
2,867
1,373
4,1211
1,467
6,1779
4,1538
3,1212
1,330
6,2409
1,368
1,2949
1,1742
1,382
1,496
9,2975
3,1007
2,825
6,10003
1,377
8,2157
7,6715
8,3061
1,315
7,2657
2,4725
2,1563
2,881
3,5813
1,487
4,1668
4,1337
3,1146
1,398
1,386
10,2766
1,514
7,6469
1,396
3,1298
3,955
1,562
7,1985
1,387
1,426
3,1309
8,3065
4,1527
1,493
1,422
8,2549
3,1166
6,2284
1,389
7,2607
1,380
1,475
1,469
1,605
1,427
3,1208
10,3390
8,2528
1,564
7,2508
10,3263
1,361
6,2101
1,419
4,7622
1,12261
1,400
1,427
1,603
1,449
3,11889
1,331
7,3740
5,3722
1,346
6,2372
4,1404
6,2478
7,15037
3,1020
4,3479
1,358
1,510
1,522
1,463
4,10916
7,8949
8,3244
1,355
2,1183
4,1561
3,937
2,778
2,671
7,2659
1,278
2,732
1,382
2,696
2,614
1,9539
1,584
7,2515
1,501
5,20187
1,542
3,1382
3,1229
8,9624
5,1721
4,1766
2,690
1,362
1,335
3,885
1,5129
7,2559
6,2569
1,397
1,605
5,2066
1,470
7,2488
8,3116
4,1571
2,1072
1,476
1,428
4,1529
3,1012
1,592
1,363
1,526
1,468
2,5994
1,568
1,603
4,1750
6,2008
3,1203
1,3108
1,584
4,1748
7,4805
6,2039
1,433
8,2999
1,585
3,918
1,386
4,1555
5,8145
3,1204
1,349
6,1897
7,6512
1,478
4,2056
4,1524
6,3314
1,459
6,5256
1,508
2,654
1,438
6,6542
7,11319
3,1114
8,2445
1,415
1,399
6,1961
1,410
5,14698
9,3259
5,1854
1,354
7,2705
1,306
1,515
2,6763
6,2235
2,835
2,845
7,2312
1,420
9,2842
2,837
8,2574
4,2276
1,357
1,661
7,2746
5,1516
1,852
6,2091
6,2114
3,1254
6,2064
3,923
1,312
6,5421
1,351
3,960
7,2772
7,6934
1,501
5,1969
1,1440
4,1372
3,1013
3,963
3,1198
2,829
1,539
1,306
4,1358
3,1236
5,1587
3,1388
1,13652
1,441
7,1782
4,6242
7,12748
4,2346
7,2292
4,1534
2,723
1,512
1,328
3,1219
7,3504
3,9239
1,743
2,970
1,454
9,3544
2,627
4,1319
1,545
5,1725
7,2167
4,1398
5,2507
1,441
1,453
3,1715
6,2087
4,3171
1,538
1,577
10,3837
8,2805
4,2433
6,1944
7,2328
2,625
4,1288
1,371
2,738
4,1800
8,2669
6,2467
5,3194
5,1598
1,552
9,2966
6,17331
3,1103
4,1447
2,788
2,666
3,934
7,6834
4,3922
4,1395
6,2351
2,843
2,1178
1,518
1,629
5,7409
4,1402
3,10014
8,3082
3,1480
8,2478
3,999
1,540
3,1034
2,926
8,5704
4,1488
1,900
1,485
1,592
2,661
4,1389
7,6357
1,377
3,968
7,2499
7,2267
1,518
7,8411
2,5845
2,825
2,739
4,1258
4,1808
5,1847
3,1099
3,1082
5,1906
5,1536
2,2296
10,3642
7,5742
1,602
7,2499
4,1539
6,2860
5,1767
1,659
1,389
7,2453
5,1817
1,1350
6,2551
6,1929
2,890
6,2136
5,8291
1,467
7,33934
7,2521
5,6144
7,2455
7,2398
1,361
7,2482
3,1133
9,7728
6,10183
1,330
4,1532
8,2004
1,463
1,519
6,25993
4,1557
7,2461
2,824
4,1283
7,2407
10,3720
1,431
2,2988
5,1590
4,1429
8,2880
8,2785
4,1380
1,501
3,1174
3,1285
2,921
6,2168
3,1030
3,2743
9,4156
1,407
5,1712
3,959
1,407
7,2371
1,771
3,1034
5,1885
6,2195
7,2278
3,1471
2,690
7,2666
3,1142
5,7327
1,706
7,2438
4,1353
1,358
7,2621
1,371
4,2826
3,3870
5,2357
3,1089
4,1603
3,951
5,1629
7,2249
9,3623
1,493
2,1076
7,6707
9,35100
10,4737
1,399
3,1489
4,1812
3,1156
3,989
2,1037
4,1465
3,7710
5,4709
5,1942
1,427
3,1325
5,8579
1,376
8,2662
1,386
3,1168
2,913
3,998
5,1607
3,861
2,813
8,2444
7,20450
3,1165
5,1207
1,593
2,822
1,322
6,2194
1,376
7,2272
3,1187
7,9078
7,13742
4,1483
3,970
6,2080
3,1123
3,1169
1,253
4,1665
3,1241
1,473
8,3184
1,388
5,1600
9,2600
7,1921
3,1097
8,2083
8,2819
5,2011
6,1943
5,1866
1,272
1,395
2,651
1,335
1,562
1,673
7,17695
7,2631
2,815
1,353
3,1669
4,1479
1,385
3,1155
10,2757
1,302
4,3296
2,695
1,409
1,502
1,723
6,2092
10,3223
3,1250
6,1909
7,2702
8,2511
1,582
4,1409
2,1321
1,293
7,6545
3,1063
1,415
1,457
1,762
3,1354
6,2289
4,1260
3,962
10,3826
7,2368
1,469
3,1065
6,1769
1,247
4,20559
4,1386
1,368
1,483
1,402
6,2910
8,2752
2,842
5,1596
8,3010
1,357
6,4714
7,2336
10,2602
2,789
3,1056
2,560
1,342
1,471
1,658
7,2495
1,544
2,702
3,4665
6,1932
8,2755
1,513
7,18424
1,980
6,1561
7,8622
8,3171
2,927
1,478
1,456
3,1210
7,7914
4,1278
2,671
7,2333
1,420
3,998
3,1245
10,4243
10,2124
5,1664
7,2538
1,1710
1,390
1,640
4,5128
7,2505
3,1448
1,334
1,871
6,2107
7,9754
3,1327
10,3433
10,3451
1,647
10,3808
2,832
1,580
1,549
1,301
1,515
8,2142
1,419
1,622
10,4639
1,1387
4,1528
8,2224
10,3208
7,2334
8,2780
8,3028
1,474
7,2610
1,563
5,2035
7,2544
6,33919
1,403
1,498
2,2449
3,850
4,1718
8,2794
6,2580
6,2137
4,1488
1,554
7,1585
1,542
3,1177
10,3377
1,402
1,406
1,477
1,548
2,1272
9,3422
10,4440
6,2399
7,1512
7,2288
1,399
5,1787
1,587
7,2482
6,2103
5,1930
1,451
1,545
5,1817
2,761
1,419
4,950
5,1756
8,4534
9,5341
10,3155
9,3071
5,2000
7,2558
7,2201
1,4813
7,2546
1,390
1,360
9,2228
1,417
4,1009
6,2061
1,504
2,795
1,541
9,3197
2,819
5,1880
8,1917
1,497
1,401
1,358
1,421
7,1740
1,330
2,564
7,2325
1,464
1,486
5,1827
10,3383
1,436
10,3871
8,9655
7,2399
1,654
1,388
1,381
10,3644
1,276
10,2107
3,3101
1,269
2,761
7,2535
9,2485
7,3936
9,5313
1,487
1,377
1,460
1,346
4,1269
8,3129
1,502
6,1837
1,488
1,705
5,1978
7,1672
2,2260
1,563
10,4218
1,479
1,456
1,656
1,386
7,6374
6,1998
1,283
10,2669
1,1557
1,421
8,3264
10,9583
3,1156
1,418
5,2378
1,469
1,408
1,484
10,3568
1,536
7,2448
1,278
6,1352
5,2708
1,442
2,897
5,5691
2,816
1,424
3,1441
1,399
1,604
1,462
1,534
3,883
1,339
1,311
9,2157
1,452
1,326
2,1124
9,4570
5,1890
1,514
3,1292
1,424
8,2114
1,299
1,495
4,1500
8,2845
1,344
10,2256
1,369
1,514
1,2069
5,2453
8,2291
1,520
1,624
1,447
3,1177
9,2717
5,11919
3,811
1,329
1,293
10,3371
1,460
1,402
7,3514
2,858
6,1566
2,785
5,1383
1,373
2,790
1,350
7,2317
2,723
1,468
2,699
8,2617
1,390
1,387
4,1440
3,1005
1,364
3,1204
1,443
1,511
4,1433
5,1723
7,2036
6,1953
7,2694
10,2818
4,1503
1,548
7,2315
4,1303
5,1469
10,2969
3,1321
1,465
1,469
2,734
7,2369
5,1777
2,684
1,567
6,1721
1,649
1,371
1,359
4,1498
2,839
10,3745
2,850
1,348
1,357
2,1072
7,1518
9,2966
10,2739
1,457
9,2271
1,410
1,358
5,1843
3,1180
6,1435
10,3719
3,973
1,278
5,1626
3,1088
7,2917
9,3237
7,2288
1,446
10,3315
1,291
2,1234
7,2276
3,2590
1,429
10,3388
4,1337
1,351
1,468
7,2369
5,1717
5,1571
7,2333
1,469
10,2162
1,564
3,1234
7,2120
7,5237
10,3210
4,1033
8,2597
1,535
5,1579
10,3255
9,2975
3,1780
8,2720
1,463
8,3057
1,257
4,1787
3,916
5,4361
10,3432
9,2050
8,2931
1,426
7,2256
7,2667
5,1341
3,1196
8,3180
1,537
10,3429
1,246
2,700
10,2287
3,11806
8,3431
1,432
7,2321
1,343
5,1634
8,6835
2,747
5,1736
1,381
1,509
4,1494
1,243
2,913
5,1584
1,551
10,2239
1,291
8,3768
1,425
7,1818
8,26005
3,1066
2,716
7,2399
1,403
1,286
1,237
4,1282
9,2963
6,2128
10,3146
1,333
6,1827
2,813
10,3668
1,511
3,1210
6,1482
1,330
1,375
10,2358
1,368
8,2621
5,1492
1,466
4,918
1,275
7,5058
6,1442
9,3256
1,696
5,1435
1,552
7,2352
1,303
6,1403
1,302
7,2284
3,851
6,1787
9,2025
1,263
1,583
1,349
10,2385
7,3014
2,1093
10,3407
5,1245
1,368
8,2979
1,411
10,3257
3,1121
6,2296
1,573
1,247
1,472
10,3254
5,1568
5,2164
6,2165
10,3082
7,1682
5,1943
1,507
6,1445
8,2571
5,1222
1,500
1,443
1,267
1,1067
10,3481
3,1158
7,2602
10,3628
10,3217
5,1720
3,1165
10,2665
8,1951
8,2644
2,606
7,2880
1,303
1,308
5,1915
10,3732
3,1181
5,1432
1,339
8,2073
10,3155
7,1938
10,3581
10,3188
6,1949
6,1442
1,399
1,796
1,238
7,2698
8,2824
2,628
9,3558
10,8405
10,4095
9,6007
10,3624
4,1515
10,3136
5,1880
1,318
4,1711
1,401
1,329
7,2358
4,1486
6,1905
7,2962
10,5198
4,1214
9,2693
9,3144
10,5501
10,2149
1,590
10,2956
1,359
1,284
4,1061
5,1708
9,3081
1,458
10,3636
8,4236
9,2944
5,2011
10,3467
2,659
4,1522
1,471
10,2840
3,8486
1,293
2,650
10,4384
4,1230
10,2706
10,11388
4,1239
1,419
3,1147
9,5910
9,2050
10,4513
7,2030
8,2807
1,388
1,366
2,684
9,2634
6,1607
10,2775
3,1193
10,2214
1,317
3,1005
5,1755
1,489
2,773
5,1738
10,3199
5,5079
1,295
10,2704
10,3765
2,628
10,3080
5,1426
9,3216
1,255
1,587
2,831
1,438
3,934
7,7097
10,3548
7,2290
1,324
6,1403
9,3166
10,3052
8,2713
2,547
1,389
1,266
1,386
2,676
1,279
4,1457
4,4476
4,980
1,351
4,1310
10,3288
5,1925
7,1646
10,3009
5,1441
1,414
1,295
1,323
6,1882
1,334
10,2397
9,2976
9,2019
1,356
10,2243
6,2277
2,901
10,3295
4,1060
1,373
1,347
1,485
1,389
1,468
1,415
6,1455
10,3416
1,608
1,372
2,734
10,4365
3,1520
10,2873
9,2200
1,582
1,580
1,330
3,1040
10,2435
1,276
7,2450
7,2311
1,342
1,330
10,2536
8,2535
5,1723
10,3726
1,402
3,987
1,747
1,248
1,542
10,3553
1,301
7,4736
5,5883
1,296
1,592
7,1681
8,3149
1,337
8,2530
1,287
1,478
1,316
1,245
5,1906
10,3325
1,312
10,5021
1,427
1,233
3,1408
6,1496
4,1712
1,320
10,7464
1,374
6,1849
10,3522
1,504
1,484
8,2551
1,252
10,2739
1,443
1,264
2,854
10,2994
6,1773
1,276
3,833
1,367
1,328
1,368
4,1448
1,713
10,2942
1,470
6,1221
2,1381
1,420
2,953
8,3647
4,1005
1,242
1,544
1,387
1,344
1,378
10,2379
1,587
4,1498
4,1146
4,1363
3,957
1,415
3,1102
10,12228
8,2090
1,230
1,483
1,686
1,273
1,342
2,843
1,337
9,3152
10,2187
3,1187
6,1651
1,326
4,1371
3,974
3,1152
1,527
1,288
1,420
1,291
1,256
6,1482
1,367
1,438
6,1639
1,357
1,380
1,293
9,3033
6,1973
10,2904
1,350
1,260
1,314
1,444
4,968
9,2103
2,846
1,300
7,1784
1,300
1,595
1,254
10,3312
8,2123
10,3383
1,422
1,279
1,281
1,408
6,1799
10,2427
10,4321
1,318
10,2747
1,249
1,556
4,1066
6,2222
1,604
10,5261
1,393
1,273
1,302
1,348
9,2534
6,1991
10,3623
1,315
6,1510
1,289
1,469
10,2284
8,2596
1,420
10,3143
1,396
1,257
4,1751
2,608
6,1946
10,4875
10,3326
1,292
10,3205
1,329
1,613
10,2144
7,2166
1,473
2,783
2,520
1,252
10,2178
4,1478
10,3263
8,2814
8,3578
1,252
3,962
1,271
1,540
9,2610
8,34367
1,599
7,1946
10,2326
1,318
2,563
1,378
10,2560
4,1024
10,3863
1,254
4,1689
1,379
1,484
6,1580
1,584
1,546
1,446
6,1596
1,319
10,3057
10,2587
10,3037
1,254
10,2420
1,241
10,2484
1,379
3,1192
10,2230
1,547
1,404
1,260
10,3138
6,1443
7,2279
10,2455
1,573
6,1381
4,1437
1,274
8,1826
1,319
1,480
10,3505
1,346
4,1164
1,279
10,2569
8,2340
6,2050
10,3295
4,1267
9,3012
2,561
1,270
8,2551
1,375
5,1561
10,3164
7,2556
1,403
1,288
10,3714
1,346
10,3177
8,2691
6,1384
10,2743
10,2169
10,3094
3,1158
1,432
6,1625
1,387
5,1682
1,455
1,304
8,2664
10,3004
8,2399
9,3074
8,2131
3,698
7,1748
4,888
10,2241
8,2016
10,3378
6,1617
5,1811
1,295
1,323
4,1094
10,3453
10,3217
4,1242
10,2956
10,2890
10,2518
2,636
10,3361
8,1865
1,330
8,2225
7,1655
1,246
1,238
4,1247
10,3555
3,858
10,2310
3,1079
4,1474
6,1514
2,733
2,675
9,1947
10,3229
1,286
10,3321
10,3378
1,293
2,761
4,1326
6,1433
10,2233
10,3443
10,6504
6,1431
10,2126
10,3303
10,3319
10,3571
10,2302
9,2389
10,2667
1,247
2,482
2,805
9,2426
9,2193
4,1406
10,3615
10,2208
9,2950
2,909
10,2154
10,3636
10,3364
9,3031
10,3809
1,317
10,2230
9,2117
10,3058
6,1504
10,4665
1,418
10,2000
6,1697
7,2134
10,7744
4,1512
10,3603
5,1858
10,3228
3,910
7,1768
4,1262
3,1009
10,2232
2,814
1,498
8,2175
8,3088
1,431
2,672
9,2200
4,1369
5,1940
2,716
4,1494
6,2005
6,2257
10,3499
10,3176
10,2891
7,1682
3,966
8,2135
1,239
2,560
9,1896
10,3404
3,1197
10,2830
10,3188
10,2521
4,1338
4,1401
10,3587
7,2053
1,243
4,1486
10,2804
1,416
5,1617
4,982
2,851
1,550
10,2208
6,1965
8,3325
10,2675
10,3163
10,2943
1,533
1,335
1,468
1,439
1,400
3,806
2,525
9,2124
1,555
8,3029
10,3282
8,2843
5,1325
10,7416
1,514
1,371
1,361
1,251
6,1505
1,376
10,2313
10,2068
3,1234
2,768
8,2250
7,1978
10,3510
10,3314
1,434
1,400
1,401
1,275
1,386
8,3380
1,313
7,2394
1,462
1,378
5,1582
10,3261
10,3393
10,3408
10,3638
7,1673
1,318
1,260
1,398
1,300
10,2565
1,313
5,1776
6,1802
1,307
1,351
2,811
6,1748
3,1240
10,4061
1,513
1,274
1,508
1,345
1,350
3,975
1,236
7,2308
10,2732
1,437
1,441
10,4530
4,1870
1,605
6,2629
1,309
1,349
1,531
1,349
1,263
10,3143
1,243
10,3164
10,2793
1,414
1,451
2,635
8,2005
1,392
5,1470
1,438
1,545
1,539
1,383
1,257
4,1245
1,309
10,3592
10,3317
1,460
1,371
5,1827
2,820
1,258
1,436
1,314
1,509
10,2213
1,269
1,270
10,4523
3,817
7,2712
8,2573
1,441
1,400
5,1912
8,1859
1,570
1,380
1,368
9,2253
1,621
3,826
1,339
10,2163
10,2544
3,993
10,3523
1,523
1,319
1,492
4,1228
1,287
1,396
1,419
1,262
1,401
10,2181
1,377
2,531
7,2117
3,984
1,593
1,366
1,449
1,413
10,3214
1,250
1,479
1,413
1,328
1,408
7,1668
6,1376
7,2031
7,1906
1,449
1,434
1,319
5,1538
1,392
10,3649
1,306
1,305
1,387
1,292
3,1138
6,1376
10,2170
1,833
10,3396
1,577
1,254
1,494
1,648
1,349
10,4014
1,255
1,381
1,260
1,271
7,2373
7,1990
10,3457
1,343
7,2417
1,406
1,390
4,1154
2,625
1,306
10,3049
1,319
1,450
1,300
6,1835
6,1963
10,2410
4,1346
1,303
10,3267
1,429
1,366
7,2567
6,1472
1,364
2,580
1,278
1,257
4,1150
1,750
7,1993
10,3942
10,3382
1,342
3,1128
1,297
1,525
10,2506
10,3352
1,348
6,1746
6,1743
1,257
10,2500
10,3098
10,3185
3,880
10,3603
1,248
3,929
1,431
1,515
9,3482
10,2752
1,363
1,452
10,2505
1,367
4,1453
3,1111
10,3249
4,979
10,3726
1,249
10,3347
1,551
1,358
6,2577
10,6679
1,441
1,315
8,2000
8,2074
10,2548
10,3158
3,971
8,1798
4,1332
1,247
6,2292
1,560
1,503
10,2584
8,2392
1,378
1,400
10,2303
8,1793
5,1693
10,3683
4,1031
8,2797
4,1153
1,241
8,2694
1,398
1,499
10,3418
4,951
3,729
1,350
10,2963
3,667
6,1824
4,1485
8,2077
10,2282
10,2824
1,340
3,1420
1,588
8,1877
10,3157
10,2320
7,1892
1,619
4,1581
10,3298
6,1791
7,2042
8,2031
4,1346
5,1775
1,236
10,3439
2,671
10,2263
1,523
4,1086
3,1299
1,450
10,3315
10,3640
10,3093
3,744
10,2488
10,3214
10,2920
10,3240
4,1483
6,2134
3,1267
8,2199
2,739
4,1417
1,346
2,628
2,941
5,1567
10,2511
4,1510
10,3534
6,1935
3,1023
10,3390
8,2623
10,2487
8,1830
2,609
7,1957
1,454
3,850
10,2704
8,2307
10,3624
10,3715
2,1162
6,2089
4,1611
10,3248
8,2632
10,3591
3,682
10,2418
6,2056
1,572
4,1026
2,893
8,2631
7,2067
2,696
10,3372
10,2292
10,2174
2,869
10,3359
10,3439
10,2153
7,2183
5,1165
1,390
10,3280
7,2168
10,2283
7,1668
10,3300
2,907
6,1445
7,2510
1,543
10,3094
2,970
2,1085
10,2982
10,2507
5,1444
5,1476
6,1491
4,1332
10,2056
2,771
1,386
5,1932
7,1906
7,1689
4,1115
7,2304
10,3080
6,1803
10,3630
3,1230
7,1609
4,1118
10,3298
10,2050
10,2343
1,267
4,1079
6,2268
1,472
10,3281
7,2643
10,3338
10,2936
4,996
10,3301
10,3799
3,861
10,3198
10,2640
6,2077
1,261
1,491
10,2200
1,266
2,630
4,1241
10,3476
8,2679
5,1718
7,2466
10,3097
10,3227
2,718
3,1316
1,511
6,1497
1,245
3,1188
1,328
6,2169
4,1010
2,565
8,3591
10,3204
5,1923
6,2308
4,975
10,3142
1,419
1,377
1,277
1,238
8,2718
1,254
1,489
10,2045
7,1553
10,3153
10,2471
10,2266
10,5612
10,3527
2,511
1,431
1,373
1,363
1,264
3,749
1,266
10,2924
3,984
5,1895
3,1099
6,1966
10,3457
5,1588
10,3556
6,1653
1,328
1,620
1,382
1,330
7,1487
1,318
6,1437
6,2400
1,510
1,331
7,2239
7,1981
1,612
7,2513
1,446
1,407
1,390
1,429
1,291
8,2613
1,268
3,704
10,5007
1,370
1,248
3,1084
3,913
1,494
10,3821
1,256
1,338
1,355
1,373
1,266
10,2216
1,358
7,1568
10,3355
1,281
1,400
4,1153
6,2277
1,376
6,1944
1,287
1,588
1,307
1,388
1,273
4,1368
1,318
5,1537
6,2261
1,277
1,280
6,1807
4,1614
1,495
1,544
1,247
8,2541
10,3445
1,351
1,436
10,3417
2,658
5,1634
10,2579
1,274
1,297
6,2417
7,2657
1,420
1,351
1,362
1,304
1,433
6,1496
1,481
2,735
10,3293
4,1775
1,445
1,352
1,471
10,3880
4,1566
1,270
1,449
1,326
1,357
1,275
10,2126
8,2765
10,4332
5,1871
7,2828
1,285
1,253
1,251
10,4105
10,3721
1,251
1,494
1,363
1,387
1,321
7,1822
10,2696
10,3469
7,1652
10,3696
1,385
1,274
1,328
8,2030
10,3973
1,236
1,529
1,414
1,320
5,1713
7,1658
1,359
2,748
10,3337
5,2225
1,519
1,329
1,633
4,1631
10,3001
1,249
1,490
1,452
8,2170
7,1753
10,3181
10,2192
6,2021
8,2779
4,1537
1,425
1,389
1,348
10,2977
10,2925
1,267
1,376
1,356
2,747
7,2695
4,953
10,3338
1,412
10,3551
9,3407
1,328
6,2050
6,1334
4,1570
3,828
10,2685
1,491
6,1321
4,1040
5,1738
10,2823
2,646
1,813
5,2092
10,2596
1,285
5,1327
7,1776
10,3530
6,2427
8,1992
1,469
10,2083
10,2977
10,2684
3,1081
10,3250
1,509
3,1800
3,1310
1,266
10,2061
10,3033
10,2677
1,542
8,2097
1,640
3,799
10,2833
10,3580
3,1339
9,3017
1,275
3,1309
5,2226
1,440
8,3652
10,3302
2,678
1,514
10,2950
6,2073
10,2133
10,2963
3,938
3,1099
6,1614
1,385
5,2317
1,537
1,395
4,881
4,1488
6,2274
1,476
10,2205
8,2261
4,921
2,971
3,898
6,17837
3,885
1,479
10,3413
1,534
8,1704
10,2430
10,3674
1,501
1,331
2,798
3,965
4,1168
6,1797
6,2328
8,2506
10,2698
1,412
5,2053
1,734
10,2313
10,2469
3,790
1,429
1,457
10,3448
10,3386
7,2404
6,1394
1,558
7,2623
4,967
1,291
5,1834
1,396
4,1577
10,2838
10,2551
1,546
1,651
2,582
10,3311
10,2427
10,2690
8,2851
5,3100
10,2183
1,381
7,2020
1,382
10,2403
2,776
3,880
1,322
1,375
5,2377
4,1720
3,1106
10,3333
10,3178
5,4175
7,1620
1,318
5,2105
1,526
10,3007
6,1600
4,981
1,325
1,451
3,931
10,3256
5,1632
7,2556
4,1812
4,1344
4,1468
10,3212
6,2223
1,463
10,2056
8,2468
10,2854
1,554
1,397
10,2617
2,589
6,1951
4,1526
10,3645
10,5420
7,2318
5,1199
2,973
1,440
2,891
4,1000
5,1526
1,491
1,374
4,1034
7,1769
5,2089
10,2651
4,1417
10,3711
10,2908
3,864
6,1601
1,320
6,2019
10,3489
10,3184
1,495
6,2095
5,1205
10,3661
7,2401
10,2582
10,3497
10,3453
6,1438
5,1650
4,1424
3,1209
3,1044
10,3248
7,2544
1,313
2,718
10,3120
2,903
6,1805
10,2548
2,797
4,1175
3,1049
10,3174
10,3640
1,406
7,1519
4,1287
10,3319
1,309
10,2271
7,2479
10,3382
8,2626
3,933
9,2563
10,3384
1,431
7,2438
4,1462
6,2309
7,2548
10,3454
6,2563
6,2267
7,1792
10,3829
2,554
4,1373
1,521
6,1747
2,717
1,254
5,1930
10,3693
6,2647
6,1986
10,2782
10,3319
10,2590
10,3222
10,3995
10,5977
10,3192
1,249
1,436
1,469
1,382
7,2949
8,3262
7,2139
3,765
2,657
5,1470
2,865
4,850
6,1939
10,6943
10,2641
1,371
1,648
1,384
1,350
5,2009
4,1542
10,3681
10,2206
6,1577
1,388
10,3205
10,3488
1,499
10,2543
10,3049
1,294
1,435
1,346
1,400
10,2636
6,1994
10,3770
5,1116
5,1808
1,616
2,929
8,2612
1,503
8,2751
4,1377
1,357
1,600
6,1470
1,355
3,9474
1,429
4,1888
3,828
1,453
1,266
4,1554
3,1182
1,593
8,2273
10,2450
8,2201
1,389
1,253
1,265
6,3591
1,592
10,4011
10,2781
1,267
1,436
10,2440
7,2445
1,431
1,757
2,534
1,324
1,363
1,307
1,373
8,3437
1,395
4,1654
4,1058
1,340
1,604
10,2821
6,2131
1,691
1,601
6,1969
1,475
1,398
1,517
1,507
4,1381
1,431
2,1115
10,3181
1,308
1,501
8,8758
7,2900
1,674
1,504
1,516
1,531
1,423
1,399
1,765
10,19045
1,395
1,761
7,1898
1,348
1,463
8,2684
3,5421
1,469
1,482
1,558
1,386
10,3166
1,480
6,2301
10,2826
1,464
2,3134
5,1682
1,455
1,390
10,3062
5,1578
1,453
1,410
1,391
1,454
1,262
1,353
10,3278
10,2548
1,725
1,1675
10,3254
1,365
1,537
10,3290
5,13342
1,647
1,339
1,390
6,1742
1,627
1,346
3,1188
4,950
1,551
2,1205
1,308
1,442
1,260
10,2769
4,1489
6,2248
1,447
1,408
2,796
6,1847
10,3392
5,1426
2,916
1,680
5,2200
1,305
1,264
8,1759
7,2379
3,1034
1,464
1,443
1,369
4,1435
5,1229
10,7186
5,1533
10,4941
1,579
5,41530
1,466
1,284
6,1887
2,684
1,483
10,4070
1,295
1,2387
10,3155
6,1862
6,1868
7,2280
6,1682
2,903
8,37356
1,654
10,2204
1,568
6,2211
4,1480
7,3339
1,399
1,321
10,3135
4,1322
5,2413
2,574
1,457
2,639
7,38389
1,424
5,1474
10,3325
6,1647
6,2132
10,3506
2,799
1,309
10,6785
10,2731
7,2925
10,3570
1,581
5,1879
5,1807
1,397
10,3288
10,4739
10,3573
10,3809
10,3518
7,2533
1,315
4,1967
10,3330
10,3653
4,1814
1,632
1,413
8,2691
1,574
5,1807
10,3282
10,4067
10,7655
4,1277
5,1351
10,2376
6,1734
5,2010
10,3366
10,3013
1,478
1,402
9,3295
1,490
10,3232
2,1084
3,1144
10,4166
10,2832
4,1360
10,2222
10,2367
4,1578
4,1345
10,3291
1,385
5,1800
8,2369
1,410
10,3261
4,1190
10,3332
9,2961
3,929
10,3602
2,628
10,2230
6,2266
5,1529
8,2721
1,363
7,2330
9,3516
1,479
10,3419
9,2203
8,2703
6,1888
6,2269
10,3532
5,1145
10,3129
2,965
3,1255
10,3117
1,273
8,2811
5,1790
8,14869
5,1691
5,1500
4,1505
4,1091
2,787
3,910
10,2212
5,1865
6,10472
6,2229
2,936
1,293
8,3293
3,1120
10,7839
7,2600
3,1098
4,1424
1,548
10,2385
8,2575
2,596
10,2956
10,3597
6,1953
6,1407
1,374
5,1706
1,480
4,2779
2,935
10,2721
1,530
1,647
2,469
5,1523
8,3034
10,2966
6,6284
10,3917
10,2484
1,284
9,9258
1,434
10,2745
6,2317
4,1036
1,514
1,622
4,1601
6,2038
5,1646
10,3178
10,3722
10,3735
2,956
10,3339
9,3598
1,559
10,3361
6,2222
10,2866
1,556
1,407
10,2696
5,1876
10,3191
5,2967
4,1679
6,10444
10,3675
6,1536
3,1194
1,511
10,2541
10,3759
5,1191
1,414
1,364
10,2985
5,1810
8,2224
1,559
10,3619
10,5694
7,2563
1,546
5,1777
1,543
2,812
10,3351
10,2693
1,484
1,333
10,3389
1,644
7,1622
1,415
3,1270
4,1753
8,1865
5,1612
9,2673
1,923
6,1431
10,3092
7,1875
1,437
1,281
8,2661
2,792
1,494
1,371
5,2049
10,3494
10,4485
10,2222
1,505
1,649
5,1400
3,652
10,3321
1,379
1,616
8,2342
1,355
6,1736
1,345
7,2529
4,1267
4,1354
5,1308
8,3088
1,421
10,3859
8,2668
1,487
1,401
1,616
1,627
5,1603
10,5132
6,1771
5,1837
1,492
8,3092
4,1436
10,2394
1,535
2,1208
4,1463
6,2058
1,451
2,665
1,407
4,1584
10,3427
1,353
5,2144
1,672
3,1444
9,2940
4,1211
1,631
5,1524
4,1847
1,402
1,265
1,544
1,466
9,15472
10,17460
1,424
4,1900
4,1466
1,503
5,1840
1,722
4,1596
10,2886
2,769
1,440
2,766
1,605
1,532
9,9452
6,18025
1,388
8,3169
1,423
1,465
10,2660
10,3444
1,464
5,1675
1,663
1,357
9,3168
1,591
1,523
5,15089
3,1190
1,509
5,2030
1,652
1,421
5,1256
9,2891
8,3205
10,3316
1,440
1,561
5,1823
2,1082
1,305
8,9360
9,2568
1,538
4,1661
1,598
1,519
6,2091
10,3176
6,2125
10,2585
1,507
1,407
2,642
2,764
1,457
10,9288
4,1148
1,382
1,509
2,644
1,613
1,418
2,850
9,7573
8,2233
1,442
1,325
1,388
5,1729
1,423
6,2142
4,2075
6,1914
1,382
1,674
1,498
6,1594
1,424
9,8232
5,1768
1,294
1,349
4,1503
5,1578
1,262
1,622
1,690
4,1520
5,1765
1,533
1,542
6,2092
1,378
10,3994
10,3995
1,365
1,717
8,2661
8,2506
1,307
1,511
1,663
6,2111
1,577
1,395
1,400
10,2564
6,2033
10,4478
1,532
1,575
1,334
1,487
8,2895
6,1561
1,558
1,507
10,3329
1,365
1,385
1,341
10,3262
1,16650
2,913
1,394
1,487
6,2255
10,3472
8,2641
10,3147
1,561
1,512
10,3303
1,508
1,326
1,352
10,3170
1,609
1,682
1,267
6,2020
7,2157
5,1595
5,1579
4,1438
1,415
1,520
10,3555
1,432
5,1764
7,2700
4,5569
1,443
3,851
1,271
1,422
2,885
8,3402
9,3140
10,3551
1,619
1,681
4,6205
1,383
1,543
10,3365
9,2678
1,473
5,1825
1,314
8,2541
10,2893
9,6354
9,3501
10,3468
1,536
1,448
4,1645
1,471
1,383
2,965
4,1369
1,570
1,377
1,391
1,338
10,4216
6,2002
5,2437
10,3946
1,565
1,284
5,1766
2,820
8,2468
3,980
4,1733
1,508
2,823
1,776
2,597
4,1558
2,903
2,979
4,1320
1,595
1,397
2,843
1,398
2,999
10,13541
1,900
1,490
5,1466
1,454
5,1625
10,3363
8,1751
8,20373
6,2157
1,563
1,892
1,435
1,384
7,2422
3,1110
1,603
1,509
1,547
1,466
1,418
3,1039
4,1109
5,1872
3,1303
2,835
4,1526
5,2466
1,487
6,2098
10,4408
1,455
1,522
6,2354
1,390
7,2607
8,2884
9,2966
4,1152
7,1984
5,1936
5,4472
7,2565
2,800
5,1777
8,2700
1,492
5,1825
7,2490
2,811
4,1444
5,1769
10,6716
10,6929
4,1932
4,1154
10,3265
10,2933
1,473
8,2929
7,2592
1,571
6,2065
10,4184
6,2014
10,3579
3,1037
8,2591
10,14475
5,1038
10,3188
2,591
3,1098
5,8659
9,2732
5,1751
1,485
1,352
5,1810
10,3236
9,7474
7,2287
10,2222
9,2745
6,1370
10,3818
5,2176
7,2330
7,2880
9,2550
2,719
1,469
2,898
9,3024
6,1435
5,9024
5,1582
10,2252
10,2876
5,4800
8,2571
2,731
2,687
5,1872
3,1141
1,338
1,436
6,2132
8,2855
10,2340
8,12493
6,2282
2,949
6,2124
2,613
10,6243
5,1941
5,1654
8,2582
4,1503
1,368
1,370
10,3527
5,5090
8,2590
3,1219
2,1142
6,1960
1,595
2,822
5,1838
8,3246
6,1904
9,3177
1,590
2,780
1,637
9,3305
4,1492
10,7297
2,808
6,2545
1,490
5,20984
2,804
6,2224
5,1877
5,1664
9,5465
8,1962
5,3819
2,760
5,1742
1,4423
4,975
5,1902
10,3623
1,462
1,1159
1,330
5,1804
8,2240
4,1433
8,5808
4,1560
4,1535
1,614
4,1461
9,2965
4,1061
4,1190
2,951
1,649
1,482
1,616
3,967
6,2095
5,16152
3,1133
9,3246
5,1636
2,925
8,2746
1,338
7,2795
10,3943
10,4670
1,479
1,481
5,1813
5,1948
10,13425
9,3030
5,1528
10,3898
5,5690
9,3186
4,1395
1,400
6,2235
9,3203
4,1775
1,533
1,454
4,1574
2,875
2,832
5,8614
1,621
10,3536
8,2775
2,787
9,2919
1,614
1,803
10,3754
10,3612
1,443
1,655
8,3115
5,1841
8,2921
8,2718
8,2277
10,3473
8,3801
5,1035
10,2952
1,409
2,1034
10,3463
8,3470
1,440
1,395
9,3026
4,1712
4,1504
10,2615
4,1522
9,5810
9,11985
7,2430
1,524
1,384
5,3582
8,2621
10,4347
1,519
1,431
8,5297
7,2670
9,2860
8,6979
10,3728
2,942
6,1798
8,2939
7,2557
1,452
1,594
5,1943
4,1616
1,432
1,385
8,2334
6,2630
10,8465
3,1087
9,8684
1,373
5,5587
8,2755
10,5348
1,383
2,772
1,491
1,365
1,423
1,451
9,5526
5,2998
8,2722
1,455
10,4376
6,2497
9,4641
8,2792
5,1500
1,425
3,995
6,2240
1,264
1,459
1,341
5,1789
8,2888
10,5081
1,394
10,3788
1,591
1,389
5,1921
10,10783
5,1693
4,1428
4,1767
1,727
3,835
3,952
9,2836
1,627
10,18575
1,553
9,12797
1,540
5,1886
10,3333
9,9253
1,452
8,2627
1,364
8,2428
5,1880
1,3789
6,2126
5,2579
2,827
1,1611
2,777
1,673
1,346
3,1462
10,3718
1,724
5,2789
1,516
1,465
2,1403
5,2987
1,510
2,868
6,1410
1,518
6,3780
1,600
1,441
1,579
1,518
2,720
8,2706
1,449
1,384
10,3305
2,739
1,420
6,1772
1,461
8,2094
1,521
1,862
1,512
8,2739
3,957
5,1661
9,3170
1,369
1,462
1,351
4,1288
1,513
1,471
1,620
1,431
1,17840
1,621
1,466
3,1000
1,373
10,5614
9,3303
1,319
1,857
6,2151
1,457
1,479
6,1474
1,2314
1,424
5,1369
1,614
1,512
10,3474
1,301
9,6185
8,21763
1,457
1,543
7,10721
10,3393
1,514
9,3509
1,507
1,714
1,456
1,594
1,442
9,3061
1,336
10,3599
1,446
1,346
1,539
10,3401
7,2787
1,557
8,2959
1,438
1,387
1,407
1,481
1,555
10,3956
1,347
10,3533
1,579
1,323
1,414
5,1923
9,3139
1,465
10,3106
1,468
1,513
1,314
1,554
1,681
8,10829
1,20966
8,2553
1,560
1,259
6,2084
8,2656
5,1885
1,543
5,8492
1,433
1,4289
1,356
1,577
1,474
10,3471
5,18388
8,2680
1,707
1,285
4,1654
4,1643
8,2729
10,2949
4,2467
1,421
2,753
1,293
5,1807
2,867
2,863
1,546
4,1137
2,929
4,1409
3,1329
9,3167
6,9345
1,268
4,1219
1,370
4,1461
1,390
1,485
10,3490
7,2316
1,857
3,1110
1,363
6,2047
10,4235
4,1220
9,2874
1,328
9,7515
1,337
10,3506
1,304
4,1458
10,2222
2,719
1,592
10,3430
1,346
5,3333
10,3595
2,987
4,1402
1,453
1,873
1,626
9,3727
1,255
2,706
4,843
1,521
1,651
9,3010
1,354
2,771
4,1903
10,3424
6,1588
1,375
1,572
10,2243
9,2883
1,264
6,2064
10,5409
1,751
3,1316
9,2173
1,417
1,348
10,8751
5,1817
2,860
5,1352
1,464
5,1611
10,3216
3,789
9,3100
9,2858
1,428
8,3870
10,3093
1,433
6,2139
6,3202
10,3628
6,1393
9,2948
1,569
5,1894
6,1649
1,365
10,3190
8,2454
1,830
9,6598
10,2341
1,491
6,1837
7,2046
10,3597
5,1250
9,3039
1,725
1,536
1,411
2,697
5,1924
6,2207
2,887
10,3295
6,2376
8,2489
10,3184
2,843
6,2163
10,8025
10,3362
1,348
6,2155
5,2451
6,7243
9,3238
1,644
1,382
9,3093
2,726
8,1859
5,1802
2,4284
8,3098
10,3451
10,7355
1,282
6,2060
5,3682
5,5857
6,2071
5,1265
1,587
10,3096
7,5494
4,1340
8,2741
1,377
10,3134
10,3381
5,2048
1,336
5,1743
2,707
6,4268
4,1600
1,386
1,629
10,2574
1,425
10,3350
4,1486
1,351
5,1877
8,2860
1,1068
1,489
5,1905
1,590
10,3307
8,10689
2,816
1,511
1,551
1,525
10,4199
9,3186
2,799
1,568
4,997
1,5350
1,327
10,3554
6,2124
7,2696
1,631
4,1418
1,345
2,1322
1,471
10,3478
2,905
5,1630
1,337
5,1415
3,21410
4,1114
4,1884
6,2263
9,2175
2,675
5,1604
1,337
7,3785
1,388
2,755
4,1343
4,1322
1,473
1,1096
4,4650
2,791
4,1568
10,3591
8,2888
10,2611
1,419
3,1234
1,6089
1,351
2,699
6,1732
8,3183
1,572
1,582
5,1808
5,1675
9,3194
5,1341
4,6422
10,3230
5,1721
8,2848
10,2545
1,487
6,2042
5,2034
5,1738
1,623
1,504
2,626
5,1848
4,1273
10,29019
4,1001
5,2108
5,1375
5,1838
2,602
1,341
6,2174
10,3688
1,8898
1,411
1,339
1,311
10,3416
2,620
8,27118
1,604
9,3370
10,2153
1,526
10,2741
1,290
5,1937
10,8297
8,19766
1,366
1,518
5,1961
6,2163
10,3400
4,24630
2,913
10,6205
9,2301
6,2105
8,3006
1,334
2,800
6,2249
9,22058
1,386
1,254
7,4692
10,3127
5,1881
4,11869
10,3775
8,2943
8,2550
6,1988
10,3238
1,398
1,325
8,2831
6,1984
1,297
1,250
9,2294
8,2608
10,3642
1,350
5,2095
10,10134
6,1667
7,1694
10,3635
1,393
5,1469
10,3265
8,14068
1,480
1,258
6,2048
5,1281
10,3182
9,6835
9,3281
1,651
5,1474
5,1920
10,6408
1,623
1,445
4,1073
8,13789
1,375
1,281
8,2258
5,1913
6,2253
5,35025
10,3615
1,658
5,1912
4,1388
8,2602
10,3005
6,2098
5,2016
1,347
1,387
1,386
5,1766
8,2322
8,2895
1,417
10,8067
1,501
1,556
4,1289
1,605
2,962
4,1476
4,1397
9,34851
8,2630
8,2489
10,3184
2,5861
10,6947
1,293
8,2514
5,1913
1,364
10,9836
1,522
6,1472
5,1727
1,610
1,390
9,2988
4,1539
5,1564
4,1327
5,1401
1,340
10,5011
1,572
9,2883
9,3011
1,329
8,2643
8,2619
1,585
1,431
9,2890
9,3728
9,3092
1,376
1,338
1,407
5,1940
1,345
1,307
1,529
2,516
10,3244
9,4850
1,469
1,406
10,2397
4,5568
1,607
8,2445
1,321
1,394
1,365
1,409
1,442
2,1048
1,250
8,2485
5,2266
1,418
1,441
9,2222
10,2871
1,537
9,3096
1,551
10,2437
1,368
1,527
1,438
10,3314
1,253
10,3269
1,408
1,356
1,740
10,3494
10,2610
1,999
8,2684
1,402
1,488
1,407
1,888
1,460
2,4608
1,342
4,1015
10,6425
1,680
1,395
2,624
10,3051
1,402
9,3211
1,454
1,402
1,547
1,450
1,436
10,3311
1,268
2,709
4,1164
1,424
2,674
9,3216
6,2217
1,251
10,2403
1,461
1,265
1,420
1,1246
1,434
8,3320
1,236
2,1180
1,470
1,311
1,612
1,460
2,1043
1,501
6,2187
1,412
1,300
1,281
10,2263
1,282
10,17977
1,261
7,2493
1,695
1,300
1,470
1,446
6,2278
1,317
2,953
1,506
1,375
1,419
8,2908
1,318
10,9292
1,249
10,2473
1,572
1,268
1,531
7,1900
1,399
1,326
1,1711
1,593
2,680
1,457
4,1572
4,1055
9,25892
2,664
4,1428
9,2954
6,1841
5,1536
6,2195
7,2441
1,348
2,1052
1,445
5,1847
1,552
4,1601
10,2718
8,2683
4,1146
10,2258
1,395
8,2494
10,2384
8,1727
3,905
1,276
1,1472
1,371
9,3549
1,502
10,3575
8,2225
1,480
10,3570
10,3362
1,387
1,433
4,1112
10,2378
6,1509
10,2351
9,5168
9,2504
10,8202
9,2224
9,3211
5,1821
1,539
10,3504
10,2581
1,353
9,2956
9,3330
10,3283
8,1982
1,290
1,437
8,2688
10,9083
8,2611
10,3462
10,3297
1,561
10,3194
10,2124
1,344
10,3339
10,3388
10,3072
7,2432
2,935
1,670
9,3003
8,3206
4,1342
6,2275
10,3389
1,284
10,3151
8,2170
1,357
9,3165
9,3064
10,3194
10,3790
5,1471
1,690
1,457
5,1476
1,548
2,690
6,2097
1,817
8,1816
3,829
1,352
10,3145
5,1687
3,4687
10,2665
9,3051
1,448
8,2641
1,523
8,2748
6,7272
2,573
1,551
10,2309
6,1566
2,745
9,3282
6,2109
4,1101
10,2760
10,3363
1,335
9,2018
8,3243
8,2003
1,428
5,1489
8,2700
6,1624
1,449
10,2542
2,783
1,569
2,553
4,1071
8,2642
1,463
10,3176
9,3033
8,2069
2,920
8,2650
1,521
6,1493
1,510
10,2627
1,574
3,1267
1,522
2,717
10,3107
1,270
1,463
1,666
10,3524
6,2199
4,1388
1,560
10,3373
1,360
5,1902
1,500
1,592
1,281
3,770
5,1914
1,344
2,678
8,9731
6,1663
8,2730
3,787
1,426
10,3210
1,607
10,7231
6,1432
2,871
1,239
1,549
8,2569
1,317
9,3058
8,2755
2,659
9,2249
8,3136
1,345
10,3385
1,591
8,2961
7,2329
5,1652
1,241
1,474
4,1115
1,336
2,705
9,2781
2,744
10,3607
9,2668
8,2828
10,2615
1,282
10,3423
8,2151
1,548
1,237
1,531
3,989
7,2482
1,616
10,2548
2,754
8,2934
8,1852
2,832
10,3426
1,274
5,2141
7,1950
6,2321
1,233
1,369
1,453
6,1355
7,1702
9,2078
2,812
10,3263
10,3178
9,3029
10,2585
1,423
9,2598
10,2219
5,2025
1,418
1,263
8,2631
8,1940
6,1254
2,909
2,852
10,3825
10,3180
1,403
4,1138
1,311
8,2302
10,2696
7,2581
1,323
1,255
9,2374
7,1758
8,1974
1,353
6,1407
4,1203
2,788
8,2301
1,415
1,308
8,2445
10,2337
9,2918
1,248
1,230
9,2067
10,2317
9,2679
2,781
8,2213
2,632
7,2340
9,1997
1,262
10,3720
3,1010
4,1274
5,1396
1,278
1,312
10,2986
10,3652
10,2917
9,2270
10,2318
1,411
6,2496
10,2667
1,251
5,1885
9,2605
3,845
4,1425
3,701
1,328
2,750
3,1981
10,2538
2,937
8,2288
1,691
2,734
2,931
1,265
10,3372
1,473
2,636
8,4410
2,829
1,231
7,2552
4,886
3,811
1,691
10,3174
1,339
1,358
1,572
1,235
10,3221
8,2349
3,764
1,577
2,1024
2,631
6,4163
2,689
10,2307
1,530
10,2599
1,424
2,889
9,3116
1,351
10,3400
1,337
7,1818
5,1493
10,3091
4,1600
9,4102
3,834
4,903
1,318
10,3857
1,375
1,404
2,575
1,366
5,1188
10,3351
1,348
10,3716
7,2114
10,3047
1,379
10,2577
2,764
1,431
4,1565
1,372
1,453
1,312
1,353
10,3700
2,788
1,295
1,533
10,15883
7,2254
2,854
2,614
1,436
1,373
2,794
1,358
1,482
2,678
1,283
4,1145
1,418
1,282
1,2036
10,6458
10,3288
1,518
4,1627
1,493
1,436
1,574
1,405
1,399
6,1702
1,246
10,3211
2,685
1,296
9,3065
10,8528
10,3094
1,340
3,834
1,370
1,286
1,301
1,475
1,424
8,2843
4,1098
6,2111
7,2255
1,398
1,397
8,2267
10,2836
1,266
10,2582
1,318
1,388
1,618
1,508
1,395
10,3148
6,2159
10,3446
1,475
1,370
1,681
8,1949
8,2049
1,336
10,3035
1,280
1,652
1,328
2,471
1,389
9,3173
10,3394
10,3354
2,714
1,317
1,490
10,2474
6,1555
1,369
10,4229
1,302
1,473
1,423
1,354
1,436
10,3447
10,2542
10,3687
1,376
1,322
1,425
10,4316
3,878
1,265
10,3443
1,309
1,364
1,330
8,2439
1,375
8,3163
10,2109
10,3682
9,2834
1,262
1,574
1,429
10,2453
1,640
8,2433
1,385
10,2852
1,274
4,1506
8,2382
10,3305
6,1492
6,1348
1,397
1,288
1,413
1,285
10,2379
1,348
6,2161
1,341
2,723
1,459
10,3463
1,388
4,1063
10,3234
4,1440
1,284
2,725
1,622
1,288
10,3231
1,301
7,1559
2,551
6,1372
1,457
7,2222
7,1887
2,956
4,1443
1,429
1,348
2,719
1,441
1,311
10,3299
1,332
1,538
1,297
10,3086
1,512
10,3643
2,1075
1,364
5,1783
1,494
1,333
3,1070
6,2313
1,282
10,3435
1,335
1,257
1,514
10,3162
10,2565
10,2274
10,3660
1,417
10,3274
1,332
1,383
10,3110
5,1772
1,313
10,3151
2,610
1,676
2,776
8,2520
4,1155
10,2510
10,3736
1,291
10,2961
1,318
1,364
10,2825
10,3518
1,430
10,2338
10,2063
1,319
8,1930
10,3188
10,3628
6,1510
10,2542
1,512
10,2323
1,255
1,405
10,2099
10,3493
1,390
1,513
6,1944
1,385
10,3348
4,1515
10,3031
3,1047
3,1215
1,310
10,3106
1,358
1,385
10,2307
9,3377
1,318
1,1730
7,2385
1,304
3,815
2,682
10,3304
5,1238
10,3053
1,421
10,3509
1,340
6,1420
8,1886
10,3375
1,429
1,289
8,2646
1,259
10,3473
2,464
10,2380
10,3416
2,1308
1,261
10,3345
1,275
8,2847
8,1736
4,971
3,1208
1,361
8,2122
1,613
10,2609
10,3108
10,2202
10,2272
10,2364
1,247
5,2073
1,304
10,2347
10,3494
5,1303
4,1166
1,246
10,3796
1,307
10,2726
10,2818
6,1365
10,2423
4,1575
1,318
1,560
1,375
10,2167
10,2857
3,1368
7,4705
1,400
4,1005
1,391
8,2415
3,1210
6,2099
5,1758
7,2421
10,2656
1,378
10,2490
10,3265
10,3725
8,2526
10,2961
1,359
2,754
10,2431
7,2066
10,2564
10,2458
10,3361
10,3363
1,274
1,385
4,1995
10,8410
10,3659
9,2804
10,3374
1,698
3,1245
10,5532
10,3384
10,3129
10,2425
10,3264
10,2666
1,227
1,370
10,3057
4,925
10,2130
10,6646
10,2347
1,256
2,758
10,2183
10,2808
10,2457
10,2192
10,2783
10,3276
2,656
1,371
10,3312
2,545
10,3272
8,1820
6,2050
1,239
10,3135
10,2228
10,2446
8,1871
4,1210
1,415
8,1824
10,3980
1,302
10,2370
10,2167
10,2302
1,316
10,3388
4,1113
7,1916
10,3428
10,3284
8,2341
10,3381
1,306
10,2375
3,1129
1,378
6,2115
2,595
9,3230
9,2185
10,2855
6,2402
4,2654
10,2371
10,3987
7,2239
10,2808
1,266
6,1312
10,2962
1,304
10,2831
10,3770
1,426
10,2625
10,3540
10,3180
3,1158
10,3003
10,3647
1,395
10,2578
1,366
3,848
10,3539
1,400
2,624
10,3557
1,260
7,2564
8,2692
10,2500
10,2703
4,1181
10,2222
1,459
1,432
1,243
1,641
10,3171
1,438
4,1346
4,1307
1,262
2,911
10,2569
10,3209
10,2353
6,1745
1,610
1,607
1,321
1,270
1,409
8,1808
2,598
10,3570
3,962
1,263
2,936
10,2403
10,2521
10,3167
10,3392
1,458
1,400
1,309
1,271
1,411
7,2314
4,1328
5,1699
10,2090
1,346
1,3926
10,3415
6,1437
8,2017
3,964
1,381
1,358
1,266
1,394
1,370
5,1361
5,1281
10,3276
10,3115
1,400
1,441
10,3040
4,1169
3,882
10,2850
1,341
1,396
1,313
1,294
1,485
10,2899
8,2761
8,3097
8,1922
1,284
1,422
10,3491
8,2696
6,2052
10,2623
1,377
1,362
1,320
1,297
1,369
10,2764
10,3586
10,2529
6,1812
1,285
9,3540
2,768
2,768
7,2079
6,2121
1,313
1,357
1,378
4,1350
1,270
10,2348
10,3375
10,3466
1,448
1,234
1,532
10,2853
10,2359
1,510
4,1187
1,243
1,368
1,270
6,1477
1,692
10,3451
6,2485
6,1975
7,1783
1,246
1,469
10,3345
10,2695
1,529
7,1805
1,249
1,359
1,609
10,3602
1,287
5,1827
10,3252
5,1410
1,248
1,371
1,395
1,641
10,3668
1,431
1,539
1,249
10,2304
1,499
6,2030
1,252
10,3414
5,1876
1,527
1,230
8,2913
1,351
1,373
10,2374
1,261
1,312
1,296
6,1271
10,2965
10,3288
10,2672
10,2696
10,3525
1,691
1,354
4,1271
1,390
1,661
10,3349
1,258
1,269
4,967
10,2264
5,1111
10,2270
10,2346
1,569
10,6110
1,745
1,381
10,2898
1,389
1,388
10,2362
1,257
1,354
4,1198
10,2272
10,2902
10,2309
10,3502
1,423
8,3134
1,626
1,267
10,2650
1,347
1,404
1,604
1,300
1,421
6,1264
10,2126
10,10503
4,1501
10,2247
1,443
10,2932
1,402
1,318
10,3629
1,262
1,382
1,442
1,368
1,445
10,3337
4,920
10,3002
4,1744
10,3179
1,500
10,6666
1,427
1,236
10,2933
1,280
1,907
1,619
1,364
1,428
3,1303
10,2902
10,3321
10,3703
10,2480
1,660
10,2718
1,647
1,252
2,6346
2,897
1,598
1,350
1,318
1,250
10,3584
5,1201
5,1478
10,3094
4,1293
1,434
10,3592
1,608
1,306
6,1578
8,2335
1,493
1,242
5,1911
1,318
10,2613
4,816
5,1201
10,2344
10,2763
1,623
1,512
1,544
10,3294
10,2388
7,2220
1,438
1,274
10,2426
1,267
6,2056
10,2680
10,3069
6,2115
6,1373
1,358
2,865
1,404
10,3371
9,2859
10,3318
5,1262
1,364
10,2370
8,1867
7,1996
10,3688
10,3512
10,3369
10,3490
1,373
1,591
10,3524
10,2799
10,3675
10,3018
2,452
1,361
10,3254
10,3207
8,1885
10,3288
10,3511
10,3234
10,2521
10,2586
1,611
10,2436
10,2209
10,2896
10,3195
10,3444
2,530
10,2952
10,3375
10,3017
3,873
5,1364
10,7028
10,2329
1,541
10,3198
10,3198
10,3350
10,2872
8,2676
4,1549
1,365
5,1269
10,3692
10,3595
10,3462
10,2590
1,477
6,2034
4,1462
1,427
1,455
10,2450
10,6998
2,891
8,2749
1,248
10,2311
10,3823
10,2946
5,1658
10,2728
1,288
10,2259
10,3509
1,501
1,471
10,2289
10,3418
3,662
5,1700
5,1343
4,1134
10,3788
10,3723
6,1810
10,2173
1,451
4,913
3,1371
10,7903
9,2904
4,1383
1,545
2,889
10,3059
10,3654
10,2726
2,1038
10,3535
7,1750
2,699
1,394
1,522
10,2510
1,540
9,5225
10,2864
9,2977
4,1569
10,2847
5,1167
6,2051
10,3564
2,1053
1,540
1,421
1,406
1,419
10,3021
1,544
7,10121
10,3334
1,285
10,3207
2,773
8,2817
3,1385
2,678
10,2585
1,616
1,606
1,374
1,649
10,2287
1,6439
10,3267
6,1543
1,316
10,2903
6,1442
10,3451
10,3158
5,1434
1,371
1,525
1,381
1,410
1,453
6,2237
1,518
10,3389
10,2579
1,529
10,3378
8,1902
10,2336
10,3561
5,1322
1,266
1,387
1,373
1,334
1,367
7,2249
1,509
3,1092
3,794
1,252
10,3334
4,1339
5,1237
10,3439
10,2452
1,370
1,368
1,411
1,417
1,292
4,1198
1,459
1,487
10,2967
1,470
3,1218
6,2194
5,1467
6,1606
5,1607
1,357
1,333
1,489
1,439
1,281
10,3378
3,1326
1,488
6,1621
1,372
10,3456
10,2879
10,3206
4,1454
8,3125
1,351
1,250
1,331
5,2095
1,382
10,3136
4,1537
3,802
4,1277
1,423
8,1792
10,3211
10,3047
7,2372
10,2805
1,499
1,373
1,288
5,1754
1,320
10,3257
3,1193
3,1118
7,2590
1,414
6,1585
10,3488
9,6712
1,348
5,1926
1,390
1,284
1,423
1,442
1,342
10,3529
8,2715
3,1204
1,869
2,657
1,476
10,3606
10,3871
1,248
5,1725
1,391
1,291
1,382
9,2929
10,2406
6,2539
7,2370
9,2992
1,383
1,312
1,299
10,2872
10,3279
1,258
5,1828
1,468
10,3514
8,1865
10,3588
8,1877
10,3333
9,3083
8,2981
1,451
1,385
1,256
7,5538
10,13814
1,411
1,576
4,1912
5,1187
10,3291
9,3521
10,3766
10,3677
9,2558
7,2535
1,453
6,1369
7,2019
10,3408
10,4797
1,331
1,678
1,484
10,2556
5,1670
5,1947
10,3103
1,629
7,2318
10,3160
1,436
1,260
1,338
10,5546
1,540
1,378
1,485
2,771
10,3354
10,2765
10,3884
10,3215
1,352
7,2761
7,2687
1,420
4,1248
1,273
10,2945
1,780
1,347
1,281
4,1023
10,3430
10,2781
10,2727
2,687
1,1068
6,1938
9,2890
1,298
10,3370
1,271
3,4498
1,503
1,259
1,469
6,1857
5,1590
10,2313
10,3563
10,2137
1,437
1,590
7,2270
1,486
8,2339
1,284
1,591
9,3954
1,298
1,314
10,3307
10,3996
5,1939
5,2070
2,687
1,666
1,498
7,2148
1,603
10,3322
1,345
1,525
9,2851
1,239
1,416
10,3383
2,704
10,2384
1,559
4,1424
1,562
1,516
1,452
1,365
10,2274
1,266
1,475
1,640
4,1541
1,303
4,1356
5,1824
10,2801
10,2349
10,2662
1,315
3,930
1,425
10,2443
4,1021
1,424
1,464
1,716
10,2367
1,289
8,2574
4,1476
7,2533
10,3531
5,1460
1,398
1,572
1,427
10,3716
6,1516
6,1519
1,554
1,541
10,3243
1,471
10,3477
10,3465
10,3841
9,3409
10,3005
10,3230
10,2325
1,406
10,26100
10,2265
10,2665
2,607
1,439
10,3249
10,2847
10,3415
10,3062
10,3844
10,2905
8,2046
1,347
7,2379
1,385
10,2411
10,4483
10,2435
1,341
1,512
10,2298
7,2766
6,1318
4,1388
10,3508
10,3900
10,3340
1,448
9,2998
3,1076
10,2379
7,1965
10,3336
1,510
1,682
6,2094
10,8067
6,2064
8,2716
10,7681
10,3540
6,1515
2,917
9,7237
1,329
10,3078
10,3426
10,2882
1,522
1,477
10,3412
10,3389
10,2557
10,3195
3,907
10,3955
10,3345
4,990
10,3370
1,395
2,835
10,3235
10,2477
1,594
1,466
2,722
10,3801
10,3119
5,1376
1,473
1,597
5,1994
10,2548
10,15988
1,357
10,7831
10,3302
4,1386
1,550
1,504
5,1317
10,3445
7,2388
6,1373
1,417
1,655
1,592
5,1734
10,5019
1,424
4,942
10,3352
4,1145
1,509
1,561
10,2153
3,1649
10,3536
6,1855
1,455
1,892
9,2812
10,3222
1,645
1,596
10,3393
3,1125
6,2263
3,1205
1,527
5,1669
3,1224
10,18732
1,424
1,670
1,693
1,316
10,3229
3,1344
1,407
10,2727
1,562
10,3960
2,808
3,1202
4,1032
1,512
10,18932
1,499
1,410
1,859
1,359
8,7226
1,486
1,371
5,1773
1,618
10,3409
2,757
2,1103
10,3085
3,1249
10,10656
1,431
1,450
1,750
9,3097
6,1927
1,415
10,2398
4,1351
1,484
3,857
8,3149
1,400
8,2560
7,1874
3,1173
1,328
1,540
3,1151
1,392
5,1357
1,540
7,1735
8,2519
1,384
10,3463
8,3036
3,1171
10,3255
3,1119
1,439
1,348
1,431
1,618
1,341
10,2318
1,557
9,2383
10,2759
1,391
10,2534
7,7588
8,2857
5,1232
2,647
1,402
1,276
1,378
1,642
1,347
9,3300
1,567
10,3424
6,1370
1,423
6,1532
9,5204
9,6328
5,1434
7,2638
1,623
1,278
1,380
1,541
1,267
10,8098
1,646
10,3124
5,1884
1,911
4,1239
7,2226
10,3331
6,2375
8,2689
1,508
1,375
1,464
1,552
1,410
10,3125
1,440
10,3342
1,393
1,472
1,407
8,2427
7,4304
1,641
7,2753
2,985
1,388
8,2884
1,526
1,376
8,2752
1,613
3,971
6,1499
1,366
1,301
8,2653
8,2987
1,599
7,1795
1,410
1,334
3,1037
7,4423
1,368
10,3435
1,465
1,550
1,362
1,365
1,656
1,510
9,9689
1,455
7,2651
1,551
10,3446
3,734
2,696
1,497
10,3235
1,442
1,396
1,441
1,579
7,1554
1,589
7,6872
1,284
3,1010
1,408
10,2433
7,2102
1,518
1,449
1,586
1,531
5,1649
1,390
1,629
1,422
3,1165
1,498
1,301
1,487
1,303
10,7575
1,448
3,1034
8,2110
2,839
3,1214
3,2969
1,411
3,1314
1,386
9,2469
1,461
1,411
8,6787
1,1172
10,3313
7,2848
7,2604
10,3373
1,643
4,1455
4,1323
1,397
2,489
1,321
7,2119
9,2879
1,375
3,958
1,601
10,8072
10,3914
9,3187
2,900
1,680
8,3132
7,4720
1,416
9,2977
1,273
10,3030
1,618
1,353
1,535
1,580
10,2453
10,4204
9,2860
10,3453
1,507
10,9212
10,3691
1,398
3,937
1,538
10,2131
10,3470
1,529
1,358
2,10772
1,521
7,2869
8,2861
10,2846
1,666
8,12620
9,3035
1,397
8,2398
1,451
10,2514
10,3892
1,448
1,411
2,711
2,895
7,3485
7,2374
10,3596
1,411
2,3072
5,1797
1,325
7,1582
1,500
10,3134
10,4374
10,2731
1,673
8,2657
3,1250
3,1323
9,8219
10,2946
7,3115
9,14408
9,3165
10,3570
9,1941
5,1489
10,3262
10,2953
10,2578
1,392
2,875
3,1181
10,17386
1,576
1,550
1,454
6,9795
7,2216
9,3099
7,10476
10,3379
1,387
10,3565
10,2758
1,575
4,1364
6,2087
3,17967
3,1128
3,1480
1,447
7,9684
6,1944
10,2407
7,5790
10,4114
3,1134
10,3927
10,3503
1,473
8,2962
2,912
4,19574
1,542
3,1447
1,510
2,902
1,358
10,3444
8,2461
10,2497
1,556
1,440
9,5808
1,404
7,1705
8,2859
6,1494
10,3668
1,644
1,523
2,890
3,939
10,3098
1,451
10,3550
1,494
1,556
10,3791
1,588
8,2388
7,2416
7,2351
9,5871
3,1193
1,470
10,5651
1,497
10,19858
1,462
5,1822
1,492
1,544
1,593
1,385
1,2553
7,2321
10,3885
10,2932
7,2504
1,373
7,3169
1,4918
1,638
3,1103
10,6792
1,503
1,542
1,676
7,2533
8,4043
8,2782
9,3029
10,2485
8,10307
2,1805
8,3367
1,464
1,647
10,3395
2,906
1,390
1,476
9,3084
10,3156
8,1839
4,1329
10,3210
10,3478
7,2260
2,811
1,721
1,440
7,2645
7,1654
4,1201
1,409
1,746
3,1449
9,3360
6,1633
7,2158
10,2815
10,3693
7,1781
3,1029
2,1510
1,381
3,1122
9,3417
10,3844
1,562
1,469
2,956
10,3197
3,987
1,395
10,3226
10,6937
9,2047
4,1503
3,1014
1,467
3,1172
10,3281
5,2053
1,473
1,425
3,1331
10,2430
7,2162
8,2593
10,2918
1,535
7,2588
2,706
4,1720
1,480
7,1969
10,3413
10,2772
1,418
1,566
2,695
10,3845
9,13750
1,468
3,1154
1,402
9,3645
8,1899
4,1183
2,762
2,769
10,3386
8,2177
1,508
1,495
7,2401
3,1423
10,10419
1,489
1,427
1,888
3,1195
7,2542
1,571
1,365
3,1247
10,3458
4,1556
3,1099
1,10896
8,1760
1,496
10,14675
1,431
1,512
1,438
7,14615
8,2542
10,4309
1,551
4,1588
3,1209
10,3194
1,8753
10,27272
7,1557
10,4484
10,3655
3,772
1,412
1,498
1,532
8,3208
1,817
4,1048
8,2552
1,688
6,1430
10,17512
5,18686
7,2612
10,4235
10,3206
1,312
1,476
1,445
1,532
8,2649
1,502
1,461
3,1087
5,1858
5,1860
4,1287
4,21219
8,2091
7,1848
10,3695
1,290
1,375
1,503
1,378
6,1903
2,708
8,2727
7,1851
1,604
1,481
7,2432
7,6709
7,2612
3,1182
3,768
1,329
1,463
1,422
1,385
1,363
1,476
10,3468
7,2444
1,513
1,421
10,9908
3,22221
8,2667
6,2165
1,723
1,407
1,429
1,453
1,391
3,1246
7,2481
2,666
3,1107
1,457
1,304
7,2565
5,5267
3,848
4,1320
1,465
1,442
1,387
1,558
1,655
10,3087
1,565
1,364
7,2370
1,415
1,330
9,2931
3,1104
1,502
3,1039
1,588
1,433
1,392
1,559
3,1247
9,3573
8,2549
7,3387
8,2586
1,405
6,1857
6,2211
7,5481
1,523
10,2910
1,626
1,360
10,7339
4,1133
1,389
10,3661
1,8353
4,1669
1,325
1,365
1,280
3,965
1,357
1,366
8,2516
3,969
10,2871
1,400
1,725
1,605
10,3259
1,529
6,4573
6,1955
1,364
1,373
2,986
6,15017
1,322
7,1448
1,461
10,2776
1,373
3,1110
1,363
8,2099
1,525
2,822
1,559
1,363
1,365
8,2849
9,38012
9,2587
4,4241
1,487
9,2633
3,1093
5,1602
1,532
10,3085
6,1991
8,3559
1,424
1,371
1,458
10,2952
2,769
9,3838
10,19499
1,410
6,2098
8,2632
6,2092
1,473
10,7324
6,1361
7,2319
1,479
1,341
1,425
2,635
8,15120
3,1062
7,2432
1,409
10,3243
7,2235
7,2378
1,438
1,426
1,320
6,6550
1,428
5,1651
1,356
1,412
9,29255
1,439
1,544
1,379
4,1261
7,3285
8,2665
7,1778
2,833
1,1036
3,1624
1,454
1,451
10,3113
7,2421
2,734
1,393
6,1872
1,463
10,3111
10,22291
9,3164
1,515
1,537
1,687
1,497
1,449
3,1094
10,3327
4,1563
2,922
1,528
3,941
1,724
10,15204
7,3607
7,2498
3,921
1,442
1,536
4,1016
1,389
7,2313
9,3930
2,1547
1,428
1,415
2,686
7,2262
10,6384
2,632
5,1762
9,2986
1,551
6,2259
6,2128
1,461
10,5651
10,3319
10,3578
4,2010
1,528
1,437
10,3180
10,23164
3,2569
3,1657
9,3101
1,718
8,2790
4,1447
1,542
4,7705
10,3310
4,22927
4,1475
1,454
1,411
8,2521
1,888
3,909
2,819
10,3139
1,517
8,2789
8,2754
1,448
9,3463
10,3614
8,3278
7,6447
1,341
1,432
4,7825
3,1022
2,740
2,900
10,3626
1,554
4,7582
3,1137
10,3179
7,2273
10,3853
1,496
10,7344
1,481
1,381
7,2230
10,3172
10,5482
8,2720
10,3181
1,524
10,7159
3,1026
10,2120
3,1033
10,25554
1,500
8,2900
1,442
1,520
10,3296
4,1460
8,2907
10,3353
1,434
7,2739
10,2842
6,2057
10,3395
6,3589
1,583
1,388
7,3489
1,389
2,722
2,751
7,2285
1,544
1,501
5,1844
1,548
9,2958
8,3558
10,8719
2,793
1,9609
3,1570
6,3645
10,2408
1,390
3,1362
8,2590
2,882
2,835
3,967
1,499
4,1550
10,3442
10,7406
8,2736
2,735
7,15894
1,725
10,2679
1,450
6,4975
7,2236
7,2975
7,2345
4,1300
1,338
6,2475
4,5620
10,11940
10,3276
2,924
6,2001
6,2070
10,6231
1,764
1,649
7,2622
4,1419
4,1434
7,4782
4,1457
2,784
6,2098
3,1118
1,344
3,1128
1,353
3,1132
9,3072
1,338
8,2024
10,7306
4,1501
10,9782
7,2462
7,2378
1,437
2,778
7,2271
2,606
4,1566
6,1769
1,440
10,3759
10,3428
2,790
2,798
2,717
1,1778
10,24618
3,1003
1,693
7,5858
4,1357
7,2516
2,934
1,402
1,478
10,3604
8,2926
10,3181
6,1941
10,2529
2,1317
9,28126
10,3281
10,2792
1,475
7,2650
4,1388
8,2831
1,456
1,517
1,527
1,932
2,462
3,1036
1,497
4,1329
1,1933
8,6182
1,584
7,7415
8,6743
4,5704
9,3145
1,588
1,495
5,1809
2,548
4,1286
1,355
7,2710
1,936
1,374
10,3481
2,815
1,508
10,14925
10,2741
7,2475
1,526
1,717
3,1048
4,1497
7,2169
3,1066
1,3419
1,396
7,2184
6,1780
10,2330
1,1146
7,2291
2,663
8,2797
1,536
1,412
7,2211
4,1484
4,1314
1,387
6,2793
7,2472
6,5421
2,932
9,2692
1,527
10,5802
7,2438
8,2608
1,516
1,466
4,3200
10,2427
10,3311
1,469
8,19943
1,332
1,1693
3,952
10,3299
1,505
6,2234
8,2611
7,2407
1,398
1,366
10,3234
2,930
2,685
1,455
3,10160
8,2733
1,420
2,913
10,3497
1,390
1,322
3,1196
1,485
4,1597
1,393
7,2320
7,2548
8,2678
2,744
1,898
3,1043
3,7259
8,2483
9,3208
1,353
3,1017
6,1649
6,2075
10,3510
1,333
5,1754
8,9591
7,2267
10,3153
1,500
6,3275
5,23307
10,4564
8,3038
1,276
2,756
6,2077
1,389
4,1495
4,1497
10,3770
4,1369
1,477
1,426
6,2587
1,538
1,409
3,1271
1,308
1,373
1,375
1,521
1,462
6,2373
6,2150
7,7045
6,3287
1,505
2,3944
1,326
1,538
3,15117
2,965
1,286
1,336
3,2771
1,381
1,360
3,2448
4,2764
6,2263
6,14130
1,505
1,483
1,408
3,1124
10,6935
1,376
1,248
1,372
1,419
1,511
8,2192
4,1220
3,1227
3,1169
1,523
6,2089
1,338
1,449
6,2052
1,6169
4,1684
1,266
1,471
1,394
8,2233
1,355
8,2896
8,3009
1,603
6,2041
3,953
1,245
1,547
1,475
4,935
7,2652
1,289
2,1006
1,378
1,395
1,471
6,2422
8,2961
3,1509
3,1273
1,370
1,384
8,2604
1,461
1,285
10,3386
1,259
10,3341
1,357
1,633
1,314
7,2514
6,2285
1,349
4,1349
1,355
1,325
1,334
1,945
1,404
2,645
1,247
10,5100
1,341
1,472
1,361
4,1460
10,3385
1,540
4,2241
6,2150
8,3603
1,365
1,470
1,345
7,2627
1,263
10,3254
1,372
1,400
1,353
6,2129
6,1518
1,20875
8,2764
1,321
8,2523
1,338
4,1636
1,390
8,2746
1,349
10,4179
1,2555
1,359
1,425
6,2096
7,9950
1,17980
8,6352
1,465
1,386
4,1018
7,1923
1,483
7,2305
1,263
9,2994
1,408
1,516
1,580
1,498
2,814
1,342
10,3323
1,505
7,2178
4,962
6,2287
1,433
1,560
5,1284
8,5695
10,3252
1,276
3,1138
1,446
4,1432
1,411
10,3574
4,1271
4,1184
1,476
4,1491
8,2651
1,427
10,2167
5,1910
2,731
1,324
1,437
1,490
1,364
1,393
6,2288
1,394
10,5579
8,2235
8,3200
2,659
3,1019
10,3416
10,2729
1,556
4,1091
10,3285
2,557
10,3179
10,2897
7,2456
1,463
2,533
6,2393
4,13309
4,1407
6,2989
10,2798
10,2357
1,436
2,621
9,2984
10,2294
1,449
1,599
6,2104
1,555
7,2533
10,6736
6,2154
7,2269
1,701
10,2723
10,3117
2,836
4,1453
10,3342
6,1906
2,757
1,310
2,1070
4,1506
3,2459
10,6495
10,3432
6,4345
1,592
5,1258
10,2503
7,2573
6,1779
10,7951
10,2544
1,447
8,1837
1,627
6,1993
6,2057
10,3313
4,1555
10,4032
1,2577
10,2476
10,3755
4,1581
3,2603
10,12974
9,2490
6,1558
1,499
1,669
3,915
1,485
6,2162
6,2099
2,1030
1,434
10,2232
5,1406
10,2520
3,1046
10,2577
9,2945
9,2949
10,2962
1,603
3,1087
4,1365
2,762
6,2077
7,2827
1,488
3,1206
10,2456
8,2702
8,3018
1,1035
10,2512
10,9143
2,840
1,336
8,2553
4,1261
1,692
2,969
3,1129
1,443
8,2839
10,2239
7,2376
6,2333
1,688
8,2237
8,2730
2,682
1,451
8,2516
3,1650
2,688
1,521
6,1982
1,610
10,2278
1,650
8,2754
7,2477
3,1202
4,1262
10,4470
7,2463
1,400
6,1741
8,2841
1,330
2,854
1,453
1,462
6,1637
1,589
3,1482
4,1328
4,1570
1,513
9,6188
4,1539
1,369
7,2763
8,2930
10,2224
10,2689
4,1290
1,612
7,2456
1,290
6,2009
6,1949
8,2969
1,286
4,1681
2,804
1,308
7,2715
10,3685
10,2527
9,3061
3,1164
10,2719
10,3296
1,349
1,363
7,6522
10,3496
1,308
1,616
7,10492
1,277
1,485
6,1495
9,2730
10,7172
4,1540
4,1278
2,784
1,367
4,1623
1,368
7,2434
1,265
1,251
3,1153
1,333
2,1669
10,3050
8,6372
8,2706
8,2395
3,1248
7,1557
1,559
1,463
1,472
9,3148
1,260
1,507
8,2517
1,333
10,12011
6,2081
10,12116
10,3806
8,1815
4,1357
4,1435
1,969
4,1443
1,667
1,581
1,259
1,271
6,1961
1,443
1,691
10,5241
9,3019
10,4594
6,6499
8,3191
10,2404
1,301
3,1095
2,628
1,382
1,388
1,257
1,444
1,490
2,921
7,2508
10,3502
10,2944
10,3029
8,3317
1,409
1,320
4,1384
10,2316
7,2786
1,288
1,478
4,989
2,699
1,556
1,424
7,1808
1,450
10,3357
6,2142
3,665
1,340
6,1993
9,2994
2,18074
1,330
1,412
3,1664
10,2275
10,3573
2,994
1,310
1,275
10,3210
7,2550
1,246
3,1241
8,2695
10,3117
6,1961
1,283
1,337
4,1677
9,3070
10,2383
1,649
1,401
1,402
7,2229
6,2381
1,265
8,1766
8,2555
10,3115
1,346
1,546
1,272
3,1231
8,2504
9,2941
1,411
1,384
1,362
6,1817
10,3259
1,240
10,2886
6,1953
8,2674
3,4955
7,2413
1,255
8,1942
9,2913
10,3185
1,516
1,277
1,486
1,535
2,771
1,266
7,2352
10,3029
10,3292
10,43436
10,3334
7,2367
6,2198
10,15246
8,2436
1,520
1,351
1,292
2,844
1,401
1,266
10,2881
7,2456
9,3122
10,10795
9,3225
10,2343
8,2792
10,7761
10,3071
1,553
1,302
1,247
1,275
1,454
1,291
7,2200
10,3488
1,454
1,548
10,3539
10,4958
10,3544
10,2498
9,6862
1,545
1,322
1,738
1,358
2,979
1,239
10,2590
6,2912
1,339
1,633
10,2794
10,4729
7,3509
7,1891
1,386
1,2172
1,286
1,374
1,319
1,645
1,343
2,855
1,458
1,389
1,407
10,3184
10,3739
10,3602
1,373
1,520
1,476
1,265
1,441
1,314
10,2430
1,365
3,1362
1,412
1,269
1,378
3,1029
10,2353
2,851
1,513
1,420
1,491
1,319
10,3247
1,297
10,2463
9,3156
10,3739
2,747
1,250
1,580
10,2627
3,878
6,2219
9,2981
1,428
1,480
3,1341
10,2678
1,263
10,2164
10,2597
9,2915
1,475
1,347
1,401
3,953
10,2367
7,2369
10,3311
1,295
10,2859
10,3456
10,3584
1,372
9,3251
10,3834
10,3104
1,450
10,2263
1,387
8,2015
10,2506
1,451
10,2204
1,329
1,526
1,358
10,3581
2,1320
8,4839
10,3091
10,4318
1,422
1,233
8,2676
6,1740
3,844
1,1650
10,2236
1,325
1,494
10,2298
10,2659
1,270
10,4063
1,572
10,3617
1,380
1,239
2,793
7,1735
8,1919
1,569
3,1178
1,252
10,2265
10,2462
10,2823
1,292
9,3227
10,18132
10,3043
1,439
1,549
7,1938
10,2708
6,3958
1,506
9,1955
1,377
9,3133
9,2315
10,2298
1,465
1,548
10,2507
1,473
1,404
1,314
4,1678
10,2287
7,2261
1,339
1,409
1,312
9,2993
10,2143
3,1019
1,427
1,415
4,1382
10,3525
1,290
7,2422
4,1629
7,1715
10,2309
1,414
9,2032
10,2680
10,3130
10,2262
8,2281
1,443
1,335
4,1553
10,5211
1,259
10,2612
10,2991
2,682
7,2257
1,310
1,518
7,2002
10,15695
3,789
1,260
8,2063
1,326
10,2891
1,796
1,399
10,2889
2,806
4,1640
2,652
1,388
1,297
10,2596
7,1706
8,1948
7,1804
10,2072
1,388
2,828
1,386
1,501
10,3153
8,2685
10,5898
10,3749
1,504
1,346
10,3295
1,397
7,1879
10,3030
6,1365
1,297
6,1753
1,390
1,371
10,3642
6,2048
3,828
3,758
1,438
1,365
1,413
10,2048
6,1341
2,834
9,3704
1,295
10,2162
1,378
5,1389
3,1085
3,934
1,547
4,919
1,388
1,333
10,2270
10,2753
10,2030
7,2390
10,3456
1,253
6,2283
1,723
9,3121
10,2213
6,1833
1,377
1,583
1,295
1,291
3,963
10,3162
7,1607
10,3035
9,10847
1,433
9,2686
1,566
10,2631
8,2193
1,617
1,451
1,396
1,664
1,301
10,2094
3,1008
2,654
9,3011
4,1279
1,283
10,3803
1,545
10,6707
3,850
4,1448
1,365
1,720
2,892
1,256
9,2399
10,2510
10,2998
3,977
7,2233
1,268
1,556
1,545
9,3158
6,1727
6,2170
1,343
1,615
9,3088
1,250
3,1298
9,2314
10,2907
10,2783
10,3156
7,2657
4,1716
1,471
10,2630
7,1761
3,1144
1,343
1,389
10,2328
1,269
8,1850
10,2219
3,609
1,336
1,403
9,2913
8,2995
1,477
5,1695
10,2662
4,7324
1,367
1,3920
10,2712
3,806
6,2055
10,2209
4,985
1,233
10,2280
10,2825
1,668
2,916
7,2178
2,638
8,2731
1,649
1,453
9,2278
8,1646
8,2588
3,1008
1,394
1,361
10,2455
10,2902
1,605
4,1879
10,3283
7,1796
8,10779
1,456
1,321
10,2450
6,1493
10,2688
1,538
10,2510
1,358
10,2152
1,451
6,21620
10,6343
10,3613
10,3224
6,2557
1,571
1,262
8,3015
7,2318
7,1508
1,416
1,465
1,240
3,1066
10,2543
1,672
6,1639
1,473
4,1432
10,3454
1,647
1,361
10,2611
10,2215
2,686
1,408
1,361
1,226
9,2203
10,2795
1,574
9,2664
10,2466
10,2872
4,1151
10,3095
9,2630
7,1803
7,2133
10,3161
1,316
1,341
1,419
10,2152
3,1132
1,556
6,2167
1,699
3,986
7,2498
10,4100
10,4536
1,285
2,426
4,1406
1,415
1,416
1,363
10,1946
9,2092
1,605
8,2959
10,3000
1,597
6,2549
9,11301
10,3897
10,3452
4,988
2,643
1,263
1,390
1,734
1,368
3,855
1,418
10,3312
10,2493
1,617
1,558
10,8704
10,3394
10,6173
10,2820
10,3369
1,365
1,369
1,340
1,300
8,2040
1,508
4,1601
3,965
1,626
2,984
10,3767
10,7659
7,2160
3,1140
1,481
1,379
1,255
10,2717
1,253
5,1901
1,425
1,641
9,2168
1,622
1,440
10,6168
10,2917
10,2158
10,2913
1,360
1,554
1,417
10,2501
1,395
8,2549
1,373
3,1146
9,2147
10,2318
10,3680
10,3741
1,566
3,1168
10,2462
1,368
1,453
1,383
10,3581
1,274
10,3242
4,1310
4,988
1,326
1,305
1,465
4,1781
10,2521
9,1883
4,968
1,393
7,2099
10,3259
10,5712
1,274
10,2341
8,1874
10,2272
1,487
1,258
1,425
4,1452
6,2280
10,2208
1,621
1,407
8,2331
5,1198
10,3846
1,328
2,708
10,3329
10,3556
1,292
1,404
1,294
2,1675
4,1870
3,674
10,4059
1,382
6,1331
10,2858
10,3084
1,365
7,1791
10,5646
10,3142
1,323
1,255
1,456
6,2078
2,889
6,1426
10,4312
1,251
10,2299
10,2947
10,7114
1,359
10,3350
10,2191
10,2066
1,383
1,476
1,400
9,4269
4,1346
1,347
10,3644
1,307
2,610
5,1337
4,1739
1,263
2,816
6,2380
7,2089
1,364
9,2856
1,533
9,3407
4,1418
1,291
6,2152
1,345
10,2432
10,3471
2,900
8,2393
5,2163
10,3005
6,1854
1,293
1,239
1,528
6,6779
9,3310
1,539
9,3298
1,396
4,1400
4,1484
4,1491
8,2434
4,1432
10,3858
10,2554
1,381
10,4040
1,331
6,2182
9,3117
1,277
10,3827
10,3111
10,3778
2,967
6,2117
6,1497
1,387
2,731
10,2319
1,438
10,3290
1,481
10,3386
6,1376
1,277
1,494
10,4401
10,3375
4,1270
6,2425
2,631
1,340
1,612
1,418
1,377
10,3789
1,636
4,1542
8,2763
1,272
1,599
10,3303
4,1296
6,2105
9,3001
10,2491
1,600
1,707
1,426
8,2250
10,2634
2,1088
8,9527
6,2039
1,408
1,440
10,3211
9,1963
10,3387
10,3253
10,2081
1,398
8,2281
1,417
3,1044
1,387
10,2293
1,586
10,3407
1,510
1,461
1,436
10,2265
9,2990
6,2215
2,557
1,400
2,773
1,264
6,1515
4,1958
10,2903
1,645
1,534
1,250
1,358
10,3455
10,2942
6,1968
8,2975
10,3194
1,356
9,3361
1,253
9,2143
4,1580
10,2933
1,638
1,572
1,239
1,500
10,3243
10,3147
4,1461
10,3297
4,1357
1,407
10,2847
1,387
2,550
2,782
9,3132
1,477
1,255
3,755
1,677
9,2880
1,504
6,7919
1,565
9,3339
1,458
10,2375
1,363
7,1749
10,2492
8,3078
1,597
1,246
8,2487
1,387
4,1490
6,1570
10,14115
4,1255
4,1432
1,419
10,2421
1,380
10,2664
6,1676
10,3388
1,831
1,421
4,1321
1,729
4,3630
10,2490
1,382
1,444
10,3214
1,379
2,909
1,289
4,1541
6,2502
7,2226
1,345
1,290
8,1816
1,681
2,694
10,13414
10,17619
1,657
10,2270
6,2202
9,2325
1,287
10,2597
9,3828
10,3393
1,497
1,276
10,3152
4,1516
6,1612
1,2088
8,22339
1,552
10,2626
10,2943
8,3009
3,876
1,370
6,1954
10,2199
1,466
1,278
7,1704
2,889
9,2212
1,451
1,436
1,557
10,3333
10,4237
1,644
1,447
10,3592
8,3077
10,2229
1,668
1,284
2,610
4,1312
6,1620
1,479
1,324
1,745
1,731
10,3226
1,685
8,1806
4,1550
4,1568
10,2540
1,640
1,287
10,3329
6,2148
8,2783
1,385
4,1214
1,524
6,1699
1,555
1,612
1,289
10,6845
10,21650
1,419
1,468
1,333
2,1129
6,2202
6,2062
1,393
1,314
1,581
10,3425
10,2503
1,460
7,2435
10,2279
10,29567
10,2363
2,895
1,239
10,9087
9,3031
10,9910
1,416
1,450
1,448
10,3188
10,6695
1,644
10,2984
10,3483
1,497
3,1203
3,1197
4,1146
10,2661
6,2102
4,1622
1,445
1,386
1,412
1,528
9,6267
1,542
10,3346
1,376
1,691
10,2570
4,1220
3,787
4,876
10,3343
10,3185
1,501
1,422
1,459
1,410
4,1713
1,506
9,3092
10,4261
1,298
1,459
8,2220
10,3698
10,17054
8,10932
1,751
1,703
1,477
10,3171
1,506
2,1034
1,566
2,2659
10,2685
1,334
1,264
10,3748
10,3150
6,10497
4,1855
1,656
1,427
1,630
3,945
2,1035
4,2084
1,422
9,2931
6,2090
1,260
1,247
10,2654
10,5430
10,7238
3,1137
1,509
9,2354
1,509
10,2631
1,686
6,2178
1,567
4,16400
9,3024
1,266
1,383
10,2995
10,3090
10,17447
1,615
1,388
4,954
1,509
10,3446
1,468
10,3732
3,1259
2,1016
1,679
1,247
9,2183
7,2505
6,2275
6,2051
7,2061
1,355
4,1038
6,1403
10,3414
1,423
6,2128
2,706
2,875
1,481
1,374
1,326
6,7297
7,3100
10,17982
3,1040
1,414
6,1413
3,815
7,2377
1,596
9,3279
6,2160
6,1876
1,602
1,390
1,296
10,3687
10,3380
4,1485
4,1162
1,415
1,397
3,739
10,2741
1,400
8,2727
2,852
6,2108
1,495
1,249
1,476
1,523
10,2675
4,1500
2,679
1,416
6,1948
2,629
10,3251
1,589
10,3216
10,3276
9,3266
1,625
1,622
1,386
8,2858
1,419
1,482
10,3456
1,402
6,1928
10,7231
8,2904
1,489
6,1950
10,3393
10,3510
1,499
10,2346
1,372
2,800
8,1788
1,516
10,3442
1,467
10,3234
10,4458
1,455
4,1455
4,1470
7,2487
10,22355
1,638
4,1248
1,347
10,3480
10,3016
1,461
10,2719
1,449
10,8090
7,2302
1,280
4,1326
1,499
4,1669
4,1900
1,593
3,782
3,856
10,2397
3,1067
1,431
7,2563
10,2884
4,1139
7,2206
10,2976
8,2780
4,1550
7,2618
7,2369
1,466
10,3503
6,2006
10,2246
10,2385
1,633
6,1610
4,1200
4,1397
10,2177
3,733
6,2056
1,402
4,1606
1,416
1,435
10,2710
7,1641
9,3088
9,3019
1,608
10,3105
3,818
4,1221
8,1896
10,3262
6,1975
1,636
6,2256
4,1238
4,4379
10,2632
10,2264
10,3484
2,988
1,494
8,1944
2,716
3,966
1,521
10,3113
9,2968
1,520
1,590
1,567
4,1685
7,2546
7,2121
2,1423
7,2667
1,427
1,468
10,3272
10,2355
8,1860
2,870
4,4845
1,551
8,2901
1,393
5,1600
6,2030
10,3245
8,2648
10,3519
1,467
1,409
10,3891
2,858
1,513
9,3293
6,3707
1,343
3,2159
1,639
6,2553
10,3449
4,1494
1,1351
1,573
1,460
1,366
6,2035
10,3441
2,499
9,3313
10,12405
1,349
5,1910
1,611
9,3265
8,2842
3,1166
1,2901
1,386
4,1354
1,417
7,2469
6,2176
10,2207
7,2371
1,691
1,252
3,1130
1,574
10,3693
1,263
10,2404
1,1352
1,378
2,781
1,342
10,2441
10,3581
10,2153
1,448
3,814
1,285
3,1086
6,2201
10,3561
1,383
10,3349
1,545
1,368
6,1925
1,273
8,1879
6,2164
10,3323
1,616
4,1367
1,271
2,828
1,409
6,9339
3,1109
10,3336
1,396
1,360
6,2034
1,342
1,403
7,1648
9,2379
1,598
4,1066
1,255
1,455
1,1439
5,1780
10,3241
10,2614
1,570
1,881
6,2024
1,257
8,2166
10,2460
2,853
1,589
10,2277
6,1770
7,2692
1,360
1,408
10,2899
10,3390
1,444
1,766
9,3346
1,497
1,424
8,2763
9,2434
1,587
10,2355
3,739
5,1913
1,408
4,4455
10,2796
10,3223
1,375
1,515
10,3422
1,279
10,2288
1,516
8,4691
1,561
7,2006
4,1232
7,2538
1,446
3,3858
2,1163
1,497
1,384
1,530
8,2499
1,407
3,1003
1,561
1,584
6,2298
10,3323
10,3596
1,641
1,524
4,1283
9,2690
10,3766
1,502
1,509
4,1367
2,850
10,2590
1,365
1,519
1,684
6,1899
2,967
9,11263
8,2773
10,2225
9,2986
10,2544
3,1466
4,1378
1,651
8,3086
10,2983
1,299
1,529
1,586
6,1599
10,3723
8,6443
2,795
2,1226
7,2397
1,596
4,1767
2,842
3,1053
10,3369
9,6378
1,389
1,739
4,1821
10,3749
7,2782
1,395
3,3322
10,3392
1,497
9,3754
4,1581
6,2162
4,926
10,2870
2,1366
1,387
1,539
1,1000
10,2407
6,1754
1,511
5,1779
10,2303
1,554
1,420
2,887
6,2378
4,920
10,2077
9,3374
1,313
1,463
1,526
1,4325
10,2443
1,390
1,507
6,1928
1,481
1,402
6,41271
2,900
2,648
2,4273
7,19975
1,250
1,656
4,1709
1,547
8,2115
4,1558
8,5347
7,2843
1,32194
1,525
4,1450
6,2165
10,3336
9,8792
1,14538
1,279
1,414
2,897
1,461
1,495
1,409
3,1018
10,3363
10,3049
1,487
6,3374
10,3274
8,2816
8,2330
1,498
1,273
1,462
2,919
1,413
8,1997
1,504
5,1918
6,2217
4,1035
1,378
2,1007
4,1516
10,3550
4,1686
1,504
1,244
6,1912
6,88025
1,259
1,561
1,390
7,22053
8,1819
1,313
1,363
6,2030
7,2924
10,2278
3,1281
1,1303
9,1949
1,1985
10,90127
1,392
10,2453
1,447
9,15310
1,546
1,330
1,539
10,3359
4,1503
7,2163
6,2026
1,531
8,2090
4,1446
10,83294
1,390
10,2474
1,520
5,3197
1,543
1,382
1,625
4,1499
4,1475
6,1815
2,879
2,839
1,351
4,1423
4,74039
1,432
10,2671
1,480
3,1157
1,444
1,423
1,508
7,2264
8,2607
6,2130
4,1526
3,987
10,2372
2,802
8,4112
1,405
2,964
5,3098
1,501
1,442
2,810
4,1588
3,990
6,5187
8,2159
10,3478
1,482
2,605
6,2195
6,2212
1,547
9,2789
3,1258
3,1138
1,334
1,426
2,847
8,2636
3,1222
2,10964
9,3182
4,1287
10,2166
10,3372
8,2627
10,2659
10,3236
1,671
4,1590
1,333
1,433
6,1815
1,521
1,416
1,389
5,7630
1,340
2,814
10,3373
5,1991
8,1980
9,3163
3,28838
1,369
1,369
6,2375
9,3103
3,1161
7,2512
1,362
10,3443
1,473
9,3186
5,1590
3,1279
10,2675
1,589
1,574
1,327
1,355
2,727
6,2139
3,1610
3,1082
10,2333
4,1435
1,396
8,15815
4,1543
3,991
3,1048
1,18110
3,1144
4,1609
1,281
6,2191
10,3497
5,2427
5,1710
1,520
3,1207
1,492
3,21091
5,1808
1,497
10,2323
1,539
4,31488
4,1685
1,361
9,3215
8,2720
2,1117
2,899
1,335
1,412
8,3407
4,10991
8,2648
2,930
2,855
1,374
4,1455
7,2605
8,1864
10,3236
4,1463
1,460
1,577
1,333
5,1689
4,3514
2,784
6,2143
3,1195
10,3187
1,444
7,2560
4,1618
1,244
7,116975
10,6014
7,2340
7,2406
1,250
1,430
9,2984
4,1414
3,985
7,2693
7,2193
1,619
7,2496
7,2503
1,373
2,675
1,608
5,2077
3,1233
1,245
6,1973
10,3399
5,1716
5,5924
5,1648
4,1623
1,460
5,1674
5,6571
10,3019
4,1823
4,1278
9,5068
5,1971
1,281
1,4616
4,1578
9,2781
3,993
1,450
6,5179
5,4256
9,2851
9,3041
2,467
1,376
3,1029
8,11260
9,3310
1,376
1,8101
6,19844
6,1904
1,483
7,2788
2,854
1,379
7,2394
10,3770
10,2854
3,1158
10,2407
1,17962
8,3740
1,267
8,6124
10,24153
10,14177
2,745
1,462
6,3482
3,1026
10,12055
6,3977
2,822
1,330
10,2201
3,51178
1,584
1,361
3,1124
1,569
4,1563
9,3545
9,3273
5,1647
4,1359
6,2007
1,382
9,3331
8,2539
10,3289
1,590
1,416
8,1961
1,487
6,10577
10,5019
7,2584
1,385
4,1279
1,564
2,871
2,729
9,3303
5,1720
2,531
7,44293
1,547
1,456
5,1855
3,58647
8,2503
3,1056
1,536
10,4631
1,468
5,1676
9,10911
8,2730
3,1130
10,2193
1,496
1,501
10,2370
1,333
5,3589
3,1215
7,4007
8,2805
10,15719
6,2382
2,878
1,575
4,6216
1,459
6,2070
1,498
1,367
10,2916
3,966
3,1113
1,390
5,1749
1,667
6,46671
6,2619
1,581
6,14235
10,2780
3,1233
7,2381
1,466
1,364
9,3104
1,705
3,1034
1,344
1,481
1,752
1,494
5,1853
2,760
1,820
3,982
5,1864
10,2900
5,1596
1,347
2,2132
1,637
2,731
5,1767
3,1364
1,366
4,1383
10,3338
2,1850
1,545
6,3459
7,2292
1,590
1,316
5,5723
9,3141
2,734
3,1139
6,2056
1,384
1,338
5,1636
4,1331
5,1825
1,471
9,2903
7,5765
1,393
1,402
1,491
4,1543
1,398
7,2602
1,333
1,431
1,350
4,2394
10,5015
2,823
1,450
2,767
8,9057
8,2448
1,366
1,482
6,2089
7,2531
5,1936
3,1235
8,2762
1,787
6,1989
4,10630
8,2723
1,457
5,1627
1,341
1,271
1,376
1,399
5,1469
7,2372
1,437
1,544
1,421
5,2487
1,388
4,17076
8,2631
1,543
10,3115
1,773
1,290
3,2274
3,2023
2,3396
8,3731
1,29664
1,425
1,389
5,5315
1,471
3,1185
8,20799
1,582
6,14473
9,32396
1,338
1,335
1,500
5,1970
1,342
7,14601
1,459
5,1840
3,2522
8,2607
6,2304
7,2335
1,471
1,474
1,1513
1,308
4,1516
4,1506
6,29346
9,13132
9,14550
3,5490
1,502
1,623
1,495
5,1783
8,2616
1,602
4,1333
1,415
1,274
1,670
4,1382
10,17775
1,447
1,457
1,395
7,2264
4,1324
1,397
3,1128
1,536
8,2911
5,1835
1,335
1,569
1,690
1,373
5,8591
1,640
8,7564
5,10426
1,407
1,538
1,353
3,1045
8,2866
2,914
8,4533
5,1723
1,409
4,1377
1,415
6,27934
5,4858
1,2993
1,459
1,456
1,333
1,358
2,947
3,1013
5,1889
1,355
1,329
1,395
9,2510
2,787
4,8323
1,341
2,839
2,793
1,551
5,1888
1,651
1,426
2,1355
4,2966
1,386
2,997
1,428
2,489
4,1470
4,19470
5,27751
1,450
7,2309
1,406
4,4547
1,456
7,2564
1,1880
2,801
6,2398
3,1822
1,317
5,1862
5,1704
4,1510
3,8182
1,436
1,319
1,451
5,1679
3,938
7,12539
2,7667
2,771
1,411
1,827
10,2198
7,3194
7,2228
1,545
1,330
5,1727
3,4497
1,311
7,10810
1,387
5,30453
1,333
8,2888
1,485
7,6789
2,605
5,4118
7,2400
5,1834
4,6175
1,389
7,2377
4,1099
4,14792
3,16582
9,4195
1,532
2,865
1,452
1,740
10,2704
8,2714
9,3189
3,1092
1,545
3,1075
5,1628
4,1090
10,3480
1,377
1,1181
2,796
7,2513
1,402
1,522
10,2489
9,2873
3,1059
6,2108
2,720
1,331
9,34161
1,360
9,3152
5,6151
2,701
1,452
6,2505
1,446
1,440
9,5139
3,904
8,2833
1,343
4,1347
4,1376
1,375
2,761
5,1629
2,1355
3,49040
1,470
4,5470
1,525
4,1532
9,3491
1,229
9,2955
8,3085
9,4961
1,440
1,462
2,807
9,2913
3,1241
8,2699
1,2322
2,4030
1,398
1,364
8,3208
5,1584
6,5779
1,529
5,33055
1,369
1,417
7,2656
6,5950
7,4258
1,508
1,535
8,2661
1,466
1,1035
3,1192
10,19557
2,767
1,610
9,4180
1,619
8,19496
8,17603
2,773
5,1993
1,522
1,413
1,491
1,435
1,375
4,1174
2,901
1,552
1,355
10,31320
1,1373
3,2568
6,15221
1,512
7,1663
5,1612
1,456
4,1902
3,1068
4,1478
2,559
2,637
5,1699
1,325
7,52244
1,391
1,451
2,7630
2,791
5,1663
1,413
1,563
1,538
5,1793
5,1714
6,1567
5,2887
8,2805
1,727
6,2051
4,4542
4,1319
1,7184
4,1385
8,2710
1,494
3,1195
3,1006
1,518
6,1931
10,3422
4,1609
4,1516
1,596
1,358
1,647
2,815
9,18197
2,773
4,1663
1,388
3,1207
3,1422
2,677
5,1832
4,1258
8,2966
2,775
7,2538
6,1939
8,2718
2,740
2,22537
2,947
3,2940
1,456
5,1874
3,1228
3,952
2,8763
6,2033
2,783
2,1129
1,580
7,2234
5,1983
1,445
3,7087
8,3558
1,592
3,1188
6,2087
6,2133
7,2752
7,8893
10,3074
8,2928
2,660
3,1000
1,364
7,7280
7,2415
9,36247
8,3104
2,909
2,819
3,955
3,1165
5,1648
10,3466
2,14644
8,2809
2,847
5,2059
2,657
3,1468
5,1835
10,23566
8,3009
1,538
1,434
10,2493
10,2951
8,2678
6,2543
4,1325
7,2433
8,3300
1,401
1,631
7,42228
7,2287
2,1047
4,4677
4,1043
1,383
7,6802
9,3001
9,3336
9,3150
7,5410
4,1362
8,2817
1,453
1,396
9,13346
9,3187
4,4677
7,2426
4,1079
4,1841
7,2796
7,2946
5,1912
4,1351
1,490
2,739
7,2629
3,1128
2,884
2,661
6,6809
2,1001
6,2129
5,1816
1,410
4,1516
7,2579
3,1093
2,944
4,1302
6,1987
6,2187
7,2245
1,460
10,44177
10,3078
2,973
1,4849
7,2532
1,366
5,1798
7,2665
4,1666
2,965
3,1122
1,527
8,2837
5,4772
1,516
9,44382
8,22955
8,2715
2,783
7,10478
1,392
7,2546
4,5198
1,589
5,2253
1,3811
8,2739
5,1874
9,3163
1,596
1,451
1,322
8,2857
8,2678
6,2579
1,541
10,8177
10,3614
2,765
2,956
1,468
1,545
2,697
5,1687
2,714
2,912
3,977
8,3328
1,499
1,566
6,3142
10,2235
7,2415
10,3800
2,774
1,487
1,729
2,907
1,505
1,612
5,1847
1,374
6,2345
1,431
10,3909
5,1776
4,1109
1,495
1,317
8,2452
1,534
2,842
1,372
3,1202
5,1806
2,721
1,459
5,2527
2,733
9,3886
5,1848
4,1584
1,387
1,491
8,3119
1,539
1,422
1,448
4,1512
1,670
2,5184
9,5361
2,921
1,383
6,8197
7,2218
10,2923
1,393
4,1774
8,2649
1,357
1,532
1,596
4,3230
2,812
2,956
2,679
7,23524
1,545
1,804
2,826
10,2303
1,374
2,774
8,2862
1,497
2,830
1,582
1,419
1,341
8,2838
1,324
8,11249
1,482
3,821
10,3224
10,2126
1,475
5,1709
4,7630
6,2113
1,328
1,1650
1,584
1,494
8,14391
2,733
1,4077
1,493
2,603
9,10980
10,3306
1,421
7,2278
8,2629
1,537
1,443
1,397
2,915
2,722
8,4404
1,375
1,508
2,795
1,616
7,16472
6,2067
1,387
7,2245
7,2301
1,507
1,549
1,318
2,874
8,2337
4,1460
1,443
2,817
1,392
4,1580
9,2962
6,1634
1,487
3,1101
2,735
1,351
1,477
1,405
5,1965
8,2847
7,22055
2,786
1,708
1,464
1,395
2,1219
1,642
1,366
6,2055
2,952
8,3713
1,614
1,958
7,2583
8,21813
8,2641
1,416
1,468
1,374
2,813
1,515
1,323
1,665
9,2934
2,865
3,1194
1,650
1,470
7,2578
8,4294
1,4095
1,441
1,408
6,2061
1,784
2,873
1,407
3,1335
8,2574
3,2181
3,1163
4,1567
1,340
3,1059
7,2203
2,3958
1,475
1,353
1,328
1,385
5,1919
1,506
7,1786
1,503
1,677
1,559
1,551
3,1168
10,3284
8,3259
8,31115
1,471
2,885
4,1393
9,11918
2,3154
1,374
10,3643
1,365
1,941
2,941
3,1216
3,1537
9,2762
2,661
1,907
1,366
1,496
1,493
1,565
2,802
1,336
10,3448
1,467
1,5454
3,1045
6,2140
1,567
8,2560
2,749
1,499
7,2428
6,6335
3,1059
1,449
2,1518
1,367
10,3498
9,11700
1,592
7,12965
3,1125
3,1182
1,408
1,527
1,379
5,1594
1,2058
3,1163
1,546
8,2699
1,268
10,2088
1,415
1,528
7,3204
10,3643
6,2098
9,3447
2,842
2,807
2,618
1,423
3,928
1,524
8,2344
1,282
10,2711
1,441
1,386
9,5722
5,1159
5,1539
6,9626
1,532
1,465
2,718
1,573
4,1419
5,4032
8,2875
1,410
10,3069
2,1589
1,418
8,3056
10,3072
10,3423
2,649
9,3874
1,457
8,2517
1,579
10,3320
1,646
7,11870
10,3189
10,3199
1,529
1,394
5,12511
9,2594
9,3109
1,317
3,1087
1,440
8,2781
3,1148
7,2679
6,2253
7,2555
10,2904
10,3124
5,1870
4,1437
3,1005
7,2600
4,1473
1,479
3,1250
1,437
8,2738
1,462
9,2998
2,752
4,1556
1,555
1,597
1,377
1,2274
1,501
4,1567
7,10420
1,858
3,1105
1,410
1,482
3,1082
7,2606
2,802
8,2681
5,1833
10,2963
1,410
1,483
4,1999
7,2503
7,7358
1,436
6,1508
1,444
4,1358
4,1266
7,2483
8,2700
2,833
10,3341
10,3584
2,742
1,413
4,1644
5,3960
10,5129
1,514
10,3712
1,417
2,649
3,1051
10,3460
6,2231
1,533
10,3326
5,1444
1,345
7,2372
1,491
4,950
5,1832
1,743
10,3242
2,673
8,2566
10,2384
4,1047
8,3090
1,442
10,2174
10,2809
1,461
1,381
1,476
4,1129
10,3126
2,659
7,2305
10,2908
2,790
10,3184
4,1269
2,832
1,477
5,1801
9,2644
1,450
3,1098
7,2501
10,3451
4,1046
1,425
4,1074
4,1477
2,760
9,3407
10,2073
5,1971
2,809
9,2533
5,1519
2,771
3,1129
5,9603
10,2149
4,1486
6,1918
7,3387
1,484
4,1643
7,2334
10,2175
8,2961
1,401
1,385
1,420
4,1368
6,1789
6,10705
10,2876
10,2314
1,461
10,3435
3,1085
1,956
10,3394
10,2603
4,1583
3,3740
10,2374
1,714
2,679
3,838
7,5568
10,2375
10,3102
1,416
7,2581
6,1711
6,1917
7,10350
10,2648
2,992
1,524
5,1022
1,400
2,777
10,2854
4,5826
10,2799
10,3912
1,509
1,539
3,1237
3,1095
4,984
10,2994
3,1333
1,708
2,517
1,373
8,2658
9,2322
3,1250
6,2100
6,2194
2,683
1,406
5,1688
3,1376
10,2367
6,1653
1,384
1,504
10,2598
1,470
8,2841
7,2382
10,3595
6,1643
10,2566
5,1667
1,311
9,4272
5,1843
4,1746
6,1439
3,955
1,519
10,2123
1,298
4,1483
4,1417
9,3236
1,516
6,1489
2,845
1,377
7,2543
10,3060
10,2224
1,248
3,1089
1,674
9,1892
1,367
7,7809
7,2004
1,585
1,424
1,447
2,701
1,373
4,1286
10,2338
10,2850
1,235
6,2373
1,521
10,2924
1,395
6,5467
7,2574
2,911
1,364
1,299
2,784
1,452
5,2126
9,3189
10,2655
1,222
3,1464
1,494
5,1424
1,403
8,2652
4,944
4,1752
1,351
1,246
8,2647
1,375
7,2211
4,1401
10,3251
1,268
10,3692
10,3325
8,1911
1,350
2,796
4,891
6,2246
1,534
1,235
4,1285
1,368
10,8443
7,2638
6,1308
1,340
10,2150
4,1015
1,577
2,667
2,867
10,2196
1,6440
1,283
1,650
8,2677
1,299
4,958
7,2289
6,2094
1,362
9,2274
1,496
1,372
1,492
3,1042
10,2184
9,3258
1,267
1,580
7,2265
1,349
10,2765
5,4141
1,353
1,260
7,2490
3,1198
1,246
8,1941
1,483
10,2316
1,509
1,244
1,559
4,1260
4,1123
4,1525
10,13120
1,280
1,242
7,2502
3,1024
1,346
10,2385
4,1471
10,2873
1,523
1,306
1,299
2,779
4,1089
10,2627
1,445
1,271
1,247
4,7307
3,1353
1,260
9,2148
1,429
10,2402
1,477
1,252
1,240
8,2564
10,3239
10,2217
1,327
1,266
1,299
7,2738
6,1799
1,363
10,2427
3,1086
6,2324
1,430
1,462
1,270
1,431
10,2273
10,3041
1,277
1,330
10,3340
10,7222
9,3087
1,256
10,2200
3,841
6,1682
1,473
10,2176
10,3147
4,1429
10,3112
6,1893
1,332
1,352
10,3336
1,735
7,2085
1,301
10,3242
6,1779
10,2310
1,354
10,2107
10,3119
1,465
10,4623
10,2567
1,264
1,304
10,3105
1,421
7,2366
1,285
10,2680
7,2253
1,351
1,645
10,3317
10,3356
3,1142
6,2098
6,1712
1,259
1,409
10,3722
1,453
4,1194
1,293
10,3820
10,3390
1,506
1,453
5,2170
1,653
3,1133
6,1530
1,550
1,374
1,342
5,1602
1,558
7,8190
10,2572
10,3265
10,3342
1,377
1,449
9,3392
10,3500
6,1944
10,3162
1,409
1,311
1,272
1,375
1,274
10,3208
10,3663
3,1423
9,3079
1,365
5,1772
10,2853
10,2239
3,1080
10,3595
1,354
1,378
10,2530
10,2159
1,362
4,1041
10,3436
6,2014
7,2319
1,244
2,835
10,2151
10,2344
10,2177
5,1956
1,403
1,367
10,2692
5,1713
1,433
10,3409
2,684
10,3822
7,2298
1,272
2,854
5,1971
9,2257
10,2241
1,374
1,275
10,2411
5,1713
9,2247
1,445
10,2642
10,3372
10,4096
4,1345
1,242
4,1779
1,452
10,2366
9,2350
10,3176
1,374
4,929
1,391
1,513
1,392
10,2241
8,3176
10,2787
10,3398
1,227
8,2816
5,1221
1,715
7,2362
10,5892
1,277
4,966
10,6814
5,1210
1,360
10,3025
10,2250
4,1475
1,501
1,236
8,2856
2,596
5,1109
7,2573
10,2309
1,280
10,2138
10,3136
2,1030
10,2256
10,2350
2,801
7,1986
1,307
1,267
8,3002
10,2525
2,609
4,1455
10,2699
1,318
10,2888
10,1959
10,2199
4,1067
10,2328
8,2675
1,355
1,268
10,2528
4,1495
10,2439
10,2265
10,3832
5,1203
1,392
10,2423
5,1421
9,1844
10,2283
6,1222
2,942
1,255
1,425
10,2375
7,2704
9,2008
9,2295
7,1931
9,2047
10,3156
6,1510
9,2396
10,2958
10,2805
1,442
10,3419
1,287
1,298
10,3448
6,1915
10,2394
10,3241
1,455
1,454
10,3080
6,1569
1,622
10,3019
10,2072
1,263
6,1499
1,276
1,271
10,2510
2,952
10,3304
5,1245
1,585
1,263
10,3199
10,3083
5,1746
10,2760
10,2501
1,293
4,953
1,318
1,414
5,1073
2,858
5,1107
10,2486
1,360
1,517
10,3630
10,2317
10,2564
5,1741
6,1308
1,285
6,2133
1,421
1,425
10,2124
2,876
8,1833
8,1726
1,401
1,393
1,605
10,3999
2,1026
8,2603
10,2214
1,236
10,4803
1,334
1,270
5,1611
1,987
1,469
1,506
1,532
1,250
5,1647
1,365
9,3055
1,255
10,3675
1,315
10,3567
1,244
1,386
1,596
4,2065
1,289
1,266
1,362
1,346
10,2430
5,1153
10,2331
1,268
10,3445
1,256
4,1118
1,269
4,997
5,1149
3,1033
1,255
1,244
1,502
1,249
9,2601
10,2060
10,3251
1,215
10,3434
1,305
6,1511
1,335
3,1082
2,455
3,986
1,266
1,293
1,511
1,342
5,1345
10,2198
10,2353
1,215
5,1923
1,235
4,7308
4,1305
10,2196
10,3125
1,392
1,252
1,242
1,380
1,331
1,659
10,3016
5,1090
1,251
1,391
1,234
1,734
2,698
10,2131
10,2057
3,865
1,267
1,315
1,407
1,418
4,986
9,2429
8,2527
1,228
10,2450
10,2288
1,582
6,1534
10,2553
9,1880
6,2017
1,252
1,540
10,2623
2,835
10,2187
5,1870
1,489
1,268
10,2122
10,2872
1,474
10,2819
10,2635
10,3074
3,1013
1,239
1,576
10,2887
5,1343
2,479
1,462
1,346
1,228
5,2079
5,1796
1,466
10,2396
6,1924
10,3167
10,2966
1,253
1,446
10,2794
2,720
10,2416
1,285
1,270
1,374
9,2344
10,3461
1,656
10,3074
7,1528
5,1250
7,2999
1,264
1,307
10,3307
10,2463
9,2276
1,488
1,282
1,318
1,492
10,4873
1,343
10,3418
5,1361
8,1732
9,3943
2,588
10,3361
10,2978
10,2229
10,3392
1,302
1,266
10,2487
1,264
10,3644
1,376
8,2943
10,3422
10,3383
7,4475
10,2194
10,3102
10,2253
8,1761
6,1430
1,328
1,240
10,3586
1,361
1,342
1,343
10,21730
10,3122
1,263
7,2473
10,2328
10,2503
10,3178
10,2572
10,2102
1,318
1,706
10,3195
1,402
5,1405
1,352
5,1656
5,1681
1,370
7,2669
6,2091
3,1221
10,2447
5,1244
8,2536
1,337
1,602
10,3739
1,293
9,3176
1,392
10,3077
10,3079
1,363
4,8528
10,3707
10,3529
1,478
8,2209
1,401
1,354
1,395
6,1923
1,318
2,795
8,2827
10,21903
10,4535
1,342
1,489
8,2845
10,3106
10,3293
10,2546
1,258
1,399
1,346
2,870
1,249
5,1338
10,3397
10,28656
1,379
1,327
10,3309
10,2824
10,2529
5,1528
3,1063
1,331
1,236
10,2573
10,2302
1,318
10,2056
6,2117
4,1508
10,2754
1,249
1,341
10,2506
7,3056
10,2625
6,2351
1,274
10,2198
3,817
4,1286
1,344
10,3337
10,4103
10,3417
10,2130
1,231
1,282
4,1522
10,2624
10,2215
10,3516
1,440
2,585
10,2510
8,2988
1,280
8,1775
1,388
10,5324
9,2734
1,248
1,492
2,701
2,469
10,2071
10,3177
1,549
5,1094
10,2749
2,674
1,445
10,2925
10,5898
5,4036
1,398
1,247
1,473
6,1720
6,2121
5,1818
10,3295
1,298
2,656
2,797
6,2001
10,2293
10,2947
10,13385
1,560
1,422
1,298
1,410
4,944
4,1026
9,2859
3,959
1,384
8,2386
7,7491
4,3267
2,547
10,2835
10,3374
1,407
1,354
10,2455
1,416
10,3314
10,2910
1,396
7,1717
1,247
10,2772
7,1615
10,3287
9,3158
5,1021
9,2571
6,2308
1,289
10,2291
1,521
10,3422
10,3535
1,256
10,2299
1,260
10,2364
10,2068
10,3392
10,2499
3,931
4,1641
1,695
1,290
10,3710
1,425
10,3376
4,1674
1,353
4,984
10,2243
5,1745
3,766
10,3297
10,2585
1,541
3,1618
2,869
1,247
10,3634
1,432
10,3380
10,2153
1,311
7,2439
10,2306
8,1870
8,1865
10,7728
10,2877
1,270
10,3510
1,459
1,299
8,2567
3,889
4,2017
6,1459
1,249
1,481
10,3241
3,912
2,572
4,1176
8,2073
1,293
2,824
1,673
1,272
10,2346
4,1561
6,2044
1,507
1,548
1,528
10,3132
10,2667
6,1386
6,2279
3,877
1,243
2,827
1,561
1,365
2,648
10,2598
1,490
1,467
1,315
1,264
2,770
10,3114
10,3173
1,650
10,2315
1,237
2,830
1,538
1,414
2,638
10,2629
1,394
1,404
1,358
1,243
7,6240
10,3380
4,993
1,364
10,2915
1,331
2,693
1,550
1,375
6,1836
7,2335
1,339
1,387
1,273
1,494
10,2329
3,1563
10,3403
1,451
10,2907
1,290
7,2617
1,549
5,1134
4,1248
10,3567
1,385
1,288
1,247
1,301
3,1439
6,2346
10,2115
1,428
10,3320
1,377
7,2390
1,600
2,593
6,2006
10,3767
1,393
1,689
1,342
1,235
8,2913
10,2432
10,2204
1,420
3,1284
1,368
8,2741
3,1320
10,2108
10,2420
6,1937
1,361
1,362
10,2430
1,243
2,600
7,2094
4,894
1,458
7,1670
1,353
8,2663
8,2929
9,1892
10,3526
10,3512
1,437
1,318
10,2336
1,702
5,1170
10,2818
6,1789
1,403
7,1486
7,1746
8,2391
2,935
10,2814
4,1574
10,2207
1,392
1,443
10,2539
1,715
6,1405
4,1295
1,593
1,440
10,2786
10,3482
8,2716
7,2630
10,3155
10,2867
10,4210
1,422
1,521
9,1912
2,914
10,2300
7,2386
1,562
1,334
3,896
7,2537
1,514
7,2761
5,1677
6,1634
10,7393
1,442
8,3196
10,2062
6,2194
4,960
1,482
1,608
1,413
7,1814
10,3562
1,481
9,2242
8,1820
4,1366
10,5159
1,399
10,3363
10,2822
6,1495
10,2182
1,311
1,299
8,2776
1,448
10,7617
1,446
10,3926
6,1522
10,3760
5,5385
8,2874
10,3570
3,866
4,908
5,1911
1,321
1,419
10,3496
1,364
3,1086
1,368
8,3247
3,703
1,363
1,530
10,3566
10,2965
10,2331
10,2904
10,2294
1,281
1,295
10,3760
1,394
10,2391
3,1099
3,1397
10,2330
1,292
10,2300
10,3182
4,1756
10,2501
8,2041
4,973
1,421
1,547
10,3116
1,359
3,1212
1,338
1,581
4,1545
1,574
5,1907
10,3733
10,17629
10,4368
10,2595
6,1772
1,328
1,447
1,662
1,348
7,1864
1,387
10,2690
10,3010
1,417
1,308
5,2017
10,3653
8,2633
4,1070
1,543
1,251
1,365
10,4111
1,309
2,1111
1,455
5,1102
10,4199
1,433
1,427
10,3182
10,2714
2,4792
4,1180
1,470
1,249
1,294
5,1709
1,313
6,1510
1,363
10,3213
10,3408
1,290
1,301
9,3840
6,2366
10,2992
6,2038
1,532
1,271
10,2657
10,3629
1,401
6,1594
1,404
10,3594
2,749
1,317
9,2236
10,3126
7,1876
7,1709
10,2537
1,470
1,249
8,2746
9,2925
1,341
10,3191
1,244
6,2410
7,1609
1,363
1,341
5,1821
3,739
10,2131
2,878
1,517
10,2224
2,648
5,4853
1,341
10,3192
10,2861
10,2375
10,2125
1,319
1,252
3,1366
2,844
2,631
5,1916
1,436
2,592
10,3405
3,1159
2,672
10,2316
1,322
10,2358
8,2269
8,2007
1,272
2,958
2,935
8,2821
10,3973
1,726
6,2637
1,487
2,904
10,3369
10,2642
10,3316
10,2263
1,348
1,221
1,283
2,954
2,871
1,562
10,3360
1,357
4,1005
6,8085
2,855
4,933
4,2822
9,2522
5,1340
1,362
10,3343
1,378
2,806
3,885
1,321
10,11188
1,403
10,3369
10,20821
2,820
8,1825
4,1371
10,3468
4,1206
1,371
10,2657
1,260
7,2745
7,1689
1,389
4,1207
1,391
8,2575
10,3653
7,2261
10,2243
2,885
10,2991
1,350
1,248
10,3406
1,259
7,2971
10,2568
1,280
8,3046
8,2114
4,912
8,2791
7,1989
10,3454
1,455
10,3230
1,320
1,315
10,3197
3,858
10,3307
8,2916
1,380
10,3649
10,3308
10,3066
4,4586
10,3204
10,3130
1,359
9,2159
1,296
1,251
7,8681
2,893
8,3133
10,3672
1,272
5,1778
10,3176
6,1813
9,2999
10,3239
6,1498
1,401
1,466
1,346
1,237
10,3616
10,2149
10,3454
8,2798
1,302
6,2016
10,3799
2,812
3,1072
8,2666
2,1541
1,416
10,2568
1,455
1,619
3,1104
10,3109
8,2595
8,2761
1,285
1,548
10,3436
10,3361
2,784
1,413
10,3364
1,329
10,4981
1,446
1,342
3,1191
10,3579
8,2926
1,523
1,467
1,545
1,345
10,3286
2,948
8,2671
10,3357
1,441
10,3432
1,355
1,271
2,742
7,2770
1,473
1,434
1,279
1,531
6,2322
4,1270
2,692
8,2806
10,16267
1,321
5,1220
1,369
2,527
2,932
10,3123
3,707
1,450
2,570
1,527
10,6668
5,1541
7,2487
1,484
10,20142
1,562
3,974
1,334
6,1803
2,662
8,2540
1,306
1,264
10,2377
1,469
4,1458
10,2897
7,2073
1,296
4,1595
1,317
10,3415
1,340
4,1480
2,841
10,7535
1,346
1,278
6,1617
1,581
9,2435
10,16025
10,3453
1,392
7,2575
1,269
10,3116
8,2171
10,3256
7,2534
10,3242
1,298
1,283
10,2848
1,559
3,1124
10,3163
10,2909
1,548
8,3224
8,2797
5,1764
10,2897
10,3273
7,2427
10,5605
1,487
1,305
10,2391
3,1134
2,806
8,2556
8,2737
1,465
10,7295
10,3413
7,2484
2,684
10,3236
10,3455
10,3904
1,622
1,288
10,3166
1,1729
2,680
5,1710
8,2934
3,1175
3,1360
7,2623
1,520
10,3401
4,1379
8,2617
8,2845
1,698
1,290
4,1137
1,529
2,989
6,1738
8,2866
1,299
6,1700
10,3682
1,492
3,933
6,1456
8,2076
10,9705
1,533
1,474
8,2795
1,536
2,6953
1,354
1,391
1,384
1,476
10,3696
1,613
10,3817
5,1566
8,2821
3,1190
1,421
10,2415
2,845
2,11072
7,2743
1,489
1,391
1,324
1,436
10,11920
1,2869
7,2597
2,842
8,2939
10,3551
1,435
5,2075
10,3533
2,800
7,2606
1,461
1,320
1,382
1,502
4,1736
1,582
10,39876
8,2852
3,1879
1,2353
4,1289
10,2374
10,3195
2,690
10,3132
2,696
3,1544
10,2329
1,569
3,1276
1,541
1,490
10,3616
1,464
2,497
5,1411
10,3412
1,448
2,969
8,9825
1,387
1,470
10,2411
1,540
8,2935
1,579
3,948
10,3774
1,335
1,288
10,3664
10,2238
6,2081
7,2890
8,2334
1,512
1,657
5,1725
3,1122
6,2185
1,510
3,928
5,1583
1,326
1,349
6,1804
10,3465
10,3803
7,2214
8,2525
1,524
1,337
6,1621
1,414
3,1502
1,654
4,1327
10,8631
1,272
1,566
6,1904
10,3011
10,7868
8,2855
8,4573
3,1242
1,343
10,2978
1,509
2,1008
1,499
5,5234
10,3233
10,2198
7,2556
10,2518
5,1303
8,2944
8,2706
1,309
1,376
1,310
4,1998
1,502
2,692
5,2140
1,339
1,387
1,544
1,375
10,3190
10,2314
10,3195
8,6245
1,413
1,1215
1,365
10,3429
1,474
2,854
1,555
9,3076
8,3227
1,351
1,399
10,2219
10,2728
4,1313
8,3815
1,542
1,470
1,398
5,1879
1,610
7,1903
4,1447
9,2699
10,2278
1,228
1,392
5,1277
1,521
9,6382
3,1574
1,351
1,456
10,2618
4,974
10,3628
7,1912
4,17686
7,2336
9,3182
1,225
1,404
4,1199
10,3342
1,533
5,1424
1,500
2,1023
6,1502
6,1535
2,1226
10,3752
4,1774
9,5693
1,522
1,263
1,394
10,2759
5,1201
1,662
6,1432
1,571
2,897
5,1157
10,3524
8,2694
10,3222
6,2106
7,2254
1,440
1,278
1,568
1,726
3,1223
1,563
5,1191
1,638
8,4001
9,2738
1,362
7,2449
8,4834
5,2031
6,1929
1,476
5,1501
4,1413
10,3551
10,2391
1,424
6,2058
3,941
7,8734
4,1119
10,2463
7,1887
8,7169
9,30149
1,460
1,456
10,2549
4,3150
8,2071
9,3027
1,528
10,3152
1,328
7,5404
10,3401
5,1783
10,3391
8,2531
9,59166
4,1425
1,450
10,2823
10,3180
3,1073
5,1860
1,537
10,2806
1,497
10,2288
10,2172
10,2693
8,2521
1,399
10,15461
1,369
1,468
9,2386
6,1610
10,3351
7,2620
1,2149
10,3260
1,431
8,2737
4,925
3,1164
2,1021
6,1770
1,490
1,348
1,520
10,2286
10,9349
10,2093
1,691
3,1118
10,3190
10,2115
8,3396
5,1141
10,19567
3,986
3,771
8,80156
1,368
1,404
10,3475
10,6421
9,19670
1,596
1,354
4,934
5,1839
3,1138
1,305
9,17346
6,2082
1,600
1,767
1,400
3,1146
5,1383
10,3764
7,2430
1,526
1,460
10,2375
10,3457
6,1663
6,1372
5,2173
5,1611
1,619
1,502
1,437
1,550
1,515
6,1846
1,471
1,518
1,636
4,1008
4,1249
5,1550
10,2320
1,789
10,3045
1,406
5,29074
1,494
1,443
10,3436
10,8186
2,2714
1,609
8,6836
1,542
9,2153
6,2097
1,269
7,2780
10,3005
1,493
1,342
1,475
2,777
10,2420
10,3743
1,565
1,561
2,808
1,605
10,3175
10,2830
10,2279
1,575
9,2927
1,428
2,681
1,446
2,791
8,1905
10,3382
1,632
1,507
2,727
1,324
10,2133
10,2630
3,828
1,462
10,3274
1,383
10,3736
8,2995
2,670
10,3330
10,3335
1,556
1,577
2,779
1,368
5,1488
10,2426
8,2804
1,582
10,2307
1,343
5,9481
1,378
7,1887
10,3041
6,2094
1,1609
4,25335
7,2167
1,280
6,1582
10,3161
10,2271
1,675
4,874
1,273
4,1566
1,286
10,2994
3,728
10,12430
1,680
3,1086
7,1783
1,270
1,246
4,802
10,4124
1,733
10,2346
1,332
2,1438
1,616
10,3375
10,13089
4,1590
1,462
3,18311
10,3993
1,298
10,2369
10,2369
9,13314
1,632
5,1277
4,1460
1,411
1,568
8,7080
2,1202
10,2714
1,660
1,22871
8,2948
1,303
10,2341
5,1414
7,2465
1,599
1,505
5,1414
8,22224
1,649
8,2811
7,2524
1,761
1,404
9,2931
8,6010
1,260
3,1130
4,1193
2,951
8,37505
1,558
10,2724
5,1587
5,1739
8,2879
1,527
4,1447
1,553
8,2558
3,1563
1,370
10,2516
1,469
1,527
1,33679
1,562
9,2965
2,866
1,385
6,1693
4,1729
1,333
1,630
9,2749
6,1663
10,2926
8,2378
1,330
1,550
1,486
1,486
10,3519
1,428
3,1241
6,1876
1,403
1,455
5,1587
1,70310
5,1152
8,1914
10,2105
1,514
1,377
3,1084
1,296
10,2656
1,423
2,836
5,1313
1,537
1,628
1,335
1,479
10,2820
5,1125
10,3249
1,289
1,404
1,365
1,721
10,2356
6,2037
5,4121
4,1157
1,514
1,959
3,2762
9,3198
10,3549
10,2536
7,2144
1,317
4,1377
4,2875
1,422
5,1207
1,465
5,1874
10,2283
1,438
1,635
8,8187
7,6309
6,2261
3,804
2,898
1,271
1,570
1,384
1,391
1,304
1,649
7,3503
10,3639
1,372
1,295
1,458
7,18435
4,1507
10,3742
1,518
1,258
1,510
1,536
1,310
10,3291
6,2159
9,27192
4,3862
1,492
1,522
9,2898
5,2046
10,2282
2,495
1,453
1,318
1,637
9,2852
1,294
10,2529
1,458
8,2836
10,2827
1,456
1,458
4,1465
1,539
10,3349
5,20338
1,511
1,272
1,509
9,6955
1,348
10,2604
4,1286
6,2139
4,1222
1,495
6,2084
7,2584
1,332
4,894
7,3515
1,458
1,354
1,477
7,4047
1,350
3,778
9,4462
1,562
10,2492
1,537
1,417
9,17630
1,342
5,1080
3,1140
1,480
3,851
1,433
6,2195
10,2380
10,2410
1,648
4,11500
5,1182
6,2053
2,848
8,2586
1,569
4,1020
1,524
1,481
10,2724
1,481
9,3270
9,2221
10,3914
1,506
2,924
6,1520
5,31887
2,1007
9,2853
5,1991
6,1403
5,1728
1,455
8,1722
3,1104
1,342
5,1281
10,3342
1,721
2,624
1,475
3,881
2,883
1,324
5,2098
1,458
7,9479
1,433
7,1765
4,1470
8,5645
10,2223
7,2589
1,493
3,6643
1,263
1,321
8,2006
1,510
2,766
1,292
4,2733
1,408
8,2204
5,1542
2,853
10,1997
1,533
1,539
4,12835
1,282
4,1256
7,1748
1,476
10,5952
1,354
4,1675
1,495
10,3248
1,331
5,2465
10,2486
1,380
2,818
4,1611
1,338
4,1448
10,2142
5,1679
2,851
1,333
9,2993
9,3591
10,3204
1,451
1,502
5,1633
1,405
3,1488
7,2712
1,278
9,4385
9,4999
1,506
1,727
1,678
9,3130
3,1353
2,795
4,1204
1,345
3,1054
1,450
4,1491
5,4600
1,353
7,2228
8,2717
10,8145
5,1755
1,391
7,27099
5,2235
2,731
9,2876
2,1076
1,320
1,456
4,1473
7,3327
1,443
9,4418
8,2484
2,635
4,1570
1,283
8,23741
4,1735
1,514
6,2045
5,2863
4,1308
1,625
7,2544
5,1913
1,308
6,1937
3,1253
2,853
9,4432
1,356
6,2117
1,78674
4,1734
8,2525
10,23657
4,1238
1,685
7,5154
6,2067
1,319
4,1260
1,450
5,1682
7,2878
1,379
6,2529
5,1836
3,998
5,1547
1,343
5,3203
1,486
6,4565
4,1837
1,779
1,380
10,2373
1,466
1,556
1,398
4,1440
8,2639
4,1222
1,369
9,2955
8,5797
1,7632
5,1696
6,1983
10,2720
5,1479
5,1972
5,1732
6,2092
10,2496
1,431
1,328
1,340
9,38253
5,12085
9,9898
1,597
3,1151
3,1381
1,344
1,492
10,2932
9,3184
9,3063
10,3739
1,457
4,1275
9,2946
7,23865
8,2527
4,43892
7,2732
6,2139
5,1635
10,3196
5,2897
10,2099
1,466
1,582
3,1132
2,679
7,2297
7,2562
1,473
1,364
1,371
1,369
3,992
6,2486
5,1772
1,586
6,1787
1,450
1,370
10,2850
1,359
4,1459
9,58133
1,325
1,539
9,37652
4,18820
6,2687
1,546
10,2662
1,591
10,3289
1,414
1,788
10,2536
1,542
9,3278
8,62412
5,20404
1,568
7,2241
3,14627
3,1127
3,1138
3,704
4,1645
10,2576
8,7879
1,616
10,8333
1,560
6,2168
8,63437
1,445
6,2146
6,1762
4,8552
4,1433
1,461
9,3113
2,1300
10,2266
1,670
3,1865
7,2970
1,490
1,283
6,13182
10,3375
4,1683
1,341
4,1513
5,1651
1,466
5,1965
1,579
5,1331
1,551
1,436
1,561
1,1018
1,449
1,331
2,799
1,532
4,34519
4,1476
4,1605
4,1524
7,2417
5,1614
1,246
4,1649
1,477
3,1116
1,566
5,1590
1,8883
5,1774
1,557
1,648
7,2571
2,690
1,397
1,399
10,10464
1,273
1,470
1,509
3,2427
1,413
1,535
5,10067
1,419
9,2990
1,297
9,5083
2,933
5,1671
1,370
5,1740
1,243
1,497
1,503
4,1520
1,434
2,816
8,19461
5,1754
2,794
5,1402
5,1801
1,504
1,509
5,1720
6,2086
4,951
6,8486
2,1338
4,1524
1,482
10,3223
1,18036
9,14651
1,695
6,44175
5,1637
8,2701
3,1179
3,1065
8,4537
1,342
9,8089
1,560
1,603
1,339
4,1310
1,436
7,2339
4,1425
1,456
6,2223
8,2636
3,1075
4,1402
4,1494
1,355
1,533
3,983
1,727
1,458
5,1964
1,376
1,497
1,548
1,399
6,4563
6,2035
1,643
4,1483
9,2906
1,256
2,1028
1,459
9,2914
1,351
2,785
1,462
1,633
2,538
1,344
1,497
5,1612
1,496
1,449
6,2035
1,266
1,463
4,1808
8,3858
5,30940
1,446
1,2309
1,460
1,455
1,43574
2,1560
7,2293
2,949
8,2882
1,348
1,315
1,417
5,5161
7,9409
3,1282
5,2321
1,492
6,2377
1,485
5,1655
1,574
10,3804
1,513
8,3041
2,692
1,341
1,370
7,2423
6,2152
1,352
1,767
1,474
4,2152
1,461
1,392
5,2305
1,375
1,550
9,3045
7,4235
1,256
2,1223
7,2693
7,6364
1,531
6,2237
1,437
1,435
5,1837
1,353
1,657
4,1809
1,581
7,2938
1,364
4,1061
5,1746
5,1921
5,1490
10,16586
8,2832
2,714
3,1448
1,589
1,9479
1,638
1,485
1,445
6,2069
1,424
10,2559
3,1159
7,16100
8,2894
5,1703
1,4489
1,1441
1,371
5,1657
9,13356
4,1534
1,545
7,2664
6,3090
1,439
3,1008
5,1717
4,1837
5,1672
2,889
1,533
5,1766
1,418
6,2017
1,362
2,897
1,538
2,717
4,1436
1,419
8,2483
7,2543
5,1856
1,331
1,349
7,6559
1,497
9,8779
7,2387
1,452
5,1596
1,500
8,2927
1,501
2,751
6,2452
4,7265
6,2292
1,323
5,1730
1,342
1,433
1,605
7,2479
10,3295
10,18676
3,9252
4,1178
1,588
1,324
10,3710
7,2481
3,1118
1,335
7,2599
4,1296
1,537
1,704
6,2139
1,560
5,3407
5,8846
8,2286
9,15067
3,1004
10,3455
6,2190
3,998
10,32110
6,2365
9,3726
1,498
3,1065
5,9073
5,1709
5,5781
1,3147
6,2470
1,15315
4,6142
2,901
5,1776
3,1031
1,337
9,6059
1,402
1,361
1,1021
3,1172
1,386
6,1947
1,467
8,2964
1,6775
1,357
7,2560
5,1757
5,1760
9,45159
4,1484
1,490
2,934
1,591
5,1894
1,375
7,2272
3,15836
6,2675
1,14997
3,2380
1,444
5,2401
3,1109
1,503
7,2534
1,417
10,4484
1,401
5,1940
1,377
7,2283
1,608
1,583
1,534
4,13236
3,1187
6,2127
2,799
1,715
2,978
1,364
5,1600
2,669
3,1141
5,1677
1,606
6,5970
4,1420
1,450
1,349
4,3748
3,1201
4,1447
1,8500
3,998
1,433
1,393
4,1407
4,1501
1,410
4,6088
1,563
9,4149
1,477
5,5108
3,1198
3,1288
1,394
1,376
4,2031
1,541
7,2165
5,1787
5,6609
8,2634
1,520
1,464
8,3178
1,347
1,390
4,1588
4,1423
5,1753
1,369
5,1813
2,699
5,1835
7,2410
2,883
4,1399
1,419
6,1846
10,3913
5,1778
7,2283
1,502
2,726
8,2839
1,329
3,1140
7,7366
8,2783
7,2189
1,594
9,3106
1,438
9,3389
6,1929
1,477
1,372
9,3584
2,806
2,702
1,356
7,2371
1,405
1,536
7,5264
1,661
2,982
5,1922
9,2821
6,2344
1,418
6,2106
9,3020
1,554
5,1570
1,367
7,2402
3,1078
9,2979
6,1983
2,936
3,1159
5,3988
6,2214
10,3239
1,466
3,1081
1,534
2,987
6,3963
1,441
6,2170
4,1382
4,5830
5,1769
8,3048
4,1794
1,333
10,3417
10,3258
1,396
5,1647
7,2763
5,1572
8,2703
4,1238
5,1770
3,1065
2,737
3,1124
5,1842
5,1840
1,551
10,3440
10,3554
1,344
6,1735
6,2334
8,3090
10,3725
1,367
3,1188
5,1793
3,1004
5,2276
8,2802
7,2743
1,430
10,3701
1,581
10,3254
6,24975
1,502
4,1486
5,1759
1,337
5,1850
7,2312
5,1701
3,1106
6,1926
7,2745
3,1046
1,540
1,451
5,1799
3,1002
7,2750
6,2153
8,3764
5,5546
6,2110
5,1733
4,1291
3,963
4,1273
7,2497
1,534
4,1441
2,497
2,755
4,1399
1,526
8,2845
5,1742
2,1023
3,1001
6,1949
7,1977
3,1135
10,8222
6,2636
1,365
1,469
1,419
1,1581
4,1416
1,431
10,3405
1,867
5,1647
3,1149
3,17263
6,1775
4,5908
1,953
5,2620
1,465
4,1417
1,471
9,3547
2,798
1,420
1,670
1,464
6,2247
4,1588
5,1807
7,2437
5,1660
8,2705
5,4942
1,1441
10,2597
1,412
8,2815
2,812
5,15958
5,13118
1,528
8,2910
5,4071
6,1964
5,1679
2,788
1,459
5,2066
3,1186
10,2342
1,674
6,2237
5,1535
1,383
1,407
1,495
4,3795
1,579
3,1266
6,1831
1,4134
1,466
3,1289
5,1802
8,1830
4,1213
9,3011
8,2875
9,36624
8,2708
1,533
7,9206
1,567
5,2231
4,1357
8,3002
4,1409
3,1183
4,1315
10,3482
4,1632
1,338
7,3394
1,403
1,345
1,342
2,778
4,1501
4,6944
5,1682
2,927
1,371
6,7606
7,2382
2,622
1,345
2,1002
4,16211
8,4752
6,2393
1,527
1,438
1,505
4,1359
6,2612
5,2020
1,424
3,1105
7,2288
10,2851
1,312
6,2274
6,1874
1,705
1,926
1,468
3,1481
1,699
2,921
4,1250
5,1837
1,435
4,2060
6,2202
10,3498
1,450
2,926
10,7411
1,408
4,1980
1,439
4,1408
1,544
5,1724
3,914
8,2609
6,2238
1,472
5,1628
10,2874
1,482
3,1749
8,3535
1,1264
1,4944
1,521
7,2332
2,749
2,716
3,1093
4,1269
1,355
1,361
5,1800
1,361
1,559
5,1865
5,2452
1,456
1,480
1,555
7,2659
1,578
8,3589
5,1699
10,3207
1,593
5,1736
6,2264
1,393
10,2560
4,1301
3,1199
1,426
1,445
10,3253
5,7444
1,309
7,7310
1,377
8,2530
1,448
1,466
3,3968
1,395
10,3795
7,2346
1,453
1,500
1,543
6,2113
7,2472
1,474
6,1883
4,1383
1,434
4,2964
2,714
3,1066
1,268
4,1401
7,2751
6,1791
1,496
1,597
9,2943
6,2000
1,484
4,9260
1,344
5,1794
1,449
1,457
4,1495
1,320
10,2327
7,2363
4,1707
1,495
1,478
10,3019
5,1792
1,521
10,5753
1,355
5,1422
1,689
2,845
5,1740
1,266
10,2805
4,4849
1,405
10,8787
1,508
6,1472
5,1744
1,536
1,428
1,405
1,524
6,2087
1,404
2,934
1,357
6,1532
5,1935
1,834
2,946
10,3464
10,2045
3,1119
8,2807
1,365
3,991
6,1873
4,1469
1,274
2,836
1,274
10,2952
5,1899
1,484
1,544
10,3044
10,3258
5,1875
7,2409
1,645
1,511
1,3837
6,2232
1,269
3,1362
1,306
5,1283
5,1818
1,480
9,3244
6,3649
1,423
6,1894
4,1380
5,2517
1,418
1,433
9,2870
1,895
8,2916
1,299
10,4073
6,2283
1,437
5,2144
10,3720
4,855
3,1124
6,1961
8,2848
1,436
1,341
6,2178
1,410
5,1793
5,1385
10,3609
3,995
6,2036
7,2569
9,3562
4,1150
3,1033
6,5979
3,1012
1,369
1,461
10,3658
1,294
2,882
10,4030
10,3383
3,1003
1,595
6,2164
10,3491
7,1957
1,19933
10,3230
1,398
1,387
1,399
10,3573
1,430
7,2492
10,5125
5,1535
3,1281
1,682
4,1392
10,3478
10,3297
1,398
3,1388
1,411
1,479
1,463
10,3222
1,584
4,1457
5,1778
10,2979
5,1861
1,433
9,3078
4,1587
10,2296
4,1264
3,1471
1,380
1,363
9,2258
4,1573
8,2579
6,16382
10,3217
10,2925
1,597
1,370
1,461
1,399
4,1523
1,379
6,2286
4,2727
6,1873
1,428
1,431
8,2773
7,2479
10,2277
10,2409
2,755
7,2390
3,1145
7,2568
10,2199
5,4167
4,3372
1,373
1,442
1,419
4,1330
2,660
8,2682
10,2578
10,2487
1,490
10,3535
2,745
10,3709
10,2844
1,453
10,2714
6,9255
2,984
1,411
10,3113
5,6665
5,1212
10,3468
1,283
2,999
8,2727
3,742
10,3067
3,1112
1,468
9,2641
1,447
9,3208
1,459
8,2169
4,1405
3,1256
10,2397
1,236
1,573
6,2014
4,1059
4,1191
10,3386
2,723
6,2488
1,485
5,1738
9,2953
4,1215
1,479
1,474
10,2211
1,247
1,519
4,1493
4,1554
10,2257
6,1697
1,529
9,3006
1,519
4,1387
10,2592
10,2199
10,7402
1,475
10,3398
1,228
1,403
10,2379
7,2455
3,831
1,571
2,1128
6,1456
10,2520
4,1372
6,1905
10,3076
8,2804
6,2060
10,2281
1,288
1,711
10,3337
7,2310
10,2753
1,431
6,2253
10,3161
10,3443
10,3206
10,2167
2,602
4,1593
4,1616
10,2465
1,296
1,592
3,1175
7,2365
10,3140
1,258
1,338
10,2222
6,2745
8,2813
10,2384
10,3197
6,2070
1,562
10,3613
1,240
1,536
2,819
6,1967
6,2110
1,274
1,399
10,2966
8,2934
4,1302
10,2568
6,1995
9,2121
1,478
10,3406
1,243
1,390
4,952
1,481
1,429
1,639
1,374
1,414
6,1672
6,2347
1,427
10,3249
9,3183
1,424
1,611
1,243
1,501
2,831
5,1675
1,319
1,296
1,433
4,1087
10,3647
10,2603
4,1016
1,443
6,1693
1,690
1,323
1,642
1,483
10,2390
6,1880
1,338
1,373
1,485
1,657
10,3385
9,2159
10,2917
1,335
10,3431
1,441
1,302
10,2526
1,618
10,2244
5,1465
1,244
1,284
8,2814
4,1098
2,759
6,2804
7,1748
1,272
6,2049
9,2769
1,288
10,3503
8,4981
8,1684
6,2178
1,249
1,319
2,751
1,475
4,1245
5,1807
4,1100
1,282
10,2227
1,324
1,280
6,1785
2,861
10,2046
3,1033
1,439
1,235
3,1014
1,253
4,1386
10,3125
10,2362
1,278
10,2491
1,449
1,306
10,3756
6,2117
10,3026
1,514
1,295
2,598
7,2405
1,302
10,2414
10,2135
10,2344
1,365
10,2871
1,518
1,261
10,2930
5,1900
10,2868
3,1095
1,300
5,1167
6,2042
1,371
7,2306
10,3146
3,1298
1,312
1,311
1,578
1,254
10,3162
8,1885
10,3121
3,1177
1,245
10,3236
4,1344
1,331
10,2665
10,3255
10,2585
1,281
4,1112
6,2045
1,341
4,1048
10,5470
5,1758
1,483
1,242
10,2908
8,3331
1,283
10,2280
1,579
10,3209
1,349
1,449
10,3589
1,300
1,580
8,2734
1,486
4,1426
2,564
10,6576
3,1125
1,263
3,973
4,1183
6,1969
1,249
4,1204
10,3293
1,512
1,578
3,1013
1,578
1,352
10,2393
8,2265
4,1395
1,283
10,2134
5,1540
1,526
10,2284
1,506
6,1989
1,539
2,813
5,2392
1,311
1,390
10,3087
5,1782
6,2122
1,264
10,3104
1,561
1,362
5,1246
4,1334
10,4581
2,900
9,3195
1,602
1,289
1,406
8,13964
10,3108
6,2119
1,236
10,2186
1,395
1,287
10,2986
1,319
10,3476
10,7412
10,3851
10,2813
1,235
1,501
10,12771
10,3213
10,3192
10,2938
1,374
1,374
1,270
10,4046
1,253
4,1017
10,12812
10,3176
10,3753
1,261
5,1919
10,12780
10,2996
10,3212
8,2419
1,282
1,366
1,270
5,1253
1,297
4,1227
9,3175
10,3315
9,2898
1,235
1,454
10,3377
10,4281
9,3269
10,2572
1,340
1,315
1,263
10,2277
1,262
10,2470
10,3301
10,3433
6,1910
1,275
1,722
10,3538
10,2261
6,2044
2,722
1,268
1,334
1,239
10,3340
1,249
2,723
9,3084
9,2822
10,3186
1,254
2,1144
10,4381
6,1567
10,3441
10,2126
1,391
1,272
1,240
10,2289
1,323
10,2179
8,2760
8,2336
6,2270
1,236
1,429
10,6578
10,2043
10,3663
10,2719
1,295
1,277
1,324
10,2872
1,270
8,2809
10,3567
1,518
10,2890
5,1153
1,591
10,2915
10,2560
10,3078
10,2200
1,271
1,254
1,244
10,3397
1,236
10,2329
10,3178
1,318
10,3309
10,3139
1,521
10,8068
10,2367
4,935
2,767
1,302
1,326
10,3355
6,1393
1,237
10,2844
10,3569
1,270
1,622
10,3436
2,824
1,561
4,1358
1,395
8,1812
1,355
10,2180
2,610
10,3505
10,2468
10,2395
10,2354
1,352
4,1263
10,3507
5,1761
1,395
1,523
4,1023
5,1200
1,251
8,2813
5,1616
10,3068
8,2395
10,3216
10,3503
1,285
4,1454
10,3039
6,2093
1,357
1,360
1,271
10,3312
5,1102
10,2075
10,3458
10,3322
6,2110
1,393
10,2797
1,255
1,482
10,3262
8,9329
1,368
1,352
1,313
10,3572
10,2128
10,2704
8,2668
10,2901
10,2596
1,259
10,2965
1,345
1,255
10,3155
4,3500
1,398
1,542
1,301
10,3558
10,2724
10,2261
5,1554
4,5875
10,2310
1,334
1,465
1,319
1,243
5,1815
10,3999
1,390
1,256
8,1845
5,1558
10,3350
2,834
10,2572
1,395
2,469
1,243
1,286
1,306
1,301
10,3342
8,2794
1,531
1,263
1,252
10,3371
10,3343
10,3100
10,3274
1,351
10,2512
1,238
1,275
1,288
1,255
10,3268
4,1595
1,388
1,247
1,230
10,2176
5,1289
1,369
10,2631
1,311
2,645
1,245
1,324
10,2459
1,276
5,1600
4,2732
1,275
1,260
1,240
10,2759
10,2610
5,1062
10,2430
1,249
5,1122
1,281
1,402
10,2961
1,261
10,3088
1,386
1,251
1,346
1,240
1,434
10,2852
10,2017
10,2328
1,270
10,2183
1,246
1,377
7,2463
1,227
10,2572
6,2811
1,483
1,274
1,236
1,261
10,2117
10,3451
6,1399
1,410
10,3101
1,245
1,407
2,626
1,261
10,2778
7,1619
10,2527
1,426
1,393
1,256
10,2981
10,2988
10,3406
1,275
10,2812
1,265
1,278
10,3669
1,278
10,6049
10,2751
1,433
1,269
1,239
1,325
10,3361
9,2449
10,2435
1,290
8,2173
10,2497
1,238
10,3573
10,3057
6,1758
6,1982
9,2563
1,622
10,2244
1,366
10,3301
10,2536
10,3519
1,348
5,1492
2,595
1,274
3,1058
8,2048
1,336
6,2068
2,976
10,3709
2,858
1,336
10,2031
5,1586
10,3286
1,366
10,3180
5,1297
4,2668
8,1924
4,1360
1,423
10,3453
10,3161
9,3264
10,2940
1,314
10,2619
10,2745
4,930
10,2853
10,3202
10,3576
5,2175
3,1242
10,2378
1,412
10,3599
9,2534
10,3047
10,2715
1,342
10,3453
10,2990
1,454
1,271
10,2696
10,4955
5,1740
6,2697
10,3204
1,303
1,441
10,4612
9,2643
10,2034
1,299
1,372
1,419
1,370
2,826
1,510
8,2588
10,3408
9,3290
2,592
1,265
10,3410
10,3229
10,2335
10,2466
1,489
1,330
1,441
1,436
1,414
1,277
5,1532
10,3228
5,1939
10,3439
1,266
1,482
1,376
9,5480
2,571
10,2921
1,293
1,290
1,405
10,3366
1,313
10,3140
10,3519
4,1536
6,1201
1,667
3,1209
9,1864
10,3586
5,1076
10,3255
1,253
1,291
1,286
9,3367
6,1380
10,2256
6,2383
4,5939
2,705
1,414
10,2438
8,7869
10,3204
10,3243
10,2264
1,290
1,235
1,273
10,3210
1,310
10,2771
5,1666
5,2046
5,1438
1,469
1,635
10,10571
10,2556
8,2556
10,2845
1,270
1,533
1,259
8,2632
1,381
5,1415
5,2221
10,4442
10,2367
1,359
1,288
4,1480
7,2600
10,3053
10,3492
1,238
1,396
1,256
9,2985
1,391
10,3341
6,2217
10,9377
10,2243
4,1663
1,253
6,2032
10,2780
10,3547
10,3227
1,330
1,495
1,268
10,2900
1,273
5,1151
1,427
10,3525
10,3235
2,615
1,253
10,2770
10,3486
5,1446
1,463
1,366
1,387
1,476
10,3345
1,240
10,2106
4,1413
7,2684
10,3323
10,3317
1,444
10,3180
10,2645
10,2352
9,2150
1,374
1,386
10,2626
7,2245
1,248
10,3628
9,3109
1,545
8,8121
10,4400
1,318
2,578
3,1254
10,3290
1,454
10,2251
10,2778
1,438
2,777
1,236
10,3084
10,2522
1,626
5,1651
10,3372
4,927
10,2490
1,588
10,2957
2,878
1,339
10,3152
2,493
10,2355
10,2231
10,3423
10,3710
5,4941
10,2205
10,3090
1,244
7,1624
1,396
1,492
1,562
2,451
10,3522
2,905
10,3185
10,2140
1,598
8,4703
5,5047
10,2771
10,3340
1,239
10,2618
1,423
1,243
10,3230
10,2527
10,3846
1,593
10,3239
4,1459
1,540
1,551
1,2532
1,428
8,2937
4,1034
10,3608
1,483
1,278
10,4034
10,3531
10,2321
9,3040
3,1395
10,2267
1,392
10,3654
6,5707
1,263
4,1626
8,1933
8,2693
1,610
1,247
9,4813
10,2746
10,3143
8,2583
8,2700
10,3372
1,618
5,1890
1,547
1,243
10,3897
4,1091
3,1120
1,379
1,262
10,2842
9,5636
1,408
10,2257
1,569
10,3062
1,467
2,827
1,364
1,255
10,2896
10,2302
1,492
1,315
10,2176
8,2439
8,3142
1,509
8,6685
1,332
1,574
1,450
10,3439
1,281
1,248
2,479
10,1991
1,324
1,439
1,385
9,3955
10,3230
2,599
9,3935
1,309
2,652
1,393
9,3150
1,281
1,251
6,1394
2,888
1,357
1,433
1,233
1,429
10,3479
10,2725
10,3225
1,374
2,657
1,485
1,542
1,261
1,280
10,2709
10,3418
1,323
1,439
1,395
1,345
2,577
10,3207
10,2978
1,390
1,308
1,367
1,579
1,371
1,370
10,2337
10,3640
1,248
3,819
1,264
1,361
10,2144
9,6583
7,1861
1,402
10,2904
1,494
1,534
1,604
1,348
8,2337
6,1627
1,345
4,1528
1,242
1,385
10,2126
10,3341
10,2234
1,270
9,2959
1,349
5,1649
1,574
1,242
10,4113
2,935
1,364
5,1681
10,2265
1,597
10,4053
10,2730
10,3392
1,241
10,3271
9,2946
1,619
10,3579
10,2614
9,3421
5,1212
1,254
10,3539
10,3066
1,407
10,2349
9,3486
10,3429
1,231
8,2520
1,369
1,557
10,3449
10,3287
1,585
10,2426
1,350
10,3454
10,2258
1,532
8,2414
8,2636
10,2442
1,722
10,2693
6,1355
1,593
4,1491
6,1575
1,282
10,3185
1,400
10,3354
10,2373
1,451
1,428
1,506
3,1203
10,2463
8,2644
2,776
1,546
8,4724
10,3769
1,456
10,3405
4,1533
7,4653
10,3113
1,385
1,267
1,284
1,1251
5,1775
9,2202
1,549
1,508
5,1872
10,3546
1,576
5,1804
3,1157
6,2072
1,493
1,255
1,386
1,277
1,348
4,1260
1,367
10,3350
1,414
10,3683
10,2979
1,466
8,2297
5,1708
5,1606
1,318
10,3469
1,290
1,269
1,361
4,1381
1,444
9,2927
1,402
2,953
4,1089
1,843
10,2717
6,2661
5,1789
1,493
10,3323
1,254
1,274
1,386
10,3482
1,480
10,10195
4,1448
6,2081
2,853
1,531
1,495
4,10804
7,2498
2,960
10,3375
1,346
1,321
1,4719
10,3870
1,409
4,1067
1,539
5,3163
1,622
1,846
1,380
10,8144
10,3394
9,3899
2,690
1,367
1,334
1,368
4,1544
7,2137
8,1975
3,1294
2,929
1,399
1,399
10,3225
10,3545
10,3478
10,3120
10,3655
1,373
2,693
1,336
9,3038
1,364
9,4511
6,1949
5,1930
1,621
1,366
1,384
7,1854
8,2692
10,3384
10,2844
1,414
1,397
1,350
6,3362
1,425
4,14347
9,2385
1,530
8,2982
1,488
1,412
10,20096
6,2004
9,2686
8,2692
1,380
1,408
1,746
1,474
1,401
10,14536
7,2399
3,2084
6,1358
4,1572
10,2396
5,1772
4,1619
10,2557
3,1143
6,1730
1,395
1,405
6,2308
1,368
2,671
8,2732
6,2004
10,3570
5,1693
1,233
6,7043
5,1485
9,3061
7,2141
5,2064
10,3257
10,2235
6,2184
1,372
10,3662
6,1773
8,20795
9,2698
10,3361
1,229
7,2348
9,2947
8,2537
4,1646
4,2426
10,6245
6,1834
5,1636
1,364
6,2232
9,7675
7,2446
9,3036
10,7840
1,233
10,3338
1,5374
1,515
4,1317
5,1705
8,2647
4,1621
10,3357
10,3290
10,6672
7,2263
8,1896
10,3134
10,3299
1,229
4,1581
10,3458
1,392
5,1584
9,2863
10,2079
5,1795
7,2634
10,3052
10,7378
4,975
9,2652
4,1596
10,4429
1,240
10,3402
3,1115
1,290
10,3502
3,1295
10,2515
4,1639
8,2924
3,1594
10,3239
1,456
5,1476
10,3189
6,3535
1,353
5,1725
10,3316
1,316
10,3569
4,2788
10,3513
10,3486
4,1296
10,2663
8,2567
3,1051
7,2329
9,3358
5,4548
10,2306
8,3179
2,642
1,388
10,7282
10,3400
3,1200
4,1399
10,7009
10,2215
1,518
2,786
9,6508
1,643
2,887
6,1694
10,3582
1,521
10,2142
6,2261
10,3177
5,1706
4,1293
10,3289
10,2850
1,430
10,2702
1,546
1,559
10,3071
10,3379
3,1305
1,301
1,292
6,2114
10,3735
4,1359
6,1882
5,1564
4,1462
1,370
10,2646
4,1378
1,412
1,412
10,3030
6,2110
1,438
1,313
5,1682
1,436
4,1286
9,2824
3,1266
6,1981
1,367
7,2512
1,387
1,367
10,3508
10,3427
2,794
1,311
1,373
1,602
7,1771
10,2791
1,414
2,815
6,1965
1,299
4,1401
1,607
1,253
4,1212
4,1107
1,491
1,382
1,359
1,563
6,1696
10,3260
6,2040
6,1935
4,1432
1,306
10,3289
1,610
1,239
5,1662
10,2627
1,476
1,406
1,407
1,650
7,2814
10,3190
5,1953
1,14744
4,1429
1,551
9,1990
2,858
1,317
10,8471
1,493
5,1722
1,657
10,3355
1,526
10,3366
7,2270
6,1944
5,1650
4,956
1,368
10,3525
1,518
1,244
8,2704
2,665
1,369
1,416
2,689
1,464
1,1203
5,1683
10,3218
1,512
10,2806
1,268
3,1290
3,3298
1,273
9,2273
1,441
1,664
1,409
10,3447
1,563
4,1193
6,3449
7,2254
1,518
9,2896
1,276
6,2170
1,547
1,447
6,4985
10,2547
1,4590
1,314
10,3747
1,527
10,3047
6,2181
8,2843
1,496
10,2606
10,2328
1,672
1,463
10,3384
5,1794
10,3607
1,549
2,667
10,2785
1,634
5,1607
1,530
10,3613
1,626
10,3083
3,1031
1,453
1,416
10,3526
1,617
10,3769
1,495
1,558
8,2527
1,480
10,3520
1,622
5,1927
1,415
4,1589
9,2555
1,586
1,633
7,2479
5,2097
9,3074
1,364
5,1681
3,746
1,454
3,1118
1,415
10,3364
1,273
1,652
4,1161
1,21652
1,537
10,3309
1,480
10,2573
1,341
3,1171
4,1417
1,492
9,16253
1,278
3,1359
1,474
6,1895
4,13639
1,620
1,552
10,3584
1,536
1,678
1,326
8,2401
4,1360
4,1117
6,8951
1,387
10,3401
9,3167
6,3475
10,3632
1,36358
10,3143
10,6893
1,483
1,525
1,348
9,3011
5,1614
6,2143
1,412
1,400
2,899
1,2455
6,6776
10,3269
2,862
10,2818
3,1595
1,492
8,3028
2,868
7,5553
10,3334
9,3686
1,458
1,445
1,484
1,601
1,510
7,3574
4,1392
8,2878
5,1287
1,429
1,621
9,2915
8,2294
10,3091
8,2875
1,524
4,1337
5,2375
5,1837
1,359
6,14013
1,322
10,10864
3,1183
1,424
1,492
3,1252
9,2269
7,2164
1,544
5,1806
1,470
1,530
1,446
1,374
1,14160
1,336
10,3368
9,2207
1,381
9,2657
6,2097
5,1744
10,3180
10,4364
1,439
1,410
1,490
3,1032
1,412
6,3491
1,348
10,23454
5,2540
1,499
1,397
7,2022
7,2804
6,2026
10,7268
1,482
1,406
1,401
6,1556
1,388
2,844
6,2017
2,866
4,2281
1,430
1,457
9,2650
3,991
6,4787
4,3554
1,491
8,2772
1,671
1,431
1,437
10,3793
1,350
2,946
4,2418
5,1751
1,350
8,3204
1,511
5,7009
5,1785
3,1770
10,3224
1,492
8,2706
1,384
1,568
1,472
2,880
10,3915
3,1123
1,313
8,2800
2,763
1,479
2,925
1,473
6,1918
1,464
10,2994
1,312
4,1531
1,4185
4,1280
10,3605
6,1946
1,266
7,2394
10,2651
1,273
9,3233
1,437
10,3389
1,473
5,1875
1,458
10,4041
1,396
2,1209
7,2364
7,2261
1,336
4,1461
7,1762
1,285
6,2254
1,377
1,471
1,485
7,2436
8,2635
5,1408
1,393
1,532
10,20825
9,3007
10,2873
3,1013
10,2404
1,328
2,843
1,475
6,2031
1,382
9,2232
1,353
10,3436
1,640
1,377
1,387
10,3024
2,994
1,441
10,3324
1,413
5,1844
5,1667
9,3693
7,2040
4,1240
8,2922
8,2694
8,2838
1,501
6,2258
7,1494
7,1880
2,925
9,5107
8,2762
8,2567
1,324
4,1332
2,831
2,823
10,9177
9,3186
6,1518
8,2703
6,2408
7,2460
10,2295
7,1756
10,16306
1,424
4,1340
7,13655
2,827
5,1899
10,2590
10,3803
6,2081
7,2422
6,2744
1,441
4,1436
10,2255
10,2243
10,2876
1,556
1,349
6,2001
5,1651
1,467
7,1622
2,792
5,1827
9,3096
6,11566
1,1241
3,1058
10,3100
10,2354
3,1170
1,1947
6,2344
7,2329
10,2948
3,1209
10,3429
10,3719
1,519
9,6576
9,3070
1,722
1,437
3,1217
10,3231
1,651
1,597
3,1068
10,3253
5,1738
6,2365
10,3669
5,11628
1,472
4,3624
9,3078
1,521
3,1013
8,2488
10,17994
1,12046
1,467
9,3109
9,2142
2,1045
3,1151
10,3032
2,909
1,643
4,4232
7,15969
1,379
10,3382
3,794
10,11234
1,644
6,2169
7,2236
5,1731
3,1241
8,2754
10,7939
5,1751
1,572
2,915
3,996
1,675
7,2288
4,1693
10,3190
1,515
4,1328
8,3002
9,8915
1,494
8,2354
10,3501
2,895
1,522
3,1186
1,451
1,407
4,1147
4,1291
3,1872
1,536
1,3116
6,1717
4,2155
5,1898
5,9674
3,1068
3,1149
1,577
9,3277
1,519
1,410
10,2162
4,1479
1,550
1,313
9,2872
9,3132
3,1518
6,2154
4,1426
1,637
4,1503
1,540
5,1910
4,1243
1,345
10,3526
10,5342
1,498
1,288
10,3461
7,2786
1,353
7,2211
7,2809
6,2115
1,349
1,477
7,2357
4,1588
1,612
10,3563
10,7685
1,370
1,578
2,663
4,1201
10,2349
8,2987
9,3373
1,474
6,4289
1,502
2,3783
1,375
8,2751
10,3022
4,1350
1,390
2,853
1,499
3,1072
7,1519
9,3408
2,15465
2,16331
7,2471
1,453
6,7980
1,430
10,6885
3,802
7,2788
1,589
1,342
4,1448
1,289
4,925
8,2606
10,2493
1,337
8,2629
8,2661
10,5152
1,338
8,2826
6,1739
9,3494
2,824
1,532
5,1865
2,8550
10,3559
7,2261
7,1751
1,501
9,9583
2,857
9,3341
1,382
10,10536
1,579
1,376
1,467
1,504
10,4955
1,639
10,8045
9,2909
9,3023
2,625
8,2611
5,1957
10,7851
1,601
10,7137
4,1338
6,1969
1,615
2,734
9,3032
1,584
10,11169
5,1582
10,4022
4,831
6,2238
1,448
1,480
1,499
2,1043
1,387
1,572
1,1733
2,675
6,2092
1,410
10,3319
3,1148
10,13872
1,305
7,2274
6,1950
1,636
1,531
10,8460
1,410
10,18699
1,586
4,1296
5,4616
1,316
3,1153
4,1141
10,14854
1,302
9,2983
9,3012
5,1698
5,1592
2,548
1,451
6,2152
1,375
1,625
2,972
1,404
6,1667
1,354
10,3415
1,465
4,1324
2,817
4,1834
1,469
6,2247
1,458
6,1869
2,809
1,567
4,1135
1,419
1,488
2,720
3,1045
3,1065
1,287
7,2198
1,668
10,3165
2,937
1,451
1,2653
2,769
6,1983
1,536
1,280
1,448
1,352
1,592
4,1306
3,2726
8,2486
3,3325
1,318
4,1644
1,475
1,533
7,2518
8,2781
3,1179
1,344
1,440
1,309
1,375
1,443
2,788
5,1987
1,626
4,1387
1,377
1,451
6,2104
1,611
6,2604
6,1915
1,457
1,548
1,435
1,477
1,419
1,467
4,1566
1,533
7,2395
3,1120
1,438
1,404
1,550
9,4294
9,3181
1,237
1,459
1,362
1,648
8,13209
1,366
9,2924
1,550
6,2279
4,1285
6,1847
1,475
1,554
6,3001
8,3011
7,2317
1,487
1,318
1,478
6,2019
1,309
1,453
1,1100
10,3291
7,2446
1,509
1,382
6,1755
4,1505
7,2699
10,3291
1,315
1,323
1,440
6,4348
1,371
3,1147
1,454
1,370
8,3138
1,465
1,630
8,2921
3,5763
8,2784
4,1252
1,479
1,273
1,7958
1,4282
1,267
10,2611
1,597
9,2968
9,3336
1,560
1,410
1,724
4,11570
6,1897
10,3228
1,537
1,346
1,472
9,7042
1,280
4,1173
1,526
9,2797
8,2792
1,430
1,351
9,2907
2,889
7,2323
10,3536
1,491
1,357
1,359
1,450
1,366
7,1498
1,471
3,1293
6,2035
1,421
1,255
9,2598
10,5361
9,6133
10,3235
1,471
1,362
1,458
2,832
1,297
10,2479
1,418
1,539
9,3504
3,1380
7,2869
3,1119
5,8167
4,1094
3,1352
9,3243
10,2404
1,393
1,1252
1,268
10,3518
5,1308
4,1630
7,2425
6,2214
4,1517
4,1186
4,1461
1,659
6,2234
4,1630
10,2565
1,414
9,23334
1,398
10,6647
3,1213
1,982
3,857
8,2806
8,2846
4,1569
6,2078
1,1254
2,941
2,835
7,2310
2,702
2,975
10,2706
10,3370
7,2432
6,1467
1,430
9,4205
10,3317
5,1830
7,6505
3,3755
2,911
1,499
10,3262
2,637
5,2825
10,2322
6,1678
2,792
1,327
2,777
9,4800
5,1682
4,1511
10,9605
1,565
4,1444
1,495
10,3227
1,4353
6,2395
7,2359
3,1392
7,2265
7,2317
1,422
2,1232
10,5533
6,2044
6,2169
1,482
2,819
3,1069
10,3277
1,377
6,1968
10,3377
2,804
9,2129
6,3243
1,285
4,2914
3,1189
1,599
1,440
2,729
1,436
6,1872
3,1213
1,379
9,8125
10,3391
1,550
10,3475
2,800
1,296
1,492
6,2145
10,4061
8,2570
1,298
1,533
7,2296
2,782
4,8036
10,3253
10,2597
1,628
5,1229
5,4804
1,275
4,1465
2,721
9,8434
4,1287
1,513
1,540
6,16166
1,13762
4,1084
10,3164
3,1081
1,590
7,2093
6,2035
1,322
5,2016
5,2881
10,8255
9,6788
1,794
3,1233
9,4281
2,12473
8,3213
9,2960
2,801
1,513
3,1275
9,3220
1,746
4,1207
2,838
6,5330
3,1356
7,2104
6,2063
4,1413
1,463
6,55254
9,2848
2,920
1,528
3,9232
4,1339
1,367
5,1944
5,1560
9,2854
1,629
1,605
8,4581
4,1424
4,1247
7,10750
4,1440
4,1248
1,750
8,2580
9,3300
1,381
6,1998
4,1446
9,2821
1,465
1,430
6,2492
2,5698
1,321
9,52393
1,418
1,466
1,615
1,449
4,1453
1,496
10,3578
1,352
4,1437
1,1028
1,337
6,2265
1,551
1,320
3,1033
1,383
1,422
1,602
3,1168
3,1195
1,376
1,383
6,1954
1,464
1,380
1,291
9,3353
3,1390
6,2518
2,709
1,440
2,644
1,430
8,2744
8,2590
10,2352
9,2906
8,2649
1,350
4,2469
10,2859
9,3643
5,1879
8,2479
4,1104
1,404
1,327
8,2598
1,504
5,1614
7,1883
9,3058
9,2489
1,459
1,504
3,847
5,1781
5,1783
9,3162
9,6391
1,373
6,1770
1,346
7,1911
1,341
10,3590
9,4030
7,2083
1,385
1,1539
4,1191
4,1496
6,1984
6,2186
5,1825
1,400
8,2676
2,883
10,2978
4,1302
10,3707
10,8357
8,2761
1,388
1,398
10,3829
4,3074
2,867
7,2689
1,456
1,390
6,2144
1,553
10,2946
1,359
9,2968
4,1400
1,308
1,410
2,1673
10,3544
1,601
9,3083
9,3215
7,2421
1,614
9,2854
1,412
10,2835
1,540
10,9975
5,3185
5,1257
1,448
1,389
10,3637
2,919
9,6267
4,1686
6,2055
4,6801
9,2898
4,1467
2,833
1,349
3,1058
1,487
1,373
1,494
1,406
6,2012
1,580
10,3462
4,1584
9,6684
1,453
7,2196
1,540
9,3015
1,424
1,481
1,502
1,441
1,492
1,420
2,852
1,579
9,3076
3,1053
9,2925
1,523
4,1251
6,2559
10,2352
1,517
1,548
1,479
1,561
1,492
1,466
2,910
1,424
9,2908
1,589
6,1935
6,2107
3,1073
6,2077
1,464
1,641
1,353
1,380
1,469
4,1465
1,493
4,1246
1,531
1,399
1,522
10,3564
1,561
4,1378
7,18229
1,246
1,289
2,773
1,422
1,459
1,514
6,3780
2,1340
1,557
5,1600
1,388
9,2835
1,458
1,474
4,1541
1,259
1,384
4,1443
1,441
1,398
5,1536
3,1041
1,589
1,443
1,350
1,403
3,1105
1,397
1,595
3,1259
1,278
1,648
1,364
1,339
4,1253
1,433
2,1934
1,719
1,401
1,456
1,458
4,1406
6,2040
1,494
4,1337
1,224
1,530
9,2767
1,320
6,1971
1,455
6,2145
1,622
3,993
4,1287
2,689
1,368
2,817
1,497
9,47867
1,252
1,515
1,458
1,440
1,344
1,468
6,2024
6,1687
1,553
1,403
1,510
1,426
4,1357
1,437
2,935
1,227
9,3027
1,445
7,2124
9,3009
5,1857
7,2397
8,3131
1,517
1,392
9,2919
1,465
3,948
1,430
5,1838
1,239
8,2171
6,2075
1,342
1,346
7,2353
9,3443
6,5683
5,1697
1,392
1,320
1,347
6,6756
1,1593
4,1449
1,291
4,1034
8,2498
1,421
1,459
2,806
4,2261
7,2760
6,2129
1,375
4,1322
1,294
7,2226
1,436
5,1422
1,289
3,886
6,2077
1,437
1,244
5,1947
7,2098
9,3401
2,1161
1,372
1,438
1,511
9,3026
1,594
7,2113
4,1089
10,2428
7,2311
1,330
3,906
6,2156
8,3755
1,810
9,2990
1,322
5,5714
1,443
4,1212
1,449
6,2446
4,1191
2,914
9,2951
1,439
2,532
9,2228
4,2802
4,1602
10,8044
1,300
1,248
4,1276
4,1737
1,428
9,2669
5,1906
10,2415
3,1071
5,1742
7,2225
9,3027
4,1370
3,5846
10,7052
1,654
1,356
1,460
8,2842
5,9589
1,445
10,3944
6,1709
4,1292
6,2275
10,5144
5,1715
3,782
4,1288
9,3313
1,509
6,4963
1,470
7,12154
4,1503
10,3591
10,3526
7,1675
1,397
2,8272
10,3558
3,1187
1,435
1,417
5,1548
1,468
1,430
1,380
3,906
6,1958
9,2894
10,3455
4,1633
4,1556
3,3714
10,8365
8,2612
8,2028
9,19864
4,1612
2,1052
1,386
1,478
1,474
7,1904
9,3014
10,2940
10,3339
1,477
6,2120
10,3281
4,1430
10,3337
1,475
1,1492
1,522
10,13690
1,441
8,3187
6,1977
5,1775
6,1424
10,2882
2,774
9,3359
10,3278
1,590
4,1085
1,483
1,3196
8,3310
10,3323
1,414
1,620
10,3708
3,1190
6,1410
5,1026
1,339
9,3117
3,1187
1,537
3,879
1,399
6,1815
6,2237
9,2998
1,392
4,1113
1,563
4,1298
5,1489
10,3589
1,376
5,1774
1,421
8,1970
10,2963
1,440
6,2788
5,1679
9,2954
9,2845
3,993
4,1502
1,395
6,1507
7,2345
1,366
8,2638
4,1529
1,377
10,2825
1,531
4,1251
7,4954
4,1619
6,1552
10,3605
9,3146
1,425
2,618
10,2883
1,389
4,4167
2,715
4,899
9,2949
1,504
3,917
7,2447
1,451
2,736
2,814
9,2998
6,2166
10,2711
10,2247
1,432
4,1268
1,492
10,2529
2,826
1,357
2,802
9,12768
1,432
3,931
10,3823
4,1397
1,713
2,760
6,1852
1,397
1,432
2,2026
9,2600
6,2101
1,391
7,5644
10,14939
1,424
6,1975
9,2775
3,1030
1,453
4,1118
5,1710
1,391
1,471
2,501
10,3259
7,1928
1,376
9,4998
4,1501
6,1434
7,2314
6,1592
1,449
1,501
10,3874
3,761
1,393
8,2953
1,494
2,797
1,509
6,1954
7,2383
3,998
2,573
9,3168
10,2351
1,612
1,762
8,3029
1,285
5,1862
3,1383
6,2076
10,2582
1,627
5,1610
10,3804
3,1252
3,1169
4,1385
7,1613
1,526
1,660
10,3018
1,325
1,420
10,3864
8,2636
9,2080
1,369
3,1072
4,1384
5,1475
7,2492
4,1491
1,458
6,1574
1,533
8,2047
1,517
4,1544
10,3290
6,2227
6,1264
1,491
5,1647
7,2749
1,646
6,1948
7,2297
1,426
2,630
1,538
10,2358
1,433
6,1711
2,696
8,2701
1,358
1,333
4,1450
8,2995
8,2588
7,1769
8,2755
1,485
6,1875
1,432
1,390
1,361
7,2358
9,2945
9,2974
1,250
1,324
9,2799
3,1176
1,278
9,2429
3,1232
1,465
6,2176
1,405
1,239
1,305
1,504
10,3208
1,368
1,267
1,321
2,680
3,4218
3,1297
9,6193
1,478
1,613
7,2404
1,447
1,245
1,369
6,2454
10,2249
1,596
1,335
1,436
9,2795
1,565
10,3453
4,1304
8,2484
1,610
5,1587
1,496
1,295
1,380
10,3822
7,2391
1,361
1,285
1,302
9,2941
1,559
10,3234
8,2202
1,429
1,384
9,2638
4,1648
1,310
2,634
9,3296
1,442
4,1291
1,306
1,261
9,5034
1,526
10,3358
7,2400
4,1022
1,428
4,1092
1,473
1,262
1,288
9,2535
1,379
3,1016
1,421
3,908
5,1897
1,452
2,833
4,1357
3,785
1,538
9,2819
3,1183
1,258
1,285
4,1624
1,447
1,395
1,292
4,919
1,1326
1,426
9,2553
3,917
10,3429
1,517
8,2085
6,1955
1,289
8,2974
3,1335
1,462
4,1927
1,288
5,1884
1,561
1,307
10,2435
3,3188
10,2670
10,2480
4,1351
6,2110
1,240
10,2266
1,364
1,462
7,19448
1,287
10,3499
1,766
1,466
7,1621
1,444
2,553
10,2971
4,1284
7,2284
1,359
8,1729
4,1451
1,252
1,519
7,1987
10,3306
1,705
1,416
1,246
1,255
10,2794
5,1506
3,1004
9,2883
5,4029
6,1340
1,491
1,320
1,802
3,887
10,3284
6,1680
1,371
1,246
1,1462
9,2689
4,1642
5,1399
9,2775
5,1888
10,3013
9,3115
1,366
1,715
10,3350
10,3230
6,1800
1,382
1,368
1,423
6,1306
10,3815
1,359
4,1473
10,3657
10,2515
1,734
1,349
1,413
5,1704
7,1618
2,773
1,327
1,364
1,392
7,1551
10,3532
4,1333
7,2896
10,3170
2,557
5,1804
10,2404
1,416
10,3113
6,1441
7,2223
1,473
1,308
1,856
1,447
10,2391
1,361
4,1551
10,4481
4,1019
3,1280
1,348
1,391
3,1287
5,1169
5,2106
8,2268
1,264
1,506
1,270
5,1577
1,269
3,1124
7,6886
5,1316
4,1804
4,1060
1,546
10,3269
2,709
7,2148
10,5433
1,263
1,530
1,320
6,1463
1,330
1,603
10,2194
10,3182
6,2521
4,2370
1,10251
10,2269
2,1060
9,3154
10,3857
1,250
1,482
1,251
2,653
1,394
8,2798
5,1378
10,5987
2,766
10,3548
5,1835
7,1791
10,3152
10,3037
9,3186
1,263
1,407
1,406
10,3427
1,313
1,483
5,1595
7,4622
7,2647
10,6317
4,1525
5,1448
10,2808
4,1284
2,973
1,261
1,366
1,352
2,662
1,316
3,1331
3,1212
10,9879
1,598
10,2193
6,7799
2,704
7,1619
4,1572
10,2367
6,1515
8,2798
1,341
8,2714
1,247
10,3295
7,1760
9,6714
5,1892
10,2158
9,2093
2,878
6,1362
3,2118
10,3172
4,1051
10,3253
3,992
6,1871
1,386
8,2686
2,622
10,3478
9,3143
6,1359
1,434
10,2958
8,3173
8,5673
10,3448
4,1572
1,358
1,414
8,2184
1,273
2,691
10,2668
10,2378
4,1444
6,1528
9,2728
3,909
10,3517
3,5052
3,1155
10,2644
3,1001
1,418
8,3273
1,251
10,3032
3,866
5,1347
7,2263
2,685
6,1904
7,2048
8,2377
5,17000
3,941
10,2339
10,3032
1,479
10,4015
1,431
9,3031
3,811
3,1049
6,1774
2,724
10,3953
8,2320
3,1330
1,506
10,3499
10,3054
2,778
7,1930
2,589
8,2945
10,2988
10,2482
1,375
8,2856
10,3096
8,13967
10,2905
4,1350
1,492
5,2323
9,3093
9,2324
5,1697
10,2483
6,2468
7,1638
8,2653
1,334
3,1080
6,1559
4,1396
8,2641
1,451
1,579
10,2342
10,2163
10,2397
10,3645
4,939
5,1577
2,552
7,2100
1,306
1,491
8,2338
1,518
10,2526
1,496
1,681
10,3127
6,1476
7,1606
4,4520
1,446
10,2513
1,514
10,2446
1,350
1,398
10,3464
1,456
7,1688
1,303
1,484
10,3159
1,413
4,1187
10,7162
1,416
8,2719
1,311
1,438
1,329
1,412
8,1989
4,1345
3,687
1,477
1,398
7,1760
2,528
4,1379
10,3461
1,365
2,707
1,312
1,362
1,356
1,418
10,3391
2,669
1,603
1,380
1,388
7,1771
10,2508
10,2677
10,3445
1,265
9,2439
1,279
1,257
1,284
1,383
10,2609
5,1831
1,361
1,444
1,483
5,1509
2,471
4,1373
5,1214
1,372
5,1499
1,350
1,362
1,313
1,412
4,1421
1,335
1,336
1,421
1,611
1,432
6,2192
10,2753
6,1806
1,426
2,760
10,2377
1,299
1,427
1,265
1,355
7,3525
1,296
1,306
1,583
1,289
10,3335
10,3389
2,1009
1,431
4,1059
1,325
1,280
1,323
1,364
1,256
7,6244
1,525
1,511
1,432
1,451
8,1904
10,3194
10,3486
1,313
10,2544
1,426
1,347
3,932
1,358
1,295
5,1851
1,272
1,347
10,2213
1,348
10,2497
6,1935
2,595
1,320
4,1531
1,370
1,335
1,308
1,344
1,343
3,654
1,385
5,1680
8,2165
1,319
8,2708
10,2265
7,2415
1,334
10,3592
1,290
1,311
7,2696
8,2918
1,243
6,1282
1,502
5,1819
3,1044
1,363
10,3093
6,1310
6,1421
10,2245
10,3249
1,427
1,336
10,2327
1,492
1,515
9,3075
1,299
7,2379
10,3282
1,407
1,444
6,1365
10,3629
10,3553
6,1969
4,1055
4,1006
7,1759
4,980
1,404
5,3361
1,329
10,2649
2,530
1,256
4,1195
1,503
8,2556
10,3338
10,3787
10,3405
3,1307
10,2531
3,700
1,373
9,4633
9,2151
10,3843
10,2156
1,297
1,468
1,237
10,2440
7,2515
10,2278
4,1588
6,2219
10,3632
10,3372
1,396
1,457
5,1808
10,5206
10,3174
1,287
1,436
1,347
8,2657
5,1663
6,1406
10,3344
10,3697
3,819
2,522
1,640
1,470
10,4110
10,3269
7,1836
2,592
1,275
1,314
3,793
10,4147
6,1421
10,3041
10,3974
4,1057
10,2424
10,2326
1,409
1,572
5,1806
4,1154
2,634
1,383
1,247
4,1099
10,3354
4,1029
10,3326
10,3298
10,2791
9,3536
5,1968
1,461
7,2575
5,1279
10,3487
10,2549
1,319
1,290
1,382
3,965
1,336
6,1562
10,3140
10,2869
6,1431
5,1900
1,419
10,3536
3,1058
6,2620
10,2819
1,5141
1,245
1,644
5,1540
7,1892
6,1664
6,2084
6,2120
7,1479
10,3327
4,1534
10,3421
3,977
10,3713
8,2697
1,325
1,273
1,386
3,1176
1,363
2,692
7,2086
6,1827
10,3692
10,9358
3,1550
10,3425
3,890
6,1946
8,2464
1,407
1,256
1,285
10,2862
1,271
10,2851
4,1371
10,4041
4,1748
10,3311
7,3129
5,1300
10,2128
10,7863
10,3272
1,382
1,311
1,407
3,884
1,400
2,484
9,2458
10,2683
10,2297
10,2180
3,1025
3,911
10,2252
10,3971
10,3417
7,1744
2,731
1,513
7,2136
1,321
6,1428
3,973
10,2252
10,2585
5,1688
1,387
3,814
7,1859
10,2265
10,2555
5,1733
10,2404
1,675
7,1794
1,334
10,2153
10,3005
6,1461
4,1384
5,1651
1,539
3,762
7,2520
6,1410
5,1350
3,1238
10,2471
5,1624
7,1613
1,271
10,2564
9,2748
4,1454
10,3029
2,1419
5,1604
10,2146
10,2348
4,1161
5,1819
10,4012
2,502
1,399
10,3298
1,251
8,2833
1,440
4,1334
5,1699
10,2145
1,398
4,946
7,2510
4,1361
10,4064
10,3430
6,2253
1,293
10,1956
1,263
8,2745
10,2343
1,366
10,6150
3,673
1,438
7,1919
3,1206
2,666
7,1973
10,3273
8,3217
1,361
3,1058
1,357
10,3371
7,1709
1,518
6,1767
7,1527
1,315
7,2254
1,491
1,304
10,3329
10,3339
8,8430
5,1708
1,464
2,578
4,1043
1,377
1,359
6,1438
8,1764
1,470
10,2491
1,308
1,391
10,2152
10,2425
10,2716
7,1782
1,301
2,503
1,480
10,2406
1,504
5,1332
7,1888
1,474
10,3175
1,507
1,326
10,2142
5,1235
4,1063
10,3064
1,312
10,2455
1,568
1,378
1,373
1,508
10,2371
4,1054
6,1450
1,449
1,426
5,1203
2,921
1,488
5,3161
1,340
3,1168
1,473
1,329
1,273
1,277
10,2162
3,731
1,441
1,450
1,315
5,1220
10,2304
1,348
10,5206
1,401
7,1751
1,294
1,345
1,240
1,274
3,665
10,3902
1,369
1,428
1,245
3,1086
3,743
1,506
10,3227
1,414
8,2640
1,275
1,440
1,344
1,245
1,456
10,2679
1,298
1,646
1,358
1,605
7,1856
1,458
10,2170
1,425
10,3277
1,394
1,263
1,273
1,250
1,335
9,3110
1,259
1,448
1,402
1,280
8,1926
1,367
3,1069
1,652
8,2312
1,255
1,254
1,496
1,498
1,568
10,2695
1,332
1,296
1,348
1,303
10,2610
1,342
5,1924
1,432
3,1028
1,779
1,270
9,2251
1,274
1,626
6,1317
1,380
1,535
1,335
1,306
7,1670
1,494
2,757
1,394
5,1737
10,2855
1,361
10,2377
1,293
1,293
7,1427
1,269
4,1577
8,1725
1,291
10,2161
1,498
10,2879
10,2592
5,1789
1,258
1,260
1,420
1,269
1,268
4,1124
1,350
3,834
10,2670
1,253
1,477
1,383
3,1114
6,2507
10,2662
1,318
1,297
8,1973
1,225
1,485
10,2471
1,294
6,2096
6,1299
1,270
1,318
1,252
7,1604
10,4058
10,3345
5,1916
7,2369
10,2428
2,608
1,284
8,2727
1,298
10,3503
10,3333
1,473
1,278
10,2166
10,3429
3,977
7,2412
5,1768
6,2055
10,2455
10,3323
1,343
10,3290
6,1499
10,3638
10,7276
1,289
3,636
1,482
8,2248
10,3250
10,3120
10,3477
9,5750
2,699
2,543
10,2308
10,3646
4,949
10,2401
10,6270
1,333
1,350
1,261
10,2446
10,3339
10,2803
10,7284
10,3784
7,2712
8,1720
1,223
10,2488
10,3694
10,2784
4,945
3,1077
1,291
1,265
7,1677
10,2312
10,3301
10,17595
10,7913
10,3617
6,1271
4,956
7,2392
6,2051
6,2287
5,1990
3,868
1,233
1,236
3,798
4,1415
5,1604
10,3229
10,8827
10,3417
8,2917
10,3661
10,2693
10,3164
7,1888
10,2789
10,3345
1,253
1,235
1,517
7,2169
5,1715
5,1357
10,2901
9,16171
10,3140
6,1969
6,1373
4,5742
4,1232
7,2465
7,1752
1,244
1,233
1,360
3,787
3,1146
5,1423
3,1086
10,3363
8,2692
10,3383
1,279
10,2744
3,965
7,4162
7,1974
1,352
1,259
1,706
10,2895
1,514
2,894
4,1599
9,11031
2,489
10,2267
1,304
10,3451
10,2351
10,3476
10,2393
1,382
1,237
4,883
9,2064
1,285
10,2866
1,455
10,4634
4,853
10,2150
1,250
6,1777
9,2870
10,4133
10,2018
6,1405
1,311
1,343
9,1987
1,265
3,834
5,1615
10,3204
10,2603
6,2043
1,260
4,1571
10,2376
10,3319
10,2872
4,927
1,346
1,383
7,1774
1,431
7,1679
1,979
3,2018
5,1647
4,1046
1,256
3,983
9,1972
10,2337
4,1495
4,1244
10,2288
1,356
10,2681
1,312
8,1993
6,2250
1,616
10,3763
3,889
1,281
10,3901
7,2373
5,1316
3,1110
10,2975
2,923
1,423
1,413
8,3000
10,2340
3,1214
1,612
10,3176
10,2148
1,269
9,2229
10,2221
3,1298
6,1996
10,2466
3,1040
1,371
10,2145
1,491
7,2261
5,1823
1,603
5,1803
9,2096
1,248
4,1060
1,425
3,1079
10,5304
8,2549
8,1905
1,359
1,268
1,475
10,3133
7,2540
1,583
10,3300
9,1962
1,324
7,1629
1,462
3,959
10,3569
10,3111
10,2297
1,276
1,455
1,494
3,1222
9,3112
1,573
10,3077
7,2008
1,398
10,3024
1,430
1,476
10,2123
10,3013
7,2476
6,1411
1,411
1,388
1,422
4,1531
1,498
7,8972
1,561
2,560
1,362
1,614
1,585
10,2449
6,1983
10,2657
3,1096
1,404
1,373
1,300
10,3095
1,492
5,1212
10,3291
3,852
10,2444
1,377
1,435
6,1745
2,763
10,2952
10,2903
1,363
2,717
1,260
7,2413
1,463
5,1393
10,2406
2,669
6,1463
1,338
1,445
7,2488
3,831
5,1382
6,2433
1,361
3,1250
1,402
1,537
1,779
3,882
1,554
2,621
1,601
1,444
1,287
4,1146
10,3134
4,1400
10,3470
1,355
10,3430
1,302
1,407
3,1292
1,401
1,340
8,1704
1,522
1,292
1,309
1,587
5,1052
6,1477
10,5356
1,352
2,1086
1,372
1,493
1,365
1,378
1,349
6,1354
1,428
1,313
1,259
1,392
8,2248
5,1855
10,3338
1,461
7,2363
1,473
1,470
1,456
1,265
1,430
8,1873
1,312
1,438
1,556
1,342
7,1755
1,400
7,1568
1,343
8,2012
10,2660
1,426
1,12673
1,390
1,348
10,3165
1,434
1,599
1,372
1,267
10,3262
5,1747
4,1033
1,343
10,2255
1,240
1,321
6,2213
1,306
1,313
8,2124
1,663
1,361
1,499
1,256
5,1434
5,1938
3,1280
10,2419
7,1562
1,313
1,263
7,2522
1,252
1,278
10,3046
1,495
7,2488
7,2692
1,278
10,2915
7,2467
10,3047
9,3413
3,1011
1,420
1,372
5,1851
1,233
1,577
2,496
1,373
6,1995
10,2499
1,511
1,379
3,1103
9,2652
10,15610
4,1686
4,966
1,676
4,1573
1,262
1,630
4,888
1,313
10,15840
7,1547
1,344
2,743
3,3501
9,2393
10,3769
10,2302
3,1239
3,1007
7,2953
1,362
1,635
5,1383
1,428
10,4301
10,3792
1,377
1,2086
7,2773
10,3238
6,2003
6,1994
10,3215
1,312
10,3049
1,270
1,453
10,3534
9,2198
10,4491
10,3189
1,632
1,846
9,2896
7,1813
10,4284
10,3046
10,2946
1,495
5,1853
2,638
10,2693
10,3406
7,2294
9,21275
3,1057
3,811
1,629
9,3450
10,3446
10,3332
10,6036
10,2585
6,1444
3,1059
10,2392
7,2552
10,11357
10,3590
10,7345
4,1255
10,2242
1,443
6,2934
1,475
1,531
5,1632
10,2423
10,3475
1,458
3,746
9,2989
10,7816
10,5904
3,997
10,3020
9,1968
1,426
10,4673
1,472
4,1501
10,6779
6,1508
10,3575
1,444
7,1783
10,3195
9,3139
1,412
1,519
6,2003
7,2366
1,356
10,3519
1,491
1,595
10,2665
7,2137
10,4341
2,757
8,2826
10,12690
10,3293
10,2703
4,1420
5,1655
1,513
1,302
10,4121
1,308
6,2207
6,1277
3,1293
10,3391
6,1762
10,3157
10,13120
10,2260
10,3284
1,556
10,3680
10,2169
1,674
10,3105
1,423
2,750
4,1141
10,2842
10,3807
8,2655
7,2510
10,3688
1,339
10,2578
2,771
10,3244
10,2931
1,442
10,3043
1,440
5,2170
5,1318
9,3000
9,2636
10,2867
3,1235
3,1206
5,1249
3,1309
10,3532
10,9847
10,2915
9,2657
10,7166
1,373
9,3125
1,519
9,3241
4,1410
10,3126
10,2481
1,995
1,247
1,610
6,2277
10,2063
7,2456
7,2241
1,488
1,430
4,1517
1,309
7,1799
4,1240
10,3748
4,1383
1,471
1,288
3,1275
5,1508
6,1489
6,2249
1,451
10,2805
1,265
8,6325
1,275
10,3274
9,2046
4,1479
3,1347
2,863
1,275
6,2309
9,2783
4,1007
10,3518
10,3401
10,4144
1,475
10,14790
1,319
10,3143
10,2583
10,3767
10,3246
6,2195
1,294
9,4124
7,3012
5,1234
10,3594
10,3736
10,4764
7,2399
5,3474
1,310
1,434
6,1736
10,4518
10,3053
5,2263
1,242
10,3035
8,2542
3,835
10,3270
10,3265
4,1413
1,521
10,3982
1,373
1,435
10,2663
6,9491
8,2631
9,3353
1,628
4,1550
4,1561
1,272
10,5640
10,3581
1,647
1,547
1,506
10,2527
1,417
1,413
10,2835
6,2038
8,2435
1,537
7,2756
5,1775
1,244
10,2409
10,2986
1,347
3,1143
1,447
1,364
1,418
10,2387
9,10047
10,3508
4,1482
1,312
10,3752
1,509
1,260
3,1276
3,1170
1,305
6,2006
1,333
1,309
1,401
10,3351
9,3039
6,1405
10,3197
1,262
10,9565
3,811
1,273
4,1478
1,842
1,311
10,3169
1,492
1,310
1,289
1,586
4,1149
2,722
10,3201
1,274
1,490
1,443
1,295
1,541
6,2349
1,419
10,7863
1,362
1,279
1,320
1,484
1,346
7,2171
5,1587
2,641
1,627
1,484
1,520
1,432
2,867
1,338
10,3446
1,271
3,1040
1,391
1,579
1,246
4,1482
1,507
3,877
1,386
1,480
1,433
1,506
4,2037
1,1386
10,3697
1,320
5,1606
1,279
1,406
1,264
1,365
1,482
7,2117
1,420
1,340
1,336
1,428
9,2034
1,288
10,2531
1,252
10,2970
1,411
1,381
1,257
1,284
1,374
8,1852
1,411
1,322
1,379
1,375
4,1049
1,1012
4,1685
1,235
8,1888
1,332
1,302
1,250
1,243
1,435
10,2724
1,411
1,254
1,358
1,483
10,2332
1,477
6,2216
1,323
7,2888
1,421
1,284
1,451
1,265
1,255
10,2758
1,310
1,251
7,1540
1,425
8,2562
1,465
1,421
10,2414
10,3230
10,2768
1,340
1,271
1,246
1,295
7,1900
1,310
1,291
10,2239
1,380
10,8734
3,1025
2,828
1,274
5,1085
7,3062
1,475
1,344
1,378
1,238
3,875
1,369
1,265
8,1697
1,299
1,453
5,1548
5,1803
1,349
2,13098
10,3334
1,505
1,278
1,304
1,242
4,1032
1,321
1,420
10,2187
1,386
1,507
10,6130
7,5804
10,4982
7,2469
6,1693
3,1130
1,369
1,246
1,247
10,2862
10,2561
6,1445
10,2245
1,1345
6,2011
5,1548
4,1399
10,5795
10,22367
10,3415
8,2812
10,2629
1,272
1,294
10,3768
1,437
10,3018
2,628
2,3125
1,385
3,959
9,2102
10,2857
9,26939
10,7171
10,3490
10,2391
1,288
10,2908
10,3579
1,371
10,3534
7,2448
6,2205
1,723
4,1260
10,3137
10,11233
10,29315
10,2374
10,4303
5,2286
3,904
1,475
10,3566
6,1697
10,3546
10,3533
9,2960
1,537
6,5942
8,2911
9,3221
10,6413
3,1358
10,3330
9,2137
10,2361
1,574
9,3221
10,3409
9,2704
10,4117
8,2712
1,487
7,9073
5,1641
9,2763
9,6853
4,1559
10,3126
10,2171
9,2718
6,1538
6,1540
9,2999
10,3225
10,3375
10,6621
1,498
10,2092
3,944
4,1367
10,7280
1,1117
10,3726
10,2791
8,1951
10,4526
10,2305
10,3265
10,3377
10,3421
4,1282
1,629
10,2227
1,353
10,2333
10,3773
6,2517
7,1633
5,1891
7,2681
10,5577
1,342
10,3169
4,1328
10,10402
10,6769
1,441
9,2522
1,335
6,2162
3,1053
2,711
2,702
1,533
10,3444
9,3297
6,1459
9,2002
4,1325
9,16133
1,726
1,614
10,3256
1,337
10,3638
1,641
5,1908
10,3263
1,559
1,631
10,3574
1,258
4,1465
10,3209
10,2503
9,2430
10,2787
7,2296
1,505
6,1414
1,765
10,3286
10,3678
3,1348
2,717
9,3172
1,270
4,1465
10,2142
3,1245
1,440
1,390
1,332
1,456
9,2122
1,587
9,2478
10,4108
8,2650
10,3724
4,1583
1,281
10,2709
10,2048
1,289
6,1463
1,360
9,2529
1,368
2,807
6,2158
8,2745
10,5896
10,2863
7,2619
4,1270
1,361
2,992
6,1803
1,579
10,3522
6,1219
7,4895
1,341
8,2050
1,532
4,913
6,2086
10,3285
6,1985
10,2561
1,300
6,1371
9,2118
1,649
10,3105
10,3362
5,1843
6,1616
4,1731
1,561
10,3334
10,2279
10,3077
10,3537
10,3278
1,358
6,1661
10,2402
1,2952
10,4524
10,3838
5,1550
1,437
5,1873
1,438
5,2099
10,3424
9,2886
10,3986
6,2388
1,286
10,3164
1,459
1,658
10,4673
9,3614
3,9651
1,351
6,2247
1,627
1,487
4,1469
10,3172
10,6225
6,2630
1,425
2,756
1,519
1,616
10,3407
10,2379
4,1300
1,261
10,2878
1,620
1,291
10,3377
10,3301
10,3985
9,2120
1,434
8,1862
1,386
1,502
9,3072
9,2982
6,1917
1,364
10,3400
1,437
1,346
10,2297
7,1880
10,9784
10,3245
1,343
10,2281
1,309
1,449
4,1228
4,1212
10,2610
1,344
5,1621
1,429
1,420
10,3291
2,593
3,1401
4,1322
4,1002
10,2556
1,477
1,423
1,581
10,2178
10,3045
4,927
4,1097
1,370
1,338
10,2574
1,389
4,1624
1,469
3,864
8,2503
1,295
1,513
1,268
10,2616
10,3307
10,2718
1,399
1,477
1,370
1,464
1,247
1,482
1,419
9,1993
4,1409
1,308
1,448
1,478
10,2373
10,2916
10,3223
1,528
1,483
1,357
1,594
1,253
1,432
1,268
9,2199
6,1962
1,286
1,404
1,389
6,1528
10,5766
10,4123
1,319
2,751
1,250
1,353
1,237
1,840
1,305
7,1604
1,422
1,371
9,3267
1,280
5,1194
1,386
10,3819
1,309
6,1997
1,234
1,254
1,256
1,414
1,385
10,2700
1,319
1,320
6,2799
1,359
10,3389
6,1362
9,9099
1,275
4,1415
1,337
1,322
1,236
1,410
1,718
10,3233
1,385
1,309
5,1925
4,1117
4,1417
1,240
9,3002
1,459
5,1645
10,2281
1,394
1,237
1,388
1,379
1,389
1,372
1,472
10,5425
1,339
1,348
10,1996
10,2343
1,307
10,2220
1,431
1,296
1,289
1,392
1,273
1,535
1,270
8,2379
4,1340
1,226
1,408
10,2755
10,2074
1,610
9,2603
1,628
1,241
1,419
1,356
1,300
7,1885
1,259
10,2887
10,5295
1,275
1,309
10,3181
10,2754
1,326
8,2529
6,1840
1,253
1,290
1,476
1,303
10,3382
4,1365
10,2916
5,1439
1,310
5,1643
10,3244
9,2645
1,369
4,2535
10,3411
1,280
10,2532
1,355
1,251
10,2931
1,410
10,3086
1,477
10,3226
1,387
9,2331
10,2530
1,386
5,2002
10,3533
1,445
10,2534
1,667
10,2646
9,2945
1,612
10,3512
1,372
6,1490
1,312
10,11447
10,2374
10,2490
1,547
9,2398
4,1039
10,2953
6,3112
1,488
10,3399
1,677
10,3279
6,1575
6,1765
1,339
4,1159
1,459
2,457
1,359
10,3214
10,2478
10,3456
2,813
10,2592
10,3559
1,612
9,4409
10,3527
10,3341
1,362
9,1977
1,439
3,1175
6,1352
9,1835
10,3523
10,2131
5,1834
10,2760
10,12604
2,740
2,645
10,3182
10,3606
10,3185
1,476
1,359
10,3372
10,2048
4,1142
10,5390
10,2097
9,5303
10,2630
10,3413
5,1121
5,1484
10,3558
10,4047
10,3271
1,386
1,478
10,3299
10,2962
4,1679
10,6798
1,433
7,2301
10,2765
1,595
5,1211
10,2353
10,4068
10,4406
1,436
1,500
1,462
10,9029
9,2948
10,2290
6,2134
5,1318
4,1481
2,930
1,653
10,2214
10,2296
9,7062
10,4265
1,526
1,355
1,413
8,2695
10,3360
10,2999
10,3238
4,1201
8,2547
8,1919
3,6934
3,1146
10,2486
10,12190
4,2376
10,3431
4,1269
1,368
10,10665
10,10169
6,1381
9,20510
9,2010
5,1695
10,2863
1,464
8,2163
5,1341
9,3055
2,1430
10,3296
1,380
1,270
7,1547
10,3370
6,1579
2,2501
9,3224
1,541
9,2870
1,1664
10,3223
10,2275
4,1060
10,3589
1,468
1,399
1,276
6,1992
9,1940
9,2007
3,1321
10,2965
3,902
10,8750
1,588
8,2232
10,2376
1,371
8,2206
10,2317
1,344
1,379
10,2319
4,860
10,2051
1,561
10,3687
1,741
10,3312
1,683
10,3176
1,520
1,262
3,1356
2,561
4,1077
1,1502
10,3563
1,462
10,3215
5,1975
5,1810
9,2239
8,1828
1,547
10,3187
2,785
1,263
8,1959
3,1244
1,286
8,2318
4,1486
1,441
10,3105
5,1921
10,3713
6,1595
2,634
1,575
7,1597
8,2113
1,272
10,3587
8,2416
1,374
2,719
10,3129
1,298
10,3124
4,1590
10,11942
10,3762
5,2251
1,727
2,555
1,430
1,239
10,3918
10,7590
1,271
3,1303
7,1436
1,325
10,3323
7,4474
6,2249
10,3518
10,2245
1,582
6,1561
1,268
1,268
10,3443
10,2920
10,2291
2,1054
10,2204
1,263
4,1682
7,7292
1,493
10,4026
10,2074
1,407
10,2390
1,356
1,344
10,3190
8,4731
6,2162
4,1457
10,3432
1,318
1,562
7,2717
1,602
9,3047
5,1175
1,557
1,495
1,507
1,269
10,3393
10,2475
6,1317
5,1809
3,847
4,1167
1,492
2,1114
1,633
10,3974
7,1526
2,1033
7,2610
1,310
10,2224
7,2339
7,2439
10,3065
5,2582
1,835
1,620
1,324
1,575
1,701
10,3017
10,2100
5,1865
4,1091
1,439
1,277
2,899
2,470
9,1924
2,939
1,609
1,370
1,364
6,91421
1,562
4,1861
10,3182
9,3093
10,2499
1,380
1,251
1,546
10,2171
10,2167
10,3640
1,252
5,1346
1,294
1,540
1,502
1,466
10,2625
10,3233
10,2094
1,367
4,1569
1,341
10,2080
1,454
6,3739
1,246
1,426
1,266
5,1604
5,1438
1,309
3,867
10,4398
10,2261
1,360
6,2046
1,361
10,2043
2,693
8,6047
1,368
1,296
1,259
1,5038
1,650
1,280
1,386
5,1715
3,1272
1,403
6,1912
1,299
7,1566
2,640
10,2617
1,349
10,2271
1,294
5,1554
1,605
1,470
1,401
8,11213
9,2401
5,1198
9,2398
1,252
5,1159
8,2872
10,3516
1,306
10,2635
1,388
9,118930
1,543
4,1227
1,310
1,448
1,423
10,2840
10,2357
1,285
10,2997
10,3252
10,3273
1,353
6,1654
1,294
6,4494
1,423
1,263
1,309
6,1402
1,372
10,2302
4,1452
5,1542
10,2065
10,3944
8,3476
1,373
5,1035
1,255
3,17517
4,2897
1,301
1,288
10,2356
1,258
10,2888
1,466
1,263
3,941
10,3606
10,7527
1,312
9,2659
10,2332
1,379
3,982
1,299
1,385
10,3820
1,341
9,3237
1,795
1,241
1,566
10,2999
7,2437
1,383
10,2363
2,615
2,694
1,444
1,236
1,351
10,3295
1,403
6,5853
10,2297
1,266
1,526
8,2410
10,2554
10,2476
1,349
2,1192
1,442
5,1712
1,299
1,283
10,3199
1,358
5,33880
10,2618
1,429
1,420
2,560
10,2198
5,1076
2,627
8,1902
3,1013
1,472
1,232
1,391
10,3263
1,252
10,11651
10,3113
10,2461
1,361
8,2154
10,3166
4,955
3,869
8,2914
1,612
5,1970
10,2122
1,343
9,7155
1,283
10,20842
10,3390
5,1478
5,1456
1,546
10,2445
10,3673
8,2310
10,3493
1,540
7,2537
6,2055
10,2165
10,2122
1,263
4,19145
3,1101
7,1584
1,389
1,631
10,2323
9,2836
10,2904
10,11062
1,515
4,7722
10,3215
1,381
1,307
1,359
5,25794
8,2042
10,2578
1,278
10,2422
10,2134
10,3330
10,2510
10,14291
1,1157
5,2018
9,2531
5,1229
1,252
1,583
10,51548
10,3127
10,3232
1,365
1,277
10,2081
10,3697
10,4043
8,1713
1,569
8,2736
10,2346
4,1415
4,912
5,1115
10,69343
10,2307
10,2440
1,353
1,260
1,549
5,6253
10,2860
2,850
4,1454
7,55847
1,456
10,3044
1,322
10,2382
5,2208
9,2941
3,940
1,279
1,255
1,431
6,6755
8,1959
5,1602
9,3548
2,833
3,833
10,3362
1,400
4,1171
1,699
10,6666
5,1289
1,376
1,270
1,318
1,698
10,2953
10,2208
10,3503
2,743
1,532
5,1635
1,355
10,2839
2,1023
10,6991
1,412
10,2248
1,364
1,266
1,478
7,1701
10,3181
1,462
6,2654
7,1819
9,2559
1,275
10,3258
4,3821
10,3243
5,1737
5,1284
1,262
1,268
5,1682
2,692
5,1585
1,487
2,897
8,2901
10,13741
1,250
9,3469
3,1355
7,1690
4,1044
4,1747
1,274
1,243
4,1343
1,488
7,2217
8,2705
1,332
10,3395
6,2024
1,280
5,2309
7,3043
2,743
9,2294
9,2497
1,245
1,362
5,1902
1,395
10,3549
7,2586
3,60701
10,3429
1,620
1,251
10,9710
5,2341
1,377
10,3298
10,3608
6,2055
1,264
5,3964
1,276
10,2157
5,1839
4,1527
10,3274
4,1672
1,232
6,2339
4,1805
1,290
10,2667
5,1972
5,1760
1,325
4,1590
1,557
10,3237
7,2408
1,503
9,3637
1,482
10,2265
1,1020
4,9319
1,251
6,2147
10,6265
10,2900
1,259
7,2509
1,301
3,1192
2,684
1,770
10,3488
5,1887
10,3063
1,617
5,48368
1,266
1,497
10,24479
4,1108
10,2543
5,1712
1,336
1,537
1,357
9,4335
2,875
5,4149
6,1497
4,1251
7,49031
1,293
10,23343
1,1191
5,1618
1,431
5,1644
1,379
1,415
1,353
5,18763
4,1448
4,1588
9,1957
5,1619
6,3044
1,298
10,28146
6,13285
10,2481
5,1179
1,505
1,332
1,429
1,726
10,25299
5,1839
7,2386
10,3103
5,2898
6,2319
1,249
9,28069
4,85098
10,2074
4,1049
3,1212
1,344
1,399
1,515
1,582
6,2188
7,2492
4,1471
5,57309
1,464
1,228
1,555
4,77048
10,3254
10,2305
1,438
5,1078
1,387
5,1745
7,26265
10,4203
5,2327
1,395
5,1570
1,489
1,272
1,322
5,3643
1,350
10,3343
6,2047
1,247
1,461
2,843
7,11985
10,10742
3,1170
2,604
1,516
2,695
1,297
1,543
1,361
5,1155
10,8486
1,523
10,2041
1,394
3,1244
8,5112
8,2688
6,42793
2,713
5,2811
9,8735
10,2084
1,575
7,6516
10,2121
9,8951
1,402
10,2288
1,365
5,1935
1,482
5,6683
3,41525
5,1643
1,511
3,16896
6,2111
5,2012
4,1265
4,1356
5,1394
9,2862
10,2025
1,519
1,578
1,379
2,922
6,39543
4,1554
6,2113
1,556
7,2361
1,506
4,1102
10,2027
6,2166
6,2156
5,1499
1,538
3,1056
1,381
1,432
9,37735
6,2143
3,972
1,626
4,1166
5,1652
8,2035
10,3094
3,1215
1,579
10,2314
1,286
5,3914
2,659
1,319
1,42518
5,1873
7,18094
1,472
10,2088
1,422
5,1606
9,2899
4,1619
1,566
10,2169
9,2387
1,757
1,337
1,261
6,2160
8,4174
5,72102
1,612
10,2707
5,2195
6,2029
10,3187
4,1345
1,508
1,563
5,1240
5,2130
6,1949
1,375
1,401
10,3092
1,1642
1,450
10,2077
4,1356
9,2917
10,3281
3,1206
1,535
5,1576
4,1105
1,378
1,3180
1,366
1,409
8,2605
9,4008
1,398
3,771
1,1889
1,292
5,1563
4,1425
1,450
4,1173
9,2054
1,508
1,469
1,410
1,462
10,2396
1,744
1,476
1,539
7,2278
3,840
6,2101
5,2505
1,584
10,3042
10,15501
1,638
5,155901
1,399
1,494
10,3580
1,550
1,373
5,1414
1,508
2,551
1,597
8,2613
1,581
10,2392
6,26252
1,510
1,425
5,1765
1,533
10,3814
5,10704
1,575
4,1151
1,443
1,665
1,557
6,2070
10,11111
9,1971
10,39746
1,518
1,440
1,373
1,458
10,3909
1,539
6,2160
10,2509
1,584
6,4198
1,6965
7,2397
6,1924
10,3923
10,35790
1,589
5,1733
1,420
4,2477
8,2633
1,498
5,8861
10,2811
1,585
1,805
3,970
1,453
1,471
10,3163
5,42553
1,528
1,377
1,266
5,1508
10,2603
1,557
1,413
10,5742
1,499
1,479
1,419
6,2189
3,973
6,2125
1,541
1,477
2,807
10,3432
1,505
10,2439
1,701
3,1880
9,17958
5,1847
1,365
1,478
1,504
2,664
10,12907
1,793
1,492
1,558
10,3438
1,398
1,284
1,460
1,578
5,28805
7,4004
1,519
1,495
1,358
1,335
5,16174
4,1885
5,5031
3,1005
5,1832
1,400
1,459
1,1026
4,1687
10,15507
3,1158
1,454
1,538
6,2355
9,43774
1,472
5,2256
2,666
5,16133
10,3313
2,750
1,292
1,518
1,502
6,21852
5,1509
1,351
1,596
1,307
1,499
1,469
5,1948
5,1520
2,677
10,2737
1,424
1,307
5,1732
8,2899
1,477
6,1885
1,377
1,549
1,366
4,10021
1,510
7,2852
6,2827
1,489
10,2435
3,1070
2,702
2,862
5,1810
10,54437
3,3113
1,440
1,685
9,8470
8,8954
1,785
4,1664
8,16446
9,3029
4,1434
1,466
1,300
8,2703
7,2280
1,730
1,590
5,1683
1,704
1,502
7,6695
1,394
8,3164
7,22746
1,347
1,370
9,3021
1,524
3,2402
10,17162
1,638
5,8322
6,4712
1,445
1,516
2,835
5,1729
5,1935
1,566
5,2005
5,1291
1,493
1,362
1,542
7,2415
1,528
3,4661
2,904
7,2638
1,601
6,2033
1,655
1,579
3,1921
5,8279
6,1347
5,1888
1,390
9,3211
5,2216
1,497
1,11030
1,451
5,1767
1,516
1,6692
1,377
3,1254
2,985
1,650
9,1914
10,7289
1,252
1,433
2,751
1,548
6,11971
7,2551
4,1626
1,611
1,9345
1,529
3,1024
3,1102
6,2644
9,2394
7,2391
1,255
10,3470
6,2374
2,987
2,11131
4,1453
5,1832
1,597
1,8620
1,708
1,410
4,1509
3,7178
10,3287
7,2444
10,2952
5,1836
1,523
1,390
9,3098
1,349
7,2331
1,695
5,1744
1,629
3,2550
4,1555
5,7420
10,3041
2,904
10,3476
1,512
1,514
1,450
6,19718
9,9226
6,2040
1,423
2,721
1,696
6,6295
6,1999
1,429
10,3561
6,1987
7,1620
7,2609
5,1799
1,455
1,24044
10,6589
3,1001
5,1727
2,992
5,2031
9,9827
1,361
5,3889
5,1580
1,337
10,2482
7,21335
2,804
4,1501
4,29615
5,3210
5,1738
6,10731
7,66764
4,13109
6,14315
4,1598
3,1646
10,3073
1,593
10,2242
1,496
2,639
1,546
1,608
8,4112
9,2892
1,467
3,1115
5,1924
1,346
2,657
3,1343
1,462
2,801
10,3190
2,677
3,978
5,1721
8,4258
1,457
1,491
3,2130
5,11662
4,1577
1,843
1,476
2,984
1,567
5,1559
3,819
2,596
5,22981
6,2071
5,4461
6,1939
5,1863
5,4796
2,887
8,2986
1,553
6,5564
2,859
1,543
5,8656
1,594
1,334
1,322
7,7042
10,15914
2,703
6,2554
2,13148
9,3122
3,1014
1,504
6,1905
3,6249
1,720
3,1145
5,1842
5,1875
9,14591
8,4946
1,445
1,569
3,1097
9,3084
1,578
6,1833
1,483
5,18728
4,1547
1,675
3,1013
10,2631
5,1589
2,831
5,6847
7,21016
3,1011
2,833
4,11411
5,2003
6,6525
5,3678
3,1103
4,1528
1,530
2,596
9,2638
6,15613
1,420
5,19425
1,502
5,1671
1,455
1,9525
1,557
9,2964
2,809
9,4675
1,579
1,455
1,321
10,3505
3,962
5,2798
2,819
1,378
5,1718
1,467
8,41867
5,1685
1,564
1,357
3,12924
7,2400
1,524
2,1129
10,3316
2,12779
1,1052
3,1047
1,321
3,1021
9,2972
7,2314
6,1841
5,1903
6,4372
3,1125
1,275
1,514
1,441
5,1852
2,643
1,511
9,2708
1,477
1,379
5,1423
7,2119
1,398
6,2043
7,2123
3,1160
3,1323
1,541
7,2285
10,7119
1,323
6,7518
1,619
2,784
2,715
10,3009
2,673
1,525
2,726
1,518
3,1109
1,360
1,1397
6,21864
10,4550
1,345
5,1765
6,2183
7,8533
1,405
1,318
1,318
1,354
3,876
1,536
2,841
5,1857
1,125390
5,1607
1,1548
5,1758
1,410
5,2144
1,525
2,1601
4,18568
1,508
1,326
1,450
1,559
7,2621
4,2246
4,123205
1,332
1,3151
1,622
1,439
2,974
1,513
1,13826
7,2199
1,386
5,1805
1,452
1,532
2,813
1,429
5,115505
5,37924
1,1399
9,41921
1,428
3,1150
2,10458
1,345
7,2445
6,27269
1,339
1,873
9,3093
6,2205
7,12653
5,107565
5,1545
10,57576
5,1851
8,7148
1,1445
1,877
5,1881
1,410
5,1704
5,23690
4,1498
1,552
7,2667
1,445
3,122461
1,345
1,1272
1,373
1,591
1,580
1,398
1,531
8,11613
5,1560
1,481
9,3947
4,1970
5,1712
1,538
4,91995
5,4175
1,598
1,734
5,2443
1,660
1,517
7,5035
1,374
2,814
2,814
10,8264
10,25945
9,3624
1,547
7,2953
1,363
1,1291
1,493
1,579
1,562
1,732
5,1601
1,515
2,597
3,1127
5,1776
1,467
10,3243
6,1922
5,1706
1,3516
1,710
5,1759
1,519
1,337
5,1772
1,353
2,846
3,936
3,947
1,384
5,1645
8,2882
6,2111
3,939
1,409
1,8116
5,35790
1,508
4,1377
3,1000
1,494
1,405
2,630
1,2734
7,2223
8,2509
3,1156
1,453
9,7853
1,512
1,722
1,584
3,933
9,2927
1,504
6,5445
1,623
7,42359
1,377
1,439
1,462
1,559
1,405
6,16271
1,390
5,2207
6,19272
3,6094
5,1733
2,688
1,597
1,357
6,28586
8,16261
8,3531
2,639
1,479
1,405
1,630
3,2172
4,5986
8,3002
2,850
7,2266
3,949
1,410
5,1661
1,446
1,664
1,441
6,2137
4,1425
1,612
6,14766
8,13668
1,946
1,671
1,9116
10,77064
1,6287
5,1685
1,427
1,334
1,597
7,2167
1,16004
1,577
1,501
9,3314
2,27157
5,2007
1,603
1,1158
7,26438
5,22047
1,625
1,349
5,1599
1,450
1,451
1,11912
1,536
3,4296
5,5582
1,420
4,1857
4,4377
3,2777
8,25881
1,422
5,4357
1,452
5,1622
1,526
1,492
3,1273
1,351
8,2472
3,1091
3,1510
8,4190
3,1167
2,2878
1,441
2,1972
8,2819
6,14635
1,407
2,816
2,752
2,812
4,5520
9,16063
6,1828
1,428
5,97800
3,7998
4,1564
2,849
7,2608
1,432
1,432
5,1579
4,1354
1,395
5,1653
1,647
3,1155
1,494
3,894
5,96305
1,337
1,502
2,648
5,1789
1,601
1,371
3,880
4,1395
1,421
2,696
5,5982
3,1211
1,433
5,1674
1,454
1,458
7,2742
1,315
5,1716
1,1036
1,2390
3,888
6,2125
1,355
5,1708
1,525
8,4742
1,593
3,3146
6,1972
3,1476
2,706
6,2036
3,1120
1,587
1,430
8,2620
9,2845
6,4565
2,699
1,595
3,1383
1,372
1,459
6,1819
1,543
6,12239
3,855
6,2155
1,643
2,731
1,444
7,2365
1,403
1,527
1,526
7,7306
4,1749
4,1291
6,5276
1,625
4,1638
5,9305
8,2760
3,1251
5,4009
1,412
2,813
1,466
5,2122
1,858
5,1741
5,1623
1,519
5,6406
3,1011
5,1961
1,382
3,1254
3,1078
3,1011
1,362
5,1575
1,513
7,44518
1,884
9,3317
7,2224
2,858
9,11761
4,1563
1,527
5,1646
2,793
3,1167
2,725
3,3666
6,2056
1,425
6,32352
3,1373
2,881
1,487
7,2251
3,1174
6,2202
3,1132
1,413
7,5174
2,796
5,1683
1,383
1,2739
1,442
5,16040
2,991
4,1731
8,2657
4,1299
1,993
1,438
2,925
2,712
3,1185
1,370
2,764
1,377
6,2081
9,2909
1,464
1,440
3,1029
1,528
3,1057
2,3672
7,14302
6,19489
3,3236
3,1379
4,1454
1,579
5,29610
2,817
5,1632
1,450
4,1854
2,787
10,20984
7,2426
1,472
4,5624
9,3182
1,327
2,2907
4,1253
5,1767
3,968
3,1214
2,1014
1,11956
1,610
7,9511
1,453
1,349
1,372
7,4990
3,1169
2,14303
4,1573
1,418
6,1940
1,384
3,1288
3,1156
5,12060
3,1665
4,2578
7,2479
6,2107
1,665
1,590
3,4225
5,1985
1,483
7,2315
5,1925
1,480
2,865
2,927
5,15836
5,2674
1,6971
1,2533
3,1099
4,1555
2,872
3,952
6,2060
2,1114
2,823
1,509
4,1370
2,896
1,550
8,2692
7,3620
3,1325
1,472
9,3703
9,2941
6,2077
2,760
5,1860
4,1789
5,1608
5,1754
1,457
8,2667
1,454
3,1182
8,3276
1,519
6,1978
3,1025
1,514
9,2845
4,1361
7,2295
6,2797
4,1130
8,2537
1,378
7,10614
2,940
3,1199
9,6470
3,1166
2,641
2,867
7,2225
2,814
7,2513
8,21051
5,1855
6,2551
2,892
2,2307
5,1701
5,1746
6,1879
6,2118
8,2862
1,515
7,1907
10,3164
3,1134
5,1710
1,15629
7,10168
6,2027
3,1390
2,18689
3,1024
6,2312
1,663
9,5420
1,760
1,437
3,1296
1,315
3,966
8,2578
1,5292
1,504
5,1683
3,1325
4,1432
8,2737
1,675
2,679
7,2299
5,1978
1,335
3,1346
5,7962
5,2090
3,1345
5,21207
6,2146
9,2903
2,983
7,5432
8,2715
5,1888
3,1149
3,1301
7,2743
1,453
8,4482
8,9676
2,688
8,9185
5,1716
1,499
3,996
3,1378
4,1387
3,1155
5,1829
4,1194
5,8333
3,1076
1,380
5,1810
1,455
7,3631
2,807
1,353
2,766
3,1364
1,664
5,1718
9,22499
8,2671
1,359
1,742
6,2249
1,438
3,1039
1,343
3,1315
3,937
3,4284
1,420
3,1069
4,1413
5,3655
2,1089
3,1319
1,341
10,2702
9,3187
1,415
8,18075
6,1895
7,7786
3,952
1,386
1,539
2,783
4,1319
3,1089
5,1774
3,1260
1,639
3,1261
7,2648
2,757
4,1525
1,479
8,2765
8,12354
1,690
1,426
4,1540
6,2231
1,346
4,1448
3,1339
7,3168
9,3232
2,1030
2,765
9,27154
7,32127
8,2591
9,18678
3,1278
3,994
3,1196
4,1696
6,1970
1,451
2,891
3,48112
6,2106
1,525
5,20206
4,3567
1,487
3,1317
7,3450
2,979
9,5162
4,1298
7,2348
2,753
7,5249
3,1589
1,382
10,3531
1,566
5,1658
10,24104
1,341
5,1560
4,1060
3,1023
3,1027
3,1242
2,986
6,2361
1,474
4,1600
1,590
10,3295
5,5580
6,1791
7,10546
1,436
7,2768
1,612
1,516
1,2544
10,3159
5,1770
3,1209
1,470
1,569
5,1911
10,3249
3,997
3,1055
1,600
1,441
3,6254
2,855
4,1371
1,390
9,2930
1,560
3,1055
1,910
4,1514
4,37513
7,1620
1,608
2,595
1,563
1,487
1,449
1,554
4,1332
1,553
8,2796
1,524
3,1102
1,506
7,2482
2,928
1,390
7,2114
1,317
1,296
1,467
1,508
1,553
1,485
1,481
8,2672
1,370
5,1690
1,513
2,966
4,1374
1,281
4,1250
1,527
2,617
5,1742
1,492
1,624
7,2183
3,1058
6,2030
1,586
4,949
2,3963
4,1605
6,2358
1,251
9,13201
1,385
1,636
5,1759
2,48999
1,498
1,456
1,466
4,1325
1,618
2,752
1,1055
7,2314
1,515
1,270
1,511
5,1454
1,569
2,886
9,4261
1,556
1,427
2,635
1,519
1,480
2,702
1,640
5,1810
6,1974
1,351
1,373
9,47578
1,741
3,5417
1,524
1,597
5,10723
1,512
1,459
1,609
7,1832
1,489
1,608
1,511
1,249
1,695
5,6900
1,575
2,952
1,457
1,395
7,2310
2,951
1,423
6,3867
6,2049
1,429
1,590
9,3303
1,414
3,1343
8,3270
3,1106
5,1729
1,764
1,383
1,373
7,2568
1,463
1,378
3,908
3,1182
1,527
1,552
1,457
1,674
4,1382
1,447
1,1263
2,1269
1,512
1,406
5,1888
7,2617
9,3463
9,4765
1,440
1,599
3,1602
1,441
1,468
1,525
1,578
5,1810
1,512
1,513
2,700
10,3349
1,457
2,762
2,889
3,1328
6,2126
1,513
4,1630
1,401
3,1877
1,468
5,3303
2,1353
1,515
1,366
8,3005
2,781
6,2086
8,2792
1,571
1,541
3,1082
1,461
1,633
3,1304
1,433
9,18521
1,534
1,625
6,2514
8,2976
1,377
1,456
6,2597
5,2240
6,2217
3,1023
7,1608
1,457
3,1163
1,281
5,1964
1,402
8,2767
4,6226
9,3821
1,487
1,530
3,4282
8,2808
1,586
2,878
10,3367
7,2727
2,673
1,385
1,527
3,3355
5,1642
6,2132
3,1296
1,569
1,522
5,2062
5,2068
1,453
7,2439
10,3814
10,2322
6,2005
3,3827
1,450
5,4682
5,2674
1,3092
5,2118
3,4604
3,1030
1,599
1,350
8,3558
2,923
10,3792
6,1826
4,1306
9,2691
8,2966
1,551
3,1070
1,492
4,1445
1,414
2,744
2,868
7,4094
9,7905
9,3213
10,3348
9,3085
1,426
7,2396
3,1198
1,669
7,5102
1,404
2,866
7,3384
9,3187
4,5560
7,19572
3,1219
3,1078
10,3539
10,3019
7,2274
1,430
3,28334
1,455
9,4386
9,4482
1,404
1,523
3,893
2,838
9,3085
1,331
8,2755
10,3474
10,3084
6,6973
3,1129
4,1353
3,1303
9,3010
1,332
8,2852
1,458
3,1518
1,369
5,1917
1,436
3,968
3,878
4,1335
4,1375
6,1708
1,391
1,533
2,1013
1,532
3,1158
3,970
2,726
7,9923
2,677
1,430
8,3774
10,2236
8,1911
5,1996
7,2091
2,36523
8,2798
5,1365
5,1709
1,521
1,500
7,1989
1,602
9,3001
1,491
5,2212
3,1013
9,2105
2,712
7,2349
1,513
3,1277
5,4941
1,368
2,820
7,2385
5,1615
1,537
3,987
3,899
10,27591
10,2282
10,2483
1,445
9,2955
1,315
5,1730
7,2500
3,968
5,1777
1,467
3,1005
3,1091
5,1581
2,751
7,3414
1,308
10,3590
1,403
7,2399
3,38467
1,395
3,1191
8,12072
3,1194
3,1120
1,473
1,478
1,512
3,946
1,574
10,2650
10,3561
1,479
3,21580
4,2055
6,2147
6,2245
3,6366
5,10400
3,974
8,3017
1,444
3,929
2,787
1,355
10,2336
10,3742
1,638
3,3440
3,55743
7,5741
1,442
3,1118
10,3273
5,7295
8,6368
8,2867
3,916
7,2305
1,544
7,1526
2,452
3,1165
3,7077
1,678
9,3713
3,841
7,3046
7,2661
7,2539
3,1216
1,349
10,3069
2,748
1,520
10,2562
10,2786
6,6119
1,671
7,2941
2,747
3,859
3,1069
10,3294
9,2672
5,1686
1,457
9,2582
5,1663
2,1302
9,2737
10,2096
1,461
3,1278
5,1865
9,3362
10,2268
2,690
9,3022
3,1296
4,4224
1,370
6,1566
3,1084
1,403
1,442
1,357
9,2633
3,1221
1,7675
7,2244
4,1452
10,3550
5,6112
9,2546
7,2435
1,402
10,3310
8,2982
1,563
1,297
1,409
1,797
9,2466
2,8390
3,1065
9,2557
3,1167
3,1051
7,2355
2,958
1,456
10,2291
8,2701
1,475
1,239
1,246
1,617
6,1529
1,500
1,499
10,3590
9,12073
7,1894
5,1315
3,1031
1,517
7,1596
3,1170
3,1104
1,240
1,695
3,1242
10,3055
1,508
3,912
7,2113
4,1534
5,4970
1,360
3,898
1,438
7,2553
5,1611
5,11939
1,253
1,341
3,1262
10,3246
1,574
3,866
10,3093
7,2560
1,552
3,852
1,426
1,618
1,363
4,1427
1,395
1,244
1,305
3,1107
7,1647
1,405
6,1736
7,1951
1,500
1,423
3,729
5,1766
7,2364
1,384
7,2479
1,819
1,343
1,342
1,460
7,2047
7,23840
10,2322
1,540
2,765
1,526
6,1608
2,818
5,1597
4,1333
2,823
1,792
1,391
1,282
2,807
10,3571
1,439
9,2326
1,464
3,1074
1,333
9,2024
5,1842
5,1654
1,283
3,994
1,432
1,302
1,279
1,668
4,1177
6,3976
10,3433
1,394
1,473
1,421
10,3680
7,2296
9,2777
1,285
1,432
2,1020
1,305
1,483
7,2566
1,418
4,1555
10,3475
1,340
1,482
1,344
10,2648
1,386
9,2182
1,418
2,676
1,540
10,2239
1,453
1,337
1,256
1,532
7,2715
1,361
1,435
1,367
10,3547
8,2441
3,1206
1,480
1,498
1,437
10,2198
10,2397
1,586
1,309
6,2236
7,2300
1,272
3,1215
1,566
7,1995
7,2346
9,3157
1,337
1,609
7,2242
10,4056
10,2387
5,1900
1,282
1,489
4,1066
1,371
7,2750
1,368
7,1643
9,3127
5,1504
1,294
3,1097
5,5729
10,3865
10,2099
3,2663
1,262
9,9610
1,293
1,349
1,465
1,292
1,305
5,1673
5,1405
1,247
8,2867
3,1134
10,3152
10,2052
8,8727
1,274
3,1032
1,646
1,385
3,1001
1,389
1,247
8,2589
1,648
1,542
5,1687
5,1678
10,2531
10,2333
9,3009
1,335
3,968
1,377
1,320
5,3003
3,813
1,224
2,614
3,1161
10,2347
6,2292
8,2764
10,3064
10,3708
8,2867
1,318
3,5258
1,441
5,1282
6,2081
3,1271
1,256
3,1045
10,3295
10,3099
7,2522
9,3294
10,2412
9,2137
8,2563
10,2914
2,852
1,381
10,3270
9,2981
6,1400
1,245
5,2955
6,2065
10,3306
8,2730
3,1374
4,967
10,2309
3,1260
1,264
2,856
1,333
10,3373
7,2356
9,3177
1,229
9,8622
9,2727
10,3366
9,2878
9,3202
10,2015
10,2175
2,753
1,309
5,1647
1,410
10,2828
9,2930
10,3365
1,240
1,441
10,3490
10,3552
7,2159
7,4484
2,495
10,3129
4,1461
7,1724
8,2701
1,412
10,2352
3,970
7,2019
1,293
1,479
10,3649
10,2114
9,5426
5,1467
4,949
10,3075
7,2760
9,2335
3,995
1,429
10,2539
9,2955
10,3087
4,985
1,431
10,3209
10,2892
3,1006
1,632
10,2260
10,3553
1,462
10,3512
8,2622
1,419
5,1592
5,1863
7,2249
1,656
1,492
7,1874
10,2423
2,603
3,880
10,2340
1,519
2,703
10,2591
9,2993
10,2455
10,3043
1,347
4,1664
1,492
1,365
4,1744
10,2277
5,1682
3,1007
6,1383
10,3114
1,646
3,1154
8,2879
7,1624
10,2718
7,2790
10,2405
10,2564
1,363
7,1734
10,2203
3,885
9,3026
8,1787
10,2173
3,1095
10,3295
2,826
9,1942
10,3078
3,1055
1,376
9,1957
1,365
1,417
10,1960
1,537
6,2141
6,1347
1,439
1,445
10,3281
5,1496
6,1391
10,2437
1,357
6,1433
10,2936
1,376
1,280
10,2547
1,436
10,2609
1,386
1,264
5,1815
1,649
4,1440
10,2914
10,2617
1,437
10,3113
10,3253
1,406
1,344
10,2137
1,502
10,2296
1,286
1,280
9,3136
10,3161
7,2542
10,4263
10,2166
3,935
10,2927
10,3329
1,263
1,300
10,3526
1,318
10,3165
1,587
1,277
7,11574
1,624
1,507
3,933
10,2214
1,456
10,2354
10,2529
1,428
1,349
1,543
1,346
7,1966
1,261
1,238
5,1709
10,2448
2,814
10,3122
10,2269
1,353
9,2299
10,2018
10,2461
1,290
1,431
1,364
7,2491
1,256
1,261
3,986
10,3652
3,1049
1,393
1,507
1,362
10,2470
1,342
3,969
1,292
1,291
1,332
4,1336
1,248
1,329
7,2444
10,3066
1,1749
4,917
1,355
1,477
10,2760
10,2319
3,1119
1,293
1,277
1,405
1,560
1,247
1,334
7,5904
10,2215
1,493
10,2271
1,275
1,431
4,947
1,441
6,1974
1,291
1,297
1,255
1,444
1,241
1,250
3,1399
9,2023
1,366
10,2489
1,333
1,543
1,407
10,3639
9,2029
1,307
1,263
1,312
1,414
1,268
1,241
5,7857
10,2371
6,2597
10,2862
1,254
1,527
1,304
10,2184
10,2987
3,855
1,635
10,2797
1,317
1,278
10,2613
7,2445
1,614
6,3049
10,2121
1,261
1,479
1,248
10,2627
7,1585
7,1741
1,384
1,410
1,403
10,2207
10,2354
9,18390
1,411
1,705
10,2047
1,356
7,2347
1,277
9,2329
7,1705
10,2541
1,424
3,1157
1,304
10,2196
2,970
5,5101
1,318
3,1207
10,2390
1,395
6,1788
1,241
10,2724
4,1176
10,2788
1,307
3,1057
1,247
10,3461
10,2241
3,1203
1,330
5,1754
10,2243
1,324
9,1962
1,249
10,2244
9,2016
10,3472
2,584
6,1352
1,598
10,4296
10,2098
1,455
1,447
9,3775
1,470
1,256
10,3559
1,274
1,408
10,2318
10,2613
10,2223
9,2788
1,278
10,2377
10,2274
1,544
1,312
1,473
1,682
7,1729
10,3463
1,216
1,238
10,3489
10,2331
10,3512
10,2388
1,265
10,2469
8,1925
1,555
1,283
9,3010
1,421
10,2506
10,3503
1,252
1,322
9,3047
3,887
10,3627
7,2502
10,3458
10,3277
10,2212
1,587
1,232
7,2328
1,304
10,2696
4,1037
1,254
1,230
10,2902
10,3887
10,3363
7,2485
7,1831
10,2253
10,2222
1,381
1,379
1,455
1,365
10,3178
8,1863
10,2684
1,240
10,3705
3,829
8,2891
4,1068
10,3465
6,1656
10,2071
1,508
1,263
3,1091
1,285
10,6573
9,1880
1,462
1,267
10,3638
10,2275
10,3287
7,1631
10,3674
10,2388
10,2532
1,455
10,2426
5,2000
1,374
10,3433
7,1618
10,2707
1,259
10,3058
10,2178
10,2541
7,1510
10,7067
6,1892
10,2715
1,518
9,2025
7,17001
1,354
3,1046
10,2480
10,2326
1,231
1,473
10,2435
10,2798
7,1608
10,2208
5,1747
10,2448
1,420
10,2029
9,17593
1,476
10,2343
10,2136
10,2556
1,231
1,454
7,2100
2,604
10,2135
10,3234
10,2721
10,3364
1,503
10,3338
1,682
1,374
10,2319
10,3480
9,3145
1,326
1,672
10,3188
10,3086
10,3269
3,960
10,2317
10,3145
1,613
10,3291
4,18447
10,2228
10,2213
10,3473
10,2269
10,2095
1,383
10,2078
10,2104
3,771
10,6916
4,1602
1,399
3,1013
1,339
3,9332
9,2983
10,3027
2,841
10,2378
10,2111
1,415
1,314
10,3193
3,717
1,440
4,1134
1,246
3,967
10,2179
1,445
10,2231
2,733
10,3554
2,684
10,3230
1,402
10,2657
10,2229
10,2291
10,2756
5,1386
1,290
10,2664
10,2224
1,624
8,1635
10,2178
1,435
8,1919
10,3494
1,270
1,244
10,2180
10,1966
10,2098
1,482
1,239
9,2191
10,2272
1,507
10,2051
10,2236
3,833
10,2375
10,3441
1,261
1,245
8,2011
10,2101
10,2679
1,613
1,254
10,3354
4,1083
1,587
10,3266
10,2550
1,482
10,3163
10,2422
1,578
1,260
1,485
3,797
9,3085
1,406
1,326
7,2723
10,2952
1,478
1,383
8,1800
1,338
10,3760
10,3377
1,339
1,245
1,309
1,458
10,2238
1,281
1,413
10,2187
2,511
1,408
10,2858
1,439
1,354
8,2135
10,2543
1,305
1,241
1,372
1,247
10,3017
1,431
1,381
7,2636
10,2606
1,584
2,484
1,296
1,291
10,2395
4,1070
1,273
1,252
1,415
1,242
2,665
1,264
1,295
10,3124
10,2245
3,1302
10,2847
1,426
1,260
10,3397
2,460
10,3300
1,235
1,274
1,315
1,430
1,251
1,278
9,2146
10,1974
3,1243
2,820
1,360
1,261
2,575
10,3233
10,2176
1,369
1,243
1,265
1,319
1,319
10,2470
10,2680
6,1598
10,3633
10,2038
1,253
1,238
1,451
10,2981
10,2531
1,292
1,303
1,258
1,421
1,350
10,2495
10,3264
8,1805
6,1517
10,2332
1,287
1,241
1,257
10,2488
10,2120
8,1932
1,257
1,237
1,277
1,247
5,1666
10,3475
1,429
10,3244
10,2209
1,419
1,253
1,266
6,1568
10,2747
10,2082
1,570
1,244
1,246
1,404
10,2490
10,3388
1,339
7,2139
10,2083
1,347
1,318
1,327
10,2248
10,2056
10,2904
1,370
1,564
1,308
3,1165
10,2192
10,2546
1,460
10,2457
10,2168
1,411
10,2883
1,240
8,2298
10,2168
10,3293
3,803
1,275
1,559
10,2011
10,2414
10,3471
1,311
7,1815
8,2050
1,527
10,2524
1,268
1,440
10,2860
10,2690
10,2055
10,3452
1,334
10,2454
5,1277
1,266
1,352
4,1756
1,520
1,388
1,320
1,299
1,289
10,3765
10,2443
10,3516
10,2964
1,287
10,3245
1,431
1,559
1,412
7,1510
1,245
8,1865
10,2007
1,225
1,300
10,3228
2,517
10,3479
10,2354
1,245
9,2557
10,2249
1,315
1,306
5,1289
1,264
10,3818
10,2435
1,264
1,271
10,2751
10,2333
10,3716
10,3173
8,2729
10,2748
3,1129
1,260
1,288
10,3401
1,257
9,3198
9,1791
1,250
1,269
10,2695
4,987
7,2175
10,2103
10,2217
10,2149
10,2137
1,265
1,256
10,2707
1,247
10,3522
10,2108
10,3041
1,394
10,3028
2,610
10,2101
10,3051
10,3543
7,2385
10,3139
1,275
10,2310
10,3004
1,272
10,4056
9,2991
4,1493
1,252
10,2220
10,2353
10,3266
9,2192
10,3256
10,3395
9,2977
1,277
1,315
3,879
1,290
10,2374
10,2213
10,3092
1,517
1,548
10,2021
10,2785
8,1754
10,3297
9,2442
10,3259
1,246
10,2119
10,3081
1,374
2,443
7,1837
2,942
1,272
1,307
10,2033
5,1753
10,2057
10,2352
10,2248
10,2900
1,283
10,2178
10,2927
1,350
10,2832
10,2192
10,3273
1,263
1,270
6,1329
10,2760
10,3003
10,2826
8,2057
7,2432
1,321
10,3224
10,3312
1,364
10,2232
10,2575
10,2228
10,2082
1,255
10,2945
10,2092
10,3220
10,2938
7,2554
10,2071
1,250
10,3449
5,1048
10,2216
10,2443
10,3498
6,1444
10,2151
1,301
8,1963
10,2698
1,380
4,1337
10,2642
1,300
10,2693
10,2747
1,356
10,3337
10,3466
10,3142
8,1889
10,3156
1,244
1,440
10,2113
2,603
2,517
10,2406
1,229
10,2375
10,2772
1,245
10,2098
5,2347
1,475
10,2421
10,3291
1,229
1,324
10,2154
10,2124
10,3131
1,943
1,272
10,2358
10,2183
1,245
8,1652
10,3461
10,3208
2,621
10,2626
2,514
10,2135
5,1799
10,2119
10,2504
2,763
1,218
10,2223
6,1522
1,265
10,3311
10,2870
3,694
3,756
10,2307
1,285
1,331
1,399
10,2301
10,2209
3,755
1,220
10,2660
10,2603
1,238
10,3639
10,3407
1,573
7,1725
10,1986
1,335
1,360
1,281
1,384
6,1431
1,555
1,228
10,2636
10,3477
1,232
10,2253
5,1779
1,388
10,2238
10,2127
1,247
1,387
1,253
1,257
10,2717
1,359
1,251
2,1037
5,1226
1,270
2,737
1,498
1,352
8,2742
6,1367
10,2344
1,262
1,248
1,261
8,2100
1,526
1,399
10,2415
10,2166
1,257
10,2226
1,376
1,348
10,2328
5,1222
8,1818
1,297
1,334
1,251
3,1425
1,338
1,378
10,2638
10,2026
1,261
5,1187
1,269
1,361
7,2282
10,3247
10,2220
1,351
1,284
1,240
1,388
1,267
1,253
10,2520
4,1287
1,241
10,2832
1,280
1,351
10,2657
10,2226
10,2716
1,342
1,287
1,346
1,359
1,263
10,2617
10,2211
5,1230
10,3043
10,3001
1,247
1,263
10,2783
10,2245
10,2115
1,252
1,376
1,334
1,348
1,254
10,2222
8,2485
1,359
10,2123
10,2157
1,254
1,284
3,882
4,1218
10,2081
1,295
1,313
1,314
1,250
1,270
7,2392
10,2627
1,352
10,2248
10,2189
1,270
1,359
1,525
10,2888
1,514
8,1704
1,349
1,284
1,350
1,243
10,2380
10,3259
1,270
10,2855
10,2318
1,272
1,344
1,261
5,1544
10,2760
10,2541
1,433
1,339
1,370
1,260
10,2165
10,2981
1,420
10,2040
5,1282
1,259
10,2524
1,273
1,378
9,1968
10,3302
4,1050
10,2149
1,336
2,613
10,2927
1,504
1,316
10,2083
1,373
1,233
10,2803
1,289
1,302
10,3012
10,2896
10,2210
10,2062
1,344
4,1056
3,982
1,414
1,317
9,1885
1,311
2,640
4,954
1,242
1,383
8,2629
9,2872
3,661
10,3089
1,388
10,2060
2,619
1,255
1,235
7,1501
1,324
1,375
2,612
1,245
1,432
10,3225
10,2322
10,3531
10,3157
1,250
10,2142
10,2537
1,248
1,354
10,2031
1,364
3,853
10,2119
1,244
1,332
10,2927
2,640
6,1731
10,2140
7,1626
10,3856
3,873
1,241
1,255
10,4065
1,332
9,2380
10,2443
1,232
1,309
10,2390
10,2479
10,2501
10,3125
10,2312
8,2230
10,2440
1,240
1,259
10,3477
1,237
10,3699
6,1512
1,234
1,246
10,2053
6,1631
9,2972
10,2799
10,3412
10,3583
10,2151
1,226
10,2064
1,424
1,308
8,3051
8,2072
1,223
1,368
2,607
5,1455
10,2100
9,2452
10,4586
10,3114
8,2754
1,224
1,323
10,2075
1,277
9,3159
10,3244
10,2394
1,373
1,498
10,2168
7,1874
10,2445
10,5711
6,1351
10,2521
1,255
10,2176
10,2752
1,271
10,2497
8,1809
7,1673
1,382
1,238
10,2032
10,2518
10,3680
10,2192
10,3479
10,3005
1,229
3,624
10,2255
1,346
1,453
10,2118
10,2179
3,1226
1,297
10,2834
7,2285
10,3471
10,3308
10,2406
7,1718
10,2063
10,2129
3,1074
1,479
7,3967
10,3055
10,2603
1,365
1,282
4,1209
10,2918
1,425
10,2365
10,2377
10,2104
10,2576
10,3381
1,323
10,2311
10,3618
10,2746
5,1491
7,1806
1,219
10,2130
10,2062
10,2176
6,1570
9,2343
1,407
2,646
9,2203
1,228
10,2276
10,2406
10,2828
10,2356
10,2296
1,232
5,1578
10,2169
10,2281
5,1349
10,3449
1,249
10,2078
7,1672
1,237
10,2487
10,2479
10,2324
3,838
10,2761
1,279
1,437
10,2594
10,2525
10,3271
10,3585
1,601
10,2079
10,2139
1,246
10,2109
10,2849
10,3221
5,1973
9,2237
1,378
1,256
10,2697
1,349
10,3247
10,2295
1,259
10,2185
10,2474
1,227
9,2530
10,3339
2,562
1,469
10,3615
1,366
1,265
3,819
1,255
10,2210
1,424
1,280
8,1814
8,1931
1,231
10,3212
7,1755
1,514
9,2340
10,2242
1,406
1,253
1,403
1,241
4,1413
1,399
1,292
3,733
10,2984
1,353
10,2484
10,2345
1,253
4,1207
10,2175
5,1034
1,270
1,258
1,362
10,3400
1,398
1,250
10,2324
10,3159
1,240
10,2294
10,2442
1,376
5,1177
10,2145
10,2464
1,248
1,249
1,245
5,1409
1,542
1,293
10,2272
7,1656
1,236
7,1981
3,805
1,288
3,931
8,1798
5,1770
10,2600
1,301
1,404
4,1061
1,302
1,250
10,2811
10,2358
1,214
10,3294
1,631
1,249
10,2297
7,1693
10,2173
1,336
1,254
1,279
1,395
1,251
1,253
10,2124
10,2815
10,2255
10,2921
1,556
1,292
10,2608
10,2306
10,2173
1,236
1,368
1,400
1,280
1,500
10,2927
7,2213
2,624
2,650
10,3459
1,371
1,290
6,2210
10,2176
10,2423
1,309
1,324
1,302
1,318
1,258
10,2403
10,2597
3,858
10,2349
10,3654
1,377
1,258
10,2455
10,3330
10,2131
1,251
1,275
1,258
1,357
1,272
9,3196
10,3143
1,408
10,2193
10,2299
1,262
1,283
5,1321
2,553
2,727
1,354
1,261
10,2225
1,301
1,266
10,2668
10,3270
1,234
10,2112
3,803
1,305
1,236
7,2583
10,2082
1,332
2,496
1,428
10,2375
1,309
1,259
10,2115
1,537
1,266
10,2025
1,497
1,284
10,2348
10,2355
3,988
3,765
10,2224
2,875
10,3199
1,237
2,670
10,2868
1,512
1,236
8,1746
1,277
1,267
10,2438
1,490
1,338
10,2202
10,2586
4,1241
10,2993
1,229
1,491
1,729
1,376
1,286
10,2115
1,251
1,266
6,1369
1,488
1,295
8,2719
10,3555
10,2709
10,2044
1,234
5,1479
5,1388
1,332
1,244
8,1757
1,322
1,238
5,1126
1,262
1,275
10,2693
8,2465
3,1339
10,2130
1,225
10,2302
10,2331
1,264
1,355
10,2985
1,319
2,624
10,2083
1,246
1,380
10,3256
9,4959
10,4115
10,2190
6,1550
10,3105
3,724
1,246
1,247
10,3367
1,241
2,522
10,2268
1,249
1,336
10,2440
10,2756
6,2123
10,2961
1,353
8,2301
1,371
1,223
1,329
10,2837
1,266
4,1119
4,910
1,249
1,267
9,2688
10,2353
8,3314
3,678
10,2156
10,2492
10,2362
1,227
1,301
10,2308
1,351
10,2058
5,1080
1,230
1,368
10,2556
9,2140
10,3310
10,2190
10,3536
10,3446
10,3223
1,248
10,2124
2,513
1,259
10,3146
10,2189
1,222
1,262
7,1500
7,1628
10,2497
10,3138
10,3982
9,2652
5,1300
1,290
2,514
10,3390
1,407
8,4344
10,2176
1,254
1,376
1,507
10,2130
7,1773
10,2137
9,3075
5,1051
10,2189
10,2200
10,2148
10,3627
2,712
8,2025
10,1977
1,279
1,375
1,311
10,2137
10,2457
10,2136
10,2668
10,2796
10,2088
10,3675
3,720
1,343
10,2220
10,2163
10,3042
10,2250
4,1029
1,264
10,3207
9,3413
7,1526
10,2564
10,2426
7,1580
5,1566
10,2043
1,291
10,2542
6,1906
10,2099
8,1955
2,620
1,290
1,331
10,3130
10,2281
10,2379
10,2772
9,2774
10,2287
8,2663
1,257
10,2311
10,2125
10,2728
10,2284
6,1527
1,308
10,2242
10,3011
1,339
8,1946
10,2387
1,447
10,2100
10,3097
1,438
10,2021
10,2316
10,2854
10,2680
10,2231
1,250
3,1073
10,2419
1,245
7,2823
10,3531
1,241
10,2166
7,1604
1,236
8,2091
10,2287
10,3064
7,1556
10,3128
1,252
1,407
10,2571
1,259
10,3099
10,3425
1,238
5,1850
10,1958
1,231
10,3407
10,3419
1,366
10,2380
8,2537
1,236
1,249
10,2445
1,608
10,3334
10,2344
1,223
4,1127
10,2433
1,225
10,2167
10,3280
1,427
2,528
10,2602
1,432
1,238
1,476
1,301
10,2424
1,583
1,479
10,2404
10,3658
1,226
10,2334
9,3365
1,351
3,1026
10,2693
1,263
1,471
1,467
1,303
2,620
1,407
1,303
3,1020
10,3803
1,246
9,3054
10,2334
1,251
2,770
10,2333
7,1657
1,373
1,339
1,303
10,2122
1,696
1,389
10,2048
10,2490
1,270
10,3774
10,2505
1,282
8,1959
10,2240
10,2183
1,380
1,318
1,564
3,930
1,488
1,242
10,2932
9,2212
10,2275
10,3451
1,286
1,506
4,945
10,2096
3,949
10,2957
1,444
1,424
4,1555
1,283
1,251
6,1857
10,2260
5,1052
10,2232
1,727
1,322
6,1696
9,2023
10,2365
1,275
1,271
1,304
1,376
1,647
1,255
10,3417
10,2668
10,3021
10,2132
1,437
1,287
4,1058
10,3280
10,2568
1,257
1,274
10,2483
1,355
1,463
10,2807
10,2709
1,437
10,1982
10,2254
1,372
1,267
10,2162
10,2491
10,3082
1,266
1,282
10,2159
1,247
1,500
10,2647
10,2909
1,473
10,2653
1,338
1,416
1,272
10,2359
10,2756
10,2145
1,282
1,393
10,3928
1,416
1,377
10,3375
7,2205
1,253
10,2154
1,604
1,309
10,2531
6,1743
1,327
2,613
2,588
1,333
10,3603
1,352
1,348
10,2262
1,369
1,344
5,1309
1,388
1,275
10,2540
10,3141
10,3579
2,534
2,538
1,416
10,2574
1,369
3,1346
10,2062
1,242
1,252
10,2088
1,316
1,245
8,1849
4,988
1,348
3,1154
10,2278
1,492
10,2156
1,482
3,1151
10,2652
1,231
1,294
3,711
1,428
1,303
7,1541
6,1814
1,391
10,2176
10,2244
4,1017
10,2612
1,388
6,1942
5,1599
1,245
1,256
9,2471
1,378
1,396
10,2157
10,2470
1,476
8,1844
8,2877
5,1110
10,2694
1,288
10,2173
10,2260
1,277
1,245
10,2673
1,369
1,410
10,2253
1,475
1,353
10,3346
10,3560
3,807
4,1115
1,245
10,2113
5,1173
1,312
1,321
10,3357
1,373
2,814
2,449
1,403
1,474
10,2549
8,2783
9,1955
10,2245
6,2095
7,2019
3,736
1,403
1,278
10,2412
1,261
5,1320
3,804
1,293
1,538
8,2652
10,3034
10,2407
10,2251
2,702
10,3552
10,2088
1,385
1,279
10,2310
1,269
5,2130
10,2263
1,261
1,410
10,3013
10,2205
6,1566
10,3260
10,2875
10,3053
10,1965
1,253
10,2105
10,2270
1,355
1,588
10,2507
1,232
1,285
10,2994
10,2092
5,1139
10,2227
10,3451
7,2309
5,1931
1,263
5,1614
1,359
5,1352
10,3483
10,2814
1,243
1,298
7,1616
9,2166
10,3262
6,1589
10,3701
4,1409
10,2301
10,2310
3,785
7,2245
10,2318
8,2703
10,2108
1,265
1,263
1,389
10,2263
10,2195
10,2835
8,3005
10,2624
10,2183
10,2870
10,2314
1,369
10,2317
10,4783
10,2301
1,222
5,1386
1,253
10,2324
7,1899
1,478
10,2193
10,3063
5,1814
7,1658
1,246
1,231
1,430
5,1832
10,3487
1,251
5,1217
1,258
10,2088
10,2246
1,294
10,2258
10,2525
7,2094
10,3115
10,2030
1,238
10,2032
10,3150
10,2402
1,289
5,1171
1,240
10,2102
10,3675
1,248
10,2394
10,2882
1,290
10,2039
5,1634
1,225
10,2042
5,1791
10,2405
10,2178
10,2428
1,360
1,261
10,2565
1,309
10,2287
10,7474
1,234
10,2277
10,3121
1,220
5,2179
9,2101
1,403
10,2104
10,3179
1,348
1,434
10,2471
1,243
9,2647
10,3674
1,238
3,941
7,1611
1,222
10,3493
10,2325
1,286
10,3225
5,1906
1,323
1,361
10,3053
1,250
10,3333
10,2297
1,212
4,1443
9,2134
1,240
9,3062
10,3036
1,319
10,2914
10,2556
1,361
1,287
10,2255
1,312
10,3076
1,445
1,218
10,2372
10,2513
1,383
10,3070
10,3183
1,250
9,2192
10,2332
1,359
1,268
10,2639
1,256
10,2254
1,540
1,216
4,960
10,3433
1,332
10,3077
10,3211
1,235
10,2315
10,2176
1,315
1,260
1,591
1,249
10,2356
1,243
1,268
10,2007
10,3217
1,231
10,3258
10,4346
1,310
1,518
10,2164
9,2605
1,265
1,422
1,408
1,287
1,256
1,231
10,2110
10,3112
10,2391
10,2902
10,3192
1,248
5,2021
10,2109
10,2283
1,310
1,285
10,2122
4,1228
1,248
1,227
6,1494
10,3143
7,2459
10,2092
10,2342
1,247
5,1304
10,2174
1,414
1,259
1,327
10,2083
1,366
1,255
1,286
10,3245
10,2176
10,2786
10,2080
1,463
1,423
4,1393
10,2213
10,3465
10,2286
1,644
10,2373
1,287
1,395
10,2429
10,3166
10,3124
10,2057
10,2195
1,275
1,237
7,2034
10,2501
10,2698
1,252
1,378
10,3296
1,385
1,409
10,2421
10,2280
1,485
10,2264
1,360
1,606
10,2342
5,1173
10,2038
10,2380
1,219
1,415
10,2094
1,396
1,376
10,3396
6,1489
1,280
10,2609
1,265
1,367
10,3291
1,540
10,2188
10,2323
2,608
1,390
10,2064
1,363
1,403
10,2141
1,432
1,348
3,757
1,332
1,514
10,2315
10,2164
1,414
2,678
5,1073
1,412
10,2343
1,335
6,1462
10,2086
1,231
1,300
10,2466
1,272
1,391
9,3344
10,2641
1,299
5,1291
10,2080
1,393
10,2146
1,307
4,1230
10,2258
1,253
1,454
3,1043
1,248
1,282
10,2079
6,1694
1,357
3,1134
10,2098
3,943
5,1027
1,271
7,2396
7,2001
1,233
1,250
10,2148
1,305
1,241
10,2179
10,2714
1,612
10,3740
5,1748
4,1141
1,236
1,243
10,2231
10,2165
1,235
1,244
10,2162
1,295
1,257
1,269
3,779
1,406
8,1950
10,3061
5,1070
10,2955
1,235
10,2120
7,2316
1,225
1,264
10,2988
1,267
1,249
1,356
5,1698
1,410
10,3343
8,2877
7,1739
10,2706
6,1757
4,1354
4,897
1,583
1,258
10,3240
1,418
3,1259
1,535
9,2232
1,370
10,2938
10,2685
5,1232
10,2602
5,1188
10,2419
10,3053
1,296
1,311
10,2645
1,405
5,1175
10,2316
1,423
1,255
5,1409
10,2454
10,2454
5,1036
1,438
10,3083
10,2053
1,281
10,2043
10,2027
5,1477
6,1702
10,2412
1,459
1,263
10,2907
10,2393
6,2031
10,3355
10,2235
3,1133
3,1489
1,225
5,1321
7,1800
10,2279
10,2267
10,2266
1,284
1,285
10,3338
10,3397
5,1160
9,1861
10,3361
6,1445
10,3365
10,2134
5,2049
1,329
10,2914
3,948
9,2150
1,256
6,1722
7,1632
10,3003
10,3344
1,482
10,3240
10,2330
10,3071
10,3389
10,3142
1,238
3,1070
10,2483
10,2525
1,317
5,1182
1,590
10,3254
10,2174
1,292
5,1717
10,2457
3,873
9,2635
3,651
1,228
10,2254
7,2343
10,3278
1,256
4,929
1,368
10,2268
5,1666
1,255
10,3116
10,2043
6,1438
10,2486
10,2308
1,232
10,2105
5,1682
10,1989
1,360
10,2124
1,417
10,3071
10,2526
1,306
9,2029
10,2466
1,293
10,2120
5,1333
1,239
5,1734
10,2867
9,2312
1,227
10,2365
1,395
1,613
10,2598
1,363
10,2356
10,3258
1,244
10,2173
10,2254
1,216
10,3474
4,1208
1,448
1,244
5,1699
1,279
1,502
10,3142
1,400
10,2128
10,3283
1,262
1,612
5,1450
1,213
7,1776
7,1829
1,260
1,241
10,2756
1,240
1,324
10,2133
1,296
10,2956
10,2168
1,225
1,535
7,2432
1,238
10,2890
10,2352
1,249
10,2199
10,3618
1,250
1,488
10,2018
1,230
10,3318
1,390
1,225
4,1292
10,2401
1,279
10,2912
10,2487
1,350
10,2068
10,2372
1,235
1,491
10,2142
1,439
10,2188
1,242
1,262
10,2796
10,3058
1,333
10,2990
10,3778
1,335
10,3311
10,2201
1,290
1,266
10,2047
1,324
10,2304
1,249
1,239
1,497
10,3114
10,3086
10,3547
10,3255
1,233
10,4430
10,3548
1,238
1,261
1,378
10,2675
10,2214
1,280
1,263
5,1603
10,2595
9,3037
10,2368
10,4153
1,222
10,2587
10,3023
10,2937
1,264
1,359
10,2033
4,1322
1,251
1,282
10,3027
10,3105
10,2864
10,2012
10,2357
1,214
10,2237
10,2792
10,2413
1,252
1,303
10,3409
1,485
1,380
1,241
9,2013
10,2215
10,2002
10,2590
10,2987
1,360
5,1699
10,2759
10,2855
1,485
1,246
10,3011
1,405
1,369
10,2452
6,1705
10,2216
10,2206
1,414
1,660
1,278
5,1327
10,2172
10,2293
10,2394
1,236
10,2051
1,296
1,456
10,3094
10,3002
1,489
10,2248
1,343
1,289
10,2298
4,1368
10,2430
10,2594
3,788
1,240
10,2105
1,256
1,478
10,2991
10,2839
1,296
1,331
1,260
1,623
10,2181
8,1844
1,320
10,2318
5,1646
1,243
10,2194
1,398
1,288
10,2450
5,1280
1,385
1,482
1,419
1,296
10,2127
6,1552
1,268
3,826
10,2228
1,236
10,2045
1,404
2,676
10,2138
9,3054
1,319
10,2657
1,330
1,252
10,2802
3,954
1,398
5,1194
10,2303
1,274
6,1190
1,272
7,1648
10,2332
1,722
1,337
3,737
1,382
1,254
10,2192
10,2322
1,358
5,1213
7,2056
1,345
3,769
1,328
1,297
2,1007
1,341
1,387
1,312
1,323
1,346
10,2967
10,3129
1,406
10,2635
5,1207
4,1384
10,2233
1,269
7,2513
7,2286
1,262
1,284
10,2671
1,239
1,280
2,642
6,2021
1,383
7,1843
10,2956
7,1640
10,2217
1,244
9,1846
1,370
1,289
1,246
10,2310
1,260
1,441
3,1135
10,3752
1,387
10,2203
10,2772
7,2171
10,3238
6,1395
10,3077
10,2372
1,247
1,244
9,1953
1,248
1,367
10,3046
2,558
1,259
10,3314
10,2483
7,2410
10,2351
5,1255
8,1935
7,1606
1,364
1,310
10,5293
7,1710
6,1659
10,3596
4,1564
1,303
5,1399
10,2338
6,1573
4,1739
3,1209
3,1117
9,3175
1,436
10,2297
10,2808
10,2230
7,1505
10,2667
7,2193
1,545
10,2823
10,2871
3,1124
7,1470
10,3291
10,2808
10,2113
1,409
7,1775
7,1433
4,950
4,1541
10,2176
1,490
7,2092
10,2675
10,2171
10,3274
3,751
10,3151
9,2247
8,1726
1,263
7,2766
9,1997
10,3310
7,1656
8,2168
1,443
7,1635
5,1817
10,2277
3,706
1,295
10,3088
3,884
3,894
1,261
10,3414
1,352
10,2092
10,3309
10,2508
1,527
3,773
1,391
10,2320
10,3072
1,276
5,1717
1,270
10,2660
10,2347
4,1281
1,257
10,2083
4,1555
10,3795
1,302
10,2384
1,284
10,2479
10,2315
1,301
7,2252
10,3565
9,2953
10,3504
10,2219
1,509
3,955
10,3623
7,2727
1,250
10,2356
1,246
1,475
3,663
1,272
10,2896
10,2132
3,886
10,2446
3,1177
1,297
10,2461
3,828
1,703
1,247
3,781
1,316
1,341
10,3172
1,306
10,2566
10,3295
1,390
10,2927
10,2301
1,269
6,1731
10,2263
1,498
1,238
10,2188
1,300
1,272
10,2682
1,291
10,2289
10,2639
1,241
10,2048
3,821
1,255
10,2958
3,853
1,290
1,234
10,3213
1,253
1,317
10,3110
1,312
10,2358
10,4330
1,210
10,2467
6,1970
1,257
10,3182
6,1411
1,316
1,249
10,2178
1,264
1,290
10,2330
1,247
10,2750
10,3256
1,297
2,999
10,2699
1,276
10,3338
10,2585
1,308
1,222
10,3104
1,250
1,254
10,2242
1,278
10,2165
10,2338
1,239
4,842
10,2765
1,277
10,3779
10,3081
1,329
10,2268
10,2228
1,271
1,249
10,2225
1,327
10,2227
1,393
1,242
10,2554
10,3133
1,263
10,3331
10,3659
1,292
10,2237
10,2598
1,307
1,234
10,2599
7,1500
10,2183
1,269
1,243
3,1312
10,2849
10,3419
10,3036
10,3346
1,264
10,2383
10,2268
10,2773
1,254
1,476
10,2185
7,1810
1,243
1,230
6,1564
10,2399
10,2766
10,2424
10,3528
1,283
10,3111
10,2213
10,2471
1,298
1,417
10,3096
1,369
1,621
1,394
10,2459
10,2186
10,2071
1,352
10,2524
1,254
10,2279
10,2838
10,2354
10,2151
1,349
10,3350
1,257
1,415
1,358
8,2345
10,3168
10,2092
1,265
10,2305
10,2683
10,2317
10,3388
10,2306
6,1392
1,349
10,2295
1,254
1,384
1,243
6,1657
2,837
10,2341
1,434
1,518
10,2622
7,2508
1,273
10,2037
7,1609
1,269
10,3291
1,263
1,265
10,2471
10,2503
1,370
10,2162
1,350
1,272
10,3636
3,836
1,295
10,2167
10,2206
1,278
10,2309
1,244
1,534
10,2368
10,2960
1,467
2,622
1,459
1,258
10,2350
7,1629
1,310
6,2097
10,2248
1,538
10,2157
1,235
1,654
10,3364
7,1589
1,308
10,2333
1,434
1,263
10,2082
10,2237
1,258
7,1577
3,1021
1,302
7,1495
1,251
1,445
10,2248
4,1364
1,358
5,1571
1,384
1,253
10,2444
7,1894
1,266
7,1637
4,1200
1,277
4,858
1,397
2,935
10,2001
1,494
1,284
3,993
1,349
1,306
5,1495
4,1132
1,1135
10,2891
10,3152
1,429
10,3663
1,253
8,1830
10,2421
1,233
1,268
10,2709
1,359
1,256
4,1627
10,2282
1,368
4,1183
10,2978
9,2133
10,3441
1,249
4,1295
2,2399
1,226
1,242
10,2251
1,341
1,438
10,2738
10,2504
1,409
10,3902
10,2155
7,1837
10,2902
3,976
7,1892
9,2914
1,233
1,342
8,2433
1,299
1,304
10,2621
3,1133
1,282
10,2763
10,2295
2,951
3,1149
7,2312
10,3115
4,1573
1,242
1,257
10,2922
7,2000
1,278
10,2720
10,2976
1,314
3,999
10,2437
7,1723
10,2851
4,1494
10,2308
10,2536
1,234
1,276
5,1188
9,3013
2,859
10,2300
3,766
8,2101
10,3546
10,2131
1,554
6,1395
10,2234
8,2012
7,2523
1,269
8,1926
7,2181
10,2622
6,1686
5,1645
6,1557
2,674
10,3098
10,2019
7,1572
4,1081
10,2598
2,845
10,2958
1,387
7,1703
1,377
7,1768
7,1523
10,2925
1,506
7,1573
3,758
10,1957
1,472
1,722
3,771
10,3048
10,2124
1,359
7,1748
10,2676
10,2152
1,239
10,3122
1,279
1,422
1,467
10,2163
3,875
1,293
10,2490
6,1819
8,2245
1,403
10,2154
1,254
10,2160
8,2801
6,2425
1,343
2,479
1,302
1,420
8,2566
1,239
10,2540
3,825
1,569
10,2256
8,2501
1,245
3,943
10,2954
1,466
1,331
10,2702
1,591
1,249
3,1024
1,260
6,1948
4,1102
10,2334
10,3205
10,3596
1,275
10,3426
9,2355
1,273
1,279
8,2623
1,260
1,260
10,2748
1,261
10,2455
10,2325
6,1645
10,3524
3,939
1,276
3,910
4,1258
1,309
1,285
3,975
1,269
1,247
9,2370
1,243
10,2301
10,2427
3,885
10,2156
10,2297
1,232
10,2584
8,2900
1,332
1,249
10,2341
1,250
1,268
3,679
1,253
10,3076
10,2418
1,441
10,2799
3,797
1,213
10,2411
3,766
1,323
1,241
10,3208
1,281
1,247
10,2244
1,245
10,3187
10,3297
1,302
10,2147
2,631
1,234
10,3316
9,2019
1,371
1,256
9,2064
1,241
1,289
10,2953
1,323
10,2375
10,2261
1,293
5,1305
10,2323
1,292
10,3835
2,725
1,473
1,244
10,2096
1,272
1,318
10,2345
1,241
10,2204
6,1424
1,303
7,1474
10,2272
1,246
10,2310
1,399
1,263
10,3138
10,2148
1,457
1,2581
10,2207
6,1495
10,2267
10,3596
1,466
1,265
10,3124
10,2977
10,2400
10,2577
1,327
10,2456
10,2291
10,2907
1,584
10,1966
10,2957
7,2066
1,401
1,435
10,2346
10,2726
10,2835
10,3057
10,3185
1,252
10,2974
10,2633
10,2886
10,2242
10,2100
10,3218
1,417
1,315
1,365
4,1468
10,3196
10,3232
1,640
10,2937
10,2365
10,3855
10,2177
10,2947
2,824
10,2619
10,3197
1,327
1,234
1,370
7,2253
10,2244
10,2671
1,304
10,3449
10,2491
10,2324
10,2130
10,2242
7,2139
1,548
10,2044
1,263
1,224
1,370
10,2834
10,3266
10,2111
1,712
10,3574
10,2364
10,2261
1,329
10,2776
7,1658
1,538
10,2265
1,271
1,290
1,245
5,1400
2,878
10,2029
1,609
10,2419
10,2477
7,1996
10,3442
10,3202
1,404
1,370
2,1003
1,331
1,238
10,2577
3,630
1,454
5,1500
1,413
10,2278
10,3017
2,834
1,362
7,2379
10,3254
1,380
10,3426
1,249
1,244
1,544
9,3072
1,251
10,2314
1,380
1,533
10,2388
3,1289
1,345
2,668
8,1818
1,375
10,2266
1,291
1,236
10,2394
10,2304
1,257
4,874
1,324
1,372
2,760
7,2206
1,342
7,1533
3,774
1,435
1,419
1,552
1,256
10,3611
3,846
1,303
7,2392
1,279
1,289
5,1544
1,403
1,371
1,326
3,1035
1,343
7,1791
1,514
1,305
9,1990
6,2016
1,374
10,2807
1,277
1,404
1,408
10,2223
1,242
7,1438
10,2925
1,328
9,2763
1,318
4,1167
10,2160
1,487
1,265
10,2340
1,391
1,272
10,2666
7,1503
1,280
10,2186
9,2145
1,249
10,2340
3,952
8,2915
10,2527
1,243
1,346
5,1738
4,1020
1,257
7,1912
9,3100
1,359
3,793
10,2530
1,342
8,2339
2,817
3,971
4,1169
1,219
1,396
10,2337
9,2425
1,302
10,2868
10,3118
1,436
10,2665
10,2251
10,2101
10,2740
7,1556
9,3308
10,3393
1,232
1,341
10,2293
6,1430
1,425
10,2077
8,2316
1,450
8,3626
10,2278
8,2338
3,1209
1,443
10,3659
3,993
1,223
1,640
3,661
10,2710
1,366
5,1372
3,1174
7,1648
3,1149
10,2343
2,657
9,3006
9,2082
10,2215
10,2273
1,234
8,2389
1,362
9,1957
1,269
8,2177
9,2250
2,567
10,3765
10,2567
9,1932
1,493
10,2163
6,1475
9,3429
1,223
9,2699
1,612
10,3153
2,757
10,3428
3,871
9,2251
9,3354
10,2115
4,1291
1,556
10,3245
2,899
10,2466
1,288
7,1652
6,2041
10,2877
8,1807
9,3064
1,533
4,1162
3,795
10,2283
7,1754
1,468
3,1120
10,2292
10,2093
1,247
10,2803
1,274
1,307
9,1825
3,1307
1,410
3,705
1,435
1,535
2,859
5,1172
8,2879
7,2175
6,1358
1,247
10,2339
1,249
10,2747
4,855
1,382
1,251
10,3243
1,418
1,298
1,514
1,691
9,2129
1,433
10,2307
10,2236
10,3149
1,228
1,420
7,2417
1,262
1,252
8,2887
1,411
1,467
8,2698
1,272
1,441
1,525
7,1524
10,2504
1,564
1,230
4,1136
10,2762
1,270
1,368
1,637
1,389
1,419
10,3021
1,334
10,3531
5,1273
1,410
10,5294
10,2797
1,230
1,449
10,3202
1,242
1,246
10,2759
1,302
1,376
6,1472
1,261
10,3091
10,2505
1,359
10,2638
3,811
1,258
10,2646
2,900
1,351
1,311
10,2429
1,314
1,376
3,796
1,313
10,2367
1,482
1,256
10,2001
4,1030
1,227
10,3055
8,2761
1,376
1,283
6,1559
1,251
1,263
4,998
1,302
10,2180
9,2306
1,277
10,2222
10,2292
1,226
10,3513
1,303
1,345
1,315
4,942
1,287
1,299
1,249
1,251
10,2231
10,3057
1,259
5,1649
10,2682
10,3381
6,2739
6,1397
1,435
1,260
10,2201
1,281
1,287
10,2283
1,238
10,2215
10,3368
1,283
7,1934
10,2759
10,2401
9,1992
3,866
1,245
1,241
10,2295
1,271
1,506
10,2387
5,1277
10,2251
10,2895
1,530
2,551
6,1926
10,2852
10,2052
4,1046
1,261
10,2741
10,2168
10,2382
10,2312
6,1465
10,2082
8,2275
5,1200
1,294
10,2376
10,2524
10,2177
10,3294
1,316
10,2258
10,3185
6,1413
10,2230
2,624
10,2180
10,2176
1,455
9,3132
1,334
1,358
10,2147
10,2281
1,380
10,2273
10,2415
10,3046
10,2572
10,2904
9,2798
9,1961
10,2431
1,263
1,469
1,253
7,2452
10,2354
10,2400
1,299
10,2282
10,2894
10,3477
10,2192
10,5424
8,2283
10,2443
10,2211
1,288
1,327
1,246
9,2244
4,1280
2,619
1,231
10,2567
10,2963
10,2648
1,428
10,2333
4,1160
10,2312
10,2298
1,362
1,350
10,2258
10,2766
1,547
6,1671
1,266
10,3779
10,2151
10,2447
10,2718
10,2370
10,3507
1,381
2,742
1,520
1,315
2,710
5,1311
1,360
10,2368
1,696
6,2091
10,2122
9,2259
1,351
8,1941
8,2457
1,323
10,2717
1,295
1,431
1,414
3,840
1,312
1,256
1,495
9,2139
7,1759
1,392
1,380
2,540
1,622
1,353
10,2191
1,369
1,298
1,340
8,1896
1,262
7,1538
1,604
10,2885
2,509
2,477
1,357
9,1908
2,547
1,307
4,1356
1,574
1,326
10,3335
9,2077
1,272
10,3049
1,270
1,519
4,1008
8,2470
1,409
4,956
10,3458
1,301
7,2104
1,478
1,335
10,2616
3,790
1,249
9,1894
3,702
1,319
10,3440
4,1411
1,353
7,1909
6,1400
1,296
10,3034
1,273
1,425
8,2097
1,372
1,241
8,1835
1,243
1,330
9,2079
9,2818
1,342
10,2407
4,928
1,254
10,2184
2,636
1,254
9,2444
1,553
1,272
4,1675
1,266
1,343
10,2438
7,1972
1,440
2,539
1,362
1,261
8,1989
2,683
4,1098
9,2340
1,363
1,274
10,2763
9,2261
1,292
10,2101
10,2413
1,560
10,3204
10,2094
1,229
10,2360
9,2075
3,1161
4,1256
1,270
1,315
9,2227
7,1604
1,297
3,825
10,3635
1,457
8,2504
10,2154
1,238
3,894
4,1037
10,3281
8,2707
1,277
6,2495
3,730
10,3555
1,267
8,1753
8,2234
10,2689
1,246
10,2131
10,2222
6,1361
10,3057
5,1581
3,1138
1,371
10,3417
1,258
10,2136
1,266
10,3559
2,648
4,1087
10,2492
6,1306
8,2465
1,383
10,2260
10,2429
10,2434
1,268
10,3084
1,246
10,3261
1,294
6,1450
6,1463
10,2315
6,1608
9,1841
4,1111
1,319
10,3211
10,2222
5,1327
1,356
10,3357
1,334
10,2883
1,253
1,338
1,370
3,796
3,681
10,2246
10,2314
1,254
1,661
6,1426
10,2337
1,249
10,2843
1,258
1,351
4,1214
1,357
3,786
10,3483
1,471
10,2140
3,881
1,306
8,2322
10,2864
10,2226
1,293
10,2632
1,290
10,2910
9,2024
1,292
1,416
6,1971
1,586
1,474
9,2402
1,369
6,1467
7,2535
6,1239
1,626
10,2202
1,255
5,1360
10,2428
4,1053
1,261
10,2172
1,300
1,279
2,597
7,1892
4,1160
5,1440
2,561
10,2333
2,712
1,309
3,720
3,653
1,297
1,267
10,2260
1,314
1,387
6,1342
1,265
10,2325
2,603
10,2591
10,2678
5,1393
1,346
2,674
10,2581
1,264
1,305
7,2430
1,330
1,304
10,2873
1,496
10,2371
5,1253
7,2023
10,2944
10,3230
1,287
1,307
10,2545
1,247
1,301
5,1393
1,271
1,260
7,1726
1,316
10,2200
10,2711
5,1843
10,2460
1,312
1,278
1,425
10,2242
1,288
1,251
2,926
1,292
1,323
1,278
1,275
10,3107
3,1038
1,264
10,2491
1,784
1,325
10,2150
6,2105
1,412
1,311
1,394
1,368
1,264
5,1215
1,271
6,1400
8,2176
1,268
10,2947
10,3287
10,3466
10,3105
1,272
1,229
1,227
10,2144
1,647
1,267
2,464
4,962
10,2425
10,2801
1,296
7,2417
8,2784
10,2864
5,1711
7,1797
1,258
1,251
1,412
1,489
1,269
2,452
3,738
10,2873
10,2573
1,370
8,2441
5,1649
10,3518
7,2529
1,502
1,303
1,550
10,3176
10,2489
1,237
10,2382
10,2483
8,2070
10,2259
1,550
2,762
10,2770
10,2719
8,1899
2,653
6,1464
4,1044
10,3155
4,934
10,2152
1,260
10,2416
1,282
5,1441
1,663
10,2568
9,3092
10,2189
9,2030
5,1053
10,2263
10,2508
5,1511
10,2353
4,1283
1,438
6,1439
1,238
7,1919
1,352
4,1608
9,2983
10,2958
9,2110
2,575
10,2746
10,2404
8,1791
6,1941
9,2482
10,2831
10,2306
1,301
1,457
1,290
7,1626
4,1477
2,657
1,378
9,1859
10,3239
10,2973
9,2348
10,2518
8,1930
5,1940
10,2253
1,327
1,474
1,324
10,2381
1,395
7,1673
1,316
10,3302
10,2076
6,1603
1,731
10,2655
3,763
8,1864
4,1104
1,279
1,374
1,344
10,3043
1,262
10,2283
1,290
1,377
10,2179
10,2653
9,2623
10,3696
10,3387
8,1664
10,2417
1,480
1,289
10,3442
3,767
1,282
4,841
1,493
5,1478
8,2527
10,2335
1,315
8,1909
1,354
9,2241
10,2147
1,265
1,289
5,1320
2,747
1,423
7,1588
1,380
8,3016
4,1048
10,2640
1,286
4,1119
6,1377
9,2183
3,657
1,288
1,361
3,1177
8,2547
1,279
10,2215
1,264
10,4342
3,1136
4,1194
1,287
10,2127
2,738
1,629
9,1847
1,250
1,290
10,2356
6,1547
1,346
10,2003
1,276
8,2127
10,3376
9,2270
1,260
3,747
10,3416
1,393
10,3556
1,505
1,379
2,499
3,895
1,256
8,2255
1,247
9,2267
10,2987
3,874
1,274
10,2017
7,2525
1,522
10,3246
2,904
1,845
10,2736
1,596
1,250
3,746
1,258
1,542
10,3100
10,2551
1,279
10,2388
5,1182
1,294
6,1826
4,1240
1,480
5,1368
1,538
1,280
10,3402
1,289
1,291
10,2016
9,3470
1,624
2,637
2,486
1,542
10,2894
10,2088
5,1492
7,1547
1,467
1,271
6,2063
2,617
1,333
2,472
10,2999
1,439
10,3446
1,385
1,431
1,480
3,878
3,1052
8,2815
1,281
6,1360
1,338
8,1936
1,345
6,1304
10,2423
1,388
6,1528
10,2949
1,380
7,1648
10,2223
10,3146
5,1599
1,266
8,2487
3,756
8,1886
1,262
10,2737
6,1821
6,1548
10,3490
1,495
1,375
1,414
10,2222
7,2136
10,2736
1,232
10,2250
1,285
10,2421
1,251
7,1749
1,341
4,1181
7,1554
10,3077
1,290
1,280
10,2520
10,3068
3,827
1,232
6,1971
1,245
10,2463
1,294
1,498
7,1836
8,1818
1,376
10,2668
1,375
1,264
6,1421
10,2597
10,2243
1,239
10,3077
1,254
10,2494
1,391
1,293
1,595
3,811
1,266
5,1197
10,2333
1,299
7,1714
5,1660
7,1665
1,321
10,2090
1,249
10,2782
1,417
1,472
1,515
4,912
1,306
8,1758
4,1359
1,280
5,1219
10,2436
10,2233
1,302
2,820
1,485
2,558
1,306
1,436
1,533
10,2113
1,584
9,1993
8,2298
1,239
1,396
7,1719
10,2187
4,941
10,2310
1,289
10,3523
4,1622
5,1488
1,277
6,1884
1,270
9,2973
10,2444
1,314
10,2260
3,864
5,1083
1,263
4,989
1,287
3,871
8,1736
1,296
1,247
2,891
1,264
1,437
3,1187
1,447
1,462
4,1100
10,3300
10,2201
3,959
1,272
5,1262
3,709
1,395
1,238
10,3069
1,359
1,369
5,1203
1,244
10,2442
10,2232
7,2051
6,1789
5,1564
1,271
3,973
10,2410
1,371
1,232
10,2114
1,316
1,249
2,940
10,2472
10,3111
10,2486
3,816
10,3093
10,3431
4,1178
5,1465
6,1525
1,337
1,230
7,1701
1,360
1,245
6,2526
1,258
10,2293
5,1305
1,268
10,2280
3,910
1,464
2,713
10,2300
1,364
1,419
3,796
1,292
1,312
10,3439
3,928
5,1260
6,1546
1,259
9,1857
2,676
10,2482
10,2236
10,3057
1,371
1,280
5,1207
10,2419
1,261
7,1687
5,1452
9,2051
10,2708
1,371
10,2933
10,2611
6,2477
10,2447
6,1938
5,1449
1,269
3,750
5,1147
1,253
5,1557
10,3091
9,2208
10,3072
1,285
8,2828
7,2274
10,3524
7,1820
2,880
10,3595
5,1231
10,2141
2,561
1,250
3,1246
1,457
1,461
10,3453
1,332
8,2428
10,3274
9,2026
5,1341
7,1761
1,448
1,540
2,605
1,344
1,277
5,1184
7,2423
10,2189
5,1957
1,240
10,2352
5,1760
10,3441
7,1693
4,1170
10,2804
10,2462
10,3216
1,382
1,263
5,1226
5,2156
1,303
1,507
1,239
4,1248
7,1816
10,2430
5,1337
3,973
10,4310
10,2782
10,2643
10,2338
10,2220
10,2950
10,2202
1,266
1,308
1,346
3,1025
8,1862
4,1672
8,1919
3,942
10,2459
10,2815
7,1543
5,1692
4,946
3,696
9,2166
1,267
1,242
1,266
10,3109
5,1862
8,1729
1,497
5,1368
9,3173
5,1666
5,1135
8,2051
8,2796
2,772
4,1145
1,272
1,237
1,266
10,2669
1,525
10,2215
1,265
5,1195
6,1650
10,2441
7,2173
9,1985
10,2393
10,2450
10,2876
1,293
1,263
1,246
10,2332
1,275
3,640
1,290
7,2466
4,1232
9,2174
1,404
9,1996
3,1166
7,2270
10,3464
1,274
1,286
9,2563
2,670
1,266
10,3420
1,277
10,2349
3,1037
8,2171
1,313
4,1141
10,3124
5,1828
3,927
1,662
1,276
7,2194
2,459
1,528
10,3454
1,265
2,627
10,3475
2,842
1,363
8,1685
2,572
5,1187
5,1326
1,341
1,265
5,1127
6,1452
1,322
10,3035
1,389
7,1913
10,3090
4,880
8,2140
10,2294
6,1795
7,2625
10,2499
1,428
1,266
10,2559
7,1614
1,270
6,1336
1,313
10,3055
10,2781
3,1288
1,336
3,1299
10,2991
8,2506
10,2731
4,1090
1,266
4,1213
1,371
1,336
2,466
1,511
5,1694
4,916
10,2857
1,277
6,1449
7,1579
1,414
6,1764
8,1714
4,1340
10,2831
1,361
1,347
10,2369
1,328
5,1110
10,2076
10,2210
1,322
10,2572
5,1361
1,322
10,3114
3,829
10,2789
3,948
1,279
1,343
7,1708
1,331
8,2814
6,1495
5,1412
1,276
6,2141
5,1201
1,296
5,1594
10,2551
4,1403
5,1155
1,308
1,293
1,258
3,1351
1,479
10,2416
10,2714
1,267
10,3127
3,1007
1,431
7,2352
10,2114
8,2737
6,1557
1,288
5,1339
1,235
10,2287
1,264
7,1640
10,2642
1,337
2,694
10,3016
1,521
1,681
2,679
10,3002
5,1958
1,243
10,2187
1,246
7,1585
1,286
1,365
6,1603
1,387
10,2332
2,648
1,502
1,424
10,2580
10,3479
10,3152
1,284
10,2970
1,248
10,2323
1,262
1,366
7,1731
9,2223
7,1735
10,2199
1,368
1,273
6,2008
6,1458
4,1515
1,240
9,1938
1,290
10,2487
1,401
1,323
5,1222
5,1269
4,1369
10,2740
1,400
1,272
7,1710
10,3427
10,2426
1,325
10,2160
1,248
10,3003
1,397
1,439
1,444
10,2306
1,468
5,1357
1,274
1,482
5,1256
6,1534
8,3163
1,251
10,2040
1,283
10,1999
1,368
1,274
1,317
3,744
1,376
5,1111
1,346
1,411
3,880
2,641
10,2329
5,1257
10,2623
1,276
10,3501
1,357
1,373
1,352
1,321
1,369
7,1538
10,2498
1,514
10,2779
6,1906
10,2141
2,483
1,461
1,474
5,1211
1,279
1,314
1,385
10,2284
1,369
8,1959
5,1268
1,544
2,723
10,2269
5,1141
2,459
5,1213
1,236
10,2315
1,275
5,1103
1,279
5,1636
1,365
1,413
10,2341
1,391
10,2373
10,2445
10,2319
10,2337
10,2662
5,1320
5,1777
5,1318
1,381
1,251
10,2967
1,351
1,418
10,2379
9,2299
10,3713
6,1418
6,1477
1,486
10,3101
2,532
7,1877
10,2797
1,257
1,273
10,3633
1,310
1,391
3,1179
1,318
10,2397
4,1019
2,651
5,1764
5,1631
1,368
4,1002
3,1011
1,363
1,239
7,1950
1,277
1,275
7,1521
3,1031
5,1285
10,2563
1,489
10,2810
4,1122
1,262
10,2087
10,2578
5,1378
1,266
5,2047
1,248
1,506
5,1304
5,1418
7,1737
10,2621
1,283
8,2017
5,1266
5,1619
10,2466
9,3006
1,358
1,499
10,2128
1,398
1,323
10,3327
1,377
8,2225
10,3162
1,344
8,1968
10,2406
10,3051
5,1121
10,2746
10,2200
5,1516
5,1305
10,2173
1,267
7,1981
1,270
1,546
4,1052
1,231
9,2165
10,3611
10,2551
5,1243
10,2796
2,856
3,1178
10,2349
3,781
1,316
3,708
10,2073
10,2416
1,491
1,282
6,1613
5,1567
8,1819
3,698
5,1412
10,2260
10,2564
4,1569
5,1169
1,353
5,1307
2,564
1,318
1,326
1,238
10,2293
6,1303
9,3019
6,1368
7,2721
10,3009
10,3183
10,2918
3,813
1,255
10,2166
7,1612
1,251
1,311
1,348
4,856
5,1827
9,1984
1,503
1,567
9,2078
10,2743
10,2719
2,564
10,2096
7,1514
5,1745
1,244
1,319
1,282
10,2338
1,345
4,1086
1,325
5,1325
8,1894
10,2559
5,1207
10,2063
5,1898
5,1302
9,1963
1,232
1,302
1,355
3,1266
1,285
6,1558
1,358
5,1282
8,2231
5,1478
5,1535
5,1832
10,2294
10,2834
8,2455
1,405
1,363
1,303
6,1755
1,261
10,2441
1,345
10,2165
5,1151
7,1719
1,452
7,1827
10,2281
4,940
5,1322
1,304
1,256
1,239
10,2898
1,244
3,805
1,373
7,2012
3,874
10,2416
1,359
7,1558
3,752
10,2475
10,3008
1,400
1,244
9,2469
10,2168
1,365
6,1551
1,379
5,1173
10,3173
5,1365
1,417
8,2398
10,2280
5,1173
10,3093
1,361
1,339
7,1688
4,1147
1,278
10,2288
1,387
10,2309
10,2978
10,2418
6,1568
5,1188
5,1359
3,931
7,1919
1,524
1,274
6,1471
6,1579
1,306
10,3147
1,403
4,1462
10,2033
3,1183
1,348
10,2158
10,2223
5,1303
3,753
5,1948
5,1767
10,3262
7,1672
1,315
6,1419
1,425
5,1191
2,460
10,2486
1,334
10,2119
7,1761
6,1392
10,2403
10,2789
10,2570
6,2041
4,1236
1,303
4,1032
1,325
10,2292
10,2021
7,1627
1,267
3,946
10,2705
1,425
10,2151
3,793
5,1348
10,3237
1,427
1,273
10,2723
4,1208
3,901
5,1022
10,2242
1,269
9,2211
7,1501
1,286
5,1456
10,2849
10,3366
3,745
1,283
5,1170
1,548
10,2652
6,1734
10,2358
10,2065
1,369
10,3103
5,1080
1,248
10,2338
10,2267
10,3272
4,985
1,295
10,3306
7,1766
6,2293
1,522
7,1907
5,1316
1,386
5,1337
10,3039
1,249
3,808
10,2274
10,3099
4,1455
1,306
10,2832
1,254
10,2413
1,308
1,366
7,2537
1,388
10,2438
4,1034
1,295
7,1539
5,1395
5,1125
7,1828
1,424
10,2995
1,576
10,3500
1,283
1,255
3,948
10,2412
10,2469
10,2257
1,373
1,375
7,1770
10,2363
10,2482
1,255
10,3239
4,1482
10,2991
1,301
1,251
1,450
4,1059
7,2231
10,2638
1,256
1,266
1,433
5,1390
5,1298
1,258
10,2028
1,472
10,3201
1,311
1,243
1,321
10,3367
1,341
3,790
1,383
1,244
10,2204
7,1715
10,2259
1,291
10,2713
1,295
10,3409
1,312
1,240
1,309
1,452
1,511
5,1161
1,250
1,242
5,1394
10,2343
10,2245
1,259
5,1402
1,324
5,1204
1,443
1,279
1,333
4,988
1,278
6,2204
1,360
1,357
10,3257
10,3389
10,2207
1,277
10,2482
1,252
10,2931
1,335
1,275
1,403
10,2229
1,255
1,409
10,2268
1,302
4,1408
9,2110
10,2078
3,839
10,2471
1,539
6,1599
1,316
1,272
1,490
6,1432
1,315
1,288
4,1385
1,282
9,2750
3,680
3,693
5,1194
6,2174
1,392
7,1694
1,341
1,303
1,235
9,2643
1,269
1,344
10,2714
1,251
10,3395
10,2412
10,3483
5,1068
6,1408
1,379
6,2178
4,1791
1,314
1,248
10,3330
1,249
1,345
10,2161
1,262
10,2883
10,2456
5,1317
10,3444
5,1868
5,1307
10,2158
10,2191
10,2172
1,249
6,1538
1,292
1,638
4,1105
1,252
5,1380
10,2563
1,567
2,656
10,5849
5,1137
10,2313
4,1380
3,873
1,257
5,1472
1,306
1,407
9,2121
10,2375
6,1443
1,479
1,286
10,2950
10,2895
3,1204
5,1176
10,2744
10,1992
1,288
10,2370
1,350
1,399
6,1526
5,1256
1,425
1,377
1,397
7,1556
4,1160
2,441
3,832
10,3150
4,993
10,2693
6,1485
1,306
1,351
10,2898
10,2074
1,540
1,282
1,262
5,1074
4,1098
10,2219
4,881
10,2935
10,2162
5,1201
10,2197
10,2242
1,395
6,1419
3,735
1,324
1,377
1,256
5,1047
7,2719
10,3201
4,1455
10,2409
10,3199
10,2299
6,1858
5,1179
1,368
1,319
10,2208
10,2282
1,434
1,509
8,1872
1,633
5,1200
1,442
6,2150
7,1694
10,2614
10,2837
10,2245
10,2455
5,1487
4,1080
1,418
1,380
1,320
9,2164
1,381
5,1162
1,308
6,1674
6,1772
9,2015
10,2286
5,1375
4,1364
10,3509
5,1549
1,373
1,405
1,257
5,1523
1,283
7,2800
1,279
6,1602
4,1096
10,3320
5,1753
2,499
10,3582
7,1582
7,1581
1,394
1,291
1,274
10,3017
1,247
8,1957
1,266
5,1300
10,3008
5,1586
4,1129
10,2495
10,2526
10,2504
6,1526
1,707
1,395
1,315
10,2407
1,308
5,1387
1,271
10,2343
4,1559
10,2677
1,435
5,1482
4,1594
6,1862
4,1010
1,438
1,321
1,264
3,814
1,442
8,2525
1,311
7,1561
10,3305
4,1259
1,444
5,1406
10,2806
6,2176
10,3271
1,418
1,250
9,2370
9,2060
1,370
10,3195
1,325
4,910
10,2098
10,2298
1,379
8,2019
6,1347
10,3670
10,2351
1,390
8,2222
8,1985
10,3097
1,366
3,828
1,249
10,2486
10,3111
4,1358
1,344
4,2217
10,2200
5,1386
8,1573
5,1501
10,2491
8,2613
10,2434
1,353
10,3188
1,253
6,2102
10,2006
10,2886
4,1210
10,3152
6,1576
3,682
4,969
10,2479
8,1729
10,2397
1,331
1,295
9,2965
1,289
10,3476
6,1252
8,3340
1,409
10,2276
10,3540
4,1087
10,2210
4,1429
10,2730
7,1685
5,1078
3,852
10,3308
5,1367
5,1964
10,3307
10,2433
1,251
4,1406
7,1752
4,1427
10,2208
10,2432
10,3018
10,2843
7,1916
10,2308
5,1670
10,2511
3,856
6,1554
10,3237
1,325
10,2355
6,1336
1,413
6,1277
10,2081
10,2127
2,613
1,396
10,2364
2,736
5,1571
4,1379
1,438
6,1435
1,319
10,2282
10,2126
1,316
10,2515
10,2288
2,551
2,520
1,394
10,3270
10,2347
10,3332
1,440
1,579
6,2205
1,271
6,1461
6,1581
1,266
2,818
5,1271
10,3147
3,1271
1,248
10,6114
1,558
10,2309
1,324
1,366
2,700
1,340
10,2177
10,2384
1,238
6,1455
6,1638
2,885
3,1021
1,233
10,1989
7,1545
10,2242
1,311
1,301
1,388
10,2427
10,3179
10,2946
1,252
1,419
1,505
9,1980
9,3461
1,377
10,2439
1,774
10,3282
1,275
1,274
1,312
5,1218
6,4191
3,1195
1,277
1,244
10,3431
10,3646
10,2982
1,246
6,1629
1,442
10,2292
1,368
1,475
1,249
10,2196
1,493
4,1414
1,497
1,242
6,1584
10,3267
8,2140
1,380
10,2421
1,568
1,580
1,266
1,372
1,331
5,1330
1,266
4,1147
1,360
1,253
10,2339
10,2738
10,3518
1,256
7,1796
1,394
6,2388
1,339
1,567
1,260
10,2422
1,247
1,499
1,263
1,256
6,1895
1,412
10,2856
1,232
10,3684
1,369
10,2248
1,336
1,277
1,241
5,1161
1,318
1,297
1,284
1,401
10,2870
10,2419
10,2278
1,252
6,1691
1,340
8,2093
1,384
10,2962
1,490
10,2549
1,273
1,327
10,2462
1,304
9,2521
10,2368
1,385
1,241
10,2442
1,243
9,2112
1,290
1,339
1,421
10,3404
1,357
1,278
5,1926
1,470
10,2628
10,2592
7,1495
5,1330
4,1375
1,349
7,2113
6,1616
3,830
1,564
5,1754
1,239
1,259
10,3499
1,249
4,1089
1,484
10,2719
10,2104
10,3289
1,314
9,2011
10,3119
10,2153
1,255
6,2282
1,370
1,274
10,2826
1,262
4,1084
1,319
2,550
7,1550
3,991
1,250
10,3053
10,2203
6,1607
1,417
10,2377
1,292
1,300
5,1270
10,2294
1,462
1,280
1,343
10,2604
4,991
1,412
4,932
5,1268
10,3716
10,2467
8,2168
1,249
1,319
10,2975
5,1176
1,332
1,451
1,510
4,1180
9,2184
10,2097
2,589
10,2409
10,4076
6,2112
10,3176
10,2309
1,273
5,1880
10,3433
1,237
1,433
1,327
10,3497
1,311
7,1505
1,284
10,3314
7,1576
10,2391
6,1456
5,1203
1,326
10,3037
3,739
1,347
1,385
1,441
5,1204
1,246
5,1800
3,842
10,2163
4,1099
10,3406
10,2578
10,2097
10,2323
5,1951
10,2126
10,2192
1,382
1,432
3,767
1,323
4,1111
1,448
4,1099
6,1513
9,2348
10,2872
6,1763
6,1548
10,3045
6,1358
1,444
1,288
2,722
6,1850
1,261
10,2352
1,283
5,1883
10,2774
10,2554
4,1068
6,1354
10,4070
6,1885
5,1741
1,259
1,329
1,324
10,2584
1,322
9,3025
1,262
9,2664
5,1747
4,1036
2,1062
10,3059
10,2509
8,2148
7,1678
1,313
1,384
1,252
5,1596
1,349
3,794
1,271
6,1445
10,2830
10,2643
1,373
5,1234
5,1791
10,2665
4,1337
1,315
5,1800
1,247
10,2635
1,297
5,1390
1,256
10,2236
10,2410
6,1457
1,486
4,1013
10,3410
9,2074
5,1152
1,241
10,3420
1,240
10,3014
1,513
6,1422
1,364
8,1714
10,2119
10,2586
1,281
4,1334
4,1105
7,1918
10,2458
1,246
10,3191
1,434
4,1306
1,442
5,1268
1,348
1,342
10,2119
5,1722
1,238
5,1407
10,2237
10,2661
10,2827
7,2401
10,3545
8,2032
10,2887
1,448
10,2463
1,363
10,2890
4,854
10,2206
4,940
10,3713
5,1444
2,597
10,2081
10,3535
10,3243
8,2991
10,3392
3,802
10,2867
1,376
7,1664
10,2205
10,3359
1,538
10,3430
8,1981
4,1068
5,1207
5,1199
10,3505
9,1980
10,3474
1,262
4,881
1,381
10,3367
5,2016
10,2454
1,324
5,1399
10,2228
1,351
10,2229
10,3029
5,1490
10,3317
5,1455
10,3379
10,3060
8,2324
4,914
1,500
10,2617
1,307
10,2160
8,3071
3,864
10,2067
10,3389
10,2779
7,1679
6,2021
10,2508
10,2940
10,2546
2,694
1,527
4,971
1,296
10,2506
10,2420
1,558
5,1215
10,2228
1,471
10,3423
1,396
10,3671
10,2759
2,615
3,941
1,444
5,1436
1,288
5,1850
7,2323
1,424
10,2369
3,844
2,619
2,624
1,328
10,2180
5,1229
10,3440
1,432
1,367
1,659
1,272
10,2893
10,2675
1,422
5,1234
5,1513
10,2210
1,380
1,246
7,1626
10,2889
10,2257
1,318
1,286
1,302
10,2305
10,2399
10,2347
1,408
1,375
1,605
10,3474
3,969
1,283
10,2979
1,465
10,2464
1,289
1,279
1,316
3,731
5,1559
2,814
1,430
1,355
1,443
9,2147
2,767
1,271
7,1711
6,1476
10,3445
1,309
1,353
1,293
8,2168
1,398
2,636
1,401
1,298
10,2475
10,2201
7,2017
1,243
10,2111
1,488
10,2617
1,307
1,301
1,258
10,3018
1,311
3,1310
1,394
1,262
8,1983
8,1792
10,3520
1,360
9,2053
1,304
2,625
1,317
1,355
1,264
1,464
1,384
1,525
1,384
1,262
9,2952
10,2283
10,3572
1,276
10,2947
1,282
7,1804
1,251
1,345
1,309
7,2403
1,336
1,297
1,586
1,263
9,2225
10,2991
10,9168
1,295
6,1271
1,238
10,2673
1,249
10,3377
1,319
7,1926
1,266
1,262
1,478
1,254
7,2226
1,401
10,3601
1,258
10,2313
1,274
8,1821
1,259
5,1265
1,272
2,560
1,289
1,258
10,2233
1,265
10,3054
1,254
10,15158
5,1472
3,745
1,248
10,2107
1,256
10,2918
1,252
9,2205
1,258
1,256
8,2457
1,284
10,3062
1,247
3,1074
10,3322
10,2066
1,258
8,1912
8,2279
7,2338
1,301
10,2144
1,283
1,297
10,3531
1,254
2,937
1,245
8,2564
7,1453
1,391
1,253
9,2038
10,3097
10,2729
1,552
3,824
1,287
1,381
10,2397
10,2637
3,1096
1,265
10,2550
10,3091
4,982
1,372
10,2427
10,2238
10,2167
10,2442
7,1830
1,296
1,474
8,2369
6,1575
1,519
1,243
1,370
6,1341
7,1872
1,510
3,811
7,1607
5,1222
8,2696
10,3224
1,395
1,312
10,3377
10,2170
1,248
1,300
1,456
10,2538
1,414
10,2121
2,603
10,2441
3,801
9,2737
9,2426
10,2344
1,350
2,619
5,1122
1,317
1,265
1,418
5,1632
1,396
8,1821
1,407
10,2841
8,1977
10,2880
10,2960
10,3020
10,2375
10,2593
10,2239
1,317
1,284
1,332
3,1137
1,355
6,2058
1,341
10,2262
10,3512
9,2062
7,1792
6,1863
8,2062
2,714
7,1636
1,259
1,341
1,346
4,1123
1,330
6,1384
1,379
2,686
4,1237
10,2226
10,2408
8,2362
10,2774
6,1654
4,1017
1,333
1,418
1,351
10,2947
1,288
10,2347
1,309
3,1130
7,1538
2,722
10,2837
9,2439
10,2397
10,3064
5,1186
1,238
10,2459
1,393
7,1698
1,368
9,2883
1,375
10,2512
10,3106
10,2482
3,825
7,2384
7,2087
8,2894
3,797
10,2201
1,577
1,356
10,3355
1,337
2,620
1,397
7,1790
10,3067
8,1937
1,330
4,979
10,2280
10,2658
4,988
1,241
10,3349
6,1690
10,3824
1,278
4,1039
1,367
10,2181
10,2038
10,2461
1,565
2,766
2,762
10,3117
8,1740
1,240
10,2937
1,675
5,1722
1,263
4,1335
1,349
8,1860
2,494
8,2296
1,285
3,1295
10,2934
9,2238
10,2736
1,333
10,3286
1,413
10,2910
1,251
7,1678
1,372
10,2350
6,1325
10,2489
1,301
8,2748
3,928
10,3690
10,3160
9,2100
10,2538
4,1115
10,2952
2,589
10,3237
1,317
7,1952
10,2924
10,2261
1,329
10,2379
8,2676
2,655
10,2968
10,2224
9,2754
8,2776
10,2675
3,1008
10,2944
1,365
10,2437
3,1076
10,2379
1,372
10,2985
10,2951
4,889
7,2215
7,2500
9,2256
8,2013
3,775
10,2840
5,1050
10,2360
3,704
1,696
10,2197
1,290
7,5336
9,2003
1,468
10,3235
10,3440
1,551
10,2825
5,1800
10,3324
10,3456
10,3351
2,590
1,564
2,518
1,528
10,2962
10,3073
1,418
6,1744
10,3492
3,902
10,2332
1,388
10,8052
10,3410
10,3622
3,971
1,446
2,672
3,816
10,2246
10,3281
1,296
2,464
1,431
10,2449
10,2240
1,372
10,2752
10,2702
10,3418
1,562
1,319
1,504
1,352
2,597
9,2657
1,293
10,3181
10,2401
10,2346
2,726
1,368
8,2030
3,866
10,2777
1,371
1,303
1,264
1,342
10,3891
10,2966
1,260
3,1150
3,929
9,2074
2,667
1,248
10,2567
10,2374
10,3432
1,241
1,351
1,291
1,303
10,2713
2,565
1,319
1,402
2,737
10,2876
1,481
1,239
1,410
1,524
10,2417
1,328
1,342
1,320
10,2945
3,1000
1,295
1,575
1,298
2,637
7,1731
4,1081
1,280
10,2570
1,343
3,829
1,250
1,303
1,244
2,586
1,524
1,415
1,434
1,237
10,2255
10,2495
10,2384
1,301
10,3440
1,320
10,2357
1,290
1,285
1,280
5,1336
1,392
1,456
1,424
1,328
9,3542
10,3222
10,2954
1,240
8,2571
1,305
10,2715
1,246
1,464
1,463
10,3190
1,393
1,324
1,477
1,240
8,2839
1,607
1,455
1,512
9,3319
5,1335
8,1790
1,268
10,2343
1,343
2,706
1,248
1,387
1,526
1,300
8,2143
1,553
10,3458
1,279
10,2357
1,443
10,2069
1,808
7,1887
1,334
10,3725
1,269
1,345
10,2387
1,236
10,2866
1,609
10,3627
10,3077
10,3449
1,312
7,1974
1,739
10,2442
2,786
8,2838
1,247
1,253
5,1558
1,248
10,2141
1,459
9,3199
6,2040
10,2294
1,265
10,2628
5,1357
9,2558
1,530
5,2132
1,239
1,286
10,3588
1,255
9,2181
1,422
10,2286
8,1694
2,728
1,260
10,3351
10,2296
10,2447
2,724
8,2964
1,239
1,247
10,2565
1,298
1,389
1,259
6,1264
10,3321
1,451
1,352
2,648
10,2181
10,2294
10,3453
10,3496
1,304
1,385
10,3351
10,2696
1,411
1,327
9,2440
7,2443
10,2678
1,268
1,371
10,4265
3,752
9,2951
1,415
1,261
1,344
10,3909
6,1756
1,487
1,276
1,399
10,3067
1,444
1,459
1,258
10,5705
1,359
8,1821
10,2449
2,802
1,286
5,1317
9,1823
1,329
1,331
1,297
4,1063
1,436
10,2470
1,317
10,6727
5,1426
10,3005
10,2518
10,2546
10,2256
10,3456
8,1860
1,290
1,296
1,301
2,717
1,323
8,1991
1,333
10,3736
10,2429
8,2303
8,2732
10,3450
5,1182
1,424
10,3055
1,400
2,651
1,309
3,1246
1,367
8,2814
1,377
5,2041
4,1010
10,2340
9,2485
7,2738
10,2894
10,2704
9,2686
1,267
7,2162
1,337
10,2291
1,418
7,2106
1,371
10,2448
10,3649
1,424
10,3036
9,2558
10,4219
8,2752
1,327
1,250
2,694
1,332
9,2827
1,286
10,3474
1,413
1,448
10,3743
10,2393
10,3975
8,1861
10,7458
10,2468
4,1281
1,263
10,2557
1,257
10,2365
1,258
9,3113
1,354
10,2298
10,3229
5,1307
10,2446
9,2304
10,3405
9,3126
2,550
10,2657
10,3191
1,274
10,3511
1,310
2,741
1,348
8,2699
10,3588
10,2767
2,641
3,835
5,1907
10,2273
1,475
1,239
10,3224
1,260
8,2261
1,294
2,672
1,349
10,3374
5,1495
10,3913
1,533
1,493
10,2423
10,3476
4,1013
1,244
10,3010
1,355
10,2585
1,520
3,1262
10,2331
9,2212
6,1485
10,3155
1,534
1,495
1,454
10,2808
5,1091
1,355
8,1971
7,1608
10,3330
4,1130
9,2342
1,295
10,3399
10,2351
10,16792
1,432
5,1750
2,665
2,533
10,3479
7,2043
3,1233
3,871
10,2906
10,3536
10,2791
1,266
10,2400
1,500
10,3570
1,391
10,3391
8,2238
1,386
10,3756
10,2674
8,2104
9,3215
1,420
1,330
10,3880
10,3154
2,582
1,320
10,3577
1,384
10,3114
10,3248
1,542
10,2780
10,3159
2,770
10,2404
2,822
10,2598
7,1809
1,665
1,440
1,308
5,1343
1,355
10,3412
8,2490
1,429
10,3418
10,2935
1,530
10,3271
1,541
9,2155
10,2396
9,2555
1,590
1,259
1,482
1,646
10,3406
9,2180
1,291
10,4880
10,3538
10,2202
10,2181
1,286
10,2346
10,2926
9,1995
1,360
1,315
1,328
1,408
10,5231
10,3469
1,398
6,1526
3,1112
9,2193
10,3507
1,635
6,1497
10,3252
10,2317
1,270
1,267
1,278
1,403
5,1373
8,1789
1,396
5,1208
10,2207
10,2586
1,545
1,356
9,2474
1,416
10,2531
1,242
1,307
1,320
1,365
10,2367
10,3449
1,283
10,3239
3,1022
10,3906
2,660
1,328
1,507
10,2653
9,2413
1,290
1,225
1,270
10,2635
10,2681
2,482
1,549
1,398
6,1609
8,3101
7,1862
1,283
10,2549
1,580
3,831
1,246
1,287
1,277
4,1165
1,481
2,572
1,266
1,386
10,2532
9,3206
6,2179
1,236
10,3513
1,430
10,2361
1,276
1,302
1,319
10,2851
1,319
1,435
1,321
1,343
8,1860
10,10807
10,2821
1,297
9,3286
1,369
10,3189
1,293
10,2496
1,306
10,3649
1,525
1,420
10,2309
1,497
7,1774
1,641
2,959
1,537
10,2230
1,363
9,1970
1,242
6,1421
1,280
4,1061
1,352
1,520
10,3942
1,262
10,2323
1,612
10,3916
1,401
10,2321
3,764
10,2131
10,3791
10,2470
1,254
1,432
1,395
1,278
10,3227
1,401
4,1715
1,617
10,4014
6,1695
10,2211
1,261
7,1763
10,2536
10,2627
3,844
10,2966
1,267
1,383
1,540
1,313
10,3331
1,719
8,2002
10,2851
10,2821
1,268
10,3280
10,2429
10,2958
6,1525
6,1923
1,397
1,362
10,2182
1,361
10,2207
1,411
3,1271
8,1734
1,580
1,303
10,2643
10,2182
10,2461
10,3469
9,3398
1,404
1,302
10,3797
1,376
2,573
1,800
4,1819
10,3443
1,313
1,263
1,480
10,2436
4,912
8,2930
6,2039
1,512
1,260
10,3542
1,311
1,449
1,566
10,3654
7,1757
1,588
1,295
1,557
10,3690
1,374
7,2034
1,408
1,466
1,302
9,2346
10,2323
1,362
1,505
1,508
10,3291
8,1944
1,329
1,251
10,3323
10,2194
10,2694
10,2173
2,649
1,312
1,424
10,2162
1,315
1,653
8,2170
4,893
1,258
2,609
1,339
10,2558
10,2220
4,909
10,2275
10,2305
1,268
10,2749
10,3255
1,255
1,563
1,521
2,527
1,364
10,2150
1,256
1,518
7,2360
10,3580
10,2931
10,2295
9,2195
9,3216
7,2382
1,242
1,745
1,468
3,808
1,271
8,1752
1,287
10,3227
1,376
2,602
9,2059
10,2313
10,2412
10,3211
10,2905
1,419
2,931
1,542
10,2558
1,297
8,2205
1,307
10,3046
10,3221
10,2347
10,2234
8,2340
10,3062
9,3115
10,3048
1,240
6,1615
1,756
7,1983
1,382
9,2208
1,9461
9,3530
9,2010
10,2469
10,2584
8,2371
1,357
10,3019
3,763
1,263
1,795
1,547
10,2193
1,291
8,1977
1,564
9,2152
10,2348
10,2690
10,2584
10,3389
10,2175
10,3369
1,502
1,245
9,3501
1,616
10,2880
1,538
10,2255
1,542
10,2985
10,3618
10,2630
1,577
2,654
10,2425
10,3301
7,1744
1,330
5,2730
2,879
10,3761
2,673
2,564
1,403
10,2357
3,931
10,2916
1,533
1,471
10,2377
1,274
10,2587
10,2237
5,1353
1,497
10,3317
6,1518
2,763
10,2472
1,383
9,3255
10,3599
1,347
10,3647
9,2145
1,445
1,467
1,510
8,2948
1,502
10,3634
2,835
1,486
2,575
1,459
1,588
10,3172
1,376
1,377
1,403
1,276
10,2342
1,527
8,2779
1,484
10,3346
10,4476
6,1589
2,466
1,401
1,391
10,3217
1,320
10,2605
3,777
1,283
10,2552
10,3669
4,17045
8,2532
3,1172
2,766
10,3016
10,2843
1,430
1,392
1,494
1,361
10,2538
9,2032
1,416
9,3183
10,3492
1,596
4,1561
1,512
10,2412
10,2987
2,863
1,439
1,312
1,266
1,271
1,421
10,2085
1,379
10,2295
10,2467
5,5168
10,3092
1,248
8,1799
10,3744
8,2784
1,269
1,280
1,284
1,282
10,2277
9,2454
1,397
10,2468
9,2291
5,5192
10,2362
1,256
4,1452
10,3418
8,1683
1,275
1,284
1,568
1,270
10,3438
10,3453
1,331
3,848
10,3746
2,3816
9,2947
1,362
10,14664
10,15131
10,3827
1,261
1,301
1,248
1,334
9,2563
10,2247
1,367
9,2278
9,3605
9,6048
10,3570
1,397
8,2991
10,2823
10,3294
1,238
1,333
1,283
10,2352
9,2641
7,1953
1,352
1,459
3,959
1,637
6,2437
1,653
1,611
4,3215
8,3068
1,257
1,274
1,245
6,1382
9,4234
10,2194
1,380
1,284
7,1763
10,2557
1,677
1,337
5,1869
10,2929
3,994
1,303
1,492
1,262
8,2779
1,481
1,258
10,2278
1,324
10,2298
9,2218
3,1139
1,302
9,3456
1,508
5,1629
8,2976
10,2449
1,280
10,2252
1,277
2,628
7,1874
1,278
7,2428
9,2145
3,1463
1,262
10,3623
1,294
10,3026
10,3355
9,2005
1,268
6,1557
1,330
1,538
10,6945
1,253
10,3184
6,2488
6,2587
1,308
10,3271
1,504
4,1059
10,2386
10,2117
3,782
2,714
1,353
1,324
2,3750
1,252
3,1290
9,3292
8,2898
1,380
9,3081
1,319
10,2342
10,3200
10,2730
7,1655
10,2499
1,335
1,321
10,3101
1,281
10,2882
8,2147
1,793
10,3559
5,1821
1,463
7,2387
10,2834
10,2533
10,2757
4,1736
1,254
1,290
10,3068
1,517
10,3263
8,2926
5,2115
10,3261
9,3194
1,354
5,1859
10,2515
10,2206
10,2493
2,759
1,356
1,242
10,5356
1,391
10,2200
1,650
5,8241
8,1878
10,3587
1,334
10,3268
10,3638
1,330
7,2006
4,1321
1,305
1,327
3,1134
1,317
1,439
1,545
7,2629
9,2304
1,648
1,369
10,5309
2,887
2,601
10,2487
8,2369
1,563
1,402
8,2104
10,2247
1,392
1,492
7,2950
10,2487
1,526
1,299
6,1991
10,2609
8,2281
3,1063
1,604
1,517
1,371
5,1897
10,2208
1,335
1,418
8,3019
10,2600
1,480
1,300
1,453
5,1690
10,3409
10,2893
5,1929
3,797
1,319
4,3638
10,2433
1,404
4,1074
4,1425
2,713
1,413
6,1465
1,437
9,3505
10,2860
10,2858
10,3399
10,2313
1,283
10,2316
10,2410
1,319
1,258
2,1015
1,714
1,497
10,2383
1,374
4,1624
2,701
8,2633
10,3605
10,2368
8,1989
10,5619
10,2468
1,279
1,387
1,624
1,410
1,535
9,2000
1,414
10,2631
10,3227
10,2771
10,3490
10,3073
7,2929
10,5462
10,2420
1,387
1,345
5,2137
10,2213
1,581
7,2421
1,516
9,3489
8,2817
10,4956
9,3284
10,3014
10,3275
10,3572
2,835
1,378
1,385
1,762
10,2159
8,2820
10,2586
1,611
10,3629
10,3068
10,4648
5,2216
7,1549
2,652
6,2554
10,2550
1,589
1,518
1,470
9,3109
1,485
4,1451
1,807
5,1722
10,3069
10,4721
10,13028
10,2466
10,2762
10,3985
7,1507
1,635
1,343
5,4936
10,3198
1,479
10,2691
1,678
1,523
2,753
10,3171
9,3025
2,886
10,3398
5,1816
2,952
10,2694
2,686
1,2052
10,2838
1,569
1,397
1,638
6,2135
8,3009
10,3231
1,536
7,2749
10,3261
1,636
10,3337
2,640
1,326
9,6279
10,2181
1,368
3,1051
5,1807
1,498
1,623
2,979
1,614
2,751
3,1253
1,693
10,6047
7,2476
1,516
2,2902
9,2006
1,303
1,617
1,785
1,588
1,557
1,519
1,686
10,3368
8,2080
1,698
8,1950
2,727
2,883
1,2381
10,2151
3,1185
10,2735
2,846
1,629
1,695
1,392
1,776
10,2127
2,639
1,607
10,2220
10,3364
5,1557
2,2339
1,505
3,768
10,2807
3,993
1,486
1,695
1,398
1,784
2,869
4,1432
1,570
10,2156
10,2436
1,552
1,609
1,265
8,2398
1,371
8,2500
1,577
1,432
1,355
1,608
10,2627
9,3264
1,615
3,1058
8,2187
9,2702
1,615
1,252
2,850
9,3224
1,645
1,501
1,719
1,304
1,499
10,3375
10,3388
1,844
8,1965
10,3794
10,2512
1,582
1,292
1,430
10,3367
5,1963
1,449
1,521
1,338
1,472
8,1819
10,3479
1,608
1,565
3,977
10,3974
1,710
1,293
7,2187
10,3159
8,2995
1,284
1,447
1,304
1,582
3,1088
10,7015
1,688
1,365
8,1740
10,3445
1,497
1,394
7,5908
10,2540
7,2588
1,420
9,3261
1,302
1,645
8,1841
8,6950
1,517
1,383
3,1422
5,1909
8,2312
1,246
7,6702
10,3208
8,2861
1,494
1,578
1,376
1,809
8,3050
10,3634
8,2973
1,447
1,557
9,2967
6,2080
1,305
8,2423
9,2015
2,680
1,421
1,342
1,546
6,2332
1,465
1,545
6,2435
1,353
2,803
1,481
9,3031
1,290
2,1127
1,339
10,7802
8,5096
1,642
3,851
3,1098
1,568
6,1596
1,486
1,286
10,2368
10,5949
7,2150
1,260
9,2861
1,295
9,4236
5,2665
1,428
2,870
8,2756
1,448
2,1096
8,2879
1,287
10,3638
1,660
8,2338
1,392
3,1244
1,511
2,5163
10,3391
6,1497
10,3659
1,491
1,435
1,690
9,7897
1,381
7,2473
3,1095
8,2399
10,2811
2,852
1,372
2,8795
7,2769
10,2351
10,3525
4,1204
1,482
1,1026
5,2070
1,393
9,3650
1,649
4,2000
10,2879
3,854
1,289
4,1072
9,3354
9,3004
7,2666
5,2098
1,332
1,738
5,1802
9,2576
8,2801
4,1164
1,464
9,2514
9,4193
1,265
6,1682
8,9940
10,9966
10,3326
8,6797
1,378
1,538
2,805
1,274
10,2756
4,1137
3,1038
9,2082
6,23440
1,282
9,2176
8,2822
10,3317
8,2624
4,1101
1,274
1,814
4,1604
5,1795
1,571
2,526
2,848
10,2206
9,23636
1,282
9,2996
2,771
4,1284
10,3755
7,2171
1,330
1,657
9,3342
10,3414
1,626
10,3581
2,678
10,3352
7,1533
1,308
7,2757
2,1245
3,1117
8,3173
2,813
1,401
1,635
2,774
6,2107
1,1127
7,2225
1,452
1,361
8,2669
1,298
8,5845
5,2553
8,2721
2,880
2,970
2,779
1,476
1,3635
10,3376
1,639
10,16992
9,2441
2,1024
8,2706
7,1961
6,1516
3,1203
6,2435
9,3701
9,3177
10,3687
1,483
5,1902
1,4246
9,3796
9,3643
5,1556
2,660
8,5074
10,3082
10,3152
1,488
1,505
5,2399
6,2126
5,2057
1,664
5,1874
5,1801
1,356
1,611
1,302
10,2723
1,496
9,2101
4,976
2,986
5,1519
8,2896
5,1841
9,2750
8,2756
4,1094
10,3596
1,684
8,17063
9,2582
7,2341
1,523
10,2243
1,562
6,2424
8,6892
8,2243
4,1527
10,3418
6,1456
9,2575
4,1537
1,566
1,761
9,2929
10,2981
4,1259
10,2415
1,493
4,4230
7,11949
5,2093
6,2236
8,15592
8,2545
6,2698
3,882
1,462
6,2093
10,3403
8,2677
2,657
3,686
1,373
4,1191
8,7567
7,2611
9,3346
10,3627
1,509
9,3168
6,2123
1,606
1,793
10,3727
10,3777
2,693
10,3150
1,507
9,3274
10,7357
8,8540
9,2245
5,17164
9,3167
7,2569
6,1662
1,377
1,653
1,518
10,3047
1,343
1,527
1,531
9,2148
2,838
1,548
8,2819
1,474
5,1641
9,2702
8,2576
2,928
5,7131
5,1951
8,1669
2,852
2,706
1,331
7,2395
2,2528
2,756
8,2362
2,1482
10,4876
10,3050
5,1609
6,2166
1,360
1,398
10,2423
1,304
7,1757
1,379
8,2770
4,2453
5,2102
8,1802
6,24410
4,1394
6,2078
1,362
1,433
1,330
9,3157
3,796
1,396
2,4319
1,319
6,1642
1,456
2,974
6,1555
1,21886
2,818
1,351
5,1683
8,2968
1,553
10,13243
1,370
1,388
10,5644
3,815
8,1772
5,1673
5,1651
1,477
9,17467
9,3885
1,543
7,1611
1,589
1,389
1,561
1,275
1,267
8,3027
1,325
1,551
1,525
2,886
4,1092
8,14803
1,1400
4,1387
8,1981
5,2070
1,611
1,1082
1,299
1,250
10,2275
1,467
1,451
9,11995
3,10242
1,912
5,6918
5,25896
1,418
4,1635
8,3153
2,863
1,817
1,271
1,277
10,2873
1,317
3,918
1,546
1,594
1,602
1,455
1,408
1,418
4,1662
8,4345
1,407
1,769
1,335
1,280
10,3566
1,713
2,740
1,696
1,539
1,547
7,1844
6,2157
3,1065
5,1942
4,1923
1,576
1,629
1,265
1,278
10,3020
1,480
1,512
2,723
1,527
1,406
8,2939
9,2916
1,344
2,840
2,912
7,2130
1,483
1,530
1,302
3,1219
5,1663
2,608
1,642
1,449
1,300
4,2039
9,1973
1,349
9,3146
9,7808
1,4151
4,2418
1,307
10,2391
8,1840
9,2512
1,256
1,437
1,378
1,316
9,3140
7,2358
1,340
5,1855
5,1883
5,4966
1,684
1,299
1,351
1,272
9,3401
1,281
1,517
1,505
1,314
1,381
8,7273
1,491
2,900
2,839
8,24282
1,510
1,249
5,1525
1,654
1,430
1,332
1,694
2,793
1,437
2,947
9,3136
1,451
1,368
2,943
1,1975
1,11480
5,1764
9,2968
1,580
10,2490
1,291
1,484
1,380
1,502
5,1840
10,2257
1,353
1,683
2,900
9,17461
1,591
10,2434
9,2323
1,511
10,2533
1,292
9,3575
2,515
2,860
9,2975
1,444
1,342
1,483
6,1907
4,1489
6,22776
4,871
10,2354
1,673
5,2489
1,312
1,427
1,335
1,301
3,1300
4,1411
1,290
1,620
9,3160
9,4286
2,881
10,2862
10,3905
1,416
1,437
1,680
4,1141
1,628
1,465
1,2414
1,401
1,317
1,436
8,2881
3,1343
4,1376
9,3033
1,395
1,333
10,3631
1,485
9,2718
1,604
2,574
1,417
2,815
10,2721
1,512
8,2916
3,1062
10,3475
10,3403
5,3567
1,269
9,3512
1,283
1,546
9,3303
2,830
1,351
3,997
1,288
1,731
10,3944
2,842
2,983
6,3265
10,13869
1,258
3,1264
1,543
8,2985
6,2310
1,378
1,479
5,1564
3,1163
1,628
8,3053
4,1500
10,3694
5,14144
1,527
1,416
8,2801
1,412
8,3144
8,2335
10,2195
1,483
1,517
9,2477
1,624
8,2549
7,5258
8,2817
1,495
8,2698
2,770
2,972
4,1695
10,3869
8,2759
5,1920
1,492
1,401
10,2118
1,568
10,2515
3,1349
4,1567
1,569
1,359
10,2671
10,3498
1,455
6,2240
8,2700
1,392
1,429
1,255
10,3629
7,2509
4,1540
1,3280
8,2697
2,823
2,847
4,956
4,1520
10,4294
1,302
9,3362
10,2320
1,351
1,253
10,3488
4,1351
1,481
1,673
2,884
6,2193
4,1048
6,2057
4,1609
9,3435
2,731
1,559
9,2227
8,2639
1,266
9,3208
4,1199
2,852
4,5291
1,943
8,2580
10,3254
10,3427
8,3146
9,3224
2,689
4,1694
10,8394
2,670
1,264
7,3016
9,2558
2,994
8,2683
1,595
10,3718
10,3456
8,5904
10,37318
10,3450
1,432
2,746
5,1765
1,351
1,243
1,1333
9,2882
1,498
10,3188
1,520
9,3870
2,735
10,9516
10,25840
6,2184
1,493
1,312
10,3303
1,414
1,347
1,881
3,1164
1,570
7,2166
2,882
5,1813
9,2938
6,4218
1,450
9,4656
9,2321
10,2645
9,3012
4,1077
1,246
2,992
6,1630
1,369
3,1015
7,3296
7,2065
8,3604
4,1390
1,606
10,3616
1,545
1,575
1,2474
6,2168
1,562
4,1530
6,1589
1,292
1,346
5,1737
8,2079
5,4511
3,1538
2,1287
2,40322
10,2494
10,2846
1,486
9,8777
1,468
10,3534
10,3226
1,249
8,10842
1,587
8,2453
2,1221
6,2096
3,1004
1,510
10,2498
10,2586
8,1778
2,821
5,1236
8,2897
1,270
1,322
6,2080
9,3137
4,1765
1,538
8,2808
1,5500
8,2614
9,3461
10,2587
2,522
8,2643
1,487
10,5236
1,482
1,526
8,3081
7,3189
2,690
1,359
1,603
1,622
8,3259
10,3298
10,2770
4,1234
10,2302
1,311
10,3623
9,2396
1,428
2,863
3,1224
5,1887
1,435
5,1918
1,583
4,1709
1,553
10,3703
10,3481
6,1682
9,2069
4,1670
1,479
1,341
1,649
4,1534
1,690
1,485
9,3119
1,637
10,3545
9,4307
9,3098
9,2985
1,592
10,2358
8,5871
9,2145
1,347
1,485
2,779
2,1054
8,2538
7,2621
6,7159
10,3671
10,4352
10,3718
2,655
4,1302
9,3052
5,2064
10,2225
10,2553
1,411
8,57352
3,4127
1,366
7,1971
1,628
10,4216
9,13755
1,17989
10,7948
1,487
10,3131
1,451
10,2534
1,442
1,583
1,9859
1,327
1,437
8,2839
1,512
2,12498
1,682
3,1244
1,398
5,2775
9,2985
1,655
10,3335
5,2142
1,546
4,8866
1,539
1,413
4,1494
1,654
5,1884
1,556
1,1597
8,2583
1,498
9,3059
2,715
10,6078
1,421
9,3751
7,8179
1,672
1,436
2,895
8,5217
2,969
1,661
4,1369
1,349
9,2005
1,496
1,615
1,456
9,1979
1,500
1,414
1,712
5,1597
1,401
1,465
1,524
1,571
1,497
5,1690
10,2053
1,544
1,445
10,3358
10,3363
1,540
9,20905
1,621
1,334
9,2880
1,375
1,450
1,523
1,424
1,461
9,2033
3,1116
6,3272
9,3330
9,3052
1,571
1,485
1,633
1,484
1,503
1,453
8,2672
1,468
1,453
2,988
10,2913
2,785
1,480
1,620
10,3543
2,1306
1,576
1,470
1,369
5,1745
2,903
1,480
1,430
1,686
1,611
10,3133
4,975
1,582
1,625
1,537
1,404
3,1542
1,553
1,398
1,420
1,1635
1,377
1,462
1,482
1,515
10,3338
10,3308
1,418
1,468
5,1852
1,483
1,1313
1,371
1,502
1,539
2,916
2,890
1,500
1,409
1,509
5,1790
7,1628
1,523
1,404
9,5072
1,527
1,566
3,1143
2,791
1,411
9,4133
1,519
1,687
1,388
9,2946
9,2987
10,2531
1,635
1,487
3,1090
3,1278
1,440
9,3306
4,1446
2,890
9,5792
1,610
1,660
1,491
1,691
1,485
4,7210
1,550
1,612
4,1517
3,1056
1,462
9,3066
9,2947
3,1249
9,17926
1,444
10,8743
1,409
8,2168
1,595
8,2707
1,1007
1,512
1,595
8,5110
1,724
7,2225
9,3283
1,533
4,1707
1,439
1,444
2,660
1,369
1,467
10,24437
1,582
1,740
2,888
2,3572
1,605
8,2563
4,1624
1,677
7,20237
1,543
2,782
10,3371
1,355
1,447
5,1966
9,2976
1,746
4,1543
10,3685
2,805
8,2232
9,4101
1,642
7,23090
1,605
4,1361
4,1542
1,363
1,670
1,504
2,824
1,628
10,3449
10,3733
3,1358
7,2542
7,4693
1,620
3,1323
9,3349
10,3269
6,1947
1,407
1,541
1,472
7,2513
1,575
6,2113
7,2568
1,558
1,447
1,699
1,491
1,548
8,20548
4,1238
10,3891
1,433
1,443
6,2140
5,2091
10,3739
10,3555
2,723
3,1307
1,495
7,2354
1,520
3,1123
4,1364
8,2323
9,2820
1,371
1,467
1,385
8,2755
8,3186
9,2944
7,7483
10,6650
3,913
3,1339
1,375
1,514
1,521
9,31103
8,3022
2,2080
1,465
1,372
3,1282
2,812
4,1486
4,13505
8,2948
2,685
1,417
4,1704
2,701
9,23138
5,10704
3,932
1,625
1,582
1,387
7,2609
4,1583
8,2880
8,5177
7,2292
2,646
3,1743
9,2830
3,1186
1,19765
6,2266
1,532
5,1981
1,440
1,388
4,7661
10,2728
3,1307
6,2058
7,2365
1,483
1,482
7,2258
10,3592
5,57806
1,562
1,552
9,6459
10,3355
1,401
7,10701
4,1486
1,1675
5,1314
9,3582
10,2405
7,2828
9,2333
3,1302
9,47404
1,466
2,693
9,37933
2,759
1,502
4,17816
8,2641
1,656
4,1527
3,1369
5,1827
3,1142
9,2951
9,3199
5,35697
1,605
7,2455
8,32626
8,1999
1,530
2,6189
4,1378
1,580
4,1549
8,7471
1,539
10,3507
10,3249
7,4021
2,12843
2,834
9,2968
7,48608
2,920
1,577
3,1244
2,814
1,545
10,3559
3,1198
9,2259
1,485
1,524
7,5090
7,15722
5,24114
5,13456
4,46424
10,4132
1,493
3,1198
6,2066
1,471
10,2374
2,936
9,2507
3,1038
6,1693
8,2669
1,7979
9,15318
8,2713
4,68769
4,1521
1,365
2,864
2,828
1,585
4,1380
3,1353
10,3395
7,6421
3,931
8,2915
1,748
8,49457
7,35716
2,33199
5,1816
9,3014
1,390
1,601
6,2098
10,2809
8,3152
5,1368
8,2780
1,635
1,566
3,2265
9,41210
9,2850
4,4312
8,2993
1,397
1,396
1,552
1,768
5,2328
3,983
10,3100
3,12152
1,374
1,600
1,531
9,74794
4,1565
1,1046
4,1446
2,773
3,1281
2,922
1,508
6,2457
2,944
9,2998
9,13832
9,2155
1,557
2,681
1,671
3,2273
1,364
2,716
7,2025
7,2851
7,2773
1,463
6,2206
8,5485
1,4888
7,32272
4,1568
1,384
3,1250
4,1471
4,1251
3,11374
5,1843
9,3007
10,7378
9,3440
1,624
1,560
10,3674
10,9201
3,1234
9,2457
1,377
7,2478
2,1099
7,16092
3,2989
1,479
8,6164
1,673
5,1803
1,554
6,1858
7,2280
1,528
1,394
1,346
1,432
3,1170
1,452
1,548
10,2804
1,488
4,1732
3,1346
4,1500
1,406
1,363
2,845
1,509
1,632
10,3403
3,8560
3,2714
1,382
2,885
6,1918
2,821
7,2650
7,2544
8,3604
7,2773
1,327
4,1509
1,527
1,470
9,2307
1,562
10,4532
3,1102
1,529
3,1112
9,3203
7,2455
9,3195
7,2292
1,410
1,312
7,2332
1,537
8,2790
1,1573
1,504
9,3163
3,1035
1,489
9,15230
6,2048
2,3055
8,6952
3,1072
2,4830
1,291
10,21795
1,534
1,391
10,19022
10,4442
7,2593
9,5169
1,508
1,325
9,2928
2,842
8,2804
9,3412
5,2042
1,271
8,6229
1,396
9,15868
10,12794
1,724
1,374
7,13313
1,494
7,5683
8,2538
3,1193
1,560
7,2333
9,3327
1,274
1,387
1,619
1,468
9,3132
2,1220
8,3018
4,13258
3,1188
7,19537
7,8681
3,1148
1,468
4,5079
8,3392
1,314
1,470
1,509
1,388
1,405
1,562
8,3062
7,14584
3,1025
8,1911
7,2317
2,770
1,645
1,735
4,1524
1,264
1,628
1,481
1,348
1,586
2,882
9,3067
4,1386
1,550
1,302
4,7429
1,675
3,1119
1,443
9,3797
1,341
2,670
1,638
1,424
6,35997
3,1299
1,611
1,2433
1,517
1,391
1,447
1,577
1,745
2,765
3,1133
9,2213
1,354
1,675
2,760
1,666
3,1073
1,4287
1,624
1,560
1,385
1,348
3,1125
1,528
1,356
4,38237
10,2699
1,528
8,6132
1,382
1,722
8,2929
1,630
1,675
1,688
1,356
4,1341
10,3413
1,504
1,413
2,812
10,4131
1,416
4,1661
1,410
1,616
10,6698
2,1000
1,512
3,1088
3,914
7,2329
3,1253
9,2974
1,488
7,40554
10,2293
1,434
10,4023
3,1145
1,541
10,7301
1,509
1,449
4,1578
1,473
1,341
7,2419
1,558
1,2062
3,1234
10,3976
4,1590
10,12168
2,686
1,569
10,11296
1,603
1,418
1,567
1,450
1,415
8,2674
1,568
2,722
1,604
10,3165
1,407
10,3471
3,1103
1,791
4,1680
3,1272
1,603
1,507
1,462
2,681
8,2859
2,772
1,386
4,1458
1,451
1,527
2,785
8,2647
1,28887
7,2165
1,650
3,1398
1,754
9,5587
1,418
7,2634
1,685
1,420
1,389
10,3435
1,641
2,21313
10,3073
4,19643
7,7542
3,1517
1,438
1,464
1,444
1,410
1,1121
1,509
1,377
3,1907
4,1099
6,1916
2,17529
4,1453
1,518
6,2220
1,530
1,472
10,3677
1,259
2,1717
3,959
10,5094
1,379
7,3035
10,2791
6,2625
8,16096
7,2474
1,464
4,1237
2,756
1,474
3,1172
1,385
1,369
1,478
3,880
1,540
10,8460
10,3553
5,2249
2,14324
7,2426
2,629
5,1558
8,2872
10,3913
9,3240
2,2096
1,423
1,409
8,2764
3,1013
3,1212
10,3119
8,2730
5,20454
10,4783
10,3301
4,1756
1,480
7,2745
6,2265
10,3271
1,369
9,21525
2,608
1,481
6,2243
10,2385
10,3533
1,1302
2,758
10,3701
8,3218
1,579
7,2490
1,435
3,4184
1,372
1,387
8,2655
3,1173
7,2633
6,1391
2,932
1,510
6,1571
4,1287
10,3608
1,541
6,2137
7,7938
8,2497
1,365
3,1010
10,3143
2,722
9,19462
10,2523
5,1166
1,492
5,1550
10,3379
10,4168
10,3850
3,1082
7,2533
2,977
3,1273
9,2729
7,2756
8,2558
8,3030
10,2415
10,12133
4,1506
4,1253
6,6453
5,1938
10,3426
8,8710
3,1284
8,3129
10,2873
1,4752
4,1682
1,736
1,564
1,629
10,2346
9,2837
4,1523
8,2722
6,1995
7,2249
3,31366
9,3563
10,3608
1,549
1,481
2,1041
1,501
1,339
1,310
3,1000
5,1584
10,2767
6,2131
6,2152
7,2474
2,815
8,3331
7,3097
3,1278
1,407
8,2374
7,2731
3,884
1,304
10,2388
8,2750
5,1972
1,499
2,885
10,2647
3,1268
3,919
4,1683
1,521
1,384
2,1011
9,3527
1,307
1,271
10,2454
9,12303
10,3503
2,736
10,2264
2,986
8,2894
8,8589
2,967
3,1107
1,436
6,1761
3,1074
3,1172
1,359
10,2338
9,2934
6,2184
1,356
1,400
8,2831
2,917
2,8357
8,2918
7,2502
1,419
5,4467
1,678
1,432
1,351
10,2694
5,1690
10,3840
9,6840
1,382
10,2958
8,3091
2,811
2,997
9,3443
1,535
8,3486
7,2525
1,667
1,446
7,2809
7,2599
6,2060
5,1651
1,370
4,1802
10,6062
10,3102
6,2392
1,442
2,6495
8,2132
8,2198
10,3615
1,251
10,3600
4,1383
10,3342
1,675
1,318
5,2841
10,5379
4,1722
5,2205
8,2733
7,2505
4,900
3,1423
1,371
1,287
10,3474
1,457
1,368
8,6588
1,258
8,8137
10,5509
10,3420
4,1370
7,2146
3,1043
5,1925
9,3660
1,591
1,288
1,570
1,368
1,361
7,2381
1,253
8,4483
4,1423
10,3348
10,3373
3,709
8,2857
10,3397
2,1317
1,567
10,2914
10,2530
1,532
1,388
1,509
1,283
2,888
7,2164
7,8413
8,2159
3,1162
2,653
10,6888
3,1233
1,610
10,3282
1,357
1,379
1,421
4,1266
1,254
5,1818
2,753
2,13424
10,2297
9,2935
10,7503
2,840
8,3094
1,529
10,3238
1,400
2,716
1,370
9,17353
1,266
6,2057
1,640
8,2862
10,3266
2,912
10,6928
2,1025
6,2087
2,1148
10,3316
1,366
1,484
1,397
1,688
1,248
10,14967
8,2722
6,2557
5,2085
3,1246
4,1443
6,1784
2,788
3,1257
10,3595
1,369
1,414
1,359
4,1261
10,2974
2,4397
1,359
1,617
6,1979
3,819
7,2233
10,3622
10,3548
8,7377
10,7188
1,379
1,509
1,317
1,1266
2,712
10,3502
1,523
1,403
2,746
8,2871
2,859
1,846
10,3272
6,1915
10,2767
1,319
1,471
10,2294
1,4590
10,2517
1,518
2,797
1,456
1,388
2,875
8,2799
1,417
10,3135
7,24766
7,1960
1,336
1,467
1,335
1,557
10,2842
1,302
1,505
1,385
1,339
8,2730
6,1722
1,308
7,2237
2,4754
10,2529
1,390
1,465
1,256
7,2206
8,2718
1,267
1,436
1,388
1,258
7,2567
5,1430
1,441
4,1549
10,3384
10,3564
1,329
2,804
3,799
9,53301
10,4148
1,351
1,683
1,386
1,365
10,3161
8,3330
1,484
2,950
4,1489
10,3654
10,2338
1,346
10,2358
2,745
10,3504
1,348
1,651
1,360
1,437
7,2154
4,1531
1,291
4,1659
7,2354
10,3403
9,2259
1,340
10,2862
1,18282
10,2657
1,399
8,2246
1,423
10,2588
10,4907
8,2593
1,433
8,2769
2,820
3,1128
10,3479
3,984
10,2205
3,1156
10,3789
1,269
1,302
1,581
1,270
4,1466
10,2242
1,325
1,476
4,3897
10,3423
4,1102
3,1028
7,2597
1,385
10,3166
1,246
1,327
1,525
1,261
2,743
5,1714
1,276
1,335
8,2816
10,3430
10,2322
1,350
10,2614
1,402
9,2926
1,315
1,715
5,1484
1,271
8,2545
2,828
1,299
1,263
6,2101
1,695
10,2836
3,55587
10,3387
1,435
10,3008
1,302
6,1626
4,1461
1,322
1,521
6,2043
2,767
1,264
5,1528
1,533
1,278
3,1295
10,2344
1,400
3,776
3,912
5,1989
8,2341
1,287
2,786
10,2923
10,2219
1,378
4,1698
1,477
6,1539
7,9707
10,3178
1,383
10,2389
10,2160
2,1116
10,2266
6,1987
1,348
2,851
10,2375
1,325
10,3554
1,556
5,1931
1,437
10,2166
1,612
10,2481
10,2778
10,3799
10,3828
2,817
1,267
10,3378
10,3656
8,2643
8,2954
1,534
10,2218
8,2707
10,2088
2,1677
1,398
10,2269
10,3473
10,3560
4,1137
1,318
1,520
10,2355
1,280
10,3579
1,620
10,3560
9,4004
4,976
1,677
7,1781
10,3243
5,1731
6,2182
10,3287
1,339
1,316
10,2860
1,381
5,2060
1,599
10,3434
10,23573
10,3324
3,1152
1,478
10,2050
10,16485
5,1650
10,3122
1,274
1,316
8,2019
1,833
10,3718
1,433
10,2919
8,2602
10,2523
10,3699
1,434
7,1932
10,2324
2,588
10,3012
1,272
1,378
10,3510
1,335
6,2210
1,447
10,2763
9,7056
6,3408
9,3199
1,268
10,2168
3,901
3,871
8,2266
1,344
1,330
10,2489
6,1763
2,640
1,452
5,1860
2,825
1,420
8,2835
1,318
10,2878
1,387
7,1697
10,2862
1,498
1,261
9,2441
5,1633
10,2760
10,3443
10,3259
3,1103
1,321
1,407
1,261
9,2401
10,2260
1,404
10,3041
1,405
10,2843
10,2622
4,1543
1,564
5,2146
1,445
4,1037
1,257
3,1159
1,296
10,2492
10,2264
10,2386
10,3499
6,1720
1,307
10,2327
2,841
1,371
8,3057
10,2765
3,1316
1,378
7,2256
1,382
10,3668
10,2327
10,2637
10,3301
10,2770
1,301
4,1113
8,2671
1,276
10,3228
1,332
8,2641
1,359
8,2614
1,278
10,2675
7,2696
10,2326
10,2601
5,1250
1,360
10,2813
10,3487
10,3156
10,3179
1,339
2,972
1,359
3,1150
1,389
4,1090
10,2907
10,3469
10,2708
8,2546
1,278
1,303
5,2089
1,372
10,3666
1,270
8,2207
1,407
9,3007
1,302
10,2531
10,3408
9,2175
3,794
4,1217
2,597
10,2398
6,2366
1,373
2,877
1,379
10,3722
1,285
2,957
10,2429
1,309
9,2060
10,3209
10,2393
5,1692
10,2257
6,2354
2,790
1,373
5,1564
1,312
7,2652
1,319
3,1419
6,2443
6,2156
10,2414
10,2500
10,2762
10,3235
10,3367
1,521
10,2737
1,421
10,2677
1,270
7,2640
1,248
8,2896
10,3162
1,462
1,410
1,557
1,547
2,764
10,2259
1,318
1,517
1,310
10,2478
1,277
10,2767
10,2534
3,7274
10,3665
1,260
1,266
1,254
1,591
6,2222
10,2322
1,365
10,2792
1,315
10,3310
1,373
6,1900
10,3756
2,851
10,6018
1,233
1,266
1,265
1,517
10,3487
8,2948
1,298
10,2567
1,289
10,2737
1,299
2,647
10,2558
10,3270
4,868
1,389
1,269
1,386
1,343
2,654
10,3354
1,250
10,2378
10,2337
10,2346
10,2625
8,2556
10,2580
10,4025
10,2196
1,254
1,318
1,455
1,581
10,2168
10,2266
1,589
10,2220
10,3102
10,3178
8,2118
2,924
10,3825
7,2390
10,2441
1,248
1,282
1,549
7,1890
10,2372
9,3049
1,558
10,2643
10,2360
10,2960
10,3661
1,573
10,3597
4,1767
10,3895
1,264
1,259
1,271
1,356
10,3247
10,6950
1,316
10,3535
10,3183
1,513
7,2471
1,609
10,3033
7,2589
10,3496
1,245
1,339
1,250
1,313
10,3022
10,3142
1,315
9,2646
10,2199
1,556
10,3378
1,722
10,4626
2,812
9,3092
1,329
1,265
1,257
1,286
10,2878
4,865
1,297
10,3683
10,3537
1,653
10,3301
1,674
7,2664
10,3341
10,4044
1,259
1,311
1,276
1,283
8,2025
10,2274
6,1570
1,665
10,2334
1,618
2,1026
1,632
4,1864
1,544
7,2181
6,1529
10,2324
10,3330
1,380
10,2240
10,2402
10,2464
1,317
10,2410
1,665
3,1463
1,383
6,2394
1,475
10,3310
10,2811
10,2422
10,2500
10,3406
10,2592
1,352
10,2585
1,253
10,2506
1,660
2,952
1,287
10,3560
1,430
10,2984
10,3542
10,2863
10,2400
6,1535
1,379
6,1589
10,3388
1,272
10,2406
1,601
10,2782
1,332
3,1076
8,2609
1,703
10,3165
3,883
10,2164
10,3317
1,373
1,495
10,3338
1,361
4,958
1,655
5,2208
1,327
1,602
1,373
1,23695
10,3317
10,2268
10,3573
10,3077
1,295
1,441
10,3232
9,2155
10,2616
3,1227
8,3095
1,293
1,524
1,520
3,23390
10,3332
10,2334
10,3479
10,2985
1,341
1,391
4,1509
1,309
10,3672
7,2701
8,2422
5,1606
1,398
1,445
1,546
4,1194
7,1860
6,1896
4,1387
1,279
1,372
10,3422
1,279
6,1487
1,414
10,3273
8,3314
1,473
1,356
1,387
10,2235
5,1702
4,1676
10,3144
1,252
1,253
10,3342
1,272
1,773
1,512
10,2258
8,2828
1,505
1,444
1,402
10,2383
2,565
2,651
10,2484
1,497
1,286
9,3144
1,286
1,281
2,894
1,651
4,1411
1,506
1,494
1,499
8,2564
10,2300
10,2319
10,3019
1,282
1,283
10,3492
1,367
1,252
10,2922
2,857
5,2161
5,1838
1,399
1,562
10,3392
10,3423
10,3487
10,2548
1,417
1,605
7,2481
10,3575
1,262
3,1195
1,363
10,3506
1,423
6,1577
1,368
10,8061
10,3254
10,3177
10,3214
1,420
10,2669
10,6710
1,513
1,266
8,2632
10,3281
2,1150
1,1132
8,3113
1,367
10,3373
10,3340
10,3756
10,3135
10,2235
1,498
10,3362
10,2472
1,265
4,1416
1,564
2,718
1,517
8,3015
7,1869
7,2478
5,1737
8,2122
7,1842
10,2792
1,365
1,396
10,2928
10,2629
8,2831
5,1539
6,2158
1,478
4,2018
1,320
10,3341
10,3243
10,3333
10,7248
10,3340
6,1354
10,4150
4,1136
1,357
7,2410
1,452
10,3875
2,1188
10,7043
1,319
2,811
8,2675
10,2935
10,3348
10,2064
10,3546
3,1644
10,2721
1,285
2,894
1,454
2,1063
10,3495
10,7614
2,873
3,1092
10,3600
1,519
1,657
3,845
10,3290
1,634
6,1929
1,318
9,3485
1,540
10,2810
4,1346
2,1627
8,3281
1,445
1,298
1,305
1,395
10,3139
10,3206
1,1642
2,773
1,274
3,1175
1,418
10,2533
8,2250
2,1847
10,7347
1,588
1,271
1,372
1,505
7,1698
10,3201
1,642
10,2228
10,3232
6,2147
1,424
10,3745
10,3419
6,2346
3,1078
1,1616
1,387
1,270
1,382
5,1208
4,1439
1,629
10,3910
10,6940
6,2211
1,513
10,3230
5,1601
10,3106
8,2844
1,596
1,340
1,255
1,435
10,2135
10,3574
1,544
10,3399
10,3036
1,632
1,297
10,2359
8,2538
2,587
10,2487
1,412
1,310
1,260
1,423
10,3296
10,3515
1,578
10,2785
10,3093
7,3798
10,2364
10,3154
10,3145
10,2099
10,2903
1,419
1,278
1,242
1,496
10,3780
8,2663
1,489
10,3975
10,2238
3,1318
1,481
8,2444
2,764
6,2013
2,752
1,315
1,405
1,380
3,994
10,2796
10,3322
1,632
10,3187
10,2757
6,2190
10,3589
10,3177
10,2990
10,3239
10,3120
1,744
1,359
1,275
1,453
10,3187
10,4730
1,519
8,2387
10,3297
1,585
9,2476
1,687
6,1664
10,2620
1,1056
1,629
1,301
1,345
1,426
5,1802
7,1871
1,388
10,3592
10,2852
4,1481
8,1982
1,419
10,3331
10,2462
10,2487
1,591
1,323
10,3722
1,577
10,2115
10,2963
2,853
1,507
10,3120
4,1373
10,3475
1,540
1,481
10,2908
10,3586
2,582
10,2315
10,2724
2,822
10,2838
10,3813
10,3327
1,545
10,2901
10,3693
9,1903
1,375
10,3290
8,2016
9,3083
10,3777
10,2604
10,3487
2,1859
1,366
2,623
10,3512
1,321
7,2430
7,16202
1,368
1,270
10,2127
4,1164
10,3431
4,1775
10,3710
10,3768
8,3032
1,299
3,1205
5,1628
1,377
10,2534
7,2382
2,1063
1,252
10,2553
1,604
10,2322
8,5262
7,2513
10,3030
8,3134
1,385
1,559
7,2418
1,289
10,3684
4,1635
2,994
1,247
10,3320
10,3446
10,2524
7,2318
10,2378
10,2758
5,1806
1,462
1,520
10,3028
1,384
3,1277
1,743
4,1921
1,260
10,2451
1,309
9,2938
5,1807
10,3132
2,917
6,2123
1,272
1,587
8,2879
9,2248
1,1519
9,2944
10,5064
1,261
9,3027
1,440
1,497
8,2045
3,1398
8,2821
8,2523
1,367
1,404
10,4233
1,254
1,813
1,656
3,1259
1,251
2,897
1,403
1,541
10,2836
2,1050
3,911
10,3546
1,350
1,462
3,1267
1,239
10,4207
3,1009
8,2987
10,3423
1,460
1,316
1,457
2,978
2,1226
10,3725
2,862
1,485
8,3070
5,1866
1,303
1,1441
6,18657
6,2017
9,2370
1,568
1,329
1,488
6,1730
10,3583
5,1749
10,3555
1,358
1,632
10,2928
1,255
1,705
1,601
5,1693
10,2167
1,2076
1,297
1,521
3,1072
5,2134
10,3649
4,1500
1,397
1,660
1,619
10,3506
1,893
1,402
7,2467
10,2213
1,562
1,327
1,315
5,2864
8,2974
7,2442
5,1433
10,2535
1,485
9,3248
1,418
1,571
1,553
1,471
4,971
1,589
1,337
1,528
1,608
10,2342
7,1537
10,2712
10,3916
1,482
10,2701
10,3678
1,724
1,496
1,535
10,3377
1,593
1,319
1,581
9,3334
10,3450
10,3684
1,394
10,3685
1,485
10,2863
10,9991
1,803
1,377
1,487
1,290
1,446
9,3350
1,538
10,4003
8,1826
10,3057
10,3688
10,2880
2,967
8,1790
7,2131
1,629
1,537
1,490
6,1546
1,515
10,2462
1,561
10,3821
1,535
3,1244
10,3293
7,5556
10,3748
10,2488
10,3789
1,611
1,567
1,484
5,1524
1,429
10,2334
1,449
10,3636
10,3855
5,2305
10,2454
10,3624
2,727
1,632
3,1290
8,3610
1,423
1,567
10,2494
1,353
4,1175
8,2306
10,3188
1,452
1,667
10,3133
3,1192
5,1966
9,2493
2,989
10,3894
2,974
9,15647
10,3353
3,1015
10,2552
4,1542
8,2572
1,419
1,293
10,3015
2,647
7,2555
2,1223
10,3434
5,1695
2,833
1,11717
10,3551
8,2452
1,479
10,2524
10,3176
5,2019
1,268
9,5076
10,3471
10,3748
1,572
5,1651
7,2692
1,690
3,1170
10,3646
10,3380
10,3201
3,6930
2,1050
1,447
1,316
1,407
8,2442
8,2661
1,592
10,3192
10,2919
8,2808
6,16465
10,3344
5,2174
6,1717
2,720
1,715
1,524
1,357
1,600
4,4981
10,3716
1,19663
10,3195
10,2723
10,6898
1,555
10,2456
3,938
6,2152
5,1862
1,659
1,427
1,446
1,569
5,1814
3,1137
1,594
10,3146
2,903
8,13473
1,362
5,1775
7,1765
10,2495
6,2210
1,532
1,637
1,345
1,509
7,2140
5,1898
1,553
8,1819
3,1459
6,3488
1,623
10,2784
4,1364
10,3921
7,2891
1,618
1,557
1,362
1,633
8,3133
10,3563
1,373
10,2822
5,2135
9,3021
7,2882
1,484
10,3460
10,4870
9,3122
1,352
1,482
1,260
1,719
10,2070
1,353
1,546
5,1766
10,3135
10,3257
3,1228
1,358
10,3159
10,7034
3,1208
1,743
1,391
1,265
1,425
2,852
7,2591
1,675
1,448
1,567
10,15355
4,1269
1,271
2,806
10,4956
7,2338
1,679
10,2888
10,4084
1,769
6,2072
9,2924
5,1942
1,373
10,3687
2,880
1,2106
1,293
9,3220
10,3849
1,489
1,583
10,2439
1,439
1,563
10,3606
10,3361
1,520
1,348
10,3497
4,1512
1,405
1,510
3,1210
4,1477
1,524
2,1104
1,620
10,2953
1,748
3,1058
8,2499
1,508
1,423
10,2377
10,3620
4,1522
1,430
6,5266
1,546
6,1911
4,29740
10,3505
10,3066
4,2830
1,453
10,2364
2,767
1,396
10,3718
10,3703
3,1364
1,264
1,358
10,2631
3,1091
1,29768
10,2451
10,2366
2,831
1,667
1,1886
4,1697
1,371
10,3559
6,2028
5,2294
1,309
7,4676
1,458
4,1535
8,3007
10,3104
10,3542
4,1573
5,1818
3,3488
10,3421
1,275
9,3195
7,6137
10,20748
1,257
3,1279
1,331
5,1582
5,1688
9,3024
9,3215
3,1000
1,457
9,8321
8,2997
1,388
1,793
1,516
6,2207
1,361
6,2098
1,389
5,3114
10,15533
2,803
4,1496
3,1378
1,562
2,871
8,2883
9,3217
1,538
8,2732
9,3068
10,3276
1,455
1,352
7,2294
1,361
4,1770
2,945
8,4571
1,639
1,12938
2,1148
1,406
1,732
10,3298
7,18365
9,3109
5,1634
1,341
10,3662
3,1151
1,406
6,2503
4,1456
1,595
3,3764
6,5236
1,271
10,3875
1,592
7,3432
10,3371
6,1817
1,431
4,1521
5,2135
10,3681
1,358
8,2741
1,387
1,486
9,15616
1,320
1,412
1,391
2,919
10,3415
7,2254
1,432
7,8614
8,2693
4,1565
10,2665
6,1998
1,503
1,317
7,30151
10,3366
1,737
1,391
2,1029
7,3179
10,3698
1,366
9,3062
6,16030
8,2700
8,2466
3,1224
1,351
1,325
5,3721
1,747
1,673
1,374
4,1476
10,2965
7,6721
1,257
1,553
2,989
6,2479
5,1867
1,411
1,498
1,393
3,1251
10,3542
1,37136
4,1511
1,574
1,568
4,1265
8,2828
1,452
2,670
5,1730
6,2028
2,763
10,2756
1,436
1,515
10,3311
1,35868
1,344
8,3496
3,1280
9,3152
10,2564
3,1050
1,554
1,549
8,3119
6,7205
10,2729
1,431
6,2192
10,2230
2,1007
3,790
8,3564
2,1229
5,1771
10,3382
6,2009
3,1152
7,2509
2,1175
9,9043
1,313
1,373
3,952
9,2237
1,681
1,442
6,11730
10,2685
3,3394
7,2085
5,3883
7,2752
1,838
7,4560
4,1358
10,3741
2,773
1,321
1,521
1,419
1,329
10,3457
10,3085
2,750
10,3466
1,450
6,6183
1,1523
9,3441
1,383
10,3016
1,445
3,1039
1,479
3,1108
1,639
1,55733
8,5989
4,1656
2,813
1,564
3,1275
1,488
1,623
6,2044
10,2786
1,446
7,4078
2,754
1,468
1,637
10,56088
4,1750
1,437
10,3767
1,451
4,1543
1,468
1,436
3,19733
9,9218
4,1430
7,7352
10,6347
8,2624
9,3459
6,64607
5,1854
1,687
3,1259
1,340
7,2351
1,637
1,534
7,37760
2,893
10,2729
4,44215
8,2948
8,7484
1,634
9,53761
7,2364
1,402
2,943
1,389
9,11839
1,703
1,662
6,1958
10,3926
7,2358
4,1817
4,1534
8,2667
6,2550
2,2056
8,2506
1,370
10,3720
1,372
3,13186
9,9718
1,652
7,2375
4,1762
7,4151
10,15513
5,1979
5,4985
9,2445
1,550
10,3832
1,463
2,967
1,459
4,2563
1,527
3,1364
1,491
5,1976
3,1019
6,33154
8,3058
1,527
2,570
8,2976
2,1324
1,424
8,2847
1,337
7,2501
1,440
1,416
4,1374
3,861
7,2305
9,23032
7,2480
2,831
3,1257
1,643
6,2162
1,396
5,1923
2,831
10,9984
1,420
1,603
6,1725
8,2228
9,8242
1,17735
1,757
9,2995
8,2516
1,599
3,1138
1,372
7,2215
10,3855
5,33684
3,1268
1,577
1,330
6,2086
6,8841
3,19419
1,527
7,2411
4,1159
1,586
5,2107
1,379
10,2899
4,1332
6,2106
7,2598
1,479
9,2662
6,2265
8,15768
7,32531
1,478
1,3778
10,3460
1,609
1,763
1,411
8,2728
1,553
3,1164
6,2191
1,620
1,482
8,11534
3,1164
1,593
9,2980
3,1245
10,7274
1,519
1,682
2,831
1,676
8,2083
7,2299
1,489
1,590
3,1042
2,1167
1,488
1,484
1,485
6,2731
2,1011
1,399
1,535
8,2651
1,602
6,2791
1,678
4,1508
3,1282
1,529
1,630
3,1230
1,429
1,493
1,484
1,483
4,1625
1,443
2,681
1,490
10,3353
1,463
1,618
3,1181
1,467
2,754
1,364
1,463
1,409
4,1985
7,5552
1,407
1,369
1,549
2,860
6,2772
1,440
3,1318
1,550
1,396
1,1894
4,8123
1,487
1,420
5,2847
8,2617
1,260
1,616
8,2753
10,2849
10,8262
1,408
4,1564
6,8945
4,1377
1,585
3,3594
1,499
3,1071
7,2412
2,885
6,2486
1,352
8,2740
1,379
9,7265
1,390
3,1225
4,1635
7,55841
1,621
3,23765
1,513
1,441
6,2309
2,873
7,3049
1,308
9,3214
8,2845
2,896
2,899
6,2023
5,1796
1,369
9,3931
10,3186
1,406
4,2139
4,2058
5,1560
10,3530
1,290
10,3307
1,385
4,1479
1,452
10,3297
7,4840
10,59663
1,413
7,22903
2,784
1,380
7,6952
6,2065
10,3574
1,365
6,2031
1,502
7,2651
2,911
7,2658
4,2138
1,373
1,578
3,1298
1,482
1,443
10,14326
8,1876
10,2448
10,2771
10,18752
1,512
6,1587
1,549
6,2224
7,2986
1,435
3,1190
6,1670
2,856
1,484
9,4664
8,2050
3,1314
9,2382
2,1091
5,1836
10,2654
5,2206
9,3121
6,2452
1,416
1,504
7,2221
4,1327
6,2076
6,1866
8,2691
4,1451
10,3680
4,1107
1,517
8,2631
1,362
4,1643
9,3551
2,818
1,410
7,3495
10,3382
4,1404
3,1014
10,2643
6,2183
10,3316
7,4376
3,920
1,487
1,561
7,2647
3,1469
10,2665
1,650
9,5088
8,6017
1,459
1,350
5,2185
9,3351
10,2841
9,7216
1,352
10,3443
1,531
3,1121
10,17347
1,753
1,540
7,5354
2,1065
1,432
4,1836
4,1680
3,1073
10,2426
10,10390
1,346
10,3359
1,522
2,1087
4,2001
4,1384
7,2193
1,311
8,2892
6,2289
1,340
10,2587
2,766
1,581
8,3286
1,537
3,767
8,2896
8,7050
2,889
8,18480
10,9219
1,249
10,14809
3,1049
2,3308
1,496
8,3087
2,1239
10,3489
9,3016
1,444
10,8052
2,981
2,889
10,34724
1,406
1,332
8,2870
6,2341
1,482
1,453
10,2356
4,1544
10,3126
10,2548
1,260
8,3023
2,856
6,1958
9,3054
3,1102
1,321
6,6745
7,2474
1,436
2,742
3,1116
10,3211
3,1189
10,3198
1,282
10,3416
3,1238
1,616
6,22132
1,441
1,415
10,25956
6,1970
1,457
1,423
7,2410
3,1028
1,523
10,2983
1,464
9,12671
1,487
2,1097
6,2317
6,2220
1,382
2,3603
7,2682
1,510
1,300
10,2665
5,2119
1,555
10,2416
4,1301
5,9392
8,2887
8,2898
10,6242
4,1383
1,363
6,2277
4,1514
1,430
1,318
2,705
7,2480
10,3148
1,1507
1,517
10,15214
2,766
10,3459
2,1136
6,2091
1,278
7,2884
9,3849
1,483
1,624
8,2833
4,1461
6,5625
9,5075
1,379
7,3136
8,2784
8,2922
4,4188
7,5983
1,314
10,3506
3,2712
1,524
1,496
4,1215
6,2308
1,415
2,828
1,554
2,880
10,3654
9,3156
6,2180
4,1650
1,318
1,533
4,1696
8,2515
1,506
1,579
9,3174
1,576
10,3539
9,2328
3,1954
7,2450
10,10358
7,2295
7,10229
1,405
8,2402
2,838
1,337
1,446
7,2579
8,1984
1,426
4,1594
1,279
6,2084
10,3558
10,3504
10,4403
3,1220
2,661
10,3281
2,845
2,3314
1,411
2,800
2,1055
1,393
4,1652
1,287
10,3528
9,6960
8,3658
1,617
4,1471
2,754
10,2938
1,547
1,653
10,2553
8,2659
3,1470
1,492
3,1440
1,289
7,2621
10,13570
1,580
7,7349
9,13479
4,1360
4,1430
8,2714
8,2745
10,3212
10,3471
1,597
1,360
8,9507
10,2569
1,408
1,438
1,494
10,5922
2,867
9,2862
3,1168
8,2597
8,2988
3,1039
1,466
1,497
1,386
6,2346
9,3388
10,3295
1,442
1,483
10,3803
2,860
8,2794
1,580
8,3055
6,5014
6,3171
1,361
1,690
1,455
8,4194
2,916
10,3522
8,2883
1,360
1,360
1,444
10,3717
1,2486
10,3422
10,3478
10,2181
1,280
1,606
1,350
4,3650
3,1336
4,1521
1,6481
1,465
1,475
4,1481
8,2636
1,467
10,3577
9,3078
10,2466
1,385
1,464
4,1033
1,512
8,1978
1,556
1,518
2,670
1,460
8,2725
6,2064
1,373
4,1399
2,939
7,1767
1,370
1,495
9,3078
1,492
10,2410
9,9848
1,493
1,297
4,1273
10,2715
10,3382
1,311
10,6402
10,32472
10,3760
10,2923
1,488
3,2522
3,1056
1,531
1,569
1,559
1,373
1,378
9,3489
6,10028
1,271
9,4436
2,968
4,1978
5,1798
1,482
2,1140
2,911
10,3510
1,559
1,395
1,380
3,1156
10,7447
2,1051
2,601
2,839
4,1605
3,899
1,271
1,464
8,2862
1,609
2,866
1,276
1,474
1,606
1,403
10,4124
4,1425
1,255
6,2509
6,2161
6,1760
1,414
3,1211
10,3712
1,584
7,2245
1,419
1,535
1,456
1,526
8,17251
6,2222
1,461
6,30092
7,3299
10,2374
1,366
1,852
1,659
1,532
8,8039
1,411
1,495
6,2330
1,470
6,2302
10,3286
9,17238
2,842
10,3883
9,3754
1,279
1,606
10,3812
1,521
2,967
1,484
1,544
7,2598
1,437
6,12401
7,12582
1,467
1,412
8,2838
7,1847
1,255
6,2416
7,2379
9,12556
5,1433
1,436
7,2545
10,3938
1,433
1,577
10,3499
1,439
1,409
1,567
4,1494
2,885
7,2096
2,798
1,438
6,2074
1,360
6,1760
8,3019
1,610
1,487
8,2054
6,1560
1,403
10,4073
10,2860
5,2111
3,1160
8,2713
3,1148
2,724
1,360
10,6580
1,467
1,903
1,541
1,684
9,2766
8,50083
10,3485
10,2508
2,894
4,1911
2,831
1,387
8,2172
1,357
9,10632
10,3716
9,2806
1,566
10,2535
8,2737
1,559
4,1581
10,3460
8,2856
5,2616
5,1861
1,426
8,2835
6,1708
10,3423
4,1778
3,1155
1,334
4,1512
3,981
6,2040
3,1351
1,267
10,3206
7,2464
3,824
1,400
8,2633
9,3037
10,7442
3,2827
6,1545
1,400
3,1067
10,2508
1,343
1,448
1,381
8,7971
6,29407
6,1938
6,2013
5,1933
3,5288
3,1025
9,4209
7,2598
1,440
1,461
1,733
1,464
1,460
1,365
9,2834
10,3298
2,588
1,380
10,3400
2,830
4,1020
10,3479
2,904
1,365
9,2733
4,1436
1,447
1,596
1,392
8,2179
7,2439
8,2444
7,20499
4,1421
8,2128
6,2622
6,1744
8,3028
1,378
1,369
10,3769
1,404
9,3018
1,358
2,850
4,1744
8,2933
6,1965
8,2564
10,2562
9,3438
9,3148
10,3916
1,419
1,449
10,3336
1,432
1,630
1,319
1,576
3,1285
5,1736
1,428
2,584
10,2670
3,24648
3,1398
10,3208
2,733
1,399
7,2958
2,828
9,2849
1,256
10,2482
5,3941
7,2388
4,1387
1,384
1,719
2,23784
2,835
4,1308
10,4309
1,361
2,1151
1,433
1,379
1,324
10,2421
6,6669
4,1325
7,2456
1,535
4,2319
8,15661
8,2488
2,802
4,1458
1,466
5,1949
4,1475
1,610
1,338
7,2060
2,1026
10,3554
6,3095
1,525
7,2895
10,11306
10,3542
10,3058
7,2265
8,2367
6,2480
4,1510
1,480
1,309
3,792
2,809
8,2380
10,14051
1,365
8,2731
4,1201
4,1260
8,2432
10,3352
1,383
2,795
7,4396
1,407
1,270
10,2081
4,2234
2,618
9,2210
1,309
2,894
8,3551
1,392
2,963
1,369
1,369
8,2353
10,3469
1,410
10,2322
10,2213
2,767
1,445
6,2186
1,721
8,2240
7,3095
10,3393
5,2007
8,3266
1,292
8,2938
8,2658
1,266
10,3240
10,2376
1,1243
1,413
3,1041
2,705
2,950
1,1826
8,2795
6,1452
10,3285
1,280
10,3375
1,390
4,1110
5,1135
3,1446
8,2681
10,3249
4,2403
1,319
5,1639
10,5363
7,9858
2,622
3,1112
6,2125
4,1342
10,3421
1,417
9,2789
10,3495
8,5011
1,318
4,9371
1,382
6,2311
1,419
2,765
8,1969
9,3151
9,3132
5,1959
3,1242
6,2265
10,2972
7,1804
10,7092
1,266
2,1035
1,316
2,1031
2,736
1,650
10,3377
9,2245
3,1132
10,2142
9,4150
2,883
10,2286
1,521
6,1914
1,303
2,939
1,487
2,778
1,558
1,528
8,2836
6,1377
2,786
8,2681
4,1261
8,2659
5,1630
1,344
10,9193
1,296
1,598
10,3133
10,3790
1,646
1,406
8,3129
3,1313
10,3482
2,764
8,2850
6,1522
10,2731
1,300
8,34074
1,306
4,1539
10,3757
5,1687
10,35479
1,6013
5,1274
2,777
1,484
1,354
6,1907
4,1612
1,672
1,288
9,17043
1,313
8,3294
7,2087
8,3531
1,1788
1,993
4,1351
8,2841
4,1329
1,286
3,1165
10,3629
5,2202
1,326
10,42180
1,255
8,2955
3,1041
4,1604
1,325
1,602
1,368
10,3453
10,7199
1,342
2,622
8,2855
8,2601
1,273
1,502
1,257
10,10662
10,2249
10,2365
1,454
1,478
1,300
1,426
10,13327
1,271
8,2087
10,3306
3,1078
1,538
1,805
10,3614
10,25422
10,2182
8,2988
1,666
2,742
1,342
4,1681
7,2272
1,280
6,2361
2,1003
10,3893
10,2271
1,597
6,2177
9,2864
10,2407
1,648
6,2010
1,630
1,272
10,4036
2,847
1,260
2,762
2,928
5,1271
1,244
1,449
3,1012
10,11793
3,785
1,401
1,386
1,420
8,1961
7,2766
6,1498
1,378
4,34593
5,2010
2,709
1,291
1,487
10,2113
6,9047
7,2364
1,343
1,379
5,1436
1,303
2,977
8,1681
1,413
2,674
6,1863
10,2979
1,342
1,488
10,2161
6,16700
6,2234
1,367
1,376
6,1658
1,292
8,2704
2,596
1,288
8,2384
2,745
7,2323
6,2240
1,341
4,1788
1,11883
10,2143
1,356
2,862
1,377
1,444
10,3227
8,2595
1,300
7,2358
8,1879
10,2101
3,819
1,414
10,4655
1,509
9,3061
1,363
4,3620
8,2487
2,706
1,529
8,2682
3,1365
10,3264
8,2411
1,534
10,2205
1,422
7,2366
1,446
3,983
1,360
2,804
8,7486
1,372
1,459
10,3292
10,2376
10,3366
10,3554
1,490
10,3601
1,344
6,1481
1,438
10,2099
1,351
8,1903
10,10976
1,294
1,308
10,2956
10,3520
1,557
5,1932
1,624
4,1430
2,815
10,2171
1,441
10,3545
1,377
8,2680
5,1990
1,360
1,293
4,1479
7,2185
1,364
8,2518
1,440
10,2329
6,2447
2,569
1,373
4,1077
1,371
10,2836
4,1490
2,702
1,289
2,685
6,1421
1,563
4,1569
1,607
7,1650
10,3410
9,2291
1,432
10,2261
10,2706
10,3225
9,2735
7,2444
1,324
8,1797
10,2333
1,376
8,2788
1,572
2,793
8,2628
3,838
1,430
1,555
10,3236
8,2408
2,864
10,2399
1,386
2,778
10,2230
1,398
2,946
1,462
2,708
1,344
4,1147
1,360
7,1719
7,1749
2,629
1,639
3,830
1,284
1,377
10,3471
1,489
1,558
1,559
10,2153
10,3745
10,2716
1,351
1,251
3,750
10,3797
10,2558
3,1049
1,267
1,381
4,1082
1,391
1,309
1,549
10,2448
10,3196
8,1982
2,878
1,243
10,2539
10,4098
10,3830
10,2288
1,293
1,395
6,1530
1,440
2,1179
1,419
8,2349
4,1628
1,328
4,1446
1,242
10,2623
6,1681
10,4180
10,2297
2,737
1,397
10,3318
2,1065
1,440
10,3498
5,1209
9,4486
10,3366
6,2255
1,363
10,2194
3,942
7,2282
10,2223
6,2231
1,449
9,2497
10,3597
1,429
10,3305
10,3507
6,2217
7,1814
7,2397
1,543
3,1267
10,2657
3,1038
10,3487
5,1704
1,387
3,730
1,404
10,3514
4,1547
8,2704
9,3440
1,380
1,507
1,319
7,2334
10,2163
10,2319
7,2310
10,3306
1,255
10,2539
5,1808
1,456
10,3373
8,2130
2,690
1,271
8,2795
1,265
10,2733
10,2280
10,2670
6,1642
2,828
1,435
4,1277
1,443
1,431
8,15509
2,1037
10,3581
1,619
10,3465
1,271
6,2186
4,1543
10,3962
10,2590
8,2879
10,2266
10,3300
6,2261
1,441
10,3488
5,1276
3,1131
1,448
10,7667
1,353
10,3083
7,2606
3,1168
9,2152
8,2900
1,286
1,420
2,611
1,399
10,3194
10,2955
8,2382
10,2482
4,1275
1,321
9,2915
10,11441
7,2382
3,785
4,1298
1,280
10,2173
8,2231
1,487
6,1479
1,443
10,2349
1,412
3,1057
2,1025
3,1238
1,382
1,442
10,2059
5,1403
10,2684
7,1577
8,3777
1,273
2,545
1,252
1,497
1,534
9,3145
1,422
10,3507
1,256
1,360
10,2319
8,3232
10,3251
1,388
5,2753
4,1119
9,2888
1,278
10,3241
1,426
6,1589
8,1849
4,935
1,336
1,273
4,1373
2,1149
7,2467
1,290
4,2599
10,3071
3,1369
1,257
4,1677
1,376
9,2457
10,3411
1,480
1,360
1,380
10,3289
10,2403
10,2181
1,281
8,2290
3,1089
6,1608
1,396
2,708
1,295
2,599
5,1690
10,2262
1,389
1,268
1,365
7,2187
10,2353
1,296
2,790
10,2253
3,1168
1,306
8,7697
1,263
3,797
9,3132
7,1947
1,283
1,312
1,471
10,3822
10,3561
1,285
4,1154
6,1376
1,553
1,371
7,4056
1,486
8,2373
10,2623
1,422
1,552
1,554
1,385
3,1008
3,1024
1,282
10,2361
10,2326
10,3779
1,281
1,478
10,3278
10,3711
9,1995
1,567
1,388
1,363
1,303
10,3126
6,1432
1,259
10,3583
10,2260
7,2509
1,536
1,349
5,1130
4,1368
10,2341
1,281
1,348
1,390
1,274
10,2226
9,2093
1,273
3,1192
7,2690
4,1655
10,3031
1,372
9,1990
1,390
1,810
1,276
1,398
1,395
1,287
10,2244
10,2065
1,252
7,1778
6,1524
10,3587
1,258
1,356
10,2047
10,3254
5,1796
1,322
9,2590
6,1479
1,416
3,813
3,747
1,376
10,2820
10,3366
7,2304
3,1302
1,603
9,2626
10,3191
8,2828
1,272
6,1646
10,2636
1,446
10,3138
10,2159
5,1281
6,1619
9,2112
1,545
5,1582
1,469
10,3134
7,2535
3,665
1,261
1,413
9,2977
7,2168
7,3007
4,1375
1,381
10,2251
3,1256
1,468
5,1393
1,537
1,458
8,2750
10,2339
1,222
3,946
10,2308
1,225
1,492
10,3311
10,2487
3,804
4,1043
1,486
10,2241
1,581
5,1951
1,399
5,1267
1,646
10,2236
4,1141
1,289
1,298
10,2176
10,2619
7,2195
10,3494
1,527
5,1945
1,612
8,2555
2,667
10,2364
1,302
4,986
10,3378
1,283
1,591
1,379
5,1133
10,3205
10,3010
1,513
7,2251
1,717
10,2504
1,634
10,2998
1,369
10,3304
1,410
8,2215
1,377
7,2375
8,1846
1,427
10,3529
1,474
10,2359
2,932
4,1007
1,693
2,739
2,842
10,2483
10,2307
1,384
1,285
1,368
9,2946
1,249
1,378
1,551
5,1592
6,2346
5,1661
1,494
7,1636
10,3594
7,2307
1,507
2,851
1,256
1,280
10,2272
1,268
7,2093
1,509
2,1287
5,1735
2,810
1,360
1,455
10,3409
1,441
9,3223
10,2868
1,417
1,317
10,2347
1,246
1,506
2,876
2,1061
2,613
10,3331
1,337
5,1703
8,2699
10,3473
2,658
2,665
1,379
1,242
2,510
1,262
1,285
8,2616
10,4122
8,2491
6,2130
1,363
1,443
5,1723
10,3143
10,3260
6,2425
1,340
1,346
2,988
1,278
1,331
1,356
10,3900
10,3314
10,2242
1,479
1,350
10,3275
6,2155
10,3806
10,3257
1,247
1,415
8,2456
1,260
1,329
1,464
7,2381
4,983
5,1245
1,471
1,508
9,3419
9,3258
9,2813
9,2779
6,1644
1,329
10,2326
1,664
1,311
10,7635
4,1581
5,1802
1,388
1,477
1,343
8,1937
10,2469
5,1511
8,1755
9,3118
1,258
5,1790
1,327
1,534
7,2679
10,3925
10,3493
1,284
6,2006
1,410
2,1053
9,1904
10,3271
4,1686
10,3603
1,252
10,2746
1,291
10,2587
5,2211
8,2397
8,2713
1,403
5,1704
1,516
5,2316
10,2525
8,2061
10,4130
10,3695
1,251
2,505
6,1432
1,387
10,3718
3,1370
10,2570
1,423
2,700
1,404
10,2766
10,3537
10,2279
2,986
3,789
10,2073
8,1692
10,2870
1,313
7,14742
8,13912
10,3413
1,329
8,2811
1,438
2,765
1,669
1,529
8,2326
10,2239
2,577
10,3092
10,3014
1,543
2,6120
10,3538
10,3323
10,3318
10,3404
1,459
8,2167
4,1383
5,1302
10,3148
4,985
2,598
5,1714
9,3284
1,389
3,13489
6,2405
3,1348
1,330
4,1141
2,821
10,2395
1,549
1,510
5,1667
1,555
10,2217
1,551
3,775
7,1708
10,5602
1,507
6,1719
1,268
5,1624
2,714
6,1531
1,429
1,259
10,2584
7,1778
10,3850
1,595
10,2117
10,3617
10,19643
1,577
10,3221
1,403
10,2289
8,2806
8,2696
1,393
1,287
10,3452
2,575
9,2162
1,516
4,1903
5,1604
3,1250
6,2290
10,2242
1,447
8,2697
10,3418
2,528
1,278
1,302
8,2386
2,536
8,2722
1,438
1,595
10,2327
5,1989
1,359
10,3531
1,426
2,614
4,1447
10,2979
1,267
1,422
2,495
10,2562
8,1989
1,413
7,1764
3,848
8,3523
1,418
7,2416
2,604
10,2434
8,2800
4,3492
1,265
1,409
1,375
9,3228
10,2247
1,374
7,1693
10,2347
6,2379
1,606
4,1313
10,3464
10,3331
10,3386
1,613
1,264
1,399
1,255
10,4064
1,478
1,397
10,2124
10,2325
1,586
1,354
1,397
8,2789
3,1426
10,4299
1,507
1,248
1,416
1,242
5,1795
5,1290
1,421
2,795
5,1943
5,1553
1,465
1,281
4,1902
6,1646
8,1817
1,270
1,443
1,317
1,242
10,3422
2,811
1,488
10,3185
8,2267
4,1662
1,596
1,262
10,3284
10,2735
10,3617
1,278
1,275
1,255
1,391
8,1761
10,2208
1,356
6,1895
3,1370
10,8635
1,549
1,280
8,2825
10,2247
2,651
1,243
10,2705
3,1137
1,1092
8,1780
5,1231
4,1432
9,2588
10,3000
4,1417
1,531
1,342
10,3114
10,2317
6,1979
1,236
5,1369
8,1917
1,305
1,337
10,2241
2,1009
10,3338
6,1731
7,2499
1,447
1,249
2,1214
10,3125
3,1186
1,243
3,1205
10,3457
1,692
10,3471
5,1835
10,3385
3,1182
10,3298
8,3567
4,1319
1,322
6,2165
7,2153
6,2069
1,286
5,1298
10,2587
5,5987
5,1543
8,2604
10,2938
8,2247
2,780
5,2094
3,1081
1,266
3,1380
4,1533
3,1094
1,273
10,2085
7,2385
1,375
1,377
10,3278
6,2325
1,360
7,1915
9,8547
9,3203
1,311
6,2415
1,480
7,2448
1,321
5,1181
2,505
1,1381
1,289
5,1672
8,2737
4,1225
10,2696
6,2261
10,7631
1,310
3,1552
1,320
10,3262
2,799
7,1772
10,2365
7,2207
1,299
1,359
8,2848
10,2665
4,1670
1,434
7,4059
6,1441
9,2963
1,549
9,2944
2,676
10,3394
2,2664
2,854
1,311
1,262
10,3956
2,688
1,629
1,396
9,16671
9,2990
10,3276
1,344
10,3530
10,3404
5,2310
8,2884
2,876
1,277
1,294
10,3857
1,622
1,404
1,789
10,3092
10,6250
7,5135
1,272
4,1516
10,2729
2,892
2,943
10,3377
1,456
1,425
2,782
1,366
1,485
3,1060
1,569
3,1249
4,1237
1,255
7,2634
7,1819
10,3540
10,3458
4,1399
1,365
1,445
10,4673
1,581
1,495
1,456
1,512
4,1534
7,2336
1,545
7,2634
4,1507
10,4140
10,7598
10,3363
1,1350
1,444
2,814
1,426
10,3809
1,670
10,3255
10,2338
10,3279
1,324
3,1252
10,2960
4,1665
7,2288
3,2701
1,273
1,483
3,1295
1,461
1,414
1,537
7,1606
1,510
1,497
1,335
1,504
8,2929
8,2916
4,1286
8,2828
1,271
1,323
7,2499
1,353
10,3531
1,423
5,1970
10,3636
1,566
1,270
1,442
8,2933
10,3829
10,3378
8,2514
5,1436
10,3180
10,2712
1,444
1,409
2,853
7,2610
7,2145
1,393
9,2441
1,348
3,1380
8,3405
10,3544
10,3995
10,2578
1,390
9,3109
1,291
1,628
1,564
9,3187
1,549
7,2443
10,3382
1,425
6,2384
10,2450
8,2630
6,1760
10,2148
1,415
10,3591
1,604
1,450
1,619
2,701
10,3361
1,554
3,792
1,345
10,3874
10,3075
10,3181
2,666
5,1307
3,1244
7,2444
1,399
1,572
1,425
10,3450
10,2814
1,406
10,3511
1,438
2,692
2,700
3,1216
3,704
10,3274
2,809
8,3275
8,2793
1,629
3,1223
3,1031
10,2408
1,384
10,3226
1,489
3,1240
6,1933
6,1858
10,3456
5,1360
10,3142
10,3434
8,2656
4,1081
10,3188
10,3205
5,1226
1,437
1,594
1,472
10,3491
1,374
1,595
7,2506
10,2899
10,3249
3,1085
10,2175
10,3682
10,3738
3,1310
8,2409
1,479
10,2489
1,530
9,3393
1,479
1,453
10,3700
5,1598
8,3474
1,499
10,2241
4,1653
10,15259
1,598
10,3355
1,464
7,1884
1,707
8,2800
1,752
1,443
10,3357
3,803
7,5022
1,430
6,1793
10,3805
7,4604
1,527
9,2075
1,438
1,449
1,502
7,3378
1,388
1,372
9,3334
2,742
8,3122
1,385
2,829
6,2121
10,16308
1,481
10,2205
1,495
10,2882
1,1924
10,3478
1,514
1,399
7,2797
10,3841
10,3689
1,486
10,3512
10,3439
10,3582
1,443
5,1737
1,406
10,2783
10,4137
1,642
1,480
1,375
10,3712
8,3229
10,3684
1,487
4,1604
10,3601
10,3991
1,429
2,799
10,3465
2,824
10,4265
1,573
1,600
1,350
8,2598
10,3376
2,955
1,452
5,1353
6,5655
6,5670
1,602
1,508
3,1132
6,1728
7,2867
1,568
1,263
1,288
1,470
10,6376
1,464
1,501
10,2351
3,1057
10,3285
8,2997
1,362
4,1351
9,3146
5,5700
1,597
1,366
1,273
3,813
4,1332
2,644
5,1822
2,778
3,1215
1,520
1,634
1,419
7,2398
10,2314
9,3338
1,561
1,372
1,586
1,363
7,2676
8,3212
1,353
10,4444
6,1911
3,787
1,667
1,291
9,3152
9,2496
2,1161
1,572
8,2366
3,1062
1,372
8,2858
10,3531
1,546
8,2421
7,2764
7,2404
5,1906
1,296
2,735
8,2069
10,3734
1,382
2,641
3,1107
1,410
2,830
9,2653
1,502
4,1886
10,3589
10,6233
1,441
1,349
3,1230
10,2613
3,1002
1,546
3,987
6,2338
1,493
10,3755
8,4614
1,501
10,3333
7,12069
9,3038
1,743
1,307
10,3393
4,1394
5,1770
1,413
2,855
8,3047
1,583
6,2024
9,9416
1,705
5,1492
4,5780
4,4957
4,1560
1,241
7,2349
1,492
8,3204
1,322
8,3145
10,3414
1,359
1,557
10,11209
10,3915
8,2955
7,8962
9,3204
1,563
1,363
10,3392
1,654
5,1931
1,676
9,18144
4,1508
1,572
1,417
10,24521
7,2019
2,1295
9,19993
7,2274
10,3472
1,434
3,1397
1,360
1,359
1,559
7,2789
7,2229
1,609
1,401
2,1253
9,3051
6,2592
10,5652
1,390
6,1987
6,1513
8,3496
1,441
10,2970
10,3281
10,5992
7,2318
1,516
1,321
1,416
2,864
10,3509
3,1500
1,414
7,2500
3,854
6,2225
1,400
4,1448
7,2290
10,34354
10,3328
1,699
1,569
1,1292
5,1758
2,1040
1,671
1,506
7,2394
10,2448
5,1889
1,393
6,2216
5,1797
1,589
2,755
1,717
1,611
1,584
10,7389
1,504
1,529
3,22361
8,2618
6,1737
1,439
1,310
7,9530
7,2332
1,574
1,674
2,797
1,327
1,383
3,1110
1,497
1,33666
1,956
9,2787
4,984
4,1511
1,368
9,3094
2,855
7,2565
9,3909
5,1732
1,398
1,372
10,3252
1,372
10,25919
1,433
3,1140
7,1869
10,3317
1,279
9,3127
9,2925
8,16070
4,1611
7,2215
1,518
1,358
8,2805
1,465
1,525
1,379
3,1392
10,2255
6,2550
1,344
5,1682
10,3349
7,2453
10,4049
7,4974
1,420
1,466
5,38314
1,369
1,607
1,470
2,2728
4,1409
7,2955
1,398
1,375
3,1224
9,3412
7,2470
8,2839
1,511
1,487
1,36106
1,389
1,450
1,540
1,600
2,728
9,3324
3,1196
1,504
10,3749
7,2328
7,2715
9,7719
10,2870
1,528
7,2321
1,396
1,570
1,393
3,1180
10,3040
5,1782
10,2518
1,517
2,728
2,633
2,34503
10,3907
6,1660
1,498
7,2149
1,325
1,644
1,490
10,3451
10,3323
5,1864
10,2255
6,12328
3,1102
10,3656
10,24025
3,1197
8,2805
7,2620
4,1338
1,421
1,408
1,429
10,3450
4,1827
9,3068
5,1101
4,2991
8,2639
2,793
3,14901
10,3350
9,3388
1,1345
9,2811
1,378
4,1401
2,589
9,3123
7,2789
3,1224
10,3764
1,461
8,3177
3,1350
3,1152
3,2569
9,6528
2,845
10,3193
3,1007
1,742
1,363
10,3421
10,2893
4,1321
7,1842
3,14628
5,1815
10,4210
10,15876
5,1782
10,7953
8,43238
9,3003
8,3075
5,1557
4,1039
10,3418
10,15319
1,464
10,3501
1,6103
7,2635
1,570
8,2885
1,644
4,1484
2,1128
5,1755
6,1968
1,389
2,834
7,2354
8,2392
1,550
5,1922
1,521
5,1977
1,492
1,646
5,1894
2,910
3,1026
3,1153
8,6512
7,2112
5,1694
10,3431
10,3260
1,443
2,1682
1,385
1,501
1,429
6,5303
7,34923
1,25708
7,2348
1,390
10,3102
7,1820
10,2519
10,3375
10,3392
1,384
10,3622
1,378
10,3782
1,406
1,502
4,32983
2,626
8,3421
6,2294
9,3809
6,4819
10,2142
1,582
6,2097
1,392
10,3751
1,490
3,1042
8,4592
1,527
10,47232
10,3335
2,691
1,473
7,3008
10,9588
8,2447
1,472
3,1144
1,310
2,1062
1,344
4,1633
3,1340
1,1495
9,3398
7,2278
10,3976
3,1577
4,1422
10,3049
9,2125
1,2299
1,550
1,314
4,6632
1,319
6,2288
1,460
1,512
9,3449
2,818
3,1080
1,416
2,998
3,1080
6,2110
1,758
1,516
1,299
8,3457
10,8766
9,3195
3,1054
1,621
6,2299
7,19705
10,3298
1,393
1,23136
3,6051
5,2362
1,475
1,267
1,319
10,3422
3,1024
5,2556
5,2260
1,1016
5,5081
7,6902
8,2991
1,425
4,1640
5,5100
8,2809
1,479
1,407
1,810
8,2191
10,4454
9,8032
1,703
1,530
3,1414
8,2450
1,465
1,676
8,2899
1,657
3,1021
1,434
1,382
1,502
8,2680
10,3209
6,2275
1,647
1,642
1,710
3,1101
5,1660
1,399
7,2422
5,1904
2,674
1,503
1,416
1,679
10,3191
10,3485
4,1679
1,658
1,455
1,676
10,3336
10,8360
1,1253
7,2418
4,1493
3,886
1,646
1,449
10,3861
2,2442
7,2662
1,583
1,534
1,607
1,684
3,1098
7,2569
1,427
2,741
10,3593
8,2540
1,382
1,429
3,1244
1,1636
10,3466
1,619
5,2033
5,16978
6,6723
10,5473
8,2714
1,342
5,9996
9,3141
7,2363
10,3131
1,428
10,3373
6,6862
10,8450
1,480
1,1222
4,1825
4,1462
8,2581
4,1637
1,456
2,864
9,3133
10,2623
3,1478
1,397
10,7392
1,521
2,805
1,451
1,586
7,3453
1,451
1,498
9,3292
10,3427
6,1942
5,2035
10,3746
1,538
2,896
10,3220
1,485
1,611
1,468
10,4284
8,2955
1,552
1,384
6,1923
10,3320
3,1103
6,4357
8,1989
7,2923
3,1029
7,2440
1,713
7,2425
1,461
8,2741
10,13025
1,376
1,400
6,2285
10,3423
10,3317
7,51800
10,2242
9,3100
6,2014
10,3341
1,672
10,3467
1,423
7,12267
5,14914
1,465
1,354
3,2112
10,3369
3,1070
6,41385
7,1998
7,2132
8,7115
10,7715
1,416
7,2296
1,432
6,2057
9,8811
1,563
1,340
5,2135
10,3198
10,4660
3,1053
2,1071
10,3626
9,3173
6,12694
1,494
9,7398
1,406
9,3571
6,2168
1,291
1,331
4,1279
10,3739
8,2585
1,600
1,548
9,3189
8,2991
2,519
1,742
9,2985
1,316
3,1235
3,1754
1,374
1,365
2,744
10,5939
1,477
1,491
1,275
3,1230
4,1465
1,294
1,943
3,1067
1,403
4,1548
2,922
1,293
1,325
3,1448
6,1765
5,3174
1,569
1,257
1,501
10,3366
10,2855
1,341
10,18195
3,1447
2,3967
10,14273
10,2555
3,999
1,538
2,873
1,423
1,381
1,296
2,904
7,2208
7,1768
3,1190
1,625
10,6468
10,4038
3,1338
3,1130
1,349
1,486
1,469
1,445
4,3494
1,454
1,418
2,702
4,1448
7,2466
3,10005
10,3697
3,1264
10,3808
10,3750
1,360
1,715
7,2595
1,430
1,431
1,442
4,1508
1,443
9,9433
10,3237
8,19404
10,3576
10,3742
10,4204
10,15674
1,475
1,622
10,3551
1,588
1,634
1,429
6,2099
1,600
10,6917
9,3071
1,538
10,8000
10,3627
10,12032
7,2098
5,1691
1,425
10,3848
1,437
1,411
1,296
5,1861
10,3459
8,2591
10,3362
1,4387
10,3513
10,5583
10,16706
10,24734
9,2860
1,496
4,1495
10,12536
1,366
1,682
2,879
7,2382
9,6432
7,2104
1,415
7,2552
10,2780
10,3408
10,5174
4,1432
1,574
9,31659
1,15233
1,364
1,462
10,2407
5,2008
3,1297
3,1150
1,383
10,3429
7,2680
7,2217
10,7759
7,2312
1,585
3,846
1,607
1,364
3,851
8,2415
10,5690
1,472
1,373
1,496
9,25622
10,3331
10,3507
6,2293
7,2621
1,498
1,285
1,541
1,409
8,2386
10,2574
7,2620
1,490
10,2771
1,775
6,9892
1,542
1,626
1,464
8,2504
1,426
1,590
1,482
10,3551
7,1594
9,2640
9,3041
1,270
1,543
4,2671
2,7379
1,547
1,858
3,1041
5,1850
7,2747
1,379
5,1542
3,1293
8,1692
5,1920
2,838
1,440
10,3478
1,497
1,2926
10,13623
1,530
7,2801
5,2008
10,17491
1,513
4,1451
10,6253
10,3454
6,2337
10,3376
1,1772
7,2696
1,425
7,2025
1,418
1,542
10,3115
3,1272
10,7714
9,8165
7,2306
10,3488
6,1526
4,1639
3,1187
1,1240
5,1760
1,386
10,3902
1,518
1,532
9,2858
2,986
10,3633
8,16896
8,2751
10,3478
10,3152
1,635
3,1047
1,498
7,2298
1,371
1,592
1,5616
1,588
4,905
3,1233
10,15101
1,507
6,2016
7,6350
7,1669
8,2588
8,2737
1,415
9,3022
2,667
4,1466
1,657
1,534
9,2950
1,655
10,3388
1,526
5,1848
10,3627
2,673
1,416
5,1834
1,366
2,742
1,322
8,3099
1,1264
1,486
7,2088
3,1282
10,3498
4,2158
6,2437
10,4455
3,766
1,439
1,451
10,6831
3,752
6,1441
10,11619
2,1437
1,509
3,949
10,3465
3,1269
1,534
3,953
6,2293
2,506
1,344
1,457
1,343
10,7237
4,1112
3,2482
1,743
1,618
10,13727
10,3534
1,369
1,626
4,1602
1,629
4,1413
1,292
1,427
1,404
3,1234
6,2008
9,51214
1,517
6,2339
1,357
10,3338
2,666
1,461
2,951
2,669
5,1457
1,445
1,414
2,2439
10,24048
2,818
1,1450
1,503
2,2093
1,485
10,3387
7,3009
1,431
3,1634
7,2569
3,1212
1,1503
1,471
1,300
1,417
10,3124
1,470
3,1054
1,555
1,497
10,2973
7,2547
1,392
10,4404
10,3602
10,2291
1,298
1,483
6,2356
8,16818
8,2769
1,465
1,614
7,1851
1,393
7,6257
10,3290
2,1031
10,3617
9,3286
5,1819
1,332
1,519
4,6595
5,1584
9,2949
1,561
8,2976
10,3483
1,471
10,8894
9,2854
6,1743
10,3531
4,2203
10,2324
1,489
1,606
2,632
1,5378
6,1901
1,446
7,2640
9,3069
1,468
10,3694
9,3528
2,1648
10,3414
8,2990
5,1084
10,2507
1,611
8,1937
1,554
4,1374
1,378
7,1949
9,2190
1,366
1,540
10,3697
5,1639
7,2483
9,3150
7,1942
2,633
1,478
10,2383
1,653
8,2725
1,514
9,3020
4,947
1,406
1,599
8,2869
10,4965
10,3607
3,1151
10,3041
3,1178
5,1803
9,2359
1,583
8,2408
1,383
9,4184
8,2555
1,419
1,386
3,1321
6,1925
10,3520
10,2909
10,2747
3,737
1,489
4,1299
1,417
3,848
1,391
10,4706
3,1061
1,418
1,507
1,582
10,2537
10,3294
1,465
5,1888
10,3574
10,3321
8,2661
1,388
3,806
1,438
3,1259
1,472
1,363
1,4955
1,1940
8,2611
1,497
2,656
1,595
10,2723
4,1494
6,12170
1,556
10,2164
2,813
1,536
6,2411
10,10645
1,423
1,592
5,2012
1,477
1,380
1,430
8,2531
8,2673
3,1147
1,635
10,2256
1,506
2,887
2,716
1,456
1,284
1,1092
8,2918
1,473
1,504
1,413
7,2385
6,2003
8,3065
1,581
10,2769
5,1399
1,470
1,403
4,1057
1,795
1,498
4,3528
1,465
1,425
1,397
7,2643
5,1950
3,973
5,1804
10,2339
4,6325
4,1458
4,1488
5,1420
1,484
1,357
3,932
1,333
1,879
1,590
3,1232
9,2979
3,1721
1,498
2,648
6,1584
5,1832
4,1472
6,1931
1,388
1,513
7,2384
1,310
1,447
1,532
8,1934
2,587
10,2432
10,3251
7,2310
10,3532
6,1919
2,720
2,646
1,437
1,425
3,1139
1,413
1,619
1,917
7,1733
4,1509
10,3016
7,2279
7,2527
8,2573
10,2977
5,1670
10,3361
3,1439
1,529
3,1047
1,436
1,633
1,432
10,3581
6,1931
7,1906
6,1859
1,401
10,3410
2,628
10,3942
9,2998
2,838
1,437
10,3448
7,2524
1,384
1,437
8,3027
3,1334
10,3099
4,5458
1,391
9,2068
10,3477
8,2511
6,2048
9,3017
1,461
10,3396
1,392
1,363
1,378
10,3177
10,3820
2,658
9,2964
1,275
5,2045
8,2733
10,2204
5,1849
10,3542
1,540
7,1646
1,385
1,379
4,1502
5,1833
10,3609
7,1912
5,1567
1,538
6,2226
9,3386
9,2909
4,1469
7,2436
2,812
10,3166
6,2213
8,2683
7,2458
7,1581
10,3689
7,2231
4,1376
1,406
4,1557
6,2431
6,2262
8,2274
9,3022
9,2389
3,1126
2,1266
1,407
6,1965
2,574
10,3436
3,1173
3,1055
1,291
10,2315
5,2719
5,2687
3,759
10,7438
2,809
7,2011
3,1636
4,1578
5,1514
10,3211
10,3643
1,425
6,3607
1,359
2,777
4,1987
8,2738
3,920
8,6655
10,3159
7,2486
10,4331
2,710
10,3814
3,1106
10,3606
1,424
3,1334
1,274
7,3236
8,2961
1,425
9,4266
1,477
5,1950
1,585
9,3157
6,2296
10,4098
2,732
7,3311
1,289
10,3474
1,289
3,1124
1,514
1,378
3,752
2,865
6,1956
1,366
4,1673
5,1450
4,2260
5,2116
10,3675
1,340
10,3259
1,364
3,1198
1,459
1,397
10,2523
1,563
10,2438
1,322
8,2983
10,2588
6,2287
3,1456
1,566
1,296
10,3316
10,2583
10,3178
1,321
1,366
10,3340
10,3569
8,1688
1,348
10,3663
9,2725
3,1176
1,423
1,545
1,272
10,3314
8,2081
10,3664
1,293
1,546
10,2129
4,1645
5,2239
1,654
1,661
6,2189
4,974
1,309
1,400
1,249
7,2418
7,1536
8,2014
1,346
1,492
7,1628
5,1342
8,2626
1,638
2,823
8,2963
5,1296
1,376
1,525
1,240
10,3285
7,1747
3,853
1,285
1,397
7,1709
2,678
4,1224
1,484
1,345
4,1602
6,2670
1,389
1,537
1,242
10,3239
10,3299
7,1805
1,392
1,322
1,263
6,1223
2,602
1,776
4,1451
5,1854
3,1187
1,283
1,409
1,385
10,10725
6,2106
7,2539
1,351
1,259
7,2452
8,2573
3,1017
1,341
10,3242
2,672
1,867
1,301
1,496
7,1667
1,461
10,2997
1,576
1,528
1,272
1,304
10,3381
3,756
1,290
6,3348
3,1251
7,4531
1,413
1,494
3,860
1,398
2,828
1,399
1,485
3,1222
1,341
9,2089
8,2610
8,2654
2,883
8,2869
4,1760
1,321
1,491
8,2579
1,394
3,1022
1,306
8,3113
7,1867
1,249
5,1687
10,2904
3,967
5,1514
3,1051
7,2834
1,401
3,786
7,1539
1,508
3,823
1,314
2,654
3,1272
1,254
6,5287
10,3302
8,1825
10,3039
10,3110
7,37782
1,383
1,417
7,2497
1,433
4,1493
1,399
2,843
10,2911
1,399
8,2497
8,2016
2,684
8,2464
10,2899
9,3245
7,1934
2,804
5,1994
1,465
2,768
1,431
3,1284
10,3267
1,350
4,1915
10,2161
10,3660
9,2545
8,2043
10,3551
9,2893
1,489
10,3314
1,440
10,2492
1,475
3,927
10,2339
1,323
1,372
7,1833
10,2721
6,1892
10,2400
3,1152
5,1962
7,2366
2,828
1,508
5,1085
1,469
10,3681
3,803
1,333
1,362
2,999
10,2277
4,1540
7,2156
6,2100
4,1571
10,2558
7,1770
1,570
5,1177
1,278
8,3020
7,1565
1,385
1,284
7,1747
5,4071
5,1799
2,837
10,3072
10,2965
7,1905
3,1093
1,441
10,2446
1,263
10,2898
7,2758
1,376
1,284
1,500
7,2534
8,2275
7,1696
3,1393
10,2409
10,3431
3,1191
3,1226
8,1825
3,893
7,1846
10,2689
10,2170
1,281
1,331
2,957
1,563
1,565
1,712
1,424
8,11611
5,1264
1,497
10,2976
3,768
7,2172
3,876
3,838
1,420
8,2632
5,1606
1,324
1,382
1,617
5,1825
9,3116
10,2193
7,2434
10,2937
8,2551
3,917
8,2267
7,1637
1,431
1,250
3,845
1,306
1,393
1,518
6,1975
3,1161
10,3285
10,4085
5,1410
7,1972
8,2837
3,1181
8,1998
1,391
1,390
10,2261
1,1945
8,2612
1,495
4,1463
2,874
4,1277
8,3104
5,1758
10,2599
7,1842
7,1513
10,4059
1,423
1,281
10,2928
1,357
1,380
1,509
2,580
2,759
5,1161
10,8149
1,462
8,2931
8,2694
8,2996
10,3945
1,562
1,289
5,1521
1,322
1,427
1,489
7,1736
1,378
10,2217
7,2703
1,442
10,2289
10,3998
10,3448
5,1047
3,1222
1,286
4,1367
1,405
1,326
1,491
6,2202
4,1077
10,2429
9,3418
1,383
7,1746
5,1854
5,6743
7,1648
2,565
1,261
10,3473
1,346
1,733
1,457
5,1862
6,2094
10,2783
3,1010
1,366
2,498
10,3278
7,1758
3,793
8,2083
1,424
7,2408
1,248
1,486
1,630
10,2680
8,2808
6,1970
2,746
1,367
7,1621
10,3759
2,540
2,625
7,2244
1,365
10,2312
1,305
1,381
1,724
10,3266
5,1686
5,1566
2,853
1,235
3,1104
7,1648
7,1514
5,1333
3,1070
3,991
5,1529
10,2694
1,400
1,556
3,1028
8,2789
4,1193
1,400
1,267
2,713
2,913
3,736
3,1024
10,2282
8,2876
6,1885
3,795
2,770
8,2853
6,1471
10,3075
1,530
4,1116
1,275
3,1505
3,757
2,583
10,2534
8,1767
2,536
1,865
7,1684
3,791
8,2680
3,780
9,3141
1,590
2,958
1,494
10,2410
2,885
5,1165
5,1552
10,2118
10,3011
1,456
3,739
7,2026
3,1216
8,3842
10,2334
1,682
4,1511
1,398
10,2507
1,478
1,605
10,2169
2,597
5,1599
1,461
10,2198
7,1979
3,1137
4,1437
6,2112
1,560
6,1723
10,2493
10,2533
5,1293
1,357
5,1702
7,2336
10,3232
1,501
10,3475
5,1871
4,1476
5,1931
4,1485
1,429
10,3344
7,2448
5,1861
1,557
1,339
10,2375
3,976
10,3225
1,691
7,1779
10,3639
6,3984
1,603
5,1770
1,532
8,2762
6,1323
5,1209
1,303
1,286
7,2534
8,2066
7,1727
1,967
3,705
10,3639
9,3115
7,2700
1,544
1,303
10,2447
5,1300
7,1972
1,323
1,276
10,3315
7,1446
2,540
1,408
7,1664
7,1843
2,871
1,637
1,358
1,308
9,2567
4,1506
10,3463
1,324
1,15658
5,1295
10,3206
5,1271
1,2143
3,1021
3,902
2,860
1,623
1,413
1,288
6,2375
10,2869
5,1824
1,341
2,733
5,1923
8,2743
2,624
1,437
7,2167
3,793
7,2215
1,635
1,469
1,459
1,528
10,2471
5,1959
1,331
1,432
1,413
10,3432
9,1961
1,380
7,2643
5,1817
7,1887
1,535
1,562
6,2078
8,2850
3,1192
1,430
1,283
1,285
1,544
5,1915
4,1539
5,1706
8,1969
3,1193
4,1965
1,438
1,395
4,1453
6,2246
4,931
1,340
1,273
1,330
1,547
10,2580
10,3345
4,1847
10,2981
10,3185
6,2243
1,626
1,389
7,2433
4,1342
5,1651
1,347
1,437
1,317
1,388
2,635
5,1601
7,1894
10,3060
4,1281
4,1483
1,704
1,429
6,1311
1,799
6,1842
1,608
10,3442
10,2358
1,432
7,1792
10,2707
5,1953
5,1866
10,2806
1,610
1,577
1,571
5,1894
1,583
1,632
1,470
9,2414
10,3235
1,434
3,813
8,2170
3,1339
10,3387
5,1429
6,2290
1,438
1,371
3,1188
1,467
7,2523
1,268
4,1505
4,2682
1,400
2,977
1,280
10,3303
3,952
7,1876
3,1214
1,510
2,968
10,2352
1,374
5,1386
1,253
4,1486
8,2454
1,380
5,2079
10,3191
10,2811
7,1588
10,3332
6,1956
9,2572
7,1976
3,926
1,377
3,1175
1,258
10,3782
10,3119
1,558
1,629
6,1360
10,2629
3,843
10,3049
6,2128
5,1904
3,899
6,1395
1,382
10,3508
1,258
1,521
10,2622
1,674
1,526
5,1716
6,1452
2,545
6,1327
9,3319
5,1993
3,1016
4,1431
1,691
9,2911
1,269
10,3468
6,2133
1,629
1,391
1,595
3,1093
5,1528
5,1879
10,6896
10,3323
10,3542
5,1923
1,453
10,3825
4,1559
6,1424
10,4178
9,3234
1,328
6,2047
7,2203
1,420
1,453
4,1397
10,3845
10,3288
7,2288
1,382
10,4163
7,2194
6,2162
3,882
4,1624
1,375
1,331
1,615
1,316
1,350
10,3986
5,1846
8,2180
7,2076
8,2615
3,1264
4,1792
4,1018
7,2311
6,1483
1,267
1,395
7,1918
1,381
1,670
4,1537
5,1305
3,860
7,2383
3,703
5,1785
6,2557
7,2376
4,996
5,1798
1,253
1,309
6,2346
1,368
1,502
7,2581
1,576
7,2565
3,1173
3,1320
1,17913
5,2160
6,1353
6,1719
10,3492
1,377
1,304
4,1383
1,306
7,2688
1,595
8,2964
7,2235
5,1890
10,3552
7,18132
10,3111
6,1482
3,1422
3,1009
1,354
1,374
3,1306
1,394
1,615
1,536
3,1048
6,1770
10,4083
10,3284
1,561
10,2317
10,3247
5,4685
10,3123
1,295
1,309
9,9541
1,361
1,898
1,489
8,2927
3,889
10,3343
10,3046
1,399
6,1511
10,3404
10,3688
6,2160
4,1664
1,356
10,9934
1,255
1,476
1,565
10,2326
8,1963
3,800
2,589
1,576
3,1106
3,2953
7,2759
4,1070
9,2001
1,428
3,2675
1,298
1,488
1,434
3,917
3,1087
3,1136
7,2159
1,542
6,1671
10,2561
3,1728
5,1768
6,1949
1,492
10,2594
1,364
1,447
1,577
4,1491
7,2407
10,7729
7,1641
1,533
4,1573
6,1799
6,1830
7,2506
10,2769
4,1088
4,1614
2,656
1,315
1,584
3,2203
7,1773
7,2444
3,973
1,618
5,1614
3,1143
4,5394
1,426
5,1845
7,1756
6,1663
10,2335
3,823
1,432
9,3100
4,1508
5,1823
8,2828
1,718
1,470
4,1009
7,2472
7,2360
10,2180
4,1623
7,2565
10,2260
4,1395
1,523
2,920
10,3204
1,447
7,1654
1,412
10,2478
4,1491
5,4927
5,3401
1,560
3,1125
1,608
10,2781
6,1727
1,399
7,2201
10,3840
1,364
8,2020
1,682
7,1760
1,560
1,615
7,2109
10,3027
10,2938
1,688
4,1025
5,1246
2,952
3,1040
2,566
1,518
5,1911
4,1458
6,2483
7,2594
1,491
3,1280
5,1758
10,2849
1,667
8,1685
3,889
3,1223
7,1954
7,1691
1,1612
10,2873
8,2978
5,1709
1,387
1,466
10,3364
4,1236
10,3306
1,528
10,2693
10,2912
6,2427
2,550
7,1914
1,694
10,3333
9,2879
3,1293
1,515
1,614
9,2818
7,3021
6,4735
1,456
6,1569
10,3322
1,533
1,456
3,930
1,615
7,1446
10,3459
9,3363
1,630
1,562
3,1133
6,2297
3,971
1,319
6,1772
6,2280
8,2610
7,2835
3,776
1,828
2,475
4,1509
10,7827
1,473
1,543
10,5424
10,3484
7,7104
1,412
4,995
4,1370
8,2738
7,3183
1,615
1,664
10,2524
3,2833
3,1316
1,493
1,432
5,1518
5,1592
1,536
1,440
6,1663
5,1406
10,3716
1,3135
1,666
1,536
3,755
7,2233
4,1210
1,458
1,734
3,772
9,3131
5,1758
1,551
5,1301
7,1964
10,3859
1,600
1,262
1,413
2,751
6,1722
5,3421
1,394
1,544
7,2324
3,1247
3,934
1,521
10,2420
1,753
6,2231
6,2012
1,253
1,487
1,395
1,806
7,2720
1,402
1,307
1,394
10,3421
6,1986
3,1074
3,1263
7,2719
4,1628
1,322
1,257
9,3252
1,539
2,1066
1,541
1,464
1,604
1,405
3,1140
3,1162
1,575
9,2762
3,1228
9,4965
1,413
1,334
3,1493
1,393
3,1263
1,418
7,2168
7,1675
1,440
6,1385
9,2806
8,2951
10,11193
7,2566
2,907
1,424
1,249
9,3340
5,1752
6,2494
1,586
5,1780
6,1950
1,340
4,1409
10,6825
9,22661
4,1436
3,1492
1,641
1,407
1,244
8,33241
1,459
7,2748
1,601
3,1098
4,1816
1,349
1,486
5,1648
7,14938
6,1381
9,3285
1,627
1,396
1,258
3,1018
1,398
1,612
1,392
3,1576
10,3434
1,333
5,12921
10,3439
3,7529
4,1198
3,1164
3,1380
1,370
1,248
3,977
1,488
4,1706
1,482
10,3524
9,2828
1,412
7,2681
7,2378
7,6456
5,1515
10,13936
1,654
1,567
3,1173
10,20798
1,350
6,2532
1,774
5,1891
3,1212
1,710
1,447
4,1584
4,1019
7,2609
10,3318
3,1281
1,725
9,2307
7,2357
1,392
4,1541
1,299
10,3608
4,1042
1,502
1,405
7,2498
2,845
1,502
7,2573
6,2249
9,3173
10,3456
1,450
1,272
10,3555
1,412
7,2432
10,3165
3,812
1,610
1,566
9,3578
1,636
3,1191
9,3376
4,1490
4,1295
2,946
1,476
9,3147
1,531
1,378
6,2092
1,316
1,568
8,1983
1,459
1,511
7,2786
4,1606
4,1466
5,1822
7,2311
3,1002
10,3322
1,561
9,3105
9,3000
7,2364
1,543
1,1134
3,643
1,543
1,663
7,2428
4,1336
10,3034
7,3171
10,2297
10,11448
3,778
8,1935
1,812
1,339
1,446
1,433
7,2325
1,558
1,477
7,2502
10,5596
1,996
6,2486
4,1361
4,1457
8,2729
3,1039
3,815
8,2893
1,782
1,544
6,2150
1,502
1,610
9,2964
6,2030
7,2620
6,2057
4,1566
6,2055
8,7024
8,10305
8,2819
9,2981
3,1594
1,549
1,597
1,762
8,2751
4,1582
10,4200
6,2319
4,1060
10,2946
6,2218
10,2859
7,2430
8,2866
4,1337
1,573
1,505
6,2222
1,554
1,3397
1,561
6,2171
5,1739
4,1281
7,1579
1,453
4,1476
4,2272
1,558
3,1151
1,520
1,474
6,2228
1,429
1,609
7,2809
6,3772
4,1323
10,11043
10,3160
1,607
4,1494
6,2051
3,1157
4,1376
1,538
1,491
3,1259
1,575
1,716
6,1932
2,2993
4,1830
10,19764
6,1309
1,619
9,3675
3,1355
3,910
9,3091
5,1918
1,452
4,1314
1,602
1,713
1,3502
3,1482
7,4315
4,1486
6,1519
1,558
2,1535
4,1418
4,1400
2,838
7,2595
1,297
10,3306
1,697
1,561
1,516
1,655
4,1718
4,1314
4,1748
1,548
7,2681
9,2400
9,3072
6,2356
7,2282
1,469
9,3289
10,2644
1,292
3,1146
6,2177
6,2164
6,2125
1,437
1,561
2,605
2,784
2,1098
1,416
3,1510
8,2837
4,1571
7,2206
1,291
1,456
6,1767
5,1892
6,1932
7,1725
1,504
6,1744
2,785
7,2190
7,2570
10,4421
2,708
10,3469
6,1677
2,1131
1,504
6,5657
6,4585
10,29822
6,1701
1,598
6,1829
1,353
2,837
6,1901
5,1765
9,2949
4,29552
9,3467
1,594
1,550
8,2959
10,3321
3,1261
5,1519
1,550
1,831
1,396
7,2456
1,484
10,3491
3,1120
1,458
10,3376
8,3056
1,465
8,4207
10,2270
1,473
3,1628
1,587
6,2428
4,1309
7,5237
6,2177
3,1498
6,1871
1,642
3,1590
10,3489
1,511
6,2128
3,1374
1,471
9,3446
10,3552
10,6590
1,520
6,1829
6,2271
7,4869
4,1541
6,2174
4,1473
3,999
1,489
4,1766
6,1361
1,443
10,3277
3,1336
4,1666
6,2070
1,798
4,5218
1,678
9,2722
1,504
6,2130
3,1106
1,505
10,10074
4,1515
1,402
6,2883
6,9307
6,42122
7,2084
1,541
4,1340
9,3118
2,975
7,2428
1,419
4,1092
2,917
4,1549
6,2094
1,479
3,827
1,520
10,3549
1,301
1,450
10,3319
8,2577
4,1326
1,517
3,1073
9,3468
2,852
1,567
5,1928
1,933
9,2450
6,2397
9,2970
1,740
1,422
9,2916
6,2118
1,496
1,626
7,1901
2,714
5,1696
1,516
1,421
1,467
4,1147
8,7520
4,1330
1,688
1,629
4,1358
10,3298
7,2596
1,551
8,2893
7,2067
6,2103
1,358
1,782
1,498
5,2098
6,15662
4,1294
6,2148
1,504
10,5049
3,1157
6,2065
1,641
3,1053
7,2037
7,2366
1,406
1,558
1,361
1,896
6,2354
4,45094
1,557
1,550
6,2159
4,1152
1,515
1,530
10,3513
6,1863
8,2735
9,3235
1,511
1,427
1,496
4,1466
6,2864
1,552
1,442
4,1523
3,1166
4,1318
6,2077
6,1893
1,676
8,2953
3,1040
1,621
7,2494
1,529
4,1778
6,2077
1,510
1,391
6,2529
1,507
3,1331
1,322
3,1275
6,4348
10,3467
1,516
1,721
3,1153
7,6850
2,914
1,561
1,370
1,418
1,486
9,3666
6,2312
1,441
4,1236
3,1515
3,1103
2,761
1,574
6,1929
1,440
9,3289
1,507
1,380
1,867
1,446
2,930
4,1613
3,1139
4,1323
6,1910
5,1855
4,9527
1,683
1,414
1,621
4,1266
1,413
6,2434
6,9381
1,391
4,1129
10,3679
3,1175
9,2931
4,1468
4,1432
1,926
1,769
6,2165
1,503
1,637
1,488
4,1616
6,1897
1,521
7,2739
6,2319
6,2102
2,815
10,6777
3,1178
1,591
1,325
6,1990
1,656
3,1216
1,520
3,1234
3,1117
1,410
7,2628
9,3263
1,342
4,1174
4,1996
2,4071
1,608
1,683
8,7902
1,479
2,905
1,454
4,4657
10,3142
1,466
1,786
10,2862
4,1296
7,1664
7,2615
5,1868
1,1480
5,1950
6,6693
1,416
6,2258
1,459
4,1516
9,2993
1,431
6,2260
7,2656
6,12083
7,2653
1,398
10,2835
1,595
6,2059
4,1454
1,332
1,513
1,454
10,9096
10,5323
6,2225
1,363
4,6908
6,2026
1,530
4,1640
5,1450
1,710
4,1426
4,2218
1,319
4,1561
1,470
6,2365
4,1301
1,10303
1,574
1,349
4,1302
6,2437
10,13801
2,960
7,2904
3,1233
2,949
1,693
4,1671
1,406
10,3362
4,1643
1,664
1,539
1,300
7,2247
1,606
6,6577
1,631
3,1436
10,3386
9,3042
7,2595
7,2397
2,868
7,2433
7,3952
1,519
1,516
1,364
9,2983
1,436
1,539
7,2530
2,979
5,1833
4,1391
3,995
7,2622
3,1030
6,2124
6,2417
2,1132
1,351
6,9086
4,1469
1,555
9,21424
10,3885
4,1769
9,5999
1,466
10,3366
1,4681
6,3133
3,1253
3,1495
6,5500
1,495
1,511
10,30389
1,523
3,1275
10,3875
1,873
4,1612
3,1072
9,3094
1,481
6,2014
3,1405
3,7373
1,455
3,1106
1,397
1,505
1,411
1,502
5,1779
7,60434
6,4528
6,2137
10,2952
6,1939
6,2272
6,2603
4,1517
6,4815
1,571
1,440
3,1440
1,427
1,495
9,3465
3,1227
7,2224
7,4531
7,2467
3,1141
8,3053
1,586
1,339
8,2686
1,417
1,430
1,511
1,502
1,624
1,680
6,2017
3,1283
1,530
3,15008
1,651
8,3020
6,2367
6,2158
4,1503
1,451
1,403
3,1300
1,561
1,576
3,1104
9,3039
1,425
3,1143
3,875
1,588
10,3441
8,3224
6,1914
4,1421
4,1610
1,482
6,2191
1,504
1,588
1,538
8,9430
8,2812
4,1525
7,2322
4,20617
4,1494
10,3638
8,9416
10,3282
6,2313
8,2173
1,361
1,611
1,491
8,2938
7,3878
3,1127
7,2614
1,436
6,13419
4,1411
6,2272
7,2367
4,1312
7,2854
1,289
4,1360
10,3161
1,429
1,553
2,926
8,2628
4,1766
8,2935
9,2977
6,21855
10,3719
10,3521
8,7516
4,1567
2,744
7,2518
6,2255
1,439
1,453
1,541
9,3019
7,2223
3,1103
8,48865
4,10628
7,22417
6,15418
2,793
10,3652
3,1073
7,2473
6,2105
4,1604
1,411
2,956
3,1141
9,5782
8,2931
1,435
2,745
4,1612
4,1402
9,2882
6,2640
6,2254
9,3258
4,1311
6,16619
1,397
5,2016
7,1609
6,2015
3,1074
1,402
1,472
1,388
9,3370
3,832
4,2010
1,387
4,1587
9,2937
6,1896
1,493
7,2362
4,1136
7,5126
10,4409
1,457
7,2428
1,618
2,1000
1,362
6,2546
2,1001
9,3014
10,3564
8,26860
1,496
6,2020
2,713
3,1298
3,1056
1,684
3,1215
4,1403
4,1555
2,768
3,903
10,3722
6,2331
4,1427
1,411
1,529
8,2762
9,2288
1,766
4,1001
1,561
6,2068
1,696
1,691
6,1680
2,551
10,3927
1,586
4,1569
8,2651
1,465
4,2029
2,792
2,3018
9,1936
1,443
2,722
2,807
1,512
4,1342
10,98527
6,2142
7,2255
6,2209
2,7534
2,650
6,11547
7,2290
3,6041
2,496
1,458
3,982
1,487
1,547
1,475
6,2110
4,1839
1,1781
2,1010
1,1181
6,1730
9,9183
1,400
1,663
7,2823
9,2653
4,1469
1,588
1,483
7,2684
8,2785
8,17652
1,490
3,1231
4,1315
2,952
1,674
7,2433
1,657
2,737
6,2236
1,463
9,11096
1,456
9,3064
6,2007
9,4579
3,1039
6,2183
6,1933
6,2135
4,1595
6,2141
1,566
7,1781
5,1965
3,1271
1,1709
1,439
7,2815
1,382
1,623
1,431
6,1811
9,16076
10,3640
5,4506
1,358
1,595
1,370
6,2076
7,2540
1,538
1,443
4,1402
10,3493
1,693
1,504
1,407
2,787
10,2831
1,1099
1,426
1,662
7,2347
7,2640
4,1541
1,454
1,411
9,2527
10,3188
3,1492
1,501
8,2584
6,24426
9,3386
3,1780
1,416
1,576
1,305
8,3269
8,3217
1,563
1,652
6,1932
8,15306
3,1261
1,706
5,1647
4,18217
8,1884
5,2416
1,305
1,823
1,499
4,1476
6,2777
6,6642
1,491
8,2723
6,16965
6,2097
5,2127
8,2369
3,1157
4,1183
5,2592
1,457
1,467
1,430
4,1682
9,6218
1,581
1,526
3,1149
4,1439
1,562
1,561
10,11618
1,556
8,2930
1,1316
1,512
8,7612
1,459
4,1586
7,2516
1,710
3,1236
1,496
4,1401
4,1390
1,460
10,3651
2,832
4,1051
8,65017
1,588
1,383
1,388
5,2280
1,545
1,37509
1,419
1,500
1,486
7,2322
1,721
4,1457
6,2062
1,516
1,590
1,511
1,351
1,411
3,1180
1,441
3,31899
6,2442
1,356
1,496
7,2357
2,1085
4,1272
4,1269
10,2918
4,56250
1,1298
5,2190
1,409
2,666
1,428
7,2382
3,1050
1,416
2,657
9,2808
6,2008
9,2962
1,482
3,842
1,496
1,506
5,2153
6,1897
5,1834
1,419
4,1383
4,1553
1,360
1,425
4,1017
6,1967
2,699
7,2665
10,2807
1,365
1,624
6,2587
1,364
1,424
1,383
1,371
7,2364
1,327
9,3932
9,2897
5,2089
1,534
7,31936
10,3569
1,338
4,1790
7,2501
1,383
5,1747
1,382
4,1386
7,2458
1,416
1,484
6,2067
7,5747
1,494
1,542
10,2821
1,340
6,2696
4,1680
1,558
7,2814
1,552
6,2222
4,16872
1,467
1,500
1,449
4,1455
1,487
1,444
10,3451
1,699
3,1267
9,3346
6,2167
3,1210
1,1454
9,2992
6,1987
1,474
1,434
3,1085
8,2722
2,832
3,1032
10,2224
1,445
4,1489
5,1914
3,1307
1,453
1,563
3,1047
9,3039
1,390
1,473
7,2745
10,3337
1,421
4,1309
7,1982
5,2102
10,50893
4,1526
4,1464
10,3590
1,620
9,3905
7,3057
4,1406
1,460
1,318
4,1341
4,1350
6,1843
1,534
1,494
4,1420
5,1996
10,3777
10,3402
1,534
7,14724
3,1191
1,495
1,413
1,335
4,1442
1,303
9,17820
1,414
7,2878
7,2270
3,1207
9,3522
10,3392
2,917
2,899
6,1986
2,757
1,669
1,466
3,1135
1,414
9,7433
1,363
1,594
6,2046
5,2245
10,7802
5,2027
2,969
2,918
2,807
5,1772
1,606
1,430
5,2123
1,414
8,11549
1,397
10,14849
9,13573
4,1107
4,7428
3,1219
6,2329
2,876
1,492
5,1789
1,547
1,410
1,572
1,374
1,518
1,470
10,13574
6,12784
1,391
6,2130
9,3493
6,6852
6,2444
4,1427
7,1737
9,3056
1,369
5,1312
3,1425
1,531
1,365
10,6241
1,658
3,1109
7,2390
1,586
5,2767
5,8887
6,2047
5,1889
6,1988
1,545
1,540
1,494
6,2181
1,408
3,1338
3,1326
7,2520
2,1261
1,648
4,1599
6,2008
5,1480
8,2866
3,1005
1,389
3,1276
1,691
1,627
1,415
9,15638
3,1311
9,3032
3,1225
7,2590
8,2841
7,2464
7,2417
9,2887
1,354
1,405
7,2759
5,1832
2,851
1,424
6,1744
6,2363
1,644
6,2337
1,358
4,1420
8,3330
8,2733
10,3372
7,2053
1,391
10,4705
3,987
1,1904
1,428
4,1546
6,2174
10,3424
6,2230
1,480
8,3140
8,3221
4,1466
5,1699
7,2046
9,2207
10,3529
1,441
5,1787
2,613
2,730
8,3245
10,3230
1,361
1,401
4,1326
8,3054
8,2753
5,1760
4,3209
2,662
10,3375
6,2117
1,442
10,2463
6,1762
6,2167
6,2474
6,2416
1,477
9,4833
3,1050
9,3105
3,1134
9,2998
1,338
5,1825
7,2208
4,1334
3,1396
8,2232
9,2968
3,1109
8,3322
1,640
5,1821
4,1518
3,1116
1,505
7,2371
2,707
3,1171
7,2347
1,408
9,2955
10,2407
7,2637
1,451
8,15102
1,436
5,2047
1,634
5,1701
5,1215
3,1075
5,1709
1,531
5,1805
5,2774
10,3387
10,3176
6,2709
9,2897
6,2364
1,710
7,2705
1,513
4,5384
1,469
3,838
6,2316
9,5405
9,3042
4,1393
10,3150
4,1306
10,3425
7,2692
4,1787
2,1031
1,635
5,1961
2,726
7,2757
1,541
8,2721
1,414
3,1291
1,553
10,3343
10,3172
4,1639
1,503
1,784
1,551
5,1591
1,358
5,1629
3,1529
2,993
8,2914
7,2901
7,2324
7,6759
8,2444
6,2175
4,1407
6,2114
10,6431
2,927
3,1366
4,1793
1,434
10,3662
2,792
3,1233
1,446
1,651
1,506
7,2636
8,2235
1,469
1,570
4,1628
4,1527
3,1158
1,354
1,436
10,3247
6,2242
9,3487
1,438
2,1038
8,2516
1,645
4,1040
4,1366
1,793
1,669
8,2867
10,3601
1,667
1,455
10,3297
6,2326
5,1876
1,400
2,830
8,2823
10,3014
2,770
2,712
1,464
9,9331
8,2742
1,4805
2,770
1,451
5,1693
5,1659
4,1729
1,395
6,2377
5,1874
5,1359
1,427
1,447
1,428
1,1508
10,2877
10,3837
3,4464
1,418
9,3023
7,2349
2,1029
1,439
6,5935
5,1789
10,3419
1,551
1,469
1,280
2,984
9,3215
5,2044
1,1100
1,471
3,1057
7,2423
5,1874
1,467
5,1795
6,1964
10,3817
1,442
1,470
1,354
1,697
8,1915
10,12384
1,587
1,459
1,429
8,19302
5,1979
1,523
7,2720
3,997
10,3289
1,359
1,2005
1,375
1,840
10,3631
9,3466
1,550
1,438
1,438
3,16908
7,2707
1,554
8,2989
2,860
10,2190
1,287
1,439
1,347
4,1641
6,2086
7,2944
1,513
1,478
1,384
10,16083
1,661
10,3273
9,4791
5,1884
10,2641
1,432
1,527
1,497
1,834
2,910
1,548
1,539
1,398
7,5859
4,1407
3,1096
4,1146
3,1220
1,610
5,1852
1,420
1,807
4,1472
1,1583
1,426
1,638
5,2826
1,428
1,347
4,1683
10,3275
6,1930
10,3461
1,569
1,646
1,491
1,485
2,967
1,530
3,1301
1,555
3,1207
5,1845
1,446
5,1921
10,3846
2,754
4,2208
10,3406
1,653
10,3037
1,530
6,2174
1,483
10,3299
1,610
7,2700
3,1055
4,1307
1,351
10,10489
8,1917
4,50414
10,4992
1,460
1,589
1,429
7,3906
1,441
10,2647
1,322
1,522
9,3499
1,426
2,1053
5,1785
10,2173
5,47359
10,3705
1,528
1,430
3,1181
10,2460
1,42249
10,2268
1,282
10,3082
7,2272
1,360
1,574
3,1159
9,3103
1,17171
5,1931
1,500
10,3502
3,1596
9,3007
3,24306
10,3251
1,281
10,3283
1,472
1,378
3,2506
9,2486
6,1805
5,1447
10,3037
1,441
10,2378
1,609
10,3380
1,781
10,2315
1,293
7,4588
10,3487
1,350
1,422
7,2569
8,2981
9,2008
9,2437
1,429
10,3538
6,2138
8,2042
6,2319
10,3318
1,255
10,7223
5,1729
1,379
1,570
1,526
4,1411
1,290
9,2537
1,401
10,3501
1,690
4,1523
1,408
7,1473
1,719
3,1192
1,450
6,2018
1,434
1,433
2,678
3,38382
1,562
1,326
10,3581
4,1472
3,874
4,1360
1,633
2,908
9,2360
3,1109
6,2123
5,1804
6,2232
1,537
1,357
1,631
1,413
10,3012
9,3141
1,477
7,2603
1,404
5,1659
2,592
9,2207
6,2386
1,492
1,829
3,967
1,386
1,486
4,1081
4,2104
7,2844
3,776
7,2626
1,380
6,2137
6,2142
7,2522
2,842
1,393
1,437
10,2759
1,307
1,540
7,2879
3,1151
6,2066
10,2907
9,3270
1,388
6,5495
2,755
8,2112
7,1570
1,400
1,375
10,2598
1,286
1,451
5,2388
7,1688
4,1373
10,2530
4,1546
1,342
8,2233
6,2060
2,874
10,3310
1,437
1,508
10,3382
1,364
1,516
7,2070
10,3948
7,2250
10,3446
9,4520
1,310
10,2441
8,2779
2,785
9,3066
1,535
1,297
10,3566
1,395
1,537
10,2362
10,2487
9,2981
10,3028
3,1352
1,296
10,2686
10,2613
6,1965
4,1550
1,618
1,286
10,3048
1,448
1,584
6,6792
10,3302
7,2386
10,2119
6,3697
1,371
8,2773
9,5212
2,721
4,1818
4,1159
1,278
10,2324
1,310
1,420
10,6453
10,3765
1,493
10,2314
1,613
1,332
4,1956
10,8749
2,647
8,2799
3,1132
1,312
7,2386
5,1518
1,287
10,8044
6,1792
2,781
7,2287
2,736
1,361
5,2026
8,2537
10,3424
3,1331
7,3241
4,1094
1,611
2,893
10,2511
5,1954
3,1338
1,451
1,473
1,438
3,961
4,4171
4,1070
9,3491
1,607
9,3010
6,2051
1,379
1,402
2,663
3,1612
7,1881
6,2013
1,298
5,1711
2,619
2,691
8,2452
8,2653
3,924
10,3432
2,825
1,507
7,2720
6,1683
3,8862
1,511
6,1958
10,2418
5,1876
5,1876
10,2481
4,1484
10,3320
10,2808
10,3382
6,5939
1,402
10,3382
7,2488
4,2195
1,318
5,1678
1,240
7,2438
7,2253
3,904
2,720
8,2488
10,3288
6,1852
7,2569
1,383
5,1632
7,2409
10,12022
1,351
3,1110
1,353
6,24351
10,2938
10,2373
1,530
4,1497
10,3586
3,1048
10,2797
1,420
10,5616
9,2622
10,3663
1,262
9,2895
1,307
8,2823
10,3258
10,3236
1,342
8,2951
10,3627
7,2011
9,3118
1,319
3,1078
10,3270
10,4224
1,285
4,1350
1,309
4,1488
10,3560
10,3503
1,267
1,515
10,3430
1,531
4,1424
1,484
8,13749
8,2053
8,3081
1,305
8,5846
1,241
9,5758
10,3426
10,2692
1,334
1,445
10,2920
6,2212
4,1664
1,453
6,2004
4,1589
10,3224
1,576
9,3524
1,251
5,2046
8,2672
7,2267
1,286
1,395
7,1983
2,698
3,1757
1,497
6,2012
3,1238
9,3090
1,506
4,2391
1,279
9,3843
5,1215
10,2656
1,372
1,409
1,521
6,2014
8,6950
10,2731
6,7747
3,1334
6,2185
1,359
4,1409
1,253
4,1913
5,1300
1,495
1,386
1,397
1,526
8,2704
1,346
4,1045
8,2922
1,431
1,671
1,814
5,1765
2,647
5,1937
10,2439
1,449
1,435
1,389
1,412
10,2233
3,1370
3,1119
2,729
2,750
1,561
10,2991
1,647
7,1754
3,1508
10,2207
1,338
1,380
1,541
1,358
9,2972
10,3737
10,3183
10,2803
10,2802
1,648
10,2527
1,490
10,2333
1,420
10,2781
1,347
1,299
1,308
1,419
9,2987
10,3222
10,2225
10,4329
10,3367
1,626
10,2070
1,495
10,2172
1,428
10,2214
1,396
1,776
1,310
5,1737
10,3016
10,3622
10,2121
9,3666
10,3324
1,543
10,3461
5,1828
10,2693
1,501
10,3259
1,385
3,1301
1,310
1,431
4,1446
10,3368
10,2850
4,1624
10,3357
1,504
10,3067
1,340
10,3235
1,503
10,3030
1,427
7,1775
1,269
1,477
8,1669
10,2600
6,1486
4,1338
10,2709
1,411
10,3030
1,468
8,1662
5,1856
5,1637
1,357
10,3388
3,910
1,323
4,14854
10,2995
7,2458
4,2247
10,2567
1,382
3,1073
1,476
3,1155
1,993
1,536
1,362
10,2510
10,2352
1,269
2,739
7,1671
6,1451
2,821
8,2332
1,364
7,2639
1,428
10,2434
1,1426
1,459
1,290
10,2535
10,3214
1,350
1,728
1,627
10,2642
8,5198
1,879
1,574
9,3031
1,480
5,1819
1,417
1,397
3,1340
10,2934
10,2161
5,1471
1,420
1,586
10,3243
1,435
1,657
1,512
5,2100
1,470
10,2155
1,471
1,430
5,1560
10,2365
10,2947
7,2581
1,405
1,543
10,2411
1,407
1,500
2,690
10,2439
1,456
10,3148
1,383
1,370
7,2672
2,606
10,2793
10,2368
1,477
1,282
10,3443
1,660
1,394
1,637
10,3478
1,407
10,2830
1,515
1,389
10,3343
10,3372
7,2417
3,692
1,525
7,2521
10,3396
1,531
1,435
6,1496
10,3548
5,1783
10,3138
1,490
1,395
10,2401
3,905
10,3392
10,2253
1,362
1,409
10,3039
1,725
1,453
10,3736
10,6523
3,1246
10,2201
5,1864
1,480
10,2480
9,2084
2,620
10,2914
1,449
1,450
4,1178
1,485
1,420
8,2086
5,1599
9,3041
5,1157
3,1458
1,393
10,3439
10,2965
2,433
10,2899
1,374
1,454
1,627
1,369
1,315
10,3588
3,794
1,470
1,500
1,388
1,536
5,1456
10,3322
3,1139
3,868
1,374
1,338
1,704
1,540
1,335
10,2236
7,1661
10,3307
1,408
7,3121
5,2500
3,1414
10,3187
10,3100
7,2340
1,375
1,271
1,401
1,557
1,327
10,2286
1,281
10,7857
1,310
10,3287
4,1020
7,2683
10,3483
10,3338
5,1868
1,642
1,293
1,497
1,460
10,3565
9,1991
1,571
5,1738
1,349
10,3315
4,1692
10,2525
8,1854
10,3246
10,2363
10,2395
3,1102
1,669
1,311
2,610
4,1061
1,599
1,408
1,434
5,1478
5,2006
6,1902
7,1782
10,3459
10,2207
3,1022
10,3327
1,409
10,2515
10,3422
2,870
1,438
9,3035
7,2037
3,1259
10,3535
10,2330
1,285
8,3219
10,3010
10,2316
3,1182
1,562
3,1322
10,3052
10,3321
1,285
7,2221
1,376
7,2604
10,3525
10,2384
1,551
8,1758
10,2927
10,2589
9,2767
1,403
10,2349
10,2237
6,1373
1,519
9,2127
1,431
9,3436
10,3675
10,3068
1,273
7,1948
10,2518
10,3389
10,2315
1,507
10,2539
10,2573
9,3097
1,455
6,1787
1,288
6,1696
6,2902
10,3426
1,457
1,400
5,1864
10,2292
10,3090
1,388
10,2298
10,3170
10,2585
1,405
6,2325
1,305
4,1453
10,3802
4,1599
1,246
1,396
10,3250
7,2394
10,2068
10,3245
7,2617
8,2763
10,3900
1,479
4,1419
1,563
6,2083
6,2331
10,3234
1,235
1,452
1,535
2,1019
1,441
3,1098
10,4926
4,1640
10,2294
1,604
2,984
1,400
2,603
4,1847
1,2748
1,294
1,314
1,309
3,1013
7,1945
5,1985
7,1630
10,2939
10,3547
1,511
8,2449
3,1241
7,2523
10,3762
1,414
1,262
1,270
1,367
9,2752
6,1713
7,2824
10,2490
10,2873
4,1034
10,4430
10,2317
9,2604
10,3088
10,3809
1,407
1,260
1,323
1,392
10,3487
10,3158
10,3351
9,2263
10,2320
1,417
10,3752
1,880
10,7023
9,2755
10,3518
1,537
1,333
1,240
1,446
10,2366
10,3297
10,3111
3,956
10,2177
1,723
10,4122
10,3971
10,3271
10,3319
8,2840
1,540
1,382
1,360
1,373
10,2285
10,2986
10,3619
10,2064
10,2707
1,1080
8,3111
4,1576
10,3278
4,1381
10,3640
1,394
6,1463
1,283
4,1334
8,2641
10,3161
7,2471
10,2165
6,2260
1,662
10,3607
4,1295
10,3010
6,2033
9,3184
1,394
4,1068
1,263
1,366
10,3377
10,3881
3,1278
10,2991
10,2398
1,621
9,2516
8,2777
9,2200
4,3647
6,2058
1,253
10,2912
6,1899
1,340
10,2536
10,3544
5,4898
10,2267
1,559
1,612
2,801
6,2213
1,278
8,2694
1,635
1,270
10,2193
10,2462
1,452
1,524
4,1174
4,1857
3,777
1,469
1,639
1,560
2,634
4,1835
3,953
1,641
1,380
10,4169
10,2270
1,411
7,2323
1,383
10,3613
1,577
1,426
1,629
1,437
1,721
6,2329
1,479
1,430
4,1670
10,2177
10,2094
6,2154
1,442
1,354
10,3613
7,2510
1,509
1,547
6,1468
1,574
10,3357
1,298
1,373
5,2020
10,2881
10,3599
9,2956
1,242
1,480
8,3018
1,539
1,504
1,36769
10,3117
1,452
8,2533
1,283
1,453
9,6241
4,996
10,3328
5,1650
1,277
1,394
10,3419
1,331
1,560
3,39344
10,2213
1,439
10,3172
1,305
1,930
7,2476
7,2389
4,1319
7,4683
1,477
9,2795
8,2393
1,330
1,460
5,32953
8,2076
1,578
8,2319
1,276
1,437
10,3634
5,2376
10,3434
10,7847
1,434
1,494
10,2981
1,400
1,591
4,1451
10,3615
1,504
8,2648
1,331
1,450
10,4113
7,3240
4,1518
10,3192
1,266
1,493
6,1629
1,379
1,402
1,352
10,2904
1,406
4,1477
1,363
1,519
10,3721
10,3683
2,686
10,3170
1,286
1,282
1,578
1,321
1,470
9,7254
10,2862
1,475
6,2115
1,282
2,906
3,1154
10,3527
5,1818
1,509
1,429
1,276
1,420
1,266
10,3525
3,1191
9,2599
1,494
1,490
1,291
1,463
6,1842
10,3367
7,3149
3,1109
1,364
1,347
1,316
1,276
4,1048
5,1895
4,1246
1,322
2,862
1,270
1,502
1,317
10,3352
10,3317
5,1763
1,353
1,287
1,1410
1,265
7,2617
6,2002
2,827
3,1280
2,1073
1,579
8,2413
5,1080
6,2266
10,3374
4,1407
10,2421
1,374
1,495
1,408
10,4212
4,1579
1,470
10,2798
1,521
3,831
6,1747
10,3375
1,565
10,3418
10,3494
6,1320
7,2237
2,784
10,20844
9,2895
9,3377
1,345
10,2590
2,676
10,3725
1,667
4,1743
3,1248
6,1499
10,3334
10,3346
5,1498
1,712
6,2229
10,2682
7,5854
1,424
10,16008
1,389
10,3043
6,2402
10,3702
5,1866
8,2683
8,2737
10,4895
7,3043
2,1076
10,4110
10,3396
1,574
1,385
10,9199
1,336
10,2163
2,718
10,3804
3,1307
3,931
10,3187
10,2521
10,3360
1,602
10,2347
6,2980
7,2574
1,274
10,3317
1,282
10,3084
10,3269
8,3176
1,417
5,1592
9,2499
10,2455
10,3066
1,375
10,2487
3,1136
1,581
1,373
7,1846
1,308
10,2297
10,2578
8,2888
1,429
1,531
6,2280
4,1052
10,2466
1,494
4,1122
1,585
6,2222
1,406
10,2919
1,261
7,1625
10,3563
10,3656
1,408
1,556
10,3064
4,1048
3,1172
1,569
10,2719
10,3542
1,807
1,403
7,2276
1,355
10,3078
4,1235
6,2116
1,395
1,655
1,542
5,1703
5,2110
1,553
9,2487
10,3374
3,1287
1,593
4,4520
10,2530
5,1703
9,2302
2,1093
1,457
1,517
1,828
7,2183
3,3943
9,2681
10,3660
8,2867
3,1274
1,540
3,1976
1,346
7,2328
4,939
2,875
4,1274
1,512
1,664
7,2438
4,1769
6,1566
7,2344
10,3467
1,527
10,3070
10,3349
1,326
3,856
6,1861
1,570
1,425
1,526
2,899
10,3220
10,3385
8,2952
10,3470
10,5405
10,4571
6,1540
10,3072
4,1369
10,2998
8,3165
1,469
1,604
1,540
1,577
10,3565
10,3336
10,3385
5,1871
10,2846
7,2579
10,2459
10,2208
1,271
10,2094
10,3146
1,570
1,480
1,495
1,619
6,2061
8,2827
10,2425
7,5479
1,530
7,2486
10,2234
10,2778
9,3882
10,3595
10,2323
1,451
1,462
1,587
1,552
10,3361
10,3099
10,2934
10,2492
1,672
7,2931
4,1519
3,920
10,2793
10,3534
10,2080
1,353
6,2186
1,555
7,2618
10,3450
9,3102
10,2976
10,11858
1,382
7,28502
10,3267
6,1690
10,2357
3,847
10,2924
1,250
10,3648
4,1511
1,525
3,1172
10,3554
4,1445
1,479
1,567
1,649
10,3206
7,1864
10,2680
5,1177
10,3170
1,259
10,3379
10,3441
1,477
3,1064
6,1615
2,848
3,1173
2,1040
2,865
1,465
1,474
6,1977
7,1947
4,1106
1,258
8,2631
10,3656
1,451
5,1470
1,446
6,2491
3,1086
1,515
3,1025
5,1342
1,382
9,2102
1,334
2,733
1,267
9,3078
8,2027
1,388
1,468
1,379
9,2370
5,1779
1,695
3,1044
5,1835
1,334
1,416
1,240
1,736
1,562
10,3561
10,2930
1,395
1,377
2,736
10,2686
1,680
1,560
5,3073
5,2096
1,275
6,1478
1,529
1,746
1,425
1,498
8,2773
1,554
1,541
1,324
10,3667
1,586
1,689
1,344
1,526
1,492
10,2201
1,296
1,735
5,1148
2,745
6,1530
3,1066
1,473
1,378
10,2434
1,516
1,534
2,694
9,3155
1,322
9,2487
1,418
1,679
8,2762
1,530
2,908
10,2879
1,1402
1,286
4,1679
1,468
1,353
1,398
9,3500
1,282
10,3505
1,374
1,680
10,3132
6,1537
2,763
8,2765
1,477
1,334
10,3412
1,575
10,2855
1,536
3,1087
1,257
10,2479
1,369
1,629
10,3237
10,2824
10,2437
10,3406
1,464
1,279
10,3743
1,491
1,541
1,458
5,1820
1,332
10,2415
1,441
1,550
10,3066
8,2828
4,1186
10,2830
1,476
1,326
1,487
1,463
6,1588
1,697
5,1693
1,337
10,2437
1,370
1,492
10,2917
10,2978
1,291
10,2357
1,451
1,267
1,605
1,389
10,3452
1,617
5,1940
5,1451
4,1465
1,365
1,411
9,2192
10,3812
6,1746
9,2847
1,444
10,2786
1,750
8,3522
10,3378
4,1996
9,2872
10,2556
1,369
5,1343
1,656
5,1241
10,2972
8,2754
2,754
9,2992
1,291
1,523
1,540
10,2199
1,1612
1,5635
10,2287
1,930
10,3134
3,31401
2,784
10,2971
10,3483
6,1998
4,1371
1,326
1,1036
1,543
10,2134
5,1847
4,13064
10,2178
1,949
10,3288
1,26283
10,2520
9,2601
10,2318
3,734
10,3664
10,3643
1,561
4,1493
9,2205
1,2802
1,475
10,2717
1,806
10,2912
3,1115
6,2324
4,1380
10,3416
10,2808
10,24593
10,3332
1,609
10,2607
4,903
1,524
1,352
5,1774
5,55049
10,2148
1,632
9,3400
2,797
4,1571
10,3350
1,436
8,7339
1,634
10,8255
2,831
3,987
7,2392
10,3073
1,477
5,1120
8,2956
10,3162
1,443
6,1483
10,2144
10,3152
10,3290
1,659
10,3454
8,2799
4,1598
1,420
10,2538
1,359
10,3061
9,3238
10,2319
1,389
9,2832
10,3007
10,3218
10,2516
1,723
2,835
6,2322
7,2673
1,566
9,3126
5,1555
4,1557
9,7092
10,3163
1,316
2,705
4,1698
6,3945
10,2550
1,730
10,2579
1,475
10,3285
1,530
3,1327
1,383
7,3213
7,2608
4,1341
1,353
1,526
7,1692
6,1675
2,4599
9,4268
6,1510
10,2420
1,397
4,1316
5,1771
1,409
9,3769
9,3603
10,3189
1,336
1,354
10,3173
1,430
6,1839
1,316
1,390
10,3603
8,3561
1,341
7,3859
1,440
5,2143
7,20227
1,293
1,441
1,318
1,613
10,2619
9,3014
5,1504
10,2408
10,2339
10,3312
1,501
10,3144
1,436
10,6808
5,1907
1,660
1,408
1,487
2,771
8,2613
10,2497
7,2512
10,3147
10,2814
5,1711
1,579
10,3061
5,1914
10,3780
1,646
1,675
1,364
1,414
1,28507
10,2962
10,2350
1,528
10,3649
4,1222
3,1178
1,358
10,3263
1,394
10,3749
1,523
1,583
1,300
1,443
8,4873
10,3323
10,3304
9,3214
8,2648
9,2934
8,2983
1,418
1,472
7,2278
10,7346
1,495
1,932
1,289
1,430
1,578
10,2318
10,3983
3,1235
10,3802
10,3297
3,1629
1,382
7,2729
1,313
1,457
1,471
1,594
9,2360
1,421
5,1753
4,1292
4,1033
4,1553
10,3486
1,732
5,14582
1,348
3,1191
9,3110
3,1244
4,1480
1,635
6,1491
1,305
1,439
10,2417
10,2563
9,3141
10,3319
1,1063
1,547
1,401
5,2170
9,3091
1,579
1,394
1,612
1,354
1,276
1,493
9,2562
1,556
5,2147
9,2255
1,617
1,657
1,402
1,602
4,1510
1,402
3,1163
1,603
10,2860
6,2316
7,2260
2,600
1,544
2,994
2,584
1,606
2,1206
7,2404
1,407
9,3056
6,22645
10,3324
1,35709
10,2569
9,2294
1,348
1,405
1,458
7,2230
6,2397
1,634
10,6634
10,3387
1,307
5,15963
1,431
1,338
1,573
4,1508
10,2414
1,484
1,215
1,419
1,630
1,666
1,583
6,3102
3,1215
1,469
2,954
5,1628
3,1128
1,502
10,3682
10,2683
6,1606
1,288
5,1772
1,568
1,443
1,511
5,2662
8,2863
1,503
1,562
1,496
7,2213
5,1602
10,4066
10,3355
1,622
1,247
1,2428
1,566
1,407
1,569
4,1488
7,2562
1,826
1,679
1,414
1,485
5,1988
3,1207
4,1307
1,479
1,248
1,551
6,5049
1,365
1,660
8,3018
2,774
1,558
6,53901
1,396
7,2339
8,2939
5,1848
10,3420
1,518
1,251
1,485
3,1324
1,295
1,662
10,5627
7,3301
1,472
1,56894
1,478
1,357
9,3096
4,1357
1,478
9,3379
1,603
1,434
7,2338
1,315
3,1219
10,6642
3,1461
1,591
1,415
1,364
3,1095
9,3083
1,503
6,2549
3,1353
1,409
1,542
1,570
1,283
4,1568
4,6258
1,546
1,614
2,24222
1,442
1,493
3,1021
8,2670
3,33576
5,1691
1,488
1,459
3,9462
1,314
5,2979
1,373
1,681
4,1411
7,2261
1,515
5,1850
4,1468
9,7583
1,30952
3,1125
1,411
1,519
7,2288
1,467
8,21907
1,608
2,5574
10,3390
7,24969
4,1653
1,364
5,3250
1,18455
7,12398
9,19451
10,3193
5,1679
1,562
1,364
9,13631
1,565
2,993
10,3316
3,38995
10,3593
7,6458
5,1798
5,1645
1,6010
1,322
9,2063
4,1379
1,630
4,1265
3,1270
5,1764
3,1194
8,2796
1,68238
8,2760
2,2782
1,406
3,887
3,1276
3,926
10,3442
5,1628
7,2377
9,2890
7,2522
6,3088
4,1421
10,2738
7,2444
10,3327
1,1351
1,625
6,10437
9,3098
7,2490
10,3401
5,2754
3,34277
10,2397
9,3176
1,531
3,1148
6,2225
8,2811
10,3339
7,17278
7,2365
7,2241
3,1110
1,496
10,2296
3,1099
2,15536
10,2562
6,3131
1,474
6,3767
9,2946
3,929
9,3487
1,686
6,2312
9,31653
9,3040
1,454
10,3432
6,4612
5,13236
10,2232
5,1979
1,551
8,18758
2,1076
5,2080
6,2116
1,482
1,718
1,502
9,3228
1,410
1,397
4,1459
7,16070
10,3406
1,630
1,565
3,1033
1,478
2,671
1,608
1,429
1,475
4,1485
7,6298
3,1013
3,1123
9,15219
7,16394
1,395
1,470
1,2455
8,45049
10,2385
2,6498
2,801
1,475
3,1083
1,336
3,1003
10,25204
4,1420
5,1710
1,16716
5,1483
7,2589
1,547
4,1451
1,414
1,6351
1,379
1,491
3,1289
1,339
1,674
1,614
7,2281
4,1317
3,1242
4,1499
1,501
1,615
1,2618
10,3172
7,16710
6,1385
1,533
7,58790
1,377
1,479
3,3248
8,2451
7,2504
1,410
6,2124
1,613
1,441
10,9304
6,1749
1,447
10,3249
2,725
3,57993
7,2184
7,2861
7,11858
9,2989
1,442
1,12633
5,2591
1,377
3,1340
8,3573
8,2699
1,617
10,3434
10,3313
7,60030
1,344
4,1321
7,2232
4,1388
6,2055
3,1167
1,453
1,584
4,1620
1,406
10,3559
1,592
8,2664
5,1799
1,54412
1,329
1,585
2,852
7,2646
1,343
1,326
9,2083
7,2347
5,1860
5,1761
10,2658
1,547
10,3228
3,998
3,1419
1,344
1,14859
1,355
1,510
1,344
10,3278
6,2200
4,1341
6,1878
10,41940
10,5731
3,1054
10,2991
4,1277
7,3327
3,5427
1,578
2,730
9,7126
3,1154
2,659
4,1450
1,587
10,3523
1,497
9,2845
1,609
10,2194
1,498
5,1938
1,362
1,358
7,9223
3,1116
10,3346
2,659
3,959
7,2289
8,2897
8,2743
4,1287
1,394
9,2245
8,2416
2,698
5,8573
1,517
1,401
3,32247
7,2404
1,12862
5,12592
3,1139
10,3388
1,540
2,734
1,408
4,1469
2,12515
4,1361
1,517
1,674
1,2616
1,698
1,423
1,501
9,2899
1,542
4,1409
1,474
1,507
1,386
1,404
2,32857
1,6488
1,591
1,435
7,4990
1,514
3,978
1,482
4,4659
3,1149
7,6954
1,694
1,398
1,467
1,402
7,20990
2,813
7,9302
5,8170
1,1178
1,359
1,474
4,5775
4,1780
7,2906
6,2262
1,357
1,365
1,506
2,785
10,15411
7,15858
1,474
1,481
3,2669
6,55543
7,2341
1,502
1,604
1,632
5,1852
5,2301
1,281
3,1109
1,475
8,2827
3,1192
3,1076
1,441
1,435
1,478
1,486
4,1331
1,651
1,873
2,1360
1,408
1,378
2,781
1,398
5,1713
7,14768
1,346
1,404
5,19693
7,6263
7,2302
7,2609
1,688
2,1019
1,564
1,500
1,340
8,3819
1,281
3,1168
2,1071
10,22006
1,540
1,430
1,432
1,388
8,2778
1,573
6,10543
4,1452
1,633
1,367
4,1493
1,267
8,2690
1,25919
7,3632
3,1227
1,428
1,528
2,660
8,2765
1,574
1,676
5,1429
1,623
1,399
4,1396
1,355
1,653
4,1768
1,342
1,521
1,4341
1,495
1,664
10,3549
1,460
2,853
3,1127
1,627
1,274
3,1127
1,370
1,523
1,388
7,2402
7,2715
1,390
1,386
1,457
3,1181
7,2500
1,500
4,1154
2,927
1,277
7,2374
1,405
1,392
1,590
1,470
1,679
1,458
1,412
5,2649
8,4696
1,436
5,2672
10,3169
6,2360
6,1420
3,1248
1,297
2,727
3,1097
2,812
7,24379
1,831
1,457
1,382
3,8060
1,514
1,567
9,1977
2,837
6,1325
5,1966
6,1478
2,698
1,442
7,6405
7,5282
2,685
10,3737
3,1029
8,3586
1,504
7,2520
6,2281
4,1189
10,2361
8,2839
9,2162
6,2324
1,455
3,978
7,3001
3,1195
1,512
7,5242
1,596
1,457
1,610
10,3780
5,1844
10,2099
8,11347
10,2343
5,2087
1,729
1,470
2,789
8,12543
1,434
1,393
2,933
1,409
1,458
5,1983
9,3624
10,3392
3,1354
10,2834
10,3580
1,450
2,1843
3,3715
4,3769
6,20406
1,393
6,2305
1,397
1,435
6,2168
10,3707
4,1239
10,48815
10,2374
9,3192
1,448
3,3243
3,1367
4,7770
1,433
1,483
2,870
1,457
1,465
7,2910
10,5219
4,1405
8,2749
4,1347
9,3092
1,631
4,1505
1,570
3,1190
3,1173
1,533
4,1600
1,428
1,618
1,526
6,3161
10,3348
1,496
10,3738
10,13945
1,556
5,2086
2,882
10,3271
1,581
3,979
9,3167
5,3656
7,2446
1,326
4,18454
5,1922
1,526
1,368
4,1352
3,1046
3,1343
2,741
8,2697
3,1188
1,404
5,1878
7,2493
3,2527
1,321
4,1276
5,1773
2,782
1,483
10,3317
7,4434
7,2589
3,3279
10,3240
7,2517
3,4365
9,2930
3,1255
2,843
1,403
6,2115
1,3732
2,757
5,1307
5,1791
10,3558
8,15543
8,17450
3,1095
7,2595
2,788
4,1555
1,495
2,987
1,304
4,1321
5,4185
6,1988
5,3424
1,415
8,2592
1,462
1,625
8,2973
5,1916
4,1625
10,3502
2,909
4,1661
1,254
4,1434
9,3319
4,1446
1,463
1,492
8,5378
10,3313
4,1606
5,11326
7,2625
4,4677
10,3290
3,1039
5,1872
1,254
5,3887
9,3457
5,1703
8,2261
1,526
10,2952
10,3318
3,1199
8,5718
3,1007
5,1691
1,484
7,2497
3,1036
1,240
10,3061
9,2957
9,3629
9,3221
1,433
5,1862
5,1957
8,2713
1,533
1,478
5,1625
1,396
7,2475
3,987
1,294
8,2743
1,602
10,4273
9,3392
1,428
3,1256
3,1025
8,3019
1,375
3,1159
7,2324
6,4933
5,1971
10,3193
1,261
6,2241
4,5707
9,3667
1,590
5,2022
8,2380
3,1188
10,3407
6,2133
2,988
8,2406
5,1679
7,2446
10,3245
5,1225
4,1525
1,382
10,3809
3,1354
1,525
4,1375
1,356
10,15795
2,714
4,1683
10,3260
1,525
3,1104
6,2028
4,1699
10,3059
1,362
4,1381
1,456
1,537
1,615
8,2531
3,1282
2,697
5,1904
3,1268
1,449
1,512
5,1638
10,3427
6,2041
3,902
6,2335
5,7779
1,488
1,396
8,2679
8,11226
4,1614
4,1576
5,1866
1,432
3,1150
8,10247
10,3541
6,1961
1,481
5,1912
4,1427
1,406
6,2052
1,468
7,2495
5,2038
3,1855
8,3287
1,396
4,1562
8,3255
8,2517
1,501
6,2286
1,612
5,2140
1,387
2,938
5,9902
7,51043
9,3223
7,2867
3,1477
1,430
5,1974
4,12580
5,4159
1,547
7,2492
1,402
1,616
3,1214
6,1837
1,477
3,1114
10,5432
10,3886
1,817
1,529
4,1468
1,500
10,8164
5,1817
1,394
1,483
1,649
6,2058
9,3476
1,532
5,1614
4,1298
8,2970
8,2387
1,495
5,1844
6,2331
10,3207
1,389
1,447
1,443
1,646
6,2404
5,2344
1,437
2,847
10,24568
3,1221
1,499
1,349
3,1363
1,453
6,2446
4,1397
5,1997
1,405
1,597
5,1876
10,3477
1,500
1,674
10,3357
10,3758
2,802
1,403
7,2463
2,853
2,1180
1,397
5,1718
1,1361
1,429
10,2989
4,1589
1,804
1,525
6,2158
1,529
2,912
10,2731
10,3735
5,2096
9,2359
2,935
4,65217
1,638
1,459
8,1952
10,3432
1,428
1,520
1,519
5,1984
6,1852
3,1380
10,3420
9,3087
7,1947
1,540
1,548
4,2960
1,4391
7,2500
9,31927
1,385
1,542
5,1775
1,479
4,1619
6,1705
3,955
9,3087
10,2639
1,425
3,902
1,575
9,103277
10,3402
1,400
10,3373
1,484
1,469
1,492
9,3109
5,1812
5,6589
10,8508
6,2410
1,538
7,2245
1,402
1,680
4,1690
5,1655
1,491
1,529
1,643
1,524
5,5957
4,1517
5,1724
4,1488
10,7225
1,355
1,349
1,290
1,596
4,2941
1,554
1,331
1,411
1,429
5,5656
10,3329
10,3386
5,1785
1,621
1,615
1,362
10,6567
1,264
7,31434
2,954
1,511
6,2010
1,376
1,500
1,490
6,2164
8,2585
3,1180
1,4644
10,4432
1,409
3,2127
4,1520
3,967
4,1069
1,409
2,647
1,315
1,293
3,1216
10,4483
7,2434
8,2486
10,3736
10,2726
6,1850
1,434
3,1079
5,23895
2,771
1,1195
2,843
1,512
1,571
8,2706
10,3349
4,1411
1,493
1,432
3,1151
3,1083
1,400
6,3688
1,374
3,995
1,584
4,1471
1,599
1,282
1,442
4,1324
5,1837
1,449
1,487
4,1320
5,1579
7,2251
6,2283
7,2367
4,1254
1,431
10,3628
1,367
1,326
1,459
5,1670
6,2154
8,6725
10,30669
1,491
10,3568
7,2731
8,2721
1,356
5,1728
1,419
9,3084
3,1320
1,284
8,3106
1,409
2,798
1,545
5,2926
1,275
1,409
1,477
10,3316
1,337
10,3236
1,424
4,1328
1,443
8,2041
1,555
1,435
5,1691
6,5572
1,413
1,250
10,2417
2,808
10,3410
7,10858
1,261
1,419
6,2057
6,2471
4,1515
1,590
1,440
4,994
1,400
1,504
1,270
5,1833
1,13089
6,1977
1,18442
6,2368
1,344
10,24979
4,1523
6,1826
1,472
6,6077
4,1045
1,403
1,300
1,416
7,1911
7,2297
7,2381
1,355
8,2245
4,1487
4,1348
9,2600
6,5809
1,526
1,393
10,6304
1,383
1,367
1,2653
9,2769
1,493
4,5698
10,14190
6,1935
5,1786
4,1689
5,11978
4,1394
1,510
1,451
1,535
1,629
1,336
1,506
5,1315
5,11935
2,856
3,16570
7,2183
6,2138
6,2143
9,3240
5,1572
10,3273
1,395
10,3758
1,415
1,386
1,517
10,2862
1,340
4,1324
2,785
5,1541
4,1062
5,1244
8,2434
2,808
2,892
1,417
10,3645
1,361
10,2993
1,303
10,3802
1,678
5,1814
5,1781
9,2370
10,3439
4,1511
4,1361
10,3769
2,1707
1,333
6,2240
1,352
1,320
1,300
10,3225
1,477
4,1098
7,2246
1,608
8,1998
8,2212
6,2280
4,1737
4,1215
1,393
5,2083
1,675
4,1670
4,1047
8,2021
3,1277
10,3451
3,1138
1,512
6,2169
10,3689
1,435
4,1591
5,2005
1,295
6,2308
1,664
4,1719
3,831
7,2496
2,885
6,1483
1,509
1,374
10,7427
6,1462
5,1631
6,1958
9,3120
3,1158
9,2177
2,960
6,2338
10,7263
10,3953
2,2503
10,3451
2,797
1,419
4,1507
10,14399
4,1476
6,2005
10,4783
4,1374
1,389
2,691
5,2490
6,2122
5,1834
4,1547
10,2236
2,992
1,334
5,2270
6,2126
1,335
5,1502
10,11432
4,1485
1,267
4,1183
10,3282
10,3339
10,3544
3,1265
10,2791
4,2304
1,292
6,2563
4,1401
6,2207
3,1247
6,2269
4,1387
1,651
4,1258
10,3464
7,2498
3,1000
8,2922
5,1435
4,2294
1,347
2,986
5,2322
4,1578
4,1804
5,1866
5,1664
1,410
5,1733
6,2326
6,1953
2,3227
7,4654
6,1589
3,10701
1,275
10,2414
6,2610
6,2896
5,1469
6,2159
8,2669
1,435
9,3122
4,1674
10,3414
1,574
10,9001
1,475
7,44062
1,329
4,1669
1,707
4,1411
4,1255
6,2107
10,3154
1,414
10,7426
6,2188
4,1156
1,400
8,3232
1,357
10,35872
1,295
4,1222
1,571
4,1409
10,3417
5,1173
7,2482
1,435
10,3364
5,1795
10,3540
1,459
3,1240
1,705
8,32009
8,2586
5,1626
1,420
10,3562
1,459
4,849
6,2032
1,312
6,2076
4,1468
4,1665
1,587
8,2815
1,535
1,24988
5,1628
10,2475
1,645
8,2618
10,2433
4,1282
6,2091
1,384
5,1745
5,2421
4,1763
1,329
10,4384
1,390
10,18511
4,1557
1,443
1,371
10,4196
6,1873
8,2505
5,1956
1,430
6,2118
1,491
1,464
1,413
5,6041
1,398
3,10944
10,2388
6,2514
1,653
4,1350
7,2108
10,3291
2,746
5,1678
4,1397
4,1521
7,2331
1,378
1,412
1,359
8,28389
10,3623
10,3253
1,502
6,2117
5,1744
10,3284
3,1166
10,2430
6,5424
10,3605
6,2142
7,2580
2,766
1,268
5,2173
2,887
6,2043
1,465
6,2179
6,2121
4,3632
4,1240
4,1736
5,1665
1,406
9,3010
1,458
1,396
1,364
8,3759
5,1546
5,1345
2,800
6,20498
9,2373
4,1504
5,1797
10,3032
6,1572
10,2456
10,3321
1,269
8,4385
1,369
3,1116
10,2874
9,2145
4,1552
2,865
5,2258
6,2066
4,1241
10,3661
10,3434
6,1400
6,1933
1,328
1,428
10,4020
1,365
6,2063
1,544
1,432
1,499
1,380
1,521
10,2217
8,2121
8,2158
5,1880
5,1915
3,1171
1,517
5,1519
1,702
10,3187
1,305
1,398
1,416
1,401
6,2048
1,377
10,2821
10,2275
9,2669
3,1030
6,1880
1,526
10,2636
8,2814
7,1594
1,360
5,1501
1,410
1,403
5,1631
10,2151
5,1689
4,1482
6,2277
1,588
10,3553
1,569
4,1183
1,432
3,704
1,376
3,1615
1,290
1,370
1,331
6,2301
6,2431
4,1292
9,2820
1,621
10,3311
1,705
10,2961
1,439
6,1602
1,466
6,2042
1,269
1,399
1,421
7,2474
2,821
6,2172
1,338
1,455
9,2153
1,596
5,1664
1,523
10,3336
1,351
10,3346
1,322
1,393
2,704
5,2000
7,2161
4,1267
1,240
1,713
10,2878
1,486
10,2982
1,371
10,2546
1,290
1,418
1,274
1,409
1,438
6,2329
10,3484
5,1886
1,261
1,582
4,1611
1,718
10,3107
1,568
10,3302
1,307
10,2181
1,269
1,386
1,358
9,2596
10,4080
1,591
1,327
1,825
1,509
1,592
6,2066
1,373
9,2140
1,275
5,3182
1,294
1,288
1,438
1,528
10,3291
2,881
1,259
1,589
4,1567
1,599
7,1999
1,355
3,937
1,352
7,1968
1,338
1,469
1,528
1,341
9,2117
1,609
1,429
1,608
10,3712
2,953
10,3186
1,526
7,1516
5,1339
9,2485
4,1148
5,1172
3,1312
1,311
10,2449
1,675
1,274
1,601
10,5637
6,2170
10,3145
2,1367
4,1160
10,3446
5,1770
5,1305
10,3036
1,245
10,3537
10,2614
1,757
1,399
4,1461
6,5020
5,1923
10,2793
6,2358
1,416
10,2696
10,2113
10,2684
4,1422
1,354
1,969
3,710
1,435
1,307
1,486
8,2768
9,3828
3,842
2,746
1,498
8,2496
4,1226
6,1277
10,3801
1,320
1,330
1,403
1,302
1,391
1,661
10,3843
10,3768
10,2775
4,1706
1,442
10,3440
10,3060
6,1576
10,3243
4,1499
1,375
1,679
1,700
10,2611
1,619
6,2377
10,3319
10,2197
5,2080
1,445
5,1937
8,2322
10,3091
8,2982
4,1384
1,323
1,556
1,393
10,3261
3,1197
10,3597
10,6191
10,3264
10,3808
1,530
10,3168
10,3230
10,2620
10,2848
5,1414
1,241
1,648
10,3759
10,3980
7,2526
4,1539
4,1604
1,513
10,3737
1,396
10,3624
5,1276
5,1527
6,1629
7,1951
1,322
1,465
1,427
10,3445
2,1052
1,682
5,1937
1,364
4,1511
1,268
2,757
10,3263
4,1533
2,803
1,348
1,362
1,399
1,385
8,2431
1,552
2,1049
3,1135
1,314
10,5458
1,487
10,3747
10,2482
10,2856
7,1677
10,2938
5,1292
1,396
4,1210
10,2077
3,1137
1,477
4,1717
1,452
6,2064
1,372
7,2587
6,1568
5,1513
6,4934
6,1812
4,1056
1,441
4,1010
10,3517
1,551
1,612
7,2438
1,545
5,1848
1,282
10,3292
2,950
7,2191
10,3459
6,2248
10,2173
1,433
5,1569
2,832
3,1399
1,593
6,2151
1,417
4,1459
1,338
10,4717
1,420
10,2863
10,3228
5,1523
10,2940
1,427
1,390
7,2618
8,1911
1,446
5,1336
1,524
6,2543
6,1610
10,3254
1,397
8,2927
10,3427
9,2993
8,2688
1,326
10,2239
10,2601
7,2035
1,650
4,1443
1,380
4,1558
4,1129
9,2753
1,529
10,2207
9,2004
5,1331
5,1565
4,1218
6,1962
3,1304
8,3075
1,857
10,3428
10,3131
5,2013
4,1066
3,1025
1,347
10,3335
10,2976
10,2593
10,3590
10,2738
5,2037
10,2801
1,633
1,777
8,1851
1,252
6,9858
10,3811
10,2541
1,506
5,1927
3,816
8,2731
6,2137
4,1164
6,2355
10,2464
9,7820
1,573
6,2164
1,297
10,5713
4,1659
1,484
1,370
10,3472
4,1278
7,2365
2,780
6,2491
9,2284
9,3247
9,2551
1,615
10,3346
4,1252
8,3016
6,2175
1,511
1,349
3,755
1,501
10,3101
7,2518
10,5639
5,1510
10,2212
7,6799
10,3687
4,1542
4,1025
10,3509
10,3682
1,335
1,486
2,930
1,449
10,3085
6,2143
10,3688
10,3067
3,730
2,849
1,619
6,2489
10,3653
6,1901
6,2236
1,271
1,352
1,558
4,2167
5,1603
10,3089
6,2353
10,3699
7,1669
8,2209
4,1543
5,2133
10,3282
4,3743
10,12884
1,391
1,356
1,641
1,328
10,2547
10,2385
10,3539
7,2454
1,571
10,2411
7,2508
1,533
6,1381
6,2173
1,443
1,333
10,2815
1,585
1,394
10,3333
10,2407
6,2285
8,2082
1,474
1,604
4,1523
1,449
10,2762
4,4547
3,1156
1,658
10,2886
1,420
1,366
2,851
9,1891
4,8332
10,4059
1,446
1,543
9,3189
2,1012
10,6279
1,488
3,3689
1,376
6,1966
1,396
1,382
3,902
10,3293
4,1367
5,2023
1,588
7,2548
6,2210
1,467
6,2537
1,618
4,1459
1,386
10,2860
1,424
1,292
1,380
3,852
3,1026
10,2609
1,507
10,2521
3,1884
1,474
4,1615
1,572
7,2541
1,380
9,2380
1,363
1,395
1,436
4,1173
7,2371
10,3449
1,610
9,3248
5,1278
1,331
3,1102
5,1971
4,1240
1,447
10,2983
1,342
1,387
1,348
1,658
4,1581
3,1065
1,671
9,3406
6,2212
1,387
2,948
1,396
10,3701
4,1270
4,1099
1,283
1,385
1,447
1,389
9,8364
2,628
1,406
3,1182
1,456
1,492
7,2511
2,895
7,2422
6,2234
1,416
1,658
1,687
1,361
1,381
5,1935
1,727
1,471
10,2523
4,1581
1,364
9,3769
1,631
7,2393
10,3304
4,1450
7,1642
6,1514
1,384
1,285
6,2618
1,478
1,434
10,14744
1,601
1,465
10,4061
1,1660
6,1940
10,3498
4,1434
10,3384
4,1593
1,300
1,438
10,11343
1,449
1,336
1,277
2,695
1,470
7,2718
1,456
5,1169
6,2228
6,1854
10,3369
10,3295
1,390
10,3218
7,2471
1,355
10,2818
1,598
3,1141
4,1512
5,1745
1,463
3,1084
10,10282
10,3277
10,3078
10,3454
1,382
1,381
3,1750
1,341
10,3652
1,384
1,591
5,1820
6,2090
1,393
6,2215
10,3292
10,8164
10,3354
6,5468
1,343
1,507
6,1727
1,497
10,6755
1,496
3,1590
4,1516
3,996
1,398
1,941
10,3468
6,1977
3,774
10,3665
6,2282
1,470
1,501
1,446
6,2089
1,434
9,2276
10,3593
8,2185
4,1566
1,418
4,1673
10,3678
10,3391
10,3583
7,1721
1,379
1,453
1,569
10,3190
1,451
10,3286
1,460
1,407
4,1562
10,6769
9,3114
10,3323
10,3168
6,2496
4,1446
1,361
1,627
1,532
10,2507
1,505
8,2970
6,2148
1,542
3,1463
1,509
3,1285
6,2088
4,1029
4,1549
10,2930
1,338
1,398
1,474
10,3544
1,583
1,325
5,1848
3,1335
10,3208
1,554
4,2070
4,1507
8,2945
1,488
10,3732
4,1441
1,597
10,3158
4,1724
1,441
7,2359
10,3255
1,477
1,436
1,376
7,2718
1,543
10,8286
4,1447
9,2029
3,848
1,677
7,1964
4,1736
1,620
9,3064
6,2048
1,418
10,3378
1,627
1,554
1,520
10,3239
3,1015
10,3354
10,2514
1,591
10,3230
3,1294
1,637
1,458
9,2708
1,419
6,1776
1,722
4,1393
1,470
6,7620
7,2310
3,1078
6,1775
1,722
10,2991
7,2869
2,801
7,2730
4,1692
1,479
6,1889
1,554
10,3501
3,1038
10,3685
4,1611
1,484
10,3627
1,782
9,2722
3,10604
9,5048
1,571
5,1436
5,1571
7,2552
4,2913
7,3311
1,2306
6,2132
9,2985
4,1262
6,2622
1,702
10,2451
4,1915
9,8412
1,360
10,2389
1,388
9,2031
1,457
5,1884
1,464
10,3156
10,3374
10,3520
10,3272
5,1788
3,879
5,2195
3,1218
1,380
6,1406
1,332
5,1747
1,486
6,2180
1,590
2,733
7,2541
6,2322
7,2589
1,537
1,510
10,4926
5,1951
1,390
10,2818
1,861
10,2859
1,400
3,1164
1,515
4,1528
5,1690
8,2804
4,1375
1,420
4,1190
3,1490
8,2794
1,484
8,2882
1,329
7,2701
1,369
6,1686
1,412
1,652
3,1104
10,3418
1,485
10,2693
10,2763
7,3978
6,2206
1,326
10,3357
1,275
10,3753
3,853
1,629
1,438
1,508
6,14569
6,2132
4,1135
2,1036
8,2651
7,4461
1,665
1,324
10,3465
1,566
10,3648
5,2025
1,489
1,561
1,560
6,2233
10,8487
3,1132
3,1546
6,3115
6,18501
1,650
1,269
5,1772
3,983
8,2424
9,2708
1,567
10,5937
1,641
1,490
10,2789
7,2229
5,2017
10,2181
1,3917
2,714
1,318
10,2169
5,3514
10,2362
3,1150
1,851
4,1612
1,685
1,687
4,928
4,1520
1,1022
10,2150
6,3394
3,1078
1,502
2,871
7,2096
5,1312
8,2429
1,587
1,482
1,499
1,320
10,3887
9,2999
8,2072
6,2338
1,41260
3,1246
1,563
1,736
3,1015
10,2295
10,3032
1,562
7,2721
1,477
1,576
2,564
10,3224
1,590
10,3496
5,22895
3,1270
8,2058
1,488
8,1915
3,889
7,2288
1,535
7,2484
1,546
1,899
1,410
6,2007
8,3016
10,3483
1,481
2,935
9,2636
1,487
1,454
2,780
1,386
5,2598
4,1507
1,422
1,483
1,545
3,1157
5,1844
2,940
9,3421
2,866
1,462
1,399
7,2398
1,371
5,1700
1,414
9,2841
1,400
1,655
1,546
7,2301
7,2647
4,1186
1,461
1,675
10,2815
1,664
10,5962
1,430
7,2747
1,404
6,2056
4,1427
1,436
1,492
5,1577
9,7309
1,334
1,437
5,1800
10,3813
1,509
7,2591
1,385
2,977
1,405
5,1778
7,2321
1,642
1,486
6,2037
2,1120
1,774
1,432
5,1683
10,3032
1,490
5,1683
1,317
8,2747
1,453
3,1027
6,2036
1,406
1,509
1,470
8,2455
1,584
3,1356
8,2926
9,3408
1,264
2,677
1,274
1,421
3,1097
6,2093
9,3010
1,585
1,2000
3,1265
2,896
1,532
1,397
10,3326
10,29779
1,313
8,1912
1,260
1,313
1,538
1,385
5,1710
4,1808
1,1742
1,392
1,401
7,13714
1,406
10,3274
8,2969
1,259
1,393
1,400
7,2124
5,1906
4,1546
6,2063
1,475
1,561
1,480
7,2327
1,478
1,470
10,3247
2,987
7,2823
1,696
1,357
10,2318
3,858
1,486
4,1552
1,497
1,657
1,595
10,3390
1,582
5,2051
5,1822
9,4002
10,3371
7,1797
1,290
10,2152
8,2689
3,1175
3,980
3,1160
1,505
1,511
10,3253
1,386
1,684
9,3109
5,2121
10,2340
10,2502
1,325
10,2677
10,3586
5,1788
10,34827
5,1434
3,1107
1,504
10,3938
3,1082
1,598
2,855
4,1553
10,3688
9,2649
7,1828
10,3466
1,375
1,753
1,607
1,495
4,1383
4,1602
3,2423
4,10929
1,528
3,1271
3,1036
9,3099
10,3379
10,3438
9,3129
7,4972
3,1191
5,2103
3,1399
5,1725
1,456
10,5651
1,660
3,1211
5,2083
2,854
3,944
9,2935
6,1568
9,2974
5,1923
3,1207
5,1752
3,1052
4,1715
1,487
9,2924
3,1083
4,1622
1,3818
9,3051
10,3559
10,13861
10,2601
3,1096
7,4416
9,2706
1,483
8,2312
6,2068
1,364
8,14936
1,390
1,544
1,510
5,1612
1,513
10,3361
9,2215
1,540
9,11808
10,3131
3,1315
10,3360
10,3273
1,387
1,596
1,502
7,2823
1,584
1,617
4,1522
3,2678
10,2923
1,437
2,847
1,512
5,1607
7,2547
7,3588
1,504
1,472
4,1474
9,3248
1,520
1,358
4,1103
1,501
3,829
1,519
8,2100
7,2475
1,551
5,1520
9,6957
1,260
1,398
9,3204
5,1962
1,576
5,1730
6,2281
1,613
4,899
1,456
10,3258
5,1598
3,1101
9,3358
6,1618
2,686
1,422
10,3449
6,2293
5,1959
10,7955
10,3379
1,692
1,391
1,434
1,516
9,3431
3,1205
7,2128
1,321
7,2156
1,35338
7,5935
7,6800
1,509
3,1062
6,2196
1,440
4,1488
1,485
1,364
7,2369
8,2067
7,2145
4,1511
2,989
1,466
1,283
9,10343
1,460
10,15611
10,3286
9,2993
10,3409
1,444
9,2866
1,621
1,539
1,521
1,396
5,1986
3,893
6,2703
1,521
1,382
3,1309
10,3495
1,634
8,2691
1,498
10,2391
7,2457
10,3998
1,429
3,1023
1,899
1,550
6,1514
1,507
1,486
1,500
10,3101
1,19820
10,3333
1,565
10,3633
1,513
7,3491
10,3195
1,490
8,2575
1,591
1,490
9,2416
1,502
1,541
6,2138
1,504
6,2018
1,657
10,4290
1,362
2,825
10,2247
5,1590
8,2701
4,1444
2,793
10,3609
2,838
6,2106
10,3287
1,3011
10,4529
1,591
1,466
1,333
7,3236
10,2566
3,708
1,440
2,706
3,1196
10,2986
1,569
1,423
4,1430
9,2970
6,6352
2,868
9,6649
1,390
9,4623
10,2837
3,792
8,3717
1,367
5,1582
10,2892
3,1379
1,378
1,509
4,1376
10,3507
9,5936
9,6048
1,418
1,365
9,3508
8,1732
5,1740
8,2547
3,1217
9,3277
3,1165
1,530
1,473
3,3519
4,1738
3,2843
1,875
1,405
7,3658
9,3031
1,453
9,3057
9,9541
1,435
9,3303
5,1919
5,2557
1,559
1,314
1,506
9,20280
1,615
1,328
1,375
10,6804
7,2152
2,800
8,4910
9,2297
10,3521
4,1553
1,466
1,554
5,1533
2,817
4,4742
1,782
1,281
1,627
1,566
10,3417
8,2417
1,478
4,1503
1,430
10,3477
1,406
1,544
9,16519
1,532
3,32905
1,659
1,262
1,397
1,513
1,519
1,513
1,498
10,2177
1,758
5,1781
1,751
1,600
8,2569
1,429
5,10724
1,538
1,314
1,321
1,557
2,836
1,1409
9,30487
1,276
1,629
6,2327
1,440
1,527
1,505
1,545
1,516
1,624
8,2129
1,613
1,623
7,2247
7,2731
2,822
7,2706
1,654
7,2932
1,576
1,584
1,83181
1,517
3,1212
1,660
1,559
1,418
1,709
1,359
10,2663
1,392
5,2313
1,594
7,2693
2,880
1,462
1,434
1,546
2,772
1,13750
10,2449
1,277
1,642
5,1733
10,3656
3,1167
7,2663
1,590
6,2311
1,567
1,443
2,18043
1,357
8,49236
1,483
10,2309
1,390
9,4096
7,2456
10,42921
2,681
1,403
1,500
5,1687
5,5689
4,1664
3,1026
1,756
6,2178
1,538
10,2358
8,2080
1,1251
1,318
9,36562
6,3069
1,2775
1,555
3,1282
2,692
3,1097
6,2285
1,813
2,1607
1,571
10,2978
1,592
1,1108
9,4699
3,994
5,1573
4,1587
1,652
5,2272
5,2604
7,2743
5,1871
1,683
3,1423
9,3071
10,2788
1,448
1,567
1,481
9,2831
2,994
9,8785
1,628
7,3077
10,12923
4,1636
5,1667
3,1218
1,647
2,821
9,3152
1,339
1,556
1,366
10,3920
2,802
1,560
1,884
1,729
10,15130
7,7073
2,630
10,3724
2,1604
9,9278
1,505
5,1833
1,33852
1,278
1,714
5,15887
1,339
1,505
2,1111
5,1792
10,8247
2,836
1,513
5,2167
3,1297
9,3559
10,2452
1,545
1,278
1,674
10,28119
1,353
9,3301
1,379
2,883
6,3109
1,14952
7,2307
5,19389
8,2617
4,1597
10,3292
9,3550
1,352
1,636
10,37144
1,378
5,1808
1,499
9,2933
5,4797
1,1478
4,1516
10,39837
9,2963
9,3255
10,4584
9,2937
1,302
1,604
10,7816
1,360
10,16559
3,1193
8,2915
3,1109
10,19375
9,3325
10,35111
5,1670
2,32895
9,3648
3,1128
1,358
1,573
1,567
1,355
2,908
9,3088
3,8039
6,2083
10,18397
7,2808
10,47606
3,1319
3,32168
9,3538
2,666
8,2662
5,1547
3,1156
1,342
5,1913
6,2379
5,2040
3,1120
5,1782
10,3784
1,458
1,428
5,1686
5,1983
5,1572
10,2282
1,594
5,1827
8,2260
9,15603
6,2267
2,878
5,2195
9,6922
5,1739
9,3207
1,553
1,414
1,617
4,1602
1,533
1,476
5,1894
1,406
3,1924
7,2358
1,603
1,484
2,766
3,1332
5,1600
2,1029
1,439
9,3323
1,679
1,496
1,336
10,3981
1,272
1,599
8,5212
5,1668
3,991
8,4704
1,497
2,618
3,1205
3,1040
2,846
3,1315
10,2530
1,503
1,453
10,2746
3,1261
9,3035
5,1939
2,844
10,25983
6,33776
8,2575
4,1500
10,4684
9,3325
3,1308
10,2965
9,10864
8,13835
1,607
3,1274
1,540
3,1012
5,2930
5,14842
4,1662
2,862
2,954
9,52228
4,5723
6,2177
10,3720
9,13450
1,850
1,676
5,1810
1,678
4,1528
1,419
1,461
1,522
1,445
10,14072
1,527
9,16024
2,827
9,5923
1,558
5,2162
10,2206
2,914
1,904
5,1859
7,2207
1,487
3,1214
5,50765
5,5193
3,1164
3,1290
5,1735
9,2503
9,3178
1,2041
10,3610
1,700
1,515
10,3327
9,2557
5,1693
5,1882
5,1861
1,469
1,496
5,1688
2,651
1,621
2,811
1,736
10,2370
5,2027
2,913
9,10628
10,24795
1,364
1,428
1,506
1,2787
6,2149
8,6781
10,3530
9,65715
3,1055
2,954
9,3085
5,5853
1,403
5,8197
1,16981
1,396
3,1700
1,513
2,801
1,506
1,517
10,3793
2,59464
8,2620
3,9230
9,5367
2,892
1,515
7,21661
5,13727
1,406
3,1646
1,525
10,4184
1,484
1,880
5,1601
9,62000
1,383
1,569
1,8083
10,3467
4,1457
5,1902
1,372
1,465
9,2995
1,544
10,16608
1,517
3,1177
1,395
5,53184
3,1141
1,593
2,1005
10,3686
1,404
7,8263
8,17544
1,430
10,2933
1,529
5,1696
1,500
2,936
3,1188
9,52428
2,663
1,613
9,3907
10,3451
1,458
6,3068
7,28269
1,355
1,332
1,455
3,1152
1,1003
6,2388
5,1957
8,56322
2,656
1,798
9,4727
5,1957
1,441
1,534
9,3925
1,480
7,7392
1,427
5,1724
1,394
1,536
2,1674
4,46006
1,220
4,2050
4,1797
9,3448
1,497
1,532
1,419
10,3161
5,1800
4,1596
2,898
1,496
3,1441
1,351
3,44851
1,278
5,2040
5,1955
3,1096
4,1509
1,427
1,418
1,460
7,2059
1,412
9,3175
1,427
1,634
10,5071
1,588
6,1956
1,1070
3,995
2,928
1,525
1,465
1,481
1,446
7,2301
5,1814
1,458
10,3306
1,570
10,5678
1,349
3,4174
5,2056
2,754
5,1696
4,1634
5,2240
1,301
5,2382
9,3187
2,924
8,2604
2,829
1,582
1,302
1,333
1,419
5,1713
8,8390
1,614
7,1843
1,1498
1,341
3,1308
1,449
3,1345
1,726
1,512
1,575
1,429
3,970
1,484
7,4810
1,680
8,2919
6,1581
1,507
1,265
5,2107
1,996
6,2376
1,649
2,783
5,2082
1,2039
2,702
5,1781
3,5900
1,463
1,570
10,3585
3,1111
1,267
3,1138
1,447
5,1451
5,1827
5,1502
1,689
5,78449
3,1022
2,2659
10,3552
10,17949
1,727
9,8711
1,480
1,355
5,1743
1,542
7,2581
1,498
10,3308
1,1185
5,1586
1,359
10,3192
5,1819
3,1048
5,1828
10,2363
1,553
1,301
6,2202
1,511
5,1904
1,605
10,3324
2,933
8,23258
1,543
10,3283
6,1944
3,1127
1,861
9,3454
1,457
1,253
5,1673
1,423
5,2172
1,1245
5,1830
1,574
1,707
1,530
10,3278
7,2169
1,430
1,583
6,2025
4,1458
8,1835
5,1829
1,331
7,2009
1,491
3,1004
1,476
2,2559
1,536
5,1615
5,2745
6,2161
1,2534
3,825
1,429
1,599
7,2605
1,288
5,1633
2,782
2,10309
1,618
5,4188
6,2834
9,3856
5,1532
1,824
1,482
4,1591
1,433
1,378
7,6968
1,293
8,2884
1,536
8,25415
1,444
1,478
1,463
3,1056
1,591
1,518
1,430
1,510
2,1177
10,2194
3,1314
1,265
3,1301
1,560
9,41592
1,620
1,341
1,413
8,2527
2,1000
10,3293
2,812
10,2546
1,638
10,2662
5,2067
1,262
5,1906
1,552
5,1899
1,609
1,523
1,466
5,1769
1,609
1,320
1,1470
7,1654
6,2603
10,3762
1,887
8,2487
1,585
1,555
2,1475
5,1844
1,443
1,470
1,479
1,578
1,519
1,515
4,1155
6,49291
9,4611
2,952
1,387
2,884
5,3648
5,1905
10,3318
5,1771
1,393
1,482
6,2300
2,826
5,1860
4,1574
9,46619
9,3118
1,598
9,2852
1,593
5,2181
4,1687
9,3461
1,378
2,898
5,2077
9,2937
1,406
5,1880
3,856
4,1472
10,10978
7,2486
10,2209
1,505
4,1616
3,1119
10,5983
2,695
5,2063
1,627
5,1832
1,451
3,1079
10,3116
8,3188
1,725
6,2084
10,3444
7,3482
3,1036
5,5548
3,1279
5,1760
1,602
1,1500
9,3694
1,428
3,1155
3,3715
6,2038
4,1681
10,3202
10,3345
6,2205
5,6855
4,1667
5,2259
4,1553
5,2234
1,531
6,1956
1,382
4,1487
10,5127
7,2265
9,4145
6,2089
10,3281
9,3164
10,7065
10,3649
9,3195
3,981
2,17429
1,497
7,3732
10,14254
10,3970
6,2072
2,2362
2,732
8,3439
9,3944
8,7908
5,1882
5,1728
5,2653
10,3474
5,1787
2,756
1,478
2,683
5,2029
6,2018
1,555
9,2830
9,18028
1,417
6,1794
6,2034
5,2014
1,450
6,1994
10,3536
1,451
8,11450
10,3197
5,1845
7,2302
4,1556
9,19151
7,2358
1,636
7,1944
6,2226
7,2458
5,2170
5,1656
2,36273
1,398
4,5310
5,33488
7,4827
1,452
1,381
5,1658
3,934
9,3548
9,4850
7,3118
6,2258
5,2149
6,2396
10,53137
1,463
1,436
5,35960
7,2392
1,282
4,1765
3,1623
1,622
3,1404
3,1147
5,8402
7,8057
2,828
7,2302
3,36392
1,562
1,536
10,3272
7,23204
1,251
4,9957
6,2048
1,732
9,3420
1,522
1,561
6,2138
5,1916
8,2445
8,31079
7,2484
1,565
2,820
6,2060
1,367
4,3263
1,811
1,373
9,2948
1,494
5,1747
5,2329
3,1388
3,1209
5,67456
5,1925
1,581
5,1632
3,1230
1,405
7,2701
1,464
1,512
4,9580
4,1720
3,1070
1,620
3,1190
1,487
9,61394
5,1728
5,1833
3,1116
1,543
1,299
10,3583
3,1116
1,519
2,62426
1,620
1,568
1,581
5,1740
2,793
5,54990
4,1353
1,395
8,2735
2,940
1,278
9,3329
2,584
1,545
5,63350
1,605
9,2812
1,581
4,1506
1,409
2,770
4,1476
1,573
2,1026
1,476
1,373
10,3382
10,6997
2,1384
1,481
1,523
1,566
1,442
10,3596
1,563
5,1750
10,3203
1,535
1,499
1,622
1,355
6,2333
1,455
4,5523
1,458
1,519
1,419
1,470
5,1766
7,2394
2,1071
5,6253
2,673
5,1973
7,2545
1,364
6,2060
1,419
1,581
1,637
2,731
7,2710
5,2739
7,2341
9,3241
5,1684
5,1671
6,2447
3,1294
9,3031
4,1161
9,4104
1,526
1,541
3,1189
1,583
9,3049
3,1273
7,2599
6,2176
3,1137
3,1122
1,679
5,2065
6,2179
10,3352
6,2495
1,472
1,492
1,340
1,446
6,2192
1,515
7,2307
6,5856
4,1374
6,1946
4,1551
3,1249
8,2897
10,3286
1,549
1,404
1,482
3,1085
1,424
7,2351
1,701
5,5971
9,10103
5,5794
5,1800
1,383
4,1800
7,2840
10,7228
2,667
1,390
1,444
6,2461
1,695
9,2978
1,632
1,588
8,2880
10,3526
6,2187
1,603
5,6534
6,12232
10,3367
1,648
1,2059
4,1684
10,3441
1,507
3,1334
1,943
6,2605
1,428
7,8151
5,1668
4,1626
10,3794
9,3315
10,3288
1,549
1,732
4,1553
1,403
9,3036
6,2170
1,657
1,601
7,15646
1,435
1,498
4,1474
6,2445
1,378
10,3730
1,515
1,585
9,4904
1,473
4,1787
1,746
1,569
1,672
1,352
5,1855
2,787
4,1603
5,6582
3,1302
6,2515
1,475
4,1438
5,1890
1,582
4,1458
1,477
2,5324
1,526
1,396
1,524
1,357
9,3704
7,5489
1,389
10,2533
1,414
1,489
8,3026
1,558
5,1985
1,448
1,486
1,440
3,1004
5,8628
6,2050
10,3477
7,3247
1,585
10,3495
1,312
3,1184
6,2715
1,461
4,1616
4,1484
1,1380
1,433
1,484
8,2481
1,2714
10,18440
5,5274
1,669
10,2674
1,370
1,508
10,9476
1,537
7,2550
1,450
9,3173
3,1183
1,588
7,18525
9,3009
6,1689
6,5751
1,4071
9,2332
1,320
1,490
10,3395
1,458
10,3534
1,628
6,1983
5,4194
2,650
1,390
6,2181
6,2643
1,621
2,1087
9,2171
1,314
2,794
6,2450
1,584
1,461
1,644
9,7815
1,476
1,498
6,1903
8,2529
9,3276
1,838
4,1460
10,4219
1,323
4,1307
5,1774
2,863
10,2452
1,642
8,2849
1,569
1,383
1,429
7,6089
1,528
1,1250
5,1745
10,3377
10,2747
10,10169
2,728
5,1889
6,1746
1,559
6,2040
1,463
1,487
1,417
6,3893
8,2580
1,458
1,3318
1,511
8,2268
2,781
4,1752
2,771
5,1812
2,1102
7,3277
1,564
1,420
1,478
9,3069
2,699
5,1549
1,692
1,315
4,1238
5,1690
8,2342
5,1810
6,2075
1,429
4,4789
1,317
1,387
1,339
4,953
4,1228
1,309
1,562
1,586
3,975
9,3888
4,1283
5,1687
2,773
1,409
2,809
1,658
4,2859
3,1179
1,653
7,1650
3,1233
1,423
1,319
7,2402
8,6334
4,1584
10,26547
4,1257
1,593
4,1260
1,502
1,491
1,616
1,631
3,674
1,573
1,465
1,306
2,1098
10,50723
3,1075
10,27656
2,534
1,517
1,511
1,491
4,1482
5,1687
4,1628
2,1212
1,632
4,1504
1,336
6,2407
6,10495
10,3149
10,27011
8,2233
4,14210
1,568
9,3185
10,3196
1,365
1,384
10,3974
1,610
1,475
1,310
10,3465
3,11169
10,3292
5,24299
3,811
4,1287
4,1419
9,3109
1,480
1,549
1,581
10,3333
9,3197
1,560
1,282
7,1912
5,1824
2,754
2,22992
10,2373
4,1290
4,1189
6,9617
4,1381
1,471
2,967
8,2523
2,871
5,1888
1,419
3,1496
3,1222
10,2949
3,21704
10,3589
7,2510
6,2051
6,2147
5,1681
1,502
1,612
6,1854
1,358
4,1065
1,559
4,1136
2,836
6,2562
8,22395
2,710
6,2084
7,2572
7,2579
9,2960
7,2557
1,606
3,704
1,3252
6,2320
1,353
4,1064
5,1991
6,1570
5,25970
10,3631
9,3141
9,3894
9,3159
7,10072
1,433
1,625
7,1905
1,517
10,3044
1,433
10,2109
7,2639
7,2343
2,1068
6,2685
10,3256
10,6334
4,1543
10,10557
7,2545
1,672
1,420
1,480
7,2487
2,635
10,3292
3,1062
1,475
5,1969
8,2666
6,2173
10,3339
4,1442
6,2218
9,3159
1,451
1,286
7,2502
9,2911
8,2658
10,3128
3,1096
1,433
3,1236
7,1867
6,2249
6,2195
2,864
9,3215
9,3147
1,714
1,360
6,2175
6,2238
7,2525
10,5332
5,1594
1,300
3,1946
1,478
9,3475
9,5377
1,884
5,1593
5,5505
7,9571
1,296
8,2741
9,2553
10,5935
8,2650
4,1481
1,275
5,2482
1,514
1,501
6,1910
4,1471
2,856
2,662
1,4196
1,430
6,2072
4,1590
10,2309
10,2712
5,1844
1,281
5,1987
1,395
2,737
4,1547
1,500
1,478
6,1899
4,5104
1,393
9,30220
2,920
10,3573
6,1722
10,3444
1,248
4,1551
1,487
4,1711
1,696
6,2046
8,2977
3,970
1,827
1,400
3,968
1,511
10,3166
6,1555
5,1923
1,457
7,2725
1,427
4,1196
1,343
4,1717
4,1078
5,2162
4,1273
1,476
4,1397
7,2557
8,2944
2,778
7,2631
1,508
10,24742
1,336
7,2410
2,731
10,3780
4,1343
4,1536
4,1180
1,387
1,578
4,1210
3,876
1,596
5,1762
10,2532
5,4513
1,415
2,768
1,453
7,2394
10,3514
1,484
10,3360
1,372
4,2016
4,1180
2,654
1,321
1,340
1,333
5,2773
1,342
6,1456
1,361
9,4198
2,894
4,1217
2,996
10,3425
1,479
10,2347
10,2642
1,308
6,1940
1,284
7,8222
1,359
3,871
1,651
6,9493
10,3355
4,1405
9,3111
4,1022
4,1659
3,1769
8,2511
1,416
1,491
4,1461
7,10375
1,807
10,3487
1,523
10,3608
10,2968
5,1563
10,3377
10,2610
4,1447
10,3624
10,3351
1,422
1,437
10,2843
6,2508
4,1739
3,1122
1,528
6,2306
6,2124
8,1784
6,2794
10,3518
6,1681
10,3404
9,3026
1,394
1,403
10,3508
5,1899
10,2395
10,4122
1,502
9,2769
10,2856
10,3434
9,3423
10,3055
7,2332
6,1535
10,3606
1,288
7,2666
10,3445
1,450
4,963
8,3001
1,424
4,1625
6,1468
9,12217
6,2100
10,3371
9,3398
10,2920
10,3576
1,282
1,650
10,3299
3,973
10,3063
10,3802
1,595
2,795
1,529
10,2603
1,537
10,2520
10,11928
6,2457
2,729
1,291
1,604
10,2408
1,482
10,2520
7,2397
1,587
1,415
1,362
1,533
8,2498
6,1581
10,3343
1,464
1,466
1,366
5,1852
6,1645
1,473
10,3678
1,538
8,3074
1,429
1,307
1,360
4,1209
10,3781
6,2394
1,331
1,468
10,3340
1,2643
10,2686
1,421
10,3621
1,457
10,2814
1,448
1,284
6,1952
8,2210
3,1326
6,1950
1,315
1,343
10,3561
1,935
10,3465
1,363
6,1970
1,302
4,1174
1,426
1,354
1,332
2,869
10,2463
9,2937
1,308
1,377
10,2520
1,561
9,3498
1,404
6,1523
1,498
3,1302
1,604
1,317
1,332
10,5566
10,3230
4,1027
1,418
1,322
10,3236
1,610
8,2794
1,531
3,1326
1,502
7,2101
1,523
1,357
1,413
10,2673
8,2540
2,538
1,498
1,396
9,3372
1,497
10,2343
1,554
10,2820
1,542
10,2901
1,399
1,552
9,3106
10,2932
10,3342
8,2029
1,380
1,409
10,6185
1,479
10,3271
1,378
10,2258
1,402
2,1026
1,418
10,2563
2,2888
6,2042
10,3507
1,429
1,404
1,593
1,624
1,474
10,3051
1,4281
8,2999
1,387
6,2048
1,405
1,318
6,2163
10,3205
7,1864
1,566
1,393
1,656
6,2161
3,1311
1,397
1,316
10,3638
1,484
7,2066
1,661
1,448
1,327
2,806
2,867
1,446
1,385
1,512
7,2611
7,2710
2,777
1,790
10,3585
1,482
3,856
1,390
4,1564
5,3854
4,1019
1,559
1,328
10,3655
1,392
2,561
9,3387
1,611
1,481
7,2339
4,1467
4,1562
8,2430
4,959
1,314
1,493
1,359
1,386
4,1182
4,1617
7,2497
5,2309
1,395
1,402
10,6223
10,2424
4,1413
2,751
9,3406
1,467
1,410
1,378
1,334
4,1212
10,3782
8,2710
9,3035
1,416
7,2470
2,709
10,2697
10,3483
4,1122
10,3253
1,331
1,545
1,297
1,382
10,2688
9,3102
10,4495
7,2392
1,382
4,1911
1,604
10,3424
10,2714
3,836
9,2967
1,490
1,610
1,313
1,429
10,3344
10,3799
7,2310
3,1280
1,392
9,3409
1,479
10,8630
10,3752
2,1018
6,1938
1,428
1,428
1,425
1,393
10,2396
10,3364
10,3608
7,10034
1,387
9,3200
1,337
10,3615
10,3083
10,5002
10,2364
3,814
1,471
1,494
1,292
6,1602
10,3204
4,1689
2,847
1,475
9,3123
1,737
10,3121
10,3222
10,3977
6,1394
4,1894
1,397
1,286
1,347
6,1417
6,2162
3,905
10,7653
1,418
3,960
1,416
6,2265
10,3477
8,2887
1,416
7,1615
1,417
1,284
2,841
10,3478
10,24374
8,2020
5,1784
1,327
6,2044
1,467
10,2835
6,1948
6,1771
1,435
4,988
1,371
1,474
2,645
10,3652
1,431
3,902
1,492
1,335
7,2235
1,379
10,2806
6,1586
7,1740
10,3351
10,2749
1,536
10,2342
4,1046
5,1285
6,1838
3,963
5,1693
10,2078
2,820
1,374
3,1587
1,547
10,3576
5,1435
10,3765
6,2140
2,888
10,2377
10,2698
3,1057
2,529
4,1249
2,624
1,690
1,370
8,2514
1,369
4,1048
10,2860
10,3094
4,1334
10,3857
10,3552
9,2883
6,2126
1,631
4,1532
7,1594
1,634
1,301
10,3459
1,401
4,1250
9,3163
6,2199
10,2137
7,1900
8,3096
10,3293
4,1475
1,589
6,2123
10,3271
4,1279
6,1711
10,3730
1,417
10,3370
10,3291
6,1453
10,2650
10,2458
6,2156
10,2471
4,1408
1,363
9,3128
7,2305
4,1210
10,3135
10,3978
1,510
10,2822
10,3361
10,2785
10,3157
8,2541
10,7928
5,1530
10,3896
1,383
5,1854
10,2897
6,2488
2,681
7,4814
1,424
10,3297
10,3892
4,981
10,3137
10,2471
4,1736
10,2704
10,3217
1,583
10,3187
10,2929
7,2772
7,1831
2,904
1,420
10,3286
5,1475
10,2298
10,3015
8,2784
4,1009
1,468
7,2226
1,496
6,1834
3,1105
10,3624
10,3205
1,826
1,606
6,1945
1,495
9,2755
6,2033
3,927
10,2642
1,419
4,1038
1,565
6,1935
8,2191
9,3136
7,2383
1,432
1,297
10,3073
1,545
10,5270
10,3378
2,881
10,2609
1,354
6,2391
1,463
9,3099
3,957
10,3409
9,2726
1,470
1,553
6,1863
1,522
10,5995
5,1542
10,3386
10,2496
1,588
1,514
1,604
1,552
8,2200
6,2036
4,1469
1,302
10,7577
1,471
1,374
10,11082
10,2981
5,1551
10,3186
1,428
1,606
1,354
4,1337
10,3196
9,3002
8,2140
1,330
10,4270
1,418
1,398
10,5507
10,2425
6,1996
10,2265
1,377
1,392
10,2831
1,485
6,1977
6,1916
3,776
1,416
10,2495
1,402
1,356
6,1602
10,3809
10,3028
6,1502
1,523
1,333
10,3559
1,397
10,3488
4,1482
1,373
1,354
9,2148
1,357
1,434
1,296
10,3803
10,2210
10,2663
1,514
1,674
10,3145
1,285
10,3314
2,474
3,919
1,405
10,3221
1,304
1,564
1,311
5,1329
10,3011
6,2035
1,600
1,441
9,2103
1,382
10,3446
1,591
10,2909
1,347
10,3469
1,265
1,513
1,12757
10,2527
5,1966
1,551
1,407
1,284
10,3683
1,575
2,608
1,525
5,1647
1,348
1,500
1,294
10,3591
1,7013
6,1997
4,1254
1,342
1,256
1,246
1,489
1,487
4,1519
1,463
6,1609
6,1659
6,1601
1,263
1,821
1,447
1,526
1,386
10,2251
7,2195
1,282
10,3427
1,382
1,481
1,412
10,2329
7,1731
2,631
1,297
1,422
1,265
1,564
1,391
1,339
6,1551
1,390
5,1737
1,395
1,327
1,339
10,2909
7,1823
10,2655
1,278
6,1384
1,367
1,341
1,342
1,265
2,749
6,1531
4,1681
1,327
1,469
1,300
10,3261
10,3230
10,3717
10,3948
2,576
1,265
1,362
1,306
1,300
3,1216
10,3525
10,3237
1,344
1,349
1,330
5,1307
10,2324
7,2005
3,1491
7,2771
1,241
1,404
1,257
1,282
10,3987
10,2791
10,3681
8,1957
1,330
1,293
4,1479
10,3151
10,2405
10,3221
8,2699
1,292
1,475
1,355
1,277
8,2340
7,2387
9,3557
3,847
1,396
1,327
10,3170
4,1665
10,3260
8,1990
10,5288
1,349
1,419
1,439
1,297
10,3113
10,2944
5,1319
10,2163
1,442
1,323
1,358
10,2567
10,3045
10,3592
4,1303
8,2857
1,444
1,467
1,343
4,1392
10,3390
10,3439
9,1861
1,324
1,260
1,300
3,882
4,1117
10,4084
10,3024
2,1203
1,391
1,280
1,431
10,2334
10,7901
10,10244
10,3166
1,441
8,1953
1,315
3,865
8,2811
7,2563
8,1875
10,3127
1,659
1,350
3,1137
8,2903
4,1761
10,12469
2,704
1,270
3,896
1,624
10,3072
3,1117
2,724
2,862
7,2991
4,1037
10,3553
10,2448
2,784
3,1321
6,2226
10,3666
10,2222
10,2253
1,460
5,2532
1,492
10,2563
3,1090
10,3646
2,814
10,3160
10,3309
4,1322
3,1208
1,547
7,2489
4,1265
10,2272
1,502
6,1790
1,305
6,2127
4,1739
7,2560
7,1782
4,1735
10,3284
8,2650
1,593
1,595
1,428
10,2241
10,4385
1,270
10,2925
1,262
2,884
10,2580
10,3637
7,2438
10,2871
10,3093
10,4004
1,516
1,586
4,1370
10,3301
2,3958
1,396
10,2545
1,246
7,2357
8,2220
10,3222
10,3298
10,6268
7,7003
10,2427
1,486
1,703
6,1843
10,3280
7,2434
1,426
10,2738
1,411
7,2600
10,2217
1,495
10,3283
9,3106
6,2205
10,2759
7,2470
1,548
10,2795
9,2800
10,2471
1,407
5,2520
1,540
10,2287
10,2647
10,2717
10,2444
10,4817
7,1641
10,2956
9,3181
1,475
10,3120
10,2359
4,992
5,1943
4,1546
1,363
10,3122
10,2394
1,428
3,1139
10,3268
2,504
6,1918
7,2376
1,380
10,2212
10,3294
4,1307
10,3050
1,528
1,380
10,3540
6,1309
1,332
8,2695
6,2158
7,2470
2,776
9,2948
1,448
10,3365
6,1833
10,3355
4,1430
1,363
1,382
4,3791
2,604
3,774
3,771
1,354
10,2579
1,643
1,357
1,425
10,3477
1,462
10,2396
10,2605
1,295
1,429
8,2092
1,526
1,249
4,1044
2,926
8,2396
1,376
10,3410
1,444
10,2288
3,2248
10,3360
10,3115
1,406
10,2390
3,1049
1,389
1,283
10,2193
7,2128
10,3388
1,329
10,3411
1,316
10,2464
6,1683
10,3600
10,3817
1,517
10,3100
3,914
1,436
1,383
10,2690
6,1863
4,1420
1,269
1,466
10,3664
1,503
7,1816
10,3384
9,2813
1,438
9,2300
1,626
1,393
1,503
10,3556
3,833
10,3312
1,376
1,430
6,2414
1,397
3,784
6,1849
5,1935
1,267
10,2477
1,423
1,334
3,966
10,3447
3,853
3,960
1,411
1,395
7,2238
1,313
10,2445
10,2630
6,2120
1,264
10,2807
1,718
1,323
1,543
10,3722
10,3888
8,2657
1,559
1,394
3,934
1,276
10,3355
6,1552
1,461
1,302
1,536
1,589
1,364
1,387
6,1953
10,4526
3,913
1,451
1,458
4,1140
1,271
10,3790
1,523
6,2686
1,505
5,1480
1,515
10,4055
1,342
5,1753
3,883
2,1098
1,508
1,396
4,1643
1,273
7,2465
1,390
3,1207
5,1265
4,1154
1,403
1,319
10,3433
1,497
8,2209
1,2375
1,448
1,384
10,3395
1,252
3,1468
1,312
3,992
10,2485
10,3559
1,428
1,373
6,2044
1,375
4,1269
1,319
6,2206
1,407
3,1230
1,321
4,1738
1,268
7,1711
6,2259
10,6826
1,405
1,436
2,980
1,395
7,2103
1,322
5,1469
1,437
7,5998
1,279
7,1784
1,259
6,2102
10,2960
6,2215
1,552
5,1311
4,1386
1,301
7,1611
1,322
4,980
1,563
6,2297
1,384
1,493
1,248
10,3527
10,3379
10,3357
1,362
10,3502
10,3790
1,369
1,348
1,430
4,1726
1,544
5,2011
10,2555
1,377
1,238
4,1699
5,1631
5,1836
5,2145
4,1589
8,2224
1,359
1,342
1,365
10,2843
2,720
6,1524
8,1857
1,331
1,264
7,1966
10,3509
10,3965
10,3642
10,12117
10,2249
1,396
1,256
1,460
10,3487
3,1223
10,2254
10,2147
1,384
1,258
10,2675
10,10618
10,15011
6,1750
10,2992
10,2226
1,412
1,234
10,3087
10,3397
10,3499
7,2708
10,3128
1,417
1,250
7,1912
4,1110
6,1970
10,3706
10,6895
10,3401
1,391
1,376
1,428
6,2182
3,992
10,3236
10,3341
1,359
10,3120
3,1046
6,2432
4,1125
10,2609
5,1797
4,1433
1,417
1,373
1,355
10,7228
7,2317
10,2684
10,3416
1,424
8,2370
4,1088
10,3529
1,585
5,1507
10,3168
10,3285
5,1217
1,365
1,394
5,16935
8,2662
9,2518
2,576
1,504
5,1244
1,426
3,1429
1,298
4,1184
6,1766
9,7720
8,2056
1,268
5,1547
2,920
2,719
10,3857
2,625
1,587
10,2166
1,353
4,1365
1,363
10,2472
1,534
10,3420
4,1686
1,280
10,2095
3,1291
4,1485
5,2040
8,2118
1,576
10,3469
1,273
7,2353
1,610
5,1857
6,2373
10,4401
6,2053
1,311
10,2280
6,2310
10,3492
4,1930
7,1998
10,2386
10,3536
1,1411
3,901
1,704
10,2157
7,2217
10,4514
10,10099
10,2391
10,3452
6,2071
9,8054
3,1797
10,2447
6,1471
2,868
1,291
6,1831
1,481
4,1643
3,759
10,3343
10,3334
6,1627
10,6243
10,2852
9,3532
1,749
7,1590
10,3648
5,1292
1,360
10,3213
1,385
8,2629
6,1663
6,1644
10,2980
10,3283
5,1125
10,3830
1,493
1,537
10,2999
10,3512
6,1551
1,286
3,1178
1,503
6,2062
9,2999
1,435
6,2073
10,2566
5,1277
8,2678
2,673
1,429
10,2731
7,2438
2,870
1,280
10,3346
1,499
10,3630
10,3462
1,432
2,545
7,2526
10,3537
7,1713
7,2404
1,393
10,2922
10,2245
6,1805
1,469
7,4228
1,457
10,3566
4,1436
1,461
4,1477
10,2565
4,1296
4,935
9,3034
1,587
10,3311
10,3257
10,3359
1,465
7,15703
10,3486
5,2282
3,1556
1,605
2,694
10,3458
10,2401
1,517
8,2992
1,455
3,825
4,1556
8,2691
10,13468
1,597
6,2122
10,3678
7,2017
1,538
6,2042
4,1567
9,2890
1,451
6,2164
10,3381
3,892
3,1362
10,3288
5,12102
4,1200
4,1104
6,2330
10,3089
1,426
3,1012
3,1310
10,2740
1,338
1,829
1,501
1,392
1,488
10,3347
6,1881
1,371
3,683
2,956
4,1179
2,703
10,4626
9,3564
10,2830
4,1173
9,3211
1,523
1,274
1,558
4,1248
10,2213
1,350
10,3374
4,1471
1,482
8,2776
10,3223
1,359
5,1687
1,381
3,1244
1,374
1,276
9,2975
10,2330
10,3178
1,445
4,985
1,598
1,426
9,3295
10,3415
1,352
10,3927
1,817
9,3228
1,297
1,294
8,2662
8,1785
9,2156
1,489
6,1773
1,663
1,392
1,323
4,1472
1,691
6,1961
1,375
6,1977
1,334
1,304
9,7966
4,1107
7,1663
1,400
7,1627
1,573
1,306
1,458
8,2611
3,1286
1,503
1,551
5,1625
1,392
1,248
10,3126
2,840
5,1947
1,752
5,1220
1,506
1,286
1,585
7,2310
1,584
1,601
1,402
1,599
9,3773
1,231
1,474
1,455
4,1547
1,363
6,1580
1,502
1,295
1,566
5,1495
7,2492
1,516
1,327
1,532
1,622
1,255
7,2225
1,405
1,495
1,443
10,3207
1,447
1,871
3,1118
1,490
9,27404
1,450
1,270
7,2593
3,1394
1,298
10,3096
1,848
3,1236
1,494
10,2976
1,384
10,2484
1,280
1,304
10,7485
7,1909
6,1765
10,3333
1,972
1,421
10,12217
1,489
1,506
5,1833
6,1897
1,423
1,369
1,378
1,299
2,2258
1,384
5,1724
4,1402
7,2708
6,1713
1,332
1,413
1,427
6,3039
10,2274
1,354
1,432
10,2728
1,436
10,39164
1,436
6,1760
6,2157
10,3444
10,3451
2,746
1,361
9,3082
10,3429
10,3637
1,308
1,305
10,4587
1,689
1,639
1,353
4,1673
1,529
7,2438
10,2630
1,324
1,320
3,1374
10,8696
10,3516
3,1250
5,1161
6,1898
1,509
9,74082
1,331
10,3442
5,1737
2,724
10,2743
2,631
1,286
1,467
10,3388
5,1634
7,2539
6,1416
7,2211
1,429
7,40487
1,411
10,2364
3,1249
9,53273
10,3247
1,481
1,297
7,2262
10,15856
4,1471
6,1996
10,2366
3,1076
1,414
1,423
1,407
5,1951
1,411
3,1345
4,1489
1,426
1,314
10,3387
5,13950
4,1657
3,833
9,2839
1,633
1,572
1,391
1,308
10,2655
1,572
1,542
4,1581
3,1123
9,3067
10,11632
10,3017
1,670
10,3168
10,2826
6,1804
1,431
8,6150
3,1122
10,3283
1,618
1,690
6,1918
1,704
4,1511
7,2310
4,1475
1,636
7,2155
5,4576
9,2747
5,2113
1,1240
6,1894
4,1601
1,614
3,1081
10,2499
1,347
10,2340
9,26928
1,645
1,616
3,1368
10,5312
10,3026
8,1818
1,378
3,1304
1,584
1,757
1,508
10,2573
1,336
10,2875
1,562
1,451
1,718
4,1543
4,1708
10,2360
6,1523
1,490
6,1328
1,576
1,445
4,1413
6,1759
1,406
10,2717
2,650
9,3213
1,520
7,2185
1,709
10,3614
10,7732
1,609
10,2799
3,1472
1,516
10,10781
10,2999
1,1021
1,510
1,534
7,2259
1,516
10,19569
1,446
7,2767
6,4719
1,473
7,2292
3,1195
1,1044
7,4363
10,3432
1,620
6,2525
10,20326
3,1208
1,442
10,2367
9,2865
4,1592
10,2708
1,467
4,1290
7,3007
1,566
9,7029
10,3959
1,361
5,1636
1,328
9,14400
1,364
5,1260
1,356
4,1719
10,8495
1,1060
10,8519
10,5817
3,1424
10,3954
10,8402
6,1964
4,1469
1,523
1,528
1,296
8,2628
3,1594
6,1517
2,837
1,2483
4,1431
9,3604
2,944
7,2498
10,3458
1,371
6,1874
1,412
10,15551
1,338
6,1405
10,7718
10,3116
4,1502
1,480
5,1404
7,2623
3,1300
1,562
4,1695
1,547
10,3795
1,369
7,2505
1,594
6,2185
7,2764
7,2572
4,1674
6,3516
6,1449
10,9493
4,1559
1,3135
1,920
4,4821
10,11814
1,368
1,361
1,536
10,2314
1,348
10,2423
1,629
3,1883
10,3310
1,725
10,3692
9,3293
1,745
8,18241
10,13105
1,325
10,4438
10,3395
2,3568
10,3259
10,5993
3,1226
2,905
10,3858
1,518
8,2833
1,405
1,418
9,4731
10,7861
1,386
10,6163
3,1111
5,4584
10,3180
10,2960
10,4047
4,18118
7,2064
9,3262
6,2166
6,2347
1,268
7,42077
5,1677
1,396
1,706
7,2303
10,26104
9,18605
10,3383
10,3776
9,10626
10,2525
10,3427
5,8120
1,416
1,398
10,14621
10,3457
4,1544
2,42458
9,3691
10,8379
1,488
10,3313
7,2466
4,1501
5,1371
10,6032
8,3209
9,3085
1,259
2,802
6,2060
1,458
1,566
10,3482
4,12970
7,2185
4,1502
10,3718
10,30275
10,3406
2,809
6,2333
1,378
1,461
9,7253
10,20299
6,2170
1,542
7,2508
4,1885
1,428
1,354
10,3901
7,2363
10,7540
7,3117
6,3513
1,587
1,497
9,3071
4,1289
1,487
1,528
2,669
1,673
1,508
1,514
3,1097
9,26687
4,1477
1,542
3,4854
5,1663
1,496
9,2873
1,803
1,567
1,493
10,3683
1,551
1,440
3,1149
1,651
6,2288
3,965
1,629
2,2904
1,543
1,709
3,955
1,590
4,4126
1,552
7,2466
1,20209
1,491
1,365
1,568
9,4314
9,3509
1,786
5,7384
9,3218
7,1771
2,988
1,605
9,3240
1,2511
1,506
1,446
1,420
1,558
7,2681
3,1240
1,359
1,528
1,421
1,1536
3,1130
5,1777
1,516
10,13414
1,534
3,873
1,309
1,382
1,404
7,3061
1,726
1,677
1,853
5,2032
1,634
6,1688
1,634
1,682
9,3581
1,685
9,3272
1,269
2,12845
1,433
10,10077
6,4169
1,598
1,659
1,952
1,592
10,2211
6,2383
1,604
6,10874
1,494
5,1826
1,259
1,512
1,520
1,498
5,2114
1,664
1,664
3,1493
1,508
10,4320
10,3439
1,579
10,14508
5,1386
1,360
1,348
1,526
1,548
1,732
1,519
1,616
1,388
5,2079
6,2165
10,3009
7,6830
1,581
9,3424
3,956
1,501
1,417
1,586
1,414
1,596
7,2529
1,537
8,2247
2,901
5,2608
3,966
10,4023
1,532
9,3464
8,2591
3,1178
1,328
1,359
1,606
1,458
6,2406
1,351
1,277
5,2606
7,2612
7,2210
8,3153
1,412
3,1112
2,713
8,2564
1,406
5,1710
1,485
1,263
10,3658
1,275
1,598
5,42602
1,550
4,1215
5,1808
2,743
5,1930
4,1357
1,430
9,3099
9,8551
1,390
1,455
4,1363
1,267
5,1773
4,35378
10,3785
6,1539
3,1397
2,772
2,736
10,3580
4,1428
1,445
1,447
10,3622
2,4018
9,3363
1,251
3,1119
1,632
4,1590
4,1585
1,515
7,2123
7,2563
9,2881
5,1676
1,531
3,2298
3,1160
1,481
5,1890
1,817
8,2661
1,503
9,3252
10,2328
1,477
6,1690
10,3270
5,1737
10,5376
9,2880
1,515
9,3110
2,985
1,557
1,543
2,1494
2,690
3,981
6,2153
1,445
10,2287
1,348
7,2692
9,2728
7,2404
4,1413
7,2226
1,438
3,1001
1,487
1,699
7,2151
3,1041
10,2831
1,514
10,2313
6,2195
2,856
7,2426
10,22033
10,3059
10,3308
9,5153
1,559
3,1164
4,1561
8,3214
3,1291
10,3008
3,1272
8,2244
8,7436
8,3684
2,823
10,5926
5,1598
10,3481
1,8406
1,339
9,2563
5,1857
1,364
3,1050
10,3238
1,470
3,946
10,3768
6,1830
1,571
2,641
7,2531
7,2158
1,309
1,503
7,22048
9,2969
5,2180
3,1306
10,3399
1,391
8,2151
1,639
7,2571
1,532
10,29506
9,3131
2,576
1,386
1,627
10,3198
7,2561
1,693
6,2185
10,3497
1,534
4,991
5,2212
3,5603
1,403
5,9483
6,1807
1,622
6,1854
1,521
10,3277
2,722
1,3618
4,1434
4,1651
1,465
5,1702
3,1253
9,7730
9,6655
5,1583
9,3508
1,501
3,1365
1,438
2,786
9,3105
6,6373
5,1722
1,515
1,531
6,2021
1,467
5,1982
1,491
1,310
9,3594
6,2001
8,2561
1,494
7,2180
6,2100
1,930
7,6764
1,659
1,573
6,1386
1,355
2,761
6,2185
1,322
3,1123
3,1151
4,2690
1,373
5,1906
9,8304
9,3323
6,2099
1,671
1,475
10,3227
1,536
3,1024
1,465
3,1577
5,1773
3,801
10,17567
1,421
1,551
3,1307
1,575
10,3366
1,690
3,1196
10,2835
1,617
1,397
9,3282
1,553
2,829
2,793
9,2970
1,389
1,425
5,1933
1,661
7,2731
1,399
3,749
10,3979
1,605
6,2182
1,413
8,3143
1,500
4,980
4,1349
10,3776
3,960
2,3149
1,471
4,1537
1,464
2,796
5,2108
1,590
10,19627
5,1861
4,4107
10,21242
10,3402
7,2440
3,1084
8,2668
1,569
1,611
6,2388
1,455
4,1830
10,3816
3,1243
1,575
1,430
9,7442
6,2011
1,435
6,2491
3,1390
1,357
10,3585
1,834
1,436
1,17401
6,1518
10,6990
1,477
10,4323
1,423
10,11168
10,17393
1,467
9,3937
3,1157
10,3272
6,2273
1,660
6,2025
1,459
5,1732
4,1721
1,428
5,1853
9,3216
9,3413
7,24477
1,425
9,11303
3,1297
4,1394
7,2848
7,2355
5,1772
9,2856
7,2774
4,1695
3,803
8,7267
1,361
2,718
1,383
9,4232
2,817
5,1848
5,1464
1,527
6,2123
1,561
1,674
6,1946
1,572
10,3811
1,370
1,543
7,2660
5,12349
1,597
5,1716
6,2140
9,2736
1,578
9,3275
1,561
1,468
8,2602
1,661
1,675
1,575
6,2378
9,10317
3,1016
1,390
5,1649
8,2906
7,4979
10,5710
7,2319
1,450
7,1919
10,19681
1,406
2,804
1,373
1,476
1,672
1,1916
1,441
1,404
7,6298
2,998
1,463
9,2282
1,704
3,1382
1,477
1,296
6,2418
1,583
5,1745
6,1996
1,2037
4,1545
10,3633
7,10598
1,535
8,4019
10,3581
1,1046
1,520
6,9130
1,317
1,507
1,467
1,528
1,575
8,3109
1,389
7,2768
1,620
1,459
3,1439
10,3135
1,2065
9,3177
3,1473
1,293
4,1516
1,512
7,2459
1,691
3,1010
1,469
1,661
6,2031
9,4753
5,5646
3,1291
1,534
7,6215
5,1742
1,267
7,5834
1,486
10,3327
9,3140
1,426
9,2928
10,3542
5,1844
9,8457
1,514
4,1480
1,396
3,984
1,591
1,292
6,6841
1,382
4,5563
1,907
1,519
1,507
3,1045
2,786
1,345
1,1192
1,620
1,359
10,3027
3,1051
1,402
8,3528
1,299
9,3132
1,449
1,521
7,2299
1,366
1,515
1,920
1,715
3,816
2,648
1,385
5,1744
1,273
4,1837
1,367
3,1690
3,1269
1,472
8,2467
8,5408
1,553
1,513
1,982
3,1208
1,504
10,23496
2,957
1,276
5,27891
3,1167
3,1482
1,2246
6,2499
1,484
5,4896
3,1293
9,2665
1,779
10,2642
1,590
6,2127
5,1962
9,3106
6,2151
3,1250
3,1119
1,416
1,698
7,9731
1,548
7,2559
1,380
1,782
7,1903
1,574
1,685
4,1891
7,2153
1,562
4,1472
2,1556
1,433
3,1467
6,2144
5,10958
2,950
6,7403
5,2943
7,1760
1,663
3,1187
1,949
3,1071
5,1764
3,2877
3,1314
1,727
2,651
10,3376
1,1111
5,2071
1,294
1,1379
4,1667
7,2765
2,764
7,2622
10,3833
1,676
5,2044
4,1574
1,560
1,271
3,1000
1,478
4,1565
1,332
1,741
8,2746
2,907
8,2545
8,2966
7,2400
3,4100
10,3287
10,3267
5,1768
1,309
1,490
1,614
4,1655
1,374
3,39432
8,2045
5,2186
10,29387
2,924
1,3006
7,2538
6,2384
5,2181
1,437
1,568
5,1710
1,2136
7,2761
1,482
1,27793
10,3088
5,2010
4,15903
8,3004
3,1155
2,925
10,3408
7,17581
7,2380
6,3361
7,2236
1,1052
1,538
1,490
2,34319
1,569
7,2414
4,13918
5,2175
10,3617
5,1417
7,21208
8,16622
10,3533
4,1071
6,2110
1,705
2,906
3,1095
5,2001
3,1154
9,3256
9,68996
6,2200
7,2438
4,1553
3,1183
8,6716
6,5209
1,396
10,3634
4,1677
8,6641
5,1712
10,3371
1,289
2,822
9,3179
9,3333
2,1265
7,2352
6,2075
6,22762
10,9699
7,2816
9,3008
1,474
6,2018
2,893
7,2898
1,252
1,498
1,353
1,534
1,2629
8,3060
1,468
6,47843
5,1578
8,3773
5,1833
3,1603
5,1874
7,2474
4,20930
1,232
5,1676
7,2314
2,5299
5,6311
1,388
6,3542
1,46174
3,1059
1,374
3,1089
3,1243
6,2386
6,1933
8,3067
1,238
8,2752
2,953
1,490
1,561
2,951
5,1812
6,46539
3,1219
7,2504
1,636
2,991
1,589
10,4606
10,2886
1,239
5,1368
8,7205
1,514
3,2534
8,2966
1,531
3,48067
1,390
4,3477
3,1338
6,2258
1,462
5,3986
8,2018
1,240
1,665
1,334
1,359
8,2853
5,1856
1,668
3,1086
7,3347
6,2447
3,1220
5,40772
1,364
3,1010
3,1032
1,240
2,680
1,475
1,418
10,3472
6,2297
7,2053
2,710
3,1299
1,523
2,929
6,35937
1,645
8,13372
6,2582
1,440
7,2575
1,459
1,403
2,951
1,565
7,2672
1,410
3,1148
2,916
1,563
7,28060
1,567
1,465
1,572
1,389
2,795
6,2438
1,485
7,2521
1,650
2,903
1,351
1,581
8,45287
4,1596
6,26979
9,2784
3,1105
3,1215
2,706
6,2059
1,509
7,2496
5,42172
9,3257
4,1563
1,1392
4,2246
2,852
1,519
8,30388
1,1515
3,1053
5,2033
6,1545
9,2929
1,521
1,364
1,574
1,2736
5,1919
4,1841
5,2050
3,1327
1,335
1,461
1,544
3,1202
2,856
2,726
9,3116
1,507
1,493
2,3047
2,1424
2,884
5,1943
10,3714
7,2494
1,262
10,3394
1,567
1,414
5,2023
5,1624
7,2497
1,524
1,471
1,531
1,593
1,351
1,417
7,5506
2,897
1,317
4,1105
1,505
4,1470
4,1718
1,437
9,3304
1,540
1,329
4,6017
1,554
8,2601
1,392
7,2611
5,2152
5,1914
5,1212
1,377
10,5564
8,3914
10,3023
3,1338
9,3215
1,494
6,2410
2,843
1,598
1,554
6,2518
4,1371
1,373
1,295
1,527
7,2346
1,1084
10,3385
8,2204
1,448
7,2286
9,49745
1,396
5,1906
1,667
6,32695
8,2901
7,2411
3,1015
9,3078
3,1158
7,5625
10,3660
4,1308
1,521
6,2096
9,3238
1,624
1,368
5,1670
1,467
1,486
1,406
7,2584
7,2564
6,7460
1,731
10,3415
8,2855
5,1731
9,3297
8,5109
1,543
8,2698
1,411
1,323
7,3090
6,1824
2,910
6,2471
10,3462
2,909
5,1563
1,410
5,1618
9,2936
1,680
1,632
9,3119
2,918
10,35838
2,603
10,5996
4,1777
9,3136
7,3019
1,568
10,2760
3,1107
6,6090
3,1154
1,468
1,642
1,349
1,638
5,1851
8,3408
1,396
4,2424
7,2124
6,2090
1,458
9,3170
1,412
1,471
9,2982
1,500
1,395
1,507
1,478
1,512
6,2111
8,2618
8,6473
10,3581
7,17171
8,2777
8,2927
3,1472
10,3669
9,2807
1,741
7,2146
2,1711
5,1257
1,436
5,4746
10,6656
7,10502
3,1231
5,1749
1,714
10,2425
1,554
4,1672
3,996
1,682
6,2142
1,883
1,245
1,449
1,493
6,2031
1,389
4,1283
5,58908
1,636
2,634
1,401
5,1900
4,1443
9,3242
8,2929
6,9265
5,2019
1,577
2,1316
1,456
2,1071
10,5425
1,442
1,710
10,2522
1,634
5,1703
1,733
1,509
9,3189
1,497
7,2709
1,637
1,467
8,2672
8,2719
1,663
5,1846
2,1016
2,744
1,436
9,2943
1,443
1,459
9,3493
1,578
6,6619
1,555
9,3476
5,1641
6,1404
3,1447
1,460
1,548
3,1258
1,297
3,1131
3,1300
1,392
10,3590
1,996
2,769
1,429
1,481
1,457
6,1654
3,1283
1,459
5,2068
5,1588
1,269
3,1520
7,2578
5,1771
9,3528
1,786
8,2874
2,826
7,2519
1,573
1,334
7,2468
1,668
6,2169
9,2974
1,494
3,1102
7,2595
4,3470
3,1156
1,633
5,1660
1,470
1,554
1,421
2,751
7,2672
1,577
9,3638
8,2548
1,327
7,2254
7,1946
2,4954
4,1489
2,857
5,5546
1,472
1,487
1,684
1,614
8,3000
1,1103
1,565
1,574
1,334
1,496
10,3468
1,759
1,496
7,3140
1,508
2,833
1,376
3,1269
1,624
4,1362
1,521
1,588
1,417
1,341
4,1806
8,2804
10,3484
1,563
2,730
7,8175
1,413
1,561
8,2664
1,611
10,3796
2,759
1,459
1,358
10,3785
5,1990
10,3113
7,2485
3,968
9,3379
6,2477
7,2063
1,513
2,783
9,3032
8,2659
1,432
10,3751
1,381
7,1861
10,3487
3,1426
8,2577
7,2320
9,2154
9,4905
2,697
1,568
5,1862
1,587
3,924
1,482
1,1002
1,372
7,2682
6,2016
10,2596
6,1954
7,2380
7,2405
7,5668
4,1513
1,418
4,1488
1,642
10,3032
3,1001
6,2608
1,354
4,1513
7,17335
3,1307
5,1925
6,1912
10,3146
9,3513
7,2485
1,482
2,895
1,397
2,899
1,465
2,974
1,449
8,3357
1,525
2,872
3,1368
8,4081
8,2668
9,3262
1,575
3,1084
7,2192
9,3114
6,1478
1,486
7,2701
1,338
10,2322
10,3565
1,605
3,1170
10,3259
3,1035
3,1180
8,2591
5,1766
1,388
1,444
1,477
2,817
9,3198
1,579
3,1207
1,539
1,479
3,3124
3,1127
8,2485
10,4933
2,768
6,2201
8,2621
1,698
1,515
2,807
9,3754
7,2220
6,1464
1,666
1,313
3,1117
10,2940
1,596
4,1735
8,2002
9,3419
5,1745
1,385
2,772
5,1607
9,6246
5,1652
2,625
6,2078
1,245
3,1249
10,2662
1,483
10,5007
6,1899
9,2811
6,2210
2,796
1,638
4,1507
4,2004
1,602
10,2418
8,3322
1,269
4,1728
2,773
3,956
1,551
1,497
9,3575
9,3386
1,417
5,1744
1,456
1,641
1,620
1,486
5,1765
1,321
5,1798
4,967
7,2652
3,871
9,5065
10,3531
1,629
6,2181
1,497
7,2569
8,3106
3,1665
7,2256
3,1185
1,636
10,4513
1,510
3,985
1,278
2,864
4,1625
7,2544
6,1904
1,706
8,2997
1,421
10,3377
10,2966
1,517
1,292
6,4262
1,438
3,1545
1,514
9,3181
5,1544
2,753
2,807
1,522
6,2141
3,882
10,3724
9,3413
1,498
1,331
7,2472
1,427
7,2133
1,530
1,602
1,706
6,1524
1,483
1,309
5,1687
3,1432
3,1324
10,3176
1,338
1,314
7,2339
1,692
7,2773
1,300
1,460
1,1006
9,3224
9,3866
1,254
9,3174
7,2759
10,3387
10,3441
1,481
10,3213
10,3522
1,606
6,2495
1,285
6,1895
3,1194
1,548
4,1421
1,245
1,502
7,2493
10,10176
10,3024
1,379
10,2084
6,2204
1,549
10,2419
1,459
7,2988
7,1613
9,2773
9,3121
1,257
7,1761
8,3015
7,2142
9,3295
1,400
5,1144
6,2047
1,366
10,3343
1,445
2,617
7,1908
7,1857
8,5212
8,2262
6,1743
6,2256
10,3134
3,1172
1,421
1,551
5,1629
1,290
10,3185
1,400
1,558
8,3069
1,356
4,1561
5,1596
9,2339
10,2905
7,2567
1,580
1,630
10,3617
3,1018
1,527
1,580
1,324
9,3054
6,2318
10,3564
8,2520
1,377
2,759
10,2848
4,2167
1,547
1,518
10,2999
1,503
1,607
1,404
3,1248
7,2453
10,3396
1,450
1,398
1,539
9,9585
10,3170
6,1621
8,2156
5,1552
10,2407
1,836
9,2587
1,383
1,359
9,3179
10,2854
9,2873
3,847
10,3581
7,2588
3,811
1,607
1,494
2,747
5,4792
1,538
10,2423
1,284
1,618
9,2399
3,886
3,1294
7,1696
10,4034
10,3410
1,480
10,3374
1,603
5,1707
9,2894
1,495
4,1018
1,587
8,2789
3,1070
10,2600
1,464
7,1936
2,675
9,2839
1,255
6,1429
1,554
5,1937
8,2732
1,606
1,357
4,1624
7,2516
4,1563
2,739
1,577
4,1121
10,2854
3,1264
1,234
5,1230
1,745
4,1322
1,828
1,478
10,2886
3,937
7,2316
8,2760
4,1266
1,462
10,3567
9,3034
3,1103
1,241
4,1487
1,390
1,486
10,3316
1,509
1,514
1,420
4,1203
1,569
1,1625
1,438
9,2498
9,2561
4,1327
1,241
8,2782
1,336
2,806
2,687
1,512
10,2851
1,474
7,4264
3,1001
1,665
1,422
10,4007
8,2895
1,320
1,258
9,2956
1,388
8,3055
4,1057
1,500
10,7387
1,437
10,3324
1,409
1,983
1,500
3,757
2,955
8,2697
1,269
10,6500
1,305
5,1748
10,2479
1,541
6,2341
1,454
2,706
1,590
1,851
4,1380
10,2765
10,3240
1,4229
1,248
1,460
1,297
6,2030
9,2962
3,1084
9,2537
1,770
3,1154
1,439
10,3624
1,438
6,1719
2,528
3,873
1,337
1,347
1,629
5,4914
9,2967
1,365
8,2792
8,2060
3,819
1,403
1,1492
1,488
1,519
3,870
7,2485
2,790
1,375
9,2491
9,3170
10,3321
1,495
1,329
1,473
6,1697
1,630
1,340
8,5318
1,435
5,1666
1,431
1,1416
1,266
10,2593
6,1574
6,2045
5,2027
10,3323
6,1330
8,2597
1,538
1,302
1,436
1,391
10,4656
1,437
4,1165
1,434
2,653
1,597
1,565
5,1991
2,659
10,4109
5,1346
3,1139
1,333
3,1129
1,358
9,3305
1,531
1,543
1,325
3,874
1,711
1,494
4,1457
5,1845
9,2891
1,413
1,397
1,313
10,3471
1,351
8,2858
1,385
8,1989
1,285
5,1850
4,1667
1,608
7,2594
5,1926
2,888
10,3171
1,296
1,281
7,2504
1,442
5,2212
1,490
9,2253
1,301
10,3302
7,1789
1,684
1,410
10,4936
10,3624
2,903
1,386
10,5650
8,2997
1,465
7,2920
1,333
5,1223
1,285
7,2367
2,832
1,382
9,3037
10,3774
10,3853
10,3634
1,346
5,1643
6,1957
1,404
1,615
1,404
10,2612
1,425
5,1946
9,2935
1,400
2,865
9,3600
4,1460
10,3473
7,1970
1,503
10,2609
1,413
1,464
1,407
2,904
5,1814
9,3398
9,2688
1,469
5,2154
5,1891
9,2441
10,2515
7,2357
10,3273
3,1127
1,274
1,557
1,374
9,3010
2,689
4,1599
7,1899
1,495
6,2361
5,1512
1,540
5,1720
8,2665
10,3032
10,3769
1,377
1,524
1,363
10,3579
8,2216
3,1415
9,2800
1,315
1,547
1,551
10,3457
10,3212
6,2571
10,3351
2,787
10,2611
1,605
7,1974
10,2298
6,2631
10,13679
9,2830
1,778
9,3147
1,1055
8,3202
9,3073
10,3192
5,1449
4,1172
10,2284
3,1022
8,2135
5,1261
1,515
6,6219
1,503
1,709
1,644
1,553
2,691
1,558
3,1156
8,2697
10,2222
4,1146
1,352
9,3113
1,451
10,3485
10,4388
3,986
10,2762
6,2183
1,425
2,1088
1,533
10,2396
2,820
1,474
10,2197
1,351
10,2481
8,2542
10,3555
10,4188
1,684
9,3106
7,3053
1,429
4,1931
1,438
2,1101
2,753
5,1457
1,247
1,362
3,1076
1,434
2,571
10,3132
1,598
3,1193
2,964
1,491
5,1411
1,352
4,1624
5,1190
10,2532
10,2634
1,394
10,3250
10,3114
10,3212
1,4577
1,456
10,3511
9,3148
1,378
10,3397
1,467
10,2557
5,1629
9,3543
9,2928
1,577
2,630
2,827
10,3390
6,2368
1,335
10,3776
7,2354
1,376
8,3190
8,2107
5,1266
10,2452
10,3386
6,2149
1,456
1,516
5,1400
4,1520
7,2303
1,516
1,353
9,2865
1,388
10,2778
1,956
1,269
10,2651
10,3305
9,2584
8,3156
8,2284
5,1778
9,2456
4,1151
8,2057
10,27882
10,2694
1,731
1,600
1,577
10,2340
8,2698
1,305
1,587
7,1878
4,1097
10,2837
1,968
1,592
1,376
7,2268
9,3079
6,2294
1,405
1,448
10,2321
5,3062
1,545
8,6646
10,2904
1,320
10,3189
10,3267
4,1789
1,704
4,1598
3,1192
9,2556
1,481
1,420
9,2181
5,1738
10,2522
10,2851
10,3920
10,2115
9,5154
1,673
1,613
3,1311
1,496
4,3240
2,1002
1,401
1,479
10,3488
1,1654
1,295
2,1234
2,874
2,834
1,495
4,1796
1,488
1,390
10,2560
1,452
10,4806
1,611
9,2133
10,3443
1,767
1,324
2,816
3,1202
10,2913
1,496
9,3170
1,437
1,594
6,1357
8,2543
4,1579
6,2486
10,2882
5,1888
10,2882
1,242
1,312
10,3450
9,2352
1,412
10,3746
1,443
1,652
5,1529
3,1195
10,4128
1,1901
2,614
9,2882
1,624
1,237
10,3587
10,3145
10,2620
1,304
5,1855
1,455
1,646
6,1964
1,391
3,1099
5,2016
3,850
1,373
1,545
1,499
9,3374
7,2380
10,2646
1,267
7,2121
1,431
3,1275
8,2995
1,524
10,3290
1,458
4,1309
1,615
1,575
1,461
10,3516
4,1690
6,1511
1,370
1,612
1,816
7,1570
9,7205
1,298
1,374
1,383
1,500
1,420
1,429
9,3234
8,3205
10,3234
9,1938
1,387
1,547
1,566
7,2512
10,4933
1,395
8,2737
1,632
10,3196
1,383
1,460
5,1785
9,2349
1,401
8,2182
1,389
6,2617
1,592
4,1555
5,1881
1,418
7,2369
1,407
6,1825
1,380
1,540
1,667
1,418
6,1912
1,520
1,414
1,4730
1,548
10,3005
2,853
3,733
4,1736
8,3961
7,2072
1,377
1,440
1,483
1,394
5,1408
1,520
5,1779
1,3538
9,3051
8,2786
4,1093
1,456
10,2879
3,1498
8,2924
1,402
1,421
1,469
1,667
6,2549
2,736
1,394
1,389
10,3530
10,2492
1,498
1,743
1,516
3,2107
3,1311
1,404
9,2534
2,945
1,578
8,2222
1,392
5,2134
1,628
6,2190
3,1444
1,619
1,520
6,1594
6,2011
1,625
8,2575
3,1182
10,2925
1,416
10,3596
1,453
3,1974
1,538
5,1313
6,2379
1,318
1,621
6,1527
10,5082
10,3349
1,465
8,6817
10,2544
1,411
9,2396
1,446
8,2726
1,533
6,2301
2,976
1,255
1,497
6,2347
10,3512
2,854
1,435
10,6956
5,1343
1,820
5,1571
1,387
3,1563
1,375
10,3223
8,2268
1,256
1,493
9,3519
2,5224
3,1616
1,370
1,395
5,2216
1,532
1,380
1,590
7,2715
1,367
5,1498
10,3556
1,241
7,2705
10,3641
10,4040
10,5008
2,595
10,8401
10,3286
1,676
1,371
1,256
10,16765
1,453
4,1571
5,1493
1,259
7,1707
10,3381
7,2644
10,3574
10,2348
7,2745
8,2609
1,632
1,331
1,311
10,33916
3,2209
8,2769
1,661
1,258
10,3662
4,1436
4,1817
10,3703
2,709
2,1049
5,2090
1,411
4,1421
1,380
8,35812
9,3945
10,2502
10,3751
1,337
9,2464
1,355
7,2594
7,2527
5,1803
10,6506
5,3444
10,3367
1,420
1,307
7,2548
4,1532
8,1814
2,772
1,485
10,3772
1,415
10,3942
9,3428
5,2024
4,1430
9,3245
9,2587
2,523
1,496
2,38941
1,351
9,3351
8,2800
8,2174
10,3662
4,1378
4,1690
7,2141
8,2785
10,2361
3,1214
10,2791
1,256
10,2223
10,46895
3,962
10,3692
10,3353
10,3310
3,1080
1,358
1,444
1,640
10,2396
2,767
10,3579
2,703
1,276
5,1888
2,957
2,650
10,3244
10,3091
10,3350
1,531
1,321
6,1495
1,642
5,1744
6,1920
10,3607
10,3402
1,452
9,3104
4,1619
2,906
2,1478
5,1333
6,1871
10,3261
1,311
6,1492
1,740
5,1772
6,1978
10,6400
3,1100
1,429
10,2559
1,3624
6,1997
10,2861
9,2112
10,3390
5,1805
1,327
6,1259
1,585
9,4082
6,2318
1,507
6,1917
1,310
9,3104
10,3419
5,1987
10,4295
1,501
10,3931
10,2915
1,296
9,3381
4,1856
1,649
10,2666
1,306
1,648
6,1996
5,1890
6,1648
7,2563
2,779
1,390
2,659
10,3560
1,268
6,2173
1,607
3,1132
10,3439
10,3834
8,2777
1,314
1,371
9,4371
8,4678
1,582
1,251
4,1269
8,2777
1,292
10,3283
1,559
3,3087
8,4399
6,22718
4,994
7,1747
8,2217
6,5506
4,8158
1,3967
1,260
10,3704
10,3289
1,312
1,481
1,502
8,2703
8,1985
1,530
7,2060
8,2167
2,788
6,2113
7,27930
10,3958
1,414
1,476
10,6832
9,2126
1,358
1,395
10,14691
4,1328
1,487
4,1648
4,1297
10,2697
10,8924
10,40665
1,740
2,640
1,470
5,1320
8,2390
1,274
1,298
10,13360
1,373
7,2107
10,2320
1,402
10,3278
10,3308
7,43530
1,507
1,255
10,5696
10,2178
10,2475
1,266
1,335
10,7967
4,1311
1,397
1,489
10,3453
6,2121
1,361
5,1836
5,1671
1,257
4,1531
2,684
5,1360
1,266
8,3068
10,12718
1,498
1,520
6,1914
10,2580
10,3328
1,389
2,890
1,2473
1,255
9,3075
1,493
1,560
1,328
10,2783
7,1806
1,382
1,683
2,516
3,1076
8,2710
1,423
4,1859
1,440
1,253
5,1891
8,2067
10,2638
1,337
6,2304
7,2496
1,328
1,322
6,2033
2,802
10,18305
1,628
2,856
10,10822
1,330
10,3801
1,383
10,3227
1,269
5,1346
1,636
1,256
1,375
10,3396
10,3043
2,21710
1,398
8,2951
1,5976
8,1970
1,553
1,355
2,848
4,1003
5,1204
2,996
1,270
1,285
9,3604
9,2086
4,1338
1,376
1,632
5,1794
1,535
5,2322
1,475
10,3187
1,396
2,588
1,627
1,262
1,396
8,3137
10,6101
4,1024
1,258
8,2844
1,723
2,802
3,1171
1,450
5,1854
1,266
6,1919
1,603
1,287
4,1369
8,2395
1,669
6,1971
1,358
1,601
1,546
4,1374
1,486
1,586
10,2963
4,1414
5,1305
1,528
1,283
10,3291
1,568
1,575
1,464
1,431
6,2040
1,422
3,1038
1,380
1,376
10,3621
4,1300
5,1458
1,557
1,291
10,3618
1,419
10,4094
1,473
1,375
8,3024
9,3025
10,3325
1,415
1,325
1,423
7,2392
4,1065
4,1443
2,805
2,595
1,385
5,1713
1,470
4,1443
2,694
1,569
8,2571
1,361
1,408
1,387
8,2251
7,1726
1,25121
10,3101
7,2596
1,623
9,3354
1,349
4,1348
9,7414
1,569
9,2996
1,518
1,286
9,3248
6,2016
8,1889
1,384
6,1338
6,2017
1,363
5,1862
1,323
10,2497
2,955
1,551
6,2159
1,531
2,831
5,2070
9,2380
6,1556
1,591
10,2671
10,2591
1,335
7,2628
1,478
7,1748
1,514
7,2641
7,2430
1,594
10,3064
10,3588
10,2648
1,330
1,357
10,3279
8,1895
4,1543
1,512
1,469
6,1794
1,560
5,2386
2,757
9,3261
2,551
1,594
2,822
10,3478
10,2454
10,3398
3,948
1,760
5,1770
1,418
10,2585
1,533
4,1514
10,3521
1,385
10,3187
7,2858
3,1097
3,1052
1,417
4,1165
4,1268
2,903
1,420
1,965
3,1281
8,2714
3,1260
8,2982
1,410
9,3085
1,510
10,3624
2,635
1,291
1,416
8,2028
1,552
1,409
1,291
10,3506
2,899
3,1278
3,1324
1,689
8,2810
1,648
10,2983
10,2989
6,1514
9,2876
10,3322
1,565
1,353
1,335
10,2349
9,16028
2,704
10,3999
3,2192
10,3490
1,561
4,1133
10,2334
7,2504
9,4677
6,1285
1,444
1,365
10,2481
4,1472
1,437
1,378
6,2042
2,1199
1,684
1,537
1,458
10,2436
9,3095
10,4036
9,2560
10,2549
1,383
8,2886
10,2527
1,536
3,1332
2,693
1,1282
9,3632
1,461
10,4047
4,1285
10,3569
10,3170
2,574
8,1951
1,368
9,2769
10,3515
1,361
6,11215
10,3199
1,388
2,649
1,406
10,4001
9,2420
10,2467
1,530
10,3339
10,2647
1,321
6,1571
1,539
1,567
4,8957
10,3440
4,5674
3,1183
1,395
1,33756
1,860
3,1071
10,4784
10,3111
4,1220
3,1650
10,3208
1,468
1,540
5,4500
7,3005
7,2363
10,3440
4,2500
1,26600
1,1041
10,3081
2,1152
1,499
10,2256
1,520
3,1149
10,4746
1,490
10,19845
1,545
7,2352
10,3929
3,1469
4,1533
1,754
8,1922
9,3146
1,280
9,2611
7,2584
7,1999
5,2049
1,523
7,14872
1,411
7,2653
6,2141
1,383
5,2179
1,4758
6,1676
7,2418
1,333
2,721
9,3354
2,802
10,4037
1,450
7,2611
1,448
10,4744
10,3540
9,7013
9,3306
1,671
10,2303
10,3327
10,3116
10,9593
1,460
4,1337
9,3372
3,1115
6,2687
1,375
7,2576
10,12540
3,1143
10,3783
10,3723
10,3352
1,377
1,319
6,2505
3,1334
7,1747
7,2603
1,543
7,6191
1,521
8,2834
1,356
1,546
1,535
1,22240
2,722
3,1053
1,344
1,14615
1,363
8,1991
1,408
5,2058
4,3373
4,1360
2,994
8,2562
2,2237
1,404
1,592
10,3057
5,1775
1,667
10,3316
1,417
6,1576
1,369
1,481
8,5598
1,418
3,2007
7,2355
4,1395
1,627
1,421
10,2869
1,597
4,1247
1,474
2,849
3,914
1,552
10,3477
5,1410
1,608
2,875
4,1375
1,394
5,1754
1,476
10,2443
1,401
1,459
10,2429
4,1393
10,2623
1,651
7,4832
2,925
1,586
3,1114
1,591
1,582
1,544
1,724
4,1067
1,370
1,424
1,311
3,1177
10,3179
1,518
10,3679
2,1879
1,703
8,4793
1,654
7,8765
1,416
10,18740
1,522
1,419
1,390
2,848
2,1080
9,5921
1,537
9,3077
1,496
1,707
4,1638
1,526
10,3367
1,581
1,546
1,510
1,4597
1,293
9,3373
3,1139
2,741
1,404
5,1945
1,408
4,1434
8,2402
4,1090
5,1741
1,688
4,1639
1,651
9,3237
1,475
5,2795
5,8964
10,3637
1,367
9,3174
1,429
1,525
1,475
1,501
7,13352
1,490
5,1622
1,555
1,526
1,499
5,1728
7,2562
4,1255
1,515
10,28795
1,437
6,2125
5,1800
1,660
2,1000
1,545
1,366
1,459
3,994
10,3413
10,2666
7,2584
10,2652
1,381
10,2989
1,658
5,1701
7,2018
1,501
6,6952
1,547
9,4365
1,401
1,435
3,1332
1,645
8,3247
10,2308
1,416
5,1297
1,553
5,1715
5,1697
1,409
3,733
3,1061
5,1875
1,403
3,1032
10,3110
1,776
7,3242
1,583
3,1374
7,3715
9,3420
6,2199
9,3180
1,352
8,9021
4,1363
9,3225
1,403
2,726
7,6264
1,614
8,3168
1,500
1,813
4,1201
1,1157
8,2787
10,3444
1,424
5,11390
1,8449
5,1733
1,358
1,459
2,2307
1,524
5,3012
1,428
9,3221
8,3019
1,500
9,3011
10,8263
1,400
7,11360
2,1127
1,733
1,385
7,17449
10,2935
1,455
2,1021
1,364
5,6198
10,4114
7,2631
5,1459
2,795
10,3169
2,870
1,377
3,1170
10,12526
1,460
9,3093
1,409
2,1431
1,345
4,4789
10,3012
1,509
5,1685
8,2895
1,233
10,14194
3,1128
2,862
1,706
1,422
5,1800
1,398
7,2909
1,346
2,907
3,1239
1,745
2,855
6,7939
6,1647
4,1520
9,36831
1,440
10,3609
2,5814
7,2471
1,508
8,3153
1,426
3,1197
5,2019
4,1846
4,1400
9,8717
6,2311
8,2686
4,1460
2,841
5,1726
1,663
1,453
3,2896
1,588
1,276
7,2492
1,622
8,7826
10,2667
1,497
8,2677
1,378
7,2482
2,881
1,509
2,1116
3,2002
1,643
4,1403
1,314
5,1736
1,565
1,580
7,1700
1,8169
9,3060
8,2808
7,12016
7,2744
10,29797
7,10327
9,3030
1,506
8,2836
1,343
7,2590
6,1972
8,3043
8,2044
1,486
10,3232
9,3129
5,6089
7,2367
2,788
7,2289
3,1121
1,489
2,962
1,385
10,6044
1,658
2,1189
6,1595
2,1195
2,1094
8,2490
10,4551
5,1577
7,27567
10,5422
3,1141
10,3273
9,3347
1,488
8,5338
1,424
3,1129
3,1176
1,490
4,1120
6,2112
8,26295
7,33388
3,1079
8,2720
2,766
1,345
3,1112
1,481
8,3080
1,389
6,27668
9,2944
1,484
8,2238
9,3169
6,21781
1,682
9,2879
7,2295
1,1380
2,1041
6,2255
10,3169
7,2477
1,385
2,973
10,3380
1,387
5,1792
1,535
5,3971
3,1361
1,501
8,3521
3,1262
9,3149
9,16008
9,3145
3,1299
1,366
8,2899
2,671
1,410
10,3145
2,1155
7,20384
8,4692
3,1099
3,945
4,5583
4,1301
2,14127
5,1666
2,849
1,343
3,1410
10,2374
1,488
10,3401
1,469
3,1243
10,8589
4,5177
2,794
7,2178
3,13355
1,6939
7,2428
2,756
1,477
1,629
4,995
1,365
10,3323
1,525
10,11675
5,1657
2,796
2,819
7,5745
3,1139
8,10405
1,541
2,890
1,361
7,2476
1,414
3,1101
9,3363
1,554
2,814
8,4995
8,2786
7,2480
5,4649
4,1465
1,786
3,1393
10,3547
2,846
5,1738
1,251
1,475
10,2855
1,366
8,2547
7,17900
7,2655
1,474
1,579
5,2883
1,4673
9,4237
8,2778
6,2039
1,339
1,431
1,362
2,519
2,777
4,1653
2,989
7,2452
8,2051
10,2924
7,2313
1,531
3,1097
4,1579
7,2514
7,2397
1,243
2,701
10,2274
1,492
1,546
1,10280
5,2249
4,1309
1,526
7,2319
1,565
2,980
1,461
8,3301
10,3317
1,262
3,740
5,1418
1,449
9,6410
1,461
7,2950
1,327
1,585
8,5920
1,381
1,351
8,2982
9,3269
10,9682
1,242
1,495
1,759
1,483
9,3280
2,602
7,2260
8,2781
7,2288
6,2125
1,554
4,3723
9,3059
7,2448
8,3170
1,232
9,3704
1,927
1,509
8,3078
1,367
10,8205
9,3147
1,540
2,673
1,493
3,1143
8,2848
10,3484
9,5278
1,266
1,446
1,548
1,495
1,555
1,445
8,18339
3,971
8,2636
5,3955
3,1026
7,2414
1,501
4,1128
5,2006
1,242
7,2288
1,581
1,402
9,3027
1,4546
5,1700
8,2569
7,2386
2,847
10,12051
4,1633
1,401
10,2419
9,3247
1,382
7,2562
10,6376
3,1131
1,370
1,433
2,694
6,2452
6,1971
10,3535
1,530
7,2712
1,377
3,1231
3,19952
1,688
10,26165
1,464
8,2846
6,2036
1,358
1,445
3,994
1,331
7,2527
1,524
5,1738
6,2204
2,656
5,2436
10,3433
8,24184
1,687
2,765
1,381
1,472
2,1929
2,953
1,382
8,2943
1,604
10,3961
2,684
1,499
1,603
1,602
7,2350
1,4684
3,982
1,612
1,417
3,1181
1,472
3,1195
4,1330
5,1864
7,2366
9,2975
3,1187
1,335
1,514
3,1100
1,18697
1,571
1,559
1,499
1,10207
9,17206
5,1692
1,454
7,2591
8,2924
1,362
7,2660
1,401
4,1272
9,3040
1,588
7,2343
1,417
8,2890
1,393
1,372
1,379
8,2340
8,2878
2,845
1,472
10,3058
1,534
5,1661
5,1740
1,377
7,2587
1,435
1,502
1,537
2,623
1,455
9,2909
10,3812
7,2430
1,582
3,1033
1,398
9,6020
6,2188
1,675
8,2803
2,927
8,2900
1,576
1,463
1,410
8,2534
7,2799
3,1134
1,508
10,2507
1,301
5,1949
4,1270
10,3399
7,2526
1,991
4,3203
1,542
1,410
1,380
6,2154
5,1913
6,2181
1,604
9,3104
1,388
1,706
8,2748
1,770
10,15221
1,549
9,3144
2,754
1,492
2,1015
1,406
10,3598
5,10412
1,476
10,3584
2,756
5,2149
10,3959
1,651
3,1175
1,495
2,1017
1,427
1,414
7,4545
2,679
3,1274
2,20941
2,1821
10,3389
1,336
1,394
4,1960
9,3360
2,1026
1,492
9,3019
1,365
1,568
8,3046
1,334
2,912
1,11038
1,552
10,3153
1,589
5,2151
10,3724
5,2084
9,13611
1,584
2,1021
1,472
1,491
4,1702
9,3987
6,2071
8,10813
1,533
1,341
1,563
9,3114
10,6498
10,3389
5,1901
3,1135
6,2145
1,555
1,457
1,443
1,1406
5,1548
1,550
10,3383
1,426
7,2805
1,4404
5,1614
1,471
10,2625
2,1086
8,7744
10,3906
1,395
8,3274
1,507
4,1663
1,882
2,875
1,258
5,1875
2,1094
6,29511
9,3060
4,1238
1,549
1,338
8,3248
1,448
3,1356
1,405
10,3740
1,493
1,628
1,247
4,1667
3,1646
2,13262
3,1100
8,2955
1,963
3,1143
1,666
7,2461
9,3356
1,499
8,2934
1,338
5,1590
1,426
10,3666
7,3224
1,400
3,946
10,3579
7,2113
1,535
1,528
3,1293
2,870
2,762
10,4359
1,331
1,460
1,497
3,1162
4,1472
1,284
1,329
10,3246
7,5156
5,1945
8,3052
1,510
6,2689
1,455
4,1614
1,520
7,2662
1,392
10,4009
3,1294
1,564
4,10375
10,3626
10,5069
7,2516
9,3015
1,445
9,4270
1,781
10,8539
1,449
8,2970
1,363
10,3456
7,2711
7,2497
2,4622
5,1806
8,3169
1,467
8,2954
7,2537
2,1608
1,447
5,1827
1,402
8,2738
1,374
6,2440
4,1600
1,370
7,2183
6,2026
8,2666
10,3393
9,3015
10,3660
1,548
1,1959
6,2124
10,4058
5,1896
1,360
1,631
2,1009
1,459
7,10231
1,506
9,3208
7,2396
2,855
7,3389
3,15573
1,388
1,641
1,347
9,3155
1,397
6,2239
7,2389
1,422
7,2319
1,415
9,3332
10,3186
1,338
9,3177
2,3494
1,343
2,867
4,1435
9,3371
1,456
7,2545
10,3918
1,600
10,3220
2,1019
3,1028
9,3103
2,831
3,1383
1,504
3,854
1,692
1,487
3,1326
5,1775
8,3152
8,3146
1,1389
5,1643
1,441
10,3277
5,1642
7,2754
10,5248
1,583
3,1413
1,440
8,2753
2,982
10,3505
9,3074
3,1054
1,526
4,31175
1,409
2,1059
10,5261
3,1120
9,20947
5,1706
1,628
1,263
9,3427
5,1974
10,2610
10,3371
5,2012
1,606
8,2634
1,447
5,1471
3,962
2,853
6,1619
7,2386
9,3159
1,340
9,3241
4,1506
10,4248
7,2672
7,2331
1,496
7,2649
1,342
4,1519
9,3213
3,1145
5,1174
10,3220
7,3163
1,331
6,1992
10,3517
10,2900
9,10366
10,3791
6,2156
5,1701
1,859
8,3139
1,521
1,483
4,1468
8,2755
7,2520
1,432
2,786
10,3300
9,3309
4,1447
1,267
6,2102
6,4701
1,1193
10,7889
1,621
3,1153
10,2954
1,601
10,19243
1,387
1,479
10,3340
5,1884
10,3084
7,2925
3,1192
1,555
1,317
10,4131
1,393
1,416
8,2879
8,2651
7,3289
1,246
3,1290
10,2679
10,3505
3,1209
1,399
2,1993
3,2431
1,299
5,1696
1,428
6,2195
10,3411
7,44597
9,3633
1,656
1,692
8,2590
5,1901
2,733
6,2264
9,2714
2,709
7,1975
10,3528
1,353
10,3514
10,3631
3,1031
3,7599
1,513
1,560
5,1687
10,3804
1,486
5,1822
9,7547
1,482
1,237
6,2039
1,639
7,2444
4,1325
5,2176
8,15713
10,2505
7,2769
6,2148
5,2112
3,989
1,2562
10,8019
2,921
6,2326
1,456
1,566
8,2543
5,1780
9,4041
2,806
6,2353
5,15526
1,414
10,3349
9,2475
1,502
4,9847
1,527
6,1407
1,547
1,529
9,3247
6,2355
9,14117
5,1648
8,2981
7,2553
1,410
8,3016
1,559
1,445
8,2906
1,481
7,2321
1,365
1,475
8,6592
6,2196
1,478
10,2477
9,2549
10,8697
1,393
10,3633
1,436
1,459
4,1448
1,388
9,2864
1,431
1,468
1,409
2,946
1,390
4,3688
7,2493
10,3902
1,445
10,3641
10,4015
1,443
1,549
1,674
3,1301
2,690
8,2287
9,3435
1,576
1,379
9,2431
10,3336
3,2087
1,469
2,693
1,376
1,695
10,3315
1,439
9,3102
1,399
7,1702
1,511
1,451
1,6219
10,8934
10,3462
9,11207
1,381
1,512
1,414
1,606
7,1923
1,399
4,1327
1,393
4,1420
1,904
1,527
1,420
10,11830
4,4092
8,12975
1,421
1,495
1,387
3,1010
8,2819
1,559
10,3268
1,710
2,1026
1,554
1,431
1,459
8,8901
2,906
5,16437
1,380
1,405
1,320
1,628
10,3368
1,1062
4,1631
1,1565
10,2460
1,492
1,704
1,380
5,1948
3,1213
9,14534
1,451
1,417
1,275
2,817
3,1076
8,3280
3,940
1,518
3,923
1,542
1,280
1,336
6,1938
10,2682
1,552
1,386
1,353
1,274
4,1544
10,3014
4,1753
1,530
1,286
10,3057
1,498
1,264
1,330
1,363
7,2224
1,311
2,811
1,410
1,257
8,2870
2,558
8,3148
10,2267
1,425
10,3743
1,397
1,486
2,756
1,588
10,2698
1,413
1,424
1,447
1,257
1,490
10,3383
1,471
7,1900
6,1627
6,3883
1,385
1,392
10,2492
1,616
9,2324
1,405
10,2950
1,406
7,2169
9,3331
10,2538
7,2385
9,3231
7,2324
1,387
1,391
1,296
7,2031
1,436
10,2381
4,1248
8,3095
1,488
10,3622
2,968
1,456
8,3017
10,2647
7,2549
6,1559
1,398
1,534
5,1466
1,598
3,1138
1,352
7,2270
1,482
1,1641
9,3494
1,303
2,1053
10,2620
9,3481
7,2672
2,694
4,1333
8,2593
1,565
10,3021
1,327
7,2549
1,525
3,1400
9,4510
1,296
6,2502
10,3363
7,2492
8,3014
5,1671
6,2077
10,9070
2,757
10,2788
1,305
9,4253
4,1571
10,3089
6,1952
1,423
9,3042
3,1249
9,3020
7,2706
4,1689
7,2390
3,2172
1,488
1,309
1,345
7,2907
8,2802
10,3067
3,1110
1,325
3,1082
10,3697
4,1479
9,3333
10,2933
9,2808
10,3335
1,433
1,514
1,373
9,3385
7,5676
3,877
1,394
1,330
2,1088
1,355
10,3205
9,3997
8,10505
9,3199
5,1742
1,412
1,364
1,302
2,886
7,2522
1,565
8,6661
1,310
3,1213
1,501
3,1281
4,1668
10,3438
7,11495
2,964
1,477
1,278
2,717
3,1043
8,2834
5,1963
1,461
10,3078
2,1026
1,393
3,686
10,3412
10,3349
10,9349
6,2116
1,285
1,258
5,1219
3,918
7,4347
10,2209
3,1114
1,405
1,489
1,253
1,502
10,3906
5,1781
4,1337
1,353
9,2458
1,269
10,2547
1,573
6,3079
7,2675
7,2537
1,492
5,1801
1,251
3,804
3,924
6,1634
3,1292
2,717
1,408
1,327
6,4419
3,1302
10,9697
10,4248
2,676
1,319
1,625
1,242
10,3598
2,644
1,457
1,489
9,3016
6,1668
1,248
8,2612
10,3606
8,2675
10,5936
1,495
3,825
7,5711
1,406
10,2841
1,428
2,1381
3,881
7,2696
6,1615
1,260
10,6445
5,1654
3,1242
9,3017
1,513
5,1747
10,3500
1,298
6,2274
3,1273
9,3379
10,2467
8,1963
1,588
1,246
10,3475
9,2830
2,756
5,1651
7,2429
4,1416
7,2843
1,248
9,3258
1,549
4,1453
10,2545
7,2583
7,2743
1,245
5,6338
7,2470
3,1218
10,3453
6,2069
7,1572
8,2930
1,313
10,3327
1,302
2,851
7,1854
4,1273
9,3292
1,242
2,911
5,1221
2,821
10,3951
10,3231
10,4036
9,3788
1,289
1,456
1,335
6,2028
8,2007
9,2702
7,10548
3,1315
1,659
10,2367
2,954
8,2248
8,2659
7,2442
5,1961
10,3635
4,2197
1,572
7,2372
10,2295
1,387
4,1490
9,2611
6,1683
10,3531
4,1520
1,456
8,2836
5,1848
8,2895
3,737
10,2883
1,462
9,3319
10,2556
10,3299
10,3373
5,1620
8,2977
1,610
2,808
1,272
9,3492
6,2019
3,1083
5,1674
10,3438
1,498
7,2173
10,3387
8,2550
4,1583
10,11397
7,3967
3,1086
6,1953
1,280
1,3758
3,819
9,2790
6,2025
1,639
1,601
6,2219
3,793
1,391
3,1278
10,3785
9,3053
10,3455
9,2295
1,581
1,464
10,3535
1,524
10,3410
1,445
1,368
10,2417
2,752
1,431
3,948
7,2528
9,3101
1,406
10,2702
10,3374
3,1055
10,2457
1,451
10,3403
1,557
1,376
8,2623
5,1822
1,455
10,3749
10,3627
10,3343
1,274
1,599
1,446
9,4654
5,1788
1,434
7,2435
1,675
1,418
4,1273
1,583
1,365
9,2835
5,1613
4,1081
1,280
10,3516
1,289
1,382
10,3406
1,368
5,1719
1,501
10,3670
3,1280
1,489
1,453
10,3312
10,3390
7,6277
1,443
10,2465
1,438
1,418
8,6096
1,352
4,1431
1,586
10,3183
1,516
1,309
1,288
10,2457
10,3468
10,3084
1,232
1,580
1,432
1,512
5,1312
1,459
10,3346
1,742
10,3339
3,1192
1,290
1,350
10,2476
5,2349
3,786
1,619
10,2828
1,552
1,623
2,872
1,382
10,2727
1,555
7,2240
1,667
1,327
1,464
10,3406
10,3652
2,508
1,599
1,420
1,409
1,423
10,3504
1,604
5,2017
1,400
3,1110
1,362
1,599
1,245
10,4196
8,2301
1,307
1,352
1,390
5,1810
1,475
10,3521
1,620
10,3561
1,323
10,3282
1,385
1,323
1,620
1,427
10,3843
10,3542
1,623
1,290
10,5704
1,617
1,534
1,443
8,5877
3,1187
10,3784
1,364
1,287
3,916
1,560
5,1939
3,1183
1,448
1,291
2,776
1,427
1,474
2,835
10,3191
5,1320
3,1214
1,357
1,260
2,585
1,667
10,3584
1,368
3,1244
9,2070
10,3354
1,576
1,364
1,603
5,1826
10,2557
1,511
1,370
1,492
3,1172
1,469
2,797
1,264
10,3138
1,345
5,1895
2,6147
1,417
7,2307
10,3706
10,3268
5,1568
1,352
3,1098
7,2494
1,259
10,3505
1,281
10,2799
1,371
10,3634
5,2015
1,402
9,2513
2,766
10,4007
10,2385
1,363
5,1382
10,3223
1,332
1,579
1,350
10,2696
1,296
3,1367
4,1691
8,2446
4,1288
10,3691
10,4131
10,4594
1,397
1,290
10,3141
1,311
1,596
1,302
10,3878
1,610
1,406
10,3491
1,362
8,2016
1,561
7,3029
10,3269
1,573
7,1599
9,3298
1,769
1,714
1,305
10,3418
1,532
4,1796
8,6851
1,398
10,2873
1,446
5,1891
7,2335
10,3423
10,3257
10,2755
1,385
1,423
1,435
7,2834
1,711
8,2457
10,2626
1,332
3,1158
1,489
10,2811
10,9813
9,2292
10,3670
10,2492
1,592
1,475
1,426
10,3822
4,1630
7,2162
10,3947
1,693
9,3023
1,448
10,3288
5,1979
10,2133
9,2624
3,964
1,395
1,485
1,336
10,2508
10,3260
7,2761
6,2109
3,1260
1,488
1,370
10,3647
9,5356
10,2800
7,2799
1,654
10,3230
1,478
1,269
10,3614
10,3533
8,5720
5,3853
1,411
6,2024
1,624
5,1990
10,3209
10,3729
10,3417
5,1391
3,754
1,664
8,1985
5,1995
5,1896
7,30160
2,825
2,583
2,754
1,442
8,2187
1,524
1,541
3,866
3,680
5,1432
1,622
7,2410
8,10566
2,770
6,1979
6,2054
4,1805
1,696
1,473
10,3407
1,279
10,3488
10,3481
4,1443
6,2318
3,1246
10,3200
10,3391
6,1965
8,2459
1,489
3,1319
6,2437
1,496
10,3310
1,595
3,1266
10,11076
10,3295
10,2682
7,2711
10,2448
10,3097
6,2154
7,17219
4,1215
2,822
7,2509
1,499
2,718
1,349
7,1746
5,7863
10,3312
10,3335
1,567
10,3126
2,1759
9,3280
2,1051
4,1576
7,2545
7,2947
3,1239
5,2521
1,412
3,768
8,2567
10,3477
7,2611
1,635
2,607
5,6287
6,2312
3,1183
7,9635
7,2396
8,2766
8,2695
1,695
1,372
6,2139
10,2623
10,3418
5,1893
4,1831
3,772
1,527
5,2849
3,1146
7,2436
8,2985
9,3241
2,910
1,604
1,455
4,1680
5,1835
5,4667
4,1341
7,2910
3,919
10,3006
4,1559
2,546
9,3742
6,2200
10,3445
4,1300
1,488
1,411
10,2602
10,18104
7,1711
10,2473
8,4316
1,295
1,426
1,404
2,937
9,3159
7,2420
7,2263
5,1833
1,626
1,524
10,3952
2,887
1,514
10,3842
2,1090
5,1377
1,426
2,3124
2,668
6,4418
8,1977
4,1405
7,2414
1,608
1,487
10,2346
4,1381
6,2417
10,3465
7,1924
10,2299
1,605
10,3430
1,612
10,10519
3,1315
9,4883
2,723
1,604
10,4267
7,2612
10,5557
1,515
8,2831
10,3980
10,3145
1,531
10,3761
1,343
7,2248
2,870
3,948
7,2352
1,645
5,2022
4,1344
1,442
1,462
10,3234
6,2280
10,16817
1,388
3,1098
10,2370
3,1093
4,1815
3,818
6,2030
1,583
10,8318
6,1225
1,1632
10,2649
10,3191
8,2669
7,12431
1,383
2,812
1,692
1,382
9,3035
2,685
8,10049
1,535
10,2949
10,2469
1,589
1,368
10,3360
3,1155
5,1211
1,547
6,3030
1,258
1,402
10,3338
1,522
8,2639
1,453
10,13191
1,534
1,427
1,394
2,875
2,872
10,3035
1,556
1,604
1,364
3,1006
10,3385
3,1472
5,2096
3,1448
5,1279
1,287
1,478
1,314
1,648
2,747
9,3205
1,578
5,1845
1,465
1,352
10,2466
1,720
3,1042
4,1919
10,2575
1,282
1,488
1,278
1,627
8,2147
10,3817
3,1237
1,550
1,309
1,394
1,409
1,436
2,678
5,1946
3,1192
1,385
1,528
1,306
1,689
4,1452
10,3139
8,2671
7,2673
1,417
1,346
6,1667
1,364
1,447
8,3074
1,554
1,358
3,1074
1,286
1,1037
10,2833
1,568
5,1798
1,394
1,266
1,570
10,3394
1,370
4,1496
8,2840
4,4464
1,394
1,7388
1,496
1,560
1,453
1,354
7,4829
4,1430
1,244
1,533
1,548
1,297
9,3380
7,3143
1,562
1,291
1,518
10,2986
10,5948
10,2310
1,260
7,2380
1,444
9,2144
1,427
1,452
1,235
9,3203
7,7143
8,2687
1,326
6,1593
5,5314
1,444
2,577
1,283
8,5807
8,2462
4,1369
3,1199
10,3104
1,237
1,611
6,2040
7,3530
1,325
1,395
10,3811
1,419
10,3877
1,373
8,2819
1,332
10,2143
1,288
10,3302
1,307
10,3382
8,2877
8,5529
1,426
3,800
8,2485
7,3319
6,1385
1,258
7,3435
1,464
1,628
1,293
1,579
1,369
6,1537
1,410
7,5599
10,3837
1,485
10,3071
1,514
10,3284
1,495
2,891
5,1798
6,2291
1,331
1,447
1,608
1,302
5,1703
7,2541
8,3088
8,2805
5,1641
1,432
9,2505
1,528
5,1894
1,1356
10,2630
10,3470
6,2050
10,3611
10,3366
2,864
6,2237
10,3612
7,4501
10,3545
3,1335
4,1479
1,416
3,1189
5,4343
10,2474
7,2559
7,2509
10,3224
10,3089
3,800
7,5156
10,3474
7,2624
2,757
1,389
1,525
1,403
3,1308
1,348
8,3180
9,3257
1,348
8,2818
9,2201
2,549
8,7051
2,884
7,2215
3,1005
2,1177
1,648
5,1823
2,758
1,407
5,1857
3,819
10,3406
10,2376
1,586
2,987
3,1047
10,3430
7,4790
4,1187
4,1459
1,538
8,2760
2,936
1,416
10,3562
10,5848
6,2037
10,2322
1,755
9,3396
2,2704
3,1140
7,2442
2,684
8,13026
1,897
10,4197
5,1538
1,1091
5,2080
10,4386
5,1533
10,3660
1,543
9,3254
2,688
10,3440
3,1145
7,2589
3,11489
1,587
10,3315
9,3521
1,891
10,3461
1,329
1,390
2,745
1,563
4,1089
3,1476
7,2541
2,752
6,2159
7,2734
1,724
2,1093
4,1556
4,1874
6,2342
10,3318
1,477
3,1145
1,607
10,2574
1,546
2,880
3,1029
8,2715
8,3631
1,485
5,1885
10,2396
1,770
2,902
7,1944
1,490
5,1649
1,712
10,3416
2,864
2,757
2,793
7,5691
6,2175
1,596
10,3402
5,1578
10,3964
2,8569
3,904
5,1780
10,2662
1,716
1,577
1,496
4,1077
9,2990
6,2619
8,1940
8,2654
1,477
10,3707
3,1691
9,5070
3,1002
1,389
10,2706
2,764
10,3767
1,324
8,2717
4,1494
1,425
8,23404
6,4410
3,1007
1,451
5,1717
5,1848
3,1197
3,1160
10,3546
7,2580
6,1832
1,628
7,2339
10,3369
8,2507
2,777
1,763
4,1385
10,3502
4,6903
6,2128
10,3375
1,442
10,3495
1,366
10,2155
1,594
8,8523
1,518
7,2284
2,550
1,678
7,2774
6,2085
9,69417
5,2297
10,3353
5,1785
5,1921
1,518
10,2189
1,585
8,2851
10,3328
8,1998
2,965
10,5186
8,3050
1,445
5,59656
1,609
10,3675
4,1721
7,2268
1,474
1,573
1,432
8,3252
1,434
1,264
1,568
2,803
7,2793
1,243
9,57796
1,605
7,3298
9,9716
10,3356
5,6116
1,457
1,414
6,2109
10,3366
3,1032
9,3306
2,813
7,2756
1,421
1,478
1,520
10,3416
4,1661
10,2366
10,9619
1,255
1,383
8,4363
10,3503
4,1425
9,3079
10,4422
7,2667
10,2444
4,1336
4,1707
7,1864
5,2379
1,626
10,7620
1,520
1,481
2,941
6,1593
3,1006
10,2347
8,2842
8,2162
1,502
1,372
6,2074
10,2994
1,494
1,450
5,46293
1,609
1,545
3,1017
9,3122
1,403
1,385
9,3086
6,3106
1,379
7,29994
1,569
1,396
10,3372
1,410
3,1054
1,743
1,519
2,755
1,1458
2,871
10,3809
6,2160
8,3744
1,329
5,33118
1,413
1,264
3,1264
1,425
5,1719
1,555
9,3123
1,683
10,7651
1,598
10,2667
1,1021
3,1570
1,328
6,2230
2,771
1,250
6,2223
1,341
6,2405
1,520
4,1574
1,464
1,775
1,400
1,852
2,893
3,1843
1,382
6,5198
1,430
1,239
1,612
1,278
9,2490
1,607
10,3951
1,440
1,451
1,406
10,3584
2,729
2,1097
1,354
9,4965
1,378
1,247
5,1756
1,363
2,831
1,521
9,3094
1,459
1,577
1,548
1,514
10,5215
2,1001
1,1813
9,3300
1,420
1,399
8,5603
1,428
5,1878
8,3050
10,2579
1,741
1,717
1,381
1,434
3,1143
2,1522
7,25976
4,1345
1,433
1,300
4,1468
1,484
1,519
10,3446
1,465
1,325
1,770
1,293
1,337
2,817
9,2589
9,4251
3,1270
1,454
1,254
7,8067
1,552
10,3239
10,3955
6,1663
1,375
1,743
1,580
9,2159
6,3371
2,619
10,3279
6,2076
3,1106
1,268
10,14259
10,3339
6,2117
5,2347
10,2162
1,396
1,768
2,578
1,331
1,540
1,421
10,4465
3,913
1,392
1,263
5,1917
10,3696
2,866
2,733
7,2549
2,726
4,1712
4,1578
1,600
5,1879
1,401
5,4748
1,831
10,5338
10,2735
5,1914
8,3078
6,4257
6,2566
4,1553
1,357
8,2948
10,2566
1,632
10,3359
1,329
3,1501
10,3334
4,1383
5,1805
1,713
10,3600
4,5231
2,770
10,3907
1,418
1,436
10,2240
1,1179
7,2428
1,445
2,870
1,595
1,586
8,2742
1,471
10,3625
8,6562
9,3128
1,520
1,482
1,563
10,6767
1,1669
4,1383
1,358
6,2160
1,427
5,1776
5,1856
2,800
2,729
4,8905
6,2152
10,3528
9,3272
5,1832
10,2174
1,1333
1,505
1,433
1,565
1,465
7,2559
10,4148
1,2058
10,3262
1,646
5,1831
3,1317
1,402
5,1927
6,2076
1,423
5,1698
1,343
6,2439
1,445
10,3375
2,785
1,492
3,1565
5,2464
6,2501
5,1930
10,3192
2,20198
10,3530
5,1938
1,353
1,449
5,2099
1,404
5,1867
10,3255
1,592
4,1448
1,431
1,376
2,869
9,3486
6,19697
10,3285
8,2935
1,469
1,473
2,875
7,3923
1,577
10,3709
1,928
7,2606
10,29246
2,833
6,2361
1,513
2,17406
8,4626
10,3344
1,435
1,423
4,3485
1,438
5,14299
3,1512
5,2277
8,6836
1,484
4,1545
6,1968
10,2742
5,1964
6,8352
5,5241
1,413
1,612
10,3476
7,6779
5,5524
3,1392
1,606
6,6510
5,24577
10,3518
9,3084
10,2628
6,22687
5,2043
2,729
8,25692
1,525
1,505
4,2791
4,2174
7,2307
1,484
5,8394
1,426
4,1476
6,2192
9,2172
5,1957
2,724
6,1963
1,402
4,1195
6,2175
1,418
1,577
4,903
1,612
7,2422
1,479
6,2160
1,450
7,2570
5,1904
10,3694
2,804
1,540
9,2005
1,541
1,513
5,2289
5,1967
5,2720
8,2704
1,469
1,551
1,382
3,1329
3,996
6,2128
5,1572
1,541
1,399
5,1885
1,533
4,1796
7,2339
1,734
8,2818
1,456
5,1882
1,659
5,4582
4,2890
1,433
5,2204
1,366
10,2382
9,2899
1,405
9,6798
8,2566
4,1739
6,5762
1,578
8,2704
1,680
6,3310
10,5928
2,721
9,3184
1,385
10,2502
1,9478
2,838
3,1271
7,3722
1,657
4,1007
4,1500
10,3780
1,485
10,3840
3,961
9,3269
6,2374
3,1087
6,1844
4,1412
6,3215
5,1987
8,5701
1,819
5,1626
1,399
1,3270
5,1830
5,2293
6,2063
1,405
4,1929
5,1699
9,3323
1,485
1,23729
10,11936
8,3836
6,2854
2,980
1,8021
1,2042
1,650
2,1113
2,656
4,2776
2,763
1,622
7,1814
10,11526
3,1512
5,1890
6,2246
5,37959
3,1025
5,15662
5,3438
1,621
6,69611
1,397
1,343
1,28942
5,1742
5,1807
1,354
2,860
9,3126
1,452
3,1041
2,820
1,853
1,395
4,1438
5,60137
5,1839
1,418
10,3429
4,1492
10,3303
8,2725
4,1070
1,640
1,462
4,1330
2,795
1,355
1,483
2,661
1,596
7,2556
1,374
6,2141
10,3593
5,1853
1,552
9,3187
5,12957
5,4443
9,3079
1,495
3,1162
1,551
2,911
4,1479
10,3862
1,345
6,2952
7,2309
10,3446
5,1577
8,2715
7,2499
1,485
5,1541
1,330
4,1287
1,435
1,358
6,1896
8,2771
1,347
1,450
4,1772
3,1269
1,514
4,1890
4,1603
3,1105
5,3225
1,586
5,1763
1,420
1,537
1,332
1,343
1,330
2,702
5,1882
6,2080
2,479
8,2293
1,476
2,580
9,2942
1,346
1,445
4,27773
1,577
5,5365
4,4112
1,388
1,633
9,5013
2,915
9,3099
7,2749
1,664
1,386
1,623
1,389
9,3405
1,789
10,3743
1,475
5,8152
5,1820
5,8728
5,1984
5,1886
1,384
8,2110
1,358
1,512
7,2419
1,284
5,1729
1,466
3,1288
1,619
1,480
1,352
10,17923
5,2613
9,3579
5,2751
6,1987
6,2126
1,480
4,1686
1,240
5,1871
2,510
8,2966
1,484
1,487
5,1835
4,7622
1,555
10,3156
4,1348
2,863
1,516
2,906
2,930
1,274
3,7711
1,581
1,524
1,388
1,409
1,514
1,372
5,1747
1,399
1,414
1,567
1,371
1,320
9,14316
1,357
7,2663
1,675
5,1857
1,511
1,357
3,1115
8,2603
4,1217
6,1925
1,563
10,3754
1,421
1,441
8,3211
1,302
9,4099
5,1903
7,2706
9,17717
1,390
4,1371
1,310
2,835
5,1690
4,1194
9,3123
6,2130
1,403
6,6531
9,3063
6,2138
5,2143
10,7412
1,471
1,339
1,474
4,9236
6,2133
1,522
1,538
3,820
1,823
1,655
6,18343
10,2383
1,757
4,7779
5,4031
1,354
1,461
3,1103
5,1827
8,2790
1,368
1,413
9,2876
1,573
2,926
1,559
1,321
7,4976
1,1742
5,1911
2,986
1,511
5,1688
1,372
9,3085
4,1192
1,417
5,1349
1,434
4,1457
3,1163
10,3276
4,1247
5,1818
1,585
4,1345
1,427
4,1270
1,532
6,2129
2,782
10,3566
10,3506
1,721
9,2817
4,1442
10,3248
1,486
3,1124
5,1726
1,446
1,471
8,2477
1,437
3,1149
1,1560
1,790
10,3245
9,3422
10,3459
10,3722
1,380
9,3326
5,2051
4,1532
1,485
5,2630
10,3231
5,2003
6,2148
1,460
5,2112
1,362
9,13753
10,2180
4,1747
10,2278
9,3111
5,1750
1,616
10,3564
5,1768
8,2412
1,371
1,430
1,453
3,1154
7,2528
1,395
1,475
10,18664
9,2373
6,1809
9,2983
10,3156
2,923
5,1698
7,2182
1,555
3,2275
1,483
5,2755
1,483
6,2279
6,2001
7,2140
7,1963
3,1223
5,7781
5,1674
6,2259
4,5729
4,1445
1,416
10,3327
5,1651
6,2302
1,309
4,1502
10,3750
1,645
10,3419
6,2362
9,12247
5,6313
6,4896
1,422
2,652
4,1479
4,1369
6,2035
9,3034
1,377
1,521
10,2288
1,528
10,2836
1,438
5,1929
5,5062
1,613
6,1456
6,1963
1,367
7,2355
2,639
7,2363
1,330
3,1311
5,5529
1,556
5,1774
3,1142
1,588
5,1737
5,2423
4,1412
2,827
5,1718
1,394
1,480
5,1890
1,318
4,1648
8,3864
1,313
8,16133
4,1553
7,2260
3,5855
4,1980
5,1643
1,378
3,1982
1,492
5,1676
1,660
1,364
10,3673
9,3702
1,669
6,7603
10,3316
9,3108
9,6470
4,1879
3,2790
1,596
1,372
4,1436
1,368
5,2385
1,302
7,2576
5,1973
3,970
2,772
7,2497
4,1355
9,3113
5,1972
4,1229
5,1611
9,5432
1,597
1,345
9,7604
5,1728
1,520
10,4217
1,406
3,948
4,1540
2,1198
5,1900
8,19602
5,2151
9,3017
1,410
1,492
1,354
9,3515
1,343
6,2925
5,6015
1,379
9,11156
7,2819
5,2102
7,2819
5,1715
9,11811
4,1443
4,1586
7,2505
10,3433
6,2222
1,349
2,1054
6,2326
1,399
6,2218
1,553
1,566
1,442
1,558
4,1388
10,3150
5,1618
1,480
5,1557
6,2329
1,396
7,2504
2,1776
1,458
5,1832
1,525
8,5961
1,609
3,1013
5,1922
3,1041
9,2319
1,492
4,1230
3,1225
3,861
3,1008
2,1093
1,543
2,35186
1,512
6,2493
4,1501
5,2290
7,2392
5,1673
5,1728
1,541
8,6002
1,515
5,1410
2,570
9,3740
1,373
1,502
2,874
6,9045
2,1121
5,3269
2,860
5,1605
7,2393
1,431
5,1607
10,3548
10,2378
4,1488
1,33100
6,2149
1,488
1,597
3,1199
1,380
4,3321
6,2499
1,413
5,4610
1,432
1,457
1,534
10,3877
8,2920
6,13102
2,3617
1,471
1,482
4,1490
1,617
1,421
8,2534
9,3127
5,5889
1,552
4,1417
1,461
8,2591
9,2947
5,1805
3,1156
1,1460
1,436
10,10950
1,570
9,2911
9,5820
1,480
1,328
9,2870
1,477
4,1433
10,2794
4,1724
1,22575
7,2098
4,1708
1,580
1,661
1,515
5,1544
3,1353
5,1643
4,1772
1,362
9,4071
1,370
7,2400
8,2249
1,500
7,1592
1,687
1,871
10,15670
5,2181
5,1739
6,2029
1,502
1,625
6,1984
3,1898
10,3187
5,1832
3,1150
1,388
8,4973
1,651
2,1163
4,1532
1,655
7,4336
6,1317
1,473
6,2248
3,1415
10,8056
1,494
10,3379
7,2627
1,492
9,5265
2,790
6,2165
1,803
3,1966
9,3583
3,1323
1,445
9,3280
7,2376
5,1886
1,525
2,627
8,6219
1,507
8,2526
1,601
1,517
1,575
1,586
3,6758
1,422
1,273
9,4106
2,798
5,1710
4,1382
7,1731
6,2258
1,428
4,1244
1,466
1,539
7,3534
1,510
5,6863
10,3714
1,235
6,2164
3,893
6,2876
1,483
7,1573
2,684
1,596
3,1329
10,15270
3,1339
1,597
1,426
5,2047
4,1341
1,236
3,788
8,2750
5,4279
7,6860
2,640
1,620
1,389
7,2757
1,10963
1,390
1,468
1,413
7,2228
7,2372
1,285
6,2035
4,1328
9,3686
1,488
10,2180
1,572
1,653
2,839
2,820
7,2636
1,498
9,3433
1,366
7,2471
1,430
3,1157
7,2588
2,802
1,539
5,1211
1,406
4,1409
1,479
3,1036
8,2444
1,426
8,5611
1,268
4,1260
1,436
1,354
3,758
5,1734
1,537
3,878
1,403
1,418
9,2725
1,822
8,2338
1,462
6,2177
1,337
6,2026
5,1352
4,10170
8,2745
1,380
1,537
3,1143
1,421
2,730
9,2100
6,1855
9,3062
1,438
7,2277
4,1359
1,450
4,1751
10,14216
7,2525
7,2331
8,3026
6,1563
1,401
1,393
3,775
1,466
8,2756
1,555
2,848
1,352
1,492
7,3238
1,4626
2,880
4,1099
1,647
8,2252
1,616
10,3832
10,3427
1,428
4,1571
1,531
1,429
1,376
1,508
6,1770
1,469
1,525
8,3200
2,1012
10,2508
1,451
6,2173
5,1401
7,2343
3,1136
2,1144
4,1548
2,4791
1,393
3,1125
7,2406
9,2402
1,630
3,1263
5,1270
1,464
2,6590
10,2224
10,4479
7,2354
6,2231
8,2766
1,643
1,414
1,442
7,2325
9,2285
5,1810
7,2714
1,376
1,598
1,348
1,332
4,1463
2,914
2,898
10,39259
1,427
1,408
9,2417
1,474
3,1116
1,2803
2,828
1,422
1,468
5,2369
10,2236
5,1795
1,671
7,2399
1,599
1,550
1,378
6,1695
4,1326
10,2599
1,642
4,1559
1,452
10,3112
10,3769
7,2236
8,22391
9,3273
3,1436
6,2333
5,1658
1,404
7,1932
2,712
5,1494
9,3818
9,2996
1,538
9,3249
8,2748
5,1830
1,596
9,2473
8,3060
2,3651
1,283
1,530
1,398
1,574
1,528
1,590
2,675
4,1592
9,2223
4,1369
1,554
4,1497
3,949
9,3006
7,2258
1,478
1,384
10,3239
1,580
10,3919
1,532
8,2850
1,438
3,989
5,2219
1,320
5,1689
10,3411
4,1775
3,760
1,447
1,498
9,2733
1,394
10,3753
1,488
7,2092
1,434
10,3356
6,2005
1,303
1,470
5,1454
8,2664
2,699
8,5139
4,1339
4,1378
1,388
7,2146
1,512
3,1422
1,635
1,537
4,1459
1,439
10,3264
1,304
3,1251
3,1302
9,9298
2,1012
10,23195
1,289
5,1793
1,508
8,2877
1,440
10,3847
5,1636
1,312
3,1155
10,3291
8,3149
8,2222
3,1170
7,2698
1,468
1,534
3,1241
1,537
6,1796
1,409
7,2618
5,1681
1,303
9,2868
10,2552
7,2158
9,6856
6,2227
3,1572
6,1987
1,450
1,434
1,480
1,603
1,456
4,1099
1,351
1,346
5,4032
7,2200
9,2203
4,1397
1,461
2,598
2,639
8,2638
1,376
6,2221
9,3096
1,478
10,3558
1,380
1,355
5,1739
5,1266
2,794
8,2819
3,941
4,1535
2,921
6,1695
1,371
3,998
9,3038
1,380
5,1337
4,3719
1,450
9,2971
1,382
1,558
3,1053
10,14789
9,2929
3,773
3,1039
1,379
6,2011
3,1205
9,2979
10,2336
9,4187
1,308
5,1727
1,438
1,526
7,2356
7,2538
8,2735
7,1850
7,2443
1,430
1,1122
10,2318
10,3333
10,3059
3,1047
10,2103
5,5939
1,310
9,3197
8,2545
4,1444
3,1203
3,1132
2,754
1,493
10,3386
5,1239
4,1466
8,1867
9,3227
4,968
5,1764
1,312
3,1373
7,2071
7,2266
7,2222
8,2605
3,1094
1,361
7,2359
10,3244
9,2011
10,3787
5,1695
10,2427
1,389
1,375
5,1322
1,398
7,2557
8,2661
9,3114
8,2631
1,481
4,1315
1,384
10,3746
6,1505
5,7268
4,1384
7,6498
1,314
10,3506
1,384
1,457
6,2178
8,2705
4,1571
1,344
4,1187
10,3700
9,3835
10,2738
1,489
10,3637
4,1362
1,307
10,3181
1,258
6,1750
1,584
1,357
7,2408
1,414
1,725
7,1731
1,427
5,1710
1,471
10,3408
2,875
1,287
10,2404
1,257
2,666
9,2141
4,1284
3,1265
7,1790
6,2138
1,422
10,4312
2,756
1,546
6,1518
1,383
1,290
7,2067
1,366
3,1072
9,3031
1,518
8,4040
10,2439
2,687
1,301
6,2256
2,716
5,38578
6,1621
1,520
1,363
5,1906
1,398
3,1029
3,1009
1,483
7,2373
10,2626
7,1818
1,321
6,2155
5,2307
1,383
10,3040
1,538
8,2051
1,347
1,406
2,925
10,2670
1,376
2,1031
10,2647
3,1013
1,406
2,999
1,536
1,436
5,1794
1,469
3,826
1,524
1,375
4,1942
5,1605
1,457
1,602
8,2502
2,573
1,302
2,886
1,295
1,377
2,760
1,498
4,1549
1,433
1,512
8,2952
10,2513
1,393
9,3111
10,3064
3,721
1,402
10,14967
1,309
5,28552
10,2401
5,1831
10,2666
1,393
2,848
9,3237
1,271
3,716
9,2220
10,3000
8,2531
1,572
4,2535
1,369
1,441
5,1780
1,7344
10,2900
1,344
1,378
4,1337
10,2611
7,2037
3,1234
2,784
9,7322
5,1545
8,4561
1,276
1,636
5,1751
1,417
10,3450
1,412
1,284
8,2409
7,1755
1,347
10,3345
7,2851
4,1499
1,364
4,1480
1,369
1,565
7,2088
1,477
2,629
1,343
5,1257
7,2058
5,1770
8,3065
5,1208
10,3107
8,2832
1,394
2,874
1,336
1,571
6,1561
1,405
7,2048
1,348
9,3241
8,2691
10,2922
1,327
10,2369
2,589
1,388
1,367
8,3077
1,304
1,826
8,2779
1,346
6,1473
1,402
9,3215
6,1625
1,360
1,338
1,927
3,782
3,1290
3,954
1,499
1,325
5,1812
10,2684
9,3021
10,3398
1,499
3,977
1,388
1,446
1,275
10,2634
5,1228
7,2418
10,2633
6,1837
1,289
7,9522
5,1717
8,2654
5,1341
3,936
10,2624
1,401
1,292
7,2389
7,1895
7,2096
8,5213
5,1280
1,480
8,2808
4,3619
3,1143
6,3390
10,2395
10,2642
5,1193
1,441
1,334
2,656
1,434
6,2042
7,2381
10,2172
1,413
10,2981
2,689
4,1406
3,1201
2,474
5,1372
1,594
1,272
1,341
10,2782
1,364
8,2831
2,848
10,3046
10,3101
5,1371
5,3682
1,623
6,2068
5,1942
10,3362
10,3482
1,360
1,359
9,3170
1,452
10,3138
9,3243
8,1947
1,539
5,1821
6,2189
1,738
3,1093
5,1396
8,1811
7,2582
1,391
1,362
4,1165
1,420
5,1983
1,685
7,1941
1,21400
7,2220
8,3472
1,745
1,427
7,1851
10,3351
3,843
2,694
1,352
3,917
1,387
3,1333
1,266
10,3388
8,16430
10,2717
6,2171
1,573
4,1502
6,1904
7,2228
10,2477
1,309
1,262
10,2318
5,1495
1,544
1,321
5,2055
1,357
5,1439
3,1272
1,352
7,2567
8,2005
5,1213
4,1465
1,431
1,241
5,1470
1,248
4,2686
1,367
2,647
1,394
3,1379
10,4676
1,280
4,1446
10,3322
10,2509
10,3715
1,599
3,701
1,359
1,324
1,479
1,327
7,2600
1,409
1,477
4,2048
1,294
7,2547
5,1615
2,794
10,3301
1,323
4,988
6,1536
1,372
1,619
1,302
2,702
1,320
8,2312
10,3843
1,272
1,507
3,1034
10,2416
8,1954
1,261
10,2948
7,2161
1,374
1,689
1,302
10,2198
1,384
1,318
7,2584
1,254
2,1934
4,1401
7,2082
10,2948
9,3246
10,2937
5,1908
1,369
1,376
1,385
3,800
2,609
10,3526
4,3550
1,279
6,2231
1,606
2,631
7,2383
9,3261
8,1814
4,1164
4,1410
1,393
1,332
5,1810
6,2141
10,3149
3,1656
10,2600
3,1284
1,489
3,867
6,2114
3,1166
10,2767
4,1505
6,1652
1,377
1,299
7,2541
10,3105
4,1795
1,807
1,588
7,2499
1,396
5,1509
10,2864
5,1339
7,1920
10,2924
10,3009
1,408
9,2303
6,1269
4,1556
10,2627
2,1000
1,371
2,539
1,507
6,1755
2,805
10,2567
6,1554
10,3138
10,3256
1,469
3,880
8,1804
7,2838
10,3646
6,2176
8,2901
3,719
1,416
7,1830
1,663
1,369
2,744
10,2561
10,3090
1,387
10,3216
10,2438
8,2558
2,956
7,2330
10,3466
8,2312
1,514
8,2287
1,495
10,2511
7,2578
8,1898
8,2652
1,326
5,1548
5,1904
10,2424
9,7375
7,2137
10,5105
9,5174
1,409
10,4301
1,471
7,1908
10,3130
10,3306
10,2522
9,2416
1,434
1,442
8,1897
9,3264
2,767
9,2421
4,1378
1,294
5,1920
1,267
5,1603
2,826
6,1478
10,3623
9,2087
10,2046
1,396
4,1282
6,2002
3,1283
2,1546
8,2168
1,290
1,536
1,249
10,2539
3,826
1,301
2,769
10,3067
7,1770
1,382
6,2220
2,929
8,2004
9,13425
7,2311
1,314
4,1552
1,306
4,1136
5,1437
1,395
7,2067
10,3542
5,1933
1,515
2,886
1,594
9,3085
10,13459
3,903
4,1302
3,1394
1,365
10,3440
7,1751
6,1475
10,3154
4,1481
4,983
1,518
3,989
2,886
8,2678
2,765
8,2411
1,540
1,630
1,340
5,1731
6,1599
1,348
2,735
10,3605
10,2219
1,651
10,2938
1,506
4,4992
2,836
7,2118
1,444
1,574
1,249
10,2255
8,2089
10,2249
3,916
1,544
5,1237
3,1260
10,3389
1,552
3,1341
10,3616
2,967
8,2278
1,560
1,389
8,2140
10,3590
1,513
5,1994
10,4806
10,2315
1,538
4,1674
1,322
1,364
8,3100
1,767
10,3859
1,396
7,1887
10,2485
5,2583
1,317
7,2675
6,2305
10,2362
4,1269
10,3846
1,392
1,397
4,1646
1,482
10,3754
1,413
6,1609
6,1511
3,1412
1,575
6,1534
2,665
8,1796
1,542
9,3399
1,453
1,473
6,2473
1,418
6,3485
1,437
10,2953
5,1780
4,1571
1,374
10,2723
10,3478
10,2248
1,584
2,846
1,368
1,441
2,816
1,297
9,3138
1,301
3,906
10,3045
9,2817
1,415
8,3058
2,781
6,1285
1,490
5,1875
1,445
8,2767
8,3194
1,379
2,784
1,323
5,1091
2,820
1,347
1,318
5,1832
8,3423
10,2564
1,498
6,2213
1,400
1,591
6,1842
1,494
9,2724
1,657
7,2666
1,585
1,398
1,287
1,697
4,1603
5,1588
10,3722
1,5439
10,4064
1,525
4,1329
1,652
10,7804
1,603
4,1188
1,539
1,385
2,628
1,987
6,1597
7,2034
1,558
1,609
1,448
1,309
10,2881
1,443
2,643
8,2449
10,4704
1,432
1,272
10,2156
4,1149
2,655
2,602
10,3297
1,3571
8,3846
1,341
8,2127
1,526
10,2542
1,330
5,1371
1,20211
1,424
10,2999
3,14378
8,2516
3,1189
10,3475
1,442
8,2908
7,2563
1,520
1,402
2,807
4,1634
3,1290
7,8069
1,374
5,1125
1,380
6,2215
1,275
4,1366
1,484
4,1462
1,294
1,279
1,572
8,2937
10,3344
1,420
1,392
1,317
5,1212
1,493
4,1277
1,316
9,3264
5,1848
6,1650
1,441
1,364
9,1969
6,2242
9,2274
8,2511
1,261
1,352
7,1801
1,430
10,4971
1,328
10,3288
1,657
6,2219
2,579
1,362
9,1973
4,1965
10,3170
1,472
1,253
1,380
6,2213
1,730
8,2302
1,247
9,2670
1,481
4,1428
1,397
1,376
10,2431
2,891
2,986
10,3503
1,326
1,373
5,1339
1,409
2,740
1,339
6,2148
8,54492
10,3380
9,2105
1,344
5,1483
8,2030
10,3799
10,4491
1,255
1,384
5,2001
1,407
1,375
1,349
2,886
1,7072
2,900
3,848
1,313
1,424
10,3107
9,2069
4,1004
1,261
1,544
3,1185
1,432
1,465
1,354
2,868
1,5908
9,2961
10,3013
1,412
10,2506
4,1568
6,1622
10,2770
2,952
1,389
4,1525
1,434
1,378
1,456
10,3772
1,446
6,1570
5,1700
1,462
10,2777
6,2455
10,3314
9,7117
10,3285
10,3861
1,539
1,286
1,477
1,452
8,2886
1,553
4,1443
10,3440
1,472
5,1594
8,2533
2,839
2,893
3,711
10,3614
1,337
9,2824
1,689
1,263
4,1365
4,1502
9,2985
10,2603
10,2866
3,936
1,550
2,5093
10,8753
5,1447
4,1453
9,3251
9,2510
1,573
2,621
6,2000
3,1168
8,2238
7,2372
2,625
5,1730
1,500
8,3154
9,5743
5,1494
9,3059
10,3836
10,6943
1,534
10,3236
2,774
4,1333
7,2318
5,1853
9,2210
10,2428
1,503
4,1604
6,2007
8,1986
10,6583
4,1286
10,8094
1,279
5,1957
8,2167
5,1672
10,5085
10,2736
6,1910
10,2840
1,419
2,790
1,567
10,2467
9,3025
10,2710
4,1371
1,370
6,2384
1,443
3,1287
8,1892
3,1038
4,1603
10,3362
1,494
6,2061
1,384
5,4167
6,2208
10,5854
10,3367
1,484
7,2432
6,1405
2,939
1,476
4,1590
10,3091
8,2905
1,312
8,2784
1,589
5,6836
2,1021
9,2843
10,3578
8,2030
8,1959
1,584
3,1359
4,1401
10,3242
8,2425
10,3363
1,404
1,818
1,552
10,3670
10,3363
1,351
1,372
10,3611
5,1908
1,442
6,2337
1,558
10,3114
8,2177
7,1466
1,541
10,4061
1,396
1,416
2,974
1,342
6,2230
4,1720
3,1255
10,3015
6,2332
2,635
8,1908
1,617
10,2732
1,372
6,4917
1,601
8,3151
8,2691
10,3287
2,840
8,3477
4,1211
1,332
7,9522
6,1366
10,2292
4,1244
5,1619
1,367
1,714
2,900
1,346
4,1463
9,6391
10,4174
9,4011
1,358
1,650
7,2722
3,911
7,2556
6,1967
2,967
7,2088
4,3550
1,481
10,3677
2,773
1,496
2,845
7,2478
8,2037
1,589
10,32005
4,1167
6,1849
2,808
1,579
2,624
8,6684
1,391
4,1587
6,2301
1,519
8,2948
10,2697
1,433
1,546
5,5245
10,5163
10,2601
8,2770
1,666
9,2727
1,395
2,705
10,3678
8,3050
1,458
4,1691
6,2563
10,2189
4,1320
4,1265
1,381
1,411
4,6476
1,465
6,1740
1,22722
1,339
2,852
10,3858
1,409
6,1902
1,572
10,3089
1,384
8,2871
1,458
1,259
10,4512
1,498
10,4196
1,426
1,416
9,2985
6,1383
1,428
2,579
2,847
4,1162
8,2461
5,1869
1,464
1,249
2,906
5,2106
4,1450
1,249
10,3535
9,3400
4,1309
1,393
8,2631
3,1357
10,3424
1,301
3,1298
1,412
1,232
9,3438
1,336
3,1185
1,235
8,2241
10,3799
8,2507
6,1967
10,4265
10,4356
9,3360
1,537
1,381
1,376
1,242
2,1041
1,417
8,3364
1,250
4,1278
6,2158
10,2849
1,544
6,2061
10,60119
2,1141
8,3044
2,828
1,437
1,256
5,1656
1,311
8,14288
1,394
8,1949
1,672
1,356
1,597
1,456
4,57567
10,5769
2,655
2,938
1,401
1,243
10,6568
1,263
1,8197
1,242
6,2484
1,461
1,401
1,627
4,944
2,30619
9,3613
6,2239
4,1337
1,592
1,266
6,2067
1,233
4,4305
2,615
10,3564
1,678
1,297
10,3334
1,365
5,21339
2,1180
4,1225
2,827
1,324
1,242
1,676
1,264
6,1628
9,2239
4,1768
1,622
1,246
2,797
1,556
10,34903
6,2315
2,846
2,833
1,278
1,590
8,2703
2,881
2,592
6,2179
6,2091
1,472
1,280
10,3266
8,1864
9,41427
8,3029
10,3168
1,550
10,3085
2,928
5,2118
10,2464
10,3754
7,2913
2,613
1,491
1,287
6,2055
1,581
6,2077
1,690
7,2041
7,2322
6,5098
5,1869
1,555
5,1052
10,2533
10,3002
9,3521
1,636
1,375
4,1238
1,289
1,522
1,456
8,2774
1,355
9,4723
2,736
1,465
7,1809
4,1445
8,2533
6,1940
2,942
1,398
2,825
1,268
8,2660
1,425
10,3354
8,2351
10,12410
5,1459
1,459
6,1557
2,886
10,3202
10,3319
1,555
1,353
8,2304
1,260
5,1771
1,554
4,1255
6,5817
2,2378
5,1324
1,496
8,2046
9,3849
8,2518
4,1446
1,436
1,326
6,2376
1,351
1,492
1,561
6,1601
1,343
8,3004
7,2082
1,534
10,2279
10,4655
1,527
7,1723
1,393
2,553
4,2869
1,253
1,486
1,421
3,956
3,935
1,416
6,1647
3,1132
3,1396
5,1915
4,1499
8,2692
10,3569
6,1775
8,3114
1,275
4,3615
1,378
10,3797
1,598
3,1192
8,2798
1,1879
4,1531
6,2137
2,725
10,2341
2,754
4,1566
2,715
6,1537
1,48289
1,469
4,1760
5,1881
6,2441
10,3334
1,404
1,462
8,2789
3,823
8,2026
8,2944
10,3120
10,3406
4,1604
1,379
10,3606
10,15135
1,420
3,1183
5,1630
1,382
1,467
1,402
10,2636
1,406
1,505
7,2316
6,1997
10,3593
1,602
1,406
9,4919
1,492
5,1889
3,1198
1,357
9,2543
5,1885
10,3509
4,1155
4,1480
10,3125
8,2940
4,1779
1,1863
2,771
2,4825
7,2422
4,1514
4,1550
1,378
10,3825
1,566
4,1531
6,2130
8,2801
8,2575
7,2642
10,4055
4,6136
1,333
10,3587
1,430
2,833
10,3919
4,1489
10,3681
1,392
10,3481
2,849
6,2529
4,1033
4,1586
7,2932
1,439
4,1490
5,1746
1,369
3,1212
1,561
6,2014
4,1655
1,563
9,2962
3,1043
9,3263
6,1638
10,3526
8,2975
6,4610
2,918
6,2678
1,364
7,2379
1,483
7,2613
10,3434
1,2576
5,1894
1,475
10,11186
3,854
10,3407
10,29132
1,476
6,1632
1,811
1,422
3,958
9,2154
4,1419
9,2831
1,2230
2,854
1,426
10,3007
10,3530
1,494
6,2407
6,2039
8,1925
1,721
1,502
7,3651
10,3363
2,757
10,4176
5,1971
6,1938
1,413
2,573
10,10525
8,2575
2,576
1,410
6,2087
8,3090
1,427
6,2367
4,1479
3,1058
9,3050
1,391
5,1719
1,357
9,2713
4,6319
1,397
3,1175
5,1697
8,4642
5,1948
4,1466
10,12505
10,2880
4,1500
1,331
1,412
1,321
1,635
6,1915
9,3174
1,284
10,2626
3,1113
4,1309
1,418
1,445
7,2297
9,6725
3,1050
6,2566
1,429
8,14903
1,371
4,1019
2,814
1,335
10,5547
3,1186
2,605
1,602
5,2763
4,31260
10,3584
6,2060
1,714
4,1423
1,359
1,393
7,1994
5,1998
4,924
4,1564
1,420
9,2161
1,710
4,1515
5,1772
1,389
6,1916
1,597
1,379
1,582
1,459
8,1872
10,3731
1,237
9,3143
4,1435
6,2491
1,640
5,1796
2,886
9,7244
7,2594
1,571
1,567
1,548
1,308
10,3320
6,2353
1,283
2,915
6,8199
9,2849
1,627
1,8859
4,1501
1,672
10,23766
2,906
4,1613
1,545
1,256
8,1897
1,435
1,304
10,3373
10,16860
4,1404
1,653
6,8672
1,6880
1,528
4,1595
1,496
6,15498
1,530
10,2607
1,471
1,372
1,270
5,1828
7,2228
8,2393
1,687
8,19922
1,528
1,434
6,2481
1,585
2,3001
1,482
5,1460
4,1281
5,1923
1,436
6,2026
5,1760
7,1871
1,481
5,5876
1,645
1,439
3,1166
1,468
5,12251
4,4463
10,3317
6,1843
4,1285
1,307
1,442
7,2186
10,3127
1,484
7,9409
1,543
1,411
2,782
1,475
4,1602
1,471
9,3508
2,793
1,368
2,588
8,3467
3,1116
8,2426
6,2411
5,1963
1,638
1,437
1,379
1,463
3,988
6,5518
2,841
3,1281
8,64747
6,1501
1,489
6,2228
1,456
4,1616
6,2505
1,559
1,380
4,1392
1,400
10,5483
1,492
10,7595
1,428
1,488
3,967
5,20983
8,2998
4,1133
5,3329
4,1510
1,492
1,568
2,608
1,396
6,2273
1,407
5,1946
1,340
1,337
2,872
2,2794
4,1363
1,462
10,28046
1,563
1,462
1,514
8,2639
2,840
3,57183
1,537
1,531
1,269
1,459
5,13571
1,473
2,5257
10,2848
2,833
4,1405
5,7684
1,493
2,760
10,3171
7,16492
5,1730
8,3134
1,463
1,478
10,13762
1,475
2,5799
2,733
3,1105
4,1849
2,2820
6,16287
7,2503
7,1771
6,40810
4,4777
3,1428
1,375
1,440
10,3443
1,383
3,1313
6,1485
4,1345
3,1224
1,3049
2,1081
6,2214
6,2090
4,3516
4,1450
6,2208
1,359
1,370
9,13143
1,395
7,2826
3,1029
4,11071
4,2273
8,2811
2,921
2,861
2,749
6,2299
2,833
4,1637
1,302
1,369
5,1577
1,427
6,2241
1,440
3,12215
1,520
1,557
4,1282
3,1163
8,2549
1,596
3,1140
5,2010
1,273
1,389
8,5945
1,419
1,367
1,446
6,2359
9,3690
7,1990
8,3695
4,4119
1,343
3,1250
4,1856
4,1461
1,284
6,2175
5,1868
1,541
1,352
1,518
7,2336
1,552
2,904
6,2061
7,2298
4,1251
7,2553
10,3383
2,925
1,347
3,1305
1,586
1,423
2,944
1,389
6,4987
1,517
4,1929
2,994
1,405
10,3487
2,958
6,8482
3,1088
10,4042
6,2193
5,1793
1,399
3,1078
1,365
5,2700
5,1716
1,734
8,2104
8,41203
8,3299
4,1775
6,1996
4,5068
4,10528
4,1467
4,1452
4,1575
4,1507
1,468
4,1481
5,1912
8,2769
6,2029
1,413
2,731
2,740
6,3947
3,1055
10,10681
5,1626
6,2117
3,1253
8,7443
1,448
3,1326
1,519
3,9324
4,1607
1,438
6,2358
2,973
5,1840
10,3466
9,3652
3,1133
2,997
6,2222
1,397
1,361
1,593
9,2916
3,1490
10,2555
1,419
10,3086
7,2560
6,5942
1,593
2,993
4,1561
5,1658
3,1257
1,677
1,550
2,1084
1,707
5,2925
8,2005
1,388
4,1740
3,1419
4,1618
7,2241
2,873
2,2984
4,2699
5,9480
6,2163
1,318
6,19689
1,413
6,7254
4,1229
1,436
8,2738
8,14984
3,1196
6,2445
6,2266
4,5470
3,1010
3,1333
1,447
4,1321
2,2257
1,747
1,1645
2,590
1,517
10,2273
3,1246
1,592
6,6773
8,3421
6,6951
4,15621
6,2152
1,515
10,3612
4,14089
10,3750
1,754
6,2246
5,1524
7,2450
4,1932
2,879
7,7491
8,2792
6,2211
1,463
7,4923
1,374
9,3130
8,2874
1,1002
1,765
10,3274
1,350
10,3223
6,2225
4,1168
1,481
1,330
7,2122
3,3500
4,1466
1,457
5,1892
2,838
1,486
5,3136
6,2316
1,438
8,2675
1,3290
2,767
5,18072
6,2090
4,823
4,6548
4,1569
1,339
10,6226
7,2473
9,3234
1,649
10,3614
1,1050
4,1063
1,422
4,1103
1,535
4,1493
6,1926
6,2214
7,2537
8,3531
6,2333
1,4953
8,3536
5,1777
8,2862
1,436
6,1567
1,878
2,870
4,1543
4,1357
1,217
10,22979
10,5384
1,380
1,14659
6,5602
1,478
4,1685
7,2406
1,454
2,475
7,8046
8,2188
1,565
3,1183
3,2961
5,1667
5,3259
1,402
5,3389
1,8751
5,1781
9,11668
8,2719
5,1495
3,818
1,452
7,7923
1,532
5,1586
5,10292
1,1437
1,634
1,444
3,1247
3,1220
1,372
6,2911
10,3369
1,558
1,421
1,603
8,2801
1,502
3,1003
2,687
1,1503
6,2428
1,403
6,2233
2,833
1,1948
5,4343
4,1392
1,356
1,235
1,575
1,555
3,1105
2,1017
2,612
6,2110
3,1305
5,1738
4,1551
8,18891
1,492
8,3231
1,426
5,1929
1,248
1,558
6,2106
1,455
4,4138
4,1376
7,2199
4,1539
5,1965
2,1031
1,583
1,535
5,2298
1,559
9,3006
1,321
1,505
1,455
5,2072
3,1252
8,2860
6,3939
2,822
1,377
4,1790
7,2458
1,491
5,1989
1,413
4,1406
1,260
1,444
1,508
1,357
10,3493
2,711
4,1408
2,1109
6,2423
5,1738
1,778
2,787
6,3284
2,519
4,2203
1,368
1,6930
3,1280
1,544
1,350
7,2462
1,334
8,2657
5,1824
3,1089
4,17939
1,583
4,2016
1,271
5,1758
1,755
5,2365
2,731
1,480
6,6331
6,2590
1,388
2,700
9,5206
3,25503
1,578
2,702
7,2977
1,252
6,5268
1,423
1,8035
1,455
3,1311
7,2350
1,436
2,756
1,487
5,1667
4,1436
1,585
1,453
4,3224
1,558
8,2563
8,2608
1,438
1,547
1,606
1,353
3,966
1,675
7,2343
1,352
10,8199
1,581
4,1515
4,2472
1,403
5,1715
1,697
1,422
1,568
4,1796
6,1944
8,2601
1,1340
6,1982
5,1858
7,2456
6,2155
10,3333
1,597
1,431
6,2131
1,614
5,2517
1,418
2,767
7,11130
4,3821
1,392
8,5348
8,3049
6,2451
1,4560
10,6196
1,571
1,322
1,355
10,3625
1,507
7,2322
8,3252
1,377
2,731
1,358
1,432
4,1740
5,1649
1,529
9,2910
1,445
1,520
4,1345
4,3414
4,1608
1,372
6,2252
5,5530
1,440
1,335
3,1124
4,1505
1,375
1,691
8,2670
1,540
3,904
4,1271
2,1061
1,405
1,491
7,48602
1,352
1,514
6,2562
2,708
4,7222
6,10917
1,513
10,3113
4,1326
10,2837
1,459
2,1044
7,2484
1,587
2,956
1,644
1,446
1,347
4,1357
4,1825
7,14918
5,2010
6,1522
1,430
4,1664
4,1426
10,5046
9,2773
1,486
6,9659
1,565
7,2433
2,843
1,527
2,1035
3,1394
1,459
9,2616
1,435
9,3314
1,484
5,14106
6,13641
1,520
5,16189
1,394
1,348
4,1458
1,504
1,714
1,372
5,1776
5,1697
2,2166
10,3569
1,729
6,2169
5,22671
1,485
1,578
4,1505
1,547
7,2420
1,441
1,632
4,3577
1,740
9,2253
1,577
2,1114
5,1995
8,6997
8,13842
5,2013
1,24088
1,379
1,455
3,1113
1,467
1,665
1,618
1,684
5,1354
1,1644
5,1647
5,1564
5,1778
5,2127
1,424
1,423
1,531
1,502
3,1128
7,2421
5,2022
1,683
4,1722
2,744
1,392
6,2267
9,2084
4,1860
2,752
1,444
3,27831
1,510
1,463
3,1055
1,465
5,1554
6,2372
4,1584
10,4717
1,552
1,644
9,3323
2,986
6,2367
4,1611
1,719
5,1901
1,368
6,2251
4,1351
9,2803
2,1056
9,7092
2,573
1,493
5,2205
10,3537
6,1893
4,1951
9,3796
5,1811
3,1146
5,1771
4,1623
1,402
9,2520
1,345
6,2216
10,2462
1,432
8,18427
1,636
3,1119
1,515
6,2045
5,1877
1,593
1,511
5,1789
1,335
10,3681
1,601
8,10785
1,687
1,577
3,1883
8,2769
4,1408
4,2505
8,6134
1,438
2,998
1,476
8,3297
1,408
1,638
4,1415
5,1725
10,2780
1,562
4,1521
9,3212
5,2095
4,1460
5,15332
9,2926
4,1652
1,482
6,2082
1,533
9,3045
1,399
7,2566
8,2252
5,2014
6,2330
5,1659
3,1303
1,545
6,7744
4,1502
3,1238
5,1838
1,661
1,358
8,2634
7,4907
1,582
1,508
8,8655
3,3473
1,572
3,1150
1,654
7,2613
5,1785
7,2480
1,496
1,739
5,1702
5,5304
1,371
6,17652
1,278
7,2602
5,1786
1,560
4,1452
5,1382
6,2286
1,509
4,1620
1,418
1,525
5,1715
1,438
1,417
4,1871
1,275
5,2023
4,4220
1,526
10,3169
7,2610
4,1322
7,2228
1,625
5,1747
1,505
1,479
1,467
2,814
4,1504
1,265
9,3303
2,942
1,450
7,2387
5,1992
4,1489
1,359
8,2872
4,1060
5,1985
1,466
2,810
8,4044
2,1141
1,343
9,15627
7,2538
1,338
6,1982
8,2607
1,539
6,1919
6,4017
4,1462
4,1531
9,2929
1,353
1,624
1,780
8,2787
5,2002
1,648
1,426
6,1952
10,3555
1,546
6,2038
5,4913
9,4810
6,2353
6,7111
1,382
1,34276
1,562
1,379
1,392
3,1863
2,747
1,489
1,455
4,1600
5,1694
6,2274
8,2692
1,546
5,1594
1,401
4,1480
5,1813
1,313
2,772
1,536
1,373
5,1728
9,3102
2,733
4,1349
5,2478
6,2038
1,600
6,2072
1,467
7,2394
5,2284
1,241
3,1190
4,1395
1,376
7,4509
8,6934
4,1641
1,346
9,8988
5,1793
8,2812
5,1863
1,511
6,23386
9,2755
1,641
5,1866
10,3669
1,316
1,613
5,1849
9,2585
4,1384
1,506
6,2008
6,2260
5,1884
1,377
2,7064
9,5049
1,519
2,1099
1,4590
1,271
1,445
1,695
1,586
4,1386
1,492
7,2416
1,384
7,2392
1,398
8,35836
1,667
10,3411
2,543
7,2564
1,327
1,532
3,13956
5,1612
1,393
5,1973
1,520
5,2038
4,1649
1,380
1,445
1,648
10,2117
4,1535
6,2042
10,2814
4,6395
1,536
5,1946
8,102222
1,416
4,1287
1,544
4,1774
1,257
1,447
1,672
3,862
9,2940
1,5584
5,1610
1,455
1,531
9,2992
2,8009
1,473
4,1323
9,26629
4,4527
2,646
1,751
9,3869
10,3431
10,3693
1,470
1,472
1,556
1,363
10,3529
1,1380
1,656
2,817
5,1991
4,1826
1,431
1,517
10,5075
10,3299
5,1892
6,2098
2,822
1,1295
1,404
1,529
1,357
4,1507
1,470
1,390
2,807
5,1506
5,1411
5,1697
10,2984
10,3419
1,582
4,1453
1,1323
1,418
1,508
9,26757
6,2397
1,510
8,8533
1,457
8,2164
9,3235
8,7688
10,3617
10,6957
5,2084
10,3589
1,1205
1,659
9,6325
1,328
5,1683
5,2936
4,1719
1,470
4,1499
4,1869
1,450
7,1725
8,3043
1,553
5,3249
1,1335
1,518
1,964
1,531
5,1853
5,1810
6,13749
1,568
9,3583
1,400
1,630
6,1686
8,2648
1,525
9,3003
3,1134
1,461
5,4355
1,463
8,2862
9,3299
4,4302
5,1889
5,1739
8,2940
1,633
10,3451
6,2170
1,535
8,2340
1,513
1,703
1,498
1,545
5,1807
9,3895
1,574
5,1800
10,3263
5,1722
1,505
4,1103
1,553
4,1689
10,6570
6,1911
1,848
8,20805
1,383
7,2459
1,487
1,574
9,3452
10,3374
6,2315
1,608
4,1728
1,443
1,546
6,1681
7,3618
2,2685
1,276
1,365
6,2158
10,3585
1,1184
9,3627
9,7550
6,28821
1,467
10,2322
1,257
1,493
10,2589
2,1081
9,2239
1,495
1,486
1,545
8,2496
1,890
9,3514
6,1672
4,1525
1,441
4,1424
1,374
3,1039
5,1343
2,1187
5,2029
1,563
10,7010
1,684
1,490
1,595
1,392
1,391
6,2114
1,461
10,2946
1,370
4,1373
2,603
2,1023
1,551
1,666
5,3831
4,1435
5,1660
1,473
1,443
10,3236
4,1458
2,999
10,3112
1,317
2,726
10,3351
3,1086
2,762
1,363
1,385
4,1533
9,8462
1,620
8,2787
5,1299
5,12011
1,545
6,4089
1,395
2,688
1,355
7,61727
4,1166
1,457
5,1810
4,8731
1,458
4,1375
1,554
2,633
4,1361
5,1792
1,503
9,1979
8,2817
10,2216
3,1394
1,397
2,901
9,2643
1,377
1,362
2,708
10,12206
10,2500
1,609
10,3216
1,485
1,445
2,900
10,2820
4,1606
10,3718
1,600
9,3204
1,424
1,680
1,521
1,412
2,810
7,20053
2,687
1,401
10,3342
7,2574
5,1147
8,3025
5,1823
1,482
1,549
1,611
1,510
9,3262
5,1782
10,3509
1,700
4,1355
1,378
1,736
8,2944
8,1870
1,404
9,3127
1,541
5,2107
1,373
1,590
7,2720
1,361
10,3338
1,547
10,3603
1,272
1,298
6,4975
9,2221
7,8244
10,5923
5,1319
9,13900
1,483
1,408
5,1839
1,1542
5,1323
1,364
10,5385
1,302
1,259
2,2810
1,412
1,511
8,2556
2,712
1,593
4,5119
1,382
9,5486
1,435
8,2461
4,1646
5,1928
6,2147
10,3344
3,1125
1,272
1,438
6,2126
10,3807
5,1493
2,761
1,322
10,3228
1,349
8,3006
1,531
9,13685
1,301
2,703
7,2647
1,310
5,1972
9,2730
9,3571
1,400
1,382
1,449
3,940
1,374
1,533
5,2547
8,2782
1,367
1,382
5,1667
1,278
1,519
10,3636
10,2860
2,769
1,700
1,487
8,6983
1,420
1,270
1,576
6,2195
1,337
10,3557
1,648
1,477
5,1832
2,977
9,2990
1,524
1,649
1,732
5,1854
1,462
1,250
2,1010
1,833
1,316
10,3375
1,680
1,394
4,1623
2,642
10,3354
4,1151
1,1163
2,639
2,701
1,331
1,351
1,1683
9,6215
10,3263
8,2078
1,465
1,254
1,6961
10,2335
5,4601
10,3496
1,450
9,3034
1,539
10,3169
1,244
1,598
5,2011
10,2898
10,3182
5,6797
1,229
6,2113
1,362
8,2805
10,3366
1,520
5,1663
5,2175
2,616
1,253
1,488
2,1040
4,1485
10,2200
1,392
1,237
5,1918
10,2569
1,556
9,5217
1,652
2,654
2,1000
1,490
1,286
1,462
10,2530
10,3352
10,2325
5,1703
1,242
5,1877
10,3311
10,2649
5,1633
5,1647
4,1439
4,1197
5,1452
1,253
1,304
1,387
10,3483
10,2230
4,4469
10,2358
8,2826
8,2559
9,2815
9,3245
5,1678
7,1580
5,1565
4,1202
1,235
1,447
10,2538
10,2876
10,3474
8,6335
10,3618
9,16761
8,2382
5,1865
8,3025
9,2810
10,3585
10,2556
9,3176
1,334
1,579
10,3489
10,2667
10,3265
5,1698
10,3257
5,4524
1,405
2,681
9,3237
1,607
9,4206
9,3173
5,10103
10,2794
5,1843
5,1246
6,2105
10,2925
5,9570
10,3397
6,2491
1,264
2,693
6,2074
8,2547
5,1586
9,2236
9,13601
10,3554
9,3023
8,1850
3,1323
10,4753
6,26792
10,2309
7,2307
1,250
1,282
1,448
9,2686
8,2845
1,594
10,11596
10,2875
9,10557
1,477
1,711
1,602
1,1628
10,2841
1,684
1,274
10,2463
1,259
5,2789
6,2131
10,3257
10,3497
10,2262
10,3607
1,339
10,3658
1,384
9,44244
10,2252
1,388
1,228
10,2585
1,307
5,1711
3,1057
1,372
6,1883
10,3463
8,3039
1,422
7,1962
1,444
7,11596
10,3436
4,1501
1,296
5,1136
1,397
10,35846
1,457
5,1745
1,356
10,2123
5,2061
1,333
2,1019
1,332
6,10764
6,1664
4,1438
1,266
8,2172
1,357
2,814
9,3070
1,510
10,2466
10,2081
1,473
1,483
9,2144
1,387
4,1649
3,834
1,4164
1,316
8,2027
1,395
5,1941
5,1358
8,2757
5,1342
10,2643
2,985
1,294
3,813
1,572
4,3036
10,2327
4,10460
1,294
1,479
1,366
1,577
2,577
1,481
2,575
6,1841
5,2121
10,3193
10,2514
1,389
4,1523
2,569
4,1530
1,263
1,272
1,360
2,674
10,2411
1,331
10,2238
4,1156
1,600
1,323
10,3103
10,3364
1,20231
10,2106
1,361
10,2258
1,250
1,286
4,1653
2,612
1,298
2,638
10,3122
2,832
1,528
8,2611
1,415
1,9449
10,2866
1,499
10,2061
1,314
1,315
10,3371
1,244
1,254
10,2913
4,1320
4,935
1,308
1,517
1,305
1,1064
4,904
1,419
10,2769
1,321
1,399
9,3118
10,2742
1,249
10,3484
10,3436
5,1069
1,300
1,460
10,2938
1,677
7,1979
2,1227
10,2497
1,285
2,583
9,3033
10,3605
1,268
5,1229
10,3399
10,2466
10,2507
1,432
1,446
1,4000
8,2485
1,591
10,2473
1,260
10,2555
10,3905
5,1158
1,364
8,2832
4,1770
5,1662
10,2497
1,467
1,419
4,2736
1,700
1,446
10,3233
1,283
5,1253
10,6780
8,1810
6,1515
8,1833
6,2462
10,3275
10,2133
1,494
10,2388
3,14222
1,338
1,470
10,3350
1,336
2,482
8,2975
8,2815
5,1077
1,395
6,1887
9,2554
10,2381
7,1852
3,694
1,597
1,267
1,2401
10,2381
1,416
10,2006
6,1543
10,2752
1,378
1,367
1,433
9,2893
10,3607
1,387
9,3434
1,615
1,277
1,493
1,252
10,3449
8,1767
1,392
1,331
10,2334
1,274
1,307
8,2651
10,3343
1,262
10,3694
1,1770
1,1001
1,480
10,2200
10,2125
10,2304
1,269
1,289
2,612
1,293
1,440
6,1483
10,2956
1,317
7,2070
1,413
1,337
1,627
4,1506
10,2393
5,1149
1,278
1,321
10,3307
1,276
1,704
9,2444
10,2966
1,420
10,3810
1,1149
1,262
1,358
4,1431
10,3069
8,2664
1,259
1,316
2,511
1,309
1,405
5,1139
3,1135
1,644
10,2950
1,442
1,256
5,2171
10,2884
10,2799
10,3092
1,275
1,271
10,3423
1,258
1,313
1,446
6,1435
10,2298
10,3510
1,655
1,264
7,1895
10,3607
10,2545
10,3672
1,280
1,260
10,2432
1,248
1,319
1,571
10,2878
7,7374
10,3497
5,1374
1,296
9,3277
9,3092
10,2204
10,2460
1,463
1,281
8,2792
1,316
1,412
1,335
2,918
10,15159
10,3362
5,2132
10,2605
10,3695
6,2159
10,2891
5,1486
1,376
1,250
8,1903
1,399
1,466
1,271
10,2467
10,4305
10,3606
9,3462
10,2316
1,597
6,2211
10,3338
10,2344
1,342
1,251
10,3187
10,2197
1,731
1,321
10,4739
10,15580
10,3247
10,4470
10,2916
9,3221
1,542
6,1901
10,3415
1,323
1,262
10,2527
10,2373
10,3209
1,313
7,2586
10,35714
10,3455
1,7021
10,3120
8,2606
1,423
4,1167
10,3844
1,402
10,16287
10,3424
10,3275
10,3375
1,338
4,1390
10,19845
1,557
8,2779
10,2548
3,675
1,377
4,1498
10,3889
10,2880
10,3167
10,2357
10,2202
10,3488
1,265
1,596
3,1395
1,375
9,3010
10,2842
2,923
1,463
10,2354
5,1954
2,1084
10,2330
10,2105
10,2250
9,2344
1,296
1,492
1,554
1,256
1,340
10,3391
1,433
1,448
10,2979
1,569
10,3574
10,2739
10,2099
10,2519
10,3585
1,396
1,448
1,906
1,387
5,1522
5,2026
5,1885
1,337
4,1545
1,398
2,575
10,3159
10,2280
10,2825
10,3640
1,324
1,494
5,2182
1,337
4,1395
2,863
2,727
1,273
6,2240
1,420
10,2582
10,2485
10,2355
10,3378
10,7568
1,307
1,478
9,18462
10,3206
2,788
10,3443
4,1177
1,286
6,4033
1,426
10,2543
10,7919
1,292
6,1402
1,491
5,1161
8,2146
1,492
1,519
5,1730
1,370
10,4380
1,327
1,483
1,412
8,2742
6,1409
1,280
4,1006
1,606
10,2378
1,331
9,3697
10,3170
1,476
10,2260
10,3835
1,373
1,323
1,585
8,2430
3,803
1,397
10,2237
10,4629
2,503
1,361
2,1071
1,377
2,503
5,1809
9,3174
10,2348
1,414
1,420
10,3544
4,1051
1,305
4,1002
4,1579
1,340
1,267
5,2716
1,406
6,1591
10,2606
9,4380
10,3718
1,481
1,262
10,2484
10,3762
1,274
10,3625
2,753
10,2288
1,406
3,14804
1,346
1,263
8,2972
5,1631
10,2397
1,395
1,379
10,2358
10,3854
1,279
10,3919
9,3185
5,1804
1,476
10,7986
1,275
10,2285
9,2419
10,10540
10,3216
1,603
1,401
10,3119
4,1025
1,256
4,955
3,975
8,1754
10,3568
1,513
10,2370
10,4550
1,395
8,3006
10,3865
1,450
4,1526
10,3468
7,1660
1,296
6,1740
6,2263
9,2156
10,3568
1,537
2,976
5,7562
1,478
6,2162
10,3424
1,473
10,3063
10,2350
6,2249
1,251
1,419
10,3393
10,2642
10,3387
7,2819
10,3522
8,2341
1,417
1,386
10,3421
1,512
6,1413
10,2737
10,2623
1,240
6,1578
10,3517
10,3685
10,3468
6,1969
10,2335
10,11023
1,285
1,386
10,3309
1,373
4,1071
10,2479
1,479
1,431
1,511
8,2670
10,3309
10,18722
9,22093
8,2856
9,2738
1,291
1,274
10,2927
10,3431
10,2048
1,613
1,567
10,3301
1,1493
7,3737
10,3228
10,3013
1,1112
10,2446
1,306
1,258
1,698
2,611
10,4376
6,1521
1,438
1,453
4,1028
1,488
1,539
10,2027
10,3669
1,721
10,5078
1,241
1,402
1,398
3,1174
10,3136
10,4569
1,282
1,705
10,2191
1,262
1,511
10,2143
1,533
1,622
10,9991
1,408
1,433
1,300
10,3510
10,3390
4,1426
1,257
1,311
4,1055
1,284
1,379
10,3495
10,7335
1,558
10,3707
1,246
1,369
1,265
10,3803
10,3735
6,2121
1,259
1,259
10,2174
1,562
1,328
10,3606
5,1199
1,542
10,33641
1,257
1,259
1,258
10,2885
10,2603
10,3106
1,259
1,373
9,2170
1,466
1,298
10,3437
2,1249
1,407
10,12317
1,380
10,2533
1,269
8,2799
10,3109
10,2431
1,345
1,362
6,2324
1,638
1,284
1,493
9,3118
2,1471
10,13343
9,2301
10,3132
1,255
7,2069
10,4587
10,3041
1,307
1,332
6,2114
1,355
1,482
1,368
1,327
1,327
10,17428
1,287
10,3018
1,276
1,471
10,3474
10,3471
1,249
1,270
10,2261
10,2720
1,545
1,622
10,2449
1,606
1,647
1,419
10,3096
9,2090
1,417
4,1056
7,2426
1,379
10,2399
10,2956
10,2439
1,523
1,408
10,3269
1,431
1,378
1,291
10,3596
10,3508
1,326
2,915
10,3209
10,3383
10,3260
10,2534
10,3439
1,360
1,524
5,1285
6,5216
1,1173
1,252
10,3406
1,769
1,484
3,899
10,3286
3,796
10,2410
10,4310
10,2429
10,2545
1,442
8,1833
3,1106
5,1953
10,2741
1,629
1,415
1,553
10,3191
10,9934
10,2815
10,10341
10,3356
10,2806
10,3358
1,405
1,595
8,10107
1,416
5,1259
8,2872
10,2628
1,397
10,2547
1,431
4,1740
10,6059
10,4793
10,3304
10,3156
1,641
1,468
5,5394
2,1466
2,561
3,1225
10,3452
1,427
6,1980
1,650
10,3057
10,3735
10,3512
10,3051
10,2501
1,676
1,485
5,1698
1,503
2,573
1,585
10,3177
1,505
8,2589
3,1165
10,3316
10,3396
1,610
10,4207
10,4582
1,443
9,3031
10,9612
1,593
10,2397
9,3155
9,2440
1,464
7,2052
1,436
7,2302
3,1488
1,428
3,1215
10,4089
6,1559
1,388
5,1671
1,568
10,2634
2,723
10,3372
1,403
1,533
1,413
6,2146
2,769
1,521
2,1822
10,4522
3,857
1,408
2,649
1,544
5,1092
2,1023
10,2137
10,2487
1,534
1,443
10,4553
10,2404
1,399
10,2978
1,534
10,3434
1,323
9,4479
1,604
8,2395
2,858
10,2326
10,2285
1,416
1,364
10,3476
3,868
1,274
3,957
8,2598
2,596
1,310
4,5968
1,551
8,2956
10,3781
10,2542
10,3135
1,366
1,437
10,3380
10,3529
1,362
10,2755
3,1163
10,2668
1,393
7,10944
1,505
10,2680
7,2398
10,2585
10,8449
1,376
1,480
10,3487
10,2450
1,269
10,29567
1,479
4,1650
1,391
3,1400
9,3667
10,2728
9,3350
10,3520
10,3451
1,388
1,539
10,3501
7,1638
1,367
7,26126
9,4334
7,1944
1,362
5,1877
1,501
10,3111
6,2247
10,2509
10,3939
1,448
1,513
10,3498
8,3097
1,349
8,2354
10,3271
8,1904
10,2324
7,3285
6,2247
10,2357
8,17807
10,3691
10,3333
1,562
1,639
10,3255
7,2012
1,389
1,332
3,3701
10,3563
10,3327
2,1159
5,41322
3,852
1,518
1,593
5,1895
1,532
3,1358
10,3693
1,667
10,2410
1,362
2,663
10,2126
10,3716
1,506
10,17513
10,2256
1,389
1,305
9,3270
1,569
10,3527
1,589
1,511
2,573
1,311
2,738
10,2753
10,6971
7,2061
10,24439
10,3252
1,409
1,264
1,514
10,2383
3,1284
1,420
1,466
10,3291
1,350
9,25473
10,3295
10,3458
1,484
2,869
10,2253
1,533
1,699
3,1143
10,2896
2,762
1,396
1,588
3,1121
7,1799
7,6813
10,2904
10,7924
4,1494
9,2973
1,395
1,398
1,468
2,737
10,3433
9,3049
1,446
10,3005
10,2498
1,267
6,1928
10,2694
10,3412
4,1563
2,847
1,253
1,530
1,419
5,1985
10,2484
7,2205
1,493
1,956
10,2684
1,371
1,452
10,2581
1,602
3,1214
1,640
1,282
1,781
1,391
10,3298
10,3512
10,3820
1,509
1,355
8,2498
1,357
2,1006
10,3101
5,1835
1,502
6,5541
1,233
2,1606
1,398
1,372
10,12805
7,2284
1,468
1,338
7,2482
1,404
1,1959
1,550
1,591
9,3139
8,2844
1,263
1,501
1,399
10,3193
10,6916
8,2183
1,614
1,580
10,3164
1,451
7,32099
1,445
3,1092
9,5357
1,463
1,249
1,949
1,375
7,2709
1,528
10,2388
1,477
10,2567
10,2629
1,244
5,2753
1,793
9,2920
1,385
5,1780
1,301
2,1040
10,3528
9,6871
9,4187
10,2507
1,536
1,411
10,3969
10,2221
1,283
1,1900
5,2202
1,610
6,2180
1,237
1,414
1,505
6,2631
5,29308
10,5260
1,645
1,347
10,3585
10,3348
1,479
1,369
2,962
6,25851
10,2979
7,1601
1,477
2,833
1,576
3,1283
10,3760
10,8797
10,3074
10,3293
10,1974
2,720
1,360
3,1781
6,23417
7,2616
1,236
6,2085
10,3066
1,599
1,580
10,3122
2,863
10,2851
10,3745
10,3323
1,332
1,431
10,3881
6,2163
4,1709
1,241
9,2887
10,3769
1,370
3,1321
10,3122
9,2095
10,3199
10,3413
10,3467
1,923
1,374
7,2354
1,368
5,2221
10,2500
8,2494
9,3399
1,482
2,844
10,13479
3,1235
10,3530
10,2885
10,3637
1,610
1,400
1,448
1,439
2,879
6,1364
10,6338
10,3475
1,437
5,1635
10,3505
10,3094
10,3538
1,620
10,9918
1,429
1,424
1,492
1,664
9,13807
3,984
1,486
8,2775
1,538
10,3588
1,18628
10,10886
10,3183
10,3428
1,482
4,1621
1,553
9,3261
2,765
5,1774
4,1138
10,7271
10,3389
1,500
7,2494
1,6517
8,2571
1,475
1,876
8,3092
6,2002
10,9378
1,470
1,610
4,1829
10,6916
5,4187
10,3773
2,977
9,7374
1,580
7,2959
5,1718
1,448
1,444
1,819
4,1017
1,480
1,529
2,1040
10,2620
10,3492
10,2906
1,390
7,2629
3,934
10,3570
1,462
1,369
9,2710
1,575
2,614
6,3304
1,511
1,638
4,845
5,1817
10,3682
1,480
6,1931
1,641
10,3353
9,3055
1,370
1,370
1,596
9,2065
7,2405
2,750
5,1817
7,2284
4,1439
10,3933
1,367
1,429
8,3110
10,3415
1,533
1,473
3,3987
5,1308
1,292
1,1144
1,521
1,453
6,1473
2,762
10,3701
6,2369
1,395
1,719
10,3628
5,1928
1,451
10,3191
1,340
10,2480
1,663
1,549
1,680
10,2431
5,1845
10,4207
2,851
1,368
1,820
10,8079
3,1085
1,366
2,688
10,3366
6,1380
1,535
3,1306
1,452
10,3361
5,1998
10,3802
6,2539
1,421
1,562
10,3119
2,682
1,459
2,603
6,2224
8,2712
1,595
3,1267
1,652
10,3666
7,60859
1,1536
1,678
1,450
1,562
10,3489
10,3442
1,245
9,17486
6,2447
9,2441
2,738
8,2821
1,560
10,3299
7,2485
1,472
2,788
1,394
9,3206
10,6479
9,20713
1,551
1,544
4,1220
10,2145
1,501
5,1750
7,2739
4,1347
2,917
1,635
8,13072
1,414
1,1101
1,730
9,3509
10,3873
9,11653
7,2331
10,3259
1,382
10,3350
1,558
10,2875
1,525
1,877
5,1570
1,486
1,354
1,526
7,2565
1,508
6,2412
9,2966
10,3876
2,870
8,3241
6,2908
10,3258
3,863
1,776
4,1442
1,732
1,486
1,495
6,2075
9,2745
1,410
4,1493
10,4473
10,3458
10,2509
1,408
1,479
4,1363
1,407
5,1954
2,709
1,763
1,541
1,588
3,1258
1,653
7,2241
10,4131
1,938
7,2572
4,1424
1,264
1,440
1,1431
4,1297
1,579
2,722
1,537
1,638
2,890
1,424
1,491
10,3370
8,5026
7,2391
1,525
1,339
1,434
1,548
8,31166
2,894
1,408
1,425
1,629
10,3427
1,486
3,1976
10,3658
5,1554
5,1834
1,363
1,478
3,1134
1,565
2,830
1,539
10,3237
1,408
6,2031
9,3359
2,804
2,757
10,3527
1,613
1,587
3,1067
1,394
9,3020
1,449
5,6082
6,18638
9,10018
1,422
1,393
6,2015
1,531
4,1288
5,3368
6,2148
1,540
1,338
1,607
6,5640
1,398
7,8252
5,1700
9,3208
1,398
1,726
7,5649
1,649
1,337
1,577
5,1822
10,3451
1,379
1,427
7,6538
10,6615
5,1803
6,2219
7,83410
1,461
2,1206
2,1014
1,465
4,1222
1,458
2,2828
4,1668
3,1345
6,2075
6,1981
1,516
7,2515
1,379
2,815
1,555
1,428
2,825
1,531
3,1285
1,392
7,2754
4,1568
2,915
1,332
9,5393
9,3088
4,3630
10,10497
1,587
8,3191
1,537
1,472
1,458
9,3159
1,369
9,3045
10,3934
6,2342
1,368
7,7890
10,2419
2,3170
5,3015
5,12849
9,7309
1,526
6,1892
2,797
6,2306
1,487
5,1874
7,2172
9,3250
1,356
1,499
10,3387
3,1264
4,4964
8,3836
1,690
1,488
8,2656
7,50167
7,4978
1,439
4,1550
6,2467
7,7849
10,3347
1,425
10,3228
1,450
9,3661
1,380
3,1204
1,408
5,1874
1,508
6,2171
1,425
5,1788
9,3300
9,3026
4,1221
1,437
9,2519
1,334
7,2903
6,3708
2,815
2,887
1,383
5,1580
9,10634
1,533
7,2724
10,3704
2,1002
2,795
2,2153
10,3746
4,1710
5,1476
6,41624
2,688
1,494
6,2144
6,1321
1,422
1,479
2,931
1,556
2,906
3,781
1,418
10,3230
6,2195
4,1757
6,1848
10,3475
4,1345
1,464
8,2663
1,641
1,425
1,416
1,638
1,545
6,1372
1,486
10,4040
3,1182
5,2193
7,2775
9,13641
8,2758
1,1339
1,634
6,5717
1,554
4,1538
1,383
1,574
10,3326
1,423
10,3494
6,2341
4,4395
4,1606
2,13480
5,1741
1,1124
6,6141
1,609
5,1776
1,376
1,447
3,1142
10,2249
2,708
10,3630
7,2685
7,3877
9,2981
7,17365
1,589
10,6718
5,2124
1,610
3,1421
3,1138
6,2251
8,2625
8,1876
1,399
10,3366
9,22217
2,867
1,6114
6,2112
6,2045
1,383
10,4276
1,494
9,2915
4,1674
1,373
6,1995
7,1961
2,792
10,4024
1,434
6,2038
5,10947
1,590
5,1749
5,2293
2,1038
2,835
1,443
3,1309
1,419
7,2581
10,3490
1,399
10,10060
9,28335
1,822
2,1699
2,933
2,914
1,341
4,1677
1,1641
3,1115
1,529
2,893
5,1956
10,2296
2,718
1,25541
6,3398
1,617
5,1644
1,591
7,8564
1,379
7,14148
2,850
2,897
6,2162
1,389
10,3602
10,3040
1,508
1,609
1,428
3,1101
4,1434
6,2110
9,4785
4,1961
9,11255
1,450
7,2289
9,4073
1,415
10,3616
7,2330
1,583
1,602
1,498
4,1847
4,1386
7,2712
5,1958
2,866
4,1564
1,621
9,3199
1,398
1,417
9,3675
10,6529
1,498
1,656
2,721
3,1368
1,7892
8,2699
4,3836
1,393
7,4424
1,501
7,2520
9,3041
1,373
2,917
10,7059
8,2704
5,1644
1,403
5,1865
1,537
5,1976
5,1979
7,5578
1,544
2,2700
6,2280
1,465
1,440
7,2470
1,602
3,840
1,356
2,858
9,3463
1,578
6,2336
7,2660
5,2159
1,480
1,384
2,952
1,484
3,878
2,809
10,3094
6,1945
1,587
2,745
7,2583
5,1696
10,3279
1,611
1,401
2,900
10,3586
2,1064
1,538
7,1865
5,1790
1,598
8,2956
1,546
1,384
6,33344
4,1605
2,841
2,4314
9,12182
4,1352
1,545
1,603
6,10183
6,2215
10,2792
1,554
5,1191
1,461
1,475
1,392
1,420
4,1335
1,3978
1,669
3,1166
2,889
8,21249
1,616
1,368
1,360
1,737
1,495
1,561
1,587
9,11940
7,2511
1,648
4,1843
1,647
4,1501
8,2683
1,16810
1,533
10,2554
1,239
3,1306
10,3640
1,488
1,401
1,2763
1,408
9,3299
2,670
4,1559
3,1253
6,1945
5,16606
7,2335
7,1619
1,344
1,451
10,3212
1,402
1,591
2,1051
1,483
5,1660
4,1504
5,1951
9,3365
7,3061
6,2296
1,389
10,3244
1,343
1,637
7,2400
9,2993
1,564
1,1426
1,464
5,21294
3,1151
1,562
7,2522
10,13002
6,40868
5,2333
10,2729
1,492
1,725
2,837
3,967
10,3458
1,585
1,434
1,1093
5,1843
2,680
9,3055
8,6262
10,3829
1,518
3,711
1,327
1,636
5,1662
5,2017
3,1277
2,704
1,942
4,1572
8,2697
2,649
6,1959
10,29317
4,3231
1,443
4,1453
1,312
1,617
1,497
2,4073
8,2804
1,558
4,1410
1,1015
6,1996
1,312
6,1984
2,832
2,917
2,1053
9,3052
1,290
1,628
7,13304
10,11969
6,2015
1,547
1,444
5,2764
6,1943
9,2580
1,490
2,745
5,10360
2,899
1,369
1,286
5,2091
10,3079
10,24078
2,1333
2,1371
1,415
1,558
2,644
4,1082
5,1534
1,402
7,2802
1,633
10,2503
1,637
1,656
5,1703
7,3813
5,1617
1,679
3,1078
1,549
9,36363
3,973
1,483
4,1561
9,7786
10,3383
10,2268
4,1695
1,621
7,2518
6,1992
10,3792
1,532
6,2188
1,468
1,420
9,3146
1,505
4,1528
7,2659
1,526
10,2460
1,442
3,1281
10,3676
2,794
8,2753
1,1600
3,1295
7,3344
9,6782
6,1933
1,489
10,3189
5,1863
3,1142
10,3825
7,2491
5,4051
8,2769
2,875
2,995
1,536
9,2883
1,584
1,385
6,9796
2,783
7,2113
1,597
1,2144
9,3068
4,1872
2,913
3,771
1,384
7,16972
1,384
6,2149
1,515
1,391
6,6144
2,670
10,3450
1,468
6,2094
10,2731
6,2366
9,3141
10,3375
6,2841
5,2576
1,393
7,2771
1,474
1,447
7,13217
3,1205
6,1926
1,539
5,1825
10,2257
10,3195
10,3573
5,1659
5,3876
4,1577
3,1157
9,5194
1,533
2,677
1,484
1,401
9,3232
5,1930
10,3282
1,611
10,3492
7,2840
2,813
8,2810
7,2020
6,2551
2,920
2,792
8,6566
2,1618
1,1018
10,3324
4,1195
9,3311
1,255
2,995
6,2898
2,10021
1,423
10,2878
8,11586
2,773
1,622
1,372
2,700
2,833
6,1693
1,340
9,6690
1,497
6,2122
2,855
1,360
10,3730
5,1743
8,2916
1,584
4,1146
1,442
1,897
1,393
2,844
1,389
2,864
1,260
4,1140
8,2605
6,2363
6,6690
10,3196
10,4144
1,602
1,346
2,724
2,873
1,460
1,553
1,389
7,3537
1,261
8,1888
10,3006
1,254
5,1679
6,1453
10,3531
3,1091
4,1115
1,406
1,648
1,479
1,479
1,466
5,1993
1,318
4,1550
10,4232
1,270
2,618
9,7291
10,18250
8,4915
3,1402
1,483
1,670
1,1314
1,473
1,525
1,491
1,304
1,434
2,1065
1,243
5,1624
10,3099
1,557
6,2160
6,2109
1,552
8,2694
1,1657
1,826
3,1269
4,1494
1,371
7,2402
9,3131
1,364
7,2694
3,801
7,2371
5,1434
9,3017
1,560
3,3806
1,473
1,383
1,418
4,1574
1,346
6,1551
1,420
1,418
9,3872
5,1857
2,737
7,2635
5,1643
1,492
6,1499
7,2256
1,267
2,2261
10,3414
1,370
10,3468
6,2382
1,296
4,1672
1,513
1,614
8,2669
1,482
1,477
1,481
1,2915
1,253
1,319
8,2867
8,1980
2,1119
3,1190
1,309
1,578
1,388
7,1860
10,8068
9,2939
3,1181
1,409
8,2614
1,282
4,1277
6,2042
10,3114
10,2569
2,751
1,262
4,1604
1,274
4,1286
9,3145
6,7001
1,436
1,477
6,2196
1,289
1,2015
10,3344
8,2855
6,2217
1,399
1,283
1,518
1,349
2,856
7,2251
2,850
6,2365
5,1719
5,1771
1,392
3,1123
10,3424
2,675
10,3463
5,2050
4,1140
5,1688
1,432
4,1960
2,566
2,850
5,1609
1,358
10,2939
1,407
4,1711
8,2533
10,3443
9,3197
10,3546
8,1751
1,602
1,465
10,15899
1,655
7,2229
8,2792
10,3255
7,2269
7,2118
6,1789
1,410
2,591
3,1133
1,561
4,2511
1,589
1,362
6,2396
1,707
1,697
10,3194
10,4011
9,5303
4,1546
6,1976
1,317
10,3034
1,576
5,1786
7,1820
1,581
1,349
10,3493
1,960
1,556
7,2358
9,3416
2,836
8,1768
9,3047
6,1819
2,852
1,450
7,2475
1,397
1,618
1,291
8,3006
1,578
1,364
9,2446
7,5890
5,1776
3,1165
5,1715
1,316
8,2644
1,325
1,418
10,2708
7,2557
1,396
10,3551
1,659
3,1341
2,680
8,9574
2,717
1,351
7,10216
1,727
10,3503
10,3148
9,3106
6,1423
1,1069
1,348
6,1855
1,558
8,2769
5,1781
1,2223
1,593
4,1088
2,585
1,633
10,3344
1,367
4,1297
2,595
1,737
5,1419
2,952
5,2270
2,778
1,406
1,468
4,1850
5,1830
2,767
1,395
2,637
1,278
5,1796
10,3904
1,572
3,855
1,730
1,479
5,2065
1,478
1,496
5,2024
10,3460
2,773
1,531
10,2637
1,322
1,354
3,1402
1,502
8,1920
1,439
1,419
10,3170
4,1603
2,863
7,2203
6,1998
1,414
1,340
6,2155
1,287
7,18479
9,3001
2,923
7,2994
1,625
2,578
10,3549
10,3482
1,279
10,3293
2,1159
1,506
1,390
10,8558
1,255
1,418
1,368
2,1693
5,1420
1,583
2,540
9,3113
5,1885
1,488
10,3697
6,2101
3,1077
1,467
8,2830
1,269
1,507
10,2212
1,570
7,2574
1,392
1,378
7,2426
7,2318
1,444
6,2301
9,2591
1,350
1,459
6,2220
1,334
5,1739
10,2105
4,1191
2,1002
1,793
1,397
9,11095
10,3643
5,2136
10,3239
5,1311
8,3120
2,736
10,6108
1,252
1,536
10,2710
4,1166
10,3688
1,322
1,444
1,546
6,6820
1,539
8,2014
1,449
6,2123
1,513
1,543
10,2502
1,488
9,3007
3,1256
10,2922
1,262
4,1527
1,495
10,2328
1,576
5,1799
10,2207
5,1965
8,3055
1,586
9,3242
1,538
10,2467
8,3145
10,2845
1,399
9,2501
1,442
8,2794
10,2357
2,963
10,3166
10,3251
7,2569
1,404
10,3775
1,499
10,2322
6,2298
3,1280
1,385
5,1746
1,434
2,875
10,3538
1,524
10,3622
10,3858
9,3373
1,271
10,3567
1,505
10,2201
9,3047
10,2233
4,1165
7,2353
1,445
3,1089
10,3252
1,349
9,2978
8,2635
10,3277
1,398
10,3499
7,2510
1,435
6,2153
10,2214
8,1830
10,3375
5,1735
5,2290
8,5637
1,706
10,3137
7,3245
2,756
1,557
8,2678
1,474
8,1917
6,2060
10,2971
6,2213
6,1836
1,361
2,836
4,11794
1,506
10,2189
9,3330
10,2820
4,1403
10,3324
2,903
1,337
2,847
10,3234
1,394
1,484
1,389
1,389
8,2249
1,397
10,2182
4,1795
10,3418
1,383
1,482
3,2049
1,366
1,438
10,2242
6,1772
10,3629
1,516
1,437
6,2473
1,470
1,507
2,2201
10,3003
1,463
6,2468
1,464
1,347
2,934
10,2243
5,1408
5,1717
1,402
1,322
1,587
2,847
1,454
5,2063
3,1359
1,450
10,3500
4,1530
1,282
1,485
10,2705
6,1645
2,899
1,424
1,341
2,887
1,458
1,660
1,1444
1,562
1,497
2,920
3,1153
1,264
3,1259
1,664
10,3599
3,1195
1,422
1,365
4,1565
1,520
1,1299
1,407
10,2692
4,1547
10,3572
9,2829
1,350
9,2860
1,517
2,547
8,2395
4,1574
1,317
8,1920
1,719
1,633
1,425
10,3230
4,1462
10,2950
6,2138
1,248
6,1778
1,386
4,1537
4,1063
10,3420
1,388
1,516
1,308
1,299
1,269
10,3512
1,557
4,1638
7,2378
1,242
5,1850
1,386
9,2643
7,2401
5,1887
1,255
7,2311
3,1137
1,416
1,492
9,2853
3,1197
9,7430
9,2968
1,367
7,2589
1,279
4,1118
7,2379
8,2618
1,395
6,1796
10,2249
1,342
1,351
10,2337
1,545
10,3644
5,1570
8,2546
10,3808
1,294
5,1101
2,820
6,1772
1,570
6,1348
8,1750
1,300
1,549
10,2285
4,1507
1,571
2,880
10,2844
10,4135
1,556
1,552
10,3474
8,2632
7,2562
10,2850
4,1665
1,306
1,522
10,2148
5,1763
10,3838
2,939
10,2549
10,3623
1,296
9,2526
10,3536
10,2966
8,1841
10,3401
1,357
10,3666
1,511
1,429
6,1632
2,868
2,733
1,346
7,2451
1,371
10,2845
10,2810
5,1887
7,2714
2,793
7,1699
8,2214
1,508
1,247
8,2323
1,411
1,414
2,455
2,841
1,400
10,15473
3,1386
1,406
6,1891
1,575
10,2741
10,3134
1,420
1,238
9,2284
1,438
5,1819
10,3510
1,435
4,1355
10,2385
6,2365
8,2877
10,2789
1,335
2,788
2,981
6,2351
1,242
7,2047
1,425
1,585
2,700
5,5675
8,2964
10,3027
10,3619
2,635
10,3980
1,285
10,2331
5,1712
7,2401
1,225
8,2649
1,405
3,4716
9,3187
1,498
10,3357
10,2915
1,390
4,1551
2,595
1,275
6,2306
4,1655
10,3291
1,265
6,2164
1,383
3,1252
2,876
1,534
10,3562
10,2290
1,255
2,774
10,2902
1,394
9,2642
2,935
5,1799
1,366
5,1733
10,3281
6,2118
10,3447
2,754
6,2031
1,558
1,258
7,2736
3,1058
10,2875
1,403
5,2032
8,2724
1,260
2,668
1,596
8,2649
10,3308
1,395
2,555
1,385
1,242
1,399
4,1383
3,1050
10,2306
8,2852
10,3976
1,302
1,494
1,746
5,2015
7,2958
1,394
10,3478
1,363
1,287
5,1395
1,449
9,3048
10,2806
6,2435
3,1166
1,422
10,2507
1,712
10,3628
8,2608
1,336
10,3503
1,527
1,278
10,3847
10,2168
1,361
9,2379
2,1114
5,2151
2,896
2,954
1,863
10,3910
10,5299
1,496
10,3347
1,419
1,309
6,1562
10,3125
1,373
10,3293
10,3816
2,1030
10,4311
10,2308
8,3384
7,7011
6,1435
1,388
10,3456
1,419
1,448
10,3519
10,3550
4,1393
10,2272
6,2399
3,973
8,2791
10,2470
6,2119
1,540
10,3460
1,389
10,3946
1,425
1,323
10,2208
9,2896
1,233
10,2552
10,2775
8,3095
10,2500
10,2669
10,2605
1,555
10,3274
1,265
10,3292
1,374
1,394
3,1073
10,2900
1,269
10,2189
8,2801
7,1829
10,3478
8,2899
10,3493
7,2747
3,1114
1,307
10,3420
1,382
1,528
9,3188
10,3376
1,368
1,413
10,3645
1,326
10,2591
10,2350
4,7564
1,27166
4,1471
4,1471
7,6370
1,391
10,2641
5,1470
10,3315
1,453
1,281
6,2373
6,1573
10,2617
10,2108
4,1544
7,24285
1,348
7,2499
6,2150
8,2897
10,2162
1,642
8,1894
10,3310
1,275
10,3695
7,2468
10,2849
1,245
10,3108
2,20283
1,301
10,3766
10,2508
10,4435
10,2682
1,385
1,518
10,2716
1,241
10,2722
5,1543
2,904
1,248
1,566
1,314
1,522
10,5512
3,1142
2,1697
9,2628
1,428
1,375
10,3558
1,324
4,1776
2,983
10,3491
1,232
3,931
1,381
1,520
6,2066
1,573
10,2644
10,2822
1,405
1,562
10,3690
1,278
1,702
10,3411
6,3573
1,334
5,1955
2,995
1,457
9,3211
4,2097
8,2401
10,2449
1,348
1,586
9,2668
1,311
1,493
3,1278
10,5656
1,286
6,2380
1,373
1,555
10,3550
1,667
5,1103
7,2291
1,387
1,429
10,2727
1,323
4,1171
10,2407
8,2834
1,358
7,1889
1,381
1,464
2,872
1,507
2,849
10,2294
1,389
1,451
8,2306
1,311
1,2217
9,3150
10,3223
1,250
8,2623
1,539
1,408
1,430
1,834
10,2871
6,2198
1,284
1,275
10,2877
1,344
1,475
4,1544
10,2617
1,228
8,2314
1,340
1,427
3,1184
1,614
8,6759
10,3333
1,251
1,406
2,850
7,2277
3,1068
5,1496
6,1508
1,235
8,2532
1,391
4,1421
8,2782
1,612
2,681
3,970
1,291
1,251
10,2888
10,2178
1,358
10,3028
1,576
1,356
7,2514
4,1687
1,357
1,594
1,1165
5,1713
10,3735
2,732
1,278
8,1848
10,2232
1,492
1,533
1,455
10,20976
5,1765
5,1969
10,3218
7,2328
1,548
2,874
10,3556
10,2207
2,575
2,492
5,1354
1,491
1,327
4,1687
1,20265
3,932
10,3707
1,559
6,1772
4,5288
8,2588
10,3563
10,2340
10,2878
10,2970
1,409
1,530
1,301
1,578
10,7958
1,513
6,1734
9,1979
10,2870
10,14273
10,5403
4,1663
10,3461
10,3447
10,3539
3,935
4,1714
1,304
1,599
10,3983
2,694
8,2491
4,1420
5,1868
1,4091
10,3487
10,3767
8,2274
8,2263
1,597
10,3712
1,2954
1,432
1,539
10,4154
2,574
10,12359
3,953
7,2464
1,675
6,2152
1,632
10,2776
10,2553
1,572
5,2053
10,3974
1,262
1,511
9,5314
1,511
10,2354
6,1913
2,815
10,2892
10,4788
1,452
10,2362
10,3419
8,2824
9,3074
1,478
1,324
1,704
7,9250
1,364
5,2187
8,2817
10,2528
3,1094
6,1834
1,673
10,2473
2,594
10,3217
10,3640
1,523
1,619
1,673
9,3469
1,273
2,1044
8,1740
3,1102
6,2185
10,2300
1,260
8,2775
2,788
1,388
2,1089
1,687
1,511
4,1574
3,34453
1,255
4,1181
7,1822
9,2798
7,3038
4,1421
1,388
2,763
10,3217
1,641
10,14887
7,2233
1,290
1,718
1,525
1,263
8,2729
6,5883
4,1511
5,1112
4,1536
1,376
10,4563
10,2793
2,808
7,2359
7,1743
10,2488
1,591
4,1596
1,442
10,2226
2,708
5,1221
8,1986
1,532
1,355
5,1793
10,3452
1,384
8,2634
6,2138
10,2364
1,610
1,580
10,2272
1,554
2,897
1,446
7,2540
1,566
1,401
10,3368
7,2485
1,384
10,3415
7,1852
10,3487
10,4285
3,1289
1,232
7,2244
4,1002
1,356
3,1087
1,608
1,275
2,764
8,2708
1,500
10,14890
8,2632
10,2681
8,3022
5,2209
1,731
4,1681
2,727
1,302
5,1648
1,539
1,426
10,3208
10,2287
1,432
10,7398
10,3382
10,2769
3,1236
6,2200
2,566
6,1427
6,1375
1,255
2,728
1,603
2,827
8,2967
10,2707
1,409
6,2024
3,802
8,3063
1,507
4,1781
1,440
10,3014
10,2199
1,251
10,2369
1,549
10,3525
5,1935
6,1450
1,370
3,1079
2,828
10,2492
5,2201
4,1362
1,302
2,659
10,3911
1,257
10,2442
1,673
6,2243
1,550
3,1316
2,839
1,404
1,411
10,2454
7,2270
1,593
10,3534
10,3664
10,3638
1,246
10,3269
1,632
7,2541
1,411
4,3845
10,3437
1,424
2,654
1,268
8,2724
6,2248
8,2498
9,2743
8,2802
1,257
10,2856
4,1653
8,2777
1,302
4,1267
6,2185
1,407
10,3375
8,2997
1,449
6,2273
10,3299
6,1908
10,3474
1,331
10,3633
10,3378
10,3222
1,393
1,503
9,2845
1,532
10,3435
2,925
7,2435
6,2188
10,2331
3,927
10,3064
1,279
10,2203
1,371
4,1202
1,257
1,573
8,3095
4,1282
8,2866
5,1463
9,3291
3,1112
10,2915
1,502
1,409
1,424
10,2249
1,484
10,3945
1,436
1,564
10,3323
1,705
10,3570
10,2805
3,944
1,356
10,3728
1,685
1,243
10,2909
1,472
1,602
3,1174
1,396
1,486
6,1693
2,1094
10,3780
10,3874
5,1617
3,1077
10,4408
1,362
1,577
10,2944
1,321
1,617
2,1102
1,374
1,499
1,3563
1,385
10,3341
9,4528
2,708
1,527
2,827
1,261
10,2492
9,3173
1,271
3,922
10,28665
1,371
6,2684
4,1872
1,619
10,2766
2,749
2,855
4,5403
1,598
1,347
1,408
10,4053
1,297
5,1714
1,11549
1,458
1,711
4,1694
1,704
1,347
5,1886
10,2605
1,421
3,1186
1,315
1,541
10,2546
1,515
6,1997
3,1050
10,3390
1,576
4,27486
1,643
1,268
10,3420
10,3613
1,517
9,3710
1,270
1,250
10,3694
1,295
7,2211
8,2011
2,808
10,3393
1,437
7,2348
1,301
1,506
10,2728
1,624
10,3763
1,310
1,490
7,2254
1,297
8,2758
5,1938
10,4007
1,362
10,2368
1,770
1,419
1,426
8,2085
6,22282
9,29034
1,262
1,611
10,3143
1,293
7,1895
7,1853
10,3912
1,564
1,502
1,613
1,359
1,399
10,2373
1,879
1,499
1,279
1,579
1,499
1,338
9,5041
8,2957
7,6938
1,536
3,1067
10,9071
1,291
1,432
10,3547
1,368
9,2906
10,2213
1,1357
10,2300
1,274
2,734
8,2956
8,6608
1,372
6,1872
8,1892
1,304
1,372
1,462
1,564
8,7737
10,2883
10,3419
8,2377
4,1561
5,1233
8,3314
6,2028
3,743
5,1729
3,1094
1,348
1,463
10,2534
3,1317
7,8808
10,3080
10,7145
4,1205
2,864
3,1190
7,2450
10,3561
7,2466
7,2302
5,2680
1,248
1,451
1,309
1,354
1,709
10,3527
1,731
3,1439
10,4432
1,559
1,379
3,1383
5,1125
1,357
8,1843
1,257
1,516
1,283
1,451
1,586
10,2257
3,1122
10,2794
10,3473
8,2474
1,263
10,4835
8,2549
1,320
7,1560
10,3331
1,463
1,265
3,991
1,437
10,2354
10,3369
10,4157
1,554
10,3378
1,356
4,1523
7,2558
1,365
8,2619
10,7248
1,445
1,271
2,33344
1,413
8,2572
10,3370
9,3502
6,2318
10,3395
1,359
4,7357
9,3351
1,321
5,1645
10,5531
10,3448
1,242
6,2188
1,381
10,2525
9,3407
2,855
10,3852
10,2421
1,315
1,486
3,1507
8,2468
2,800
4,6267
10,3425
1,234
2,933
1,568
10,2680
7,2621
6,1850
8,3135
10,2127
5,1648
1,456
5,2166
8,1966
2,597
5,2841
7,2597
1,259
3,1123
1,448
2,934
2,816
1,472
10,15107
10,3240
1,402
3,850
2,824
1,271
2,544
4,4392
10,3423
1,384
4,1443
1,456
10,2744
1,776
1,403
9,38675
10,3580
1,341
5,1412
2,754
1,482
2,771
10,3871
6,2209
1,264
9,2916
5,1533
6,2058
4,1465
1,527
3,1369
1,441
1,428
6,2120
10,3005
1,379
10,2974
6,2648
3,1109
6,1934
4,1613
1,469
2,994
4,1564
1,1848
4,1453
1,543
1,402
7,2339
10,3019
9,3652
10,3825
5,1985
4,1808
1,645
3,999
1,531
10,3054
5,1352
1,559
2,688
1,504
3,978
8,2220
8,2319
7,2764
8,3273
6,24471
4,1287
10,3529
4,1358
3,1397
10,3294
1,447
1,648
4,1440
1,405
1,309
8,2299
10,2430
1,333
10,3237
2,868
10,3273
2,5773
4,1423
1,394
8,2773
4,1439
1,694
5,1793
1,350
2,665
7,1890
10,2167
1,510
10,2583
1,1042
1,494
4,2074
4,1328
1,556
4,1356
6,1994
1,598
4,1419
1,386
1,413
9,3509
10,2272
1,278
10,2193
4,1401
3,792
10,3597
7,8492
4,1421
1,628
6,4377
1,523
6,2156
1,516
2,687
5,1587
10,2934
3,994
10,2980
4,1436
6,2086
10,3618
6,16432
6,2418
1,400
6,4122
1,419
6,1806
1,268
2,615
1,404
10,2438
5,1276
1,519
1,485
5,1183
9,3685
7,2537
4,23396
1,645
2,1323
2,1197
8,2784
1,326
10,3319
1,518
1,462
2,586
1,509
6,1919
7,2297
9,3519
3,1188
4,1351
1,621
2,775
10,3085
3,1283
1,546
10,2358
1,402
1,312
1,387
1,363
4,1336
8,3075
8,3579
2,5454
6,8213
1,379
3,2347
10,3929
1,316
2,860
8,1824
1,402
1,268
2,564
1,364
6,1847
8,2603
1,586
8,3265
6,2181
1,490
1,4372
8,5850
6,18858
10,3562
10,2831
3,869
1,245
10,2228
1,350
5,6430
9,3083
1,448
2,928
3,1185
1,392
3,1115
10,3707
1,3519
10,3814
10,3525
1,309
1,281
10,3261
1,376
1,435
7,4644
3,1206
3,1275
1,346
1,495
1,337
6,2254
1,443
5,1840
10,3590
1,474
1,352
10,2318
1,350
6,28088
10,3483
4,1848
3,1327
4,4998
1,364
6,10762
10,3686
4,1355
10,2960
10,3557
1,388
1,276
8,1713
1,699
6,1945
5,2051
5,2060
4,1654
6,11699
1,428
3,23386
4,1634
1,367
10,3312
10,3496
2,743
1,434
10,3771
1,305
3,5407
3,921
4,1554
2,941
3,1146
10,3509
4,26590
2,716
1,515
8,2820
1,510
1,378
1,505
10,3688
2,623
3,3224
2,682
4,1559
2,680
2,695
7,2477
6,74591
10,3602
6,18863
8,2632
2,981
1,411
1,405
10,3332
1,369
3,929
1,522
6,2282
8,2701
3,1207
10,3282
2,754
1,651
2,630
5,1766
9,2905
1,433
2,1024
2,979
8,2911
1,318
1,325
6,2184
4,1471
6,2072
10,3372
1,622
3,13444
2,842
2,861
3,1173
1,398
1,512
10,3653
8,3731
4,1208
2,512
1,559
1,543
2,821
6,2380
4,1448
8,2129
1,329
6,3449
10,3175
2,666
10,4874
1,520
1,490
6,1529
1,246
1,661
1,543
4,1303
10,3560
1,453
7,2794
2,651
3,1229
9,3221
10,2410
10,3907
7,2344
10,11039
1,267
1,263
1,434
5,3977
3,1145
3,1415
1,487
8,1895
1,488
4,1518
8,2780
10,3279
10,3471
10,3268
3,1126
2,1212
1,298
4,15368
1,567
4,1413
4,2023
1,448
8,1764
1,492
4,1303
9,3828
8,2952
9,3086
9,3142
4,1334
1,394
1,259
1,13645
1,551
4,1397
10,24972
1,399
9,2544
1,578
5,1868
1,546
10,3442
9,3595
8,2500
2,860
3,1095
1,248
6,19440
2,818
8,5176
4,16334
1,600
7,2179
1,392
4,1540
7,3803
10,3139
8,24456
1,371
9,3232
1,424
1,265
3,11439
7,2379
4,1494
1,3617
6,4302
10,2290
3,1160
5,1697
1,528
10,3097
1,537
10,41530
9,57884
1,397
1,256
6,13352
6,2070
1,491
1,3347
1,338
1,501
1,2191
4,1502
1,509
10,2378
3,16124
3,1054
1,441
3,1068
1,267
6,2190
5,1654
9,2857
8,14858
3,1037
1,488
1,702
6,2134
1,470
10,3610
4,1416
1,343
6,44053
6,2052
10,2168
1,457
1,603
4,1459
3,1204
1,597
3,1177
4,1688
3,1245
1,401
2,832
5,1683
1,485
7,2262
1,8849
10,2668
6,10475
1,660
6,1967
7,2538
3,1227
1,356
4,3487
6,2118
1,580
1,474
4,3262
1,555
3,1121
10,3451
10,3611
1,426
7,2405
4,1434
5,1813
1,432
1,482
3,13517
1,475
4,1315
10,3837
4,5688
9,45458
2,770
1,4221
10,2371
4,11129
1,547
7,2335
6,1994
8,7622
1,501
8,2809
5,1860
1,16861
7,10848
2,688
4,2480
4,1305
1,576
10,3017
2,908
1,472
2,841
2,852
4,1454
1,367
4,1384
1,409
1,596
10,22926
6,2035
1,479
4,1351
4,2222
10,3770
1,574
3,1123
1,403
8,2265
1,452
2,732
9,5288
1,437
1,493
9,12478
8,11755
1,455
5,1647
1,457
2,627
1,630
1,616
2,671
8,2632
9,10707
1,409
3,21103
1,382
3,1143
8,46228
6,1849
3,1056
4,3859
2,670
10,3203
3,1264
1,596
1,508
7,1963
3,1080
1,342
6,2267
1,349
1,506
3,29576
1,341
1,450
6,1932
1,459
1,617
1,420
1,596
6,2118
1,400
3,1125
2,593
9,23493
1,389
2,836
2,12533
4,9673
5,1757
1,462
7,11567
3,764
1,515
1,612
1,568
1,594
7,4300
1,294
7,4813
1,353
4,1481
1,8256
1,469
1,758
1,606
4,5543
10,4073
1,428
3,1233
3,1112
1,643
4,1479
1,358
2,1072
1,492
1,414
8,60591
6,58693
4,6123
1,1795
4,1464
10,20583
3,1193
5,1409
1,390
1,410
7,2345
2,772
7,3342
1,529
4,1319
1,526
6,2379
6,7152
4,1413
9,3086
8,8663
4,1649
1,309
1,518
1,310
7,2465
10,2180
1,542
1,522
6,1971
1,437
1,437
1,344
6,1936
6,2031
9,9104
2,952
10,3755
1,513
1,505
1,477
10,3572
4,1609
6,1964
1,534
1,479
4,6319
6,6841
4,1190
4,1423
8,27132
3,1542
6,2231
1,444
1,417
1,371
10,4011
6,2122
2,857
6,1970
1,437
1,700
7,7034
8,6503
4,1414
7,16162
8,15938
9,3119
1,402
3,797
2,697
8,2967
2,747
3,1251
8,2967
1,424
1,422
3,4976
6,23179
2,1328
2,968
4,10157
7,2508
6,2596
1,396
3,1365
10,3298
1,321
3,1191
6,2301
1,487
1,465
1,402
6,56078
1,601
3,1282
4,1525
7,2702
1,504
5,1618
1,502
10,2874
3,1244
6,2102
4,1486
1,340
1,581
3,10882
1,387
3,1316
1,567
4,1733
5,2068
3,1179
1,407
2,1034
10,5654
3,1299
2,862
6,7744
1,370
1,382
6,23910
1,454
3,1300
1,1474
9,3135
9,5848
1,434
1,343
8,4739
2,751
2,874
1,399
2,867
1,520
1,495
4,9932
1,451
1,466
1,621
1,491
2,878
1,437
1,532
2,22300
1,357
8,3448
4,1400
3,1159
3,1111
1,657
1,739
2,764
3,1046
1,389
7,3074
4,1445
3,1159
1,307
8,2973
10,3162
4,1549
3,1182
3,1224
1,592
4,3428
6,94478
1,346
2,821
1,586
2,3864
3,1415
9,4047
10,2351
5,1680
3,2698
7,5827
4,1545
6,2057
4,1576
1,503
1,369
1,2802
2,941
1,475
4,7896
1,506
1,10964
10,3650
5,1630
10,8528
7,3192
4,1651
4,1334
5,1756
2,725
2,758
1,473
9,5259
1,1630
6,2285
1,488
8,2776
10,3312
2,937
4,18189
5,2191
4,1451
2,613
6,2346
3,1079
2,2760
3,1139
8,3055
1,694
3,1174
8,1952
4,1554
10,2243
7,2556
8,2649
9,3769
9,3595
3,1035
4,1424
3,1167
3,1042
4,2690
4,1545
1,365
1,366
10,2453
5,1811
10,3292
9,5744
9,3289
7,2362
4,1527
8,2535
3,2885
6,2032
6,1944
1,386
6,2086
1,412
2,976
10,2697
2,729
10,2822
1,541
6,2399
1,346
7,2519
4,1432
6,12464
3,1345
1,484
1,542
5,1910
2,768
3,1051
9,3029
9,3035
1,427
8,24449
10,71944
1,386
4,1345
4,1453
4,24092
2,649
4,1402
3,1042
7,2371
4,1497
3,1070
9,2196
1,414
2,836
1,506
1,683
1,677
6,2078
4,1460
4,1484
8,19924
1,441
6,1963
7,2349
4,1181
4,1635
10,2818
1,619
10,3422
4,1327
7,37133
1,524
2,889
1,406
6,46227
4,1323
2,772
4,1495
1,323
8,9481
8,2911
10,3776
7,14097
10,3251
1,606
1,640
1,484
6,2165
1,415
6,16218
1,393
1,451
2,839
1,325
6,1851
2,909
1,585
5,1870
9,4590
1,523
1,535
1,466
8,2689
9,3580
1,739
9,2831
3,970
1,390
1,353
6,16968
8,7937
1,632
3,1277
7,2327
1,587
1,461
1,465
3,6003
1,809
1,1580
4,11740
3,1106
8,2607
9,2968
3,928
4,1662
1,396
4,1385
1,475
1,569
1,562
1,593
1,425
6,3191
2,12844
4,6768
8,3446
4,1405
1,365
6,1871
1,509
1,465
1,551
1,383
1,402
1,525
1,593
2,1272
4,1688
3,1259
7,4596
4,1609
4,1727
3,1299
5,92001
5,1934
1,264
5,1893
8,2571
1,388
1,624
1,521
1,689
4,1315
3,1265
4,5893
1,623
6,2334
1,589
4,1726
7,2526
1,248
10,3955
1,422
10,3897
1,486
1,472
2,836
7,11059
9,3757
2,932
1,612
9,3746
1,647
3,955
2,824
1,240
7,2493
3,3859
1,403
1,440
1,587
3,4126
1,812
6,4112
6,2296
6,2025
6,2358
1,3034
2,972
1,443
1,224
5,1573
9,7411
1,624
3,6132
1,627
2,780
2,953
4,1568
3,1740
4,1581
4,1512
1,691
2,1007
7,2830
1,238
7,1748
1,343
5,3750
1,5043
5,2015
2,873
1,459
2,1096
3,1146
9,3332
4,1270
2,948
4,1547
6,2458
1,259
8,6119
10,6919
1,494
4,1417
3,1238
4,1495
6,2272
3,1111
1,445
1,440
2,890
1,657
3,1431
1,554
1,439
5,3590
9,10069
3,1031
4,1477
8,2778
8,2606
3,1163
8,5516
3,1249
7,2716
3,1489
1,688
1,584
8,7150
10,2718
9,3003
1,349
4,1654
5,1797
4,1427
5,2108
2,719
4,5514
3,1229
4,1477
1,573
1,568
4,1581
1,5679
5,1391
6,2117
1,456
1,688
4,1452
1,645
6,2576
1,491
4,1457
4,1366
1,742
1,1253
1,502
6,18376
1,575
10,2120
3,1072
1,483
1,644
6,6380
5,2329
8,2763
1,654
4,1311
9,3226
1,354
2,962
1,1213
3,2628
1,624
9,2799
2,799
1,466
5,1729
6,2106
5,1870
9,2998
1,658
1,600
2,11938
1,444
6,5733
7,2333
2,803
1,440
10,2262
1,245
1,470
7,2989
6,38045
6,2198
7,2665
1,673
1,4020
8,10980
7,2277
3,1218
4,1575
8,3925
1,672
10,3669
1,456
1,428
6,2409
4,3236
2,853
1,535
1,606
1,475
1,488
1,319
4,12541
1,594
2,1728
1,447
5,1908
1,502
1,483
7,2510
4,1263
7,4339
1,398
3,1511
1,425
5,1754
1,490
6,2904
10,3338
4,1595
1,641
10,2912
1,321
1,439
5,1837
6,3479
7,18105
1,576
1,367
6,1939
6,2118
1,464
2,901
7,2504
4,1504
1,621
10,2376
1,338
3,1702
9,3442
2,785
9,3568
1,630
1,495
7,2695
7,2452
1,497
8,2712
10,12767
9,2938
1,525
10,2583
10,2937
2,809
5,1711
1,467
5,1893
1,550
3,1354
1,371
1,5048
3,992
5,1558
7,2533
6,2276
7,2398
1,380
1,584
4,5666
3,1279
3,1238
3,969
1,574
8,2587
4,1389
7,2317
3,1309
4,1574
9,3150
1,594
5,1895
10,3587
1,587
4,1344
1,488
3,1225
1,480
1,486
7,2321
4,1376
9,27571
2,823
1,643
6,5082
7,2674
4,981
10,3305
1,427
5,1722
1,465
6,2192
1,292
2,728
8,2687
1,583
2,703
9,3010
9,14513
3,1027
4,1365
3,944
9,2675
1,309
4,1347
2,657
4,3736
2,865
1,511
4,1471
1,517
1,1731
2,1072
1,11627
3,1111
4,1415
5,2158
10,2937
1,294
8,19574
8,1787
3,1040
10,2597
1,450
5,2194
2,1214
1,467
8,6756
6,20471
1,488
1,1437
10,6290
10,3707
1,339
6,2940
9,3072
8,8164
9,3011
1,519
2,763
1,811
1,391
8,5122
7,3114
2,661
1,458
3,3973
1,480
2,549
3,919
10,3042
4,1422
9,1944
1,418
7,2234
6,2161
1,496
4,1444
1,4651
2,549
3,1506
7,3014
1,465
2,875
2,1185
9,2260
4,1673
10,2875
1,895
9,2986
1,487
1,424
2,959
4,1893
9,2163
1,1625
6,2295
1,271
9,2129
6,35685
10,3320
2,803
10,4181
5,1933
1,760
3,1097
1,438
7,3295
1,3356
10,2590
6,2105
7,8565
1,252
10,2606
6,1990
8,2446
4,4557
10,4271
3,1304
2,790
1,543
1,414
7,2481
1,456
10,2833
1,658
5,1844
1,301
8,1756
8,2925
10,2287
1,539
8,4434
1,542
5,1745
3,1217
1,4988
7,15139
1,432
8,2767
3,1097
5,4517
1,574
8,2740
2,1025
2,508
3,1000
1,445
5,1924
3,1128
1,1083
1,498
1,2937
5,1746
8,2852
1,546
3,1015
1,353
10,9270
3,2932
1,522
4,1359
1,279
10,3604
4,1413
3,1392
1,359
1,725
2,705
10,4002
1,474
1,591
1,282
1,565
3,1219
1,415
1,369
1,304
7,2865
1,1319
2,3847
1,511
1,623
1,3809
10,3130
1,581
1,546
1,254
10,4035
6,1980
1,323
7,2170
1,268
7,2647
5,1854
2,815
1,501
3,1536
1,393
1,602
1,412
2,733
1,273
1,299
2,716
1,339
7,4013
1,320
7,5444
10,3524
8,3933
4,1685
5,1825
1,367
1,416
1,365
9,3310
10,3465
9,2911
3,1010
1,390
4,4154
1,240
5,1852
7,2529
4,1466
5,2504
1,319
1,262
1,416
1,397
10,3641
3,1069
2,1025
4,1298
1,451
6,13923
1,310
9,3337
7,2301
5,1844
9,3343
4,1491
1,412
1,440
1,462
9,2318
10,2140
10,3408
1,4114
1,265
1,425
1,281
5,1974
7,2303
8,2562
5,2080
5,1952
1,472
1,250
5,2019
10,2740
10,3501
10,2138
4,1542
1,250
2,722
1,287
1,400
5,1511
2,974
3,6335
7,2478
5,1464
1,267
2,1032
10,3382
10,3532
9,3446
4,1486
1,234
1,467
1,344
3,1236
6,2201
7,2571
10,6908
1,370
4,1442
1,266
8,11847
10,2898
10,3342
10,2599
1,423
1,241
1,763
1,493
3,1251
9,2914
9,11451
7,2680
10,3789
1,516
1,267
6,3548
8,2302
7,2472
10,2894
4,1417
1,225
6,5482
2,554
1,571
1,513
7,9124
6,2213
6,2209
5,1592
1,266
8,5377
1,465
10,3164
8,1896
1,419
1,308
1,414
1,489
9,2263
5,1676
5,3150
5,1617
1,536
6,2412
1,258
5,4363
1,317
10,3410
1,452
9,3021
10,2460
1,948
10,3092
2,1216
1,600
1,624
5,1772
7,3011
10,7176
10,3354
4,1603
1,381
5,1933
1,264
1,353
10,2082
3,2258
9,3147
9,2725
1,351
4,1477
8,14701
1,549
7,2504
1,353
7,2646
1,418
2,861
1,254
1,454
10,3509
1,520
8,1981
10,3492
1,370
3,1084
2,882
1,598
6,2110
10,3920
2,17409
1,265
10,3049
1,276
4,1387
9,3290
1,366
10,2236
10,3466
1,334
5,3327
1,559
1,375
5,8035
9,3042
4,1369
1,317
10,2911
1,648
1,490
10,2490
1,502
10,3482
10,3663
1,407
1,593
1,504
9,9447
9,2859
10,3323
1,617
1,313
5,1337
10,2467
7,2332
9,2090
1,639
9,2679
10,2569
1,501
5,1609
2,614
1,395
4,1469
10,3435
4,1672
1,408
8,6061
1,461
6,1981
10,2288
3,1156
10,2453
8,2908
1,506
10,3997
9,2348
6,1994
3,2070
10,2180
1,667
1,392
10,2526
10,3221
1,358
10,2415
3,1320
1,430
1,595
1,679
7,2473
10,3256
1,439
1,480
10,3349
5,2311
1,345
1,305
1,383
1,642
1,346
6,2366
10,2252
1,404
3,1209
7,2878
9,2215
5,1732
1,352
10,2964
3,1225
1,462
1,338
1,371
1,434
10,2493
2,900
10,2460
1,376
1,599
8,2849
10,3243
5,1317
2,690
4,1166
1,491
1,572
1,256
1,284
1,453
10,3375
8,2880
10,3483
1,411
3,1014
6,2052
10,3326
1,622
9,2583
10,2352
4,1423
10,2203
1,284
1,699
4,15061
10,3298
4,1464
9,3130
1,365
1,580
9,2882
10,3334
1,374
10,2467
10,3827
5,1629
10,2425
1,253
4,1040
1,401
9,2262
5,3218
10,3017
1,385
1,591
5,1945
8,2154
1,403
9,2759
10,3488
10,3604
10,3165
1,240
10,2615
2,772
10,3177
4,1680
10,5941
1,327
10,2660
1,1167
10,2651
3,2294
10,2441
6,2203
7,2426
9,3019
1,509
10,2790
6,1856
10,3448
7,2610
10,3655
1,252
2,717
1,351
1,470
4,1277
10,3556
10,3712
7,2521
9,2176
1,483
6,2122
1,495
1,545
2,731
1,462
1,359
9,2248
1,311
1,380
1,495
10,2708
10,3588
5,1790
10,2681
1,455
10,3990
3,1027
1,493
9,19816
1,301
1,517
10,2288
1,628
1,428
10,2238
8,3192
1,472
6,2519
10,2477
10,3748
1,514
2,810
1,373
7,8192
1,316
1,417
9,2536
1,485
1,387
2,685
1,383
1,330
9,2982
10,3112
1,443
10,3669
1,739
1,383
1,1005
1,536
1,624
10,3282
1,667
1,319
10,3392
1,258
1,733
8,17034
1,450
8,2352
1,286
3,1100
1,408
5,1577
1,800
10,3680
8,6122
3,1703
1,364
10,3201
1,245
1,359
1,433
3,732
1,393
9,7574
2,796
1,386
3,7469
1,436
10,4166
1,698
1,654
1,261
9,2933
1,280
1,374
5,1484
10,3544
10,2360
8,2983
6,6485
1,246
4,1521
1,473
9,3243
10,3629
1,473
1,272
10,3322
1,263
1,587
3,1159
10,3226
1,525
1,375
8,2557
1,368
1,943
1,544
9,2894
1,323
1,435
1,318
8,2031
1,259
1,341
1,519
9,2355
4,1076
10,5418
4,1384
1,382
5,1711
1,592
10,3283
10,2378
1,439
1,298
1,373
1,392
1,375
1,415
7,1846
10,2227
10,17691
5,2194
1,407
10,3629
1,483
10,3729
9,2295
2,798
1,254
10,2139
1,352
1,290
1,473
10,2646
2,657
9,14559
6,6487
1,477
7,8359
1,401
10,2428
10,2760
1,655
1,347
1,241
1,292
1,313
1,324
10,3485
9,2256
10,4001
9,12286
1,412
7,2458
1,413
1,438
9,2438
1,473
10,2496
10,3056
1,283
10,3194
1,293
1,357
10,3184
9,3417
1,414
10,2412
6,1747
10,4520
10,3464
10,2284
9,2824
9,2980
9,1999
1,264
1,673
1,284
1,260
9,3077
2,1010
4,1368
10,3280
6,1834
10,3710
9,2187
10,2767
10,3053
2,630
10,2090
1,451
10,3588
2,761
1,257
6,1531
1,548
7,4910
10,3381
5,1626
10,3830
10,2298
10,3337
9,2419
10,2166
9,1783
10,2654
9,3302
1,367
1,254
10,2566
1,274
4,1500
9,3687
9,2844
9,5922
10,3708
1,458
10,3192
9,2032
1,392
9,2276
10,3829
1,360
1,248
4,1267
1,278
2,790
8,7994
5,1872
8,3176
10,2593
1,447
10,3389
10,3529
1,314
9,2971
10,3960
9,3073
1,283
10,2382
1,293
1,506
9,3355
1,500
9,3331
10,3462
1,355
10,3381
8,2168
1,474
10,3751
10,9572
1,379
1,359
4,1109
1,538
5,1895
10,3151
1,273
10,3621
10,12025
1,405
1,427
10,2513
10,3359
10,2440
10,5920
1,451
1,262
10,2419
5,3393
3,2182
2,614
1,459
2,984
1,783
1,310
9,2408
1,378
1,595
10,2847
5,2374
1,263
1,267
10,3719
1,463
6,2892
5,1718
3,839
5,1359
1,398
1,276
1,458
3,811
10,3491
10,2257
3,867
2,657
1,233
1,519
1,467
5,1731
2,598
1,368
2,792
1,372
1,318
10,2750
10,3422
1,354
10,3072
10,3657
8,1760
10,3532
6,2243
1,466
1,559
9,2047
1,449
10,3119
1,722
1,272
2,728
10,2801
10,2387
1,329
5,1350
9,2100
10,3834
6,2523
1,382
10,3510
10,2893
1,412
8,2078
1,615
1,269
10,3369
9,2827
1,326
10,2295
10,3428
10,4065
8,2796
1,8283
10,3973
7,2613
5,1730
4,2781
5,1706
1,566
1,284
10,3218
10,2261
1,300
10,3548
10,4229
10,3154
10,7588
1,573
1,411
6,1995
10,3377
1,336
10,4344
1,358
10,2433
9,2834
10,3314
1,275
9,3145
7,2201
8,2267
10,3497
1,492
3,1171
5,1790
8,3170
1,458
10,12031
1,534
1,362
10,2922
7,16112
1,259
10,3289
10,3111
2,602
10,5039
9,3412
10,3567
7,14342
1,443
1,407
10,3740
1,575
10,2589
10,2914
10,2481
1,325
10,2378
10,3334
1,491
10,5544
1,567
5,1818
1,414
10,2696
1,291
10,4667
1,467
10,2394
8,1996
1,571
1,412
10,3351
1,644
10,2368
2,687
1,25136
10,2852
5,1867
10,3428
1,1287
1,546
1,371
10,4140
1,462
1,662
10,2131
1,398
1,649
1,552
5,2013
1,630
7,5363
1,401
1,615
1,410
1,637
10,3524
9,2811
1,248
1,472
10,2159
1,278
1,685
10,2321
2,614
1,478
10,2999
9,3310
1,403
2,597
1,506
1,443
10,2362
1,256
1,559
10,3614
1,315
1,524
9,2432
3,692
1,639
3,1243
1,480
1,287
9,2129
1,5776
10,3808
10,3619
1,248
1,353
10,2959
1,270
1,566
2,518
10,4021
1,482
8,2419
1,484
1,420
9,2156
1,568
9,3092
1,416
1,253
1,286
9,2575
1,270
1,426
10,2946
5,1696
1,561
1,602
1,324
1,423
10,3303
1,444
9,3028
8,2858
1,269
1,383
10,3403
1,262
1,314
9,2056
10,2473
4,1551
1,435
1,444
3,1133
10,3594
1,449
10,3355
10,8791
1,291
1,355
1,489
1,305
10,3423
10,2837
8,2907
1,388
7,2577
1,407
1,451
8,3063
3,1351
10,3294
10,7629
1,264
1,252
10,2984
1,291
1,290
10,3228
7,2656
3,1140
10,3595
3,990
1,521
10,2977
1,1000
10,11646
9,2574
1,502
1,275
10,8005
1,352
1,513
8,2560
10,2918
1,540
3,1118
1,457
1,455
1,377
1,472
2,926
10,3903
1,268
1,478
8,2880
1,272
1,393
10,2571
1,365
5,17335
8,1967
1,486
1,466
1,593
1,404
5,1897
10,4011
10,2806
1,452
9,3236
1,334
6,1409
1,497
1,257
2,930
2,1459
4,1478
1,547
10,3593
1,445
8,2692
10,7091
1,378
8,2721
10,3501
1,641
8,2938
1,271
1,246
3,978
10,2543
1,452
1,504
10,2566
8,2849
10,3332
2,782
3,704
10,18568
1,500
10,3254
1,356
1,316
1,267
8,2581
9,2496
1,634
8,2123
10,3350
9,3064
5,1681
1,919
10,3450
10,22561
1,444
9,3037
1,464
1,735
1,378
2,566
9,2569
2,661
9,2194
9,2165
10,3560
10,3693
1,458
9,3024
9,3109
10,3690
9,3372
4,1154
1,451
1,495
4,1390
7,5879
9,3178
1,1278
9,2087
1,395
10,3058
1,750
7,1519
10,9048
1,398
8,2601
2,742
1,311
1,554
7,17652
1,713
10,2868
7,1998
10,3101
7,1836
10,2459
1,464
10,3426
9,3192
10,3294
10,3300
10,2613
1,255
1,530
9,15049
2,919
10,3131
10,3347
10,3447
8,2038
10,3384
1,465
10,2846
2,962
10,3402
10,4624
9,3039
1,253
10,3985
3,1282
1,11546
8,3061
8,2057
10,3036
2,579
1,681
1,676
1,348
5,2030
1,363
10,3320
9,2718
1,256
1,6872
1,470
1,386
10,6958
2,1242
1,381
10,2876
1,617
1,395
9,2794
2,1118
1,476
2,793
10,2495
1,245
1,686
1,441
1,267
10,3424
10,2482
1,251
9,2325
1,545
1,281
10,3497
3,1248
1,583
5,1464
1,608
1,381
1,526
6,1975
1,250
1,684
9,2718
1,248
2,738
1,592
1,397
1,371
10,3378
1,417
2,599
4,1864
10,2479
1,505
8,3458
1,263
10,3338
2,870
1,253
4,1492
1,636
1,466
10,3701
5,1731
1,380
2,553
10,3072
10,2277
9,2258
3,7872
1,338
1,468
4,1648
1,258
1,434
1,598
5,1978
1,337
10,3008
2,1027
10,4237
4,1100
9,3032
1,239
2,921
9,2034
10,3248
10,2773
1,239
10,2594
1,516
2,922
8,2540
8,2518
1,444
5,1927
10,3438
10,2563
10,2834
2,987
1,302
9,2474
10,2634
1,355
4,1372
1,419
10,3434
9,2642
7,1814
1,505
8,2376
1,489
10,3209
9,2780
2,940
4,989
10,3327
10,2557
1,387
10,2605
1,422
10,3408
10,4426
10,2586
2,576
10,2596
10,3162
1,622
8,2339
7,2589
1,526
9,2155
4,1768
1,252
1,665
6,2204
5,1822
10,8533
10,2666
10,2235
8,1669
9,4010
10,3656
10,3685
6,2032
1,411
10,2575
1,720
1,274
10,3479
1,322
10,5776
9,3019
8,3879
10,2250
10,2961
6,5436
1,638
9,2957
3,1300
1,298
10,3372
10,2697
10,3583
9,3238
8,2705
8,2533
1,405
1,735
10,3091
1,480
6,47330
10,3293
10,2496
1,370
10,3279
10,2799
6,2145
1,460
6,2083
1,442
10,2883
1,298
1,593
8,2564
1,286
9,45945
9,3107
2,590
4,1368
4,1571
1,726
6,2312
3,897
6,2458
10,3355
1,512
2,574
1,488
10,3197
10,2070
1,35165
1,470
4,1165
1,589
10,2866
1,766
9,3320
10,2081
9,3204
4,1123
8,1973
1,455
1,519
10,2546
1,565
3,1097
8,3076
4,1445
7,9602
10,3863
1,457
1,839
9,2354
1,922
2,649
1,370
1,501
1,478
6,2792
1,460
1,560
9,3739
10,2584
2,761
6,1900
1,639
1,27251
10,3774
1,568
10,3389
9,3078
1,398
1,815
8,2736
1,393
1,455
10,3538
4,1507
7,10962
6,2315
1,323
4,1676
10,3570
1,465
10,3196
10,3595
1,501
1,589
1,386
1,282
1,466
10,2867
10,2377
1,31300
1,546
1,333
1,445
7,8321
1,646
9,2557
1,381
1,386
1,510
1,252
1,414
1,576
5,1470
10,3407
4,1954
4,15253
1,294
1,529
1,475
1,588
10,3202
8,2787
1,551
1,19706
10,2455
1,466
1,494
9,2163
1,1450
1,923
3,1225
1,358
8,7616
10,3068
1,696
4,1448
2,745
1,435
2,7537
4,1318
1,441
4,1609
2,726
6,2211
1,681
5,2016
1,287
3,1111
1,354
1,641
1,565
10,2907
1,450
1,541
2,486
1,433
1,368
1,544
6,5750
3,1239
1,566
1,261
1,333
10,11765
1,729
6,1941
9,2807
5,1775
1,398
10,3159
7,2514
1,522
1,415
6,2390
3,5641
1,538
10,2359
1,460
8,2772
1,750
10,3296
10,3404
1,692
1,449
8,2576
8,2720
1,486
1,445
1,505
3,7226
8,2846
10,2367
5,1664
9,3419
1,424
4,1211
9,2496
2,826
10,3206
1,363
10,3074
1,423
1,373
1,700
1,501
6,2105
10,2779
1,339
9,2998
4,7361
10,2256
2,777
5,1857
9,2840
1,284
1,351
7,2309
1,464
1,2732
6,1869
4,1248
10,4007
1,341
10,3316
1,482
1,2122
1,342
10,3590
3,930
1,570
1,486
1,343
1,423
1,9826
1,595
9,3056
10,3394
1,481
10,3499
3,21677
10,3790
1,396
9,3311
8,2081
1,356
8,2008
1,330
1,259
9,2764
1,441
6,1979
10,3152
1,448
10,3105
5,7115
9,15894
1,416
8,1768
10,3407
1,465
3,945
5,1730
1,292
1,415
1,580
3,1186
8,2308
1,445
2,745
1,588
6,2402
1,441
10,3074
9,3244
10,3159
2,582
3,1097
1,382
1,648
3,1296
1,351
1,479
1,353
1,597
6,2095
9,5302
1,385
6,1986
7,1702
1,642
9,2957
8,8006
1,484
1,34588
1,407
1,335
10,2610
3,1018
1,519
3,956
1,731
1,342
10,3527
2,814
9,2793
10,2783
4,1354
5,2128
1,569
2,723
2,692
10,3439
1,331
1,810
7,2592
1,705
1,322
4,1893
4,1102
9,3130
9,3013
5,10177
1,654
1,526
2,717
7,45201
10,4472
7,2349
1,504
6,2327
1,584
1,400
8,10241
10,3306
1,504
2,856
3,991
2,994
1,718
1,439
5,40108
2,833
6,2167
1,436
5,2141
1,635
1,365
1,538
4,1394
1,259
4,1179
5,2673
9,2241
1,534
1,771
1,433
9,3098
4,1530
1,433
5,1702
1,655
1,526
1,514
4,1051
1,277
1,721
3,1178
10,3398
3,1249
4,1602
6,2012
10,3472
2,722
1,594
9,3817
1,45052
1,691
10,3174
10,2109
1,384
10,2900
1,332
9,3074
4,1562
1,446
3,59747
10,3306
5,49481
1,453
3,1193
1,543
4,1132
3,940
1,554
2,859
4,919
6,2203
8,2761
5,1901
5,1873
4,1365
10,3226
9,2792
1,305
3,958
1,485
10,3135
8,2671
10,3721
4,1015
4,897
4,1355
1,507
1,556
2,6186
1,11675
1,507
6,51826
1,243
1,394
4,2904
4,1422
2,805
6,2248
1,366
10,2345
1,3552
10,3261
7,2840
4,6493
1,641
1,524
5,50043
5,1900
4,1796
1,429
10,3108
10,2120
6,2056
4,942
1,557
7,2271
6,3030
8,2613
9,3021
2,1044
1,546
1,47456
2,679
2,1429
3,5204
10,2646
9,2669
6,2144
6,1575
6,2109
6,2006
8,23062
6,2268
1,431
3,1463
1,445
2,46112
3,1048
5,1543
1,476
9,2714
9,2783
9,2991
10,2301
6,2150
2,717
1,553
9,3132
6,1962
1,403
1,451
4,56970
10,3348
2,894
1,560
6,1964
7,1913
4,5374
1,495
6,3118
7,3243
10,3200
4,1475
6,2140
1,560
1,391
4,44100
5,2150
7,2368
5,1761
6,2240
2,578
1,517
10,3151
9,21182
2,768
4,1155
1,496
8,2770
1,530
1,412
7,50797
8,2582
1,654
1,327
4,1791
1,362
1,593
9,3002
1,563
2,670
3,1110
3,1052
5,5614
1,428
1,490
3,41238
7,1860
6,1985
3,1108
1,2999
1,259
1,680
6,1964
1,880
3,1062
8,2210
6,2025
1,23642
1,453
1,444
1,32833
10,3360
2,816
7,2547
3,1145
1,434
1,620
9,2900
9,3133
2,761
2,590
7,2946
5,2286
1,372
1,459
1,25770
10,2477
4,1518
8,2641
5,2098
1,289
1,665
4,1397
1,483
7,2350
10,2220
1,347
2,728
7,4641
5,1745
6,23131
3,1278
7,2432
3,1016
1,4130
1,272
3,1176
1,493
1,9953
7,3525
10,3242
2,971
7,3724
7,2255
2,839
6,21378
8,4918
2,751
4,13575
4,11677
1,323
1,640
3,1085
1,552
4,1477
9,2632
5,25164
6,17543
1,581
10,3450
1,19605
1,489
7,3801
2,689
8,7889
1,341
3,887
1,482
1,507
1,397
7,2664
2,1050
4,1571
1,525
5,1798
3,23334
1,573
4,1665
9,1956
6,2258
1,422
1,417
5,1606
1,18748
3,1365
2,761
7,6539
2,651
6,2159
10,3447
2,19781
10,3504
3,1312
5,2141
3,1023
1,284
5,1719
1,445
2,14250
1,523
10,2706
1,1492
5,1468
2,591
8,2969
4,1416
7,2383
1,515
2,803
1,625
1,380
1,342
3,1062
1,10319
3,1184
1,383
6,18115
2,890
1,530
10,3109
3,1116
8,2745
3,1029
3,1179
4,1291
4,1270
1,358
1,344
4,1431
7,2457
1,349
2,922
5,2044
2,819
10,3081
6,1861
2,817
1,594
7,2333
5,1661
4,1197
1,452
1,450
1,403
1,632
1,355
1,602
6,2268
7,2588
1,638
4,1300
10,2199
6,2075
1,576
6,21718
10,3308
1,472
1,436
1,331
1,623
1,275
2,875
6,2120
4,1495
8,3026
3,2374
9,3044
3,936
6,2378
1,555
4,1339
1,461
2,784
1,481
1,389
1,390
1,355
8,2902
3,1103
8,2623
2,3233
9,2674
1,382
1,892
1,574
1,557
3,1034
1,500
1,376
3,3051
1,536
1,558
1,641
3,1195
1,384
2,797
10,3187
1,437
2,890
1,485
10,3855
1,426
1,395
3,1292
1,444
1,369
4,1484
1,576
3,1230
1,350
1,313
2,588
1,446
6,2193
1,458
6,2096
7,2318
7,2336
9,3548
1,531
1,263
7,23701
6,3912
3,1111
9,2189
3,886
1,480
1,391
6,5261
9,6306
6,2022
8,2545
5,1602
3,1343
6,1815
1,466
4,1930
1,639
1,605
10,2450
3,1187
1,370
1,373
2,919
3,6498
1,604
6,1850
9,2783
2,1068
1,323
1,293
1,547
1,421
1,592
2,666
1,357
1,332
1,373
2,947
1,1478
6,1880
5,1680
6,1876
8,16058
1,491
4,1518
6,7297
1,675
2,879
2,770
9,2903
1,275
1,417
7,2689
4,2536
9,40013
9,2934
5,1592
5,13652
4,3658
4,1433
3,1080
5,2003
3,1341
10,2001
2,714
1,287
1,391
3,30030
1,4335
4,1469
1,459
8,11496
3,1369
2,1024
10,2976
2,863
1,446
4,1645
9,3127
4,1383
1,260
3,1491
4,27263
7,3265
1,1100
6,1855
1,33518
1,6002
3,1193
10,2420
3,4356
4,1694
2,834
9,2634
1,326
1,244
1,496
7,17115
1,411
4,4495
1,406
1,470
4,24948
1,379
1,638
1,563
7,10100
6,2165
10,3179
1,454
1,272
2,844
4,1545
6,12117
3,1212
4,1596
1,463
2,944
4,7950
6,2159
3,1010
1,1684
1,620
1,448
2,740
1,242
2,891
1,589
1,1133
5,1756
2,4153
8,2571
8,3192
1,378
6,2277
1,591
1,545
4,1532
1,341
1,353
1,305
1,1437
3,1387
2,895
1,454
3,1146
1,320
4,1499
1,558
9,40026
6,3046
1,494
9,3294
1,354
6,2410
4,1076
4,3554
3,2915
1,666
1,500
2,799
1,339
1,330
4,1622
4,1278
1,388
1,525
1,351
1,408
1,430
10,2176
3,2103
1,608
1,527
7,3171
7,7606
3,4664
1,4017
2,879
1,527
1,408
4,1585
5,1789
1,414
1,500
4,920
2,908
6,2157
4,1491
3,1156
6,2020
4,1303
6,5393
4,1743
3,888
1,425
2,892
6,2157
1,482
1,676
4,984
6,1895
1,536
1,405
8,2771
4,1419
5,1596
6,102359
1,609
1,1629
1,405
1,598
6,2080
1,384
1,557
10,3120
1,482
3,1202
7,5449
1,374
2,661
2,631
4,1738
6,2386
5,8315
2,1345
1,489
2,740
1,383
6,3542
1,406
6,2423
1,386
6,2130
9,3510
1,321
7,2358
7,13008
1,455
1,1818
2,982
5,1517
4,1543
1,404
6,2017
6,2236
4,2057
1,728
1,498
6,31043
7,16362
2,693
1,422
9,3860
3,1139
3,14122
8,2268
6,2098
1,396
4,1374
6,2129
7,2644
1,760
2,945
4,31438
2,894
6,2006
7,2720
4,1397
1,412
5,4636
3,838
8,11800
1,464
2,591
6,2288
5,1688
1,430
6,2200
1,24885
7,2419
1,440
3,2047
2,918
4,1370
1,1902
9,2476
4,1643
4,1514
1,334
9,4286
2,764
1,414
2,1013
3,21492
1,272
2,686
2,745
8,3448
5,1539
3,1308
10,2625
7,2259
10,3063
5,1389
4,1353
6,18727
1,427
7,2859
4,19431
4,979
4,1624
2,915
6,2175
8,2781
2,956
10,2720
2,780
10,2724
8,2499
1,484
4,1570
2,869
4,1689
1,18251
3,5230
3,1243
7,2506
4,1276
6,7973
5,2108
10,3354
1,446
4,1131
4,1520
3,1414
8,12525
1,335
3,1276
1,17809
3,1072
6,1819
6,2149
7,2405
7,28941
1,797
5,1759
2,2542
1,489
2,939
5,1793
4,1588
4,3404
3,1166
6,17707
1,349
4,1578
1,13177
4,3761
9,9600
4,1751
7,2307
4,1704
9,6235
4,1457
1,385
2,862
1,4667
3,1082
3,1404
1,457
3,1102
1,1876
2,1022
1,482
6,2313
2,666
1,544
6,2157
5,2193
3,1161
2,815
3,1206
3,1170
1,508
3,772
3,1045
3,1230
5,1784
6,1895
1,376
10,2588
1,484
6,2312
4,1815
7,2294
5,1889
1,401
1,432
2,669
1,404
6,2172
1,347
2,740
3,3111
5,1872
10,2329
1,483
9,8703
5,1524
2,723
4,1584
1,635
4,1508
6,2000
4,1263
2,722
2,830
5,1768
7,6988
2,810
1,374
1,552
4,23990
3,814
6,1947
5,2004
1,502
2,789
2,932
1,475
2,725
3,1044
6,2188
1,323
9,10545
1,328
1,337
3,14795
5,1631
4,1236
2,960
5,1992
1,327
7,2562
6,14791
4,1942
7,2377
6,2209
6,13491
5,1836
10,3817
1,517
1,17081
6,1552
8,20177
5,1967
1,489
3,1091
1,644
1,457
3,6864
1,374
6,2373
4,4297
8,1997
10,3763
1,467
6,12178
7,5116
5,1842
6,1749
7,2719
2,817
1,506
1,479
2,1596
2,702
5,1605
1,4344
2,1048
10,2372
1,498
5,1704
8,2998
9,5650
6,1964
4,14131
6,10158
1,519
3,1112
1,497
3,961
5,2282
1,2068
4,1419
1,700
2,972
1,388
6,2677
1,515
8,2558
6,2122
3,1393
5,1720
2,794
3,1046
1,477
5,1668
1,429
7,6774
9,2583
5,1688
2,805
5,2297
1,527
7,2533
9,10192
1,2155
2,945
2,684
6,2051
1,480
7,8251
2,716
4,1539
1,393
1,377
3,1502
7,2720
1,538
5,1757
2,914
1,542
1,338
1,480
2,722
1,502
1,376
1,470
2,829
1,343
7,2329
7,2276
5,2878
1,477
5,1892
4,9585
5,2821
7,2421
1,462
1,503
1,408
4,1318
1,400
2,683
1,241
5,1842
8,12811
3,1302
3,1894
7,14539
6,1977
6,2228
6,2018
3,1126
1,473
1,438
4,947
1,1554
5,1706
1,426
6,2332
1,521
4,1494
1,538
1,979
5,1703
2,789
4,19020
5,1551
1,400
1,382
5,1662
3,1305
5,2103
1,421
7,2604
4,1294
3,1247
1,406
4,1477
4,1591
9,5628
1,5145
1,333
6,2061
3,1095
1,378
1,359
6,1938
1,551
8,3128
1,379
2,1156
8,2859
1,548
2,678
1,597
1,485
1,446
1,398
6,2593
5,1780
1,489
6,4453
9,3213
5,1916
9,2890
1,471
6,2098
1,521
4,1519
4,1408
1,525
1,463
6,2071
2,798
1,772
2,719
8,2946
1,463
1,597
4,1452
1,470
1,384
1,622
7,16427
6,29316
2,1091
2,802
1,337
1,386
1,458
1,524
1,853
1,305
5,1896
5,23310
1,513
4,1363
2,747
8,2444
1,375
3,1012
1,352
4,1431
4,4430
1,475
1,495
1,730
1,504
3,1181
6,2056
1,396
1,405
3,1002
2,1047
8,2538
2,638
5,6300
1,586
3,1050
1,533
2,713
6,2323
3,870
2,971
1,500
1,351
1,575
1,401
5,1894
4,1244
5,23084
1,646
5,7160
2,1073
1,277
1,460
5,1536
5,1364
5,1372
8,2631
1,267
1,1774
1,370
2,778
7,2824
1,437
1,1683
9,11773
1,470
1,535
7,5205
5,1904
10,3476
3,1113
3,1042
1,271
1,589
1,416
5,2169
1,413
6,3282
6,2137
2,9384
2,849
5,1576
2,895
1,451
7,2177
8,2765
1,367
1,351
2,837
1,461
6,3260
7,4620
3,2413
4,1495
4,1389
1,357
1,370
4,2093
7,9771
10,3110
7,2184
1,5662
1,277
1,582
1,346
6,2094
2,716
3,1339
2,767
1,406
6,1898
1,518
6,2965
1,542
5,1633
3,968
1,504
1,260
2,995
1,394
2,979
4,1565
4,1405
9,2948
1,369
4,1409
1,374
3,1377
1,580
10,2217
10,2240
1,413
7,2653
7,2685
1,617
6,2124
1,472
2,673
5,1713
8,2512
5,1678
7,2439
3,1505
4,1565
10,3765
5,1443
1,410
7,3012
2,809
10,3225
5,1895
1,489
1,484
8,3118
1,482
9,3000
9,3269
2,715
1,413
10,3729
10,3248
7,2598
1,484
1,627
5,1736
7,2553
1,490
4,1257
2,2921
1,398
2,746
5,1744
6,2078
1,651
10,3849
10,3292
1,333
5,1798
4,1478
7,2360
1,449
1,389
2,1016
4,1818
2,740
8,3094
10,3208
2,736
1,622
10,2821
2,822
2,690
9,3592
6,2068
1,3670
4,1352
1,434
5,2182
3,1280
1,561
7,2679
10,3289
3,1406
1,367
3,871
3,1167
2,935
3,1320
2,761
9,8470
1,374
6,2204
1,484
7,2493
7,2230
4,1550
3,2730
2,983
1,551
4,1610
7,2203
1,428
10,2478
7,2364
3,1351
5,4642
1,414
4,1604
2,742
5,1496
5,1984
10,2950
4,1458
2,757
10,3512
7,2909
7,2365
5,1659
3,1123
10,2193
1,582
2,702
1,359
6,1541
1,450
4,1622
1,311
2,805
1,1041
10,2833
1,524
4,1306
3,1211
3,1429
5,1591
4,1194
1,495
6,1924
5,1316
4,6904
2,656
5,1575
1,679
4,1382
10,2830
1,447
2,742
1,528
6,2763
1,378
1,318
6,2278
9,3155
2,1161
5,1724
2,609
10,3016
5,1966
1,385
1,571
1,461
6,2001
9,2962
3,1098
3,1104
1,476
6,2289
5,1563
5,2179
2,808
5,1380
10,2882
5,8237
5,1900
7,2460
1,418
1,333
7,1824
2,737
9,2906
1,425
5,6204
6,9016
6,2214
6,2173
6,1901
10,2957
2,897
9,3012
1,661
1,516
7,2244
10,2280
3,1194
7,2927
1,530
6,2071
5,1788
8,2716
5,1737
6,2254
10,3939
1,586
8,2709
1,449
1,292
1,692
1,454
2,798
10,2398
1,425
8,3402
1,363
1,449
2,783
3,1128
10,2293
4,1639
3,933
1,642
1,382
1,486
1,268
2,844
1,264
1,427
4,1526
1,467
6,4688
6,2119
8,2047
10,2145
6,2057
3,974
1,363
1,473
2,774
10,3345
1,432
1,379
1,408
5,2339
8,7849
5,1746
8,1904
5,1812
10,2204
4,1561
10,2480
1,387
10,2475
3,952
10,3448
3,1058
10,2945
1,347
4,8467
1,489
2,705
7,2394
8,6343
1,590
6,2522
5,1215
6,1667
1,322
2,607
10,2849
4,4534
10,3423
5,1903
4,1529
1,540
5,1731
7,2695
5,1685
1,295
1,530
2,725
1,254
1,333
2,686
10,2187
5,2073
10,6229
7,2388
2,821
1,440
7,16892
4,4960
1,350
1,241
9,2947
10,3628
1,357
10,2311
3,989
9,2182
2,735
9,2133
3,1356
7,2799
2,769
4,1333
4,1591
4,1257
1,231
5,1702
7,2622
1,266
1,519
6,7913
9,3318
4,1553
10,3932
9,2601
8,3195
7,2619
1,548
3,1364
1,481
1,281
4,1899
7,2064
1,391
10,3089
2,1866
1,482
1,675
9,3159
5,1960
5,2565
1,382
1,483
2,1071
1,387
1,261
8,2744
10,3404
4,1760
10,3637
2,866
1,520
6,2517
1,557
5,1661
5,2191
5,1828
1,521
1,578
1,379
10,2413
6,2230
1,423
6,2247
10,3267
4,1425
10,2494
4,1529
1,483
10,2686
3,1172
1,400
1,552
1,546
1,366
1,272
1,630
1,453
10,3764
9,1997
1,504
1,484
2,796
1,362
10,3137
10,2383
1,553
2,989
7,3216
1,701
1,228
2,827
10,3395
10,4275
1,465
3,1204
1,602
1,450
1,317
3,1296
5,1302
1,641
4,1404
5,1737
1,2684
1,241
4,2215
10,2494
6,2359
10,2310
6,1992
1,354
9,2933
1,326
1,561
10,3580
4,1564
1,538
9,3143
1,416
1,238
1,410
10,3387
4,1606
9,2929
8,2557
1,308
6,2141
1,372
5,1671
3,1502
1,555
8,2633
3,702
7,4032
1,566
1,448
10,3538
10,5327
10,2960
4,1359
1,248
5,1681
1,628
7,3068
10,3758
2,933
1,385
3,1004
1,476
10,3579
7,2428
9,2059
10,3040
10,2253
4,1440
1,233
8,2872
1,377
1,431
2,710
2,826
1,468
10,3187
5,2614
9,2893
1,690
1,506
10,2762
10,3639
6,2025
1,319
6,2076
1,665
10,2496
5,1964
5,1776
1,353
1,610
1,492
10,3473
1,466
1,258
10,2999
10,2118
1,474
1,366
1,1950
1,379
9,2201
1,546
6,4961
1,338
1,443
2,721
10,2835
1,759
1,245
10,2883
10,2134
6,2202
1,263
2,978
1,382
1,355
7,2742
6,2355
1,386
5,2070
3,953
10,2179
1,640
1,372
1,555
10,2267
9,3111
10,2208
1,352
10,2626
10,3425
1,584
8,2034
1,358
1,726
9,3363
10,2740
1,510
1,441
5,1834
1,460
2,643
10,3490
1,503
10,2112
10,3270
1,545
7,2424
5,1716
1,355
1,351
10,3389
6,1926
1,348
10,3990
1,256
4,1420
9,2464
4,1269
9,2217
10,3325
1,417
7,2434
8,2535
1,260
5,1674
10,2822
1,382
1,346
10,21969
1,321
1,492
3,1048
7,2274
10,3523
10,2464
1,292
5,1902
3,910
1,318
7,4984
10,3210
1,326
1,301
10,3759
1,292
6,2084
10,2402
1,755
3,744
9,2538
1,473
4,1606
5,2220
1,370
7,7932
10,3080
2,782
9,2094
1,514
1,356
7,2452
10,2295
1,513
10,3091
1,417
1,473
3,1159
10,3338
3,990
10,3115
10,2415
2,534
1,373
9,3013
1,282
1,359
7,1696
1,449
10,2328
1,351
1,262
9,9628
5,1849
1,682
3,1083
10,3250
2,541
1,256
1,371
1,251
4,1290
10,3483
1,494
7,1689
1,273
1,256
2,817
10,2533
1,486
10,3238
10,3167
6,1622
4,1291
1,370
1,233
2,645
3,1063
4,1445
10,2453
1,269
1,258
1,446
2,859
1,522
1,466
1,491
8,2814
1,430
1,504
1,328
1,405
4,1351
1,491
3,661
1,290
1,429
5,1667
7,2108
10,3992
9,2339
1,301
7,2464
10,2545
1,592
1,277
1,466
10,3369
1,559
4,1535
1,265
10,3369
7,2455
5,1707
9,3112
5,1649
1,441
8,2525
6,1603
5,1800
10,2104
1,556
10,3279
1,542
10,2788
1,277
1,423
1,398
10,3153
1,565
10,2216
1,475
7,2672
9,2683
1,403
10,2784
1,444
10,2855
5,1762
10,3132
1,301
9,2140
1,388
1,373
7,2509
1,360
10,2534
4,1428
10,3421
1,416
3,794
1,465
10,3223
2,785
10,2637
1,453
10,3380
5,1866
1,475
7,2413
7,1573
1,279
2,815
10,2656
1,252
10,3457
4,1406
7,2832
5,1768
7,3138
1,417
10,3124
3,916
10,2683
10,2629
10,3172
1,277
3,1615
10,2282
1,388
10,3372
1,578
6,1728
2,669
10,3896
1,445
10,3448
10,2558
10,2986
1,592
10,3480
1,481
1,484
10,3391
1,279
7,2503
1,1929
1,742
6,1901
6,1963
10,2404
9,2314
5,1400
10,3247
1,348
10,2323
1,413
7,2296
10,2529
4,1236
10,6064
1,445
2,926
8,2674
1,418
10,3706
1,553
10,3477
10,2693
10,3768
9,2748
1,430
9,2608
3,881
5,1186
2,896
2,767
1,596
5,1718
1,463
9,2250
10,2256
3,1064
9,2719
10,3084
10,3030
1,415
3,855
4,1397
10,2561
10,2357
5,1659
10,3042
7,2328
1,440
10,3400
9,2507
9,3178
9,3277
10,2191
3,992
2,812
5,1724
10,3285
10,2879
8,2933
2,720
1,385
7,2488
1,399
10,3223
10,3228
7,2427
8,2397
9,2977
1,375
10,3777
10,3408
10,2583
10,3705
10,3157
2,809
1,376
5,1903
1,342
10,2495
10,2699
5,4746
1,446
9,3079
1,474
8,2563
10,3165
10,3555
6,2228
10,18312
5,1666
1,405
3,1120
1,268
10,2728
10,3545
1,506
1,329
1,671
1,299
10,3352
10,2417
10,4838
5,1738
10,5029
6,2105
1,310
2,841
1,330
3,1096
10,2155
1,592
1,403
10,2577
1,240
10,2850
3,782
1,471
10,3725
10,3484
7,2321
1,281
1,476
1,561
10,3533
10,2230
1,356
1,409
10,3125
1,237
10,2794
1,454
7,2397
10,4050
10,4088
8,2765
1,242
1,604
1,540
7,1801
10,2454
1,419
1,372
4,924
1,364
10,2791
10,2424
1,314
2,965
10,3552
5,1752
1,242
7,2311
2,722
4,1167
1,464
1,609
1,368
9,2005
1,347
10,3649
5,1390
1,321
8,3372
1,630
5,1718
1,360
9,3150
1,379
10,3095
1,282
1,367
1,276
10,3288
1,376
10,44763
7,2159
1,357
10,3237
1,296
7,5949
10,3072
5,2152
10,3478
10,3639
1,285
1,347
1,379
10,5083
1,400
10,35758
10,2853
1,331
8,6760
1,489
3,1182
10,3410
3,1045
10,3506
10,3335
1,260
1,420
1,276
10,2375
1,347
10,32733
1,445
1,413
1,603
1,477
1,450
8,4010
9,2352
10,3486
10,3319
1,387
1,277
1,466
1,263
1,453
10,27465
1,335
1,253
1,604
1,1024
10,3547
10,3282
10,4256
8,3154
6,2309
1,390
1,335
1,603
1,241
10,2979
10,24500
1,418
1,291
2,811
1,433
5,1223
10,3869
10,3665
7,2821
1,454
1,396
10,2850
2,593
1,236
10,2638
10,17930
1,303
1,327
2,690
1,277
8,2736
1,374
3,1256
10,3787
1,324
1,269
1,407
10,2459
1,246
9,2400
1,515
1,400
6,1520
4,1430
1,322
7,2420
10,2596
10,2795
10,3412
1,264
1,309
1,367
9,2846
1,501
3,1192
1,280
1,602
1,213
7,2501
1,770
3,1000
1,451
1,294
3,1088
1,293
1,371
10,3446
10,2591
1,257
10,3008
1,388
1,264
2,906
1,450
1,578
5,1401
5,1167
5,1694
10,3530
1,285
4,1177
10,2593
10,3418
1,284
10,2806
1,339
1,304
7,2687
10,7020
10,3679
5,1253
10,2906
7,2221
1,660
1,377
10,2627
10,3477
10,3457
1,275
10,3309
1,411
1,316
10,3668
8,53092
10,3462
10,2151
9,3129
1,615
4,1404
1,346
3,700
9,2234
10,2780
1,253
7,2650
1,359
1,284
8,3011
1,619
1,553
2,810
10,3298
1,666
10,3497
1,258
6,1631
1,385
10,2686
1,306
10,3099
1,274
1,359
10,3529
3,8796
10,3392
10,3298
10,3197
1,289
10,3884
1,502
10,3296
9,3176
4,1245
10,2250
3,803
1,343
1,291
3,1015
5,2085
10,3469
3,1118
9,3039
1,256
10,10851
1,562
10,3451
9,2291
10,3609
6,1561
10,3123
1,473
7,1435
10,3819
1,4034
10,2583
7,2269
5,1337
1,236
9,3309
2,775
10,3460
10,2884
10,3042
10,2212
10,3536
1,276
10,2198
10,3262
6,49793
9,3204
5,1570
1,348
1,262
10,3828
10,3401
7,2658
10,2484
10,2356
3,780
10,4056
10,2155
10,3067
10,3017
1,725
1,444
1,378
1,315
1,242
6,2255
10,3339
2,621
3,1317
10,2973
4,1375
10,3493
1,479
9,3004
10,3549
1,591
4,1759
1,372
10,2333
1,366
1,515
8,2930
10,2562
10,2927
6,2203
10,3356
7,2676
4,1481
3,1076
1,737
4,6872
6,1505
1,246
1,232
1,294
1,337
10,6389
10,3622
10,3009
8,3088
10,3317
10,3377
5,1663
9,2743
1,512
1,480
10,2350
1,269
1,263
1,249
1,306
10,5833
8,3001
10,2457
3,1271
10,2754
1,449
9,3101
1,387
10,3690
1,555
10,2618
1,275
1,354
10,2811
1,420
10,3376
10,3485
10,3410
7,2024
7,2547
1,356
6,2083
5,1186
10,6575
1,450
9,2080
1,440
1,317
1,402
1,359
10,2444
10,3322
7,1582
1,401
6,2078
1,352
10,3836
10,3196
1,356
5,1820
6,2257
1,330
1,289
1,259
1,264
1,567
10,3445
1,474
1,355
2,1015
1,321
5,1768
9,1959
9,5969
8,2589
10,3166
1,437
1,441
10,2260
1,259
10,3925
10,3563
1,283
1,347
10,3452
1,249
10,3096
10,3350
10,6645
5,16317
10,3516
1,357
1,265
10,3080
1,245
9,2399
10,3942
1,339
1,350
10,2554
1,394
10,3008
10,3928
4,7649
1,327
4,1771
1,239
1,350
10,3204
1,328
4,1130
1,727
1,271
1,360
8,3399
1,270
10,3146
5,1340
1,263
1,515
10,3625
10,2258
1,286
9,2504
1,251
10,3509
1,584
1,413
2,731
10,4037
1,302
2,2946
10,2278
10,8060
7,11709
2,1096
7,1732
4,1291
9,2033
1,497
10,3447
1,434
1,270
1,844
10,4081
1,353
8,2948
10,2877
1,259
9,8084
1,508
1,276
6,1406
1,620
4,1518
10,4778
1,430
1,245
1,383
1,600
1,405
4,1983
10,3171
1,394
5,4301
7,2194
10,2555
10,2306
5,1359
6,2013
10,3778
1,446
1,285
1,423
1,584
2,706
6,2027
10,2367
1,360
2,5859
10,3144
10,3413
9,2185
10,2799
10,3064
6,1780
1,391
1,326
2,667
1,545
10,3087
8,16555
1,487
6,1445
7,3167
1,626
10,2281
10,2951
9,2498
10,3548
1,473
1,349
1,359
1,397
10,3740
10,7973
8,3193
1,413
1,270
3,1152
1,442
3,968
6,1632
10,2948
9,2519
1,252
1,389
10,3578
1,279
1,344
8,2897
1,733
1,288
1,264
5,1624
1,393
9,2120
4,1448
10,2968
10,3517
1,238
1,444
3,1322
10,3477
1,366
10,19831
2,1100
1,386
1,367
1,625
1,368
1,439
1,473
5,1381
10,3587
1,379
1,382
4,1311
8,2596
1,476
7,16245
2,1003
1,352
1,275
2,934
1,418
10,2998
10,3388
10,3040
6,2319
1,307
5,1761
10,3326
10,12504
10,2522
10,2628
4,1607
1,353
1,508
3,1374
1,432
10,3116
8,2583
10,2149
4,1539
1,349
10,4860
10,3090
10,9633
1,390
10,4456
4,1497
1,291
10,2954
2,751
1,393
9,2387
8,2533
10,2373
2,43737
1,426
1,732
10,3369
10,2935
1,276
3,1083
10,3316
1,275
5,1678
10,2935
1,378
10,2776
8,2737
1,435
10,38892
1,558
5,1903
7,2164
10,2968
1,388
10,2460
6,2078
1,343
10,3003
4,1492
1,374
10,3366
4,1391
1,409
8,3151
1,285
10,3301
2,777
1,506
1,361
1,417
4,1469
1,255
9,2590
1,533
8,2522
10,3456
7,2548
1,275
8,3140
1,239
10,3587
6,1913
4,992
10,3369
1,605
1,2991
3,1147
10,3392
8,2662
1,374
10,2398
1,566
1,268
8,3571
1,528
10,12621
8,2713
10,3963
1,470
8,3300
1,624
4,1415
10,2699
7,2327
8,2522
10,3091
2,860
1,247
7,2640
4,1597
9,2558
10,2910
10,3629
5,1668
10,5787
1,600
10,3150
5,2425
9,3112
4,1495
1,521
2,666
1,247
4,1435
10,3276
1,492
10,3591
10,3203
10,3264
10,8427
1,355
10,2553
10,2868
1,378
7,2275
1,551
10,4411
1,249
2,911
9,2607
4,1596
7,2706
10,3371
10,3729
9,16636
1,656
10,2693
10,3512
1,421
2,879
1,359
1,588
1,256
1,519
10,4281
6,1594
10,3411
10,2676
7,2322
9,8501
1,475
7,2267
2,4709
6,3083
2,739
1,482
1,420
1,268
1,415
10,3760
10,3764
10,3315
9,3048
3,964
10,3330
1,509
6,1765
8,2992
1,509
3,1126
1,414
6,2055
1,240
2,797
6,8586
9,3088
10,3285
6,1662
9,3054
2,655
1,521
2,972
4,1455
10,3468
6,6400
1,263
3,951
10,2838
1,328
10,3524
10,2785
10,3612
4,1392
10,6423
1,381
5,4762
6,2392
8,4866
1,393
4,1776
1,253
1,420
3,790
10,3694
10,4641
6,2055
1,525
1,439
5,1885
1,383
5,1906
10,2645
8,2894
1,539
1,8829
1,303
1,458
4,836
1,353
2,1007
10,3343
1,456
1,554
4,1267
1,359
1,490
8,7213
7,2511
1,376
4,1723
1,261
1,411
10,2841
3,1127
10,4071
4,1563
3,1255
1,266
1,579
1,255
8,2768
10,3390
1,398
10,3249
5,1881
1,257
7,2362
10,3210
1,434
7,2800
10,3318
1,337
1,256
5,1272
1,355
2,751
10,7658
1,422
1,350
6,2120
10,2346
3,2988
10,3036
1,337
8,31027
10,3506
1,467
1,253
10,3317
1,278
1,407
4,1743
1,414
1,436
8,2748
10,2408
1,428
7,2430
1,442
8,27464
1,1109
1,435
1,241
10,3657
1,280
7,1918
10,3521
1,660
1,420
2,1044
4,957
10,8250
6,2119
6,2130
8,2689
1,469
1,364
1,247
10,3551
1,352
1,313
10,2575
1,508
1,408
1,521
10,3129
1,336
2,927
4,1518
4,1430
1,457
1,441
1,252
6,2153
1,352
5,1391
10,3586
2,913
3,1172
7,2492
10,2476
1,466
6,2045
1,371
3,966
1,17615
1,373
1,379
10,3124
1,335
9,3096
1,446
1,560
5,1831
1,581
10,3455
5,5989
10,4210
1,578
1,610
1,498
1,1223
1,358
9,2885
1,500
5,1801
1,392
2,882
2,671
9,3024
6,1932
8,8674
8,3915
1,395
1,419
1,500
1,428
1,386
1,362
10,2805
1,510
1,453
1,420
10,3644
5,1861
2,1231
1,373
10,15722
1,476
2,7175
1,535
10,3321
6,1412
1,315
4,934
2,877
1,471
6,2072
7,2568
2,795
10,3327
1,439
4,1306
9,2930
1,446
1,468
1,467
5,1799
1,560
5,1159
3,1058
1,587
10,3499
10,13126
3,1115
10,2176
1,447
10,2835
5,2086
2,3343
1,498
4,1446
10,3316
1,510
9,2020
7,3470
1,348
1,391
7,22339
7,8615
8,3087
4,1745
10,3357
4,1938
1,603
1,673
10,3548
9,2267
1,467
10,3012
1,536
1,318
3,1547
5,1712
2,2415
10,3794
5,2028
10,3167
6,1976
10,3530
10,3438
10,3551
10,3037
1,570
10,3257
3,1474
1,299
1,414
8,6052
1,405
10,3290
2,959
10,3724
2,5018
1,542
8,7162
10,3296
10,3106
5,3184
6,1517
2,813
1,418
1,335
10,11994
7,2418
10,11275
5,1656
1,512
1,11899
1,591
8,12462
9,2973
5,1894
1,494
5,1653
4,2177
1,439
2,668
3,1237
1,608
10,3269
2,921
1,408
2,800
1,352
4,5145
1,558
10,3529
1,450
10,7527
7,2672
1,641
1,581
2,812
1,436
1,519
2,823
1,428
1,283
6,3690
10,3668
6,2061
9,3046
10,4262
2,1005
10,4581
8,2158
4,1515
9,7464
5,1520
1,427
1,468
1,464
1,338
4,7793
7,2500
9,2625
2,875
1,390
10,8372
8,2829
4,1039
5,1708
8,2928
1,333
1,364
1,465
1,387
5,1712
1,381
2,898
4,1234
1,480
1,644
4,1340
9,3154
10,3507
8,2601
8,2768
1,460
1,395
5,1949
1,416
8,4320
1,575
2,855
5,2427
8,2569
8,2544
8,2550
6,5774
10,3311
1,802
2,935
1,485
1,542
8,2952
1,456
7,2968
1,776
3,1186
10,12264
7,2306
2,744
8,2537
10,3544
10,3484
8,2710
7,2497
1,383
1,489
7,2227
1,441
7,2525
1,428
6,2051
10,3342
8,2747
2,823
7,2124
1,6078
9,3305
2,3919
1,443
1,459
1,464
7,1871
1,371
5,1678
4,1636
1,2634
10,3840
4,1436
8,5627
6,1801
1,482
2,1073
1,572
5,8086
1,418
1,321
5,1561
1,373
2,809
2,903
4,4402
6,2005
7,2373
8,2805
1,440
1,381
6,2117
5,1968
10,3558
2,768
1,338
2,792
10,2983
2,856
6,2176
4,1469
10,6523
4,1582
4,1407
7,19573
10,4126
1,717
9,2950
1,391
1,537
1,298
1,637
1,598
3,2840
1,574
5,1836
5,1923
2,1106
7,2441
1,565
1,412
4,1541
7,3007
1,247
3,862
10,3412
3,1563
4,1486
4,2414
8,17511
5,1722
10,4245
1,582
2,995
1,687
1,391
6,1374
2,709
1,303
1,580
8,2418
4,1658
10,2667
8,2726
7,9062
8,2841
1,517
2,811
10,3582
2,857
1,1345
10,2846
5,1810
1,344
8,2670
4,1417
9,3814
10,3348
7,15894
9,3630
2,854
1,403
1,643
3,1245
1,485
1,436
9,2517
7,2389
2,600
4,1507
10,3363
7,2770
10,16606
9,13039
1,465
1,517
1,606
10,8714
6,2403
2,855
5,1581
6,1611
1,516
1,249
7,2478
10,3439
10,3519
9,2933
10,21184
4,1727
1,466
1,645
3,1612
5,1597
1,400
1,402
10,3240
2,1397
1,260
10,4013
10,3146
9,7228
6,2196
6,2504
2,1012
7,6517
1,500
1,520
1,549
1,495
1,567
10,11361
3,1179
1,271
6,3382
10,3561
6,2363
1,523
10,6734
7,2426
9,3436
1,519
6,2451
4,1800
1,347
1,602
10,3818
2,1044
1,391
10,7567
2,1653
10,3679
4,1571
10,3304
1,541
1,556
1,662
1,405
2,1258
1,331
1,498
4,5867
4,1528
1,330
10,4650
6,2231
10,3670
5,1552
1,664
3,1438
1,427
1,509
6,1975
5,2121
5,1714
2,971
10,3758
1,550
1,469
3,1352
6,1559
1,444
10,2351
1,525
3,1388
5,1691
1,763
1,967
5,1919
10,3061
2,880
10,3154
7,2580
8,7356
2,924
1,483
1,673
9,3456
1,542
2,905
2,891
2,1090
1,435
1,569
3,5398
5,1520
1,643
8,2710
3,1964
8,3117
4,967
1,383
10,2750
1,495
5,30346
1,528
1,579
1,439
1,574
1,425
8,5185
1,432
1,415
5,1589
5,1861
4,1044
1,368
10,3861
1,485
3,1325
7,2334
10,9694
1,462
2,853
1,659
8,2890
1,772
6,2132
8,2487
10,3347
10,2217
1,393
6,1664
1,350
2,945
1,530
4,2282
1,375
1,454
5,1890
10,6712
1,502
10,4210
2,595
7,4576
9,1972
1,385
10,3573
1,610
4,1742
7,2660
8,9934
1,437
8,2997
2,784
7,2526
1,392
9,3714
4,1056
10,3414
10,3403
1,350
5,2444
1,495
10,9137
5,1711
8,19463
1,572
1,31136
1,2028
8,2842
1,444
1,404
2,764
7,1616
10,3672
1,408
10,3551
1,430
6,2105
1,350
7,2417
1,2956
1,37807
1,642
2,2754
1,371
10,3672
10,2287
8,2570
6,2188
1,404
1,636
1,435
10,3498
3,1001
1,471
4,1342
9,33900
5,1854
10,3254
1,382
1,652
10,3171
2,645
10,5499
1,426
1,470
1,390
1,612
1,353
2,824
5,1884
5,5548
7,2550
3,1084
1,496
1,604
2,717
5,2030
10,3402
1,393
1,698
3,1139
7,2555
1,445
10,22776
1,1340
7,2267
1,565
2,838
2,749
1,399
8,2137
10,3561
1,587
10,3164
1,548
10,3503
9,4660
1,516
3,998
2,759
2,9303
2,13355
8,3093
1,345
1,378
6,2257
3,1546
1,614
3,748
10,3672
8,2966
8,15823
1,550
6,1978
8,10761
1,350
8,2410
8,2989
4,1530
1,579
10,2525
2,640
1,547
8,3018
1,32845
5,1867
1,427
1,407
4,18737
1,508
1,449
9,3444
2,994
8,2926
10,3564
8,1890
1,529
1,576
5,1864
1,8323
9,3102
1,416
1,371
2,684
9,3138
1,399
4,1699
5,2943
8,2554
1,481
7,2053
8,2578
1,403
9,3451
1,471
7,5250
1,406
1,366
4,1680
5,1802
8,42154
5,1844
7,3553
7,1663
1,1006
10,2897
1,288
1,458
7,2520
1,442
10,3339
10,25323
2,957
5,1728
7,2401
1,443
8,3045
9,4227
6,2052
1,410
3,926
1,638
1,1080
7,2730
1,367
7,2474
1,418
3,1256
2,822
2,790
1,464
2,965
10,3395
2,813
9,3178
10,2187
1,505
10,3581
10,3411
1,403
2,915
1,581
9,3398
6,1919
7,2338
5,1663
2,1166
2,959
10,3304
8,2940
4,1339
1,482
1,409
2,1074
1,375
5,1944
1,403
4,1503
1,728
1,441
7,6445
1,514
1,810
3,1289
5,1440
9,2590
1,446
1,478
5,14808
8,2901
1,1971
2,991
1,809
8,5305
5,1331
1,426
3,1347
8,2986
5,1859
1,474
10,6583
1,486
1,354
1,1845
8,3160
3,1053
1,597
7,2502
7,2981
2,968
1,356
3,1527
3,1119
1,458
7,3080
10,3131
1,379
1,394
3,940
8,2889
2,870
3,857
10,3356
1,682
3,1195
1,483
1,674
5,1977
4,1735
10,3205
1,488
1,510
4,1427
2,813
7,2478
8,2849
1,567
6,2284
5,1716
2,4093
2,697
4,1576
1,601
5,1737
10,3376
1,300
1,560
8,2726
8,2310
1,604
8,2554
1,593
10,4876
9,18336
4,1598
2,944
7,3352
1,666
5,1779
2,878
1,291
8,3118
8,2690
8,2878
2,707
2,1055
1,509
10,10246
8,4021
7,2601
4,1705
9,7913
1,376
2,884
5,1880
1,235
2,745
8,3117
2,914
3,1791
5,5489
2,941
3,1303
7,2743
8,2926
10,3351
1,493
1,401
1,354
10,3366
1,278
5,1715
6,2107
5,2089
10,33831
9,2589
5,1888
8,2964
2,763
10,3524
10,2508
10,7131
1,466
8,2794
3,1115
1,258
9,3203
1,466
7,2626
2,61904
10,4220
8,2980
5,1894
1,32837
9,3307
9,3511
1,626
1,420
7,2460
2,882
1,254
7,2381
2,731
9,3168
1,6812
7,1950
7,2465
2,770
1,695
6,2217
8,10237
9,3930
1,513
1,583
8,3398
1,379
10,2858
2,611
10,3002
4,4651
2,777
10,7576
10,4268
1,350
10,4341
6,2850
10,3815
1,374
9,3167
8,2812
1,257
5,1848
10,3369
2,933
4,1369
5,1653
10,3893
7,2624
5,1783
3,822
10,3544
6,18726
1,436
5,32223
4,1348
1,375
1,389
5,1809
8,8796
5,1787
8,2143
8,2937
7,7155
1,534
10,3320
1,414
1,340
1,401
2,796
7,2435
6,1707
3,996
1,476
3,1204
5,1610
1,461
10,14260
10,4913
1,1741
1,482
3,1273
1,412
10,2481
1,291
2,739
1,354
9,3114
5,1773
1,490
8,2761
3,815
5,1211
2,747
1,428
1,366
8,2148
10,11484
9,2980
3,1100
10,3850
2,649
8,3420
4,1424
5,2640
1,356
1,833
2,1176
10,3377
1,368
1,460
5,1437
1,6834
8,2167
3,1277
9,3035
10,3552
2,765
5,1904
1,488
2,754
1,626
5,1611
5,1604
1,573
1,365
9,3211
1,422
2,688
1,336
1,568
5,2046
2,561
2,865
1,385
1,468
1,505
8,4269
8,10948
1,607
1,467
7,2709
1,360
2,571
5,1489
1,302
3,1134
4,942
1,449
1,371
7,13042
1,410
8,2636
1,567
3,1340
1,375
1,465
1,435
1,346
7,2583
2,763
10,3508
1,406
5,1912
1,239
9,3533
1,359
2,706
1,503
1,355
1,370
1,436
1,463
1,341
7,4369
1,389
2,784
10,2383
8,2620
1,257
1,379
1,343
5,1669
1,605
2,657
1,388
10,2683
1,289
2,598
1,342
1,298
3,1102
10,3208
7,5206
1,297
5,1783
1,269
7,1874
1,388
1,492
1,693
10,6115
1,288
8,2680
1,544
1,274
8,2515
2,652
9,2919
1,249
1,494
1,510
9,2265
1,258
2,841
1,696
7,3252
2,742
10,3011
1,285
1,306
5,1870
8,5301
1,473
1,232
2,617
1,348
10,3432
1,476
4,1446
1,388
1,363
10,3315
8,2548
1,415
1,551
8,2949
6,1823
7,2752
1,317
7,2196
1,266
2,681
1,942
7,2353
7,2829
1,439
3,1036
9,2931
1,393
6,2178
7,2591
8,2590
2,957
1,492
1,422
9,2033
8,3035
3,1103
8,3656
5,1368
2,759
8,3296
7,1825
1,370
1,383
10,3316
10,2889
3,1376
9,2539
3,1088
8,2046
1,553
1,747
9,11212
5,1787
10,3313
9,3064
3,876
1,525
3,1218
10,2833
7,1909
1,525
10,4373
1,271
2,641
3,884
2,790
10,4338
10,3893
5,1853
7,2600
4,1408
2,685
8,2239
10,2502
1,589
7,3971
8,6179
5,1701
4,1111
1,499
1,496
6,1965
10,3955
1,508
7,2662
10,2652
1,444
1,418
1,507
1,420
1,421
2,953
1,444
10,2219
1,430
1,457
10,2729
5,1683
1,14989
10,15410
10,3616
2,680
1,551
7,2452
1,629
2,764
4,955
7,2593
1,305
1,516
2,998
1,390
7,5878
1,400
10,2966
9,2879
7,5020
1,477
10,3893
10,2589
5,1645
10,2408
1,580
10,2598
1,432
8,3478
8,2570
5,1757
1,417
1,510
10,2710
1,450
9,3247
10,3951
1,241
1,3196
1,288
1,356
10,3349
1,577
5,2270
3,983
10,3727
1,438
3,1195
10,2476
4,1443
10,2437
1,567
1,366
1,363
10,3928
1,774
2,570
1,335
8,2826
2,845
3,1165
1,452
2,885
2,802
8,3124
2,829
1,259
1,410
3,1050
2,813
1,471
8,2481
1,266
7,2285
5,1823
2,889
1,310
8,3467
6,2155
9,3372
4,1094
1,287
1,250
1,540
8,3046
1,541
6,1629
1,276
9,3128
9,4595
8,2938
3,2063
8,3053
1,270
10,3169
10,2522
1,286
1,263
1,396
6,1680
2,752
7,1781
1,292
10,2867
7,3042
8,2873
10,2820
5,1792
1,420
10,9856
1,402
1,282
1,298
1,525
7,1915
1,405
3,955
1,260
5,2124
10,4213
2,811
2,796
2,1032
1,410
6,3480
8,2193
1,248
1,294
1,500
3,896
1,436
10,2541
10,2610
1,296
7,2385
5,2167
8,7310
7,2304
1,313
1,1284
10,3423
1,235
3,903
4,1437
10,2984
3,1226
9,2447
8,2413
3,1091
10,3512
9,2762
9,2897
9,3418
1,291
3,1159
6,2053
1,280
9,2519
1,329
4,1011
2,822
4,2575
4,1368
9,2109
10,3534
7,2870
7,2320
10,3721
1,352
2,724
10,3254
1,353
10,2894
1,342
10,2432
7,2399
10,3416
2,830
8,2645
5,1603
10,4479
5,7764
2,864
1,304
8,6972
7,2066
1,286
10,2868
1,428
9,3089
8,2536
10,3582
10,3011
2,595
1,579
2,1146
2,819
1,525
1,407
5,1353
3,987
9,3410
10,3681
1,450
10,3093
9,3541
10,3893
2,768
4,983
1,465
5,1825
8,2645
1,643
1,292
7,2352
10,3104
3,7402
1,488
7,3001
10,3219
10,3316
1,334
10,3519
2,549
1,552
8,3712
1,350
5,1951
1,236
7,2357
8,2403
4,1543
10,2593
9,3605
6,2103
10,3334
6,1526
6,1880
1,301
1,369
1,664
5,1757
3,1153
1,311
10,12071
4,1152
3,1234
2,700
10,3743
1,454
10,3258
1,502
10,2822
10,3263
1,2313
3,1477
3,979
8,2867
8,1859
10,8246
10,2936
10,2905
10,3497
9,19912
3,1176
1,353
1,687
8,2686
2,655
1,517
8,2898
9,2429
1,357
10,2330
2,953
10,3132
6,2149
3,1058
6,2132
1,376
3,1150
1,443
7,1984
10,2780
3,773
1,624
8,1856
1,568
10,3207
2,758
10,3235
1,467
5,1610
10,7482
1,289
2,801
1,364
9,2199
8,2863
1,419
1,562
4,1524
1,620
5,1753
8,3148
1,442
6,1626
4,1309
1,493
1,305
8,2650
1,384
3,904
6,2032
1,345
1,373
2,466
1,409
3,1282
5,1812
1,254
4,1461
10,2891
7,2358
1,351
5,1597
1,319
10,2246
10,2793
1,437
1,350
1,495
4,1022
3,1079
10,2999
1,262
7,2310
2,1154
3,7340
1,302
7,2336
1,243
4,1614
8,2182
2,1234
1,415
10,2887
1,219
4,1377
1,556
1,262
4,1539
8,1967
2,724
1,263
10,3200
1,246
1,463
1,473
1,378
1,580
1,494
1,324
5,1552
3,965
1,362
9,3278
5,2040
8,2775
1,261
7,2349
1,546
10,3450
1,288
1,644
1,451
10,2287
1,283
7,1690
1,403
1,299
6,2034
6,1279
5,2099
1,235
8,2726
1,251
10,2620
1,271
8,2216
1,382
2,580
1,351
6,2159
1,458
1,559
5,1715
8,3277
10,3327
1,272
10,8215
2,549
10,3904
1,250
8,2839
1,312
1,557
1,292
10,3392
1,714
1,443
1,498
10,3773
3,1058
1,305
2,853
10,3367
6,2225
1,261
2,991
1,312
1,674
10,3513
1,543
8,3994
1,294
7,2445
1,441
7,2436
2,584
5,1524
10,3766
1,460
1,262
5,1509
2,831
1,444
2,945
10,3590
1,573
1,276
9,2955
10,2934
2,682
10,2105
10,4021
5,1823
1,323
1,248
7,3247
2,769
1,315
9,2023
10,2936
1,612
2,732
10,3547
1,323
10,3078
10,6604
1,433
10,3003
1,338
1,233
10,2795
4,928
1,366
6,1330
7,2124
1,422
6,1390
8,2675
1,635
8,2690
5,1643
3,1103
10,2596
1,276
1,357
2,723
10,2559
1,462
10,2469
10,2952
1,403
2,952
5,6128
1,441
5,1637
7,2263
1,538
8,2412
1,295
1,680
8,3768
10,2900
6,2186
1,634
10,2965
1,495
10,2542
3,1305
1,806
10,12410
10,2599
1,446
10,3423
1,499
7,2229
9,4212
10,3296
1,360
8,2595
4,1382
1,345
10,2798
10,2995
1,430
1,483
8,2703
1,464
5,1948
1,402
4,1281
5,3642
8,2435
10,5083
10,2606
9,3078
8,3132
5,1925
10,3491
1,322
1,695
10,2257
1,503
10,3706
1,556
3,937
3,1567
6,2544
8,2987
10,3201
3,928
2,797
3,1191
1,464
1,654
1,451
5,1381
2,664
10,2710
1,336
6,2320
1,472
10,2890
1,285
7,1997
1,542
5,1525
10,5022
9,2988
1,387
1,338
10,3175
1,545
1,257
1,367
9,2787
8,3246
7,2094
1,321
3,984
1,550
7,3132
8,2841
1,364
1,308
2,751
10,3578
1,450
7,2182
2,875
10,2601
2,884
3,1032
1,267
10,3601
1,538
9,3097
2,1294
1,512
7,2077
1,358
1,353
1,411
10,2774
10,2359
10,3231
4,1053
10,3793
9,2929
9,3060
1,380
2,773
5,1328
2,1002
10,4197
1,440
10,3446
1,408
10,3491
10,3868
10,3961
1,519
4,1404
10,2311
4,1430
1,346
8,2444
7,2648
1,637
10,3314
1,423
7,2698
1,432
10,3627
3,1415
1,645
10,2115
9,2734
4,1316
10,3912
1,273
5,1656
8,3180
1,500
10,3742
1,454
10,3592
8,3062
3,1415
10,3601
2,725
10,3370
10,3742
10,2882
10,3576
1,565
1,435
10,4744
7,2312
3,1180
1,434
10,5807
2,797
9,10650
2,705
10,3064
2,895
10,5952
9,3191
10,3497
1,470
3,1400
10,3276
1,578
4,1442
1,323
9,3521
8,2804
1,493
3,712
10,2820
8,2954
10,3594
10,4540
1,487
1,334
9,2777
5,2005
1,586
10,2651
8,2243
3,1047
5,1698
1,619
8,2068
5,1281
10,3373
6,1476
10,3399
1,253
1,249
9,2363
2,808
1,403
10,3817
8,2976
1,5244
9,5332
1,455
8,2913
3,1018
6,2095
1,275
6,2206
1,373
6,2073
2,749
10,3728
1,539
3,917
2,984
1,423
10,3156
1,524
7,3039
10,3505
9,2227
10,2971
1,456
1,490
10,3234
4,1496
10,3843
1,607
6,2251
7,1859
1,307
2,678
1,442
9,3310
2,601
1,559
1,481
2,777
1,346
10,3811
2,655
10,8809
1,628
4,953
9,3515
1,968
8,2224
1,329
7,2569
4,1155
1,307
1,381
10,2270
1,349
3,972
10,2134
1,570
1,662
1,478
10,3345
1,315
1,500
1,445
1,659
8,2045
1,282
1,369
10,3149
1,259
4,1473
1,290
1,383
2,915
7,5069
2,589
1,315
5,1591
1,316
10,2621
5,1269
1,282
1,281
10,3244
1,299
2,1079
1,346
1,381
10,4022
6,1957
8,2650
1,333
9,2673
1,382
1,455
8,2187
1,281
1,276
5,1769
6,1711
7,4029
10,2472
1,377
1,487
1,344
1,676
1,392
8,3025
4,1486
3,853
6,2549
1,299
1,356
3,1250
1,332
6,2145
6,1610
1,370
1,349
9,2996
3,1158
4,1421
2,586
1,365
10,2547
1,441
1,264
1,366
4,1294
1,270
8,2591
8,2614
1,303
8,7516
7,2283
2,974
1,389
4,1683
10,3157
10,3278
1,637
1,255
1,263
8,2777
1,239
5,1871
7,2547
1,293
5,2965
4,991
9,2087
1,405
2,775
10,3189
10,2151
1,461
1,329
1,426
10,3656
10,2979
5,1688
8,2724
1,288
2,11909
6,2089
8,2206
1,387
10,2987
3,1012
9,3284
1,271
1,270
1,412
1,446
10,3320
1,629
10,3472
1,568
8,3139
9,3160
9,2218
10,3276
1,482
6,1935
1,602
1,487
7,2198
1,392
1,255
10,3313
9,2991
1,583
1,695
8,2829
1,510
4,962
3,935
1,442
10,4826
1,607
1,260
3,1030
2,1029
1,281
4,1507
7,6085
1,259
5,1670
7,2832
5,1833
2,549
10,3500
2,573
6,2212
1,562
1,268
10,2727
5,1727
1,261
3,1060
3,1153
1,355
8,3373
1,448
1,418
10,2688
9,3071
10,3344
10,3630
1,536
1,533
4,971
3,1064
1,254
2,688
8,4158
1,392
4,20273
5,1870
1,428
1,283
6,7135
8,2909
7,1910
1,494
1,526
9,2906
10,2693
1,265
10,2689
10,3404
1,373
10,8715
9,9775
8,2633
1,417
10,5392
6,2356
4,1987
1,587
1,506
10,3459
9,2206
1,431
6,1344
10,8063
3,764
10,10289
2,981
1,449
10,3315
6,49402
8,2605
5,2057
1,510
10,4411
10,3355
2,808
1,248
8,2067
10,10954
1,384
3,1232
2,887
1,471
6,2321
4,1334
9,2424
8,2917
1,369
2,729
6,1727
8,2132
1,251
10,3556
9,2371
1,302
1,582
6,2238
1,366
8,2558
7,16297
1,467
3,1034
1,431
8,2519
10,3513
5,1692
1,274
10,3414
1,446
1,331
7,2489
6,2279
1,331
10,2248
5,1959
1,232
5,1744
1,414
7,2326
1,437
8,2147
5,1359
7,2046
7,2163
1,288
6,2110
1,621
1,357
1,361
5,1909
1,285
10,3337
4,1479
10,2587
2,785
9,3116
6,2415
10,3462
2,734
1,331
1,665
3,953
1,379
1,288
8,3086
1,263
9,3216
10,2337
10,3187
10,3608
1,480
10,5385
1,383
1,509
10,2461
7,3410
4,1220
1,587
1,572
3,1074
1,280
10,4301
10,2715
10,7256
5,1911
10,2334
1,520
10,3986
1,833
4,1167
3,1218
8,2919
5,1607
1,434
10,3493
1,247
10,3501
7,2584
3,1088
3,1352
1,840
10,3214
10,3634
1,491
9,2419
9,7035
2,869
2,834
1,453
10,3848
1,267
2,848
1,599
7,2459
10,2749
7,2178
7,2285
1,498
1,488
10,3235
9,4048
1,511
10,12124
7,1907
10,15077
1,291
7,2411
4,1512
4,1568
4,1232
10,4323
10,3444
1,418
1,347
10,3686
5,3039
1,513
10,6928
1,409
10,9730
1,268
1,649
6,2076
10,3577
8,2223
10,3608
10,7848
1,450
1,325
6,1517
5,1365
5,2043
9,5883
1,344
2,957
7,2019
1,470
1,997
10,3330
10,2570
10,7093
9,3471
1,319
1,476
1,284
8,2642
1,432
10,4734
1,479
7,2293
1,506
1,607
7,2500
3,1428
5,1277
3,1885
3,969
1,413
7,8698
2,805
3,1034
1,469
1,1217
1,507
1,633
3,895
1,728
9,3086
1,565
6,1434
9,2659
4,1420
1,388
1,420
10,2781
10,3498
1,398
1,673
1,453
1,510
4,924
1,764
3,1052
6,2227
1,408
10,4108
10,2263
1,452
1,501
10,3215
10,3547
1,393
3,1132
3,813
1,1478
10,3510
1,551
9,3030
6,2188
1,305
7,2541
10,3330
3,774
1,387
5,1896
9,3144
1,385
1,15420
4,1374
1,7661
10,3413
1,661
6,2184
1,485
1,301
1,482
6,1858
1,356
4,2404
3,781
10,3955
9,3079
2,1167
10,3723
1,459
9,3095
1,700
5,1993
4,1984
1,291
1,458
3,755
9,3701
1,412
10,2882
1,612
1,318
10,3477
10,3269
1,312
10,3060
3,1289
9,3326
7,2855
1,357
1,293
2,852
1,303
2,879
4,995
1,596
7,2537
3,1368
10,3053
4,1326
6,1930
1,387
5,1766
9,3743
1,511
1,343
6,2004
1,270
10,3137
8,2460
1,420
1,364
2,709
10,3386
1,465
1,505
1,542
8,2775
4,1774
1,687
1,354
10,3203
6,2109
1,368
2,495
1,409
9,4551
7,6593
6,2162
1,500
2,610
1,451
3,909
9,3378
1,517
1,260
1,386
10,3628
2,791
5,1687
1,472
1,6965
7,12383
5,1255
1,400
10,2490
1,442
1,792
6,2522
1,328
1,265
1,366
3,1110
3,1397
10,3018
2,954
2,699
5,4781
2,547
9,3196
10,3198
1,422
10,8502
1,524
1,322
1,450
1,370
10,2773
6,2138
6,1272
1,418
5,1768
8,2668
10,3203
1,504
5,1732
2,843
10,12256
1,508
10,3172
1,465
1,422
4,1592
3,1408
8,2410
1,445
1,2975
9,12476
5,1859
2,791
3,1021
10,3126
10,11717
1,397
10,3408
1,413
1,439
1,509
8,2779
1,648
1,524
6,3317
8,2693
10,3560
1,347
10,3048
9,1922
2,901
1,421
1,583
4,1707
4,1383
10,3487
9,3057
1,458
1,780
2,1282
6,2615
10,2769
10,3206
4,1315
5,1265
7,3973
1,376
7,2411
1,520
1,325
7,2378
6,2209
1,445
7,6501
10,3718
5,1630
3,1198
1,498
8,2682
7,2330
1,769
1,370
10,3366
3,1147
7,5853
1,479
7,2808
1,620
1,539
6,2384
2,766
4,1237
5,1798
4,1376
8,20920
1,536
1,488
10,3263
1,592
1,345
7,2814
1,557
1,611
1,662
4,1875
1,566
8,2176
8,3652
5,1431
7,2441
1,714
1,442
9,2838
6,1454
1,484
9,3297
6,2382
1,598
1,973
5,2818
3,1054
7,1769
6,5621
6,1767
8,2991
1,497
5,1848
3,1062
9,4838
1,417
9,18858
2,679
1,481
4,1538
6,2458
1,440
6,2024
7,3027
6,1657
5,1950
1,577
1,506
10,3390
1,440
8,16788
5,1863
1,599
1,563
7,2427
6,2307
1,2290
10,2531
8,3376
1,445
1,607
1,495
1,516
4,1606
6,2651
1,530
5,1955
4,1193
1,422
2,1042
8,3342
1,489
1,573
5,1738
1,561
3,1368
1,2609
3,987
3,1046
4,3092
10,3084
8,2995
3,982
1,374
1,560
4,35601
6,8761
1,545
1,236
1,445
6,2563
1,554
5,2016
10,3092
9,10543
3,878
3,757
8,2446
10,2254
1,600
4,1432
1,684
1,614
3,1212
1,393
2,746
1,508
7,2471
6,2274
7,22216
8,3053
10,3351
6,2496
1,416
8,2642
4,4541
1,397
1,470
6,1776
1,368
1,459
5,1514
10,3717
2,930
9,3133
1,494
10,3290
4,1219
7,1565
5,1939
5,3035
1,375
10,3764
2,745
1,404
3,820
1,495
10,4854
6,2029
5,3395
7,1681
10,20177
9,3176
10,3638
6,2272
6,2221
1,445
1,407
3,1011
1,688
4,988
1,509
10,8860
10,3666
5,1863
9,3092
9,16220
7,2483
10,2682
3,1420
9,3113
2,709
1,604
1,524
10,3648
7,2267
10,3422
10,3277
7,2721
8,2592
10,3203
1,502
9,10490
3,1012
8,3050
1,513
1,458
1,595
4,1522
1,397
5,1778
1,617
3,1302
4,1556
3,798
9,3050
1,448
6,2097
9,3174
9,3272
8,4687
1,432
1,479
8,2890
1,457
6,2140
2,760
1,331
8,2865
9,9400
10,8355
1,488
2,854
7,2318
1,566
1,391
1,464
1,527
6,2719
1,733
9,2650
3,1098
1,486
1,641
10,20934
7,2498
1,578
2,851
4,1338
5,1735
4,1302
7,3246
1,481
4,1452
2,693
7,2393
5,2005
2,873
1,514
10,5761
2,702
2,832
1,906
10,3274
9,3222
5,1927
1,416
2,672
7,3975
10,3339
9,7224
8,2980
10,3431
1,376
10,3256
1,513
1,376
6,3030
10,2812
6,2472
7,14137
4,1446
10,3375
9,2995
10,2117
3,1208
5,2202
7,2465
1,385
2,2499
1,440
7,2695
1,733
3,1194
2,708
1,421
8,2831
10,2940
9,2967
7,2305
5,1758
7,2721
2,1775
1,446
7,3915
4,1350
1,3120
1,535
6,2195
1,382
5,2393
5,1851
10,3750
2,802
10,3462
1,425
8,2863
8,12052
1,511
1,587
10,2977
1,648
1,459
1,489
3,1097
1,264
6,4266
10,4250
2,1048
8,2974
1,638
5,1812
3,1169
1,604
1,3927
1,481
1,553
1,549
4,1411
4,915
1,417
9,3477
8,2818
2,1093
3,1173
2,873
7,6165
5,2343
1,420
10,4135
2,705
1,437
1,524
6,4484
7,1665
1,424
2,846
3,1322
6,5626
4,1489
1,555
1,589
8,2667
5,1927
1,812
5,1803
1,519
1,542
1,477
5,1897
9,8600
5,4593
4,1141
1,506
10,3412
1,526
2,1172
9,3013
1,401
1,591
8,2659
5,1702
4,1601
7,2269
1,361
2,665
2,7024
10,3257
1,422
10,3038
1,570
6,2618
1,633
1,458
1,508
3,1437
1,327
1,459
4,1308
6,2126
1,486
9,3664
7,3715
1,541
3,1244
1,484
5,23618
1,734
1,535
1,532
6,2024
5,1974
1,497
9,4719
1,360
5,1932
6,2176
10,3620
1,502
6,2567
1,443
2,844
6,2027
7,1745
1,510
1,355
10,3769
1,517
5,1875
1,442
3,1157
2,904
1,441
1,354
4,1557
1,690
3,1297
5,1610
9,2842
1,475
1,443
2,701
1,415
9,3049
1,445
1,435
10,3460
7,2153
1,511
6,2147
1,372
1,388
1,380
5,1882
1,532
1,281
5,1974
2,18687
6,4903
1,572
1,2806
6,2117
4,1448
6,2163
2,1094
1,479
4,1019
1,454
6,1859
1,522
7,2306
2,944
10,18258
1,676
9,2913
5,2462
5,1676
6,2148
1,3008
7,2620
9,3295
8,2797
8,5230
3,1250
1,22366
1,469
5,1931
10,34671
1,404
1,322
1,802
1,481
3,1143
1,435
4,1645
6,4424
5,1740
1,960
10,6234
1,6559
1,483
8,9304
6,14257
1,401
1,452
1,447
4,1691
9,3492
1,386
6,2192
1,430
6,1491
1,490
4,2794
2,5739
1,469
7,7533
6,2231
5,1849
7,2597
1,547
6,2186
6,2151
1,380
8,2168
6,2269
7,3206
1,466
10,4002
1,532
9,5750
10,21155
6,2179
1,430
1,561
2,1112
6,2453
10,5569
1,2207
1,515
10,3865
9,4437
1,385
10,32627
8,2295
8,16417
8,6510
8,2803
1,299
1,482
8,3456
8,3451
1,646
10,6909
1,373
6,2085
9,3147
1,465
7,2734
1,327
1,367
3,1565
4,1330
1,337
9,3427
3,1693
4,1491
1,489
10,2691
1,367
5,1763
1,1472
1,450
4,1293
2,769
1,455
6,2737
4,1397
1,349
3,1305
2,883
4,1458
1,730
8,7926
1,375
1,410
2,836
1,1100
6,1635
5,1598
1,572
2,598
4,1181
1,271
1,577
2,723
5,1605
1,1045
5,1570
1,366
4,3384
1,1831
6,2028
1,290
7,2566
5,1740
1,488
4,1907
1,317
5,1604
8,11657
4,5676
5,2237
6,3860
1,375
4,1411
2,846
1,365
2,840
9,3242
1,470
3,1105
1,475
1,363
2,875
10,3522
1,523
1,416
4,1300
1,246
9,3124
1,344
2,915
1,472
8,2364
7,2365
4,908
8,2673
8,2712
1,549
10,11166
1,392
1,478
9,2975
1,495
4,1352
1,546
1,544
10,3253
5,1736
1,419
7,2252
5,1643
3,1169
6,2012
7,2482
1,425
1,587
4,1469
1,544
5,1876
1,542
9,3184
5,1725
2,864
1,462
5,1814
6,2003
10,2888
10,3436
10,15004
1,480
1,572
5,1800
5,2007
1,579
1,546
4,997
3,999
8,2702
3,1029
6,2044
9,3105
9,2988
9,3113
8,2732
1,383
1,604
1,477
1,374
6,2218
1,555
8,1919
8,9430
1,4542
2,938
1,305
7,8253
10,3501
2,688
3,1241
9,3001
1,488
6,2174
5,2071
1,522
1,424
4,1430
7,2323
6,2181
9,2847
1,385
5,2075
2,991
6,2109
7,1811
1,445
5,1922
8,2631
3,1238
8,2612
1,540
6,2400
8,5482
1,407
3,1095
1,393
5,1776
7,3692
5,2797
10,2419
1,432
3,1115
1,404
8,3057
5,1713
1,417
9,2915
9,3554
2,702
7,2498
9,5061
9,5802
1,951
4,1711
5,1266
6,2238
8,2938
5,1647
7,4440
4,1378
1,520
1,479
1,511
3,862
6,2215
1,375
2,867
1,627
6,2258
10,3307
1,475
10,2781
4,1469
1,1764
5,1637
6,2448
2,959
5,1733
4,1297
5,1417
1,391
8,2672
4,20937
1,486
9,3218
1,453
10,23341
7,2261
10,7178
9,2957
2,876
6,2161
1,452
8,2431
9,5059
1,406
1,487
1,676
8,3095
10,3102
1,549
10,3388
9,2924
9,18503
7,2803
10,15762
2,844
1,3957
5,2097
7,2390
1,485
3,1075
2,2435
4,1687
1,462
1,535
7,2401
5,1161
9,3187
9,2934
10,32566
6,2108
1,571
6,2074
3,1205
1,343
5,1713
10,13112
5,1882
1,574
1,342
2,713
2,649
10,3900
2,906
4,1259
9,14217
7,2348
9,2602
2,875
3,1047
1,348
3,1251
4,1589
1,396
4,1450
2,814
5,1815
2,1157
5,1711
5,1816
2,858
1,469
7,2177
5,1723
1,396
1,406
1,426
6,2432
10,2822
9,2973
1,488
9,3200
7,3683
1,493
6,2094
10,3339
1,2713
9,3147
1,508
9,2533
1,453
8,2825
1,762
1,261
7,2122
3,2050
1,644
1,534
5,1789
6,10237
6,2121
3,10194
2,787
6,2166
7,14539
1,379
6,2225
8,2831
1,396
5,1558
1,600
3,1065
1,504
3,1086
8,2098
1,524
1,504
2,907
10,3559
1,387
1,413
5,1619
5,1873
1,561
9,3127
10,3473
5,1788
4,1489
1,505
4,18702
4,2223
6,2637
1,406
2,793
5,2083
2,801
9,5941
4,3106
1,615
1,620
8,15750
3,948
2,950
1,451
5,7170
5,1486
1,449
5,4597
10,3444
2,891
1,432
8,2921
7,8454
5,1656
5,1812
5,1635
1,476
10,6711
1,418
4,2758
6,6933
1,463
1,417
5,1825
5,1713
1,655
5,1953
5,2971
1,482
3,4088
1,328
2,845
3,8437
1,437
6,2253
6,2186
1,479
10,2551
6,2146
1,346
1,452
1,496
1,396
1,322
2,867
7,3366
1,550
3,1290
1,649
6,2416
8,2692
1,444
1,414
4,1341
2,1406
2,772
6,2158
9,3068
1,336
8,2861
8,2906
1,408
5,1812
1,542
1,608
4,1494
3,972
1,354
1,513
10,3439
1,1620
9,3970
1,412
1,603
3,889
3,1394
1,396
6,2285
2,1017
5,1729
1,424
1,395
1,539
1,21306
10,5531
1,503
6,2248
1,473
2,761
9,2591
9,2949
1,470
8,18755
1,499
4,1312
1,435
4,1360
1,419
8,2727
6,2074
3,975
1,561
1,295
10,2281
8,2837
9,2872
1,379
3,4677
1,393
9,17751
1,411
7,6521
1,546
9,9328
6,2180
8,2714
1,422
1,416
6,2071
2,801
5,1610
1,379
8,3028
1,488
9,2976
1,550
5,1565
1,401
6,22806
5,2554
10,3029
1,612
1,426
6,1841
2,628
1,488
1,403
7,1941
1,715
4,1247
4,1532
9,3109
6,1743
1,440
9,3189
2,833
1,407
9,3415
8,2073
10,3679
6,1931
1,444
5,2143
8,2827
7,2670
1,351
7,3725
9,7570
1,286
8,6292
10,3274
1,360
2,713
10,3103
10,3446
1,534
1,321
1,555
10,3609
1,409
5,1610
9,6507
1,396
1,462
4,1461
10,3207
1,505
1,516
10,3594
10,3781
1,509
8,1776
6,2626
10,3935
5,1998
1,385
1,504
1,430
1,291
4,1382
7,2330
4,1447
5,1847
4,1254
7,2868
1,465
7,1725
1,527
8,3002
9,10643
4,2171
3,1543
1,383
4,1443
1,449
8,2587
1,412
3,1215
10,2417
1,463
1,418
8,2845
7,2497
2,934
1,581
1,3175
10,3429
2,817
1,379
6,2082
10,2617
1,406
1,388
4,843
8,2730
1,575
10,5270
1,478
2,1054
3,1030
1,342
5,1570
6,2234
4,1856
1,510
3,964
1,1293
1,421
6,1502
1,645
1,801
2,525
1,386
10,3345
1,692
1,460
6,2655
5,1579
1,346
8,2557
4,1112
1,874
1,566
4,1457
1,410
1,488
2,643
1,481
10,3300
1,571
1,585
2,947
1,617
5,1610
4,1341
9,2234
1,506
5,1811
10,2505
1,458
6,6323
10,5584
1,538
8,2909
2,1161
5,1623
10,6963
4,1584
1,500
5,1571
10,3333
2,868
1,413
2,720
1,401
1,520
10,2819
1,398
3,1369
1,584
6,1925
6,2406
6,2052
1,429
5,1796
7,1691
3,1128
8,2917
6,2109
1,442
1,417
8,2767
1,428
10,2727
1,531
1,529
5,1853
4,6934
1,446
7,5130
10,2454
7,2294
10,2464
10,2453
1,391
2,523
3,1012
1,401
4,1071
1,558
5,1927
4,1563
8,18421
1,1383
9,3071
10,2769
5,1677
3,1195
10,3494
1,548
1,402
10,3673
1,422
10,5768
1,619
4,1425
6,2257
5,2568
9,3054
1,372
6,1597
6,1883
2,640
8,2121
1,460
1,360
4,1480
1,509
9,3042
8,3046
7,2480
8,5849
4,1469
5,1566
1,440
1,497
7,5480
10,3408
1,554
1,294
1,477
10,2115
6,2141
7,1626
1,664
5,1572
9,2681
6,2157
8,2778
1,449
10,2627
9,3453
2,831
1,535
10,2769
3,683
7,2312
1,382
10,2985
1,534
9,2637
1,524
1,611
9,11321
9,2845
1,254
3,8010
10,2868
1,262
1,547
4,1071
7,1753
2,835
10,2917
1,396
9,3011
1,602
8,2734
5,1610
1,305
1,293
5,1828
10,3445
10,3099
10,3704
8,2540
10,3224
1,500
6,2070
1,362
3,1198
1,546
4,1487
7,2256
1,289
1,243
2,785
7,1840
1,346
4,1392
6,2070
10,2811
3,1074
1,719
8,3122
1,456
4,1305
5,1614
5,2473
1,340
1,278
1,680
8,2196
1,423
5,1820
9,3156
6,1936
4,880
1,413
3,1064
5,1931
5,1979
7,2475
2,3379
1,323
1,298
6,2215
10,3465
1,351
6,2355
7,2265
3,706
6,2342
1,275
10,3266
2,915
4,38070
5,5015
1,762
1,400
1,247
10,3418
4,1051
1,467
10,3203
9,2871
1,612
4,1512
1,259
2,902
8,2856
1,540
9,1945
3,4281
2,910
1,349
2,810
5,1305
4,1288
10,3112
2,752
6,1799
9,3073
1,296
10,6969
3,1106
1,393
2,1127
5,1988
5,1679
1,282
10,3418
10,3285
1,381
5,1830
2,1117
1,278
9,2994
1,244
10,3124
10,3619
1,474
9,3788
2,917
1,469
1,320
6,2099
6,2210
1,593
5,1429
6,2087
1,414
7,4023
1,253
10,3706
8,2947
1,507
2,850
8,3038
3,1447
1,340
5,1732
10,3720
1,468
2,649
1,437
1,651
2,828
1,420
7,2725
2,631
1,498
5,1710
8,3526
5,2004
2,607
4,1439
6,1991
2,651
10,2226
9,3024
5,1895
6,2204
1,367
10,3284
2,891
1,400
1,455
3,1597
1,564
5,1349
6,2161
10,3234
10,2858
6,1433
6,2098
2,502
1,554
5,1886
3,873
10,3245
1,496
3,4276
10,5062
1,456
5,1581
6,2029
1,406
6,1567
6,1645
2,769
1,281
6,2411
1,380
10,2447
10,3577
1,491
5,1739
2,804
2,846
6,2242
4,1629
1,239
5,1879
5,1655
10,3258
1,298
10,35973
1,292
5,1164
10,2809
6,9274
1,353
2,964
10,2569
8,2628
6,2095
1,607
1,416
8,2451
4,1477
1,267
10,26545
2,604
10,3399
7,1660
1,625
1,509
1,486
3,1179
10,2643
8,24335
5,1448
8,3221
10,2400
5,1745
1,235
6,17325
10,3604
9,3228
1,581
5,1756
8,2725
1,652
2,709
10,2705
5,1868
1,522
10,3091
10,2790
1,366
1,232
2,28065
6,1493
7,2559
1,433
4,1439
1,484
1,402
10,3595
10,3353
4,1313
1,404
4,1149
10,3670
4,1438
1,247
5,11735
10,3125
10,2787
1,418
9,2924
1,432
1,407
8,10831
4,1059
4,1582
1,261
5,2050
4,1002
6,2025
10,2246
4,1327
5,1852
5,1356
8,2804
7,2439
1,413
1,388
10,3384
10,2811
1,518
1,481
10,2533
4,890
6,2305
6,1512
6,2072
4,1505
1,699
1,447
6,2101
1,316
10,3123
7,3554
6,2151
1,489
1,338
9,5310
1,532
8,2684
4,1032
6,2166
8,4149
1,492
1,407
1,603
1,4009
10,3817
10,3416
1,374
1,460
1,397
3,991
1,296
5,1955
5,1737
8,2711
10,2185
1,362
1,384
5,3280
1,355
1,396
8,2349
6,1520
1,337
1,330
7,2546
1,278
4,1437
4,1646
4,1350
4,1140
1,252
1,278
9,3034
1,321
1,402
10,3742
10,2524
1,513
4,1433
10,4009
1,272
4,1394
8,2470
5,1888
6,1414
1,268
1,302
3,1399
8,2123
10,2375
3,1056
10,2535
4,1421
4,1543
2,866
1,249
1,448
10,3031
1,391
6,1793
1,249
1,293
10,3604
1,332
1,366
5,1359
4,813
1,386
5,2053
10,3309
1,308
1,344
4,1546
1,395
10,2677
1,274
1,315
2,682
3,993
1,443
10,3027
9,2140
1,457
10,3114
8,3057
1,585
1,451
6,2070
4,1351
2,679
1,517
9,2459
4,1320
9,2561
1,313
9,1885
10,2756
1,522
6,1460
10,3515
1,335
6,1993
6,1800
4,8438
6,1410
1,278
10,2606
8,3186
2,790
7,2293
7,1677
4,1498
1,402
6,1434
1,608
1,365
1,440
10,3274
1,335
10,2566
1,600
3,1122
3,1591
2,803
8,2128
10,2606
1,424
1,373
6,1632
1,470
1,337
1,372
2,509
1,476
10,2915
1,384
4,1026
2,967
10,3891
5,1415
10,3348
10,2083
9,3010
5,1781
1,611
10,2285
1,444
6,1396
1,434
4,1093
2,759
1,543
8,4121
10,4006
3,1025
1,351
1,250
5,1585
10,2590
9,3334
10,3282
1,352
10,2007
1,398
10,3457
5,1301
7,1880
2,953
1,505
5,1196
1,349
1,291
5,1442
4,1395
8,3309
6,2346
1,348
10,2881
1,464
8,2660
10,2328
10,2616
10,3498
7,1904
10,3025
1,419
1,370
7,1761
10,2100
1,756
2,630
1,354
4,1140
1,460
4,1428
6,1560
10,3319
10,10344
8,2013
9,5938
5,1473
1,405
9,2497
4,1054
1,611
6,1436
1,364
8,2417
6,26749
1,500
6,2242
6,1911
10,2997
10,3367
7,1888
1,359
1,374
1,453
10,15536
1,351
4,1517
5,1697
10,3573
1,378
1,403
8,2652
5,1792
7,2666
3,743
10,2563
1,248
1,437
5,2058
2,7057
2,477
10,2647
1,2267
4,1379
1,488
1,345
5,1699
2,798
1,625
4,1053
10,3162
1,249
1,381
3,1263
8,1818
1,400
8,2243
8,2577
1,456
2,781
1,382
10,2377
10,3664
8,2860
10,3336
1,476
1,288
1,359
5,1907
6,2037
1,601
4,1574
4,1392
5,1428
5,1653
1,563
4,1239
6,1541
1,366
9,2341
2,740
1,292
1,356
1,333
10,2832
1,514
4,1626
7,2415
1,276
8,3491
1,275
10,2309
6,2264
1,432
7,2366
5,1393
1,389
4,1324
2,1320
10,3475
1,452
2,777
9,3490
1,301
4,3532
1,444
4,1225
5,1361
1,490
10,2719
10,3343
1,284
2,448
8,2807
8,2094
1,1197
10,2260
5,1703
1,350
9,2987
1,540
10,3352
8,2116
1,398
10,3592
6,1226
1,351
1,361
3,909
2,837
4,1759
1,470
9,4219
1,366
5,1824
4,1345
6,1543
10,2336
1,368
6,1897
4,1047
6,1482
6,1934
8,2042
10,3779
6,33276
6,1566
2,781
4,1268
8,2554
1,370
2,521
10,3663
1,607
2,946
8,1869
2,787
6,1661
10,2473
1,513
1,660
5,1400
1,440
1,372
5,1398
1,348
10,1999
4,1277
1,403
1,491
6,2075
5,1174
10,3346
2,798
1,379
2,1039
6,1875
3,1141
1,425
2,762
2,808
6,1589
10,2180
1,398
1,449
5,1483
4,1210
9,2638
2,811
1,361
10,3706
8,2893
2,999
1,317
1,449
10,2198
10,2908
4,890
1,367
1,283
1,331
6,1735
10,3614
10,3459
4,1242
6,4556
10,3833
2,1508
2,686
5,1783
6,1410
10,2679
1,509
10,3795
1,260
1,292
5,1249
4,929
10,3666
1,443
7,5893
4,1793
8,2891
1,279
2,885
10,3063
4,1230
1,379
5,1178
1,246
1,393
8,2141
10,3154
10,2860
1,584
10,3412
9,2624
3,1064
1,261
8,2511
6,2049
8,2725
1,346
10,2502
1,356
10,2048
4,972
3,1084
7,2187
1,541
4,1445
5,1890
10,3337
10,3420
3,1144
8,2072
4,1719
1,293
9,3007
1,411
1,239
10,3512
2,622
8,2768
1,566
8,2834
10,2553
8,3728
6,2205
2,795
7,2373
1,421
1,485
10,3089
1,430
1,233
10,2751
9,2453
10,2347
1,363
3,928
1,560
2,921
5,1760
8,2474
10,4613
1,355
1,648
5,1822
8,2656
1,223
4,990
10,3223
1,379
1,361
9,3069
1,398
8,2549
6,2383
2,691
4,1396
1,248
1,436
10,3265
1,347
4,951
6,1354
7,2201
1,248
1,355
1,525
1,503
10,3194
6,2304
10,11518
3,1467
1,861
1,270
5,1260
5,1250
1,416
10,2611
10,2343
1,270
7,2043
6,2090
1,395
10,3557
10,3556
10,3036
2,944
1,558
1,274
1,343
1,344
1,252
6,1794
8,2023
1,241
4,949
9,5178
1,435
10,3765
4,1683
10,3419
10,2977
1,405
1,302
5,1533
1,257
1,363
2,474
9,3796
1,299
10,3121
1,604
1,671
7,2851
4,1558
10,3658
1,587
1,303
10,2332
2,677
10,3371
1,328
6,1518
8,1921
1,301
6,1563
8,2748
1,572
1,416
8,2926
7,2010
2,589
1,445
10,2289
10,2403
6,1821
10,2886
10,3300
1,803
1,355
3,1057
1,4817
1,827
1,255
3,902
8,2278
10,3877
1,351
6,1429
6,1783
6,1718
6,1286
10,2126
4,1370
1,284
6,1987
1,426
1,681
1,248
10,2547
1,473
8,3839
1,400
2,483
6,1884
5,1329
4,1363
4,1396
1,459
1,402
5,1812
4,1712
10,4042
1,288
1,399
1,389
8,2640
2,1007
6,1434
4,1003
10,2369
5,1472
8,2730
1,369
1,373
10,2507
5,1669
1,651
1,247
2,671
1,394
9,3372
4,1467
4,1199
8,2427
4,1563
6,1514
10,2998
1,418
3,1041
4,1217
1,20918
10,3291
1,311
6,1761
1,393
9,2662
10,3262
8,2161
10,3573
10,3518
2,542
1,319
1,257
10,2238
5,2023
6,40654
2,677
1,289
10,3783
1,331
8,2331
6,1558
10,3637
10,2763
4,1232
5,1249
1,442
1,347
9,4078
10,3311
10,24850
1,383
1,509
7,2454
1,285
2,735
1,479
4,1477
4,1700
10,2492
10,2260
4,1404
1,357
7,2284
10,3960
2,835
2,712
1,252
9,2962
1,246
1,583
5,1716
4,1497
4,1209
6,1547
10,2914
1,834
1,634
10,2686
1,442
4,29074
8,2054
1,358
9,2584
1,277
1,441
6,1506
2,628
6,1532
2,459
4,1277
1,361
1,327
10,3220
4,1219
1,650
9,3226
3,880
4,1542
1,300
1,388
4,1715
10,2784
1,390
6,1609
8,2457
1,284
1,461
1,509
2,927
1,426
9,2781
10,3480
8,2701
1,396
1,276
10,3490
6,1535
1,352
10,2952
10,2164
1,283
1,667
5,2199
10,3858
1,425
8,2040
5,1143
1,589
10,3929
1,323
9,3304
5,1830
1,293
10,2138
2,874
1,420
1,424
2,631
6,2336
1,459
1,541
9,2043
1,566
3,8272
1,365
5,2072
1,391
1,259
4,1125
4,1245
1,460
3,1395
10,2418
9,3446
1,451
3,1328
10,2117
1,328
9,3577
1,296
10,3619
6,1682
1,235
8,2590
10,2684
1,340
6,1826
6,1637
1,478
1,368
4,1267
7,2778
1,399
10,3748
1,325
2,1025
10,3605
1,261
10,2725
6,1378
1,295
2,1070
5,1478
6,1616
1,498
6,2620
10,3302
7,2586
10,2929
3,976
10,3392
4,1566
1,349
4,1146
4,1792
6,1589
7,2370
8,2315
9,2255
3,1176
2,1019
5,1683
1,393
7,1491
1,529
2,642
5,2052
1,262
2,577
6,1915
4,1133
10,3444
6,1759
1,236
1,527
7,2784
1,642
1,435
10,2863
1,510
10,3391
10,3492
1,566
1,370
6,1266
2,665
1,536
10,3517
8,2191
6,2032
1,586
5,1726
3,856
1,427
1,414
8,2634
9,7691
1,365
1,609
1,539
4,1471
7,3382
10,2727
1,347
4,1590
10,7302
2,783
1,315
2,815
4,1035
8,2577
1,593
10,2534
1,404
1,342
5,1923
10,3481
4,1180
1,250
4,1514
7,6401
10,2388
1,290
5,1705
6,1502
10,2958
1,523
1,397
1,320
1,416
6,2596
8,3250
10,2331
1,373
3,957
6,2280
10,2327
1,455
10,2368
10,3843
8,2093
1,403
6,1493
1,382
1,584
7,1780
9,3264
4,1029
1,438
3,1056
10,4005
6,1960
1,320
6,1642
7,8228
2,841
1,412
10,2190
1,295
10,4030
8,7265
3,1059
10,2467
1,316
10,3272
4,1583
5,1270
1,369
6,1765
1,462
1,470
1,482
10,3073
1,320
1,520
10,2746
6,2021
1,453
4,1288
10,3081
3,1216
6,2127
4,989
8,2735
10,5808
1,279
1,372
9,2420
1,434
4,1126
3,983
1,422
1,275
1,368
10,7823
8,3571
8,2353
6,2124
5,1428
6,2531
1,532
1,372
10,2951
8,2413
1,370
5,3053
1,616
1,250
1,316
6,7009
9,19147
4,1403
3,856
10,2254
10,3516
1,287
1,265
4,1128
1,649
1,464
10,4225
4,1441
1,267
1,303
7,2679
1,759
10,3278
7,2799
10,2278
4,1667
1,295
1,475
4,1495
4,1106
1,367
10,3995
8,2962
1,241
1,495
6,8726
1,631
10,2874
10,3297
4,946
9,3104
1,373
1,358
6,1796
1,355
1,388
2,671
9,3238
1,313
3,1228
4,7985
1,454
4,1225
1,565
10,2238
6,2114
1,565
8,2882
2,1241
10,3733
1,392
1,540
6,2314
1,298
1,632
7,2499
1,381
1,407
6,2285
4,904
2,993
1,325
10,3403
10,3458
6,2170
10,3298
2,776
4,1544
1,303
4,1086
1,570
1,360
1,324
10,3532
1,480
1,750
1,549
2,749
6,1763
6,2025
6,4734
10,3586
10,6264
1,248
8,2368
5,6733
1,362
1,234
4,1357
1,300
5,2598
1,776
1,320
5,1806
6,2819
4,1457
8,2283
8,2655
1,239
7,2531
1,497
1,402
1,245
9,4915
1,316
4,1233
3,977
2,885
4,1357
10,3300
8,2436
8,2731
2,807
6,1423
7,2341
1,549
1,543
1,267
6,2325
1,288
8,2542
4,1522
2,815
10,3416
4,1725
2,808
9,9076
1,278
2,441
9,3176
5,1750
1,556
1,285
2,837
1,233
7,2265
8,1964
8,3303
4,1407
4,1660
2,953
9,2885
1,14056
10,3079
6,2097
5,1535
8,3569
1,226
4,1610
1,237
4,1444
8,2654
9,2412
10,3547
10,12059
1,593
1,493
1,631
10,2474
10,5914
5,50214
6,2671
1,294
1,1201
1,249
9,9451
10,3635
9,3242
6,2493
10,3736
8,2650
8,3025
1,504
4,1069
2,883
9,48391
1,716
1,253
8,3948
1,286
10,3268
1,510
8,2925
5,12239
2,656
8,2397
1,363
1,1660
8,2444
10,3474
4,46212
2,896
1,236
5,1763
1,373
2,951
7,2244
1,402
1,519
1,371
10,3460
1,546
1,661
10,3113
3,1289
3,47992
1,960
10,2824
9,13533
1,383
1,516
7,7185
3,1079
1,274
2,788
8,3273
1,351
1,540
4,1348
2,795
1,26763
4,15001
6,1846
10,9819
6,1782
1,638
6,2362
4,1080
1,290
8,2655
9,3156
1,408
1,412
2,719
6,10590
4,20824
2,817
2,801
4,1384
10,3081
1,486
2,716
8,3017
1,431
10,3201
9,3197
2,611
1,518
10,2393
1,589
3,45645
9,4541
6,1620
8,27981
10,2332
3,1430
10,2835
7,2311
1,880
8,2714
2,685
1,344
3,798
6,2112
4,16303
5,20469
5,11341
10,3769
2,23839
10,3272
1,419
3,1312
2,1335
1,553
9,2929
1,364
1,346
1,404
6,1831
5,1949
2,860
4,1377
10,2317
1,423
10,2268
1,436
9,3265
7,2718
1,337
9,3456
1,410
1,300
6,1959
6,1583
9,3423
5,2631
8,21984
4,837
1,11410
4,979
1,602
6,2265
1,583
1,404
8,5779
3,982
1,323
1,490
10,2721
4,1430
1,1422
1,346
8,1710
1,360
10,2523
6,3047
1,2222
6,2368
1,416
2,822
4,1034
1,306
10,3193
10,2537
10,3757
1,743
6,4798
4,1164
1,354
4,1246
1,343
9,3222
10,3119
1,582
1,19691
6,1462
6,1890
1,378
4,1727
8,40646
1,531
3,1909
4,1246
1,532
2,605
1,637
1,2352
2,902
10,3263
1,17098
9,2762
1,427
2,717
4,1506
1,11034
1,533
1,894
2,752
1,293
10,3373
3,944
8,2927
8,2878
2,908
3,982
1,519
3,822
3,1268
10,3520
8,6563
1,559
2,828
10,3306
1,278
6,1427
1,386
4,1350
3,1125
10,3420
10,3046
7,2353
4,16474
10,14457
10,3274
1,467
1,562
3,1209
10,3043
1,303
6,1367
1,462
6,2308
1,618
9,3004
1,798
7,1941
2,766
6,3216
1,518
1,431
1,353
4,1471
6,1489
1,393
6,1833
2,906
9,2995
1,570
10,3296
1,278
1,2733
7,2272
10,3541
1,383
1,417
1,533
4,2485
1,392
4,1391
10,2903
1,371
1,539
1,635
8,2877
1,367
6,5451
7,4915
4,16112
1,670
2,690
1,630
6,1956
6,1585
1,408
10,2935
2,771
8,2773
9,3341
10,3187
1,491
4,1382
10,4349
4,1693
1,402
1,339
1,559
10,3667
5,1712
1,320
4,1328
7,2420
10,3498
1,528
3,925
1,369
1,483
1,301
8,2953
1,843
1,475
1,636
10,3159
4,1133
3,1036
4,1307
4,1485
2,891
1,345
8,2731
1,276
1,455
10,4014
7,2887
1,462
1,428
3,1106
10,3710
9,2839
6,1949
10,3637
4,1365
1,634
1,551
1,445
1,295
1,437
3,1352
6,2365
1,518
1,281
4,1373
8,2691
5,1688
1,434
1,481
10,3293
1,1931
1,444
7,2050
1,263
1,394
8,3010
1,685
1,814
1,403
2,792
7,2059
10,5159
2,596
1,542
6,1992
1,1308
1,21385
4,1033
1,251
10,10157
9,3840
1,661
1,507
1,434
6,2013
6,2380
1,432
4,1440
1,637
8,2761
1,375
1,493
8,2748
4,913
1,356
6,2291
5,1980
1,493
1,522
9,10296
1,624
1,389
6,2077
1,489
10,3224
1,748
1,460
7,2518
8,2674
3,1069
2,1012
3,1379
2,836
3,1169
3,937
4,1331
1,650
10,3271
1,656
6,4220
1,493
6,2254
2,700
2,755
9,3034
1,370
5,2770
1,691
6,2011
5,4207
1,551
1,543
10,8020
1,641
10,9238
1,464
8,2962
10,3369
7,2281
1,364
8,2914
3,1453
10,3134
6,1310
5,1721
1,670
1,618
6,12443
1,665
1,596
1,544
2,823
1,4897
7,2319
1,488
4,3717
9,10935
9,3038
1,546
1,571
6,1993
1,370
6,1930
1,626
1,536
1,358
10,3328
6,2343
6,2131
1,471
4,6112
5,14236
8,2851
2,909
7,2590
1,497
1,268
8,19608
1,692
3,1424
1,368
10,3574
10,9613
2,787
10,38748
9,25415
1,522
9,3097
3,1163
9,3340
1,311
1,364
4,1398
1,550
5,1884
1,349
1,438
2,901
10,5619
1,697
7,6991
1,371
9,13221
3,1178
3,1164
1,512
2,801
10,39483
3,1363
5,2025
3,1254
4,1531
8,2903
3,1145
1,415
5,15934
5,1565
8,2532
4,1547
4,1432
1,539
1,343
1,662
10,3825
4,1549
1,496
9,3162
3,1177
8,5933
1,59571
10,10880
1,892
1,584
4,1509
5,1839
1,632
10,2751
1,602
5,1417
5,1616
2,830
5,1666
1,644
6,2131
8,2754
1,18302
4,1369
1,599
10,3214
8,3482
1,523
1,384
9,36593
9,2925
9,3024
3,1229
4,1285
9,3177
2,726
9,2821
2,993
1,353
3,1182
10,4298
5,1876
1,537
1,248
5,1846
10,3134
3,6153
4,1506
7,1800
1,365
1,479
4,1407
1,576
5,1973
4,1206
8,2697
3,1313
5,1690
2,801
3,1036
7,1763
4,1516
4,1639
1,669
1,523
4,1634
10,3836
1,475
4,68047
6,2226
7,2418
1,556
1,533
8,2514
4,1204
9,3319
1,367
6,2865
3,1244
1,1393
8,7525
6,15432
1,2018
1,19012
7,2657
7,2508
9,3169
5,1835
10,2539
3,12614
5,1874
1,468
10,18248
6,2459
1,591
5,1626
5,36632
1,2622
5,29920
7,2651
6,2185
1,507
4,1475
8,1832
4,8841
1,596
5,1702
10,9766
2,932
1,419
10,22026
2,782
1,489
2,24987
10,11569
1,694
6,1925
3,1153
9,3024
5,14920
1,392
5,1642
7,2752
2,896
1,471
4,31688
4,1302
1,363
1,562
6,1695
1,552
2,888
5,1819
8,2448
5,7952
3,933
5,1517
8,3319
3,1367
1,463
2,631
1,2116
1,380
1,608
10,3727
5,2228
4,1580
3,1233
8,2240
5,9908
4,949
2,828
6,23875
4,1793
1,600
7,3875
3,1103
1,463
1,1077
4,1023
5,1965
1,551
4,1500
2,653
2,5700
6,1631
1,13426
4,1430
4,1815
6,2289
1,390
6,1957
4,1617
9,8914
10,2666
3,1047
1,541
5,1687
3,1172
1,4769
7,2603
1,447
6,2286
10,3923
1,336
1,355
2,788
1,441
1,633
3,1995
4,1360
1,641
5,1814
4,1274
5,19276
7,2528
1,402
1,612
10,3495
1,509
9,50847
4,1405
1,342
1,510
10,3804
3,1209
10,3264
5,1674
10,3272
5,18679
6,2451
1,415
3,1093
10,3457
1,517
1,465
3,1044
6,2858
1,638
6,4756
5,1765
1,421
2,1524
6,1473
1,475
10,3584
1,567
1,535
6,1906
4,1563
1,390
10,3229
3,3054
1,440
1,560
9,3262
1,354
1,499
7,2516
5,2669
4,1221
1,531
5,2237
8,2818
8,2702
1,450
1,448
2,606
4,4367
1,513
1,530
1,546
4,1514
2,845
1,348
10,5417
1,458
5,16519
6,2546
6,2515
1,452
10,18290
2,945
2,776
1,498
5,1999
1,651
1,546
1,504
1,451
3,1359
1,448
4,1339
7,2508
10,4087
10,5419
1,439
6,1926
3,1099
1,559
4,1721
1,669
2,774
7,2618
1,450
10,3275
1,409
9,11866
1,523
9,3030
1,413
4,1638
2,899
1,344
4,1154
1,443
8,3255
3,951
10,3472
1,414
1,764
1,1354
5,2237
1,2316
7,2267
6,2800
1,445
10,3195
2,647
2,762
1,467
9,2788
1,381
6,2307
1,388
8,2742
3,1157
3,1033
1,1855
2,765
1,800
1,474
10,4498
5,15441
1,322
1,560
1,609
2,781
4,1502
1,426
1,349
2,840
5,1825
1,1591
2,837
3,1291
3,25709
6,1976
3,1157
1,539
5,2060
1,388
6,2080
3,1211
1,358
1,2234
1,387
1,419
1,1348
3,1083
1,497
4,25136
4,22712
6,39440
1,357
2,685
1,454
5,1701
9,3046
1,406
10,2618
4,1296
4,9450
4,5648
1,442
1,465
6,26645
8,3996
1,450
1,378
5,1599
1,477
9,3067
8,10579
1,373
1,399
2,674
2,795
6,8784
2,919
1,393
6,29169
8,1881
5,1784
1,380
1,611
6,2192
5,1668
1,590
1,431
1,486
6,2345
1,8607
1,562
8,2137
2,695
7,24739
4,1267
7,2619
1,514
1,526
8,3274
3,1107
1,542
2,1023
1,421
3,1152
5,78377
1,535
3,1387
2,612
8,27112
6,1997
8,2778
8,2848
3,1070
1,549
1,513
1,515
6,1976
1,460
9,4799
5,7024
1,562
4,1495
4,2620
7,24549
1,604
4,1292
4,1320
1,365
2,763
7,2298
1,485
3,1649
6,2041
9,3041
2,1794
1,599
4,1806
3,1119
1,17261
1,708
8,2561
5,1565
1,624
5,1862
8,2609
6,2125
5,1684
1,413
3,1166
1,3119
1,544
10,3779
4,1350
10,55829
5,1814
3,1032
9,8477
1,509
5,1692
4,1632
1,508
4,16601
1,390
6,2027
1,894
1,570
6,2656
10,3443
1,610
3,1106
9,10336
2,688
1,528
5,1893
9,2939
2,682
2,2526
1,482
1,488
1,555
9,3475
10,3850
10,6180
5,1822
4,1389
3,1086
10,26959
1,550
9,3104
5,1631
1,500
9,2890
2,948
7,2291
1,545
5,2177
10,13404
8,2810
5,1693
5,1636
1,536
1,484
4,1602
10,2956
7,2470
1,435
3,1253
8,2675
4,2022
1,831
3,1257
6,2289
7,2293
1,393
5,1631
6,1921
6,2187
1,499
10,3663
3,1215
1,618
5,1786
4,2973
8,2795
1,414
4,1589
7,13087
6,8942
3,1004
3,1322
1,473
3,929
3,1320
10,8431
5,1780
1,358
7,2888
10,3165
6,4995
1,1240
5,2542
4,1759
6,2316
5,1774
9,3483
2,813
2,1704
7,3085
5,1413
3,999
1,688
8,2762
9,7324
3,1268
4,1383
3,1571
6,16641
1,591
9,11254
1,411
5,1824
1,334
2,989
5,1407
1,25206
1,620
1,4535
4,1446
3,1236
1,601
1,749
1,13123
1,661
1,501
1,874
9,3050
4,1651
1,559
5,1113
1,355
8,2785
4,1317
1,523
3,2085
2,910
2,733
1,759
5,2109
1,499
1,539
10,3404
3,1309
2,962
1,670
1,438
4,1466
3,1175
2,779
1,572
1,8155
5,1636
1,374
3,1274
1,2729
1,398
1,335
3,2746
9,2900
10,2695
2,756
5,2052
9,3174
8,3289
1,445
6,2141
5,2018
1,417
4,1287
5,1681
5,1809
9,2762
10,3564
5,1581
10,3243
1,323
9,3260
5,1852
6,1529
6,2161
3,3555
5,3449
1,676
5,3432
4,9557
4,2097
8,8903
10,4011
3,1181
1,351
1,491
7,2315
3,1044
1,637
2,796
1,2985
4,1431
1,411
5,1835
1,465
1,321
8,2662
10,3478
1,501
9,2354
1,454
10,9746
1,418
2,970
5,1941
5,2482
6,2016
1,506
9,2993
1,454
5,1892
1,314
9,3197
6,2177
1,438
1,491
2,778
6,2095
4,1756
9,3129
5,1925
1,405
1,446
3,8952
5,7309
1,526
1,472
8,17907
8,3027
10,3391
1,634
1,452
9,3065
3,1263
10,3528
9,7873
2,696
1,475
5,1790
5,21215
2,712
1,341
6,3827
7,2866
10,3850
1,430
3,1143
4,1312
4,1387
8,2506
3,1172
3,2579
1,464
4,1370
3,1186
1,438
5,1600
7,5874
9,3475
1,401
1,422
10,2910
9,2576
10,5400
1,712
1,390
2,638
1,499
1,487
1,592
3,1116
1,435
1,23790
5,15295
10,3369
6,2504
2,795
1,333
10,3417
9,3480
7,2657
5,1567
1,373
5,1630
3,1126
1,515
1,448
7,19241
3,1300
1,387
1,605
2,639
9,11982
10,4183
8,2700
4,1520
1,384
5,1800
1,382
1,561
5,13030
1,342
1,438
3,1252
1,379
2,912
4,2056
10,8663
9,3353
5,1871
8,4980
3,975
3,1031
5,2519
1,404
1,411
1,469
1,507
1,540
9,3331
9,9575
3,1382
10,35414
8,2929
1,362
9,8571
9,2872
5,4521
2,685
2,596
1,458
1,423
1,5348
2,764
1,388
5,1835
4,1764
1,464
6,2509
1,468
5,1983
3,8952
3,1151
1,529
2,606
1,558
1,539
1,522
6,1927
1,282
9,17363
10,3311
1,421
7,2633
1,428
3,1159
1,405
4,1279
1,475
6,15535
6,3333
5,1748
1,458
1,695
1,339
1,453
6,2355
6,1953
1,580
1,546
3,1198
8,19169
9,3301
1,631
1,506
4,1338
1,415
1,387
2,943
1,324
10,3159
10,3443
1,368
1,468
1,508
5,1793
5,1615
4,1351
6,4722
5,1589
3,1283
2,818
3,1091
5,1877
1,351
8,12964
8,29173
1,419
6,2044
1,596
2,884
1,360
5,1772
1,352
3,1030
1,557
1,310
1,517
10,9835
1,265
5,2035
6,22144
1,263
1,535
1,387
6,2205
3,1225
2,949
1,329
9,3903
2,772
1,434
1,557
1,474
10,2630
1,665
7,14551
1,393
1,455
1,364
1,552
7,2256
2,735
1,497
1,2949
3,1034
9,2104
2,777
9,3244
10,2575
5,1906
4,1063
5,1742
1,565
1,382
8,2805
9,3165
5,30121
1,328
5,8267
5,1783
5,1674
5,1491
9,3225
10,4115
1,469
6,1597
1,457
1,502
1,465
5,2022
6,19773
1,511
1,329
1,358
2,19839
5,1743
3,948
8,3313
10,3950
5,1839
1,483
1,460
1,498
5,1729
9,3149
4,1521
1,516
1,446
1,429
6,16183
5,1732
5,1599
1,544
10,9487
5,1368
1,485
1,386
1,509
1,407
1,629
3,1356
4,1299
1,468
1,481
1,584
10,3672
1,463
1,576
10,9528
5,2319
1,491
1,389
1,459
5,1582
8,2171
1,534
3,951
2,659
4,1295
1,552
10,3241
5,1614
1,457
10,3083
5,1898
1,475
1,422
1,464
2,910
9,3107
9,3439
8,2717
4,1344
7,2339
7,2477
10,5631
1,480
8,6314
4,1213
10,3520
1,424
1,503
1,1378
1,598
10,26942
1,819
1,432
1,422
1,460
8,2465
5,1437
5,1699
5,2821
10,2947
10,3167
1,402
1,390
1,575
5,2116
1,578
1,457
3,5739
2,812
5,1656
7,2217
5,1976
1,512
1,666
10,2202
9,2962
1,500
10,2985
3,38536
5,2089
5,1708
1,410
6,2420
4,17618
9,2947
4,4835
10,3389
5,1520
1,516
4,1103
9,2864
1,507
3,984
1,37614
5,1713
1,447
1,414
2,12712
3,1005
7,2378
9,2862
1,584
4,2906
1,436
6,1504
5,1811
1,466
5,1759
5,40843
5,4490
1,419
1,355
9,4500
5,1717
8,7019
5,1844
1,381
5,1608
1,590
1,412
5,1660
1,465
5,1583
9,36366
9,2958
1,894
1,396
5,15138
9,2853
1,346
3,1150
9,2148
9,26814
1,520
1,445
1,353
5,1905
9,2355
5,42097
10,18650
1,394
1,521
3,1138
5,1791
1,466
3,1153
10,2967
1,384
1,507
10,2369
5,1484
1,471
10,2750
3,33645
9,18522
1,425
1,531
1,517
1,488
5,4285
2,789
10,3407
6,1834
5,2218
1,276
1,425
5,7662
10,2322
4,1448
5,1466
1,440
1,631
6,2243
9,3199
1,501
6,2189
10,3349
1,340
1,609
10,3257
1,321
5,1559
7,1842
5,1582
5,1178
1,517
6,3371
4,1704
8,2651
1,543
1,517
10,4920
2,595
5,1398
1,339
1,251
4,2227
5,1643
5,1727
1,697
1,605
8,2881
5,2044
3,949
2,3738
2,706
9,3230
1,357
1,306
1,393
1,253
3,983
10,3396
2,689
1,513
1,540
2,838
7,2301
5,3257
5,2027
4,1500
10,2232
3,930
1,573
10,3278
1,348
9,11178
1,360
1,559
10,2880
5,1923
4,1624
7,13063
5,2008
1,478
9,3064
1,418
2,14958
2,829
6,1674
1,380
1,480
1,409
4,1318
1,360
1,315
9,3232
9,2993
3,1304
2,578
10,4183
1,365
1,352
5,2030
1,498
1,721
5,1678
9,1987
3,933
9,2125
2,902
10,22089
3,1175
9,13654
5,1729
1,500
1,349
4,1322
5,1772
1,322
1,401
5,1760
5,1776
2,630
10,2245
1,495
2,754
3,1085
6,2154
9,3433
1,541
1,263
9,2932
5,1874
1,249
1,439
4,1264
10,3460
1,6650
10,3131
5,1572
6,1880
1,504
1,637
10,3640
8,3176
1,259
5,1338
5,1970
1,278
1,399
1,453
10,3815
6,1841
10,3413
5,1877
8,11800
1,416
2,1117
8,3273
9,3446
1,352
5,5374
9,2985
1,288
1,660
2,748
10,4253
3,5808
10,3217
5,1766
1,414
1,406
4,1446
9,3174
6,2198
1,284
3,1120
9,9867
10,2350
10,2897
1,443
9,5075
1,488
9,2653
5,1624
1,594
2,816
9,3283
8,2897
8,6670
1,264
7,2322
10,3457
3,904
9,2681
2,1171
5,1380
5,1941
1,421
10,6905
5,1810
1,496
10,8861
1,476
1,460
1,304
8,2569
5,1569
10,3413
1,411
3,1130
1,464
9,2790
1,272
10,3007
1,553
1,447
1,5443
2,532
1,498
1,245
4,1302
5,1370
10,3493
10,3521
4,2633
1,353
6,2592
1,531
9,10745
5,1925
1,758
8,2610
5,2854
1,610
10,2270
6,10069
1,434
10,6511
10,3484
6,2244
1,288
2,848
1,338
5,1780
5,1770
1,435
9,2834
1,383
1,619
10,2609
9,3043
10,3182
10,7403
10,3588
5,1743
1,335
1,456
1,294
5,1740
5,1847
1,310
8,3208
5,1293
1,569
10,2370
5,1657
1,430
10,3152
9,2338
1,357
1,336
6,1899
1,293
5,1310
5,1774
1,410
6,2271
5,1568
1,484
10,4111
5,1714
1,434
7,2400
10,2447
9,7547
1,260
7,2224
1,396
10,3134
9,3716
1,353
1,439
5,2090
1,398
10,2949
3,1037
9,2515
4,1176
10,2465
2,741
1,242
4,8986
1,280
1,532
10,7950
1,483
1,684
5,1745
1,615
10,3634
1,466
10,3513
10,2631
10,3454
5,1965
1,257
7,5478
1,325
10,3211
10,3530
6,2387
1,526
10,2897
1,407
10,2377
6,1886
10,3464
10,2331
9,2211
9,3179
1,281
9,3451
1,264
1,436
10,17195
1,529
1,431
1,508
1,557
4,938
1,435
10,3127
4,1139
10,3764
1,759
1,348
8,2583
10,2358
9,2061
1,405
2,828
1,554
9,3384
5,1887
4,962
1,439
9,3457
6,1883
10,2671
7,2221
10,2078
5,1821
10,2272
10,3319
5,1182
5,1873
1,568
1,380
5,1845
6,1421
1,417
10,3065
1,506
10,10006
8,3197
10,2179
3,1042
10,3103
10,2624
1,428
1,346
1,703
10,2838
2,745
10,2389
1,7971
1,403
1,671
10,2245
4,1515
10,2066
1,436
10,4317
10,3353
1,433
10,3580
1,598
9,3078
5,1401
10,2916
1,595
1,261
9,2795
1,435
5,2003
10,2360
3,1140
10,2777
9,2034
5,1708
9,2776
5,1865
1,432
5,1405
10,3758
1,411
1,349
1,306
4,948
9,10713
10,2952
1,1924
10,3036
1,667
1,478
5,1755
10,3684
1,437
5,1855
6,1916
1,302
1,396
10,2996
1,462
4,2233
10,3236
1,466
10,3302
1,324
1,273
8,9136
1,591
1,363
5,1604
10,2490
1,250
1,372
1,349
1,264
1,347
10,2838
1,443
4,1495
1,268
1,301
8,2782
2,827
1,275
10,3441
10,3289
1,268
1,774
10,3192
1,381
5,3633
4,965
1,457
10,2350
1,422
5,1147
5,2239
1,482
1,241
9,3242
1,316
1,466
1,527
1,584
1,373
3,1057
10,2864
1,387
4,1055
1,378
1,319
5,2012
1,432
1,237
10,3688
1,253
1,951
1,386
6,1909
1,385
1,938
4,1028
1,370
6,1570
1,360
1,367
2,955
1,326
1,238
5,1438
1,238
2,822
1,313
1,372
1,406
1,449
6,1317
1,378
10,2502
1,364
1,290
1,501
5,1802
1,227
5,1736
1,311
10,2661
1,298
1,430
1,359
1,416
7,1959
2,1117
10,3369
1,411
1,265
5,1820
5,2079
5,1503
1,399
1,340
9,2976
10,2304
1,425
1,305
1,477
10,2318
1,430
10,3261
1,280
10,2804
5,1432
5,1706
5,1696
10,3366
1,344
9,2962
10,2268
1,397
1,257
1,801
10,3242
1,412
10,3137
1,280
10,2389
5,1740
10,3184
5,1561
1,367
1,312
8,1975
10,2521
1,324
1,355
1,562
10,3119
1,386
6,2087
10,2244
1,352
10,3462
9,3058
1,367
1,363
1,354
8,2271
9,3328
1,674
10,2934
1,549
6,1964
6,2068
1,403
10,3224
10,3396
9,2620
10,2872
1,385
9,2311
1,353
1,506
10,3359
7,2891
6,1527
1,508
3,764
1,476
1,358
10,3500
10,4591
9,10580
5,1864
10,2413
10,2326
1,243
5,1941
10,3806
8,2939
4,1088
1,480
1,459
2,816
1,280
10,3489
10,3526
10,5608
5,1217
1,321
10,3405
10,2322
2,3406
10,2849
3,1662
10,2714
6,2150
1,406
5,1680
1,248
10,3535
9,3018
5,1732
10,3395
9,2102
10,3431
10,2522
1,1975
1,499
9,3075
10,2787
1,471
1,13688
9,2624
1,233
10,3593
10,2448
5,1854
1,496
10,3719
10,2354
3,885
5,1439
10,3442
10,3404
10,2763
3,1278
1,395
1,497
1,273
10,3530
10,3231
5,1228
1,346
10,3335
9,2633
10,3360
5,1381
4,1091
10,12261
6,1466
9,4085
10,2327
8,5374
1,282
10,2467
10,3039
1,476
9,2269
10,3619
1,413
10,3444
5,2066
4,1434
7,6270
10,3102
1,628
1,334
9,3019
1,401
4,998
10,3243
1,564
10,5429
9,3935
1,283
10,4768
5,3710
6,1636
10,3355
10,3436
10,8302
1,350
8,3151
1,361
10,2708
10,3512
1,317
10,4161
10,2188
1,289
7,1938
10,3890
10,2454
3,10123
10,2455
8,3844
1,415
1,679
1,296
4,1100
10,3694
1,428
10,3005
10,2155
1,264
10,3477
9,3334
10,3068
2,891
3,882
9,3013
1,361
5,1769
10,2412
6,1551
10,3280
1,276
10,4374
10,2260
1,240
4,1094
9,11086
10,3166
1,402
10,3504
7,2641
1,267
5,1838
3,821
10,2642
10,2771
1,644
9,2694
10,2312
1,238
4,1382
10,11802
6,5235
2,837
10,3469
1,643
1,416
2,906
10,2128
10,2727
1,433
1,447
1,509
10,3149
1,242
6,2190
5,1274
10,3145
6,2494
10,3447
5,2164
10,2337
1,540
7,1839
10,2801
1,289
10,2878
1,340
10,3443
1,240
9,2226
10,3424
1,514
10,2618
10,2501
1,625
10,2049
5,1397
10,2740
6,1446
1,296
1,602
1,289
1,473
1,251
10,3340
5,1896
1,273
2,799
4,1436
2,1125
10,2867
5,1694
10,4003
1,774
1,276
1,436
1,256
1,296
1,358
10,4052
5,1685
1,327
8,2103
7,2509
10,3716
10,2996
5,1897
10,5533
1,780
1,350
1,378
1,292
10,3114
10,2222
6,2871
1,416
1,320
1,514
1,597
5,1438
10,3277
5,1512
10,3160
1,277
1,510
1,443
1,283
1,376
10,2088
10,3565
1,399
1,245
1,301
1,333
5,2921
10,2278
10,3154
4,1513
1,267
1,257
1,355
1,278
1,294
9,2205
7,2522
1,258
1,245
1,424
1,485
5,2587
10,2562
9,10172
10,2720
1,298
1,255
9,2454
1,273
1,247
10,3260
1,376
1,372
1,360
4,1515
1,512
5,1681
4,1488
9,8653
4,1180
1,278
1,254
9,3182
1,328
10,2643
10,2934
1,478
1,354
1,381
1,366
1,406
10,3584
4,1102
10,17265
6,1600
1,251
1,246
10,3413
1,287
1,267
10,3837
1,504
1,251
1,421
8,4826
1,356
10,3190
6,2379
5,1225
9,2106
1,497
10,2446
10,3777
10,2758
1,253
10,2914
1,513
1,432
1,251
1,383
1,357
9,7186
10,9941
5,1343
10,2937
1,456
10,2277
10,3889
10,2236
1,230
1,385
1,431
1,493
10,2400
10,2931
1,436
5,1188
10,7687
5,1250
10,2737
1,450
4,1203
10,3322
10,2413
1,228
10,2359
1,370
1,654
10,2161
1,405
1,443
5,1207
6,2235
1,455
10,8144
10,2762
10,3188
1,561
10,3205
1,258
4,1412
1,295
1,372
10,2439
1,515
1,456
5,1747
1,356
1,605
6,1648
10,2524
10,2733
10,2469
10,3279
4,1032
4,1004
1,325
1,409
3,1274
8,3320
10,3174
1,369
1,338
1,581
1,467
3,1040
6,2142
9,2353
10,3787
10,2209
6,1335
1,365
1,352
10,3178
10,3332
6,1737
1,292
1,394
1,607
1,610
10,2410
10,3455
10,2836
10,2802
4,952
10,2026
10,4143
1,519
10,3104
1,351
4,1503
1,301
1,292
1,398
1,508
10,5851
10,3337
10,3032
10,2861
6,1442
10,2630
1,393
9,2247
10,3423
1,458
9,2312
1,254
1,955
1,380
1,775
10,10308
10,2294
10,3552
4,1089
10,2122
10,2774
1,624
10,3387
7,1895
1,424
10,3574
1,334
1,334
1,260
1,617
10,3488
3,809
10,4166
4,944
10,2116
6,2505
3,1259
10,3496
10,2950
2,720
10,4729
1,392
1,388
1,245
1,361
7,1713
10,3439
10,3747
6,1955
10,3269
10,7142
8,2662
10,2962
4,1299
3,835
6,1661
1,293
10,3304
1,418
1,310
10,2581
10,3374
1,453
10,2009
6,1538
1,420
10,3230
9,3328
4,1342
2,557
1,534
1,411
1,578
1,270
1,468
4,1091
10,3407
1,439
10,2335
10,3110
1,255
7,2215
10,2264
6,2019
10,2731
10,2776
10,3182
1,480
1,357
10,2750
9,2496
10,5047
1,323
10,2753
10,2922
1,263
10,3201
10,2221
9,2610
1,286
7,2676
1,266
1,512
10,3710
1,601
4,1273
10,2063
1,337
10,2831
10,2789
1,245
9,10948
10,2412
10,3563
10,3139
8,2771
1,354
9,1977
1,650
7,2715
6,1579
1,434
1,256
6,1286
3,642
1,232
2,800
10,3104
6,1990
10,2582
10,3346
1,300
7,2313
9,3253
1,377
1,464
1,257
1,260
1,569
10,2936
1,242
3,1138
10,2934
10,3234
7,1613
9,7473
1,363
6,2137
9,3292
1,623
10,3182
1,235
1,517
1,484
10,3219
1,230
1,515
10,2787
10,3319
8,1699
10,3402
9,2124
8,2738
10,3987
7,2221
10,3345
1,241
1,249
1,327
1,474
1,224
1,612
10,3219
1,571
10,3001
3,1176
10,3221
10,3448
10,3314
3,1500
6,2245
1,376
1,245
1,355
10,2763
1,248
6,2329
10,2637
1,450
9,3267
10,3495
10,2996
1,356
10,2588
10,4100
10,4740
7,1788
1,258
1,375
1,350
1,243
2,899
10,2787
1,470
10,5486
2,962
10,3548
3,1032
1,647
10,4073
1,560
1,375
1,394
1,323
1,384
10,2576
9,2282
1,467
1,551
10,3542
6,2432
9,3299
10,3399
10,2917
8,16847
1,475
1,486
10,2421
1,384
1,297
10,2341
8,2756
1,249
1,413
2,947
1,372
10,2328
4,1454
10,2591
10,6653
1,670
1,352
4,962
1,330
10,2384
3,915
10,3758
1,337
1,518
8,3172
1,401
10,3223
2,870
10,2742
3,1146
1,553
1,381
4,1018
1,357
1,294
10,3367
4,1786
1,255
1,382
1,25438
1,649
10,2096
1,466
10,2631
2,5875
1,591
1,374
6,1820
1,309
1,260
10,3526
10,3616
1,256
1,301
8,2918
1,701
10,3907
1,649
10,3582
2,923
1,466
10,2743
10,3091
10,2244
1,243
10,3332
8,2927
1,245
1,746
6,18559
1,545
10,2844
9,2986
10,3498
6,2523
1,526
10,2275
10,2510
10,2554
1,300
10,3367
10,3160
1,228
1,527
1,4999
1,497
10,3413
3,702
10,3199
2,644
1,473
4,908
10,3211
10,3125
1,382
7,2029
2,788
1,279
1,423
10,23195
1,411
10,2397
4,1354
10,3238
8,2065
10,3251
9,2909
6,1402
3,5174
1,515
10,2477
1,516
1,247
8,2693
10,25121
1,694
10,2600
6,1922
1,484
8,2661
1,465
10,3447
10,2576
10,5774
7,2420
4,1328
1,681
1,273
10,3204
1,483
1,351
1,428
6,2020
1,247
4,2023
1,657
6,2508
10,2231
10,4287
4,1453
4,1418
10,2534
4,1381
7,2704
1,15340
1,538
1,259
4,1031
1,258
10,3730
7,2568
10,16621
3,1162
10,3359
10,2225
6,2045
1,397
4,1023
7,2422
2,859
1,572
1,243
10,3467
1,315
10,3045
7,2503
1,488
10,2686
7,2438
4,965
9,1885
1,305
6,1807
2,678
1,435
1,623
1,308
9,2871
1,474
10,4486
8,2857
10,3262
10,2458
10,2522
6,2501
10,3151
1,332
10,2213
10,3606
4,1334
4,1178
1,256
10,3181
1,247
8,2665
10,3467
7,2610
10,3126
4,1877
9,2300
10,3337
1,333
10,3912
3,1076
1,523
1,416
1,263
7,1673
1,304
2,630
3,1151
8,3072
10,3401
4,1556
10,3178
10,7324
1,328
10,3298
9,4801
1,646
9,2207
1,252
2,658
1,248
1,302
10,3880
10,3181
10,3337
6,1815
10,3567
6,5239
1,314
6,1920
10,12601
1,663
8,2185
1,254
1,379
1,276
1,343
9,8114
9,3130
7,5430
8,1730
6,1919
1,594
1,261
10,2128
3,1372
1,487
10,3490
1,304
1,257
1,256
1,300
2,828
3,1002
1,634
10,3144
1,594
1,716
1,296
10,2513
1,539
1,537
9,2813
1,248
1,255
10,3460
1,401
3,907
9,11944
1,359
10,2806
10,3660
1,921
8,1841
10,3485
1,746
3,1317
10,3536
10,2148
1,257
4,1002
1,322
1,582
10,3210
1,394
10,3623
7,4192
1,567
3,1148
10,3482
6,2462
2,759
2,606
4,1018
1,242
6,1960
1,276
2,814
1,555
1,371
6,2557
8,2335
1,368
2,668
3,1123
2,693
5,1436
8,1975
4,1111
1,247
10,2300
1,260
8,2646
1,371
1,332
2,997
7,2646
1,335
1,493
10,6704
9,2114
10,3447
3,1176
6,1450
1,302
10,2777
1,336
6,2311
1,551
1,400
1,558
10,33298
1,340
2,622
10,2968
8,2391
8,2715
2,551
10,2558
1,239
10,2335
1,279
1,784
1,531
10,2785
1,491
1,15166
1,434
10,2767
10,2752
4,987
7,20426
1,321
10,2966
1,256
10,2882
1,324
8,2641
1,548
1,3525
1,471
3,16289
1,404
10,2756
10,4412
8,2310
9,19204
10,2220
10,3123
1,237
10,2197
8,2029
2,656
2,917
1,388
1,379
10,25914
1,429
7,2028
7,2277
10,3391
10,3345
2,526
6,1776
8,2615
10,2147
10,2603
4,1274
1,428
1,315
1,509
9,15156
1,508
8,2653
1,781
10,3632
1,538
10,2577
10,2831
3,990
10,3094
3,859
10,2399
1,431
4,1524
1,421
10,8493
10,3338
9,2944
1,1142
10,11041
5,1521
7,1819
10,2345
10,2708
3,1148
1,423
10,3768
1,627
1,263
1,376
1,662
9,3143
10,4312
1,389
1,431
1,318
8,1751
10,2322
10,2992
10,4033
10,2339
10,2637
1,575
4,996
1,434
2,990
7,2000
2,704
1,397
1,253
2,1542
10,3330
10,2826
8,1662
10,3260
2,489
9,2780
1,652
6,1532
1,565
1,3711
8,2531
10,4317
1,344
1,245
6,2360
9,2214
3,1288
1,427
10,3408
10,2580
1,443
1,620
9,2809
10,3200
3,1141
10,3255
6,2065
1,383
1,399
6,2215
10,3756
10,3288
10,2310
10,4015
7,2286
1,742
1,659
10,3431
1,420
1,400
9,6807
10,3472
1,356
1,375
3,1214
1,688
10,3691
2,511
7,1704
10,3281
1,378
1,545
10,3843
10,3112
1,548
10,3328
8,10930
4,1233
1,276
6,2287
1,632
10,3525
10,2714
1,546
9,3103
1,398
10,3471
6,2326
7,2434
1,606
1,410
1,342
1,246
1,408
4,1457
1,602
7,2176
7,1598
1,341
10,3024
1,360
1,407
10,2383
7,2346
1,833
3,1356
1,372
1,295
1,312
1,420
1,528
1,361
10,2160
1,375
10,3257
1,307
9,2000
1,530
9,2955
1,505
2,969
3,969
1,272
1,343
8,2475
1,480
1,337
9,2407
1,328
2,943
1,271
8,1807
7,1825
9,2948
1,437
1,716
4,18423
4,1477
2,550
3,1043
1,540
1,332
10,3191
1,344
6,1728
1,301
9,3186
7,2401
3,980
1,438
2,798
2,19211
6,1475
1,298
1,344
1,606
1,323
10,2894
1,423
10,3805
1,289
10,3551
8,2781
10,3557
1,473
6,2425
8,17249
9,2781
8,2024
1,611
10,3556
1,379
2,772
1,342
10,8100
1,279
10,3423
3,1215
3,838
6,2158
2,788
10,24171
10,3199
10,2206
7,2641
1,416
1,359
3,1288
1,358
8,2966
8,1998
2,777
10,3512
1,552
1,557
8,1974
1,462
10,3324
2,680
1,387
1,521
10,2366
10,3351
1,365
8,2980
3,782
8,2290
9,2887
1,522
10,3503
8,2078
7,2256
6,5129
1,292
1,622
1,483
1,389
8,2454
1,369
1,480
2,818
3,796
10,8217
2,893
8,2673
4,2067
2,687
1,422
10,3235
10,9010
2,921
1,416
8,2801
10,3464
4,1502
10,2434
2,702
9,23446
6,2098
10,3245
10,3282
5,1729
10,3930
2,1066
1,384
6,1538
1,349
10,4407
4,1311
1,440
2,773
1,473
3,1330
1,570
4,1164
10,3048
1,466
7,2432
10,3165
1,423
10,3434
1,397
7,2872
6,2219
1,429
10,3024
10,2676
2,869
8,2066
10,3036
8,2856
5,1575
8,2866
8,3504
2,829
8,2614
4,985
2,759
9,2938
1,430
10,3091
2,660
1,1511
8,2608
9,3154
10,3304
10,11991
10,3979
9,3078
1,665
8,2818
4,1025
1,384
10,3817
1,395
7,1804
10,2777
1,618
4,1483
2,956
1,481
9,10885
3,1146
10,2919
9,5759
4,1594
6,2161
1,413
10,3279
1,477
8,2655
7,3199
1,576
10,2798
8,1933
1,346
1,355
9,3017
10,9098
1,417
1,572
10,2645
1,410
10,3227
1,468
10,3317
8,2310
1,423
10,3267
3,1050
1,283
8,2400
9,4879
2,15176
2,805
2,913
10,3259
1,416
1,637
1,402
10,4377
9,2198
1,418
10,3289
2,581
1,257
1,402
10,6121
10,27768
1,376
2,898
10,2925
1,452
10,3436
1,388
6,2497
10,2245
1,609
9,3179
10,3196
1,242
1,359
2,891
6,2693
10,4902
3,984
6,2142
1,459
7,2350
2,679
10,30075
1,476
1,536
3,824
1,367
1,245
4,2316
2,619
10,3547
1,547
5,1832
10,2809
1,399
8,2573
1,434
2,807
1,404
2,985
2,628
10,2465
1,251
1,386
1,533
10,12079
3,1183
5,1738
7,2145
1,439
10,3478
1,333
4,1084
1,448
1,516
1,345
2,916
1,388
10,4459
1,615
8,3431
3,1164
10,3250
10,2973
1,376
9,3248
9,3438
10,7020
1,294
1,561
1,296
7,2611
1,356
1,406
1,678
1,380
7,2159
7,2465
8,2758
1,432
7,2375
3,1115
10,3652
1,740
1,1580
1,355
10,3315
1,266
1,447
1,524
8,10647
10,2731
8,2728
7,2358
10,3167
3,1125
2,756
8,2975
1,283
1,610
1,407
1,357
2,676
1,433
1,484
1,400
9,3678
4,1455
10,3630
1,390
10,3399
5,1785
8,2745
1,251
1,470
1,365
1,386
8,1900
5,2848
1,596
4,1378
10,3512
10,4023
10,3271
2,618
9,26838
1,643
1,580
1,235
6,1854
1,341
1,1004
3,895
1,487
1,498
1,553
10,3529
5,1865
3,1015
3,895
2,786
5,1699
1,458
1,239
1,480
1,342
8,3834
2,772
5,1818
8,2257
1,568
7,2599
1,397
9,5666
5,1890
3,1194
7,2452
1,461
1,250
8,3110
1,342
10,7887
10,2313
3,1072
1,367
1,474
7,2411
3,1193
2,934
5,1897
1,493
4,1350
1,383
10,3350
8,2556
1,325
1,326
1,279
5,1714
1,388
1,480
3,1087
1,584
3,1195
8,3148
1,511
8,10359
1,424
10,3209
4,1555
1,343
1,581
2,820
2,670
1,348
1,436
1,561
1,560
1,492
7,2563
1,683
10,3529
1,401
2,781
10,2900
8,2102
9,2406
10,2465
8,3020
1,395
1,370
2,850
1,441
1,542
4,1541
1,658
1,491
1,757
6,2231
9,2843
7,1565
1,696
10,2617
7,2300
1,517
1,419
6,2077
1,510
1,487
10,3725
1,1400
5,2050
1,517
8,2850
10,2662
2,585
1,497
7,2027
10,6276
6,1887
1,411
3,1003
1,423
1,525
1,515
1,904
6,2112
1,554
10,3346
8,2053
10,3270
1,323
8,2611
6,1882
1,505
1,365
8,4446
1,655
1,436
5,1753
1,794
6,2160
1,457
8,2904
2,812
1,247
1,420
9,3101
9,2860
3,892
5,1728
10,2942
1,456
1,435
5,1721
1,354
3,1213
1,438
3,1272
2,664
2,816
1,463
10,3566
2,820
7,1847
2,713
4,1356
1,486
1,490
6,2442
1,394
2,1316
2,1147
10,3836
3,1203
10,3397
2,774
10,3696
1,464
8,1818
3,1162
7,2040
6,2904
1,1420
3,978
1,474
4,1154
2,2343
7,3916
2,758
8,2172
10,3134
2,800
1,486
4,1681
4,1589
1,385
1,382
1,539
2,1134
1,376
3,1259
3,952
4,2386
1,326
10,3490
10,3598
6,1897
10,3189
10,3217
5,1630
1,421
1,410
1,528
5,1678
1,795
8,2853
5,2471
1,539
10,2617
9,3139
6,2442
10,3257
3,1413
9,3308
5,1809
1,272
6,2259
1,552
3,924
1,534
7,2230
5,14343
2,889
10,2292
10,3934
10,24795
10,3639
1,382
10,5367
10,47668
1,260
7,3353
1,395
8,1871
6,2294
10,3530
8,17997
2,911
10,3299
2,21534
8,12707
8,2656
1,377
2,1089
4,24913
1,274
3,1366
6,2103
7,2746
9,2946
9,2874
9,12521
3,984
7,1593
10,21901
8,7970
1,373
1,465
8,2201
6,20178
7,2580
7,2476
1,355
10,3104
8,2370
6,2114
10,10770
5,1914
8,1932
6,2144
4,1529
8,9584
2,792
3,806
10,31771
1,360
2,899
9,2467
6,2018
10,2505
1,466
7,3350
10,3491
9,2447
7,2343
2,775
1,392
1,350
1,453
7,40407
1,760
4,1582
7,2444
9,2722
4,1571
1,377
4,1475
5,1761
10,3490
10,3332
1,389
1,411
1,337
10,2982
1,434
10,3993
10,3397
10,3480
2,811
10,3087
1,580
1,491
9,3021
1,512
8,2606
2,970
4,1448
1,410
1,516
6,2325
10,11918
3,1181
4,1658
10,3719
10,3500
2,738
1,540
8,2604
1,517
10,10972
3,1107
1,525
1,397
2,660
6,2302
1,514
9,3397
10,3410
1,367
2,934
1,327
5,2209
7,2363
1,785
1,493
5,2139
1,482
1,390
10,2842
3,1332
1,378
9,3371
9,3592
1,578
8,2280
1,680
6,1861
1,389
1,697
1,461
5,1868
1,435
1,619
7,2203
4,1607
1,410
1,450
3,831
1,516
3,904
10,3687
6,2875
4,1288
1,570
1,440
1,401
1,377
7,2902
10,3510
2,862
3,1006
6,2202
1,466
1,897
1,406
1,484
3,1337
10,3547
10,3652
3,1055
7,2884
1,394
7,2546
9,2634
9,3611
4,1774
9,2937
8,2808
2,896
10,2634
1,478
9,2779
1,617
1,634
4,1290
1,366
1,357
3,2703
10,2372
3,1201
10,3978
1,555
3,910
1,1700
1,591
1,655
4,1415
1,498
1,504
2,650
1,595
1,425
8,9826
9,3168
7,2504
10,3733
10,3588
2,642
1,480
2,601
1,429
2,633
1,476
1,666
1,391
1,467
1,677
8,8574
10,2548
10,3194
10,2975
1,520
9,2119
1,3845
10,3020
1,500
3,1084
1,508
10,17212
1,494
10,4829
2,731
3,1210
1,629
1,453
10,3541
2,1193
10,2439
1,400
10,3417
1,427
7,1845
1,355
1,694
1,391
1,371
2,782
10,3085
1,460
1,552
6,1849
7,1909
2,523
1,535
7,2382
2,717
10,3742
5,1781
2,858
1,464
8,15091
4,1345
10,3330
1,395
1,605
10,4071
3,1093
10,2717
1,839
9,1983
7,2622
9,12082
1,352
1,22622
1,472
1,394
1,399
7,2275
1,696
6,9603
10,3255
3,749
10,2930
1,483
10,3291
10,3409
1,728
1,537
6,2159
8,2697
9,7935
5,2544
2,770
1,631
9,18966
8,2310
3,1173
7,1866
10,4080
9,2250
3,1183
6,2206
1,415
10,3394
1,534
1,541
5,2268
2,663
1,969
1,489
10,2568
8,10482
8,2494
7,2573
1,590
3,1003
1,576
1,406
8,2845
3,938
4,1447
8,2527
6,4597
1,475
10,3471
6,1627
10,11780
10,3363
3,1297
1,597
8,2969
1,528
1,406
1,499
1,348
10,3577
10,9290
3,1289
1,467
1,987
10,2889
10,3783
1,650
3,1080
1,1167
3,1311
1,413
1,438
10,3383
1,346
1,451
6,2604
4,1603
1,413
1,575
3,788
9,11464
1,495
8,2845
1,728
9,2792
1,424
6,2219
4,1466
5,1836
1,490
10,5942
2,660
1,388
1,665
2,602
10,3875
1,560
9,3381
1,564
10,3597
10,3498
6,2251
5,1802
9,2801
1,419
4,8147
7,2177
10,3350
1,548
9,2225
7,2356
1,521
3,1188
1,649
7,2222
1,434
10,3130
2,832
7,2282
1,581
5,2941
10,3116
2,803
1,475
1,253
7,2505
10,3516
10,3605
1,1050
7,2557
1,394
2,806
3,926
10,23272
5,1931
6,21739
7,2616
6,1653
1,694
1,624
2,953
1,436
7,2526
1,684
2,887
1,503
4,1340
4,1472
1,448
1,356
6,3527
10,3567
10,4086
1,627
1,362
1,629
1,453
7,2462
10,3764
1,707
1,670
8,2883
4,1230
10,7026
6,2343
3,1519
10,4292
8,2916
2,899
1,273
1,437
1,324
2,893
1,733
6,2496
1,584
3,1272
5,1889
4,2158
3,1339
3,1230
8,2871
8,3022
1,489
1,266
1,559
1,426
1,701
1,694
3,912
1,648
9,2486
8,2714
1,513
2,1211
2,1021
3,1092
4,1561
10,2308
4,951
1,539
1,450
6,2022
10,9369
7,2492
1,594
6,2268
7,6488
6,2010
3,1480
4,1405
1,665
1,594
7,2522
1,411
1,759
1,515
3,1205
6,2156
2,858
2,736
2,826
10,3525
6,2068
8,3286
8,3211
1,488
2,908
3,811
1,315
1,441
2,21810
2,867
10,3468
10,3185
7,2497
10,3626
10,48743
3,1431
10,3668
10,3495
1,434
2,814
8,2789
1,301
1,511
10,22671
4,1292
4,15675
4,1351
3,1325
1,1320
6,23388
1,465
10,3952
7,8495
1,352
3,1104
5,1795
1,441
1,972
7,3187
10,3292
8,3208
10,2977
3,5142
2,813
5,1707
4,1298
7,2466
9,3282
1,362
5,2190
3,1157
1,562
6,2453
10,3640
7,1675
1,501
7,5406
9,3256
7,2869
1,359
3,992
9,3428
1,367
1,352
5,10934
9,2933
7,2559
1,422
3,1075
7,2244
10,12946
10,13185
3,1052
3,1142
1,581
8,2619
6,1467
1,646
1,366
8,3297
10,2833
10,2513
10,2894
8,2543
10,2740
2,856
3,1179
10,14368
3,2778
1,490
7,2772
2,807
6,2157
1,368
10,7349
7,2470
1,620
1,600
8,28655
10,5836
3,1236
1,489
10,15480
3,26493
1,596
10,3137
1,530
2,930
1,328
7,3430
2,863
5,1986
1,394
1,525
8,2253
2,4276
1,369
7,3087
8,40726
6,3537
9,4154
2,703
1,360
1,293
9,3593
5,3401
1,450
3,1324
2,726
3,1009
5,13204
1,305
7,1980
10,3327
6,7361
7,2236
7,2481
10,12116
10,2680
4,1976
1,542
10,3512
4,1675
3,1087
4,1820
5,1591
1,383
10,26289
1,480
1,374
1,473
3,1093
1,386
10,2873
6,2319
6,3749
10,3658
2,671
2,661
1,559
8,2473
1,402
1,596
9,2965
3,986
10,3456
3,1100
1,606
4,1191
10,3551
3,1115
10,3608
7,2568
5,1749
1,265
10,3275
8,2470
7,2571
10,3265
1,511
1,418
9,3538
1,648
10,3495
1,801
4,1456
10,2183
7,2719
10,3145
1,270
9,3118
1,377
6,2390
1,363
1,471
2,642
1,547
1,561
10,3137
5,28126
10,3643
5,1352
10,6899
4,1369
1,379
7,13932
1,456
3,1052
7,2816
1,365
1,433
8,9491
1,283
10,2459
1,598
7,2568
10,2828
3,1192
10,3260
1,388
4,1418
1,293
3,3822
2,647
1,561
1,401
1,525
1,530
6,2108
1,593
2,645
9,1967
8,8163
8,2566
1,429
1,1202
1,253
4,1359
7,2203
1,614
1,373
1,433
1,426
10,2612
4,1700
7,2436
10,2467
4,1225
4,1294
1,285
10,11274
1,268
2,675
10,6737
1,540
1,406
3,1912
1,540
10,2985
1,390
10,3201
10,2270
10,3117
9,22973
1,239
5,1279
10,2451
10,3898
1,353
4,1560
1,359
10,6820
2,1079
6,2151
1,509
10,3404
10,2454
9,3082
7,53921
1,296
1,496
10,3304
10,3473
1,642
8,3949
3,968
10,8630
9,2630
3,1119
1,506
1,713
10,2967
10,4831
1,878
1,243
1,522
10,2933
10,3212
1,497
3,1070
1,335
1,776
7,1638
10,2464
6,6726
1,458
5,1764
10,2252
1,403
6,2106
1,416
10,6667
7,2440
1,678
10,3422
1,441
10,7867
3,1102
8,2554
1,508
1,434
2,679
10,2104
1,396
10,3345
1,449
9,2356
8,2896
1,539
7,13811
1,418
7,2311
8,2830
10,3311
3,1578
1,274
1,323
6,1353
6,3130
9,3146
1,473
10,2472
1,536
2,928
9,3027
1,390
7,2284
5,5031
4,1150
1,560
3,1078
10,2377
10,2566
1,486
10,3133
1,488
10,2862
1,551
1,602
7,2250
2,629
1,450
1,484
7,2574
1,444
1,379
1,348
10,3222
1,451
10,7195
1,660
1,431
1,425
1,446
2,707
7,3144
1,462
3,1113
10,2132
1,387
1,373
1,289
1,473
6,1828
10,4575
6,1621
10,2294
1,607
1,408
10,3218
7,2389
1,557
10,3203
2,867
1,359
1,336
1,227
1,529
1,505
10,3576
1,485
3,1072
1,332
1,463
1,554
3,1486
1,293
7,2252
1,398
1,276
1,495
1,280
1,406
1,463
1,406
1,648
10,2304
1,309
3,1321
3,1135
8,3022
1,397
10,6811
1,405
2,998
1,648
1,238
1,416
6,2027
10,2465
1,514
6,2066
1,305
10,8500
3,968
3,1134
1,367
2,797
1,360
3,1020
1,441
1,230
10,2651
1,478
6,1638
6,2102
9,2897
1,276
8,2727
3,930
10,3442
2,875
5,2904
1,275
9,3723
8,2090
1,247
1,522
1,419
10,2386
1,366
10,2908
1,282
7,2165
8,2743
10,10893
1,607
6,2479
1,648
7,2033
9,3245
1,247
1,310
1,460
3,1003
3,1145
7,1848
1,428
2,748
8,2720
9,28392
10,2931
3,1360
1,297
10,5541
10,3224
1,580
1,304
3,15632
8,2103
2,867
4,1127
10,3451
7,2232
10,6520
7,12397
3,805
4,1566
1,289
9,6349
3,3512
5,1894
1,299
1,418
9,3085
4,1615
10,3046
10,2838
10,3442
9,3345
2,2026
2,859
2,1079
1,473
6,5749
1,288
8,1889
1,284
2,852
4,1074
3,1343
1,367
10,3375
3,1137
10,3297
1,635
7,1793
7,2479
1,325
1,385
10,3448
5,1888
1,246
1,352
7,2321
10,3293
1,450
10,3395
8,4360
7,2524
6,2121
10,3589
10,3525
1,345
1,403
10,3257
1,623
1,283
3,922
10,2422
7,2260
1,377
10,2907
10,2434
7,2287
3,768
7,1774
10,2850
1,478
2,662
10,2179
10,4068
10,2844
4,1998
2,822
6,2354
1,290
10,3475
4,1342
2,940
4,1444
10,3482
7,5033
10,2341
7,1868
7,2589
10,3660
6,1977
9,3024
1,590
9,3001
1,258
10,2307
10,4256
2,824
7,2163
3,1372
10,3265
9,2697
3,953
10,2299
10,4582
8,2618
3,1257
5,1915
10,3397
1,382
8,2215
10,3264
1,588
10,3568
8,3795
1,453
5,1204
3,986
10,3362
5,1832
9,2059
7,2280
1,447
2,815
1,448
10,3190
9,4084
1,631
2,568
3,1181
1,418
1,444
8,3188
6,2171
9,3147
4,1654
10,6717
1,465
1,461
1,337
10,3363
10,2864
1,438
10,2938
10,3412
1,443
10,3316
3,1059
10,2909
10,3596
10,3582
6,2203
1,264
7,2422
1,546
3,1771
6,1876
6,2190
10,3358
10,3375
1,338
10,2962
10,2987
3,808
2,916
2,737
1,478
1,357
3,1177
1,353
6,1777
10,2699
1,491
7,6001
9,2616
8,1874
10,2228
9,11113
9,2871
8,4798
1,363
7,2395
1,326
3,1106
1,322
2,747
10,2356
1,467
3,1249
10,3469
3,1015
5,1803
10,3241
10,2430
9,3100
1,510
2,821
1,255
8,2795
1,392
8,2822
1,369
1,410
1,483
10,2147
1,348
9,2756
7,2679
4,930
10,3655
5,1494
8,2907
1,273
10,4238
1,418
7,2219
1,301
1,336
1,412
1,287
1,329
10,2673
10,2843
10,3348
4,1640
9,3356
7,2485
1,358
9,2950
9,2601
4,1497
1,266
1,258
1,333
1,263
1,315
10,3353
7,2528
7,1549
3,937
1,509
3,1098
1,396
3,996
9,2098
10,2329
1,307
1,316
1,416
1,247
1,393
5,2532
6,1518
1,447
1,370
10,2664
3,1128
1,275
10,3206
10,3074
2,830
1,293
1,269
8,2724
1,269
1,497
10,3307
2,805
1,265
9,5306
10,6800
2,700
1,240
7,2149
10,3462
1,529
1,261
1,287
1,349
1,349
1,672
2,701
1,508
1,469
1,581
10,3249
3,1081
5,1392
10,3121
10,3711
1,463
1,328
3,955
1,271
1,248
10,3172
10,3007
1,790
1,358
1,487
10,3306
9,2885
9,2662
7,2448
10,3156
1,346
1,324
4,1395
1,342
10,2654
10,3135
10,3272
1,582
1,411
1,613
5,1104
10,3175
10,3289
2,4494
10,2753
1,381
1,291
7,2036
1,422
1,405
4,1448
5,1257
1,472
1,548
1,625
10,2533
10,3232
10,2677
1,502
10,2237
1,389
1,419
10,3189
1,262
1,404
10,2665
8,2642
1,393
1,494
7,2037
9,2022
10,10724
10,2293
1,514
10,3266
1,349
1,279
10,4165
1,369
7,1942
10,3026
1,415
1,368
1,391
1,506
1,427
7,2358
10,2051
1,330
5,1531
1,354
3,1275
7,2625
10,2706
1,377
10,2717
1,385
1,493
1,503
1,408
1,425
7,6584
10,3408
1,423
2,686
1,256
9,3260
10,4651
3,1054
1,387
10,5316
1,502
4,1348
1,402
6,1562
1,249
1,623
10,2327
1,683
10,6734
1,247
6,2308
3,1236
10,3370
10,2245
6,2184
1,392
1,464
1,574
1,334
1,323
1,529
10,3350
1,467
10,3314
1,304
7,2264
10,7525
10,10706
1,440
10,3583
1,353
1,439
1,375
1,474
1,332
1,382
10,4066
1,609
10,2958
1,435
1,386
4,1367
10,2829
3,1068
6,1672
1,288
1,309
10,4120
1,378
1,299
1,389
5,1475
1,409
5,1368
2,1112
9,3220
10,3519
7,2421
6,2014
10,3216
1,378
1,259
4,1150
1,625
10,2347
1,355
2,822
1,1555
8,1898
9,1996
10,3123
10,4032
10,3376
10,2336
3,831
1,288
3,785
9,3221
1,641
1,264
1,360
10,2298
6,2670
1,401
1,255
4,2038
10,3264
10,3269
10,3052
8,2887
1,258
10,3138
10,3418
9,2560
1,264
1,365
10,3424
1,424
1,311
10,3357
10,3412
10,8119
10,3540
8,1957
9,2346
1,277
7,2244
10,3173
7,2055
1,251
1,438
5,1395
1,543
1,599
10,3395
1,517
10,2960
6,2035
9,2945
4,1256
1,459
2,665
10,3252
1,655
1,255
1,423
8,3304
2,856
1,368
10,3472
1,713
6,2051
3,1125
4,1543
10,3241
10,3000
7,2631
6,1722
3,1163
10,3293
1,421
5,1787
4,1508
1,345
8,2268
9,2722
10,3348
10,3056
7,2123
7,1543
5,1472
10,3279
10,2384
1,483
10,3350
6,2310
1,529
10,6253
1,557
10,2732
5,1911
1,468
9,2285
2,661
1,535
9,2477
3,1238
10,2421
3,1455
2,582
1,392
1,523
7,2884
1,608
9,2148
2,654
1,391
10,2452
1,447
1,268
10,3186
8,2467
10,2408
2,889
10,2134
3,1167
1,316
10,8394
1,412
10,2461
10,3493
1,286
4,1369
1,426
1,280
3,1919
10,2292
10,3373
4,1026
10,3106
4,1359
1,885
10,14719
1,430
10,3132
10,3922
1,355
10,2373
5,1777
1,345
10,4388
4,1537
2,1010
6,2131
8,2671
2,845
1,456
8,2865
1,317
10,3597
10,3207
1,382
7,1444
9,1894
2,451
5,1863
9,2469
5,1807
9,2577
1,694
10,4558
1,586
3,1117
1,313
5,2342
10,3058
1,266
1,477
2,467
1,505
10,3302
10,3081
10,3564
10,2865
5,1475
7,2363
1,565
1,526
9,3470
10,2845
5,1188
1,262
1,509
10,2105
1,272
7,2572
10,2972
10,2617
7,2277
9,2557
10,2853
1,558
10,3423
1,500
2,575
10,2287
1,269
1,348
10,2819
1,347
10,12514
10,3517
8,2222
8,3119
1,626
10,3418
1,523
9,1939
10,2404
10,3347
8,1928
1,282
1,290
10,2884
1,421
4,1663
10,3103
5,1610
10,2777
10,3049
8,3009
1,2001
10,2141
10,3564
5,1866
1,334
1,502
1,268
1,313
1,432
3,1399
6,2042
1,568
6,1651
10,2386
10,2231
1,535
10,3287
10,2757
8,2181
1,235
10,2164
1,247
10,3291
1,645
9,2471
1,376
1,379
4,1094
5,1767
10,2391
5,2141
10,2470
10,2276
1,546
1,268
10,2507
1,358
1,240
1,388
1,395
10,3244
1,365
10,3573
10,3031
3,1271
9,3004
9,2012
9,3417
1,416
1,271
3,806
1,359
1,246
1,386
7,2768
10,2287
1,288
10,2160
9,3167
9,3197
1,432
10,3000
2,865
1,414
1,232
6,1686
1,282
1,247
5,1499
9,3506
1,471
1,350
5,2071
10,3479
10,3244
10,6359
1,492
8,2912
1,699
1,226
9,3184
1,341
1,283
10,2967
6,1743
1,375
1,555
2,921
2,827
10,7629
10,3730
10,2361
10,2595
1,502
1,229
1,350
1,363
1,241
9,3317
1,508
1,348
1,301
10,3806
8,2211
10,2735
10,2905
1,845
3,1363
1,475
1,241
7,2540
1,353
10,2395
10,3308
7,3721
1,253
1,471
8,4729
1,669
7,2552
9,3113
1,607
9,3267
1,448
1,229
4,1523
10,3398
1,258
10,3607
9,3294
1,287
1,492
1,612
1,613
10,2441
10,3188
1,371
1,668
1,286
1,255
10,2344
5,1765
1,359
10,3408
1,1067
1,252
1,430
1,591
1,413
1,315
9,2799
1,351
5,1852
1,251
5,1758
1,450
9,3206
1,274
10,3618
3,928
1,343
1,389
10,6553
1,608
1,393
5,3804
1,356
7,2458
1,264
10,2054
9,2835
1,368
5,1591
5,1241
1,579
1,381
2,1028
1,437
1,409
1,253
3,1105
1,346
9,3221
1,271
10,2489
5,1963
10,3416
1,343
10,2395
1,532
1,369
5,2104
1,432
9,5391
1,248
1,520
1,437
1,376
2,864
5,1378
10,3419
10,3046
8,1714
10,3481
1,581
1,296
9,3305
1,522
1,587
1,262
7,2152
1,750
5,1405
1,459
2,806
10,3681
5,1811
2,876
2,726
1,555
10,3051
1,439
8,3066
1,448
1,255
9,6564
1,668
7,2340
9,2569
10,2617
10,3366
10,3149
5,1315
10,2329
1,551
6,2292
8,1979
1,3630
1,553
1,237
5,1448
1,293
9,2686
10,4264
10,3362
10,3436
9,2204
10,4646
5,1076
2,920
3,1177
10,3610
5,14328
1,603
1,248
1,376
10,2956
3,1046
10,4284
8,2059
10,3380
10,2951
10,3287
10,2251
1,362
9,2114
10,9323
1,425
1,576
1,306
7,2602
3,1159
1,329
8,2850
1,407
5,1523
10,3346
8,2159
10,3187
1,358
10,3236
8,2515
1,539
10,4007
1,365
9,3162
10,3385
1,351
9,3515
5,1770
10,3271
2,1034
10,3336
8,2179
1,307
4,1236
5,1998
2,902
1,617
1,286
1,458
8,1725
1,445
10,3577
9,2930
1,444
5,1342
10,3357
5,1900
1,259
7,2219
9,3163
1,368
4,5124
10,3185
3,891
8,2704
1,427
2,968
1,429
1,297
10,2808
5,1444
1,374
1,299
1,382
2,923
1,556
1,562
6,2192
3,909
7,2009
1,557
8,2623
10,3669
1,296
10,3264
1,594
1,250
1,370
1,373
10,3301
2,1149
9,3056
3,1130
2,574
10,2521
1,602
7,2316
2,877
1,317
10,2609
1,484
1,234
9,3212
9,2545
4,1422
1,332
7,6188
10,3308
1,466
2,608
2,540
10,10447
10,3013
1,286
8,2843
5,1797
1,244
2,774
5,1153
9,3569
2,629
6,10126
10,3218
1,446
2,610
1,548
9,3015
10,3736
1,258
5,1743
9,2564
1,365
3,961
1,311
1,443
1,464
9,6493
4,1376
1,415
1,433
1,582
3,1172
5,3578
1,313
1,670
10,2619
1,357
8,2561
10,2316
3,1333
5,1828
3,1078
7,2406
1,267
3,900
1,499
1,543
9,3748
1,290
1,1411
10,3425
1,460
7,2680
10,2058
7,2460
10,3417
1,573
10,2773
1,404
9,2925
1,541
5,1648
1,454
1,305
1,309
1,315
1,363
10,2424
10,2191
9,2139
5,1908
2,901
1,593
1,312
1,284
1,361
3,1278
10,6966
1,274
1,427
10,2377
1,421
8,2945
10,2239
6,1661
4,1375
1,412
10,2481
1,277
10,2085
1,505
9,2242
1,487
10,3072
1,431
1,264
1,367
7,2403
5,1384
1,408
10,3467
3,888
9,2904
1,262
10,3358
2,705
1,532
1,468
10,2368
1,300
1,393
1,515
10,3162
10,3012
9,3072
4,2074
8,2075
5,1146
1,321
10,2889
8,2637
7,2501
1,406
5,1858
10,6851
9,2358
1,345
3,1153
9,2908
7,2502
8,3088
2,819
1,405
1,268
10,2403
10,2401
5,1879
8,2634
9,3252
1,526
1,449
5,2162
10,2329
10,2291
1,618
7,3005
4,1442
10,2654
1,349
7,1467
4,996
9,3238
1,655
2,587
1,425
1,347
9,3528
5,6268
1,539
1,599
5,4448
6,1477
10,5608
7,2282
10,3277
6,2290
1,522
1,513
10,2764
1,407
5,4676
9,6991
8,2732
1,385
1,636
1,15042
10,2989
10,7819
8,1853
9,2145
10,4216
1,543
1,405
1,388
1,394
1,356
10,3070
2,744
1,432
1,513
7,9701
9,1943
10,2374
4,1229
1,353
9,2000
1,487
1,523
1,335
1,375
1,318
2,699
10,3209
1,382
1,445
2,794
7,1561
5,1694
10,2915
1,257
8,2897
1,374
1,726
5,1273
1,732
1,335
10,3361
9,3199
1,392
3,1069
3,1081
8,2815
9,2250
9,2957
1,264
6,2134
1,441
1,581
8,1833
5,7353
10,3246
7,2358
10,3466
1,259
1,756
1,458
10,3059
1,350
10,3329
1,277
4,1132
1,534
3,1270
9,3190
9,2449
1,371
5,1843
5,1949
1,270
1,947
7,2468
6,2147
1,236
6,2084
1,230
10,2221
1,430
5,1940
5,1815
10,3783
1,425
8,2704
1,421
1,369
2,965
6,4760
4,1074
1,242
2,815
1,232
10,7157
2,777
5,1593
1,476
10,3028
1,482
3,871
8,44382
1,336
1,530
2,4989
1,534
1,232
4,1426
1,209
2,3750
1,449
1,444
2,1600
9,3772
3,1226
10,3527
1,19593
1,322
1,1274
2,862
1,495
1,248
6,1792
1,299
6,2670
1,348
7,2823
10,5976
5,5397
4,1420
4,1693
1,449
10,2664
1,448
1,6786
1,600
1,247
10,3583
1,289
8,2992
1,347
5,1739
10,2418
10,2366
9,2811
1,694
2,19810
10,2362
1,354
1,3830
1,416
1,233
8,3502
1,262
10,3467
1,269
7,2277
10,2972
10,4440
9,3107
9,3010
1,12323
5,1577
6,1844
2,743
1,388
1,220
6,2604
10,2167
10,3494
1,418
9,2521
10,3403
4,1469
8,1958
3,1308
1,412
10,2117
1,529
1,545
1,308
1,211
10,3439
5,1846
4,1386
3,874
5,1794
5,1917
1,414
2,469
7,2249
1,475
10,2429
2,14949
4,1589
1,302
1,249
8,2693
10,3327
2,1020
8,2270
9,3401
9,2690
3,963
9,2463
9,3052
1,433
5,1313
3,9042
9,13400
1,403
10,3188
2,803
2,715
8,13967
4,1152
3,1419
8,2721
9,4290
7,2492
6,2102
1,352
1,485
8,8653
3,706
1,347
10,3027
10,3706
10,2158
1,667
6,1863
1,396
1,565
7,2520
6,2160
9,3233
1,433
9,2093
4,1208
1,487
10,2593
5,1691
10,16793
10,3380
1,667
10,2743
2,842
1,423
9,3011
7,2784
1,448
1,429
5,1763
4,1309
1,565
1,282
10,3227
4,1726
5,1332
1,600
9,2318
1,502
1,493
6,1850
1,356
7,1968
1,445
1,381
9,2498
8,2889
10,2262
2,536
2,918
8,2358
1,762
7,2536
3,1136
1,307
9,2708
1,504
1,532
1,423
10,2418
10,2239
1,417
5,1879
10,3556
8,2798
1,474
1,705
10,3330
8,2547
1,355
1,837
3,1045
1,395
1,528
10,3114
8,1994
3,1139
2,929
5,2123
1,1286
3,786
1,27464
6,2211
4,1582
1,346
7,2564
2,793
1,404
2,748
10,5703
7,2526
1,341
10,4616
8,2864
1,1207
1,555
2,18831
4,1618
10,2637
1,372
3,1665
1,498
1,499
8,2515
5,2155
6,1771
1,482
10,4023
1,696
1,567
9,2954
1,646
9,2183
6,2263
1,357
1,397
3,820
3,832
1,325
9,2390
10,2374
1,574
5,1998
10,3447
1,617
2,681
1,1277
10,2795
9,2395
1,434
1,490
2,523
1,397
2,857
10,3273
5,1986
1,544
8,3638
9,2368
1,607
10,3541
8,3028
8,3002
10,3211
10,2682
1,403
8,1693
1,444
5,1952
10,2256
2,913
1,435
1,708
1,355
1,473
10,5146
1,562
6,2343
7,2407
1,488
2,3392
4,1103
1,421
7,2500
1,464
10,5559
1,783
1,532
5,1911
1,713
7,2710
2,673
2,4140
1,613
8,2895
1,319
6,1922
2,729
10,3314
1,449
8,2837
8,20476
8,2875
10,2968
1,485
10,3598
1,490
10,11907
10,3356
3,1234
1,312
10,2632
1,520
4,1677
1,610
10,3569
6,2407
2,944
10,3247
1,848
9,2676
1,471
1,711
1,559
4,1160
1,269
9,2500
1,672
5,1848
1,651
10,3395
2,869
5,1794
9,3127
1,665
10,3366
8,2723
10,7760
6,2185
1,429
1,296
1,309
1,491
1,324
1,545
5,1854
5,3967
2,647
5,1883
5,1943
8,3268
5,1786
8,2918
1,367
2,900
1,429
1,318
1,450
5,1936
1,514
8,2957
8,2769
1,567
10,3306
1,469
1,665
1,332
4,4681
1,386
7,2117
1,308
1,261
4,1268
4,1556
1,473
1,588
7,2415
10,3946
1,564
8,8747
1,563
10,3807
2,957
1,382
2,636
10,2273
1,383
2,878
1,18661
1,286
2,997
10,3392
5,1979
1,528
1,1342
1,555
4,1465
1,677
1,563
7,2474
1,1206
1,326
3,1114
2,748
1,413
1,612
8,2687
4,1334
1,413
5,1659
1,654
10,4866
1,622
4,1047
6,5259
1,253
1,414
8,1773
8,65549
1,410
2,885
5,1829
10,3404
1,643
1,479
1,590
1,2411
1,572
1,268
9,3246
1,357
7,2236
6,1787
1,729
9,3350
1,655
10,11669
1,567
1,511
10,2797
1,525
7,9609
1,27263
1,358
3,1149
3,1048
1,291
10,2230
3,1092
5,2453
1,567
2,716
1,391
1,443
4,967
1,511
5,1941
2,33369
1,250
8,2276
8,1774
8,1940
6,1573
2,863
3,2080
1,375
3,1180
8,2924
1,307
4,1332
1,1076
1,3720
1,526
1,278
1,424
4,934
1,315
9,2103
2,717
2,998
1,450
8,2783
5,2333
1,482
10,3380
1,425
3,1210
1,390
8,2214
2,881
9,2192
6,1484
8,1955
7,2225
8,2941
1,520
2,861
7,2231
1,428
3,1068
1,512
2,936
1,589
10,2225
3,1124
10,2312
1,375
7,5864
1,484
7,2237
1,455
1,519
4,2540
10,2696
1,343
10,4448
1,334
2,805
6,3911
4,1080
7,1922
1,380
4,1446
9,2954
9,3338
1,465
2,849
1,414
1,282
5,1471
3,1307
6,2139
1,437
2,1102
6,1441
6,1801
10,3163
1,295
6,18975
1,609
5,1693
5,1949
1,768
4,1814
7,16077
9,3550
7,17446
8,16658
2,8086
10,2913
10,2838
4,1078
10,2605
7,32299
5,1304
1,318
8,3898
1,491
3,1137
2,2514
1,423
7,19452
1,562
10,3619
9,3385
10,2431
2,687
5,1903
3,1063
7,2644
1,736
8,2823
1,400
9,3056
1,1262
9,3029
1,21000
1,539
10,7475
10,2205
5,1797
5,1832
2,966
4,1476
3,1145
2,820
2,775
1,507
1,250
7,1872
7,4483
2,30040
10,5971
4,1493
8,2101
2,965
8,2791
10,3333
8,3391
2,658
7,2407
6,2036
1,403
2,748
6,2055
7,2074
9,9604
4,1355
8,3874
7,1792
10,3575
10,4237
10,3245
3,1152
1,231
5,1905
1,570
1,374
8,1849
1,640
9,3005
3,1105
1,354
1,21541
6,1559
10,3663
10,3576
10,3459
1,364
1,426
1,547
1,467
1,386
9,3331
2,885
1,401
4,1496
5,32344
1,621
4,998
10,3783
10,21720
1,655
2,828
3,952
1,568
4,1483
1,378
6,1483
2,728
1,484
2,50660
1,486
8,2574
1,528
10,3332
10,21577
1,495
8,6478
8,2500
4,1331
10,5223
1,375
1,464
2,1484
3,1044
1,353
5,2147
5,21331
1,456
8,2982
5,2113
10,5362
1,417
4,991
6,2578
1,939
1,381
7,2481
7,2640
2,743
8,3033
7,2377
5,1675
1,319
5,1635
2,913
8,2354
1,430
6,1603
5,1992
1,553
3,1270
9,2786
9,3316
1,399
8,2619
8,9550
10,35526
1,352
1,434
1,679
1,539
1,391
10,2808
7,2760
8,2612
6,1942
1,451
4,1406
3,1202
3,1110
5,1738
1,32511
1,271
1,366
8,2927
5,4603
1,378
9,2970
4,1496
5,1644
7,15942
2,764
3,1720
8,2164
1,479
10,41123
1,25103
1,358
1,567
2,980
1,550
1,395
10,3587
1,329
1,418
3,1139
2,624
8,55270
4,1051
1,488
1,502
10,24917
1,373
1,460
2,852
1,457
1,418
7,2409
4,5789
1,419
2,793
1,469
3,49781
6,1436
2,747
2,685
4,9582
1,349
1,530
5,1855
1,624
1,501
6,1631
10,69271
1,400
2,862
8,2565
1,364
10,3198
1,554
1,367
8,33263
1,308
1,506
1,599
1,641
8,2507
4,1297
3,1223
1,486
2,3582
8,2541
2,751
9,2898
1,448
8,2486
1,530
1,290
1,569
10,4173
2,1067
1,764
10,3246
1,509
1,472
6,2363
3,851
1,318
10,2379
1,348
9,2906
5,2139
10,3045
1,449
1,491
1,550
1,499
10,2177
7,2680
3,1251
3,1053
4,1132
3,978
7,1616
1,409
2,619
5,1682
10,2826
1,694
1,358
1,519
5,2416
1,676
6,2685
2,758
4,2411
6,1592
8,2586
6,2317
1,519
2,857
3,1019
5,2050
10,3372
1,462
10,3929
5,1695
1,370
2,889
1,396
8,2842
10,3351
1,438
4,1349
1,594
6,18878
2,136144
2,760
1,347
1,381
1,463
1,511
1,403
2,698
6,2082
3,1118
9,1863
6,1938
10,3272
1,496
7,45711
4,11690
10,3119
1,652
4,1885
8,18773
2,835
1,379
1,571
2,858
8,2622
7,2768
5,1228
1,402
4,1501
4,1586
1,438
8,3056
1,612
1,459
1,434
6,2054
1,247
6,2050
2,859
6,16593
6,2228
1,521
1,271
6,2346
3,987
7,14459
1,702
8,4025
5,1752
5,1838
2,820
1,262
2,763
4,1449
5,4150
10,3021
5,1709
1,282
1,687
7,2367
1,80665
5,2150
2,771
10,5052
1,448
10,3284
1,303
3,1707
4,1380
5,1852
4,1282
1,409
1,14593
5,1643
1,20255
2,789
10,23039
1,487
8,2714
10,3283
5,2111
1,307
9,3063
10,3485
2,792
1,652
1,1260
1,485
10,15875
3,27859
2,653
8,8693
4,1375
5,1323
4,1578
5,2046
1,300
4,1374
10,3689
1,353
1,295
1,405
1,331
8,2815
1,627
2,757
2,820
5,1766
1,453
6,2029
8,2465
1,246
1,563
8,2816
10,8517
1,326
1,430
1,298
5,1892
1,522
6,2071
1,518
10,3494
7,2105
5,4176
8,3382
10,3233
1,448
10,10670
8,2674
1,514
7,2207
1,303
6,2500
1,426
1,350
1,541
1,477
1,371
1,661
10,47976
8,2640
1,478
8,4700
7,2902
1,282
1,415
1,306
8,14391
1,733
5,1597
5,1812
7,2279
1,516
5,1811
1,1405
6,7470
1,434
6,2093
5,1729
1,275
8,2576
1,448
10,6321
1,511
9,6018
1,420
8,11107
1,2022
4,1332
2,1099
10,3311
8,8409
6,1909
5,1758
1,500
7,6678
10,2311
7,26229
1,622
2,701
10,3455
3,1113
1,443
4,1344
6,3421
10,3280
3,1124
7,2247
10,16380
1,247
1,353
2,853
2,854
8,18796
1,337
6,2187
4,1471
4,8179
1,364
2,1213
4,1440
1,429
6,1509
8,15370
1,233
10,8737
10,5681
3,1371
1,559
1,489
4,1344
2,852
1,344
3,1105
5,1852
2,727
1,572
6,1596
3,1295
1,291
1,374
10,3142
2,964
3,1269
1,511
5,1722
1,425
2,820
1,460
2,1340
1,481
1,562
3,1342
1,452
10,2909
5,1670
10,3263
1,548
1,435
1,428
10,3320
7,1797
1,1186
7,2552
8,10797
1,424
8,12421
10,3555
1,518
4,1457
10,3273
9,6681
2,895
1,445
1,440
5,1813
2,782
3,1138
6,1881
4,1824
8,2603
1,475
10,3615
8,2448
2,866
1,436
8,3206
5,1872
4,1394
1,436
7,2528
6,1996
6,2418
2,969
10,7223
2,798
3,1510
4,1397
1,459
10,3723
5,1934
1,499
4,1554
3,1598
1,406
4,1413
2,818
2,991
2,2659
8,2811
1,485
1,538
1,607
1,514
10,4901
2,1404
1,478
2,2954
5,1627
7,4172
1,551
2,850
8,2844
1,465
8,2859
10,3257
1,421
10,2874
2,28553
10,4072
3,1776
1,660
8,5681
6,39101
4,1308
4,1151
1,464
2,5541
7,2405
5,1706
5,17392
10,3827
1,377
1,458
6,2195
1,735
8,5225
1,6596
7,2436
8,3697
1,461
7,2310
7,2429
3,1034
3,9135
4,1307
5,1893
1,454
5,2874
8,6791
2,828
5,1773
6,8832
10,3336
8,2779
1,493
9,2852
1,355
9,4096
1,564
5,2005
6,11080
1,260
1,375
1,594
2,939
1,432
8,2863
5,1730
1,491
1,444
3,1129
9,6967
4,1317
2,1028
10,3011
1,571
1,282
1,399
2,932
5,1651
2,711
5,1761
8,34541
3,1409
1,398
4,1676
4,1213
1,414
1,401
5,1910
2,742
1,386
1,493
4,1771
6,2123
4,1419
9,3048
6,20128
5,7593
1,381
8,2703
3,17371
8,4099
6,2063
1,347
8,2676
10,2183
1,401
8,6775
1,504
10,5675
8,2586
7,2435
5,1617
1,375
1,509
8,21719
8,2606
2,799
8,4625
7,2259
1,254
1,416
1,362
8,3533
5,9238
6,1920
3,1174
2,664
1,579
3,967
2,13497
3,1084
1,475
3,1281
10,3522
1,267
1,518
2,999
4,1602
10,3146
3,1118
2,1822
7,2528
3,1101
8,2643
4,1466
1,3498
1,471
4,1459
5,6049
1,377
5,2253
5,2056
5,1801
5,3925
2,725
8,2657
10,3518
1,358
1,496
5,1666
1,473
1,396
1,2074
8,2710
4,1160
2,933
1,551
8,2287
7,7042
1,395
1,530
10,5700
7,20441
1,487
6,1977
2,665
1,389
1,443
2,1048
1,509
6,9928
10,3422
8,2924
8,2535
1,492
4,1440
5,14213
1,363
7,2291
2,774
1,406
1,429
1,461
3,1143
2,710
1,513
1,644
2,852
1,386
1,477
2,802
8,2745
2,707
1,388
1,340
1,449
1,410
7,2382
7,2404
10,2601
8,2932
4,1599
9,3233
1,377
1,505
2,823
5,1886
1,388
2,721
7,2403
1,407
1,362
1,374
1,541
1,704
4,1514
5,7186
3,4956
3,1471
1,497
5,1766
1,441
2,5279
1,387
8,2585
1,427
1,472
7,33365
2,1134
8,2012
10,3302
7,5773
6,1991
1,726
1,418
6,2047
8,51706
1,461
1,506
1,495
1,379
10,3328
1,400
4,1355
8,2857
3,5617
1,9112
2,1164
1,562
4,1319
6,2154
1,472
2,656
1,408
10,18010
1,943
3,1213
1,396
6,2146
9,2178
9,2942
10,23486
1,1154
4,1458
1,368
8,2806
2,826
6,13838
1,366
1,487
7,2554
2,658
1,559
8,3246
8,1887
6,2010
5,2165
2,752
1,431
1,370
2,864
3,1045
1,471
1,683
5,2792
1,435
8,2516
1,411
1,559
10,3629
2,896
1,689
1,363
1,425
1,427
8,2660
1,3518
3,1156
1,659
10,3366
4,1451
4,1732
1,444
3,1021
9,6795
2,912
3,3642
1,371
1,421
1,402
8,2990
8,2454
9,7801
1,415
8,2557
5,1743
4,1382
1,398
2,1114
2,632
10,3657
8,47794
1,485
1,385
10,5863
5,4478
1,475
4,1546
4,1461
8,2472
6,1944
10,3922
2,2333
4,1449
2,615
2,698
1,570
1,462
1,449
2,762
3,1198
2,910
8,2616
6,2057
3,866
2,814
7,2641
1,353
6,2196
1,405
4,1457
1,522
1,435
1,387
6,2353
8,2793
1,446
5,1925
2,783
2,598
1,467
8,8526
3,1168
8,2859
10,2476
4,1491
1,388
1,418
1,349
4,1447
2,768
1,409
8,7162
3,4988
6,28189
3,1147
6,2467
2,2445
2,785
10,2241
10,4081
1,502
1,373
2,992
10,3398
2,919
1,560
3,16078
1,400
1,28841
6,2255
6,2184
6,11272
3,1074
8,1857
8,2847
1,570
1,419
1,568
10,3389
1,482
1,472
6,2311
7,2518
1,501
10,8946
6,2116
2,1531
6,2129
10,3499
10,3885
1,386
1,412
7,2738
8,2758
1,543
1,454
5,2018
8,6851
1,372
10,3374
6,1695
1,556
1,692
10,3128
10,20670
1,457
8,2748
2,955
10,3627
1,472
1,362
5,1953
6,2051
1,343
5,5478
7,2822
6,2196
9,3068
1,534
6,3238
1,438
8,2746
2,924
6,2153
1,397
1,352
2,672
10,3221
1,423
8,2631
4,1477
9,3303
1,604
10,2074
8,12237
1,385
2,662
2,922
6,1535
1,395
1,518
7,2502
8,2673
1,453
7,15489
10,2885
4,1157
8,15402
1,252
6,1588
1,410
10,8386
1,472
6,1512
1,528
8,3046
8,2728
2,979
1,1513
1,511
10,3417
8,18952
1,508
1,232
1,541
2,19510
10,4164
7,2985
6,1772
1,388
2,690
10,4228
3,1136
1,634
2,998
10,2572
1,3695
1,473
1,219
1,382
6,10360
10,3370
9,3132
10,3113
1,549
2,808
5,2017
8,4095
1,454
3,1165
10,2623
3,19761
1,596
1,252
1,704
2,791
10,11279
3,1218
7,2044
1,444
8,5668
10,3140
1,714
2,873
6,2091
4,1412
3,1069
2,1049
1,388
1,328
7,11976
8,2655
8,2882
10,3317
1,468
4,1431
8,2867
2,958
2,817
5,1657
3,832
5,1788
1,631
10,2099
1,250
1,424
6,1397
3,1352
4,974
2,3281
8,2580
2,690
6,2618
2,700
2,680
2,616
6,1779
1,609
1,550
1,273
7,3106
6,1326
2,776
10,3657
10,3445
10,7807
3,1060
1,795
4,1336
8,2700
1,336
5,1823
1,391
1,632
1,624
9,3040
10,2398
8,5358
4,1718
2,706
2,862
7,2298
5,1750
8,2817
4,1072
1,424
3,1138
1,630
1,459
1,445
4,1537
7,1675
1,491
4,926
4,1533
6,2135
1,512
8,2740
9,12417
10,3330
1,408
1,327
1,490
1,440
1,297
3,1322
6,2405
4,1569
3,701
10,3458
8,7343
1,505
2,7042
3,1081
8,2322
1,397
8,6001
10,2603
2,865
1,407
8,2663
4,1288
5,1691
1,339
10,3991
2,975
1,530
2,8014
8,2889
5,1709
1,498
7,8257
2,702
3,1596
10,2655
3,1129
10,3638
1,591
1,251
8,2954
2,1087
1,432
4,1513
6,1929
3,1093
1,373
10,3310
8,2843
8,2893
6,1607
2,792
10,3225
3,1163
1,228
10,9760
8,2063
1,416
8,2006
8,2731
8,6551
8,2395
10,3411
4,1487
1,518
6,1959
5,1815
4,1103
6,2121
1,348
8,2738
2,926
1,415
3,1074
2,643
2,687
1,246
5,1615
4,1510
7,1867
4,1630
5,1916
3,897
8,3156
1,309
6,2156
4,1539
1,382
9,3244
7,1913
6,1985
1,326
1,573
10,3604
5,1667
10,2872
10,18020
4,1254
7,2390
1,293
6,1766
10,3679
1,410
5,10463
2,798
1,403
1,244
5,17511
10,5106
8,2286
10,3405
1,422
1,452
10,7091
1,309
10,2212
10,3203
1,401
8,2710
2,1177
1,419
1,241
3,1187
8,2649
7,2231
10,2856
3,1771
10,2834
6,1986
1,278
6,1580
8,3027
1,383
2,968
10,3103
1,383
8,1848
7,2094
6,2330
2,883
4,1220
6,2475
1,252
10,7388
1,413
10,3306
10,2994
1,295
6,2209
4,1577
1,409
2,977
2,783
6,2192
9,3406
6,2043
8,11003
1,430
5,1820
1,428
4,1511
8,2771
2,950
1,541
1,460
1,386
8,2087
1,484
6,2127
10,6836
9,2476
7,44820
8,2743
2,870
6,1479
7,2110
10,3492
5,1805
3,1330
10,3185
1,362
10,3270
8,2656
6,1463
3,1141
2,1067
5,1669
1,237
7,2418
8,1938
10,2983
1,412
3,1474
1,385
1,412
1,352
9,2862
1,425
6,1807
5,1405
1,352
3,2651
1,283
1,439
2,658
4,1487
6,2319
6,2315
1,387
10,4259
1,527
8,1621
6,6392
10,3360
2,1138
4,1144
7,2351
1,236
1,402
1,627
10,3475
1,448
1,522
1,371
10,3175
1,367
10,3323
1,426
4,1659
7,2846
8,2582
2,11142
1,259
1,458
4,1162
3,852
1,503
8,2603
1,392
1,354
1,462
2,1269
1,394
7,2054
7,2560
8,2774
5,25135
1,273
3,1013
8,1947
1,393
1,521
4,1324
1,391
1,440
10,2309
1,509
1,368
10,2942
6,2151
9,2326
8,4109
1,462
1,464
2,697
1,279
1,673
8,5326
1,362
8,2810
2,723
2,724
1,412
10,3035
3,1189
10,2524
10,71955
1,292
8,2271
9,2595
1,467
1,626
3,1383
1,467
1,325
10,3450
1,727
1,363
4,1083
10,5335
1,330
1,588
2,571
1,427
8,2802
6,1931
1,401
5,1743
1,390
10,6257
2,858
10,2885
1,419
4,1065
3,1100
8,2681
1,543
1,269
1,392
9,3720
1,313
1,338
9,3036
1,367
8,4563
4,1636
8,2715
1,353
3,816
10,5948
9,2648
1,459
2,813
1,348
10,2760
1,263
1,326
2,898
10,3280
1,417
4,1479
10,2833
1,387
1,515
1,433
2,920
1,465
8,1781
1,441
2,1188
1,282
1,403
6,2747
7,2291
6,2650
8,2113
9,2692
2,864
1,365
6,2151
2,664
1,386
8,2729
1,567
1,453
1,298
6,2059
10,3662
2,3755
1,816
8,2757
10,3401
5,2144
1,352
1,626
1,516
1,387
10,3110
1,386
10,2455
1,464
3,1205
3,1247
4,1019
1,503
10,3228
10,4280
3,1182
1,314
1,589
1,462
1,400
9,2640
1,351
9,2189
1,431
4,1242
2,988
10,3405
1,541
6,2057
10,3763
2,814
1,297
10,3297
1,380
1,444
10,2479
2,809
9,2310
1,398
7,1835
4,1538
10,3610
1,374
6,2114
2,947
8,2650
1,511
1,728
1,397
1,347
2,703
2,726
10,3498
2,801
7,2217
4,1372
10,3719
6,1794
6,1883
3,1067
2,659
1,414
1,487
1,337
1,503
1,720
6,1945
10,2400
1,473
10,3218
10,3062
8,7145
6,1410
6,1449
1,474
4,1572
1,487
4,1534
1,433
1,378
10,2267
1,444
10,3428
10,2435
10,2614
10,9950
6,1973
4,1216
7,2521
1,473
8,2532
1,516
1,631
1,302
2,1013
8,1800
5,1587
10,3508
4,1276
10,2367
7,2309
6,1741
7,2324
10,6317
1,586
5,1911
1,348
1,672
1,270
2,1067
9,2451
2,645
1,613
8,2066
3,1359
10,8164
6,1383
10,3092
4,4082
1,321
8,2769
8,2841
1,534
1,303
4,1356
10,3420
3,1081
1,517
8,2148
8,2121
8,3343
6,1553
10,2726
10,3588
1,446
2,1708
10,2289
1,578
1,296
6,4673
9,1991
8,2599
1,497
8,2359
2,639
6,1897
10,3078
10,3143
10,3339
1,660
6,2196
2,549
1,534
1,729
2,10937
10,3402
8,2733
1,296
10,3400
9,2736
6,2373
7,2045
4,1289
10,2254
9,3115
10,3294
1,483
4,1462
10,10459
8,16557
10,2630
5,1794
1,312
9,3083
1,359
1,506
4,3174
3,929
4,1002
1,324
2,674
10,2862
3,959
10,2625
8,2755
2,572
9,2824
1,624
2,775
2,711
1,279
10,2368
6,2635
3,890
1,473
2,796
2,948
5,1379
1,391
10,10305
1,536
3,956
1,374
2,645
8,2644
1,268
10,3528
1,393
1,494
1,405
4,997
9,2144
2,933
9,2533
6,2090
1,475
7,2378
1,510
10,2461
8,2800
1,316
4,1481
2,559
1,299
1,288
10,2463
8,2158
8,2495
10,2715
3,4096
1,372
3,1166
1,321
10,2808
8,2399
1,313
4,891
8,1840
1,418
7,2512
10,2597
8,1841
7,1724
10,3263
2,1121
10,3525
10,3782
1,478
9,2098
1,362
1,294
3,1155
4,944
1,420
1,645
10,3502
9,2798
10,3324
9,2415
8,8955
1,345
2,833
1,761
10,2405
10,3767
1,516
1,398
10,2099
1,372
6,2201
8,17001
1,515
7,1530
1,341
10,3479
1,409
4,940
1,485
10,3122
10,3787
1,481
1,418
8,2725
1,399
10,3505
8,3992
2,682
10,2641
7,3201
10,3887
9,4173
10,2216
7,2999
10,2628
9,2274
1,387
6,1640
1,395
1,383
8,2638
10,4981
1,516
5,1424
3,1306
3,1291
1,280
10,3207
5,1624
10,4200
2,664
1,360
1,248
1,255
1,321
5,1600
6,2343
10,3294
8,2851
8,2884
2,914
1,468
10,3607
3,1009
1,234
1,327
6,1522
8,2033
1,300
1,404
10,3581
6,1937
8,1851
3,828
1,484
4,1429
1,399
10,3388
1,512
1,505
1,307
6,1707
1,390
10,2227
6,1584
4,1526
1,476
9,2107
2,451
3,1064
10,2915
1,354
8,2756
3,1021
1,664
1,254
10,3110
1,259
1,317
1,327
2,702
1,502
9,2585
3,2166
6,3250
10,3030
1,263
7,18292
6,2160
1,539
1,239
4,1248
1,254
8,2457
1,317
5,2491
1,616
10,2658
10,3414
5,1994
10,3465
1,243
6,2010
5,1857
1,446
1,349
6,1997
1,286
1,564
9,1935
7,2677
1,327
10,3733
7,2597
8,1881
8,2539
3,1033
1,351
7,2432
7,2302
2,568
10,3558
1,274
9,3117
9,2104
6,2035
1,370
10,3584
4,5470
2,908
7,7953
1,341
1,441
7,3794
1,465
1,539
10,3193
1,438
1,318
4,933
7,2349
1,559
2,890
10,3888
10,8509
6,2011
1,374
1,376
9,11524
1,325
1,499
6,1567
1,308
1,564
8,2119
10,3361
1,387
1,413
7,2759
9,3190
1,366
1,365
1,365
4,1501
1,370
1,386
4,1035
2,553
1,546
9,2504
10,3162
1,636
1,594
3,1506
4,1447
1,346
6,2343
1,391
3,1169
1,512
1,347
4,9911
1,349
2,905
8,1848
6,2005
1,323
1,340
1,610
7,17801
1,291
7,2601
1,569
10,4876
1,440
1,352
4,1399
9,2160
1,420
1,605
3,7096
1,310
1,698
1,626
5,1695
1,367
10,3348
1,359
7,2687
1,258
9,2329
2,807
2,499
10,3035
2,552
10,2611
4,1249
1,481
6,2624
2,866
1,414
4,1368
1,355
7,2847
3,1226
10,3146
1,495
4,1310
1,331
10,2319
4,1532
6,1705
1,636
9,3236
1,533
1,371
9,17394
1,347
7,2683
1,495
1,393
10,2428
8,1747
2,590
1,475
3,1341
10,2203
1,533
1,424
1,369
1,395
9,9537
1,285
10,3572
8,2788
10,3583
8,1858
8,2370
9,2403
2,857
3,1119
7,2468
1,556
1,581
1,606
1,604
7,1990
6,1802
7,6098
3,1278
10,3378
9,2326
9,3549
9,2260
10,2411
1,424
10,3267
1,548
1,629
1,827
1,262
10,3278
6,2250
6,2225
6,2609
10,3413
8,2151
1,757
1,423
9,1898
4,1467
10,3086
9,3237
10,3400
1,499
1,273
7,2414
7,1915
10,3470
5,1734
10,2252
8,2827
10,5661
10,2356
10,2999
1,467
4,1064
1,439
1,32599
1,605
6,1395
10,3304
6,1444
3,1146
7,2702
9,3329
9,2815
2,642
10,3572
10,3125
4,1266
3,774
1,531
1,555
1,664
6,1478
7,10854
10,3207
3,5606
10,3896
3,1159
10,2826
10,3214
10,2321
10,3250
1,1194
6,1896
3,1383
1,501
1,971
7,2360
3,917
4,1309
3,1209
9,3178
8,3029
2,487
9,1994
10,3994
10,3172
1,351
2,660
10,6910
1,466
1,508
10,2854
6,1366
10,2691
3,954
2,1190
1,447
1,535
9,2139
1,555
10,2403
1,248
1,385
1,406
1,478
1,605
4,1624
3,1135
4,1080
1,782
4,2012
1,387
2,670
10,3159
7,2539
1,495
1,258
4,1033
8,2215
1,421
10,3657
10,3318
3,1127
3,937
1,828
5,1678
1,384
1,474
10,3006
3,1179
1,453
1,449
9,2123
1,519
1,504
7,3132
4,1731
4,1145
4,935
1,548
6,1683
7,2719
1,531
10,3641
1,296
1,409
1,376
8,2217
8,2660
4,1286
2,945
10,3303
6,2043
6,1863
1,784
7,2889
5,1784
1,299
10,3495
3,1113
1,401
1,373
8,1849
5,1785
1,522
7,2562
3,1029
1,406
2,767
4,1682
7,1766
7,2595
1,270
1,478
7,2308
1,576
1,434
8,1716
7,2462
8,3130
6,2069
6,1528
1,521
1,494
1,408
10,3332
2,951
1,298
1,502
1,401
1,375
7,2478
10,2202
2,870
10,3476
3,1039
2,836
4,1413
10,3234
3,1413
10,5964
10,4624
1,386
1,474
10,3203
1,418
6,1961
1,447
9,2864
5,1722
10,4442
1,585
1,373
4,1232
1,521
3,2959
9,3514
1,266
1,414
5,1975
1,367
8,2043
9,2206
2,1046
6,2058
8,2231
10,2834
5,1597
8,2742
1,492
4,1753
3,1299
1,327
1,415
1,775
1,425
5,1729
10,3246
5,1559
10,3339
3,1260
4,1295
1,415
8,2188
1,489
7,10506
9,6213
1,386
1,348
1,435
1,964
7,2306
2,739
7,2568
10,17341
4,1156
10,3235
4,1535
10,2014
1,457
10,2747
5,1955
1,423
8,3259
1,409
1,793
10,3200
2,519
6,2184
9,2656
3,1379
8,1749
1,450
8,1633
1,621
3,1096
1,393
10,2432
1,325
10,3375
8,3212
10,2480
10,2241
7,2885
2,911
5,1788
8,2530
1,435
9,3077
10,19430
3,983
1,543
9,2658
6,1530
1,476
1,406
2,1030
1,639
10,3454
4,1565
3,3330
10,2100
1,334
10,3246
2,12693
1,440
1,574
10,2640
1,420
7,2209
9,3060
5,1785
1,336
10,18325
6,5982
7,2306
8,2217
1,539
2,806
7,2507
1,485
1,561
9,3556
1,385
9,2982
8,2892
3,1521
1,275
3,2047
5,2018
2,841
9,2241
1,431
2,816
2,829
1,577
1,465
10,2904
1,530
1,397
2,653
3,1699
1,251
6,2293
4,1331
8,2801
2,599
1,263
1,409
7,1939
3,1103
1,413
10,2909
1,475
3,1278
7,1805
10,5486
1,248
7,2297
10,9981
7,2789
2,658
2,614
1,356
7,2434
1,404
1,288
8,2517
1,373
1,355
8,6167
4,1797
1,265
4,4374
4,15457
10,3274
1,560
6,1863
1,364
2,588
1,455
1,376
1,441
3,893
9,2845
5,1733
10,12157
1,269
3,1306
1,458
10,2606
1,299
2,574
1,309
8,2216
1,553
1,430
1,373
8,2111
5,1800
2,1165
7,2601
1,391
3,1621
8,4454
7,1577
1,280
3,891
1,233
8,2207
1,705
1,594
2,920
1,277
1,337
3,1052
7,2746
1,249
1,452
1,571
5,1711
1,246
5,1175
1,278
3,1075
1,505
7,7121
3,1259
2,511
1,546
2,621
6,1996
1,398
1,578
1,582
8,2315
1,555
7,1608
1,287
3,942
1,534
6,2302
1,714
1,402
1,3141
5,1807
9,2948
9,2015
4,1579
1,604
2,651
1,290
8,2643
1,411
8,1987
1,477
3,1775
10,2442
4,4920
1,608
10,2989
10,3208
10,2657
1,2499
1,610
3,758
1,273
10,2271
1,403
3,1275
2,824
4,1288
7,2311
5,1872
7,2353
7,2679
3,1116
10,3415
1,447
1,619
3,1204
1,406
8,2003
1,350
4,1475
7,2428
7,2436
5,1381
9,3037
7,2465
7,2347
1,347
10,3278
1,627
1,499
1,381
1,288
7,1943
10,2375
10,16179
2,804
10,7790
8,2763
2,701
3,1063
3,1023
1,347
10,3572
1,529
1,514
1,614
1,257
3,865
8,2066
10,3416
5,1457
6,5258
7,2479
7,14983
7,2348
7,1941
1,393
1,556
1,571
5,3057
1,442
1,238
3,1463
10,3250
7,2207
8,2129
10,2320
9,3372
9,2984
10,3304
6,1836
4,2102
7,2320
4,2975
6,2102
1,357
10,2338
10,3795
9,2614
6,2366
10,2618
3,1048
3,1546
5,6017
10,3315
10,5940
1,1780
3,931
1,616
1,8697
1,406
8,1860
4,1538
10,2823
9,3936
8,2271
4,3256
5,1756
7,2511
6,8458
10,5246
1,399
1,595
1,456
1,11273
1,387
10,2482
10,3481
10,3122
7,4726
10,2685
4,1649
2,675
6,1821
3,1224
10,10617
1,373
3,1115
1,21968
2,901
1,269
9,2142
7,2672
2,558
9,7087
5,1874
3,2136
10,7954
7,1979
3,760
3,2499
1,507
9,3223
3,1549
1,483
1,428
10,3139
7,2300
1,390
1,557
8,3795
5,2034
1,542
7,2969
4,1634
1,487
1,501
1,431
10,3123
10,39747
1,424
2,1015
9,3523
7,2490
3,7413
2,820
6,2249
1,334
10,3534
3,1232
3,1061
1,440
6,1522
6,2118
9,2997
1,615
10,3292
6,2153
3,1164
1,504
1,593
3,1241
1,488
10,4789
3,1450
1,284
1,441
5,1807
5,1731
3,975
7,2143
7,2391
9,3250
1,379
1,529
10,3481
2,672
1,457
6,5309
2,977
1,379
1,342
7,1735
2,757
3,1177
10,3382
1,364
3,1152
1,458
1,524
9,3399
8,2479
1,609
3,1239
7,2641
1,440
5,1605
10,2618
7,2521
3,1055
4,1501
3,1267
1,575
3,828
3,982
4,1499
10,3492
1,662
4,3655
8,2182
4,900
1,349
1,475
10,2811
1,553
1,489
1,596
4,1495
10,3322
1,473
10,3495
7,2625
1,611
3,1116
3,1388
1,404
2,809
9,2952
7,2234
8,3004
9,2940
3,1254
1,344
6,1541
1,403
9,3633
10,3126
1,726
3,1310
5,1257
1,457
4,1439
4,1460
5,1940
8,4890
9,2930
9,3260
1,452
5,1699
1,1888
7,2857
5,1106
1,585
4,2061
1,475
1,429
8,3037
9,2594
8,2208
7,2303
6,2008
10,3575
1,456
7,2384
1,702
6,2265
1,296
1,485
1,550
1,453
1,424
10,7140
5,1987
3,1331
10,3620
9,5484
7,3098
1,391
10,3146
8,2603
10,7285
7,1926
7,2393
3,1194
1,622
3,969
4,11218
7,2256
1,637
7,3609
3,1136
5,1679
1,491
9,4207
1,451
1,735
1,451
10,2724
1,24108
10,3737
2,3630
10,6413
1,548
10,2997
5,1891
1,493
10,3631
1,373
9,10562
1,589
1,829
8,2321
7,2327
7,12563
1,312
1,342
4,5617
1,458
4,1794
2,917
1,512
7,2507
1,425
4,1583
1,520
3,1175
1,291
3,1182
1,462
1,416
1,366
10,11557
1,397
7,31796
6,2588
4,1570
9,2702
4,1447
5,1331
1,470
1,541
1,273
10,2787
1,455
1,386
7,2026
6,12524
1,569
9,27355
2,861
1,606
3,1111
1,378
1,435
3,1327
1,568
2,723
6,1880
1,412
10,2938
5,1399
6,2057
1,395
9,25346
2,794
3,1094
5,1635
1,535
1,386
1,499
3,1068
1,377
3,1070
1,293
1,657
8,2432
2,699
1,547
9,26548
3,1158
1,489
1,486
1,430
1,347
7,2827
1,533
1,427
3,1097
1,266
7,1680
8,2303
4,1384
1,609
6,24113
4,1543
8,2698
1,401
1,483
1,380
2,5272
1,505
1,401
3,1214
1,262
1,299
6,1557
5,1656
1,1170
3,1250
4,1691
10,3363
1,614
1,515
1,382
10,12475
1,443
1,368
4,1358
1,261
1,250
2,520
4,1453
1,622
1,1089
1,818
10,3401
1,427
3,1570
1,420
6,10407
1,442
1,267
7,2346
2,577
1,440
10,3334
8,2729
1,479
1,472
8,2860
6,2161
1,605
2,740
1,411
4,1344
1,520
1,283
7,6099
1,244
8,1829
5,1590
5,1724
3,936
10,36072
4,1401
10,3846
1,546
1,470
1,516
10,30084
1,543
10,3334
3,810
7,2466
2,682
2,610
1,410
7,2612
1,530
3,1028
5,1678
7,2315
6,2683
1,482
9,7451
1,558
10,5980
2,814
5,1577
7,2593
4,1005
10,13880
10,3142
1,2094
6,2044
4,1570
1,616
10,27625
1,1392
3,1185
4,1626
4,1557
7,1852
2,650
5,1699
8,2010
10,10005
7,2644
1,479
7,2361
9,3221
1,371
5,5383
7,2687
4,1538
1,477
7,2474
6,2005
3,897
3,1525
3,1897
6,2582
6,2116
1,367
6,1518
2,1349
1,334
9,4375
6,2609
6,2029
3,1088
9,6379
5,1147
3,1009
9,3726
10,4204
2,731
10,11180
1,491
1,408
1,390
1,301
4,1463
7,2726
4,1471
8,2908
6,1951
10,2503
10,2439
4,1556
4,1559
1,399
3,1106
4,2356
1,294
1,661
6,2126
10,54428
7,5239
5,1646
10,3443
10,3260
2,530
8,2336
10,38464
10,3855
1,462
3,999
1,535
1,321
1,529
7,2313
7,5235
10,7550
4,1511
6,2094
3,1120
7,1678
8,1851
7,2230
1,515
1,400
4,1743
1,1726
1,377
1,391
10,3646
4,1513
3,1213
8,4974
10,6695
4,1398
8,2845
5,1673
6,1907
7,2736
1,528
3,853
1,438
1,404
1,377
10,3548
6,7030
6,1548
1,481
6,2045
1,415
3,1247
7,1726
1,324
7,66421
1,589
2,907
1,318
1,285
1,475
3,963
4,1487
4,1466
5,1774
4,1782
4,1442
4,1429
3,1515
9,5509
6,2356
9,3672
7,2340
1,496
1,291
1,377
4,1617
5,1477
3,1414
10,3212
9,5743
3,1521
5,1550
10,7442
7,8795
3,1313
1,391
2,733
10,3493
1,375
6,2852
10,14893
4,1628
3,1085
10,3386
2,824
2,1082
8,2025
4,1252
3,1189
10,3511
1,374
5,1615
1,517
1,270
1,408
3,1255
8,7027
4,1504
2,774
4,2899
1,525
1,441
10,3415
3,1109
3,1272
3,1023
3,854
4,1130
1,498
4,1186
3,1123
1,448
3,1337
6,2030
6,6188
8,2639
1,314
7,2592
1,469
1,586
1,389
7,1711
2,878
6,2562
1,438
3,1157
5,3095
2,715
1,373
1,652
10,3451
1,426
7,2245
1,473
1,451
1,458
8,2279
1,428
10,6329
1,424
3,1039
10,3357
2,843
1,425
4,1656
6,2017
1,477
6,1956
1,650
8,20001
1,423
10,2856
10,3399
7,2716
8,2779
7,2274
10,3250
7,2508
9,3958
5,1851
6,6568
1,594
9,11047
3,1242
1,372
9,2972
10,2193
8,9835
4,1446
4,1860
2,798
6,2610
3,949
1,482
4,1726
4,1369
1,610
9,19825
2,7391
1,599
3,1068
5,1159
5,1642
9,2143
1,618
7,2530
2,720
7,1943
1,584
7,4222
10,3218
1,730
3,1114
1,570
2,767
1,497
8,2356
6,2192
10,2238
4,1356
5,1560
1,445
5,1307
1,459
9,15942
7,2304
3,1245
1,686
1,677
1,530
1,418
7,2518
4,1324
10,3694
2,2380
8,2453
1,404
8,2524
1,437
6,13240
1,8392
1,507
1,459
4,1541
1,623
6,2050
3,773
9,3069
10,2926
1,541
3,1239
1,425
10,3136
1,438
3,8917
9,2921
10,3004
1,369
8,2542
1,581
8,2600
10,2163
2,992
10,3379
10,3346
10,3641
9,3006
10,3066
9,8491
10,19851
1,486
1,351
1,385
1,359
1,520
7,2709
1,441
6,2201
10,2746
9,2921
7,2358
1,408
8,2730
1,633
1,570
1,457
1,541
3,1023
1,457
4,1477
7,6702
1,300
4,1494
1,464
6,2032
8,2660
1,404
7,2579
1,479
5,5420
1,469
4,1534
1,432
1,352
1,502
10,3628
1,255
4,1451
10,3346
9,3034
5,2594
1,403
5,1426
8,2568
10,68941
2,9950
10,8926
1,404
10,3966
1,448
5,1660
1,247
5,1716
10,2436
9,3051
2,647
1,371
3,785
1,356
1,741
1,446
7,2431
1,511
1,375
3,1413
1,486
1,328
4,1367
10,3664
3,1146
7,2448
1,452
1,512
3,3122
1,612
1,579
9,4818
1,446
1,392
9,13783
3,991
1,1667
7,1847
9,2001
3,1266
1,553
1,453
1,423
3,2389
9,3525
5,2241
9,7572
1,395
1,450
8,2919
2,714
1,391
1,520
10,2794
3,1170
1,523
1,536
1,615
1,431
1,617
4,1580
6,3731
1,1690
1,389
7,6203
2,1584
1,617
5,1500
10,2482
1,514
1,477
9,2905
1,302
1,365
3,4003
6,2213
3,1395
1,664
1,383
10,5898
4,1406
1,522
10,6756
10,3452
1,404
1,553
3,1084
1,503
8,3520
1,669
1,348
1,1092
1,621
9,3082
10,6311
4,1454
1,526
3,1087
1,381
8,2731
1,571
7,12008
1,266
7,2410
1,459
1,540
3,1065
4,1482
10,14348
6,2099
8,2896
1,575
6,3493
1,391
8,5889
1,503
1,485
1,335
2,1043
3,1264
1,473
1,492
2,2217
8,3385
4,1473
4,1368
4,1552
1,484
1,263
7,2429
1,1034
3,1219
1,267
7,2381
3,1251
1,557
1,539
1,498
4,1264
3,1226
3,1080
10,42543
10,4490
1,247
10,5837
1,431
3,1099
1,374
5,2142
1,376
5,1937
4,1395
3,1458
2,1038
2,714
6,1946
9,3068
1,366
1,238
7,2801
1,399
2,5354
1,283
2,686
1,677
4,3743
1,546
10,3260
5,39974
6,2180
3,1063
9,41073
1,382
1,496
5,1842
1,627
8,7014
1,500
6,2301
1,469
4,1424
4,1438
1,1761
6,1993
4,19876
6,1823
6,2180
1,527
1,267
1,542
1,534
10,3270
10,3493
3,1282
7,2714
1,535
8,2645
8,2841
4,3707
4,2554
10,3331
7,2697
1,514
1,266
5,1779
4,1514
7,2302
10,7690
2,820
1,497
10,3470
7,2532
5,1722
10,3293
5,1577
6,2491
3,1096
1,574
1,272
2,684
10,5184
6,1866
9,2930
5,1942
8,17145
6,2216
10,3354
4,1309
5,1612
7,2401
7,2590
3,1311
9,2875
1,275
1,394
10,3605
2,4514
9,13110
4,4124
8,13887
10,5146
10,3349
8,2915
4,2804
8,6940
4,4248
1,508
1,1211
1,274
1,602
9,36959
5,1756
9,2921
1,451
1,523
9,3006
5,1868
6,2136
8,5428
1,511
7,2511
1,690
1,602
10,2400
1,434
7,2358
2,839
7,14837
4,1527
10,3608
9,3141
9,10956
9,7122
5,2278
5,2247
1,808
1,458
1,586
3,860
6,12071
10,3275
4,1757
3,1322
8,2172
7,5062
3,1401
2,807
2,856
1,389
10,10487
1,381
4,1488
1,441
1,1072
2,903
6,6401
1,525
1,689
3,710
6,2199
3,1113
6,1821
6,2859
10,3288
3,1359
1,404
3,1035
9,3055
10,2310
1,440
3,1149
8,3196
3,1106
3,1183
2,8318
3,1123
3,3924
4,1366
6,2177
6,2068
1,420
3,983
10,14575
2,685
2,762
3,1160
3,1185
1,615
6,1851
2,880
1,535
1,554
4,1409
2,775
1,356
1,367
8,6869
2,915
10,3283
1,548
3,1156
4,3112
1,555
5,1080
2,717
1,448
6,2145
5,1901
9,3075
2,688
1,373
10,11335
3,1100
10,3414
1,718
1,453
2,865
3,1213
10,2660
3,1155
8,2678
4,1510
4,1416
9,3417
1,518
1,407
5,1666
1,617
7,2852
1,452
3,1128
3,998
4,1568
6,1563
1,521
8,2071
1,370
8,2719
3,1111
9,3628
1,480
10,15216
8,3149
10,3393
5,1413
1,527
6,2042
1,359
7,2526
10,3642
7,1995
1,702
1,485
3,1039
1,726
1,454
6,27200
1,466
9,3329
1,380
4,1834
6,2055
3,1145
1,419
8,2739
1,377
1,402
5,1814
8,2348
1,596
1,339
1,449
8,3302
8,1986
1,367
7,2425
10,3421
8,2870
4,1465
4,1508
1,452
1,573
10,18795
1,479
1,373
10,2758
6,2247
6,2207
10,2831
4,1567
4,1427
6,1677
5,1745
7,3464
3,1273
10,3214
1,793
2,806
1,358
9,3045
10,3221
4,4576
7,8989
10,2302
1,594
4,1301
8,2537
10,3641
1,365
7,2179
1,413
1,737
10,3247
1,371
1,334
6,1539
1,392
2,895
8,2656
8,3169
3,1054
4,1704
10,8154
1,426
6,2231
7,2233
1,1057
3,1062
7,2447
1,600
9,2200
7,2238
5,14159
1,578
3,1479
2,6785
7,2551
7,2438
1,332
3,837
1,453
1,506
1,337
7,2508
3,1248
10,2391
9,2750
2,1034
7,2252
6,2023
8,11783
6,2346
6,2102
1,253
6,2069
1,482
1,460
6,21288
1,339
8,21027
4,978
2,680
2,958
10,3050
3,1133
6,5959
1,413
4,6313
1,359
7,1958
1,455
4,1568
1,562
8,3107
1,495
1,379
4,1253
2,938
10,3528
10,2973
7,120857
1,266
1,6817
1,489
4,1201
1,486
5,1955
9,3764
1,375
1,627
10,2709
4,14608
2,881
2,1718
7,2515
5,9324
1,351
1,394
1,547
7,2512
5,1757
4,25127
1,691
10,3514
3,1385
10,3070
1,391
4,1445
1,413
7,2356
9,13187
1,258
1,450
1,370
1,446
2,758
8,12673
1,686
1,342
1,485
10,3371
1,440
8,3030
1,443
4,1733
10,10290
1,234
2,724
1,275
1,291
1,398
5,1873
1,594
1,445
1,437
9,1907
1,381
3,1044
1,434
10,4118
6,16909
1,265
9,18675
10,3646
1,285
6,6590
1,426
1,609
1,433
2,814
10,2222
1,497
6,2245
1,299
10,2306
1,24888
1,369
1,548
10,2340
1,286
1,714
10,3382
1,537
1,379
1,766
10,3745
1,441
4,3768
1,263
10,2065
1,555
1,238
4,1477
10,2854
1,250
1,558
6,1879
1,526
2,2033
7,2819
10,3543
1,455
8,5529
1,262
10,3406
1,456
1,242
1,480
10,3473
1,271
2,900
9,2816
9,7056
1,499
8,3024
10,3610
1,352
3,1342
1,269
10,3322
4,1427
1,244
6,3228
10,3399
1,504
2,919
2,719
1,406
5,2008
7,4742
1,476
1,319
10,3611
1,239
10,2756
1,432
10,2046
1,426
10,2342
1,419
4,1554
9,3505
1,554
1,443
7,4648
10,3575
5,1783
6,2059
1,401
10,3912
5,1737
4,1014
1,447
10,3373
1,310
4,1558
1,569
7,3255
6,3256
5,2003
1,554
7,2384
4,1729
1,446
10,3666
1,444
9,2188
1,494
10,2764
1,254
1,566
3,1199
3,1142
1,668
3,1327
3,1030
4,1279
7,2155
3,1106
10,2423
1,363
6,1472
1,475
10,2382
10,2707
6,2485
1,516
3,1841
3,1157
2,921
1,250
5,1847
1,588
9,3009
1,298
1,420
10,3720
1,279
10,2684
9,2046
8,2871
3,1503
1,383
2,1210
2,4252
1,252
1,324
1,415
3,1182
1,256
1,465
10,2797
5,1739
10,3027
10,3332
3,1161
8,2811
8,2397
3,1107
4,1661
1,242
3,1333
1,336
1,551
1,242
1,425
1,660
4,1846
10,2440
10,3409
6,2100
7,2609
1,440
4,1688
4,1643
1,254
6,2395
7,2391
1,589
1,228
1,397
10,2856
7,2467
10,3133
10,3199
3,934
7,2196
8,3667
4,924
8,3109
1,309
10,23592
1,325
1,583
1,251
4,2371
4,1804
5,1801
10,2211
10,2551
10,3791
8,6868
7,1797
1,305
4,1326
1,316
9,6524
1,275
8,2796
1,262
7,2492
10,3689
1,369
1,351
1,448
7,2074
7,2911
5,1994
4,1646
6,2097
1,262
9,2719
1,401
7,2200
1,348
5,1352
9,2215
10,3948
1,272
10,2399
4,1352
5,2205
2,1087
7,2511
3,1012
1,377
3,1083
1,520
10,3688
1,321
10,3602
10,2623
10,3588
1,330
10,3043
7,2100
2,906
6,2635
6,2193
6,1941
1,327
3,1208
1,351
9,2933
1,286
10,3402
10,2111
3,1218
1,1468
5,1601
10,2546
6,2839
2,939
3,1245
10,2718
10,3355
3,987
1,371
2,1084
1,340
6,2135
10,2519
9,13915
1,1100
10,2201
9,1990
3,1192
2,637
6,1496
10,3225
7,1781
1,492
1,634
9,3222
10,3491
3,1011
1,394
9,3475
1,916
10,3310
10,2202
3,8626
4,1684
10,3340
6,2157
10,2949
1,343
10,3382
9,2989
10,3175
9,3191
10,3662
3,5868
1,485
5,2012
10,3012
2,984
4,1630
6,2149
4,1916
10,2248
8,2579
10,2389
3,1196
10,3401
3,2920
10,3338
3,1321
1,399
10,3242
10,3434
2,1147
1,343
4,1439
1,539
1,358
7,1928
10,2134
10,3051
10,4599
6,2275
10,2419
1,684
1,325
10,3847
10,2963
1,419
8,2965
7,2439
7,1712
2,576
2,597
10,3451
2,539
10,2539
1,518
1,297
7,2363
1,391
10,2304
1,539
1,561
3,1319
10,2440
1,333
10,2766
8,2240
10,2082
8,2900
10,2155
8,6099
1,394
1,321
1,458
1,455
10,3576
1,692
3,1070
7,1504
1,292
8,2146
10,11686
10,3026
7,2292
3,891
3,16960
1,371
8,3102
10,2644
1,276
1,389
1,836
6,2221
6,1497
1,270
9,2642
7,2440
10,3314
10,3348
1,415
7,2574
1,276
7,2208
3,790
1,242
10,2340
4,1312
3,1101
1,495
1,261
10,2685
2,1013
10,3576
10,3288
2,870
8,2645
1,246
8,7841
9,2522
1,308
1,288
1,579
6,1522
1,663
1,379
8,1798
5,1849
2,679
8,2321
10,2403
7,2750
1,345
10,8130
2,567
1,541
1,242
1,564
10,3279
1,538
1,568
1,395
6,2433
10,2273
1,356
10,2334
7,2327
1,254
1,480
10,1974
1,540
1,248
5,4624
7,1785
10,2981
1,288
7,2004
1,539
8,1828
1,277
10,3637
4,1389
1,316
1,459
10,3442
1,411
1,234
1,372
7,2371
1,257
1,281
10,3379
1,584
10,2455
1,291
10,3366
2,801
1,329
2,858
10,4694
1,338
1,222
1,291
4,1522
1,591
1,287
10,3529
8,2681
10,3319
1,297
7,2309
3,1113
1,252
1,351
7,2205
1,266
1,251
1,266
7,2077
10,3291
10,3402
10,3208
1,360
10,2240
1,245
8,2195
6,1914
10,2084
6,2119
8,2045
1,254
1,238
1,260
1,542
1,411
10,3514
2,719
2,882
10,2307
1,243
9,2198
3,3054
3,739
1,446
10,2987
10,2559
1,258
1,255
1,366
1,414
9,2188
3,1157
1,451
1,374
1,256
10,3538
1,461
10,2645
3,1917
10,2682
3,706
1,241
4,1256
1,351
10,3442
10,3467
9,2857
3,1053
1,287
1,299
1,345
2,904
2,483
5,21489
2,605
1,496
10,2874
8,2860
1,315
3,843
10,2349
1,501
1,370
1,294
1,464
1,279
1,3693
6,1212
1,431
7,1776
10,2466
10,3264
3,1279
1,250
1,409
1,524
3,1081
1,384
1,282
1,525
1,415
2,777
10,3945
2,888
10,7823
2,784
10,2330
6,2210
1,673
1,388
10,3572
1,380
1,430
1,287
10,3514
1,436
1,414
7,2537
1,461
10,2443
10,2281
10,3486
5,1752
1,366
4,1010
10,3758
1,408
1,452
1,309
2,1373
1,503
1,486
8,1921
2,701
10,3040
10,3175
10,2375
6,2487
1,354
1,242
10,3720
1,262
4,1359
1,361
10,3466
1,317
1,641
4,1159
1,489
8,2805
7,2538
10,2435
10,3285
10,2909
10,3404
9,2049
1,322
1,415
1,286
1,559
1,304
1,480
10,3544
1,745
3,2144
9,2181
10,3007
4,1662
1,322
10,3661
10,3256
1,444
1,1936
1,342
4,1521
1,338
2,848
8,2063
1,637
1,453
8,2134
3,749
7,2090
1,282
10,2592
10,2611
1,299
1,341
1,251
3,1240
1,689
1,347
1,489
3,1239
1,435
1,503
1,406
10,3577
10,2613
9,2013
10,3387
1,300
4,1473
2,706
8,2994
10,2942
1,1064
7,1884
4,1498
1,613
10,3321
10,2237
2,887
10,2437
10,2291
1,353
1,351
7,2452
10,3539
9,3133
1,318
1,673
9,2827
1,551
1,474
6,1704
2,586
6,2171
10,4014
10,3107
10,2484
1,471
6,2016
8,2132
6,7924
2,824
1,520
2,886
1,627
1,346
9,2304
10,2141
7,1660
10,3535
10,3520
10,2259
7,2572
3,1205
1,491
8,24179
10,3360
1,1150
10,11273
8,2080
1,253
7,2669
10,3946
10,2497
10,4714
1,483
1,523
10,3238
10,3388
10,2450
6,3585
10,3562
8,2097
10,4476
4,1011
1,375
4,1589
7,2392
8,2444
10,3475
10,3341
1,383
1,389
6,1871
10,2072
2,690
10,3199
4,1465
3,1234
3,965
1,371
10,3893
10,3381
10,6785
10,2792
10,2176
1,275
1,498
4,1328
10,2163
4,18305
8,2737
3,1334
9,4625
3,992
1,407
10,3959
9,3008
4,1231
9,2257
3,1049
1,295
8,1946
7,2344
10,3263
7,2303
10,3944
6,2478
1,442
7,2148
1,321
10,3152
1,436
3,849
10,2416
10,1983
1,288
10,3625
10,2487
9,3107
7,24694
1,729
8,2615
7,2355
6,2460
1,425
3,1231
1,633
10,3339
10,3297
1,456
1,430
9,3204
9,2198
10,2689
2,865
3,1014
3,1100
1,341
10,3358
10,3244
1,641
8,1803
10,2742
10,2950
2,684
1,356
2,584
10,3341
2,839
4,1658
1,420
6,2306
1,411
7,1968
1,417
1,4591
1,278
1,578
1,554
10,3258
1,501
9,3043
10,3325
1,475
1,573
1,387
4,1138
1,1042
7,1866
2,681
1,496
1,293
1,517
10,3122
1,512
1,322
3,1284
10,3185
7,2400
9,3268
10,2433
7,2441
1,1100
10,3672
1,499
1,678
1,232
1,393
10,2232
1,417
1,382
2,1086
10,2913
8,1793
3,7538
10,2128
7,1897
1,1061
2,844
9,3264
1,529
1,248
1,293
1,537
10,2898
10,2370
3,1251
1,640
10,3143
6,2140
9,3900
10,2938
1,346
6,1550
10,3226
1,600
1,292
1,399
1,364
1,286
10,2082
7,2239
10,2828
10,10149
1,392
9,3161
10,2795
1,372
9,2377
9,2920
1,550
1,238
1,512
1,472
1,407
1,492
7,2168
10,2707
10,3400
1,461
7,1658
6,1717
1,292
10,3344
9,2997
1,781
1,271
10,3011
1,330
10,3195
10,2226
8,2786
10,3829
9,3150
5,1707
9,8561
9,2023
1,420
8,3288
8,2508
1,910
1,382
1,356
1,258
7,2274
2,485
3,872
1,575
3,1419
8,2722
9,3009
10,2535
1,491
10,4032
9,2831
1,618
7,2229
1,327
1,248
1,251
10,2302
10,3151
1,300
1,529
1,413
2,975
10,3250
10,2603
4,1499
1,485
10,3508
10,2715
1,369
1,276
1,354
10,2179
10,3769
1,370
1,308
1,445
1,417
4,1121
1,582
10,2742
3,1014
1,363
1,435
1,372
1,270
1,307
9,2578
10,2301
1,383
1,273
1,459
1,573
10,2650
3,1193
1,501
2,810
3,1031
3,1038
10,2281
1,277
1,233
8,2794
8,1804
1,326
1,295
1,410
1,470
10,2566
3,712
10,2837
3,925
1,517
10,2646
10,3170
10,2152
1,237
10,2210
2,744
1,312
1,1140
1,380
1,1011
1,421
1,532
1,580
8,5157
7,2335
10,2734
10,3673
1,249
1,813
8,1883
7,3379
1,357
1,655
1,447
1,625
1,443
3,1023
1,296
7,1660
1,428
10,4552
10,2576
10,2456
9,2329
2,736
1,531
1,408
1,574
6,4496
1,529
1,290
7,5198
1,246
10,3244
10,2654
9,3265
10,3369
3,699
8,2271
7,2432
1,447
1,559
1,539
1,352
1,410
1,269
7,1821
1,595
10,3115
9,2525
10,3403
10,2858
1,477
10,2622
10,3447
1,460
1,326
1,489
1,364
1,330
1,274
9,1937
1,312
10,2483
7,2789
3,1323
3,1175
10,2345
8,2869
2,1426
1,350
5,1527
1,359
1,351
1,498
1,654
3,1063
1,264
8,1840
3,1226
1,535
10,2381
10,3727
7,2733
10,3183
1,431
10,2399
1,422
1,377
1,475
1,295
7,1885
1,259
7,2435
9,3644
1,567
1,350
10,3089
2,714
10,3497
1,457
5,1445
10,4139
1,461
3,1187
1,359
9,33142
1,267
2,566
9,3769
7,2336
10,2397
7,2195
10,3510
8,2479
1,351
10,2665
1,392
9,3165
1,398
1,396
3,767
1,342
1,670
3,1113
1,609
2,465
9,2615
10,3346
3,1020
1,522
10,2754
9,3327
5,1638
8,1989
10,2475
2,607
1,283
1,575
2,695
10,4047
10,2769
10,3436
2,687
1,513
1,476
10,2172
1,545
9,7090
3,1280
1,328
8,5643
10,2986
1,601
10,3699
7,2656
10,3374
9,2641
3,1070
1,398
1,483
10,2221
10,2393
1,551
7,2296
1,275
7,2143
5,1392
1,419
8,2779
9,3167
7,2431
1,649
8,2761
1,453
1,471
3,805
10,2947
4,1515
10,3511
2,697
10,3510
10,2373
1,360
7,2625
10,3739
9,2980
7,1504
1,492
1,441
9,3210
10,2693
9,3854
1,633
10,3073
10,2168
10,6443
10,2945
1,458
8,2710
3,1405
8,2712
10,3009
10,3224
1,534
10,3647
2,898
9,3486
2,941
10,2751
10,3327
8,2712
10,2765
1,393
10,3384
9,2941
1,489
10,3697
3,1002
1,384
5,1974
1,392
9,2394
2,895
7,11491
8,1819
10,2095
5,1895
1,511
10,3724
9,3166
1,474
10,2962
6,2029
1,437
3,1395
10,2155
1,521
10,3061
10,10092
10,3330
2,650
10,2536
1,569
10,2402
1,586
1,433
1,385
1,385
1,276
8,2804
7,2067
3,1676
3,1023
1,6874
10,2310
10,3048
10,2638
3,1099
2,851
1,704
1,394
9,2572
1,556
1,394
7,2234
10,2730
7,4680
10,3500
1,5267
10,2567
1,462
3,686
1,468
1,617
1,562
1,325
3,944
1,438
1,456
4,1239
10,2390
8,1916
9,3458
4,1456
10,2068
1,771
10,2047
10,4098
1,1257
1,422
1,333
1,442
1,524
1,448
6,2164
8,1995
10,2517
7,2414
8,2758
3,750
5,2907
2,446
1,433
1,556
1,449
10,3784
1,474
9,2538
9,3138
5,13261
10,2483
10,3302
8,9931
3,3748
10,2303
1,1300
10,2334
4,1494
1,598
1,498
1,368
1,497
9,3899
10,3020
7,2400
9,2843
10,3558
8,2853
4,1502
2,641
1,742
1,257
7,2364
1,4174
1,604
1,540
1,504
7,2412
1,403
2,979
1,582
10,2397
7,2958
9,2818
1,321
10,3517
10,3156
9,3182
1,552
1,658
1,332
1,429
1,376
8,1750
4,1921
1,370
10,3775
2,1008
7,2457
10,2064
1,644
7,2095
4,1317
1,614
1,562
1,372
1,293
4,1275
1,405
2,835
1,376
2,1188
4,26534
6,2393
10,3497
1,368
10,3561
6,2225
1,451
1,414
10,2934
1,366
9,3115
10,11667
3,1176
1,454
1,494
1,519
2,754
7,2499
1,456
8,2200
7,2436
10,5929
3,995
1,558
1,495
1,531
2,720
6,2280
1,469
1,661
2,960
9,6266
8,3193
1,489
9,2540
7,2241
1,592
8,2449
7,2172
1,338
1,436
9,2739
5,3789
1,690
1,637
1,568
1,645
9,2720
1,378
1,584
3,2569
4,1539
1,390
10,5280
1,452
1,539
9,3268
1,331
1,620
1,667
4,1358
7,2575
1,546
1,7302
1,260
6,1992
1,476
2,854
10,3907
10,3661
9,3716
3,1180
1,503
1,349
1,552
1,393
1,664
1,846
5,8796
1,333
4,1535
1,587
7,2349
3,1210
1,453
1,352
2,840
7,2412
1,335
1,571
1,486
6,1577
1,289
4,9907
1,638
2,917
3,1197
10,3025
9,2744
2,749
1,515
10,3358
6,3382
1,484
1,495
2,787
4,1651
1,323
1,377
1,278
3,1371
8,2932
10,2919
10,2709
10,8731
1,732
3,1336
9,3542
6,2403
1,686
1,560
1,491
1,305
2,938
1,240
1,633
9,3482
10,3501
1,524
1,491
1,578
7,2624
9,2982
1,618
1,618
1,358
1,586
1,363
9,2926
1,231
1,564
6,2219
9,6489
3,1073
10,3608
1,658
8,2222
5,1849
7,2003
1,635
5,1753
8,5399
1,389
4,1453
1,263
6,2150
6,2133
1,391
1,444
9,3707
10,3455
10,2687
9,3475
4,1895
7,3241
5,1532
1,5617
1,411
7,2463
1,413
5,1851
4,1617
4,1261
1,384
9,3466
2,667
10,3362
1,539
10,3616
4,1376
1,2285
1,486
1,379
6,2055
1,345
4,1401
7,9645
10,3281
7,2572
8,2942
8,3123
8,2622
1,495
10,3567
10,3320
1,512
3,1226
10,3091
6,16067
10,2793
7,2414
2,939
3,965
9,3136
9,3147
3,1039
10,2324
1,475
9,2808
3,1302
8,2681
1,568
1,375
8,3557
6,2155
1,516
7,2926
8,2901
10,4700
1,1465
10,3935
7,3005
1,510
3,1334
8,2853
1,383
1,440
3,930
4,1520
7,1885
9,5615
4,1444
9,3214
7,2806
3,1160
10,2563
2,1086
1,492
10,2495
4,3293
1,434
1,579
7,1680
2,818
1,459
1,468
1,2380
6,2017
3,1657
2,874
8,2664
1,570
4,1481
3,953
10,10780
6,13506
1,497
10,6717
3,1089
10,3634
9,30370
2,937
4,1312
9,2804
8,2732
2,852
1,429
1,807
1,457
6,2238
1,510
1,508
7,3727
1,536
4,1253
1,448
6,2543
7,2316
9,3021
7,1947
7,2350
1,442
6,2786
1,416
7,2638
2,962
1,516
10,5946
1,504
10,3594
9,3379
3,1436
2,688
1,549
10,3408
7,2692
1,435
1,18717
8,2198
2,4738
8,5036
6,7970
10,3821
6,1848
3,1148
1,628
1,406
6,1884
1,400
10,3263
3,1033
1,386
1,318
1,553
6,4643
5,1780
4,1594
3,1445
5,1695
9,3055
5,4029
9,8071
8,16345
1,467
10,3422
10,3386
1,253
1,488
10,2480
3,1178
1,341
1,523
10,4774
7,2359
3,1155
1,510
4,1425
1,467
1,356
8,2455
1,424
1,432
1,439
7,2212
4,7501
1,349
9,32952
1,888
4,1302
1,663
1,572
5,4739
1,405
1,389
10,3357
4,1327
4,1507
1,468
9,3081
1,464
1,340
9,3463
10,3533
9,3051
10,3464
6,2064
7,12810
1,392
1,508
2,858
4,7405
1,413
1,533
10,4226
6,2263
4,1416
6,16432
3,5704
9,2985
1,510
1,365
9,4664
1,574
3,963
1,522
5,1709
1,393
1,534
9,2363
5,4653
8,3196
6,54750
7,2669
9,6629
7,2312
1,678
1,493
7,2339
1,484
1,494
3,1174
1,347
9,3003
2,780
1,5695
1,368
4,6404
1,811
5,1613
1,445
1,360
5,1718
1,464
1,344
1,1293
1,503
10,6721
4,6357
3,1003
1,475
1,503
1,461
1,501
1,422
9,2938
6,3102
9,7890
1,533
1,285
1,3337
1,418
6,1963
7,2065
9,3064
8,2714
1,395
5,2730
8,2278
1,497
7,4487
1,437
6,4434
2,711
1,253
1,475
4,1263
8,2735
2,673
1,536
4,1676
1,490
5,1826
7,2836
6,2038
9,2942
1,523
1,500
1,524
2,698
1,428
9,4984
3,1659
3,1087
1,368
9,3260
1,484
1,341
9,3806
1,434
9,3055
1,464
1,320
4,1396
3,1037
1,440
1,409
4,17427
8,5258
1,370
5,1772
1,429
2,861
3,1157
1,394
3,1165
10,3548
6,1842
1,378
7,1521
1,534
6,2239
6,1851
10,9779
1,444
9,10763
1,624
2,841
9,2811
7,3136
1,650
1,522
1,457
1,456
7,2359
10,3342
6,1729
2,653
3,950
1,484
9,2986
3,1143
10,3448
2,2337
1,532
9,2989
4,1447
1,485
1,490
8,5365
1,387
1,403
8,17061
7,2177
1,394
1,516
2,797
10,3430
9,2504
1,440
1,406
2,654
1,471
1,539
10,3557
4,1511
7,2925
7,2554
8,10915
7,2353
1,350
7,2303
8,2771
1,623
1,533
1,787
4,1467
1,452
3,1150
8,2542
9,3031
1,758
7,28328
2,1096
1,397
1,580
10,13722
8,2841
1,502
1,490
1,516
8,2577
1,655
6,2209
10,2947
1,651
1,410
2,3410
4,3547
1,393
1,514
9,11425
7,2889
1,426
1,409
1,498
6,2353
1,525
1,321
2,781
1,414
5,3199
4,1664
2,1021
1,422
6,2273
8,8327
8,2767
1,459
1,339
1,581
9,3123
1,693
9,10773
10,6705
1,502
1,411
2,862
1,614
1,406
1,556
9,5286
5,5859
1,17136
1,368
1,425
8,2744
1,4106
5,8087
10,3486
8,2921
1,390
3,1051
1,489
2,768
1,532
8,2796
1,594
3,11998
1,377
1,307
6,2464
1,556
6,3638
1,552
3,1134
1,422
6,2077
1,365
1,651
1,583
2,14839
1,1673
1,570
10,6271
1,659
2,915
2,957
9,5730
4,1933
4,1359
1,414
1,317
4,1613
8,10260
1,541
7,8309
2,779
1,310
1,630
1,429
2,870
1,429
9,3872
5,1782
9,2971
7,2108
5,1993
5,1923
10,3779
2,826
2,925
1,459
1,280
2,933
1,408
4,1059
4,1418
5,11830
3,1225
6,2021
6,1935
1,425
5,1902
8,2832
1,547
4,1460
1,349
1,371
3,1277
3,1049
2,798
3,1214
4,1299
9,3099
2,683
4,1439
7,2452
6,1738
10,4093
10,2811
10,2540
2,549
1,326
2,761
2,582
1,379
10,4262
6,2308
8,2854
7,1577
2,926
9,3177
8,2722
9,10245
8,2350
5,1549
1,425
8,3939
3,999
3,1094
2,903
10,5646
1,334
6,2059
6,7392
3,1117
10,3479
8,3035
2,3668
1,453
2,669
1,536
7,2090
6,2445
7,1585
1,560
7,2429
1,598
4,7064
4,1719
1,493
1,505
1,328
10,7842
1,525
6,2367
3,1182
10,3284
9,2795
8,2787
1,492
9,2916
4,2567
7,2844
1,770
1,489
9,2827
2,998
4,1497
2,1313
6,2552
1,473
10,3295
8,3898
7,2660
4,1376
7,2626
2,819
1,372
6,1948
5,1906
9,18701
1,356
1,418
1,465
1,527
4,1696
10,3190
7,2324
3,1025
5,1821
8,3050
2,813
7,25171
1,694
7,2416
1,355
1,627
3,1330
8,2882
1,416
1,422
10,2284
8,2755
10,3475
5,1694
2,894
3,1008
6,37245
1,589
6,1984
5,4286
1,379
8,9828
7,2397
1,327
1,511
2,795
2,873
10,3713
6,1928
1,580
10,3144
5,25503
5,1733
9,2850
2,15341
5,3159
9,9059
2,788
1,254
1,398
10,3809
4,1427
8,2851
9,3211
4,1553
10,3450
1,433
8,2947
9,9136
1,10512
1,399
4,1326
8,2853
1,285
1,453
1,318
1,631
2,691
8,2635
1,602
8,2785
1,734
6,2106
9,3274
1,9591
1,413
7,2187
10,3263
1,413
1,609
4,1228
2,1003
7,1879
1,366
2,722
9,3127
4,1524
9,2997
5,1881
6,9384
2,712
2,678
3,1217
10,2302
9,3386
5,1614
2,820
1,566
8,2832
1,551
8,2696
2,2183
9,3219
1,564
1,6054
8,42534
6,26813
2,1120
1,327
1,533
8,3300
1,471
10,3133
2,716
8,2855
8,2675
1,444
4,1535
1,559
1,451
1,1116
4,1323
8,6084
1,241
1,495
3,1102
1,343
4,1698
1,477
1,573
1,443
1,516
1,763
1,13584
1,371
6,1934
8,11308
4,2015
10,2373
4,1062
9,2982
4,1518
5,1951
1,479
4,1586
1,495
1,609
1,1587
10,13357
1,380
1,346
7,1910
1,559
1,275
2,905
6,2117
5,1699
3,1130
1,512
5,1704
7,19803
1,545
1,334
2,9443
1,361
1,790
6,36911
2,992
1,363
5,1963
7,2216
5,1398
9,2936
5,1685
5,2809
1,472
1,596
2,1214
7,1934
1,437
1,532
1,492
1,566
5,1375
6,3918
2,960
6,2028
4,1403
2,703
6,2274
2,798
1,458
6,2249
3,1015
1,455
1,392
2,2231
1,573
8,2309
8,2715
6,2082
8,20906
7,2191
1,372
1,586
1,411
1,602
9,12313
1,406
1,481
1,406
1,404
4,1597
4,906
1,546
4,1258
8,2567
5,1711
1,408
1,489
2,671
1,446
5,17265
1,587
7,5357
1,500
6,1948
5,1943
4,1573
2,825
5,1735
8,2610
4,1243
1,459
8,2805
1,544
3,1294
1,681
10,8663
4,1379
4,1175
1,445
5,3590
1,508
8,2690
7,5099
2,638
6,2090
1,419
2,924
1,515
6,2270
1,661
8,2640
2,5751
1,606
1,464
8,3146
3,1161
4,1443
1,453
1,323
6,18283
1,401
1,537
4,1352
1,592
1,920
1,519
3,1027
1,516
2,757
6,2158
10,2299
6,2221
1,396
1,466
1,489
6,2579
5,1533
1,543
5,1829
1,601
8,2607
10,7028
4,1696
1,486
7,2722
6,1756
1,387
4,1302
5,1743
6,1996
1,400
2,758
1,357
1,339
1,545
9,2790
8,6505
9,3169
1,419
8,2996
10,2217
1,573
1,652
2,1169
7,2304
1,514
9,53177
1,381
8,2734
1,631
8,2518
10,28553
1,449
1,387
1,338
10,3576
4,1330
1,470
4,1340
1,577
1,457
1,363
6,2097
4,1569
1,946
3,1369
8,7284
3,995
1,405
2,990
9,2301
1,1001
1,478
1,459
1,441
5,1626
1,452
1,4051
9,3025
1,526
7,2324
7,2904
3,1119
3,1170
1,582
7,2326
3,1182
1,406
1,478
4,1530
4,1218
1,837
1,471
5,1652
1,485
1,397
2,859
8,2895
1,353
1,576
10,3212
2,867
1,379
1,493
1,418
1,557
1,534
1,431
9,2895
2,793
1,463
1,431
10,7128
1,611
1,541
10,2809
8,3054
1,499
6,1984
1,539
1,417
1,527
5,1742
1,491
1,428
2,801
4,9104
9,7638
1,436
1,525
10,2366
3,1029
1,374
1,335
1,486
1,538
6,2139
4,1420
10,6337
4,1440
2,709
2,955
6,2094
1,458
2,741
10,2174
5,5198
3,1377
1,520
1,506
3,830
1,343
5,1553
6,2116
5,1586
1,363
1,563
1,473
5,1643
1,278
10,2699
8,3128
1,402
1,2374
1,436
2,851
1,508
2,750
1,775
10,3944
1,450
1,542
7,2307
7,2341
1,287
10,3634
10,3433
1,401
1,431
1,364
5,1448
1,340
8,2953
2,1025
10,18287
1,477
1,538
2,772
9,3055
2,624
1,510
1,615
6,2028
1,376
2,629
9,3192
1,436
8,2657
7,2687
8,6088
1,464
1,462
10,3436
9,2831
5,1860
1,252
9,11874
5,4220
1,596
1,367
8,5560
1,463
2,812
2,54981
9,3151
5,1803
4,1514
2,539
9,12472
1,560
1,239
8,2569
1,378
1,606
3,1187
1,381
4,1481
1,330
10,43581
7,2339
1,324
5,4240
4,958
5,1768
1,453
1,244
1,385
8,2636
1,728
6,2015
9,3425
1,537
5,1727
7,2367
3,3916
2,526
8,4251
6,1529
1,468
6,1860
1,243
5,1741
6,2147
1,484
1,405
8,2693
1,426
6,1842
3,1044
2,1384
1,211
9,3143
6,1825
1,334
1,478
1,264
1,370
9,3264
4,1486
1,433
10,23612
2,907
1,380
7,1732
4,1421
1,603
8,3573
10,2657
6,1839
1,708
1,248
7,2316
5,5550
6,2647
4,1796
2,1179
3,773
1,577
8,1771
2,841
1,431
8,3745
10,2985
1,441
1,675
1,557
1,569
9,2940
1,329
7,2739
10,2524
3,949
1,594
8,1761
1,372
4,1796
1,355
8,2560
2,792
1,540
1,471
1,526
1,470
3,1126
6,1962
2,944
8,2095
4,1338
9,5790
1,336
5,1765
6,18999
4,1469
4,1000
8,2940
10,2519
2,888
1,385
2,1029
9,3038
6,2242
8,2727
1,596
3,64791
1,532
7,2479
1,652
6,2018
3,1028
1,613
1,248
1,545
6,2654
10,3424
1,334
4,1234
10,6882
1,523
1,541
1,304
9,2940
2,961
4,1450
2,893
4,1698
10,2217
1,551
4,1305
1,582
1,328
6,1514
9,3374
3,985
1,523
4,955
8,2671
1,594
1,353
10,2810
3,1266
4,1508
6,2685
2,862
8,2483
9,81390
10,2442
8,2906
8,2164
2,687
5,1861
8,2710
1,401
1,609
10,3174
2,689
3,1311
1,532
1,473
8,2414
9,15303
10,3252
1,532
2,752
1,316
5,7967
2,667
2,668
1,379
8,2556
8,2875
6,1904
1,512
4,1391
9,4828
6,4244
8,2940
1,544
3,1147
1,509
6,2045
1,474
1,403
1,477
7,2286
6,2116
10,2774
1,416
2,768
10,30395
1,522
4,1419
7,5135
10,3429
1,397
8,2518
6,1964
1,465
1,341
9,6223
3,1302
6,2328
1,315
7,2443
2,747
2,896
6,2145
2,799
9,6921
4,2104
8,2817
1,384
1,497
1,493
7,1988
2,1319
10,2566
1,283
8,2701
10,2368
4,1720
1,493
10,3354
8,6423
2,824
1,365
4,1426
2,933
1,283
8,2579
10,3261
10,3349
10,3538
3,1077
2,614
7,2907
4,1179
10,2413
1,393
1,390
8,12259
1,528
6,2287
1,335
4,1355
1,752
7,2528
4,1105
10,3546
5,1213
3,1220
1,365
2,644
9,2800
1,525
2,806
1,595
1,488
1,250
2,794
8,6912
4,1288
4,1520
8,3024
2,562
8,3103
1,284
6,2024
1,482
1,495
5,13570
4,1280
1,1434
1,423
1,496
1,438
10,3421
6,1432
7,2433
4,1470
10,3658
1,429
4,1188
1,542
1,472
1,363
3,1415
1,595
10,3044
1,455
4,1429
9,2153
10,2301
9,3032
10,2504
8,2603
1,326
6,1712
1,415
1,483
1,322
3,1224
1,1101
10,2046
1,498
7,2723
10,2300
10,2610
3,1128
8,2501
9,2911
1,297
10,3262
1,588
1,369
2,659
1,571
1,578
3,914
5,1525
10,4359
10,2700
6,2320
7,1677
5,1822
7,6097
1,262
8,2785
7,2263
5,1609
1,505
1,419
1,557
1,392
1,407
5,1329
1,568
4,1098
2,837
10,2882
3,1082
1,304
4,1220
1,338
1,340
6,1938
1,438
1,649
10,2444
1,375
6,2175
10,3428
4,1160
1,490
8,2526
2,806
1,376
4,1172
8,2985
1,350
1,510
1,400
4,1577
10,2307
1,393
2,771
9,3043
10,3407
1,537
6,1949
1,378
1,360
6,1751
1,515
1,632
1,459
1,425
1,308
7,2326
1,474
4,1358
1,651
2,612
1,403
1,379
7,2945
10,3185
1,521
1,525
5,1991
1,418
1,468
1,430
9,3284
1,622
10,2365
1,551
6,1398
1,465
1,363
2,639
10,2329
1,641
2,713
9,3368
1,372
1,498
3,700
10,2998
1,347
10,2921
1,494
10,2996
4,1455
1,376
1,361
1,368
1,383
1,452
6,8545
1,389
10,3370
8,2697
10,2283
2,737
5,1593
10,3351
10,3539
1,487
1,361
1,526
3,1197
1,330
1,395
8,7159
1,403
8,2891
7,1892
10,3141
1,429
4,1457
1,389
10,2623
1,503
1,358
1,463
10,2647
1,328
1,425
6,26524
1,534
8,2580
3,1104
10,3145
1,424
8,2504
1,422
10,2832
1,471
10,2549
4,14264
10,3217
1,299
2,736
1,458
1,444
1,396
10,3472
10,3159
1,391
6,1721
10,6407
10,3249
2,706
1,464
1,394
7,2500
1,287
1,632
8,2285
10,4764
10,3204
9,32121
10,3352
1,490
1,735
1,364
8,2008
1,603
1,415
1,495
9,2548
1,495
10,2587
2,2565
1,745
1,391
1,302
10,3001
1,467
1,434
1,296
1,425
1,420
1,364
2,685
10,3213
1,348
8,2085
5,9579
4,1522
9,4375
2,495
10,2236
1,385
1,269
1,408
1,261
1,541
1,258
1,896
10,3106
1,580
6,1668
1,476
1,916
1,383
8,2806
1,455
4,1271
1,290
1,357
1,279
1,356
1,247
1,350
9,2288
10,2508
4,1200
3,4899
1,514
6,2143
7,2362
1,317
6,2004
1,612
1,385
1,291
1,484
10,3159
1,1315
10,3257
4,1057
10,2419
4,1226
1,1089
1,319
2,750
1,246
8,2942
1,668
1,385
1,276
1,596
4,1025
1,447
10,3092
4,1223
10,2677
1,507
2,849
7,2108
10,2606
1,257
8,3304
1,299
6,1997
1,253
4,1463
1,245
1,422
10,2545
10,2460
4,1335
1,423
3,1102
2,1194
5,1367
1,346
2,843
1,473
1,671
1,321
5,1926
10,2513
1,653
10,2550
10,2738
6,2013
1,470
8,2837
2,968
2,684
1,412
8,10019
1,401
2,837
1,255
8,2830
10,2869
1,450
10,3327
6,1972
10,3452
2,622
3,1145
10,2945
6,2069
1,430
1,577
1,381
6,2048
1,357
6,1984
6,1494
4,1404
1,277
10,3114
4,1726
3,1140
10,2790
6,2222
4,1265
1,374
2,3152
10,3350
1,367
1,405
6,13306
9,2568
5,1806
1,726
6,2267
3,888
10,3489
9,3275
4,1312
3,700
1,354
6,1660
5,1720
4,1095
10,2531
1,465
10,3124
5,1645
1,410
10,2798
1,299
10,3190
1,493
6,2051
10,2596
1,284
1,419
2,993
10,3087
10,2373
8,2539
10,2595
6,2089
1,440
10,3373
6,1565
6,2387
8,2551
10,2142
5,1732
10,2249
1,447
10,3421
10,2303
10,3261
2,717
10,2241
2,769
1,475
10,2912
10,3628
9,3153
1,521
10,2289
8,2074
10,3210
1,478
10,3264
9,2049
10,2240
4,1757
10,2039
8,2576
1,469
10,2699
10,3748
8,24538
7,1899
4,1771
4,1334
6,2156
1,506
5,1914
8,2732
10,2193
2,784
10,2296
2,654
1,281
10,3303
10,3887
7,2567
10,2878
6,2159
6,1762
3,3332
4,1491
10,3410
4,1022
10,2319
1,450
10,2645
5,1544
1,281
10,2342
7,2841
8,2704
2,670
4,1694
7,1777
10,3642
1,432
10,3447
9,3357
4,1261
6,4621
10,3238
1,320
1,391
10,3159
9,2975
1,542
6,2089
10,2629
1,359
10,2964
3,1012
8,6108
3,1289
10,2924
10,3327
10,2216
9,8464
1,277
10,2387
10,2474
1,432
6,2035
4,1619
1,238
7,2374
2,674
10,2419
10,3291
3,944
4,1438
1,379
6,2043
1,683
1,519
1,306
2,666
4,867
9,2237
1,230
4,1942
8,1922
10,2543
6,1707
6,2273
1,392
1,287
1,495
10,2415
1,281
1,234
1,271
10,3299
2,485
1,275
10,3588
3,1378
10,3384
7,2347
10,2329
1,612
1,292
4,1465
10,2324
1,325
1,255
1,323
10,2165
10,2571
1,363
10,3756
9,3157
10,3374
6,2070
10,3642
4,1568
1,265
1,405
6,1519
1,460
1,264
1,507
8,2532
1,446
1,257
10,11772
8,3017
10,2124
7,2399
10,3355
3,1302
1,261
4,1422
3,772
1,265
1,258
1,325
4,1258
1,303
1,352
9,3005
9,3502
10,3085
2,844
10,3408
2,686
10,2539
1,503
10,2693
1,564
1,281
1,322
4,1374
10,3347
1,341
9,2976
1,471
10,3221
1,385
10,3503
1,489
1,250
2,670
10,3619
1,428
1,367
1,387
6,1941
10,2437
1,319
10,3238
10,2562
1,617
1,712
7,1669
5,1744
1,295
3,954
7,2350
1,397
1,346
1,392
4,4295
1,373
1,242
10,3434
8,3159
1,401
4,1489
1,534
8,2953
1,354
3,1124
10,3154
1,415
1,305
1,396
1,427
1,316
10,2618
10,5633
1,630
1,394
10,3851
1,475
9,3097
1,305
9,3133
4,4597
1,391
1,291
10,2587
1,384
6,1622
10,2379
1,426
10,4422
1,371
1,568
1,467
1,533
1,277
10,3587
10,3446
10,3351
9,2386
2,629
1,389
1,274
3,671
1,838
7,2300
1,432
1,529
1,1393
9,2846
10,3035
9,3708
10,3363
4,965
10,2380
6,2136
1,361
1,281
1,342
1,385
2,766
1,341
3,1066
1,387
6,5784
3,1180
6,2297
10,3311
6,2028
1,469
6,2251
1,509
1,246
4,943
1,385
1,407
1,385
1,2678
1,467
8,3618
6,2024
8,21619
9,6216
10,3097
10,3478
10,2778
1,319
1,500
7,1722
1,358
1,300
1,441
1,389
1,405
5,1778
10,5085
8,2648
9,22203
10,2923
10,3353
8,2105
1,390
10,3419
10,3766
1,371
1,424
1,333
1,399
1,395
2,930
10,3294
1,410
10,6340
6,5740
10,2405
10,3184
1,581
1,541
6,1648
1,423
1,560
1,629
1,541
1,448
1,536
7,2986
1,420
10,3594
10,3225
10,3446
4,1376
1,415
1,482
9,2418
1,397
1,324
10,3845
1,395
1,418
1,362
4,6370
1,464
1,623
4,1349
10,2841
4,1261
1,411
1,352
10,3864
1,352
1,331
5,1316
1,357
10,3788
1,487
10,3589
7,2682
1,581
10,3849
4,1506
10,2772
10,3221
8,2417
10,2277
1,368
1,279
10,4058
1,351
10,3580
1,679
10,3720
1,636
1,728
10,2778
6,1720
2,915
4,1068
10,2179
10,3373
1,361
1,250
3,1051
3,1116
9,3394
1,528
7,2645
2,1289
1,431
10,3684
3,1117
4,1057
6,1609
10,2860
9,4149
1,424
1,362
10,3482
8,2669
10,3539
1,496
10,3022
1,523
1,659
9,10483
6,2149
10,2367
2,564
10,3263
10,3343
1,394
1,289
5,1914
3,1216
10,2804
1,242
9,3649
1,441
1,418
10,3963
10,3058
10,2424
10,2231
10,2113
10,3196
2,862
2,750
10,3506
3,1248
10,6306
1,287
9,3326
1,493
1,313
9,3119
10,2849
10,3527
6,1512
10,2129
6,2220
10,3274
6,1486
10,2747
2,691
1,533
1,280
10,3339
1,730
1,254
10,3529
10,3801
10,3225
10,3494
10,3239
10,2300
9,2507
6,2214
7,2641
4,1498
6,2368
1,254
3,1380
1,530
1,546
10,3328
4,1890
8,2029
10,2261
10,2577
1,425
2,672
4,1174
10,3989
5,1821
10,3169
10,3491
10,3325
1,339
1,731
1,367
7,2464
10,3231
8,2446
6,1377
4,1458
3,889
10,2441
10,3538
5,2080
1,427
2,900
1,723
1,264
1,640
1,17053
10,3543
6,1765
10,3285
9,2107
1,448
1,267
4,1412
10,3420
7,2407
1,472
4,1007
1,522
10,2433
1,550
1,1870
1,523
1,502
9,2181
3,1056
1,362
8,1721
8,2650
9,3036
7,2468
1,347
6,2318
3,1154
2,826
10,2700
1,580
1,490
1,288
10,6950
10,3696
1,391
10,2380
4,1779
9,3291
8,2881
4,1192
6,4336
1,491
4,1467
10,2601
1,463
1,478
1,313
10,3150
1,518
1,1134
7,2372
6,1806
10,6912
1,373
10,4077
8,3250
1,333
6,1511
1,295
1,413
1,417
1,284
10,2807
10,3595
1,349
8,2547
10,2742
10,6704
3,1221
10,3314
10,3610
1,330
10,2757
1,271
1,381
1,440
1,272
10,2487
10,2741
1,397
9,2451
4,1345
1,463
3,1257
10,3854
4,1516
1,296
8,3052
2,788
1,335
1,487
1,274
10,3296
1,4220
1,345
10,3429
3,815
1,513
5,1789
9,25152
4,1118
1,270
10,3566
1,360
1,391
1,694
1,244
1,365
1,435
1,459
7,2868
1,361
1,607
2,738
9,21550
6,2247
1,497
6,1635
10,3681
1,317
1,557
1,323
6,1778
4,1493
1,322
3,1122
10,2207
1,391
5,1698
9,21688
1,530
1,308
4,1006
9,2876
1,299
1,304
1,315
1,497
1,379
1,448
6,1999
6,1455
1,635
2,1001
1,549
10,3235
1,356
10,3186
9,2528
1,343
1,333
1,357
1,355
1,594
10,3280
7,2150
10,2726
1,478
9,2825
1,709
9,2777
7,1946
4,1790
8,2685
10,2307
9,2265
10,2461
1,262
10,3290
10,2518
10,3412
10,3523
1,366
8,2937
1,515
4,851
1,246
2,701
9,2689
6,1336
10,2431
9,2189
1,256
1,440
4,1481
2,655
7,1599
1,409
8,3133
1,498
10,2436
1,247
10,3402
10,20695
1,353
1,690
10,2551
1,466
1,371
6,2052
3,1358
10,2406
2,632
7,2437
6,2771
10,2303
10,3026
10,2256
3,1057
2,933
10,3441
10,3646
1,323
1,387
3,1100
6,1930
9,3093
1,404
8,2939
1,351
10,3763
1,363
10,3591
6,2216
1,438
9,3153
10,3541
1,305
1,403
6,1822
4,1271
10,3275
1,508
2,850
1,633
10,2166
2,613
10,2686
7,2531
4,1293
10,3278
1,302
1,252
7,2196
10,3647
3,1106
1,379
1,442
1,611
1,469
10,3185
3,685
10,2228
7,2670
10,3656
10,3415
10,3278
1,328
1,246
4,2236
1,395
1,313
1,425
10,6151
1,545
6,1882
1,292
6,1503
10,3910
10,3383
1,533
10,2593
1,385
1,456
7,3534
1,414
1,375
10,3619
1,630
1,497
1,632
10,3308
8,2796
2,845
9,2630
10,3650
6,2176
10,2300
10,3638
10,7905
8,4356
1,423
6,2018
1,554
1,516
1,447
9,2941
1,719
4,1515
8,2293
6,2048
3,754
4,1991
10,11627
10,3516
1,310
1,399
1,656
2,839
10,5727
1,344
7,2381
1,369
6,2186
9,2750
1,395
10,3555
4,1653
10,8731
10,3397
1,374
1,429
1,558
10,3542
4,1691
1,395
8,2739
1,286
1,611
10,3461
2,761
10,3208
3,905
9,3083
9,3274
1,419
1,264
8,1908
3,1253
7,2695
1,15944
9,2676
1,424
1,429
10,7570
6,1546
10,3697
10,3455
10,3175
5,9445
1,2801
1,253
4,1245
1,363
3,15350
1,417
10,3354
1,364
3,1248
6,2223
1,465
10,3722
6,1990
1,606
10,7355
1,474
1,244
10,3204
1,642
10,9295
1,241
6,1946
1,306
1,529
3,1120
4,1068
4,1807
10,3633
2,605
10,5604
6,2149
1,240
10,3376
8,2963
2,733
1,238
4,1438
1,246
3,1345
7,6810
10,2859
10,3280
10,3358
10,2286
9,7356
1,506
10,2940
9,2591
1,25206
6,2044
1,253
3,1183
1,264
1,403
7,2639
10,3298
7,2443
7,2572
2,598
1,531
1,381
10,3595
9,3128
1,552
3,951
1,244
7,2243
1,317
8,2674
2,924
9,2750
1,558
10,2741
1,258
1,415
7,3023
10,3328
10,3434
1,686
8,2790
10,2685
6,1880
1,242
1,517
4,1444
8,3055
1,412
10,6305
1,417
5,1947
1,355
10,2931
6,2128
1,571
1,595
9,3262
10,10257
10,2249
1,488
3,1147
4,1196
1,411
10,3618
1,347
1,7064
1,491
10,2301
7,2509
1,564
6,2202
10,3463
3,1197
9,2031
1,577
6,2133
9,2299
1,433
9,3331
9,1876
1,338
1,355
10,2663
3,1467
3,1193
3,5653
10,3456
4,2235
10,3423
1,367
3,1405
1,379
1,343
9,6604
8,1796
1,283
2,815
5,1508
7,2406
2,861
1,530
10,3719
6,3419
10,3013
6,2578
1,434
1,508
1,489
10,2698
1,587
1,286
4,1513
6,1772
2,822
1,356
2,890
1,330
3,1284
10,3282
1,6099
1,532
1,492
1,302
1,604
1,414
1,352
7,2463
3,1154
10,3590
1,363
4,2135
10,4734
7,2744
1,301
1,567
8,2788
1,644
1,450
1,686
10,2442
1,424
5,1804
10,3104
4,1455
5,1599
5,4426
3,1162
1,456
10,3173
1,569
1,980
1,751
1,390
2,1027
1,229
1,448
3,970
5,1703
3,9451
7,2411
5,6186
10,3325
1,531
10,2940
8,2920
1,461
1,672
1,465
1,403
1,417
1,270
9,3010
10,3373
6,15220
9,3190
9,8563
7,2462
1,753
6,1802
1,467
1,497
1,703
10,3963
1,772
1,366
1,255
1,654
10,3334
8,7778
10,36476
1,5929
6,2040
1,659
3,877
1,529
1,493
1,587
9,16090
10,3439
1,373
1,280
8,5674
10,3361
2,711
4,1757
5,7503
10,2515
1,516
10,2573
4,1307
1,465
1,558
10,14790
1,678
1,566
10,2813
3,1049
7,2344
3,4101
5,1652
7,11725
10,3704
7,2270
10,3538
2,874
1,490
1,610
10,11273
1,459
8,2727
10,2443
2,780
4,7887
1,529
3,1157
8,16335
10,3355
6,1783
10,2720
5,1602
1,685
7,2799
10,3591
1,453
9,2435
6,1571
5,1805
10,3366
1,434
10,46689
2,1038
10,2358
1,409
10,3882
9,2785
6,2054
10,3445
10,3119
1,527
1,294
1,312
9,3037
1,486
6,5007
9,9726
1,569
10,3634
1,610
10,3148
7,5490
1,501
7,2775
1,356
1,297
1,606
2,545
8,2758
1,380
3,1032
1,4609
1,625
4,1647
1,525
4,1499
9,2532
2,1030
3,1188
10,3380
1,295
9,3378
1,340
7,2553
1,365
1,322
4,1135
2,1966
1,488
1,371
7,1969
1,385
1,472
3,1128
2,987
1,283
9,9548
4,1136
2,866
1,292
1,411
3,922
5,1644
1,601
1,395
1,702
5,2051
2,763
10,3506
1,409
1,317
1,360
10,3047
10,19733
1,315
8,3956
9,2960
1,415
1,565
1,364
1,459
2,2287
4,1584
2,732
1,453
10,2234
1,595
9,3160
10,3896
1,490
1,681
7,2340
1,572
1,487
1,512
1,595
3,6680
6,2135
6,2039
2,814
6,1413
10,3511
8,1915
2,5464
1,432
1,465
1,599
5,2099
1,524
1,495
1,738
9,2914
5,1848
3,1339
2,711
1,361
2,902
9,2928
10,3712
1,333
1,523
9,3071
1,464
1,317
3,857
1,790
8,2823
5,3737
8,2762
8,2059
8,1827
7,2308
10,3877
3,1316
1,307
1,408
1,405
1,475
1,422
4,1061
1,609
10,3628
7,2407
1,519
10,3658
1,383
3,3715
6,6291
8,6613
1,237
1,524
10,9474
3,1126
1,483
5,1815
1,675
2,851
1,407
6,2134
10,2609
4,1163
6,1992
3,23392
8,2664
9,3584
1,488
1,413
1,340
1,418
7,1611
1,473
7,4096
8,3687
3,1182
9,2395
10,2679
7,2355
7,2342
1,564
10,4667
4,1614
7,2206
1,505
1,458
9,3125
1,382
2,1111
4,1550
3,1181
9,3172
10,2406
10,5236
1,342
1,597
10,3616
1,537
1,475
10,4586
10,2752
9,3013
1,735
10,3234
3,1126
2,857
8,2320
9,2957
8,5587
7,8147
1,575
9,3130
1,638
10,7411
1,656
9,7764
1,490
10,3113
10,3214
2,627
4,1453
8,2803
9,3110
4,1313
10,19057
1,532
10,8599
4,3971
9,7257
1,1170
10,3972
2,980
9,3055
1,535
5,1922
5,1827
1,703
10,3553
6,2197
4,3674
1,1162
1,637
5,8698
1,417
9,3253
9,3197
5,2115
9,3145
8,7470
3,2661
5,1861
1,648
7,2436
3,1268
3,1642
1,570
1,428
6,2215
1,541
8,3081
10,3470
3,1212
10,14203
1,3342
9,3666
5,1888
1,591
6,2023
3,1301
6,10816
1,657
10,3162
7,2370
1,476
2,837
10,3309
9,9708
10,3656
3,3120
8,5997
7,2421
1,613
3,983
1,586
9,3060
1,422
6,1951
9,2802
1,378
7,2357
1,504
8,3003
10,3308
8,2031
10,3557
7,2532
1,581
7,2477
6,2223
3,1295
1,641
1,292
3,1278
1,405
2,718
1,443
8,1953
1,457
1,254
10,3479
1,357
1,592
2,801
4,1191
1,655
1,532
2,572
2,1374
1,686
10,3589
6,1837
7,2616
1,524
1,590
7,2435
8,2711
1,500
10,3104
1,819
1,667
2,865
1,296
5,1609
1,764
3,1546
3,1240
2,1056
3,1328
1,349
2,679
1,579
1,624
4,1491
2,2036
1,898
4,1430
6,1413
3,951
1,538
8,9447
10,2915
2,33938
10,2588
1,573
2,913
1,452
10,3403
3,1239
6,2094
1,614
5,1920
10,2542
4,4954
2,1290
8,7709
1,457
2,892
1,458
1,628
10,3542
1,409
1,905
6,2172
1,375
1,510
10,4218
4,1372
8,2749
1,613
3,1178
2,583
3,993
1,433
1,476
3,1341
1,405
6,2178
8,2702
1,437
6,2008
2,669
9,2135
8,2880
10,3341
5,1760
2,531
10,3634
2,960
1,564
8,4699
2,1034
7,2305
1,432
4,1266
2,749
1,340
10,3209
7,2570
3,1790
1,502
4,1311
10,3540
2,645
1,536
8,3084
1,1612
1,349
3,4863
1,458
1,381
8,2590
8,2088
2,1090
2,716
2,806
7,1707
8,2569
7,2073
2,864
1,601
1,415
10,3677
1,453
6,2365
1,351
10,3084
9,3182
2,919
7,2364
8,2050
10,2615
8,2646
10,2680
5,1873
1,458
5,1874
7,38081
1,429
1,631
5,2556
5,1709
4,1478
10,3518
10,2341
7,2375
9,2914
2,893
10,2467
1,525
1,413
1,476
2,1700
1,551
7,4873
1,218
6,1942
10,3620
2,1026
8,2585
5,1805
10,3662
1,505
9,3159
4,1414
1,425
2,781
4,1627
1,841
1,641
1,393
8,2690
1,21204
10,3232
9,7114
10,3936
8,2768
1,424
9,3060
8,2664
1,456
1,535
6,2228
1,457
1,551
1,342
4,1435
1,485
3,1246
8,2764
10,3312
8,2382
1,421
8,2835
5,1913
1,649
1,494
3,1078
6,2055
1,602
1,270
3,1123
1,493
8,5114
7,6405
4,1420
1,619
1,444
8,3321
10,3478
1,615
3,1223
3,1370
1,453
9,3084
1,297
1,478
1,457
8,5088
3,1282
10,5258
1,529
1,349
1,795
2,798
1,626
5,2292
8,2911
1,346
1,792
2,692
3,1171
1,452
1,598
10,2449
2,810
1,417
8,9675
1,776
8,3026
1,477
1,366
4,1675
1,409
6,2558
4,1421
4,1246
1,391
1,570
10,2265
1,560
1,579
1,458
1,691
10,35958
1,428
9,3734
1,544
2,996
1,495
5,1731
1,344
1,401
1,550
5,1757
9,11018
1,713
5,7300
1,2131
10,21006
3,1288
10,3026
2,875
1,356
4,1321
6,1871
7,2445
1,419
1,613
1,304
1,546
1,499
1,788
1,2198
3,2040
5,1776
8,2858
7,2278
1,393
1,393
5,1232
9,3114
7,3038
1,663
1,337
1,542
1,628
1,361
1,529
4,1065
2,884
7,5517
6,2169
1,461
8,13809
9,2987
10,3108
6,2149
1,709
10,2352
3,1055
1,593
5,15950
1,625
1,390
1,402
2,945
5,1953
1,436
1,265
1,633
9,3021
3,1183
1,587
1,470
1,514
1,674
1,344
1,626
3,1137
8,2744
2,812
7,2459
4,2915
4,4350
8,2862
7,2551
1,407
1,636
5,1829
3,1204
1,569
1,470
1,629
1,559
7,2362
10,3988
9,3051
5,1735
3,1009
3,983
9,3015
1,384
1,398
10,3491
1,547
10,3035
5,3298
1,578
7,1678
10,3402
3,5997
8,2844
5,1849
9,3216
4,1218
10,8372
7,2600
1,449
1,499
1,485
7,2698
10,3993
10,4057
9,3034
5,1638
8,30946
1,542
5,1582
2,920
2,566
1,476
10,3400
1,471
9,2766
1,422
3,1038
1,416
3,38347
10,3396
10,4046
8,32149
3,1405
7,2051
7,2945
9,3403
1,430
6,2038
3,1198
1,458
1,281
6,2253
10,3337
7,29191
9,8734
4,1645
3,1375
4,1745
9,3470
2,875
8,3282
1,470
3,14117
5,2246
1,465
1,384
7,2205
5,1811
3,1101
7,2172
2,776
2,874
3,1468
9,3157
8,2542
8,2758
1,543
3,9297
9,2994
1,446
1,423
2,882
10,3489
6,37392
9,3033
9,2861
1,338
1,356
3,1299
10,5866
7,2540
1,430
1,393
2,782
1,375
7,2559
3,1222
8,2820
10,3329
10,8831
3,1122
5,5285
1,613
5,1840
10,3688
2,685
1,406
6,2123
7,2259
1,296
4,1481
6,2266
3,7153
4,1511
1,292
4,1301
1,352
3,1357
2,687
10,3910
2,899
2,788
3,5095
10,3670
9,2335
1,524
4,1405
1,1378
6,2147
1,268
3,1784
5,1582
5,2428
5,1514
3,1658
10,3880
1,426
4,43166
5,2008
1,235
7,2368
3,1635
3,1459
3,1114
1,342
10,3168
7,2279
1,631
3,980
8,6110
10,3468
1,619
2,841
10,3301
1,231
9,3079
3,1119
1,500
7,2368
1,289
7,2383
5,1865
9,3074
8,2810
1,391
2,857
1,595
3,1071
10,3526
1,247
10,3301
8,4004
7,2520
1,1365
1,352
1,351
10,10564
1,427
7,2372
5,2287
3,1182
3,1094
4,1489
4,1505
4,1023
10,2495
1,640
9,7738
6,2079
1,433
9,3520
9,5913
1,437
10,2989
4,1364
8,2508
1,295
4,1581
3,1228
4,912
9,2989
6,2538
10,4715
1,852
1,249
7,2546
1,384
1,310
2,874
2,721
8,10063
1,517
2,1117
3,1206
4,1556
1,530
7,2458
7,2359
2,941
1,364
10,3378
1,414
1,405
2,710
8,2457
1,521
1,365
5,1686
4,1542
5,1759
3,1203
2,962
9,3222
7,3677
1,256
9,10424
4,2950
1,466
10,3225
1,449
1,439
10,3509
7,2511
7,2377
10,4078
2,628
4,1516
10,3329
4,1719
1,734
9,2006
5,1611
1,329
10,3419
10,3186
1,473
8,2859
6,2731
1,665
10,2545
10,3234
7,2245
9,2857
5,1820
1,749
1,490
10,11498
1,425
3,1413
1,397
1,484
7,2400
8,2783
10,3483
10,2248
3,1166
5,1405
1,718
5,1807
1,480
1,556
1,4548
7,2617
8,3436
1,395
1,536
7,2240
7,2491
9,3038
6,2301
7,2488
8,2556
1,632
8,2773
1,503
1,598
1,487
10,4175
1,12318
1,428
1,400
7,1974
1,393
7,3024
6,1252
2,1554
7,5594
10,3800
9,6932
3,1147
1,382
1,303
7,2286
8,27267
1,393
1,345
10,2490
3,1180
10,3444
6,2151
9,2343
8,2431
1,505
7,24758
3,1252
1,845
3,1560
10,3447
5,2415
1,378
1,452
10,3231
8,7009
9,7494
5,2165
10,3457
1,383
1,759
1,373
9,3496
1,498
9,16815
2,646
1,539
1,352
1,389
3,1382
5,2377
9,2338
10,2451
8,2461
3,1137
1,698
3,1117
2,1274
1,432
1,342
10,4519
1,546
1,357
1,408
3,970
3,1058
1,539
10,2902
10,2801
5,1773
3,1400
1,367
7,14444
1,422
1,408
3,1091
1,653
1,465
3,1161
10,3464
4,2066
1,421
8,2156
8,2884
2,922
1,478
1,502
9,2479
1,422
1,406
8,2102
1,636
1,393
5,1643
1,390
1,596
1,610
1,267
7,4608
3,2250
1,387
1,376
7,1916
3,804
1,661
5,1588
1,622
5,2280
10,3039
5,1427
9,2927
1,526
10,3731
1,562
1,567
1,423
1,440
10,3537
1,350
1,371
2,947
1,563
10,3384
1,496
1,322
1,366
1,414
3,963
1,526
3,1075
1,367
1,452
8,2362
1,262
3,1175
5,1918
1,563
10,21569
2,935
10,2044
1,497
1,555
1,518
1,478
1,393
1,245
1,429
7,6122
1,245
9,3039
5,1885
2,610
6,2437
8,2629
10,2058
1,645
1,485
1,408
1,426
1,545
1,253
5,1948
1,588
2,873
7,2449
1,379
1,374
2,2085
7,2519
5,1785
1,364
2,803
2,842
1,365
1,450
1,249
1,482
3,1111
3,987
1,375
2,1118
5,1751
4,2505
10,3328
9,2881
1,407
1,585
1,574
1,283
1,388
3,1275
5,1794
10,2375
2,790
1,503
8,2892
5,1504
9,2969
5,2750
10,3250
1,441
1,636
10,5360
1,254
1,401
2,765
1,440
1,476
10,3754
1,484
10,3201
1,635
9,4052
4,1681
9,2950
1,380
1,482
7,2438
1,347
1,1091
7,1942
3,4020
5,1216
7,2230
10,3700
10,2915
2,752
3,1342
9,3290
1,396
1,360
1,553
1,437
1,279
9,3110
7,2396
3,6511
10,2574
9,2619
9,19413
5,1860
8,2526
4,1479
2,3538
1,339
1,356
1,664
1,512
1,250
1,447
7,1780
1,340
10,2488
10,2339
10,3408
4,1939
10,29396
1,511
3,1845
1,345
10,3241
3,1275
1,240
1,264
1,491
10,3805
9,2917
10,3533
8,2933
9,2800
10,14072
10,4397
1,583
3,1450
1,645
7,3777
8,1985
1,258
10,2059
1,435
7,4654
1,394
10,3333
8,4855
1,513
1,11891
5,1811
10,3734
4,1627
1,463
2,763
2,889
1,235
10,2267
7,1825
8,3631
7,2724
9,3102
7,7410
3,1413
1,474
4,1555
9,15561
1,512
1,509
10,4368
3,1305
1,234
5,1336
7,2519
3,1470
2,879
5,1812
1,454
2,1060
1,461
10,13742
10,6817
7,1774
1,416
10,3600
10,2947
1,252
1,257
2,789
3,1309
10,6471
1,448
1,430
3,3396
1,605
3,1631
9,2848
9,2957
1,383
3,1282
7,2085
9,3036
10,2204
10,3761
10,2547
2,873
1,302
10,2453
7,1965
1,461
4,1835
7,2576
10,3868
6,2188
8,2769
10,2280
2,829
5,1822
2,775
1,413
10,3385
1,248
1,495
2,652
8,3696
3,1173
1,638
9,4290
1,245
3,2603
7,2425
10,3367
10,3814
10,3183
5,1279
10,3667
1,255
5,1401
7,3092
1,894
1,655
3,962
10,3171
1,260
2,919
8,2834
3,1054
9,2816
3,1161
10,2632
8,3161
1,248
9,2252
10,12716
1,473
7,2703
5,1740
7,2155
10,2572
5,1682
10,10091
6,2383
10,2798
8,2694
1,390
8,3021
1,261
10,2133
3,6004
9,38697
9,3079
2,546
9,3050
10,3026
1,3790
10,3236
7,2729
6,1453
8,2731
10,2091
2,1007
1,251
10,2188
4,1382
1,554
9,2967
2,686
1,521
1,299
1,8285
5,1524
8,3118
10,3603
1,814
9,3438
1,627
1,240
9,3094
7,3009
1,475
7,2404
9,2496
1,494
4,927
5,18194
1,420
9,3042
6,2247
2,964
5,3826
5,2165
1,288
5,1812
8,2710
3,984
10,3921
7,2382
1,478
10,3120
7,2238
10,2424
8,2855
7,2421
9,2940
10,2961
2,966
1,302
10,3464
8,8875
1,319
10,13429
8,3118
1,419
10,2124
5,1685
10,2269
3,1204
10,4328
1,733
9,2329
8,2551
2,889
1,522
3,983
4,1772
9,3359
1,459
1,403
9,2234
3,12810
5,1995
7,11085
10,3564
5,1898
10,2874
8,2576
10,2428
1,529
1,380
2,615
1,506
1,430
3,973
10,2816
10,3164
10,3423
1,492
4,2246
2,802
1,464
10,3663
8,2042
1,381
7,2706
9,3048
1,360
1,395
1,429
10,2477
10,24469
10,2760
4,1271
10,15483
5,14155
1,327
10,3371
5,1709
1,440
1,561
7,3027
1,337
5,1280
1,365
1,490
9,21868
9,2209
2,515
4,8711
8,2889
1,420
5,1771
7,2752
1,494
1,538
10,3530
1,440
1,368
1,422
9,3094
9,16911
1,572
7,2256
3,8084
5,1984
1,282
10,3236
10,2257
1,554
1,383
9,9905
1,305
1,365
1,386
2,849
5,26861
1,392
1,507
1,538
10,3261
1,292
9,2282
10,2056
1,332
6,1991
10,3019
1,443
1,361
3,1852
10,3574
4,2587
1,280
10,2626
1,293
10,3230
1,247
1,402
10,2357
1,294
1,360
3,971
1,399
1,358
1,344
10,2210
1,618
1,341
2,617
1,459
5,1746
1,244
2,815
3,1177
1,270
1,254
1,578
1,549
1,274
1,467
1,681
1,710
1,317
1,491
1,390
8,2725
1,230
4,1309
5,1633
1,426
1,339
1,571
1,421
1,273
1,344
9,2452
7,2282
1,400
3,979
1,253
4,1598
1,240
1,359
10,3612
10,2493
1,301
7,2722
3,987
1,235
7,2287
10,3478
1,325
1,403
1,550
1,366
1,503
1,411
1,477
2,877
4,1224
1,348
10,3592
7,4185
10,3155
2,761
8,2746
1,458
1,436
1,465
1,265
1,367
10,2237
1,447
8,1842
6,2578
1,268
2,920
1,387
8,2940
10,3207
1,551
1,652
1,335
9,2939
1,268
1,364
1,2482
1,307
10,3320
7,2116
1,251
1,397
1,382
8,2610
7,2272
1,386
1,408
1,392
1,366
1,401
1,378
7,2270
1,404
10,3282
10,3497
10,3631
2,3552
1,371
10,7001
9,2622
1,736
1,370
5,1405
10,2806
1,277
1,385
6,1982
1,414
10,3837
10,3076
9,3196
3,2351
10,2370
1,622
10,3288
1,371
1,369
10,3249
1,804
10,2349
1,321
10,3428
1,394
8,3027
10,2498
5,1837
7,2536
2,830
2,621
10,3212
1,336
1,337
5,1397
6,2081
10,3382
1,328
10,2437
1,390
2,654
3,1145
1,369
10,2297
3,1482
10,2438
8,2845
1,590
1,5763
5,1812
1,422
2,3147
1,407
9,3337
1,427
10,9754
4,1377
10,2290
8,2915
3,1311
5,1065
1,409
7,2591
3,1082
7,2501
1,701
9,4819
1,955
3,1092
8,2640
1,528
6,1905
5,1686
8,2729
7,2366
1,330
10,2851
1,396
1,440
10,3152
1,423
10,2240
1,440
4,915
3,1273
1,419
3,913
10,3085
9,2961
10,3555
10,2678
5,1818
4,1408
4,1362
10,2342
1,338
1,535
8,2295
10,2327
4,1348
1,504
10,3384
9,2609
7,2620
10,6894
10,2009
1,252
1,376
9,3060
5,1441
1,338
8,2595
1,479
1,469
1,391
1,317
1,426
10,2316
3,1084
7,2668
10,2125
1,255
1,470
10,4004
10,3335
8,2848
10,6459
4,1484
8,2632
2,950
1,251
7,2348
4,1511
1,637
8,2552
5,1824
10,2503
1,1659
10,3226
3,885
9,2602
4,1626
3,1288
10,3749
9,3314
1,291
8,2248
4,1770
1,394
10,2916
9,2722
10,2177
10,3488
7,6282
10,2964
1,361
6,2441
1,363
6,1965
9,3217
1,369
10,3253
10,3318
1,433
1,451
10,2137
10,2782
2,779
9,3040
8,2637
4,1085
10,3288
2,781
10,2036
7,2285
1,335
10,3462
6,1798
1,360
5,1293
9,1818
5,1433
3,1252
1,492
3,928
3,1072
5,2846
10,3291
2,810
10,2794
1,353
2,781
7,2360
1,313
1,476
6,2085
9,2667
8,2543
3,1134
10,3242
3,1109
7,5460
9,6886
10,3387
9,2457
1,510
10,3254
10,2938
1,393
10,2305
4,1432
9,1936
6,1978
2,883
10,2815
3,991
6,9292
7,6993
4,1437
1,503
1,641
1,517
10,3385
1,252
10,2200
10,2172
1,413
7,2351
2,697
2,738
10,3490
9,3277
9,10550
10,3473
1,536
4,3181
1,391
6,2003
1,315
10,2590
10,2027
1,403
8,6183
3,906
10,2766
10,3205
1,524
9,3139
1,635
3,1309
9,4541
1,397
6,2118
1,253
5,3450
1,364
1,261
10,3189
7,2011
10,3038
10,3408
5,1777
1,527
1,505
10,3558
6,1997
1,512
4,1000
1,224
9,5282
1,350
1,334
2,821
7,2521
7,2718
9,2023
3,937
1,456
1,481
2,932
7,7643
1,1738
3,798
10,3100
9,2347
1,249
1,401
3,1208
3,767
1,708
7,1845
1,475
3,1109
1,396
2,865
7,7678
1,521
1,354
1,596
1,508
1,245
1,395
1,531
10,2478
1,732
7,2133
4,1322
3,3822
1,370
3,1210
10,12935
4,1281
1,285
5,1937
1,284
1,355
1,379
10,3751
1,2938
1,538
7,1820
10,4975
10,2281
1,391
7,2133
5,31013
1,421
1,303
1,412
1,313
1,313
1,292
2,669
8,2251
1,610
1,508
1,342
3,1213
1,402
9,3234
10,3463
1,389
1,258
10,2156
1,382
1,231
7,2735
7,1794
8,3940
1,510
5,1473
10,10452
2,797
4,3998
8,2926
3,1511
1,509
1,239
9,2945
1,356
1,229
1,279
9,4584
7,2656
1,546
10,2802
2,758
7,2417
1,359
10,3618
5,3600
1,434
1,241
5,1874
1,317
1,233
1,261
10,10340
3,1162
1,590
4,1596
1,402
1,633
1,545
8,2291
3,1624
9,3225
1,321
10,2728
1,485
1,238
10,2247
6,2385
7,2443
6,2021
5,1298
1,470
7,2397
1,460
10,3376
1,532
5,1763
1,237
9,2463
1,373
1,234
3,990
10,3604
9,2590
1,370
3,1171
1,637
7,2413
9,2993
7,2538
10,3883
5,1834
1,273
10,2598
1,374
10,3310
5,1570
8,3218
10,3498
1,600
10,2234
1,630
7,2394
2,748
1,483
2,676
10,8288
1,283
10,2484
1,309
4,1327
10,3078
3,780
1,493
1,541
1,446
1,491
7,2366
5,1660
1,370
7,2067
9,2906
1,272
5,1439
10,3461
6,1628
10,2533
1,669
1,245
4,1024
1,261
1,486
8,2731
7,4957
1,302
10,2941
6,5463
10,2888
2,1088
10,3229
10,3036
10,2462
1,713
1,278
2,920
1,408
1,651
9,2910
6,1886
1,373
5,1455
7,13309
9,2881
4,1363
10,3188
10,2591
10,2677
4,1644
1,244
7,2558
6,1726
1,437
3,1040
8,2448
1,267
9,2763
10,3011
8,2717
7,2070
5,1814
8,1919
5,4366
1,475
1,289
10,19382
1,290
1,496
3,1128
7,2325
1,256
10,2514
5,1645
6,2107
10,3255
7,2185
3,1106
10,2204
1,311
1,254
4,1391
1,469
10,3356
1,426
3,984
1,498
1,575
5,1629
10,2307
10,2491
10,2843
10,2933
8,2358
1,510
1,258
6,2864
10,3701
8,2908
1,359
3,906
1,281
8,2319
3,1148
2,751
5,1990
10,3141
10,2024
1,335
1,456
1,339
5,1670
1,367
7,2497
1,396
2,635
1,321
1,335
1,474
10,2885
3,1182
3,1081
2,981
6,2105
1,369
1,275
8,3004
1,323
9,3355
1,360
5,1681
1,310
1,277
1,539
4,1541
6,2046
5,1680
10,5294
10,2770
1,1014
1,256
10,3201
10,3323
5,1504
1,726
8,1966
1,558
1,252
1,427
4,1515
8,2650
10,3474
7,2533
10,2261
1,353
1,464
3,1072
1,408
10,2258
1,316
1,707
10,2192
1,432
10,3337
10,5079
1,510
1,445
4,1426
10,2888
1,350
5,1358
5,1554
1,365
3,1068
1,440
10,3193
1,302
1,417
9,3033
3,5703
1,273
8,2130
7,2432
2,442
10,2527
1,556
1,548
1,287
5,1526
1,259
2,673
1,463
3,786
2,918
6,2119
1,253
3,890
5,1573
4,1593
10,2418
10,2446
10,3757
7,1600
10,2417
1,344
1,478
10,2274
1,1138
7,2022
7,2595
1,309
10,3059
9,2852
1,391
10,2896
10,2496
1,556
3,1450
3,876
1,284
7,2313
10,2420
1,354
10,5083
5,3006
1,253
10,2134
5,1677
1,550
2,604
9,2858
2,699
3,1293
10,3020
10,2747
10,2887
9,2270
1,369
6,2159
6,2108
1,294
10,3016
7,2231
1,349
3,1119
5,1694
7,1875
9,4352
9,2857
5,1950
9,5905
10,6089
1,330
9,3350
8,3231
1,258
2,615
1,428
1,358
10,4634
9,3294
9,3026
2,828
10,3510
10,2339
5,2092
9,2235
5,1654
8,2289
6,2142
1,272
9,2096
6,1893
1,456
10,2413
10,3461
10,3645
1,323
8,2584
10,2251
8,5430
10,3121
3,1245
3,1160
7,2332
1,292
7,2317
1,444
1,456
8,2196
5,1477
5,1205
4,1872
10,2661
10,2997
9,2476
10,2077
10,2811
4,1547
3,1401
1,245
1,488
3,1115
1,552
7,1838
5,1788
9,2726
5,1845
10,2243
5,1802
3,1212
6,1899
7,1951
1,353
5,1915
10,2417
1,609
1,379
1,414
5,1910
7,2544
8,3065
5,1367
7,2260
10,3576
10,3038
1,270
10,2763
1,1188
4,1342
1,508
1,430
1,632
9,2304
4,1495
4,1310
3,867
6,2160
1,376
4,1487
5,2068
5,1376
8,2098
1,462
1,550
8,1974
1,352
1,519
5,1350
5,2001
10,3233
1,264
3,1020
2,729
10,2932
1,474
7,2390
10,3803
1,571
2,751
10,3371
1,410
1,570
1,339
3,1144
2,709
1,361
1,332
1,524
10,2322
1,386
10,2242
10,2554
1,384
1,692
3,1144
1,407
1,519
1,450
10,2216
10,2368
1,350
2,638
1,334
6,1937
1,386
4,1579
10,2164
1,370
4,1693
2,865
1,488
1,525
4,1089
10,2284
5,1266
1,308
4,1400
1,667
7,2337
1,350
9,2301
2,782
1,817
1,1774
10,3655
1,402
1,601
2,839
6,2323
5,1768
1,295
2,796
5,1899
5,1633
1,382
5,1954
5,1559
1,334
1,19242
7,2344
4,1562
10,3850
6,1996
10,3830
3,1447
5,1266
7,68344
1,298
2,637
1,324
10,2778
4,1065
1,460
1,582
4,1559
1,347
1,628
5,1626
10,3549
8,2815
1,277
9,36035
1,470
10,2586
1,296
3,958
5,1072
1,475
1,354
6,2960
1,365
10,3463
10,3630
7,2300
6,2070
1,430
3,1009
1,568
10,3430
1,512
1,492
2,455
10,3247
10,3086
9,2966
8,13426
1,601
6,1912
1,653
10,2610
1,361
3,1085
1,354
3,1466
1,464
1,355
10,2206
3,879
1,418
10,3482
10,3704
5,1820
10,11241
1,800
1,429
1,433
5,1780
1,376
5,1300
1,328
1,359
10,2427
10,2965
1,440
1,485
5,1782
5,1794
8,2692
1,544
1,256
1,399
1,673
1,322
8,2333
10,2407
1,242
10,3336
10,3519
1,293
7,2435
2,629
3,8789
10,7445
1,870
1,354
9,2343
1,536
1,453
1,435
2,912
1,285
6,1945
8,2030
1,413
6,2188
6,3332
1,600
4,1457
1,501
1,247
10,2451
2,681
10,2704
1,266
8,3036
1,274
10,8019
10,3282
10,3320
5,1596
7,12480
5,2157
1,727
4,5963
1,232
2,683
1,2290
5,1861
1,250
10,2775
1,282
8,2071
9,1989
1,472
8,14092
10,3330
1,400
10,3548
1,389
1,264
1,572
6,2052
4,996
1,342
10,3147
1,268
1,367
7,1655
1,536
10,3078
5,4123
2,654
1,377
1,463
1,250
3,957
1,422
3,876
1,402
10,2791
1,402
1,277
2,718
7,1749
2,1273
3,966
7,2440
2,584
10,12167
1,296
10,3780
1,405
10,2499
1,350
8,2586
1,642
1,320
1,374
9,2705
3,1234
10,10021
10,2877
7,2272
1,381
1,246
10,3096
1,374
6,2310
1,640
2,6594
10,2447
1,668
5,1397
5,1503
4,1573
1,534
5,1999
9,3138
1,499
1,320
8,3085
1,384
10,3533
1,426
5,2106
1,622
1,1647
3,874
9,2405
5,5943
10,3400
9,3288
10,3108
1,546
1,369
8,2005
1,409
7,1793
1,268
4,1299
3,1441
1,792
5,1429
3,1101
1,694
1,381
9,3080
5,3857
6,2166
8,2017
7,1664
2,781
10,3520
1,278
5,1412
10,3227
1,704
4,1342
5,1650
1,607
2,743
8,2723
9,2331
6,2202
2,952
2,699
2,687
9,3244
10,2413
10,2850
10,2234
1,532
7,1553
10,2539
9,39906
7,1542
3,1253
8,2004
4,1450
10,2383
5,2117
2,2907
3,1285
8,2915
5,1214
10,3312
1,616
10,2769
3,1026
1,430
10,3474
10,2536
3,1103
2,796
10,2169
4,1648
4,1515
5,1874
10,3604
10,2436
7,2527
1,705
10,3225
3,1064
1,416
6,2850
10,2455
5,1854
4,1362
2,805
5,1207
1,488
2,948
10,2237
6,2857
9,12183
2,893
10,4134
10,3169
1,381
9,2385
3,1633
1,396
6,2074
8,3139
2,903
6,2143
3,1327
2,854
10,3639
4,3567
10,3644
6,2105
10,3208
1,421
9,1988
9,3075
1,311
6,2046
9,3052
10,2917
1,625
4,1389
10,3442
10,3503
10,3063
3,1067
10,2504
9,2822
1,386
8,2389
10,2397
1,426
3,1098
4,1435
10,2517
2,772
7,2474
3,1124
5,11828
2,852
3,976
1,633
10,3361
1,607
3,1130
1,426
1,276
4,1417
3,1102
6,2109
1,371
6,5104
4,1608
6,3971
6,2079
4,1234
1,594
8,3687
1,453
1,437
10,5982
1,326
10,3227
5,9804
10,2998
1,565
7,2342
10,3313
1,843
5,1742
3,891
1,503
7,1957
1,554
1,303
10,2669
1,264
4,1371
1,8098
10,3225
2,804
2,696
10,3314
1,526
7,5024
6,2282
1,505
7,1694
10,4728
1,335
1,398
1,289
5,1974
10,18897
8,2467
7,4301
6,2167
7,2635
1,584
9,2918
6,2161
1,543
1,359
1,859
4,1411
1,376
1,343
2,807
6,8739
1,729
1,351
1,388
1,530
10,4179
6,7475
7,5343
1,535
1,379
2,892
1,397
1,276
1,383
1,419
7,23160
1,610
6,1841
3,2174
7,2242
1,605
8,2396
6,7054
1,470
1,360
1,393
1,613
1,259
1,253
6,6843
8,9223
1,692
1,517
1,427
5,1566
4,1210
5,1917
5,1889
10,6961
2,542
10,2925
1,298
1,563
8,2241
3,4296
6,21869
1,611
3,1046
1,407
6,6311
1,25922
4,1166
4,1493
1,475
1,482
5,2133
1,815
1,421
10,2354
2,785
7,2363
1,645
4,6151
1,390
7,4777
3,1096
10,3367
1,477
1,393
1,384
9,8325
1,385
1,279
2,703
2,739
5,1605
5,1998
1,621
4,1419
8,13966
4,1276
3,5681
10,14065
1,401
1,342
8,3053
1,256
1,311
3,894
2,627
2,787
1,943
2,835
1,453
9,3086
4,1238
1,496
4,1584
3,30179
1,318
9,3536
1,370
1,332
10,3797
4,1336
4,1134
10,13058
5,1930
3,1229
3,1000
1,4077
1,571
2,839
2,765
1,315
10,2478
10,2990
10,3262
2,699
2,830
3,943
1,599
4,1486
1,436
5,1563
1,436
1,575
1,579
3,1721
1,387
5,1803
10,2069
7,2330
9,7651
1,397
9,3341
1,579
5,2003
1,547
2,798
1,363
1,624
6,2028
9,2770
5,1313
10,2956
10,2297
1,503
10,14325
1,492
10,2648
1,495
2,834
1,463
3,1110
1,441
1,540
3,1081
5,1516
1,511
3,1037
3,954
4,1764
8,1825
1,478
1,495
1,534
10,3629
3,1103
1,513
1,484
1,682
1,567
4,1212
1,457
8,2848
8,2071
10,3256
7,2773
2,809
1,506
3,1368
1,588
1,418
1,629
6,2375
1,558
1,702
3,1244
4,1364
9,4507
10,9620
2,1090
1,432
1,481
1,411
8,3493
4,8402
1,545
1,659
7,2394
1,606
1,852
6,1887
10,2950
10,3493
10,2571
10,2592
5,1817
1,407
1,550
2,701
4,1164
1,522
1,594
6,2277
1,511
2,1324
7,2224
5,1221
10,6416
7,1739
10,2585
4,1247
1,392
1,312
2,1095
3,1273
5,1796
1,489
6,10123
1,490
2,784
6,1970
5,1386
10,2352
2,806
10,3759
5,1401
2,36423
1,413
4,1946
4,5777
1,380
1,621
4,1444
1,463
2,719
2,891
10,2295
7,1701
5,1994
6,2040
5,1667
2,941
1,527
7,3221
3,1291
1,434
1,429
10,15552
10,2707
1,1742
1,339
6,1569
1,392
5,1789
8,2216
10,2691
7,2114
1,362
6,2058
2,837
2,790
1,501
4,1640
1,413
4,1335
4,1315
10,3165
2,928
4,1200
10,3585
10,2130
1,6450
1,525
3,1039
3,1206
2,894
1,529
2,814
2,579
1,909
1,454
5,1158
1,573
2,619
6,1958
6,1878
6,7506
1,541
3,1041
5,1795
1,514
1,518
1,341
7,1830
1,483
3,1128
10,3600
1,286
10,2346
3,1356
10,3137
1,441
2,848
2,829
1,504
3,1088
1,1018
6,2038
10,3398
2,1130
5,1955
3,1071
5,1337
10,2149
2,958
10,2974
3,1045
1,369
7,2321
2,729
7,2412
10,3132
3,5614
5,1818
1,399
2,1155
4,1434
1,610
6,1764
5,1578
5,1493
4,1198
7,2326
4,1396
2,650
2,755
2,764
2,660
9,3025
2,843
2,903
4,1262
1,528
10,3123
1,605
1,690
5,1603
10,3322
3,1049
6,9110
4,1541
7,1836
1,455
8,2337
1,983
1,493
1,302
1,379
10,13031
6,2137
1,595
1,380
9,9989
2,872
3,1088
2,822
9,3312
1,831
3,893
1,500
6,2180
9,2653
1,296
8,2367
1,563
1,498
1,326
10,3595
5,1717
8,4083
2,778
10,3608
2,717
5,2079
1,382
3,1060
2,8842
1,359
1,649
1,471
1,495
1,454
8,2144
1,533
2,656
1,427
5,1739
4,1289
10,3317
6,1972
2,867
4,14050
1,357
1,823
5,15211
4,15456
6,2620
3,832
6,2455
6,10929
1,559
8,2271
4,5385
10,2581
2,722
6,8881
7,2374
1,369
1,456
1,376
1,13941
1,332
10,3071
3,1056
3,1246
2,839
3,1640
2,623
2,657
7,39074
2,728
6,2111
1,256
1,566
1,507
10,3232
2,661
3,1188
2,859
6,2075
4,1539
5,1507
1,325
10,3485
6,20424
4,1405
3,1123
5,1930
1,551
4,1622
1,224
1,371
9,2665
2,643
7,2454
1,516
3,12849
1,317
3,1754
1,5741
1,1205
1,395
4,1135
1,39271
2,871
1,550
1,424
10,3538
2,714
1,431
5,1657
10,6332
2,627
8,2853
2,3980
1,567
1,660
3,835
4,36308
5,1627
1,482
4,1347
3,1031
4,4361
4,1270
3,1047
10,3259
4,2268
9,2695
3,1144
2,1073
6,4753
10,2336
6,1929
1,328
1,580
2,661
8,1736
1,533
1,532
5,1596
7,2052
2,937
10,3280
6,2330
1,366
2,24298
10,3368
10,3949
3,1210
1,442
5,1579
10,2522
2,2913
9,8073
7,2404
3,1166
7,2273
8,1946
4,1551
2,7200
4,1576
6,1795
1,468
1,383
3,948
10,3237
10,3825
1,338
7,2501
1,522
8,2666
1,8921
1,344
1,468
2,1072
9,7246
10,3428
3,1058
7,2251
9,3533
2,715
5,1455
1,475
1,364
5,1921
10,2944
3,6810
2,732
5,1559
1,2396
1,372
7,2276
6,1873
7,37209
2,900
4,1428
1,431
7,3051
1,490
2,901
10,3408
1,319
7,1868
1,35701
1,529
4,1479
10,3800
2,633
4,1500
6,1888
4,1304
7,2413
1,5911
9,3339
4,1453
10,3177
1,397
1,562
1,581
2,790
6,1966
6,12892
4,1295
3,1029
5,1660
6,5829
7,2345
1,8459
1,1376
5,1653
7,1691
6,1807
1,373
5,1747
1,549
1,384
3,1403
1,485
3,32944
6,2166
4,3327
2,722
2,1279
1,667
2,942
2,491
1,449
1,265
4,2281
2,3216
5,1919
2,1230
1,482
1,31790
2,918
2,646
5,1889
1,407
3,1045
4,1511
5,1431
5,1692
1,255
2,913
1,425
2,779
4,1420
1,453
5,1712
1,627
3,1224
1,466
1,415
3,6779
10,3464
1,381
1,333
1,631
2,751
1,468
1,495
5,1518
4,1471
1,428
3,1209
3,1048
1,372
1,551
6,2055
4,1231
1,524
6,35605
1,689
10,4795
1,416
1,484
4,5833
7,2355
6,1820
1,593
3,1437
1,379
4,3971
4,6254
1,605
1,322
1,416
1,372
1,579
1,355
1,474
4,1437
6,2047
1,402
10,3526
5,3455
1,375
1,498
1,561
3,1147
1,547
1,476
5,2383
4,1220
1,443
1,587
2,875
3,1156
1,444
5,1671
1,686
1,263
2,675
1,430
2,728
1,463
1,365
1,315
3,1217
1,513
4,1405
3,983
4,1492
3,968
3,1209
2,1002
1,287
7,2992
1,359
4,13060
1,440
4,1317
1,490
2,1161
3,7725
1,410
7,2526
10,3457
1,735
2,631
1,440
1,246
3,28330
1,571
1,351
1,329
1,477
1,271
3,1932
4,1969
1,467
1,369
5,11498
2,995
1,290
6,2040
1,287
6,28920
1,3188
1,507
1,279
4,1528
5,1326
6,8600
5,1517
1,385
6,1864
2,697
1,565
4,9765
2,817
1,249
6,13038
1,571
3,1055
1,278
1,394
3,824
3,1174
1,444
3,1074
4,1396
1,451
2,702
3,1958
2,681
1,247
2,4167
8,2766
1,531
1,276
5,19998
10,2447
2,842
6,2124
2,807
6,6386
6,4792
4,1315
6,23245
6,2052
4,1252
1,559
4,1458
1,521
4,1510
2,719
10,2325
5,1934
5,1775
2,801
1,361
3,1030
2,1754
2,897
4,3965
3,866
5,2021
4,1613
1,561
5,2101
5,2214
10,2851
1,542
7,69423
2,832
10,19017
2,768
2,3987
2,644
7,2581
10,2502
1,407
5,1668
3,1013
10,2447
3,1027
10,2710
6,2321
4,1502
2,825
1,573
1,467
7,2567
2,1029
7,2415
10,2162
1,522
4,1466
1,476
10,3471
10,3234
7,2047
2,749
5,3567
2,802
3,1012
2,696
6,2396
1,468
9,2963
10,3015
4,1661
8,2502
1,548
6,2258
4,1630
10,36400
3,964
2,2167
1,527
2,808
4,1258
5,1917
1,337
8,2760
6,2096
4,1507
2,899
6,2196
10,6985
2,751
3,12471
2,708
2,807
2,832
1,354
1,452
3,1185
4,1272
9,2927
7,2544
2,740
10,2550
2,775
10,2676
1,5738
4,17386
4,1704
4,1045
6,1992
5,1656
1,488
5,5520
2,601
3,1608
10,12888
1,411
5,1625
1,579
1,769
3,1019
6,25249
6,2871
4,1265
1,479
1,560
2,712
7,2221
2,648
6,2007
4,1434
5,6323
6,1922
5,2378
10,3937
2,745
4,6388
3,1089
3,1235
3,1150
1,416
2,657
4,1203
2,1139
4,1324
3,1030
1,580
6,6883
1,394
3,1057
3,1107
2,937
7,6964
1,393
4,1662
6,3827
2,726
1,553
1,53871
3,1013
8,2113
2,878
2,815
6,2639
2,772
3,1114
5,1761
9,10676
2,641
5,1696
1,482
1,468
2,1336
1,386
1,497
4,1310
10,3494
6,1778
2,710
4,3010
5,1721
4,1558
1,720
4,1158
6,1975
1,539
1,455
5,2105
1,329
1,499
2,750
1,545
4,1365
1,369
4,2658
6,1994
5,1688
1,598
3,1201
2,606
2,792
6,4911
1,370
5,1554
1,396
1,319
3,1201
3,1012
1,673
6,31086
2,715
7,12342
1,440
3,1694
1,336
1,395
1,322
1,701
3,10579
1,338
4,1246
4,1284
1,473
6,2156
9,3199
1,380
3,962
1,405
4,3205
5,1856
1,448
1,320
1,795
1,12981
1,427
4,8049
2,886
6,2169
3,947
6,42483
2,823
6,2699
1,270
5,2237
5,1876
2,975
2,17485
3,1093
5,12336
1,453
2,824
3,1225
7,2563
2,487
4,90882
3,1017
2,7654
1,372
2,852
4,1302
2,663
3,14587
4,1462
1,422
1,382
7,2235
3,1159
1,316
2,657
4,33639
2,814
4,1399
5,1257
2,800
2,771
2,716
4,1222
2,768
1,368
1,511
6,2803
6,2197
1,320
2,595
1,341
6,2034
10,15640
3,780
1,460
2,808
1,551
7,10626
1,326
6,20299
1,513
3,1146
1,629
1,333
4,1526
4,5380
3,1058
4,1324
9,2697
6,4723
10,5058
4,1369
4,1222
1,653
4,22071
1,404
9,33609
2,700
10,2970
3,1275
6,1914
7,2423
1,335
6,3128
1,525
1,475
2,1009
2,659
3,1092
5,1850
5,3406
2,709
3,4405
1,468
7,3085
1,565
9,3132
2,619
8,3628
6,2618
4,1459
6,2190
5,14097
1,448
4,1447
1,473
6,1841
6,2279
8,2485
5,1873
5,1720
7,2857
5,9928
4,1444
2,962
4,1381
7,3039
5,1507
4,6929
1,353
4,1355
2,626
3,929
1,381
3,1201
3,3680
5,1552
1,475
1,470
2,926
1,268
1,473
7,2322
1,3652
1,576
1,454
1,10811
2,916
1,369
9,2925
2,658
9,2700
6,1759
1,408
6,2581
1,455
2,875
1,3240
3,6865
10,3368
8,2947
4,1293
2,762
1,343
8,2788
1,795
8,2418
1,419
3,3007
6,2028
4,1388
6,2077
5,2421
4,7705
2,781
4,1425
5,1795
4,1568
1,307
8,2676
7,36351
4,1808
1,478
1,453
3,1248
1,696
1,656
4,2237
3,2439
1,455
5,1964
1,449
6,2368
10,3244
3,1228
1,512
3,1230
3,1406
1,484
7,2639
1,375
3,1267
1,355
1,416
3,10536
4,1799
2,10375
7,5900
1,292
1,533
6,34500
3,1148
1,359
1,478
7,2337
1,509
4,1583
1,488
4,6700
4,1417
4,1597
6,1776
9,3221
10,2959
4,1618
1,481
1,470
1,394
1,526
9,4508
3,1005
2,1006
2,637
1,419
4,1477
4,2126
3,1080
3,16407
1,289
6,8484
1,420
8,3267
2,843
4,1398
3,1458
2,1253
1,697
10,3246
10,15856
2,666
2,1087
1,56375
5,1807
9,2193
4,1553
6,4940
1,430
2,657
10,3236
9,7097
3,5609
2,831
5,1652
1,411
6,58850
10,3304
2,779
9,2883
2,666
4,1594
1,586
1,460
2,738
4,1597
8,5057
3,1033
5,1789
1,423
1,413
2,58279
6,1797
2,1519
8,2786
10,2255
4,2503
1,493
1,443
4,1384
4,1467
4,3354
1,338
4,1684
3,1224
5,1726
7,60980
6,2195
2,748
4,1800
3,1007
4,1368
3,7584
1,815
2,774
4,1375
3,1279
1,474
2,801
4,2899
2,894
3,55518
6,2242
2,700
6,2082
10,3076
4,1439
1,639
1,382
1,20861
4,11259
1,346
5,3202
5,1797
1,459
2,688
4,1564
2,713
1,351
3,997
10,3705
8,2813
1,444
3,1401
1,434
8,2784
1,1208
1,622
10,3660
2,849
6,1899
1,604
4,1260
4,8397
1,536
10,3756
5,5972
1,477
1,1733
1,544
5,13328
1,545
6,1974
4,1585
3,1516
1,471
2,972
6,1643
1,322
3,1406
10,3364
10,3747
4,1373
1,1652
1,6185
6,2462
1,629
1,364
4,4230
4,2338
6,1903
3,1040
2,743
2,607
1,435
10,3017
6,1821
2,640
1,454
1,5188
6,2084
1,530
2,909
3,1161
1,591
9,5277
1,461
3,894
1,431
1,544
7,1967
2,879
2,736
1,433
7,9041
2,698
1,711
9,2967
1,402
1,475
2,561
1,1861
9,3177
1,397
1,528
10,3121
6,2060
2,676
4,1591
3,22795
2,930
1,1001
1,375
4,1451
1,458
2,613
3,1138
10,2540
7,4804
1,511
9,1989
6,2009
1,408
1,422
1,440
6,9675
1,518
2,1077
1,2063
2,710
4,1123
5,4838
10,3528
6,2328
1,463
5,1275
5,2443
2,32918
1,479
2,2812
5,20823
1,491
1,687
2,848
6,1858
6,2119
1,484
10,2814
1,583
1,517
4,1578
1,615
1,535
2,774
6,1823
6,2146
1,530
6,2059
3,1105
1,447
3,1068
1,442
8,1976
1,461
4,1716
1,608
2,1225
2,880
4,1227
1,5336
2,926
4,1647
3,1384
1,368
2,748
9,3181
2,1410
7,1928
1,508
1,552
1,424
1,499
7,3288
4,1469
5,1550
4,1062
1,347
2,713
1,572
1,448
7,9237
6,2167
1,368
3,1431
1,530
1,307
1,470
3,1260
8,2511
4,1359
3,788
8,2897
2,950
3,1098
6,1974
1,464
2,698
6,2262
4,1250
1,601
1,378
6,2244
1,507
4,1556
1,463
10,3438
1,380
4,2078
1,546
2,736
3,1125
2,605
1,546
1,3427
7,2634
1,522
1,371
5,2392
5,1577
2,880
8,3070
4,1443
3,982
1,442
6,2408
8,2629
4,1573
1,380
1,458
1,443
5,1737
1,361
4,1348
4,7749
5,1678
10,9498
4,1493
7,2555
1,477
9,3269
6,1875
6,2122
1,447
5,1684
1,474
1,372
1,361
10,3219
6,1900
5,13525
10,2179
4,1593
1,575
5,1883
7,2339
4,1293
7,2519
1,350
1,501
8,2770
1,241
1,399
1,354
6,2024
5,1888
1,604
5,2614
5,2012
1,365
4,1483
3,1035
9,3918
1,490
7,6205
5,2137
1,360
1,368
7,2296
2,665
4,1152
1,602
2,877
9,4732
1,900
7,2262
1,363
9,4503
1,301
2,922
4,1580
1,585
1,374
5,1921
6,1831
1,353
8,2194
8,2688
3,1199
6,6986
3,6185
3,1913
7,21425
1,361
2,940
4,4221
10,2419
1,442
4,1582
2,978
4,1048
1,262
10,3321
8,2969
2,981
9,3069
6,2189
8,3267
1,328
5,2408
8,2715
1,261
10,3376
2,782
5,1604
2,781
1,472
6,1983
3,1415
1,708
8,2588
4,1421
3,1078
1,407
4,1648
10,3142
1,249
4,1232
5,1822
6,2022
2,673
1,245
5,1911
6,7472
2,958
6,2042
1,656
6,2240
1,269
2,4970
2,888
10,2871
2,606
2,796
2,794
1,351
1,236
2,645
1,571
1,508
4,2525
1,401
3,1119
10,2487
2,753
6,2368
10,2713
3,910
3,1147
4,1362
4,1726
1,226
2,748
4,1565
1,380
3,1108
4,1471
4,1278
4,1077
4,1684
2,20731
6,1775
10,3507
4,1573
3,733
3,900
1,236
6,8187
8,2791
6,2180
1,430
1,491
1,466
10,3178
10,7387
2,809
10,3286
8,2748
1,371
10,3233
2,848
1,439
4,1324
4,1407
3,1281
1,442
5,1728
1,461
3,645
1,268
5,22222
10,4157
8,2135
4,1483
10,3540
3,4509
1,300
10,2441
4,1486
2,819
1,452
1,344
1,423
10,2619
4,1502
6,2064
10,2973
7,1855
4,8007
8,2700
1,504
7,1506
6,1603
4,1350
6,2165
1,388
1,434
1,479
10,3041
4,1190
2,643
10,10623
2,838
1,511
10,2389
1,457
2,753
2,828
5,1375
3,1145
1,423
4,1298
1,442
10,3652
3,2146
4,1248
10,2902
6,1504
3,1009
8,1944
1,587
6,1790
3,1323
4,1609
4,1397
1,399
5,1816
3,951
7,2058
1,544
3,969
10,3967
10,2738
1,419
7,1625
3,1646
3,839
10,2858
2,644
7,2665
1,496
4,1214
1,428
10,2696
1,1102
10,3314
10,4131
4,1027
3,1584
2,566
1,378
4,1100
10,3125
9,3879
9,2794
1,465
9,5184
1,367
5,1318
1,408
8,3174
5,1369
3,1170
2,3426
6,2369
1,440
7,2476
8,2259
10,3262
5,1762
1,606
1,234
1,484
5,1766
1,488
10,2863
4,1187
10,2303
1,487
1,650
1,441
10,3515
8,2088
1,488
9,3260
1,619
10,2388
1,497
9,2895
3,998
10,3535
3,1224
10,3264
1,420
10,3123
1,439
10,3011
7,1520
1,480
3,1575
4,1571
1,3042
9,2389
5,1282
1,613
8,2681
2,620
10,8208
1,974
1,458
6,1968
10,3033
1,499
6,2131
4,1568
4,7625
1,398
1,371
10,6908
1,450
7,1771
8,2397
10,2358
2,1111
1,418
5,16260
10,2548
2,589
6,1994
4,1784
1,509
1,421
8,2666
10,3098
1,627
2,469
5,1215
10,3045
1,1853
1,392
2,914
10,2438
1,307
1,356
6,1949
1,633
1,446
1,452
10,3227
5,1885
7,1904
1,452
7,2356
5,2544
1,271
1,287
10,2254
6,1619
6,2097
3,1187
8,2654
6,2039
3,1149
5,1340
1,571
1,288
1,407
5,1333
1,497
1,251
10,67613
5,1405
1,314
2,658
1,460
6,2114
6,2043
1,421
1,308
6,2204
1,360
1,462
1,445
6,7281
1,245
2,769
5,1451
1,368
1,395
1,700
4,1508
2,677
4,1408
10,3235
2,800
1,265
1,431
1,327
1,403
1,265
1,465
5,1583
1,319
1,490
4,1512
5,1656
6,2172
4,1518
1,499
2,2344
1,431
1,367
1,285
2,1200
1,266
3,1132
9,2109
1,377
1,349
8,4464
4,3027
1,351
4,1300
1,484
1,380
1,260
6,2347
1,290
1,1115
1,301
1,351
5,1786
1,262
1,587
4,1646
8,3077
5,9374
1,663
1,406
1,604
1,285
1,339
1,324
1,473
4,1380
2,711
10,3424
1,260
1,423
2,906
2,852
2,816
2,1064
1,266
1,8819
1,247
1,602
1,270
1,375
10,2963
6,2011
10,3182
1,351
5,17641
4,1799
10,3227
8,2596
4,1485
1,273
7,2313
1,245
10,3497
1,309
6,2202
10,3048
3,1084
5,1481
1,393
1,476
4,1539
6,2212
3,1145
10,3137
1,375
1,330
1,286
1,413
1,476
2,753
10,2712
4,1649
1,365
4,973
6,2161
5,1598
2,672
10,2755
6,2019
1,388
6,2010
3,787
10,3050
10,2560
2,879
10,3373
6,2145
5,1043
3,780
1,388
2,665
2,672
8,2744
6,2353
1,407
2,687
1,273
1,407
1,395
3,993
10,3131
9,14936
1,216
10,2655
1,310
9,7392
5,3817
10,3252
6,2427
1,722
1,420
10,2376
1,455
1,442
7,2385
10,2828
9,3122
1,232
10,2881
10,2619
10,2740
4,1248
10,3085
4,1793
1,618
4,1389
3,823
10,3476
5,1728
8,2638
5,2202
3,1132
1,358
10,3852
2,594
6,1798
6,1508
7,1976
6,1368
10,3539
3,665
3,835
7,1667
5,1425
9,14017
5,1127
5,1653
1,318
10,3022
4,1284
5,1790
2,889
2,595
2,764
10,2515
6,1853
7,1536
10,2644
9,2022
3,971
9,1929
4,1470
1,355
10,2371
3,1175
1,388
3,905
10,2219
3,751
2,547
7,2706
10,2467
3,910
10,3486
6,5104
5,1388
1,378
1,250
7,1631
8,2227
6,2751
10,3423
10,2235
8,1938
10,3082
9,3330
10,3791
10,3225
10,2636
9,2936
10,3302
6,1738
1,223
10,2543
10,4856
6,2020
8,2027
3,1187
10,2739
10,2921
9,3318
10,3222
10,2658
5,1868
3,1041
10,2995
9,32409
1,410
5,1459
8,1773
1,547
10,3210
1,454
10,2997
10,3289
3,9140
7,1872
10,6334
1,419
3,1088
10,3527
1,521
1,349
10,2278
7,1607
6,2140
10,3117
1,258
10,2950
8,2043
6,2198
10,3855
8,2224
10,2891
5,25146
5,1127
4,1477
1,273
5,1360
2,510
1,396
8,1968
10,2165
8,1837
10,3456
4,4062
5,1348
5,1733
10,3241
1,432
1,461
8,6914
10,3302
5,1848
6,1649
1,484
7,1738
1,268
7,1600
4,1164
3,1262
5,1766
7,2194
10,2410
4,10273
10,4137
4,1413
2,1592
9,2772
4,1074
1,1145
1,335
1,338
2,596
3,1243
1,623
5,1333
2,816
10,3435
1,458
1,895
5,2088
8,1834
10,3290
10,2177
1,470
2,580
1,372
1,569
5,1964
4,1605
5,1407
5,1551
10,2971
4,1810
10,5426
4,1529
10,3068
10,3357
3,829
1,398
1,309
1,476
1,411
10,3673
6,1967
9,2811
10,3017
10,3441
4,7449
1,462
4,9723
10,19674
5,1825
10,3692
1,542
1,500
10,3101
1,424
10,3634
4,1470
10,2320
7,2170
10,2980
4,1416
1,1637
4,10418
10,9107
1,429
10,3769
1,272
1,375
10,3382
1,618
6,4296
5,1740
10,2491
5,1386
4,1539
8,7300
1,472
2,14514
10,6126
10,3181
10,4263
1,411
1,392
1,419
1,342
10,2843
4,1267
5,1310
7,2335
1,621
6,2226
1,422
8,19806
10,7090
1,332
10,8241
1,619
1,370
10,2970
1,330
7,1949
4,1471
5,1275
3,1274
1,455
5,1577
1,296
6,2045
10,3154
1,396
10,2197
4,1324
1,354
10,2241
1,328
5,1504
4,1524
1,491
1,498
1,544
4,1386
1,275
10,3315
4,1642
1,693
7,1637
2,997
1,394
1,872
1,286
1,535
4,1655
1,315
1,567
1,551
8,2714
1,403
6,1992
2,573
1,330
1,364
10,3490
1,322
1,319
10,2870
1,1865
8,3489
6,3302
1,562
10,4082
4,1281
1,370
5,1621
3,957
1,284
1,266
10,3014
1,544
1,268
1,379
7,5728
4,1434
1,537
1,623
1,1191
2,910
1,454
2,864
5,1680
1,297
1,245
8,2741
10,3538
7,1680
1,259
1,2286
10,6347
1,514
5,1891
1,497
10,4029
10,12412
6,1762
6,2097
1,324
1,249
6,5900
10,2197
5,1766
10,2199
1,624
6,1978
1,373
10,3542
1,516
6,2205
10,2399
1,574
10,3833
1,374
1,231
10,2999
10,3570
5,1150
10,2191
1,421
5,1840
1,435
10,3191
1,468
2,1546
10,6459
2,9100
10,3647
1,379
1,287
8,2008
3,685
5,1110
3,761
1,533
6,15898
1,407
1,363
1,574
2,2044
10,2358
1,440
8,2714
1,391
1,256
4,1148
10,3874
5,1628
10,2736
1,519
2,431
1,440
10,22066
1,658
5,6956
10,2243
1,505
1,457
10,3041
1,248
2,608
10,2895
9,2494
10,3836
10,2487
6,1191
1,387
1,433
6,2346
6,5249
10,3459
6,2101
7,2241
2,676
1,245
10,2380
10,3096
5,1282
10,3484
1,383
1,462
4,1172
3,987
3,1207
1,475
4,2672
1,369
1,328
10,3797
1,237
3,980
7,2392
10,3101
7,2612
1,451
6,1627
1,277
1,1646
5,1833
1,433
3,1183
1,495
1,539
10,2799
5,1301
10,3099
10,3028
10,2871
10,3458
1,495
1,425
1,427
1,1471
10,3758
1,386
5,1632
1,518
1,635
10,3068
10,2814
10,3467
5,1795
5,1452
5,1294
3,915
2,8708
1,447
1,2060
10,3420
1,357
6,1874
1,410
1,648
10,2822
5,1744
10,3773
5,1746
1,460
5,1830
3,7032
1,515
9,3047
1,561
7,2348
1,550
10,3560
1,515
1,313
8,2893
5,1116
10,4157
9,2809
1,436
8,1975
10,4950
1,298
4,1591
5,1920
5,1323
1,490
10,3615
1,331
5,1114
10,3581
9,2290
10,2509
5,1174
9,3352
5,1738
10,2015
1,368
6,2143
2,656
7,2023
1,392
10,2724
1,283
1,345
4,1539
10,2441
7,1638
10,2376
10,2923
10,3293
5,1817
1,418
10,3213
8,19002
9,3335
6,1899
7,2186
4,1072
1,327
10,3464
10,3011
1,417
10,3198
2,931
10,3129
10,11069
1,392
9,3073
2,15508
3,953
1,621
5,1258
3,739
1,467
3,1130
5,1206
1,517
10,2893
1,507
10,2757
7,2012
1,490
10,3444
6,17811
10,2746
1,659
7,2814
9,3083
1,362
5,1727
1,435
1,545
5,1593
10,3347
5,1408
5,1403
1,488
3,1286
8,15747
1,605
1,508
1,485
10,3570
7,2610
6,2496
10,3435
1,405
1,512
1,351
2,767
10,3185
1,402
7,2735
10,15104
4,1475
4,1530
1,428
10,3966
3,1206
10,3419
10,2328
1,362
1,363
1,482
1,691
5,1309
3,977
1,518
5,12181
10,3703
2,975
1,351
10,2746
3,858
10,3018
10,3091
10,3389
1,411
10,3738
1,620
7,2675
10,3395
10,6803
1,10626
10,3411
3,903
1,397
7,1723
7,2345
7,1889
10,3375
1,378
1,257
1,626
1,536
7,2722
8,2641
4,1439
4,6402
8,2811
10,3115
10,3051
1,395
10,2174
5,1734
10,3367
1,317
1,343
10,3592
1,517
5,5809
10,3573
3,1194
3,1228
2,933
9,3350
1,1846
6,1526
6,1881
1,485
10,2308
1,316
1,350
10,3392
1,532
10,3298
10,3101
2,719
2,907
3,1261
10,3343
1,462
4,1106
10,3409
1,502
10,2568
1,378
1,350
1,363
10,3141
10,3070
7,1497
5,1652
7,2598
7,2605
8,1844
1,428
10,2153
4,5443
1,395
1,482
1,393
1,366
1,414
1,553
10,14532
2,822
6,1593
2,672
8,2799
7,1441
1,564
3,778
10,9621
1,545
1,461
5,1750
1,402
10,3173
1,456
3,1157
6,2065
10,3565
3,4467
5,1939
1,400
1,495
10,2227
4,1618
7,2523
1,426
5,1237
1,611
1,353
1,497
1,4883
10,2374
10,3284
3,1138
1,446
6,1865
1,418
10,3208
6,1895
1,352
1,393
5,1851
1,594
1,383
1,507
4,3360
4,993
7,2520
1,503
1,466
10,2246
3,847
10,3164
10,2511
1,571
1,488
10,3683
1,428
1,391
1,593
3,997
3,770
8,2481
2,822
6,1539
4,1075
10,2269
10,3028
5,1234
1,579
1,481
10,3479
9,3177
1,367
10,3320
1,364
10,2274
5,1825
1,744
1,406
10,2260
6,2103
10,3322
6,1638
1,431
1,500
10,2168
10,3511
8,2718
10,3381
1,530
10,2389
1,371
1,650
1,262
3,1014
10,5435
7,1580
8,2383
1,493
1,468
10,3298
10,2702
3,1140
10,3728
1,561
10,3115
1,627
1,597
1,355
10,2070
10,3061
1,363
7,2161
1,370
1,616
5,1859
3,923
2,1024
10,4795
1,348
10,2518
8,2078
1,454
1,472
10,3645
4,1166
1,262
5,2430
3,789
2,629
10,3441
10,3074
2,880
10,3666
1,548
10,2531
1,589
1,543
2,580
10,4563
4,1850
1,252
10,3256
3,1193
1,531
10,3226
10,3226
7,2004
2,914
1,448
10,2388
1,560
3,1098
1,369
10,3143
6,1961
1,261
1,479
10,3299
10,3512
10,3719
10,9553
5,1746
8,2654
1,490
7,2119
2,942
1,2626
1,286
7,1849
10,3389
1,290
4,1336
10,2200
8,2763
10,3566
7,1885
8,3061
10,4097
2,1292
1,525
1,432
1,551
1,314
1,360
5,1460
1,318
10,9566
10,3516
3,1103
10,3335
10,3027
10,3440
4,1782
5,1782
1,293
9,3175
7,2930
1,486
1,295
7,2441
1,328
1,380
5,1706
5,1199
10,2403
4,1014
10,3336
3,1183
1,415
1,311
1,979
1,4706
10,3340
1,272
7,2185
1,333
2,992
8,1979
10,3485
2,648
3,1143
8,2940
5,1339
5,1881
1,351
1,447
1,548
5,2037
1,320
5,1587
1,320
1,489
7,1489
10,3080
8,1914
5,1260
5,1752
6,1893
6,2158
1,402
1,671
2,1056
7,3046
1,463
10,3739
1,312
3,1181
5,1695
7,2102
1,681
6,1954
1,465
10,8702
1,356
1,327
1,494
4,1938
7,2353
1,281
10,3428
10,3308
1,353
2,952
5,1398
1,396
10,2855
9,3960
10,3241
1,431
1,461
1,288
6,2481
10,3445
1,380
10,3287
5,1273
1,475
10,14999
7,2673
1,407
10,2873
9,2925
10,10805
10,3546
1,536
1,412
4,1511
10,7415
1,668
3,1252
5,1256
1,472
5,1290
2,787
1,477
10,3455
3,800
7,2179
3,1099
1,367
2,753
7,2056
3,1253
10,2603
3,2665
9,2505
2,870
10,2424
8,2234
10,3037
7,1903
1,344
5,1590
5,1916
1,534
3,1246
1,569
3,1077
1,255
3,1102
10,3046
1,349
7,2342
3,1030
1,316
5,1319
1,402
1,474
4,1441
5,1222
8,2176
1,541
4,1696
1,331
1,408
5,1059
4,1432
7,2350
3,1011
1,539
1,429
10,2340
1,452
9,2787
5,1218
10,2606
4,1507
5,3264
5,1433
1,376
10,2193
1,500
5,1645
10,3164
1,465
1,431
1,243
1,430
8,2724
9,2861
10,3473
1,524
2,1154
5,1140
5,1674
5,1329
1,382
10,4118
10,3207
1,556
1,455
1,293
1,401
2,830
10,2313
8,2116
3,1081
5,2757
9,2239
1,8460
1,368
1,602
10,3545
10,2588
1,686
1,436
1,359
1,425
2,671
10,3401
7,2690
4,55806
6,2164
5,1512
1,462
10,3392
5,1829
3,1326
10,3289
1,668
1,367
1,347
1,399
1,523
10,3646
2,1847
5,24353
4,1791
10,2832
1,359
10,2808
8,2567
3,1212
5,1732
4,1280
1,397
1,246
1,525
1,347
1,507
10,3621
7,59230
7,2949
10,2307
1,451
10,2281
6,2030
1,568
8,1645
3,1187
1,423
1,407
10,3813
3,1101
10,3300
5,1302
1,582
10,4050
5,1242
1,423
10,3398
9,4471
1,542
1,309
6,1877
1,426
4,1490
1,384
1,500
10,2535
6,2417
3,1023
2,952
1,273
1,368
10,3206
7,2409
1,492
7,1488
10,3444
1,339
1,362
1,638
1,461
10,2421
7,3415
9,5444
8,2788
10,2667
1,370
10,3692
2,844
1,560
1,242
7,2895
1,421
10,2910
1,440
4,1316
8,2479
7,2659
4,7811
1,366
10,3294
1,429
10,7635
1,357
1,445
1,465
10,13422
1,465
1,370
8,2722
3,1426
10,3782
5,1921
9,3089
4,1731
10,2827
6,1725
3,1290
1,504
1,480
1,468
10,6105
9,2942
8,3565
3,799
2,821
10,4209
10,4002
1,365
3,1416
10,2349
5,1727
7,3473
4,1243
1,396
1,575
7,4739
4,1602
10,2586
10,2178
7,4441
10,9361
4,1756
7,10487
1,610
9,3316
6,2072
1,457
3,1052
1,368
1,466
3,1044
3,835
1,3743
10,2483
6,2332
10,2327
10,3944
9,4122
3,1333
10,3779
10,3207
1,1597
7,2411
4,1910
1,444
3,1243
10,3653
7,1702
10,3367
7,2456
2,645
3,9058
7,2479
1,570
10,3140
7,1522
1,424
3,990
1,495
1,374
10,3610
6,1817
6,2066
4,1006
4,4333
2,737
3,1412
7,30894
2,1137
2,812
1,433
1,470
2,792
1,460
1,339
10,2592
10,3278
2,821
2,797
3,19909
8,1990
1,632
6,1931
1,609
8,2620
2,837
1,509
1,363
2,6510
1,353
10,3695
6,1970
7,2386
7,2307
2,905
1,481
2,938
1,546
7,3463
1,533
1,444
1,490
3,1203
5,1784
5,1206
4,1113
10,2934
4,1341
6,1718
7,2780
1,518
1,4316
10,2988
3,1109
1,4512
4,1451
1,513
1,423
5,1680
2,564
10,3399
7,4632
6,1392
10,3409
4,1563
1,368
1,709
3,2418
1,557
1,613
3,1090
10,2961
1,1218
6,1931
6,1559
10,3580
4,1586
3,914
5,1334
5,1675
1,522
1,583
1,827
1,493
1,596
7,2447
1,551
2,703
8,2796
10,3056
7,2379
10,14664
7,2479
7,1988
1,435
1,441
1,573
2,3109
1,503
1,486
2,707
1,417
2,942
1,338
4,953
6,1894
5,1315
6,2264
7,2494
1,387
1,879
1,1958
10,2612
1,573
10,2509
3,1028
1,402
7,2333
2,1176
7,1631
1,430
7,2525
10,3920
5,2830
1,404
1,357
6,4132
3,1031
7,2473
1,507
3,1096
4,1420
3,1029
5,1710
7,2332
1,417
7,2169
4,1447
10,3955
1,617
1,512
1,782
1,545
1,504
1,470
1,469
2,856
3,1322
8,18100
10,12947
1,404
10,3236
10,10249
10,4406
7,2239
4,1787
4,1765
2,728
1,519
1,593
1,437
5,1637
5,2116
4,1422
10,3722
1,572
5,1612
3,1280
10,5350
4,1756
1,400
1,427
1,319
1,582
1,755
1,445
8,2447
1,594
2,1119
3,1140
10,3258
10,3283
6,2953
3,1239
1,324
1,482
8,13807
1,292
1,449
1,575
3,997
6,1457
8,3157
2,1378
3,1155
1,420
3,928
5,3093
3,1212
1,788
5,1752
1,26821
1,428
1,638
1,663
3,1092
8,2922
1,508
7,8493
4,1446
1,435
10,3308
2,933
1,51747
1,976
6,2153
2,753
1,397
1,1646
4,1710
7,2258
10,2431
1,443
3,1961
5,1787
1,331
3,1170
6,1967
2,1738
1,633
10,3425
1,443
8,2625
1,462
3,823
6,2099
5,1249
7,2293
1,506
5,2030
1,504
1,287
1,410
5,1783
1,486
10,4067
4,1348
10,6828
1,565
5,1237
2,2987
2,625
4,7001
2,785
2,979
1,403
1,298
1,15435
2,689
1,651
10,3534
10,3384
1,360
3,1448
6,2298
3,4198
7,2456
1,590
3,3157
6,2545
1,463
1,475
2,672
1,20411
1,487
5,1181
4,1293
1,589
3,1284
10,3554
4,1338
3,1393
1,485
1,490
10,3420
5,1825
1,664
4,1314
5,26195
9,3175
7,2418
1,504
1,530
2,707
10,7593
7,2443
10,2539
1,400
1,490
8,2659
7,3723
1,3040
7,16935
5,1727
3,1290
9,5715
2,884
1,395
3,1881
7,2026
3,1182
3,1240
1,445
1,502
1,420
5,2143
1,420
5,8590
1,365
3,1430
3,968
8,2891
7,3945
4,1648
5,1402
7,3042
10,3025
1,615
2,859
5,1650
10,4036
1,506
1,321
6,6825
5,2138
3,920
2,1119
1,493
7,2703
7,2217
6,2237
6,1815
6,2439
7,2506
1,474
10,3117
6,1986
1,631
1,460
1,652
10,2226
2,877
8,5052
3,24266
10,3263
4,1656
10,4087
7,2843
3,1064
2,670
10,3697
1,387
1,436
7,2323
7,2437
6,1737
7,2396
8,2754
7,2489
3,928
1,494
10,2945
1,564
6,2015
1,677
4,2096
7,2592
7,7291
7,2840
7,2682
10,2928
3,3185
10,11636
6,3391
3,1050
1,378
4,1532
1,480
4,1268
8,2600
3,1329
1,362
3,5946
10,22447
10,9835
4,1381
3,1311
2,906
5,2155
10,3059
9,2801
7,2536
2,732
3,948
1,573
5,57729
1,515
1,2888
5,1729
9,19230
1,423
1,540
2,810
4,1710
10,3258
5,1581
4,1497
5,4043
7,2136
4,1459
5,1725
5,1680
10,64502
8,2566
1,575
10,3731
1,559
10,2471
1,620
6,2012
1,474
1,404
3,1241
4,1475
1,529
2,824
2,842
8,12732
1,462
7,2407
10,2898
1,1247
3,1322
7,2305
10,6033
1,471
1,351
4,1414
1,520
1,409
6,2172
4,1346
4,9900
1,457
5,2807
7,2386
2,600
3,1009
3,1201
5,1108
1,507
1,443
1,350
7,2273
2,758
10,3635
10,3166
3,980
4,1355
1,584
4,1551
3,1195
10,3458
3,13255
7,1584
4,1173
6,1836
3,1344
6,2258
1,345
7,5075
3,13083
1,374
3,923
3,1477
6,1745
7,14776
10,2202
9,3224
4,1457
1,408
1,350
7,2381
1,3858
2,751
2,900
1,319
1,409
1,598
10,5012
1,556
3,1129
8,1877
3,1063
1,701
1,440
1,653
3,4865
4,1349
1,1351
5,2166
2,644
2,775
2,1886
3,1128
1,450
2,654
10,3659
7,2569
5,1789
1,462
1,415
5,4528
5,1851
3,991
1,411
8,2575
1,382
1,358
2,743
1,381
4,1285
7,2081
7,2836
1,497
1,465
1,443
9,4368
1,402
1,382
8,2732
5,7465
1,558
1,345
2,947
1,367
8,2456
7,2551
10,3324
1,630
1,292
1,509
1,421
1,484
7,4445
1,545
7,2659
1,430
1,750
10,3752
1,347
4,1123
6,2222
1,375
1,570
1,302
1,553
7,13684
1,448
1,363
4,2669
2,694
1,356
1,465
8,8488
1,410
7,1522
10,2994
7,2384
1,480
3,1263
1,596
10,6945
1,728
1,653
3,1712
3,1193
4,1905
3,1323
7,2610
1,297
7,2500
4,1156
9,3028
10,2691
1,355
10,3420
9,3011
1,590
1,579
1,706
3,1029
1,454
1,497
10,2976
1,437
6,3832
10,2412
1,429
1,536
3,1051
5,1340
5,1819
1,516
1,778
1,522
1,440
3,1502
1,474
8,2724
1,471
5,1817
1,401
3,2000
1,587
9,2986
6,1529
1,505
4,2236
8,3242
3,1057
1,511
7,2778
3,1407
8,2732
1,355
1,405
1,350
10,5458
1,429
7,2422
7,2334
10,3480
1,602
1,597
2,829
1,486
3,1250
4,1611
2,858
5,1652
2,1209
10,2782
1,591
1,348
7,2356
10,3773
1,512
7,1939
3,1592
1,375
2,788
3,1266
2,758
6,1982
7,2559
1,404
1,304
3,1236
1,285
10,3140
5,1694
10,3615
1,493
1,779
7,7102
3,1437
2,4095
3,1031
1,451
5,2123
1,424
1,246
3,73426
5,1423
9,3069
4,1789
3,1379
1,557
3,1668
3,1369
7,2858
8,2841
7,8298
1,357
10,3988
1,539
1,242
1,693
7,2411
1,434
10,3777
2,732
3,1392
2,46870
1,539
2,728
3,6049
6,4344
1,474
10,3866
1,420
1,306
1,540
7,2470
1,399
3,1424
2,911
9,2695
4,38340
1,524
4,1379
5,20404
7,10878
1,470
10,7823
1,506
1,237
1,722
10,3958
3,1189
4,1476
10,3667
3,1038
2,28131
2,852
3,1071
1,507
7,2948
1,409
3,1135
1,528
1,236
1,535
5,1825
10,2848
5,1789
8,2619
4,1620
3,39553
1,419
6,2011
7,2794
4,1616
1,418
3,67138
1,449
1,245
1,499
10,3183
1,479
5,1685
7,2436
3,1215
7,24292
1,548
7,1872
6,3960
5,1677
1,382
5,1694
1,677
1,272
1,511
3,1449
10,3283
2,647
1,392
9,5302
3,17696
3,1182
4,1465
2,740
6,2738
1,396
6,2174
4,1528
10,2515
1,356
3,1232
3,1430
6,2102
1,606
1,609
7,2439
7,2606
7,2266
4,1477
1,675
10,3050
2,743
4,1558
10,3553
1,5823
4,1299
2,849
1,390
1,427
1,600
6,2090
1,596
1,449
7,3119
4,1304
1,364
6,2605
9,4767
10,2381
1,480
10,2693
2,1149
2,644
1,533
7,3625
5,1662
6,2106
6,2049
1,342
1,654
1,362
10,3148
1,503
1,583
1,426
5,1755
10,4862
7,2278
1,473
9,7758
4,1435
6,2199
4,1539
3,1211
1,543
1,297
1,385
1,542
1,437
10,13437
2,838
8,2678
5,1577
10,2946
6,2305
1,518
2,10128
5,1927
3,1113
1,422
2,1331
7,7423
3,1203
4,978
7,2735
5,1583
7,6096
4,1245
8,3309
1,342
3,1134
4,1425
1,484
1,302
1,539
4,1233
5,1742
3,1182
9,1938
2,939
6,1953
10,3201
8,4743
1,450
10,8034
9,3495
7,2683
1,463
1,458
1,371
9,2976
1,458
1,544
8,2095
2,3594
2,782
1,341
10,50746
1,278
1,645
3,1089
1,635
1,465
3,853
1,514
3,755
2,678
7,2583
10,2859
10,3123
1,572
8,1847
3,1119
1,430
10,3656
3,1178
4,1458
1,381
1,347
1,420
4,921
2,710
6,2140
10,3673
8,6813
8,6931
8,2354
1,515
1,430
8,2581
3,1121
1,614
1,349
1,2051
3,958
10,2125
8,2654
3,942
6,2557
8,2950
5,1699
2,789
2,737
1,413
3,1354
9,2921
1,515
1,380
9,2879
1,458
8,2358
4,1441
7,2560
9,4089
8,2598
8,2495
1,535
3,1091
8,2868
2,828
7,10591
1,433
1,366
1,427
9,2387
7,1658
3,1116
1,532
2,768
2,927
4,1258
1,504
1,433
2,880
10,3783
1,479
1,548
1,402
7,2523
1,287
6,2188
1,468
9,3443
10,2760
9,3271
1,592
9,3190
7,14727
9,2783
2,971
7,13603
7,9303
1,506
7,2297
3,1047
6,1740
1,503
7,10827
7,1832
10,3485
1,491
1,396
1,401
3,1077
2,1311
1,544
3,1296
4,1613
1,392
9,11551
4,1543
1,660
3,1210
10,2327
2,779
1,540
9,4430
1,339
1,512
7,6030
1,346
4,22774
1,531
3,1138
1,461
10,2651
7,2365
10,3398
3,1183
1,593
3,950
1,531
1,405
1,490
10,3067
1,479
5,2059
10,3519
1,379
3,1148
10,2318
1,356
1,365
10,3552
3,1182
1,334
1,276
3,1658
1,512
8,3039
7,2283
1,716
9,3127
1,372
9,2954
10,3698
1,630
10,3404
1,720
10,2616
2,15276
1,332
1,416
7,2583
1,398
1,528
1,541
3,5834
1,445
7,2247
10,4084
3,13877
3,1174
1,605
10,4852
2,616
1,350
1,502
10,2248
1,605
1,477
9,4996
3,1206
9,2812
1,465
10,2979
3,12497
2,838
1,286
8,1992
1,311
1,240
1,352
10,2945
8,2588
7,12582
3,1164
3,1162
1,330
10,7232
10,2448
1,11512
10,3174
1,462
10,2379
3,8116
1,356
3,1086
9,2500
1,381
10,3129
7,2771
7,4403
7,2209
1,304
10,2465
1,635
2,834
10,2688
10,2908
7,2114
1,395
1,317
9,3037
1,435
1,7287
9,29626
7,7487
1,364
1,381
1,489
1,578
7,2960
1,266
7,3217
1,308
2,545
1,310
10,3688
1,619
3,3283
7,35675
1,468
10,19315
7,2005
1,450
1,415
8,8764
1,264
6,2307
3,857
1,465
1,321
6,2439
1,637
1,406
1,381
1,497
1,450
7,22915
1,451
2,715
8,2400
1,354
10,3812
1,305
2,844
1,384
4,1065
1,512
1,361
7,5004
9,2884
10,3967
3,1013
5,1514
1,404
10,2862
1,322
1,509
3,1048
10,2115
1,403
10,2206
1,570
1,1106
10,4787
7,2437
1,497
1,382
1,401
7,6369
8,2254
1,244
1,274
3,15888
10,3210
7,2318
3,783
9,2532
1,365
9,17282
10,3294
3,1381
10,2625
1,335
1,357
2,847
1,226
1,408
7,2871
8,2565
3,972
10,2726
1,263
9,20379
1,523
3,1248
2,564
3,1074
1,252
1,735
1,575
1,491
1,285
3,1074
10,6129
5,1725
10,2986
1,488
1,448
3,1171
1,459
3,1119
2,756
1,244
3,1301
1,658
10,3055
1,292
7,2823
8,2662
2,668
10,2435
1,390
1,385
10,25298
10,3525
8,2383
10,3022
1,248
2,7643
9,2596
9,3252
1,322
6,2993
6,2095
8,2530
10,2097
1,554
1,352
1,645
3,1483
2,879
2,649
1,244
6,3810
1,396
10,2096
1,264
1,419
4,1262
7,2215
1,293
3,1097
10,7670
1,355
2,632
10,3332
7,2414
1,229
3,4023
1,616
2,792
1,296
6,4523
10,2172
3,1003
1,401
9,2948
10,3795
1,625
10,2856
8,2740
7,5293
1,336
7,25981
1,405
3,1593
1,493
7,8507
10,2599
6,2086
1,377
4,1403
2,898
1,537
2,774
7,2441
10,3787
10,2398
4,3642
1,443
4,1508
1,360
4,11432
10,2878
2,765
1,285
10,2185
10,10390
1,2853
8,3289
10,3185
8,2749
4,933
4,1723
10,3035
8,2109
4,1424
4,1570
10,3218
5,1716
1,337
10,3406
2,6054
10,8792
7,2480
8,2611
8,1911
5,1430
6,2740
1,735
6,1879
10,2992
1,694
10,2453
4,1602
1,325
10,2484
7,2728
1,463
10,3406
2,771
3,918
8,1710
7,2288
7,1727
7,1896
10,3324
1,477
10,2291
1,509
1,251
7,1746
8,3281
3,990
8,2792
9,3026
1,411
10,2108
4,1524
1,346
10,2971
10,2494
1,417
5,1130
3,977
7,1726
6,1845
8,2201
1,408
1,496
1,559
9,2931
9,3075
1,358
1,588
7,2553
10,2187
1,390
1,337
9,5786
1,231
6,4363
3,1060
1,611
1,374
10,2192
1,453
6,1952
7,1742
1,338
6,2147
10,3013
1,379
1,268
3,1133
1,249
4,998
9,4022
1,621
8,2367
4,1395
1,355
2,2913
3,1052
2,849
4,964
1,498
5,5243
1,343
3,954
1,241
10,2658
1,381
1,569
1,281
1,461
1,420
6,2062
3,1099
1,502
4,1442
10,2290
1,339
1,623
9,3744
10,2555
10,2657
2,872
1,505
1,344
2,654
1,446
4,1220
9,7487
3,849
6,2235
4,1043
4,1584
1,401
7,2460
8,2914
10,2357
1,523
2,707
1,487
1,323
1,281
1,507
7,2652
3,883
3,973
1,532
7,2408
1,561
7,3002
2,816
10,2479
9,2888
10,3440
1,545
1,362
1,401
10,2262
3,1067
8,2342
9,13101
8,2064
3,1215
10,2962
10,3264
4,1082
10,3532
3,1010
8,14715
1,427
3,1023
1,363
10,3345
3,6977
10,3431
6,2295
9,2299
9,3055
1,386
1,492
2,928
10,2363
3,787
10,3573
1,416
1,315
1,363
10,3444
10,3531
10,2890
10,5345
10,3121
3,1129
5,1799
1,448
10,2195
1,545
9,2065
7,2576
2,651
1,340
1,454
10,3174
7,2265
7,2052
1,436
6,1406
4,7710
1,324
9,12958
10,2859
1,348
10,3395
9,2914
1,529
1,254
1,332
9,2102
1,422
6,2125
1,537
9,1969
3,1139
1,607
7,2239
8,2552
1,309
8,2234
8,2896
1,577
1,250
2,725
10,3272
9,2992
4,1463
4,1716
2,609
9,3444
1,514
1,489
6,1919
1,374
1,478
2,812
9,3247
1,381
1,422
10,7850
7,2944
10,3051
1,454
10,2143
3,1174
1,350
1,477
10,2358
1,337
1,482
1,509
2,724
1,380
1,394
1,450
1,469
10,2363
1,348
6,1549
1,1333
4,1325
1,353
7,2387
1,286
1,606
1,918
2,602
1,276
10,2941
1,589
10,3419
3,1282
1,371
10,3062
9,2857
9,1974
10,3437
1,389
1,415
1,487
2,847
10,2807
1,243
9,2661
1,398
1,500
10,2418
4,1599
1,316
1,483
9,2935
1,364
3,1106
1,413
1,433
9,3084
1,643
9,5334
3,833
5,1513
10,3251
10,3502
1,419
1,299
7,2525
10,2707
3,928
10,2616
1,384
7,2332
3,1059
8,4241
10,3199
10,2397
1,329
1,473
10,2351
8,2785
1,248
1,748
6,1829
1,383
4,1004
1,337
1,257
8,1926
3,782
6,1422
8,1809
1,433
1,701
7,1638
1,556
1,235
6,2157
10,3205
1,342
10,2280
10,2922
10,3353
10,3052
10,3059
10,2193
9,2823
1,250
3,928
1,401
1,533
1,360
1,455
1,336
1,371
10,2432
5,1643
1,302
8,2048
8,1705
8,2568
7,1868
1,262
1,432
1,457
1,555
1,353
1,484
7,1852
1,431
10,2184
1,365
7,2555
10,2989
10,3373
7,2361
6,1464
1,240
1,790
1,387
1,485
1,360
1,700
3,786
1,312
9,1919
8,2338
1,449
10,2563
7,1583
10,2548
4,1150
1,235
1,516
1,275
10,6886
1,267
5,1707
10,2276
1,367
1,265
5,1432
6,2023
7,1911
6,1367
10,2333
10,2169
1,225
1,512
1,409
1,601
1,241
10,19334
1,361
1,394
1,279
10,2186
1,335
6,1922
4,1654
2,473
10,2171
10,3620
1,420
1,443
6,2502
1,262
1,346
10,2138
1,377
1,457
9,3270
1,295
2,734
10,2579
10,2139
10,3568
3,971
1,646
1,495
8,9956
4,1720
1,634
10,3189
10,3448
1,372
10,3086
1,305
1,563
10,2086
10,2587
10,2842
4,1245
1,474
1,555
2,1711
1,535
1,555
10,3316
3,1152
1,548
2,840
3,786
1,352
10,3500
10,2443
10,2344
5,1479
3,769
10,3537
1,529
10,3305
1,660
9,2253
2,920
1,563
10,2994
4,1019
1,279
10,3462
8,1761
10,2114
6,2003
1,357
1,548
2,838
10,2431
1,509
10,2518
2,1023
6,1652
7,1808
7,1663
1,276
10,2553
10,2502
1,343
7,1488
10,2809
1,472
2,671
10,2217
1,456
5,1572
7,5157
1,350
2,814
10,2366
1,362
10,2597
2,665
1,438
6,1957
2,756
1,459
4,880
9,2923
1,498
1,458
10,3433
1,356
3,853
10,2625
1,470
1,419
10,2714
1,435
7,2509
7,2265
9,2815
2,445
10,3435
1,403
1,418
7,2005
1,373
8,2007
10,2564
1,397
1,319
1,289
10,3565
4,1407
7,5155
10,3100
5,1377
10,3529
3,1179
1,419
8,2380
1,399
10,2472
10,2361
1,333
1,302
10,2668
1,586
3,1062
10,2934
4,1189
4,1017
4,1552
5,1812
1,476
8,3628
10,2776
10,2411
10,2690
1,243
1,262
1,265
1,297
7,3449
8,2946
8,1942
9,2563
3,1141
2,822
1,428
3,989
6,1951
10,3028
5,1580
1,260
1,237
8,2380
5,1357
3,5236
3,892
6,2492
7,2475
2,829
10,3320
10,4200
9,2888
4,1214
10,2525
1,404
4,1493
1,252
1,366
1,342
10,7439
9,2751
10,3309
8,2513
6,2025
2,729
1,416
1,346
3,1203
10,3508
4,1244
10,2335
1,268
8,1709
1,343
4,1619
10,2563
10,2461
8,2600
4,1608
10,4397
1,384
2,879
4,1251
1,530
5,1216
10,2313
1,271
1,332
1,248
10,3688
2,549
2,964
5,1183
7,2618
7,8529
5,3681
1,518
4,1514
1,377
8,2293
10,3228
1,265
1,294
1,333
8,15739
1,480
7,2491
5,1269
10,3338
8,2373
1,428
1,403
10,3501
1,393
10,2120
10,2669
1,244
1,293
1,253
10,2967
1,396
3,930
6,2070
6,21418
8,2799
1,385
9,3112
10,3928
1,567
10,3332
10,3103
1,482
1,391
1,321
8,2605
3,977
10,2774
1,470
8,2649
4,1525
1,384
3,818
6,2067
1,342
9,2592
10,2912
10,3036
1,491
4,884
6,2264
6,1457
1,360
10,3534
4,1427
9,3673
3,1374
10,2824
7,2077
1,345
6,1847
5,1584
9,2471
8,2291
4,969
2,973
10,2358
10,2299
3,1099
7,3062
1,560
4,1550
10,3324
6,2483
1,403
1,362
1,397
4,952
1,313
10,2364
1,418
10,2248
4,1058
10,2543
6,1977
1,482
5,2132
8,2121
9,4171
1,346
1,265
4,851
9,1943
10,2826
5,1443
6,2014
8,2875
10,3873
10,3204
10,3331
6,1575
10,3203
9,2358
10,3337
1,421
1,253
1,464
1,559
1,218
8,1792
1,473
9,2189
10,3471
2,624
1,497
1,395
6,1895
10,3584
1,428
1,454
1,498
5,1784
8,1843
10,2251
6,1787
2,706
10,3101
9,2304
1,296
1,498
9,3018
7,2323
7,2440
4,1582
10,3391
1,329
8,2015
10,3344
2,531
9,3077
1,487
7,1665
6,1924
1,245
1,594
3,1042
5,2019
6,2064
8,2974
5,1340
2,834
10,2712
6,1400
2,528
6,1422
1,487
4,1508
4,1206
1,425
1,632
3,1101
9,2985
1,417
10,3498
4,1502
1,346
9,2907
10,2454
10,2484
2,647
1,481
1,522
1,374
1,350
1,371
9,1964
10,3369
1,377
1,564
6,1545
1,432
6,2140
2,593
1,546
7,1690
1,625
1,314
1,326
1,266
1,733
10,3355
1,331
1,252
1,542
5,2073
1,581
9,2205
6,1914
10,2605
3,876
2,745
1,371
1,576
1,233
3,1237
10,2712
4,1558
1,495
10,3736
7,1883
10,3021
2,546
4,1087
4,1446
1,384
1,448
1,250
1,661
1,306
1,539
7,2423
8,2645
1,306
6,2283
6,2249
1,414
10,3157
1,413
10,2905
10,3283
1,901
1,514
1,590
10,2173
1,565
7,2201
10,4530
1,256
1,778
4,1586
6,2250
7,2012
10,2145
10,2806
10,2066
1,455
1,385
10,3629
1,233
1,587
1,540
10,3321
1,250
8,9774
4,1420
1,352
1,433
10,2009
9,2265
10,2494
9,6300
1,336
1,624
1,248
1,380
1,332
2,1014
1,298
1,635
10,25922
4,1021
1,327
10,3037
6,1605
10,2400
1,282
1,313
1,448
1,479
4,1540
1,350
8,2607
1,281
2,1063
6,2076
4,1232
1,347
10,2471
10,3135
9,2354
2,463
1,315
1,349
10,2354
8,2796
1,284
6,2341
1,274
1,702
3,1949
1,525
1,297
9,2177
4,1189
10,3565
2,598
1,380
1,341
10,3340
10,3799
1,346
2,725
4,969
1,33687
9,11890
6,1696
1,249
10,2706
10,2491
1,575
4,936
10,2447
1,275
8,2814
10,17815
1,451
1,461
10,2226
2,1069
1,475
10,2840
1,268
1,580
1,352
10,3977
5,1141
10,2593
10,2520
4,1357
6,3037
1,278
1,386
3,632
1,675
10,3423
10,2790
1,281
1,467
6,1443
5,1701
4,950
10,2532
6,2129
1,458
2,945
1,304
1,364
10,2312
5,2826
10,9175
10,3410
1,346
1,428
1,413
1,487
1,487
10,2109
3,1144
2,868
9,3181
1,262
1,450
10,3334
9,2645
4,1464
9,2881
1,266
1,389
1,318
1,391
4,1219
10,2505
6,1653
3,1230
2,984
1,390
1,477
10,2650
1,373
8,2636
10,4511
1,269
1,512
4,1124
4,1534
8,2701
10,2643
10,3613
3,1150
3,1119
10,2865
1,470
7,2126
1,452
10,3459
5,1265
3,814
1,343
1,366
1,370
8,2233
1,508
7,2490
6,1882
1,520
10,2182
9,3497
5,1806
1,488
8,2703
3,1134
1,296
1,851
1,294
1,352
5,1148
10,2355
4,1665
4,1433
2,980
10,2350
1,315
10,2864
2,630
6,1986
4,1427
10,2615
1,482
6,1883
1,359
6,2039
4,871
4,8609
2,633
1,477
10,3471
1,428
1,352
1,413
1,648
5,1431
10,2682
1,678
1,343
1,360
10,3313
4,1005
6,3592
7,2262
5,1278
10,3089
1,391
4,1108
1,370
2,1005
6,1921
10,2295
2,840
1,411
1,359
4,1150
8,1812
9,3318
1,16881
3,1192
10,2401
1,334
5,1828
5,1327
1,534
7,1946
9,2095
1,485
4,963
1,370
1,519
9,1980
1,681
7,2322
8,2240
10,2961
2,757
4,1615
9,2325
1,508
4,882
10,3284
10,6536
1,253
1,363
10,2801
7,1640
10,4381
8,2651
9,2884
10,3754
4,1887
8,1687
9,3245
1,422
10,3873
10,3467
4,1165
1,274
3,1296
10,2398
10,2757
4,1570
7,29132
7,2256
5,1563
2,653
9,1925
7,2343
1,712
7,3202
5,1915
3,771
1,267
4,1429
10,2361
6,2317
8,3740
3,940
8,1850
2,546
2,547
10,3270
8,2714
1,515
6,2321
3,1534
8,2000
6,2317
3,1103
10,3138
6,1357
10,3757
8,2352
9,2634
5,1817
1,346
6,1656
9,3064
1,498
1,570
4,1352
6,1660
10,3291
5,1205
10,2807
10,2473
10,7808
4,1439
5,1225
8,2315
3,784
6,1582
1,601
2,3232
1,403
2,661
6,1883
4,1443
6,1730
9,2176
2,633
6,2362
8,2602
10,3047
10,3378
4,1483
10,3251
1,517
1,419
1,432
5,1547
10,3329
6,1520
6,1842
10,3553
3,1115
8,2637
6,2250
4,1080
8,3011
9,2953
2,896
3,823
9,4139
1,395
6,1926
4,1399
4,1840
7,2623
1,555
1,319
2,865
1,14827
10,3205
10,2858
8,2935
1,546
10,2627
1,710
1,407
7,2059
7,1791
6,2257
6,2265
1,536
1,284
2,855
1,463
1,278
10,2328
8,1639
7,1448
2,784
1,612
4,2648
7,2344
4,1486
4,1197
7,2522
1,489
1,321
1,385
1,351
3,858
2,747
4,1488
1,243
10,2678
2,910
1,514
6,6910
6,2020
10,4167
4,1595
1,575
1,360
1,578
2,1400
1,427
1,384
6,1858
1,299
10,2284
2,744
1,441
4,1633
7,2680
6,1792
7,3198
1,449
1,377
1,452
4,7205
1,300
1,316
7,2236
1,414
10,3081
5,1677
1,426
8,2093
3,1074
8,2830
3,1098
1,418
1,292
9,2843
1,360
1,240
1,426
7,2218
1,377
10,3249
1,445
3,1061
4,1457
10,3415
8,14498
10,2874
1,438
1,299
1,383
4,1309
1,251
1,327
10,2572
1,273
10,3329
4,1157
7,2298
6,2215
4,1370
10,2989
4,1260
1,469
1,281
1,582
5,1298
1,251
1,266
1,363
1,360
1,313
4,1607
1,376
9,3265
8,3007
8,2560
8,3634
4,1345
1,289
1,490
1,501
1,238
1,250
3,881
1,319
1,279
7,2216
6,1834
3,896
10,3650
2,958
10,3198
10,3123
1,244
1,467
1,502
1,223
1,264
10,2611
1,319
8,1856
8,2857
1,390
1,686
10,3821
2,692
10,3261
1,333
1,353
1,504
2,759
1,234
1,562
1,352
1,266
1,340
9,7678
3,1197
1,605
6,2349
9,3428
6,1835
2,714
10,2122
1,508
1,313
1,283
1,289
10,2859
3,835
1,246
5,1333
4,1410
1,601
8,3770
2,915
2,756
1,369
10,2362
2,891
9,3367
1,428
1,335
10,2359
1,354
1,279
6,1915
8,4474
1,625
1,487
2,828
8,2615
3,1128
10,3396
1,332
5,1776
2,602
10,2988
10,2588
10,2276
1,403
10,3161
8,3203
1,639
1,628
1,423
1,449
2,775
9,2086
8,2770
1,309
10,2515
10,3434
10,2991
4,1259
1,624
1,615
10,3345
1,528
2,769
3,681
1,799
2,755
10,3208
2,878
8,2414
10,3917
10,2365
9,2059
10,2368
1,691
4,1336
10,3292
1,527
1,581
1,237
2,1033
6,2000
10,3169
3,715
6,6361
10,3486
10,3169
10,3318
10,2181
1,580
3,1106
6,2505
1,431
1,465
1,601
9,3878
4,1428
4,1399
1,620
1,575
8,2004
10,2333
1,458
9,2896
1,702
2,694
2,863
1,564
1,520
1,437
1,358
7,2284
10,2628
5,1465
1,517
10,3168
10,3394
1,431
6,2142
3,1294
10,3158
2,781
1,434
9,3084
1,411
1,438
8,2850
3,628
9,2809
1,551
10,3544
6,2060
1,357
5,1791
2,911
8,1934
9,3733
1,514
1,362
1,374
1,323
4,1514
3,815
3,1735
2,3932
2,2548
10,3786
1,398
10,2641
10,36913
10,2364
2,970
10,2488
3,981
2,741
1,367
8,2602
6,1415
8,3065
4,1492
1,519
5,1522
10,4111
4,1494
7,2988
10,3380
2,690
4,1691
1,432
1,505
1,349
8,2723
9,2184
7,2605
8,27618
3,1439
4,1414
1,433
3,770
7,15605
10,3161
2,544
8,2824
1,356
1,484
1,387
1,444
10,3029
5,1457
3,1170
2,1127
4,1048
1,491
3,836
2,804
10,2113
1,460
8,2809
1,328
4,1535
1,366
2,812
6,1894
10,4582
4,1771
7,2604
5,1928
1,452
5,1523
4,1291
1,768
5,1319
10,2413
1,736
5,2114
2,812
4,1421
4,1191
1,449
4,1678
4,1532
6,2067
1,472
6,1900
2,698
1,25569
4,1201
9,2130
2,1036
1,340
1,309
5,1762
7,1855
4,1342
6,2091
4,1422
7,2564
1,590
6,2268
4,2414
10,12050
4,1163
6,2247
1,651
1,763
7,2627
6,2046
7,2688
3,1016
7,2433
2,713
6,2346
1,401
10,7475
8,2551
1,534
9,2553
2,12574
4,1479
1,321
2,748
2,968
4,1577
10,2566
9,3104
7,2613
4,1319
2,787
7,2338
8,3073
1,572
8,1864
1,539
2,1164
7,2255
2,757
9,3097
6,2478
1,636
5,1759
1,444
10,3457
1,379
7,2453
3,5576
2,834
7,2399
2,913
1,605
8,2669
1,362
8,2606
1,457
10,2403
8,14790
4,1242
1,674
2,820
4,1359
6,2245
1,341
8,2589
2,784
5,1275
9,2826
1,290
5,1657
1,653
10,2637
6,1799
6,1917
4,1631
7,2451
1,550
4,1544
10,4399
1,319
2,637
7,2329
3,975
5,1212
4,1437
1,783
10,3249
1,601
4,1567
3,1275
2,760
9,3319
8,3405
1,415
1,277
2,600
7,2841
8,2535
4,1410
6,1941
1,503
10,2223
2,598
1,337
1,702
4,1276
1,827
1,561
1,440
1,245
1,431
9,9388
6,1921
3,952
1,508
1,454
9,2046
3,889
1,605
6,25437
4,1454
1,497
4,1743
1,556
1,406
5,1293
8,2615
5,1556
8,5090
3,1044
1,455
1,704
2,875
8,17275
1,642
3,1048
1,573
2,684
1,478
5,1205
6,2380
5,1445
3,1173
8,1943
1,362
1,551
2,873
6,2704
3,15387
1,630
8,2518
1,466
5,1854
1,360
1,226
4,1042
5,1886
1,289
9,2156
8,4981
1,444
1,475
3,1070
7,14954
1,735
4,3250
1,395
6,2065
3,1536
1,307
8,2825
10,3477
4,1475
5,1937
1,404
1,502
1,426
10,6875
1,425
9,2373
6,1935
1,400
1,351
2,927
1,250
7,2813
1,468
10,2771
4,1511
1,367
1,523
10,3739
10,4398
8,20870
1,472
7,4443
1,496
1,478
4,1910
1,316
8,2634
3,843
10,2755
10,3208
1,456
1,394
10,6007
1,911
1,513
1,431
8,3825
1,381
9,3365
7,8688
1,386
5,1436
2,12975
2,633
2,793
1,410
10,4284
1,354
1,441
1,470
1,448
1,909
1,483
1,489
4,1291
1,388
9,2594
10,15040
10,2257
10,3050
2,745
8,3236
1,345
1,404
1,408
1,523
2,798
6,2116
2,779
7,2573
6,2501
4,1982
10,3127
10,2830
10,2418
1,428
6,2463
1,362
3,913
1,492
1,553
4,1657
4,1317
1,547
8,2959
4,1443
10,3910
10,2694
10,3080
10,3494
1,512
10,4521
4,2343
1,498
2,658
1,659
4,1607
1,392
8,2696
4,1540
10,3268
4,1642
10,2868
8,1868
10,3307
1,424
8,4805
1,635
1,424
1,360
10,3152
6,2292
10,3471
1,319
1,403
1,543
3,1207
10,2368
10,3821
10,3397
1,404
4,1706
1,607
1,473
1,680
4,1455
2,924
4,1532
6,10887
8,2767
3,1249
1,421
8,2657
1,496
8,1806
8,2611
2,743
1,594
10,3398
1,561
8,2759
8,2872
10,4272
4,1316
6,6897
10,2480
1,386
1,2524
2,723
1,650
3,1012
9,7203
1,534
1,760
6,2167
10,3287
9,26719
8,3102
1,354
3,23038
2,932
1,290
1,783
1,322
10,5931
4,1411
2,901
1,555
8,2778
6,2249
8,2740
6,2178
6,2375
1,411
2,2386
10,2586
1,311
1,630
10,3044
1,423
7,5468
2,1072
3,1291
1,391
6,2771
6,2066
6,2405
10,19666
1,462
9,3014
10,2881
1,308
1,602
3,1161
1,516
4,1379
3,1148
4,1585
7,2256
9,3235
2,872
4,1447
2,813
1,497
4,9682
10,2462
1,399
4,1547
1,348
1,440
4,1395
2,544
2,767
2,6662
2,943
4,1526
1,487
9,3912
5,26310
4,1495
8,1838
1,292
1,562
1,505
7,3046
5,1761
1,248
7,2720
1,446
4,1413
9,3234
1,446
2,885
1,463
2,929
10,5417
1,291
1,651
1,423
1,324
8,4630
1,251
4,1431
1,535
4,1503
2,834
8,4588
2,988
5,1720
6,2065
10,9414
1,253
10,3610
1,433
10,4044
2,664
5,1987
7,2657
6,2153
5,1959
2,815
8,2769
2,701
8,2821
1,595
2,635
1,511
2,5245
1,417
1,906
3,1115
9,2823
3,1336
2,879
8,28770
2,764
1,394
1,702
2,865
6,2247
1,321
10,3695
1,852
1,423
2,678
3,1519
10,3262
6,12551
8,2648
3,1093
6,1566
5,1955
1,505
4,1383
1,397
3,1143
2,618
1,510
7,2328
1,443
6,2063
8,2200
7,11678
1,472
7,2826
1,628
2,776
5,1762
3,1329
4,7279
2,879
10,3061
1,497
2,6329
1,433
2,776
3,1180
8,2748
8,2121
4,1453
5,2055
1,409
4,1690
2,860
6,18335
4,1637
10,3628
3,1128
4,1460
1,451
2,996
7,2416
1,595
2,825
4,1374
4,1613
1,509
9,2292
9,3312
1,430
2,674
10,3222
1,570
3,949
1,450
6,2061
8,2793
2,5459
3,1227
3,1396
9,3278
1,384
8,1897
5,1772
1,436
7,2833
8,2825
4,1284
1,346
3,779
10,3376
9,2067
4,8276
10,3119
5,1642
8,3008
1,433
7,2263
8,2249
5,1710
7,5267
10,3509
7,2167
1,457
1,477
3,1027
5,1553
5,8256
2,895
8,2653
4,2141
1,438
8,5608
5,1760
2,806
1,524
1,391
2,730
1,415
2,770
7,2437
1,560
6,2113
10,4273
8,2607
7,1974
1,394
9,3444
8,2600
1,324
4,16283
2,767
8,3429
4,1869
1,446
3,1074
1,671
2,994
10,3221
3,991
2,626
3,1094
5,1786
6,3708
8,2609
8,2525
10,4139
6,31757
7,2649
3,1007
8,3656
1,699
9,3118
10,3450
5,11701
5,1247
1,431
1,471
8,2783
8,43568
1,537
3,1013
7,2257
8,2931
4,1373
2,1559
4,1406
5,1791
8,2878
6,2140
6,1351
2,654
1,253
2,857
1,454
7,2032
2,836
6,2436
3,1595
7,2386
7,3211
1,606
8,2655
7,2429
2,738
1,530
4,1468
1,356
1,609
1,507
3,829
2,855
3,3902
7,3157
8,2430
10,3203
3,1022
1,403
10,3476
9,23871
1,643
5,1734
4,1664
2,1133
1,459
6,3343
7,2432
8,3025
4,1458
8,3176
3,1035
1,420
6,2056
10,2462
1,475
1,502
8,2653
1,493
2,850
3,1025
1,370
2,772
8,2775
5,1917
4,1397
6,1896
1,393
3,1074
2,553
2,690
4,1217
5,1676
1,426
3,1356
1,667
4,1970
4,1305
1,633
5,1875
8,2305
2,750
1,416
1,380
1,270
1,443
3,1145
9,2970
1,274
10,8199
1,937
8,2518
7,7994
2,919
1,623
1,560
8,2488
1,253
4,1272
10,2157
1,475
1,303
9,3568
10,3288
3,1401
8,2750
1,350
8,7401
4,1528
4,7726
2,829
1,403
1,336
1,1199
1,540
6,1895
1,304
6,1620
1,283
7,6520
4,1719
1,442
1,431
4,1453
5,1660
4,3374
1,466
1,376
1,478
1,341
2,681
1,282
1,538
3,1254
5,2247
5,1876
1,431
3,1095
6,2057
6,1663
5,1612
1,469
1,369
8,10704
1,456
10,3204
1,271
2,959
1,467
1,504
8,2720
1,398
4,1775
2,830
9,3113
6,2102
1,381
10,3021
1,752
1,362
1,399
1,318
2,600
1,401
2,718
9,5555
1,311
7,2465
9,2903
2,3815
2,797
2,701
2,793
1,449
1,261
1,455
1,277
1,372
1,271
7,2998
5,1916
1,336
1,12797
1,524
8,2673
9,3034
1,378
10,3774
5,1677
1,240
7,2496
1,298
10,5660
1,244
1,410
8,3225
1,335
8,2904
1,468
6,3384
5,1802
1,408
10,3883
1,462
1,485
1,386
8,1780
4,1941
10,3248
6,2097
2,856
1,500
8,24980
6,2073
4,6849
8,2668
10,4564
10,2941
1,515
1,298
1,517
1,286
3,1115
2,509
3,1103
2,987
2,799
1,442
1,439
8,10844
6,2186
1,361
8,1910
2,675
1,363
1,386
10,3154
2,503
10,2199
10,3386
1,279
8,2978
1,519
8,2585
5,1725
4,3073
1,387
10,3852
1,469
1,418
1,348
10,2446
8,2614
10,4337
1,676
2,781
5,1722
1,386
6,2094
2,668
1,445
1,408
2,1165
1,484
10,3019
1,682
10,3472
10,6683
10,3452
1,534
2,848
6,2019
1,434
1,396
3,1094
8,2872
1,249
1,904
5,1589
8,2826
1,569
10,2339
6,6293
8,2904
1,442
6,2487
2,895
1,780
4,1284
1,518
1,316
1,257
10,3779
7,2643
9,2939
3,1263
10,2547
10,3906
10,3459
1,408
3,1447
9,2831
1,550
1,487
1,335
1,440
2,711
3,1053
4,1289
10,2806
10,3558
1,643
6,2017
2,1485
5,2585
10,3584
2,837
1,630
1,393
1,401
5,1558
10,2630
2,996
5,1877
1,501
8,2780
10,3274
3,954
1,1114
1,384
3,1174
5,5623
1,540
8,2674
7,6351
1,443
2,870
7,3791
9,3055
2,616
10,3794
2,778
2,1008
10,15962
1,492
6,2175
4,1442
1,406
1,623
1,398
1,397
3,808
2,900
8,2607
9,2303
6,7112
10,3409
6,2287
3,1349
1,549
10,3394
8,2878
2,648
5,1478
1,441
2,748
8,1603
4,1293
4,1498
1,511
2,1013
4,18213
1,526
2,911
8,2477
8,3014
5,1779
4,1574
1,453
5,1663
1,502
10,2306
4,9426
2,3642
10,3480
8,3517
3,16180
8,9678
4,1398
1,302
2,833
3,1175
4,1594
2,1876
4,1371
1,396
8,2126
8,2893
3,1107
8,2626
1,611
7,2681
1,652
4,1390
8,16670
7,2558
7,2255
9,2822
4,1438
1,500
9,2884
8,2737
1,705
6,2147
8,1869
3,1261
2,821
1,589
2,873
1,448
1,504
2,803
2,745
1,497
5,1768
1,294
7,2389
7,6444
1,541
10,2487
2,1120
4,1576
1,527
7,14211
3,967
10,3869
5,1858
5,1572
1,401
4,4380
1,452
10,3283
4,1587
2,865
9,3160
2,1203
4,1318
1,598
7,2552
2,897
1,630
4,1367
8,4313
9,3023
8,2452
1,380
2,890
3,10201
6,2082
10,3202
3,937
5,2190
1,425
1,475
2,965
8,3180
8,2747
6,2281
4,1553
9,7653
3,1056
10,3275
6,6859
10,3310
2,605
3,1118
7,2491
1,411
1,56145
7,2447
1,345
8,2412
6,2203
4,1162
7,2084
7,3681
10,2204
8,3375
3,1201
10,2530
7,2110
8,2867
7,1975
8,55929
8,2905
2,707
9,6038
2,952
9,4210
1,436
4,1366
10,2319
1,5575
3,1213
10,2906
10,3035
1,369
1,425
3,53521
10,3872
1,664
3,940
8,2731
6,5783
1,362
4,1562
10,2185
2,840
10,3562
5,2315
8,6084
4,1326
1,327
6,47958
10,3632
1,668
1,684
5,1751
8,2525
1,418
5,1807
8,1983
1,1617
8,2631
5,2057
10,3370
6,2013
1,384
4,50929
10,3691
1,519
5,13905
3,1343
5,1540
1,478
1,359
10,3384
7,11983
7,2429
10,3659
7,2372
1,2979
1,522
7,47512
8,2913
8,3368
1,492
8,3253
1,480
3,988
8,2736
2,559
1,372
2,886
1,513
10,3135
3,10941
4,1047
8,36356
2,817
1,571
1,459
4,1608
6,2352
1,453
5,1748
1,343
1,683
6,1999
1,305
7,4266
1,442
2,535
1,1180
10,2745
1,488
8,2653
5,2079
1,685
6,1916
3,4229
1,452
1,690
10,3698
1,385
10,3555
1,386
3,1194
1,448
10,2571
1,1521
1,505
4,6521
2,893
2,753
6,1819
1,339
1,408
2,914
1,461
10,2264
1,541
10,2657
1,532
10,2400
1,571
1,478
9,3127
6,2186
3,1240
2,775
1,236
1,378
1,545
1,401
1,341
1,343
10,3975
1,417
10,2282
1,441
1,433
5,1941
10,4428
7,2013
2,794
1,257
1,626
1,469
1,505
1,278
8,3646
10,2699
1,987
10,2564
3,1257
2,830
8,2955
3,1107
2,724
6,2459
1,258
1,581
8,2647
1,506
1,253
1,364
8,2065
1,395
10,2760
2,712
1,519
2,1217
3,1237
6,2589
10,2275
1,304
1,665
7,2244
10,3827
1,258
1,351
7,1998
2,758
1,398
2,818
1,434
6,9551
10,3631
3,1156
3,2323
8,1833
4,1571
2,1056
1,401
1,307
1,434
10,2342
1,539
1,312
3,906
2,691
5,1489
8,2756
3,971
7,2980
1,230
6,2258
1,521
1,299
1,268
1,466
2,546
1,448
1,277
7,2022
2,1501
2,638
7,2176
3,920
3,1533
10,2961
2,799
1,518
1,296
1,283
2,863
1,286
1,381
1,420
10,3282
1,361
2,613
2,3414
2,932
8,2814
1,345
9,6766
1,608
5,1436
1,417
4,1586
10,2219
4,1416
1,421
10,3671
1,536
1,350
5,1835
7,2375
2,920
1,286
8,8349
1,553
5,1785
1,351
6,5798
10,2716
6,2227
10,2929
10,3077
1,461
1,350
1,486
8,12334
7,2764
2,539
6,2005
1,1744
10,3257
1,334
2,2640
10,3485
5,4092
1,269
8,2886
6,2021
1,435
10,11851
6,2143
3,1260
10,2160
4,1395
1,482
1,481
1,334
6,19763
8,2667
9,3171
1,251
7,2350
10,3334
1,436
8,2839
10,8990
10,3366
10,2412
5,1691
1,364
1,485
2,457
8,18045
9,2200
8,2987
1,241
10,3763
2,818
6,2225
2,980
2,799
6,1970
9,2420
8,8732
1,495
8,2384
10,2514
4,1483
10,2479
6,2150
1,247
10,3036
3,1757
1,355
1,561
6,2067
2,800
9,2233
2,859
1,455
10,3290
10,2284
4,1345
10,2960
4,1403
1,239
1,448
3,1258
1,469
1,553
8,16871
8,2558
8,1730
3,21214
3,975
9,2330
9,2184
6,2007
10,2341
2,670
10,2698
2,536
8,2719
1,518
1,603
1,496
7,2105
1,458
8,3986
3,1100
10,3702
8,1996
8,2794
1,505
5,1622
8,2113
10,3325
8,2564
1,489
8,2642
3,1124
1,500
1,313
4,1574
8,2346
9,3196
10,2941
2,1138
1,286
3,1368
1,523
10,2385
7,2294
1,437
2,623
4,1512
1,403
10,2940
8,7849
3,930
10,4465
10,3460
5,5893
1,393
5,17764
2,825
9,2776
10,3327
10,3102
2,686
1,484
3,1044
5,1673
8,2690
7,1865
2,835
2,672
4,1342
1,350
7,2380
10,3568
8,2791
6,5587
1,346
1,353
2,687
1,393
10,2281
5,1705
10,3682
9,3816
10,2346
3,1302
1,473
4,1551
10,2647
10,3638
2,835
3,1212
1,439
2,568
1,393
10,3405
4,1272
10,3250
10,3511
9,3009
7,2409
1,344
9,9559
9,22245
1,699
1,415
1,383
1,437
1,301
1,317
10,2764
5,15231
10,3147
1,447
9,2567
5,1966
1,242
4,1312
10,19084
1,282
2,801
3,931
1,501
1,318
1,299
10,3477
9,13802
7,2530
1,372
8,2015
6,4170
1,261
5,25893
10,14552
1,291
7,2386
8,2708
1,431
1,255
1,476
5,1779
2,832
10,3236
3,998
10,2334
4,1238
1,267
5,1632
10,2799
1,258
3,817
2,701
1,312
1,327
1,521
10,2221
1,602
1,386
1,585
10,2277
8,2988
1,306
3,1010
10,3341
1,240
2,826
7,2274
8,2154
3,1085
1,304
3,834
10,7362
2,988
10,3563
1,292
5,9292
2,599
8,5929
10,2928
1,279
3,871
10,10999
2,531
1,278
1,266
1,500
1,458
10,3508
1,315
1,268
8,4587
10,2352
8,16381
10,6515
1,286
8,2315
8,2167
8,2308
1,253
1,265
1,633
1,385
10,3217
1,245
10,2680
9,16442
9,2032
1,438
10,7351
1,464
8,2254
6,2334
3,885
1,429
3,1230
1,365
6,2487
10,2369
1,282
10,2744
3,1284
8,1763
1,448
10,3239
1,279
10,3557
2,1034
10,3061
1,410
10,3352
1,334
1,342
8,1897
1,271
1,361
1,696
10,2859
6,4827
1,411
1,331
1,769
8,2934
2,794
1,255
2,671
1,291
2,715
9,2186
1,291
1,292
1,571
10,2186
1,513
1,823
10,2778
10,3865
2,878
10,6966
7,1785
3,815
1,415
1,481
10,2678
1,265
1,276
1,568
1,388
1,574
1,527
10,2239
1,480
1,578
10,9488
10,3674
7,1667
1,347
2,748
1,471
1,257
1,336
2,924
10,2706
2,882
10,2220
1,363
10,3383
3,964
7,1825
10,3336
10,2485
7,2538
1,424
1,534
1,539
1,264
2,740
5,1881
2,989
1,326
10,2867
1,344
2,931
10,3049
10,3928
10,3003
1,484
2,638
1,295
1,612
1,595
1,617
5,1331
1,667
1,260
9,1930
8,3455
4,1538
1,653
8,2239
8,2651
1,677
1,616
1,353
9,2981
1,439
2,934
10,2177
1,524
1,242
9,2411
1,553
7,1894
2,599
8,9319
7,1880
1,398
1,374
1,311
9,2348
1,264
1,605
10,3279
2,799
1,376
10,3018
7,2302
10,2625
10,2978
7,2472
10,6660
1,502
1,531
1,247
7,2288
1,262
6,2100
10,3407
1,399
1,280
10,3605
1,479
10,3247
10,2269
10,2408
2,603
10,3573
1,462
10,2471
1,487
1,260
1,5309
5,1694
10,6177
1,249
1,460
1,427
10,6807
10,2243
2,577
10,2381
10,3555
1,445
1,240
9,2846
5,1388
1,483
5,2731
1,343
1,383
10,3081
1,388
8,2207
9,1989
10,2118
10,2640
5,1615
6,2049
1,365
10,2412
5,1530
10,3028
10,3288
6,1871
10,3304
10,2683
1,332
6,1580
8,2198
10,3739
10,3044
8,4241
3,1135
1,411
1,509
10,3339
1,814
10,2673
1,348
8,2628
5,1965
2,625
10,17867
10,2208
10,3408
10,3205
9,4464
3,1294
1,365
3,1368
10,2500
3,1177
7,1639
1,590
1,456
5,1757
10,3193
10,3814
1,379
8,2051
8,2668
2,1087
8,2736
10,2889
1,568
5,1769
1,511
1,342
1,483
2,975
10,3478
1,378
1,577
1,288
10,3288
10,2159
5,1692
7,2090
10,2330
7,3202
5,1216
1,540
1,412
3,1367
10,4938
10,3469
1,617
1,705
1,251
10,2669
10,7125
9,3275
2,735
2,594
1,510
10,3384
1,587
1,487
7,2293
10,3411
5,1720
2,597
1,370
1,267
10,2207
1,355
10,3396
6,2189
8,1861
4,1322
10,3319
8,2895
1,334
3,1289
10,3234
5,2092
2,477
1,625
1,254
2,547
1,236
1,355
10,3346
8,1786
9,3117
1,378
10,3314
1,375
2,846
9,8427
10,3269
10,2190
1,402
1,247
1,435
1,251
2,570
2,1143
10,3626
5,1900
10,3671
2,715
1,490
10,3452
10,3222
1,660
10,2692
1,351
1,379
1,420
1,260
10,3187
8,4122
10,3347
7,14153
8,2802
7,2458
1,372
7,2290
9,3163
1,526
10,2469
1,248
1,402
1,283
1,295
6,1485
8,2944
2,671
5,11989
5,1556
10,3224
1,478
3,1167
1,438
1,335
8,2197
1,358
1,373
10,3069
1,249
10,3198
1,481
10,2771
4,2150
9,3283
2,807
1,521
6,1922
10,2420
1,473
8,1924
1,286
1,462
1,238
1,248
9,2189
3,953
5,1820
7,6917
10,3735
8,2727
1,387
8,2638
6,2269
1,927
10,2285
1,263
1,600
1,236
1,239
8,2174
2,800
5,1329
4,1521
2,586
7,2293
3,737
8,2807
9,3056
1,528
10,2350
2,619
10,3024
1,274
10,2174
10,2616
2,650
10,2412
5,1703
10,2723
2,808
1,360
1,535
10,3204
1,567
1,396
1,252
9,2224
9,2815
1,324
4,1494
3,801
10,2435
3,1594
5,1364
10,2286
5,1555
3,1449
10,2435
1,530
9,2914
10,2296
2,557
1,301
1,336
5,1991
7,1597
10,3719
4,1480
9,2997
3,883
10,3018
2,941
1,530
1,399
10,2834
10,2730
9,2221
1,363
2,516
1,672
10,2369
5,1640
5,1764
10,2207
2,643
9,2494
2,1018
1,462
10,3336
10,2212
8,2411
1,466
1,242
1,373
1,583
10,3019
5,5932
3,1107
1,370
3,1168
10,3567
3,1112
1,426
1,363
9,2297
9,2835
9,2003
9,2386
10,2496
1,658
10,2204
10,3070
6,2207
1,317
8,2603
10,3097
3,1346
1,488
10,5173
10,2097
10,3073
8,2633
1,251
10,3249
5,1581
10,3045
1,486
2,2817
1,356
10,3751
5,4959
7,2035
10,2954
1,502
1,369
10,2958
10,6747
8,2704
8,2899
1,534
10,3436
1,811
4,1516
1,421
8,8256
9,17289
10,3408
1,372
8,5745
1,359
10,2549
10,2761
10,3185
8,1721
1,593
8,2752
1,590
1,555
1,461
10,13168
1,349
8,2930
1,408
10,3595
10,3083
2,582
1,391
10,3365
9,1852
1,525
7,2392
10,3250
2,682
1,338
10,3240
2,521
10,4526
1,304
10,3679
1,241
1,397
10,2955
1,410
2,854
1,562
1,491
1,395
7,3417
1,405
7,2257
1,577
10,7953
1,356
10,3416
1,325
10,3222
5,2075
1,616
10,3391
1,415
1,464
1,552
1,579
1,407
10,2412
10,2965
7,2367
1,413
2,715
1,322
8,2440
5,1125
10,2768
5,1606
10,3347
1,436
10,3494
1,505
1,274
1,579
10,3386
5,2134
1,559
9,16646
1,300
8,1949
10,3334
5,1972
10,2293
1,590
1,365
1,594
1,468
1,319
1,398
9,2220
7,2248
4,1243
9,3335
1,253
9,3280
10,4521
10,3374
10,3061
1,632
1,447
1,344
1,376
1,394
1,399
8,2254
1,490
1,730
9,3078
1,293
10,3704
10,4124
10,3177
10,3016
4,1471
1,342
1,624
1,600
1,373
1,354
9,2890
1,271
10,3604
1,618
1,275
10,2381
5,3308
10,7208
10,3264
7,4172
1,493
1,469
5,1848
2,834
1,375
10,2945
1,474
1,587
1,720
1,246
2,664
5,3364
5,1200
5,1751
1,384
1,434
1,376
1,475
9,3483
1,287
1,516
1,403
5,1888
3,950
1,255
10,2914
10,8601
10,3025
10,3354
1,875
1,383
10,4201
3,1548
10,3302
1,233
10,2852
1,358
5,1794
10,3421
10,2668
1,388
1,459
7,1813
10,3057
1,455
1,378
1,381
1,623
8,3580
1,241
10,3376
1,383
7,2572
1,589
5,2086
1,320
1,246
3,1254
1,350
4,1341
2,619
8,5172
6,2364
9,5489
1,244
1,397
1,237
7,2158
10,2367
6,1432
1,394
1,258
1,475
1,342
9,6089
10,2382
9,2707
1,524
1,516
1,234
1,478
1,398
4,1561
9,2286
10,3340
1,284
1,237
1,427
1,281
3,1497
10,2954
10,4192
8,6228
10,3275
2,599
1,557
1,253
7,2328
10,3513
10,3347
1,257
1,385
1,395
1,368
4,1468
10,2965
10,4014
1,636
10,3314
1,280
1,389
1,276
7,2649
7,2477
10,2661
1,318
1,433
1,451
1,364
5,1646
8,2118
2,929
3,1236
1,498
10,3276
1,450
5,1367
4,1498
1,624
5,1589
1,258
1,281
1,477
1,388
4,1390
10,3118
9,3349
10,3346
1,616
10,2431
1,747
10,2197
1,505
1,798
4,972
1,288
1,330
10,4300
1,305
3,885
10,2961
1,511
3,3797
4,1826
8,1863
1,442
10,2151
5,1678
1,672
10,3641
1,256
1,268
1,390
1,317
4,1475
10,3265
1,494
7,22124
7,2491
9,2261
1,1605
10,2459
3,1137
10,4574
10,2675
1,242
1,346
8,2594
1,707
3,3786
2,798
3,989
7,2539
9,5178
10,3333
3,1102
10,2112
3,1634
1,666
1,579
5,1506
1,506
5,1570
1,392
6,6025
1,390
10,3117
2,879
7,2389
2,578
1,440
10,3388
3,1323
1,559
8,5544
5,1441
10,3265
1,460
1,366
3,1464
10,2470
9,3089
1,544
5,33849
10,2841
1,452
10,2676
6,2288
1,679
10,7890
10,3404
5,1508
1,516
10,3081
2,6147
9,2391
10,2391
1,632
4,22122
10,2485
1,337
10,2813
2,881
1,494
10,2835
10,3440
1,504
1,398
1,1732
2,1661
10,2190
9,3284
4,23182
7,32247
8,1749
7,2089
2,628
7,2766
1,437
9,3120
5,1836
9,2663
1,432
8,2530
7,12796
8,1651
7,2642
3,21882
3,21035
1,476
9,3934
10,2908
2,793
1,402
1,772
5,1473
5,1876
1,324
10,3120
5,1646
9,2797
10,2619
7,2413
1,15453
10,2143
7,3509
9,3108
3,1212
1,658
1,402
10,2469
8,1949
9,2418
9,3041
3,772
10,2230
1,611
7,4687
7,2827
8,2543
7,3584
9,2065
10,3238
10,42673
10,3384
10,2146
9,2211
10,3277
9,3242
7,3316
10,3328
1,815
9,2526
1,414
10,3507
4,4069
8,2102
5,1550
1,24417
1,586
1,424
10,3603
10,3487
2,538
10,4032
1,417
1,610
9,11841
3,1065
9,2445
1,396
10,3589
1,459
7,2487
2,723
1,511
10,3402
2,827
8,2650
3,1380
1,404
10,4009
6,2144
1,333
10,2810
4,1379
10,3321
1,464
7,2526
1,448
8,2527
2,709
5,1514
10,2915
8,3117
1,285
1,656
6,10196
1,373
2,697
3,1152
1,615
1,424
5,1815
10,9639
10,6319
9,3930
6,2157
2,785
2,728
1,405
1,708
7,15245
4,1158
10,2335
3,1214
1,552
1,391
7,2394
1,605
9,2669
1,457
2,1031
2,584
5,1890
1,369
1,640
3,1159
1,398
1,394
3,1036
9,2254
1,376
7,2369
1,602
9,2978
1,275
10,2864
10,2234
7,2476
1,372
1,573
1,572
3,997
1,255
6,3528
1,323
1,451
4,1667
8,2936
10,2634
3,1077
4,936
6,1297
1,535
1,461
7,2550
4,1567
1,381
1,238
3,1011
1,240
1,412
1,582
1,732
10,3345
10,2490
10,3265
9,1947
1,845
1,384
1,33949
4,1459
1,493
1,309
2,746
1,329
10,3660
3,1205
1,381
2,14784
4,1134
9,2375
10,2459
1,463
1,262
1,27601
1,529
3,946
1,256
7,2099
1,340
3,1008
3,893
1,295
9,3162
10,3127
8,2856
8,2215
8,2528
1,298
10,28667
1,592
1,416
1,283
2,597
1,428
1,407
4,2133
1,430
1,492
9,2186
10,3415
10,2286
1,346
1,249
1,576
1,396
6,2066
1,236
5,2270
1,352
1,535
3,1126
2,689
1,288
7,2913
1,473
4,1447
1,496
5,1624
1,364
4,1689
1,374
1,234
3,1210
1,266
1,357
3,938
2,671
1,346
10,13624
10,3262
1,357
10,3712
10,2198
1,623
1,2460
1,460
1,242
7,2239
1,263
8,2590
6,2130
1,392
1,281
1,513
10,3312
10,3626
1,390
10,3310
1,521
6,2154
1,423
1,230
8,2081
1,249
1,656
2,913
10,3100
1,315
6,1411
10,3392
1,512
1,474
10,3402
1,723
3,1307
2,794
5,1728
3,936
1,253
7,2655
2,757
9,4530
1,436
1,435
1,380
1,442
1,330
5,1375
9,2326
1,509
2,954
5,1172
10,3505
1,457
5,1724
7,2514
10,3160
1,399
1,504
1,391
1,346
1,447
10,6511
7,2396
7,2428
3,986
10,2487
7,2402
10,3192
9,2948
4,1361
8,2274
1,325
1,485
1,561
1,504
2,727
10,3167
7,2215
9,5959
3,1088
10,2491
5,9391
10,3234
7,2323
7,2414
9,2832
1,476
10,2838
3,1076
1,423
1,356
1,477
5,2276
6,4467
3,1042
5,1523
8,2718
10,3354
2,818
5,1654
1,4987
1,443
1,469
1,406
10,3329
1,432
1,385
5,1735
1,543
5,4171
10,3840
1,14266
10,2324
1,445
8,2769
10,4154
10,3489
3,994
1,1315
1,353
10,3031
10,4779
2,845
9,15747
8,2578
5,5451
10,18990
10,3372
1,490
6,1854
10,3285
1,482
1,457
1,478
1,434
3,1014
10,2563
3,1255
1,8485
7,2259
1,685
1,492
10,2817
3,1114
1,420
1,501
1,380
4,2661
7,2331
7,2519
4,5304
8,2852
3,1033
8,5186
1,689
10,3682
1,416
1,481
3,1228
3,1073
5,1996
3,670
1,330
1,635
1,390
7,3289
8,1980
4,1490
1,534
7,2513
10,2747
1,442
10,3171
7,2371
10,4325
7,2559
10,2353
1,536
1,470
1,579
9,3238
9,2734
5,2205
3,14197
5,1622
9,2935
1,380
8,2750
9,3279
1,409
1,498
9,3060
1,406
1,549
1,524
6,2019
9,2567
7,6874
5,31584
9,10724
1,690
1,421
5,3940
9,3452
5,1879
7,3316
9,3159
7,2401
1,587
1,484
6,1817
10,3390
2,942
2,1207
10,4420
10,6946
1,434
9,2609
6,2071
1,779
5,1769
10,3426
1,452
7,2468
7,2308
1,4166
10,7563
4,1389
1,508
2,811
8,3232
1,446
10,3189
1,318
1,538
1,383
7,2345
3,1629
1,450
1,333
7,6483
2,754
3,1232
1,543
1,451
10,3050
1,510
10,3772
10,3729
1,433
1,465
10,2691
1,600
9,3357
9,2963
4,6696
1,672
5,1698
1,605
1,494
9,3095
1,413
2,690
7,2468
1,458
1,400
1,606
1,585
5,1917
3,1229
4,1478
2,1060
6,2207
1,375
3,1291
10,2667
2,703
5,1782
4,1411
9,2605
7,14873
1,455
3,1075
1,555
5,1553
4,1378
1,643
8,7266
2,824
7,2311
2,654
2,663
5,1138
4,1484
1,533
1,392
10,4524
9,28828
5,1635
1,474
3,1088
1,345
3,1203
2,1656
4,16574
9,2116
1,491
1,642
4,1442
1,439
7,2275
4,1547
7,8572
4,1449
4,1316
2,675
1,383
10,4760
4,1292
9,2957
1,352
1,740
1,381
2,826
1,443
1,512
1,561
5,2208
1,475
7,6485
5,1930
1,415
1,605
7,5209
9,3921
1,316
3,1089
1,435
1,424
10,6881
4,4621
9,2926
6,2422
3,1155
4,2548
2,825
1,447
1,580
3,1165
6,1849
1,266
7,2370
1,371
3,1250
1,500
1,603
7,2599
7,22622
5,1601
3,1095
6,2995
1,727
5,1736
9,2927
10,3031
1,367
9,2854
1,249
7,2016
1,421
5,1867
3,978
3,1361
2,784
6,2155
5,1608
1,615
2,660
8,3427
6,1888
1,296
9,2927
1,241
1,275
2,817
1,349
5,9179
3,1177
4,3129
2,881
8,2541
1,354
7,19238
3,2822
1,401
1,1533
10,3058
1,246
1,445
3,1123
1,1200
5,1833
4,2606
3,1119
3,1379
6,4413
1,292
1,645
10,15228
7,2133
1,487
7,2229
1,272
1,349
1,440
1,483
7,2432
2,836
2,770
7,2932
5,10178
3,1047
1,467
6,11775
1,421
1,344
6,1870
1,257
1,385
3,1170
1,11614
4,3025
4,1320
3,1130
2,1062
8,5731
10,2324
9,3191
1,591
1,360
1,388
1,480
1,404
1,369
7,5968
4,1297
1,513
7,4482
7,2537
5,1738
3,1076
9,1995
1,420
7,2267
4,1985
1,345
4,1184
10,2970
1,516
7,2473
3,13686
1,495
4,15545
8,2688
3,1063
1,471
10,2872
1,540
6,4587
1,576
1,357
4,1459
5,1690
1,578
7,8317
3,4931
1,520
2,778
5,1874
7,2398
1,669
7,1699
1,481
2,865
1,377
3,752
1,409
10,2443
1,363
9,15221
3,1087
5,3389
5,1744
3,1146
1,1408
1,373
10,2196
10,6682
10,3775
4,19821
1,589
4,1432
6,1361
1,695
1,655
6,2004
3,1631
8,2679
7,2532
3,3547
2,762
1,818
1,408
4,1669
1,575
10,3232
3,1102
10,3023
2,765
6,2180
3,1128
1,744
1,486
10,3526
8,16840
1,341
10,6115
1,558
1,418
1,384
10,2458
2,758
9,2321
1,682
10,3711
2,624
2,1608
6,2038
3,1088
10,20203
1,911
1,560
1,511
1,417
1,519
7,1900
5,1737
10,3073
6,2248
4,1683
2,946
4,3726
3,997
5,1491
7,6032
1,394
10,7086
7,2376
1,256
1,365
9,3097
6,1989
4,1534
6,4984
7,2330
10,3441
1,10203
1,487
7,29525
5,7129
1,629
4,1496
1,378
1,400
1,449
10,3726
9,3268
1,477
9,3239
4,1491
5,1740
1,684
8,2504
8,2790
9,3560
1,615
1,19222
1,517
1,286
6,3028
1,499
2,796
10,3285
3,1158
1,484
3,947
1,449
10,8349
10,3241
1,404
10,7663
4,1381
1,466
1,385
4,1387
10,3542
6,2058
10,3443
5,1722
4,1494
7,2329
3,1003
5,1675
1,485
1,439
1,522
9,2940
3,1083
1,370
1,1005
10,29205
5,1706
1,522
8,12272
2,705
8,10794
1,530
1,454
2,924
1,604
1,560
7,2564
1,604
1,333
1,628
9,18347
5,1757
4,1445
2,921
3,1002
1,466
6,2159
1,486
1,693
1,423
1,668
7,2147
9,3154
1,338
5,3968
4,10667
8,2411
1,537
1,575
3,1172
7,2357
1,347
1,392
2,874
10,7351
4,1305
4,1207
10,3529
1,334
3,1124
1,461
10,11631
4,1288
2,953
9,2991
5,1544
1,721
1,716
1,333
1,718
1,480
5,3570
9,5314
1,278
2,862
7,2341
1,430
9,2203
8,3082
6,5693
9,3372
4,1728
3,6025
1,601
1,476
10,4599
7,2682
9,2979
5,1190
6,2089
3,987
1,642
7,2875
4,1864
2,873
10,3424
1,664
1,376
1,521
1,610
4,1324
1,436
7,26835
6,2052
5,4316
7,2357
1,448
7,2757
1,388
6,2043
2,757
7,2343
1,487
1,386
1,532
10,2756
6,1730
1,482
9,3276
5,1701
5,1637
1,475
4,2951
7,2488
5,4278
1,308
1,564
3,1037
1,539
1,578
6,2075
1,744
4,1544
8,3120
9,35868
7,2452
1,492
4,3458
3,1147
1,318
1,561
1,432
1,480
1,543
1,495
6,2047
3,1177
1,420
9,3640
1,492
6,2091
1,477
1,510
10,3384
8,6163
3,1212
3,1189
1,5441
3,1837
1,446
9,2978
3,945
4,1572
3,1034
10,3437
3,1100
2,694
1,491
3,1241
1,625
7,2521
6,2643
1,602
1,433
2,14638
6,1966
1,518
3,1233
4,1671
2,699
1,472
1,495
3,3641
6,2035
1,481
1,485
9,4657
9,35239
1,667
1,427
6,2032
1,394
2,964
2,903
2,948
1,377
1,437
7,2455
6,1987
1,611
7,2240
9,3168
1,467
1,583
9,3043
2,777
1,405
7,1710
1,406
7,2161
2,1190
1,443
1,442
10,3020
1,592
1,381
3,1237
7,3369
1,356
3,1108
4,2683
1,390
9,16652
7,2293
1,498
3,1117
1,404
1,485
7,2236
1,591
9,2888
7,3065
1,625
7,2029
4,1384
1,324
1,397
6,7917
3,1240
4,1641
1,329
1,382
1,415
6,2047
1,403
1,343
10,13378
3,1113
7,2377
7,2650
5,1794
4,1235
5,1947
10,3673
3,1351
4,1301
1,494
1,482
2,816
1,589
1,468
1,657
7,2363
9,13495
9,3356
10,4333
1,511
2,10979
10,3463
10,3406
1,701
4,1055
3,1071
4,1505
1,495
7,2390
10,3840
9,3213
9,4748
6,2062
4,1302
1,383
6,1978
10,2721
8,2470
1,471
7,2898
1,295
1,470
2,836
6,12382
1,815
7,2552
7,2583
6,2584
8,2721
3,1008
1,502
10,3109
6,2234
3,1090
3,1180
1,509
5,1448
1,421
10,19893
3,29435
9,3044
10,40894
1,330
10,3581
1,397
8,2662
10,3349
3,2062
1,330
10,3287
3,843
8,2203
10,4370
3,10701
5,28889
9,6739
2,4973
7,5917
9,5811
2,783
1,397
10,2226
10,3095
1,353
6,2231
1,465
10,3270
1,447
9,12699
1,28372
10,6526
1,23432
4,1463
3,1101
7,2358
3,1159
10,2248
2,1018
4,3752
10,16860
1,411
1,383
4,1485
1,40532
3,1125
1,458
3,35150
4,1500
6,2120
4,1260
1,336
9,2048
6,2137
1,394
6,2064
6,2421
1,360
1,612
1,830
9,3165
1,507
4,1470
4,1141
2,558
3,1064
1,470
10,2798
6,2446
4,6101
3,1201
3,1028
8,2567
5,1697
1,362
7,2196
4,1467
4,1442
2,689
10,2322
5,1590
4,1367
1,373
7,2493
2,1062
6,1956
2,860
1,363
3,1241
1,473
10,3428
1,631
3,1306
3,1000
1,534
6,2086
1,420
1,281
1,520
1,324
7,4503
2,823
1,272
10,3390
1,396
4,1391
4,1555
2,929
7,2788
1,653
3,1167
1,405
1,248
1,626
1,472
2,642
7,2305
1,360
6,2457
1,362
6,1954
3,1150
5,2093
6,2108
1,489
1,447
1,583
1,222
1,431
1,809
4,1066
2,805
10,3230
10,3304
1,440
1,412
5,1603
8,2574
5,2265
1,485
10,9400
1,414
1,464
1,380
7,7848
1,510
5,1921
1,400
5,1834
1,457
7,4554
9,3408
6,2273
8,7371
1,241
7,2353
1,394
10,2142
1,562
5,1870
4,1610
3,1253
1,428
6,2274
4,1311
9,15568
1,619
2,624
2,4487
1,256
5,1548
2,672
1,258
7,2349
6,2107
10,3591
10,3829
1,440
6,2355
1,601
1,367
2,801
6,2271
3,1082
1,244
9,5965
1,547
1,402
1,334
8,2563
6,2010
3,19715
9,2978
7,2541
7,2533
1,406
6,2231
5,1988
8,5388
1,255
10,3275
1,471
1,288
4,1529
10,3189
4,1059
1,671
3,996
2,1103
3,1211
1,462
1,424
5,1916
6,35474
1,304
2,795
10,3567
1,373
1,511
3,1056
7,1611
8,3422
1,344
4,1349
4,1638
1,614
1,392
8,4556
1,515
1,260
1,504
6,2157
1,288
1,528
1,369
9,2965
5,3063
10,7395
8,2986
5,1739
1,552
6,2115
1,537
1,415
9,2862
1,467
1,590
1,592
1,393
5,1684
4,1323
7,3006
1,487
1,639
9,2941
1,544
5,2419
2,757
1,562
10,2514
3,1063
4,1360
10,2219
1,455
1,459
10,3260
9,3192
2,816
4,1505
2,1096
1,441
1,418
10,3122
1,392
10,2811
3,970
3,1264
10,3297
1,460
9,2829
9,2664
10,28661
2,792
6,2297
6,2537
1,473
9,3826
1,458
3,1178
10,2615
6,1980
5,2724
10,2646
1,509
10,3334
4,1267
2,769
10,3466
10,2420
5,1973
1,482
1,501
1,467
2,1054
10,3379
7,1817
10,3045
10,2653
4,1113
3,1084
6,1916
1,617
10,3317
2,635
2,775
4,3698
5,13964
2,729
1,356
1,352
9,3933
6,5743
4,1275
6,2734
9,4919
3,1516
1,581
10,2939
10,3642
5,2948
1,547
1,337
7,2127
1,472
10,3823
7,4102
6,1841
9,2830
10,7858
1,604
1,664
3,1266
10,2374
4,1715
1,755
2,675
1,372
1,3804
10,3243
10,2880
1,544
2,658
10,2945
9,3240
3,1282
1,311
7,2563
10,2513
9,3106
2,1095
4,1340
1,393
1,439
1,282
9,3356
4,1298
5,1784
6,1947
4,1810
4,1524
1,430
7,2854
10,3379
4,1516
10,3366
1,558
1,597
1,461
1,456
2,463
9,10041
7,2266
10,3589
6,2883
7,2735
1,358
9,3289
10,2273
10,5998
1,562
5,1568
8,2973
4,1396
1,349
10,3024
1,486
8,3069
10,3626
10,3315
9,3472
1,317
1,567
9,2241
1,284
2,732
1,467
1,3050
1,349
1,458
1,322
1,450
2,884
1,594
9,3525
7,2248
1,261
9,6696
2,552
1,353
4,1283
6,1934
1,491
1,643
2,597
10,2457
10,25165
1,572
10,3290
10,3374
6,2200
1,333
6,2193
10,2820
1,357
7,2379
3,27257
2,1020
3,1064
1,301
8,1653
7,31143
5,2045
10,3509
10,3732
10,21910
1,256
1,620
1,403
1,303
3,1222
9,11071
10,3407
10,3324
1,482
10,3549
1,6214
6,1668
8,2691
10,2247
1,588
1,306
10,15483
8,1942
1,318
10,3348
5,1393
1,483
1,397
7,2263
10,2369
1,642
8,2561
1,367
1,289
9,4627
1,312
7,6478
1,572
1,272
1,838
5,1314
2,919
1,370
4,1201
10,3265
1,615
8,2303
10,2428
10,3090
1,1830
1,537
3,1241
10,3045
1,257
1,410
9,6703
4,1340
1,390
2,13538
1,365
1,701
9,3275
1,356
10,3351
1,490
10,3483
1,348
1,444
1,290
8,2503
1,530
3,1314
1,359
7,3030
1,277
1,407
10,5537
1,422
10,3468
1,575
10,3772
1,616
1,364
1,304
10,3639
1,499
5,1970
3,1147
10,2308
1,320
1,385
3,1199
1,639
10,2020
1,492
10,3129
1,632
10,2131
1,283
6,4943
2,685
6,1945
10,3448
8,2792
1,338
1,443
4,1446
10,2728
10,2153
1,470
10,2514
1,598
1,289
9,3169
6,1950
10,3158
2,624
6,2114
3,1375
1,248
1,388
2,763
1,453
1,389
1,461
10,3484
1,582
1,303
10,2794
3,978
4,1023
10,7050
8,22224
6,12256
1,369
4,1880
10,3329
1,550
1,240
1,711
10,2595
4,2031
1,238
10,3520
6,9706
5,2021
6,1780
6,2063
6,17630
1,278
4,1684
1,458
1,486
1,236
1,586
7,2539
4,1527
1,377
1,368
1,558
6,2434
5,1656
7,2036
6,2218
1,378
3,1374
1,306
1,396
1,299
1,392
10,2176
1,394
1,267
10,2606
7,2582
7,2009
7,2391
2,1100
2,871
1,383
2,1697
1,274
1,367
1,253
1,893
3,1208
4,1502
1,424
10,2605
1,658
3,1422
8,2440
8,2847
4,1366
1,235
7,2329
1,382
1,519
1,245
1,698
10,2943
1,393
10,2800
10,3494
1,489
10,3196
2,1009
1,370
1,531
1,223
2,1133
1,382
2,1206
1,311
4,1749
10,3013
2,783
1,247
10,2427
1,869
10,3573
1,531
5,1737
8,2581
10,2515
6,2228
2,722
10,3572
1,250
4,1524
10,2160
1,353
10,2867
7,1583
1,461
5,1995
6,1551
2,789
4,1331
9,2069
6,1994
1,282
10,2400
1,272
3,1318
10,1981
1,1054
9,3076
10,2602
1,555
2,1147
5,1725
10,3605
8,2205
10,2282
3,925
1,257
10,3422
1,249
2,814
10,3222
2,1074
4,1201
3,1358
1,497
6,14896
4,1003
4,1350
8,2646
9,2246
8,2643
1,361
10,5153
10,2281
9,3043
10,2460
5,1634
1,379
10,2782
1,475
6,2671
10,2797
10,3525
9,2992
10,3353
5,1569
1,393
4,1548
10,3255
5,1730
1,407
6,2216
10,3378
10,2397
4,1511
7,2496
10,4800
9,3290
9,3286
10,3198
1,454
1,259
1,447
10,2212
6,1921
1,285
2,609
6,2281
10,2302
7,2321
1,339
1,364
3,1253
4,1399
1,341
2,861
10,2388
5,1491
10,2731
8,2518
1,255
6,13452
10,3307
10,2238
1,389
1,525
1,310
6,1974
2,665
10,3237
10,3100
9,1980
6,2115
10,2982
6,6500
1,247
5,1677
10,2398
10,2918
6,2210
1,303
9,2369
10,5465
10,3156
8,2792
1,535
10,3350
6,2005
4,1070
1,3247
1,249
8,2837
10,3803
1,400
4,1238
1,324
4,1406
9,2999
2,695
2,496
7,2468
1,392
10,21539
10,2229
1,4067
1,369
8,19147
10,3528
1,287
10,3526
1,258
1,399
1,649
2,596
10,3002
4,1490
10,3176
10,3344
6,1845
4,2336
1,390
1,518
8,2894
1,247
3,975
1,335
1,425
1,301
1,453
2,947
4,1379
10,3150
2,861
10,3679
2,838
1,274
10,3617
3,1053
1,246
9,3300
1,381
3,14412
1,270
1,475
10,3511
3,968
10,2348
9,3064
10,3297
2,873
1,273
4,1753
10,4079
1,264
10,3377
1,384
1,696
1,274
1,478
8,1885
6,2083
10,3293
4,2171
10,3355
10,3391
1,367
2,1064
2,690
1,353
4,1244
1,543
6,1858
1,265
1,364
10,2422
10,3118
9,2119
5,31469
10,3168
2,967
4,1048
4,1227
1,463
1,354
6,1989
2,1038
1,337
1,247
1,368
10,3343
6,2186
10,3403
8,2677
10,2511
1,411
6,1426
1,527
7,2412
1,365
9,2965
1,465
10,3100
1,278
1,573
10,3399
3,976
1,505
1,417
10,2180
6,2530
10,3385
3,1288
1,361
1,254
10,3692
4,1375
1,327
1,234
1,263
1,316
10,3124
10,3415
5,3198
10,2445
7,2731
10,3470
10,3823
1,348
1,269
10,3045
1,393
1,267
1,240
1,249
3,1229
6,1973
10,2880
4,3249
1,399
3,1020
10,3399
6,2165
1,305
1,373
10,3613
4,1509
1,316
1,378
1,316
1,280
1,467
10,3256
1,507
1,254
9,3200
10,2987
8,3295
10,3347
10,2434
1,425
10,2843
1,345
10,2717
1,275
1,351
6,1837
1,355
3,2639
1,268
8,3360
10,3595
6,28001
1,506
9,2586
10,3519
6,1718
6,1961
10,3533
1,309
1,369
1,486
10,2090
1,375
1,298
10,4402
6,2011
10,37747
1,373
10,3191
10,3956
4,1142
10,2536
10,2219
10,2187
1,380
4,1198
10,3101
9,6259
1,248
6,2452
10,3196
7,3368
1,520
10,2358
1,500
10,3777
4,1059
10,2121
9,2678
1,501
7,2595
1,405
1,463
1,276
2,737
4,1549
6,2107
1,465
10,3183
1,257
9,3253
10,2795
10,2284
10,3619
1,574
1,361
1,257
1,357
1,328
2,883
10,3382
1,412
10,3544
10,3396
1,251
4,1545
10,3031
1,412
10,3626
1,598
1,447
1,241
1,240
1,396
7,2363
10,3729
6,2457
1,478
10,3417
1,262
4,1596
10,2489
10,3456
10,2493
1,376
1,362
1,266
1,281
1,420
1,451
10,2546
1,627
1,565
6,1994
1,240
6,2140
10,3505
2,721
1,537
1,381
1,345
1,316
1,514
1,364
1,518
10,3144
1,391
10,3533
10,3274
1,258
2,779
10,2121
9,2902
10,2801
1,423
2,922
1,381
1,317
10,3806
1,480
1,577
1,430
9,3143
10,3853
1,263
9,3180
9,2895
8,1716
10,2517
10,2240
1,498
1,352
2,676
10,2220
1,690
10,3657
1,487
5,1509
4,1012
1,548
8,2056
10,2274
10,3313
7,1801
7,1906
1,524
1,347
1,248
10,3030
1,592
1,885
2,927
1,426
10,2903
1,273
10,2838
10,2258
1,492
2,757
9,2282
1,649
1,361
1,229
10,6642
8,2859
1,476
1,347
4,1017
10,3405
1,577
8,1862
1,334
10,2946
10,2199
10,3460
1,602
1,347
1,267
9,3658
2,876
1,2020
1,558
5,2035
9,3276
10,2605
1,332
10,2216
10,2365
3,775
5,1809
1,457
9,2986
5,1327
4,1432
1,606
1,475
1,496
10,3678
1,467
10,2959
10,2978
10,2139
10,2299
10,2440
2,784
8,2038
10,2227
8,2676
1,542
1,476
10,16279
1,428
6,2008
1,452
10,2231
10,3302
10,2378
10,3285
8,1757
10,24591
7,2248
10,2374
7,1818
10,2624
1,522
4,1252
4,1164
1,404
1,655
10,2638
2,599
1,240
4,973
10,2335
5,1847
8,2693
10,3605
8,2152
6,1986
1,547
1,304
1,422
6,2369
1,466
10,2403
10,3662
1,311
10,3206
10,2024
8,3317
10,3461
10,3429
3,814
5,1655
1,379
1,445
9,3013
10,4705
1,580
10,3356
10,3378
1,233
1,285
10,3558
5,1966
9,3408
10,2376
1,495
1,633
1,451
1,515
4,1680
2,1487
1,297
10,3207
1,341
1,229
1,264
1,412
4,1640
6,2225
10,2679
2,665
10,3638
1,563
1,492
4,1165
9,3079
1,580
10,2909
1,329
1,328
1,281
1,280
1,585
2,1084
8,1969
10,3110
6,3027
6,2238
1,485
8,2825
4,1487
1,541
4,1047
1,313
1,232
1,258
1,243
3,1168
1,482
10,2987
1,457
10,3357
4,1321
6,2050
10,2833
8,2314
1,1837
10,2607
1,573
1,263
1,242
1,279
2,801
2,722
2,814
1,411
5,1839
10,3464
1,319
1,481
5,4863
1,467
9,2676
1,315
1,259
1,221
1,320
4,1271
4,1150
10,3072
4,1659
9,3015
6,1882
10,2842
4,1829
4,1318
3,1326
6,1652
1,301
1,281
1,237
3,850
6,1555
9,2726
10,3772
1,599
10,3422
9,3260
6,5733
10,3653
1,425
1,519
10,3289
1,455
1,332
1,228
1,251
9,2580
10,2974
10,2500
10,3424
4,1406
4,1303
2,2960
6,2181
1,1280
10,2454
10,3530
1,337
10,2499
1,243
1,345
8,2493
10,3131
3,1091
9,2046
5,1885
10,4409
10,12572
2,798
3,1197
7,2513
10,3346
1,438
10,2275
1,220
1,264
7,2335
10,2422
10,2994
10,2063
1,471
4,1720
9,3166
9,2893
2,905
1,662
1,274
1,254
10,2384
9,2919
1,278
3,785
1,391
9,3252
10,3754
1,438
4,1240
4,1339
10,2357
1,425
10,7754
1,226
7,2492
10,2526
6,1402
1,262
6,1566
10,2640
1,522
6,1511
1,452
2,1068
8,5369
10,2919
1,390
2,894
1,221
10,2729
10,3812
10,2300
10,3034
2,597
10,3393
1,446
3,720
1,497
10,3588
4,1437
10,3800
1,407
7,2461
1,215
3,812
10,2512
10,2094
10,2806
1,418
10,3132
1,494
9,2034
5,1712
9,3488
4,1406
1,390
1,434
10,11795
1,229
10,2352
10,2522
10,2898
9,2660
1,375
10,2563
1,479
7,1844
1,314
10,2831
1,374
10,2487
1,386
6,2383
1,541
10,2189
10,2798
1,430
10,2343
1,383
1,510
1,396
10,2242
1,512
8,2897
3,1092
10,3624
1,427
9,3297
1,276
10,3118
8,2010
10,3236
7,1776
10,3712
1,281
1,377
10,3284
1,467
10,2220
3,837
10,2828
1,398
4,1521
1,328
10,3427
10,3398
3,1090
10,3093
1,343
1,434
1,454
9,3322
1,472
1,253
4,1469
1,621
6,2077
8,2939
1,321
6,2562
10,3215
8,2066
1,472
1,313
1,523
7,2399
10,3811
4,1485
10,3315
4,958
1,501
1,674
3,1081
1,599
10,12191
2,832
7,2015
10,4274
1,250
1,295
1,384
1,505
1,544
10,2376
7,2490
1,332
1,613
1,635
10,3519
7,3142
10,2747
10,3517
6,2748
1,234
1,368
1,419
1,489
1,499
10,2110
5,1732
1,278
8,3579
4,1727
1,428
10,2269
1,427
2,772
2,803
1,240
1,245
1,389
8,3039
1,540
1,369
9,2751
10,2249
1,459
1,378
10,3289
4,1336
10,2228
10,3145
10,3567
1,290
1,270
1,558
1,423
3,1362
1,249
7,2458
1,588
9,3367
8,3866
10,2468
10,2638
1,448
10,3283
4,1030
1,254
1,524
10,3488
1,505
4,1191
1,270
3,1178
1,258
8,3100
3,998
10,3906
10,2240
1,364
9,2959
10,3447
1,384
1,629
1,477
1,466
5,1487
1,249
6,2020
1,555
7,1905
3,1246
10,3269
3,1241
1,303
4,1696
8,2765
1,248
10,2630
10,2573
1,376
9,4167
1,384
6,1397
1,602
3,1159
8,2349
10,3348
10,3584
1,328
1,415
10,2215
10,2391
10,2296
6,2004
1,548
7,2485
1,339
1,291
1,555
6,1562
8,2387
10,3388
1,494
1,385
1,796
10,2693
4,1346
10,2398
7,2430
1,561
6,2018
1,229
6,1590
1,393
4,1363
9,2968
4,1382
1,293
1,350
1,487
9,3536
9,2985
10,2188
9,3552
1,586
6,1467
1,227
1,256
7,1717
2,665
1,818
10,2629
10,3297
1,279
1,497
1,487
9,6693
10,2291
10,3685
1,312
1,394
1,233
1,311
2,732
1,459
3,858
1,447
1,304
1,360
1,522
1,692
10,9399
6,1306
4,2186
1,447
1,488
1,321
1,306
10,2714
1,528
7,2622
5,1667
1,249
1,337
10,2501
1,550
10,2951
4,1512
3,1913
8,2816
4,1144
7,1705
1,289
3,686
4,1498
6,1610
6,1984
1,259
9,3053
1,235
4,1437
3,1111
4,1243
5,2236
2,781
10,2441
10,2853
3,998
8,2189
6,1540
1,398
10,3325
1,297
10,2857
1,303
1,481
6,1357
10,2692
3,1254
2,948
4,1142
3,828
1,386
10,2145
1,639
1,272
10,3312
1,333
10,4611
1,237
1,471
7,2801
6,2019
4,1519
2,916
9,2570
10,3102
1,435
10,2917
10,3497
1,317
10,3246
1,397
1,441
1,282
1,387
10,3050
10,3281
1,316
8,2655
1,429
10,4182
1,407
10,2964
9,3066
2,819
1,377
1,560
10,3204
1,373
1,390
10,3470
10,2203
2,930
5,1710
10,3092
10,3259
1,266
1,434
10,2423
1,391
2,682
1,365
1,448
1,375
1,483
10,2690
10,3036
4,1562
5,1659
10,2399
10,2906
1,383
10,2489
10,3284
1,342
1,381
6,2277
10,3379
6,2142
1,426
10,15892
10,2890
5,1556
3,975
10,3083
6,1461
1,246
9,2803
3,1061
1,371
6,4859
10,2646
6,2017
1,408
6,1921
9,3159
10,2885
7,2990
2,992
1,413
10,2474
1,401
9,2012
9,2442
1,392
1,386
4,1291
7,2342
5,1719
1,1890
7,2195
10,2325
1,495
2,661
6,1404
10,2610
4,1107
10,2248
7,2650
1,370
1,667
9,2285
9,2936
10,3264
10,3846
1,478
1,376
8,2997
2,905
9,2011
9,2650
1,449
10,2383
10,3786
1,548
1,569
10,2582
4,1621
10,3095
1,530
1,398
1,356
8,2465
2,1129
10,2920
4,944
10,3105
10,5843
10,3915
1,402
9,3283
10,2616
10,3229
6,12421
6,2363
5,2020
1,409
3,1036
3,1276
9,3218
10,2823
9,3428
10,3538
10,4592
2,779
5,1766
10,3343
3,1380
5,1804
10,3692
1,646
1,348
6,1933
4,1484
1,508
10,2636
10,2183
1,1040
8,2868
1,476
1,349
1,471
5,1867
4,1392
5,1596
3,1202
1,403
6,3477
3,988
1,678
1,545
10,2450
1,608
10,3682
4,1834
4,1579
7,1798
1,406
9,5049
4,1592
8,2712
1,353
1,403
3,9755
1,792
10,2510
3,1138
1,534
1,529
10,3374
8,2680
10,4007
3,778
4,1466
10,3323
1,452
1,405
1,376
7,2569
1,630
10,2990
9,2984
1,430
1,793
10,3379
1,604
3,1156
2,584
10,3425
2,774
1,504
1,562
1,379
5,1950
1,646
1,580
7,1602
1,506
1,1432
1,421
1,580
1,488
8,2695
5,2127
5,2129
2,780
1,418
1,251
8,3092
1,587
1,364
9,4596
1,399
8,8465
9,3158
1,667
3,1051
4,1461
6,2198
8,3277
4,10653
1,347
1,432
7,2423
9,3416
1,348
9,31089
10,3390
1,20453
10,3116
1,663
10,4849
8,2713
1,469
3,1066
1,732
10,2275
1,310
3,1292
1,364
1,355
10,12031
1,450
1,498
10,2317
4,1056
6,2029
1,379
3,947
4,1277
5,1694
10,2878
1,514
1,734
10,3405
1,358
1,10285
1,459
2,855
3,840
6,1803
2,4260
9,2434
2,912
4,1218
1,763
10,2174
1,333
1,445
10,3417
1,403
10,23658
1,406
1,501
9,2105
3,987
10,4961
7,2917
4,1516
1,329
1,463
10,3299
1,368
4,1481
1,378
1,356
9,13460
1,410
2,683
7,2157
1,312
7,2317
1,415
8,2509
4,1486
2,805
5,1882
1,265
1,467
1,577
1,332
1,10486
1,284
1,484
9,5657
4,1581
9,2794
1,321
9,2614
3,1019
1,411
10,3744
1,235
7,2115
9,3179
1,373
1,1434
6,2355
1,513
8,2625
4,1436
1,408
1,436
7,2462
6,2248
5,2012
5,1830
2,476
1,546
1,462
1,394
7,1967
2,953
2,867
5,2705
5,1619
4,2147
1,396
3,1038
8,3141
1,627
4,1343
9,3153
7,2321
1,621
6,1626
2,942
4,1149
1,405
10,3807
7,2542
8,2701
1,506
6,1470
7,2575
1,515
2,778
1,392
1,476
2,842
10,3136
1,585
10,2270
1,537
10,3909
9,3523
1,491
1,284
6,1720
8,2722
2,820
10,3749
4,1557
3,1032
1,318
4,1620
5,1843
8,1857
8,2691
1,968
6,2168
1,536
3,1180
2,712
3,1030
1,489
6,1539
10,2721
1,396
1,336
10,2941
1,526
10,3391
8,3018
2,1141
6,2024
1,427
1,280
1,433
6,1314
2,782
1,418
1,563
6,2473
8,4715
10,2453
1,498
10,3394
3,1243
5,2036
1,359
1,566
2,721
4,1060
6,1610
5,1678
10,3815
10,3212
1,389
4,1400
9,6246
1,659
9,2940
3,1365
8,2898
1,466
4,1390
1,323
1,308
4,1060
3,1092
5,1611
10,3285
1,514
8,22534
10,3208
3,1288
2,893
5,3324
1,575
4,1601
1,362
6,2017
10,2095
2,784
5,1622
6,1983
1,465
1,423
5,1731
7,2388
1,485
1,513
2,922
2,758
10,2921
1,391
1,297
1,292
1,351
3,1161
10,7641
10,3473
1,382
3,1174
1,3531
8,3057
10,3588
2,2158
1,722
4,1685
1,457
6,1460
1,288
1,486
4,1411
8,2677
9,3299
1,569
2,688
10,3576
8,7446
8,2699
2,777
1,4914
1,490
1,502
2,786
1,310
1,319
8,2775
9,3512
9,3418
1,278
2,690
10,3346
4,1558
1,375
4,1537
2,1028
10,6696
1,646
10,2499
1,351
1,277
7,2149
1,472
10,3255
1,273
2,721
3,977
1,7701
10,3415
2,663
1,504
9,2422
3,857
10,2602
4,1077
1,277
3,987
1,359
10,3206
6,2253
3,1095
1,334
1,471
5,1574
3,967
1,656
10,2966
6,1386
4,1470
1,362
1,265
5,1576
1,374
1,481
3,1098
5,39352
5,1559
5,2016
6,2051
4,15295
8,5812
10,3377
3,1030
1,536
1,307
1,274
1,455
1,426
10,3149
4,1566
4,1487
6,2239
1,6002
10,3520
7,2246
8,5968
3,908
4,1440
10,3257
1,316
1,343
1,483
4,2092
8,4398
4,1475
4,3311
10,5994
1,365
2,842
5,1690
1,416
1,403
8,1688
10,3011
1,264
1,236
7,2295
5,1664
9,4347
3,1183
3,1803
9,3105
1,380
9,3046
8,3212
1,578
6,1361
8,2749
10,2336
1,315
1,270
3,1131
1,370
8,2764
6,2136
7,2425
5,2141
2,839
5,1927
1,487
4,2477
1,259
7,2171
1,314
1,389
1,303
6,2135
1,410
8,2552
3,1255
8,2556
4,1695
2,1078
1,447
1,540
1,574
1,252
3,1035
9,2979
9,2429
1,336
4,1773
1,545
1,465
6,2201
1,457
10,3386
1,3466
4,1338
1,549
1,477
1,236
4,1613
9,2590
10,6854
4,1189
3,1944
1,477
2,2190
7,2443
8,10300
1,390
2,840
1,603
7,35754
1,516
1,236
6,2095
5,1746
10,3389
10,2416
6,2180
1,509
2,2081
2,906
2,28228
1,512
3,1032
1,493
3,9454
1,508
1,238
2,732
10,3702
10,3194
6,2351
7,2417
1,469
1,438
3,1223
1,470
1,619
2,935
8,3854
3,3061
5,7318
1,241
4,882
10,7812
6,2055
4,1041
3,1249
5,1642
1,412
4,1522
6,2146
1,4330
4,1477
1,1695
6,2834
2,5044
1,310
2,726
10,36517
9,2925
10,3350
4,1461
1,477
1,258
6,2169
4,1407
4,5624
7,8046
4,1739
7,13945
5,13656
1,267
8,1891
5,23871
10,3310
9,2822
6,1894
3,952
1,516
6,2359
1,383
1,419
7,2489
1,376
1,671
2,638
1,261
6,2385
1,398
10,3667
10,3275
10,3169
4,1039
1,461
5,1564
1,417
1,497
8,2775
1,500
4,1375
2,19872
9,1905
10,3254
9,3547
10,3243
3,832
1,359
5,1363
1,439
8,2753
5,1818
1,669
5,8384
1,445
1,625
3,20297
7,2228
1,355
1,400
10,3922
6,1443
3,965
8,2515
2,847
5,2225
7,2348
1,619
1,594
1,645
6,2034
3,1136
6,2352
10,3021
1,437
9,5863
7,1710
3,963
7,2165
1,386
8,13041
3,970
1,723
1,1939
1,729
1,341
4,1546
9,2957
10,2295
1,409
8,2628
9,3220
1,421
8,2456
2,769
4,8970
1,457
1,627
1,581
4,1518
1,485
7,2825
10,3617
2,775
1,401
2,1064
10,3485
1,359
6,1907
8,2711
4,1410
6,2100
1,703
7,2444
1,538
3,1075
5,1682
10,3932
10,3219
1,325
1,327
10,3330
1,396
6,1420
4,1416
4,1360
1,402
3,1390
3,1909
4,1197
7,2193
8,24753
9,3031
3,982
1,356
1,642
1,416
7,3373
4,1340
1,343
5,2451
1,436
3,945
6,2188
3,1149
1,429
3,79755
1,547
9,2792
1,387
2,969
8,3836
1,348
2,761
1,483
4,1434
1,349
8,3110
3,4554
4,1065
4,1399
1,505
4,1523
1,361
1,466
8,2805
10,2633
1,371
1,610
1,490
2,1111
1,516
6,2152
5,5007
6,2129
1,382
4,1717
2,823
1,329
2,1263
1,614
7,2374
1,517
1,615
1,504
2,1031
1,585
9,3207
3,1378
8,2758
3,1067
4,2853
1,430
1,301
8,2455
8,4343
2,775
2,732
4,1303
3,1092
6,1554
1,414
7,2379
4,1230
6,1808
1,350
1,1341
1,526
1,261
1,538
1,348
2,685
1,390
6,2923
2,651
1,422
4,1449
3,1128
7,3903
3,1163
1,640
3,1099
8,2650
1,227
1,368
4,1070
1,514
1,402
3,1217
5,2104
6,2218
3,1265
6,1730
4,3443
6,2019
1,449
7,4923
4,1630
1,260
2,992
1,474
1,451
1,394
1,750
3,1269
1,365
3,1235
2,945
3,1183
6,1904
1,443
3,1150
8,12698
1,268
5,1983
1,612
1,1699
7,2362
9,2642
2,832
6,2109
7,4927
4,1286
6,1931
4,1050
6,6551
6,1984
5,1812
1,376
2,773
1,620
3,10297
3,1065
7,2298
3,1067
1,377
4,1128
4,2042
1,767
2,818
10,3214
6,5013
5,7197
7,2014
8,2723
1,494
8,2516
8,2231
10,3370
6,2097
10,3461
10,3496
4,1482
4,1450
1,417
3,1115
3,1043
2,699
1,349
5,1724
5,1628
1,350
6,2059
10,2324
8,3043
1,801
6,2126
10,3226
1,3309
4,1050
1,501
6,24759
2,2851
1,282
4,1447
1,6590
8,2875
2,826
10,2279
8,2728
1,466
3,1593
8,2486
7,2489
6,1885
7,5577
4,1714
3,2127
9,2717
3,1103
1,469
1,331
8,2861
7,1678
7,11718
10,3067
2,770
6,1992
6,3423
4,1424
2,795
7,9279
1,388
5,1768
3,966
2,724
1,359
5,1899
9,2192
3,2758
1,822
7,2407
4,1554
4,1813
1,362
3,1120
3,1459
2,671
10,3377
2,664
3,1053
1,358
2,768
3,648
1,1287
2,809
3,1150
1,654
1,379
9,2947
9,2963
1,568
2,632
1,327
1,329
1,466
1,390
4,1568
1,369
4,2784
1,994
2,910
10,3379
1,428
10,3365
6,2186
1,513
1,542
2,1143
3,37132
5,1722
2,873
4,1330
1,281
7,2417
1,501
8,2774
2,706
1,520
10,2497
6,1966
1,577
4,1330
5,2545
2,670
1,330
5,2074
8,2683
1,246
6,2278
1,369
5,1607
10,2940
10,21935
10,3419
8,2830
10,3173
3,1015
9,4897
3,3287
2,940
5,3348
2,867
1,404
7,2644
1,414
6,1935
1,553
1,616
3,818
5,6840
3,5501
4,1223
8,9734
2,501
2,1201
2,23351
6,1994
1,297
6,2399
10,5788
7,2235
6,2007
1,513
6,1321
8,4045
1,383
7,2844
8,2563
5,1301
2,791
2,701
3,1228
1,283
3,1255
4,1438
5,2904
9,2479
2,2713
9,2516
4,1546
1,415
7,11903
1,676
7,2446
4,1662
2,663
4,1494
1,246
4,3113
8,2668
4,1576
1,457
1,494
1,424
4,6488
3,1651
1,22781
2,751
8,2579
3,1518
1,31462
10,3316
1,278
4,1575
2,631
8,2862
9,3364
1,381
1,233
4,1370
1,527
8,14589
2,921
1,337
8,3631
8,4222
2,804
1,358
1,501
8,1858
4,1413
1,380
1,394
1,564
2,791
7,2476
1,335
9,3120
8,2758
8,3172
1,342
10,2975
1,281
3,992
2,806
5,1688
1,377
3,1073
1,254
2,794
1,482
5,1670
5,1663
4,1255
5,1743
4,1846
7,1768
10,3646
6,2121
10,2269
10,3458
1,432
6,2007
1,247
6,2020
2,970
1,466
5,1800
7,2368
6,2264
3,1010
10,2777
10,23268
1,358
10,3339
3,1020
1,346
6,2193
1,315
4,1472
1,3131
6,2636
3,1027
3,1147
1,524
1,355
6,1746
8,13995
2,1102
7,1644
1,455
1,699
8,2667
1,401
5,1745
7,2067
1,502
2,905
6,1981
1,435
3,1210
1,296
10,14694
10,3254
10,3275
1,465
1,741
5,1657
1,371
10,3857
1,742
1,949
2,824
3,995
4,1689
4,1565
8,2597
8,2300
3,1173
10,3130
1,468
1,787
8,2477
1,348
2,710
1,434
1,549
3,1220
4,1558
7,2248
7,2434
9,1960
2,751
3,32959
8,2023
1,453
9,2933
4,1457
1,369
10,3315
1,569
1,398
3,1153
6,2164
3,1085
5,2988
1,240
2,4468
1,515
3,808
2,664
1,380
4,2099
7,1682
1,396
6,2287
1,457
4,1435
3,933
4,1408
8,23840
1,260
2,18055
1,519
10,2297
1,399
1,824
4,1304
9,2937
1,357
7,2455
1,538
3,1168
1,436
3,1081
1,502
1,285
8,2476
1,450
10,2977
6,1679
5,2006
2,705
10,3890
1,415
8,5592
1,395
4,1368
7,2307
3,998
1,811
1,262
3,1220
3,1159
9,2037
1,504
10,4012
2,721
10,3526
1,360
9,2934
3,1102
1,386
4,7665
5,1589
7,2627
10,2479
5,1796
1,427
2,621
1,481
10,16650
6,1744
1,524
10,2395
4,1475
3,1065
1,352
1,11686
4,3945
6,5541
1,452
8,8925
7,2513
1,390
1,629
1,387
3,761
9,10330
1,327
6,9627
6,2008
1,371
1,571
7,2056
7,3409
1,253
2,832
1,345
1,289
1,668
5,2151
4,1075
7,3878
1,438
4,1619
7,27817
1,584
3,9496
3,1163
4,2097
1,271
5,1516
8,2849
1,245
1,617
6,19055
10,3228
2,1028
1,454
3,1242
4,8022
8,2710
6,6241
10,3397
5,3680
7,1546
2,46449
1,545
1,348
3,1362
2,770
2,609
1,544
1,412
4,1056
3,1058
1,344
1,4142
6,2185
3,1043
1,237
2,684
1,495
1,278
4,1488
4,1396
10,2627
8,27226
1,274
6,2010
7,2570
1,404
10,3650
4,1200
4,1478
1,225
2,770
1,412
1,245
10,3427
2,785
2,1560
2,641
1,294
10,3782
4,1379
7,6657
1,617
3,1076
3,1084
1,234
2,849
3,1270
10,2536
10,2457
8,2808
7,2558
3,993
6,1247
10,3391
7,12878
1,342
1,622
7,2203
3,1162
1,428
2,815
7,2498
1,258
7,1752
2,1260
10,3159
2,688
5,1132
4,1483
6,2128
1,447
1,573
1,480
6,2270
10,2129
7,6967
1,505
1,333
6,1242
9,2752
6,2088
5,1630
8,2860
5,1344
10,3662
8,2654
3,1048
2,663
10,3556
10,2382
3,1122
3,1179
1,369
10,3052
5,3269
8,2788
2,661
10,3346
2,992
3,1200
1,363
1,500
1,419
4,1635
3,788
4,1371
9,3144
1,327
10,2429
5,2789
8,2362
2,681
10,2445
10,3581
2,1456
1,295
1,1037
1,449
1,487
10,3267
3,895
5,4119
1,246
2,890
2,761
1,397
5,1475
10,2172
6,2383
7,2952
1,366
1,705
7,2371
1,569
9,2337
1,318
4,1533
8,2061
10,2212
3,20627
1,382
2,857
10,2962
5,1454
3,1246
1,417
6,1972
1,456
6,2095
10,3607
1,399
7,2500
7,1668
10,3325
2,1090
10,2747
3,983
7,1640
8,2973
2,822
6,2023
7,5161
3,1107
1,389
9,3089
7,2707
9,3103
10,2474
10,3394
8,6670
1,370
2,645
10,3224
1,516
2,826
1,478
6,1986
1,335
7,2284
3,754
1,273
1,512
3,1131
10,3250
3,1582
1,256
3,1014
10,3310
1,381
6,2043
4,1356
3,1355
1,330
1,333
10,2100
1,438
2,963
1,502
8,2088
1,479
1,264
3,1038
3,1246
1,246
6,2489
7,2412
1,522
1,457
1,467
10,2619
1,418
6,2154
9,3151
10,2183
4,1408
1,287
1,341
10,2234
1,630
8,2761
6,2058
4,1663
1,446
2,846
1,388
5,1798
3,902
2,773
9,2091
3,908
1,378
8,46547
9,2084
1,486
1,365
10,3791
4,1750
1,399
1,1536
6,1937
1,429
10,3421
4,2170
10,2844
8,2705
1,440
1,421
3,936
1,466
1,444
5,1822
9,2659
6,2898
1,374
7,2368
1,418
10,4020
10,3551
1,568
7,3089
1,380
4,1266
10,2315
1,387
1,433
4,1491
9,2305
8,2443
1,2214
10,2618
1,411
8,2788
10,3470
1,295
5,1512
1,354
1,330
10,2285
10,2568
1,454
3,1156
4,1150
1,486
10,4806
1,353
1,638
2,769
9,2566
1,242
1,11137
10,2183
1,395
1,327
1,242
5,1864
3,1147
8,2033
1,423
3,1100
4,1132
8,7203
7,1813
8,2387
1,412
1,442
10,2140
1,427
7,2581
1,487
1,353
4,1567
5,1885
9,3643
1,3152
1,478
1,431
10,2701
10,3772
1,260
1,428
7,1564
1,419
6,1569
1,476
1,714
6,2144
1,443
8,2559
1,409
9,2048
5,1567
2,838
6,1646
1,259
1,512
10,3404
1,324
1,318
10,3143
1,447
4,1342
2,621
5,1571
4,1410
1,241
1,372
8,2693
1,515
1,286
1,357
10,2321
1,451
1,433
10,2300
4,1515
7,1701
2,579
4,1617
2,779
1,244
1,443
1,359
10,2961
1,451
1,959
3,1045
1,441
1,268
1,484
1,340
6,1964
6,2334
9,4087
6,4400
1,409
2,893
1,321
8,7043
1,445
4,1481
10,2533
8,6652
1,245
10,2811
8,1985
2,765
3,1158
1,361
8,2655
1,291
3,1083
1,618
4,1366
1,243
7,2339
9,1967
8,10958
1,481
10,2888
1,487
3,1162
4,1039
10,2478
5,3774
1,254
7,2217
1,452
3,1495
3,650
1,405
3,937
5,1544
10,2296
10,2226
4,1284
1,530
10,2383
2,627
4,1387
10,3303
7,1943
1,427
1,526
1,235
1,382
10,2237
7,7089
1,368
9,2095
1,507
4,1498
10,2738
2,671
8,2583
1,333
4,1392
10,3366
1,595
10,3367
1,383
10,2326
1,378
1,313
10,3210
8,2635
2,816
2,695
3,1232
4,1370
1,347
3,1307
1,521
1,667
10,2345
2,689
1,440
5,1770
1,382
9,2358
4,6088
6,2262
10,3580
4,1457
2,749
1,328
5,1773
1,271
10,8120
7,1673
1,387
6,2097
1,423
1,391
3,839
2,741
8,2774
7,1981
10,3626
6,1716
8,2405
3,1158
1,326
2,1094
10,2329
3,1057
7,1752
1,2442
1,378
10,2265
2,692
9,3109
1,362
2,913
6,2115
1,380
3,1413
10,2416
6,2048
10,2281
1,387
1,279
3,1106
4,1105
10,2387
6,1887
5,1843
1,630
10,3512
10,2374
2,1122
6,2477
1,247
1,18337
10,2486
3,1015
10,2132
6,2138
10,2254
1,344
5,1894
9,3913
1,647
7,2593
8,2789
1,504
10,3545
1,249
4,1532
2,769
1,414
4,1008
7,2489
10,3372
10,2760
4,1554
4,1642
1,352
6,1998
10,2890
10,2855
3,1545
10,3315
1,579
4,1325
1,454
1,311
4,1372
2,719
7,2016
10,4751
1,367
6,2103
8,2823
2,766
10,3277
7,2309
10,2288
1,535
10,3142
6,1905
9,2702
5,1509
10,2612
7,1846
8,3294
8,3584
1,451
10,2828
10,3515
2,774
6,1815
10,3253
7,2322
10,3441
3,1131
1,444
3,1046
10,2100
3,807
10,2772
4,1275
1,275
10,3716
4,1701
8,2717
2,802
10,3613
1,648
10,3278
7,2336
1,283
4,1347
8,2601
1,457
6,1931
1,379
1,297
1,545
2,599
9,2649
3,1143
10,2367
1,502
8,2506
5,1596
1,370
3,1018
10,3489
1,401
5,1914
1,524
1,312
1,297
8,2822
10,8414
4,1292
10,3635
10,3010
6,2038
4,1386
10,2856
4,1480
8,2478
1,409
10,2837
1,354
1,400
1,264
1,465
4,1821
4,5465
9,2393
1,510
10,3219
3,1259
1,351
10,3275
2,834
1,300
10,2399
1,571
1,412
1,266
10,2510
3,1280
6,2096
3,1220
1,604
4,1813
10,3297
1,341
6,2050
10,2619
1,550
1,369
1,482
8,2701
1,256
1,451
6,2303
2,697
10,2373
6,2204
10,3577
4,1402
1,261
7,2397
4,1121
1,345
10,2391
1,421
2,673
1,241
1,537
8,3261
8,2494
1,485
1,514
1,602
3,1093
1,381
6,1919
3,1151
1,320
10,2836
1,416
10,2925
1,237
1,305
6,2352
6,4902
7,2019
1,503
1,593
7,2560
1,308
2,759
8,2893
1,329
10,2130
1,401
10,2351
1,272
1,490
4,1493
8,2445
10,3082
10,4095
1,462
6,1914
1,243
3,1139
8,2878
1,432
10,2694
1,482
8,1899
1,341
1,286
7,2900
5,1844
7,2314
3,1158
6,3102
2,771
2,692
4,1448
6,2357
10,3222
9,2431
1,478
10,2937
10,2282
1,269
4,1577
1,387
10,3258
9,2779
1,364
5,2109
10,2574
8,2680
4,1526
1,405
1,412
2,739
7,1939
1,316
1,254
10,3764
1,463
1,398
7,1944
1,488
1,545
10,2877
6,2055
1,489
10,3433
10,2252
6,2427
10,2665
10,2809
1,306
2,965
1,810
3,790
9,2425
1,454
4,1494
8,4844
2,669
7,2398
2,979
1,233
3,1293
10,2162
7,1958
1,257
6,2339
6,5170
1,308
10,2855
3,1009
8,2718
8,2650
9,2940
10,3144
10,3868
1,237
10,3435
3,887
10,2240
1,370
1,517
4,979
1,468
7,2292
1,394
7,2276
10,2835
5,1745
1,346
3,1173
1,235
2,2538
10,3079
10,2950
9,2270
8,3131
4,1594
1,522
10,2633
1,374
6,3894
2,860
1,425
1,438
10,2503
1,343
10,3489
9,3279
10,2983
1,289
1,418
1,564
1,521
3,1076
1,389
7,18148
10,2777
8,2917
1,519
8,2885
1,400
10,3535
3,1230
3,838
10,2779
1,461
1,557
1,315
10,2486
1,254
2,3422
4,1432
1,489
1,432
10,2993
1,249
10,2898
10,2432
3,1090
10,2647
1,767
1,623
1,376
10,2743
6,1974
9,5270
3,1181
4,1450
1,468
7,2719
1,228
7,2174
10,2690
9,2246
10,2069
1,468
8,2773
10,3407
7,1999
8,3221
4,1621
6,2195
1,480
2,1301
10,4752
1,264
8,2977
1,532
7,1605
10,2546
1,405
1,328
1,258
6,2069
10,3228
1,627
6,2816
4,1400
1,534
4,1485
1,322
2,822
7,2458
10,2198
9,3010
1,324
1,454
1,242
1,402
7,2220
1,484
8,3142
1,441
2,668
3,1233
10,2525
8,1976
7,1714
10,2031
10,3137
6,1844
1,385
1,537
1,231
4,1033
3,996
4,2010
8,2645
1,261
10,3589
3,881
10,2277
10,3074
1,384
3,1120
1,275
1,500
10,2448
1,242
2,835
4,9520
7,2770
1,362
1,358
6,2018
6,1410
10,2473
1,310
6,2189
9,2734
1,385
2,658
10,3158
1,275
4,1432
1,456
4,1350
1,801
6,1981
8,2751
10,2606
10,2187
1,236
10,2183
10,3412
1,410
2,691
10,2774
1,236
1,461
1,358
10,3102
1,449
1,495
10,3255
10,2851
10,3036
1,241
4,1538
1,576
1,387
3,1167
10,2926
1,216
6,1959
1,389
2,1074
1,360
4,1394
4,1815
7,1984
10,3320
1,228
10,2352
10,3319
1,513
10,3202
10,3898
1,217
1,599
3,723
6,2493
1,398
1,510
7,2682
4,1338
10,2252
1,235
10,3129
7,2467
10,3748
2,834
10,4212
1,242
6,1774
1,432
1,1054
1,329
1,507
2,851
10,2327
1,465
1,239
2,654
6,2022
4,1214
8,2658
10,3592
1,234
3,1221
1,401
10,2959
1,417
10,3508
1,653
10,3451
10,3819
1,223
1,395
10,3399
9,3413
10,3514
4,1610
1,252
9,2170
1,377
4,1032
2,587
6,2085
6,2048
10,2713
1,459
1,228
1,301
4,1128
2,724
7,2461
3,1142
10,2215
4,1235
1,377
1,367
2,606
5,1446
1,601
2,927
1,290
1,248
1,487
1,385
4,2040
2,807
6,2263
3,1090
7,2504
1,502
1,460
6,2095
9,2863
1,601
1,526
1,304
1,236
1,318
10,2813
9,3617
8,2285
6,1889
8,2083
9,2216
6,2052
1,358
8,2894
9,2245
1,463
10,2836
1,354
3,791
1,266
1,475
10,2882
2,1020
10,3246
4,1315
10,2211
4,1647
1,315
10,3994
10,3526
1,587
10,3734
1,274
2,867
1,344
1,259
6,1599
10,3337
4,1307
10,2094
7,2331
6,2179
1,265
2,742
10,2862
4,1061
10,3313
1,270
1,522
1,582
1,226
10,3487
8,1931
7,2480
2,719
10,2421
10,2406
1,387
10,3518
5,1217
1,292
8,2557
1,243
10,3378
1,324
1,321
6,1388
1,442
4,1567
4,1508
6,1355
2,916
1,272
10,2278
10,2451
1,296
9,3132
1,287
8,2793
1,376
1,241
5,1179
10,2268
1,477
2,749
3,690
10,2230
1,378
2,758
7,1918
1,273
1,519
1,237
9,3105
10,4684
1,238
10,2538
10,2924
10,3154
3,10340
10,3577
6,1337
1,299
8,2325
5,1502
1,444
10,3282
9,2232
10,3797
1,388
1,224
10,3877
7,1559
1,441
6,4752
1,465
4,1497
1,436
2,570
10,2881
1,309
1,608
3,796
8,2190
10,2723
1,236
4,1099
10,2308
6,3030
5,2145
1,495
8,2890
1,441
10,2446
3,1172
1,451
1,632
10,2204
10,3048
8,2703
1,364
8,2508
10,2933
1,437
10,3968
1,301
2,536
6,2071
8,2857
10,2690
6,1824
1,584
1,396
10,3772
10,3160
1,591
5,1294
10,2529
1,678
8,2798
4,923
10,3279
9,2847
1,458
1,607
6,1851
1,672
6,2211
10,3693
8,4929
2,591
10,2231
9,2158
1,793
7,2510
1,290
10,3204
7,1638
10,2411
10,2714
9,2322
1,554
7,2060
2,768
10,4139
9,2690
3,723
1,433
1,535
10,3687
1,259
8,2464
9,2525
10,2339
5,1355
7,2366
1,630
10,2158
4,2466
3,1469
1,483
2,1158
1,284
4,3055
10,2829
1,242
10,2785
10,3596
7,1579
1,507
4,935
1,498
10,2145
3,1173
2,822
10,4244
1,368
1,490
1,552
5,2171
1,501
1,626
10,3383
10,3518
1,303
3,690
1,636
4,1512
6,2235
4,3095
10,3602
1,532
1,330
1,453
7,2395
1,375
10,2205
3,860
9,3152
1,372
10,2249
1,456
1,500
6,2271
7,2375
10,14357
7,1743
3,1146
1,959
1,526
1,358
10,3330
10,3492
10,2886
1,424
10,2250
10,3700
9,2877
8,10955
8,3000
8,1970
1,449
1,250
1,610
4,1861
1,274
10,2333
6,1427
3,989
1,352
3,764
3,1188
2,589
7,2968
6,2275
9,2837
2,895
1,249
1,578
3,1462
5,1600
9,1942
5,1147
1,326
1,429
7,1772
4,1670
10,2528
4,7585
4,9542
10,5073
1,307
1,351
9,8554
10,3434
10,2564
10,3265
10,2980
1,275
10,2272
10,3418
8,4851
10,2794
1,495
10,5051
4,1438
1,242
1,396
6,2323
1,320
10,2587
1,546
10,3245
1,258
1,262
6,1470
10,16920
10,3590
10,8556
2,628
3,1053
1,279
1,414
6,1746
1,370
5,1232
1,309
4,1547
1,482
1,363
6,1386
6,2646
10,3290
4,1211
4,1640
10,8658
1,305
1,483
10,3694
1,577
10,2281
1,269
10,3131
1,500
1,366
10,2187
7,2461
8,2777
1,303
6,2209
6,2065
1,243
9,2734
2,485
1,436
10,3024
1,280
5,1676
1,763
10,3259
4,1439
10,3230
10,3475
1,547
6,2123
4,1515
1,238
10,3562
4,849
1,568
2,677
1,259
4,1004
10,3692
2,1050
10,2443
2,857
1,509
1,393
4,1133
10,19904
1,1303
1,390
10,3463
9,2979
10,2207
1,245
10,2463
1,476
2,824
10,2831
4,1446
10,3332
1,389
1,578
10,3553
10,5870
10,2925
10,2799
1,562
3,1115
1,388
1,423
1,316
3,1288
8,1982
6,2079
1,326
1,312
6,2247
7,20743
3,1214
6,2062
8,1981
1,583
5,2105
1,257
1,321
1,293
8,2768
4,1008
1,531
1,493
1,418
1,616
6,2494
10,3722
10,2148
10,2601
3,1071
8,3160
1,274
1,374
1,310
10,7046
1,477
1,499
1,440
1,317
1,629
4,1035
2,1187
4,1094
6,1528
1,370
10,3937
1,240
1,268
9,3382
8,2935
1,299
6,2237
1,435
1,388
1,577
1,431
10,4360
1,592
5,1861
1,378
7,2836
9,3075
1,632
3,828
7,2511
1,538
4,1200
1,397
2,697
1,371
1,303
8,3093
10,2822
10,2979
9,2882
10,3907
3,746
10,2461
10,2729
10,18062
2,762
4,1229
1,404
1,502
1,560
1,286
7,24833
2,1039
4,1279
1,334
5,30089
10,2849
6,7346
1,720
10,18329
1,452
9,3172
1,386
6,1659
1,569
1,430
8,2173
9,3126
10,2245
6,2076
10,24097
10,2274
1,408
6,2262
7,2505
1,311
9,2105
1,460
2,927
4,1576
2,627
7,2398
1,551
5,1299
6,2292
1,21183
1,334
1,237
7,2404
1,462
1,264
10,3206
1,316
4,1247
6,1599
1,295
1,471
10,3173
6,1868
1,491
7,2567
6,2190
1,406
10,2453
4,1789
1,242
10,2573
4,1547
1,508
1,304
1,278
4,1408
10,3361
10,2354
7,2356
1,628
7,1716
1,245
4,1021
3,1130
1,241
1,371
3,6010
8,2556
1,521
1,403
3,9939
8,2433
2,678
2,904
1,496
4,1355
1,268
1,571
3,1077
1,310
10,2139
6,2598
10,2568
1,507
1,368
9,4379
10,3058
1,469
4,1389
9,3639
10,2390
2,665
10,2851
9,3082
1,693
6,1281
6,1980
6,1589
9,2105
1,281
3,1042
8,1919
1,316
8,8035
1,442
1,332
3,1028
2,1113
1,451
10,3924
1,322
4,1504
2,772
1,294
1,360
9,9213
10,2833
1,653
2,941
1,518
10,3376
8,2671
9,7679
9,2908
2,743
1,240
4,1597
9,2317
1,371
1,274
6,1898
9,2770
4,1441
2,682
1,447
9,2900
10,3623
1,636
1,479
10,3572
1,244
7,2780
10,3482
2,624
1,379
10,15243
1,554
1,283
6,2194
1,530
2,651
7,2817
10,3052
6,1954
2,866
1,272
10,3193
10,4089
4,1170
10,3279
1,443
1,554
1,243
5,1919
4,1696
10,3631
10,4102
8,2473
1,374
8,3149
1,228
4,1278
8,4414
9,2161
2,472
6,1874
1,459
1,277
6,2184
3,1218
3,961
10,8272
10,6118
1,346
10,3812
1,469
6,4750
10,3703
10,2297
6,1257
1,322
2,933
1,551
8,2890
1,343
10,2543
7,2427
8,2113
1,342
6,1906
1,564
6,2052
6,1561
10,2799
9,2349
7,14966
1,376
1,508
4,1744
1,589
8,2966
1,498
9,2444
1,330
8,50780
1,687
1,603
6,1735
6,2394
8,1888
9,2919
1,529
1,361
8,4467
3,1195
10,3501
6,2129
10,4269
6,1861
10,36871
1,564
1,698
10,3209
8,1872
9,2004
1,385
1,486
1,471
7,2952
1,337
7,1897
3,1078
1,405
1,372
4,1564
10,3435
10,3606
10,2961
5,1603
8,1815
4,1268
1,412
10,3706
1,1935
9,3221
10,3066
4,4064
1,296
1,354
7,2372
8,1918
9,2089
4,1709
6,1754
10,2863
1,348
1,414
8,1898
3,1149
1,350
1,399
3,1121
1,372
1,338
3,1230
6,1234
7,2004
4,1228
5,1351
10,2670
1,389
1,286
10,3061
2,930
6,2443
1,437
1,406
2,934
7,2399
1,452
10,2603
2,930
10,2194
10,3720
6,1569
1,589
1,369
2,998
5,1822
7,19888
1,387
2,765
1,835
10,18516
3,1335
10,2672
9,2112
10,2301
10,3073
6,1531
1,511
4,3721
10,3225
4,1321
1,521
1,406
6,2085
1,600
1,334
4,14488
2,599
10,2559
1,410
4,1333
10,3213
1,561
6,2196
6,2001
3,1254
2,788
1,415
9,11293
10,7459
1,499
7,17138
4,1138
10,3450
1,313
10,3337
4,1284
10,4116
4,1422
10,3688
5,1971
10,58072
1,380
9,26168
1,406
4,1284
6,2094
10,2281
3,1005
1,480
10,2541
10,2574
1,550
6,1977
8,2578
5,1793
10,30148
1,603
4,1419
1,385
10,23569
9,21255
10,3352
8,1821
1,266
10,2355
4,1232
1,408
10,9112
4,11337
1,2582
8,13841
1,1413
1,576
1,662
3,1092
9,12047
2,642
1,397
1,288
2,714
10,2762
1,386
10,3329
7,1893
1,461
2,985
1,414
7,27062
1,514
2,905
10,3315
10,2582
1,247
1,242
10,3467
10,3561
1,374
4,1526
1,531
1,465
2,1080
1,489
1,833
1,852
2,1246
6,1867
3,1200
1,610
1,249
3,2987
10,3169
2,850
6,2260
4,1476
1,450
6,2584
4,1451
8,2895
4,1670
7,2342
1,542
2,905
10,2551
1,244
1,1221
4,1418
7,2595
4,1361
3,1319
9,3204
8,2833
3,1210
10,59759
3,1337
5,5417
1,544
10,4050
1,339
1,282
2,841
1,526
2,785
1,482
3,1180
1,439
6,5608
8,4037
10,42570
10,7771
6,16636
1,437
8,3336
1,575
1,250
1,372
1,255
3,1202
1,376
9,6580
4,1422
6,2234
10,6383
1,386
4,1417
1,468
4,1444
7,26373
1,367
5,2125
10,3276
1,429
6,2040
6,1888
6,2794
1,384
8,2605
6,1999
1,411
10,3133
6,3360
1,556
10,18859
1,282
4,1147
1,359
1,273
1,577
10,3158
10,5863
1,653
1,387
4,1427
1,372
7,1576
7,2388
2,1003
1,11682
1,312
10,2097
1,490
2,469
6,2108
9,1996
9,34928
1,506
7,2298
7,2352
1,348
6,26118
7,7195
10,3399
8,11406
1,306
3,1827
1,469
1,231
3,1443
7,1603
1,658
2,949
4,8741
2,1100
1,354
6,1492
4,1546
1,404
10,8956
1,290
5,1635
8,5663
1,306
7,2648
9,2510
7,7737
1,370
2,757
6,1465
1,338
4,1440
5,1718
1,489
1,613
6,1600
6,2290
1,374
1,550
7,2639
10,2740
6,20199
5,1855
1,338
1,320
1,377
1,494
3,930
1,1513
1,628
6,1356
2,759
6,1897
1,1161
5,2035
10,2362
1,591
1,415
5,1735
4,1205
1,369
1,480
4,1342
1,4090
1,477
4,1089
6,2146
1,480
1,557
4,2220
10,3617
1,350
5,2326
4,1402
1,544
2,1091
2,808
3,4063
1,492
1,511
10,2159
7,7873
1,543
1,463
2,913
10,3031
1,518
7,2377
4,11468
9,2918
6,5439
10,3977
1,1192
8,2664
1,488
10,2442
10,3922
7,10686
3,923
1,447
3,892
1,666
9,3108
1,501
6,2651
8,3451
6,2602
5,1628
1,423
1,406
4,993
8,2679
10,3110
6,1873
1,448
1,327
1,581
1,463
2,782
10,3204
6,4570
9,3267
1,2936
1,506
1,441
10,2307
4,1661
8,2001
6,2386
5,1710
1,404
1,565
1,350
1,458
4,1431
1,574
2,863
4,1559
3,1383
1,429
10,2195
7,18753
1,347
5,3792
4,1474
1,1303
1,348
8,2826
1,485
9,2842
6,2336
9,2550
7,2914
6,2053
7,2740
4,1554
1,482
1,439
2,2143
9,3275
1,1754
4,13560
3,1398
3,1017
3,1077
7,3031
10,3478
1,601
6,1983
1,463
2,685
4,1329
4,1320
8,2890
2,1034
1,441
1,533
1,582
6,2110
10,3447
4,1435
8,3273
9,10144
8,7195
4,1477
3,1333
3,1142
4,1357
4,1796
7,2643
1,392
1,428
2,1010
1,375
10,2233
2,2362
10,3174
9,9224
1,444
6,2040
2,1203
3,1145
1,493
8,30919
5,1933
1,348
9,2926
7,2464
1,584
6,1276
4,1373
8,1909
1,3843
7,2513
3,1091
6,3203
9,2994
6,4902
5,28154
5,1821
1,410
10,56534
4,1270
1,377
7,1818
5,1795
1,396
5,1748
7,10190
9,3694
6,2541
9,4064
9,3259
7,28801
9,3279
1,329
1,541
3,5727
1,661
10,3550
2,746
1,263
4,1489
4,1490
3,1616
10,3843
6,2178
3,973
7,2604
1,453
1,464
1,517
2,801
1,529
1,319
3,1244
1,283
5,4995
5,1745
6,10773
8,14147
6,2378
9,2959
1,763
5,1915
6,7575
1,383
5,2512
4,1539
1,241
5,2124
1,250
1,524
2,751
7,2183
7,2733
1,353
6,2096
4,1559
3,1033
4,1160
2,4691
8,2962
1,429
1,232
1,615
1,231
1,409
4,1271
1,341
8,50681
10,3609
10,10309
3,1160
8,2953
10,3763
3,1113
9,3223
1,497
1,221
4,1623
1,254
1,511
3,1253
4,1370
10,48330
1,505
7,2334
3,6836
7,4423
10,2271
6,2000
6,2071
9,3195
1,251
9,3355
1,237
3,971
7,2465
10,31066
1,495
1,359
1,441
9,2902
1,618
10,2525
5,10000
7,10799
7,2549
1,266
5,2107
1,432
5,1731
5,2030
10,13825
4,1182
2,651
4,1454
9,2634
1,517
10,2501
6,2074
2,840
5,1892
1,231
5,1864
1,291
1,454
1,441
10,5389
7,2451
2,672
2,807
6,42623
1,409
10,3140
7,2408
5,1833
9,4673
1,341
7,4869
1,300
7,5744
4,1468
2,810
1,365
4,2755
10,6872
6,1868
1,403
4,1288
7,16048
8,2767
1,469
1,339
4,4273
10,3288
1,463
9,3100
2,700
1,501
10,7869
1,484
10,7551
1,601
2,663
4,1544
10,3198
3,1164
1,767
9,3140
7,1584
1,531
3,1243
3,1108
1,496
7,10261
1,406
1,478
1,394
3,1105
7,4663
1,559
5,1835
6,1659
1,443
5,1164
6,3047
5,1877
1,409
1,499
1,1572
1,677
10,3127
1,465
6,1797
4,1264
1,636
7,2579
5,1273
2,856
10,2606
1,517
5,1938
1,480
1,2567
1,475
1,648
4,1259
1,521
2,541
4,12688
10,3267
1,536
10,2637
1,462
3,1043
2,5478
9,3027
1,493
1,402
8,2630
1,460
7,18599
4,1680
10,3425
1,596
1,702
2,987
10,3027
5,1653
8,1701
1,607
4,1297
6,1999
1,402
1,330
1,419
1,13402
3,1129
8,7401
3,1175
1,375
3,1581
4,1021
3,959
5,1215
1,548
1,453
6,10359
1,357
2,698
1,602
2,694
3,982
7,2609
5,1904
4,1043
7,2240
8,2319
6,2433
10,2060
1,416
1,464
6,2529
1,403
6,1885
1,394
6,5885
1,352
10,3420
1,484
1,355
3,1421
5,1251
7,2512
2,714
3,2478
1,555
1,339
1,400
3,952
1,377
1,330
2,828
7,2349
9,3548
1,410
4,1235
2,638
1,7315
4,1195
2,906
5,1782
1,3381
4,1484
1,329
8,3187
1,414
1,349
8,2597
7,2501
1,377
5,1805
3,784
1,492
10,3117
8,2690
1,510
7,2109
3,1105
1,384
1,641
1,693
1,701
10,3582
5,1966
1,342
2,710
10,2724
1,390
2,537
7,2048
7,2140
1,374
9,3122
7,26620
2,802
1,620
2,878
1,502
2,805
1,398
8,2986
4,1656
1,410
3,1251
4,1424
6,5859
7,2844
3,1016
1,531
2,888
1,489
7,2023
1,481
9,3782
6,2178
1,656
2,977
1,424
6,2199
2,782
1,7961
7,5060
9,3063
5,1791
3,1083
8,2921
4,1425
1,478
5,3528
1,568
2,912
7,2368
1,334
5,2009
6,2224
1,415
1,395
6,7856
1,368
6,2214
1,349
6,2086
1,558
1,472
1,342
5,1349
2,828
1,459
2,807
9,3127
1,455
1,478
1,545
6,1867
1,651
2,729
6,1973
1,751
1,399
6,2038
7,1777
6,2361
1,440
8,2849
2,9857
1,414
1,455
6,2004
1,565
6,2417
1,631
7,2566
3,1129
1,784
1,357
9,3285
10,3361
3,1047
6,2224
6,2241
1,495
2,711
10,42248
7,2401
7,2701
2,880
2,889
1,1054
1,485
9,2924
6,2295
8,9034
8,2377
7,2593
10,3415
1,411
4,1400
2,797
1,377
7,44377
1,460
8,2943
1,501
3,1100
10,3285
8,2800
6,2379
1,421
5,1863
8,2465
1,408
5,1690
7,2145
4,1809
4,36155
4,1414
6,2360
1,542
5,1731
6,1672
1,643
8,2786
1,364
10,3700
2,859
1,468
4,1196
4,9736
7,2343
1,34755
1,302
10,3608
1,478
1,346
3,1192
10,29091
10,3128
3,788
8,2924
1,555
2,818
1,324
8,2713
4,1403
7,27859
5,2568
2,996
1,441
7,7414
4,1179
6,1852
4,1574
7,2038
4,1548
1,491
3,1091
1,525
2,859
3,1082
5,25012
3,4386
1,676
1,2141
7,2269
1,410
1,374
7,2445
4,1082
1,605
4,1455
2,983
2,838
3,1175
3,1075
2,602
6,2087
4,1489
3,1189
8,21323
8,2702
1,509
1,395
2,851
1,541
6,1697
3,1091
3,1005
6,2055
1,504
3,1043
1,379
6,1762
9,2899
1,425
6,1994
1,638
1,575
9,3227
1,455
6,1598
7,4018
1,570
6,2020
4,1499
1,478
7,2215
6,1580
6,2509
1,493
4,1409
1,426
1,517
2,930
1,388
1,394
2,990
1,470
8,2711
9,3336
9,5985
7,2326
9,2681
9,4210
1,488
2,849
1,403
1,562
7,2895
1,438
1,372
8,3314
9,13666
1,567
7,2451
5,4314
3,1003
10,3624
7,6908
1,485
4,981
1,798
1,382
6,2412
1,371
1,395
8,2834
4,6291
6,2225
5,1906
4,1654
5,1749
10,2475
10,23861
1,466
10,2756
1,417
1,372
10,3706
7,1988
10,2453
7,2621
8,18910
1,481
9,2845
9,3289
4,1203
6,2111
1,21796
2,729
6,1389
1,459
1,380
8,2676
1,290
1,276
2,15328
9,3097
7,2439
1,389
7,3005
1,471
3,946
10,3280
3,2070
10,2076
1,498
1,1405
1,467
1,440
1,294
10,3596
7,21674
4,1807
6,1879
5,2035
1,447
4,1552
4,1275
2,1390
10,2230
1,776
1,427
1,333
1,623
1,283
9,33878
6,2129
1,785
6,2547
4,1708
5,1878
1,394
2,724
1,358
10,2414
4,1897
1,371
4,1643
1,480
1,454
8,8985
1,555
4,1629
1,519
5,1877
4,1380
10,2878
6,2347
1,571
3,1216
3,2500
1,367
6,1912
1,508
10,3979
1,628
3,2165
2,727
1,364
1,588
10,5279
8,2114
8,2915
2,990
10,2309
6,1685
4,1438
6,1503
4,1416
1,458
1,551
7,2356
7,6234
1,352
3,1410
7,2292
6,1404
2,952
2,847
5,1283
10,3701
3,1063
10,3366
3,1130
1,471
10,3331
4,5667
5,1480
1,358
5,1904
5,1689
1,276
6,1945
2,845
7,1909
10,3589
9,3954
10,2858
3,1138
1,321
4,1388
1,490
1,2339
1,432
7,2488
9,2929
1,369
6,1997
8,2773
1,432
6,2151
9,11281
8,2227
9,2942
6,1343
6,2083
3,1144
1,498
1,510
1,438
5,1608
1,278
7,1982
8,2942
1,279
4,1615
6,2401
3,1181
6,1847
10,2751
6,1906
3,1067
1,487
1,594
6,2804
5,1873
1,285
4,1191
9,8157
1,303
10,2838
10,19135
6,2129
10,3247
3,1008
10,2326
2,807
2,711
2,833
1,449
3,1342
1,320
1,330
8,2826
1,257
8,2436
10,2960
10,3134
6,7799
4,1049
6,2194
2,832
1,561
3,1318
1,1439
7,2242
1,396
1,12741
10,3346
1,282
6,1812
1,477
4,1454
7,2389
10,3475
10,3339
7,2405
3,908
7,2729
2,5124
5,2932
4,1285
8,2848
8,2993
1,298
4,1625
6,17760
1,599
2,1904
10,3550
3,1021
4,1408
1,583
5,2602
3,1019
5,1916
1,340
3,45326
1,776
10,2410
2,671
2,645
1,341
10,3086
6,1831
1,420
2,836
1,448
1,442
1,372
1,383
1,240
1,557
1,502
1,282
4,1255
4,15018
1,251
4,1490
4,1074
4,1006
7,2393
1,511
1,449
2,833
1,980
1,221
1,453
3,1217
1,443
10,3057
2,7655
1,271
8,2695
10,3291
1,267
1,435
5,2126
1,455
2,790
1,372
1,268
4,1363
6,2109
1,13970
10,3433
8,2581
1,240
2,795
4,1585
1,295
6,2437
1,477
4,5862
1,1491
1,392
10,2135
1,307
6,4965
5,13953
6,2075
7,3225
1,377
2,924
6,1739
1,244
1,525
1,421
1,604
1,424
1,513
10,3546
1,775
10,2706
10,5842
10,2507
2,600
1,228
6,2152
10,2647
1,313
8,2879
4,1537
3,1108
7,3665
2,726
2,504
2,731
8,2714
1,310
5,1385
3,1339
1,257
3,1002
10,3545
1,385
1,343
9,3084
6,2179
1,336
1,494
4,942
1,345
10,3406
10,5481
10,3151
6,4591
1,270
6,2196
10,2278
1,413
1,592
7,2390
2,892
1,313
2,734
10,2125
1,621
7,2199
10,3054
10,2855
1,471
1,304
1,366
6,1424
1,390
2,768
5,1741
7,2543
1,334
1,4048
6,1241
5,2490
3,871
10,3549
1,657
6,2145
10,2570
1,515
3,798
1,470
9,5084
4,1242
4,1454
1,326
1,471
10,3315
7,5446
6,1471
9,2997
1,359
1,582
2,780
6,2225
10,2347
1,316
1,5521
7,5544
2,881
1,441
1,396
5,1268
1,1894
4,1013
4,1814
5,1485
7,2887
6,1931
1,412
4,1048
10,3166
6,1987
9,9115
2,968
4,1211
4,1274
3,797
1,465
1,514
1,350
1,268
1,611
4,1087
7,2423
10,2254
8,1896
10,3651
1,448
9,3230
2,751
2,678
10,2585
1,488
1,254
10,2783
1,255
1,440
10,2617
7,2127
1,244
6,1454
8,2636
3,4102
6,2029
6,2385
9,5051
5,1265
2,742
1,269
1,261
1,460
4,1992
4,1403
1,600
1,240
2,587
1,400
3,6600
2,721
8,2480
3,23366
10,2499
3,1018
1,465
6,1481
1,244
7,2137
6,2132
1,511
1,330
10,2104
2,721
6,3058
8,5981
8,2593
1,247
10,3204
4,1593
1,531
9,1928
1,238
7,13375
10,2398
1,466
1,280
10,2272
1,363
1,534
8,2922
9,7803
1,452
7,2184
4,1355
2,520
7,2227
1,240
1,351
10,2573
1,397
1,233
4,1313
1,478
2,823
10,7462
2,1031
7,1802
10,3064
9,2757
1,298
10,3322
1,253
1,565
10,2228
1,373
10,3174
10,3349
1,531
2,807
1,471
6,2213
8,2423
10,3099
7,2447
1,239
3,986
1,260
5,6639
5,1209
1,472
1,328
10,3288
1,590
3,1084
1,586
8,3790
1,411
10,2886
6,4672
1,268
10,3295
3,804
4,1586
3,889
4,1509
1,340
10,2432
1,328
7,2278
4,1459
2,705
6,1890
10,3248
4,1313
1,259
4,1335
10,2420
1,372
5,1182
5,1563
1,373
5,1527
4,1543
6,2051
6,2122
4,1376
2,663
1,346
5,1923
1,321
6,2780
10,2312
1,532
10,2054
1,3068
7,2202
10,2181
10,3356
2,787
6,2410
1,489
8,13258
1,320
1,554
10,3113
6,2236
10,2157
1,467
10,2766
7,2268
1,387
3,1322
6,1643
8,2686
10,3525
1,504
6,2159
1,357
3,1222
4,1133
1,476
7,2077
3,1150
7,2370
1,489
1,388
10,2833
10,7212
8,2380
10,3471
6,1575
10,4032
1,403
7,2678
8,2670
1,676
10,2418
1,404
10,3548
4,2099
10,2266
5,1409
10,3301
9,2534
1,803
6,2037
2,888
1,398
5,2632
10,2720
1,755
10,2340
1,480
10,2438
2,855
10,3763
10,2200
6,2004
4,1449
6,2208
6,1941
1,585
4,1380
1,482
2,625
1,529
9,2166
1,401
10,2474
3,961
10,3506
7,2447
4,1377
2,706
1,277
10,3939
4,3050
1,496
6,7874
10,2211
1,708
1,448
1,455
1,670
1,631
10,3541
10,2152
10,2812
7,2443
1,295
10,3241
6,1780
1,510
2,982
10,2862
4,1421
4,1329
5,1969
1,759
1,504
4,1539
1,411
8,2559
10,2970
1,349
10,3364
6,1915
1,416
3,1008
10,2513
10,3657
1,399
4,1407
1,488
5,1574
10,3199
1,289
6,1724
1,492
1,363
3,1307
10,3336
1,304
3,1170
10,2531
1,375
10,2817
9,3128
1,294
4,1541
6,2026
1,239
4,1139
8,3030
1,396
4,1373
10,3161
1,402
7,2037
6,1730
10,3402
9,2541
5,1609
1,290
2,781
7,2452
1,304
2,690
1,456
10,3203
10,2405
6,1975
9,2194
2,754
3,1072
1,520
6,1969
4,1354
1,268
5,1416
10,2715
1,326
10,3451
1,454
3,1170
8,2316
3,881
10,2189
6,2202
10,2231
1,386
7,1755
5,1669
1,472
7,2356
10,2826
1,655
10,2370
1,510
1,353
6,1640
10,4160
10,2165
2,1670
4,1448
10,4395
6,1540
10,11781
1,356
9,2911
3,1015
1,519
4,861
1,398
1,488
1,389
4,1069
6,1510
10,3360
10,3415
1,524
10,3480
1,426
1,290
5,5973
6,2174
1,253
6,1356
1,491
4,6992
4,1132
10,2627
1,482
8,3293
10,3133
10,6496
10,3421
7,3140
1,409
8,2767
4,1470
1,237
10,2602
1,597
1,370
1,251
8,1861
10,2483
2,839
10,3339
1,638
3,1149
5,1881
10,2413
5,1724
4,1429
1,231
1,461
1,377
1,262
1,239
6,1966
6,1496
9,3501
7,2032
1,649
1,567
2,821
9,2911
3,1100
10,4909
10,2847
1,241
1,365
10,2339
1,236
1,259
4,962
8,2846
9,2605
2,659
4,1513
6,1853
4,1067
7,2315
1,430
10,2737
1,272
1,531
10,4475
1,225
1,376
4,1364
7,10740
1,395
4,1419
1,328
1,353
10,2575
1,474
10,3541
10,2964
1,264
1,387
10,2910
1,233
1,269
10,5883
1,369
1,245
8,2319
1,458
2,852
1,336
2,784
10,3183
10,2462
1,246
1,401
4,1098
1,260
1,265
10,14848
1,581
1,243
9,2663
1,402
3,2376
6,1506
2,847
1,474
10,2411
1,1511
4,1483
10,2817
10,2393
1,263
6,2032
4,1321
1,508
8,2624
1,466
8,2683
7,2926
3,2428
6,2028
7,2320
1,344
6,2072
6,2031
1,241
4,916
10,15683
1,561
1,377
6,1574
1,396
2,764
10,3970
2,723
1,468
10,3349
1,295
6,2631
10,3541
1,234
1,319
10,13046
8,2553
1,243
10,3135
1,366
2,612
10,3192
7,2039
10,3501
10,3522
1,387
10,3406
10,3441
1,232
1,355
1,305
1,466
1,246
9,2204
1,354
7,2185
3,3413
2,804
1,525
3,1305
10,2424
10,3101
10,2377
2,542
1,249
8,3049
1,512
1,580
10,3220
1,396
2,774
6,2400
2,803
1,353
6,2258
1,283
10,3454
5,1169
4,911
1,255
2,887
1,371
1,288
2,829
1,297
6,4529
4,1201
8,2414
1,413
10,3448
10,2896
6,1772
3,832
10,5344
1,374
2,1093
1,419
1,265
10,3276
4,1498
8,2527
4,1317
8,3069
1,464
4,1554
4,1501
3,908
10,2175
6,1553
10,3412
1,402
1,380
10,2436
1,321
10,3449
9,2908
10,3098
6,1875
1,424
4,1638
10,2252
4,1222
2,609
10,2622
2,475
1,438
1,603
10,3796
10,2753
10,3491
8,6300
10,4932
2,847
1,492
10,3300
10,2335
8,1887
5,1674
10,2277
10,3186
4,1461
1,308
1,461
9,2156
10,5549
2,12632
10,3517
9,3088
1,439
10,14552
10,2672
6,1432
10,2859
10,2227
4,1510
1,489
1,328
10,2756
5,1266
6,2061
10,4638
6,7111
8,2730
8,3071
6,2122
10,3496
4,980
10,3091
6,1760
10,3680
1,375
1,353
10,2195
1,280
2,821
8,7255
2,2779
1,443
2,1046
10,2638
6,2161
2,668
7,1581
3,1399
6,2063
1,268
6,2025
7,1848
1,287
1,397
1,497
10,3229
1,574
6,2120
1,230
10,3575
10,2255
1,269
10,2311
10,2147
1,239
6,2249
10,2741
1,328
4,1600
1,547
1,6826
10,3681
4,1491
1,474
10,2244
10,2979
1,241
4,1094
5,1354
1,243
10,3527
10,3322
1,229
2,745
1,358
1,660
8,3279
2,985
1,379
9,2248
4,1330
1,234
7,1966
3,815
1,242
10,3368
3,982
1,261
8,2364
2,879
1,562
1,3560
4,1080
1,391
4,1383
6,1449
1,273
10,2420
10,2286
1,235
10,2737
7,2572
1,232
8,1870
1,534
8,2763
1,598
8,2043
1,494
10,3135
10,3555
1,250
10,2212
5,1271
1,328
3,969
4,3596
1,234
9,2838
1,605
1,428
1,470
8,2460
1,464
10,2572
10,3406
1,267
10,3334
10,2126
1,360
4,1393
3,1205
1,360
8,1717
1,531
8,8695
2,1349
6,2050
1,477
1,259
1,438
1,257
10,3569
10,2737
9,2283
10,2502
10,5219
10,2929
10,2162
1,297
1,482
1,466
10,3354
1,492
6,1470
1,402
1,266
9,2841
7,2337
8,2650
8,1862
10,3453
1,451
6,1442
1,284
1,470
1,479
9,2942
1,460
7,1694
10,2443
1,272
1,604
10,3441
8,1770
6,1903
10,4474
1,426
9,2885
1,397
1,430
1,553
2,840
1,661
1,349
1,347
1,330
4,1466
10,2466
8,2265
4,958
10,7536
1,303
2,1024
1,362
1,405
1,571
10,2921
8,3956
1,399
1,298
8,2434
1,794
10,3177
6,2023
2,557
6,2453
5,1531
9,6445
1,466
1,346
1,332
1,471
2,1107
1,251
1,371
10,3128
1,403
9,2718
6,1438
4,1329
1,515
10,3152
10,15721
1,393
1,365
1,440
9,2040
2,1256
1,268
1,272
10,2907
1,494
1,346
1,513
10,2151
1,602
10,3375
10,3820
1,545
1,470
1,385
5,1453
2,1032
1,247
1,249
10,7269
1,406
1,379
2,783
10,2558
1,478
8,2667
1,586
6,1576
4,1488
4,1509
1,423
8,2766
1,248
1,258
4,1340
10,2342
1,395
4,1483
6,2131
1,501
5,1524
1,370
6,1508
2,995
6,1650
10,3692
8,1775
1,490
1,296
10,2425
1,283
4,1252
10,2715
10,2286
1,583
2,793
1,320
9,2920
8,2952
9,1934
10,4698
8,1836
1,399
1,257
6,1472
1,286
1,247
9,2079
10,2586
1,493
1,494
1,315
10,3401
9,2994
10,3808
1,342
6,1333
1,380
6,1482
7,1547
1,340
1,283
5,1187
10,2262
1,559
2,1082
1,331
10,2818
6,2145
10,3483
1,382
10,3213
10,3144
10,2147
10,3373
1,368
1,409
10,3109
1,355
1,1231
5,1689
1,235
3,1405
10,3424
6,2317
1,397
2,782
1,340
4,988
10,3249
1,261
1,275
10,3337
1,254
8,2882
6,1949
1,256
4,1307
9,2855
3,2537
1,327
4,1816
10,3400
10,2248
3,1184
1,501
1,470
1,398
1,320
1,612
5,1639
1,278
10,3148
2,838
1,546
10,2432
9,2945
3,896
10,2863
6,1778
10,2890
1,415
5,1863
1,322
9,3203
8,2876
1,238
10,3379
10,3219
10,2932
1,646
10,3460
4,1301
10,2367
4,1016
6,2161
1,434
10,3537
1,321
1,354
6,2061
1,274
8,2091
1,417
8,2713
1,558
1,600
10,3546
10,2218
10,3481
7,2208
10,2412
10,4542
1,238
2,657
2,750
1,288
6,1305
9,3026
6,2151
1,604
9,2098
10,3413
10,2508
4,1480
10,2773
10,2421
2,971
1,248
1,564
4,1448
1,255
10,2371
5,1922
10,2183
1,693
10,3199
10,4824
9,2298
10,3499
3,1212
10,2977
8,3141
1,235
2,734
4,2971
5,1410
2,458
10,3538
2,746
5,1534
5,1273
10,5182
4,1587
10,9617
10,3351
1,326
8,2671
1,234
10,4115
4,1458
10,3980
4,842
1,417
10,2594
1,362
1,511
6,2716
10,3357
1,533
7,2244
6,1318
1,459
1,235
8,2916
5,1756
10,2329
10,3628
10,3429
4,1115
1,472
10,3459
8,2719
10,3096
6,2947
4,1627
10,2997
1,344
5,1306
6,1684
4,1530
10,3394
10,2350
1,423
10,2211
9,2517
10,2397
2,895
1,421
1,421
3,1374
6,2836
1,351
3,745
9,2606
6,2189
5,1744
10,2469
5,1883
10,2194
1,292
1,257
2,805
6,1359
1,464
10,4132
4,1366
1,340
5,1218
10,3189
2,760
1,276
10,2630
10,3706
10,2531
1,422
5,1642
4,1797
7,1755
1,502
10,3097
10,3524
2,665
10,2296
4,1462
6,2108
9,2939
1,481
1,615
1,483
9,3941
1,448
2,793
10,3031
1,486
6,1873
4,1422
8,2624
10,2569
10,3408
1,579
5,1812
1,359
9,3752
1,248
2,835
9,2114
8,2286
1,418
10,6664
10,4649
10,4874
1,557
7,2343
1,497
1,361
8,12302
1,307
8,4070
1,271
6,2352
1,1636
8,2551
1,498
1,456
1,2196
6,2285
1,605
10,2486
9,2199
1,364
1,446
1,236
1,3062
1,286
8,2750
1,625
8,1855
10,2830
1,679
8,2767
10,20968
2,748
10,2848
5,1357
5,1787
2,574
1,241
1,463
1,307
6,2522
1,852
6,1284
1,399
1,511
2,798
10,18212
1,492
10,3328
10,3498
1,343
2,792
1,269
1,284
1,383
2,24294
1,633
6,1411
1,406
1,517
2,624
8,3224
2,751
10,3358
10,2339
1,502
5,1842
1,219
1,478
1,429
8,14606
1,648
1,393
1,1068
1,531
1,427
2,1107
1,709
4,1311
1,279
1,492
6,2235
1,265
1,443
10,3113
4,25462
1,643
1,319
1,466
1,526
4,1362
2,13588
6,7336
10,2247
5,1809
2,780
5,1772
1,334
9,3022
1,379
5,1852
1,670
1,292
3,968
8,2675
1,260
1,11347
1,419
10,2330
10,3151
1,335
8,2617
1,360
1,409
1,269
2,935
1,684
1,254
1,406
8,2289
1,375
4,3702
2,6928
6,2038
10,3412
6,2125
5,1599
5,1283
2,682
1,380
4,1406
1,586
1,243
1,356
3,905
1,254
1,419
6,1993
10,2282
1,594
4,1446
6,2201
3,974
5,1565
6,1405
4,1624
9,18386
1,234
1,436
4,1378
1,318
1,436
8,2661
7,2011
6,2289
1,367
4,1398
10,2103
1,399
3,757
5,2731
1,12588
1,316
1,390
1,479
1,314
1,271
1,349
10,3619
1,605
1,477
2,2588
5,1844
2,814
10,2552
6,2143
2,798
1,374
7,2618
2,671
1,446
1,322
2,953
1,287
1,686
1,418
4,1421
10,2438
1,404
4,1306
2,940
6,2076
1,359
3,2147
7,2605
1,362
1,514
4,2584
1,290
1,672
10,2998
1,449
7,1945
1,401
10,2643
6,1826
2,681
9,2164
10,3267
6,1541
1,525
1,518
4,4458
1,310
1,778
4,1799
4,3065
10,3224
1,376
7,1914
1,538
6,2417
1,484
10,7885
6,1455
1,252
2,826
4,1614
1,248
1,751
2,840
1,364
10,3038
5,1576
10,3233
5,2608
8,82289
10,3555
10,3503
10,3371
1,264
1,384
6,8026
1,293
1,613
4,1505
1,375
10,2592
6,1771
10,2467
2,823
8,54742
4,3261
8,3201
9,3110
8,1919
1,429
6,6648
1,242
9,3286
3,1222
1,389
10,2523
5,1657
10,2931
4,1395
5,1756
2,3183
10,7743
4,1067
8,1776
10,3310
6,2527
1,280
8,3893
8,2804
5,1688
9,2791
8,22977
9,3417
6,1962
2,906
10,3887
2,5044
10,3879
8,2929
1,344
5,1634
1,295
4,4662
8,2973
1,333
10,2329
4,4559
10,2356
1,334
4,1363
1,364
2,1132
1,456
6,1524
8,1778
2,787
1,240
1,2537
4,1395
1,474
1,441
2,4657
10,2547
1,478
4,1355
1,466
1,513
9,2971
6,1610
8,2221
4,1417
1,265
1,479
3,1112
1,359
10,2240
4,3605
1,494
1,441
4,1410
5,1796
4,1691
5,1214
10,2565
8,2785
4,1243
3,1114
1,663
3,1251
1,444
7,1574
4,1212
10,2389
4,1293
4,1405
9,2694
8,2371
10,2965
9,3856
6,1389
10,13977
6,2291
1,53690
4,1683
1,385
10,2672
6,2006
7,1732
1,494
6,2310
10,2816
9,2420
2,533
2,729
6,1339
2,811
4,1392
8,41972
3,1108
4,2716
10,3655
2,642
10,2513
2,746
2,2006
10,2287
6,1539
10,2353
4,1243
2,850
5,1470
4,1373
2,940
2,1017
1,431
3,3640
6,1875
1,500
1,366
6,3630
5,2008
6,1239
1,525
10,2651
4,1043
4,1451
10,3511
6,2187
1,385
2,739
1,600
5,1664
1,428
1,333
4,1691
10,3521
8,2601
10,2602
1,558
10,3111
3,1146
10,5689
5,1513
1,573
6,3327
1,524
1,325
1,712
1,432
1,507
1,689
9,3083
1,417
9,2063
9,2255
10,5974
1,520
2,901
10,9502
5,1833
1,518
1,418
1,613
9,2915
1,566
9,3819
10,7973
5,5454
5,1230
5,1698
8,2585
6,1925
4,1496
7,2464
2,949
1,402
2,726
1,632
5,1615
5,2886
8,2918
2,683
1,379
10,2992
10,2474
4,1871
10,2564
2,1050
6,2173
6,4973
1,573
6,1741
10,3265
1,418
4,1492
2,887
4,1341
2,711
1,369
1,445
1,459
8,3193
4,1459
7,2409
4,2790
1,561
4,1311
3,1356
1,576
9,3124
8,27389
1,306
1,379
1,613
10,2968
8,2929
2,925
5,1757
9,3184
5,13812
1,543
2,581
1,573
4,1438
4,1569
2,4237
1,778
1,370
5,1740
1,483
1,574
2,899
6,2134
8,2623
2,8657
6,1804
5,2075
1,925
1,445
1,445
6,2117
10,2680
1,307
10,3214
5,2109
1,408
3,1273
2,904
9,3151
4,1559
1,3844
9,12468
1,430
3,1275
5,1592
6,2100
1,335
1,454
9,2242
10,3559
1,458
1,710
6,1982
4,1431
7,2131
1,271
4,1458
1,392
10,3393
2,894
2,780
1,328
1,452
2,899
1,475
1,344
8,2458
5,1995
1,517
3,1050
1,237
7,8077
1,357
8,2653
4,1328
1,373
1,438
1,380
8,3004
9,2297
3,1114
8,2011
2,860
4,1447
4,1439
10,3322
4,25788
7,2685
4,1462
1,443
8,2790
1,311
8,2518
8,3028
9,3498
3,1156
8,2637
6,2317
1,464
10,13447
4,1474
1,496
4,1858
3,3148
2,29673
1,484
1,276
1,488
1,616
1,466
1,331
6,1826
4,1521
1,351
8,14324
4,1436
1,398
10,6032
10,7281
1,392
1,1114
1,261
1,480
2,858
8,2491
1,473
7,1990
4,1453
1,469
3,2552
10,3314
3,2179
3,1111
3,2718
6,7279
1,469
1,251
8,3139
1,16893
8,2667
4,1324
10,2826
10,6548
1,417
3,1201
6,2270
1,330
10,3341
4,1814
10,4226
1,623
1,345
6,4086
8,35100
1,326
1,2048
9,2421
2,827
1,356
4,1726
10,3431
1,424
6,2054
3,963
1,408
1,418
1,393
10,65404
2,814
1,501
1,451
10,3169
4,1415
1,370
3,1228
10,3819
1,1542
10,3190
1,592
8,11279
1,614
9,2140
2,33859
6,1958
2,650
3,1170
1,365
5,3463
1,398
3,2997
2,958
10,3766
2,995
7,2500
1,548
5,9268
5,1170
6,2019
1,478
5,1617
1,592
1,452
1,690
1,438
1,595
8,2714
1,346
8,4260
6,1982
1,482
1,389
1,251
4,1406
1,451
2,17964
1,474
2,737
1,630
6,2059
10,4799
2,1619
1,369
1,2297
7,2411
1,4825
2,736
1,358
8,2567
1,497
6,1981
9,3160
1,312
1,551
1,433
7,4762
2,923
1,383
2,565
8,2564
8,18467
1,410
10,2288
5,2247
2,760
2,763
2,795
1,357
3,1258
2,726
6,2017
8,2100
8,2908
10,2394
6,11149
1,1079
1,450
1,281
2,757
6,1932
6,1766
10,6927
4,1240
1,435
1,412
5,1724
8,2816
1,361
8,1730
9,15043
2,1561
4,1301
5,1727
4,1473
1,450
1,322
7,2365
1,299
1,475
1,401
7,2317
8,2866
1,451
9,2875
4,1422
4,2850
4,1419
10,3427
4,1574
1,4456
8,7269
7,4468
1,372
1,549
6,2153
8,2718
6,1996
3,1174
8,1882
1,528
1,450
4,1385
9,3128
2,1283
1,341
1,458
6,7744
1,466
3,3958
5,1611
4,1776
10,3304
4,1216
6,1713
4,1661
1,479
1,332
9,3103
6,2898
1,363
5,1645
8,2569
1,458
10,8477
3,1112
9,5695
9,2979
3,1991
10,3177
1,462
3,1180
4,1264
2,606
6,10851
8,3578
1,319
1,454
1,483
1,594
9,3197
1,573
2,1087
3,1128
9,3139
4,1507
4,1409
2,816
6,1477
5,13394
1,310
1,433
1,467
1,408
8,13134
9,3034
1,595
4,1519
4,1577
2,840
2,965
1,480
6,1982
8,5187
5,2077
2,749
1,419
4,1313
1,511
4,1308
7,2999
1,498
10,3037
3,1223
1,400
3,1259
10,3321
9,2889
2,847
6,2641
5,2065
4,1382
2,799
9,2263
1,327
5,1612
1,447
1,366
1,523
1,481
6,2043
7,2374
5,1991
4,1477
4,1506
4,1536
1,289
5,1676
5,1275
8,2805
1,375
1,382
1,270
7,7593
4,1166
1,463
2,875
1,376
6,2050
2,711
4,1291
1,418
3,1206
1,507
1,343
9,2825
6,3533
1,255
6,1845
1,274
9,3212
6,11749
2,622
6,2252
6,11162
5,1683
4,1348
5,3828
10,2863
1,601
10,2568
1,355
1,249
7,2626
1,253
1,503
6,10049
6,2079
8,1986
4,1466
5,1688
4,1321
6,2237
1,346
3,1328
10,2602
5,2307
1,228
6,2425
1,327
8,3058
8,2954
4,1423
5,1785
2,662
6,1822
6,3051
9,2565
10,3657
7,2542
10,9583
1,335
1,237
8,3328
10,2778
1,492
9,3318
2,865
2,881
1,369
2,626
6,1954
9,2422
5,1543
3,1179
8,1881
1,541
1,342
9,8016
1,379
1,564
4,1590
4,1531
1,387
1,406
4,1420
5,1851
2,827
2,865
1,490
3,874
1,451
1,412
4,1529
1,345
1,5182
5,2221
5,1648
1,568
4,1389
2,636
1,522
5,1725
9,2719
2,798
10,2303
1,502
1,281
4,1616
1,291
1,518
1,596
3,1556
4,1340
5,1553
6,13305
2,1016
5,2723
8,6829
10,3734
10,2983
1,629
1,256
1,584
1,253
9,18949
4,4255
10,3119
1,590
1,328
4,1291
4,2911
7,2299
8,2665
7,43208
2,846
2,953
1,331
2,1168
1,238
1,463
1,673
8,2576
4,1440
4,1508
2,50963
4,1616
1,603
2,821
8,15435
7,1715
4,1164
9,2052
6,2063
1,367
6,1988
2,721
4,1381
1,651
3,1006
1,287
2,2265
8,9538
8,2596
9,12477
10,2442
6,2660
5,1264
5,2868
9,2213
7,3967
4,1495
8,4283
1,823
1,1645
8,3440
5,1769
1,459
2,1021
10,5811
10,3337
3,1258
5,1247
6,2486
10,2520
1,523
6,2205
3,1069
4,1506
1,287
9,3136
9,3112
1,337
6,2206
4,1545
10,2551
9,3721
10,3197
3,1034
10,3535
1,898
7,2321
3,1176
1,526
4,1390
5,1541
4,1606
1,363
2,819
1,480
1,587
6,2228
1,979
9,2992
1,436
1,504
5,6244
4,1412
1,408
1,338
4,1268
3,1116
1,387
4,14079
2,932
10,3541
4,2677
1,460
8,3796
10,2436
1,570
9,2967
3,1073
1,415
1,371
3,1209
10,3557
1,389
8,9153
6,2386
1,323
7,2397
5,1499
1,451
10,2887
2,808
9,15179
2,941
1,374
1,383
10,3179
7,2427
1,415
2,734
4,1251
1,425
1,497
5,1679
2,637
1,496
9,3224
1,424
1,629
1,609
1,380
4,1520
1,379
1,638
5,9122
6,2348
1,245
10,7100
1,441
5,1747
8,3559
10,3203
6,2469
10,3305
5,1974
1,424
1,456
4,1392
1,457
1,3599
3,1105
1,270
9,2455
9,2165
4,1365
9,7250
9,3049
1,473
1,332
6,5452
10,3131
3,1237
8,2879
1,527
6,12574
9,2976
1,230
9,3234
9,22316
7,4523
5,7573
10,2953
1,473
1,460
2,1033
4,6190
1,444
1,474
1,370
6,7017
9,3155
1,250
6,5132
8,6069
1,347
2,769
8,2594
1,382
1,415
6,2350
8,5080
3,1101
1,485
10,2996
1,2028
1,378
1,250
10,3589
8,16723
1,308
8,2527
10,3418
1,333
6,2072
1,463
8,3114
8,6216
3,1066
9,2856
4,1395
4,1303
1,268
8,2547
8,1917
1,421
5,1534
1,419
1,364
1,410
2,863
3,834
4,1273
1,333
10,8600
1,463
6,2068
1,274
1,512
2,772
1,372
6,4865
10,2653
3,831
7,2146
4,3347
6,1324
1,590
1,387
10,5023
4,1206
1,382
10,2287
10,3456
6,2145
2,511
6,3873
10,2736
1,506
7,12228
6,2833
3,1408
1,611
1,398
10,3391
4,1213
7,2235
10,2801
4,1514
2,873
1,274
5,1633
2,599
1,479
1,465
4,5530
1,467
1,480
1,459
8,2453
2,617
1,518
10,3212
10,6559
2,789
9,2951
1,522
10,4043
1,589
1,438
10,4636
2,742
3,1034
1,451
10,3294
6,2158
1,354
10,3552
10,3078
6,1814
1,323
2,843
10,2661
1,428
1,372
9,2861
1,355
1,419
3,2572
2,1092
1,434
1,536
10,3112
2,920
5,1999
1,416
1,368
10,2351
1,588
1,361
2,654
10,14221
1,515
4,1378
10,3072
1,370
1,469
10,3293
10,2812
2,822
1,381
4,1616
10,3169
10,3117
9,6808
4,1607
7,2752
1,636
1,364
10,2851
1,245
1,360
10,2300
1,549
4,1471
8,2405
4,1635
1,383
10,2828
1,6343
3,1249
8,2404
1,537
3,990
10,3408
1,441
1,370
9,2354
1,327
1,948
1,336
4,3074
1,255
9,3725
8,9351
8,2682
9,2678
1,2197
1,375
10,3377
1,442
10,3221
10,2842
1,363
4,11724
1,338
2,13855
1,227
10,3570
6,6469
8,2699
9,2897
2,800
6,2331
10,2360
1,441
1,471
10,2825
1,456
4,1524
9,2957
4,5496
1,329
8,2710
1,426
4,1332
1,3563
1,3903
3,1174
10,2444
5,2338
1,410
1,483
1,261
1,337
10,3385
1,489
1,230
10,3153
1,456
3,1199
4,1423
1,372
10,3597
2,606
2,721
1,431
10,2983
1,585
1,672
8,2220
2,664
1,316
10,3574
4,1292
3,938
2,815
6,1940
6,8490
10,3234
1,379
9,2977
10,3354
1,292
1,1737
10,2678
6,1832
1,296
2,795
7,2172
3,1183
4,1421
7,2268
7,2283
8,2166
4,1653
1,488
10,3511
1,240
2,939
1,282
6,5220
1,255
10,3592
2,825
4,1612
3,1101
7,2544
7,3839
1,318
1,457
1,417
1,597
1,248
6,2051
10,2246
1,519
10,3267
10,3691
5,1588
2,879
10,4646
1,481
4,1316
1,322
4,12154
9,2669
1,402
1,281
6,1965
10,2331
1,489
1,468
10,4019
3,1334
1,552
9,2923
9,2639
8,6515
1,231
1,380
10,2582
10,3428
10,2330
1,538
2,796
1,1010
1,374
10,3215
10,3413
1,482
6,1767
9,5491
1,625
1,225
9,3252
10,3222
1,532
10,2988
1,1827
10,2885
1,796
10,2417
10,2321
3,1351
10,4224
8,2659
10,31347
4,3310
1,218
6,43026
3,931
1,582
10,2234
1,444
10,3302
1,412
2,651
10,2154
9,21247
7,2688
1,427
9,3314
1,465
1,213
5,1860
10,2433
1,444
10,3478
5,1638
10,2871
5,11875
8,2756
10,2545
2,4011
6,2311
1,331
4,1405
2,938
1,220
4,1999
10,3046
1,484
2,650
5,48124
10,3090
6,2330
10,2247
2,601
5,1886
7,2373
1,427
1,506
4,1550
1,227
3,1070
7,1929
1,277
10,2471
1,544
10,2132
1,542
10,3485
1,503
7,2536
8,2849
1,289
4,1786
3,1288
1,210
10,9687
10,3497
1,271
8,1746
2,711
10,2699
4,4846
10,3402
1,246
8,2124
9,3242
1,412
3,1096
6,6428
1,304
4,1460
10,2575
1,277
10,2738
1,473
10,2527
1,523
10,2869
1,311
6,1899
1,671
6,2074
6,2250
9,3175
10,3291
3,1881
10,2210
1,358
10,3332
1,1894
2,518
4,1562
10,3706
1,245
9,3232
1,432
7,2564
7,2672
9,12193
10,2926
8,9180
10,2526
1,397
10,2750
6,3190
1,348
2,688
10,2719
1,252
10,3600
1,446
1,605
9,4421
7,3246
10,3226
3,1103
10,3431
10,2381
10,2989
1,702
1,326
1,551
10,2822
1,289
10,3596
1,468
1,535
2,1015
6,4503
10,2627
4,1608
10,2293
10,2460
10,2528
4,1748
1,278
5,1763
1,407
1,379
4,1397
9,2804
1,461
6,2183
7,2317
10,3203
3,1413
2,547
1,564
10,3356
1,373
1,264
10,32583
10,3591
1,361
8,2638
1,454
1,454
7,2692
3,781
10,2192
8,5452
1,439
9,2961
10,2485
1,596
1,296
3,1238
10,7817
1,354
1,371
1,470
1,434
3,838
1,384
10,3771
2,821
1,256
10,3823
10,2269
3,1053
1,255
8,14521
10,3378
1,412
1,286
1,428
1,417
8,1922
10,3284
10,3523
1,376
1,234
9,3023
1,412
5,1739
1,248
10,3287
10,2941
10,3438
1,375
1,415
2,715
1,426
1,553
1,585
10,3298
1,260
10,2954
1,253
9,2926
1,305
8,2907
1,572
8,2403
1,372
1,388
1,486
1,293
1,413
10,3365
7,2418
1,244
10,3306
1,238
8,5830
1,270
3,1158
1,306
10,2376
10,2849
1,407
9,3000
1,355
1,357
10,3489
6,2073
1,300
3,804
1,392
5,2032
1,269
3,1319
1,250
10,2953
1,303
1,624
8,2545
1,303
1,270
10,2410
6,10030
1,266
4,929
1,307
3,3328
8,2628
4,1534
1,255
10,3279
1,394
4,1881
9,2255
1,474
1,444
1,628
1,439
1,281
9,2076
1,366
3,8214
10,3478
3,12218
1,269
10,2392
1,377
1,514
2,769
6,1548
1,391
10,3439
7,2173
1,302
7,1799
1,330
8,9084
10,2609
2,815
1,241
10,2234
1,346
2,809
10,2499
1,245
1,410
9,3600
9,2754
1,253
6,2148
1,349
10,6062
10,2836
1,564
1,234
10,2895
1,350
6,2131
10,3099
1,308
1,258
1,667
1,405
10,2630
10,2503
1,364
4,3785
10,2228
7,2479
1,242
1,430
1,387
3,2398
6,1909
1,305
1,338
1,1690
1,440
8,1958
1,262
1,341
7,2458
10,3359
10,3148
1,265
10,3362
1,266
8,2605
10,2957
1,282
1,363
9,3308
1,452
10,2454
10,3495
1,476
1,727
10,2701
6,2229
1,253
10,3209
10,3212
9,2992
10,3566
1,324
9,3226
1,3713
1,439
10,3372
10,2753
10,2962
1,568
10,2946
6,2162
10,2149
9,6570
2,837
9,2678
4,1046
10,2183
10,2464
1,383
1,437
10,3150
1,558
10,3115
2,6339
1,455
7,2280
1,501
10,3322
10,3085
10,3230
1,469
6,1943
10,2716
1,412
1,456
9,2407
10,3275
10,3500
10,3431
10,3227
1,459
9,2137
10,2850
7,1913
7,2255
10,2451
8,2433
10,3261
1,398
1,481
10,2971
1,554
1,564
7,3096
10,3740
1,506
9,3063
10,3455
10,2655
2,864
10,2662
10,3002
8,2532
1,353
2,905
10,3635
4,1620
10,2739
8,7832
10,2448
1,363
1,555
1,493
10,2699
1,468
10,2077
3,1047
10,6437
1,355
1,381
1,365
1,540
9,1999
9,2983
10,3359
8,2668
10,3110
1,472
10,2156
6,1793
9,1952
4,1069
10,3219
1,257
1,373
10,3290
1,565
9,2669
9,19125
10,3328
1,367
10,3393
1,358
3,782
9,2597
10,3597
10,3251
2,625
4,1263
4,1318
10,3393
1,395
1,515
1,394
1,387
9,2823
9,2696
1,408
10,2517
10,3431
10,2872
4,979
10,2446
1,334
4,1459
1,328
1,271
10,3140
1,4882
1,435
1,366
10,3052
1,363
2,646
10,3313
1,485
2,821
10,2368
10,2273
1,531
10,3421
1,385
10,2364
1,359
1,248
1,369
4,1044
1,355
3,771
8,2946
1,295
7,2045
10,2619
1,381
4,997
10,2326
1,353
9,3137
6,34976
1,245
1,388
7,2651
1,353
8,1894
4,1509
2,553
10,2372
10,2370
9,2432
3,1019
10,2416
1,264
10,3314
1,527
1,259
1,445
10,2605
1,365
7,1593
6,2108
1,377
10,2478
10,2412
10,3021
6,2034
1,339
1,297
4,946
1,474
1,246
1,436
6,1854
1,383
10,3429
10,3465
1,303
10,2216
10,3106
10,3448
7,2419
1,401
10,2288
9,2205
1,687
1,242
1,418
3,993
1,393
10,2970
10,2316
1,238
10,2461
2,729
6,1465
9,3289
1,315
6,2210
10,2453
1,491
1,225
4,2496
10,2828
1,358
10,2160
2,926
1,231
10,3295
10,2631
7,1679
2,784
1,296
10,3439
10,2375
1,597
1,240
4,1715
10,2808
10,3405
10,2114
1,407
1,291
10,2421
8,2844
3,1280
6,1985
1,282
3,986
6,1517
1,549
1,248
2,704
4,1017
9,3513
1,452
1,247
1,240
2,789
1,462
10,3055
7,2257
1,285
2,708
1,267
1,472
1,252
4,1562
10,2273
10,3378
1,257
1,369
1,343
3,750
1,271
10,3294
3,981
1,245
7,2466
1,263
4,1670
9,2865
6,2655
10,2418
10,2760
1,347
1,464
1,400
8,1702
1,286
10,3431
1,659
1,230
8,2464
1,243
1,493
1,507
5,2229
1,370
10,3448
1,240
1,536
8,2018
1,363
1,259
5,2077
8,3146
1,236
10,3145
1,231
1,2592
9,2969
3,1199
1,247
4,1095
1,249
1,398
10,3084
1,223
1,247
10,2350
10,2918
1,246
10,3390
1,239
2,825
10,2902
6,2152
1,243
9,2383
1,238
1,326
10,2541
1,268
1,258
10,2266
9,3085
1,318
10,3399
1,239
4,1195
9,3116
2,844
1,283
10,2282
10,2231
4,1334
10,2513
1,243
1,278
5,1761
10,3194
10,2648
10,2380
1,238
6,2206
10,3007
4,1438
1,229
4,1495
1,247
1,373
10,3367
1,235
1,241
1,361
8,2704
9,3102
10,3996
1,246
9,3102
4,976
6,1837
1,246
6,2233
1,358
1,354
10,2892
1,262
1,283
3,1365
10,2811
10,3541
8,5436
1,248
9,3981
9,2593
5,1803
1,236
1,462
1,247
1,546
10,2726
7,1588
1,237
10,3257
10,2606
1,462
1,524
1,243
8,2827
10,2541
7,2294
1,253
10,3517
1,254
10,3289
10,3483
1,225
10,2467
9,2939
10,2273
9,2972
1,566
1,238
2,855
6,1472
1,441
1,233
10,3063
10,2261
10,4197
2,709
1,376
10,2183
1,416
1,460
9,3239
7,2805
5,1721
6,2072
1,371
8,2686
1,223
6,1864
10,2229
2,785
10,2496
1,266
10,3123
1,432
10,2669
10,3658
2,727
10,2300
2,1061
10,2778
9,3085
6,1436
10,2282
7,2327
10,2238
10,3342
1,251
10,3168
2,543
1,419
3,781
10,9630
10,2526
1,432
10,3411
9,2805
10,3144
10,2248
10,3357
10,3618
1,357
10,2022
10,2739
1,241
1,332
4,940
1,365
10,2789
8,1886
5,1671
10,3148
1,503
10,3551
10,3738
10,4236
10,3330
10,2218
10,2333
1,318
1,391
7,1579
7,2946
5,1859
10,4308
10,2244
8,2685
1,484
1,420
1,460
8,2080
8,1958
10,3314
10,3284
1,343
2,472
7,2584
2,903
1,655
10,3132
10,2297
10,3055
9,2881
1,312
10,3372
10,3333
1,505
10,2787
1,379
1,276
1,376
6,2066
1,597
1,465
9,6173
10,2740
1,397
2,625
1,247
3,1093
10,2295
10,2397
9,1856
10,3646
1,245
1,323
3,1282
1,540
10,2620
10,6770
10,2950
10,2211
10,2651
1,391
1,478
10,3308
1,240
10,2508
10,2597
1,335
1,297
10,2493
5,1866
9,3294
8,2680
5,1270
10,3446
9,3158
1,285
1,512
10,3214
1,451
1,485
10,2756
1,294
1,263
10,2349
1,342
2,568
6,2408
1,247
10,2819
1,595
1,392
9,2034
10,3332
1,331
10,3316
10,2204
1,234
1,415
5,1409
1,562
9,2039
10,3021
1,342
1,368
8,2763
1,355
1,538
10,3418
1,263
10,2991
9,2374
10,2245
1,363
10,2889
1,597
10,3416
10,3294
1,240
1,429
10,3346
1,366
9,6133
10,3384
1,479
1,421
1,371
7,2228
10,3775
10,2314
1,612
1,483
2,604
1,251
2,633
10,3552
1,353
9,3180
10,2468
1,314
10,3256
10,2531
8,2640
10,3066
3,1127
3,1260
8,2627
4,1235
1,234
1,300
10,3434
1,349
10,2204
1,396
1,355
10,3200
9,2306
10,25888
10,2193
5,1473
8,2712
10,3511
1,344
1,230
1,267
9,6268
1,325
10,2748
1,257
1,293
10,2181
1,471
10,3332
10,2573
10,2624
3,4817
10,2982
1,352
1,279
1,263
2,940
3,917
9,2908
1,261
1,283
1,497
1,331
10,9296
10,3205
1,303
1,550
10,4087
1,296
1,230
1,303
7,2525
10,2585
10,2778
1,285
1,266
1,356
1,547
2,931
2,663
1,474
5,1486
9,3180
1,254
1,247
1,240
10,3729
9,2243
1,284
1,344
10,3502
9,2976
1,337
7,2455
8,1817
1,254
6,1557
10,3344
1,272
1,237
1,414
7,2204
7,2497
1,247
1,262
9,2954
1,430
1,367
7,2367
10,2166
1,260
3,1151
1,4102
1,250
1,244
1,346
8,3028
10,3626
1,242
1,432
10,4639
1,436
1,307
8,2486
10,3383
1,273
4,997
1,550
1,244
1,502
1,290
1,511
1,554
1,280
1,412
1,397
1,265
1,563
10,3141
10,3268
1,334
4,1742
1,535
1,327
9,2690
10,2873
1,471
10,7295
1,263
1,318
9,2847
1,420
1,432
5,1423
10,3137
1,233
10,2721
1,517
1,288
2,582
10,2586
1,706
10,3676
1,296
1,388
9,2484
9,2655
1,383
3,1236
10,2739
1,236
7,2842
1,583
1,238
9,2720
10,2458
1,521
10,3550
1,356
10,3752
10,3053
1,307
10,2331
3,990
10,2237
1,253
6,1604
1,673
10,2916
1,412
10,2384
1,571
9,3337
4,1157
1,446
3,756
1,665
1,275
8,2495
10,2121
1,378
10,2718
1,578
10,2377
8,2533
10,2502
8,2793
2,1064
1,221
10,3277
4,1031
10,2855
1,384
2,817
1,460
1,345
10,3534
1,597
10,2624
10,16131
2,582
1,410
10,3467
1,218
10,2992
9,2059
1,238
10,2088
3,953
1,476
7,1718
10,3132
1,488
10,2053
10,3252
10,2394
8,2588
8,9013
1,226
10,3390
7,1869
1,416
9,2980
5,1205
1,250
10,3452
10,2545
1,407
10,3614
10,3888
8,2172
3,1026
7,2436
9,1954
10,3319
6,2145
1,368
10,3471
1,462
1,231
9,3411
6,1622
2,1406
2,598
9,2911
10,3295
1,386
7,5703
10,2313
1,569
1,359
1,276
10,3816
1,396
1,408
2,676
10,2371
7,2388
8,2882
7,2564
10,3234
1,496
8,2750
6,1438
10,16793
3,876
10,3299
7,1670
1,530
1,248
8,2251
1,394
10,10516
10,2254
2,623
10,3178
3,957
3,1185
1,416
9,2918
10,3325
1,405
3,746
6,2515
10,3163
10,3574
1,239
8,2528
10,2313
8,2817
10,3202
1,310
8,10947
9,1992
10,3563
10,3353
10,3012
10,2156
1,460
1,335
10,4139
1,284
8,2787
10,2623
10,9648
10,2769
2,649
3,1326
10,2687
9,3075
4,985
9,2652
10,3240
1,284
1,443
10,3342
1,425
3,1311
10,16327
10,3580
10,2286
1,320
1,1527
4,1055
10,2315
10,2269
3,726
4,845
1,281
1,387
10,10925
10,2779
2,885
10,2677
8,2502
10,2059
3,944
1,612
10,3253
10,2425
7,2018
4,924
10,2702
1,437
1,372
10,3571
10,3448
3,1031
10,3010
8,2656
1,278
2,917
1,497
10,2490
3,763
1,334
7,1897
10,2312
7,2311
10,2930
2,23463
4,1485
3,770
10,1979
3,1151
1,224
3,1143
2,1003
1,325
4,946
1,317
10,2587
10,3097
1,277
1,3801
10,3992
1,341
6,2147
10,2697
6,2082
1,403
7,1907
1,378
6,2061
9,2520
1,264
6,1974
6,2075
3,704
10,3368
7,28058
4,1819
7,2346
1,384
2,748
1,312
10,4364
1,293
1,428
1,377
1,466
10,2571
1,472
4,909
10,3356
8,2736
1,328
3,847
1,352
1,619
1,263
3,941
1,439
2,587
1,260
1,341
10,2832
10,2544
1,356
10,2802
8,3114
1,472
7,1593
1,235
1,594
1,261
7,1745
3,1095
1,471
1,258
6,2062
10,2413
3,915
1,246
1,472
8,6322
1,442
10,2203
1,252
3,741
1,219
6,2241
1,327
9,2794
1,350
10,2839
10,2103
9,2186
10,2545
9,3409
3,13811
1,241
4,1578
1,286
1,298
1,349
7,5210
1,483
2,547
1,240
1,346
4,1383
2,656
4,1204
10,2580
4,1395
1,271
10,2443
1,689
1,280
1,250
10,3212
1,325
8,1704
1,380
1,301
9,3019
1,240
6,2291
9,3094
2,1020
10,2942
6,2044
1,916
1,389
1,239
10,3368
1,362
9,2942
1,344
1,263
6,2313
1,305
7,2261
1,1148
1,475
6,2255
7,2283
1,437
1,308
10,3279
10,3364
2,750
8,17291
1,275
1,245
1,447
1,337
10,2247
10,3652
3,850
10,2246
6,1902
1,446
1,251
1,568
4,1452
6,3043
1,481
1,372
1,257
2,683
1,227
10,2693
9,2109
1,344
5,1801
10,3160
1,434
1,247
10,2477
6,2314
7,2636
1,320
7,1997
1,238
3,833
1,261
10,2582
9,2056
1,318
2,827
10,3257
10,3500
1,420
10,5232
5,1544
4,1636
1,388
1,322
10,3216
9,2067
1,240
6,1619
10,2635
1,461
10,2511
4,1131
10,5935
1,368
10,2101
10,3365
4,1078
1,408
6,1753
9,3235
2,594
1,232
10,3211
10,3116
1,340
10,2218
4,1499
10,3027
2,821
1,381
4,1366
10,2120
10,18095
1,417
2,678
1,331
1,213
5,1735
4,1184
1,282
5,1380
1,376
10,3322
3,833
10,2525
10,2454
6,2176
10,17780
10,3387
10,2651
1,256
1,218
10,3601
1,537
1,555
8,1939
1,301
10,2967
4,863
9,2877
10,2329
6,1993
1,366
10,2371
8,2655
1,254
1,269
4,1669
1,347
1,315
10,2464
1,251
1,486
7,2125
1,458
1,316
10,5822
1,632
1,471
10,5990
1,230
1,231
10,2645
1,369
1,319
10,2640
1,233
1,489
3,806
9,3000
1,265
10,3219
1,604
5,1443
10,3205
1,234
7,2416
10,2926
1,312
1,328
10,2424
1,252
9,2183
7,1839
10,3479
1,243
10,3234
1,467
10,2322
10,18029
1,255
8,2807
5,1776
1,637
2,638
5,1497
1,235
10,2535
6,2232
9,2568
1,237
4,1033
1,518
10,3758
10,3326
8,1737
9,3073
10,3273
10,2401
6,2132
10,2510
1,216
9,2734
7,2284
10,3291
1,241
4,987
9,8700
5,1336
1,490
1,544
10,3098
1,659
1,361
6,2836
1,374
1,285
10,3542
10,3570
10,3180
1,251
6,1703
1,418
9,2554
7,2490
1,244
10,9537
1,375
1,300
3,1660
1,322
1,251
10,3426
10,3261
4,1085
1,240
6,1838
10,19782
10,3122
10,3293
1,443
10,3229
1,374
1,245
7,1904
1,266
1,257
10,3305
10,2973
9,2075
1,235
4,1352
10,48637
2,921
8,2635
1,259
4,4325
10,2748
1,384
4,1041
1,435
1,291
4,837
4,1138
1,261
1,240
10,2920
1,633
10,2282
10,3516
7,2397
1,511
1,363
1,399
7,1958
10,2775
5,1870
4,1359
6,2168
1,372
1,274
10,3299
4,1451
8,2925
1,362
10,8735
7,2413
1,338
1,397
10,2899
1,356
10,2722
9,2018
1,663
10,2180
5,1056
10,2146
6,2270
10,3170
1,293
10,3385
10,3225
1,314
6,2301
10,2515
1,301
9,2424
1,332
4,1576
1,277
10,2304
10,3156
2,743
10,3104
1,393
10,3296
8,2085
1,448
10,2792
10,3233
5,1479
10,2714
6,1292
10,3510
1,379
10,2480
1,385
7,2287
10,3200
3,1042
8,18445
6,2113
1,393
4,1564
10,2933
10,5322
5,1741
1,224
5,1734
1,300
6,1652
1,240
8,2716
10,2218
1,359
10,3545
5,1755
5,1466
10,3399
6,1650
1,469
10,2640
1,223
10,3578
1,273
10,2854
1,349
6,1985
10,3326
2,682
7,2271
9,2971
1,577
10,3700
1,590
6,1452
6,1599
1,229
9,2149
1,242
5,1699
1,365
4,1457
1,525
1,259
3,1191
3,3106
10,3211
6,1682
10,3416
1,317
10,15227
1,280
10,2551
1,269
2,760
1,379
8,2888
1,483
9,3713
2,775
2,637
2,875
10,5463
4,1485
1,353
1,467
1,408
5,1157
1,237
4,953
1,412
3,1035
1,473
8,2092
7,2624
3,1095
1,353
1,295
5,1709
1,331
5,1251
6,1304
10,2355
1,224
5,2028
1,636
2,1348
1,502
3,1427
10,3292
5,1268
10,2456
3,987
9,2134
10,2210
4,990
1,331
1,429
6,2005
6,1850
10,2774
3,906
1,476
1,353
8,2718
1,371
5,1486
9,2359
10,2336
4,1021
10,2029
1,249
10,2606
1,386
8,2620
1,465
4,1114
1,526
1,382
6,2363
1,345
10,3318
10,3762
5,1262
10,2217
6,1812
1,309
1,287
10,3805
10,2840
1,487
3,1122
1,522
1,323
8,2575
6,1961
8,2730
2,537
10,2141
8,2531
9,2617
1,236
1,432
4,1508
10,2211
1,280
7,1699
1,621
1,351
3,1367
1,378
10,3683
7,2892
1,478
1,436
5,1264
1,443
1,361
10,2279
4,1021
10,2974
3,1039
1,607
1,299
2,769
1,409
5,1508
1,2790
1,456
10,2379
5,2253
10,3036
1,420
10,2201
5,1554
2,610
6,1364
1,618
2,610
3,1280
1,405
6,2056
10,11791
10,3176
10,2137
10,2269
10,5083
1,382
10,2182
6,1728
10,3434
7,1450
2,817
6,1459
4,1262
1,453
10,2673
10,3351
1,466
2,755
10,2226
10,2366
1,298
6,1504
10,2906
10,2088
10,2097
10,3401
7,2842
4,1109
1,329
10,2371
10,13254
10,2468
9,2933
4,1297
10,2254
1,254
1,416
5,2019
6,2186
7,2550
7,2221
10,3129
4,1206
1,511
5,1028
8,16996
1,278
10,2824
5,1578
10,2736
1,267
1,448
10,2957
8,2790
6,2007
7,4999
3,1058
1,387
6,1862
10,3225
10,3322
1,245
10,3248
1,304
1,418
1,259
10,2491
10,3429
10,2454
10,3167
3,884
4,1016
7,2184
3,971
10,2272
1,478
1,236
10,12363
1,257
2,756
7,1583
9,2480
1,487
10,3075
1,377
8,3082
10,2371
1,341
1,450
4,1363
1,536
1,341
7,3309
1,255
3,762
5,1757
2,786
1,324
4,1201
1,251
8,3021
7,3283
1,441
4,1336
10,3092
1,514
1,266
10,3423
1,271
9,2486
2,568
9,2327
1,245
6,1580
1,238
3,980
10,3000
1,282
7,1937
1,331
9,3009
1,409
1,564
1,266
10,2914
3,740
8,2636
1,235
5,1774
1,288
3,1317
10,2147
3,646
1,362
1,243
1,337
1,274
1,977
1,228
8,1968
6,2057
1,369
1,223
4,1568
1,243
7,2171
10,2207
1,245
4,1015
1,238
1,448
10,2594
3,1380
1,215
7,2722
5,2009
10,3540
1,234
5,1852
1,260
2,778
6,1721
1,242
4,1531
1,303
1,494
5,1724
1,591
2,481
10,3160
8,1829
10,6261
1,231
10,2808
1,396
6,1533
3,838
1,228
7,2261
1,267
1,396
5,1349
3,43609
1,238
10,3215
10,2504
10,3694
1,344
10,2945
1,237
3,1359
10,2221
1,228
10,3288
10,3238
1,706
10,3216
9,51700
1,227
10,3562
10,2781
1,607
1,350
10,2286
1,299
8,1812
4,1154
1,256
6,2060
1,243
1,487
10,3097
10,49280
1,259
10,3273
4,1106
1,543
1,239
10,2409
1,391
4,1200
4,1591
1,251
10,3019
1,242
1,529
10,3282
1,34383
6,1677
1,444
5,1209
10,4089
4,976
1,458
10,3257
10,2674
10,2559
6,1389
10,2487
1,341
2,1130
10,2010
1,583
10,2314
1,391
2,683
9,3011
10,2218
1,246
10,2563
7,2500
7,1848
10,2072
6,1446
1,286
10,3834
5,1814
7,2577
8,2746
1,440
5,1419
1,388
10,2348
1,245
4,1046
10,3475
1,308
6,2177
10,2081
1,530
8,2712
3,907
7,1880
10,2427
10,8093
6,2060
1,501
9,3069
1,244
10,2147
2,553
1,294
10,6100
4,1329
7,1939
7,17318
5,1580
1,402
4,1006
1,359
10,3230
1,573
10,2644
1,345
10,2046
10,2600
1,253
7,1860
10,3216
1,530
8,2251
6,2182
1,378
10,2188
1,372
10,2750
1,488
7,2470
1,374
10,2763
10,3361
1,264
10,2968
4,1410
10,2569
3,1098
10,3150
1,439
9,2054
1,375
8,2233
1,507
1,369
1,262
6,1535
10,3506
1,245
10,2258
10,2280
10,2212
8,13490
7,2182
1,550
10,2331
1,374
10,2720
1,408
1,377
1,501
10,2253
1,429
1,344
10,3486
10,2353
3,880
3,950
10,2292
1,663
1,348
1,510
4,1306
1,488
3,1129
1,486
4,1542
1,340
1,387
6,1398
6,2005
10,3418
2,546
4,1084
1,490
7,1974
1,394
10,2613
1,432
9,2779
10,2720
10,2263
1,306
6,1728
5,1854
10,3561
9,2789
2,639
10,2339
3,972
1,285
1,387
1,445
2,801
9,3376
1,298
9,1956
1,554
10,2303
4,1424
1,458
10,7153
6,1476
1,443
9,2410
10,1945
7,1970
10,2255
10,3453
10,2710
10,3593
7,1571
1,282
1,255
10,3201
1,299
7,3151
7,1762
10,2461
9,2520
8,2712
8,2579
1,292
10,3704
10,3010
1,505
5,1782
1,297
1,486
10,2959
10,3968
10,3277
4,1477
1,383
10,2372
3,1847
10,3470
1,385
8,12274
1,596
10,3105
2,717
1,261
1,446
10,2603
1,283
3,981
3,1188
1,286
9,2186
9,2901
7,2089
1,248
5,1375
7,2320
10,2494
1,306
1,329
10,2986
5,1243
1,415
3,6776
4,996
10,2592
1,512
7,1880
8,3018
1,350
8,2732
3,1258
8,2765
3,727
1,267
2,708
10,3242
1,411
10,3445
10,2140
1,240
10,2549
10,2121
3,1054
1,343
2,942
10,3215
9,2860
10,2194
1,261
10,2492
9,2083
1,416
10,7124
6,1427
1,236
4,928
10,8096
3,1015
1,326
5,1212
3,1106
10,2416
5,1650
6,2135
8,2188
1,572
1,282
7,3252
6,2288
1,230
1,463
2,820
2,800
1,246
3,1049
10,3374
10,3367
8,2562
4,1546
5,1695
2,642
5,1739
7,2804
10,3401
1,252
10,2742
1,436
3,1025
1,236
3,1071
10,3344
2,958
6,1484
6,2401
10,3363
10,2366
1,832
3,995
7,2435
1,238
1,325
3,976
3,968
1,226
6,2083
1,506
3,1036
1,271
10,2974
5,1878
1,385
6,2291
1,626
10,5008
1,229
10,3289
1,506
2,574
9,2034
7,2487
1,484
7,2296
1,365
10,2695
10,3405
1,531
2,619
1,641
10,2801
1,262
6,1798
4,1391
6,2121
1,501
3,1331
1,495
7,2200
1,242
10,3344
10,3575
1,280
1,544
1,583
1,425
10,3323
10,2478
1,440
7,2384
8,2254
7,1779
1,350
3,6446
1,234
10,3126
10,3029
1,284
1,427
1,580
1,385
7,2478
10,2976
1,418
4,1162
1,405
4,1739
1,385
9,2845
1,251
4,1071
5,1263
5,1314
10,3127
9,4484
1,359
3,806
1,383
1,429
7,1885
8,1791
10,2677
1,656
10,3773
1,502
10,3487
6,1803
1,239
5,1853
4,1667
1,370
10,4413
1,239
1,451
4,997
2,549
7,2334
1,516
10,3200
1,407
5,1637
10,2495
1,236
4,1383
1,585
1,369
10,3302
1,224
1,377
6,1530
9,2314
6,2509
7,3273
9,2569
1,623
2,710
6,1734
1,251
10,3585
1,406
1,381
10,3488
1,600
1,626
10,3274
10,3284
10,5358
9,2790
1,492
10,3252
10,2257
5,1254
1,249
8,3250
1,418
1,678
10,2102
1,610
1,498
10,3372
10,6564
10,3037
1,4225
1,600
1,390
10,2524
10,2584
1,245
10,2483
1,646
1,481
7,2900
10,2325
1,468
10,3135
2,783
1,587
1,532
1,482
1,464
5,1823
4,872
1,437
5,1233
7,3051
1,654
5,2590
1,463
3,1023
10,2397
7,2562
1,449
1,546
1,434
10,3587
8,2460
1,269
10,2150
10,2356
1,329
1,349
3,40096
1,236
10,3249
10,2870
4,2550
10,2541
1,554
1,414
4,1212
10,3300
1,352
8,2790
6,1944
1,483
4,1119
10,37256
1,423
6,1496
1,427
3,849
1,253
6,2275
1,375
10,2150
10,2375
1,353
5,1816
10,3323
10,2607
6,1654
3,34324
1,298
10,3308
1,239
3,1042
1,630
4,1481
1,378
10,2060
10,3355
1,246
10,2379
5,1682
9,3064
5,1277
5,25644
6,1414
7,2407
1,237
10,3009
1,352
10,3398
1,398
10,2815
1,415
1,272
10,3426
10,2621
10,3404
4,1412
10,3230
1,374
6,2059
1,232
6,1995
1,409
7,2323
1,271
7,2225
1,332
1,249
10,2396
10,2194
6,1553
10,3067
7,3049
10,2282
4,1435
1,319
10,2413
4,1162
9,3045
1,366
10,2255
1,323
1,261
5,1622
4,1000
1,463
10,2157
10,3468
10,2216
9,2927
1,322
10,3349
1,347
4,1095
1,413
3,922
1,319
1,249
6,2297
10,2567
10,2332
5,1718
1,413
4,1205
7,2273
1,286
7,2363
1,360
6,1409
1,533
10,2798
1,250
1,251
5,1750
1,452
3,1047
10,2967
1,350
10,10193
4,1102
1,302
9,2718
1,246
3,845
9,3060
10,3400
1,280
1,390
10,2286
1,302
1,586
10,2429
1,437
6,2845
9,3168
1,415
1,588
1,269
7,1675
4,1559
9,2329
1,289
4,845
10,2428
1,292
10,2923
10,3717
10,3158
10,3907
10,2134
1,356
1,369
6,1889
1,481
10,3286
1,391
1,268
10,2167
10,2329
10,3285
1,516
2,792
1,486
4,1381
6,2020
6,1278
1,460
1,509
10,3202
9,3281
8,2073
1,278
10,2675
4,1058
1,289
10,2772
10,3401
1,308
7,2405
1,259
10,2860
1,430
5,2024
10,2473
6,1688
1,498
1,261
1,296
10,2766
1,239
6,2003
5,1288
1,481
4,1319
3,1114
10,2326
1,382
4,1353
3,857
1,253
10,2340
5,1404
10,2514
10,2269
1,257
9,1964
10,2507
1,386
6,1741
7,1743
4,1115
1,304
10,2359
1,405
10,2169
2,1183
5,1953
9,2718
1,383
1,230
10,2999
6,1680
1,303
6,2032
1,426
10,2638
1,429
9,2908
10,2360
7,1919
9,2479
7,2269
7,1791
1,363
1,231
10,2173
8,2356
1,267
3,1285
10,2666
10,2821
1,411
10,2465
7,1877
1,417
9,2020
10,2968
10,2159
1,354
1,292
10,2131
5,1815
1,645
5,1755
10,2851
10,3547
1,382
5,1201
9,2093
10,2543
1,267
10,2365
3,1111
10,2180
1,271
4,986
10,3979
9,3194
10,2674
10,2990
5,1875
1,369
10,2898
10,2781
10,3138
1,239
10,2318
10,3452
1,336
7,2258
9,2802
10,3198
4,2902
4,1032
3,1091
10,3265
6,2183
7,1650
10,2411
3,1113
1,229
10,2432
10,2221
1,409
1,247
1,458
1,399
7,2665
10,3202
1,347
5,1459
1,397
10,2354
1,263
6,1495
1,290
3,762
10,3519
1,281
9,2695
10,3117
1,399
6,2055
10,3353
1,222
10,3072
4,1419
5,1566
1,264
10,2362
1,513
2,872
7,2628
8,1661
10,3014
1,432
1,515
1,303
5,1225
1,234
2,714
9,2343
3,841
1,233
4,1361
1,263
10,3352
2,1027
1,228
3,889
1,489
1,274
3,928
1,521
1,331
10,3243
9,2057
5,1319
1,296
10,2412
1,260
7,2434
9,3207
1,215
10,2170
1,493
1,604
4,953
1,253
1,243
8,2339
4,1022
6,2029
1,236
10,2370
1,371
1,378
3,1287
1,239
1,388
5,2223
1,337
10,2340
1,240
1,250
10,2242
6,1239
10,2813
1,284
10,2739
1,306
8,1829
3,1446
1,225
9,2944
10,3146
1,365
10,3199
1,262
1,268
10,2146
7,1488
10,3178
1,239
10,2911
1,280
10,2289
10,3872
1,221
10,2516
1,362
1,459
10,2365
1,396
5,1043
10,2611
1,227
10,3497
1,447
1,719
10,3188
3,1407
8,2911
10,2091
7,2816
1,436
1,391
6,1461
1,263
1,270
1,479
1,440
1,385
1,274
1,679
10,3130
9,2700
1,360
9,2255
8,4256
1,476
1,433
10,2371
1,476
1,355
1,236
10,2281
1,283
1,264
9,3145
1,700
10,2971
1,307
2,821
3,794
1,387
4,1065
10,2362
1,263
1,350
1,232
10,2750
10,2045
3,804
1,401
7,29846
10,3210
1,670
10,2961
3,1129
4,1365
5,1285
6,1478
1,324
6,1923
1,288
3,869
1,462
10,2145
1,416
3,20417
10,2337
1,729
10,3247
10,16962
1,397
6,1432
10,2216
1,390
5,1287
1,232
5,1370
1,274
9,4983
1,592
9,21744
1,273
1,526
9,3032
10,2364
1,388
5,1389
10,2185
5,1467
10,2330
1,218
10,2129
1,359
1,581
1,517
9,19432
1,489
1,415
7,2459
7,1931
6,1619
10,2861
4,986
10,2467
10,1958
1,625
6,1745
1,364
10,3452
1,568
10,6781
1,519
1,459
1,605
2,779
1,393
10,2563
10,3471
10,3260
4,959
1,436
10,2776
1,291
5,24043
1,536
3,932
1,558
1,670
3,1351
7,2444
7,2124
4,983
9,2177
10,2196
9,2964
1,502
5,1115
1,316
4,1548
1,557
1,437
1,511
1,482
3,1184
3,863
5,1842
10,2491
1,376
5,1313
10,3365
1,462
10,3153
4,913
7,28272
1,638
7,2272
1,867
7,4484
10,3032
1,478
4,1065
10,2290
10,2749
10,3408
1,491
5,1275
4,893
1,236
3,1307
1,505
1,4760
1,513
10,3097
10,3237
1,325
6,1692
10,2319
1,419
10,2705
10,3690
10,2452
10,2570
1,256
1,457
10,3871
5,1322
1,549
1,426
9,3279
9,2189
3,1052
1,640
1,531
10,2316
5,1889
10,2178
10,2843
5,1269
5,1770
10,6063
4,1332
1,628
1,546
7,4599
1,439
10,3517
10,3072
1,466
6,1361
4,1395
5,1044
9,3059
3,1067
6,2125
4,1379
8,4381
1,550
9,3145
1,513
4,1706
5,1497
7,2025
1,499
10,2237
4,1538
10,2159
1,594
6,1464
6,2077
7,2543
9,2328
7,2917
9,3372
5,1794
1,364
10,3299
10,2435
1,524
10,3071
1,392
10,2177
1,576
5,1151
9,5113
1,485
5,1322
3,13149
4,1186
4,1012
1,387
5,1412
9,2521
1,364
4,1565
5,1139
10,2843
1,463
10,3244
4,1457
6,2062
9,2155
3,2317
7,2529
1,283
7,2596
10,3407
3,793
1,491
10,3409
6,2568
8,1905
1,657
7,2640
10,2981
9,2677
6,1946
10,2981
1,465
1,363
1,406
10,2703
9,3220
1,580
10,2587
6,1974
10,2596
10,3403
10,2177
10,3178
3,1241
2,529
10,3488
6,2205
1,396
1,330
5,1256
10,2988
1,400
10,2545
6,2108
2,703
1,334
4,1100
5,1674
9,2964
10,2201
7,2472
1,318
10,3216
1,299
10,2603
10,3583
10,4296
3,858
10,3412
10,3063
1,422
10,2885
5,1668
5,2007
1,327
9,2662
4,1448
1,241
1,285
5,1874
1,548
1,487
10,2308
9,3226
1,326
1,330
9,2234
10,2436
10,3216
1,305
4,1785
10,2885
1,322
10,2273
10,2976
1,383
5,1688
1,657
1,411
10,3004
1,411
10,2198
10,3368
1,374
1,237
3,1204
3,907
1,349
1,235
10,2509
1,286
5,1830
1,308
10,4315
9,2835
1,505
7,2279
1,399
10,3201
1,320
1,393
10,3373
1,260
10,2497
10,2386
1,361
7,2420
1,272
4,1507
10,2039
1,450
1,439
1,382
5,1440
1,237
6,2181
10,2637
1,278
9,2174
1,373
1,362
6,2145
1,236
1,312
10,2603
1,429
10,3200
1,355
5,1234
1,234
9,3154
6,1850
9,2025
6,1439
1,255
1,372
3,1252
1,244
1,251
10,3233
6,1977
3,1082
1,341
10,2253
1,234
9,3260
7,1972
1,262
1,331
1,230
1,405
10,6282
1,276
1,233
1,524
4,1231
10,3749
1,264
10,3026
1,240
7,1566
10,3310
1,372
3,1063
1,215
1,508
10,2886
1,251
1,237
1,474
1,393
9,2754
5,1630
5,1274
1,295
9,2067
10,2903
9,2154
10,3186
1,633
1,526
4,1227
1,232
1,235
1,519
4,1357
10,2465
1,321
10,2259
1,322
1,468
6,1638
5,1203
1,458
10,3293
1,389
10,3034
1,274
1,268
1,547
6,1887
1,6026
1,330
1,548
10,2689
10,2367
10,3449
10,2146
10,2355
1,240
1,583
4,1040
1,347
2,421
1,486
6,2071
10,3172
1,366
1,243
1,341
4,971
3,828
6,1416
10,2390
1,217
7,2505
10,2203
8,1967
1,238
1,515
9,3332
1,398
1,380
1,258
1,347
1,303
1,520
4,936
10,2440
1,239
3,1322
5,1567
7,1785
1,250
1,591
4,1495
1,848
1,337
1,563
10,2577
1,458
1,537
1,370
6,1304
1,235
3,776
10,2809
10,2622
1,246
7,2308
10,3559
1,600
5,1116
10,2428
10,3042
10,2211
1,283
1,452
10,2086
1,246
10,3358
6,1466
10,2477
4,1528
1,565
2,764
1,443
10,2195
1,240
10,2091
1,406
1,252
10,2980
10,3176
10,2330
10,3446
5,1211
2,710
5,1319
1,528
10,2225
1,1605
10,2204
1,281
10,2628
10,2777
1,281
6,1643
10,2066
6,1386
7,2795
10,2369
10,2471
8,1847
1,410
5,1279
1,718
10,3480
1,244
6,1961
1,287
1,248
10,2212
4,1404
10,2374
9,3328
10,2344
10,3519
10,2304
9,2923
5,1594
1,560
10,2214
1,251
10,2816
1,350
1,299
10,2401
9,2473
10,2952
1,488
10,2334
10,2878
6,1519
3,1086
10,2888
1,650
10,3254
1,231
10,2044
1,267
1,252
6,1607
1,495
4,1647
4,1480
1,479
10,2208
5,1173
10,3119
8,2395
1,731
6,1408
1,284
4,892
1,410
1,267
10,2403
10,3302
2,634
9,3764
1,257
10,2328
10,2276
10,3010
5,1463
1,623
1,464
10,2201
9,2815
1,290
1,277
10,2532
1,435
10,2968
10,2834
1,231
1,250
10,2589
9,3349
5,1288
4,1447
4,1169
10,2230
10,3182
6,1698
4,1110
10,3418
1,392
10,2551
7,1667
1,272
10,3314
10,2385
1,478
10,3331
5,1916
10,2969
6,1582
1,445
1,250
10,2622
4,1288
5,1678
8,1695
9,2019
1,251
10,2323
10,3031
9,2554
10,3076
3,1369
10,3166
10,2490
10,3511
1,485
9,3192
9,4346
10,2713
8,1928
6,1393
1,222
9,2018
6,1516
1,505
10,2620
6,2085
9,2028
1,314
6,2005
1,284
4,1639
9,3773
1,298
10,3035
1,303
1,345
9,2546
10,2023
4,1276
1,543
10,2748
2,637
10,2329
4,1358
1,243
10,3467
1,534
1,456
10,2138
10,2122
1,241
5,1455
1,350
9,3038
1,372
5,8954
10,2785
4,1355
7,2604
1,492
1,25243
4,1331
5,1591
2,491
7,1886
1,284
10,2235
10,2234
1,577
1,240
7,2523
10,3480
10,2431
1,354
10,2836
5,1663
1,464
1,445
10,2293
3,738
1,231
1,352
4,1437
10,2824
1,227
7,2401
8,1865
9,2036
1,403
6,1398
6,1832
10,3100
1,434
10,3296
10,2120
10,2440
1,373
10,2360
9,2455
1,253
3,1292
8,2044
9,2150
4,1493
9,1860
7,2320
6,1999
4,1556
1,471
1,410
10,2167
1,310
10,2106
6,1965
1,371
6,1850
1,402
2,659
1,403
9,2270
5,1804
1,452
1,490
10,2868
1,413
10,2241
1,304
9,1995
1,446
1,288
10,2960
10,2339
10,2344
1,376
10,2285
6,2149
4,1364
1,494
1,592
10,2867
10,2295
1,243
1,322
4,1069
1,305
4,1713
1,263
10,2296
1,587
10,2422
10,5354
1,412
1,363
1,371
1,347
10,3292
1,238
1,290
10,2631
1,486
9,3088
1,253
1,434
1,476
4,1077
3,986
1,455
1,416
1,275
1,339
10,2184
1,222
1,282
1,569
1,242
4,1077
1,278
1,426
1,544
1,364
10,3470
1,464
7,2622
1,341
1,292
10,2198
1,256
1,329
10,2405
10,2564
9,2152
1,250
8,2395
5,1640
4,1602
4,1242
1,483
5,2151
1,369
1,276
10,2140
1,306
1,265
10,2935
10,3201
6,1689
1,243
10,2243
6,5573
6,3191
10,3073
1,492
5,1838
1,260
1,445
10,2264
1,289
1,442
6,1744
6,1346
1,416
1,244
1,416
6,1770
10,3797
5,1432
1,403
6,1790
10,2822
1,336
8,2212
1,277
1,271
1,520
1,492
10,2552
1,267
9,2472
1,485
6,2233
5,1235
1,501
3,1087
1,245
1,248
10,2160
5,1484
1,265
1,259
4,1519
10,2216
1,306
1,405
1,532
4,1373
10,2531
1,430
10,3343
1,227
1,408
1,533
9,3686
6,1462
1,246
10,2831
10,2038
1,246
1,236
1,356
7,2596
10,2339
1,505
4,894
1,245
1,347
2,781
10,2377
1,239
1,240
10,2987
1,699
1,256
1,269
3,1110
4,1599
1,547
4,1519
10,2835
10,2143
3,942
10,3355
10,2302
1,237
1,306
9,1916
1,420
2,470
1,371
5,1760
6,2243
1,267
6,2060
5,1563
10,2354
10,2193
10,3086
1,457
10,3360
1,239
5,1136
1,509
9,2595
10,3210
4,1361
6,2165
1,294
6,1791
10,2358
10,2333
6,1565
9,3062
10,2473
8,1844
1,425
10,2141
1,479
10,2259
1,365
10,3038
1,634
1,255
6,1907
10,3188
10,2952
10,2141
1,347
10,3384
4,1228
1,478
10,2856
1,330
10,3386
1,376
4,1522
1,387
1,282
10,2965
6,1630
4,1135
10,2165
1,245
10,3049
10,3432
1,350
8,2303
10,2986
10,2480
1,371
5,1144
1,410
1,376
4,1460
10,2868
9,2241
4,944
1,275
10,2126
2,618
1,494
1,231
1,377
10,2377
1,357
10,2159
1,493
5,1279
10,4853
5,1012
10,2538
10,3279
1,271
10,2680
10,2246
10,2881
10,2414
1,336
10,2840
1,252
10,2537
3,1125
1,246
4,975
10,2773
9,2040
9,2935
1,241
1,274
10,2852
10,2817
5,1356
1,394
2,680
10,2263
10,3357
1,530
1,248
10,3237
10,2947
6,1371
1,19496
1,243
10,2878
10,2283
10,2870
2,944
1,548
10,3288
10,2963
6,1295
10,2686
1,245
5,1183
10,3116
10,3124
5,1622
1,241
10,3156
10,2085
10,2324
9,2534
1,376
10,3088
10,3361
5,1099
1,328
1,281
10,3509
1,312
1,586
10,22714
1,243
9,2256
10,2198
10,2855
10,2315
1,412
8,2521
10,2292
10,2464
1,448
5,1178
6,1516
1,243
10,2314
10,2907
1,259
9,1928
10,1979
9,2487
10,3897
10,3355
4,1218
2,444
10,2145
1,347
10,2185
5,1626
10,2776
1,364
4,1214
1,238
8,2355
2,556
6,1749
1,283
10,2863
10,2243
10,2696
10,2131
1,991
10,3038
10,3205
1,242
10,2642
1,489
10,2906
1,457
10,2273
1,577
1,300
6,1872
9,1870
10,2155
10,2904
1,557
6,1832
10,3365
1,277
10,2424
5,1827
10,2238
10,2250
10,2389
10,3220
1,220
10,2682
9,2530
8,1910
6,1395
10,4835
10,2333
10,3022
1,246
1,390
7,2193
1,558
1,355
10,3131
10,3534
1,254
10,2202
6,1742
9,1924
10,3192
4,1359
10,3226
10,2847
1,262
1,546
6,2254
10,2280
1,352
8,1784
4,1561
1,222
4,1749
2,807
4,1028
1,440
10,3663
4,966
1,620
1,236
10,2990
1,648
10,2622
1,330
1,483
4,1557
1,303
9,4441
10,3549
10,2378
1,252
5,1229
10,3277
1,260
1,244
1,366
1,500
10,3117
1,301
1,237
7,2588
1,245
10,4530
1,535
9,1950
1,460
10,2061
10,3111
1,380
1,287
1,349
6,1872
9,2698
1,276
1,259
6,1677
1,231
1,39595
1,277
1,447
1,233
10,2675
10,2705
1,309
1,263
1,386
10,5721
10,3369
1,245
1,269
6,2399
1,235
10,43842
1,283
2,879
1,228
10,2018
10,2363
1,596
10,2074
1,611
1,2802
9,2034
1,251
1,260
10,3464
1,232
4,1133
1,269
6,1339
1,234
10,2910
3,1079
1,271
6,1543
1,248
1,491
10,3304
1,297
1,289
3,1116
10,2374
6,1910
1,344
10,2155
1,254
5,1884
10,3122
1,357
10,2452
10,2828
1,437
9,1948
1,248
1,234
1,471
10,2967
7,2346
1,557
1,483
1,489
10,3064
10,2184
1,385
4,1460
1,653
1,368
10,2737
1,227
1,245
1,370
10,2108
4,1102
1,274
1,388
1,346
10,2346
8,2566
1,258
10,2915
1,244
1,418
2,659
1,245
1,235
1,362
2,588
5,1362
1,343
1,388
10,3037
10,3393
7,1902
1,365
3,1133
1,350
9,3512
1,491
2,753
7,1510
1,360
10,2188
4,1218
1,244
1,354
1,488
6,1413
1,323
10,2369
10,2602
1,437
3,2740
1,571
10,3470
1,388
1,397
10,2142
6,3905
1,338
8,2503
4,1528
10,2436
10,2324
6,1428
10,3441
10,2467
1,456
10,3198
9,2676
9,2914
1,264
8,1870
1,509
1,262
1,269
10,3075
10,2807
1,316
10,2476
8,2346
10,2744
1,530
10,2985
10,2142
9,2751
1,352
7,1984
1,395
1,287
1,275
10,2152
4,1248
1,253
4,1083
7,1719
9,2058
1,418
8,2226
10,3709
3,992
1,421
10,2244
1,321
8,2322
10,2717
1,447
10,3014
1,236
2,686
10,2370
10,3026
4,1099
1,361
10,3999
10,4272
4,1346
9,2006
1,360
10,3016
1,321
3,1036
1,333
1,233
10,3522
10,2180
1,449
10,2324
1,271
3,982
1,421
1,398
9,2729
1,430
1,388
1,267
10,3466
1,239
1,247
10,2849
2,486
8,1841
5,1481
1,243
10,2740
1,539
10,3247
2,746
1,460
10,2458
1,255
8,1887
1,251
1,235
8,1910
10,2547
9,2296
5,1085
1,246
10,2412
10,2974
1,450
10,3326
1,410
9,2237
1,264
7,1772
1,235
1,254
10,3109
10,2441
10,2269
10,2814
1,275
7,2017
10,2198
5,1724
3,902
3,1087
10,2510
1,302
9,2494
1,231
1,219
10,3081
10,3454
10,2655
5,1367
1,253
3,741
10,3107
10,3367
1,510
1,1654
10,2395
10,2406
10,2293
1,233
1,236
1,462
1,307
2,694
5,1643
1,231
10,3008
10,2732
10,2385
1,553
1,425
2,640
1,414
2,869
1,264
1,227
9,2618
10,2265
9,3032
10,2279
1,263
10,3309
10,2543
10,3433
8,2149
1,416
10,2976
10,2197
10,2543
1,262
2,473
10,3053
1,277
1,447
10,3302
1,249
10,3123
10,2014
5,1310
10,2781
5,1780
10,3403
10,2913
10,2463
1,268
9,3019
1,455
1,370
10,2424
10,2921
1,240
7,2136
2,590
10,2220
10,2095
6,1936
8,1996
9,2895
10,3381
1,282
10,2123
9,1996
1,277
10,2357
10,2438
10,3145
8,2255
10,3027
10,2307
1,280
10,3500
7,1837
2,811
3,873
10,3294
10,2124
10,2307
1,334
10,2796
10,2407
10,2433
1,476
10,2803
10,2174
1,262
5,1870
10,2474
10,3651
10,2866
3,833
10,2939
10,2862
1,241
1,525
6,1606
1,612
10,3295
10,2882
10,2883
1,287
10,3457
9,2385
10,2347
10,2893
10,2617
10,2352
10,3321
1,288
1,525
10,2149
1,572
1,318
8,1787
10,2374
1,265
10,2626
10,2687
8,2059
7,1608
8,2200
1,356
1,429
1,288
1,279
1,512
9,2060
1,323
1,371
6,1459
1,322
5,1159
3,1140
10,2268
1,240
1,244
10,2436
1,423
1,241
1,544
10,2186
10,2640
1,403
1,240
10,2242
1,232
5,1181
8,2761
6,1534
1,261
10,2760
10,2519
1,404
10,2232
10,3233
4,1306
10,2943
1,333
1,251
10,2509
1,239
10,2201
1,416
1,396
1,250
7,1898
10,2508
1,336
1,334
1,326
1,397
9,2093
1,334
1,234
4,1196
1,239
5,1585
10,2300
10,2273
1,237
10,2334
9,1882
1,266
10,2214
3,648
1,417
2,630
1,312
1,246
10,2992
1,245
10,2928
1,236
9,2251
1,211
2,619
4,1046
1,350
10,2296
1,393
10,2555
1,550
1,243
1,240
10,2598
1,232
10,2455
1,244
4,1316
1,222
9,2161
10,2972
1,347
10,3207
1,604
1,567
10,2679
1,398
1,329
1,280
10,2250
10,2626
1,234
7,3151
1,233
10,2473
9,2049
1,452
4,970
10,3253
1,565
9,2105
1,258
1,418
1,283
10,2646
10,3549
1,239
9,2197
1,247
10,2222
9,1874
1,250
9,2141
1,359
1,511
8,1959
10,3508
1,395
1,223
10,2226
6,1462
1,252
1,474
1,281
10,3198
6,1304
1,224
10,2289
1,338
1,351
10,2935
2,989
1,329
1,242
2,637
10,2384
1,314
1,405
1,272
10,2273
2,659
10,2084
9,1858
1,296
1,256
9,2857
10,2422
9,1891
1,249
10,2596
10,2870
1,270
1,396
10,2533
10,2287
10,3503
10,2861
6,2081
10,2192
1,287
7,2426
10,2132
1,244
1,329
10,2795
4,1352
1,257
1,348
10,2360
10,2447
1,504
10,2160
10,2270
10,3282
1,288
1,426
10,3365
9,2027
1,347
8,1840
10,3797
1,267
1,263
10,2121
10,3348
1,246
1,255
1,336
7,2553
1,338
10,3395
10,3931
10,3346
1,216
1,367
10,3783
1,320
3,675
2,624
1,302
1,273
4,1511
10,2296
10,3717
9,2007
10,2417
3,1047
1,473
1,251
9,1846
1,378
10,2348
1,277
5,1558
1,234
1,278
10,3533
1,277
8,2721
10,2237
3,1181
10,2472
9,2863
1,220
10,3087
1,226
2,678
1,352
9,2563
1,241
1,268
9,2189
10,2276
10,2531
10,2983
1,333
10,3071
1,399
3,898
9,2228
1,253
3,785
1,374
9,2150
1,271
1,278
6,1603
10,2524
10,2221
8,1660
1,375
7,1812
10,2621
10,3306
10,2264
1,352
10,3384
1,286
5,1184
1,229
1,375
9,2003
10,2398
10,2346
1,429
1,368
5,2534
10,2679
10,2410
8,2181
1,364
7,1649
10,2911
8,1720
1,239
1,273
10,2355
1,324
2,946
10,2398
1,271
10,3196
10,3361
1,457
9,3063
1,246
10,3080
1,261
10,3329
1,219
1,264
2,821
1,409
10,3677
2,574
1,296
10,7142
10,2417
7,1598
1,277
1,215
10,2112
1,239
1,348
1,225
1,281
9,2290
10,2517
10,2203
9,1982
1,253
9,2240
10,3115
10,2464
1,373
1,256
4,1283
10,2323
1,347
1,257
1,279
10,2200
1,532
10,2369
10,3403
1,265
5,1227
10,1938
10,3715
2,1006
1,320
10,2643
3,1185
10,3141
1,418
1,296
1,394
1,358
10,2128
10,2250
1,258
1,588
4,1053
9,2701
10,3565
1,233
10,2122
10,2980
10,2127
10,2477
8,1857
1,320
1,386
1,632
10,2878
1,280
9,3270
10,2351
10,2191
10,2138
10,3195
6,1768
10,3299
10,3266
4,955
10,3335
8,1977
1,366
1,346
10,2792
1,260
1,539
10,2337
10,3276
1,257
10,3361
8,2023
7,1531
3,849
10,2420
10,2388
10,3318
1,244
1,360
10,2301
10,3221
1,600
10,2360
10,3602
1,230
10,2697
10,2452
4,1451
10,2669
2,603
10,2871
10,2068
1,238
1,294
10,2352
10,2856
10,3209
6,2253
10,2228
1,367
8,2028
10,3229
10,3080
10,3209
9,3046
1,703
10,2305
1,226
1,591
2,612
3,1225
1,1020
1,269
1,466
1,359
10,2697
10,2086
10,2213
1,384
10,2254
10,2382
1,379
1,223
10,2700
10,2099
3,951
1,477
1,261
10,3214
1,436
2,819
2,765
6,2010
7,2082
6,1522
1,493
1,268
1,260
1,322
1,315
7,1561
1,421
1,252
10,2283
1,295
10,2497
10,2364
10,2408
1,229
10,3602
9,2164
1,321
10,1993
1,285
1,233
10,3300
1,487
1,221
10,6826
1,242
10,2544
1,463
6,1826
1,251
1,433
10,2370
1,277
10,2206
1,379
1,480
10,3455
1,509
1,379
9,1916
1,258
10,3299
10,2217
10,2383
1,241
8,2344
10,2939
1,284
9,2097
3,1064
1,659
7,1748
1,391
1,289
1,420
1,247
10,3058
1,260
10,2203
1,253
10,2444
9,1988
1,395
10,2475
10,2420
10,2640
3,1158
1,308
1,232
1,235
1,244
10,3400
1,314
4,1321
1,243
10,2668
8,1937
1,277
8,2177
1,336
1,383
10,2453
1,251
1,342
1,258
10,2203
10,2251
1,270
8,1855
1,241
10,2848
10,2956
1,351
9,2152
1,240
1,458
10,2289
1,308
1,584
1,224
10,3249
10,2365
1,234
10,2778
1,251
10,3627
9,1807
1,364
10,2885
10,3505
1,348
7,1533
10,2518
1,381
1,237
10,2121
10,3134
1,283
1,388
1,259
10,3148
10,2732
1,228
10,2333
10,3928
1,489
10,2366
1,688
8,1774
1,260
4,1396
10,2741
1,262
1,226
1,247
10,2395
2,707
10,2078
2,426
7,2037
1,339
10,2533
9,2565
10,3023
1,208
10,2267
1,359
1,240
1,217
10,2695
10,3352
8,1919
10,2032
10,2141
10,2931
1,446
8,2256
10,2735
10,2236
1,200
10,2250
1,345
1,321
1,225
10,2541
1,378
10,3170
10,2074
1,375
1,461
8,1963
10,2412
10,3186
2,597
1,291
6,1829
1,251
1,253
1,238
10,3168
1,263
1,325
1,294
10,2090
9,2430
10,2129
2,905
10,3182
10,2768
1,325
8,1734
1,239
10,2667
1,691
8,2245
1,288
1,244
8,2488
10,2473
10,2180
9,2684
10,3236
5,2179
10,2593
5,1115
10,1983
1,255
3,751
1,469
7,1876
1,243
1,280
10,3125
10,2545
10,2424
9,1840
1,298
10,2667
10,2441
9,2069
10,2628
1,251
10,3258
2,639
1,415
1,235
1,330
9,2895
10,2602
10,2081
2,589
1,242
10,2298
10,2908
10,2118
10,2263
1,271
7,2132
1,329
9,2080
1,427
1,270
2,797
3,1149
1,426
10,2788
1,269
5,1980
10,3809
2,630
10,3404
1,253
10,2654
1,295
10,3297
1,255
1,282
9,2234
1,355
9,3789
1,460
1,397
5,1872
10,4586
5,1598
10,3750
1,247
10,2927
1,384
2,777
1,369
1,242
10,2142
10,2360
10,2552
1,460
1,371
10,2517
10,2073
10,2908
2,607
1,239
7,2560
10,2382
3,694
1,253
1,233
10,2195
1,306
10,3090
8,2386
1,396
10,2395
7,2436
1,338
10,3351
9,2604
10,2220
10,2359
9,2160
10,2070
1,270
7,1617
1,358
10,3211
10,3450
1,269
1,532
10,3566
10,3011
10,2529
10,2832
10,2487
3,1184
1,384
1,628
1,238
10,3200
1,310
1,390
10,2271
1,290
10,2603
10,2834
8,1823
1,250
10,2607
3,893
10,2700
10,2421
6,1744
1,236
1,333
1,383
1,390
10,2326
1,383
5,1156
10,2460
10,2159
1,232
9,1926
9,3076
10,3421
10,2133
10,2594
10,3396
3,1076
1,325
1,411
1,450
1,265
10,3208
3,764
10,2331
1,234
1,368
1,472
7,1791
10,4813
10,2296
2,831
10,2266
1,236
1,529
10,2374
10,2676
3,1180
1,337
10,2470
1,336
10,2584
10,2573
7,2463
5,1145
7,1647
10,2119
10,2291
1,246
1,287
10,2196
10,2251
1,489
1,227
1,300
1,348
1,376
10,3317
10,3186
10,2087
10,2425
10,2919
10,3381
1,233
1,450
10,2541
3,736
1,319
1,255
10,2802
1,244
10,2726
10,2868
10,2155
10,3164
4,988
3,1267
1,380
1,458
10,2692
2,608
5,1400
1,677
1,326
1,380
1,255
10,2366
1,637
3,864
1,460
10,3304
10,3060
1,510
10,2389
1,456
9,1927
7,1899
9,2071
1,246
9,2002
1,227
10,3397
1,588
10,2279
1,310
3,1423
3,859
1,408
10,2124
10,3447
1,416
10,3223
1,243
1,238
10,7236
1,328
1,556
10,2507
8,2527
5,1187
10,2549
7,1425
1,358
7,1709
1,621
1,347
10,3321
1,266
1,370
10,8338
1,239
10,2746
1,492
1,360
1,259
10,3157
10,3303
1,271
10,3281
5,1185
1,351
5,1155
1,417
1,348
9,1923
10,2490
10,2648
9,2926
10,2868
1,280
3,831
10,3181
1,254
8,2919
1,262
1,254
4,1118
1,401
1,370
1,243
10,2846
9,1986
1,275
10,2576
1,282
10,3057
7,1694
1,403
10,3037
1,246
1,269
1,405
1,403
1,562
1,422
10,2936
10,2470
1,243
2,1297
1,281
10,3074
8,2268
1,343
10,2504
10,3385
1,503
10,2964
1,248
9,2301
1,334
7,1729
10,2934
1,281
9,3097
1,261
1,328
10,2656
1,340
10,2281
10,2897
1,428
9,2202
1,238
1,270
1,236
10,2510
10,3826
1,272
9,3272
1,236
7,1816
10,2764
1,266
2,467
5,1746
10,3396
6,1340
10,2197
9,3067
1,243
10,2998
1,489
1,305
1,569
1,247
10,3356
10,2278
10,2240
10,2341
10,2862
1,304
10,2046
7,2311
10,2323
1,250
3,1429
1,293
1,268
1,395
1,306
10,2482
2,804
10,3837
10,2302
1,368
1,523
9,3153
10,2148
1,439
1,226
1,378
1,343
1,296
1,233
10,2456
1,353
10,2440
10,2109
10,3426
3,1168
1,399
9,2154
10,3142
9,2298
1,232
9,1906
1,299
1,250
1,247
10,2718
1,238
10,2372
3,634
10,3435
10,2599
8,1977
1,366
10,2513
1,418
1,227
10,2438
1,266
10,3500
1,282
10,2412
1,240
1,541
8,1864
10,3218
10,3336
1,381
10,3281
5,1598
10,2254
1,224
9,2509
1,264
5,1823
1,270
8,1828
1,258
1,364
10,2052
3,1031
9,2865
10,3031
1,374
10,2606
10,2467
1,332
10,3512
1,307
10,2825
1,265
8,2166
1,226
1,247
7,1620
1,277
10,2494
9,2010
1,416
10,2220
10,2883
8,1685
9,3079
1,269
5,1420
1,284
10,3257
1,233
1,258
2,592
10,2221
7,2607
10,2522
10,3372
5,1539
10,2196
9,2106
10,3492
1,254
10,2467
1,373
10,2048
1,266
1,415
10,2282
1,349
10,2125
8,1864
1,307
6,1557
10,3281
10,2273
1,535
1,582
10,2976
1,265
2,503
1,237
1,249
10,2695
1,361
10,2694
9,2760
1,324
10,3711
10,1990
7,2425
1,462
2,653
6,1543
1,392
2,471
1,226
1,233
10,2257
1,509
10,2092
1,528
1,335
10,3016
1,491
2,441
10,2246
9,2577
10,3204
10,2421
10,2966
1,239
1,305
8,2459
1,257
1,358
10,2622
1,328
2,885
6,1875
9,1892
1,246
10,2668
10,2157
10,2303
10,3200
9,2025
1,286
10,2331
1,438
1,255
2,562
1,244
9,2289
10,2776
1,348
1,276
8,1739
1,424
5,1500
10,2101
6,1484
1,243
2,663
1,235
1,377
10,3032
1,359
4,1003
10,2176
10,2826
10,2713
10,3315
4,1042
10,3104
10,2411
10,2211
10,3306
10,2463
1,258
1,346
10,3486
1,260
3,1196
9,2370
3,909
1,350
1,399
10,3811
10,3409
6,1812
10,3308
10,2137
10,2280
1,237
1,256
3,1312
1,253
10,3142
1,395
10,2154
1,254
10,2118
3,866
5,1290
10,2180
8,2312
10,2685
1,649
1,228
1,238
10,3318
1,240
1,330
4,954
10,2948
1,322
10,2626
9,2037
6,1664
10,2987
10,2848
3,804
10,3568
10,2088
1,358
10,2406
10,2779
1,245
1,243
10,3481
1,329
10,2325
10,2537
10,2966
1,435
4,1399
10,2775
1,313
10,2311
1,305
10,3362
10,2463
1,267
1,227
3,773
1,249
10,3156
10,2214
10,2667
1,329
10,2554
5,1640
1,257
7,2147
10,3317
4,1136
5,1368
1,318
1,355
10,2440
1,321
3,781
10,2920
1,532
1,476
2,763
7,1969
1,273
10,3355
1,510
7,2146
5,1820
1,238
1,355
3,1179
1,250
10,3275
1,333
4,1059
4,1086
10,2165
10,3060
1,425
9,2485
1,434
1,377
5,1964
8,1727
1,269
7,2350
1,262
10,3268
1,359
10,2463
1,372
10,3546
10,3023
1,315
1,368
5,1704
1,375
10,2373
1,250
1,246
10,2300
10,2477
7,1721
1,354
8,1954
1,437
3,1043
5,1419
1,367
10,2617
10,2570
1,313
10,2326
1,267
1,234
10,2252
10,2655
10,2533
7,2260
3,909
1,306
10,2390
9,2372
1,522
10,2512
10,3490
1,252
1,448
1,300
1,242
1,362
10,2211
10,3057
1,277
9,2848
1,242
10,3107
1,510
1,386
10,3231
10,3560
1,377
5,1768
1,371
1,222
1,247
6,1639
10,2748
1,245
10,2442
1,262
2,812
10,2773
1,266
1,373
5,1280
1,568
4,2015
1,246
10,2374
1,256
10,2465
1,382
1,231
2,572
1,263
7,2294
10,2453
10,2141
9,3120
10,2799
10,3038
3,1154
1,282
3,767
7,1637
10,2588
1,234
1,233
10,2336
1,236
10,3128
10,2231
10,2875
10,2539
2,766
1,449
9,2494
10,2160
10,3388
1,419
4,997
1,231
1,266
7,1964
10,2691
10,3264
1,318
10,2221
10,2595
3,1047
1,400
10,2447
7,2420
10,3394
1,260
3,1175
1,260
1,225
1,355
10,3358
1,310
10,2897
5,1357
10,2339
10,3165
1,410
6,1310
10,2230
7,2421
1,356
10,3419
1,355
1,481
1,227
10,6688
1,337
9,3484
9,2442
10,2483
10,2604
1,297
10,3009
1,535
10,2425
1,262
10,3127
1,275
10,2375
1,223
9,2982
1,279
1,365
10,2375
1,420
8,2604
6,1696
7,2766
10,2430
10,2699
1,233
10,2787
1,227
5,1278
1,389
9,2610
1,363
1,418
5,1222
5,1554
10,2150
10,2105
10,2754
9,3071
10,3169
1,314
10,3456
1,265
10,2144
1,247
1,309
1,274
1,373
1,369
10,2420
7,2453
10,2737
10,2341
9,2503
10,2184
1,292
10,2219
1,364
5,1792
1,237
9,2977
1,285
1,257
1,488
1,375
10,2179
10,2164
1,510
10,2934
10,2712
8,1779
7,2337
1,346
10,2972
1,257
10,2640
1,288
1,282
10,3142
1,314
10,2631
10,2370
1,477
10,3078
10,2056
10,2763
1,351
3,942
10,2548
1,234
1,463
1,334
1,274
10,3610
1,408
1,353
10,3163
10,2496
1,509
2,606
10,2916
1,520
10,2229
9,2144
1,252
1,556
1,307
1,242
10,3550
1,258
1,342
10,2311
1,341
4,947
9,1999
8,2535
10,2626
10,2748
10,3681
1,324
9,3203
1,365
1,244
9,2537
1,263
1,307
10,2156
1,249
10,2722
10,2151
10,2118
10,2305
7,1530
10,2133
10,2564
1,455
8,2615
1,261
9,2625
1,250
10,2078
10,2738
1,262
10,2262
10,3555
2,449
1,247
10,2071
2,875
10,2170
10,2485
8,2293
1,262
1,509
1,262
1,346
3,789
1,232
3,993
8,2423
2,763
1,355
10,3084
1,365
5,1133
10,3105
1,395
10,2832
10,2699
1,252
1,382
10,2213
1,226
10,2179
1,421
10,2602
1,292
10,3596
10,2708
10,3304
10,2960
10,2465
10,2211
10,2232
1,258
1,375
10,2203
1,229
6,1312
1,270
10,2246
1,308
10,2197
3,905
10,3775
6,2165
10,2284
10,3285
1,478
10,2273
1,253
10,2851
1,239
10,3192
1,222
10,2081
1,292
10,2396
8,2266
5,1421
10,2427
10,2899
5,2018
1,328
10,1989
1,334
7,2426
1,245
5,1403
1,259
10,3065
1,254
10,2454
10,3095
9,2796
10,2563
2,1533
10,2774
1,271
5,1889
9,2406
7,1673
10,3289
1,327
1,252
3,1317
1,275
3,1060
10,2043
10,2130
1,450
9,2484
5,1303
1,350
10,3046
1,346
1,336
10,2397
1,408
1,239
10,3291
1,227
10,2606
10,2644
10,2613
1,263
9,13078
5,1570
1,375
1,465
1,318
1,260
5,1317
1,271
1,243
5,1547
10,2252
7,2854
1,368
2,825
1,548
1,579
10,3037
10,3115
10,2552
1,686
1,388
7,1680
7,1764
1,423
7,1759
10,2344
10,2738
1,332
1,577
1,288
10,3442
10,3529
1,361
3,1112
9,2349
1,284
5,1283
1,242
1,395
10,3189
10,3460
10,3055
1,402
10,2999
1,320
10,2830
1,310
1,388
9,2900
10,2594
1,346
10,2975
1,325
1,257
10,5606
9,2919
1,599
7,1598
10,3580
4,1133
5,1226
5,1850
1,276
10,2186
10,3603
1,275
10,3459
1,281
1,234
1,366
10,2475
1,448
1,261
3,816
1,251
10,2966
10,2188
1,276
10,2139
10,3133
1,283
2,911
1,420
10,2689
1,268
10,3085
10,7435
1,246
8,1772
1,274
10,2467
3,943
1,387
7,2479
1,381
1,362
3,1312
1,272
3,1020
1,232
1,497
1,265
1,220
10,2345
1,340
3,810
9,2855
10,2153
10,2689
10,3106
10,3275
5,1431
1,275
9,2193
1,260
3,931
1,231
1,223
10,3133
1,312
5,1603
10,2121
10,2130
10,2505
3,979
1,286
3,1431
1,261
10,2084
5,1135
10,2406
1,267
1,234
7,1717
1,433
10,3371
10,2367
10,2201
10,2682
5,1452
1,465
8,2302
10,2151
7,1811
1,325
10,2267
1,236
1,253
1,386
10,2663
1,336
10,3357
5,1658
10,2386
10,4461
3,962
9,3024
5,1292
1,266
1,325
9,2151
1,250
1,467
1,226
10,3265
10,2655
7,1513
10,2476
1,364
7,2515
1,474
5,1106
10,2135
10,2287
1,337
10,3099
1,266
10,2336
1,240
10,2921
1,360
1,361
10,3284
1,475
10,3457
10,2248
10,2187
1,388
1,423
1,228
10,3125
1,329
9,2179
1,242
10,2417
1,262
1,242
5,1315
5,1260
10,2211
10,2480
7,1715
10,3274
10,2094
1,306
7,2629
1,260
10,2753
1,222
10,2318
1,254
1,237
1,322
1,616
5,1502
10,2400
10,2427
9,2998
9,2772
1,253
1,384
4,969
1,363
1,243
3,1013
1,266
1,233
3,762
10,3174
10,2660
10,3673
1,521
6,1599
10,2302
1,377
1,463
10,3199
10,3178
1,240
10,3561
1,252
1,269
10,2829
1,603
10,2755
9,3528
1,455
10,2954
10,3093
9,1841
1,500
10,3001
10,2810
1,224
10,3287
1,243
1,264
9,5841
1,304
1,472
10,2232
1,348
10,3270
10,2857
10,2737
1,359
6,1526
8,2337
1,255
7,1720
1,341
1,229
10,2334
1,249
10,3289
10,2078
10,3337
4,1081
3,718
10,2830
1,255
10,2279
10,3496
1,230
10,2857
1,377
1,490
10,2883
1,256
9,2975
10,2669
1,473
10,2575
8,2219
9,2602
1,285
10,2234
10,2559
10,2826
10,2479
1,325
1,339
7,1787
1,242
1,383
5,1638
1,508
10,3014
10,3295
9,4185
10,2302
10,3204
3,1052
1,284
10,2431
7,1910
1,247
10,3050
1,242
1,430
10,2682
10,3274
4,1531
10,2312
1,319
1,328
10,2412
2,593
10,2074
5,1537
1,459
10,3108
10,2276
1,251
1,367
10,2590
1,906
7,1940
7,2325
1,381
1,365
10,3071
10,3387
9,2595
10,2168
8,2447
10,2084
1,377
10,3145
6,1679
10,2643
1,322
10,2993
1,415
10,2507
9,2431
10,3348
5,1394
9,2672
10,3000
3,860
10,2978
1,507
10,2061
1,392
6,1767
1,312
7,2681
1,277
10,2325
1,250
5,1648
7,1629
10,3001
1,394
9,2819
5,1839
1,383
5,1276
10,2722
1,593
1,319
1,474
1,288
10,2322
1,249
10,3430
10,2521
1,526
1,261
10,3581
10,2573
1,289
10,3229
1,255
5,1353
1,451
10,3403
2,448
10,2705
1,259
5,1336
10,2133
8,2087
1,373
2,905
7,1722
1,263
2,696
1,338
1,329
1,326
1,481
1,267
5,1226
1,292
10,2620
1,442
10,3416
1,557
10,2775
5,1281
1,318
10,3481
1,257
1,272
1,240
1,392
1,286
10,2375
10,3335
10,2465
10,2758
10,2596
1,366
10,2685
10,2145
10,2332
3,779
1,226
1,267
9,2560
6,1288
1,249
5,2113
10,2899
1,373
1,272
3,977
5,1349
7,1650
10,3165
1,647
8,2572
1,251
1,440
10,2191
1,214
1,233
5,1808
10,2249
10,2410
1,330
2,624
1,369
10,2187
2,675
1,351
10,2225
1,244
1,254
9,2731
3,955
1,260
10,2252
8,2020
1,321
1,327
10,2372
1,505
10,2598
3,1119
1,261
10,2308
10,3325
1,357
1,538
1,355
1,266
10,3130
10,2840
1,308
5,1154
10,2037
1,479
5,2020
10,3559
1,327
7,2377
10,2621
1,389
6,2109
1,371
1,308
1,430
10,3288
1,515
1,242
5,1374
1,472
10,2411
3,756
10,2104
10,2191
4,989
1,364
10,3404
1,406
10,3052
1,238
2,684
1,379
1,323
7,1688
1,249
10,3613
8,2744
10,2027
10,3026
10,2360
1,809
10,3310
1,273
5,1203
1,330
5,1447
1,419
1,245
10,2336
10,2232
4,1151
10,2277
10,3332
1,333
4,1432
10,3031
3,874
1,243
10,2191
1,267
10,2513
1,311
1,245
10,3521
10,2372
5,1231
10,2084
7,2431
10,2391
7,4444
1,466
4,1141
1,297
10,2173
1,297
10,1991
1,391
1,241
5,1335
10,3223
10,2575
10,3310
10,2880
9,2566
10,2639
4,1359
7,1605
10,2100
5,1779
5,1549
10,2382
1,494
1,304
1,401
10,2370
1,499
7,1853
10,2645
1,552
8,1979
3,1162
5,1829
3,867
10,2381
1,353
10,2177
1,570
10,2821
1,247
3,1007
1,305
1,315
3,777
1,371
6,1342
9,2398
7,2329
10,3452
1,403
1,240
5,1474
1,314
6,1520
1,227
10,3208
10,3074
1,359
2,637
1,343
10,2288
10,2766
10,2194
3,1207
10,2682
1,323
10,2287
4,1590
10,3578
1,237
9,2356
1,247
1,641
3,1077
9,2513
3,951
10,2151
3,713
7,1843
1,367
1,248
1,351
10,2527
4,1505
1,284
10,2052
1,233
1,296
8,1940
1,419
2,642
10,2391
10,2405
10,3113
9,3015
1,240
1,425
9,2191
10,3216
1,244
7,2450
1,233
1,249
10,2866
10,2517
10,3332
7,1527
5,1340
10,2841
10,3230
1,257
1,268
6,1483
10,3182
1,277
1,344
1,294
1,251
10,3380
1,341
10,3448
10,2233
10,3081
10,3472
10,2183
3,796
1,237
10,2413
2,716
1,273
10,2351
1,248
1,233
10,3146
1,448
2,576
10,2880
1,401
10,3291
9,2477
10,2140
1,404
10,2189
10,2129
1,255
1,469
1,342
1,250
7,2148
1,267
10,3335
10,3463
1,691
10,2187
4,941
10,2938
9,2950
10,2831
10,3042
1,248
10,2333
1,281
1,284
10,2538
1,253
1,421
5,1881
10,2615
10,2702
2,596
9,2827
10,3396
10,2138
4,1342
10,2504
9,2257
6,1291
1,243
1,403
1,258
8,2344
10,2978
1,336
6,1523
10,2965
10,2636
1,367
10,2222
8,2020
1,501
9,2807
2,1011
10,2742
10,3295
1,260
1,613
10,2762
1,382
10,2809
6,2384
7,1702
1,343
10,2569
10,2941
10,3550
10,2087
1,797
1,534
1,268
10,2335
1,432
10,2047
1,407
10,2661
10,2858
10,2590
1,361
5,1246
7,1927
6,2179
10,2862
10,3365
10,2117
1,268
10,2287
10,3383
1,429
10,2449
1,413
1,376
10,2078
1,243
10,3592
6,1367
9,2376
1,331
3,1183
9,2762
1,261
1,427
1,436
9,2472
1,356
10,2595
1,270
10,2124
1,281
5,1916
8,2391
10,2284
1,226
8,1909
9,2370
1,538
10,2755
1,358
5,1599
1,303
1,449
1,259
10,2576
1,265
10,2841
10,3219
4,1032
1,236
10,2274
10,2612
1,392
3,950
10,6367
1,352
1,439
10,2957
1,252
5,1298
10,3765
10,2691
1,493
2,578
1,324
10,3139
6,1491
9,2304
10,2329
1,303
1,319
1,363
1,360
8,1732
10,2861
10,2972
1,585
1,308
10,2831
1,254
10,3472
1,247
1,275
5,1757
1,261
1,235
1,253
1,635
1,223
7,1660
10,2103
1,559
10,2407
10,3231
1,288
7,1929
10,2838
1,393
7,2371
1,239
1,229
1,276
4,1391
1,231
5,1209
2,716
1,522
1,557
4,1452
1,243
1,509
10,2527
1,403
10,2168
1,273
1,246
9,2343
1,318
1,224
10,2134
10,2827
10,3379
1,452
8,3087
1,270
10,2566
4,1463
1,274
10,2206
1,244
1,227
10,3144
1,465
1,240
10,3247
1,405
1,463
1,717
10,2161
1,283
9,2892
3,781
1,271
5,1363
10,3275
1,261
6,1827
1,308
1,252
1,479
10,2876
1,261
3,799
10,3274
1,255
9,2836
10,2187
10,2119
10,2277
10,2227
1,252
4,977
1,299
1,228
1,263
8,2553
1,252
1,310
7,2013
1,341
10,3031
5,1249
10,2220
10,2999
10,3045
1,224
10,2222
1,242
10,3193
1,273
7,2655
1,296
1,251
6,1699
10,3518
10,3238
7,1871
10,2976
1,418
5,1541
10,2974
10,2672
1,258
7,2248
1,471
9,2624
1,340
1,252
8,1897
10,2722
1,481
10,2334
6,2293
10,3405
10,3677
2,976
4,1407
1,242
7,2296
3,1203
10,3444
1,258
1,254
10,2360
10,2158
4,1256
10,2377
10,2567
9,2866
10,2729
1,623
10,2694
10,2319
10,3192
1,376
7,2251
1,268
1,248
3,844
10,2515
10,3316
5,1361
10,3187
1,366
5,2281
3,915
7,2905
9,1986
3,933
2,681
10,3187
2,603
2,680
1,396
5,1704
1,419
10,3003
4,1121
1,310
10,4160
8,1931
10,3473
6,1571
3,1008
1,249
2,686
5,1251
10,2773
1,295
10,2895
1,325
1,249
3,829
6,1925
1,275
10,2273
6,1861
4,1191
3,1343
1,276
3,1229
8,2404
10,2824
1,272
10,3426
1,448
1,271
5,1433
1,274
10,3666
10,2071
7,1554
10,3005
10,3261
1,253
10,2621
10,3751
10,3896
2,672
10,2478
1,299
1,319
7,1860
10,2281
1,446
10,3231
10,2210
10,3602
10,2789
1,247
3,925
5,1470
10,4775
1,241
5,1943
10,3152
1,338
10,2617
1,333
9,2108
7,2221
3,1190
10,2924
8,1873
1,240
1,545
10,2320
10,3684
1,241
10,3075
1,260
1,327
10,3430
1,251
9,2345
10,2529
10,2423
10,2182
7,2085
3,993
1,252
10,2277
2,650
1,251
1,382
1,266
1,256
10,3129
1,362
4,1186
1,521
3,1079
1,464
10,2217
10,2100
1,254
1,402
10,2605
1,282
10,2452
1,287
1,356
5,1418
1,302
10,3380
10,2067
1,389
10,3152
10,3380
8,2702
1,255
10,2785
10,2946
1,353
9,3133
1,270
1,348
10,2573
1,261
6,1913
9,2892
1,308
10,2608
2,694
10,2839
1,255
10,2275
5,1779
1,354
6,2098
1,244
1,374
1,383
1,362
1,394
9,3076
1,246
8,2296
6,1737
7,2157
1,242
9,2105
8,2142
1,334
10,2628
1,252
1,266
1,624
9,2024
1,410
10,2339
1,320
9,3603
2,692
10,2509
1,275
10,3095
10,3567
10,2378
10,2285
3,920
10,2792
10,3391
1,346
1,318
10,2318
1,249
10,2394
10,3574
10,2958
1,278
9,2572
10,2910
3,822
1,371
6,1591
1,339
1,497
10,2170
1,375
10,2083
1,231
1,372
4,1582
1,375
1,351
10,2685
5,2010
10,3308
1,266
10,2260
10,3346
1,600
4,987
10,3258
1,357
1,249
1,273
10,2669
10,2081
8,1910
1,489
10,2369
10,3336
1,269
5,1357
9,2369
9,3091
1,369
1,353
1,319
1,282
1,248
1,367
10,2079
1,418
10,2263
10,2252
7,1991
1,299
7,1614
6,1885
1,461
10,2857
10,3324
1,385
1,433
1,426
1,394
9,2880
10,2650
1,539
1,365
10,2583
1,302
10,2185
10,2906
1,333
4,1435
1,263
8,1836
10,2424
10,3480
1,399
9,2062
10,3657
10,2786
1,323
2,662
1,268
10,2794
4,1097
1,370
10,2497
1,362
1,326
1,464
1,360
1,292
10,2373
10,2834
1,446
1,238
10,3121
1,275
10,3652
10,3278
1,392
7,2354
1,312
1,350
10,2773
1,343
1,302
6,1582
10,2148
1,503
1,284
5,1913
4,1199
5,1480
10,3314
1,384
6,1789
1,233
1,324
3,975
10,3338
8,1872
1,315
2,808
10,2172
10,2581
10,2820
1,473
1,454
4,1113
1,320
8,1868
1,234
1,321
7,2405
1,547
1,353
10,2709
10,2978
1,253
1,793
8,1948
1,280
10,3539
10,3144
1,349
10,2069
10,2203
1,233
10,4202
1,505
1,321
10,3106
3,827
1,241
1,569
10,2367
1,251
9,2926
10,2556
10,2472
3,1156
10,2214
1,267
10,3109
2,854
1,262
1,357
10,2934
1,350
1,339
10,3485
10,2391
6,1840
7,1849
1,233
2,712
10,2921
1,260
10,2802
1,335
1,265
1,234
8,1844
1,338
1,341
5,1646
9,2268
10,3291
6,2150
10,2712
10,2033
7,3947
1,237
10,3514
1,324
1,237
1,240
7,2415
1,404
1,401
10,2945
10,2355
10,3141
8,1895
9,2073
10,2461
10,3280
10,2847
5,1868
1,294
10,3389
1,218
10,4656
1,240
1,298
10,2121
1,473
4,1210
10,2157
10,2274
3,763
10,2875
3,842
10,2566
9,3335
10,3575
1,332
10,2523
1,237
1,332
10,3015
7,2136
10,2718
1,517
10,2418
1,440
3,731
2,685
10,2893
9,2011
10,3352
1,402
10,2331
3,817
9,2058
1,254
10,3357
1,451
1,504
4,1182
10,3330
1,311
5,1240
10,2272
1,388
10,2362
1,277
10,2225
7,1719
10,2385
1,364
10,3609
1,538
3,873
10,2776
7,2022
9,2803
7,1854
5,1847
6,1666
1,486
4,1034
4,1245
7,1786
10,2807
1,385
7,1877
1,357
1,577
7,1981
1,2854
10,3149
10,2346
10,2345
1,380
9,2043
1,228
1,277
10,2539
10,3457
1,242
10,2128
1,268
10,2408
6,1460
10,2532
3,1004
10,2307
10,2197
4,1343
6,1496
1,232
10,2082
3,754
10,2313
1,240
3,1131
1,445
1,347
8,2397
1,285
9,2470
10,2881
1,407
10,3374
10,2315
3,858
1,509
10,2190
2,784
1,233
3,785
1,396
1,454
10,2213
10,5216
1,424
5,1598
10,2285
10,2779
8,1767
1,331
1,258
10,3374
10,3293
1,266
10,2731
10,3395
1,277
10,3722
1,370
4,1256
10,2486
1,490
10,2626
4,1407
5,1452
1,246
1,583
10,2573
1,245
3,1063
1,477
1,261
3,1314
1,309
7,2515
1,461
1,274
9,2694
10,2269
10,2069
1,336
10,2587
7,2295
1,268
7,2597
4,1165
1,402
2,699
1,286
1,410
10,3254
1,241
1,506
10,2445
7,1682
1,350
10,2676
8,1801
1,249
10,3413
10,3401
1,279
10,2507
1,256
10,2335
9,2780
1,256
10,2161
2,702
10,2018
1,329
9,2987
10,3401
1,239
10,3370
1,294
1,270
3,640
1,245
6,1791
6,1974
1,239
10,3137
8,2082
5,1242
1,236
10,3508
3,989
9,2160
10,2664
1,328
2,488
10,2408
1,267
1,497
10,2627
1,238
8,2001
3,1223
10,2259
1,307
6,1964
10,3417
6,1434
10,2759
1,258
10,3605
7,2707
8,1894
1,519
10,2225
1,243
9,3022
10,2890
10,2497
6,1512
10,3284
9,2161
10,2692
1,272
7,2161
3,670
1,320
1,223
1,495
10,2648
1,231
10,2224
2,817
1,402
1,573
4,1108
1,468
10,2795
1,282
10,3182
10,2126
1,506
10,2096
10,2489
1,490
1,532
1,311
10,2724
10,2220
1,253
8,1757
10,2887
4,1513
1,631
6,1684
7,3840
1,459
2,571
10,3369
1,251
1,426
1,282
1,252
10,2102
9,2081
1,268
1,268
10,2494
1,391
10,3289
10,2733
7,2333
10,3139
1,254
1,288
10,2387
1,264
7,2407
9,2886
10,3319
1,291
1,251
2,829
1,251
10,2933
10,2850
1,347
6,1943
1,324
1,340
9,2141
1,241
1,474
6,1687
10,3008
10,2228
1,264
10,2361
1,413
10,3362
10,3368
1,395
10,2950
1,303
4,1034
6,1499
1,251
1,286
10,2217
10,2195
1,474
1,363
10,2569
1,388
3,695
10,2842
1,382
10,2890
1,249
1,227
4,1434
1,697
1,390
4,1402
3,756
1,288
6,2291
8,2068
1,294
3,1181
6,1554
1,269
4,1552
1,312
1,237
10,3192
10,3015
1,350
10,2174
10,2221
1,350
1,326
7,2383
1,501
10,3913
10,2805
1,250
10,3216
1,250
2,4322
10,3505
10,2694
1,370
1,326
4,1285
1,252
3,839
9,2800
1,271
7,2159
10,2644
1,348
1,320
1,260
1,224
1,430
1,727
1,365
1,347
10,20580
1,219
1,412
3,1097
10,2286
10,6657
10,2541
10,2909
10,2334
9,2654
1,540
10,2604
1,501
1,244
1,310
7,1810
1,385
1,464
10,3523
8,1732
10,2461
4,1143
1,350
1,573
10,2373
1,446
10,2940
2,785
1,239
1,354
6,1946
1,305
1,372
10,2723
10,2712
10,2174
10,2162
10,2034
9,2134
10,3307
1,350
7,2110
1,347
1,388
10,2335
10,2707
10,2195
1,257
1,451
2,530
10,2969
10,2010
3,883
9,2365
8,2962
10,3050
9,2042
1,308
10,2522
1,247
10,2848
1,305
1,421
10,2100
10,3168
1,375
1,454
10,2559
6,1431
10,3252
4,1592
10,3702
4,1078
10,2415
1,279
10,3370
4,1190
4,1147
10,2965
10,2785
1,374
1,419
10,3038
1,600
10,3614
8,2178
10,3813
10,3073
9,2041
1,318
9,4268
2,653
7,2180
3,806
10,3040
1,350
1,415
10,2447
10,2538
2,906
7,2768
3,898
6,2036
10,2479
1,433
4,1038
10,2995
10,2829
1,296
10,3662
1,248
1,440
5,1046
1,334
4,1050
6,1883
9,2445
6,6832
3,827
1,389
10,2570
8,3853
1,381
1,250
10,2060
1,233
10,2241
10,2941
4,944
10,2549
8,2235
10,3192
10,3621
1,532
10,2327
3,1063
6,2883
10,3136
1,267
1,418
1,256
1,526
5,1480
1,396
10,3138
10,2898
1,451
10,3049
7,1829
1,380
1,345
10,2053
10,3407
1,226
9,2936
1,373
1,373
10,2251
10,3176
5,1764
3,1088
3,873
4,1351
6,1605
4,1009
1,351
2,801
9,2198
1,256
6,1692
1,380
1,247
10,2312
1,277
6,2056
10,3213
10,2329
6,2574
1,395
7,2116
1,260
10,2420
2,864
1,264
4,1631
1,388
1,271
10,2538
10,3382
4,1262
2,877
1,398
4,1527
10,2662
10,2162
1,289
3,1050
10,2400
1,245
10,2799
1,428
1,286
1,355
1,407
5,1532
10,3146
1,338
5,2904
4,1097
6,1403
1,246
10,2785
10,2389
1,339
10,2817
10,2893
1,264
9,2472
1,359
10,5443
3,936
1,269
2,865
10,3434
8,2878
1,263
10,2573
8,1812
1,259
10,2307
10,2592
1,233
6,1364
1,282
1,461
10,2424
1,328
8,5878
10,2396
3,884
1,243
7,1996
8,2157
1,244
10,2454
6,1669
9,2114
6,2003
1,283
6,2020
7,2331
1,303
1,437
9,2706
10,2506
1,228
10,3053
10,3332
7,1771
1,282
1,505
6,1448
10,2783
1,288
5,1523
10,3802
1,336
10,3272
8,1787
2,614
1,229
10,2528
2,708
6,1994
1,227
10,3780
10,2072
1,278
7,1637
1,350
10,4212
1,262
5,1446
2,637
10,3305
1,309
10,3233
10,2461
1,474
1,227
10,3207
4,1411
1,365
1,242
6,2255
10,2336
1,262
10,6121
10,3303
2,645
1,290
1,640
10,3402
10,2566
1,224
4,1103
10,2579
1,450
10,2182
1,458
10,2528
1,254
2,2141
2,834
10,2373
6,1421
1,399
1,348
10,2978
1,272
10,2382
10,2434
1,385
3,937
10,9919
1,485
1,305
1,449
10,3042
10,2859
7,1574
8,2108
1,622
4,1446
1,234
9,2284
1,365
1,405
10,3737
1,458
1,247
1,281
8,3931
1,261
8,3007
1,360
1,326
10,3567
9,2992
1,234
10,2607
10,3334
4,1499
8,2191
1,541
1,289
9,2218
1,640
1,292
10,3742
10,2374
1,351
1,489
2,648
1,332
6,1564
10,3042
1,366
10,3329
1,412
1,285
7,1793
9,3017
1,349
10,2798
10,2736
1,302
1,643
10,2354
1,326
1,286
8,2379
1,302
10,2582
1,441
1,309
6,1445
1,364
1,377
10,2217
9,2251
10,3399
1,529
10,2839
1,262
10,2949
9,2603
1,427
2,643
1,519
2,487
10,2658
1,581
1,307
1,415
2,884
1,317
10,3343
8,2682
10,2772
4,1165
10,3000
1,345
1,307
1,441
1,251
4,1960
10,3628
1,248
1,308
10,2456
1,250
5,1659
8,2304
7,2132
10,2671
10,2725
1,230
9,2752
1,351
1,247
10,3170
1,711
1,375
1,305
4,1664
1,411
1,346
10,2187
10,3307
9,2542
2,616
10,2179
10,2546
4,1567
1,246
1,573
10,10427
1,254
1,240
10,2184
1,374
1,469
2,892
3,1116
10,3447
9,3106
10,2254
3,1071
5,1781
1,299
10,3501
1,580
1,490
1,452
8,1787
1,257
1,538
10,3582
10,3263
10,2750
10,2460
4,1049
9,2371
8,2658
1,234
10,2740
1,427
8,1970
1,344
6,1549
10,2283
1,396
10,2252
10,6612
1,453
1,264
1,304
1,607
10,3435
10,2523
8,2561
1,270
1,310
1,480
10,2339
6,1774
1,423
10,3416
10,2804
1,310
1,379
10,2645
7,1602
2,1015
5,1647
9,2151
3,1060
10,2416
10,2721
10,3387
2,569
5,1900
10,3559
9,3395
1,286
1,317
10,2996
6,1477
1,515
8,2581
10,3268
1,248
10,3130
1,384
10,2631
10,3386
6,1520
5,2201
10,2667
1,272
1,287
9,2729
1,533
10,3470
10,2525
10,3589
1,254
10,2216
1,351
10,3289
1,432
10,3513
1,608
3,1164
1,257
1,286
7,1630
1,355
10,2391
5,1989
2,701
10,2484
10,3701
1,399
4,1646
10,2730
4,1532
1,468
1,490
1,248
3,942
10,2618
1,407
10,7452
10,3015
10,3024
7,2447
5,1942
10,2199
10,3419
4,1291
10,3375
1,450
7,2199
1,264
10,2363
3,769
10,2907
3,1159
10,2082
10,3579
8,2299
5,2024
6,1491
6,2065
10,2271
5,1795
1,580
6,2013
1,362
1,507
10,3521
1,532
10,3034
1,484
1,401
1,368
6,2117
10,2807
1,520
1,445
2,823
1,472
1,310
1,407
1,350
9,4277
1,304
9,7418
10,2764
5,1728
8,3458
10,3483
10,3419
1,585
9,2387
8,2564
1,433
1,403
1,388
1,277
10,3903
4,1340
3,3897
9,2503
10,3438
2,576
4,1558
4,1139
1,512
5,1181
10,2967
1,418
4,1484
10,3357
1,249
3,833
1,475
7,1942
6,1613
1,412
9,2287
5,1926
10,2095
1,340
9,2114
5,1454
1,401
10,3180
8,2041
1,245
1,392
1,357
8,2148
10,2077
5,1582
10,3590
10,3308
1,475
1,463
10,2471
10,2680
1,391
10,2548
10,2725
1,458
7,1959
10,3209
7,1793
4,1448
6,2695
10,4115
5,1822
10,2465
1,611
5,1158
2,768
1,851
9,1950
3,1186
1,361
6,1596
10,3018
8,2712
10,3067
9,2579
2,759
10,3508
9,2442
6,2413
10,2545
8,2811
5,1956
9,3131
10,3200
7,1655
1,318
1,243
10,2598
10,2318
1,352
9,2596
8,2759
4,1300
4,2526
10,2799
1,378
6,3509
1,273
10,2446
6,1498
1,288
1,355
1,263
10,3237
1,549
10,2740
5,1649
10,2183
1,681
10,2445
10,3390
10,3369
1,234
2,462
9,2187
1,346
1,280
1,384
10,3423
1,378
10,3049
2,842
10,2560
1,387
1,631
10,3431
4,1589
1,254
9,2804
4,1354
10,3749
1,237
2,531
1,379
1,360
6,1525
10,3403
6,1742
1,398
1,381
10,2322
6,1950
1,237
7,2245
10,3472
1,352
7,2037
1,299
1,267
1,908
6,1602
1,706
10,2999
1,362
1,489
1,637
4,1311
1,265
10,2460
10,3008
1,418
9,2148
1,270
1,252
1,390
1,477
1,366
10,2156
10,9909
7,1892
1,459
5,1989
1,259
1,424
1,417
10,2625
3,886
1,236
1,245
1,389
10,2222
1,365
1,530
10,3563
1,540
1,306
8,2894
1,289
6,1461
10,2655
1,328
10,3192
1,282
1,257
4,1401
1,418
1,378
10,2389
5,1745
1,398
1,502
2,889
1,244
3,740
10,2389
1,384
8,2876
1,280
1,263
1,427
1,245
1,339
1,282
8,2657
1,282
1,450
10,3544
1,314
1,511
8,1751
1,439
10,2455
10,3412
1,256
1,434
1,244
1,283
1,325
2,843
1,264
1,317
5,2344
1,238
10,3626
9,1955
4,1461
10,2554
1,849
1,258
10,10049
4,891
1,469
1,249
10,3911
10,2553
1,573
2,795
10,2873
4,1385
10,2300
1,358
2,619
9,2471
3,822
6,2720
1,628
1,254
1,238
5,2144
1,305
10,4647
10,3469
7,1458
10,2966
10,3024
1,276
4,867
1,289
1,354
5,1758
1,530
1,390
1,343
2,787
1,245
1,373
10,3573
10,2389
7,2017
2,649
1,370
10,2028
1,264
1,250
4,1235
1,453
1,359
1,573
1,506
1,238
9,3237
8,2920
3,809
9,2086
10,3363
1,339
10,3372
10,2612
10,2727
8,2620
1,442
2,670
1,547
8,3616
10,2700
1,630
1,530
10,3817
10,2946
10,3248
9,1941
5,1757
2,728
7,1681
2,1159
1,332
5,1361
1,369
10,3267
3,1119
3,1266
10,3463
10,3682
1,465
1,382
9,2698
6,10096
1,496
7,1923
2,965
1,345
1,510
10,3363
10,3586
8,3357
1,614
10,2467
10,2661
1,352
1,410
1,471
6,2007
10,3434
3,1315
5,1944
4,1436
8,2785
1,299
10,3853
10,3309
1,567
10,3421
10,2073
1,274
1,408
10,2891
5,1393
3,918
10,3121
10,3328
1,387
10,3342
8,2389
10,2872
1,442
7,1773
9,3974
10,3344
1,372
5,1681
10,2928
1,1394
10,3095
9,2711
8,2772
10,2734
10,3155
9,3496
9,2553
2,608
10,2488
3,1042
5,1905
1,345
10,3054
9,2373
1,388
6,2159
10,2179
1,519
7,1718
10,2864
1,478
8,2473
10,2532
8,4403
1,389
5,1674
1,244
1,331
8,2250
1,489
7,1939
3,839
10,7488
10,2942
9,3291
10,3925
3,1048
9,2452
9,2692
1,334
6,1994
1,332
1,397
10,3246
10,4883
10,3104
10,3194
10,8224
3,904
3,1169
10,2807
10,3204
3,843
10,3464
1,398
1,471
1,241
1,309
2,992
1,943
7,1630
1,429
10,2752
2,558
1,383
2,550
1,477
9,2620
2,605
1,341
10,3158
1,246
1,415
10,2739
1,486
10,3242
7,1687
9,5095
10,2248
8,1908
10,3570
1,290
1,442
9,2459
1,246
4,1182
1,413
1,266
10,3395
1,402
4,1351
6,1880
3,1100
10,2478
7,2176
3,961
1,244
6,1606
10,3160
1,276
9,7601
10,3247
1,399
10,4020
4,5347
10,2225
1,389
3,1238
8,2269
8,2605
10,2380
1,265
7,2091
10,2953
1,277
1,521
10,2226
1,445
6,1858
1,654
3,1219
10,2169
10,3389
10,2623
2,762
1,395
1,442
10,2504
6,1562
1,238
6,2399
8,1837
5,1688
4,1533
10,3150
10,2556
4,1089
1,600
10,4474
9,6199
7,1679
1,403
4,1469
1,311
1,364
1,383
6,2131
6,2017
6,2191
1,388
10,3161
10,3293
1,303
10,3321
10,3120
5,1316
1,379
10,3541
10,2248
1,251
1,487
10,3348
4,1534
1,451
2,731
1,303
10,2743
1,303
10,3468
10,2464
9,1917
1,304
10,3155
6,1825
1,397
1,368
2,733
10,3299
1,463
1,396
10,2370
10,2384
1,480
10,4354
2,646
1,360
1,358
10,3509
4,1457
7,1866
1,386
10,2339
6,2065
10,3148
1,356
1,354
9,1824
1,251
2,976
10,2900
10,2099
2,454
1,377
10,2777
9,3026
1,359
10,3334
10,2759
1,354
6,1983
1,353
1,431
1,246
3,1114
9,3638
5,1659
1,256
1,243
1,369
8,2878
1,828
4,1182
4,1442
1,455
4,1131
1,283
1,251
1,224
10,3476
10,2535
10,3027
1,388
1,254
10,3012
9,2603
1,418
10,3253
5,1842
5,1778
8,3766
1,258
1,271
1,235
1,534
10,3235
9,2547
7,1889
1,270
1,359
1,580
4,1941
2,798
2,816
1,376
8,4294
1,236
1,243
1,501
1,369
1,364
1,361
8,2694
1,254
1,246
10,2894
1,377
6,1893
8,2790
1,401
10,3379
1,351
1,243
1,440
1,281
1,366
10,2283
9,2867
1,269
1,226
2,633
1,379
4,1377
5,1392
4,1644
2,977
1,366
1,269
7,1920
8,2135
1,407
1,269
10,3244
7,1470
1,613
9,2997
5,2056
10,13174
2,763
1,1750
10,3040
1,361
1,234
7,2647
1,295
1,241
1,233
2,816
1,634
1,486
10,2655
8,2681
8,2809
10,3596
1,458
1,864
10,3020
1,267
9,2953
1,434
6,1214
1,221
9,2618
10,2188
1,431
10,3070
2,785
6,2401
8,2553
1,392
10,3057
1,359
1,371
10,2436
1,362
1,516
1,224
10,2422
1,550
1,303
3,810
10,3685
4,1286
1,491
9,2477
10,3296
10,2543
1,234
1,337
1,426
1,272
1,233
10,3112
1,400
1,319
10,2426
5,1715
5,2065
10,3324
1,487
3,1248
10,9624
2,692
10,2332
1,349
1,245
1,217
3,789
1,356
1,304
1,276
2,856
8,8241
10,3306
1,466
10,3695
10,2662
10,2667
9,2559
1,292
1,264
1,210
3,815
10,2713
10,2747
10,2767
8,2731
1,771
10,3281
5,1289
9,3164
2,1779
8,2686
10,2872
1,471
1,256
1,444
1,359
8,2974
4,894
6,2421
1,251
2,912
1,469
5,1736
3,1337
10,3411
8,1870
10,3357
1,396
1,277
1,335
6,1706
3,792
10,2683
7,2243
10,3333
1,432
1,455
2,878
7,1821
3,903
2,834
6,1633
7,2606
1,385
10,2152
7,2341
10,2596
2,558
10,2397
10,4005
1,413
1,438
10,2463
1,471
2,774
10,2808
1,384
6,2131
6,1839
1,344
7,1995
2,607
10,2747
4,1555
10,3237
1,402
1,488
10,3423
8,2828
7,1833
10,2383
10,2487
10,3478
4,1509
9,1942
10,2290
4,1015
10,2928
10,2374
10,3567
1,292
9,2992
5,1719
7,1700
6,1956
10,2754
4,981
6,3350
10,2249
8,2781
10,3360
10,2932
8,2218
1,409
9,3165
1,365
3,676
8,2753
1,409
10,3345
5,1651
6,1546
3,1293
10,3446
10,3019
4,954
10,2605
10,2615
1,245
3,4060
1,416
1,311
1,428
8,2443
7,1959
10,3673
10,2347
4,1482
4,1024
10,3049
10,2621
5,2582
10,12491
1,518
1,338
1,295
10,7125
10,3286
1,595
9,4926
5,1832
10,2238
10,3766
10,2616
2,636
10,2397
6,1732
10,7752
1,415
7,1834
1,378
1,402
10,3656
1,499
4,1387
6,2030
4,1619
5,1400
2,580
10,2644
10,2629
4,1582
10,10628
1,407
9,2432
1,410
1,373
10,3374
1,411
6,1723
10,3202
4,1244
7,2585
10,2129
5,1652
1,340
5,2027
3,865
10,2888
3,802
10,4514
1,404
9,5454
9,2333
3,11554
4,1828
10,3345
5,1727
8,2758
10,3831
1,270
10,3595
10,3691
1,258
8,2166
10,4354
1,391
10,10715
1,549
5,1899
10,3362
10,2190
10,4559
10,2480
1,496
1,266
6,2069
3,1103
1,369
1,445
2,728
1,296
3,1026
2,648
1,441
8,2785
1,390
10,2695
10,2437
5,1762
1,277
10,3528
1,640
1,358
9,2195
5,1847
8,2625
1,452
1,268
10,2928
1,473
1,266
3,1173
10,3479
4,1707
1,244
6,2090
7,1696
1,344
10,2767
8,2255
8,1815
8,1841
1,553
7,2045
6,2064
1,300
10,2513
10,3711
9,3090
1,262
1,641
1,321
1,282
7,1594
3,1180
7,1455
7,1524
1,366
1,279
1,412
1,250
10,2932
10,3230
10,3058
1,368
4,1294
1,393
4,1025
1,437
10,2642
2,799
2,457
10,2831
1,296
1,357
1,260
10,3849
10,5490
6,2005
1,354
5,1268
10,2720
10,2282
1,242
10,3161
2,861
8,2187
1,402
1,302
1,261
1,339
2,500
10,3318
6,1982
1,246
1,287
1,449
10,3569
2,652
10,4794
10,3008
1,284
1,391
1,297
1,345
1,241
10,2505
1,546
4,1452
1,265
1,361
1,264
6,1897
1,553
10,2892
10,3228
1,264
10,3293
1,431
1,297
1,231
1,365
1,351
5,2109
2,602
1,593
1,279
10,2727
1,469
7,1774
9,2327
1,486
10,2416
5,1704
1,251
1,262
10,2411
1,362
2,902
10,3309
1,640
1,357
10,11552
1,310
1,388
10,2727
1,527
2,557
1,412
1,258
1,235
1,417
1,387
1,379
8,1854
8,2954
1,254
10,7845
1,306
8,2175
10,3154
1,376
10,2967
1,370
1,331
6,1674
1,249
1,415
8,3138
10,3363
1,1048
1,281
10,6148
1,352
2,659
3,841
9,3034
6,1493
1,549
1,398
10,2827
1,229
1,340
1,455
10,3573
2,968
1,391
2,875
1,312
8,2782
1,366
1,376
10,3290
1,397
5,1825
10,2419
1,283
1,552
1,390
10,3577
1,461
1,431
10,3492
1,298
9,2351
10,2375
1,457
6,1585
10,3559
4,1595
10,3374
1,262
3,938
1,410
10,3261
1,570
10,2571
10,3472
1,283
2,744
7,1827
1,388
4,1055
10,3936
2,1182
10,3011
1,344
1,331
1,362
4,1325
1,538
7,2044
3,1357
10,2926
10,3396
6,1550
1,303
10,2292
1,383
2,980
10,3108
8,1744
1,264
1,352
2,801
1,369
9,5423
2,947
10,2750
8,2546
10,2804
2,548
7,2376
10,3020
10,3633
10,3249
1,286
1,270
1,399
4,1671
10,2697
6,2365
7,2421
10,2462
2,650
10,3389
1,340
10,2418
3,899
5,1928
3,1172
1,241
4,1571
10,3301
6,2073
5,1946
3,1225
7,2437
3,873
9,3220
1,440
10,2729
4,1120
10,3408
10,3234
10,3488
1,266
1,552
1,386
2,813
2,977
4,1911
10,3380
6,2088
10,3293
1,369
8,1780
10,2579
1,737
8,3508
3,985
1,258
7,2616
1,246
7,2435
8,3003
1,590
1,508
7,1734
1,357
1,372
2,845
3,867
10,2408
1,516
1,389
9,2649
10,2498
1,246
10,3402
10,3022
10,3486
1,569
10,2848
1,314
1,356
3,988
4,949
10,2593
10,3326
7,1897
8,2236
6,2229
5,1393
6,2087
1,337
7,3048
9,3145
10,3123
1,367
1,311
9,2337
10,2628
4,1627
10,2381
10,2970
10,3540
9,3228
2,739
10,3367
10,3514
6,1729
1,326
10,3323
10,2505
4,1091
10,3024
1,403
9,2685
3,1080
4,1730
2,873
6,2251
10,3720
10,3487
3,1204
10,2672
3,1146
4,952
1,269
1,432
7,1659
1,260
8,3144
9,2899
7,2961
10,3278
3,1552
8,2499
6,2007
10,3481
3,916
6,9562
10,3247
1,256
10,2819
1,424
1,302
10,3139
10,3355
6,2135
6,1834
5,2192
1,623
9,3005
9,2012
10,2394
1,281
2,740
1,224
1,364
10,2405
10,2388
6,2389
8,2221
3,1258
10,3436
10,3369
10,3806
3,1067
3,1083
10,3337
1,355
10,3104
1,383
1,412
6,1656
1,293
2,520
7,2384
10,3288
4,1331
1,516
10,3379
1,459
7,1911
10,2825
1,384
4,1021
1,315
1,460
10,2292
1,405
10,2570
8,2110
9,6508
10,3279
7,1832
9,2764
1,358
1,437
10,2643
1,361
10,3269
1,284
1,317
10,3114
1,452
5,1796
10,2314
1,418
10,3480
5,1193
3,868
1,250
7,1531
1,449
1,350
8,2488
1,356
10,2505
4,1178
1,254
10,2452
2,713
1,324
10,2689
10,3029
10,6849
1,690
7,1744
10,2558
1,364
10,3182
6,1767
10,2272
10,2227
1,247
10,3229
10,3239
1,278
10,3472
10,2858
2,761
1,363
8,2338
4,1226
1,598
6,1372
1,398
10,2174
10,2552
1,243
1,469
10,2177
1,303
10,2786
3,919
1,406
1,417
9,3033
1,374
5,1788
1,427
10,2465
10,3317
2,609
6,1276
1,433
10,2013
1,247
6,2114
10,3221
8,2244
1,290
3,635
9,2863
1,315
1,398
10,2211
10,4956
10,2143
1,236
5,1800
2,700
1,258
10,2678
10,2897
7,2290
1,260
10,2811
1,497
10,3535
1,261
4,1416
2,2067
4,965
10,2122
1,359
1,265
1,308
4,1465
10,3389
8,2692
1,254
10,2466
1,261
7,2407
1,335
10,2086
10,3107
1,281
10,2828
1,369
1,242
1,416
10,3600
10,2985
9,2577
1,413
2,756
1,348
5,1406
1,366
10,3308
10,7153
1,309
10,3459
1,401
1,334
1,313
1,475
1,365
8,1605
4,1432
1,473
1,264
10,2938
1,417
10,2693
10,5483
10,2130
10,3259
1,362
1,326
1,257
1,291
1,260
2,557
1,407
1,244
10,2196
3,832
1,388
2,762
10,3876
1,238
3,1090
1,385
1,265
6,1660
1,256
1,305
10,2471
7,2088
1,267
1,255
10,3430
1,407
10,2437
1,541
1,241
10,2993
1,415
1,290
10,3591
1,247
1,260
2,553
6,1938
1,464
1,261
10,2903
1,386
4,1103
4,934
1,347
4,957
10,6103
1,311
1,371
1,280
1,284
9,2199
10,2980
9,2551
1,284
10,2683
1,373
10,3803
7,2461
1,298
1,318
10,3737
1,311
10,2590
1,311
1,259
10,2683
3,873
1,329
1,326
10,2458
10,3019
8,2059
10,2524
1,365
7,2486
10,4577
1,430
10,3364
4,957
1,234
10,2803
10,2462
1,432
1,322
1,436
10,2352
10,6350
1,305
8,2991
6,1958
1,335
1,263
10,2471
1,299
1,237
1,361
10,3421
1,302
10,2809
10,3140
10,3257
6,2885
1,362
1,1591
10,3410
1,314
9,2479
10,3289
1,328
1,317
1,658
10,3480
1,536
6,1886
10,2435
2,746
10,3459
7,2342
1,319
6,2408
10,2343
10,3041
10,3239
1,252
1,279
1,404
8,2446
1,712
10,2724
4,1224
3,1101
10,3500
1,353
1,372
6,2090
4,1276
1,379
10,2555
1,275
10,2363
1,390
10,2492
10,3015
5,1934
2,546
10,2971
1,590
1,376
10,2109
9,2970
10,3774
10,2109
1,644
6,1852
1,283
1,341
1,452
1,435
10,3842
9,2896
2,637
10,3227
1,412
6,2351
3,1030
10,2567
6,1627
10,3358
9,2803
6,2033
1,310
4,1287
10,3047
10,3363
6,1507
7,2360
1,390
6,1651
2,803
4,1442
8,1824
10,2550
4,1091
10,2401
9,2906
1,248
2,625
3,971
5,2113
8,1920
10,2123
1,617
10,2099
10,3356
4,1454
9,2279
10,3248
2,486
1,446
10,2251
1,274
2,537
1,482
10,3155
1,460
7,2596
1,453
1,247
10,3340
1,421
6,1361
4,1145
9,2293
10,2879
4,1187
1,339
9,2403
10,3084
9,3169
1,373
6,2269
1,564
1,345
2,721
10,3263
10,2798
10,3074
10,3787
7,2156
10,2446
1,260
10,2358
6,1556
10,3219
1,252
3,1321
1,537
1,341
10,3639
1,475
2,546
10,2550
5,1554
1,442
6,1675
3,836
6,1428
7,1718
10,2765
1,361
9,3676
1,719
1,5801
3,862
1,360
1,433
10,2424
6,1770
10,21774
10,2917
1,350
8,1889
7,2216
10,3444
1,316
1,475
1,563
9,9951
6,1510
1,406
10,3302
10,3055
8,2008
3,1062
10,3663
10,2743
10,2783
10,2771
1,546
10,2469
10,3335
1,448
1,368
7,2331
7,2338
6,1379
10,2810
10,2217
9,2119
4,1137
6,1873
10,3449
4,849
10,3386
1,330
4,1456
1,415
3,10103
10,3687
1,409
1,606
10,3718
1,295
10,3993
10,3405
7,2341
1,447
3,985
4,1921
1,243
1,497
3,1246
7,2364
7,1818
1,303
10,2803
10,3439
1,250
10,2452
10,2403
10,2607
1,249
10,3421
7,2648
1,267
7,2345
10,3596
1,617
10,5742
1,260
1,645
10,3514
1,242
4,1401
10,2262
4,1017
1,250
2,666
1,637
1,340
6,1669
9,3168
10,4062
3,1037
1,270
1,375
1,490
1,246
10,6682
9,2768
10,2898
1,241
10,2293
1,538
1,250
10,3505
1,323
3,1278
9,2917
1,493
10,3789
1,355
1,238
10,2355
10,3709
10,2259
1,238
8,3006
6,1391
6,1514
9,1948
7,1604
10,2320
5,1951
1,695
1,455
1,635
1,238
10,3036
10,2953
4,1269
1,237
10,3492
1,242
10,3550
1,411
10,2501
10,3296
1,431
6,2302
1,375
10,3330
1,229
7,5421
1,354
2,638
1,232
10,2438
1,247
10,3433
1,237
10,3705
10,3374
10,3357
10,2460
1,235
1,364
1,248
10,3777
1,279
10,2299
1,231
10,3898
1,313
4,1503
1,227
1,490
10,3234
1,576
1,533
4,944
10,6234
1,235
1,438
1,333
6,1304
1,240
1,566
10,2499
10,2263
1,245
3,1114
10,3091
1,452
10,3815
1,267
1,295
1,230
1,377
1,258
8,5130
1,227
1,403
1,387
10,2515
1,245
6,2094
7,1877
1,307
10,2228
1,309
1,406
5,1393
1,418
1,251
10,3395
5,1775
10,7036
1,611
10,2165
1,233
4,1162
1,364
1,401
3,741
1,264
1,587
10,2583
1,359
1,245
10,3089
10,3729
1,365
1,569
10,3325
1,267
10,2891
10,3181
1,395
10,2584
1,382
1,414
10,3182
1,492
1,332
10,3830
5,1816
1,353
1,294
10,2291
1,265
1,311
3,951
7,2306
10,3295
1,364
1,1023
10,2976
1,424
1,374
10,3050
10,2988
1,510
1,328
10,2790
3,698
7,1852
4,920
1,329
1,443
10,3598
1,415
10,2386
6,1985
1,251
10,3156
10,2761
10,3386
10,2200
4,976
1,264
6,2031
9,2046
1,478
10,2993
9,3002
10,3470
10,2346
1,527
1,277
1,336
10,4083
1,562
3,695
10,2320
1,300
10,3658
10,2141
1,461
4,979
10,2437
4,1421
10,2979
1,563
10,2507
1,410
10,3124
2,1500
10,2634
2,721
10,3323
9,3059
1,331
1,355
9,3238
10,2917
7,2540
10,2475
1,533
4,1001
1,464
10,2209
10,25698
6,2241
8,1943
10,2645
3,1197
1,309
1,456
8,1751
10,3539
10,3400
4,1073
1,424
1,321
1,406
10,2225
1,520
1,546
6,1463
10,2169
10,3732
1,265
1,246
10,2794
7,2380
6,2440
10,2948
8,2009
8,1813
1,460
4,1029
1,444
10,3627
2,944
10,2341
10,3333
1,263
5,1399
6,1409
10,3504
10,4779
8,2338
3,933
6,1524
1,393
7,2438
1,389
10,2541
8,2793
1,255
1,405
1,255
10,2920
10,4829
5,1772
3,1812
2,692
10,6748
10,2159
1,278
2,539
1,391
4,1097
1,391
4,995
1,611
1,341
9,2074
2,728
9,3666
9,17941
6,1591
2,1137
2,697
1,363
6,1434
10,2931
9,3438
1,269
10,2323
10,2940
6,1761
3,764
5,1508
3,769
5,2732
10,2399
4,1590
10,2701
1,405
10,2355
3,1263
10,2492
1,419
9,2227
1,475
1,288
10,2558
10,2700
10,7374
1,396
6,2236
2,993
7,2394
2,584
3,950
1,506
10,3598
1,311
10,2200
1,512
10,2652
10,2420
1,544
5,1689
10,3254
2,622
10,30790
10,2955
1,392
8,2768
6,1874
10,3961
1,310
6,1407
1,415
1,230
10,3314
1,462
1,628
7,1949
8,2119
10,3332
1,418
10,3396
10,2215
10,3468
10,2462
1,324
10,2663
1,369
1,420
1,374
1,395
10,3355
5,1352
10,2504
6,2086
10,2811
4,1486
10,3246
7,2415
10,2904
1,593
10,2978
1,494
1,297
10,2564
1,398
4,1362
10,2686
1,256
8,2825
3,828
1,566
1,409
7,7147
7,2475
10,2404
5,1389
1,405
10,3467
4,1157
1,350
10,3368
10,3173
1,297
10,3527
10,3028
7,2372
1,246
4,9409
5,1696
1,269
3,816
1,251
10,2356
9,3022
10,5990
2,717
10,2222
1,245
8,2749
9,2471
6,2071
1,269
9,4170
1,555
1,268
10,3723
1,269
10,2372
10,2487
1,383
1,554
1,332
1,254
8,2827
10,3149
10,3435
1,236
4,1359
1,379
1,287
5,1607
10,2255
10,3255
6,1545
1,382
1,507
1,244
1,247
6,4098
10,3148
7,2216
1,241
10,4044
1,405
7,1921
10,3394
1,275
10,2811
10,2214
5,1635
10,4071
1,272
1,252
1,2986
10,2980
9,2505
1,244
1,427
3,1154
10,3830
7,1712
10,2311
10,3273
10,2993
1,472
1,322
3,687
1,252
3,955
10,2778
1,468
1,234
7,2332
1,388
10,3617
1,468
10,2538
10,2622
6,1504
10,2739
1,533
1,228
1,251
3,5428
1,337
3,1200
1,230
6,1413
1,360
3,793
1,255
9,2911
10,3298
10,2533
1,232
1,575
1,232
1,272
10,3299
1,261
4,1013
1,242
10,3361
10,2286
10,2540
1,246
10,2783
9,2522
3,1647
1,398
1,498
1,248
1,240
1,361
1,380
1,512
1,240
10,2307
1,227
10,2987
1,237
10,3457
4,1179
1,801
10,3075
1,492
1,246
4,1025
1,569
1,299
10,3262
6,1561
3,799
1,254
10,2382
1,224
5,1544
10,2914
1,521
10,2191
10,3162
1,275
1,460
2,910
1,311
9,2037
1,571
1,438
1,254
10,3945
1,233
10,2206
1,488
1,402
10,3134
8,7071
1,264
10,2949
1,372
1,298
7,1511
10,3245
1,313
1,375
10,3679
1,233
3,984
7,1981
1,473
10,2198
6,16537
1,265
9,2189
2,1256
1,249
6,1756
4,1335
1,258
1,427
10,4111
1,233
10,4706
2,713
10,3626
4,1136
1,424
10,2383
10,3012
4,3745
1,256
10,2368
9,2294
1,249
5,1942
7,2616
1,247
5,1705
6,1591
1,431
10,2209
1,299
10,2478
10,2309
1,584
1,296
3,1137
10,2516
1,327
10,6176
10,3056
1,237
10,2863
10,3058
1,698
7,1634
1,636
1,518
10,2440
2,688
1,284
10,2301
10,2582
10,2925
10,3546
5,1898
10,2886
7,1781
1,360
1,326
6,1739
6,9139
10,2288
10,3490
8,2476
10,4624
10,3295
10,3276
1,427
2,868
4,1481
10,3309
9,3209
1,235
4,2479
9,1932
7,2680
4,925
10,2562
1,360
7,2521
1,480
10,2565
1,347
4,1358
3,996
10,3158
1,489
1,269
1,352
10,2775
4,1662
2,473
7,2553
1,549
6,1932
10,2733
10,2397
1,387
10,3255
6,2119
2,867
10,3498
1,271
1,381
3,1034
3,1307
9,3127
10,2767
7,1967
3,1093
1,346
7,2399
1,595
10,2617
5,1550
10,2516
1,277
1,251
10,3141
10,2636
3,1155
10,2121
5,2008
1,722
10,2457
1,400
5,1844
1,459
6,2123
1,307
4,983
1,287
1,317
1,343
1,475
3,3276
6,1693
4,1150
7,3201
4,1253
1,245
4,1032
10,3618
8,2902
1,656
6,2416
1,521
1,380
7,2675
6,1664
10,4202
8,2100
3,1453
1,454
4,1832
1,257
3,805
10,3296
8,2726
1,629
8,2972
10,3007
3,1024
10,2581
1,292
1,700
10,2974
10,3429
1,649
10,3556
1,244
10,3931
7,1853
8,2529
1,482
6,1760
1,718
1,597
9,3193
10,3244
2,1180
5,1191
5,1986
4,2124
2,1081
1,259
5,1824
10,2393
5,1925
1,442
10,2798
1,363
1,313
10,2919
1,366
7,3203
10,2643
4,1353
1,622
9,3261
1,231
6,2165
4,1049
3,1192
1,408
4,1633
1,370
1,425
4,1015
1,354
7,2867
10,3559
6,1819
1,464
6,2459
1,258
10,2766
3,1138
10,3274
1,291
10,2824
1,271
8,2210
1,396
1,281
4,5366
5,2031
1,544
7,1961
10,4319
1,261
1,400
8,1994
3,961
1,282
10,3499
1,501
10,3365
10,2587
1,257
1,1132
10,3407
1,466
6,1924
8,2397
7,1599
1,394
10,3596
2,753
1,308
6,2533
1,419
10,2220
7,1875
1,285
9,29939
10,3619
1,401
1,513
1,720
1,396
1,386
6,1432
2,870
1,296
4,1099
10,2198
10,2897
2,741
1,257
8,29709
10,2274
1,307
4,1340
10,3576
10,2412
1,373
2,635
2,797
10,3457
10,2869
1,408
1,480
6,1481
10,2235
6,2217
1,362
1,268
10,2636
10,3580
4,1069
1,422
10,3803
5,1795
4,1469
4,1424
4,1131
10,3393
10,2833
1,483
8,2347
1,250
1,285
1,621
8,2931
3,778
1,377
5,1463
1,539
10,17384
10,3376
10,2456
9,2290
3,1113
1,413
4,982
1,253
1,398
3,1212
1,679
9,2994
1,522
10,2562
7,2402
10,3769
6,1815
2,849
10,2692
8,1780
1,330
10,2284
1,260
1,424
10,3415
8,4811
6,1622
1,562
10,3347
1,429
6,2660
1,439
10,2327
10,3435
10,3649
1,234
3,1063
1,322
1,326
6,2346
1,407
10,2159
1,381
5,1327
1,521
10,3215
1,282
6,1572
10,3740
7,1909
4,980
1,376
1,260
1,496
9,2237
3,1158
10,2277
1,443
10,3011
1,481
8,4268
1,290
10,2508
9,2380
10,2786
10,2355
1,313
1,237
6,2224
1,517
5,9435
3,1108
10,3483
10,2314
7,1872
1,363
3,687
8,2727
7,2418
4,1039
9,2133
1,315
1,251
2,819
7,1897
1,590
5,1521
4,1515
1,395
1,465
6,2072
1,246
6,1756
10,2369
1,305
10,2283
1,368
1,239
10,3433
10,2355
1,525
10,2417
2,700
1,238
1,471
8,8302
1,241
10,3431
1,497
1,238
10,2928
1,257
1,234
10,17188
9,2743
1,477
7,2403
10,5777
1,258
1,456
4,1567
1,309
4,1334
5,1876
1,305
10,2176
1,287
10,2755
8,2781
10,2840
3,1489
10,3358
6,2314
1,252
1,396
9,2995
1,257
10,2900
2,673
1,290
7,2334
1,248
10,2985
10,3355
10,2252
1,504
5,2162
8,2629
1,494
1,379
2,848
1,236
4,1060
3,1164
1,257
10,2688
1,252
4,1109
8,9337
10,2221
2,694
10,3181
8,4164
1,301
8,2906
3,965
1,243
10,3471
10,3329
1,226
5,1900
1,260
10,2695
8,2887
10,3344
1,526
10,2368
8,3061
10,2510
1,1369
7,2538
1,284
6,1986
1,492
1,373
3,773
1,272
8,1945
6,1992
10,3465
1,555
1,403
5,1869
1,532
8,5282
2,3876
10,2391
10,2695
1,525
1,388
8,2628
1,253
2,1084
3,1150
1,623
1,678
10,2488
6,2105
1,253
1,440
4,1555
10,3386
1,1132
1,402
1,366
10,3031
10,3346
6,1809
3,1371
1,479
2,835
1,446
1,628
1,689
1,454
1,775
7,6239
1,508
1,406
10,2258
5,1605
6,2158
10,2820
2,826
1,624
2,792
10,3147
3,1251
1,537
9,3147
2,1006
2,586
10,3303
5,1697
1,240
2,877
10,3134
2,707
10,4548
1,577
1,389
1,396
2,938
10,4737
1,497
6,2348
10,2990
1,499
1,754
3,763
10,3390
10,3294
8,1783
2,1244
1,586
1,573
1,389
2,850
10,3261
8,2640
1,701
7,2437
10,3479
8,2831
10,2075
2,797
7,2154
10,2494
2,786
1,517
5,1843
1,292
2,1194
9,2055
2,919
7,2491
4,1090
1,330
1,277
6,1435
4,1504
10,2809
6,1539
4,1583
6,2235
7,2426
1,275
1,561
10,2594
4,996
2,1130
8,2112
1,458
1,458
10,2248
10,3445
8,3145
10,2841
1,551
1,368
7,2538
1,236
5,3123
8,1948
9,2368
1,608
3,1479
1,338
1,372
10,3342
1,551
10,3835
1,496
7,2257
1,540
1,484
1,370
4,5741
1,384
1,412
1,591
10,3332
1,300
1,513
10,3167
1,619
10,3686
10,2613
2,977
1,393
8,2777
1,250
9,3199
9,2158
3,1392
1,2457
6,2045
1,274
1,361
7,2703
1,629
10,12305
4,1077
7,8788
1,1292
9,3186
1,263
1,454
10,2149
10,3334
1,17690
10,2374
1,400
10,3355
10,3350
10,9088
10,3611
9,2389
1,512
10,5890
8,2470
9,2363
7,2904
2,490
6,1583
8,16425
10,3717
1,383
9,2932
5,1836
1,653
2,940
10,2618
7,2886
4,1498
4,1175
4,1005
1,504
1,440
1,515
9,14458
3,1098
10,3399
10,3620
2,815
1,610
10,9569
10,2528
4,1610
1,539
10,2796
10,2726
7,2375
10,2600
7,2438
1,477
4,14209
7,2284
2,824
3,772
1,432
2,688
1,348
9,3135
1,518
1,692
7,1665
9,2891
6,1663
10,2534
1,307
10,3593
10,2886
1,484
10,3303
10,3282
8,3381
1,266
1,520
8,2682
3,1273
2,746
9,2853
10,3318
10,2999
1,416
6,2361
2,757
10,3403
5,1803
1,352
1,615
1,241
1,507
3,1136
6,1978
1,351
1,432
1,303
9,3315
1,338
7,2378
3,844
8,2694
8,3384
1,462
1,610
1,231
1,594
6,2123
10,2418
6,2451
10,2836
10,3125
10,2248
8,1875
10,3526
10,3833
8,2920
4,1551
1,526
3,5277
1,236
8,2170
9,2868
10,3298
3,950
1,853
4,1504
10,3799
1,251
1,516
10,2569
5,1776
10,3426
8,2855
4,1548
1,232
1,552
4,1483
1,374
8,2312
1,319
9,2435
10,7571
1,310
1,594
8,2625
8,12405
10,4117
1,387
1,379
1,408
1,599
2,837
7,1668
10,3567
1,259
10,3524
1,802
1,421
1,362
4,1614
1,2444
3,1464
8,14255
6,7114
1,408
1,347
4,1621
10,2991
4,1116
1,272
1,499
8,9486
4,1036
1,465
3,1240
9,3280
1,524
6,46665
8,2786
1,279
1,481
2,946
10,2966
6,1542
1,329
1,361
10,3840
1,299
1,608
10,2934
2,1293
1,378
8,2757
1,583
1,486
1,512
4,1341
9,2732
10,2425
1,407
1,284
1,616
10,2240
1,457
10,3379
3,9135
1,578
2,886
1,586
10,2640
1,429
3,1035
1,603
6,1574
1,448
1,279
1,541
1,403
1,488
6,2852
2,1071
1,321
4,5435
10,9023
10,5493
1,359
6,4524
1,539
10,3523
1,484
1,423
1,699
10,3674
1,436
7,2595
9,3338
1,405
3,1208
1,522
7,2771
8,2037
7,2648
1,337
4,1499
8,2455
1,295
2,789
6,1511
1,442
10,3943
2,790
10,2797
10,3452
1,703
10,3619
1,469
2,801
10,2985
10,2732
1,553
1,253
1,537
9,1944
1,537
1,23089
5,13622
1,523
2,625
4,1528
5,1583
6,2240
7,2469
1,443
10,2210
1,387
1,439
1,477
1,681
1,489
8,17388
1,486
1,3329
1,640
2,7721
4,1258
10,2845
1,614
1,378
1,664
4,1482
1,296
1,409
10,3391
8,3025
5,2132
2,21094
10,7665
2,762
1,686
3,880
3,1034
1,544
1,295
10,3087
1,691
1,291
9,3548
9,2819
5,1708
8,2900
7,19859
1,580
6,47940
1,1022
10,3941
1,414
6,2047
1,320
1,630
3,1152
10,2772
2,900
6,1709
8,4782
1,528
1,9986
7,2435
7,38577
2,1009
5,1390
10,2468
1,479
1,314
10,3827
10,2947
10,3297
1,420
10,2531
3,1104
1,591
1,4377
1,351
4,27843
1,367
6,1578
1,406
1,606
1,284
1,490
6,1847
10,10098
1,845
10,3389
2,754
3,1141
1,2890
1,513
1,386
6,12435
10,3261
7,2307
2,880
1,268
1,359
1,516
8,2033
1,663
10,3548
3,1245
1,486
1,367
6,31032
8,2673
7,2414
4,1155
10,2485
1,389
10,3543
1,326
7,2052
10,3409
1,332
10,3412
1,612
1,530
7,2454
3,1160
9,2867
2,1311
10,3668
9,2189
1,403
10,3271
1,269
10,2677
5,1845
8,2521
4,1272
2,760
3,1303
1,501
8,3339
6,1625
2,1115
2,801
10,2619
4,2509
6,2101
1,267
9,3314
2,840
1,404
10,3273
5,1597
1,430
1,470
6,2451
8,2527
2,893
9,3335
10,2531
1,396
10,3661
1,366
10,2677
8,2776
9,3124
10,3599
2,571
1,353
1,527
7,2303
4,925
7,4208
6,2220
10,3652
1,481
2,884
1,265
10,2538
10,5509
3,1263
2,860
1,458
10,3274
1,460
3,993
10,2152
4,1756
8,2954
10,14553
3,1036
4,1399
1,341
5,1140
5,2210
4,1441
1,331
7,2385
1,522
1,317
10,3831
1,436
3,1575
10,3142
6,2245
1,364
8,2648
9,2609
10,3381
2,1901
6,2219
1,569
8,3044
1,381
9,2601
2,825
3,779
2,964
8,2023
10,16278
4,2384
8,2938
7,2666
10,3280
4,1730
4,1573
1,433
7,6100
2,8293
1,269
2,844
1,311
8,3044
1,381
10,8360
1,367
10,9602
10,3095
6,5787
10,3567
2,949
8,2983
1,455
1,421
1,278
1,487
1,306
4,1688
1,871
2,967
6,2035
3,1151
5,1625
5,1794
10,7610
4,1609
1,1246
7,2451
2,666
1,448
4,1317
1,371
7,2500
1,3866
4,2084
4,1410
1,349
2,529
10,3524
2,724
2,667
1,482
8,2415
1,531
8,1935
1,409
1,322
2,833
1,553
1,35463
7,2644
4,2300
1,440
2,25393
9,3216
7,2540
1,401
8,2809
5,1771
8,2954
7,5012
1,283
2,629
1,585
8,3177
4,1482
2,674
3,1179
4,15417
6,2149
2,5056
1,520
1,542
2,850
9,3383
1,575
1,412
2,804
1,630
1,1683
7,2424
2,681
5,1751
1,464
8,3073
2,705
1,524
1,510
2,839
1,291
7,2080
1,258
7,2369
1,545
1,497
4,1571
2,994
8,2739
1,463
10,4820
7,2245
6,2057
10,2423
7,1920
10,3484
9,3345
1,286
4,1300
1,465
1,437
3,1304
4,1493
3,1204
1,414
1,545
6,3569
1,328
4,1460
7,2667
1,410
9,3523
1,252
4,1630
1,649
6,2108
4,3627
7,10667
4,1701
1,443
1,720
7,9995
9,21312
1,590
8,3078
1,369
8,2146
1,285
3,1245
1,737
1,404
4,1642
6,19266
10,3359
1,416
1,1544
6,2101
3,999
1,545
8,5900
3,866
1,315
10,2757
6,2103
1,1074
1,468
1,581
1,644
10,3356
1,400
1,489
4,1287
8,49033
3,1352
8,2815
10,2192
4,981
6,1613
8,2670
2,836
1,392
2,1051
2,723
7,1598
1,459
1,508
3,946
1,13669
10,3182
1,501
1,655
10,2258
10,2309
1,509
5,1760
1,499
3,1459
7,2994
6,12703
8,2686
1,371
8,2717
2,856
6,2035
4,1205
7,2185
1,474
1,390
2,761
8,2654
1,526
6,2248
2,816
9,22469
1,337
1,571
2,842
4,3444
9,3304
1,528
10,3200
1,362
7,2475
6,3234
3,1237
1,408
4,1580
6,2277
10,10466
1,389
1,863
1,423
1,643
1,877
10,2873
9,2829
1,362
10,3105
5,1537
10,3242
1,450
4,1719
1,560
1,601
1,366
1,336
4,1468
4,1526
1,422
3,962
10,3182
1,371
9,3081
2,806
2,676
4,1408
4,1405
4,30860
1,537
8,2812
1,334
4,4699
2,717
1,426
10,3323
5,1323
1,275
10,3388
1,496
2,694
4,1287
7,2435
1,606
1,515
3,1097
1,481
2,5950
7,2268
1,696
6,1380
10,3557
1,378
10,3631
1,334
5,1345
8,2754
9,10620
7,3683
8,2470
2,732
5,2404
1,400
2,737
1,599
9,2221
10,3708
1,321
10,3248
4,1330
1,486
10,27771
6,10667
1,573
8,6032
6,1950
8,13661
7,8283
7,12610
1,522
1,463
6,2285
1,260
10,6389
1,481
2,769
2,19039
1,597
1,4257
5,1277
4,4701
1,1936
4,1338
6,11331
7,2161
7,2596
5,1805
1,298
10,3401
1,1914
7,2054
2,748
6,1912
4,2095
1,435
4,1417
8,18874
1,350
3,7770
1,396
1,518
10,3355
3,965
2,592
1,550
1,493
4,1387
1,585
1,422
1,516
2,1731
2,926
4,1237
1,334
5,1791
1,488
10,3939
1,263
10,3115
9,3081
8,1973
2,1185
5,1596
8,15232
1,494
2,748
10,3626
3,1092
7,34920
1,390
10,2643
1,547
1,243
8,6482
5,1867
9,3291
7,13539
1,405
1,2007
1,565
4,2149
2,842
2,643
3,1271
1,251
1,646
2,642
10,2112
8,2864
1,407
8,2897
3,17121
6,1962
3,21396
3,1145
2,798
9,3328
1,358
4,6096
1,240
1,274
4,1184
6,2098
1,547
6,2011
8,2231
2,913
1,655
7,13171
1,358
7,16249
2,892
1,545
6,11966
10,3072
1,334
1,496
10,2355
1,397
1,3542
4,1265
6,2747
10,3013
6,2864
9,3036
7,5033
5,1914
4,1687
8,6778
5,1753
1,412
1,1508
7,2873
10,21406
5,4323
10,2555
6,2374
7,2574
1,390
1,419
2,946
1,2629
1,498
4,1453
10,3767
9,2947
1,423
10,2391
4,1308
8,3967
1,321
3,1049
3,1357
1,749
1,493
6,2327
4,1481
1,414
2,814
10,2548
1,363
8,3453
10,2652
6,1891
1,1549
1,390
2,989
6,1962
2,1061
1,503
3,1289
1,642
4,1630
7,2275
10,16186
1,308
1,416
10,2745
1,405
1,639
1,566
4,1433
1,771
1,604
2,807
6,2210
7,2621
1,436
2,815
10,26428
1,446
1,544
10,3677
1,414
6,2041
3,1102
8,2900
3,1069
1,445
2,845
8,5780
9,3591
1,351
4,1351
6,1905
1,307
1,614
10,3408
3,1146
1,370
10,2182
7,2678
1,557
2,1077
1,391
4,1419
6,2296
8,3037
5,2147
10,4087
10,2253
1,479
6,4233
4,1444
1,485
6,1883
4,1898
1,581
4,7589
5,1902
4,1767
8,3095
1,585
1,493
2,50899
10,8046
1,516
10,4054
1,397
1,409
9,2589
7,2678
1,309
4,2060
1,548
7,2465
1,536
1,407
4,1717
4,46673
10,3682
1,440
10,3621
1,368
1,475
9,2657
2,1014
4,1560
3,1244
9,3051
4,1436
4,1777
6,6609
1,615
8,2783
2,868
9,2870
2,936
4,1464
4,1489
1,353
4,1796
1,369
4,1298
2,799
2,743
10,2682
5,1809
1,504
7,2538
10,12182
1,405
4,1585
1,2029
7,2591
1,443
2,943
1,456
2,7886
7,2038
7,2291
1,422
2,833
1,559
1,474
10,3415
8,2500
8,2546
1,354
4,1560
1,456
6,2344
1,440
8,2677
1,529
2,710
3,916
6,3180
8,2781
2,810
10,3843
4,1445
7,2732
2,3664
1,360
7,1769
4,2613
1,430
5,1946
1,345
2,822
1,364
4,2106
4,1452
3,1076
8,2030
10,3144
1,606
7,3124
3,1204
1,378
5,1746
1,526
5,2019
9,3006
4,1392
6,1731
2,1177
1,561
4,1469
1,524
2,782
1,600
1,1035
3,2612
1,479
1,377
1,624
3,1201
8,2916
3,1374
10,2959
5,1918
1,446
6,1989
8,3089
2,1027
1,390
1,489
2,806
1,333
1,373
1,555
4,2243
3,984
1,362
9,2281
5,2024
6,2112
1,409
3,1133
7,2425
1,376
2,695
7,2869
1,329
3,8316
9,3228
9,3545
8,3106
4,1445
1,267
1,513
1,511
9,5536
6,2055
4,1335
3,1130
2,670
9,3247
1,292
1,714
7,2356
2,1244
4,1254
1,326
7,2112
6,2157
4,1429
1,342
4,1338
2,702
1,521
6,1944
10,2906
1,283
1,569
2,847
5,1862
1,341
4,8726
1,374
1,409
5,9539
1,3755
9,29301
2,2233
6,2405
1,485
4,1644
1,333
1,457
3,1170
7,2761
10,2612
1,377
1,263
6,2214
1,483
1,458
2,773
2,818
1,335
1,802
10,3442
10,2239
1,615
4,1575
1,3458
1,329
1,493
1,296
1,660
1,437
1,356
1,381
6,1952
2,699
2,801
5,1919
10,2424
8,3092
5,2577
1,791
7,2669
1,482
1,253
3,1244
4,2150
4,1525
4,4810
3,2812
4,1463
7,2512
8,3072
10,3356
1,525
10,3695
6,2102
8,2116
1,541
1,238
5,1987
1,507
1,428
1,385
4,1281
1,547
3,1225
6,1837
10,4445
1,505
2,831
5,1667
6,1669
1,514
1,238
7,2549
1,474
1,454
1,430
6,2022
10,17637
4,1636
2,828
6,2034
1,479
6,1927
1,723
9,2045
8,3223
1,228
4,1377
9,3865
2,736
1,453
2,623
1,5831
8,2754
2,980
10,3543
2,1159
10,2382
1,583
1,412
1,397
1,387
3,933
5,2819
1,414
2,993
8,6926
2,721
4,1448
10,3766
10,3441
5,1932
10,2522
1,647
2,660
1,378
1,278
4,1570
6,2146
1,534
1,524
7,7623
1,461
7,2367
10,2715
2,598
1,430
9,2835
6,1849
10,2266
9,2989
1,231
2,915
2,921
2,4203
1,431
4,1413
1,516
2,1188
8,2653
4,1226
6,2187
10,3026
1,400
1,374
1,412
10,2406
9,6556
6,2471
4,1297
1,401
1,410
4,1460
2,841
1,465
8,2848
1,411
10,2478
7,2479
1,316
1,436
9,2361
6,1948
1,531
1,336
7,2608
2,601
1,392
4,1817
1,389
1,526
9,3420
1,427
1,614
1,273
2,742
10,2977
4,1283
1,637
7,18875
2,1118
2,667
4,1641
7,2414
1,347
3,1099
5,1959
3,963
9,3451
1,299
5,1736
4,1083
10,3491
6,2105
2,761
4,1389
1,314
2,1062
2,795
10,2727
1,365
10,3111
5,1566
3,1344
1,272
6,4957
10,3431
1,351
1,481
1,344
1,584
7,2422
4,1662
4,1844
1,339
4,1229
1,572
10,2360
1,362
1,249
4,1549
6,2295
10,3460
7,2612
7,2578
2,840
4,1491
2,26150
4,5725
1,464
6,1925
1,588
10,2814
3,1375
10,2507
1,630
6,2119
4,1598
1,517
4,1424
2,895
1,376
7,10567
3,1361
1,477
1,341
1,444
10,3411
6,3897
9,3055
2,748
10,3451
1,554
3,1146
7,2417
1,390
2,798
2,788
8,2957
1,479
8,4875
5,2053
10,2518
1,669
1,393
5,1755
10,3640
5,1784
5,1823
6,10792
7,2312
1,358
6,2047
1,495
1,522
9,20329
6,2231
7,2357
1,575
1,376
1,473
2,850
1,494
10,3729
6,1974
1,396
1,372
6,3807
6,1880
1,454
7,12740
1,504
5,1893
1,326
1,318
6,1748
4,1338
1,512
4,1402
4,1735
6,2170
4,5457
4,2123
2,699
10,2759
1,763
7,2259
10,3440
1,440
1,287
5,1380
8,2656
1,335
9,3476
2,668
2,740
1,497
8,5935
5,1303
1,297
2,743
3,1334
1,728
1,369
5,1295
1,461
1,493
1,465
1,455
2,815
3,1232
3,971
4,1382
3,1268
10,2621
4,1360
6,2077
1,264
1,312
10,6528
6,1577
8,2780
1,471
7,2563
6,48482
6,2281
1,445
7,4088
4,1462
2,562
1,1584
3,1452
1,239
4,1430
10,3416
1,358
4,1589
1,396
4,1482
3,22540
4,1370
1,476
2,817
1,332
3,1231
2,803
4,1511
1,238
2,1004
5,1701
3,1198
6,1901
8,2706
5,1756
4,28207
7,2400
6,2958
4,2749
1,515
7,1890
1,5685
2,913
1,241
10,3593
10,9746
7,2202
3,12759
1,394
10,3397
4,1429
4,1384
1,533
7,2796
2,651
10,3273
2,748
9,3470
1,274
7,3096
10,3788
6,2200
9,2961
1,471
4,6324
4,37192
2,890
1,432
2,762
1,368
10,3338
4,1342
7,2728
1,241
3,1273
2,1103
3,758
1,506
6,1845
4,1376
4,1172
8,2921
8,2901
2,702
1,380
10,2520
1,6101
3,1381
1,237
6,6523
8,2402
3,1082
2,863
2,695
1,434
3,1328
4,1319
1,651
4,1745
1,392
10,2923
3,1024
10,11615
1,239
10,3894
4,1652
4,1152
1,500
9,2441
1,372
4,1478
7,2558
5,1927
3,1323
9,2941
10,3752
1,463
4,1518
1,241
8,2530
1,383
2,819
4,8466
2,667
6,1714
6,12658
4,1639
6,6590
4,1615
1,3461
10,3576
1,569
5,16790
10,3451
4,1737
1,509
9,3213
1,508
10,3531
1,342
8,2726
4,1372
2,644
1,476
1,468
10,2476
1,550
10,2559
10,6771
2,596
8,2623
3,992
2,680
1,261
4,1034
2,833
3,1186
3,1277
8,4392
5,1762
2,1039
1,472
8,2352
2,11656
10,2645
6,2090
10,14891
4,1417
10,3545
1,326
5,1690
4,1561
5,1762
6,2506
1,583
8,2883
2,1094
1,461
8,2412
10,3058
9,3068
7,12622
7,2133
10,3368
1,437
4,1447
1,503
2,781
5,2064
7,2205
10,3779
7,5343
1,351
10,3435
9,3482
2,779
10,2996
2,670
3,844
1,567
4,1438
3,1440
9,3179
2,1029
1,505
10,3697
6,2695
1,278
10,5538
10,2836
9,2969
5,7937
1,397
5,1271
1,402
2,8151
6,2163
7,1964
1,565
1,509
1,341
6,2167
1,384
10,2210
10,3577
2,804
4,14961
2,1481
10,2658
1,254
1,528
2,876
1,493
3,1465
1,440
1,609
7,2695
1,455
10,2734
1,394
2,687
8,2143
1,448
10,3803
1,255
9,2336
4,1461
1,505
1,854
6,2102
1,429
8,2629
2,802
3,1665
10,2290
4,1194
1,481
7,2324
7,1982
1,239
5,1824
4,1535
5,1775
4,1583
5,16802
10,3427
4,1400
10,3404
5,1469
3,969
1,362
1,250
6,10202
10,3072
6,1433
6,2222
9,3229
1,643
1,490
6,2319
1,392
4,1378
1,461
10,2851
5,1887
1,405
10,2212
1,13253
5,1442
10,3273
1,355
7,5556
6,2108
1,553
1,624
1,403
2,734
1,465
10,6608
1,375
1,397
1,272
2,14693
10,2501
10,2240
1,479
6,2169
7,2257
2,967
1,638
1,410
2,904
6,2105
7,14255
1,242
1,445
1,368
1,470
1,423
9,2492
5,1732
6,2162
1,486
9,3162
7,2244
1,414
7,2516
1,515
9,9625
1,359
1,440
1,455
6,2921
1,290
10,3284
3,1023
1,577
3,3689
1,409
3,1079
1,426
4,1456
1,512
9,6015
1,350
1,377
1,468
3,998
1,283
1,638
1,359
6,2086
3,2087
5,1900
1,455
10,2986
2,830
1,600
1,9423
1,438
4,1349
2,723
1,3244
1,576
4,1648
6,3869
1,526
5,5338
1,652
3,1105
1,837
3,1077
2,970
10,4804
10,2797
7,2416
6,3810
4,1292
10,2409
5,1904
1,403
1,532
3,1108
1,536
4,1402
1,566
4,3739
3,923
5,9437
1,452
1,340
1,346
8,10645
1,389
10,3683
1,473
1,519
4,1226
7,2108
3,1108
10,2842
8,5180
10,2930
1,589
7,1984
2,644
1,354
7,2189
1,572
10,3467
1,471
1,385
2,563
1,440
2,831
3,1011
1,507
8,2099
1,609
1,391
2,641
1,413
1,8070
10,3588
6,2144
1,360
1,305
7,2395
1,541
9,3073
7,2996
6,2205
7,1840
1,630
1,487
1,469
1,368
1,494
10,3983
5,1273
1,381
1,402
9,3092
6,1920
6,5389
9,3351
5,1980
2,728
1,453
1,494
1,444
2,610
2,743
1,416
10,2618
1,408
1,396
4,1680
1,392
10,3229
9,14939
2,754
3,1646
1,639
1,516
6,1898
10,3461
4,1354
1,420
10,3621
1,397
1,307
10,3413
1,468
5,1791
10,3422
4,1621
5,1646
1,544
10,2790
2,5933
10,3011
2,2978
1,408
10,2653
1,404
1,442
4,1629
5,1190
4,1378
1,438
4,1941
10,2704
1,488
3,766
1,488
10,3445
7,5513
1,277
10,3205
6,1931
1,377
5,1667
4,1039
10,9177
1,638
1,450
10,2499
1,483
5,1406
6,2049
3,802
4,1329
10,2449
10,3726
3,1339
4,3307
10,16278
1,621
8,2660
10,5153
2,794
7,2155
1,425
7,1754
3,927
5,1982
4,5766
10,2320
5,1441
4,1506
1,399
1,400
6,1988
2,735
8,2795
9,3485
10,3723
1,1354
10,3449
8,2822
10,3130
2,668
10,2526
1,476
7,2275
6,1585
1,247
1,506
6,2035
10,3555
5,1643
5,1280
1,486
10,3183
2,699
10,3206
3,1151
10,2532
1,368
5,1810
1,298
1,244
6,1844
2,570
5,1726
1,645
10,2471
8,2623
10,2353
3,938
7,1766
8,2683
10,3078
1,381
3,1206
7,2391
1,244
6,2045
10,3091
1,440
1,442
10,2963
10,3041
2,769
4,1839
10,2937
1,469
3,1182
1,362
4,1404
1,508
1,323
3,1674
10,2363
2,1467
1,380
10,3157
1,647
8,2143
2,1182
5,1791
3,1202
5,1290
2,841
4,1817
6,1765
1,321
3,1208
9,3309
5,1453
6,2354
10,3312
2,948
10,2897
7,2735
10,2306
6,2173
10,3901
1,346
10,19822
3,1202
1,427
4,1412
10,3250
7,2451
7,2349
10,2497
7,2211
10,2987
5,2095
2,758
3,1126
7,2438
1,430
4,2358
3,836
1,378
3,1271
1,531
10,2261
6,1815
1,584
10,3172
10,2924
2,2384
10,3495
4,1528
9,3016
1,267
6,13745
4,1412
1,294
9,7783
1,317
1,551
1,341
1,589
8,2586
10,3350
4,1531
10,3190
2,4051
10,10962
1,330
5,2057
2,637
8,2654
10,2641
1,392
1,499
5,1710
1,420
9,2866
3,1454
6,2170
10,3403
7,2358
5,2184
1,487
10,4495
8,3004
1,407
4,1622
1,344
8,2813
1,382
1,411
2,1000
9,3030
8,3042
10,2777
9,7340
10,3556
1,275
6,3140
9,3302
6,1450
10,4239
1,373
1,530
1,347
1,323
10,3366
5,1315
1,490
1,494
7,1939
1,574
5,1162
8,2568
3,1209
2,529
5,1389
5,1611
9,3151
1,460
2,541
2,866
1,664
2,924
1,242
1,719
1,548
8,1862
2,2285
7,4945
2,679
8,2778
1,378
1,274
1,759
1,579
2,1009
1,568
3,1329
1,279
1,765
1,619
10,2575
2,735
4,1703
10,2975
6,2328
10,2423
1,612
1,384
10,3217
1,385
1,504
2,1021
1,287
6,2201
10,4400
10,3535
10,2449
10,2841
10,3042
2,831
1,339
9,3100
1,438
1,338
9,2572
1,530
4,1630
8,2193
1,570
1,685
10,2818
10,2775
5,1673
9,2275
2,882
1,357
1,341
1,572
1,336
10,3281
1,486
6,17123
1,245
1,454
10,3355
5,1517
9,3084
2,931
10,3056
10,3684
1,410
1,498
1,350
1,257
10,2632
10,3896
5,1895
1,255
1,367
1,447
5,1880
10,3275
6,2140
1,444
10,4224
1,377
1,531
6,2004
1,346
8,2666
1,693
7,2431
1,268
5,9079
8,7457
10,4450
10,2585
2,1103
2,589
9,3466
1,419
1,676
1,379
8,1977
10,3382
7,2749
6,2415
1,499
1,674
1,602
5,1778
1,317
10,3088
5,1244
1,353
2,577
1,697
2,797
7,1804
10,3235
1,523
9,4583
1,276
1,555
1,518
9,2705
1,243
10,2334
10,2369
1,334
5,1385
2,839
3,1204
10,2619
1,462
9,5967
6,2179
1,388
1,595
1,785
9,2897
1,248
9,3124
8,2404
1,331
8,1922
1,532
6,2001
3,869
10,2739
1,1127
1,429
10,2256
6,2194
5,2387
5,1779
1,257
6,2277
10,2813
1,513
10,2841
2,833
3,992
3,1166
1,403
4,1455
3,1965
10,2396
1,16510
1,651
8,2720
1,244
10,3224
10,2456
1,324
10,2642
10,2929
4,1027
5,1179
1,444
1,510
1,477
10,9625
7,3135
1,472
10,7573
1,255
1,654
5,1526
1,286
10,2720
1,346
9,2989
10,3564
1,314
1,627
1,556
3,1393
1,558
2,828
1,727
1,289
4,1264
10,2952
1,497
10,3525
1,367
5,1786
7,2401
1,316
1,768
4,1330
5,1901
3,802
1,710
1,577
1,247
3,1338
10,2468
1,686
10,2730
9,3481
3,1056
9,3285
1,261
5,1939
1,451
10,3629
1,369
8,2992
8,2377
1,257
5,1802
10,5188
10,3274
10,4789
10,3058
10,3304
9,9556
1,280
6,2359
1,597
7,2493
3,965
5,1889
2,709
1,333
1,658
10,3083
10,3291
10,3481
10,2280
10,4625
5,1860
1,254
1,354
1,352
9,2902
1,607
10,3983
10,7399
1,257
1,356
1,343
1,366
2,756
1,410
4,3913
10,3637
1,253
10,4799
1,371
9,3067
6,3469
2,807
1,511
6,1548
1,379
1,246
1,379
8,3063
10,2699
8,1968
1,557
1,220
10,5104
1,361
5,1760
1,593
9,3149
1,612
5,1239
1,391
1,253
1,538
10,2304
9,2317
6,1858
1,663
1,257
5,1775
1,342
10,3278
1,374
9,3077
2,802
10,3211
1,364
1,241
5,1816
10,3653
10,3615
2,711
8,3015
10,3038
1,631
1,358
1,512
4,1187
2,815
1,343
4,1406
1,266
1,285
10,2896
10,3326
10,2522
2,576
10,3336
10,2668
5,1918
1,413
1,767
2,885
1,365
1,566
10,2666
1,247
1,317
10,3480
1,405
10,2200
10,2889
10,13558
5,1618
7,2570
1,363
1,809
7,10420
1,609
1,430
5,1166
1,254
1,227
10,3142
1,409
5,1487
10,2846
1,615
5,1327
10,3701
6,3400
8,2826
9,3183
9,3349
1,524
10,2284
1,252
1,358
5,1721
1,255
5,1215
9,3085
5,2160
1,405
8,3222
1,346
10,3601
3,1268
10,4622
1,549
10,3207
1,424
1,356
10,2946
1,374
10,2140
2,486
1,514
10,2233
9,4659
1,713
10,3571
4,1392
8,5040
1,607
10,2345
10,3153
1,244
10,3035
1,569
1,308
10,3131
1,539
10,2462
9,2603
7,3111
1,3052
10,4090
10,2468
1,485
10,3290
7,2993
10,2066
10,3771
5,1609
1,387
10,2485
2,871
10,2200
2,924
6,2096
5,2082
10,3390
10,3311
1,457
10,2223
10,3044
2,936
10,3184
1,406
1,385
1,521
1,412
9,2174
2,909
3,1146
7,4134
8,2788
1,555
9,3399
3,838
10,3441
10,2299
10,2181
10,2663
10,3557
1,308
1,703
1,677
10,2855
3,1139
1,1598
6,2795
1,496
1,374
7,2041
5,1453
8,2558
2,817
1,390
1,356
1,294
1,771
10,8243
2,866
4,1448
2,1177
2,900
10,2521
1,385
10,3230
10,2333
10,2585
10,2407
1,567
1,382
1,425
1,653
10,3981
1,456
2,800
1,615
10,2406
1,391
7,2361
10,3150
10,2377
10,3052
8,2638
1,417
10,4204
1,291
10,8778
10,3218
1,283
3,2238
1,639
10,3146
1,241
10,3452
10,2819
10,6705
3,1305
10,2587
1,420
1,291
1,272
1,470
10,3180
1,546
9,8554
1,748
9,3057
1,273
8,2005
10,2942
10,2921
5,3946
1,267
3,827
1,685
1,380
1,533
9,2895
1,350
10,3478
1,651
10,2338
1,243
9,3248
1,841
2,618
10,3310
1,408
5,1821
1,476
1,380
1,422
1,507
1,388
7,5203
1,522
10,3692
1,222
2,665
1,382
8,2097
7,6298
1,271
7,7240
10,3603
1,385
1,475
2,3838
10,2262
4,1423
1,484
1,516
1,543
2,652
1,371
10,2332
9,3083
1,285
9,3452
1,432
1,718
5,1856
10,7257
1,264
5,1431
1,677
1,519
10,3285
4,1482
1,291
10,2940
9,2756
1,333
10,8620
1,282
1,501
3,1354
1,8745
1,242
8,4281
1,718
1,387
1,401
1,509
1,362
10,3509
5,1785
1,389
10,3360
1,401
8,1918
7,2474
1,530
1,273
6,2213
5,1966
2,914
9,3410
10,3468
1,387
10,3506
10,3561
1,411
1,491
10,3482
5,1527
8,2808
1,630
1,402
2,1429
2,683
1,305
10,4070
10,3365
1,420
3,1477
1,604
1,359
10,6670
9,3625
10,2429
2,882
1,658
1,245
2,672
9,6205
1,482
1,1440
6,2273
1,425
5,1913
1,549
1,285
8,2724
10,9567
10,3785
7,2261
1,425
1,358
10,3780
9,2420
1,427
1,617
10,3495
1,431
1,645
8,3038
10,3175
10,6130
10,4841
5,1449
2,868
1,542
8,2471
10,3122
9,3065
1,637
1,334
10,3550
1,554
1,400
10,3453
10,2825
5,2143
10,3655
10,2208
2,978
1,421
1,643
10,3675
1,458
5,1208
10,2161
10,2382
7,2596
1,716
10,8490
1,231
1,397
3,1186
10,3455
10,2899
1,489
10,2794
9,3322
2,768
1,359
10,2469
1,363
5,1272
1,265
1,919
5,2102
2,851
4,1355
10,3385
10,2232
1,413
10,3292
10,2176
1,379
1,289
10,2291
10,2586
10,3257
1,317
1,547
10,3412
5,1847
9,3044
10,8602
8,2449
4,1581
7,1598
1,733
1,377
1,319
10,3257
10,3533
3,1386
1,275
1,472
10,8124
7,2563
6,18966
10,2605
10,3404
6,2494
1,563
3,1330
9,2306
1,245
10,3143
9,3058
10,3621
1,315
1,523
9,3242
10,3699
5,1698
2,623
10,3033
9,3172
3,832
5,2026
10,3293
10,2262
1,550
7,1522
8,5426
1,436
1,785
5,1950
8,2468
6,1960
8,1973
10,2577
3,1185
9,2883
1,598
8,2395
8,2073
10,3407
1,366
10,3033
1,491
1,421
10,3384
1,355
6,2318
10,2386
1,546
8,2856
10,3248
1,437
10,3864
10,3332
10,3481
1,358
5,1934
1,483
1,602
1,711
1,639
4,1367
10,2250
10,3275
4,1968
10,3879
1,288
10,2587
10,2796
9,3258
1,304
10,3643
10,3223
5,1964
8,2608
9,3296
1,514
3,741
9,3702
1,540
5,1487
1,293
1,539
5,1809
10,7716
1,384
2,787
9,3336
1,461
10,3425
1,383
7,2421
10,2824
10,4193
7,2761
5,1639
1,278
10,3210
10,2770
10,3276
1,247
10,3876
9,3365
1,504
10,3497
1,394
1,480
10,2419
10,3132
2,1040
10,2223
1,253
1,281
10,3207
10,65429
1,422
5,1842
7,14815
1,519
5,2253
9,2598
4,1310
1,406
1,314
1,428
10,3460
1,241
5,1588
10,3199
1,1260
1,361
1,489
5,1955
2,739
2,695
1,493
1,332
1,319
1,288
3,1211
10,3486
1,236
9,2724
10,2409
1,558
5,1676
5,1617
10,3928
1,392
1,509
1,424
3,1172
1,431
1,618
1,428
10,3314
1,251
10,2395
3,892
1,586
1,395
7,2392
1,596
5,2075
5,1751
1,391
1,364
1,343
1,458
3,1159
1,874
1,283
10,2819
7,1683
1,513
1,288
10,3815
5,2067
10,3674
7,2504
1,380
1,18396
1,393
1,466
10,3348
10,4311
10,3206
10,3323
10,3099
1,341
1,250
8,4817
1,585
7,2561
10,3325
1,278
1,434
1,381
1,292
1,483
1,603
7,2540
1,288
10,3431
1,454
3,724
9,3043
8,2714
8,4463
1,423
2,1059
1,408
1,466
1,256
4,1518
1,483
10,3376
1,257
10,2899
1,535
5,1305
9,2886
10,2974
9,4026
1,614
1,576
4,1211
1,529
1,369
1,435
10,4594
5,1693
1,251
10,2802
3,1439
10,2074
2,628
5,1668
2,816
1,483
9,2456
1,469
7,2951
1,489
4,1414
1,939
10,2606
1,301
1,484
1,491
10,2448
1,260
2,987
2,961
8,2411
1,498
3,1079
1,434
5,1442
10,3387
1,521
10,2270
1,301
1,436
1,539
10,2702
1,302
1,352
2,1013
1,374
1,481
10,6660
1,800
1,287
7,2348
1,445
10,3060
5,1366
1,421
9,3083
2,1149
1,344
4,15629
1,445
1,471
2,757
1,893
5,1766
10,2360
4,1471
9,6020
10,2621
1,319
1,521
6,2055
10,3967
1,321
7,26577
9,3351
1,374
1,339
1,356
10,2952
5,1214
5,1448
1,505
10,2180
1,384
3,1221
1,386
10,3621
1,253
10,11475
8,2885
9,2756
1,367
1,470
9,3257
10,2048
1,497
10,26742
2,620
1,385
1,292
4,29592
8,2574
1,248
8,5498
10,3249
9,2761
9,3110
4,1456
5,1817
10,2446
1,429
10,24054
10,2199
1,270
1,484
5,3594
10,3141
1,282
9,2615
10,3691
1,499
10,3420
1,422
10,3437
1,709
1,393
1,427
8,2058
1,280
5,1306
1,565
10,3170
1,237
2,716
10,3180
1,377
10,3364
1,467
1,586
10,3787
1,263
6,3619
10,2306
10,2247
1,472
4,2964
10,3720
1,280
6,1437
1,471
1,363
1,392
2,781
8,6070
10,15755
1,523
1,377
10,3033
10,2388
1,420
6,3202
9,3201
1,301
2,693
1,410
1,451
10,3565
1,381
10,3209
10,8369
3,1023
1,680
10,2252
10,2671
1,470
1,678
3,1181
2,861
2,543
10,3265
2,734
9,4419
10,3745
10,3413
9,15654
2,699
1,779
3,1135
1,1250
1,374
1,724
2,746
1,357
1,497
10,3524
2,613
10,3660
4,1571
5,1663
10,8576
5,1606
2,852
5,1797
10,8467
10,3222
7,2389
6,2127
1,286
1,421
10,2687
1,622
10,3069
1,3026
2,845
10,3691
1,373
4,1340
1,495
10,3550
7,2465
1,577
1,463
5,1123
1,305
9,2969
1,522
10,2414
5,8919
1,474
3,1250
1,428
4,1512
1,467
9,3119
9,2325
3,1439
1,494
9,2105
1,281
1,521
10,2500
5,1616
3,1091
5,1915
4,1505
2,763
9,3522
1,511
10,27931
9,2668
3,1324
1,445
10,2733
1,257
1,288
9,2342
5,1216
2,802
7,2067
6,2071
1,501
4,1526
1,364
10,28101
5,1703
10,3520
5,1640
5,1591
1,269
1,263
10,3195
10,3430
7,2473
10,3519
1,447
3,1041
6,2090
1,396
10,16212
1,523
1,645
6,2082
10,2623
1,475
1,235
10,3759
1,332
8,2790
1,447
7,2279
1,351
6,23705
1,388
6,2069
1,512
5,1930
8,2700
10,2821
1,294
1,444
1,467
1,428
3,1352
9,3155
1,329
1,382
4,2841
1,324
3,1125
10,3986
1,610
1,378
10,2514
1,501
1,455
1,665
10,2908
6,2488
9,2951
1,387
3,1247
1,329
1,382
4,1387
8,2911
4,1961
4,17562
1,475
1,392
1,468
10,3583
10,3294
1,492
8,6954
9,6327
6,2275
3,1042
10,2299
6,1862
10,3380
10,3737
1,424
10,2397
9,3396
1,269
10,3701
1,268
9,5909
2,749
1,394
1,583
7,39020
1,486
9,2934
5,1601
4,1272
1,405
10,3176
1,340
1,628
9,2669
1,363
2,856
1,340
1,379
9,3053
3,935
1,561
1,397
1,556
3,1165
1,12591
10,2279
8,3172
1,433
10,3893
10,2968
2,689
1,383
1,376
4,1504
1,23123
7,2328
5,1637
2,683
4,1577
4,1445
5,1502
10,3011
10,3358
10,2478
1,381
3,1208
1,338
1,453
2,783
10,17779
9,3080
7,2345
5,1832
2,829
7,2172
5,1384
10,3440
3,994
5,1415
1,365
7,2358
1,447
1,405
10,4067
10,13420
9,2896
1,341
7,2128
5,1575
1,1338
10,2218
10,2317
5,1219
5,1188
1,405
1,505
1,289
1,733
1,545
1,415
5,1735
1,336
10,4441
3,1187
1,529
10,3233
1,485
7,1636
10,2417
1,299
2,809
1,258
1,572
2,975
1,336
10,3378
6,1944
8,3167
7,4907
3,12335
10,3340
10,2899
5,1583
1,274
1,256
2,823
1,293
3,1155
2,921
1,312
1,584
1,498
9,3262
2,663
1,7529
10,2178
10,3425
10,2866
1,518
1,318
1,382
1,347
6,8421
1,376
3,1291
1,490
1,355
9,3456
1,340
1,8795
1,307
10,3740
10,3440
10,2602
10,2307
2,658
1,264
5,1633
8,3190
1,333
8,3045
1,512
2,769
1,541
1,425
1,351
10,3307
1,634
1,387
1,678
8,2889
1,359
1,334
8,2910
1,388
10,6391
1,437
1,556
1,574
10,3072
1,246
5,1578
10,3467
1,384
10,3113
3,1201
9,2483
4,1229
2,828
1,370
5,2055
4,33433
1,373
1,452
1,499
1,363
5,1183
9,5876
10,2847
10,3372
9,3458
2,714
6,27193
5,1790
1,397
2,896
4,90815
1,426
9,3223
1,327
1,247
10,2546
10,11676
1,332
10,6502
1,589
1,363
1,483
1,505
1,473
1,334
1,367
1,386
1,509
1,354
1,281
10,3616
10,3509
1,256
9,6383
1,607
1,284
4,1317
2,797
1,449
9,2237
1,342
2,728
1,360
1,465
1,283
10,3434
10,19871
10,2803
3,1151
2,819
9,2425
1,515
7,2447
1,542
5,1628
1,448
1,425
6,2074
10,3470
1,340
10,3198
10,3320
1,338
4,1471
5,1566
10,7269
3,1121
10,2903
4,1689
7,1839
1,332
1,470
4,1573
5,1850
1,354
1,630
1,580
1,336
6,2256
1,320
10,2360
1,512
1,299
1,473
10,2464
3,1049
1,420
1,361
4,5943
1,245
10,3235
1,492
1,384
6,4607
1,489
1,364
1,626
8,2211
4,1312
8,3638
3,976
1,544
10,5894
9,3157
7,2583
1,334
3,1755
1,351
5,6303
7,2573
1,370
4,1808
8,2805
1,508
1,283
10,6046
2,875
1,369
4,1443
10,3583
1,523
1,507
10,3640
9,39834
1,596
10,3380
1,612
3,749
5,3048
2,740
1,399
1,316
2,2142
2,2298
3,28688
10,13424
1,468
10,4532
6,2211
1,592
10,3477
4,6088
2,896
4,1404
10,4302
1,416
1,232
1,470
5,7848
10,33102
1,597
4,1661
10,16052
1,637
1,504
10,3644
10,18208
1,506
1,338
1,436
1,645
1,306
3,1071
2,818
10,13198
10,6702
1,600
10,15669
1,471
1,357
9,2571
4,4147
5,1822
5,1801
2,586
4,1446
1,321
1,360
3,978
10,21605
10,13192
1,552
10,3598
4,1752
1,343
10,2594
5,6722
3,2783
3,1117
1,450
10,4453
9,2294
7,7659
7,3779
6,2058
1,527
1,388
3,1098
1,446
10,6064
5,1522
3,1568
2,3890
2,795
9,2090
4,1433
8,2843
1,611
6,2365
2,769
9,6588
6,2229
6,2003
1,362
1,805
5,1394
2,962
10,3490
2,665
1,258
4,1816
10,3489
1,458
1,766
4,1624
1,14824
1,407
4,1317
7,13368
8,2328
10,2393
5,2024
6,2193
3,1099
1,340
3,1052
10,3831
2,877
1,539
4,1617
10,21960
9,2893
9,2983
4,49809
1,496
1,435
2,833
1,374
7,21996
1,295
5,1709
10,3568
2,821
10,4685
9,3391
1,500
1,367
5,1728
1,1629
8,2973
10,3454
7,2353
1,347
1,815
1,362
2,689
1,596
3,1238
2,846
6,2384
4,3730
1,586
6,1910
3,1038
3,1097
10,3833
8,12449
1,264
9,4052
1,368
7,2257
1,741
8,2735
4,1433
5,10911
1,585
6,2099
4,1479
1,2402
1,481
10,3165
3,6347
1,356
6,16025
1,260
2,762
10,2651
10,5017
4,1676
6,2107
1,615
5,1861
1,410
1,2103
2,794
1,455
6,12182
5,1545
2,636
1,223
1,451
9,2479
2,949
3,1388
1,650
1,634
6,2280
6,2199
1,4685
6,1971
1,373
4,1400
1,514
4,1449
1,402
8,2418
10,3366
5,1956
1,690
4,1432
6,2195
4,1338
1,493
1,402
3,1174
1,305
2,649
3,1167
3,1127
1,232
6,1922
10,3226
1,407
1,821
7,2282
6,3900
1,365
7,2191
3,37757
5,1740
1,338
1,327
6,2075
1,482
9,2858
9,2873
5,1783
2,691
1,662
2,855
1,381
4,7789
1,359
1,335
2,731
1,268
9,16061
1,577
10,3320
10,2640
1,467
5,1397
7,2516
2,729
1,487
6,9169
1,495
1,16941
10,3408
5,1669
1,249
7,2498
1,515
1,539
10,3147
2,695
10,3250
8,3605
8,3120
1,386
4,9468
10,19915
4,1251
4,13954
4,1196
1,327
3,7719
5,1638
2,850
10,2253
4,2174
10,3263
8,2003
2,702
1,545
1,382
1,594
1,358
1,9482
7,2205
1,287
1,542
8,2849
8,3175
1,402
3,1087
10,3744
3,3968
1,386
1,566
9,35465
3,1395
10,3000
4,10660
8,2209
1,287
1,506
1,373
2,808
1,481
1,425
10,3651
2,944
1,517
1,338
7,2450
1,611
3,907
1,11802
5,2868
1,263
1,621
7,3063
9,3156
10,2455
8,3164
1,436
1,527
1,1523
1,332
4,1465
1,788
3,888
10,11292
6,1840
9,6351
1,505
1,357
5,1794
9,3115
2,1051
1,239
10,4184
6,3117
1,368
3,1434
1,674
1,322
5,9785
10,7632
10,4147
1,362
1,541
1,455
10,3478
1,464
1,905
3,2435
1,370
3,918
1,487
4,1364
5,1699
4,1214
8,2955
10,8873
1,472
4,1341
2,724
10,2282
10,12291
1,1283
2,938
1,411
1,468
3,1153
4,1475
1,333
5,1721
3,1159
10,33447
2,890
3,1030
2,957
5,1466
1,1570
1,865
5,8243
1,390
1,7060
10,3291
10,3832
2,635
1,40715
5,1589
10,3443
8,2953
8,2884
7,2470
10,2178
1,682
1,372
5,1710
1,464
1,332
1,553
4,1389
4,1263
7,2716
4,1501
3,1362
2,8941
7,2689
10,3425
5,1386
1,458
1,621
3,1129
1,459
1,334
1,528
5,1517
4,1408
1,355
3,1283
4,1415
2,695
4,1368
8,2782
3,706
2,697
1,586
6,2423
8,3000
3,1114
1,416
3,8017
1,58283
2,3283
2,761
6,4097
1,1198
3,1236
5,1759
10,3102
2,647
1,830
6,2529
5,1769
10,3263
1,382
2,702
1,465
1,2186
5,1699
9,2900
1,478
2,670
3,3049
10,3546
8,3455
1,610
5,1698
1,503
1,439
1,418
2,834
1,489
1,361
10,2229
6,2039
7,2405
4,1134
8,2811
7,2153
1,2759
1,661
1,707
2,725
1,443
1,3491
7,6394
4,1251
9,6685
4,1146
5,1703
3,1383
10,3587
1,505
1,847
1,14403
10,11336
1,554
7,2475
4,1335
4,5203
5,34811
1,404
3,1099
7,2330
4,1433
1,384
7,1871
1,386
10,3575
1,1468
9,7043
7,5631
1,504
1,442
1,828
8,3207
1,401
6,2409
1,363
6,5822
1,496
7,2502
1,598
1,668
1,434
10,3936
1,586
10,3477
4,1411
1,443
1,400
3,1047
2,677
7,2367
1,502
1,498
10,3187
1,533
1,618
1,454
10,19383
1,509
8,3130
4,1652
1,3856
3,964
1,330
1,336
1,326
7,2243
8,4914
6,2135
1,450
1,566
1,668
10,7323
6,2028
3,1217
5,5261
1,587
4,1359
1,442
3,60644
1,245
1,5548
1,481
3,1111
2,704
9,3198
1,842
3,1153
1,558
1,1288
3,1111
4,1690
1,342
1,320
10,5378
1,257
1,1111
2,801
5,1468
1,2111
1,389
2,958
6,2231
8,2759
2,779
2,3715
10,15717
9,2698
7,3912
7,2389
1,278
3,7238
2,794
8,2244
1,425
1,447
1,369
4,1580
1,463
5,2008
5,1753
5,1792
6,11315
2,727
3,1022
1,354
4,1260
5,3646
10,3048
1,415
1,494
5,5488
9,2885
3,1080
3,3482
10,10665
1,676
1,334
5,23759
1,524
1,294
1,332
3,1315
5,1582
1,455
10,3676
2,907
6,2118
1,491
10,5767
7,2848
1,821
1,464
3,1069
1,435
1,235
1,328
10,3671
10,3500
3,1210
1,365
6,2232
5,1688
7,5662
2,755
2,824
4,2789
1,468
1,351
2,2726
1,229
10,17957
1,344
10,3378
1,510
1,435
8,2905
4,1421
1,530
8,2878
3,1125
5,5055
1,370
10,51206
8,3003
1,242
1,500
8,2996
10,2449
10,3180
10,3605
4,1667
6,5660
5,1912
5,1855
6,2027
2,877
2,644
1,406
3,1085
10,3065
1,451
2,989
1,529
2,685
1,441
8,3804
4,1475
4,1990
3,3333
9,2962
7,5629
2,14164
6,1810
8,2831
6,2174
1,385
3,1359
10,2264
1,385
10,16341
2,814
1,349
1,374
5,1966
1,6086
2,785
3,1418
2,674
5,4135
3,813
1,327
3,1171
1,249
5,5028
1,522
3,1054
1,328
1,648
7,2543
1,379
3,16962
10,2600
9,2876
2,646
10,2062
3,1434
5,1852
1,228
5,1928
10,5507
1,321
7,14249
2,885
6,7342
4,1367
8,10804
2,806
4,1450
1,1462
8,1887
4,1358
10,3357
1,379
7,1969
3,1142
2,667
3,2712
4,1337
8,3184
3,1092
6,3770
1,468
10,2628
6,2319
10,3141
4,1361
5,1773
1,253
6,2009
4,1470
10,3884
1,464
4,2062
6,2178
10,3355
3,14827
1,864
3,1501
10,3637
10,3595
4,5126
6,2321
1,250
6,2234
6,2075
5,1397
1,369
2,1072
2,654
1,400
9,3226
1,723
7,3518
1,372
10,3118
1,359
5,1688
1,258
8,15394
6,2216
5,1759
1,480
5,1500
3,1211
2,1095
1,457
1,472
1,464
1,467
1,469
5,1458
7,2428
1,290
8,2553
5,1624
7,2488
1,438
6,1542
7,2075
1,413
4,1573
1,423
1,406
8,3083
2,608
5,2168
7,2590
2,814
3,1298
6,2212
7,2346
1,404
10,3112
4,1591
9,3130
2,686
8,3463
5,9648
1,354
10,2721
3,8880
6,2201
1,393
4,1489
4,1498
6,2016
3,1012
7,1834
5,1828
2,4246
3,1206
1,536
2,1563
1,455
10,2587
2,840
10,3312
1,381
4,1535
7,2379
6,2287
1,477
10,3060
1,644
9,3256
1,539
1,486
3,1094
10,4549
9,2607
3,4756
3,1028
1,289
3,1104
4,1412
10,5498
10,16463
3,929
1,546
5,2325
2,1118
1,402
1,496
8,2575
10,2188
1,5687
8,2504
8,2079
10,4871
3,1074
3,1544
1,20502
5,1223
4,1502
2,794
1,545
1,391
9,3005
4,1413
10,3263
2,5636
4,1515
9,2323
2,770
1,333
5,16849
1,358
8,2257
3,1267
1,463
2,633
3,1337
2,735
1,501
10,2852
7,5978
5,1386
2,517
10,3334
3,950
8,2156
1,355
10,3583
1,478
2,846
8,3249
9,3045
2,949
1,473
1,306
10,88232
1,589
10,3227
4,1269
1,454
3,993
1,365
5,1706
1,495
8,2590
2,879
5,1793
7,2232
2,785
4,1701
9,6890
10,2691
6,1534
7,2405
4,1379
1,412
1,411
10,3865
1,309
10,2828
9,3351
8,6935
1,439
1,453
1,458
8,22311
1,308
10,2320
7,1771
1,435
4,1477
1,352
8,2074
1,254
1,456
5,1870
2,753
1,476
1,423
1,611
6,13670
1,501
10,2561
10,3558
10,5106
1,494
1,309
10,2494
1,478
1,379
1,365
10,5290
8,8625
1,543
1,429
1,581
1,565
10,3139
6,2091
1,464
1,386
4,1408
1,372
1,265
1,437
2,636
1,604
10,8449
1,508
1,345
4,1499
1,457
4,1342
3,802
1,491
1,298
1,676
2,707
1,286
8,3641
2,728
8,12797
1,9670
3,1150
10,2185
8,2932
1,429
9,2693
10,2242
1,433
1,294
4,1452
8,1928
1,262
1,488
7,2884
2,995
2,3037
2,677
1,259
1,446
1,624
8,2312
5,1222
1,631
4,1249
10,4991
1,493
5,1121
1,465
10,3215
3,1110
1,457
1,530
1,241
1,529
4,3204
1,618
1,277
1,452
1,442
5,1943
2,628
10,2796
8,2866
8,2653
10,3262
3,1096
1,509
1,245
1,465
1,441
10,3839
1,243
1,366
1,425
3,1173
1,251
4,1047
1,569
8,2942
2,1270
8,2166
5,1684
1,312
1,501
2,665
10,3662
1,475
3,2638
1,383
5,1919
1,254
7,2532
1,485
3,1081
5,2025
1,261
5,1733
1,246
1,362
3,1184
10,3494
1,246
1,442
10,3299
2,906
1,264
7,1931
1,477
1,576
3,1149
1,587
3,983
1,280
3,1122
1,316
1,616
1,304
1,370
7,2351
7,2407
1,277
6,1826
2,705
1,526
5,1729
1,1106
7,1783
9,2238
10,3279
1,261
1,296
1,244
4,1546
1,458
2,905
1,244
3,989
1,333
1,672
7,2512
1,835
7,1978
6,1446
2,898
5,1258
10,3718
1,231
1,696
1,466
8,2773
1,273
5,1354
3,2005
1,482
5,1658
5,2082
5,1486
10,3235
1,546
4,1069
1,454
1,326
10,12221
2,743
3,1308
1,253
1,420
1,427
1,363
8,2534
1,958
6,2310
8,2110
2,10707
7,1761
1,425
1,388
1,1616
1,269
3,1247
1,282
8,2459
1,352
1,455
6,1756
1,550
3,1168
10,4894
9,2967
10,8375
1,279
1,395
4,1684
8,1864
9,2901
1,284
10,3252
2,12766
2,769
6,2220
1,480
8,2866
10,3305
2,867
6,2187
1,286
8,2028
5,2277
7,1603
2,844
10,3661
5,1475
2,771
3,1251
10,3269
10,3372
7,2088
10,2806
1,426
5,1404
1,322
10,2679
1,755
10,3493
4,1422
9,2206
10,2778
10,3312
1,365
1,361
2,795
1,461
3,1002
2,817
8,2698
2,608
10,2834
1,456
2,855
1,327
2,815
10,3313
3,11954
10,3521
3,879
5,1692
5,1470
2,572
7,2566
10,2983
1,360
5,1719
4,1465
3,1057
1,478
10,2313
10,2421
5,1689
5,1700
8,2194
3,962
4,1426
10,3680
1,463
10,2746
1,421
10,2671
2,787
5,1841
2,793
4,1717
9,2177
7,2465
2,1009
1,301
3,794
3,1206
10,2731
1,425
10,3419
3,1138
1,364
2,831
8,2013
10,5761
6,1749
8,2064
7,2376
1,574
1,420
6,1843
2,627
7,1636
10,3267
5,2332
7,1533
2,585
7,2302
10,3405
2,770
10,2747
2,587
6,5408
1,644
1,403
5,2096
5,1349
10,2388
8,3002
10,3463
1,410
10,3077
6,2031
9,3462
2,688
10,3044
10,2359
6,5725
1,650
1,420
8,2876
9,2792
10,3221
1,468
1,658
7,2641
9,2773
3,1032
10,3819
1,412
10,3491
2,872
6,2085
1,1109
1,390
6,2378
4,1017
10,3338
1,2244
2,715
3,923
10,3194
5,1771
5,1160
8,3026
7,2722
10,2747
8,2446
5,1866
1,469
8,2840
7,2388
5,1109
3,1116
10,3096
10,3043
10,3623
10,3340
10,2547
8,3149
8,2122
1,447
3,1216
7,2702
1,387
7,2132
7,2150
1,362
1,1513
10,3588
10,3432
10,2415
2,870
1,363
2,868
3,849
1,320
2,828
5,1736
1,461
4,2027
5,1134
1,294
3,1298
9,2860
8,2084
6,2255
1,344
2,563
1,439
10,3477
1,355
4,1368
6,2113
1,383
5,1377
10,2124
1,256
8,2962
10,2718
10,2432
10,3724
3,1091
1,322
5,3732
8,2831
1,342
4,1308
5,1689
1,515
4,1445
1,486
1,396
1,498
1,428
10,3486
10,2289
10,3198
10,3752
2,811
10,4069
1,270
10,4758
8,2922
4,1386
3,1132
1,459
10,3267
1,506
1,249
2,936
4,1328
1,327
10,4055
6,2095
2,708
1,376
3,1471
10,3392
10,2638
2,691
1,414
1,321
1,487
10,2531
3,982
10,2790
2,823
10,3243
1,567
2,897
1,303
2,730
8,2457
2,873
10,2244
1,401
1,270
1,394
1,390
4,1565
9,3445
2,746
9,2597
10,3442
7,2496
1,244
4,1419
3,1279
3,1535
5,2355
1,400
1,422
1,436
1,285
10,2670
1,408
8,2955
1,434
1,461
1,416
1,385
7,2072
4,1164
7,2386
7,1939
1,377
1,522
1,422
1,324
10,3460
1,417
2,779
1,344
8,2662
1,254
10,2571
10,2506
5,1791
4,1172
7,2348
1,412
1,796
10,3246
1,339
8,6876
1,392
9,3261
1,355
1,500
2,514
1,495
7,1779
3,1008
7,2382
7,1539
1,344
1,595
7,2241
1,273
10,4070
1,549
2,977
1,255
1,617
1,247
10,2372
10,3802
2,989
3,634
1,490
6,1693
5,2741
5,1699
1,284
1,457
1,371
5,2280
1,329
4,1377
1,244
5,1116
1,552
9,2320
10,2590
1,486
1,504
10,3543
6,2064
1,556
7,2600
1,437
1,4988
1,383
8,2474
1,321
10,3424
1,317
4,1153
6,2457
10,2845
1,518
8,2770
8,7511
1,453
1,505
1,466
6,2213
1,380
1,602
1,281
5,1311
1,588
7,1849
5,1795
1,562
1,349
4,1674
5,1915
10,2398
1,506
1,474
8,2563
1,306
1,366
1,290
9,3180
6,1987
7,2412
8,3087
1,397
3,1076
2,989
10,3043
4,1063
6,2056
1,577
10,3148
1,285
1,386
1,314
3,1130
1,398
10,2399
5,2184
1,374
5,1391
10,3464
6,2109
10,2772
1,352
1,669
8,2578
1,348
1,584
1,614
8,2316
1,374
1,408
10,3060
1,481
8,3302
8,2722
8,2577
6,1866
5,1896
8,2037
4,1566
10,2673
1,662
1,298
1,757
1,319
6,1937
10,3158
1,377
10,3357
3,1114
2,677
7,1993
1,294
10,2200
1,433
10,2235
2,815
10,3274
10,4266
1,465
3,1002
10,3526
1,253
9,4009
1,553
4,1363
8,2853
1,562
1,675
1,505
10,2561
1,394
8,3038
10,3293
1,397
5,1331
10,2679
1,280
10,2470
10,25908
10,2935
3,1905
9,2995
10,2785
2,761
10,3487
1,1014
3,1226
10,3004
1,331
1,470
2,697
3,1065
1,434
5,1803
4,1155
10,3993
1,357
3,1208
1,407
9,5606
3,1543
10,3570
7,1623
1,333
1,285
1,325
1,271
2,715
6,2439
2,790
10,5191
1,700
2,651
1,462
8,3021
1,320
4,1595
2,643
3,1070
1,422
10,2870
3,1262
8,1896
2,899
3,2698
10,3941
1,423
10,3268
1,468
8,2335
10,3671
6,2238
7,2455
5,1312
1,375
1,615
8,3227
1,299
7,2665
10,2633
2,629
1,568
7,2630
3,1122
10,2685
5,6273
10,3463
10,3662
8,1867
1,715
1,331
5,1301
10,3637
9,3689
4,1604
3,967
2,691
10,3934
10,15591
1,625
5,1908
10,2805
3,797
8,2385
1,604
10,3108
2,749
9,3444
5,2525
7,2442
10,3497
10,3864
10,3393
5,1757
10,2729
6,1812
10,3333
9,2213
10,3629
1,306
1,403
5,1694
2,711
7,2893
7,1756
10,2969
5,1704
10,3628
1,516
3,971
7,4187
5,1695
1,634
8,2153
1,339
9,2319
10,5023
10,12461
10,3432
10,3082
7,2315
1,653
10,2457
1,436
2,819
5,3763
4,1680
1,365
10,2929
1,316
1,393
10,2992
10,2965
3,1162
1,507
10,2779
10,3464
8,1841
1,381
2,790
6,2197
5,1602
1,406
5,1433
1,338
1,421
10,3022
10,2399
9,3117
1,348
1,745
10,3691
10,3413
1,350
10,3543
10,3500
8,2871
1,289
1,356
8,3150
1,445
1,480
6,1473
2,839
1,301
10,3043
2,1178
10,3597
1,440
10,3294
3,1193
10,3374
1,565
2,604
10,3513
1,361
8,1878
10,2745
1,397
1,334
1,476
8,2686
2,765
1,493
10,3429
8,2887
6,1976
1,560
2,510
10,3296
1,387
10,2635
7,1607
1,530
1,354
1,573
3,1044
10,2479
3,1963
7,2424
4,1767
3,1371
10,3649
2,526
5,1787
1,378
2,829
10,2285
1,457
1,514
1,416
4,1617
1,262
8,2575
1,513
4,1762
5,2845
1,286
10,2872
10,3500
1,374
9,3184
1,394
1,417
1,404
1,419
6,2349
1,375
5,4730
1,610
2,843
6,2373
1,258
9,2168
10,2677
10,3242
10,2355
1,335
4,2052
6,1866
1,400
7,2696
1,268
6,2184
1,388
10,2466
9,3185
1,360
10,2915
1,412
10,3351
10,2636
1,375
1,362
1,375
1,533
6,11581
1,313
5,2011
1,354
2,572
1,414
1,354
10,2788
2,569
10,2348
10,2146
1,291
1,384
1,334
1,465
4,1381
1,385
7,2804
1,420
9,2268
1,474
1,384
4,950
10,2243
4,1189
9,2097
1,264
1,404
3,796
1,355
1,541
1,368
6,2139
1,677
8,2858
4,1221
10,3505
10,2109
10,3686
10,2486
10,2116
1,277
1,375
1,648
1,448
10,3436
1,355
7,2429
1,317
4,1412
2,734
5,1232
10,2765
9,2402
6,1981
1,409
1,356
1,684
5,1620
10,2464
6,2675
1,456
3,949
1,287
7,1757
1,251
10,2751
10,2271
10,2384
9,3315
1,399
4,2239
1,468
10,2205
4,1479
7,3684
1,797
2,4865
1,428
1,498
1,363
5,1802
1,438
10,2414
8,2874
1,284
1,330
1,466
2,737
10,3372
8,3198
10,3646
4,1469
1,270
10,3726
1,557
5,1462
6,1448
4,944
1,359
10,2471
1,380
7,3059
10,2524
6,2153
10,3740
1,407
4,1562
10,2947
6,1854
1,318
10,2561
1,251
10,2438
10,3295
1,338
1,254
6,2321
5,1308
5,1247
1,556
4,1055
10,6669
10,2574
1,273
1,301
4,987
1,265
10,2542
10,2637
1,358
3,1464
8,2820
10,3502
4,1775
9,3150
10,2832
3,1167
10,3339
1,536
1,315
10,3202
1,356
6,1719
10,3247
1,380
10,2213
8,2673
1,386
10,4117
2,956
8,2570
9,3215
10,3163
1,497
1,393
10,3314
1,308
7,2358
2,570
1,379
8,1650
3,1072
8,1789
8,6452
1,600
10,3266
10,2462
10,2428
1,381
1,445
8,2318
1,244
1,503
2,503
1,320
10,8699
6,2486
10,3729
10,3363
1,762
3,1177
4,1353
10,3021
3,1170
7,2552
10,3497
1,273
1,295
1,504
1,393
2,564
7,2725
10,2935
5,11982
4,1673
5,1913
7,2641
4,1589
1,367
5,1984
8,18136
1,345
1,580
1,371
1,425
7,1654
2,969
9,3050
1,621
3,1021
6,2061
7,2695
10,4778
1,335
1,541
5,2054
1,377
1,317
10,3063
1,629
2,699
1,388
10,2628
3,1593
1,405
2,927
1,400
6,9426
1,278
7,2657
3,1462
1,247
1,273
1,2005
8,2012
10,5919
10,3205
10,2787
6,2347
1,562
7,6064
6,1794
8,2888
1,478
10,3812
6,2778
7,1605
1,289
10,5399
7,2720
8,2239
4,1529
10,2187
5,2118
2,797
5,2396
3,1088
10,3758
1,330
2,708
9,3774
8,2162
1,313
1,353
2,796
3,833
3,1193
5,1185
2,861
1,405
10,3687
5,1361
1,547
1,281
8,2600
2,873
7,2218
1,509
8,2179
3,1225
2,525
2,10984
10,2140
7,5364
2,813
10,15536
1,370
3,1142
5,1164
2,947
2,782
10,2258
1,605
1,304
10,2598
8,1652
2,810
10,3276
9,7234
1,894
10,3319
1,493
5,2062
8,2079
3,1426
7,2560
8,1825
1,619
1,274
10,3134
10,3318
9,3200
1,296
5,1368
9,3167
3,1159
1,279
6,2880
10,3160
10,3450
1,593
3,1166
8,2140
1,260
3,814
10,3263
9,3276
1,425
2,1138
1,433
4,1487
1,586
4,1583
10,2974
8,3102
4,1682
2,720
10,2145
1,256
7,1861
10,2627
6,2181
1,267
10,3295
1,457
6,2512
1,421
2,1037
5,1340
4,1228
1,626
2,676
3,956
1,250
10,3317
8,1906
8,2894
1,411
8,2615
1,654
7,2441
1,396
7,2472
10,3307
6,1946
1,570
3,1100
10,5225
1,254
10,4752
10,2774
3,985
1,530
7,3091
6,2105
6,1979
1,367
9,5046
1,638
6,2314
10,3762
2,771
10,3496
10,3004
3,1319
5,1343
1,640
1,272
1,589
8,3534
1,532
2,766
10,4820
2,559
4,1406
1,613
10,3391
3,1103
10,2891
7,1647
10,3790
2,927
1,408
1,868
1,50414
1,417
1,346
5,3900
10,2475
10,3194
1,714
8,2539
2,566
10,2833
10,3195
1,507
8,3032
5,1504
10,13438
2,1336
4,1314
1,389
1,675
10,2688
7,2538
1,562
10,3832
10,2705
5,1263
10,3794
1,462
7,2592
1,221
1,581
8,2882
10,6190
1,298
1,575
9,2449
6,2150
6,2525
10,3260
10,3656
10,3332
10,2276
1,315
1,684
1,444
1,538
2,3395
1,353
8,2505
1,506
10,3076
8,2716
1,666
1,517
7,2418
5,2917
8,2674
2,708
1,457
1,399
1,580
9,3224
1,402
10,2275
1,525
10,3286
10,3613
1,666
5,1496
10,3455
4,1277
10,3347
1,485
1,776
9,3094
1,895
9,3115
1,280
5,1396
10,4367
10,2236
1,618
9,3821
9,2061
10,2294
10,2805
1,403
1,472
1,407
10,3914
10,4676
2,831
1,488
10,3461
1,405
4,1097
4,1279
1,717
10,4377
5,1382
2,824
1,252
1,394
1,440
2,855
1,541
9,3105
1,1976
10,3022
1,473
10,3487
2,680
2,1453
10,3594
10,5260
8,2573
1,413
1,427
1,458
1,466
1,555
1,623
7,4634
8,1839
1,532
10,3272
3,1936
1,410
1,487
10,3756
10,5779
1,281
1,502
9,3444
10,3404
1,485
1,617
1,446
8,2045
1,479
6,1589
2,753
1,301
5,1883
5,1538
10,2500
10,3349
5,1975
2,942
3,795
3,1707
1,743
10,19893
2,439
1,479
1,289
1,633
4,1653
1,448
5,1697
8,8832
1,446
1,398
7,2494
8,2976
1,566
8,3940
1,380
10,2811
1,434
1,308
1,618
1,643
1,716
1,465
1,523
1,439
1,473
1,425
10,3732
2,697
2,802
10,3481
2,716
9,20057
1,476
1,521
8,3033
1,671
1,352
3,1071
1,451
4,1494
1,477
7,2834
5,1926
3,1629
8,2821
10,2410
4,1682
1,384
2,746
6,2275
1,451
1,274
10,4020
2,695
10,3346
2,733
10,3922
8,2882
9,13478
1,7558
10,2396
5,1816
1,256
9,3391
10,3276
1,642
1,530
6,2059
1,403
6,12568
9,3385
10,2623
5,1839
2,711
2,859
10,2603
1,329
1,256
1,468
6,9856
1,377
1,366
5,1819
4,920
8,3146
1,337
10,2647
10,3405
4,6197
3,1001
10,2424
5,3882
1,261
1,598
2,1019
1,662
1,269
2,710
1,383
3,990
1,480
10,2268
6,2237
5,1989
2,648
5,1380
10,5129
1,299
1,522
7,7147
1,468
1,232
1,488
1,376
6,1978
1,510
5,1222
7,4974
1,507
2,889
10,2326
7,2238
1,297
1,553
8,3047
1,427
1,225
9,2843
5,1377
5,1670
3,1046
10,2297
8,2836
7,5836
9,4766
5,2051
6,6132
1,363
1,534
10,33062
5,1561
1,396
1,356
6,2256
9,3352
5,1767
10,3324
10,3543
1,669
6,2994
9,3200
10,3456
7,1821
9,3117
2,713
4,1471
1,295
1,430
5,1882
4,1288
8,2911
1,413
1,640
1,407
8,6710
1,547
8,7906
8,2285
1,674
1,326
9,3172
4,1045
7,2208
8,9991
2,584
2,795
1,272
2,782
6,2187
1,582
1,419
1,4775
10,2781
1,630
4,1305
10,2966
10,4279
1,531
8,13622
7,2367
1,415
1,367
4,9193
8,2801
10,9110
1,409
10,13564
3,889
8,2870
3,1131
6,2227
10,3775
5,1819
10,4641
5,2024
3,1340
1,416
3,1158
7,14710
8,14685
1,530
2,1070
10,3677
6,2157
8,3945
5,1870
5,1839
1,518
3,988
1,467
4,1653
1,601
2,726
1,689
2,856
1,412
2,839
2,744
3,1340
2,751
3,1109
8,2641
1,526
9,17749
7,2391
5,1543
5,1422
2,874
3,1162
2,981
1,598
3,1055
3,685
1,420
9,2966
5,1817
10,3766
1,411
5,15992
10,5432
7,2295
1,456
9,3485
1,450
9,3273
1,464
2,819
10,3740
2,1372
9,3162
6,2248
1,382
1,603
2,794
3,1134
2,739
1,409
9,3558
3,946
9,3107
1,499
9,2751
10,4176
7,2990
6,2151
1,421
8,11162
1,460
2,546
9,3131
6,3713
1,380
6,2204
7,2255
2,687
2,705
9,3006
7,2549
9,3738
3,2123
4,1507
5,1852
1,430
7,2396
3,1277
7,2501
1,513
8,3364
5,5896
10,3389
1,372
6,2098
10,3418
9,53430
1,361
7,2609
6,1621
10,3297
1,495
4,1635
3,1869
1,392
3,1269
1,451
1,641
1,429
10,3303
10,3320
2,40389
1,557
5,1743
7,2394
4,1372
5,1882
5,1932
6,2012
10,3348
1,572
6,10071
7,3165
8,1848
8,2530
10,2874
9,30263
1,327
10,3429
2,843
10,13026
7,2165
1,491
7,2611
10,3408
1,445
1,802
8,5777
1,491
1,518
10,3440
1,34937
1,536
10,3825
2,669
2,628
10,15299
1,418
3,1076
2,480
1,34892
1,501
1,741
10,4251
1,496
4,1411
1,551
1,368
3,1075
9,5253
6,2150
3,1360
1,441
2,912
10,3040
2,739
1,502
1,571
10,3140
1,466
10,3413
8,2370
1,577
2,873
5,2139
5,1435
9,2856
10,4407
8,3734
1,340
8,2452
2,915
2,880
7,1807
1,405
10,3425
6,7285
1,533
7,2470
3,1304
8,11724
3,1211
1,657
7,2694
3,1198
1,329
1,419
9,3378
8,2821
1,441
1,420
1,537
8,8076
4,1373
10,3573
6,2208
4,1582
1,489
3,1235
5,1685
9,6227
1,480
1,421
2,527
1,408
6,2001
2,1015
1,513
5,1714
9,3237
5,19291
1,498
1,532
3,1225
8,2541
1,395
7,2641
1,496
10,2194
1,501
1,442
2,878
2,657
1,571
2,942
7,2273
1,434
1,409
2,802
9,2785
7,3871
3,1158
1,572
10,3319
1,460
1,518
4,2006
1,690
1,377
4,1241
10,6102
1,479
1,487
1,485
7,2077
1,683
2,899
3,1436
3,1078
2,774
1,387
4,1256
1,531
1,379
1,440
2,731
1,417
7,2366
1,326
5,1366
1,434
1,613
1,581
10,3355
1,462
1,353
5,2181
7,2591
1,414
6,1807
1,3843
5,2461
1,584
1,333
10,3962
1,680
1,621
1,591
10,2586
9,18617
1,385
7,2717
1,319
2,760
8,6855
2,823
1,402
6,6602
4,1527
10,3943
1,448
4,1765
1,475
10,2837
1,445
1,486
1,502
9,3154
10,7442
6,1958
9,3267
1,415
1,504
1,491
10,3237
1,425
6,2321
4,1381
10,3083
1,509
5,1791
2,691
9,18698
1,384
1,624
9,2937
1,386
1,364
1,471
2,859
1,514
4,1567
5,3026
5,1183
1,1644
1,305
3,954
2,2685
8,4068
10,3531
8,78567
1,347
5,1541
7,2541
4,1843
2,902
9,3407
3,1157
10,2986
9,3428
1,480
8,9191
2,35046
1,365
4,2290
4,11567
1,480
7,2308
1,714
1,520
1,584
6,2395
1,437
5,2092
2,822
1,247
7,2366
1,488
1,466
1,772
6,4403
7,4965
10,3719
6,2201
1,468
9,2942
1,603
1,513
1,533
10,3352
4,1074
1,348
8,6850
6,4529
1,571
2,13875
1,378
1,409
1,463
1,499
10,15049
9,2915
1,617
1,432
8,2632
10,3527
6,5905
1,7575
1,416
1,836
3,14030
6,3870
10,7671
1,378
6,1892
1,469
2,689
2,824
1,405
1,678
5,2097
3,2868
9,4622
1,394
1,496
1,14791
7,2426
3,1308
1,365
1,351
1,337
6,2241
1,424
1,378
9,2670
8,3299
5,2125
2,923
8,11659
7,2467
10,67969
1,3095
2,625
1,369
1,460
6,1999
1,537
6,2153
1,445
2,808
8,3222
1,2654
2,961
5,1818
1,420
1,600
5,1637
2,1118
1,471
1,438
2,2465
9,3221
8,8237
1,438
4,1828
1,496
1,580
3,1096
1,361
1,569
1,523
10,5773
9,2658
1,359
1,469
4,3092
5,1846
3,1220
1,475
3,1185
3,1154
6,27110
4,1638
10,3255
1,530
1,508
3,1199
9,2006
1,461
6,1947
5,1640
10,2635
5,1764
1,383
5,1330
6,2272
1,350
5,1941
7,2421
10,3644
1,404
8,2997
7,2539
7,2395
1,552
4,1527
9,3474
6,2321
10,4292
7,2330
5,1896
1,411
7,2683
9,3285
1,425
1,1664
1,538
8,2163
9,3355
1,499
7,2523
9,2831
7,2537
1,414
1,541
2,848
7,2501
1,585
8,2751
8,4372
8,20304
10,4580
3,1209
9,3069
1,578
5,1806
1,532
8,3063
1,474
2,867
2,967
2,519
6,2357
10,3856
1,374
1,548
2,913
1,588
6,9766
2,1744
8,2784
10,3464
1,521
2,762
8,2666
9,2736
8,2908
2,753
1,573
10,3347
1,528
2,856
10,3474
2,953
6,32353
2,825
10,19598
3,1358
4,1327
2,962
7,3026
1,474
7,2278
2,915
2,3117
10,3128
2,998
1,380
3,1241
8,22879
3,1067
1,515
2,872
8,2731
6,2227
5,1977
1,1006
8,5481
3,1086
3,3387
1,461
9,11190
7,4999
9,3158
10,3290
5,6320
1,385
1,600
10,2528
7,2730
10,3614
3,1389
5,1695
2,706
3,1154
1,522
9,3528
1,468
5,1984
8,6567
6,6674
1,385
4,1278
8,2849
6,1904
10,3968
1,1034
7,2231
1,695
2,842
1,458
6,3170
2,728
9,3739
10,7277
3,1805
1,265
1,601
3,1346
2,842
9,3204
1,499
3,1052
2,700
9,2994
2,2057
8,2935
10,3389
10,3663
4,1337
7,2891
1,233
7,2556
8,9619
5,1700
2,965
3,839
6,2280
9,3158
2,1016
2,833
3,1280
10,3032
10,4104
4,13953
4,1311
1,242
6,2111
6,7676
3,944
2,821
1,428
2,948
7,2503
6,5873
8,2892
1,363
9,2591
5,1703
8,2575
7,2545
1,239
4,1032
9,23678
1,448
1,726
9,2060
8,4765
8,2652
1,605
2,904
2,989
6,20033
10,3307
10,3371
8,2790
1,235
6,2085
2,17547
1,393
6,4271
4,1636
1,618
9,3095
8,31540
9,2918
8,2978
1,374
10,3350
2,932
1,423
1,389
9,6296
2,8226
8,16464
4,1562
1,367
3,1279
8,2729
7,37042
8,2662
7,2729
1,1670
1,643
2,515
4,1422
5,5905
9,2889
7,2613
1,402
1,396
7,2501
1,530
1,530
2,796
9,22534
9,3238
1,505
10,2846
2,809
3,1216
10,2463
2,844
1,581
3,976
10,3297
4,1143
3,1222
1,478
8,3039
1,739
2,679
1,437
10,2783
9,3033
1,474
1,278
1,426
10,3366
1,460
1,437
9,2995
1,1881
2,921
2,1019
2,899
2,965
8,2572
10,2495
9,3080
1,523
10,2436
6,2076
5,2003
8,25563
8,10253
6,2110
1,463
9,2977
2,1054
2,1821
9,3201
4,1265
6,1788
6,2267
3,1068
10,2702
10,2899
9,10881
1,362
8,15879
6,2619
2,761
2,895
9,3286
9,9860
1,482
1,408
1,852
8,2916
2,975
6,2208
1,502
10,16803
3,1114
1,382
1,623
1,430
9,3413
9,3335
1,580
9,3095
1,387
1,346
1,658
1,483
5,1550
1,360
2,764
1,464
7,4896
10,2780
1,480
10,5979
8,19073
3,1177
1,589
1,491
1,266
9,3404
1,392
10,3515
1,264
4,1656
1,1862
1,355
3,1830
1,395
1,462
1,531
4,1416
1,608
1,483
10,2938
1,682
1,326
10,2494
1,416
5,1765
6,2061
1,475
5,2124
1,538
1,444
6,2096
1,667
2,1103
1,589
1,338
8,2660
1,275
4,1092
1,353
1,454
1,287
1,461
10,3542
1,602
1,399
1,564
7,2612
1,520
2,734
5,1230
2,776
1,274
5,1920
1,357
6,2105
1,283
7,2549
9,2821
1,447
1,529
1,5929
8,15574
6,2017
1,524
1,407
1,710
1,318
6,1669
1,570
8,2650
1,298
10,3131
9,3305
1,567
1,462
1,557
6,2270
1,12292
3,1284
1,301
2,872
1,342
3,1222
1,552
1,468
1,316
1,863
10,3428
1,568
1,434
2,2767
6,16133
8,8174
3,1390
1,580
9,4718
6,2152
4,1451
1,502
10,3363
1,496
1,396
5,1556
4,4860
1,415
1,604
3,1141
1,603
7,1987
1,337
2,830
1,511
10,3445
9,3236
1,447
4,1683
1,415
1,417
6,10745
8,2584
1,501
2,705
1,599
8,3000
1,250
9,3001
7,2578
10,2732
1,300
6,1967
2,976
10,3962
7,2504
7,2474
1,543
3,4141
7,2601
1,769
2,1070
1,245
9,3156
4,1382
10,2572
2,731
1,487
7,4075
1,566
1,432
9,3493
1,358
10,97729
6,2039
1,618
3,1109
3,1136
1,428
6,2007
7,2336
10,2503
7,1760
4,1336
1,587
10,4219
6,1866
6,1911
1,711
1,2728
1,597
6,1982
10,3218
1,430
9,3181
1,430
10,3406
1,394
9,2939
3,2276
1,436
9,2786
1,651
4,1497
3,1090
1,415
7,2441
4,1095
2,704
2,914
10,3190
10,3764
1,488
1,462
3,1389
1,494
1,570
1,1406
1,660
1,532
8,4753
7,2372
5,1344
1,489
6,1998
1,382
8,2999
1,455
6,3525
2,849
1,486
2,934
1,619
1,558
1,362
1,3193
3,1034
7,2101
1,518
1,386
10,4031
10,3439
1,443
6,2020
9,4269
1,440
1,527
2,1138
5,3108
2,782
1,506
1,391
10,3063
1,458
10,3435
1,377
10,2855
8,2723
1,586
9,3255
1,318
9,3090
3,1478
4,3271
1,331
4,1364
8,3528
10,3059
1,421
3,1125
1,372
10,3266
1,350
9,2553
8,2239
1,305
5,2400
4,3276
1,516
7,2247
4,1415
7,17258
10,2901
1,433
3,1134
1,369
10,2883
1,396
2,682
1,571
1,283
10,3408
7,2763
1,410
1,391
5,1736
3,1122
10,2781
8,3399
10,3118
1,328
10,3069
1,476
10,3407
9,3149
1,412
2,707
5,5505
7,2555
8,2716
7,11346
3,848
10,3532
1,461
9,3537
1,258
5,1419
10,3208
10,3174
8,2819
10,2884
10,3956
4,2146
1,621
1,1034
2,801
2,743
10,3805
1,419
9,5763
1,240
10,2369
2,859
9,2075
1,545
1,310
9,3284
8,2889
8,3055
1,518
2,948
1,482
10,3121
1,466
7,1945
1,253
10,2171
4,1366
9,3155
2,1070
6,2195
9,8885
2,21661
6,2608
3,1091
5,1977
1,354
3,679
1,468
7,2664
1,256
5,1788
3,1285
10,2693
9,3547
10,2973
5,2037
3,21990
3,1066
1,451
7,2402
7,2118
7,2587
9,3436
10,3222
10,3001
6,1477
2,928
8,2647
2,834
4,1737
8,2855
3,13084
7,2128
1,399
3,4273
4,1195
6,1912
1,509
10,2952
10,2821
10,3151
9,2711
10,3444
10,4112
5,1393
10,2515
5,8397
6,2775
1,401
6,14746
6,20011
10,2813
1,368
1,419
10,3395
3,809
9,3339
1,564
9,2916
10,2772
1,592
6,19635
5,1991
1,523
8,2935
4,17876
1,697
6,2835
10,2429
6,2120
1,312
6,2171
10,2446
1,318
10,2709
10,2844
6,8243
3,1228
3,1080
8,6343
1,385
1,467
4,1471
1,573
7,2503
1,283
1,530
10,2477
1,472
5,1450
1,587
7,2374
3,1740
2,725
3,1072
1,467
8,2842
5,1787
1,325
4,1236
1,377
1,930
1,518
1,452
3,772
1,280
1,534
1,567
1,396
3,1105
10,3722
1,421
7,11317
1,543
10,10087
1,354
10,3595
1,343
1,566
10,2295
1,308
8,2941
3,1498
1,801
2,515
1,407
4,1048
1,2205
1,322
3,1113
1,237
2,839
1,267
1,449
10,3102
1,282
2,811
7,14594
9,3386
1,489
9,3087
1,252
2,882
1,290
6,2130
1,246
10,3325
1,240
1,441
10,2156
1,288
3,968
7,1907
1,399
1,427
1,523
1,297
5,1767
1,399
5,1924
1,234
10,3415
1,296
8,2642
10,2670
1,732
1,582
2,855
6,2671
4,1469
9,2894
1,448
3,975
10,2326
3,1648
1,261
9,3311
1,252
6,1966
7,2576
1,495
1,689
1,518
4,1453
7,2258
1,357
1,316
2,654
1,291
4,1539
1,417
2,768
1,375
1,390
1,452
1,328
7,2445
4,1503
6,2823
6,2228
6,2522
1,294
7,2350
1,366
5,2026
1,281
9,7278
1,254
1,450
10,3021
1,309
6,20620
1,380
9,3225
4,1066
1,409
4,1321
6,2025
1,560
10,5849
4,982
1,623
1,314
1,587
1,461
1,341
4,9922
6,2094
1,443
1,515
2,717
1,371
3,969
1,388
7,2677
10,2171
8,2869
1,271
1,436
1,251
10,2722
4,1484
4,3985
2,1446
1,450
1,394
1,617
7,2462
10,2670
10,3461
10,2029
9,5392
10,2425
1,1151
10,3383
10,3451
9,3816
9,5483
6,2156
1,468
6,1992
3,1597
8,21483
10,2425
6,1987
7,2131
1,679
5,1930
1,422
1,363
6,1481
1,416
6,2352
9,3866
9,3178
1,347
10,2636
3,969
10,2652
1,2671
10,2528
1,626
10,2605
2,721
1,649
5,2014
9,5332
9,4115
5,1803
9,4098
1,402
2,1029
3,865
10,2183
10,3274
10,2957
1,592
10,2561
3,1061
1,555
10,3237
1,659
2,835
3,1105
6,1682
1,324
6,2165
2,575
3,1053
10,8479
10,2524
2,2471
5,1693
5,3018
10,2751
4,1207
6,2824
6,2183
6,1970
1,501
3,1093
7,2783
4,2425
10,2461
1,1057
3,1178
1,465
6,1754
4,1459
1,513
5,1585
1,369
1,610
10,3337
1,516
10,3515
10,3939
1,576
10,2322
1,1237
7,1704
3,1072
3,1145
7,2376
1,284
6,1738
2,4213
1,470
9,2946
2,578
9,4529
10,3409
7,2200
10,3745
1,541
6,2009
1,412
4,1189
8,2770
1,280
3,802
1,659
1,336
5,1518
1,989
10,2650
10,4054
1,296
10,2996
1,524
10,3209
1,451
10,3668
2,615
1,238
4,1150
1,547
1,2668
4,899
1,406
7,2192
10,4100
6,2070
10,3510
1,379
4,1505
4,1366
10,2856
3,1054
1,296
10,3067
1,643
10,3165
7,2079
3,1206
10,3551
6,1419
4,1459
7,1891
1,363
10,2402
1,340
10,2212
6,3334
4,1426
10,3623
1,497
1,3041
10,3237
1,375
10,7093
7,1960
9,2863
10,3464
1,409
10,2619
5,1775
10,2689
5,1677
9,2009
10,2794
1,339
1,608
10,3543
1,394
1,549
9,2869
9,2976
10,2414
1,605
6,2032
1,489
7,1900
7,2500
6,1551
10,3391
6,1575
1,548
1,600
1,379
10,3045
1,340
1,4687
3,830
1,686
5,1246
1,440
10,2868
3,1007
6,1533
7,2725
1,408
1,380
1,825
6,2083
10,2945
4,1660
6,13591
6,2035
4,1725
4,1144
1,457
10,2079
8,2814
7,2448
10,2758
1,572
1,371
1,430
10,3350
2,750
3,1248
1,409
10,2876
7,2440
10,2669
1,454
10,2412
7,2467
4,1057
10,2906
1,775
1,381
1,441
1,355
10,3392
1,616
2,957
1,411
9,2954
3,1099
7,2421
4,1087
1,411
4,963
10,2981
10,2941
1,408
10,2374
7,2187
6,1492
9,3288
1,421
1,260
3,1145
1,570
1,496
10,3272
3,961
10,3510
3,815
3,1143
2,697
1,327
9,3090
5,1203
3,1143
1,406
1,375
1,466
1,605
6,2262
1,458
3,1044
6,2044
1,490
10,2851
10,3395
1,296
10,8306
8,1798
10,2584
1,433
1,508
10,2808
1,389
2,794
1,284
2,661
3,1388
1,254
9,5776
9,2943
1,439
10,3431
10,2125
1,358
6,1900
1,680
3,898
1,757
7,2487
1,248
4,1510
3,1236
1,380
10,4518
10,3338
1,450
10,2447
1,355
1,315
1,265
1,529
2,1022
1,546
5,1759
1,301
1,438
10,3861
1,426
10,3473
10,3085
1,326
10,3130
1,261
1,604
5,7171
1,498
7,2523
5,2249
7,2429
1,286
6,2241
10,2719
1,315
7,2521
8,2748
1,641
10,2896
1,246
1,540
1,569
1,506
8,2524
1,743
6,2027
1,257
1,375
10,3225
1,329
10,3547
10,2977
1,289
10,3056
1,316
2,593
1,407
1,394
10,2294
1,495
3,1057
1,417
7,2273
7,2365
1,306
10,3207
10,2988
9,2096
10,2805
1,472
1,266
1,470
1,297
8,2816
1,517
2,932
1,357
4,1434
10,3467
1,380
10,3353
10,2887
5,1532
6,1661
1,382
1,306
1,316
7,2129
9,2163
10,4097
8,2833
1,401
9,3053
10,11950
1,425
10,2417
10,3622
10,2851
5,1630
10,2292
1,249
1,651
4,1264
2,725
7,2541
3,4889
1,366
6,2035
1,511
1,396
6,2124
10,3073
1,318
10,3499
1,237
1,316
9,2634
10,3401
2,946
1,363
3,1165
6,2093
1,424
1,431
7,1984
5,1228
5,1365
5,1780
10,3394
1,274
3,903
5,2154
10,3214
5,1614
10,28582
2,1212
6,2156
2,852
1,474
6,1756
10,3064
10,2289
10,2453
1,511
1,248
1,341
10,3725
10,3432
3,1291
1,730
4,1362
5,1897
9,4906
1,710
10,3677
10,2452
10,2359
10,2447
1,296
4,1223
1,269
10,3739
3,1298
3,1066
10,3904
4,1299
10,3467
1,382
1,454
6,1565
4,957
5,1296
6,1775
1,273
1,329
7,2198
10,2574
10,3526
1,459
6,1743
1,554
5,1938
1,418
1,379
5,1321
5,1313
1,474
4,1314
1,238
5,1000
10,3510
10,2691
10,3701
8,2045
7,2058
7,2345
5,1612
6,1997
6,1419
4,1041
1,328
1,527
10,2893
1,278
10,3604
2,602
10,2800
10,3233
10,2491
1,499
1,393
3,1118
1,371
1,382
5,1981
1,575
1,325
10,2898
1,239
10,2155
8,2670
10,2858
10,4985
10,3260
3,1130
6,2127
5,1839
1,457
1,272
5,1939
1,284
1,332
10,3799
1,253
10,3416
7,1777
10,3890
10,3485
5,1748
4,1102
6,2082
10,3433
1,384
7,1944
4,1644
1,277
3,721
10,18198
1,625
10,2426
8,2433
10,2481
7,3805
1,422
9,3357
9,3196
10,12929
1,361
1,380
3,1245
1,308
1,487
10,16147
4,1392
10,3316
3,1295
10,3584
6,2772
1,428
3,1248
1,508
10,3420
1,427
1,276
5,2038
1,288
10,2321
10,3439
1,450
10,3387
3,1112
5,1435
7,2734
7,1654
10,3319
6,2109
7,2462
1,406
1,494
10,3139
1,317
1,562
10,3401
5,1469
4,1152
10,3159
10,3215
1,570
1,239
6,1638
9,2981
10,6162
1,365
9,3010
10,3071
1,343
1,266
1,469
1,432
10,2331
2,772
10,2860
3,845
1,456
7,2346
2,868
6,2374
1,319
3,1232
10,3559
1,307
1,262
1,250
10,2319
6,1986
10,3283
1,464
9,2858
7,1628
10,2667
1,362
7,2348
10,2511
4,1440
7,2250
1,271
1,272
1,316
10,3092
6,2245
7,1970
1,737
3,1108
1,296
8,1931
1,511
9,3481
2,820
2,939
10,4359
3,810
1,270
1,352
3,804
10,2735
7,1632
5,1606
1,492
1,413
4,1138
1,254
1,924
9,3087
1,409
7,21009
10,2328
10,2191
1,369
10,3306
6,2045
8,2439
1,354
4,1289
1,269
9,2300
1,261
4,1738
10,7447
9,3486
3,1150
10,3153
10,2182
1,389
7,1759
4,1192
10,2927
1,347
1,381
1,255
2,801
1,265
10,3009
10,3543
3,1178
6,1594
10,2272
10,3045
1,390
10,2480
4,1585
10,3420
1,285
1,495
1,306
10,2872
1,253
1,505
8,2038
8,1862
9,3120
7,2485
7,2571
10,3306
10,3408
10,3230
3,1458
1,330
1,752
1,252
3,915
1,264
1,502
10,3006
7,1833
1,647
10,3494
4,1489
1,358
10,3117
1,529
7,2786
1,257
1,433
10,3348
5,2006
1,351
3,1327
10,3361
7,2374
1,510
10,2742
10,3093
1,292
10,3292
1,414
7,2692
1,274
1,346
10,2712
1,306
1,356
4,1554
10,2475
10,3576
1,447
10,2451
10,2680
1,493
3,1013
1,474
10,3212
1,276
1,455
7,2449
1,369
9,2154
1,547
10,2724
1,546
4,1352
10,3665
10,3557
10,3592
7,2694
1,421
1,595
6,2197
1,460
10,3463
1,346
1,361
1,628
10,2144
3,875
1,622
4,1412
6,2032
4,1293
7,2163
1,430
1,1665
1,413
1,540
3,1280
1,281
1,351
1,631
10,2824
5,1996
1,642
6,2250
6,2392
10,5285
10,2551
1,356
3,1372
10,2353
9,4874
3,91625
1,314
5,1754
1,314
8,2565
9,3100
1,2041
10,3403
10,3211
6,1779
7,1870
10,3224
1,361
3,990
1,333
5,90514
3,1021
9,3331
1,372
10,2153
10,2219
1,500
6,2219
4,1384
10,2684
3,990
1,353
1,648
4,1418
7,2576
5,2021
1,300
10,3064
9,2359
10,6070
2,1037
1,664
8,2221
10,2477
10,3135
10,3644
1,342
3,1300
10,3547
1,474
4,1859
1,274
9,2333
1,354
1,553
10,3549
9,3283
4,1192
10,3659
5,1585
1,755
4,951
3,1245
7,2014
10,3145
3,89445
1,247
10,5665
1,367
1,377
10,3679
1,377
4,1181
4,7139
5,2096
1,432
1,545
3,7704
10,3191
6,1644
1,619
1,274
5,1776
1,334
1,379
10,2704
1,505
10,3621
6,2412
10,4754
1,353
1,811
5,1972
10,2170
7,1877
7,2447
1,358
10,3276
1,399
1,446
5,1683
1,607
2,1022
1,476
10,5289
1,283
6,2130
1,497
10,2590
1,450
2,759
1,249
1,459
3,1499
2,487
1,486
3,1231
6,2092
1,559
10,5108
1,336
10,4611
4,1415
3,1154
4,1453
2,721
10,2305
10,3169
7,2639
1,269
1,459
1,318
1,695
3,1187
10,3444
1,320
10,3369
6,25064
10,2604
3,1041
2,781
2,969
10,3436
8,2310
1,356
1,452
10,3066
1,716
10,3119
10,3263
3,1977
10,5606
2,922
7,2470
5,1502
1,486
7,1806
10,2573
10,3202
1,283
1,371
2,634
1,577
1,605
6,2239
1,345
10,7065
2,752
6,1979
9,2881
2,11749
5,1450
10,2959
9,2999
1,367
1,488
7,2257
1,649
1,591
1,733
1,377
6,2248
1,536
10,3555
10,3019
1,506
7,2135
6,1499
2,676
1,276
1,289
10,2516
1,605
1,490
7,2527
7,2234
7,2423
1,654
5,1347
10,2466
1,449
10,2548
10,3208
3,1089
1,588
1,282
8,1937
1,386
1,498
1,601
1,430
1,452
2,633
10,2884
10,2866
3,1015
8,2720
5,1767
5,1334
3,866
1,304
9,2934
1,434
1,564
1,537
1,321
9,2434
7,2149
10,3398
2,715
1,355
3,1334
4,1074
3,1083
10,2380
1,428
5,1760
1,1071
10,14649
9,3136
3,1313
3,4718
3,1117
1,352
10,3432
1,587
7,16526
5,1779
1,535
10,2500
10,2231
1,444
1,427
10,15582
1,410
10,2982
4,938
1,324
1,305
5,1223
1,353
7,2508
6,1603
10,2284
10,2324
1,272
10,2520
1,418
1,5984
1,494
3,1192
9,2647
5,1809
1,364
10,3093
1,541
10,42597
3,743
2,560
7,2316
8,2904
10,3039
3,1392
7,7934
1,617
10,3298
1,467
1,445
5,1562
8,2948
5,1984
5,1791
1,340
10,2759
10,3115
3,1178
10,2536
10,3876
1,519
3,1169
7,2349
3,1059
1,460
1,278
3,1227
1,365
3,1126
1,293
7,2485
10,2418
10,3615
10,3391
10,3541
10,11537
1,559
10,10172
10,7188
3,26225
1,371
10,2906
1,382
3,1005
1,257
5,1682
10,3067
3,1195
2,689
10,3880
1,254
1,490
10,2735
1,637
3,1064
1,325
7,1680
1,480
5,2820
1,247
7,2289
10,2314
7,2665
5,1496
7,2703
1,853
1,789
6,2114
2,690
1,448
1,367
1,526
1,513
4,1440
1,310
8,2764
4,1474
7,2581
10,2525
10,3854
10,4369
3,2872
7,2430
7,10658
1,362
1,359
1,439
3,1079
5,1592
1,288
10,3612
7,2319
5,27871
8,2725
9,3272
7,2662
4,1387
9,3027
1,574
1,438
5,1737
7,2474
1,382
7,2585
1,236
3,1166
6,2284
4,1516
10,3574
7,2673
9,3404
1,386
1,591
7,10242
1,4855
1,365
3,1231
7,2247
2,1012
1,308
10,4605
10,3176
3,4411
3,1158
6,2571
9,8211
1,553
3,1308
10,6534
3,2959
1,318
1,355
1,425
2,795
1,268
10,2670
6,1900
3,1068
1,630
1,512
3,1223
10,2959
4,1374
1,4517
2,687
10,3363
1,502
1,338
1,463
4,923
1,523
3,1396
2,886
1,589
1,711
1,712
10,3722
1,624
1,247
3,1064
4,6010
1,454
2,976
1,598
1,242
1,562
10,3029
3,1266
1,475
3,1101
3,1213
7,2435
9,3336
1,348
7,2615
3,1256
1,456
3,1101
1,451
10,3310
1,582
10,7468
7,2524
1,609
4,5655
10,3626
6,1480
3,1473
1,270
1,382
5,1329
1,6747
3,1049
2,685
7,1787
1,574
1,750
4,1707
7,2516
9,3082
6,2390
8,2897
10,3177
1,475
5,3715
10,3647
10,3247
5,2106
1,519
10,3148
1,497
1,486
2,797
1,474
10,3102
7,2673
4,1409
2,701
1,278
1,496
7,13288
1,588
6,3910
1,421
10,2979
1,509
1,733
5,7955
7,2570
3,1047
8,2941
9,2162
7,2351
1,434
4,1409
10,3467
1,546
5,1663
1,604
10,2834
7,8735
4,1572
1,884
1,16721
2,600
10,2655
2,604
10,3451
9,2505
9,4910
7,2483
1,851
1,3914
1,693
10,3435
1,488
1,395
1,1820
10,47424
7,2534
1,437
1,584
8,2678
8,2642
8,2829
6,2034
4,1980
3,2239
1,659
3,970
7,25196
1,384
1,492
3,44476
8,2309
4,1104
1,375
1,372
1,446
6,1943
1,488
5,4795
4,1359
1,471
10,3052
1,298
1,681
1,657
3,1135
10,3514
2,691
10,2205
1,267
1,260
3,996
9,2691
5,2157
8,7421
3,1159
7,2490
1,423
1,533
3,1133
3,974
8,2778
1,414
10,2164
1,394
3,886
2,737
3,953
3,1112
3,1023
1,370
6,2155
1,373
1,594
5,4804
1,55076
1,304
1,279
9,3199
1,366
3,821
5,1819
4,1520
3,1293
2,5129
5,1702
10,4200
5,1757
1,520
3,13314
1,500
1,491
1,434
2,1134
1,349
10,2482
3,1359
1,599
4,1516
2,902
1,488
10,7073
3,1161
1,579
1,470
5,1691
1,255
1,632
10,4258
1,273
10,2580
6,2250
9,3269
2,12965
3,1027
3,947
6,2163
3,963
3,3201
1,587
1,451
1,243
1,346
10,2311
1,270
7,2422
9,3076
3,1401
3,2863
1,415
1,546
4,1510
4,1433
10,10095
1,453
1,508
1,269
3,1070
10,2967
1,568
10,2370
1,597
10,3054
1,652
9,3195
1,341
4,1679
2,920
7,2443
1,726
4,1393
1,255
1,350
1,561
1,525
4,899
1,598
7,1799
1,797
6,2335
1,502
6,1643
7,8185
10,3387
1,652
7,2789
1,241
1,398
8,2231
8,2423
10,3496
1,948
6,1891
4,1544
9,43356
1,517
5,1672
2,880
10,4810
1,575
2,952
1,360
1,382
1,330
1,478
6,2017
1,560
10,3472
1,561
1,505
6,24334
4,1499
2,855
10,7828
1,600
2,790
1,451
1,284
1,356
1,344
3,1150
1,490
8,2068
3,1239
1,371
3,1150
3,1331
1,605
6,1746
7,7573
2,769
1,273
5,1365
1,375
10,2490
10,2597
1,526
1,458
1,388
4,1499
7,2287
1,651
1,522
7,1766
2,949
1,517
1,230
1,245
1,384
2,522
7,10296
1,544
1,400
7,8979
3,1216
2,1798
1,696
3,1180
9,3121
1,414
1,540
2,531
9,2022
1,375
9,2273
7,7859
4,1636
1,374
3,4765
5,1760
4,1400
1,446
1,809
1,526
1,722
5,1880
3,1199
3,928
10,2841
5,1225
10,3423
1,372
1,480
3,1679
3,1229
6,11190
1,379
5,2021
4,1317
3,1306
1,635
5,1135
10,2242
1,418
3,939
3,1079
5,2819
1,318
2,1288
6,2079
3,1144
1,599
3,1504
3,1075
3,5039
3,1172
3,897
10,3120
1,309
4,1605
4,1458
1,628
1,345
3,1163
3,1055
1,349
5,2916
1,543
1,529
3,1037
7,2304
9,2258
7,2671
1,396
10,3542
3,1156
1,443
1,291
7,2623
5,1773
9,11164
1,543
1,370
9,2588
1,388
1,327
10,2289
5,1314
1,694
5,1813
3,1082
1,745
1,318
3,1358
4,1497
4,1332
10,18445
1,402
3,1338
7,2195
9,12432
7,2737
3,839
10,4653
7,1577
1,496
1,467
1,272
5,1706
1,510
3,2996
10,3320
7,2310
10,2634
5,1718
3,1928
4,1354
7,1953
3,1137
6,6346
4,1228
1,466
1,276
4,1440
3,1117
8,20034
7,7912
3,1285
7,1802
3,1289
3,1207
5,1322
10,3407
10,3373
10,8371
5,1789
3,1110
9,1987
2,1501
4,3914
2,729
1,41209
2,929
6,1355
3,970
1,21428
10,2575
7,2152
5,2176
10,3400
1,353
6,2067
4,988
1,496
7,2360
3,1114
10,7280
3,1128
8,2236
9,3046
3,1126
7,1814
10,3240
5,1701
3,921
1,474
5,1668
2,767
9,3335
1,353
7,4872
1,941
5,60268
10,3097
4,1706
5,1743
10,3225
7,3140
7,2071
7,31549
1,377
3,920
10,2274
8,2665
3,4114
5,1778
10,3252
4,46310
1,512
3,1524
3,1061
6,2518
5,2084
5,1602
7,20192
1,424
1,473
5,1774
6,1934
5,1751
1,480
1,319
3,45280
1,424
1,500
7,2272
3,1666
3,1244
4,3492
10,3416
1,439
6,13293
3,836
1,702
1,558
9,48910
1,342
1,44016
1,339
2,1227
1,498
7,2381
3,1057
2,833
3,1068
1,550
3,1324
1,309
3,1400
10,3400
1,562
6,1672
9,39300
1,335
5,5860
3,1077
7,2336
5,2678
2,975
3,1943
3,1061
4,1726
10,3350
6,2231
5,29245
1,484
1,640
8,36179
1,384
6,6604
4,1393
10,3357
10,52848
5,2298
3,2068
1,13632
3,1205
2,792
1,435
8,2620
3,1008
9,2864
3,33686
1,271
5,2652
2,9808
3,1437
5,1750
6,2433
5,1579
7,37489
5,1790
5,1542
1,680
7,2625
5,3485
4,1559
9,34221
1,527
3,1040
1,414
5,1907
1,545
3,1427
1,519
2,7128
4,1408
7,1885
1,616
1,371
3,1183
1,492
6,25416
1,400
7,3166
2,1097
3,969
2,3775
1,561
1,382
1,537
8,2971
10,2930
1,561
6,18744
3,1407
9,3668
2,759
1,303
1,605
3,12084
3,986
7,2503
5,1833
1,440
2,8032
10,3530
8,2762
2,739
7,2378
6,2221
3,975
3,1066
1,287
1,613
6,16345
5,2326
2,678
3,1185
5,3107
2,8183
4,19952
3,1404
5,1768
2,785
3,1137
8,2524
7,63609
1,336
6,2322
5,5559
1,784
3,14839
1,397
1,434
1,413
7,2536
10,3608
3,30359
5,6272
1,558
10,3622
5,1599
4,1074
5,3715
3,11953
7,2670
4,1411
1,400
2,675
1,485
2,664
7,2719
3,1189
1,7057
10,3341
2,636
1,668
2,665
3,1168
9,13795
2,3890
1,561
3,1087
1,500
3,1059
2,817
7,2884
4,1446
2,829
5,8276
7,2076
3,1076
4,1579
3,1245
8,15119
1,571
1,414
1,413
1,578
5,2396
5,2155
10,3240
1,3067
5,2585
1,8772
2,481
1,475
5,1794
5,1833
1,515
2,724
1,356
1,405
1,3046
2,1515
1,1370
3,1101
1,972
1,510
1,488
10,2401
2,4464
9,3257
3,1205
6,39299
1,738
3,3333
1,1112
7,4394
1,404
6,6692
5,1599
1,904
1,462
3,1118
8,2131
1,7640
10,3272
3,3236
1,559
3,1284
7,15499
1,390
1,458
1,20980
7,14233
5,1742
1,533
1,532
1,310
9,2047
1,502
2,694
4,1662
1,519
2,956
1,388
1,497
2,663
1,711
7,2712
3,1128
1,531
1,552
1,509
1,340
7,2174
6,2386
1,487
1,367
4,1519
5,19445
1,2605
4,2224
3,1369
3,4237
1,485
1,403
7,10534
7,2420
5,1310
1,342
10,2827
3,1126
1,525
5,1731
1,39820
3,1159
1,439
3,9396
3,1088
2,766
1,509
1,8157
1,391
1,250
1,415
5,1777
4,1511
4,1707
1,6633
2,34105
1,383
1,415
3,1062
2,996
1,1666
8,3121
3,4782
3,5528
1,354
1,1216
8,2659
5,1742
1,466
1,15368
7,3735
3,1027
2,759
3,1997
1,586
1,424
3,1125
1,595
1,581
1,458
1,483
10,3765
10,17231
5,1610
1,506
1,428
1,405
1,460
3,1031
1,889
4,1342
6,2147
1,382
4,1848
1,291
1,459
10,3974
6,2162
1,431
3,11202
1,409
3,1114
1,462
7,2377
3,1106
1,353
3,1162
2,873
1,392
1,311
1,486
3,1528
1,497
1,492
1,513
1,602
1,385
1,532
8,2778
10,3738
5,1688
2,876
1,549
1,456
3,749
3,1140
7,2563
7,2211
3,1135
5,1749
3,1115
5,1807
1,410
1,361
1,327
1,419
5,1586
1,730
5,1827
1,260
1,327
7,3339
2,745
1,354
5,1800
3,1072
4,1332
3,7551
5,1528
1,737
1,407
3,1240
2,1032
7,5294
3,748
3,967
10,3649
5,1917
1,620
1,415
2,1003
1,331
3,1007
9,3102
1,472
1,563
4,1617
10,11737
1,536
1,236
5,2584
5,1953
8,7733
5,1576
1,602
1,927
3,5023
1,334
4,12432
2,1922
7,2489
3,1321
8,5585
7,2357
1,293
3,1520
5,3356
7,2484
1,786
1,364
3,1530
9,2818
7,2445
6,2459
1,537
2,775
6,2181
10,3625
1,430
1,239
3,1045
3,4946
2,3365
6,2027
6,1957
2,4469
7,9405
2,758
3,991
1,536
1,351
5,2059
8,1980
7,2493
1,339
1,660
3,1335
1,397
3,1389
1,530
3,1115
5,1885
2,858
2,798
1,633
5,26354
10,3607
9,4298
7,11351
10,2632
5,1516
1,605
1,361
3,1256
1,526
1,352
1,494
3,2314
3,1085
1,602
1,433
4,1580
9,2787
1,563
2,782
1,3547
1,502
5,1846
3,1143
1,409
4,1270
1,399
8,11446
5,1713
1,448
1,557
7,2517
2,905
7,2288
10,2839
5,1779
7,20371
5,2084
7,2465
1,465
1,397
1,504
5,1667
9,3520
1,399
1,429
2,902
10,2490
2,970
5,1384
4,2590
5,28262
6,1914
5,2432
3,1205
9,3131
6,2109
7,2322
6,2313
1,635
1,477
5,1664
1,589
5,1978
7,1913
7,17065
2,899
1,372
7,2365
7,2419
8,8524
3,1111
4,1478
1,455
4,1941
3,1000
8,8286
2,709
2,851
7,2350
3,1153
1,477
4,35799
8,2696
2,770
5,1531
2,777
3,1036
1,470
8,2630
1,472
2,947
2,1023
3,1234
8,3039
7,2237
2,752
3,1283
10,23757
2,1694
2,832
5,2232
3,1352
4,1303
10,3625
1,427
5,1760
1,514
3,1260
3,1181
5,1783
1,328
1,482
2,699
4,1377
1,382
2,776
2,630
5,3355
2,803
3,2588
7,2655
1,360
1,450
10,2836
5,1689
1,977
7,2422
5,2906
2,965
6,2351
3,1140
9,7362
1,483
9,3088
7,7252
4,2167
1,251
3,2345
7,3312
10,4454
5,1640
1,391
7,2534
4,1604
3,10292
5,2337
6,4980
5,1609
8,7521
3,2423
6,2178
1,306
2,822
7,6979
2,734
4,9408
3,991
7,3004
2,7121
1,504
1,660
2,708
1,471
1,428
1,8197
1,517
1,244
2,831
5,5204
2,782
1,364
1,499
3,997
9,22924
3,1249
1,501
3,1077
1,446
2,752
2,841
10,3735
1,289
9,2751
10,3606
5,6774
3,944
1,457
1,751
5,1713
9,3012
1,377
5,1776
1,420
8,2356
3,925
1,624
1,466
1,291
3,1270
7,4979
1,591
1,606
5,2166
3,909
6,4228
9,2936
6,4642
3,1108
1,660
5,1790
3,2138
10,6430
3,4151
3,42237
5,11204
1,518
1,369
5,2308
3,1150
1,14279
5,1556
3,1409
1,402
10,3479
7,2227
3,1987
1,281
2,806
3,32430
6,15475
1,353
1,493
3,1768
3,1099
4,1616
3,1517
1,492
6,2985
9,2974
1,421
7,2726
8,2423
8,5421
2,21635
2,722
3,1320
1,345
1,593
5,1692
1,437
3,1242
1,464
1,366
10,2985
3,1247
1,2204
1,383
4,1742
5,1642
4,1100
1,564
1,477
7,2592
6,1964
1,367
3,1638
1,459
1,426
8,2495
3,2510
1,484
1,273
1,554
4,1298
2,630
5,14783
3,1026
1,511
1,511
5,1589
6,2286
4,1337
5,1848
9,3147
9,2941
1,631
1,411
8,2896
3,1172
1,460
1,328
1,362
3,1081
1,480
1,583
1,557
1,336
1,743
10,3032
3,1119
1,419
9,2667
9,2412
2,842
1,446
1,595
2,732
1,515
1,384
1,555
3,1141
8,2409
5,1758
10,2560
4,14262
1,572
8,2759
10,21172
1,371
3,1684
7,8824
9,3641
1,550
8,3343
3,855
7,2558
1,490
1,337
2,943
2,686
1,449
8,2985
9,2715
7,2321
7,5593
1,658
10,11328
1,1089
4,1761
6,2193
3,1112
5,14282
3,953
10,3669
6,14330
1,374
10,3456
1,381
2,808
1,847
3,1736
4,1592
1,479
1,607
1,566
4,1261
1,433
1,461
3,1006
5,1714
1,374
10,3022
1,412
2,914
1,378
2,2696
1,570
1,617
5,6714
1,507
8,2140
3,1034
1,510
8,2106
3,1040
1,648
2,1274
1,551
1,409
1,496
3,3873
8,3639
1,901
1,638
1,528
5,1773
1,414
3,1140
1,442
2,2046
3,1030
3,1427
1,500
1,576
3,1263
1,10229
9,3702
1,1890
1,592
1,692
6,8409
1,396
5,3400
7,1980
6,2681
1,470
8,2858
1,374
1,362
1,396
5,6319
1,571
1,567
1,513
1,938
7,2377
1,428
3,1035
1,527
9,3173
2,10098
7,1958
1,418
1,568
1,496
7,2468
9,2411
2,880
1,395
5,2042
10,6324
3,954
5,1989
1,544
1,1293
8,2872
7,1892
2,855
1,346
1,391
3,1151
1,568
10,7540
1,338
1,362
7,2282
5,1515
8,2787
3,892
1,399
4,4598
3,1319
9,2870
1,410
1,579
1,2168
2,919
3,1117
3,1390
5,3230
2,778
1,415
4,1306
1,412
4,1268
10,3156
10,2339
1,368
1,461
1,454
5,1838
2,1341
1,361
1,500
1,435
1,399
6,4940
10,14822
7,2552
1,461
9,3320
3,1291
1,617
1,408
1,506
9,3175
9,2975
2,825
1,506
3,1315
1,451
1,502
7,10501
1,276
1,337
4,1677
7,2513
1,416
1,435
1,317
3,1157
10,3030
4,1402
3,1351
4,1682
1,400
1,663
2,690
1,304
1,312
1,587
10,2819
2,761
5,5380
8,2658
3,2059
10,3213
8,4773
1,493
1,2911
2,796
3,4692
2,757
10,6283
1,330
1,757
9,2926
1,279
1,394
3,1144
2,868
8,2547
10,3308
6,2259
3,1715
7,2421
1,952
7,2200
1,3552
5,1564
2,974
10,2211
7,1757
1,820
1,540
3,1254
9,2856
8,2867
1,537
1,363
5,1980
5,9565
5,1769
1,311
1,463
2,1017
4,1360
1,542
1,381
1,730
5,1614
1,7054
9,2390
1,585
5,2314
1,401
7,2169
1,470
1,245
1,509
6,1581
10,2969
10,2824
3,1160
2,998
6,2618
8,2333
1,478
5,1882
6,4170
4,1287
3,1197
6,2374
1,269
1,405
10,3461
10,2555
8,2975
1,346
9,2346
9,6430
1,416
1,551
1,664
7,2569
1,549
5,1669
3,1588
7,2189
3,1088
9,2825
1,387
8,3107
2,887
4,1491
3,1133
1,431
2,705
6,2281
5,1930
1,360
4,1595
3,1218
3,813
3,1001
9,3308
1,365
10,2544
7,2234
8,2968
1,957
1,543
2,853
3,1018
10,9568
1,386
5,1684
7,2427
10,3542
1,442
8,3024
1,248
3,994
3,1169
9,2101
1,559
1,429
1,497
1,362
7,8690
1,253
5,1732
3,1081
7,2519
1,484
10,3873
1,274
10,3103
4,1440
9,3513
4,1694
1,351
10,2583
2,1004
3,3338
1,245
10,3207
1,360
9,18817
6,2684
8,2185
1,246
2,924
2,928
2,786
1,335
1,364
9,2203
4,1787
2,1193
1,373
4,1258
2,447
4,899
5,2132
3,907
1,322
10,2614
3,1058
1,587
5,2589
1,285
10,3095
3,1152
2,1339
1,498
2,789
1,650
10,3039
1,754
10,2727
1,406
7,2144
5,2668
2,994
1,423
10,2599
8,2904
5,3516
7,2589
3,951
2,868
10,2739
3,791
7,1589
10,2979
1,377
8,2026
7,2381
2,729
1,505
1,331
9,3544
8,2765
5,1754
7,4220
7,2271
2,896
10,3114
3,888
2,702
10,2956
3,991
3,7660
1,581
1,546
1,647
8,1941
3,1103
2,850
3,1442
5,1689
4,1294
1,253
1,359
1,302
1,529
7,2416
3,38816
10,3662
1,499
10,3407
10,2711
7,3119
4,1402
3,1055
5,1492
1,471
6,1571
1,457
10,2391
1,344
3,1084
8,2723
10,2977
1,587
10,2656
10,3168
7,4969
3,1904
2,669
6,2141
8,12051
10,2564
5,1710
7,1559
1,342
10,2243
3,9088
8,2596
3,1388
7,2145
1,593
7,1968
7,3450
2,972
7,3045
1,327
10,2568
4,1355
1,270
6,2284
3,1179
6,1901
8,2533
1,519
7,1617
1,422
7,17191
3,1239
3,1631
3,1655
4,1340
3,1140
3,1001
1,349
10,2371
7,2349
2,642
9,2867
1,618
3,965
2,541
5,2374
2,932
1,605
3,1262
10,17773
9,2981
7,10943
1,375
10,3225
4,1593
3,1138
8,2877
3,1373
3,1241
1,309
2,12764
1,476
1,579
2,1304
1,15243
10,3259
5,1757
1,414
9,2971
10,2374
2,824
2,585
1,485
10,2615
1,376
7,19075
4,3351
8,2906
1,557
1,361
1,484
10,3356
1,349
3,1110
1,547
1,338
10,2602
5,2968
3,964
1,280
1,1477
1,438
4,1573
10,3439
8,17875
1,495
2,791
1,315
1,449
1,270
7,2458
10,2734
6,3510
7,2314
10,2247
3,1271
10,3596
8,2520
1,764
9,17105
7,2235
4,1279
1,528
7,2573
1,295
5,25830
8,2112
1,511
3,890
1,288
3,1333
2,615
10,3949
3,1482
6,7889
1,706
2,706
1,297
4,4372
1,292
1,497
1,382
1,492
7,1721
1,455
1,571
8,3027
9,2384
2,1020
1,330
1,581
2,719
1,249
3,1126
1,342
3,1093
1,404
5,1623
7,1704
3,922
3,1386
10,3176
9,2485
8,2932
1,344
1,666
7,2204
8,2108
9,5401
1,300
1,361
1,356
1,390
4,1424
1,261
2,1384
8,2740
1,420
1,413
1,301
3,1263
5,1570
10,3604
6,2546
1,289
3,1225
1,404
3,1136
9,3394
1,257
2,1185
9,2906
2,842
4,1266
1,461
1,470
5,1752
7,2286
1,610
1,328
8,2726
10,3879
4,1542
10,2886
1,394
3,1230
4,1259
2,821
8,3158
1,285
1,545
6,2072
3,1004
7,2491
1,305
5,1600
1,440
5,1791
3,1205
8,2094
1,601
1,359
1,474
1,347
1,378
4,6297
3,1152
9,1986
10,3129
1,473
3,1116
1,365
3,1136
10,3655
7,2431
10,4271
1,327
1,446
1,251
1,392
9,9854
7,10333
7,2402
8,2995
10,3068
6,2007
1,428
4,1397
10,2218
7,2203
2,852
1,452
9,2706
10,3326
2,819
1,383
3,1114
4,1329
4,1415
6,2156
4,1313
1,398
8,4582
1,313
3,975
4,1456
1,293
10,2373
4,1415
1,527
1,590
2,1265
10,3349
10,4201
10,2502
5,1666
1,648
5,1794
1,365
3,917
8,6653
1,278
8,3671
1,16979
9,2389
1,765
1,442
10,3419
7,2680
10,2219
3,992
1,300
8,2740
1,642
7,2487
10,3415
1,297
9,3388
9,3494
10,3256
1,365
10,2774
1,416
3,1356
10,2488
1,5643
5,1243
2,1204
6,1695
10,2842
8,2704
1,379
8,2879
1,341
10,3096
7,2386
3,1028
10,2946
1,618
10,2399
1,453
3,1114
7,2571
1,256
7,2352
1,346
1,314
10,3035
1,389
8,2655
6,5421
1,362
3,1573
1,583
10,3463
1,434
5,1299
2,917
1,381
9,2642
1,475
1,441
1,468
1,293
9,2996
1,464
2,835
6,1634
1,576
9,2855
1,434
10,2908
5,2037
1,290
4,1187
1,481
1,301
1,297
1,343
10,3151
10,3431
4,1470
10,2838
1,556
10,3998
1,435
7,3818
7,2817
1,262
10,2274
9,2880
1,661
1,357
1,466
10,3049
6,2086
1,912
3,845
1,619
8,2863
1,445
10,2898
6,2388
1,557
10,2530
4,1339
2,1160
1,508
1,380
2,827
7,2449
1,436
10,2191
1,490
1,412
1,520
9,2041
2,1127
1,288
3,1156
1,315
1,533
1,440
1,368
10,2791
3,1376
8,2720
10,3276
10,3961
4,1534
3,1192
4,1614
1,375
1,266
10,2261
1,496
2,651
1,334
9,2935
3,1070
10,3483
1,424
1,640
2,947
3,1571
7,2228
10,2218
7,3061
1,623
1,298
1,485
6,1377
10,3327
1,451
8,1884
4,1473
1,414
1,598
1,5024
2,837
1,365
10,2210
3,1285
10,3270
6,2069
1,509
10,2373
10,2946
2,788
7,1900
4,1330
8,2845
7,2804
6,2242
9,3136
1,450
10,3127
3,1270
10,2634
10,3351
1,274
9,3030
1,422
6,1948
3,1103
3,963
1,421
1,401
1,590
3,1397
1,388
10,3623
2,787
10,5376
10,2246
1,405
8,2879
1,456
10,2702
7,2069
7,2488
10,3255
9,8853
3,1130
7,2162
3,941
1,453
1,651
4,1643
1,525
1,430
9,2861
1,312
10,3354
10,3398
6,1514
1,353
1,515
1,985
1,340
5,1540
6,1501
10,3103
8,3037
1,689
1,631
8,5927
1,274
8,2719
9,1964
6,2203
2,849
1,635
7,2175
6,25456
2,672
9,3187
1,535
6,2245
1,589
2,752
10,2975
2,840
9,3092
1,289
6,2238
9,3050
10,8720
1,303
10,3354
1,404
10,3691
3,6250
9,3483
1,774
2,723
10,2122
10,3047
10,2623
1,248
6,2083
1,349
1,627
6,2310
1,483
5,1780
10,2607
2,842
3,973
9,4451
6,2162
10,3202
3,909
10,2882
1,241
10,2995
1,552
1,483
6,1931
1,497
4,1503
1,631
8,3065
2,849
1,602
10,2254
2,720
8,1924
2,758
1,360
4,1207
1,425
1,409
6,2486
7,2410
10,3342
1,759
4,1152
2,978
10,5994
10,2400
3,1034
7,2167
3,808
1,365
3,1120
1,291
1,406
4,1605
1,571
8,3225
1,464
1,748
1,427
1,497
9,2920
8,2095
7,1879
10,2500
1,366
4,1470
9,2587
1,408
4,1593
1,657
7,2392
1,413
1,530
7,2581
1,486
8,2656
7,2530
10,3432
8,2032
1,367
1,516
1,388
1,630
3,1195
7,1983
2,780
10,3341
8,2546
6,2299
3,2292
8,2815
7,1891
3,1585
7,2231
1,355
4,1352
2,749
9,2780
4,1279
10,6483
5,1892
1,488
1,499
8,2600
1,386
10,3231
3,1300
10,2470
3,712
1,537
1,293
8,2171
4,1685
3,1143
1,3122
5,1643
1,490
1,405
10,3366
1,393
10,2663
10,2770
7,2056
7,2218
7,2148
1,261
1,352
1,517
7,2883
10,3469
6,2113
1,451
10,4157
3,1076
1,381
2,941
3,1205
10,3183
10,2296
1,375
1,276
10,3312
6,9102
3,1108
1,592
1,461
1,426
4,2040
7,12448
1,748
10,2469
7,2610
4,1656
1,519
3,1022
1,674
9,3241
6,1672
10,2808
1,429
3,1124
1,1350
9,4127
4,1575
7,2324
3,1177
1,551
10,3270
1,270
1,503
7,1733
10,2878
8,2669
7,2341
1,492
1,502
6,1825
1,370
10,3173
4,1678
8,2089
1,277
3,1108
1,343
6,2075
1,405
8,1954
10,4324
7,2465
1,574
7,2368
1,579
1,443
4,1426
3,1214
7,2321
9,2298
10,2832
1,426
10,2664
3,1240
10,2828
3,1168
5,1812
1,574
1,443
1,373
1,299
1,519
6,1906
3,1410
1,271
6,1573
7,2350
4,1233
3,1039
10,3719
10,3455
10,3457
3,1122
3,1383
4,1685
1,327
1,525
7,2335
7,2270
1,248
1,483
7,2232
4,1027
1,607
2,656
4,1158
10,3434
10,8470
1,523
3,1080
1,504
3,1167
10,8484
10,3643
1,308
10,2748
1,512
10,2975
1,350
10,2909
10,2597
10,3197
6,3000
9,3080
9,3319
1,462
1,398
6,2313
1,736
1,244
1,399
1,279
10,2340
1,292
3,1265
2,842
8,1985
6,2089
9,2952
7,2481
2,871
1,388
7,2599
3,1136
1,240
1,293
3,1367
6,1579
1,273
8,1919
4,1424
1,509
4,1048
5,1657
1,616
2,754
1,424
3,1024
7,2686
1,243
1,478
1,563
10,2870
10,2141
7,1697
7,2511
1,261
6,1758
2,669
8,3364
1,561
7,2413
10,3400
1,560
1,244
10,3117
1,551
10,3380
5,1226
3,693
3,1157
1,401
10,2803
4,1568
7,2310
6,1450
1,3445
6,2494
1,372
1,244
1,617
1,342
10,3086
7,2542
7,1656
6,1682
5,1374
4,2918
10,3494
3,1086
10,2447
1,530
10,3851
1,286
7,1953
1,409
1,359
9,2693
7,6847
10,2762
6,2044
1,327
9,2331
5,2036
10,3236
10,3418
1,535
3,1323
1,485
10,3230
1,396
9,2339
3,2801
5,1670
1,409
6,2126
1,392
4,1109
8,3043
10,2847
8,2956
1,456
4,3947
1,579
4,1735
10,2959
3,1085
1,390
8,2394
1,257
1,757
10,3033
4,1329
9,3004
4,1499
8,2564
1,582
7,2803
1,356
10,3103
1,247
1,603
7,2186
10,2370
1,252
6,2417
1,523
3,1081
1,603
2,828
9,3330
6,2100
6,2406
1,362
1,379
1,358
4,1216
3,903
10,3298
1,440
1,830
10,2761
1,309
1,579
3,924
10,2265
6,2064
4,1546
1,310
10,2274
1,359
10,2212
9,2440
10,3310
1,373
10,3797
1,322
10,2483
1,509
7,2466
10,2358
6,1572
6,2605
1,536
3,687
9,3163
10,3360
4,1375
1,287
1,421
1,582
1,291
6,2117
1,327
6,1857
2,1390
10,4401
1,585
9,1943
6,1472
10,5477
10,2952
1,332
10,2633
1,446
1,573
1,627
7,2141
1,457
6,4478
3,1373
4,1406
1,500
7,1766
10,3481
3,925
6,1796
1,354
2,642
1,409
7,2381
1,330
10,3180
1,437
6,1674
10,2693
4,1202
1,533
9,2925
10,3425
1,452
10,2493
10,3351
2,892
7,2261
4,1553
1,263
2,734
2,861
6,2130
8,2065
4,1345
4,2777
10,3536
10,3584
7,2369
10,2393
1,399
10,3663
1,492
4,1492
2,991
10,3322
1,290
4,2046
7,2266
9,2154
6,1900
1,446
9,3053
4,1695
3,1268
1,320
9,2857
1,288
1,480
10,3602
5,1628
2,499
1,521
3,1141
6,2040
1,419
10,2511
3,1515
9,3257
9,2945
1,406
2,798
3,817
1,319
9,3265
1,403
1,437
1,772
7,2161
3,1387
10,4131
3,899
1,620
6,2187
10,3423
1,420
8,2627
10,3372
1,329
2,894
1,345
1,295
10,3763
10,3363
10,2411
4,1432
10,2917
7,2381
1,581
1,384
1,465
4,1441
10,2205
1,303
4,1698
1,345
1,288
1,262
1,558
1,286
1,339
1,500
4,1517
10,4546
7,2216
1,411
1,570
4,1164
1,609
4,1635
1,342
1,384
4,1384
7,2247
5,1862
1,615
10,2866
9,3280
6,1902
3,1139
1,432
1,530
10,2579
1,387
7,7356
1,345
1,355
1,459
1,419
7,2505
3,1223
10,2835
3,2975
7,2595
4,1415
1,414
1,442
10,3157
4,1379
3,976
1,385
10,3317
4,1453
1,648
5,1224
1,271
9,2908
6,2623
10,3539
9,2314
1,437
1,494
10,2292
4,1730
4,6668
1,392
10,3267
1,439
3,834
5,1522
1,367
10,3223
1,478
3,1153
1,705
7,2194
1,540
6,1360
10,2245
2,791
1,387
10,3393
3,1062
1,283
10,3181
1,413
3,1312
7,2013
4,1568
1,417
6,11480
1,485
10,2437
6,2327
6,2328
1,253
8,3161
1,351
1,346
8,2274
1,284
1,768
1,541
10,3904
1,397
6,2078
3,1004
10,2576
10,4138
1,506
1,310
9,2937
1,362
1,525
10,3803
4,1063
7,2606
1,451
3,1319
1,382
7,2686
4,1322
9,2709
5,1827
10,3368
8,2285
8,6610
1,352
1,498
5,1859
3,821
4,1549
1,563
7,2397
1,353
3,4429
1,439
10,4588
10,3592
7,2325
5,1394
10,2999
1,383
1,361
1,440
7,2554
8,2704
10,3547
1,408
6,2614
4,15764
1,486
3,1115
9,3113
4,1348
8,2610
10,3295
1,248
1,386
10,2789
3,1257
3,5823
1,388
1,619
1,380
10,14579
1,471
1,836
10,2862
9,3034
5,1658
5,1446
10,3724
1,309
1,707
7,2128
1,631
1,531
6,2447
1,654
4,10585
1,436
7,2969
5,1976
6,2047
1,559
10,2995
3,2752
9,2306
2,781
7,2374
7,2870
1,460
1,574
7,2733
3,802
4,1406
3,1103
10,3612
2,839
10,3089
7,2582
7,2320
3,891
1,455
10,3148
1,513
6,3006
1,347
6,5416
7,2125
7,2333
9,3410
1,664
1,367
2,812
5,1668
10,2261
9,3267
10,14144
5,1092
1,386
7,9342
6,1644
1,543
6,1606
2,993
4,3890
1,701
9,3886
5,2129
7,1802
7,2808
10,2483
1,749
10,3332
2,648
10,3485
1,285
1,609
6,2161
6,2098
1,700
10,3933
10,3385
2,1070
3,774
10,3094
4,1361
2,1082
8,2929
1,3795
3,1021
6,1349
1,602
6,1680
1,526
1,403
2,886
1,520
9,3275
3,721
5,1261
1,250
1,616
10,2862
6,7106
1,1870
1,350
1,528
10,3062
7,2383
1,429
10,3594
1,346
2,905
3,1151
10,2594
7,1803
1,685
5,1706
1,350
1,490
1,426
10,3379
6,7349
10,3831
1,354
9,3277
5,1726
8,32946
7,2301
8,2604
10,2557
1,942
5,1207
1,407
1,515
1,276
4,1500
4,1696
4,1376
1,602
4,1557
1,350
5,1654
10,2138
10,2992
1,597
10,3935
10,3055
1,358
1,468
1,292
10,3382
4,1532
6,2175
1,450
1,524
1,337
4,1436
3,915
5,1916
6,1734
1,756
10,2252
1,572
10,3563
1,277
3,1151
3,991
9,4803
1,395
2,999
1,333
3,1180
1,368
10,2822
10,2276
1,575
2,671
1,421
4,1423
4,1834
10,3503
4,1116
2,887
1,498
1,430
5,13915
7,2345
1,262
1,425
10,3251
9,5940
5,2155
1,1000
3,1030
6,2214
4,1356
4,1730
1,525
1,530
8,3156
1,367
4,1414
1,286
10,3070
9,2205
1,29537
2,899
10,3861
7,2687
10,3151
7,2508
3,1225
6,2404
7,2847
1,347
1,367
1,469
1,242
2,756
3,1071
8,2866
10,12699
6,2131
10,3627
4,1354
6,2429
7,2528
1,529
1,447
1,661
1,499
6,2081
1,302
2,855
10,3267
4,1460
1,24599
7,2381
5,1431
3,1047
6,1505
10,2401
9,3153
6,2926
1,723
1,453
1,345
1,324
2,785
1,413
1,1889
2,18897
10,4986
6,1812
4,1231
6,2543
1,790
1,419
7,3572
1,624
9,5099
7,2313
1,284
10,5034
7,2512
5,1960
8,14198
6,2171
5,2256
4,1027
4,1391
1,403
5,1995
1,4773
1,713
1,368
1,390
1,233
9,7880
3,1372
6,2416
1,575
10,6921
6,2539
7,2232
10,3227
1,243
1,535
10,16673
1,731
6,2425
10,3444
1,336
1,542
9,3352
3,1182
1,475
4,1528
3,1355
3,941
6,9959
10,3552
9,5810
3,1155
1,731
1,465
1,557
1,405
1,476
4,1396
5,5506
1,503
3,1357
4,1387
10,3373
3,1183
1,373
4,1766
3,964
1,825
5,1665
1,385
10,3154
1,475
1,578
1,7652
1,502
6,2294
4,972
7,4094
4,2624
1,360
3,1186
10,3093
2,2373
1,418
6,1893
10,3147
1,461
1,498
4,3815
4,1428
4,1666
4,1320
10,3534
4,1129
1,541
1,511
10,3326
4,1405
3,1138
4,9571
4,1221
8,2716
7,2287
2,916
1,350
6,2261
7,2450
5,5440
7,2147
1,422
6,2035
4,1255
4,1231
3,1004
2,661
7,2644
1,546
1,484
7,2504
1,430
4,1616
3,915
10,2937
3,1129
1,393
3,1076
7,3746
7,2156
1,574
1,3247
10,3777
1,521
6,2013
5,9113
1,470
10,3991
10,2740
8,2308
4,1199
1,523
1,664
6,2029
4,1477
1,1464
4,2293
10,2214
1,488
1,378
4,2388
1,403
6,4645
6,2146
5,1578
10,3048
1,538
2,1130
6,1450
6,2106
2,1087
1,520
6,1663
7,3648
1,695
6,2527
1,353
4,1648
7,2111
5,2090
1,553
6,2098
3,1369
6,1471
1,483
3,1272
10,9956
10,2512
1,310
1,521
1,616
4,1464
3,1414
1,630
10,3879
1,312
7,2410
1,637
6,2029
10,3679
3,1348
1,472
10,2978
1,965
1,460
10,3244
3,1172
4,1078
1,517
1,598
1,298
10,3006
8,2890
10,4999
6,2065
2,966
6,1934
4,1407
1,464
1,527
1,333
7,2447
4,1328
1,558
10,2925
1,511
8,2448
1,711
4,1216
9,3213
4,1561
6,3313
8,2615
4,2401
1,556
1,12027
2,842
3,1163
1,423
2,2465
1,413
10,2369
2,843
3,1075
2,843
5,1668
1,484
10,7168
3,1351
1,366
1,428
6,2169
7,2580
1,386
1,643
1,287
1,411
3,1277
4,1735
10,3665
4,1642
10,14471
6,2124
1,846
10,3724
1,357
1,488
10,2688
1,555
1,670
1,371
10,4028
5,1810
4,1023
1,518
7,2915
6,1983
2,863
4,1360
4,1624
1,337
10,3204
1,388
10,2337
5,2255
1,416
2,697
4,1346
7,2157
6,2231
4,1370
1,353
3,1002
2,1159
1,492
9,54928
4,1493
1,281
1,352
2,2349
7,2493
10,3275
1,338
3,978
1,877
2,4408
5,2091
4,4645
7,3026
10,5836
5,1606
1,334
1,415
1,582
10,3925
6,1743
9,3151
1,412
4,2315
1,669
3,1122
9,8232
6,2328
10,4123
7,2726
1,329
9,3041
6,1999
1,663
1,640
1,8178
10,3377
1,424
10,2489
5,5518
6,1917
4,1484
7,2595
4,1596
3,1083
1,673
7,43277
1,653
5,1856
1,488
10,3431
2,24080
2,986
1,755
6,2584
6,2090
1,375
10,8054
6,2077
4,1525
9,4306
2,846
7,3378
1,297
9,4571
1,487
2,760
7,5704
1,563
9,18207
1,503
1,484
1,615
9,13755
6,1968
6,15370
4,1669
1,449
8,2589
1,713
10,3148
8,2420
4,1596
1,496
1,393
6,2708
1,345
4,1379
2,3846
3,1135
1,464
9,10159
1,634
10,2545
1,49363
5,1754
4,1533
1,509
1,552
1,349
5,1875
2,729
1,709
10,3135
7,2262
9,25798
5,11126
1,473
2,788
8,44930
5,1490
4,1408
1,649
1,329
9,2750
1,569
3,1054
1,693
2,795
6,1803
1,460
1,3120
1,396
5,1756
2,45934
10,2425
3,1002
1,566
1,302
1,379
2,851
1,390
7,2660
6,2123
6,1407
1,518
1,3879
1,407
10,3768
3,37656
10,2349
4,1383
1,382
1,472
3,1029
2,923
3,3148
1,381
1,486
6,1549
1,502
10,27255
1,409
1,502
1,489
10,2366
7,2228
4,1315
1,363
4,1361
1,442
1,421
1,754
1,366
6,2427
4,1482
5,1682
10,3644
10,3210
1,424
2,917
10,3143
1,695
1,430
2,792
9,3663
3,1310
10,3693
9,3142
4,1708
6,2110
1,346
5,2002
2,973
1,682
10,3848
2,741
3,1224
1,560
3,963
5,1973
8,4248
3,1198
5,1812
10,3455
1,501
6,6331
10,3444
8,2924
1,650
10,8064
1,1463
1,356
7,2418
1,321
1,613
5,2576
1,691
1,648
3,982
3,1032
1,468
8,2923
10,4069
4,1427
2,757
1,394
1,536
6,2067
1,436
1,639
4,1536
1,542
2,5420
4,1617
3,1026
3,1044
5,1923
9,3064
4,10946
8,2608
1,380
6,2039
8,2778
1,332
8,6011
7,2459
1,435
8,2928
4,1701
1,396
5,21851
5,1765
2,946
7,7344
4,1789
1,580
6,2088
10,2507
7,2346
1,3803
2,757
1,522
4,1220
7,2436
4,1310
3,8679
10,3702
4,1500
7,23709
4,5076
6,1997
6,2024
5,1746
3,7988
9,13215
1,539
10,2544
1,522
3,1194
1,556
1,476
10,3947
4,1545
6,2134
3,994
1,648
8,3142
2,802
1,6400
10,3538
4,1968
1,458
1,477
4,1114
1,508
1,8325
2,4079
3,1207
1,524
2,640
1,470
1,366
5,1225
1,474
1,5032
3,1369
4,1953
1,469
10,2875
3,1147
6,22891
2,1010
4,1572
10,73452
7,7200
1,437
2,839
10,2178
1,527
8,7210
6,3744
6,2410
1,695
1,473
3,1105
1,431
5,2528
7,2411
6,41896
6,4794
1,467
2,672
1,593
3,4071
5,7458
6,2692
3,1088
1,898
1,412
2,690
2,715
10,4168
2,859
9,40219
4,12791
1,2702
1,681
10,3928
1,414
1,738
6,2310
7,2327
3,971
1,431
8,2566
1,516
2,26869
6,2274
1,472
1,1664
1,501
5,4805
10,14338
2,4863
1,506
1,418
6,1815
1,507
1,404
2,804
1,452
8,3887
1,564
4,18303
9,8648
1,424
1,536
2,1059
8,7991
1,2431
5,7452
6,1682
3,1416
1,460
6,3482
3,1137
4,1465
1,641
2,34258
1,18803
7,2254
1,756
10,4101
1,468
1,366
1,353
10,5011
7,5740
7,2293
7,2615
1,2419
4,2797
1,719
10,8844
1,1506
4,1413
8,16219
9,10545
4,4819
1,402
10,3519
4,1071
5,1774
6,1766
4,1573
3,1171
3,1316
1,491
6,2099
4,7577
6,2067
10,3867
2,1250
1,397
5,3033
1,586
5,2036
1,977
1,478
1,799
2,689
7,2634
1,456
1,329
1,2556
9,2855
8,8799
8,2815
5,17539
10,13585
1,331
10,2908
1,379
1,400
4,1532
1,1253
4,14606
7,2507
1,493
10,17220
2,865
9,2771
4,24142
1,416
1,642
1,604
9,2483
1,331
1,403
2,1050
1,492
2,980
1,359
1,302
1,394
1,591
10,3334
3,1130
4,2370
1,519
1,1077
5,1562
1,302
1,393
6,5089
1,408
6,2128
1,648
5,1547
1,362
5,2978
1,359
4,1488
1,550
9,12382
2,810
4,1453
1,411
1,357
6,2296
4,1295
1,579
10,14953
1,6006
7,28794
1,549
5,9304
4,1304
4,1434
1,515
2,762
3,786
1,267
10,2598
5,1816
5,1608
1,400
1,480
9,3080
6,3261
9,3494
9,3633
1,466
3,1065
3,1151
1,370
1,273
3,1147
5,1776
1,733
1,409
7,4342
1,517
1,361
1,339
1,5897
3,1189
1,405
6,2109
5,1682
1,533
6,7950
2,701
10,3660
1,648
8,10493
6,2054
6,1948
1,452
1,493
1,451
3,1018
2,720
6,6700
7,2137
1,323
7,2713
2,869
8,2007
2,1412
7,2331
9,2712
9,2909
6,17678
2,682
5,1874
4,1495
1,371
5,2179
10,3664
1,418
10,3930
8,2729
5,1392
2,1153
4,1480
4,5722
1,454
4,1419
1,398
9,4270
5,1685
7,27081
1,609
5,1860
1,415
5,2316
3,1033
10,3719
1,657
1,455
10,10298
1,363
1,483
1,364
5,5566
1,519
1,340
1,1682
8,2086
5,2011
1,347
2,877
1,369
1,619
3,4820
1,382
4,33201
1,446
1,486
6,3626
1,729
1,383
2,737
10,13833
2,10886
1,401
7,2458
10,2298
5,1973
7,2645
1,3600
2,1085
6,1946
1,388
3,1202
1,429
1,382
5,1854
2,918
5,1849
1,246
4,1556
2,815
3,1449
6,2144
2,636
10,3448
1,410
1,335
3,1297
1,276
1,385
5,1558
10,3574
1,544
1,232
1,573
2,2431
10,4133
5,1560
1,463
1,516
3,1793
10,8883
1,436
1,405
1,355
1,394
1,678
8,10659
1,240
4,1370
10,4412
1,694
1,558
1,644
6,2184
3,1319
1,492
1,623
1,314
1,441
8,7205
10,3068
8,2879
1,260
6,2587
9,3407
9,3058
1,600
1,2004
1,580
1,396
9,2896
2,926
1,284
1,509
9,2880
2,733
9,3190
1,232
6,2841
2,895
8,7558
3,1034
4,1641
1,533
1,509
1,412
3,1042
1,371
6,2233
1,536
5,1366
5,2031
1,284
5,2064
8,29106
8,2783
1,407
1,376
1,799
1,451
5,1670
8,2901
1,359
1,477
10,3211
5,1754
8,2431
1,363
1,1371
4,1316
1,529
2,763
1,519
5,1805
1,1192
9,13772
3,1105
1,297
7,2305
8,2629
1,349
9,3513
1,264
1,782
3,1127
9,3432
5,1923
1,636
1,427
1,398
1,2019
2,732
7,2273
10,2954
5,2032
10,3107
2,660
10,3843
2,928
4,1418
1,496
5,1955
1,427
9,2971
2,2234
6,2124
5,1766
3,1162
6,2150
10,3717
1,290
3,1212
8,2739
2,890
4,1426
10,6984
9,9879
10,9991
4,1543
2,645
3,7455
4,1534
10,4105
6,1916
1,478
1,229
3,1140
5,1745
1,639
7,2188
5,1841
8,2952
6,6806
6,2097
3,2425
3,14322
1,717
10,2725
2,763
9,5007
1,255
5,2166
10,3160
5,2169
2,783
9,3211
3,15374
3,1540
8,2629
2,1131
1,373
4,1665
5,1308
10,3243
9,3161
1,282
5,1718
10,3440
5,5184
1,426
1,532
8,2861
1,1639
3,876
8,3373
2,804
7,4246
9,9464
4,19574
5,1942
1,266
7,2830
10,2603
8,11375
1,484
1,448
9,3529
1,451
2,840
5,1955
3,1217
5,5506
5,1327
1,3328
3,4691
1,287
2,880
2,834
2,4924
6,2036
1,1035
10,20266
1,374
3,1037
4,1579
2,833
1,344
1,418
1,583
1,519
1,259
10,3259
2,801
9,4371
1,383
3,1113
5,1792
6,1680
3,1172
6,2599
3,980
1,481
2,849
1,595
1,574
1,616
10,3423
10,3237
10,7077
1,493
1,515
10,3761
5,4457
3,1393
4,1489
8,2689
1,661
1,481
4,7352
1,484
8,2898
8,2803
8,2729
8,2408
1,444
1,484
7,2683
9,5098
2,943
1,544
4,1438
3,1993
5,1307
9,2692
1,753
9,3698
5,18185
5,1664
9,5767
10,12417
1,399
1,404
4,1723
1,388
4,2130
5,1698
4,1449
5,1707
5,1740
1,430
5,1528
10,2362
1,2559
10,3519
1,405
1,587
3,1339
3,1355
5,2074
3,1292
2,780
1,359
10,2905
9,11498
1,524
1,373
2,786
5,1878
5,1996
4,1442
1,437
1,544
2,886
4,1638
2,740
4,1439
6,2150
10,3891
6,13340
1,488
5,1793
2,986
4,1659
3,1165
1,427
10,3214
1,543
1,356
2,907
6,1911
7,6377
1,618
8,2812
3,1086
1,617
3,904
1,531
3,1185
1,640
7,25822
5,1616
1,727
2,3054
7,2250
6,2229
4,1562
1,625
9,2895
3,996
3,955
10,2879
1,438
4,1552
8,3556
1,438
5,1310
1,488
3,1314
4,1584
1,462
1,349
7,2665
5,2052
1,393
1,325
7,1873
1,280
9,9287
3,13024
1,498
2,916
3,1030
4,1494
4,1541
5,2681
3,1376
6,2243
3,1207
2,693
1,680
10,2559
10,3421
1,873
1,12307
1,497
10,3592
1,291
8,5181
3,1528
1,499
6,2472
1,377
10,2439
1,323
4,1916
1,354
1,425
6,2441
1,455
6,32638
8,2954
1,547
5,1802
6,2177
2,793
1,440
1,438
7,1905
3,1389
5,1528
10,3457
1,452
10,3658
1,283
1,488
5,1913
1,469
4,1474
6,1982
5,4170
2,710
5,2168
10,2651
3,1244
7,2370
10,2250
1,636
1,434
1,383
10,2812
6,2038
1,560
2,669
6,2253
5,1799
6,2126
1,582
10,2498
8,2792
3,1290
10,2675
2,620
4,1307
7,2513
1,495
2,933
1,335
7,2349
1,372
3,1162
1,658
1,489
10,2690
2,955
10,6158
9,3175
1,262
1,399
1,291
6,1910
1,689
5,1711
4,1289
1,444
8,2877
1,494
1,618
1,544
5,1775
8,9416
2,885
1,418
1,680
1,294
1,320
2,706
1,361
1,431
5,1798
8,2601
1,436
1,639
1,353
4,1451
2,909
10,3332
1,478
1,399
1,400
9,82235
4,1337
5,1281
1,574
1,524
1,386
5,1633
2,820
1,282
2,1069
2,2788
3,1069
6,1466
1,872
1,418
9,42505
5,2022
7,2500
3,1142
1,531
9,3209
1,408
2,626
1,316
7,2521
10,6681
8,2539
1,272
1,547
1,495
4,1262
6,2233
8,1808
1,502
1,536
10,3363
6,2004
1,480
1,266
1,1038
1,1820
8,2777
1,254
1,633
1,367
1,332
10,3121
10,3019
1,521
1,518
1,566
1,630
5,5410
1,252
4,1488
5,1552
10,3390
8,2951
7,30677
5,1306
3,1011
9,3222
2,802
1,686
1,419
1,625
1,504
8,2938
1,251
1,365
6,1640
6,1584
9,3690
1,505
5,3612
1,323
1,410
5,2026
1,510
1,580
5,1464
1,466
1,399
1,253
4,1397
10,2424
1,656
3,1085
1,404
2,907
6,1890
8,2723
2,614
1,529
1,441
10,3486
1,474
8,3355
1,247
1,535
8,3149
1,617
10,3904
1,452
10,9139
1,464
10,6685
2,959
1,541
2,1110
1,507
1,476
10,2957
1,255
1,527
9,2735
10,3779
8,2932
9,12618
5,1655
1,24186
1,622
10,3254
6,2242
1,524
1,530
1,1098
9,3043
1,257
3,1096
10,3436
1,350
4,1201
2,1329
8,2639
2,710
5,1747
1,926
6,5260
2,680
9,3135
2,778
5,1637
10,3747
1,511
5,1996
1,641
7,1970
10,3148
2,733
9,42653
4,1075
1,422
1,688
1,551
1,365
8,3784
10,3404
10,4267
1,357
3,985
1,551
10,2522
1,618
2,856
3,1073
1,282
6,2174
1,564
1,442
1,338
1,482
1,2584
9,2089
6,1619
4,1439
1,601
10,2406
6,2307
10,3530
2,955
1,380
5,1680
6,2392
5,1924
7,1486
5,1758
9,9981
10,2531
6,4333
10,2387
2,830
10,3610
1,659
1,290
3,1282
1,255
10,2862
1,726
5,2475
1,576
1,338
3,1309
3,1259
1,275
7,1945
1,570
1,506
9,3037
5,1259
5,1979
1,244
8,2851
5,1518
10,17785
3,831
1,612
3,1119
8,3044
6,1680
10,3355
7,2833
10,2500
1,461
6,2020
8,2782
1,230
9,3084
1,639
1,391
1,312
10,3629
5,1408
6,2075
1,306
10,2201
1,477
10,3224
5,1850
10,2113
4,1373
1,306
9,3007
1,381
3,1016
1,355
9,11216
5,1532
10,3225
1,495
1,370
1,483
9,2362
1,734
10,4298
7,2190
1,231
10,3289
2,4015
8,2615
1,536
8,26079
7,2480
10,2223
5,1716
1,254
1,470
2,585
4,1749
8,2542
2,727
1,277
5,1694
2,4316
9,2871
1,543
9,3315
2,913
7,2322
1,338
1,247
4,1669
10,3674
6,2243
9,2899
4,1489
1,297
4,1468
5,1797
5,1670
3,1189
10,3329
10,3507
2,891
1,507
1,235
5,1961
1,394
3,1021
5,1704
4,1439
10,3671
10,3025
5,1757
10,3613
10,5367
1,470
10,3489
4,1400
5,1700
1,252
10,3488
3,1119
3,1200
4,900
1,640
9,1939
1,323
10,6638
8,38280
5,1886
9,2458
8,2799
5,1638
1,512
1,250
5,1352
1,501
1,1311
4,1369
1,564
10,2609
10,3425
8,2783
1,457
7,2519
3,1250
5,1854
10,3049
1,430
1,235
10,3625
1,424
1,701
10,2537
3,1128
10,3332
1,549
8,2979
9,3493
2,1131
3,1284
10,3377
5,1254
2,770
1,250
2,900
8,2587
1,816
10,2304
1,473
10,2364
1,269
3,1157
4,1390
10,3592
5,1912
1,628
10,3478
5,1561
1,249
10,3489
1,679
2,728
6,1384
1,528
1,280
1,224
1,472
3,1520
8,2751
4,1264
1,489
10,3257
1,381
1,245
10,3628
8,1928
3,1522
10,3461
1,503
10,3441
1,264
8,7217
3,1138
2,840
7,2085
1,364
2,880
5,1566
10,2583
10,3359
1,378
5,1985
1,287
1,20005
9,3387
1,258
5,1722
5,1886
1,645
10,3272
1,278
10,3335
1,477
1,502
8,4425
1,457
8,2570
1,283
6,2080
9,2453
1,235
1,647
7,2503
2,952
5,1631
1,335
1,612
8,2590
10,2883
2,877
1,501
2,825
1,299
1,444
8,2352
1,232
1,536
10,3140
10,3410
10,3486
1,477
1,644
10,11348
9,2710
10,3016
2,669
3,1056
1,403
6,1887
3,1026
1,238
7,2507
8,3004
5,1515
3,8494
1,422
1,605
9,2722
10,3598
8,2714
1,319
5,2056
1,350
1,411
1,469
1,277
9,3891
10,3066
6,1445
1,453
1,269
1,342
9,2886
3,926
4,1061
1,288
4,7705
1,332
5,1725
7,2717
10,2500
3,1306
5,1851
10,3721
8,2703
1,323
1,306
10,3643
8,2818
7,2285
1,1227
7,2601
1,248
1,371
10,2407
10,2653
3,1007
1,473
8,2402
1,396
1,285
1,393
9,2668
7,2456
6,2426
10,2506
2,912
1,243
6,4252
10,3225
10,2354
5,2084
1,299
9,3260
1,421
2,894
1,319
1,399
10,2297
5,1561
7,2593
1,507
1,363
1,464
10,3285
10,3257
5,1701
1,301
3,1565
1,293
1,462
1,282
3,793
10,3682
1,369
2,768
4,1333
1,273
1,556
3,983
2,891
7,2484
1,273
10,3929
1,365
2,1065
1,262
3,1177
7,2385
1,577
10,3246
4,1414
10,2415
1,511
2,947
3,2250
2,884
1,257
5,1291
1,420
5,1901
1,269
4,1565
2,924
6,2275
5,1748
3,1788
1,241
2,1017
7,2513
8,2747
10,3442
1,270
4,1074
1,257
10,2976
10,4394
5,1958
10,3551
1,372
8,2876
6,2303
10,2462
2,951
1,585
3,1024
10,3208
1,266
1,667
1,244
9,3514
10,3049
7,2027
5,2090
1,377
5,1475
6,2119
9,3018
1,677
3,1498
8,2735
5,1186
1,353
1,387
1,299
8,2812
8,4936
3,1115
3,1066
1,295
10,3482
5,1768
2,566
5,1845
1,550
7,2671
8,1885
2,750
1,366
1,271
10,3422
7,2631
10,2716
10,3958
1,260
10,2829
1,490
8,2675
5,1886
1,455
10,3074
1,323
1,290
1,365
1,258
1,501
4,2793
5,1814
5,1294
1,312
2,839
1,662
3,1080
1,530
1,271
10,3135
1,368
1,451
1,350
10,2463
5,1772
3,1311
10,9468
10,3535
1,261
10,3449
1,641
8,2356
9,3305
1,243
7,2085
1,553
10,3349
1,358
2,847
10,2465
5,2397
1,947
1,605
1,295
10,3435
1,383
6,1438
10,3987
1,295
7,2232
1,398
2,842
1,359
9,2659
9,2003
6,3203
8,2666
1,650
1,292
10,3433
1,612
10,2659
9,5647
1,279
2,2054
1,421
1,477
1,391
5,1385
10,3413
6,1659
1,617
10,3270
2,920
8,2810
1,690
10,2875
8,9222
1,327
10,3497
1,338
5,1462
1,289
6,1873
10,2328
10,3361
2,971
1,352
3,1064
2,695
1,535
10,3850
10,10775
1,338
3,839
1,319
6,1556
1,250
10,2229
1,357
6,2120
1,471
1,547
6,1802
6,2239
2,815
7,2769
5,2009
1,951
10,3464
1,310
10,2325
10,2557
10,3764
10,3353
2,546
1,570
1,418
4,1437
1,675
1,355
2,955
9,3301
10,3150
10,2749
1,332
8,3418
7,2215
3,1175
10,3384
4,1600
1,540
1,383
5,1983
1,529
2,660
4,1579
3,1115
7,2434
1,312
1,289
9,2584
10,2664
5,1254
10,3057
6,2282
1,416
1,392
6,3828
1,460
1,466
6,1720
3,1102
10,2375
1,397
2,985
3,1094
10,2450
4,976
1,364
5,1560
1,428
1,383
4,1242
4,1685
1,583
10,3385
5,1715
10,2500
1,427
1,530
5,1632
10,2415
10,3058
9,2310
4,1521
1,404
1,394
8,2861
1,594
1,401
10,3410
5,1769
10,4157
1,404
2,658
4,1284
1,508
7,1818
1,263
8,2218
1,389
1,350
4,1099
1,633
1,413
4,1494
7,2310
10,3607
1,415
10,3532
10,2682
10,3357
10,2464
10,3167
4,1382
1,361
10,3050
10,2321
1,451
1,352
10,3660
10,3298
8,3434
1,555
5,2410
10,3149
9,2899
10,2517
1,350
10,3764
2,762
2,897
10,2215
8,2735
5,1605
1,460
5,4894
2,706
1,331
5,1558
7,1915
2,781
10,3369
1,418
10,2569
8,3204
10,3298
3,1441
1,598
5,2014
1,448
2,538
5,1760
1,258
10,2962
10,2301
3,1276
1,350
1,394
10,3786
10,3781
8,7369
10,3076
6,2787
8,2791
1,484
10,3886
4,1136
1,388
8,2884
1,379
8,3053
10,2491
1,408
1,402
6,2537
10,2984
10,7546
2,646
10,3753
1,733
9,3130
5,1775
1,280
9,3564
10,2988
8,2648
10,3351
1,327
3,963
5,1837
4,1481
7,9643
1,432
8,17918
1,1669
1,417
6,1717
10,2406
1,723
10,3634
6,2015
1,505
1,276
1,708
10,2174
6,1882
6,2873
7,2619
8,2955
1,383
1,378
7,2488
10,3384
5,1962
10,3525
10,3083
1,411
1,314
1,425
10,3693
5,2129
6,27673
1,535
9,3340
1,366
1,326
5,1823
10,14576
5,2220
9,2799
10,3255
1,449
1,326
1,281
1,2757
8,2729
1,23555
4,1416
10,3628
1,437
1,263
6,1920
10,6126
10,3427
1,427
2,856
9,2959
3,1099
1,484
5,3317
6,2053
4,26234
1,412
1,591
1,378
1,383
4,1425
2,924
9,2069
1,237
7,2454
1,391
8,3136
1,285
4,2403
6,2083
3,16114
6,1836
1,393
1,397
1,402
2,526
4,1172
10,2488
1,245
10,3570
1,327
6,2651
1,316
10,2535
10,2396
1,742
10,3060
5,7008
10,4702
1,376
10,3368
4,1062
10,2152
1,404
5,1801
8,1775
10,3528
1,291
9,2236
2,459
8,10224
6,2067
3,2050
10,7132
1,374
6,1700
8,2711
1,292
1,349
4,1373
1,633
2,749
1,259
10,2829
4,1602
1,557
4,1306
1,648
10,3277
1,373
4,1397
6,2022
10,3397
1,579
1,361
1,336
7,2020
1,261
10,2154
6,1646
5,1975
8,5130
3,1296
2,624
1,373
1,557
8,2062
10,2351
1,335
1,256
1,408
10,3388
7,2313
10,2138
5,1736
1,683
3,984
4,1155
4,1525
1,397
3,992
5,2183
10,2554
1,288
1,299
1,846
3,1083
10,18166
1,514
2,3291
1,597
4,1154
5,1765
8,2482
10,2472
1,486
6,1718
9,2306
1,265
1,272
1,272
4,1347
10,2998
10,2875
4,1330
2,957
10,2567
9,2082
5,1876
2,888
1,296
2,877
1,511
1,274
1,1003
10,2413
7,2271
3,2694
10,2650
10,2483
1,360
10,2768
7,2348
6,2099
1,414
1,405
6,1643
1,400
10,3256
1,440
2,741
10,3128
1,563
1,638
8,2122
6,2219
10,2461
3,917
7,2704
6,1987
5,1482
6,2133
1,374
3,1147
1,437
6,2033
10,4086
7,2792
1,555
4,954
1,370
3,1346
10,4804
6,1958
10,2388
1,237
4,1251
1,521
8,2466
1,308
10,2992
10,3403
7,2355
1,689
10,3478
4,1368
10,3761
10,3643
10,3350
10,2832
1,312
10,2856
1,274
6,1979
1,294
10,3337
10,3694
5,1665
1,450
1,498
7,5139
10,6678
5,14564
2,607
8,3038
4,1038
2,646
1,555
10,2620
1,542
10,3808
10,3593
6,1846
9,3274
1,532
9,5128
7,13276
10,3443
6,2150
9,3498
1,359
5,1600
1,326
10,3314
10,3279
4,924
1,506
3,992
1,490
1,472
4,7929
6,5705
1,337
6,2108
4,1303
1,277
4,1190
1,328
7,2499
5,1919
5,1215
10,3698
6,2255
1,452
1,464
1,635
1,718
2,901
4,1367
3,751
1,276
8,1854
1,273
2,714
10,3612
10,3227
1,1301
9,2872
1,464
1,323
1,398
5,1860
1,648
5,2716
10,3331
1,304
1,425
1,248
5,1808
10,3550
5,1735
1,388
4,2017
2,1011
1,269
1,417
1,598
1,550
3,885
7,1821
6,1501
10,2659
10,2431
4,1387
10,3163
10,3365
10,19629
4,1434
1,431
1,260
1,625
4,1556
1,366
4,1119
10,3364
8,1871
1,239
3,897
10,2834
2,811
10,2973
1,388
3,1226
3,969
1,262
3,5525
1,502
1,343
8,2706
10,2206
10,3692
1,346
8,2700
10,3136
10,4509
10,3626
1,620
1,375
1,413
1,368
4,1471
1,39455
1,607
10,2376
10,3592
10,2243
1,494
7,2534
5,1840
8,2838
2,681
1,614
5,1888
1,513
1,240
5,1730
3,39345
5,1824
4,1499
1,484
10,2321
1,354
10,3420
10,3433
2,2681
10,2990
1,408
4,1742
8,2485
10,2352
1,412
7,38651
1,448
10,3152
10,3277
3,908
1,409
10,2903
2,972
4,1676
10,3346
1,490
5,1880
7,4197
3,897
2,849
4,1440
5,1822
1,443
10,3208
10,4779
1,333
7,2245
10,2581
8,3056
1,470
1,482
1,504
6,2191
10,3645
10,22013
1,385
1,367
1,287
9,3169
7,2436
1,289
2,558
10,13202
6,2203
1,458
1,411
2,654
10,3146
7,2900
2,735
3,913
1,325
1,288
1,485
10,3601
1,371
3,982
10,7115
7,1868
1,468
4,1351
2,652
10,3114
10,4314
3,1291
5,3758
1,400
1,274
1,301
1,608
1,419
10,2393
8,2443
5,1436
1,597
6,2190
7,2406
10,3421
1,753
5,1781
1,1555
1,330
1,255
1,312
7,2667
10,2176
3,977
1,421
6,2033
8,2773
5,1450
3,962
3,1156
8,5649
3,1070
9,3200
10,2399
1,248
1,267
3,1344
10,2264
7,1917
1,323
6,1780
1,587
4,1339
5,1540
4,1448
3,1200
1,565
1,342
10,3382
1,250
1,348
5,1994
10,2467
10,3260
1,322
2,941
1,473
2,881
4,1290
10,2459
6,4383
7,14740
4,1323
8,3258
1,265
1,269
3,1313
10,3675
10,3819
1,283
4,1541
1,480
8,4257
1,320
7,1674
6,2080
8,2912
1,364
9,2905
1,384
1,386
6,1974
6,2108
2,1020
1,366
6,1635
6,2096
4,1374
10,8517
10,3550
2,712
5,1811
9,4725
5,1205
1,412
1,510
1,3677
1,483
10,3336
1,292
10,3318
1,365
10,3346
7,6514
10,3207
5,45934
4,2197
1,408
5,1773
10,2427
1,384
3,1552
3,1096
10,7928
1,353
3,890
1,318
6,7336
3,1106
10,3663
4,4369
7,2430
1,493
10,2441
2,606
1,262
1,541
4,3386
10,3637
1,273
1,412
1,348
2,656
5,1582
10,3642
7,5757
1,653
7,8483
10,3769
8,6818
10,2266
1,507
3,1089
8,2983
1,484
5,1482
10,3822
4,1005
1,377
1,3834
9,10220
1,1815
1,484
4,1160
7,2710
3,1123
1,433
7,9086
1,527
1,333
1,344
4,1379
5,1411
1,458
10,7471
1,590
2,855
1,499
10,2532
10,11461
8,3155
1,473
5,1792
1,514
10,3311
1,306
7,2172
6,2034
1,340
10,4246
5,2189
4,1685
6,2270
10,2371
3,29636
10,3064
1,463
2,824
1,591
4,2561
1,283
5,1660
6,1467
1,477
1,506
1,414
1,661
1,513
6,1513
1,32091
10,3399
6,2277
3,1006
1,535
6,4471
1,324
6,2024
8,1688
3,1317
1,496
4,1318
3,1152
4,1345
10,3626
3,1134
10,2821
7,4347
9,2984
1,410
7,6563
1,295
2,972
10,3379
1,358
1,544
4,1560
3,13652
2,798
10,3098
5,1598
2,896
1,493
9,2846
1,569
5,1641
4,1360
10,4059
10,2211
1,424
1,484
3,1136
7,2744
5,2048
2,594
7,17164
7,2450
9,4100
7,2382
1,1030
6,2048
1,290
6,2325
10,2209
8,42636
2,1225
1,628
8,7844
6,2118
1,392
6,2148
5,1883
1,427
6,4955
1,601
2,957
1,262
3,1153
3,749
5,58274
4,1902
1,816
1,5401
10,17191
1,411
3,1171
10,3005
1,527
3,1162
1,471
6,2672
1,254
5,1366
10,2336
1,367
1,382
4,1361
1,557
2,738
1,366
6,2306
5,2133
1,600
5,1620
1,519
6,2128
1,249
4,1295
1,471
8,61221
1,549
1,496
1,542
3,1025
8,2774
4,1436
10,3511
2,901
1,621
10,3382
3,938
8,2495
8,2664
1,540
4,1264
1,373
1,551
1,435
1,531
1,423
7,2261
10,3603
4,1621
1,427
2,833
4,1346
4,1059
4,1183
7,2287
3,960
1,310
1,424
6,2829
8,2737
3,742
9,2984
10,3565
3,2053
1,593
4,2227
10,4427
10,3601
10,2475
10,18375
1,520
1,387
2,970
1,1936
4,1439
1,608
4,1499
2,1172
5,2203
4,1445
6,2331
5,1116
10,2165
10,2270
10,11534
2,800
6,2265
1,484
6,29098
3,17777
1,588
4,1359
10,3363
4,1639
5,3055
7,2924
4,1072
10,2108
10,3314
1,476
1,352
8,2452
1,520
1,589
4,1283
1,511
3,920
10,3799
4,1867
1,405
5,2134
8,2450
3,819
3,899
1,550
2,655
7,2522
1,397
4,2085
7,2488
1,493
1,467
8,2963
3,1244
1,527
8,3119
4,1555
10,6240
10,3820
1,499
6,14722
5,2234
1,651
6,3269
5,1839
8,2387
1,404
1,512
1,631
1,493
6,1649
10,2351
7,4603
10,4045
1,495
1,442
6,3343
10,3597
2,838
1,620
1,423
5,1796
1,482
7,2687
5,1734
4,1197
10,2475
7,8521
1,529
1,521
1,612
2,2049
2,877
4,1378
1,652
10,7440
1,379
1,497
2,1158
1,393
3,1164
3,1131
1,44314
1,558
1,418
6,6810
4,1745
5,1882
5,1796
1,602
1,352
1,565
1,588
5,2632
1,450
4,1391
10,3565
3,42858
7,2462
1,344
6,2356
10,3233
1,407
2,747
1,431
6,5473
1,504
1,674
6,2606
1,548
10,3166
7,4760
3,26286
1,566
1,457
5,2335
3,1109
7,3964
1,370
1,2107
10,3313
1,434
1,623
5,1952
1,466
5,1589
10,3304
8,30499
1,493
8,2765
4,2716
5,1918
6,2187
2,11288
3,7591
10,3385
5,1873
1,431
3,1230
1,475
6,1723
1,650
5,1823
1,616
1,400
2,9172
4,1250
3,1161
10,9955
6,15179
2,1031
10,37399
1,406
2,970
1,466
10,2675
1,622
2,803
1,623
4,3390
7,26225
8,2466
4,1469
3,1182
2,818
7,6752
1,527
1,359
8,2912
7,2384
10,2424
1,557
9,2883
8,3150
3,1031
10,11159
6,1731
8,9857
1,404
6,2461
4,1612
1,481
1,375
7,2520
10,3368
10,2436
1,605
6,2257
1,406
2,4333
1,593
10,2555
3,1081
1,505
1,359
10,3741
1,467
10,3421
2,667
3,1174
3,916
1,555
9,8998
1,535
6,5860
3,3373
10,3021
5,2337
6,2144
1,446
10,3463
7,2332
4,1501
4,1569
5,1735
10,3973
1,3360
4,1263
1,464
6,5540
2,779
10,2477
1,380
2,783
2,683
2,852
1,451
7,2312
1,539
2,822
10,9282
10,9291
7,3492
10,42529
9,7673
2,851
2,887
4,1766
6,2953
8,6449
10,3825
5,30030
6,1734
4,1856
9,3065
1,2249
1,500
1,378
1,40112
4,1478
6,7306
10,3657
6,7031
4,1484
2,6346
8,2762
1,642
6,1671
3,1304
4,1386
7,12677
1,546
1,1588
2,909
2,2956
7,5069
1,624
8,6677
4,1315
6,1545
10,3585
5,1545
10,2405
1,19508
5,1566
1,663
1,462
1,535
3,979
3,1242
4,1449
10,3306
3,17324
1,538
1,569
10,3672
2,44799
2,577
6,20103
1,357
1,613
1,563
4,1580
5,2004
4,1538
4,1328
1,533
2,642
2,866
1,598
10,8772
3,822
6,2114
8,16285
1,511
1,728
1,539
1,397
6,2325
6,2629
1,340
1,654
6,2345
6,2084
4,1643
2,20080
1,364
3,1427
3,17091
4,1555
1,12558
3,1071
1,1014
6,2286
4,1399
1,395
1,543
4,1674
6,2170
10,21690
1,370
2,2507
4,1715
6,2265
3,1046
1,530
8,29502
3,1064
7,2256
1,521
1,471
8,5328
5,1809
4,3955
3,1262
1,559
8,6042
6,2256
1,535
10,3735
10,3435
5,17549
1,439
4,1507
10,3414
1,360
1,549
6,4295
5,5446
5,5969
1,555
7,2187
4,1421
1,650
2,915
1,435
2,876
3,952
3,1266
7,2548
2,1888
1,534
5,4934
9,3248
4,1350
1,430
4,6304
8,2599
4,1529
6,2068
1,568
9,2988
5,2574
4,1337
5,1675
1,531
6,4336
4,1544
6,2118
1,402
1,502
1,481
4,1811
1,628
3,1055
1,727
6,2141
5,1589
1,361
3,966
1,392
1,379
2,694
7,2666
2,5683
1,557
4,1528
10,14183
6,2078
8,2846
1,679
7,2260
1,542
5,1844
2,706
1,415
1,411
10,3042
5,7604
1,525
8,5600
3,1147
10,2970
2,974
1,587
1,43764
4,13959
10,3388
4,1606
3,1128
1,389
1,676
2,832
3,1161
1,400
4,1658
3,1234
10,2234
1,392
6,2076
8,2954
5,12451
1,495
1,625
6,6827
2,816
1,2070
3,1032
1,400
7,2266
1,703
2,1275
3,777
4,1401
4,1506
3,1305
3,1022
7,3078
5,1921
2,825
1,488
1,672
1,377
6,2149
6,2403
1,686
8,2704
10,3138
7,23260
6,2130
3,1131
1,1176
1,462
10,7674
8,4372
4,1456
4,1361
4,1445
1,428
3,985
7,6463
6,16360
10,4135
2,909
2,971
2,793
5,1647
5,1669
5,2221
1,464
1,376
3,1422
5,1850
1,533
1,598
1,429
6,1844
7,2206
1,607
4,1590
3,10730
4,3323
2,713
3,1023
5,1646
6,1842
5,1694
2,1050
1,437
7,2523
5,1572
4,20938
1,610
1,472
5,1971
6,2130
5,15147
5,1594
7,16842
1,369
6,2300
9,24060
6,6791
3,1036
4,1485
1,285
6,18001
1,613
3,1019
3,1168
9,3141
2,763
1,520
2,9424
1,368
1,404
3,1032
1,486
1,492
4,1734
6,1608
2,921
10,3141
6,2074
2,2341
9,6802
10,3513
3,1040
3,8866
1,449
1,524
6,1828
1,524
8,6160
1,493
6,1720
2,687
1,604
5,25610
7,2331
7,2469
7,6158
1,543
2,861
1,458
9,11629
7,2261
1,496
1,354
1,425
2,701
5,3992
1,500
10,24492
1,316
2,834
3,1994
7,18286
5,2083
1,368
8,2947
6,7301
6,2314
7,2452
2,726
10,7353
4,1455
1,398
1,446
1,563
1,460
2,831
1,493
8,2650
1,411
6,2250
3,1474
7,2260
6,2061
6,2316
6,2038
10,7545
1,536
1,564
6,6303
5,1916
5,3336
5,1553
1,327
1,477
1,671
5,1857
1,407
1,540
4,1482
3,936
1,1068
1,515
2,1467
1,511
2,678
3,1207
8,6748
1,580
7,2279
10,3521
2,743
1,568
2,926
6,2002
4,1850
3,1338
1,487
1,455
1,493
7,2626
1,488
1,519
5,1715
4,1684
1,371
4,5988
6,2039
1,421
9,7571
5,1468
1,926
1,515
2,867
2,821
4,1477
8,2851
2,855
1,498
1,2359
5,1997
4,1168
4,1451
1,1138
8,2654
4,988
2,1339
3,1030
1,401
1,599
10,9575
5,1735
4,1436
7,3118
1,487
3,989
5,1832
1,4922
10,3342
6,2089
8,1861
4,5013
8,7180
1,560
2,1002
5,1873
1,608
3,1094
1,624
1,527
8,3073
1,587
1,540
1,511
7,2376
10,2459
6,6751
1,341
6,2196
6,2039
2,1261
4,5524
6,2071
4,1396
4,1535
1,554
10,8473
1,408
1,517
2,800
3,1055
7,30373
1,479
7,2621
1,365
3,4006
7,2345
8,2816
1,460
3,1109
6,4763
5,1728
1,489
1,525
1,347
10,2823
1,634
5,1658
6,2299
7,2405
3,5713
1,521
2,895
6,2131
2,726
2,874
5,1718
1,504
4,1047
1,512
10,2270
6,2309
6,13145
1,347
1,502
5,9846
1,612
6,2259
1,595
1,504
5,1861
7,10720
1,502
2,743
1,358
7,1737
1,454
2,683
4,1257
1,476
1,671
1,538
4,1519
1,534
4,1462
2,899
2,791
2,766
8,12640
1,471
10,3379
1,441
7,2336
2,955
1,491
8,3079
1,434
6,2166
1,483
3,1135
7,2034
2,857
2,868
3,1027
5,1702
10,3686
1,589
4,1392
2,920
1,597
5,1731
1,657
1,407
1,500
6,2360
9,3000
3,1028
1,438
10,11370
1,415
6,3011
1,626
9,2859
4,1617
4,1519
1,460
1,568
4,1354
1,490
6,19408
3,1432
3,10594
9,3190
9,3898
1,446
1,469
1,680
4,1430
4,1326
1,414
1,599
3,2765
2,767
3,1043
5,15782
8,2526
1,523
6,2172
1,543
1,425
1,465
7,17967
3,1023
9,23473
4,1579
1,424
2,4503
5,1898
2,982
4,1374
6,1844
1,502
8,2720
9,3385
1,440
1,631
6,2409
1,784
6,45977
2,956
1,464
1,649
1,409
4,1500
6,1882
10,5011
1,445
7,2451
7,2075
1,460
1,455
1,485
5,8106
6,2111
1,554
1,631
4,7088
10,3255
3,1044
5,1643
1,572
1,404
1,500
3,752
1,468
3,1139
1,364
1,403
7,3124
3,1034
7,2546
1,383
2,729
8,7585
10,3366
4,1153
1,432
1,602
10,2978
1,412
1,447
1,549
5,8864
1,1109
2,671
1,605
3,1123
3,968
2,845
2,8912
7,1822
5,2432
5,1827
10,3409
3,1904
1,347
2,855
7,5385
5,2367
6,2221
4,1381
6,2058
1,343
4,20903
3,1126
1,463
7,18410
8,2983
3,1049
1,498
4,1541
4,9998
2,9365
3,1296
6,2728
1,560
1,383
1,443
4,1394
1,341
3,1053
1,4776
3,1291
7,2632
8,3067
8,10459
1,470
10,22392
1,573
8,2494
1,424
8,5086
1,384
6,2116
6,38748
9,2015
4,5033
2,922
10,3094
6,2075
1,490
1,444
5,8780
3,1033
7,2453
2,1026
1,514
1,420
2,6657
2,708
1,275
1,5987
6,1988
10,2671
1,634
5,1834
2,854
5,8935
8,10519
7,2756
1,353
1,682
7,3428
10,3462
4,1148
1,375
8,39724
1,605
7,2531
8,4598
1,434
6,2735
8,2765
2,1254
1,543
1,1743
6,1981
1,427
2,727
6,2346
1,255
1,579
10,3456
10,2789
7,2642
6,1869
4,5113
1,483
6,13459
1,512
1,485
4,1381
6,2031
5,9910
7,2933
1,491
1,490
5,1999
1,426
10,8877
1,494
9,3005
3,902
10,4090
1,381
3,1298
6,2147
1,502
7,2535
1,670
1,272
1,450
10,3548
1,300
5,1986
1,6965
6,2026
2,671
1,615
6,2244
8,3274
2,915
1,472
1,7043
4,1353
1,252
6,4043
2,675
1,462
2,981
9,3821
7,2404
3,9862
5,1914
3,6144
3,1275
5,2130
1,442
6,2727
4,1366
1,256
4,6009
3,1100
1,400
9,3468
6,1835
1,669
1,391
1,475
2,1778
6,2246
2,893
1,423
2,729
2,4926
1,241
1,17116
8,3002
10,3376
3,2895
7,14712
6,2048
7,2254
1,489
8,3328
2,819
4,1347
2,791
6,1592
2,15647
1,254
3,8857
9,7115
10,3160
3,1192
1,1066
3,1069
1,492
1,591
6,6266
2,698
10,4742
6,2220
1,591
4,1243
10,3430
3,1138
10,4099
1,400
7,2578
2,24103
8,3132
4,1228
1,564
9,7304
6,2249
3,1284
7,2508
4,1525
7,9941
10,3697
2,793
7,1806
1,299
1,508
2,785
2,1192
1,511
2,772
5,1709
5,1949
7,5552
1,472
4,1369
6,2130
3,985
8,5056
7,4076
1,263
3,933
3,5421
6,2941
5,1651
7,2516
10,3264
4,2951
6,3556
4,1554
7,2994
6,1812
7,2478
3,1091
1,849
1,269
7,2354
4,1251
1,412
1,467
1,392
4,2200
4,1592
2,802
4,1539
2,856
1,310
10,3119
4,1421
1,367
1,433
9,2507
4,1292
7,2411
1,466
9,10721
2,872
6,2149
6,2452
1,568
1,375
9,4209
7,1718
5,1880
1,613
1,519
3,889
5,1603
10,3239
1,496
10,3567
8,2795
2,672
2,907
2,8582
2,785
6,8648
10,2419
6,2270
1,624
3,1340
10,3070
2,688
4,1288
1,680
1,545
3,1369
3,1212
4,1645
2,1140
6,3327
1,232
10,3225
2,1166
1,440
10,2861
10,3843
5,14219
1,403
1,478
3,1100
10,5465
1,439
4,10611
6,2437
4,1421
1,386
10,2848
5,2037
1,308
5,1314
3,1266
10,3334
2,783
1,544
8,2735
5,2001
10,20450
1,614
9,3144
1,457
1,392
5,1599
2,713
1,311
5,1558
7,2163
5,9826
8,2785
1,612
1,598
6,1866
7,2393
2,956
6,1918
6,2058
1,371
3,834
1,628
1,466
10,2510
10,2471
3,982
3,1016
8,7091
6,9930
1,618
2,768
6,2062
6,6424
1,349
6,1527
10,2290
10,17576
1,329
8,2863
10,3582
7,2192
10,3116
3,1161
1,497
1,444
6,2324
4,1292
7,2582
1,459
1,360
3,1004
6,2210
1,325
2,834
7,2000
1,384
3,1005
6,1990
1,448
1,486
2,830
5,1644
4,1738
6,1933
3,1043
5,1394
5,1673
1,435
10,3033
1,493
8,2841
9,11359
1,372
4,1186
1,505
7,2281
6,2250
1,635
9,2954
1,398
10,2307
2,990
3,1317
6,2067
1,325
3,1529
7,2190
4,1789
10,3638
1,443
1,355
9,4904
5,2241
1,344
4,2878
7,1523
6,2280
3,1510
10,3093
1,297
5,2542
1,378
2,764
7,1817
1,384
4,1366
1,427
3,1271
1,357
1,446
8,1992
7,3295
3,1010
10,4123
1,639
7,2284
9,2237
6,2075
3,1084
1,638
4,1224
5,2150
8,3039
1,337
1,495
10,2414
4,1656
9,2404
4,1515
1,556
4,1689
1,426
4,1417
10,5368
1,460
1,426
1,772
6,2298
1,976
1,448
1,293
4,1559
10,2639
10,2579
10,2686
1,446
1,545
6,2102
3,1220
1,384
2,796
7,2341
1,582
6,2246
1,494
1,594
1,586
7,2777
10,2190
1,432
1,409
1,532
2,866
7,2752
1,373
2,653
1,404
2,789
1,346
5,1934
7,1982
2,764
10,3391
8,2397
1,283
1,368
1,582
6,2113
10,3532
1,443
6,2145
6,11214
7,2647
1,406
1,490
2,556
2,1117
7,2272
10,2371
1,256
2,691
1,383
4,1435
7,2680
4,1370
4,1408
1,522
5,2144
4,1500
6,1880
1,261
6,2357
10,3622
1,425
1,456
1,459
1,351
2,688
10,2605
7,1838
9,19928
1,1267
10,3546
1,389
1,472
1,251
4,1781
10,2888
1,523
10,3010
1,401
1,404
10,3641
10,3311
9,2223
6,2206
1,527
2,783
7,8659
8,6841
1,239
1,555
10,3368
1,268
1,497
1,478
1,367
1,684
10,2342
10,2205
6,1972
1,537
1,480
1,1786
2,699
1,247
5,1852
10,3816
1,424
10,2639
1,389
1,375
3,1295
4,866
10,3521
1,422
1,481
1,425
6,3645
5,1408
1,459
6,6566
3,1537
1,373
4,1338
1,702
3,842
6,2150
10,3260
3,1062
8,2679
1,1061
1,410
3,872
2,763
1,242
1,620
5,1764
1,363
3,1121
3,982
2,737
3,1947
3,1062
10,2590
7,2509
1,389
1,337
8,2734
9,2750
1,232
9,4801
10,2628
1,373
10,2510
1,567
7,2605
6,2071
10,2520
4,1114
1,536
1,428
3,1591
1,461
3,1167
1,245
1,378
5,2105
10,2489
6,1631
1,649
10,3513
7,2557
1,506
7,1934
1,502
5,2158
1,366
3,1233
9,3219
10,2902
1,662
10,2440
1,504
10,2628
1,537
3,1161
4,1446
1,286
10,2253
1,624
3,1409
1,571
2,674
10,3662
10,2965
6,2136
10,3205
10,3691
8,2829
3,1319
8,2655
1,605
1,245
10,3363
1,682
8,2631
9,16769
7,1972
8,6916
3,1083
1,431
10,3522
1,375
10,2287
4,9123
10,2529
4,1358
1,235
10,2404
1,568
2,626
10,3297
10,2930
7,2382
10,2182
5,1805
1,287
1,262
2,495
8,3141
7,1963
2,693
1,256
6,1732
1,685
1,570
1,498
2,818
1,442
8,2197
1,658
1,504
2,896
6,1539
6,2037
10,2289
1,471
1,254
10,3351
1,615
6,1919
8,15726
9,2984
3,1157
10,3564
7,2617
1,462
10,2467
10,2441
6,2169
10,3431
2,1061
1,262
3,1182
1,539
6,1784
3,1041
8,2724
7,2268
10,2339
1,370
1,316
6,2262
10,2811
4,1379
10,3299
6,2226
1,237
10,2424
1,741
10,2543
7,2893
10,3241
9,2838
9,3015
5,1622
1,278
4,1561
4,1358
6,2350
10,2491
4,1695
1,485
10,3437
1,569
5,1700
1,538
3,891
3,682
2,816
1,732
1,380
10,2653
10,3061
2,847
4,1188
6,2276
1,437
10,2136
5,4437
2,1096
1,483
7,2826
10,2275
7,2262
1,669
8,1875
10,3384
10,3046
6,3689
3,1139
9,3326
6,1874
1,507
8,2923
8,2494
1,398
1,441
10,3425
10,2179
1,619
1,262
10,2360
8,1748
5,1641
10,2430
1,501
10,2606
1,420
6,2480
4,1592
1,498
3,1068
1,392
3,817
5,2013
1,236
6,2005
1,291
2,829
8,2472
1,450
10,2323
1,274
1,587
3,8383
10,2739
7,1726
1,273
1,379
3,1187
1,241
10,3337
1,239
4,1359
6,2455
1,459
10,2506
1,248
3,1475
10,4224
3,933
9,3036
3,725
3,758
8,10118
1,238
10,3297
1,303
1,553
10,3549
1,406
10,3128
1,223
7,2703
9,7453
9,2973
3,1015
10,3591
10,2100
1,490
7,1944
4,1583
1,263
3,1348
10,2946
8,2831
7,1710
1,408
10,3442
1,422
3,696
10,3303
1,710
7,1439
2,1064
2,730
10,3682
1,353
4,1982
1,468
1,351
10,3561
1,396
10,3280
7,2555
10,2829
3,1132
7,2362
10,2679
10,3625
10,3111
10,2939
1,306
6,1880
2,578
1,469
3,923
1,303
5,1624
3,856
7,2092
10,2727
1,321
10,3387
10,3138
3,848
5,5978
10,2539
1,536
1,726
1,431
10,2859
1,289
2,903
9,2205
10,3667
1,386
1,373
1,380
2,858
10,3282
9,12558
1,223
2,1837
1,468
6,2117
8,2750
1,361
3,1228
10,3376
7,2334
1,283
1,297
1,317
9,3234
8,2026
1,536
1,232
6,2529
1,253
1,363
10,2222
8,2132
9,2898
10,3332
10,3323
1,369
1,273
1,274
10,4000
10,2323
1,580
1,222
7,2533
1,269
1,443
10,3696
10,2741
3,1294
3,1224
10,2537
1,423
1,413
6,1378
8,2625
10,3713
1,555
1,218
4,1605
1,304
7,8894
10,3480
2,628
7,2509
7,2007
10,3147
7,1816
1,266
1,321
6,2346
10,3491
10,3612
10,3540
4,1340
1,232
1,521
10,2180
10,2098
1,557
1,415
3,1107
1,323
1,261
1,245
1,653
2,810
1,462
10,2442
2,2197
1,259
1,443
7,1754
10,3609
3,1095
1,268
4,1566
7,1716
7,3055
1,261
4,1513
10,2641
1,403
7,2018
9,7862
1,242
1,517
2,744
10,2984
9,3188
1,251
10,2843
1,241
10,2649
1,363
7,1832
6,1665
10,13560
2,623
2,815
1,236
5,1817
10,3729
7,2311
7,2470
1,242
10,2240
1,286
6,1570
1,394
9,2277
10,2246
1,486
10,2771
2,922
10,2360
1,620
1,450
8,2507
3,1160
1,248
1,370
1,246
10,3257
1,391
3,1039
4,1156
1,488
3,1108
6,2174
5,1251
3,1480
1,434
10,2967
10,2227
1,474
1,316
1,286
3,1289
1,353
10,2109
10,3045
10,3714
10,4061
4,1447
10,3674
6,2170
1,411
10,3418
10,3542
1,288
1,262
1,282
4,1533
10,3392
3,900
10,2523
5,10990
10,3093
6,2111
5,2001
2,985
1,391
10,2561
3,1236
1,302
1,230
10,2716
10,2661
10,3357
1,503
10,3547
3,15020
10,3407
8,2948
10,2870
1,515
1,254
3,804
7,2286
1,255
1,266
3,1319
4,1031
4,1518
10,2980
1,400
1,8788
6,1596
7,2628
8,2103
10,3531
1,281
10,4059
1,519
1,383
1,306
10,4551
6,2253
5,1738
1,623
1,258
1,521
10,2343
6,4410
10,2340
5,1762
1,251
2,651
1,322
10,3247
1,340
10,3145
10,2165
5,1716
1,414
1,387
1,456
10,3464
1,501
10,2632
9,2951
1,278
10,9983
1,267
7,2551
1,239
5,1505
10,2397
9,3252
1,483
1,285
1,463
10,2524
1,505
10,3070
3,1245
1,241
10,2951
1,336
10,3341
1,258
10,3198
8,2761
10,3723
1,509
1,263
7,2576
10,2427
1,4007
10,3179
10,3767
1,240
10,2143
1,311
10,2972
1,254
10,2305
10,2269
10,4651
7,2657
1,296
10,3097
1,617
1,505
7,1882
6,2233
3,881
1,268
1,263
10,2922
6,1414
5,1474
7,1662
3,1860
1,811
1,349
2,970
1,408
1,408
2,751
8,2924
10,2363
1,251
1,381
10,3161
10,2241
10,2582
2,540
3,1220
1,457
1,286
2,3832
1,448
1,471
10,2171
9,3494
10,2523
1,318
1,381
4,1586
10,3570
10,2274
10,3215
10,5977
1,512
1,323
8,2759
1,593
6,3171
10,2487
1,598
10,2289
1,403
1,286
3,843
8,2358
8,2257
1,427
10,28794
1,759
10,2273
1,552
5,1526
1,373
3,1102
4,1091
10,3453
1,257
1,287
10,3232
10,2259
10,2229
10,3085
1,639
1,374
1,264
8,3005
1,302
1,379
10,2575
7,2559
6,2130
1,389
10,2570
6,2036
2,816
2,744
10,3342
7,2675
10,2529
6,1457
7,1941
1,377
1,574
10,2450
9,3475
10,3402
1,465
7,1716
10,3129
8,1818
8,1739
1,372
6,2285
10,2290
10,3644
10,2975
9,4125
1,438
1,260
3,1142
10,3384
1,364
10,3297
8,2900
10,3258
10,2316
3,798
7,2591
10,2254
4,1556
9,3477
1,424
1,395
1,224
10,3298
5,1758
1,460
10,3326
10,2277
2,718
10,2386
1,274
2,1578
10,2206
10,3485
3,1125
1,720
3,2049
1,245
10,3038
9,11671
1,455
10,2749
2,880
10,3214
1,373
1,261
2,3098
4,1223
5,1916
10,2514
10,4361
1,452
1,241
3,1033
4,1413
10,3284
5,1550
7,2823
8,2806
1,271
1,286
4,1431
10,3215
9,12382
10,2310
1,513
8,7918
1,257
7,2610
10,2698
10,2688
3,1436
10,3210
10,2435
1,378
1,282
1,434
10,2879
10,3561
2,739
1,635
2,946
1,360
1,364
10,3752
10,2506
10,3562
10,3977
10,3125
1,366
1,302
1,538
6,1997
10,3635
1,495
4,1512
6,2005
1,333
1,307
3,1393
10,8408
10,2639
3,911
10,2421
1,374
1,429
1,370
10,2532
10,7847
1,564
1,469
10,3303
1,371
1,302
10,7487
3,1036
5,1319
1,460
2,829
1,411
1,310
1,286
10,2388
3,1146
1,675
10,4519
4,1716
1,424
1,432
10,12831
10,2590
10,2142
1,249
7,2114
8,2268
1,270
1,493
8,1867
5,1960
1,375
3,1321
9,2424
1,256
1,295
5,14159
5,1900
8,2157
1,574
10,2821
2,730
8,2642
8,2481
10,3440
10,3638
10,3779
5,1549
2,442
10,2336
1,412
1,12665
10,3238
2,752
1,339
10,2169
1,364
10,2979
8,4228
2,843
1,394
10,4115
9,3721
6,2298
5,1141
1,282
1,821
9,11733
10,2894
1,425
1,365
1,258
4,915
1,309
5,1518
1,588
1,408
1,523
8,2487
10,2777
1,429
1,483
10,3829
7,1672
1,374
1,245
1,314
10,2985
1,489
10,2252
2,1073
1,589
1,620
10,11128
10,2726
1,391
1,537
7,3550
10,2144
1,258
1,256
1,238
2,566
1,503
1,403
7,4125
10,2683
7,2771
3,15328
5,1828
1,370
1,590
10,3321
10,3357
1,289
1,260
10,2791
7,1769
1,320
10,2542
1,678
1,272
2,748
2,852
9,2982
10,2684
1,547
10,3866
3,1011
1,488
1,272
2,636
10,2504
1,281
1,254
10,3914
1,252
2,953
1,370
1,343
7,1954
1,691
5,1744
1,456
1,387
1,274
10,2625
6,1525
1,255
1,348
1,496
1,312
7,10880
4,1900
5,1768
10,2744
7,3262
1,526
1,266
10,3273
1,233
10,2805
3,995
6,1644
1,426
1,470
1,302
8,3022
7,2429
3,987
6,1884
1,367
6,2440
1,235
8,2834
1,266
6,1772
10,2443
10,2240
1,380
1,702
10,2512
2,1666
8,2758
10,2900
10,2468
1,476
10,7638
1,259
10,2392
1,289
10,3035
10,3409
9,3105
5,1953
7,4538
8,2302
1,496
9,2670
10,3229
3,1178
6,1901
1,1826
1,232
10,2973
1,262
10,2139
10,3050
4,1333
1,572
1,362
10,2449
8,2923
10,2365
5,1323
5,2055
1,303
1,686
1,237
10,2276
3,753
4,1409
10,3341
10,2792
1,411
8,11015
10,2769
6,2069
3,1121
9,3398
10,2980
1,472
2,2847
1,243
10,2613
10,2371
10,2402
5,1203
2,742
1,290
2,605
10,2698
10,3485
10,2890
10,14392
4,1163
10,2314
2,738
1,233
7,2050
10,2468
10,2129
1,757
10,3230
1,517
1,331
8,2757
9,2667
10,2280
1,899
10,3297
1,564
1,1832
1,232
2,544
10,2697
10,2504
10,2766
10,3780
1,390
1,417
10,3318
2,674
1,377
1,602
5,1669
2,856
1,414
1,237
10,2547
10,2523
10,2383
10,3360
10,2642
10,2395
1,654
2,922
4,1233
1,293
2,959
10,2260
4,1099
1,386
10,2184
3,966
7,1644
7,1612
10,5918
10,2665
10,2696
1,740
10,3930
10,2813
1,263
7,2678
8,2948
9,3253
1,435
8,2120
10,3292
3,1748
10,3171
1,410
8,2196
10,3208
1,431
10,39089
8,2046
1,250
10,3995
10,2548
1,352
1,398
10,2603
10,3122
10,3719
10,3757
1,562
10,2358
10,3335
1,741
1,537
1,671
1,325
1,514
2,863
8,2930
1,427
10,2695
10,2410
10,3814
1,633
1,516
7,1617
6,2095
2,901
8,2805
1,391
1,446
7,3203
7,2673
10,3708
1,366
10,3004
6,2265
5,1752
1,475
1,408
10,3058
10,2443
8,3067
1,554
1,278
1,452
1,364
10,3088
9,3315
1,412
2,1042
10,3361
9,8129
1,484
1,524
3,790
10,2132
6,1812
9,4327
1,290
1,423
1,495
10,2891
10,3246
4,1182
6,1457
10,3198
3,1194
3,1105
1,416
10,3280
4,1061
9,3359
1,559
1,248
1,390
8,2652
3,868
2,821
8,2230
10,3124
1,526
10,13803
1,370
1,357
8,1991
10,2467
4,1432
5,1878
1,358
1,432
1,338
1,404
10,2927
8,2336
10,2944
1,354
10,37953
1,275
1,284
1,524
10,2598
10,2877
1,345
1,292
7,2402
2,796
1,243
10,3000
6,2136
4,1227
1,294
5,2095
1,852
1,262
1,458
10,3081
2,654
1,634
1,508
10,2065
1,630
1,264
10,2074
10,2167
10,3052
1,265
10,3770
1,468
9,2922
1,330
10,2510
10,3073
1,513
1,260
6,1996
1,476
1,286
10,2395
4,1043
10,2973
1,248
1,642
1,403
5,1879
1,257
5,1397
10,3396
5,1851
1,590
10,3462
1,557
1,249
10,2434
10,2557
10,2454
1,261
1,641
9,2351
10,3308
1,348
10,3299
10,5789
1,489
6,1468
10,3040
1,864
1,245
8,2386
2,697
6,1551
1,273
1,469
1,264
9,3026
1,369
1,502
6,1711
10,4803
10,3570
3,927
1,703
1,232
10,3645
10,2030
10,2445
1,300
10,4458
1,305
10,3509
10,2646
1,337
10,2719
1,568
10,2903
10,3479
1,709
1,241
1,432
10,3677
10,3551
1,462
1,859
10,3033
10,3422
1,383
10,2911
8,2073
9,3156
10,2824
4,1164
2,884
1,245
1,396
10,4114
4,1587
1,511
1,513
5,1708
3,3372
2,716
1,1078
10,2341
1,612
10,2432
10,2708
1,493
1,225
1,402
10,3593
1,807
10,3396
1,523
1,463
1,481
1,340
5,1912
4,1359
1,895
10,2752
10,3697
8,2490
10,2250
1,375
8,2165
1,427
5,1801
1,403
1,478
1,600
1,396
1,463
5,1330
2,6407
4,1255
5,1727
10,3369
8,1887
1,501
10,2458
1,420
9,3101
1,524
10,3407
1,466
1,391
1,839
8,2330
1,512
8,2196
8,2093
9,2749
10,2149
1,272
10,2377
1,272
4,1420
1,483
3,1100
7,2381
10,3497
1,464
10,3427
5,1777
10,2661
10,3123
10,2564
4,1269
1,267
10,3504
1,396
10,9149
1,504
10,3706
10,3425
10,3679
1,270
1,363
1,512
2,1027
5,1441
2,731
10,3006
1,281
10,2222
1,447
10,3661
7,2235
5,1814
2,1021
5,2013
1,369
1,250
1,607
8,2509
2,674
6,1787
2,735
1,372
1,281
1,427
10,3592
1,367
9,2966
7,2493
1,32394
1,389
1,244
2,5699
2,693
10,2133
10,3448
7,2266
1,262
1,243
1,486
3,1039
1,605
1,438
2,800
4,31009
1,603
1,574
8,10471
10,3027
10,3355
10,2853
10,3162
10,2736
1,242
1,480
6,2123
10,3393
7,2412
2,792
10,31955
10,3655
5,1673
7,2378
10,3596
10,2383
10,4804
6,1427
10,3089
1,254
1,497
5,1691
7,2540
10,3299
1,323
8,4438
10,3629
1,288
6,2269
10,10864
1,263
10,2780
10,2791
3,1017
1,242
10,2524
1,536
2,819
2,862
8,2798
9,3154
5,1951
1,431
5,11265
1,442
1,271
8,2919
3,734
8,2847
1,248
9,5520
7,2516
10,3445
2,857
1,489
1,565
10,3387
1,542
2,15753
1,730
1,272
10,2342
10,2910
7,2433
1,258
5,3016
4,8553
2,904
7,6611
8,2134
6,3384
10,4092
2,752
9,24581
9,3579
1,250
4,1228
10,3402
10,3472
1,239
10,3406
10,3803
8,2929
1,462
10,4291
5,4157
3,1204
1,453
1,561
9,3545
1,284
10,3448
10,2519
2,776
1,250
10,6180
2,978
1,330
2,815
1,469
1,491
5,3455
1,316
5,1606
1,29863
1,228
8,1907
6,1485
10,3708
1,261
3,1518
2,979
7,1848
8,2900
1,341
6,2083
10,3849
1,451
3,1016
5,1713
1,331
10,3108
10,3033
1,631
10,2778
5,1987
1,520
9,2882
8,2555
10,2159
2,651
7,2432
10,2753
3,44129
5,1869
1,391
1,527
10,3111
9,3918
8,1842
10,3365
8,2291
3,1432
7,2699
9,2977
8,6542
6,2479
10,2471
1,373
1,452
1,338
1,272
4,1518
1,511
2,685
1,391
8,3337
10,3402
10,3290
1,359
6,2220
10,3594
10,29652
6,1967
5,1725
1,252
1,314
1,526
5,17766
10,2588
10,4106
7,2439
2,770
1,500
9,2835
6,2185
2,1018
1,7720
5,1597
10,3503
8,1720
1,620
1,355
10,11023
10,3164
1,961
10,3625
10,3270
9,2818
1,509
9,4885
2,5875
1,683
2,941
1,558
10,2079
1,464
1,411
5,1858
1,528
7,2978
9,2622
10,3535
1,463
1,533
2,879
4,1675
9,8103
6,14113
1,482
10,2139
1,288
1,318
8,2620
9,2647
7,2367
1,521
10,4379
1,352
1,484
3,1131
1,507
5,1884
2,956
1,391
4,1081
1,399
1,361
9,3255
1,586
2,802
1,382
6,1881
1,443
1,436
4,5358
8,3129
10,4592
4,1639
1,532
10,2590
1,595
1,476
1,642
1,525
2,588
1,296
10,2636
1,382
1,363
1,374
8,2920
5,5817
2,819
1,418
2,839
2,1061
1,409
1,815
5,1927
2,955
1,490
8,2450
1,347
1,283
1,639
10,2841
5,2074
1,562
5,1709
10,2314
1,418
1,453
1,629
10,5675
1,540
1,268
10,2251
1,300
1,286
5,18719
1,432
1,392
1,557
1,418
6,1385
1,331
1,393
5,1792
5,2017
8,2418
1,373
1,504
1,296
2,672
1,4848
7,2204
5,7729
2,2276
5,1900
10,3320
8,1819
1,496
1,367
9,3242
8,1918
1,548
4,1134
1,262
10,3657
4,6437
1,238
5,2430
5,1892
1,672
10,3501
10,2877
10,3479
1,608
8,2724
6,2063
1,447
1,642
1,308
10,4321
3,6171
1,356
9,22971
3,8820
1,470
5,1800
2,946
5,1723
1,552
5,1865
10,2671
3,1095
1,284
3,750
10,11294
1,489
1,470
4,1396
1,632
1,489
10,2808
10,3497
9,3149
1,429
6,2235
9,3844
1,324
1,270
10,2660
10,3292
1,554
1,475
8,2838
1,590
6,2110
10,3453
1,524
10,3134
1,421
2,920
1,602
1,527
1,297
10,2668
8,2524
1,519
9,2656
2,698
4,1623
8,2674
5,1301
1,42502
9,4957
1,519
8,2815
1,566
10,3404
1,274
2,590
10,2626
5,1877
1,597
6,2479
1,584
6,1963
10,3596
5,2207
3,1079
1,381
1,453
1,500
2,772
1,247
6,2345
8,2964
6,2296
1,452
5,1719
2,710
5,1676
10,3554
5,1864
5,2316
1,425
2,700
1,602
10,3467
1,574
10,3445
10,2424
1,3479
1,461
1,412
10,33979
9,3136
1,687
10,3598
10,11811
2,955
6,1904
1,445
10,3822
1,404
10,2875
10,2654
1,28639
1,398
1,494
1,512
5,1742
1,493
5,5211
1,499
2,914
1,578
1,344
10,4309
1,376
8,2011
2,684
6,3108
1,411
6,2072
5,1709
2,677
10,3318
9,2835
1,486
6,2015
3,1186
1,432
10,2739
8,1767
10,2376
8,2526
1,439
10,2719
1,332
5,1620
4,1311
1,416
9,66120
7,3463
8,2496
1,402
1,390
8,2368
10,2377
4,1499
1,435
1,516
3,1015
1,358
1,600
3,936
1,635
1,513
6,2591
5,2289
5,1877
1,371
10,2775
10,3555
8,2015
3,1074
1,440
10,2745
1,623
8,2795
4,1297
1,599
5,1738
10,3610
6,2169
1,545
1,320
10,2433
2,670
10,2297
10,3431
1,502
2,1013
1,507
9,3794
1,357
5,1960
5,1762
2,782
4,1517
1,472
4,1809
10,2847
10,2337
8,2535
2,538
4,1374
10,3087
2,10285
3,20694
6,1936
1,506
9,3186
2,893
4,1931
1,495
10,3351
10,2714
3,1397
10,3682
10,2217
2,875
6,2394
4,1663
1,607
5,1724
1,472
8,3066
4,1248
2,681
1,470
10,3526
8,2513
10,2326
2,461
7,4350
2,783
10,2409
9,10223
8,32106
6,13168
9,7751
2,943
8,2147
7,16996
1,473
6,1694
10,3416
1,502
3,1292
9,2441
1,455
8,2319
6,2331
8,2891
1,468
1,365
6,2344
1,503
3,1166
1,445
10,3820
2,687
7,13813
2,633
1,440
10,11549
10,2301
1,3706
10,36535
2,773
10,3287
1,674
8,3211
5,1807
1,376
10,3288
10,2228
1,607
10,2909
1,411
6,20360
4,1359
3,1177
1,1081
4,1507
1,363
1,503
6,1929
1,512
9,3026
10,2272
10,3466
5,1625
10,2786
1,2166
4,1594
10,2467
1,341
1,393
2,1373
1,394
5,1892
10,7585
1,479
7,2333
10,2480
1,497
9,3127
1,1500
1,485
1,472
10,2727
2,876
5,7241
1,472
9,4290
1,469
9,2644
6,1992
2,731
10,2900
1,535
5,1810
1,1497
1,1578
2,719
8,2096
5,1645
1,543
8,4019
10,11360
1,422
1,683
5,1754
4,1453
4,1132
1,501
10,3120
1,473
1,588
1,378
10,2410
1,479
1,610
1,498
10,7301
6,1921
1,647
6,1922
4,1395
8,2364
1,518
5,1777
7,9374
1,824
4,7127
2,725
4,1359
1,550
2,846
5,5718
1,485
1,371
2,763
1,499
2,1000
1,469
9,2631
1,551
1,905
3,8690
10,3369
1,370
1,576
3,1206
1,492
1,480
1,438
2,2281
1,380
10,3242
1,480
1,509
1,548
1,538
8,2653
10,2201
1,509
5,2011
1,359
1,373
2,655
1,358
4,1484
6,2144
8,2839
1,560
5,1371
1,470
1,530
1,447
1,504
2,858
7,9723
5,1706
6,5948
7,29896
1,288
2,896
6,2665
10,3219
1,548
1,501
1,435
1,633
8,26132
1,480
5,1813
6,3879
1,5424
10,2126
1,370
1,355
3,1282
2,802
2,902
1,477
5,1774
1,501
1,380
9,2983
10,3102
1,522
6,2313
1,357
2,3234
4,1298
1,335
3,1004
4,1524
10,2938
9,5426
1,320
1,371
7,1947
8,2534
1,549
2,865
6,6665
4,1330
2,764
3,934
1,281
1,342
2,809
10,24339
1,524
1,416
1,385
8,2552
9,2705
1,537
4,1846
9,3090
1,540
1,533
5,15620
1,266
5,1857
3,1097
1,3231
1,648
1,428
1,601
1,484
4,1394
1,504
2,1009
3,1351
2,732
4,1390
1,391
4,1163
4,1785
3,1314
1,582
1,659
1,397
5,1891
10,12021
4,1042
1,534
5,2293
3,1094
1,14189
9,16347
6,1987
10,3407
1,486
1,551
1,1737
5,1796
2,2999
9,8095
9,6889
1,377
1,638
1,358
4,1650
1,12021
8,15029
5,1604
2,874
2,1168
6,2114
1,709
10,3095
8,6900
1,535
3,1283
1,599
10,4205
1,471
4,7879
1,521
8,12634
1,441
10,3649
8,3502
9,2894
1,565
5,1609
6,1941
5,1916
6,2284
1,547
1,5614
3,887
7,2528
3,1099
6,2413
1,462
10,4045
5,2339
4,1308
1,438
9,3180
4,1436
5,4357
2,667
5,7875
1,555
1,609
1,471
5,3092
10,3490
6,21113
10,3539
1,695
1,604
1,518
6,3560
1,345
5,4010
8,3080
1,586
1,480
1,508
7,2653
10,3334
4,1091
1,374
9,6259
9,7657
1,583
1,490
1,603
6,3240
9,8143
1,1809
5,2257
1,510
8,2590
2,1001
1,400
1,425
2,674
8,2030
1,552
8,2674
1,553
5,1881
7,2574
1,451
6,2240
1,513
9,2641
5,2169
2,708
1,416
1,303
1,389
10,2144
1,11184
3,1180
1,382
2,5737
4,1253
5,5843
9,3173
5,2075
1,407
4,1672
1,405
5,1618
1,334
4,1338
1,486
9,14134
5,1855
1,350
4,1588
1,302
8,2691
2,1013
1,542
5,31826
10,4287
1,522
8,2667
1,280
2,608
10,2495
8,12308
4,1450
9,2874
4,1403
2,614
2,676
7,6303
6,2290
5,32158
1,584
1,479
1,485
10,2266
4,1468
10,2938
5,9949
9,3045
5,1975
8,4389
3,910
6,2142
4,1307
1,320
1,446
8,5159
1,537
9,10248
1,286
3,1060
10,2511
10,11982
1,1981
5,1804
6,7426
1,338
5,1671
3,1218
1,516
9,4758
9,3147
1,461
1,444
1,320
5,1697
8,2083
1,552
8,3226
10,7398
9,3474
9,12160
6,2060
5,1891
1,359
5,1870
9,3202
3,1345
9,2934
1,357
1,344
10,3357
5,1672
1,463
5,9521
7,3822
1,317
9,3042
4,1614
6,2000
2,980
9,2780
1,767
8,2558
1,465
1,459
2,1187
8,2869
9,3603
2,761
2,865
6,2233
7,2325
1,361
1,340
8,3051
5,24420
1,464
4,1475
1,291
2,780
10,3119
4,1491
9,3266
1,376
1,647
1,326
2,701
2,675
6,4688
6,2374
5,1851
3,1274
1,489
1,354
8,2674
10,3220
1,417
5,1941
5,3456
3,1518
4,11585
4,4095
1,595
1,482
5,1881
1,722
2,791
1,483
2,758
1,547
1,591
1,481
1,534
5,1658
5,2132
1,357
3,1052
1,396
1,566
6,2405
1,756
1,622
1,625
10,3055
5,1633
1,2712
1,463
1,508
6,4843
4,2247
1,471
4,1384
5,4039
1,501
9,3222
1,418
1,446
5,1796
10,3500
5,1639
1,516
1,459
1,457
7,4665
1,667
1,342
1,468
6,2869
4,1403
6,2425
1,727
6,3498
5,1914
10,5947
8,2847
1,570
1,389
1,603
4,1468
1,453
10,13034
1,345
1,668
5,1481
2,937
1,505
3,1447
6,2122
10,13147
9,3898
1,532
1,452
1,396
6,2028
6,33508
4,1680
10,31270
3,8136
9,3819
4,1387
1,457
1,1376
6,7506
10,3259
10,19655
1,538
1,527
1,480
9,16114
6,32674
2,765
6,8214
4,1225
4,1829
3,1107
5,3108
5,1924
6,2244
8,2442
8,2567
1,462
6,2070
4,1749
1,391
5,39919
1,490
1,380
1,383
3,1228
5,1805
6,3317
3,1292
8,2798
10,3202
9,8566
1,402
1,459
1,502
2,656
2,807
2,797
1,376
6,28375
3,1068
4,1318
1,538
7,2333
4,1851
10,2572
1,371
1,574
5,1663
1,371
4,1361
4,1313
3,1165
4,1318
1,1935
1,469
2,1040
1,482
7,1893
3,929
10,2210
5,1567
1,374
1,509
1,484
8,80013
1,29834
5,1552
2,642
1,420
2,1179
1,435
1,474
8,6906
5,7269
10,2701
1,515
5,1550
5,1834
1,583
1,382
1,500
3,8323
1,345
1,663
2,855
6,2271
1,353
8,28781
4,1517
8,2862
1,530
1,418
7,2471
1,630
3,937
1,444
2,856
6,9920
1,473
7,2463
6,1848
5,1604
4,1836
2,824
2,879
1,519
7,4449
4,1451
1,634
5,1850
1,406
1,397
1,366
1,391
2,904
5,1558
1,474
5,1676
6,2103
10,2568
1,478
5,4490
6,1931
5,1986
4,1423
1,422
5,1758
1,361
1,421
6,1981
1,11949
1,442
1,631
2,782
1,613
1,473
9,2897
9,4978
1,677
1,478
1,584
3,1283
1,439
1,592
5,1669
1,463
1,475
7,2231
1,598
10,3375
1,567
1,336
3,1055
5,2060
1,495
1,438
8,10703
1,438
2,847
8,4286
1,348
5,1736
10,2970
1,495
1,468
3,1037
10,15200
4,5786
6,2280
6,2057
1,427
1,502
3,1202
5,1809
8,2870
1,460
4,2002
6,1496
2,726
1,510
1,358
5,1986
6,2093
6,2420
6,1986
2,737
1,362
3,975
5,13899
7,1829
1,752
4,1604
8,2195
7,2327
9,14965
1,334
1,341
1,488
6,2232
1,372
1,425
8,2522
1,341
1,319
3,791
2,2978
6,2170
10,2469
1,386
1,1549
1,496
9,26575
2,946
9,3414
5,1670
3,1335
5,1483
2,745
3,18264
5,1729
1,439
6,2043
10,3371
1,567
1,575
6,2097
3,976
2,1222
4,1563
1,699
3,1139
1,390
4,7615
1,725
8,7192
4,6296
5,1881
4,1575
1,321
4,8174
1,313
2,581
4,1506
4,1355
1,647
1,530
9,2803
1,6721
4,1458
4,1116
1,539
4,1488
2,848
1,353
5,4246
5,1710
4,1407
3,1372
3,1242
1,380
1,474
1,439
8,12094
2,821
2,835
1,468
3,947
10,2473
1,528
10,3314
1,450
6,1982
6,1584
6,2122
1,464
1,516
10,12120
1,413
3,1218
5,9179
1,373
6,2097
10,2394
1,443
1,434
1,457
6,2097
5,1528
5,2376
1,454
6,1865
1,490
1,397
8,6301
1,430
1,1863
2,1054
6,1508
4,3423
1,491
6,1911
9,17066
2,697
1,582
1,457
4,1444
1,450
5,18072
5,2690
7,2215
2,3416
2,985
1,265
1,1430
1,673
3,1148
7,2601
1,694
2,873
2,662
1,424
8,4061
1,784
8,3164
5,1471
2,982
4,1279
1,316
1,539
1,977
6,2007
1,389
8,3581
2,986
1,473
8,2842
1,443
8,2883
9,2817
6,1409
3,1335
3,991
9,1962
3,826
7,8814
7,2252
4,1339
1,551
4,1717
4,1666
3,1186
9,26613
5,5381
1,453
10,3430
2,10658
2,916
1,288
2,769
1,7181
9,3979
5,5028
8,3075
3,1006
1,468
5,1605
1,503
3,2438
9,2883
1,380
1,401
6,1582
1,277
6,5554
6,7156
4,1456
3,15242
7,2645
6,4349
1,690
3,1175
5,36679
5,1828
8,2691
1,399
5,6533
5,2051
1,517
5,1534
1,632
3,1044
4,1417
1,374
5,2006
3,1214
4,1522
1,417
9,5972
5,1665
1,350
4,1307
8,10487
1,314
8,2330
2,686
6,2219
1,500
3,1025
2,703
3,2956
9,4335
5,10314
1,519
4,1599
1,248
1,473
7,3702
1,333
1,438
9,21037
1,627
1,358
1,437
8,2673
6,5674
9,3149
1,48612
1,447
1,496
1,277
8,3188
8,10121
1,445
8,2896
3,948
2,3399
6,2221
1,463
8,2944
1,414
5,1779
1,487
9,6360
1,451
1,261
8,6390
3,965
10,2332
5,1933
1,334
2,905
5,1798
5,1873
7,2712
4,4369
8,31427
1,462
9,2937
1,448
1,269
3,1191
8,3893
1,381
7,2666
6,3071
4,1473
6,1885
1,384
3,1403
2,863
10,43843
5,1658
5,1735
5,3856
7,1542
1,577
7,2672
1,426
5,1816
8,10752
2,1141
1,474
1,693
7,2977
5,2027
6,8279
1,467
1,454
5,1905
1,248
5,1739
4,1395
7,2556
8,5790
5,1850
3,1586
1,538
7,3000
5,1756
5,2306
1,520
1,414
4,1365
5,1766
1,291
9,3060
5,1869
10,3495
4,1185
5,2452
6,2358
1,481
8,3051
8,2696
4,1322
1,486
9,2908
1,671
6,2357
1,242
10,8046
6,1566
10,3873
2,894
9,3066
5,1667
1,596
4,1827
4,1442
3,2030
1,561
4,1463
5,1838
6,2046
8,2635
9,2949
2,1656
4,1509
5,1355
6,2114
8,4589
1,514
5,1527
2,759
1,567
5,1656
6,2178
1,484
6,2027
10,2580
5,1695
9,3316
1,391
6,1850
2,701
7,2345
2,703
1,448
1,523
8,3150
6,1870
6,2178
5,1761
7,2423
4,932
5,48060
1,525
8,2851
10,3449
4,1380
8,7144
1,4427
2,673
1,521
9,3325
6,2026
10,3501
6,2199
9,10725
3,755
4,1543
1,499
3,892
8,3061
5,1767
3,1272
1,483
1,409
1,510
9,3135
6,4830
1,497
6,2055
5,1599
2,744
1,605
1,349
2,832
10,2787
4,1479
8,3728
1,441
1,390
7,2090
10,21253
6,2114
3,1153
6,2140
4,1306
10,2786
1,469
7,1914
10,2380
4,1415
1,490
7,3072
1,498
1,624
1,321
5,1810
9,3267
4,3312
9,3046
1,338
5,1899
5,3440
1,237
10,3525
10,3469
2,785
5,1643
1,385
7,2226
1,493
8,3072
4,1387
6,2069
10,6887
4,1396
9,2158
5,1749
1,269
8,2822
2,726
6,2078
4,1663
4,7497
5,1458
1,409
4,1481
4,1375
2,899
4,1438
1,353
7,2782
6,2540
1,268
10,3138
9,2601
6,2292
2,637
3,1308
10,2881
1,279
1,388
4,1583
2,831
1,607
3,1120
10,3798
7,6220
1,277
10,2841
10,2477
1,454
5,1962
2,767
6,2325
1,375
1,492
1,651
4,3502
1,583
1,447
10,3765
6,2118
1,366
2,804
1,434
2,953
1,503
3,1081
8,2518
1,310
1,447
3,1223
3,1074
1,938
3,1058
10,3233
6,5081
1,511
10,3315
5,1145
1,465
10,2766
1,486
10,3041
1,408
5,1611
1,798
6,2056
4,1893
1,487
5,1858
9,3259
1,409
10,2473
1,429
1,388
7,2258
1,397
4,1114
5,1454
6,2157
6,2199
2,660
3,1067
1,527
1,605
4,1405
1,303
1,500
1,370
1,416
1,492
4,1338
2,957
1,277
6,2028
1,591
5,1694
6,2083
1,575
8,2761
1,349
4,1574
6,2256
1,309
1,2145
1,495
2,1111
10,2754
6,1662
6,2033
1,549
8,2566
1,471
1,415
3,1028
3,985
1,349
1,627
1,279
4,1230
1,309
5,1795
6,1972
10,2420
6,8617
1,1444
8,3034
1,430
1,536
8,1831
3,1441
10,2449
8,2646
1,342
4,2804
1,280
8,2518
9,2324
8,1986
9,2932
1,501
7,2252
1,574
2,779
2,725
4,1382
10,2579
1,384
1,261
1,397
1,505
3,1080
10,2507
10,2393
1,394
1,360
3,1081
6,2013
1,342
2,770
1,409
10,2249
1,699
1,285
1,517
1,292
1,511
7,2150
4,1102
4,1430
1,898
7,2511
1,419
1,478
10,2307
6,2066
10,2773
10,3576
1,283
1,650
5,1398
8,2599
10,3376
2,623
1,379
1,476
1,377
1,587
1,471
10,2392
2,10487
5,1866
1,476
1,515
1,511
1,516
9,2812
10,3807
10,3310
4,1331
1,420
1,561
1,645
2,858
1,343
1,391
9,2159
4,1462
1,288
1,473
1,330
9,20018
10,3194
10,2766
4,1443
1,469
1,599
1,478
6,2070
1,238
1,400
7,2322
1,367
10,2360
3,1002
1,350
9,4817
1,533
5,2219
3,1042
2,1595
4,1540
1,550
2,683
1,245
1,522
10,3096
1,592
7,1455
5,1698
1,303
5,1674
4,1265
9,2239
1,493
2,883
8,3015
2,989
5,1803
1,233
1,463
10,3029
1,582
10,2751
2,681
6,2102
8,2774
1,364
10,2396
6,2128
4,1451
5,1524
4,2018
8,2567
1,266
1,452
10,3602
10,3345
10,2335
2,641
8,2763
1,580
1,275
7,1485
1,388
5,1724
1,2255
3,1126
8,7042
1,238
1,458
5,1865
1,607
10,3717
1,344
10,2484
4,1804
1,441
10,3639
1,468
3,1071
1,522
4,1282
7,2457
1,239
1,391
10,2467
6,1840
5,1247
1,501
4,1414
1,1052
1,326
5,1906
1,505
2,1081
1,378
4,1723
3,816
1,339
1,381
1,389
1,621
8,2132
1,469
2,787
1,450
1,400
10,2661
1,576
6,2968
2,780
8,2918
8,2255
1,256
2,724
8,2326
2,719
3,1064
2,859
10,3505
1,483
8,2253
1,405
1,681
5,1588
1,448
5,1714
5,1543
10,2441
8,1982
3,768
4,970
2,700
1,636
6,2187
5,1720
1,482
8,2777
1,530
8,2667
9,2480
3,1107
4,1191
1,458
1,427
10,3628
8,2078
10,2545
5,1887
9,1899
5,1743
1,300
8,2136
1,437
7,2311
1,515
7,2598
5,1712
8,1775
4,1467
10,3755
6,2409
10,2204
8,6281
7,2499
6,2052
1,272
3,1251
2,1827
3,1206
1,429
6,2209
2,774
10,3545
3,1068
1,425
4,1385
8,2461
3,1319
10,2497
7,2271
1,327
1,435
1,480
5,4717
7,1651
5,6403
1,563
2,1049
2,773
1,300
1,602
10,2791
10,3467
10,3144
6,2241
1,458
1,372
4,1280
7,5270
1,327
7,9117
7,1816
10,4146
5,2083
1,297
2,809
10,3500
5,3912
10,5744
6,2801
8,2156
1,363
3,871
8,2849
1,343
2,938
5,1165
6,2421
8,2631
2,768
9,3251
2,852
8,2492
10,9988
9,3008
3,4445
1,253
2,676
4,1565
8,2089
5,1446
6,1527
8,3298
7,2613
1,414
10,6238
8,2217
5,2103
4,2018
4,1324
2,819
1,259
6,1607
5,1851
1,478
1,597
10,3163
4,1565
3,1097
1,537
6,1595
10,3459
9,21124
1,246
3,1156
2,15725
1,476
5,1752
1,534
10,2667
7,2547
8,1743
10,3623
5,2080
1,286
9,2573
1,522
8,15083
1,337
3,1129
10,2524
2,814
8,2998
7,1926
2,622
5,1580
10,2420
10,3654
7,2322
1,558
10,2943
1,291
4,1966
8,2638
4,1473
10,2394
1,270
10,3428
6,1718
2,673
6,2111
10,3091
6,2425
8,4290
1,491
4,1583
1,284
5,2018
3,949
1,456
8,1937
1,319
8,3779
10,3352
10,3174
10,3470
4,965
4,1701
5,1603
1,482
1,629
1,279
1,349
8,2366
1,478
10,3154
1,308
8,3100
8,2863
8,1844
2,626
10,2092
8,3106
2,736
1,364
10,2523
1,341
2,941
9,2630
6,3387
2,778
1,324
5,2008
10,3524
10,3117
8,2019
2,780
2,5876
1,431
1,369
10,2444
6,1902
1,611
1,518
1,468
10,3401
2,622
7,2657
10,2816
6,1472
10,3630
1,436
4,1857
7,3108
9,2936
1,365
1,344
5,1941
2,690
1,414
6,3414
10,3620
4,1339
4,1502
9,3114
4,1273
1,378
6,2057
5,1677
10,2246
1,365
1,416
5,1952
1,289
1,490
8,4145
10,3530
5,1322
2,828
10,3330
8,2095
1,370
4,1485
6,1958
10,2284
1,436
2,825
5,1976
1,392
1,549
10,2412
7,1658
2,596
1,508
7,1496
2,484
1,409
1,727
10,3408
10,4218
1,459
1,336
4,4713
1,380
1,829
4,876
10,2240
5,1457
1,324
10,2097
1,444
1,345
2,769
8,1775
6,1432
6,2714
1,679
6,1947
1,252
1,500
6,1987
3,1245
10,3616
1,536
10,3433
1,428
1,275
6,2174
10,2308
8,6249
1,533
1,565
6,2260
1,282
1,383
10,3728
10,3256
6,2490
1,317
4,1172
1,535
1,392
9,3845
4,1021
4,1610
8,2907
10,3288
9,3259
1,284
1,532
1,475
6,2464
8,2079
1,398
10,2902
1,463
1,343
1,567
10,2276
10,3546
10,2444
4,1188
4,1824
1,254
1,475
10,10034
6,1962
10,2902
1,442
1,395
1,419
1,282
10,2556
2,585
10,3354
1,245
6,2339
4,1498
2,562
2,713
1,404
8,3675
10,2678
1,441
8,1897
1,392
1,272
1,725
1,372
6,2130
1,313
10,3863
3,1192
1,222
4,1513
4,1516
10,5272
4,1141
10,2687
1,265
1,490
5,1208
1,741
1,277
10,4220
1,470
10,6675
6,2408
1,245
2,698
2,728
4,1710
1,374
1,321
1,373
1,333
9,2534
1,384
1,370
4,1118
8,1882
4,1370
1,501
10,2416
3,1160
1,459
4,1154
1,314
1,326
1,290
1,384
7,2384
5,1730
1,305
2,768
1,238
4,1515
1,438
8,2744
6,1577
1,390
10,3433
2,545
1,375
1,384
1,353
10,2061
1,684
1,346
6,1860
1,436
6,2168
1,524
10,3227
7,2299
8,7952
10,3310
1,733
5,1356
1,372
10,3411
10,2784
1,425
1,325
8,7722
10,3348
4,5758
1,400
2,868
5,1368
4,3535
4,3195
1,365
9,2350
3,959
10,3113
10,3995
1,339
5,1874
4,5934
10,3287
6,2104
1,480
10,3509
8,9038
1,326
2,872
1,301
8,1926
1,511
9,1978
5,1602
1,294
1,365
1,1109
4,1161
1,654
1,487
6,2806
3,1099
1,268
8,3322
1,511
10,3049
1,306
10,2197
1,440
1,511
1,381
1,452
2,606
9,3041
1,434
8,2955
7,1733
1,512
4,1669
1,570
7,2128
1,420
10,3323
8,1900
6,2143
1,535
10,3358
2,5186
10,3430
1,452
4,1445
7,2215
6,2049
6,1827
1,386
10,3670
1,273
10,3443
8,1893
10,3351
1,318
1,514
10,9422
10,3608
1,615
10,2138
5,1781
1,481
1,644
1,309
10,3574
1,228
10,8829
3,1027
1,761
10,3405
2,1069
2,1007
6,2088
1,591
6,1934
4,1515
4,1498
1,536
1,417
5,1648
10,3736
1,557
2,662
5,1940
5,1371
1,448
6,2107
9,2326
2,901
10,3167
3,1118
1,365
1,372
10,2310
1,405
2,886
8,2163
2,567
4,1050
9,2085
8,11811
8,2608
4,1067
1,512
10,8988
5,1741
1,607
2,676
6,1543
8,2802
8,1940
8,2608
10,3292
10,2857
10,2156
1,548
4,1633
6,1928
4,1509
1,403
7,1854
2,918
1,358
3,740
2,743
10,3526
2,623
10,2385
8,2599
7,2244
1,666
8,3026
1,545
2,691
4,1435
1,329
6,2247
1,445
7,2544
3,1376
5,1227
2,739
8,1739
6,1728
10,3169
1,651
8,3661
9,3293
3,982
2,666
5,1627
10,3026
1,588
10,3048
1,548
2,609
10,2281
10,2381
8,2156
10,3477
1,597
10,3709
1,472
2,683
8,2818
6,2448
10,3325
1,542
10,2396
2,1425
10,2635
10,3729
10,3441
10,3185
1,364
1,533
2,37019
1,359
6,2386
6,1950
10,3448
6,6111
6,1871
10,2662
9,3251
5,1238
5,1191
10,3329
10,2709
8,2026
1,560
7,2390
1,373
8,3023
4,1791
8,5898
6,1970
1,311
10,3345
10,5937
10,2545
7,2461
2,681
10,8212
8,2029
1,629
1,479
1,253
8,2761
4,1325
10,2753
4,1348
1,529
4,1263
8,2738
6,2244
10,2853
1,568
2,669
3,833
2,974
8,2543
1,235
7,2630
9,3061
4,1188
4,1399
1,465
7,1645
10,2439
8,2406
5,2007
1,387
4,1063
2,714
9,2918
1,521
1,253
3,1089
2,1239
10,2680
9,2562
1,702
3,896
10,2276
10,3481
3,1269
1,381
10,2948
2,844
6,2521
1,415
1,270
5,1854
1,421
2,914
6,1689
9,3361
8,2298
2,779
4,871
1,405
1,378
2,879
10,2241
10,3388
4,1457
1,285
7,7670
1,449
1,494
1,307
10,4622
1,430
1,530
10,3278
1,436
1,365
6,2439
10,2641
4,1326
1,395
1,286
8,12399
1,519
1,425
8,2074
10,3768
2,776
1,391
6,1512
1,1232
1,407
2,907
8,1977
9,2382
2,920
1,242
2,952
1,601
1,404
5,1537
6,2078
9,3373
1,478
4,1727
1,306
1,459
4,6614
10,2419
8,3207
2,2153
4,1429
4,2685
1,540
1,455
10,3324
4,1563
10,3413
1,513
10,5235
1,297
1,487
5,2133
10,3519
6,1733
1,357
8,3377
1,565
1,555
10,3081
10,3334
9,2554
8,2763
1,519
2,1069
1,291
1,692
8,3614
2,835
1,692
1,4580
1,424
7,2323
1,482
1,247
10,3131
10,2387
10,2304
1,403
8,2275
1,563
1,604
1,528
1,528
5,2145
6,7769
10,3006
5,1829
1,481
1,366
10,2308
8,3304
10,2481
1,414
1,391
1,517
6,1950
1,552
1,615
10,3946
1,616
8,2350
10,2349
6,1892
1,289
1,393
6,4860
1,603
10,3581
1,628
1,386
8,3034
1,453
1,391
10,4337
1,385
10,3520
6,1782
1,457
1,344
1,298
1,502
2,854
1,379
1,654
1,695
4,1712
1,446
1,485
10,3580
1,379
10,3419
10,3287
1,510
1,256
1,367
8,3359
1,672
1,337
1,526
10,2835
10,2693
1,459
1,474
10,3583
1,350
10,4043
8,2188
10,3334
1,501
1,475
10,3669
1,474
1,256
6,2071
10,2718
6,2309
1,584
1,314
2,644
9,6060
2,669
4,1403
9,3487
6,1525
4,1344
10,3597
1,326
6,2153
1,449
8,2739
10,3219
1,463
1,629
4,1162
3,1002
6,1871
10,3440
6,2044
9,2912
1,299
10,2806
1,396
8,2971
1,641
10,2676
4,1215
1,63136
6,2027
1,459
4,1464
2,906
2,779
4,1476
10,3281
2,506
2,706
1,384
3,1349
1,641
6,2160
8,3032
1,385
1,472
5,1804
2,768
2,1081
10,2899
1,2322
10,2749
1,336
4,1433
1,419
10,3211
4,1321
6,1993
4,3673
9,43782
1,514
10,3726
1,424
4,1470
1,263
9,2897
10,2721
1,777
10,2523
1,357
4,1184
1,418
10,3214
2,24837
10,4158
1,396
6,1761
6,2139
6,2236
1,484
6,2352
10,3703
1,665
2,1815
1,635
6,2298
1,379
2,840
6,2134
3,1087
10,9229
1,511
5,1867
8,2911
1,502
8,2076
4,1295
10,2915
6,5087
1,473
4,1425
1,392
8,2495
4,1647
2,796
4,1319
1,490
4,11578
4,1717
1,466
1,447
8,2300
1,497
1,782
10,2537
10,3402
1,544
4,1447
1,581
1,345
8,2439
1,444
10,3482
9,3000
1,288
5,1424
1,318
6,1773
1,586
4,1719
2,811
8,3553
4,1355
2,849
5,51546
10,2952
9,3007
1,512
7,2437
1,316
10,3183
8,2829
1,554
1,576
6,2486
8,2406
2,942
4,1394
6,2419
7,62386
4,1545
1,402
2,992
10,3323
1,276
10,3149
2,772
5,1819
1,598
10,3499
7,2335
6,2294
2,980
9,3121
2,929
6,1979
2,614
3,1295
3,1119
1,266
10,3241
2,623
4,1879
2,834
4,1871
6,2026
2,977
6,2120
10,4175
4,1734
10,3416
1,366
6,2217
1,499
1,254
10,10267
10,2439
6,1958
1,629
6,2227
4,1277
9,2909
10,3481
6,2225
1,503
2,853
1,467
1,610
1,468
1,274
4,1244
10,2130
10,8167
1,457
10,3831
1,621
1,540
1,466
10,3556
6,2392
8,2895
1,703
7,2475
1,439
6,2407
2,692
8,2096
4,1476
1,21188
10,3322
2,1048
4,1429
1,419
9,3113
9,11207
4,1183
1,672
1,3686
1,374
9,3044
2,766
10,2367
7,2349
4,13245
4,1603
9,2098
10,3343
9,2953
10,3507
7,8787
6,1964
4,1449
4,1505
1,391
10,2708
10,2757
10,2407
9,3081
6,11173
6,9190
10,3847
9,2294
6,1945
4,1404
6,2201
4,1326
1,604
4,5995
1,409
7,1812
5,1711
2,2135
3,1201
1,1009
4,1545
6,2303
9,2668
10,7868
1,356
1,538
1,1648
1,623
5,9439
1,349
10,3869
6,3569
1,583
8,2841
1,727
6,2106
10,3716
8,2634
9,3077
1,410
1,421
2,1049
8,3438
1,755
1,565
10,3447
1,1647
1,532
2,842
8,2968
4,1572
9,7846
1,14976
1,370
1,347
6,5833
6,2305
7,2828
3,1249
1,592
4,936
8,2904
10,2937
4,1533
1,673
1,977
4,1598
6,14896
4,1185
1,395
4,1388
9,2462
3,936
5,1696
8,6680
8,2836
1,350
1,282
1,379
4,1497
6,2528
1,639
5,1117
1,691
1,360
4,1360
10,3413
10,11647
2,1433
5,1818
1,412
1,384
1,651
5,1968
10,3731
9,3401
1,426
10,3273
1,493
1,375
10,3735
6,2278
4,1583
6,1737
1,498
8,1964
1,307
1,601
9,3789
9,3908
10,3356
1,489
10,3735
1,563
1,401
10,2648
10,3569
2,694
9,3077
1,353
3,900
1,387
1,452
7,2647
4,18222
6,1970
1,511
10,3310
1,603
1,461
6,1938
9,3545
5,1848
7,2411
1,1366
2,889
1,432
1,524
1,559
8,32589
10,7837
1,525
10,3234
1,295
1,313
2,669
1,537
8,5109
10,3480
2,839
2,922
1,634
1,351
1,507
1,324
9,5230
1,411
2,701
1,324
1,285
3,1175
4,1475
7,2271
2,876
6,9194
10,2405
4,1404
1,318
1,544
2,891
1,603
1,520
1,599
1,401
1,573
1,516
1,399
6,1960
1,426
9,6887
10,2667
1,492
1,277
2,703
4,5389
4,1536
9,2709
4,1117
1,682
8,5072
7,2288
1,389
2,653
1,504
7,2816
10,3460
1,462
6,1456
2,689
9,3103
1,338
1,337
1,548
1,551
6,3284
1,384
1,364
1,339
5,1872
5,2248
8,2689
1,461
8,2865
1,658
7,2544
1,419
1,527
1,394
9,3304
8,1995
1,450
1,576
2,19718
1,433
4,1457
10,3583
5,1640
10,3176
1,421
6,12760
1,366
1,347
1,351
10,2540
10,3231
5,5093
1,627
5,15966
6,2221
2,747
2,773
5,2783
6,2012
6,2053
2,933
1,351
1,374
1,463
1,4701
10,2805
5,4699
1,417
1,325
1,652
2,791
1,392
9,2934
10,6632
1,407
1,398
1,344
8,3387
10,3355
6,2328
10,3099
1,2000
1,427
9,48914
1,357
5,2014
1,521
8,2826
10,8902
1,561
2,1000
1,399
6,2111
1,416
10,3823
2,796
1,437
1,560
4,10798
1,570
4,1452
10,3334
2,763
4,1526
4,1171
6,2273
1,482
1,470
5,1698
10,3150
4,1206
1,364
1,640
10,8828
1,405
3,1214
1,445
8,2692
8,2854
1,572
10,3444
1,641
6,1528
1,352
10,3889
10,2783
4,2246
8,2773
3,1185
1,719
1,403
1,624
4,1401
2,791
10,3946
4,4895
1,486
8,1941
1,409
10,3108
2,584
1,463
9,2929
10,3141
5,1688
10,3521
1,452
2,639
4,1665
1,382
1,613
1,429
10,7510
1,355
4,1213
6,1650
1,380
1,492
7,20009
2,1691
5,1920
1,281
1,377
4,1464
1,610
3,1132
9,2248
10,3466
1,279
10,3447
2,1067
1,349
6,2387
1,18201
1,424
6,2200
1,461
5,1730
2,939
5,1753
10,6350
6,1570
10,2582
1,251
6,2406
4,4853
1,440
2,1301
2,6784
1,553
3,20202
1,625
7,2151
6,2131
1,406
1,1941
8,2487
2,569
9,2861
2,1021
6,2785
1,394
1,601
1,497
5,1835
7,2262
1,511
9,2807
10,3415
1,856
2,876
1,347
4,1329
2,856
4,1695
8,3628
1,533
10,3847
1,447
1,636
1,363
1,324
2,684
9,3174
10,6640
1,676
8,2020
10,2904
9,2116
6,2303
4,1735
3,1004
5,1799
1,424
8,2769
4,1652
6,1971
4,1548
1,348
3,15738
6,2172
10,3313
4,1159
8,3059
8,3002
8,2581
5,6329
10,3392
1,383
4,4785
2,2224
8,2822
1,362
6,2052
2,896
1,1585
10,2946
2,882
4,1332
4,3445
8,3838
5,2893
10,3123
1,340
8,2751
5,1960
10,9496
2,559
9,2984
5,3454
6,5864
10,3124
2,970
10,3778
4,1641
10,3351
2,902
4,1186
6,3838
5,2039
1,409
4,1357
2,713
10,7560
6,2243
1,825
10,3335
6,3538
5,7362
10,3558
1,465
5,1617
10,3043
1,400
5,1993
1,525
10,3627
6,7093
4,1174
7,2487
1,32121
4,1042
8,3027
1,539
5,1739
1,400
9,3356
5,1945
1,401
8,3382
5,2670
10,7842
10,3215
1,529
5,2254
1,639
2,890
4,1734
1,503
1,578
2,1206
5,1999
6,2291
1,341
3,1356
3,2064
4,1655
5,8325
1,527
1,5633
1,628
2,998
8,2948
4,1556
1,938
1,526
1,433
2,1075
1,468
1,539
5,2185
2,936
1,397
1,464
5,2105
5,2194
6,1760
8,20423
2,759
10,20228
1,1314
1,475
4,1462
6,1982
2,933
9,3394
8,2830
3,1871
9,2716
1,574
1,1074
2,851
10,3757
8,7068
1,434
1,472
6,2002
6,2110
3,1221
5,3735
1,419
4,1555
10,3236
1,739
5,1986
7,5521
4,1139
1,581
5,1948
1,479
2,762
2,816
8,3476
1,534
5,1810
7,2590
6,5478
8,2333
1,428
3,1259
5,2011
6,15967
1,433
9,3375
1,644
4,1347
5,1643
4,1770
5,3187
4,1555
1,479
1,1565
1,426
1,568
6,3491
4,1540
8,2731
1,446
7,3924
1,452
1,6357
9,2907
9,3968
5,1686
6,1575
10,16204
2,801
1,443
1,385
2,970
1,3007
4,1431
2,6700
1,543
1,492
2,780
5,2551
10,4612
4,1252
3,1234
2,1657
6,2614
1,407
1,263
9,3713
1,514
10,3130
1,357
1,317
1,408
1,393
1,395
1,386
6,2520
5,1495
1,14135
9,3286
1,466
1,289
10,3363
1,443
9,3232
1,454
2,610
1,416
1,480
8,2680
1,413
5,1691
4,4217
6,20702
9,3424
1,406
1,312
4,1636
1,538
8,6785
1,714
2,541
1,626
1,438
4,1376
8,34808
2,897
3,4084
1,474
10,3816
2,1743
1,245
1,621
10,15878
1,608
1,599
1,602
1,703
1,487
4,1537
1,529
5,5335
8,5738
1,469
10,6775
1,448
8,2961
6,2287
2,777
2,800
1,715
1,629
9,3083
6,23184
5,1736
1,541
10,3660
4,1505
1,501
1,485
1,441
1,350
5,1929
3,12036
8,7850
1,527
6,18199
8,2682
9,20738
8,3030
1,555
4,1410
7,2703
1,412
6,3291
1,410
6,2605
1,647
9,29087
2,788
8,16676
5,1637
2,1096
3,1053
4,7225
1,470
6,2423
6,2244
4,1406
4,1124
1,465
10,3162
1,621
1,603
1,423
2,8540
10,3171
7,2908
7,22483
5,1852
2,724
1,418
2,951
1,437
1,480
6,3128
10,4042
2,1017
10,18190
1,536
1,11509
1,432
1,353
1,374
8,2834
4,1345
5,1882
10,3099
1,390
9,2231
1,328
10,4265
5,1947
8,2743
4,1783
4,19106
1,458
7,3208
6,1897
1,414
1,336
2,784
1,609
1,403
1,418
7,2287
10,3321
1,397
6,2170
1,505
2,16029
1,671
2,802
4,3597
6,1966
1,508
1,585
1,501
5,1658
1,317
1,370
2,934
1,627
5,1782
6,3349
6,2069
1,414
2,735
10,11547
5,1743
1,539
1,649
1,448
1,517
1,455
5,1886
4,1309
8,2804
2,861
7,2358
10,11724
1,384
1,349
3,17519
3,1190
1,454
5,1901
1,636
1,536
1,309
1,417
10,2181
1,404
1,353
7,27017
2,4914
10,10490
4,1476
1,29677
6,4805
8,2671
8,3217
1,510
2,696
1,349
1,475
6,1997
1,636
1,399
9,5596
1,1996
1,374
10,5768
10,30402
1,2054
1,518
4,1382
10,3535
1,516
1,276
3,1146
2,843
4,1542
5,1722
1,444
2,716
1,443
3,2231
2,838
1,474
6,2093
5,1761
1,585
5,1750
1,245
5,1705
5,2024
1,387
1,518
2,697
9,17171
3,16658
3,1199
8,172527
1,453
2,792
5,2088
4,1178
8,3319
1,331
2,734
4,1396
5,1772
4,1333
3,1626
10,3255
1,350
10,3566
6,1927
1,416
5,1679
3,1129
1,309
5,1832
1,248
9,3073
8,2839
1,517
4,1323
2,734
4,14323
4,22577
2,1769
2,955
1,380
7,2280
8,3751
1,265
8,3384
1,476
7,4561
5,2074
5,1826
5,1798
1,510
6,30888
2,802
6,2759
7,2444
1,444
1,448
1,539
1,348
5,8018
8,2187
10,3553
9,3356
1,932
4,1581
4,8202
1,341
6,2390
6,2407
1,489
3,992
2,669
9,2979
1,308
1,5881
6,2126
2,939
8,3147
1,427
1,607
4,2033
4,1280
1,460
1,23942
5,1616
1,418
4,1293
6,2056
1,276
3,37493
10,2226
6,2894
10,3839
3,1197
9,3007
6,15009
2,1031
6,2057
5,1867
5,1652
1,445
5,1585
8,2654
10,2953
8,10581
8,1900
1,526
1,605
1,416
1,420
1,660
6,2112
1,787
1,504
4,1196
1,425
10,10930
1,389
10,3223
9,15095
10,3359
1,510
1,384
5,1915
8,10052
1,346
6,14594
5,1820
1,340
1,645
5,1648
5,4178
1,387
9,2164
5,1741
10,3264
2,832
2,814
8,2693
8,2616
3,1026
1,457
5,1732
5,3415
3,992
4,1455
3,1009
5,3643
6,1695
4,1528
2,850
5,1913
1,453
9,3131
5,1706
1,336
1,339
1,428
7,36238
5,1732
1,370
10,2774
1,483
10,3748
6,2668
4,1087
1,478
1,459
1,500
1,475
1,520
7,2196
4,1409
4,1290
5,1849
1,412
2,762
1,351
10,2345
1,593
10,2919
5,1875
1,408
1,379
1,444
10,3109
5,1713
9,2649
3,1208
2,735
9,3405
6,2025
5,2086
10,3182
3,1132
6,1427
1,422
1,803
8,21907
6,2023
1,1437
5,1623
5,1630
5,1810
5,1756
4,1541
3,7847
1,592
10,2563
5,3488
2,1013
4,1406
1,702
5,1640
1,394
6,1993
4,1538
2,729
5,1817
10,19762
3,1163
1,513
5,1830
7,1973
3,6986
2,755
8,2687
1,562
3,1030
1,481
6,1850
1,522
5,1636
2,741
9,12218
7,2469
7,2423
1,351
10,3468
4,1530
4,28035
5,1642
1,1333
4,1444
1,541
1,378
3,1207
7,2505
9,4083
1,502
6,2361
5,1798
4,2002
10,2406
4,1280
6,15169
8,2758
1,1261
1,613
1,495
1,449
2,3815
10,3475
7,2463
4,1440
1,606
1,532
4,1338
10,2238
8,3016
8,3001
5,1815
8,3045
6,2308
5,1847
7,2594
5,6420
2,871
1,473
1,464
1,632
4,3239
1,568
3,753
7,2606
8,2887
8,2658
2,651
7,2796
1,274
1,335
7,8212
1,567
5,1557
1,529
8,2989
5,1675
1,560
1,422
6,2385
4,1636
4,1412
4,1392
5,1585
1,578
4,1632
5,36809
6,2213
2,4058
1,468
10,2963
1,476
1,655
9,4645
2,1009
9,3245
7,2298
1,619
4,1756
1,507
1,455
9,7263
5,1829
10,11076
1,418
10,3570
3,1172
1,494
2,660
10,3743
2,939
5,4254
7,2611
3,1179
5,2238
5,1719
1,556
2,814
1,453
1,1624
10,2796
5,1678
5,1831
1,388
10,3364
10,32338
8,2848
9,6106
4,1637
4,1232
10,3693
10,3460
1,535
1,526
1,454
2,738
2,997
1,433
1,511
1,452
1,615
1,438
2,964
5,2195
5,2538
3,1033
1,354
1,496
6,1751
1,466
9,2085
5,2686
3,988
1,344
1,481
1,470
1,459
2,797
6,1821
4,2299
5,1823
1,509
5,1683
1,388
1,595
10,3552
9,6912
5,1999
1,471
1,389
1,471
1,392
1,554
10,3179
10,5367
9,3137
1,570
1,408
1,1224
1,488
10,3834
1,627
3,1148
1,476
1,461
1,616
5,1529
10,4006
1,594
5,1844
1,631
2,839
1,508
1,464
1,603
10,2729
7,2528
5,1769
10,2232
1,832
6,2054
1,355
4,5542
4,1605
2,914
1,470
1,379
8,4431
1,498
6,2756
10,2733
1,454
7,2348
1,270
1,705
1,346
1,313
6,14557
10,2282
6,2175
1,402
1,2566
5,1141
2,810
5,1853
10,2337
1,511
10,3547
7,1992
1,465
4,1405
1,506
3,1033
10,2529
10,3975
1,443
1,528
4,1224
8,4437
2,978
10,2282
1,651
1,514
1,389
1,332
1,324
1,339
1,52556
9,2017
10,3291
1,355
1,626
1,2959
1,346
5,1779
7,1476
10,3728
9,2351
1,267
4,925
2,806
1,348
10,43836
1,467
1,523
1,367
1,397
1,407
5,1583
1,334
1,371
1,404
10,3572
1,336
1,314
8,47781
1,368
6,1904
8,2076
10,2393
1,525
1,561
5,1716
1,348
8,2546
1,316
1,625
10,2273
1,401
1,432
1,492
1,330
2,28480
1,741
10,2454
1,438
6,2002
3,1235
5,37889
4,1466
1,312
1,544
9,1945
10,3388
1,488
2,647
1,282
6,2417
1,386
9,2045
10,3438
1,7186
1,412
5,1668
5,1723
1,265
1,588
8,2761
1,729
10,2146
1,326
1,522
7,2347
1,468
8,2150
1,381
1,402
8,2725
1,338
5,2056
1,233
1,584
1,540
8,2627
9,2149
6,3981
2,600
1,476
6,1419
10,3445
1,445
1,473
1,366
8,2500
3,1122
1,233
2,736
10,2906
10,3187
6,2349
5,2325
1,537
4,1437
1,504
7,2462
4,1525
2,721
9,4146
4,1300
8,2782
1,272
1,445
10,3169
3,945
8,1856
4,1273
6,2160
1,482
7,2353
10,2626
2,796
5,1719
1,361
1,491
5,1760
1,381
1,717
7,1912
10,3619
10,3620
10,5176
4,1651
4,1448
10,2643
10,2925
1,489
8,2811
5,1659
5,1902
8,2558
1,297
6,2096
10,2327
9,2434
10,2495
1,369
4,1394
5,1854
10,3328
1,509
5,1854
4,1940
1,578
8,2705
1,450
1,333
1,764
2,697
10,2568
10,2738
3,1072
8,2725
1,547
1,431
2,534
2,760
8,5482
8,18490
1,372
5,1990
10,2159
2,789
1,332
10,3628
2,832
1,403
4,1405
3,963
1,397
1,327
1,537
4,1404
1,411
5,1505
5,2538
10,2662
4,1258
1,242
10,3544
10,2797
7,24863
2,830
5,1887
1,247
1,357
1,451
3,1175
1,264
1,399
4,1561
3,707
1,509
1,274
10,2904
10,2436
9,79212
6,1675
3,979
1,304
1,320
8,2569
5,1794
5,1652
1,453
6,2012
2,729
5,1658
1,306
10,3273
7,2150
1,417
2,757
9,3267
1,385
1,289
5,2059
8,3084
1,436
8,8291
1,510
10,2913
8,2716
1,251
10,3512
10,3468
1,419
10,4065
5,2100
10,3303
1,318
8,5406
9,3038
4,1273
1,311
3,1325
10,2455
4,1407
10,2353
10,3810
10,2253
1,468
1,660
7,2472
2,799
1,285
5,1958
1,13704
5,1625
5,2447
5,2042
10,2580
5,2099
1,226
1,597
3,996
3,1968
10,2485
1,554
3,1175
1,271
3,1086
1,526
4,6224
6,2374
5,2096
10,3046
8,2750
1,349
3,1089
2,655
1,345
10,3264
10,3127
10,3328
1,251
8,3558
6,2535
1,383
1,426
4,1572
8,1821
9,2972
1,244
5,1361
10,2421
2,736
1,247
1,447
10,2496
1,263
5,1846
4,1463
3,863
3,1053
3,1232
10,2740
5,3125
1,258
1,361
8,2889
10,19551
10,3289
1,465
10,2365
3,702
8,2740
5,5070
5,2101
4,1207
4,1421
10,3422
1,255
1,325
1,486
1,547
7,2384
9,2591
2,596
10,2449
10,2378
9,7822
5,2296
6,2020
5,1839
10,3503
10,3567
8,10646
3,748
1,495
1,441
6,9989
2,633
1,627
10,2411
10,2242
1,573
3,942
3,1097
7,2757
7,2581
10,2903
5,2171
10,3403
1,362
1,554
5,5776
10,3524
1,538
2,761
10,2313
5,2003
5,4713
8,2895
4,2756
5,2534
10,3365
4,1233
10,2290
1,351
1,367
4,1712
10,4072
1,473
7,2439
10,2381
4,1767
7,2875
7,2516
7,2298
6,1819
10,2826
5,3406
10,1970
1,345
1,283
1,338
7,2737
1,431
10,2406
1,422
5,1908
3,888
2,845
1,516
1,522
1,597
1,530
2,789
1,574
1,251
7,2567
10,3667
1,434
10,2501
9,2382
1,599
4,2229
10,2685
1,382
1,463
1,442
6,2007
8,4173
4,1980
1,243
5,20630
9,3268
4,1339
8,1759
10,2799
5,1614
5,1883
1,567
1,527
1,362
1,386
2,641
2,880
8,2581
1,270
3,1514
8,3044
1,527
1,440
2,955
5,4210
7,2026
4,1278
1,364
1,281
1,366
3,846
10,2352
1,543
3,655
2,1133
1,339
1,633
1,323
10,2434
3,1214
3,942
10,2946
6,2017
1,262
1,387
5,2291
10,2390
7,1854
1,281
5,10455
1,355
1,470
1,427
10,4492
4,1798
6,1913
10,3297
1,397
1,510
10,2860
4,1478
10,2934
1,419
1,246
9,3099
1,282
5,2024
10,3071
8,1811
10,3706
1,554
9,2617
1,384
1,377
1,245
8,2673
8,2168
3,1238
7,1517
2,916
1,313
1,365
1,387
10,2688
5,2059
1,399
8,2127
1,320
1,452
1,297
4,1332
10,3336
4,1365
10,2458
1,646
1,241
5,3694
1,372
10,3564
1,730
1,683
6,1526
3,757
1,332
1,381
1,525
10,3656
5,2438
7,1862
10,3814
3,1056
1,479
3,815
10,3699
1,543
10,3311
10,2733
1,345
1,391
1,584
7,2847
10,2920
2,830
3,842
1,351
1,570
6,2005
1,383
10,2164
5,1380
1,716
10,3192
1,311
1,286
1,499
1,442
10,3070
6,2373
10,2421
1,456
1,463
8,2593
10,2947
10,3418
1,281
1,552
7,2108
1,334
4,1472
10,3398
1,445
10,2850
6,2363
10,2734
1,434
1,470
5,3944
1,263
1,353
1,461
1,529
1,250
1,293
10,3446
10,2756
6,1516
1,541
7,2164
10,3098
1,540
1,358
5,2806
1,493
1,263
1,320
1,465
1,238
10,3351
10,3192
2,1596
1,335
1,360
3,1018
10,3493
1,380
1,264
3,2241
10,3404
1,253
6,2177
1,330
1,294
9,2245
9,2881
6,2259
1,394
1,355
2,956
10,3506
1,427
10,3612
9,2931
10,3838
1,238
1,456
1,386
1,244
10,3660
6,1631
8,2740
1,483
1,272
5,1972
10,3637
1,539
7,2854
5,6052
1,819
1,266
1,734
1,335
1,327
1,299
10,2679
5,1660
2,771
1,390
3,1191
10,2921
1,370
10,2682
8,2889
1,322
1,287
1,609
1,358
1,278
10,2805
10,3354
7,2464
1,349
10,2693
4,1497
10,3387
1,617
3,829
1,492
10,3280
1,319
1,503
4,1266
1,530
10,2999
10,2459
8,3055
1,407
1,330
5,1804
1,403
6,2489
1,452
5,3261
10,4069
1,365
1,422
7,2502
1,470
10,3528
10,2355
5,1932
1,400
1,398
3,1011
10,3877
1,510
9,3077
5,1957
10,3077
1,635
10,3220
10,2536
1,417
10,2254
10,2215
5,3942
1,285
1,343
9,2324
1,505
5,1659
2,592
4,1512
10,3481
1,306
1,656
10,2818
1,447
10,2320
10,3536
4,1589
10,3397
1,369
6,1566
9,3489
2,678
10,2301
6,2230
10,3374
10,2600
4,1363
9,2435
10,2390
9,2765
2,534
2,1737
10,3331
1,330
5,1185
8,9396
1,485
10,2215
1,753
10,8435
10,3478
10,2863
6,2326
2,641
10,2302
10,2309
7,2197
10,2355
10,2927
10,2571
1,514
5,1591
1,320
5,1704
3,1349
10,3406
10,2684
8,2362
3,889
10,2582
10,2062
8,2441
10,2367
10,3914
10,2434
3,1107
4,1592
10,3777
3,1009
8,2853
10,3389
9,2078
3,951
10,2852
10,2105
10,2107
5,2200
8,1820
10,5318
1,437
1,531
5,1854
8,1984
7,2722
5,1863
10,4949
8,2611
10,3273
10,2440
10,2090
8,1801
3,1713
10,3380
1,617
1,406
1,520
5,1960
3,1020
4,2322
7,2399
5,3341
6,1902
10,2500
7,1644
10,3204
1,464
5,1915
7,2491
9,3058
4,1035
1,899
3,1542
10,3889
3,1310
1,426
8,2826
10,3096
2,701
10,2246
2,591
1,460
3,1231
10,2599
5,1960
9,2687
1,466
8,2812
10,3594
4,1505
2,681
5,1843
10,3677
10,3515
3,825
2,602
1,306
2,824
10,3354
8,2924
1,455
2,1614
9,3284
10,2467
7,2426
5,1632
6,3570
10,2912
10,3118
2,603
1,284
1,253
3,787
2,556
4,1708
1,294
1,4754
5,2008
10,4293
3,1177
1,498
7,2479
2,820
10,2250
8,2859
1,377
1,300
5,12694
3,1051
7,2007
1,315
5,5963
8,2967
9,2549
6,2142
4,1664
2,571
10,2683
10,2250
2,633
1,273
1,250
1,246
10,3374
2,904
1,296
1,460
5,2253
7,2114
1,637
1,513
5,1806
10,3137
10,3119
7,1606
1,251
1,390
2,509
10,2255
5,1682
1,514
1,491
5,2137
1,530
1,641
4,1326
5,1727
10,2107
1,462
10,2354
1,298
3,795
1,362
7,2396
5,1931
1,301
1,474
4,1691
1,296
1,560
5,1511
4,1521
10,2274
1,412
10,2560
1,267
1,284
9,2085
10,2220
4,1440
1,285
7,3127
8,2568
1,301
1,495
2,1153
2,688
10,2222
1,269
8,2274
1,356
1,266
1,276
10,2058
2,680
1,275
4,2195
1,652
1,265
1,1006
1,475
4,1340
1,345
1,297
3,799
1,430
1,246
1,305
3,750
5,8565
1,273
2,776
5,1854
1,257
10,5163
1,607
7,2140
1,486
1,275
10,2366
1,254
6,1935
1,308
1,277
6,2329
1,485
5,1739
3,1214
1,283
1,432
1,699
1,514
1,284
1,354
10,2455
1,260
10,2288
1,369
1,389
1,633
6,1688
5,1803
5,1935
1,262
1,304
5,1844
1,534
1,254
9,2894
1,373
8,2814
10,2470
1,330
1,364
1,1142
10,2575
7,2436
4,1440
1,262
1,309
1,528
1,538
1,277
1,429
10,5248
8,1830
7,2360
1,322
1,306
1,424
10,2333
5,1940
2,658
1,325
1,281
1,645
1,476
1,269
1,430
1,397
10,2467
4,1618
1,236
1,272
7,4367
10,3480
3,1127
3,1072
1,329
1,317
1,475
8,2705
1,246
1,281
10,2572
1,499
10,2454
1,279
1,311
8,3417
3,836
3,1470
5,1923
10,3267
1,646
1,698
1,2631
1,281
1,319
1,332
10,2496
10,2359
6,1314
1,265
5,1600
10,2924
8,2916
7,1855
10,2684
4,1655
7,4724
3,1306
1,242
1,305
1,293
10,3410
10,2368
1,240
1,360
1,406
9,2329
5,2168
1,413
10,3316
8,2773
3,1289
1,370
1,270
2,866
1,285
10,3554
10,2378
5,1253
1,372
9,3339
4,1498
3,908
1,418
10,3866
7,1694
8,3188
5,1739
1,241
7,1756
1,391
10,2871
10,3369
9,2997
1,351
3,1177
10,3382
3,833
6,1734
8,2756
9,2370
3,758
1,566
9,2643
10,2328
1,515
9,2244
10,3364
1,365
1,374
1,292
7,2366
5,1517
1,281
6,2199
8,2000
3,2027
3,871
2,817
10,3190
1,391
10,2573
1,455
10,2789
9,2664
3,1183
1,519
2,1402
1,405
5,1694
6,1479
6,2475
1,605
6,1718
10,2925
10,2395
10,2450
10,4012
4,1125
10,2909
1,424
10,3294
1,407
1,325
7,6344
10,2805
5,2149
6,1890
10,2337
8,1890
1,252
10,2558
10,4360
10,3160
10,2190
1,801
3,1467
9,3144
1,319
5,1954
2,720
3,854
1,559
10,2317
3,728
1,295
10,3730
10,3436
10,2853
10,2272
6,1684
10,6061
6,2067
1,442
5,1704
3,1456
2,889
3,1112
8,2731
10,2882
10,2353
10,18070
9,2989
10,2433
10,2173
1,262
10,4173
8,2119
1,366
3,1034
10,4008
10,3437
1,426
4,1101
10,3300
10,2824
10,3245
1,7910
10,2768
10,3431
1,293
10,7628
5,1152
1,310
4,1565
10,3364
9,2304
5,1549
10,2791
10,2672
10,2638
1,596
1,641
10,2523
9,1958
1,294
7,2699
1,406
10,3291
2,786
2,686
10,2550
2,755
10,2912
10,3578
10,10555
1,509
3,1328
10,3264
10,2899
5,1412
1,544
9,2770
1,600
7,2385
10,2519
10,2461
9,2515
10,3412
10,4366
1,507
1,496
1,709
10,3467
10,2571
3,871
6,2199
2,670
1,487
4,1519
10,3187
1,435
2,521
10,2846
10,3911
9,3046
1,506
1,625
10,3495
1,484
1,585
1,587
4,998
4,1477
6,2377
10,2467
10,2459
5,1437
10,3440
10,2623
3,1120
1,688
1,642
10,2668
10,3514
2,757
1,402
2,504
10,3416
5,2072
10,2338
6,1445
10,2746
10,2868
10,2624
8,2896
1,686
1,625
10,3267
10,2607
10,2791
1,507
8,2280
8,2824
3,1042
10,2395
10,2317
1,565
10,3844
1,592
5,2042
9,3386
8,4213
4,1469
10,2251
5,1969
1,441
10,3533
9,2757
1,470
2,691
10,2385
8,1873
10,3570
1,489
7,3011
1,553
1,533
1,492
10,3460
10,8798
10,23846
1,450
6,1353
5,1837
1,625
10,2211
1,373
10,7835
1,583
4,1468
1,485
5,1893
10,3558
10,3219
4,932
2,865
1,352
10,3685
1,364
1,383
9,1971
9,2638
1,947
1,766
2,915
7,1915
1,470
1,449
1,510
6,2202
1,490
1,259
10,3813
1,415
1,393
1,572
10,2389
1,610
10,3426
1,485
1,610
7,2287
1,374
1,458
10,3206
5,2001
1,282
7,2655
1,340
1,505
1,350
10,2430
1,435
1,446
5,1844
1,754
1,800
1,463
1,459
10,3403
1,409
1,281
10,2816
6,1877
1,465
1,347
10,2233
1,421
3,1316
5,2181
1,537
1,601
10,3487
1,346
10,3273
7,2698
1,256
2,710
3,972
1,379
4,1390
10,2312
1,388
1,740
4,1386
8,2803
4,1431
3,5898
1,519
10,2517
5,1769
1,257
7,1787
1,430
1,367
1,379
10,3179
1,384
1,1917
1,313
5,1795
5,1662
1,400
1,487
9,2605
1,427
1,240
3,644
1,280
8,2565
10,3461
10,3108
1,534
4,1491
1,518
5,2073
5,1824
1,393
10,3191
10,2182
6,16932
1,266
10,2309
1,254
1,353
10,3634
10,2835
1,639
1,422
1,557
5,1750
2,678
1,544
1,495
10,2958
3,34218
1,297
10,2347
1,374
1,458
1,595
10,2333
1,541
1,605
2,887
3,1363
8,3408
6,2026
6,2140
10,3237
1,398
6,1450
3,708
1,333
1,646
10,3460
10,2959
10,3202
5,1974
1,361
2,1123
7,1976
7,14613
1,523
10,3266
3,993
10,3453
10,2336
7,3248
2,622
10,3145
1,652
1,541
4,1490
7,2288
7,2659
5,1313
1,378
1,547
1,464
4,1568
10,2413
10,2370
3,1224
7,1581
1,882
1,284
3,1167
2,785
1,467
6,7919
3,1344
1,525
1,547
1,262
8,16551
4,976
2,678
1,271
10,3412
1,323
1,254
6,5979
8,2829
5,1776
7,5915
3,931
1,511
8,17936
1,288
2,831
10,2978
1,388
4,989
10,3412
1,349
1,332
5,2117
7,2664
1,630
5,14137
3,1042
2,788
4,1469
1,237
1,586
10,3293
1,251
1,402
8,2057
1,309
1,268
7,2426
1,577
1,478
3,1396
5,1921
1,513
5,1720
1,303
7,18714
10,2490
1,254
2,876
10,2399
1,359
1,271
4,1928
5,1921
3,2259
5,2233
2,875
5,1846
5,1684
1,310
7,38827
10,3293
1,548
9,3075
3,1252
1,652
1,304
2,822
6,2317
1,234
3,1291
3,788
7,2439
5,3606
1,258
1,432
10,18630
1,288
6,1540
10,2475
3,1143
1,308
5,1890
2,932
1,307
3,833
5,1076
5,1880
2,4365
1,243
1,625
4,1637
1,264
9,2139
10,3440
1,716
1,307
5,1671
7,2705
1,533
4,1422
2,648
8,2591
4,3667
1,256
1,546
10,3434
1,275
1,546
10,3399
7,3235
1,304
4,1453
5,4751
8,2398
5,1380
9,3097
1,410
2,831
1,267
2,7862
10,8119
1,263
1,311
10,3896
10,3794
10,3200
7,2335
3,1318
3,1240
2,870
4,1167
5,1777
5,1598
10,2459
2,79986
10,12628
1,273
4,964
10,3821
10,60453
10,3217
5,1785
8,3292
3,969
9,2939
5,1117
10,3386
7,2878
1,256
1,713
6,2056
1,386
9,2927
10,3656
9,47156
6,3903
3,1155
5,1789
5,1624
5,1242
10,3078
8,2649
8,2559
10,3551
2,845
1,584
8,2796
10,3473
10,3601
7,2463
10,3578
8,3234
3,1424
6,1585
10,2058
10,2559
2,892
5,1668
3,1052
4,1429
7,3630
2,573
10,2560
10,3399
1,521
4,1549
5,1896
5,1271
3,814
1,439
10,2363
3,1145
6,2095
10,14934
4,3164
6,2255
6,1628
10,3740
1,495
5,1871
1,587
3,1021
3,680
5,1236
10,3741
1,423
7,2352
3,2835
3,1173
1,419
1,492
10,3320
4,987
1,790
2,2390
5,2024
3,1113
9,2438
9,2035
10,2099
6,1403
4,4742
5,1946
7,2483
2,1009
1,483
8,2361
10,2852
9,3206
7,2740
6,2136
3,1005
5,1931
2,622
2,728
1,368
2,882
3,1273
4,1457
3,2292
1,761
10,2628
10,4220
1,3181
5,1870
1,691
5,1316
10,2325
6,1591
1,514
1,399
4,1527
1,705
1,631
1,792
1,552
4,1229
10,3292
1,839
1,480
5,1741
2,580
10,3120
5,1243
1,414
1,364
2,940
9,3012
7,2532
1,685
1,510
10,3641
10,3599
1,682
1,372
2,1083
2,621
10,2287
10,2650
1,318
1,380
2,1139
2,865
5,1937
4,1781
1,471
10,3294
6,2699
3,1416
1,427
7,2758
9,2305
1,251
4,1066
1,279
1,396
2,1076
6,1504
1,409
8,2696
1,468
10,2779
10,2685
1,682
3,2624
5,1954
5,1387
1,496
4,1157
1,594
1,397
1,550
5,1184
5,1656
2,681
5,1995
10,2961
6,1587
1,1904
1,108072
1,570
10,2492
1,542
6,1752
1,318
1,479
1,610
9,2126
3,1227
6,2040
1,341
10,3122
1,499
1,594
5,100910
4,1650
10,2331
1,561
6,1578
1,343
1,318
1,472
1,254
4,1478
4,3913
1,531
10,2428
1,262
1,497
2,862
1,474
1,424
1,328
10,2579
1,273
1,312
1,449
1,343
3,1257
5,2507
5,1715
10,3638
1,371
1,436
2,623
2,924
8,1880
1,405
10,2492
1,263
1,329
2,1914
10,2418
2,846
6,2143
2,5016
10,3608
1,373
7,2760
1,415
7,2366
1,688
1,330
10,2440
1,469
6,1893
1,358
4,1034
5,1592
8,2682
1,691
10,3622
1,296
1,627
1,441
10,3450
1,576
1,453
4,1026
10,2858
10,3493
1,406
1,301
10,4524
2,784
3,1654
1,604
1,497
3,1239
3,1076
1,395
1,283
9,2847
10,3257
8,3478
10,2480
4,1646
1,233
3,1151
1,510
1,465
1,416
1,333
7,2856
7,2260
3,976
1,539
1,1140
1,464
10,2540
10,2777
3,1036
1,253
1,339
1,504
1,438
1,475
1,245
2,898
2,649
1,515
1,306
1,444
10,2657
4,1023
4,1037
1,349
1,256
4,1630
4,1540
4,1777
1,525
1,271
5,1737
4,1266
4,1441
1,262
1,439
10,2899
6,1932
10,5173
4,1375
1,245
7,3224
1,461
5,1877
1,471
1,638
4,1837
2,672
6,1961
1,292
1,672
1,466
10,2477
10,4405
1,339
1,364
1,770
1,628
1,613
1,500
4,1571
3,1147
2,1313
1,353
1,288
6,1742
1,384
10,3987
10,2911
1,334
1,277
4,1407
1,619
10,37531
9,10450
4,1616
7,2433
4,1689
7,2440
1,307
10,3818
1,315
10,2801
10,2516
1,386
1,254
6,1997
1,543
4,19891
1,469
10,3472
7,1738
4,6011
2,672
1,322
10,2312
10,3120
10,2681
10,8844
1,510
1,280
1,561
1,908
2,935
3,1159
10,3193
7,2448
6,2523
4,1288
1,322
10,3567
1,275
4,932
1,582
2,795
1,276
2,901
2,713
4,1305
1,413
1,392
3,1187
7,13824
1,534
9,2969
6,1503
1,273
6,2193
3,1305
2,847
9,2177
1,488
2,2820
7,2694
1,468
6,1801
8,3551
1,665
1,596
6,1630
10,2372
1,275
10,3814
10,3385
1,472
10,2406
7,2649
1,436
6,4498
1,640
6,2073
3,1123
1,424
1,352
10,3138
4,935
1,254
1,360
3,1322
1,461
10,3076
1,527
3,1098
2,49842
1,494
1,603
3,1617
10,26917
1,363
10,2884
10,3632
1,361
3,1118
10,3371
8,2641
10,2187
3,1365
1,434
2,816
8,3030
5,1857
3,1025
4,135689
1,664
10,2591
10,3480
1,310
10,3318
9,12091
6,2086
9,2404
1,673
1,558
1,627
7,17292
2,848
5,1210
9,2927
3,1043
4,1189
4,1254
10,2739
3,948
7,2481
4,1419
10,2929
1,390
8,2989
2,804
2,14724
5,1970
3,904
3,981
1,388
10,3904
10,3311
4,1127
3,1047
4,1400
4,1415
10,3413
1,402
2,792
4,6149
4,7164
1,357
2,728
1,404
1,347
10,2760
3,1213
10,3219
9,21848
1,488
4,1338
10,3361
1,408
5,1916
2,1072
5,7669
7,24682
9,2780
4,1401
1,493
10,4122
1,530
6,2627
7,2252
1,489
5,1809
10,3466
1,413
7,2589
4,1455
5,7759
2,932
5,1363
1,508
2,815
10,2580
3,1241
3,1372
7,4648
1,386
3,1209
1,574
2,979
6,2669
1,384
4,1723
2,911
10,2332
1,414
2,709
10,3890
10,3468
10,23841
1,593
3,1135
4,3444
10,3473
4,1489
8,2809
3,1357
2,781
5,8491
10,2772
2,721
4,1365
1,638
7,2713
7,2885
1,528
1,399
1,545
4,1557
2,2859
4,1627
2,768
7,2306
1,626
1,391
1,1527
2,815
6,2718
9,2710
3,1085
1,852
1,372
2,790
10,3067
4,3017
8,7004
2,747
3,1099
2,699
10,3041
1,414
2,829
10,4849
7,2781
1,526
1,479
1,418
2,807
3,1134
1,491
5,1862
1,355
8,2747
8,15907
2,621
8,4866
1,324
9,7652
1,400
4,5663
1,497
1,407
8,3344
10,2568
9,6443
8,3771
1,430
3,1091
1,639
1,569
2,841
2,970
10,19088
1,519
5,1859
1,460
1,414
2,872
6,2125
2,799
3,989
2,846
5,2365
7,2254
1,455
1,481
1,526
4,1417
6,2684
7,2584
4,1714
1,394
7,2400
1,481
2,2146
7,24342
8,8978
6,1862
3,26297
1,312
4,1631
3,1135
1,840
1,409
5,7286
1,620
5,1709
6,2219
7,2758
1,410
3,1185
6,1889
3,948
4,1322
1,328
1,464
1,536
1,709
1,437
1,665
1,477
1,394
5,1924
1,503
1,3184
1,566
4,1529
6,1525
1,337
1,541
4,1533
2,900
1,722
1,391
3,1057
1,475
1,401
2,683
1,1460
3,3133
2,1237
4,1517
5,1706
4,1536
8,1961
4,1725
8,2708
1,649
1,466
1,387
5,1710
1,355
7,2421
1,10312
1,507
6,2088
6,2507
3,953
2,857
1,596
8,2941
4,1668
1,496
1,509
1,512
1,524
7,2408
8,6981
1,470
10,18340
6,1827
5,2306
1,442
10,68513
1,508
3,1343
4,1448
1,463
1,477
1,504
3,1081
1,494
2,770
2,8727
4,1753
7,5583
3,1343
2,806
1,2802
1,632
2,1015
6,2518
1,686
1,399
4,1389
1,331
6,2211
4,1467
1,331
4,1604
6,2176
8,3249
9,2672
8,46350
1,494
4,1554
5,2063
1,642
1,441
2,711
1,500
5,1676
8,2716
2,653
5,1668
6,8046
1,443
4,1033
1,436
1,494
2,947
8,3043
1,548
1,378
3,1016
2,691
10,8436
8,20552
3,1061
4,1599
6,2148
1,632
5,1322
2,3711
6,1505
7,1787
6,2251
6,2014
2,690
7,2343
2,639
3,3683
3,1100
3,919
1,607
3,1413
1,770
1,384
2,7280
10,3153
7,1732
4,1515
1,3125
5,1609
2,28355
4,1373
8,6983
5,1863
5,14759
2,1037
4,1223
1,604
9,2202
1,393
10,4111
1,407
3,1231
1,430
7,2241
4,28591
7,2215
2,5474
8,2633
7,12180
2,944
4,1576
1,627
10,2158
1,323
10,3502
5,1865
2,637
1,494
3,1423
6,25763
10,3156
2,685
2,703
5,73982
2,856
4,1398
1,601
4,1122
2,990
9,2218
1,453
2,845
5,13141
2,4956
4,18572
2,750
7,2305
3,1673
1,105071
2,795
4,1203
7,2602
1,351
3,1033
4,911
4,5175
4,1531
7,18198
5,1813
8,15389
5,24763
2,828
1,447
6,73558
7,2892
10,2319
2,919
1,299
1,341
10,2285
1,496
7,2678
2,737
1,387
5,8643
8,30947
2,837
2,923
1,396
5,1766
1,264
1,360
1,281
4,1718
10,3440
1,493
2,1123
5,2617
3,1259
1,7324
4,1378
2,3597
1,671
1,846
6,4108
1,276
2,714
1,313
4,9178
10,3105
1,596
3,1415
1,330
4,2258
2,7150
1,461
4,48561
1,484
5,1915
7,2576
1,242
4,1842
1,272
1,376
1,515
1,708
5,2007
3,966
5,1744
2,1329
7,2273
2,760
1,403
1,358
8,3943
1,483
1,543
1,258
1,685
10,3814
6,4078
2,912
2,619
1,439
10,10337
1,2124
4,16038
1,428
1,371
2,651
1,289
4,1473
1,236
2,1022
3,1238
1,386
7,2616
5,1502
3,1388
2,652
7,40782
3,944
1,391
8,2676
1,672
1,300
2,675
1,243
1,635
10,3452
8,17764
8,5339
1,624
2,902
2,34167
3,2426
2,934
1,726
10,3042
4,1501
1,261
1,386
1,291
1,748
3,1346
1,368
1,590
2,657
4,1341
1,436
2,24574
3,6151
6,1979
1,2684
8,2862
1,363
7,2706
1,254
5,2059
7,2807
2,20047
1,530
10,3116
7,2439
1,385
2,705
2,796
1,471
3,9173
1,348
1,259
2,970
6,1706
2,771
10,3387
1,429
8,2768
8,2534
2,964
4,2647
1,530
10,5958
6,4156
1,491
8,4184
1,370
1,400
6,2096
8,3103
7,2389
8,2674
8,4520
2,841
7,2247
1,4312
2,828
1,507
1,369
7,2308
5,1855
4,1163
2,1106
10,2586
1,408
1,354
8,2662
1,506
7,2248
6,2199
8,4306
2,772
8,4030
7,1803
2,24598
8,3039
8,1709
5,1924
10,3473
6,1901
1,618
1,412
3,1488
4,1246
2,682
1,483
2,625
1,17262
1,383
7,18079
2,893
10,2073
8,2572
9,1947
1,634
6,2325
3,1039
7,2472
4,1366
2,929
1,504
2,3339
9,44612
1,475
2,679
1,5535
10,3482
6,2117
4,842
4,1371
1,6344
6,2737
1,488
2,1076
2,611
1,415
2,792
4,1699
6,1975
2,811
3,8243
8,2559
8,7816
10,2085
4,1657
1,467
3,1153
1,647
2,707
2,693
4,7255
3,1006
1,380
6,2142
1,361
1,512
10,3554
8,2794
10,2781
2,784
1,398
5,1646
5,1707
2,708
3,1179
1,472
1,438
4,1603
4,1412
2,772
8,3114
10,3517
3,1074
10,3512
8,7019
1,491
8,2727
8,3016
4,2456
2,622
2,1090
5,1641
4,1463
3,908
2,725
3,1585
6,1792
5,1953
10,3305
3,1146
1,528
1,506
1,677
3,1080
4,3999
2,794
8,3103
1,502
4,1041
2,1295
1,407
2,808
8,2984
1,429
2,851
1,417
2,819
3,1258
9,2941
1,573
1,586
8,42313
5,1861
4,1579
4,6517
6,4330
2,852
3,1191
10,3796
4,1485
2,751
6,2120
1,667
1,664
2,886
1,502
1,422
1,397
4,1438
2,1978
1,3975
6,1526
1,579
3,993
2,1590
1,367
7,2457
1,456
2,745
8,12403
6,1902
4,1243
3,1073
4,1333
2,716
1,648
5,1380
6,2445
10,19810
7,2537
1,408
6,2201
1,553
2,1109
4,1507
10,4102
1,504
1,429
4,1292
3,1261
2,1057
6,1580
7,2709
10,25568
7,2466
1,479
6,1927
2,1120
1,508
1,367
4,1665
1,449
1,471
10,3427
1,759
1,508
10,3519
6,2835
4,16920
1,564
7,2306
4,1678
1,443
1,522
1,320
4,10164
6,3192
4,1506
6,1340
2,6724
1,543
4,1662
5,1813
7,7139
5,1931
7,2545
6,7291
1,415
8,2930
8,4222
5,2064
4,4855
1,3735
10,3616
8,13279
1,613
5,1316
6,2262
6,12611
4,1426
1,351
3,1086
6,4583
2,738
2,1814
4,1684
1,424
1,480
10,3710
6,1632
1,363
10,2594
3,1321
3,967
2,760
2,699
3,1359
7,2590
4,1472
3,1069
2,975
2,2265
2,735
8,2145
1,556
3,1225
4,1176
6,1912
1,496
3,1144
4,1461
4,1392
6,2213
1,407
4,1835
2,1392
1,622
1,394
6,2103
1,451
8,2912
9,2289
4,1398
1,454
8,3449
1,492
4,1430
6,2298
4,1463
1,529
7,2485
5,2155
1,501
10,5782
4,1353
7,2179
1,405
5,1994
1,372
6,1925
6,2133
4,1187
3,1004
1,355
1,507
2,668
1,529
2,841
6,2364
4,1324
6,1492
1,293
4,1465
1,340
8,3540
1,2992
10,2386
6,1752
4,1427
8,3912
1,510
1,629
1,4942
10,3362
1,607
2,902
1,618
7,2300
1,364
3,1227
10,3109
10,3376
4,1677
1,390
4,2939
2,675
5,7027
1,441
2,869
6,4461
9,2998
10,2210
1,481
1,479
5,1634
3,1294
10,3276
4,1590
1,658
5,10596
7,19319
1,603
1,438
6,1941
1,630
4,1639
1,245
1,264
1,487
7,6924
2,701
8,3041
4,1336
1,417
1,761
6,29205
4,1651
4,1319
8,2390
5,1764
1,418
1,239
1,392
1,491
1,396
3,1144
10,6482
10,2686
5,1825
4,1304
3,1031
1,519
2,804
6,1740
1,413
4,1164
1,249
1,433
1,461
8,2885
2,2717
1,393
4,1120
1,321
1,506
5,1658
1,612
7,3572
1,355
8,2680
4,924
1,352
1,289
4,1619
1,397
6,7097
1,453
8,1794
1,582
2,2026
8,2437
8,3522
5,1830
1,294
1,348
10,2452
1,510
4,940
1,466
6,3067
4,1323
10,3447
10,2856
8,2695
1,347
1,532
2,1039
8,2857
1,272
1,521
10,3606
1,277
1,239
1,585
3,24494
7,40438
6,2347
8,2574
1,488
1,337
1,458
4,1408
7,2620
1,248
7,2151
10,3124
1,571
1,257
6,2142
1,451
2,787
1,590
10,3243
3,1014
1,530
4,1581
2,1194
2,9360
1,313
1,375
10,3251
1,401
1,282
5,1743
1,526
2,765
10,3460
6,1798
1,454
1,440
1,674
7,2438
6,1873
1,302
1,476
6,2536
10,2520
1,289
3,1084
1,439
2,859
1,372
10,3404
4,1344
2,2940
8,2544
5,1757
5,1797
1,247
4,1356
8,2902
10,3544
1,286
1,330
7,3819
3,1001
10,3495
10,7447
1,430
1,448
1,684
2,642
8,5328
1,322
1,369
10,9137
10,2113
4,1116
3,1158
1,359
3,7368
1,397
2,802
1,621
2,776
8,2314
2,792
3,961
10,2188
1,408
6,3028
10,2855
3,775
4,8334
1,526
2,599
1,435
10,3293
2,1131
1,543
5,1555
6,2392
2,558
1,559
2,842
10,3701
10,2815
10,2416
2,811
2,791
1,4585
1,688
1,406
2,755
1,439
1,340
8,3226
8,1936
1,581
6,2160
8,2142
10,3055
10,3161
10,3451
1,517
4,5341
1,330
1,251
4,1529
5,2212
3,5942
8,4030
8,19198
4,1380
2,1028
1,391
10,3266
10,3861
4,1414
1,410
2,5669
1,457
1,237
2,800
4,1499
3,7688
8,2443
3,1194
10,2356
4,1577
1,306
10,2707
6,2136
7,2281
1,437
8,7679
1,262
1,224
2,814
7,6139
1,529
5,2047
1,473
2,550
5,1672
1,412
8,2894
10,6376
7,2389
1,439
1,392
2,605
1,248
5,1684
6,2103
7,2455
3,3699
2,964
4,1174
3,955
1,350
9,3150
10,3334
4,1359
6,1817
1,1205
10,2364
2,545
8,2920
7,2626
8,3285
1,478
8,2859
6,1867
2,934
1,368
10,3531
10,8503
6,1925
6,2223
2,929
8,2284
1,390
7,6843
8,2732
1,422
8,2523
7,2258
10,3512
7,2182
1,291
2,772
6,1990
2,714
6,2234
8,2656
6,2332
1,255
2,829
8,14250
3,2356
3,1006
6,10364
9,2526
4,1475
1,644
10,3335
5,1560
4,1261
4,1664
4,2321
10,2335
1,248
8,2615
4,1724
1,489
2,840
6,1835
10,3157
8,2673
2,533
1,470
1,417
4,1281
6,2344
4,1266
2,732
1,266
6,4309
8,2774
1,663
3,1160
6,2241
4,1021
8,12230
1,292
5,1977
4,1834
2,826
3,1296
4,1493
4,1095
1,385
8,2843
3,1567
2,870
6,1886
10,5486
10,2493
2,867
1,381
5,1912
10,3067
2,643
4,1586
1,433
9,2522
5,1328
2,698
2,822
6,2132
7,2762
2,814
10,2644
6,2091
1,277
9,5677
5,2802
2,773
4,1645
5,1540
1,497
6,1970
8,2548
5,1611
6,2145
6,2084
3,1071
10,3084
8,7864
6,1548
1,603
10,2528
2,767
4,1479
8,3660
1,637
6,2063
5,1698
6,1914
7,2392
7,2416
4,1388
10,3146
5,10163
2,886
1,680
9,1920
6,1995
10,3317
1,322
10,2252
10,2535
3,2930
3,1137
4,1283
6,8826
4,1690
1,362
1,502
10,3226
1,557
9,3045
4,1591
10,3156
1,401
10,2372
5,1925
3,1173
1,602
6,2636
3,733
1,584
10,2529
3,963
4,956
1,886
10,2960
2,786
10,7208
3,2911
10,2402
4,1320
8,7347
2,912
4,1590
6,1221
1,451
10,2999
2,792
10,3293
1,533
1,456
1,341
10,3892
1,555
10,2609
4,1022
1,458
3,1426
4,1497
1,393
1,314
10,2649
6,2661
10,2733
7,2486
1,260
2,940
8,21014
1,497
1,407
9,2210
8,2874
6,1929
10,3257
1,743
1,399
8,3056
6,2396
10,3397
1,447
1,288
2,918
10,15826
4,1499
10,3259
1,539
7,3093
7,2678
4,1113
4,1398
1,406
1,343
7,2418
9,2098
1,647
1,299
1,627
6,1723
1,457
9,1978
10,2455
6,4631
6,2155
10,2452
1,458
1,377
1,397
6,4855
10,2363
7,6904
1,496
1,1237
10,3167
1,568
1,234
9,3024
6,2185
7,2495
10,3493
1,472
1,310
1,324
6,2108
10,3355
1,479
1,362
8,8312
10,2395
1,430
1,312
10,2760
6,2368
6,2734
10,3137
1,483
1,402
1,305
3,812
10,3308
1,462
1,339
1,469
6,1422
2,797
1,414
10,2377
6,1773
3,2656
8,2796
1,599
1,397
1,298
1,541
10,2598
10,5077
1,241
4,1364
2,909
2,991
1,481
10,3171
3,1042
6,2034
6,2172
1,454
1,385
9,3394
6,2051
10,3400
10,11426
1,274
4,1328
1,426
1,391
1,371
10,3651
2,696
4,1604
10,3273
4,1831
4,1059
1,463
1,404
10,3137
1,7992
1,285
10,4038
1,405
1,524
1,385
1,590
1,304
1,513
10,6159
1,362
4,1612
1,727
1,545
1,489
1,7604
1,251
1,688
1,329
3,1211
1,378
10,2498
1,302
4,1832
1,364
1,323
10,3389
10,2574
4,2365
10,3105
6,5698
9,2212
1,406
1,327
2,918
10,3529
10,3069
1,350
1,576
10,3027
1,772
10,2919
1,479
1,371
1,455
3,1509
10,2464
6,1986
1,265
7,2506
1,410
10,2639
4,1185
1,488
1,375
10,3261
10,3370
1,258
1,360
1,308
9,20488
10,2325
1,485
1,267
6,2046
1,436
1,589
1,321
1,499
1,472
4,1475
6,2161
1,294
1,400
1,356
10,33466
10,3325
5,1727
1,240
4,1462
10,2817
1,370
1,694
1,311
10,3482
10,2658
8,2734
2,688
1,446
10,2149
3,1043
1,571
1,381
1,266
8,3295
10,2184
1,282
4,1744
1,674
1,383
10,7178
10,3448
1,488
4,2656
1,296
4,1329
10,2591
1,452
1,253
2,845
10,3598
1,284
1,578
1,360
1,392
8,3327
6,2482
6,2026
1,360
1,297
1,4570
10,3754
1,566
1,258
7,2477
10,3488
1,408
1,524
1,303
1,398
10,3649
10,3544
7,2573
1,397
1,377
4,1194
10,3606
1,481
4,963
8,2869
8,2535
1,335
1,368
1,1342
1,253
10,4041
2,1054
5,1894
1,519
1,339
3,871
10,2525
1,419
8,2674
4,1398
10,3730
1,373
1,408
1,401
1,267
10,13160
6,1624
10,3746
4,3658
1,391
2,711
8,2765
1,466
6,1951
3,1053
2,591
1,382
1,419
4,1352
1,490
10,3298
8,2812
9,3302
4,1152
1,400
7,2580
2,703
4,1353
10,2349
8,3651
5,1958
1,292
4,963
4,1031
1,375
2,706
6,2078
10,3266
4,1063
1,305
6,1625
10,3248
2,808
2,484
6,2063
5,1982
1,247
8,1984
4,1115
2,670
5,1987
1,350
4,13914
6,1774
10,2463
7,2842
2,1013
2,721
4,876
8,2832
1,530
8,2763
3,905
10,2251
6,1578
6,2169
10,4299
3,1251
4,948
10,3426
10,3792
10,2403
2,1002
9,2236
3,1046
7,2955
10,3186
10,2159
10,3426
6,1578
6,1982
4,1045
6,8928
10,2804
10,2701
8,2264
8,2276
3,1255
1,470
1,493
10,7114
8,2315
10,2731
10,3259
4,1352
10,2325
10,3596
10,3820
10,2667
8,2270
3,943
5,1852
7,2595
1,444
2,888
10,11330
10,2619
10,3547
6,2234
10,3042
10,3327
2,562
5,1606
8,2909
2,938
10,3388
7,3487
5,1958
10,2652
3,1030
9,3244
2,846
2,698
8,5066
4,1131
5,1622
4,982
7,2565
10,3429
7,6272
1,480
1,509
7,2672
10,2813
6,2229
6,6507
2,1116
10,3568
6,1973
10,2224
4,1152
9,2059
1,640
6,2621
5,1471
1,311
1,466
2,674
10,2023
7,5660
1,2982
5,1748
10,3197
10,3074
1,382
4,970
1,523
4,1634
10,3417
10,3946
1,401
1,657
8,2954
10,2523
6,2220
9,2852
5,1716
7,2596
10,3223
9,2794
9,2078
1,383
4,1895
10,21517
10,3477
1,392
1,384
8,4654
10,2826
7,2074
1,609
10,3382
10,3236
2,626
1,398
1,434
1,260
6,1610
2,635
10,30373
1,363
5,1744
8,6498
9,3027
6,1807
10,3353
7,2406
6,2069
6,1624
9,3271
1,338
1,268
3,1060
5,1463
6,35572
1,503
1,4114
5,1746
10,3095
3,922
1,368
7,2606
8,1774
5,1346
10,2569
1,326
1,261
1,648
6,1435
10,49255
10,2834
1,406
3,1562
10,3337
6,2155
3,1333
10,3497
6,1441
10,2536
10,7042
1,250
1,505
1,322
6,1584
10,3423
1,339
1,491
7,2512
10,2141
4,1381
1,1415
6,2227
10,2774
6,1428
10,3665
1,241
1,475
1,412
5,1367
3,1122
1,268
1,452
3,2876
10,2175
1,599
10,5603
10,3335
4,1431
10,2729
10,2354
1,245
1,281
1,604
4,1077
1,344
1,248
1,1068
8,2720
1,505
4,965
7,2509
3,968
10,2537
4,1094
9,2833
1,264
1,517
2,762
10,2590
7,2365
1,475
1,460
1,680
1,279
1,384
1,625
10,7580
2,448
5,1228
1,464
1,245
1,305
1,626
10,2357
5,1696
2,852
7,2356
3,1335
1,291
1,325
1,479
10,3655
4,1261
4,1192
10,2397
1,276
10,2551
1,292
4,1137
1,532
9,2709
3,1155
6,2129
1,321
1,270
1,402
3,1058
10,2331
9,3182
1,374
1,284
9,3116
1,388
1,624
4,3684
10,3164
10,3568
2,829
1,288
1,269
1,409
7,2745
1,307
1,453
1,289
10,2248
10,2612
1,407
1,527
6,2032
10,3292
10,3112
6,2101
1,318
1,260
1,471
4,1721
1,368
1,329
10,2299
1,380
10,2215
1,318
9,2241
1,411
10,3320
9,2971
4,1494
1,339
1,240
1,510
1,539
1,264
1,355
1,232
1,377
10,3302
7,2139
1,428
1,733
10,3260
3,1203
7,2641
1,362
1,268
4,1477
1,604
1,316
1,272
1,372
10,2377
10,3273
1,284
1,503
1,517
10,2156
10,3080
6,1400
1,424
1,408
1,425
1,636
1,261
1,395
1,249
10,2374
10,3421
6,1651
1,465
1,442
8,2854
10,3396
6,1968
1,381
4,1238
7,2559
1,449
1,309
1,401
1,249
10,3021
1,500
10,3573
1,367
1,449
1,539
7,2536
3,882
10,2171
1,324
3,1083
1,433
1,287
1,367
1,614
9,2329
10,2255
4,1068
1,337
1,370
1,562
1,761
1,396
7,1540
4,1115
6,1752
1,405
1,360
1,359
10,2229
10,2722
10,3356
8,2877
1,549
1,332
5,2074
4,1702
1,351
10,3062
7,1664
2,753
1,383
1,358
1,260
1,243
10,2870
10,3042
3,1079
1,390
1,443
9,3260
3,1032
1,343
3,937
10,2136
3,880
1,468
1,280
1,271
1,487
10,2276
8,1663
10,3080
1,418
4,1521
8,2874
3,1437
1,505
5,2026
10,3484
10,4036
1,447
10,2337
1,464
1,287
8,2659
1,396
1,412
10,3228
4,1593
10,3274
2,801
1,406
5,2349
8,2801
4,2078
1,394
9,3007
10,2717
8,2142
10,3105
10,3141
9,2279
1,557
3,2011
10,3380
7,2864
4,1377
1,513
10,3392
8,2555
3,1126
10,2428
9,2017
10,3580
8,2188
10,2518
2,769
9,2159
7,2230
5,1971
7,2307
1,457
7,2840
6,2341
10,2563
4,1440
10,3110
10,2096
2,659
10,2739
2,616
10,2301
10,2373
6,1744
2,1041
6,2044
1,391
10,12615
10,3799
2,680
3,1281
10,3578
10,2716
10,3463
10,2732
9,3338
10,2329
10,3598
10,3223
6,1881
10,2459
4,1335
10,9313
10,3171
9,2397
2,870
10,3054
10,2640
10,2619
2,606
1,534
10,2292
10,3554
3,877
1,527
8,2662
10,3538
10,5029
3,952
2,476
7,1731
10,2612
10,2488
1,515
2,793
1,449
10,2723
10,3577
10,2753
4,20666
3,992
1,401
9,3445
2,717
10,2183
7,2836
1,427
10,2532
9,8660
5,1621
1,447
9,3030
1,404
1,506
1,675
10,3519
1,285
6,4914
6,1834
10,3100
6,2400
10,2592
1,353
1,624
1,417
1,436
1,342
10,2675
2,686
1,3067
1,357
1,259
3,3447
8,1787
10,2760
8,3028
10,3334
10,2985
7,2548
1,414
1,415
8,2463
10,2927
9,3351
1,413
10,3181
4,1069
10,3491
10,2916
1,785
3,746
10,2454
10,2341
10,3755
1,425
1,397
10,3378
8,2659
2,1192
1,586
1,253
10,2634
4,1627
6,1955
1,462
10,2509
8,2007
8,2432
10,3398
1,386
1,352
1,453
10,2402
10,3398
2,2875
1,275
10,3299
10,19625
4,1790
10,2784
10,2648
10,2593
8,1876
9,3258
1,390
1,405
7,2624
8,2727
10,2396
1,543
1,251
8,2936
7,2623
10,2402
1,260
9,3017
10,2250
8,1659
6,1980
1,370
1,409
1,619
2,839
9,2583
1,408
1,290
10,3273
4,1720
2,633
8,1724
2,1049
2,536
10,2737
9,3287
1,369
1,361
9,6643
10,2666
10,2369
3,1101
1,288
10,6501
1,664
4,1338
1,375
2,526
6,2258
2,639
10,4291
1,378
7,2320
1,674
10,2381
1,621
1,401
1,246
6,2015
1,541
9,2144
1,290
10,3017
1,543
2,640
3,1147
1,410
5,1605
8,3111
2,797
10,2370
1,441
1,282
10,6460
1,407
1,408
1,487
10,2543
1,444
2,653
1,395
1,374
10,3042
1,431
1,727
8,2288
1,502
1,400
10,2672
1,511
1,322
1,518
10,3478
1,416
5,1684
10,4132
10,3462
10,2721
1,458
5,1882
8,2636
6,5161
1,364
2,595
1,404
1,324
1,450
1,511
1,300
1,411
1,487
5,1783
6,2187
1,577
1,413
1,548
5,7144
2,687
5,1634
1,365
1,251
1,374
10,3473
1,398
1,422
1,504
1,843
3,911
10,3564
1,415
1,563
1,432
9,2751
6,2111
1,366
1,232
8,1906
8,2964
1,479
1,479
1,599
10,3589
10,10911
1,383
1,712
1,406
7,2532
2,678
10,2741
1,296
1,362
1,377
8,2982
1,454
1,335
1,435
9,2987
10,3365
1,529
1,744
1,424
5,17978
10,2285
6,1427
1,393
1,361
10,2451
10,3283
1,451
1,250
7,2069
6,2322
5,4655
1,52767
1,435
10,8087
6,2008
10,2062
5,1526
1,400
1,322
1,274
1,418
1,374
1,297
1,305
8,3187
7,2240
3,45653
1,310
1,602
3,1109
1,540
10,3281
6,2147
1,284
10,2362
1,378
1,501
1,479
1,607
9,3612
4,1544
10,57137
1,272
1,450
5,1855
8,2800
4,1377
3,1134
1,240
10,2435
1,357
4,1631
1,446
1,511
6,2298
4,7819
2,717
1,345
7,4202
2,811
10,2535
4,1018
6,2345
1,347
7,3827
1,420
6,2203
1,788
1,360
1,402
3,1120
1,377
1,312
1,526
9,3037
8,1958
1,228
2,648
10,2340
8,64282
1,444
7,2354
5,1725
1,464
10,4416
6,1935
1,452
7,2031
1,461
4,10773
10,2180
1,392
10,3298
10,2594
3,1189
1,542
10,3413
1,565
1,492
4,1504
2,726
5,1923
5,4205
1,416
10,10800
1,685
1,331
4,1052
10,2416
10,3372
1,425
10,3226
7,2636
4,1425
2,815
4,1068
4,1395
3,1152
1,458
7,9995
5,2873
1,290
8,4237
10,10508
2,709
1,292
4,1438
5,1250
2,971
4,1283
7,2430
1,339
5,1271
1,448
5,1956
9,3645
1,258
10,3491
10,4536
6,2936
1,407
9,3819
10,2985
4,1569
3,1173
6,1970
4,1478
10,3496
3,1378
3,1098
8,2781
1,266
2,778
10,4182
2,845
1,400
3,1110
7,9163
3,1316
4,2056
10,3802
5,1892
9,5399
9,3104
2,747
10,6270
1,267
2,1092
10,5113
2,763
1,611
10,3337
10,4410
8,1895
2,962
4,1055
5,1922
6,2122
10,4322
4,1504
5,1981
1,273
9,3501
10,2723
4,1433
5,1554
10,19387
6,8345
7,2283
7,1863
8,2067
3,1341
10,3285
10,3111
7,2853
10,3367
1,631
10,3282
10,2673
3,4720
9,3499
7,2947
3,857
6,2686
7,1812
6,2085
2,739
5,1673
3,1073
8,2767
2,882
1,286
10,2168
10,3190
1,372
8,5650
1,509
5,1932
10,3298
6,2200
3,946
9,3123
10,10709
8,2593
10,3483
5,1869
1,285
1,545
8,1937
1,488
10,3637
4,1512
10,3281
4,1126
10,3545
1,603
6,1872
7,2503
1,434
4,1730
1,552
9,2427
10,2554
8,2982
3,1360
5,1807
3,1060
10,2846
3,935
8,2219
1,329
5,1543
1,523
4,1446
10,4136
1,684
1,398
8,2866
10,2902
1,356
2,981
6,1820
3,1334
6,1831
3,1075
1,393
6,7616
4,1693
5,3154
2,885
1,516
10,2365
10,2788
2,837
2,661
6,2472
2,960
4,5396
3,1339
1,440
1,297
10,26937
3,1422
2,889
1,504
5,1882
10,2326
1,629
2,728
6,2160
3,1345
7,2860
4,1493
9,2471
1,405
1,291
7,2230
4,1732
2,872
1,420
1,399
10,2587
8,2812
5,1977
1,12565
2,802
6,1760
3,1103
2,618
10,2453
1,329
8,4745
3,1360
10,8072
1,463
1,521
10,2819
10,3516
1,478
2,674
3,968
10,2414
2,1038
10,2891
1,542
1,604
5,1742
2,736
7,14870
1,368
3,1129
10,3459
10,3637
1,389
5,1626
1,529
4,1241
7,1801
10,2232
1,382
1,354
1,2027
7,2068
9,21032
1,341
3,3576
9,2113
9,3320
1,381
9,19156
4,1535
8,2878
10,2476
10,2808
1,458
1,308
1,454
7,2417
6,36122
1,550
4,1543
10,2606
1,433
1,414
7,2221
5,1957
3,796
7,1917
10,3326
1,458
1,249
1,474
6,2333
3,39768
3,1149
1,529
10,3404
1,345
1,367
10,20009
7,2367
1,503
6,2257
1,494
1,351
9,2561
1,458
10,5151
5,12603
1,461
1,352
8,2654
1,408
1,439
1,444
2,694
1,464
8,2950
7,2556
1,252
2,574
1,474
8,2104
1,332
1,394
1,496
10,2432
1,433
1,407
6,2087
6,1869
10,2720
3,841
1,503
1,316
2,898
3,4040
1,566
2,700
1,436
1,425
10,3325
1,415
1,3079
1,296
2,694
1,645
10,3859
8,2637
1,419
10,2831
5,3990
1,250
4,1707
1,1340
1,438
9,3046
1,426
1,604
8,2542
5,1554
1,364
1,615
10,3274
10,2474
10,2542
1,362
3,1344
5,32824
2,758
1,431
2,830
1,381
1,427
10,8084
9,10958
1,438
1,256
1,383
2,717
10,2234
1,749
1,380
8,35363
3,1150
3,1146
10,3783
1,345
5,1866
1,429
10,3315
1,284
1,317
1,428
2,676
10,2787
2,4260
1,297
1,30130
7,2586
2,679
1,523
1,363
7,2475
1,460
7,5603
1,386
1,323
1,660
10,2251
1,562
1,364
1,400
3,26044
2,915
6,2217
1,326
1,391
7,2372
7,22835
1,390
1,532
1,263
1,583
10,2197
8,3129
1,370
10,2438
8,45989
1,695
9,2892
1,655
7,2594
10,3953
1,501
6,1899
1,361
1,341
1,473
10,2266
8,2710
1,362
1,581
5,31121
5,1784
2,848
1,320
8,2881
9,2002
1,659
4,1463
1,296
1,268
10,3690
10,2894
10,2710
8,2698
1,450
7,49551
10,3406
10,3391
1,632
10,27036
6,2534
5,2345
8,4443
10,2332
1,372
1,521
8,2304
1,539
4,17444
1,520
6,52900
1,591
7,30407
1,506
3,12739
10,6737
1,470
1,371
2,647
1,488
1,476
8,2424
9,8924
7,1835
1,374
4,1464
9,4133
6,8492
1,500
2,780
3,1905
2,822
1,380
9,2772
1,339
1,588
10,3332
7,7330
10,3362
1,292
1,345
5,1965
7,2310
1,583
6,2063
10,14537
2,710
1,461
2,746
9,2532
1,488
1,349
10,3275
4,1605
9,2104
1,500
7,2530
8,2839
1,467
2,900
6,2303
10,3608
1,517
10,2192
2,687
1,526
4,1485
8,2490
2,1073
1,814
7,2334
7,19164
4,1237
1,367
2,775
3,1059
4,1687
5,7554
10,2771
10,2782
8,2373
9,3422
4,1204
3,1235
2,814
1,3248
9,3554
5,1674
1,437
1,532
1,506
8,2805
2,745
1,386
10,3142
9,4747
8,2884
3,1101
7,2291
10,2844
1,368
8,3067
2,787
9,2893
4,2194
4,1475
4,1556
1,401
10,3472
10,2076
2,812
10,3573
2,675
2,3717
10,2386
1,318
5,1898
3,1142
1,376
4,1382
4,1677
2,802
3,3815
8,2626
10,2817
10,3795
6,2474
10,20071
9,4296
10,2979
1,457
1,593
4,1744
1,480
2,952
4,1504
10,3394
5,19379
8,2514
10,3297
10,65709
10,3362
4,1662
1,477
10,2540
1,427
4,1621
8,3127
7,2359
2,871
6,2274
3,1183
1,437
10,2335
1,531
4,35363
2,848
1,1337
6,2140
10,2848
4,3528
1,362
7,2537
10,3641
6,13377
2,695
2,840
1,478
1,389
8,2801
4,1386
1,534
1,443
7,2309
8,2597
10,7668
1,520
10,21278
10,4850
6,1932
6,1512
7,2551
1,425
9,3083
10,3222
3,1536
6,2048
1,403
5,1760
10,2414
10,3267
2,763
3,1071
6,8084
3,3993
7,1814
1,486
8,2850
7,2535
1,510
4,1533
1,499
1,595
4,6009
1,664
1,490
5,1679
2,740
3,1315
9,15316
10,2377
1,489
7,2406
8,3041
5,2039
1,342
1,489
1,924
10,3516
3,1217
3,1112
5,1827
10,2914
10,3364
10,14651
4,1403
1,505
1,15495
10,3646
9,3364
5,2154
1,694
1,558
1,434
9,3819
2,665
5,2052
1,486
9,2978
5,15746
8,2927
7,2620
10,3248
10,36405
8,2737
3,999
1,365
1,618
7,2340
8,2447
2,3415
3,1301
1,398
10,3288
1,490
3,790
5,1754
3,1052
3,29239
10,4258
10,37582
1,403
2,779
1,478
10,3779
1,659
1,641
1,463
7,2711
6,1961
10,2704
6,2143
2,831
2,24088
5,2024
1,14214
1,410
1,472
10,3321
7,2265
5,2124
10,3606
1,409
4,1722
1,337
1,558
7,2503
10,7367
1,650
10,7690
7,15458
1,513
1,403
2,734
2,24930
3,1207
5,1871
1,380
3,1422
7,2425
1,336
1,390
1,581
6,1681
2,1208
10,18400
1,364
1,569
3,1100
10,33873
7,2377
5,1693
1,476
4,1601
3,2442
1,382
1,390
7,2414
1,417
6,3990
2,43616
1,443
3,1303
8,13070
1,552
5,2019
1,563
1,423
10,3389
1,395
1,272
3,1548
7,2507
1,505
1,468
1,444
2,871
1,19462
6,2036
1,410
10,17383
7,2595
1,310
3,1293
1,328
1,256
1,682
1,547
1,512
1,453
2,14032
2,856
4,11543
5,1764
6,4155
8,2631
4,1584
3,865
2,730
10,11220
1,285
10,3444
3,1192
1,479
1,550
9,14298
10,3139
3,1143
4,1378
1,358
9,8001
8,2738
1,337
7,2156
1,472
1,264
1,642
5,4413
1,500
1,297
6,8893
1,470
2,695
1,375
1,390
9,4253
1,620
3,1183
7,1709
1,383
1,314
1,576
6,2541
1,483
1,602
5,9042
4,1351
5,1773
2,965
1,421
1,368
1,421
1,1135
6,2046
1,295
1,304
9,24095
9,3726
1,409
1,525
5,12168
2,822
9,3163
1,506
1,401
1,501
1,343
1,509
4,1754
1,383
1,367
10,5780
9,3118
1,453
1,510
7,5362
3,967
5,1744
5,5163
1,439
1,390
1,421
7,2604
8,3485
2,971
9,2964
1,2861
8,7448
1,674
1,618
1,420
6,1982
7,6114
1,580
3,906
10,3279
1,374
8,2110
3,1117
1,591
10,2693
8,16963
10,16020
1,398
1,512
1,483
6,3678
10,22950
5,4272
1,309
5,1769
1,354
6,2143
1,655
7,7524
10,2197
2,745
1,19690
4,2392
2,965
1,406
5,1612
6,2140
3,1151
1,354
1,2840
1,503
3,1194
1,818
1,2695
10,2064
3,1236
1,601
2,663
2,1286
1,428
9,8986
5,4600
1,370
1,530
1,448
1,505
5,1654
1,624
5,18871
10,2102
5,3452
1,549
5,1814
1,532
1,381
6,2054
7,2167
1,585
2,855
1,513
1,688
7,2629
1,408
2,7589
10,1991
1,461
1,411
4,1329
3,1027
1,358
5,1767
8,2641
1,553
7,2353
1,529
5,1561
1,532
1,453
8,42178
1,490
7,2633
10,4960
2,774
1,376
1,393
4,1439
5,1716
1,436
1,432
7,2275
1,422
10,3603
1,396
4,1416
10,2754
1,515
1,489
1,397
5,2778
8,14920
7,8502
2,848
6,2197
4,1475
1,459
5,1332
9,3672
1,366
8,2638
10,3018
1,575
5,1887
4,39903
2,921
1,338
5,1879
3,1166
1,469
5,2100
3,996
6,1559
1,619
1,385
4,1494
1,470
1,521
1,392
5,45281
3,1171
5,11083
2,916
2,686
10,3633
2,789
1,342
2,804
2,1092
1,465
2,816
9,2746
1,519
1,659
5,36304
10,7027
3,1233
2,975
4,1491
1,443
2,725
1,596
7,2618
10,8720
1,316
10,3315
7,2064
10,3388
7,2613
7,30391
7,2305
2,880
3,1262
10,3581
1,499
9,127906
2,4941
10,3830
5,1968
6,1563
3,1494
8,2701
2,907
1,407
3,28481
5,2112
4,1558
5,1712
8,6495
1,558
5,97602
1,665
10,3729
7,2636
2,919
1,553
10,3464
5,1647
1,394
2,33140
9,26340
7,4128
8,22668
7,2318
7,2623
5,93934
4,1689
5,1868
4,1553
2,825
2,759
10,3487
5,2247
1,414
2,59881
7,18928
10,3335
4,8410
8,2791
5,1950
3,999
1,268
10,3360
1,594
2,819
7,2789
3,1209
3,1179
1,468
6,28647
8,61439
7,6500
7,3131
4,1490
5,1780
8,2560
1,353
5,1662
2,1360
9,3004
1,691
2,890
5,1331
2,1737
8,23403
10,55110
4,7221
1,696
1,527
7,2678
2,629
5,1605
10,3319
2,861
10,2742
6,2326
6,2329
5,1785
1,393
4,1344
5,4329
10,11237
10,4105
2,768
4,1543
6,45140
1,406
3,969
5,1881
10,2622
7,2397
1,584
7,2495
1,441
3,22497
2,890
3,1098
2,769
1,600
1,561
7,43535
7,3023
8,2574
5,1699
8,3167
3,1237
1,507
8,2324
4,1587
6,30347
5,1705
1,393
1,581
1,440
4,1254
10,100583
6,2202
4,1141
3,1123
8,3143
5,1890
1,515
4,1264
1,479
9,28492
3,1286
2,838
10,3185
1,394
5,1247
5,1764
5,1884
1,607
8,2895
1,429
7,2780
1,392
5,2017
5,2086
7,2520
4,1394
1,486
1,441
1,345
3,1310
3,159061
10,5139
10,3513
10,3625
8,2723
9,28279
1,351
4,1119
1,605
10,34720
8,5558
6,1509
4,1664
1,415
1,408
4,2170
8,3171
2,689
5,1855
10,10063
1,359
1,405
4,1315
3,1164
8,2670
7,2608
5,4853
1,488
1,387
10,3066
1,510
4,1387
10,3100
1,466
10,4007
9,2731
1,378
2,758
6,2206
1,427
10,3389
7,3119
1,457
1,424
6,1949
8,22785
5,1451
6,1442
7,2504
1,557
8,3300
1,638
3,870
10,3385
10,9343
1,539
7,2380
1,524
1,495
9,3487
7,2009
4,1088
9,3144
8,2654
5,9240
4,1392
1,478
1,394
5,2147
2,759
4,1463
3,3661
5,1728
7,2244
10,3225
1,363
2,454
6,1749
1,436
10,2971
5,1592
1,450
10,3465
7,2087
4,1349
1,464
1,351
1,2359
1,361
6,1947
1,296
10,3932
10,2538
1,431
9,3284
1,328
2,841
1,424
5,1951
10,3397
2,695
10,5396
3,1130
1,327
5,2004
4,1393
10,2710
4,1104
1,463
8,3090
10,3370
4,1602
1,416
8,2725
1,379
1,400
1,380
7,2230
2,617
10,4815
10,5802
7,2104
1,438
1,412
10,3775
1,351
4,1469
6,1696
4,1074
1,407
10,4292
9,19225
2,801
3,968
9,3463
2,726
1,453
1,307
10,4274
5,1903
2,7128
5,1744
5,1539
5,2890
1,360
1,503
2,762
1,435
1,721
4,973
10,2848
6,1840
1,356
1,1029
2,792
3,6790
2,833
1,409
2,787
1,406
1,497
5,8549
1,478
5,5966
10,3671
1,404
10,3232
1,397
1,316
4,1373
1,353
3,975
1,360
4,4479
1,447
1,458
1,333
1,472
7,2349
1,368
1,527
5,1314
1,272
1,260
1,1026
7,4010
10,3427
1,656
10,3966
1,431
3,1141
8,2540
3,1115
3,1022
3,766
6,2129
6,2339
1,233
1,278
1,426
1,464
6,2625
6,2134
10,4368
3,1022
2,756
10,3418
5,1714
1,435
1,241
1,617
4,1346
1,246
1,295
1,468
1,347
5,1841
1,667
7,2473
1,444
1,411
3,942
1,337
6,8335
1,379
3,1256
10,3325
1,253
1,253
4,1471
5,1684
10,16089
1,526
1,304
7,2233
7,3603
5,1753
7,2217
9,11613
1,241
1,544
1,375
1,232
4,1705
1,318
1,3454
6,2400
10,3067
6,2290
1,473
1,459
7,2367
9,2951
5,1519
1,721
1,475
1,273
1,259
5,1258
1,505
1,427
5,1707
1,315
10,3289
2,891
1,452
1,326
10,3198
8,2892
10,3441
7,11198
1,688
10,2801
4,1222
4,1428
1,366
7,2268
6,1928
10,3094
9,3065
1,369
1,308
9,2852
10,4097
1,368
2,1225
3,1196
3,1131
5,1464
2,685
1,500
5,2510
1,595
6,1577
1,448
1,457
4,972
1,20466
7,2131
10,3539
1,538
1,424
7,2388
2,458
1,358
1,342
2,1004
10,3705
1,438
5,2046
10,3228
1,492
8,4165
10,59508
1,288
1,1341
1,461
10,3551
1,529
4,1426
1,395
5,1995
7,2500
1,291
6,11371
6,2696
1,776
7,9705
1,498
1,299
1,420
1,344
10,2742
7,2642
1,347
1,392
3,1123
1,417
1,292
3,1111
7,2149
1,621
10,18384
2,673
1,259
7,2568
1,354
10,2558
6,1938
1,430
2,659
5,1702
9,2149
1,281
7,3976
5,1667
1,523
1,688
4,1442
1,331
2,699
9,2948
3,1120
5,1306
1,543
5,1952
4,1214
3,855
1,279
10,3394
7,2474
1,411
4,1486
1,495
6,1451
3,1198
1,528
7,2226
6,1553
1,437
5,1683
8,2733
4,1114
3,809
1,685
1,511
1,343
1,435
5,1326
7,1563
7,5342
1,450
10,2342
10,3077
1,398
1,389
7,2550
7,1853
1,304
9,3936
9,3127
1,447
1,339
5,1512
10,2568
1,512
1,428
10,2541
5,1872
2,815
3,1125
1,562
10,3640
1,343
1,572
10,10407
2,1038
5,3491
5,1443
3,969
10,3636
6,1580
10,2335
3,988
10,4433
5,1815
4,1678
10,3548
1,599
10,8010
8,2705
5,1298
5,1711
1,339
8,3652
7,2426
10,2474
2,680
9,2589
10,11670
5,1621
10,3718
6,1468
1,418
2,809
2,799
5,2365
3,1035
3,980
10,3297
9,4308
3,947
10,3613
8,2484
2,711
7,2349
2,621
6,1898
1,441
5,1676
3,1131
5,1597
6,2520
10,3484
7,1881
10,3100
10,3325
10,3247
4,1003
6,2315
8,2774
10,10653
4,1354
9,2326
7,2467
5,1823
10,3341
10,5101
5,1711
3,740
3,1218
7,1855
3,1372
1,398
6,3452
4,1400
1,388
7,2364
4,1111
4,1581
1,519
5,1871
5,1688
8,2581
10,3173
2,955
6,1769
4,1100
7,2045
9,3411
4,1032
1,426
10,3283
10,3500
1,482
4,1160
1,552
5,1917
5,4141
3,720
7,2202
4,1074
7,2960
10,3525
5,1808
5,1475
1,709
8,3011
1,498
1,494
1,424
8,2516
7,2238
1,501
2,724
2,797
10,2945
1,569
2,678
6,6008
2,864
1,453
10,2391
10,3554
5,2237
1,533
4,1666
1,436
7,2706
10,2615
1,709
7,1649
8,2568
6,2049
8,2591
4,1312
1,390
3,1085
6,1535
5,1901
5,2183
4,1205
1,332
1,664
7,1782
4,1425
3,1235
1,351
9,2751
4,1832
2,792
1,345
6,1323
9,2394
5,1682
5,1738
5,1882
1,361
1,790
3,746
5,1803
10,2496
1,474
3,696
2,1079
3,982
1,454
10,3309
6,1571
3,915
3,1282
1,663
1,439
1,432
7,1823
5,1898
10,2458
1,421
6,1918
5,5069
10,3756
1,412
3,1430
7,2485
1,507
5,1709
2,733
4,1552
2,793
7,2335
3,1205
10,3250
7,2428
1,410
2,940
1,422
1,416
1,344
4,1116
10,3387
1,613
3,991
1,372
1,547
10,2322
5,1743
10,2582
1,363
1,263
3,1011
6,2081
2,949
1,266
3,1118
5,1818
10,3480
1,600
1,525
1,482
10,2157
10,3500
3,666
2,818
1,261
4,1475
6,2368
3,1238
1,253
10,3276
5,2110
5,1810
10,3582
1,413
1,353
5,1300
5,1648
3,892
1,740
4,874
8,2658
5,1756
7,3764
1,243
3,1031
1,506
5,1756
6,1964
1,409
1,379
1,277
7,2342
7,1965
4,1406
1,394
7,2581
8,2244
1,578
3,632
9,2294
7,2466
1,604
6,1745
8,3768
1,399
1,307
1,335
10,2317
1,633
1,282
1,461
6,1989
7,3679
1,235
10,2766
1,542
7,2387
5,1678
1,440
1,347
1,393
1,338
10,2816
6,1978
10,2315
1,479
8,3219
6,2373
1,259
10,2630
1,480
1,633
1,364
1,479
1,413
10,7160
5,11268
1,472
1,520
1,286
1,336
10,3616
3,1162
1,296
10,2339
1,295
1,529
1,386
6,1957
4,1238
1,369
1,330
1,427
1,415
1,236
1,389
7,2018
5,1821
1,294
3,773
1,246
1,678
1,421
5,1726
5,2052
10,3882
1,474
1,295
1,440
1,251
10,6842
1,457
7,2331
1,320
1,399
1,302
1,631
9,5949
4,998
1,493
1,363
1,323
1,373
8,2793
1,385
10,3331
9,2345
1,504
1,275
7,1899
1,358
1,466
10,7057
2,539
10,2970
1,382
1,453
1,341
10,3186
1,402
2,709
1,389
9,2850
2,507
10,5257
1,322
8,2874
1,522
10,3412
1,582
1,249
5,1915
1,370
10,6257
8,2582
2,977
1,322
8,2782
7,2302
1,398
1,371
1,554
1,436
7,2309
10,3310
1,288
8,3366
7,1750
3,929
7,2296
1,400
1,275
2,855
10,2587
1,286
1,308
1,537
7,2009
1,339
6,1555
1,368
1,18505
1,317
6,1625
10,2220
1,539
1,329
3,2395
4,1432
1,260
1,684
1,454
10,7574
5,1901
5,2018
1,369
1,505
1,282
8,2760
3,1145
1,607
1,304
10,3701
7,1958
1,304
8,1963
1,383
1,628
6,1591
9,6867
5,1563
1,276
1,246
7,3132
10,2102
1,640
1,338
5,1748
4,1036
1,363
4,1255
1,410
1,284
10,3929
10,2504
8,2620
1,445
1,246
2,726
3,788
1,443
1,444
7,2473
10,2358
1,428
4,1648
1,364
1,277
10,3598
10,3492
2,935
1,353
10,2965
10,3653
10,2080
1,387
1,265
1,529
6,1829
1,391
5,1814
2,781
1,261
3,1047
9,2569
4,1564
5,1801
5,1248
3,1049
3,860
7,2434
1,466
4,1427
10,4890
1,332
4,1692
4,1452
1,287
9,2466
8,2982
5,1684
5,1668
10,3410
9,2302
2,739
1,478
2,607
1,497
10,6456
7,1747
10,2721
5,1722
9,2652
4,1144
4,1154
7,2678
1,351
3,1091
6,2166
7,2582
6,2003
4,936
2,813
3,1596
1,379
2,848
2,783
10,2541
10,3613
3,925
2,905
3,756
7,1890
10,3420
7,1957
7,2311
10,4075
5,2168
7,2732
1,255
5,1751
3,729
8,2150
1,307
10,3109
2,904
2,661
5,1939
10,3223
10,2444
3,1104
10,2112
5,1813
7,2845
10,3433
1,442
10,3418
3,965
10,2252
10,3702
10,3546
10,3406
4,1735
1,572
10,3436
5,1741
6,1389
3,1143
4,1623
10,2276
6,1387
8,2072
10,3065
10,2449
6,2396
3,783
1,419
2,712
4,1408
2,590
10,3465
6,1630
6,2138
5,1797
2,739
6,1663
9,2107
2,785
6,1843
2,712
8,2284
5,1467
7,11967
3,1263
8,1903
1,461
4,1155
10,4066
4,1343
10,4302
5,1193
6,2234
7,1956
9,2877
6,1519
3,1070
9,2795
4,1645
8,2475
10,3195
9,3085
8,2678
5,1757
2,785
8,1782
10,2540
5,1685
6,2243
6,1682
7,1591
6,2050
10,5686
10,3448
7,2540
2,937
10,4455
10,3310
5,1796
4,1401
3,899
6,1537
10,3206
4,1110
1,487
4,968
5,1781
7,1747
10,4194
1,349
3,1205
8,5860
7,4021
7,2570
10,3168
4,1140
5,1194
10,3019
10,2449
1,268
1,367
8,4752
10,3143
8,2898
1,375
1,470
3,1155
3,876
1,512
1,307
7,2650
9,2692
7,2282
8,2801
1,272
1,275
10,2737
9,2228
3,1013
1,392
1,824
2,821
9,2881
1,288
1,360
7,3040
8,1794
8,2282
7,2579
1,493
1,329
7,1799
8,1908
6,2385
1,300
7,2692
7,2548
6,1584
1,389
1,252
6,1962
4,981
4,1141
4,1289
1,281
1,361
9,2922
4,935
8,4151
1,289
1,614
5,1795
10,2296
1,454
1,277
2,817
1,559
1,344
3,784
1,490
1,278
10,2231
3,922
6,2148
1,345
8,3670
5,1762
3,5688
8,2584
3,666
4,1400
10,3739
10,2734
6,1368
1,433
1,237
1,686
10,2127
9,3295
1,479
1,437
1,603
2,705
1,465
1,239
10,2791
10,3416
10,3638
10,3344
10,2864
1,352
1,724
10,3259
1,365
1,382
10,3489
1,692
3,1168
1,543
6,1790
10,3104
2,686
2,650
3,873
1,696
1,251
6,2093
2,899
1,451
5,1929
4,1475
4,1491
1,289
1,467
1,471
8,2813
6,1340
6,1452
2,715
1,368
1,267
9,3460
6,1332
7,2627
1,548
5,1587
2,790
7,2094
1,280
1,418
3,1104
9,3100
9,2117
3,1033
1,310
1,252
1,461
7,1599
2,697
1,331
1,360
5,1960
10,3136
1,354
1,348
6,2088
6,1788
6,2037
1,444
4,1230
10,3452
10,8128
6,1471
1,384
1,320
1,458
5,1889
4,1343
1,291
1,354
6,5471
1,301
1,748
1,478
7,2494
7,2226
1,1598
1,291
1,482
2,595
2,838
3,1123
10,6530
4,1501
1,378
1,442
1,314
1,495
1,310
10,2210
3,1065
1,1824
1,277
10,3734
9,3100
7,13668
5,1645
1,512
4,1857
6,1459
8,2706
1,242
1,312
6,1392
3,967
3,1120
1,1388
1,234
1,407
10,3493
1,706
10,5382
7,1638
5,2008
6,2916
1,382
1,236
1,398
1,354
10,2859
10,2560
1,1489
1,259
1,458
1,443
1,499
5,1779
1,337
4,1278
5,1387
1,509
1,262
1,339
1,391
10,2074
10,2480
1,507
1,270
1,337
10,2622
1,640
1,773
1,268
3,828
7,1838
2,827
1,361
1,245
7,1689
3,1201
3,702
1,803
1,252
1,490
5,1857
1,325
7,10683
1,262
2,855
8,2359
10,2713
1,265
1,337
1,260
3,876
3,1175
1,380
1,231
1,414
10,3590
8,2766
1,642
1,257
10,2801
10,3344
1,260
1,371
1,351
1,694
7,1818
7,1795
1,458
1,241
1,456
9,2093
8,2846
1,569
1,445
1,646
6,2373
1,392
1,353
1,345
1,623
10,3847
7,1651
4,1656
1,265
1,630
1,510
3,1081
1,412
1,311
6,1543
3,1232
1,281
1,314
1,283
1,379
7,2002
10,3388
1,533
1,241
3,1028
9,2812
6,1783
1,506
1,244
6,1699
9,3091
1,368
4,1088
4,1125
1,318
10,2532
7,1683
10,2468
10,2203
10,2662
10,4351
5,2086
1,480
1,245
5,1612
4,1690
1,388
5,1204
3,850
10,6754
10,3215
10,3444
5,1433
4,1009
10,3580
10,3763
2,891
1,554
1,297
6,1471
9,3120
1,362
10,2156
3,667
4,1652
2,590
10,2766
1,343
7,2352
6,1944
9,3034
8,2009
1,465
10,3426
10,2879
10,3538
1,270
7,1786
10,3452
7,1809
10,2664
5,1485
9,3057
4,1424
4,1325
10,3766
2,1058
1,356
10,5369
7,1749
1,715
4,1086
3,725
7,1657
10,2459
10,2869
10,3063
10,3430
3,872
2,629
10,5005
10,3599
1,347
10,4686
9,2981
1,17121
9,2421
10,2444
3,992
10,3452
8,2146
3,1545
10,3388
4,826
8,2294
1,576
10,3596
8,2515
3,1266
4,1595
3,834
10,2650
10,2404
6,1336
5,1554
3,1102
10,13109
10,2767
10,2247
5,1702
1,514
9,2603
1,316
7,2517
10,2372
7,1622
6,1781
10,2614
10,2296
10,3315
1,570
7,2412
5,1842
3,1113
1,586
5,2169
3,1027
4,1463
7,2523
3,820
4,1271
10,3566
3,960
7,1897
5,1864
1,511
1,491
9,3328
3,871
9,2750
1,783
6,2205
4,1091
4,1551
10,3784
1,391
1,1329
5,1208
7,1697
3,954
1,417
1,407
10,2726
6,1695
10,2903
9,4470
10,3795
1,368
2,718
10,3333
5,1296
4,1947
3,814
3,964
7,2414
1,741
1,437
1,599
7,2157
8,2303
1,595
1,508
2,807
4,1577
6,2282
8,2684
2,1299
7,2009
7,2467
7,2885
7,2633
1,669
10,3156
6,1844
1,428
1,443
7,1807
3,784
5,9570
7,1691
10,3117
1,1558
7,1952
10,2500
5,1801
1,848
1,525
10,3678
10,2079
10,2375
1,445
4,1480
1,499
4,1434
6,1560
1,360
8,2552
10,2412
4,1469
4,1730
1,487
1,395
10,3348
7,1975
1,368
1,440
3,1374
10,2844
10,3379
1,585
9,2922
9,2644
10,2390
10,3302
2,837
1,551
1,434
1,500
10,2619
5,1784
1,499
1,542
6,2036
3,974
1,382
1,420
5,1675
2,584
10,3264
2,1127
1,635
1,520
10,3123
10,3170
10,3004
1,384
1,506
9,2833
6,1587
1,349
1,409
10,2964
10,6153
2,786
4,2059
1,573
1,478
1,366
5,1583
9,3198
1,419
10,3717
6,1884
6,2037
1,604
1,366
1,374
10,7566
10,3383
10,3074
1,713
1,507
9,7346
10,3219
1,518
1,442
7,1689
10,2274
6,1873
1,380
1,414
8,2551
3,1189
10,3282
3,1227
7,2174
7,2388
10,3047
10,3756
2,949
1,514
1,299
7,2024
8,2794
1,275
6,1928
9,2647
1,509
3,1112
1,562
3,1238
2,808
1,431
3,1648
1,346
5,1990
1,468
10,3205
5,1711
1,261
1,287
1,444
1,407
1,755
6,1949
2,837
2,623
1,397
1,483
1,419
5,1793
1,470
9,2198
6,2104
1,289
9,2685
10,2375
1,356
1,600
1,369
4,1380
4,4912
1,529
1,469
10,3221
5,2151
1,312
10,2640
10,4611
1,441
1,436
10,3237
1,319
1,598
1,250
4,2198
10,2950
1,461
1,519
9,3120
6,2902
1,368
8,2227
10,3345
4,925
1,520
5,1817
1,406
1,451
8,1702
10,2776
10,3333
1,385
1,289
1,355
6,2506
1,288
4,977
1,288
1,524
1,421
1,380
1,549
1,546
1,292
8,3155
3,1121
1,351
1,305
1,384
7,2543
1,393
3,1161
1,440
10,3538
10,3635
1,314
1,435
1,732
1,252
6,1727
6,2212
1,779
1,507
9,2713
10,3478
1,482
10,3618
1,451
8,2597
1,284
1,390
1,308
1,505
1,290
6,2090
8,2445
1,425
1,401
1,296
7,2469
1,409
2,911
1,389
7,1939
1,274
2,1084
1,397
1,570
1,276
6,1878
8,2928
1,549
1,637
1,361
4,1679
5,1153
6,1849
1,403
10,2146
2,720
1,295
1,492
1,594
1,595
2,839
6,2451
10,3602
5,2203
1,238
4,1384
8,2959
7,2500
1,259
6,1609
5,1608
9,2315
8,2740
1,557
5,3699
8,13752
5,1466
5,1857
1,610
1,237
1,365
9,3336
6,1493
1,333
10,3040
1,523
1,345
7,2467
1,541
6,3726
10,3276
10,3631
5,1787
1,391
1,254
3,968
1,522
1,551
1,311
3,779
9,2928
1,514
7,2404
7,5954
6,2783
4,1039
4,1001
1,2241
7,2371
1,351
7,8997
10,2482
1,275
1,301
2,621
10,3655
1,616
3,1040
8,2709
1,381
9,2271
10,2931
7,32239
5,1871
10,3759
2,834
10,3912
1,260
1,246
3,807
9,2352
1,360
4,1387
7,2416
8,2580
10,2361
9,3077
6,2628
4,1434
9,3382
1,530
9,2713
1,269
4,961
10,2783
10,3532
1,422
2,648
4,1015
1,456
6,1986
6,1730
5,1732
2,803
10,3603
6,4466
5,1828
1,777
9,2725
4,4574
1,631
9,1934
4,1126
2,864
10,3378
9,5403
9,3239
5,1998
2,618
1,563
3,1286
2,678
1,399
10,3004
7,2355
10,6542
1,448
6,1900
4,1542
9,3065
10,3064
2,958
2,754
3,993
1,10986
2,888
1,502
1,421
10,3040
10,2393
10,3440
1,285
8,1958
10,3199
4,1712
1,624
10,3295
4,1382
5,1531
9,3142
5,2959
9,3293
1,597
1,501
10,3305
1,577
10,3388
7,1655
10,3458
10,3531
1,810
1,574
7,5181
10,3014
5,1816
7,2794
10,2813
1,328
2,811
5,1253
9,2777
10,3271
3,687
3,1011
1,629
4,1662
4,1399
10,12400
6,2226
5,1802
4,1550
10,8863
1,334
8,1963
10,3370
1,520
9,3574
6,1660
6,1846
6,2168
1,789
1,369
7,3225
8,2164
1,508
9,3196
9,3923
4,1347
5,1195
10,5916
5,1623
10,3136
4,1059
9,3425
10,3422
2,1121
8,5919
3,1306
7,2083
6,2004
1,3911
10,4000
3,1213
1,305
3,998
1,482
1,533
8,2603
6,1586
4,19693
4,1604
1,598
9,22491
6,2163
6,46715
5,1953
10,4222
8,2491
8,2874
1,535
1,604
1,466
6,7486
6,1695
2,659
1,666
1,532
2,882
8,2124
4,18235
1,811
1,781
10,2919
9,3007
1,452
5,12727
9,7504
2,962
8,2368
8,2993
1,671
1,284
1,476
10,3187
7,4172
7,2420
1,717
3,1228
5,1484
1,449
1,508
6,2038
10,2916
4,1031
5,1945
1,412
1,290
1,351
4,1695
5,1622
10,7986
1,470
6,1575
10,2683
1,393
1,449
5,1575
10,3569
10,2906
1,415
1,306
1,282
6,3222
10,3543
10,9083
1,538
1,483
3,1505
1,312
1,412
1,501
5,13815
8,2765
9,3206
5,2987
1,372
1,311
1,628
9,3050
1,314
9,3826
1,372
10,3430
1,361
1,401
6,2390
6,2039
10,9205
6,2134
9,2460
1,405
1,461
1,481
10,2912
3,1086
1,454
1,374
7,2433
10,3146
1,554
6,2153
1,333
6,12952
10,3880
1,445
1,537
1,454
3,1107
6,2386
7,86948
4,2029
1,370
2,957
5,1465
7,3240
9,24451
7,2293
10,2479
10,3502
10,2412
1,526
1,447
1,493
8,12683
6,17383
2,10008
1,431
7,2088
9,3042
1,453
5,30902
4,9376
2,803
1,581
5,1478
8,2660
1,529
3,1137
1,512
1,278
6,2094
1,637
4,1183
2,721
1,461
7,49990
7,2375
4,1455
4,1272
10,3230
1,377
5,1655
1,396
2,761
7,12602
1,413
1,516
10,3257
1,351
5,1711
9,38365
1,433
3,1209
2,877
1,436
6,2872
1,373
1,368
4,1499
9,20326
1,576
9,11182
7,1813
5,1310
1,478
1,19137
10,7731
1,385
1,601
9,2032
1,460
9,2599
1,550
1,630
1,393
1,1744
1,540
10,3080
9,2601
7,2402
5,20357
1,439
1,603
1,524
1,475
8,2457
10,3603
1,381
2,813
2,854
1,525
1,609
10,2833
10,3434
5,1686
4,22006
1,441
1,584
1,432
1,336
9,2332
1,367
1,356
1,1754
1,415
2,878
7,2951
10,3412
1,402
4,1494
4,23415
5,1634
1,493
1,402
1,382
1,256
1,252
1,358
1,586
5,30924
1,398
5,1628
4,1319
1,249
4,1244
1,449
5,6324
1,559
1,382
10,2432
10,2151
5,2007
3,1009
1,573
4,25321
1,359
5,1754
10,3550
9,2850
4,1417
3,1350
4,1333
1,403
1,428
1,399
10,2272
10,3296
1,589
1,505
1,602
3,1251
1,458
3,1058
1,381
10,3268
7,24697
1,326
1,479
1,388
1,245
9,3250
9,3607
7,2305
1,735
4,1854
1,373
5,2094
1,682
1,343
3,1024
7,2232
1,507
1,464
1,421
1,357
2,744
10,2759
4,1605
1,490
1,694
1,904
6,2340
1,429
1,265
6,1424
1,353
3,987
1,362
1,526
1,350
1,504
1,502
9,3086
1,463
3,1480
9,5608
7,6192
1,394
1,650
6,1766
1,456
1,363
1,621
1,921
1,345
9,2307
9,2156
5,1858
1,480
1,723
1,515
3,1078
1,586
1,296
6,1968
1,588
9,17846
1,391
8,3001
1,286
10,2784
9,3420
1,601
1,417
3,2027
6,2155
4,1697
1,618
1,242
6,2019
2,801
1,443
7,1671
1,469
5,1177
10,4664
10,3314
7,2408
8,11441
1,2307
4,1664
6,1959
1,538
1,261
5,1869
1,466
1,466
5,1612
1,383
1,375
10,3291
10,3330
2,795
1,399
1,547
10,10539
10,18825
1,479
1,333
10,3092
10,3391
7,2073
1,362
5,1641
9,2418
10,3158
9,3047
2,947
10,3401
5,1954
1,3522
5,6761
1,389
10,3288
4,1560
6,2117
1,354
9,2291
5,1853
10,3353
9,3085
10,7581
10,3152
5,1274
7,2501
9,4073
9,8566
1,497
10,5324
9,3517
3,1332
1,702
8,2192
8,2318
10,2612
10,10659
10,3225
6,1996
9,2678
1,355
5,1721
2,1002
1,553
10,15599
10,3753
3,1598
1,534
9,2673
1,369
10,7655
1,507
1,362
3,1029
10,2644
1,658
1,467
2,1612
7,2583
1,595
10,6184
1,565
6,2854
10,2304
10,3409
1,533
1,471
1,596
7,2266
1,397
9,3410
7,11489
6,7723
6,2008
9,3395
10,3357
7,2176
3,1274
5,1850
9,3108
10,3187
1,636
9,29795
1,368
9,3282
5,1880
2,902
1,332
2,898
5,1935
6,2161
4,1607
3,4209
10,3655
10,2766
1,508
1,558
1,482
2,692
10,2802
1,580
5,6513
3,1205
7,2574
1,358
1,490
1,476
5,2181
9,2984
5,2008
9,19725
1,732
1,470
9,2711
5,1314
10,7422
2,1107
4,4798
2,758
5,1727
4,1519
10,3993
1,584
1,660
9,3471
9,2891
1,331
1,532
8,2656
1,559
2,1009
2,734
3,1955
5,1638
1,557
2,865
7,2344
4,1411
2,628
5,1824
5,1753
1,322
1,499
4,1592
9,3492
6,2296
2,777
1,479
4,1387
6,4198
1,593
2,807
9,2984
10,2849
2,761
1,481
1,15293
1,483
3,1114
10,3041
7,2467
7,2491
4,1311
10,3392
5,2003
1,488
2,793
5,1728
10,3665
9,2758
5,1789
9,9449
1,391
3,1252
10,3454
3,1345
7,2451
7,2097
8,2144
7,2628
1,390
1,602
2,953
10,3572
10,3603
1,590
1,1077
1,376
9,6870
10,14438
2,889
5,1558
9,3196
3,755
6,2270
1,442
6,2103
10,7654
10,3511
10,4171
6,1873
5,26183
1,466
7,9879
10,3125
1,507
1,572
5,1874
6,1756
5,1696
1,420
7,2756
7,2240
9,12937
9,3359
5,1674
1,445
1,404
5,1517
9,2924
9,3590
8,2742
1,478
8,2731
9,2839
1,403
1,456
8,3039
10,6581
10,3615
1,346
5,1745
1,384
1,2358
10,9713
2,1012
8,2960
6,2015
5,1374
7,18592
1,293
3,1150
2,886
1,630
10,9603
1,506
5,2013
5,5557
2,846
1,481
1,387
1,502
1,609
7,1759
9,2915
1,348
1,327
6,2133
1,658
1,506
6,2062
6,2234
5,25100
6,2795
1,416
3,1167
3,1282
1,475
10,2743
1,492
1,385
2,636
1,548
1,614
1,620
1,340
1,356
6,27461
5,1608
1,361
4,1477
1,348
1,430
10,2531
3,997
1,484
1,338
3,1259
1,542
1,687
1,473
6,1990
1,25568
2,820
1,402
10,3767
9,2863
1,458
9,3149
4,2524
8,2945
1,484
7,2419
1,427
1,595
9,3008
1,474
5,25402
2,727
1,659
1,537
1,526
7,10116
3,1287
1,1298
4,1520
1,418
2,960
1,482
1,388
5,2119
7,17244
5,24149
2,1226
1,665
8,4531
1,703
1,484
10,3820
4,2843
1,398
8,2999
9,5154
1,462
1,522
1,482
1,379
7,24390
1,480
1,519
3,5792
1,361
10,16755
6,1850
1,378
5,1066
1,560
4,1575
1,459
1,394
7,18485
3,1122
7,23579
1,453
1,488
1,566
10,2422
1,472
10,3686
1,434
8,2458
4,1444
10,3039
1,486
1,418
1,322
9,5192
6,24061
1,465
1,385
1,509
1,256
1,479
1,647
1,428
1,522
10,3043
1,2437
9,3082
1,402
7,39637
7,2573
9,22045
7,2268
1,403
5,1705
1,275
2,673
4,1509
1,2232
10,3337
9,5517
3,1305
6,2383
1,378
9,7185
4,6204
4,1387
1,442
1,361
7,2755
1,658
2,792
2,681
5,4714
1,399
3,1076
7,1966
5,2059
1,358
4,1627
10,10180
4,1283
1,439
1,399
1,428
1,360
4,1324
1,750
1,393
6,2081
1,1960
3,733
1,349
1,367
1,12194
5,11843
3,1132
7,2021
9,2846
9,2937
1,474
1,374
1,567
7,14127
10,3211
3,5590
1,450
1,479
9,2902
1,511
4,10456
7,2595
1,394
7,2468
1,385
10,3155
4,1582
1,477
1,357
9,2694
9,3142
9,2862
1,497
1,365
4,10255
2,848
2,890
1,409
1,605
1,387
1,353
1,353
1,568
1,449
5,1298
7,2525
1,591
5,3967
1,451
2,765
6,2879
1,488
1,350
5,1749
1,425
10,3351
1,544
1,350
1,432
2,558
1,474
1,616
1,351
5,1567
1,338
1,505
6,4439
1,381
1,378
1,688
1,609
3,1140
1,393
2,610
9,15634
5,1771
5,1753
5,3578
9,3747
3,987
3,2549
3,1307
1,374
6,7234
7,6318
9,2139
2,5083
1,282
6,1626
9,2160
1,421
1,429
7,2337
6,2651
1,703
1,482
3,1371
1,358
6,1649
1,573
10,2602
9,7965
1,299
3,888
10,2847
1,502
1,500
6,10210
7,2901
7,2312
5,1664
5,8055
5,1499
7,2374
1,666
10,2666
6,2098
1,316
5,2089
10,3858
1,460
1,457
4,25377
6,1967
1,478
4,1505
1,747
1,575
9,10822
6,2394
10,2580
8,3988
1,711
3,1180
9,3145
7,2612
1,398
5,1664
7,7812
2,1027
7,5904
7,2740
8,2656
4,1390
5,1505
10,2641
3,1090
8,2126
1,603
10,3333
2,855
1,465
10,5157
9,3690
1,473
9,3546
4,1395
8,2725
5,11915
2,859
1,429
10,5116
5,1216
7,2595
10,12788
6,2036
2,870
9,6324
5,1808
3,2809
5,2201
1,387
1,500
4,3969
2,870
2,857
7,8091
5,2385
4,1759
1,526
2,917
1,662
4,1436
4,1314
3,4286
1,2319
9,3934
3,1169
9,6568
1,641
10,2292
1,525
9,2521
1,477
1,583
2,687
1,430
3,1042
1,516
3,4133
1,433
10,3098
1,535
3,18269
7,2176
5,1425
5,2144
1,358
10,3680
1,527
2,820
6,2215
7,2393
3,989
7,3311
1,478
5,15408
4,1076
3,1028
1,409
10,3089
5,2069
1,468
7,2358
9,2970
3,1192
5,1699
2,746
2,738
7,2268
10,4479
1,376
6,1493
3,986
5,1784
10,2517
6,2596
10,3276
2,907
1,730
1,511
2,985
1,505
4,1512
9,2795
7,2274
7,2516
10,3157
7,4296
1,443
8,2781
2,829
10,4745
4,1631
1,623
7,2193
7,2020
7,2389
7,18590
5,1855
1,339
1,462
5,1168
2,884
8,2742
5,1299
7,2476
5,1523
2,1091
1,579
8,2718
7,1906
3,1080
1,428
2,640
7,5593
1,439
9,3045
6,1919
1,559
2,583
2,712
10,3739
6,1593
1,632
8,2313
7,2520
3,5546
6,8640
1,954
1,406
1,341
10,2025
3,971
3,1154
8,3766
2,831
5,1514
1,1201
1,454
1,361
1,655
1,399
3,8262
10,3357
1,462
1,1798
10,3117
1,3947
9,3136
1,420
7,2675
1,467
3,1203
1,603
1,531
5,1401
6,45751
4,13116
4,1181
1,346
1,291
10,2874
2,920
1,623
1,252
1,574
9,2323
2,2644
1,2279
1,472
1,583
4,1365
1,486
2,758
1,456
1,407
6,1804
1,604
7,2949
1,237
5,1538
9,2695
9,6985
5,1904
9,2593
3,1201
2,19088
3,26088
6,2175
1,373
1,346
4,1120
7,2602
6,2202
1,261
8,2798
10,2312
6,2118
1,625
1,594
1,451
5,1688
9,3613
3,1180
1,540
1,388
10,2655
4,1732
9,2301
1,372
3,1214
10,3472
4,1316
6,2347
5,1225
1,472
9,15089
4,5665
1,547
2,564
4,1008
5,1138
1,647
10,3101
1,358
1,519
10,3401
8,2739
6,18192
6,1549
3,1011
1,419
7,28432
2,926
1,369
1,535
2,773
9,3229
9,3013
1,334
8,3068
9,3497
3,958
7,11910
8,2388
6,2004
1,464
5,1851
1,531
2,565
2,619
10,2389
1,369
3,1068
10,2631
3,1156
10,3533
5,1824
9,6258
9,2093
9,3156
1,469
1,374
6,2334
6,2093
2,513
5,1492
5,1991
10,6234
1,241
1,333
1,11252
10,3353
5,65632
5,1231
1,674
1,479
1,2892
9,2904
3,967
6,2049
10,2320
1,612
10,3485
1,244
5,1724
1,555
7,2330
1,553
10,2236
8,2490
1,448
1,477
1,445
1,356
3,1120
1,263
1,539
2,974
1,292
1,549
1,450
9,3113
4,1408
1,357
4,944
1,461
1,417
1,540
2,791
2,827
1,364
1,524
4,1381
10,2901
1,346
1,449
1,420
5,1608
1,385
9,2309
1,508
7,2825
8,2717
9,2826
1,439
1,241
1,719
10,2848
10,2899
1,302
1,488
1,406
1,429
1,382
10,3295
1,460
10,6766
4,1510
8,2884
6,1938
1,274
1,528
1,375
2,793
9,2957
1,468
1,454
9,5365
5,1575
9,2759
7,2396
1,519
1,376
10,3223
9,9211
1,233
1,633
10,3515
10,2449
1,387
1,465
1,445
1,395
1,466
2,859
10,3767
1,464
3,1015
4,1215
4,1450
1,269
7,6731
1,411
10,2340
1,372
1,479
5,2772
4,7941
1,434
10,3144
1,372
1,890
9,5413
3,1270
8,16338
8,1730
1,594
1,366
10,2580
1,417
1,419
1,562
3,958
4,955
10,2303
1,453
1,371
7,2787
9,9692
3,1004
1,466
10,4804
1,288
10,5913
1,369
9,9994
1,1616
5,23149
10,2676
10,3241
1,420
1,314
1,537
1,2978
7,2291
1,282
3,1186
1,249
8,2432
1,361
1,475
1,404
7,27349
1,269
1,376
1,432
1,282
10,24947
5,2688
9,2895
1,292
1,465
1,320
2,609
1,382
1,539
1,416
2,840
1,355
1,288
2,853
1,511
2,728
2,1144
5,5529
10,2958
1,594
1,299
10,2296
1,281
1,380
1,392
6,2586
1,360
1,302
4,1441
2,484
1,463
6,2085
1,1931
1,360
2,619
1,251
3,929
5,1340
1,618
1,409
1,571
2,773
1,465
2,717
1,442
1,422
5,1720
1,518
5,1782
2,670
1,218
9,1974
6,1435
5,1805
1,335
5,2059
1,304
10,3375
9,3250
3,2279
5,2359
2,728
6,2059
2,822
6,2572
1,226
10,3618
10,2177
5,1595
1,283
3,5117
1,309
1,355
3,1139
1,496
1,446
2,1012
5,1681
4,949
1,672
1,253
8,2329
10,3762
1,591
5,2041
1,506
10,2582
1,397
2,706
3,1072
1,374
2,863
2,762
6,1589
2,830
8,2014
1,790
10,3502
6,2259
6,1965
7,2211
10,2264
1,403
9,3214
2,742
1,414
7,3799
2,883
6,1658
7,3925
10,2393
7,2155
10,3183
5,1727
2,872
4,1434
5,5663
1,244
6,2086
7,6784
1,410
7,2964
1,492
8,2149
6,2249
10,2933
4,1035
4,1735
7,2415
2,934
9,2902
10,2477
1,261
8,3035
7,11311
6,2056
1,463
7,2325
6,2331
8,2898
10,2491
6,1537
10,2803
9,3050
2,710
5,1820
2,689
1,284
10,3298
9,3319
5,2210
5,1804
7,2399
7,1909
10,7988
3,858
1,480
10,2832
7,2243
7,2371
1,489
5,1289
1,254
3,1083
7,2319
8,2757
8,3333
7,5737
10,2931
3,1140
7,1998
1,311
10,2358
5,1734
1,473
1,512
10,2307
2,722
7,2515
9,3225
2,815
1,538
1,418
10,3371
9,3325
5,1344
1,260
5,1636
9,3503
1,513
10,3324
8,2798
10,2417
5,1776
6,5073
2,801
8,2352
5,1756
10,2931
4,11800
10,2399
1,249
10,2400
2,854
8,2625
1,964
5,1402
10,2937
1,430
3,897
7,2871
1,415
1,658
4,1319
4,1548
6,2121
1,345
10,2210
4,1381
8,1978
7,2232
3,775
10,2481
2,748
10,8213
1,751
1,378
8,3082
4,1349
5,1933
2,571
1,270
10,2353
7,8015
2,785
1,474
7,2486
8,3001
6,1979
3,805
5,1780
3,1191
2,757
10,2381
2,886
5,1286
1,430
5,1403
3,1038
1,440
2,732
5,1621
3,769
5,2051
5,1768
1,636
1,535
9,3296
3,960
6,2200
10,3472
10,2730
2,638
1,360
9,2559
1,441
6,1691
6,1777
2,942
2,774
8,2756
1,490
3,976
3,1125
5,1958
10,3283
1,951
6,1497
7,12506
10,2588
1,474
5,1637
7,2267
2,1000
1,610
1,606
1,357
3,962
10,3413
2,847
10,3420
1,314
1,521
6,6850
6,1392
1,455
7,2327
4,1026
2,935
5,1883
3,1388
1,360
1,486
3,1157
2,905
10,3555
1,377
1,494
3,975
10,2309
2,701
2,499
10,2940
7,2600
2,749
9,2934
1,389
1,434
1,298
2,822
4,959
1,286
1,413
3,1257
10,3339
6,2028
5,1251
4,898
7,2158
2,947
2,652
1,369
1,388
9,3341
7,2170
3,1208
10,3646
8,2340
5,2394
9,3096
1,846
7,1606
2,572
1,508
2,881
10,2515
1,287
1,297
1,248
1,644
8,2939
10,4065
1,239
1,458
10,3392
7,2346
1,369
6,2181
5,1492
7,2360
6,1597
1,412
1,361
1,238
7,2848
10,3644
2,960
1,283
1,441
10,3203
1,493
10,2192
10,2937
1,624
7,5510
5,1225
1,338
1,459
1,267
5,1825
1,514
10,2757
1,242
4,1376
4,1573
3,1152
1,281
10,2401
8,2233
5,1675
10,2970
9,2651
1,356
1,262
8,2037
1,288
10,3493
1,238
9,2983
10,2486
1,361
1,261
10,3383
8,2797
8,2131
8,2861
1,559
1,257
1,286
1,547
1,262
9,3260
1,333
5,1797
10,2596
9,2901
4,1569
10,3271
3,1106
1,430
10,3559
1,384
1,310
1,311
8,3142
1,377
8,3025
1,442
1,466
10,6798
1,563
1,314
8,2097
1,313
8,5492
10,3547
9,2779
1,323
1,238
1,486
1,405
8,2070
1,554
1,456
1,288
10,3356
1,363
1,352
1,264
1,531
1,418
2,649
5,2368
1,365
1,517
1,271
1,612
4,1068
1,430
1,398
1,531
1,276
1,354
1,523
1,350
1,291
6,1733
10,2069
7,1737
1,425
1,382
8,2242
6,1617
1,468
1,274
3,1048
1,279
1,580
1,400
3,1078
1,484
5,1907
6,1536
1,684
3,760
1,413
8,2853
10,3061
1,570
1,316
9,3150
5,1713
10,2749
1,519
1,529
4,1374
8,2774
10,2401
10,3495
1,421
1,294
10,3739
2,785
10,3210
1,464
1,433
1,241
1,307
1,300
1,277
1,358
10,3676
5,1776
7,1976
1,357
1,334
2,703
10,3065
1,431
1,302
3,1007
10,3334
1,415
1,427
1,380
1,650
10,3576
10,4200
1,402
1,325
7,1783
9,3192
10,2714
1,404
1,261
4,1357
1,394
1,324
1,405
1,374
1,396
4,1701
10,3863
2,698
1,289
10,3447
2,1110
10,2519
7,3467
1,299
8,8659
1,364
1,319
1,433
1,394
1,497
10,2541
5,1685
2,803
1,260
9,2548
3,1277
4,872
1,425
1,242
7,2856
3,1131
1,382
1,371
1,302
1,363
5,1904
4,1550
1,510
1,276
10,2389
2,712
8,2179
1,451
1,334
1,383
8,2820
1,353
1,587
1,354
10,2840
10,2603
10,3655
7,2297
1,313
1,509
10,3920
10,2810
1,420
1,258
5,2228
10,3816
1,316
1,379
1,322
1,618
2,555
5,1964
6,2006
1,466
4,1017
7,2723
10,2379
2,855
5,1199
6,2453
3,907
2,609
5,1515
1,388
10,3609
10,3386
10,2889
8,1909
1,273
6,1608
1,600
3,1141
4,1378
10,2240
2,798
10,2569
10,3512
9,3375
1,432
5,1240
5,1607
10,2921
8,2929
9,3157
3,1104
1,512
10,2722
6,2511
10,2857
2,695
3,784
10,2401
10,2772
9,4452
1,281
10,3314
2,577
8,2946
10,2579
1,559
1,416
9,2015
1,614
5,1231
7,2395
3,1089
8,2766
6,2019
1,517
5,1669
8,2631
10,2161
10,3367
5,1819
10,3797
1,659
10,3060
3,1145
2,746
7,2317
9,3030
10,3122
5,1443
10,2526
10,3076
10,2532
10,3035
3,1124
6,1433
6,1742
1,617
7,1787
2,703
8,2667
1,450
7,1803
4,1553
10,3229
10,2304
5,1250
5,1164
10,2379
9,3054
5,1901
2,660
1,406
1,752
9,3113
10,3362
5,1669
7,2478
6,1767
10,3878
10,3347
10,2392
3,1084
8,1891
4,1286
5,1977
7,2594
1,556
4,1098
6,2273
6,2061
8,2625
1,246
6,2104
10,3793
9,3186
10,2238
5,1375
1,413
10,4170
10,3806
10,3594
1,502
7,2478
10,3649
2,685
8,2875
4,1357
2,824
4,1473
9,2327
3,799
1,629
1,290
2,710
10,3593
9,6566
1,567
1,606
3,807
10,2317
2,734
6,1660
10,3470
10,2592
10,3729
7,2577
1,674
1,261
10,3583
4,1156
10,4033
10,3801
1,466
4,7677
10,2883
1,616
2,897
1,318
10,3246
10,2540
4,1308
1,450
1,293
8,2640
10,3130
4,1625
1,648
1,445
7,2300
10,3666
3,1259
7,2441
4,941
2,717
10,3543
10,2506
1,341
1,262
2,790
10,2560
8,2200
5,1783
1,506
9,5708
10,3480
1,509
1,443
2,672
10,2416
1,546
5,1712
1,545
1,292
8,2414
5,1832
10,3403
1,618
6,1711
5,1671
10,3507
1,364
5,1511
8,2025
5,1341
2,662
2,951
1,481
1,264
1,392
2,632
1,684
2,913
1,277
2,795
4,1280
1,288
6,2154
10,3845
10,2252
10,2570
7,1552
1,464
1,273
1,429
10,2821
1,656
10,5998
1,348
1,244
8,2936
1,721
2,916
10,3425
10,3088
5,1989
10,3441
1,456
1,260
1,417
5,1228
1,1676
4,1421
1,322
2,811
10,3134
1,336
8,2386
9,2896
8,2264
10,3304
6,1898
1,371
1,422
1,360
10,3344
1,613
9,3146
1,582
6,1620
10,3448
1,514
1,551
8,2732
5,1566
8,2581
10,3378
7,2534
6,1648
1,355
8,1893
1,687
10,14822
1,707
5,1496
1,511
1,517
8,2665
1,347
3,1229
10,4080
10,2814
1,323
10,2123
1,282
10,2639
1,667
5,2562
1,537
8,3099
1,277
9,3081
1,403
1,529
1,404
5,1662
1,367
5,1441
5,1091
10,2540
5,1357
1,681
8,2898
3,1126
2,681
1,269
1,510
3,1064
1,414
1,259
3,871
1,339
4,1070
10,3259
1,324
3,772
1,787
10,8616
1,695
2,621
1,414
1,480
1,341
1,584
1,242
1,532
1,486
5,1246
7,2489
1,468
1,386
1,667
6,2640
6,2250
7,2381
1,376
1,416
10,3631
10,2803
1,231
1,352
5,1256
2,534
4,1452
8,2067
1,342
10,2819
1,528
10,2454
7,2426
1,410
1,367
1,394
1,421
1,529
1,325
1,432
7,1496
10,3569
1,266
1,276
1,380
6,4190
2,869
1,468
1,369
8,1917
5,4357
1,582
1,366
1,400
1,538
10,5286
10,3004
1,419
1,397
8,3108
1,575
10,3316
5,1727
1,435
6,1709
9,7631
1,697
1,298
1,634
8,2739
10,2931
5,1782
2,874
1,329
8,2292
7,2613
10,7109
1,429
1,490
5,1200
1,2850
1,611
1,402
1,304
1,711
5,1499
10,3298
8,2760
1,258
8,2318
1,561
4,1156
8,2258
1,421
9,1997
4,1129
1,550
1,307
1,288
1,375
3,829
3,991
2,1233
1,284
2,1027
7,2683
9,3137
1,480
3,1194
10,3131
1,486
1,573
1,264
1,365
1,381
2,724
10,3268
2,836
1,449
2,822
4,1693
8,2393
1,443
9,2840
10,2488
1,444
10,3492
7,1866
1,282
1,407
10,3423
9,2744
2,880
1,388
3,953
9,3317
10,8661
3,888
10,2378
2,575
1,310
8,2026
7,2051
1,623
10,3218
9,2686
3,944
2,950
1,396
2,686
3,1094
8,2058
1,395
7,2133
4,1225
10,3154
8,2766
10,2586
7,2595
3,1019
8,1772
10,2638
1,747
7,2433
7,2351
2,932
2,850
1,317
1,356
10,2615
8,6538
9,2861
6,1436
4,1636
1,315
10,3120
10,2765
3,1600
10,2126
3,1498
9,3350
10,3337
1,263
3,784
5,1738
1,481
10,3738
1,507
10,2293
3,1306
1,391
10,3296
8,4367
6,1716
1,506
5,6055
8,2533
1,263
7,3045
10,3334
1,498
2,601
3,949
1,408
10,2404
4,985
1,455
7,3022
5,1384
5,1818
2,2349
8,2445
1,315
1,694
10,3335
2,731
2,981
10,3616
10,2187
7,2180
10,2041
7,1693
2,3100
2,533
2,717
1,665
2,1515
1,329
10,2841
5,1939
8,2019
2,1060
10,3179
6,1754
9,2152
3,887
1,469
8,5449
7,2476
7,2142
1,1187
8,2926
1,375
6,1956
10,3186
1,524
1,390
10,7367
10,3092
10,2442
1,563
1,321
10,4156
4,1396
7,2222
1,533
2,648
1,485
2,690
10,2099
8,2772
8,2909
4,1835
10,3685
1,484
1,328
1,418
7,2698
10,2750
9,3107
1,432
2,845
1,560
10,2570
10,2238
2,854
7,2386
9,2157
10,3655
4,1515
1,408
1,345
9,7844
5,1380
4,1298
1,526
2,7256
9,3320
10,2351
5,1724
10,2743
2,663
10,2523
10,2968
6,2389
1,616
1,399
10,3828
10,3172
5,1943
1,576
3,1523
1,661
10,3126
3,807
2,813
1,604
3,749
9,2446
5,1453
1,357
1,285
10,37200
8,1984
1,425
1,455
1,648
5,1189
10,4194
1,370
9,2952
5,1961
10,2280
2,681
10,2980
1,429
1,342
6,34632
10,3315
8,2145
1,686
8,2458
10,3346
9,7688
1,286
3,1110
2,821
3,1468
10,2527
1,301
6,2985
1,278
3,32850
3,1002
3,1016
3,8572
1,364
9,2757
4,1655
1,299
7,2634
3,983
9,3258
3,1380
5,1092
1,440
1,398
6,1767
2,791
1,504
6,2333
1,557
10,2445
8,2327
1,286
2,1180
4,1772
10,3111
9,2691
2,646
1,506
1,308
2,1021
10,2192
10,3326
1,2763
1,502
10,3369
8,2247
1,376
3,1189
8,5761
7,1524
8,2940
7,2550
1,608
1,375
1,612
5,2502
1,343
8,7406
1,395
10,4835
10,3360
1,337
1,589
10,7321
7,2385
10,3419
5,2127
1,328
7,1656
7,2530
9,3355
6,2362
4,8934
1,18477
5,1706
1,450
1,319
5,2297
5,1903
1,293
1,594
10,3148
7,2524
10,3202
1,342
8,2213
10,3785
5,1738
7,15251
10,3535
1,562
1,287
1,504
10,3557
4,1104
7,2009
9,2446
1,501
5,1228
7,2086
10,2469
1,354
7,2790
1,512
10,3475
1,470
1,403
2,925
9,3235
1,454
4,1537
1,384
5,1135
7,2361
1,335
5,2030
1,545
6,1496
1,497
1,356
1,507
1,279
1,544
8,2821
1,349
1,582
5,1284
7,3251
3,1228
1,504
1,425
1,492
2,966
10,3378
10,2535
1,458
7,1762
1,468
1,397
1,409
1,443
1,601
10,13381
9,3193
1,468
4,1124
7,2745
3,57836
1,347
2,799
1,658
4,1224
1,616
1,416
1,365
1,633
1,595
5,2013
10,3331
1,399
1,463
1,540
1,58440
2,743
10,3345
1,504
10,2229
7,2772
1,459
1,272
1,440
1,479
9,9968
5,1785
2,1215
1,255
1,466
9,2420
1,394
5,1939
1,301
5,1746
2,14387
1,455
1,342
1,443
8,2633
3,1079
10,3410
4,1475
1,264
1,593
5,1645
7,2228
8,1845
1,400
2,528
8,19704
1,465
1,279
1,436
1,390
10,2842
3,1138
9,2321
1,252
1,591
3,15659
1,412
10,3156
1,338
7,1586
1,2873
6,2063
1,370
1,413
1,395
8,2504
8,2591
1,288
1,258
1,494
10,18772
10,3441
5,1497
2,825
6,1287
10,4069
1,430
1,611
6,2192
10,3925
8,1928
8,2840
8,1816
1,352
6,2078
7,7009
10,13920
3,1045
2,933
10,2794
1,643
1,528
1,487
1,345
3,1330
10,2414
1,459
1,343
1,331
7,2828
4,1254
10,4826
1,607
8,3491
10,2693
9,3488
10,3525
6,1574
1,465
1,617
9,3368
10,3268
3,974
1,416
2,899
1,544
3,6206
1,496
10,2647
5,1503
5,2376
1,440
8,1981
1,415
1,617
2,908
9,2357
1,350
1,386
1,642
6,1899
8,8275
1,461
8,2819
8,1910
1,536
1,467
1,362
2,782
1,599
2,773
8,7868
1,493
1,676
3,1380
2,1242
9,77025
1,398
2,678
3,1155
8,2886
1,16280
10,3313
1,562
1,937
3,709
2,786
3,6785
6,2060
3,1348
10,11106
6,1466
1,276
1,485
10,2751
9,3450
6,2825
6,1325
10,2687
1,387
1,467
2,766
1,326
7,2326
9,3086
10,4649
2,762
1,404
9,3229
10,2522
1,4746
7,2747
2,585
2,848
8,2631
3,1218
9,2606
2,1040
10,2687
1,671
4,7557
6,2231
1,375
1,19651
3,1108
6,11289
4,1472
2,870
10,3246
10,3507
1,493
1,578
2,805
1,419
5,1940
10,5858
7,2688
1,427
8,2851
9,2341
10,12617
1,330
10,3301
8,2400
9,2924
1,374
2,661
3,967
5,1766
2,1052
8,3434
1,605
1,632
10,4157
10,2578
1,405
4,1423
9,2699
10,2531
8,2737
1,371
1,478
2,3924
2,643
3,1383
6,1781
4,1612
7,2200
2,751
10,2244
1,8958
3,1164
4,1169
10,5992
10,3471
1,348
1,452
10,3285
7,5550
4,1318
6,1902
8,2821
1,509
7,2635
7,2323
1,8586
9,3303
8,2242
10,3570
2,851
1,447
1,444
6,2266
3,785
3,1012
1,388
4,1377
6,1977
4,1484
1,393
1,455
6,2442
10,2849
9,2583
2,809
1,439
1,475
3,1175
10,3401
3,1357
1,303
3,1022
10,3104
10,3431
4,1166
1,601
5,7777
8,1862
8,2981
2,681
7,3315
1,470
9,2977
5,2110
6,2273
1,346
9,3484
2,472
9,3432
1,535
7,2171
6,3203
2,784
8,12248
8,4009
1,461
1,374
8,16466
9,3392
8,3119
1,422
2,882
10,2397
10,27900
1,645
9,2757
2,832
8,2716
2,896
3,1090
1,551
1,375
8,2692
8,2918
3,1312
1,526
5,1956
10,2858
2,770
1,319
7,2261
4,1535
8,2733
8,2687
1,560
1,327
1,304
8,2936
10,3634
2,919
1,376
1,640
10,3372
8,2989
1,592
2,811
2,726
10,3333
10,3417
5,1952
1,290
1,361
7,14702
3,2409
6,2186
1,405
1,486
4,949
3,1212
1,479
9,3234
3,1019
2,820
9,3118
10,3473
7,2574
1,457
7,2195
8,2248
7,15791
1,448
1,524
10,2380
6,2104
1,393
3,986
3,1273
8,2647
2,836
2,843
1,678
1,457
4,1394
3,1388
10,9539
4,1751
1,3066
8,2744
6,2299
1,435
3,1124
4,1145
2,776
2,1006
2,893
5,3934
3,989
1,532
8,2929
7,2414
1,563
1,461
10,3658
10,3470
1,496
5,12307
3,1474
2,840
8,2577
7,2340
2,819
5,2168
10,3310
10,2507
4,3051
1,587
1,674
9,2036
1,18140
1,409
2,4290
8,4630
1,570
2,850
10,6347
9,2904
10,3596
6,2066
10,3643
1,504
1,738
1,552
3,857
1,488
6,1685
2,709
2,859
3,1012
1,463
1,522
10,5221
2,866
2,596
2,877
1,367
10,3022
8,2678
10,2370
1,379
1,441
3,1208
9,3034
1,485
1,555
9,2967
3,1230
9,3141
1,368
7,4039
1,624
5,1822
1,502
1,496
1,518
2,937
3,1199
6,2156
1,505
1,526
1,468
8,2647
7,2277
3,848
2,1071
2,644
4,3252
1,382
3,1018
1,415
10,3486
5,1838
8,2852
1,689
8,4427
1,420
7,2147
5,1674
1,496
3,1057
7,8312
10,4083
1,340
7,1623
3,799
2,783
8,2940
7,2284
1,516
1,370
10,3296
5,1810
10,5416
1,387
1,507
1,365
10,3384
1,381
10,2129
1,377
5,1532
3,1397
10,3354
1,14343
1,477
1,526
6,2024
6,2324
10,3376
1,473
1,408
10,3540
3,1061
7,2552
1,488
8,2600
1,561
7,2820
1,574
1,549
1,427
2,9666
10,3448
1,401
1,316
1,399
9,2310
6,1908
4,1159
1,476
8,2342
1,578
1,632
1,635
2,792
6,2014
10,3069
6,1530
1,381
1,265
1,430
5,1730
6,2082
1,497
1,424
10,3383
1,418
1,478
7,2544
1,420
8,2703
3,1315
7,2528
1,403
1,306
1,448
10,2552
3,1040
1,443
1,291
10,3635
2,1293
1,384
1,447
1,326
1,481
5,1812
6,1693
1,1905
1,248
1,405
1,520
9,3143
1,417
2,627
5,1928
8,3088
1,376
1,455
1,474
5,2037
6,2108
4,953
10,8495
1,293
1,458
1,407
2,698
1,440
7,1602
8,2684
9,8152
1,477
2,806
1,409
10,3180
5,2332
1,464
1,779
1,356
10,3963
9,3068
9,2868
1,363
6,2046
2,862
1,422
1,458
1,458
1,417
1,538
7,2392
2,827
1,524
1,282
6,1797
10,2686
7,2438
1,417
1,525
10,4051
9,2937
1,408
10,3287
1,534
1,587
6,1853
3,1217
4,1604
1,365
8,2738
10,2573
4,1492
1,429
8,3329
8,1775
1,546
1,381
7,2358
2,824
1,575
2,894
5,1767
1,314
7,1822
10,2294
10,3463
4,1450
1,377
3,1059
2,866
7,2474
1,374
2,693
5,1882
1,578
7,2701
3,1080
7,2056
3,1060
10,3843
9,2418
10,3412
1,357
4,2412
8,2423
1,456
1,466
6,2066
8,2664
1,524
7,2547
4,1358
8,1948
10,2846
10,7943
10,3349
1,451
6,1764
5,1835
10,3242
5,1602
1,546
9,3156
10,4048
9,2413
1,786
6,1801
3,1108
1,318
4,1380
9,2417
10,3466
1,354
3,1049
2,692
10,12362
10,3285
10,3712
10,10574
6,1599
2,830
9,2700
1,498
5,1827
1,575
1,649
6,2077
1,651
1,289
9,3004
7,2399
6,1897
3,1417
4,16694
7,2684
2,1023
1,485
6,2366
2,1011
10,2366
1,439
2,659
7,1697
3,1145
8,2623
1,509
2,729
8,2873
9,8015
1,529
8,2783
1,467
3,1238
2,744
9,2090
1,395
3,1249
10,2305
6,1682
2,5574
1,436
10,3218
10,3314
5,1755
2,841
8,3094
3,1055
5,1803
7,2459
6,2216
1,383
10,3448
2,740
7,2790
3,1359
1,401
10,3712
2,821
10,11218
4,1546
8,2546
1,679
10,2582
9,2978
3,1303
1,403
10,2651
10,3030
6,2161
1,13442
1,525
4,1647
6,1542
8,2643
3,1244
2,731
1,427
7,1777
10,3309
1,530
1,305
4,1519
10,3089
3,1124
1,851
1,777
8,2589
2,887
6,2686
9,6612
4,1501
2,698
10,3257
8,2054
4,1607
1,444
8,3020
10,3912
2,830
1,658
1,424
6,5387
7,2314
6,1473
5,2346
8,3185
1,441
10,3160
5,4587
10,3454
1,368
7,2521
3,1470
9,3374
1,595
10,2812
10,2254
1,541
7,1823
1,513
3,1195
1,434
9,3011
6,2236
5,1875
2,720
6,1827
9,3073
9,2860
1,469
10,3576
3,736
7,2159
2,777
3,883
3,967
1,323
4,992
10,3216
6,2236
1,402
6,2120
10,3409
7,2298
1,553
2,1026
4,1255
4,1659
7,2775
3,1373
9,2900
1,260
7,1749
6,2336
7,3487
1,397
1,669
8,3460
4,1375
1,804
10,3398
1,525
8,2932
1,368
6,1570
2,847
2,591
5,1626
2,1217
10,3226
10,3605
1,530
8,2719
3,1082
7,3665
10,5499
10,3551
3,1331
4,1468
2,514
1,423
1,235
10,3143
7,2406
10,2397
1,298
1,511
8,1871
10,3098
1,500
8,2891
3,1104
3,1306
3,1237
5,1991
5,1685
1,406
1,499
7,2293
9,3071
2,462
1,378
1,706
7,2483
2,873
6,2143
5,1832
9,3277
8,2511
3,1158
1,467
3,864
1,610
2,794
5,1912
10,3514
1,331
2,979
4,1165
1,620
3,1006
7,2056
1,472
3,1177
9,2999
1,433
2,462
1,532
1,404
10,3931
10,2685
1,265
10,3709
1,438
1,385
4,1625
10,3062
1,374
9,3152
2,739
1,415
1,315
9,2804
4,1397
4,2192
10,8193
1,430
8,2928
6,1953
1,359
6,2082
9,3305
1,542
5,1791
9,35079
1,424
6,1942
1,367
8,2645
1,542
10,13853
1,376
2,959
1,376
5,6069
1,497
7,2464
5,2654
1,378
5,1607
1,423
5,1794
1,243
3,1230
1,593
8,2277
1,523
9,3335
1,453
5,1761
5,1368
5,1789
1,383
1,428
10,9010
1,439
3,1109
1,451
3,963
1,517
8,2819
1,384
2,1051
1,338
2,15920
7,2475
10,3135
1,386
1,471
7,2658
1,294
8,2663
8,2824
1,465
10,3910
1,452
4,1627
2,984
1,337
10,3062
10,2629
10,3323
1,668
1,493
1,391
8,1736
8,2700
10,3147
1,484
1,565
9,2674
1,612
1,409
1,381
2,23387
10,3385
1,387
1,472
1,520
7,2604
1,507
4,1410
1,378
9,2975
1,576
4,1011
4,1450
1,310
1,360
8,28883
1,342
1,515
1,517
1,524
1,347
1,469
7,6833
1,274
1,551
1,435
10,3497
3,1318
1,355
1,385
8,3165
1,488
1,480
1,633
1,492
1,338
1,335
5,5962
1,254
1,502
1,495
10,2512
10,3604
1,382
1,336
5,21371
4,1402
1,618
3,1054
1,633
4,1875
3,1123
7,2420
1,230
5,1707
1,853
10,2201
5,1785
1,523
1,413
5,1892
1,457
1,389
1,499
2,712
1,370
2,675
10,3411
1,489
1,535
1,1068
6,2175
10,3618
1,600
1,364
6,5846
10,6494
1,339
3,1077
1,605
8,33813
3,893
6,2175
10,2302
1,376
1,783
10,2639
9,3185
8,4760
10,3730
10,4053
1,484
1,473
1,477
1,480
1,356
5,1829
2,846
10,3236
1,608
10,3198
1,546
7,2062
1,273
4,1199
10,12955
1,620
1,273
3,1178
4,1318
1,427
3,1130
10,3012
2,745
1,411
1,810
6,2120
5,1996
1,487
3,1115
6,2680
9,2399
1,242
6,1686
3,1149
1,324
2,779
10,3154
2,813
1,390
9,2433
2,942
10,2515
1,403
2,661
2,874
1,280
1,259
6,2031
3,1092
1,341
9,4675
10,3030
5,1961
1,409
10,2385
1,383
10,3104
1,623
10,2929
7,2438
1,357
1,235
7,2479
5,1683
1,329
8,2837
6,2041
2,868
2,833
10,3994
1,397
1,772
1,573
7,1917
6,8066
1,378
9,2551
2,703
3,1059
1,349
7,2628
4,1311
5,1905
9,2383
10,3497
1,467
9,3297
3,982
8,2763
1,508
1,463
10,2322
9,3314
8,5442
1,315
10,3316
8,2258
10,3091
1,503
5,1881
1,370
10,2312
2,878
6,2360
2,5806
1,518
10,2269
7,2614
2,761
10,2480
5,2165
4,1546
10,4054
3,1052
2,854
1,338
8,2447
10,3254
4,1170
3,1069
5,2069
10,3208
4,1472
9,6056
10,3580
7,2387
1,454
8,2253
3,1000
10,3683
1,364
10,2990
4,1114
1,479
4,1452
10,18023
10,3454
10,10215
6,2121
6,3406
10,3309
10,2882
5,1465
5,1167
2,771
1,438
10,2652
10,3696
3,847
8,2576
10,19148
5,1920
4,5542
7,3776
10,3622
2,726
1,288
10,3316
3,1188
9,2079
1,359
2,801
9,4479
5,1871
3,965
10,2412
10,3468
10,3640
10,4207
10,3453
3,1132
1,404
10,3155
8,2973
5,1097
1,425
10,3453
7,7970
10,3414
9,3155
1,512
2,1011
6,2250
10,4060
4,4344
6,5090
1,363
8,3098
2,944
10,2564
1,526
10,2936
8,9288
1,398
1,356
10,3482
5,1437
2,810
5,1796
6,2272
10,3254
1,413
5,1551
1,386
10,4185
2,742
1,484
10,22097
10,3896
5,1781
10,3609
10,3415
3,2312
7,2585
3,832
10,3341
1,356
10,2683
9,2568
8,2447
6,1475
1,343
7,1822
10,3289
1,378
9,2725
2,494
10,4021
1,593
4,1240
7,2233
1,276
1,549
7,2023
10,7023
4,1105
1,643
6,3933
10,2639
1,413
10,3752
5,1473
10,3620
6,1675
1,496
4,1293
1,313
1,534
10,3344
8,1993
9,3061
1,467
10,11929
1,283
1,419
5,1770
10,3026
4,1657
2,784
10,3318
8,2389
1,310
1,339
5,16793
1,385
8,2898
1,497
6,2499
9,2067
1,437
10,3563
10,2612
7,1845
3,1243
3,3273
3,983
1,303
1,514
7,2375
1,512
10,3441
1,602
1,552
7,2180
1,515
2,667
8,3139
8,2435
10,3520
5,1266
6,2485
6,2349
1,632
10,3521
1,523
8,2502
1,332
3,1217
5,1696
1,588
10,3454
5,1308
1,487
10,3413
10,3853
1,414
10,2820
9,2831
6,2249
1,474
4,2020
1,402
7,2417
9,3006
1,497
2,496
8,2668
1,368
4,1509
10,2243
1,442
1,336
1,550
2,736
1,448
10,5758
1,417
1,603
10,3381
2,817
5,1168
1,519
1,414
7,1932
7,1593
1,320
9,2356
1,507
3,1152
10,3550
10,10721
1,413
4,1724
1,520
1,391
10,2366
1,439
1,780
8,2676
9,3170
1,440
1,233
10,2634
10,3124
1,363
3,1330
2,851
9,3537
1,382
1,619
1,523
10,3550
1,458
1,588
1,389
1,367
3,853
1,517
10,3226
1,458
7,2300
4,1407
3,1195
1,261
1,383
10,3331
1,409
1,411
6,1885
1,311
1,404
10,3198
1,372
4,1526
1,475
2,692
10,2712
9,3217
9,4133
3,1200
1,670
1,492
1,451
1,345
1,293
1,366
5,1441
10,2693
8,2224
1,736
8,2874
10,3230
5,1739
1,336
4,1461
1,664
1,415
1,528
1,345
1,268
7,1827
10,2247
1,393
7,17642
1,468
6,2474
2,534
1,356
1,493
3,1143
10,3209
1,612
1,413
1,543
1,282
1,467
10,2721
1,293
1,353
1,572
10,2510
10,3814
1,399
1,553
5,1745
1,476
1,514
10,3418
1,380
1,399
1,407
9,2890
10,2171
1,481
1,336
8,2315
8,2765
1,456
1,545
8,2642
8,1969
1,419
10,3547
1,321
1,297
1,644
4,1188
10,2219
1,500
10,2429
2,1052
6,1848
1,466
1,253
3,6580
1,772
1,258
1,862
1,437
5,1355
4,1455
5,1359
6,1469
1,494
9,3079
4,1554
8,2900
1,393
1,297
2,818
1,461
1,251
6,2169
1,376
7,1787
4,1518
7,2431
2,2814
1,472
10,2739
10,3605
10,2768
1,465
1,247
9,3174
1,359
1,236
9,3460
1,560
1,2742
3,892
10,3656
10,4212
1,383
10,3298
5,1760
1,433
1,533
8,2662
7,2406
1,252
4,1620
1,456
1,579
10,2648
5,1769
1,638
3,936
1,364
10,3478
1,543
9,2348
1,514
10,2134
6,2271
1,365
9,3143
10,2520
3,952
1,583
10,3462
9,2153
6,2147
1,640
7,1820
1,523
10,3596
1,400
10,3525
10,2770
1,256
10,3166
1,628
4,1557
1,434
10,3141
10,2557
10,3001
1,398
2,732
1,554
9,3228
1,512
2,937
7,2480
10,3827
10,2124
4,1484
1,406
1,498
6,1516
10,2398
4,1751
1,371
2,939
1,391
10,2853
3,1060
10,2712
5,6672
8,3114
6,1664
3,1042
10,3202
10,2701
7,1969
10,2478
10,2815
6,1831
6,2349
1,342
10,2453
2,834
1,384
1,506
10,3784
10,3633
10,3723
5,1656
1,349
5,1658
10,2656
8,2239
1,522
6,1542
1,310
1,491
3,1505
2,828
10,2763
4,1137
7,1974
5,1705
7,2462
9,1995
10,3221
10,3268
7,2111
4,1632
3,1419
1,305
10,3148
2,3148
4,1191
6,2313
10,3709
2,483
10,3533
10,3500
9,2527
10,3200
1,508
4,1458
6,8192
8,2803
1,301
10,11680
6,2263
10,3896
3,1403
10,2389
10,2679
9,6706
10,3818
10,2658
1,645
1,612
10,3123
9,3083
10,2636
1,263
1,382
3,2963
10,2488
2,4168
6,1540
2,940
7,1567
10,3471
10,3115
9,2230
1,356
10,3504
3,791
8,2664
1,266
1,297
2,1043
1,309
10,3689
10,3623
3,1212
5,1685
9,3047
10,3132
8,2657
1,423
3,1253
5,1752
4,1533
1,415
1,644
9,2922
9,2179
10,3307
6,1769
6,2177
10,3431
5,2062
6,2173
10,2564
1,685
1,623
10,3339
10,3601
5,1479
1,387
8,3540
10,3326
4,1216
1,609
3,1292
10,3783
10,3302
2,595
10,3097
1,397
1,595
10,3686
1,487
5,1162
1,278
8,2287
1,390
8,2823
10,3196
8,2843
1,576
1,426
10,2267
10,3324
1,338
1,629
4,1348
1,376
5,1812
1,567
7,6775
10,2734
7,1884
2,852
10,3451
9,2876
9,2332
5,1669
2,731
2,527
1,521
7,2488
1,370
10,3642
1,385
10,5075
6,1612
1,561
6,2346
8,2390
8,5783
10,3598
10,2412
5,1220
1,283
1,631
5,1594
1,1225
9,2960
1,369
4,1329
8,2931
1,463
4,1429
7,2512
10,3427
8,1984
2,486
10,3451
1,296
1,522
10,2703
10,2697
10,3447
1,430
7,2348
9,3134
1,437
10,2454
4,1651
10,2773
10,2669
4,1070
1,277
1,511
8,2913
10,2241
4,1552
10,2623
1,365
1,486
10,3425
6,1783
1,377
10,3340
10,3642
10,2838
10,3426
1,388
10,3701
7,4838
1,509
1,353
10,2428
1,263
10,3515
1,524
1,551
1,438
1,381
2,10512
2,677
10,3847
1,445
5,1662
1,446
9,1979
1,516
5,1463
2,886
10,2232
9,3306
1,593
10,3857
10,3441
1,519
1,438
8,2827
1,467
10,4835
1,407
8,1960
10,8008
5,1749
3,844
6,1748
1,303
1,449
1,429
1,475
1,261
10,2655
1,539
1,414
10,7717
6,3656
10,2894
1,716
5,1559
6,2406
2,726
1,307
1,363
1,1713
1,429
1,241
1,240
1,461
1,275
10,3291
1,594
10,2782
3,1453
3,1178
9,3555
10,2699
1,395
1,502
1,455
1,359
1,294
1,501
1,322
1,255
10,2908
1,500
10,3513
8,2573
5,1887
8,3242
10,3412
1,338
1,477
1,429
3,715
1,243
1,334
1,326
1,287
8,2508
6,2145
2,792
1,357
8,2025
10,3583
4,1184
1,258
1,363
1,474
1,386
1,452
1,388
5,1275
1,292
5,1633
10,3282
1,883
1,367
10,2402
7,2047
8,2667
1,246
3,1245
9,8793
1,369
1,397
1,434
1,411
1,287
10,2521
2,879
1,436
1,296
10,2444
4,1597
1,543
1,243
4,2110
8,2761
1,254
1,435
1,425
1,258
5,1228
1,476
4,1791
1,269
2,963
2,1715
10,3721
6,2171
1,475
1,509
1,432
1,419
1,275
1,357
1,338
8,2469
4,973
4,1436
1,248
7,2678
7,8057
10,3556
1,391
1,247
6,2365
1,572
1,388
1,346
1,420
1,280
5,1782
9,2685
1,546
1,246
6,2524
10,4180
3,936
1,415
9,2801
10,3678
1,461
1,250
10,2985
1,477
1,527
10,3349
10,3057
1,685
1,633
10,3946
1,650
7,2558
1,486
10,2635
7,2436
10,4195
2,1019
10,7111
5,1829
8,3175
2,791
10,2181
2,588
1,413
4,1673
4,1302
8,3108
1,490
10,2257
10,3045
4,28588
7,2556
2,977
2,681
1,465
10,2762
10,2040
10,3354
1,550
10,5575
1,321
6,2866
1,426
1,427
10,9730
10,4829
8,2224
4,1199
10,3296
10,2640
10,3256
10,2719
5,1159
1,429
1,440
1,521
6,1773
1,382
10,2521
9,3129
6,2904
6,1652
10,2987
2,520
4,1446
2,988
6,1329
4,1524
1,432
3,885
4,1514
10,3453
1,311
2,846
4,1515
2,886
8,2203
10,4167
10,2319
1,452
5,1480
1,620
10,3137
10,2287
5,1416
1,489
2,1102
1,379
2,812
10,3326
8,2870
1,378
2,675
5,1349
6,1542
8,2770
1,443
10,3046
2,1013
5,1219
1,623
4,1564
1,287
3,1272
10,3383
4,1515
2,1114
10,3655
10,2906
9,7401
10,3078
1,609
10,2498
10,2874
10,2913
1,475
4,1642
4,1478
6,1997
1,555
10,3694
4,1718
8,5488
10,3066
10,2337
1,395
1,420
9,2901
8,1988
4,1147
1,482
10,9305
1,593
10,3041
9,2153
8,2182
9,6341
6,2289
10,2820
10,2124
9,3165
1,391
8,2869
4,940
9,2510
1,467
1,492
6,2674
8,2843
10,2558
2,806
10,3155
8,2742
8,5776
10,3170
9,2382
1,441
10,3180
10,3594
9,2586
1,531
1,743
3,1004
10,3363
8,2678
10,3865
1,406
10,2754
8,2316
5,1443
10,3113
1,673
5,1879
2,779
10,3564
4,1292
1,673
5,1792
10,3486
10,3187
1,633
3,992
1,378
1,519
2,870
10,2855
1,414
5,1496
10,2254
10,2510
1,510
1,658
10,2799
3,1050
10,3302
1,457
1,372
9,3691
9,3054
10,3426
10,2887
1,362
5,1791
10,3030
5,1793
1,417
1,610
10,3020
8,2701
2,777
5,1221
5,1307
9,2568
10,2495
3,1133
1,303
1,347
1,529
6,2341
10,3398
6,2378
1,628
4,1514
7,2354
1,407
4,1347
9,3037
10,2532
10,2168
6,1959
6,2469
1,327
1,290
8,2687
5,1244
5,9481
1,569
9,3102
4,1620
1,424
1,302
9,5147
10,2577
10,2392
5,1813
10,3281
2,824
1,280
10,3263
1,413
9,3456
1,472
7,2483
10,9994
1,668
10,3186
4,1254
10,2399
10,2145
10,3192
1,455
10,3440
1,283
1,416
1,404
5,16931
1,547
5,1595
1,433
10,3911
1,369
10,2893
1,480
1,505
8,2668
1,420
3,1196
1,250
10,2641
1,435
5,1791
1,351
10,3692
10,3245
1,821
1,252
9,2255
1,643
1,479
1,400
1,524
9,2885
1,388
9,2804
1,269
5,1540
1,420
10,3668
1,528
1,551
10,3232
10,2475
1,518
10,3379
1,361
1,523
6,2075
1,444
9,14653
1,291
6,2073
9,2076
1,540
7,2254
1,524
1,362
10,3051
1,667
1,460
10,3779
1,487
10,2631
1,328
10,2101
1,276
8,10727
1,305
10,2530
1,503
1,575
1,603
5,1132
1,387
1,546
1,483
1,269
8,2964
1,535
10,2057
1,296
4,1424
5,1349
1,455
1,279
1,501
1,432
1,363
1,361
1,432
1,523
1,378
10,3544
3,1323
1,340
1,558
5,1740
5,1705
9,2167
1,404
1,366
10,3335
1,299
1,392
1,460
1,515
1,447
7,2507
10,2521
1,303
3,822
5,1908
10,4300
10,2515
1,452
1,289
1,391
1,255
1,424
1,312
7,2644
1,394
4,1543
1,318
1,291
1,454
1,395
10,3018
10,3054
1,560
5,1872
9,2701
1,249
1,487
1,683
1,472
1,260
10,3113
5,1327
1,339
1,617
6,2054
9,2997
9,2096
1,390
2,724
1,1885
1,242
1,436
1,444
4,1444
4,1003
3,947
10,2187
1,370
1,493
1,569
10,3461
1,481
1,343
9,5573
10,2755
1,261
1,465
1,380
10,3184
6,1603
2,757
10,2368
1,381
10,2788
2,914
10,3066
1,266
1,333
2,637
1,553
1,257
10,3787
2,946
10,2440
3,982
7,2300
7,4683
1,385
5,1380
2,895
5,1958
10,3263
8,3056
5,1327
1,511
1,346
1,504
7,2437
1,20834
6,2393
8,3045
4,13059
1,412
3,994
1,620
5,1516
1,397
6,1955
10,2898
10,3949
1,273
10,3409
2,5908
1,7914
10,2569
6,1439
1,483
1,414
5,1388
7,6477
5,1560
1,363
10,2449
10,7125
10,3670
1,339
2,863
6,2224
2,6639
4,1342
10,2417
4,5787
1,353
10,4052
3,1274
3,1255
1,406
2,2342
10,3231
5,1155
3,844
6,2741
3,1254
1,537
7,4623
10,3037
7,2664
1,357
2,1027
4,5164
10,3724
1,350
4,1603
8,2754
5,1269
1,243
3,1519
8,2689
3,1335
4,3161
8,3044
5,1905
10,2869
7,2711
4,1539
5,1348
1,466
10,4398
1,486
3,909
5,1230
9,2478
10,3479
1,391
10,17184
2,859
6,1986
2,824
8,2885
8,8465
10,2293
1,460
1,432
8,2717
7,2585
3,1016
8,2859
10,3414
8,1890
10,3142
4,17252
3,1104
10,2493
4,1434
3,1118
10,2440
1,346
1,710
10,2766
7,1607
7,1924
4,1358
8,2997
7,6487
3,1266
1,467
3,991
8,2434
6,1921
9,19138
2,860
1,322
5,1533
1,516
10,2277
10,2563
7,4438
10,3697
6,1477
7,2396
1,517
5,1784
3,1245
1,532
7,2252
7,11025
2,623
5,1869
9,2299
10,2266
5,1136
10,3822
10,4786
10,3301
6,5576
1,490
6,2196
6,2669
6,6818
6,2542
8,2965
10,3287
10,2726
10,3377
2,822
2,824
10,3618
4,1398
1,472
8,8963
1,558
5,47475
10,3659
5,4270
1,510
4,1776
5,1091
9,3146
10,3506
3,1177
7,2355
10,3717
3,1263
4,1623
6,2113
1,410
1,599
10,5113
9,3195
1,375
1,491
10,3255
9,3626
10,2408
8,2786
3,1154
3,5423
8,2762
9,3180
10,3456
1,1306
3,1091
7,3566
2,1018
1,447
1,489
2,744
5,1703
10,2173
4,1398
1,435
7,2179
7,6352
1,494
2,919
1,429
4,2469
4,1613
3,3711
1,413
1,523
10,2429
10,2875
1,627
1,488
5,1701
8,2457
6,1428
1,395
4,1538
1,298
6,2222
10,3239
5,1975
1,432
1,530
10,3746
9,3213
1,465
1,385
4,1239
6,4705
6,1701
5,1897
4,1946
1,386
9,72036
10,25695
7,2382
2,792
1,492
8,2084
5,1770
10,2919
1,249
6,1849
6,1998
10,3389
5,1621
2,850
1,307
5,17756
3,1425
4,6283
1,557
4,1506
5,1985
10,3316
1,442
1,276
8,11770
10,3777
2,3015
10,2754
10,3793
1,490
6,3450
7,2268
6,1931
4,2026
1,2328
8,2964
10,2557
1,493
5,1899
5,1784
2,844
4,1532
9,2629
1,535
1,256
7,4164
8,2714
1,613
1,349
1,530
10,2861
1,484
1,514
1,348
9,2885
4,1580
4,1491
1,420
1,505
5,1825
1,393
6,2072
1,600
1,343
1,1050
1,2059
5,1810
1,538
4,31566
6,1930
4,1935
10,7671
9,2349
1,372
5,1342
1,541
6,1597
4,1587
1,514
1,402
10,2390
1,263
1,370
5,2124
6,2540
1,378
1,530
1,449
1,437
10,3321
5,33101
10,2555
1,388
1,429
1,4592
4,1537
1,290
1,363
1,358
3,24445
10,2659
1,483
1,376
1,446
9,2208
1,421
2,882
1,320
1,402
1,378
9,2977
1,279
1,489
1,475
6,5074
1,517
1,424
1,291
1,544
10,2575
1,407
4,3376
5,3140
2,825
6,2872
10,4687
1,294
1,444
6,1875
3,1683
1,624
1,629
1,283
1,452
9,2532
1,715
1,509
1,595
2,893
5,4062
10,3099
1,407
7,2684
4,1477
7,2153
1,583
1,546
10,3408
1,554
10,3149
1,584
4,1537
1,505
1,561
3,1046
6,1470
1,409
2,681
1,400
3,15761
1,397
1,587
1,477
10,2756
9,2686
1,484
1,373
1,460
9,3468
7,2283
10,3170
1,264
2,908
7,2208
1,349
1,463
1,690
1,346
3,1457
5,1809
1,472
1,530
1,596
6,6038
3,1142
1,258
1,296
6,1577
5,1966
1,507
1,438
1,546
10,2879
1,489
5,1816
1,406
10,3187
5,1976
8,2782
5,1754
1,472
5,1143
3,1107
1,348
4,1307
1,643
1,432
1,358
1,496
1,480
2,707
1,478
5,1644
9,2808
6,31854
1,376
1,263
10,3335
6,7282
4,1304
1,379
1,481
9,2321
1,501
5,1686
1,332
1,19934
1,368
9,2988
9,41619
1,356
1,380
8,2542
1,726
6,2008
1,511
1,450
1,247
1,720
2,689
1,423
1,512
6,6314
4,1486
4,1501
1,352
10,3212
8,2869
5,1738
1,346
10,3145
3,1179
1,390
5,1343
3,881
1,381
1,363
1,463
3,1054
5,1593
1,363
10,2041
4,11423
6,6479
1,479
1,362
10,3097
10,3459
5,1384
8,1831
6,5052
1,459
1,338
9,2937
1,2687
1,381
10,2191
10,3361
6,1966
6,1873
5,1394
5,1282
5,1679
10,3662
10,2576
3,1183
1,452
2,636
1,577
7,11142
1,399
2,5011
10,3295
9,7334
1,386
5,1708
10,3016
5,1226
10,3481
5,1723
4,3246
1,480
8,15432
1,689
6,11487
1,634
8,3747
10,3295
5,5836
7,14732
10,2913
10,2464
1,564
9,2484
10,2287
8,2680
1,453
1,385
3,1094
6,14153
1,471
1,439
3,1129
4,18183
1,359
10,3447
9,2257
8,2044
9,3067
7,2421
4,2516
10,2117
3,1406
5,1792
1,650
1,430
4,1291
7,2814
4,4266
1,386
10,3336
4,1114
5,1785
10,2330
2,842
9,35466
1,323
1,487
4,1409
3,2170
2,741
4,37054
8,2783
1,473
1,404
9,3134
10,3890
2,809
5,1402
8,22004
7,2383
5,1746
2,855
3,1275
2,1083
10,3297
5,1716
6,2471
1,598
1,421
5,1484
10,3433
3,847
10,3022
1,454
1,477
10,2083
8,2671
10,3594
7,2359
3,1401
5,1703
6,2332
2,2345
3,987
10,3444
5,1317
5,1319
5,1783
1,451
4,1416
10,3128
4,1850
6,2081
1,344
6,2241
6,1961
10,3744
3,1280
2,857
5,1361
3,1199
10,2992
3,1536
4,1271
2,813
9,2732
4,9568
6,2266
2,837
9,3153
5,1595
2,805
1,552
1,1652
5,1636
5,1700
2,812
10,3546
1,452
9,3271
9,3229
8,8826
7,2398
4,1500
10,2382
5,1591
4,1710
7,2590
1,319
3,1169
3,966
7,2727
10,2816
1,415
1,590
10,2571
9,18461
4,1410
4,1384
8,2203
1,333
4,1478
8,25336
1,348
5,1634
10,2582
8,3578
5,1466
1,406
2,870
5,1763
6,3454
4,1627
8,11250
7,2265
5,1605
1,1095
2,647
7,2590
10,2549
5,1665
4,1575
2,581
1,496
1,496
10,3231
4,1490
8,2792
8,2895
10,3301
7,2094
10,4149
4,1620
2,1015
10,2395
10,2581
4,1620
10,3106
1,394
9,3116
5,1236
2,878
4,1480
3,9089
4,4979
4,7018
1,530
9,3339
4,1575
10,2269
10,2283
1,558
7,2508
4,1334
6,2128
10,2617
1,3644
3,1184
9,13477
10,3625
1,360
1,567
3,1216
8,4857
2,2776
7,3502
5,1699
4,1430
1,404
9,2881
3,816
2,1039
2,822
1,483
3,1092
1,384
1,4254
8,2856
4,2045
7,7551
2,13418
3,5079
8,2788
1,435
1,632
5,1610
1,7923
1,597
2,853
10,3424
6,17015
1,558
6,4315
3,1425
1,782
8,3128
5,1563
1,459
1,427
9,3109
10,3045
2,937
1,491
1,939
2,886
1,399
1,683
4,1916
8,15548
1,573
1,447
7,2242
1,564
1,454
4,1324
10,3174
6,1992
1,287
6,2034
8,2812
3,16390
1,472
1,596
6,2173
1,585
1,537
5,1599
1,551
5,1642
10,3724
2,608
9,3594
1,369
1,359
7,2702
6,13480
1,560
2,904
9,2931
1,417
1,571
9,2881
1,411
6,1874
9,2893
7,2514
9,3610
1,426
1,410
6,2266
9,20537
1,627
2,816
4,1397
1,458
1,508
6,11241
1,371
5,3678
3,998
1,588
3,1442
1,1794
1,417
8,2829
5,1827
1,490
2,800
1,415
8,2835
1,482
6,8659
1,530
9,26007
1,490
1,476
9,3095
1,402
1,484
2,743
1,362
3,1181
1,545
2,741
1,478
4,1315
5,1501
1,390
1,460
3,1336
1,555
4,1482
1,336
1,550
4,1384
6,6239
1,354
1,422
1,410
1,516
1,434
1,503
1,527
3,1002
4,1372
1,509
9,3009
7,2553
4,1453
10,2470
1,420
5,1363
9,3309
2,1127
1,545
3,5575
4,1213
1,448
5,1576
1,581
1,478
10,7319
1,371
1,378
1,576
1,428
9,3313
1,425
1,580
4,1410
1,335
4,27303
1,442
6,1880
5,2138
1,473
1,374
3,1128
1,481
1,538
5,10492
10,3235
6,6848
1,350
1,499
1,449
1,29161
4,2153
1,324
1,446
8,2594
1,481
1,440
1,413
1,458
1,1154
4,1579
9,3258
6,2332
1,460
6,2559
6,1966
1,408
3,7064
1,535
1,457
1,404
10,2906
1,643
1,582
1,423
9,2133
1,604
9,3448
5,1929
1,356
1,504
5,1716
7,2148
1,496
1,412
1,509
1,520
2,1851
1,434
1,438
10,5089
1,588
3,1318
1,334
1,379
6,1761
5,1770
4,1261
1,435
1,473
1,707
10,2936
3,1091
1,645
1,395
10,3381
9,11178
4,1908
5,1696
5,1766
1,444
5,1767
6,1989
1,434
4,1404
1,404
3,1142
2,806
1,404
1,633
10,2650
3,1284
9,3060
6,1921
9,2889
7,2069
6,1986
6,1894
1,389
1,402
8,2771
4,1326
9,2937
1,416
4,1331
5,1923
1,526
9,3176
9,2744
5,1648
6,1922
4,1446
6,9373
1,624
9,3279
1,520
3,835
6,2296
1,330
3,963
1,477
8,2804
10,4140
3,995
6,1995
1,470
3,924
4,16861
1,598
1,457
10,10652
7,1857
9,3177
1,518
7,2470
3,920
10,3295
1,342
5,1798
7,2565
1,848
7,2580
4,1522
10,12430
5,2116
1,355
10,9068
9,4010
1,343
1,415
5,1485
10,3556
9,3041
5,7972
7,2334
1,381
6,2137
1,468
1,513
5,2085
4,4578
9,2783
5,1779
1,296
3,7118
10,3330
1,441
1,409
3,1049
4,1299
1,497
1,338
7,2146
3,1260
1,467
1,796
6,1768
10,13032
5,1116
4,1707
5,1308
4,1689
1,480
7,2297
6,2500
1,487
5,1807
2,580
6,2084
6,12290
3,1005
7,2460
1,401
5,1702
9,3032
3,1267
1,511
1,457
5,1844
1,536
5,30472
4,1556
3,770
6,12791
7,4935
5,1547
10,2336
4,19399
10,3175
3,1124
10,2465
1,436
1,547
4,1279
5,1538
1,408
5,5060
4,1426
7,2423
3,985
1,549
1,456
8,2736
10,2879
7,2331
10,3356
6,2000
1,674
1,414
4,1216
1,571
6,2057
8,21255
4,1403
6,1953
1,495
3,915
3,1501
10,2863
6,3460
2,679
1,449
1,398
6,1849
6,2064
1,447
6,2404
6,10279
4,2781
5,2083
1,469
10,2253
1,476
9,2857
1,462
7,2454
5,1913
3,1110
6,1922
5,1784
3,1097
6,2007
7,2300
4,1709
5,4669
3,1057
10,2416
4,1507
9,2744
4,1330
1,552
1,336
4,1264
7,9794
3,1097
2,803
3,1133
3,931
3,1043
4,1316
6,1934
9,2289
10,3406
10,3168
2,818
1,392
4,1332
1,1909
1,431
2,794
3,1109
2,1935
9,3963
1,523
10,3661
6,2106
7,2402
3,1256
5,1393
2,806
8,2861
1,606
5,3641
2,872
6,2187
1,481
7,2497
1,540
3,1050
6,8717
4,1875
10,2253
6,2146
5,1574
1,491
1,506
4,1484
1,366
3,2903
1,481
4,22219
1,474
1,423
7,2335
6,19349
4,1563
3,1270
6,2166
5,1429
9,3191
1,541
10,8673
1,501
1,350
3,1142
4,1404
3,1336
1,440
9,2167
3,1133
8,2696
1,307
7,2539
10,2598
6,2192
1,434
6,2213
1,420
7,2414
4,2174
9,5838
4,1624
1,397
4,1696
2,825
4,1419
1,321
4,1275
3,1125
4,1457
1,31454
7,2412
6,2311
3,1003
8,2858
8,12405
8,2838
1,373
3,1230
7,2169
2,902
1,282
4,1270
10,2839
9,10457
4,1435
8,3516
3,1285
4,1545
4,1574
6,2091
4,1422
1,411
5,1936
1,398
2,749
1,346
8,2732
8,2429
3,1529
1,372
4,1277
7,3134
1,541
1,491
4,1610
3,1042
1,492
10,3363
3,1351
7,2594
1,422
4,1681
5,1389
3,1080
1,453
3,1223
10,23370
3,1141
9,3261
1,498
7,2464
1,408
10,3601
1,927
1,625
1,248
3,1153
2,734
9,4917
1,461
2,902
4,1119
4,12250
4,6377
2,1013
9,2804
5,1866
3,1215
3,1197
4,1510
1,298
1,890
7,2439
10,3645
1,410
7,2595
8,2607
1,359
1,423
2,841
3,1105
1,371
7,5302
8,2764
10,5793
1,255
1,530
2,9357
4,5717
1,444
3,830
4,1405
1,455
7,2475
1,2339
1,520
1,468
6,2178
1,418
3,1037
1,234
1,657
8,2734
9,18953
6,1999
1,613
3,1121
9,7211
6,3055
6,6028
1,538
1,569
5,2738
1,441
8,2883
1,264
1,514
1,456
1,349
5,1880
10,3438
2,926
1,464
1,444
1,897
1,508
1,446
10,7575
4,10067
10,6573
7,1870
10,7549
1,455
1,447
5,1744
3,1190
10,3163
7,14593
1,477
2,821
1,582
2,1272
7,2238
9,3242
3,1045
10,3217
2,787
1,549
1,488
9,18868
4,1745
7,2396
6,2728
1,561
9,7596
1,476
1,391
10,2354
1,352
10,3272
10,3466
1,401
1,517
1,622
5,18752
1,410
3,1237
8,65202
1,433
9,5136
6,2422
9,3327
1,333
7,3709
9,3242
1,329
1,543
1,510
1,562
7,18911
1,308
1,514
1,357
4,2689
1,492
5,1744
9,3362
1,355
3,962
6,6134
7,1796
1,336
1,464
1,405
4,16961
10,2456
4,1450
1,456
1,471
9,4219
1,486
5,1360
1,264
1,361
10,3804
10,3370
1,465
4,1321
6,2645
4,15832
9,2079
10,4283
4,1478
1,2482
1,359
1,446
6,2068
1,326
1,514
1,583
10,3536
1,489
1,646
1,467
7,22122
1,277
3,1238
1,352
1,483
3,1263
1,351
3,1072
1,272
2,972
10,3798
3,984
6,1791
1,491
3,1260
1,6112
1,604
3,1187
1,380
1,396
4,1378
1,312
5,1675
1,448
1,602
1,391
10,3518
2,728
1,460
1,549
3,20581
3,1284
10,3132
2,2765
1,428
9,8132
2,676
10,7790
1,442
7,2331
1,376
9,2129
1,409
1,408
5,1812
6,9082
1,473
7,1759
1,461
1,553
1,396
1,483
9,11570
1,372
1,562
7,1960
3,918
4,1324
1,398
1,325
5,19767
7,2430
6,2092
9,2859
1,507
10,4580
1,500
1,449
1,278
1,573
1,423
10,2215
1,335
4,1378
4,1516
6,25427
1,355
9,5267
1,434
2,1726
1,386
2,829
3,1070
1,336
1,634
1,348
4,1512
10,2992
6,2059
1,643
3,18018
1,465
10,3408
2,644
10,3406
1,361
1,333
4,1322
3,956
1,461
1,437
5,1775
4,1469
9,2898
1,554
2,760
1,379
7,2391
1,460
6,2147
1,419
9,3062
4,1353
1,373
1,495
1,379
7,2595
10,3147
4,4089
1,681
7,2211
1,391
1,549
1,511
9,2864
1,424
8,2865
5,1723
10,2310
2,708
1,307
10,2452
8,3765
5,15434
10,3728
1,344
1,367
1,390
6,2086
9,14411
1,412
2,8337
10,3589
10,2625
4,1100
1,319
6,1605
9,6370
3,1150
4,1370
5,20746
10,3259
1,316
9,2902
9,3258
1,379
9,3225
8,2607
9,3015
9,2994
1,262
5,1881
10,8778
7,2337
6,2113
3,951
9,3080
1,263
9,3027
5,1813
1,451
3,1166
6,5459
7,2269
5,1740
10,2662
10,2785
6,8513
5,22491
7,2335
4,1673
6,1978
1,289
9,2857
3,1023
8,5529
9,7455
3,5554
1,387
2,654
1,624
1,597
10,3502
6,2127
8,2998
4,1426
7,2579
1,300
10,3401
9,2970
1,459
10,3168
6,3823
3,1189
9,12031
10,2308
3,1293
10,3069
4,1588
4,1424
1,650
1,510
1,302
4,1275
1,575
3,1073
8,5344
7,15825
7,1792
9,2988
9,2109
1,574
3,1023
1,646
3,1006
1,529
10,2553
1,263
8,2651
1,578
4,1420
2,716
4,1433
10,2756
3,989
10,3430
1,628
1,451
6,2538
2,777
1,588
1,486
1,269
1,677
3,1076
5,1819
1,476
2,1367
9,2208
9,3117
3,1027
1,477
10,2336
5,1824
3,1122
3,1174
3,852
1,268
3,2841
4,2101
7,2311
3,7976
4,1881
10,3738
4,1307
8,1998
1,420
7,2467
6,4843
7,2435
8,2853
10,2486
10,2440
1,443
5,3552
3,1064
5,2226
4,1293
7,2652
5,2027
10,3463
1,369
9,3231
1,429
10,3567
9,3214
9,2349
3,1172
4,1551
10,3843
6,1942
6,9329
3,1016
10,3527
1,395
1,459
1,485
3,1127
6,5341
1,591
1,635
7,1995
10,2327
3,1562
6,2177
3,1081
3,5582
1,476
10,3690
8,2856
7,1519
1,666
10,2451
1,467
4,1646
7,5662
10,2576
10,1999
6,3300
3,1231
6,2073
6,2098
1,415
10,3009
1,569
10,2167
6,2228
1,537
3,1411
3,1059
1,518
3,994
7,2135
10,3354
6,2130
4,2906
10,29528
1,424
3,1211
3,1356
10,3505
10,3625
1,432
2,983
10,3455
1,496
10,3270
10,2557
6,2332
7,2414
8,2561
7,15483
1,395
10,3393
5,2036
2,569
10,3655
1,484
9,3080
7,6299
1,463
7,2452
3,1356
7,2451
4,1446
4,5364
4,2985
1,402
3,753
10,3692
10,2832
1,988
1,353
7,2376
3,1355
1,390
1,408
10,2403
4,1547
4,1533
4,989
8,6818
1,425
1,401
6,2210
10,2592
1,596
1,284
3,1167
10,3727
1,364
7,2148
10,3230
1,444
8,2526
2,810
4,1239
1,528
10,3534
3,1215
9,2572
1,584
1,259
4,1616
10,3464
1,396
1,482
7,1453
4,1327
4,1444
7,3207
3,916
1,481
1,289
6,2216
10,2712
2,5349
1,363
4,1558
9,2926
6,2248
10,3009
1,360
1,357
3,1151
2,997
5,1857
1,434
1,255
7,2358
1,293
7,9745
1,276
8,3046
6,1898
1,435
1,394
7,1590
1,373
1,515
1,668
4,1521
3,1091
1,271
1,664
10,2076
10,3796
1,253
7,2594
7,2631
2,806
10,3470
10,2577
1,414
1,304
4,1509
1,653
1,358
1,239
1,589
1,271
10,8844
1,541
3,1028
10,3580
1,523
10,3744
10,3425
1,355
1,486
10,3756
1,662
7,1579
1,258
7,2492
1,257
9,2620
7,1780
1,466
1,421
2,808
1,423
10,3513
1,407
1,680
3,1456
1,511
4,1622
1,319
1,653
1,238
8,2797
10,2763
6,2124
1,436
6,2036
1,413
3,961
8,2740
1,522
3,1327
1,405
4,1520
1,277
1,1595
1,276
4,4329
7,1760
1,393
1,468
2,644
10,3014
9,3053
4,1086
1,498
10,3839
2,704
10,3419
1,349
4,1688
1,479
7,4354
1,395
1,424
1,301
9,3180
1,480
10,3178
3,1006
2,822
1,574
1,347
3,1239
4,1659
4,1299
1,288
1,589
10,2169
1,492
1,295
9,3074
1,540
1,296
1,371
1,406
8,2756
1,572
10,2974
1,385
1,524
1,292
1,526
10,10056
1,395
1,249
9,4822
1,489
1,248
1,479
1,438
1,351
5,2157
7,2517
5,1685
1,555
1,236
6,2656
10,3280
1,345
1,250
10,3282
1,305
1,229
1,432
1,711
1,427
1,415
3,1312
7,2433
4,1869
1,301
4,1368
3,962
1,416
1,230
3,1036
3,785
1,240
1,398
1,605
10,5441
1,404
6,2353
10,2364
3,1134
10,2372
3,813
10,3668
1,453
1,264
3,1013
1,380
1,318
2,1579
7,3035
1,247
1,367
10,3536
6,1580
1,424
4,2568
9,3884
9,3423
1,398
1,326
4,1298
1,274
1,400
3,1169
3,1167
1,252
1,396
6,2101
5,1643
1,851
10,2202
9,2972
10,2362
1,511
10,2290
1,469
9,3055
1,255
7,1954
1,493
1,245
3,1153
7,2183
1,423
1,626
6,1599
4,1535
10,2239
1,402
1,253
8,2532
10,5632
1,241
3,1013
10,8834
1,260
1,485
10,2364
3,1370
1,541
10,2490
6,1881
5,1623
4,1325
3,622
1,484
3,928
1,259
1,388
4,1338
1,296
10,3001
1,467
6,2425
3,1471
3,1287
10,3428
4,1313
2,782
9,2195
3,1044
10,2418
1,249
4,1283
3,1143
1,432
3,4361
3,769
10,2989
5,1678
6,2384
1,358
10,2348
1,508
7,2056
4,1381
4,1227
3,1031
7,2477
10,3301
9,2961
10,9717
10,2209
9,2022
3,1105
10,3601
1,613
5,2075
2,861
10,2501
5,1764
5,1791
10,2291
10,3489
10,3412
1,1417
10,3683
10,3235
10,3314
1,496
1,537
1,438
6,2292
2,912
3,1231
10,3830
7,2545
5,1267
7,2549
7,2711
6,1545
7,2242
10,2892
1,468
10,2659
2,1050
1,472
3,1770
9,3486
7,1792
3,1380
6,2224
7,1663
3,1019
3,1001
10,3125
9,3016
9,2452
4,6838
3,1150
7,2786
5,1290
10,3966
6,2021
10,2552
6,2374
5,1698
10,2961
10,3061
6,2166
7,2629
10,5905
7,2215
10,5787
5,1563
10,3776
1,237
1,489
9,2933
7,1581
6,2211
10,3161
5,1816
9,3107
9,2860
3,1422
7,10937
1,375
10,4274
10,3013
10,5632
1,542
1,326
10,3222
1,277
7,2604
3,1448
10,3341
10,3755
7,5759
10,2368
10,2607
1,519
7,11034
7,2307
4,2740
1,604
1,367
4,1302
10,2149
4,1483
6,2071
3,1421
6,2324
10,2324
7,1705
10,2179
1,381
9,2915
7,1694
10,3328
1,513
1,309
3,898
10,2770
4,1428
10,3343
10,2297
10,2405
1,511
1,329
3,1008
1,288
10,3851
10,4002
9,2942
1,379
1,284
9,13245
3,956
8,3709
1,403
10,3670
1,509
3,863
10,3424
1,480
1,251
1,438
9,2366
8,9458
1,477
1,308
8,2665
10,2268
1,1415
2,798
6,2504
3,791
10,2316
9,2588
10,3280
1,283
7,1992
7,3188
10,3260
1,552
1,358
1,507
10,2783
3,1123
7,2582
2,742
10,3658
10,2572
10,2267
7,1563
1,298
1,534
3,859
1,610
1,432
1,563
3,1104
10,2841
4,1415
10,3181
1,385
10,2988
9,2185
3,972
9,2809
1,614
1,400
10,2634
2,895
6,1744
1,514
4,1407
9,2944
1,310
10,9578
10,3386
9,3087
7,2068
10,2225
10,2214
1,270
1,397
3,965
1,512
9,3194
1,883
6,2050
10,6462
1,502
10,6891
7,2349
7,1879
10,2255
8,2633
10,2848
1,297
1,656
10,2332
1,420
9,2286
7,2643
5,1885
1,647
1,503
1,412
4,1465
1,568
1,594
1,415
1,616
3,909
1,553
10,3452
1,630
3,944
10,4895
10,9293
1,432
1,448
1,507
10,3253
1,265
1,270
10,3931
1,373
1,386
1,652
10,2126
1,467
2,910
6,1815
3,1312
1,317
1,436
1,542
9,2935
1,294
1,311
7,2334
1,301
8,2408
1,582
7,2006
1,405
5,1288
10,13265
6,3507
1,367
1,348
4,2600
8,2057
1,476
1,306
10,2360
1,285
9,1981
1,642
1,370
1,503
10,2520
10,10057
4,1543
1,326
1,336
1,430
10,2991
1,458
1,293
10,3669
1,272
10,2361
1,353
1,261
1,516
4,942
2,15932
7,7307
1,415
1,476
1,381
1,794
1,412
1,332
1,302
1,257
7,1574
1,640
1,225
1,551
10,3082
10,3661
4,1447
1,447
1,401
9,3302
1,682
1,336
1,547
1,519
1,270
10,3352
1,663
1,346
1,495
7,1721
4,1529
8,2947
1,288
2,804
1,363
1,442
10,2317
1,459
2,763
1,480
10,2642
6,2114
1,335
7,4178
8,2143
10,3762
4,1679
1,337
2,741
1,346
1,703
1,246
1,400
1,378
1,323
10,2875
4,1451
1,234
8,2704
3,1145
8,2825
3,1276
1,255
1,386
1,497
1,622
1,279
1,254
1,545
1,293
2,912
3,1100
1,228
1,473
10,2406
7,2421
1,513
10,2572
8,2102
8,4284
1,638
1,252
3,1156
1,363
3,1012
10,3447
9,3553
1,221
4,1632
3,1282
1,553
1,397
4,965
3,1134
10,3099
1,616
10,2220
7,2290
10,2282
8,2824
3,1329
9,2666
1,212
3,1209
3,1328
1,516
1,485
5,1125
4,1587
1,1690
1,533
7,1770
10,3188
1,261
1,431
10,2433
4,1275
1,218
9,2729
7,2677
1,583
1,450
6,1690
10,2526
1,589
1,491
10,2170
1,434
1,240
7,2013
4,1368
6,1454
10,1976
6,2222
10,3518
4,1423
1,486
5,1735
10,3473
4,3763
1,465
1,451
10,3139
1,226
10,3156
5,1305
1,470
3,1165
10,3242
1,721
3,1088
1,454
10,3395
10,3415
1,577
7,3045
10,3568
7,1814
1,223
10,2428
7,1553
2,633
10,2127
1,530
7,2930
9,2288
2,793
3,1213
9,2248
1,521
1,528
10,2880
10,3282
1,261
2,1007
10,2617
5,1187
8,2194
5,1516
7,5854
9,2992
1,493
6,2138
6,1842
6,2223
6,2217
3,1121
10,3647
9,2667
10,3184
10,3341
6,1400
1,356
6,1593
8,28018
9,2577
1,493
10,3133
7,2299
6,1634
4,1289
10,2986
10,2859
10,2383
9,3565
6,1630
3,1059
7,2379
1,517
2,12688
6,1904
1,435
1,470
10,2931
9,4326
3,1149
9,3617
3,988
5,1563
10,6442
5,1840
9,3219
10,2626
9,1923
1,1373
5,1209
1,401
2,1102
10,2241
9,3302
4,1455
10,4066
9,2614
10,3329
10,2153
1,433
8,2621
10,3244
3,1083
1,2109
10,2295
3,1046
7,2157
1,500
4,1423
9,2195
3,955
3,861
5,1798
10,2169
1,723
5,1552
10,2488
2,562
1,569
1,468
7,2250
10,4635
3,1058
10,15424
6,1422
10,2520
10,2401
4,1105
5,1383
1,586
3,1051
2,658
5,1192
1,578
1,706
1,375
10,3409
10,2131
5,1699
10,3220
4,1177
4,1154
10,2872
4,1046
1,703
10,3291
10,2515
3,1363
1,356
1,581
4,1490
4,1402
10,2244
6,1542
1,643
5,1213
5,1376
6,2119
10,2274
1,562
10,2894
9,1998
10,3793
1,519
1,575
10,3332
10,3338
9,1979
10,2337
5,1994
7,1838
7,1508
10,3287
5,1207
1,532
4,1165
3,1179
4,1472
1,627
1,438
3,682
9,2991
7,1781
3,871
10,2925
10,2519
10,2244
3,1279
6,2039
3,1272
10,3277
10,2392
10,2926
1,521
1,403
7,2700
7,2647
10,3376
2,726
6,2060
6,2309
6,1540
10,2552
10,3087
1,433
7,2454
5,1433
9,2528
1,426
1,343
10,2498
10,3370
1,378
5,1086
3,807
5,1680
5,1885
6,2384
10,3431
1,454
7,2179
7,1529
7,1609
1,443
1,365
3,2686
8,13570
1,243
3,691
9,2543
1,675
10,2539
1,613
1,377
1,277
3,1157
10,2152
8,1796
1,364
1,315
9,3335
1,947
1,266
10,3271
2,617
1,370
1,456
2,1382
1,365
1,354
1,305
10,2053
1,324
1,632
1,465
10,2796
1,592
1,365
10,2356
5,1270
1,402
1,326
10,3574
1,422
1,284
10,2993
5,1340
7,2473
8,2807
5,1550
6,2588
1,601
1,354
10,3260
3,953
1,631
1,421
7,2958
1,414
6,2227
1,347
1,404
1,275
3,1005
1,410
7,2465
1,501
1,249
1,412
10,7997
1,429
1,279
10,3603
1,387
9,3462
1,629
1,298
1,248
3,1359
6,2294
1,398
1,779
1,239
1,402
10,2406
1,375
1,412
4,1560
1,339
10,3320
1,583
1,330
1,683
9,3759
9,3193
10,2857
3,909
1,345
1,405
4,1148
1,490
1,493
10,5800
1,480
7,2454
3,1166
1,357
1,346
9,3112
2,517
9,2345
1,449
1,347
4,1284
7,2473
10,3230
1,442
1,535
1,502
10,3269
3,1336
1,359
10,2880
7,2945
3,871
3,990
1,469
1,233
1,533
8,1871
1,333
1,468
8,2812
1,570
10,3239
1,341
1,363
1,373
10,3621
10,3269
10,2232
1,426
10,2599
1,346
7,2430
1,428
1,471
10,4564
1,660
4,8387
1,450
1,373
1,448
10,10266
10,3296
10,3708
1,422
3,740
1,249
1,651
1,466
1,401
1,462
3,1574
1,350
1,405
1,362
1,284
9,5194
10,3330
7,2368
1,348
1,436
1,282
1,360
1,616
3,1170
9,24491
6,1988
9,2978
7,3185
1,342
1,343
7,2423
4,1449
10,3487
2,791
10,2723
1,242
1,325
6,1811
10,3562
1,643
2,815
10,3326
1,592
1,326
1,486
1,954
8,2741
1,560
1,525
7,1818
1,279
1,616
10,3107
6,2141
1,731
7,3038
6,2091
10,3420
10,2783
10,2425
1,697
7,2320
1,329
1,645
10,2452
7,2460
1,307
9,2034
1,865
1,422
10,3646
1,505
1,524
3,1685
3,1245
5,1786
10,2262
1,289
8,2792
10,3218
1,350
1,268
1,330
10,3485
1,486
4,1478
1,580
7,2641
10,3375
10,3977
2,904
10,3559
1,317
9,3016
10,2943
8,2580
1,243
10,2853
2,1014
1,582
10,3413
6,1342
1,418
6,2388
1,672
2,596
3,1677
1,282
9,3461
9,2414
7,2425
1,343
10,3420
7,2361
1,627
8,2882
4,1552
7,2595
2,712
7,28923
1,267
3,1050
1,235
10,5297
10,3424
3,753
1,277
4,5794
10,17288
1,527
10,9285
4,973
3,1310
7,2411
8,2619
5,1782
10,3734
1,307
1,806
3,1253
10,2566
1,297
10,7252
10,3380
1,457
1,521
10,2165
1,592
1,458
1,494
7,2457
1,491
1,382
5,2288
10,2467
3,1153
3,709
9,4165
4,1454
1,369
9,3389
9,4288
1,663
7,2511
1,508
8,4114
7,10494
1,255
6,1283
4,1358
3,1156
10,3047
10,3729
9,3086
7,2800
7,1892
9,3137
3,1070
10,3430
3,1119
3,1156
7,2173
1,332
1,320
5,1373
7,3399
3,1141
7,2133
8,3570
9,2904
2,626
4,1596
7,3449
4,1805
8,5269
6,2031
1,500
3,872
3,1064
7,1720
1,490
7,2601
4,1128
7,2710
1,562
1,285
6,1881
8,2946
10,8264
3,2067
9,15368
8,2624
7,1652
9,1965
10,3417
7,2377
10,6363
1,20982
1,540
4,1155
1,343
1,537
3,8076
8,2681
2,1276
1,564
1,579
10,2243
5,1211
6,2030
7,6187
7,2984
6,6080
1,569
3,915
4,1399
1,471
9,15527
9,16849
3,3160
2,758
1,481
1,300
2,449
5,1741
8,2596
1,11171
1,21664
6,1537
9,3332
3,1139
1,376
9,8179
3,1150
9,3021
1,549
1,402
10,3383
3,1121
10,3294
1,2010
8,17531
3,1030
4,1714
6,1926
8,2905
1,571
1,551
7,1644
7,2437
1,387
1,363
7,2728
10,2185
1,548
1,522
1,518
9,2916
3,1358
10,16897
9,3168
1,483
10,3928
1,484
9,2947
5,29275
1,393
10,3687
4,1474
1,363
1,345
1,495
9,3000
9,3904
1,667
9,2948
1,623
1,713
6,1776
10,8135
1,503
1,656
3,1085
10,2772
1,409
3,1153
1,497
4,1277
9,3602
5,13085
6,2054
1,322
7,2273
4,1183
1,348
1,535
1,777
10,2996
9,2332
1,341
3,1111
10,11441
1,388
4,1489
6,2117
10,2216
1,600
9,4236
3,673
10,2874
1,421
9,3377
9,2275
7,1547
1,396
8,3970
3,1348
1,254
6,2053
1,626
1,696
1,286
10,5892
9,3349
1,533
1,363
1,435
10,2680
10,2456
1,371
3,2535
8,2626
1,384
10,2430
9,2930
1,428
5,1605
1,625
10,5821
1,381
1,555
1,541
4,1204
8,1794
1,467
1,408
3,1065
6,1836
1,1062
3,756
10,3113
1,293
7,3361
1,4498
1,331
5,1472
1,532
3,876
7,1550
1,274
1,438
3,1013
1,459
1,536
2,626
1,447
1,368
1,558
4,1353
2,817
7,2760
1,577
10,3543
1,337
1,286
1,365
9,2925
1,239
1,364
5,1675
1,531
6,1598
2,984
1,489
7,2284
1,3235
1,908
6,1664
1,302
1,422
1,446
10,3840
1,334
1,542
3,769
1,458
9,2712
5,2132
1,355
1,322
1,574
3,1291
5,1220
1,242
10,3380
1,388
9,2929
1,297
1,302
10,2857
1,372
3,932
1,356
1,255
7,20889
3,1204
3,1119
7,1571
1,274
3,1295
10,21130
9,3261
1,254
1,431
10,2102
1,347
3,755
1,486
1,250
1,14115
1,425
3,1122
10,2611
1,268
2,589
7,2446
7,2325
1,243
1,398
1,366
1,605
5,1650
2,644
1,327
1,13775
7,13300
9,3264
5,1806
1,313
10,3589
9,3142
1,486
1,352
1,486
4,1006
1,479
10,2357
1,618
1,295
8,41950
4,1479
9,3355
10,2874
1,283
7,2539
1,441
1,378
10,2084
1,572
1,248
1,471
10,2409
1,449
1,426
1,554
1,380
10,3412
1,383
1,306
10,3499
10,29457
7,2637
3,1027
1,478
1,257
5,1488
4,1001
4,1392
6,1936
1,386
3,1068
9,3753
1,319
1,264
10,3332
1,316
1,632
1,358
1,417
1,304
6,1447
10,3029
1,441
1,404
1,379
1,435
7,2258
1,371
1,276
8,3278
7,2262
1,502
6,1690
5,1781
1,249
1,312
7,1839
1,510
1,256
1,383
9,7045
7,2386
1,359
3,1115
10,3546
7,2227
1,407
7,1715
3,697
1,272
3,844
7,1575
1,432
10,3363
1,393
2,1002
7,2666
1,374
3,1001
6,2065
9,44324
7,8890
9,1893
6,1632
1,395
2,587
3,1179
5,1641
5,2201
5,1763
7,18323
1,565
1,445
10,6749
9,3200
1,492
1,596
2,508
3,958
9,2063
5,1735
10,2382
1,413
10,2194
1,357
8,3388
1,753
1,345
1,476
1,328
9,30623
1,578
3,760
9,2430
1,258
10,2349
1,631
7,2166
6,1400
2,906
10,3328
5,1716
1,441
7,2256
1,525
1,529
1,412
10,3033
2,507
1,237
4,1397
3,2825
1,609
3,1100
6,6399
6,5219
2,1121
1,399
8,2532
1,557
1,394
1,400
10,3166
5,1143
7,1638
9,3969
3,6945
6,2001
2,774
2,802
2,832
2,785
1,395
1,458
6,2119
1,406
1,348
4,1310
7,1566
1,255
7,1822
7,2608
8,2442
5,1141
7,9694
2,951
1,387
3,1340
7,20319
4,1532
1,419
1,973
10,3037
10,3238
8,1862
10,3328
10,3366
6,3039
10,2244
8,3714
6,30329
5,1793
6,2125
1,433
4,1372
1,429
1,604
8,1891
10,2503
7,1881
8,2441
8,2820
3,1127
4,1530
5,26636
3,1255
7,2370
10,2481
2,694
9,3539
7,2725
1,495
7,1776
4,1066
3,815
10,2457
7,2769
2,882
10,3259
3,1530
1,413
6,4470
2,551
3,9033
9,2979
2,911
5,1749
3,753
7,1822
10,2251
3,1281
7,2484
1,374
10,2780
5,1970
5,5806
9,13582
1,365
3,1052
4,1397
1,347
5,1818
10,2394
8,1888
7,2430
10,3203
1,18823
1,604
7,1820
1,603
2,873
1,10833
10,3409
3,1383
6,1516
1,499
2,703
3,1072
3,1304
3,1414
3,1079
1,2722
4,4400
8,1982
5,1949
7,2466
8,11679
7,2467
8,20617
1,388
3,1146
1,387
3,1017
10,2365
10,3608
10,3328
1,396
3,957
3,997
7,2572
5,1868
3,1108
4,2464
9,7805
1,273
7,2395
1,388
7,2367
3,1281
1,660
1,490
1,403
7,2403
10,3575
3,1256
2,872
5,2050
10,2868
7,6703
1,270
9,3084
8,2838
7,2584
3,1356
7,42322
7,2547
1,408
1,464
3,2318
8,3030
8,2903
2,870
9,3142
10,11499
1,236
8,2632
9,3085
1,351
7,2672
8,2670
8,5554
1,441
7,2246
7,2850
3,1350
8,2693
1,470
8,1883
5,1829
1,370
5,1782
7,2277
10,7101
10,3203
1,531
7,48512
1,482
4,1443
10,3652
1,678
8,2701
1,667
10,3093
1,583
10,2388
1,512
5,1879
1,583
1,736
1,365
1,504
1,482
6,2018
1,39870
4,1404
8,2888
7,2556
1,554
1,436
1,256
2,814
2,814
7,15026
7,2748
2,733
1,789
1,356
4,1153
7,33103
4,1260
3,907
1,464
7,2637
8,2535
1,520
1,401
1,493
1,550
7,2602
3,1015
1,777
1,418
2,785
10,30932
2,791
2,829
1,512
9,2949
1,336
1,391
5,1825
5,1584
1,578
8,3017
3,1195
1,724
1,461
7,2108
1,18592
7,2710
1,397
1,422
6,1885
10,29172
1,362
7,2655
8,6308
8,2722
1,641
9,3071
1,677
1,473
7,2159
8,3172
2,793
1,493
1,416
4,1241
9,28914
1,346
3,1078
3,1247
1,5601
1,586
8,8550
1,689
1,469
9,2922
1,335
3,1822
2,707
1,358
3,1291
7,15485
5,1673
7,4219
10,3455
1,1958
1,583
1,357
1,690
3,1132
5,1605
1,498
7,2824
2,559
5,1737
10,2843
1,402
5,1289
1,506
7,13865
1,487
1,443
3,5649
1,565
8,3048
2,627
1,443
5,1871
1,512
1,422
4,1431
1,685
3,940
4,1495
1,498
1,515
1,712
9,3063
1,515
3,1247
10,3190
1,388
6,2157
8,2227
1,654
6,1742
1,429
2,727
4,1331
4,1520
1,427
1,605
1,4294
1,19207
9,3379
5,1760
1,389
3,1306
1,560
3,1247
10,2177
1,1596
5,1163
1,332
4,1680
1,442
1,499
1,391
1,409
9,3544
3,1083
1,452
6,2374
1,445
1,349
1,374
1,2113
5,1724
4,1214
4,1779
1,434
1,483
7,4840
2,669
10,3489
3,1057
1,460
10,3676
1,403
7,3580
1,331
1,568
3,801
1,371
2,1050
1,482
1,469
1,2861
9,9003
9,2908
1,465
1,335
7,2422
1,409
2,953
1,297
1,4036
10,2151
1,314
7,2574
10,4902
1,788
1,2658
3,1279
10,4755
1,458
1,455
1,23327
1,306
1,430
1,383
7,51851
10,2457
7,2333
7,2860
3,1382
1,26946
1,723
1,26601
7,14052
1,625
1,472
9,19798
1,347
1,601
1,421
1,636
10,2919
2,694
2,6491
1,349
3,15772
8,35505
8,2645
7,2332
1,655
1,471
1,599
1,301
5,2016
1,351
5,1863
7,1791
1,413
9,3279
3,1111
1,457
1,631
3,924
1,470
1,475
1,491
1,460
7,1738
4,1584
1,292
1,394
8,2112
9,3355
5,1744
3,1129
3,1259
10,19810
7,2768
1,415
1,500
3,1013
1,553
6,2396
4,1901
1,380
1,1344
7,1982
2,779
6,2300
9,3100
3,1199
1,525
1,441
1,429
1,603
9,2651
1,464
2,641
2,899
1,387
1,449
3,993
7,2416
1,344
7,2606
7,2528
7,23867
10,3400
5,1656
1,437
8,4471
1,434
8,2629
7,2149
1,306
2,660
10,2424
1,351
1,541
10,5291
8,3096
10,36986
8,2731
2,802
1,588
3,939
1,508
10,2492
9,3006
1,347
2,542
3,1460
10,3813
1,512
9,2912
10,3710
1,1192
7,2351
1,325
2,928
10,3262
1,409
4,1785
10,3457
5,1242
8,2718
3,6276
5,1690
5,1814
9,12621
9,4059
4,1406
1,488
2,784
1,409
1,451
1,448
7,2424
5,1902
6,1520
9,3205
7,2548
5,1747
1,368
7,2380
9,3297
7,40670
7,2163
1,485
7,2314
9,2975
1,519
5,1742
5,1660
1,412
6,1868
10,2813
6,2020
3,1018
7,2381
1,459
1,412
3,1166
5,1710
6,1927
10,3343
1,373
4,1428
6,1835
3,750
5,1606
1,630
1,404
3,1178
1,406
10,20791
1,1844
5,1805
5,1688
1,698
7,11438
1,390
6,1778
3,1474
2,710
1,463
7,3038
3,961
1,471
1,425
7,3151
5,1805
2,715
9,3017
1,590
10,20031
2,917
3,1142
1,612
9,2313
2,622
7,3274
1,429
1,498
5,1744
7,23970
1,619
1,399
8,2689
8,2672
1,443
7,5237
5,1746
5,1485
3,709
1,400
1,655
1,399
1,440
2,859
1,500
1,572
10,66508
8,2642
8,2692
7,2304
2,924
2,736
7,2401
5,1476
5,1769
8,2882
1,390
1,417
1,686
1,484
2,799
2,718
7,2243
8,2671
5,1678
8,9722
10,2955
2,754
10,3364
3,5171
1,498
1,401
1,852
2,862
2,845
2,1609
5,2400
5,1645
4,1441
1,432
3,1140
8,1984
2,577
4,1026
7,2348
1,693
3,1126
1,455
4,12332
2,736
6,2279
7,2313
1,500
2,1065
2,793
8,2632
10,3208
5,1858
9,2295
1,394
1,559
1,472
1,419
5,8974
1,442
5,2169
6,1943
2,753
3,1079
4,1412
8,2827
10,3402
8,2980
7,2634
7,16121
1,487
1,464
1,944
8,2608
5,30972
8,3750
9,2845
1,481
2,1042
5,1679
3,1126
10,2342
8,2868
8,1831
4,1317
1,347
2,781
7,2402
8,2662
5,1789
8,2985
1,354
1,473
6,1468
1,447
2,802
6,2265
8,2207
7,1800
4,1340
1,374
8,3435
6,3582
1,441
7,5460
5,2185
8,7264
1,409
4,3428
7,2230
2,927
4,1205
2,717
3,909
4,1482
1,388
7,2723
2,1040
7,3495
9,2820
1,502
3,1092
1,381
6,2050
7,2203
7,1977
9,2121
8,2620
3,1079
7,4881
1,456
2,1027
8,2902
1,425
7,10044
1,536
5,1635
1,406
7,2005
1,416
6,2013
1,489
1,578
10,2511
7,2227
1,517
8,2385
8,2954
1,464
8,29868
5,1952
1,418
1,481
8,2756
1,381
8,1867
1,268
2,1476
7,2546
2,785
1,543
8,2614
4,1349
1,367
3,1131
7,2505
1,425
1,563
10,3639
1,397
10,3104
1,645
3,736
3,2913
1,383
1,483
2,919
2,961
1,372
5,1752
3,1321
7,2656
1,469
4,1360
1,398
8,2235
1,448
1,382
7,2397
9,2844
1,466
3,1196
1,361
1,444
1,549
7,2665
1,540
1,410
5,1752
1,425
5,1856
10,2359
1,619
10,3839
3,964
3,1144
8,14620
8,3024
1,533
1,526
1,583
2,9922
7,4028
6,1911
1,419
7,2313
7,1827
1,2077
1,757
5,6823
3,1184
2,702
2,869
6,1936
1,372
4,2915
1,407
1,447
10,3194
8,18754
10,7614
1,282
8,2968
7,2540
5,10115
9,6503
4,1465
2,709
1,413
1,349
1,588
1,476
3,961
4,999
1,488
4,1215
1,296
2,655
8,16731
6,2002
9,2979
7,1929
5,1968
5,1814
1,543
1,699
1,475
1,313
10,2843
6,2835
10,4156
1,381
1,926
1,417
5,1671
10,3473
6,1528
9,3243
1,439
1,378
4,1596
1,367
7,2299
2,809
3,1135
2,726
1,300
1,386
1,467
2,1205
9,2836
8,1919
6,2078
1,404
1,453
4,1638
1,406
1,438
5,1353
5,3222
1,306
1,287
1,361
1,522
1,399
10,19307
5,1383
8,1841
2,1495
1,443
1,376
1,430
3,1033
7,1584
2,951
10,3452
1,297
1,409
1,803
3,967
7,2357
6,1897
5,1717
1,533
1,507
2,810
1,412
4,1311
1,285
3,1271
1,333
1,427
1,515
1,356
1,338
7,10844
10,3426
8,2818
5,2137
5,2007
1,511
1,355
2,1037
1,272
1,601
1,297
10,3180
1,303
1,491
1,403
9,54734
1,420
10,3114
7,8280
1,632
1,567
5,3389
7,9760
10,2274
1,377
1,370
3,1044
5,1440
1,258
10,11206
1,498
7,2000
7,2303
3,1343
4,2140
7,2543
2,1023
2,898
1,373
1,576
1,388
10,2132
6,2115
1,479
1,383
1,510
1,501
10,3391
8,3226
1,656
7,2689
7,2719
6,2206
1,286
5,1669
5,1687
9,1960
7,2524
1,492
5,2192
5,1930
10,3355
10,3092
3,1364
1,605
1,2843
1,891
7,11224
1,246
7,2436
1,241
10,2454
8,2568
1,464
1,355
2,1228
1,660
4,1279
1,697
3,1483
5,1949
4,1510
10,3384
1,261
7,2157
3,770
10,2868
5,1426
1,479
1,442
2,2472
1,297
2,681
4,1768
1,653
1,659
3,1339
9,14214
1,402
1,498
1,224
1,466
6,2010
1,536
1,444
1,1384
1,461
3,947
4,2708
7,2640
2,13565
4,1453
5,2982
1,355
4,1329
1,337
2,646
5,1593
2,791
1,469
2,10643
10,3201
1,298
2,896
3,1242
9,2262
4,1675
3,1324
1,363
4,1535
1,457
10,3475
10,3041
3,1099
1,476
5,3778
1,718
1,253
2,1113
4,1590
1,290
7,2715
3,1400
1,339
4,1327
1,279
8,1711
4,1500
3,1095
1,444
6,2480
1,455
1,289
7,2252
7,12582
1,477
7,2492
1,672
10,3435
7,2277
9,3284
10,2492
2,994
8,2706
1,488
8,2978
1,485
1,250
9,2923
5,1878
5,7776
5,1827
2,1284
3,1137
2,891
10,2662
10,2596
5,1712
3,1043
2,713
9,3197
1,427
1,252
6,2127
2,831
6,9843
2,616
5,1930
10,2870
5,3255
1,478
10,3444
4,1102
8,2947
7,2511
8,2788
1,566
1,433
10,12412
2,1743
3,1042
9,3762
1,487
10,2706
10,3578
10,3290
9,3026
6,1544
9,2953
2,825
1,560
4,1216
1,359
6,1915
7,10652
1,547
3,1080
2,1005
9,3110
9,4471
6,2108
1,699
10,2474
10,3259
8,6745
5,1870
2,759
1,376
5,1618
7,7946
10,28730
2,1008
7,2450
1,355
6,2008
4,1132
10,2670
4,1593
1,513
8,11870
1,383
5,1302
1,283
3,1597
6,2125
1,566
5,4540
8,2878
10,2334
5,1733
9,2386
1,556
10,3224
7,2402
8,5190
2,15041
3,1120
1,240
1,516
10,3519
8,5097
6,14051
5,2003
10,2675
3,1199
7,1793
5,1493
10,3569
7,2156
2,789
1,429
10,2687
7,2082
1,474
6,1933
1,485
1,529
8,2791
10,2490
3,1104
1,395
1,333
10,2922
7,2361
3,923
1,349
10,2462
10,2832
7,2503
1,481
5,9639
5,2014
8,2960
1,642
1,476
10,2702
1,461
6,1416
9,3634
4,1525
1,536
10,2920
10,3194
2,4067
3,1211
2,1091
1,415
8,2938
10,2724
4,1966
3,805
9,2565
7,1944
1,421
6,1377
1,424
10,2351
3,865
7,1604
3,1162
2,819
2,986
3,1000
9,1970
1,662
10,2299
2,991
4,1665
2,1069
7,1503
1,502
6,2127
10,2432
2,695
1,497
5,1861
7,6239
2,480
10,3203
7,2058
10,2218
1,643
1,505
1,446
8,2688
1,435
4,1583
6,2038
8,2155
5,8674
2,766
2,1049
1,475
10,2783
2,589
10,3429
1,491
1,658
1,652
10,3254
5,2184
9,2917
4,1108
1,471
2,992
8,4983
3,1102
2,623
10,2749
6,1888
10,2813
1,488
1,544
5,1526
6,2619
1,633
10,2404
9,2574
8,2548
7,2719
8,2645
3,1171
1,295
9,2503
2,509
10,2410
1,791
1,284
1,453
5,1772
1,651
1,259
7,1698
1,367
2,851
8,5141
8,3194
1,517
1,315
1,289
10,2263
1,537
1,437
8,2906
6,1580
1,2737
1,585
10,2114
1,421
5,1679
3,1178
3,849
2,640
1,288
1,325
1,444
1,411
9,3000
7,2291
2,644
3,5050
10,2469
1,258
8,3581
8,3270
2,989
8,13825
1,300
1,226
1,393
1,532
1,572
1,360
5,2187
10,3335
7,11745
10,2607
1,412
1,462
8,2915
4,1552
10,3291
1,479
1,253
1,501
1,366
6,2182
3,692
7,2285
10,3477
1,566
10,3116
10,3406
3,1179
8,3328
7,1971
1,489
1,407
1,247
8,3027
10,2170
5,1765
1,366
9,6106
4,964
1,416
9,2133
3,816
1,401
1,537
6,1969
1,359
1,477
10,2518
1,340
1,346
1,700
1,318
5,1788
2,1016
7,8151
1,481
10,2170
1,625
8,3073
8,2214
8,2861
1,332
1,358
8,2832
1,267
8,4859
1,266
3,1026
1,433
4,1502
10,3100
9,2226
1,451
1,496
10,3408
1,427
1,329
1,275
1,419
1,479
5,1778
1,521
2,783
1,280
4,2438
1,678
10,2047
1,411
1,511
5,1391
1,628
1,243
1,263
8,1945
1,279
7,2416
9,2059
1,441
1,266
7,8883
1,519
10,3520
1,402
1,459
6,1550
1,656
7,1678
1,248
1,264
1,278
7,10527
1,421
1,510
1,408
2,1134
10,2926
10,3406
1,342
2,909
6,1529
1,520
7,1826
1,594
1,268
1,270
4,1466
10,2835
1,450
1,414
9,2858
1,327
1,612
8,3139
1,389
1,469
7,2556
8,2667
10,3564
1,334
1,251
5,1833
10,2527
1,435
1,395
10,3263
1,389
1,422
3,963
1,871
1,432
1,606
8,2728
1,426
1,410
10,2419
3,1313
10,2184
1,544
5,1617
2,719
1,435
1,281
2,797
3,2506
1,449
1,593
10,3268
10,2951
8,2518
10,2530
3,1043
1,432
1,419
1,267
7,16198
10,2818
1,344
2,912
1,267
1,426
2,1065
5,1829
10,2310
2,584
10,2386
1,563
10,2492
1,443
1,320
6,2219
1,373
1,272
4,1318
1,408
1,376
1,388
10,2632
10,2976
6,2185
9,2983
3,1175
10,2634
5,1773
4,1122
3,1158
1,278
1,264
7,1867
2,913
10,2528
1,515
10,2832
3,1103
2,2810
1,483
4,1293
9,2266
1,404
1,462
2,703
1,256
1,259
6,2424
1,1744
1,437
4,1356
3,799
7,1705
2,794
10,3409
5,1255
10,2552
1,415
1,268
5,1638
1,455
1,244
6,1852
1,489
10,2421
8,2764
2,551
10,3175
4,935
9,2928
4,992
1,447
1,474
8,2031
5,1695
10,2332
1,342
10,3488
2,1708
1,262
10,3772
5,1731
6,2241
8,1850
7,2472
10,2391
10,3362
1,439
10,3440
1,504
10,2253
1,246
8,2687
10,2535
1,272
6,2112
2,609
5,1971
8,2902
1,498
7,1804
10,3280
1,419
10,3385
5,1555
10,2493
9,3230
5,1756
7,1925
1,376
6,2162
10,2733
7,2356
5,1399
2,810
3,1105
10,2671
7,2893
10,3039
2,786
10,3512
10,2124
6,2079
7,2330
1,438
7,2188
6,1525
7,17998
10,4366
8,2502
4,1443
9,3636
3,1725
6,1556
2,579
8,2168
10,3349
10,3436
8,2040
4,1376
10,3626
8,1978
3,1107
6,1999
5,1761
6,1891
9,2275
1,406
4,1445
5,1492
2,967
1,444
4,1265
10,3717
2,611
10,3369
10,2275
9,3121
10,3299
7,2542
6,2089
1,627
7,2184
9,3424
3,1177
10,3627
10,3089
2,763
5,1470
5,1694
2,888
10,2147
4,1468
10,3371
7,2456
7,1956
1,476
3,996
1,408
8,2515
10,3668
8,2515
5,1278
7,1521
4,1065
4,1478
10,2414
8,4828
2,745
9,2913
1,486
1,429
4,1356
10,2369
8,2894
3,1333
2,1324
4,959
10,3845
2,523
3,1004
4,1053
5,1894
5,1536
8,2743
1,285
1,610
4,1055
10,3457
8,2234
7,2548
10,2577
9,2208
3,1133
10,2363
4,1093
1,421
3,1103
4,1111
3,1007
1,384
10,3344
7,2689
1,596
1,360
5,1798
9,2768
10,3218
5,1827
8,2495
7,2240
9,2430
1,607
2,579
1,531
1,322
1,369
2,773
10,1988
1,393
7,2569
7,2682
10,2225
3,947
10,2645
6,1525
1,457
2,991
10,2526
5,1770
10,3451
1,505
7,2322
9,2206
1,387
1,484
3,1230
1,551
2,594
10,3070
3,959
1,367
1,450
8,1909
1,437
1,429
1,349
2,849
10,2101
1,426
7,2265
7,2808
10,2118
10,2511
6,2023
10,2743
1,409
1,508
10,2225
3,1091
1,433
1,785
6,2468
10,2923
1,380
7,10513
1,618
10,2636
8,2545
4,1559
10,2992
1,269
1,417
10,2619
3,1194
6,2071
1,739
9,7025
2,553
1,380
8,3096
3,1176
6,2002
10,3086
9,2960
10,2740
1,256
3,1219
10,2979
1,504
1,595
6,2200
6,1952
10,2925
1,349
1,353
5,6024
1,350
10,2144
1,399
6,1309
1,373
1,361
1,284
3,1091
1,367
1,474
5,1669
10,2397
1,389
5,1729
7,2527
1,234
10,2494
10,2318
9,2074
1,404
1,524
6,1304
1,570
10,2836
1,578
3,1078
1,459
1,530
1,534
6,2353
1,235
6,1801
1,372
1,432
1,297
1,331
1,221
1,448
1,340
1,674
2,756
1,236
8,2565
3,1010
8,2865
1,277
1,545
10,2443
1,601
1,256
3,1220
1,349
1,520
1,518
7,2760
3,995
1,279
1,532
9,40670
9,2831
1,231
1,383
10,2437
1,302
7,1501
1,475
1,266
1,679
5,1324
5,2121
1,509
1,286
3,1133
3,981
3,1159
1,224
4,1032
9,2808
4,922
1,255
1,480
1,237
2,799
10,2399
7,19010
1,881
1,294
2,660
1,402
5,2017
1,230
1,371
10,2767
1,243
1,366
1,335
1,237
1,488
4,908
9,4234
4,1612
1,240
2,735
1,548
4,2001
1,278
1,391
10,2517
1,258
10,2691
4,1668
1,240
1,647
10,3305
4,1440
8,3657
1,240
4,1274
1,508
1,377
1,250
1,1913
1,358
1,286
10,2383
1,716
1,240
7,2441
5,1719
3,1501
7,4510
1,249
7,1608
3,1116
1,461
1,804
1,404
1,407
1,556
3,977
4,1242
1,247
1,348
10,3308
7,11227
2,1020
1,254
6,1940
1,350
1,433
4,1279
1,459
1,329
1,273
9,2717
10,3299
1,311
1,495
10,3031
5,1949
6,2852
1,239
8,2573
2,829
1,458
9,2410
1,323
1,419
1,544
10,2930
7,2299
4,1087
3,853
10,2393
3,1370
8,2855
8,1757
6,1813
1,1020
1,430
1,385
1,271
1,299
1,332
10,3248
6,2174
10,2650
4,4736
1,467
3,1249
8,2819
10,2597
6,2109
10,3935
2,850
9,1991
9,2478
1,408
1,668
10,2113
6,1994
7,1832
10,2915
10,3292
1,628
8,2638
10,3324
5,1225
1,864
1,647
1,403
1,330
10,3021
1,527
2,588
6,2066
1,464
6,2148
10,3378
3,1118
1,567
10,2324
10,2685
1,589
1,536
10,2645
7,1890
1,285
10,3297
10,2141
1,536
3,1037
3,1209
10,2065
3,1273
1,435
9,2964
10,3156
3,1697
1,485
10,2376
1,405
1,359
10,2833
9,1946
1,599
10,2217
6,2321
9,3016
4,1562
2,766
1,546
4,1326
1,522
1,406
1,641
10,2320
10,2201
9,2255
8,1961
10,3475
9,2233
1,535
10,2567
4,1584
1,337
10,3312
2,515
4,1500
1,512
9,2188
10,3450
1,376
10,3127
10,2126
10,2850
10,2684
7,1912
1,460
10,4340
3,878
10,3127
4,1364
4,1387
3,1161
10,3327
1,686
1,256
10,2953
10,3261
5,2128
10,3018
10,4067
1,263
7,2356
1,400
7,2725
5,1668
7,2501
1,387
10,2536
3,1172
10,2211
10,2560
10,3110
10,2643
10,2791
6,2085
1,409
6,3566
1,362
5,1773
2,673
2,804
3,935
10,2877
9,2363
2,653
10,2213
1,474
4,1006
10,3034
5,1770
1,617
3,1144
2,784
3,1136
4,954
6,2351
4,1429
10,2420
10,2989
8,1841
3,750
1,560
9,2273
2,977
10,3298
1,478
6,2323
1,443
7,2371
8,1757
6,2311
10,3518
10,3386
10,2061
10,3599
9,2231
10,3040
10,2963
10,2205
4,1069
10,2775
6,2100
4,1047
7,2229
6,1201
8,2147
7,1681
10,3316
10,3197
10,2849
1,246
1,352
5,1823
8,2081
4,1125
1,384
6,1652
1,1595
7,20523
10,3590
1,437
2,833
10,2783
2,614
9,3059
7,1747
1,564
10,3129
10,2033
5,1885
1,432
1,384
1,282
1,384
10,3194
10,2281
6,1822
10,2788
10,2520
1,622
1,483
1,412
10,2252
10,2490
10,3488
1,326
1,530
1,266
3,1023
10,2369
5,1415
6,2012
9,4871
8,1895
10,7166
10,3376
1,506
6,2028
10,2836
10,3205
10,3131
1,708
1,362
5,1644
6,1884
9,2437
8,1863
1,385
10,2114
3,892
9,3285
1,553
1,361
1,385
10,4144
1,386
7,1904
6,2065
8,4849
1,494
4,894
1,354
1,484
10,2373
10,3490
10,6085
9,2762
1,244
1,230
10,2937
10,2363
1,410
7,2615
9,7994
1,337
10,3084
10,3142
1,315
10,3845
7,2538
9,2128
1,598
1,235
1,250
1,412
1,1331
1,337
8,2201
1,447
1,270
10,3640
7,1822
1,279
9,3149
7,2238
10,2337
1,524
1,291
1,368
6,1669
10,5167
1,299
10,2922
1,372
1,263
10,2156
10,3292
1,238
1,627
7,8357
1,686
1,505
1,294
9,1968
1,282
10,3978
1,437
6,1811
1,527
1,275
5,2096
5,1073
1,254
1,588
7,2397
1,443
1,477
1,250
1,257
1,334
10,3875
1,389
6,2111
3,742
1,249
1,434
4,1361
1,234
1,447
1,446
1,448
7,2434
1,290
1,357
1,305
10,4267
1,310
10,3986
1,467
1,245
1,318
10,3970
1,246
1,626
5,29950
1,671
5,1785
1,239
1,384
1,428
10,3824
1,336
10,2387
1,457
1,262
1,455
3,946
1,248
1,519
9,2954
1,376
3,1143
1,238
1,391
10,2403
1,497
4,1134
4,1167
3,1026
1,266
1,326
10,3821
1,277
1,488
8,2630
1,437
9,3219
10,2123
1,407
1,562
1,511
1,403
2,617
1,2704
1,478
10,2451
10,3901
1,634
1,373
1,412
1,408
1,460
1,236
1,350
1,280
10,4653
10,3076
4,1136
1,1228
4,1336
1,376
5,6327
10,2739
10,6666
3,1045
1,515
7,7543
1,240
1,394
1,223
9,3247
10,2440
2,577
1,643
9,2205
1,385
10,2720
5,1800
9,2176
1,537
1,498
7,2491
10,2403
6,1568
1,231
8,3668
10,3812
10,2201
1,533
10,2331
1,307
6,2327
7,2857
1,245
5,1692
1,456
3,954
10,2353
9,3033
1,482
3,38143
10,3244
10,2330
1,432
1,372
1,359
1,437
5,2247
1,640
1,303
1,433
8,2588
10,2286
4,1546
1,383
2,816
10,3372
8,1972
2,827
10,2785
1,392
1,237
5,1810
1,626
1,392
10,3981
5,1738
9,2570
1,545
10,2212
10,12260
10,2879
10,3462
1,443
10,2084
10,3275
1,222
7,7162
3,1561
1,419
5,1668
3,10548
4,968
5,1852
10,2152
1,724
10,2286
10,3270
6,2041
10,2584
1,406
1,243
9,7355
1,669
1,429
7,2397
1,520
10,3243
7,2328
9,1983
1,598
1,299
6,1401
3,1295
10,3010
6,1452
1,305
7,3924
9,3465
3,1239
3,972
2,808
10,9606
7,2302
10,2247
2,2316
10,2925
4,1032
4,986
10,2374
10,2766
1,256
3,5555
7,2530
1,607
7,2373
1,385
10,8319
7,2728
10,3209
2,680
10,2205
1,425
3,702
10,2715
10,2347
1,440
3,1337
1,618
1,517
9,2982
3,907
10,3369
3,1039
10,3533
5,1824
10,3262
1,355
4,1235
2,689
10,2595
1,238
5,1749
7,2679
3,1813
8,18840
3,1259
6,2251
9,2984
10,3571
6,6097
10,3703
1,384
7,8393
3,776
10,2864
1,240
7,43111
7,2385
1,725
8,10803
4,2199
8,2713
8,2609
10,3590
8,2998
9,3244
1,286
3,1079
8,1714
10,2844
1,236
3,1085
7,7896
3,1750
5,1690
6,2224
10,3534
5,1692
10,3632
5,1736
10,2378
1,284
6,2181
7,1455
4,1554
1,523
3,1075
1,784
1,3662
2,805
4,1433
2,781
3,1155
9,3551
3,4086
10,2613
1,303
6,2250
10,3242
10,3563
10,2305
1,619
8,2789
2,893
3,1163
10,3742
10,3190
3,1372
10,56811
1,342
1,566
1,252
7,1940
10,3180
10,3521
10,2228
3,1077
3,1309
1,549
1,480
7,1907
10,11961
1,555
1,532
8,25835
1,264
1,292
1,488
10,2189
8,2786
10,2275
3,1094
3,1251
7,2015
2,1121
7,2221
1,481
2,956
1,1239
10,3304
1,269
1,345
10,3102
9,2988
6,14298
9,2037
4,1541
3,1456
6,1714
3,1410
6,5001
1,473
1,2961
1,2591
3,2414
1,304
1,250
5,1317
1,460
10,3388
10,2169
4,993
2,1038
4,1437
10,3729
6,6121
1,422
3,1289
10,3184
1,579
1,254
9,2909
9,1980
1,258
10,4556
10,2492
10,3466
1,973
10,2350
6,1992
3,1145
1,932
4,1049
10,3629
1,611
1,269
10,2154
4,935
1,594
10,3745
10,3451
7,2288
3,1358
3,1168
10,2904
1,732
1,375
6,1361
1,457
1,524
1,299
10,2661
10,3267
1,732
1,754
10,3306
6,2012
4,1522
3,1103
4,1270
1,513
1,433
4,1361
1,530
3,16825
1,277
1,396
10,2459
1,480
10,3447
10,2958
1,322
6,2390
6,1856
3,851
1,416
1,408
10,2930
1,542
1,418
1,498
10,2207
5,1707
1,538
10,7124
10,2989
3,1122
4,1605
7,2295
6,1566
1,342
1,544
7,2380
1,527
10,23410
1,425
10,2214
10,3862
1,656
2,912
8,8592
1,341
10,4010
1,566
10,3237
1,702
1,420
1,427
1,492
6,6114
10,2779
10,2271
10,2381
1,538
1,8364
10,3224
1,382
7,2033
10,2448
6,1710
10,2615
1,335
1,371
9,4236
1,3954
10,4063
10,2564
10,2515
1,793
1,595
10,3223
6,1668
3,1211
5,1255
4,991
1,269
1,386
1,309
1,346
1,470
10,12250
10,2322
6,1383
1,485
1,28943
10,3145
1,413
6,2126
9,2545
1,728
1,373
4,10455
1,301
1,848
6,8503
10,4020
2,577
10,2159
1,419
1,489
2,704
1,406
6,2193
4,1072
1,617
1,399
10,21630
3,1149
1,570
1,493
10,3645
10,2501
1,308
10,6880
1,495
1,679
1,434
3,1170
10,3011
1,437
1,333
9,13915
1,383
1,396
7,4673
10,4524
10,2313
1,365
10,3382
1,646
1,503
6,2008
1,535
10,3238
1,575
1,307
8,17082
1,405
4,1596
1,405
10,23325
8,2618
1,328
7,1880
1,600
1,541
1,363
1,437
10,2446
1,339
7,2361
2,16904
1,389
10,3405
7,2340
1,606
10,2943
1,339
5,1756
10,3630
1,490
1,415
1,409
5,1726
1,374
5,1123
8,17456
6,1629
8,7430
2,993
4,1592
10,2950
1,266
7,5395
1,489
1,435
1,404
1,391
10,3227
7,2288
10,2996
6,2219
1,460
10,3782
3,1037
9,19190
9,2294
1,329
7,2575
1,519
1,504
1,283
1,531
1,376
1,337
4,842
2,721
1,522
2,18257
4,4117
10,35279
1,410
1,284
8,2856
1,386
1,347
1,385
7,2751
1,377
1,505
10,2810
1,476
1,259
6,13773
6,2297
2,678
1,461
1,344
9,2974
9,3139
1,474
7,1863
1,690
1,326
1,443
3,982
10,3348
3,1076
1,680
6,2137
1,458
1,474
1,256
5,1742
8,3955
1,439
10,2700
1,440
1,282
1,353
10,3828
5,1672
6,2308
5,1908
6,2069
8,2566
1,458
1,272
3,769
2,915
1,318
5,2012
1,328
1,383
1,262
5,1801
2,895
7,2395
2,817
8,2785
8,11849
1,576
10,3442
3,1224
2,1085
1,467
10,3527
1,526
1,282
1,376
10,2447
5,2004
10,2721
5,1608
7,12615
6,1806
1,2176
10,2276
3,1584
5,3437
4,1587
10,3706
1,417
10,2412
5,1222
6,2132
4,1448
6,2166
4,8245
4,1357
1,437
10,3706
10,2238
1,556
1,19410
10,3554
10,2390
10,3711
1,312
4,981
10,3020
3,1084
5,1257
3,1225
10,3383
1,341
1,500
10,3053
2,941
8,19208
9,23331
5,1619
7,1871
1,276
9,2223
1,328
3,1029
4,1022
10,3232
2,889
2,785
1,500
4,1186
1,637
1,518
8,2750
10,3318
5,1422
1,364
10,2378
10,2894
8,2801
4,1668
10,3478
1,581
1,354
2,887
10,2472
10,3506
10,23844
10,16483
10,3118
10,2407
1,271
5,1818
10,2054
10,16910
10,2215
1,495
2,705
1,421
1,540
10,3394
4,1229
2,850
6,2080
10,2411
4,1255
6,1455
10,2841
10,2103
6,2202
10,2340
3,1312
3,1514
3,1222
1,428
1,350
6,1526
4,2162
2,642
1,375
10,3591
10,2437
10,2615
10,2091
5,1863
10,2820
1,664
1,651
1,377
10,2471
6,2237
4,1374
5,1662
1,455
10,2185
3,898
10,2506
10,3286
9,3083
7,2492
5,1324
8,4319
1,520
1,433
1,284
10,6797
10,3487
1,410
4,1385
10,2030
10,3444
1,339
6,1438
1,352
1,486
10,2614
1,349
1,2803
1,406
6,1887
8,6475
2,865
3,1021
1,634
10,2133
5,1596
10,2494
4,1333
1,250
1,530
6,1842
1,474
1,508
8,15239
5,2015
10,3823
6,2249
10,8702
10,3669
10,2461
10,3675
9,1957
2,604
1,252
1,474
10,3072
6,3845
4,1581
1,353
8,2927
2,12724
3,1417
1,529
2,846
9,2698
6,1621
10,2473
1,426
1,263
1,438
10,2069
1,447
1,563
10,28730
7,2608
10,3321
6,1833
3,1059
6,2098
1,374
10,2386
4,1016
10,2153
1,263
2,750
10,2021
7,2269
1,469
2,818
9,3176
9,2808
1,327
1,420
3,959
1,261
1,323
10,3001
6,1256
1,384
1,378
10,2073
5,1773
7,2541
1,355
9,10916
1,396
1,518
8,3529
3,1188
10,2051
10,3150
10,3282
8,1948
1,395
1,471
10,3088
1,475
1,446
1,687
4,1461
1,370
1,531
9,26095
2,694
1,237
10,3042
10,3512
10,2731
10,3184
2,836
1,274
1,533
4,1502
4,1728
5,1154
10,20429
1,412
1,463
10,3520
1,250
10,2082
8,3193
9,3109
1,397
1,451
1,340
6,2175
1,533
7,2478
3,1337
1,577
1,282
5,1613
8,2862
1,237
9,2979
6,5926
10,3020
1,267
4,1450
1,330
1,572
2,842
10,13043
1,650
1,623
1,369
6,1922
6,2053
1,246
10,2629
10,3785
10,2447
1,409
1,2303
1,234
2,956
3,1312
2,993
1,495
1,627
1,247
1,474
6,1920
1,237
1,697
10,25144
1,456
10,5461
3,1215
1,235
1,542
1,370
10,6425
1,487
1,537
1,301
7,2540
1,353
1,226
1,285
1,22519
1,292
10,7263
1,461
1,256
1,571
1,546
6,2343
4,1329
1,474
1,292
1,505
1,530
1,234
1,267
10,4646
1,306
10,3621
1,573
1,314
4,1590
8,2930
8,11254
3,1193
1,441
1,398
1,989
7,5043
1,220
1,270
1,441
1,287
8,2746
7,2960
10,2187
3,1169
1,575
5,1932
4,1362
1,482
8,1748
2,5475
1,351
10,3107
1,254
2,705
1,309
10,3655
6,3376
1,234
4,1597
6,2044
2,6211
6,2265
1,383
1,445
1,625
7,2163
10,3324
1,248
10,3517
1,258
2,843
6,2037
1,354
7,2819
2,636
3,1210
6,2178
1,380
10,2303
1,525
1,512
10,18631
1,278
1,1059
1,254
10,26324
8,2718
1,347
1,553
3,1187
2,2699
10,2642
3,1051
4,1126
2,971
1,522
10,7928
1,265
1,8695
1,305
10,25621
7,2438
10,2502
8,3020
5,1518
4,1984
7,2407
1,457
9,3081
1,411
1,445
10,19629
1,251
1,519
1,258
1,578
6,1934
10,2296
8,2648
9,3375
6,2493
3,1044
9,40367
10,2866
8,8887
2,749
10,7325
1,270
1,469
1,252
1,469
8,5715
10,12789
7,2499
2,789
1,2895
6,1742
2,989
10,2321
4,1510
1,378
10,3437
10,2389
1,489
4,1394
10,3350
4,1532
9,3498
6,2298
7,2333
8,2929
3,1143
2,756
10,3453
6,2290
2,724
10,13735
10,2193
1,485
10,3718
3,1011
2,779
10,3633
9,3297
8,2073
6,2301
1,370
1,425
10,3086
7,2298
1,423
1,500
10,7177
1,380
1,405
9,3042
2,854
10,19505
3,1351
8,2857
8,3163
1,366
5,1513
10,2329
8,2454
1,463
4,1444
10,3370
1,425
9,3740
8,16147
3,3147
10,9473
2,813
1,524
6,2140
7,1610
8,6097
6,1426
6,2313
4,1177
1,478
8,2910
1,481
6,2770
8,3164
1,407
1,460
1,386
1,405
6,14066
1,437
8,8157
4,1016
2,826
1,339
8,2577
10,8794
2,852
10,4799
10,31212
1,462
10,14424
1,746
5,1705
1,585
1,299
6,32324
10,2334
6,2099
3,1858
1,494
10,3471
3,1189
10,3494
2,851
7,2536
1,448
7,2383
1,605
4,1760
1,377
10,27319
1,380
10,3241
6,1990
10,16527
10,3532
10,4615
9,3617
1,472
9,3140
2,725
2,910
2,644
2,900
1,269
2,3202
6,1459
4,1842
6,1931
9,8174
2,1070
8,25468
10,28429
1,380
2,740
3,1077
5,2073
9,2336
2,733
1,289
5,1754
10,2178
2,803
8,2480
1,411
1,501
8,90905
1,19981
1,418
5,1738
8,2612
2,1054
5,1952
4,7377
1,613
4,1546
10,2931
4,1464
8,9149
1,407
1,482
1,429
1,489
1,383
2,799
1,468
7,5918
7,2354
1,614
1,725
3,1169
9,2019
1,486
6,1923
2,4160
3,1150
6,2453
10,54663
1,343
7,2475
10,31943
4,1687
9,3899
1,498
1,777
10,3060
10,2242
7,2390
4,1399
2,702
10,3477
5,1663
1,435
2,1114
3,1080
8,2828
2,1114
8,2760
8,3645
1,690
10,6360
1,375
2,706
10,3832
6,7895
9,14731
2,681
8,2505
1,387
2,748
8,2615
3,1064
10,2935
1,454
10,2681
3,26777
1,245
5,10824
2,810
10,12112
8,2943
10,9774
8,2378
1,431
3,1057
1,599
3,1122
1,513
1,3500
5,1340
1,406
1,274
3,1201
2,845
8,21768
8,2753
2,720
2,800
6,8908
1,474
1,1718
9,3859
3,834
9,10393
4,1170
1,406
1,254
7,2241
1,629
1,394
2,960
4,1816
1,341
1,360
3,1157
10,10293
3,1272
1,556
1,420
9,2281
8,2479
1,276
3,1647
2,904
5,1474
10,5564
5,1926
4,29980
1,483
8,2699
2,628
4,1172
1,637
1,446
10,2779
1,397
1,246
2,916
1,595
1,406
1,597
3,1066
3,975
1,379
8,3250
2,701
8,18154
1,349
1,501
10,2107
1,391
1,245
3,1363
4,1872
1,1938
1,404
1,346
1,575
1,467
4,4463
1,353
1,366
1,305
4,1343
10,3500
1,386
1,279
9,3466
7,2622
1,547
6,2121
1,480
1,370
5,1804
3,1181
6,1807
5,1864
1,288
1,452
5,1873
6,2066
1,306
1,647
8,2703
1,377
1,639
3,1062
9,25649
1,441
7,2243
1,435
8,40802
1,337
2,729
10,2510
7,3225
1,247
8,2894
3,4907
3,2447
2,1540
10,9641
1,439
2,949
8,3021
4,1347
1,345
1,455
1,386
6,2096
1,367
4,3138
1,1544
8,2813
1,487
1,481
10,13977
10,25295
5,2258
7,2725
1,421
6,2091
1,490
1,370
10,2404
5,3826
10,2573
3,1363
2,1049
1,358
1,522
1,464
6,1982
4,10139
1,480
1,400
7,2239
9,2383
8,2535
10,2149
1,478
9,3176
4,2383
5,1879
2,791
5,1832
2,715
2,785
10,4154
1,414
1,395
1,390
1,327
3,7280
1,349
1,480
6,2240
7,2810
3,1087
4,1459
1,14259
8,2725
1,65989
3,1224
5,1316
1,451
8,2918
1,338
2,703
10,2872
2,636
10,3351
7,2384
5,2089
5,11089
1,398
6,2055
5,27040
5,3028
1,297
1,394
1,447
1,418
1,336
10,2206
5,1543
10,4267
1,2612
3,1528
10,7350
1,455
5,1814
1,380
2,3765
1,446
2,913
1,369
9,2033
3,1168
9,2634
1,368
10,3446
3,5822
9,3295
10,17211
1,514
1,423
2,699
6,3971
1,394
6,2275
1,373
9,2950
3,1096
10,2614
1,522
1,599
1,597
7,2220
8,2936
1,447
1,492
6,1862
1,2636
1,334
6,2311
1,392
10,3393
5,2022
1,364
1,407
10,6996
8,3133
2,925
5,2076
1,424
1,474
1,401
8,2671
1,495
3,993
1,443
9,2497
8,2512
1,257
2,744
10,8629
1,523
8,2878
5,2057
1,394
1,378
1,611
7,6830
1,281
3,2290
1,520
10,2969
7,2336
1,250
4,1313
1,525
2,961
5,1863
7,2684
3,1157
7,2249
5,15112
2,970
1,414
10,5819
5,1522
1,298
2,948
1,242
4,1603
1,592
1,403
7,2161
2,924
5,3190
7,3037
3,929
2,726
1,278
10,9173
1,529
10,3227
9,3152
1,232
7,5929
3,1122
7,12852
1,524
2,790
3,1216
1,372
1,330
3,1572
1,490
8,2673
1,452
10,2255
7,2089
1,242
1,394
9,2922
1,522
1,396
5,1650
2,802
1,487
10,3099
4,1486
1,447
4,1498
1,389
1,414
7,3072
1,229
8,2613
10,3208
1,506
1,438
3,1389
10,4714
2,818
10,6849
7,2581
2,845
7,2231
2,783
10,2703
1,483
1,229
6,2237
8,3010
1,488
1,613
6,2089
2,987
6,1967
3,1026
6,2120
5,1501
2,888
9,2577
10,3301
5,1923
1,261
6,18875
1,528
1,382
1,461
1,363
10,17022
1,520
8,2654
9,3493
9,3206
2,782
7,2310
5,1403
1,463
1,250
7,3860
1,401
1,512
1,399
6,2218
6,2164
3,1207
1,414
8,2767
9,3157
3,1156
10,2974
10,2148
1,507
4,1340
4,1361
8,2701
5,1960
1,545
8,9344
6,2317
4,1332
7,2419
8,2805
10,2449
7,2840
8,1743
3,708
2,649
10,2485
9,2851
1,395
1,491
1,741
6,2047
7,2641
1,571
2,806
6,1837
8,2754
6,2223
3,859
5,2113
5,2081
10,7262
2,654
1,361
8,1745
1,524
8,2511
7,5009
2,1141
2,768
6,1952
6,1383
1,529
6,1624
10,4790
9,2805
6,2775
3,1078
10,3808
5,1972
5,1405
7,2348
8,3776
8,6114
3,1224
4,1473
9,2072
8,2896
9,1959
7,2897
9,2912
9,9993
1,494
1,386
9,3066
1,386
1,4721
2,825
7,2578
7,3499
6,39746
10,3159
1,683
10,3547
3,1176
7,2198
10,3814
7,2375
2,701
10,3226
1,575
1,438
3,2317
6,2087
6,2030
2,4058
10,3204
6,2186
10,3264
5,1619
8,2168
10,4024
5,2417
1,361
10,2396
1,491
1,476
4,1189
8,3112
6,1949
1,484
10,3451
7,2387
9,2523
1,408
10,2127
10,25605
7,2314
1,356
6,1814
1,517
1,443
6,2262
9,3022
6,3280
4,1304
9,3173
8,2304
4,1302
1,356
9,2105
10,9009
2,676
1,393
9,2267
2,690
4,1367
1,683
2,882
7,2605
2,667
4,1636
6,4473
1,341
1,384
3,995
1,459
3,982
1,395
9,3387
5,1702
1,339
8,2786
1,389
8,2624
1,511
1,407
1,442
10,3307
1,354
1,437
1,626
4,1560
1,366
10,3354
9,3168
9,2985
6,2403
3,1128
8,6898
1,650
10,2103
1,460
10,2423
1,383
1,412
1,3574
2,748
6,2024
4,1141
9,2987
1,416
6,2452
1,541
4,1851
1,461
10,2099
1,514
10,3009
1,345
1,752
8,2660
3,1230
2,658
1,381
8,2444
2,994
7,18944
7,2588
2,915
1,365
10,2650
9,3162
10,2828
1,260
1,767
9,2998
3,1308
1,499
10,2143
10,2566
1,540
2,931
2,969
4,1451
1,378
1,371
4,1443
1,468
1,297
1,479
3,16619
9,3068
2,841
10,2194
1,532
2,923
1,351
2,942
1,353
1,391
1,361
2,804
10,2402
1,407
1,275
2,655
3,1086
4,1793
10,2348
9,2088
1,5788
4,1322
5,14644
10,10128
1,550
1,256
1,343
1,349
8,1892
1,380
10,39452
8,12076
3,1141
10,3161
9,2668
3,6949
2,918
6,2291
1,348
1,476
1,234
1,446
1,305
1,294
1,312
8,18262
7,2530
10,3207
1,516
1,373
1,1766
3,994
4,1605
2,913
1,458
1,233
1,510
1,315
7,1628
1,467
10,24712
4,9134
10,3272
10,2964
1,336
1,461
1,591
2,660
3,1078
4,1523
1,234
2,1141
1,285
5,1735
1,324
1,477
6,1584
8,2609
1,354
9,3118
1,564
1,547
3,1174
1,394
1,489
1,263
3,1205
1,231
10,3402
1,357
1,383
1,239
3,1106
1,507
10,3308
1,489
9,17620
1,416
1,470
1,460
10,2125
1,497
1,265
10,3969
1,458
6,1960
1,480
5,1799
1,286
10,3121
2,703
1,372
1,513
1,473
7,7720
1,314
2,3907
1,302
10,3083
9,3365
1,363
7,2396
6,2002
1,242
1,306
7,2369
1,589
1,498
1,490
2,923
1,351
1,734
1,257
2,469
9,3183
2,660
8,2882
7,2717
1,242
10,3353
2,835
1,688
3,1549
1,761
3,1042
1,343
1,838
1,229
10,3735
10,3250
1,356
2,15934
7,4866
1,337
10,2905
4,1424
1,535
1,395
1,495
7,2421
1,242
1,2389
1,232
10,3390
10,3434
1,352
1,457
2,792
1,243
9,1790
2,821
1,552
8,9204
1,422
4,1912
10,2147
7,2268
10,2575
8,2476
10,3345
1,327
1,428
2,690
1,389
10,2924
8,2657
3,1051
4,9981
6,1825
3,1529
6,1502
2,903
3,731
10,3486
10,2521
1,352
1,451
3,1118
1,325
1,370
3,1008
1,617
8,2719
1,370
2,874
3,843
8,15116
10,2202
5,14548
1,586
1,341
1,367
4,1450
1,315
1,292
4,2605
1,567
1,8709
1,584
5,1977
10,2093
8,5953
10,2643
10,4109
10,2705
1,339
1,361
6,2165
10,2491
1,235
5,1423
1,565
9,13334
2,741
3,1308
4,1058
2,853
7,2359
7,1720
10,3510
1,351
1,365
6,3420
10,3777
1,523
3,1057
1,573
4,1461
7,13190
8,8100
7,1983
3,1210
10,3277
2,924
10,3197
1,359
1,470
8,6391
5,1427
1,335
7,2293
4,1622
1,521
7,2573
3,1037
10,2293
4,1391
8,2139
5,1480
6,1635
5,1621
1,447
6,1875
3,794
1,381
9,2988
3,1352
1,374
3,1116
7,5545
8,2843
3,1252
10,3546
3,1094
3,969
2,795
1,379
8,2705
5,1775
1,404
8,2564
2,690
1,414
1,416
8,3222
10,3597
9,2954
10,3269
10,7961
10,3548
5,2000
5,1695
6,1794
7,2468
1,249
7,5747
7,2474
1,306
3,1070
6,2054
10,3273
8,2723
10,3243
2,870
4,1536
4,1440
8,1927
4,1471
10,2202
1,237
6,8334
7,21587
6,2192
3,1429
7,3613
10,8426
2,992
2,814
5,1839
10,2968
10,3388
1,398
1,373
10,3219
1,211
1,486
2,953
8,6144
9,2819
5,1799
10,4253
8,10005
10,3346
1,542
7,1732
3,964
5,1884
1,471
8,2517
10,2882
1,498
7,2595
7,2206
8,2449
1,468
2,1835
7,3502
10,3811
1,361
8,2926
3,1358
7,2459
1,455
10,3205
10,2443
5,1668
5,1938
1,488
3,1514
1,407
10,3758
6,2111
10,3092
1,706
1,464
8,2403
9,5894
1,494
10,3323
6,1373
1,646
9,2984
1,464
9,3043
7,2400
10,3333
1,645
1,446
1,593
1,271
6,1977
10,2357
1,367
2,578
10,2401
1,526
3,1482
1,411
7,11280
2,617
1,376
5,1597
1,369
6,1844
1,642
7,2218
3,1099
10,3202
10,2517
4,1467
2,908
7,2253
1,425
7,2342
5,1994
1,395
1,502
10,3291
1,507
1,273
5,4806
6,1783
1,370
10,2799
10,2186
5,1759
8,3038
9,2498
1,1777
9,2113
1,361
1,459
1,348
1,507
1,257
2,825
9,2247
2,687
10,3423
5,1471
9,2270
3,1050
2,855
5,1681
3,936
1,310
2,597
1,305
1,463
5,1376
2,799
10,3139
1,367
10,2989
10,2262
9,3219
8,6698
9,2451
1,706
9,2526
1,315
5,1347
1,507
8,3017
1,324
3,1113
9,2706
1,376
1,601
8,2384
8,3216
1,513
7,2246
1,630
10,2840
1,384
9,2153
1,368
1,1165
1,302
6,1954
1,399
4,1474
1,326
3,963
7,1853
5,1521
8,2857
2,837
8,2855
1,343
9,2784
1,424
1,671
1,556
4,1614
10,3299
2,675
10,3783
5,1761
10,3426
1,508
10,2319
5,1748
1,492
10,2549
7,1693
1,407
1,549
1,456
7,2919
4,845
1,405
1,350
10,3332
1,292
1,474
3,1030
9,2599
1,353
1,369
1,470
1,359
5,1962
2,559
6,2381
10,2352
1,461
1,392
10,3108
1,233
2,511
6,1957
7,2097
1,281
1,405
1,391
1,373
10,10585
1,556
1,399
10,2948
1,479
1,313
2,753
1,275
5,1314
9,2585
9,3608
1,342
8,2983
10,2539
10,2621
6,2155
5,1686
8,3390
10,2248
1,379
1,325
10,3280
1,236
9,2826
10,3494
8,2927
1,440
1,506
1,336
7,2600
10,3369
10,3542
8,3279
10,3002
5,8439
1,426
10,3114
1,232
7,2796
10,3572
10,3421
1,312
6,2027
8,1924
10,7644
4,1402
10,3503
4,1774
1,279
2,880
1,621
7,2186
1,227
9,5450
4,1322
1,381
1,338
10,3452
1,398
10,3218
6,2221
10,3358
6,3403
1,488
2,5947
1,502
10,3262
1,240
8,2988
9,2961
1,247
1,293
10,3305
1,262
3,1691
7,1982
10,3174
6,2293
1,365
3,1415
1,591
1,376
1,231
10,3446
1,427
1,297
9,2241
8,2619
1,265
9,4638
4,1136
10,3193
4,1453
1,260
7,2470
10,3427
1,374
1,239
1,555
10,3453
1,394
1,363
2,988
1,281
1,687
4,1170
10,3726
9,3151
1,237
2,1149
10,3397
1,344
1,393
1,361
10,3587
1,393
1,249
4,1116
1,300
10,5115
3,929
9,2351
1,381
1,456
3,819
5,1451
1,402
3,809
1,332
10,3346
1,252
1,289
2,829
1,256
5,3029
10,2690
10,3470
2,678
10,2587
9,3167
8,2911
1,386
1,331
3,861
1,329
3,973
1,366
10,3253
1,247
6,2202
10,2601
6,2283
2,729
1,322
8,2760
2,1064
1,349
10,2707
1,264
1,250
1,496
9,2069
6,2155
3,1321
10,2531
10,4603
10,3622
1,535
1,390
4,1836
5,2065
1,521
9,2810
1,310
1,226
1,396
10,2522
10,5857
10,2502
10,14389
10,3412
8,2834
1,768
1,280
8,5095
2,861
1,412
10,3286
1,269
1,236
1,296
9,2320
10,3215
9,2498
5,1416
6,1898
1,715
1,568
1,263
3,1177
8,2570
1,285
10,3549
1,323
1,236
10,3224
10,2456
6,2173
10,3002
8,2349
10,3377
4,1481
1,390
1,245
7,2253
10,7441
1,282
9,2949
1,374
1,240
1,515
1,457
8,22289
9,2774
5,1699
4,1534
9,2560
1,624
10,3214
8,2503
5,2034
10,6231
10,2139
1,548
1,410
9,2246
10,3190
8,2792
1,467
8,2793
1,542
2,1050
1,508
6,1346
7,2411
6,2446
8,3505
10,2857
1,278
1,626
10,2757
10,2293
4,1780
10,3265
8,3209
5,1925
6,2413
1,412
3,737
1,411
10,3671
6,3403
10,2348
1,645
10,3475
9,2933
9,3063
6,2192
10,2154
4,1403
1,489
1,411
1,376
4,1412
5,1396
10,23396
10,3386
1,268
9,2652
1,316
1,355
1,377
2,813
10,2049
1,366
1,409
1,291
1,376
10,3181
1,458
6,1995
2,904
10,2885
10,2294
1,272
10,2476
10,2776
8,2297
10,3301
1,312
1,468
1,380
1,402
7,1615
1,455
5,2514
2,640
10,2762
9,2452
1,258
10,2271
10,2229
4,1441
1,406
1,278
1,473
5,1484
1,373
10,3448
2,551
8,2703
4,1279
6,1946
10,4050
5,1984
10,3304
6,1679
2,737
10,2331
1,299
1,509
1,626
7,2696
8,2450
5,1199
8,3984
8,2478
3,757
10,3521
5,1177
10,2926
10,2408
4,1133
10,2428
1,274
1,574
1,535
2,1289
10,3552
9,3086
4,1085
5,5664
10,2148
9,2901
10,2108
1,357
3,710
2,610
6,1271
1,247
1,495
4,1436
5,2226
10,3502
7,2370
8,2456
6,2524
4,1544
1,447
3,907
10,3408
10,3287
1,438
3,760
1,250
3,1039
1,706
8,2908
2,743
9,2932
1,549
6,2741
10,2506
10,3274
10,2128
5,1143
4,1260
1,259
10,3054
1,370
1,637
1,682
3,1112
10,2937
10,2715
1,564
2,1174
1,350
10,2913
10,4028
10,2335
7,1974
1,222
4,928
1,341
1,475
1,687
3,1107
10,3425
8,2128
1,315
5,2096
7,1982
1,450
7,1877
10,2242
5,1348
1,226
1,297
1,375
7,3819
1,631
3,1152
10,5784
1,377
1,339
4,1177
1,273
10,2617
10,3333
3,670
1,336
1,252
1,407
5,1579
1,470
1,686
5,1685
10,2622
1,264
1,402
4,1670
1,311
10,2349
8,2738
5,1266
1,263
1,240
10,2630
2,555
5,1674
1,453
9,2981
1,467
1,244
1,410
6,2356
1,301
6,1439
10,3390
10,2212
1,251
1,287
1,388
10,2566
6,2021
5,2131
8,2872
1,361
1,243
1,253
10,3020
1,261
3,736
10,3000
2,804
1,262
1,246
1,285
2,490
8,2510
6,3211
4,1687
1,473
1,235
1,581
10,3706
1,294
10,2525
10,6998
7,2359
1,670
1,237
1,412
2,767
4,3990
10,4447
2,852
1,506
1,233
1,360
8,2847
1,278
4,1495
2,755
1,448
1,583
1,242
1,289
6,2067
6,6939
10,3296
7,2340
1,347
1,223
1,248
8,2186
1,359
10,2782
10,3331
1,356
1,608
10,2132
1,287
10,2874
5,3503
8,3102
7,2306
1,402
1,234
4,1114
8,2853
1,456
7,2432
10,3204
1,355
8,2746
10,2569
1,309
10,3089
2,879
8,2952
1,463
10,3291
1,381
2,538
4,1196
1,277
1,531
10,3319
1,318
1,257
10,3459
7,1696
10,3627
4,1594
4,1286
5,1446
1,352
1,234
2,619
1,298
5,1779
1,268
1,267
1,232
1,293
6,2023
1,266
4,1772
5,9066
7,2425
5,1398
1,302
3,1130
10,2723
1,586
10,2590
1,266
1,266
1,267
1,242
10,10532
1,274
8,2935
5,1722
2,641
1,558
1,407
6,1436
2,471
1,288
5,1821
1,383
1,248
1,239
3,710
4,2052
10,2264
3,1060
2,1027
2,633
1,623
1,379
9,2154
10,2445
1,378
10,3377
1,332
1,256
1,233
5,1896
3,1100
8,2373
1,519
1,411
3,849
10,2316
10,3626
4,1027
10,3191
1,338
10,2656
1,531
1,283
1,361
10,3237
1,348
10,3491
6,2107
2,836
10,2346
2,448
6,2076
10,2085
6,1944
1,487
10,2905
1,277
1,262
1,239
10,3683
8,10104
10,3232
8,2921
3,1161
10,2422
5,1197
10,3300
9,2002
4,1043
2,467
10,3371
1,263
1,315
8,2016
10,5863
5,1655
2,657
4,1479
1,688
10,2216
9,3219
7,2245
1,279
4,1710
1,547
10,3278
1,247
10,2900
8,2591
2,1012
6,2002
10,3373
2,931
3,1173
10,3417
7,2269
4,1146
10,2375
6,2368
1,454
8,2747
1,278
1,260
10,4266
10,3630
5,13584
10,3246
6,2345
4,1529
6,1940
9,3033
9,2013
10,2355
3,1230
2,824
10,3294
5,1320
1,327
10,3059
7,1774
4,1196
10,2425
5,1986
7,2732
10,3727
8,2113
3,1046
10,2591
8,5471
1,364
6,2285
8,2134
1,343
2,786
10,3357
2,1040
10,3318
7,2630
1,516
4,1772
3,1169
1,593
10,1995
1,616
1,342
7,2301
10,2271
5,1485
10,3293
8,2645
7,2336
8,2720
9,3397
2,668
3,1220
1,416
10,3320
1,390
4,1644
10,2418
10,12617
5,1946
5,1856
10,3162
10,3334
4,5160
6,1914
4,1542
2,816
1,584
1,413
6,2020
10,3031
2,726
10,3418
2,598
10,3282
8,4085
10,3381
6,1932
6,5496
10,3392
5,2127
3,1422
1,480
1,294
10,4002
10,2982
6,2081
10,3421
4,1498
10,3247
10,3268
10,3341
9,4189
9,3290
7,6166
5,2229
3,1361
5,5425
1,295
6,1964
6,1769
9,13758
10,3241
9,2957
10,3057
7,2285
5,2164
7,2617
4,1590
2,889
1,541
8,2616
1,420
1,277
10,3479
3,778
7,2248
4,980
1,485
2,885
2,1057
10,2909
10,3667
3,1128
4,1374
2,973
5,2092
1,657
1,406
4,1017
10,2345
5,1702
6,2231
1,453
10,3603
9,3030
10,3028
2,934
4,1752
1,472
1,565
7,21333
6,2304
1,268
8,2644
4,1364
9,3072
4,1566
3,1034
10,3338
3,1094
10,2315
4,1210
5,1911
1,447
1,436
6,24040
1,350
1,539
6,2076
10,2792
1,569
5,1883
1,341
10,6711
1,644
7,1937
1,381
1,439
1,442
2,582
7,2512
1,31185
1,262
8,2626
7,2777
6,2323
3,1211
1,359
10,2650
10,3493
5,2124
3,1240
2,965
1,352
1,364
1,519
1,33699
1,361
8,2189
1,499
5,2545
1,600
1,293
6,1748
6,2365
2,849
5,1904
1,445
1,307
2,582
1,420
4,1362
4,930
4,1427
1,292
4,1350
4,1825
1,498
10,13673
10,3523
9,2644
1,488
1,1275
1,361
1,35975
8,2933
5,1543
9,2722
1,358
1,648
5,6006
5,5254
1,429
7,1847
10,4488
3,1254
1,710
3,10767
1,310
3,1053
3,950
9,2852
10,2977
1,253
1,320
1,589
9,2954
1,378
4,1473
1,401
1,654
1,582
2,934
9,3145
8,4155
1,328
1,345
10,3244
1,441
1,263
1,397
6,2077
1,528
9,3664
4,1375
1,345
1,688
1,460
1,352
1,413
1,9409
1,317
6,1555
1,322
1,256
1,352
7,2306
1,419
3,1120
6,2055
1,299
1,651
2,975
1,394
1,364
1,358
6,9463
1,425
1,388
1,404
1,498
7,2333
1,744
1,777
6,1844
1,381
6,3570
1,540
3,1101
1,467
1,491
1,458
10,2166
1,254
1,253
1,373
5,45725
5,2138
1,425
8,2727
1,871
1,651
3,1164
1,369
1,373
1,393
1,544
10,2933
1,273
1,239
1,438
4,1563
6,1943
1,458
1,404
1,476
2,831
1,705
1,510
1,463
4,1403
1,442
10,3059
1,273
1,357
2,1814
5,22928
5,2088
1,592
8,3194
1,419
1,831
1,542
10,3704
1,494
1,431
9,3046
10,2807
1,261
10,2576
2,5936
1,503
10,4129
1,797
1,389
1,595
1,782
1,383
5,1613
1,494
1,538
7,8420
3,748
1,590
8,2888
1,610
2,712
10,3529
1,2018
8,2302
1,496
5,4009
1,421
10,3571
3,1081
5,1978
4,1534
10,3151
4,1149
10,3547
1,508
2,741
6,2012
1,2373
1,358
1,412
1,841
1,571
6,2403
1,353
5,1867
5,1679
10,2217
2,728
10,4107
1,2135
1,434
8,3169
5,2063
1,529
8,2753
1,543
1,690
5,1500
2,1748
1,440
1,493
6,1331
10,2858
10,2851
1,649
1,416
4,1588
1,523
4,809
1,405
10,3285
4,5951
10,3608
4,1416
1,466
4,1999
7,1527
2,669
2,907
1,335
2,4962
8,1972
1,550
1,519
6,3165
6,2680
2,718
6,2229
2,690
7,6620
2,809
10,2279
2,635
10,3288
1,622
3,1067
4,1369
5,3554
1,487
10,3515
10,5573
1,323
8,4071
1,433
2,825
1,641
10,3271
10,2311
10,2470
1,421
9,44273
2,594
1,7566
1,282
6,5731
4,1567
3,1133
8,2956
3,1101
1,404
2,795
4,1291
1,598
10,3072
3,1035
1,6089
2,880
1,559
1,270
4,1297
5,1742
1,319
7,2655
7,16896
5,2054
3,2695
1,476
10,2946
8,2930
1,548
1,409
2,869
8,3268
1,331
8,2433
8,3012
8,4463
4,1561
6,1982
5,1712
6,3763
1,381
10,2356
7,2543
3,1289
1,537
8,2044
5,29141
10,2927
5,1815
8,2958
2,902
4,1594
5,2460
7,2302
4,1630
1,273
9,2806
7,2792
7,2728
3,1145
10,2575
10,25087
4,1037
8,2014
4,1478
6,2143
2,589
7,6566
5,1650
2,1048
1,272
3,27602
10,3509
2,900
1,574
10,2332
6,20801
2,783
8,1887
5,1187
5,2107
2,456
3,2690
8,2771
1,435
1,233
8,23751
2,635
3,1277
1,506
10,2647
10,22519
2,726
4,1100
2,578
7,2376
3,902
4,1345
2,742
2,881
1,237
1,457
3,1188
5,1623
1,388
10,3603
5,14796
2,620
5,1880
10,2439
8,35686
10,3114
5,5315
6,2303
3,1318
1,341
6,2034
9,3177
2,9973
1,401
10,3435
6,2196
10,2556
2,713
10,2290
4,3910
1,359
5,1840
5,1735
4,1591
1,340
8,2449
3,1194
8,2645
4,1405
6,1903
2,602
10,2360
2,609
10,3905
5,1966
10,2884
1,337
3,1135
6,2390
1,392
4,1693
1,661
3,2162
1,338
10,3393
7,2194
6,1547
2,520
6,3187
5,1754
10,2445
10,16572
4,1671
7,7559
1,410
6,2522
1,527
8,2578
1,384
1,613
4,1269
10,3372
9,2070
10,4152
10,9603
10,2330
1,566
1,615
5,1898
9,2436
2,819
1,544
4,3807
2,615
1,451
4,1101
4,1627
10,4494
10,9709
1,635
1,349
5,1961
1,664
8,2694
8,2737
5,1815
1,738
7,4948
2,693
4,1347
3,899
3,1221
10,3149
4,4493
1,493
1,255
5,1664
2,2282
5,1905
10,3775
7,2366
1,594
2,973
1,592
1,534
1,553
8,15190
10,5957
5,1949
5,1727
1,320
5,1734
5,2183
1,415
2,642
9,26668
1,649
10,3821
8,4960
1,533
10,3104
1,558
6,1563
1,527
5,2063
1,412
8,2649
1,592
1,359
1,401
1,343
1,449
1,1374
2,734
1,456
10,3727
4,1514
1,359
1,709
5,2026
10,3255
7,2384
10,3284
7,2713
10,3301
1,2086
1,488
1,370
8,2575
1,487
10,3244
6,2007
10,3394
1,562
5,1757
1,607
7,2579
9,3362
1,578
2,790
2,2336
1,401
5,9063
6,2031
5,1699
10,2757
8,10954
4,1296
3,1349
8,2767
9,3068
1,1723
10,3500
1,474
10,3206
4,1365
1,692
5,9043
5,1886
1,474
9,3184
2,1093
4,6542
1,508
7,23836
1,360
5,2019
4,1516
1,506
10,4669
5,5923
1,409
5,1948
8,25922
1,466
10,3346
7,3754
1,459
1,343
5,1884
1,557
8,4826
5,1939
3,1314
8,2840
4,2600
10,3708
1,624
2,887
1,467
1,502
7,4117
1,472
1,648
8,7127
1,589
5,1940
9,3188
8,7168
7,2113
2,694
4,2139
6,21092
8,7662
1,538
1,431
1,643
1,647
1,442
7,2778
1,427
1,403
2,838
1,475
10,3478
1,312
10,3250
5,16879
4,1444
5,1679
1,483
5,2124
1,554
5,1616
5,5452
1,438
1,3926
4,1547
1,593
8,2537
3,13101
6,1475
5,12826
5,1815
1,499
5,1787
2,709
6,2058
1,471
2,1040
8,3466
3,1259
1,538
4,1554
6,2112
1,410
8,3033
7,10454
5,6900
5,1734
1,515
1,355
1,502
6,1917
3,1087
3,1113
1,528
1,588
1,546
10,2360
3,967
6,4789
1,8475
1,1029
5,2082
1,488
9,16161
1,504
6,1958
1,506
1,475
1,644
1,443
1,625
10,3407
2,15627
6,1497
8,18092
5,4252
6,2114
1,841
4,5039
1,423
1,357
2,894
4,1391
1,404
4,1417
5,6992
3,4837
2,1321
10,2932
7,14958
1,607
4,1314
1,433
1,485
1,421
4,1217
1,386
6,1928
1,637
1,430
5,1871
2,937
1,1078
8,2384
5,9352
2,749
2,828
1,409
1,544
1,467
9,12759
1,1417
2,794
2,889
1,537
1,352
4,1421
1,902
8,2362
8,12777
5,1993
7,2636
3,1002
4,16728
1,873
1,6934
1,672
6,1974
2,709
1,568
1,666
9,3039
4,2812
4,1086
1,555
5,1684
9,3175
1,498
5,45966
3,1251
5,26931
1,465
5,1701
5,2280
1,668
1,509
1,479
1,959
4,1126
3,4742
5,30116
5,1729
1,316
1,532
1,495
4,1383
1,469
9,3312
1,1115
1,561
2,768
1,406
1,416
2,762
2,880
8,2722
4,1258
9,2846
2,1424
4,1578
2,812
1,525
4,1393
1,420
1,469
5,1996
1,404
1,457
2,587
1,481
5,5604
5,7382
5,1715
1,374
6,5201
4,12645
1,641
5,2910
1,325
1,490
5,1864
1,359
6,2007
2,514
2,1304
7,5319
5,1913
4,1456
1,478
4,1240
1,347
1,524
5,2054
1,519
2,929
8,2717
1,391
2,662
10,2319
1,343
7,10347
3,1249
6,2211
1,452
6,2026
1,341
1,687
1,450
9,3811
1,728
7,7050
1,364
8,2517
10,3074
4,1244
8,14567
1,441
8,19935
2,1246
7,2305
2,777
2,828
2,708
1,314
1,614
8,2831
1,409
2,662
10,3295
1,484
1,517
2,619
6,2264
1,453
9,2902
1,598
1,672
7,38775
2,931
4,1642
6,2090
1,407
1,360
6,1853
9,3145
1,381
3,1543
5,2631
1,517
4,1437
2,2911
1,391
1,429
1,575
6,1677
5,1905
8,7101
1,404
10,2835
1,376
1,679
1,468
1,380
1,616
5,1668
8,78812
1,484
2,3855
5,1697
2,527
2,832
1,454
3,1057
10,3486
1,546
1,497
4,5631
5,1667
2,989
5,1556
7,74009
5,1890
3,1255
4,1612
5,1916
1,631
1,5354
1,417
1,530
1,410
1,343
1,566
5,4564
3,1169
3,1021
2,1117
10,3726
1,444
9,16224
7,2796
2,1129
6,2520
8,4119
4,1957
2,877
3,1017
2,650
2,2618
2,885
1,1619
3,1486
9,20036
3,1103
5,1908
10,3777
1,3794
1,507
2,662
1,609
1,510
2,684
2,1934
1,419
3,1480
2,787
7,12562
4,1390
4,2084
1,784
6,2449
4,1691
10,3007
8,1656
1,595
1,459
5,1781
8,3066
4,1213
4,7118
1,522
4,1439
9,7251
2,2253
9,3435
7,2416
1,622
2,817
7,2426
1,451
1,396
2,778
3,1359
2,801
2,1250
3,1060
2,727
5,1848
2,809
4,1634
10,13436
2,775
10,3521
2,828
1,458
1,394
1,404
1,509
3,1139
8,2794
1,448
1,324
4,1387
8,3821
2,958
8,8800
8,2857
2,762
5,1955
1,545
1,500
1,404
1,419
1,474
1,737
3,1506
8,2482
2,830
1,482
2,799
3,1237
9,3331
8,3072
10,3579
1,581
1,352
1,708
1,465
3,1954
3,1310
2,754
3,1081
2,845
1,473
1,366
2,967
1,578
4,2616
5,7881
1,602
9,3518
1,2240
6,2230
6,2403
8,3116
8,2561
3,1346
1,488
3,4040
4,1525
1,418
5,6545
8,2913
1,528
8,2869
4,1624
1,631
1,975
2,792
6,1900
1,379
8,5450
2,1159
1,700
2,923
1,562
4,1482
7,2618
1,357
1,375
9,3319
1,526
1,2949
1,430
5,9090
4,3404
2,1326
10,3770
1,541
3,793
8,3019
1,452
8,2334
5,1793
1,579
4,1496
1,515
2,2914
2,799
7,2442
2,944
6,25895
4,1545
1,501
4,1420
1,385
9,2903
2,891
5,1700
3,1081
9,4347
1,341
8,12542
4,1924
2,923
1,460
5,5516
4,1490
1,412
5,1336
2,855
5,1864
2,679
5,1661
1,648
2,827
5,1768
8,14278
3,21133
4,1844
3,3095
8,2757
3,964
1,385
7,2046
9,4511
1,645
3,942
7,2354
8,3085
1,578
1,393
5,15753
4,1691
5,1951
7,2610
7,12500
5,1811
1,372
10,9564
2,1011
9,3214
6,1947
7,2150
4,1555
2,862
10,3160
7,2568
7,5054
1,395
2,4838
1,2552
6,1993
1,362
6,11530
9,3247
1,652
10,2215
8,4271
2,948
4,2091
9,3123
1,13979
7,1869
5,2062
8,2818
1,578
8,2634
1,437
8,4111
9,3661
1,515
10,3129
8,10644
5,1893
2,941
9,2944
1,485
1,407
10,7826
1,382
1,286
6,1982
1,1695
5,1724
9,3088
4,1532
10,2611
6,2312
7,9356
4,1360
5,1840
1,441
6,1809
1,625
5,2373
1,342
10,18285
2,730
1,775
8,3085
4,1353
10,2938
1,462
6,11049
3,939
9,2884
1,539
5,1655
5,1889
6,2011
4,1297
5,1990
8,3795
6,2389
1,492
1,612
4,1257
1,415
9,3077
7,1965
1,522
8,3069
8,12134
5,1641
1,420
1,385
10,26146
6,2279
10,9178
1,532
1,526
10,3798
1,407
5,1804
10,3631
3,1080
1,664
1,446
7,2408
1,555
5,1575
7,34911
8,4678
10,10766
1,268
1,411
1,586
1,459
5,1947
6,1980
7,2362
2,903
1,511
1,390
1,481
1,580
3,1059
5,6040
8,3179
1,246
1,452
1,538
1,452
2,1027
5,3946
4,1432
4,1551
1,415
8,3584
7,2110
1,307
2,810
7,2349
1,397
1,398
1,424
1,467
1,747
1,575
1,453
2,810
7,40023
1,491
7,1948
9,8357
5,1443
1,440
2,768
1,599
1,250
3,2076
1,548
5,1733
2,920
6,2478
2,675
5,47582
3,1240
5,19410
1,287
1,339
1,385
4,1781
1,997
1,437
1,3009
1,575
3,1116
2,876
10,6388
4,1181
1,38131
8,2530
8,2689
3,1205
2,627
1,397
5,1786
1,577
1,262
1,418
1,429
2,1008
1,354
8,2766
3,957
2,24247
1,1326
5,1753
1,258
1,445
1,357
5,2487
1,444
1,375
1,417
7,2894
1,561
3,1148
10,16735
2,655
1,31771
4,1079
1,5231
1,435
1,429
1,268
9,3165
3,1299
1,270
6,2875
3,8138
1,417
1,491
5,1773
6,2384
5,1895
1,498
1,487
4,1391
1,327
1,252
1,523
2,754
1,337
1,632
1,5233
2,4024
3,1303
1,350
10,3806
5,2000
1,437
1,417
1,542
1,253
1,270
5,1649
1,712
10,2365
2,1137
1,27706
1,572
4,9190
2,911
5,1657
3,1203
5,1504
1,483
1,580
5,9496
1,340
5,19499
1,413
1,267
2,923
5,2116
4,1308
8,4291
1,373
8,2663
8,2777
1,239
1,430
5,2038
5,7357
1,554
6,2043
1,419
10,2074
4,1230
1,483
1,427
2,5661
1,422
10,2983
5,1692
8,2680
1,374
1,540
5,13997
1,541
5,1618
1,387
10,3444
3,1022
1,418
1,541
2,804
1,525
6,2182
8,2606
1,233
1,428
5,1886
8,2867
8,2342
1,458
2,744
3,752
7,2531
5,2385
5,5191
1,512
1,503
10,7989
7,2297
5,1200
1,398
1,531
7,2255
1,421
8,6321
1,486
1,562
8,2686
1,462
1,459
3,1137
1,478
4,1456
5,1815
1,334
5,1651
5,1838
8,8258
1,484
7,6809
2,1002
9,2962
5,1794
2,689
2,874
1,532
3,1092
1,472
5,1681
2,824
1,498
7,2167
7,22450
2,628
7,12931
10,3400
10,2429
10,3153
3,1018
1,448
1,427
1,279
1,2417
2,663
5,2014
3,937
5,6676
5,1837
2,566
5,1879
9,2819
7,2218
6,2097
5,1617
1,502
1,471
1,330
1,658
2,636
7,2338
1,372
7,2235
3,1366
10,7165
3,1078
9,2313
9,3022
4,2780
7,2395
5,1660
6,1964
1,370
3,824
1,312
5,1802
1,435
5,15396
2,817
9,2668
2,600
8,1657
10,3485
10,3186
9,28802
9,3012
1,367
10,3800
1,229
1,322
8,2788
2,541
6,1832
1,464
9,3192
2,721
1,533
9,2475
2,831
5,20174
4,1384
2,641
8,2755
1,368
2,916
2,878
5,1667
8,2414
2,770
8,1895
4,2843
2,829
9,2446
3,1044
1,436
9,3390
7,16044
2,711
1,298
1,495
6,2061
2,626
5,1723
1,497
10,3287
1,567
10,2470
7,1560
6,1434
4,1115
9,2972
5,1673
2,945
1,299
5,1819
5,11589
2,1070
3,1147
1,395
10,3342
2,797
10,3792
5,1157
1,395
5,1772
4,4239
8,7041
10,3509
1,243
1,471
3,1169
9,5916
2,890
2,800
1,456
1,456
3,787
10,2890
2,583
6,40949
2,718
1,374
9,4426
1,309
9,3534
5,1588
1,525
2,1993
1,515
10,3583
1,393
1,497
1,627
4,905
1,509
2,760
7,2480
8,1964
1,303
10,16977
1,550
9,5448
4,1391
9,3184
6,2059
5,1741
8,2676
1,560
10,3519
2,643
1,409
1,505
1,498
8,2063
1,580
1,644
5,1624
1,666
10,8924
10,2351
1,362
10,3089
3,1209
9,3030
3,1006
4,1045
1,382
2,625
1,455
4,1380
4,1772
4,1454
1,479
9,3453
10,3541
1,432
10,2580
10,3297
10,3194
4,23978
2,792
1,541
10,2259
10,2290
1,1264
2,953
5,1920
2,1028
5,5732
10,2949
10,4107
7,2004
5,1526
9,3377
3,1006
4,1262
1,690
3,899
2,816
1,502
1,533
1,473
1,598
4,1608
4,1438
9,24455
9,2508
1,576
8,2552
8,2551
3,760
3,2679
1,412
10,6202
9,5694
10,3458
9,3239
9,3580
9,3185
9,3320
9,3788
10,2682
1,491
1,588
4,1319
6,1940
1,515
10,3319
9,3285
1,564
8,2718
4,1481
9,3153
5,1784
10,2763
4,1569
10,2444
1,491
10,2441
2,661
5,1724
4,1396
8,2466
9,3088
5,2047
1,389
2,695
5,2444
4,1764
1,369
1,399
1,1081
2,617
1,627
1,333
10,4205
10,3658
10,3762
1,402
9,3303
5,1738
1,397
9,3005
1,593
1,375
5,1870
1,333
1,316
1,327
2,641
10,3494
5,1872
10,3522
3,770
4,1634
4,1510
2,754
4,13623
1,595
1,420
1,435
9,5738
1,459
1,427
7,2846
6,2347
1,433
7,1779
10,3294
1,470
9,3129
2,881
9,2932
1,649
1,296
9,17953
1,392
1,320
1,400
8,2588
7,16688
1,433
1,668
7,1533
1,584
1,446
4,1429
2,839
3,1220
1,246
2,778
1,283
1,363
1,392
2,648
10,5498
7,27751
9,3415
10,3233
1,505
9,2926
3,1229
1,373
1,505
1,301
4,7462
1,252
1,290
1,369
6,2008
8,7470
7,23558
1,399
1,526
3,1220
1,416
4,1131
1,350
1,453
1,256
1,1197
1,624
1,312
1,350
5,1403
1,605
5,21495
10,2628
10,2668
1,380
5,1626
5,1680
1,458
1,683
1,344
1,680
1,427
10,2095
1,360
8,4740
1,750
5,19576
1,494
10,3535
1,647
4,1982
1,392
5,16865
1,506
1,270
1,458
1,432
1,271
1,377
1,491
5,1816
8,19989
1,501
10,2313
1,517
1,572
1,507
4,2414
1,400
1,462
1,462
1,308
10,2236
1,357
1,470
1,412
6,2052
10,2855
9,2771
1,528
1,635
7,2973
1,4719
1,323
9,2354
1,449
1,337
10,4431
10,3365
1,467
1,409
8,7088
1,247
10,3224
2,686
1,453
5,1784
1,372
1,394
9,2195
1,376
1,466
2,896
3,1084
2,734
1,447
3,1355
1,431
10,3258
10,4206
1,496
1,385
1,464
2,654
7,1426
1,346
1,483
2,785
10,2517
1,397
1,446
5,1621
1,447
1,515
2,1037
1,408
1,847
1,400
1,463
10,3033
4,1093
9,1896
8,3842
10,3361
10,3219
1,416
2,794
1,390
1,372
4,1707
1,469
1,450
1,406
2,800
1,572
2,638
9,2184
10,3652
10,2201
1,350
1,451
2,818
1,338
1,366
3,942
1,417
8,2563
3,1904
4,1384
10,3427
8,2589
1,477
1,577
7,1607
4,1330
3,1260
4,1389
1,292
1,261
5,1849
1,446
1,382
1,508
4,1531
1,390
4,1458
9,7872
8,3033
10,3360
1,356
2,740
1,364
1,343
1,235
7,1983
1,371
10,3064
1,477
3,892
3,775
7,2050
10,2990
8,2760
10,2917
1,855
1,454
1,317
9,2485
1,238
10,3912
3,1095
1,464
1,409
5,2045
10,2493
6,2363
1,533
9,6542
8,3191
1,461
1,342
2,861
9,2286
1,258
6,4053
1,444
10,10473
1,511
7,2461
10,2758
5,6880
3,805
9,3044
1,481
5,1667
1,324
1,440
9,3019
1,214
4,2949
2,744
1,409
2,779
10,3341
2,847
10,8496
10,2570
5,1425
9,2267
1,371
9,3519
9,2968
1,644
1,242
10,16616
10,2858
5,1820
4,1530
8,3218
4,1396
10,3001
10,4115
6,1335
9,2078
1,387
8,2132
9,2908
10,3315
1,307
8,6560
2,945
1,432
4,1443
6,5677
10,4620
6,2325
2,1023
6,1441
2,470
1,424
2,636
5,1631
10,3892
1,400
2,770
4,2538
10,7881
5,1908
4,1566
10,3235
10,10844
2,910
1,600
1,736
6,2979
10,4323
1,452
1,428
9,2023
3,1043
3,922
1,457
7,2238
6,5709
10,7582
2,691
10,3411
5,1750
9,4162
6,2380
2,680
9,3334
3,788
9,3061
1,461
10,3534
6,6551
10,11821
10,14197
2,755
3,1049
7,3207
4,1358
10,3554
7,2225
9,2864
1,355
10,2880
9,2028
8,2084
5,1789
1,522
6,5435
2,718
10,4039
8,2220
2,1099
4,1759
10,2282
5,1748
8,2655
5,1608
2,686
1,720
2,3365
7,2633
2,529
10,6008
3,944
6,5316
1,511
10,2502
10,14779
1,519
8,2606
1,420
1,435
2,948
10,3541
10,3956
6,1902
3,1036
6,2045
1,390
8,3877
1,332
8,3002
8,2288
1,347
4,1357
10,2181
5,1603
1,503
1,422
10,3556
8,3092
10,2675
10,8829
9,2408
8,2996
2,2969
10,3310
2,970
10,3389
5,1703
10,2356
9,3952
10,3625
10,3186
2,816
10,3271
1,531
5,23684
1,231
1,494
2,667
8,1949
1,647
1,617
8,2561
10,2961
1,389
7,2260
2,641
9,4838
4,1121
2,658
2,775
8,2204
1,447
10,2237
8,5805
1,440
1,417
4,1844
3,965
1,345
10,2806
10,3495
9,3645
2,761
10,3831
3,1008
2,803
1,411
1,400
9,2987
1,352
1,310
3,1056
1,380
3,1168
10,3717
8,2852
1,694
3,812
9,3704
8,2544
10,3185
1,477
1,351
1,361
1,315
1,271
2,2610
10,3334
1,466
8,2227
10,3645
8,2486
6,2491
9,2983
1,433
2,765
1,429
9,3058
1,369
1,367
1,251
2,784
10,2224
1,535
1,573
2,814
1,364
1,535
8,2876
2,794
1,282
1,367
1,393
1,291
1,370
1,271
1,440
7,2396
1,531
8,2737
10,7518
1,292
2,850
1,428
2,598
9,3051
1,312
1,645
1,430
1,407
1,375
5,1596
9,3219
2,682
9,3246
10,2319
1,287
4,1325
10,2446
10,2901
9,3347
1,311
9,9060
1,303
10,2419
1,291
1,476
10,3381
1,409
10,2601
2,779
1,306
10,2974
3,1132
9,2967
8,2721
1,525
9,2592
1,373
2,813
1,358
4,1421
10,3193
1,370
1,423
10,2142
1,277
10,2865
10,2470
10,2941
1,429
9,4001
1,507
1,390
7,2063
10,2452
1,467
1,346
1,468
1,380
8,2443
1,264
9,3153
10,2378
9,2605
1,271
1,775
1,450
1,393
1,287
2,940
9,3071
1,446
1,503
1,373
10,3598
1,241
9,3055
1,379
8,2054
1,334
5,1614
8,2663
1,519
1,384
10,3378
1,371
1,405
1,365
1,330
8,3262
1,291
8,2537
10,2375
1,355
1,238
6,2217
1,371
1,351
1,308
2,1040
10,3022
9,2409
2,851
1,383
1,635
1,290
1,405
10,2247
1,275
1,247
1,478
1,386
1,610
10,2807
10,3557
5,1625
1,453
4,1369
1,415
1,640
1,498
1,299
1,504
1,402
1,248
10,4203
1,413
5,1709
1,577
10,3508
4,1436
1,286
4,1390
1,434
1,608
1,387
1,244
1,485
1,269
1,264
5,1769
1,260
6,2183
5,1704
1,454
9,3025
1,229
3,1108
1,375
1,673
10,3414
1,294
1,498
1,265
1,231
10,3156
1,406
5,6379
10,3386
8,2762
5,1723
1,234
10,3208
1,419
1,355
3,820
1,357
7,1778
10,2954
1,276
4,1745
10,2159
10,3854
3,1008
8,2338
9,2938
1,256
7,4747
9,3930
1,399
10,2928
1,256
1,444
1,335
1,266
1,428
3,732
4,1208
8,3520
9,2996
1,449
1,239
8,2839
10,3953
1,334
9,3274
1,263
1,718
1,351
10,2153
8,1841
1,398
8,12318
5,1751
9,2669
1,490
1,240
5,1643
6,2262
1,395
10,3394
1,444
1,457
1,307
1,303
10,3696
10,2984
2,833
10,3132
5,1917
1,466
1,444
6,2010
10,3791
1,445
10,2069
1,319
1,421
1,264
3,991
10,2978
10,2891
2,911
9,2824
6,2257
1,351
9,1919
10,3056
1,510
1,598
7,1784
1,388
9,3001
1,273
10,3407
1,546
10,3140
8,2626
1,474
1,578
1,385
9,1977
6,2258
8,2201
9,3157
10,3243
1,437
1,390
1,246
1,499
5,1735
7,1535
10,3346
10,3735
5,1875
1,376
1,494
10,3290
4,1581
5,1668
10,3899
10,2560
10,3061
3,1221
10,2407
9,2353
9,2837
5,1857
10,6451
10,3868
1,419
10,3615
2,679
2,945
1,512
1,549
3,1089
10,3371
1,635
9,2030
10,4330
10,2734
9,3191
7,1836
10,4149
3,1137
10,3164
8,2524
2,844
10,4233
9,2345
1,251
1,382
10,2963
10,2115
2,735
10,2907
1,366
8,2027
8,2863
1,449
1,338
1,301
8,2119
8,3740
9,2245
10,3006
1,439
10,3663
7,1693
9,8992
9,2409
1,261
10,4496
4,2018
2,766
10,2827
2,721
5,1697
5,17459
9,1985
10,2487
10,6093
10,3335
10,3192
2,629
9,2271
2,527
9,4455
10,11199
1,474
10,3298
2,777
1,493
2,731
1,516
10,3155
1,586
7,2592
9,2510
1,420
3,837
8,2576
3,1176
2,8388
1,434
10,2872
9,3303
10,6231
5,1667
1,651
10,2879
9,2914
9,3369
9,2304
5,1642
9,3019
10,2679
2,798
1,7267
1,313
2,756
10,5435
2,659
8,2301
9,6736
7,2511
10,2324
10,2414
10,2365
9,3648
1,479
2,503
1,657
1,494
4,1404
2,865
10,3299
1,489
10,3629
10,3499
9,3093
9,2882
10,2296
9,1877
8,2835
10,2529
5,1459
1,637
1,408
2,1754
1,478
9,3926
10,3369
5,1791
10,2681
10,3676
1,552
9,2532
7,1436
1,477
1,513
1,427
1,637
1,294
3,777
10,3379
8,2501
8,2832
10,3488
1,395
1,552
10,3896
1,317
9,3004
1,303
1,583
9,2914
1,629
1,284
3,649
10,4048
1,477
2,906
10,3550
1,350
8,2107
10,2670
9,1949
1,415
1,239
10,3201
9,2806
1,15694
1,378
9,2954
8,2842
1,347
10,4391
1,360
1,330
9,2965
10,3279
9,1951
10,3438
1,233
1,426
1,476
2,16053
1,415
10,3420
8,2974
1,329
1,403
9,3231
1,384
9,3203
2,770
1,371
1,545
1,219
1,529
10,2397
8,15099
1,391
10,3028
9,3420
1,283
1,271
10,3437
1,523
2,1098
2,817
10,2346
3,1109
1,262
7,2180
1,375
1,527
1,421
6,2483
10,12536
1,298
1,269
1,414
1,423
9,4088
10,3495
9,2898
1,404
1,238
1,336
8,2895
1,385
1,311
8,2900
1,677
1,249
5,1135
2,776
1,398
10,8593
10,2831
10,6667
1,368
1,250
1,282
1,266
9,2767
8,1910
10,11516
5,1266
1,243
1,315
2,755
1,524
1,5292
2,732
1,427
1,278
1,246
1,288
1,300
1,732
5,2024
4,1480
1,427
1,303
1,337
1,639
1,476
10,3523
10,2159
1,342
1,334
1,237
1,246
1,334
1,549
10,4683
5,1529
1,373
1,400
1,733
9,2881
1,322
1,502
1,514
1,413
2,518
10,2471
1,251
1,347
1,576
9,3001
2,635
1,614
1,372
9,3786
8,2708
1,384
1,538
1,416
1,365
1,377
1,397
1,304
1,246
1,589
1,366
8,2697
1,398
1,580
1,870
9,3417
2,973
1,398
1,254
1,340
1,256
10,3437
1,349
1,306
4,1076
2,613
1,345
1,363
1,369
1,323
1,409
10,2151
1,359
1,247
1,429
1,235
8,2586
1,291
1,250
7,1594
2,681
8,2739
1,442
10,2338
1,404
1,332
2,809
1,350
1,427
1,322
1,242
9,2905
2,750
1,311
8,1708
10,3415
2,882
1,405
1,598
1,403
1,266
10,3321
1,662
1,695
10,3227
1,423
10,11362
10,2315
1,528
3,1026
5,1215
10,3445
1,460
3,1046
8,2468
1,281
8,2688
1,481
8,2608
1,253
10,2234
2,761
2,668
10,3571
6,1555
1,555
9,3098
1,386
10,3395
9,2965
1,377
1,472
1,293
1,332
1,288
1,287
1,469
2,721
8,3555
10,2501
8,3054
10,3660
5,1451
9,2276
1,574
1,274
10,3191
1,472
1,528
1,555
1,259
7,2703
10,3149
9,3205
1,493
9,3172
9,3015
9,3606
10,2338
9,2741
1,295
10,2450
1,649
1,538
1,436
2,794
9,3780
2,819
10,3814
2,752
10,3750
1,549
6,1415
9,2744
10,3199
1,440
8,2496
1,362
8,2624
1,621
10,2991
6,1997
8,2550
2,897
3,1255
1,607
1,372
1,522
7,1985
8,2630
1,425
10,7436
1,498
10,2843
2,875
1,674
7,2855
1,1101
1,552
6,2120
10,3337
1,245
10,6861
10,2712
10,3620
1,507
9,9892
2,911
8,5994
10,3216
2,974
4,1556
10,2855
2,986
6,2069
8,1967
1,277
8,2771
10,2726
10,3959
1,517
9,2499
10,2370
1,510
2,936
10,6201
4,19192
8,2039
9,3297
4,1502
10,3222
1,456
4,1511
9,2133
2,869
10,3748
6,2184
2,883
10,6172
10,5340
8,1857
1,508
8,2718
7,2532
5,1919
10,3370
1,666
2,879
9,2591
1,619
10,3770
5,1607
2,665
5,1832
2,1046
10,2438
3,1118
8,10354
1,561
5,1939
2,677
1,584
8,1983
1,413
2,28290
10,3151
1,468
10,3721
6,1974
10,3460
8,2386
3,963
9,3157
8,2587
6,2157
9,10001
1,321
10,3652
10,2649
9,3021
10,3841
4,1493
9,3860
8,2703
1,363
8,2999
1,1382
9,2141
4,932
4,1384
1,483
1,312
10,3882
1,614
2,995
9,3289
10,3867
10,3123
5,17872
8,2471
9,6644
4,1684
5,1832
3,834
7,2265
1,426
1,279
1,384
10,8158
4,1361
1,511
8,3254
1,404
10,9601
8,2785
9,4266
10,3893
6,1432
8,2715
4,1507
1,493
1,256
9,2938
1,615
7,1994
10,3117
1,441
8,7436
4,1736
9,2904
8,2222
3,992
1,438
10,2730
5,1880
1,692
1,388
5,3484
9,4006
8,1951
6,1789
5,4362
8,2280
2,1059
8,5995
5,1398
6,2309
1,684
7,2394
6,2147
6,9989
10,2548
2,2507
10,3207
3,699
9,5602
1,595
8,5463
8,3041
9,3033
5,1060
6,2502
10,3305
1,468
3,6437
1,397
10,2414
9,3238
1,499
8,2393
7,2465
1,467
9,2780
10,3984
5,1186
10,2267
8,3425
1,518
3,1072
5,2488
1,490
6,1611
1,3451
1,367
10,2614
4,1782
1,515
9,3278
10,3199
5,1978
1,267
1,576
1,390
8,2238
1,575
1,550
1,486
2,719
1,367
7,2227
1,471
1,559
6,1821
5,4678
10,2313
10,13296
1,455
5,3684
6,2089
2,1138
1,591
9,2518
1,461
1,506
1,415
4,1160
1,520
6,1531
1,1481
1,280
5,1773
6,3053
1,6000
1,370
1,409
1,556
10,3025
9,2572
1,498
1,343
3,1196
1,342
1,537
2,1072
8,2944
2,805
1,5149
10,3366
1,492
5,22978
1,460
4,1266
5,1304
1,380
1,362
4,1679
1,253
10,3806
1,328
5,1811
5,1931
1,413
8,17875
1,687
5,62941
4,1460
9,3193
1,247
1,397
1,453
7,1998
1,360
4,1644
9,13130
10,4680
1,2606
1,511
1,380
1,554
1,968
1,492
10,3334
8,2615
1,622
1,432
1,490
1,280
4,1618
2,5538
5,4841
1,516
1,829
1,450
1,358
1,561
9,3421
10,3260
9,2389
1,482
7,2220
3,1179
2,562
10,19206
10,3136
1,586
1,444
1,1187
4,1615
1,408
1,402
7,2465
9,2121
1,312
1,648
3,647
8,2717
1,395
8,19257
1,618
1,625
1,511
1,436
1,494
1,432
4,1316
1,727
9,2030
1,407
2,651
6,1438
6,2585
8,2280
1,604
1,338
1,542
8,2567
5,3106
1,918
6,2069
1,505
3,1214
1,455
1,325
10,2413
1,506
6,1855
10,3515
1,498
1,230
1,332
1,581
6,2137
1,445
1,2064
1,603
8,3174
9,2578
1,466
2,910
1,526
1,472
10,4009
1,438
1,471
8,3437
2,691
4,1345
1,395
6,2652
1,551
10,2478
1,297
10,2823
2,877
6,2221
1,631
5,1887
1,413
1,271
1,487
1,349
1,346
2,1386
1,429
1,4005
7,1725
1,321
1,380
1,480
5,1839
1,663
9,3515
1,369
1,248
1,467
1,346
1,538
9,2243
2,1695
1,453
1,638
9,8227
1,381
10,3325
2,727
6,2413
2,831
1,1009
1,245
2,888
1,256
7,15178
2,794
3,1724
1,567
3,1143
1,402
1,388
10,3166
1,427
1,609
1,575
2,1544
1,261
1,2160
1,410
9,15194
10,3748
1,457
1,525
8,10346
10,3292
1,274
1,366
3,1095
3,2518
9,10443
1,510
1,271
1,504
1,239
4,1393
5,1209
1,504
8,2842
6,2413
10,3436
1,412
8,2230
1,2876
1,511
2,3134
1,410
1,256
1,603
10,3774
1,410
1,560
4,1902
4,1987
2,826
1,869
1,346
8,2733
1,394
1,1970
10,5559
1,588
5,1207
1,617
5,1973
1,459
1,417
5,1645
1,628
3,1182
1,594
10,3276
8,5599
1,259
1,1324
5,1351
1,551
1,518
2,802
1,519
3,1007
2,632
4,1533
3,1201
1,651
1,434
8,1956
9,3157
1,599
1,656
1,535
2,832
9,3330
10,3657
10,3233
6,32864
1,1824
7,2197
6,2147
1,508
1,340
10,3562
9,3332
1,540
1,756
9,2299
2,971
9,4087
10,3831
2,775
5,1579
8,2736
5,1798
9,6174
6,1948
1,272
2,888
9,3310
6,2178
1,527
8,2685
8,2613
8,2537
1,594
8,2473
1,503
10,6966
6,1894
1,706
5,6415
1,341
10,8654
5,1907
4,1772
1,575
1,443
10,3614
10,2351
5,1839
10,7267
1,2098
5,1322
3,1139
1,597
7,2355
1,305
1,437
6,2172
9,3229
1,409
10,3785
1,566
1,481
1,575
2,12393
5,25495
9,2965
5,1950
2,2063
4,1300
1,503
6,1681
1,594
5,1809
5,2180
10,3235
5,1871
10,3547
10,8037
5,1611
1,504
9,2579
5,1820
1,606
9,3230
1,383
9,2985
8,2633
5,6622
6,2252
7,2506
1,513
8,2336
2,1181
9,2764
7,2275
8,2158
1,991
9,3610
4,1382
1,416
2,737
5,1894
4,1705
7,2589
9,2979
10,3696
10,3240
9,3317
8,2519
1,426
10,2887
4,1512
6,22434
5,1649
3,987
7,1625
10,2958
6,2228
9,36087
10,9704
8,5457
9,3535
5,1989
1,315
3,1388
1,468
1,455
7,33995
3,1208
10,3757
1,391
4,1453
5,1891
5,12768
10,3312
8,2634
2,711
9,3516
10,3648
3,2836
10,3644
3,1199
3,10883
6,1996
4,1893
4,1692
1,576
1,589
4,10202
1,548
2,769
1,543
8,2750
10,6082
9,7911
8,3148
2,719
2,823
7,2384
10,4061
4,1733
1,444
4,1338
3,1314
3,1091
9,2996
9,2099
10,4113
7,1940
9,3262
1,624
4,5182
7,2282
1,396
1,489
7,2128
1,508
1,4240
5,1854
1,401
5,1686
6,1993
1,571
10,5818
4,1590
1,886
1,868
2,1026
5,1551
2,895
1,592
1,612
1,871
5,2906
1,476
9,4724
7,2059
10,3554
10,3271
2,2507
10,7355
9,3001
1,469
1,353
10,3396
10,7351
1,317
2,955
4,4686
1,476
1,442
2,747
7,2678
9,2908
2,1430
10,26170
1,492
2,748
5,1630
7,2658
3,1295
1,251
1,485
1,911
1,478
10,3567
3,1073
10,3486
3,1012
7,8062
1,557
6,2186
2,957
1,347
6,2080
8,2450
1,330
4,1469
7,2608
1,380
10,3370
4,25060
1,523
1,357
4,1690
2,706
4,1590
5,1923
1,354
8,2726
3,892
1,356
1,352
1,442
1,382
8,2920
10,3245
9,6867
1,456
1,710
9,74519
1,532
8,6854
1,385
9,3056
6,1831
1,365
4,3365
9,2923
1,390
9,3616
7,6353
1,554
1,445
7,16114
1,48179
2,975
9,3003
1,377
10,3333
8,2381
1,369
6,2037
3,4991
1,477
2,810
1,1769
1,537
2,783
6,2183
2,720
8,2946
5,1681
1,379
6,1967
1,502
2,765
9,35809
1,464
1,400
10,13599
8,6229
3,7817
1,344
2,785
1,798
1,611
10,19454
1,377
9,2842
1,457
2,584
3,35165
4,1485
1,390
10,15908
4,2177
10,5293
1,279
7,2527
7,2309
1,619
8,18957
1,424
6,2527
1,400
8,2024
1,661
1,2314
4,1483
1,13450
1,800
1,341
1,267
1,1535
1,457
6,2167
7,9971
1,486
4,1390
1,337
10,2233
8,2699
7,2365
9,3035
1,13506
3,1205
1,552
1,270
1,399
1,634
9,3881
1,591
4,1494
1,527
1,405
1,485
2,29359
2,700
7,2377
1,528
1,589
1,578
1,337
1,395
1,837
1,452
3,1271
2,776
10,4168
1,450
5,1835
4,10280
8,2479
1,1968
1,536
1,447
1,485
1,324
1,454
1,495
3,998
3,1453
1,431
8,2561
1,471
2,729
1,16800
4,8228
6,3750
1,482
6,2084
1,349
1,387
2,792
1,460
6,2110
1,423
1,364
10,3758
1,507
1,342
6,2282
2,640
3,1177
1,505
7,2525
1,949
1,282
1,531
9,2353
7,17178
1,633
3,1070
4,1453
1,561
10,3743
1,405
1,545
8,2079
1,436
1,245
1,410
9,3032
1,498
3,1838
1,589
1,430
2,1072
1,458
6,4674
10,3190
3,1086
1,10419
10,4896
1,376
1,643
1,466
1,497
1,429
1,467
2,991
1,430
4,1622
2,1174
1,499
2,912
7,2266
6,9393
1,435
1,409
1,455
3,964
7,15160
1,390
4,1276
1,522
1,520
1,571
1,459
3,1000
8,2076
6,2788
6,7729
7,2893
1,505
1,593
9,2011
8,2037
4,11233
8,2403
8,2487
1,983
1,490
1,470
7,2257
9,2541
2,678
1,4587
3,1327
2,897
6,2311
6,1304
8,2146
1,407
4,1128
1,671
1,586
4,1497
1,493
1,425
5,1579
1,364
9,19355
8,2434
1,366
1,596
4,3270
4,4519
1,270
10,3741
1,481
1,364
1,584
1,427
1,498
9,3081
9,13207
3,9735
6,2144
1,485
3,1187
1,1083
3,744
1,444
7,12430
1,403
1,418
2,910
1,501
6,2126
8,2121
1,433
1,469
2,1175
9,3037
2,848
6,2072
10,3286
2,674
1,594
1,569
1,327
4,1445
1,726
3,1028
10,2964
2,5948
1,445
3,1296
7,2035
1,355
7,3037
1,3435
1,495
8,2685
1,506
9,2923
8,7900
1,296
4,1355
10,3315
1,347
1,416
1,598
8,3066
1,608
4,1371
3,1498
5,1766
6,1631
1,360
4,1448
7,2567
1,389
9,2838
1,493
1,426
2,1165
1,547
4,1442
1,577
1,380
8,2085
10,3436
6,1918
10,3121
5,2202
6,2572
1,276
4,1506
8,2118
1,364
1,348
5,19554
3,1131
1,425
8,2467
6,1965
1,522
3,1166
3,1732
7,1814
6,4235
2,633
5,7902
10,3348
4,1281
7,29736
6,10724
7,2407
9,3737
10,2544
6,4944
10,3537
1,656
1,390
4,1315
9,2993
8,2465
6,1981
9,5921
1,378
1,522
4,7406
10,3221
5,1784
6,1861
2,936
9,10955
1,587
1,603
4,1758
2,1155
10,3477
5,1957
10,12016
1,405
2,796
7,6496
8,6850
4,1731
8,2597
1,481
8,2700
6,2125
5,1848
7,2277
4,1642
7,2347
4,1678
2,785
1,515
1,24232
9,2957
1,507
7,4049
2,801
1,517
5,1810
5,1883
9,3411
8,2838
1,561
1,462
7,2295
1,562
8,4911
1,613
5,1671
3,1994
5,1933
3,1178
5,4006
3,1177
7,2570
7,2567
6,2224
2,1435
2,788
1,438
1,455
1,571
1,551
1,362
1,407
3,1295
1,434
5,1583
4,1426
1,398
7,2473
5,1542
10,3359
1,668
1,348
1,439
5,1691
1,505
4,1423
6,1966
6,19754
1,1043
6,2231
1,389
4,2349
5,1725
6,2176
1,489
9,3357
3,1124
1,391
10,3469
1,396
6,1902
6,1875
5,1828
5,1756
7,5042
1,389
9,2875
3,1196
3,1170
5,1837
8,2877
4,1397
1,480
10,3433
1,485
3,1006
3,1173
5,1892
6,2128
4,988
4,1640
1,368
3,1064
2,778
9,3296
2,1177
2,750
1,509
7,2734
10,2813
1,446
1,497
4,2980
4,1670
3,1398
9,4850
1,368
1,370
6,2251
10,6911
3,1312
9,2732
1,451
5,1696
10,3635
1,405
5,1736
1,588
7,2291
6,4155
7,10312
1,349
4,1556
10,2564
7,2671
9,2541
1,395
1,345
3,1078
8,3419
1,372
6,2224
7,2286
9,2958
4,14413
8,2794
1,382
6,1976
7,1912
8,3493
1,337
1,393
1,398
3,1262
9,32226
1,427
4,1538
1,521
5,2078
4,3067
5,1863
4,1446
1,477
9,3002
5,1802
9,3878
4,1376
1,361
1,637
7,9053
1,376
6,2155
2,884
5,1971
9,46600
8,2000
5,2291
7,2422
10,2509
1,482
8,3199
2,764
1,446
5,1923
3,1135
1,491
9,3147
3,1316
4,1277
5,1643
6,1486
1,357
5,2058
10,3349
1,456
8,2123
2,776
2,932
4,1577
3,2416
5,1775
4,1535
4,1753
6,2084
5,1614
9,3004
3,1129
8,3032
1,1204
1,461
10,2689
1,467
7,2938
5,1862
4,1886
5,2156
5,14947
9,3079
1,452
1,629
6,2113
6,5267
4,1576
10,2427
3,1010
1,453
8,2805
4,1365
7,2639
1,509
1,6206
6,14449
1,618
3,31470
1,542
10,3595
5,8070
8,6256
3,1043
1,365
10,5230
4,1505
1,549
5,1620
1,608
4,4383
4,1734
1,715
1,387
1,684
1,347
3,1162
6,2030
3,980
9,3411
2,849
7,2468
8,2372
8,2804
4,1558
9,22877
1,595
3,1242
1,348
1,500
2,826
1,486
4,1765
1,447
1,457
10,4118
1,438
3,715
4,1696
9,3204
1,348
1,599
2,872
1,477
1,692
5,1382
4,6060
9,3052
1,404
1,411
9,6918
6,1999
8,2503
5,1926
6,2113
1,2479
5,1795
2,770
5,10711
1,564
1,288
1,509
10,2599
10,2669
3,1505
10,11508
6,1947
7,2265
9,2717
7,2396
1,590
5,1698
4,1592
1,749
1,524
1,407
1,488
1,495
1,637
1,343
1,484
1,377
10,2974
6,2223
8,2780
4,2243
1,711
1,392
1,583
1,578
1,343
1,502
1,508
1,286
1,406
1,338
9,8550
3,1048
10,5456
4,1469
3,1186
1,611
7,2655
4,1607
1,536
1,249
1,479
5,1692
1,456
1,490
1,368
1,2644
6,1566
5,1759
8,8080
2,725
1,529
8,3156
1,481
1,489
1,325
4,1441
1,333
1,384
1,411
1,439
1,397
8,2398
1,376
9,3358
1,422
1,571
1,4082
1,393
1,255
1,393
9,2764
1,371
1,396
1,475
1,499
1,433
2,8828
1,591
6,2209
1,596
1,447
1,442
1,398
1,442
1,282
7,2298
2,680
1,284
1,487
1,422
1,607
3,5100
1,508
1,592
1,489
1,362
9,4305
1,505
1,480
1,248
1,354
1,404
1,276
4,1011
1,430
1,468
6,17418
1,485
10,3394
4,2965
4,2535
1,533
1,440
1,398
1,317
1,323
1,798
1,362
1,516
1,533
1,1696
1,476
5,1712
2,971
1,409
1,499
1,453
2,805
2,675
1,291
4,1170
6,1924
7,1689
7,2397
1,617
1,487
1,820
1,361
1,468
2,961
4,1485
6,4912
7,2593
3,9093
1,235
6,1683
1,483
10,3096
5,1791
1,525
2,720
6,2536
2,766
1,587
7,2701
1,433
1,525
2,2275
4,1398
4,1424
1,328
1,405
10,3585
8,4456
1,541
1,341
5,2083
1,323
1,459
6,2311
1,491
1,544
9,3156
9,2908
10,3164
7,2327
1,379
9,2317
4,1542
2,807
1,410
4,1811
1,431
6,2419
6,3596
1,484
7,7767
1,402
4,1411
7,1598
6,2001
1,523
10,3023
9,2917
9,3166
1,540
7,2477
1,418
1,388
9,6037
3,1453
1,638
4,3157
6,2071
10,2242
3,909
1,309
10,2582
6,2122
1,522
4,1519
9,3611
1,619
1,367
8,26239
1,788
2,778
1,472
2,779
10,2913
3,1354
10,2191
10,3009
10,8203
1,525
9,3199
4,3436
1,399
1,399
7,2712
1,383
1,360
1,490
4,1444
6,1709
6,1775
10,3227
1,385
5,2048
7,2022
5,1679
5,6196
6,1484
1,405
2,833
4,2019
1,352
4,1372
7,2402
3,3402
8,3611
7,1555
10,3036
1,460
4,1224
10,3145
3,1664
7,1787
1,289
2,973
9,4702
1,508
2,816
8,7593
10,2692
9,15068
8,1850
1,426
6,2053
3,1253
10,3329
6,42194
4,1478
1,261
1,752
6,2088
1,554
2,766
1,596
6,1396
1,25655
10,2184
10,2703
4,1085
7,2679
1,372
1,39654
3,1145
1,471
2,837
1,361
1,389
8,2625
6,2135
7,2347
2,790
3,903
10,2148
10,2499
8,2859
7,4479
1,453
10,2844
1,353
5,2241
6,2162
4,1514
1,617
3,1105
3,702
1,373
2,538
10,3494
7,1600
1,358
5,1551
1,443
10,2709
4,1429
10,3606
2,819
9,3320
9,3684
6,1971
10,2985
1,1983
10,3449
10,3347
10,3030
9,3064
3,1226
1,530
6,1947
10,3276
10,8099
1,489
2,1758
6,2312
2,852
10,2310
10,5471
7,2059
9,3054
10,2309
3,1148
3,1268
5,1687
10,2521
7,2312
7,2796
7,5806
1,654
7,2687
4,1612
10,2414
1,1535
10,2985
6,2288
6,1979
8,2822
1,587
5,1719
10,3027
8,1839
9,18927
3,1078
5,1829
6,7019
5,1921
4,1175
5,3817
3,1205
1,630
3,1207
6,2211
4,1573
1,533
10,2149
10,2247
1,443
6,3052
1,427
1,486
1,557
10,2357
10,4203
10,3424
10,2955
10,2540
6,2604
9,2989
1,474
3,1102
6,1939
8,7825
9,12731
7,2351
2,962
1,376
3,699
1,579
10,2414
1,543
1,449
3,3790
7,1956
4,1788
10,3181
3,1044
1,469
8,2749
9,10512
1,600
5,2007
7,1599
1,455
10,2150
1,594
1,325
4,1785
7,2230
1,321
10,2345
2,650
1,562
2,963
8,2757
10,4090
1,500
10,2173
9,3152
3,967
1,563
1,323
1,337
8,13057
1,423
10,2185
10,3327
1,768
2,881
5,1994
5,1975
5,1900
1,462
7,2114
10,3127
1,582
1,252
7,2586
4,1268
1,424
10,2425
10,3589
1,436
1,634
3,1299
10,8217
9,11468
1,348
1,321
7,1696
1,566
1,271
1,342
5,1512
1,349
9,2124
6,1572
5,1814
1,602
3,1240
7,2642
10,9439
1,274
1,430
10,2235
1,674
1,250
5,5835
9,2522
1,412
7,1592
3,1200
1,650
5,1920
1,651
9,3088
10,12407
1,309
8,8202
1,285
10,6872
1,371
6,7703
6,1426
1,538
10,2762
10,2418
1,498
10,3500
1,526
10,17698
9,3616
1,241
1,356
1,268
8,2797
10,2462
6,4652
1,448
2,658
1,643
10,2493
1,399
9,3115
4,1114
3,1254
5,1864
1,269
1,456
1,250
1,453
1,360
3,3073
10,3140
9,3092
1,309
10,2339
1,411
10,11417
7,1743
1,592
3,1551
1,298
1,475
1,342
4,1509
1,294
4,1697
3,996
3,1051
1,249
4,1086
1,428
7,2645
9,2975
1,458
1,601
1,278
1,339
1,290
1,524
10,3043
9,4768
2,787
1,627
1,240
6,1988
3,2167
8,6284
4,1561
5,1750
1,801
1,240
5,1524
1,330
1,3698
1,346
5,5891
5,2246
1,5907
1,238
7,2301
3,1078
5,1886
8,3038
1,553
1,495
1,239
1,470
1,349
6,14748
7,2484
1,513
1,421
6,2297
1,234
10,3411
8,2657
1,543
4,1620
1,697
1,413
7,2637
1,384
1,414
4,1450
3,1015
5,1967
9,3237
4,1373
1,255
1,501
2,669
1,1093
8,2775
3,1494
1,684
10,3278
3,1245
1,254
10,7427
10,2407
1,741
1,341
8,2583
1,262
4,1039
1,428
1,715
9,3160
1,949
1,605
10,2332
8,2758
1,339
2,527
10,2697
5,1724
6,2192
1,322
1,251
1,382
1,455
1,642
6,1986
1,530
1,285
10,3423
5,1700
10,2190
9,28028
3,1436
1,331
1,230
2,632
1,249
1,484
7,2391
1,566
1,579
1,466
1,288
10,3368
1,470
10,3439
1,543
10,3724
4,15065
1,354
1,438
1,581
1,368
4,1366
1,478
10,3373
7,2428
1,320
3,1023
4,1138
10,3386
4,1662
7,2389
1,406
1,324
7,6564
10,2406
1,267
2,737
3,1011
1,511
1,779
1,362
10,3507
4,1466
10,2481
6,6582
10,3022
1,389
1,263
9,5289
7,2385
1,335
8,3033
1,369
6,1451
1,298
1,507
4,1462
4,1230
10,2814
1,719
7,2954
1,374
1,271
6,2286
1,430
1,271
4,1465
3,919
1,599
1,7714
4,1073
5,1726
8,9717
10,3420
1,469
10,2476
1,388
1,330
3,1236
10,6145
1,265
8,9232
1,331
2,808
4,1104
5,1485
6,2137
1,429
5,1831
3,1379
1,450
1,469
1,309
2,915
10,6966
1,339
9,3209
1,309
1,504
1,626
7,2450
8,2720
5,1690
6,1992
10,3997
10,2205
1,462
1,392
8,4314
3,1211
1,300
10,3710
1,511
1,376
4,1631
7,2427
1,504
9,3223
10,3471
10,3576
10,3598
9,2827
1,506
1,529
9,3212
7,2165
6,2091
5,1856
6,1882
9,4836
5,1948
10,3452
6,1916
6,2133
8,3015
10,2565
4,1286
4,1202
2,683
10,3478
10,2345
1,772
4,1516
4,1307
8,2852
8,2637
6,2062
10,3169
1,576
9,3018
3,1268
1,315
10,3318
1,1078
8,2223
10,2153
6,1916
10,3672
1,342
4,1564
6,2269
6,1953
6,2062
6,2013
10,3679
9,3330
3,1101
10,2411
10,4628
6,1944
10,3402
4,1477
7,2565
1,434
6,2056
5,2425
5,1734
2,782
5,1692
7,2445
1,828
3,986
6,1400
5,1726
1,557
10,3362
10,2324
7,1740
1,413
9,2469
9,4328
10,3157
6,2180
10,3137
1,430
1,643
1,554
10,2180
10,6753
6,2004
3,1098
7,2322
4,1421
1,263
1,307
10,3573
2,797
4,1007
4,1414
10,2606
1,617
1,477
10,2479
9,3136
10,3064
9,2764
8,1815
8,2523
1,391
6,1685
3,981
4,1648
10,3038
4,8553
1,307
1,591
1,342
3,827
7,19104
8,24731
10,5182
10,3160
4,1827
1,342
10,2498
5,2250
7,2579
7,1504
4,1455
1,598
1,2384
4,1302
10,2496
1,341
10,3546
5,1925
10,3389
5,1609
1,322
2,761
2,904
4,1682
8,1656
4,1437
1,409
10,6609
6,13564
10,2316
8,7129
4,1499
6,4022
6,2135
6,2112
6,1781
6,2214
10,2449
1,455
1,354
7,2348
1,440
1,453
1,398
10,2981
1,433
2,929
6,2191
3,1316
3,1261
10,2399
4,1584
4,1291
1,411
10,2416
1,366
10,2588
10,5332
2,612
10,2834
5,1770
4,3471
1,462
1,1481
6,1400
7,1503
1,537
4,1566
1,420
1,258
6,1829
1,426
1,456
1,521
10,2889
1,400
2,1083
1,384
1,489
2,757
10,2218
10,3702
10,2402
1,457
1,240
1,613
1,690
1,356
7,3380
10,2918
1,369
7,2790
6,1949
1,354
6,2129
10,3237
10,2641
10,2881
1,389
1,416
1,644
1,410
1,388
9,3121
7,1469
1,725
4,1362
10,4031
1,271
4,1567
3,1052
6,1789
10,2679
1,427
1,369
1,440
1,437
1,382
7,2396
10,3200
1,550
1,446
4,1391
2,501
10,2849
10,2366
10,3060
6,1554
1,399
1,452
1,434
1,462
5,1758
6,2150
1,648
1,392
6,2992
5,1656
1,252
7,1523
7,1967
9,2388
6,1382
1,440
10,2328
1,444
1,308
6,2347
3,1056
1,351
1,574
1,499
4,1549
1,441
8,2378
3,1081
10,2266
10,2429
1,467
1,267
1,540
10,2829
8,2994
2,879
10,2778
1,695
1,477
4,1631
1,244
10,3012
10,2747
10,3034
1,366
2,790
6,1640
1,452
10,3188
5,1928
6,10324
1,549
3,1695
1,485
4,1573
1,247
10,2932
10,2246
1,1015
1,297
1,275
1,243
1,449
10,3518
4,1633
5,1774
1,234
3,3809
3,2624
7,2387
1,290
6,2002
10,3298
1,702
1,294
1,400
1,262
1,400
10,2623
10,12248
2,810
1,272
1,1285
2,743
1,443
1,259
3,1230
10,2079
1,266
1,271
3,888
1,278
2,793
10,3477
4,1368
1,430
1,241
1,404
1,395
1,602
10,3473
2,608
3,664
1,272
1,251
10,3261
3,889
10,2820
10,2453
2,782
10,3423
1,626
5,1822
1,640
1,333
10,2223
1,491
10,2261
1,296
1,294
10,3138
2,543
1,394
2,636
7,2423
5,2095
1,373
4,1533
1,767
6,2165
8,1700
1,419
7,1584
1,264
1,279
10,2401
7,1875
3,1153
10,3114
6,2032
10,3522
1,304
7,2293
1,638
1,347
7,1647
1,306
10,3260
1,471
1,228
8,3103
3,931
5,1237
2,856
3,1288
7,2859
1,286
4,1620
1,681
1,586
3,685
1,543
1,465
1,372
1,259
7,2428
10,1995
10,2511
10,3624
1,464
9,3013
7,2116
8,6879
1,495
1,477
10,2239
1,304
1,289
1,624
1,541
1,438
3,830
8,3206
10,2854
3,1355
8,4362
1,372
4,1515
7,2410
1,641
2,806
1,441
1,270
1,375
3,1128
10,2474
10,3230
7,1763
10,2716
10,3623
1,385
10,3298
8,6957
10,3382
1,490
3,1091
1,374
1,341
5,1251
10,3065
2,539
10,3428
5,1356
8,2595
10,2561
1,532
10,3444
5,2016
10,3551
1,475
10,2061
1,367
1,305
10,2273
10,2156
7,1475
10,2448
1,495
8,2538
10,3356
3,808
3,15515
6,5712
10,2512
1,441
7,1752
1,398
1,285
10,3583
10,3338
10,3111
9,3030
10,2962
3,1370
8,2426
1,926
9,2409
10,3556
10,2386
2,798
10,3147
1,402
1,236
10,2127
10,2405
10,3436
7,1492
10,2548
1,601
10,3311
1,695
10,5704
2,817
10,2878
1,384
7,2727
10,2562
1,335
10,2734
10,2567
10,3608
10,2290
10,3280
1,40845
7,2037
1,873
8,2804
6,2120
10,2896
3,1041
10,3339
10,2259
1,538
10,2347
7,1606
5,1889
1,483
10,3462
10,25713
2,815
3,1259
1,453
1,753
10,3914
5,1762
10,2154
10,2589
7,3353
5,1224
10,2769
8,3358
7,1617
10,2271
1,668
1,705
1,479
10,4515
6,1748
10,2492
10,3581
10,3315
10,2210
1,294
10,2301
10,2995
10,2732
10,2940
5,1941
1,565
1,328
1,473
6,1863
4,1620
10,2753
10,2817
10,3244
10,2352
3,893
7,2546
7,1645
3,658
10,2730
10,2124
5,1927
1,491
1,455
6,20276
10,2190
5,1641
8,2791
10,3073
10,3556
10,3143
2,898
10,2545
10,2928
10,2063
10,2144
7,2565
1,330
1,637
10,3262
7,1576
10,3422
7,2114
3,1179
10,3200
10,2646
1,328
6,2082
5,1332
1,284
10,2728
1,530
1,431
1,366
10,3371
10,2214
10,2763
5,1584
1,647
9,1977
10,2139
10,3433
10,2380
1,621
10,3330
5,1358
1,518
1,308
1,537
5,1592
10,2535
10,2252
1,1223
1,650
1,553
10,2616
10,3263
10,2928
1,340
1,296
2,507
10,3507
1,335
5,1809
4,1384
10,3549
1,502
2,1174
1,383
7,2284
10,2892
3,1645
3,775
1,254
1,287
1,384
1,2934
1,264
4,1282
2,647
6,2034
1,391
10,3462
1,374
10,2989
5,1828
10,2931
4,1473
1,240
1,420
1,274
4,1550
1,333
7,3421
1,542
3,855
1,326
10,4359
1,465
10,2104
6,2296
8,2486
10,3200
1,237
1,369
1,380
5,3811
1,380
8,3187
4,1459
1,270
1,275
10,2646
1,252
10,2206
6,2084
9,2437
1,479
1,242
1,277
1,278
1,462
1,454
8,2364
7,6591
1,298
1,256
10,2778
1,248
10,3536
1,462
10,3381
1,475
1,272
10,3641
1,302
5,5707
8,2431
6,2236
1,479
1,241
1,264
10,2177
1,384
10,3938
10,3389
1,654
1,446
1,278
3,731
1,232
10,3237
10,4153
9,3414
5,1526
1,260
1,304
8,1999
1,371
3,1151
6,2164
1,369
1,431
1,513
1,333
1,279
5,1728
10,3152
5,1556
1,476
1,285
1,313
5,1895
1,631
1,644
5,1988
1,395
1,400
1,262
1,446
1,236
5,1853
10,3680
6,2035
1,461
1,239
5,1246
10,3293
10,2718
1,402
4,1639
1,277
1,311
2,654
1,450
1,357
1,6195
10,3095
10,4395
1,486
1,229
1,262
6,1395
6,1818
1,642
10,9031
1,267
1,724
2,715
1,354
1,384
1,551
2,563
2,1110
2,978
1,673
1,329
5,1345
4,1392
1,305
4,1535
1,443
1,526
10,3372
5,1838
8,2256
6,1991
10,2267
2,837
1,557
1,452
10,2614
1,306
5,1767
1,293
4,1454
1,650
8,2640
10,3393
8,2651
10,2879
1,503
10,2987
4,1319
1,525
1,345
2,889
1,371
6,2073
1,396
7,2649
1,666
9,2926
8,2599
5,1405
10,3308
1,2002
8,2109
10,3689
1,638
10,2538
2,544
1,279
9,3087
1,454
4,1457
1,699
6,1947
10,3401
6,2107
10,2155
7,2320
2,558
4,1477
8,2231
7,1661
2,1001
1,296
4,1394
1,670
1,404
1,515
1,344
8,2413
8,2832
10,2118
10,3327
2,550
10,2847
1,274
10,2452
10,3480
4,1077
4,1376
1,485
6,2137
8,2887
1,455
10,4067
1,339
10,3131
9,3054
10,2426
7,1606
1,232
10,2376
8,2707
1,298
6,1891
1,517
1,457
10,2662
1,349
1,737
9,3353
5,1961
2,802
2,859
10,3168
10,3459
10,2114
8,2955
1,247
5,1563
1,1114
1,510
10,15313
10,4048
4,1512
6,1977
3,1132
10,3329
10,2053
6,1381
2,831
10,2227
8,2766
1,244
4,1432
10,2940
1,515
1,382
6,2026
4,1326
5,1717
5,1723
4,4243
8,1816
10,2095
10,3654
3,784
10,4446
1,234
7,2560
9,2883
1,2024
4,1322
10,3305
3,25013
2,835
4,1418
3,1215
10,3567
3,698
10,3267
10,2293
4,1328
1,251
1,875
8,2969
1,633
9,8527
4,1390
5,1642
2,778
5,1784
10,26550
8,2532
1,361
10,3432
10,3131
3,884
1,239
6,1900
6,2307
1,551
6,3818
2,684
10,2975
4,1377
10,3237
1,494
8,2694
1,347
2,792
7,2266
5,1710
2,642
3,1234
6,2373
1,493
2,765
1,325
4,5164
7,2397
5,13929
5,2289
1,577
1,329
10,3081
10,3236
2,995
2,682
1,436
9,4204
1,489
6,2050
7,2406
10,3329
1,574
5,1847
2,925
1,492
1,423
10,2269
10,3120
10,3418
10,2254
3,1013
10,9670
1,461
4,1313
4,1525
2,694
4,1424
7,2314
1,488
1,693
1,308
10,3756
10,2339
5,1748
10,2291
5,1116
4,1381
2,866
1,329
2,761
7,7336
5,1835
2,705
1,470
1,791
1,286
10,3464
10,2752
10,3325
10,3251
10,3217
1,632
10,3352
6,2611
10,4090
5,1797
2,1158
5,1886
1,484
1,877
1,441
8,2000
10,3041
4,3642
8,2717
10,3315
2,686
1,461
3,1266
1,546
5,1677
1,427
1,405
1,479
1,578
1,288
5,1523
3,967
1,8137
8,2722
10,2881
3,1339
3,1163
1,689
1,609
1,552
5,1156
1,437
1,428
10,3463
1,256
10,3054
1,573
7,14168
10,3645
8,2383
1,627
5,1285
1,425
10,2524
6,22042
3,737
5,4868
5,1579
4,1889
1,258
10,3243
1,395
4,4286
1,383
1,535
4,1326
10,3288
10,2559
10,3319
1,402
1,265
1,381
1,2225
1,594
10,2926
10,2567
1,407
5,1861
10,5792
1,491
6,2162
8,1893
10,3288
10,2240
1,388
1,274
1,529
1,554
1,520
3,966
5,1597
1,429
1,410
5,1732
7,1891
1,589
7,1875
10,2264
9,2990
1,16739
1,414
1,428
1,431
1,492
10,3428
1,425
1,309
1,474
3,971
1,338
3,947
5,1243
9,2467
8,2464
1,477
1,314
1,520
5,15544
1,538
10,3255
1,435
1,307
1,397
4,1728
1,431
5,1868
1,428
10,2328
1,382
6,1992
10,2312
1,447
1,384
1,586
10,2774
1,426
1,471
1,472
4,3676
1,610
10,3172
10,2446
8,5951
10,3237
1,432
1,661
6,4766
3,1137
3,1110
10,2917
10,2885
1,526
2,836
5,1762
5,1768
10,3428
2,656
10,3191
1,442
2,40097
1,565
1,388
1,379
1,601
10,3354
1,242
1,634
1,484
4,1384
1,354
10,2500
10,2988
1,577
1,361
1,472
10,3124
1,559
6,2081
5,2017
7,1692
1,243
1,592
1,439
5,1830
1,393
8,1899
10,3172
1,444
1,327
4,1280
1,441
1,395
1,483
4,1811
10,3646
1,253
10,3516
6,1983
2,832
1,364
7,1704
10,2382
1,584
1,280
1,478
1,509
1,462
9,3576
10,2716
2,782
1,240
5,1763
1,341
7,2251
1,361
5,1915
3,963
1,367
1,245
9,2898
10,2300
10,3236
5,1701
10,3105
8,2600
1,383
9,2851
1,489
1,479
1,364
1,386
8,2775
1,527
1,321
1,358
1,386
6,2054
3,1267
5,1697
7,2478
1,304
1,490
1,419
5,1634
1,501
1,274
10,2160
1,668
1,262
2,794
1,365
1,457
10,9781
7,2430
1,959
1,321
10,3234
1,533
1,708
10,2715
1,341
10,2214
1,474
1,569
10,3292
8,2702
7,2319
9,15058
3,974
10,2696
2,772
6,2405
1,524
5,16765
10,2343
1,254
10,2085
1,353
1,261
9,20575
5,2392
9,3186
10,16358
6,2334
10,2273
2,491
9,2916
6,1967
1,460
10,2017
1,283
1,477
1,374
1,247
10,6389
7,2362
2,814
4,13060
1,585
10,3422
2,772
4,1520
10,3405
1,418
10,2922
1,314
7,1695
1,390
10,2372
7,39853
10,2945
2,940
10,8537
1,429
3,942
8,1781
5,1729
1,513
1,481
10,3985
1,248
1,327
1,496
10,3076
1,460
1,389
10,3185
1,575
4,1544
9,2902
10,3161
1,536
9,3116
1,487
3,700
1,252
1,395
2,742
10,3419
3,1017
10,2136
4,1323
2,816
7,2430
1,655
8,1938
4,1750
9,3246
1,665
10,3380
1,245
1,342
10,2552
10,2395
1,904
10,2669
3,1180
3,1110
1,478
1,340
8,2663
7,2518
2,892
6,16751
10,2447
1,284
1,249
8,2078
5,1657
1,473
10,2192
5,1924
6,2190
2,1012
1,427
10,6752
1,498
2,847
1,362
7,1615
1,676
1,378
10,3504
10,2703
1,489
5,1408
1,611
7,2794
9,3046
1,448
3,1056
6,2182
10,7643
1,451
2,679
3,1365
1,357
3,3601
10,2102
1,459
10,2252
6,2162
7,2699
2,913
1,495
5,1562
2,1248
4,1472
1,381
2,565
10,2645
1,261
10,3670
5,1751
6,2037
10,3215
1,431
9,2867
9,3375
1,486
5,1547
1,719
5,1794
1,464
10,2758
10,2512
1,238
10,3524
2,590
4,1356
10,2397
4,3453
8,6392
10,3443
1,576
2,2665
3,1317
1,483
6,2071
10,3298
10,3429
1,588
10,2541
2,504
2,720
5,1887
1,323
7,1739
3,1152
1,625
5,2178
5,2333
6,5173
2,720
10,3253
10,3476
2,902
7,1611
10,2097
10,2299
2,729
2,867
4,1417
4,1169
1,632
10,3510
10,2333
1,369
7,2236
8,3220
7,1545
1,340
2,547
8,1655
10,27894
2,618
3,967
3,1220
2,1161
1,909
10,4305
10,2706
3,1425
2,739
8,2987
10,3211
8,1740
2,513
10,2082
4,1404
10,2143
9,3536
6,2169
10,7344
10,3339
7,2286
10,2981
4,2470
10,3365
10,25107
10,3096
10,3184
1,257
10,2771
1,367
10,2278
4,1546
1,433
1,517
9,3225
4,12893
8,2288
2,3057
9,19019
1,668
10,2392
10,3209
2,515
8,3730
5,3491
1,367
9,3188
2,588
1,486
6,1922
5,2154
1,769
6,2479
4,1565
1,669
2,758
10,2601
8,1902
8,2579
9,8288
1,396
6,1991
1,391
1,476
8,8063
5,1707
1,491
9,7037
2,1051
1,799
1,334
9,3135
10,3115
2,14854
1,423
1,402
10,7509
1,414
1,510
1,417
4,3440
1,367
4,1458
10,26293
1,756
2,580
10,4218
8,2144
10,3566
6,5609
10,4278
9,4025
1,319
1,433
10,3733
1,388
1,452
1,410
3,3363
1,637
10,2613
1,446
8,1786
1,343
5,1768
1,339
5,2064
1,479
5,1564
6,6166
6,1890
5,1570
5,1744
1,458
1,470
10,2512
3,1140
9,2777
1,406
3,5208
8,2196
5,1822
1,447
1,420
4,1493
1,1664
1,423
6,1882
5,2386
10,2662
10,3247
4,1456
2,695
1,394
1,495
1,363
10,3489
1,357
1,367
1,430
1,637
1,403
10,12852
9,3006
1,581
8,2219
4,1269
8,8753
1,452
10,8685
1,489
1,503
1,426
1,418
2,1175
1,3087
7,7806
3,943
6,1939
1,510
9,4509
5,9764
10,3212
1,398
9,16103
1,413
1,561
1,394
1,431
4,1152
1,556
1,273
10,3480
2,4209
3,1332
8,2286
10,3502
1,650
5,1657
1,623
1,424
1,608
1,410
1,361
7,1690
1,580
1,436
10,3257
3,1235
1,738
1,649
10,4122
1,613
3,1095
5,2226
10,3839
1,645
10,2563
8,2872
4,1643
1,530
1,348
1,304
1,531
1,485
1,440
5,10993
1,457
1,90584
1,450
1,349
1,545
1,978
1,351
6,1818
1,588
1,320
5,8402
6,3013
5,13234
1,525
2,824
1,412
4,1365
1,419
1,380
1,569
2,858
6,1882
4,1911
1,408
1,718
3,1473
2,969
3,1065
1,568
7,2288
1,28513
5,4086
1,487
8,2757
3,1252
1,417
6,2172
2,820
1,419
10,3561
1,2061
10,3499
4,2344
1,683
5,1987
1,441
10,3103
1,511
4,1506
5,2299
6,1648
3,1103
6,4166
1,440
10,2453
5,1704
4,1576
5,4567
1,549
5,1950
1,448
2,844
1,477
4,1611
1,609
3,809
2,665
1,1166
1,410
10,3316
1,342
8,3060
5,1723
1,693
1,356
1,458
7,2281
1,435
3,1216
1,456
10,3872
9,3006
3,952
6,4062
10,3404
1,418
5,1853
7,2227
1,514
1,343
1,436
10,3237
1,344
5,1688
1,433
8,2805
4,1264
10,3122
6,1943
10,2215
1,496
4,1536
10,3062
10,5713
1,3042
1,453
5,1535
1,380
5,1710
1,755
10,4043
5,1752
10,10015
1,498
5,1691
3,1055
9,3612
2,778
1,503
6,15315
1,438
6,2533
2,925
4,29325
1,587
9,2936
4,1577
10,2499
2,690
10,2147
1,540
5,1777
7,2302
1,560
1,546
7,2459
5,1700
3,1345
6,1806
7,2684
1,531
10,4485
8,2993
9,2777
10,2496
1,472
9,2902
6,2317
2,901
1,434
5,1897
1,380
7,2262
5,1542
2,952
4,1329
5,1898
7,1778
9,2890
5,1339
1,479
1,509
1,462
5,1812
1,382
4,1541
1,362
9,14780
2,712
3,1129
10,3524
10,3468
1,397
2,730
2,685
1,703
1,543
1,395
4,1918
1,388
10,3438
1,350
8,3866
10,2916
2,861
10,2376
3,1376
1,420
10,3202
1,305
1,453
1,548
6,2109
5,58929
1,370
10,3455
1,311
7,21797
2,651
7,2345
8,2003
5,1919
1,317
4,1442
2,512
1,402
1,514
1,456
10,54729
1,381
5,3077
1,444
7,2288
7,2861
9,2917
5,1102
1,513
1,306
5,2156
10,3212
2,949
1,603
7,3103
5,40732
1,349
3,1504
1,649
3,921
1,413
8,2579
10,2526
1,465
1,248
2,741
10,4442
7,8952
3,1277
9,11230
10,39682
1,388
5,1756
2,980
6,1986
1,826
7,2293
10,3371
2,840
1,238
1,356
10,4156
8,2898
1,573
9,2974
5,1775
1,1570
2,717
6,2188
2,841
6,1919
6,2125
10,2576
3,1148
1,267
6,2663
8,3258
8,2660
5,1674
2,690
5,1660
9,10178
5,1623
7,2316
2,1202
1,315
3,1100
2,880
7,2373
1,306
6,2001
9,3317
7,2293
1,361
2,770
6,1985
6,2224
1,468
9,3616
1,439
1,380
1,479
5,1175
7,2314
1,351
2,699
8,4315
9,3447
1,467
1,375
6,4608
1,603
1,454
9,14234
6,1902
1,410
2,1000
10,2531
8,2711
1,312
3,8884
1,552
6,2259
1,1385
10,3905
1,679
7,13196
6,1965
2,1036
3,1286
1,398
1,507
1,291
9,2897
1,355
10,6822
1,416
1,309
1,584
10,2980
2,974
2,763
1,408
10,4493
5,1599
1,379
3,1152
1,542
8,21285
10,2942
5,1737
1,399
1,488
1,586
1,426
1,388
2,1675
9,3138
10,6470
4,1030
7,2843
8,1958
1,451
7,2622
10,3482
9,9870
1,728
2,846
1,548
4,1264
1,502
9,54047
2,662
5,11259
10,3453
1,410
4,1414
1,272
2,942
10,3268
4,11541
1,515
1,394
1,540
3,974
7,2540
4,1373
9,8192
3,1240
10,3512
10,37600
10,2838
1,282
3,1283
10,3122
8,2649
1,497
1,489
3,1242
1,641
9,3186
3,2341
7,23816
3,1532
10,3988
2,798
8,3122
1,286
1,1151
10,2466
4,1289
1,505
3,1006
8,2746
1,490
9,22916
10,4323
10,5245
1,466
8,4201
9,2809
10,4719
1,499
6,2156
6,1500
5,1664
1,551
6,2197
7,19082
1,476
2,910
5,1717
10,3163
1,409
9,2412
10,4483
9,2896
1,427
2,1604
10,2339
10,20247
1,455
4,1456
9,9682
1,363
10,3692
6,2170
4,1387
1,405
4,1089
2,710
1,412
1,354
1,674
10,2152
10,7022
1,653
10,3260
7,25558
5,1948
1,502
1,582
2,22755
1,374
1,387
9,3148
10,2571
1,290
1,389
4,894
1,461
10,3943
10,3012
7,2305
1,358
3,1656
2,968
1,333
1,1777
5,1336
1,370
2,657
10,2845
1,297
10,2484
3,1108
5,1914
9,6540
1,500
1,394
4,3764
4,1709
1,396
1,465
6,1688
4,1348
6,2510
10,2135
1,409
2,529
1,458
5,1644
9,2266
6,2071
1,377
1,493
3,1243
3,1991
1,403
1,470
10,8613
10,3422
3,1131
1,457
2,521
5,6162
7,13561
10,3290
3,1108
1,367
1,508
2,807
6,2503
1,396
1,479
3,1120
1,567
10,2632
1,316
2,694
1,431
5,1909
1,614
1,345
6,2026
1,515
4,2082
1,373
6,2032
1,282
1,346
1,319
1,605
1,365
10,3146
1,451
4,1241
1,456
2,682
1,410
5,8573
8,2883
1,371
1,471
1,319
1,433
1,301
10,2580
1,369
10,3321
1,413
10,3454
1,564
1,424
10,3197
1,416
10,3235
1,371
1,447
1,381
5,1689
1,337
10,2402
1,559
8,2679
1,401
5,1890
4,1416
2,878
1,450
1,343
9,7219
5,1773
6,1657
1,449
1,334
1,271
7,1997
1,511
8,2629
1,373
2,746
1,516
9,3239
6,2030
10,72820
10,3198
1,2287
1,517
1,392
4,2157
1,402
9,2677
1,369
8,2635
7,3594
3,1043
1,299
3,987
2,717
1,670
1,396
1,606
2,742
1,324
1,580
1,408
10,2279
8,2471
1,576
1,354
5,2755
1,353
4,1228
3,2473
1,627
5,1669
1,485
1,376
1,255
1,356
1,457
5,1748
1,374
1,504
1,612
6,3762
1,423
10,3694
4,1636
1,1083
6,1948
1,323
6,2137
1,410
1,475
1,579
5,1522
3,1295
1,460
1,375
1,432
6,2069
10,3314
9,3178
6,2034
1,404
1,360
4,1399
8,2671
3,1055
8,2155
10,3009
6,2174
1,370
1,447
1,519
1,256
10,3476
5,2134
1,338
5,5768
4,1318
9,3039
10,3531
6,3770
1,310
10,3606
4,1610
1,413
1,348
6,2368
1,357
8,2774
9,3204
5,2002
10,5014
1,613
10,3432
10,2956
2,900
2,805
10,3271
10,3295
1,432
2,785
1,530
1,407
10,3271
5,1715
1,462
1,463
2,1027
5,1568
10,3115
6,1845
10,2574
5,1411
10,3282
1,396
3,1087
7,13168
1,324
1,554
4,1530
6,2577
1,557
3,1157
10,4913
10,2203
10,2857
5,1324
5,1133
9,2815
1,398
8,2703
9,2989
10,3541
10,2942
10,3686
3,5342
1,501
2,753
4,1269
2,560
9,2807
10,2121
8,2852
1,595
1,399
7,2253
2,821
10,2303
6,1931
3,1143
1,530
3,1253
10,3755
5,1611
10,2975
5,1659
10,3397
1,414
4,1522
1,415
9,3115
9,8082
6,2017
1,504
5,2156
6,5373
1,504
8,3040
3,1192
1,485
5,1677
5,1841
1,480
6,1578
10,3234
8,20973
2,2285
8,2421
1,315
1,450
10,9607
5,1898
9,3638
3,1026
10,2428
3,1021
10,3639
1,339
10,2469
3,1139
1,620
10,17173
5,1297
1,261
1,503
4,1378
1,368
5,2025
5,1687
3,645
10,12445
10,3241
1,818
10,2567
5,1738
6,2006
4,9005
10,2464
1,322
2,788
9,39575
1,563
10,3644
1,425
10,2286
10,19230
3,760
1,485
8,2026
5,1773
2,807
1,12637
4,1221
1,268
3,1046
10,3505
1,541
5,1704
1,450
10,2028
3,1048
10,2208
1,453
10,2380
4,1420
1,443
10,33866
2,820
1,277
7,2436
4,1320
1,555
10,3891
2,810
9,2812
5,1513
5,1206
1,493
5,1230
5,1696
2,562
3,13272
5,1385
1,257
8,3244
3,1248
8,2729
3,1189
9,2918
5,1477
1,515
1,361
1,419
10,2454
10,7488
1,447
1,464
10,2319
1,441
7,2595
10,3559
1,343
5,1770
3,1241
10,3032
1,336
10,3417
1,522
10,3242
7,2555
6,1653
1,341
9,2078
1,347
8,2567
5,4637
2,804
1,486
8,2759
10,2873
2,841
10,2410
1,549
2,1034
2,760
3,806
5,2079
3,794
1,490
1,463
1,627
3,1137
1,651
7,2200
7,1574
1,561
7,1750
10,3120
5,1845
5,1708
4,1056
1,554
10,2460
10,3444
9,3470
1,425
1,477
3,1228
1,333
5,1833
1,398
10,2537
3,1094
10,2992
5,1716
10,2667
1,502
5,1438
8,1934
1,365
2,883
7,2327
3,1024
8,8154
1,472
1,575
5,1773
2,943
1,433
6,2078
10,3164
1,429
1,603
10,2871
7,3077
3,1296
9,3163
6,2526
7,26261
1,506
1,548
9,3122
10,3841
1,266
6,1965
8,2172
1,459
1,500
5,1484
1,1394
7,2541
8,11111
9,3331
7,4101
1,362
3,945
1,407
5,1750
1,285
1,459
10,2666
1,466
10,18683
10,2127
1,460
9,3266
7,2378
7,3472
6,2243
1,262
1,414
1,361
1,658
1,355
6,2051
9,3133
1,485
10,16917
2,640
1,298
7,2372
6,2419
9,3421
3,1046
1,365
1,370
1,249
10,3350
1,343
4,1313
4,1503
1,487
7,10124
5,1525
1,368
8,5640
3,1178
7,14519
1,461
1,295
1,476
1,399
10,11976
1,266
1,425
1,363
1,426
10,9105
4,1038
3,869
8,3219
1,604
7,2302
2,819
1,302
1,409
1,339
7,17407
1,259
7,2394
6,1570
1,644
1,389
10,2331
1,337
1,471
1,580
1,441
1,435
1,772
8,2441
1,268
5,1630
1,403
2,2305
10,2542
6,2025
1,316
5,1205
6,2300
7,3333
2,740
7,2299
1,265
1,506
7,3095
5,1437
9,2948
10,2224
2,738
10,3242
2,935
1,249
6,1517
1,573
1,524
3,1124
1,330
1,460
1,290
7,2149
1,275
10,3577
1,266
10,3488
1,317
6,2174
1,247
10,2288
1,507
1,621
5,1636
1,550
1,330
5,1273
8,6599
1,284
3,1055
1,449
9,14246
1,351
3,6888
1,249
5,1858
2,643
1,380
5,1462
1,682
1,312
10,3002
1,361
1,248
10,3434
3,869
10,3167
1,362
6,2286
1,422
1,362
1,261
1,354
4,1148
1,373
1,265
10,3407
1,411
1,352
10,2474
10,2453
4,1333
1,273
10,3260
1,293
10,3063
1,420
1,481
10,2648
2,667
1,239
10,3393
7,2343
5,1644
10,2247
5,1812
3,1032
1,270
5,1889
5,1210
5,1580
1,446
3,1452
9,3276
3,968
1,242
10,3317
3,917
10,3380
10,2981
10,3519
1,429
1,247
4,1327
1,288
10,2198
1,403
1,621
8,2969
3,3256
1,356
5,2216
2,717
10,3566
7,2514
1,295
1,446
1,242
9,2970
1,250
10,3061
10,3361
6,4531
1,372
1,474
1,249
10,3430
1,332
5,1649
2,738
10,2238
1,416
1,216
4,1538
1,471
5,2117
3,1119
1,424
10,3924
1,343
1,243
1,545
9,44826
10,3353
1,413
7,2595
1,409
1,293
5,1717
9,3257
9,3290
3,1412
1,363
5,1881
1,417
1,448
3,1218
1,357
5,1895
1,275
5,1312
1,410
1,245
10,3250
10,2811
1,307
10,3542
2,987
5,1227
1,395
3,1186
10,3517
1,340
8,3241
1,254
9,2229
1,370
6,2000
3,963
3,697
1,259
10,2384
1,407
6,2584
1,331
6,1601
5,1664
10,3561
3,1082
1,261
5,1525
1,394
8,1686
3,1273
5,1683
1,458
10,3448
4,1071
10,3449
1,370
4,1257
9,3059
1,489
5,1980
1,295
10,3364
5,1695
5,1697
5,2275
5,5252
1,262
9,2564
1,353
1,555
1,329
10,2674
9,2952
6,1763
2,1719
1,303
7,2393
1,472
10,3434
1,601
10,3558
1,332
1,486
1,378
1,378
2,684
10,3182
5,1723
4,1408
10,3594
1,617
5,1831
1,494
4,1441
1,465
7,2106
1,365
7,2351
1,547
1,379
1,440
9,2373
10,7066
9,3255
1,675
1,320
10,3300
1,408
2,480
2,901
5,1893
1,476
10,2313
1,486
1,401
6,1860
9,3184
10,3248
10,3161
10,4060
10,3333
10,3480
1,452
5,1098
3,900
5,2369
1,345
5,1407
5,1267
1,392
4,1553
1,315
7,6724
10,2761
10,12659
1,284
5,1998
6,2146
10,2511
7,2456
10,3424
1,293
10,3100
3,975
1,365
10,3337
4,1776
5,1609
9,2851
5,9788
1,469
3,921
3,1434
10,2283
7,2373
3,1437
1,338
8,1936
6,1850
1,424
10,3254
10,2558
1,530
4,1525
5,1760
8,2343
5,1228
6,1992
4,1011
9,5409
5,1647
5,1332
5,1693
10,3309
1,282
8,2689
6,2273
5,1830
6,1486
10,3466
10,2649
5,1993
2,678
10,2062
8,2714
10,3550
10,3695
10,3000
9,2929
1,391
9,2375
5,1460
1,501
10,3400
7,15777
1,325
1,566
6,2085
5,1183
9,2832
5,1418
7,2258
10,3052
10,3763
1,308
4,1053
10,2935
1,623
8,2637
9,3003
10,2256
1,497
10,3344
1,315
1,337
1,499
5,1506
5,1167
9,3354
10,2145
6,2133
8,2527
1,449
10,3213
5,1692
1,741
1,596
4,1448
10,2666
1,472
7,2412
10,3384
2,561
5,1417
10,3400
10,2936
10,2870
1,473
10,2355
1,481
10,2582
8,3214
5,1833
10,3313
1,505
5,1712
5,1490
1,359
1,293
5,1760
8,2473
5,1782
1,533
5,2572
1,673
10,2914
1,603
10,3178
10,2248
7,2327
10,3225
3,1106
1,319
10,3179
10,2361
10,2150
10,3358
1,410
10,2545
1,412
9,2198
1,410
5,1623
6,1414
1,410
10,3233
5,2069
1,480
6,1790
10,3380
5,1583
10,2586
1,381
1,324
1,649
9,7491
1,482
4,15986
5,1773
3,863
10,3446
5,1957
5,1576
10,3822
5,1473
10,2198
2,861
1,372
1,263
1,408
10,15986
1,508
3,2921
9,2019
1,368
1,646
8,3005
1,304
8,2484
10,2443
10,2527
10,2583
1,357
1,308
10,3225
3,3281
1,306
3,1017
1,493
1,410
1,628
3,1279
1,255
5,1331
3,1101
10,2452
1,617
1,370
1,225
1,515
6,2016
1,356
5,5411
1,374
2,778
1,509
5,1961
1,262
10,3300
10,3251
2,688
1,518
10,3474
1,225
1,311
8,10089
1,491
10,48502
10,3053
6,1963
5,1718
5,1794
1,256
10,3251
10,2161
10,2288
1,317
10,3182
1,231
1,249
7,22949
5,1888
7,2777
1,276
1,430
1,2528
2,914
1,260
4,1081
10,2910
5,1041
1,427
6,1989
1,334
1,255
1,345
5,1751
1,489
1,276
1,965
1,691
1,741
1,337
2,535
5,1114
1,357
1,362
10,2709
1,347
1,354
2,1015
10,3014
1,476
1,240
1,407
1,323
10,3189
1,577
5,1456
1,348
1,248
1,259
10,2527
1,245
3,1172
2,17217
2,783
3,1079
1,261
1,353
1,514
5,2188
10,3348
1,414
10,2320
1,383
1,251
4,1060
1,430
10,2946
1,31807
1,483
3,841
1,366
1,424
1,433
7,2491
5,1249
1,272
10,2977
1,301
1,242
1,303
10,3117
10,2325
3,32333
10,2970
8,2606
1,494
1,487
1,399
5,2803
10,2559
1,264
7,1586
1,253
1,249
10,2568
2,495
10,3024
8,50671
5,1478
7,3189
1,397
1,500
9,9084
10,6592
3,885
1,254
5,1571
1,341
1,233
2,601
5,1721
7,2349
9,51975
10,21840
9,4387
1,348
3,767
1,439
10,15712
5,1545
1,262
9,2625
1,372
9,1856
10,2418
10,2512
2,866
1,482
5,1788
7,5483
3,844
4,1534
10,2550
9,2959
5,1220
1,636
1,397
1,375
3,760
10,2242
9,2378
10,2850
8,18111
5,1934
7,2342
5,1648
10,2470
3,1190
1,468
1,364
1,255
1,383
1,318
10,2162
10,2408
3,1190
10,2221
1,343
9,3024
1,457
5,1502
10,4948
3,1294
5,1662
10,2808
1,271
1,412
1,239
6,2233
9,2570
10,2301
2,763
1,445
10,3125
1,459
10,2443
9,3047
9,3082
1,570
10,2192
1,281
1,378
2,587
10,3143
9,2879
5,1134
8,1959
10,153339
9,2564
1,445
7,2348
10,2981
10,3320
1,515
7,2593
1,349
1,529
10,2355
1,419
10,3248
1,296
1,445
1,402
3,1190
1,398
5,1796
9,2228
7,2264
1,424
5,1630
10,2577
1,690
10,2134
10,2433
8,2753
1,441
10,3029
9,2878
5,1644
1,552
5,1253
1,413
7,2972
1,726
9,2560
5,1457
1,323
5,1360
7,1690
10,3072
10,2577
10,3721
6,30678
10,2386
3,987
9,3292
10,3343
1,455
1,578
3,844
9,2451
7,1822
1,379
10,2355
1,567
10,3062
10,3003
1,597
10,3486
2,636
5,2055
6,2299
10,2859
1,471
10,3086
3,887
1,336
10,3051
4,1387
1,479
7,1412
8,2344
2,892
1,544
1,417
10,4097
10,2747
7,1773
1,382
5,1678
10,2208
1,350
10,3077
5,1238
1,505
5,1335
10,2060
4,1209
7,1812
1,324
5,1567
8,3097
2,563
1,389
5,1533
5,1917
1,354
8,2546
5,1603
1,537
9,2478
9,3260
4,58445
5,1084
6,2819
1,458
5,1972
1,506
1,572
10,6912
10,2613
3,947
5,1967
5,1737
1,469
5,1663
1,703
8,63055
1,485
1,1534
1,503
10,2592
10,3038
3,1201
10,3344
1,842
10,2608
9,2786
7,2458
1,1601
7,1740
1,743
1,512
1,682
1,468
10,3295
10,2868
10,2708
9,2634
7,2419
1,486
5,1099
5,1769
10,3685
1,1708
10,2238
1,587
6,39112
10,2799
1,380
10,3434
10,2146
1,309
5,1570
5,1563
10,3324
10,2232
5,1496
10,2589
1,1371
5,1629
1,1503
1,3405
1,728
1,484
5,3640
2,545
3,1064
10,3237
1,567
7,2253
10,2400
10,3651
10,3276
1,556
1,410
6,2315
6,2888
1,389
1,304
5,1956
5,1598
10,4131
10,2222
1,438
9,3385
5,1705
10,3559
3,871
1,781
1,462
1,429
1,350
1,359
1,474
5,1813
1,354
8,2297
1,627
5,2115
3,1217
8,2398
10,3939
5,1907
1,663
10,2628
1,497
1,4034
1,357
5,1607
10,3323
1,305
10,3110
7,2533
1,596
5,1242
5,2062
10,3508
8,2724
6,17175
1,295
1,412
2,6115
1,348
3,951
5,18103
1,414
9,2009
5,1342
1,555
10,3354
2,861
5,1543
1,460
10,20868
1,241
1,761
1,427
1,284
4,1257
9,16751
1,388
1,292
10,2545
1,526
5,7133
5,1595
8,2249
1,334
5,15507
1,258
1,488
4,26724
1,256
10,3576
1,516
1,284
1,236
10,2385
1,3279
10,3202
9,3100
5,1219
1,345
8,9032
1,461
3,1143
1,385
1,283
10,3078
1,336
1,306
1,236
6,2112
1,441
10,3382
9,2957
1,533
1,253
10,3642
10,3162
10,3371
1,572
10,2877
9,3456
1,800
1,267
1,226
2,591
1,425
7,5400
5,2359
1,424
1,238
3,1108
1,276
1,494
1,380
2,987
10,3188
10,2573
1,307
1,225
1,379
1,421
5,1786
1,3229
1,324
1,318
4,2927
1,464
3,1181
5,1894
10,2577
5,1599
1,378
1,362
1,226
10,2126
1,422
5,2141
10,3579
1,312
1,452
2,689
1,629
8,2838
8,3570
10,3177
1,303
1,387
1,449
1,250
1,388
10,3603
1,584
10,3492
1,828
1,680
1,466
1,629
10,3330
3,987
1,365
6,1580
1,511
10,2615
1,234
9,3231
3,1188
1,1067
5,1931
1,481
1,607
1,448
3,1241
2,754
2,821
10,3865
10,3635
1,407
9,2946
1,695
10,3251
10,3668
1,487
5,1504
2,623
2,739
1,456
5,6537
7,15010
2,1229
10,7806
10,2657
1,317
3,1063
1,541
4,1309
5,1693
1,457
1,501
1,298
1,355
1,478
5,1870
1,497
2,3075
8,2297
8,2522
1,396
1,556
9,3192
8,1965
7,2834
1,421
1,532
1,476
5,1460
9,2827
3,1081
9,3015
2,751
9,2283
10,2612
1,365
5,1080
3,1352
9,2062
1,588
1,571
5,2013
1,456
2,640
4,1301
10,2590
2,795
10,7696
10,4133
5,1209
2,809
10,2310
10,7428
1,500
5,1949
1,420
9,2949
1,438
9,3178
8,2465
5,1698
6,2224
2,726
5,2372
10,2447
3,1099
10,2336
4,1373
9,2790
10,3548
1,478
1,515
3,889
10,2459
7,2263
10,3554
2,17041
8,2811
3,28557
10,2279
10,2524
1,480
6,2139
1,679
10,15712
1,937
1,457
5,1133
5,1635
6,2456
1,489
1,356
7,5147
4,18505
2,929
10,2522
10,3291
8,2882
1,791
5,6282
1,622
1,304
10,3407
10,2864
6,1910
5,1176
8,2560
8,8754
8,8563
5,1314
8,2923
7,1779
7,2456
1,811
5,1986
10,3544
1,443
1,440
8,2051
9,14903
7,6851
8,20488
8,4476
4,2013
1,530
7,2653
9,2294
5,1831
1,668
9,3025
5,1969
1,415
5,1652
5,1665
6,1941
10,11142
6,18172
4,1248
10,5155
1,370
10,2363
5,1489
3,1233
1,636
10,3106
2,854
1,437
10,3188
10,3112
1,621
5,2044
1,340
1,465
7,14067
1,450
2,769
5,1700
2,940
1,563
3,1394
9,3112
1,297
7,2336
1,398
1,360
10,3477
4,1262
1,398
2,864
1,340
10,2061
10,3344
1,575
1,436
10,3278
5,6462
1,263
5,1573
5,1690
2,708
9,3495
1,323
1,840
1,617
1,314
10,2503
5,1795
1,627
1,381
3,714
10,3533
1,445
10,7188
3,1158
4,1325
5,1873
1,713
1,503
5,5785
1,406
1,653
10,3385
1,555
1,654
10,2691
1,355
1,637
5,1594
7,2311
1,483
3,1211
1,459
1,604
1,2052
1,337
10,3196
10,7497
9,7847
1,664
10,2099
5,7554
5,1535
9,4031
5,1546
4,1383
9,2478
1,1238
1,371
1,605
1,253
10,3443
10,3062
8,3075
3,1104
1,427
8,3212
5,1738
3,839
10,2929
1,502
3,1356
2,578
4,1582
1,574
1,261
8,2089
5,1612
4,1370
10,7385
7,2008
10,10086
3,910
9,2504
10,2429
1,396
10,3199
6,4575
1,512
1,540
1,306
10,6281
5,1741
8,2761
5,1623
1,391
5,1763
10,2571
6,2108
10,2245
1,1173
1,402
6,4363
1,417
1,435
10,2431
10,2429
1,542
9,3076
4,1330
7,2059
1,416
10,2447
10,3293
10,3317
3,1092
1,261
1,410
1,3125
1,409
9,2208
9,3033
1,503
6,2262
10,3293
1,260
9,3174
10,3284
10,2280
5,1650
1,393
1,240
1,445
1,1954
8,15319
10,2863
1,481
1,435
6,9988
4,1371
1,243
3,1328
7,2184
10,2281
10,5863
1,405
1,259
1,1113
1,2583
1,521
5,1720
1,341
1,647
1,357
7,2364
1,327
3,1260
10,2266
7,2340
1,3321
3,1901
1,257
9,38375
1,454
1,620
1,413
1,568
1,566
1,463
5,1697
1,294
10,4285
2,937
1,348
1,377
1,364
10,2192
1,2173
1,456
1,443
10,3355
10,5018
1,415
1,568
1,502
1,248
9,2758
10,2390
10,2937
1,271
1,410
1,233
2,951
3,1218
1,519
10,3003
1,1711
1,343
1,531
8,2541
1,367
10,2410
10,2165
4,1242
1,300
1,347
1,263
1,630
2,919
1,465
1,265
1,544
1,459
2,841
2,835
1,332
10,2382
10,3064
1,383
1,238
1,385
1,254
1,357
6,2361
1,646
10,2718
1,465
1,455
1,414
1,452
1,290
7,2654
1,439
1,309
1,238
1,594
1,252
4,30476
4,1308
9,3312
5,1381
1,434
1,481
1,505
1,386
10,3416
1,588
9,2143
1,456
1,326
5,1707
1,243
1,341
3,1003
2,756
9,2771
1,480
8,2743
1,506
9,10739
6,1652
7,2836
10,4655
1,256
1,241
2,766
1,444
1,465
5,1838
4,1909
1,682
1,568
3,1227
1,487
8,7116
2,1033
1,584
8,1853
1,238
1,287
8,3329
7,2295
2,909
1,606
6,2161
9,2162
1,635
2,763
1,584
6,2055
10,2325
1,296
10,2186
1,240
1,235
2,813
10,3390
3,1126
10,3555
7,2213
5,1605
3,1072
5,1630
1,571
8,2603
10,2277
1,360
1,536
1,233
7,1832
1,442
7,1917
7,2155
6,2188
9,3188
10,3107
3,1298
1,494
4,1468
6,2312
1,440
1,586
9,3130
1,241
2,536
5,1784
10,2317
8,3012
7,3663
1,576
7,1510
8,2737
5,2104
1,408
1,416
4,1549
1,253
1,736
1,248
1,293
10,3873
7,1788
2,1623
8,17686
1,565
5,2917
6,13134
10,3474
4,1581
6,2872
10,3316
1,258
1,507
1,254
10,2020
2,864
2,582
3,1144
7,54995
1,535
10,3596
7,2280
10,4345
1,642
2,737
10,3627
1,356
1,639
2,561
10,2710
7,3219
10,3381
5,1639
8,2895
4,4166
5,2029
5,5930
7,2699
1,554
4,1630
8,1987
1,333
1,626
10,2116
10,3159
8,3152
10,2027
10,16669
5,1970
3,1665
5,1983
2,751
10,3797
1,614
1,345
9,2690
1,267
1,506
10,2062
10,3088
9,7965
1,667
1,463
4,1586
1,484
3,1016
3,1219
5,6278
2,940
2,620
4,5350
1,252
1,582
1,473
3,755
4,1500
10,3085
2,621
3,4257
6,2345
1,645
2,774
9,3185
2,899
1,285
3,1958
10,2385
1,632
10,3209
8,1764
4,1460
3,914
7,2599
5,1962
5,1753
1,436
1,395
5,1998
6,3458
1,456
6,2076
10,2415
4,1850
9,2870
9,1849
1,675
8,2060
8,28681
10,3557
8,2838
1,373
1,673
10,2640
5,1968
1,475
10,13976
7,2267
1,547
8,2672
3,1350
3,14563
10,2588
4,2103
10,3171
2,1127
1,455
9,3215
10,2830
3,1215
1,753
8,2475
10,3601
1,25683
10,2457
7,2351
1,556
9,2792
4,3676
5,4172
3,1291
1,271
4,1518
3,745
3,1188
4,1549
10,3469
1,417
3,1096
1,567
10,3139
1,603
3,1121
1,754
6,2009
3,1096
1,655
8,9714
6,2100
8,2965
1,502
1,454
10,3002
1,406
9,2549
6,1855
3,1216
10,2958
1,456
7,2412
2,711
1,647
9,3107
10,2239
1,566
6,1969
1,386
10,3339
10,4782
3,1578
5,1907
2,963
6,1719
3,1258
5,2166
5,2072
1,589
6,8115
10,2450
2,792
1,532
7,2777
3,1282
5,1928
5,1820
8,6910
4,1306
1,626
4,1495
1,529
6,2123
1,526
7,23844
1,347
5,2009
1,447
1,588
10,2349
8,2605
6,2316
10,3652
4,875
4,7221
3,1019
1,827
2,1034
1,394
6,2046
7,1719
10,3528
1,406
1,402
9,3546
10,3320
10,3445
3,1094
4,1557
1,362
2,751
1,432
10,5070
8,2621
1,4843
1,529
7,2654
1,460
1,377
6,14715
1,386
8,2278
4,1364
7,2677
1,288
4,1268
1,388
7,2638
3,1349
1,825
1,597
7,2355
1,360
1,427
4,16235
2,637
7,2900
2,630
7,2542
8,4755
1,412
10,3473
7,4131
9,3219
2,3712
1,699
4,1671
1,329
3,1346
10,16349
7,9379
3,1055
1,455
1,530
1,339
5,2677
1,372
8,2765
2,686
1,2803
4,1567
9,4246
1,493
2,768
3,17331
4,1521
10,3293
1,443
5,1944
1,274
7,11987
10,3160
4,1556
1,501
4,4380
1,266
4,1750
2,822
1,344
8,5434
9,5322
1,1859
1,336
7,2441
1,378
7,9617
1,362
4,1535
10,9537
4,1457
1,290
1,481
2,882
5,6916
10,3579
8,2788
2,762
1,356
8,2746
1,701
10,14178
1,343
1,449
5,17218
1,386
1,491
1,513
2,707
1,465
3,1176
6,2079
4,8380
4,1256
6,2175
1,435
7,2523
1,355
1,635
10,13233
1,464
1,398
1,435
8,2375
1,485
2,847
8,2590
1,446
1,362
6,2221
7,25992
6,3537
1,368
4,1466
7,25144
1,435
1,377
3,1112
1,388
6,2011
5,1930
9,2840
1,499
1,352
6,3805
10,26730
8,3001
1,287
1,348
1,14372
1,450
1,352
2,720
3,961
1,337
1,419
6,2862
1,430
9,6180
1,364
5,1558
6,5766
4,1085
1,488
10,17187
8,5369
10,2893
4,1414
3,911
9,2995
1,633
1,579
9,3434
1,372
1,435
2,2171
1,594
1,359
1,348
9,3857
1,406
2,894
3,947
5,1896
1,338
1,592
6,10689
1,439
1,4394
1,477
1,410
3,1283
5,1887
1,474
5,8643
1,353
7,1498
4,1305
2,826
1,318
7,26332
1,316
1,432
6,1997
3,1320
3,932
1,492
8,2727
1,421
1,685
6,7811
1,681
3,1099
7,2177
2,25106
1,557
2,682
1,466
1,886
8,8150
1,422
8,3768
9,3330
1,444
9,2370
1,347
10,3257
7,2482
8,2594
6,2019
1,470
4,3219
1,375
8,2511
1,422
1,404
1,616
10,2985
4,1563
3,1305
1,376
10,3206
5,1708
7,2306
4,1564
1,608
1,459
1,340
9,3563
1,468
1,1029
1,706
6,2190
1,343
10,3393
1,408
3,770
1,443
9,2974
1,342
1,443
1,414
1,455
1,408
1,453
1,328
5,1826
7,1634
1,472
3,1274
3,3649
10,2347
1,359
4,1390
1,452
1,437
1,483
1,387
1,327
1,523
8,2619
1,452
5,1265
1,708
10,3316
1,281
8,3191
7,2926
4,1500
8,39336
1,402
4,1267
1,664
1,317
1,436
4,7603
1,551
2,615
1,444
10,2126
1,249
10,2590
1,408
3,1147
9,2766
1,393
1,5008
1,514
6,4123
1,407
6,34052
1,433
3,1019
3,1188
7,1436
5,2060
9,3350
1,476
1,504
6,12502
1,429
1,54033
1,486
1,333
1,366
4,8920
1,415
1,477
1,355
7,1859
2,935
3,1281
7,2553
1,575
1,441
1,529
1,364
1,520
8,47921
5,1856
8,6019
1,387
1,422
6,4753
1,378
3,1605
10,6148
6,2109
1,573
4,1319
1,469
6,14140
8,4348
6,9507
5,1774
9,6653
1,277
2,753
3,2542
1,252
3,1198
6,4657
7,2377
2,834
1,431
4,1443
1,10443
4,1536
2,607
3,1126
6,39313
5,1740
9,2254
4,1615
1,323
2,958
4,1875
6,3916
7,4261
2,796
8,10943
1,12907
8,2909
1,407
10,7337
2,780
5,1783
9,2834
3,1085
1,253
1,5487
8,2937
3,1018
4,1465
6,2114
9,3143
2,12986
8,6610
4,1303
10,2428
1,396
5,1651
10,2607
7,2371
1,265
5,1889
1,1833
1,8451
3,1100
2,801
6,37420
1,474
6,2183
2,665
5,2076
1,482
3,1039
10,3535
1,376
1,243
10,3410
7,2810
1,374
4,1831
8,2696
8,2559
1,408
1,32250
1,441
7,2549
4,1402
10,3512
8,2218
5,1661
1,258
7,14742
3,1024
1,355
3,1061
2,821
4,1371
1,405
1,32330
4,1255
5,2278
1,440
5,1936
9,2667
6,2040
1,266
7,13709
10,15157
8,45577
1,628
1,457
6,1936
1,2176
2,23533
3,1076
1,542
6,1853
5,1842
1,396
7,2395
1,247
4,1834
1,381
1,440
7,2472
2,639
1,426
8,2838
4,1619
8,2732
10,2856
2,10123
7,4448
1,573
7,2313
1,248
9,5330
5,1663
8,2793
6,2390
3,992
4,1285
2,801
1,449
2,725
7,1738
8,3016
10,3756
1,316
7,21190
10,2399
4,1415
2,680
1,413
5,5065
3,943
2,646
3,974
2,1314
7,2149
4,1132
5,24073
1,425
1,299
8,2645
2,768
1,486
1,3278
1,397
6,2127
5,2632
6,1855
3,961
6,2419
1,432
5,1738
2,3820
4,1346
1,467
3,987
7,1649
1,488
1,1649
3,1056
8,8032
2,1025
2,672
9,2879
5,1877
2,810
10,3062
1,415
5,1589
1,267
5,1906
10,2212
1,404
1,764
1,279
7,18548
10,5995
1,418
1,389
3,1246
5,1636
9,3149
1,321
9,10691
1,275
5,1675
1,571
2,833
1,696
5,1962
7,2310
1,616
6,21704
5,1927
2,973
10,3258
7,1786
3,1275
8,6264
1,242
3,763
10,2672
3,1064
1,623
7,2536
1,688
8,2847
5,1484
10,5483
2,848
2,749
3,1212
3,1169
6,2018
1,267
5,1252
10,10332
3,1026
1,640
5,1755
8,2854
7,2732
8,3113
2,956
2,755
7,2284
10,3324
2,2755
10,13934
1,357
5,1760
3,1046
4,1269
1,609
10,3332
1,1072
1,459
2,731
7,8920
3,958
9,2881
6,1981
1,391
6,2234
1,281
10,3904
8,1777
4,1374
1,454
10,3670
3,1089
4,1419
3,1026
4,5541
8,2833
8,12318
5,1783
1,572
10,3368
10,2786
10,3277
10,2309
7,2080
1,655
5,1849
1,1405
9,3143
3,1010
8,8608
5,1845
4,1367
10,3609
5,1669
5,1816
9,2413
5,1593
9,2901
1,426
1,784
5,1905
1,486
7,3039
2,937
4,1307
5,1778
4,1374
3,1206
1,642
10,3362
10,3279
5,1633
1,693
7,2202
4,1539
10,2583
1,577
1,444
1,978
1,555
4,1548
1,436
1,600
1,609
2,657
10,3128
7,2422
9,9748
5,1543
9,10425
1,455
1,523
4,1384
4,1443
1,408
7,2731
1,404
1,310
7,4140
4,1097
10,2949
4,1056
3,1138
8,2526
8,6563
4,1188
1,481
1,495
10,12834
3,1221
2,624
1,448
1,393
10,5692
1,398
1,535
1,428
5,1954
7,2316
1,3855
5,1781
1,397
1,541
2,739
2,718
7,2161
1,331
1,366
2,1129
1,311
10,2397
1,277
10,3478
6,2287
1,453
9,3235
1,371
1,621
8,2540
3,959
8,2640
1,410
1,274
4,1091
1,304
10,4663
1,293
4,1603
6,1848
1,3253
7,2104
1,498
2,838
7,2737
4,1412
8,14913
1,395
1,275
9,3237
1,404
9,2383
1,413
10,3555
10,3313
4,1571
10,2732
5,1984
1,3300
7,2335
4,1624
1,452
1,347
1,287
7,4549
1,341
1,616
1,482
7,7986
3,996
8,2642
9,3016
3,1160
1,502
1,537
3,1230
4,1321
1,411
1,327
8,3507
1,332
2,670
1,508
4,1400
8,2477
2,2055
6,2159
5,1471
1,444
1,595
5,1698
5,1592
1,454
1,372
1,561
1,264
2,704
1,373
1,334
5,1676
6,4724
7,1710
5,1544
1,449
9,3153
1,547
1,438
1,383
1,328
1,565
1,254
10,3069
1,701
5,2138
1,5916
9,2946
10,2373
10,3611
1,396
1,571
7,2342
1,491
1,460
1,529
1,631
1,286
6,2696
1,508
1,347
1,440
1,7831
1,500
5,1994
1,586
1,461
7,2372
1,543
1,410
2,714
1,555
1,259
7,6349
1,418
1,446
1,285
6,5363
1,459
7,2965
1,428
1,584
8,2781
5,1604
1,447
1,310
1,457
1,381
10,3774
10,2047
1,342
1,363
6,1943
1,293
5,2052
3,1412
1,1135
7,15022
1,481
3,1099
9,3152
1,884
10,2129
8,3016
1,387
1,373
1,488
2,829
5,1287
5,1836
8,5213
4,2393
7,2533
2,763
2,735
10,2513
1,481
1,513
8,2665
6,1463
1,395
1,446
3,1119
1,333
9,2657
3,1674
1,1681
6,2194
3,5682
4,1250
10,2145
2,766
9,3157
4,1882
5,1294
1,319
1,466
8,2580
3,829
10,2597
4,1556
1,456
6,2343
1,373
4,1396
8,2764
1,387
10,3521
3,1264
10,3469
1,415
1,336
1,356
1,284
1,565
3,1090
1,536
1,510
4,1272
8,2775
9,2193
3,977
10,4574
1,737
10,3002
1,604
1,376
3,912
1,257
4,1785
1,464
1,493
1,443
4,2842
7,2422
10,2559
3,1083
9,3299
1,640
9,4976
1,453
1,576
2,637
1,311
5,1375
7,7566
1,632
1,482
4,990
1,327
9,2991
4,5682
10,2344
10,24961
7,1551
1,410
5,1819
2,618
1,261
1,295
5,4964
7,2342
3,1208
1,235
5,1914
9,2120
3,958
9,1952
1,22179
10,2179
1,1464
5,2180
5,1883
1,304
7,2510
7,15306
1,391
1,426
3,1005
7,2595
10,2236
4,1371
10,2329
7,15555
5,1728
4,1535
5,1753
10,4234
1,275
10,2998
7,8554
1,775
8,2763
1,251
8,2746
10,2069
7,2591
8,2529
5,12579
3,1322
9,3150
10,3327
1,498
1,288
9,3226
6,2027
2,1278
1,610
1,232
6,2041
10,2737
7,2177
1,414
9,8623
1,513
8,13046
10,3643
7,2971
3,961
6,1802
7,2367
3,1248
1,610
1,242
6,13692
1,266
6,2013
10,2831
1,573
1,376
6,2375
5,2098
1,402
10,2477
7,1956
3,1114
3,2009
1,617
1,244
2,741
10,2132
6,1940
10,2405
1,431
9,1833
1,487
5,1596
1,606
2,633
5,1889
8,2680
4,6066
1,540
1,231
3,1055
1,537
8,20314
6,1726
1,308
10,3438
6,3210
1,544
7,45449
1,310
10,3532
5,1931
3,810
1,548
7,2224
8,2674
10,3296
7,2182
10,3015
1,397
10,2613
1,337
10,3459
8,2783
10,3448
3,1208
3,1321
3,1238
1,502
6,1987
5,2002
10,3352
8,40301
2,755
1,743
10,3165
1,888
4,1260
4,1266
10,2227
3,790
5,1766
1,519
10,4009
7,2715
5,1722
1,1145
3,1131
10,3205
1,264
10,3153
6,2147
5,1281
1,376
8,2585
1,363
5,1867
7,3340
5,1824
8,2598
5,1844
1,413
7,25331
4,1228
1,349
9,2191
2,842
8,2749
9,3692
9,2463
1,302
10,3360
8,6946
5,1895
6,1880
3,768
1,298
5,1967
1,916
4,1364
10,3296
4,1485
8,3426
1,418
10,2423
1,380
10,3413
7,2392
3,1012
6,2474
5,1911
1,259
5,6228
1,514
4,1572
1,352
9,38163
10,3824
1,417
9,1955
1,255
5,1788
6,1943
10,3080
3,6381
10,3722
1,509
1,879
1,366
7,2389
1,242
1,464
9,3101
1,651
10,2441
1,350
1,592
5,2306
5,1503
7,16348
5,1854
1,508
5,2911
1,283
3,1253
1,243
4,14155
6,2208
4,21585
10,2326
1,280
1,592
7,2431
5,3633
5,1774
10,10667
1,532
3,1122
1,291
5,3425
1,233
6,16828
7,1562
2,70273
10,2371
1,331
1,452
8,7576
7,2421
5,1725
7,2910
1,321
1,432
1,811
1,615
1,277
2,785
10,4010
1,437
10,3224
1,240
1,426
5,1783
10,3374
5,1822
5,1842
1,262
1,445
1,496
6,2001
1,234
8,2755
5,1832
1,543
10,2413
1,271
7,2881
5,1814
1,527
3,990
10,2966
1,266
1,307
1,349
6,2219
1,230
2,618
2,574
1,618
1,432
1,361
1,379
3,1060
4,1172
7,2600
1,259
2,994
1,335
1,371
6,1905
1,262
3,1010
2,506
1,486
9,2356
1,503
1,554
5,1527
5,1446
10,12196
1,335
2,769
1,254
1,342
3,949
1,249
3,4751
3,788
1,532
10,3232
2,775
5,1812
10,3532
10,3397
10,3152
1,324
10,3270
1,271
10,2302
4,1510
1,260
2,5020
1,434
1,456
1,383
9,3014
1,389
10,2623
8,3000
5,1560
1,408
7,2331
1,250
2,605
1,443
10,2899
1,344
1,373
4,1573
1,258
10,3687
5,1854
5,1861
9,3359
5,1650
1,353
10,2279
1,503
10,4357
5,1810
9,3034
5,1694
1,410
3,1082
1,244
10,3173
1,316
5,1841
10,5175
7,2571
1,390
8,2601
1,614
6,1915
3,995
10,2413
8,2595
1,385
2,765
1,246
10,2194
1,432
7,2510
6,1831
5,6140
1,337
8,2583
10,2111
9,2180
2,916
10,3282
2,778
1,353
4,1594
1,234
8,3005
1,627
1,562
7,2210
1,472
1,467
3,2145
10,3310
8,3237
5,1914
10,3565
7,2117
1,359
3,1306
1,262
10,2429
10,3888
5,1931
5,1592
3,699
1,454
10,3169
5,1487
4,1507
7,2531
1,403
8,2884
1,299
7,7827
1,357
10,2601
8,2818
1,425
10,3371
1,291
1,318
7,2391
5,1693
1,715
9,2858
9,2115
4,1384
10,3154
5,1947
1,247
9,2081
1,364
1,554
2,614
1,330
1,352
6,2272
5,1727
10,4046
1,1133
10,3364
1,395
1,335
1,358
1,235
10,2531
5,1301
1,482
3,1397
1,585
4,949
5,1928
7,4511
5,1784
5,1880
1,612
7,14162
1,358
8,7831
1,301
8,2474
2,772
1,540
2,702
1,299
3,711
4,1442
5,1792
7,10712
8,3057
2,802
9,6521
1,364
6,2564
1,565
10,3359
10,2527
1,477
1,499
1,394
5,1211
3,1250
1,477
3,1527
7,2647
10,3398
1,497
2,559
7,11032
7,1875
1,373
9,3065
1,455
1,283
1,266
9,2922
3,1319
4,1150
6,1845
5,1838
9,3456
4,1393
1,336
7,2838
2,671
10,2717
10,3313
1,378
1,456
1,309
8,2560
4,1698
5,1583
4,1113
3,1050
7,2222
1,379
10,2761
8,3959
2,520
9,3035
7,1594
1,471
1,276
1,394
10,2780
9,5116
8,1787
3,1194
1,498
6,2419
1,449
10,3737
3,1052
3,1137
2,769
10,2197
1,522
1,363
1,536
6,2100
5,1898
10,3255
5,1672
1,395
10,3388
1,407
8,2248
6,9865
7,2349
10,2976
5,1175
1,454
1,367
1,426
7,1824
9,16813
6,2112
5,1890
1,279
8,2757
1,1368
9,2110
5,1801
10,3272
1,428
3,1006
10,3218
1,351
4,1269
10,2256
3,1578
9,3016
3,1231
1,312
1,493
1,319
9,2266
5,1741
8,9617
1,384
1,494
4,1132
1,262
8,2754
5,1489
6,2143
10,3232
9,3411
1,251
3,986
1,386
10,2570
5,1720
8,2824
1,273
2,804
10,2407
1,259
10,3441
2,802
7,2531
7,2131
7,2620
1,271
4,1340
1,433
10,2200
3,1160
3,1145
1,287
1,365
5,1250
1,319
9,2846
10,2747
1,468
10,2386
4,1558
1,301
5,1837
1,449
10,2118
10,3480
10,3337
1,278
9,2456
8,2603
1,624
6,1607
2,739
1,4067
2,626
6,2192
1,266
1,620
1,448
10,2652
1,501
5,1680
1,294
10,3713
9,3519
8,1828
10,3288
1,427
1,507
3,983
5,1756
1,249
1,503
1,477
1,313
5,1657
7,2722
1,257
10,2447
10,8770
1,445
7,1519
10,2264
1,679
1,440
1,645
1,258
1,520
1,454
10,2530
10,4037
4,1570
1,398
10,3702
6,1731
9,2763
10,2543
10,3437
1,645
2,811
1,715
9,2494
1,967
2,815
10,3556
1,492
6,2099
1,257
8,3019
7,1630
10,3234
2,569
10,2367
7,6551
1,393
1,664
10,3057
1,560
3,1236
9,1879
5,1744
3,1050
1,319
9,2070
5,2295
10,3318
3,976
8,1809
1,574
9,2053
7,2555
5,1257
1,420
4,2979
10,3053
7,2291
5,1658
1,240
1,374
2,617
9,2604
1,414
9,2712
1,768
1,570
1,21906
10,3257
10,3200
4,1503
1,489
1,375
9,3092
2,837
1,242
3,840
10,2316
2,703
1,451
1,360
10,2882
7,9703
9,2847
1,463
3,1015
1,390
5,1722
6,1994
10,3467
1,324
1,460
9,2066
10,3592
1,361
1,307
1,571
1,373
10,3476
5,1795
7,2143
1,296
1,565
3,958
9,2821
1,260
1,464
10,2300
9,2914
10,2482
1,452
1,424
1,237
10,3162
7,2311
1,480
1,828
1,398
5,1746
7,2099
1,274
2,460
8,1723
10,6913
1,461
1,357
10,3774
1,236
5,1303
1,2449
5,1772
1,369
1,467
6,2236
10,2860
1,296
9,2572
10,3263
10,3703
1,437
1,348
1,264
1,273
10,2526
1,404
7,2792
1,272
1,376
4,1514
8,16675
1,251
10,3189
10,3075
8,2747
1,445
1,494
1,350
1,337
1,519
1,537
8,2764
1,320
1,398
1,545
1,593
1,245
10,3773
1,505
10,2118
9,2512
2,818
10,2484
1,372
4,1891
4,1432
7,2367
10,3142
1,394
7,2194
3,1139
1,236
10,2339
10,2980
10,2468
1,276
3,1140
1,544
1,283
1,644
7,2646
6,1809
1,279
1,371
1,549
6,2283
1,268
9,2393
9,1922
1,402
1,315
5,2446
1,391
1,346
3,1120
9,24519
6,1791
1,327
10,3316
1,485
10,4371
10,2327
8,2573
2,752
1,328
1,265
7,2275
1,360
3,1332
6,2212
3,15969
3,1315
1,318
4,1140
1,333
5,1839
10,2307
1,518
10,3045
1,276
1,331
9,2879
1,258
3,1480
4,5151
6,8361
8,2838
1,275
5,1232
4,1608
7,2063
9,2471
1,434
1,587
1,351
1,595
8,2446
1,258
5,1337
9,3149
5,2697
7,2701
2,665
8,2395
1,618
3,1448
8,2426
1,795
1,444
1,277
10,2273
1,403
8,2491
6,2086
2,936
6,2243
5,1387
2,901
10,3519
5,1656
4,1627
10,2043
1,655
1,586
1,244
8,1870
7,2320
9,2475
9,3502
6,2130
3,922
5,1381
10,3266
10,3066
1,325
3,1064
1,281
1,594
2,1989
1,265
10,2121
3,1045
10,3407
1,516
7,2274
1,485
3,1280
7,1998
7,1636
1,693
5,1882
10,2348
1,541
1,405
1,346
1,501
5,7503
9,2337
7,2425
6,6262
4,1649
8,2624
8,2620
6,1442
4,1463
3,3029
9,2187
1,304
1,387
1,337
10,2801
9,2219
10,2726
5,1641
3,1033
5,2080
3,986
8,2665
10,3365
1,352
9,2959
10,3512
1,349
1,452
1,389
10,2479
5,1715
10,2503
4,1624
1,564
1,397
10,3373
3,17521
5,1619
1,647
6,2491
2,784
1,517
1,405
9,3236
2,787
10,3504
1,465
9,2930
1,551
5,1588
5,1974
10,3751
2,624
1,598
5,1738
1,568
1,294
1,409
10,2729
10,3226
10,3396
10,3654
5,1900
1,1132
2,692
5,1599
5,2512
3,943
1,408
7,2632
2,857
10,2444
1,376
10,2429
6,1810
9,2031
10,3225
10,2835
4,1392
3,1210
7,2224
7,2651
1,368
1,431
7,2610
2,780
9,2942
1,378
1,428
2,808
10,3476
9,2527
6,2028
1,389
5,1481
2,719
3,1139
2,690
3,1059
1,758
10,2893
10,3763
1,442
10,3345
2,839
10,3549
10,3566
10,2303
1,511
7,2251
1,432
4,1713
1,250
2,769
4,1384
9,2968
10,2621
8,1931
10,2152
4,1746
10,3388
1,523
5,1621
7,2411
9,2655
1,397
6,1397
9,2024
6,2059
1,570
6,2060
8,2402
2,569
9,2138
10,3786
5,1333
2,570
10,3554
1,412
8,2311
1,452
9,2929
10,4506
7,2521
1,548
10,3350
10,3675
10,3816
10,3318
7,2392
1,10819
2,875
10,3546
3,1143
5,1276
1,369
5,1623
10,3309
9,23852
1,517
8,3663
10,3210
7,2136
1,499
10,3289
10,6796
10,3084
10,2192
1,562
1,642
1,411
6,2113
10,3159
8,2634
1,619
8,2640
1,3108
9,3727
2,767
8,2740
1,487
1,398
4,1158
7,2369
3,1106
1,361
3,946
8,2938
7,5392
5,2484
1,499
9,1934
8,2884
7,2463
8,8001
1,386
7,2271
10,3078
1,454
7,2756
1,381
3,13735
9,2768
3,1482
1,638
1,377
2,666
3,1115
10,3726
3,1112
1,371
1,415
1,704
1,356
5,1460
1,417
6,2196
1,357
10,2970
1,608
1,387
1,646
1,501
7,2198
1,573
1,516
10,6403
1,533
5,1896
5,1943
1,530
7,2446
1,330
5,1598
1,597
1,408
2,892
10,3669
10,4992
10,3454
1,424
1,483
1,431
1,621
1,432
1,390
4,1292
1,305
10,2211
1,610
1,420
2,828
7,2497
8,3176
1,390
1,439
9,2572
1,414
1,569
1,339
1,490
1,507
1,272
9,2549
1,631
1,374
10,5681
5,1711
10,3324
1,436
4,1361
1,251
4,3059
2,822
1,292
10,2442
4,3394
1,248
10,2639
1,479
4,1303
7,2201
3,1317
3,1138
1,383
1,411
1,261
9,3706
1,354
1,331
4,1484
1,616
1,245
10,2329
2,802
1,500
7,2286
3,1205
3,986
1,403
1,488
1,297
1,475
6,14235
1,266
5,1316
7,2337
1,287
5,1928
3,942
1,472
10,3237
6,1914
10,5804
1,472
1,364
1,360
1,416
4,1721
1,282
7,2633
1,487
1,251
10,4044
6,1990
1,629
8,2891
5,2037
1,667
7,2429
1,501
1,388
3,1066
2,624
1,359
10,3730
1,454
1,250
10,3825
5,1821
1,484
8,8635
3,1290
1,792
1,363
1,393
1,258
1,387
4,1384
1,370
9,2636
1,493
1,292
10,2569
8,2570
1,584
3,1045
6,2010
1,626
5,1708
4,2511
1,338
1,434
4,1394
1,266
7,1808
5,1723
10,2569
1,444
8,3079
4,1472
3,908
9,3328
1,652
1,429
6,1898
8,3083
1,449
3,1137
1,381
6,1399
1,434
10,3327
1,434
1,428
10,4108
1,423
7,2671
1,1184
1,377
9,16573
8,2926
6,1975
4,1364
9,2196
10,2204
1,456
10,2167
1,578
4,1343
7,2502
1,556
5,1572
1,569
1,461
2,705
3,7402
4,2498
6,2238
5,1374
5,1662
1,372
10,2118
1,625
5,1664
3,1294
1,691
4,1461
1,496
3,800
6,12233
1,681
1,369
2,951
9,2627
3,810
1,332
10,2526
1,551
7,4954
6,2385
1,556
7,1820
1,391
4,1468
6,2383
4,1581
1,482
7,2541
10,2688
3,776
1,583
10,2410
1,574
2,682
6,1814
1,557
4,2042
7,2933
3,1108
1,494
5,1821
6,2052
3,1117
10,3359
1,491
1,435
9,3011
1,558
9,2506
3,8075
1,713
1,369
1,359
3,1154
3,24496
7,2333
7,2402
5,1755
10,3589
10,2189
1,397
10,2234
1,673
10,3593
6,1909
1,657
1,462
5,4602
5,2822
4,31057
6,1642
1,884
2,815
1,753
2,549
1,538
1,370
1,547
5,1467
3,1145
1,739
1,503
1,255
9,5515
7,24090
4,1470
1,417
2,845
10,3541
9,2711
5,1852
2,893
1,469
6,2511
7,2262
1,569
1,2272
3,842
7,2247
3,14814
5,1296
6,1818
1,532
10,7624
10,2954
3,859
2,555
1,390
10,2224
9,15119
10,3308
1,645
3,1086
5,1563
4,5919
6,1780
3,1045
1,495
4,1815
10,3662
7,2381
10,2185
4,1467
10,2191
4,1350
1,489
5,2418
9,2907
6,1986
2,1012
3,902
3,1100
6,2077
1,532
10,2581
9,2331
10,3293
1,551
5,1717
1,470
5,2304
1,361
9,2797
7,2404
6,4326
3,1083
3,1375
3,1056
3,1145
8,2018
9,2983
7,2252
3,1137
10,3788
4,1429
7,5413
1,586
5,1748
1,591
1,416
10,2945
1,358
8,2763
4,1457
1,345
1,784
7,2288
6,2003
4,1605
7,2386
3,1147
1,565
6,2412
5,1899
1,406
9,16565
6,2141
2,834
6,2120
1,309
7,3041
8,3258
9,8700
10,2592
1,714
3,1156
2,1266
3,1154
3,1132
7,5990
6,2096
6,2183
4,1467
9,3123
1,245
3,1813
1,433
2,636
10,3695
2,850
3,1138
1,767
7,2226
1,442
2,945
4,9991
2,707
6,1869
2,844
1,280
9,3279
8,2997
6,3313
1,706
5,1849
6,1777
1,739
1,543
1,450
4,1580
1,793
2,836
4,1488
1,473
1,262
6,1642
1,392
7,2188
1,589
3,1225
5,2010
1,679
4,4139
7,1985
7,2548
7,2312
4,1778
10,3229
1,509
1,264
10,3322
1,611
4,1605
1,435
6,2021
3,1454
1,1378
1,923
5,5436
4,5599
1,489
7,2814
2,830
6,2251
1,240
9,2027
1,438
7,2443
1,429
7,2502
6,4935
8,2129
7,2466
5,1607
3,1366
2,531
5,1679
8,2630
7,2252
1,263
10,5506
1,513
3,1204
1,716
9,2237
7,2559
3,1226
2,985
7,2360
5,2532
1,356
4,1451
6,2080
6,3775
1,275
4,1652
3,1459
3,995
1,670
1,389
7,5730
5,1449
3,1326
9,3380
6,2247
1,555
4,1391
1,366
6,2388
1,247
10,3891
1,3084
5,1796
1,48701
1,305
7,2428
6,2052
3,1086
9,2924
9,3013
3,839
5,1555
6,1925
1,427
9,2274
10,2371
1,673
1,10678
4,38799
1,436
4,1552
9,2575
5,5216
1,514
3,1383
1,453
8,2761
1,511
1,1134
10,3113
1,14381
1,901
1,405
3,1311
8,2230
4,1660
1,526
7,6122
5,2617
7,2426
5,1837
4,1276
4,1396
1,612
10,2904
10,15949
1,1679
6,2091
1,453
1,487
1,420
7,2566
10,2761
5,1339
2,832
1,397
1,501
1,425
3,1208
10,2133
10,16090
1,535
4,1463
1,554
1,408
2,862
5,1983
8,1854
3,878
3,1155
7,2512
1,436
1,451
7,8820
10,2885
4,1407
3,2729
4,1206
5,1640
5,1288
3,1021
4,1464
7,2447
1,349
1,541
1,425
1,385
1,494
1,584
1,365
1,411
10,3425
2,1876
6,3824
1,448
5,1525
9,2638
10,3250
1,227
1,567
1,369
3,1009
1,470
3,1357
10,2311
1,463
5,1848
2,754
1,464
7,2377
5,1306
5,1245
7,2439
1,285
2,901
6,1922
7,7570
1,498
3,1416
9,1979
1,354
4,1004
1,569
9,8281
4,1347
7,1788
6,2484
5,2359
1,270
1,543
1,517
1,614
1,423
1,331
10,2728
1,431
3,684
7,2403
2,842
1,375
9,2371
10,2596
3,1439
1,259
1,613
1,343
1,430
1,428
1,463
1,471
1,3127
6,1540
3,1205
5,9341
1,350
8,2791
10,2215
1,366
1,240
1,553
1,255
5,1917
1,444
1,502
10,2333
1,540
6,4139
4,2459
1,519
3,2287
5,1496
10,3795
1,312
1,435
1,447
1,258
1,406
1,415
2,847
2,625
1,409
5,10144
1,584
7,20323
1,291
7,2307
5,1855
1,268
9,2205
1,392
9,3159
4,1799
1,409
1,494
10,2621
6,4690
9,14457
1,574
7,5558
1,305
1,575
10,3564
1,372
1,294
1,593
8,2482
1,372
8,2599
1,555
7,2209
1,480
3,1332
5,1680
4,1581
1,248
5,2031
4,1529
1,252
1,245
1,684
5,1847
1,665
3,974
1,512
7,4873
1,544
6,2747
9,3338
1,345
10,2261
1,587
10,3584
1,385
1,235
1,454
7,2346
1,855
2,931
6,1517
10,3278
1,602
4,3798
2,828
3,1206
9,2887
3,1028
10,3221
1,362
5,1292
3,1061
3,1034
1,535
4,1720
4,1377
8,2629
1,529
7,12172
1,380
3,1235
10,2841
1,313
1,772
1,387
10,3286
1,412
4,1520
1,625
6,2140
2,637
3,1136
3,1318
1,664
7,3361
6,2245
6,2191
1,392
1,575
1,361
9,2349
1,421
9,2153
1,428
6,2052
1,312
3,939
2,1003
4,1526
1,1381
2,961
10,3328
1,367
1,658
1,260
9,2244
1,393
5,1363
3,1182
1,523
4,1406
1,485
9,5985
7,2464
3,3966
1,454
10,3012
1,493
1,810
5,1294
10,2221
6,2351
2,561
10,3294
1,495
3,1127
1,498
1,965
1,498
1,401
6,2083
4,1322
1,326
1,387
10,2906
10,3450
4,3457
10,3214
1,447
5,1853
7,2242
1,524
6,2270
2,910
3,15827
2,908
10,2649
1,383
1,425
10,2411
5,1611
8,3175
1,324
6,2342
7,1743
8,3197
1,489
7,2277
3,1453
1,4551
2,1606
10,3179
1,346
1,359
10,3703
1,411
4,1387
10,2185
2,810
8,2680
4,21318
1,654
1,502
5,1381
1,478
3,1358
4,1426
1,360
1,473
10,3456
1,274
6,2315
5,1834
4,1512
6,1997
5,1648
1,636
7,11997
7,2628
1,608
7,13592
1,445
1,398
1,515
5,1628
10,2899
4,1539
10,3266
6,2069
3,1229
5,11099
1,695
3,1048
5,1649
5,2139
2,809
3,1163
9,3089
4,1367
10,3300
4,1343
6,9061
8,2453
4,1506
4,1785
3,1203
1,463
3,2996
1,363
2,687
4,6274
5,6753
5,1386
1,308
10,11984
3,1011
2,819
10,2683
8,3080
5,1840
5,14664
1,470
3,917
1,376
1,588
5,4425
6,2062
6,2126
2,741
4,11390
1,492
6,2312
10,2328
6,8178
3,1191
1,374
10,3815
6,1613
9,2889
1,610
5,1781
1,454
10,2775
1,369
3,1132
7,2357
6,2033
4,1600
6,12089
1,558
3,1077
1,246
2,1052
1,483
3,5548
4,1552
2,643
10,2043
3,842
4,1800
4,1364
4,1513
1,708
4,1762
6,1520
1,379
7,2065
6,12347
1,364
1,871
7,2593
9,5974
10,2037
5,1842
9,3520
6,1962
1,584
1,580
1,458
3,1385
3,1165
5,1588
2,1220
1,566
1,487
8,8180
1,426
5,1861
7,6176
6,2591
9,2951
1,3800
1,570
2,842
10,3375
1,520
4,1107
2,830
8,2509
6,2031
1,541
1,354
10,3344
1,505
2,888
2,637
2,876
3,1359
3,1004
7,2351
6,9430
3,1343
1,5663
5,1484
3,4241
3,963
1,382
4,1464
6,1926
4,1533
6,1899
3,1387
5,1944
1,486
10,3391
8,3301
3,1194
4,1328
3,1226
1,481
3,3396
6,2454
10,3669
1,340
7,2679
1,449
2,786
1,687
2,849
4,1076
2,802
6,2050
7,2122
1,389
2,673
2,9697
1,608
4,1433
7,2517
6,2164
6,2610
7,2970
6,15658
6,2078
9,2846
9,2870
9,2781
2,1242
7,1656
8,5531
5,1914
7,2356
1,511
3,1084
1,556
1,450
1,660
9,4687
3,1036
7,2399
4,1444
5,1709
4,1298
1,450
4,1535
1,1023
1,459
3,1142
3,1046
7,14299
1,399
6,3819
1,357
3,1260
3,974
4,1354
3,949
5,1733
1,550
4,1679
1,659
1,432
4,1580
5,33454
1,499
3,1104
6,2170
2,933
7,2142
10,3522
6,8094
6,2055
4,4698
5,1669
10,3264
1,355
5,1629
6,2110
6,98991
1,485
1,382
7,2452
7,2510
6,2044
10,3246
2,762
7,2218
8,2652
1,315
2,811
1,412
1,522
9,2984
3,1171
7,2191
1,302
8,5928
6,1945
1,457
1,269
8,5413
1,590
5,5192
1,255
6,2062
1,446
7,2845
2,798
5,2922
1,512
1,6184
1,689
1,463
8,2695
1,308
1,426
4,1669
7,2738
10,2329
8,10364
1,658
2,760
6,1977
2,752
1,8080
3,957
5,1998
5,1663
8,7938
1,430
2,7301
7,2698
3,1118
5,1260
6,3577
1,468
1,339
1,404
6,2434
4,1336
3,7666
8,2884
1,459
7,9986
1,512
1,413
10,2869
2,765
9,2356
1,494
1,370
3,1092
7,2075
2,903
1,495
7,19010
9,3146
1,450
7,6406
1,348
6,1936
3,1325
5,3150
10,2136
1,567
1,406
3,1116
1,307
2,837
3,969
5,1652
3,980
2,693
3,6655
1,485
1,451
2,792
1,400
10,3304
3,1015
1,522
1,472
6,1839
4,1425
1,475
1,534
3,1248
7,2223
7,2260
1,527
1,519
5,2175
1,5104
5,1964
2,767
6,2042
3,22084
1,433
7,4458
3,980
2,677
4,1870
1,325
1,613
1,262
6,11643
5,1742
3,5305
10,3973
1,535
1,363
1,398
1,408
5,3844
1,498
6,2283
1,581
1,496
4,1726
1,294
4,1338
10,3336
5,9298
10,3041
4,1331
1,364
2,729
1,407
4,1371
1,475
1,1336
1,626
1,454
1,437
1,337
1,1188
7,2858
1,448
1,357
6,1686
8,3010
1,337
1,399
3,1265
6,2023
1,379
5,4665
3,979
1,3789
6,1503
1,531
8,3414
1,376
10,6557
6,2488
2,914
6,2132
1,451
5,1662
1,2639
2,782
1,615
1,452
1,466
1,694
1,492
5,2041
1,449
4,1427
1,413
6,2098
2,753
1,469
4,1615
1,487
3,1131
1,387
6,2013
1,540
5,1324
1,440
1,640
1,407
1,491
8,2684
4,1562
1,415
1,449
8,2793
6,2493
1,359
1,341
2,708
1,345
2,950
1,560
5,1455
1,387
3,1330
8,3697
10,10786
4,1286
1,434
1,575
2,675
1,388
1,405
3,967
1,440
4,1415
1,415
1,626
1,463
4,1710
5,1706
2,997
7,2234
1,380
3,1097
1,424
2,609
1,534
7,2476
1,586
9,2797
1,472
1,545
1,587
6,2892
1,376
8,2974
7,18460
4,1893
1,645
2,637
7,2396
1,541
1,336
1,464
10,3301
1,441
1,504
1,401
1,851
6,9634
6,10691
5,5485
1,830
7,7198
2,626
1,442
1,373
3,1128
1,535
10,2313
7,8713
1,390
1,436
1,492
9,8093
4,1340
3,1047
3,3202
1,442
4,1403
1,450
1,571
2,652
1,400
5,1430
1,356
1,328
5,1635
1,682
1,440
2,9209
4,3265
7,6020
5,1635
4,1358
3,1089
1,305
5,14294
1,280
8,2409
3,1023
1,668
3,4374
2,964
3,977
1,571
5,1601
6,1938
3,991
7,3093
3,1470
1,269
4,1384
3,1179
10,2368
5,1842
1,360
1,444
1,570
7,2345
3,1415
8,2690
2,586
1,592
4,1262
5,1598
6,1623
7,2211
1,543
8,2125
3,1303
1,341
1,892
1,702
4,1457
1,489
1,417
9,2655
2,1052
7,90583
6,1968
3,1080
3,1093
9,3084
10,3449
1,676
1,399
8,3138
7,2513
1,472
8,2778
3,912
1,434
1,425
5,1734
8,2963
7,1647
4,1502
6,2206
10,2785
8,3143
1,339
1,354
1,10907
1,401
4,1219
3,5101
6,1762
1,521
1,363
3,1173
10,3918
8,2533
3,746
10,2465
1,397
9,2441
4,1394
6,2343
1,392
3,1201
5,1195
2,756
8,4401
4,1205
7,2523
10,2685
3,1582
7,1787
10,3061
5,1859
5,1715
10,8535
6,17031
1,349
6,2150
1,465
4,1476
1,1828
3,3483
1,439
4,1748
3,1077
10,3255
2,601
9,2920
10,2645
2,743
9,55123
1,481
6,2000
3,1085
4,1457
1,520
8,40367
2,824
7,1859
7,3504
4,1152
10,3481
7,6928
9,1927
9,6665
1,643
1,530
3,1020
1,431
5,1929
1,518
3,1262
2,1032
3,868
5,1669
7,2362
1,10535
5,2095
10,2119
6,2020
1,615
1,457
8,7527
1,540
2,829
1,1360
1,413
2,801
10,3176
4,7886
3,793
10,2725
7,4893
10,3777
6,2636
1,403
5,1685
1,8527
6,1924
4,1422
1,597
5,1334
1,464
2,1082
1,4072
10,2964
1,418
1,723
5,1889
1,572
4,1492
1,321
7,2554
8,3326
4,1488
1,442
8,1867
1,388
7,2727
1,439
7,2262
3,1164
5,1753
10,3118
1,616
7,2336
3,707
6,1994
2,1149
2,810
3,1177
2,1076
4,1631
10,2485
5,1664
10,2145
1,452
3,1192
10,2867
3,1386
3,1137
1,299
7,2461
6,2262
7,2180
1,516
6,3341
5,1702
10,2415
1,461
10,3430
1,437
1,547
1,587
2,936
1,389
3,1093
4,1523
4,1268
3,1142
6,7779
4,1533
8,3079
7,1880
1,373
2,857
9,2745
6,2821
4,26059
4,1717
3,999
1,586
3,1071
1,490
3,1387
2,725
10,3039
8,2916
10,2727
8,2978
3,1028
1,393
3,1179
1,551
3,1190
1,577
7,1894
7,2977
4,26517
5,1745
2,853
6,7135
4,1299
8,2611
1,345
10,3187
1,397
10,2831
3,1247
6,1983
2,782
7,2352
1,626
10,2769
2,853
4,1682
5,1643
6,1970
4,1383
1,453
8,1772
1,446
7,1931
7,2608
6,1992
1,503
10,3411
1,462
1,516
1,521
6,2708
2,1394
10,3135
3,900
2,1006
10,2288
1,439
9,2953
4,1720
8,2444
6,11211
10,3211
1,434
2,792
3,1165
4,1321
1,406
5,1605
10,2289
1,330
10,2100
1,513
10,2114
6,2051
1,385
2,715
9,3115
1,498
1,525
1,387
8,4658
8,2653
2,2633
3,1071
1,399
8,2442
1,443
4,920
8,11836
5,1703
2,786
3,1107
1,418
6,2068
5,1900
6,5101
6,2072
6,2009
6,1478
1,460
2,606
5,1399
7,2741
2,718
8,3098
4,7909
10,3425
1,366
6,5767
8,3163
6,2148
3,1029
6,2529
1,362
1,423
1,404
7,2237
1,441
3,1123
6,2224
4,1594
1,638
1,391
1,5932
2,995
4,1551
1,335
4,1841
1,260
4,1261
1,257
9,2925
10,2923
7,2045
7,1574
7,9400
7,1786
1,470
4,1695
4,1271
1,506
1,493
1,522
1,235
10,5041
1,250
3,951
1,408
1,338
3,1177
4,1647
10,2949
3,854
1,493
6,1977
3,1186
4,1373
1,611
1,228
6,3062
1,377
1,368
1,274
6,2096
7,2537
2,2970
10,2789
1,284
8,21658
10,3171
1,504
1,503
1,579
1,225
5,2357
1,348
10,3569
3,1076
1,468
4,1346
6,3359
4,1020
1,364
1,481
5,1760
2,799
1,457
1,470
1,226
2,986
1,334
5,1790
1,360
1,368
1,464
8,2729
7,2100
1,272
1,369
1,539
4,1440
1,517
1,533
1,292
8,1830
1,247
1,603
1,611
1,513
1,514
2,672
9,2642
1,539
1,858
2,707
3,1125
1,460
1,674
1,243
1,322
1,237
7,5306
10,3070
1,464
1,317
7,2214
2,742
3,1027
1,498
8,2599
6,2463
1,454
1,469
1,257
1,670
1,239
1,632
1,318
1,477
6,1854
3,1048
3,895
6,1996
1,448
6,2048
3,1177
1,438
1,420
1,486
6,3491
1,309
8,2649
1,299
1,473
1,367
5,1737
10,3268
10,2994
6,2389
6,2047
6,2170
1,461
1,446
10,2986
4,1678
10,3200
4,8198
1,397
7,2269
5,1905
2,797
1,381
7,1924
1,341
1,534
1,396
1,468
2,726
8,1612
1,556
10,3526
1,810
1,293
1,430
1,389
2,769
6,1251
9,2632
3,1347
4,1290
8,2664
1,469
3,1060
10,2140
2,852
8,1781
10,3547
1,343
1,427
1,453
1,623
1,226
7,2551
1,444
1,519
7,2063
2,762
1,498
10,2254
1,639
10,3327
7,2559
10,2473
2,658
1,362
6,2046
3,691
4,1491
1,418
1,449
8,2244
1,535
3,1051
10,2662
5,1845
10,3635
1,24815
7,2123
1,322
3,1058
3,952
1,243
3,843
6,1999
1,492
6,3374
1,459
1,388
2,731
2,1663
2,840
10,30067
10,2758
1,321
1,384
1,331
1,244
10,3048
3,6179
1,510
7,2243
3,1142
6,2293
10,3824
3,1302
10,3508
9,2834
10,2729
6,11302
1,397
8,6322
1,306
10,2274
3,1222
1,444
3,1385
6,1885
4,1411
3,1084
5,1940
9,2984
6,4287
8,1949
3,31297
1,517
2,894
1,401
1,605
4,1293
1,379
4,1705
6,19226
1,363
9,3055
6,2382
2,913
3,908
3,1051
3,30664
1,743
4,1535
8,2949
7,1734
1,361
1,377
1,600
8,3021
6,2218
10,3613
7,2438
10,3710
1,523
10,2817
1,320
4,1090
10,3340
1,311
10,3441
8,2981
1,588
7,3366
8,3092
1,364
6,1797
8,2810
9,3106
10,4749
2,492
6,13352
1,284
6,1998
1,299
9,2633
7,2517
1,491
1,444
8,2955
8,2363
9,2939
5,1797
1,425
1,346
4,966
2,10479
10,2880
1,334
1,290
2,767
9,21748
1,642
1,578
7,2415
5,1763
7,2503
7,3048
3,1419
10,3423
10,2195
1,4568
7,1958
4,1255
1,301
8,2318
7,6427
3,1604
1,432
7,2427
8,2783
1,587
8,15270
10,3644
1,7390
8,2792
1,479
10,2323
1,405
8,2400
3,652
3,1071
9,2951
1,501
3,1038
6,2216
10,3396
4,2442
2,803
1,425
10,3528
4,7526
9,2477
1,434
2,967
10,3283
1,530
2,752
1,435
4,1433
7,2363
4,1438
7,5235
8,2093
5,1923
6,2076
5,1760
3,1183
2,688
10,3351
10,3231
7,1970
4,1604
1,303
1,542
3,5089
1,390
4,1671
10,3340
1,384
10,3149
5,1636
10,2662
8,3446
10,3289
8,2147
3,1050
5,1971
1,523
1,316
4,1509
10,2657
1,536
1,493
1,705
10,2167
2,656
4,1430
6,2042
10,2286
2,524
1,605
6,1696
3,829
3,1106
1,530
10,3203
1,426
7,2416
1,701
2,643
4,1280
7,1532
1,356
10,3492
1,508
6,1540
3,1148
1,470
1,529
5,4387
1,501
3,1285
8,4560
1,405
1,376
7,2295
10,2208
1,439
10,4096
1,238
3,953
1,630
1,398
3,1299
7,2301
1,413
1,549
1,494
1,270
1,436
7,56093
7,2412
6,6014
3,1018
1,308
10,3571
8,2782
1,541
6,2337
1,418
1,521
1,489
1,576
1,252
1,397
9,18732
10,2474
1,489
9,3221
1,265
7,2646
7,2308
10,3588
10,2297
5,1409
1,492
6,2352
1,569
6,2084
10,2726
5,1779
2,759
4,1380
9,2778
1,309
10,3524
6,9910
6,2627
7,1856
3,866
1,405
1,634
1,457
6,2073
1,432
2,2409
6,1818
1,468
6,2290
1,298
1,395
4,1552
3,668
10,2221
10,2207
1,471
1,504
1,445
3,771
1,426
3,6524
3,2516
1,488
7,2306
1,239
4,1449
7,2332
7,2474
9,2351
3,1061
1,572
3,718
4,1333
10,3757
1,447
1,477
8,2208
1,501
3,1201
1,331
9,2440
4,1593
10,3189
10,3224
10,2453
1,510
1,251
1,527
5,1876
1,379
4,1412
10,2173
1,356
1,626
1,381
1,317
3,1167
4,1769
7,2438
5,1762
1,496
1,288
1,426
10,3146
10,4106
1,444
3,807
1,677
10,3759
1,242
1,382
1,915
7,1785
4,1117
9,2529
1,602
1,389
1,461
4,1074
1,401
1,393
8,2369
3,1243
1,557
10,2237
7,4559
3,1113
3,1178
3,840
7,2053
1,599
1,269
1,1396
4,1098
1,287
5,1698
2,769
2,644
1,660
8,1988
1,267
6,2189
10,3109
1,271
10,3149
8,6384
1,358
1,468
7,1568
1,402
2,685
1,350
4,1966
1,772
10,5649
1,571
10,3043
1,462
1,370
1,503
1,377
1,338
1,415
3,2292
6,2040
8,3748
1,244
3,739
10,2789
10,2419
1,400
7,1621
7,1539
1,389
1,424
9,2292
10,2168
6,7012
1,543
9,2362
6,2004
1,278
6,2151
1,318
10,2308
1,274
10,2552
10,2578
1,381
1,353
10,4064
1,230
8,4965
7,2343
10,3079
10,3458
1,236
8,3096
4,901
2,646
1,272
9,2515
10,5217
1,257
1,306
10,17435
7,2504
1,619
7,2392
10,3694
5,1663
1,257
1,602
1,558
10,3755
1,250
4,1257
2,803
1,407
1,232
1,461
10,3473
7,2455
10,3214
2,830
6,4248
1,307
5,2030
1,516
9,3399
1,293
7,2253
9,2357
1,403
1,273
9,2996
9,2628
10,5426
9,3174
1,600
1,435
10,2129
8,2717
1,424
3,931
3,873
1,398
8,1637
1,420
1,501
1,455
4,1492
1,504
10,3174
4,1283
1,525
1,230
7,2403
1,17377
9,3382
10,2938
1,387
3,665
1,529
1,368
10,3940
7,1712
9,2864
10,2446
10,3166
8,2465
1,264
6,2265
7,3051
2,577
6,1939
1,367
10,3390
1,285
6,1445
3,1160
3,770
3,1124
3,1209
8,2638
2,625
1,322
7,2360
10,6999
1,531
10,2145
1,253
10,2966
7,1947
1,290
5,1908
7,2157
10,3273
1,602
4,1779
6,2021
1,292
4,1538
1,460
7,2257
10,2641
1,240
8,1902
10,3452
1,304
4,1119
7,1791
5,1995
1,483
9,3401
1,389
10,3420
1,486
1,679
2,972
10,2695
1,487
2,488
10,3146
1,282
8,2622
10,2364
1,526
1,333
1,629
4,1298
10,3672
5,1429
1,483
3,1264
2,580
1,279
1,402
10,3598
10,2542
5,1742
10,2778
4,1156
10,3489
10,3882
1,462
10,2460
3,853
1,668
1,509
4,897
1,322
1,279
2,638
7,2055
1,281
3,1057
5,1731
1,345
7,2677
1,441
10,2348
1,556
4,2854
8,2388
8,1914
3,1198
1,241
3,969
10,3234
10,3341
10,3366
3,969
1,379
1,586
1,471
10,3342
6,1878
9,4337
10,3370
10,3328
1,306
1,245
8,2274
4,1378
7,1951
2,736
10,2380
1,244
6,2543
1,466
9,2781
3,1254
7,3808
7,2797
2,966
1,340
1,273
10,2341
9,2953
5,2033
8,2275
5,1684
1,274
10,8097
1,486
6,1964
10,2563
10,9253
8,2737
8,2506
10,3473
1,236
8,2112
8,2100
10,3144
3,1080
9,2727
1,220
9,3036
1,398
6,2228
7,1547
10,7425
1,635
10,2663
4,1027
1,228
2,507
10,2234
6,1446
10,2349
6,2017
1,307
3,916
1,473
10,3076
10,2440
6,2190
10,3303
8,2805
1,461
1,258
10,2489
3,780
2,688
8,2171
10,3143
1,402
1,336
1,437
9,2642
1,443
3,793
1,532
10,3334
7,1704
1,232
8,2220
2,555
5,1337
2,627
5,1534
3,840
1,445
1,452
2,786
9,3281
10,12834
1,659
10,2237
6,1696
1,231
10,3038
10,3169
9,2436
10,2219
5,1201
10,3360
1,481
3,1071
1,360
1,269
5,1288
1,643
10,3550
10,3348
10,2307
10,2147
10,2294
1,399
1,279
7,2445
10,3940
1,480
3,1150
3,1032
1,270
6,1766
1,586
10,2774
9,3306
10,2740
10,3211
10,2556
1,686
1,260
1,393
7,2361
3,1774
6,2259
4,1931
1,420
1,655
1,484
1,432
2,749
8,1697
10,2914
8,2737
3,1043
1,377
1,354
7,8845
1,881
4,1305
10,3283
4,1375
8,2042
1,505
1,470
3,1036
10,3398
10,2927
10,2175
1,303
1,348
1,337
10,3412
1,551
6,1585
1,462
1,526
10,3365
1,501
1,308
10,2169
10,2977
2,706
10,2768
1,535
10,2270
1,347
10,32836
10,3146
8,2426
4,1482
1,607
10,2468
1,576
1,502
10,3412
2,1008
1,370
2,607
1,656
1,434
5,1199
10,40314
1,456
1,437
1,370
1,452
3,768
1,469
2,477
8,2083
10,3253
1,242
10,3165
1,540
1,404
1,266
3,1294
1,513
5,1598
8,2181
1,564
10,3329
4,1591
1,291
10,2228
3,1256
1,340
1,427
1,258
8,1959
1,318
10,3530
1,455
7,2374
7,1760
7,2580
5,1355
9,3019
1,387
10,2699
9,2928
1,309
1,510
1,257
1,242
1,260
10,3326
1,423
7,2263
1,548
1,357
1,332
1,5846
1,624
8,2229
3,1226
1,321
1,482
1,550
1,339
1,254
4,1325
7,1764
6,1981
8,2466
1,306
1,367
10,3367
1,420
10,3443
9,3096
1,386
1,675
1,451
1,242
1,252
10,9856
8,2393
3,1069
1,539
3,947
1,360
7,12696
1,381
10,3672
7,2568
1,516
1,581
1,525
1,238
1,281
10,3312
5,1314
4,1030
1,459
10,3144
4,1165
1,447
1,410
10,3347
10,3135
1,267
1,455
7,2564
10,2095
7,1943
10,2921
10,2303
1,416
1,454
1,675
1,376
9,3721
10,3566
2,988
2,677
1,466
3,1267
10,3551
10,3028
4,1426
1,662
10,3251
5,1276
1,321
10,2264
1,264
6,2317
9,3217
1,398
3,1194
1,252
1,678
10,2694
10,3105
3,11772
1,559
5,1760
3,1186
1,471
8,2470
9,1838
3,1636
10,3165
1,617
1,486
9,3224
9,3202
9,2121
2,902
6,1642
1,483
2,632
10,3420
1,484
2,571
1,286
5,1969
2,484
1,390
10,3278
10,2432
1,496
10,3456
6,1705
10,2392
2,820
5,1447
1,361
1,400
10,3395
2,602
10,3383
9,2333
1,407
7,2186
9,3054
1,626
10,2371
9,3113
10,3284
1,583
10,2968
6,1902
1,820
9,3126
1,280
1,654
2,731
1,302
1,513
10,3234
1,396
7,3653
10,3431
10,2836
1,576
5,2037
3,998
1,499
8,1919
1,286
5,1369
1,408
1,370
8,2672
3,1088
6,1640
10,3292
9,2802
10,2679
1,452
1,456
7,2457
1,2700
10,2518
1,236
5,1788
3,1033
1,374
7,5507
1,498
9,2916
10,6577
4,1188
10,3630
9,3085
1,668
10,2784
4,2801
2,735
1,299
10,3160
8,2850
1,361
1,484
2,688
2,722
10,3540
2,901
2,809
1,349
4,21243
9,2077
10,3516
8,2016
7,1835
3,948
1,485
1,342
1,465
10,3447
7,2540
10,3406
3,927
10,3075
1,435
9,21440
4,1572
7,2320
2,808
10,2420
10,3728
7,2389
1,347
1,1674
1,357
1,503
4,1784
1,483
10,3323
1,371
10,3045
7,2912
10,8175
10,2808
1,418
10,3005
8,7411
10,3337
1,494
7,2798
10,2467
10,7648
10,3002
7,2346
1,309
9,3115
1,347
6,2144
10,2576
7,1855
9,2513
10,3274
3,1437
1,710
8,2340
1,487
3,1185
1,495
10,3322
1,541
10,3000
1,244
3,1142
8,2001
9,2175
5,1780
1,501
2,543
1,495
1,514
4,1636
10,3437
7,2398
10,3402
8,2522
6,1993
1,285
10,3330
10,2663
10,3187
5,1162
8,2866
9,2288
1,6210
4,1420
8,2853
6,36390
8,2930
10,7308
4,1531
10,2066
1,250
5,2532
10,2483
10,3427
7,2026
4,1417
10,3016
1,1275
8,2077
10,3402
1,420
10,3408
8,8622
2,868
1,436
3,646
2,1033
10,3440
3,818
5,1392
1,501
9,2843
1,478
1,709
7,2113
1,424
1,511
3,1309
7,2376
1,254
1,227
8,3089
1,473
10,3242
1,555
10,3188
7,2065
1,1643
10,3338
8,3086
1,375
4,1273
1,335
5,2123
1,292
1,279
6,12693
1,316
3,3623
1,396
10,7657
3,1664
1,520
7,2799
1,533
1,360
1,451
1,493
9,3325
1,294
1,366
10,3219
1,244
10,3129
1,243
7,2243
1,423
10,2805
10,3467
4,1267
1,375
1,448
1,3289
3,1240
10,2397
1,426
3,629
1,254
10,3494
1,278
1,429
8,2804
8,2797
10,3728
3,1001
1,504
1,676
1,576
3,1239
1,354
1,437
5,1429
1,241
10,3471
1,278
1,509
10,7043
1,517
6,2025
10,3229
1,351
8,7119
1,383
10,3447
1,270
1,388
10,3057
1,295
7,3165
1,301
1,447
1,513
10,3722
1,486
10,3433
1,7601
1,659
1,506
3,1303
1,352
10,2689
8,2582
1,517
4,33145
1,460
9,2915
7,2834
7,14420
9,3120
2,774
1,396
1,373
1,365
5,1820
1,256
1,410
5,1363
1,431
10,10025
1,349
6,2168
1,604
1,438
1,413
6,2257
1,359
1,579
1,472
5,3131
1,282
7,1787
3,830
1,905
7,2402
1,726
1,334
4,1971
9,3080
1,441
9,2991
10,3223
1,415
1,363
6,2436
1,280
10,2945
2,469
2,739
3,1079
1,344
1,496
8,3211
3,1448
3,1005
10,3551
10,3198
1,370
1,622
1,387
10,2328
7,2797
4,1022
1,258
1,33961
1,394
1,510
1,636
10,3818
1,608
1,475
4,13448
1,567
10,15966
2,840
10,7610
2,619
7,1668
10,3282
6,16673
1,522
1,442
10,3470
5,1327
1,425
1,474
10,3074
1,549
10,3313
3,1145
10,3399
8,2627
5,1245
3,894
10,40358
7,2766
1,294
7,13007
2,577
1,444
1,483
10,14634
10,2753
4,5333
1,373
10,3680
3,794
1,351
6,1489
1,554
9,3888
3,684
10,9929
6,2044
1,402
1,385
2,1005
1,553
10,3277
5,1979
10,3451
9,2842
1,274
10,3681
1,389
10,2412
1,236
1,575
10,2547
1,585
1,370
1,480
7,3209
10,3262
1,570
10,3506
10,2156
1,292
9,2842
1,365
9,2378
1,310
6,2160
3,962
1,456
1,366
3,922
10,3746
2,801
2,839
10,3559
3,753
1,359
3,1205
1,336
10,3446
1,431
1,456
10,3225
1,381
1,402
8,2999
6,1987
1,567
1,567
10,3504
2,726
7,1951
7,3332
1,550
3,836
10,12096
9,4715
10,2380
1,447
1,528
2,644
1,395
2,964
9,3238
4,1632
8,2041
1,326
2,1218
1,513
10,3734
5,3741
1,523
5,1419
5,1346
5,1865
4,1417
9,3144
8,4835
5,1890
10,3201
10,2316
1,250
10,3153
1,448
10,3138
10,3271
1,333
5,1119
4,1114
1,381
2,707
3,1041
4,1508
7,2532
10,10181
10,2037
1,334
4,1104
1,514
2,688
1,438
1,417
8,1869
6,1895
1,454
7,2115
8,2192
5,2051
9,7427
10,7641
10,3688
1,291
1,373
1,360
2,759
6,1483
1,557
4,3088
10,2471
8,2197
5,1592
5,1808
7,4125
8,2829
10,8034
8,2359
1,308
7,2495
4,1483
10,2871
3,1063
1,446
7,1861
3,1117
6,1319
2,690
3,982
2,791
8,2754
1,411
10,3411
1,282
8,3024
10,3257
8,3279
10,3237
3,1024
1,592
10,3320
10,3496
3,4374
2,1185
2,902
1,364
2,756
10,3168
1,374
1,501
2,717
7,2651
5,1603
1,422
1,573
5,1160
10,3788
9,11436
6,2600
9,3002
1,522
1,352
2,616
1,487
4,1456
10,7231
10,5199
5,1369
1,503
1,354
5,1234
5,2058
9,14248
3,884
9,4264
9,3057
1,516
1,340
7,2275
8,2750
10,18761
8,3913
9,2830
1,624
1,422
6,1360
5,1666
6,2015
10,2886
3,1818
1,512
2,783
1,373
9,2074
1,503
10,3245
10,4638
4,1091
1,498
5,1750
4,1699
10,3110
2,810
10,2667
10,3232
1,513
1,516
1,299
10,2978
7,2432
4,1453
10,9542
7,1621
1,520
1,538
7,2444
2,769
5,4771
5,1749
2,771
1,445
1,413
1,342
9,2008
10,3058
1,476
1,528
5,1450
10,4147
1,336
5,1914
4,1109
7,2999
5,1652
5,1464
1,505
1,362
1,322
3,1053
10,9194
8,2773
3,20497
3,1018
1,625
1,261
3,793
5,1722
8,19646
7,2030
3,1039
1,561
1,349
1,317
10,2812
1,488
7,2410
1,518
1,465
5,1833
1,320
1,470
1,349
3,1268
4,1148
8,2697
1,577
1,347
1,434
10,3381
1,526
9,3016
1,364
7,1688
9,2626
1,354
7,1714
10,2097
1,381
7,1911
1,462
1,606
1,355
1,536
10,7356
1,657
3,1125
1,381
7,2180
6,1415
1,332
7,2833
10,3634
5,1822
5,1914
1,348
8,2554
1,708
1,455
10,3249
6,2361
2,717
1,383
10,3409
10,3723
1,523
10,2255
7,2219
1,1246
4,1351
1,383
1,357
1,422
1,437
10,3152
1,418
5,1626
1,399
9,2977
3,1316
3,945
9,1958
10,2099
1,731
1,368
1,381
1,816
2,1092
10,7626
10,10278
1,563
3,1104
1,374
10,3294
10,3343
9,2229
10,2852
9,2032
1,607
1,739
1,398
6,2134
8,3003
3,983
7,5593
1,720
1,339
1,482
10,3118
5,1440
7,2135
10,2707
10,2192
1,543
7,2094
5,1647
1,384
4,1703
9,2866
10,3575
1,505
9,4405
1,361
1,409
9,2802
10,2357
10,2680
3,1078
1,484
1,607
1,397
1,471
5,3883
6,1936
10,3134
9,3454
3,1090
1,375
1,264
4,1084
10,3359
3,691
10,3209
1,404
1,402
6,1886
1,305
2,2052
2,770
3,2375
1,476
3,13353
4,1384
1,317
7,2429
10,2491
1,469
1,565
3,1145
1,485
1,380
6,2275
7,7103
3,1142
1,475
1,578
1,14413
10,45885
1,280
3,955
10,2621
1,307
1,402
1,659
6,1505
1,369
8,2767
2,22770
7,2356
1,351
1,532
7,2281
2,713
3,687
1,375
3,3055
1,319
1,281
1,461
1,475
1,800
2,677
5,1986
1,447
1,688
3,1352
1,335
10,3073
1,256
7,2014
10,4793
1,314
1,253
1,495
1,488
1,494
5,1708
9,2930
10,6987
1,11539
1,430
1,395
10,3259
1,261
7,2379
3,1294
1,250
1,371
5,1626
1,393
1,370
4,1473
5,1415
4,1092
1,1629
10,3373
1,377
7,2412
1,232
10,3539
7,2674
1,238
1,255
1,490
1,259
9,4792
9,3174
3,3187
8,2715
1,59513
8,2352
5,2086
10,39406
1,241
9,2644
7,2098
1,293
1,284
1,353
1,249
1,520
9,2416
3,1104
7,2520
1,407
5,1250
1,483
1,380
1,239
10,2343
10,3526
1,297
1,516
2,633
1,273
1,450
4,1507
5,1880
10,3621
1,383
10,3366
5,21118
4,4744
1,242
10,3176
10,7934
1,272
2,805
1,451
10,2139
5,1539
2,888
8,3595
1,484
10,5908
3,767
9,40657
8,6028
10,2658
3,954
7,2499
1,327
1,428
9,2917
9,2914
2,672
5,5341
1,593
10,2557
10,3075
10,2698
1,399
3,1103
10,5472
1,417
10,35770
10,4001
1,1399
1,645
10,2270
1,530
1,606
6,2190
4,1402
10,23393
10,2944
1,499
5,1881
10,3214
1,290
1,414
10,3987
10,3716
7,2436
10,2107
1,524
10,3065
5,7841
8,2489
10,88563
5,1373
1,405
2,677
2,828
1,308
10,45204
10,17832
10,3724
9,2801
3,871
1,417
6,2064
3,1234
1,471
1,505
2,794
1,906
2,703
10,11793
1,251
3,966
10,24458
10,12142
5,19230
10,3337
5,1829
3,1019
5,1654
7,1999
1,545
5,1330
1,356
2,664
7,2472
1,246
1,379
7,20815
8,2869
1,649
10,3326
9,2730
10,3125
1,357
10,3349
10,3131
7,1567
6,12441
9,2919
10,3679
1,532
1,402
10,3112
10,3531
8,5458
10,4505
8,2512
10,2396
1,1669
1,560
1,430
5,1399
1,689
3,1326
8,2977
1,423
1,461
10,2952
10,4671
1,463
10,3937
8,2694
10,2679
2,3782
6,3406
2,809
3,965
1,473
9,3605
10,3325
1,317
1,406
3,1088
10,7700
9,2768
7,2599
9,2952
3,1151
9,9035
9,4626
8,2769
1,940
2,931
3,1159
3,9352
1,310
1,373
10,5307
10,24377
2,798
10,3590
1,475
4,1427
1,830
1,396
2,709
7,1813
3,1208
5,1773
10,20390
1,321
1,315
10,3044
1,480
1,494
10,3818
7,2405
7,2533
5,1790
1,482
7,3434
7,2222
1,663
8,2825
4,1398
4,1437
1,608
1,469
10,27275
9,2415
10,3434
1,998
10,2933
7,7130
3,1020
2,1547
10,2307
2,867
8,2302
1,421
10,2890
1,419
1,413
10,3200
7,2477
3,1237
1,636
1,443
9,11453
1,355
5,6670
9,2055
9,15332
5,1666
10,3226
3,1390
1,460
1,535
1,602
5,1674
1,480
6,2088
1,394
1,437
1,480
9,2726
10,2383
1,361
1,481
10,7246
10,3301
10,3527
10,36612
1,374
8,2944
1,414
8,2985
1,409
1,478
1,689
9,3043
10,2450
9,2301
1,346
1,509
2,4849
10,42782
8,2645
2,973
8,2775
1,407
5,1727
7,1961
8,4097
1,3458
2,796
1,331
7,2586
1,699
10,20759
7,2455
2,5932
1,414
1,432
7,2389
1,379
7,2411
1,276
1,355
1,635
10,2367
1,342
8,7668
6,2585
10,3344
10,9974
10,27369
2,5370
4,1398
9,2688
1,382
8,3122
1,296
9,7697
10,3298
3,645
3,764
8,2612
1,358
2,796
7,2370
10,78812
10,42501
8,2493
9,2444
1,380
3,1097
1,591
1,2813
1,592
3,949
1,246
1,581
1,714
1,436
6,1494
4,8901
4,49188
1,557
3,1001
1,398
9,2969
1,336
7,4319
1,670
8,2710
1,280
9,7478
1,474
1,740
10,3514
1,594
10,61521
10,19474
3,1095
10,3226
4,1396
1,637
8,39108
1,607
5,1618
1,306
1,698
1,419
9,3210
8,2509
8,3300
1,481
1,507
2,866
1,388
9,2846
5,1607
1,470
5,2001
1,370
1,273
6,2363
1,476
1,393
3,1139
4,1587
2,839
4,1284
2,783
10,11116
1,549
1,477
1,641
8,2689
1,2040
1,246
1,558
1,1440
1,477
4,1444
2,820
1,339
10,15328
3,1265
1,697
2,798
1,475
1,584
3,1253
5,4677
1,252
1,595
1,434
1,436
10,5758
5,1524
1,494
2,819
1,551
10,11560
1,423
10,2933
1,576
10,3016
5,1649
1,248
6,2238
2,846
4,1219
10,3722
2,479
1,2225
1,333
1,389
1,544
1,455
6,2124
1,551
10,2777
6,2022
1,325
5,1855
1,437
8,8569
10,4146
7,6099
1,459
2,655
1,436
10,16863
1,440
6,1654
1,389
5,1503
1,341
10,2468
8,2841
3,1192
1,375
10,3354
9,2964
1,472
1,646
1,500
4,32278
1,428
5,1904
1,462
10,3486
1,644
3,1213
7,2334
1,622
7,2199
1,489
9,3083
1,386
2,702
1,366
2,955
1,522
10,2498
1,474
5,1814
1,851
10,3777
4,1726
1,10511
2,642
10,3263
3,1179
4,1727
5,1717
1,387
5,12090
3,1302
10,3499
3,1147
2,572
1,434
7,2251
1,510
5,11059
5,2382
1,446
3,1162
2,702
1,349
1,339
10,53149
2,879
4,1074
1,451
7,2504
1,446
7,4422
8,8486
1,558
1,6261
1,385
10,5472
7,2246
1,495
1,399
1,480
1,416
4,943
1,424
5,1531
1,584
10,13392
9,3040
9,4434
1,673
1,364
3,1173
2,3085
7,16974
1,346
2,12125
5,13334
2,916
5,1606
4,1380
1,376
10,23085
1,661
9,2948
2,841
1,345
5,1614
9,22264
9,2834
1,331
4,1359
1,549
8,3478
8,2681
1,472
1,383
10,21753
9,3330
7,12795
9,2959
1,368
8,2600
9,2884
9,2863
1,329
7,8712
1,531
10,3634
5,1627
10,2207
1,349
10,8632
1,909
5,1664
1,466
1,973
1,500
2,709
3,1189
1,571
2,4586
1,399
7,1976
8,2655
7,1974
1,421
3,1245
1,563
8,3122
1,347
1,675
1,454
10,3230
1,5861
6,2181
2,679
1,268
10,3456
7,2329
6,1857
3,1170
10,3347
4,1543
1,389
3,948
1,515
1,482
3,6451
8,2834
10,2578
9,3037
10,2407
10,2863
5,1777
10,3122
5,1753
4,6494
1,603
8,3131
10,5786
2,662
5,1886
3,1053
8,5231
3,1277
9,2902
10,3481
10,3497
9,2488
10,3261
1,549
10,3254
1,410
2,968
8,2623
1,595
1,533
8,2627
5,3323
10,2615
2,695
3,744
4,1076
2,950
9,2772
2,1030
10,17120
1,384
5,1855
5,1554
8,2808
1,527
1,530
5,1567
10,3467
3,1075
10,3111
3,1192
5,1799
3,820
9,3042
10,3658
1,458
1,363
3,7891
4,1583
1,424
5,1992
3,12219
3,1200
5,1597
10,2465
10,3539
2,952
1,496
1,396
1,508
5,1419
6,2222
6,1933
4,1423
6,3707
6,2169
1,477
4,1574
3,1238
3,990
1,481
3,1376
1,269
7,2745
1,378
1,289
2,776
3,1303
5,2147
1,452
3,1107
1,467
7,2118
8,2980
7,1891
1,485
10,2400
1,288
8,3955
2,1109
1,791
1,462
5,1914
2,749
3,8404
1,495
2,800
7,2154
8,6729
7,2259
6,1518
6,1607
1,302
1,456
10,89156
3,1145
5,1801
1,545
7,2782
1,376
5,2106
3,1343
6,2000
1,456
5,1614
1,239
3,1101
1,256
8,3024
1,365
2,7687
5,1818
1,706
2,892
1,449
1,350
5,1935
7,2172
5,1714
1,506
1,288
10,3245
1,266
9,2957
1,650
1,417
8,5624
2,887
9,3494
1,390
1,443
1,414
1,432
6,2039
10,3061
1,382
10,2262
1,300
1,497
1,427
2,9608
4,1509
9,2669
6,2156
1,606
9,3041
2,761
10,2656
1,420
10,2576
6,1658
10,2354
1,263
7,2380
1,522
3,969
7,2414
1,517
3,1194
2,809
2,836
8,2973
1,384
3,1239
5,1279
1,368
2,1039
1,284
1,490
1,698
6,1991
8,3291
1,623
3,1132
7,2571
1,378
9,3809
6,1844
1,360
6,1496
1,331
4,1631
1,394
1,419
1,470
7,2268
9,2903
5,1875
5,1808
1,543
9,3201
5,1777
4,1303
1,449
6,1949
1,433
7,2006
10,2315
6,2115
1,641
10,3339
9,2641
1,2154
3,1032
1,832
5,5953
7,4105
10,2645
1,341
9,2999
1,389
1,528
3,987
8,2881
1,340
10,3109
3,1316
7,3114
8,4392
2,906
9,3081
9,6312
3,730
5,1363
10,3403
1,479
1,283
10,3572
5,1834
1,567
10,2125
2,765
1,482
1,438
1,550
7,22659
8,2246
9,2048
1,519
10,3378
1,463
1,281
10,3598
7,2337
8,3880
3,813
3,1313
9,13417
5,1833
5,21873
1,420
1,539
10,2253
1,474
4,1263
7,2728
1,373
7,2652
8,4683
4,1738
4,1209
2,916
1,828
6,2168
5,1782
8,2750
1,351
9,2121
1,377
4,865
4,1566
1,260
7,3792
3,1015
2,5353
7,2184
1,369
1,359
2,851
9,3218
1,410
1,473
4,1160
9,2964
1,482
7,2356
1,346
10,9230
9,3026
9,4311
5,1905
1,534
8,6599
3,1052
8,14814
1,402
9,2949
1,472
1,429
1,308
9,2733
1,508
10,3558
4,1142
7,3724
1,535
1,657
1,575
5,1625
8,2940
9,2848
1,334
1,575
2,772
1,278
10,2954
10,2956
10,10728
9,2729
2,3382
10,2186
1,625
8,2683
1,481
9,2490
1,476
1,611
1,357
1,331
1,245
10,7875
1,311
3,1551
2,841
5,5144
10,2129
1,1264
1,336
2,816
1,537
1,398
2,944
1,532
1,463
1,245
3,1431
1,265
10,3297
5,1921
9,7870
6,1985
1,418
1,430
1,365
1,448
1,454
1,367
1,572
1,395
1,258
3,1070
1,415
4,1287
3,992
3,1170
6,1899
1,448
1,392
1,458
6,2546
1,342
1,466
2,655
1,369
1,318
10,4847
8,2240
10,5106
1,395
3,1560
5,1239
1,412
9,2794
9,3050
1,570
1,520
1,606
1,304
1,510
1,267
5,1400
4,1193
10,3193
2,714
5,2571
10,2270
1,334
1,532
5,2013
6,1511
1,452
1,599
1,291
5,1691
1,269
8,4976
10,2545
10,3075
1,431
8,2352
9,2188
1,400
1,452
7,2746
8,2265
1,340
1,599
1,304
7,4540
1,239
10,3380
6,1656
10,3350
1,451
3,1247
10,2308
1,294
1,450
1,460
5,1763
1,492
1,565
1,310
1,511
2,1010
10,3382
6,1842
1,467
1,306
5,1394
1,492
3,1123
9,3003
1,388
7,2297
1,457
1,548
1,291
9,3619
10,2416
10,3331
10,3528
1,404
10,3310
1,621
1,313
6,1999
1,402
8,2985
8,2431
7,2417
1,438
10,3079
8,2636
8,1987
3,965
10,2084
1,361
1,370
6,1964
4,1111
10,3431
1,440
8,3326
4,1314
1,413
6,2151
8,2528
1,349
7,1634
2,840
10,3410
1,328
1,382
2,777
1,334
10,3573
6,1956
3,5531
9,2688
6,1540
5,1223
7,1580
8,2627
10,3338
5,1742
4,1158
1,622
1,280
5,1720
1,283
10,2457
3,1037
9,28988
9,2752
3,1182
8,2910
10,3309
2,843
10,2271
8,2263
2,934
2,1020
1,330
3,1002
1,304
3,1196
8,2868
1,525
4,1409
8,3804
5,2004
10,3495
8,2622
4,1008
1,484
8,3052
1,387
1,282
1,443
1,256
4,1295
5,1755
1,514
1,478
7,2322
7,2615
4,1350
1,336
3,1579
1,386
10,3317
1,386
1,729
2,817
1,263
7,1795
8,2689
1,412
2,587
9,3627
8,7180
3,1240
7,2401
6,2125
1,364
7,2550
1,447
1,471
1,501
1,242
7,2500
1,467
1,454
1,480
3,1371
4,6136
6,1988
1,334
6,2151
7,2401
10,3588
1,348
6,2113
9,3582
1,459
8,1930
4,1375
1,381
1,428
9,3871
9,2975
7,2079
5,1818
1,510
1,657
10,2381
1,329
9,2815
1,409
4,1178
10,2366
9,2916
1,428
5,1815
4,1554
3,1322
9,2721
2,821
10,3331
1,544
10,2203
1,452
10,2365
5,1714
1,313
10,2741
7,2267
2,816
1,551
7,2149
2,852
1,428
5,1687
4,1740
1,429
4,1208
8,3228
10,3582
1,429
7,1954
10,2167
2,680
1,564
3,1124
2,850
5,2551
10,2785
7,4333
7,1638
1,518
3,1144
4,1357
2,615
1,459
3,1219
6,1892
5,1703
1,631
2,658
3,1135
2,794
1,603
8,2783
7,1485
1,446
1,637
2,696
4,1066
7,2205
10,2923
6,1320
2,697
1,395
1,438
1,497
3,3522
3,1216
9,3067
9,3172
1,672
1,540
2,787
1,611
1,632
10,3440
2,551
6,2011
7,2236
6,1752
2,928
1,452
7,2449
3,882
10,3046
5,1464
1,503
5,10227
8,1936
1,542
10,3053
10,2165
10,3412
1,330
1,453
6,1672
10,2554
1,490
9,2686
10,3969
1,357
1,647
3,1006
5,1137
9,6270
10,2209
10,3140
3,955
7,2243
1,454
3,1041
6,1426
9,3096
3,810
3,1265
2,632
1,600
9,2806
1,482
1,355
4,1290
4,990
9,3181
6,2334
1,376
10,2501
2,733
10,3281
5,1470
3,1031
2,554
1,459
3,1002
10,2256
8,5653
6,2134
4,1006
10,2275
1,447
1,375
10,3195
10,2558
9,3206
3,1170
1,581
10,3273
10,3589
9,5275
10,3257
1,482
6,2197
1,549
10,2532
5,1965
1,309
9,2743
10,3272
3,1107
2,777
1,473
4,1212
1,359
8,7827
6,1944
1,486
1,474
1,365
3,821
8,2960
1,400
10,2101
10,2241
1,399
1,446
1,274
7,2204
1,398
5,4476
5,1312
8,24065
10,3577
1,348
1,310
3,1388
4,998
4,1478
3,740
1,406
1,396
1,255
5,1689
6,1369
8,17719
6,1491
9,3226
7,2575
1,368
1,427
5,4855
10,2309
8,1886
4,910
1,350
1,250
1,659
8,3239
1,564
2,28533
9,2083
1,4698
7,2391
1,463
4,1253
4,1545
3,1016
7,2270
8,2712
1,369
1,290
1,709
10,3920
1,483
1,345
10,2632
1,577
4,1171
1,385
1,387
9,3048
9,2848
1,475
1,364
1,278
1,304
1,767
3,1707
5,1259
5,1727
10,3490
1,474
10,2455
1,319
1,677
9,2289
10,3298
1,263
1,242
1,410
1,267
1,594
6,2375
1,377
6,1901
4,978
1,394
9,2823
1,376
7,1983
3,1228
3,1019
1,328
1,365
1,424
6,1543
1,627
1,570
10,2470
2,762
2,807
1,405
10,4294
1,339
1,373
2,705
7,2310
1,456
7,1788
1,450
1,292
1,573
5,7889
5,1327
2,852
4,1017
6,2070
1,418
2,472
1,397
5,1887
1,497
1,240
1,359
1,391
1,433
10,2470
7,5904
7,2034
3,1310
1,389
1,304
3,1182
1,300
1,372
1,647
7,2591
1,231
1,251
1,419
1,445
10,3554
7,2004
9,2900
1,447
1,304
1,298
1,346
10,3411
1,288
6,1861
5,1285
1,268
1,248
8,2703
1,471
5,1592
7,2397
10,3299
5,1574
1,244
8,2424
1,425
7,2297
1,239
10,2998
1,398
1,263
1,408
5,1949
3,893
10,3967
3,1247
10,3258
1,397
1,402
8,2625
3,1005
8,2044
1,281
3,3835
10,2233
1,239
1,330
10,12100
10,2667
10,3910
2,721
3,888
8,2635
1,348
5,1792
1,317
10,2430
1,253
9,3115
10,2303
1,245
1,336
10,3538
1,296
2,957
1,576
8,2752
1,491
1,245
4,1373
1,446
10,3047
7,2141
10,3329
6,1665
1,307
1,302
10,3921
10,3053
5,2128
10,3674
5,1855
9,10173
1,400
9,3000
1,422
4,1469
6,1604
10,2700
6,1903
5,1190
8,2059
2,811
10,2944
8,2679
5,1592
10,21550
7,2294
8,2616
7,2694
1,399
3,699
5,1877
4,1425
5,1156
10,2394
1,326
2,754
10,2156
10,3583
10,3115
10,3291
5,15760
1,398
9,3136
1,274
6,2195
1,508
7,2515
9,2701
6,1941
10,2051
5,1685
4,961
5,1672
1,1757
10,3586
1,446
1,344
2,829
1,386
9,2090
10,3339
1,523
10,2171
10,3010
10,3832
8,2442
7,1763
2,950
1,387
10,3310
8,2636
1,399
2,926
1,369
1,502
4,1257
1,565
10,2024
6,1807
6,2033
4,1174
1,363
10,3686
9,66120
2,812
9,16517
10,3793
5,2000
5,1804
10,2435
5,1805
1,450
4,1115
5,1057
2,598
6,2100
8,2081
8,2815
3,18954
2,832
1,518
10,2883
3,1383
8,3216
10,2598
6,1569
1,591
4,915
10,2786
9,1993
2,579
9,2343
4,1231
1,562
5,1697
9,2850
10,2105
1,586
5,3713
6,1674
8,2101
1,381
1,605
10,2351
10,2118
7,1946
10,3373
5,1432
1,611
1,495
1,347
10,2304
10,3339
10,3330
7,2571
9,1937
1,267
1,288
4,1383
10,2936
1,525
10,3490
7,1872
1,422
1,635
1,477
4,1099
6,2217
10,3251
1,475
10,2253
1,252
1,261
4,953
4,998
7,2154
6,1497
8,3061
2,871
1,464
2,694
6,2214
3,885
10,3374
9,2802
4,1351
1,247
1,239
2,639
2,546
6,1314
6,1329
10,3403
1,449
1,392
1,423
6,1580
10,3297
2,786
10,4133
2,513
1,249
1,252
4,931
10,2148
4,1213
2,588
2,864
1,535
1,367
1,668
1,350
10,3301
2,782
3,1126
2,956
1,352
1,242
10,2723
10,2341
8,3323
10,3191
10,9360
9,2699
1,3111
1,438
10,3599
10,2394
8,2552
4,1346
10,3429
1,295
1,237
7,2422
8,2497
3,1053
10,3026
3,1189
1,535
10,3324
1,356
4,1422
1,523
5,1906
1,416
8,3925
10,3405
1,238
8,2773
7,1554
10,3060
4,1073
6,2042
7,2382
1,391
1,411
4,1828
1,265
2,740
1,365
7,2015
7,2350
1,245
10,3176
10,2776
9,3090
4,903
1,535
2,670
1,492
1,431
7,2635
3,703
8,1816
1,372
10,2319
1,254
1,268
10,2226
10,2791
3,1058
2,753
1,584
1,18893
8,3001
1,479
9,2789
1,243
6,1862
1,583
10,3797
10,2274
10,2734
10,2125
4,1222
1,415
1,494
1,565
1,482
1,608
1,422
10,3142
1,576
4,1269
1,410
4,1435
10,2256
2,628
6,1658
3,795
1,511
1,395
1,504
1,545
1,647
6,3124
10,3323
4,1537
5,1844
1,310
1,382
6,1950
8,2875
3,903
1,493
1,430
1,359
1,567
7,4313
6,2150
1,402
6,2511
1,559
8,2966
1,343
1,376
6,1860
7,1801
1,590
1,377
1,482
1,349
1,683
1,466
2,516
1,455
3,928
1,458
2,675
1,466
1,304
3,718
10,3497
1,521
1,317
1,405
1,362
1,582
8,2689
8,1843
3,1088
1,497
1,367
10,3209
1,713
1,383
9,2800
10,2856
1,332
1,377
1,522
1,286
1,586
3,1276
4,1283
5,1732
1,483
1,431
1,508
1,669
1,363
10,2300
4,1169
1,313
6,2065
1,546
1,332
1,576
8,3012
4,1256
8,2729
1,442
7,2237
10,20708
8,2854
1,289
4,1192
3,835
1,350
1,674
1,473
10,3364
1,358
9,2990
8,2951
8,2828
1,357
1,708
10,3479
5,1742
1,755
4,975
6,1748
1,541
1,447
1,423
1,349
9,3279
1,504
10,3175
4,1429
1,428
1,352
1,368
10,3026
3,1284
2,856
6,1638
1,442
1,404
1,467
1,250
8,7058
8,2673
2,714
9,3201
10,2303
7,1830
10,3756
10,2936
1,282
10,3389
1,600
1,410
1,537
1,444
1,358
7,2469
2,869
10,5328
9,4120
1,601
1,475
1,576
10,3554
1,510
8,2889
10,2267
1,341
1,413
5,2052
8,2689
1,600
2,803
6,1900
3,1010
1,429
10,2394
4,1496
2,992
1,432
7,2443
10,2255
1,334
1,313
7,2533
7,1510
7,2319
1,534
1,534
7,2274
1,377
6,1707
1,413
2,878
6,1638
10,2668
7,1743
6,1941
9,2101
7,2827
10,2534
10,3466
2,774
7,2649
2,885
1,433
10,2958
6,2147
5,1703
7,2980
10,2304
7,1921
10,2391
1,340
9,3309
10,2358
2,961
7,7538
5,2762
2,1027
1,375
6,1663
1,350
8,2397
6,2169
10,3463
4,2037
7,2357
10,2356
3,747
10,2127
10,5925
9,8513
7,1879
1,723
8,2789
9,1997
1,658
10,3282
1,721
3,888
9,2713
7,2087
6,2091
2,694
3,1133
3,1368
10,5722
9,3232
10,3684
10,3356
10,2582
1,701
6,2478
10,2604
1,474
10,3413
4,1322
1,340
1,842
1,466
3,1046
9,5736
7,2359
3,1134
10,7338
10,2495
1,559
2,524
3,1359
1,319
10,10973
10,3450
9,2168
3,888
9,2286
2,945
1,429
10,3474
6,1975
10,3290
4,1122
1,652
10,2314
4,1544
1,285
3,1070
10,3187
10,2961
5,1561
9,2415
1,519
2,857
2,803
10,2962
2,1134
4,1126
1,514
8,2643
7,1969
1,267
3,866
3,1182
10,2848
7,3233
10,2195
1,636
5,1724
3,1213
10,3130
3,1018
2,924
7,2372
10,3191
7,2707
1,290
1,569
3,833
10,2871
10,9333
7,2000
2,747
1,489
5,1777
10,2268
7,2514
8,2423
3,1239
7,2578
9,2980
1,256
1,393
3,1141
4,1115
1,504
7,2326
7,27954
1,335
10,5241
2,836
10,2708
10,3269
5,1346
4,1535
10,3105
1,353
1,589
8,2882
10,3606
1,502
1,461
7,2369
1,322
1,629
4,1389
5,1381
7,1898
7,2332
4,1522
3,1216
1,364
1,581
10,3488
8,2886
1,373
10,2357
8,2796
1,528
3,1294
7,2201
2,586
10,3024
9,2866
8,3084
3,847
1,345
1,490
5,2012
10,7562
1,498
10,4327
3,1248
1,493
1,382
1,482
8,2418
10,2288
10,3170
2,887
5,2001
1,447
1,398
10,3484
5,1475
8,2606
10,2515
9,3157
4,1446
1,663
1,265
10,2251
10,3534
10,3238
10,3602
8,2587
10,3521
1,327
10,3293
10,3660
2,787
3,1277
9,3030
3,996
7,2454
1,298
7,2487
1,371
5,12284
3,1210
10,3823
9,2530
1,441
10,7822
10,2942
7,2433
3,1547
8,3161
10,3621
1,420
1,272
5,1305
1,369
3,990
6,1916
10,3437
1,254
1,664
2,795
2,810
9,2970
1,629
8,2995
1,519
1,573
1,353
4,1124
1,412
1,525
1,433
10,3407
10,2447
1,456
7,2256
2,809
9,4147
1,436
1,575
9,7348
1,527
1,291
8,2380
4,932
2,840
1,419
2,956
6,2112
8,2730
10,12705
5,1701
8,2879
1,523
7,2611
1,510
1,294
1,409
2,823
1,247
1,555
1,465
1,414
7,2125
2,713
5,1796
1,581
2,856
1,544
1,379
2,730
1,433
1,383
10,2953
1,238
1,657
1,563
1,440
1,383
10,3386
1,433
1,650
8,2017
8,2474
1,4122
1,556
1,491
1,302
10,3178
1,492
7,2601
1,589
2,785
9,3005
5,1788
1,293
1,622
7,2145
1,310
1,533
1,310
1,548
8,2390
1,513
1,387
2,647
1,576
1,402
10,3300
10,4167
1,750
8,3043
2,636
1,733
1,349
1,438
2,619
1,415
3,1048
1,515
7,2579
1,400
1,457
10,2602
10,3587
1,378
1,568
1,498
10,3936
1,680
1,271
1,440
7,2533
6,2172
1,662
8,2611
1,501
5,1298
4,1563
2,1090
1,327
1,639
1,500
1,294
2,6231
6,1962
1,502
1,435
1,433
3,961
1,480
1,447
1,1791
3,971
5,11034
1,384
1,427
1,1022
5,1994
1,445
1,337
1,577
10,2369
1,436
1,338
9,10041
1,475
1,450
8,2794
8,2205
1,313
1,395
1,464
1,393
3,1284
1,447
3,1154
10,2615
1,370
6,1701
8,2514
1,447
1,602
10,3600
6,1463
1,272
1,396
1,558
1,520
1,592
1,632
7,2438
6,1586
1,338
1,453
3,977
5,1726
1,335
5,1672
2,595
1,423
6,1454
1,463
1,499
2,871
9,3833
9,3986
6,1311
1,388
10,2678
8,4079
7,2682
1,387
10,2322
8,2126
1,811
1,326
1,405
10,3286
1,396
3,8629
9,2990
8,2161
1,417
6,1573
1,364
7,2350
1,447
10,3220
10,3000
5,1723
1,266
1,302
10,3852
9,14147
4,1199
8,8821
3,674
1,402
7,1872
9,12108
9,2843
8,2214
10,3434
7,1639
8,1814
2,578
1,415
10,3444
1,441
6,2305
8,2652
9,1943
1,343
9,3200
7,3647
10,3357
7,2155
2,859
4,1347
7,2326
8,2243
1,287
2,922
7,4329
7,2431
7,2259
4,1097
7,2438
10,6348
1,337
3,977
5,1263
5,1801
4,1120
10,3124
10,3307
1,416
5,1973
1,1628
5,1738
1,527
4,1139
1,592
10,2830
1,307
5,1761
2,608
1,529
8,2816
4,1222
7,2798
3,949
2,940
1,540
10,3259
2,923
2,506
1,465
4,1628
1,444
2,815
8,2099
1,409
2,755
5,1702
4,1090
1,543
6,2631
10,3846
6,10091
1,502
2,709
2,967
10,3056
1,625
10,7685
3,890
1,488
10,3280
9,3068
2,826
2,775
8,2410
9,11399
2,954
2,932
10,2286
5,4707
3,762
1,1204
1,489
4,1349
1,492
10,5793
2,877
10,3905
3,2854
8,2019
1,531
4,1302
3,1310
10,2899
7,2539
8,2750
1,592
2,818
5,1511
1,288
3,1066
10,3204
10,5197
7,2361
10,3637
3,1267
1,529
2,1052
8,2384
9,3214
10,3246
2,663
8,2722
7,2006
1,367
6,1962
3,1046
8,6408
7,2435
7,2497
1,588
2,711
7,2523
7,2292
10,3597
5,1994
1,475
1,457
8,2481
1,379
1,493
6,1947
3,1348
10,11442
4,1282
1,601
2,858
9,2998
10,2181
5,2056
10,3122
1,485
1,1424
10,2973
1,528
1,500
1,489
1,572
10,13137
4,1083
10,3494
1,527
10,3134
10,2470
3,1113
10,3220
2,819
2,798
2,762
1,381
1,689
1,334
10,3553
9,6355
10,3225
9,3131
2,1028
1,416
4,1123
10,3688
10,3335
1,355
7,7036
10,3560
10,2721
1,1980
5,1714
5,2253
10,12425
10,7298
2,815
9,3094
9,10499
3,1032
1,466
1,562
3,4324
7,2782
10,4040
1,332
1,1639
10,3440
7,2715
1,510
3,1434
1,536
10,3605
1,391
1,1170
2,900
1,391
2,573
2,1053
3,1245
6,2084
1,428
7,2251
7,2352
2,765
6,2506
9,3210
8,2791
2,823
1,450
1,647
3,995
1,527
9,3532
6,1602
2,784
5,1637
7,2126
7,2318
5,2691
2,15962
4,1457
8,2794
5,1600
1,291
1,568
2,639
9,3615
3,1404
1,805
10,2243
1,650
7,2368
9,2477
1,564
1,629
3,1279
10,3654
1,511
1,411
7,2450
1,382
9,4079
9,3641
5,1845
10,3749
1,507
8,2640
3,1085
3,1451
1,538
4,1435
9,1927
1,460
1,374
2,1134
1,426
9,2976
8,8209
7,2546
7,2426
1,483
10,3365
9,16562
3,1322
1,438
6,1948
8,2115
1,464
1,484
7,2651
1,308
5,1572
8,3761
7,2400
4,1205
1,430
5,1746
1,6233
10,7883
1,389
4,1801
5,1790
1,431
6,1872
9,3201
1,391
10,19849
1,378
7,2460
4,1235
1,504
2,2980
3,4257
9,14776
1,362
6,2010
1,545
1,487
1,303
8,3958
5,1619
1,27517
7,2167
9,2896
8,2961
7,2834
3,1066
1,10249
1,958
1,365
6,35985
1,529
1,428
1,627
9,8950
1,413
1,26226
1,618
10,3357
10,3573
7,2584
1,371
1,2546
2,920
1,389
6,5942
1,364
9,3037
1,425
1,499
1,481
1,15720
1,371
1,415
3,1317
10,5738
2,11498
5,2731
1,533
1,367
1,484
1,804
3,1095
1,560
8,2788
1,657
3,9767
1,415
1,384
6,2295
10,32630
3,14006
2,4780
4,1754
1,372
2,998
1,566
1,400
9,2151
8,2824
1,344
10,9175
1,465
1,366
1,25890
3,924
1,397
1,448
4,1644
1,511
1,1517
1,393
9,2980
1,462
3,8397
7,2496
2,784
1,458
1,413
5,2105
7,44993
1,600
1,406
7,2795
1,388
6,2461
1,390
1,562
10,2574
1,482
2,800
4,1580
1,379
5,1711
7,2405
5,96613
1,442
1,404
2,794
5,1820
2,695
1,362
10,8539
7,2457
7,6839
8,2011
9,3205
1,400
2,705
7,2376
3,38642
1,503
1,406
6,2208
7,17783
7,2255
1,327
1,857
7,1585
2,1180
7,2539
1,331
1,412
3,977
7,2534
2,8538
1,509
1,377
9,11973
9,2922
1,556
1,418
1,443
7,2490
1,811
10,3543
4,1490
1,341
10,3687
9,2933
2,795
1,816
1,610
4,1569
7,2297
10,10490
1,360
2,865
1,452
1,413
4,1866
3,992
1,541
3,1075
2,831
1,459
1,596
1,766
6,2189
7,48585
3,1092
5,1479
1,342
9,2492
2,683
2,806
6,2199
2,772
1,645
1,349
1,631
1,548
1,498
7,2611
5,2329
1,2692
5,1851
1,379
3,874
3,1004
8,2945
4,1329
1,3964
1,455
3,1065
2,698
1,601
1,1173
6,2165
2,738
1,501
9,2940
1,464
3,664
2,562
10,3842
1,567
3,1057
1,602
10,3194
7,3453
2,823
1,502
8,2644
3,1156
1,410
2,583
4,1521
3,1055
1,439
10,4249
6,2088
2,3353
1,562
5,2404
7,2165
1,789
1,9581
6,1757
1,411
1,433
2,854
3,960
10,2285
7,42551
3,3650
10,3176
7,1704
1,598
3,1037
8,2560
2,19352
7,2138
2,555
3,1047
1,582
9,3151
4,1491
8,2689
1,445
6,6810
6,2149
1,384
2,797
1,362
9,3001
7,18561
1,306
1,449
1,345
1,412
10,3407
6,6840
10,3521
1,473
1,742
1,402
9,9375
1,321
1,371
9,3017
7,2334
2,701
1,493
10,55911
1,465
5,1230
6,2170
5,1579
2,6170
5,2149
7,2211
9,17214
1,523
1,488
8,9213
7,2425
8,2511
1,487
2,796
1,510
8,2425
6,2187
10,3287
1,443
7,2486
1,434
5,7469
2,646
1,400
3,1110
9,3581
8,2283
1,469
1,638
8,2765
1,552
10,3358
10,3149
1,412
7,2390
1,3013
2,814
1,491
1,418
1,372
3,1131
9,2879
2,875
7,2627
2,799
8,2690
7,2574
10,3284
1,406
7,2234
1,444
1,663
1,480
1,472
8,2664
8,5202
8,2874
1,407
2,926
1,710
10,2416
6,2091
2,703
1,468
7,2246
6,5199
1,433
8,2640
1,403
1,521
8,3201
3,4138
1,415
9,13510
9,2870
8,2805
2,840
2,529
1,453
10,3268
2,673
1,479
7,1974
1,578
1,626
3,1418
9,18937
1,478
7,2421
8,2564
3,1114
3,1180
5,1899
10,2961
1,469
1,331
3,1078
8,2848
1,607
7,7769
1,576
1,596
1,477
8,2565
10,3264
10,3044
1,498
1,558
9,6449
5,1753
6,19546
9,2673
6,2185
1,600
2,1467
7,6907
7,9666
1,446
8,7747
10,3471
10,3145
2,971
1,534
9,3700
1,425
1,416
10,2400
9,2958
10,4005
1,374
2,1026
2,888
1,466
9,26373
9,2122
9,1996
2,971
1,548
5,1621
1,440
1,519
2,566
9,3188
2,1034
1,262
1,503
1,736
1,491
8,24611
1,489
2,798
1,546
1,365
2,832
9,2918
1,444
1,465
8,2680
1,526
2,804
2,908
3,1062
2,2090
3,12444
5,1912
7,3845
1,490
8,3272
1,421
3,1347
1,467
10,5236
1,475
2,814
1,361
3,1037
2,707
2,782
7,2406
9,2425
10,3267
9,3232
1,358
1,322
3,992
1,466
4,1435
4,1410
7,2261
2,847
7,3197
9,2947
1,663
1,333
5,1707
1,495
8,2561
1,247
1,347
2,664
3,1320
9,11103
2,782
7,3314
1,458
9,32980
7,6498
2,884
2,838
9,3279
1,526
10,3749
1,236
3,861
1,376
2,1979
4,1246
1,603
3,1184
1,2580
2,823
1,668
9,18752
2,868
2,949
1,381
1,598
1,365
10,11372
3,752
2,934
3,1517
2,1021
7,2300
1,380
5,16946
10,3363
8,2311
1,377
2,840
1,248
8,2455
1,393
1,500
1,686
1,498
6,2146
2,985
9,2637
1,479
1,8568
9,2804
8,4475
2,767
10,2196
1,353
9,3971
6,2021
9,2846
1,518
9,2375
4,1401
7,2531
8,3576
1,553
10,8427
1,557
8,3124
1,379
5,1238
10,2229
10,4363
1,432
4,1224
1,500
10,3486
6,2120
9,3017
3,885
3,1164
1,5211
5,1919
9,2987
1,445
10,2341
1,305
9,4056
2,832
6,2030
1,412
8,2863
6,1924
1,697
1,303
1,655
1,4860
2,735
8,2606
3,7107
5,1957
1,245
1,485
8,2426
4,1287
1,462
8,2007
6,2101
9,2983
8,2446
5,2050
3,775
1,452
1,560
1,504
1,700
1,288
1,260
10,3816
3,924
1,458
10,3544
7,2303
10,7336
8,26637
7,2219
1,13825
1,489
2,925
7,2443
8,2272
1,425
1,375
7,1708
4,1833
1,529
9,4233
6,2005
1,359
2,1062
9,3103
10,6851
1,487
2,4410
1,371
8,3069
5,1578
1,360
4,978
6,1703
1,512
1,577
1,364
1,553
1,561
3,1317
9,13455
3,1222
5,1225
1,370
1,434
1,269
1,338
7,1915
6,51738
1,438
5,1322
1,463
1,503
2,745
1,423
1,457
1,412
5,1158
1,437
1,356
1,382
1,340
4,970
1,3235
2,794
5,1371
2,687
5,1627
2,912
2,790
1,501
1,445
9,3015
1,479
1,423
10,3211
1,332
2,814
7,3036
7,2297
2,640
1,346
2,771
7,2545
10,17409
2,759
1,499
8,3962
1,345
1,447
5,1671
1,366
8,2424
6,5228
9,3073
9,2503
1,435
1,1317
9,3145
1,434
1,346
10,7523
9,4605
1,733
1,284
6,1700
1,729
3,1073
1,936
8,9455
2,848
1,443
1,603
1,560
10,3260
9,2513
9,3064
4,1428
1,561
1,266
7,2179
1,362
3,1145
2,659
9,2976
10,3569
1,441
1,470
5,2190
1,312
1,1507
1,489
10,2703
9,3272
1,252
10,2245
9,2415
6,1970
10,4237
3,1518
9,2070
3,907
1,542
9,28700
2,897
1,381
2,726
5,1212
9,3102
1,272
10,3005
5,1933
1,615
1,345
8,10678
10,2438
1,1435
1,466
10,35155
9,3615
1,367
1,465
10,2476
10,3140
1,247
4,1126
5,1173
7,2652
6,4482
8,8593
5,1441
1,315
1,473
1,549
1,591
1,393
1,427
5,1085
5,1788
1,250
3,808
2,563
5,2332
3,1361
7,3504
5,1167
1,446
1,424
2,661
3,1048
1,414
1,342
1,670
2,876
10,2909
10,5448
9,2986
7,2504
1,622
2,904
1,403
1,391
1,412
1,547
4,1511
4,1298
1,327
6,1814
1,461
10,2484
10,3304
2,609
7,2338
1,409
1,691
1,287
1,482
1,478
1,555
4,2492
1,247
1,437
1,469
1,482
8,2665
5,1579
10,3318
3,1111
9,2905
2,1000
1,343
2,847
3,1254
1,605
9,2932
9,3050
1,421
1,463
1,394
3,1181
10,3213
5,1214
8,6846
1,347
3,1523
1,452
1,510
10,3043
1,408
6,2249
4,1355
4,1410
1,300
1,356
9,2057
10,3279
5,1301
10,3800
1,392
2,927
8,2815
1,374
4,1446
1,369
4,1415
3,918
4,1275
1,432
3,960
2,644
10,3255
1,373
2,862
1,411
7,2728
1,293
9,2648
9,3349
1,569
5,1823
1,6854
9,4270
1,294
1,306
10,3588
5,1819
8,2462
5,1629
1,402
9,3528
1,466
10,3331
2,871
1,603
1,508
6,2013
6,2244
1,344
9,3212
7,2438
5,1907
8,2807
3,976
1,419
9,3105
1,513
8,2600
1,463
1,506
7,2374
4,1864
4,1368
1,301
2,844
1,509
1,682
10,3542
10,3293
1,295
10,12755
1,294
9,2876
4,1525
3,1267
6,27148
5,1868
6,1967
1,356
6,2097
5,1583
1,676
10,2527
2,587
2,761
1,664
1,389
9,3632
6,2149
10,3400
10,7611
6,2580
6,1838
1,268
9,3047
10,3441
8,2630
3,1396
1,419
2,651
5,1737
8,3467
10,15573
3,1077
1,563
1,383
6,2083
10,3239
1,261
3,953
10,3779
1,548
8,2917
1,372
1,499
2,1001
1,469
2,887
6,2289
9,9737
2,841
2,723
6,2135
10,2373
4,1449
5,2222
1,443
10,2846
1,468
10,5190
1,1705
1,534
1,901
5,1965
1,513
6,2597
7,6742
2,726
10,2949
4,1377
7,2520
1,572
9,2026
1,421
8,2622
1,1021
9,2261
5,1675
6,2414
1,330
6,9600
6,2154
6,2017
8,3027
6,4239
6,2306
2,662
5,2088
1,455
8,7067
1,509
3,1045
9,2527
10,3267
2,1560
1,548
5,1463
3,1092
10,3348
4,1542
10,3245
1,604
2,833
1,486
9,2898
1,518
8,2858
5,1784
9,3154
1,424
1,400
1,346
1,485
9,3123
6,1622
10,2583
1,467
7,6320
1,459
10,2988
1,610
10,3276
8,1953
2,1024
4,1471
1,464
2,1270
10,3599
2,767
10,3181
10,2086
5,1670
1,506
1,1064
1,405
1,506
10,2533
9,3236
7,3199
1,596
1,442
2,833
2,947
10,3740
6,2278
3,796
1,449
10,6336
2,963
5,1308
1,494
1,398
2,720
1,519
9,2337
4,1520
1,279
2,1025
1,647
3,1192
4,1054
9,3291
1,405
1,335
5,1789
1,433
2,707
10,2646
4,1496
4,1415
1,338
10,2140
1,409
6,1438
2,777
1,391
1,354
1,291
1,548
9,2042
3,1046
7,2158
10,2644
1,569
3,1004
1,511
1,339
1,662
5,1446
6,2011
1,682
1,418
1,243
1,402
2,745
1,6421
10,2643
5,1861
2,861
6,2271
1,477
9,3113
9,2497
10,3464
7,43846
1,684
1,513
1,219
1,396
10,3118
1,481
5,1768
5,1491
2,721
6,2188
1,327
10,3019
8,4078
10,3466
1,442
1,624
2,1403
1,221
2,948
9,2512
1,370
10,2275
1,525
1,500
5,1728
1,289
8,4860
8,3354
4,1156
1,447
1,287
5,1797
1,250
7,1945
2,735
10,3555
10,2167
8,2561
2,812
10,3241
1,365
9,3089
9,2961
5,1781
1,409
1,316
4,1409
1,213
7,16233
5,1289
9,7047
5,2104
1,469
9,2088
6,1878
2,813
8,5795
9,3078
10,2284
1,301
1,294
2,801
1,245
9,3656
10,2315
1,523
7,2613
1,308
10,3352
7,2229
9,1968
1,455
10,15508
10,2106
2,711
1,258
4,1720
1,224
6,7642
5,1322
1,384
6,2062
1,233
1,411
2,822
1,345
1,478
1,653
10,3000
1,373
1,344
1,502
1,256
9,3608
1,445
1,387
10,3556
1,266
8,2653
4,1696
9,2951
9,2887
1,606
10,2877
1,393
1,255
7,2475
5,1607
8,2602
8,2700
4,1350
10,3081
1,460
8,2996
1,549
10,5115
1,471
1,674
1,567
1,402
10,2458
3,1134
10,2840
8,2432
8,2609
3,1358
10,2302
1,384
1,348
2,984
8,2733
1,401
1,409
1,456
1,391
10,2808
5,1662
10,2257
3,7919
10,3097
4,1535
1,452
1,401
1,379
2,820
10,3256
1,316
1,304
1,320
2,601
10,3865
6,2040
6,8023
1,336
1,504
9,9604
1,266
1,325
10,2929
1,582
9,3110
1,451
1,366
1,264
1,298
5,1896
6,2320
6,1356
2,863
1,429
4,1634
1,267
1,364
1,331
2,804
1,677
1,378
1,464
1,409
1,456
10,2655
2,892
10,2122
1,358
1,288
6,2015
1,282
1,357
9,2933
9,3158
5,1199
1,330
1,432
1,399
1,384
5,4579
1,446
10,2126
10,3237
1,311
5,1616
1,249
10,2169
8,3549
10,3496
8,2186
1,516
1,280
1,426
1,763
5,8213
2,839
4,1142
2,635
1,256
7,2506
1,237
10,3531
1,1763
8,2833
5,1938
1,471
1,374
1,361
2,796
2,1131
4,1378
4,1595
7,2355
1,278
10,6979
1,272
3,1108
1,539
8,5162
9,2934
1,543
1,347
1,347
9,3213
5,1770
7,2157
10,3536
4,84751
1,366
6,9443
3,811
10,2591
1,554
9,2826
2,701
4,1086
4,1357
1,342
8,4749
1,542
7,1685
10,3568
9,4617
1,328
6,2257
1,374
9,2440
1,475
1,615
2,587
5,1712
5,1398
10,3338
10,6133
9,3122
10,3349
10,2678
9,7276
1,245
4,1423
1,272
7,2772
1,447
1,581
10,2382
9,2884
2,901
10,3260
8,3353
5,1964
10,2912
5,1736
1,767
1,337
1,519
1,362
1,379
1,356
10,7879
10,2690
10,2960
9,3126
10,14878
9,2861
8,5547
6,2199
10,8770
5,1980
3,2519
2,6544
4,1133
10,3475
10,3489
8,13743
5,5117
2,724
9,3378
10,3233
8,2533
4,1587
10,3038
10,2876
2,1087
10,3743
2,787
10,3145
5,1744
5,1303
1,515
2,889
6,1352
10,2119
10,3160
1,454
2,668
3,928
2,928
1,379
8,3930
1,499
10,3590
7,2309
5,1431
1,390
5,1226
10,3248
6,1269
5,2209
9,3389
1,574
3,851
5,1992
1,939
10,2349
1,622
10,7227
10,2328
2,736
1,436
8,2460
5,1309
10,2061
5,1733
4,1176
4,1650
10,3405
5,1622
1,437
2,803
9,3308
5,10087
5,1938
2,744
1,423
8,2608
10,3366
5,1769
2,723
9,2273
7,2945
1,505
1,786
1,477
7,2129
10,3258
10,3674
3,1207
9,3325
1,488
1,694
8,2387
1,431
4,5581
5,1754
7,3989
1,430
1,789
1,406
10,3690
8,2505
5,1825
10,3609
5,1769
1,405
1,385
10,2227
8,2607
1,456
2,682
3,1250
1,243
5,1990
1,494
5,1281
8,2719
5,2049
6,2143
5,1711
1,367
1,469
10,2172
3,1117
9,2983
2,856
2,657
1,257
1,623
1,535
10,2160
1,518
2,1253
10,2732
10,3411
1,505
1,399
3,793
10,2862
8,5722
1,620
6,2440
1,281
1,2725
9,2978
10,2109
1,467
5,3970
10,2886
1,296
1,346
1,243
10,3491
4,948
5,1748
10,2818
1,527
1,396
1,580
3,1228
5,1130
10,2727
1,483
10,2356
8,7125
10,2463
1,237
8,1980
7,2117
5,7688
10,2110
5,9608
1,320
5,2005
10,4928
7,1816
9,2441
9,3043
4,1159
8,2971
4,1159
1,227
10,4937
10,5032
3,4948
6,1218
1,641
10,2407
1,427
1,513
6,1664
1,510
8,2698
1,537
10,3045
9,2111
1,241
9,2617
10,2470
4,9028
5,1605
1,505
1,423
1,5628
2,948
10,3323
9,2833
5,1749
1,264
8,2141
9,3279
1,232
7,1553
9,2467
7,2349
8,2405
1,527
1,405
9,3475
1,352
10,2393
1,421
2,615
1,236
10,2808
2,581
1,304
2,763
6,1426
1,374
8,2902
6,1987
1,267
1,393
1,603
10,2115
1,383
4,1438
1,241
3,1030
10,3557
10,2820
1,430
10,4537
2,624
10,2357
3,964
10,2534
1,604
1,517
3,841
1,624
4,1423
1,227
10,3187
2,858
10,2588
1,345
1,483
7,4167
1,517
2,784
10,2722
3,1075
1,619
4,996
1,251
7,2331
1,371
9,1918
6,2290
3,1067
1,301
1,423
1,489
1,302
1,500
2,837
1,662
1,434
10,2347
1,371
1,490
1,343
1,489
1,512
8,2706
1,320
1,296
3,1122
1,292
1,511
8,1724
8,2613
1,545
1,382
1,454
7,2233
1,274
1,288
8,2594
9,3053
1,344
1,238
7,2617
1,275
1,446
8,1941
1,419
4,1661
1,278
1,346
1,470
1,332
1,259
8,4848
7,2756
1,253
1,286
6,2127
1,231
1,414
8,2477
1,485
3,1296
1,333
1,461
2,723
1,323
1,247
10,2496
2,806
1,248
1,278
2,632
1,274
1,381
8,3036
4,1778
9,2539
1,281
5,1166
1,471
10,3526
1,359
8,2058
10,3770
1,250
1,283
3,1427
1,246
1,294
2,715
7,3819
4,1330
1,257
2,868
6,2679
5,1658
1,387
10,2883
1,469
1,230
1,445
1,415
1,244
2,840
2,751
7,14341
6,2317
1,316
9,2734
1,496
10,5351
1,462
3,1032
5,1311
1,273
1,355
1,474
1,238
1,301
2,587
1,467
6,2092
1,243
2,643
3,1071
10,3230
2,942
10,2220
10,2346
1,234
5,1237
1,491
1,258
10,3288
10,3385
2,808
5,1664
1,263
10,3227
5,1718
10,11024
1,510
9,2105
10,3753
5,1471
1,262
1,405
4,1363
4,1209
4,1374
7,2201
9,10341
1,264
9,2949
1,601
5,3590
1,305
2,612
10,3836
9,3185
1,238
1,370
10,2576
7,1920
10,3843
5,1674
7,2113
1,331
10,3302
6,3836
5,1848
7,2429
7,2384
5,1731
10,2298
9,2932
1,285
3,1015
10,2714
10,3679
2,963
6,2072
10,3206
5,1161
1,409
2,816
10,4550
1,507
7,2091
5,1671
10,3082
1,387
10,2688
6,1697
10,3635
3,1073
2,766
5,1548
1,352
2,781
2,843
1,388
1,446
6,1920
6,2306
7,1608
1,418
9,1993
10,3247
6,11006
2,689
2,776
10,3223
8,2692
3,1164
1,519
1,391
1,441
10,3123
10,3052
5,1638
1,372
6,2088
3,845
10,16038
1,469
1,876
10,11946
8,8691
1,337
5,3995
10,2625
10,3090
10,2412
1,420
10,2641
1,379
7,2392
10,2355
8,15821
4,1007
4,1535
5,1942
10,3052
1,509
9,2964
10,2520
1,298
3,1250
10,2496
1,286
4,962
1,369
10,2373
1,510
7,2334
1,457
5,1815
10,2701
1,512
5,1990
10,2539
1,393
4,1447
10,2054
10,2017
7,1685
5,1336
10,3356
1,592
10,2982
2,880
2,847
3,1728
1,449
8,2666
7,2570
1,302
1,469
4,1280
10,2130
7,1474
10,2339
8,1784
1,523
10,2942
8,2755
5,1716
8,2961
1,400
6,1821
7,2148
1,342
1,862
10,3561
3,1114
10,2313
9,2584
2,697
1,512
6,2146
1,548
1,398
10,3238
2,658
4,1539
6,2232
1,279
1,453
10,3681
5,1135
10,3424
5,1575
10,2187
1,498
10,2735
2,754
9,3482
9,2987
1,360
4,1475
10,3268
1,370
1,481
5,1959
10,2712
6,1672
10,3658
7,2285
1,360
10,3012
9,3003
8,6363
2,792
10,3528
7,2287
3,921
1,376
1,416
10,3789
5,1794
3,834
7,2147
9,2833
1,526
3,812
10,3210
5,1696
1,444
7,1779
7,2667
3,953
1,394
1,292
9,2930
10,3328
10,2331
6,1851
2,713
2,1034
10,2304
8,2680
2,728
7,1896
10,3311
1,646
4,1149
5,1602
1,259
5,1906
10,3226
3,675
10,3772
10,3628
1,486
10,3108
9,2911
4,1170
1,571
10,3556
2,1019
10,2695
10,2293
1,239
10,3467
5,1491
9,2025
10,2318
8,1966
1,760
1,291
8,2126
4,1446
1,588
10,2666
2,828
10,3977
9,1889
1,254
1,584
10,8006
10,2134
1,376
3,996
2,666
1,303
10,6320
1,447
1,560
3,831
3,1324
10,3284
5,2016
1,342
1,456
5,1310
6,2100
3,954
1,283
1,683
1,526
1,684
7,2271
1,431
10,2326
5,2127
5,1677
7,2017
10,2313
5,1523
5,1755
10,2659
4,1059
1,314
1,546
1,296
1,412
7,4362
10,7824
10,2132
6,2595
10,3300
6,2275
10,2661
1,386
1,422
2,500
1,404
1,324
1,434
1,256
1,414
2,571
1,363
2,835
2,821
10,3091
10,3098
5,1691
5,1486
1,356
10,2174
10,3206
1,253
2,957
1,333
1,462
3,1377
1,354
6,1745
1,747
1,567
10,2655
10,3465
1,412
1,382
1,338
1,289
1,240
5,1965
1,258
1,490
6,2297
1,264
10,3222
3,1281
1,552
1,376
10,3163
1,421
1,402
10,2165
1,410
1,329
9,3149
1,253
1,489
5,1834
1,256
10,2221
1,432
1,567
3,881
5,2384
1,469
2,798
4,1333
1,410
4,940
5,1629
1,279
1,365
6,2858
1,247
8,2130
1,539
1,490
4,1068
5,1900
1,413
1,380
10,3213
5,1745
1,274
9,23649
1,334
1,396
4,1508
1,280
8,2951
1,583
5,3695
10,3124
2,812
1,435
1,434
8,2704
1,419
1,300
2,908
6,2883
1,379
2,959
5,1294
10,2926
1,419
1,509
9,3719
5,1774
2,686
1,444
1,347
10,5508
1,250
6,18679
10,2337
1,352
3,1128
10,2137
8,2029
1,450
5,2400
10,3170
9,3057
1,547
1,442
1,253
5,4125
1,289
5,14790
10,3059
1,677
1,621
6,1841
4,1009
1,417
1,475
5,1719
6,2070
1,531
5,1981
1,246
10,3143
1,260
4,13348
7,1557
4,1015
1,596
5,1301
1,280
1,465
1,457
10,3026
5,1961
9,6211
1,355
1,246
1,1048
6,2236
9,18836
9,2023
5,1384
1,554
7,2359
1,273
1,443
1,550
10,3286
8,2957
1,543
1,546
1,246
1,473
10,3796
1,3265
4,1041
9,3582
1,512
10,2572
1,247
1,418
1,508
1,503
4,1609
8,13412
9,2986
1,335
1,545
10,3701
1,4723
10,2081
2,3622
1,534
10,2621
1,238
1,353
1,663
1,517
2,2418
5,1565
2,731
1,234
1,355
10,3751
7,45586
3,1601
9,3394
1,508
10,2819
1,344
4,1121
5,2117
1,558
4,1699
4,1473
5,1880
1,233
10,3148
10,3366
1,589
1,489
10,3469
1,467
4,1000
1,274
10,3166
4,2416
5,2878
1,537
4,1237
8,12445
1,279
1,368
7,2236
1,29242
4,1593
6,1478
1,382
3,678
2,734
10,3726
1,484
1,811
7,2854
1,503
1,500
1,277
5,1387
1,516
5,1771
10,2816
5,1196
1,575
10,3404
1,413
10,2632
9,6256
5,1603
4,1285
7,2302
4,2427
4,10755
5,2091
3,1052
2,854
10,8118
10,2392
1,402
10,3403
1,393
10,7142
8,2728
1,443
2,4980
6,2161
7,2556
10,4090
1,448
2,821
5,1774
10,3201
8,2121
2,876
9,2994
1,256
6,1554
4,1390
1,486
6,4409
2,579
1,531
10,10999
2,858
1,332
2,914
10,6757
1,706
1,342
5,1651
1,330
10,3267
2,698
1,505
5,1627
5,7630
7,6698
10,9634
7,2463
4,1255
2,803
6,4251
8,2290
6,1729
10,5054
2,544
8,2481
2,5312
1,417
3,1134
3,962
2,962
10,3488
9,2986
6,2097
5,1886
10,3691
10,3401
7,1866
10,4016
10,3903
10,2349
6,2055
1,440
1,628
6,1900
6,2097
6,1985
5,2026
8,2694
1,564
1,718
10,2803
10,3612
1,574
4,1516
6,2416
1,501
1,480
1,474
3,1094
3,1119
5,1776
8,2560
1,464
5,2371
7,2352
2,772
10,3553
1,532
10,16981
2,711
7,2593
1,413
6,2278
4,1550
2,943
5,1724
2,745
7,2360
5,10544
1,427
3,1055
10,2665
1,490
10,17037
10,2425
2,835
2,2123
1,653
1,357
6,2025
1,502
4,2583
9,2908
1,467
1,545
10,2624
3,741
1,373
6,2293
2,695
6,3045
1,566
1,417
4,1139
3,975
1,506
4,1328
1,369
2,1743
1,392
9,1933
10,3531
1,740
10,21397
10,2133
8,3652
5,1632
3,831
7,2607
2,617
2,1153
2,715
2,680
1,660
1,374
7,2249
10,2208
1,541
1,525
9,1942
5,2363
7,3919
1,315
10,3351
10,3407
9,3010
7,2656
9,5445
1,597
1,482
1,426
10,3092
5,1712
2,860
4,1367
2,1028
9,2434
1,360
10,2506
4,1203
2,922
1,469
9,34836
5,1662
1,489
10,3544
2,1163
1,352
8,41635
8,2542
2,749
5,1786
1,290
10,3604
1,302
8,2912
2,779
6,9352
2,909
1,594
1,373
8,2013
1,379
1,574
10,3466
1,305
2,818
1,479
10,2850
7,1535
1,343
6,2079
1,487
3,1163
1,527
1,249
10,2954
5,3033
2,887
1,398
4,1093
4,1467
1,423
10,3474
10,2590
9,3038
5,1791
2,634
2,703
1,475
1,319
8,3018
1,444
5,1603
1,389
7,2119
4,1270
1,364
6,2231
10,3294
2,873
3,12605
1,1147
3,987
3,1132
1,261
8,1679
1,475
9,3179
1,298
10,2627
3,954
2,612
3,1052
6,1593
1,338
6,2164
1,344
2,661
1,411
1,273
8,2432
1,515
2,778
1,251
10,2981
7,2494
1,731
1,395
9,1972
6,2021
3,1240
2,720
1,592
9,2959
1,502
10,3526
2,806
5,1827
1,244
10,3215
1,531
10,2685
1,347
3,910
1,302
2,715
1,1678
3,1598
3,1133
1,401
2,671
5,1728
9,2910
1,228
10,3906
3,1282
4,1096
1,451
10,2462
1,303
1,315
1,376
1,491
2,706
1,648
2,579
1,480
1,351
1,229
6,1501
5,1910
7,2050
1,328
1,697
1,320
1,718
1,5838
1,529
2,805
1,552
2,492
8,2700
8,12703
1,316
1,364
6,1878
10,3071
1,281
1,324
2,3689
1,438
1,421
6,2130
8,5905
1,450
10,2594
5,1819
9,3081
1,231
1,308
2,710
10,2889
1,411
1,318
1,4225
4,931
6,3724
1,690
9,2818
5,1351
1,354
4,1220
5,32488
1,260
1,240
6,4273
6,2239
1,327
1,269
7,6178
1,287
9,89420
7,2497
7,2247
9,3007
1,245
2,623
7,2383
1,236
1,282
2,1153
3,10615
1,363
1,309
2,4485
1,275
2,1767
2,764
6,2008
10,2365
1,276
4,1365
1,317
4,1479
1,287
1,386
10,2424
1,383
1,304
1,478
1,309
1,333
1,571
9,2942
7,2381
1,245
7,2387
2,745
10,2931
1,253
4,1300
10,2123
1,566
1,294
8,43112
1,303
1,569
3,1234
6,2120
5,1896
1,251
7,2323
1,319
10,3822
1,281
7,2039
2,541
10,2305
1,248
4,16337
1,241
1,549
6,1970
1,468
6,2331
1,226
2,984
6,1950
10,7655
1,244
10,3236
10,3004
2,706
1,372
2,769
1,258
1,367
1,552
1,299
10,3577
1,247
6,2207
1,324
10,4008
1,282
10,3712
10,2306
10,3209
1,293
1,1500
1,244
5,1798
7,2525
2,684
10,3233
1,234
5,4232
1,304
6,6116
1,294
10,2963
7,1757
1,381
10,2102
9,45254
1,322
2,871
1,489
2,704
1,346
1,244
3,2455
4,42148
7,19935
3,765
10,3440
10,2732
10,2093
6,1831
9,34031
1,250
1,463
7,3109
1,624
3,914
1,252
2,1080
1,471
5,1749
10,3552
6,2105
8,1864
8,2792
10,2923
6,2211
10,2686
2,796
5,1986
2,2719
4,1344
4,1804
3,1452
2,662
1,368
2,1049
3,1085
10,3334
8,2382
2,688
2,1140
10,2137
2,893
2,710
5,6485
10,2834
10,7041
6,14436
1,1244
3,1176
10,3466
1,606
8,2520
10,3072
10,2918
1,650
10,3311
1,506
5,1853
2,995
10,10604
6,50301
1,659
1,563
1,473
8,2450
1,448
3,756
9,2138
7,2039
6,2297
6,2384
5,1680
6,2285
6,2044
5,1932
10,66658
2,770
1,445
2,784
8,2801
1,388
2,477
2,766
4,1016
5,2090
10,3442
2,1023
1,478
2,822
10,7522
10,52357
4,1594
1,473
5,1744
10,3416
1,346
1,299
4,1305
10,3280
1,399
9,2289
2,948
3,1238
2,605
10,3577
7,10686
7,1688
2,833
9,2944
8,2712
1,379
1,267
10,3643
8,1946
1,591
5,1568
5,2340
4,1386
5,1646
10,3536
1,499
10,2551
5,8777
2,1036
8,1633
1,388
1,255
10,4373
3,922
1,6495
10,2723
3,1493
6,2101
3,971
5,1916
3,1081
10,2209
1,689
9,3484
8,2118
1,328
1,309
10,3516
10,2327
4,1564
5,1216
2,773
1,512
2,853
5,1965
1,484
10,3269
5,2011
8,2869
2,679
10,2342
1,346
8,2795
4,1604
1,659
2,687
3,1526
1,690
1,520
1,461
2,1003
6,1965
1,552
9,3026
2,927
1,502
1,267
10,17149
10,3148
5,5108
10,2872
7,2548
5,2015
1,507
1,454
2,809
10,3341
3,1182
1,483
2,1122
1,415
1,239
10,3194
10,3761
1,620
10,2594
1,728
1,545
1,465
1,468
9,3370
1,335
1,4660
7,10937
2,545
1,307
1,405
6,2183
10,3113
2,707
8,2450
2,703
4,1561
1,389
2,819
5,20609
1,302
5,1740
1,357
4,1442
10,2170
1,296
2,714
10,3323
3,1265
8,1844
3,982
4,1777
4,1368
1,351
5,1753
1,300
3,1036
9,26735
10,3305
10,2869
1,235
1,301
6,2159
2,686
10,2592
2,20201
1,494
1,445
1,471
9,36369
1,307
2,11384
1,348
10,5699
2,711
10,2282
1,760
8,2722
3,963
8,2707
6,2106
5,1782
1,463
5,1718
2,653
1,271
1,577
1,357
10,19667
8,2132
10,3052
1,495
1,463
3,10447
2,665
7,2824
3,1470
5,1770
1,346
9,23119
1,299
5,1297
1,400
10,4061
10,3047
10,2630
1,418
1,503
1,374
2,523
7,2958
4,1534
7,5974
1,291
7,2214
1,267
5,1880
6,12448
6,2274
8,2643
10,3239
1,549
1,542
2,772
4,1438
5,1903
8,2698
5,4993
9,3413
1,3249
3,722
2,956
1,451
10,3444
8,2218
10,3156
1,464
1,422
6,2602
1,503
4,1624
1,544
1,336
1,619
8,4171
1,256
2,728
1,401
1,479
8,2306
7,2335
1,486
1,379
6,2166
1,398
5,1754
8,2644
1,457
1,500
1,342
1,248
1,445
1,370
1,4439
2,824
3,3933
1,425
1,407
2,941
10,2980
6,2321
6,2034
2,672
2,748
5,1593
1,254
3,2189
1,5069
7,7651
2,782
1,341
1,372
1,432
7,2923
1,454
1,585
4,1485
1,395
1,504
6,2120
10,3249
5,2207
1,452
1,536
2,657
1,329
1,2881
1,448
1,424
1,453
1,539
6,2044
3,1407
1,470
1,2374
10,3440
2,904
1,443
1,471
4,1478
2,642
1,657
1,440
6,2049
1,496
6,2094
6,2958
1,493
4,1398
1,354
2,628
7,2508
1,418
1,379
10,3292
3,1079
1,348
2,771
7,2520
10,3899
6,1923
2,923
1,459
5,3885
1,343
6,1675
1,540
1,392
1,449
10,3522
9,2999
2,776
1,340
6,2342
1,495
3,971
1,474
2,717
8,18214
2,687
10,2175
3,1202
1,415
1,317
6,2555
8,15859
1,600
1,404
5,1640
1,495
4,3157
1,569
3,1629
4,1465
2,565
9,2923
6,2124
2,833
1,312
10,15565
5,3275
9,23398
2,564
5,1772
1,404
1,459
1,700
2,653
1,545
1,321
8,1860
6,2187
2,18727
1,635
10,40880
2,602
2,632
3,960
6,2143
10,8211
1,598
1,492
2,853
7,2624
2,662
8,1958
7,2358
5,15263
1,706
10,35263
4,1281
5,1752
8,2638
1,468
1,473
1,585
6,2075
1,408
2,834
5,5622
4,1082
1,519
2,27436
1,600
1,618
9,2906
9,3304
1,360
4,1503
1,419
1,541
1,557
1,499
8,2964
5,2945
10,2534
6,2123
3,1673
3,1112
8,2896
9,10366
7,2874
2,678
6,2389
6,2833
1,4847
5,3356
3,1067
5,5215
2,44782
1,403
1,438
5,6521
9,2937
1,936
7,2157
9,26374
9,31470
4,2313
10,5963
5,1724
1,964
6,2083
3,1432
1,301
2,548
1,535
2,784
2,634
2,695
1,297
4,1228
9,19003
2,833
10,3662
1,392
1,712
7,2498
6,2724
1,838
4,3559
5,2030
2,6970
2,725
1,41045
1,1047
8,34055
6,1723
1,462
1,444
1,1917
4,1461
5,1793
2,859
2,1747
10,3385
6,2408
1,705
5,1712
1,484
7,8776
6,1930
7,26290
5,1889
1,417
6,2301
1,605
6,1963
7,2014
6,24794
10,4247
6,2139
5,1965
2,1111
1,636
1,370
1,432
2,594
1,343
9,2817
1,5786
3,1321
5,1609
1,471
5,4011
10,3979
1,670
2,5263
5,2021
8,4323
1,419
1,370
1,287
1,316
2,8152
1,518
1,1480
6,2170
4,1146
5,1758
6,6248
6,2166
2,700
7,2365
1,1281
1,368
2,762
1,307
2,644
5,1620
2,788
1,2264
6,3250
3,959
4,103062
10,12405
3,1024
3,1213
8,2667
1,739
1,434
1,423
1,319
1,443
5,1706
1,393
1,567
6,1801
10,2882
1,4913
10,3699
3,1121
3,1431
9,15231
1,587
6,5839
2,5830
2,742
1,515
2,694
1,460
1,433
3,1097
10,3165
1,513
1,385
1,379
1,591
5,1896
2,790
1,406
5,1689
7,76823
4,1446
8,6896
4,1476
6,2217
2,822
10,3486
2,7276
1,34992
4,1392
5,25708
4,1282
1,375
2,817
2,735
9,22828
1,455
9,4292
1,435
3,1016
1,468
10,8609
1,413
8,24602
1,420
7,2767
5,2144
3,979
1,441
5,15446
2,3589
3,1108
9,19163
3,977
5,1728
2,822
6,6740
1,491
1,657
1,470
2,4474
1,446
1,482
1,440
2,15932
5,1566
1,585
7,2429
1,522
6,2182
5,1579
10,2878
2,800
1,629
2,716
2,927
1,376
5,1849
1,342
5,1600
2,593
1,380
1,408
6,2133
3,1398
1,498
1,716
2,758
1,589
1,410
3,1237
1,437
9,2745
1,427
1,536
3,897
1,339
5,2388
5,1925
2,932
4,1812
1,487
2,736
1,644
5,2001
1,2160
3,1118
1,374
2,770
5,1498
2,806
1,488
4,1783
4,1710
7,2461
3,1502
1,450
1,425
1,494
1,781
6,3775
1,365
1,437
1,366
2,17632
5,3809
1,499
6,2007
1,569
8,6701
4,1474
1,463
1,440
2,659
4,4465
6,2220
2,740
9,12866
1,343
3,17141
5,13883
1,471
1,478
10,3206
4,1550
1,1665
1,448
1,404
1,500
3,1005
7,2534
5,1638
9,2842
1,304
1,382
2,737
1,393
1,318
3,1243
4,1570
6,1977
1,331
3,937
1,337
1,646
6,21669
1,472
7,2329
2,739
1,16918
7,15222
1,403
1,308
6,2176
7,1918
5,1612
1,407
3,1002
1,668
4,1579
5,1643
5,1622
6,2031
5,1699
3,1013
1,13238
5,1931
2,620
4,1640
2,1032
3,1010
1,447
2,893
1,571
1,649
5,1867
1,535
5,1680
5,4382
1,11205
1,642
3,874
1,308
6,2251
8,3110
4,1372
1,308
1,486
1,407
1,436
4,1518
3,1163
2,716
2,963
5,12452
3,1437
8,2593
2,610
6,2218
4,1298
1,495
1,272
3,895
5,1884
1,515
6,1988
2,754
1,602
2,802
2,10658
2,928
1,453
2,588
4,1435
5,1411
6,2040
10,3313
6,2157
8,2825
6,2391
1,327
1,473
1,668
3,1229
3,10792
5,1746
9,2941
5,2870
3,1255
2,938
9,2768
2,829
6,10289
2,1109
5,2154
3,1262
1,352
1,405
1,631
5,11928
3,1227
6,2115
3,1113
6,2000
6,2269
4,1273
10,3077
7,21251
9,9395
3,1267
6,1991
2,859
1,897
5,1820
7,2232
1,614
4,1393
1,350
3,963
10,2971
4,1309
8,2574
7,2624
9,17210
4,1498
4,1286
5,1978
5,1934
2,1026
1,385
1,482
6,16706
3,1131
6,2210
10,3224
6,2233
10,2571
6,2306
9,31601
1,698
3,1028
1,382
2,622
5,1872
1,487
3,1035
1,431
5,1740
5,1284
10,2794
3,1231
8,2108
5,1935
9,32626
9,3332
1,468
1,349
5,1835
2,918
2,759
3,930
6,2431
1,492
7,2772
5,5069
6,2002
8,2176
3,1221
6,6349
4,1615
1,438
1,491
3,1427
3,1243
1,403
1,464
4,1703
2,876
6,2377
7,2062
1,417
8,2286
6,2317
5,16103
5,2375
1,366
1,454
2,929
2,791
1,519
2,1079
1,685
1,1809
2,909
8,2760
1,470
2,754
2,769
1,501
6,2082
1,362
5,1385
1,541
2,687
1,395
1,535
3,1256
2,3538
8,2875
1,680
1,582
2,755
1,4682
1,485
6,2053
6,32040
1,462
5,1665
2,967
6,3363
1,492
3,1117
7,2373
4,1549
1,339
6,2050
2,655
4,1547
2,842
6,2050
1,499
1,477
2,899
3,1261
1,542
1,513
4,1403
1,416
4,1095
1,441
1,345
10,2306
6,2195
2,888
1,634
1,402
1,436
1,495
2,783
1,364
1,461
3,1004
1,447
5,1774
1,281
1,454
4,1443
1,536
2,746
3,1261
5,3283
5,2081
1,475
1,314
3,931
2,640
6,2010
1,428
10,2368
1,380
1,516
10,3244
6,6759
2,959
2,718
1,359
5,1669
5,4853
6,2132
2,765
7,5253
5,1199
1,482
1,405
1,350
1,374
10,3639
1,598
1,477
3,822
2,660
3,1081
1,568
4,2657
6,2001
1,9871
5,1792
1,457
1,448
1,383
4,1414
6,2140
3,14682
5,1868
6,2090
1,333
2,631
5,1842
7,12987
1,328
6,2262
2,669
5,1714
1,948
3,993
1,317
10,7545
2,716
2,806
6,1415
1,365
6,1784
1,403
7,2323
1,401
3,1474
7,3289
2,748
4,2051
1,580
1,513
10,5616
5,1583
1,663
2,777
1,448
1,329
2,790
7,2674
5,1674
1,554
8,2480
2,882
1,665
1,328
1,506
7,1777
1,4881
6,2248
6,1630
3,978
3,958
2,719
5,1784
5,1712
6,5425
7,1707
1,384
8,2542
1,419
7,2288
1,405
4,1672
2,748
7,2710
1,371
2,616
1,375
6,1968
6,2066
1,441
6,1393
5,1680
1,255
10,2573
1,393
1,448
1,673
1,487
8,2712
4,8509
2,799
5,2681
3,1083
4,1559
7,2667
5,1212
1,497
2,1184
10,3506
3,754
1,432
4,1552
1,629
3,1006
1,383
6,2085
1,438
6,2044
6,1791
1,404
4,1058
1,333
1,403
10,3641
3,849
1,509
1,618
5,5632
8,5121
5,1311
4,1332
3,1568
1,353
6,2063
5,1713
5,1817
3,4594
1,420
10,3478
6,1812
1,659
4,1619
1,668
1,710
5,1624
1,456
1,10775
6,1900
3,1115
6,1991
2,725
2,709
1,266
6,2234
5,1330
1,533
1,514
5,1722
4,1069
3,972
3,1086
1,746
1,366
4,1315
5,1837
8,2120
5,1611
1,342
7,1892
2,1045
1,810
1,11294
1,553
1,256
4,1417
7,2523
2,685
6,1871
4,1331
1,492
1,368
7,2627
1,363
10,3861
6,1478
1,480
3,17238
1,578
1,290
1,480
5,1491
3,4773
4,1505
6,1926
6,5030
1,320
2,833
10,2240
4,1310
3,1426
1,5152
1,584
2,1539
4,1508
6,2057
5,1633
1,487
3,1368
2,1009
6,18606
1,294
1,342
3,1093
3,1296
7,1612
3,1038
1,564
1,672
1,231
5,1774
5,1899
1,474
1,389
1,471
4,1473
1,345
3,958
1,440
7,2290
4,1066
1,471
1,936
5,1746
1,605
4,1695
6,2072
1,518
1,493
1,499
3,3441
1,321
6,2292
2,551
6,8614
5,1423
1,406
1,644
2,667
1,333
6,3140
6,4166
7,2317
1,327
4,1298
1,332
1,232
6,2042
7,2418
1,2570
4,1147
1,373
4,1383
2,948
1,500
6,5527
3,1154
6,1876
5,1813
4,1966
2,927
1,232
5,1821
10,2416
5,2206
8,2472
2,837
1,474
1,350
8,2673
6,2012
6,2153
3,851
1,496
3,3290
5,1855
1,308
6,2236
9,2313
3,1160
7,1661
2,722
4,3870
1,632
4,1422
4,1876
3,1086
2,593
2,683
1,450
1,513
1,294
1,381
7,2024
10,3786
4,1240
9,3583
8,2581
1,508
1,331
1,647
3,1068
6,16914
1,533
5,2446
4,1305
1,244
6,2309
8,1845
4,1630
2,579
7,15761
8,2480
3,986
1,439
2,2628
1,466
6,2038
2,666
1,467
3,1051
3,804
5,17865
3,979
10,3986
2,438
2,746
1,622
3,1090
2,771
3,1182
5,1747
7,2304
4,1215
3,1121
4,2588
5,1315
3,1058
10,3292
3,1296
10,2408
9,2805
6,2024
3,1136
7,2461
2,890
4,1439
5,17872
3,973
4,1206
1,448
2,538
6,21945
10,3563
5,1830
6,1406
6,2124
6,2139
1,413
1,408
3,1136
1,350
5,12365
4,1464
5,4672
1,487
2,577
4,1224
10,2156
9,3019
10,2743
9,2891
2,2088
2,771
2,647
6,2091
3,944
6,2184
1,326
6,2104
5,1862
7,1672
3,924
10,2290
1,526
10,2161
4,1228
1,349
2,908
2,614
6,1519
4,1458
1,344
1,460
6,2005
3,1024
10,2636
6,18519
7,2441
8,4355
8,2603
8,9632
6,2166
1,540
8,1776
8,2757
6,2013
3,1150
8,2551
9,2993
6,1760
5,1769
1,557
10,3822
6,2003
8,2573
1,413
3,2944
3,1461
10,2169
7,2143
5,1657
4,1341
1,481
5,4418
8,2041
8,2306
2,812
10,3409
1,343
7,4731
1,398
3,1294
7,3666
10,3442
5,1716
3,1161
6,2182
1,2039
4,1173
1,460
7,1621
4,1615
10,3645
1,562
10,2541
1,457
2,856
6,6880
10,3096
8,1951
4,1658
2,775
1,480
6,1949
9,3192
8,1896
1,387
1,497
1,889
1,394
5,2814
3,1322
7,2283
8,3006
3,1090
1,489
3,3883
4,1599
6,2597
6,6196
3,1057
3,973
1,304
4,1427
1,1160
5,48951
5,1394
4,1143
7,2303
8,2465
1,998
1,510
1,418
1,442
4,1450
10,2097
4,1586
1,318
1,539
1,334
1,538
6,1737
4,1491
3,1339
4,1424
1,399
5,1709
4,1366
1,417
6,2107
10,2779
1,371
1,492
1,485
1,292
2,2830
7,2005
5,2213
10,2607
4,1063
1,427
1,540
1,460
1,420
1,477
10,2165
1,1925
1,482
1,515
1,429
5,1737
2,985
6,10692
10,2322
2,822
10,3297
4,1240
1,444
1,444
4,1494
10,3264
1,501
1,398
2,1399
1,512
2,823
3,1123
4,1625
10,3386
5,2110
6,2019
4,1329
5,1291
1,458
6,2014
10,2803
1,507
3,781
1,530
1,372
5,1724
5,2266
1,351
10,2324
7,2411
1,452
5,1710
10,3225
3,1108
1,472
10,3048
5,10100
1,534
1,528
1,543
5,2069
8,2477
6,2263
7,1765
1,365
4,1171
3,960
4,1443
1,312
1,507
7,2143
3,882
1,341
1,903
1,468
2,685
8,2717
3,986
10,3157
1,372
4,1400
5,2669
6,2091
2,775
1,492
10,2364
5,2140
1,337
1,581
1,543
3,1305
5,1947
6,2111
6,1611
1,333
6,1634
4,1104
5,1748
1,452
1,318
3,1133
1,670
1,346
8,2911
3,1357
2,1097
4,1036
2,951
10,2223
1,325
1,467
8,2039
6,1816
1,501
1,489
1,554
4,1742
10,3522
2,665
10,2480
1,574
5,1341
6,1908
1,526
1,259
1,429
1,546
3,1129
1,414
1,500
1,452
1,466
5,1960
6,1767
10,2505
2,1128
5,1643
2,618
1,404
1,280
6,2840
6,2037
3,901
4,1193
2,820
1,309
1,520
2,895
2,886
10,2321
1,613
2,767
5,2389
1,264
1,238
1,559
5,1756
6,1780
1,477
3,1371
1,240
8,2748
5,1899
1,516
10,2543
2,825
8,2206
1,502
1,395
1,242
1,443
1,423
6,1553
1,487
1,1907
1,299
1,457
5,1828
5,1674
7,2069
1,418
7,2169
4,1476
1,354
1,247
1,431
6,1888
5,1502
2,623
1,503
1,262
1,456
3,4011
7,2803
10,3105
5,9263
1,613
3,1456
1,463
1,243
1,469
4,7909
5,1548
2,792
1,355
1,355
6,2756
10,9788
2,697
3,1716
1,376
1,431
1,631
1,277
3,1075
6,4492
6,1825
2,534
4,1087
1,322
1,302
5,1663
8,12489
5,1869
7,1988
3,1324
1,576
1,555
1,570
2,614
4,1299
2,821
3,819
8,2772
1,262
1,571
1,451
5,3522
4,1628
2,832
3,1247
1,283
5,2176
1,383
10,2125
1,507
1,464
8,2585
3,1063
3,1247
1,346
6,2093
6,2407
1,621
5,2726
6,2390
1,252
4,1662
1,349
7,1829
2,841
1,482
7,2201
2,674
2,656
5,1943
4,1519
4,1551
8,2793
10,3103
1,389
1,257
8,2405
3,990
10,2653
8,2771
1,560
4,978
6,2085
6,2157
6,2865
6,1741
2,916
1,247
3,1071
2,965
1,300
8,1757
4,1562
10,2503
3,990
1,526
4,1190
8,2687
2,684
2,863
2,734
1,7822
3,1103
10,13346
1,512
1,256
1,599
5,1549
8,2152
1,251
1,662
5,1593
8,1760
8,2981
5,1447
6,2223
8,3011
7,2499
10,6259
1,389
1,300
6,2039
2,742
7,2046
6,1931
6,2063
1,403
4,1030
7,2216
10,3163
1,439
6,2411
1,522
3,1272
2,875
1,260
6,2020
5,1440
3,1092
6,1597
1,328
1,401
2,1066
6,11673
5,4877
4,1334
8,2823
4,1496
8,2829
1,400
5,1791
1,442
10,2440
7,2391
2,881
1,475
1,328
8,2701
8,2875
4,1494
2,785
3,1243
1,523
5,1753
3,1088
5,1260
4,4702
10,3161
10,2561
2,998
4,1432
5,1241
4,1676
8,2478
8,2646
3,5999
1,322
4,1156
1,477
1,371
10,2220
1,319
10,2941
10,2242
8,3038
1,377
1,336
7,13279
4,1258
3,1111
4,1448
5,1909
8,2289
4,3509
1,411
10,2029
6,2318
8,2674
10,3386
3,1041
1,630
8,2263
4,993
4,1486
5,1574
6,1858
7,2638
3,927
1,393
7,3903
10,2433
1,359
3,2901
10,2066
9,2014
3,1256
2,570
7,1810
8,2718
6,2048
3,858
2,1031
6,2127
1,652
5,3317
5,1556
2,837
6,2412
3,1068
4,1479
1,476
7,1664
2,806
2,876
2,912
6,2131
5,1876
10,3081
1,599
1,450
7,1823
1,358
4,1520
10,3276
4,1522
6,1676
1,404
2,472
3,950
4,1694
2,695
4,1917
6,1842
6,2262
1,451
3,901
1,367
2,928
10,2336
8,2877
3,869
5,1702
10,2043
10,3455
2,765
7,2485
1,605
9,2216
1,377
1,527
10,2402
1,451
5,1913
10,3278
7,2327
6,2071
1,284
10,2834
5,1209
1,385
8,3074
2,887
9,2353
1,661
6,8493
10,2506
1,510
1,410
1,606
4,1091
3,1098
1,354
6,1276
2,576
6,5431
8,6183
1,549
2,1060
1,825
5,1763
10,2419
1,528
8,2548
1,504
1,355
4,1091
1,367
10,2052
2,609
8,2706
4,1577
1,362
1,517
1,730
7,3932
10,3357
3,1181
6,2021
1,396
2,606
3,1175
1,344
3,836
7,2495
8,2141
4,1424
1,406
1,359
1,524
6,2138
10,5230
1,361
1,1066
1,427
10,2781
8,2740
1,284
8,2411
10,2053
6,1932
8,2554
1,498
1,498
1,497
5,1686
7,1699
6,2054
2,616
1,361
6,1809
7,1840
5,1169
8,2477
5,1190
2,949
2,950
7,1592
1,501
5,4748
6,1863
10,2159
1,477
3,1306
1,324
10,2599
2,662
5,1091
1,417
8,1714
1,466
7,1928
1,243
1,329
6,2213
6,2165
10,3660
1,424
5,1318
1,302
10,2575
7,1715
1,380
1,295
7,1670
5,1929
4,1510
8,2919
1,292
1,340
5,1577
8,2707
4,1356
7,1925
1,332
1,333
4,1265
5,1686
1,312
8,1914
7,7914
1,368
1,383
1,315
8,3131
1,350
3,963
3,1113
1,562
1,393
1,292
2,911
10,2030
1,282
3,843
2,565
1,270
1,601
1,361
8,3090
3,1015
1,382
3,1209
5,1767
1,459
1,275
7,2199
10,2573
1,235
1,351
2,811
1,302
1,460
1,600
1,540
2,793
1,281
5,1200
1,354
5,2003
1,439
8,2846
7,1869
1,244
1,248
4,2376
1,370
1,409
1,352
2,653
1,442
1,259
6,1529
1,474
5,1300
9,3016
3,866
9,2651
1,241
1,268
2,947
1,249
1,335
1,438
1,469
1,485
1,238
8,2165
1,686
10,3107
7,2223
2,711
3,847
1,240
1,270
8,2249
1,299
1,638
10,2103
2,822
2,800
1,258
2,599
1,387
5,1927
1,406
10,2100
10,2478
1,301
1,259
1,455
1,259
10,2448
10,2418
2,762
5,1741
1,339
5,1617
2,625
10,3249
8,1935
7,2480
10,3413
1,322
1,258
1,352
1,442
5,1240
4,1327
2,464
3,1264
1,400
7,2087
1,374
10,3423
1,2198
10,3145
10,3684
2,782
1,1246
8,1825
1,346
3,802
10,2417
4,1043
4,1678
1,302
5,1170
1,480
5,13889
1,387
10,3823
10,2296
10,2317
1,418
1,301
1,352
1,490
9,2218
8,2376
9,3183
1,596
4,1112
1,492
3,1115
1,415
10,2169
10,2764
10,2151
1,293
1,314
2,669
8,2060
10,2776
8,2633
2,702
1,308
10,2060
1,592
6,2354
1,251
8,2668
7,2351
8,2930
1,359
1,356
10,2417
10,2322
9,2277
6,1844
6,3160
2,949
2,893
1,443
1,541
1,285
7,1891
10,2994
7,2510
10,2233
1,370
10,3117
7,2179
6,1329
7,2335
3,1608
6,1850
5,1762
4,1570
4,1482
3,1093
1,290
10,2037
10,3258
10,2136
1,301
6,1333
5,1983
1,420
1,368
4,1777
10,3339
8,2467
7,2131
2,964
10,2205
1,281
1,377
10,2930
10,3030
1,259
10,2126
10,3071
1,546
2,571
1,627
10,3562
4,993
5,1180
5,1909
10,2174
1,266
1,394
10,3111
10,3054
1,246
10,2193
2,730
10,2274
9,2263
8,2262
10,3830
5,1393
1,478
1,384
10,2212
1,255
1,266
3,1233
10,3273
1,257
8,2683
5,1357
3,1361
8,1920
6,1941
3,1070
2,545
8,2234
8,2677
10,3158
1,319
1,252
7,2371
7,2070
1,266
10,2628
10,2426
10,22068
10,2931
4,803
4,24571
10,2183
1,362
6,6951
10,3373
1,482
1,355
3,955
10,3376
1,374
10,2832
4,1251
10,26967
3,944
6,1803
6,2506
6,1284
7,1717
2,657
7,2376
1,355
3,722
5,1981
3,954
3,841
10,2784
10,2194
10,3228
10,2253
6,3996
4,1646
10,2539
3,1120
8,2720
10,2615
1,362
1,376
2,855
5,1676
1,465
10,2211
10,3830
10,3543
10,3088
6,2184
2,911
5,1670
1,388
2,960
3,1145
1,301
1,389
10,16290
6,2317
4,1360
10,2394
10,2627
7,7258
1,419
1,596
5,3558
10,2333
4,1075
5,1312
6,2094
1,302
1,277
10,3645
10,2321
4,1169
7,1637
10,2784
7,2268
9,2461
1,1501
8,2625
7,2395
3,1141
7,2436
2,791
3,838
6,1517
3,1147
2,766
7,1587
10,3280
9,3041
1,693
2,742
4,1477
1,320
8,1703
9,2795
5,1336
5,1431
10,2469
1,285
10,3270
5,1568
7,1647
10,2201
6,1435
1,944
1,571
1,432
6,1840
1,298
10,3088
4,1335
4,1374
10,3085
1,299
5,1759
5,2050
10,2112
3,863
10,2278
1,611
10,3303
1,499
5,1730
1,232
10,3266
2,826
10,3569
10,2234
8,2858
6,1893
10,4046
6,1467
7,2584
1,310
1,485
1,326
1,543
2,645
1,249
6,2066
1,478
10,3281
10,2332
4,1426
8,2545
4,1545
6,1727
1,551
1,229
1,17266
1,433
1,399
1,531
1,252
9,2149
8,2509
1,450
6,1654
2,804
1,538
3,1096
9,2036
1,313
1,232
3,16980
1,256
1,457
2,690
1,247
1,525
6,1834
10,3300
7,2369
2,801
1,410
5,1495
3,944
1,266
1,290
2,11237
1,285
3,795
7,2299
1,246
1,498
1,407
3,1788
10,2092
10,3284
1,509
8,11996
1,377
1,388
1,285
1,564
1,334
1,275
5,1650
1,273
10,2293
1,504
8,2545
4,1363
10,11896
1,486
6,2083
10,2431
1,499
1,285
1,474
1,391
1,424
2,764
1,312
5,1294
1,419
5,1712
3,1129
3,1059
1,384
1,454
10,4061
1,399
1,241
1,493
1,266
3,852
7,2649
1,256
10,2231
1,312
1,375
5,1865
8,7627
1,360
1,416
5,1016
10,2961
1,233
1,490
1,389
1,267
4,1337
1,262
10,2347
1,302
1,472
1,648
6,2024
1,405
1,451
10,2663
5,2018
1,289
3,1063
1,307
1,334
1,541
3,1147
10,2413
1,268
1,430
5,2102
4,1461
1,432
4,1859
10,2223
1,434
1,329
6,2029
1,408
3,1155
8,3156
10,2229
10,2416
1,261
1,773
10,2506
2,775
1,471
1,448
10,3051
1,546
1,497
1,359
10,2615
6,1983
6,2179
10,2891
9,2494
1,358
1,482
5,4795
1,487
1,386
4,1344
10,3238
1,488
10,2129
7,2553
10,2143
5,1288
1,585
10,3583
9,2363
1,372
1,388
10,2723
6,1990
1,406
2,753
9,2325
1,643
9,2205
9,2951
10,3340
6,2224
1,454
10,3444
5,1216
1,268
2,739
10,3472
8,2496
2,746
1,418
5,1239
3,1128
1,712
6,2595
10,2519
6,1677
1,297
7,2390
1,249
1,326
1,409
9,6854
8,2634
4,1315
1,330
1,576
10,12088
10,3606
10,6553
8,2112
3,1398
8,3085
10,3293
1,273
1,305
6,2123
5,5897
1,476
5,1755
5,4686
1,510
1,401
10,3649
4,1541
10,2050
7,1876
1,439
10,2288
1,241
4,1216
1,338
3,1016
2,603
8,7816
1,625
1,394
5,3072
10,3718
3,994
2,662
7,2219
1,314
3,1111
1,240
2,584
1,475
1,600
2,608
1,494
6,2011
1,315
9,19700
7,2696
1,361
10,2380
5,1269
1,341
7,2024
1,235
4,1481
7,1822
1,781
5,1766
2,689
1,451
1,306
10,27681
3,1144
5,1603
10,3094
4,849
1,299
6,1512
1,230
8,1993
4,1349
1,561
7,2496
3,1280
1,519
1,259
6,2396
3,1403
7,3812
10,2962
4,1451
1,274
1,436
1,230
9,2371
5,1656
1,506
2,839
7,2296
1,459
1,277
4,1891
6,2365
1,482
10,3428
4,1465
1,356
5,1906
1,232
6,1466
1,941
1,480
1,623
6,2036
1,357
1,252
2,4317
9,3237
1,1253
10,6638
7,2186
1,341
3,1075
1,232
6,1588
6,6846
1,580
2,836
5,1683
2,656
1,232
5,2225
2,788
2,1078
10,3311
2,745
1,581
10,9143
1,279
10,3369
1,542
1,603
1,360
2,2213
1,331
1,245
8,2881
10,3334
5,2795
7,2511
8,1806
3,993
4,1431
1,391
6,1857
2,797
1,574
4,1233
7,3272
5,1783
1,232
4,1611
3,1218
1,611
1,624
2,793
2,703
10,3090
1,324
1,368
2,723
1,625
1,373
6,2561
5,1172
9,2277
2,959
5,1873
3,1102
1,583
10,3271
1,572
9,3013
10,2186
2,700
1,464
6,8116
8,3015
8,2921
6,1891
10,2754
1,801
6,1858
1,458
1,512
10,3298
4,1177
3,987
10,4757
4,1412
5,1740
2,880
1,418
1,708
7,3454
10,4400
2,831
4,1257
9,22250
3,958
10,2290
4,935
5,1614
10,3584
9,2318
6,2378
1,8053
1,406
7,1857
4,1419
1,423
5,1989
1,474
6,20080
1,502
10,2259
10,2621
1,557
10,4969
10,2383
4,4166
4,1547
6,3768
2,720
8,2648
10,3790
7,3891
1,376
7,2487
1,491
8,2798
6,2407
1,338
10,3830
4,1072
8,2521
2,815
4,1747
4,1027
1,596
10,3401
5,1724
7,2122
9,10336
1,576
7,2266
6,1981
1,363
7,3623
10,2348
6,1860
6,2133
1,448
1,260
8,2205
7,31744
2,925
2,642
1,365
1,453
3,790
10,3242
1,374
3,1260
10,3654
8,2652
1,354
1,396
9,2304
1,419
3,1193
8,2133
4,1266
7,6947
1,415
1,272
9,3233
1,573
3,1331
10,2959
3,810
8,2926
1,415
9,1944
3,772
3,1083
6,2070
7,2231
1,4012
1,467
1,270
1,378
1,510
6,2134
1,566
2,637
8,2876
1,407
8,1905
1,406
6,2022
1,419
5,10092
5,1820
1,448
1,235
10,2680
1,495
6,11561
10,2965
1,291
2,803
8,4750
3,989
4,1224
2,787
8,2446
1,339
6,7487
3,1053
1,228
4,1630
1,510
2,853
10,3178
7,2348
1,376
1,349
10,2127
10,2226
8,2551
1,497
6,17775
6,47221
6,2070
1,231
10,2321
6,1900
5,1842
6,1383
7,1633
5,1749
1,326
6,1252
4,1156
5,1586
2,572
1,334
1,9338
2,803
1,266
10,3094
1,509
3,1062
1,443
10,2153
7,2221
1,391
10,2871
8,1836
10,3220
7,1869
1,368
8,11032
8,2625
1,261
10,3000
1,478
10,3183
1,559
10,2901
2,819
7,2550
1,374
7,2284
3,1176
1,465
1,416
1,497
5,1592
1,318
10,5571
4,1429
6,1899
1,418
10,3194
4,1324
2,561
1,436
10,2468
4,1424
1,286
1,527
1,619
10,9888
1,246
10,3152
2,603
4,1307
1,372
1,255
1,477
1,402
2,653
6,1565
6,1965
4,916
1,488
4,5664
3,1210
1,242
9,3105
1,509
1,455
1,381
1,296
5,1870
6,1911
1,354
6,2181
7,2288
1,316
1,47153
3,1129
1,448
10,3089
6,1328
6,2079
4,1371
1,305
1,266
8,3533
1,564
1,276
9,3168
5,1741
1,403
1,427
1,379
7,4445
10,2348
10,2784
8,9437
1,638
1,289
1,484
1,479
3,787
1,275
2,752
2,5558
1,312
1,372
9,5070
2,802
10,2557
1,351
2,957
7,1996
1,286
1,515
3,1008
10,2061
1,301
1,412
5,3145
1,264
1,398
1,653
5,1798
10,2367
1,302
1,501
1,590
1,301
10,2367
3,897
10,2568
1,277
1,385
1,318
1,309
1,337
1,1731
5,1721
10,2834
1,477
7,2490
5,1775
1,249
1,469
1,470
9,2045
1,280
1,267
7,11258
1,281
3,1379
2,951
7,2277
10,3231
1,303
5,1743
7,2338
9,2542
9,2396
9,2442
9,2969
1,258
1,319
1,467
1,270
1,384
1,381
5,1967
6,2196
1,257
5,1860
5,1934
10,3455
1,360
8,2259
1,543
1,275
1,338
1,318
1,241
1,363
3,1057
2,847
4,1494
1,372
2,886
1,613
10,3867
1,248
7,2360
10,2916
1,300
1,231
1,474
1,439
7,25397
1,595
1,551
1,460
1,343
4,1301
5,2367
10,7660
1,291
10,2540
5,1305
1,363
1,349
1,414
9,1938
9,3099
1,425
1,370
9,2990
1,301
8,2466
3,1117
1,600
3,771
10,2394
10,2228
3,1157
1,489
1,361
8,2531
3,1072
4,1381
3,1242
5,1703
1,248
1,457
1,431
10,3527
1,646
10,2917
10,3307
5,1140
1,254
2,667
3,744
9,3332
1,820
1,412
10,6174
1,251
8,2356
1,419
7,3219
5,1331
5,1178
10,3055
10,3149
1,252
1,374
10,2229
1,1818
1,516
6,1958
10,3107
1,240
1,394
1,411
3,1104
1,392
1,280
10,3344
10,3048
1,250
1,426
6,1338
6,5542
5,1727
9,3116
10,13013
1,417
5,1255
1,359
3,1168
5,1388
2,601
10,5593
7,1413
10,2433
1,445
10,2608
6,16021
2,1113
7,2322
10,3315
10,3023
7,1599
1,8493
3,8119
10,2447
1,446
9,2353
10,2937
10,2061
1,664
1,411
7,8818
7,2523
1,330
5,1726
10,4232
4,1195
1,446
6,1939
10,2067
1,228
5,1106
10,3105
10,2282
1,374
2,566
5,1875
7,2414
6,2140
3,1202
9,3334
1,614
1,465
6,18593
10,3848
1,295
1,543
9,3289
4,1071
5,101695
10,2805
1,582
8,11621
1,520
6,2221
10,12899
4,1128
1,490
2,773
10,2831
1,269
1,299
5,1284
10,3139
1,469
10,2370
1,624
6,10618
1,394
1,483
7,14457
8,2680
6,2068
4,1389
10,3248
1,252
1,240
1,506
10,3494
1,325
5,1221
6,5214
2,936
9,2765
1,434
3,1323
3,728
1,441
10,3264
9,2159
1,250
1,251
10,2146
9,2779
3,1983
10,3196
9,7321
3,1243
1,382
1,472
2,896
10,2124
1,1026
4,1226
1,388
1,294
1,341
10,2873
6,2252
7,2515
10,4052
3,1139
2,796
7,2313
1,533
6,2431
6,1289
9,13313
5,1638
9,1949
1,357
1,281
10,2930
1,441
8,2595
10,3696
4,1456
3,1600
1,7808
1,690
6,2815
6,1985
7,2748
7,2298
1,319
1,278
1,344
10,3168
9,1969
9,2805
10,3856
5,1763
4,1473
1,436
4,1387
2,897
10,3209
9,16035
6,6011
10,3291
1,312
1,269
7,4976
10,4123
1,376
9,2337
2,813
5,2286
8,3226
1,590
5,2008
9,2136
1,575
1,454
1,344
5,2046
1,241
10,7430
10,4728
7,2208
5,1950
4,1368
7,2547
1,357
1,586
10,3272
1,463
8,2609
1,361
10,3241
10,2205
1,235
10,3609
10,2722
6,2140
1,377
8,3054
7,4608
1,361
1,580
4,1569
1,389
6,5406
2,694
9,3253
10,2706
1,353
3,1192
10,4303
6,12719
10,2289
7,3702
2,946
1,389
1,638
7,2931
2,531
6,2059
5,1559
10,3455
5,1566
10,2523
1,522
1,367
5,1880
1,273
6,6881
6,1862
4,1844
8,2593
7,2541
1,266
3,1264
5,4052
1,523
10,3218
10,2364
1,494
10,20496
3,1111
1,242
7,12519
10,10104
1,419
1,350
1,527
1,290
1,1031
7,17349
1,511
10,4145
3,1267
1,744
7,2923
3,962
1,309
1,540
10,19582
1,475
1,567
2,620
1,262
3,1244
5,5973
7,2490
9,2349
10,11368
1,611
3,1039
5,1687
1,274
1,619
5,2058
3,1133
2,901
5,1591
1,351
2,715
1,2898
1,356
8,2829
7,2552
1,514
1,449
1,396
1,736
6,2717
3,957
1,456
6,2237
7,5134
1,239
9,3269
1,379
10,4290
5,1084
7,2302
1,2676
1,509
9,2924
10,3675
1,508
1,233
5,1630
2,1284
1,581
1,324
4,3000
1,368
1,567
1,574
10,13123
1,3393
1,511
1,429
1,707
3,1722
1,395
5,1821
6,2158
5,14562
1,236
9,3289
1,335
1,479
2,752
3,1152
1,477
1,427
3,1116
1,582
1,503
1,538
2,677
8,6138
1,567
1,224
3,1103
1,337
6,2078
9,2201
2,839
1,490
1,449
2,3200
1,629
1,629
4,1554
1,377
5,1963
1,482
1,605
4,1632
1,408
1,514
10,3627
6,1828
1,490
1,593
4,1491
10,4489
2,3041
1,356
9,14273
2,800
4,62938
4,2201
7,2037
1,425
3,1389
10,3401
2,831
1,368
3,968
5,1854
1,385
1,687
8,2702
5,1532
2,676
3,61977
10,3125
6,2207
1,424
1,430
1,648
9,4559
1,424
6,1954
5,1621
1,468
1,513
1,604
3,1320
4,1258
1,555
10,2334
8,2606
1,444
1,428
10,3601
5,1667
3,871
1,425
5,2699
10,8537
1,558
1,569
5,3729
5,2208
1,329
10,3263
1,355
1,408
1,561
10,20528
7,2256
6,1879
6,6295
7,2438
10,16116
1,527
1,525
8,2707
8,1994
1,569
10,3308
1,335
3,8137
1,430
6,2613
4,1261
6,12490
1,405
8,2726
10,10317
3,987
1,501
8,2609
4,1038
5,6019
6,1458
5,1727
1,10166
6,2002
10,18402
1,472
6,2048
1,438
6,2195
2,21817
4,2021
2,780
6,1886
1,401
1,3286
9,2793
1,597
1,1592
4,1393
1,19670
5,1653
3,1030
1,484
8,2625
6,2068
1,647
2,812
5,1870
1,398
1,597
10,2326
1,479
9,3493
1,456
1,593
7,2357
5,1630
3,987
2,715
5,4717
7,2915
1,386
2,948
3,781
1,402
1,507
7,35711
1,469
5,1609
4,1112
5,7306
4,1298
10,3186
1,451
10,4728
2,4704
1,306
4,1880
9,2516
1,455
10,2452
1,477
6,2142
10,7580
1,439
2,983
8,2423
5,1558
1,469
2,826
5,1798
6,1564
2,821
10,2140
1,468
10,2734
2,982
7,2218
3,955
1,587
1,71184
5,1665
4,1349
1,417
5,2374
7,4845
8,2283
3,1189
9,2763
1,332
10,7048
3,1382
8,12545
4,1443
1,393
7,16887
5,1542
1,752
1,366
7,2560
10,3231
9,3550
2,718
8,1898
1,466
10,3726
1,363
7,34175
5,1626
1,599
3,89554
7,2124
6,1992
1,362
3,1272
2,666
8,2777
4,1562
10,2933
7,2475
10,3298
4,1266
6,37262
8,10517
5,1771
1,435
1,441
4,3149
2,697
4,1563
10,12180
8,5743
5,1729
10,2259
9,3147
10,3550
1,555
1,459
5,1618
1,337
5,15701
2,736
8,2520
1,379
5,1726
3,1127
2,616
7,2487
1,550
7,2777
7,2413
1,812
3,1249
7,2226
2,743
1,353
5,24401
5,2072
1,440
7,2459
5,1745
8,2578
7,2408
2,721
6,5885
1,751
1,519
5,1698
1,469
1,657
10,103257
4,116434
7,2223
1,594
1,460
8,2235
2,817
10,3296
9,2235
1,365
1,549
1,522
3,1195
2,976
6,2318
1,461
1,458
1,485
4,1572
7,2319
2,649
1,622
2,809
1,647
8,2284
1,927
1,547
2,750
5,1865
1,600
1,648
1,352
1,319
1,369
5,1624
2,813
8,2017
6,1769
1,353
9,19941
1,528
2,711
9,3078
1,491
1,508
1,1588
3,1058
1,442
2,664
5,1690
4,1688
2,660
10,10831
1,242
5,1742
1,479
3,1229
4,1737
1,394
9,5120
1,375
1,515
2,671
1,4083
5,1734
8,3118
7,2347
5,1864
1,298
9,4050
1,621
10,2984
9,3048
3,1072
5,1864
1,331
6,2075
1,483
3,1149
1,342
9,3025
9,2877
2,903
1,270
1,324
1,4270
4,1310
8,2712
1,435
4,11000
1,324
6,1811
3,1295
1,421
2,626
4,1474
3,841
1,448
1,294
2,608
1,675
7,2362
3,1838
1,394
7,2356
1,438
9,2190
9,20293
4,1479
1,4935
8,2449
10,2802
1,434
1,314
3,8565
1,404
10,3509
5,1685
1,434
10,3433
1,413
1,369
9,3096
7,2493
3,1715
8,2653
3,897
3,1556
1,320
3,14784
3,3069
7,10711
7,2416
1,449
3,9098
1,369
8,2344
6,2478
9,3096
1,767
2,1025
10,2219
1,340
1,260
9,3066
1,529
2,1435
8,2901
1,391
1,468
1,385
7,2338
1,4381
2,761
1,331
8,2563
1,547
1,508
1,482
4,1227
6,2138
6,2120
6,2180
1,409
5,1663
1,414
9,2929
8,10548
8,2649
1,320
6,1502
7,2606
1,435
1,426
5,1656
3,3828
3,1183
1,492
1,425
5,1591
1,793
7,2232
6,2310
10,3122
1,467
2,520
10,3375
1,489
10,2484
3,908
2,866
8,2838
2,740
1,396
1,531
8,2604
1,240
1,399
6,1929
1,434
1,359
8,2856
1,394
10,2699
7,2428
5,1756
2,750
5,2730
1,393
7,2517
5,14931
2,606
7,8288
1,528
1,389
1,461
1,433
1,300
10,2571
1,482
10,5657
8,2740
1,390
1,354
2,845
9,19531
1,985
1,467
1,669
1,344
1,260
1,276
1,374
10,2227
7,2333
3,1152
4,1642
1,424
9,3104
1,340
1,372
9,2995
7,21537
8,2823
1,412
1,546
1,264
1,471
10,2657
6,2003
6,6167
4,1304
1,397
6,1949
3,955
9,3043
1,602
1,348
2,797
1,352
1,642
1,252
8,2233
9,2433
8,2710
4,4450
2,709
1,486
7,2339
1,312
2,901
1,19809
2,958
2,725
1,271
6,1870
1,245
8,2804
10,2191
5,1735
7,5135
9,3088
1,447
7,3377
1,695
7,2270
1,483
1,319
8,1866
1,439
1,385
1,253
2,1059
1,361
1,503
5,1838
8,2612
1,539
9,2904
1,390
6,1999
1,583
1,576
4,1257
9,3263
1,548
1,249
4,982
3,1046
1,380
5,1548
10,3107
1,589
8,2665
1,779
4,1717
1,416
2,877
8,2419
7,2257
1,433
1,342
9,3224
1,676
1,382
7,2344
8,2360
2,831
1,350
9,4298
5,1759
1,423
1,1268
9,6758
9,10819
1,553
10,2218
4,1303
7,2797
3,1059
1,2310
1,459
1,468
3,1061
1,332
5,2039
1,496
3,2754
2,724
2,705
8,2305
1,247
2,613
10,3551
1,396
5,1783
6,1486
4,1188
2,808
1,470
9,3394
1,457
9,4976
6,2514
6,2031
1,575
1,252
8,2480
10,3370
1,380
2,761
1,268
1,302
1,511
1,434
3,1125
2,959
1,718
8,3670
7,16584
1,257
2,618
8,1894
9,3858
1,387
1,476
2,531
1,491
3,1240
1,518
4,1450
4,1328
3,958
8,6986
8,7123
9,2000
8,2895
6,1569
10,15836
1,424
1,522
1,315
2,772
9,3103
1,693
1,3675
3,1075
4,1448
2,603
3,1107
2,633
10,3348
1,487
10,4313
4,1405
1,359
1,349
3,1105
7,2286
1,551
5,1821
1,358
1,516
6,1381
1,344
7,1841
10,2368
6,1725
7,2703
5,1875
3,1417
1,367
1,319
1,360
6,2269
3,1214
8,3011
9,7977
2,637
5,1718
1,540
10,2844
8,1988
3,1196
1,489
1,560
6,2197
4,1089
2,846
8,2719
5,2122
9,2875
1,401
1,432
8,2668
2,901
2,645
2,708
1,392
1,6576
1,468
1,367
7,2591
9,3143
1,385
7,2044
3,52446
1,554
4,1137
3,1150
10,2295
5,1305
7,1975
1,406
2,764
1,409
1,317
7,2334
8,3106
7,1869
6,2170
3,1074
1,503
8,2871
1,405
3,732
10,2159
9,2042
1,506
1,553
1,465
1,414
10,3100
3,1274
9,23834
1,403
7,2359
1,435
1,518
2,703
8,2344
5,1289
3,838
1,424
2,720
1,464
1,399
9,3062
1,446
7,28388
7,2538
1,477
8,5670
1,387
9,5125
8,2930
10,2404
10,2432
1,384
3,1154
9,3007
1,377
6,1872
8,2760
6,32583
1,354
6,2141
7,2431
1,358
3,1293
10,3224
10,4244
3,764
3,1062
4,1551
1,557
8,2154
2,840
6,1854
6,1880
1,516
8,2892
1,431
1,458
8,10849
2,806
4,2871
10,2556
1,373
5,5425
7,2695
1,587
3,1091
7,2193
3,1072
5,1972
5,1735
6,1935
1,500
5,1574
8,2571
10,3415
1,417
1,438
7,9630
1,354
2,942
8,2435
5,1905
5,3866
1,342
4,1514
8,10776
1,448
7,1860
10,2667
10,3079
10,3300
1,305
7,3533
9,7281
9,2318
2,1407
2,1065
1,7026
1,461
2,918
8,6636
1,289
2,893
10,3378
6,2286
7,2135
1,505
10,3182
1,436
3,1231
2,875
4,1554
1,487
8,30903
2,5186
2,773
1,280
1,650
10,2894
10,3657
8,2397
1,426
6,2235
7,2257
10,2759
8,1964
3,1240
3,3582
1,359
3,948
7,2249
1,274
8,2607
10,2370
7,2473
10,2700
9,2658
2,818
1,635
10,2307
4,1369
2,964
2,630
1,409
4,1424
4,5106
1,289
6,24609
10,2704
1,600
1,337
2,631
3,1241
6,6431
10,3061
9,2998
3,1328
6,2943
1,367
2,740
2,702
9,2339
5,1806
2,1000
1,430
1,375
10,2980
8,2994
1,382
1,481
4,1305
1,1876
4,1453
4,1741
7,3358
3,1178
2,639
4,1601
5,1097
1,616
1,345
5,1805
2,620
8,3892
7,1932
8,2683
4,1635
4,3086
1,406
5,1975
1,456
10,2648
2,1029
10,3166
1,445
1,231
10,2994
4,1426
1,596
8,2163
8,2873
7,3220
5,2154
2,761
7,2580
4,1292
10,3260
2,1125
1,427
6,2080
1,249
6,2111
8,2970
6,5336
2,834
10,3357
1,644
3,1430
1,4595
9,5230
3,1149
1,491
1,585
1,246
1,388
1,237
5,1682
5,1713
3,1432
4,1692
8,1832
1,516
7,5594
3,2167
8,2076
10,3573
10,3546
3,1098
1,262
3,1123
1,261
7,2525
4,1324
5,1665
10,2080
2,620
7,2473
8,2807
4,1757
10,5227
6,2130
8,2923
1,445
1,274
1,357
1,241
1,510
10,3237
1,477
10,2424
6,1418
6,1980
5,4076
2,803
6,1725
9,12082
8,2151
1,586
1,462
1,703
1,256
5,1698
8,2596
1,460
10,2187
1,440
10,3404
4,27661
6,2340
1,685
7,30589
2,793
4,1338
1,630
1,506
1,244
1,417
2,639
3,1066
10,2803
6,1699
2,941
3,1047
3,1216
3,1012
9,2956
8,2704
1,445
1,393
1,700
2,636
5,1726
8,1767
9,2927
5,1375
1,378
10,9445
7,46844
7,2502
5,1611
2,6522
10,3026
1,459
1,273
1,620
8,1971
2,601
6,1366
2,692
10,2576
1,280
1,29658
2,997
5,2260
1,548
1,484
10,2327
1,447
1,245
10,3568
10,2179
1,598
2,815
4,1457
6,1274
1,265
1,495
1,509
2,1656
1,501
8,3914
10,2130
1,430
1,467
4,1335
10,2529
1,557
5,1189
3,1322
1,417
1,353
9,35405
2,3456
7,2469
1,482
1,634
10,2903
1,652
5,1117
4,1498
10,2437
1,602
6,1462
5,1668
1,376
1,298
1,562
4,1456
10,16221
1,526
1,527
10,2305
1,488
10,2208
7,1757
4,1670
3,1121
9,2091
7,2359
10,3256
1,267
3,1201
7,2598
3,1100
1,617
1,664
2,488
1,486
9,2674
10,3154
2,563
9,2960
8,2876
6,1910
1,349
2,583
1,583
5,1775
5,1740
1,535
1,404
10,2872
7,7769
2,875
6,2549
10,2284
9,3010
1,387
7,2312
1,498
1,399
1,508
9,3050
8,2496
1,506
1,356
4,1118
8,2798
1,586
4,1265
6,1741
7,2523
1,410
7,29618
1,360
1,258
1,576
10,6785
2,717
1,484
1,360
6,2330
1,409
10,3397
8,2007
10,2995
1,568
2,591
5,1705
1,358
1,274
1,424
10,3176
2,644
1,629
1,322
1,414
7,2299
8,2989
3,1086
10,3592
6,2634
1,295
3,1542
1,481
1,241
8,1918
6,2005
8,1931
1,581
2,1016
1,506
6,1959
7,2578
6,1623
4,1314
7,2433
1,241
4,1668
1,285
9,2153
1,346
1,459
4,1042
2,658
1,349
1,303
10,3595
10,6888
2,798
10,3485
8,4652
1,323
3,974
1,263
10,2366
8,2267
1,287
9,3287
4,1224
1,318
1,302
9,5358
3,1390
8,2835
10,2568
6,9404
1,300
4,1406
1,445
10,2191
4,1021
1,458
4,1333
8,2621
1,329
1,452
3,1176
10,7785
4,1458
6,2294
1,651
1,273
2,640
5,1945
10,2206
2,896
1,599
2,969
4,1443
4,1059
1,276
2,944
5,1758
10,2257
10,8873
1,586
1,402
3,926
10,3560
1,407
4,1415
5,5315
8,2957
8,2623
8,2420
1,286
2,977
6,2339
10,2256
7,2485
1,407
1,316
1,303
4,1453
10,3033
9,2779
3,1238
8,2862
2,645
10,3311
1,636
9,2410
7,2757
2,681
1,648
5,1787
1,258
7,4456
10,3493
8,2083
10,2929
7,6975
8,2645
10,7060
9,2127
1,492
5,1192
10,4558
10,2921
10,3480
1,733
1,489
7,2723
10,3465
2,808
2,708
1,485
6,1927
6,1974
4,1286
1,241
8,6015
8,2839
6,2332
1,427
1,652
1,391
8,2674
10,3662
4,1063
8,2259
1,755
2,741
8,2655
2,1067
10,2645
2,979
5,1961
10,3313
1,397
1,504
9,2732
9,3034
6,2143
4,1237
6,1423
1,616
1,382
2,579
8,2375
2,1018
4,1292
4,1296
10,2968
1,445
5,1601
10,2615
10,3253
7,2475
10,3131
6,1728
1,518
1,298
6,2031
6,1332
10,3797
1,410
9,3127
1,440
1,422
3,964
10,3356
1,462
3,1165
10,2579
1,376
1,517
1,295
8,3419
2,580
10,3401
4,1386
4,1259
1,273
1,401
1,348
1,405
2,945
4,1535
10,2811
8,2928
1,669
1,256
2,737
1,420
8,2138
10,3263
1,291
1,239
1,555
1,642
9,2362
6,1600
6,1833
10,3322
2,621
4,1358
1,326
7,1602
6,1479
10,3563
8,3340
3,946
1,238
1,536
2,774
8,2725
1,530
7,2534
10,2616
9,2457
2,727
6,1977
9,2571
8,2595
7,2151
3,975
1,385
1,300
1,480
1,334
2,593
1,494
8,2747
6,2558
10,2908
2,770
1,530
2,762
10,2307
3,854
2,742
1,565
1,340
1,522
1,591
4,1157
3,1474
4,1582
6,2151
3,895
3,735
1,361
10,3151
2,831
5,1454
6,2099
1,401
1,242
3,1240
9,2917
10,2273
1,506
10,3451
10,2285
10,3426
8,2106
1,449
8,2427
9,2097
9,3037
6,1455
1,372
1,218
5,1746
1,497
10,2048
1,624
6,2307
1,458
10,3269
5,1353
8,2058
10,2441
10,3063
6,2534
8,2170
1,384
1,271
6,2317
4,1303
10,3185
1,626
1,698
1,275
1,292
6,2073
1,327
3,851
10,2093
7,1595
2,638
2,688
1,411
8,2685
1,469
10,2933
1,572
1,560
1,253
1,267
2,692
1,367
1,349
1,493
10,3512
1,356
1,336
10,2271
10,3511
5,1315
6,1828
1,585
1,464
1,289
1,256
8,5378
1,729
10,2641
8,2814
8,2810
1,317
1,409
10,2598
2,773
3,742
10,2593
1,540
4,1371
1,449
1,315
8,2636
2,680
8,2601
8,3122
2,1169
1,296
1,505
10,3327
5,8793
5,1341
4,962
1,454
9,2903
1,354
1,295
7,2457
10,2190
2,785
10,3491
5,1767
1,389
1,434
10,3161
4,1070
10,2722
10,3324
1,571
1,518
1,344
1,359
2,655
10,2329
1,397
1,347
1,345
9,2239
6,1748
10,2358
9,3817
6,1995
10,3002
1,724
3,1070
1,394
1,461
5,1846
3,806
1,261
2,472
4,1296
1,298
10,2636
6,1514
2,830
7,2307
6,1541
8,3079
1,531
1,353
6,1447
8,5556
5,1216
1,268
1,262
3,824
1,243
1,512
10,2638
8,3007
5,1784
1,464
2,664
1,429
1,326
1,376
3,1054
10,2311
1,356
1,348
2,906
1,4561
8,2699
4,1652
1,395
3,1224
1,461
4,1345
1,447
10,3025
1,475
10,2611
8,2452
1,263
1,247
8,2670
2,815
2,835
3,1524
8,2024
4,1193
1,246
8,3180
1,409
10,3457
10,2637
7,2167
7,2899
1,296
1,240
1,525
1,421
10,2399
1,11659
10,3856
2,926
1,374
5,1653
2,946
10,3394
1,264
2,864
5,1442
1,242
1,237
1,386
10,2549
2,743
3,15854
4,1591
3,1136
1,312
4,1096
1,476
10,3027
7,5588
10,2327
2,705
1,241
1,284
1,376
1,289
8,1748
7,7559
10,2332
10,6756
1,275
2,705
1,363
10,3441
1,422
10,3057
8,1910
1,248
1,387
1,432
10,2595
10,2636
6,2108
2,584
4,1599
1,240
8,2406
6,1525
7,2405
4,989
3,1242
10,3373
1,264
1,252
1,472
1,534
10,2460
5,1634
10,2310
7,2728
1,241
8,2495
1,586
3,1325
10,2361
1,404
10,3297
4,949
4,1056
1,381
10,3025
10,2944
5,1979
10,2763
5,1870
1,246
6,2140
8,2047
2,1144
4,2336
8,2401
10,2127
10,2381
1,451
1,308
1,405
10,2729
4,1420
6,1319
7,2440
1,255
2,920
10,2246
10,2661
10,2560
10,2791
10,3079
10,2058
10,2286
1,289
10,2442
10,3604
9,2956
10,2703
9,3094
1,588
5,1247
4,1470
4,1515
10,2366
1,423
10,2605
10,2152
10,2499
1,228
8,2215
10,3346
1,431
1,368
2,941
10,3480
6,1698
10,3495
7,4708
6,1325
1,233
5,1118
6,2170
10,2226
1,229
5,1217
10,3463
6,2011
10,2233
6,1865
10,3533
8,3025
10,2324
6,2194
10,3215
1,297
2,741
10,3410
6,1555
2,926
10,2589
10,3289
1,443
1,226
3,1533
10,2323
2,588
10,2404
10,3571
4,1608
1,515
10,6197
4,876
10,2568
10,3260
4,873
6,1994
1,542
1,408
5,1805
9,3459
9,3102
2,760
8,2246
10,3120
1,299
1,291
10,3363
10,2887
10,3344
5,1428
10,3544
5,14572
1,252
1,493
7,2739
10,2712
6,2138
8,3916
6,1640
1,530
1,264
6,1637
5,1175
10,3306
10,2342
1,601
1,468
1,237
8,2885
3,1194
3,1123
10,2653
6,1722
10,4592
1,395
1,249
10,6861
5,1411
8,1964
10,2484
1,588
5,1790
1,251
1,449
10,3195
10,3362
10,2854
4,1244
4,1606
1,326
1,303
10,3753
10,3309
10,2228
10,2447
1,439
4,1284
1,230
1,346
4,1845
10,2707
10,2340
3,822
10,3781
1,289
1,303
10,3506
2,842
10,2498
6,1619
1,450
3,1011
1,260
1,709
6,2265
1,408
10,3733
9,2567
10,7005
1,280
1,308
2,667
10,3272
10,3314
5,2095
4,1451
1,437
1,239
1,662
7,2616
10,3149
10,3358
2,875
10,3241
9,2252
1,614
7,2931
10,3489
10,2230
10,2210
1,356
1,373
1,349
2,746
8,2811
7,1741
10,2174
1,594
1,721
10,2849
1,441
10,3425
10,2559
10,2332
5,1749
3,1096
1,478
10,2345
2,739
8,2623
8,2414
6,1678
1,489
1,360
10,2882
1,501
10,2980
8,2317
10,2974
1,503
1,326
1,962
10,2342
1,315
2,1010
1,489
10,2445
1,457
1,265
8,1890
5,1515
3,1498
10,3603
10,3302
1,522
7,38996
1,531
10,2756
1,438
6,2233
1,266
1,385
1,520
1,396
10,3498
1,286
8,10011
7,2788
10,2880
1,504
1,470
1,418
10,3688
1,364
4,1726
1,261
1,387
1,348
1,355
10,3224
10,2374
1,579
3,1502
5,1148
10,2743
1,383
1,508
5,1440
1,390
9,2933
1,262
10,3425
1,438
1,423
5,1262
10,3202
1,424
1,523
5,1705
1,425
1,519
8,15859
10,3472
1,333
3,1059
1,289
1,375
1,397
1,409
2,448
4,1110
1,974
1,442
1,497
1,309
1,496
1,477
5,4237
1,284
2,738
1,295
4,1562
1,367
5,6584
10,2385
3,808
1,382
1,343
1,446
1,422
1,934
7,27155
3,1365
4,1782
2,943
1,352
1,425
1,260
6,2134
5,1864
10,2678
1,656
1,307
1,452
2,659
1,457
2,620
3,5144
5,1262
10,3971
1,504
1,474
1,416
1,335
10,3276
6,2187
1,619
1,438
1,379
1,386
1,481
3,905
7,13890
4,1287
8,2854
1,678
1,497
1,381
1,496
9,3107
7,6297
1,616
4,1338
1,406
1,292
5,1759
2,26661
1,5365
8,2633
1,692
1,302
1,494
10,3325
1,459
2,1166
7,2136
1,515
1,421
1,536
1,368
6,1958
5,55207
6,2177
8,1876
1,718
2,718
1,485
10,2987
10,19077
10,3375
3,1288
1,606
1,405
1,1017
10,4760
6,2079
1,466
5,1918
8,2254
1,436
10,2235
1,335
10,4397
5,1948
10,3505
10,3488
1,347
1,446
1,623
10,3237
9,3544
3,927
5,1753
10,2982
1,407
10,2189
1,471
10,3580
7,2546
1,655
5,1557
4,1406
10,8352
1,445
1,422
6,1925
5,1557
9,3063
6,1616
1,253
10,2125
1,533
10,3011
4,1410
1,352
6,2131
10,3617
1,592
1,415
10,2793
1,2051
2,660
4,29439
5,1208
1,275
10,2220
3,1166
10,2713
5,1380
8,2973
7,2262
5,1577
1,691
1,444
10,3195
5,4904
5,8059
3,1259
6,1696
1,284
10,2813
9,2860
5,1393
3,1116
10,3968
8,2748
7,2230
5,1676
1,672
8,2733
3,1096
7,2171
8,20970
2,971
1,280
5,1626
6,2002
10,2383
8,2664
1,548
10,6872
8,2962
7,2373
7,2538
4,1473
2,825
8,4870
5,1658
3,1383
1,280
10,2389
5,1747
10,2475
10,3426
1,375
4,1342
2,1167
8,3051
5,1737
10,2422
8,2779
1,10334
1,344
10,2417
1,253
5,1311
5,1708
10,2431
2,756
1,411
5,1666
6,1725
6,2099
5,1912
4,1290
5,2225
2,7323
1,324
9,2415
1,282
10,3598
4,1376
10,3214
6,2127
1,412
9,3207
5,1569
4,3499
4,1544
6,2566
3,1256
2,939
1,334
7,2192
1,489
10,2896
6,2085
10,3466
5,1799
1,660
4,1416
9,2981
10,15331
10,3589
7,2638
4,1442
8,3099
5,1747
10,2528
10,3333
4,1002
5,1900
10,3103
8,2356
9,2910
3,1129
3,2141
5,1700
6,6574
6,2038
3,1186
1,664
1,471
10,2813
10,2020
10,2575
2,606
5,1428
2,1046
1,346
1,463
2,783
3,1385
1,432
8,2852
2,998
10,16574
2,832
1,638
10,2849
10,2674
3,1169
10,4379
8,2683
1,495
1,424
8,2311
2,767
6,2289
6,2137
5,1658
3,1200
1,400
10,2324
9,2787
6,2201
5,1628
1,778
2,715
1,625
1,1788
1,592
6,2211
10,3537
4,1388
5,1847
1,343
6,16688
8,1849
10,2899
10,3566
8,5812
1,1006
10,2543
1,757
1,518
8,1867
10,2258
5,1886
9,2604
1,344
5,1917
1,375
2,951
10,2837
1,514
3,1068
1,456
4,1558
8,2790
2,749
8,1899
2,562
3,1102
3,1357
7,31329
3,4631
1,426
1,485
10,3499
7,5990
5,1962
1,632
10,3642
1,590
1,373
2,857
10,2945
10,26627
4,1276
1,514
9,16419
5,1963
1,427
10,2336
1,351
4,1456
1,665
10,2884
10,6922
1,404
10,3165
10,3973
5,1956
2,802
1,568
2,744
3,1118
1,375
10,3044
1,461
2,2374
1,654
1,383
5,2113
1,495
10,3089
10,2483
8,2777
6,2418
1,569
7,2994
1,2258
1,356
10,2483
1,406
3,1144
1,481
10,3047
7,3020
1,397
10,2303
8,2620
4,1400
1,518
2,864
1,370
1,435
1,340
10,3379
1,379
2,709
1,375
1,217
10,3750
6,2297
2,559
10,3066
3,1034
1,360
1,579
1,574
2,744
1,470
5,1185
1,505
5,9774
1,25096
1,331
2,914
1,439
2,595
10,2327
2,1030
1,412
1,370
5,8273
4,3805
1,323
10,3087
1,576
7,6125
1,423
1,226
4,1777
1,380
10,2412
1,481
7,2598
1,350
1,447
7,7186
7,2531
1,438
4,1552
1,412
1,427
7,3083
1,215
5,2315
1,484
8,1929
1,270
2,694
1,247
1,363
5,10351
1,8810
8,2590
5,1695
1,458
1,496
5,1433
1,235
8,3059
10,2295
1,491
1,262
4,1424
1,238
7,2771
1,672
3,1406
1,314
1,414
1,775
1,387
1,249
1,216
3,1055
10,2657
1,395
1,265
2,768
1,258
1,371
1,461
1,471
1,436
1,409
3,1063
1,377
1,260
1,230
6,1891
4,1053
1,385
1,250
4,1253
1,303
3,1477
5,2838
5,2012
10,2492
1,509
10,3418
1,386
5,1780
1,256
2,815
4,991
1,388
1,246
5,1864
1,280
1,757
1,592
1,519
10,2424
1,517
6,2034
5,1801
5,1763
1,294
10,3098
10,2815
1,361
1,688
1,594
1,353
8,6278
1,552
5,1553
10,2355
1,8602
7,2579
1,682
4,1491
10,2075
8,1707
10,2439
1,267
1,289
1,588
1,383
1,531
1,416
1,504
10,2779
1,540
8,2031
1,643
9,3058
10,2807
2,653
6,1257
1,250
1,248
8,3431
10,2305
2,1035
1,442
7,2396
2,822
1,399
7,2415
1,629
6,2093
6,1925
10,2421
6,1554
1,278
1,256
8,2593
2,736
1,505
1,446
2,798
10,3410
1,417
4,1358
1,1355
1,331
10,2283
10,2649
10,6856
1,379
10,2280
6,15535
10,2722
5,1753
9,5317
3,1138
10,2210
1,1554
9,2998
1,606
5,4450
10,3506
2,683
10,6475
1,268
10,2973
2,655
10,3011
8,7822
1,445
2,710
4,1561
6,2012
4,2580
1,506
5,1835
10,2213
5,1613
10,3468
10,2712
10,2764
1,321
10,2607
5,1621
1,635
2,867
10,2944
1,421
3,849
1,553
3,2745
10,2305
8,1920
10,3149
10,2941
10,2271
4,1267
8,2282
2,646
2,822
8,2644
10,2625
1,495
2,856
2,14947
3,1268
10,2865
10,3351
10,15648
10,2328
10,3455
1,315
10,2984
10,5550
2,635
4,1058
6,1494
7,2338
3,1113
3,1173
5,12619
5,1645
1,425
10,14222
10,2878
10,3445
1,475
8,1985
1,591
8,2869
1,560
10,3261
5,1679
6,1738
8,17826
2,13286
10,3376
1,242
6,5737
10,3531
6,1540
5,1696
10,2476
1,554
2,883
10,3644
10,3222
5,2032
1,544
7,25318
7,10557
5,1727
1,311
10,3162
5,1163
4,2794
1,370
10,4906
1,575
2,798
1,543
10,3333
3,1097
10,3678
2,878
7,20523
1,623
1,698
1,575
10,3418
1,469
1,482
2,781
5,5712
3,1344
9,2874
7,2046
1,329
10,5839
3,1124
2,959
3,1070
1,286
1,537
5,1986
5,7078
2,751
10,3107
3,3011
1,835
5,1537
3,1226
6,1909
4,4171
2,899
5,26500
5,1482
1,499
1,520
3,19618
1,583
1,542
10,2385
3,1308
9,3184
3,1230
1,621
5,1765
10,3658
5,46399
8,60985
1,326
1,307
1,517
1,4242
1,643
1,499
10,14979
2,830
10,4092
1,331
1,313
8,14122
10,2501
1,447
5,1713
7,2241
1,390
1,552
6,6178
5,1710
1,847
6,4760
7,2427
2,739
3,1093
1,597
5,18710
6,1921
1,603
4,39305
5,1668
1,404
4,1545
5,1798
7,2431
1,463
10,2266
7,14369
6,1836
2,614
1,1523
6,39470
10,3556
1,456
1,630
1,309
1,269
1,408
5,1930
5,1932
9,4043
4,1170
5,1916
7,2692
1,462
4,1674
2,816
10,3313
9,2826
2,1392
1,405
5,1677
1,602
6,2240
5,1970
1,568
1,697
5,1931
8,2662
5,1871
1,366
4,1364
1,366
3,1337
1,357
1,421
10,2655
1,529
5,1759
4,1487
1,481
1,473
1,561
1,513
1,518
1,450
5,1663
1,407
7,8470
3,1056
1,425
10,2265
1,519
10,3487
6,1849
1,1002
1,446
2,952
3,1108
1,510
1,536
5,1611
1,348
8,28280
1,1673
5,1562
10,2870
5,1893
6,2171
6,1873
9,3589
1,412
2,985
1,367
5,1496
1,791
3,7850
1,262
5,2660
1,460
1,373
10,2500
3,1097
5,1865
9,2766
3,1238
1,462
8,3627
1,579
8,10911
1,941
2,753
1,269
2,888
2,482
4,1272
10,2757
3,1041
1,440
1,449
1,360
1,334
2,1038
3,1369
7,6964
1,675
5,1585
1,294
1,502
1,240
1,521
6,1822
4,9021
2,934
1,366
5,1795
1,448
2,770
1,428
1,335
1,480
5,1629
1,297
5,1626
8,36924
1,369
10,3571
5,1596
1,426
3,973
1,423
1,434
3,1286
9,2716
7,15316
6,2013
3,10084
1,568
5,1670
1,509
9,2959
4,1902
1,422
1,374
5,1611
2,874
1,468
1,425
6,1605
1,439
8,2415
1,459
1,419
7,2217
1,644
4,1496
4,1401
5,20704
1,369
1,556
1,497
1,418
9,3236
9,2999
1,493
8,2313
1,460
1,366
1,380
2,971
1,332
1,466
4,1426
1,360
3,838
7,7271
5,1820
6,2250
7,4697
1,418
6,2396
8,2649
10,3050
5,2649
5,1875
4,1436
1,404
6,2522
1,370
3,941
5,1763
1,306
9,3269
10,7226
1,442
9,5074
2,738
10,3258
2,645
1,2954
1,335
6,3065
5,1296
5,1579
8,2571
7,7097
5,1530
2,922
10,5913
5,1685
8,2003
3,1038
10,2291
2,823
8,5747
1,654
5,2328
7,31967
1,557
5,1552
1,853
7,2418
8,2824
7,2519
1,442
4,1635
7,7166
10,2576
8,2585
1,498
1,563
6,2172
5,1662
4,1233
2,780
7,2486
1,473
7,2789
1,560
1,444
2,995
1,749
10,3414
1,402
1,583
5,1672
6,2106
3,1235
3,711
7,2565
2,987
5,1575
9,3330
4,1341
1,500
10,3633
10,4323
6,1661
2,664
1,373
5,1837
9,5929
8,2876
1,327
1,391
10,3924
4,1280
10,14741
1,459
1,401
2,893
4,1642
10,7584
2,678
9,4070
3,1214
2,666
5,2023
1,546
2,721
2,1118
6,2177
1,534
1,453
2,836
2,980
1,355
4,1454
3,1022
1,10070
5,1751
1,336
7,6966
2,761
1,347
2,2675
5,1545
3,1220
1,318
2,839
4,1213
1,435
1,449
9,3068
1,631
5,1766
5,1997
4,30312
1,360
5,2762
8,13569
5,8000
1,373
1,251
2,743
10,3328
1,444
7,2457
10,3519
5,2131
3,1187
1,312
3,6190
8,6438
4,2078
1,311
10,7636
1,506
1,619
2,631
10,3580
1,547
3,1151
10,8008
3,1255
2,756
2,856
2,6146
1,384
5,1830
9,3368
1,425
1,486
2,774
1,341
6,1993
5,11301
5,1589
1,601
1,6863
7,2245
1,413
5,5563
3,978
1,349
7,2658
3,1452
1,553
1,722
2,716
10,3231
8,3360
5,3216
2,784
3,12067
5,1550
5,6248
4,36678
1,315
1,456
6,2300
5,1943
1,472
1,452
2,988
10,2064
2,663
5,1739
7,2278
1,364
4,1439
1,588
5,1896
5,9446
1,379
9,10704
2,1075
1,412
1,296
3,1191
10,2651
1,457
4,5827
8,3648
9,14596
5,1999
5,1784
1,594
2,746
1,363
2,3753
4,1480
3,1140
1,508
6,1993
10,2838
1,359
10,3550
1,339
2,1127
8,24717
6,2354
1,481
3,965
1,433
7,8174
5,1672
1,463
3,1211
8,2746
1,471
1,536
4,1506
1,351
1,438
1,429
3,1433
2,766
5,1557
1,356
8,14056
7,32311
1,676
1,545
7,2369
1,287
1,475
1,335
6,8126
5,2010
2,808
5,1681
1,421
5,6692
1,370
1,14688
3,913
1,613
10,3326
10,3355
1,263
1,416
1,417
3,1264
7,2894
2,784
1,991
1,442
2,775
2,572
3,10628
5,22596
1,503
8,1915
9,2751
1,237
1,5374
1,379
1,572
5,1724
2,757
1,590
8,2718
8,2829
6,10782
1,461
5,1672
1,587
10,2082
8,25631
1,357
1,436
1,338
1,360
5,1838
6,2161
2,1063
1,370
3,1074
3,6328
3,1002
5,1855
1,554
10,2714
3,4434
1,438
1,370
5,1640
1,568
1,694
3,1189
1,336
7,2457
7,2015
8,8870
1,395
2,910
7,2791
10,3931
1,760
1,597
9,2731
1,562
9,22437
2,1042
1,502
5,2285
1,685
2,550
1,615
1,418
2,868
1,583
8,2620
3,2697
1,296
5,1817
5,1602
1,457
6,2437
2,956
6,2001
2,888
2,731
2,585
1,426
3,1029
1,544
10,2686
1,422
1,283
3,950
1,465
1,477
8,2511
5,3392
8,17563
3,1806
8,4543
5,2554
1,274
8,3116
6,2136
2,786
1,747
1,459
2,778
1,489
1,676
2,875
8,4511
3,1352
1,473
5,13392
3,1064
1,292
7,2107
9,3124
3,1168
8,2960
2,620
1,611
5,1656
1,351
1,456
9,3152
1,423
9,3521
2,775
2,714
1,336
1,23364
10,2674
10,2699
7,2438
10,3636
5,1675
1,413
1,597
3,837
1,342
3,1130
1,421
10,2913
1,496
1,465
1,468
10,3253
2,866
9,2464
10,3923
5,1542
3,1016
1,663
2,473
1,467
2,811
1,399
1,490
1,378
1,478
1,457
7,2502
5,1190
8,2575
10,3059
7,2855
1,421
1,642
10,2362
1,396
1,418
5,1665
1,412
9,4111
1,444
8,2936
4,1241
10,2104
2,961
10,2291
1,631
1,414
3,1088
9,3100
9,4592
1,449
8,8815
9,5674
1,313
1,548
2,764
2,1364
10,2004
10,3184
10,2783
5,1869
1,322
8,2669
3,1070
3,1081
5,1823
2,652
5,1664
3,1046
3,1035
5,3217
3,1021
7,1659
10,2253
8,1911
2,916
4,3253
9,2724
9,3365
5,2387
1,340
1,535
3,1158
5,1720
1,519
1,352
8,3008
8,2865
2,852
10,2947
8,2662
4,1607
7,2665
10,8226
1,515
1,735
1,410
3,989
5,8384
1,503
1,435
10,3410
5,1739
7,2399
3,1157
2,732
2,838
2,1039
2,858
3,1133
8,2913
1,403
5,1518
9,38101
1,551
9,3160
10,3387
10,2255
1,582
4,1483
2,1144
8,15292
10,3462
8,6496
1,433
2,797
1,440
1,475
2,799
9,10128
9,2989
8,2716
3,984
1,455
7,2224
1,473
5,13212
10,2726
7,4497
2,759
7,2429
10,3177
5,1653
1,449
6,1835
1,837
10,3492
1,472
2,726
4,1538
2,698
3,1243
1,507
1,577
1,384
1,509
1,466
5,1791
5,2385
7,2919
1,327
8,3156
1,423
1,327
5,1680
3,745
5,1845
7,2011
1,386
1,477
3,12490
1,450
5,1669
2,718
9,4597
1,327
10,3565
1,658
1,415
6,2084
9,6792
2,5226
2,773
1,593
1,411
8,3173
1,452
1,330
7,2017
10,4861
1,455
10,2275
1,447
8,2870
5,1696
9,3212
1,484
3,1292
1,476
1,465
2,776
3,1108
7,2199
7,2784
1,511
5,1736
1,558
1,319
1,3002
3,1044
6,2096
1,533
8,2773
1,363
1,335
1,578
3,1221
1,413
5,1710
7,2325
1,443
1,374
1,480
1,694
10,3456
8,2529
2,674
8,2840
1,478
1,478
10,3557
2,900
1,505
1,468
4,1486
3,1059
2,501
5,1828
1,256
1,408
9,11006
8,2718
10,3249
1,550
1,385
1,573
7,2520
1,395
1,422
2,668
3,1130
1,343
1,373
1,292
5,1659
2,570
7,2350
10,2167
1,394
7,4917
9,3073
7,2515
1,437
1,381
3,1090
1,459
1,305
1,560
1,311
6,2033
10,2937
3,1299
10,2929
1,939
5,2770
3,1282
5,4932
1,439
1,394
10,2731
1,486
1,543
1,641
1,328
5,1646
7,19075
1,592
8,2925
1,552
1,1445
5,1745
5,1736
1,378
1,401
10,3382
1,564
1,288
1,506
3,795
1,463
1,469
4,1571
10,3802
1,397
1,379
3,978
1,587
3,813
1,325
8,2735
1,475
1,353
7,1950
6,2130
1,498
1,481
5,1345
1,466
1,1594
7,2343
1,576
2,786
1,423
1,312
10,6991
1,477
1,322
5,1583
10,3279
2,725
1,344
2,818
1,464
1,385
5,3065
2,924
2,844
1,414
1,387
10,2776
1,469
1,648
10,3256
10,2695
1,392
3,1304
8,3015
1,272
3,1135
5,1767
1,585
2,716
4,1307
1,334
10,2377
5,2039
6,1991
10,3354
8,1715
1,496
1,453
9,3867
1,573
1,467
1,478
1,646
8,2614
1,289
1,487
10,5044
5,1717
1,693
10,3274
8,2593
1,472
1,504
1,505
1,369
8,2604
9,2806
7,2657
1,429
1,346
1,425
8,2344
7,6564
2,882
10,3485
4,1023
1,402
1,467
1,555
1,383
7,2389
2,774
7,2823
3,856
2,710
2,879
2,576
7,8947
4,1197
10,3376
10,2398
1,358
1,346
9,2799
10,3696
8,2726
2,610
5,5846
2,1398
8,2530
2,1283
1,334
2,650
10,2464
1,461
2,702
1,390
1,377
3,1199
1,265
9,3040
1,436
1,2887
9,3005
1,399
1,503
1,273
1,463
5,1233
5,1337
2,685
5,1719
1,578
5,1526
1,277
10,4653
2,687
5,2001
9,2884
2,676
8,4069
1,570
2,11786
2,590
10,3742
3,807
1,360
1,480
1,321
1,310
2,701
2,708
1,497
6,1993
9,2400
2,789
1,295
2,801
10,2629
2,786
10,2603
8,3005
1,480
3,925
2,485
7,2667
3,1059
1,504
2,770
9,2969
3,1031
1,320
2,607
5,1474
9,3132
2,587
1,448
1,486
2,678
1,270
2,925
1,509
1,507
10,3336
6,2027
9,5985
1,247
1,493
8,2452
10,2498
5,1127
4,1367
1,512
1,516
2,934
2,1031
9,2891
1,490
8,2540
10,3439
6,2063
1,287
2,706
10,2201
5,1250
10,2366
3,1126
3,881
1,2606
10,2379
3,1076
6,2031
1,700
1,374
2,892
10,4270
1,250
8,2503
5,1348
5,4113
7,1857
5,1734
9,2187
5,2373
6,2237
8,2570
10,3352
1,501
1,383
7,2370
2,1038
1,227
8,2560
3,1128
8,5601
10,3011
5,5411
1,404
1,458
2,825
8,2610
8,2680
5,2340
1,271
9,9713
8,2817
1,310
9,2883
5,1089
10,4218
5,1529
2,774
1,383
7,2315
5,1234
10,6224
7,2339
1,378
7,5761
1,481
7,2229
6,1932
9,6711
10,3245
5,16479
8,2325
5,1899
8,2515
7,5432
10,2202
10,2498
9,8954
1,381
1,283
1,370
9,20589
10,3354
10,3895
10,6060
2,976
5,1319
1,496
7,2653
5,3238
4,1602
8,1722
1,496
1,411
1,285
3,1261
1,459
5,1452
9,2948
10,2264
1,557
10,3071
2,829
10,3138
1,450
8,4145
2,868
3,1078
2,951
9,11881
1,627
3,1160
10,2231
6,28939
10,3391
1,1056
1,440
1,405
10,3003
5,3425
5,1586
10,3274
1,487
2,808
1,509
3,1539
1,658
10,2237
7,14060
7,2314
2,1320
1,363
8,2768
2,843
1,359
10,2460
10,3185
1,562
8,3232
1,336
1,497
4,1462
4,1282
1,455
10,3492
1,532
1,265
3,1132
7,1804
1,464
5,1530
10,3233
1,2037
2,1061
1,392
1,315
1,613
5,1518
1,341
10,3391
1,803
1,307
4,3872
2,842
1,532
3,969
2,768
1,549
9,4752
3,3223
8,4048
1,550
10,2432
3,1105
1,477
1,562
1,231
1,624
3,1181
1,427
5,1368
1,477
8,2646
2,820
1,308
7,1868
10,2931
5,1139
1,394
1,502
1,554
1,232
8,4060
8,2452
1,433
10,2531
1,327
9,2948
3,1174
1,371
7,2196
8,2747
3,982
3,912
1,429
1,1241
1,221
5,1673
10,3116
2,707
10,3029
1,501
1,483
9,3120
1,306
6,4899
9,3239
10,2125
1,455
1,341
1,675
1,323
2,866
10,2943
1,476
10,2061
1,279
8,2990
6,2088
1,393
9,2853
6,5633
10,3577
1,389
1,344
1,511
1,312
3,1098
8,2291
2,645
10,3523
1,469
1,339
2,924
1,518
8,5954
8,2341
10,3824
1,1045
1,353
8,2662
5,1852
10,2991
10,2256
1,399
10,3750
1,470
9,2832
8,3086
8,2012
10,3301
10,2951
5,1690
1,447
1,384
1,547
1,281
1,471
10,2613
1,446
7,2543
1,285
10,2800
10,6312
1,457
2,982
2,770
7,1915
1,357
1,679
7,2545
8,1881
1,379
8,1684
8,2604
1,454
1,335
1,302
7,2535
1,375
3,1177
7,2084
10,3094
1,474
1,747
8,2357
10,3680
9,3012
10,3341
2,721
1,265
1,285
1,419
1,476
2,770
4,1211
2,811
10,3201
1,489
9,2953
6,2808
10,2367
3,957
2,669
1,340
1,599
1,299
1,418
3,1345
8,2366
1,429
2,897
10,3226
1,508
1,427
8,3177
10,2154
3,1335
10,3006
3,1133
1,425
6,2018
1,447
1,607
9,2982
1,261
1,510
1,538
1,608
1,586
1,733
10,3276
7,2529
2,624
9,2941
10,4345
10,3144
10,3411
3,1597
10,3178
1,308
1,434
1,401
8,2869
10,4070
2,817
2,891
7,2342
1,463
9,2880
1,360
2,696
1,276
1,642
10,2264
1,362
3,959
1,410
1,484
2,889
4,1577
10,3062
2,695
1,380
10,2929
1,361
10,2242
1,271
1,581
7,2240
1,330
1,245
1,413
1,364
10,3091
10,8970
6,2075
1,501
1,253
6,1902
1,553
10,2270
1,265
8,2422
2,887
2,820
1,262
1,691
7,2461
4,1450
10,4018
10,3448
7,5348
1,237
2,796
1,430
4,1067
7,2022
7,3001
2,869
1,402
1,355
1,476
1,633
8,2732
2,844
2,791
5,11479
1,254
8,2696
1,315
8,2541
1,423
8,2845
3,1328
1,481
1,254
1,678
9,3128
6,1941
2,1138
10,3347
2,820
1,251
9,2800
1,307
10,3708
2,848
9,3143
10,2688
1,479
1,237
1,459
8,2671
10,2500
2,1002
4,1430
1,412
1,270
1,521
1,408
5,1981
2,931
10,2896
8,5922
1,574
1,503
1,644
10,7524
2,1561
10,2753
10,3155
1,466
1,250
1,464
10,2439
10,2336
3,1168
10,3076
10,2963
1,396
1,283
1,325
10,2963
2,800
6,1648
2,793
5,5202
1,319
3,1091
9,3027
3,986
10,3138
2,883
8,1976
2,771
1,238
1,440
2,584
7,2549
10,2936
4,1422
1,416
1,367
3,1117
2,944
5,1274
2,835
7,2389
10,3475
8,2145
10,3799
9,2943
2,743
6,2258
8,3284
8,2747
1,414
6,2010
1,536
9,2663
10,3206
10,2099
1,550
10,3674
10,3123
8,2539
10,3620
4,1367
9,3456
10,2251
10,18483
1,379
2,571
1,497
10,3316
10,3426
10,3336
1,438
8,2935
8,1718
10,3297
4,1542
10,2389
4,1381
8,1925
1,509
1,449
5,1076
7,2258
1,618
10,3123
10,2535
2,566
10,3362
10,2661
8,2913
9,3394
6,1871
7,2585
4,1141
6,2533
2,697
10,2027
9,9813
8,2141
10,3318
8,2639
1,591
1,381
10,2726
10,3550
10,2656
10,6563
8,2958
10,2437
1,619
1,339
4,1588
9,2916
10,3054
7,1562
8,2603
1,406
2,573
8,2814
8,2806
1,357
8,2793
1,477
2,804
1,625
1,480
8,1980
8,2596
2,840
10,2111
10,3054
1,415
1,275
10,3232
10,3235
6,2126
10,2705
10,3675
1,419
7,2661
1,497
5,1005
10,2943
2,983
1,532
2,1032
1,484
1,256
2,647
2,624
10,3446
8,2418
4,1688
1,281
1,548
1,474
10,3236
10,2962
7,2126
1,502
1,343
1,500
1,289
2,605
2,616
2,955
10,2513
1,750
1,317
1,624
8,2592
5,1327
1,489
6,1810
1,647
10,2490
1,409
1,236
6,1486
2,808
2,1000
10,2398
1,414
1,327
1,523
2,12928
3,874
1,435
4,912
1,414
5,1277
2,899
1,216
10,2726
6,2096
8,2139
2,779
1,591
1,380
1,444
2,667
5,1283
7,2251
8,2070
1,342
2,429
1,444
1,471
2,748
10,3579
7,3866
2,669
6,2290
7,1790
1,521
3,1010
10,2536
1,359
8,2696
1,369
10,2400
1,572
1,367
10,2125
8,1899
8,3138
1,446
10,7784
1,517
1,508
1,378
10,2298
1,439
8,2762
1,423
9,1884
8,2717
1,347
10,1986
5,1466
6,2177
6,1493
1,314
1,442
1,576
9,2967
10,2151
1,523
1,560
1,361
1,429
3,1207
2,681
10,2757
10,2153
8,3039
1,393
1,414
1,327
1,643
1,461
10,3301
1,341
1,583
1,361
1,402
8,2405
1,346
4,949
4,1171
7,2544
1,238
1,355
1,373
6,1761
9,3566
7,2312
1,395
1,423
1,397
10,2733
10,3977
10,2476
10,3010
10,3097
8,2757
1,287
3,890
1,336
8,2828
9,5199
10,2590
1,309
10,3346
9,3111
1,346
10,3301
10,2685
8,2477
5,1466
2,688
1,323
1,268
8,1968
9,5404
7,2784
10,2253
1,422
1,344
10,3222
1,273
2,752
2,942
1,617
10,2426
10,3635
1,253
1,364
3,1221
5,1747
8,3072
10,2946
1,519
1,481
2,1167
1,228
10,3018
5,1748
1,548
5,1505
2,733
10,2746
1,376
10,3392
7,2517
2,734
1,435
2,1192
2,1016
10,10031
1,450
8,2012
10,2366
1,464
1,364
1,319
1,440
1,346
10,3039
4,1537
10,22259
1,432
1,359
1,530
1,1140
1,261
10,2257
8,2373
1,243
1,368
4,1684
1,358
3,874
1,603
2,1819
1,588
1,471
2,858
4,9936
10,3564
1,408
2,878
5,1278
1,352
1,263
1,554
2,480
1,252
10,3150
10,3377
1,479
1,381
3,889
6,2457
8,2970
1,369
6,2026
10,2718
1,327
1,297
3,1248
1,306
7,2151
10,2453
5,2108
1,475
1,361
8,2668
10,6114
10,2769
5,1277
10,3164
5,1506
1,310
1,261
1,691
1,330
8,3161
9,7753
1,1484
1,543
1,499
10,3232
1,354
2,1010
1,245
5,1400
3,812
1,413
1,229
2,1444
5,1113
4,1147
2,53074
3,1185
10,7583
1,412
8,1757
1,621
8,2856
8,1781
2,504
5,1982
1,301
1,231
1,686
10,2137
10,2401
1,439
1,534
8,2000
1,568
10,3324
1,395
2,855
10,2194
10,2378
10,3952
1,254
1,233
1,497
4,943
2,600
4,1303
2,692
6,1937
1,396
10,2370
1,443
7,2336
10,2177
4,1302
10,2921
5,1649
1,303
1,500
10,2314
10,2829
2,769
10,2412
10,3081
1,362
8,1862
1,256
6,2822
3,820
10,3071
10,2518
3,838
1,231
1,524
8,1977
6,1356
6,2167
6,1366
9,2923
9,3110
10,2920
2,919
4,1036
3,1046
5,1780
10,2400
5,1924
3,768
1,637
5,1221
10,2370
10,3168
9,2337
10,3439
2,660
2,766
2,643
9,2787
10,3188
8,2182
10,3646
10,3548
10,3744
1,607
10,3363
7,1758
5,1594
10,3005
2,1064
10,3265
2,577
3,1087
2,842
10,3953
10,2902
7,1796
10,2100
5,1855
1,461
10,3656
2,555
6,2057
8,1864
7,2184
1,466
3,874
10,2879
8,2635
10,3426
1,453
10,2780
10,3374
10,2631
1,303
3,984
3,759
5,3707
10,2356
4,1515
3,1243
10,2251
2,693
1,439
7,2303
1,340
1,432
7,1711
10,2043
2,919
10,3729
10,3075
3,1150
7,2616
2,993
8,4664
2,850
4,1582
10,3492
7,2307
1,420
1,254
10,3370
7,2403
3,1049
10,2206
1,367
2,1051
4,1026
1,586
7,2239
5,1451
8,2362
4,1484
10,3539
1,485
1,250
10,2473
10,2337
10,3115
10,3105
10,7332
2,764
10,2801
1,365
10,2838
7,2293
7,2038
6,2061
1,333
1,493
1,292
9,2009
10,5321
10,3460
10,6615
10,3150
3,1147
1,423
1,251
2,828
10,3140
8,2179
1,329
10,3434
1,451
1,266
2,945
2,886
8,2243
7,2094
10,2164
5,4177
1,243
1,255
2,1008
10,2168
6,1386
10,7866
2,987
1,339
1,285
10,3661
9,2939
7,1738
10,2163
10,3428
1,514
1,262
1,361
7,1876
8,2089
10,2419
1,363
10,3212
1,369
1,242
10,3488
8,2595
10,2345
1,380
8,2136
2,850
1,278
1,416
9,3281
5,1789
7,1756
1,291
10,3374
1,449
1,258
10,3310
10,3505
10,2484
1,231
1,745
2,1597
1,220
3,1026
6,1477
1,517
3,830
1,344
9,3036
1,386
1,286
1,482
10,2703
7,2239
1,352
1,496
5,1776
1,234
1,248
4,1045
10,2265
3,8085
1,393
1,535
5,1642
1,674
10,3357
1,494
2,799
9,2028
9,3478
1,904
1,206
1,589
8,2851
1,250
10,6012
1,372
10,2081
10,3263
10,3470
8,2791
4,1789
10,2347
1,243
1,562
5,1836
1,305
1,535
8,2083
1,348
10,13129
1,424
1,2686
5,1330
2,1192
1,465
10,3161
10,3271
1,229
1,607
1,399
1,366
1,408
1,313
1,250
10,3452
1,389
1,604
10,3484
10,4365
1,486
10,3254
3,987
1,301
1,530
1,519
1,352
8,2125
10,5821
1,285
1,584
1,250
1,452
10,3495
3,1327
1,457
2,1190
10,3727
1,828
1,510
1,508
3,894
10,3289
1,497
1,424
10,2425
1,306
1,470
10,6705
10,3645
1,329
1,485
10,3537
1,468
2,830
1,412
10,3303
10,3247
6,1860
1,388
10,2693
1,519
1,449
10,2891
8,2318
1,513
1,443
8,2875
1,570
1,389
1,330
10,4264
8,2580
4,9230
1,420
7,2783
1,385
8,2474
10,2250
7,2409
1,473
1,437
10,2331
1,370
1,4502
6,3224
1,407
10,3483
10,7603
1,275
1,599
3,782
10,3139
9,3355
10,8485
2,734
1,389
10,3225
2,718
1,487
5,1692
10,2093
10,9368
10,3475
1,299
1,715
10,2516
1,353
10,4762
2,911
1,444
1,440
1,656
10,8429
1,496
1,431
10,2142
10,3250
2,984
5,1406
1,22055
4,887
1,393
2,705
2,806
1,376
1,441
1,534
4,1133
5,1882
8,11616
10,2267
2,619
1,370
3,966
9,3452
9,2713
1,465
10,3354
6,2089
1,490
2,733
1,600
10,3864
3,1077
1,741
9,3382
5,1260
1,324
10,2735
1,533
7,1619
1,466
1,517
7,2329
1,328
1,377
2,644
1,499
2,787
1,374
1,660
10,3600
1,472
5,1334
1,497
10,2351
2,869
10,3030
9,2910
2,913
1,471
1,30908
10,3315
10,9882
1,542
1,574
2,892
1,438
10,2093
1,547
6,1452
10,3217
4,1192
4,1375
7,2621
1,583
4,1340
8,2754
3,846
1,488
4,38712
5,1312
1,609
10,3190
1,556
10,2489
2,872
8,3225
7,2551
10,3847
6,2196
2,663
6,5338
5,1375
1,470
2,730
10,2347
1,577
7,2799
1,510
7,1722
8,2655
6,1881
8,2869
8,2714
1,341
1,5397
6,2513
4,4977
1,517
10,4634
10,2212
1,377
10,3275
2,540
10,2547
6,1834
10,3269
1,452
4,1594
8,2402
10,3489
6,3741
3,1230
2,685
6,1959
10,3311
1,250
10,2552
1,992
3,630
7,3848
1,409
4,1248
8,2894
7,2451
6,1983
2,693
2,948
2,821
7,2348
8,1899
1,244
1,515
1,508
3,878
8,2606
1,362
10,3218
8,2822
6,1960
1,509
8,2973
5,1731
3,1042
5,1625
10,2233
1,253
5,1302
7,9434
10,3748
8,2627
1,508
10,3209
10,4385
4,1198
1,3601
4,1520
2,667
5,1629
6,2065
5,1674
1,560
10,3404
6,1917
10,3448
2,642
1,536
1,346
1,465
8,2870
5,1780
4,1923
3,11173
8,2705
2,858
1,464
3,1123
2,2141
2,665
1,460
4,1041
1,575
1,382
2,941
8,3265
1,352
4,1299
5,13885
4,1436
3,1171
1,229
4,990
4,1577
2,661
10,2440
10,3352
1,570
1,452
10,3529
2,869
1,481
7,2309
5,50903
2,818
2,793
1,223
9,1979
9,3123
4,8343
10,3049
3,809
2,739
6,1824
6,4192
1,349
5,1632
8,2967
2,706
5,7676
3,1258
1,233
9,2804
5,1546
5,22054
7,1936
1,413
1,1252
1,877
2,692
10,3693
1,526
10,2963
1,354
1,492
2,647
1,243
7,1585
10,12895
10,24884
9,2935
1,327
1,762
1,415
1,441
4,1740
2,1013
2,1078
5,1935
1,485
1,374
1,225
6,1289
8,11524
3,1135
1,508
2,543
1,709
1,343
3,1301
6,2143
3,1011
10,4228
8,2763
1,343
1,393
1,223
1,280
6,2387
1,495
1,463
10,2970
1,567
1,382
4,1475
2,940
5,1938
6,3106
2,691
5,1996
1,483
1,226
10,2430
1,773
3,1082
1,374
6,1380
4,1259
3,1312
2,842
4,1378
3,1831
3,1084
1,342
4,1224
1,473
1,229
7,2019
1,422
2,787
1,330
9,2456
7,2683
1,338
10,3025
1,477
2,2147
1,801
2,725
10,3300
1,418
1,226
2,578
1,702
2,739
1,413
9,2785
6,1722
1,420
10,2454
3,1178
5,75775
1,495
2,795
5,1804
1,426
3,1075
3,752
10,4076
5,1868
1,382
1,261
6,1533
1,348
9,2430
10,2530
5,1748
1,399
2,794
7,2330
4,3067
10,2904
10,2840
1,345
5,9183
1,355
1,256
8,4242
1,252
7,2252
6,1544
4,1418
1,307
1,546
4,1459
1,535
5,1456
10,3364
1,403
6,7321
1,348
1,292
7,2427
1,254
10,3015
10,2989
6,2477
3,1026
5,1823
3,1016
6,2083
10,2499
1,274
1,575
8,8223
1,357
1,323
8,3199
9,2297
8,2528
9,2075
2,694
1,318
1,483
6,2056
1,509
10,2354
10,2873
1,509
1,39920
1,376
1,446
10,3930
10,2906
6,1955
7,2333
1,441
1,329
1,428
8,2729
1,422
7,2500
10,2912
1,520
1,439
1,472
10,2747
1,525
6,1473
1,582
10,3256
2,2669
1,282
6,70826
9,6676
1,466
10,3145
8,1939
2,1105
5,2006
4,1529
1,357
4,1559
9,1989
1,485
10,2471
6,1981
1,307
8,24660
3,1118
5,1778
10,3343
10,3154
1,601
1,376
1,2354
8,3016
2,5004
10,2195
1,499
7,1579
5,1721
10,4961
4,9135
5,1770
5,1822
5,1799
9,3178
1,6824
2,764
2,659
1,270
3,1214
4,949
1,393
1,246
2,613
1,9425
6,5298
4,1444
8,16031
10,4006
4,1658
2,878
5,1620
7,2464
1,343
2,840
1,253
1,403
1,493
2,653
1,343
1,10035
1,542
1,785
2,4254
1,655
7,2723
3,1020
6,2253
1,382
1,502
10,2009
1,252
1,389
2,730
1,222
8,13174
5,1736
2,862
5,2055
1,493
6,2107
2,7991
5,1948
1,398
3,1144
7,1724
1,293
1,604
8,70744
6,1211
1,494
2,885
2,876
10,3399
1,530
4,1342
2,764
5,1741
4,952
10,2359
2,628
1,246
1,310
5,19099
9,2628
2,793
1,531
1,312
10,3007
1,393
8,2802
2,7405
3,1126
10,2326
4,1468
9,6028
1,263
1,240
1,444
10,3022
5,1726
1,618
5,1722
10,3378
1,20417
8,3060
8,4234
2,958
10,2574
10,2448
10,7911
1,257
1,400
1,390
7,1704
1,328
1,603
1,321
8,2050
1,6184
10,3440
1,526
3,992
2,848
9,2358
3,748
7,1657
1,358
4,2082
10,2329
1,477
2,784
2,616
10,2797
1,526
1,581
7,5355
4,1696
5,1803
7,1875
1,383
2,617
1,515
1,626
4,877
3,6200
1,470
3,1003
2,2308
1,4369
4,6298
4,1215
3,1478
10,4508
10,2422
10,2354
10,2625
1,247
1,1079
10,2346
4,1369
3,1163
2,607
1,591
1,458
6,1950
5,3722
2,727
1,468
6,1429
10,3370
3,1496
3,888
8,47191
10,2422
1,2950
1,390
5,2583
1,401
5,1638
10,15362
1,437
5,1834
10,3774
10,2579
10,3487
10,3726
3,1384
1,362
3,796
4,2999
1,526
2,3766
1,486
1,436
2,696
1,579
5,1696
10,3385
1,334
8,23794
1,450
10,2947
1,323
10,3188
1,605
2,727
4,1297
1,512
2,760
2,629
1,611
5,1919
8,2734
1,272
1,11409
10,3093
10,4092
3,1084
10,2964
1,562
1,598
8,2671
1,623
1,400
2,526
1,529
6,1998
5,2022
1,395
9,7546
8,2694
10,3283
1,331
1,413
8,2743
1,457
9,14909
1,574
7,2315
10,2326
1,579
8,2477
9,3190
1,380
1,322
10,9057
10,2803
5,3650
10,3086
1,333
1,522
1,481
1,449
2,831
4,1284
5,2024
1,935
1,24756
1,301
1,371
9,2693
7,1932
2,696
10,2420
5,1726
1,575
4,924
1,668
7,2233
10,2520
2,760
1,376
4,1429
1,254
1,527
1,496
10,2941
1,2494
7,1543
1,392
1,397
1,206
2,973
5,20181
8,1750
3,2018
2,2510
2,773
1,355
1,474
2,751
2,1141
4,1278
9,2640
10,8221
6,2232
4,980
1,571
3,4754
8,2587
1,622
1,19751
7,2215
1,365
1,395
4,1336
1,1684
6,2510
1,462
3,1172
6,2004
5,1330
1,594
3,1107
10,2881
1,429
2,10011
6,1867
1,247
1,452
2,807
2,11243
10,6869
1,483
9,3275
1,6562
2,46960
4,11298
3,1151
6,1394
1,567
5,15848
1,475
1,324
1,469
3,1079
4,20879
1,336
4,1353
2,860
4,8831
5,1702
6,11488
2,630
1,392
1,396
2,678
5,1593
7,2432
7,2613
7,2044
2,772
7,2287
2,767
8,11950
8,2572
8,2514
7,11953
2,620
1,271
2,835
2,660
10,3030
10,2264
1,655
5,1626
7,2465
1,876
1,444
4,1570
6,2262
6,1981
8,12102
2,967
1,396
4,1670
2,651
6,1817
3,1053
1,510
6,1624
10,10769
5,3124
1,466
5,2079
9,8087
4,5405
8,2950
1,364
1,378
6,2076
5,5970
1,334
10,3206
1,561
5,1637
5,1690
1,463
2,703
2,801
3,930
3,1039
1,519
5,1744
10,2413
1,5358
7,2516
1,446
10,3245
1,480
10,3164
5,1560
3,1072
1,453
1,579
2,1186
9,2913
10,10144
5,2801
1,317
5,1960
1,342
3,1117
10,3309
4,1377
2,773
6,2069
4,1437
7,2111
3,1153
3,1157
8,2705
2,1198
6,2084
1,312
10,19963
1,536
1,347
10,2562
7,2271
2,683
3,1151
1,417
10,4502
2,935
9,2814
1,403
4,1477
1,400
1,286
8,2833
1,494
2,833
10,2923
2,1150
1,332
5,1711
9,3829
1,549
2,921
7,5408
1,371
6,9810
2,622
1,253
4,1302
1,475
2,663
1,478
2,1059
1,417
2,808
3,1014
1,366
6,2200
3,1117
1,451
10,13457
8,4815
1,241
3,1076
4,1491
1,308
2,780
5,1773
1,469
3,1081
5,1792
5,1719
1,349
1,500
1,454
9,2240
1,446
1,361
7,2598
1,383
4,1109
4,1704
6,2246
1,494
4,1692
8,9828
1,446
4,1807
3,1254
1,503
1,603
2,810
7,1742
4,1354
8,2895
1,374
2,887
2,953
5,1544
1,450
6,7478
5,5082
2,899
6,3035
1,533
1,324
2,825
2,556
5,17954
1,362
1,407
10,3392
3,1208
1,413
1,577
2,784
1,382
8,2691
4,1434
4,1326
10,2854
2,719
10,2111
4,1601
2,875
4,1435
7,2377
3,5530
3,977
2,639
1,596
6,2358
5,1791
4,1533
6,1953
4,1502
5,1614
3,988
3,1356
1,521
1,404
5,1707
4,1927
1,381
4,1232
2,1368
2,736
1,506
7,2409
2,706
1,512
5,1991
1,454
1,540
3,1276
1,424
5,1782
2,758
1,369
1,453
2,814
1,336
9,2830
9,2937
5,1657
9,2058
2,786
10,2976
3,1163
1,472
5,1460
6,19114
5,2013
4,2437
1,343
4,1451
3,10679
3,954
7,1609
1,350
9,2710
8,4125
10,2607
2,836
1,456
8,4791
2,924
5,1746
1,443
1,370
10,3238
1,1030
8,3055
4,1510
2,637
10,2438
1,3815
8,2090
4,1475
1,543
1,392
3,1218
8,8515
2,936
1,445
2,771
1,597
1,350
5,1997
5,5961
6,2247
1,595
10,11590
6,2859
2,817
2,652
2,766
2,798
1,1044
1,445
6,1931
4,1407
3,955
6,4902
1,413
10,3505
4,11361
9,3286
1,665
1,541
1,2040
4,1508
6,10488
1,634
1,597
8,13864
2,25221
6,7982
6,2025
1,475
7,1618
9,10887
2,795
1,454
1,874
1,462
3,3879
1,8029
5,2098
6,2022
5,1866
5,1691
1,430
1,503
1,489
1,619
1,420
1,324
2,871
6,3675
1,341
1,562
1,7699
2,753
1,413
3,1212
9,20980
6,2167
1,329
3,988
1,262
5,1918
4,1393
1,505
4,1347
5,25590
1,497
1,7031
6,12330
8,5370
6,5431
6,1940
1,483
1,295
1,528
1,233
1,363
2,844
5,1946
10,3365
2,693
1,361
2,705
1,400
1,433
6,2123
1,438
1,448
1,306
1,585
1,259
1,447
10,5242
8,2618
5,1705
2,741
1,4991
3,1203
2,949
2,2142
8,2806
1,389
1,371
1,436
2,698
1,267
2,704
6,5464
1,733
4,1516
5,10462
1,521
2,662
1,546
3,1007
1,471
1,388
1,476
1,401
3,1174
1,244
3,1917
6,13617
3,1178
3,1273
2,661
5,1841
2,641
1,771
1,374
3,986
1,413
3,1122
1,355
3,1065
1,238
1,364
5,1707
6,2140
4,1382
2,10609
1,369
5,1716
2,1009
1,426
1,440
2,4093
1,470
1,292
2,708
1,219
1,451
6,4414
1,446
9,3023
5,3123
3,993
5,1670
2,835
2,959
5,1701
3,1114
5,1630
1,263
8,2733
1,278
1,433
1,448
9,2922
5,1861
7,5388
5,4231
1,414
5,3191
3,963
1,367
2,635
1,508
1,322
5,1685
1,240
1,366
2,824
6,2126
8,5463
4,2092
1,439
1,359
5,2241
5,1741
1,412
2,693
1,667
5,1416
3,8420
2,614
1,428
1,515
9,2858
4,1412
8,3790
6,1966
1,1350
4,10288
2,741
1,379
1,474
7,2496
10,2795
9,3005
10,3238
1,404
2,699
1,520
5,2594
5,1692
1,391
1,378
8,2744
5,2309
1,529
5,1622
2,881
10,2968
6,1994
3,988
1,388
3,1015
3,3774
2,804
3,1103
1,475
1,343
5,1631
5,1666
1,509
4,1210
3,1043
1,365
7,2599
10,3245
4,1624
3,974
1,459
1,3250
10,13557
1,485
1,429
8,22256
4,2428
2,809
8,4948
7,2487
7,2537
5,1746
1,384
6,2216
4,16170
1,608
3,1131
1,542
1,401
1,403
3,1214
7,14043
1,404
9,5127
1,334
6,1440
7,2225
10,3627
9,3342
1,677
1,518
3,1309
2,804
1,311
9,2750
2,877
2,775
7,2187
7,4732
4,1545
10,2353
2,804
10,3010
10,7458
2,834
5,4962
2,852
1,519
8,25166
4,1314
1,476
3,5953
1,442
2,773
4,1515
9,2989
3,1064
8,2560
8,3139
1,462
1,560
2,851
2,801
2,807
1,313
2,703
1,453
1,469
3,1823
7,1920
3,1061
3,1097
9,3639
4,1346
1,523
1,592
6,2426
4,1399
7,5019
7,2292
4,1359
3,1444
3,994
1,435
9,2408
10,3305
1,486
7,2306
3,1044
5,29879
7,2237
5,1714
1,353
1,5680
1,410
6,2005
4,1339
3,1110
1,1172
5,1656
4,1296
6,1955
1,528
4,1084
1,20497
1,646
6,1945
1,578
4,1749
5,1474
1,827
1,389
6,1845
1,361
6,1523
10,2433
4,1604
1,490
8,3827
1,4089
2,662
2,721
5,2270
5,1699
1,432
1,354
6,2884
4,1142
1,409
6,1663
6,1473
4,1386
4,1359
2,810
2,773
4,2472
7,2474
9,8137
1,493
1,458
10,3213
4,1250
4,1341
1,355
5,1386
10,3216
7,2685
3,1106
4,1406
1,563
1,653
8,3034
4,1378
2,721
3,1623
8,2294
10,3469
7,2287
1,2357
10,3686
10,2489
7,2643
6,2432
5,1852
1,437
1,699
5,1835
8,2864
2,650
2,679
5,1676
5,1638
4,1346
1,406
2,684
10,3160
9,2269
7,2426
2,728
1,361
6,2182
3,1135
1,372
4,1584
4,1315
4,1253
3,1124
7,2162
1,389
7,4199
10,3197
4,1720
5,2385
1,359
5,26775
3,2434
5,2133
8,2896
5,3358
1,357
3,1137
4,1190
5,1803
1,429
3,837
4,1043
10,3491
5,1733
3,1391
2,745
6,2315
8,2631
3,1046
2,751
4,1967
8,2538
9,3118
6,2072
4,1530
6,1650
10,3302
5,1790
3,1202
2,820
3,1196
7,2692
6,2342
9,3431
6,4173
10,3378
4,1307
2,605
6,2075
1,4826
10,2210
1,472
6,2247
4,1549
2,863
6,24059
9,2879
1,596
1,353
1,805
8,2743
9,3062
10,3145
6,1592
6,14303
8,2585
1,365
6,2177
3,1075
4,1458
8,21540
4,1703
4,1508
1,567
4,1418
5,1680
2,641
8,42557
5,1215
1,456
5,1249
1,424
1,672
5,1938
6,7408
1,474
5,1751
1,600
5,1741
1,442
3,1065
5,8806
5,18752
10,2627
10,3415
10,2561
1,286
1,429
2,601
2,677
1,503
7,2518
1,602
4,1519
6,2075
5,1537
4,10618
6,13742
6,1518
1,374
3,1039
1,334
1,329
1,476
8,2945
2,680
2,642
5,1353
1,327
7,2428
7,2303
5,1663
3,18931
7,1686
5,1678
7,1783
1,257
1,337
5,1913
5,1943
5,5188
5,1888
1,557
5,1762
5,1721
9,3234
1,397
1,495
3,725
8,2680
1,266
1,357
1,271
1,503
6,2171
1,427
10,2433
1,462
1,573
10,50274
2,756
1,1403
1,451
4,1382
4,1359
1,244
1,254
1,815
2,1827
3,1440
5,3515
4,1595
1,554
2,902
3,1120
5,2258
1,513
1,381
10,2415
3,1026
1,245
1,304
1,492
1,507
10,3246
7,2138
7,2318
1,472
1,506
9,6568
4,1414
1,398
1,479
10,2500
4,1337
1,278
1,265
1,568
1,440
3,1117
7,2177
10,2909
2,649
4,1524
4,1670
3,1003
1,1867
1,416
5,1200
9,10549
1,432
10,2399
1,564
5,1798
8,8417
3,1213
6,1340
1,535
1,482
3,998
1,477
1,1480
1,437
4,1235
2,732
4,1318
10,2895
1,437
1,401
3,1341
5,4418
5,1224
3,1104
1,626
4,8943
3,1075
1,2377
1,368
3,888
4,1517
1,362
4,957
5,1954
1,623
6,10408
2,626
10,3912
1,437
1,638
8,2832
2,817
1,520
1,495
7,1709
5,1594
1,269
10,2224
2,547
1,507
1,637
2,1084
10,4356
1,367
3,1191
5,4185
1,504
1,498
1,425
5,1601
5,1624
1,320
7,2610
3,855
1,568
1,639
1,698
1,648
1,485
2,805
1,498
4,1411
3,1070
1,444
1,281
3,1203
1,294
10,3274
6,2283
1,373
5,1823
4,1674
1,325
3,1263
6,2009
4,1285
6,2039
1,446
1,453
1,380
1,633
1,267
6,2066
8,2943
8,3190
1,600
1,564
1,418
6,2029
2,621
2,791
2,750
1,432
2,725
1,361
3,1240
5,1324
10,4312
10,3278
1,342
1,772
10,3376
1,469
4,1443
2,802
1,326
8,6415
2,737
2,770
1,347
2,689
10,2424
3,1038
10,2198
1,314
2,798
8,9659
1,391
7,2229
7,2867
1,597
5,1838
4,1302
6,1732
1,252
1,461
10,2651
7,2560
10,2199
1,327
1,661
6,1932
1,460
9,2567
8,2999
1,422
1,498
6,2078
4,1255
1,264
4,1459
6,1403
3,1025
4,985
2,744
7,2331
5,4052
6,1993
4,1479
5,1943
5,27017
3,1268
4,1682
2,714
1,316
6,2024
10,2218
7,2020
7,1591
1,367
1,573
3,1132
3,717
7,1972
3,952
1,1023
1,2138
2,713
8,2622
1,250
2,738
10,3025
10,3537
10,2377
6,9299
7,2271
4,3443
1,343
5,1919
6,2417
3,838
1,394
8,3240
5,1739
1,249
7,2220
4,1048
10,7532
10,2290
2,799
1,455
7,6528
1,473
6,1960
3,1093
1,281
6,2529
6,2495
3,1258
1,287
8,2780
10,4454
10,7556
6,1547
3,1227
1,425
9,4107
1,331
5,2006
8,2518
1,622
3,855
5,4681
6,2070
10,3142
3,948
10,2460
3,1237
10,2478
2,1005
1,389
2,802
1,296
10,3631
5,1705
2,949
10,19869
3,1088
6,1986
10,2985
5,1608
4,1500
7,2553
10,2846
2,839
1,462
1,382
4,1405
6,2337
7,2324
5,1792
6,19672
6,8713
8,2598
10,1988
6,2020
10,3206
3,958
10,3350
8,2868
1,581
4,2719
5,1592
10,2948
2,782
1,377
9,22166
3,1025
3,1049
10,3353
9,3007
6,1472
10,3345
4,1584
5,1651
3,1196
1,401
10,2592
7,1559
3,1140
2,857
1,517
6,2030
1,390
10,2895
3,1205
7,2062
1,599
10,2838
4,1338
6,2336
5,1821
4,1238
3,698
1,559
1,527
6,2006
5,1902
5,1723
10,2306
6,2091
10,3127
1,597
10,2810
7,5130
4,1549
1,351
6,1571
10,2332
3,1567
4,2013
1,1082
2,666
7,2116
7,1688
5,1655
6,2337
1,662
1,614
3,1078
9,3130
5,1620
10,3232
10,3157
1,533
1,519
5,1907
7,5914
2,813
10,3064
6,7056
10,2354
1,355
1,412
2,701
4,1696
1,566
10,2577
10,1981
6,2065
6,2437
1,646
3,1058
2,590
10,2867
1,473
10,2132
1,632
1,250
8,2476
7,2271
1,483
6,1721
4,1047
4,1560
1,588
1,392
1,342
3,1032
10,3050
2,699
4,1358
1,546
1,241
1,2102
5,1776
3,1042
4,863
3,798
1,524
8,2746
1,2012
6,1984
3,1058
5,1070
3,998
1,581
6,2493
1,363
4,1583
6,2158
1,457
10,2571
7,1550
1,484
5,1639
1,463
3,925
9,7030
3,1130
1,521
1,469
1,513
1,385
1,438
10,2477
1,508
1,507
1,363
7,1728
3,1048
7,3557
5,1732
4,5737
10,2887
1,548
3,1702
1,550
1,265
1,442
5,1358
1,485
10,2368
1,315
1,315
10,3672
2,767
3,1148
4,966
10,6331
1,421
1,448
1,592
1,250
10,3852
6,2025
1,409
6,2161
1,286
1,326
8,2878
1,423
4,1296
8,2637
10,31780
1,432
1,284
10,12245
1,351
5,1865
4,925
1,420
10,3468
1,249
1,433
3,991
3,1177
7,1887
7,2153
5,1734
3,989
1,568
1,367
1,353
10,3182
10,2425
1,936
10,3155
1,397
7,2637
6,23285
1,536
9,3300
7,2324
1,374
6,1898
1,453
2,699
4,1300
2,608
5,1842
3,4238
10,2447
1,351
1,370
7,2379
4,2061
7,2433
6,2043
1,390
1,422
1,393
1,519
10,2378
3,1153
10,2286
2,942
7,2332
1,387
1,553
3,1203
4,1513
4,9479
9,3023
1,360
2,766
1,264
3,3016
6,1966
4,1438
10,3632
4,1474
9,2043
1,252
7,2378
3,1211
4,1078
5,1391
6,2356
1,389
1,508
1,254
8,2493
6,2127
9,3194
5,1497
2,819
10,3303
1,257
1,386
1,1850
7,2399
7,2447
1,464
1,331
1,491
1,284
4,1040
10,2328
8,2940
4,1480
6,2297
1,473
1,265
1,590
6,2175
9,2925
1,499
1,306
1,367
1,420
10,2326
9,3675
10,3595
4,1647
6,2216
7,2552
1,455
10,2285
4,1152
4,1458
5,1823
1,530
1,369
1,354
1,395
3,1134
8,2713
10,3403
5,2151
5,1229
3,1088
1,482
6,1394
9,9230
4,1270
6,1980
1,600
1,260
1,412
1,395
7,2332
10,19015
4,1237
5,1557
5,1139
6,8616
1,424
10,2331
5,1323
7,1757
6,1531
6,13500
1,373
1,542
4,1344
10,3442
7,12096
7,2773
1,551
10,2132
5,11067
4,1508
10,2112
1,340
9,3131
5,1561
1,673
1,274
1,361
7,1930
10,3319
2,8720
7,2391
2,945
1,306
3,1178
1,794
10,3299
6,2301
4,1356
2,833
1,329
1,452
7,2310
4,1265
3,1143
3,856
3,7686
1,997
1,316
6,1936
1,546
4,1159
2,838
7,2417
10,2710
1,297
1,342
10,3486
4,1379
7,2535
10,2195
10,3606
1,509
1,380
3,1032
1,14478
10,2406
10,3012
5,1773
7,2281
1,417
1,357
10,3229
7,2545
10,4013
10,3458
10,3487
1,464
1,278
8,11704
3,1119
10,2891
5,1585
6,2001
3,635
1,510
1,420
10,3255
8,2545
1,1139
10,2551
10,3240
3,1160
1,285
5,2020
1,363
10,3394
7,1706
6,1850
10,2551
1,643
1,310
10,3185
6,1500
6,4157
10,3339
3,1076
2,1066
1,386
2,823
1,376
10,3685
6,1776
1,387
6,1416
1,326
10,2874
3,1114
6,2122
2,1286
1,419
3,1221
1,341
1,372
7,2287
1,387
10,2132
3,907
1,590
3,689
10,2439
6,1920
10,16155
6,1883
1,1018
10,3248
7,2595
1,531
1,528
3,972
10,2239
6,1201
3,779
1,317
8,3100
7,2203
7,4324
3,1331
10,2372
3,1730
7,1696
6,2175
1,589
1,333
3,1119
2,814
10,3319
10,3147
1,524
10,3045
3,1161
3,708
6,7661
4,1562
8,2516
9,2252
1,827
1,546
1,309
1,328
3,998
10,3174
10,1999
1,475
3,806
10,2676
10,3100
2,706
7,2053
4,1069
1,673
10,7344
2,767
9,1940
6,2071
10,3247
10,3023
3,778
1,344
7,2471
3,911
10,3066
5,2475
3,815
9,3106
1,747
1,559
1,396
10,2815
4,1439
10,3602
4,1496
4,1287
3,927
1,371
10,7043
4,1328
4,1908
10,2373
6,2511
1,262
1,515
4,1326
10,2022
4,1512
8,2715
1,525
7,1556
1,426
1,265
10,3396
3,1008
1,601
6,1546
10,2990
1,528
1,653
1,605
10,3117
7,2346
7,2485
1,403
7,1800
1,315
1,455
3,1177
10,3271
7,2577
10,3479
8,2791
1,477
1,459
2,1068
1,484
7,2337
10,18467
1,466
10,2230
1,295
1,508
7,2497
7,1854
8,1840
10,2493
9,3393
1,331
1,421
6,2087
10,2910
9,2934
7,1691
1,336
4,940
1,371
4,1362
7,2455
9,2535
4,1455
3,1329
1,569
1,526
1,509
1,555
10,2984
4,1338
1,575
1,413
10,2104
10,3045
1,309
6,2079
10,2235
6,1598
7,2130
1,287
1,427
1,446
1,425
1,456
5,1213
1,1059
1,383
6,1192
5,1830
1,402
10,2940
10,2169
8,2206
4,1131
1,408
1,340
1,505
8,22839
10,3505
1,518
2,753
1,413
10,2169
2,841
7,2226
10,2275
1,382
5,1627
1,710
1,375
1,315
1,570
9,3198
5,1729
1,361
8,2664
1,532
10,2629
7,1739
1,360
10,2117
10,2250
6,2115
1,490
7,2505
10,2570
1,492
6,2037
10,3101
6,1624
3,798
1,284
1,291
7,1543
1,328
10,2134
1,339
9,2876
1,381
1,358
10,2300
4,1303
8,4768
7,1594
1,409
10,2632
1,413
1,242
10,2352
1,291
10,2045
10,2168
2,666
1,488
2,658
5,1225
1,540
6,15278
9,2881
1,445
6,1588
3,1283
1,291
6,1497
1,385
10,2842
10,2717
1,391
1,249
1,353
10,2587
1,652
3,2056
10,1994
6,1463
3,1286
7,3908
1,263
8,2011
10,2291
4,963
9,2977
1,358
1,516
1,417
7,2091
2,1274
5,27474
10,2080
1,509
1,570
10,3579
1,254
3,1021
10,3332
1,460
1,494
1,259
10,2258
1,371
10,2544
9,2834
5,1689
5,1686
1,412
9,2368
10,3245
1,245
10,2663
6,1273
1,513
1,393
1,270
1,223
1,332
5,1249
9,3142
4,1643
3,3360
1,470
1,461
10,7282
1,265
4,1058
10,2453
1,277
1,288
4,922
1,234
1,494
10,2994
8,2559
2,1058
7,1892
1,538
1,543
3,1177
1,232
10,5802
10,3070
1,410
1,249
1,264
1,229
4,1194
3,923
10,3339
3,1150
1,327
1,514
8,2650
7,3848
1,262
9,2029
4,913
1,345
1,222
1,323
1,348
10,3105
1,495
9,2749
1,492
1,310
1,260
1,751
10,3098
6,1362
10,2191
10,3081
1,309
1,243
1,273
10,2864
3,1028
1,730
8,5326
3,1349
1,289
5,1321
9,9360
6,2584
1,279
10,3293
10,2491
1,342
1,245
1,415
10,3529
10,3208
6,2163
2,692
6,1945
1,651
10,2410
1,433
10,2779
4,975
10,2357
4,991
1,319
1,639
1,297
10,2123
10,2857
10,3408
10,2882
6,2563
1,587
2,456
1,678
1,515
10,2292
10,2884
10,2980
1,337
1,339
1,247
10,3225
1,603
1,456
3,1015
4,1557
1,469
4,1308
2,963
2,776
10,2500
1,562
6,1707
1,480
1,318
3,751
10,2882
7,1995
7,1500
10,2174
7,2130
1,361
10,2694
1,606
5,1783
10,2604
10,3744
10,2190
10,2432
10,2397
10,2719
10,2393
10,3423
3,1229
10,2519
7,2116
1,489
3,746
7,2043
1,344
10,3465
1,350
7,1611
10,2924
10,2899
10,3203
10,3150
9,2623
6,12249
10,2369
9,2909
1,672
10,3138
1,650
4,1348
6,1457
1,238
7,1610
6,1546
10,3202
10,2083
10,3419
5,1284
5,11744
1,355
4,1124
1,323
8,2609
1,487
10,3677
6,2180
1,291
6,1885
10,2233
6,2003
1,396
6,2272
10,2513
3,2441
10,3396
5,1785
3,1055
10,3168
1,377
8,2222
10,2432
1,423
10,2484
6,1650
10,3226
10,2478
10,3406
10,2598
8,8681
7,1735
6,1768
10,3206
6,1782
4,1030
9,3539
10,3049
1,362
4,1393
10,2928
10,2892
7,1522
7,2354
7,1789
8,40941
1,435
1,567
5,1625
7,2425
10,2635
5,1419
4,2074
1,372
1,426
10,2132
10,3054
9,2681
10,2194
7,2069
5,1621
9,2080
1,434
10,3060
10,2542
5,1561
8,2489
4,1414
1,266
1,524
4,1220
4,1354
7,1626
10,2546
10,2080
4,1263
1,246
1,460
10,3259
10,2971
10,3658
9,2824
2,980
1,299
3,1069
4,1532
5,1528
10,2277
4,1377
5,1791
1,532
10,2153
1,2008
5,1852
6,1846
10,2275
1,534
7,2630
1,440
1,365
3,6217
4,1037
10,2381
3,1393
10,3220
1,577
1,257
5,1774
10,3146
10,2434
10,3188
1,524
3,1036
6,1339
3,996
7,1668
7,2387
10,2951
1,512
10,3195
1,514
1,293
1,455
6,2181
10,3143
1,533
1,371
6,1999
1,301
1,363
10,2964
5,1724
10,2146
1,272
1,518
1,838
1,257
1,325
1,612
10,2983
5,1356
1,337
10,3128
10,2138
1,605
10,3187
10,3286
7,1389
1,364
3,1064
1,506
1,243
10,2165
2,556
4,1066
9,2865
1,400
10,3139
6,1565
1,483
8,2644
2,737
3,948
1,368
3,1756
1,974
1,313
1,277
1,464
1,383
1,389
1,411
1,503
4,1599
1,354
10,9591
10,3491
10,3372
1,367
1,1257
1,615
1,279
1,234
8,2943
10,2344
3,923
2,591
1,445
10,2655
1,444
10,9346
6,2098
10,3109
1,326
1,753
9,11518
1,242
1,238
3,1036
1,255
9,1936
1,252
3,959
10,3191
1,309
3,1142
10,2260
3,1142
1,507
1,599
3,1452
1,308
1,238
4,1017
1,291
4,927
1,236
8,2495
7,2155
1,412
7,6499
3,1453
1,581
1,366
1,675
1,362
5,1338
7,1721
10,2193
1,269
7,2478
1,269
4,1306
4,1321
10,2983
1,429
8,6000
1,619
1,433
1,538
1,511
4,962
3,773
6,2198
1,411
10,3036
1,277
1,544
10,19058
3,1263
1,480
1,522
1,472
1,358
1,597
1,540
10,2350
6,1349
9,2847
1,347
10,3447
1,400
1,474
3,1021
7,2204
1,623
1,513
1,506
7,2720
1,644
1,429
7,1879
10,2411
8,2588
1,269
7,1399
10,3149
1,499
5,1792
10,3567
1,478
1,397
1,579
10,3249
1,15137
2,839
5,1839
6,1719
9,3402
1,252
10,2036
10,3155
7,2328
7,6281
10,3504
1,565
1,523
1,41968
8,2846
10,22999
9,16090
6,2557
10,3670
2,765
1,460
7,1747
10,2387
1,373
10,3425
3,1242
2,883
1,506
1,552
10,3267
1,568
1,402
10,3194
3,1369
7,1614
1,257
1,530
9,1986
10,3271
10,3402
7,2833
1,458
1,1032
1,578
10,3310
1,586
6,2293
3,948
4,1602
4,1008
10,2591
1,579
1,312
1,462
10,7501
10,3906
1,512
1,510
1,491
10,3189
6,1442
1,2043
10,4307
7,2740
1,343
4,896
6,1921
10,2108
1,461
3,3651
1,500
1,458
6,2103
1,344
3,834
1,522
1,4079
5,1930
4,1113
1,342
6,1319
1,1423
9,3198
1,418
10,30865
6,2197
1,381
1,362
1,483
2,749
8,3028
1,478
1,619
10,2467
10,2785
10,2139
3,2774
10,2940
1,432
5,1403
2,1054
1,531
1,479
6,3856
5,2496
5,1963
7,2598
10,3431
10,2611
1,325
6,2079
1,526
3,704
8,2457
10,3764
1,515
6,1841
1,417
8,9794
7,2524
6,11341
1,1003
8,1959
6,2348
1,262
6,1936
1,496
10,3361
2,896
1,377
1,481
2,880
2,827
1,590
2,957
4,1442
8,4506
1,358
10,2983
1,241
10,3183
3,952
4,1099
1,453
1,406
3,1062
1,493
1,257
10,23339
1,378
8,2800
4,1776
5,1721
10,2201
1,299
10,3134
1,581
10,3063
4,1135
1,587
8,2960
8,2794
4,1503
8,2804
1,530
4,2187
5,1743
5,1795
10,2542
1,308
4,1570
1,549
10,2675
1,386
1,490
4,965
4,1286
1,564
5,1807
5,1800
5,1758
8,14577
6,1929
4,1053
1,253
4,1508
1,638
7,1490
2,821
1,440
9,2102
10,3913
8,2201
4,1354
8,2729
7,2583
2,851
8,2436
10,2174
1,281
7,2568
1,852
7,1820
4,920
1,419
4,1051
4,4758
4,1781
2,868
3,1067
1,352
1,485
7,1742
1,370
1,244
7,2559
1,612
3,1535
8,2345
1,409
9,3192
8,2233
9,3422
8,4984
3,730
1,539
1,613
2,906
1,250
1,518
3,1057
5,2024
6,4806
8,1936
1,269
8,2775
8,3070
8,2747
5,2050
9,2933
4,2321
4,1513
1,504
1,343
3,747
10,3391
2,33955
10,7604
9,3012
1,442
9,3268
9,2690
6,2324
1,444
9,2579
1,583
3,1148
8,2699
1,255
10,4971
10,3312
10,21388
1,621
6,2223
1,425
1,357
2,686
10,2876
1,471
8,6425
3,1259
4,1276
1,711
1,281
10,2653
10,3281
8,23398
1,668
9,2276
1,417
1,356
6,1743
9,2964
10,3357
9,5225
2,682
4,1483
1,628
1,279
9,2280
3,1271
1,20149
1,478
6,1637
1,533
1,303
2,934
2,932
1,496
2,720
2,924
10,7859
4,1491
1,306
1,510
3,1417
5,1805
1,572
2,663
6,2548
2,807
1,711
10,2205
3,1052
7,2157
6,4618
9,3271
5,9065
1,465
7,2086
7,2444
6,3295
1,18536
10,2338
2,888
1,299
3,810
9,2053
2,630
1,379
7,2131
3,1182
1,351
1,337
9,2105
1,525
8,3038
1,554
5,1676
9,3521
1,322
10,2233
3,699
3,1101
1,542
3,16578
10,3623
3,1130
1,329
3,862
10,3384
8,2749
1,653
10,2143
8,2590
7,2585
10,2835
10,2051
5,1990
1,501
1,711
6,2172
1,386
10,3432
10,2266
1,513
2,8412
1,556
10,3702
3,1007
1,569
10,3220
10,3626
6,1992
1,293
1,543
5,1678
1,503
5,1962
4,1234
1,2898
4,1553
1,580
1,555
4,1672
6,2315
10,3024
6,1371
2,78249
1,301
9,10919
6,10569
1,699
10,3817
10,2895
1,591
7,2838
1,496
10,2367
9,2857
1,308
9,2911
1,560
7,2416
1,237
1,22117
6,2184
1,485
10,2318
7,1868
1,490
1,552
5,1643
1,491
10,3445
1,336
10,2300
10,2551
2,8771
1,320
1,551
1,365
1,392
10,3204
10,2411
1,528
3,1385
5,1658
1,675
2,700
1,290
7,2460
7,2679
7,11568
1,255
2,7345
1,396
1,564
7,1973
7,1477
1,430
1,622
10,2973
10,3172
8,9748
1,258
1,448
4,1359
1,749
1,256
1,10984
1,526
1,390
10,2952
7,1587
1,453
2,933
1,399
1,310
7,2306
10,2432
1,281
1,507
7,2272
1,574
1,517
3,1130
1,404
5,1769
10,2200
1,404
3,1007
4,791
1,273
3,1075
3,1174
1,640
1,351
1,470
1,249
8,19533
1,388
3,1101
3,1136
6,2041
1,420
1,397
6,1452
1,351
10,3228
10,3425
1,492
1,336
4,1331
3,685
5,21044
1,492
2,786
10,3635
3,1172
1,509
6,1988
6,12716
1,256
10,2634
10,3281
1,394
1,257
6,3082
10,2084
1,416
1,757
1,4617
7,2466
3,1241
6,2035
2,733
4,8522
1,355
10,2830
1,382
1,374
1,323
1,485
10,1976
7,22815
5,1713
2,760
7,2734
1,631
1,626
2,643
2,7578
1,238
10,3258
10,3237
1,314
1,260
1,426
10,3189
8,63941
1,450
1,305
3,10273
1,594
1,582
3,972
8,15826
1,273
1,423
7,1678
1,260
1,237
8,7202
10,3192
1,636
1,513
7,2411
10,3982
1,469
8,2429
1,340
8,47751
1,288
10,2880
9,2761
1,248
1,337
1,420
10,3621
3,39126
1,382
7,2497
10,3232
6,4256
4,1562
1,495
7,15886
5,1637
7,2443
4,1151
1,234
1,245
1,406
7,2415
8,3240
1,523
7,2267
3,1473
1,4898
9,2376
1,619
1,424
9,2994
9,2840
10,2339
10,2647
1,241
2,8832
1,392
1,354
1,415
7,7509
3,1591
1,582
4,1439
7,2348
1,281
10,2380
1,361
4,1047
10,2677
10,3475
2,626
10,2334
1,489
1,453
8,2470
7,2676
1,465
8,2467
7,8997
2,751
4,1060
1,258
10,3047
7,1620
4,1235
1,328
9,1901
1,424
4,1387
5,6978
10,3454
1,401
9,2418
1,467
1,468
10,2564
1,271
7,1441
10,2534
10,2126
1,359
4,1634
1,426
7,2307
2,766
1,530
1,767
9,2897
4,1532
3,1039
10,2444
1,455
10,2973
10,3436
10,2921
1,370
10,2454
4,2395
10,7572
2,773
1,516
1,473
2,704
7,2528
3,944
7,1972
1,696
7,2154
10,2498
7,1475
1,349
7,1767
4,1623
5,1767
1,308
1,507
1,422
6,2010
8,2613
2,709
10,2648
1,274
6,1305
10,3244
10,2265
1,369
7,2271
3,3367
4,1463
3,978
1,463
4,1332
2,537
7,2593
2,915
10,3202
1,294
10,1964
3,1565
6,2205
1,454
10,2253
2,781
6,1909
1,430
1,523
1,328
3,830
5,15499
3,959
6,2811
1,426
6,3461
1,694
10,5210
1,482
10,2635
10,3494
6,2117
4,1474
1,482
1,430
10,2828
1,2031
8,2803
3,2906
1,318
3,1129
5,1999
3,1083
3,1027
6,1515
3,1135
7,2306
3,1177
1,449
8,2052
10,3176
1,1728
7,2419
5,2113
1,256
1,477
8,2604
2,1210
4,1455
3,1230
6,2307
4,1480
4,1269
1,403
10,15678
10,3090
1,511
7,2352
6,1745
7,1752
3,1167
5,1734
6,2116
3,1247
3,1245
5,1729
6,2092
2,2079
6,3242
6,1981
10,2725
1,478
8,24087
8,2631
6,1537
1,497
6,1872
1,488
9,2991
1,564
6,3275
2,897
8,3033
1,527
8,2669
1,370
1,407
7,2481
1,328
10,2998
1,422
7,2984
5,1670
5,3663
1,671
10,24873
4,1206
10,8245
1,598
2,713
10,2439
1,416
1,553
2,14102
3,894
1,432
5,2389
10,13900
10,20162
1,589
3,1234
1,463
8,2563
2,775
8,12300
7,2182
10,4107
1,642
1,417
10,2631
1,442
1,4769
1,401
10,3284
1,458
2,758
6,2104
10,12281
1,416
4,25201
1,461
2,1241
1,555
1,480
10,2345
1,508
8,4862
4,1419
6,1930
1,488
4,1431
6,1956
3,1019
4,1374
1,322
1,249
1,676
6,2357
1,411
7,1613
1,495
10,6870
4,1364
5,1845
1,374
1,897
4,993
3,2570
3,864
1,539
1,269
4,1466
1,421
5,3192
4,950
1,433
1,536
8,9084
1,604
1,366
7,2270
6,2292
6,18020
8,2619
10,19652
1,251
4,1576
5,2068
5,2668
10,3594
1,288
2,698
7,2212
4,1495
1,319
3,1372
9,3222
5,3056
4,1365
4,1416
1,238
9,3032
1,605
1,337
3,1578
1,342
1,928
5,1607
1,514
1,385
10,4759
10,3405
6,1965
10,2725
2,737
1,287
6,2020
1,557
6,1914
1,483
8,3574
4,2211
9,3083
3,1172
6,1727
6,2103
4,1060
1,6841
8,2587
1,15274
1,367
6,2247
2,797
1,452
6,1939
5,19420
5,1853
1,433
4,1452
1,377
6,2063
4,1194
2,809
9,2582
2,830
1,481
3,970
1,428
1,354
7,2437
1,535
1,470
6,1899
7,2323
10,3783
8,5436
10,3271
1,385
6,1870
7,8584
1,470
10,9690
1,619
4,1697
10,3300
2,651
1,546
1,495
3,797
1,1071
1,489
6,1789
1,481
2,670
3,978
1,291
5,21704
1,360
8,2861
1,409
1,477
1,488
1,482
7,2168
8,1985
5,1715
1,580
1,584
7,2122
2,715
9,3259
1,535
2,3612
1,411
4,1364
6,1988
1,495
1,299
10,3205
1,345
7,2393
1,367
7,2293
3,1237
2,618
5,1284
4,1417
1,538
1,581
8,3052
5,2002
1,483
1,481
5,1651
6,1975
1,383
1,284
1,497
7,2449
7,1990
10,3112
3,1476
1,520
1,628
6,1630
8,18599
2,645
10,3349
6,1525
5,1654
7,3725
1,277
1,526
10,2914
7,3517
4,842
4,1661
1,521
2,1052
4,1350
4,7017
1,533
1,430
6,2026
3,1042
1,486
1,375
1,499
10,2890
6,1987
7,1535
1,387
1,558
8,2867
3,1176
1,329
10,4528
1,459
6,2026
2,608
1,492
1,268
1,620
10,3474
3,1002
10,2013
3,1138
4,1595
1,370
8,2801
1,352
1,410
3,988
7,2388
8,49700
1,533
1,273
4,1612
10,2937
1,576
5,1757
7,2143
3,1477
5,1836
6,2028
5,1529
1,461
1,431
2,877
4,1295
1,512
1,243
1,374
1,404
1,317
10,2235
10,3564
6,2124
4,1482
1,492
5,102744
3,1055
1,432
1,551
5,1647
1,394
1,344
1,524
10,3361
1,328
6,6456
6,2102
10,3380
1,6765
1,523
2,665
1,337
1,439
1,445
1,455
2,782
1,422
3,1273
9,3160
1,342
10,9038
1,3095
8,6372
6,12799
4,1284
3,899
6,1915
1,494
4,7486
1,450
6,14579
2,683
1,544
1,721
7,3079
3,1341
1,409
10,3403
1,469
1,491
1,279
3,997
2,651
1,6567
7,2120
4,1216
10,2373
2,816
1,344
5,1552
1,1914
6,2149
3,1199
4,1145
1,358
8,111563
2,907
1,326
5,10413
3,1174
1,464
10,2227
10,3239
1,360
1,2229
6,2678
8,5156
6,2074
2,627
1,439
10,39515
7,2458
6,1771
1,571
7,2233
3,1135
5,1166
4,1396
1,376
1,705
10,3315
6,1902
5,1821
2,731
1,460
2,733
2,18535
1,506
1,546
2,805
1,350
10,2191
6,5163
1,266
8,2733
8,2693
1,559
2,801
4,1305
1,491
1,450
9,2954
2,681
4,1219
3,979
1,382
10,2169
8,2682
1,228
1,482
1,364
1,496
4,2855
3,1036
1,362
7,2441
4,1306
4,1578
1,651
2,729
2,886
8,2805
7,3555
1,224
1,595
6,2277
7,1824
3,1035
2,753
1,430
7,57570
5,1759
7,2115
1,546
1,449
4,1177
5,1865
7,2212
1,456
1,355
4,1570
7,2446
4,1466
7,7297
1,492
2,615
6,4259
7,2323
1,430
6,1882
4,1068
10,2185
6,2000
1,254
2,907
8,2670
1,397
4,2156
6,2092
10,3552
1,333
8,2522
2,9571
1,423
3,1021
6,3049
10,2210
2,621
1,233
1,435
5,10156
1,442
2,1282
7,20618
1,498
3,949
1,541
1,348
1,456
7,2503
4,1545
2,864
4,1303
10,3565
1,453
1,488
4,1506
7,2379
8,9386
1,1792
1,464
2,745
1,324
4,1360
2,842
6,2043
10,2499
1,468
10,3332
3,1169
2,1622
1,442
1,447
2,718
1,356
1,321
1,568
4,10557
3,832
7,2486
4,1658
10,3437
6,1499
7,2185
4,1569
8,2907
1,597
3,1154
6,24633
3,1047
7,3328
10,5083
1,345
6,2219
4,1429
10,3532
10,3081
6,2134
10,3072
5,1792
1,503
2,2522
10,2800
5,6097
7,2246
1,318
4,1384
3,113701
6,2311
8,2822
10,4444
10,3494
5,1206
7,1908
4,1400
4,1363
1,356
6,1629
2,1015
2,962
8,3170
4,1334
8,2331
6,2136
6,6497
6,1646
8,2825
6,1698
10,2491
2,628
5,1711
1,1636
6,2112
1,522
6,2266
5,5384
2,730
7,26396
7,1894
5,2004
2,617
10,2165
9,3074
10,2382
8,2915
1,425
4,1580
5,2092
1,528
1,384
2,5301
3,1165
7,31443
10,3392
2,869
10,3293
1,396
4,4626
3,1291
3,1074
1,587
2,728
8,2581
4,1409
8,2598
1,367
9,2858
6,2063
4,1570
1,597
10,2309
1,313
10,6135
3,9930
6,1969
1,464
10,2660
7,2336
2,1067
7,2311
2,1609
10,3437
4,1395
4,1422
1,539
9,2569
1,259
10,3280
1,614
10,3069
1,374
3,1241
1,505
3,1451
3,1202
1,336
8,2900
3,954
10,2637
1,460
4,851
1,271
4,7076
10,3337
8,2414
1,380
6,1690
7,8165
4,1410
4,1956
7,32673
3,1179
8,2508
10,2349
1,346
10,2849
1,266
5,1220
5,1594
6,1878
7,5774
6,2465
1,840
1,467
8,2602
1,449
1,494
10,3178
2,567
1,691
8,2792
1,270
10,2539
8,13428
2,905
1,2208
4,1048
1,606
1,460
5,3747
7,32654
6,2083
6,9919
10,2245
1,491
10,7102
1,282
1,387
6,1955
3,1334
1,747
7,2376
1,589
10,4127
2,810
1,420
1,452
6,1826
5,1461
1,366
10,3110
1,240
1,299
8,2682
4,1461
1,472
4,1197
1,420
1,442
1,406
1,365
5,1705
10,3160
10,2156
1,434
1,625
1,283
1,277
1,545
3,1083
1,438
4,1183
1,574
8,2445
1,503
1,480
6,14729
5,1470
4,933
1,398
1,701
1,261
1,254
5,1762
1,361
1,385
10,2756
2,917
3,1013
4,1369
3,981
1,476
2,750
10,3736
1,316
1,300
5,1459
1,331
5,2802
7,2165
1,468
6,2100
3,1382
1,461
4,1403
1,475
1,451
4,1223
8,2617
1,578
1,242
10,2784
1,400
1,429
10,3350
1,460
10,2470
1,626
6,2184
3,1305
5,1611
1,377
1,470
5,1765
1,621
6,1476
10,2179
1,264
2,805
6,1965
3,1081
2,1172
1,430
10,11325
10,3532
4,3501
1,2983
1,430
10,2857
1,525
1,301
5,1184
1,265
4,1493
6,1945
7,3373
5,1079
2,677
5,1591
9,2834
4,1230
1,416
1,470
6,1304
1,1046
1,337
10,3718
1,255
8,40090
8,2474
2,4968
9,2054
1,446
8,4741
5,6801
3,1016
1,383
3,744
1,399
4,1580
1,349
10,3328
1,325
1,13831
6,2082
3,1117
4,1211
1,452
1,327
6,2293
4,19041
3,1041
1,433
1,298
4,1370
1,225
5,1944
2,644
5,13935
7,2429
8,2693
10,2090
2,661
6,2051
3,939
10,5163
1,436
1,419
1,283
3,1026
1,243
5,1792
10,3252
1,414
7,2142
2,766
10,2710
4,1096
1,385
6,2081
3,2753
1,523
1,424
1,252
5,1592
1,238
10,2928
10,2934
1,408
5,1572
7,10164
10,2917
6,1569
1,443
5,1784
10,4934
1,363
1,354
1,255
10,3575
1,326
10,7540
10,2509
1,420
4,1322
3,1161
8,2680
4,1821
1,446
10,5197
6,2985
1,460
1,634
1,255
9,7407
10,2292
10,3421
10,3168
1,436
1,362
5,1653
5,1041
10,3543
1,440
1,489
6,3957
3,967
1,429
1,413
3,1029
10,2732
3,1055
8,2506
10,3237
1,447
7,2416
1,249
6,5786
1,417
1,540
5,1709
7,2298
7,2267
1,279
6,1941
2,717
10,2939
10,2711
3,1080
1,353
8,4740
1,538
4,1068
2,1039
5,1849
3,1165
10,3387
4,1409
1,341
6,1879
10,2205
10,3351
10,2622
1,336
1,379
2,643
1,324
8,19506
6,1680
1,408
4,2281
6,2005
1,325
1,348
5,1502
10,2964
7,2903
10,2475
1,447
2,735
1,359
1,257
6,2235
4,1653
1,535
1,511
5,1634
4,4401
10,2508
1,468
8,1760
10,3534
3,935
1,448
1,2613
2,655
1,365
10,3440
1,599
1,571
7,2295
6,1808
10,3406
10,2137
4,1696
10,2330
2,882
10,3378
1,401
1,446
1,464
1,386
10,2819
3,1656
1,589
3,1065
7,2421
4,1326
10,2135
4,3970
5,1237
1,550
10,3173
1,392
4,1043
4,1515
1,375
2,703
10,3720
1,761
2,746
7,2227
6,3505
2,421
3,1453
10,2386
1,1174
10,2175
1,451
1,349
4,1401
1,525
10,2171
4,1539
3,1004
10,3321
4,1432
6,1946
10,2272
6,2125
10,3148
1,487
7,1691
1,421
1,352
3,1141
1,614
10,1988
5,1805
2,756
1,462
5,1649
7,33438
8,2027
1,476
10,2848
1,507
10,2829
2,660
1,485
9,4045
1,287
10,3652
6,2024
1,471
6,1858
4,1581
6,40018
10,2426
7,2260
8,2563
10,7138
1,628
5,1637
2,508
10,3284
6,2163
9,2531
6,2258
1,523
6,1962
2,592
6,1635
10,2378
4,1434
10,3070
1,409
10,3533
7,2285
1,403
10,3229
1,391
10,3637
7,2903
1,397
1,335
1,292
4,1364
5,1106
10,3332
10,3171
1,608
1,474
7,2362
5,1760
3,6127
2,746
10,3543
7,2565
1,490
7,2302
4,1040
3,1037
10,2510
5,1586
5,1787
1,546
1,373
7,2185
1,461
6,2036
8,2860
8,3254
5,1577
4,1052
8,2591
6,1419
4,1537
5,1640
4,1441
10,3556
1,432
1,299
7,5255
6,1522
5,15868
10,3070
1,351
4,1427
1,518
7,2205
10,3441
2,743
10,2971
6,3814
1,475
1,527
1,259
3,1101
4,1400
1,412
10,3461
1,362
2,866
8,2684
6,15849
4,1223
4,1540
8,2252
7,2752
1,300
1,562
1,426
5,1668
6,1429
6,3174
10,2623
1,235
1,443
7,2122
1,444
6,1860
6,2326
10,3223
6,2089
1,355
1,478
1,393
5,1598
9,2890
5,2761
10,3472
1,239
4,1282
10,3372
1,397
9,2581
6,1962
5,1727
5,1897
1,394
2,1114
1,324
4,1423
4,1435
1,440
10,3367
1,341
6,1890
6,2015
1,488
6,2123
6,2148
5,1204
4,1356
2,642
8,2248
1,270
2,834
4,1590
1,451
10,3427
1,304
6,2135
6,1493
1,380
10,5201
6,1814
10,3066
6,2086
1,328
2,912
1,290
3,1044
6,1942
1,396
5,1677
1,302
4,1061
4,1161
3,1001
4,1298
8,2505
2,717
1,508
1,318
8,2123
5,1337
2,796
10,7376
4,1414
5,1799
1,493
1,311
7,2503
4,1236
6,2018
10,3901
1,546
1,417
1,382
9,2046
10,7364
1,421
10,2382
1,483
10,2446
1,482
1,382
4,1591
1,617
1,421
4,1386
1,391
2,666
1,438
8,2887
10,3749
6,1392
2,490
1,566
8,1878
1,597
1,409
6,2200
1,477
4,1122
4,1334
1,265
1,379
1,479
8,2729
10,3362
4,1048
5,1110
1,540
10,6309
1,295
6,1385
2,834
1,424
1,355
10,4886
1,374
1,440
1,390
8,3074
10,7913
3,1082
10,2265
1,432
10,2668
2,576
1,269
1,437
1,562
1,471
1,502
1,259
1,402
10,2161
1,377
5,1589
9,3175
9,1825
1,534
10,3241
10,2603
1,466
4,1097
4,1382
1,378
1,422
1,253
1,307
3,1293
10,3409
10,2376
10,6142
4,914
1,508
5,1705
10,2879
9,3199
6,2309
2,575
1,334
1,382
1,286
1,260
10,3449
1,541
10,2666
5,1561
10,3424
3,2367
5,1841
10,2193
1,416
5,1395
7,1690
1,345
1,300
1,300
1,247
10,3972
2,837
10,3361
6,4262
10,3513
1,346
1,443
10,3357
10,2823
4,1439
4,1631
1,372
1,281
1,264
1,260
7,2439
10,3216
3,1075
3,944
8,6661
4,1391
1,379
8,1895
1,295
6,1879
4,1368
1,314
1,324
1,338
1,460
10,4079
8,2626
10,3535
10,5165
5,1701
1,501
1,433
10,2448
1,430
10,3113
5,1553
1,443
1,261
10,3210
4,1341
2,943
3,1309
10,4000
5,1871
1,607
3,1065
1,371
10,2331
1,430
9,5939
10,3639
1,351
1,258
10,4780
3,783
10,3745
10,3402
10,2358
1,452
6,1685
7,2337
1,346
5,1838
1,464
4,2128
6,12587
2,543
1,280
3,923
6,2368
1,710
10,3538
7,2651
4,1413
1,404
6,2099
1,240
10,2156
4,1112
5,1769
10,3218
10,2617
1,347
10,2209
4,1630
9,3214
6,27282
1,556
1,450
10,2580
6,2247
1,268
10,3476
4,1331
6,2169
6,2168
5,1064
2,602
10,3337
6,2181
3,1086
10,13598
10,8358
1,462
1,257
8,2650
2,563
10,3393
10,3119
10,3388
5,1776
4,1114
10,2476
1,327
6,1680
2,586
4,1373
10,3954
3,1060
1,269
6,1728
1,337
10,3197
6,1478
1,391
2,825
10,3333
5,1088
7,2340
7,2528
5,1204
2,2486
1,439
1,406
1,350
7,2632
1,251
10,3666
5,1275
1,574
10,2414
8,2525
10,2147
9,3079
10,2785
8,2790
7,2335
1,706
1,526
1,367
7,5181
1,557
10,2709
2,619
1,404
5,1220
10,6674
9,2100
8,2858
4,1262
8,1964
1,518
1,523
1,644
1,446
4,1614
3,923
5,1564
5,1273
1,368
10,2048
5,1857
8,2470
2,1004
4,1603
8,2831
1,554
1,567
1,591
1,499
2,1094
7,2678
1,699
10,3162
1,268
4,1172
10,2492
10,2363
10,3391
6,2375
1,677
1,408
1,486
1,475
1,289
4,2714
10,3409
1,478
4,930
1,286
10,3046
6,1393
5,1344
1,652
10,3041
1,509
1,403
1,513
1,507
1,245
2,906
10,2920
1,437
10,2048
1,366
10,3417
10,2195
10,2134
3,987
10,2913
7,2075
4,1416
1,536
1,337
1,334
4,1527
10,3460
1,371
10,2247
1,398
8,2587
2,697
1,313
9,3508
2,776
5,1720
1,344
1,389
4,1374
10,2246
3,1165
10,2992
1,334
8,2693
1,335
10,2726
10,3405
10,2327
2,853
5,1179
10,2644
1,322
1,609
1,416
10,3403
6,1759
10,4908
1,264
10,2946
1,405
5,1493
10,2257
10,2350
2,671
10,2250
1,303
1,282
2,769
1,449
10,2356
4,1940
10,3365
1,309
6,1696
10,2532
1,479
10,2725
10,2332
8,2620
8,2952
1,420
1,271
1,413
2,812
10,3012
5,2104
2,615
1,416
10,2597
10,2165
1,386
10,2991
2,827
8,2194
10,3267
1,438
1,319
9,2795
7,2293
10,3295
6,2028
2,767
1,426
2,779
2,729
6,1399
10,2977
10,3493
10,4157
10,3262
8,3382
1,286
6,1882
1,453
5,1823
4,1428
3,1490
1,333
10,3154
5,1118
1,251
8,3129
10,2269
7,2285
5,1637
2,777
4,1457
8,2593
10,3261
10,3276
7,2197
2,743
10,4981
10,3553
10,2220
1,242
1,396
6,1977
1,494
10,3192
1,341
2,787
8,2441
6,1986
5,1672
10,3446
5,1500
10,3513
10,2650
10,3418
1,263
1,282
8,2488
8,2769
1,587
1,435
10,3731
8,2925
6,1902
10,2957
5,2211
9,3036
3,4971
10,2282
8,2967
1,277
1,322
4,1225
1,358
1,301
1,436
6,2588
10,3336
9,9713
10,4272
10,3961
8,2877
10,3588
1,465
5,1799
1,321
1,356
1,361
1,262
1,222
1,345
8,2952
1,546
7,2348
8,1956
1,349
8,2885
1,451
1,240
10,3200
1,247
1,357
1,283
1,272
1,232
1,439
8,2715
4,1458
8,2616
10,3335
6,1759
8,3325
10,3749
1,246
10,2230
1,240
1,388
1,277
1,350
1,247
1,323
2,944
2,821
4,1485
10,3199
1,506
1,624
7,2449
1,252
2,557
1,365
1,743
1,275
1,342
1,232
1,529
10,3610
1,537
5,1601
5,1415
1,491
1,439
9,3461
1,234
10,3732
10,2646
1,379
1,334
1,360
1,301
10,2119
1,823
10,3421
2,930
5,1635
1,308
7,2386
10,4037
1,254
10,3190
10,3884
1,353
1,247
1,276
1,229
10,15963
2,1485
6,1936
4,1166
2,602
1,278
1,320
2,1221
1,248
10,2844
2,478
1,338
1,259
1,281
1,237
10,3540
4,1784
7,3058
3,926
1,495
1,252
1,354
10,11162
1,218
10,3206
10,3224
5,1697
1,240
1,301
1,247
6,2125
1,19406
10,8766
6,1846
10,3364
1,243
8,2467
1,5717
1,257
8,2047
10,3395
10,2539
1,308
1,226
10,2180
3,1116
2,19703
3,1309
5,1591
1,530
1,487
1,636
9,2618
1,246
10,3012
8,1738
5,1475
1,324
1,270
10,2242
10,3680
9,30148
10,3651
4,2119
1,278
1,357
5,2016
5,1766
8,1893
1,515
10,2786
8,2567
5,1140
10,3335
2,533
4,1532
7,22054
10,3803
6,1599
1,371
1,327
1,355
3,994
10,2855
1,400
5,1111
10,3618
10,2368
6,2140
10,2529
7,2713
8,20345
3,1124
10,3592
1,435
10,2269
1,657
8,2455
5,1912
1,262
10,2256
10,4678
5,1162
10,3420
10,3014
4,1707
2,17727
4,1478
4,1510
1,286
5,1353
1,589
8,2029
5,1238
1,291
5,1184
5,1656
10,3170
10,3388
10,2656
4,1452
6,2107
7,2313
7,2509
1,309
10,2239
1,352
8,2824
5,1822
1,299
10,3235
5,1700
10,3113
10,3588
8,1958
10,3062
3,1129
1,324
6,2028
1,263
9,2037
2,728
1,428
10,3375
1,251
8,1738
10,3521
5,1725
3,1207
10,2442
5,1937
10,3490
1,426
10,4803
1,634
4,811
1,270
5,1710
8,2703
1,239
10,2102
2,688
10,3260
4,7903
10,3187
8,3132
9,3079
1,488
1,368
1,372
10,2121
1,278
7,2401
5,1219
1,256
10,2990
1,412
5,1773
7,2681
5,1896
10,3805
3,1408
1,468
1,389
10,3265
10,2188
6,2124
1,578
10,2200
1,259
5,1901
10,2700
10,2616
4,1702
5,1174
2,802
8,2960
1,449
1,567
10,3325
5,1378
4,1500
1,471
10,22078
1,287
10,3755
3,1123
10,2819
2,824
10,2969
1,509
4,1429
1,351
1,337
10,3314
1,384
10,3290
2,890
10,4005
10,2537
5,1718
10,3371
10,3266
4,1630
5,1648
1,498
4,10250
1,311
1,391
1,390
6,1311
10,3600
1,359
2,652
10,2505
1,455
10,2568
10,3309
10,3264
10,2766
10,13919
4,1226
1,332
1,303
9,2870
10,2110
10,5111
1,456
10,2394
5,1188
1,336
10,3923
3,1097
10,3333
10,2791
5,1715
1,299
1,376
1,281
10,3256
2,763
3,1456
1,411
10,3414
5,1189
1,357
9,3048
10,3217
10,3513
5,1128
1,522
4,1216
1,386
1,313
2,1160
10,2367
10,8315
1,472
3,1355
10,3203
2,642
10,5996
10,3974
8,2622
10,2869
1,383
2,6175
8,2569
1,308
10,2913
10,3301
7,2671
1,435
10,3433
10,3528
1,283
7,2365
6,1887
8,5876
1,367
1,367
3,890
4,1413
1,320
2,628
10,3346
2,822
1,407
10,3220
5,1840
1,376
1,600
7,2542
2,725
1,443
1,457
3,869
4,1724
2,737
1,453
10,2715
4,1448
1,433
10,3001
5,1933
1,443
1,416
4,1563
6,2140
1,423
6,1911
1,543
10,3468
10,2381
3,1084
8,2835
5,1675
1,250
1,573
10,3375
1,388
1,433
1,3961
1,581
1,366
1,368
8,2442
10,27560
5,1216
9,3279
1,595
10,3168
1,509
1,411
10,3962
1,326
1,527
1,410
1,476
1,325
1,4553
1,9284
10,5706
10,3589
2,467
10,2223
7,2255
7,2578
1,588
10,9592
1,512
1,634
1,285
1,391
1,394
1,394
6,15294
6,1954
10,2447
8,3003
1,374
8,2742
6,2147
1,292
3,1302
1,323
1,525
1,498
1,385
1,334
1,437
6,2220
2,657
10,2101
8,1889
1,330
1,440
10,6128
1,268
10,2629
10,2899
1,440
1,377
1,375
1,477
1,1480
1,372
1,330
10,2743
8,2387
1,282
1,365
10,3595
1,419
10,3795
10,3344
1,370
1,286
1,565
1,530
2,857
10,7713
2,856
8,2535
8,2689
1,271
1,455
10,3310
1,382
10,3774
3,1012
1,403
1,601
1,426
1,367
4,1402
9,3027
2,666
5,1396
1,385
1,497
8,2907
3,5367
1,376
7,2425
10,2858
1,1136
1,362
1,579
10,8172
6,5672
8,5449
4,1452
10,2266
7,2244
1,328
1,480
3,1179
1,541
10,16281
7,1751
2,753
1,336
1,472
10,3111
1,633
1,535
9,3093
10,2376
8,2606
1,253
5,1635
4,1490
1,444
1,389
10,7149
10,2386
1,441
4,1430
10,3380
9,3005
1,467
1,666
2,754
2,605
1,243
2,642
7,9602
7,2286
1,718
2,622
2,728
2,815
2,649
3,1031
2,1068
7,2313
1,495
10,3407
1,309
1,244
1,365
4,1261
10,3561
1,829
10,2471
1,492
10,3681
1,320
10,7200
8,3374
2,1095
8,49530
10,3132
1,364
10,2763
1,400
10,6009
2,972
1,465
3,759
2,849
1,456
1,525
10,10547
1,409
1,376
7,49815
10,2294
1,283
5,1881
10,9102
4,1724
3,1373
1,415
1,285
8,2667
3,754
9,2388
7,2410
4,1593
1,470
4,2169
8,1985
1,384
10,3480
1,449
1,355
8,1817
1,557
9,3018
8,2650
3,1043
8,2656
9,2477
3,1315
1,453
9,5824
10,2353
1,254
10,3263
1,437
5,1503
9,2972
6,1656
2,709
8,2602
9,3226
2,628
10,3048
6,2109
1,496
4,1355
1,376
10,4349
8,2100
1,418
8,3080
2,563
1,363
6,2008
8,2975
1,388
2,17814
3,631
10,3692
1,510
3,12523
1,258
1,545
10,3466
1,365
2,856
5,1454
1,581
8,6588
10,6346
8,2014
1,439
2,668
3,21238
1,503
6,13585
1,247
1,314
10,3367
1,334
10,10504
8,3127
1,497
8,2968
8,2614
7,2252
9,10910
1,364
9,44364
3,1182
4,12213
1,248
1,329
5,1762
1,470
6,7048
7,2955
10,3045
10,3980
2,737
8,3202
6,1926
1,412
4,20028
5,1770
3,10430
1,265
1,298
2,1039
4,1410
1,529
10,2955
2,642
7,2431
1,588
7,12226
3,1066
8,2000
4,1601
5,2027
9,11282
1,235
1,621
10,3431
9,2640
5,5466
1,1567
1,478
8,6791
3,4637
10,4086
6,2142
10,2916
3,1104
6,6545
6,2473
1,334
1,408
10,3734
2,802
1,562
8,2696
2,729
1,4589
8,3460
1,358
1,671
7,2304
6,2137
10,3677
1,326
1,319
8,2639
10,3207
9,2796
9,4036
5,1663
9,3213
1,3110
10,3768
10,3322
9,3182
8,3199
3,1164
10,8667
1,388
1,275
10,2699
3,1379
3,1157
1,567
2,782
4,1135
1,488
6,2202
10,3619
4,1893
10,3637
8,2920
3,950
1,446
1,225
10,3226
10,3579
3,994
2,922
10,2877
8,2858
1,401
10,3192
6,2185
4,1509
8,2790
7,2578
5,2097
1,355
5,1777
3,1107
10,3204
6,1874
1,385
7,75847
8,2647
8,2525
2,845
7,3384
2,821
2,836
4,1444
7,5548
1,330
10,3059
10,3121
1,373
9,17860
1,503
6,68586
8,8341
1,359
7,2281
10,6291
3,1240
1,484
10,4219
5,1744
1,376
5,1699
2,735
7,2352
3,1223
4,1544
3,42782
10,3374
1,380
10,3576
10,20380
4,1465
1,496
9,6895
3,1108
1,391
10,3287
7,2397
1,400
10,3096
1,479
10,48752
1,362
1,332
10,3793
3,1117
3,1081
1,525
7,2333
7,2724
1,477
10,2883
2,859
1,314
1,534
10,83309
10,48263
2,864
4,1172
4,14475
6,4995
6,1964
1,495
2,647
1,413
4,1381
10,3049
4,1292
9,3792
7,2561
1,665
1,490
7,2759
1,601
1,408
4,1738
7,2318
1,2792
1,317
1,555
6,2935
10,2596
4,1338
1,452
4,1747
1,635
3,7393
10,15899
1,484
1,583
4,1341
8,2723
1,662
3,1186
1,573
1,1984
5,1873
5,1945
1,560
4,3879
1,550
4,1173
6,14074
2,695
1,475
1,344
7,2043
1,607
6,1936
4,1306
1,462
5,1834
10,4078
1,359
4,1467
7,2357
7,2101
10,2780
1,388
1,479
1,441
10,3236
1,609
1,341
1,364
2,1068
10,2366
8,3017
1,470
3,4000
1,497
1,324
10,3662
1,460
1,513
1,419
5,5551
1,662
1,475
1,568
3,1678
10,3372
2,1087
1,734
6,2114
1,410
10,61367
3,1123
10,2824
1,496
1,545
9,3302
1,607
3,1053
1,580
3,1215
10,3480
2,787
1,731
3,1157
2,717
1,360
10,5746
1,306
1,402
1,503
3,1100
1,526
1,307
1,475
8,2623
3,4986
8,2885
1,358
4,1562
8,2990
1,635
3,8238
10,8139
1,469
1,396
2,646
10,5808
3,736
1,530
4,5603
10,3071
10,8207
1,370
1,682
6,2134
1,415
4,3439
6,2188
1,430
1,418
1,440
6,2617
1,262
1,445
8,2821
10,3383
5,2035
10,3409
7,29163
10,3315
2,817
7,2596
10,3334
1,404
1,395
1,433
10,16926
1,1241
1,479
9,3090
7,1658
6,2927
1,425
10,3736
3,6919
1,631
1,525
3,4492
2,764
1,666
5,1565
10,45592
1,437
1,428
2,921
10,3715
1,502
2,834
9,19693
3,1074
1,464
1,458
10,2991
4,1261
1,521
1,381
10,26695
1,471
10,3380
7,1929
1,530
1,416
9,3137
7,2242
9,3437
1,385
1,470
4,1356
4,1319
4,1471
1,263
10,24543
1,428
3,1046
6,2216
1,405
2,1099
3,742
2,6165
4,1451
1,565
1,381
7,2646
8,5493
2,795
1,637
4,1400
1,504
8,2303
1,612
1,464
1,608
2,826
1,1486
4,1515
1,429
1,467
2,608
10,3907
4,1270
1,541
10,3493
1,445
5,1793
3,1203
1,518
1,584
8,1837
3,987
4,1389
4,4194
1,529
4,925
8,10106
5,1816
3,1069
2,1278
1,402
6,1771
1,568
1,482
8,2998
8,2410
1,265
2,1052
8,13276
1,488
4,1476
2,8899
10,3564
1,485
4,1476
7,2771
9,2927
1,465
1,499
4,1735
8,2961
1,252
9,3260
10,20740
1,441
10,3118
6,14518
8,2811
1,513
4,1525
7,8168
7,2219
7,2788
1,327
1,457
1,380
8,74020
3,1091
7,2277
1,287
10,3033
10,30792
8,2596
1,449
8,4576
9,3346
2,742
5,1861
1,461
1,679
7,2536
6,1871
1,510
10,28741
1,384
8,2585
1,349
2,659
1,370
10,3300
6,1997
5,1816
3,1391
1,615
1,511
8,2283
1,501
6,2041
2,767
10,3412
8,2746
2,858
5,1531
1,452
2,933
10,3382
10,2885
6,2153
1,629
1,627
2,902
3,1019
3,1070
1,427
2,1425
1,454
4,1426
1,438
1,329
8,3547
3,1163
10,2536
5,1908
2,875
1,512
1,377
1,453
8,2764
2,701
4,1536
2,762
9,2501
6,1940
7,2518
10,8324
10,3968
2,613
10,6032
10,4848
1,472
10,3903
1,411
8,2525
4,1237
10,15988
10,2943
3,838
2,713
4,1497
6,2478
1,478
10,2315
9,3300
3,928
1,527
6,2173
1,543
10,3086
10,12783
8,30931
1,327
9,2258
4,1325
5,1679
1,414
3,1657
10,2934
3,784
4,1401
9,5743
10,4066
1,8568
1,437
9,2653
2,1101
1,447
1,268
10,3618
3,933
2,651
7,3676
10,3541
4,1479
9,2934
7,2610
10,5074
10,3231
6,2061
7,2586
8,29299
1,380
2,797
9,3017
6,2237
2,755
4,1416
10,2465
5,1819
6,1373
6,13344
3,1760
1,444
7,2048
8,2723
10,36599
6,17818
5,1754
2,710
10,3439
4,1418
1,596
8,2488
7,2355
8,2005
4,9819
10,3680
1,634
2,469
1,448
1,571
1,13684
8,12911
1,443
3,1246
1,4379
2,862
10,3043
3,1277
8,2480
10,2516
10,3693
7,2317
1,415
3,1183
2,930
1,13835
10,3170
7,2732
5,1794
1,456
3,1124
6,1865
5,3259
7,2453
3,1061
4,1862
3,1400
1,599
3,1586
4,5489
1,564
4,1374
8,3416
6,4056
1,391
5,2139
1,420
1,537
1,577
3,1068
1,718
5,1842
1,479
6,2001
9,3636
9,3720
6,1951
3,1293
7,17753
1,384
6,2259
1,360
1,427
6,1956
6,4141
1,523
5,2018
1,610
3,1060
1,1008
2,1162
1,511
6,2343
3,2299
1,591
9,2593
1,356
1,669
4,1400
4,2257
1,470
3,1208
3,1004
1,402
7,6662
4,1523
9,3502
3,1250
7,2476
9,2830
8,1906
1,253
1,692
2,816
4,1363
1,14325
10,3316
3,1351
1,437
2,848
1,5767
5,4990
9,3394
5,1687
1,671
10,2260
1,266
1,526
10,2582
4,1558
7,24571
5,1909
1,580
1,797
8,2674
1,703
1,366
7,2242
1,413
1,414
7,2509
1,329
1,542
6,2414
6,2078
1,468
5,1735
1,564
1,590
3,1059
1,580
1,380
4,1390
4,1669
9,3353
10,2521
1,271
1,465
10,8359
2,634
1,531
7,7793
1,460
10,3522
6,4752
1,652
3,1104
6,1910
2,619
8,2777
10,2602
1,283
7,2496
10,7883
4,1371
2,783
7,2026
1,544
1,474
10,3463
9,6455
1,398
1,464
3,1019
3,1269
5,1156
1,291
1,445
3,6015
3,1009
4,1541
4,1376
1,562
3,1643
3,1292
2,862
4,6517
1,387
5,1497
1,344
1,368
1,236
1,560
10,13798
3,26249
1,333
1,469
1,360
1,748
3,1202
1,368
1,336
1,355
9,2700
1,351
1,614
10,3295
6,2365
10,40349
8,20665
1,488
2,517
1,479
9,7468
9,3416
1,349
1,498
1,457
6,1735
6,2071
1,489
2,3459
1,344
4,1668
8,5280
1,541
3,941
7,2395
1,559
4,1511
8,3045
1,454
4,1414
8,2035
1,460
1,438
4,989
1,423
7,2709
10,3697
1,457
2,832
3,1191
1,471
7,15242
4,1545
4,1259
1,394
10,2232
1,601
1,402
7,2637
8,2866
1,77143
2,650
5,1628
5,1891
5,1716
4,2571
1,499
3,1232
1,404
1,377
7,1666
1,573
1,349
10,2701
5,1838
2,752
9,4435
10,13950
6,2263
10,3237
1,625
4,1881
10,61529
1,378
1,400
10,2709
9,8995
1,368
7,1685
9,3142
4,1366
1,490
8,2856
9,3215
6,2196
7,6671
1,643
6,2238
1,438
1,506
10,2149
1,14908
1,317
8,3003
10,2935
7,2113
7,8392
8,17715
8,2058
10,10332
1,346
1,611
9,49049
1,417
2,803
1,468
4,1760
1,371
3,835
2,595
10,2981
1,405
10,13720
7,2574
3,1581
4,1589
1,476
4,2543
6,2671
4,1270
1,517
9,6597
1,259
3,850
10,3162
1,305
1,422
5,2600
8,2257
7,3498
2,790
4,1414
4,1554
3,1300
1,437
1,367
7,2454
10,2706
10,3311
10,3130
1,497
1,475
2,829
1,671
5,2633
10,3908
1,643
2,1998
8,3600
1,382
1,322
2,885
3,1179
1,433
5,1359
10,3195
1,345
1,411
1,332
3,1301
3,1104
1,494
3,1083
10,19766
8,2677
1,252
4,1269
10,2826
2,615
10,2461
1,507
1,347
6,1781
10,3367
7,4219
8,2568
1,625
6,2193
5,18562
6,10171
1,421
8,2557
2,465
10,2859
3,843
8,2536
1,376
9,2861
10,3379
4,1471
3,1137
1,553
3,1232
9,15988
4,1262
1,324
6,2279
7,2220
1,414
10,2151
1,380
3,1939
8,2635
1,535
1,471
4,2310
1,461
8,2945
2,870
8,2771
1,258
3,1622
10,2668
9,2489
10,2615
2,737
1,337
2,793
1,442
3,965
8,2802
1,423
10,3961
1,429
10,5804
1,280
8,3086
8,1899
10,3118
10,2360
10,3260
6,17696
9,2829
1,339
8,1881
9,3108
3,1023
9,3265
7,2259
9,3214
1,267
10,3347
10,3173
10,3068
10,2893
1,512
1,383
3,1066
1,526
1,291
2,846
6,2423
4,2689
5,1673
2,760
10,2287
4,1494
2,812
8,2509
7,1685
1,631
1,445
1,500
5,1739
10,2796
7,2393
3,1131
1,1272
1,477
6,2055
10,2104
9,2926
10,3901
9,3202
10,2020
8,15383
1,531
10,3143
1,265
6,1899
6,4789
7,2364
8,9918
4,1424
1,2422
10,2707
7,2500
7,2193
10,2143
10,2545
1,602
1,445
1,409
1,273
5,1736
3,1214
10,3173
2,707
1,782
3,1102
10,3368
2,732
6,3322
7,1769
1,512
1,581
6,2152
3,23752
1,268
9,2049
1,339
9,3543
1,275
3,834
1,541
10,2469
1,342
7,1899
1,523
1,365
1,545
7,2364
6,37402
1,264
7,1649
1,445
3,1024
7,2281
3,1223
10,3082
10,2424
6,6926
7,1605
1,336
1,374
2,807
3,1098
9,2620
10,2322
2,489
1,488
8,25997
6,2243
5,1638
7,2522
7,1506
4,1393
8,2795
1,364
1,341
2,652
5,2662
1,309
2,788
9,2889
7,2374
2,868
1,428
5,1968
3,1076
2,525
1,391
3,715
1,335
1,498
4,1283
5,1867
1,428
10,3505
10,3314
3,941
7,2242
3,1263
10,3849
5,1691
10,3338
1,689
4,1090
1,684
1,362
1,501
3,5562
7,2072
10,2552
5,1233
5,1778
3,1000
1,1701
10,4148
2,718
7,1754
1,538
3,789
1,3926
1,344
8,2881
10,3143
4,8122
10,3188
1,571
5,1588
7,3197
1,381
6,3445
5,2927
6,1325
1,414
10,3099
10,3383
1,328
2,681
3,1228
1,480
8,3009
1,300
6,1875
1,344
1,355
9,4867
6,1721
6,2019
1,521
10,4080
1,518
1,320
9,2799
7,2440
1,489
10,2417
1,280
1,252
1,535
1,357
7,2207
10,3201
3,791
1,603
3,833
1,484
1,265
8,2829
5,1728
1,403
10,3324
1,377
10,8540
3,1198
3,1075
7,2504
7,2388
8,2061
1,476
1,241
1,395
2,987
6,14312
5,2227
1,421
2,716
1,385
1,493
5,1801
1,607
1,455
5,1629
3,695
1,554
1,256
1,342
6,2159
3,1012
7,2004
1,419
7,1567
1,576
3,937
5,2394
1,549
5,1747
5,1677
4,1097
1,322
1,337
1,270
10,3282
10,3412
4,1739
1,495
7,1735
1,385
9,2766
6,2120
1,562
1,471
8,2580
4,1020
1,398
1,614
3,992
7,1798
3,1156
3,1082
4,1249
10,3114
1,368
1,316
10,3159
1,592
1,389
3,1089
10,3089
1,404
1,523
10,3350
8,2668
1,445
8,2404
1,394
7,2018
1,367
1,430
10,3786
1,546
1,435
1,453
10,2993
5,1154
1,428
10,3127
4,1399
4,1495
6,1672
1,448
8,1946
1,341
1,518
3,1223
7,5651
1,389
1,347
1,473
5,1464
1,434
6,1974
10,3358
9,24212
5,1401
4,1255
3,864
10,2447
7,2257
5,1894
7,2417
1,321
1,420
1,456
3,975
1,434
9,2229
10,3331
4,1387
10,3138
2,932
3,809
2,491
1,389
5,1685
5,1914
1,288
1,399
1,395
1,1450
1,288
4,1474
3,1005
1,511
10,3256
3,2816
1,249
10,2056
5,1656
7,2286
3,1126
3,1052
1,411
1,413
1,433
1,277
10,3092
1,578
1,428
7,2198
3,1589
1,402
10,2857
1,406
1,610
6,1942
1,394
1,419
1,285
5,1960
10,3217
2,843
2,694
4,1375
2,604
6,7279
10,2601
10,2404
1,386
3,1388
10,3250
1,407
1,400
1,285
6,2328
4,1206
10,2257
10,3105
1,4298
10,3258
10,3438
1,396
8,2519
5,1751
1,604
10,4403
1,388
1,442
1,322
9,3098
10,2298
1,390
3,826
1,358
10,3711
5,1743
10,3236
10,3233
3,1040
1,585
5,1998
1,431
1,438
1,265
10,5127
1,428
10,2900
9,3300
1,394
5,1692
8,2990
1,380
10,2503
1,419
1,463
3,1266
4,1550
4,1346
1,287
7,2474
6,3180
8,1624
10,3150
1,373
10,3216
9,2998
1,397
2,647
1,500
1,618
7,2322
1,1029
1,364
1,259
5,1950
9,2953
10,2102
10,3286
1,361
1,308
7,2390
1,397
6,2093
3,934
1,511
4,2349
3,972
1,353
1,382
3,1043
10,7017
10,2554
8,3051
1,409
1,419
5,1656
1,850
10,3301
7,2398
1,477
3,1055
5,1735
8,1897
2,777
5,8728
10,3096
9,3346
7,1760
1,591
1,247
1,450
1,482
7,2503
1,540
7,2341
8,2478
2,740
3,678
10,2287
8,4489
10,3096
10,2438
10,2548
2,667
1,245
3,1279
1,407
10,3074
7,2369
1,391
5,1545
6,1957
9,3161
9,2013
4,1437
1,1809
10,2300
10,3613
1,3059
1,248
1,1846
3,1037
7,1934
8,3044
1,488
6,2020
9,2916
6,2701
10,3291
1,434
7,2124
1,442
1,569
3,2006
1,266
7,2725
1,325
8,2628
5,1503
4,1342
10,3722
10,2284
10,2044
10,3288
3,1121
7,2057
1,274
1,407
6,2313
1,237
5,1921
1,433
4,1080
9,2740
1,527
10,2346
7,1865
2,867
8,3932
2,745
10,2212
1,350
1,385
3,957
1,253
3,1246
2,880
3,1262
10,2350
2,821
2,920
10,3092
7,2385
10,4499
5,1388
6,1526
1,337
1,250
8,2942
1,221
5,1684
10,2670
10,3525
2,607
1,404
7,1959
5,1878
10,2461
6,1858
2,426
9,3023
1,235
1,305
4,1421
1,307
6,2064
1,438
3,898
10,3406
3,845
10,2428
8,2433
10,2770
1,688
6,1277
3,840
1,237
1,268
10,3289
1,380
10,3517
9,2229
1,510
10,3714
10,3618
10,3088
2,826
2,1225
10,3707
9,3172
3,742
1,295
1,372
8,14797
2,556
10,3336
10,2787
1,327
5,1318
6,2064
1,331
10,2344
10,2947
7,1928
10,2182
10,3956
1,379
1,402
2,767
10,2364
3,1003
9,3169
1,256
10,2287
5,1397
1,440
3,643
8,2515
7,2684
7,2193
10,3478
1,296
1,321
7,2174
9,2904
5,1743
8,3091
1,307
3,742
8,2357
1,286
10,2068
10,2250
10,3768
10,2981
1,384
1,396
1,632
6,1983
10,2488
1,622
10,3437
1,332
10,2272
9,3099
5,1456
10,2068
10,2186
4,1308
5,1607
4,1230
10,2319
1,577
3,1914
8,2354
5,1540
10,3291
1,344
10,3241
7,2437
1,514
10,2663
10,3065
9,2333
8,1729
1,302
9,2099
7,2401
1,542
10,2979
1,491
1,558
1,331
10,2051
10,3122
1,277
10,2470
10,2064
3,742
1,432
1,378
10,3282
10,2988
5,6771
10,2479
3,1687
7,1810
1,253
1,468
5,1708
1,371
8,2306
10,2967
3,898
1,262
1,317
10,2908
6,2277
7,2679
1,433
1,553
10,2930
1,332
10,2869
10,2785
1,369
7,1745
1,391
10,3027
1,243
1,316
10,2794
9,1962
5,1685
6,1345
7,14419
10,3246
1,294
1,359
2,703
1,359
1,536
1,241
10,3430
1,238
1,370
1,352
3,673
3,1181
7,1711
1,502
6,2053
1,384
1,306
10,2405
1,391
1,276
1,239
1,547
1,275
1,418
10,2400
10,3455
5,1859
10,3235
1,452
9,2684
2,655
1,255
10,2927
1,314
1,260
1,277
1,440
1,251
1,410
2,824
10,3249
6,2039
9,2982
1,588
3,700
1,385
1,268
10,2654
10,3336
1,234
1,253
1,264
1,233
1,553
10,3838
4,1694
10,7240
7,1730
1,438
1,294
10,2973
1,242
10,3164
10,2837
1,272
1,326
1,370
1,293
1,533
5,1787
2,620
10,3241
4,993
1,519
1,238
9,1981
1,358
8,2983
2,668
1,352
1,249
1,360
1,273
10,3269
10,3286
10,3129
3,975
3,712
7,2922
1,264
10,2989
1,401
10,3505
10,2294
1,232
1,330
1,249
1,254
3,801
8,2568
1,370
5,1835
10,2881
1,367
1,363
8,2688
10,3012
1,398
10,3074
1,492
1,262
1,227
10,2197
10,3220
7,2149
8,2730
7,2355
10,2983
1,459
10,3243
9,4047
7,2340
1,251
8,2612
1,299
1,269
1,232
3,739
1,288
9,3123
10,3148
3,1186
3,1105
4,1790
10,3442
10,3765
1,343
1,295
10,2448
1,458
2,546
1,277
10,2069
7,2314
7,2449
10,3549
1,524
10,2350
3,1641
1,374
10,2756
1,481
1,288
10,2468
2,667
10,1999
1,272
10,2862
10,2777
5,1660
10,3476
1,458
1,308
8,1987
1,364
1,583
7,2166
1,232
6,2181
10,2057
6,1561
2,602
10,3257
9,2521
3,1310
9,2342
1,266
1,334
5,1529
1,427
10,3773
2,839
1,247
6,1695
6,1300
10,3063
10,2448
7,2394
10,2662
1,579
10,2216
7,2406
1,253
6,1928
1,303
10,2997
6,1587
1,401
10,2583
6,1205
6,1447
10,2564
10,3379
10,2963
1,699
10,2694
1,410
1,262
10,2256
1,270
9,1975
3,713
1,393
7,1870
7,2191
8,2625
8,2485
10,2216
9,1973
3,2137
1,344
1,777
1,289
7,1565
1,421
10,2851
10,3235
1,355
10,2359
8,1990
4,1049
10,3431
10,2381
10,3109
1,430
1,268
1,532
1,256
2,661
4,1353
6,1725
7,2117
1,384
4,1121
8,2381
4,1471
10,3675
2,469
10,2739
1,544
1,527
1,350
1,239
10,3537
2,689
9,2554
8,2913
10,3621
4,940
4,1004
10,2415
10,2258
6,1325
10,3436
1,486
1,304
4,2644
1,255
10,2525
10,3105
1,578
4,1166
2,852
10,3484
4,1035
10,2283
10,2250
7,1757
10,2191
1,638
1,246
1,353
1,264
5,1337
1,454
10,2600
10,3123
7,2348
10,3748
10,3379
1,593
10,2980
7,1734
1,320
1,444
1,235
1,374
1,279
10,2324
10,3290
4,1408
10,3687
6,2105
1,1049
3,898
1,591
10,2115
8,1722
10,3433
7,2105
1,224
1,413
1,331
2,851
8,2639
1,423
3,780
10,2633
1,492
2,580
2,669
10,2270
8,2242
10,3690
1,372
1,260
1,351
2,667
10,2209
10,2140
1,316
1,427
7,1814
1,313
1,482
10,3549
10,2238
4,1106
1,392
1,382
1,227
3,1153
1,524
10,2485
9,2956
1,522
2,672
3,779
1,385
2,857
9,1954
10,3346
3,689
1,313
1,357
1,257
8,2392
9,2929
10,2516
10,3335
1,454
10,2990
8,1811
1,343
1,378
9,2055
10,2597
10,2463
1,622
4,1406
10,2245
5,1621
10,2097
8,1826
10,2445
1,459
3,826
4,948
3,1039
10,2314
10,3237
10,2261
3,1023
1,682
1,340
10,2014
9,2170
9,2608
10,2291
9,2533
1,996
9,3340
10,3006
1,286
4,853
10,3341
1,578
2,501
1,577
6,1561
10,2195
6,1889
8,2379
10,2224
10,2100
1,381
10,2310
3,793
2,500
10,2072
10,3267
1,579
1,367
1,622
5,1582
10,2219
10,3190
10,2629
1,435
10,2931
1,250
1,410
1,387
1,270
9,1838
8,2351
1,425
1,526
1,607
4,1121
10,2619
7,1693
1,629
1,301
10,3410
1,266
1,575
2,623
1,280
8,2274
1,454
1,467
1,274
1,611
3,752
10,2706
2,511
10,4586
1,297
10,3310
1,255
10,3121
10,2463
1,406
9,1945
1,391
1,428
1,342
1,606
3,800
2,955
10,2451
7,2553
1,269
1,450
2,654
1,691
1,409
1,493
10,3213
1,335
1,547
1,309
1,556
6,1364
10,3278
5,1240
10,3416
1,342
1,326
1,338
8,2900
9,2088
8,2007
6,1510
1,363
2,792
2,469
10,8482
4,1057
5,1629
10,2338
10,3763
1,267
1,252
10,2998
1,434
10,3473
1,378
1,334
1,355
1,378
1,260
10,3303
10,2667
10,3246
2,802
9,3330
1,248
1,246
8,2714
1,486
10,4017
10,2243
1,292
1,267
1,461
1,277
5,1776
6,2210
8,13243
10,3261
6,1573
1,245
1,237
10,3341
7,2679
9,2984
10,3023
1,259
1,361
1,564
1,272
8,2623
7,2341
7,2248
10,2246
3,857
1,240
1,257
10,2447
1,402
8,2050
10,2656
1,383
1,307
1,438
1,298
9,2905
5,3781
9,3083
10,2453
10,2734
1,278
1,269
9,2891
1,380
10,2226
9,5002
1,346
1,366
10,3191
1,293
7,2638
1,420
5,1829
10,3031
10,2345
10,3199
1,317
10,2471
10,3155
1,451
10,2028
1,346
1,299
10,8503
1,284
5,1786
1,448
7,8109
8,2584
4,1143
6,1446
1,552
10,2975
1,363
1,307
1,493
1,340
1,465
6,8576
10,2210
2,827
10,2727
7,2559
10,3154
10,3215
7,1498
10,2939
10,2575
1,361
1,370
10,3292
1,309
10,3346
8,11139
3,1128
1,513
1,500
1,633
1,460
1,419
10,3146
10,3074
10,2656
1,414
1,248
7,1595
1,280
7,2089
9,3550
9,2154
3,1279
10,2856
1,1884
1,277
1,372
7,1689
1,297
10,2463
10,2446
1,282
10,6631
1,341
10,9168
7,2449
10,2908
7,2306
9,3855
1,540
1,316
1,427
4,945
1,260
10,3326
1,686
1,246
10,2445
1,618
10,3085
4,1225
8,2301
4,1120
10,3537
3,1086
1,359
1,281
3,700
2,794
10,3543
7,2063
1,268
6,2005
10,3308
9,2146
1,611
7,2396
1,357
9,2256
1,461
1,257
1,306
10,3269
9,2864
10,2215
10,3616
1,437
9,2081
7,1664
3,1072
3,1030
10,2721
3,796
9,2158
1,559
1,375
1,365
10,3204
5,1857
10,3063
6,2341
1,241
3,927
10,3278
10,2407
4,1024
10,2970
5,1382
10,2253
1,561
1,328
1,349
3,915
10,3262
1,532
9,2943
1,393
10,3625
6,2324
10,2141
7,2179
10,2994
3,721
7,1710
1,531
1,284
1,374
1,407
7,2406
1,496
3,1241
10,3446
1,462
4,1343
1,411
4,1362
1,469
6,1574
1,499
3,3351
1,303
1,357
2,789
1,432
1,617
10,2668
1,511
10,3632
9,2080
2,591
1,348
7,1587
8,1759
1,345
1,351
1,305
1,336
10,3198
8,2600
1,1339
10,3538
7,2005
1,444
3,753
10,2385
1,335
10,3187
6,2033
1,305
1,497
2,497
2,531
1,428
5,1749
1,693
4,1449
10,3425
1,492
10,3173
9,2251
5,1182
6,2388
10,3101
1,280
1,256
10,2136
1,367
9,2091
7,2265
1,660
2,670
10,3277
1,301
4,1452
10,2420
6,1436
4,894
7,1857
1,375
1,424
6,1516
10,3064
10,3394
3,1165
1,540
10,2551
6,2242
1,345
6,2122
8,2579
3,748
9,2447
1,387
1,392
3,979
7,2491
8,2014
9,3340
3,1645
2,670
1,414
3,785
4,1499
2,624
10,2085
6,1349
3,1056
5,1974
1,273
4,1183
10,2459
10,2145
8,2628
7,2131
1,1913
10,3760
9,2309
1,400
1,411
10,3362
8,1741
10,3235
10,3252
1,246
3,811
7,2048
9,2518
10,3227
4,1063
1,443
8,2828
10,3477
1,345
10,3123
10,3223
6,1458
4,1188
1,404
1,359
4,1010
8,1984
10,2145
10,2460
1,282
1,384
1,474
4,1159
1,477
3,970
1,563
10,4037
6,1595
1,472
1,273
6,1605
4,1065
10,2400
1,434
1,581
10,11995
10,2449
2,757
1,438
10,2045
1,299
5,1604
1,340
1,456
10,2126
6,1564
3,808
3,1065
1,564
5,1482
5,1758
1,260
10,3395
1,297
10,1966
1,393
10,3317
1,230
1,303
10,2488
10,3969
10,2900
10,2382
1,336
4,1142
10,3319
1,252
1,288
10,2110
8,1657
1,288
1,454
2,433
1,302
3,786
7,1953
3,992
10,2795
1,251
3,753
8,2624
1,384
10,2198
1,660
10,3496
1,285
1,346
1,346
1,291
10,2674
10,3260
1,587
10,3203
1,236
1,361
9,2933
10,2712
8,2017
10,3069
9,2983
1,235
1,324
1,256
1,283
10,3318
6,1447
10,2995
7,1691
1,237
1,452
6,2080
1,617
10,3360
10,3353
7,1557
1,262
1,259
1,236
1,332
10,3548
4,1082
2,506
10,2053
1,246
6,1427
5,1737
1,340
10,4968
9,3278
1,317
1,259
1,320
1,244
1,280
10,2954
1,514
1,583
10,3883
1,321
1,280
1,521
1,461
9,3568
10,4886
1,260
1,240
1,289
1,255
1,306
3,929
10,2314
10,2615
10,2446
1,260
1,253
4,1481
9,2248
10,2243
10,2152
1,333
1,322
1,264
1,245
1,314
4,901
1,279
9,2164
10,3469
1,270
8,2243
7,1927
1,550
1,451
3,830
1,381
10,2081
1,389
1,290
4,992
10,2461
10,2589
10,3089
1,618
10,3282
1,387
4,949
10,2337
1,308
10,2015
1,356
9,1805
1,273
1,226
9,2591
2,486
9,3048
9,2594
1,542
7,1767
1,262
10,2225
1,242
1,262
10,2942
1,245
10,2057
1,322
10,2270
6,1383
10,2851
10,3138
8,2833
1,523
10,2825
10,2364
1,280
1,235
1,269
10,3076
1,232
10,2615
1,314
1,297
10,2205
6,2161
9,3211
10,2767
1,467
10,2739
6,1828
3,899
10,2677
1,279
10,3295
1,245
10,3230
3,649
10,2117
10,2673
7,2467
10,2614
1,586
1,632
6,1537
1,559
5,1044
10,2714
1,262
10,2896
1,238
1,332
1,377
8,1860
4,1072
10,3625
10,2367
1,327
1,1920
3,787
1,280
4,997
10,2446
1,291
7,1831
1,242
10,2167
10,2545
10,2170
10,2825
6,1850
10,2543
1,340
1,457
10,3590
1,370
3,726
10,2257
1,311
10,2705
10,3081
10,2331
2,462
9,2619
10,2605
8,1833
1,667
1,593
2,909
10,2795
1,320
6,1440
10,2397
1,242
10,2816
9,1962
5,1226
9,2210
10,3592
10,2212
4,1089
1,258
1,339
1,342
4,1079
5,1976
6,1823
10,2570
1,257
1,316
10,2125
2,785
10,3179
10,2405
10,2281
7,1876
1,241
1,576
1,466
2,610
10,3605
7,2416
10,3080
10,2258
1,305
10,2859
10,3406
10,3468
10,2246
9,2092
1,363
1,239
1,538
1,517
10,3005
6,2003
5,1554
2,857
10,3301
1,479
10,2376
5,1700
8,2089
9,3153
7,1757
1,261
1,249
1,545
5,1834
1,400
2,654
10,3261
10,3334
9,2022
1,391
7,1482
10,3359
10,2326
10,2223
10,2864
1,301
1,323
1,415
10,3306
8,1706
1,366
6,2066
5,1778
10,3276
1,391
1,267
8,2791
10,2624
10,3072
1,315
1,357
1,229
1,295
8,2612
10,3277
3,733
1,344
10,3231
10,2930
1,537
10,2242
7,2282
10,3370
10,3106
10,3536
1,295
1,355
1,346
7,2537
10,2403
1,370
1,469
8,3291
10,2930
1,524
3,854
2,811
10,3261
7,1668
1,462
1,272
1,407
10,3045
5,1799
9,2440
2,810
1,423
1,304
1,308
1,519
2,806
9,2887
9,1822
1,411
3,1164
1,238
1,267
7,2037
7,2426
10,3230
8,2605
1,425
7,2737
10,2484
1,469
10,3164
3,1058
8,1979
10,3468
10,3254
1,220
10,2441
10,2641
3,1277
10,2152
10,2268
1,276
1,322
2,905
1,680
5,4154
8,2853
10,2714
3,835
2,790
1,266
7,1434
10,2805
3,1165
1,302
10,3007
1,274
9,3407
10,3317
10,3171
7,2562
1,538
1,343
1,667
1,481
1,382
10,3278
6,1430
7,1917
1,238
9,2976
1,392
1,3899
5,1423
10,3416
10,3522
1,417
1,370
2,739
9,2953
10,2162
1,685
9,2274
4,1484
1,343
8,2066
1,387
1,509
10,3402
5,2331
8,2553
1,517
2,621
1,545
1,372
10,2740
10,2650
3,760
5,1356
1,289
10,2475
1,291
7,2407
8,2749
5,1505
9,2870
1,566
10,3023
1,5195
1,449
3,1159
3,10637
10,2425
3,1088
1,242
10,2331
1,261
1,348
7,2411
7,2089
5,1634
1,463
9,2925
1,386
1,373
2,623
10,4569
4,1108
3,919
1,306
10,2467
3,824
1,427
9,3343
7,4615
8,15856
1,419
1,401
1,376
1,360
10,3457
9,3123
2,824
3,802
1,230
9,1949
1,364
5,1687
7,2215
9,10219
3,1047
1,422
1,298
1,502
1,482
10,2477
3,954
10,3292
6,1601
1,235
8,2074
2,877
1,357
5,4600
3,1392
1,714
1,350
1,245
10,11889
1,281
10,2384
10,2834
1,363
6,2043
1,238
2,963
10,2471
1,517
3,1242
1,425
1,455
1,397
1,272
1,426
1,318
8,2880
1,391
10,2651
10,3567
1,348
10,3705
10,2721
3,2204
1,509
3,1179
1,340
1,458
1,281
1,506
1,247
4,1360
4,1122
8,2634
7,2433
10,2841
10,2235
9,2452
1,394
1,521
7,1658
2,664
1,439
1,228
5,1778
1,326
4,1079
10,2513
10,2207
5,4587
10,2351
1,392
10,2516
1,2004
1,482
4,1194
1,357
7,2009
1,214
1,401
8,2303
10,2278
7,1595
10,2941
7,3111
10,2769
1,293
8,2323
1,677
3,891
1,470
1,478
4,1201
1,219
10,3156
8,2111
2,525
10,2786
9,2612
10,11922
10,3149
1,255
10,2177
3,1068
1,412
3,1098
1,794
3,1194
1,220
1,340
10,3198
10,3741
6,1973
10,2211
10,3023
10,2176
1,303
10,2444
5,2117
1,350
5,1699
1,408
5,1703
1,222
8,3100
1,284
8,3079
6,1497
1,486
1,556
10,2986
1,344
10,2312
4,1410
1,478
3,1080
1,547
3,1148
3,768
7,2277
10,2092
6,2258
9,3268
1,249
1,349
10,3283
1,270
10,3369
1,446
7,2400
3,712
7,1714
6,1958
10,2236
9,2914
6,1497
10,12446
1,391
1,238
1,348
2,4404
2,631
8,2821
5,1476
1,472
6,1948
1,347
6,2100
2,491
5,1767
2,573
9,47112
1,640
1,298
1,265
10,3479
1,357
10,2998
3,832
1,344
1,383
1,587
10,3143
7,2847
3,1486
9,2334
6,21356
10,2356
1,474
1,346
5,1745
1,295
10,3115
4,1236
4,1445
6,1814
4,1537
7,2445
10,3698
1,492
4,1033
1,573
4,1435
1,290
1,385
10,3541
10,3168
2,805
6,1312
1,510
10,3208
1,290
10,3267
6,2193
3,931
10,2368
2,899
1,359
1,249
4,821
7,2274
1,312
10,2148
6,2467
1,401
1,256
5,1329
5,1736
10,3210
7,4246
10,2247
1,531
1,230
1,410
1,346
8,5279
1,317
2,613
10,2785
1,367
7,3254
4,1037
4,1067
8,2600
4,994
10,2027
1,670
1,227
1,418
1,395
9,3071
1,328
1,465
7,2510
1,403
5,1779
3,714
10,2311
4,1066
7,1692
8,1750
1,461
1,308
1,258
1,330
5,1815
8,2004
8,2009
10,3188
5,1751
1,346
3,759
1,450
10,2380
5,1132
2,485
5,1787
1,227
10,3153
1,254
7,2576
2,674
1,315
6,1910
10,5123
7,3552
6,2006
2,657
10,3070
4,1469
10,3384
1,513
1,254
9,3148
1,365
1,452
3,1171
1,262
3,817
4,1461
1,431
6,1799
10,2204
10,3069
3,840
4,1191
6,2051
1,289
10,2212
1,370
1,633
3,891
1,265
1,346
3,1147
10,7490
5,2180
9,2558
10,1987
3,722
10,2816
3,1020
1,315
10,3538
10,3420
1,653
8,1870
1,373
1,380
6,1945
1,253
10,3386
10,3457
9,2898
6,1625
2,561
6,1923
10,2430
10,3552
10,2107
1,514
10,2194
1,529
10,2764
8,2008
1,383
6,2235
8,2016
2,605
10,2196
8,1930
1,459
8,2294
10,2372
9,2664
3,1053
1,289
1,363
10,2541
10,3543
1,351
7,2041
10,2013
10,3049
6,1429
4,972
1,490
2,462
1,316
9,1960
1,664
7,2625
1,527
10,2795
5,1480
1,345
4,1086
10,2043
4,1274
5,1460
1,258
1,475
10,2426
10,2511
10,2288
1,18772
10,4370
1,345
9,3019
6,2203
1,359
1,468
1,342
1,358
6,2158
6,1313
1,520
4,1260
2,874
10,2821
1,614
7,1930
1,458
1,265
1,509
1,338
1,569
1,358
8,2760
7,2232
1,616
3,2099
10,2172
7,2617
10,2411
1,490
9,2213
3,892
1,354
1,436
3,883
10,2751
1,282
6,1572
4,1262
1,332
1,494
2,557
10,7242
7,1577
1,413
10,2563
2,606
1,284
1,391
10,2328
6,1423
1,301
1,428
1,864
1,351
4,1652
8,1670
5,1740
10,3227
3,1548
10,2277
10,2132
9,1975
10,2506
1,516
10,2056
1,238
1,262
1,510
1,316
1,312
6,1443
8,2646
10,2586
1,531
10,1955
10,2341
1,248
10,2413
10,3182
10,2881
1,248
1,361
1,626
1,340
1,498
4,1400
10,3547
2,778
1,383
2,555
10,3565
1,336
9,3331
1,319
9,2670
1,255
1,331
1,354
1,352
5,1882
10,2162
3,1082
10,2165
7,2084
9,2198
7,2804
1,346
10,2731
10,2247
10,2986
1,235
1,400
1,359
1,467
1,410
4,874
9,2984
3,1129
5,1228
10,2548
8,2140
10,3112
9,1994
9,2514
9,3022
1,269
1,242
1,265
1,295
4,1560
2,625
5,1652
10,2368
3,737
4,1322
10,2375
1,292
10,2253
9,3050
4,1361
1,245
1,231
1,307
1,284
3,1330
10,3253
7,4494
8,2484
4,960
10,2233
2,633
1,243
10,2318
10,2267
1,365
10,2997
1,241
1,274
6,1766
5,2249
6,1807
1,593
1,526
3,783
1,278
10,2492
1,398
1,423
10,3435
1,368
10,2184
1,230
1,248
10,3395
8,2930
10,3240
1,470
10,2512
6,1957
1,249
10,2392
1,565
1,324
10,2316
1,279
7,1526
1,222
1,227
9,2272
2,836
9,3449
1,452
1,640
10,3289
1,238
8,2058
10,2220
1,270
8,1712
1,263
10,2927
4,972
1,264
2,774
3,1506
8,2428
3,762
1,332
5,2231
1,300
9,2549
10,2368
1,284
10,2441
1,256
1,498
10,2152
1,325
10,7237
1,1656
6,8615
1,428
1,274
10,3128
1,236
10,3030
10,3259
1,239
10,2833
1,250
10,3172
2,482
10,2227
9,2930
1,459
1,502
1,252
1,238
7,1500
1,347
10,3357
8,1776
1,249
2,573
1,304
3,827
6,5553
1,346
1,442
1,504
1,525
1,477
1,245
6,1596
1,249
4,1194
10,3684
1,243
10,3026
1,270
10,2998
10,16386
10,3267
8,2633
5,2316
1,437
1,352
1,225
4,964
1,251
10,2640
2,774
1,534
2,757
1,286
9,2961
9,26348
9,2045
1,519
3,1234
1,466
1,372
1,241
1,458
1,243
1,464
10,2354
1,666
1,279
1,273
10,2204
8,9910
10,3102
1,485
3,1427
1,670
1,431
1,288
1,390
1,228
1,688
2,810
1,551
10,3022
10,2215
3,1090
10,7118
9,2049
5,1754
5,2335
1,518
7,2234
1,238
10,2735
1,284
6,1579
10,3094
2,777
1,350
10,3156
4,1365
1,532
9,2279
2,879
6,2364
1,440
1,413
2,661
1,361
8,1794
1,266
8,6100
10,2268
1,313
7,1497
10,2612
1,29681
10,2754
6,2017
3,1239
1,433
4,1306
4,1375
10,2101
6,2458
1,264
2,691
10,2364
1,339
10,2289
1,453
5,1627
10,2076
7,2317
7,2475
1,650
1,254
10,2144
9,1893
2,597
1,232
4,1039
9,2501
1,290
10,2990
10,2437
4,15010
10,2764
1,491
9,5889
1,503
1,378
8,2594
10,3263
4,1354
1,339
1,618
10,2506
1,237
6,1295
7,2616
2,779
7,1628
4,1389
7,2671
1,460
5,1241
10,2867
9,2192
5,1297
1,256
10,3267
8,2432
1,355
3,912
6,1409
6,2077
10,2363
5,1748
7,3037
6,2537
3,1197
6,1274
9,2412
8,1989
1,307
10,2967
10,3330
8,1850
10,2403
10,2107
6,2013
10,3085
1,405
4,1409
1,402
4,920
10,2292
1,337
10,3638
1,279
6,1578
1,458
1,239
4,1203
9,2959
1,426
6,1830
2,1567
4,1702
5,1753
3,776
10,2134
1,539
3,1271
1,338
10,3425
10,2422
1,258
1,619
1,347
5,3176
3,1073
1,421
7,2110
2,708
6,1322
10,2400
10,2442
10,3396
1,408
8,1933
3,931
1,260
2,808
1,232
3,4198
10,2186
4,1419
1,644
3,1081
6,1783
7,1534
1,275
6,4479
4,1020
1,333
4,1197
10,2302
2,626
1,312
4,1364
4,1534
1,459
1,570
3,1516
7,2429
2,569
1,316
5,2074
3,812
1,351
1,318
3,1089
10,2621
1,333
3,1071
1,370
3,1101
2,665
1,413
5,1684
10,2900
1,245
7,2625
10,2042
1,293
10,3534
10,2246
8,1796
1,349
3,1131
1,365
1,478
3,1206
4,1412
10,3235
10,2672
1,279
1,22537
10,3226
6,1375
10,2657
2,511
10,2039
1,239
5,1704
1,271
3,1237
1,525
5,1768
6,1650
4,1370
1,241
5,4767
6,2197
1,299
7,2530
10,2751
9,1945
1,304
3,933
1,240
5,1632
1,430
3,2095
1,475
10,2782
1,316
2,1039
10,3364
1,240
10,6407
6,1637
10,2549
1,285
1,356
1,250
1,412
1,298
3,2538
3,881
3,762
1,262
6,2087
7,2522
1,350
6,1244
7,1838
8,3022
1,254
1,412
3,795
8,2746
1,304
2,1107
1,630
8,2626
1,252
6,4483
10,4472
9,2031
9,2274
8,2022
8,2052
1,250
8,2492
1,353
1,477
1,320
8,3716
9,2120
6,1700
10,2338
1,576
1,508
1,290
10,3468
4,1689
2,521
10,3036
1,426
1,469
1,600
10,2397
1,751
10,3162
1,375
7,1560
1,535
1,517
1,236
1,613
10,2607
1,534
10,3263
1,434
1,357
1,720
1,276
3,1132
1,567
1,384
10,2192
4,1494
5,1720
1,244
1,502
10,2173
1,581
8,2538
3,1084
1,280
3,2003
1,298
1,822
10,2201
10,2617
10,3123
1,637
2,682
1,277
1,414
2,850
1,282
2,450
1,436
1,279
1,467
1,233
7,2491
9,2594
1,500
2,831
1,511
6,2064
4,1047
1,385
9,2223
1,262
10,3414
1,384
3,1039
1,373
1,233
5,1713
10,3453
1,288
10,3065
5,2171
6,2289
10,2533
1,352
10,3307
1,426
4,1028
1,444
10,2566
1,463
1,311
1,353
9,2009
1,246
3,1544
4,1492
3,1109
10,2358
1,251
10,3046
1,277
10,2744
1,460
2,800
7,2634
9,2384
5,4923
10,2330
1,235
10,2876
1,2241
8,2677
2,697
1,250
10,2756
1,274
2,658
1,308
10,2065
1,540
6,1386
3,1079
1,513
1,238
8,2147
3,1352
4,1381
9,2172
1,257
4,1073
1,267
8,1718
1,509
7,2783
7,2847
10,2122
3,1331
1,263
1,333
3,964
3,3450
5,1740
10,2538
1,361
1,369
1,301
6,1676
1,886
10,2704
5,1913
6,1892
5,7982
1,261
1,245
3,743
1,653
3,1143
4,1275
1,294
1,271
1,243
10,2313
1,489
7,1669
1,2991
10,2430
3,1020
1,320
1,246
10,2402
3,1243
4,1349
10,2183
4,1207
1,580
10,2897
4,1026
5,2541
8,1919
5,1844
10,5337
6,4757
1,341
4,1567
2,525
8,9514
1,507
1,364
10,2262
8,1838
10,2293
5,1108
7,2389
10,2699
3,1294
4,1452
9,3321
1,593
4,834
10,2825
5,1579
3,1130
8,2170
10,2167
1,359
7,1693
10,2349
1,374
10,2491
3,1266
4,966
7,17808
1,439
10,3457
7,1624
1,526
1,326
6,1807
10,2357
1,327
2,944
2,733
5,5589
10,3682
5,1911
10,2194
7,2338
1,446
1,574
10,3652
1,514
3,1069
4,961
2,869
1,478
10,3355
6,2326
3,1128
2,824
6,4449
10,2514
8,2844
1,341
6,7236
6,2784
3,992
1,342
4,1001
6,1866
1,331
10,2073
5,2274
5,3267
8,1965
3,1221
10,3367
4,1631
1,269
6,1953
7,1670
1,504
2,690
10,3202
10,2604
1,392
9,1760
10,15615
3,974
10,3378
2,839
1,353
4,1331
10,2998
10,17766
8,1847
3,1075
1,463
2,505
10,2284
6,1380
3,813
8,8300
7,2261
10,2822
7,2250
10,3305
10,2634
10,2511
1,488
1,269
1,581
1,536
9,10350
8,2192
1,334
8,2850
10,3421
9,2817
9,1901
8,1896
10,3606
7,2437
8,2294
9,42819
1,229
1,513
3,1072
6,6412
4,1278
1,388
1,486
1,538
7,2047
2,681
4,974
10,2490
1,528
1,603
5,1670
1,239
1,591
1,1619
10,36845
4,1100
1,350
3,795
1,535
8,2251
8,1711
4,1178
9,2193
1,387
10,2845
2,910
1,228
7,2425
1,386
10,23527
2,663
10,2581
4,1492
1,781
7,3045
1,446
7,2522
3,875
1,362
10,3680
6,6764
1,287
1,556
1,460
1,406
10,2694
4,1020
2,664
1,589
4,1398
1,389
2,579
1,468
1,437
10,3463
6,2318
1,242
5,1576
1,498
6,2116
1,3489
10,1966
10,2802
1,675
1,387
1,292
10,2763
1,271
2,966
2,844
1,448
1,237
5,1805
1,390
8,12934
10,32471
3,599
9,2079
4,1895
2,787
1,298
6,1716
1,305
1,487
9,2467
3,976
1,257
3,1258
1,477
1,413
10,3131
10,3389
10,20231
1,3357
5,1298
1,246
1,405
1,227
1,434
4,1619
4,1377
1,276
6,2183
1,317
1,512
8,2751
9,2938
6,14261
1,585
2,688
1,272
10,2664
1,238
1,437
2,679
5,1574
1,324
3,1136
1,448
1,4234
6,18432
6,2060
7,12848
1,42058
10,2235
1,304
6,1858
1,254
1,1114
6,2009
1,446
4,916
7,2438
7,2310
1,544
6,14200
7,2239
10,16536
2,35613
1,407
1,378
10,2120
1,470
1,505
2,702
4,1335
10,2556
7,2463
5,1812
1,576
9,3976
1,556
1,655
6,26607
6,1698
1,401
10,3236
10,2117
1,261
10,3418
3,910
7,1976
9,2375
5,1544
1,476
1,762
1,598
8,14982
7,18685
5,1428
4,1057
4,1405
1,224
1,289
10,2343
3,1038
10,2406
7,2534
3,1201
1,515
1,758
5,1857
1,22955
1,11628
10,2392
1,259
10,3538
1,217
2,752
8,2049
3,1047
2,646
8,3087
3,1068
1,474
1,707
2,934
1,539
3,11780
10,2590
1,278
9,2412
1,242
1,453
10,3220
1,629
10,3140
4,1571
5,1596
6,3885
1,856
6,2077
1,516
6,2090
10,2904
10,2103
4,1378
7,2087
6,2398
6,1989
8,2531
4,1137
1,472
6,3277
1,509
1,45302
6,2252
1,488
1,319
9,3143
4,845
1,435
10,2416
10,2311
8,2037
1,474
10,2088
2,864
7,2550
1,519
5,1821
3,1281
1,4906
1,467
4,1212
2,832
1,420
9,2071
6,2058
4,1518
2,632
3,932
2,583
9,2836
5,1551
3,1245
1,506
1,39041
1,430
10,6753
6,6941
1,348
5,1171
10,3471
1,469
1,593
8,1895
10,2368
4,964
2,789
1,523
4,1516
5,4820
4,1382
1,452
10,9929
1,367
10,2144
4,1472
1,261
4,1266
6,1354
1,470
8,2397
4,3028
6,12091
5,1857
2,898
2,805
1,377
10,24150
1,377
10,3664
10,3122
1,268
3,1055
4,1283
6,1491
7,2275
3,1071
1,408
1,584
6,2971
3,938
1,320
6,5363
10,3163
1,434
9,2930
1,265
1,331
4,934
6,1698
1,462
1,353
1,610
4,1466
6,4515
3,1107
1,256
8,2662
1,508
5,1173
4,1068
1,426
1,475
10,2241
10,3311
4,1033
4,3884
1,423
1,628
1,544
2,749
1,226
1,536
1,360
10,2203
10,2514
1,251
1,545
2,775
10,3322
2,669
5,1615
4,1364
3,1322
1,401
8,2467
1,345
3,880
1,258
10,2187
10,3161
1,275
1,474
6,2258
10,2119
2,838
3,1232
6,29137
1,506
1,618
6,2236
1,410
5,1879
1,274
10,2400
10,4500
1,260
1,340
10,6018
10,3576
10,2483
3,1261
1,83914
2,867
4,1498
1,320
1,247
6,1975
1,298
3,876
2,915
1,384
1,722
9,3701
1,493
10,3481
8,2645
1,477
3,975
1,459
1,549
1,273
6,2017
10,3186
10,3536
10,2245
1,265
5,1592
6,1971
9,2484
6,1600
2,909
5,1473
1,409
1,507
7,2263
1,235
2,620
10,2202
10,4487
10,3801
10,2243
1,353
10,17443
1,313
6,1909
3,1199
4,1861
8,2585
5,1659
5,1706
10,2121
4,1361
1,473
10,2342
10,2474
10,3359
1,437
8,2800
1,343
10,3234
1,692
1,418
3,10418
4,1373
1,379
10,1953
1,434
10,3433
7,1906
8,2169
9,1998
5,1609
1,647
4,1623
10,2474
7,2377
5,6238
1,612
1,466
5,1609
10,2240
1,437
10,2459
5,1210
10,2474
4,1263
7,7943
1,537
1,449
10,2945
1,337
7,2479
1,567
3,935
3,1220
2,846
5,1607
9,2139
1,323
1,272
10,2845
1,478
1,608
1,259
10,3217
1,314
3,991
1,617
1,320
4,1413
10,2223
4,1349
10,2284
1,239
1,228
10,3110
3,1083
1,352
1,260
4,9805
5,1718
1,335
3,982
3,1124
4,1448
10,2117
3,991
8,2206
1,523
1,274
10,2304
5,1594
1,621
1,241
4,1508
5,1826
3,966
1,875
8,2589
3,1073
8,2259
2,37470
3,862
1,319
1,228
1,623
3,899
1,15865
1,295
1,477
3,1111
8,2556
1,529
3,1106
9,2968
5,1619
8,4585
10,2668
1,268
1,213
6,2386
6,4617
1,637
1,328
1,379
3,1361
1,329
1,482
8,2620
7,3565
10,2320
3,2132
5,1280
1,255
1,225
4,1690
9,2870
1,627
4,927
1,345
5,4604
5,2010
1,558
1,2111
7,2176
3,1151
5,9062
10,2336
1,261
1,232
4,1392
7,2181
1,504
1,420
1,345
3,1024
1,519
9,3167
1,551
8,2264
8,2375
3,1060
10,2612
1,440
1,395
6,1412
7,1587
1,536
10,3276
1,893
6,2047
3,1138
7,2355
5,1716
7,2368
5,1051
8,2722
2,689
1,382
1,236
10,2633
8,2255
1,341
10,2153
1,337
7,2454
3,1124
5,1692
1,5074
5,1963
10,3117
1,384
10,3191
10,3405
1,246
3,1157
4,1117
1,446
10,2156
1,345
9,2300
5,1585
1,341
5,1832
1,370
10,2148
1,455
7,1739
1,292
8,2267
9,19906
1,597
2,814
2,809
1,229
1,362
3,937
5,1916
8,2617
2,770
2,556
1,471
5,1236
5,1633
3,712
10,10246
2,911
6,1876
10,2787
1,308
1,361
6,1891
3,1120
3,1011
1,381
10,2567
1,427
1,500
10,2723
10,3009
10,37453
2,843
6,2156
10,2619
1,273
1,368
7,2378
6,1841
3,1220
1,286
7,2386
1,425
1,372
10,3174
5,1206
7,3015
10,2150
3,746
8,2286
10,2127
1,283
9,2679
3,950
3,993
1,237
10,3250
1,543
1,341
7,1821
10,2153
6,20076
1,633
1,392
10,2345
10,2607
1,238
7,2297
5,1558
5,1596
1,232
1,367
1,459
1,352
10,2535
2,823
1,578
6,1361
4,1402
3,840
10,2948
1,351
4,1077
1,559
1,348
1,241
1,242
1,443
1,646
10,3358
10,4698
1,22922
10,2603
4,1410
8,1951
2,447
1,363
8,2780
3,885
9,7847
1,294
1,281
1,507
1,348
3,863
7,2891
1,549
6,1781
3,1284
5,1926
10,3652
8,1658
7,2324
8,2593
7,4489
1,290
1,233
5,1740
10,2438
10,2424
5,1200
1,531
10,3309
3,3711
10,3154
10,2696
7,2364
4,1625
7,2377
5,2012
1,272
1,397
1,370
1,257
1,394
10,2268
1,747
10,3753
2,703
10,2800
8,1854
1,236
1,387
4,1111
2,798
1,242
1,338
1,404
1,250
10,3240
10,2184
1,571
10,3697
3,2839
10,3310
10,2372
1,657
1,404
4,1392
7,1751
2,447
1,241
3,1071
1,312
10,2031
10,2310
1,702
9,2885
8,2629
10,3863
10,2005
1,445
2,662
7,2161
7,2632
1,261
1,235
3,1011
1,263
6,1835
5,1243
5,1463
4,1323
3,1676
1,389
1,302
4,1294
1,456
2,540
1,391
10,2348
1,259
1,423
10,2239
10,3022
10,3193
1,350
4,989
1,517
7,1585
9,1961
4,1402
1,397
10,2372
4,1914
6,1452
1,317
6,2070
10,2300
10,2556
10,2687
1,984
10,3872
1,564
1,539
5,1580
7,1809
1,395
6,1390
1,464
1,304
10,2105
1,314
3,763
9,2002
10,2128
2,1099
1,616
5,2008
2,684
10,2844
1,517
1,283
1,293
1,494
10,2040
10,2396
5,1792
10,2783
4,1136
5,1526
1,615
1,253
5,1753
1,283
10,2040
2,774
1,271
5,1361
2,488
10,2133
10,2126
1,350
10,2246
7,1677
10,2335
1,572
1,248
7,9668
1,258
1,444
2,643
1,239
10,3524
1,350
10,2733
5,1723
3,1119
7,1618
2,760
1,253
6,9997
1,330
1,571
1,251
9,2356
10,2325
1,236
10,2531
1,275
10,3544
10,2157
7,2290
10,3216
1,405
1,328
6,2654
1,332
3,1240
1,241
10,2670
6,1779
1,338
10,2217
1,289
4,1334
10,2225
9,3175
10,3185
1,269
1,355
1,611
1,269
3,1462
1,234
5,1134
1,229
1,258
4,1515
1,583
9,2488
5,1451
7,2368
5,1556
1,277
1,234
3,1161
1,257
6,2220
1,266
1,338
10,2530
2,622
10,3226
1,398
10,2514
7,1629
4,1046
10,2289
1,302
1,234
4,1917
1,347
5,1873
1,265
1,235
5,1744
10,2165
9,2234
1,409
10,2196
10,3107
4,1135
7,1476
1,267
1,253
5,1815
1,384
3,1323
5,1261
1,214
10,2279
10,2283
1,459
1,288
10,3095
10,2453
1,351
10,2248
1,310
1,222
4,3427
1,374
7,2548
1,296
1,235
10,3304
6,1848
1,309
1,264
10,2164
5,1405
7,2205
10,2207
1,253
1,231
3,1221
10,2099
9,3144
10,2596
1,253
4,1299
5,1269
5,1558
10,2256
2,990
3,663
2,662
10,3013
1,471
1,294
3,1115
10,2324
7,2234
1,386
1,306
9,2348
10,3574
1,251
1,780
10,2835
10,2082
6,1929
5,1128
10,2220
1,243
3,9171
10,2306
7,2169
10,2182
1,232
5,1226
10,2146
1,306
10,2878
10,2110
10,2200
10,2217
3,764
1,397
4,1291
2,834
2,714
1,804
10,2157
1,337
10,3319
10,3005
1,233
5,1189
8,2000
10,2143
4,1315
1,429
1,331
10,2729
3,1237
10,2588
4,1500
5,1361
1,387
10,3220
4,1171
1,244
10,3187
1,463
5,1386
1,314
1,314
3,1044
10,2878
1,429
8,2780
1,449
10,3866
1,321
10,2079
5,1887
1,228
10,3608
1,364
10,2938
6,1738
1,406
10,2329
7,1726
3,2132
10,2049
1,526
9,2011
10,2512
2,701
10,3346
1,238
9,2855
1,245
1,413
10,3022
1,271
8,2026
10,2143
1,594
3,962
4,1370
5,1281
10,2068
10,2210
10,2079
1,288
5,1756
1,288
1,247
10,2704
1,249
9,3038
10,5229
7,2097
8,2154
1,340
10,2155
10,3297
10,3153
10,2195
1,288
10,3303
1,402
1,354
10,2245
1,241
10,3194
6,3817
5,1858
10,2458
7,1917
5,1253
10,3029
10,3486
10,2342
10,3243
2,637
1,347
1,282
9,3158
1,249
10,2973
3,770
5,1706
5,1202
1,333
10,2109
5,1742
1,378
10,3680
10,2351
10,2968
1,236
1,248
4,1358
1,293
1,609
10,3174
7,2352
10,2738
1,488
7,2286
10,2184
1,375
2,661
1,391
10,2972
1,426
1,263
10,3389
10,2237
10,2526
1,476
3,1229
10,2956
1,410
10,3073
5,2191
1,345
10,4035
10,2461
10,2863
1,243
1,241
1,697
1,230
1,345
10,2176
6,2067
10,3124
2,722
10,2728
10,3265
1,333
8,2103
10,2897
10,2304
1,228
1,256
1,657
1,226
10,2157
10,3107
5,1809
7,1707
1,340
10,2153
10,2095
1,334
1,583
10,2134
8,2138
10,2173
1,247
1,644
10,2606
10,2215
8,2651
3,1289
2,502
1,429
10,2176
10,2267
1,358
1,289
9,2122
10,3198
3,1215
1,246
1,582
10,2628
7,1574
10,3067
7,2601
5,1543
1,402
1,285
4,824
1,343
1,261
10,2854
10,2167
9,2439
10,2186
1,349
6,1372
10,3518
10,3189
9,2999
10,2229
1,365
1,426
7,2232
1,325
1,263
8,1818
1,502
10,2092
1,338
1,266
10,2702
10,3888
9,2229
4,1239
1,380
3,967
5,2023
10,3529
1,339
1,297
4,819
1,356
10,2391
10,2107
1,246
10,2289
9,2037
2,653
7,2198
1,273
10,2923
1,343
10,2274
1,330
1,240
10,3233
1,345
10,2522
10,2101
1,261
4,1220
3,853
10,2132
7,1708
1,415
1,456
1,378
10,2572
8,2127
1,246
5,1416
1,269
10,3309
7,1973
1,350
10,2870
9,2137
1,278
4,1316
1,229
5,1307
1,267
6,1359
10,2719
1,241
10,2079
1,256
1,436
10,2025
1,352
10,3306
3,1163
1,223
1,432
1,275
6,1664
1,260
3,711
8,1854
1,252
10,2026
1,266
7,2638
9,2075
10,2873
7,2331
1,363
1,240
2,510
1,241
10,3296
1,292
1,367
3,615
1,252
10,3393
1,244
10,2236
3,736
10,3065
10,2885
1,262
1,253
1,398
1,271
9,2985
1,235
1,394
10,2157
10,3283
2,556
1,260
10,2993
2,776
10,2226
9,2357
1,295
1,227
1,327
1,226
10,3132
1,241
1,272
5,1786
10,2423
6,1540
1,350
10,2204
9,1892
10,2650
10,2179
1,287
1,232
1,332
1,260
10,4056
1,249
1,229
10,3237
8,2131
1,358
1,552
10,2000
10,2124
10,2407
10,2142
1,307
1,220
1,245
1,233
5,3039
3,744
1,228
10,2616
5,1566
1,281
10,2822
5,1249
5,1130
10,2068
10,2849
1,289
1,241
1,247
10,3190
4,1469
10,2293
1,518
2,692
10,2789
1,268
3,930
10,2585
10,3127
9,2799
3,960
1,247
1,229
1,283
10,1966
10,2359
2,572
1,258
7,2685
10,2896
1,400
10,2273
10,3309
1,388
10,2334
1,311
1,228
1,229
1,239
10,2373
10,2124
10,2108
1,345
5,1176
2,997
5,1495
5,1196
5,1210
8,2453
1,350
1,449
1,342
5,1302
1,379
5,1565
10,2360
10,2259
1,271
10,3024
10,2770
1,300
10,2639
1,383
10,3148
4,1307
1,332
1,373
10,2818
1,288
10,2639
10,2244
8,2657
1,239
10,2183
5,1249
1,322
2,551
1,293
5,1501
5,1652
1,287
10,2291
10,2721
1,270
5,1965
1,511
10,2772
10,3311
10,2328
10,2378
1,322
10,4664
1,296
10,3292
10,2103
1,367
1,362
9,2077
3,929
10,2295
10,2028
8,1738
1,332
5,1206
10,2162
1,339
7,2136
1,262
10,2402
2,704
1,293
10,2291
10,2110
10,2664
5,1238
10,2808
2,639
10,2067
10,3066
10,2227
1,255
5,1344
1,238
1,430
10,2222
1,307
7,1632
5,2041
1,373
10,2171
1,758
2,820
10,3133
10,2903
10,3410
1,397
8,1852
1,237
1,386
10,3237
1,261
10,2192
10,3512
6,1749
10,2633
1,344
10,2206
10,3190
10,2018
10,3572
10,2112
5,1419
1,235
1,355
6,1322
1,316
10,3380
1,399
10,2603
7,1987
1,298
5,1802
8,1791
1,311
5,1249
10,2021
10,2341
1,488
1,246
5,1081
1,325
10,3221
10,2157
6,2048
10,2339
1,585
10,2140
9,2044
1,229
10,2675
3,714
10,2316
1,312
1,323
8,1897
10,2322
10,2356
1,355
10,2294
10,2638
9,1921
8,2232
2,608
1,232
5,1836
10,3223
5,1714
1,301
1,250
1,684
1,331
4,965
10,2281
10,3463
10,3240
1,374
9,3326
2,817
1,231
1,451
10,3133
10,3496
10,2130
1,251
1,305
10,3294
10,2076
10,3762
9,2807
5,1583
1,280
10,2899
10,2084
1,225
1,283
10,2362
10,2581
4,1181
1,234
1,252
10,2365
10,2364
9,2710
4,1543
3,808
1,596
10,2193
10,2064
1,219
1,315
7,1711
10,2765
10,2030
1,228
1,237
7,1958
9,2230
10,2860
4,1227
10,3263
1,284
1,643
5,1088
1,218
1,321
10,2133
10,2777
10,2037
1,245
1,239
10,2073
10,2548
10,3086
10,3124
1,294
1,249
10,2284
10,2833
1,214
1,344
10,2397
1,479
10,2273
1,354
1,284
10,2757
10,3395
9,2007
10,2965
1,261
1,267
1,427
8,2022
1,222
1,380
5,1028
1,378
10,2218
10,2950
1,293
3,819
6,2011
1,524
10,2608
1,297
10,2179
5,1745
10,2871
1,217
1,500
10,3044
1,262
10,3244
10,2082
1,249
1,375
1,495
1,270
10,2635
1,236
3,1067
1,346
9,2909
5,1186
1,285
7,2176
1,244
6,1850
10,2343
1,250
10,2429
10,2277
1,459
1,568
1,329
8,1641
1,361
10,2425
10,2375
1,309
10,2022
1,351
10,2848
9,2903
1,281
10,2203
1,389
10,2928
10,2561
1,248
5,1829
1,244
5,1151
10,3177
1,284
10,2151
1,252
10,2434
10,3249
10,2143
9,2724
5,1292
1,445
10,3321
1,229
10,2455
1,443
1,356
5,1006
10,2193
10,3289
1,301
1,215
9,2497
10,1915
9,2656
1,387
1,283
9,3312
1,222
7,1802
1,252
1,439
10,2221
10,2022
5,1775
1,351
10,2108
1,509
10,2139
10,2992
1,249
1,283
1,347
1,235
2,628
1,237
1,358
7,1455
10,2630
1,335
1,350
10,2075
3,972
10,2411
10,2150
1,289
1,272
1,390
1,231
10,2785
1,239
1,245
10,2037
7,1800
1,288
1,350
8,2226
10,2950
10,2216
10,2898
1,282
1,254
1,241
1,443
10,3038
1,238
1,302
10,2845
10,3185
1,250
10,2188
10,2432
10,2833
10,2619
10,2484
1,285
1,246
1,233
10,3055
5,1199
1,380
1,246
5,1986
10,2674
3,699
5,1502
9,2136
10,2623
10,2363
1,293
1,257
1,245
1,233
10,2572
10,3011
10,2360
1,344
3,814
10,2616
1,295
10,3304
2,834
9,3131
10,2216
1,401
1,223
1,239
1,270
10,2503
10,2873
4,999
1,347
10,2658
3,854
1,457
7,2500
1,544
7,1763
5,1192
1,268
1,266
1,457
1,292
8,2575
10,2496
10,2057
1,335
1,489
10,2457
1,273
10,3406
1,239
10,3274
7,1584
1,314
1,482
10,2337
1,313
9,2031
3,951
10,2783
1,305
10,2288
1,257
1,236
3,954
1,226
1,428
10,3259
1,253
10,2424
8,2879
1,359
2,580
10,3301
9,2862
1,229
10,2678
10,2029
1,278
10,2606
1,276
10,2437
3,1014
1,499
5,1209
9,2815
1,238
10,2084
10,2344
10,3593
1,396
8,2645
10,2202
1,616
5,1450
1,271
10,2364
10,2730
1,293
10,2567
10,2672
10,2031
7,1514
10,2148
6,1443
10,2394
10,3198
10,3527
1,388
3,978
1,311
1,363
10,2052
1,251
10,2230
10,2640
4,929
10,2188
1,645
1,578
10,2052
10,3139
10,2327
1,552
7,1822
1,337
1,254
5,1723
1,239
10,2208
2,644
9,1876
10,3119
1,404
3,1159
10,2226
9,3079
8,1691
9,1994
8,1867
1,286
1,232
3,702
1,235
10,3321
10,3145
10,2936
9,2354
1,307
10,2300
10,2990
1,268
9,2018
10,3611
1,310
1,351
1,515
7,1838
1,251
10,3065
10,2379
5,1124
10,3261
1,394
8,1934
9,2944
1,223
2,546
6,1489
10,2009
1,388
1,398
1,360
10,2820
6,1492
4,1683
10,2038
10,3578
1,337
10,2594
9,2894
1,267
1,387
10,3208
10,2313
10,2200
1,259
1,260
10,2517
10,2109
10,2730
10,3443
3,944
1,391
7,2553
1,395
1,247
1,281
10,3186
2,712
5,1385
1,244
1,238
10,2175
10,2422
10,2993
6,1713
10,3376
7,1392
10,3769
3,888
1,288
1,335
10,2980
10,2243
10,2343
1,247
1,232
10,2670
10,3531
10,2411
1,444
1,352
1,222
10,3366
10,2495
1,313
1,257
4,1031
10,2829
10,2991
1,243
1,257
10,2062
10,2407
10,3028
5,1352
10,2179
1,253
10,2482
10,2237
1,230
1,240
2,814
10,3018
10,2047
1,267
1,233
10,2483
10,2122
10,2417
10,2488
1,526
1,378
1,256
10,2272
1,214
1,282
10,2180
9,1889
10,3154
4,1737
1,269
4,1021
4,1227
6,1569
10,2208
1,241
1,300
1,396
7,1560
1,286
1,270
10,2207
1,484
10,2036
10,2520
1,264
10,2315
10,2295
1,516
10,2729
1,239
10,2248
1,389
7,3228
1,257
1,381
5,1160
1,267
5,1214
10,2076
1,368
10,2279
1,252
1,297
10,2463
1,432
5,1614
10,3317
10,2562
2,512
1,256
8,2093
1,263
10,2700
10,2435
1,248
6,1585
1,234
1,304
3,996
1,270
10,2496
2,876
10,5159
1,392
1,382
9,2960
1,313
10,2260
10,3463
1,405
10,2499
1,319
10,2311
10,3073
1,236
7,1571
1,376
3,673
10,2835
1,366
10,2185
1,239
1,345
10,3103
10,2586
10,3015
7,1742
1,237
10,3135
1,294
10,2974
1,399
10,3261
10,2207
10,2312
10,1995
1,242
10,2251
6,1341
10,2173
10,2120
1,465
1,263
7,1908
1,230
5,1237
1,321
1,378
7,2207
10,2498
10,3419
1,421
10,2182
5,1200
10,2268
10,3190
1,382
1,303
1,452
1,263
10,3286
1,239
1,263
9,1842
10,2175
5,1149
1,242
9,2348
10,2030
10,2083
10,3280
1,348
1,213
1,261
1,247
10,2395
1,279
1,605
9,3044
9,2863
1,406
1,249
10,3075
10,2226
10,2056
1,527
1,234
1,253
1,455
1,449
3,910
1,267
1,275
10,2055
9,2472
1,272
1,338
9,1804
10,2385
9,1887
1,337
1,359
1,247
1,285
10,1990
10,3257
1,241
1,275
10,2934
10,3126
1,283
10,2386
1,473
10,2577
10,3152
1,291
1,373
1,254
1,239
10,2021
1,461
10,2238
1,422
3,937
10,2503
1,331
7,1694
1,347
5,1267
1,285
1,294
1,241
4,1060
1,241
10,2012
10,2400
6,2128
1,470
1,340
1,439
1,301
10,3264
1,346
10,3540
10,2719
1,349
10,2308
8,2860
1,212
9,3097
10,2386
10,2010
1,260
10,2408
10,2310
1,263
10,3288
1,278
10,3436
5,1287
1,277
3,866
10,3301
1,222
9,2029
10,2049
10,2420
1,273
1,349
1,274
1,247
9,2365
1,233
10,3426
9,2389
1,435
10,2009
6,1561
1,230
1,464
6,1268
10,2439
1,269
10,2147
10,2122
1,514
3,748
1,343
1,357
9,2522
1,308
10,2637
10,3337
1,270
1,467
10,2875
10,2492
10,2211
10,2095
10,2079
1,395
10,2436
1,326
1,261
3,949
1,279
10,3487
10,2393
10,2167
10,2975
9,2858
4,1044
4,942
9,2136
10,2352
1,313
3,1011
1,325
1,357
10,2955
1,297
10,3348
2,1098
5,1672
9,2736
1,358
5,1260
10,2026
10,2942
10,3682
1,328
1,450
1,333
1,289
10,2065
10,2511
10,2566
10,3514
10,2636
10,1990
1,264
10,2098
10,2285
10,2160
9,2646
1,593
7,2304
1,346
1,234
5,1218
10,2169
9,2750
10,3337
10,2637
9,1807
1,241
8,1811
10,2276
9,2818
9,1935
9,2300
9,2020
1,263
1,364
1,305
10,2254
10,3166
6,1300
7,1682
10,2997
1,232
10,2234
10,3105
1,362
1,587
10,2016
1,267
10,2153
1,350
7,2703
10,3114
10,2259
10,2288
10,2418
10,2209
1,213
5,1334
6,2277
1,332
1,336
7,2135
10,2316
8,2173
1,233
1,509
10,2736
10,2551
10,2562
10,2202
1,395
1,215
10,3007
5,1313
1,240
1,277
10,2966
10,1907
10,2801
1,253
1,293
10,2445
10,2943
10,3159
5,1844
10,2694
1,316
10,3034
10,2358
1,229
1,275
10,2368
1,858
10,2072
1,228
1,238
6,1509
10,3062
10,2174
3,922
10,2656
1,282
1,460
10,2238
1,241
1,255
10,2974
10,2811
10,2103
6,1681
1,336
10,2732
1,341
10,2199
10,2548
10,2512
4,912
1,333
8,1898
1,254
1,244
3,844
10,2960
10,2143
10,2906
1,221
10,2771
10,2683
4,1160
10,2271
1,376
1,266
10,2962
10,2071
1,242
1,293
3,887
10,2752
2,761
10,1983
1,362
4,1093
1,501
1,380
1,432
1,242
1,220
1,340
5,1281
1,230
1,236
10,2244
9,1975
10,2629
10,2338
1,244
10,2433
1,345
1,237
10,2403
1,345
10,2077
1,250
10,3200
1,229
1,289
10,2353
1,443
10,2072
10,2500
1,278
10,2595
1,239
1,254
10,2970
1,299
5,1101
1,238
10,2664
1,232
1,345
9,1858
1,541
10,2233
4,1541
1,229
10,2229
1,313
1,230
6,1977
1,420
10,2502
10,2545
10,2329
1,402
1,450
7,1848
1,285
4,1328
10,2586
1,272
10,2092
9,2074
1,384
10,3055
1,250
9,2963
2,440
2,482
3,931
3,866
10,3075
1,251
10,2956
7,1952
1,360
10,3033
1,244
1,334
9,2773
1,269
10,2718
1,312
1,504
10,2137
10,2103
10,2066
1,243
10,2037
10,2388
10,2886
1,488
1,247
10,2437
4,1682
1,224
5,1779
1,419
1,406
10,3149
10,2237
10,2076
1,245
10,2720
10,2293
10,2176
1,258
1,359
1,232
1,720
1,243
10,2763
1,310
1,308
9,1982
10,2795
10,2320
1,337
10,2349
10,2628
10,2787
1,244
1,228
1,239
1,351
1,251
10,3192
1,258
1,336
7,1718
7,1852
1,297
1,258
6,1187
10,2840
10,2120
1,245
1,315
1,411
1,242
4,1445
1,374
1,235
1,519
10,2940
10,3047
1,285
1,256
1,383
3,830
10,2922
1,241
1,260
1,246
1,293
10,2254
10,2190
10,3367
1,276
10,2147
10,3129
1,228
1,238
1,260
10,3250
9,2373
1,250
10,2201
6,1798
1,281
10,2098
1,452
8,1833
1,259
10,2321
10,2560
1,214
1,423
1,226
10,2464
10,2453
1,325
1,365
10,2738
1,321
10,2355
10,2120
10,1965
1,307
1,491
10,2251
1,302
10,2078
1,350
10,3787
3,830
1,271
10,2134
10,2215
1,354
10,2998
10,2838
10,3097
1,388
10,2374
4,887
1,537
9,2902
1,327
1,523
10,3095
1,317
10,2231
4,1221
1,459
6,1377
10,3335
10,2445
1,254
4,1369
10,2922
1,401
9,2113
1,346
1,311
8,2466
1,284
10,2986
10,2284
1,250
5,1288
7,1590
10,2349
10,2145
10,2263
10,2038
1,239
10,2699
1,336
1,263
7,2002
10,2207
10,2326
10,2453
1,288
10,2394
10,2840
2,577
6,1265
10,2456
10,2311
1,311
10,3069
1,358
1,298
10,2726
10,3221
10,2506
10,2492
10,2410
10,2261
9,1917
7,1634
10,2063
10,2645
10,2379
1,361
4,955
1,251
1,289
4,1631
10,2593
2,677
10,3348
7,1755
10,2501
1,357
10,2169
10,2898
10,3142
10,3367
1,266
10,2535
1,248
1,312
10,3347
10,3123
9,3023
9,2734
10,3048
5,1332
1,265
10,2315
10,2290
10,2641
6,1413
4,1010
1,364
10,2250
1,449
10,2451
10,3516
10,2411
10,1984
10,2236
10,3212
1,241
10,2607
10,3327
6,1951
1,408
6,1306
6,2042
8,2014
1,353
2,934
10,2334
10,2856
10,3173
9,2295
10,2883
1,294
3,1120
4,1444
1,284
1,268
10,2748
10,2107
10,2098
1,240
6,1774
8,1848
10,3834
10,3166
10,2318
10,2725
1,242
10,3179
7,1781
1,247
1,338
10,2184
4,961
10,2085
1,340
1,579
10,2237
10,2361
10,3006
10,2504
10,3423
1,227
10,2901
10,2179
1,257
1,295
10,3028
10,2465
10,2076
8,2269
1,323
10,2693
8,1852
10,3144
3,953
10,2111
1,448
1,312
10,2375
1,249
1,238
10,3120
10,1974
10,2228
10,3447
1,283
2,617
1,344
1,358
1,480
1,324
1,263
1,227
9,3032
1,244
1,249
10,2146
10,2592
10,2629
10,2173
1,264
10,2554
10,2609
1,410
10,2987
1,263
1,339
1,224
10,1987
1,281
1,259
5,1163
10,3557
2,846
10,3564
1,237
10,3274
1,842
1,281
10,3410
1,287
3,1014
1,294
3,977
1,232
1,261
10,2143
10,2161
10,2128
10,3927
1,277
10,2109
1,427
1,348
1,349
1,238
1,279
1,250
10,3269
1,234
1,315
10,2104
6,1460
10,2876
10,2293
1,511
10,2622
1,279
1,280
10,2020
1,249
10,2312
10,2653
10,2805
1,244
1,367
10,2025
1,504
6,1522
2,677
1,247
10,3362
1,272
1,384
10,2725
1,374
8,1584
1,286
1,492
1,225
5,1184
5,1095
1,322
10,2252
9,2641
1,225
1,577
1,266
1,275
7,2393
1,264
10,2235
1,359
10,2409
5,1363
10,2121
10,5425
1,258
10,2390
10,3413
1,229
1,545
1,379
10,2463
10,3214
1,226
10,2195
1,375
1,392
10,2464
10,2088
10,3266
1,323
10,3137
10,2261
4,1111
1,282
1,365
1,258
9,2185
1,262
10,3431
10,3304
1,255
10,2514
10,2112
10,2073
1,287
10,2297
10,2304
10,3381
1,351
1,441
1,248
3,954
1,237
2,778
1,259
1,292
10,2294
5,1269
10,3233
1,291
4,826
10,3309
10,2502
1,256
10,2397
1,259
1,497
6,2085
10,2944
1,527
1,289
5,1530
10,2895
1,289
1,310
1,370
1,542
10,2340
1,341
1,316
1,312
1,311
10,2004
10,2180
10,2148
1,307
10,2865
10,3296
1,236
1,304
1,234
10,3683
10,3205
1,276
1,381
8,2423
1,250
10,2212
10,3374
10,2065
1,298
10,2075
10,3058
1,232
1,352
1,271
10,3212
6,1517
1,360
2,892
10,2182
1,266
10,2075
4,1076
10,2191
1,239
10,2683
10,2350
1,337
1,326
1,294
10,3473
10,2863
1,355
10,2405
10,3011
1,375
10,2322
10,2162
10,3083
1,231
10,2220
6,1984
1,372
5,1414
1,273
1,385
10,2141
1,346
2,841
2,772
1,290
4,895
10,2284
10,2100
1,249
6,1277
10,2174
1,366
10,2095
1,235
1,373
5,1128
10,2165
10,2188
10,2139
1,338
7,2098
10,2249
10,3151
1,235
10,2310
10,2268
1,376
10,2462
1,475
1,261
10,2527
2,718
10,2076
10,2247
1,216
10,2150
10,2228
9,2766
10,3445
10,3400
10,2718
1,315
5,1345
1,241
1,321
8,1999
10,3403
8,2069
10,2176
1,243
10,3286
10,2135
10,2712
8,2463
10,2326
10,3362
1,366
10,2101
1,253
1,277
5,1784
10,2214
8,2009
10,2239
1,392
10,2097
6,1979
10,2131
10,3171
10,2668
10,2304
1,279
10,3136
1,289
1,236
10,2247
10,2314
10,2162
2,715
1,312
3,676
1,356
10,2217
10,3541
10,2562
4,1059
6,1325
8,1709
3,934
1,234
8,2522
10,3447
4,1167
9,2852
10,3017
10,3033
1,221
1,512
10,3729
4,1293
1,434
4,1437
10,3140
10,2075
1,239
10,3196
8,1796
10,3295
10,2148
9,2244
10,2307
1,249
10,3151
10,3229
1,465
1,352
10,2163
2,728
10,2380
1,255
10,2975
9,2088
10,3145
10,2816
10,2241
10,3545
1,230
10,3142
2,791
1,266
1,312
10,2135
10,2058
10,2108
1,231
2,793
2,592
10,2127
10,3340
9,1904
10,3461
1,242
1,423
9,2839
1,302
1,465
10,2649
6,1314
7,1629
2,757
2,911
10,2139
10,2431
10,2007
10,2143
10,2510
1,335
1,255
10,2679
1,281
1,350
10,3444
10,2322
10,2079
9,1929
1,365
10,2373
10,3400
8,1618
10,2368
1,272
1,238
1,239
10,2264
1,235
1,251
10,3048
10,2686
10,2339
10,2149
1,235
1,256
6,2011
1,300
10,2360
1,253
1,260
1,240
10,3010
1,251
1,254
7,1696
10,2764
10,2877
10,2118
1,259
10,1993
1,406
1,394
1,415
1,321
1,262
1,243
10,2439
1,236
1,245
10,2092
10,2329
10,2069
10,2284
1,244
10,2347
1,263
1,286
10,2579
1,276
1,244
1,252
1,534
1,309
1,253
10,2346
10,2647
10,3057
10,3279
1,226
8,1795
10,2144
1,299
10,3338
1,248
10,2197
10,2202
10,3461
1,261
1,290
10,2047
4,1376
9,2458
1,388
1,239
10,2161
1,239
1,258
4,1343
1,245
8,1704
1,271
10,2918
1,244
7,1626
3,724
1,455
10,2130
8,1816
1,261
10,3001
1,214
1,322
10,2245
1,245
10,2207
1,369
10,2484
7,1706
10,2154
10,2250
1,335
10,2247
10,2557
1,230
1,378
1,231
1,250
10,2584
1,318
10,2283
1,344
1,434
10,2289
10,2245
10,3307
1,265
10,2894
10,2687
1,291
1,298
1,345
1,220
9,2928
1,377
10,2268
10,2563
1,285
10,2461
10,2282
10,2302
1,322
10,2248
2,924
1,231
1,248
1,242
1,256
10,2729
1,332
2,591
1,228
1,232
10,2350
3,900
10,3174
1,269
1,260
10,2204
6,2047
1,372
1,232
1,287
6,1972
9,2449
10,2583
2,555
1,269
3,768
10,2748
1,357
1,331
1,450
2,680
10,2272
1,246
1,281
10,2257
1,415
10,2263
10,3442
8,1976
1,258
10,2424
10,3869
1,277
1,323
1,316
10,2160
10,2722
1,336
10,2217
1,377
1,422
10,2254
10,2353
10,2319
1,371
10,2647
10,3571
1,271
1,300
1,232
10,3559
10,2277
1,245
1,290
9,2115
1,261
10,2500
6,1966
10,2082
1,353
10,3513
10,3399
1,299
1,324
1,268
8,2116
10,2311
1,249
2,659
2,834
1,223
10,2125
10,2263
10,3779
1,279
10,2961
9,2072
1,249
1,258
1,234
8,1757
4,1154
1,267
10,2135
10,2002
1,272
1,351
10,2878
10,4200
1,260
8,2821
10,2223
1,236
7,1740
1,256
10,2525
10,2989
1,288
4,1602
10,2449
1,216
9,2013
10,2671
10,2829
1,281
10,2401
10,2305
1,249
10,2390
1,253
1,386
10,2321
10,2077
10,2294
1,359
1,244
10,2201
10,2112
2,555
10,2472
10,2327
10,3407
1,249
10,3282
1,355
1,371
7,1787
10,3499
10,2031
10,2332
1,250
10,2785
4,1303
10,2725
10,2403
10,2085
10,3388
1,247
3,857
1,243
1,456
2,668
4,1177
8,3013
8,2567
1,263
10,2552
10,2412
10,3562
10,2113
10,2371
10,2510
1,243
10,2160
1,251
1,271
10,2181
10,2454
6,1987
10,2578
1,474
1,320
1,483
1,310
10,3194
10,2147
1,340
8,2064
10,2747
5,1119
1,259
10,2568
10,2395
1,391
10,2386
5,1211
10,7208
1,266
10,2094
10,2625
2,696
1,599
2,801
10,2084
10,2070
1,232
3,856
10,2376
10,2551
4,917
1,270
10,4578
1,267
10,2311
10,3857
1,301
1,311
10,2452
10,6221
10,2850
1,257
10,2076
6,1550
6,1922
10,3030
10,2432
10,3768
1,500
8,2723
2,630
1,295
1,307
10,2142
10,2369
5,1171
1,259
10,3594
10,2428
10,3181
10,2362
10,2441
10,6844
1,303
10,3478
2,818
1,238
1,299
10,3519
9,2819
10,2682
1,255
8,3035
2,617
10,2747
10,2620
10,2177
1,500
1,239
1,364
10,2455
1,237
1,276
10,2463
10,3004
10,2183
1,233
10,2879
10,3375
10,2061
10,2205
5,1185
10,2699
1,260
1,395
10,2185
1,289
1,248
10,2321
10,3202
10,2037
4,1364
1,423
10,2593
9,1997
10,2082
10,2244
1,548
1,309
1,311
8,2027
1,347
1,254
9,2876
10,2649
10,2886
10,3482
1,239
10,2044
10,2949
6,1309
10,2245
1,457
1,235
1,237
10,3109
1,439
1,230
10,2821
10,2981
10,2196
10,6220
1,232
10,2930
4,1062
1,439
10,2268
1,261
1,211
1,270
10,3358
1,248
1,243
10,3178
10,2852
10,2937
10,2219
1,266
8,1795
1,415
1,244
10,2616
1,239
10,2205
1,256
8,6791
1,267
1,649
10,2202
1,354
2,702
10,3193
1,229
10,2172
1,296
1,302
10,3344
1,244
10,1957
1,291
10,2257
1,236
9,2312
1,271
1,504
10,2864
10,2525
1,238
10,2955
1,245
1,298
6,1736
1,298
10,2235
9,2115
10,3432
9,2311
10,2189
10,2727
1,252
10,2235
6,1572
1,257
1,333
10,2244
1,228
10,2877
1,236
10,2243
1,228
1,481
10,2222
10,2126
10,3213
1,277
10,2712
10,2324
1,234
1,267
1,228
1,266
10,2334
1,239
10,2253
1,235
1,270
10,3051
10,3580
10,2401
1,246
10,3534
10,1965
1,239
1,283
1,247
1,253
10,3501
1,287
10,2726
1,444
1,239
10,3963
1,578
10,3230
1,284
8,2020
2,528
1,256
1,293
1,281
1,350
10,2237
10,2920
10,2954
10,2302
1,267
1,412
10,2660
1,377
1,247
1,523
10,3234
8,2256
1,333
1,221
1,282
4,1272
10,2029
10,2289
4,1163
1,244
10,3021
10,2594
1,288
1,273
1,314
10,2794
10,2011
1,274
1,263
10,2328
1,829
10,2986
9,2877
6,2135
1,563
10,2164
10,2320
1,349
1,442
1,234
4,1148
10,3150
1,234
1,240
1,306
1,286
10,2590
10,2235
10,2221
1,507
10,2338
2,612
1,268
1,362
1,267
10,3045
10,2975
1,413
10,2106
10,2550
1,459
10,2316
10,2460
10,2009
1,395
10,2538
10,2722
1,331
1,278
1,246
8,2786
10,3288
1,253
1,290
4,1028
1,247
10,2710
10,6040
10,3397
1,315
2,702
9,2819
1,241
9,2618
1,274
6,1989
2,665
1,266
4,954
10,2397
1,250
2,644
10,6029
10,3543
1,312
10,2308
10,2363
1,355
10,2878
1,586
10,2698
10,2146
10,2148
10,2159
10,2369
1,262
10,1980
10,2347
10,5243
2,798
10,2037
10,2785
1,397
10,2419
1,293
1,516
10,2718
1,634
6,1899
10,2332
1,231
2,701
1,348
2,760
10,3113
10,2787
10,3077
1,252
1,343
1,287
1,266
9,2133
10,2905
10,2287
6,1480
1,214
10,2561
1,370
10,2678
10,2410
10,2454
10,2130
1,302
10,2084
1,287
1,308
3,878
6,1686
10,2118
10,2057
1,299
10,2069
1,302
10,2194
10,3154
10,3072
8,2137
9,2001
10,2975
6,1405
1,277
10,2117
10,2362
6,2164
1,346
1,267
8,2908
1,271
3,691
10,2814
8,2288
1,429
1,358
10,1950
2,536
1,295
10,3394
9,1889
4,1483
10,2229
7,1690
10,3308
1,275
10,2328
10,3427
1,328
1,418
2,734
10,2414
10,2137
1,424
1,467
10,3490
3,1177
6,1351
10,2575
10,2811
1,246
10,2177
8,1877
1,235
1,293
10,2491
10,2185
1,251
1,292
10,2755
4,1136
10,2577
10,3164
10,3417
8,2315
1,270
10,2621
4,1104
1,243
1,328
10,2285
10,2994
10,2588
1,247
10,3812
10,2328
7,1919
10,2522
10,2572
1,334
1,225
8,4091
2,827
1,226
1,345
10,2860
10,2727
4,924
1,246
7,2831
4,1048
10,3267
10,3704
3,637
1,352
1,284
1,305
10,2327
1,303
1,254
10,2925
10,2788
10,3091
1,243
10,2102
10,2234
10,2372
9,2145
10,3040
1,309
1,248
1,246
10,2137
1,230
1,310
8,1999
10,2769
8,1960
1,372
1,365
2,613
10,2213
10,2446
10,2612
10,2600
1,273
1,253
6,2144
1,299
1,256
10,2444
10,2565
9,2338
6,2150
1,234
10,2397
7,2352
4,1442
10,2291
1,258
10,2236
1,354
10,2733
1,328
1,386
2,459
10,2315
10,3372
10,3032
1,237
10,3195
10,3118
1,459
10,2384
1,371
10,2176
1,324
10,1961
1,260
1,277
10,2055
1,546
10,2300
10,2856
1,228
10,3037
3,817
1,251
10,3127
1,438
10,2821
1,274
8,2719
1,219
1,274
10,2200
1,260
10,2277
10,2186
1,275
6,1343
1,642
1,248
8,1980
1,325
10,2962
1,240
10,2837
2,545
2,534
10,2192
1,252
4,1386
9,2816
1,241
8,2034
1,301
1,252
10,3410
1,261
10,3051
1,263
10,3170
10,2151
10,2777
10,4204
1,244
10,3299
10,3506
1,299
10,3420
1,359
1,282
10,3383
1,345
10,2428
7,1410
1,452
8,1743
10,3246
8,2323
1,264
10,2112
4,1165
1,241
1,330
1,266
1,564
10,3193
1,249
10,2779
1,249
1,395
10,2356
10,2083
10,2640
1,234
10,3284
10,2543
1,235
1,256
1,283
1,355
10,3355
10,3605
10,2392
1,351
1,266
10,2665
2,684
1,456
1,240
10,2407
10,2292
1,267
1,240
10,2710
1,287
2,658
10,2027
2,661
10,2064
1,275
10,2204
10,3094
10,3252
1,245
6,2151
4,1179
10,2549
1,243
1,237
1,297
1,390
10,2255
10,3614
6,1592
1,232
10,2261
8,2371
1,271
1,266
1,492
10,2291
10,2934
1,264
1,231
1,408
1,240
10,2176
10,2487
1,405
1,348
10,2858
10,2596
1,265
1,280
1,358
10,3119
2,646
1,295
1,213
10,2395
1,274
10,2106
10,2733
4,1158
1,274
10,2976
8,2353
1,228
2,754
1,338
6,1439
10,2253
1,394
1,233
10,2981
1,263
10,2394
10,2676
10,2343
1,273
4,1186
4,1089
1,365
10,2240
1,244
10,2986
10,3016
1,295
1,232
6,1530
1,344
2,479
10,3326
10,2131
1,328
10,3641
10,2888
1,261
10,2083
1,259
6,2185
10,3319
1,270
10,2063
10,2062
1,270
10,2009
8,1985
10,2474
1,383
10,2025
10,3204
1,312
2,599
1,267
10,3521
8,1882
1,245
8,1798
10,2803
1,229
10,2302
1,420
9,2272
6,1564
10,2346
10,3028
1,243
10,2196
1,282
4,1350
10,2298
10,2139
10,3043
10,3248
1,218
4,1041
1,348
10,3385
10,2785
10,3126
10,2272
1,244
8,2002
1,341
1,382
10,2602
2,635
9,3075
4,1285
1,267
10,2208
1,322
4,995
10,3147
10,2284
10,3405
1,234
10,2134
1,245
1,289
4,1397
10,3306
10,2805
10,2399
1,273
8,2942
1,259
10,2851
10,2115
6,1314
6,1353
10,2605
10,1972
1,261
1,244
10,2414
7,1888
10,2537
2,845
9,1982
10,3233
1,229
10,2453
10,3534
1,277
10,2346
10,3908
8,2127
8,1910
1,249
1,415
10,2240
2,677
10,2744
10,2145
10,2936
1,257
4,941
10,3310
1,254
1,418
4,1715
10,2249
2,557
1,275
10,2663
8,1625
1,697
7,1706
10,3296
6,1921
1,232
10,2425
4,917
1,298
1,249
10,3429
2,753
10,2152
1,298
10,2815
10,3085
4,1105
10,3151
10,2324
1,483
1,270
10,2458
6,2140
1,233
1,376
10,3794
10,2036
3,663
1,267
6,2358
3,949
1,294
10,3161
1,273
1,253
1,265
6,2539
4,1340
1,246
1,382
10,4071
10,2771
10,3135
1,395
10,3367
1,606
10,3362
10,3432
10,2880
1,284
1,421
10,2898
10,2750
1,257
1,339
6,1564
10,2039
2,739
1,325
9,2036
10,2242
8,2848
8,2370
10,2335
1,347
2,780
1,338
10,2169
1,275
1,376
10,2185
10,2347
10,2444
1,270
1,387
8,2709
10,3283
10,2581
10,2807
10,2217
10,2141
1,243
4,963
1,266
1,346
2,470
10,3175
8,1705
3,1124
1,236
9,2632
10,2197
3,1063
10,2245
1,372
10,2368
1,255
10,3436
1,243
1,273
10,2157
8,1647
7,2282
10,2604
1,233
4,990
10,2176
1,434
2,854
1,346
2,463
1,261
10,2244
1,240
1,270
10,3126
1,439
10,2989
7,2123
1,231
10,3181
6,1564
1,248
10,2676
1,326
10,2371
1,252
6,1544
2,809
1,267
10,2157
1,306
10,3171
10,2753
1,223
10,2382
9,2751
1,290
10,2434
1,271
10,2602
1,243
10,3007
10,2212
2,508
10,3045
1,263
10,2305
10,1942
1,224
10,2488
2,758
1,297
10,3881
1,251
8,1775
1,253
10,3682
8,2414
10,2204
8,1642
1,277
6,1258
7,2348
1,233
2,547
1,437
1,311
10,2790
1,233
10,3020
1,380
1,360
10,2942
10,2159
10,2555
1,267
10,2911
10,2545
1,224
6,1411
1,276
1,272
10,3591
1,534
8,1875
6,1578
1,260
10,2446
10,2110
1,333
1,284
10,2111
3,739
1,297
10,2547
1,596
1,322
8,1858
10,2606
10,2359
1,286
1,230
10,3375
4,1539
1,489
1,267
10,2009
10,2789
1,232
1,341
1,308
1,389
1,471
10,2930
4,1396
1,462
1,274
10,2351
10,3003
1,415
1,349
10,3106
10,2033
10,2541
1,254
1,342
1,603
1,331
10,3056
10,5019
10,2901
1,286
10,2414
8,2841
10,3610
1,265
4,1360
8,1766
4,1370
1,244
10,2242
1,348
1,603
9,3334
10,3206
7,1668
1,306
1,390
10,2711
1,376
1,247
1,354
10,2376
10,2786
1,249
1,257
10,2666
1,276
10,1998
10,2871
2,590
1,380
10,2852
6,2008
1,356
10,2110
1,240
10,2587
10,3432
1,284
1,252
10,2208
1,245
10,2523
10,3632
1,449
1,248
6,1962
1,561
1,282
2,424
1,229
9,2063
10,2625
1,265
1,227
9,2992
1,238
4,1139
10,3313
3,717
1,304
10,3194
6,1625
1,235
10,2208
1,244
10,3193
10,3254
1,327
1,321
10,3111
1,338
10,2238
6,1703
10,2166
1,239
10,2081
10,3638
1,316
4,1002
1,241
2,773
6,1971
1,356
1,265
10,3017
1,335
10,2349
1,353
10,2029
7,1717
10,3173
10,3119
1,336
10,3056
1,223
1,781
10,2432
1,373
10,3266
10,3381
1,247
6,2169
1,245
8,2171
10,2393
9,3483
10,2334
1,288
8,2767
1,231
10,3427
10,2289
1,359
10,3418
1,395
1,501
10,2458
1,309
10,2382
10,2463
10,2251
9,2321
10,3582
10,3357
1,228
1,727
3,1326
10,2194
10,2214
10,2873
10,2807
6,2183
1,271
9,2866
10,2891
4,1111
10,2778
1,477
10,2730
1,242
1,373
10,2806
4,1120
10,2266
3,799
2,1021
10,3076
1,249
10,3174
10,3080
1,330
10,2095
10,3263
6,2197
1,230
1,489
3,767
7,2414
10,2230
1,246
10,2186
10,2573
1,248
8,1794
10,3447
1,357
4,1410
6,2181
10,3118
8,2673
1,422
10,3116
10,3367
10,2095
10,2216
10,3132
4,1401
1,242
10,2387
3,723
1,242
1,382
10,2237
1,240
4,950
1,413
10,2228
10,2164
1,506
7,2397
10,2118
1,477
1,286
7,1688
9,2066
1,340
1,301
10,3218
10,2266
10,3596
1,251
7,2073
6,1257
1,370
10,3323
10,2317
1,565
1,261
10,2167
10,3025
1,339
1,291
9,3058
6,1453
4,1588
1,326
10,2774
10,3090
2,490
10,3196
8,2274
1,321
1,230
10,2285
8,1679
1,300
1,267
4,1477
10,3138
10,2424
1,397
7,1600
3,811
9,1910
7,2617
10,3017
1,266
2,571
2,754
10,2033
1,430
1,279
10,2326
10,2200
2,749
1,274
1,410
1,464
10,3181
10,3431
10,2471
1,273
10,2307
10,2473
1,478
1,319
1,268
4,839
10,2231
10,2796
1,272
1,352
10,2780
10,3274
9,2002
4,1238
10,2624
10,2896
1,330
10,3466
1,278
1,393
10,2091
9,3114
6,1549
4,1496
1,307
10,2202
10,2126
3,682
10,3210
1,314
4,1317
1,241
10,2898
1,342
1,305
2,444
4,928
6,2194
7,2780
1,244
9,2447
10,2101
1,450
10,3814
1,343
10,2077
1,361
10,2479
4,980
1,275
10,2428
1,455
10,3295
10,4222
1,237
7,2050
9,2226
1,233
10,4023
1,545
10,2064
1,244
2,512
10,2180
1,343
10,2074
1,258
10,2292
10,3938
1,246
2,437
8,2520
1,250
10,2499
1,327
8,1691
1,271
10,2725
6,2005
4,943
10,2290
1,375
10,2671
10,5880
1,233
10,3171
1,462
1,236
10,3471
1,257
10,2430
1,239
1,400
2,530
10,2862
6,1408
1,279
7,1939
6,1576
1,237
10,2507
1,263
1,244
6,1869
2,774
6,1385
1,250
1,233
10,2574
10,2130
8,2692
1,364
10,2580
10,2923
1,234
10,2929
1,233
1,237
1,460
10,2999
1,376
1,261
1,301
10,2356
10,2073
1,236
1,346
10,2279
3,1042
1,226
3,851
1,258
1,250
1,285
10,2068
10,2129
3,894
1,315
10,3534
6,1534
1,333
1,274
10,2288
10,2421
1,430
8,1948
1,408
1,256
1,271
10,2731
10,3259
1,276
1,279
8,1950
10,2796
1,379
1,334
10,3364
10,2214
10,2911
1,258
1,305
1,240
1,278
8,2482
6,1997
1,250
1,279
10,2200
6,2292
1,349
1,287
3,920
10,2269
10,2865
1,225
10,2253
1,253
1,389
10,3124
10,2832
10,3276
1,337
2,652
10,3136
10,2874
1,263
1,378
10,2096
6,1597
1,243
1,232
10,2488
1,418
10,2298
10,2540
7,1631
1,334
1,302
4,1366
1,262
10,2425
1,244
10,2513
10,2445
1,276
1,210
10,2375
1,451
8,1863
9,2966
4,1524
1,375
10,2529
2,711
1,266
4,1170
1,277
2,676
9,3145
1,318
1,241
10,2153
1,216
10,2028
10,3722
2,555
1,238
7,1837
1,335
1,239
10,2269
1,253
10,2573
10,3678
1,317
1,359
2,937
1,242
10,2268
4,1572
3,865
1,415
10,3042
7,1818
1,315
10,3102
1,264
10,2147
4,1195
1,366
1,305
10,3145
1,345
9,1994
1,363
10,3194
7,2258
10,2252
10,3210
1,382
6,2165
1,241
8,2678
10,3279
1,275
10,2547
10,3689
10,2716
10,2059
1,345
10,2214
10,2245
8,2099
10,3208
1,348
6,1849
1,241
1,424
10,2370
1,306
10,2240
10,2498
2,610
10,2427
1,305
10,2837
10,3016
10,3692
10,2224
10,2652
10,2454
1,306
1,382
4,843
1,251
10,1979
8,2014
10,2113
2,871
1,368
6,1736
10,2261
9,2006
8,2310
1,461
10,2434
1,253
1,331
10,2085
1,380
10,3109
1,556
10,3331
10,3249
1,347
8,2386
9,2237
3,1068
9,2888
3,1153
4,1491
1,241
1,294
4,873
10,2150
9,1931
2,667
10,1991
1,311
1,292
10,2211
10,2572
1,263
3,791
10,2589
1,400
9,1971
1,262
10,2093
2,690
10,2135
9,1990
10,2488
1,348
1,342
10,2512
3,651
1,340
10,3255
7,2555
10,2411
8,2243
1,267
10,2240
1,284
2,674
8,2852
8,2671
1,274
1,242
10,2092
10,2408
1,279
1,431
10,2292
2,639
10,2352
1,234
6,1594
8,2125
1,619
10,3283
10,3135
1,251
1,303
7,1645
10,2329
1,254
1,305
9,3057
7,1957
7,1658
1,242
10,2849
9,3489
2,815
10,2299
1,396
1,297
1,212
2,636
10,2214
1,271
1,253
7,2028
10,2906
1,377
1,285
6,1301
10,2423
8,27530
10,2683
9,2442
1,275
4,995
10,2708
10,2282
1,235
1,261
3,1113
10,2446
10,2378
1,507
1,366
8,2696
10,3438
8,2015
6,1589
1,459
10,3385
10,2236
10,2958
1,269
1,292
10,2820
10,2498
1,378
1,424
1,264
9,2780
8,2666
10,2246
10,3409
10,2590
10,2759
1,354
2,588
1,238
1,279
8,1779
9,2862
10,2332
1,485
1,247
2,690
9,42388
2,511
10,2225
1,287
6,1838
1,311
10,2468
1,268
1,467
10,2440
8,1720
2,647
10,3480
1,239
3,1082
1,517
1,391
10,2507
1,493
10,2957
10,2382
10,2866
1,235
1,370
4,973
3,1074
3,919
9,2813
1,275
1,449
1,450
1,222
10,2509
1,346
10,2389
1,236
8,2955
8,1936
1,370
10,2909
1,383
9,2515
8,4507
1,233
10,2197
1,568
1,248
10,2470
1,299
6,1583
1,242
1,567
10,2101
1,301
10,2325
1,350
1,588
10,3192
1,234
10,2237
1,323
1,232
4,1004
4,929
10,3149
1,235
1,383
2,582
10,2693
10,2223
1,284
2,717
9,3040
1,262
7,1685
10,117852
1,220
1,483
10,2514
4,1028
1,255
1,341
4,944
8,2470
2,478
1,291
9,2053
10,2810
1,293
9,2233
1,338
1,222
1,278
10,2052
2,560
1,258
1,338
10,3050
10,2097
1,339
1,259
10,2320
2,698
1,228
3,882
10,101233
1,207
1,313
10,2427
10,2467
1,230
1,306
10,2518
10,3200
6,1305
1,273
8,3078
1,532
2,583
9,2256
10,106704
1,253
1,261
6,1956
7,2549
1,282
1,272
10,2497
9,2107
1,241
1,388
10,3311
10,2196
1,240
10,2387
1,353
1,228
1,276
10,3248
10,3085
1,230
1,277
6,1521
10,2827
1,298
1,377
10,2920
10,2335
10,3303
10,2646
1,355
1,251
1,257
10,2473
10,3054
3,735
1,259
10,3483
10,2328
1,329
1,392
8,1705
10,2152
10,2331
1,428
1,400
10,2236
1,304
10,2926
10,2621
8,1864
1,273
4,1040
2,478
1,344
1,336
10,2539
10,2069
7,1915
7,1477
1,515
1,456
1,249
10,2103
10,2481
8,2184
1,455
2,588
1,436
1,460
10,2279
2,838
10,2472
10,2144
1,274
1,398
10,2182
1,436
2,687
8,1788
2,625
2,709
10,2068
4,1297
1,398
8,1803
1,474
3,1014
8,2640
1,322
1,452
3,772
1,311
10,2610
3,878
3,795
8,1871
8,2546
2,576
10,3913
10,2109
1,293
9,2570
9,2616
1,279
5,1715
10,3467
10,2227
10,3278
1,386
2,497
10,2150
10,3115
7,2347
1,428
10,2201
1,525
10,3204
3,971
1,305
3,1237
10,3278
4,992
10,2014
1,312
10,2147
10,3006
10,2011
10,3528
1,445
9,3536
1,366
7,2179
10,2222
1,312
3,1040
9,2901
10,2426
10,3327
1,306
10,1976
10,2181
6,1579
10,3240
1,264
10,2405
1,264
1,490
10,2182
1,281
9,6074
10,2394
10,3521
8,3057
1,266
8,3148
8,2921
10,3170
10,2972
10,2690
2,713
1,295
1,473
8,2586
1,274
10,3455
7,1637
10,2253
1,522
1,299
7,2350
2,1101
8,1692
6,1623
2,688
10,2212
1,264
1,455
10,2163
1,309
1,353
2,729
10,2673
1,403
1,284
10,3244
10,2732
2,499
8,1893
4,856
1,480
1,250
1,240
7,1435
1,257
5,5928
1,384
6,2233
1,323
1,331
1,591
10,2426
1,274
3,1098
7,2752
2,577
1,299
1,277
10,2084
1,324
5,19462
2,849
10,3095
1,334
1,333
10,2392
1,317
1,307
10,2766
10,2901
10,2051
1,249
1,330
10,2208
2,637
5,1799
8,2753
3,1418
1,263
1,508
10,2424
10,2760
1,288
1,389
10,2283
4,834
10,2578
1,258
2,719
10,2226
5,6025
10,3211
7,1702
1,362
1,429
10,3455
10,2359
1,236
1,248
8,2607
8,2813
10,2230
1,347
10,3457
1,574
7,3150
10,3309
7,2607
10,2198
8,2482
9,1946
10,2047
1,283
1,261
6,1797
10,3510
10,2030
1,321
3,1173
8,2831
2,832
9,5916
10,2315
1,310
10,2298
3,797
10,3457
1,252
1,267
3,751
10,3291
7,1466
1,372
1,487
10,3692
9,3061
8,2773
10,3049
1,245
10,3220
10,3600
3,650
1,256
1,294
10,2334
10,2632
2,760
1,308
1,349
10,3391
1,1281
10,3377
10,2306
1,416
9,3283
9,1964
9,3160
1,232
1,256
10,3672
8,1995
10,2949
10,3314
1,227
9,3741
1,375
10,3790
10,2829
1,280
10,2129
1,314
10,2464
1,246
1,243
10,2137
6,1403
10,3115
10,3208
1,230
10,3876
5,2051
1,548
10,3355
1,457
2,616
1,355
7,1864
1,232
1,290
7,1591
2,833
3,815
9,31279
1,235
1,521
3,1231
1,338
3,964
2,708
10,3651
1,275
1,524
10,2165
1,254
10,2297
1,542
8,2116
1,453
1,272
5,1661
7,2439
1,445
1,553
10,2411
10,2563
10,2283
1,592
10,3262
1,315
10,2071
1,362
2,728
10,20647
1,422
3,1027
10,3338
1,355
1,317
10,2033
1,294
1,350
1,477
7,1541
2,609
10,2814
1,261
8,2007
9,42406
1,389
7,2461
5,1950
1,346
1,258
9,2682
4,1172
1,424
1,296
2,427
10,2308
1,383
1,256
10,2559
10,55428
1,234
4,1319
5,1961
1,1690
1,273
8,2377
10,2106
1,349
1,366
10,2807
10,2540
1,334
1,235
10,3195
1,486
1,225
9,7610
3,1156
1,316
1,269
10,2360
7,1994
1,364
1,493
10,2900
10,2080
1,272
1,237
10,3095
5,1634
2,688
1,388
7,2368
1,475
1,268
1,374
10,2982
1,375
1,266
10,2380
8,2614
1,237
1,248
10,2121
10,5253
4,1491
5,11637
9,29638
1,430
1,264
10,2307
10,3148
1,311
1,308
3,920
10,3212
1,227
1,238
10,2119
3,2053
10,2700
10,5542
7,26590
1,387
1,275
10,2259
10,2433
1,347
1,428
8,2530
10,3575
3,751
1,248
10,3241
5,2631
10,3945
5,1843
5,10966
3,1127
1,276
10,2902
10,2429
1,252
1,373
1,620
10,2213
1,375
1,236
1,542
1,2500
7,2651
1,440
3,1258
1,500
1,264
10,3282
6,1448
7,1505
1,486
2,889
1,484
1,364
10,2894
1,347
9,3108
10,3156
1,459
2,722
5,1680
10,3119
3,694
1,411
10,2413
9,3002
3,1242
2,729
1,367
10,2170
1,305
7,35291
6,1875
1,416
1,425
7,4395
8,1808
10,2713
3,956
1,510
10,3561
9,2454
3,755
10,3701
10,2691
1,323
4,26812
8,3083
6,1989
1,606
3,5730
10,2349
9,2197
1,231
1,408
10,3557
10,4636
8,1761
1,369
10,2190
1,287
1,770
3,1078
1,412
1,525
9,2919
10,3098
10,2180
1,246
10,3273
10,35387
10,2583
9,2808
1,268
10,2434
1,293
5,2570
10,2150
1,474
1,420
1,514
10,2360
7,2379
1,242
10,3274
9,3222
10,2248
10,3262
10,2706
10,2705
1,237
5,10576
10,4424
1,413
1,489
10,3274
10,2073
1,400
1,245
10,3444
1,395
10,2951
10,2208
1,288
10,2297
1,260
1,8610
10,2844
3,1049
1,456
2,576
2,773
1,275
1,243
9,2879
10,7711
8,2613
8,2001
3,868
1,360
1,245
9,9894
10,3306
1,492
1,407
7,2617
10,2519
1,302
1,227
9,18108
4,1411
7,1875
7,2740
2,499
3,801
1,307
3,1238
7,1511
1,482
1,392
5,1758
4,1102
1,371
1,259
5,1854
5,2274
1,360
2,598
8,2246
10,2322
1,488
1,362
10,2406
5,1360
1,415
9,3280
6,1891
1,279
1,286
1,1147
1,484
1,368
10,2647
9,2918
2,484
10,2221
6,15270
10,2196
1,356
1,402
3,1065
7,2514
1,306
1,233
3,1134
3,1121
1,277
1,443
10,2202
10,2582
10,3334
1,635
10,2068
2,863
3,1020
1,529
10,3250
1,277
10,2606
4,1478
6,3621
1,450
1,420
7,2547
10,2819
10,2895
1,708
3,821
8,3681
3,1102
5,1945
10,2658
1,241
10,2479
1,442
1,484
1,281
1,265
8,1981
9,3337
9,2407
2,1031
1,432
1,1148
1,578
1,632
10,3528
1,313
10,2101
5,1612
5,1606
1,250
1,265
2,658
10,3378
3,893
1,400
1,301
9,3047
7,2549
1,668
10,2561
1,291
2,583
1,474
10,3413
1,253
1,277
1,539
7,1787
10,2186
1,617
1,275
5,1636
3,1119
5,2035
10,3427
10,2787
10,3477
9,12099
9,2846
1,253
1,259
10,2233
8,2846
9,2040
5,2790
1,224
1,331
5,1558
7,2589
3,1282
1,467
10,3056
1,395
7,11391
1,242
1,247
10,2189
1,717
1,338
1,618
1,240
1,552
7,1771
3,1666
1,566
10,3131
10,3365
1,450
5,1935
1,233
1,350
10,2099
1,331
7,1920
1,532
1,267
2,909
7,2895
10,3306
1,298
10,3306
8,2497
7,37359
1,3428
10,2326
1,257
9,2362
1,287
1,470
1,710
1,276
5,1827
5,5143
5,1944
1,281
9,2848
1,644
1,339
1,518
1,557
1,306
1,619
1,249
9,3237
1,573
1,315
3,1148
10,3273
9,3028
1,259
10,3284
2,713
10,22284
5,1867
10,2302
3,816
9,3146
1,366
10,3340
1,506
1,297
5,1827
6,2197
5,2008
1,270
10,38956
10,2278
1,383
1,381
9,2167
1,361
10,5272
1,355
10,3211
5,2070
1,246
7,2612
5,1581
7,2339
1,255
5,1815
8,2784
5,1659
3,1139
3,941
10,2458
10,2427
1,254
10,3272
7,2537
1,269
9,3066
5,1583
2,744
1,276
1,35666
10,2977
3,722
1,450
10,2226
10,2110
1,375
1,246
10,13475
3,1606
3,876
5,1781
1,443
1,459
1,546
3,1174
10,3827
6,21102
1,487
9,2412
10,2169
1,315
1,244
10,3289
10,11801
2,704
7,2392
2,698
7,2489
1,258
7,2286
9,3434
5,20104
2,892
10,2607
7,2142
1,246
1,357
10,9418
7,2602
9,2293
5,7340
5,1344
1,389
1,453
1,486
10,2775
1,27579
1,450
1,472
9,2507
1,327
10,2201
1,492
9,3330
10,2232
2,927
8,1857
1,340
10,2581
3,1034
8,3047
1,466
1,471
7,1709
10,3252
1,244
10,2377
1,397
3,1219
8,2258
1,544
9,2008
1,486
10,3308
5,1740
1,581
1,495
9,2883
1,687
10,3041
1,397
10,2138
1,354
5,1671
10,2697
3,1514
10,2378
5,2091
10,2109
10,3108
2,657
2,729
1,372
1,603
1,592
1,295
10,2715
1,368
7,3204
7,2918
3,1461
10,3243
1,2728
2,696
9,8577
1,314
1,480
1,483
1,480
1,588
1,268
10,2673
1,339
2,1056
8,2889
3,1204
10,2346
1,444
10,2444
5,6734
1,245
1,501
1,387
9,3166
2,796
9,2656
10,2709
1,348
1,513
2,626
3,1128
8,1927
1,557
10,2363
1,386
1,290
9,3714
5,1680
10,6469
10,3514
1,500
10,2144
1,347
3,1282
1,434
5,1702
5,1629
2,795
10,2867
1,557
1,242
5,1839
1,320
10,13621
9,7536
1,254
2,566
1,338
3,1323
9,2269
7,2464
2,768
1,361
8,2266
7,3175
1,248
1,420
1,452
10,9132
10,41945
1,261
1,488
1,2546
3,1385
10,2232
5,1658
10,3007
1,459
2,602
5,6339
1,233
1,413
4,1637
10,3134
10,32107
10,3261
10,3263
1,346
3,1201
10,2531
7,2368
1,429
3,3522
1,374
9,3598
1,280
9,3479
3,1102
9,3008
10,16725
2,533
1,480
1,644
10,2972
10,2325
10,3312
1,640
1,474
1,448
3,960
1,240
3,1272
7,2783
1,456
1,395
1,492
10,27211
5,1704
3,1116
9,2444
10,4589
1,439
1,476
8,2040
1,578
1,230
7,2406
10,3576
1,345
1,380
1,476
10,32333
3,1242
7,2787
10,3083
7,2913
1,369
3,1194
8,1785
5,1541
1,648
10,3222
5,1885
1,447
7,2159
9,3070
10,7745
7,3400
5,9618
10,2625
6,1986
1,334
3,1125
9,3077
1,317
10,2797
5,1821
9,3243
9,29229
5,5302
8,2602
8,2779
9,4438
7,2462
10,2653
5,1614
9,2144
3,1015
10,2443
2,795
10,2257
7,2440
3,1243
5,1641
1,395
10,3233
1,434
4,1119
7,2313
1,408
1,549
1,288
6,2018
10,3382
1,438
10,2139
3,1288
5,1774
1,11230
1,387
9,2906
9,7602
1,349
10,3219
1,689
1,484
1,223
5,1899
9,2199
1,503
3,813
7,13257
7,2595
1,478
1,411
9,2920
9,3011
5,2024
7,13601
1,455
1,406
1,416
7,2440
10,2584
1,567
10,3474
5,1729
5,1850
1,440
3,1095
1,460
1,379
5,1702
1,416
1,295
1,487
1,233
7,2679
2,825
1,416
9,2788
2,787
1,493
5,1477
1,945
1,663
5,1539
6,3180
6,1564
1,372
1,275
1,247
7,2355
1,451
1,324
10,2402
1,599
5,1781
1,378
1,435
5,1769
1,349
1,390
1,273
2,643
1,252
10,2258
10,2868
1,295
1,424
7,1929
3,1073
3,927
1,334
3,1071
3,1246
1,349
3,1279
1,314
1,270
1,254
10,3289
10,3318
1,338
5,4854
1,547
3,1138
3,1200
1,341
1,1965
7,2535
1,13271
5,1668
1,358
1,266
1,636
3,1326
5,1656
1,240
1,686
10,3401
3,1262
3,1265
1,487
9,67174
4,1533
3,3425
2,785
1,335
1,243
5,1421
1,394
1,422
1,247
5,1865
10,7942
3,957
3,1064
1,387
8,64476
1,404
1,8387
9,6310
1,306
1,326
1,384
10,2298
1,370
1,235
7,3276
9,11164
5,1428
5,1886
4,1450
5,1708
5,1876
1,330
5,1607
1,413
1,242
1,303
10,2381
2,583
1,229
3,1307
10,29607
5,1840
5,1899
7,6343
1,381
10,3351
1,337
5,2051
1,353
1,234
10,2514
7,1945
5,1137
1,313
10,3357
1,460
1,618
7,2449
10,7749
3,998
1,357
1,324
1,352
5,1368
1,234
1,282
7,1676
9,2278
1,244
5,1871
9,10855
7,2487
7,2024
1,340
1,625
9,8967
1,319
1,424
1,330
2,780
2,680
4,1491
8,1736
1,360
7,2395
1,384
7,2297
6,2363
9,29573
9,3322
1,557
1,303
4,1500
1,270
1,338
8,2792
6,1689
9,1998
1,356
3,1118
10,27414
1,582
7,7704
6,2073
10,4285
1,478
3,1486
3,1154
1,355
9,2997
6,2109
9,2411
10,2102
10,2182
7,2523
10,27087
7,2586
5,1657
5,2671
1,608
5,2132
5,1793
8,2394
6,1468
9,2825
9,3283
3,1003
10,2217
10,2251
5,1831
1,559
10,3068
10,12354
3,1213
1,494
1,729
9,13849
10,3094
8,2642
8,2535
10,2367
10,2290
8,2078
10,2171
2,828
1,370
1,369
1,371
9,9493
5,1511
1,509
10,5093
5,1532
9,2880
10,16408
8,1923
10,3452
5,1164
3,859
1,528
1,367
1,464
10,16037
5,1725
7,6568
6,2314
5,1695
9,4075
10,2205
1,476
2,754
10,2586
2,585
10,3093
3,1336
1,408
10,3704
1,346
1,355
2,835
5,2647
5,19099
7,10172
10,2182
9,2882
4,1080
6,2040
9,2090
9,1887
3,1066
1,430
6,2005
1,431
1,388
9,3182
1,609
7,17915
5,2060
10,2387
8,6140
9,2122
4,1272
1,298
10,2831
3,1210
1,388
1,462
1,379
5,1779
1,527
3,1353
10,2687
2,755
4,890
5,2676
10,2351
1,302
1,232
7,1633
3,1005
1,355
5,1677
1,257
3,998
1,392
1,462
3,1102
7,2273
2,548
1,421
10,2209
10,2397
1,242
1,442
3,2574
1,355
1,343
1,276
7,2066
5,1857
1,488
2,723
2,841
3,863
1,2221
10,2169
1,300
1,257
1,368
7,1907
1,413
1,357
1,262
10,3199
8,2709
1,489
5,1760
1,443
7,1941
3,1084
3,697
1,308
1,281
9,3448
5,1120
5,4738
1,276
1,326
5,1969
3,1045
1,447
1,664
1,435
10,2448
4,1450
1,263
1,283
1,291
9,3239
1,403
3,1090
1,289
1,397
9,3215
10,2641
10,3444
1,743
1,386
10,2274
5,2111
10,2499
1,300
1,225
10,3273
7,2769
5,1768
1,359
1,334
7,2887
5,1557
9,2888
5,1812
1,400
10,2310
10,2841
10,2711
1,248
1,247
10,19840
7,2483
7,13695
5,1482
1,466
5,1991
7,2684
2,640
8,2907
1,448
7,2258
9,26409
10,2445
1,264
1,393
10,3251
10,4421
1,410
6,1619
2,581
1,375
9,3245
5,1926
7,2254
1,484
10,2583
1,946
7,2703
1,277
1,320
10,51335
7,2424
10,6563
2,830
5,1140
7,2230
1,616
1,574
10,3356
1,440
3,814
1,401
1,562
1,276
1,395
10,7052
6,2105
3,26335
4,965
9,2002
3,994
1,495
1,412
5,1787
1,415
10,3132
9,3258
1,415
1,264
10,2309
1,457
10,4177
5,1657
8,2645
10,2529
1,670
5,1968
5,2116
9,2906
1,296
10,3485
6,1967
1,349
1,427
10,2359
1,538
1,514
5,1646
10,3617
10,2157
1,1601
7,15278
3,1037
7,2302
1,427
1,404
1,326
1,407
10,3175
10,2464
1,419
1,432
7,2346
10,3122
10,2623
3,1044
5,1727
5,1582
5,1716
1,482
1,236
5,1562
1,378
1,342
3,750
1,462
1,275
1,455
10,2299
8,2263
1,282
1,13136
9,3270
2,1087
3,860
1,227
5,6686
1,366
10,3290
10,2255
1,402
1,385
3,1560
8,2293
5,1213
5,1283
2,851
7,3025
1,466
3,1021
1,350
10,14922
1,525
10,2257
10,3129
1,379
1,265
2,742
2,858
7,1876
2,483
1,814
7,2474
1,374
3,1129
1,655
1,3411
1,324
3,899
7,1757
1,468
1,261
9,9720
9,1993
10,2529
1,651
2,33154
5,5627
5,1672
5,2510
1,376
2,680
1,394
9,3449
7,1789
1,7949
1,403
5,1975
10,2337
10,2624
1,546
1,494
5,1972
1,547
3,1039
1,298
1,409
1,325
10,3691
3,841
1,313
1,365
1,611
10,2431
10,3558
1,486
1,543
2,950
2,1262
5,2303
1,269
1,450
10,2650
7,2015
4,1129
1,382
5,1192
1,704
10,2611
10,2661
1,568
1,478
1,498
1,374
7,2266
1,376
1,490
7,1778
8,2880
6,1471
1,398
1,357
4,1713
3,997
3,732
1,403
1,350
2,752
1,515
7,2219
1,308
5,2004
3,854
1,634
3,816
3,2455
1,350
8,2601
1,255
3,709
1,370
1,482
3,1416
1,476
10,3349
7,2396
1,435
9,3349
5,1324
9,2004
5,27018
9,2411
3,1014
10,2375
10,2423
3,1074
1,493
3,1139
1,371
7,2934
6,1347
1,598
6,1381
7,2727
7,1871
7,11580
2,732
10,2485
10,2077
10,5680
7,2447
1,555
5,1765
1,254
6,1579
9,2071
1,508
3,941
10,2257
10,2386
5,3420
8,2301
5,1903
1,264
7,5208
3,1080
3,1009
3,1290
1,303
5,6504
3,1075
1,2790
10,2321
2,525
10,3087
9,14568
10,3474
9,21374
1,247
1,373
3,1365
3,1151
5,1570
3,1114
2,683
10,2591
1,734
7,1819
9,3103
6,2206
1,488
10,3378
7,2387
1,231
1,334
5,1917
10,2548
8,2542
3,3494
5,1457
10,2134
1,718
1,341
10,3627
4,1038
10,3604
10,3270
7,2257
1,250
1,253
7,2082
3,1234
7,2155
1,6805
1,503
10,3702
5,2175
4,929
10,2879
1,456
5,1742
8,2693
1,409
1,321
1,289
7,2193
5,1801
1,398
1,433
8,2116
4,966
7,2631
10,2399
5,1671
1,430
5,5006
2,914
2,932
1,240
1,234
10,2709
5,1861
1,422
3,923
6,1773
1,277
10,3248
1,323
3,911
10,3238
3,1092
9,2274
5,2002
1,286
1,243
7,3310
7,2931
7,1882
3,1181
8,1927
4,1190
5,1778
10,2578
1,519
1,267
1,387
10,2311
1,460
1,287
1,282
10,3811
7,2441
1,277
5,1688
9,2112
9,2057
9,2993
10,3399
1,351
1,317
2,735
10,3145
5,1862
1,381
1,261
5,1723
6,2197
1,268
7,1923
10,2403
10,2785
7,3711
1,304
10,2343
1,230
9,2647
10,2349
1,495
1,270
1,270
1,572
5,2876
1,351
7,2203
10,2118
10,3773
2,778
10,3492
1,369
1,258
5,2125
1,453
1,623
10,2165
1,259
2,896
10,3176
5,1697
7,2536
10,2869
10,2987
5,3199
4,1179
1,395
1,300
7,2996
10,2673
1,569
7,1602
7,2362
6,1586
5,1884
1,414
6,1671
4,1044
6,2281
5,1391
9,2207
1,503
1,242
1,287
3,668
2,796
6,2039
4,1181
8,2851
1,456
6,1981
10,3518
2,570
1,466
2,628
10,2577
1,259
1,277
5,2237
10,2835
1,513
4,1126
6,1386
9,2148
2,723
10,13143
10,2527
1,376
10,2916
1,558
1,404
1,267
1,247
8,6310
7,1762
1,520
4,878
3,1174
10,2401
5,1399
1,327
5,1801
1,244
1,461
5,1730
6,1943
1,391
1,242
3,1125
10,2458
1,500
9,2306
10,2085
10,2259
8,1761
10,8493
1,475
1,406
10,2423
3,1049
9,2704
1,278
10,2662
10,3490
7,1664
1,620
10,2363
10,2333
10,2339
9,2887
1,386
10,2507
1,618
9,2674
3,1088
1,575
1,284
10,2709
5,1663
1,340
1,650
10,3288
6,1703
4,1302
10,2721
1,421
2,478
1,354
1,383
3,1150
1,286
10,2244
1,462
9,3074
1,279
1,559
10,2763
10,3265
8,2327
10,2662
1,493
5,1252
1,374
1,248
3,1077
1,294
2,613
10,3338
2,1123
1,252
3,1081
6,1645
4,977
2,544
8,2243
5,1884
8,1959
1,388
1,374
5,1706
1,332
10,2838
4,945
5,1963
1,382
3,1202
1,384
9,2350
1,275
5,1109
1,462
9,2582
1,242
1,250
5,1769
1,277
10,3102
10,2465
2,701
1,364
5,1914
10,3093
1,468
1,478
2,471
10,2318
10,3147
1,307
1,293
7,2443
1,394
4,1484
9,2047
7,2592
1,370
3,1035
1,317
10,2290
1,331
10,2182
2,628
10,2246
1,352
1,360
7,2656
1,427
8,1976
6,1762
5,2892
1,309
7,2435
10,2498
10,2397
1,263
1,492
5,1437
8,2629
9,2270
1,275
10,2384
1,536
10,2353
9,3325
1,527
1,253
5,4735
10,3842
10,3488
1,301
1,249
8,2094
5,1762
10,3237
1,363
7,2545
1,464
6,2169
3,1283
1,569
1,357
7,2000
1,372
10,3510
1,289
1,266
9,1850
2,585
10,2473
1,257
10,7567
1,391
10,3659
5,1219
1,472
1,283
10,3986
10,4030
1,287
1,266
1,243
10,2329
1,480
10,3261
1,294
6,2191
9,3199
3,926
7,2218
1,495
3,741
10,11815
4,1442
1,233
1,346
1,533
8,1953
1,289
1,384
1,488
5,1343
9,3249
7,2027
1,368
1,329
4,924
5,3233
9,2084
4,885
1,302
1,370
5,1768
1,281
10,3164
9,3240
1,638
5,1451
10,3330
10,2629
1,492
9,2270
6,2266
10,2019
9,2022
1,260
1,262
2,602
1,297
10,2468
7,1674
1,294
10,3111
10,2605
7,1987
1,494
10,2097
5,1465
1,258
9,3069
10,2607
1,324
7,1832
1,318
10,2856
10,2395
1,320
7,2699
7,1773
10,3012
3,1108
10,3165
1,452
1,242
6,1936
10,2821
1,316
10,3829
1,280
4,1197
1,349
1,298
1,612
10,3011
10,3292
3,989
6,1774
2,932
1,373
1,479
10,2166
1,294
10,3132
1,510
7,2040
9,1873
1,247
10,3659
10,2686
5,1255
1,442
10,3353
8,2241
1,380
1,300
10,2647
7,1955
10,2406
1,242
6,1705
10,2170
1,287
5,1721
3,1191
3,1067
1,445
1,406
6,1614
1,235
1,295
3,670
10,3612
3,711
1,246
6,2008
10,3110
1,234
3,926
1,551
1,454
3,1153
10,2140
9,2127
1,256
1,341
10,2621
10,2321
3,744
1,240
9,3336
3,752
1,341
10,2303
1,342
10,2346
1,342
10,2290
10,2976
1,238
1,298
10,2299
10,2374
10,2192
10,2998
3,848
5,1307
1,307
2,492
1,476
1,306
1,555
10,2555
10,3136
1,238
1,335
7,2501
3,837
10,2864
10,3438
10,2563
9,2118
1,317
10,2542
10,2957
1,285
3,1079
10,2103
10,2393
1,288
1,411
7,1975
3,722
1,360
10,2119
10,2390
10,2552
1,528
10,2555
1,467
1,324
5,1699
1,378
8,2280
1,307
1,474
4,1253
10,2271
1,368
10,3278
10,2340
10,3342
1,321
5,1866
1,562
1,349
7,3089
10,2575
2,676
9,2344
1,343
6,1833
10,2553
1,260
3,1200
4,1169
10,3239
2,716
3,1496
1,607
1,461
7,2215
4,1113
4,1175
6,2215
1,333
9,2298
7,2616
1,463
10,2396
1,344
5,1235
5,1523
10,6211
8,2773
1,277
10,2768
10,2252
1,326
7,1717
1,455
3,706
7,1750
10,2945
7,2328
1,531
2,752
8,1758
8,1815
1,410
1,310
10,2735
8,1968
1,333
1,607
8,2964
10,2239
4,1272
1,243
10,3788
1,299
10,3897
9,2223
10,2896
1,557
1,322
7,9624
9,3513
1,287
5,1427
4,1035
10,3153
6,2174
7,2233
7,1646
1,256
1,380
9,3049
3,1008
1,585
1,271
5,1874
6,1973
1,268
3,792
7,1457
10,2210
9,2044
1,314
10,2170
1,294
10,3307
10,2050
5,1607
2,862
10,3478
6,1996
1,434
1,273
10,2890
2,828
6,1440
3,976
1,277
6,1314
1,370
8,2064
8,2553
7,10290
1,537
10,3674
8,2203
1,246
1,264
9,2277
9,2007
4,943
10,2637
1,306
6,1321
1,335
1,402
2,720
1,295
10,3379
2,503
1,485
1,336
1,562
10,3415
10,3058
1,311
10,2530
1,493
9,1941
1,397
1,285
5,1427
1,390
10,3560
10,3422
2,773
1,278
1,274
10,3102
6,2186
1,266
6,2492
1,276
10,2268
1,253
1,286
7,1961
1,326
6,2067
5,1147
2,1186
1,282
1,239
5,1116
10,2634
1,285
10,3280
7,1622
3,861
1,261
1,248
10,2353
1,492
2,1144
10,2303
5,1702
1,250
1,315
10,2494
3,676
1,340
4,1631
10,2051
10,2081
1,244
1,263
10,2571
1,280
8,2947
8,2802
9,3142
1,313
9,2515
2,655
9,2043
1,289
1,458
4,975
4,1396
1,294
1,247
10,2165
1,264
10,3626
5,1383
10,3150
1,314
10,2303
10,3192
2,538
1,247
1,500
6,1407
4,1186
10,3370
1,288
10,2550
1,283
4,21247
10,2757
10,2501
1,261
10,2196
10,2528
10,2296
1,282
1,514
9,1986
1,419
10,2442
1,318
3,1267
1,272
7,2477
5,1353
8,1701
1,394
3,1105
10,3137
10,3305
1,242
1,466
3,685
1,530
10,2364
1,370
3,1006
1,295
2,947
7,1708
5,1250
2,1110
1,443
3,1125
10,4209
1,231
1,321
10,3115
1,430
1,400
1,235
10,2196
1,267
3,1255
10,3383
10,2229
1,479
10,2111
5,2101
1,562
1,263
1,275
6,2001
1,511
10,2766
3,804
10,2662
7,2232
3,1741
10,2523
1,456
5,1094
10,2217
8,1885
10,3347
1,297
1,386
4,1506
1,292
9,3326
10,3264
7,1775
10,3276
7,2455
5,1225
1,271
10,2198
7,1665
10,2058
2,702
10,2545
1,270
1,336
1,251
10,2563
10,2680
1,491
7,1761
9,2635
10,3152
1,267
9,2105
10,2039
1,223
5,1054
10,2700
1,258
9,1945
1,249
9,2542
10,2977
1,390
10,2274
10,3414
10,3260
1,281
10,2516
7,1938
1,256
8,1843
1,459
1,266
1,275
1,275
5,1556
7,1602
1,252
10,2219
10,17376
3,863
1,257
5,1728
4,1152
1,241
8,2824
10,3268
1,296
10,2615
1,249
9,3752
10,3326
1,241
10,2661
7,2579
8,2997
1,239
10,4353
9,3036
1,269
5,1725
10,2588
1,446
10,2906
1,254
1,444
10,2331
1,229
3,1152
10,7155
1,338
1,242
10,2371
6,1835
1,244
1,463
4,1133
9,2446
1,335
1,241
5,1299
8,2436
1,239
10,2525
1,718
1,285
1,272
10,2273
3,702
1,312
1,339
10,2372
1,687
10,3110
10,2515
7,1739
8,2690
1,242
2,695
1,591
1,278
1,250
10,2834
10,2147
1,252
1,360
9,2053
10,2624
4,1010
10,2676
10,3294
10,2675
1,353
10,3671
1,621
1,309
1,354
10,2188
10,2249
1,251
1,362
6,1617
10,2506
1,265
10,2549
1,504
10,3310
1,274
10,3620
1,427
1,341
7,2233
3,764
10,2486
1,235
1,364
9,3218
9,2365
9,2095
10,2114
9,3117
10,5891
1,281
7,8185
1,446
1,423
10,2730
5,1676
6,1981
1,258
1,670
1,492
1,304
10,2213
4,1592
10,2411
10,3411
7,1397
10,12962
10,2974
1,267
10,3572
10,2794
1,604
7,1756
1,248
5,1331
4,1478
1,376
10,2472
10,2525
3,976
3,759
3,1580
1,587
1,307
10,2826
10,2969
4,1103
5,1911
1,244
7,2377
9,1923
1,633
6,2347
3,772
2,883
4,1027
8,3111
1,590
1,332
3,900
10,3135
1,312
10,2280
1,314
10,3359
10,2361
1,321
10,8382
1,529
2,808
6,1500
10,3392
1,301
1,281
3,955
7,1981
1,248
3,877
1,271
1,251
6,2485
1,295
1,613
1,277
10,3316
9,1925
2,903
1,484
2,920
10,3209
5,1458
1,274
7,1847
3,1206
9,1921
8,3760
1,363
9,3107
1,276
7,2380
3,789
7,2963
1,645
10,3307
10,2779
1,392
1,275
10,3300
10,2790
10,2161
1,619
1,674
10,2101
1,339
1,468
7,1439
3,1264
1,427
10,3582
7,1771
1,244
1,378
7,1640
5,9276
10,2112
5,1399
6,2198
6,1238
1,347
1,430
10,2120
1,350
1,321
3,2060
9,1950
1,246
1,369
10,2225
10,3609
3,1113
7,2020
9,5335
7,1633
1,442
1,412
6,2019
1,440
4,1038
10,5607
7,1611
1,236
1,376
10,2446
7,1573
5,1278
10,3631
1,248
10,3755
1,257
1,302
4,1077
1,475
3,829
8,3204
4,1379
1,247
1,370
3,1570
10,3608
1,387
2,872
1,273
1,286
1,396
1,417
1,340
1,453
10,2165
10,3498
6,1868
1,280
1,382
8,2970
5,1378
1,298
9,2059
1,342
9,2835
1,371
1,524
1,397
1,682
10,2959
7,2713
1,283
1,256
1,358
2,974
10,2739
1,247
10,2422
1,250
10,2137
1,251
1,468
9,2225
1,604
6,1662
2,997
10,2288
1,343
1,382
10,3511
8,3692
1,289
5,1835
9,6014
4,1163
2,530
1,462
9,1999
1,472
8,2816
6,2128
3,713
1,351
10,3599
10,3715
2,808
1,255
10,2552
10,2760
3,977
10,2074
2,762
10,2374
1,3644
10,2671
3,1405
10,3257
1,265
10,2514
10,2768
10,2256
1,293
3,835
5,1252
1,363
10,3197
1,454
10,2390
7,2244
7,2233
4,1579
6,1537
3,831
10,2383
3,1892
10,7719
1,357
1,464
7,2193
1,260
10,2159
6,2170
4,1078
1,528
2,676
3,1263
10,2558
7,1751
4,1648
8,2901
10,4179
1,274
1,283
10,2313
1,369
10,2405
1,454
10,2540
7,2530
10,2540
7,2691
4,1433
10,2059
1,308
2,947
7,2414
1,277
1,301
1,537
1,268
3,650
3,1079
1,406
1,493
5,1202
10,3489
1,547
7,1549
9,2161
8,3080
2,900
1,315
1,261
10,3284
1,240
8,1872
7,2337
10,2104
3,1181
3,785
9,3399
1,243
10,2921
10,3858
1,780
3,982
10,2194
1,259
5,1233
1,233
10,2523
4,924
10,2973
1,559
2,757
10,9710
1,258
3,992
6,1369
10,3450
10,14119
10,3414
1,271
3,1133
1,239
7,2280
10,3372
6,1984
3,1290
1,287
10,6125
1,291
10,2713
9,3037
1,604
8,3063
2,654
1,267
9,2027
1,273
7,1731
9,2962
1,578
9,2980
5,1720
7,2084
1,259
8,2493
1,544
1,463
7,2631
10,2727
1,300
2,533
1,285
10,3575
10,3414
1,296
10,3251
10,2898
4,1703
1,272
10,2402
8,2952
1,422
3,1142
5,1839
1,439
10,2244
1,244
3,1323
7,2188
1,376
7,2573
5,1274
1,597
1,279
10,3221
5,1471
1,411
1,333
10,3227
1,278
10,2304
10,2383
3,810
1,465
1,371
10,4010
7,2445
1,382
1,364
10,3095
10,2969
1,457
1,413
10,2242
3,890
2,1099
10,2560
10,3335
1,514
1,534
1,492
8,2428
1,481
1,273
2,947
7,2409
1,482
1,3020
8,1984
9,3079
10,2483
10,2287
10,3058
2,802
1,549
5,1320
9,2514
1,489
1,298
3,1491
2,495
1,534
1,504
5,1358
2,687
5,1148
10,2943
7,2685
4,1082
1,423
3,1200
5,1500
1,593
9,2101
7,2147
9,3382
1,415
1,498
10,3234
10,3215
1,387
2,785
10,3601
10,2424
3,939
10,3211
1,433
1,464
1,273
10,5372
10,3586
1,483
1,510
3,836
10,2775
8,1811
5,1413
10,2489
10,2629
8,2647
10,2870
1,391
1,330
10,3922
10,3424
10,2656
7,2670
2,816
7,2294
7,2200
10,2308
10,2409
1,414
10,3890
1,425
10,3465
1,264
1,383
10,3836
6,2185
5,1846
2,1076
6,1937
10,2649
1,456
1,349
5,1702
1,291
10,3415
1,501
5,1721
1,250
1,390
1,581
7,6905
3,952
2,843
1,350
10,2246
5,1632
1,260
8,4128
1,258
6,1686
1,375
8,2321
1,437
1,470
10,3411
3,1063
1,263
10,3506
1,630
7,1660
8,2001
1,327
3,1174
1,281
8,2744
5,1212
8,5808
10,2175
1,636
4,955
1,972
1,260
3,1229
1,700
10,3180
10,2622
1,320
10,3333
1,459
8,2945
6,1494
7,1614
1,297
6,1515
1,356
1,504
1,326
7,2568
1,832
10,2624
5,1815
1,407
10,2205
1,379
6,1677
10,3645
10,3509
1,242
2,605
9,1951
1,459
1,275
9,2839
4,1244
3,738
3,835
1,376
7,1473
1,336
4,1277
2,962
5,1276
1,317
10,2696
9,2988
4,3533
1,255
10,3293
7,2338
1,247
10,3525
1,278
10,2392
1,440
2,593
7,2660
2,675
1,325
10,3151
6,2436
1,391
1,273
10,3827
10,3412
1,272
7,1962
8,1839
10,2222
1,425
1,476
10,2156
2,510
1,429
6,2533
10,3535
1,413
1,253
7,2968
9,2367
1,466
10,2705
1,687
7,1478
1,443
1,441
5,1319
1,466
9,15287
8,2195
1,499
1,460
1,289
1,528
10,3407
1,626
10,3532
5,1767
10,2200
2,710
1,405
4,1272
1,550
9,3185
8,2459
8,2893
2,877
1,291
1,580
10,3433
1,269
7,1714
1,361
3,1116
10,2148
1,287
2,1008
1,326
10,3816
10,2520
5,1722
1,453
1,271
3,785
1,496
1,360
10,2376
1,543
1,455
10,3407
1,246
9,2861
1,508
10,7831
4,1095
7,2453
1,596
10,2193
3,822
1,535
1,254
3,1196
10,3174
1,281
10,3353
1,288
8,1784
1,416
1,644
2,521
2,713
1,474
2,441
10,3522
8,2116
1,266
10,3201
10,2146
1,389
10,4021
1,289
10,3165
1,281
10,3991
10,3091
9,3558
1,570
10,2262
10,3722
4,941
1,513
1,492
7,1552
1,310
3,1527
1,253
10,3188
1,501
1,651
9,2274
10,2939
3,1119
10,3181
8,2442
3,772
1,366
1,293
10,2818
1,245
8,2613
1,317
3,927
1,318
10,5029
3,819
5,1252
7,2276
5,1390
10,2814
10,3756
10,2330
1,307
10,2279
1,236
10,3316
1,298
5,1121
1,294
2,834
2,602
10,3521
10,3247
3,1032
6,5026
10,3470
10,3710
1,343
10,2271
1,263
7,2895
5,1199
10,2360
1,251
3,1201
1,302
3,1058
10,3124
8,1885
7,1918
2,856
10,2578
1,238
3,1341
1,241
7,2465
10,2170
1,297
5,1884
4,1381
5,1110
1,624
9,9467
10,3184
1,373
10,3180
3,794
1,283
2,1004
1,277
2,730
3,797
10,2159
10,2220
7,2623
10,2263
1,351
7,2546
5,1750
1,376
6,1851
7,2236
1,579
8,4281
1,248
10,3254
2,545
7,1930
2,693
7,5280
1,336
1,251
1,318
7,2765
7,2256
8,2715
10,3436
1,396
10,3599
8,2580
3,1132
5,1172
5,1184
1,526
5,1663
7,1680
1,282
1,459
3,888
1,405
7,1812
10,3812
1,368
10,3819
10,3493
3,1166
10,2208
1,359
10,2426
8,24045
8,2683
1,339
3,1072
10,2566
1,379
10,3131
7,10825
1,364
10,9926
10,3793
7,1840
5,1737
1,248
5,1608
3,1300
9,2374
1,256
2,604
7,1772
1,238
2,767
3,1254
3,1224
7,6180
10,3393
10,2283
7,2564
1,262
8,2430
7,10307
5,1584
1,296
10,3727
10,3080
1,422
1,309
6,2551
8,2983
3,1494
3,1663
9,2454
8,2638
1,331
9,3700
1,731
1,473
1,258
10,3424
10,2350
10,2161
1,709
2,742
2,901
2,920
2,932
10,3519
5,1548
1,230
5,1292
6,22494
9,2572
1,310
10,3187
7,1522
1,436
1,404
4,1588
10,3280
8,3034
8,7815
7,2489
3,1101
1,267
2,791
5,5267
1,351
1,289
7,2530
10,3363
1,242
1,271
3,1453
10,4267
10,4376
10,2551
1,458
9,3012
1,232
10,3514
3,1067
1,327
9,2059
8,2794
3,939
1,509
1,482
7,2451
2,997
1,580
7,2560
1,478
10,10767
1,279
9,3161
1,410
1,263
2,489
8,3011
10,2387
1,316
1,321
10,3223
7,2531
1,491
2,1246
1,354
10,3673
1,240
8,3220
9,81845
1,266
10,3324
8,1877
1,497
4,1034
1,290
9,2918
7,2808
1,520
2,972
1,319
10,7952
1,233
10,3503
1,566
1,293
10,3339
10,2341
1,518
2,475
1,252
1,481
8,2909
1,491
6,8892
1,274
10,3481
5,1181
10,6070
7,2378
1,453
2,1748
10,2427
1,782
5,1383
1,397
10,3934
10,3523
1,458
9,3254
1,318
7,2524
10,2313
10,4845
2,1439
1,265
10,3326
2,604
1,411
5,1736
1,297
10,3704
3,1356
7,2801
7,2695
1,577
1,550
7,1515
1,916
1,1323
1,281
5,1953
2,592
1,352
3,848
5,1727
1,464
7,2991
3,1233
4,1693
1,490
10,11361
10,2636
10,3381
1,534
1,279
1,351
1,459
1,271
2,544
10,2951
7,3110
2,1503
1,499
3,1499
1,529
10,4511
10,2873
10,7909
1,516
1,525
8,1824
1,288
1,271
1,265
3,842
1,440
3,1148
1,457
10,2884
1,530
1,457
5,1225
1,1361
1,325
3,1175
8,2076
1,258
1,265
5,1513
2,589
1,494
3,1258
1,389
10,3548
1,319
1,496
10,2156
1,498
1,4226
10,3470
5,1309
1,239
1,331
10,2403
5,1126
1,478
7,2494
1,1499
1,387
1,402
1,445
3,762
1,530
1,412
7,10208
10,2378
1,257
1,608
5,1152
5,1250
1,476
10,3618
1,421
10,4534
5,1161
1,570
2,625
3,1080
1,1212
10,3441
3,1143
1,321
8,2792
7,2504
7,1785
1,536
9,2565
6,2060
1,615
3,760
1,507
8,2562
1,301
6,9730
10,2897
10,3673
1,302
2,725
8,2402
10,2853
1,284
10,2908
10,3397
7,2852
10,2275
1,486
8,2601
1,489
1,366
10,7066
7,1755
1,301
10,3504
9,2520
8,2713
1,268
10,3658
4,1467
1,411
10,2188
1,500
10,3044
1,724
1,424
10,40733
10,3449
1,251
10,7307
2,2884
5,1726
1,274
7,3323
3,1024
1,294
10,2288
1,382
10,3231
1,549
1,461
3,1217
7,1683
1,329
8,2763
9,4221
2,1039
1,399
1,574
9,3170
1,437
6,1790
1,530
3,1257
1,582
2,5550
2,667
10,3183
5,1163
3,1120
9,3146
9,3104
1,603
1,391
10,3161
1,461
8,2482
1,476
10,3309
1,830
3,1174
4,1527
3,707
3,813
2,1121
10,3867
9,3074
10,3399
1,376
10,7173
1,439
5,1141
3,1266
2,4433
1,1083
3,1087
7,2436
10,3301
1,370
8,2741
10,3110
10,7299
2,549
1,358
7,2484
1,404
7,1884
2,773
8,14677
7,2586
1,354
5,1625
1,822
2,656
10,3366
10,3497
10,3533
10,2464
1,318
1,478
1,395
4,988
4,1354
10,3378
2,916
6,2122
7,2239
1,517
10,2539
2,785
8,3071
10,3337
10,2521
1,422
3,798
1,261
2,492
7,2323
7,2312
9,3074
9,2894
3,1109
1,297
5,1077
7,2519
1,604
8,2827
6,1966
1,351
3,878
1,406
1,391
5,1687
1,1549
7,2767
4,17206
1,337
1,410
7,2291
2,760
1,813
1,488
8,2842
1,358
10,2484
1,424
10,3197
7,4261
2,2435
5,1789
7,2359
8,2448
1,624
9,2212
6,6859
1,46324
1,474
8,2769
1,477
10,2208
3,833
5,1188
6,24104
1,380
9,3196
5,2010
9,20457
1,450
8,2686
3,1181
10,49184
10,3373
10,3311
1,431
10,3182
10,2637
3,748
3,20394
1,443
8,15267
3,1209
7,30774
1,468
3,1294
4,1402
1,41645
10,3481
4,977
1,643
6,1660
10,2474
2,810
7,19655
1,459
1,462
1,2103
5,1703
1,627
9,4750
7,2610
10,43737
1,521
2,557
1,612
8,2290
10,2408
9,2501
5,16628
1,385
3,2652
3,1221
3,1522
1,678
10,3834
10,7323
1,588
1,444
10,3529
6,2152
7,2725
8,2679
5,1070
2,3547
3,5509
5,4487
1,573
1,352
1,525
10,8639
10,7038
1,626
1,491
5,1658
3,1098
7,2470
8,2617
10,2995
3,2862
7,2281
2,1922
1,729
3,904
8,2801
10,3641
1,537
1,598
1,532
3,999
3,1231
10,2706
7,1541
5,1147
8,26204
1,4055
5,1873
2,1050
2,11230
2,765
1,556
10,3325
1,579
1,630
2,781
10,3687
1,794
10,2484
7,1920
2,1140
1,480
1,663
4,1503
6,25812
10,3504
10,44454
1,367
1,602
1,513
1,593
10,3364
1,339
2,591
8,2128
1,716
1,538
1,344
5,1768
1,350
10,3135
7,41223
1,411
1,565
1,465
5,1177
4,1604
1,284
2,559
5,1349
6,2158
1,493
1,502
3,1018
1,428
10,3448
10,19887
9,20845
1,446
1,425
10,3382
7,2920
1,313
2,794
1,370
1,697
1,499
1,499
4,5636
1,404
3,1059
10,23003
7,6678
5,1394
1,435
5,1325
8,2048
1,310
5,1509
1,325
7,8605
3,1069
2,742
4,1622
1,1162
7,6785
2,829
1,408
1,414
1,407
7,1866
7,1700
1,405
10,2720
1,239
2,819
3,846
7,2308
1,2564
7,2383
2,811
1,417
1,578
3,1247
3,1250
8,2388
10,3172
1,274
3,738
1,445
7,20661
7,1712
3,1294
1,569
6,1916
8,3104
1,461
1,596
4,1321
4,1700
1,329
2,641
1,412
1,534
1,337
2,1035
10,3496
5,1741
7,3493
2,659
7,2533
1,471
1,473
9,3166
2,833
1,428
10,2342
1,399
8,2467
1,392
3,1347
10,3273
6,2170
5,3858
1,349
3,1148
1,470
1,298
5,1745
5,1767
1,395
5,1644
1,347
5,1293
1,397
9,3145
7,2398
2,776
6,2786
2,898
3,2716
1,458
1,389
7,8503
7,2291
9,2777
3,769
4,1017
5,1356
1,279
1,453
10,5027
9,3229
8,11956
5,1664
2,829
1,601
1,398
9,3074
10,3430
5,1843
1,363
2,463
10,2323
1,302
7,2331
3,1172
5,1718
7,3164
1,485
7,3783
1,532
1,520
6,5181
7,2276
1,317
2,739
3,821
7,1795
1,377
7,2441
3,895
1,443
6,2045
4,6086
7,2922
1,465
1,635
7,2491
6,1985
1,295
5,1092
10,2503
9,2613
2,526
4,17266
7,2227
7,2306
8,2596
1,435
7,2469
1,467
4,1130
1,3166
8,2828
1,289
10,2980
7,1547
5,1548
10,3425
3,1065
10,3343
5,1555
1,512
6,1977
3,1179
4,1508
3,895
3,1199
5,1798
1,257
5,1116
2,632
1,391
9,5254
1,707
10,3463
3,1151
2,784
9,2852
1,414
1,344
10,3548
2,898
3,1226
1,284
7,1981
1,341
1,284
10,3654
1,528
10,2979
1,511
1,545
6,2350
10,3239
8,2536
10,3568
1,551
2,792
1,333
9,2662
5,1391
1,338
10,3642
5,1902
6,1332
3,2519
1,401
1,540
10,3171
10,7330
8,2990
1,378
1,432
1,513
5,1272
10,2121
1,268
8,2544
1,624
8,2451
2,890
1,880
1,460
10,3976
7,26615
8,2794
1,476
9,3889
10,3078
8,2357
8,1981
1,404
1,425
1,338
7,2267
1,501
1,509
7,2866
9,3193
2,775
6,2011
5,5142
1,454
2,774
1,586
9,3005
1,231
10,26307
2,674
10,2193
1,481
1,543
1,457
1,613
3,1076
7,2473
2,948
5,2608
3,1142
1,288
5,1564
1,237
10,2167
2,709
4,1191
1,530
1,513
3,1078
1,501
1,345
10,3315
7,14653
2,819
10,3869
1,492
9,3116
1,533
2,821
1,568
2,837
4,1321
1,482
1,535
1,452
6,2625
2,748
1,507
7,2329
8,2734
1,305
9,3159
1,329
7,2340
1,649
1,448
1,477
1,445
1,522
1,331
9,7679
2,492
1,436
3,1191
7,2445
1,632
10,3607
1,277
9,32521
1,606
1,378
1,536
1,419
3,1040
1,964
1,721
5,1812
3,1766
2,759
10,3513
1,282
10,7864
2,1084
7,2063
1,361
1,442
1,400
1,486
2,793
1,422
6,1725
10,3192
1,497
1,498
10,10613
1,375
10,3741
9,3432
3,16836
1,609
1,280
1,507
1,455
1,524
1,282
3,144660
3,983
9,3434
5,1843
10,21202
1,277
10,3557
8,2943
4,17392
1,838
1,276
1,415
5,1817
4,1512
1,396
7,11113
1,436
5,1868
4,1759
2,796
1,255
1,1028
10,58404
7,6460
1,1576
1,245
1,308
8,3072
1,352
1,460
1,20649
2,552
2,9373
6,2199
4,1275
1,271
1,399
10,69951
5,29785
5,1728
1,286
1,483
4,1472
2,658
1,447
7,2473
5,1303
1,423
1,537
3,1119
9,3059
10,3377
1,507
6,18009
4,1332
1,321
1,554
9,13931
3,1299
1,313
2,749
5,1843
6,2419
7,2669
9,2950
9,3312
10,10426
10,2677
3,955
2,740
1,241
2,663
6,9711
4,1662
3,785
3,1129
10,2580
1,549
1,389
7,2369
10,11336
1,360
10,3321
1,347
1,358
1,267
1,466
8,2888
1,511
3,680
2,1319
7,2505
3,1287
5,1984
5,1900
10,3688
1,600
10,14622
8,2590
3,983
10,3557
6,1936
4,1501
4,1484
10,3128
1,359
9,2438
1,382
1,374
8,2693
1,598
1,458
7,2505
5,1593
4,1263
9,1905
3,1138
2,736
5,1868
10,3206
2,668
8,2915
5,1763
1,692
6,1985
10,23329
1,19226
3,1110
1,4652
1,461
3,660
4,1254
5,1959
7,2610
10,3353
4,1251
1,669
3,1293
2,958
1,436
1,557
1,614
4,1448
3,13382
4,1366
1,667
5,8539
6,2157
8,8243
6,1495
7,2410
1,331
6,35642
3,1532
7,12680
10,25848
4,1503
2,706
1,410
1,634
10,2612
9,2508
4,6055
7,2364
7,2297
9,3035
1,534
7,10518
1,693
1,442
10,23249
1,397
7,2229
1,429
6,2216
5,1758
7,2604
2,2806
6,16208
7,1824
6,2042
5,1643
1,413
1,606
1,381
3,1304
1,459
5,1725
1,434
5,1959
1,461
8,2812
6,2017
1,7265
10,3118
7,2337
1,313
3,1189
3,1295
9,49978
2,1128
1,470
3,966
1,467
8,2654
7,1657
5,2830
3,1182
8,2701
4,1427
5,1696
1,330
3,1229
5,1903
5,1739
4,1373
1,378
7,2296
1,395
7,2417
9,2857
4,5183
1,391
1,601
5,1800
1,357
1,391
1,424
1,504
1,394
9,3043
1,918
6,1870
2,752
6,2063
5,1566
1,336
7,1618
6,10355
10,3797
3,1021
1,544
2,2036
1,647
3,4736
5,1871
6,8286
8,19709
1,461
8,2320
9,2017
7,2410
3,884
1,510
10,2177
2,715
1,416
1,412
1,566
1,408
7,2588
2,19869
1,423
1,423
6,2196
2,1295
2,834
4,1350
1,379
3,876
1,351
1,592
1,620
1,648
1,403
9,3149
7,2484
9,66711
1,431
1,564
9,4845
5,1580
7,2428
8,3017
1,443
1,399
1,257
1,509
1,418
1,517
7,2642
5,1787
1,305
1,347
1,546
1,483
8,3147
10,2685
1,445
2,691
1,401
9,3054
1,559
1,650
1,463
6,2214
9,15509
3,1035
5,1641
6,2120
10,3693
4,1365
10,3225
1,470
5,1719
4,5198
9,3050
5,2029
1,573
1,377
8,5982
8,12514
1,413
1,364
5,2702
10,3672
1,353
3,1061
2,1073
5,1170
2,750
10,3392
1,577
5,1590
1,409
1,538
3,4431
5,25846
2,807
8,6414
8,2917
6,2016
9,2701
1,406
7,2374
1,556
10,3729
2,928
2,5095
5,2106
1,584
5,1818
1,342
1,393
6,3051
10,4400
2,851
7,1868
1,489
9,2308
1,476
10,3493
7,2483
3,1000
1,675
1,535
3,8556
1,378
7,8827
4,1241
1,414
4,1423
6,1718
1,415
8,2193
1,450
10,3285
6,1961
4,1359
1,631
1,384
7,99849
1,450
3,1127
4,1422
10,30550
8,2559
1,392
1,398
5,1608
2,1274
1,447
4,1475
1,605
1,461
1,347
2,1145
1,397
1,370
4,1358
10,31959
2,819
1,256
1,586
1,384
1,495
1,1091
1,2045
4,1536
1,380
1,397
1,480
2,727
5,1946
2,1128
1,492
5,1741
1,237
2,873
1,387
1,448
10,3385
8,2594
1,580
2,833
1,391
1,408
1,393
9,3381
9,6197
1,500
6,2188
1,391
1,506
1,417
1,420
3,1123
1,388
5,1788
7,2361
5,14467
1,456
1,410
7,11475
5,1865
1,426
9,10353
1,311
6,1959
1,288
1,628
2,803
8,2803
7,2482
2,649
1,616
8,2448
1,492
1,472
4,1284
1,429
4,1270
2,806
7,5137
1,553
1,447
4,2052
4,1460
8,3060
5,1754
3,1319
2,748
1,469
5,1797
4,1390
1,426
8,2232
1,371
4,1511
1,411
5,1642
10,3910
6,2035
7,6032
3,1035
1,492
2,591
1,352
6,2463
6,1880
1,386
1,338
1,358
4,3567
1,398
2,989
5,1845
8,2439
6,4624
6,2076
2,692
7,2254
5,20234
3,1070
1,475
1,509
1,496
1,403
6,2107
1,291
1,471
7,2331
1,398
8,5453
9,2907
1,663
3,1101
2,3415
3,1093
1,540
1,412
6,2250
1,292
9,2959
1,541
6,2110
8,13663
1,572
2,1529
3,1049
2,831
1,374
2,1111
1,457
6,2462
1,471
7,2411
1,280
4,1395
2,641
5,6826
1,591
8,2814
4,1577
7,2310
1,464
9,6706
7,10379
2,1311
1,426
1,464
1,331
1,308
3,1154
1,711
4,1635
9,10470
1,312
1,499
6,18621
1,400
1,374
1,16000
2,1038
1,497
3,1034
2,1238
10,2689
6,1916
9,3070
1,528
6,2081
4,1253
8,2749
1,521
1,5281
2,697
3,1531
8,2754
1,482
2,906
1,466
1,389
4,1860
9,2766
8,3182
7,43801
5,2115
4,1518
5,1813
1,391
7,2207
9,11584
4,3301
1,476
4,1318
1,533
8,2881
6,1997
10,3282
8,3184
1,393
6,2205
6,1948
1,349
6,6025
6,2570
6,3761
5,1651
1,481
7,2345
1,432
9,2415
4,1029
8,3611
4,1477
1,374
4,1464
1,467
3,998
6,2363
7,2456
7,2308
3,1079
1,576
5,1731
1,370
10,2725
7,1749
1,2197
3,22268
1,430
4,1404
2,802
2,724
2,894
5,1772
5,36117
4,1255
3,1201
9,2887
1,407
9,2266
1,413
1,331
6,1916
1,430
6,2086
7,2431
1,751
1,350
3,1087
5,1565
1,414
1,579
6,2204
1,402
10,2412
3,1206
10,2972
1,467
1,495
1,382
6,2231
1,582
3,1032
1,352
3,973
4,1560
1,300
7,19701
1,453
10,2533
4,1398
10,2697
6,2105
5,3041
1,449
8,2754
2,752
6,11475
2,810
3,2050
10,3554
1,558
3,1330
2,879
10,2798
6,1618
10,67605
8,2098
1,320
2,1100
2,799
3,1127
4,8193
2,653
1,413
6,2566
7,1713
8,9075
3,863
5,1812
10,3172
10,8233
4,1740
3,994
1,536
6,2602
1,412
9,6325
1,417
2,774
1,533
4,1498
5,1562
3,832
10,2133
10,2553
3,1811
1,347
1,438
6,2205
9,3019
4,1282
2,925
3,3889
1,498
1,327
7,2386
1,488
4,1265
10,3028
3,867
4,1424
6,2301
1,384
9,3116
4,1473
6,2031
5,1855
1,451
10,3736
5,5306
10,3350
2,9146
7,2352
9,2186
9,2539
2,799
6,1957
1,379
1,7325
3,1099
1,420
7,4724
1,732
1,442
7,2433
10,2418
1,410
10,3277
10,3376
1,627
5,1922
4,1207
2,874
5,1859
1,442
4,1074
1,490
4,1372
3,1564
6,2178
3,991
6,1971
10,3546
10,3106
7,2053
7,2345
4,1403
1,675
1,516
8,2596
1,339
3,1128
1,605
5,1916
8,2738
9,2264
1,370
7,1953
5,1907
6,1503
9,2868
8,2720
1,529
4,1333
1,503
5,1954
3,1120
1,341
4,1542
1,550
6,2038
5,3721
1,456
1,539
1,338
7,2637
2,785
1,445
6,2069
1,444
1,325
1,589
1,452
4,3122
1,488
2,1003
2,2918
6,1869
1,434
1,271
6,3574
6,2081
7,2349
1,453
1,679
1,465
1,505
5,1993
1,510
1,455
6,1871
2,1816
1,486
1,274
1,358
8,6993
3,1040
2,751
4,1368
1,590
8,3643
5,1811
1,616
4,1342
1,534
1,482
7,2483
1,516
1,269
1,298
5,1807
4,1267
2,703
1,433
1,666
1,373
3,1010
2,834
8,2758
1,438
10,3007
3,1185
1,421
1,341
1,249
1,488
9,6428
1,476
6,1622
2,901
1,440
6,2528
4,1695
1,613
1,436
8,1936
1,441
9,2159
1,527
1,246
1,470
4,1496
3,1228
1,465
1,465
7,2272
4,1238
3,1052
7,2547
1,432
10,2638
9,3126
9,3174
1,421
1,271
1,624
6,1636
6,2465
1,512
1,461
1,409
2,895
4,1794
6,2214
1,664
4,916
5,5570
10,2266
2,585
1,345
3,1129
1,403
9,3010
1,440
1,473
4,1382
1,509
1,627
1,467
1,418
10,2044
3,1190
9,3150
1,311
1,262
1,423
6,1615
7,2444
8,2720
1,695
1,393
4,1537
1,525
5,2262
1,478
9,4046
6,2048
10,2633
1,384
1,276
1,616
1,1597
6,1960
1,425
3,1154
8,2454
1,23311
1,478
1,613
1,390
10,3751
7,2451
10,3383
1,268
9,2762
1,528
1,309
3,1259
7,1690
1,410
6,2759
1,20138
1,643
6,2105
5,1830
10,3241
1,687
10,2223
1,239
1,494
1,433
2,772
5,1842
4,1500
7,1749
8,2789
7,49158
6,2070
9,3409
1,401
1,524
5,2028
10,2776
1,289
9,1954
1,533
1,431
3,5273
4,1413
3,878
1,446
8,30233
8,2957
1,703
8,3654
1,328
3,1118
1,535
10,2299
10,2218
2,871
1,274
1,404
2,623
4,1379
1,465
7,24771
1,405
1,627
4,1359
1,432
1,685
1,289
9,4024
9,2941
1,365
1,307
3,1143
10,2718
7,2363
1,441
5,20692
8,13860
1,634
6,8181
1,504
3,1176
1,368
8,2080
1,439
1,478
1,438
2,901
9,2417
10,2363
4,1491
6,2430
6,2191
1,398
4,1535
1,274
1,694
1,311
10,3680
10,2335
1,378
1,451
1,2909
3,677
3,1112
1,390
9,3167
7,6731
1,1105
4,1357
1,492
1,624
1,298
10,2426
10,2146
5,4388
7,2075
1,556
6,2969
9,2924
1,487
1,363
5,4938
1,594
5,1828
1,228
1,616
1,441
10,2304
10,2793
1,615
1,477
5,1958
6,2123
7,2427
6,2137
4,30476
1,604
1,1316
2,677
1,225
2,870
1,350
1,552
10,2497
2,827
1,582
6,2292
1,567
6,1899
1,669
1,531
1,478
1,522
9,2899
1,244
1,2210
10,2986
9,3171
10,2185
7,2646
1,367
3,1200
1,612
2,1076
5,10435
2,5652
1,585
1,504
6,1895
1,287
1,606
1,657
8,2007
5,1687
2,696
4,975
2,842
1,419
1,492
6,1986
1,572
4,1310
8,3012
4,1371
10,2284
1,567
1,440
5,1880
9,2063
2,849
3,642
4,1453
9,3132
6,1314
4,1624
1,585
6,1729
4,1409
6,2032
5,1180
1,701
1,279
10,2930
10,4362
3,1191
10,2939
1,509
10,3351
10,2097
4,1790
1,524
8,2631
1,957
6,2121
10,2875
1,626
9,3107
8,2408
10,2132
5,1866
10,2656
4,1704
9,2101
8,1994
8,2841
4,1188
6,1546
6,2320
4,1764
10,3500
1,523
9,2208
2,790
10,2198
7,2529
9,3136
8,3034
10,2306
10,2851
5,2299
1,401
4,1205
4,1582
4,985
10,3428
1,406
1,395
9,6776
5,1214
6,2185
6,1936
1,435
10,3586
4,967
9,3528
1,486
4,1143
4,1565
1,515
10,2343
1,504
10,2834
5,3537
1,467
7,2422
7,2544
1,377
9,2222
9,2085
4,1999
1,414
8,2221
8,2614
7,1512
5,1118
5,1883
10,3506
10,4705
1,506
5,1963
1,605
1,565
1,470
10,3556
6,1989
1,438
1,661
9,2866
1,510
1,419
4,1591
10,2161
10,10959
1,483
3,1074
6,1477
8,3434
10,3426
10,2925
6,1978
4,1577
1,582
6,2033
6,1416
7,2420
3,1047
1,410
2,1152
1,295
1,609
1,620
4,1795
1,268
10,2344
2,878
5,1954
2,747
2,667
10,2483
10,2217
4,1384
1,459
1,460
1,273
2,732
9,2204
7,2336
1,420
1,410
4,1437
8,13568
1,489
4,1319
6,2121
9,2188
1,495
2,1042
1,405
1,322
2,731
10,2728
5,18586
1,389
1,301
1,493
6,2417
1,566
6,1706
10,2283
10,2165
4,1392
9,2695
1,616
1,245
6,2105
4,1021
1,375
1,637
1,263
7,1895
4,1634
6,7347
2,741
9,2283
3,730
1,549
8,4208
1,405
1,317
2,1115
10,2180
8,2691
10,3474
1,487
4,1301
6,5083
1,629
6,1664
3,762
10,2792
5,5508
10,2421
1,1131
1,392
1,659
9,2196
6,2359
1,338
1,397
4,1306
8,2719
9,3438
1,430
9,2547
10,2286
6,4644
10,2788
1,508
1,307
1,519
10,2168
1,418
1,292
1,480
10,2562
2,1177
1,399
1,529
1,397
10,2878
7,2724
10,3303
1,1333
1,411
5,1983
10,2781
1,553
1,268
1,379
6,1298
6,4153
3,875
1,536
1,257
1,516
8,25819
10,3461
1,409
1,465
3,1495
10,2947
1,524
1,271
1,285
10,3254
4,1047
4,6275
7,1871
1,236
1,448
8,2715
10,2770
1,341
9,2868
4,1740
10,2198
1,511
1,490
1,292
9,2565
5,3906
1,586
9,2138
1,291
1,368
6,2065
1,476
1,263
10,2574
4,1452
1,504
1,363
10,2443
1,261
3,1003
6,2305
6,2147
4,1122
1,269
1,469
1,508
1,399
1,243
10,2256
2,778
1,395
1,461
5,1411
10,2410
1,266
2,839
1,392
8,2243
1,300
1,436
6,2193
1,532
1,310
10,3131
1,620
1,356
1,435
10,2222
5,1901
1,288
3,910
1,362
8,1936
1,273
1,465
1,476
1,306
10,2775
10,2168
4,1626
1,260
1,507
10,2902
10,2731
1,286
1,538
1,630
10,2563
1,247
1,403
8,2698
1,459
2,603
10,3012
7,2631
1,609
1,602
9,1829
10,2508
1,246
7,1776
2,695
9,2078
1,383
1,319
7,2507
1,667
9,4441
10,3371
1,493
1,298
4,1508
10,3585
9,2475
1,266
3,923
6,4196
3,707
1,307
1,454
4,1275
1,423
10,3335
9,2921
5,2170
1,501
1,414
5,2014
10,2281
1,381
4,1106
1,322
6,1736
1,259
1,377
1,376
10,3480
10,2339
1,329
7,5269
1,417
8,2707
1,449
5,1174
1,265
7,2491
3,1060
1,611
1,327
8,2833
4,1338
1,375
8,2861
5,1604
9,7598
1,274
6,2418
1,502
1,503
1,254
10,4180
9,2293
2,802
1,465
1,603
4,1523
1,368
10,3421
10,11781
8,18912
1,359
6,2194
2,643
1,415
1,783
10,2309
4,1182
1,498
9,3045
9,2939
4,1640
1,417
10,2281
7,2513
6,1983
1,597
4,3060
9,3253
7,1636
6,2084
3,1121
4,877
1,533
9,4465
5,1665
8,3061
6,1366
7,1947
10,4250
2,781
1,464
4,1215
10,3763
10,2721
6,1453
9,2698
7,2476
1,376
10,2117
10,3135
2,1014
7,2079
6,2450
9,3001
1,641
5,1725
2,929
8,1992
9,3152
1,492
7,2574
7,2336
1,446
10,3359
2,763
6,2321
4,1062
10,3985
10,18967
1,504
10,2207
9,14270
10,3016
10,3540
1,340
6,1636
10,2426
1,258
9,3050
10,3212
9,3151
10,3439
3,1334
5,1449
1,478
8,1725
6,14308
10,2835
3,789
10,2518
1,483
6,2310
1,363
10,3287
5,1747
3,1278
9,3257
10,3525
1,362
1,482
9,2023
4,1376
10,2746
10,3241
1,424
1,301
6,2058
1,424
10,2245
9,2346
6,2221
10,3687
10,3749
1,647
1,615
9,3056
4,1379
1,648
10,3382
9,3390
1,581
3,1173
1,273
10,2436
10,2444
6,2012
3,1469
10,3657
3,915
1,537
5,1673
6,2275
1,446
10,2870
10,3564
1,536
2,873
1,302
10,2414
1,463
2,731
1,374
10,4124
1,399
1,504
2,864
6,2207
10,2963
1,550
9,2541
1,377
1,469
1,278
5,1240
1,460
1,647
1,670
4,1630
1,504
1,420
1,522
3,1193
1,380
1,583
10,3404
1,301
9,2195
2,803
10,2370
4,1167
1,514
9,3459
1,1120
1,281
1,487
7,1911
7,2822
1,511
1,390
10,2871
1,258
8,2609
6,1483
4,903
2,1010
1,342
10,3347
1,447
1,254
1,484
9,2015
1,311
1,312
1,418
10,3485
1,242
10,3298
10,3079
10,2367
10,2488
1,589
10,3613
1,1577
1,541
4,1448
10,3515
4,1290
1,475
1,611
10,2269
1,239
9,3155
8,2899
10,3384
4,1482
1,495
1,619
1,478
1,277
1,427
3,839
7,2510
1,369
1,551
5,1796
1,247
10,2869
4,1082
5,1730
9,3642
1,459
2,687
3,1239
1,264
6,2187
10,2163
4,1521
9,2191
1,512
10,2145
1,556
1,473
10,2354
6,2273
10,2336
3,1108
9,2879
1,407
1,312
8,7362
10,4394
7,2719
1,283
1,428
10,2179
1,528
10,2512
10,3381
1,466
6,1414
1,517
8,5405
1,432
1,291
6,2048
10,3154
10,3198
1,274
1,500
10,1989
1,647
10,3505
10,3113
1,262
8,2099
1,474
10,2974
1,6706
1,360
4,1624
10,2823
3,947
1,271
1,433
10,2947
10,2741
10,2261
10,2333
1,233
10,3231
1,319
10,8764
1,539
9,5320
8,2624
8,2208
9,2305
1,297
10,3403
10,2171
9,2690
1,259
4,15289
1,259
10,2446
1,417
10,3488
1,485
2,925
2,854
1,658
1,390
10,3311
5,1933
5,1122
10,3122
1,440
9,2416
1,248
6,1882
1,499
10,3810
1,441
10,3970
6,1773
1,703
1,357
5,2033
10,4538
1,309
9,2127
1,232
5,1449
1,331
1,366
7,1741
1,580
1,579
4,1802
4,1391
1,525
1,327
10,3611
8,2484
1,369
9,2290
1,229
10,3073
1,264
1,651
4,1033
1,453
10,3543
8,3521
4,1569
1,357
1,275
10,3612
9,3133
1,315
10,2521
1,263
6,1347
1,382
1,389
7,1913
1,507
3,1150
10,4069
9,16531
1,482
6,1641
10,3744
10,3156
1,356
10,2663
1,276
10,2415
1,329
1,309
10,2979
1,509
7,2622
10,3603
6,1840
1,415
1,378
9,2894
5,4214
1,307
10,2697
1,261
1,447
1,395
1,333
8,1738
1,443
7,2201
10,3465
2,1085
1,454
1,293
5,1817
2,892
1,258
5,1410
1,262
10,3425
1,364
1,372
3,1128
1,459
10,26231
6,2844
3,1077
1,468
6,1625
1,466
1,398
1,420
10,2864
1,277
10,3088
2,466
1,384
9,2017
1,448
2,689
10,3036
10,3427
1,417
1,663
1,446
1,511
1,314
9,1960
1,279
1,450
8,1874
1,718
6,2150
1,400
8,2350
6,1893
7,2434
1,331
3,1097
2,645
1,491
1,379
9,2949
5,1565
1,705
9,4335
1,339
2,753
1,447
7,11200
10,3358
1,503
2,895
1,468
9,3058
9,2687
1,402
10,3468
10,2196
1,562
10,2146
1,308
1,755
1,451
2,774
10,3397
3,979
1,448
1,389
4,3225
4,1594
2,624
10,3667
5,1458
1,478
10,2536
7,1665
1,511
10,2812
8,3233
10,7867
4,1390
5,1811
1,616
10,2300
2,911
10,2570
5,1841
9,2088
1,398
10,2919
6,2383
6,1777
5,1444
5,8616
10,3293
7,2204
1,463
2,732
10,2350
10,3375
8,3519
1,491
10,3394
1,318
10,3386
10,3409
9,2307
10,3663
2,12113
4,2327
10,3133
9,6893
1,366
10,3023
2,945
10,2495
1,665
10,2066
1,826
10,2837
3,1511
9,2293
10,3464
4,1541
10,27083
3,812
10,4620
10,3392
10,3267
9,2705
10,2704
1,560
10,2455
1,380
10,3914
10,3915
10,2179
5,11007
4,35689
2,1033
9,2724
7,1986
8,2709
8,2519
10,3416
10,2486
1,337
1,591
1,405
5,1963
10,4036
4,950
10,3420
6,2028
1,630
7,1809
10,3093
10,2559
1,627
6,2315
10,2191
1,368
1,479
1,273
10,3398
10,3693
10,3554
10,3293
10,11653
1,595
6,1758
5,1725
9,2643
1,442
8,2566
10,3462
1,684
10,4089
7,2071
5,1608
4,1807
10,2232
2,1762
5,11454
1,619
1,447
3,1180
10,3603
10,3490
10,3566
5,2077
1,605
9,2513
10,4894
10,3352
2,973
10,2322
2,1116
6,14322
1,613
1,481
9,12482
10,2123
1,579
10,3410
10,3600
1,413
10,3132
3,1156
10,3477
1,462
10,4636
8,3240
4,36443
1,595
1,403
1,533
10,2576
1,489
8,2636
10,3193
1,414
10,2608
10,2176
5,1661
10,2946
1,515
7,2978
10,32370
1,540
1,416
4,1198
10,2411
1,465
1,530
10,3434
1,363
1,897
10,3298
5,1777
3,1238
1,250
8,3353
4,12619
1,463
1,291
2,610
10,3696
6,1731
1,453
10,3558
1,357
9,2872
10,3816
1,659
2,1033
1,270
10,5656
6,4237
1,27529
1,249
9,2981
5,1096
1,287
1,322
9,3953
1,365
10,3224
5,1591
1,398
8,2748
1,344
10,12074
1,1162
1,502
1,258
4,1665
10,2418
1,435
1,399
1,512
1,517
10,3375
10,6137
1,377
7,16018
1,538
8,15018
6,2924
1,308
1,235
10,3231
10,2484
1,584
1,454
1,483
3,876
10,3229
9,2779
1,302
10,11579
1,422
3,1534
1,588
3,1027
1,224
6,1915
10,3015
1,446
1,402
5,1307
10,2389
1,410
1,716
1,291
7,2914
1,309
10,8478
1,502
1,399
1,345
10,3323
10,2406
1,451
1,280
1,305
9,3459
1,309
5,2080
1,254
8,3692
1,278
1,629
1,572
8,12350
1,357
8,2698
5,1957
10,3422
1,496
1,283
10,4236
1,253
6,2393
1,271
2,4085
1,330
1,511
1,485
1,521
6,1635
10,2571
1,648
6,1788
1,325
1,399
7,2362
1,282
5,2274
1,256
1,1474
1,386
8,3617
1,491
6,2015
1,445
10,3233
1,278
10,6168
1,371
1,385
1,575
1,257
10,3638
1,295
2,938
10,2218
2,848
1,565
10,11498
10,3356
6,1727
1,365
10,3670
8,1850
1,395
9,3082
1,684
5,1824
1,386
8,14227
5,1594
1,458
1,551
7,8351
9,2434
7,1922
1,328
10,3439
1,595
1,317
10,3050
1,333
10,4185
1,340
1,504
10,4013
1,489
1,694
10,9920
4,879
1,477
1,390
10,3520
6,2040
1,305
10,3597
1,399
4,1497
4,1508
1,712
10,2179
1,482
1,529
9,3113
10,2141
1,351
1,390
4,1612
10,3553
1,422
10,3669
1,435
10,3764
10,3314
8,4321
10,3339
1,492
8,3503
3,1165
9,2828
1,411
1,411
2,767
10,3338
1,389
5,2038
1,441
5,1893
9,3282
1,778
10,3015
5,2041
1,368
8,2824
10,3280
1,275
1,651
1,594
2,830
10,3625
10,3698
5,1636
10,16135
10,3221
1,667
5,1763
1,391
1,517
5,7491
10,3635
1,303
1,417
3,1133
9,3286
2,683
7,1710
8,2869
1,471
10,3408
1,570
1,539
1,412
4,1580
2,860
10,2475
1,328
1,348
2,890
10,8084
4,1626
10,5387
5,1733
1,487
10,3258
1,611
1,397
1,412
6,2091
4,1421
10,2511
1,250
1,384
8,2904
4,13769
10,4259
10,3227
10,3496
1,319
1,746
5,2113
7,2043
1,531
5,4837
5,2015
10,3547
1,405
10,3241
6,2332
2,747
10,3435
5,1736
9,2931
1,538
2,1007
1,443
9,2442
5,1826
9,3362
4,5314
5,1408
1,402
9,2797
1,538
1,689
10,3408
9,3940
2,703
1,533
8,2610
1,425
9,2092
2,914
2,1019
10,7144
9,2026
1,281
10,2719
7,2359
1,1187
8,1918
3,959
9,3000
1,520
9,3202
1,385
10,3402
5,1717
7,2518
6,9874
10,3580
3,837
10,3102
8,8272
8,3010
6,1942
1,549
10,3305
1,421
6,2358
2,842
3,834
10,11108
5,2062
5,4343
10,2312
1,370
10,3536
1,364
8,2767
1,558
1,301
1,489
1,325
10,2680
4,1337
10,3346
4,15718
6,2009
5,2350
5,1143
7,2484
10,3304
10,20308
7,2643
2,1060
1,344
1,456
1,345
10,3334
5,1793
10,3367
5,1697
5,1776
1,349
1,418
6,1232
8,2035
1,382
8,2650
8,2407
1,452
1,519
1,463
6,1630
4,1544
10,3307
10,4317
3,1203
1,369
1,464
10,3415
10,3431
10,29557
10,3143
9,2910
1,256
2,799
1,619
6,1742
5,1727
10,2811
4,1682
5,1828
10,3149
1,670
9,15199
5,2182
1,706
10,5876
10,3393
1,737
10,3470
4,960
10,2540
10,5117
1,712
6,2426
2,1002
6,2013
1,486
9,23245
10,3158
8,4213
9,18783
6,2319
1,522
4,1487
9,3034
10,3653
6,2301
1,525
6,25798
3,1147
4,1200
1,421
3,1892
2,557
1,505
10,3331
10,2821
1,461
9,3041
10,3088
10,36854
10,19546
1,528
1,452
7,2450
1,480
1,426
4,1518
9,3154
3,1148
1,527
10,2937
1,361
10,3618
4,1343
4,1439
5,2105
1,455
3,1217
1,599
1,520
1,430
1,752
9,2698
1,391
2,834
10,2598
1,287
10,14159
6,2253
4,6596
6,2012
1,423
1,7597
2,839
1,510
1,400
3,42142
10,11668
2,761
1,439
10,3152
1,501
10,11936
10,3751
1,474
1,664
1,431
9,3152
8,2594
6,2120
1,368
1,37027
5,1853
8,3835
2,757
10,12702
4,1502
8,19462
10,3388
1,396
1,366
1,488
5,9636
3,1300
1,522
1,373
3,769
1,437
1,425
1,468
4,1380
1,273
10,3018
10,2371
1,352
5,1690
1,497
7,2371
10,3554
1,564
1,362
1,482
1,321
1,460
1,475
1,419
1,472
1,471
6,2048
1,392
7,2714
1,18270
8,2712
9,3714
6,2111
1,369
7,2588
1,299
1,417
1,478
1,390
2,971
1,666
6,1446
1,383
5,1856
8,2132
7,2213
3,1097
4,1377
7,2277
7,2351
1,339
1,453
2,632
1,456
6,2374
6,1745
5,1174
1,355
8,3257
1,357
5,1899
8,2788
1,326
10,3974
8,2722
1,375
4,1464
1,474
1,449
9,5100
1,335
6,1705
1,405
9,4272
5,1948
7,3867
7,5870
1,328
9,2134
10,11866
1,385
2,823
1,463
1,446
10,3134
1,507
10,3206
1,449
7,2418
10,3153
9,6980
7,2601
1,448
3,835
7,3089
1,278
4,6614
1,399
1,1151
9,2250
1,354
4,1434
1,416
5,1848
10,3464
1,516
1,526
1,499
10,2647
10,12361
1,251
6,2577
1,567
1,604
8,2908
1,257
10,3101
1,431
5,8622
2,1045
2,725
1,401
1,462
1,540
2,1896
1,542
6,2126
1,1424
1,614
10,3542
1,238
5,1717
3,1068
9,4742
10,6367
5,1679
1,555
8,3024
10,2393
9,10806
1,407
10,3425
5,2005
1,679
10,3107
1,252
10,3284
1,501
3,1193
10,3505
1,411
1,588
3,1160
9,3813
2,5696
1,258
10,3482
4,1618
1,549
8,2230
1,251
10,3479
3,1161
5,1816
5,2261
1,503
2,820
9,3612
10,2953
8,5504
1,410
4,1621
6,2304
1,511
6,2322
1,271
4,1176
1,438
2,738
2,764
2,686
1,631
6,10493
10,3621
5,11924
1,525
4,1545
4,8272
3,1243
10,3596
6,1951
1,568
7,2480
1,507
1,365
1,715
1,548
7,2370
10,3465
1,600
9,2296
6,27892
4,1618
8,2594
10,3418
7,1781
1,559
7,3755
1,591
4,1504
7,2462
1,357
9,17119
7,2879
1,668
1,722
6,1928
5,4613
1,705
2,711
4,1350
1,507
7,2293
2,920
8,2684
1,399
1,519
5,19504
5,1678
1,488
2,557
1,608
10,3813
7,2319
10,3489
10,3499
1,515
10,3265
5,1608
9,3005
1,409
1,394
2,950
10,16049
1,479
10,4710
1,596
6,2195
10,3631
10,3561
3,1097
1,387
8,3000
1,471
4,1005
1,2140
1,332
5,2255
3,1078
1,475
4,1249
4,1580
6,2265
2,734
10,3376
10,3509
1,346
9,2996
1,466
10,7132
5,1904
1,300
1,645
5,1666
1,487
9,3401
5,1819
4,1440
7,2525
4,13715
10,3225
1,406
2,760
1,490
6,1729
1,3058
1,517
2,4933
9,2835
1,464
10,2547
7,2766
6,22562
10,11756
1,503
10,3176
1,385
2,921
1,561
10,3455
1,923
9,2590
3,1165
10,3137
1,496
8,2794
9,3200
1,725
9,3092
1,499
2,630
1,377
10,4109
2,739
10,3966
2,1255
7,1946
7,2448
1,578
5,2034
10,2237
8,8933
2,855
2,806
1,485
1,407
1,348
5,2284
1,495
10,2241
1,605
5,1392
1,589
1,463
1,877
10,3324
5,2018
1,496
8,2724
1,418
3,1143
3,1109
4,2323
1,565
6,1371
3,1333
10,2796
1,380
1,357
2,5423
6,1639
9,2998
5,1905
5,1697
1,354
1,439
1,452
4,1756
7,2437
1,409
1,406
10,2835
8,2860
1,485
4,1519
7,1692
1,506
5,1743
2,856
1,427
6,2067
1,501
4,63852
1,608
1,351
3,1156
10,2994
3,1145
1,603
1,360
6,2188
6,6252
6,2172
4,1685
1,1655
8,5808
7,2239
6,65477
2,1067
1,339
2,814
3,1241
9,2922
1,543
6,2237
10,3519
7,2623
8,2929
4,2233
1,435
7,4631
7,2315
6,2150
1,1656
1,374
1,379
5,1357
3,1078
1,331
9,3293
10,3719
1,584
5,1812
6,2401
1,449
8,2573
10,3542
4,1290
1,360
1,268
8,3077
10,3471
10,3202
1,374
4,1900
3,1081
1,564
9,8332
10,3799
2,1554
10,8322
8,2485
1,324
8,2688
1,289
10,3159
3,1230
7,2417
1,356
1,444
10,3454
1,526
8,22372
5,1799
1,438
10,29241
10,5884
6,2598
3,1305
1,297
3,3433
1,478
9,3595
1,285
4,2097
10,3220
1,500
7,2908
4,23434
3,1040
1,425
9,3160
9,2817
10,3460
1,233
8,2704
4,1028
1,607
1,266
6,2028
4,1335
5,3335
9,2859
10,27742
1,479
1,521
2,735
10,3473
3,1163
1,277
7,2314
10,2576
1,425
1,278
6,2408
10,5484
1,728
5,1788
1,18982
2,606
1,428
2,841
6,12927
9,8844
1,259
7,2496
5,1310
1,460
4,1085
1,473
1,548
2,750
1,425
6,16941
8,49943
2,747
8,2684
5,13545
8,2908
7,1609
2,738
8,1876
7,2464
2,1020
9,28132
1,559
5,1777
1,371
1,483
7,48968
9,35154
5,1802
1,596
7,2696
6,2058
1,534
7,1925
1,716
4,1192
1,694
1,599
2,929
1,387
4,1307
10,29840
1,358
9,6165
1,420
1,589
10,3170
5,1815
10,3283
1,426
9,3671
1,641
1,582
1,597
2,777
6,4082
7,38143
8,2350
4,1421
1,427
10,2338
10,3045
7,2508
6,1923
1,366
10,4616
4,2246
1,505
1,537
1,369
1,372
8,25390
3,6461
2,712
1,471
1,364
3,1278
10,2628
9,3017
1,721
6,1532
5,1861
1,573
1,716
1,517
6,2967
8,26628
4,971
6,2032
1,504
1,530
10,3390
1,465
5,1253
1,1524
10,3423
9,3241
1,572
1,547
3,11904
1,532
2,863
1,278
4,1650
1,505
6,1958
4,1614
10,2756
2,865
1,619
8,3214
8,7167
2,890
1,500
1,402
1,720
8,4060
1,976
1,481
1,506
7,1617
10,12729
5,2536
4,1304
1,535
10,2290
6,10267
1,338
3,4271
1,380
1,474
2,1062
1,607
5,1644
1,590
1,695
3,15589
3,1985
1,601
1,406
6,1765
6,2339
1,494
3,6985
1,489
1,473
5,1936
1,409
4,1276
4,1440
10,2930
2,2182
9,5371
1,425
2,7120
8,1796
5,1763
1,585
7,2543
1,458
1,409
2,886
1,496
10,3132
1,407
9,4913
1,364
10,7036
1,353
10,14899
10,2105
7,2759
3,1135
1,499
1,422
5,1674
4,1479
1,431
6,1956
1,542
9,5421
7,4438
10,5168
1,289
1,524
6,2021
9,11954
1,507
2,950
2,660
1,1151
6,2205
5,1808
4,1475
1,451
4,1445
2,749
9,7106
1,276
5,2023
10,3647
2,983
8,3001
7,2680
1,2063
1,697
4,1366
6,3464
1,391
1,369
3,1131
8,2446
1,545
1,342
7,2199
2,777
5,2006
10,3781
10,3276
3,1180
4,1471
10,3585
2,802
6,1923
6,2086
9,2892
10,3070
1,464
1,314
1,380
10,3249
2,981
7,10810
9,3088
7,2640
1,370
5,1778
4,1522
1,366
6,1889
10,5611
7,2213
1,559
1,297
9,3407
4,1507
3,1238
8,2618
3,1179
1,544
5,1722
4,1356
10,3966
1,437
3,951
1,477
8,2860
1,600
1,374
5,1935
10,3572
5,2181
10,20908
6,1633
2,753
8,11732
10,3478
4,1316
1,472
5,1671
1,379
10,3448
10,3657
1,681
10,10358
10,3291
1,515
9,3251
8,3090
8,3965
6,1892
6,2036
10,3591
1,420
8,3422
1,269
8,2340
1,298
1,440
3,1274
1,1043
1,630
2,834
1,496
9,11277
9,22586
4,1478
5,7343
6,4843
9,10638
1,254
2,819
1,662
4,1053
10,3817
2,645
1,485
8,2694
3,1176
6,1536
7,2227
6,2371
6,2118
1,450
9,10187
1,265
2,704
1,297
6,1296
9,3434
1,10401
1,455
5,1762
1,456
3,1068
5,1531
1,436
6,2119
1,424
7,2532
1,368
9,2971
1,305
10,2686
3,1081
1,382
8,2391
4,1452
5,1905
3,28064
9,4087
6,2286
1,549
1,442
2,3207
1,329
1,396
1,444
10,3471
1,370
3,988
1,632
6,1951
7,1967
8,2521
5,1933
1,12305
1,470
1,467
5,18485
1,285
1,447
1,399
9,2167
10,3257
1,323
1,375
2,731
1,650
7,2561
2,7147
1,466
4,1151
1,543
1,1337
1,367
1,466
3,988
10,3248
4,1235
1,653
1,457
4,1654
10,2340
1,627
1,473
1,531
5,1763
1,457
3,4467
1,271
1,441
4,1631
6,2885
5,1230
1,789
1,422
10,3689
10,3613
3,1166
2,1825
1,452
9,3061
1,483
1,310
3,816
1,384
5,1443
10,2624
7,1910
1,441
1,439
5,1835
10,4622
2,811
3,1106
1,582
6,1953
5,1824
2,1707
1,637
1,492
8,2767
8,2271
8,2050
1,375
3,1046
4,1466
9,3165
2,700
7,5088
1,458
7,2177
8,2745
7,2474
4,1114
1,412
7,1669
2,674
10,2396
2,999
1,507
10,23209
1,509
10,2438
2,748
1,503
8,3469
6,2862
7,3341
10,3099
1,368
10,2129
7,1882
9,3056
7,3796
7,2277
6,19466
10,2192
7,1720
1,369
1,511
5,4769
9,2984
8,2797
8,2972
1,404
6,2112
10,2616
6,2092
1,500
1,413
1,15988
5,1535
10,4203
8,4222
1,675
9,5688
6,2257
3,1160
7,1945
1,461
5,1442
8,1765
5,1334
8,10265
1,630
4,11915
1,324
1,346
3,4861
1,686
1,436
9,2905
10,3429
10,3052
5,1613
2,748
10,3136
2,831
10,4177
9,2567
1,464
3,931
10,4049
10,3932
4,1753
7,7991
7,2251
10,3292
9,2102
1,556
1,509
2,721
1,380
1,416
9,2827
1,485
9,4683
8,3369
9,3072
1,496
1,421
5,1824
3,966
6,2105
4,1330
4,1471
10,3349
1,281
10,12393
10,3149
6,2347
1,454
10,3159
3,1312
9,3042
1,655
2,742
9,10598
2,689
5,1671
2,479
3,1200
1,264
1,830
7,2181
1,377
1,526
8,2509
1,641
5,1767
1,520
3,1180
2,887
1,425
4,1367
10,2283
8,2424
1,239
7,2604
3,686
1,503
1,523
3,1372
8,2860
6,3257
1,459
1,534
7,2510
10,2370
5,1768
10,3414
2,693
1,282
8,6066
1,480
1,473
1,474
9,3608
7,2424
6,7246
1,681
4,1180
1,508
4,1009
4,1263
9,2586
5,1258
1,240
8,8083
1,704
1,393
1,469
1,522
1,368
9,10076
1,382
2,973
1,452
7,1585
10,3356
1,278
1,475
1,301
2,11195
2,868
6,2927
1,412
1,332
1,277
1,455
5,1776
3,1195
1,283
10,3442
6,2011
10,3007
1,394
1,306
2,746
1,520
1,439
1,515
1,307
1,449
5,1937
2,800
10,3079
1,384
10,3174
5,1695
6,1656
1,470
1,265
10,3424
7,1806
1,493
1,347
1,358
1,607
7,2872
2,833
7,2574
1,435
9,3057
6,3774
8,1919
2,542
1,275
5,1935
5,1699
1,483
10,3275
1,573
1,749
5,1977
1,502
1,510
1,703
6,2059
4,1374
10,2461
1,328
10,2584
4,1610
10,3469
1,546
1,504
1,543
1,451
3,3300
1,383
8,2767
1,383
3,924
6,2390
9,2236
1,670
4,1023
6,6363
1,423
4,1659
4,933
1,461
1,453
5,3288
5,3702
3,1103
1,368
10,2812
1,795
1,635
1,570
10,3213
4,1633
10,4681
5,4193
10,2280
1,425
7,2587
2,940
1,395
9,2977
1,346
10,2588
1,599
1,259
1,513
10,3284
5,2056
10,2818
8,2885
5,1130
1,348
1,421
3,1120
1,538
10,3293
1,313
1,509
6,2373
1,379
1,284
1,369
4,1498
9,6075
6,2358
8,1849
1,341
1,651
7,4229
2,823
3,1035
1,281
1,282
5,1852
1,371
1,299
6,1674
10,4208
3,1207
5,1892
9,3065
3,964
1,568
1,467
3,1058
7,2203
1,467
1,297
7,2772
1,443
1,309
10,3191
6,2073
5,1661
7,2942
6,2098
1,560
2,862
2,925
9,2502
1,504
5,1694
1,346
8,2719
1,457
5,1614
10,3467
4,1727
9,3002
5,7861
5,1297
10,3441
10,3373
8,2808
1,473
7,3375
7,1932
1,272
9,6590
10,2925
5,1313
9,2506
6,2421
10,6786
9,30420
2,665
5,1232
1,497
3,1112
2,1759
1,307
1,420
1,341
9,3337
1,281
10,3694
8,2054
6,2426
3,1062
5,1786
1,364
8,2948
5,2009
10,3865
8,2700
1,457
10,2369
1,237
7,2635
1,457
10,3504
10,3316
1,673
1,399
2,692
4,979
7,2177
7,2195
9,3143
3,1121
1,409
9,2893
1,242
6,2089
1,254
8,13018
3,1154
1,718
1,272
2,969
10,3099
10,2598
1,490
7,2451
1,524
1,443
9,2997
1,479
5,1744
1,265
10,2877
7,1762
1,562
1,371
7,2762
10,3262
9,3122
10,3435
3,11512
10,3459
1,513
10,3357
1,364
2,818
8,1844
5,1743
8,1930
1,854
1,348
1,380
10,3280
5,1229
9,3287
8,2863
7,2566
1,501
5,2117
8,1828
2,693
8,3057
10,7500
2,510
1,3957
1,393
2,766
9,2178
2,682
3,1488
7,3141
8,4087
1,445
3,1089
2,888
1,455
8,2446
3,1180
10,2749
1,482
1,305
5,8201
10,2232
1,410
5,3035
1,459
7,3889
1,419
9,2660
10,2713
1,484
10,2331
4,1620
10,2524
1,367
7,1635
1,4381
6,1476
4,1251
9,2958
1,418
2,846
2,688
1,512
8,2041
1,477
2,7603
3,1371
7,1866
1,517
1,236
5,28244
1,460
8,1869
10,10219
1,537
1,392
1,345
5,1698
9,2120
4,1371
10,2301
3,1201
3,842
4,1637
1,241
2,691
10,2381
7,1848
3,941
1,660
5,1692
1,487
3,913
2,581
1,488
2,795
7,2438
2,658
1,468
1,252
8,2691
1,331
10,2615
1,619
1,605
7,2392
1,473
1,381
10,2428
1,411
2,677
7,2496
1,448
1,638
1,262
3,1277
1,241
10,3359
4,1556
1,414
1,440
7,1551
4,963
8,1718
1,544
2,628
6,2390
1,248
1,449
1,487
10,3324
1,348
9,2064
10,2979
2,770
10,2399
10,2194
10,2794
2,795
2,717
5,1434
7,2790
1,248
1,407
10,2411
3,1062
10,2319
6,2091
8,2099
1,796
10,3817
1,286
5,1162
1,476
1,338
3,886
7,2956
1,281
5,1691
5,1083
9,5881
1,352
10,2633
7,2498
1,685
9,3159
10,2908
7,2455
2,729
1,482
10,3944
10,3495
1,281
9,3171
10,3139
7,2402
1,466
2,524
7,1555
1,564
5,2083
10,3771
10,2826
10,2394
3,810
8,2674
7,4519
1,387
8,2506
9,2695
1,569
1,385
3,995
10,3050
1,378
10,11427
9,3324
10,2118
5,1665
1,354
1,342
3,2089
1,390
9,3035
10,2966
8,1919
1,473
10,3063
9,2155
1,432
3,1348
3,1345
9,2013
7,1815
1,350
10,3267
5,1628
1,301
6,6353
5,1139
1,400
1,382
1,499
6,1549
1,392
10,4337
9,2961
6,2262
10,3736
1,420
5,1941
3,1540
1,242
7,2882
1,458
1,368
1,324
1,255
1,382
5,1555
1,613
10,6820
1,413
10,3405
7,2274
10,8506
1,518
1,270
7,14859
1,344
1,379
10,2290
1,523
1,327
7,2277
1,662
3,872
1,271
8,2876
1,508
7,2026
1,642
10,2672
5,1789
7,1556
1,480
2,880
1,372
1,241
9,2157
9,3134
1,297
1,244
5,1881
8,2451
10,3473
1,520
5,1389
2,751
10,3416
7,4485
8,1924
1,265
1,235
10,2635
1,422
10,2248
1,282
3,1144
3,1010
9,2254
1,449
10,8847
1,433
10,2251
1,412
10,3102
1,398
2,556
10,3351
1,470
10,3170
1,393
10,3681
9,3017
1,544
1,527
10,2687
2,823
9,2153
1,399
8,1698
1,266
1,414
10,2396
1,346
5,1862
1,272
10,3497
10,4797
1,486
1,407
1,405
2,1210
9,2061
1,392
10,3137
1,281
3,820
5,1660
1,343
4,989
1,285
1,4531
3,903
3,1402
1,396
10,3391
3,1108
10,3196
1,471
8,2711
1,332
1,241
3,1185
1,346
7,2157
1,290
1,502
7,2434
1,503
1,524
5,2907
10,3381
3,1089
2,818
2,599
1,378
1,248
10,3473
1,369
10,2443
1,247
1,443
1,483
1,505
1,392
10,3953
7,2446
10,2584
1,488
2,649
8,1939
1,228
3,963
1,533
9,3024
1,248
1,736
7,4276
1,398
1,507
9,2196
1,513
10,2474
1,486
3,1255
3,1133
1,248
1,607
1,575
5,1397
1,256
1,6025
5,2262
1,464
2,1061
3,1159
2,994
8,1915
1,490
5,1809
10,2454
1,260
4,1228
1,490
6,1577
2,828
3,1437
2,757
1,479
5,1479
3,1201
8,2928
1,363
5,2097
10,3312
8,1949
4,970
10,3343
3,1021
1,460
4,1001
1,473
1,346
3,1030
8,2926
4,1535
3,1200
1,251
1,452
10,3141
10,2566
6,1952
7,1647
9,2682
1,380
10,3549
1,378
5,1493
1,453
6,2121
7,2538
3,1385
1,245
10,3485
10,2300
2,727
4,924
7,1914
4,1129
1,253
10,2881
1,587
7,1703
4,1545
10,2725
3,1080
6,4317
1,242
10,2421
7,2240
10,2334
10,2331
8,2730
7,1624
1,271
1,455
1,566
10,4493
1,589
4,1504
7,2382
9,5556
1,239
9,3264
5,1943
7,1713
10,3146
10,2293
8,1805
1,264
9,2052
1,588
1,355
7,2399
10,2243
7,2538
8,2769
1,237
10,3404
10,7013
2,948
1,379
6,1479
7,2279
1,276
10,3623
5,1871
10,2442
1,4055
8,2106
6,2114
7,2379
1,238
5,2237
1,704
2,676
10,2966
9,2568
10,3094
1,257
6,2151
3,1243
10,2154
3,1191
2,836
7,2358
1,467
1,244
9,2630
10,4344
5,1962
6,2107
3,1039
6,1759
1,296
8,1901
3,1186
9,3142
7,2436
4,1526
10,3406
1,708
1,311
10,2891
1,579
10,3256
10,3401
2,933
3,897
1,318
9,3065
7,2395
3,996
7,2313
6,1512
1,784
3,951
2,459
3,1025
10,4736
7,2664
9,2160
1,375
2,481
1,243
8,2385
7,2567
9,2722
6,2033
10,2431
1,539
1,458
1,259
10,2642
1,757
10,3603
8,2168
1,354
1,662
1,750
8,2279
7,2609
10,3046
10,3322
9,2258
1,548
1,476
3,802
1,606
1,1070
10,3505
3,1042
1,296
4,1273
4,1754
3,1346
5,1534
1,499
7,2546
10,3439
7,2982
1,389
10,2541
4,1600
1,371
8,1966
8,2671
1,398
4,905
4,982
7,2296
7,2468
1,291
3,1166
10,2573
1,713
1,356
8,1725
5,1396
1,275
5,1584
10,3372
1,368
10,2524
10,2410
10,2452
7,3174
1,340
2,595
10,2408
3,1131
1,249
10,2392
8,2578
1,307
10,3491
10,2174
1,277
10,2126
1,701
2,511
3,1325
1,456
3,1015
10,3739
1,568
1,254
7,1526
7,2465
1,645
3,1201
10,2520
1,255
1,368
9,2225
2,583
3,1141
1,251
7,1737
1,364
1,523
1,360
10,2044
10,3354
1,540
10,3914
2,807
1,347
9,1868
3,1215
10,2407
10,2406
1,242
6,1547
10,2632
1,349
1,478
2,598
9,3260
1,531
1,564
10,2624
1,248
6,2156
6,1410
10,2305
2,564
1,288
10,2373
9,2151
1,484
1,443
2,631
6,1928
7,2868
1,386
7,1864
1,271
10,3064
10,3399
7,1677
6,2407
1,298
4,1222
1,507
1,556
5,1874
3,785
5,1316
4,1677
1,245
2,547
1,537
6,1368
6,1546
3,900
6,1734
1,363
6,2068
1,328
1,479
7,2516
7,2567
1,444
3,1359
1,386
1,619
1,331
1,390
9,2977
1,376
8,2106
1,262
10,2638
1,524
3,2398
2,766
10,3466
1,429
3,1375
1,572
1,485
1,417
10,2269
7,2159
1,389
4,1120
3,734
8,1878
1,346
10,3750
1,444
10,3376
1,371
3,1307
1,524
1,444
10,2242
1,385
8,1905
1,249
10,2986
1,398
7,1548
1,573
5,1364
10,3399
8,2630
1,353
6,3469
1,446
1,281
9,2026
1,431
3,739
1,276
8,1906
10,2249
3,709
3,929
6,1721
10,3387
7,4435
2,544
7,7136
1,474
1,264
10,2310
1,339
10,3152
1,266
4,1659
4,1247
4,1332
1,261
7,2378
10,3191
10,2402
1,257
7,2868
1,496
1,258
9,2373
9,3235
10,2937
1,346
2,926
5,1112
6,1899
1,341
4,1114
3,1180
3,736
1,357
10,3678
1,370
1,261
9,2045
1,271
7,2555
1,268
4,994
7,1768
4,1061
1,238
6,2110
5,3687
10,3252
1,273
7,4307
3,1369
1,299
10,3038
1,245
8,2962
2,591
10,3787
10,2994
1,443
1,246
10,2512
8,2707
3,1002
1,436
3,958
3,1261
1,264
10,2750
1,248
2,867
1,377
6,1627
9,1777
1,284
1,350
5,1151
9,2921
10,14879
1,420
5,2071
3,1189
1,373
8,2188
1,241
10,2317
1,265
1,633
6,1680
1,393
8,2801
4,973
4,1215
1,474
1,284
6,2098
7,2605
5,1701
2,770
1,288
7,1571
1,313
1,374
5,1112
1,282
1,486
3,1193
3,959
1,462
4,1249
7,2323
7,2612
5,1601
8,2659
1,316
3,925
5,1270
1,261
10,2350
1,411
10,3669
6,1503
10,2707
1,646
4,1054
4,998
7,2533
5,1191
10,2178
3,977
2,790
3,1064
1,288
4,1056
1,380
10,3636
4,1098
6,1987
1,515
10,3633
9,2663
7,2258
10,3200
10,2179
8,2231
1,498
10,4478
1,347
4,979
1,266
7,2983
10,2458
1,274
7,2542
10,2825
10,3252
10,2902
10,3219
2,833
7,1453
1,381
10,3018
1,261
10,2648
1,632
9,6715
9,3250
5,1514
1,4916
6,1383
10,3009
3,1215
1,545
10,3327
7,1818
1,390
1,396
1,274
10,2241
1,518
10,3996
10,3293
7,1736
1,438
6,1410
5,1738
7,2325
10,3448
10,2358
10,2074
1,252
8,2058
1,560
3,1078
10,2744
2,1323
10,3193
8,2048
1,403
10,2462
1,436
3,856
5,1652
2,548
9,1803
1,250
7,2383
1,469
10,2253
1,245
1,599
10,2253
10,2979
1,487
10,3413
1,340
4,1038
10,3265
8,1931
2,745
1,265
5,1605
1,455
6,2036
10,3307
3,1299
10,2909
9,2897
1,508
10,3776
1,280
2,617
9,3314
1,393
10,2498
1,311
10,8436
10,2549
6,1489
9,2140
7,2469
1,617
5,1715
1,503
8,1894
3,1068
5,1438
3,1280
1,286
3,977
1,259
9,3203
10,2300
10,2302
10,2314
1,339
10,3034
2,575
3,1134
10,2821
1,403
8,1938
5,1737
1,313
1,503
1,289
3,1162
10,3368
7,2348
10,3490
2,707
2,591
1,497
10,3313
3,1091
4,1384
6,1561
3,1361
1,266
2,989
1,298
4,1437
10,2311
1,464
1,516
10,27499
1,343
1,320
7,2364
8,2633
1,427
6,1878
3,1064
1,278
5,1543
2,837
3,1094
10,2621
1,268
10,3171
10,3248
1,284
1,594
7,10327
8,2011
10,2958
10,2816
3,2678
1,299
5,1469
5,1741
10,14370
10,2462
1,298
3,1212
10,3206
1,260
1,300
10,4544
2,697
1,709
8,2033
7,2332
1,301
10,3253
5,1439
7,2463
3,1112
1,267
8,2521
9,24780
1,253
1,293
10,7155
10,2470
1,517
10,3184
7,2435
1,336
10,6170
10,3400
7,2351
10,2314
1,283
4,1411
10,5545
1,262
1,374
3,1035
10,2385
6,1414
5,1204
5,1805
1,421
1,607
1,527
6,2187
8,2617
1,240
10,8715
1,576
1,617
1,267
7,1943
7,2017
1,274
2,798
7,2892
1,259
8,2960
3,948
7,2318
10,3302
1,233
10,13237
7,2356
1,394
1,244
6,1722
2,700
1,301
4,1381
1,364
1,516
10,3613
8,1890
10,3347
10,3329
1,284
7,2422
1,542
1,275
1,223
6,1441
2,558
1,464
10,2217
7,2192
2,549
5,8882
5,1189
7,2337
10,13602
1,244
9,2979
1,427
1,396
1,232
10,2170
1,354
1,319
1,510
7,2446
3,1197
5,1434
5,1711
3,1159
7,2449
1,343
10,3176
1,412
1,303
1,275
4,1424
1,232
10,2387
1,269
1,458
10,12656
10,2557
10,3240
3,1619
9,3263
8,1786
10,7345
1,423
8,2389
2,771
10,3250
1,240
10,2621
1,255
2,1041
10,3670
9,2841
7,2541
1,490
2,918
2,550
2,826
1,417
8,13478
10,2908
10,2238
1,332
10,3077
1,375
7,6830
8,2730
1,318
9,7087
1,728
1,403
10,2508
6,2669
1,399
10,3707
10,2810
3,847
1,247
10,3228
1,485
1,356
9,16589
1,556
3,1136
1,432
10,3556
8,1945
1,537
1,478
9,3993
10,2419
4,986
1,239
10,3291
1,265
3,1050
7,1872
1,429
3,1220
1,432
1,598
8,1675
1,496
1,493
10,4317
9,3177
4,982
1,286
10,3355
1,297
1,376
10,3427
1,567
4,1338
1,333
1,626
2,515
1,1456
1,368
10,9020
8,2628
10,2419
1,274
1,390
1,267
1,501
10,3381
1,589
10,3264
1,353
1,535
10,2240
1,514
1,339
2,902
10,3441
6,1506
1,350
5,1319
1,303
1,578
3,1425
1,1710
7,2444
1,286
1,543
8,1716
1,542
3,1323
10,3493
10,2652
10,2265
1,337
8,3944
1,397
1,476
5,2078
1,454
7,2427
1,306
1,520
2,713
1,428
8,3998
1,695
8,2242
1,376
5,1774
10,4158
10,2530
1,289
3,1174
1,458
7,2533
1,285
1,443
2,525
2,795
1,387
3,1269
8,1955
1,276
5,1098
9,3051
10,2761
3,1128
3,1281
1,383
7,2484
1,448
1,411
10,3543
1,341
4,2152
1,646
10,3722
1,361
10,3317
10,14418
10,3080
1,339
7,2679
1,422
10,3423
2,955
1,479
5,1354
1,402
3,1117
2,972
2,995
1,329
10,2324
9,3116
10,2885
1,409
3,1013
3,1154
6,13962
3,1163
1,422
5,1604
1,505
1,480
1,801
2,522
1,382
5,1744
5,2061
10,2800
8,2855
7,2071
7,2442
1,463
7,2398
1,469
10,3494
1,469
2,628
7,10413
8,2330
1,276
5,1741
1,547
10,2292
5,1791
7,2411
4,1471
1,664
6,1458
3,1158
10,3496
1,388
10,13886
10,7514
2,839
1,299
10,5334
2,731
2,865
7,2279
5,1836
3,1141
1,446
10,2854
7,2442
3,1320
3,1225
5,1821
10,35001
10,2185
1,233
10,2828
10,3252
9,2739
6,1624
7,1938
3,3951
3,1006
10,3045
2,661
5,2036
1,549
7,2395
9,13668
10,3387
1,244
10,3294
1,671
8,2224
4,1496
7,2581
7,3021
1,409
7,1763
1,337
10,3582
7,2430
2,894
1,661
8,1864
1,236
3,1214
1,520
10,10072
10,2535
1,383
7,2411
1,450
8,2024
10,4666
5,1855
10,3152
5,1896
1,409
2,668
3,744
4,1457
1,393
1,538
5,1723
1,375
3,1221
1,373
3,1059
10,3224
10,3617
7,5817
7,2613
9,53279
1,449
6,1922
3,2141
1,617
10,4284
3,1117
1,768
6,3353
3,913
4,1206
9,7251
7,2403
10,3245
8,3258
10,27243
1,367
10,3517
7,2529
10,25681
8,4329
4,1217
1,507
7,4716
1,408
10,3500
10,6189
1,569
9,3739
4,1412
4,2936
1,369
10,2732
3,1180
1,17846
10,6540
10,2963
7,1761
7,19141
1,364
10,2615
7,2457
1,647
10,3692
7,2532
1,346
1,358
7,1937
7,2471
1,577
2,1095
6,1703
3,921
3,1148
1,397
10,2843
1,505
1,520
1,501
3,1176
7,9014
1,303
10,3138
6,2144
1,669
10,3929
10,2591
1,420
2,657
1,385
9,2330
10,3422
1,518
1,524
8,3247
1,488
1,357
4,1016
7,2339
1,488
10,39192
10,2630
1,533
5,1533
2,960
6,1624
3,1163
1,449
3,1217
3,1176
1,584
1,671
3,1026
7,2373
1,556
1,35002
10,3179
1,482
7,2025
5,1738
10,3180
7,2733
1,699
8,3308
7,7675
3,1030
1,312
5,1136
10,3437
1,476
1,408
10,2276
1,450
6,1472
8,2040
10,3368
4,1681
3,882
4,1470
7,2187
1,379
2,704
10,6173
1,555
1,511
1,484
10,2330
3,1279
4,919
10,2180
1,392
3,1751
1,364
1,597
6,2078
1,334
1,270
10,3962
1,392
10,3355
1,479
10,3525
1,280
10,3101
7,1682
10,2190
1,486
1,494
3,1074
7,10796
1,365
1,420
10,11932
1,464
1,419
1,645
10,3481
1,649
8,2870
8,2644
4,1328
2,818
1,382
10,3460
4,3581
1,417
5,1476
7,3055
7,2437
2,665
1,556
1,343
6,2255
10,2942
10,2320
1,548
1,470
1,467
2,890
2,846
1,402
10,3838
9,6567
1,371
10,3266
3,1199
1,527
8,1998
4,1203
5,1144
1,302
7,2487
3,1259
7,2483
3,1062
1,395
10,3438
5,1431
1,572
10,3251
1,565
1,538
10,2494
5,1557
2,812
1,276
3,1215
5,1764
1,522
3,1295
5,1708
10,9621
10,7680
3,1008
9,2962
1,465
1,448
10,2189
3,692
10,3359
1,516
5,1967
7,7703
5,1702
1,455
7,7703
8,2037
10,3548
1,280
9,3017
1,423
1,404
4,1369
1,431
3,807
1,324
1,468
7,2133
2,3178
1,551
3,1119
10,2594
1,37530
1,379
7,2412
1,405
1,287
10,3355
1,267
6,2126
1,252
9,3529
7,6666
1,842
5,1726
1,380
5,1605
3,33837
1,498
1,516
1,606
1,270
10,2469
1,705
10,2345
1,297
1,677
5,2101
9,3343
1,364
6,2358
10,4261
1,511
1,531
3,1065
2,822
1,267
4,1392
1,467
9,3379
1,254
7,4629
7,2709
1,541
1,513
1,394
4,1420
1,542
1,446
7,2349
7,2388
1,470
2,961
10,5290
4,1600
1,258
1,449
10,3775
7,2362
3,1110
10,2819
3,1306
1,471
3,1102
3,1207
10,8854
1,412
6,1699
1,569
10,2464
1,254
5,1800
3,868
1,373
3,1045
7,6522
3,1134
1,2513
2,726
1,462
10,3563
8,2276
10,3126
6,1582
10,3621
2,451
8,3206
3,849
8,2803
1,352
3,1572
6,1929
1,608
5,1334
1,261
9,3021
2,1045
10,2267
1,408
10,2418
4,1593
1,539
6,2288
8,2888
1,456
7,2354
7,2641
7,4509
6,1463
2,617
10,4102
8,2640
10,3340
1,375
10,2494
8,6885
1,474
2,874
1,453
1,518
4,1922
3,1237
1,366
1,452
3,12113
7,30691
10,8456
10,3701
1,285
1,492
10,3572
1,517
5,1955
5,2215
1,747
5,11100
7,2162
1,592
10,2191
1,390
3,1176
10,20498
10,2687
1,264
1,337
10,8309
1,375
7,2201
1,349
1,530
7,2102
7,2461
1,418
4,1341
10,11757
1,325
9,3744
10,2981
1,257
1,264
8,2783
1,427
4,1180
1,619
1,445
1,524
7,3392
1,358
8,1854
7,5683
2,996
10,3289
10,3294
10,2374
1,306
10,3314
1,533
10,2527
1,537
1,531
4,1530
10,11173
1,364
5,1311
1,2084
8,7111
2,865
1,482
10,2533
1,297
2,741
1,352
7,2478
1,515
1,465
8,3060
3,1116
1,497
4,1301
1,372
7,6750
10,3665
1,281
9,1934
1,264
6,6047
3,1116
10,2219
1,462
6,2076
4,1389
7,2959
2,762
9,2354
1,413
4,16684
1,533
1,285
10,2823
1,362
10,4226
7,9406
8,2706
1,549
6,2010
3,1214
1,1274
10,3499
10,2377
1,461
1,497
3,1031
1,524
10,2167
1,260
10,3379
1,618
3,893
7,2506
7,2577
7,2442
3,813
9,2985
6,2172
1,412
1,364
1,454
1,299
10,2383
1,261
3,966
3,1161
5,2089
4,1598
6,2043
8,2851
1,349
9,3051
10,2498
7,2278
8,2873
10,3759
1,307
1,458
1,250
1,431
8,7051
10,2233
2,955
5,1614
4,1442
1,350
10,3283
9,3103
1,395
2,622
1,366
1,236
3,908
1,287
1,554
3,1210
3,786
4,1509
6,2086
7,2222
1,238
1,476
10,3225
3,1056
1,314
2,759
1,272
8,2064
2,596
2,686
9,3023
1,436
7,2688
8,2628
2,714
1,424
7,2344
10,4100
1,2890
10,9347
10,24761
1,255
9,2874
8,1907
7,2338
7,2386
1,322
3,1350
4,1461
6,2133
1,414
1,326
10,2996
6,2340
1,422
10,3471
1,347
10,3218
8,3200
9,2822
6,1921
1,242
7,2558
4,1321
1,453
1,292
3,1072
10,6617
1,1549
1,490
7,20107
2,844
10,8021
10,3300
9,3173
4,1300
1,327
6,2221
1,333
1,468
1,374
7,2348
1,3244
7,2987
5,1690
9,2772
5,1170
9,3505
8,2666
9,3495
1,476
1,310
4,1485
3,978
3,1053
1,412
4,1489
10,3088
1,571
2,1113
9,9546
10,3283
7,2572
10,3202
10,3957
2,688
1,271
3,1176
5,1699
1,713
1,519
1,470
1,473
3,1220
1,506
1,383
10,3461
10,3169
2,789
7,2576
1,515
1,283
5,1760
4,1517
1,592
2,585
3,833
1,303
5,1297
9,3161
7,6366
8,2611
2,733
2,879
1,535
1,347
1,408
3,1131
2,934
1,697
8,1851
10,15677
1,290
8,18400
8,2656
1,3487
10,3138
1,619
10,2809
1,404
5,1789
1,381
6,2131
1,3209
1,489
6,1288
2,859
1,304
3,1139
1,509
1,413
9,3150
1,528
10,3451
1,479
3,1121
1,272
6,2149
4,1460
1,642
10,2798
7,2363
1,513
1,630
5,1787
1,445
5,1844
10,3336
9,3375
1,362
8,2930
10,2641
3,1010
6,1734
5,1719
10,2570
7,2231
1,285
4,1569
1,502
1,404
10,4605
1,366
3,838
1,385
1,3967
10,2533
6,1970
2,542
1,599
10,2751
1,7447
1,238
8,2846
1,496
1,448
1,738
1,327
1,701
1,537
6,10711
10,2822
1,26333
2,711
1,650
8,2432
5,6602
1,277
4,5170
1,492
1,832
3,1214
1,324
2,905
1,453
3,1145
10,3432
5,1760
4,976
3,1888
2,633
4,2825
1,275
7,2370
1,457
1,475
1,565
1,472
1,455
1,521
6,4449
10,3296
6,2048
8,2611
5,1852
4,935
1,1548
1,343
7,2482
1,482
1,557
1,645
3,1053
10,3740
1,391
7,2303
10,3162
7,1921
4,1474
1,5310
10,3283
3,1407
1,423
8,3027
1,546
2,741
2,6716
1,17624
7,2330
1,365
5,1629
10,2340
1,414
10,3747
1,694
10,2398
8,4988
8,2121
5,1561
1,332
1,321
7,2838
1,384
1,516
1,338
5,1703
1,398
8,2824
6,3187
1,647
10,2608
7,23345
9,6775
2,828
7,2168
3,1062
9,21132
1,384
9,3208
1,711
6,1928
8,1920
4,1605
8,3469
1,604
10,2441
5,20753
10,4540
3,743
8,3936
8,2778
7,30201
1,422
1,7730
3,1273
2,882
9,3332
4,1458
8,2775
3,1322
10,2978
6,17492
3,1281
1,501
3,1273
3,1101
10,3225
1,369
7,18789
8,2831
4,1433
10,7983
4,1345
6,1614
6,2262
10,2248
1,6809
2,972
1,383
7,2380
10,6067
1,514
1,1609
1,376
4,1657
4,1397
9,3300
5,1720
1,545
6,2209
10,2185
3,1954
9,3646
6,39755
3,1041
1,2986
1,348
1,476
9,20800
3,1211
1,569
10,3346
1,512
3,885
5,1716
10,2916
1,380
9,3213
1,644
8,7301
6,2009
1,427
9,23122
1,510
1,372
3,1205
2,868
6,1881
1,410
6,2487
1,384
1,354
1,591
3,1319
1,611
8,2545
6,2157
1,341
1,491
2,788
1,398
10,3131
4,1373
1,265
8,4069
1,362
3,1065
7,2702
1,574
7,2472
1,473
1,388
7,86437
10,71631
7,2338
6,3655
1,25507
1,633
1,288
4,1777
1,266
8,4610
1,560
6,8700
4,1552
7,2280
3,1065
1,488
1,491
1,356
5,6565
10,9980
1,575
1,293
8,5297
1,273
1,393
10,7221
6,1868
1,369
2,1274
1,484
9,19060
1,493
2,830
1,648
1,496
1,622
1,433
4,1858
1,262
1,516
3,1413
3,802
2,3185
7,2926
1,479
10,19917
1,640
9,6898
5,2469
1,683
1,488
1,365
4,1890
1,247
1,458
1,402
6,1699
5,1784
4,1494
4,1432
10,12581
1,436
5,2355
4,1614
1,516
3,774
1,282
6,22160
1,252
4,1692
1,478
4,1653
3,9393
5,1812
1,500
3,1637
1,373
7,4519
1,467
1,495
1,488
1,418
1,536
1,265
1,2056
7,2226
6,2037
3,1205
7,2801
3,1013
10,139623
1,354
5,1829
1,590
1,478
2,767
1,285
1,727
1,365
1,401
10,3230
1,283
6,2268
1,712
10,52693
1,475
1,338
8,3925
1,499
1,634
1,420
1,274
2,1071
1,468
1,504
10,5712
1,456
1,520
4,1581
1,338
8,2707
8,2963
7,11238
1,522
1,444
8,3895
2,523
1,658
3,836
7,2420
9,2998
1,404
6,1932
8,2889
2,715
4,1315
4,1577
7,8237
1,496
1,402
1,421
7,2415
6,2505
8,1859
2,777
9,2973
1,443
6,3732
5,1793
10,181628
3,1001
3,3591
1,411
1,1239
1,580
1,540
7,2147
2,694
10,3630
7,2294
7,2291
8,2642
3,1112
3,1676
4,5077
1,480
1,1130
1,349
1,392
1,654
1,756
8,1908
2,726
10,3640
1,326
1,583
1,550
5,1826
7,2281
1,351
2,695
10,3150
3,4127
1,370
3,1106
1,436
2,578
8,2344
7,2645
6,4103
10,10349
4,1261
6,1870
8,2506
7,4165
1,395
2,702
3,1466
1,328
2,822
2,981
8,2928
4,1405
10,3153
8,8514
2,34314
1,2042
4,1386
7,2865
10,20191
10,4152
1,495
8,5514
6,1488
1,547
6,1987
10,2254
7,1999
10,3667
3,1171
1,1491
4,1341
5,1593
4,1707
7,36788
7,2134
6,2076
3,1121
5,1219
7,2232
1,1522
3,1164
4,1323
2,805
1,523
1,373
6,5917
8,3220
2,1061
9,90526
1,646
2,794
3,1099
2,622
10,20105
4,2774
10,3403
10,4048
10,3473
1,449
1,417
1,605
4,4581
5,1680
1,371
1,599
5,1797
8,3512
4,992
10,3396
2,1040
2,1015
8,3103
1,534
3,1346
1,476
4,1521
1,343
1,2021
3,974
1,449
7,2360
7,6999
8,1942
9,3162
7,1736
8,2414
1,368
3,1121
1,531
1,397
4,4715
1,681
1,627
5,2193
1,607
8,2891
4,1468
10,2535
6,2025
8,2725
1,488
1,584
1,509
1,506
1,369
1,2692
4,4533
3,1961
7,2215
1,610
5,1963
7,6486
4,1136
3,2244
4,1118
8,1870
8,2837
2,696
6,2055
1,455
5,21039
1,567
1,646
1,437
1,505
4,1472
2,850
5,1568
10,34057
6,1792
9,2677
1,437
9,3077
3,1062
1,519
8,38267
1,622
1,495
8,2539
1,929
7,2923
1,374
8,2505
1,347
3,1092
4,1438
1,483
7,2416
6,2002
1,412
1,520
6,2399
5,7219
1,399
1,604
1,406
1,471
1,539
7,3010
8,2908
10,2415
1,448
10,3820
6,7974
1,478
1,540
1,1605
1,398
7,12639
1,401
6,2233
1,613
6,2055
7,6538
2,694
5,1805
6,2261
10,3213
4,1145
1,469
2,827
4,14579
6,2748
3,11112
8,2861
3,1017
1,547
8,2190
4,1649
7,1962
10,3025
1,298
9,3133
6,1491
3,1295
1,327
5,4301
3,1354
1,3191
8,2669
8,3294
1,762
2,649
3,1096
3,831
2,653
1,333
10,13979
4,1318
4,1441
2,542
1,420
1,509
8,2868
5,1560
4,1716
5,1763
3,1065
2,2150
8,1937
10,3489
1,294
7,11115
8,4366
1,487
1,561
5,4832
1,481
7,2554
5,1737
7,11709
1,627
1,390
10,3536
10,3090
6,1587
3,1020
1,497
8,2582
2,954
2,754
1,578
1,567
3,1145
7,3145
8,2744
3,1168
7,1785
2,774
8,1948
5,1382
1,459
1,669
5,1837
3,1288
1,703
2,986
1,495
6,2160
1,440
3,1270
1,498
2,591
6,1889
10,2290
3,1263
7,2095
1,590
4,1288
9,3099
2,1185
1,613
1,1414
4,1800
2,12289
4,1667
1,468
2,466
3,1569
3,1028
1,441
1,718
1,623
6,1932
1,530
5,1375
1,414
1,421
7,3273
1,490
6,2095
1,615
10,3789
5,1923
7,2136
1,522
1,413
1,569
4,9748
6,1953
8,1896
1,599
1,386
8,14405
7,2460
4,5408
1,518
8,3068
1,399
10,2270
1,463
2,690
1,368
6,4076
7,2426
4,1494
1,458
1,539
1,585
8,2597
2,901
1,469
7,2401
7,3076
10,2312
1,472
3,1112
1,339
1,341
5,3647
8,2591
1,438
4,2449
2,888
4,1460
1,507
1,594
9,2665
1,631
2,737
1,430
2,765
1,347
4,1363
7,3188
9,3335
1,452
6,1891
3,1659
5,2151
3,1189
1,329
3,790
1,763
8,1907
1,540
5,1764
1,331
1,228
8,2986
8,2506
2,772
3,3945
1,960
7,3805
1,393
6,2166
10,3100
8,3175
1,562
2,839
8,2704
1,394
1,432
4,1455
5,1329
6,2157
7,2326
1,650
1,372
1,504
6,1985
8,2190
4,11387
1,436
1,395
10,4092
1,336
1,517
5,3775
6,1942
2,759
6,1995
1,581
3,1073
1,406
3,1020
1,568
1,396
1,409
1,355
8,2895
3,1091
1,386
7,2473
1,585
4,1076
8,2544
1,648
7,2380
1,444
7,3046
1,316
5,1630
1,388
1,368
10,3364
7,2293
2,1350
3,1255
2,569
8,1773
4,1071
5,1680
3,1107
1,520
5,1707
1,278
1,499
1,279
1,356
8,2757
1,394
1,375
1,389
2,577
9,3337
8,3665
1,446
5,1637
1,346
5,1775
1,305
1,700
1,343
7,2451
5,1295
1,500
1,476
8,3179
6,1781
8,2557
3,1047
1,512
4,2702
1,395
6,2506
1,542
8,2501
1,534
2,547
2,834
4,1359
1,366
4,1476
2,741
4,1403
6,1857
1,483
5,2055
5,1829
4,1669
1,354
1,592
1,397
8,2575
1,473
10,3370
1,318
3,1251
5,2095
8,2117
4,1490
3,1094
3,1372
1,349
4,1729
1,342
7,2629
1,562
9,3732
8,2171
1,379
1,335
7,7587
8,2705
6,1630
2,857
1,546
1,542
1,512
6,2536
1,575
1,486
1,440
2,871
1,353
2,1180
1,358
8,3098
8,2483
1,353
1,321
1,539
6,2397
1,554
5,1963
1,379
1,655
1,278
8,3770
1,518
7,2352
1,396
6,2007
10,2225
2,980
1,815
1,614
6,10338
1,411
3,9052
1,371
1,748
2,781
10,3502
9,2529
3,1135
3,969
7,2611
4,1315
2,735
1,557
8,2809
3,1181
1,779
5,2026
1,449
1,556
1,534
8,2823
4,1103
8,3013
4,1248
4,1537
8,2364
7,1694
1,419
1,582
7,2528
6,2203
2,641
7,2467
3,1262
4,1186
2,786
8,3246
5,1756
1,334
2,4429
10,2745
2,449
6,2028
1,409
6,1794
1,449
4,2419
9,3064
4,1411
9,2418
1,566
2,1135
8,2755
2,557
3,1195
1,511
8,3297
2,763
6,1901
1,352
3,983
1,475
10,3307
7,2320
10,3613
8,2792
10,2276
5,8740
5,1340
1,621
1,484
9,3067
2,717
6,1866
4,1218
4,1412
1,411
5,1762
3,1106
9,2412
1,440
9,2197
5,1696
4,1075
1,373
1,432
10,3444
4,1366
6,1958
1,394
7,2348
1,553
3,1052
2,657
5,1321
3,1185
6,2329
7,2539
7,2557
1,2137
8,1862
8,2195
7,1588
1,2919
5,2257
6,1829
8,2753
10,3276
9,3299
6,2200
8,5070
9,3140
1,506
8,2481
1,311
1,621
3,929
8,1809
5,1689
8,2804
8,3062
6,2375
10,3217
4,1629
5,1381
1,570
1,315
1,483
9,3059
1,468
1,466
8,2660
4,1389
8,2729
1,693
4,1430
4,1124
5,1496
1,625
2,812
5,1794
1,420
8,6047
5,1396
1,403
1,295
10,4047
9,3205
6,1991
4,1652
8,2526
2,799
9,3302
6,2146
9,3359
5,1738
1,447
3,1214
6,1969
1,477
1,368
10,2486
8,2636
1,459
4,1195
3,1366
7,2949
2,907
3,1124
3,837
10,17069
2,1230
5,1817
2,582
1,431
1,275
1,401
1,368
4,1517
1,354
6,1953
8,2831
3,1176
1,675
9,6928
2,889
1,464
7,2506
3,1336
5,2594
1,400
1,333
1,434
4,1125
6,4591
6,7894
9,2284
2,962
5,1867
10,3720
8,2480
1,487
3,8919
10,2206
3,1147
1,452
1,309
6,1565
4,3446
3,1055
4,1240
4,1422
8,2892
6,2203
8,2735
7,2435
1,417
8,6766
2,529
1,3569
2,651
1,270
8,2800
5,1865
4,1377
1,773
6,2111
1,675
1,469
1,8900
9,3259
1,563
4,1521
8,1774
1,601
5,1550
1,277
1,426
2,789
1,416
2,1157
8,2730
3,1262
4,1476
10,2577
5,1783
1,429
2,700
5,1153
1,417
5,1214
1,232
2,449
4,2841
1,406
4,9907
3,1047
10,2812
1,696
10,3084
5,1888
1,361
7,2223
8,2517
1,439
8,1944
1,276
1,396
1,461
5,1687
1,445
1,432
8,2668
6,2699
7,7896
5,1877
1,383
1,356
10,3373
3,1118
2,791
1,252
1,355
2,822
1,318
1,477
1,413
7,2429
6,2352
1,512
1,477
8,2501
3,1070
10,2286
6,2259
4,975
1,234
3,940
6,2094
6,4600
1,492
1,379
2,809
3,1183
10,3338
1,422
2,1004
1,507
7,2287
6,2116
5,1549
1,284
1,387
5,1412
1,372
2,709
1,348
10,3464
5,1540
1,583
1,405
3,1139
1,446
1,513
1,346
10,2733
1,292
1,955
2,593
1,525
6,2134
1,311
8,3020
6,2143
1,1214
1,394
3,1241
1,449
8,1916
1,327
10,2679
1,661
1,354
8,2340
2,735
6,2061
1,315
7,2471
8,1969
10,3832
1,330
4,1677
1,480
2,848
3,960
2,579
8,11993
1,276
4,1098
1,396
2,556
1,369
1,647
8,2112
1,699
1,295
10,3899
5,2114
5,1318
4,1061
8,2700
1,380
1,382
10,3525
1,578
5,1329
1,261
1,583
4,1347
1,598
1,315
9,8087
1,645
9,2732
6,2583
6,2063
4,1402
1,296
4,1436
1,373
8,2027
1,310
1,544
4,1587
1,483
1,271
7,2958
1,695
1,338
4,1728
2,834
9,2750
8,2771
8,2108
9,3095
9,1994
1,372
1,551
5,1711
1,526
1,339
10,8288
3,1278
1,471
6,6355
2,884
8,2545
2,734
5,1759
2,683
8,1839
1,363
2,856
6,3513
1,727
1,719
7,2576
1,3904
1,532
8,4619
7,2463
10,2269
1,364
8,2618
6,1616
4,1038
2,556
1,574
1,417
1,620
1,486
1,609
1,502
1,286
4,3628
3,1452
2,513
2,758
1,435
4,1295
5,1689
2,642
1,589
4,2778
1,596
4,1132
6,2263
1,659
1,243
6,2154
9,3733
6,2284
8,1966
1,342
2,664
8,2156
1,283
1,456
1,363
1,612
6,1814
1,496
1,495
1,277
6,14027
3,1136
9,2958
5,1659
6,2082
7,1770
1,515
7,2166
1,452
1,505
1,517
5,1350
8,2865
1,509
1,248
4,1865
8,2802
2,757
10,3252
1,247
8,3074
1,413
2,772
1,509
1,433
1,611
4,990
1,721
1,382
1,284
1,635
8,2712
2,1498
8,2404
1,491
4,1228
1,299
10,2951
1,522
2,692
8,2536
5,1803
10,4667
6,2535
1,412
1,622
4,2094
2,844
9,3236
1,398
6,2374
1,669
8,2647
8,2765
1,493
5,1894
6,1897
3,1432
3,1264
1,409
1,553
1,388
8,3359
8,2793
1,320
8,1965
1,609
8,2569
4,1544
1,462
1,409
10,2441
5,1633
6,3705
2,582
1,830
10,3341
3,1207
2,778
1,401
3,1036
1,491
9,2513
5,1621
1,488
6,2306
4,1291
5,1611
6,2459
4,987
1,597
10,3223
8,2507
5,1610
1,301
2,582
1,247
3,966
1,353
1,626
8,2172
10,3111
6,1494
5,1572
10,2898
6,2294
1,420
9,3312
1,630
1,298
5,1434
1,288
10,2111
8,3035
1,395
2,752
6,1835
2,904
5,1761
10,2130
2,728
1,560
8,20392
1,498
1,282
3,717
1,382
8,2010
5,1565
1,442
9,3375
5,1382
8,2602
8,2491
10,2762
5,1438
1,372
10,23670
8,1837
1,249
2,677
1,360
4,995
2,756
1,497
5,2544
1,637
1,734
4,1784
6,2020
8,2665
7,3707
10,12293
2,788
5,1650
8,1921
1,348
1,401
5,2083
1,357
3,1137
1,393
1,555
4,1496
8,2647
2,722
1,505
10,7182
9,2900
2,772
10,3275
2,740
1,467
9,2738
3,778
1,410
6,1751
1,384
4,1600
2,7296
4,1048
1,344
2,13987
4,1117
7,2162
8,2095
3,949
8,1836
6,1947
2,880
2,854
9,3419
1,747
6,2726
3,1340
4,1324
6,2158
7,16570
5,1237
4,1500
5,1415
7,1599
2,573
5,1757
6,2192
4,1737
10,3441
7,2710
5,4919
10,3567
8,2549
1,342
1,632
10,3508
2,515
7,2476
2,576
6,1281
4,1355
2,917
4,1549
8,2378
1,1390
5,11070
3,1551
9,3480
1,497
1,605
9,3335
5,1249
10,3024
8,1743
9,3021
10,2938
7,2003
10,2119
9,3736
1,609
1,555
8,2773
5,1556
1,602
1,631
2,596
8,2176
10,2111
8,1890
10,3031
5,1595
10,2674
3,778
10,2946
5,1751
2,1108
10,3908
1,635
1,603
1,697
8,7681
10,2376
1,283
5,1762
8,2193
6,1497
7,2471
10,3139
10,2298
5,1716
7,3279
7,2278
6,1971
1,450
1,712
6,1576
3,1146
1,363
7,1769
9,2043
4,1152
8,2535
6,2021
4,1797
1,643
1,529
10,8710
8,2317
1,466
1,596
1,340
10,2666
1,338
3,779
2,466
5,1724
4,1667
10,3668
2,993
6,2406
2,926
4,11793
1,481
1,598
1,515
5,1284
6,1723
1,250
10,3146
8,2526
6,1962
8,2950
8,2917
8,2419
1,427
1,387
9,27289
1,460
10,2891
1,496
1,319
8,1977
1,405
8,1954
2,917
10,2850
3,1490
6,2921
1,531
1,673
6,2170
7,2522
1,438
5,1679
1,423
2,809
1,503
8,1911
2,646
1,500
5,2002
2,592
10,3161
1,1973
3,1233
2,737
1,341
1,455
9,2648
1,482
1,573
8,1788
1,289
5,1322
1,382
4,1161
10,2344
1,369
1,1920
1,415
8,2199
6,2103
1,529
5,1825
1,479
1,454
1,389
1,510
1,401
1,352
6,2082
7,1933
7,1553
1,2937
1,477
3,1029
1,511
1,441
5,1682
1,636
1,464
5,1165
2,715
10,2441
1,288
10,3208
2,513
1,475
1,490
4,1909
4,1438
8,2502
1,272
8,2710
8,2655
1,415
9,3082
1,404
8,2002
1,280
5,1460
2,597
1,284
1,464
4,1038
8,3226
1,454
1,252
5,1897
10,4047
1,363
10,2133
1,314
2,575
1,403
1,432
8,2252
1,266
9,3067
2,570
9,3089
1,483
1,257
5,1585
2,660
1,353
8,2719
1,354
4,1322
1,414
1,290
5,1769
1,275
1,434
5,1463
4,1876
1,476
1,257
5,4579
5,1782
1,368
2,916
2,602
9,3035
1,424
1,259
8,2896
1,343
1,509
8,1806
8,2706
1,463
2,564
1,399
5,1639
1,368
10,3381
1,449
10,2524
1,424
1,254
3,1228
1,349
1,496
10,2768
1,681
1,587
3,1199
4,1129
8,2763
8,1879
9,3746
1,385
8,2115
1,490
1,256
10,3440
1,309
10,3885
6,2196
6,2924
1,505
6,1341
6,1743
2,805
2,849
5,1614
8,1752
2,1077
2,793
1,395
8,2042
1,288
2,850
10,3820
1,433
1,536
2,662
5,1587
8,2721
3,1078
2,920
4,992
8,1806
3,1124
1,374
8,2018
1,236
1,439
8,2061
1,254
1,486
10,3016
2,619
5,1843
3,1185
1,451
9,2098
6,1408
2,668
1,396
2,513
1,392
1,697
5,1197
1,486
1,554
8,2598
5,1262
5,1765
4,1367
1,334
10,3214
2,722
8,2486
1,303
5,1561
9,1962
6,2307
2,609
1,498
2,819
5,1723
8,1981
1,520
10,3230
1,348
5,5366
1,379
3,1558
1,242
1,435
1,397
2,985
1,616
1,369
1,416
10,2382
6,1455
5,1688
9,8596
1,508
9,2084
1,455
10,3322
1,412
1,300
10,2248
1,584
1,316
1,459
1,522
7,2392
10,2588
4,1177
8,2798
1,452
6,6795
1,439
8,2839
4,1520
1,328
6,1839
10,3894
10,2204
1,319
5,1731
4,1401
4,1126
6,1747
7,2402
1,389
5,1582
1,371
2,741
9,2230
1,257
9,2049
4,3506
9,2192
1,265
5,1700
8,2444
5,1845
2,654
7,2320
1,333
2,818
1,335
7,2518
10,3214
1,277
10,2557
7,2458
6,1603
1,323
9,3009
5,1299
10,3390
4,1119
1,455
1,299
7,2402
1,322
10,3513
6,1464
1,256
8,2404
9,6398
9,2157
1,273
5,1610
1,381
1,559
5,1285
6,1984
1,372
3,1041
1,348
7,2337
8,2606
1,255
4,1037
1,553
9,2616
2,737
8,2587
8,1882
1,481
6,1402
1,496
1,404
2,704
1,381
8,32187
10,3522
1,297
2,846
1,534
10,3699
2,696
5,1814
1,476
8,2585
10,2411
8,2652
4,1578
3,1309
1,352
1,690
10,3487
1,312
9,53645
10,3334
10,3297
7,2028
5,1710
4,1001
1,298
4,984
1,347
2,726
9,3582
1,303
1,677
2,783
1,309
1,45633
2,787
4,1159
8,2774
5,1947
9,2316
5,1477
10,2642
10,3328
8,3790
8,2727
2,832
8,2908
9,2841
1,295
5,46931
3,1045
1,259
8,2555
1,382
10,3584
1,263
6,1644
1,404
6,2175
3,1003
3,1142
8,3031
10,4280
1,388
8,37823
8,2687
1,268
10,3400
4,1107
2,631
1,276
10,2186
5,1651
3,9585
8,2665
8,2744
10,4137
1,515
10,2118
10,38686
9,33632
1,314
10,2644
2,614
5,1596
1,448
8,1819
5,1490
6,1793
10,6363
2,705
5,1923
8,3640
4,863
1,457
10,32757
1,256
8,2455
5,1358
10,2344
1,305
1,363
6,1418
8,2644
1,360
3,1110
3,1111
10,27892
9,2478
9,3267
10,67483
1,234
3,998
10,2205
9,3015
1,492
1,335
2,580
10,3225
10,3335
9,3057
5,5731
5,1521
5,1926
10,3199
1,461
1,248
10,3381
5,1135
6,2348
2,614
1,488
8,1982
2,833
1,411
8,2521
6,2093
1,320
9,3292
2,1080
6,1928
1,319
2,587
8,2218
5,1788
1,365
1,302
1,445
10,8221
7,2334
4,1341
1,636
1,574
10,2347
9,3122
2,713
1,269
1,345
6,1496
1,492
1,436
1,415
1,432
7,2523
1,539
2,830
2,1063
9,6267
6,2423
5,2311
1,601
1,331
1,486
10,3119
1,383
1,591
1,341
1,411
4,4849
1,994
8,5589
7,2656
2,932
5,1760
9,2965
1,516
1,332
8,1977
5,1803
1,398
8,1927
1,250
9,3011
1,428
7,20350
7,3971
5,1573
10,3542
2,919
1,396
1,455
1,647
9,2735
10,3306
1,356
6,1836
1,248
1,385
8,3109
1,424
1,390
5,1296
5,1988
10,2300
1,566
1,625
10,3495
4,1058
8,2085
1,329
2,746
1,279
5,1623
5,1644
1,424
7,2776
3,948
1,405
8,2650
1,518
3,4176
1,817
2,655
1,528
1,241
10,3628
1,233
1,334
10,3228
1,497
6,2961
1,474
8,4290
3,1086
1,364
1,475
8,8102
9,2371
5,1152
1,315
9,3212
1,368
5,1517
3,1125
1,484
4,1465
1,579
1,499
3,759
1,556
1,581
5,2555
2,825
2,571
1,328
10,2570
1,295
1,439
5,1881
1,475
1,632
1,351
1,467
9,2742
1,502
1,427
1,666
8,1932
1,522
1,368
10,3487
6,1497
4,3188
5,1890
1,474
10,3616
1,367
1,563
4,1438
1,416
1,438
3,55493
10,3282
1,492
1,337
4,1073
9,2264
1,400
8,1931
1,530
8,3030
1,492
1,497
10,3417
1,437
1,387
5,3339
6,2294
9,2175
2,879
9,3484
9,1978
3,1225
2,809
5,1839
6,2423
1,420
1,503
8,7118
1,604
4,1937
2,654
8,2856
1,230
3,1194
10,4057
8,2092
1,279
5,1307
1,565
2,671
1,283
1,411
2,1865
1,487
6,10444
9,2708
2,592
1,371
7,2107
8,12223
10,3525
1,572
7,2527
1,609
5,1809
1,295
1,488
7,2444
1,278
7,2513
10,11401
1,427
1,326
3,1360
1,5094
10,3110
1,338
1,569
8,2375
5,1777
1,275
1,512
7,2520
10,3154
2,957
7,4936
1,431
1,362
4,1919
2,1063
4,1040
1,425
5,2070
5,1783
8,1897
1,319
1,421
1,334
5,1594
2,790
8,4850
1,473
1,310
8,2836
5,66222
2,603
6,1909
1,458
5,1672
2,780
4,1315
1,588
6,3104
1,342
8,4227
1,1275
1,452
1,386
10,3102
1,54599
2,1003
4,1398
5,1834
1,413
8,2284
6,2261
1,613
1,563
3,1246
3,1039
1,712
1,488
1,439
10,6817
3,54682
9,3054
4,1090
1,335
6,1583
5,1457
4,1634
2,1223
1,451
5,1597
2,5398
5,2270
1,415
1,310
7,2428
10,34830
10,3375
5,1408
1,467
8,2328
5,1432
4,1297
10,6518
1,371
1,430
4,9349
2,1206
1,716
2,574
3,1197
9,32642
1,437
8,1975
1,424
2,1067
1,543
5,1193
10,3721
1,464
8,2977
6,2015
9,3247
3,1139
6,2333
7,2577
1,30047
8,3082
10,2874
1,483
9,3817
1,398
10,2360
3,993
1,515
10,23115
10,7695
10,5625
1,361
10,2522
6,2338
2,580
5,1606
10,3635
1,446
5,1734
1,343
6,2034
10,3611
1,457
9,24928
2,978
3,1125
1,689
8,1991
1,1025
5,1761
7,2302
6,2353
1,419
3,1118
1,444
4,2168
9,3044
1,607
2,866
7,2439
5,1592
1,479
10,3685
8,3706
7,1816
1,485
6,2450
1,421
1,390
1,428
6,3707
7,2467
1,482
3,1141
1,496
1,610
3,1335
10,3562
5,2063
7,2352
9,2682
5,1760
1,427
4,1021
1,583
6,2282
4,1559
1,417
4,1326
8,2744
8,2587
8,2860
4,1117
10,14759
1,365
10,3312
2,568
1,344
6,1685
1,397
10,2987
6,1838
1,545
8,4520
3,940
10,28370
9,4297
9,3155
5,6745
1,373
2,733
1,769
8,2720
4,917
1,330
5,1213
3,794
1,374
6,4125
1,552
1,375
7,2623
5,74491
4,1784
1,446
10,3238
1,405
4,1351
5,1057
1,338
6,1702
6,2133
1,583
7,2523
1,496
8,3039
10,15254
2,745
1,405
1,440
5,1840
10,2175
6,2529
5,1177
1,381
1,468
2,967
10,3398
2,749
1,585
1,5100
2,728
3,20812
8,2084
1,414
1,364
9,2786
2,884
6,2205
1,278
1,337
8,2633
8,2757
2,771
5,1865
2,655
7,2390
1,358
2,585
1,397
1,348
6,1434
5,1276
10,2674
4,1065
10,2138
2,653
4,1484
6,2374
4,1524
1,498
1,420
10,3062
5,1850
1,549
1,345
9,3235
2,489
10,3353
6,1853
4,901
2,755
1,496
3,1100
5,3774
1,383
10,41939
10,4788
6,2853
1,521
1,330
8,2540
6,1396
4,1660
4,1302
9,3031
6,2139
6,2379
10,14178
3,1656
3,980
10,20686
2,622
9,3397
1,529
1,381
10,3635
10,2975
5,1657
4,938
9,2515
3,1050
8,2804
2,890
4,1565
1,364
1,633
5,1601
5,3234
1,463
1,514
10,3272
4,1740
10,3233
5,1620
10,3404
3,1021
2,729
1,579
9,3201
4,1287
6,2407
7,2174
1,374
3,1059
1,470
1,491
10,3786
6,2011
6,1769
9,3008
10,5774
6,1669
10,3896
8,3136
1,402
1,625
8,99740
1,541
10,26981
1,810
4,1064
8,2419
1,414
8,2082
10,2327
4,1463
9,2924
7,2663
5,10063
6,2126
10,5970
10,109045
1,714
2,727
1,359
1,232
5,1360
1,494
6,1693
1,538
2,770
3,1036
4,2481
6,2399
1,395
8,4344
1,421
1,708
10,11428
1,382
1,237
1,544
1,274
4,1355
1,547
7,2287
1,528
3,1178
6,2659
2,908
5,1804
7,2184
1,768
8,8126
1,412
1,240
1,422
5,1071
10,2587
1,594
10,3642
4,1062
1,486
7,4228
1,432
3,1061
1,348
1,578
10,35327
1,609
1,259
6,1655
1,356
6,1707
1,592
8,7369
10,2215
8,25251
4,6276
2,812
5,3078
1,334
1,317
3,1046
2,944
1,274
9,3762
1,260
5,1572
1,482
1,507
6,1760
1,440
2,856
1,406
2,4098
1,498
1,561
2,785
3,1223
2,726
10,3064
1,290
2,740
1,447
1,366
2,731
1,665
1,508
6,1987
8,2241
1,14544
1,428
3,1098
10,3682
1,271
9,2330
1,271
1,400
1,511
1,457
4,990
1,603
1,653
2,795
2,3094
9,14548
1,369
6,1978
9,3059
1,399
9,2796
1,256
1,381
1,396
1,452
5,1128
1,568
1,635
7,2488
8,2712
1,357
1,289
4,28680
8,2633
1,413
10,2583
1,241
10,2361
1,445
1,557
8,2099
5,1695
1,438
10,5214
5,1546
1,314
4,1902
7,2329
2,765
1,516
10,3078
1,238
6,1494
1,562
1,604
6,1351
1,578
4,1603
3,992
5,2100
10,7195
5,1834
6,2048
9,3095
9,3127
4,1156
1,441
9,3088
1,1464
1,528
4,1488
1,564
1,593
4,1401
1,661
1,27566
6,2105
1,529
3,1101
1,596
1,439
10,2178
9,2783
9,3053
1,387
10,2179
1,425
6,1660
6,15907
1,297
1,461
5,1692
1,402
6,2126
8,2890
1,395
10,2075
8,2290
10,3788
1,411
6,2086
1,661
1,380
10,5319
1,301
10,9543
6,1283
2,721
4,1303
6,3260
1,513
6,1327
10,3501
8,2691
1,411
8,2171
1,514
1,578
8,3064
1,341
8,2934
8,1741
2,754
7,2616
2,849
1,477
9,2515
10,3002
6,2024
1,769
5,1150
1,594
1,625
1,520
1,504
1,380
10,2341
6,2190
2,780
3,1292
1,394
10,3404
4,1640
1,724
1,469
2,649
1,482
1,489
3,1313
1,412
10,23269
5,1727
1,532
2,995
10,3385
1,524
8,2469
2,1030
1,898
1,545
1,501
1,600
2,520
1,1101
1,488
1,422
10,2979
3,1032
6,2069
10,7492
1,547
4,1420
1,15064
10,3485
6,2172
1,330
3,1171
1,463
1,561
1,566
2,12774
4,1426
10,3656
1,631
2,738
1,432
2,930
1,464
2,1057
7,2413
1,309
4,1549
3,1098
3,1289
1,337
1,8549
5,1307
2,982
2,697
4,1235
1,521
9,3836
1,385
10,5058
3,1336
1,298
4,1249
5,1583
4,1661
1,271
1,467
2,672
1,365
7,2457
7,2386
1,597
1,590
1,346
4,1595
4,1604
1,358
4,1129
4,1256
5,1931
1,265
4,1273
1,513
7,2567
3,872
7,1935
1,500
10,6620
1,390
8,37671
9,2194
1,281
7,2859
4,1577
3,1319
4,1247
8,2639
1,317
4,4682
6,2199
1,495
3,1251
8,3149
1,487
1,683
8,2871
1,362
9,3324
9,2690
4,1620
2,893
6,2516
6,1411
7,17008
10,3127
1,447
9,3125
6,68819
1,440
1,618
4,1485
1,393
8,3563
8,3265
9,5426
4,1268
7,19313
9,2736
1,403
3,812
6,2032
10,3775
1,471
1,507
6,2094
3,1629
1,372
6,2344
4,1797
1,515
6,1925
2,751
9,2437
1,372
1,711
2,821
1,1543
2,1199
1,485
8,2903
7,2447
1,254
6,2976
7,2749
8,2583
6,1592
2,704
10,3116
1,493
1,567
9,8238
5,1758
1,351
1,494
2,949
6,2094
1,268
2,976
1,649
7,2483
10,2198
2,847
8,2633
8,12791
7,2367
10,4745
1,455
4,1355
9,8325
10,3784
3,1138
1,274
4,1761
6,2183
1,347
6,2326
7,2483
10,2243
1,420
10,4278
1,422
1,642
9,5991
10,3322
4,1501
2,831
10,2210
2,736
1,467
4,1471
4,1497
6,1757
10,3178
3,1209
1,515
4,1280
7,2534
2,664
8,2524
10,3675
4,1178
6,1618
3,795
6,1722
6,2022
10,9914
10,2333
4,1295
1,361
1,484
3,5851
9,3369
10,3342
6,1896
3,5356
2,849
9,1924
5,2072
2,668
4,1520
10,5204
2,472
2,639
10,28319
4,20235
8,7161
10,3487
1,367
2,906
9,11784
7,2176
9,2417
4,1586
6,1675
7,3484
8,2020
4,1179
1,435
1,598
1,530
10,9706
5,1930
10,4048
1,340
2,942
4,1458
8,2085
2,871
10,2298
1,342
10,2207
7,2332
1,470
1,476
8,12271
1,463
1,466
7,10344
3,1002
1,625
2,763
10,2879
6,2225
10,3517
6,2608
1,613
8,4385
1,400
1,342
1,640
1,386
1,315
1,493
2,784
1,491
5,1408
4,1055
9,2819
8,3311
1,474
1,506
1,892
1,646
1,352
1,1650
1,337
8,70734
1,528
10,3235
1,607
6,2352
2,683
4,1416
10,2317
2,785
6,1911
1,459
1,619
8,3071
3,1128
1,445
2,871
2,694
4,1577
1,529
4,11826
9,3002
8,2323
4,1513
1,492
9,2490
3,1503
1,631
4,1504
1,402
1,623
10,3342
1,440
7,2291
1,579
8,15125
10,3268
7,2221
10,2779
1,462
9,3671
1,358
1,530
7,3137
1,550
1,395
8,2935
1,474
7,2442
1,468
9,16204
5,1976
2,902
10,3434
1,404
8,3060
10,29669
1,2170
3,1087
1,523
1,902
10,15828
1,383
10,7095
1,415
8,2841
10,3508
1,3198
9,2648
5,2610
10,2614
1,427
1,534
5,1795
1,419
1,411
10,12921
1,384
1,13062
1,481
6,2425
8,2898
6,5430
1,723
1,414
10,2079
1,855
1,466
4,1482
1,487
1,396
1,4020
1,451
1,19357
1,385
1,522
2,941
8,6462
1,294
1,365
4,1722
1,424
1,414
2,1178
1,630
2,857
1,451
1,503
2,771
1,407
4,1303
3,1102
1,648
1,242
1,467
2,828
1,442
8,2522
6,2071
6,2309
2,961
1,382
1,444
10,3285
3,1066
1,600
1,447
4,2442
1,240
3,1129
1,605
1,459
9,6146
3,1018
4,1486
3,1097
9,20579
1,465
9,3036
4,1486
1,565
10,3524
1,460
1,261
1,431
1,610
9,2831
10,23408
4,1610
3,1131
4,1700
3,37830
3,1351
3,1087
6,1980
1,564
5,17453
1,400
1,258
4,1375
1,814
1,461
1,351
6,2024
4,1446
6,2114
1,375
9,9488
10,3276
2,1935
1,739
7,2329
1,432
1,396
2,709
1,474
1,408
2,626
7,13588
9,3126
6,2046
1,524
10,24816
8,2748
8,2708
1,572
7,15174
1,911
1,397
6,1572
1,569
1,480
3,1021
4,1633
8,2470
7,2596
1,609
8,2624
1,498
6,14705
6,1609
2,33423
6,1464
1,448
4,1445
1,487
1,489
9,2806
2,771
4,1797
2,639
2,875
6,2050
1,434
2,990
1,322
1,480
1,335
5,1127
9,3293
1,497
4,1467
2,685
3,857
6,2344
7,2503
2,697
3,1056
1,455
2,962
1,343
1,508
1,465
1,250
7,2012
1,633
7,2188
10,14164
2,699
6,2146
2,13004
1,410
2,1145
1,388
6,2199
1,289
1,423
1,449
1,436
8,2602
1,502
6,1627
7,2452
5,1207
2,1046
2,5123
1,368
2,1691
1,440
3,1033
1,298
1,387
1,536
7,1721
6,2664
9,4469
3,1070
7,2612
4,1088
7,13483
9,2935
1,385
4,1874
1,335
10,13065
1,338
1,452
1,409
10,3060
4,1685
10,3363
4,1843
1,503
6,1494
3,1616
6,5876
1,366
4,1360
1,373
2,904
1,407
1,436
1,436
10,2403
6,2445
5,1645
4,1436
1,488
4,1333
1,380
4,1387
1,638
6,4132
1,343
10,7725
1,407
1,430
8,2542
5,1892
1,657
8,11468
6,2032
2,827
8,2721
2,920
8,2685
4,1591
2,742
1,516
8,3411
6,1496
1,469
10,3280
10,2357
2,641
1,502
3,1018
10,3229
1,427
3,1106
1,355
6,2713
6,1963
1,384
4,16734
9,2498
1,369
6,1365
3,1308
5,1377
1,339
7,2707
10,3551
1,524
6,1669
2,806
8,6207
8,7831
2,726
7,2727
10,2608
1,326
10,3294
10,3466
10,2339
10,9351
6,2427
3,968
9,2198
4,1419
1,339
7,2593
3,1092
3,1138
1,3783
10,2384
1,458
10,2803
8,1967
8,2324
10,3195
4,6237
10,3312
7,2840
2,819
10,17258
2,957
2,715
6,2032
4,3540
10,2314
1,500
4,1037
10,2901
10,3312
2,6005
2,805
8,2701
1,628
9,2373
3,1056
2,670
7,2424
2,751
1,546
4,904
5,1821
10,2717
2,919
10,2157
5,5371
3,795
9,31055
8,2748
6,2073
1,661
10,4662
10,3185
6,2024
1,567
10,2628
2,771
5,1406
10,2235
5,1296
10,2769
5,3059
1,466
1,437
8,2638
1,532
2,6946
6,1845
8,2592
1,677
10,2243
3,1144
7,2557
2,1327
10,3035
5,2169
2,813
1,463
1,399
9,2342
3,1106
3,1387
1,358
2,746
3,1299
5,1268
5,1766
7,2235
10,3027
1,409
1,581
4,1386
2,693
1,653
7,2347
4,1375
6,1991
1,490
2,763
3,1340
9,2001
9,3032
10,2108
10,3470
1,274
5,16775
6,2413
1,698
6,2371
1,1092
3,1040
2,1002
1,440
7,2601
5,1773
7,1781
10,8611
10,1975
10,3459
10,2531
2,759
9,3203
1,447
4,1043
1,322
5,1556
10,8570
2,731
10,3718
4,1388
10,3337
8,7373
5,1284
8,2972
1,355
9,3199
4,1448
1,412
1,602
1,352
3,6118
7,3177
1,447
3,1166
6,7387
6,1458
2,835
6,1303
5,1471
1,303
3,19710
8,4983
1,386
1,609
1,409
5,1497
8,2576
1,423
4,1541
9,2175
10,3170
4,1404
10,2636
1,533
1,238
10,3186
7,2172
1,399
1,365
6,2114
9,2830
1,4691
10,3310
2,828
8,2839
5,1885
6,1977
3,813
1,381
1,426
10,21984
1,429
1,393
6,2704
1,323
7,2660
3,1141
4,24541
7,2682
7,9782
1,333
3,3045
3,1144
1,391
5,1211
8,14926
6,1787
1,461
1,546
1,335
1,385
1,559
1,412
8,2997
7,2302
3,987
6,1989
10,2776
1,361
1,242
1,451
8,2713
1,403
1,582
8,5213
1,387
1,464
3,1034
10,3504
4,1448
10,2990
2,725
8,2497
1,368
1,813
1,435
5,1794
3,1070
1,773
1,251
1,433
1,489
1,392
1,558
6,1937
4,1125
8,3601
4,1240
1,588
1,414
1,469
4,1038
6,3163
2,734
1,243
1,399
7,2509
8,2849
3,1215
1,528
1,542
2,736
1,469
1,502
1,432
2,693
1,464
4,1330
10,2210
1,432
1,520
4,1280
7,2915
1,609
1,470
1,255
6,2074
1,454
1,440
5,1478
1,457
6,2418
6,2104
10,2171
1,527
1,419
3,1116
1,527
4,1688
1,411
1,351
7,2402
1,267
3,1162
9,2268
1,389
1,309
8,2763
10,2930
1,452
6,1941
5,1559
1,467
1,597
1,494
1,310
10,3251
1,360
1,258
7,1744
1,411
1,312
2,730
8,2488
4,1363
4,1531
4,1484
3,995
6,2131
2,795
1,275
2,703
1,316
1,269
10,2381
1,386
1,316
2,666
10,3401
1,447
7,2249
9,2882
1,456
3,1186
1,493
1,359
3,1062
1,452
5,2022
6,1284
1,575
1,345
7,2894
10,2712
1,380
6,14486
8,3173
1,515
4,1289
1,501
1,275
2,1116
1,398
7,2583
10,3415
1,534
1,325
10,3436
5,1394
5,1600
1,339
3,1136
1,472
7,2735
1,940
1,283
10,4658
1,379
10,3408
1,361
1,456
1,380
3,965
8,1957
9,1956
1,466
1,495
1,497
6,2409
1,446
1,446
4,1435
1,371
9,3244
10,2261
3,1108
1,257
6,1939
10,3073
10,2259
5,1741
6,6717
3,1124
9,3294
1,460
1,421
7,3229
1,472
7,2592
3,858
4,1335
1,372
4,1341
7,1606
10,3077
1,443
4,1626
4,1380
8,13018
4,1399
6,1543
1,715
2,655
10,3803
4,1088
6,2181
1,379
2,809
10,2231
5,1469
2,636
1,415
7,2248
4,1392
1,354
10,2417
3,2763
10,2238
3,1291
8,2095
5,7212
1,329
7,4829
6,1482
10,3215
1,460
7,4074
4,1360
6,2194
2,833
2,518
1,643
10,2123
1,579
10,2275
6,2022
1,487
10,6156
5,1161
10,3623
1,440
6,10505
9,3074
2,976
2,674
4,1048
1,459
2,560
10,8638
2,570
2,809
5,1382
3,1179
10,2197
5,1345
8,9458
1,368
8,2665
1,389
4,1569
10,2680
8,32095
10,3235
4,1582
10,1994
2,725
10,3629
1,1510
2,564
10,2226
3,1138
2,915
7,3802
7,2265
5,1669
10,2417
1,685
10,2180
5,2003
2,541
2,705
9,3488
1,640
10,2149
8,2010
2,853
1,502
6,2325
3,1025
6,2100
10,2391
1,595
8,1867
1,556
10,3650
7,3191
10,3498
1,579
1,418
10,2714
4,1438
1,498
6,2794
1,587
4,1376
8,2092
1,443
3,942
5,1937
10,3170
3,1081
10,2213
6,2586
1,548
7,1601
1,602
2,849
2,739
1,608
9,2920
9,3006
1,612
5,1461
5,1580
10,2243
6,1942
10,2274
4,1749
1,438
10,1992
6,2620
1,396
4,1313
1,501
8,2695
3,1141
1,677
7,2803
6,1834
8,2082
4,6234
5,1343
7,2547
1,309
5,1400
9,3477
4,1327
2,940
1,515
8,2548
5,1918
1,509
10,3457
8,2099
1,386
5,1365
9,2095
3,1195
3,1108
6,1350
7,2157
1,519
3,1244
1,373
1,604
10,3621
1,476
8,2863
10,3554
1,373
7,2575
10,2373
4,1648
1,352
10,3124
8,2535
1,448
4,1526
4,1354
6,1515
7,5636
1,551
7,2427
5,1466
1,366
8,2951
7,2242
9,3227
1,457
2,577
6,1653
1,419
5,1303
1,326
4,1472
1,357
3,1013
6,2367
5,1915
3,1049
10,24597
10,2093
4,1527
1,432
3,788
9,2510
1,376
2,497
1,436
6,1900
6,2047
6,3153
10,3793
7,2697
1,430
3,1203
5,1042
8,2603
1,323
1,372
4,895
2,697
6,2148
1,392
1,438
7,2658
1,466
5,1774
5,1796
1,261
1,381
6,1884
3,1130
1,447
1,292
1,481
3,930
4,1483
1,329
10,2416
10,13200
4,1942
10,3327
4,1489
1,400
3,958
10,2206
6,2160
1,436
1,260
1,498
4,2620
1,516
2,783
2,828
5,8065
1,443
3,1574
2,723
1,258
1,2026
1,265
7,2432
4,1100
1,320
6,1797
5,1973
9,3251
3,1126
6,1411
10,5167
3,1100
2,758
1,408
1,295
1,597
3,1178
1,345
2,907
1,292
10,2550
8,8095
8,10304
5,1373
10,2047
3,1261
9,3098
4,1452
1,285
1,510
1,465
10,3220
1,420
7,1701
4,930
9,3298
8,2791
7,1852
2,568
8,2539
4,1281
7,3006
4,3868
1,296
1,450
7,2199
4,1271
6,4756
8,1841
1,370
10,3717
9,3266
1,441
6,1550
10,3080
1,608
4,1402
1,523
1,245
7,2509
4,1513
10,3053
1,463
10,3018
1,354
10,3519
7,2345
1,616
8,3382
10,2536
1,683
8,2648
1,474
1,313
5,1828
5,1695
1,356
2,753
3,785
1,338
10,2680
4,4639
1,500
4,1479
4,883
1,564
6,27162
1,544
1,252
7,2443
3,1123
1,339
1,390
10,2403
1,345
10,2426
6,2023
1,485
9,6165
10,2723
1,599
7,9072
1,583
1,360
6,2401
4,1411
1,332
1,686
10,3267
1,271
4,1126
1,2874
1,705
7,2469
1,534
1,556
2,798
1,508
1,284
9,3356
9,3054
1,281
1,699
10,2239
2,795
1,343
6,3762
1,446
1,478
1,395
1,612
4,1482
1,413
1,237
10,6799
8,2906
1,288
1,655
2,814
10,2224
1,247
1,522
8,5827
8,8624
1,374
1,670
4,5389
1,423
1,285
10,3297
6,2392
1,252
4,1410
5,1311
2,539
1,389
2,826
6,4869
4,1476
1,345
1,586
2,824
6,2086
2,793
3,1070
4,1430
1,261
1,406
10,3964
8,2692
1,382
6,1590
1,475
6,2316
1,256
4,1172
3,1272
1,512
5,1465
5,30167
7,2421
1,333
1,493
7,1691
10,3407
1,351
10,2419
1,421
1,564
1,245
1,626
5,1827
1,518
6,1562
1,387
6,1956
1,256
2,840
9,2966
10,2470
1,346
8,3084
4,1667
1,550
1,334
1,532
2,750
1,475
10,2299
4,1524
1,413
1,281
1,649
8,2538
10,2216
1,337
10,3741
1,382
5,1136
1,260
6,1965
6,2372
5,1324
10,2180
4,1443
2,800
6,1540
3,1089
6,2142
8,2694
1,244
10,2866
1,447
10,2436
1,278
1,476
4,1236
6,2233
10,2188
4,1380
1,560
4,1595
4,1401
10,3320
3,1174
1,280
4,1687
6,1930
9,2050
1,246
6,2451
6,1699
1,493
5,1308
5,1793
1,488
10,3934
6,2346
5,2098
10,4193
1,229
10,2497
1,370
10,2061
5,1400
8,2883
8,2616
7,2462
10,3342
2,672
4,1433
10,3156
2,719
10,5409
5,1558
10,2209
10,2310
10,2391
10,2424
9,2313
8,2815
9,3135
9,2554
10,2320
6,4119
1,349
10,3656
5,1348
1,760
10,3486
7,1968
1,530
5,1368
10,3249
7,1599
10,3164
7,1792
5,1325
10,3282
7,2407
1,499
10,2276
8,2816
3,1237
7,2514
7,2203
1,280
10,2446
5,1853
10,2086
4,1287
1,587
4,1435
1,588
6,1584
1,341
3,918
4,1506
1,314
9,2923
10,2084
1,344
10,3012
10,3328
6,1355
7,2360
8,2663
7,2177
10,2242
7,1536
2,746
5,1190
7,2493
1,597
10,3254
6,1542
1,294
10,2871
1,466
5,1503
2,1778
4,1430
3,1027
10,2369
10,3629
1,370
10,3470
8,2646
1,581
6,12582
10,2453
1,260
5,1137
1,320
10,2147
2,1217
6,2175
1,481
10,2168
1,502
1,364
7,2818
1,430
4,2765
7,19333
10,2108
1,281
10,2438
1,283
1,429
10,3183
1,687
5,1456
10,2580
1,475
1,271
7,2662
6,1914
1,604
5,1779
3,899
1,277
5,1184
1,263
10,2834
2,1035
1,728
2,612
9,3037
1,460
1,404
10,3342
4,1486
1,494
3,1286
3,1263
1,274
7,1912
1,300
3,779
5,1232
1,338
4,1015
10,3039
1,389
3,892
6,1977
6,2598
1,525
1,340
4,1217
1,557
10,2596
1,328
4,1138
4,1228
1,357
10,3184
10,2825
5,1406
2,841
9,20851
1,610
1,787
1,414
6,1630
1,481
7,1515
1,319
10,2744
10,3517
1,332
10,2775
1,519
1,298
4,1053
5,8474
5,1309
1,649
1,476
10,2372
6,1723
10,2147
1,399
7,1747
10,2664
1,408
10,3295
1,462
5,1712
5,1136
10,3509
9,2357
1,629
4,1105
10,2420
5,1288
6,1383
1,257
10,2221
10,3622
1,367
5,1772
1,572
6,3944
6,1432
3,1130
10,2297
1,543
1,620
4,1089
10,2661
5,1487
1,331
10,2052
5,1278
1,331
10,3821
1,642
1,453
9,3127
1,555
10,2331
1,625
1,591
10,3662
7,1725
10,3108
5,1210
2,585
10,3696
1,388
10,3525
1,576
1,482
8,5912
4,1222
5,1422
4,1442
1,656
10,2738
10,2261
3,1018
8,1840
3,1146
6,1674
1,404
6,1376
1,555
3,1099
7,2355
4,1586
10,2637
7,2670
1,636
10,4554
4,1227
10,3169
10,2305
10,2318
10,2912
1,454
10,2482
1,482
1,351
8,2798
1,3722
10,2571
7,5790
1,604
10,2212
5,1326
1,430
7,1600
10,2364
1,572
1,431
10,2450
10,8599
1,498
1,513
1,476
10,3486
8,3194
1,472
1,417
10,2967
3,999
10,2084
8,2657
1,426
5,1530
1,279
2,813
3,1280
6,1676
1,521
1,434
7,1740
1,303
1,356
10,2948
1,254
5,1761
1,579
1,442
10,3357
1,244
1,3920
1,517
4,1481
1,540
1,251
6,1924
1,586
1,353
3,1277
1,665
6,1826
1,475
1,544
9,2140
1,265
1,672
5,1217
1,338
1,622
1,503
9,3303
1,503
1,316
8,2096
1,309
2,538
1,475
1,285
10,2289
1,273
1,552
2,715
10,3506
1,580
1,291
2,1263
4,1396
1,335
10,2414
1,256
10,2527
1,529
1,316
10,3211
1,625
10,7824
4,1070
2,751
4,1739
1,257
3,930
1,553
1,262
2,582
1,287
3,876
1,377
1,274
5,1775
1,529
8,2849
10,3416
6,1385
1,374
1,315
2,412
9,3115
1,295
10,2443
1,289
4,1180
1,360
1,256
10,3070
1,388
1,13158
10,2331
8,2621
1,612
1,235
3,1206
5,2049
1,388
2,608
1,326
6,1380
1,369
1,302
5,1309
1,375
9,19800
10,2542
10,2568
6,12263
1,605
1,429
7,2604
1,394
10,3527
1,319
10,2470
1,403
1,386
10,2241
1,314
10,9611
10,2512
10,2828
1,476
1,325
5,1590
6,2433
1,411
10,3005
1,269
10,3109
1,381
3,785
9,3159
1,369
9,19341
6,1421
4,1063
1,325
1,278
4,1137
10,4180
10,3153
10,3542
4,1353
2,762
1,488
6,1701
10,2710
3,901
1,577
10,2629
10,2166
5,2011
5,1565
10,2447
7,2563
5,1864
8,2508
10,2251
4,951
3,861
10,3099
7,2119
10,2421
10,3428
10,2365
10,2370
6,1420
7,1768
10,2315
5,1312
7,2596
1,644
10,2164
10,2082
5,1372
1,297
10,2261
7,1684
8,3692
10,2268
1,424
6,2142
10,2245
10,2947
3,921
9,2999
1,265
10,2653
10,2807
7,2506
7,2565
6,1594
10,2925
6,2160
10,2409
1,265
8,2630
10,3084
5,1089
2,594
6,1883
1,645
2,652
10,2236
10,3919
10,2895
5,1080
10,2440
1,437
10,3285
1,335
10,3415
6,1698
10,3088
5,1436
10,3678
1,543
10,3467
8,2794
6,2213
4,1394
1,491
10,3236
8,8303
10,3425
1,283
5,1779
5,1798
10,2267
10,2631
10,3711
1,556
10,2314
1,384
7,2230
9,2092
10,2349
10,3830
10,3233
10,3669
1,264
4,1177
10,2468
6,1530
4,1144
5,1631
1,547
8,2647
1,296
10,3246
10,3412
3,1179
2,910
8,10997
10,2533
1,235
2,770
3,682
10,2106
10,2381
3,1205
1,580
3,1018
1,422
5,1723
9,4050
4,1269
1,642
4,17829
1,321
1,210
5,1303
10,3373
1,266
10,3528
1,661
1,523
5,1717
1,520
10,5169
2,1186
1,427
10,42724
7,23564
1,238
1,247
4,1083
4,1043
1,387
10,2309
4,1533
1,534
7,1764
1,512
3,1231
10,4473
1,445
9,29318
3,1018
1,230
1,247
10,2224
6,1502
1,385
5,1670
4,1499
1,458
10,3262
1,535
4,1376
9,3543
1,292
8,2915
1,13587
1,243
1,249
10,3142
10,2190
1,345
10,3117
5,1775
6,1591
9,7540
1,435
5,2598
1,660
1,321
10,3604
1,474
1,272
5,1217
10,3229
2,613
1,471
10,2380
5,1933
3,1049
7,2446
1,497
4,1100
10,3717
1,359
6,2195
1,683
1,242
9,2185
5,1050
4,896
1,385
6,2028
5,1849
10,3542
10,3266
1,662
5,1463
10,57621
1,276
10,33007
1,402
1,212
10,3362
10,2428
10,2883
1,337
1,567
7,2419
7,2475
6,1881
1,526
5,1396
8,56830
1,254
9,2999
1,527
1,257
7,1518
10,3343
10,3463
1,266
1,403
6,1948
4,1380
5,1688
3,801
1,459
1,44927
1,259
1,480
1,481
1,269
10,2032
6,2319
10,3432
1,292
1,427
8,2684
7,2356
1,419
5,1736
5,1329
1,73614
1,286
1,415
1,427
1,268
6,1698
10,2973
10,2379
1,315
1,503
7,2345
9,6820
10,15054
10,3485
6,2069
6,46292
1,250
1,371
1,778
10,2113
5,1632
1,362
8,1991
10,2125
1,335
5,1258
10,3380
3,4766
7,1979
7,2278
9,2980
6,1369
1,720
1,476
2,876
10,2116
10,3062
1,442
6,1387
1,473
1,447
10,3541
1,665
9,3077
10,2476
1,599
10,2506
4,1642
1,479
10,6245
1,274
1,310
1,474
10,2156
1,291
1,501
3,1116
1,305
7,2470
5,1457
1,621
10,2427
1,371
1,535
1,590
3,1158
1,262
1,391
4,1564
1,267
1,406
1,401
1,460
6,1987
5,1673
4,1334
2,547
1,577
9,12243
9,3437
4,1033
1,262
1,471
10,2174
1,278
5,1779
4,1518
1,391
5,1746
7,2893
1,484
4,893
8,2924
1,981
6,2436
10,2554
1,357
1,544
10,2786
1,263
1,400
5,1396
1,515
10,3209
3,1045
1,663
10,2973
1,498
1,434
8,3122
7,1727
1,320
1,435
10,2547
6,1379
1,411
1,537
4,1110
1,408
1,479
1,603
10,3052
1,572
2,1171
10,11008
10,2132
1,269
1,402
10,3411
10,2202
1,445
7,2621
1,689
3,812
1,574
1,491
8,2760
1,474
2,772
9,2545
2,594
1,247
1,459
2,854
10,3230
1,454
6,1767
1,638
4,1188
1,352
1,393
3,928
5,1717
4,4434
1,26149
3,739
1,247
1,464
9,4834
4,890
1,484
8,2764
1,574
4,1505
1,458
5,1706
10,2410
1,551
6,2326
4,18669
10,2342
1,238
1,371
1,2397
10,2471
5,1641
8,2570
1,505
4,2185
1,367
1,467
5,1454
6,2344
3,1186
7,3230
10,2478
6,1765
2,581
10,3307
10,2420
1,573
5,1655
1,495
10,3335
1,330
1,609
10,3459
1,387
2,2168
8,2685
10,2151
10,2352
5,1449
9,3065
10,2398
1,464
10,3261
7,2670
2,741
1,272
2,729
7,2744
2,1049
3,1034
6,2535
8,2670
10,3400
10,3447
10,3395
2,817
3,993
1,697
5,1982
7,2259
1,273
1,357
9,3127
5,2281
1,429
1,698
1,493
4,1066
9,2998
6,2586
10,3377
2,700
7,4818
5,1922
6,1984
1,360
5,1583
6,2056
1,442
6,2180
3,1168
1,459
10,2541
8,2694
8,2854
10,3233
3,1018
1,756
2,835
7,1543
1,251
8,2459
7,14548
8,16080
5,1768
7,3658
1,424
10,2112
5,1685
1,514
10,3239
10,2386
2,955
5,1641
8,2681
2,734
7,2258
5,1718
10,4865
4,1483
8,2661
1,412
10,3735
6,1939
1,570
10,3518
4,1056
3,1110
3,871
6,2300
5,1865
1,532
10,3362
4,2418
6,2142
1,520
1,429
2,873
10,7438
9,3105
6,3006
10,2500
1,557
10,3026
6,1737
4,988
1,528
1,437
8,3009
2,901
10,14648
1,363
10,3376
10,3251
1,610
10,25248
10,2970
1,603
5,2063
3,832
10,2209
1,408
3,1157
1,541
6,2010
1,1434
1,360
6,2686
1,365
1,548
8,2440
10,3531
1,568
5,1975
1,447
10,3286
1,455
4,1466
1,348
2,956
1,665
1,406
10,9165
4,1168
1,480
1,605
10,3218
2,914
5,2088
3,1066
10,2971
2,762
1,504
1,494
1,416
4,1603
1,362
1,364
4,1466
1,486
9,24302
10,2827
1,558
6,1895
1,344
5,1973
1,434
1,599
2,1003
2,910
3,1010
1,378
9,3075
4,1421
1,637
1,701
6,1753
1,571
2,874
1,451
10,3157
8,42660
1,533
4,1391
4,1567
8,2629
2,596
9,2921
2,792
1,553
1,580
10,2703
1,506
5,1299
2,729
6,1541
7,69944
1,514
3,849
5,1986
1,545
5,1225
8,29181
6,2050
1,596
1,2774
10,2054
1,449
4,1034
1,514
10,2984
3,53531
1,589
6,2486
3,1225
1,546
10,3504
10,7473
5,1608
1,1662
1,4933
10,2179
1,446
10,2145
1,543
10,3454
2,864
1,601
9,3034
4,1643
1,505
7,2291
4,1356
8,2804
1,504
4,1465
10,2860
2,878
10,2877
1,318
10,2448
10,65057
1,521
3,2787
5,1682
1,436
9,3446
10,10158
6,1915
4,1284
1,547
10,2222
5,1333
10,2872
1,382
10,2151
3,1218
4,1449
2,781
6,1906
1,463
6,2169
1,20560
8,2623
1,478
1,663
10,2225
10,2535
10,3450
1,299
10,2056
4,8512
1,542
1,524
10,3450
6,2074
8,2916
1,474
9,3024
1,425
1,18549
10,2554
10,2491
5,2233
1,270
10,2224
2,4002
1,554
6,1962
6,3157
1,378
10,6975
1,507
5,1739
2,816
1,750
1,434
10,2979
10,2345
1,272
10,2234
6,2139
1,514
4,1269
2,757
1,558
5,3510
1,413
6,2120
8,3065
2,842
1,265
10,2370
6,1388
2,644
10,2858
8,22861
5,1914
5,1859
7,2679
1,417
3,1405
1,387
2,647
8,2887
1,395
1,405
5,1165
10,2488
5,1483
1,524
4,1578
5,1833
7,2191
10,3401
1,490
1,476
1,425
1,530
7,2914
1,493
1,356
10,2881
1,732
4,991
1,442
1,370
1,465
1,440
4,1386
1,516
4,1462
1,557
1,871
8,2565
7,2522
1,355
10,2851
1,563
10,2433
1,381
2,675
5,1377
5,1922
3,1224
2,946
5,1769
1,460
1,676
7,1926
1,480
1,352
6,1525
1,507
10,4495
1,271
6,37300
6,1651
4,2011
4,1357
4,1332
4,1420
1,368
2,1063
10,3320
8,2767
1,353
10,2297
1,413
10,3883
1,324
3,1141
7,1701
1,359
1,735
4,2639
5,1503
8,3525
1,340
1,503
3,1056
1,359
1,305
1,454
5,1737
1,267
5,20019
5,1673
1,485
3,1155
9,4550
5,1980
1,353
1,266
3,1087
7,17215
1,235
10,2115
1,456
10,2595
1,289
1,790
5,1595
1,435
1,381
3,1005
2,758
5,1665
1,305
2,652
10,20537
1,265
10,2374
1,393
6,1328
1,280
1,456
5,1808
1,431
3,1066
2,2276
6,2189
1,460
1,314
1,601
8,2692
10,8796
4,1441
1,236
10,3273
1,1963
6,22110
3,1133
6,2778
1,443
2,4812
7,2557
7,2347
1,353
1,592
8,2576
2,913
10,2781
1,239
10,2343
1,580
1,340
7,4700
1,462
1,589
1,430
8,2813
10,3371
1,281
1,606
3,21349
10,3584
9,2770
1,243
6,1978
2,978
7,9222
5,1249
1,434
1,548
5,3085
5,1753
8,27737
1,424
2,886
1,479
9,7056
10,2242
10,3346
10,2326
10,3825
6,5967
2,741
1,452
1,510
9,25458
10,3388
5,3344
1,266
1,422
4,1196
6,2074
1,349
10,2136
10,2360
10,3702
1,609
10,3466
1,389
5,1670
6,2254
6,2026
3,1112
2,603
4,1284
1,514
8,10885
1,387
10,2331
10,2388
1,548
1,692
4,1030
6,2736
1,497
1,509
3,1129
1,445
5,1419
7,2590
1,534
10,30484
1,404
10,2265
10,3437
10,3131
2,2070
10,2481
1,408
1,433
1,2516
2,591
1,405
4,1010
6,2366
2,790
10,27903
1,421
10,2613
10,3305
10,4149
1,656
10,2568
2,1024
1,384
2,1100
1,323
2,923
10,2362
2,779
5,1758
1,12350
1,543
10,2630
4,909
6,1993
1,422
10,3369
2,926
1,413
6,2334
1,357
3,1118
10,2227
2,1131
6,2275
4,1407
1,361
2,1003
1,382
9,2287
5,2201
5,1157
1,391
2,1182
2,838
1,413
2,667
5,1434
3,1196
9,3063
10,7411
1,303
10,3590
1,319
8,5112
1,479
10,3441
1,513
6,2118
4,1302
1,402
4,3966
10,2121
6,2155
2,759
8,2576
1,520
1,490
1,341
4,1355
1,623
6,1654
4,1349
3,1090
6,2279
1,355
9,3170
10,2801
9,2898
3,1019
6,2032
1,266
10,3734
1,305
8,3046
2,751
10,2191
4,1471
7,5154
5,2003
1,251
6,5752
6,2096
1,412
1,594
8,2863
1,282
9,25250
1,267
8,2623
3,1358
1,486
3,1169
5,1673
3,2190
1,234
2,793
10,3058
5,1599
1,400
7,20853
10,3542
10,24675
1,239
10,6841
1,550
1,359
4,1393
7,2356
4,1372
1,231
3,1010
6,1948
1,473
1,514
5,12559
2,957
8,14038
1,345
6,1995
6,20932
1,374
9,3062
5,1968
5,1732
1,310
2,5519
10,3502
1,590
1,19788
10,3195
6,2174
6,1972
1,390
8,3477
1,534
1,263
5,1616
8,3302
10,3327
1,300
1,527
10,2540
1,397
2,1077
1,485
1,1582
10,33165
1,438
1,464
2,756
1,263
1,399
4,1559
6,14454
2,915
6,3437
1,501
1,454
9,23022
4,1306
10,3426
9,2939
1,350
7,3356
1,483
1,253
2,865
7,4907
1,524
5,1538
5,1826
4,1227
2,538
4,1696
1,450
10,4283
1,534
10,4618
3,1030
4,1442
1,312
6,2126
5,1864
1,420
4,1120
7,2251
10,2882
1,654
6,32317
3,984
8,3510
1,477
10,6087
10,4602
9,3387
1,356
4,1444
3,1541
7,2446
10,3547
4,1370
10,2426
4,4738
2,49196
2,840
9,13676
1,401
1,531
4,3458
4,1551
1,274
10,3686
1,396
2,814
10,2949
4,1472
9,2012
1,369
1,663
1,324
4,1720
1,313
10,3428
1,453
10,9288
1,253
5,1683
1,433
1,389
10,2358
1,474
10,2255
1,381
1,554
5,6241
9,3651
1,472
10,3823
1,2867
7,3097
10,3391
4,1495
1,490
3,1151
10,3088
1,432
1,530
1,405
6,2135
1,557
1,576
1,477
9,11709
1,375
6,2072
10,2294
5,1928
6,1605
3,1088
5,1780
6,2973
1,459
1,436
1,541
1,412
2,909
1,464
6,2496
1,357
10,3363
10,3033
3,1624
9,2150
5,1820
10,2666
1,473
1,273
6,2327
2,1345
1,1010
8,2736
1,509
9,3079
1,328
1,513
10,2550
2,887
9,3533
1,343
6,2157
1,499
1,271
2,1011
1,624
1,384
10,6497
4,2155
4,1533
1,355
2,963
10,2501
6,2084
9,3087
10,11627
10,2413
6,1980
1,283
1,381
1,532
1,456
1,488
1,388
1,481
1,516
5,1548
10,2693
3,1212
9,3166
6,19837
10,2244
2,672
1,267
1,405
6,2164
1,376
7,2544
1,502
7,2487
2,709
3,1235
2,663
5,1920
10,7173
1,464
1,360
1,393
1,248
6,2088
1,444
1,429
8,2952
10,7355
8,2604
2,2632
3,1195
10,3645
7,2509
4,1389
1,429
10,2147
1,421
1,371
6,2115
1,597
1,374
7,2335
7,2400
2,763
1,395
6,1985
8,3082
2,940
10,3133
1,704
10,3428
1,330
1,280
5,1737
1,586
1,403
10,5724
1,452
10,3276
4,2884
8,2942
1,767
5,1278
1,533
3,1170
10,2104
3,1095
1,262
4,1477
5,2005
6,2066
1,413
6,1801
1,476
1,1464
5,1747
10,4106
7,2982
1,399
1,429
9,2987
1,424
2,783
6,2094
4,1677
4,1321
8,5106
1,395
8,2597
2,2135
7,2330
10,94847
8,2818
1,255
1,413
10,2212
1,405
10,3173
3,1015
6,2229
3,1092
1,537
10,6450
7,9301
1,534
2,601
10,79104
4,1613
1,239
1,503
1,412
2,701
10,3739
4,1530
5,1949
2,774
3,1050
8,2547
3,1081
9,2864
5,1746
9,85509
8,2836
1,232
5,1831
1,421
6,1941
10,4131
4,1371
2,813
7,12861
1,598
1,378
7,2363
1,327
7,2370
6,63703
7,2678
1,262
3,1065
1,263
1,382
1,407
10,8815
4,1703
2,2678
1,428
4,1332
1,426
9,3013
4,1529
1,592
5,1779
1,243
1,526
1,259
1,508
9,7229
7,2286
6,4489
3,3505
1,424
3,5241
2,721
6,2320
7,1906
1,357
3,1064
1,245
3,1161
1,264
3,1133
6,2344
6,4284
2,748
2,17046
1,661
1,353
8,2827
3,973
8,2890
4,1409
1,281
1,235
2,768
1,708
6,2367
8,17222
2,4764
10,23383
1,433
1,559
8,2455
1,579
1,369
5,2129
9,2653
2,703
1,243
7,2371
1,546
5,1983
9,3122
10,3424
5,2766
2,1348
1,567
1,4973
3,1002
1,516
3,1150
1,475
1,316
1,254
5,1811
1,2548
10,3346
4,1416
1,535
7,17369
7,2300
1,504
2,957
1,472
6,13949
1,433
1,492
1,537
10,2181
7,2632
1,729
6,1937
1,415
3,1481
1,3770
5,2761
1,411
4,1518
1,462
1,353
1,690
1,526
1,516
4,1155
8,6339
1,627
7,2392
7,6731
5,1943
10,7415
2,581
1,425
3,1190
1,367
5,5018
1,375
1,503
1,747
10,2112
9,7211
10,3442
2,659
8,2340
6,2361
3,821
6,1976
1,405
7,3595
1,342
4,1374
1,423
1,485
1,556
10,2301
3,1418
2,671
3,1214
2,614
3,1506
7,2053
6,2173
1,12443
6,2071
1,583
6,21515
1,356
1,505
1,650
10,2888
7,21576
9,2790
1,419
1,470
3,1211
5,7518
1,378
1,505
2,830
1,8873
1,602
1,564
1,367
1,531
10,4094
5,1473
9,3590
10,3346
7,2150
2,756
3,1160
1,431
2,6084
3,1202
1,361
2,20214
1,418
1,378
1,403
6,2372
1,625
10,4442
3,1155
8,16461
1,390
6,2228
5,1883
9,12962
3,1108
1,459
2,633
1,382
1,339
1,274
10,2209
1,449
10,8962
5,2108
3,11211
7,2581
2,709
4,1335
2,809
1,433
2,723
2,587
1,478
10,3413
1,619
7,1978
3,1044
6,2440
3,1340
7,2378
5,1960
3,1117
6,2086
4,3044
1,523
1,403
1,324
1,499
8,13959
8,2566
10,2498
9,2017
1,452
6,2223
1,7334
5,1863
1,345
3,1111
3,1140
1,434
1,1466
6,3620
2,726
6,2271
9,2801
1,562
9,2847
8,10167
3,1104
1,386
4,1579
3,1295
5,1726
6,2273
1,396
1,430
4,1355
1,527
7,2402
9,3154
10,3385
10,3530
4,1385
2,923
2,634
7,2498
5,1864
10,3380
1,357
1,366
3,1001
7,2561
3,1084
8,2758
10,3649
3,1076
9,3048
6,1897
5,2032
8,2770
7,2776
5,1706
4,1279
1,331
1,522
6,1958
3,2383
5,1631
1,344
10,3568
5,1610
7,2319
1,475
7,2470
1,474
8,3310
7,3130
8,2720
6,22932
7,2360
8,8561
5,1744
10,2326
4,1431
10,4147
10,2342
10,4875
8,2880
2,673
1,367
1,383
4,1556
6,5265
1,360
5,12867
4,12643
5,1767
8,1999
3,1102
1,350
3,740
10,2879
10,3253
5,2010
3,1011
9,3103
8,2687
2,642
4,1659
6,17993
2,622
5,2267
9,3138
8,3154
4,1080
7,2721
1,566
4,1408
7,2506
1,340
1,681
7,2560
1,415
5,33930
2,841
6,1999
10,3454
7,2449
1,330
10,3486
5,1834
1,423
1,438
4,1397
2,704
3,1167
1,9186
1,372
4,1056
4,1294
1,608
6,2125
10,3478
1,628
10,3446
9,2359
1,290
7,2242
8,2592
1,367
1,518
9,3003
7,3046
2,472
1,475
4,1616
3,956
5,1639
1,477
10,3441
3,929
1,261
8,7511
7,2415
10,14317
5,1731
5,1531
1,402
6,11297
6,1847
7,2706
3,1201
10,2809
1,566
10,3199
1,601
1,241
10,3363
5,1866
1,389
1,796
1,280
1,392
3,1225
1,463
1,368
3,1200
4,1109
2,747
10,3831
1,410
1,370
8,2643
8,2642
1,476
1,464
1,598
1,419
1,448
2,665
5,12725
5,1724
10,2515
3,942
10,4289
1,321
1,394
1,502
3,1121
1,420
1,416
1,626
4,1335
6,3759
1,488
4,1648
1,455
10,2170
4,1360
6,2212
1,302
1,247
3,1017
6,2380
4,1295
1,1053
1,524
10,5179
4,1762
6,2210
2,896
1,438
10,3543
3,985
10,3529
1,468
1,355
1,406
1,384
1,397
1,420
1,672
1,495
4,1302
1,688
1,501
10,16267
10,3590
8,5771
1,431
1,716
1,251
1,626
1,365
9,3202
1,623
1,640
1,443
4,1488
1,593
6,3020
1,415
10,4763
2,878
1,282
1,538
1,291
1,479
1,403
6,8823
1,596
1,392
1,377
3,1267
2,805
3,940
1,430
6,2557
2,6399
1,271
1,341
10,2218
1,602
1,442
1,542
1,471
1,373
1,418
5,1848
1,410
5,1869
1,298
10,2900
6,5546
1,271
1,328
10,2207
1,473
1,463
3,4007
2,997
1,360
1,439
6,2785
10,8971
4,1651
1,501
1,479
5,15087
1,273
1,294
10,3236
1,662
1,296
2,850
10,3083
1,584
2,672
10,4211
4,8737
4,1576
1,504
1,329
1,366
1,285
7,1732
10,3428
1,1845
1,321
1,492
3,1051
2,887
1,366
6,2045
5,1704
3,1237
1,410
1,275
6,1940
10,2705
6,2208
10,3589
1,516
1,256
6,2020
9,2169
6,1598
6,2089
6,1811
3,1315
4,1436
1,488
1,355
1,395
1,284
10,2552
10,3445
1,496
1,255
1,581
8,2624
9,2030
3,1119
7,2400
5,1756
10,3250
5,2004
1,492
6,1948
1,391
9,2245
10,3242
1,1333
1,260
3,6287
9,2930
10,3535
3,1075
2,773
6,2065
10,5613
1,373
1,287
2,639
1,373
10,3224
10,2396
1,1049
1,494
1,446
10,3598
8,2771
4,1480
1,438
6,2192
4,3961
3,1217
1,372
6,2090
1,462
9,13186
7,1742
1,478
2,825
9,11878
7,1804
9,2962
1,478
1,633
2,903
3,1120
1,647
1,374
2,663
7,1816
4,1642
2,724
2,657
4,1338
5,1779
1,486
10,4814
3,1004
2,923
7,5985
6,2043
3,1528
1,410
4,12629
7,2620
10,3413
10,3172
1,358
9,2372
4,1735
4,1065
4,1559
5,1768
4,2384
10,3592
6,22833
6,3593
1,284
1,13538
1,502
1,455
3,825
2,818
9,2248
6,2043
10,2637
1,514
7,2236
10,7513
3,3121
7,26177
5,2126
7,2592
1,13408
1,626
1,631
10,2929
8,14043
10,2631
1,450
10,3135
4,1568
2,737
1,534
4,1574
1,391
7,2339
10,2226
2,730
10,3264
5,1965
3,1262
6,4265
10,3603
2,1502
10,3739
10,2429
7,3211
1,516
3,1352
1,386
5,1811
7,2474
1,652
3,691
9,3571
10,2320
2,626
8,3842
1,509
10,3358
10,2730
9,3087
3,984
5,2197
1,640
7,6464
3,1011
1,454
3,684
2,918
8,1661
1,315
1,752
5,1944
10,3241
10,3625
7,2986
1,458
3,1226
1,504
4,1383
10,2393
5,11305
9,2696
1,431
7,2343
9,5100
4,1206
4,1847
10,4689
10,3104
8,3303
1,474
2,959
1,424
7,2402
10,2463
7,51008
9,2753
10,4060
1,403
3,1246
10,2547
4,1926
6,2099
10,3644
3,1181
1,554
6,2045
3,1141
5,1742
3,664
4,2846
3,1303
4,4557
1,265
1,452
10,2680
5,3655
10,3211
10,2856
5,4833
1,451
3,1081
6,26355
3,1196
3,1048
1,3586
6,1392
10,2538
1,269
6,2298
10,3439
4,1697
1,375
6,2128
1,702
5,2008
7,2286
1,458
9,9108
7,2439
1,392
10,3131
1,518
1,306
2,686
10,4141
6,2061
1,243
10,3730
1,468
1,503
2,730
1,433
9,2748
10,2349
1,405
10,3288
5,1683
1,430
2,1596
10,7503
10,8630
1,315
1,385
2,635
1,619
5,1994
1,495
1,557
3,693
1,400
10,3379
9,3009
1,410
4,2477
6,2098
2,814
1,298
1,256
6,1420
3,1214
5,1790
1,522
1,287
6,2207
1,520
9,2724
6,2320
1,308
1,402
10,3299
6,1928
1,264
1,240
9,2301
1,436
1,488
1,542
1,532
9,2972
1,394
7,2439
8,2688
1,379
6,2019
10,2393
7,2380
1,237
1,276
9,3155
6,2145
1,479
1,588
6,1696
10,3036
6,1922
4,1363
3,1201
1,332
2,756
1,757
6,7993
1,254
1,279
9,3149
2,880
7,1997
5,1757
1,522
10,3440
1,418
10,3612
1,555
1,355
5,1708
1,302
1,695
1,329
1,342
10,3551
9,3381
4,1092
6,2162
9,2072
7,2393
2,841
10,3028
1,438
10,2198
6,1961
10,2311
1,465
1,253
1,309
8,2339
7,2418
3,835
3,1015
9,2695
4,1152
5,1601
1,427
1,432
3,929
5,1796
1,242
10,2886
1,259
1,659
4,1514
5,1987
8,5029
2,716
9,2551
10,4947
4,1408
1,652
1,433
9,2552
4,1373
1,241
1,645
1,509
1,379
10,2943
5,2095
8,2599
7,2573
10,2962
10,3519
10,3076
1,551
1,383
10,3091
6,2018
1,274
1,550
1,363
1,323
1,437
7,2455
1,539
5,1583
10,2995
1,536
6,1947
1,561
1,423
7,2383
2,808
1,249
1,657
10,2941
10,2738
1,318
4,1587
5,1666
2,757
4,1644
1,461
6,2049
1,446
1,477
9,11586
3,1117
1,276
4,1509
9,3068
7,1867
1,359
8,2951
1,357
5,2072
1,382
1,612
2,1147
10,2922
1,509
9,13837
6,1954
1,256
1,800
7,2346
3,850
1,420
3,1407
7,2557
7,2688
1,309
1,539
7,2264
1,2792
1,469
10,3307
4,1288
1,229
3,1073
10,2242
10,2220
1,317
5,1521
1,374
4,1386
1,245
1,467
3,1142
1,335
1,620
1,614
2,787
1,252
1,568
10,2158
10,2170
1,253
1,561
1,275
8,2797
1,340
1,499
1,395
1,449
7,4489
1,649
6,1993
7,2192
1,472
9,2796
10,2768
1,314
3,1007
1,405
8,2881
1,291
1,427
4,1554
1,434
4,1597
1,416
7,2243
10,3468
1,410
3,1868
3,1081
1,398
6,2339
1,595
3,3662
1,250
1,293
3,1315
1,333
10,3719
9,4372
10,3539
3,2643
1,665
3,1193
7,2665
4,930
9,2012
1,359
5,2253
1,297
1,378
3,986
1,400
10,3898
5,1759
10,3671
10,4142
1,558
6,2002
1,416
1,240
9,2900
1,437
2,760
1,257
1,288
5,1968
7,6620
3,979
10,3115
1,396
3,846
5,1600
10,2977
6,1819
1,247
10,2350
10,2140
10,2666
1,290
1,766
7,2499
5,11033
10,3704
2,9466
1,387
10,9432
3,1315
9,2236
10,2348
1,331
10,3733
1,344
6,1337
1,267
7,2374
6,1919
1,601
10,3735
1,420
1,384
7,2485
6,1880
9,3445
10,3088
6,1594
4,1471
6,1638
9,2102
4,1111
10,3530
2,836
2,894
6,2609
10,3601
4,4501
4,1486
3,1218
7,2368
9,2576
10,3504
10,2772
9,2105
3,836
10,2930
4,1511
3,1161
10,3578
7,1894
1,459
1,422
6,1600
2,686
10,4381
10,3387
9,2702
7,2189
9,2102
10,3312
10,2736
1,598
7,2282
3,1576
7,1903
10,3353
1,426
10,3042
1,432
4,4061
10,3341
10,2679
1,591
10,2914
10,2183
10,4643
10,2838
5,3820
5,1769
10,2556
5,1232
1,468
10,7239
7,2515
10,6872
9,3366
10,3592
1,590
4,4949
8,2524
10,3598
10,3547
2,754
9,3222
4,1459
1,627
3,2764
9,7061
5,35562
10,3252
4,1361
10,4018
1,412
10,8255
4,1473
10,3515
3,1712
5,1782
8,2101
10,3257
9,2943
1,488
10,3222
8,32727
1,422
9,5009
10,2874
1,419
1,487
1,356
6,1510
6,2367
8,2895
3,903
8,2379
8,2848
1,469
10,3141
4,30080
1,382
1,631
1,332
1,411
4,1087
7,2554
10,3376
9,3377
4,1579
4,1478
10,3482
1,701
1,482
4,4625
7,28637
1,357
1,509
7,1668
1,409
10,2488
1,460
10,2085
10,3523
7,2580
10,3342
10,2873
1,471
1,538
6,1989
9,2552
1,434
1,475
5,1152
1,364
10,2157
1,369
7,1572
2,641
3,966
3,1305
3,1063
1,500
1,444
10,2371
3,731
1,575
1,399
3,1146
1,257
10,4066
1,376
10,2240
4,1167
8,2721
10,3621
6,2295
1,563
5,1706
1,561
7,33674
1,553
1,349
1,362
1,265
10,4629
1,347
5,1043
3,1523
1,341
10,3648
2,541
1,525
2,845
1,451
2,694
1,429
1,632
10,3546
1,298
10,3853
1,253
3,800
10,3809
5,1807
10,3407
6,1660
1,425
6,1693
1,406
3,1058
1,619
1,530
10,3199
1,261
10,3756
1,249
1,411
10,4013
1,264
10,3374
1,464
1,434
3,1065
1,307
1,616
1,457
1,495
10,2241
10,2854
6,2226
1,268
10,2459
10,3150
1,441
7,2324
1,396
1,574
1,312
10,3117
3,813
1,577
1,431
3,760
4,1066
10,3311
1,250
3,881
8,3079
1,409
6,1445
1,341
1,655
3,931
1,338
9,2416
1,467
1,315
5,1788
10,2265
1,483
1,239
5,1308
10,3921
1,492
7,2476
1,289
10,3374
5,2343
1,284
8,2897
1,426
1,447
7,2379
10,2158
1,267
1,237
7,2613
6,6763
1,373
1,552
1,316
3,899
5,1708
1,260
7,2664
2,718
1,429
9,2936
10,7549
1,232
4,1059
9,2254
7,21960
1,301
1,367
1,273
3,1280
7,2417
1,259
10,3714
1,520
4,1669
1,412
10,3895
1,269
10,2357
1,492
1,558
1,347
1,351
1,257
10,3310
7,2419
1,281
10,3480
4,1183
10,3391
1,462
6,2065
1,258
10,2232
1,524
1,282
1,249
1,416
1,287
10,3187
8,4351
1,341
9,3118
10,3215
1,687
1,384
10,2435
1,258
10,3538
1,511
1,239
1,279
1,263
1,235
10,3230
1,808
1,319
7,2763
10,3262
10,2348
1,405
10,3001
1,269
10,3553
1,314
1,379
1,377
1,274
1,255
7,2244
4,1310
1,465
1,464
8,7062
10,3511
1,370
2,777
1,263
6,1531
1,255
1,497
2,572
1,257
4,1301
10,9532
5,4306
5,1824
1,504
10,3618
10,3594
1,415
1,530
1,281
10,2620
1,330
1,351
6,1413
1,278
2,623
7,2066
9,18681
10,3052
1,250
9,2856
6,2244
1,295
10,2703
1,758
10,3013
1,253
1,393
9,1974
1,325
9,1938
7,1712
9,1991
1,616
1,261
6,1893
9,2763
1,396
3,1024
10,2670
3,1255
1,360
1,343
9,2604
1,493
5,5938
10,2301
2,893
10,3495
1,259
3,1388
3,837
1,411
10,3204
7,1881
2,925
1,790
1,348
10,2640
10,2282
10,13776
10,2772
6,1846
5,1661
1,241
4,1689
2,857
6,1822
10,2433
3,1029
10,2318
1,408
1,374
8,2244
10,2365
10,3497
8,2667
9,2221
9,4848
1,240
3,1212
4,1378
1,335
8,2136
1,584
7,2514
3,908
8,3277
4,1891
3,1196
10,7337
4,1882
8,3031
9,2247
1,263
10,3694
7,1796
3,820
9,3531
10,2449
10,2386
6,2207
10,3334
10,2728
10,2890
8,2616
3,834
10,3532
3,1048
1,307
10,24315
10,3289
4,1035
7,2070
10,2301
10,2207
10,3144
4,1262
1,479
3,1313
1,483
10,2349
10,4066
4,1510
1,355
10,21025
10,3564
9,2230
1,581
3,912
10,2097
9,2472
10,3791
10,2592
10,3334
5,1999
10,3132
4,1420
10,3431
1,278
7,17960
10,4521
8,2715
1,391
7,2697
8,2398
10,3310
10,3362
4,991
7,2023
2,11980
2,714
10,2930
3,1418
4,1230
10,18106
10,8358
10,6027
1,408
9,2833
10,2804
9,4922
10,3503
10,3391
7,2756
4,1364
6,1852
1,472
10,3251
10,3726
10,18413
6,2444
7,2457
1,397
3,1244
1,614
7,2271
2,1153
10,2409
2,839
6,2114
1,521
1,378
10,3264
10,3716
6,1574
10,3499
10,3462
1,304
6,2196
1,467
4,1144
6,1443
10,2127
6,1453
10,3243
1,367
1,444
10,8393
10,3890
7,1560
8,6886
10,3197
1,264
10,3306
1,298
10,3250
10,2310
10,3462
9,2217
4,1544
1,356
1,266
7,2526
10,3485
1,481
1,734
1,515
1,358
10,3078
1,375
1,464
6,1363
6,1646
10,3799
6,1997
1,438
1,263
10,3524
6,2341
1,394
1,479
2,827
1,502
10,2713
1,261
1,608
2,510
10,2295
5,1793
6,4506
1,255
1,228
6,10416
10,3493
1,367
1,558
5,1768
1,269
9,2502
1,254
10,3641
9,3089
10,2792
10,3594
10,3231
1,350
1,235
7,2727
10,2973
1,453
1,461
1,629
1,294
4,1434
1,258
5,2292
5,1750
1,407
10,3656
6,2040
1,363
1,255
1,367
10,2451
1,352
1,588
4,1547
9,2252
7,2834
1,237
9,2939
10,3363
1,298
8,2715
1,520
1,663
1,302
1,403
10,2698
1,428
1,620
2,664
6,1497
10,3299
1,498
1,593
10,3603
1,332
4,1559
1,448
1,375
1,244
1,322
1,421
1,256
1,676
10,3255
10,3264
10,3300
1,273
4,1633
8,2823
1,328
10,3205
3,1445
1,478
1,233
1,274
7,2554
1,460
1,486
10,2876
10,3477
1,359
3,754
2,807
10,3305
1,323
1,2606
4,1573
10,2397
4,1020
1,271
1,576
1,675
1,465
10,3432
10,2853
1,440
6,2004
10,4852
4,1315
1,349
5,24496
1,391
2,860
10,3338
1,239
10,3484
1,404
1,416
5,1720
1,363
1,384
10,2983
1,531
1,580
1,353
1,653
1,489
6,1713
10,3149
1,359
10,3012
3,858
8,2790
6,2287
10,3592
1,433
10,2810
5,2708
5,1792
1,369
1,610
1,646
5,12409
10,2757
1,325
3,1233
3,1134
10,2847
9,3390
4,1822
1,428
10,3173
6,2210
1,525
1,275
1,541
1,599
10,4541
10,3640
10,2519
9,2367
7,2597
4,1565
1,449
10,3460
1,295
7,1718
9,6498
1,579
1,267
1,577
1,397
10,6008
10,3478
1,229
9,2734
8,2778
10,3221
8,11232
9,6319
1,414
4,1209
8,3068
1,480
7,1863
1,43327
1,368
8,3877
10,3002
1,237
1,643
10,3170
10,3544
1,427
2,1042
1,395
10,2282
1,526
1,502
10,2262
2,807
4,1519
5,1752
6,2160
3,854
1,259
10,3319
10,2773
1,530
2,1059
1,536
10,3723
1,439
1,505
10,2610
1,388
7,3130
10,21850
7,1792
10,3058
1,264
10,2484
2,758
1,411
1,674
1,1646
1,389
1,385
1,486
1,496
7,2355
3,1004
4,25297
3,782
10,2603
1,282
7,2083
6,2478
1,400
10,3467
1,596
2,778
1,467
1,661
10,2278
1,406
4,3696
2,878
10,3072
9,2023
1,298
2,886
5,1898
4,1355
10,2707
1,394
10,3276
1,547
1,502
3,1022
2,600
1,612
2,28816
1,437
10,2608
1,257
6,1962
2,1001
1,374
9,3386
9,3132
9,2553
1,435
1,502
10,2373
1,448
5,23358
10,3800
1,612
7,1593
1,246
2,967
6,1400
1,424
1,634
5,4470
10,3267
1,463
1,492
9,2472
1,359
10,33888
6,3698
10,2374
1,552
1,266
9,2209
9,2221
1,537
1,617
1,933
10,2377
1,410
1,2620
10,2526
1,358
7,3505
10,5760
10,3898
2,588
1,256
5,1264
5,5615
1,464
8,15477
10,3825
10,3475
1,435
1,562
1,480
1,419
2,21964
4,1353
10,2296
9,2329
1,258
10,5849
10,6166
1,468
9,3425
2,5057
10,3276
1,569
9,6711
6,1511
2,726
4,2064
10,3230
9,2968
10,2064
3,871
10,3328
8,15718
3,890
8,3750
10,3056
8,2211
3,1533
3,1912
10,3363
4,1491
1,3435
6,2457
9,2768
10,3762
6,1413
8,2769
10,4517
6,2009
1,277
5,1828
1,437
4,1725
6,2157
10,3063
10,3286
10,14784
1,490
1,488
5,1773
10,3001
10,3445
10,3404
3,835
1,432
9,3008
1,430
3,1182
7,2707
9,2404
8,2823
5,1825
8,2633
1,352
10,3869
9,3080
4,1708
1,367
10,3435
1,450
8,5902
1,390
10,3689
1,4290
4,1399
10,16854
8,5587
3,1095
1,354
10,4020
7,2741
1,434
10,7400
8,2006
1,499
3,1164
1,422
10,4027
5,2471
9,3033
8,2566
8,2670
1,574
1,505
8,3019
10,4943
10,21678
4,1838
10,3052
1,465
3,1003
1,256
10,4764
10,13985
10,4844
2,802
1,514
1,479
1,412
1,389
9,3262
5,2341
1,652
7,2393
1,446
3,1169
1,370
10,4288
5,1686
10,2517
3,1645
5,1841
1,369
1,260
10,7838
4,9949
1,9242
1,636
10,3279
1,406
10,2602
1,301
7,7637
1,420
1,501
3,1261
5,1651
1,455
1,299
5,1811
10,2760
2,893
1,25442
7,1681
1,304
10,2849
1,351
6,2440
8,38819
1,521
1,562
2,634
1,378
1,465
1,494
1,409
1,2626
1,595
2,1024
1,708
10,3642
1,408
7,1837
3,5272
1,422
8,8236
4,1297
1,460
1,713
1,517
1,600
1,589
1,523
10,2235
1,425
10,3750
1,277
10,2496
1,326
1,333
5,1699
2,830
1,364
1,617
1,472
10,4618
1,524
1,658
8,2991
10,3842
7,2683
2,823
10,2195
3,3158
1,319
5,1936
9,3070
1,606
3,768
1,353
1,602
1,602
1,563
10,3742
3,1279
10,7579
4,1611
7,1912
3,11549
1,386
7,2564
6,2006
1,442
6,2084
1,639
4,1358
1,608
1,486
3,845
10,2957
7,1875
3,1127
4,1504
10,36047
1,286
2,914
3,1206
4,1621
10,3333
1,356
10,13709
1,498
1,492
9,2210
3,1125
7,16994
10,3270
8,1886
5,2053
1,254
9,15504
5,5358
4,1468
10,3111
1,357
10,3421
1,512
1,444
10,2154
10,4033
1,12000
10,3540
10,3646
5,17739
1,355
5,5531
8,2961
3,1056
9,26028
2,637
2,623
1,515
1,427
10,2358
10,5391
1,464
8,2720
10,2089
7,2639
1,273
1,1166
5,15981
7,2551
9,28463
1,342
10,2472
1,430
10,3439
2,983
10,14569
1,387
10,8077
3,797
10,14070
1,346
4,3381
10,13075
2,1135
7,21605
1,337
6,2084
8,2620
10,3270
1,531
7,2675
1,491
6,2574
6,1963
7,23480
1,471
1,1619
1,509
5,1783
10,24914
1,453
9,3156
1,3866
4,1355
1,349
7,2138
1,559
10,2702
2,997
5,1883
5,1876
7,31823
1,456
5,2065
4,14517
2,980
8,5528
3,1151
6,1862
7,2102
7,1745
1,561
7,2512
1,531
9,2893
10,3121
4,9638
1,547
7,2659
1,454
1,632
1,504
10,4131
7,24942
1,528
3,1248
1,459
4,1103
1,256
4,1457
2,752
10,36737
1,463
4,1552
1,422
8,2799
1,342
7,2583
10,3071
1,571
8,2396
1,477
8,2929
1,252
1,535
10,3325
8,7635
1,430
8,2861
5,1883
10,3735
1,478
6,1970
6,1960
1,388
4,1516
1,370
6,2091
1,306
1,612
10,3376
1,541
1,488
1,601
5,1937
4,1589
1,306
10,8640
4,1387
1,291
10,5083
1,429
10,3196
1,259
1,464
9,6206
1,382
1,421
8,2590
1,493
7,2540
1,374
7,2772
3,996
1,279
10,5502
3,932
10,2340
1,327
1,422
5,1720
8,3495
7,5934
5,1590
10,3810
9,3064
1,373
3,1277
2,756
1,269
10,3705
7,1821
10,2083
1,251
1,448
8,2666
1,341
1,354
2,678
2,980
4,1302
1,371
3,1119
3,1102
1,315
3,1211
4,973
10,2941
1,321
1,512
10,4009
1,340
1,623
4,17869
1,479
6,2211
1,508
4,1581
10,7908
1,426
2,13083
10,2291
10,2454
1,349
8,2439
3,1351
1,552
1,366
1,832
10,3687
1,638
1,545
2,948
5,1611
1,407
7,13794
3,951
2,465
1,237
1,610
2,768
1,536
9,3001
8,2925
10,2567
3,1394
1,417
5,2000
5,48268
9,2392
6,8173
10,2232
1,494
2,819
1,385
3,913
1,338
1,358
7,4323
9,3222
3,1252
3,861
10,3424
4,1397
2,734
1,2008
10,3308
1,606
6,1697
1,359
10,2233
2,1329
1,349
10,144135
8,2699
2,819
3,875
7,2359
9,105467
6,1915
1,376
6,1656
1,451
9,1941
1,405
10,3384
1,837
1,465
3,4442
9,2798
1,535
3,1211
10,6375
1,352
1,301
1,271
7,2152
1,409
5,17774
1,515
10,2951
1,551
2,809
10,3407
1,574
5,2209
10,3635
5,1875
7,2271
5,2094
1,266
2,830
1,297
10,22307
2,899
10,3799
1,889
4,1424
2,1341
1,450
5,1823
10,7941
7,14577
1,338
10,3317
1,277
5,1573
1,241
10,16546
8,2918
7,2538
2,2533
6,2142
1,644
1,405
7,2457
10,11476
10,3199
1,475
10,3698
1,304
7,1505
1,258
10,3333
2,850
8,3260
2,913
8,2798
2,4577
1,344
4,1452
7,2450
1,310
5,1545
4,1939
1,444
10,3198
1,400
4,1535
6,1961
7,2747
2,836
8,2776
9,6262
1,559
10,3611
7,2653
1,671
1,499
8,2643
1,418
5,1510
1,250
1,587
7,2688
1,440
7,5432
9,3217
10,3156
1,469
7,8637
10,7292
4,1390
7,18499
10,11658
1,263
10,3527
1,354
8,19379
10,3667
1,271
8,3358
8,2752
1,464
1,376
10,3680
7,1776
1,581
2,661
5,1785
1,257
10,3412
6,1699
5,1715
2,4871
1,362
2,677
4,1497
3,968
1,433
9,3271
10,2377
5,1835
1,551
2,3391
10,2687
10,3274
9,2871
10,2979
2,649
1,393
9,11137
6,2056
7,2927
1,320
5,1962
10,3333
8,2894
1,391
1,2347
2,694
3,1075
5,1902
4,1209
8,3223
1,306
8,3602
1,459
1,632
1,347
4,1530
8,2964
1,553
8,16119
2,650
7,1544
5,1543
10,3402
2,620
4,1293
1,313
3,7289
2,2353
1,548
3,1351
1,595
4,1274
1,427
10,11399
6,2008
10,4235
5,1769
10,3364
6,2061
3,1044
1,345
8,5727
2,804
3,1427
4,1755
1,562
3,2963
2,1012
8,2548
4,1533
5,2936
8,11324
10,3315
6,2071
8,2728
1,381
1,605
2,713
8,3169
10,3381
1,515
10,2256
1,521
1,347
10,3626
8,2749
1,1516
1,363
6,2876
1,544
1,344
3,1260
7,2014
1,591
10,3160
1,556
10,2498
1,490
1,374
8,2870
3,1151
1,441
4,9553
10,5605
1,438
1,573
1,582
4,1020
1,629
10,3663
1,423
2,801
1,474
5,8833
1,370
10,3376
1,474
10,34388
4,6268
1,516
3,977
2,947
10,2533
1,626
10,5058
1,406
6,1626
1,448
1,358
7,2618
10,9846
1,398
5,2051
6,2240
10,3312
10,2270
8,2859
8,2371
1,379
7,2054
1,551
7,1848
1,441
1,402
5,1836
5,1516
1,412
2,15139
1,514
2,977
10,3160
4,4070
8,2786
1,527
10,13866
1,516
1,422
1,499
1,588
1,346
1,569
1,496
10,3061
1,396
4,1721
3,1137
8,2982
9,3423
1,553
6,3329
1,411
1,444
1,477
6,2839
10,10435
2,2434
1,427
3,1147
1,432
8,2784
10,2280
6,2166
8,2234
1,611
10,2588
1,319
1,303
8,2786
1,368
1,7040
3,1151
1,473
10,3262
1,465
9,3050
10,2290
9,3099
3,1303
1,410
3,1005
7,2395
1,250
2,891
4,1239
1,637
8,2688
2,767
10,6921
1,371
8,2597
7,2036
7,2298
6,1751
7,2636
10,3193
1,447
1,280
8,3030
10,3387
1,1683
6,1960
4,1363
6,1882
1,516
9,3027
7,1824
10,8430
2,983
1,8420
3,1133
8,4331
1,307
2,1088
1,10971
1,503
1,353
1,447
5,1610
1,436
6,6609
2,786
8,17047
1,491
8,2973
4,1431
1,502
1,274
9,3260
9,3325
1,542
1,610
2,858
6,2120
4,1400
8,2368
8,1917
2,900
1,552
6,10188
10,2583
2,756
1,258
3,1326
5,1749
1,394
1,573
1,485
7,2278
1,405
6,2286
7,2222
1,512
1,404
9,13873
10,2371
4,1521
1,260
10,3589
4,1261
4,2450
10,5537
10,3676
1,334
1,500
1,349
6,1277
1,455
10,2627
8,13846
7,1602
2,717
1,251
2,731
2,648
1,530
6,6015
4,18167
4,1407
1,401
2,692
5,7109
6,2761
1,282
10,3616
7,2039
3,1126
6,1754
8,2668
6,2074
1,566
7,2265
6,2024
4,1331
4,1383
1,431
10,7898
2,816
1,265
9,17413
6,1912
3,1353
7,1937
7,2512
8,2783
5,1863
10,3186
8,8055
1,412
3,1061
4,1437
10,3661
1,433
1,252
2,881
1,503
6,2436
2,726
1,536
1,491
10,3230
1,5049
6,1941
3,1001
3,1040
1,403
10,3574
4,1391
1,266
4,1353
1,268
2,891
5,1635
1,478
1,357
3,1317
6,35349
10,5258
1,526
4,1380
1,469
10,5563
1,434
1,286
1,509
1,233
9,13017
10,3089
2,816
1,529
2,850
1,425
4,1532
1,439
2,977
1,592
3,1248
1,506
1,246
2,1118
1,242
8,3380
10,3462
3,1108
2,728
5,1914
1,463
3,1153
3,1009
5,1772
1,570
4,1511
1,482
1,538
2,832
1,258
7,2494
4,2740
8,2778
4,1072
5,1889
4,1437
3,1208
3,900
5,1789
1,440
5,2113
1,504
1,281
7,1839
1,325
8,4192
3,1103
4,4557
6,2222
7,2685
1,374
5,1563
1,479
4,1330
2,741
1,453
1,618
1,443
8,2762
1,351
1,611
8,3621
6,2383
2,665
10,31238
1,476
5,4430
1,440
7,12535
1,439
1,445
1,529
6,1582
8,2316
1,290
1,631
10,7982
8,2748
8,3280
4,49243
1,477
10,3277
1,454
7,17885
1,382
1,398
1,607
6,1551
4,2479
1,382
1,584
5,1702
6,1904
9,7574
5,9698
5,1712
7,2922
1,523
8,2697
1,256
1,492
1,796
10,3472
8,3261
1,267
2,941
1,472
9,3086
10,3476
10,21595
1,387
4,1360
5,3173
10,37755
2,537
1,433
8,2902
9,2035
10,2500
6,1573
8,3018
2,790
7,2367
8,3156
7,2335
3,1180
7,7653
1,511
4,1491
1,381
1,505
2,1001
10,3143
10,3356
2,460
8,2933
2,904
8,5756
9,18279
4,2828
4,1506
1,358
5,1596
5,9895
1,466
1,593
7,2279
4,4955
3,1130
9,2899
5,1712
8,2919
1,430
1,370
1,548
3,1168
1,475
7,9355
1,503
8,2476
1,479
2,636
4,1047
1,426
10,3456
9,3247
7,18031
6,1968
1,634
2,1045
4,1545
1,385
10,13515
8,2407
9,2449
2,766
2,765
10,2851
1,679
10,3568
9,3139
1,423
1,392
1,616
2,762
5,1802
10,27905
7,35112
1,499
8,9858
1,408
9,2930
1,384
4,1341
10,12777
6,9681
8,2959
1,666
6,2183
1,1140
10,3090
1,462
10,49268
9,2656
8,2437
1,687
8,2221
9,2733
1,388
8,7201
8,2854
7,2245
1,519
1,545
5,1662
7,8245
4,1377
1,406
2,729
9,2029
1,411
3,894
10,2302
1,525
1,752
10,3233
1,369
2,854
1,492
7,2288
10,10360
5,1675
5,1723
4,1481
10,2306
2,739
8,2886
10,2879
1,400
4,3786
2,958
3,1483
4,1250
1,539
4,1793
10,3304
10,15025
4,1759
5,6088
2,796
6,1943
8,2613
10,2254
1,634
10,28943
5,1701
1,464
4,1296
4,1548
1,436
1,515
1,404
10,3120
5,1672
1,492
6,27415
1,532
9,2230
2,843
2,1140
1,489
10,11319
1,398
1,512
1,630
5,1755
1,461
2,811
4,1236
2,650
8,30846
1,538
1,537
1,387
4,1539
2,721
10,58351
1,333
1,582
8,38813
8,2586
1,378
1,515
5,1728
1,469
3,1126
6,2199
10,2885
1,500
1,584
4,1340
1,1037
1,516
1,833
1,18957
2,958
1,401
1,468
6,2054
7,2436
4,9365
10,2321
10,2417
6,1352
2,772
1,453
6,19760
1,420
1,623
3,1256
1,518
1,546
8,2288
5,1609
6,1455
6,9040
2,670
1,506
1,662
10,10170
1,452
1,483
1,606
1,483
9,39640
2,817
1,383
5,1749
3,21082
10,2596
10,22551
10,3051
1,271
1,460
4,1596
1,462
1,500
1,615
2,1004
1,523
5,1750
6,1979
8,2713
10,18179
8,1823
3,18329
10,2594
1,259
6,1774
6,2551
1,517
1,539
2,680
2,804
3,8841
8,2826
8,4377
3,1086
6,1798
10,2338
4,16049
9,2215
1,261
6,1991
8,5250
1,645
1,535
1,772
1,452
10,8314
4,1539
1,412
2,640
1,2479
9,3197
4,17569
4,1747
1,259
6,1553
7,2380
1,511
4,1357
2,723
2,641
5,8311
9,3577
2,820
1,330
1,411
3,1124
3,20177
10,5726
1,277
10,3653
1,483
1,531
1,445
8,2694
8,2761
6,6500
2,706
1,457
9,2878
1,408
10,3241
2,899
10,4202
8,1831
2,637
10,4205
1,651
3,1015
2,820
8,2772
1,410
1,558
2,745
10,3163
1,429
4,1729
5,1893
8,2004
1,380
4,1379
1,1493
8,1917
2,747
10,3485
9,1974
1,429
2,783
2,795
5,10029
7,2437
10,3292
5,1642
6,2320
1,679
10,3521
4,4008
1,353
1,435
8,2888
10,2487
1,395
5,1907
4,1356
10,39088
1,340
1,717
10,3268
1,500
1,312
10,3252
1,738
1,269
3,7452
8,2736
10,3148
1,397
10,3275
5,2568
1,417
1,392
1,415
7,2351
1,247
1,272
4,1465
6,2062
2,585
1,416
10,2323
8,2468
1,379
8,2558
9,3001
1,458
1,466
1,277
7,9028
1,253
2,793
8,2915
1,388
8,2697
10,6309
8,2124
1,393
7,2484
1,427
8,2618
1,473
1,385
1,309
4,1350
1,301
1,541
6,1946
1,518
7,1659
10,10103
2,693
10,2710
1,385
6,2037
3,1073
1,508
1,411
1,291
8,17606
1,299
7,1961
9,3023
1,412
8,2970
5,1660
1,479
6,1979
4,2326
1,489
5,1777
1,413
1,400
1,364
10,28166
1,420
10,3745
4,1093
1,339
10,2410
7,2277
10,3382
6,1443
1,556
1,490
8,2482
1,406
1,452
1,264
8,2727
1,374
2,571
10,2616
1,456
2,810
7,2352
6,1327
10,2856
1,416
8,2640
7,2280
1,450
1,449
1,237
5,1598
1,304
8,2030
4,1587
4,1353
8,1984
9,4359
10,2250
2,592
2,990
1,477
1,390
1,687
1,471
1,265
4,1463
1,325
10,3390
10,2157
1,414
3,1408
4,1330
10,2098
10,2531
1,629
1,437
1,460
1,404
2,637
1,298
2,857
1,411
3,1267
1,553
3,1094
2,849
8,2800
9,1958
9,2233
8,2678
1,480
1,487
7,3166
8,2737
6,1422
1,470
4,1626
10,3645
10,2646
1,401
7,1840
1,458
10,2213
4,1458
6,7482
6,2217
3,1130
1,460
4,1193
9,3045
1,461
9,2147
9,3078
6,1924
2,736
6,1301
1,490
10,3037
10,3094
8,4669
1,2941
4,1410
1,466
6,1741
5,1098
1,619
10,2365
5,1915
10,3292
3,25604
6,1469
2,793
10,3137
4,1086
6,2131
1,503
8,2536
2,644
9,2814
10,3009
1,333
10,2380
10,4029
1,393
5,1935
10,2215
2,894
4,1069
8,2209
8,2615
1,426
8,2694
4,1691
8,9383
4,991
1,291
7,1775
8,3490
1,304
7,6851
10,2392
8,2714
1,481
1,447
9,3145
1,437
9,2891
8,3169
9,2859
1,588
1,449
10,2400
7,2446
5,2301
7,2227
2,704
2,850
1,265
1,276
10,7446
3,1331
6,1665
8,3328
8,2684
10,2605
1,480
1,377
5,5366
1,883
10,27055
4,1177
7,2336
1,359
1,289
2,805
2,857
9,3049
6,2119
6,2153
5,1653
1,394
3,778
3,4915
1,370
10,27222
3,1120
9,3056
1,248
1,390
4,1934
4,1526
10,3391
9,3324
2,674
10,2707
1,397
2,671
9,18673
1,258
5,41229
10,2391
2,887
1,243
1,396
1,4050
4,1542
7,2342
10,3540
1,445
2,657
1,386
7,1730
10,24685
1,279
4,1570
4,5642
8,2826
1,243
1,470
2,983
8,2816
1,632
8,2733
4,1760
2,1059
1,502
8,2109
1,642
1,577
5,1734
10,2970
2,794
1,496
1,380
2,930
8,5581
1,474
6,2340
2,954
1,541
1,312
2,524
2,10944
1,645
1,542
8,1865
1,425
1,397
1,290
9,3106
7,2505
1,518
1,556
8,2250
7,1797
2,842
10,3763
8,16839
1,479
8,2734
9,2196
10,3342
1,311
1,319
10,3753
8,2733
6,1983
2,2309
7,2344
8,2422
5,1755
8,2919
1,1182
1,549
2,823
1,395
1,459
1,300
1,244
10,3945
10,6487
1,496
4,1741
4,955
8,1985
8,7934
8,2758
1,1305
5,1458
1,626
1,271
1,483
7,1898
6,1434
8,2319
6,2274
1,628
2,928
10,3182
10,2432
6,4239
3,1104
1,1108
1,459
2,963
1,274
8,2497
1,360
9,3097
10,2681
1,664
1,505
3,1440
9,3026
8,1842
9,3819
2,840
2,7448
7,1948
8,2686
1,260
3,1126
6,1701
5,1064
1,450
2,1157
1,331
10,2154
8,2518
9,3075
8,2998
10,20557
1,610
2,972
2,694
1,278
1,559
3,1118
4,869
1,380
7,3255
2,659
2,898
10,2670
3,1150
2,1684
10,19930
1,714
8,2249
5,2159
1,265
1,535
10,2661
10,3082
1,460
2,781
1,448
8,2986
3,1325
10,7602
3,1081
8,2651
1,1166
10,3715
2,1613
1,247
1,494
9,3110
4,1401
8,2601
2,518
4,4389
10,3758
1,366
10,3519
5,2721
2,864
1,559
9,3740
6,2103
1,362
1,405
10,2550
1,440
1,493
9,3383
1,362
8,9633
6,1467
1,686
4,2084
3,1192
10,2468
10,6869
8,2691
1,386
8,2710
4,1194
5,1413
1,556
10,3904
1,415
7,1789
2,554
1,622
3,1098
1,431
1,570
3,1292
8,6762
1,296
1,5859
10,2334
6,1916
1,378
8,2864
1,411
10,2940
1,479
1,586
7,2573
1,394
2,1194
8,3934
5,1742
1,464
1,427
2,589
10,2089
1,485
10,2789
1,389
8,1708
1,343
1,481
1,663
1,333
2,2370
3,1303
2,1058
10,3130
1,511
7,1683
2,552
8,2589
3,1151
2,660
1,429
1,415
1,449
1,505
1,427
1,499
5,1364
9,17783
10,3080
1,526
8,2153
10,2454
1,394
8,1876
9,1926
2,781
1,347
1,461
2,760
1,402
2,986
3,1558
1,426
10,2317
1,488
10,3299
1,286
1,541
8,2285
2,683
1,428
1,363
1,439
7,2112
1,504
1,612
10,3961
8,2632
10,2843
2,864
10,2624
7,2375
1,476
1,367
10,3235
1,342
1,355
1,488
4,1561
1,363
5,2150
2,966
4,3573
10,2928
4,1737
8,1918
2,687
2,772
1,463
4,1357
1,338
1,278
1,564
8,2853
1,567
10,8076
5,1997
1,421
6,1549
6,2502
10,3951
10,2680
1,368
1,342
9,3257
1,277
1,242
1,748
6,1976
1,4196
8,2677
10,4130
1,495
1,259
9,3300
10,3508
8,2534
1,440
1,427
8,1842
1,305
1,256
3,1569
8,2905
1,724
10,11462
7,2521
1,476
7,1869
6,1851
10,3416
8,2510
9,2308
1,340
8,2665
1,483
1,277
5,2014
8,3198
7,2532
8,3520
10,3321
1,383
8,2185
9,3128
3,1004
9,6661
6,2307
1,521
6,2289
1,430
1,333
1,496
10,3685
5,1884
8,2708
7,5797
1,398
2,836
8,2620
1,625
10,3237
10,2497
2,520
1,393
1,405
6,2119
10,3327
9,8130
10,3379
5,1940
10,3431
1,356
10,3812
8,2705
2,744
3,1026
2,754
1,487
1,382
1,369
6,2207
2,863
6,2249
8,3004
5,1391
1,685
1,518
4,1536
6,2079
1,324
8,3689
10,2888
1,505
4,898
1,478
10,2560
7,2405
1,651
4,3973
10,2463
2,2723
1,497
9,3116
4,1652
1,463
1,465
10,4016
1,349
6,2014
6,1636
10,2147
8,2877
2,977
8,2741
10,3553
1,541
1,475
10,3462
2,1053
1,488
1,454
10,3441
1,387
6,1568
10,3253
9,1981
7,34739
4,7710
5,1797
10,3125
1,649
1,1161
3,1046
4,1537
1,413
2,694
4,1288
1,374
2,533
2,608
4,1514
3,11665
1,520
2,826
10,6939
1,719
1,476
10,2831
2,855
1,420
1,402
8,2019
1,423
10,2644
10,2132
10,3394
9,11118
1,432
6,3642
10,3146
1,478
1,533
8,2927
8,1925
1,414
1,459
2,726
10,3192
9,2145
9,2533
4,985
5,20265
1,478
2,865
5,1287
1,524
2,766
5,1926
2,578
1,506
1,401
1,292
6,1658
6,1226
10,3990
10,7615
2,942
1,484
2,958
10,2238
1,622
4,1532
1,515
2,700
1,583
1,359
1,285
10,2054
4,1404
4,1432
10,2226
2,600
1,534
2,1203
4,1412
1,493
8,2954
1,487
10,2276
4,1312
1,325
7,1975
2,554
10,3261
10,3388
1,368
2,863
1,472
4,1539
1,548
1,507
6,1874
1,426
8,2844
1,450
1,255
10,2538
10,2178
10,3292
8,1930
10,2636
2,600
1,370
2,592
1,453
1,557
6,2927
1,395
8,2805
3,1235
1,441
8,3284
9,2633
4,1492
6,1365
10,2324
2,817
1,403
5,1670
1,472
5,1944
9,3216
1,464
9,2113
8,7103
1,456
9,2953
10,3221
8,1709
9,2547
10,2086
8,2080
2,1389
3,1165
1,358
2,983
9,3047
1,502
2,772
6,5676
3,885
9,2520
4,1120
1,390
10,2167
9,1864
5,1889
1,270
10,4754
1,319
2,831
8,2693
1,494
8,2036
10,11677
5,1799
10,2547
8,2015
1,310
4,836
10,2945
3,1547
1,421
10,3160
1,288
2,1018
6,2129
1,602
8,2394
7,2356
2,822
10,2298
1,422
1,320
10,2920
10,3318
10,3669
2,1088
8,2755
1,358
2,831
4,1463
1,640
1,416
10,11776
7,2519
1,370
2,528
1,261
10,2507
1,526
10,3792
1,576
8,2886
1,424
3,1388
1,391
5,1802
1,410
10,3343
5,1739
1,404
7,1724
1,245
10,3260
1,430
8,2786
2,877
6,2080
1,555
3,1234
4,1343
1,371
2,638
2,1580
8,8671
3,1192
10,3329
1,289
4,1660
1,537
8,15258
2,586
8,3015
1,344
10,3844
7,2536
2,810
1,446
2,1012
8,2805
1,318
10,2523
1,440
1,378
1,483
8,2791
10,2980
5,1854
1,442
8,3026
2,970
8,2587
1,435
2,945
10,3462
1,241
9,2577
1,275
6,2241
1,299
5,1815
8,2595
7,2644
6,1806
8,2966
1,483
10,6143
1,368
5,1963
7,26549
1,255
8,2591
1,264
1,502
1,282
7,2308
8,1894
1,595
3,1045
8,2514
3,1621
10,9199
1,362
3,1120
3,971
1,400
10,2666
1,252
1,578
1,275
1,486
9,1907
5,2121
7,2645
8,3013
2,751
9,12325
1,359
6,1866
2,758
2,626
3,1269
5,1518
1,399
1,250
1,437
8,2042
1,473
3,987
7,2321
9,3450
10,3483
1,407
10,3301
2,732
1,343
10,3088
9,2640
1,539
1,248
1,727
8,2612
1,636
10,2783
5,1692
4,1537
2,620
1,389
10,6924
2,883
1,351
1,433
5,1011
1,514
1,244
1,723
10,2536
1,451
4,1565
5,1415
8,2674
1,486
1,332
8,2993
8,2803
1,538
1,405
7,2254
1,323
2,546
1,587
1,435
1,525
9,3354
5,1229
9,2230
2,841
1,407
10,3318
2,887
1,331
1,433
10,3244
1,314
1,383
1,632
6,1516
1,655
7,2231
5,1253
9,2922
2,614
1,606
8,6732
2,911
8,2046
1,350
10,2396
1,312
7,1603
1,548
2,697
1,531
7,2453
10,3644
8,2562
2,793
6,1617
5,5544
5,2034
7,1838
1,493
10,3164
1,685
8,3081
1,610
10,3636
1,338
6,19335
5,1768
1,551
2,2516
10,3355
4,1392
3,1147
4,1229
1,349
1,273
1,462
10,2143
1,500
10,3014
1,457
1,595
10,3041
6,2277
2,849
10,2302
7,2333
10,3649
2,665
1,518
3,1122
2,843
8,2757
1,530
9,2319
1,531
1,556
5,2097
1,584
6,2085
9,1961
1,442
10,4297
8,2601
1,12643
2,558
7,2388
10,3370
5,1542
10,3034
5,2129
3,106117
5,1326
1,421
3,879
10,3265
1,519
8,2681
10,3373
1,474
5,1114
2,619
3,1225
5,1358
10,3131
5,18396
2,1007
5,1310
1,428
8,2630
4,1356
1,576
8,2675
3,1125
1,318
1,363
8,2433
10,3672
5,1347
4,1849
10,3221
1,558
1,409
1,335
8,3646
10,2957
1,430
5,1701
10,12200
2,587
7,1598
10,3172
9,11029
10,2512
8,2351
10,3256
6,2087
10,2334
1,607
8,2466
10,3684
1,366
8,2382
6,2115
10,3256
2,667
8,2156
2,791
10,2890
1,555
10,2898
7,2535
1,268
1,337
8,2815
1,543
1,556
7,2214
8,2704
6,1501
8,2230
10,3453
8,2827
5,2426
1,280
5,1226
1,484
1,593
1,281
8,3002
9,2280
1,583
1,517
1,1166
8,1802
5,1688
3,1096
10,3413
5,1403
1,349
10,2037
5,1771
8,2376
1,363
4,1648
10,2494
1,477
1,503
1,680
2,813
8,2625
10,2530
10,3204
10,2346
1,394
2,737
6,1984
1,734
1,290
7,2700
10,3042
1,438
1,428
4,1625
10,2854
9,6928
8,3380
7,9777
5,1396
1,401
4,1116
2,629
1,406
1,293
2,694
7,1693
1,303
1,300
8,3071
8,1792
10,5773
3,1183
10,10202
6,1683
1,296
3,1009
4,3999
1,378
1,298
8,4041
9,1935
10,3525
1,339
9,19048
2,617
10,3856
5,1887
10,3282
1,400
1,243
10,3575
5,4488
1,419
1,491
5,1863
10,2546
5,1461
1,457
2,20152
4,1044
3,890
10,3492
2,10958
4,1124
1,235
4,1741
3,4860
1,433
6,2201
1,672
1,304
10,3398
1,456
10,16776
10,10324
8,2578
3,922
10,3525
3,798
1,242
6,1718
1,421
1,309
6,1787
1,326
10,2304
10,3536
1,516
10,19218
8,2588
1,668
8,2742
3,1449
7,2228
1,236
10,2959
1,539
1,307
10,2436
1,365
3,770
10,2825
1,513
9,16409
1,750
1,603
7,2468
1,747
4,1408
1,400
8,2581
1,526
2,880
10,2446
1,316
1,490
5,1614
1,300
1,660
2,7393
1,390
10,3507
1,622
10,3243
6,1443
10,3222
5,1788
4,1729
9,2218
1,272
1,279
10,2435
5,1324
10,3849
4,4695
2,862
10,11510
1,710
4,1024
9,2097
7,2289
1,364
7,1869
10,2880
1,326
1,301
1,438
5,1402
1,448
10,6225
1,566
5,2104
1,523
6,2522
5,1153
6,1935
2,861
4,1222
10,3738
1,382
1,339
4,1515
5,1280
1,641
8,2994
1,670
7,2357
1,447
9,10748
10,2543
4,1585
5,1895
10,2927
4,1570
1,466
1,539
3,908
10,3248
2,792
8,2871
1,486
2,678
1,368
10,7969
7,2310
6,2095
8,2746
10,3195
4,1505
1,411
1,312
4,994
10,2650
1,689
9,3596
1,414
1,448
1,338
7,3140
4,1507
1,605
1,753
6,7072
10,2444
1,534
1,354
3,1157
5,1720
6,2225
9,27430
1,459
1,493
1,306
3,1156
9,3003
2,1011
1,537
6,3229
2,652
5,1796
1,370
10,2960
5,1272
1,11936
1,577
1,466
1,507
1,388
6,2131
1,374
1,612
2,829
3,1220
6,1293
10,3353
1,282
9,3446
5,1220
1,692
2,985
1,474
1,494
1,433
1,736
5,1185
1,575
2,724
6,2045
5,1177
10,3658
1,290
10,3538
10,2601
1,656
10,3838
7,2561
1,681
2,905
1,960
3,990
2,861
4,1477
4,1713
7,2247
10,3224
2,654
10,3209
4,1013
1,590
1,457
5,1869
1,489
2,965
1,640
8,2235
1,576
1,2247
2,881
4,1522
10,3236
1,390
7,2370
1,406
1,750
1,1095
3,1319
1,445
2,785
1,663
2,813
8,7777
7,2784
2,849
10,3329
10,2978
8,1905
6,1714
3,1065
1,529
6,6843
4,1497
1,470
3,1177
2,795
7,1996
1,643
4,4853
2,646
8,2241
2,583
10,3550
6,2166
4,1056
10,2452
1,596
10,3742
1,416
5,1510
1,21861
2,451
1,423
8,3856
2,836
10,3375
7,1729
8,2797
7,2507
7,1966
2,899
1,679
10,3529
1,1411
10,3516
1,525
2,979
5,1999
1,1213
1,473
5,1152
7,1951
10,3559
1,581
6,2149
2,865
1,659
8,7577
2,822
8,2742
2,697
10,2495
5,1448
4,1607
6,1964
3,807
10,3198
9,3060
1,547
10,14921
4,1353
1,616
5,1803
2,808
10,3190
2,676
8,2877
1,368
7,8728
8,2737
1,463
4,1501
10,3318
1,516
6,13181
2,1083
1,624
6,2182
2,802
8,2468
1,649
8,2484
5,1707
8,2765
1,516
1,355
6,1490
10,3198
1,612
9,8560
3,1165
1,772
2,909
2,750
8,2603
6,2118
10,3605
1,552
1,570
1,410
1,415
10,13992
1,1253
1,403
3,3727
10,3560
3,1106
2,970
5,1661
5,1557
1,360
8,1848
6,53902
6,2322
5,25913
1,249
8,2865
5,1856
1,454
10,24630
8,3131
1,600
2,1003
3,1019
7,1770
1,498
3,725
1,720
2,802
4,1422
1,248
10,4231
10,6825
1,528
6,7975
8,2825
1,498
2,803
10,3002
10,2651
1,6172
10,15233
1,3514
3,1026
3,1043
1,250
3,1236
8,3893
1,346
7,29653
6,2862
4,1486
2,868
10,3206
10,2736
1,475
1,770
1,620
5,1829
3,1280
1,263
3,1230
4,1552
1,514
4,1491
8,2858
2,1241
2,656
8,3035
10,2457
6,2076
1,313
1,608
1,407
1,491
1,251
6,2114
9,3146
5,3615
1,585
7,2436
2,789
3,1119
8,2628
10,2668
8,2347
1,551
5,1706
1,632
1,502
1,360
4,1506
5,1402
1,358
1,2393
1,550
2,975
5,1509
8,2812
10,3197
4,2398
1,361
5,1783
1,592
1,534
1,268
1,450
9,5414
1,516
1,645
10,2423
7,2180
10,3367
5,1781
10,3409
4,1662
1,500
4,1415
1,559
1,501
2,563
2,853
8,15852
2,832
1,699
10,3247
6,3022
10,3146
7,2279
10,3156
1,461
1,637
3,1059
4,1448
1,573
1,391
1,3000
2,8836
7,11223
1,476
10,3077
10,6409
8,1873
5,1553
1,456
4,1827
1,773
2,3052
4,1495
7,2319
7,1609
1,570
1,609
1,486
1,430
9,2847
8,2725
8,2738
5,1711
1,354
2,777
1,953
7,2380
6,1893
1,533
8,2594
1,486
2,5235
5,1684
1,533
10,3092
8,11818
8,2707
5,1305
1,282
2,769
3,1518
7,2458
1,356
4,1378
10,2244
1,343
6,3047
8,8268
1,636
10,3357
8,2553
8,2744
10,3206
1,291
1,499
1,489
4,1325
1,517
2,874
8,1927
1,518
1,739
5,1835
1,575
1,395
6,1960
1,530
5,1709
1,272
4,1412
1,403
5,17827
2,837
1,435
10,3185
5,1846
1,395
3,939
1,510
1,431
4,1329
7,2445
10,3759
1,380
4,19480
5,1859
7,5259
1,375
1,1163
9,2870
1,384
1,713
2,904
2,901
10,2503
1,418
1,443
10,3094
1,304
7,4400
7,2292
4,1596
6,2194
5,1576
10,3237
1,429
1,1319
1,365
2,805
1,472
10,3197
1,345
10,3311
1,337
4,6118
8,2717
8,9466
1,365
3,1043
3,5999
1,459
1,558
5,1839
2,865
1,381
10,2838
3,956
5,1863
1,277
8,2768
4,1314
5,1763
6,2259
1,366
2,940
1,417
2,2145
2,844
4,1467
1,293
10,3306
1,436
5,2064
1,270
7,59970
10,3426
4,1440
8,6476
1,374
10,3092
1,412
1,511
2,664
1,343
1,314
10,3018
1,433
1,618
1,373
2,751
2,1043
6,1959
3,1213
4,4474
1,546
6,2503
1,544
7,2505
4,3871
1,372
9,7279
1,413
1,515
4,1170
4,4633
7,2229
2,659
8,2738
2,35410
3,1142
1,333
1,461
4,1356
5,1525
1,335
10,2518
1,329
1,403
3,1032
8,9913
5,2269
3,1002
9,12143
7,3005
4,1375
7,2555
1,578
4,1673
4,4657
1,464
1,456
1,369
1,443
7,1753
3,1157
6,2131
5,3326
4,1860
4,1396
7,2410
5,1968
1,513
7,4882
4,1270
3,1121
1,307
1,602
1,402
4,1330
1,959
2,831
1,606
1,610
5,1694
9,2991
4,1709
2,886
5,1681
8,17170
1,261
10,3454
1,308
1,399
10,3619
7,50474
3,29885
2,1692
4,1302
4,1381
10,3287
2,1725
2,963
7,9875
1,360
7,2146
1,351
10,2832
1,404
10,5741
1,1305
4,3952
1,421
1,523
5,1655
7,6708
3,3111
5,1900
8,2789
4,1854
4,871
1,255
5,1379
1,329
9,3113
6,7063
2,987
1,612
4,1355
2,707
8,2411
1,576
3,1121
5,1864
2,794
4,1052
1,345
5,1136
1,299
6,1678
1,481
2,872
1,593
1,624
3,5390
3,1788
5,12944
10,3354
2,1213
3,1646
10,2614
1,399
10,2369
1,389
7,2287
1,500
2,1031
3,1307
1,544
2,652
6,6822
2,622
10,3835
4,2966
1,507
10,2860
1,518
10,5568
1,357
3,1157
2,945
6,2057
1,589
1,502
1,1756
1,1054
2,630
8,2774
5,2072
2,1870
6,2133
1,542
5,1996
3,818
6,7896
6,2054
3,1386
4,1519
1,546
8,38805
1,631
1,391
10,3906
6,2248
2,930
6,5357
1,363
10,2735
4,1408
1,428
1,339
6,2158
1,441
1,374
8,85052
1,743
4,1594
8,2638
3,1119
5,1795
10,7907
1,649
5,1506
4,1696
1,482
4,1623
10,3384
2,723
6,1912
4,1480
1,1239
4,1503
5,2014
1,416
4,9416
6,1688
10,2249
3,1051
10,4016
5,1648
2,663
8,6986
1,504
1,388
3,1899
2,996
7,37414
7,1737
1,454
7,2788
4,1599
2,1285
8,2121
6,20778
1,514
3,1027
8,2744
1,518
3,1019
7,107147
1,416
7,32827
1,489
5,5871
7,2437
1,585
3,1017
4,1040
9,6724
6,2083
4,4467
8,2372
1,427
3,1711
4,1452
1,497
4,1337
5,1865
1,578
8,3116
1,392
4,1580
7,2582
7,4793
7,2471
1,374
8,10865
1,494
1,418
3,1217
1,598
6,2063
10,2317
1,603
7,2504
2,918
10,3400
4,1130
6,2471
6,2442
2,886
4,1557
6,2306
1,651
1,387
1,641
2,694
9,3002
2,1049
4,1438
1,7877
6,1825
10,2833
10,8003
5,1740
1,338
7,2731
4,1394
5,1855
6,1903
1,513
7,41261
10,3361
1,557
4,13956
7,2456
10,3172
6,1444
6,2106
3,1174
1,387
2,996
3,1132
1,413
4,1480
1,269
8,2823
10,2696
1,554
4,1578
4,1368
8,4538
10,12002
4,1538
5,1878
5,1687
1,417
1,563
1,474
1,394
2,822
3,1118
5,1799
1,411
6,2300
2,669
7,2509
2,740
1,479
4,1322
1,495
1,500
8,2668
1,522
2,676
2,1285
5,2346
10,3370
1,623
4,1350
6,1925
6,2196
7,2424
1,507
1,553
1,483
1,335
1,448
3,1152
6,2456
3,1283
1,513
10,2388
3,1066
2,5015
1,509
4,1999
6,2630
2,771
1,523
3,37379
1,522
1,686
1,346
6,2848
6,2447
1,737
1,472
1,364
3,1196
5,1644
1,644
3,1309
2,729
1,1571
8,3000
1,476
6,2314
6,1904
1,634
10,3657
2,21884
1,509
4,1422
8,12018
1,364
2,829
1,525
2,647
1,423
1,464
1,292
6,6058
3,1178
8,5485
10,3570
8,64525
1,618
1,424
1,373
8,5188
6,2124
6,2199
2,851
2,843
1,483
1,268
3,1094
2,877
1,570
8,3464
7,2403
1,488
6,2379
2,1058
1,506
1,509
4,1523
7,2324
1,409
6,2027
1,241
9,13643
3,5119
3,1067
10,3200
4,55485
1,438
6,2205
1,653
1,535
6,2202
1,23415
8,3050
1,362
3,1163
1,385
4,1451
4,1543
1,389
8,3011
3,1000
1,373
1,532
1,408
1,540
5,1711
1,815
6,2316
5,1690
8,2743
5,3796
4,1580
5,1715
6,4285
4,6415
1,446
1,333
3,2708
3,1183
1,429
5,1882
1,910
5,9370
1,368
1,456
1,529
1,745
5,1901
9,4349
7,10931
4,1776
1,400
4,1494
1,358
4,1223
1,463
1,464
4,1368
1,538
9,60007
5,1657
3,1253
5,1922
1,671
10,16315
4,71623
1,301
1,2841
1,6971
1,504
8,2912
1,462
1,506
1,609
9,3129
10,2714
4,2212
6,2275
1,1075
5,2066
1,510
1,647
2,899
1,567
4,1419
4,1338
1,494
1,596
1,403
1,501
10,3144
3,1388
2,837
1,580
5,1281
1,428
1,521
1,578
1,466
2,686
1,496
1,536
7,2408
2,696
1,510
5,1234
1,753
2,910
4,1518
10,2450
1,397
4,1191
4,1290
4,1304
1,425
1,507
1,364
1,425
2,691
1,511
10,2881
2,1012
4,2511
1,394
10,3506
1,617
3,1453
3,1325
6,1328
1,1947
1,557
1,482
1,370
3,6167
4,1467
10,2696
5,1767
5,10676
1,463
10,2198
1,415
7,2014
9,3296
1,548
5,1827
1,551
1,359
1,670
1,777
1,570
5,1582
6,2187
1,512
1,570
5,2072
1,445
3,1238
8,2536
1,489
1,516
1,494
2,850
3,1172
1,514
1,602
2,771
2,705
1,605
7,2460
5,1949
1,472
4,1446
6,5705
2,656
5,1813
1,446
2,980
1,751
1,426
4,1554
10,3319
1,589
3,1068
1,482
10,3462
1,414
9,3047
4,1646
3,13107
3,1011
1,436
1,524
1,615
3,943
3,988
3,956
3,1205
2,834
1,363
1,571
6,2062
10,7255
1,596
1,784
2,970
1,358
4,1446
1,443
7,2457
5,1829
4,1015
3,1240
2,760
1,655
1,556
3,982
7,2370
4,1789
6,2484
2,755
1,502
7,28225
5,1654
4,4903
4,1223
6,4078
6,2277
2,630
3,1298
1,542
1,350
6,1983
3,1471
8,3263
2,691
1,471
6,1896
4,4954
7,2276
2,953
10,7442
2,719
4,1550
4,1366
1,516
3,974
3,1198
3,1390
8,10507
7,2316
5,1764
5,1798
1,364
7,2316
2,828
10,3492
6,7499
7,2655
3,5327
1,402
1,299
7,3595
5,1934
2,904
7,2510
5,2427
2,784
1,489
4,2277
5,1675
7,2485
5,1402
8,20222
2,1158
1,537
1,472
6,2581
2,770
1,400
6,2189
2,829
3,28459
2,1037
5,1951
1,529
10,3270
4,2032
4,16683
2,770
1,431
2,757
2,1262
3,1439
6,38711
4,1740
3,1169
1,500
1,584
2,1072
6,2280
8,2675
5,4883
6,14487
3,978
1,401
1,555
2,1073
1,598
4,1723
8,6096
4,1541
1,446
2,2436
2,737
2,851
6,2039
1,522
7,14862
6,2063
1,287
8,2661
1,37507
6,2208
1,688
2,28897
4,1438
2,1000
2,689
6,7876
3,994
4,1402
6,2927
6,2323
1,330
1,420
3,1200
8,2657
1,710
1,442
8,3038
4,1498
4,2084
4,1523
8,4037
5,1889
1,843
1,379
8,2406
1,549
2,751
9,5087
5,1734
6,3815
9,22374
2,4289
7,10541
5,16741
5,2082
3,9836
5,1734
1,610
5,5627
1,576
6,2083
4,1371
8,11274
6,49256
3,1182
1,684
1,593
5,14190
5,19938
2,705
4,6322
6,1960
1,529
1,486
6,1721
6,3403
3,1015
1,604
5,9770
2,2328
2,2944
4,11800
7,2326
2,627
4,1380
1,317
5,2407
1,508
1,498
1,475
3,1261
7,2578
4,1639
1,721
3,1219
6,7537
3,991
7,2575
7,2649
7,6769
5,17425
5,2167
1,582
1,553
1,480
5,1879
10,2964
1,662
4,1412
5,2105
1,569
5,1584
4,1406
4,1590
7,17389
4,1335
1,529
1,522
4,1805
2,1088
5,1819
3,1070
4,1508
1,510
5,9184
4,1745
3,1289
4,8917
8,2790
8,5970
3,1131
1,581
2,1645
3,1223
1,431
4,1430
10,3040
3,4404
6,21254
5,2006
5,1968
4,17624
6,2448
8,2856
5,32148
1,458
7,4874
2,901
2,852
5,1737
1,494
8,2946
3,1171
1,424
4,2255
6,2109
4,1470
3,5348
2,670
2,761
4,1229
1,519
1,653
1,394
1,544
5,1932
6,1237
5,1711
1,559
1,464
2,914
6,2007
2,867
7,24782
3,2267
1,374
3,1263
1,498
1,598
1,358
3,1129
7,2493
2,694
1,447
1,562
6,2119
3,993
5,1833
1,476
4,39567
8,43290
1,361
1,75954
4,1778
4,1389
2,716
3,1175
1,458
1,1027
5,1931
2,675
3,984
5,1944
1,379
6,49439
2,683
2,865
8,4712
4,1463
1,488
3,3092
7,2482
6,2153
1,453
1,482
1,355
1,450
3,1076
4,49684
3,1880
4,1452
1,621
6,4019
1,499
1,413
5,1739
1,542
1,335
1,479
6,7014
1,770
1,402
2,964
1,350
4,1910
6,5995
5,3068
4,1273
5,1752
1,315
4,2179
6,1906
3,899
1,427
1,608
3,1192
2,881
3,1431
3,8103
6,2477
6,32427
2,721
7,9668
1,527
1,364
3,979
2,808
6,2012
5,1731
1,694
6,2289
6,2108
4,1358
2,688
3,1406
1,11982
4,2002
4,1382
1,640
1,456
1,358
2,541
2,697
1,426
3,1114
5,2157
6,1519
1,571
5,1575
4,4958
3,11588
1,1477
1,370
1,554
4,1582
2,489
1,446
2,884
1,363
2,655
2,999
7,2610
4,1934
7,58760
1,816
6,12025
1,424
5,1632
2,877
4,1301
4,983
8,2592
3,1028
5,1644
1,692
4,1701
3,1314
6,2236
2,644
2,2257
3,11875
1,655
1,355
1,256
3,1173
3,1254
6,16065
5,1714
2,602
1,519
5,1579
9,3059
1,589
1,324
9,14877
9,38525
1,413
5,2011
3,1180
8,3000
2,1046
5,1977
5,1697
2,932
1,486
1,617
1,823
1,514
4,1246
1,36009
8,15719
2,651
4,1341
6,2149
6,1734
6,2010
3,6031
4,1526
1,510
1,548
6,2360
8,14992
2,803
3,1271
9,37082
4,3156
1,501
1,550
2,1081
6,2321
7,2934
4,1425
5,1862
4,1401
1,547
5,2530
1,655
6,2145
4,1413
6,17884
1,478
1,409
2,880
7,2746
10,3467
6,2477
4,1426
2,850
7,2409
5,1494
1,377
5,1972
8,2869
1,18890
2,760
1,469
4,1542
1,445
6,5723
7,2035
7,2604
1,302
6,2083
4,1411
4,1015
2,1205
4,1430
6,1871
1,476
6,1953
1,364
2,952
5,1666
4,5511
6,1989
6,1934
1,481
5,1660
2,790
1,585
1,569
5,1890
2,623
6,35459
8,2673
1,506
6,2375
2,684
7,8472
2,688
1,392
1,509
1,511
4,1415
6,2392
1,542
1,626
1,488
1,2883
1,486
2,746
8,2854
2,789
8,2644
4,1523
1,312
1,455
1,597
7,2577
1,585
1,664
1,17306
3,1125
1,609
1,425
4,1381
6,2064
4,1466
1,464
4,1072
1,411
1,505
2,711
8,2662
4,13799
1,627
3,1193
1,528
8,2631
3,1133
3,1040
7,2679
5,1697
5,2186
2,802
1,490
1,340
1,410
8,2853
2,917
3,1267
1,352
8,2524
1,473
1,436
1,474
6,2184
2,700
4,1030
2,827
4,1275
5,1467
3,1341
2,2352
4,1580
1,387
4,1394
1,371
1,474
1,589
2,799
2,984
7,2488
4,1132
4,986
8,2950
4,1392
1,375
4,19431
2,1290
1,696
1,690
1,509
6,1914
1,667
5,2083
8,8558
4,1505
3,1568
10,2994
1,764
3,1006
2,682
6,2063
6,1602
1,694
1,679
9,3140
1,651
4,1449
3,889
2,910
7,10994
6,2225
10,3910
7,3461
1,531
1,550
4,6552
4,1419
5,1986
3,1096
1,427
3,1398
1,421
6,1717
4,1799
4,1443
6,2399
9,3169
4,1291
1,422
1,411
5,1783
4,1405
1,355
5,2625
1,294
1,449
1,659
1,339
1,873
8,3071
7,2168
8,2879
1,498
7,2490
6,1740
2,865
6,2191
2,888
2,1304
4,1437
1,519
1,1494
1,390
10,3007
4,4314
10,3785
7,1869
1,468
1,483
4,1345
1,485
7,2360
4,2629
3,1412
1,501
9,3271
6,9073
1,378
6,1788
6,2274
9,3493
8,2105
4,1489
7,2225
2,876
4,1609
8,2723
1,10922
6,2012
1,476
1,4253
1,1102
1,354
3,1219
5,27152
10,3547
6,1638
1,488
4,4304
5,1673
3,996
4,1406
3,1338
1,4173
2,642
1,446
4,1490
3,1022
4,1623
3,1121
7,2294
1,460
1,458
5,49873
1,445
6,2157
5,1739
4,1650
1,684
1,499
6,2140
1,344
3,2852
8,2183
1,532
6,1920
3,914
1,521
4,1652
1,455
1,398
1,466
4,1613
1,696
6,2003
1,465
3,1123
1,6909
6,1595
2,671
4,1638
1,512
1,425
2,25390
2,888
3,1130
4,1533
2,844
1,571
1,365
3,2328
5,16900
6,7592
10,3374
3,1025
2,845
1,488
6,2228
8,2809
1,553
9,10117
6,2037
6,2251
1,427
1,450
9,4704
2,828
1,339
9,6179
4,1292
3,1062
10,2455
6,1912
7,7055
1,499
1,625
3,941
8,2927
6,4941
1,524
1,341
2,734
5,1897
4,1341
1,320
4,1351
1,375
3,832
1,357
1,337
2,986
8,2686
7,2632
1,5738
3,1117
4,1505
1,352
5,1781
7,2093
1,343
1,503
1,454
6,2219
2,1057
2,928
1,379
6,2126
6,2315
3,977
5,1786
1,420
3,1025
5,1702
6,1680
1,648
1,584
1,346
6,1321
1,598
4,1182
1,535
9,3254
8,4944
2,637
5,1474
7,4717
1,336
6,1740
2,867
1,405
1,383
1,249
9,2417
4,1844
2,803
9,3033
10,3588
6,7356
5,2771
1,748
4,4287
1,1767
1,423
4,1526
1,948
1,376
1,311
10,3163
8,14344
2,922
4,1474
10,3770
2,864
4,1461
2,807
3,1114
6,2028
6,2311
1,510
1,430
1,371
1,296
4,1436
6,2061
8,2805
8,2541
4,1285
4,1761
5,2134
6,2200
5,1769
1,379
2,3100
1,419
1,383
1,273
1,287
7,2299
1,473
4,1428
3,1097
6,2441
6,2741
6,2401
2,704
2,740
3,1075
3,1156
1,338
1,412
1,362
1,255
4,1669
2,689
7,2788
1,511
7,2445
4,1614
3,1163
1,554
2,782
3,1013
1,493
1,380
3,1131
1,305
9,2785
4,1442
3,7092
6,2185
1,409
2,1043
6,1800
4,1286
3,1265
2,656
5,1545
4,4261
1,328
6,1750
1,251
6,2755
1,411
1,507
8,2823
4,1385
1,573
3,746
1,651
3,1140
1,289
4,1243
1,489
1,320
1,416
1,264
10,2963
2,673
2,719
2,539
9,3428
4,1057
4,1680
4,1592
5,1855
6,2023
5,8554
4,1450
1,315
1,404
1,337
10,2696
10,2400
3,2392
5,1844
6,1985
1,449
7,2427
5,1769
3,1202
1,428
5,8522
3,1042
1,290
1,531
8,2243
10,3082
10,2377
1,512
1,504
1,518
1,448
6,4563
3,1127
4,1506
6,1949
5,2289
2,674
1,242
1,346
4,1515
10,2827
8,1775
1,726
3,1213
1,419
1,418
10,2964
1,361
2,870
3,965
6,2068
2,664
1,370
1,362
10,2604
1,455
7,1755
4,1648
6,1487
3,1020
1,491
9,3254
2,727
6,2277
3,1345
3,1041
4,1515
1,270
9,2731
10,3171
4,1440
10,2563
6,2072
3,1160
4,1835
1,347
6,2482
4,1305
5,1987
5,1945
2,895
2,851
2,693
2,664
9,2082
3,813
10,2662
3,1202
7,1863
1,475
1,515
7,1793
4,1659
6,2185
5,3714
2,5275
6,1981
6,1459
6,2212
6,1455
6,1968
10,2340
3,3244
6,1521
3,1037
1,572
4,1715
2,3264
2,914
1,431
2,860
5,1831
2,868
8,14060
10,2296
7,2633
1,415
2,744
6,1453
1,517
1,426
3,1022
7,2565
2,1337
4,1642
4,1130
6,2085
10,2327
2,791
1,434
10,3240
1,254
1,966
9,2870
1,668
1,318
4,1493
6,2188
5,2757
6,26666
1,525
7,2338
8,1945
8,2579
8,1891
10,2872
1,275
6,2228
10,2833
1,476
1,256
1,440
7,2758
4,1610
5,1868
5,22970
7,3930
9,3142
3,1023
9,2756
10,2475
1,298
8,2687
7,1591
5,1567
2,784
1,653
4,2495
1,2691
1,375
2,655
6,1998
4,1529
1,527
6,2089
7,2489
1,276
6,8934
4,1203
2,837
10,2240
1,416
6,2052
2,899
6,4495
4,1134
4,1435
8,2084
1,486
10,2310
9,7982
1,301
8,2931
7,2349
1,534
4,925
1,318
1,522
3,1695
2,716
4,1383
1,344
10,2142
4,3827
10,3049
4,1453
1,317
9,3186
3,1266
2,618
10,2569
1,538
1,378
4,1293
1,594
6,1809
8,2257
1,532
6,2679
10,2885
3,781
3,860
1,595
4,1233
6,2167
8,2847
1,348
6,2715
4,1642
1,626
8,3410
1,504
10,2178
6,2381
10,3317
1,523
1,384
3,2566
4,1132
1,537
7,1824
1,274
1,411
2,922
3,1301
6,2009
1,403
8,1897
4,1772
10,2887
1,445
1,408
4,1698
1,345
1,486
10,3322
1,280
1,530
8,2833
2,1020
6,6495
1,332
6,2652
3,1743
2,460
1,509
1,483
1,701
6,1626
2,1000
6,1403
1,446
1,463
7,2597
1,549
7,1569
1,441
10,4445
5,1670
1,251
1,332
9,2631
4,1408
1,407
1,398
3,838
1,377
1,734
7,2852
1,490
6,2311
1,342
9,2164
1,459
4,866
7,2031
1,435
1,481
1,356
6,3050
9,3129
1,369
8,8403
6,2472
1,429
4,1710
1,483
10,3465
2,640
4,1155
1,431
10,3455
1,631
1,276
3,1076
8,2799
2,586
1,484
1,527
1,585
6,2180
1,424
10,3014
2,763
1,363
1,368
6,1453
1,535
1,320
3,4154
10,3785
2,847
4,1686
1,362
1,503
2,784
4,2020
10,2631
2,868
1,395
1,272
10,3478
1,522
1,257
1,340
6,1387
2,553
5,1604
1,362
2,794
1,347
1,513
2,457
1,960
1,295
1,407
10,2302
1,387
1,288
5,1689
10,2620
10,3193
1,323
6,1841
1,366
1,609
1,367
4,1050
6,2155
1,302
1,383
10,3326
1,449
1,315
5,1794
10,2641
8,1696
1,319
1,345
5,1841
1,761
1,351
1,288
3,999
1,240
1,388
10,2088
3,1140
1,269
6,2090
10,2729
10,2914
1,400
1,478
1,319
1,728
3,1183
1,394
3,1120
1,307
1,391
4,993
3,1126
1,278
4,9478
10,3532
9,1944
8,2424
1,453
4,4346
4,2198
6,2348
1,300
4,1288
1,317
9,3495
3,938
4,1365
1,423
6,2088
1,536
8,2259
1,337
6,2269
8,2502
1,397
4,1130
1,251
5,1643
1,290
3,1258
1,389
1,386
2,615
3,1087
2,592
8,2569
3,1219
1,549
2,615
1,635
6,1879
1,381
5,2915
1,559
7,2261
10,2561
1,561
4,1533
4,1328
4,1186
1,570
6,1838
1,548
2,779
1,364
8,2357
1,359
6,2036
1,372
10,3652
10,3512
2,781
2,624
2,705
1,551
10,2360
2,868
8,2957
3,1139
1,568
9,2529
1,398
4,1451
6,2207
10,3821
7,2323
1,503
4,1205
2,821
1,265
9,3265
6,1797
1,611
2,665
1,410
10,3242
1,369
5,1757
1,589
10,7889
9,3025
1,426
10,2549
5,3937
1,255
6,1691
9,3334
2,841
6,2093
1,426
7,2478
1,534
6,2211
10,3556
1,387
10,3304
5,12974
8,1755
1,488
1,369
10,2223
10,3317
1,537
2,1087
1,602
6,1999
1,326
3,1053
7,2552
10,12594
9,3155
1,436
9,2059
1,382
1,266
10,2495
10,3645
1,619
6,2034
6,2536
4,1331
1,309
1,416
10,3438
3,1158
10,3323
6,3832
8,1875
2,830
1,265
10,2423
7,2598
4,1400
7,2384
4,1625
4,1332
3,970
2,647
10,3246
5,1473
1,505
1,1642
6,1525
4,1562
1,268
10,3108
4,1273
9,2671
7,5371
3,709
2,783
10,2433
1,501
3,1082
5,1797
1,584
3,1227
1,410
2,700
1,257
10,3181
4,1438
4,1113
2,1009
7,1917
1,378
6,1785
1,638
9,2863
10,3610
1,293
6,2048
8,1764
6,2049
1,316
1,352
1,516
3,1124
8,3691
6,2223
4,1019
1,298
2,1805
7,3905
10,2580
1,353
2,680
6,2138
8,2627
1,513
4,1161
2,914
8,1894
4,1502
10,2907
2,685
10,3044
5,1713
9,3389
5,2131
1,445
5,1746
10,3678
4,1417
4,976
1,605
4,1387
6,2001
1,518
9,2287
6,1426
7,2093
1,396
7,2405
10,3497
1,419
5,3288
10,3071
7,2620
1,430
1,378
10,2348
1,410
4,1470
4,1549
10,2135
10,2524
1,690
7,2840
5,1734
1,381
4,1413
10,2426
6,8440
10,2140
1,272
10,3438
10,3543
6,1883
6,2592
10,3312
4,1417
4,1877
10,4510
5,1908
1,338
5,1730
10,2488
6,2078
7,1852
1,271
9,3274
10,3254
3,672
7,2517
9,2073
9,2302
1,579
1,427
5,1586
1,392
6,2265
10,3165
1,501
10,2927
1,393
10,2190
6,2136
6,1884
3,1285
8,1897
10,2759
1,548
10,3250
9,2795
1,349
2,1031
10,2852
1,452
6,1841
1,289
8,1991
7,1736
7,2067
4,1614
9,2486
7,1752
2,601
10,22301
1,361
1,404
2,1199
2,475
2,661
9,3044
1,251
9,1948
2,917
6,2248
1,400
10,2195
7,2262
1,344
3,1722
1,488
9,3094
3,2775
4,1161
1,418
9,1943
1,498
6,1588
4,1433
10,3673
2,676
1,602
9,3085
1,316
10,7315
1,554
1,537
4,1472
10,2864
8,2332
3,1123
1,393
1,662
2,626
9,3546
9,2709
1,540
7,10568
4,1230
3,853
1,389
7,2605
5,1874
1,354
1,616
1,380
1,387
1,529
3,1150
6,2410
6,1343
1,465
10,8432
1,282
3,950
1,370
8,3012
1,476
1,277
5,2003
9,2976
3,915
1,420
10,3336
7,2490
10,2581
1,387
10,3310
1,431
1,551
1,393
10,3352
1,402
1,368
1,391
7,4487
5,1357
1,528
10,2483
4,1607
9,3046
1,305
3,1136
4,1479
1,440
1,301
10,7822
3,1239
1,301
2,730
7,2377
3,770
1,550
9,2126
1,522
8,1707
1,421
10,3444
6,2045
1,418
1,410
10,17650
2,872
1,268
1,664
7,2589
10,2679
1,559
8,2033
1,633
1,458
1,616
1,455
8,2826
1,427
10,2477
10,3942
7,2507
1,290
1,526
10,4163
7,2303
1,570
10,3588
4,1404
10,2500
1,306
3,1093
6,1747
1,368
1,315
3,1145
4,1676
1,236
4,1695
10,13196
10,3204
1,516
9,2166
3,1233
10,2608
1,317
3,1003
7,2507
1,391
1,234
2,885
2,836
1,280
1,425
10,3087
10,3109
1,480
7,2060
1,436
4,962
1,387
1,527
6,2101
1,360
1,265
1,634
6,2384
1,264
1,578
10,3673
5,1706
1,571
1,738
1,404
1,601
1,295
1,555
2,770
1,411
8,2978
2,842
8,3015
1,262
1,408
1,440
7,1763
1,424
1,809
4,1246
1,495
1,337
1,483
6,2004
1,490
10,3222
1,406
1,341
4,987
1,475
3,1283
10,2390
1,493
1,536
1,269
1,387
6,2150
1,443
4,1499
1,368
10,3534
10,3728
7,5596
5,2337
6,1676
3,1339
9,3122
10,2524
1,396
1,299
1,379
10,2910
1,523
2,710
1,354
10,3322
2,1050
6,2095
7,2718
4,1318
3,1190
7,1907
6,2149
1,557
1,358
1,367
9,2285
1,424
1,449
9,3454
10,2725
10,3928
4,14763
10,6465
8,2782
1,530
8,2879
10,2882
1,506
1,346
1,431
10,2760
1,447
6,1881
6,2298
10,2290
9,3293
1,535
6,1700
6,1541
1,390
10,3936
10,3455
1,459
1,349
1,373
10,2137
1,418
4,1535
10,8186
2,596
8,1910
1,634
10,3478
6,1848
1,360
10,3652
10,3484
1,447
1,410
1,380
10,3144
1,404
3,1130
2,782
8,2944
9,2048
1,476
5,1312
10,2807
1,288
10,3327
10,3026
1,320
1,334
1,533
10,2643
1,294
5,1340
10,2436
8,2782
10,3504
5,1607
3,1009
9,2987
1,302
1,516
10,6736
1,303
2,832
1,428
1,356
1,540
8,3055
10,3278
9,2918
8,2449
8,7338
8,3111
4,1695
1,413
10,3274
4,1835
1,397
6,1358
1,304
4,1484
10,3003
6,1987
4,1003
10,4625
1,479
4,1624
7,8862
6,1564
1,336
3,905
3,1286
1,331
8,2044
6,2196
7,2167
5,1663
4,1629
8,1880
10,3432
1,426
1,741
7,2448
2,887
1,365
2,594
7,2668
10,2384
10,2603
8,7221
4,1431
10,3121
9,3403
10,2537
10,3301
1,693
2,1645
10,3408
4,1255
1,327
1,543
10,2640
8,2076
9,2386
10,8563
1,328
2,657
10,3623
10,3428
2,836
1,540
1,494
10,8102
4,1166
1,370
1,293
10,3536
8,1749
10,2310
10,2442
3,1322
9,2450
6,1737
8,2762
1,546
1,482
1,482
10,6155
1,393
2,982
1,347
10,3228
6,2269
4,873
10,3055
10,3424
10,3948
5,1734
10,2217
2,721
1,516
1,492
10,18002
2,668
1,533
1,422
10,3327
10,3953
10,2828
10,3418
10,3435
5,1643
7,2239
10,2752
10,3306
1,361
1,636
10,4171
6,1422
2,853
1,481
7,2206
10,2583
1,426
10,3372
10,3144
8,2752
2,966
10,3336
1,2707
1,484
1,441
2,1464
2,805
6,1930
1,372
10,3034
10,3245
8,3096
2,607
6,2068
10,2859
4,946
10,2868
1,715
1,505
1,347
3,1172
4,1362
8,3011
1,355
3,1163
2,707
6,2313
4,1421
10,2606
10,2374
1,572
10,2489
1,594
1,370
6,1725
3,1093
10,3375
10,3427
1,403
1,386
2,510
10,2568
3,1320
9,2365
8,2848
1,596
2,469
1,499
10,2764
3,1094
10,3436
8,1986
9,2425
1,397
1,392
4,1191
10,2234
10,2149
1,495
10,3059
1,254
8,2015
1,407
10,2928
4,1685
1,510
9,1853
10,3326
1,479
1,286
3,1138
10,2260
1,417
1,644
10,2509
1,268
1,384
1,777
8,2233
7,2288
1,363
4,1011
8,2382
1,538
1,405
6,2081
10,3243
10,3775
1,681
10,2347
2,500
1,295
1,729
10,3221
6,2139
1,591
9,2084
4,1229
5,1930
1,383
10,3146
10,3785
10,3690
1,535
10,2923
1,297
1,259
1,410
10,2968
9,3117
1,414
8,2529
10,3168
2,1076
1,364
10,2718
10,3413
10,3043
1,334
10,2508
1,592
1,286
1,584
10,3339
10,3066
1,311
6,1924
10,3589
10,3674
1,401
10,3360
2,602
7,3642
1,377
2,741
1,347
1,352
1,489
10,2162
4,1295
1,465
1,385
10,3985
9,3295
1,461
7,2425
4,930
10,3618
1,475
1,452
1,271
1,326
1,431
2,882
7,3274
1,373
1,464
8,2674
10,3383
1,416
10,2821
1,345
9,2673
1,523
1,247
1,470
1,246
1,480
8,3129
6,1605
1,467
1,400
10,3087
10,2400
1,328
10,2994
1,268
1,870
1,452
1,426
1,328
1,296
2,681
3,1412
3,1263
1,372
1,378
10,3190
5,1692
10,3235
4,1085
1,240
1,392
1,391
1,289
1,433
1,250
7,2516
3,1219
4,1269
1,505
1,341
10,3018
8,2198
7,19671
1,543
1,402
1,488
7,2433
1,319
6,1396
1,273
3,3468
10,3627
1,528
1,315
1,304
10,2703
10,2729
7,23758
1,712
1,341
1,342
7,2437
1,393
2,652
2,749
7,4895
10,8092
10,3581
4,1507
1,314
2,823
10,3284
10,7552
1,587
1,244
1,875
9,3342
1,324
10,3145
10,3305
8,9345
2,703
2,690
5,1676
1,423
1,345
10,3169
10,5810
1,558
1,248
1,565
10,3528
1,270
8,1822
8,2677
9,3220
8,22939
4,1128
10,3421
1,465
1,256
8,2052
10,9026
1,701
1,262
1,335
10,5681
1,331
10,2589
8,2689
8,2971
7,2447
2,648
9,2120
1,272
1,241
10,2698
10,5687
1,611
1,302
1,704
10,3383
1,297
4,926
10,3328
3,1238
7,2636
10,2886
10,3128
1,333
1,258
10,3333
3,2396
1,421
1,337
1,781
10,3457
8,3088
8,1942
10,10678
1,570
10,28514
8,2331
6,2191
1,342
1,239
10,3221
3,1765
1,796
5,1392
1,447
1,698
10,4000
10,2852
2,853
3,3393
1,525
9,2527
5,1512
10,4660
1,299
10,2231
1,564
1,448
10,4013
8,2817
3,1335
8,6047
10,2424
2,824
10,3623
2,856
10,2484
10,2293
8,3257
1,401
2,631
6,2056
1,387
5,1848
7,2439
3,1453
9,21886
9,2499
2,888
5,2121
1,1575
6,1915
8,2272
10,2492
1,325
1,317
10,3737
10,2241
1,643
7,2437
6,2306
10,4528
8,2546
1,497
6,2481
1,478
8,1985
10,3147
10,2411
1,271
1,287
10,4608
7,2915
10,3694
10,3399
1,389
2,936
6,2246
7,2341
2,1147
1,432
1,493
10,2781
10,3127
1,310
1,227
10,3021
8,6624
10,3555
10,3118
2,647
1,618
10,2646
6,2032
1,573
1,599
1,462
10,2126
10,3731
8,1858
1,246
5,2010
7,1767
10,4581
10,3053
4,1547
10,21624
10,3238
3,1849
1,399
1,412
1,385
10,2277
10,2310
8,4351
1,429
9,3226
10,3037
9,2462
2,746
10,3493
1,562
10,3607
1,624
5,1807
7,1913
1,255
10,2928
2,608
3,4617
1,387
10,2729
10,3988
8,2656
10,6909
10,3651
2,647
10,4295
8,2839
5,2063
1,332
1,526
10,2127
4,1685
8,3301
1,285
4,1706
3,1330
8,2563
3,1561
5,2010
9,2927
1,421
9,2834
3,2403
1,731
1,393
2,560
10,2179
10,4063
1,245
1,578
10,4114
7,5319
3,1200
9,2407
2,847
2,549
8,15378
3,1240
1,493
1,298
10,2394
5,1352
2,12766
1,284
1,731
2,750
10,3288
1,513
10,2368
6,2208
4,1435
3,1060
8,2715
1,381
1,256
1,291
7,2223
2,47453
1,559
5,1986
3,1343
10,3313
2,618
8,1933
7,2585
1,531
4,1820
10,3493
9,3130
1,546
1,260
10,3422
7,51732
8,3522
1,752
1,384
10,4734
1,267
5,2332
1,620
1,381
4,1481
1,474
3,46220
1,267
1,273
6,2106
10,3304
7,2945
1,640
1,527
10,3298
10,2790
1,599
3,2515
1,392
1,596
9,3308
1,336
1,509
1,346
10,2965
2,3287
8,3348
1,410
5,1436
2,679
10,2853
1,339
8,35890
1,343
8,2773
1,480
2,652
6,2322
1,412
10,2766
1,493
10,3810
1,259
10,2275
10,7765
10,6498
1,288
8,8827
1,321
1,369
7,2223
7,26912
10,3752
1,363
5,2007
2,971
2,871
1,259
10,2579
3,1159
9,2959
1,325
1,1743
1,440
2,847
1,391
3,902
9,2961
1,254
3,1105
7,2417
10,18746
1,242
5,1831
2,702
5,1198
1,347
3,27066
4,1426
1,2032
1,509
1,324
10,3153
1,245
1,522
6,2185
3,13054
1,291
9,3163
1,618
8,2725
1,427
4,29423
1,527
1,589
5,1754
7,3911
10,3345
1,249
1,433
3,4349
10,3115
1,271
9,2039
1,617
9,2520
1,350
8,41276
1,513
1,554
1,370
3,1107
10,3146
1,322
1,416
1,547
2,1032
10,2328
10,3267
1,566
1,397
1,330
1,510
1,344
1,559
7,2444
3,975
10,3150
8,2769
1,588
8,4342
3,1349
8,2830
5,3428
1,440
1,409
1,266
1,392
1,278
1,385
1,828
5,1454
4,1072
7,2922
1,354
9,6418
1,573
10,3337
1,413
1,496
1,457
1,254
1,454
9,1958
1,386
1,535
8,2769
1,486
8,2878
1,269
8,2847
2,991
10,3568
1,314
1,418
5,1872
8,2186
1,504
5,1749
1,674
1,484
1,328
10,2798
10,3367
1,379
3,1094
7,2434
10,2152
1,452
1,274
1,526
10,3507
1,814
10,3228
6,2528
1,481
1,329
3,1535
2,9807
1,432
8,2619
7,7240
10,3436
5,1546
1,382
1,370
10,3041
6,4232
6,1572
1,536
1,525
1,328
7,1864
3,1253
1,463
4,1656
1,3109
10,3067
1,643
1,460
1,300
10,3590
1,15242
1,372
1,572
1,336
1,330
2,681
2,651
1,424
1,550
9,3000
2,531
1,526
1,461
1,438
10,2461
1,679
10,3563
6,2672
4,1375
8,2487
6,1931
10,9977
7,2554
2,1024
8,2610
8,2932
1,594
4,2011
1,297
10,2998
1,601
5,1242
1,482
3,1216
6,11776
10,3453
2,800
8,2703
1,1428
8,2703
1,721
1,639
6,1754
1,394
10,2271
5,26361
10,3274
1,399
1,505
1,466
7,2092
1,495
10,3993
1,482
3,1127
8,3797
1,692
10,2690
1,320
2,639
1,587
10,3531
5,1842
6,2193
5,1605
10,3384
7,2400
10,3229
1,565
1,24543
10,3494
1,365
10,3626
10,3350
8,2571
1,637
9,2172
3,1134
4,1614
3,1145
3,755
1,539
10,3726
1,1218
2,734
10,3564
1,359
2,661
10,2253
8,2588
1,7088
5,1433
3,1130
6,2009
8,2585
4,963
3,1175
10,3598
6,3906
8,2575
2,22716
10,3495
10,3394
8,2799
3,1421
2,23096
8,3114
10,3715
6,2169
3,1037
8,2596
7,11167
10,4683
1,541
6,6033
9,14742
10,3127
10,3192
10,2012
2,1431
1,11718
10,4235
9,7375
6,12853
9,3365
1,636
8,2625
2,968
1,583
3,1001
10,31668
10,3055
8,2001
10,2454
10,12636
2,53037
10,3435
10,3226
7,3055
1,630
1,731
8,19353
3,1182
3,1472
1,592
10,3195
8,1966
10,3392
10,2262
10,12320
10,4209
10,3626
7,2801
6,10317
5,6366
1,405
3,1145
1,653
1,483
1,321
2,724
10,2214
8,3110
10,3127
2,52005
8,3005
10,3893
5,2126
4,1758
9,3440
1,392
9,10991
10,4123
1,362
1,460
1,581
10,2697
10,4233
2,523
10,54296
5,45725
1,674
7,2817
3,1116
1,593
1,552
8,27822
5,1914
5,2771
1,390
1,603
10,2567
10,2789
8,3300
7,51478
3,2614
5,2051
1,1065
6,10472
7,3019
1,576
10,31437
4,4069
1,1123
1,365
1,526
2,608
10,3665
3,1271
1,9843
3,2170
2,1022
1,598
4,1371
1,640
1,284
1,449
10,3401
1,1063
4,5592
1,633
8,3362
10,2402
3,1008
10,40297
9,10333
1,792
4,1936
3,1066
1,592
1,439
2,729
9,3069
1,747
1,382
1,634
3,1268
10,3238
10,3811
1,468
7,2722
1,532
5,1964
1,503
7,2868
1,315
1,392
5,1383
1,408
1,423
1,665
10,4016
10,3224
10,3765
1,474
10,10804
1,506
4,1410
2,1856
1,508
1,263
1,368
10,2345
1,375
1,360
1,681
9,19286
2,677
7,19788
1,452
1,529
1,470
3,1053
10,3449
1,332
9,3107
3,1089
5,1871
5,1838
1,353
1,500
10,19092
1,386
2,21628
1,474
7,3724
1,456
4,4527
2,727
1,805
7,2281
1,444
6,2170
5,1799
1,345
1,892
10,4679
1,373
10,21319
1,394
1,499
1,487
6,1955
2,645
1,561
8,2732
1,332
1,760
7,7103
1,328
1,4654
2,924
1,354
10,20345
1,431
6,2143
1,358
6,2317
6,2158
1,486
10,3328
5,1609
5,1827
8,6272
1,415
2,807
7,2664
1,261
7,25482
1,527
4,1752
1,419
6,2374
6,2052
6,2499
10,3045
6,2877
1,257
10,8428
1,391
1,365
10,3510
1,253
1,569
1,517
5,2130
1,358
8,2799
8,9062
1,361
10,3054
1,356
1,400
9,3548
6,2082
1,515
1,3682
1,269
1,469
1,410
4,1720
1,400
4,1369
10,12551
1,535
10,10578
1,560
1,275
10,21129
3,1355
9,3544
1,30263
1,264
1,484
2,712
3,1347
1,366
6,2122
8,8047
1,526
1,390
1,1614
1,661
1,602
8,5859
8,2526
1,414
1,265
1,589
7,2373
4,1454
9,2238
7,2877
8,4698
4,1570
3,1063
3,1164
1,416
5,5718
3,1181
8,29863
1,495
1,351
1,536
7,2726
6,5555
1,652
6,6081
1,704
1,623
2,605
1,452
1,368
1,587
5,1843
3,950
8,2799
1,382
1,514
1,360
3,1010
4,1586
4,1566
3,1612
3,1131
10,3507
1,1247
1,407
5,1860
10,3230
2,835
1,668
7,1701
1,454
8,2734
6,9392
10,3322
3,1243
1,618
5,2110
1,551
1,418
1,653
1,2656
1,668
7,91434
1,506
3,1164
1,466
8,2673
4,1606
2,676
1,617
1,508
1,599
6,2031
1,441
1,387
4,1348
7,4046
5,1669
1,390
10,2710
1,487
3,1191
6,2086
9,3184
10,3504
1,564
4,1494
5,1516
1,458
10,3769
4,1532
7,2646
1,311
2,680
8,2999
1,571
8,2658
6,2661
1,568
1,340
4,1438
4,1483
10,3680
1,602
10,3612
4,1353
10,39305
1,441
1,360
10,3457
2,962
3,1077
7,2617
9,3286
1,526
1,356
4,1421
2,1007
5,1975
10,2223
6,2141
4,1783
9,7304
7,2370
10,3165
1,445
2,741
6,1964
6,1991
1,398
1,472
6,2101
9,2780
5,2082
10,3022
6,1922
1,550
8,52463
1,371
10,3141
7,5509
5,1727
1,453
8,1970
1,559
1,411
7,2228
4,1831
7,2586
10,2362
6,2370
4,1866
10,3299
1,468
2,841
3,1495
1,395
3,2299
10,2484
1,503
1,428
6,2208
10,3429
8,6973
10,2620
4,1719
3,8765
1,567
6,4773
1,605
1,389
9,9113
4,1696
9,3009
1,463
1,397
4,1424
5,1902
10,3287
10,3124
6,8138
1,657
1,387
1,463
2,653
8,2872
5,3034
1,8151
10,3323
1,456
1,482
6,2117
8,2770
9,2868
8,2775
6,2894
5,1884
5,1690
3,1202
7,2333
9,3237
1,12162
1,665
8,8727
1,430
10,3500
6,2222
1,425
5,1708
10,3691
6,3359
6,2181
5,4832
1,1799
3,1165
8,4465
1,448
1,674
10,2149
1,499
3,927
3,1104
1,326
1,323
7,2716
4,1933
4,1837
8,2689
2,805
7,2209
3,7636
1,372
1,410
10,2120
1,437
3,759
1,449
1,304
1,491
8,2938
3,1042
6,2139
3,978
9,3017
1,419
8,10448
5,2936
1,536
10,2111
1,396
5,1339
3,2136
1,240
3,1139
10,3524
4,3120
6,2641
9,3840
8,2672
8,2659
2,1332
3,1019
1,428
10,2010
1,391
3,1151
1,467
1,320
1,486
10,8468
6,31436
6,2077
3,8065
4,1286
9,3009
1,828
5,3372
1,392
1,372
2,696
6,2118
10,3280
1,243
4,1434
2,13178
1,499
7,2292
9,3394
3,993
8,2727
1,602
8,3795
1,438
2,495
3,1126
6,1658
2,828
1,224
5,1874
3,41350
3,2280
6,2067
1,376
2,989
1,346
6,2794
3,1517
1,428
1,376
2,749
7,2637
2,856
1,229
6,2038
2,39466
1,452
4,1425
1,459
1,348
1,424
5,6067
10,3778
1,450
1,244
6,2380
7,2709
6,2120
1,235
4,1353
10,38828
2,2922
1,334
7,2403
6,2250
1,328
1,742
9,3782
1,964
1,221
10,3308
5,1902
10,3006
1,219
6,1482
1,15580
1,450
6,7485
1,476
5,5537
3,1002
10,3870
10,3504
10,5363
1,211
8,2451
7,2487
5,1597
10,3662
6,7067
1,1005
1,655
1,1545
1,416
1,658
1,426
1,541
1,484
2,748
1,228
8,6695
4,1492
10,3422
10,3769
7,5489
1,4622
1,485
4,7393
5,1553
1,345
1,508
5,1666
1,556
3,987
1,250
7,2182
4,1599
8,2909
8,7794
4,1439
1,591
1,463
1,514
1,3531
5,2202
1,494
1,2579
1,559
6,2376
1,249
3,1095
5,1636
1,427
10,3453
3,1066
1,435
1,475
4,4755
7,2638
3,1215
1,391
8,2864
7,10436
6,5312
1,243
1,499
6,2152
1,452
10,2797
6,1947
1,517
1,544
1,386
1,559
3,1294
1,372
3,1434
1,416
10,3555
1,246
3,1004
10,2197
8,5759
10,3327
6,2012
1,716
1,486
1,597
1,504
5,1719
1,431
5,1791
1,538
8,2706
1,584
3,1063
10,3676
1,350
10,2860
1,405
1,521
1,532
3,1197
3,1117
8,16089
8,3211
10,3459
7,15634
7,1822
8,2742
5,1338
10,3802
1,502
2,807
1,477
1,403
1,498
1,548
1,329
9,2993
3,1066
3,4925
1,535
3,1164
3,1127
6,2490
7,2283
3,1722
10,2814
1,505
1,435
1,587
1,422
1,475
10,5776
1,1581
1,505
1,668
4,1410
7,2331
10,3658
5,1604
1,503
8,2760
3,1031
1,523
1,547
3,5005
1,662
1,377
1,385
9,3290
1,600
3,1115
10,3161
6,1707
4,1204
5,1575
8,2786
1,379
7,2567
8,2052
1,955
1,386
7,2524
2,788
1,359
1,357
1,551
10,4340
9,1865
10,2294
1,400
9,3354
4,2613
1,399
10,2838
1,691
1,440
1,873
1,483
1,660
1,722
3,1143
8,7394
7,2351
3,879
3,6002
9,21407
1,460
3,1630
3,1266
1,405
3,1080
1,495
6,2239
1,421
3,1324
3,1098
2,750
7,2346
1,530
1,366
2,778
1,466
7,2323
6,2181
1,940
1,400
10,24815
8,2818
7,2489
1,411
7,2779
7,1568
10,3374
1,551
1,365
10,23419
1,489
8,2806
5,1532
10,11544
1,495
1,579
1,388
1,533
1,790
4,1089
3,1272
4,1411
1,279
1,1681
1,2635
4,33742
8,2696
9,2093
2,5554
5,1634
5,3024
1,459
1,443
5,1864
10,3272
2,964
5,1782
1,394
1,497
2,4949
6,36878
3,1113
7,2612
3,1294
4,1815
7,6593
1,506
7,2913
4,1408
9,2188
7,2617
4,1260
1,481
7,1573
10,4006
1,339
3,1942
3,1095
10,3339
7,2686
1,350
1,474
1,482
4,3779
6,1358
1,614
1,378
1,375
3,1060
1,487
1,367
2,20383
5,2253
6,2186
4,2522
1,507
3,1230
1,486
6,2046
10,3437
2,873
1,420
1,304
6,3506
1,336
1,431
1,494
3,1128
10,3273
6,2709
1,464
10,3383
4,1507
6,2076
7,5607
7,6594
1,365
1,289
3,1154
1,521
1,420
4,1440
4,1560
8,14505
7,2261
1,458
9,2966
1,352
6,1988
7,2716
3,1243
1,347
1,271
5,1603
1,536
1,337
9,84507
3,1255
7,2353
6,2106
1,428
5,6246
1,453
7,2805
6,2135
1,392
1,364
1,281
6,2039
1,577
10,2587
6,1996
3,1134
4,1431
4,1465
1,390
3,975
1,364
4,1520
4,1417
3,1413
1,293
10,2266
10,3564
1,489
1,473
1,457
5,1712
6,2091
6,2312
4,1440
10,3188
1,474
6,2310
1,402
3,1373
1,244
7,1662
7,2698
1,473
10,3151
1,524
6,1915
3,1414
6,2513
1,508
7,2495
1,478
6,3370
1,414
8,2761
1,254
8,2988
4,1470
1,509
3,817
1,357
10,3437
5,2307
3,1163
1,586
7,2635
4,5224
4,1659
1,535
9,19255
1,326
10,3534
5,1788
1,425
6,2054
6,2220
10,2333
6,2428
3,1131
4,1532
4,1330
5,7186
3,1139
1,296
8,25983
1,239
7,2801
7,2510
1,386
9,3270
5,7359
7,2074
3,1068
1,327
4,1506
1,476
4,1310
4,1378
1,268
2,705
10,2418
10,3384
4,1018
1,458
6,11144
8,2803
6,1669
3,930
1,498
4,2020
3,1131
6,2000
2,877
1,507
8,35309
5,1253
10,3201
3,1395
1,352
7,2337
3,1087
7,2185
4,1347
1,594
6,2401
1,405
6,1938
1,592
1,343
1,608
9,2176
3,1113
2,843
9,2866
3,1266
10,3477
5,1640
4,1041
2,841
6,2143
5,1860
6,2014
1,555
1,328
1,500
7,1977
2,864
4,1341
2,4914
4,1699
10,3358
7,5307
7,2480
10,4816
6,2669
3,1077
6,1970
8,2410
1,273
1,653
10,2612
3,985
10,3338
8,2518
3,809
9,3127
4,1261
10,3182
6,1965
1,578
4,1220
6,2070
10,4597
1,368
1,333
5,1133
1,590
10,2696
8,2551
3,1124
1,430
1,508
5,1798
5,1620
6,2821
4,1326
4,1266
2,4129
5,1601
1,377
1,478
9,3166
7,2048
1,349
4,1557
1,463
1,307
7,2057
9,3538
6,2156
6,2322
6,2020
2,667
6,2160
1,470
10,3418
10,3335
7,1871
7,16709
6,1740
4,1465
1,294
4,1296
10,3616
6,2541
6,1844
4,1354
6,2466
10,3307
1,353
3,770
10,2541
8,2000
2,818
3,1089
1,407
1,284
7,2334
10,7841
4,1792
7,2224
4,1417
5,1663
10,3208
1,436
2,576
9,2314
6,1918
3,906
5,1663
1,540
1,389
6,2195
8,3012
4,1494
6,1865
3,1032
10,3495
7,1796
1,491
8,1938
9,2483
10,2310
3,18273
6,1405
7,2406
1,465
1,354
1,372
3,1476
1,427
3,1125
8,2840
5,1182
5,1785
8,1825
10,3842
1,394
8,25519
10,3559
1,299
1,272
1,253
1,512
3,1218
1,423
1,437
8,2855
4,1154
6,5689
10,2325
1,391
1,236
7,35623
7,1894
7,2617
10,2756
1,240
1,645
1,585
1,433
2,5344
3,1138
10,2394
1,439
10,2125
10,2402
1,300
4,1390
7,2651
3,62519
1,463
1,347
1,584
10,11111
4,1271
1,668
1,420
3,1025
1,388
10,2181
1,615
1,251
1,442
6,2131
1,516
1,299
1,338
3,1293
1,628
1,452
10,3586
5,1479
7,2141
1,407
10,2111
1,481
1,375
1,327
4,1691
1,443
1,258
1,487
1,639
2,785
1,448
2,665
1,2978
2,705
1,452
8,2582
1,555
1,474
2,954
7,2350
1,453
5,1413
1,368
1,626
6,2045
7,2300
8,2583
1,427
7,1884
1,702
2,827
1,422
3,1001
9,3157
5,1723
1,458
4,1016
1,392
5,1882
10,3667
6,2000
5,1991
1,451
8,2734
1,816
2,737
1,632
1,312
6,2149
4,1214
1,484
6,1969
1,331
1,633
6,2257
6,1865
10,3821
1,421
3,778
5,2333
10,3346
1,607
1,247
5,1965
1,410
1,360
10,3794
1,367
1,757
10,19857
1,418
6,1869
1,539
10,2696
8,2627
2,723
1,448
1,266
3,1253
1,264
1,364
7,2112
2,624
1,530
1,4972
1,391
10,3376
1,341
10,3428
3,1030
1,483
1,416
1,309
8,2960
1,269
3,1153
5,1289
6,1473
9,2910
3,6737
1,415
1,486
1,512
8,2430
3,1283
1,309
1,404
7,1792
3,1241
1,236
1,384
6,2007
10,2191
1,424
1,704
1,380
1,319
1,454
10,2632
5,1785
1,265
1,385
3,879
10,3358
1,244
5,1723
4,910
10,2184
1,368
9,10314
4,1344
8,2659
1,294
10,3186
9,3017
1,256
1,314
8,2117
10,3502
1,246
4,1712
3,958
7,1545
3,1356
1,543
3,972
1,536
3,1144
3,891
10,18655
1,386
10,3456
10,2993
1,562
1,245
6,1982
8,2066
8,2032
6,2075
8,14764
1,386
5,1347
3,1144
2,577
1,355
1,268
6,2123
7,1648
5,2709
1,261
4,1294
10,3028
4,1088
3,812
4,1780
3,1098
1,461
5,1807
1,610
7,2462
1,274
5,1820
10,2863
1,409
1,313
6,1980
7,1906
10,2632
5,4687
1,405
1,635
3,1199
6,1764
1,285
7,14902
1,245
6,2020
10,2468
7,3814
1,278
6,2056
8,1873
3,938
6,1723
1,550
1,611
1,428
4,1242
1,567
3,17004
1,311
9,5257
10,2397
1,660
5,1174
7,2288
10,3454
10,3340
10,4038
1,607
6,1821
1,411
6,1591
1,490
4,1514
1,253
8,4804
2,870
7,7571
6,1478
4,1490
10,3127
7,1598
7,2024
5,2007
2,1096
1,478
10,3099
1,291
1,479
8,1962
10,3541
3,911
1,803
6,2010
6,2494
10,3064
10,2711
4,1787
1,394
2,874
1,588
7,2612
1,361
7,2906
9,2069
4,1607
1,420
1,617
10,2050
4,1723
10,2974
7,1845
7,2013
1,483
10,3269
1,394
7,2514
1,309
1,345
10,2109
4,1501
6,2302
1,533
10,2112
6,1853
2,605
10,2273
5,1852
1,460
4,1352
1,277
4,1886
1,598
5,1734
8,2641
5,1672
8,2317
1,510
7,1643
4,1621
3,1273
7,1611
4,9572
1,522
6,3171
5,1395
5,2119
1,450
4,1560
10,2509
1,533
3,716
1,546
5,1117
3,2905
2,735
10,2002
5,2173
3,980
10,3447
3,1239
6,2443
1,262
4,1358
1,251
2,824
9,3272
1,587
4,1072
1,511
1,530
3,984
4,1123
5,1480
8,2807
3,1098
4,1087
9,3034
6,1942
10,3443
2,936
10,3302
1,528
4,1073
1,476
1,301
10,3298
7,1673
3,840
8,2804
3,1312
10,2535
10,3383
6,1977
2,918
6,2044
9,2946
1,506
3,800
1,724
1,282
3,1117
10,3398
3,1322
3,1161
5,1592
5,1259
10,2609
6,2045
2,740
8,3959
4,1371
1,391
7,1656
10,3681
1,279
3,1152
10,3852
5,1734
1,453
6,2177
4,1533
8,2793
4,1431
6,1788
10,5529
2,803
3,1664
7,1688
2,972
1,242
1,525
5,1717
10,2700
3,1160
10,3564
10,2124
10,3297
6,1974
9,2864
10,6479
7,2265
5,1701
10,2383
3,1073
1,383
1,283
6,2157
6,1830
3,1061
7,2339
7,2302
1,428
4,1412
9,4260
8,8991
10,3070
4,1411
10,2938
6,2328
1,369
1,569
10,2302
7,2477
3,1040
7,1928
10,2815
10,2347
6,1898
10,7767
10,13887
1,542
6,2144
7,1929
6,2289
1,262
1,267
3,690
5,1689
6,2034
5,2113
5,1166
2,891
6,30551
8,5891
4,1622
1,603
6,2219
10,2679
9,3470
1,280
1,313
10,2379
7,2068
5,1449
7,2459
6,1371
5,1447
4,1289
8,2999
10,4930
1,570
6,2280
10,2155
10,4053
1,290
1,361
2,891
7,2693
6,2209
5,1680
10,2802
2,904
3,1487
10,3683
2,742
1,515
7,3275
10,2767
8,3013
1,278
1,313
1,579
4,1393
9,2955
4,1385
3,861
6,2147
3,1673
4,1608
1,3657
1,370
6,2329
3,724
1,569
10,2151
1,248
1,544
5,1198
7,2505
7,1684
1,414
5,1755
1,611
10,3456
1,653
1,439
4,1942
3,801
3,1158
9,2409
1,298
1,381
2,932
10,3659
2,946
1,278
10,3329
1,485
1,340
1,610
1,351
6,2288
3,953
7,9481
9,2002
1,364
1,343
6,2084
7,3059
4,982
1,285
6,2089
1,394
2,887
1,486
1,624
4,1661
1,443
1,576
7,2670
3,837
1,293
10,2399
4,1392
5,1041
1,404
8,4434
1,562
1,354
1,474
1,673
1,427
1,310
1,573
9,3206
10,2410
1,315
10,2716
7,2597
10,2175
1,347
10,3515
1,509
1,484
1,486
1,499
4,1566
1,303
1,511
9,2935
10,2918
1,339
7,1715
1,660
3,1095
1,276
10,3145
1,470
2,789
1,540
1,428
3,21356
1,373
4,1859
1,471
10,3135
1,737
5,1143
1,587
10,3322
1,296
4,1520
1,456
1,406
1,571
9,2560
3,2160
1,313
1,611
1,406
8,2666
1,441
8,1838
1,411
8,1953
1,338
4,1491
1,726
1,534
1,423
6,2111
1,2721
1,310
1,534
3,1031
7,2640
1,403
4,1062
5,1628
6,1281
1,417
1,590
1,588
1,816
1,492
8,2073
6,2529
1,298
1,536
1,556
10,3693
8,2737
10,3687
1,488
5,1065
1,314
1,731
1,554
1,503
10,3031
1,485
2,1229
1,334
1,426
5,1888
2,950
7,2019
3,1173
1,381
10,2367
8,2601
1,507
1,565
1,530
6,2050
5,2055
10,3491
1,493
1,450
6,2072
10,2621
10,2966
1,381
4,961
1,412
8,4464
1,504
1,389
1,579
6,2068
8,2888
2,859
1,281
1,356
5,1749
6,2367
7,1468
1,320
1,312
1,308
10,3475
1,595
10,16252
1,529
9,3551
10,2285
2,832
9,3233
2,828
8,2658
6,2035
10,2213
1,281
1,311
1,269
10,3275
1,481
2,1013
1,407
7,2252
10,3475
3,1188
7,1861
3,895
10,5247
8,2724
10,2113
1,347
1,253
1,555
10,2509
1,460
6,2487
1,359
10,3149
2,827
10,3373
10,2415
3,1068
10,3282
5,1737
10,2395
1,295
1,368
1,376
10,3082
1,465
10,6830
8,2628
10,3273
4,1728
8,11150
10,3472
6,1494
10,3537
9,3200
3,1030
1,317
1,363
1,273
10,2192
1,442
6,2257
6,1766
4,1546
5,1638
6,9110
10,2941
5,1298
5,1859
6,2046
3,999
1,316
6,1360
1,346
2,577
1,365
10,4317
4,1462
4,1382
2,642
8,2793
8,2751
6,1324
4,1452
10,3979
1,416
1,286
3,916
1,270
2,506
6,2218
8,2544
8,3020
1,517
2,1130
8,2755
1,324
8,2372
5,1985
4,1726
9,2135
1,383
2,541
1,395
10,2972
10,3660
4,1624
4,1746
3,1060
1,442
1,902
3,1098
10,3357
2,824
4,1444
9,2039
1,427
4,1340
1,353
9,2037
10,2855
3,1437
10,3609
10,3170
3,1172
1,1668
2,671
7,2446
1,545
2,836
7,1640
10,3350
7,2477
8,2673
9,3012
8,2517
6,2084
6,2351
10,3029
6,1952
1,1626
6,2097
7,2515
1,774
5,1647
9,3357
8,2717
10,2804
7,2548
10,5791
10,3467
3,985
10,3219
6,4228
8,2722
4,3583
5,1144
4,1294
1,379
1,369
10,3759
10,2301
7,1896
10,3156
8,1771
4,1622
3,1457
2,804
2,563
8,2563
1,589
8,3321
5,1988
1,520
1,408
1,547
7,2643
8,1800
7,1695
10,2297
10,3336
4,1424
1,626
10,3405
10,9398
1,636
5,3317
4,1091
1,520
4,1410
1,518
8,1892
10,2683
10,2287
1,328
2,884
3,971
6,2614
10,3226
7,2273
1,621
8,9471
3,892
1,559
1,395
10,2439
10,3756
3,765
10,3144
1,462
6,2719
4,1448
3,839
10,4849
4,1168
1,452
10,3189
6,1610
1,535
1,478
3,785
10,2464
2,592
10,3163
10,2501
1,496
5,2038
6,1483
4,5067
10,4448
1,431
9,12640
6,1756
1,488
1,527
10,2651
2,635
7,2528
2,605
2,869
9,2886
6,2140
9,2500
8,2872
9,7272
1,307
10,5725
10,3295
1,767
1,547
2,725
3,831
7,1635
3,682
1,443
3,1125
7,2338
10,3334
1,505
1,460
1,373
5,1563
7,2542
9,2296
1,452
1,864
2,859
10,2257
3,985
1,411
6,1520
7,2381
10,3681
1,455
1,384
3,1008
4,1299
10,2412
1,467
1,442
1,365
1,449
7,2364
9,2075
1,397
4,1572
6,2023
10,3179
1,577
1,473
3,960
1,451
7,1469
1,760
1,500
1,420
9,2018
10,2864
3,779
1,359
10,2704
10,5878
10,3637
1,562
1,434
4,1087
2,635
4,1092
10,2704
1,1445
1,560
3,1002
8,1983
9,3214
1,398
10,3495
7,2142
4,1657
1,582
1,482
5,1390
5,1681
4,1084
2,795
1,1256
1,410
10,2359
10,2696
9,3245
1,334
10,3285
5,1558
10,3294
1,833
2,780
3,1042
2,842
10,2231
6,2133
1,580
1,856
9,2159
10,2319
10,2378
1,457
6,1487
4,1494
1,657
1,583
1,520
5,1442
1,598
3,935
3,666
10,3549
1,494
10,2227
3,747
1,348
1,306
10,2248
1,626
1,306
1,574
1,1266
10,3464
1,553
1,462
2,969
10,3509
1,363
1,334
3,657
10,2466
1,317
10,3440
1,407
1,276
1,556
1,510
7,2605
1,444
1,311
8,2689
8,8898
1,602
9,2658
1,348
1,301
1,287
4,1070
1,278
1,526
1,551
10,8771
6,2446
1,412
1,606
4,1386
10,3436
1,734
7,2395
3,771
7,1665
6,2155
1,445
1,262
1,293
1,337
1,9884
7,2710
1,293
1,396
8,14829
9,2933
8,2471
10,2399
1,341
1,288
8,2802
1,382
1,281
10,2443
7,2374
1,605
5,3226
1,477
1,501
7,2377
10,3355
6,1871
1,576
1,411
10,2516
6,1997
1,498
1,372
1,426
3,957
9,2476
7,2340
1,281
1,471
8,5851
2,917
8,2179
1,572
1,336
1,388
6,2072
1,371
1,296
1,289
3,891
6,1955
5,1866
1,314
1,322
2,816
10,3500
5,1752
1,338
1,306
1,400
10,3654
1,483
1,346
1,262
4,2294
6,2163
5,1216
1,459
1,404
3,1434
9,3100
10,3414
1,397
1,281
1,410
9,3616
1,488
1,286
1,419
9,3247
10,7569
5,1321
1,315
1,419
6,2314
6,2339
8,16640
1,389
1,237
1,388
4,1554
1,415
1,270
1,367
9,19095
10,2907
6,2075
6,1497
1,482
6,2564
7,2193
4,1567
1,311
1,349
1,304
10,3927
1,344
5,2058
1,353
1,594
10,3000
9,2804
2,600
5,1190
7,2418
6,1792
10,8609
1,650
1,363
1,415
2,498
1,342
2,560
10,3088
6,1889
1,367
10,2063
10,2066
8,1923
8,2636
10,2293
2,836
1,436
1,525
1,436
4,1100
1,355
6,1784
10,2497
9,2520
4,1240
10,3464
10,2219
7,2244
9,2262
10,2831
5,1739
1,350
10,3499
1,384
1,504
1,353
10,2529
2,718
7,2403
4,1807
7,1662
10,2851
10,2633
10,2925
10,2425
2,655
1,266
6,2067
1,532
4,1132
10,3141
10,3172
10,3532
3,9733
10,2401
1,365
8,2052
10,3138
10,3089
1,475
2,961
1,358
2,725
1,351
10,2724
6,2212
5,1448
10,3702
7,7145
3,1220
4,976
4,1461
5,1351
7,2372
4,1049
3,1175
8,2544
9,2154
6,2169
6,1496
10,2768
8,1814
8,3082
1,363
9,2912
10,2352
8,2976
10,2117
4,1308
4,985
6,1998
6,2359
10,3120
6,1973
3,949
2,746
4,909
1,528
1,499
10,2397
3,935
2,804
10,2106
2,635
3,743
1,526
6,1654
4,862
5,1431
10,2298
10,3433
10,2531
1,477
2,901
2,524
1,481
6,2147
2,653
4,1414
1,263
3,1064
5,1811
8,2558
8,3546
8,2659
4,1452
10,2911
3,1116
4,1258
10,2992
1,306
9,3228
3,781
3,1421
1,247
10,3499
2,790
10,2326
10,3689
7,2884
10,3251
8,2561
3,974
8,2823
1,559
1,340
7,2507
1,416
1,586
1,332
7,3032
10,3512
1,523
9,3018
4,1519
8,2750
7,1701
4,1295
1,393
7,2314
1,280
10,4746
6,1428
1,608
1,292
4,1441
10,3610
2,566
10,3771
10,3371
1,548
10,3532
8,2885
3,2502
10,3263
1,325
6,2401
7,1721
1,677
1,233
10,4080
9,8932
6,2077
4,1427
10,10116
1,613
7,2598
9,2892
6,5637
8,2770
1,263
10,2262
10,3669
1,374
1,238
9,3893
4,1517
8,2680
4,1543
2,761
9,3104
10,2327
9,22018
8,4019
1,575
1,267
10,2852
9,2715
1,289
1,333
8,18227
4,1352
5,1922
5,2088
1,447
4,1434
10,3167
9,13154
3,4048
1,456
1,252
10,2282
8,2771
1,567
1,253
7,3362
5,2542
9,3138
1,695
1,403
3,1117
2,854
4,1476
3,1127
1,504
1,254
4,1348
4,985
1,400
1,254
3,1067
1,584
8,2593
2,1081
1,328
7,2237
10,2707
7,3570
2,749
1,458
1,232
1,551
10,2118
1,332
1,259
1,480
2,623
8,2678
8,2741
1,393
9,3394
3,1040
7,2098
2,699
1,393
7,2212
3,1216
3,1188
1,617
10,2427
1,495
6,1759
10,7383
3,1057
1,445
4,2244
3,1373
2,1011
1,362
1,402
10,2362
4,1683
10,2526
1,368
6,2940
1,438
1,375
10,3319
1,454
1,342
9,2876
1,717
1,380
1,598
1,352
9,2570
1,455
1,495
1,284
3,1973
1,491
10,2321
4,1902
6,2095
1,478
9,7250
1,404
6,1740
1,485
1,383
7,1567
1,333
1,569
10,3384
2,5079
1,422
8,2847
5,1578
10,2392
1,461
7,2413
1,290
1,356
2,833
1,387
10,2069
1,312
2,706
10,2734
10,3174
1,376
10,3664
2,711
2,796
1,501
3,1049
1,289
1,468
1,349
3,1073
10,2153
1,358
1,510
10,2395
10,3539
1,440
9,2736
1,8596
9,2585
1,585
1,429
1,250
1,474
1,422
1,400
10,2623
1,297
1,433
9,2053
4,1370
1,689
4,1348
2,595
7,1473
6,1987
6,1977
1,273
1,369
6,1894
1,513
3,1046
1,302
1,387
8,1852
7,2202
1,567
8,17050
1,304
4,1400
9,6805
1,1116
1,297
1,360
6,12082
3,1027
1,375
1,276
1,372
10,3216
8,2669
1,536
10,3364
1,602
10,13493
7,2119
1,2597
1,237
6,2720
1,534
7,2447
3,681
1,246
1,521
1,628
9,3138
6,2413
2,570
1,689
1,465
9,2574
1,2373
1,297
1,398
1,540
4,1509
9,2976
1,283
1,447
2,888
3,1097
6,1766
1,497
1,658
1,417
10,3199
6,2126
1,536
1,377
1,440
9,2973
1,378
1,390
1,380
1,594
3,1098
9,3332
1,361
1,633
10,22671
10,3326
1,477
3,823
1,453
1,3474
4,1465
10,2998
2,660
1,380
7,2504
7,2120
6,5263
1,411
1,620
1,387
10,2643
1,497
9,2842
1,469
4,1838
9,2974
10,2153
10,2818
3,1176
1,593
1,352
10,3580
1,498
1,608
1,461
4,1110
1,563
10,2212
1,382
1,524
7,3561
10,2498
6,1597
5,1625
4,1518
4,1342
1,617
1,461
4,1585
1,325
1,491
1,641
10,2239
1,361
2,816
9,3054
10,3283
10,2440
8,2783
3,1004
1,522
10,2717
1,479
1,434
1,407
3,1004
1,588
10,3282
4,1635
1,516
6,2100
8,1660
8,1731
9,3191
9,17086
9,3732
4,1436
1,672
1,362
1,305
1,329
1,695
1,270
3,1013
8,2747
1,567
10,2481
8,1713
8,2060
4,17510
7,2099
10,3374
1,391
1,398
1,381
10,2471
1,573
7,1561
2,2208
7,9407
6,2133
2,881
10,3759
7,2182
7,2061
7,2152
1,533
1,456
6,2014
1,839
10,3635
1,656
10,2280
1,489
4,1385
1,523
1,400
4,1538
10,3304
3,1253
1,350
4,1073
1,496
6,1850
1,382
10,3489
1,9351
8,2565
3,1126
6,2194
4,1380
1,415
2,978
10,3352
6,2133
4,2576
10,3178
10,3417
8,2940
6,2084
9,2874
4,9005
6,1676
8,2754
8,4939
1,444
1,426
1,538
5,1790
9,9228
3,6798
9,2952
6,1810
10,3208
6,2471
2,826
2,8117
6,1431
6,17674
3,1029
8,2984
1,451
7,2385
2,692
9,48415
9,2936
10,3189
6,2145
10,10216
7,1984
10,3442
1,532
5,1999
6,4001
3,1322
1,518
1,392
3,978
1,676
1,512
1,484
2,663
7,2812
4,1402
10,2290
10,3597
3,1285
2,783
2,819
5,1777
8,2713
1,508
3,920
2,771
1,500
6,1901
4,1100
10,3382
10,3589
9,2153
1,432
8,6022
8,2715
3,1477
5,1789
3,983
1,345
4,1414
2,908
6,2386
1,468
10,2192
10,3052
2,6787
10,3335
8,2933
6,2987
10,3357
6,2026
3,1225
3,1129
1,375
7,2382
6,2190
9,12844
1,420
10,3469
10,3216
3,1156
10,2200
1,602
3,1143
9,3063
4,1418
4,1597
6,2121
1,377
4,1529
2,670
1,3127
1,375
1,542
4,1544
6,2708
4,1404
1,485
2,756
10,3296
2,655
2,716
1,370
1,410
9,2946
10,3155
3,3004
6,1893
8,2701
4,1035
9,3125
3,1030
1,702
5,2766
4,1356
1,457
6,2219
1,532
6,2124
1,1290
8,2824
2,905
1,386
6,1985
3,1118
6,1999
4,1308
1,672
6,1997
4,1456
3,1184
5,1719
2,688
5,1138
7,2784
8,2802
1,348
1,599
1,481
10,2652
10,3303
1,597
1,438
1,572
5,1739
1,460
7,4708
1,343
7,2010
6,4983
4,1748
4,1395
1,552
1,486
5,1648
10,2231
10,2228
1,758
4,1300
1,358
2,782
1,560
3,2643
5,1451
9,5140
10,3543
1,339
1,575
1,498
3,1093
6,2100
10,2048
1,593
2,3333
2,1120
7,2963
1,615
1,573
8,2750
1,560
10,16502
1,678
1,718
1,413
10,3284
10,3586
3,804
1,441
1,334
1,446
6,2129
2,928
2,655
9,2772
6,2111
1,493
1,516
2,1078
1,660
2,730
10,2454
9,2816
1,564
3,1236
1,400
3,1153
7,2504
1,454
10,5649
1,331
2,748
1,660
1,538
1,645
10,4020
4,1393
10,2250
1,907
2,1998
1,344
3,1046
7,2246
1,491
4,918
9,10143
1,444
1,385
1,474
1,695
10,3689
1,539
2,719
1,625
6,6886
1,324
6,8391
8,2787
2,797
5,1729
1,408
1,412
10,5446
8,2790
1,722
7,2704
1,386
7,2862
3,5395
3,2529
1,350
7,2461
5,1890
1,450
5,1685
3,1012
1,540
1,415
1,426
1,673
5,1770
1,340
1,768
7,2594
8,6613
1,360
5,3522
10,3692
6,2136
3,1033
1,600
8,41174
6,2151
3,2029
9,3217
8,18565
4,1130
10,3744
4,1489
5,1699
1,390
7,3715
9,3343
6,1487
2,841
1,470
1,444
8,2671
8,12406
1,630
4,3606
1,276
8,3299
3,1074
3,965
1,433
5,7411
3,997
1,496
1,364
2,990
1,519
6,8413
3,1123
1,496
1,12934
1,381
1,606
9,2871
3,6733
1,469
8,2713
3,951
1,413
6,2411
1,5485
1,486
3,1566
3,1370
1,572
1,574
1,358
1,4806
6,7433
5,2901
1,471
3,1035
8,2591
7,3495
4,1468
1,541
1,421
1,23636
2,726
3,1249
1,519
1,398
1,15000
1,332
6,12142
1,608
4,1459
2,826
1,379
4,1440
2,718
1,586
1,499
2,881
4,1659
1,783
1,296
1,527
3,1390
5,1719
6,2205
1,396
1,585
4,1532
10,3371
4,7420
1,524
2,822
6,2320
9,3252
1,594
1,256
1,466
7,2516
7,15000
10,4141
1,2687
1,631
2,1016
10,2413
1,496
6,1927
1,456
6,2635
9,3091
1,485
1,273
1,384
9,3417
6,28190
10,4144
4,1557
4,1381
1,433
8,1915
1,1228
7,2035
1,8325
3,1186
4,1575
1,468
1,246
1,545
6,2094
8,2886
9,4191
7,5619
1,344
1,562
10,19407
1,458
9,2171
6,8092
4,1519
7,2605
1,513
1,519
1,431
7,23127
1,627
4,6263
2,655
1,646
3,1149
6,6989
1,505
10,2938
1,21587
2,755
9,3025
1,522
10,2403
1,372
4,13867
4,1427
10,3682
5,1803
1,653
4,3942
10,3340
3,3927
10,3187
2,819
1,371
6,2393
7,2285
1,407
1,419
8,3220
4,1437
10,26261
1,539
1,685
6,2340
2,962
1,535
10,2474
7,2367
7,2480
1,712
3,4599
10,2684
1,522
4,1481
4,1532
9,2987
7,17252
1,531
3,1287
1,584
1,339
10,2092
2,981
1,472
6,2236
1,351
2,733
7,2144
1,421
2,13117
6,1816
1,493
1,338
3,978
1,602
6,2296
4,1300
7,3068
7,2539
1,486
1,422
10,6614
3,1106
2,965
7,6140
1,600
1,542
1,319
6,1773
1,445
8,2916
1,606
4,1567
4,1606
4,1388
7,2670
9,3014
4,1253
1,535
1,3941
6,6065
1,678
1,302
5,2337
1,405
3,1125
3,1051
6,1977
7,2344
2,752
6,2169
10,7504
6,2051
10,2955
1,592
7,2156
1,377
5,1428
5,1812
1,630
8,8813
10,3234
3,1102
6,1947
1,470
9,3117
8,2651
1,479
3,1569
1,555
10,2837
1,484
2,832
9,3093
1,456
4,1559
5,1692
5,1797
3,1058
1,484
9,2979
1,569
6,3416
6,6819
1,545
9,3253
1,554
9,3194
6,2122
1,526
2,767
10,3276
6,4242
6,14002
10,2597
3,1071
1,543
3,997
3,1150
1,575
10,2330
1,556
5,1689
4,1499
1,603
6,2007
8,2481
3,1201
5,3903
3,1203
9,10215
3,6243
4,6098
2,927
1,516
10,2917
1,489
10,3906
7,2611
1,617
3,1208
2,583
5,1752
3,966
6,2058
7,4824
3,14330
9,8602
3,1252
1,469
4,997
7,2488
10,4425
4,18877
1,711
2,748
10,3131
3,1179
5,5502
8,2574
3,1108
4,1276
7,3004
1,601
1,476
4,1011
3,987
8,2779
5,2036
6,2228
7,2340
5,1736
8,12262
1,347
3,1047
1,538
9,2854
9,19455
6,2198
1,673
3,1221
1,349
10,3033
1,914
8,2705
2,784
10,4324
4,1551
3,995
3,1141
2,831
9,3012
1,400
1,543
4,1621
1,416
8,2743
10,2999
1,598
6,2344
7,2415
2,986
4,1448
9,4020
1,409
4,1606
4,1376
9,47451
6,2299
1,526
1,419
10,3462
1,418
1,690
7,1865
4,1391
8,3411
6,2654
1,332
2,702
1,7958
9,18529
1,507
1,466
2,694
1,283
8,2643
3,950
7,2913
9,2087
6,2126
1,479
7,2674
6,2012
1,434
1,420
1,516
4,1455
1,511
7,2394
1,265
9,2999
7,2244
7,2756
10,3957
3,1057
1,402
5,1729
1,312
1,537
1,437
6,2124
10,4248
1,478
8,2801
1,260
3,11729
9,2340
8,2885
10,3055
6,6487
1,384
1,451
1,456
3,1016
3,2396
1,414
1,5204
4,1388
10,4734
1,238
2,853
2,722
3,923
4,925
5,1906
1,400
1,462
4,1336
1,473
6,2207
6,2227
2,793
1,466
9,10281
1,311
1,500
8,2514
5,1712
2,737
3,1128
1,536
1,483
4,1408
1,793
8,10223
8,2707
8,4361
1,312
6,2015
1,286
2,1102
10,2395
10,4148
4,1289
8,2575
1,506
1,494
5,1688
1,1156
3,1195
7,25587
3,1065
2,636
8,2567
1,384
3,1228
7,1574
3,1182
3,747
5,1810
1,426
1,410
1,379
6,1916
8,34687
9,61714
3,1264
1,427
3,799
1,306
5,1642
3,945
9,2918
1,385
3,1120
1,396
1,399
1,333
6,1763
3,2079
1,383
6,2093
2,749
2,783
1,313
5,1593
10,2370
1,346
10,2177
4,1512
1,413
1,617
1,321
1,666
2,796
1,409
3,1317
7,2293
2,881
10,2165
10,2306
1,585
1,478
10,2385
4,8193
1,466
1,378
1,438
1,579
2,673
7,65302
1,347
4,1417
5,1648
6,2073
10,2962
8,2095
1,523
6,1438
1,383
3,1147
1,394
1,667
1,430
1,528
1,518
2,992
1,9715
10,2242
3,1067
8,2760
2,632
3,1073
10,2268
7,2279
7,8280
1,538
1,506
1,404
1,301
1,433
2,1186
1,489
3,1191
10,2427
10,6770
1,756
2,833
2,603
6,14634
4,1592
1,459
1,497
4,1466
6,1912
1,475
1,371
1,443
5,1489
2,771
5,1534
1,398
1,427
10,4040
1,441
3,1143
1,1323
1,532
7,2441
6,3975
4,1387
6,2469
3,1092
10,3545
4,2151
7,2673
1,366
6,2302
10,4041
5,1741
4,1641
1,496
2,1908
2,663
1,360
1,362
1,350
7,2346
10,3681
7,7818
10,2505
1,474
1,352
4,1507
1,419
9,31152
9,2885
7,2548
1,491
1,383
1,379
6,1748
6,8119
10,3556
10,4569
3,780
1,360
1,615
8,2913
1,447
6,2284
7,1959
8,2687
1,490
1,777
1,443
1,835
5,4358
8,3034
8,41244
5,1366
1,399
1,628
1,415
1,435
7,2555
7,2314
5,1808
4,1738
1,735
2,900
1,636
3,3333
5,1765
3,25126
1,363
1,323
1,511
1,442
1,392
3,1027
3,1238
9,2900
6,2450
6,7240
1,388
1,466
6,9875
7,6289
1,2034
1,279
1,258
4,1228
1,420
1,390
1,502
10,3467
10,3258
6,2854
1,220
1,371
1,584
3,1125
5,2775
7,2460
1,270
1,248
1,2621
1,480
8,2826
6,3062
9,2606
8,8019
3,1120
4,1333
1,402
1,585
8,2900
1,750
7,2321
1,280
1,404
1,733
1,516
1,339
9,14219
3,1305
3,1085
3,1795
1,450
8,2555
5,8483
3,1272
1,342
4,1441
1,246
8,2016
10,2497
1,447
1,407
1,519
3,1117
2,681
5,1699
1,506
3,1115
7,2690
4,1491
1,264
3,12594
1,260
3,875
2,908
1,371
1,509
2,666
6,2233
4,1430
5,1745
1,367
6,2223
4,16693
6,1846
1,264
9,2963
1,246
4,1265
5,1928
1,467
1,581
7,28824
2,783
10,2226
9,2946
1,495
2,811
1,9090
4,1325
1,279
4,1900
1,603
5,1401
10,3268
1,478
2,694
2,746
9,3049
2,737
4,1386
2,815
3,1091
1,491
1,426
1,285
3,1152
1,367
10,2819
10,3309
1,591
7,2334
4,2648
5,1784
9,3129
4,1416
7,2383
2,624
1,10891
7,2194
1,357
9,3612
1,322
2,527
10,2886
1,859
7,2197
1,480
10,3721
5,1406
6,3822
8,2942
6,2091
1,552
1,495
1,255
9,2887
7,2001
7,2593
8,2889
7,2296
2,812
1,496
10,4021
10,2569
7,2523
4,1367
4,1870
7,2594
5,1658
1,247
7,2385
7,1902
6,2492
10,2542
3,1079
8,2675
3,1109
10,3428
10,2961
5,2127
6,1919
2,1064
6,2034
1,501
1,290
6,2005
2,1185
5,1990
5,1510
4,1339
10,3024
8,2584
10,8492
10,2743
1,621
3,1082
3,2297
3,962
7,10556
3,926
1,655
10,2625
10,3059
3,1144
3,1106
8,5792
6,2066
8,2748
8,1916
1,489
3,1002
1,589
6,2033
7,8108
10,2338
1,691
8,2032
10,3393
7,1789
4,1432
3,848
3,1362
10,3096
10,2356
1,467
6,1979
2,877
3,1746
8,2911
5,1162
6,2291
3,721
3,1256
7,2748
9,2981
3,1142
8,4584
1,312
1,395
7,2459
5,1752
4,1434
3,1495
3,1126
3,892
2,1258
10,3411
4,1672
9,2722
9,16264
1,516
3,1149
5,1514
1,309
7,2134
3,1338
7,2545
9,3179
4,1576
7,2384
1,793
8,2869
9,3011
2,513
7,8413
2,834
2,768
1,479
1,262
8,2528
5,1774
6,2135
5,10572
10,6036
10,2562
4,1616
2,676
10,2931
8,2673
3,970
9,3082
1,386
1,337
1,271
2,743
2,870
6,2064
4,10372
9,2868
10,2894
1,581
1,569
10,3536
7,1705
6,2157
5,1620
1,462
8,2023
1,249
10,3943
4,1430
3,1011
7,3759
3,1250
5,1445
1,2746
5,1699
6,2204
3,953
7,22704
10,2638
1,500
1,2904
1,242
8,2706
7,2408
5,1919
3,9433
3,1058
7,1709
1,614
10,2435
10,3430
10,2541
4,2219
10,3276
6,3062
1,457
1,275
9,2907
4,5944
3,1032
4,12639
2,818
3,837
1,662
10,3310
1,504
3,770
6,6395
10,3126
1,435
1,511
5,1123
3,943
5,1610
7,2444
5,1811
6,1427
5,1453
8,38413
9,2164
10,3384
1,322
1,424
10,3222
1,461
1,332
1,273
3,1008
1,499
1,345
1,623
1,499
10,3669
3,37452
9,2069
7,2532
8,2072
2,826
8,2597
1,471
1,416
1,321
1,581
1,563
5,1750
1,498
1,432
10,2886
1,34868
10,2919
1,533
2,618
1,347
1,344
1,1402
1,363
1,257
2,603
2,986
1,449
1,682
1,444
10,2415
8,34762
10,2296
1,503
1,298
2,700
10,2064
6,10495
3,828
1,314
1,307
7,2343
1,412
10,5439
1,367
8,1779
6,28143
5,1138
1,580
1,257
6,1627
5,1209
1,357
1,514
3,824
7,2183
7,2656
1,438
7,2391
1,375
10,3111
3,2841
10,2966
1,451
1,249
1,709
1,489
1,403
1,551
9,2238
5,1322
8,2907
8,2596
7,2623
1,376
7,2356
2,702
3,958
1,525
1,240
3,1054
1,253
1,472
7,2039
2,735
1,523
5,1779
1,398
3,1053
1,273
10,2342
3,42153
1,511
1,679
1,264
8,2873
1,385
4,1365
7,1695
8,2068
1,454
9,6085
3,1347
8,2804
1,475
5,1275
1,501
1,542
3,1074
1,237
8,3160
1,476
2,644
1,291
7,1944
1,431
10,3502
6,2171
5,4954
1,315
2,874
1,501
1,508
1,568
1,281
3,1014
1,479
1,404
10,3268
10,2614
1,505
3,1127
1,740
9,3405
1,340
1,557
6,2663
1,348
1,533
1,327
3,1443
1,557
1,408
2,480
10,2764
1,351
8,3262
4,1452
3,1136
2,866
1,551
6,2386
1,288
1,520
1,246
1,372
1,393
7,4516
7,1591
1,291
1,283
3,3666
1,384
3,1136
9,3110
1,366
1,517
1,359
1,526
1,542
2,4379
1,419
2,1167
3,979
2,866
1,422
2,927
7,2442
1,351
5,1626
1,444
4,1613
1,375
2,1017
1,287
1,572
1,381
4,1870
3,868
8,1827
1,337
4,1196
4,11096
6,1645
10,3363
1,276
1,434
1,402
1,879
9,2165
6,2469
1,298
7,2360
9,1881
1,495
1,275
1,419
5,1979
1,483
10,3166
1,261
1,1271
1,323
9,3258
4,1767
6,2316
3,1028
3,1115
1,521
5,1439
2,546
1,325
1,502
2,743
10,3202
1,292
4,1714
1,322
7,2028
5,1646
1,388
7,1746
5,1552
4,1313
10,2266
5,1351
1,632
1,487
4,1505
10,3348
1,296
1,763
1,258
7,2475
8,1890
1,594
10,3061
3,1012
5,1765
5,1730
5,1406
1,540
1,592
1,354
8,2729
1,263
7,3901
7,2654
5,3528
6,1528
1,749
10,2527
5,1874
10,2303
10,2034
10,3332
1,410
1,2284
1,370
1,414
1,493
1,435
4,1533
10,4047
10,3254
4,1654
2,713
8,2749
8,1735
8,1718
10,3402
1,575
3,1149
1,411
5,1253
3,1076
6,7316
10,3278
8,2992
10,2338
1,632
10,3124
3,4182
9,3564
9,3184
10,2722
1,567
1,635
1,406
9,2266
10,2796
3,1011
10,2502
10,3353
5,1658
1,605
7,1480
8,9630
10,3692
5,1709
8,2124
1,381
1,634
1,343
3,763
7,1871
6,4310
6,1677
1,544
10,2595
2,1027
3,816
6,2153
10,3846
10,2475
10,3167
1,313
7,2395
1,386
7,1512
7,2466
6,5859
10,3507
2,854
2,578
1,447
8,1975
3,1832
6,4633
10,2557
5,1166
1,317
6,2041
1,373
1,264
10,4057
7,12862
10,3405
5,1859
3,1187
1,618
1,356
7,2533
10,3423
5,1413
3,1014
10,2613
8,2750
1,270
2,555
10,3409
3,1582
2,1035
3,1263
4,1603
1,675
4,1043
1,397
5,1410
1,322
7,1796
2,966
5,1578
2,588
5,1475
3,1273
5,1678
2,1083
2,625
6,2192
2,817
5,1450
5,3194
2,763
1,239
7,1789
3,1038
10,3445
9,2247
10,3313
10,3673
3,1072
2,1001
6,1603
9,2879
1,468
10,3182
1,566
1,525
1,419
1,270
9,3080
9,3209
5,1453
7,1441
1,858
3,1367
3,1087
10,2486
7,4180
7,2402
8,1740
7,2340
1,432
1,523
8,2017
10,3136
3,961
10,3919
10,2340
1,564
9,12244
8,2850
10,2861
10,5710
4,1337
9,2568
1,353
1,660
2,525
10,3280
10,3921
2,901
10,14410
3,1035
10,4573
4,1970
8,3044
7,1535
10,4797
6,2184
6,1847
2,883
1,382
1,433
7,1607
7,2351
4,1478
10,5535
8,1867
8,3074
4,1485
10,3236
8,1793
6,2897
6,2173
10,3317
7,2201
1,410
1,333
3,681
8,7355
5,1182
8,2454
5,1900
2,763
7,5906
8,6704
10,2248
4,1454
3,1017
10,3376
8,2667
1,383
1,391
10,2277
10,2315
2,678
1,451
1,495
3,1295
5,1589
8,2181
10,2582
1,473
8,4301
5,2642
3,1228
10,3031
1,284
3,723
1,436
5,1931
10,3295
1,303
7,2611
1,590
2,672
4,1222
10,3226
5,1723
10,2457
10,3414
1,304
1,384
9,1920
2,610
10,3361
5,1485
1,286
7,3909
1,585
3,1473
1,637
1,543
5,1683
2,624
9,3545
1,257
1,299
2,823
3,941
10,3096
1,631
1,266
9,3256
1,499
8,2790
1,386
1,566
3,1241
1,423
3,1042
1,329
3,1055
1,492
9,2263
10,3021
3,940
1,261
10,3498
1,735
7,2502
1,461
1,396
8,14478
1,263
8,8067
1,465
9,3128
1,372
8,2392
10,5653
7,1791
1,315
2,1092
1,637
1,460
1,294
1,342
6,2079
1,377
8,8308
3,885
10,3287
1,285
2,536
5,1297
7,1577
1,297
7,2466
1,642
1,460
1,304
1,395
4,1334
1,404
2,1032
4,1332
10,3785
1,406
8,2879
8,2644
9,2045
1,279
7,2334
1,742
2,685
1,366
1,422
4,1211
1,518
1,490
6,2239
10,2866
1,272
7,1715
10,2438
9,2273
1,264
1,600
1,454
1,430
1,323
1,491
2,892
1,362
1,438
10,3430
1,529
1,282
10,2676
1,366
5,1813
1,237
1,516
1,424
7,2317
5,1301
1,823
5,2423
1,514
1,734
7,2522
10,3150
1,358
10,2343
1,601
7,2645
4,1110
2,776
1,430
1,396
1,504
1,791
7,2517
1,300
1,659
6,2263
7,2550
1,359
1,387
1,260
3,1432
1,461
3,1306
1,485
1,496
1,463
1,632
1,760
1,398
1,576
4,1425
10,4528
1,279
2,907
1,263
3,945
5,1472
1,513
2,1026
1,337
6,1461
8,2903
1,607
1,430
1,1139
10,3292
2,909
1,277
8,1750
1,490
10,2599
10,2257
1,525
7,2638
1,318
1,274
2,846
6,2461
3,986
1,453
1,570
9,2327
10,2336
1,466
1,475
1,391
8,1655
1,556
1,568
1,497
3,859
3,1216
3,2170
4,1456
1,497
9,3105
3,1369
4,1219
1,652
1,252
5,1597
6,2109
1,478
7,2799
2,603
10,2535
5,2226
2,1067
10,3340
1,617
3,1504
8,2872
4,971
1,286
1,279
1,528
9,2356
1,557
8,2735
1,426
5,1839
2,804
8,3027
10,2469
1,500
8,2179
5,1648
9,2090
1,276
1,377
1,323
10,3461
1,546
5,1424
1,366
4,1248
7,3098
8,2709
10,3131
1,456
5,2062
8,2573
6,1995
1,238
5,1249
1,269
10,3285
1,353
8,2720
1,523
7,2604
10,3214
10,3546
6,2080
1,401
8,3104
10,6983
10,2832
1,301
1,272
1,346
5,1151
1,295
3,1329
7,2127
10,3610
10,3506
8,2697
10,3354
9,3080
10,5396
1,339
10,2287
1,240
7,2537
1,393
2,1078
1,578
3,1292
2,741
10,2512
8,3702
4,1381
7,2342
5,1623
10,8915
1,380
6,1351
1,251
7,2415
1,384
9,3030
3,1443
9,3478
7,1615
10,2594
7,2037
9,7326
1,579
10,3688
9,3798
8,2601
10,2355
1,419
3,635
1,347
3,995
7,2333
2,1110
10,2491
3,1409
5,1672
2,706
9,2930
10,2967
1,3717
1,428
1,407
1,370
9,1996
1,313
6,1394
4,1425
4,1387
8,1796
10,4220
3,941
1,511
2,730
10,2921
7,2566
5,1969
3,1161
10,3582
2,458
1,416
1,415
10,3282
10,2568
10,3091
10,3961
3,1063
1,374
3,1180
10,2723
2,697
1,462
4,1603
3,1171
8,2778
1,475
7,1703
7,2089
2,846
10,2727
10,14271
2,835
1,451
8,2805
9,3270
5,2058
2,809
6,2087
5,1316
3,940
1,622
10,3103
10,2443
9,2315
3,677
10,16216
6,1438
1,409
5,1403
1,567
2,691
7,2271
10,3069
10,3494
10,2836
5,1334
7,2409
10,2948
5,1699
6,1431
10,3258
7,2614
1,384
8,2295
5,1736
1,699
1,690
10,3277
10,3131
1,323
10,4762
10,3386
3,1366
10,3851
1,371
7,40859
10,3281
1,360
9,3114
3,898
1,397
1,548
7,2175
7,2575
8,1890
8,1700
4,1373
6,1440
10,3484
10,2761
10,7528
10,3510
1,259
10,6891
7,2104
1,386
1,537
10,3483
10,3136
2,963
9,2394
10,3998
6,1582
10,2576
10,2186
1,583
8,2246
1,306
1,652
10,2686
1,350
1,433
6,4067
5,1763
4,1518
10,2970
3,1063
10,2500
8,2936
4,954
1,454
10,2067
1,247
8,2411
2,486
1,453
2,957
4,2169
10,3580
1,394
10,2145
1,479
10,2239
10,2607
5,1054
1,475
4,1079
1,279
2,772
7,1813
1,659
1,413
10,3429
3,1238
10,11161
5,1230
1,417
10,3117
1,319
10,3321
1,416
10,2095
1,277
7,3453
10,3482
1,574
1,357
1,508
3,1653
5,6931
10,3332
1,448
5,1546
5,1292
10,2759
1,376
1,328
2,608
5,1523
8,2374
10,3545
1,415
1,490
9,3087
8,1704
2,819
1,449
4,1002
1,540
9,8684
1,662
1,257
2,624
1,489
3,850
1,679
3,1018
1,430
10,3584
6,1800
3,824
1,428
10,2860
1,551
10,2503
1,545
1,258
5,1589
1,569
10,2441
2,591
6,1530
1,504
7,1829
9,3642
4,1673
1,412
10,6484
1,624
1,533
1,583
1,291
8,2218
1,485
8,2195
1,381
10,2133
1,445
7,1677
10,2852
6,2257
1,502
10,7260
1,438
1,344
1,414
1,242
10,3363
2,955
2,808
1,394
7,1943
8,2310
10,4394
10,2471
9,3203
1,439
5,1621
1,463
3,1076
1,514
1,280
10,3106
1,510
1,723
2,689
10,2444
1,515
10,3462
5,1668
10,2808
1,466
1,435
1,375
1,509
2,795
1,300
10,3383
1,479
1,321
10,3757
10,2462
1,434
1,631
10,3236
7,2367
1,450
1,297
1,305
1,538
4,1469
1,336
8,2681
1,320
1,700
10,2712
4,1453
1,593
10,3397
1,336
7,2457
2,1164
1,559
1,403
1,309
5,1750
1,247
10,2482
1,326
1,315
8,2599
10,2720
1,2260
1,659
1,661
6,2553
9,3245
1,431
3,727
1,508
6,2112
6,1265
5,1511
1,1330
1,403
8,1885
6,2298
1,495
1,523
1,418
4,2070
3,1119
1,415
1,441
5,1454
8,2598
1,441
7,1805
1,371
1,561
10,2655
3,1356
1,578
1,523
1,382
10,3090
5,1826
1,280
1,272
1,287
2,752
4,1096
3,1297
1,349
1,332
5,2049
10,2329
2,761
1,516
1,394
1,430
8,2177
1,262
7,1871
1,382
4,6696
3,1031
3,782
3,1111
1,413
3,868
1,403
2,4749
1,507
1,5665
3,1743
10,3266
1,262
9,2771
1,324
3,14594
5,1815
10,2718
2,549
1,280
10,2907
10,3338
3,1233
1,509
2,754
1,558
8,2642
1,290
7,1993
1,345
4,1479
7,1802
1,316
10,2400
1,388
5,1422
4,1119
5,1919
1,569
1,435
1,694
8,2456
1,248
8,2764
7,2422
7,2412
10,3248
8,2425
7,2408
4,1530
5,1260
5,1137
10,7390
1,406
1,432
1,520
1,488
1,622
10,2236
10,3297
8,18089
10,2911
7,2538
10,3299
1,443
10,3249
7,2629
9,2967
1,444
1,381
1,537
7,2453
1,654
3,768
10,3163
2,646
10,2238
10,2686
7,1508
3,875
10,3600
9,2754
7,14578
1,414
1,270
1,462
5,1585
3,1243
10,2492
10,3400
4,1252
10,3394
10,3057
8,2665
10,3625
7,2475
10,2345
8,2727
1,552
6,1417
1,524
2,640
4,1728
1,349
10,3198
2,22949
5,1529
9,2485
3,756
9,2083
10,3233
1,264
7,2451
8,2760
4,1227
1,512
2,726
10,59850
2,780
10,3104
1,10715
3,1592
2,696
10,2177
6,1803
10,3390
1,340
5,1718
9,3148
4,2904
1,441
6,2177
9,58175
4,1136
1,526
6,31588
10,4271
1,360
5,1502
9,3824
5,1514
1,408
3,1282
1,360
9,3138
1,482
3,1169
7,47503
1,574
6,2474
2,889
10,3702
1,403
3,960
10,2580
1,589
1,379
3,890
2,646
10,3727
1,491
4,1323
10,3145
6,1401
7,5078
2,741
10,4078
1,365
10,3400
10,2814
1,478
10,2538
2,511
7,2255
6,2221
9,2499
7,1704
6,1885
5,2093
5,1905
1,14902
10,8638
1,274
5,1827
7,2246
1,329
1,730
7,1676
2,754
10,5087
2,861
10,3193
9,47361
10,3399
6,1879
4,16309
10,26578
1,297
5,2268
1,421
1,429
1,409
10,2548
10,3353
1,640
2,562
10,3427
2,835
8,2248
2,1032
5,1738
7,26513
1,247
7,2128
3,1321
1,558
1,301
10,4606
1,392
10,3473
3,762
7,2123
7,14734
9,3044
4,1320
6,4646
1,700
1,352
10,3931
4,1831
1,2560
1,427
7,1698
9,3199
8,2704
8,2719
10,2337
6,1847
10,2197
2,913
8,2754
10,3360
1,250
10,2534
10,3609
10,3543
1,418
8,1720
10,4486
2,3961
10,3205
10,2488
5,5803
10,3367
1,369
1,372
1,628
1,323
10,3741
10,3796
1,493
1,293
10,2384
7,2665
3,1289
1,511
3,1075
6,1880
10,2900
4,2776
7,27099
1,511
1,248
10,2449
7,2550
1,627
5,1758
10,2589
2,767
5,1884
8,3191
1,493
1,510
5,1720
1,681
3,1485
1,2732
4,1072
5,1734
10,3523
1,585
3,1326
3,1031
1,556
8,2650
8,2789
1,382
3,982
2,953
2,1296
6,2125
1,485
5,1714
1,616
6,2291
1,654
1,373
1,313
3,1203
7,1849
8,6382
1,357
8,2541
1,485
3,1735
7,2384
1,511
3,776
1,309
10,4425
1,625
10,11981
1,253
6,1448
1,500
2,648
1,313
1,349
1,376
1,356
2,952
6,1986
5,1442
1,341
10,3576
10,11487
10,28272
1,270
10,3519
10,5683
7,12723
1,288
4,1233
1,551
4,17827
4,1418
2,782
8,1742
1,316
1,644
10,3339
9,5464
1,290
10,4018
1,374
2,1408
1,256
4,4595
1,391
1,583
1,434
1,409
6,1482
1,300
1,681
10,3470
7,2846
1,357
7,2546
10,8020
3,1196
1,352
4,3550
3,1078
1,475
1,539
1,387
10,2993
1,284
1,709
10,3519
10,3541
1,321
10,3153
2,651
2,583
1,300
1,483
1,548
4,1751
5,2058
1,361
5,1222
1,276
1,686
9,37061
10,3409
1,351
10,2204
1,287
6,1691
1,310
1,475
1,390
1,643
1,420
4,11009
7,1641
1,370
1,544
2,900
2,850
1,585
4,1497
1,426
10,2509
1,624
3,52123
1,287
6,2314
1,526
6,14124
5,1766
1,336
1,524
6,2259
4,1519
1,350
10,3095
1,401
7,1641
5,1569
7,2334
1,390
1,511
1,399
1,366
10,3235
1,471
1,567
5,1714
6,2084
1,403
1,431
8,9266
10,3017
3,825
4,11762
1,283
7,4640
1,536
2,682
2,669
4,1640
1,487
6,2053
5,1885
10,2456
1,408
1,366
7,1894
1,491
1,488
1,352
1,645
2,2567
4,1247
4,1084
10,3617
1,585
3,6916
6,2206
3,1175
1,378
1,417
8,1895
10,8896
2,728
4,1551
8,4186
1,352
4,1339
3,1022
10,7722
1,633
4,1530
8,2820
5,1816
1,314
1,432
4,939
5,1155
4,1331
9,3259
4,1429
1,367
3,6273
6,1747
10,3597
2,971
4,1397
2,807
7,2318
1,281
1,389
10,2431
5,1217
1,355
7,1855
1,575
1,489
8,13768
10,3125
10,3546
9,3705
8,26419
1,402
10,3257
1,326
1,431
3,1184
7,1598
1,378
10,3541
8,23617
1,534
2,832
10,3306
6,1833
3,1164
1,449
3,1042
10,3400
1,369
5,3119
1,436
10,2447
1,402
10,3434
1,536
1,464
7,2473
10,3069
10,3348
5,2039
2,5900
1,406
10,3393
1,360
7,1461
1,402
9,3266
6,10824
6,2475
1,354
1,396
8,2814
10,4055
2,811
8,2986
2,746
6,2518
10,2301
1,312
2,549
1,409
10,2222
1,335
10,4265
1,355
8,3172
1,346
10,17624
6,6511
10,9339
4,1390
4,1380
5,1865
1,2696
3,1174
1,425
5,1800
1,483
1,486
2,827
5,1874
4,69725
7,2463
5,10201
6,2169
4,1285
1,351
3,1568
6,1414
10,2685
1,418
10,2422
1,507
5,1879
1,587
1,438
6,17035
1,524
6,2192
1,452
6,2153
1,331
10,3637
1,262
2,542
1,505
2,906
2,682
2,771
2,855
2,882
1,475
1,499
4,1422
10,3815
8,4898
1,391
10,3642
9,2493
6,1480
1,641
3,1438
2,668
9,3524
6,3231
6,3114
2,717
1,430
2,2311
7,2607
7,2222
1,496
10,3979
10,2221
10,3004
1,377
8,2446
1,346
3,1511
1,615
5,1866
2,875
1,398
3,1057
5,1701
1,6887
4,1508
10,4813
10,3397
8,2358
1,298
10,3000
1,332
8,6122
3,1537
4,1651
5,2098
1,528
8,2584
2,632
1,411
1,495
7,2293
4,965
10,2560
1,244
10,5762
6,1853
5,5998
7,2690
7,1860
2,753
1,521
4,1284
2,931
4,1467
4,2945
10,23816
10,3324
10,3405
5,1789
7,1686
8,2450
8,2806
7,3002
2,900
6,2392
1,466
1,359
3,1382
1,454
4,9880
1,495
10,2243
4,1320
10,2389
10,4024
7,2263
10,3880
3,996
9,2989
8,7854
1,491
1,319
2,622
7,17296
1,354
10,21917
10,3305
5,1566
1,275
10,3159
7,2008
8,2863
6,2551
8,2567
7,2872
1,524
4,1242
7,1613
1,404
8,10486
1,633
2,1142
3,1326
5,1758
1,437
4,1381
1,827
2,1152
4,1254
4,1629
4,1350
1,930
7,2502
2,760
1,385
1,463
1,574
10,11102
5,1160
1,418
7,2326
10,14270
2,989
5,5907
7,2588
1,440
1,650
10,3436
1,449
2,653
1,468
3,1469
5,1318
10,3585
1,449
3,1044
2,983
5,1835
6,2198
1,560
1,624
1,479
10,2791
2,643
7,2423
1,569
10,3612
5,1640
9,2490
2,679
2,818
7,2620
1,505
2,953
5,1814
2,1324
4,2432
8,1841
2,664
1,431
1,534
10,3546
7,2846
10,2166
1,362
3,903
2,1137
2,1019
1,587
3,1120
3,1399
8,14925
10,2114
6,1995
1,414
5,1757
8,20273
10,3056
10,3379
1,463
1,540
1,401
1,711
1,595
6,2341
6,2366
1,9219
3,843
1,367
2,738
1,443
7,1748
10,3332
5,1385
1,399
5,3399
1,374
5,4204
1,555
5,1909
5,1385
4,8840
10,3338
1,493
2,690
1,445
9,2824
10,3603
3,1275
1,375
1,502
1,420
3,1316
6,2173
1,459
7,1989
6,7235
1,452
1,447
2,3552
2,713
10,3390
1,467
10,3861
1,395
5,1776
1,473
5,1756
3,1210
2,7780
8,2702
2,732
1,265
6,19800
8,2857
1,319
10,3405
10,3441
10,3401
6,3048
7,2270
1,456
2,692
2,5628
1,592
8,2739
1,357
1,400
1,415
1,377
1,442
1,515
1,325
10,7971
1,391
2,931
1,396
10,3583
6,2253
1,738
10,11439
1,406
1,482
2,704
7,3018
6,14162
1,438
1,238
10,3517
1,420
3,1163
2,763
5,1932
7,2132
1,574
7,2654
7,12824
1,288
1,384
4,1615
4,1443
1,559
1,354
10,3579
5,1720
5,1729
1,449
4,1356
5,1729
5,2041
2,790
1,9579
1,344
4,1408
7,2466
2,757
6,2053
1,384
7,10759
1,359
10,3199
1,394
7,2571
9,3110
1,380
5,1405
1,578
1,378
7,2372
6,2213
4,1982
1,351
1,288
10,3486
8,2585
4,1548
1,489
9,3596
4,1555
2,859
2,730
2,5798
1,1106
8,20391
3,1297
3,8643
6,2308
1,287
1,604
7,8453
8,2728
1,619
1,999
8,3049
1,1631
2,626
1,465
1,1195
1,348
2,4325
6,1931
4,1462
1,331
1,412
4,6180
2,855
2,923
5,1936
7,2677
1,951
3,1077
2,816
1,968
3,1324
7,43597
8,6832
1,559
5,1520
1,475
2,665
9,3475
6,1664
1,419
1,522
1,422
8,2621
2,885
5,1307
4,1410
5,1784
4,1367
6,2196
1,259
1,408
4,1394
8,3220
8,2552
1,410
2,734
1,406
7,1772
6,2035
3,1121
1,353
1,385
8,44195
3,1526
1,370
1,367
4,1546
1,519
10,3286
8,2699
4,1437
1,395
10,4149
6,2043
1,616
6,1935
2,907
4,3891
4,1316
10,3464
1,613
2,950
1,562
10,2480
1,471
5,1613
5,1906
7,2284
1,405
10,11427
1,481
5,1798
1,400
1,448
10,3343
1,399
6,2092
5,1583
8,1838
7,10395
1,344
1,747
10,2311
8,3718
5,1895
2,871
6,2320
7,2734
2,683
3,1042
1,374
4,1348
1,419
10,2633
6,2151
1,539
6,7199
10,3039
5,1869
5,1213
1,497
1,2943
1,490
4,1264
10,7782
1,431
1,1641
7,2340
4,1150
5,1885
1,436
5,1798
3,931
4,1530
7,2379
3,1106
9,4215
2,613
5,51234
10,3241
1,374
7,2189
1,407
3,1147
1,363
1,577
3,1071
10,2946
7,2458
9,3048
6,2445
2,839
1,320
1,461
10,2989
6,2387
3,956
6,2536
6,1681
1,487
1,433
3,1155
1,427
3,1096
10,3066
2,739
3,1131
2,624
4,20771
7,12644
4,1449
2,764
1,361
7,1723
2,659
1,479
8,2723
1,305
6,2105
10,3300
5,1818
5,1792
2,792
1,16464
2,894
5,43740
1,494
1,411
10,2468
1,510
1,393
9,3167
1,255
4,1311
5,1404
4,1459
7,2378
6,2041
8,18388
6,1935
4,1562
2,660
1,479
4,1383
7,2517
1,357
7,5831
1,350
5,1877
3,1229
7,2372
4,1504
2,3550
6,15508
5,1658
7,15972
2,747
2,764
5,1144
1,325
5,1359
4,1367
1,301
2,810
10,3671
9,3291
8,5987
6,1783
7,4947
6,2148
3,1012
5,1597
1,459
10,2183
1,612
1,361
7,6212
1,282
1,336
10,3249
9,2824
1,386
3,1141
2,734
8,2570
4,1782
6,2145
1,410
10,2083
1,618
2,713
7,5152
1,275
1,482
10,3130
1,383
4,1307
7,2504
1,1038
4,1296
2,918
6,3101
1,380
10,7347
1,497
1,391
2,860
1,267
6,3491
10,3241
8,7868
1,340
8,31087
1,27556
1,480
3,1364
8,4001
1,466
10,3301
1,449
5,1673
1,399
1,554
3,1123
7,2356
7,2315
8,2709
7,2311
4,31074
2,683
2,719
1,451
1,387
5,1841
6,2142
5,1840
2,623
1,528
5,1757
10,3547
6,6082
1,825
1,341
1,542
3,997
4,3686
2,709
1,496
1,408
3,1185
10,3155
1,528
6,1493
2,699
10,4246
1,364
1,489
3,1013
1,340
1,388
8,3324
7,4727
3,1118
1,370
2,777
8,2820
2,992
6,1492
3,1182
1,543
2,853
1,542
1,591
2,832
4,2685
7,2599
7,2702
2,803
1,349
6,2227
9,3096
7,2362
3,820
9,3118
1,467
1,348
7,2155
1,484
2,652
1,373
2,1146
2,956
3,991
1,594
2,765
10,3340
6,2081
1,364
7,2200
1,517
1,380
1,466
6,2351
6,2040
1,362
1,1476
4,1739
7,2317
1,3713
10,3677
5,1797
3,1015
5,1791
4,1442
1,466
4,1352
6,2057
4,1415
1,411
1,411
2,665
3,1364
6,2067
1,525
4,1372
10,2500
5,1509
4,1371
5,3848
2,727
1,387
1,608
2,675
8,2492
1,392
6,21494
2,956
9,2816
1,647
7,2740
8,2448
6,2213
4,958
1,415
1,725
5,29666
5,37765
5,1684
7,2594
1,456
1,388
2,991
5,1734
1,521
8,2758
10,2532
10,3335
9,2963
9,7704
1,374
1,395
2,789
1,584
7,4738
1,601
2,831
1,551
8,2711
1,618
4,1625
6,1539
1,656
7,2366
8,2523
1,355
1,495
2,740
1,644
7,2525
4,6170
7,2534
5,1823
2,7875
1,477
2,674
3,840
1,457
10,3488
1,407
1,354
1,482
1,492
1,523
3,1072
1,561
5,3879
1,471
4,1387
1,835
4,887
10,2315
1,692
10,3380
7,6605
1,364
1,470
1,385
1,349
6,2062
1,463
1,519
1,445
7,7733
1,421
1,317
10,2542
1,675
5,1478
1,387
1,351
1,462
1,470
2,766
2,949
8,2944
6,6811
1,453
2,798
10,4138
5,1414
2,461
1,559
10,3316
7,23224
1,365
1,459
1,440
1,475
3,1132
5,1794
2,664
1,527
4,1405
10,3724
10,2685
10,2243
8,4178
3,1465
1,455
5,2103
1,369
1,471
2,1124
5,1994
4,1475
7,2475
1,482
2,796
9,18342
8,1948
4,1542
4,2696
1,592
1,508
6,2177
9,3004
3,1091
1,465
1,486
6,2158
8,23772
1,326
7,1961
9,22021
6,2225
7,2046
1,513
10,3669
1,576
8,2738
1,448
6,2166
1,577
1,609
4,1403
1,459
1,468
1,388
10,3561
9,3111
1,451
2,1192
10,3917
2,754
4,1451
1,689
2,971
1,488
1,478
1,563
5,1714
1,753
6,2154
10,25171
10,3524
1,276
7,2007
7,2958
1,649
8,7268
6,2250
3,1061
1,561
3,1251
7,2424
1,464
1,482
5,1269
2,823
10,3015
1,285
5,1627
9,3776
1,564
2,662
3,1178
7,2626
5,1597
1,530
1,477
6,2090
1,4139
8,2826
8,2699
5,1733
1,246
4,1358
10,22302
1,341
4,1445
6,1899
10,3445
1,2402
1,415
1,368
3,1034
5,14946
10,3312
6,2285
1,459
1,286
1,397
10,49044
2,5886
8,3228
5,1661
5,2003
6,2027
2,703
2,778
1,361
6,5057
3,956
6,2103
1,580
1,304
1,510
1,470
1,553
4,1524
7,6809
4,1596
3,3125
1,469
2,764
1,409
1,389
9,3141
4,7859
1,459
1,301
1,739
1,667
1,440
1,408
4,1804
7,2442
8,2825
1,469
5,1731
2,794
3,2316
10,2862
4,1486
1,289
1,247
1,688
1,484
1,373
6,2253
7,7593
8,8672
4,1428
1,614
6,2007
1,351
3,1007
5,1653
5,35397
8,2036
1,252
10,3305
1,428
1,486
4,1511
4,1577
2,5500
7,2344
1,462
1,414
2,809
2,774
1,415
2,25808
1,426
1,244
5,1983
1,686
6,2313
2,985
2,715
2,969
7,2349
5,1922
3,1131
1,455
5,1741
10,3503
4,1449
10,2564
10,2633
5,2737
2,813
8,2985
1,619
5,2397
2,671
9,3245
1,634
7,2421
5,1653
4,1517
1,717
3,36399
1,288
10,2684
10,3143
1,635
6,2531
1,679
2,757
1,475
4,1237
1,684
7,2370
1,416
6,2131
1,297
1,514
1,435
9,2165
10,3562
1,438
3,1225
2,957
1,405
4,1625
7,2293
1,609
6,2000
1,431
4,1375
1,363
1,439
1,448
10,2265
10,3061
1,447
5,1757
2,881
4,1444
10,4009
6,4837
2,678
3,3328
2,748
7,2246
1,287
1,428
1,347
10,3171
5,1381
1,510
7,1951
2,781
5,1238
10,2961
2,768
7,2494
2,1541
1,326
9,8947
1,276
8,2522
1,450
1,611
5,1667
6,2153
4,1390
6,2286
10,5120
5,1937
1,419
5,1907
2,877
1,427
8,2362
1,388
1,427
2,586
1,525
10,2902
1,350
2,726
8,5023
8,2816
8,3055
3,1069
10,3324
5,1710
1,417
6,2010
1,313
6,1952
10,3309
10,3340
7,1972
5,1757
5,1656
1,722
10,3501
10,2442
1,457
4,1609
1,454
5,1732
5,7856
1,269
4,1266
2,591
9,2623
6,1654
6,2170
4,3331
6,2103
9,3194
9,2830
1,554
7,2503
2,849
1,456
6,2149
1,300
4,1289
10,2369
10,2423
2,705
8,3690
7,3636
7,1781
10,3687
1,564
1,544
5,3677
5,1734
2,1005
1,620
8,1952
2,831
10,2267
4,1799
10,2589
3,1314
2,893
3,1119
6,1930
1,441
6,2237
8,3568
1,465
5,1866
1,797
10,3039
1,319
10,2808
7,2785
3,1181
2,5252
1,658
4,1637
5,1378
1,313
2,863
9,9153
6,1958
3,992
1,499
3,791
7,2286
8,2602
10,3040
10,2453
1,599
4,1513
7,4908
10,2783
10,3079
3,1078
6,3385
3,1132
5,1728
1,371
10,3106
1,15406
10,2199
10,2309
10,2940
4,1540
5,1789
6,2507
3,1019
6,1328
6,2030
2,944
2,1059
4,1668
4,1452
2,640
1,464
10,2232
10,3930
10,6781
4,1471
10,2993
5,1936
1,482
1,261
7,2234
1,599
5,1869
7,2481
6,1928
10,3204
1,628
8,3026
10,3588
4,3419
8,3128
8,2816
4,3950
1,447
1,270
6,2073
1,1027
5,1935
9,3265
3,1062
10,3316
1,589
1,474
3,1287
8,1805
4,1716
10,2226
2,773
1,282
1,487
9,2805
1,500
4,1676
5,1866
2,928
7,1610
1,1829
10,14643
6,6912
1,404
4,5475
9,2027
1,642
1,235
5,1317
4,1544
3,1172
7,2228
8,8951
5,1320
10,2283
1,362
1,3997
1,564
1,351
6,1967
10,3029
1,554
1,237
1,331
3,1285
6,1845
1,511
5,2025
7,1636
10,2332
1,2157
10,2967
1,407
1,330
2,764
6,1614
1,2223
1,244
1,295
8,2598
6,1844
4,1534
7,23485
9,2252
10,3331
1,3521
2,445
1,578
1,247
7,12815
5,1720
1,1314
1,223
1,385
1,595
2,605
1,419
6,6529
4,1551
8,2113
2,773
10,2360
1,537
1,238
1,665
10,2671
1,2549
1,236
1,333
2,779
3,1225
7,2464
2,785
8,2422
10,5122
2,2277
9,2040
1,470
1,249
2,779
1,376
2,886
1,223
8,1986
1,437
7,2356
8,3068
3,1211
7,5194
1,375
8,2485
1,283
1,434
1,231
2,896
1,247
1,709
1,245
2,736
1,455
9,3033
1,2130
1,324
2,827
10,2247
6,1940
1,229
1,376
1,419
3,1481
1,292
1,541
8,1930
10,2379
1,366
5,1837
5,1620
1,622
5,2876
2,614
1,366
1,236
1,344
1,291
2,2187
1,434
1,443
6,1787
10,3069
7,16186
4,1066
9,10940
6,2334
1,487
10,3410
7,2404
1,230
1,410
1,283
1,552
1,273
5,1873
10,3211
2,699
3,1028
4,1471
1,498
7,2707
1,378
1,478
7,4970
1,258
1,680
10,2549
8,4153
1,265
1,483
7,2295
8,3089
1,324
2,861
5,1909
2,794
1,389
9,2603
3,1082
1,364
10,5147
10,3822
7,3137
1,318
1,407
10,2501
10,3564
4,885
7,16116
6,2038
5,1551
1,349
1,226
3,1112
9,2253
7,7262
10,3398
3,1320
1,273
1,493
10,2614
10,2461
1,408
8,22409
1,1471
7,2448
1,393
1,323
6,2855
1,395
7,2145
10,2833
7,3022
1,249
6,1927
2,462
1,633
1,508
1,752
1,526
6,2485
1,388
1,633
3,5506
1,409
10,3432
1,432
7,2612
1,317
1,3158
4,1102
10,2691
1,410
1,389
1,561
9,2782
1,451
1,530
2,697
10,2477
3,1249
10,2442
6,2472
6,1654
2,757
10,3357
9,1987
1,350
1,392
2,697
4,1804
1,488
1,250
5,1713
1,249
5,1679
10,3516
2,979
8,2749
3,1135
8,2027
10,3231
1,630
2,675
1,370
1,379
1,437
1,237
6,2377
1,484
10,3530
9,2490
1,525
10,2672
5,1831
1,686
9,2872
7,1857
1,353
1,652
1,545
1,383
1,220
2,1241
10,2948
3,1212
8,3222
5,1639
6,1948
9,3144
10,3800
9,2372
4,1871
1,370
1,2650
1,518
2,544
1,233
1,587
3,947
5,1569
7,2285
3,2184
10,2670
7,2328
10,3370
9,2773
10,3502
1,822
5,2810
2,645
10,2635
1,243
5,2004
10,3569
10,2391
3,1182
2,755
4,929
4,1476
10,4387
10,2517
5,2518
1,658
1,633
5,1693
9,2131
10,3163
3,1220
10,8728
2,1095
10,3542
1,318
2,751
8,2604
10,2783
1,535
10,3030
1,355
1,410
1,480
10,2552
10,3285
4,1706
10,3962
4,1375
2,717
1,789
4,1014
9,6517
2,630
1,604
10,3560
1,275
6,2443
8,2817
8,2006
4,1463
2,850
7,2510
3,801
10,2329
1,361
10,2794
5,1789
10,2280
1,523
6,2074
1,360
3,1349
4,1985
10,3170
10,3347
5,2141
7,2457
5,1485
10,2605
1,747
10,3311
7,21643
9,1951
1,379
5,1533
2,573
2,927
1,669
10,3495
10,3683
4,1453
8,2853
10,3089
10,2938
1,404
8,2516
2,815
1,440
1,531
10,2331
10,3192
5,1744
1,472
1,517
10,3697
7,2556
7,2370
10,3991
3,1204
1,435
10,3444
1,3105
4,2167
10,3309
8,1930
4,982
6,2409
1,340
10,3095
6,1843
5,2046
2,832
10,4205
7,2402
1,464
10,8991
1,496
1,409
1,1042
8,2488
1,354
9,3186
1,436
10,2457
5,2381
8,2817
5,1774
6,2378
1,540
1,438
1,541
1,399
1,360
1,450
10,3553
5,1663
4,1648
1,431
6,2009
7,3080
7,2626
2,878
8,2832
1,536
5,2651
10,13030
1,522
1,349
1,405
3,1238
8,2449
7,2721
1,493
8,2286
6,2267
9,4302
3,1786
5,1633
1,698
1,377
10,2415
1,393
1,337
1,356
10,2866
6,1372
8,3345
1,301
6,1524
10,6463
9,8540
3,1967
7,7490
1,560
1,417
2,715
6,2179
1,345
1,274
10,3167
9,2156
4,1461
2,805
3,1311
5,1263
6,2226
10,5827
1,480
1,308
1,564
10,3273
2,866
1,375
1,426
2,834
10,3579
2,629
5,1574
4,982
10,3721
1,422
10,3516
1,277
1,317
6,2082
1,451
3,1123
1,357
1,440
10,3901
5,1277
1,500
8,2886
10,2291
3,1350
1,500
8,2827
1,264
1,436
1,3179
1,682
7,2392
1,344
1,409
2,806
10,3298
5,1746
10,3104
2,520
10,5467
2,934
5,1555
1,423
1,525
3,940
9,3232
6,4167
1,373
3,834
7,2452
6,1780
10,3178
10,2523
4,927
4,1460
1,607
1,468
1,634
1,509
2,831
1,516
6,2318
7,2551
10,3616
1,448
8,3949
8,2836
10,2714
10,3628
9,3101
1,555
1,488
1,500
1,467
5,1304
1,433
9,3194
10,3792
10,3434
1,342
3,781
10,2324
10,3732
7,2020
1,526
1,628
1,447
1,528
1,684
8,2727
1,498
4,1586
6,2333
7,2381
1,747
10,2265
9,2049
5,1438
1,494
1,545
1,537
2,546
1,454
9,3179
4,3279
1,268
2,1048
10,3196
10,3377
10,2493
10,2402
1,484
10,2655
1,263
1,354
1,429
1,564
1,409
10,3816
7,2340
1,278
8,3228
10,3518
10,3039
1,387
4,972
10,3245
8,1746
1,298
1,498
1,479
1,464
1,313
10,3592
4,1424
1,275
7,2707
10,3559
10,3344
1,272
2,625
1,352
6,2290
1,278
1,448
1,579
1,477
10,2612
5,1942
7,2428
1,296
3,1387
3,1057
7,2419
1,283
10,3517
10,3095
6,1778
1,246
1,436
1,464
1,317
10,2539
10,10570
6,1993
1,381
4,7301
7,2547
6,2120
1,454
10,4886
1,505
10,4084
1,250
1,531
1,480
1,474
10,3424
10,4208
2,838
9,2547
1,732
6,2047
6,1983
1,336
7,2294
5,1303
10,2219
1,271
1,468
1,452
1,419
10,3374
5,1890
5,1600
10,2540
1,544
10,3517
10,5676
1,348
1,800
1,439
2,538
1,264
1,410
1,374
1,373
10,3426
10,3188
2,899
7,2371
1,516
10,3398
5,1983
1,294
1,462
1,300
4,929
1,252
10,3392
1,445
10,3270
10,3060
2,819
8,9246
10,3110
1,625
5,5466
10,3204
9,3612
1,286
1,331
4,1379
1,268
1,324
3,1575
8,2214
10,3223
3,1186
1,503
1,351
1,293
3,1090
4,1427
10,4066
1,255
1,288
10,3349
10,3619
1,266
6,2387
8,2005
10,7336
5,1835
6,2127
10,3559
1,334
10,10647
3,1003
1,587
1,258
1,283
10,3188
1,490
2,779
7,2521
5,1119
6,2709
5,1637
3,1121
10,3396
1,384
4,1587
10,3593
10,3942
1,247
1,510
1,473
10,4272
5,1668
2,789
10,2919
10,3415
10,3494
6,2019
3,1014
2,559
10,3231
1,544
10,3239
1,254
10,2882
1,366
1,387
5,1298
6,2319
10,3349
8,2965
8,2660
7,2436
7,2804
1,354
5,9894
1,496
10,2994
1,355
1,242
1,285
10,3117
10,2512
5,1796
10,3721
10,19128
10,3020
3,968
7,2747
1,360
1,386
5,1773
1,389
1,379
6,1323
1,274
10,2329
8,2594
9,2900
2,911
10,3962
10,2905
2,634
10,6214
1,397
1,309
4,1301
9,2904
1,377
4,1539
1,238
9,4676
10,4599
4,1030
5,1267
2,2665
7,2442
10,3269
10,5550
1,576
1,432
1,331
10,2342
10,3455
10,2216
1,237
10,5918
5,1532
2,859
3,868
4,2180
5,1765
4,1332
5,1850
4,1312
10,3325
1,609
4,1495
10,2833
3,790
1,266
9,2640
10,3986
8,3090
10,2434
10,14947
5,1640
5,1698
10,3315
5,2212
5,1819
10,17742
10,2659
10,2403
10,3014
1,331
10,3453
5,1947
4,1640
10,3416
1,561
1,355
4,1459
3,1603
10,2918
1,393
1,583
10,2604
9,1863
10,2332
1,253
9,3716
10,2714
2,1070
10,3016
1,432
1,242
2,1001
3,1348
8,2743
1,467
1,725
10,2566
10,3228
10,2766
1,293
10,3473
3,1073
10,3449
4,1050
1,381
1,356
8,15328
10,3402
10,2459
1,434
1,513
10,4458
1,578
7,2033
10,3278
7,1617
10,2978
2,562
10,2523
1,25045
1,236
7,7466
5,1352
9,2178
1,407
1,499
6,2294
1,600
10,2995
1,352
4,1399
10,2557
1,421
7,1690
1,505
1,239
2,711
1,572
6,2082
1,314
1,542
1,828
10,3183
9,2300
10,3266
1,339
10,3224
5,1922
10,2698
1,565
1,252
1,466
1,397
5,1388
1,278
1,705
1,503
9,2682
1,451
1,462
10,2566
10,2836
5,2395
10,2433
2,872
1,230
1,496
1,428
10,3056
1,274
2,968
1,614
9,2946
10,3600
10,3427
10,3719
7,1771
8,2625
6,1374
1,426
3,675
1,463
1,431
8,2062
2,834
5,1893
1,718
10,3380
10,4217
10,2429
6,2544
10,2340
10,3175
1,364
1,467
1,327
1,481
1,372
10,3259
3,1173
10,2287
7,2610
4,1316
1,637
9,2399
1,620
10,3195
9,2129
1,261
8,13854
1,384
1,397
1,595
7,2162
4,1043
10,2168
1,419
10,2905
10,2441
10,3083
1,403
1,379
10,3448
1,349
1,359
1,261
1,409
1,327
3,919
5,1747
8,2990
1,604
1,343
1,391
9,8680
1,515
1,287
5,2362
1,353
1,471
7,1787
2,735
10,3203
10,2918
10,2267
10,3890
1,646
10,3364
1,588
10,3606
1,642
1,241
10,3015
1,305
7,3000
3,856
1,295
1,443
2,522
10,3624
5,1743
1,586
10,4148
1,1318
7,2365
1,531
1,300
5,1915
1,243
5,1686
10,3442
1,248
1,512
10,2937
8,4727
10,4759
1,643
10,4691
10,3390
9,3499
1,752
1,294
1,403
1,266
2,820
10,2354
1,340
1,507
10,2930
6,2386
10,3347
1,523
6,2391
9,3100
10,2803
1,517
1,318
1,267
1,229
8,2550
10,2594
1,504
2,627
3,1005
7,10425
3,732
10,3600
1,651
1,557
1,404
1,520
1,317
1,303
1,226
7,6318
7,1549
1,590
10,2659
7,1793
3,1338
10,3205
3,1451
1,434
1,544
10,3638
1,709
1,280
1,275
1,242
9,3013
10,2731
5,1790
2,774
1,370
10,2310
10,2249
10,3475
1,1540
1,380
1,691
1,437
1,372
1,287
10,2136
3,1266
10,2333
5,1752
3,1042
1,244
10,2341
10,2246
5,1841
1,424
1,410
9,3678
3,1120
1,283
1,278
10,7315
5,1877
10,3530
10,4248
10,3078
1,245
10,3499
10,3121
10,3663
1,448
1,286
10,3642
7,2091
10,3629
1,248
8,2460
6,2118
10,11573
8,2753
8,3083
1,240
10,4663
10,2314
10,3766
1,441
1,349
1,446
2,749
10,3573
1,270
6,4731
1,519
10,3399
10,6360
10,3320
1,258
10,2153
7,1923
10,4253
1,405
1,511
1,494
10,7148
7,2498
1,260
10,3471
4,1495
6,5128
9,3257
7,2757
1,237
7,1548
1,368
5,1765
1,386
1,440
1,332
10,3314
10,3688
1,245
10,3315
5,1703
8,14675
10,3707
8,6249
1,302
10,2266
1,378
10,2660
1,490
9,2708
1,417
3,1162
8,10696
8,2941
2,867
3,1274
10,6680
5,2085
3,1041
1,277
10,2294
1,436
2,875
1,364
7,1854
1,410
10,3402
10,22748
10,2439
4,2313
7,2350
10,19015
5,1205
10,3646
1,266
1,374
1,320
5,1895
7,2032
3,1444
1,511
8,2767
2,11826
3,814
1,431
2,904
2,10974
10,2509
10,2385
10,2123
1,267
1,530
5,1353
10,3322
10,3062
1,449
10,14327
3,1919
10,2563
5,3004
1,513
4,7226
8,2662
10,2639
1,234
1,321
1,454
5,1876
8,2775
4,1397
1,432
10,3794
5,1930
10,2891
7,7048
2,763
1,5959
2,814
10,3250
8,1892
1,272
10,2345
10,3694
6,3349
10,2573
1,679
2,623
5,1723
2,496
4,1359
5,1929
1,501
10,2153
10,3436
10,2091
8,1706
1,241
10,3602
5,2611
10,3557
3,971
10,2091
2,801
10,3344
5,1624
1,810
1,508
10,2001
7,1822
10,3825
1,315
1,318
8,4863
3,1245
10,3524
1,354
3,928
4,1450
7,1958
7,2574
5,1947
1,554
2,859
10,3438
10,4623
1,235
1,459
5,1521
2,1216
6,1973
7,2422
2,643
5,1788
10,2433
7,2582
3,1202
1,592
10,3889
10,2974
1,556
1,512
1,258
10,8187
4,1461
7,2619
1,3120
5,1169
5,5786
10,2452
5,1736
8,2753
1,596
10,3264
1,476
10,2554
1,279
10,3294
5,1779
10,3771
6,2164
2,771
8,1756
7,2209
8,1831
9,2897
1,527
1,617
8,2676
1,418
2,846
1,278
8,3093
5,1961
5,1734
1,728
5,1717
10,3438
2,798
10,2138
1,598
1,508
1,506
1,402
1,372
9,2979
1,312
7,2787
1,419
10,3401
10,3608
3,999
7,2527
1,412
1,735
3,1196
8,2855
1,557
1,331
1,278
10,2766
10,3971
10,3669
1,245
2,673
5,2110
10,3144
10,4246
8,64329
10,2571
6,2127
7,23027
1,530
1,452
1,251
7,2308
10,3694
10,40332
1,369
2,863
3,1166
9,14936
8,5078
6,11535
10,3028
1,487
9,3861
8,2857
1,269
1,377
10,5649
10,26971
3,6556
1,290
5,1678
10,3431
8,3649
5,1642
3,921
2,635
1,511
1,11358
5,1809
1,254
1,252
4,1287
2,1082
2,5221
1,248
10,2187
4,1397
10,3924
1,372
6,1972
10,2985
5,1841
1,505
8,2750
1,248
1,244
10,3843
6,2109
10,5991
1,246
8,1645
1,584
5,1827
1,289
7,4397
9,3198
3,1185
1,2036
2,735
1,345
1,416
3,1081
10,3727
5,1899
1,242
10,3375
9,19850
10,3115
1,279
8,2243
1,479
1,440
1,433
5,2333
10,2224
1,335
10,3285
4,1405
4,1543
1,225
8,2600
1,17394
10,2627
1,485
1,982
1,406
6,2132
1,406
7,2352
1,265
10,3406
10,8415
5,1877
6,7425
1,269
10,3255
5,17094
2,545
1,475
4,3732
1,298
1,417
1,498
5,6700
1,230
10,8246
6,2589
5,1722
5,1572
1,221
10,3240
10,17480
2,452
1,269
1,578
1,269
1,400
1,374
9,12108
1,275
10,15671
1,531
5,1798
7,7243
10,2541
5,1649
3,901
3,719
1,282
1,338
1,263
1,409
5,1907
5,1786
9,2197
10,18777
1,393
8,2837
7,38307
3,851
3,1022
1,488
3,821
1,277
1,519
1,248
1,389
1,7002
6,6355
9,2697
7,2478
1,443
7,2444
4,5850
10,3057
1,448
1,1695
10,2501
1,250
1,447
1,287
1,350
1,506
2,776
9,2739
10,3611
1,403
1,500
7,19892
10,2880
1,316
1,432
7,2437
1,290
1,428
1,627
1,467
1,424
1,495
10,2668
3,1229
1,651
5,1649
3,1099
10,2242
1,316
1,321
8,2994
3,761
3,1851
1,364
1,555
3,1196
4,2082
10,3105
5,1724
1,523
5,1610
1,461
7,1547
1,320
1,581
8,3416
3,751
1,395
1,297
4,1447
1,616
5,1916
1,332
7,2519
7,3449
5,1616
5,1529
10,2342
1,439
10,3508
10,3335
10,2180
1,401
10,3389
3,1153
4,1543
3,1170
10,2169
9,3102
1,463
3,1111
3,1938
10,2668
1,278
1,425
7,2174
4,1404
1,470
10,2574
6,4068
2,716
1,441
1,293
3,5288
1,511
6,6256
9,17283
10,3218
1,256
1,551
1,806
10,3017
1,363
4,1031
8,2806
9,3119
8,2919
1,249
4,34044
6,2285
1,474
1,310
10,3333
1,283
1,514
1,407
7,1541
8,2620
10,2333
2,876
8,2900
2,686
10,3198
5,26553
1,380
2,704
5,1469
6,2034
1,251
7,1581
1,464
7,1589
2,672
10,2276
1,490
4,1289
5,1754
10,3236
6,2193
1,398
4,2084
1,538
10,14595
1,256
4,1154
1,301
10,2449
9,6751
10,8710
2,730
5,1894
2,707
3,942
6,11266
10,3531
1,496
1,5695
8,2923
7,1614
5,1204
1,244
6,1402
1,549
6,1558
3,1261
8,2980
1,365
10,2575
5,17986
10,12535
1,452
6,27125
10,2923
10,3793
10,2620
1,253
10,2397
1,370
10,3358
3,1001
7,9113
1,465
10,3278
1,409
10,6840
1,382
1,320
10,3580
10,3804
10,4290
1,414
10,3741
5,2102
7,2384
7,2401
9,14438
1,566
10,3463
8,14613
3,10029
5,2435
1,459
2,3686
10,2745
10,3317
1,498
10,4052
7,2617
6,2678
8,2845
3,1294
6,1909
10,3215
2,746
5,12229
1,490
1,606
4,4186
10,3409
6,2082
1,427
10,3593
8,3115
5,1878
2,1104
3,1608
8,6822
7,3255
5,1715
4,1462
1,480
1,640
1,533
10,3459
5,1183
1,425
10,3514
2,683
10,3379
8,2687
2,938
7,4019
1,701
1,5821
5,1801
1,378
1,413
1,373
10,2556
10,3788
3,781
8,2849
9,3216
3,1270
7,2391
6,2490
1,402
1,457
4,6048
10,2690
8,2844
3,1850
1,405
10,3312
3,1240
10,2164
6,2095
5,1899
10,10217
1,485
1,582
8,2576
1,412
1,841
2,762
8,2543
1,493
1,451
8,3055
10,2716
3,919
2,936
1,489
4,1485
1,496
1,353
2,9598
7,3443
7,27986
3,1193
1,700
1,1457
1,473
10,13123
4,876
4,991
10,3558
1,353
10,3355
2,880
2,892
4,33556
1,453
1,9658
5,1435
3,21850
1,540
1,447
10,3533
10,2115
10,3382
4,1276
3,1164
5,1935
3,945
6,8688
6,1981
1,503
1,630
5,1327
9,143202
8,4620
5,16085
6,14787
10,2630
7,1563
1,6988
2,705
1,515
2,717
7,2369
3,967
1,514
1,448
10,2170
7,160715
1,2554
1,14422
10,3483
7,1567
7,1963
1,528
8,2740
1,427
4,2179
6,11943
1,517
1,423
1,442
8,1931
2,2017
9,15950
1,527
10,25566
10,2121
10,2336
1,384
2,839
10,3936
1,504
7,6499
1,381
6,2078
3,1133
10,3455
1,599
1,492
1,462
4,1348
1,340
6,1994
1,398
4,1515
1,535
7,2396
3,1062
4,1227
1,444
3,6651
10,3446
1,442
2,5748
1,802
2,23106
1,288
10,2581
1,403
1,392
1,422
1,403
8,2820
1,411
1,329
5,6411
7,2524
2,692
2,1359
5,1639
1,494
1,346
6,1702
1,387
7,2407
1,465
5,2018
4,1560
1,500
1,455
1,341
5,1956
1,380
8,2629
4,1401
1,456
1,537
10,3656
1,446
4,1429
1,486
1,997
4,1516
1,464
6,2546
1,599
5,1260
1,2234
6,4986
5,1755
1,498
1,299
10,10652
1,441
5,1821
1,455
4,1364
3,1179
1,498
10,16305
1,743
1,530
5,10798
2,792
8,2257
1,1361
1,491
10,9018
1,489
2,884
1,507
4,2137
8,2505
2,824
5,1803
1,570
1,299
1,540
8,3031
7,2695
1,450
6,2108
4,1488
1,431
9,5072
1,300
1,750
3,1064
1,402
3,1548
8,2789
1,252
2,702
8,19073
9,3901
1,371
1,368
8,23524
5,1605
1,536
1,273
1,1765
1,607
1,510
10,3549
2,828
1,237
7,2285
3,1083
6,2315
5,1941
10,3475
10,3371
4,1431
5,2218
2,856
5,2283
1,507
1,538
4,1564
2,958
1,282
9,3234
1,508
6,2164
1,2327
1,485
2,1109
8,2996
9,2773
5,1227
8,2863
1,323
1,424
10,3250
7,2488
1,234
8,11315
3,1110
5,5720
1,470
1,324
10,38345
7,21991
8,15072
10,2367
1,566
2,852
6,2929
4,1454
5,1883
1,383
1,492
2,960
1,588
1,491
1,286
1,762
7,2387
1,351
8,1845
8,22355
1,280
2,765
5,1803
7,2456
1,290
3,1153
9,3939
2,23627
5,1888
10,2308
1,488
5,1744
3,1162
10,2361
9,11860
4,3619
5,1713
4,1448
2,792
1,541
2,714
4,1495
4,1434
1,487
10,3487
1,631
6,1912
1,4232
8,5216
1,357
1,371
7,4784
2,966
1,456
1,278
4,1556
2,806
3,1095
1,341
7,2329
1,449
3,1095
3,1082
10,3064
3,1125
1,579
9,3090
6,2006
9,3008
10,2570
1,483
1,669
1,243
7,2529
8,6939
1,769
9,37594
1,426
2,599
1,359
1,375
8,2742
5,1348
8,6777
3,847
2,658
1,514
1,208
5,1707
10,3367
1,525
2,685
1,475
5,1705
1,425
1,383
9,2950
10,2675
1,463
10,2281
5,1757
1,390
9,2440
5,1795
3,1253
1,456
6,7946
1,418
10,2324
9,23350
1,437
8,2732
10,2203
2,920
10,3325
4,3325
1,292
2,622
5,3332
2,712
2,738
1,434
1,496
3,893
1,487
1,303
3,1317
8,3011
4,1510
10,2411
9,2925
1,431
2,516
7,2770
10,16711
1,643
4,1533
1,527
10,2556
1,414
1,356
4,1579
10,3237
3,6285
10,2164
7,2106
1,601
8,1884
9,3365
2,777
1,508
2,914
1,547
10,3294
3,2176
1,465
3,1450
10,3317
2,1060
7,1802
8,2519
4,1399
1,416
5,1801
4,1327
1,683
5,1884
2,734
10,2982
6,2041
6,1423
2,641
5,1472
1,926
10,2590
1,497
7,3625
1,328
3,992
7,2383
4,1412
1,830
6,2149
10,2144
6,2347
10,2742
1,613
1,367
4,1433
10,3829
9,2939
1,492
3,931
6,2029
8,2643
8,2585
3,1663
1,443
7,1432
2,686
9,2265
6,2397
1,339
5,1891
10,4060
5,1602
5,1772
1,318
4,1531
1,388
5,49755
1,547
3,983
10,2345
3,1035
10,3196
3,1162
1,352
1,472
7,2660
1,472
8,2841
8,2711
1,336
6,1838
8,2676
8,2711
1,406
10,3000
1,361
10,3068
2,1018
1,258
5,1628
8,9617
3,967
5,1962
2,627
1,572
7,23509
7,9738
2,742
1,531
1,521
1,534
10,2750
6,2138
1,315
1,404
10,37232
1,373
8,2660
7,2321
3,6177
7,26494
3,945
1,521
6,2061
1,262
2,954
10,2826
6,2140
1,237
8,5845
10,3496
1,423
9,3064
1,367
9,2341
3,969
7,104143
5,1950
3,1352
1,256
2,852
1,492
9,3067
1,221
1,351
10,20445
3,1917
1,606
9,9349
2,868
3,968
5,1924
8,12701
8,2756
1,263
3,1176
1,773
3,1129
1,223
9,8160
3,2635
8,10740
1,474
1,419
8,2780
9,2992
6,3246
4,1581
8,2998
1,352
8,2545
10,3474
10,2479
3,741
8,23823
2,8144
1,566
1,641
7,2475
1,431
6,1911
4,1568
6,2016
3,1187
1,273
10,3719
7,1477
1,357
1,331
7,30488
1,534
1,444
3,1243
8,2265
2,731
5,63864
8,2165
8,8215
10,2636
1,280
8,5465
9,1984
1,391
1,263
9,2888
1,434
1,533
3,924
1,348
2,3982
5,32132
2,958
2,10269
4,847
1,334
8,2885
10,3403
4,1420
10,2882
1,415
1,526
9,2914
1,507
2,7121
6,3121
1,488
6,48949
7,13216
7,2496
1,248
2,636
10,3072
7,2252
10,2209
1,2209
1,490
1,346
4,1599
1,511
2,957
4,1087
5,37724
3,1123
2,955
1,235
1,290
10,5320
1,375
10,2530
3,1253
1,443
1,389
1,433
1,483
8,5208
1,29282
3,3596
1,482
1,432
10,3413
1,465
9,1844
1,834
10,3027
3,3212
1,478
2,706
2,834
1,385
1,2191
5,27028
2,803
1,348
1,494
8,2755
10,3652
3,923
1,510
10,3395
1,394
1,356
3,936
2,850
1,407
2,1852
1,357
2,944
1,255
10,2730
10,7393
4,1682
1,548
8,2924
7,1752
3,1300
1,1117
6,2232
3,1427
1,479
8,3016
5,1836
2,688
1,424
4,1203
10,3612
10,4329
1,550
1,529
10,2607
1,420
5,1825
1,474
1,659
1,433
7,3165
1,1662
1,575
1,408
10,3242
10,3325
9,2217
1,544
1,402
10,2314
1,507
1,439
1,368
2,854
2,822
4,8586
1,427
1,343
1,481
10,3342
2,711
10,2289
1,352
1,510
10,3417
1,520
1,453
1,391
2,825
1,677
3,993
3,1084
5,1711
5,1864
9,3238
10,37332
10,2459
1,408
1,386
8,3003
1,450
5,1976
2,1037
8,3090
1,509
1,536
1,413
4,1572
1,414
10,2413
5,1712
10,2674
1,335
1,293
6,2181
2,1078
7,2276
6,2357
8,4361
2,832
1,341
1,384
8,2978
1,429
10,3623
4,61945
10,3074
5,1514
1,283
10,3487
6,1857
5,1574
6,2274
6,17556
4,13929
1,418
1,415
7,2395
1,753
10,2900
7,52357
6,1482
1,391
1,510
10,4109
3,3135
8,2731
1,606
10,3287
1,3938
1,617
1,354
1,294
1,459
6,2003
8,35055
1,451
1,375
10,3211
2,697
1,330
9,3059
3,1289
8,2645
3,1208
1,491
1,348
1,529
2,1626
1,388
7,28498
1,311
1,398
4,1109
10,3132
1,400
5,1651
10,3354
8,2811
7,5139
1,395
1,592
9,3326
1,2588
1,265
5,49269
1,306
1,411
10,6382
4,4902
6,2123
5,1781
4,1367
2,932
5,1658
1,408
8,2649
1,2972
3,973
1,257
1,15742
1,248
2,630
10,3433
1,535
2,949
5,1716
4,1329
1,514
8,3183
1,371
2,949
8,18928
1,483
1,243
5,15871
1,267
5,1361
10,3253
1,444
7,2480
3,2862
8,2564
10,3554
9,3122
1,460
2,807
1,598
2,2068
1,236
9,80469
1,295
10,3129
10,3381
1,469
6,2217
1,491
1,439
10,2589
9,2900
1,442
1,387
6,1984
4,1424
1,259
6,2263
1,371
10,2352
10,3727
5,1570
3,1257
2,653
1,612
4,1469
8,21336
4,7464
2,782
1,836
1,329
1,427
5,7398
1,326
8,2476
6,1544
1,411
10,3545
6,25131
4,1260
10,3150
3,960
1,486
4,1460
1,588
9,4760
1,273
3,17339
10,2264
10,2026
10,2424
1,456
4,1464
4,1339
10,3112
9,2857
2,3005
3,989
8,3255
1,379
7,2732
1,272
2,656
1,268
10,2465
2,687
1,411
4,1451
5,8671
9,2719
10,2452
3,1233
5,1629
7,2829
1,462
5,2253
1,245
1,321
1,263
10,3618
10,2283
1,458
8,2723
1,9557
10,2666
10,2500
1,508
4,1617
8,6565
1,404
8,2913
1,434
6,18157
2,538
4,1071
10,3578
4,13205
1,655
2,921
10,3595
1,544
6,2230
2,828
1,462
1,485
4,1304
9,1960
1,351
10,2795
1,261
10,3710
7,2448
1,457
8,2760
9,3320
10,2449
6,2313
4,1362
5,2042
3,1445
6,1869
2,477
1,437
10,3176
2,707
10,2458
1,336
4,1478
1,503
10,3257
1,532
3,1241
7,21732
1,388
1,4106
9,6690
10,3253
1,384
10,3780
10,3089
8,1791
1,391
10,2899
1,522
10,2698
1,540
6,2630
8,7170
3,1205
2,1012
3,1282
9,1923
1,402
8,1717
8,1854
10,3345
7,2343
10,3543
2,1000
6,1565
1,411
2,2323
9,3372
2,933
1,658
2,779
10,2624
1,382
10,1993
6,2028
1,632
5,4173
9,2073
5,1717
3,1059
1,532
8,2698
3,1407
2,758
2,848
3,1356
1,388
1,391
2,916
9,3366
1,449
9,2759
10,3413
4,1294
1,458
6,2044
10,3358
5,1828
4,1570
1,444
4,4297
8,1775
1,396
1,690
10,6652
1,682
1,3876
10,2413
7,2861
1,291
1,283
3,4368
3,1345
1,460
4,1780
3,1189
10,2863
4,6780
10,3115
10,3801
1,482
7,6695
10,2891
2,1000
1,346
1,408
1,508
3,3368
1,550
4,1488
6,8118
2,640
1,349
10,2942
8,2709
1,469
5,8054
10,2767
8,7569
1,331
1,357
4,2468
8,6762
1,384
6,2097
1,508
10,2142
1,429
6,1934
2,605
1,408
6,2245
6,1738
8,2862
1,305
1,312
4,1129
4,1738
1,373
9,2990
6,1536
1,446
1,437
8,2775
1,492
1,361
5,1844
1,408
1,474
1,249
1,265
7,2283
2,730
1,510
5,1620
8,3252
6,1955
3,1113
10,2108
1,328
1,259
3,1123
1,416
9,15960
1,233
10,2273
1,556
6,2076
7,2714
8,4589
2,2292
10,3147
9,3197
10,2330
1,394
1,352
3,23714
1,410
1,372
1,255
2,732
1,546
2,654
1,733
9,2906
8,6333
10,3388
2,635
10,3574
1,432
1,266
1,459
1,332
5,1756
1,302
9,1879
8,2935
1,481
5,1881
8,4145
3,1129
8,1693
2,643
9,2923
1,327
10,2374
1,525
1,398
1,730
1,252
10,3741
1,424
1,551
8,2874
3,1326
6,11294
10,2323
2,1700
4,1486
1,393
1,446
2,721
1,351
1,508
1,243
10,3671
1,473
2,846
4,5218
2,990
10,3482
10,2714
1,326
1,299
5,1311
5,1617
3,1355
1,272
1,497
1,471
8,1773
2,685
2,726
8,5006
3,1225
4,1592
9,2633
1,699
1,357
1,263
10,3007
7,2468
1,349
1,541
7,1968
1,293
1,408
6,1655
9,3018
6,2444
8,3244
4,1395
8,3163
1,255
1,278
10,2282
9,4419
1,335
1,7670
10,2493
10,2630
1,507
8,2592
1,421
1,467
2,779
1,409
5,1843
1,245
1,282
10,2034
8,2616
1,292
1,444
9,2086
2,643
1,367
3,1172
5,8978
10,5363
1,384
1,303
7,2527
1,286
1,267
10,1983
2,3839
1,456
1,366
10,3665
10,2317
1,274
9,15407
9,2960
6,2200
1,468
1,646
9,3021
1,281
2,822
9,2673
1,644
10,2219
1,2696
10,3488
1,391
1,255
10,3505
1,483
2,1169
1,330
1,557
8,5469
1,230
10,3506
5,1300
1,363
10,2228
1,504
10,2266
5,1995
1,324
8,2534
1,604
6,2395
1,330
1,538
1,608
1,331
5,1633
1,401
4,1575
9,2072
1,601
2,591
10,3641
1,262
8,5225
1,551
3,1089
1,308
1,319
1,555
1,333
10,3425
10,2065
1,467
10,3570
3,1185
1,735
10,2848
9,2922
1,574
3,1193
9,2943
1,344
1,257
2,1677
10,2235
8,1841
3,790
8,2780
10,3503
2,1051
6,2087
8,2070
4,1702
1,487
1,641
3,1291
1,437
1,317
3,12623
1,380
10,3523
1,524
2,979
10,2735
1,613
10,2314
10,2819
10,3383
1,457
6,3289
4,1654
1,315
1,313
3,1251
2,605
10,3685
10,3031
8,6381
2,629
4,1451
8,2288
10,3641
10,3332
1,263
3,1381
4,1681
1,386
1,350
7,2366
1,261
1,410
10,3487
9,10957
1,359
4,11935
10,2541
1,565
10,3414
1,289
2,4477
1,495
1,284
4,1109
4,1800
10,3206
10,3238
9,2910
6,2092
6,1918
8,2848
10,2110
1,426
10,3548
1,394
3,963
1,348
1,250
2,676
2,941
10,2701
10,8154
10,3410
1,357
10,2395
7,13295
10,2355
9,2887
10,2809
1,448
1,401
8,3600
1,613
9,1936
1,620
10,3296
10,3024
7,1561
1,435
10,3518
5,3749
10,3274
1,509
6,1661
1,398
6,1829
1,634
4,1492
10,3505
3,924
8,2887
10,3718
9,2506
1,432
8,2555
5,1947
9,2830
1,409
1,633
1,382
1,484
1,1854
10,2548
1,565
4,1444
9,2968
9,3974
1,390
1,417
10,2407
9,2769
4,1077
1,508
2,701
1,371
4,1443
7,2493
10,3287
6,1464
5,4616
2,854
10,10420
1,275
1,416
10,2925
9,9033
3,789
5,1569
2,940
1,370
2,746
1,372
9,3143
10,3503
8,3121
10,3408
10,5686
1,376
1,449
10,3708
3,1331
1,298
1,443
10,2760
1,366
2,995
1,345
10,3485
1,448
9,3265
5,1732
10,3693
1,331
1,433
9,3213
3,1122
1,267
1,329
9,2407
1,451
7,2490
1,309
10,2617
8,2684
5,1826
10,3290
1,572
1,273
1,595
4,1261
2,794
1,395
1,290
10,5676
10,2318
10,3599
1,357
10,3191
9,2393
8,3128
8,1749
1,390
1,308
2,1074
1,525
6,2346
1,339
1,294
10,3666
10,2822
3,1071
1,346
6,1613
2,1293
1,470
10,3752
1,367
1,380
1,428
1,385
3,1318
1,260
1,248
10,2604
10,3287
8,2598
1,415
10,2237
10,2058
9,2903
10,3589
2,725
1,451
3,1059
1,299
1,519
1,252
3,1077
8,1700
9,2567
8,2806
1,422
10,3325
5,1512
1,380
10,3592
1,374
1,378
1,421
1,299
6,2269
1,272
10,2297
8,1739
10,3475
3,988
1,350
2,459
10,3444
1,422
1,545
1,386
1,394
1,491
1,474
1,817
1,282
9,1871
2,792
10,3198
1,421
1,454
10,2296
10,3471
1,468
1,468
1,392
10,3390
1,517
1,328
2,1109
1,299
1,664
1,466
10,3498
1,402
4,1210
10,2330
8,2741
1,506
1,354
1,476
5,1387
2,654
1,426
3,1485
1,283
10,3757
1,271
10,3579
4,1363
10,3779
10,2700
10,2463
3,1095
1,319
1,409
10,3541
4,1278
1,372
6,3271
4,1121
10,3412
1,585
3,937
10,3169
9,2147
8,2562
10,3527
1,410
5,1782
1,433
10,3335
5,1749
1,422
3,1279
1,236
7,2822
1,301
9,1939
10,3188
10,2335
10,2121
5,1846
1,466
1,285
1,478
10,3594
7,2426
1,481
9,3043
7,1667
1,304
1,279
10,2329
9,2649
10,2256
1,366
10,8603
1,557
1,450
8,2928
10,4603
4,1617
4,1382
4,1554
1,417
9,2347
1,249
10,3539
10,3125
10,3306
1,379
1,409
2,705
6,1433
7,2126
5,1411
8,2734
10,3176
10,9034
10,3261
2,694
1,263
10,3512
10,2472
10,2908
1,364
1,726
1,374
1,424
8,2478
10,5904
8,2727
1,244
4,1447
10,3403
10,2367
1,279
7,1676
10,3001
6,1466
1,283
1,552
2,749
1,392
10,3364
1,620
5,1878
1,396
7,2393
6,1687
10,3202
1,355
1,281
10,3379
1,507
1,256
1,437
1,356
1,366
8,2271
6,2448
6,2176
10,2093
8,2593
9,3043
5,1515
1,350
10,2922
1,1465
3,776
1,336
1,542
3,844
1,447
9,2376
3,998
9,15025
6,2423
1,406
9,2144
10,2996
8,2083
1,547
1,449
10,2138
1,365
1,737
1,471
4,1539
9,3147
10,2278
3,1111
10,3364
1,349
2,814
8,1925
1,428
1,591
1,256
10,2383
1,363
1,640
6,2557
3,1808
3,1317
10,8308
3,988
9,3050
1,590
5,1941
10,3441
5,1682
1,479
6,1729
9,2122
1,303
1,559
1,488
10,3490
2,919
9,2965
2,821
9,3462
1,474
10,3712
1,514
10,3163
1,376
1,338
10,2454
1,279
1,782
6,2158
10,4738
2,915
4,1357
2,493
3,1075
1,591
8,2696
10,2730
10,2181
1,415
1,303
10,2494
2,761
1,671
2,784
10,4309
1,414
10,3403
3,678
10,3913
1,419
10,2276
1,503
10,2068
1,294
1,284
10,2334
1,328
6,1821
2,825
10,3165
1,549
10,4010
3,656
5,1998
1,596
10,2749
5,1367
10,2102
1,338
1,363
7,2270
5,1671
10,13715
8,2054
10,3335
3,907
7,2690
6,2059
10,3476
1,388
10,3276
1,329
9,2122
1,554
1,262
1,382
10,3361
3,8607
9,3103
7,2081
1,419
1,658
1,349
7,2379
1,366
10,3308
1,268
5,1899
1,313
1,485
1,269
10,3310
10,2949
3,884
7,2776
2,701
1,1703
2,789
10,3685
1,245
5,1390
1,288
4,950
1,322
1,383
1,252
8,2944
4,1676
4,1420
2,764
10,2543
1,27081
2,801
10,3259
1,398
10,3535
1,437
1,276
1,310
10,2222
1,258
10,3037
10,3064
8,2687
10,3468
10,2348
1,451
9,3087
10,2923
1,469
1,393
1,501
3,745
2,737
1,357
1,254
10,8256
10,4937
8,2182
8,2113
7,1523
1,437
8,2746
10,2917
1,405
1,303
1,389
1,429
9,2269
10,2189
1,307
9,5783
7,10220
1,465
8,2287
9,2565
1,415
1,527
5,1777
4,1052
1,338
1,395
10,2842
10,3601
10,3332
1,249
5,1698
9,2368
1,387
9,2423
10,2876
7,3271
4,1483
1,636
10,3410
1,311
1,414
6,1653
10,3404
10,3023
1,249
10,2153
2,2200
1,410
9,2269
10,3099
1,349
10,3543
1,348
9,2768
1,322
6,1442
10,3311
8,2601
9,1999
1,252
1,342
10,4254
10,3396
3,1102
8,2197
1,353
8,2995
1,682
10,6244
1,280
6,1582
9,3006
10,2062
10,2255
1,233
10,2335
7,6919
4,1240
10,2912
1,750
1,471
8,2581
1,454
10,2912
1,409
3,1072
10,3185
10,2183
2,609
2,732
3,755
8,9758
10,3315
1,522
2,1089
1,548
1,437
1,475
10,3053
1,345
10,3573
7,1528
10,3281
5,2363
6,2134
1,261
1,514
9,3193
8,2151
1,682
3,1268
1,540
1,455
10,2870
1,577
10,6245
9,1947
3,819
10,3727
10,3484
10,3497
7,2828
10,2368
1,439
1,612
2,977
1,370
1,434
6,1973
1,559
10,8098
2,641
10,3564
10,3360
8,1992
9,3053
9,2979
10,2505
2,663
1,692
10,10457
1,571
1,611
1,484
1,372
4,997
1,509
9,3178
8,1998
10,2660
10,3880
10,3154
10,3236
1,250
1,591
7,2314
1,576
1,568
3,1287
10,2238
4,1433
1,528
10,3323
10,2480
10,2207
7,2027
8,3392
10,2314
1,399
1,642
9,2811
1,508
1,438
10,3496
3,1341
10,2568
1,350
1,459
10,2294
10,3226
1,366
3,961
6,1692
7,1928
1,23538
9,2039
1,386
10,3511
9,3155
10,2997
7,2433
1,302
10,3022
10,2854
10,3002
1,379
2,816
1,493
1,320
1,588
10,2798
1,667
1,409
10,3641
9,7046
9,3112
1,330
10,3008
10,3528
4,1233
1,375
1,497
1,291
2,602
7,2661
8,2474
1,402
3,1062
10,3499
10,13861
7,2426
1,366
7,1789
1,346
1,386
1,402
1,426
1,280
1,380
5,1628
1,511
1,565
10,4898
10,3511
10,18620
2,800
1,341
1,290
1,414
4,1294
1,411
1,450
1,270
1,1030
1,358
3,1143
1,270
10,3918
7,1628
7,2487
10,2610
1,257
9,3045
1,378
1,243
1,398
3,1140
1,266
1,408
4,1534
1,362
1,300
10,3511
10,2590
2,1082
8,1650
1,245
1,542
1,309
3,1060
1,562
1,359
1,264
1,469
1,501
1,386
4,1483
9,3178
1,483
7,2050
1,541
1,233
1,428
5,1521
9,2589
1,286
1,604
1,250
1,475
9,2972
7,1996
10,2300
7,2659
1,341
8,2882
7,1779
8,2745
1,391
1,292
10,3398
1,355
1,490
1,254
1,511
1,434
2,719
10,3166
1,355
1,333
10,2840
9,1921
5,1801
1,470
1,303
6,1461
1,367
1,453
1,238
1,382
9,2994
3,887
9,2866
7,2931
1,269
9,3205
1,431
10,3748
1,392
1,304
9,2361
2,578
1,470
1,275
3,1026
10,3614
10,2418
10,2366
2,1178
1,291
9,2455
1,533
10,2392
1,440
1,409
10,3178
5,2944
1,346
1,640
2,604
5,1849
10,3682
10,2427
10,3352
1,249
7,2619
1,471
10,4444
1,539
1,388
10,3116
10,6146
1,361
9,1951
4,1102
1,340
3,1155
10,3276
8,2700
1,228
10,2621
3,1067
10,2660
1,507
1,406
7,1948
10,10864
1,453
3,1069
10,2133
6,2047
9,2490
6,1750
7,2482
2,564
3,1373
1,631
5,1922
2,660
1,461
1,472
8,1743
3,854
10,2622
10,2879
8,2632
8,2046
10,2345
9,3119
1,222
8,3377
10,3167
1,634
1,413
9,2257
1,403
10,3418
6,1519
9,2937
8,2597
1,649
10,2693
1,404
9,3367
1,430
2,784
1,277
3,1330
1,292
2,766
1,557
10,6918
3,813
10,2743
10,2956
2,940
7,12508
3,783
3,1145
1,252
1,570
1,416
10,3371
10,2725
1,437
1,709
10,7090
10,2826
10,3054
6,1879
1,339
1,869
9,2038
10,3240
1,322
3,1124
8,2098
9,3555
10,2718
10,3301
1,401
5,1599
7,1472
1,377
1,846
7,4875
1,879
9,2053
8,2222
5,1242
1,585
1,431
10,3838
10,3229
10,3949
1,363
9,3128
10,3037
7,1546
1,441
2,828
1,596
10,2414
1,357
10,3504
1,725
2,513
10,3292
8,2265
10,3220
1,361
1,557
10,2812
10,2262
2,1046
2,962
1,579
10,3112
3,1116
10,3828
1,785
1,290
10,2458
10,2475
8,2014
1,359
10,3408
4,1006
2,523
5,1761
1,373
1,630
7,1870
1,308
8,2125
1,313
1,259
10,12008
10,3938
9,1865
1,389
6,1458
7,2684
10,2809
4,3904
9,12408
1,542
1,244
1,401
10,2273
1,422
1,244
7,2618
6,2151
2,632
1,380
3,1289
1,438
6,2533
9,3231
9,3556
1,589
10,3310
1,464
5,1800
1,314
3,1137
1,525
6,2102
5,1908
2,959
10,3665
9,3518
8,2519
9,9832
7,9344
1,489
1,467
1,440
10,3498
1,336
1,272
1,454
10,3241
10,3127
5,1738
4,1494
2,866
10,2069
9,4255
3,971
1,489
1,374
1,408
9,2428
1,404
7,1725
1,571
3,1343
10,3107
10,2935
10,3922
1,495
10,2291
8,2848
5,1651
1,381
1,263
1,361
4,1425
1,327
2,782
1,454
10,3534
8,2483
8,3787
9,16671
4,1391
10,2054
1,766
3,2704
5,1782
2,428
1,413
1,436
1,282
6,1508
1,454
10,3487
10,2197
10,3692
10,2674
5,3599
10,2715
5,1881
1,571
1,495
1,241
1,349
3,927
1,256
3,792
1,413
10,6722
10,3229
10,3339
7,1834
9,2927
4,1292
6,2009
1,452
2,690
1,239
1,426
1,453
3,1245
10,3453
1,539
10,3195
10,2999
10,3740
1,471
9,2683
1,511
5,30241
7,2172
5,7959
1,257
1,257
10,2380
1,337
3,1060
1,537
4,5531
1,398
5,1850
1,588
1,300
1,475
7,2352
1,479
4,4097
1,344
1,278
6,1505
2,784
8,2172
8,2889
4,1316
5,1856
10,10141
1,521
8,2993
1,435
1,406
1,556
10,3433
1,218
1,248
10,3358
10,2613
10,2704
1,6908
7,2481
10,3882
3,979
1,501
7,2275
1,318
1,368
1,621
6,2380
1,298
3,956
10,3887
4,1057
4,1329
1,418
1,780
1,360
1,567
1,554
1,610
1,369
1,10110
3,1144
9,30079
1,224
1,378
9,3044
10,2311
7,2554
2,854
1,555
1,385
7,2362
1,475
1,4403
1,273
1,356
5,1688
7,2313
1,373
10,2272
7,1603
7,2582
1,622
2,863
1,646
1,360
10,3804
1,440
5,5318
1,412
1,336
1,469
5,1649
5,1752
2,639
9,2038
9,2445
8,2810
10,3087
1,413
1,256
9,3173
1,411
1,1373
1,418
2,884
3,1168
8,29660
10,3475
3,811
1,541
8,2006
2,27356
7,1883
1,974
1,361
10,6966
1,442
5,3269
1,286
1,493
1,2207
1,376
10,3082
10,2173
1,651
6,5387
5,24072
9,2138
1,374
1,297
10,23556
1,372
1,478
1,301
1,385
1,515
2,818
8,1798
7,1725
1,503
1,820
9,18891
10,3408
1,430
1,449
10,3903
2,686
6,14127
4,1220
1,467
1,482
1,461
10,2155
9,2392
1,496
1,5353
4,15843
8,2010
1,361
1,660
10,3414
7,1793
1,625
9,2249
1,502
2,2007
1,505
10,2199
8,1819
1,429
2,884
1,27890
3,1266
1,312
1,497
1,513
10,6209
1,530
3,717
1,493
2,7358
4,1465
9,2117
7,2354
1,468
5,1930
10,3292
9,2898
1,375
1,304
1,263
8,2516
1,563
10,3089
2,1518
4,1503
1,436
5,1970
3,2295
3,1346
4,1440
9,2871
10,3462
10,2401
9,3077
1,259
7,1996
2,796
6,1356
4,1371
1,420
2,935
10,2247
2,871
1,461
9,3160
1,354
1,683
7,2164
3,1252
1,311
10,3264
1,417
10,3191
1,345
1,456
2,1027
4,1021
1,400
1,494
9,2982
1,491
1,584
10,3062
10,3424
1,323
10,3141
1,1003
10,3154
7,2551
6,2205
7,2730
3,966
5,1760
1,331
10,3370
1,399
3,814
8,2211
10,4228
1,380
8,2646
1,615
1,399
2,644
1,345
2,757
9,2301
4,1515
1,265
8,2628
2,684
1,305
7,2424
10,12423
1,357
3,1077
1,535
7,1660
1,338
5,1616
4,1587
1,376
9,2963
5,2013
5,1926
1,344
2,699
9,3412
10,3389
1,344
2,764
1,723
2,918
2,10975
5,1718
2,841
6,1443
7,26208
10,3613
5,1796
1,497
4,902
9,2940
7,2513
1,368
2,741
1,420
10,3239
1,431
5,1785
10,13694
10,2114
10,8057
10,3222
6,2009
5,1646
10,2267
3,1400
2,772
1,399
3,1212
4,1472
10,3842
8,2690
1,354
1,727
10,3132
5,1664
7,2389
7,10670
5,1879
7,2207
2,998
7,1689
2,645
1,563
2,714
5,2865
7,2249
10,4267
8,5815
7,1929
8,3017
5,1904
1,513
6,1888
9,2847
3,1157
10,3064
7,2349
8,1724
7,2436
8,2635
3,1013
7,2418
3,1147
1,459
6,1960
10,8033
1,538
1,343
10,3108
1,583
8,2622
8,2637
7,2033
2,859
10,2181
7,2317
7,2380
1,327
9,2057
7,2223
10,3436
1,484
7,2476
10,2852
1,426
7,1598
7,1680
3,1014
1,393
10,2128
9,6543
5,1914
1,904
1,408
1,478
10,3362
2,714
1,346
8,2447
7,2086
9,2862
9,3003
10,2480
3,1279
10,2258
1,577
5,5972
8,21500
1,583
1,460
3,1092
2,665
1,367
6,1450
2,1037
9,2237
9,3128
9,2302
8,2656
5,1256
7,11733
1,516
1,455
1,407
1,342
10,2282
1,606
1,495
1,640
6,1455
10,2981
10,3187
10,3317
3,1117
1,502
3,1136
4,1406
3,35769
2,840
1,456
10,3273
1,513
1,529
1,619
10,2226
1,345
8,2637
3,777
7,2878
1,471
1,584
2,902
1,871
1,259
1,439
10,9550
1,625
1,648
1,702
4,1723
1,276
3,961
10,2579
3,1138
1,385
2,786
2,791
7,2272
1,283
1,428
10,11003
1,596
1,506
1,633
10,2487
1,308
2,933
7,2002
7,2210
1,465
3,1109
2,899
1,493
1,232
2,5880
10,3560
4,1484
1,716
1,765
3,1256
3,932
3,1343
1,547
7,2867
1,491
6,2153
1,604
1,643
1,241
1,474
7,3760
1,911
1,482
1,654
8,2568
1,342
1,593
1,556
3,1187
1,544
1,445
7,3683
1,535
1,259
5,54185
10,3655
2,1075
4,1377
1,505
10,2560
8,2352
1,463
1,391
4,1527
1,581
5,1811
3,1212
6,3401
1,227
1,519
1,461
1,552
2,632
1,611
4,1412
1,487
4,1278
1,427
2,911
1,437
4,1845
4,1463
6,2342
1,242
1,405
1,513
1,494
2,746
1,2283
6,2267
1,539
3,843
1,416
5,1884
1,449
10,3640
8,2860
1,436
5,1572
4,1350
1,510
1,1497
9,3025
9,3820
1,878
2,776
1,332
1,547
2,892
1,459
6,1996
10,3696
4,1601
10,3806
1,368
1,402
7,3403
2,609
1,567
1,651
1,409
2,647
1,439
3,1345
6,2258
8,2610
8,2731
1,655
10,3259
4,4265
1,463
1,383
2,764
1,517
1,514
1,365
6,1425
1,327
6,2110
10,3337
1,359
7,2425
3,1486
8,2725
1,389
1,649
1,348
2,7443
1,678
1,626
1,585
10,2366
1,432
5,1494
10,3433
7,2169
3,1100
1,527
10,2864
1,381
1,461
8,11759
8,2980
2,948
1,593
1,317
7,1414
1,479
1,589
10,3219
1,347
6,2149
5,1867
10,2567
1,367
1,413
2,1415
8,5828
4,1597
1,581
1,426
9,1889
1,456
5,2056
10,3381
7,2449
7,4872
4,1170
10,2442
2,707
1,566
1,408
3,1157
9,3593
1,722
3,1093
8,1826
1,431
10,3459
4,1516
5,2033
1,840
4,1627
5,1697
7,3399
1,597
8,2860
7,2146
9,3256
1,503
1,582
10,3271
2,746
8,2770
10,3283
1,485
2,902
10,5006
10,3367
2,984
1,557
9,2959
1,433
8,2840
1,564
1,478
10,2874
5,1836
6,1936
10,3286
4,1336
1,375
7,2426
6,2060
1,579
2,821
3,1046
7,2302
7,2339
1,591
9,2063
1,667
9,2675
7,2390
7,1723
6,1963
1,455
6,13521
3,1149
8,11147
7,2483
3,1235
1,425
6,1911
1,21049
2,605
1,630
4,1459
5,1823
2,510
3,819
1,761
7,2698
10,2983
6,1815
10,8233
7,2552
4,1380
1,476
5,1723
4,1074
1,564
10,3837
1,574
8,2100
1,4406
1,327
5,2183
10,2902
3,14403
8,2157
1,538
2,773
1,427
1,453
10,2247
1,23306
8,3000
7,2502
10,3562
1,446
1,388
6,3551
4,1298
3,1075
9,2220
2,838
1,499
5,23789
5,1692
10,3466
1,327
7,2436
1,570
7,2304
4,1345
1,903
4,1790
10,16299
7,2457
10,2762
2,701
3,1361
2,839
4,1285
8,2718
1,464
5,1628
4,1607
9,2993
1,347
1,345
2,897
10,26784
10,81344
8,2244
4,5426
6,2082
1,465
9,3340
10,2741
1,435
6,2131
1,380
10,3320
1,418
1,351
2,931
7,1983
2,1076
10,2970
5,1849
7,2347
1,532
9,2983
6,1562
1,447
5,7466
4,1414
9,3230
1,512
1,288
3,1616
1,532
2,1040
3,1004
5,1671
5,2011
4,1517
9,12813
1,15980
1,1602
2,817
1,2047
3,1325
1,446
1,480
1,696
1,737
4,1591
1,451
1,454
7,6089
2,780
6,2049
2,5248
1,464
1,534
1,481
8,2878
1,293
10,2380
1,546
1,618
6,2276
1,668
4,1473
1,597
7,2697
5,1601
9,3145
1,375
1,475
1,735
2,834
2,946
1,616
3,1000
1,449
3,3872
3,918
6,9825
5,1868
2,872
8,10193
5,1688
2,1290
4,1465
2,750
3,1348
7,2347
5,1714
7,6856
1,416
5,2344
1,689
7,15419
10,3247
2,991
1,498
4,1472
5,1881
2,814
2,695
1,351
2,811
10,2758
8,2784
1,497
4,1401
2,735
10,4427
6,6523
1,653
1,534
9,3016
9,2982
10,3194
1,363
1,340
8,2544
3,1482
6,2689
1,357
1,330
4,1362
6,2731
7,2855
4,5841
4,1283
10,3615
9,3642
2,771
1,595
1,501
3,1033
10,2450
7,2603
1,394
10,3223
10,3016
7,1931
2,879
9,3165
2,871
1,1025
10,8039
1,352
2,730
1,774
5,1679
9,3224
7,3600
1,369
6,1950
7,1649
5,7735
1,350
3,1109
1,496
7,5774
5,1748
7,6650
1,374
1,721
10,3318
5,1776
10,5318
1,410
7,9533
9,2390
5,2047
1,477
8,3139
2,1012
1,366
7,2060
2,746
1,600
1,580
7,2489
9,8942
3,1228
2,833
8,6558
10,3214
1,323
5,1922
8,2707
1,498
1,234
6,2004
2,635
7,2472
1,566
2,495
7,2398
7,2134
7,6259
5,8501
8,2916
1,514
1,355
1,613
7,2541
1,370
8,19717
8,2563
3,1191
1,528
7,2563
2,649
1,641
8,3551
7,2336
10,2735
4,1517
4,4672
1,519
2,882
5,3040
1,684
3,932
8,2675
1,387
5,1798
3,791
4,1542
10,5826
6,2089
6,1962
1,634
1,367
1,444
2,768
6,2678
2,1361
8,2572
7,2620
1,658
1,501
2,833
1,535
7,2380
1,334
1,624
6,8884
1,406
1,474
2,916
6,1803
2,787
2,18480
7,2342
1,271
1,626
6,1435
3,1085
9,2133
4,1306
1,481
4,1549
5,1637
3,1306
9,3145
7,2779
1,750
7,2557
9,3250
1,276
1,371
1,383
2,727
10,3329
1,477
1,410
1,361
1,501
7,2979
2,769
2,656
1,412
3,952
3,1216
3,1167
5,1694
10,2284
1,526
8,2228
1,472
1,382
1,497
1,431
1,540
8,3972
1,549
4,7586
1,442
7,2326
2,717
7,2348
10,3301
1,653
3,1253
4,1303
1,399
3,1511
4,1581
3,1689
8,14022
1,448
8,10426
1,429
1,543
6,1715
3,1353
8,3144
1,507
2,644
1,361
1,378
1,420
1,309
1,483
3,17116
2,803
7,2758
7,3703
3,1401
10,2284
10,3622
7,2446
1,484
3,17054
1,369
1,495
1,438
1,507
1,630
3,1212
1,326
2,641
1,609
1,429
7,1764
5,2315
8,1821
1,370
1,15016
1,438
1,612
2,1105
1,495
1,733
7,11622
4,1205
2,829
1,455
10,2385
10,3185
9,4080
4,1354
1,546
10,2316
1,585
4,1382
1,546
1,469
1,601
1,543
1,394
1,466
1,472
1,432
8,2046
10,5411
9,2919
1,336
3,1071
2,791
1,583
2,763
2,829
1,546
1,366
1,536
4,7175
1,671
1,450
4,1112
3,1508
5,1239
1,281
2,639
1,430
1,415
1,482
3,1063
6,1957
1,544
1,347
3,1057
1,599
5,1602
10,2627
9,6029
1,389
6,2111
6,1392
2,760
2,907
1,446
3,6130
2,714
1,525
7,2053
9,29032
1,400
7,5533
1,443
10,4884
1,558
1,538
4,1420
1,412
1,343
2,685
3,1491
1,3686
1,452
3,28867
8,2250
1,522
3,1194
4,1422
1,460
1,461
7,1767
7,1660
1,457
4,1586
1,489
8,2638
4,1711
7,2390
1,490
3,872
4,1668
10,3526
5,5124
1,532
1,398
3,1302
10,2925
1,445
6,5898
2,711
5,1654
7,16082
1,498
3,2195
1,629
2,692
9,3158
2,3285
1,526
1,534
10,3410
8,2613
1,315
5,7769
7,2382
7,2432
3,27503
1,496
1,390
1,488
1,568
9,2930
9,3639
1,531
1,359
10,3573
10,2902
7,1571
9,3756
7,2359
7,2202
1,486
4,2830
2,653
1,477
1,610
3,1039
6,2132
1,270
1,368
10,3616
4,916
2,777
8,3171
8,2620
7,2451
5,1864
2,792
1,381
1,406
3,1236
10,4513
9,2988
1,281
1,357
3,1140
6,2362
3,1191
5,1810
8,2683
7,1791
4,1520
1,438
10,3416
7,2314
6,2419
5,1672
9,2710
1,357
1,279
9,3000
1,631
7,2493
7,3149
7,2609
1,308
10,3418
1,1136
8,2366
1,475
1,415
1,705
8,3446
1,436
1,295
7,2197
1,712
8,2718
5,3712
10,15554
5,1068
6,1981
1,454
7,2877
1,445
5,1947
1,397
5,2024
1,400
3,1185
2,687
1,379
3,1171
6,14764
3,1104
1,425
7,2420
1,375
3,1086
1,478
10,3687
1,1277
6,6376
7,2345
5,1425
3,717
1,729
6,1968
1,630
1,493
3,1369
7,5179
6,7101
4,1423
4,1266
6,2118
1,431
7,2671
1,367
4,1339
2,681
1,569
8,7766
1,538
1,513
1,475
5,3362
1,403
7,2455
1,423
7,8007
1,468
1,707
10,3412
10,3390
6,1300
1,714
2,960
2,714
5,1594
5,1762
6,2378
6,2143
3,4122
2,839
7,2468
7,2448
1,438
2,897
10,3139
10,2641
1,705
7,19018
4,1385
1,551
1,654
4,4505
5,1897
2,788
1,350
5,1852
1,376
1,606
1,376
10,3266
1,350
1,633
3,1162
1,769
3,1322
7,1774
2,964
10,2968
1,391
1,499
7,2130
1,469
1,593
2,655
10,3159
10,2116
1,593
1,441
2,1134
10,2777
7,2921
2,905
1,360
3,1193
2,750
1,581
1,392
1,480
10,2409
7,2708
8,2748
1,1331
5,1357
7,2815
9,3384
9,3179
1,478
4,1789
6,2237
6,1923
4,1377
1,361
1,432
8,1890
6,2400
7,3497
1,547
1,427
2,870
10,8051
10,3385
2,657
5,1791
5,1759
1,386
2,873
1,313
1,400
10,3364
4,1335
8,2071
2,1021
7,1614
1,600
10,8620
1,430
3,9618
4,19467
1,330
6,1996
4,2326
2,689
2,748
9,2359
6,1424
4,956
1,485
3,786
2,886
9,3049
5,1825
8,2486
7,2334
4,1466
1,405
2,841
3,798
1,405
8,2695
5,1808
9,2387
5,1725
10,3464
4,2766
5,4992
10,3360
2,719
1,554
7,2410
5,2479
2,793
6,2209
1,397
4,1567
10,3340
1,576
9,7196
9,3146
9,3671
10,7861
1,677
7,2291
4,1332
10,3253
5,2255
7,2312
3,696
1,424
10,2941
3,840
1,492
10,3174
10,3499
8,32579
1,420
3,1134
10,3450
6,5856
6,2083
6,2099
3,920
2,553
1,670
10,2910
10,3623
1,302
9,2712
5,1712
3,32770
7,2259
9,3242
8,3117
7,43154
1,390
10,9266
7,2397
1,472
1,477
6,2688
6,2259
1,353
4,20667
3,1215
7,16146
1,381
10,12363
7,3349
2,855
7,2189
7,18934
3,1042
8,2757
1,523
10,3129
4,1032
1,893
5,1804
10,3384
8,25247
1,418
1,3856
7,1876
2,761
1,514
5,1741
3,1277
7,2555
1,491
10,3194
10,2403
1,369
5,1676
9,4441
3,13376
1,348
1,489
3,1336
2,843
2,766
7,2455
5,1171
4,1623
4,1654
10,2811
5,1737
1,279
1,423
7,2234
1,513
1,374
1,521
1,429
3,1338
5,1762
5,1683
8,2680
7,2141
7,13373
10,3769
7,5706
1,299
7,2304
1,432
1,494
2,670
1,543
7,2046
7,2308
1,479
1,488
1,454
8,2139
2,10238
6,2052
1,584
1,272
6,11042
3,1082
1,438
1,371
1,371
1,431
3,1259
7,13267
4,1524
7,2235
9,2065
2,10383
4,1406
1,540
10,8202
7,2297
1,379
1,494
1,327
1,361
1,302
5,1774
6,1910
4,1353
7,2203
10,2387
1,8762
1,412
1,510
1,312
1,517
1,313
1,420
1,320
1,390
1,637
8,2718
1,364
2,809
3,913
5,1397
2,17062
1,412
1,554
6,1468
1,428
1,306
1,542
1,331
1,302
1,444
7,2370
1,426
2,1235
7,2203
6,1279
9,3075
1,528
1,533
10,2945
4,1394
1,265
1,413
1,280
3,816
1,469
7,2206
4,3062
2,868
5,1577
4,1206
3,1107
1,350
1,674
4,1408
3,1079
1,277
1,385
2,708
2,824
1,475
3,987
1,473
2,1114
1,426
10,2969
8,2519
1,289
1,428
10,2721
2,734
1,273
1,477
3,789
10,2343
2,3525
10,3251
4,1301
10,3646
1,447
10,2625
7,2333
1,380
1,619
4,1649
2,722
1,311
2,796
8,1999
10,3365
1,421
7,2356
1,463
1,459
1,313
10,3241
3,1041
1,619
1,407
10,3517
2,800
1,369
1,441
6,1318
10,6328
1,1025
1,617
1,458
3,1104
1,394
5,1314
7,2043
1,496
1,329
10,6707
1,2398
1,257
1,350
1,383
7,2181
1,520
5,2016
8,2522
7,2390
1,477
4,1168
1,468
1,658
1,363
6,2318
2,671
2,640
6,3173
10,3783
10,2879
1,475
1,384
1,334
8,2841
1,422
10,2946
3,1126
1,477
3,1351
5,1226
10,3229
3,729
3,1101
8,2737
8,1830
1,526
1,424
2,818
8,1815
1,355
6,1730
2,795
10,2274
9,2913
6,1497
8,2630
7,1735
4,1339
7,1841
10,2566
9,2391
1,496
1,413
7,1959
1,319
1,446
1,456
5,1488
1,600
5,1563
8,2556
5,1773
6,1959
4,1123
3,762
1,424
1,384
1,470
7,2515
1,616
1,293
2,1112
3,1342
10,3931
10,2556
7,2183
6,2189
5,1755
9,2180
10,3105
7,2505
1,516
2,785
7,1866
1,380
1,250
4,4484
5,2280
10,3449
10,2768
7,2213
8,2460
1,499
3,821
6,1942
3,1296
1,379
3,989
3,1172
1,395
1,251
7,4553
10,3623
10,3291
3,1214
3,976
10,3232
5,1675
6,1543
10,3454
10,11536
1,423
7,2280
1,479
1,446
1,390
6,1936
5,1659
6,2203
10,3424
1,504
7,2377
5,2586
10,3639
4,1202
10,3363
1,583
3,1061
1,399
5,1784
1,372
1,426
10,3711
9,3163
5,1706
1,476
5,1692
6,2063
4,1167
7,2175
3,1224
1,409
5,1709
1,480
7,2104
1,256
5,1975
5,1863
7,9782
4,1180
1,443
4,1478
7,4416
10,2563
10,3409
10,11902
1,408
7,2520
1,581
3,1228
1,243
4,1390
7,2482
4,1628
5,1786
2,744
5,1204
5,1815
10,2208
1,575
9,8274
10,4001
7,2286
1,485
9,6496
1,266
7,2383
1,584
1,868
7,2068
4,1286
5,1105
5,1618
7,3070
1,462
7,2312
5,1987
3,1348
1,377
10,3390
1,491
10,5515
3,1316
2,933
1,483
1,465
10,2636
4,1228
10,3928
10,3426
2,915
1,544
7,2612
1,432
10,3076
5,1536
6,2050
7,2872
3,2347
1,269
1,393
4,1588
7,4049
10,3707
4,1467
2,571
10,2326
5,1284
2,726
5,2842
6,1700
7,2305
10,4775
2,1025
1,271
2,811
10,2280
5,20189
4,1385
1,355
2,785
10,2664
1,647
1,346
3,856
10,3332
5,1838
9,3208
3,1033
1,358
1,485
10,2804
4,1449
6,15989
1,511
1,381
3,1648
1,484
1,378
9,14050
5,1699
6,1934
1,620
2,669
3,781
1,480
5,1670
2,973
1,334
6,1542
6,2125
10,7694
1,425
1,450
7,2490
7,2424
4,1295
6,33696
6,2133
1,311
1,508
5,1685
2,4778
1,298
1,317
10,2855
5,2950
5,1578
1,439
10,2230
2,496
1,365
10,3380
9,3234
1,344
1,387
10,3234
2,720
1,253
1,623
10,2225
9,3114
7,2506
1,471
2,646
5,1903
4,1585
9,10665
5,1735
1,506
1,465
10,3422
2,767
1,241
1,388
8,2238
7,2511
3,781
1,400
3,892
4,1105
1,460
1,531
7,1952
1,627
6,2172
6,2121
3,1119
1,303
1,388
8,2722
2,665
9,3020
5,1684
2,652
5,1657
1,580
1,531
8,2053
1,1035
1,323
1,385
7,2552
1,331
1,418
8,2898
3,947
10,3476
3,813
10,2412
3,1140
1,483
3,1158
7,2093
1,505
5,1939
1,540
3,12035
1,340
1,306
4,973
2,806
5,1625
9,3209
10,2843
8,2627
1,536
1,398
8,2105
7,2282
5,1700
1,529
8,2601
1,380
6,2127
9,2058
10,3377
10,5547
10,4780
8,2729
10,3185
2,840
7,2650
2,899
3,1246
4,1391
5,1865
7,2213
5,1094
5,1791
1,393
1,645
1,2477
10,4675
10,3358
5,2019
1,357
1,630
5,1499
7,2630
10,3367
1,322
8,12010
1,296
10,2271
1,232
10,3091
3,2790
5,1896
7,2228
3,1359
1,440
10,3901
1,575
1,479
6,1875
1,274
7,5308
1,345
10,3336
1,246
8,2051
10,4392
9,3170
8,1913
1,533
2,926
1,5054
1,529
7,2494
8,6206
1,593
3,1176
4,1105
10,3282
1,243
10,2738
9,3443
10,14324
1,435
7,2611
1,457
1,427
1,356
10,2393
5,1747
1,307
7,2236
6,1460
4,1504
1,292
7,1686
3,1112
7,2203
1,390
10,3446
2,882
1,597
1,582
9,3014
5,1524
1,284
7,2280
5,1749
10,2359
1,299
8,2805
1,342
1,446
1,510
6,2279
1,390
1,443
1,315
10,3169
6,2400
1,341
3,1167
10,2897
5,1224
1,249
9,2039
1,416
3,1003
1,522
5,1916
1,518
4,1309
1,328
7,2387
4,1589
1,388
1,488
3,1023
6,2124
1,295
1,418
1,457
2,519
1,384
3,1204
1,515
1,458
1,278
3,10218
4,1372
5,1850
1,482
10,5506
3,1210
1,252
1,396
1,385
6,1730
1,465
7,2237
2,3976
1,603
1,296
3,890
7,2300
6,1565
1,458
6,3485
1,476
1,280
1,397
7,1915
2,702
1,303
10,19413
8,2801
1,966
1,291
1,1082
2,912
5,1842
1,536
4,1079
3,923
10,2227
1,418
1,308
9,2414
1,250
9,3235
3,1055
9,3106
1,274
2,843
2,1025
9,2141
1,417
7,1688
10,4223
6,1340
1,405
1,390
10,3543
1,248
1,449
8,2672
2,1019
1,534
3,1504
2,1097
10,2266
1,481
3,1121
7,5751
4,1205
1,430
1,421
10,3315
1,381
1,545
5,1649
2,825
3,926
2,1210
3,1240
5,1852
1,386
3,1862
4,1594
10,3464
1,491
1,388
7,2355
3,905
4,1861
8,2244
3,974
1,433
1,528
3,1362
10,3288
1,435
1,576
10,3448
10,2304
1,377
1,309
8,2458
6,1385
1,557
7,2315
2,622
9,2394
2,746
5,1841
4,992
1,512
10,11340
7,2378
10,2186
1,473
7,1933
4,986
4,1209
1,606
2,974
6,2856
4,1539
9,2971
8,2696
1,459
1,296
7,2063
1,548
10,3450
1,398
2,718
8,2614
10,3197
1,621
5,1960
5,1786
9,2865
6,2159
8,2873
5,1891
1,330
10,2789
7,8811
4,1111
1,403
2,602
1,586
10,3240
1,583
7,2760
8,3297
5,1963
7,2333
7,6656
1,3644
1,395
7,2785
3,7793
6,2144
10,2495
10,2604
1,368
10,2207
1,528
1,480
7,2297
7,2154
7,2577
10,4719
10,3406
5,1624
10,7911
1,4408
4,1240
10,3033
10,3116
1,284
7,2429
2,845
7,2807
8,1718
9,2248
8,2774
7,2405
1,356
10,3646
9,3006
10,9298
5,1684
4,1560
8,2388
1,292
10,3442
1,592
1,637
2,646
10,2634
8,2618
5,1747
7,2343
3,1098
7,22438
1,522
5,1623
10,2352
10,3213
1,327
4,1380
1,439
5,1319
5,1521
1,406
8,1994
1,448
6,2125
10,3235
1,519
9,3049
10,2289
9,2197
8,2281
1,237
6,2057
3,1146
1,428
3,851
6,1376
1,541
1,484
9,3880
10,3420
3,1337
1,354
3,925
10,3898
3,791
1,906
10,2464
1,469
3,1228
5,1674
5,1628
2,730
1,337
10,4188
9,12062
1,910
1,726
10,2376
10,3382
6,2052
1,401
5,1265
1,1900
3,796
4,1272
3,1018
1,297
1,478
5,2050
5,1835
10,29221
1,732
10,3430
6,1619
4,1078
1,324
6,1263
2,1014
9,2775
9,2405
5,1478
1,445
1,455
9,3786
10,3033
1,485
1,635
6,2088
5,1756
10,2257
1,348
5,1726
2,1066
10,3419
2,535
9,2127
3,1243
1,344
10,3621
7,1913
2,1277
1,482
5,1190
6,1679
10,3218
3,745
10,3233
2,711
10,3299
5,1351
5,1583
1,407
1,259
3,1363
2,676
1,601
1,470
5,2849
5,2077
10,3628
6,1371
10,2580
9,2456
5,1418
10,2612
10,2365
1,455
1,234
1,540
3,744
1,512
1,561
7,1827
10,2676
7,1972
4,1016
5,1696
7,2846
10,12356
7,1668
8,2224
10,3185
1,246
1,796
6,1656
1,389
1,575
1,512
10,3486
10,3127
10,3278
4,1250
7,2709
9,3401
10,2196
7,2458
1,348
1,307
1,773
3,1002
1,576
3,941
1,353
3,1158
1,656
7,2313
10,2191
8,2782
7,2431
1,502
5,1746
1,259
1,262
4,2861
2,559
2,3357
2,912
1,266
5,2142
1,681
10,3333
5,1773
8,3083
1,479
5,1539
10,2924
1,286
1,502
2,880
10,2540
1,1713
4,1194
1,433
4,1394
10,4099
10,3218
1,466
8,3150
1,614
6,2061
1,681
1,267
1,438
1,707
8,2528
3,1226
9,3207
1,360
10,2708
1,448
4,1160
1,514
1,552
1,396
5,1530
5,1951
1,468
5,1830
1,631
10,5268
1,419
3,1082
1,305
5,1927
4,1150
10,3066
1,580
4,1175
1,247
3,941
2,1037
1,391
10,2796
1,524
7,2078
1,450
7,3125
1,372
7,2485
1,304
6,1556
1,472
3,932
1,252
1,365
1,620
5,1884
10,3600
1,495
4,944
1,654
5,1678
1,541
1,533
1,373
3,901
1,715
5,1941
1,249
8,2542
1,504
2,712
10,3002
1,603
7,1445
8,3016
8,2011
1,690
1,451
6,1707
6,2047
1,379
9,2645
1,238
1,314
1,17177
4,1392
9,3126
1,380
8,1798
2,649
6,1418
1,636
1,609
1,404
5,1144
1,402
6,1544
1,296
1,245
2,7671
10,3271
2,788
1,576
1,401
4,1742
7,2110
9,3218
1,641
1,389
10,3419
1,433
5,1887
1,257
1,266
1,609
5,1189
9,2713
2,594
1,380
7,3055
5,1484
1,602
1,553
1,307
5,1626
1,662
2,788
1,241
1,342
1,549
10,2319
5,2657
1,473
1,403
9,6560
3,874
1,425
1,575
6,1534
10,2419
1,464
10,2714
2,819
1,251
1,561
5,1318
10,7637
3,1143
1,358
7,4403
10,2315
3,1128
1,498
1,259
7,1586
3,1343
7,2017
3,815
1,254
1,568
8,2834
8,2319
8,3469
1,335
8,2436
9,2221
7,1982
1,480
1,240
10,3395
3,1362
10,3109
6,1898
1,258
1,604
6,2373
3,851
9,2964
1,242
6,2296
4,1429
7,2433
1,442
4,957
4,1430
1,383
5,1969
2,742
1,235
1,523
5,1878
6,2056
7,2103
1,262
1,525
5,1645
10,27441
1,409
5,1187
5,1558
7,2780
1,359
10,2374
1,290
1,478
5,1540
2,980
3,961
1,270
3,948
2,809
9,3487
10,5082
5,1881
5,1797
10,3657
5,1935
8,2781
7,1735
2,541
5,1611
1,620
7,2023
1,331
1,422
10,2934
7,2655
1,608
10,2892
1,517
6,2492
8,2225
7,1937
5,1243
9,3074
1,260
10,2826
9,2204
1,309
9,2484
5,1079
10,3745
10,7084
10,3591
1,455
7,2348
1,479
10,3681
7,2412
1,427
9,1921
10,2829
1,531
6,1406
5,1830
7,1736
3,1079
10,3463
5,1679
1,290
10,3257
1,263
4,1352
10,1996
1,454
5,1741
7,1520
7,1960
10,2710
2,705
1,421
3,1083
10,3817
10,3347
1,493
7,9676
1,239
8,2600
8,2146
1,664
10,2192
4,1023
1,396
10,2288
4,1526
1,540
1,480
6,2136
5,1898
1,479
4,1385
1,236
10,2852
5,1384
4,1397
5,1303
8,2421
3,1025
10,2039
5,1366
5,1683
2,918
10,3511
3,1107
1,449
3,878
1,356
3,1081
10,2232
5,1674
8,2087
9,1893
1,696
10,3045
7,1673
6,2104
3,1357
9,3300
3,1165
1,510
9,51548
1,243
10,2216
3,1401
1,516
5,1421
1,407
9,2555
10,2981
10,2546
1,2847
2,911
4,1510
1,427
1,609
4,1866
1,298
6,1354
2,869
2,859
9,2279
1,253
5,2004
4,1562
9,2231
1,443
2,910
1,703
7,2319
1,533
1,614
1,298
4,1231
2,617
4,1555
1,316
1,282
2,1201
10,3609
1,429
5,1272
3,1300
2,953
10,3416
1,350
2,970
1,280
10,2291
2,795
1,571
5,1616
1,242
4,1633
5,1585
5,1155
8,2799
3,1099
3,1146
6,2036
3,1036
3,1244
1,359
7,2928
1,827
3,1019
2,1325
1,227
10,2163
6,1481
8,2162
1,249
7,2473
2,1224
7,2141
3,1336
2,705
5,1350
10,3741
1,678
5,1676
1,661
1,245
7,1570
10,3629
6,2114
1,239
9,2798
3,984
10,10070
1,499
6,2223
6,1409
10,3281
1,594
9,27259
5,2366
1,208
9,1933
7,2210
5,1778
1,267
7,2429
2,896
1,339
10,3377
3,1078
9,2017
4,1878
5,2275
1,635
1,748
1,216
10,2704
5,1707
1,384
1,386
8,2586
7,2038
1,426
6,2129
6,1510
6,1390
6,2241
5,15177
3,4656
1,631
1,260
1,312
10,3046
1,312
1,387
8,2208
9,3266
7,7869
7,2674
9,2943
8,1634
1,753
8,3284
2,691
1,557
1,224
5,1884
5,1831
1,411
1,298
7,2490
5,1759
1,381
7,2402
5,1537
8,2377
1,530
1,472
4,27907
1,549
6,1520
8,2407
10,6844
1,268
1,292
7,1962
7,2304
9,2823
10,3191
7,2099
5,1633
1,649
1,640
1,580
1,458
10,2464
6,2011
4,1121
1,301
5,1352
1,364
8,3080
1,487
9,7874
8,1936
4,1044
1,474
2,741
5,1903
1,650
4,1422
1,450
5,1809
1,229
9,3079
1,469
7,1906
3,16735
10,12385
2,670
1,487
1,319
1,438
2,762
1,679
10,3320
1,255
1,523
1,285
7,1648
1,459
8,2082
10,16513
4,1338
7,1952
2,1059
1,328
4,1592
8,59591
1,536
10,2157
1,280
1,1021
1,302
5,1259
1,354
1,334
1,434
2,867
5,1776
2,1094
1,234
1,489
9,2890
1,33218
10,2120
1,249
1,892
1,302
10,2613
1,289
5,1707
3,1453
1,528
1,342
4,19089
1,250
1,498
9,3194
2,32064
10,3214
1,257
1,700
7,1467
10,2370
1,264
1,405
1,388
3,1230
1,283
1,578
1,343
3,1314
5,3872
1,463
4,1403
1,329
1,512
1,688
1,507
1,275
1,273
1,409
2,943
1,324
2,782
1,311
1,481
4,1284
2,586
6,1755
1,302
1,497
5,1445
10,2491
1,412
1,443
4,1366
2,1012
1,328
1,361
5,1519
5,1856
6,1863
5,1910
5,1483
7,2049
1,289
5,1565
3,1171
1,389
1,346
1,463
3,1315
1,480
1,613
6,1426
9,3226
1,591
1,351
5,1922
1,282
1,434
9,2132
2,33249
1,560
1,346
1,466
8,2617
1,389
2,677
10,3679
1,439
1,936
3,1566
6,1485
1,355
1,374
3,852
2,22264
1,458
1,324
1,531
9,2056
1,299
5,1888
5,1703
1,415
1,486
2,930
10,3092
1,256
1,319
8,2252
1,18985
9,2290
1,477
2,923
3,873
1,262
5,1441
10,3329
8,2672
2,855
8,7327
5,1878
5,1301
3,1164
10,3115
1,10155
1,375
2,686
7,2281
7,2504
1,282
2,794
5,1996
1,341
5,8909
9,2445
3,1328
6,1335
3,1158
5,1546
2,8276
2,952
1,279
2,566
7,2235
1,385
8,2489
4,1467
1,27565
7,2490
5,1719
10,3196
9,2530
10,4081
5,1468
1,547
5,1382
1,273
4,1367
8,2664
3,759
4,1630
10,2396
4,1416
1,619
4,1462
4,988
9,2254
10,4098
1,474
5,1825
6,1791
1,318
3,1160
7,1538
5,1757
9,23052
5,2018
8,2491
1,34066
1,550
10,2397
3,1165
10,3591
2,1017
5,2384
4,1198
3,792
7,2380
7,2747
9,2881
9,18213
7,2853
2,684
8,33228
8,2769
5,2584
5,1197
6,1382
1,555
8,2704
10,3184
1,542
5,1674
1,483
2,934
5,6290
3,1123
1,487
1,427
4,1516
7,1701
4,937
10,3006
1,469
1,356
10,2448
9,2283
8,1900
1,311
5,1634
1,20261
3,1068
1,499
4,77798
3,3653
1,351
10,2277
10,3198
1,583
8,2594
4,1465
8,3342
6,1883
1,310
10,2313
1,639
1,348
1,683
1,442
1,613
1,370
1,252
7,7566
1,505
1,696
8,2494
4,1366
7,2174
1,296
7,2641
3,4127
10,7417
1,349
1,530
4,1740
1,311
1,576
4,1383
2,828
1,471
5,2256
5,1236
1,682
1,251
10,2700
1,460
3,935
1,400
1,574
2,864
1,295
2,819
1,457
1,513
5,1747
6,1810
7,2044
5,1773
1,269
1,560
1,423
6,2217
1,396
2,5839
1,516
1,275
1,519
2,923
2,855
3,994
5,1358
9,2638
3,993
1,278
5,2286
1,577
7,2338
9,104107
2,937
4,1461
1,358
2,833
3,1214
4,1338
9,38072
5,1092
1,424
9,2405
1,349
5,1916
8,2642
10,15598
4,1329
1,3684
1,480
1,413
1,511
2,850
6,2275
1,394
9,2942
10,3503
4,1349
1,314
8,2843
4,1519
10,3382
9,2978
1,413
7,2477
1,384
5,4471
2,914
8,2801
9,2773
7,1476
6,4050
2,756
1,302
10,2289
1,418
7,5591
6,1783
1,551
9,3071
1,278
5,1652
3,1321
9,3886
1,392
8,1998
5,1296
5,1671
1,266
5,1467
3,1245
9,11623
9,2963
7,5854
7,2034
1,340
2,767
9,3008
9,3005
1,490
10,2181
5,1268
5,1129
3,920
5,1184
1,557
4,1256
2,899
3,1271
2,698
3,1161
9,2863
7,2343
4,1303
1,474
10,2039
5,1613
10,3135
9,2040
9,1965
1,634
1,482
4,1397
1,414
9,3383
9,2993
4,1437
3,1331
1,746
1,501
5,1512
9,2682
7,2642
5,1848
7,1723
9,3677
1,603
6,2262
3,1307
4,1604
1,430
1,474
7,2429
3,1066
4,1304
5,1377
7,1644
10,2823
4,1227
5,1962
1,544
1,4469
4,1384
2,833
1,464
10,3346
9,2818
8,2638
1,570
3,972
1,419
10,2244
1,396
5,1865
5,1315
1,573
1,349
7,2601
10,3278
4,4391
10,3309
9,10728
7,1825
5,1747
1,324
3,806
8,2061
1,506
2,944
10,3135
4,3018
1,528
1,350
3,1153
1,412
10,2308
5,1459
8,1870
1,592
4,92389
2,958
5,1786
1,273
7,1857
1,464
1,434
1,492
2,684
8,2839
6,3557
10,3417
1,470
1,438
1,401
1,484
1,498
5,1799
1,479
10,2919
10,3142
1,352
3,2790
1,548
1,583
3,1800
1,457
1,326
7,1528
1,510
4,2191
1,637
1,305
6,1486
1,467
3,1839
2,773
2,840
2,653
1,494
1,546
7,2263
8,2477
1,485
8,2596
1,412
1,754
10,2374
5,1665
5,1561
1,33357
1,595
1,328
2,682
6,2070
7,2225
9,17123
3,24943
1,437
1,457
7,11043
1,626
3,823
1,398
6,1937
1,582
7,2412
1,658
1,449
9,4719
2,872
2,756
4,1296
1,400
1,603
6,17622
1,570
2,1153
5,1994
5,1886
2,840
1,369
1,655
8,2775
8,2907
3,1233
1,532
1,486
1,363
4,1462
9,2748
1,713
1,574
8,2766
8,2653
1,458
2,871
1,453
3,10098
7,4544
1,536
7,2619
3,1118
1,333
1,380
1,22985
1,697
1,540
1,558
8,1976
1,473
10,17847
1,644
2,803
4,1640
1,456
3,3892
10,3214
1,396
1,492
2,29018
1,28779
1,463
1,477
5,1299
1,405
4,2474
2,1183
3,1070
1,676
1,414
2,883
1,375
1,259
3,922
6,31017
1,472
1,515
1,294
9,2115
1,377
4,3334
3,1252
10,3180
1,486
1,399
4,1276
2,568
1,296
1,390
1,11714
1,493
1,292
1,256
6,1362
1,439
7,2439
9,3312
1,608
1,511
2,3942
9,2766
1,496
1,284
1,419
9,31101
1,850
1,443
1,275
7,1681
1,505
9,11390
6,2311
1,472
1,493
1,432
2,564
1,390
1,253
1,331
4,9348
1,326
1,707
1,264
10,2102
1,505
2,867
7,2035
9,3548
3,1260
1,435
1,491
2,752
3,803
4,1469
1,5639
2,764
2,862
9,2384
2,507
1,442
1,371
5,1754
1,355
5,1848
2,1045
5,1960
1,1294
1,263
2,920
3,14344
1,489
1,484
5,1227
5,1326
1,306
10,3556
7,1745
9,3130
6,1985
1,514
7,2539
1,492
9,2336
2,754
7,3305
5,2251
1,11645
1,233
10,2934
1,253
2,641
8,1951
6,9817
7,2431
1,514
8,2862
1,465
5,1159
1,622
5,5774
9,4335
1,12922
7,1523
1,381
2,450
2,901
2,711
1,359
6,18221
1,4691
6,1672
1,503
4,1278
1,651
1,2508
2,755
1,441
10,2890
4,930
5,1505
3,1316
5,1820
7,11265
6,1544
6,7168
8,2403
1,417
2,764
4,1661
2,3745
8,2736
1,362
10,2085
3,1118
2,787
3,1165
10,2569
1,338
9,2899
3,1328
5,1871
4,1282
7,2066
7,2378
2,1008
4,1415
9,2693
5,1212
1,656
5,1584
2,928
3,1129
1,495
1,392
10,3625
1,653
7,2258
9,2315
9,2966
10,3698
9,2743
2,498
10,2247
1,620
8,2743
8,3007
9,2119
7,2545
3,979
3,1249
1,406
1,462
1,594
7,2549
2,1269
5,1938
1,473
3,3824
1,560
9,10909
6,2428
4,1393
1,376
8,34515
8,33259
1,272
9,15789
10,2329
4,1895
2,13440
3,5789
5,1607
2,25372
1,486
4,1346
3,4735
2,609
8,12265
2,894
6,26984
1,255
4,1694
5,1160
9,3554
8,6562
1,459
4,1458
1,9559
1,581
9,3070
7,2330
5,1773
1,487
1,522
9,9281
1,256
9,3570
6,1437
4,1431
6,2353
1,332
2,779
2,722
1,499
3,1081
10,3016
5,1733
1,460
2,968
7,2586
1,257
6,2102
8,2566
6,2103
10,6674
2,620
4,1480
1,2882
2,741
1,1803
1,517
7,1657
1,2118
1,561
4,1633
1,227
6,2037
5,1668
2,879
3,18960
5,1618
9,2986
5,1860
1,464
3,2381
1,584
10,2166
6,7454
3,1035
1,529
1,286
2,1021
5,1348
1,658
3,1143
8,18278
5,1778
1,362
1,482
3,7083
6,2430
1,470
4,8505
1,675
7,3559
1,294
1,506
9,2065
2,965
1,413
4,1275
3,1099
1,412
1,438
5,1744
4,1424
6,1683
1,477
1,659
1,554
1,283
2,947
8,1797
2,889
1,412
1,324
8,11259
5,1706
1,360
8,10659
8,2552
8,2346
1,502
1,443
4,1575
3,872
2,797
7,2123
3,1197
1,393
7,2268
4,1624
2,655
1,480
2,736
1,357
5,1648
1,424
1,468
2,811
1,309
2,877
10,3208
10,3389
1,486
1,330
3,1177
1,610
1,475
4,15864
1,455
5,1863
1,549
10,4514
1,644
9,2696
3,1030
5,1200
3,1041
1,511
4,16113
1,357
8,2604
2,768
1,361
1,372
1,782
1,519
1,629
1,2804
2,802
2,780
5,1468
2,675
6,2185
4,6351
2,1838
1,489
1,472
4,16946
1,421
1,411
1,380
1,500
1,606
5,1872
3,1268
10,2716
6,1982
7,2338
9,2866
2,926
9,2899
9,20099
1,371
7,3226
1,481
3,5702
2,874
3,1107
4,1323
10,3840
1,379
8,2585
1,500
2,769
1,415
1,380
5,4259
6,2162
1,398
1,261
3,905
1,368
5,1955
5,2696
6,2080
2,690
3,4087
1,879
1,442
1,491
4,1353
2,2612
1,429
1,455
1,249
5,1874
1,486
8,6273
7,8385
8,3026
3,3280
10,3152
1,444
9,2881
4,1491
1,411
9,11334
7,2163
4,1169
1,406
8,2817
1,596
7,4050
9,7022
7,2337
1,772
7,2418
4,1442
6,2056
7,2278
9,2811
8,8515
6,1997
1,573
1,346
9,3565
3,1376
6,2436
1,389
6,1959
1,823
1,582
8,2686
1,3691
6,2028
5,1702
4,41835
2,880
1,470
1,246
6,5886
7,1861
9,3504
5,1409
10,3479
1,494
6,2114
1,450
6,2017
9,2955
1,335
7,8158
1,458
1,548
3,831
6,2279
1,414
6,2044
8,2695
1,433
1,536
1,368
1,543
3,17515
2,842
1,470
1,4472
1,436
2,819
1,675
1,354
6,2368
8,7436
6,1822
1,486
1,624
4,1615
1,489
1,347
4,1296
3,975
2,1011
1,482
1,434
1,306
2,1064
7,2474
1,342
5,1676
1,488
1,40555
1,774
7,2395
1,430
9,5521
4,1262
5,1741
1,426
1,461
5,1389
3,1142
9,2262
2,1030
6,1752
4,1483
2,27554
3,1262
2,984
7,10903
6,1601
1,438
4,1266
1,465
3,2720
9,2038
1,357
7,2223
2,985
5,1184
1,874
1,20412
1,601
1,573
4,45836
6,2006
1,395
4,1833
9,2993
2,943
7,1580
1,693
9,3589
1,1883
4,1180
7,2680
1,28072
8,13168
1,487
2,628
1,400
1,1000
9,9421
4,1306
5,1840
10,2192
3,1334
3,1330
1,1253
9,1960
1,455
1,19809
1,563
3,1137
1,321
1,408
1,436
4,1401
2,656
8,2939
7,1642
1,526
4,1227
3,1166
5,1011
1,465
1,399
1,378
1,518
2,700
1,506
8,2520
8,2598
1,314
7,2384
5,1315
7,2606
1,564
1,683
5,1262
8,6552
1,538
4,1555
8,2816
2,1118
7,11629
4,1423
3,6476
4,1241
8,2765
1,312
3,1272
1,453
1,496
10,2066
1,401
1,389
7,2609
7,2372
1,506
2,686
1,463
1,14732
7,2364
6,2039
10,3310
7,2321
4,2335
1,444
8,3028
1,900
1,450
1,366
9,2983
1,409
1,422
1,495
3,10340
5,2560
6,1942
3,1268
10,3212
10,3046
1,588
1,307
1,496
1,544
1,468
8,6346
1,409
4,17952
2,622
2,889
1,364
1,390
2,860
6,1883
4,1153
7,2417
10,2896
4,1444
4,1524
1,506
6,1986
1,442
1,629
4,1215
3,1203
1,420
2,832
5,1762
9,2275
10,2666
1,528
5,1812
1,437
5,1854
1,425
6,2159
1,392
1,493
4,1440
6,2267
1,483
2,1182
1,587
7,2273
7,2459
1,590
2,828
1,377
8,2539
2,857
2,838
2,981
1,467
1,451
4,1713
1,231
1,548
1,684
1,441
10,3196
1,708
1,447
1,452
2,609
1,1742
2,693
3,1126
1,1551
5,1492
1,46791
1,465
2,784
2,758
1,440
6,2251
1,703
2,925
1,496
9,3071
1,426
1,510
10,3097
2,774
9,6076
1,363
2,783
1,555
1,562
9,2232
6,1709
1,417
1,406
2,828
1,572
1,528
1,531
8,10608
6,2041
2,1103
1,49175
2,750
6,1719
5,1725
1,367
10,2187
1,517
1,517
1,535
3,1037
6,2076
3,1096
6,3958
1,320
2,748
1,463
2,799
3,1323
5,1603
3,1049
3,832
1,605
1,509
1,514
3,1098
1,387
1,790
3,1004
1,448
9,3278
6,6718
3,1261
1,556
2,952
1,412
2,819
3,1343
1,410
1,311
8,17588
5,2149
9,3139
8,3067
1,505
6,2177
1,430
2,698
7,2466
8,2597
10,5433
1,459
3,1179
1,430
7,6825
1,491
7,2449
3,1276
10,3770
2,782
4,2584
1,439
8,2622
7,2342
9,2759
7,2039
1,392
7,2488
1,373
5,1947
2,689
8,2564
7,2475
1,459
3,1110
5,3506
1,414
2,658
10,3363
4,1452
1,342
1,360
5,1729
2,1959
8,2679
5,60709
9,3086
7,3239
7,2146
2,710
7,6847
1,489
6,1957
4,1626
9,3059
1,471
1,491
10,3355
1,416
7,2417
5,1876
1,435
10,3453
4,1402
8,2699
1,537
7,2316
10,3283
5,2343
3,1144
2,1150
1,317
6,2036
1,657
8,2915
1,368
8,23049
9,2814
7,7518
10,3225
2,813
1,402
1,323
9,2227
1,537
1,709
1,265
9,3587
1,440
9,2971
1,469
1,700
5,1666
1,392
4,1270
2,767
1,475
7,2626
7,2510
1,361
4,1622
1,304
7,2136
1,348
2,783
4,11041
2,990
6,1980
4,1353
3,954
2,885
9,78042
7,2206
3,1176
8,2430
1,567
1,258
2,1045
1,473
1,486
7,8573
2,813
1,412
1,631
1,541
8,2798
1,465
4,1410
1,339
1,532
1,617
1,594
5,2174
1,372
2,715
9,6563
2,803
1,510
2,892
10,5890
3,1170
2,1123
1,294
9,2874
1,385
1,468
1,388
4,1717
1,410
2,777
10,10654
1,766
1,358
1,608
7,3202
6,2014
1,428
8,2647
1,349
4,3393
1,955
7,1720
4,1121
4,1515
2,2135
2,687
3,1205
1,472
3,1023
8,2677
1,388
1,400
8,2801
1,411
1,4202
4,1302
8,2749
10,3683
5,1698
2,1063
9,125139
7,2494
1,397
4,1606
4,1586
3,984
2,743
4,1505
1,363
1,457
7,2353
10,2542
4,1522
8,22753
1,567
3,1237
10,3842
7,2122
5,1742
7,2448
2,18598
3,1196
1,494
2,607
1,555
10,2611
6,1303
10,3661
9,10554
7,1730
1,2215
6,2233
3,757
7,2209
1,531
10,3314
3,1119
1,692
1,478
1,411
6,2042
10,2173
7,2341
4,1583
10,3278
9,13928
7,2132
1,522
8,2398
2,1665
10,3327
2,653
2,820
1,442
1,413
10,3081
4,1036
10,3220
9,2985
7,2800
6,1965
9,3111
2,867
8,3113
1,631
1,353
10,3443
9,3707
5,2310
1,377
10,2801
3,697
6,1452
1,406
6,2039
4,4671
5,15271
1,366
9,3060
1,440
7,2466
3,2952
1,487
1,368
1,367
3,1005
10,3351
6,1626
3,1006
9,5465
1,470
9,3198
4,1413
6,2273
3,1296
1,336
6,1874
3,1381
1,377
1,431
7,1860
4,1181
10,3297
2,789
5,7631
7,6036
7,2466
1,444
1,627
5,2193
1,332
7,2534
5,2013
1,508
1,414
10,3012
6,1845
3,910
5,5659
8,2035
2,632
3,1231
1,415
6,2084
8,3280
1,398
6,2085
7,2665
1,423
2,970
2,638
7,1725
7,1656
3,948
9,3169
1,371
1,702
5,2167
1,364
7,2552
7,8194
1,4584
8,3085
1,497
9,21363
6,1824
10,2766
1,662
4,1415
3,805
1,371
1,297
1,354
1,481
6,13836
1,375
10,17702
8,3236
4,1604
5,1736
10,2474
9,2269
1,385
1,508
1,571
2,549
1,443
1,492
1,501
8,2354
8,7711
8,3316
6,6151
10,3149
1,464
3,984
10,4035
1,303
1,540
1,406
1,434
1,633
4,918
1,705
9,2960
1,572
4,1572
1,515
4,1394
4,65514
3,750
10,4017
1,275
4,1416
1,304
1,376
5,2176
10,2638
2,849
6,1816
4,1406
1,431
6,2197
10,2648
7,2016
10,3427
10,3429
1,267
4,4151
1,365
1,391
4,1339
7,2357
2,968
1,377
1,512
7,2299
2,794
10,2992
5,4990
10,6506
3,1293
1,261
7,2127
1,661
1,384
1,666
10,3460
1,608
1,377
1,1229
4,1337
2,911
6,1397
6,1857
8,2451
1,544
1,610
5,1849
1,579
1,423
1,543
10,2516
1,596
1,473
1,448
2,802
1,548
6,1596
4,1186
4,1223
10,3661
1,456
1,5144
4,3566
2,666
1,409
6,1826
1,618
2,755
1,593
1,335
1,501
10,2289
2,10239
1,311
3,989
1,283
9,2689
5,1725
1,365
1,300
10,3453
1,510
1,401
1,549
8,3296
1,486
7,1996
1,364
1,270
1,386
1,299
6,1757
1,379
1,686
1,422
3,885
1,460
1,397
7,6326
1,422
3,1103
2,709
2,636
1,368
1,425
3,827
2,730
1,376
1,442
1,341
4,1619
1,496
2,690
4,1142
3,1155
1,383
10,3158
2,719
1,344
1,627
10,3233
3,1127
1,389
2,767
1,426
7,1767
1,669
1,405
1,576
4,1074
1,627
10,2463
3,994
7,1692
1,554
2,722
9,3598
1,369
2,743
1,622
10,2731
2,901
1,522
7,3035
5,1740
1,620
6,1358
8,2542
1,536
1,452
4,1012
6,2008
1,392
3,877
10,3176
2,645
9,3274
1,542
1,684
8,5525
1,561
10,2472
1,340
1,442
1,629
10,2448
4,1598
1,458
6,1836
4,1095
6,1458
3,1403
3,2018
1,541
7,2443
1,627
4,962
1,440
1,665
1,388
8,3001
7,2523
10,2461
8,2520
4,1094
6,1548
1,535
1,2956
3,1079
2,778
1,563
3,804
5,15474
1,558
1,580
10,2421
1,495
4,1000
9,3001
10,3422
10,2498
7,2144
1,493
5,1801
9,3258
1,626
8,2100
8,13060
10,2642
1,301
10,2721
1,433
10,2327
1,934
7,1879
3,713
5,2357
1,548
2,1120
6,2214
1,666
10,2939
2,739
1,496
1,314
6,1669
1,475
4,978
6,9022
6,2200
10,3075
6,2180
1,465
8,8076
1,469
1,407
4,1123
2,648
1,736
9,3079
6,1467
1,414
7,2292
10,40620
6,2334
10,3685
1,675
1,450
9,5007
6,3485
3,1106
6,1930
2,836
7,1796
7,2505
10,3279
1,567
6,1421
7,26240
10,2241
4,1324
10,11234
5,1530
6,2250
1,496
1,353
1,390
3,1160
10,3242
7,1710
9,2101
3,1122
6,1958
8,3009
3,937
8,4413
7,2455
3,959
6,2709
1,330
7,2307
1,292
6,1910
3,1118
10,3252
10,2908
1,429
10,3507
4,1495
7,1783
1,468
9,2946
1,410
1,1012
2,818
10,7119
1,263
3,1012
10,3236
10,2411
10,3521
1,2960
3,891
1,561
2,704
1,702
1,608
7,2421
2,953
1,568
7,2272
1,246
10,19355
10,2712
4,1650
10,3185
2,619
7,1762
4,2652
10,2651
1,433
4,2076
6,2174
3,1325
1,455
5,1738
1,431
9,6299
10,2245
1,561
4,1040
1,427
2,715
1,598
6,1697
1,456
5,1996
9,7140
1,417
1,505
9,2051
1,333
7,2297
9,2165
10,3547
1,448
1,456
10,2096
2,866
3,1145
1,260
4,1631
5,5530
1,664
1,487
7,2155
1,262
1,355
10,3931
3,1221
10,2373
2,740
6,1613
1,491
10,2475
1,404
4,1754
7,22984
3,1359
1,449
9,2961
1,264
7,2836
3,1183
6,1478
9,2377
1,491
9,2225
1,524
3,733
1,670
10,3474
7,2464
1,572
1,515
3,910
1,269
4,1375
6,1429
5,1324
1,378
1,417
3,853
1,588
8,2848
1,494
10,3719
9,2887
7,2205
1,421
2,814
1,282
8,2570
10,3446
10,3687
1,269
2,959
3,718
3,931
10,3393
1,349
7,2327
3,884
7,1743
1,479
5,1637
7,1621
1,337
3,819
8,2133
1,374
1,605
8,2798
5,1792
10,2150
1,467
10,2429
4,1421
1,497
1,525
1,497
10,2281
1,495
1,413
1,639
1,408
1,491
10,3112
8,2905
4,1208
10,2719
6,2141
2,2641
1,450
3,1218
7,2191
9,1940
1,446
10,3334
10,3621
1,407
2,990
4,1592
7,2359
7,1696
9,2740
6,1741
1,575
5,2086
1,451
4,1300
10,3227
1,471
10,3487
10,3066
1,477
3,1788
10,6024
8,2768
1,426
10,2564
10,2417
4,1410
1,353
7,1643
4,1425
10,3468
4,1122
7,4347
10,4097
1,562
8,2856
1,404
7,2374
1,310
10,3360
1,424
4,1259
10,3253
10,5802
10,2882
3,1310
7,2416
4,1353
5,1611
1,533
3,1244
7,1921
6,2099
1,301
10,3398
1,416
10,2854
6,2225
6,2908
3,822
1,555
1,527
1,456
2,1045
1,538
10,3377
1,568
9,16560
1,283
1,446
3,921
7,1780
6,1483
5,1890
10,3831
10,2849
1,324
1,310
9,2982
1,404
7,7762
1,313
1,346
1,273
10,2332
1,271
10,3531
1,405
9,3113
10,4797
9,3175
1,1898
1,365
1,450
1,474
4,6706
1,602
2,886
1,266
4,1011
1,270
10,2817
1,376
7,2343
6,1294
10,2591
1,439
1,440
1,2007
3,1071
9,3061
1,523
1,424
1,265
8,2826
1,341
6,1588
1,413
9,2897
6,1863
3,844
1,474
7,2354
1,452
10,3660
6,2346
1,459
2,767
1,265
10,3489
1,370
6,1832
1,415
3,1064
10,2811
10,4991
1,381
1,382
1,534
4,1514
8,6162
1,322
1,467
1,255
3,1440
1,368
10,2311
1,368
4,1444
1,359
7,1696
1,483
1,348
5,1807
10,3379
7,2860
1,253
1,492
1,252
6,2122
1,376
3,1160
1,281
1,444
1,318
10,3229
1,429
1,376
1,548
7,3087
1,509
1,302
1,551
10,2419
6,2274
1,346
1,587
7,2205
5,1722
1,311
4,1442
1,503
1,401
1,386
10,6030
5,2416
1,250
2,589
7,1886
10,3384
1,573
1,418
1,316
4,1277
1,342
1,526
1,390
10,3097
2,768
10,14782
2,823
1,282
1,500
9,2433
2,772
6,2446
1,464
9,2471
4,1182
1,279
7,2519
1,380
1,345
1,348
6,2079
1,527
10,3685
1,499
10,2472
4,1358
2,620
1,423
3,903
10,3310
1,243
10,3644
3,2032
1,348
1,376
5,1508
1,589
7,1568
1,581
10,3196
10,2922
10,2272
1,396
4,1266
10,2864
1,300
3,1170
6,2518
5,1295
10,13902
10,2168
1,388
10,2836
1,474
3,1133
1,410
4,902
1,357
2,1405
7,1979
1,393
6,1980
5,2106
10,3383
1,371
8,2674
3,1091
9,3107
1,479
1,560
7,1991
10,2367
1,501
4,1364
10,3681
1,253
1,417
7,2437
5,1817
1,495
1,492
1,464
10,3092
2,821
10,2691
10,5070
4,966
1,659
4,3506
6,2185
1,339
1,287
9,3003
10,5593
3,1189
10,3498
8,2881
3,1230
1,308
9,2167
1,471
8,1991
1,407
5,2003
10,2310
7,2067
1,380
6,1989
10,3357
4,1323
10,9429
6,2035
1,442
1,409
3,1184
1,389
10,2741
1,441
4,1160
6,1784
10,2840
1,302
3,1689
5,2397
5,1911
5,2119
7,2439
10,3316
1,479
6,2215
1,443
10,2682
7,1664
6,2298
3,799
6,1781
1,533
6,2347
1,726
5,1971
10,2753
6,2103
9,2828
7,2511
10,3293
1,319
6,2004
10,3030
7,1590
1,454
10,2068
1,469
1,443
9,3065
10,3168
2,717
9,2907
3,1478
10,3500
3,1026
1,593
7,1648
10,2336
10,2806
1,355
4,1381
1,359
2,992
1,353
8,2815
9,7112
8,3611
10,2220
6,1977
10,2560
1,426
9,2648
6,1415
10,3291
1,266
3,799
1,266
1,552
4,1483
1,589
5,2133
2,767
7,2321
7,2337
1,459
1,452
10,3379
10,2911
6,1788
1,277
10,2308
1,254
3,2166
3,692
6,5664
1,580
2,807
10,2648
5,1625
10,3282
1,328
10,3101
4,879
10,3251
1,287
10,3301
1,330
1,484
3,1397
4,1598
1,531
1,470
3,1058
9,8882
7,8299
1,308
10,3689
3,674
3,907
1,248
4,1355
5,1537
7,3349
5,1751
2,898
1,555
1,500
1,348
9,2952
10,3297
10,3687
3,1389
10,3690
7,1719
1,366
6,2101
10,2347
3,1346
5,1860
4,7515
1,527
3,1470
7,2372
3,1015
4,1325
8,3237
10,2451
4,1692
10,2544
1,360
10,2729
8,2692
1,517
3,1161
1,401
1,522
1,340
10,3451
4,1270
7,2375
10,3811
1,453
6,2295
1,431
1,295
7,1555
10,3814
7,1735
9,3014
4,1376
1,495
1,482
10,4125
1,548
1,512
10,5711
10,2210
7,1792
2,532
1,242
9,3133
10,3729
5,2009
10,3305
10,18356
1,492
1,486
3,1508
1,351
1,471
10,4155
1,399
10,3134
10,3096
7,1736
10,3247
5,2141
2,669
1,420
7,5760
1,597
1,493
7,2006
5,1751
1,320
2,740
1,285
9,2808
4,902
2,861
10,3547
2,826
6,3026
1,473
2,831
5,1797
1,730
1,364
4,1467
1,273
1,521
1,265
10,3185
3,898
6,1398
10,3239
1,558
10,3204
6,1954
7,2420
1,350
1,307
1,296
10,3102
1,239
9,3149
1,238
10,3385
1,439
10,2316
3,1092
9,2842
9,10211
1,394
8,20179
1,506
1,486
1,362
4,1081
1,408
4,1355
1,272
10,2616
1,488
3,893
1,505
10,3470
7,1808
7,3052
6,2224
4,1536
1,284
1,273
7,1873
1,306
1,584
1,239
3,1004
1,344
3,1060
10,2911
5,1684
9,2024
10,3431
10,3253
3,1152
1,282
1,336
10,3272
1,700
5,20933
1,230
1,538
1,591
8,2740
1,361
4,1464
3,2730
1,350
8,10073
5,1563
1,251
1,307
10,2167
1,553
2,845
1,354
10,2544
8,2695
10,3237
1,439
3,1672
4,1395
1,324
3,1463
10,3359
3,1091
1,268
6,1446
1,366
6,2268
1,425
1,528
9,3301
4,1343
1,356
4,1617
5,1694
7,2087
3,1364
10,3173
2,791
1,271
6,1547
10,2688
5,1687
1,472
1,277
10,3267
10,3475
1,360
5,1726
1,935
1,455
2,733
7,3062
7,2378
1,415
10,2451
5,1548
3,1280
6,1883
1,360
1,360
7,2711
1,483
5,3450
1,668
4,6873
1,425
6,2385
7,2350
1,401
3,824
8,2768
5,1831
3,937
1,676
10,12856
7,1696
1,345
10,2799
1,340
1,387
1,566
4,1535
10,2669
10,2545
1,425
10,2359
10,3337
10,3111
1,381
1,331
9,2304
1,436
6,2065
1,541
1,343
1,568
1,492
6,10079
5,1725
1,272
1,451
1,477
4,1259
1,1008
1,354
10,2979
1,571
7,2631
1,399
1,449
1,578
3,1160
9,2871
10,2394
1,271
10,3760
9,3280
10,3136
1,401
1,345
10,2624
1,395
1,427
1,498
1,602
1,521
10,3718
7,2083
8,1728
1,372
5,4087
7,2218
4,949
1,380
1,334
10,2163
1,368
1,501
1,440
1,482
1,5837
4,1591
8,4299
1,549
1,325
2,719
1,510
10,3360
1,285
1,255
10,3682
9,3221
1,510
1,437
2,1140
10,9914
2,646
4,1258
10,3403
1,349
9,3485
8,6817
10,3353
1,370
6,1890
3,1099
10,3470
4,1331
1,357
4,1425
1,541
1,402
3,1200
5,2055
1,246
5,1859
1,517
7,6141
9,2007
9,3008
1,476
7,2349
6,2617
1,410
1,495
1,828
3,1264
4,1771
2,925
1,254
4,1379
1,527
6,2026
10,4473
7,1516
10,2458
10,3315
1,5975
1,344
1,513
1,447
7,2746
2,965
9,3570
1,286
3,974
4,1284
5,1390
10,3209
1,377
1,429
4,1340
1,973
10,2696
7,2339
1,632
8,3393
1,511
5,1829
1,271
3,1150
1,316
8,2948
7,1984
10,3068
1,306
1,485
1,498
4,1559
2,674
1,531
7,2662
6,2199
4,1532
7,1844
5,8936
1,348
10,3419
10,3226
10,3677
1,270
10,3692
1,555
4,1069
8,2359
3,1237
2,1216
10,3180
3,1930
2,747
5,1619
1,460
1,343
4,1636
10,4927
1,257
10,3635
1,317
7,1780
7,2357
10,3423
7,2385
4,1400
3,1162
10,2131
10,3166
1,520
10,3306
1,548
3,835
1,456
3,1185
1,462
10,3317
8,12898
2,895
8,2372
7,2472
5,1834
6,1421
10,3066
1,391
10,3385
10,3601
10,2380
1,393
6,2296
1,534
10,2967
9,3191
1,591
10,9004
10,3193
10,3299
4,1033
6,1557
1,520
10,3509
3,1364
9,3276
1,384
10,2531
1,593
6,1406
3,1012
5,1655
3,48782
10,2965
5,5386
3,747
7,2441
1,620
5,7792
6,2343
2,832
1,379
5,1399
3,1121
6,1872
2,815
9,2967
1,41778
6,1613
10,3316
8,1946
1,497
3,3764
2,943
5,1369
10,4202
1,329
8,3169
2,695
3,985
3,1160
7,2548
2,47877
10,3158
6,2029
10,3148
1,791
4,1908
9,3503
8,2193
3,971
1,265
10,2921
4,1111
10,2822
1,605
9,3573
10,3481
3,1103
8,2900
4,1434
4,1781
1,571
1,605
10,5668
10,3245
9,2127
1,405
10,4355
7,1984
10,3221
6,6210
1,477
1,415
7,2603
10,2795
1,510
10,4196
1,821
1,394
4,1339
3,961
10,3543
3,928
2,688
3,961
5,2140
3,54099
1,404
1,499
6,1730
7,3871
4,1607
1,530
10,3283
1,491
6,1678
10,3312
1,1860
6,1667
2,843
1,506
1,655
1,434
1,510
7,1724
1,604
1,615
1,303
10,3117
1,523
3,1031
5,1812
1,528
10,2374
5,2020
4,1440
1,495
1,339
1,438
10,2444
1,440
7,2527
1,314
10,3302
1,468
10,4613
2,867
2,916
4,1393
1,411
2,845
1,388
1,292
4,1470
9,2856
1,536
8,2711
1,633
5,1710
10,4038
1,400
9,2726
8,2771
3,877
5,1502
2,826
1,626
1,241
1,507
10,2969
1,533
2,894
1,546
2,890
1,705
10,4350
1,519
8,3828
10,6424
10,14731
3,1080
1,2704
1,254
1,1495
10,3405
1,428
7,2490
1,557
9,3080
7,2186
7,8110
1,521
7,2769
10,3653
9,2934
1,363
1,514
1,246
1,1495
10,2693
3,6882
6,6266
1,635
1,652
8,4424
10,7330
1,449
7,2383
8,2634
1,516
8,2861
1,603
1,251
1,475
3,1024
1,413
3,1151
1,684
1,622
1,488
4,1153
1,456
9,4147
4,1583
1,485
5,1883
1,598
1,244
1,435
1,368
8,2388
9,4844
4,1511
1,437
10,3624
7,2256
1,452
2,929
6,1554
7,2282
6,2126
3,1241
6,1766
1,497
10,2785
2,1245
2,744
1,458
1,543
1,388
1,548
1,374
3,1171
1,497
1,495
10,3433
3,991
2,813
2,770
1,375
1,1502
3,1210
6,2106
1,577
1,485
5,1844
1,484
3,3042
1,464
5,1624
9,8203
1,343
10,2475
1,796
1,368
4,1627
5,1833
3,1036
1,464
1,551
8,2630
1,504
1,746
1,483
6,2156
8,5057
2,923
6,1401
1,519
1,315
1,365
1,676
4,1338
1,400
1,475
10,3162
1,423
10,8245
1,314
1,378
1,523
5,1933
10,2811
4,1441
1,349
3,1249
10,3939
5,1714
1,688
6,1563
9,4639
1,372
9,2975
1,328
9,4061
7,2230
10,4530
10,2082
7,2432
1,524
1,463
3,1118
10,3446
1,620
1,250
10,3715
5,1682
5,2058
1,430
1,438
2,654
9,9399
4,1319
2,5021
1,562
10,8866
3,1394
9,3240
5,1896
1,329
10,3450
3,1119
2,815
1,283
5,1775
4,1022
7,2400
10,3553
10,3380
1,514
7,2417
1,511
7,2481
1,450
8,2348
10,3782
4,1392
3,1483
1,250
1,344
1,3896
7,2433
8,2608
1,538
1,364
2,861
2,871
6,2263
4,1662
5,1394
2,914
3,1158
10,3951
1,360
1,504
1,662
6,2871
4,1358
4,1424
1,291
8,2732
5,1792
1,653
7,2583
2,673
5,19193
5,1744
1,8747
1,306
8,2365
1,1271
5,12777
7,1889
7,2420
1,404
2,2172
10,3699
4,1516
3,1215
10,2846
1,863
5,1935
7,69266
7,1751
1,550
1,518
1,584
3,851
2,817
9,2256
7,2402
1,10131
3,1588
5,3477
10,3335
1,386
10,5127
1,5532
10,2256
1,536
1,697
4,1352
10,3396
3,1263
3,768
10,11024
9,10895
4,1853
4,3371
10,2878
1,328
7,2749
7,2652
9,2133
1,626
1,552
2,807
9,2005
8,2997
10,4040
3,1047
7,2569
2,1375
5,2054
5,1645
1,305
7,2584
9,10552
10,2270
1,392
1,397
3,954
10,2024
6,51707
6,2635
1,441
6,2633
10,3654
10,75883
1,471
1,445
6,2700
5,1570
10,3285
1,1067
1,3859
1,324
10,2503
10,41546
4,1274
3,5473
1,349
1,510
6,60841
9,3224
1,1792
1,810
1,2999
10,2161
2,1197
9,2970
2,964
10,3326
3,30334
1,351
10,9697
9,7916
4,1740
4,41724
5,1808
1,605
4,1678
6,10046
3,968
1,8469
1,432
5,1869
1,561
1,493
7,2467
3,13041
1,357
7,2793
3,57770
3,1012
5,7967
7,3325
1,516
1,468
5,1640
1,394
6,2155
10,2784
10,2973
10,3783
1,435
7,2193
8,3315
6,42579
4,1335
1,387
3,1184
1,541
10,2456
2,9907
6,2111
8,33281
1,391
3,1114
4,1306
2,661
1,401
2,4598
1,37106
5,1805
4,5230
2,932
1,484
9,2289
2,7223
5,1515
8,3382
1,345
3,955
10,3007
10,17070
1,389
8,25724
2,827
1,447
3,992
4,18201
1,433
3,1587
3,8204
2,548
2,933
1,339
1,470
6,1967
5,24145
1,411
6,1927
4,1426
5,1667
1,1126
1,422
1,393
7,1958
9,3417
2,979
7,25355
1,469
2,705
5,1796
9,3339
1,484
8,32125
1,578
1,359
3,2840
10,7269
1,405
4,1445
9,2935
10,3623
10,35803
1,395
5,1955
10,3903
7,2618
1,430
10,2927
10,3445
1,389
1,391
3,1144
1,445
10,4187
8,10787
10,3569
9,36255
1,965
10,17179
8,2494
9,3135
1,490
1,420
3,1156
1,363
5,11042
3,1206
1,434
1,505
7,7276
4,1345
1,415
1,399
1,444
1,1172
1,1428
1,538
1,434
7,2277
1,421
10,3206
8,2654
1,572
10,3284
4,1476
5,1821
1,465
1,360
9,17323
10,3390
6,2067
4,2440
3,1345
8,2053
1,391
1,463
2,599
4,1513
10,3164
1,612
8,2728
1,458
1,377
7,2183
10,3749
1,534
2,993
2,549
8,2684
10,3517
6,2008
7,2406
2,913
7,2493
6,2264
8,2775
6,6465
1,366
1,437
10,3379
5,9394
1,644
1,363
2,770
1,412
7,5054
7,2277
1,344
3,1196
5,1819
2,903
4,1248
9,2700
5,1661
5,1908
1,586
2,956
2,787
7,2316
1,374
1,357
8,15702
3,1218
6,2192
2,893
1,524
1,308
3,1251
6,2026
2,852
7,12140
3,1006
1,401
7,2391
10,3548
10,10577
10,3337
1,476
1,414
2,871
1,597
1,263
10,2819
7,21577
9,13597
3,3328
8,2867
1,409
10,3990
1,396
2,715
1,433
8,5443
1,424
2,788
8,2901
1,423
7,2535
1,440
1,511
1,390
1,405
1,397
3,1179
10,3818
2,5579
2,590
5,1865
1,265
10,3087
6,2207
1,370
10,3616
1,361
1,471
1,417
6,22522
1,363
2,1184
1,670
10,11794
3,942
9,3421
1,282
9,2678
5,2148
1,394
10,2749
1,479
1,523
1,420
8,7928
1,387
1,608
7,3274
4,5119
1,542
9,3647
1,379
1,454
9,3197
1,382
1,524
9,10180
1,572
1,477
2,650
1,355
3,814
6,2459
3,1074
1,463
7,8516
1,293
4,1355
10,5953
1,569
7,2525
1,375
2,915
1,583
9,11655
1,388
1,432
1,545
8,45206
1,454
2,710
1,360
5,1602
4,2482
1,571
10,6616
1,392
1,439
1,384
7,14677
1,456
1,432
4,1333
9,6765
1,433
4,8064
1,273
10,3296
9,3295
5,2004
3,1293
1,533
5,1208
1,388
9,15214
1,4570
1,490
3,1030
7,2558
1,452
6,22911
1,327
8,2712
10,10620
4,1560
5,2009
1,486
1,14996
1,334
10,3180
3,985
1,422
3,1105
8,2794
1,592
2,891
1,362
8,12598
5,1847
2,888
5,1462
1,487
5,1789
4,1391
1,454
3,1193
1,446
4,1735
2,771
1,470
1,511
5,1300
1,1885
1,604
10,5710
10,2717
1,427
4,1383
2,871
6,2128
2,761
1,444
7,2279
7,2525
1,465
5,5389
10,4394
8,9943
2,982
9,12257
8,2941
1,404
10,4062
7,2343
5,1692
9,2754
1,729
1,581
8,2679
1,483
6,2231
8,1758
1,368
1,1731
5,1838
1,633
4,1398
1,350
2,5288
2,807
5,1629
1,460
2,16448
8,13723
1,419
2,793
10,2233
10,18997
1,359
10,18482
10,3663
2,782
8,10048
8,2408
2,794
10,14495
1,483
1,411
3,1124
2,759
8,2214
10,7576
1,635
1,375
10,3380
10,3373
9,3006
10,21398
5,1723
9,15300
9,6914
3,1059
7,2545
2,803
5,1884
9,6481
10,3245
1,608
1,605
8,2851
10,13707
2,782
1,373
6,2014
4,1457
7,2292
1,483
2,838
2,669
10,18038
10,4413
5,1633
1,384
1,566
2,897
2,831
8,2617
1,769
10,3813
10,12860
6,2172
7,2631
8,2749
1,330
10,9645
1,635
2,452
1,406
1,462
8,2864
9,3130
5,1791
7,2257
2,821
5,1704
5,1530
10,11439
7,2398
1,512
1,381
1,534
5,2064
1,472
1,476
1,621
1,494
6,2076
6,2813
8,15334
8,11042
7,26383
2,656
8,2656
1,4393
3,26681
1,449
5,1763
1,398
1,408
5,2347
1,458
10,3647
1,344
4,1245
10,4334
1,456
1,383
9,3233
1,623
7,7040
1,584
2,810
1,276
1,421
6,1940
1,539
2,811
5,33571
3,1182
8,7288
4,1585
3,2563
3,1180
1,531
9,21516
1,325
4,1602
6,2354
8,1907
7,1954
1,704
8,16982
4,1327
1,392
1,745
2,836
5,1795
3,3501
1,641
5,1650
1,681
3,1511
5,1882
10,3460
10,3746
1,579
4,1542
3,2630
2,844
2,1087
1,453
9,3871
2,6898
1,487
6,1830
1,571
4,2038
7,2394
7,2614
4,1780
1,485
1,528
2,906
5,1695
1,841
3,1025
7,3330
1,638
1,686
9,2800
10,3507
5,1982
8,2359
10,3024
9,4798
1,533
6,2229
10,3370
2,763
1,551
2,655
9,3263
3,38309
1,559
2,831
2,771
10,5665
10,2970
10,3393
5,1802
1,504
5,1773
1,527
10,3154
1,403
8,2657
6,3186
10,28714
1,479
1,458
5,1791
10,3740
4,1534
10,2074
10,6939
1,474
2,647
3,1057
9,2713
1,434
5,1658
5,1948
3,30690
3,1125
4,1416
8,2973
8,3513
5,1908
10,2920
3,1156
5,1877
2,815
7,2356
7,2396
1,429
6,1948
1,528
1,555
10,3133
8,4530
4,1554
6,2144
3,1158
3,1084
1,563
1,468
9,2946
8,2867
10,4024
1,400
10,3349
4,1419
1,578
3,1071
2,1444
10,4242
1,461
2,699
2,700
1,386
4,1635
10,3480
7,2857
5,1946
1,340
9,2845
2,793
9,3342
2,3278
1,620
1,363
8,22700
3,829
10,2217
1,350
2,926
10,19410
7,5063
10,15166
1,371
7,2298
2,1132
10,3318
1,330
3,1140
1,532
1,651
10,3387
10,2995
1,290
3,33631
5,1545
8,22327
8,4804
1,256
8,6589
3,1152
1,562
10,11665
8,3130
1,567
1,494
10,3748
10,3523
1,325
6,1895
1,668
10,9774
8,3309
1,522
2,759
1,602
7,2455
5,1568
5,1758
1,608
1,608
7,2759
8,2690
1,353
5,16074
1,428
3,1046
1,482
1,506
1,350
8,2972
2,15958
7,2816
6,2143
8,6196
1,487
10,8254
10,3017
1,395
10,14075
8,6207
2,847
1,558
6,2290
1,480
5,1873
7,2496
7,3402
10,4064
5,1840
1,479
10,2854
10,6193
1,410
10,10978
10,3525
3,1288
1,1501
8,8045
1,427
6,2389
1,379
9,2876
9,3066
8,2715
1,355
10,3197
10,2274
1,370
5,23336
8,7375
1,535
1,462
5,2808
1,458
8,2799
5,17109
6,1765
7,3587
10,3529
2,952
7,2710
4,1168
10,3198
8,2788
1,561
1,494
1,451
7,2500
1,417
2,658
1,444
5,1703
2,7558
10,3190
1,378
10,3117
1,243
1,476
2,793
4,38879
1,575
2,867
9,5202
1,433
9,2837
6,2044
1,496
4,7409
9,6888
1,395
2,556
1,243
3,1014
1,595
1,609
1,564
1,370
9,2834
1,423
10,7289
1,334
4,1538
1,476
5,1911
1,552
1,591
1,238
10,3334
4,1470
2,982
1,398
1,593
4,1320
4,1495
7,14031
5,1720
1,384
1,434
2,847
1,458
1,522
1,255
10,4037
8,2818
1,741
1,410
1,351
5,1819
1,366
1,587
4,1293
2,800
1,496
10,2233
2,722
3,839
1,257
7,2598
4,1446
1,1681
1,446
1,525
3,1099
1,368
4,1401
1,466
9,8670
1,839
3,1173
4,1482
1,278
1,337
10,2421
10,13375
1,529
1,479
1,362
10,2213
1,404
1,460
9,3567
2,3749
1,398
10,3392
1,363
1,633
1,282
7,2170
1,433
5,1999
1,391
1,406
3,649
2,646
1,457
1,414
8,3446
1,557
7,2814
10,3182
1,378
1,338
10,2767
3,1163
1,337
3,1223
9,2421
10,3587
1,332
1,454
1,450
1,930
1,695
10,3663
4,1324
1,320
1,264
3,1010
7,2287
1,701
1,480
8,2212
10,3774
5,1759
1,428
1,483
3,1018
1,347
10,4815
7,2248
1,268
1,264
2,934
8,3247
1,437
10,3178
8,2301
10,3287
8,2071
1,590
1,439
6,2108
1,490
10,3492
2,896
1,328
6,1419
10,2634
2,1013
1,507
3,1138
10,2367
7,2352
2,663
1,465
1,491
5,1600
1,453
7,1571
7,2190
1,353
10,2315
8,2327
7,2519
8,1991
1,378
10,3180
10,3250
9,2747
1,685
6,1914
8,2743
1,449
10,2519
8,5200
1,262
10,2128
10,2498
7,2354
6,1979
10,3155
10,7406
10,3128
10,3758
1,523
1,472
9,3540
5,1995
3,795
8,2535
8,2178
10,3684
10,2845
10,3734
5,2021
1,339
2,985
7,2643
10,3279
1,426
2,769
2,646
6,2132
1,404
6,1890
10,2285
10,10926
10,3487
3,1127
10,3046
5,1560
3,1082
1,368
5,2564
10,3258
3,1246
7,2188
2,728
1,340
3,1076
10,2983
10,6648
10,2200
2,814
9,2688
9,3151
6,1873
1,443
10,7482
6,2107
2,645
1,472
9,2839
1,449
3,1245
10,2957
10,3043
10,2139
3,1072
4,1443
7,2321
10,3618
1,269
8,2886
2,629
1,355
1,565
10,3100
1,284
2,699
10,2465
3,1025
1,376
1,700
10,3519
7,2591
10,11114
1,277
2,861
5,1430
5,1650
1,423
5,1973
1,259
1,628
10,2167
10,3690
1,370
1,853
2,649
9,10181
10,3429
1,297
1,576
2,845
7,2234
1,465
10,3398
1,251
9,2908
5,1174
8,2018
1,280
1,783
10,2399
5,1597
6,1950
1,451
1,466
10,2627
9,2826
1,432
4,1470
1,258
3,1219
10,2151
3,980
1,299
1,607
10,3327
1,520
10,3307
1,310
8,2805
5,1958
8,8940
1,390
8,2279
1,223
3,1013
10,2745
10,2451
1,339
1,5115
10,9021
4,1413
7,2296
1,362
5,1806
4,1583
4,1403
4,1304
10,5507
1,260
10,3556
10,8440
10,3661
1,258
1,579
7,8947
1,458
10,3135
1,349
6,1917
8,3237
9,23922
1,459
6,1560
1,386
2,879
10,5492
10,3848
1,259
1,448
10,2986
2,632
4,1324
3,859
10,15604
10,4315
1,441
1,440
2,3242
2,739
5,1700
10,3272
7,7150
10,2257
1,413
10,2273
8,4589
4,1098
1,417
9,11669
8,2625
1,475
1,502
1,496
10,2333
1,470
10,2894
2,1323
1,241
1,413
8,2063
3,1137
1,657
2,959
9,8730
2,848
5,1824
1,548
4,1070
10,3775
10,3219
5,1721
7,2638
1,231
1,354
10,8092
5,1766
1,309
10,2710
10,5662
1,979
2,767
1,478
8,2773
10,3225
7,2149
3,1008
1,700
1,755
1,434
3,907
6,1984
1,584
8,2078
4,1130
8,2963
2,759
6,1952
5,1910
8,2560
7,5004
10,2931
1,704
5,1319
3,1066
1,435
2,873
1,271
10,3695
5,1682
6,2430
1,400
2,561
10,3513
10,2136
9,2877
1,301
1,465
10,3350
1,511
1,287
9,3109
1,240
10,3892
1,483
5,1396
1,616
2,634
9,3087
10,2105
5,1729
1,246
3,1364
10,4113
2,725
1,334
8,6708
1,230
10,2382
1,402
10,2287
9,5314
9,2992
10,10485
10,2330
6,1955
1,260
1,398
10,3379
5,1555
1,258
10,3259
1,299
10,2209
1,285
9,2969
9,2841
10,3585
10,7803
5,1245
1,453
1,278
1,543
10,3127
10,7490
1,285
7,2243
10,2833
10,2501
1,249
10,3534
10,3221
10,3638
5,1545
10,3311
1,428
1,415
1,551
5,1139
10,11339
1,363
4,1549
1,422
5,1041
1,285
4,1402
1,340
4,1257
1,519
10,8672
1,454
1,468
1,818
10,2050
9,3391
1,535
1,495
1,345
10,2376
1,355
10,3090
1,369
8,2726
1,262
10,3409
1,431
1,509
1,541
3,1427
7,2643
1,356
1,638
1,331
10,3297
1,400
5,1791
1,401
10,4769
1,240
10,22162
1,404
1,456
1,565
10,3530
1,635
1,278
1,698
2,736
10,4674
1,425
1,503
1,364
8,8710
1,280
10,13545
1,533
1,327
1,471
7,2504
9,3224
1,344
1,517
1,502
10,3123
1,409
1,358
10,4470
2,833
1,364
5,1347
1,378
1,399
1,392
10,3770
6,2144
2,880
1,413
10,3088
10,3320
1,414
1,381
1,804
8,2027
1,317
10,2847
1,421
7,1833
7,2456
10,5781
5,1899
10,2119
1,391
10,3253
10,4938
10,3296
1,407
5,2448
1,400
1,318
1,606
1,437
10,4133
7,2696
3,1121
5,1974
10,2431
1,601
8,2775
5,1307
3,747
1,334
1,591
8,2831
1,326
1,492
1,446
10,3429
3,1111
10,2853
4,1652
10,3219
1,450
9,1951
1,345
10,3347
1,384
1,450
6,1998
1,277
1,471
1,380
10,3489
7,2275
10,2166
2,948
10,2915
1,590
10,2149
1,306
10,3797
1,350
8,2772
7,2403
1,275
1,454
4,1456
10,2093
9,3930
7,2639
2,727
8,1803
1,513
5,1246
1,241
7,2626
1,381
1,429
5,1781
3,802
1,422
2,804
10,2053
6,2337
1,569
1,473
10,3423
1,459
10,2002
1,280
10,3232
1,653
8,5978
2,539
10,3469
1,392
2,729
3,1299
9,3128
1,615
8,2480
4,1613
5,1834
10,3363
1,529
7,2414
1,460
10,3432
9,2949
6,3583
1,439
8,2635
7,4037
3,1021
7,2702
3,1061
10,2146
2,655
10,3333
1,356
10,3302
10,3657
10,3662
10,2782
10,3277
1,392
1,380
4,1873
7,2492
1,466
4,1406
10,3480
6,2402
10,3207
1,331
3,1086
10,2661
6,2122
4,1409
10,3251
1,387
3,1265
10,4006
3,1278
1,634
6,2075
10,3285
2,914
10,11846
1,464
2,829
10,3239
5,2160
3,1138
10,2765
1,491
5,1684
6,2190
4,1633
1,499
8,2599
10,4392
9,2934
10,3087
1,415
10,3312
7,2596
7,2440
5,1171
7,1860
3,1173
6,1950
6,2518
1,552
1,623
9,3209
10,3429
10,2741
5,1604
1,388
10,2390
10,2857
8,2531
1,441
10,2322
10,3485
8,2876
8,8145
1,620
1,597
10,3395
10,4991
10,3441
10,2830
2,766
10,3564
10,2654
10,4173
1,266
4,1401
7,2523
9,3005
7,2368
4,1592
1,10178
2,740
6,1410
5,1981
1,470
8,2227
10,2376
10,3280
4,1633
1,296
10,2640
8,5890
2,975
3,2083
6,2200
1,516
7,2097
10,3866
8,2533
1,305
8,2916
8,1677
3,1182
5,2022
1,245
2,534
10,3247
7,2407
9,16068
5,2414
1,615
1,491
1,727
4,1222
1,376
10,3339
10,2056
2,638
3,843
1,362
10,3355
10,3305
4,1572
6,2162
8,2784
1,585
1,477
1,604
8,2694
1,437
10,9906
10,2270
10,2316
2,829
1,353
10,3272
10,2864
5,1909
1,639
9,3265
3,1238
1,441
1,638
2,1054
1,411
10,3274
1,458
10,3043
2,725
1,332
10,3375
2,910
1,667
2,879
9,2207
3,1440
1,398
1,533
8,2404
8,2898
10,3389
1,286
10,3650
3,1122
1,292
8,2683
1,585
6,2296
4,1604
6,1550
3,1191
1,687
1,370
1,690
1,373
2,714
1,266
8,2607
10,2871
1,423
10,2233
8,7583
5,1785
1,375
2,804
6,1913
1,358
1,421
6,2170
1,472
1,538
1,254
10,2836
10,3596
1,360
10,2147
3,1620
2,939
1,396
5,1687
8,3159
1,354
1,585
5,1775
1,459
9,3047
1,261
10,2275
6,10453
3,965
1,473
7,2595
2,1022
1,526
4,1303
7,2540
1,356
1,390
7,2350
1,356
3,1114
1,258
10,2475
10,4212
7,2480
1,254
4,1717
10,3570
1,486
1,348
9,12562
1,377
1,569
10,3542
1,335
7,6107
1,234
1,512
10,3256
10,3286
1,241
6,2097
9,2925
4,6102
10,2777
9,3247
1,390
1,581
4,1333
3,777
3,1675
1,249
1,265
1,537
10,5371
1,241
9,4066
10,3341
1,376
1,407
7,2413
1,453
3,1383
9,4679
1,402
8,17944
1,282
1,296
8,2537
10,14203
1,230
2,678
4,1750
6,2756
1,259
4,1810
5,1680
10,2783
10,3572
10,3270
6,2458
1,366
1,288
1,335
10,3178
1,265
6,2065
8,3020
1,1292
1,263
2,850
2,679
10,2689
5,1872
2,1000
1,383
10,2197
1,332
7,2524
7,2206
1,361
7,2382
10,3634
1,364
1,250
1,576
6,3251
10,2905
3,1104
3,1268
6,2228
5,1351
1,416
10,3611
10,2838
1,245
9,3016
8,2740
1,433
1,267
4,1528
2,692
3,1194
1,568
10,3555
7,2245
10,3535
1,288
1,351
3,1213
1,264
3,1155
2,1322
1,356
1,351
6,2190
9,2716
10,3313
1,448
7,2388
9,8237
10,7117
1,347
1,283
2,570
1,406
6,2306
1,615
1,374
1,344
5,1451
10,3278
7,2991
1,458
9,1976
1,563
10,10270
1,243
1,243
10,2464
5,1746
1,473
1,660
4,1533
1,370
8,2060
10,3345
7,5868
1,327
7,2445
3,1168
10,3189
1,260
1,272
10,2667
10,3078
4,1764
1,456
8,3095
1,298
9,2367
8,3084
1,493
1,352
1,760
1,351
5,1134
10,2772
1,228
10,2332
10,3702
1,470
1,568
4,1913
1,407
5,1455
4,1204
3,1192
1,499
5,1932
1,407
10,2084
10,2672
1,262
10,3180
10,3633
1,571
1,608
5,1617
10,3054
6,2066
8,2493
7,7665
1,535
3,1233
1,545
3,830
10,3329
1,437
8,2656
10,13134
4,1420
1,479
9,2926
7,1755
5,1406
5,10266
4,4444
1,699
2,875
1,516
10,2474
10,4512
1,269
10,2433
10,3286
1,462
1,645
8,1822
10,3085
4,1084
2,783
7,2504
1,593
6,25371
4,1473
8,2736
10,3497
4,1062
10,3180
5,1764
1,746
1,539
2,654
10,3413
2,461
10,3179
6,1996
1,416
7,2396
7,2467
3,1638
10,2764
10,2839
1,549
10,2449
1,683
1,383
6,1907
10,2185
1,475
8,2490
9,3873
3,1098
9,3127
1,492
10,3234
10,3348
10,2312
1,294
10,2455
1,524
1,410
1,398
10,3546
5,1416
6,2034
6,2109
10,3484
6,2163
2,667
7,2812
2,598
10,3640
1,341
3,1297
1,444
1,320
5,1757
3,3830
10,3027
5,1909
7,2396
10,3543
8,14865
4,1379
10,6319
10,3438
10,3342
1,296
10,3568
1,391
8,2330
2,644
10,10016
1,440
7,2364
9,2988
10,2983
5,1672
1,577
10,3424
8,2768
10,2194
1,390
8,2818
1,348
6,2042
7,2695
8,5033
1,325
4,2667
3,993
10,3249
9,12228
1,531
2,1056
10,3432
10,1972
1,494
3,1063
1,471
5,1789
2,649
5,51044
1,350
10,3467
6,2105
10,3396
8,2931
1,570
7,2430
8,2918
8,1912
1,428
10,3294
1,557
7,2323
10,3635
6,53635
1,288
10,3504
4,1700
7,1714
4,1403
1,504
1,488
3,997
5,1242
1,481
7,2474
8,3179
10,3454
10,2922
9,74437
1,323
5,1970
1,479
10,2493
2,1097
1,526
1,542
10,2864
10,3278
1,443
10,3399
5,1743
9,2908
10,2303
5,62779
1,417
3,847
3,1161
2,1166
1,583
4,1890
1,429
10,3651
10,4363
1,476
2,615
6,2038
4,1517
10,3127
8,61269
1,530
1,543
4,1445
10,3252
1,659
5,2140
1,455
2,750
10,3421
5,1336
7,1790
9,3169
5,2758
10,2903
2,834
10,2577
1,397
1,633
8,1780
4,1395
6,2571
1,467
7,2542
10,3174
10,3748
1,485
8,1793
3,775
3,1229
1,326
1,410
1,386
1,646
10,2380
1,4283
9,3231
1,790
1,625
10,2947
10,3394
1,693
9,2109
10,3099
10,3583
5,1558
1,373
1,349
1,534
10,3401
1,536
9,2256
1,546
1,381
1,416
5,1331
1,436
2,802
3,791
8,2509
2,671
1,451
1,348
1,479
10,2454
1,274
8,1896
1,428
1,437
2,700
10,7342
1,455
5,1181
10,2506
8,9690
2,619
7,1882
1,449
1,358
10,2288
1,626
6,1915
1,469
1,632
1,321
10,2938
1,485
4,1037
10,3327
1,516
5,1635
10,2576
1,560
1,640
10,2232
1,588
5,5737
1,487
1,556
1,429
10,3327
1,383
1,468
7,2462
1,383
8,66613
10,2686
1,509
9,3127
1,517
1,555
4,1371
1,467
1,433
5,1711
10,3299
1,434
2,810
10,3238
1,450
4,3059
10,3266
1,350
1,375
1,288
1,406
1,625
6,2160
1,609
10,3194
3,1429
1,613
10,2432
10,3553
1,449
1,505
10,2135
1,350
1,609
1,339
1,460
2,850
3,1153
6,1474
1,349
10,2549
1,448
7,1819
10,3138
1,506
1,478
3,1086
2,885
1,598
1,303
1,415
10,2524
4,1708
1,365
1,413
10,3759
1,649
10,2051
7,1759
1,1499
1,372
10,2875
10,3250
1,433
1,260
1,480
7,2521
6,2219
1,481
1,417
10,5940
1,467
10,2286
3,1174
1,557
1,377
8,2986
10,3332
4,1719
1,243
9,2205
10,3363
9,3658
1,515
1,386
7,2562
3,1145
10,2347
1,580
1,653
1,403
5,1960
7,2330
5,1876
1,338
8,3443
10,3435
8,15620
1,486
1,440
10,8632
2,891
10,3452
2,1103
1,666
1,529
8,22224
10,4604
6,2412
1,245
5,1852
10,3763
4,1355
7,2657
1,659
10,2817
7,2482
10,3438
1,457
2,930
1,417
6,26735
10,3720
8,3112
1,340
6,2197
10,3723
7,2416
4,1603
1,701
10,3408
6,2153
3,1127
1,524
1,445
1,446
2,19309
10,3485
1,460
1,247
10,2965
10,2666
9,2941
3,1040
10,4886
1,465
9,2989
10,3203
1,380
8,3091
1,377
8,15758
8,2161
6,2124
5,1209
2,915
10,2141
6,4522
7,2577
10,3554
1,770
6,2172
1,577
1,394
5,26104
4,1302
5,11809
3,1189
2,815
10,3574
5,1670
3,1081
2,1023
9,9647
10,3134
1,621
7,2851
1,479
1,385
8,29121
1,423
10,10729
10,3193
5,1705
10,3917
4,1526
1,506
4,1282
6,2267
10,3277
1,752
9,2880
1,445
1,351
10,26805
3,1231
4,1353
2,773
4,1463
10,6800
10,3238
1,498
1,551
4,1591
10,3228
1,735
8,2704
1,866
1,346
10,26805
6,2101
5,3526
10,3208
10,2919
10,3422
10,2824
1,430
1,687
3,1200
10,2765
1,479
3,944
1,665
1,355
5,1721
4,1561
2,857
8,2304
7,1740
10,3237
7,1877
1,515
5,2291
3,1300
1,508
1,414
4,1470
1,587
1,341
2,5028
10,4887
5,1760
10,3258
10,3292
5,1512
10,3160
1,624
4,2104
9,36017
5,1678
1,376
4,1549
1,571
10,3563
2,979
5,12729
2,688
10,2509
2,831
10,2291
10,3057
1,534
8,3019
7,7469
3,3504
1,537
4,5117
1,476
10,3147
3,1167
6,2009
1,506
10,2283
10,2400
3,982
10,2322
1,530
6,2234
1,411
2,920
1,422
1,450
1,591
8,2958
4,1467
4,1392
1,356
10,3339
10,3033
10,3186
10,2744
1,16020
9,3255
1,485
6,2959
3,1135
6,2071
1,523
10,3371
1,351
6,1893
1,360
1,358
10,2350
7,2508
10,2453
1,428
9,3112
4,1336
9,3622
7,2405
1,640
8,2568
10,2153
4,1589
7,19842
1,573
1,258
10,2411
10,3361
10,2987
8,3662
2,1079
6,2014
7,14377
4,1426
5,1856
8,2661
10,2655
10,3302
4,1289
1,456
1,246
10,2874
3,1125
3,1089
1,551
6,1523
5,9549
6,5535
6,6329
8,5848
9,3023
10,2279
10,4536
2,788
6,2137
1,244
3,786
10,4580
1,521
9,2938
5,2175
8,2661
5,2378
7,2526
6,2367
2,670
5,1186
5,1780
3,1145
1,531
1,254
8,2258
10,3559
1,433
5,8620
1,497
9,2793
1,15459
4,1383
9,2962
6,7935
10,2237
7,22371
7,2486
1,505
1,259
1,598
10,2150
1,575
6,2065
4,1427
9,3428
1,770
6,1652
9,3064
8,10103
10,3511
6,1862
1,506
3,1157
1,238
1,371
7,2118
1,571
2,836
1,442
6,1640
1,665
3,1082
2,781
10,3131
10,3067
6,2004
2,819
4,1507
1,249
1,366
1,532
1,620
8,2535
10,3795
2,643
1,826
4,1690
5,3847
4,3676
10,3401
1,356
2,977
4,1420
1,241
1,369
1,901
9,3352
4,1413
1,997
5,1796
7,14446
3,1054
4,1075
2,942
10,6376
7,3799
2,783
10,14118
1,234
1,355
1,511
1,382
1,523
1,445
4,1029
9,17903
6,2045
10,3462
2,32192
10,2546
2,8556
7,2395
6,2093
4,934
1,393
1,544
1,623
5,1594
1,395
1,446
8,5350
1,430
1,401
1,44790
5,1557
3,1064
3,1516
1,361
10,3203
1,482
1,1010
1,650
10,43036
1,354
1,386
1,1043
9,8059
1,558
10,3209
1,595
1,361
10,3757
1,553
10,8138
1,469
1,484
1,598
2,48037
1,293
1,375
3,1602
7,23556
1,267
4,1403
1,417
4,2175
3,1386
7,22476
10,3151
1,746
1,544
1,759
4,1373
1,247
10,2409
4,1425
8,2335
1,257
4,1723
3,980
1,408
3,1470
4,17038
10,3220
1,509
1,447
8,3121
3,1006
1,235
1,353
1,387
4,1136
1,332
3,1048
1,343
6,1945
8,3633
1,460
10,7416
8,3410
1,477
1,614
4,1266
1,259
1,273
4,17271
5,1745
1,435
10,3304
1,308
4,43235
3,988
5,35133
10,3667
8,7148
1,386
1,696
6,2059
1,284
1,390
5,17515
6,2202
1,507
5,1772
1,258
2,22531
1,626
10,70484
6,1732
5,2064
1,625
6,2399
4,1402
10,2452
1,378
1,15834
8,2753
1,385
7,2988
1,280
2,1930
8,2441
3,1020
10,6183
6,2182
3,1152
5,1847
10,4935
7,1628
1,305
1,15972
5,1251
1,410
4,1386
1,536
1,378
3,1283
5,13160
3,1197
2,754
7,2477
8,5499
5,1701
10,2928
1,359
1,614
9,2933
1,514
6,1934
1,373
1,388
1,554
7,2672
10,3606
2,698
6,2257
2,912
10,7389
10,2721
1,311
1,645
2,606
1,402
6,6802
1,348
1,464
1,494
1,508
7,11484
5,1417
8,2687
9,17776
1,484
10,2929
1,289
1,604
6,1375
7,2141
4,1438
1,337
1,491
1,400
2,897
3,1069
8,2597
6,2214
4,1494
6,1913
10,2705
10,3136
4,1414
5,1469
10,2253
1,400
10,2444
1,399
1,408
1,391
10,2994
5,1770
7,2731
2,803
3,1023
10,3328
7,2374
5,1550
4,1203
7,1524
6,1884
7,2181
1,405
1,435
3,1164
10,6909
4,1401
9,19906
5,1632
7,2310
3,970
10,2291
8,2511
2,926
10,2241
1,518
10,3633
2,749
6,4654
3,1030
10,3347
5,1756
9,3244
3,1153
6,1965
8,4923
10,3030
5,1297
5,1451
10,2345
1,444
10,3337
1,361
1,624
7,2387
7,1965
2,555
3,1398
4,1271
1,341
9,3478
10,3044
9,2965
1,308
10,3266
1,486
10,3418
1,663
7,2415
3,1287
1,494
4,1482
2,863
10,3300
4,1280
5,1857
10,2120
8,2631
1,370
3,726
1,452
10,3404
3,1350
1,436
3,5538
1,488
3,976
4,1701
5,1748
1,605
6,1905
3,1121
6,2038
1,417
10,2680
2,659
1,533
7,4433
5,1857
10,29043
1,455
1,402
4,2744
5,1728
1,532
8,3013
10,2623
2,766
1,260
3,870
1,381
9,23911
6,2065
1,436
8,6377
1,612
4,1759
1,475
4,1385
1,473
8,3613
8,7749
5,1978
1,300
5,2535
1,460
3,1077
8,3428
1,472
9,6375
1,593
10,10525
4,1706
10,16863
1,494
5,1746
5,2090
1,362
1,440
8,2990
1,461
7,1885
10,26052
1,532
3,1378
1,628
5,7956
6,1737
4,1469
1,422
2,760
7,3068
2,703
1,574
9,2973
1,493
4,13546
1,421
3,1146
3,761
1,421
6,1468
8,2820
1,317
2,1646
1,535
9,19859
7,2302
1,373
5,1723
3,1085
6,1962
3,3246
5,2606
6,2004
1,421
6,1446
5,1625
5,1746
3,1022
5,1626
2,827
2,494
1,472
8,2807
7,2464
8,15416
3,963
1,3316
1,501
1,571
10,39537
9,2897
1,351
1,377
4,3207
5,1599
10,2956
1,287
5,1729
1,362
6,1909
4,2856
2,863
1,785
1,597
1,379
5,2018
7,12887
1,404
2,796
8,15827
10,3402
1,352
8,2740
2,865
2,11804
6,2943
2,766
1,451
1,470
7,3551
6,1608
2,879
1,400
5,6228
8,12850
10,2127
10,2302
2,1190
1,615
7,4224
3,1157
8,2852
1,762
3,1245
4,1339
2,848
1,491
7,2369
2,944
1,576
10,3429
10,3689
6,8214
2,798
4,21178
4,1469
10,3149
7,3067
7,2289
6,6062
5,1409
3,1031
1,447
1,501
5,2042
10,3461
10,3151
1,9632
3,1361
3,3186
2,903
7,10572
1,314
4,1401
1,355
4,1146
6,38505
2,669
1,448
2,977
1,429
10,2410
4,5218
3,1119
8,16800
5,1760
9,3111
1,343
7,2319
4,1307
1,502
6,72922
10,3528
1,443
2,932
1,449
10,2251
2,718
10,3382
4,4864
2,691
8,7787
1,3576
9,3006
1,480
10,2915
1,382
7,6416
1,908
5,2119
10,2755
10,3124
5,1577
6,2282
6,7615
1,368
8,2721
1,436
6,14868
1,425
5,1390
7,2285
3,1175
1,776
1,463
1,392
10,2682
2,17119
3,1008
1,559
8,2897
2,832
7,2684
6,1883
1,337
1,500
1,474
3,1240
1,349
1,532
3,1169
8,2762
1,386
8,2805
2,635
6,2306
3,1154
1,351
7,2708
1,482
1,290
2,663
6,2685
1,418
3,1023
1,244
10,3587
1,351
1,422
1,591
8,2645
1,594
1,257
3,1100
1,492
1,415
1,447
1,609
5,1730
1,504
1,294
5,1628
1,364
3,6705
1,514
7,32490
7,2382
5,1574
6,2015
1,412
1,340
10,16025
3,1254
1,365
1,467
1,337
6,2184
1,385
4,1549
1,438
10,22379
4,1840
2,876
4,1164
2,672
1,1631
2,796
3,17495
1,351
1,446
1,330
2,868
1,436
6,2128
1,349
1,422
4,1579
5,1450
3,1159
1,380
1,1377
1,398
7,2578
3,1020
1,522
1,450
8,2703
1,1057
7,2351
1,379
2,882
5,1452
1,567
4,1385
1,517
1,311
2,651
6,2019
1,408
1,459
8,2177
10,3389
1,375
3,1146
1,297
5,1894
9,2335
2,710
8,2903
1,480
1,361
3,1075
4,6853
4,1282
1,452
1,686
8,9630
1,408
10,3166
1,396
8,2638
7,2663
10,5516
4,1378
2,743
1,341
1,403
2,1036
4,1377
1,595
1,727
5,1772
1,585
4,1653
1,403
1,353
9,4777
5,1763
2,828
7,2434
1,299
1,472
3,760
10,3617
10,3359
7,3152
4,1294
1,429
2,805
1,491
3,1550
3,1221
8,3087
6,3307
3,1140
7,1463
3,1134
4,1467
10,4783
1,472
5,1902
2,805
4,1600
1,337
4,1327
9,2985
6,1559
5,1833
5,1745
2,791
10,2045
1,363
2,879
2,944
2,781
8,2352
2,942
3,1005
5,1884
5,2507
1,342
6,4626
8,27389
5,1920
2,657
10,3428
10,3596
1,427
6,1796
10,4712
8,3363
1,443
4,3637
2,786
6,3224
1,538
5,1791
9,7686
9,2256
1,519
10,2974
3,1159
5,1294
4,1322
5,1652
3,1151
1,428
10,3223
7,2473
8,4600
1,491
1,400
3,1361
6,1653
3,1105
10,2762
1,538
8,4957
7,14520
8,5327
10,2752
1,831
4,1454
8,10292
9,2192
1,675
1,441
1,2205
4,1355
7,2213
10,2281
8,9299
7,2508
2,803
4,1513
10,7820
1,381
7,2177
9,3593
5,1671
1,595
1,292
4,3336
5,1397
3,1100
10,3208
8,3000
10,3383
3,1225
6,2091
5,5355
1,375
6,1965
1,599
6,1889
7,2432
1,312
4,1781
5,1430
6,2070
3,1096
7,2486
1,629
7,2701
4,29884
2,947
1,348
6,1827
8,2838
5,1052
1,628
1,333
7,7378
1,468
3,1112
8,3428
3,1078
8,2402
6,63890
4,1415
2,1104
1,358
5,1613
5,16543
2,1300
1,470
1,306
5,5899
10,2538
8,2733
5,1896
1,550
6,2190
1,546
6,9081
3,1090
1,372
4,1242
1,358
4,1465
1,575
1,386
7,2533
1,395
1,399
5,1754
5,1945
1,435
2,1029
2,671
4,1429
1,434
6,3244
8,2531
1,456
1,328
1,307
9,3239
1,529
9,8618
6,1929
2,1284
9,6896
1,586
3,1244
1,315
1,383
2,771
2,822
5,1492
7,2634
1,244
9,3742
1,336
3,985
2,749
2,589
1,1104
1,571
7,3017
4,1672
4,1403
7,2291
1,339
7,2327
4,1402
1,303
6,1806
1,605
7,1884
8,2690
10,3622
5,8484
3,1142
2,872
10,8083
10,6357
3,1385
6,21154
3,1139
9,2584
1,387
3,1329
1,290
3,930
10,3003
7,2714
1,492
10,7440
1,722
1,430
4,1416
7,2707
1,503
10,2082
9,2386
10,2315
5,1627
1,399
5,1877
8,26783
8,2801
8,28491
7,5269
2,628
1,1848
5,1742
2,881
1,497
10,3226
10,3782
5,1357
6,1377
1,280
2,723
5,1613
10,11571
1,509
3,1114
1,497
5,1654
5,2193
1,445
1,404
10,2407
3,827
3,1084
1,430
1,266
1,471
5,8150
5,1981
1,549
3,1165
7,2300
1,363
6,2022
2,577
1,557
10,2839
6,2206
7,2725
5,1391
1,337
2,471
2,667
8,2715
2,665
3,958
3,1096
7,2242
6,38878
2,889
1,403
10,3378
1,384
5,1383
1,401
1,373
7,3026
4,4373
9,3153
1,516
8,15856
10,3176
1,353
10,33465
3,1102
1,476
10,2203
5,1523
8,1844
1,298
7,1657
10,3755
2,774
8,3363
1,449
1,829
3,1060
1,395
4,1420
3,1130
1,444
10,3396
3,902
5,1594
1,461
10,2991
8,2829
1,377
1,518
1,488
9,15392
3,931
1,565
2,827
10,3431
3,1098
1,535
5,1651
7,2270
1,421
10,2760
10,3694
1,421
1,466
1,548
1,364
3,1190
6,2480
5,1855
3,965
1,419
1,438
8,2174
10,3629
1,273
10,2894
5,1648
1,480
2,840
3,1031
1,464
8,5429
1,449
3,1113
3,1022
7,2267
1,488
10,2404
3,977
1,302
10,3255
1,391
1,456
1,355
1,418
1,475
1,352
4,1583
7,2285
8,2624
4,1555
1,411
8,1854
5,1530
1,366
10,3073
8,2930
1,416
1,323
4,1546
3,962
1,568
6,1964
6,2144
3,2569
5,1660
1,409
5,1370
2,799
1,325
10,2695
8,13705
1,510
1,447
5,1818
1,611
3,1161
1,462
2,980
1,416
7,5933
1,420
10,3338
3,1207
1,369
3,1000
1,381
1,461
1,882
9,3369
1,1627
9,2882
1,483
1,373
8,3327
9,3183
8,5385
7,2209
6,2107
1,308
8,2822
1,364
1,430
1,504
7,2492
1,1321
1,334
4,1589
2,694
1,462
10,2292
1,509
10,4452
10,3384
5,1577
8,2804
2,788
3,1112
1,435
9,13959
6,4366
1,414
6,2042
7,2379
1,451
3,1207
1,417
5,2275
10,3460
3,872
5,1680
1,436
1,358
1,326
10,3100
1,581
1,502
1,635
3,1204
1,388
6,2002
1,378
2,927
10,2264
5,1844
2,723
9,17254
1,424
1,530
5,2009
1,680
6,1945
10,58817
3,1110
1,423
5,1398
1,375
2,803
5,1772
8,2558
7,2081
1,490
4,6589
1,576
6,2292
7,3509
4,1336
2,1020
10,6294
6,1935
3,1304
5,1116
10,3479
10,2918
10,2773
2,642
1,476
10,3241
9,2467
1,439
1,753
7,5132
2,735
4,1232
7,2287
7,2196
6,1944
1,587
7,1846
8,2016
5,1637
1,404
5,10746
3,831
8,2157
1,492
1,329
3,1224
3,967
1,527
5,1355
2,832
1,565
4,1087
7,2582
8,2598
1,374
10,8124
3,892
5,1331
2,928
1,371
2,3128
1,584
1,510
5,1987
8,2514
1,397
5,1381
10,3284
10,7402
1,376
4,13810
7,2501
3,846
5,2424
1,387
1,678
3,1330
1,458
7,1737
8,2479
1,357
1,565
2,585
5,1694
4,1196
7,10529
4,1147
5,1458
9,3104
1,377
2,1083
8,4837
1,409
8,3758
10,2409
1,646
1,505
5,3558
2,809
1,367
6,10876
5,1885
8,2172
2,1142
1,453
3,1481
3,1253
1,372
10,2263
4,1432
1,435
1,307
2,985
5,1640
3,973
2,847
7,2364
2,972
10,3813
1,403
7,2388
1,595
1,560
8,1894
5,3181
1,379
1,407
1,643
3,1051
6,2140
4,1235
7,1802
10,3342
7,2350
3,1098
10,3520
1,468
3,889
5,1791
2,763
1,602
1,398
10,3134
1,454
7,2507
6,22191
3,1064
10,2765
10,3432
6,2151
6,2179
7,3180
4,1463
10,3401
2,722
1,404
1,470
3,732
1,346
4,1188
7,2364
6,1656
5,1924
8,3014
1,389
7,12540
6,2242
2,915
5,1961
3,1258
1,346
1,400
6,1552
1,440
5,1456
3,1050
5,1910
7,1847
8,2875
2,890
8,5505
1,731
5,1835
2,691
7,2334
3,1423
1,361
10,3627
1,462
9,2453
1,503
5,1337
1,421
5,5922
2,790
3,1087
1,380
2,684
3,723
4,1343
5,1904
1,538
9,3022
1,484
7,2339
2,3688
3,903
10,2949
3,1262
8,2732
1,457
1,457
1,388
1,429
10,3167
10,2271
1,532
5,1174
3,1128
3,1300
2,810
5,1398
5,1347
3,1116
10,3081
3,1134
1,357
8,2804
1,270
4,1328
10,3710
10,2421
10,2968
1,409
5,1467
1,495
10,3229
2,784
1,470
7,2093
4,1507
1,404
7,2638
1,365
10,2887
7,1798
10,2331
7,1696
3,1112
6,1649
6,2034
8,2460
1,464
4,1389
8,2446
6,2519
1,365
6,2020
1,492
5,3461
5,1125
5,1867
4,1065
1,340
1,599
3,1061
10,3530
1,405
7,2964
9,2274
3,1068
1,370
8,2737
1,535
6,2110
10,2463
1,430
5,1792
4,1573
5,1464
3,958
10,3197
1,382
4,2052
8,7635
2,843
1,360
9,2756
2,717
4,4352
10,2430
9,3101
1,544
6,2020
2,850
3,1166
5,1561
1,320
5,1812
2,833
1,410
3,1295
5,1017
1,258
6,2269
4,1302
4,939
10,4097
10,3281
5,1461
10,3546
7,2420
1,287
9,3814
3,1098
4,1440
5,1764
8,2737
1,308
4,1544
1,292
9,2550
1,411
1,324
10,3448
8,2615
10,2633
1,267
9,3424
1,480
5,1302
1,612
2,737
1,281
6,2516
9,3291
5,1370
1,762
6,1822
8,2094
1,505
5,1610
1,377
7,2072
1,338
2,736
1,587
9,3127
1,274
1,680
10,2598
9,6556
1,18064
5,11865
5,1741
3,701
2,661
1,507
3,1132
7,2639
1,450
2,759
3,1138
1,649
2,718
10,3431
1,501
1,417
7,2227
10,2361
4,1399
1,582
1,432
6,1554
4,1206
7,2313
7,2721
1,433
10,2479
1,616
9,2021
6,2132
1,316
10,70565
10,3537
9,2980
1,451
3,1167
6,1903
4,1454
1,410
10,3499
7,3023
6,1454
1,876
10,3399
1,594
1,276
2,749
10,3983
7,2235
6,3289
6,1529
1,299
9,2261
10,3989
10,3521
4,1274
10,2543
3,1113
6,2035
3,1202
1,254
7,35421
8,2885
6,1703
1,527
10,3595
1,567
7,2274
1,7581
5,2079
4,1005
10,2524
1,326
9,2943
4,2032
1,247
1,2887
5,1728
1,385
1,361
10,3682
5,1802
9,2863
8,10559
9,3145
5,1306
10,3182
1,699
1,473
10,3489
1,331
1,533
1,540
1,1326
1,260
10,3570
1,535
9,1992
6,1879
9,7562
1,413
4,1006
7,2390
1,545
10,3443
5,1494
4,18457
1,278
1,525
1,367
7,1707
1,530
3,726
9,3038
8,5865
7,2105
10,2110
1,343
10,3599
10,3101
1,421
2,750
1,391
1,512
1,293
4,1073
1,576
6,2239
8,14717
3,1369
9,2971
5,1332
1,573
1,504
7,2681
9,2808
7,2237
1,408
1,505
1,283
10,2256
1,577
6,1813
5,8212
1,505
3,845
5,1721
1,618
1,353
10,2984
10,3017
1,527
1,367
1,463
1,616
9,2031
1,375
1,395
8,9018
10,3117
6,2115
10,2788
2,875
1,271
7,2053
10,3123
8,2583
2,608
1,468
1,389
10,2325
1,582
1,548
1,382
5,1837
6,2199
2,848
1,635
1,895
6,2511
9,6304
2,711
1,290
1,443
4,1456
5,1745
1,522
1,417
1,508
7,2610
5,1742
9,2635
1,526
1,563
3,1164
5,1538
1,478
1,513
3,1024
10,3308
1,391
1,527
1,413
2,730
4,1590
1,560
10,3023
1,526
1,497
1,520
1,274
3,1001
1,417
1,549
10,2828
8,1869
1,466
1,263
1,440
9,2753
1,408
4,1415
2,794
1,544
1,503
9,2908
7,2339
1,404
1,265
10,2667
10,3331
10,2367
1,348
1,432
7,2248
1,276
10,2271
3,1368
1,702
1,770
1,578
10,4603
1,531
5,1842
5,1619
1,559
3,1263
1,349
1,315
9,2666
1,460
9,3118
7,2418
1,491
1,623
1,435
3,1100
10,2690
1,453
10,3257
10,3343
5,2020
1,297
1,427
5,1744
1,300
8,2728
3,1156
1,437
1,544
10,3517
1,476
1,467
2,692
5,1200
10,3572
10,3398
8,2076
1,449
6,1562
1,287
1,420
10,2772
3,1181
1,575
3,1059
3,980
3,954
2,578
10,3367
5,2301
8,2797
1,211
5,1542
3,1129
1,280
1,524
3,775
4,1985
1,405
4,1655
9,5267
10,2645
10,3229
5,1562
1,364
10,2419
1,451
1,655
1,468
1,263
1,361
8,2749
10,2472
1,947
10,2519
3,1046
9,2551
7,2272
1,331
2,549
10,3238
1,277
7,2575
1,509
1,393
6,2699
3,1035
10,3628
1,403
9,3877
7,6368
5,1798
5,1944
9,3308
9,1900
7,2682
5,1693
4,1522
1,418
1,420
1,353
1,416
7,2560
1,425
7,2362
6,2018
10,3311
8,6470
10,3199
1,299
5,1982
3,823
5,1712
1,289
5,1307
1,4260
3,1308
6,2087
9,3111
10,3457
1,334
7,1592
9,2947
9,3002
1,620
2,1039
2,509
9,2341
1,272
5,1701
1,424
7,3637
10,3791
7,2521
7,5125
1,466
5,1315
10,42624
10,3324
1,399
3,1021
5,1390
9,2996
1,300
8,2045
1,453
6,2745
7,2234
2,670
6,1904
1,464
10,2646
8,11090
10,3019
1,615
6,1625
7,2617
10,2041
1,392
10,3120
1,396
2,1042
2,658
4,2000
3,9760
1,387
1,570
3,1187
5,1863
1,458
10,3239
8,1952
3,1080
1,312
8,2514
1,251
3,1656
4,1660
5,1846
1,634
1,432
5,1254
1,371
9,3046
1,467
10,3131
5,1749
6,2198
1,274
5,1992
1,760
4,1450
5,1833
4,906
1,447
1,456
9,2760
1,336
1,368
1,485
10,2964
7,1796
1,451
1,258
10,3646
1,633
8,2578
5,1830
1,403
7,6173
1,400
10,3079
7,2362
1,420
1,585
5,1608
10,3638
5,1179
1,296
10,5398
1,429
2,754
9,2619
6,1404
1,558
1,350
9,2961
4,1351
1,497
1,624
10,3051
5,2484
3,856
5,1915
2,844
10,2876
5,3041
6,1930
3,1055
1,1662
1,336
10,2952
4,1320
4,1597
3,1310
7,1672
3,1266
5,1495
3,732
5,1673
4,1109
1,433
3,876
8,2825
1,395
1,356
10,2602
7,2071
1,563
4,1168
4,846
2,802
8,1952
10,2350
2,1045
10,2934
7,1709
8,2397
6,1500
1,519
3,1118
9,3214
9,3553
1,504
10,3455
1,594
1,769
7,1798
8,2152
3,779
10,3530
10,3202
10,2518
5,1663
1,337
4,1493
5,2298
9,3356
1,659
10,3191
5,1077
3,875
10,2337
10,2968
7,2109
10,5816
8,2651
6,1836
6,1651
1,339
1,308
1,525
9,2081
1,418
10,6727
1,265
10,4147
8,1895
5,2362
10,3369
6,2203
6,12037
5,1541
4,1218
1,322
2,811
1,379
3,922
1,494
7,4546
1,252
6,4285
1,466
10,3798
6,2312
10,3425
5,2613
5,1266
3,1226
1,334
5,1390
1,569
6,1294
1,273
6,2031
1,240
4,1059
5,1693
10,2974
10,2175
2,895
9,2916
4,1345
4,1168
3,1201
8,2678
1,545
6,5626
1,270
10,3421
1,233
9,1983
1,315
7,5815
5,1436
8,2874
8,5850
1,335
10,2946
2,868
7,2204
1,416
1,309
1,346
6,1731
1,318
10,3121
1,429
2,914
10,5822
7,2595
2,835
10,2560
9,3340
5,1759
10,3171
1,679
1,434
1,389
7,2710
1,272
5,1253
1,457
1,592
10,3813
5,1861
1,515
1,274
7,3006
5,1765
6,1960
1,557
1,265
10,3529
2,603
1,246
7,1833
7,1839
3,937
4,1004
4,1374
1,452
1,288
10,3962
4,1149
9,3323
1,692
1,285
6,2075
5,1767
1,236
4,1011
10,3017
10,3413
5,1346
5,1706
1,416
1,327
10,3292
9,2844
5,1752
1,538
1,426
8,3104
5,1774
1,235
6,1541
1,333
6,2363
1,378
9,3288
1,398
1,272
9,11346
6,1464
2,829
1,383
1,374
10,3662
4,1310
10,3638
5,1510
1,445
10,2481
1,286
4,1486
1,456
1,249
6,2038
8,2705
8,33057
1,361
1,282
7,2822
4,1376
1,369
1,522
5,1600
10,3542
1,378
6,2000
1,442
1,290
1,549
5,1130
7,3027
1,294
1,336
10,10107
9,2389
5,1339
1,403
3,1096
10,3314
1,281
3,1175
1,303
1,425
1,523
5,1948
3,1158
10,2794
1,270
2,679
3,1246
9,2780
1,391
1,243
9,2889
1,446
5,2083
1,458
1,297
1,608
6,2177
1,591
3,777
1,360
3,1329
10,2984
10,3856
1,325
2,490
7,1636
1,567
5,1656
3,856
1,262
1,542
4,1577
2,882
3,1126
1,421
1,534
1,578
9,3121
1,342
1,316
4,1251
1,378
6,2066
1,474
1,370
1,412
1,596
3,773
10,3446
3,1119
7,3294
8,2396
10,2325
1,366
1,396
1,484
1,362
1,407
1,318
3,906
1,418
3,834
4,3442
7,2409
5,1388
2,720
1,398
5,1727
1,413
1,316
1,345
1,413
6,1899
1,360
4,1045
1,403
10,2637
3,1048
10,6081
5,1542
4,1189
1,590
9,2619
1,322
2,796
1,454
1,301
1,384
7,2213
4,1247
1,764
4,1105
9,2749
7,8607
10,2117
5,1372
5,1410
1,527
1,376
1,406
1,466
10,4122
1,346
5,1659
7,2866
1,764
9,2167
7,1792
7,1926
8,1714
9,2971
5,1627
1,618
1,325
10,2609
1,421
1,517
1,296
4,1285
10,8406
1,484
10,3553
9,3043
3,1405
10,3010
6,2105
1,437
3,1405
10,2213
3,924
1,393
8,2757
1,325
7,2928
6,2300
1,464
7,2417
8,2393
1,609
10,2679
9,2664
1,348
4,1422
10,2198
6,1396
1,405
10,3372
1,360
9,3835
6,4835
1,547
10,4492
6,2444
7,2267
5,1581
3,1130
6,2156
10,4126
5,1430
10,2905
1,372
10,3307
4,1325
9,2394
10,3925
6,7028
9,2854
7,2444
2,813
7,2073
10,3227
1,302
10,3573
1,273
9,3796
1,434
9,3167
1,399
3,977
4,1552
2,817
6,4997
1,444
4,1601
5,1238
8,2689
1,390
10,3406
9,3004
7,1599
1,368
10,2549
1,330
6,1750
4,1625
4,1492
1,626
1,402
6,2171
2,586
6,2680
1,364
7,2218
4,1321
4,963
10,2655
9,2662
1,497
5,1752
4,1359
4,1482
1,593
1,253
9,3298
3,831
5,2285
1,389
10,6677
9,2361
10,2360
1,482
2,908
1,306
1,509
4,1270
8,2681
1,674
1,262
6,2095
10,3278
4,1563
1,442
7,2385
5,1763
10,3119
5,1513
1,869
1,508
5,1437
6,2256
4,1129
1,678
1,250
3,1191
6,2030
1,859
1,489
6,2100
1,422
5,1096
1,259
3,1079
3,2230
5,1469
1,626
9,3012
2,756
1,348
9,2430
4,910
1,614
4,1649
1,506
9,2726
1,397
10,2689
7,2933
10,2634
3,857
7,2958
2,650
1,364
1,318
10,2672
10,2625
1,518
10,3656
1,489
6,2206
9,2971
9,2977
4,1610
9,2607
8,1828
2,1186
6,2117
1,431
1,237
8,2918
10,3380
1,307
9,2876
3,1141
1,466
10,3061
10,2474
10,3962
7,2299
5,1548
10,3373
8,2583
1,388
1,274
6,1974
5,1744
1,365
10,5173
1,462
1,528
4,964
9,2174
10,2244
10,3303
10,2665
6,2158
6,1877
1,494
1,391
4,1446
7,1726
1,300
10,3379
1,330
3,1258
10,3173
5,1941
7,2427
10,2913
8,1904
6,1954
2,1038
1,475
1,264
1,520
4,1038
9,2631
6,2388
1,505
4,1255
9,5350
9,3241
10,3315
1,648
5,1831
6,9541
8,2739
1,530
5,1419
1,443
6,1248
1,247
1,757
1,359
10,2528
1,311
1,468
10,4849
10,4047
10,2949
6,2158
1,498
1,549
3,753
1,368
5,1636
1,260
10,8137
1,293
4,1435
1,382
3,1306
6,5714
4,1475
7,1932
1,484
1,458
1,587
8,1842
1,394
1,426
1,10505
2,700
1,443
9,2576
1,304
3,1052
3,866
4,1795
10,2832
4,1442
4,1579
4,1603
5,1537
1,753
1,373
1,413
4,1730
1,376
10,3275
1,474
10,3991
1,580
9,18718
2,684
1,425
2,973
3,991
7,2742
1,591
1,335
1,240
4,1632
1,535
7,2672
5,2279
4,2029
1,894
4,18625
2,602
3,1124
5,1640
8,2594
10,2290
4,1219
1,265
3,1274
5,1693
1,740
7,2486
1,439
10,2152
1,696
3,4107
1,413
8,30064
1,661
4,1347
5,1788
1,395
1,278
10,2425
2,5401
10,2968
6,2534
9,3200
10,3601
1,624
8,10659
1,418
1,11053
6,2140
6,2216
7,2572
1,510
1,283
1,295
8,2570
2,628
6,2856
1,376
10,2640
1,833
6,4334
1,308
2,751
5,1634
2,832
10,3346
1,365
1,232
10,3473
6,2003
4,11433
1,645
1,339
7,2710
1,503
2,872
1,338
4,14041
2,654
6,2217
2,976
1,390
1,289
7,2642
10,3464
5,14461
3,1038
1,469
7,2258
1,545
1,473
1,469
1,405
4,1545
7,2404
3,1290
1,447
1,278
9,3188
9,3054
9,13571
1,510
1,387
6,1928
1,540
1,517
1,561
7,2377
8,2569
6,2023
5,1584
10,3437
1,256
10,3620
8,2681
6,9816
1,459
1,378
1,488
1,806
4,1478
1,299
3,29707
5,2040
9,7752
10,3403
3,1016
10,2498
1,705
1,327
9,2198
1,628
6,1972
1,621
1,349
1,349
1,363
1,448
9,3672
1,4747
3,1080
4,1043
5,1943
1,537
6,2015
8,2404
1,393
1,406
1,528
7,2303
1,492
1,301
1,360
1,607
4,6254
10,2715
10,3317
9,2521
4,1671
1,663
6,2056
1,422
1,671
1,507
5,2114
6,38682
1,379
5,36481
3,1176
8,7278
6,2085
7,2499
10,2102
4,1355
1,502
5,2500
5,1724
1,452
1,299
4,1366
1,360
3,1116
1,1380
5,1671
1,510
6,1930
9,3400
9,2589
5,1895
1,426
4,1296
1,364
10,3287
1,816
5,1640
6,24655
10,2271
1,731
1,828
4,1532
10,3669
10,5768
10,3587
6,2207
6,1996
1,358
1,411
3,3793
1,550
9,3254
1,373
6,1381
5,1761
1,631
5,1855
4,1686
6,2328
10,2881
2,779
1,537
3,1104
1,287
4,1423
1,586
6,2127
7,22933
10,2358
1,387
1,2997
2,782
7,1514
1,826
5,995
10,14599
1,592
4,1097
1,381
9,3565
1,635
3,1221
1,515
10,3288
1,474
1,9398
1,506
4,1020
1,639
1,434
9,31810
5,1697
10,3117
7,2186
10,3792
1,484
10,3422
2,6661
10,2628
1,488
5,10396
6,2286
4,924
2,800
1,474
9,21653
1,375
9,1951
2,611
7,2330
1,488
5,2077
1,498
7,1653
8,2704
1,551
5,4174
6,1422
4,1398
10,3169
1,537
1,379
10,3707
5,1739
6,2013
7,2371
5,1695
3,994
4,919
9,2796
1,1049
4,1611
1,432
4,1251
3,1183
1,490
4,1354
7,2519
5,1675
10,2789
2,765
6,3220
1,390
8,2257
5,13615
5,1864
2,637
1,324
6,1921
4,1319
1,494
1,358
9,6681
4,1408
7,2427
4,1614
4,1396
6,32761
10,2296
5,1700
7,5417
8,2854
1,287
10,6172
4,990
1,471
1,376
10,7945
5,1628
2,500
9,2862
4,1294
8,19140
5,1606
1,539
1,461
1,584
1,254
2,1221
10,3515
4,1364
1,439
6,2088
6,2040
5,1622
6,1407
1,351
1,495
1,590
5,1860
4,1360
5,1707
1,280
9,4879
10,3469
1,333
1,435
1,485
3,1052
4,1367
10,3425
3,904
1,491
10,3420
1,624
5,8814
9,3487
1,315
8,3491
7,2457
1,600
5,2037
1,553
8,2693
5,1661
3,1069
6,2369
1,532
2,861
1,406
1,437
3,1188
1,280
1,359
7,6926
6,1968
2,1003
1,887
5,1988
4,1353
9,2656
10,2959
5,1664
9,2078
4,1432
7,3418
5,1795
1,244
6,1794
6,2149
4,1346
1,601
1,457
6,2059
9,3241
8,2417
9,1899
2,1017
10,3162
6,4538
3,1358
1,597
1,257
6,14173
6,1868
1,310
5,1931
1,659
5,1720
6,2020
6,2036
7,2794
7,1977
10,2737
2,765
7,2266
1,550
1,550
4,1392
3,805
8,11734
2,979
1,528
4,1332
1,903
1,717
9,3127
1,566
5,1769
5,2885
1,370
1,456
5,1375
9,108160
1,505
5,19582
4,1428
1,455
3,810
1,464
4,1240
10,9292
2,782
9,3502
10,3564
4,1429
1,445
10,3418
3,981
1,527
1,338
8,2850
1,443
4,1387
1,413
3,1098
10,7973
4,1663
1,489
6,2059
6,2058
1,496
1,393
1,394
1,704
1,685
5,1931
1,468
10,3160
1,521
4,1065
1,8314
5,1867
1,388
3,1238
1,405
5,1866
10,2341
2,718
1,573
1,458
5,1908
1,476
9,2247
3,1260
10,2205
1,451
8,5326
1,310
1,466
3,5168
1,359
9,2101
1,419
1,571
1,443
9,3309
1,455
6,1541
1,310
9,3114
1,464
9,3548
1,288
4,2496
4,1388
5,1782
4,1361
1,346
1,582
6,24594
3,1304
1,588
7,2562
1,594
10,2704
1,460
3,1187
1,317
7,7762
1,3731
1,553
10,2140
8,9365
1,456
1,500
5,2540
1,390
10,3574
1,432
10,3488
1,291
5,1534
1,307
9,6399
9,3478
1,597
5,1801
8,2141
1,305
5,1854
2,1043
4,1382
6,2016
8,2179
10,3175
1,525
1,451
1,357
1,597
2,2761
1,488
9,2827
1,367
1,301
1,465
5,1802
10,19273
9,3245
1,383
6,2216
1,529
5,2031
1,889
8,3573
4,1491
1,540
1,372
1,460
1,298
6,2005
1,507
4,2535
1,540
1,449
7,2461
1,432
6,2120
1,363
5,2051
1,493
5,1918
6,1988
5,1539
1,500
5,16293
6,4291
6,2077
4,1710
1,457
1,868
1,418
1,447
1,245
1,2750
1,534
1,520
10,3189
1,383
2,747
5,3471
1,4849
9,2838
1,747
5,1437
1,474
1,461
1,333
1,279
5,1763
3,1008
1,641
3,1675
1,523
7,2588
2,1116
4,1512
2,717
1,520
5,1659
1,484
1,482
6,2139
3,898
1,349
2,1042
4,1520
10,3127
7,3778
5,2010
4,1487
1,598
6,1987
1,627
6,1774
1,449
1,473
4,1357
10,2655
4,1401
2,968
4,1511
4,1518
1,303
9,2534
5,1722
6,1950
6,1848
4,1642
6,1778
1,409
4,1490
7,2198
4,1461
1,423
8,2763
6,2161
4,1523
1,355
6,1527
9,2835
4,1484
9,22905
1,494
4,1265
1,424
4,1280
6,2093
10,3300
1,1147
2,809
6,2160
10,3548
1,412
9,2009
5,1785
10,7203
1,486
1,637
1,368
1,435
4,1261
7,7855
10,2859
1,438
10,3427
7,3038
5,2722
1,373
3,889
3,1214
8,26053
4,1313
1,576
10,2301
1,386
5,1647
4,1394
10,7410
3,920
9,3389
9,3136
7,2532
1,443
8,1869
5,1824
1,3381
1,374
1,464
3,658
1,454
6,1972
1,399
7,2387
1,654
8,2898
4,1419
6,2129
5,2472
5,1468
2,626
7,8265
8,4873
1,535
4,1148
1,499
2,846
3,1042
6,2033
1,631
1,523
2,897
6,2065
2,976
10,5379
1,506
1,537
3,1135
2,818
9,2646
1,489
10,3325
1,3159
5,1673
1,533
8,2761
4,1735
5,1806
4,1545
1,645
4,1404
1,523
2,919
1,1404
7,1939
1,512
6,2091
4,4310
7,2230
2,694
8,4521
4,1405
1,542
3,1126
4,1391
4,1650
4,1507
5,1820
1,675
10,3269
4,1394
6,1964
3,1273
2,666
1,437
8,2949
5,1980
1,392
9,2989
3,1098
8,2255
9,3005
1,629
1,619
6,2076
3,972
6,12121
1,349
5,1779
1,557
1,662
3,1237
1,376
5,1582
10,3241
9,3500
1,361
7,2808
6,1986
1,498
6,2047
5,1715
9,2842
4,1428
1,666
1,437
1,626
1,498
1,678
4,1675
7,2537
1,630
5,1551
4,1500
10,3234
10,3267
4,1346
1,501
5,1110
4,1430
1,497
2,951
1,527
5,1797
6,1770
6,2281
2,980
2,810
4,1508
4,1480
2,655
8,2715
1,732
6,2030
2,753
1,476
8,2922
1,355
1,481
9,2082
7,2130
1,408
4,1415
8,2619
4,1328
9,2934
1,642
2,780
9,2675
9,3342
1,490
2,823
1,589
5,1609
10,3464
1,504
4,1582
8,2885
2,848
4,1354
9,2493
4,1463
1,451
3,1277
10,3805
1,461
1,385
1,392
4,1723
9,3315
4,1450
1,409
1,451
9,3372
8,2837
6,2553
5,1860
1,501
10,3209
8,2832
1,1284
4,1574
1,321
4,1463
7,10017
1,414
1,489
5,2470
6,2130
4,1356
7,2237
5,20453
1,464
8,2734
1,666
1,484
2,781
1,273
10,3400
6,2033
9,2777
1,391
1,622
6,5385
1,485
4,1343
1,7861
1,3746
5,1499
7,2594
1,362
10,3400
2,752
6,1967
4,1531
1,695
5,1644
1,623
2,659
6,1620
8,2699
6,5942
5,3996
6,2320
8,7744
2,669
9,3315
7,1779
7,2466
1,406
1,557
3,1234
5,1712
8,19958
2,680
1,379
2,16309
3,6920
4,1038
2,1003
1,259
8,2706
5,2285
6,3537
1,501
2,640
2,690
9,2912
7,2865
1,337
1,534
5,1796
4,2731
1,424
4,1880
8,2553
8,2842
4,1406
1,500
1,500
4,1466
8,2860
3,1072
1,532
1,711
1,652
2,825
1,509
1,424
3,1392
4,1222
1,365
5,1691
4,2575
1,421
2,694
1,454
1,586
1,478
6,2000
4,1388
4,1448
1,557
1,263
1,450
1,430
8,6600
4,1378
1,371
1,441
1,393
2,918
1,894
4,1453
1,334
5,1673
8,2852
1,546
1,238
3,998
3,1214
8,10971
9,2972
1,495
1,1377
1,565
2,663
1,593
5,1724
6,1900
2,791
9,3177
8,2547
1,314
7,1952
3,1046
4,1533
3,927
1,372
1,541
1,524
10,3289
1,455
2,768
1,372
9,6889
5,1952
4,1406
1,372
3,933
2,460
1,535
8,1868
4,1260
1,603
10,3142
4,1405
1,604
6,4953
9,5051
6,2152
3,1170
2,632
1,381
6,2077
6,2115
1,646
5,1428
1,365
1,485
3,1009
8,2680
5,2318
1,624
2,928
5,1742
1,507
2,632
1,295
8,2873
4,1391
1,555
6,1991
1,398
1,382
1,333
8,2860
1,653
5,2059
6,1792
2,945
1,375
10,4139
1,246
7,1852
10,2069
1,580
3,1145
1,605
1,377
1,423
1,456
1,515
1,718
6,1958
4,1783
1,466
9,3138
1,528
9,3178
7,2279
1,519
5,1778
1,391
1,361
1,468
8,2800
5,2025
4,1641
4,1341
8,2947
1,5874
1,578
1,491
10,3837
9,3853
1,421
6,1573
9,2805
1,475
1,428
8,2848
10,3469
2,701
1,345
5,1926
1,453
8,6167
3,1019
3,1075
7,2396
1,598
1,425
1,426
4,1543
1,468
3,1833
1,581
8,3481
1,471
3,19967
5,15157
8,2898
4,1102
4,1368
6,1941
1,1207
7,2940
4,1468
3,1034
2,840
2,864
4,1363
5,2504
1,448
5,27113
5,5049
8,2464
10,3014
1,466
4,1640
1,455
4,1204
1,336
6,2220
3,1134
3,959
4,1202
9,3293
1,370
1,15769
1,420
2,1063
9,2461
2,772
6,1778
1,413
10,3105
2,2485
10,3262
1,591
6,1997
6,2013
1,379
8,14137
1,482
2,774
3,1127
10,20424
7,4420
4,1018
2,883
9,1971
2,1339
2,746
4,1369
3,1100
7,2372
1,560
1,382
1,480
1,392
4,1477
7,21012
1,343
6,2078
6,1954
10,3144
1,377
9,2922
8,2528
1,546
6,11115
5,2053
1,510
5,1713
1,404
3,1190
10,12253
7,8975
10,3659
3,1281
10,3600
4,2169
9,2977
2,888
7,1762
4,2044
3,2085
4,1310
1,515
1,1198
1,667
1,378
1,367
4,1433
1,428
6,1949
3,1061
6,2114
9,3041
7,2650
9,3124
1,922
2,743
1,404
1,452
7,2451
6,18424
1,493
10,2331
7,2547
6,3645
1,489
7,2427
8,2685
8,1918
4,1511
1,492
2,587
1,419
1,431
3,880
4,2381
1,349
10,2344
3,804
1,528
2,838
4,1585
1,386
7,1914
2,720
5,1819
1,501
1,409
4,1710
8,2482
4,1334
1,560
4,928
8,1909
4,1527
1,483
1,509
8,3383
4,1307
2,1335
1,350
6,2137
5,2212
1,584
7,2031
4,1249
1,410
6,2094
7,1944
1,840
8,2646
1,347
8,2669
1,379
3,1185
1,497
3,1040
1,402
8,2827
6,1500
6,1753
1,300
6,1419
3,1450
1,22905
9,2923
7,2226
2,783
1,455
1,391
1,442
5,1550
1,396
10,6010
10,2365
2,24018
1,359
1,471
9,15459
1,528
4,1357
4,1536
6,2083
7,1844
4,17006
5,1446
8,2649
1,430
6,3408
7,2027
10,3232
6,2144
1,273
10,10875
1,708
2,646
5,2952
3,738
3,1085
2,856
1,423
9,3311
1,380
7,2606
9,9592
2,713
1,388
1,239
7,7151
1,549
8,3094
2,784
3,961
1,380
1,415
1,402
5,1724
5,1746
4,1467
1,483
9,2799
6,1699
1,246
2,855
1,543
9,10079
6,2396
1,360
10,3205
1,468
1,417
5,1933
4,1249
2,685
3,976
6,16982
4,1202
1,310
4,1577
4,1344
1,579
1,422
7,2058
1,350
8,2775
1,2576
5,1648
9,5114
9,3309
1,527
6,2585
4,1117
1,510
6,2202
2,742
8,2998
5,1751
3,802
9,5510
4,1306
1,490
5,2000
1,454
2,1291
2,845
8,2701
10,3171
1,368
4,1355
1,430
8,2866
2,21673
8,2049
1,399
2,747
5,1650
2,985
4,1573
3,1119
7,2206
6,1964
4,1538
1,323
6,1696
4,1286
2,933
1,18953
7,1876
1,416
10,3289
1,378
1,669
4,4097
1,462
1,429
1,674
10,3029
1,446
10,3038
4,1545
4,1417
8,2520
7,2048
2,598
9,3062
7,4745
1,478
2,682
4,21404
1,438
1,943
6,1648
1,287
10,3314
1,372
1,380
5,1588
4,1763
1,308
6,2273
6,2018
4,1641
6,1876
5,10709
1,345
1,568
6,1616
10,2435
4,1093
1,479
3,1267
9,3021
7,2276
1,422
8,3510
4,16000
1,632
6,6082
8,3174
1,334
1,437
10,2776
10,2289
10,2178
8,2647
3,1076
4,30243
3,1192
1,581
8,2622
5,1743
7,2422
7,15402
1,455
1,287
4,2069
8,3061
6,2103
4,1078
1,471
7,2283
5,1704
9,4735
1,340
1,473
6,2843
1,1099
4,1459
1,363
1,702
1,345
6,2184
8,2679
6,1517
6,2020
3,1036
1,520
7,2369
4,1194
8,2631
4,1643
1,627
4,12746
8,2783
1,405
4,1645
6,1492
6,1712
6,1648
6,7392
8,4259
1,443
2,852
4,1079
1,390
9,2979
1,543
2,741
4,1404
1,451
7,51261
10,3013
10,2810
10,2501
9,22939
6,1977
3,18747
1,494
6,1469
1,511
3,1079
8,4412
4,30922
2,643
4,1186
1,350
6,2106
10,2094
1,433
2,962
7,2354
1,354
1,296
10,3733
1,592
4,2791
7,2502
3,1034
10,3215
6,1687
1,406
10,3455
4,1458
1,265
6,2134
9,2928
1,487
1,399
4,1344
1,492
2,773
1,631
1,444
9,2979
6,1542
1,445
2,989
2,925
1,380
4,12446
7,3081
1,539
1,335
10,4947
1,466
4,3670
6,4294
2,689
6,2692
10,2850
1,395
8,2443
4,988
1,379
1,358
10,2939
1,750
1,263
10,3099
1,526
4,1467
1,384
8,2739
8,2880
10,3420
5,1745
4,1494
8,2938
1,302
8,25407
3,991
5,1737
1,261
6,1735
3,1136
4,1201
7,3755
1,460
1,616
4,1403
1,446
10,2774
1,368
1,320
4,17271
2,851
1,482
1,408
6,1514
1,485
1,507
1,367
2,704
8,3145
10,3753
1,418
4,1643
10,3478
1,563
6,30844
1,472
5,2013
3,797
6,1622
1,670
2,757
1,636
8,2561
3,1257
4,1019
1,503
4,1273
10,2408
1,453
1,478
7,2239
1,546
1,355
8,2291
3,1256
1,538
1,629
2,812
1,620
6,1403
2,2221
1,692
2,758
1,317
6,2004
1,422
1,549
1,372
10,3430
1,609
1,423
4,1996
4,1432
1,683
10,2149
6,1986
1,401
10,2533
1,253
5,1964
1,390
1,509
1,336
6,2510
1,391
8,16207
9,3289
10,3578
1,498
10,2057
5,1558
1,374
7,1932
8,2390
2,752
1,355
1,518
4,1333
6,1818
2,963
2,648
1,370
8,2875
2,684
8,1856
2,862
1,246
10,2584
6,2233
1,454
1,376
3,14521
10,2236
4,1286
3,1114
10,3590
3,1547
9,2732
1,494
6,2351
1,367
1,272
9,2762
10,2406
5,1923
1,384
1,583
6,2027
10,2502
1,399
9,3013
2,1015
8,2616
1,356
10,2400
4,1438
1,239
3,897
6,1679
4,1347
1,272
7,14147
4,1148
10,2165
7,2741
8,2633
5,1995
1,319
1,245
10,2233
8,2690
1,243
1,393
10,2344
2,1642
1,364
4,14359
6,1634
2,634
7,1915
1,413
3,1193
2,796
1,259
6,1515
5,1835
1,246
1,238
2,618
8,4904
1,386
6,2013
4,1458
1,280
3,758
9,3260
4,1448
8,2834
1,268
10,2150
5,1819
1,248
1,288
4,1229
5,1609
1,430
1,439
10,3316
1,382
8,1972
8,2605
1,601
1,513
1,278
2,466
3,1112
1,281
1,247
10,2543
3,1147
4,1236
1,2231
4,1142
1,388
7,2538
8,4051
3,1176
1,348
1,243
4,1180
1,430
2,834
1,254
4,1197
9,3180
10,2497
6,15437
6,1839
4,1069
10,4141
1,726
2,795
1,280
3,909
1,454
1,356
1,357
1,315
8,2231
5,9318
6,1378
6,1983
6,1457
1,487
9,13221
1,476
1,668
1,421
1,406
1,321
5,1756
10,2217
1,273
1,403
1,498
5,1165
9,13870
6,1837
4,1276
3,1073
1,718
8,3266
1,420
6,1967
1,328
5,1835
10,2278
1,369
10,2865
1,510
6,2132
4,5700
8,2136
1,347
2,581
1,535
4,1441
1,427
3,2598
1,255
1,571
7,1722
1,328
10,3220
5,1580
10,3413
9,18332
10,2437
10,2357
7,2455
1,453
2,666
1,356
6,1966
1,244
5,2087
10,2473
1,325
2,592
1,418
4,1499
4,1902
6,1499
1,246
4,1370
1,442
10,3797
1,295
3,1014
1,260
4,1431
9,2379
10,2356
10,2273
1,426
4,1386
2,605
10,3770
1,377
6,1609
1,381
8,2664
1,398
8,2339
1,346
9,3499
3,1232
10,2814
10,2094
1,463
5,1693
1,476
6,2085
1,293
5,1530
7,4126
9,3019
1,481
4,1869
1,390
10,3578
10,2424
8,2513
7,2083
5,1779
6,1425
3,1013
10,3017
1,366
4,1338
1,498
8,3044
4,1432
7,8352
4,1424
6,2222
10,2305
10,2598
9,2989
1,354
10,2367
2,827
10,3273
1,337
6,2517
1,519
1,402
3,1176
9,7371
1,399
1,432
8,2772
8,2789
3,1076
1,574
6,2481
9,3101
2,1011
8,2105
10,3311
2,813
8,2620
1,353
7,2316
1,290
7,2359
7,2416
10,3368
10,2859
1,508
8,4059
4,1413
4,1218
1,368
4,1404
1,448
2,788
6,2017
4,2305
8,2344
4,3799
10,2229
10,3307
1,416
1,354
6,1717
2,732
4,1290
10,2267
10,3622
3,1067
3,1148
3,1032
7,3762
10,3086
1,414
8,1913
2,864
1,360
1,380
10,2946
2,2170
4,1512
2,595
4,961
3,1215
1,469
8,2914
2,1082
2,664
7,50028
10,2265
2,899
1,305
1,904
10,3519
10,3213
1,521
10,2383
5,1231
1,477
6,1798
6,1498
4,1237
10,3454
4,3285
2,592
2,731
1,260
1,439
6,1536
9,2959
1,399
10,2273
6,1529
3,837
1,397
7,2333
4,1641
10,2274
1,543
2,2448
1,575
1,413
1,458
2,898
8,2559
1,243
7,1869
1,320
3,1113
7,2241
9,2836
6,2457
7,1864
5,1931
10,5559
7,3910
1,419
4,1580
4,1309
8,3687
1,270
9,2723
1,247
7,2116
3,1050
10,3161
6,1760
10,2223
1,433
3,1212
6,2085
1,415
5,1608
4,1020
8,2833
1,241
3,909
1,246
10,3350
8,2679
2,786
5,1455
3,1090
4,1227
2,680
10,8825
1,444
7,2477
10,2569
8,7731
1,295
8,1819
6,1285
7,2943
1,396
4,1294
6,2307
10,2240
1,651
1,635
1,1061
1,341
6,1883
1,619
1,623
1,254
10,2492
1,473
9,3177
1,272
7,2231
4,1610
10,2305
1,624
1,470
6,1955
1,287
7,2311
1,599
1,482
1,249
10,3718
1,363
10,4130
1,400
4,1336
10,3045
10,3136
1,597
1,521
10,15763
10,2373
1,473
1,427
1,676
1,270
7,2172
1,316
7,2813
10,2292
4,983
10,4484
8,2785
1,770
1,560
4,12295
8,2610
4,1424
4,1540
1,521
1,233
1,477
1,306
4,1678
1,426
6,1385
4,1245
10,3376
3,1248
1,682
3,3186
1,288
4,1447
1,369
1,608
1,245
8,2252
1,359
6,1382
7,3894
4,903
5,1737
8,3227
3,1717
1,764
2,1097
10,2575
3,1028
1,382
2,993
8,2860
10,3201
1,245
4,1171
1,388
6,1538
6,1463
10,6888
1,570
1,551
4,1515
8,2186
9,5520
1,492
1,484
9,2167
2,595
1,261
6,1931
4,1445
10,2163
1,391
10,13326
2,674
1,515
1,752
10,5980
2,717
1,389
1,533
10,3480
10,3556
6,1861
8,2248
9,3366
6,1654
1,351
2,922
1,475
1,711
9,5885
2,894
4,1164
1,239
1,431
10,2276
1,556
8,1806
10,2871
3,1034
10,3303
1,274
1,525
1,404
1,550
5,1837
9,4952
5,1634
1,346
3,710
2,615
1,447
6,2010
4,1617
1,5008
10,3337
1,344
1,414
9,2890
6,5088
1,611
2,755
3,2571
1,281
1,273
7,1954
1,659
4,1638
10,3409
9,9627
4,1005
1,288
2,886
1,510
1,425
1,467
2,912
2,1213
10,2461
1,363
10,3063
3,1276
10,3236
4,1491
7,9325
6,1292
1,303
1,332
4,1190
6,2350
1,615
1,509
9,3158
8,2015
3,1656
3,894
2,639
6,1410
6,1476
1,468
1,478
1,260
1,380
2,689
2,985
1,619
7,2549
1,1019
10,2145
3,1069
10,4309
1,387
10,2087
2,643
2,742
1,384
1,390
1,391
2,680
10,4102
1,490
6,2151
8,3062
10,2175
1,498
7,1833
1,524
2,536
6,1639
1,425
1,359
1,533
1,584
1,468
1,529
1,474
10,8332
1,758
2,598
7,2327
10,2405
1,440
4,1371
1,499
1,357
1,314
1,332
1,631
10,3463
6,2245
5,1763
1,877
4,1548
10,2707
8,1773
10,3164
9,2956
10,2511
1,461
1,369
1,259
8,1858
1,404
9,2759
4,1525
1,414
6,3452
2,2032
7,1576
3,724
8,4649
1,398
4,1023
1,284
10,3228
1,284
6,2014
1,383
8,6703
4,1417
1,2034
4,1437
10,3602
3,861
7,2057
8,2241
1,632
7,1690
1,299
6,1424
1,261
10,2344
1,574
1,486
9,3456
1,480
9,2945
8,2784
10,2592
7,2308
10,3266
1,379
1,344
1,250
4,1012
1,254
6,1240
2,905
8,2514
4,1648
2,754
3,1213
6,2022
10,2668
7,5608
10,2922
1,491
10,2474
1,365
4,1628
1,310
10,2099
1,620
8,2532
5,1929
1,580
2,3113
1,477
8,2977
3,1119
3,1660
2,834
10,2257
1,364
10,3554
1,312
6,1646
6,5312
3,1147
2,787
1,500
4,2008
8,2613
7,8039
2,716
2,806
1,488
10,3032
1,336
10,3034
10,2233
10,3350
6,2202
4,3634
1,550
3,1186
1,556
8,5694
1,508
7,2440
2,816
10,6083
3,1097
1,318
4,1046
6,2211
2,3953
4,1404
7,3219
3,1457
5,1711
9,3112
3,1069
10,2035
9,18847
1,457
6,2698
10,2335
1,255
6,1507
6,1745
4,1530
4,1490
3,1133
3,1234
2,610
5,5073
1,449
10,3585
4,1324
1,423
6,2094
7,2239
10,2336
6,1847
10,2415
4,1165
1,350
1,382
4,1338
8,2288
1,362
1,532
8,2747
6,2973
1,610
10,3014
9,2816
10,2170
8,1914
10,2600
4,1432
10,19433
7,2292
2,940
10,2178
2,771
1,283
2,1083
4,937
1,492
4,1465
1,357
8,2304
6,1624
6,1944
10,2197
6,40426
3,771
5,1211
9,4669
1,843
1,469
3,1278
6,2029
1,457
1,395
1,229
6,1458
10,2296
4,1635
8,2651
2,1001
6,2263
8,2315
9,2581
1,445
1,430
9,3849
10,3063
1,432
2,854
1,234
6,2033
10,2805
4,1069
1,451
4,1469
8,2992
9,2735
7,2089
1,450
1,416
1,530
4,1415
1,780
5,2133
1,229
10,2321
6,1481
10,2735
10,2187
5,2224
4,1080
10,2888
8,4673
1,539
1,448
2,942
10,4861
1,569
4,1532
1,256
2,680
10,2228
4,1526
10,2100
9,3216
9,3025
7,2356
7,2508
1,513
1,471
1,617
4,947
2,882
9,3503
1,296
4,1695
10,2470
8,1996
2,731
10,3446
7,3173
7,2656
3,775
1,434
1,422
1,635
10,3127
1,567
2,698
3,676
10,2498
1,402
7,1876
7,1725
1,537
3,1044
7,2635
1,357
1,362
2,1004
1,573
6,1734
1,428
1,469
1,226
4,1557
1,585
1,324
10,3361
1,543
2,927
6,2152
10,3333
1,416
1,556
1,753
6,1502
1,370
3,1635
1,242
8,2712
1,278
10,2690
9,1995
2,536
7,4058
8,2498
10,3766
1,453
4,1523
6,2415
1,406
4,1362
4,1569
1,231
1,467
1,265
10,2726
3,775
3,1161
6,1643
1,276
10,3753
8,2021
3,1017
2,1005
1,267
6,6952
2,561
1,275
10,2370
1,254
2,862
1,380
4,1507
4,1424
1,369
3,1195
1,364
1,450
1,544
1,304
1,505
3,794
7,1644
10,2323
1,273
10,2181
1,321
5,1778
1,397
5,1353
10,2449
3,841
7,2429
1,464
1,344
6,2087
3,686
10,3353
2,521
1,366
3,1159
1,258
2,497
1,485
1,457
7,2423
4,1603
8,2877
1,575
1,280
10,3211
8,1969
7,1820
10,2436
2,742
10,3212
1,424
9,3859
1,322
1,415
9,2305
2,507
6,2131
6,2924
1,407
10,3276
4,1183
3,1499
10,3370
10,3407
9,2009
1,279
9,5372
1,446
1,352
1,818
1,388
10,3270
1,463
1,362
5,1867
1,559
1,311
7,1965
1,353
1,693
1,326
8,2922
1,376
1,423
1,419
5,1856
7,2410
1,394
1,375
4,1477
9,3203
10,2796
9,2171
1,368
1,274
1,250
7,2162
1,540
1,323
1,239
9,2504
3,1108
6,2781
1,760
2,837
1,423
8,1885
3,740
1,534
1,370
1,234
1,1359
1,346
1,346
1,241
8,2570
9,9128
10,3066
1,351
9,3031
1,424
10,2233
1,358
4,1511
1,269
1,292
6,1981
1,314
1,377
1,286
7,6460
10,6114
4,1499
10,2629
1,463
1,372
3,1122
1,256
4,1459
1,297
1,378
1,5147
1,271
1,347
1,233
6,7897
2,719
1,330
8,1827
3,1223
7,2084
9,2985
1,286
10,2294
1,484
10,2765
5,1296
1,237
3,1070
1,235
9,2833
6,2029
10,5094
6,1848
4,1516
1,390
2,786
1,535
1,376
1,279
8,2251
1,509
6,1479
10,2864
1,285
5,1880
4,1272
4,1452
10,2475
4,1659
1,639
2,875
1,413
10,2404
1,244
10,2592
8,2553
4,1387
3,832
1,242
7,1839
4,1237
2,797
10,2574
3,1097
1,638
1,608
1,379
10,3501
1,278
7,2332
1,380
6,1327
10,2927
1,269
3,1243
5,1384
9,3008
10,3219
2,588
6,2215
6,2068
1,297
7,2258
1,284
10,3174
1,551
10,3103
10,2325
10,2353
1,420
6,1573
2,931
6,1997
5,1418
8,3220
10,3875
1,331
10,2497
10,2139
8,5676
1,434
10,3392
10,2349
10,2795
10,2244
5,1515
1,462
2,710
10,2972
1,646
5,13853
1,275
9,3852
7,2184
10,3179
1,375
10,3293
7,1710
3,3256
3,788
10,3671
3,1204
4,1542
9,2659
7,3633
1,354
1,257
3,1651
8,2734
2,778
1,370
4,1367
10,2509
6,2181
10,3886
4,988
4,1216
4,1100
7,2390
7,4620
6,1883
10,2931
10,3394
1,362
3,1158
1,320
6,1625
10,6176
10,3514
10,3244
10,2026
3,929
8,2076
6,2157
1,421
6,1848
10,2219
10,3233
10,2456
2,585
1,282
8,2764
6,2227
10,7280
10,2341
5,1124
2,663
1,425
6,1944
1,400
4,1408
10,2194
8,2136
10,2744
10,3314
7,7507
10,2495
10,3100
7,2591
7,2393
5,1114
4,1719
10,3082
7,2378
6,1976
4,1366
1,670
10,6558
8,2724
1,459
1,448
2,912
10,3471
10,4000
9,2653
6,2149
2,771
10,2222
8,2727
7,2228
5,1710
8,2920
8,2454
3,1274
6,2067
10,2839
6,2322
10,3133
4,1576
1,552
1,652
8,2505
2,545
5,1817
3,978
1,528
8,2656
1,406
2,1115
5,1773
3,1326
6,2515
10,3752
7,2443
1,288
1,617
9,3244
10,2699
3,954
1,337
1,508
10,3209
1,395
9,2941
2,837
3,1188
10,2412
1,465
5,1746
1,555
1,274
7,2081
7,2127
1,361
10,2616
2,724
2,775
10,8563
2,1651
1,359
10,2800
6,1602
10,35325
1,626
10,2897
1,277
7,2026
10,3450
1,382
3,972
1,23489
9,2705
10,14060
1,592
6,1964
10,3348
10,2640
1,11474
5,1797
1,294
1,247
6,2996
9,2026
1,313
10,2802
4,1531
2,813
2,1129
1,585
6,1980
9,2380
10,2714
7,8381
3,1202
1,288
1,240
8,5410
3,1293
1,292
10,2174
9,2825
1,539
10,3234
2,873
4,1484
7,2117
4,1454
1,538
5,1683
1,354
1,314
6,2060
1,489
1,306
7,1482
5,1646
6,2090
1,332
7,3160
4,1255
10,2339
4,1204
3,940
10,3274
1,331
1,286
1,350
1,473
1,288
9,2602
1,672
7,2465
1,387
6,2058
5,2279
3,1556
4,1267
4,10836
5,1785
1,324
1,328
1,403
1,330
1,330
10,2166
1,665
6,2262
1,452
9,16064
2,866
10,3749
1,566
1,379
5,1666
1,354
1,307
8,3121
1,294
1,348
10,3665
1,485
2,916
2,673
9,8025
4,1448
10,3228
8,2583
1,495
9,3235
1,296
10,2188
1,280
1,563
1,273
3,1276
4,1463
10,7377
1,293
6,1993
5,1804
6,13540
1,396
1,515
1,467
10,5582
8,2773
1,371
1,406
1,242
10,12618
1,504
6,2076
1,304
4,1446
9,7480
10,3293
1,524
1,467
5,1666
6,2619
6,1946
1,302
1,301
7,1575
10,17029
1,873
1,588
1,1301
3,1224
1,617
10,9255
1,266
1,472
1,352
3,1224
10,2954
1,277
1,380
7,1875
6,7703
1,390
4,1543
1,581
10,47491
1,633
10,3439
1,267
1,431
3,1077
8,2683
10,3668
1,268
1,512
1,318
10,11891
1,386
4,1495
1,462
1,795
1,466
7,2454
1,400
1,539
1,358
10,14076
10,2239
1,242
1,372
10,3280
10,3768
1,473
3,1358
9,3894
2,904
1,603
1,500
1,371
5,1694
5,1703
10,39731
2,628
1,283
10,2200
10,3446
1,601
3,1067
2,1000
1,445
5,1903
1,459
1,645
1,400
1,530
1,569
7,2692
4,1128
1,262
6,1998
3,1154
1,1595
6,1524
9,3589
7,2312
4,1401
1,396
1,513
1,297
5,1727
1,542
4,18370
10,2646
10,3161
10,2623
10,2088
1,536
4,1484
1,587
10,3300
1,620
1,444
1,482
1,284
5,1730
10,4811
2,971
10,2242
7,1618
10,3293
9,2335
7,2809
1,422
4,1909
1,449
1,510
1,453
1,618
1,443
5,13330
2,797
7,2611
8,2304
1,394
10,2794
10,31520
1,594
1,339
5,3130
1,373
1,410
1,462
1,463
10,2121
10,17164
1,321
5,1781
1,384
10,2732
10,3237
10,28027
4,1856
5,1354
1,579
6,1920
1,646
1,256
4,2340
10,2041
9,2961
5,1537
1,375
10,2291
10,2868
8,1645
6,25037
1,795
9,3152
1,509
4,1284
1,550
1,540
1,555
2,465
5,1860
1,467
5,7397
2,562
3,1116
4,1464
10,23104
1,588
7,1779
4,1241
3,1120
1,759
3,1054
1,627
10,2832
3,987
2,728
3,1164
10,2133
10,3287
2,937
10,23936
1,655
9,2930
1,453
4,1292
1,523
3,1022
1,660
10,3111
5,1782
4,1497
5,1677
10,3193
9,2910
1,598
10,3735
1,528
6,4577
1,418
9,4415
1,555
3,956
1,669
9,1965
2,742
1,2940
5,1633
7,2067
10,2799
7,2747
10,31836
1,25495
9,2466
1,545
5,6768
1,507
4,996
7,10521
10,2195
2,632
1,553
5,1638
9,2961
10,2452
10,3431
10,36699
7,2899
5,1772
1,485
1,387
1,706
2,472
5,2362
10,2638
4,1395
1,620
9,2772
3,873
6,1909
6,2378
4,1682
1,517
7,1566
1,532
1,286
2,701
4,972
1,391
7,2769
4,1328
1,541
10,15399
1,367
10,3213
2,876
1,568
1,594
3,1194
1,563
3,1025
4,1220
9,2610
3,1189
8,2739
10,3343
5,3171
5,1857
1,347
10,5723
10,3332
1,471
3,1280
10,2642
1,484
3,1089
3,914
7,2656
4,1431
10,2522
5,1904
4,4396
5,1667
1,295
3,958
4,1789
1,577
5,1901
8,1711
1,514
3,1094
1,334
7,2572
5,8001
8,2969
2,754
6,8886
5,1789
1,250
10,3102
3,1156
1,620
5,2038
10,3399
1,353
2,779
3,745
7,3034
5,21269
10,3289
8,2688
10,3354
1,345
1,317
10,3705
4,1883
1,18304
5,1791
10,2728
3,779
5,1118
4,929
6,2339
9,5145
10,3078
4,1369
8,30726
3,5531
1,257
4,25821
8,3177
1,15616
9,9064
3,778
6,1861
1,443
2,460
8,4912
5,38234
2,678
6,2180
1,484
1,322
1,250
1,7819
5,1867
1,670
10,12515
10,2188
3,899
1,312
8,2699
6,3656
6,2027
3,1965
1,396
6,2017
1,498
1,302
7,5738
2,831
1,649
5,1893
7,1767
2,691
1,238
6,2011
10,2526
3,1045
2,1002
3,1013
9,6393
5,1600
1,372
1,459
6,2356
1,472
5,2359
2,550
1,386
1,242
7,2555
7,2141
5,16911
2,1001
7,4486
3,1142
1,388
1,247
1,648
2,752
7,6397
3,1208
1,301
9,3040
1,367
9,3094
10,2487
2,772
1,519
1,339
10,10792
2,901
10,2232
1,524
1,655
1,548
2,898
1,228
7,2282
1,430
7,2695
3,1184
2,671
1,638
10,10782
1,392
2,715
10,3009
1,472
1,446
1,423
2,1090
1,225
9,3039
10,3523
6,2136
8,1741
4,1305
1,748
1,406
6,2282
1,386
8,2701
1,437
1,600
5,1834
2,806
1,232
8,2745
9,3182
8,2700
10,2822
5,3342
1,602
1,465
2,951
1,410
1,359
5,1544
1,659
9,3342
10,13280
1,235
7,2222
9,4790
7,1846
3,959
4,1462
1,481
1,464
4,11771
1,1025
10,3177
1,324
1,480
3,1196
2,1431
1,244
9,2443
1,485
10,3264
10,2177
10,3268
1,437
1,396
7,2575
1,419
10,3092
1,371
1,499
5,1880
4,1361
1,234
7,1719
1,577
1,372
7,2351
1,610
1,397
1,375
2,703
2,717
10,3465
7,2538
1,545
5,2084
4,1660
1,239
3,921
7,2492
3,971
2,545
5,2211
1,410
1,379
7,2554
4,1210
2,810
1,490
1,529
5,1756
10,18370
1,225
10,2588
1,362
10,2469
1,415
8,2344
1,394
1,362
5,1754
10,3108
9,2868
1,394
1,556
10,3570
8,23932
1,313
10,2090
7,7773
10,2584
1,301
1,313
1,314
6,1819
4,1472
1,324
6,1614
5,1771
1,510
5,1906
8,11806
10,2271
10,2846
1,391
3,1268
1,306
6,11614
6,2266
8,5987
8,2567
5,1396
1,520
5,1717
1,595
3,1105
2,9571
10,4172
3,1031
8,1808
10,3570
1,377
6,1747
1,363
1,359
1,484
1,494
4,1395
3,1614
2,1002
2,912
1,9607
6,2215
10,2999
7,4562
9,1946
1,277
1,4411
6,2315
1,357
1,470
8,2713
2,832
10,3219
4,1625
2,876
4,1671
3,1204
10,2158
5,1779
7,2366
1,249
3,1034
6,1922
3,1099
1,424
3,1083
6,2119
5,11494
4,1947
2,4375
3,1049
8,3069
7,1936
1,604
1,690
1,296
1,324
10,3232
3,1080
2,757
6,1979
10,3862
5,12627
5,1726
4,9009
1,412
10,10588
1,418
9,3157
1,270
1,251
1,476
10,24006
1,549
1,351
6,8202
5,1823
5,1828
1,428
5,6156
6,10242
10,11836
1,349
3,1304
1,260
1,240
10,9178
4,1771
4,1713
1,410
10,18670
6,2162
3,1160
10,2322
2,809
8,2938
7,2955
1,261
10,2262
1,291
1,240
5,32827
4,1425
6,1971
1,390
1,532
1,525
5,1239
9,3268
10,3495
1,392
4,1652
1,382
10,3028
1,302
10,10819
1,534
2,835
2,760
1,399
2,765
4,1459
2,878
8,2841
8,21215
1,356
2,12436
1,345
10,3622
1,296
6,4031
9,2789
4,1693
2,995
1,395
10,3527
5,1802
2,692
6,2354
3,1081
1,400
7,2409
1,286
10,2830
1,268
10,16543
1,473
5,1477
5,1962
8,11581
3,1308
2,845
5,9940
6,1901
4,1488
1,462
5,1738
1,365
7,1694
1,306
10,3109
1,486
1,755
4,1532
1,444
2,785
4,1483
4,1388
5,1435
10,4382
1,456
1,673
1,259
10,3114
1,350
10,3436
1,625
2,623
7,6960
1,662
1,496
5,1674
4,1344
9,3096
8,3361
1,511
5,1724
1,353
3,935
1,247
10,3512
1,543
9,2901
8,6924
10,3295
4,1574
9,3036
2,1057
7,1771
6,2438
4,1757
2,793
1,247
10,3589
10,21192
10,6392
10,8840
3,1356
8,3841
3,1063
2,1044
1,499
10,3906
1,620
1,381
1,375
3,1017
10,2319
6,2136
3,1355
4,17227
3,1051
4,1659
2,1000
9,3033
6,2385
1,483
2,814
10,2651
1,487
1,481
5,1790
3,1195
10,6977
6,2608
7,3269
2,790
4,1622
3,1229
5,5149
7,2526
1,538
5,4729
3,1041
1,452
10,4831
5,1713
10,3443
10,2806
10,3267
10,4155
1,438
1,522
8,3023
3,1212
7,9825
1,408
6,3219
3,827
1,420
3,1170
1,417
10,5865
10,4744
10,7010
5,7976
3,1255
4,1020
5,1642
6,2805
2,526
1,420
3,12066
10,2646
1,634
1,367
9,3108
3,1110
1,304
10,3449
1,416
2,883
8,1862
3,1173
10,3662
5,16631
1,434
8,27896
10,2305
6,3881
3,957
10,17757
6,1919
1,443
10,3432
2,708
6,3942
10,3180
7,2417
7,2800
1,551
1,365
6,10899
10,2304
2,2548
1,518
1,403
8,2784
10,2979
7,2901
5,1605
7,2588
7,2953
10,3242
5,1822
4,1561
1,360
1,9004
9,3047
1,335
4,1428
1,494
7,2517
1,387
4,16885
5,1723
2,15267
6,2618
6,2498
1,585
2,680
1,380
1,8463
7,1729
8,20935
2,1045
5,1836
7,2747
7,3929
7,1987
5,1755
4,1582
6,2155
7,2562
7,2751
1,473
1,288
1,499
1,551
1,493
7,2411
1,446
4,3064
1,384
5,1734
3,21896
8,2642
9,2954
2,864
4,1564
8,9614
1,494
10,13717
1,307
1,383
2,921
1,380
2,19194
1,530
1,489
9,16514
6,13577
6,2106
5,1860
2,918
1,542
2,691
8,2519
1,313
2,794
7,2424
1,400
7,2310
1,478
3,1024
1,450
8,2876
1,386
1,390
1,580
1,547
1,259
1,462
1,356
1,356
5,2099
8,2608
1,636
1,6433
5,18164
1,432
3,1129
1,239
10,7180
4,1165
5,2082
3,1098
1,504
1,249
3,1280
8,2907
3,943
5,30274
4,3470
5,1936
1,467
1,675
1,247
1,403
7,1974
1,364
3,3475
2,787
1,321
1,7874
2,753
1,484
2,903
1,15528
5,1568
3,849
7,2323
1,238
1,400
4,1349
8,20951
1,496
1,417
1,291
10,11973
8,5747
1,392
3,1022
1,408
5,7233
5,16826
9,3082
1,244
7,4260
5,1429
1,537
5,1778
1,455
1,324
1,481
6,2243
1,375
5,1616
1,486
3,1011
8,3567
3,6383
1,287
1,418
8,1898
1,474
9,3244
3,1076
1,246
4,1501
5,2330
1,487
10,3415
4,1396
10,19430
1,448
10,4780
1,301
3,1158
9,3360
1,525
8,2468
3,950
1,238
8,2181
5,1804
2,715
5,1802
5,1721
1,426
1,465
10,3162
7,1884
1,393
6,4853
1,435
9,2152
10,6342
10,3272
6,2045
5,1701
2,744
5,2136
1,494
9,24653
1,392
5,21049
1,301
7,2571
3,956
1,472
7,1994
1,456
10,27957
7,2539
10,3031
2,805
9,3083
5,1706
5,1586
1,464
1,561
1,281
1,376
6,1438
8,2707
7,1920
1,453
10,29254
2,754
3,1022
4,1445
1,587
5,1684
5,3196
2,679
6,1794
1,236
1,518
5,2034
5,2282
9,6492
1,495
8,2526
5,1748
4,1417
2,736
3,1179
6,1928
1,1093
2,631
1,524
1,379
4,1270
10,3380
5,1953
5,1748
1,404
10,3060
4,1621
1,387
5,1577
1,369
10,3102
2,730
2,632
1,586
3,723
1,405
1,422
10,4040
10,3158
1,375
10,12170
8,2839
1,489
10,13268
5,1606
5,1801
1,2163
1,373
1,3382
10,2418
1,534
1,304
6,3206
7,2694
7,8100
10,3583
1,515
10,3076
8,8052
8,2625
9,3080
1,497
1,342
1,4125
3,772
1,459
1,402
3,3829
3,888
4,1559
2,993
5,1814
1,487
10,3139
1,473
5,5869
1,296
4,1328
10,12256
10,2198
4,1282
1,273
10,4536
8,1751
6,1852
7,2658
9,3022
1,500
6,2007
1,513
3,967
1,468
4,8715
1,494
10,3481
2,4417
1,256
2,832
10,2194
7,2507
5,5164
10,6730
5,1965
6,1935
1,385
2,793
1,437
10,7233
1,474
9,1984
1,572
1,618
4,6783
3,801
2,918
1,621
3,991
10,5314
8,2497
1,287
2,712
1,1568
8,2523
1,901
7,2034
3,1029
1,424
7,3711
10,2511
2,808
3,1235
10,3051
1,409
2,865
1,285
2,765
1,371
1,340
5,6932
10,3533
5,1724
1,253
5,1757
10,2165
5,1542
5,1790
6,1807
5,1630
1,337
1,317
4,1403
1,1454
2,677
1,439
10,2631
6,1806
1,251
2,887
7,2144
4,1546
10,3401
10,3909
1,484
1,306
1,398
4,1260
5,5456
8,2710
1,539
8,6646
8,2817
1,312
1,526
2,535
8,2590
5,1709
9,3274
1,409
7,2081
1,470
10,3343
2,909
1,478
1,524
10,23218
9,2789
4,977
5,1830
1,408
5,1989
5,1832
5,1947
1,569
2,780
5,9735
1,399
4,2902
3,1107
7,8852
6,20856
10,3124
7,2675
7,2319
1,274
9,3294
5,24736
1,573
1,581
3,41165
5,1817
8,2611
4,1765
10,14393
4,1194
10,3418
5,1610
6,1528
4,1421
1,234
10,3523
9,4757
1,859
1,3729
1,479
2,685
1,444
10,8369
6,5130
4,1556
10,3320
8,2477
10,2426
5,1815
1,240
3,1099
5,2122
1,519
5,1758
4,1455
2,881
1,458
2,846
8,3005
1,462
10,3957
6,1586
9,2282
8,2364
1,258
10,3532
3,1140
1,473
7,2291
2,719
3,1130
4,1345
5,1894
4,5120
7,2356
4,1480
9,3061
3,1028
9,2561
1,250
5,5217
5,1625
1,1813
2,859
6,2270
4,1310
1,357
6,2633
10,3714
4,1246
1,493
2,681
10,2283
3,1202
1,239
6,2294
1,507
1,734
1,616
3,969
2,715
8,2558
10,11085
3,2794
6,1581
1,399
10,3494
10,2538
5,1374
1,245
10,3234
1,360
1,620
7,2206
9,3052
1,564
1,390
3,1106
1,611
6,2038
2,2320
10,3216
10,2683
6,1580
1,282
5,1859
1,772
4,1417
4,1255
2,744
5,1961
1,476
6,3213
5,1986
9,2258
1,450
4,1095
1,354
5,1242
1,238
1,371
1,645
1,458
5,2006
1,340
8,7172
1,389
8,3103
10,3456
3,1163
1,483
10,2327
4,1125
10,2872
3,1031
1,465
1,1331
7,7352
8,2705
7,7644
6,2500
1,380
1,626
2,780
6,1642
1,14672
10,2190
10,3258
8,1974
7,14823
1,229
1,1361
1,559
9,3208
1,343
6,2013
1,383
2,993
6,2304
10,2322
7,2394
10,2368
3,990
1,491
10,3709
1,453
1,463
1,558
3,1247
5,1637
2,849
1,342
10,3742
2,839
4,1622
1,441
1,415
10,3495
1,252
10,32325
1,402
1,374
2,785
6,1493
8,2550
10,7124
3,1311
3,1403
7,2457
9,2129
1,489
1,311
10,2181
1,292
3,37549
1,411
1,423
1,494
10,3158
4,1316
1,433
1,414
3,1125
4,1828
8,2791
1,424
1,266
10,3281
1,326
7,2371
1,720
1,385
1,550
5,1744
1,514
9,23008
6,2202
2,919
8,2853
6,1321
5,2370
1,337
3,1111
1,227
10,50663
1,375
2,834
4,1610
7,2528
1,377
2,695
10,7517
1,397
1,585
4,917
1,459
1,418
6,1579
1,346
10,56015
7,2416
5,1876
9,3170
6,1635
1,431
10,3335
3,1130
4,1687
1,600
1,522
1,338
1,378
7,3979
1,249
7,2731
5,1653
2,742
4,1700
4,1091
2,789
1,543
9,3019
2,784
8,2746
10,3249
3,1017
1,556
7,1841
1,285
3,1118
1,455
10,3322
7,2731
10,2197
1,462
6,2262
1,399
7,2452
1,629
10,3488
5,1648
1,441
1,375
1,238
5,2212
4,1442
5,1869
8,2561
10,3452
8,23028
2,704
6,3025
6,2318
2,866
2,690
5,18103
1,480
1,288
1,249
7,23182
5,2717
2,774
6,2635
3,1462
1,548
4,1881
7,2564
8,2659
1,592
4,1248
5,1640
1,335
1,260
2,965
5,1667
1,498
5,1902
3,1147
10,3339
1,418
10,3308
3,1125
7,2393
1,592
10,3460
1,330
1,268
1,255
6,1509
1,554
1,539
4,1462
6,1921
4,1648
1,601
7,2930
1,779
5,1257
1,592
6,1952
10,12653
10,3085
1,259
4,998
3,4252
2,946
8,3041
10,2275
1,706
1,423
2,1007
4,1476
1,391
1,486
1,628
5,1795
4,1015
1,312
10,3347
5,3052
4,1628
3,41836
7,3910
1,437
10,3381
5,1696
2,884
8,2588
1,629
10,2591
9,29851
10,2670
1,274
4,1032
2,628
7,2619
10,41543
6,1625
10,3720
5,1949
4,1574
6,1950
1,525
1,455
1,344
5,1754
3,1111
1,412
6,1543
10,3412
4,1564
8,29758
4,1151
10,4132
3,1016
8,2969
2,839
4,1587
1,395
1,260
2,756
3,883
1,425
10,2304
5,1724
5,1550
1,15450
10,2389
1,839
8,18830
1,434
7,2461
1,428
5,1585
1,269
6,1916
10,3005
1,294
10,2485
9,7322
8,2322
6,18543
9,3220
6,6512
10,3777
1,737
5,1722
1,520
5,1737
1,492
4,1269
6,1587
6,1522
10,2787
5,1869
6,2266
10,3122
3,1346
1,382
10,3579
1,580
8,2820
1,458
10,7813
1,256
4,1278
7,1534
10,2416
4,1095
8,5637
3,1269
3,1188
10,2451
1,326
6,2133
1,497
4,1265
1,378
4,11371
1,229
8,9889
7,1726
4,1078
3,1110
3,1261
6,1570
2,673
4,883
1,387
2,755
2,566
8,2780
1,391
10,3399
1,278
1,342
10,2952
10,2284
10,2198
1,607
10,3368
1,525
6,2005
1,294
7,2678
1,595
2,1144
2,1502
6,10162
1,267
10,3217
10,3388
10,2795
10,3370
1,609
8,2308
4,1496
10,3421
1,246
5,1545
8,3461
1,660
1,354
10,5266
1,417
5,1714
1,271
10,2589
10,3343
1,544
6,2217
6,2859
10,3326
1,339
4,1401
1,544
9,3116
1,522
5,5848
10,3866
2,671
10,3510
10,3350
10,3302
1,723
4,939
2,720
1,553
1,422
2,835
1,453
5,1765
1,559
2,1497
3,1176
10,4472
10,3831
10,3885
3,1132
1,365
10,2658
7,2644
3,974
4,1016
4,1362
1,512
1,477
5,1673
5,1345
10,2418
5,1678
10,2296
3,1031
6,1693
1,345
2,674
2,821
1,367
3,1110
1,346
1,465
3,950
5,1599
6,2250
10,3271
1,3099
10,3459
10,3293
7,1544
1,346
10,2685
7,2171
1,309
10,2985
2,772
1,421
10,3040
3,1099
4,1579
3,781
3,1277
9,3006
4,1421
7,2117
1,445
4,1487
5,2054
1,373
10,2984
7,2268
10,3290
1,466
10,3281
8,6533
10,2302
6,3039
10,3360
10,3975
10,2860
1,458
10,3482
4,1502
1,274
3,1185
5,1783
8,2824
1,395
10,3178
4,1049
7,1604
8,2428
1,480
9,2684
1,740
1,368
6,1861
8,3963
1,300
10,2858
8,2764
5,2084
10,3095
10,3215
1,479
7,1902
5,1686
1,735
10,2236
1,357
2,754
10,3295
1,545
1,275
6,1526
9,2425
5,1648
1,379
6,1816
7,2332
10,2328
10,11605
1,427
3,716
1,283
5,1516
10,3130
1,367
1,261
7,2001
6,2431
3,1220
10,3197
5,1567
5,1233
10,3372
1,475
1,440
7,1803
1,258
2,21207
1,342
2,830
1,248
7,3023
8,3023
6,4689
1,374
5,2916
6,2088
9,2839
1,428
1,319
6,1675
1,310
2,671
1,273
1,450
1,252
10,3325
3,1027
10,3743
1,399
7,4522
9,3161
6,1446
2,1988
1,282
1,498
1,262
10,19975
1,271
8,13731
1,286
9,2813
1,461
2,890
6,10458
4,1327
9,3232
10,3047
3,1040
1,294
7,2681
1,495
4,1370
1,402
1,7584
4,1230
6,1461
10,3589
5,1832
1,372
2,739
3,1158
10,3314
1,418
10,2160
1,606
1,532
4,23985
1,294
1,669
7,2397
10,1989
1,294
5,1855
5,1594
1,502
10,2614
1,453
1,588
1,260
1,580
1,284
6,1878
1,244
1,452
10,2580
10,2450
5,1416
7,6424
1,307
4,1409
5,1655
10,4069
1,663
1,376
1,738
1,339
3,1052
1,277
1,388
10,2419
10,3240
1,439
4,1542
9,22554
7,2516
1,773
4,1621
1,400
1,359
1,517
10,2357
1,374
1,250
1,475
10,2307
1,568
1,371
2,983
1,458
4,1209
1,456
1,442
4,1430
3,1185
1,531
6,1681
6,2437
1,417
1,675
3,836
10,3042
1,277
4,1742
4,1424
10,3789
1,425
10,3016
1,405
10,3423
1,698
10,2889
8,2883
1,270
1,416
6,1325
1,536
1,245
1,3245
1,669
5,1494
1,387
1,372
1,432
3,1130
3,1268
4,1838
5,3140
10,2262
8,2892
7,2291
4,2327
1,308
2,770
1,558
8,2044
1,268
1,344
1,444
3,1349
1,480
10,3238
1,459
4,1069
3,2885
10,3024
1,360
1,408
7,2458
7,2570
9,3188
1,312
1,373
1,446
10,2802
1,441
10,3181
9,19630
10,2500
5,6964
10,3232
10,3123
1,261
5,1190
4,1464
6,1727
1,279
1,348
2,786
7,1538
1,364
10,2542
2,647
10,3473
10,22608
6,2052
1,388
1,268
8,2337
2,962
3,1056
1,533
1,372
6,7179
7,1652
1,441
4,1398
10,17569
10,2125
10,22211
10,2202
1,360
10,3254
6,2086
4,1575
6,1517
1,394
1,378
7,2278
7,2292
1,606
3,1411
3,10989
3,871
10,8810
10,3332
1,385
6,1917
9,3067
1,872
5,1510
1,243
1,348
7,2466
1,616
10,5890
10,2704
1,6731
6,2197
6,18254
10,2339
1,287
4,1007
8,1854
6,1974
1,473
1,339
1,1743
5,1881
10,3308
7,2458
10,3824
6,21828
7,1794
7,11424
4,1665
1,359
10,2685
3,1323
5,1660
1,562
9,1931
1,370
4,1402
2,916
4,1345
8,2088
1,633
10,2149
2,2362
10,2802
1,298
4,896
5,1758
8,2657
1,418
6,1184
3,1014
8,2795
2,830
4,1642
10,2739
4,1654
10,2259
5,2752
10,3645
1,487
10,2382
10,2214
6,1680
1,517
4,967
10,2900
2,775
5,1773
9,3173
3,850
2,921
6,1301
4,1276
4,1529
1,245
6,1577
1,491
9,3150
1,407
10,2922
10,3092
9,2258
4,1132
10,3645
6,1413
4,2061
10,2568
2,826
1,348
4,1133
10,2488
1,440
10,2715
1,367
10,3744
8,1654
3,1119
9,3899
6,2444
7,1448
9,3146
10,2429
1,584
1,345
4,1628
10,2560
1,502
5,1719
1,412
1,304
3,1294
1,476
10,3574
6,2562
2,819
2,812
4,1424
4,9870
1,371
10,3404
4,1293
1,385
7,2357
1,369
4,919
10,2283
5,1560
8,2998
10,3945
7,2569
5,2297
10,6383
7,2316
1,358
8,2555
3,1617
9,3599
6,1434
1,471
10,3219
7,1457
9,3270
5,1891
1,613
1,508
7,3648
10,3007
4,1114
1,355
3,699
10,3421
1,397
4,1353
1,544
6,1429
2,658
3,1006
8,5581
3,1424
1,301
8,2697
10,2594
5,1932
1,354
10,2748
6,1412
1,384
10,2274
8,1750
10,3236
7,11413
6,1901
6,2130
4,1297
10,3541
1,521
1,442
8,2533
1,562
6,1518
10,2448
1,358
9,2449
6,1403
4,910
4,1817
10,5600
10,3115
2,702
1,907
1,435
1,352
6,2424
1,358
6,1520
3,859
1,250
10,2922
4,896
6,1751
1,560
7,2360
1,257
10,3239
1,557
2,713
1,373
9,3164
1,335
2,546
10,2550
1,369
3,788
10,2227
2,1619
4,1497
10,3126
2,451
7,2960
1,9682
8,2818
1,400
3,1101
1,367
7,2338
6,2238
1,284
1,479
2,771
10,3143
10,3259
5,1731
1,671
10,2717
1,476
1,487
1,509
6,1774
3,1021
1,446
7,1763
8,1780
4,1262
4,1318
3,984
3,982
1,470
1,475
9,3686
1,457
1,471
1,414
5,1780
6,2026
10,3962
4,1097
1,383
1,586
10,2398
10,2305
3,4360
7,2293
1,598
7,2835
1,479
1,505
1,353
10,2363
10,2552
2,810
1,339
10,3667
1,272
6,1267
3,1158
6,2027
4,1426
1,580
6,1542
1,309
1,593
1,387
1,402
10,2605
4,1410
1,221
10,3397
1,287
10,3197
10,2773
9,2893
1,507
1,750
8,2305
1,250
1,421
1,254
1,246
9,2923
3,1118
1,245
2,558
1,321
10,6277
8,1950
10,3363
1,355
1,556
3,1320
1,690
1,450
1,269
1,282
3,1266
10,3432
1,239
10,2972
10,2312
3,769
7,1756
6,2168
2,672
1,603
1,403
3,1203
1,399
10,3552
1,277
7,1650
1,392
1,231
10,2442
1,304
4,934
7,2400
1,528
1,361
1,900
1,390
5,1789
1,465
3,1240
1,241
1,505
9,2954
1,594
10,3345
1,616
3,1141
1,424
1,530
1,464
1,496
1,254
1,514
9,3527
10,2884
1,243
7,2638
6,2040
7,1677
4,1134
6,1862
10,2212
1,249
7,2731
1,412
8,2488
1,261
9,3048
5,1585
10,2938
1,225
1,501
10,3944
1,250
3,1007
1,419
10,3020
1,220
1,375
1,405
1,589
1,294
5,1784
5,1941
10,3392
1,359
5,1720
8,15731
1,253
10,3466
1,574
10,2588
1,224
10,3502
1,332
4,1224
1,259
7,2294
3,1106
3,1093
1,249
10,3791
7,2431
1,354
6,1807
1,342
7,1730
1,263
7,2378
1,454
2,454
1,294
10,8183
10,2941
7,1520
1,283
3,1174
9,2377
1,389
10,3354
10,3368
10,2682
1,226
1,360
4,1405
10,2516
1,277
10,3385
10,3640
7,2373
7,1677
4,1460
1,538
10,2492
10,2350
1,412
6,2391
1,248
1,380
1,474
10,2603
1,390
9,2989
10,3291
1,468
6,1847
4,1280
1,531
10,2170
3,934
10,2598
7,2217
1,342
1,403
1,395
9,1935
1,537
2,928
5,1814
10,3739
4,877
9,3014
1,421
6,2116
6,1393
4,1217
1,435
1,344
1,380
7,2435
6,1901
5,1521
1,499
1,442
3,1270
10,2705
5,1570
1,394
10,3116
7,1656
3,1385
1,358
1,231
1,405
1,270
8,2266
3,868
3,1004
5,1755
5,1956
9,2171
7,2973
1,375
10,3433
4,1054
10,3355
1,374
10,2339
1,392
4,1247
3,1192
10,2491
4,928
7,2336
1,367
10,3274
10,3867
1,443
4,1650
7,2327
3,751
1,343
10,2034
1,470
5,1362
10,2324
5,1906
10,2470
5,1852
6,2255
3,771
6,2161
1,405
10,2854
1,1027
10,2496
1,352
6,1954
1,431
8,2316
2,790
2,960
8,2325
2,792
9,3181
4,1565
10,9274
1,433
10,3555
1,418
6,1432
1,303
10,2296
1,505
6,2002
10,3298
10,2832
3,1044
5,1800
10,7719
6,3140
6,2180
1,490
3,788
1,434
7,1635
1,298
10,3454
3,885
3,1102
3,868
3,1052
10,3318
1,403
5,1901
10,3433
1,502
1,455
3,1039
1,292
7,1742
1,256
10,3376
8,1899
9,2962
7,1471
10,2872
9,2077
7,1940
4,1464
1,416
1,392
3,999
10,2818
1,290
10,2206
1,262
4,1263
4,1036
6,1829
3,1041
7,1631
7,1685
2,725
1,360
4,1482
1,389
3,1097
5,1396
1,245
9,1883
1,274
10,3002
2,653
5,1317
7,1609
8,4009
6,1725
5,1229
10,3322
10,3511
1,428
4,1052
10,3585
10,2248
6,1493
10,2810
3,994
10,2967
8,2455
10,2252
7,2588
7,1989
8,2560
9,4459
10,3341
1,484
2,646
10,2202
1,479
10,2071
9,2018
7,1804
9,3362
10,3022
8,2612
3,991
1,456
9,3301
7,25473
3,628
4,1558
10,2882
3,934
1,288
10,3050
6,1661
1,585
7,1734
5,1084
7,2287
2,1083
1,391
3,1180
1,501
10,3388
1,729
10,3401
7,1679
1,278
10,3291
10,2187
3,808
1,311
4,1501
3,816
10,2652
10,2590
8,1935
1,538
10,2081
1,415
7,1565
7,1457
1,271
1,554
1,623
10,3599
6,1341
9,2874
7,3027
10,3117
1,364
5,1207
1,478
3,680
1,467
7,1637
5,1243
10,2170
1,318
4,1331
10,3872
8,2126
10,2070
1,583
7,6854
1,239
10,2194
1,463
6,1669
1,472
6,1389
1,429
10,2483
1,284
10,5165
3,869
3,1077
2,549
1,406
8,3842
1,229
1,348
1,460
7,1580
1,439
8,1865
1,275
10,3278
1,558
10,2524
10,4909
10,2325
5,1212
10,2584
10,5174
1,323
1,283
1,564
7,1587
2,765
3,932
1,249
10,3235
1,518
10,3191
9,2277
10,3123
10,3383
1,349
7,30817
1,343
1,267
10,4044
1,574
1,302
3,866
1,294
10,3701
10,2903
3,978
7,1495
10,3785
6,1803
1,343
10,22310
1,425
1,248
1,5110
1,454
6,1740
10,2765
1,306
10,2341
1,368
3,712
7,2585
5,2032
10,6503
1,344
1,715
1,306
1,259
1,587
1,464
2,846
10,3828
1,338
4,1207
4,1321
3,914
1,467
7,1874
1,331
1,351
1,845
1,285
1,261
1,449
1,422
8,2096
7,2163
1,262
4,1709
1,575
10,2745
1,480
3,946
1,410
1,401
3,3272
3,1164
1,220
1,414
1,378
10,2746
7,1455
1,354
10,3614
1,463
10,2602
1,343
7,2518
1,276
1,375
1,624
5,1810
1,318
1,495
1,283
8,2936
7,1473
7,2382
5,1715
1,440
10,3297
1,352
10,2741
1,253
1,284
1,757
10,2752
1,235
8,2673
1,493
9,2214
6,1738
1,372
10,3396
10,3101
7,1908
1,326
5,1264
1,290
1,250
1,722
3,1262
1,231
8,2059
1,488
2,545
7,2295
1,476
10,3117
1,348
10,2694
1,336
3,860
1,259
2,582
1,536
6,1776
6,1461
2,692
1,404
8,1874
3,749
4,1459
3,816
1,358
7,1936
1,374
1,343
1,229
2,719
1,635
7,1802
8,2779
10,3311
1,294
3,928
10,3443
1,539
6,1300
9,2326
7,2378
1,438
1,339
1,225
10,2159
3,1400
5,1876
4,1033
9,2163
10,3618
10,2218
3,656
3,2950
6,1496
1,507
1,564
1,344
1,434
1,236
7,2647
1,620
10,3418
10,2295
1,511
9,3608
5,1745
4,1592
5,1594
5,1355
3,1205
1,465
1,365
7,1993
1,299
8,17993
1,785
7,1706
10,2191
2,630
6,1403
10,3063
1,420
1,432
7,2201
3,1376
1,429
1,304
1,379
4,1007
8,2758
1,686
4,1373
2,558
8,1897
10,2157
2,456
1,285
6,2501
1,464
10,3516
1,439
5,2433
1,329
1,237
10,26940
7,17921
6,1753
4,857
3,925
10,1974
3,847
1,641
9,2975
1,540
3,1000
1,601
10,3873
1,385
10,2429
3,1302
1,15327
3,868
10,2475
10,2318
10,2449
10,2823
1,312
5,1666
1,514
10,3117
1,507
3,4783
1,332
3,889
1,562
2,793
2,675
6,1848
2,808
1,724
7,1862
1,385
10,5676
1,481
7,1765
1,1047
4,1302
1,410
10,3049
7,2402
7,2200
8,1839
10,2392
5,3242
4,1098
10,2491
1,311
7,2464
1,394
7,1580
1,489
9,10259
1,494
10,2227
2,788
5,1360
10,2135
10,3045
10,3682
10,2840
5,1830
1,296
9,6692
1,459
7,2508
1,430
5,1695
1,412
10,2894
2,828
1,435
10,3581
4,1692
6,1783
3,940
8,1821
1,309
10,2895
6,1957
1,506
1,369
7,1670
4,1296
6,1325
3,1056
3,1393
4,1275
3,807
3,1091
10,3395
7,1463
1,604
2,926
1,487
4,1453
4,1378
10,4503
2,614
7,1723
7,3675
10,5338
8,2681
10,2641
10,2570
3,659
1,432
1,369
1,501
1,519
10,3288
10,5673
6,1941
8,1835
10,2315
1,492
9,3242
7,2102
6,2020
7,1811
10,2938
1,278
3,974
2,806
1,376
3,1164
3,2304
10,10492
6,1358
10,1994
9,2575
8,7115
8,2893
10,3152
5,1525
10,2256
1,264
10,2475
4,1042
1,402
4,1406
4,1279
1,474
10,2033
7,1474
3,1071
5,2173
2,902
6,1338
8,1954
10,4555
1,322
8,2015
3,736
1,523
4,1401
1,391
10,3414
7,2743
6,1336
10,2574
9,2524
2,1019
3,1187
7,2546
3,1165
1,269
10,2198
10,2388
4,1910
9,2930
6,2604
1,338
8,2759
10,2410
8,5015
4,1468
7,2228
7,2065
1,472
7,2206
1,315
7,7199
8,2988
10,10473
1,474
7,2805
4,1015
10,3633
10,2871
8,2804
1,682
1,234
4,1193
4,2498
7,2261
1,258
10,3789
10,3128
1,471
1,472
10,11001
8,2898
2,882
3,1143
7,2464
10,3637
1,587
7,1946
1,378
7,6495
1,261
7,6620
9,2267
6,1825
10,3351
6,1928
2,524
3,1418
10,3529
3,1007
10,3520
1,593
1,497
1,480
1,488
1,403
2,1153
8,2076
9,3195
6,2124
10,3138
10,3348
1,627
4,962
1,541
10,15271
1,471
1,371
1,655
1,377
10,2338
3,2142
1,505
10,3689
1,452
9,6385
10,2247
7,2560
10,2916
1,407
9,3016
1,650
1,330
1,472
1,392
1,566
1,477
1,364
4,1367
1,419
2,730
9,2035
10,5508
1,511
9,2590
4,1244
1,777
1,260
1,425
1,388
3,788
1,752
6,1498
10,6989
6,2311
3,853
6,1425
1,447
1,348
1,396
6,1548
1,600
1,395
1,354
1,512
7,1793
7,2347
1,258
9,7442
1,344
1,383
1,281
3,994
1,717
1,290
10,6584
1,611
1,385
1,369
1,549
2,497
3,1243
1,233
1,542
10,3611
4,1035
8,2675
3,1654
1,307
1,263
6,2270
1,336
1,340
1,414
1,494
10,3406
1,439
1,381
3,1603
6,5694
8,2699
1,361
7,2501
1,294
1,342
1,4079
1,446
1,422
1,332
1,440
7,2388
3,1355
1,293
2,627
7,6382
8,2519
1,300
1,464
3,1118
1,279
1,370
1,569
1,430
4,1067
1,525
7,2551
7,2743
1,283
4,1071
1,2254
10,3394
1,308
9,3116
3,1560
10,2314
1,396
3,1115
1,361
10,2593
1,354
3,1069
9,2866
1,516
2,632
1,382
10,5759
1,240
3,938
1,370
1,262
1,386
3,1204
10,3456
4,1131
1,508
8,2813
3,999
1,340
10,2792
1,464
7,2277
1,364
9,2616
8,2383
1,269
1,606
1,506
10,3282
2,909
10,3592
3,1209
3,1165
7,1965
10,3332
1,604
9,2475
1,370
7,3125
10,4012
1,255
1,475
7,2359
6,1452
6,1548
4,1435
7,2567
9,2515
1,272
9,2087
1,525
6,1393
1,356
7,1732
10,6073
4,1445
1,415
1,528
10,2490
7,9800
2,626
1,489
7,2550
10,2300
7,2388
7,2191
2,526
1,712
1,308
1,422
10,3493
1,491
6,1411
10,2560
10,22154
3,1044
3,1428
9,2372
3,816
8,2222
1,396
1,382
1,417
1,412
1,370
4,7744
1,995
9,2834
10,3649
6,8806
4,1434
7,2303
7,1538
5,2292
6,1665
3,1169
1,342
1,355
1,282
1,382
10,6034
1,585
7,2269
4,1428
8,2514
9,3150
2,638
3,1032
10,3674
8,1867
4,1397
1,261
3,1201
3,1429
1,286
6,2124
9,2960
9,2874
10,2527
3,1251
6,2501
1,514
7,2768
3,825
1,387
2,759
1,518
9,2289
1,386
10,3212
10,5012
10,3230
3,901
10,2440
7,1767
7,2680
6,1553
1,460
6,1909
1,248
10,3305
1,348
10,3449
1,432
7,1835
6,1680
3,724
9,2762
3,1541
1,447
8,18569
3,822
1,262
7,2098
1,255
10,6961
1,244
2,1976
1,456
7,1586
3,1270
4,985
4,1808
3,1124
3,1163
6,2132
9,2165
1,350
10,2582
1,478
9,2039
1,240
5,1848
1,431
2,482
10,2314
1,806
7,2591
10,3051
2,841
10,11382
10,2566
1,274
5,1991
1,251
6,1420
1,295
3,1129
1,402
1,528
4,1013
10,3371
4,1512
5,1551
6,1307
3,1161
7,2246
1,433
7,1804
1,364
8,2745
1,315
10,3471
1,292
9,3266
1,281
9,2939
10,3577
10,3060
6,1552
1,518
8,2968
1,250
4,1182
1,420
3,957
1,280
7,2234
9,2647
3,979
4,842
7,1992
10,3327
7,1503
1,328
4,1320
3,807
1,238
6,1530
1,503
10,2581
10,3050
1,314
1,281
2,802
10,3371
10,3504
3,1045
3,759
6,1255
7,1772
9,3222
1,237
3,963
1,254
10,3140
5,1374
8,2785
3,1360
10,4882
9,2455
6,1558
4,1430
7,1922
3,911
10,2005
4,1416
1,247
2,591
1,252
5,1333
10,3645
5,1566
10,3415
3,1390
7,2224
1,493
10,3308
5,1178
9,2486
3,1110
1,483
1,328
5,1143
10,2348
10,2796
2,575
7,2422
7,2292
4,1360
10,2869
9,3114
10,3592
7,2481
7,2270
10,3278
1,252
4,1392
10,2108
3,1191
3,1062
10,2393
3,1059
10,16934
7,1685
6,2254
5,1153
6,1997
1,695
8,2629
7,2268
1,353
10,3308
10,3478
10,2394
7,2002
6,1479
4,1036
10,7233
8,2732
9,2473
6,1337
6,2264
1,767
4,1033
9,1931
1,309
10,3449
8,2727
6,1749
10,2703
3,1000
7,1637
4,11301
7,2448
9,2271
4,1020
10,4020
1,568
1,432
6,1519
1,501
10,3931
7,1812
3,858
1,383
5,1637
1,432
10,10836
10,3664
6,2010
1,509
1,406
1,539
4,1349
3,739
1,307
4,1345
4,1057
10,2527
1,353
8,2791
2,1125
6,2225
6,1825
1,338
7,1518
1,510
1,404
1,397
7,1563
1,266
10,4493
5,1722
7,2081
1,361
7,2152
10,2735
3,1109
1,556
1,360
10,2932
1,512
1,431
9,2842
1,409
1,245
6,10966
8,2506
10,2592
10,2791
4,1428
6,1527
10,2402
1,465
1,360
10,3212
1,473
1,431
1,422
1,293
1,261
6,2131
1,494
7,2289
1,329
7,1816
7,1587
10,2256
1,467
1,383
5,1490
1,411
1,514
4,1300
1,384
1,255
10,2191
1,582
4,1133
5,1440
3,726
10,5292
1,508
1,440
1,274
4,939
1,506
1,349
1,442
1,426
10,2924
3,1028
1,702
3,785
1,320
10,2851
9,2803
5,1198
1,594
1,287
6,1305
1,427
1,438
1,347
1,303
4,1669
10,3061
1,707
2,696
1,265
2,803
8,2578
9,2157
1,538
1,364
1,562
1,417
1,647
1,248
1,245
1,477
4,950
1,675
10,2549
1,348
10,2806
3,1135
10,3312
1,447
1,401
1,280
1,412
5,1478
1,314
1,260
10,3670
1,223
2,769
5,996
1,379
10,2349
1,525
10,3307
1,299
1,288
3,879
1,409
10,7376
1,544
1,281
4,1432
10,3157
1,353
10,2470
1,358
3,3310
1,455
7,1751
1,281
1,362
1,429
3,970
3,1339
1,371
1,261
10,2915
9,2538
1,564
10,3343
7,1951
7,3244
1,423
9,2208
1,316
1,298
1,323
1,512
1,788
1,321
1,354
9,2954
6,1226
1,515
7,1657
1,265
10,3194
1,347
5,1484
1,303
1,419
1,285
10,3171
4,1472
3,1341
3,791
6,3685
7,1759
1,527
7,6379
10,2323
8,2399
1,442
1,261
1,357
5,1326
1,319
9,2975
9,3497
10,3563
10,2934
6,1826
6,2126
1,448
8,2716
2,643
1,2565
1,379
1,274
3,812
4,981
1,491
10,2198
10,3513
5,1766
5,1506
10,2982
9,2259
5,1891
5,1687
2,586
1,577
1,441
1,359
8,2066
10,3251
1,256
10,3377
5,1940
1,307
10,2921
3,1026
1,511
1,679
3,1143
10,3058
1,563
1,391
1,385
4,1239
7,2253
1,258
7,2264
7,2410
7,2275
7,2268
4,1002
4,1227
1,621
1,554
7,2369
1,579
1,362
1,341
10,2526
5,1514
1,262
9,3332
6,2306
10,3607
3,1065
10,3178
1,555
3,1376
1,475
8,2497
1,504
1,404
1,267
10,3816
10,2384
10,2246
1,400
9,16163
5,1584
7,2237
9,2791
1,325
7,2490
1,550
10,3271
1,542
1,1128
1,378
10,3275
6,1487
10,2550
9,2201
1,1750
4,1263
10,2080
10,2277
1,335
5,1641
1,566
8,2723
1,477
7,2608
1,384
9,2375
3,808
9,2026
5,1298
9,2338
9,2881
5,1150
10,3237
1,308
1,472
1,511
3,984
1,416
2,968
1,266
7,1756
9,2367
6,2238
3,842
3,1540
6,2118
3,752
7,1533
1,282
6,1659
9,3019
1,654
1,319
3,1095
1,287
1,255
10,3276
10,2354
1,542
2,702
10,2755
7,1900
10,2569
1,261
9,3020
1,305
7,2712
1,353
6,1796
1,412
6,1709
6,2083
10,3401
10,2772
4,1161
3,644
3,949
6,1671
1,240
9,2427
1,350
1,617
7,2333
5,1904
10,2215
3,920
3,961
1,359
10,3730
2,1045
4,1095
2,616
1,277
1,250
7,2102
1,432
3,1176
3,1061
1,542
4,1109
7,1666
9,1882
10,2290
10,3737
10,3520
9,2186
10,2239
1,466
1,256
3,800
1,539
7,2400
2,837
9,2954
10,2045
10,2194
10,2897
4,1278
7,7267
10,3747
10,2843
10,2358
1,298
1,258
9,2271
1,458
5,1283
5,1411
3,887
10,3207
10,2070
10,2915
10,2563
5,1808
7,1614
10,3288
10,2841
1,268
9,3168
4,1360
1,592
1,449
7,2354
8,2451
7,2022
5,1680
1,542
1,457
7,1555
8,1800
10,3095
10,3121
1,258
5,1323
7,2619
7,2296
9,2929
3,829
7,2415
10,3204
7,2358
4,1666
6,1368
3,1072
6,2015
10,2292
8,2677
1,551
4,1076
4,1513
1,466
3,976
1,518
4,1329
6,1413
3,856
10,2611
8,1749
1,462
8,1974
7,1416
7,2050
1,308
10,2108
10,3238
1,537
1,307
3,1243
4,1104
3,1046
10,2686
7,1772
5,1054
1,366
1,385
6,2092
8,2614
1,263
1,378
10,22438
3,863
1,412
7,2585
5,1861
9,2228
10,2432
1,409
10,2448
10,2298
1,304
1,493
2,805
1,239
10,2529
3,924
6,1506
10,3204
8,3153
9,2362
10,3107
3,924
10,2208
10,3423
1,262
1,379
1,436
1,490
1,254
7,2406
4,9208
1,286
1,359
5,1341
3,1366
10,3134
5,1465
1,322
9,2466
1,238
1,423
1,285
1,468
1,256
5,1083
10,14164
3,819
1,424
3,1067
6,2192
4,1251
7,2400
1,283
4,1268
1,288
1,326
1,310
1,525
9,3000
6,1532
10,3205
9,2957
9,3110
7,2385
7,2165
10,2109
4,1199
1,299
2,580
1,276
1,275
1,235
1,514
10,2328
3,1152
6,2006
9,3419
1,265
9,2945
10,5552
10,3025
1,280
1,565
5,1153
1,253
1,216
1,276
1,576
5,1052
10,2418
1,583
7,2474
7,2294
4,1373
10,3606
10,3306
1,258
1,305
1,405
1,319
1,221
1,576
1,634
6,1423
9,3002
1,454
4,1399
1,391
1,376
10,3055
10,2316
1,253
1,308
1,256
1,283
1,233
1,271
1,496
1,500
10,2545
1,350
9,2206
1,382
4,2373
4,2697
1,302
1,245
1,309
1,282
1,391
1,259
1,334
1,644
10,2688
9,3048
1,313
4,1532
3,835
10,5551
10,24416
6,1544
1,291
1,347
1,236
9,2328
3,754
1,277
1,458
7,2317
4,904
1,379
10,8049
1,390
6,2159
6,2099
1,512
1,272
1,293
1,262
4,1060
10,3147
1,362
1,427
5,1712
10,2817
1,434
10,3142
5,1683
6,2432
1,434
1,273
1,269
1,368
1,228
10,3499
10,3271
4,1038
1,502
4,1193
10,2591
1,499
10,4012
1,418
10,3635
1,419
1,297
1,378
1,291
1,350
10,3976
5,1178
10,2279
7,2384
3,989
10,2210
6,1735
10,9671
1,374
10,7066
1,393
1,377
1,297
6,1390
1,344
10,2367
10,2718
6,1478
3,1382
10,3239
1,490
1,351
4,1915
1,1406
10,3232
1,418
1,387
1,295
5,1386
1,232
10,2103
6,1972
6,1367
3,1096
9,2883
1,373
1,367
6,2406
9,7788
9,15871
1,398
1,287
3,772
10,2145
1,251
1,293
7,1866
6,1293
6,1679
6,1367
6,1384
1,389
10,20072
4,1696
1,526
1,372
1,378
2,540
10,3243
10,2322
6,1457
10,3571
10,3059
1,564
10,2112
1,492
10,2131
6,2164
9,3683
1,477
1,387
1,428
8,1657
4,1472
10,2449
10,2432
5,2045
4,1078
9,2934
10,3774
1,460
3,858
1,493
4,22210
1,561
1,250
1,400
6,1779
9,2495
10,2351
1,468
4,1474
7,2185
3,960
10,2956
1,251
1,373
1,388
10,20831
1,435
1,359
1,288
10,2079
5,1312
6,1549
6,1423
2,789
4,835
10,2181
10,2791
1,424
10,2565
1,692
10,16245
1,378
1,444
10,2813
10,2725
10,2247
10,3366
5,1082
3,1188
3,1014
7,1883
1,455
1,303
9,2979
1,545
10,28508
1,373
3,1196
5,1253
7,2413
10,2310
10,2931
10,2219
8,2294
10,3507
7,1747
10,2499
1,373
8,2275
1,561
6,18652
1,477
10,2313
10,2061
8,2732
6,1559
10,2443
10,3347
10,2279
9,1861
4,1305
4,945
1,268
10,3074
1,452
6,1755
1,514
4,978
10,2974
2,837
3,716
4,1007
9,3180
5,1141
6,1430
9,2315
1,378
1,284
7,2427
1,348
3,907
1,529
10,3344
10,3466
1,579
10,2758
10,2400
4,1174
10,3070
10,2267
4,3191
1,367
1,356
9,3133
1,366
10,2522
1,405
9,2579
10,2655
7,2459
10,2530
2,694
10,3609
10,4367
10,3084
1,459
1,267
1,291
1,516
1,384
1,360
10,2770
10,2400
5,1184
9,5767
10,2191
10,2220
5,1119
7,2628
10,2287
10,3351
1,246
10,2405
2,691
1,435
10,3516
4,1045
10,3955
10,2196
1,408
4,947
10,2117
1,530
7,3132
10,2273
10,3148
1,264
1,407
9,2161
10,3827
9,3290
9,2077
7,1559
10,3347
6,2402
10,2140
8,1782
1,245
5,1799
10,2244
4,1384
1,226
6,1456
5,1959
3,1132
10,3451
10,2645
6,1834
4,1136
3,1069
7,1590
10,2724
1,336
3,1253
1,319
10,3537
1,625
5,1462
4,881
10,3194
10,2275
10,3136
1,512
10,2954
3,1084
10,2399
10,2659
1,252
1,10574
4,1366
6,2434
1,475
10,2055
10,2114
2,697
7,1714
6,1586
5,1699
10,2475
1,486
1,537
8,2772
1,347
1,500
1,480
10,3302
1,371
9,3059
1,284
6,2065
1,273
9,2669
10,3529
10,2062
3,843
1,296
2,625
1,274
1,612
1,365
9,2862
1,368
10,2910
7,1745
10,3531
1,482
6,1609
5,1275
10,2384
10,2778
1,251
1,585
10,2932
1,471
1,328
6,2111
1,372
4,984
10,2960
10,2834
1,241
1,294
4,1077
10,3282
9,3388
1,240
1,255
1,245
1,507
1,296
1,602
10,2391
5,1206
10,3114
7,2416
1,260
4,1502
10,2210
6,1317
7,2357
1,231
1,224
1,251
1,471
1,276
1,441
9,2136
10,2103
5,1506
8,2426
1,238
1,400
10,2267
1,466
7,2382
1,376
1,233
1,342
1,517
1,410
1,440
6,1335
10,2145
6,1250
4,1044
1,360
9,2030
7,2794
1,356
4,1052
1,259
1,249
1,250
1,518
1,276
1,454
8,1762
10,3328
1,274
9,3071
10,3067
7,1702
10,3430
1,242
9,2792
1,271
1,269
10,3475
1,646
1,468
1,461
10,3481
10,2226
1,227
5,1358
1,326
5,1324
6,1583
1,265
1,660
1,267
1,311
4,1143
1,437
1,302
1,388
10,3505
4,872
1,228
4,1045
9,2826
6,1431
3,928
1,238
1,351
1,221
1,252
10,2847
7,2153
1,262
1,413
4,1308
10,2265
1,219
10,2815
1,321
4,1001
1,495
1,232
3,985
2,707
1,263
10,3065
1,336
5,1666
1,305
2,561
10,2285
1,251
1,293
1,346
1,397
1,264
1,234
1,399
10,2259
1,280
10,2418
1,377
10,2495
1,289
2,634
10,1963
1,242
10,2376
1,369
3,868
1,307
1,236
1,1968
8,1896
10,3197
10,3395
3,1133
7,1718
1,305
10,2427
6,1680
1,234
10,2895
1,399
5,1544
1,236
1,230
1,475
10,2310
10,2933
6,1736
7,3037
8,1649
3,874
10,2031
1,399
1,262
7,2538
6,1446
10,5592
1,223
1,235
1,462
10,3427
10,2224
10,2385
5,1766
5,1054
10,2534
6,2113
1,650
1,232
5,5512
5,1825
4,1544
1,223
10,2325
4,5311
8,1846
10,3167
2,854
6,1461
10,3195
4,966
10,2387
1,274
1,264
6,1581
4,1150
10,3518
1,277
2,652
1,970
2,704
10,3423
10,2284
9,1990
10,2993
9,2113
10,3153
1,259
3,962
3,1041
3,897
6,1619
1,370
8,1834
1,482
10,3522
10,3091
7,1619
3,748
3,987
10,3263
10,3023
1,242
10,2147
1,503
7,2123
1,459
1,236
10,2136
1,462
10,3133
10,2411
10,2297
9,2045
2,528
10,2351
8,1667
1,254
9,2651
1,367
10,3246
1,349
1,269
10,3018
1,464
6,1516
10,2248
8,2338
7,1752
2,691
7,1581
10,2238
1,286
4,1467
1,370
5,3304
1,275
9,2912
10,2258
10,3235
10,2790
5,1768
10,2573
3,895
10,2958
10,2229
4,1003
1,380
10,2166
1,285
10,2983
1,342
10,3301
8,2596
7,2206
10,3112
10,2982
10,3036
5,1704
10,3030
6,2027
2,725
1,402
10,2654
1,239
7,2398
1,477
6,1805
2,691
10,3453
10,3342
10,2201
3,710
4,1216
6,1736
1,587
1,344
1,264
10,2182
1,241
3,921
1,298
10,3874
10,3791
6,2050
10,2961
9,1816
1,636
10,3635
10,3311
9,2125
1,247
10,2246
10,1988
1,233
9,2851
1,335
10,2891
10,2357
10,3497
10,2301
10,2479
1,275
4,1667
10,2237
5,1259
1,288
2,649
1,453
1,231
10,2494
1,241
10,2338
10,3102
10,8505
4,1093
10,3312
1,284
10,3458
10,3080
6,1437
1,237
10,2410
6,1394
1,356
4,1455
1,248
10,2463
8,2648
3,1168
10,2425
5,1410
1,241
10,3075
10,2777
4,835
1,229
7,1940
10,3052
1,239
10,2784
1,438
1,338
10,2103
10,2986
1,392
1,375
1,279
6,2048
8,1840
1,440
1,233
10,3142
1,406
10,2339
10,2210
10,2313
4,1462
10,2969
7,2032
1,344
1,407
1,280
10,11114
4,1352
10,2823
1,262
8,2197
7,1512
9,3823
10,2896
6,1368
6,1425
10,3249
1,398
1,264
1,263
1,396
10,3628
1,472
7,1948
1,283
10,2719
5,1330
10,2421
10,2835
10,2509
10,3239
10,2934
4,919
1,514
1,328
10,2385
4,1400
1,281
5,1621
1,307
3,799
10,2060
4,1167
1,328
10,2863
4,900
2,851
10,2038
1,334
1,283
1,314
6,2105
1,339
10,2529
1,266
10,2177
10,2875
10,2334
1,249
10,3007
1,260
1,386
9,2912
1,484
1,241
1,242
1,523
1,324
4,875
10,2356
10,3235
10,5557
10,2045
1,250
10,3231
5,1383
1,265
10,3350
1,454
1,254
1,449
1,345
1,287
6,1316
8,1614
10,2136
9,3057
1,358
1,253
10,1965
10,2481
1,238
10,2379
1,424
1,241
10,2232
1,307
1,362
3,1063
10,2998
10,3148
3,752
10,3280
1,247
4,1108
10,2316
1,328
9,1975
1,285
1,258
8,1806
1,350
1,429
1,376
10,2341
8,1722
5,1135
6,1930
1,352
10,2577
10,2520
1,374
6,1613
1,301
1,236
10,3323
1,400
1,296
1,234
10,3465
10,2223
1,270
10,2219
1,249
10,3162
9,3081
1,262
1,345
5,1100
1,374
10,2922
1,258
1,246
1,270
10,2970
10,1953
1,307
1,388
1,260
1,539
5,1727
1,236
1,423
10,3217
10,2892
10,3342
1,519
1,240
1,317
2,548
10,1908
1,247
6,1635
1,332
7,1920
1,337
1,242
1,281
9,2292
10,2365
10,2983
1,274
7,1840
1,317
10,2658
2,621
1,264
5,1170
1,301
7,1530
1,357
1,268
1,304
10,2570
10,2274
2,931
1,365
10,2391
1,267
10,2298
1,407
1,239
10,1959
6,2143
5,1130
1,408
1,235
10,2256
10,3075
10,2348
10,2242
1,335
10,2325
1,296
10,2491
1,248
1,248
10,2754
10,2939
3,1115
1,343
10,2134
1,228
5,1184
10,2322
5,1676
3,1140
10,2017
1,280
10,3080
1,231
1,231
9,2931
1,293
9,2729
1,334
5,1523
1,224
1,496
10,2308
10,2196
10,2358
3,635
1,253
10,2257
1,234
1,404
4,1344
7,1748
10,3428
1,269
9,3239
1,242
2,906
10,2192
9,1971
1,332
10,2587
1,240
10,2297
1,305
1,244
10,3216
1,305
3,999
1,248
10,3193
1,299
10,2818
10,2495
10,2210
10,2689
10,2651
9,2965
8,1941
1,268
1,243
5,1197
6,1699
5,1160
1,228
10,3432
1,325
10,2338
6,2197
5,2116
9,3143
2,653
10,3156
10,3059
1,267
10,2091
1,471
3,622
1,379
1,242
10,3021
1,317
7,2543
10,2795
10,2641
10,3612
10,3244
9,1982
5,1267
1,236
10,2177
1,436
5,1095
1,270
1,251
5,1132
1,327
10,3013
10,2479
10,3414
10,2729
10,2545
10,3106
1,389
1,266
4,1082
1,385
10,3169
1,257
10,2990
1,373
5,1189
10,2915
7,1579
1,305
7,2619
10,2426
10,3222
1,260
1,296
10,2187
1,308
10,2553
1,243
10,2211
2,590
4,968
8,1684
10,2864
1,477
9,3081
10,3471
10,2274
1,246
10,2132
10,3015
1,279
4,1454
1,241
6,1604
10,2870
10,2281
10,2701
10,3050
1,239
1,587
10,3388
1,267
1,256
5,1102
10,2981
1,277
9,3022
1,345
10,3113
10,2556
10,3330
3,803
4,1152
1,286
5,1280
10,3149
1,312
1,328
10,3275
10,2103
1,241
5,1317
1,369
10,3433
10,3189
5,1705
10,2090
3,959
1,406
10,2664
10,2789
10,2192
1,238
9,3108
6,1431
1,261
10,3102
1,359
10,2197
10,2682
10,3035
1,510
1,408
1,363
5,1205
8,2585
10,2339
1,271
10,3193
10,2802
1,372
10,2377
1,378
10,2359
10,1986
6,1413
1,363
1,329
1,267
3,914
1,456
6,1586
1,239
5,1408
2,451
1,265
4,1289
1,354
4,1279
10,2093
9,2237
10,2508
1,268
1,284
5,1491
1,235
1,267
1,230
10,3269
10,2135
10,2395
10,2839
10,2447
10,3015
8,1944
10,2195
1,352
1,583
1,267
10,2045
1,252
8,1791
1,601
1,729
7,1721
2,699
10,2240
6,1748
10,2331
10,2563
1,366
1,667
1,409
1,469
5,1564
1,244
5,1288
10,2407
2,566
10,3301
10,2970
10,2173
10,3267
2,962
1,434
4,1021
1,428
1,367
1,267
10,3336
1,321
10,2656
5,1477
10,2066
10,2152
10,3154
10,2122
10,2361
8,2081
1,292
9,3084
1,363
1,357
10,2653
7,2660
1,316
10,2649
10,2383
10,3065
10,2896
3,784
1,367
10,2090
10,2472
1,232
10,2138
1,321
1,345
2,641
7,2438
1,423
4,1524
10,2343
10,2014
8,2422
10,2097
1,369
10,3186
10,2259
1,254
10,3180
1,439
1,337
10,3263
3,964
1,265
9,2194
10,2513
10,2429
3,773
10,2838
1,252
10,2201
10,3567
1,270
10,3073
1,508
1,341
10,2201
1,539
1,254
2,455
10,3133
10,2038
1,254
8,2183
1,232
4,1091
8,2367
1,262
10,2453
1,383
10,2931
8,2095
1,484
1,263
5,1090
2,714
8,1923
1,342
7,2224
1,454
10,3126
2,693
1,319
6,1652
10,3399
10,3405
10,2381
1,403
9,2411
1,644
4,951
10,2002
1,321
10,2268
1,343
10,2302
1,386
1,256
1,620
6,1838
10,2563
10,2293
1,262
10,2462
1,488
10,3103
10,2023
1,236
2,576
1,268
2,522
1,264
1,259
1,611
7,1638
1,299
10,3281
1,266
10,2696
1,622
10,2522
1,434
1,238
10,2109
1,255
10,2383
1,268
1,289
1,571
10,2773
10,2890
10,4038
1,241
10,2407
1,488
10,2414
1,614
1,235
7,1549
1,266
10,2047
1,237
10,2489
1,262
10,3666
10,2503
6,2367
1,226
1,255
1,457
8,1758
1,329
1,292
10,2066
10,2399
7,1583
1,237
6,2147
1,236
4,1470
10,2370
10,3217
1,318
10,2732
1,293
10,2299
1,263
1,225
10,3345
1,232
8,2696
1,253
7,6362
1,289
3,837
9,2904
7,2062
1,261
10,2380
1,483
10,2355
1,396
1,288
8,1773
6,1524
10,2709
1,252
10,2088
1,246
1,447
10,2523
10,2372
1,239
2,576
1,421
6,2046
1,290
1,241
10,3040
10,2867
3,985
1,241
10,4223
1,308
10,3542
8,1857
4,1609
9,2112
4,921
1,252
10,2145
1,254
10,2186
3,806
2,581
1,317
1,244
10,3148
10,2303
10,3069
3,996
10,3456
10,3144
10,2749
1,253
6,1707
1,263
10,3619
1,467
10,2284
1,273
1,244
4,1385
1,597
1,575
4,1176
10,3937
4,993
10,2130
10,3519
1,520
1,281
7,2514
1,264
7,2174
1,255
10,3171
3,917
1,228
9,2253
9,2200
3,1157
10,2031
10,2373
10,3087
1,533
1,249
10,3436
1,267
10,2331
1,242
10,2301
1,447
1,234
10,2665
10,2595
1,445
10,2265
10,2288
10,2169
1,404
10,2328
10,3321
1,324
10,3436
1,242
10,2621
1,372
6,1765
10,2250
10,3543
1,271
10,2670
8,1812
10,2119
1,375
6,1624
10,2408
1,244
8,2771
1,253
10,2702
10,2357
1,292
9,2134
2,808
1,259
10,3102
10,2422
10,2262
1,345
10,3575
10,2113
1,294
3,1016
1,238
10,3477
9,2361
5,1335
10,3328
7,1998
1,242
1,423
6,2055
10,2321
1,339
7,2632
3,1226
1,374
10,3376
1,247
10,2259
10,2689
10,2512
1,360
6,1787
1,288
6,1557
10,3134
10,2188
1,442
10,2070
10,2533
1,342
10,2613
1,394
10,2253
10,2166
10,2429
9,2012
1,560
1,268
7,2018
1,517
10,2267
1,811
4,1463
5,1667
1,259
8,1658
1,235
10,3382
10,2145
4,1421
1,364
1,663
1,266
10,2308
1,335
10,2261
1,542
10,2831
10,2295
1,342
10,2251
10,3307
10,2497
10,2244
9,3176
1,249
1,277
1,392
1,416
1,378
2,454
1,376
3,954
9,2179
10,2356
10,2136
10,2118
5,1354
9,1897
5,1200
1,433
1,532
1,291
7,2191
1,562
10,1987
10,3447
1,379
10,2087
2,999
10,2428
10,2037
9,2007
10,3074
10,2410
10,2360
1,361
1,280
5,1452
1,273
8,1901
4,1425
10,2275
10,2264
10,3471
10,2340
10,3246
10,1983
1,372
10,2358
1,290
1,363
10,2799
3,1027
1,266
10,3158
10,3618
10,3202
5,1669
10,2330
1,502
10,2575
10,2193
1,266
4,1250
1,241
1,236
1,581
10,2155
1,494
10,2981
10,3343
10,3532
10,3012
7,1625
1,325
10,2070
10,3329
1,270
10,2414
1,438
1,251
10,3586
3,1176
1,390
8,1734
10,2816
10,2495
1,375
10,2233
1,261
10,2109
5,1713
1,326
10,2199
1,299
1,251
10,2338
9,2931
1,311
2,482
10,3153
10,2299
1,288
10,2769
1,226
10,3346
1,365
1,251
10,2767
1,315
1,245
9,2036
10,2648
1,375
1,383
1,363
9,3101
1,270
8,2288
1,243
10,2186
1,322
1,278
10,2221
1,253
1,299
10,3777
5,1263
7,1863
1,276
10,3413
10,2349
1,234
3,841
1,410
5,1177
1,318
1,299
10,2450
1,328
10,2198
10,3089
1,407
10,2416
1,294
10,4151
10,2640
1,234
10,2223
1,287
10,2612
1,244
1,424
6,1830
7,1881
10,3689
10,3560
1,255
10,2643
1,304
10,2238
1,603
1,268
5,1564
1,277
9,2001
1,333
1,456
1,370
3,821
10,2457
10,2280
1,290
10,2356
1,246
1,384
1,272
1,238
10,2354
10,2211
9,2197
1,309
1,295
1,248
5,1135
10,3141
8,1994
1,240
3,1027
1,267
10,2307
1,309
1,233
9,1958
1,379
5,1624
1,251
10,2176
1,252
10,3310
2,575
3,1087
1,247
10,3366
1,274
9,1996
1,452
1,253
10,2099
2,548
10,2492
1,278
3,824
1,281
10,3241
10,2832
5,1914
1,348
10,2528
1,288
10,2092
1,307
1,321
10,2273
1,256
1,484
1,245
4,911
1,245
3,1233
10,2457
10,2260
1,231
1,472
1,290
10,1929
1,316
1,348
5,1130
9,2295
1,481
1,235
10,2034
1,245
7,1697
8,1900
10,3448
1,337
10,3508
1,254
9,1936
1,256
2,597
10,2596
5,1280
1,380
1,241
10,2848
1,272
5,1174
10,2351
10,3331
1,354
10,2580
10,2419
1,486
1,272
10,2806
1,345
10,3369
1,272
2,732
10,2359
1,239
2,606
10,2126
2,811
1,243
10,3716
10,2172
1,685
1,288
10,2896
2,678
1,287
1,376
10,2771
7,1949
1,365
10,3839
10,3298
7,1988
10,2279
10,3116
10,2157
3,886
1,254
10,2730
1,488
9,1997
1,245
10,2778
6,1299
1,276
10,3103
10,2844
5,1736
10,3298
10,2779
10,2129
1,315
10,2261
8,1836
1,308
10,3093
1,297
10,3111
2,593
10,2280
2,975
10,3256
1,507
4,1200
9,2179
10,2251
1,274
8,2179
10,2196
1,329
10,2477
1,229
8,1728
2,565
10,3205
10,3687
10,2325
1,270
10,2337
10,3196
10,2951
1,284
3,1050
10,2101
1,631
5,1567
1,240
10,2991
10,2451
2,676
10,3547
10,3687
1,280
10,3014
10,2943
10,2693
1,443
5,1355
10,2056
1,280
1,572
1,266
10,2189
8,2693
8,1707
10,3403
1,710
1,246
10,3420
1,473
10,2299
1,290
10,2218
10,3388
1,339
2,586
1,258
10,2199
10,3415
10,2062
8,1968
1,377
1,349
10,2513
1,306
10,3365
1,279
2,835
6,1986
1,288
10,3047
1,239
10,2367
10,3237
10,3216
10,2384
1,244
1,379
6,1855
1,291
5,1328
1,339
10,3002
10,2839
1,281
10,2371
2,601
10,2402
10,2006
8,2382
8,2059
1,233
1,267
8,2000
1,452
9,1759
1,251
7,1645
7,2153
1,254
10,2106
10,2462
6,2101
10,2152
2,744
1,370
1,331
1,315
10,2619
1,397
9,1800
10,2196
5,1744
10,2633
1,244
8,1703
10,2891
7,1594
8,1913
10,3497
1,314
1,669
1,417
2,809
1,348
10,3377
7,1609
2,629
10,3215
8,1853
10,2244
10,2632
10,2102
10,2318
10,2952
1,333
1,411
1,357
10,3608
4,1239
10,3522
7,2011
10,2193
4,1357
6,1544
10,2074
10,3218
10,3016
1,617
8,2235
1,286
1,241
10,2537
7,1742
1,257
5,1305
9,2126
10,3450
10,3143
10,2956
10,2833
8,1900
10,2662
1,270
10,2467
10,2335
1,241
2,635
2,544
1,353
1,641
10,2582
10,3950
1,464
10,2207
1,271
10,2081
4,1643
1,298
10,2683
1,302
1,267
10,3744
10,2090
1,389
1,358
10,2822
10,3382
1,403
10,2676
1,378
10,2149
3,1154
1,303
10,2386
1,252
10,2521
10,2316
8,2870
1,384
1,566
3,907
10,2110
1,256
10,2270
1,351
10,2240
1,365
1,279
10,3339
1,489
10,3471
8,1899
10,3395
10,2943
1,319
1,542
8,2702
3,997
10,2295
1,262
10,2236
1,258
1,259
10,2628
1,271
3,980
10,2143
3,974
7,1458
1,400
2,700
10,2174
1,347
4,910
1,246
6,1419
1,260
1,278
2,508
1,275
10,3862
10,2050
1,553
6,2138
1,412
10,2794
10,2748
1,477
10,2260
1,256
10,2430
1,305
1,260
1,399
1,380
10,17438
10,2077
1,328
9,2508
1,394
10,3741
1,507
1,397
6,1403
1,262
10,2299
1,239
1,290
1,238
10,2176
10,29315
10,2278
1,253
10,2869
1,303
10,3125
1,266
1,265
10,3360
1,260
7,2474
1,367
1,297
1,248
10,2409
10,4286
10,2297
1,257
3,1047
1,246
2,622
1,259
1,243
7,1580
1,232
4,1394
1,356
10,2211
1,419
10,3140
7,2731
10,3275
1,280
10,2072
1,259
10,2205
1,273
1,245
10,2110
1,252
10,3141
1,271
10,3396
1,421
10,3259
6,2804
10,2428
1,250
1,468
1,253
8,1718
1,257
1,252
10,3181
10,2074
3,846
1,241
10,2103
1,280
10,3573
10,2695
10,2252
1,283
2,629
1,230
10,2237
1,265
10,2296
4,1382
9,2313
1,327
1,235
10,3236
1,243
4,1486
3,1471
10,2888
1,242
10,2713
2,560
10,2425
1,313
1,458
10,3304
10,2965
1,269
1,314
10,2821
1,237
10,10299
7,2919
10,2955
1,264
10,4097
10,2538
8,2007
1,245
10,2388
3,841
1,678
1,354
10,3303
10,2161
1,278
3,33077
10,3757
1,461
1,286
10,4469
10,2130
1,573
1,284
10,2422
1,356
6,1850
1,261
10,3302
3,756
1,276
10,30070
4,1768
1,275
10,3371
10,3481
10,3110
1,510
1,282
9,2113
1,395
7,2053
1,265
10,2877
4,1505
10,3161
10,33297
10,4232
1,274
10,2862
10,3606
10,2855
1,387
10,3451
10,2265
1,247
10,2919
1,240
10,3106
10,3325
10,3272
6,1839
10,3868
1,233
8,2238
8,1722
8,1802
1,245
10,2310
10,2143
1,302
4,1054
1,267
9,1972
10,3184
5,1077
10,38591
3,2390
1,292
10,3054
10,3356
10,3130
1,252
10,2086
10,2039
1,258
10,3121
1,285
10,2244
7,2250
9,2137
10,2529
7,3453
1,271
10,3095
10,2190
10,3516
1,261
10,2298
10,2415
1,295
3,854
1,265
10,3119
10,3172
10,2252
10,31693
1,655
1,266
10,3309
1,421
10,2435
1,286
10,2807
8,1691
1,257
1,331
1,329
8,10201
10,7174
10,2503
7,2371
1,471
1,313
10,3540
1,275
10,3192
1,247
10,2454
3,685
1,258
10,2300
1,393
10,2601
10,7250
5,1487
1,534
1,374
1,283
2,681
1,293
6,1467
1,230
4,1073
4,921
1,307
10,3233
10,3162
2,805
6,1851
1,419
1,494
1,546
1,301
8,1776
1,287
10,2204
1,245
10,3326
10,2113
1,280
10,3078
10,3091
3,1267
10,3177
10,2709
6,4878
1,297
10,3170
10,2251
1,254
7,2275
10,2446
10,3299
10,3136
1,320
1,390
10,2688
4,1118
1,498
2,594
1,820
1,282
4,1567
5,1528
1,309
10,3030
10,2338
10,9521
10,2509
9,1939
10,2612
10,2203
10,2250
1,357
10,2379
1,424
1,451
10,3450
10,3466
1,257
10,2959
10,3632
10,15457
2,513
10,2286
9,2328
9,3072
10,3067
1,380
10,3369
1,394
1,432
10,3408
9,2570
1,238
4,946
10,3056
10,4409
1,561
10,3607
10,2230
10,2504
10,2862
1,339
10,3142
1,386
1,609
6,2078
2,606
1,270
3,892
10,2733
6,1981
7,2301
10,3777
1,309
10,2621
7,1937
1,438
8,2014
1,397
1,461
10,5919
10,2253
1,263
1,399
10,2710
10,3254
1,352
10,2409
1,386
10,2814
6,2268
1,354
10,2261
1,358
10,5146
10,3006
5,1818
10,2514
1,305
4,1464
10,25120
6,1515
10,3543
10,3234
10,2744
1,331
1,405
10,2888
1,403
10,3480
10,3027
10,2133
10,2413
1,271
10,3415
1,1454
1,543
10,2955
1,339
8,1603
1,342
1,402
10,2541
1,482
9,3009
6,1478
1,348
10,2166
1,264
10,3596
1,365
1,489
10,2316
1,262
9,2115
1,602
1,404
1,424
4,1308
10,3405
10,3427
1,532
10,3496
1,470
10,3654
1,463
1,369
8,2594
1,328
3,698
1,389
1,322
1,386
8,2861
8,2434
4,1726
1,292
10,3256
1,290
3,1098
1,380
1,277
3,1011
1,251
5,1228
1,266
6,1678
1,263
7,2354
10,3735
10,3843
1,258
10,2915
1,423
6,2484
1,391
1,434
4,1090
1,233
2,707
1,241
7,2363
1,256
4,1487
10,3589
7,3109
1,298
4,1729
1,283
10,3734
1,442
1,261
10,2125
1,250
10,2178
1,282
3,972
1,251
10,3350
1,388
10,2384
1,366
10,36061
1,343
10,3249
1,401
1,248
10,2626
1,279
1,269
1,259
10,3411
1,314
2,616
2,917
4,899
1,264
10,4546
1,235
10,2938
1,337
1,260
2,805
1,277
7,1579
1,260
4,1390
1,278
10,2265
7,2489
10,3437
1,246
10,7980
1,531
7,3760
1,408
10,2332
10,3212
9,2914
5,1666
1,228
10,3349
1,305
3,1142
1,592
6,1697
1,442
10,8669
10,3093
1,14467
1,636
2,544
7,1625
7,2571
1,300
2,687
10,2088
1,247
6,2170
10,2390
3,2018
1,266
6,2123
1,622
1,539
6,2807
10,3521
6,2322
7,1634
1,290
10,3520
3,1230
1,249
5,1901
3,1395
1,469
1,262
1,335
10,2908
1,394
10,2716
10,3280
2,731
3,646
1,266
10,3374
7,2490
10,3221
10,3249
10,3536
1,291
2,509
10,3069
10,3045
1,1477
4,1226
8,3061
1,755
3,756
1,245
10,2127
8,2945
10,2463
10,3431
10,3441
1,289
10,3144
1,1412
10,2353
1,540
10,3236
10,2641
1,326
4,907
1,354
10,2859
6,2180
6,1482
8,2516
3,1040
1,278
10,3245
10,3040
9,3083
1,280
4,1376
10,2625
1,250
10,2313
1,492
8,2252
10,3426
7,1685
9,7438
10,3406
1,718
10,3287
1,392
10,2726
1,272
10,7824
10,2733
1,310
3,835
1,362
10,2467
10,3468
10,3169
10,3078
9,3211
1,518
8,2027
1,361
9,3249
1,280
10,4093
10,2422
1,278
10,3677
1,344
10,2250
10,3092
10,3500
10,9628
7,2466
1,541
10,2370
1,350
10,3191
1,384
6,2260
10,2224
1,282
7,1918
1,357
10,2538
10,3581
4,1369
5,1720
1,432
10,3406
10,2286
1,422
7,1720
1,273
6,2095
10,1990
1,248
6,1422
1,236
10,2507
10,17656
3,762
10,3187
1,321
1,532
10,3196
1,347
9,3337
3,758
10,3919
10,2833
1,266
2,678
2,571
10,3121
4,2774
10,3521
1,494
1,301
1,310
10,2377
1,495
4,1292
8,2753
10,3602
10,3193
1,384
10,3659
10,3730
10,2337
2,713
1,359
1,394
1,256
1,509
10,2684
1,364
3,925
10,2983
10,3269
10,2573
1,342
10,2890
10,3296
10,2362
10,3130
10,3929
1,294
1,331
5,2195
6,2367
10,19717
10,3780
7,2463
10,3215
10,2528
8,1780
10,3456
10,2466
10,2740
1,574
1,381
1,314
1,272
10,3678
10,3765
1,383
3,1600
10,2678
10,3383
1,382
10,4361
2,653
10,2858
10,2615
1,350
10,2919
1,368
1,368
10,3816
7,1689
3,1054
10,3070
7,2204
4,1291
1,243
10,3019
10,2655
8,2527
1,580
1,387
10,2901
1,347
1,283
5,1516
10,2325
6,2149
1,396
10,3249
10,5162
1,272
10,2744
8,1933
10,2789
1,368
1,257
9,2337
1,401
1,369
10,3324
4,1598
8,1862
6,1804
2,632
10,3110
1,225
10,2396
10,2369
10,2211
1,241
1,349
10,2319
1,380
1,323
10,3942
10,3708
7,2104
7,2085
3,1294
1,557
1,227
10,2434
1,284
10,2226
1,286
1,294
10,2524
1,438
5,1945
10,3303
3,1288
7,4940
1,482
5,1888
1,521
1,394
10,2786
1,280
10,2105
1,283
1,359
9,2241
1,404
5,2074
1,656
1,529
10,3587
1,266
10,34593
1,535
1,231
10,3320
1,292
10,2139
1,225
1,352
1,490
1,399
5,1593
10,2504
1,354
4,1471
1,345
7,2395
1,636
1,229
10,2366
1,241
10,2128
1,508
1,396
1,254
1,413
10,2172
3,1223
1,340
2,787
1,271
5,3451
1,447
1,267
10,2052
1,249
10,2114
1,430
1,476
1,360
2,817
10,3095
10,3325
1,276
10,2131
1,345
10,3171
1,467
1,235
10,2209
10,3199
10,2197
1,304
1,586
1,362
9,3135
6,1359
10,3332
1,349
3,2868
1,334
10,3205
1,394
10,2128
10,2021
1,242
10,2795
1,240
7,2572
1,533
7,1895
10,2291
10,2199
1,255
6,2078
1,300
8,9690
1,413
4,1087
10,4382
1,234
1,354
4,1088
10,3392
1,371
10,3303
5,1341
10,2765
1,258
7,2291
1,440
10,6494
1,516
10,3159
10,2516
1,309
1,316
10,3366
3,1096
1,255
3,1097
10,2240
9,3051
1,245
10,13625
1,377
3,1114
1,356
10,6618
4,1022
1,257
1,267
10,3338
10,3421
1,244
10,3573
4,1409
7,2624
1,267
10,3305
1,303
10,6854
7,1853
6,2009
1,419
1,247
1,349
10,3250
3,1146
1,277
3,1279
2,717
1,597
1,251
10,3243
2,569
2,837
1,478
10,3147
1,299
8,2847
1,278
10,12774
10,2737
1,245
10,3165
10,3164
1,497
1,338
10,3453
10,3021
1,536
10,3435
10,3049
1,273
10,2215
1,217
10,2958
9,2338
10,2185
7,2462
10,2355
1,352
10,3354
4,1507
2,712
1,455
3,1250
10,6725
1,231
10,2865
1,273
6,5633
7,2428
8,2056
5,1892
10,2309
1,449
10,3102
10,3439
10,4320
7,1949
10,3491
6,2031
1,221
10,2157
1,252
10,3375
5,1215
3,988
10,2813
7,1940
1,404
10,3097
3,1195
10,2370
1,351
3,655
10,3303
1,268
10,2245
1,295
10,3289
10,2076
4,1071
10,2229
10,3382
1,531
10,2269
10,3242
10,2074
1,451
10,3402
3,1114
1,244
10,2213
1,338
6,2113
10,2015
10,2226
6,1616
10,2398
1,502
9,2660
1,667
8,1938
1,452
9,3206
7,1869
1,535
10,2497
4,986
7,2060
10,3337
2,914
10,3468
8,3089
1,285
10,3341
1,500
10,2757
1,331
7,2577
10,3337
1,324
4,1422
10,3385
4,1448
6,1588
10,3487
5,1759
1,516
1,298
10,3376
1,490
8,1744
1,567
6,1595
4,1487
1,359
10,6164
10,38051
10,3254
10,2339
7,1803
10,2730
3,973
1,525
10,2297
1,423
10,2173
1,365
6,1877
10,2637
6,2246
10,3217
10,3359
4,1516
10,2921
6,2068
10,2286
1,269
10,2464
10,2132
1,387
10,2380
1,374
10,2665
10,2488
10,3780
3,1014
10,5875
10,3322
5,1682
10,2574
10,2885
1,336
5,1869
8,1846
1,399
10,3126
1,357
10,2251
1,378
10,3121
10,3193
6,25745
10,3567
10,2947
2,686
4,1370
1,427
10,2136
3,935
1,524
10,2879
3,1032
5,2045
1,293
10,8005
10,11957
10,85658
3,828
1,656
10,2629
1,331
1,444
4,1079
4,1031
1,501
10,3391
1,404
4,1107
1,399
10,3392
1,476
10,9794
6,2662
1,292
2,1098
1,254
1,435
6,1463
10,2183
1,490
10,3599
10,2979
10,2245
7,2691
10,3182
6,1749
6,1420
1,462
4,1236
10,3530
1,278
1,407
5,1882
2,693
1,446
10,3334
3,959
4,1472
1,625
10,2997
10,3068
10,2764
1,376
1,355
10,2988
1,286
1,439
10,2352
10,2763
10,2693
1,456
10,3557
10,2457
3,1242
6,4061
10,3147
10,2178
1,402
1,281
8,2665
1,248
1,360
6,1593
7,2433
10,3046
1,263
10,3427
10,2573
1,430
10,3435
1,329
10,3397
1,394
1,304
10,2287
1,306
1,431
10,2841
6,1715
1,337
1,320
9,3302
5,1469
1,597
7,2462
1,413
7,2513
1,347
1,250
10,2520
1,240
4,1350
4,1042
1,393
3,1097
1,355
7,2554
1,471
1,435
3,1213
1,373
4,1386
1,387
1,266
8,2010
1,275
4,1214
2,623
1,581
10,2872
1,351
5,1549
1,296
1,450
10,2526
1,330
4,1517
1,351
1,334
1,525
1,317
6,2182
2,572
1,280
10,2822
1,366
10,3580
1,390
1,436
4,993
1,333
10,7501
1,532
1,247
1,283
1,563
10,3422
10,3118
1,316
9,3229
1,361
4,998
1,263
1,585
10,3517
1,394
3,2027
1,572
1,263
1,245
10,2435
1,504
10,3532
1,319
7,2565
1,379
10,2919
1,285
9,3143
10,9973
1,391
1,334
1,441
3,936
1,495
2,1121
10,3181
7,2043
1,350
6,1560
1,375
10,2089
1,254
5,1672
3,1116
1,345
6,2063
6,2062
2,951
1,462
10,3095
10,3667
10,2613
1,272
10,2816
1,343
6,1770
1,292
1,511
7,2313
1,332
1,540
10,3232
10,2957
1,259
10,5148
6,1580
10,3348
1,271
10,2357
4,976
10,2495
1,268
10,2384
5,1641
7,15971
1,681
7,2222
10,3294
1,600
6,1998
10,3633
8,2317
1,281
10,2740
10,10860
5,1419
1,259
10,3910
1,377
10,2629
1,475
10,3140
6,2018
1,242
10,3487
9,3240
8,2938
1,295
6,2079
3,1390
10,2430
1,266
5,1546
1,675
8,2818
1,293
10,2535
10,3331
1,244
8,2418
4,1055
3,1369
2,789
10,2226
10,3157
6,1546
2,637
10,12892
1,662
7,2368
1,431
10,3053
7,4834
1,243
4,1627
8,2674
1,537
10,2559
10,3271
10,3682
4,1659
10,2853
10,8545
1,576
4,1639
1,398
4,1345
8,11354
10,2129
4,1669
10,3504
1,435
10,3128
4,1311
10,3228
1,444
2,782
10,7043
1,440
10,2532
1,373
10,3130
4,1653
10,3416
7,1692
10,2300
1,324
10,3203
10,2495
6,1857
1,320
10,3522
7,5808
1,631
2,817
1,461
3,1173
4,3764
10,2341
10,3428
10,3490
1,459
10,2422
1,521
10,3202
1,668
10,2705
1,520
1,519
10,3820
1,391
10,2648
7,1715
10,2070
1,509
10,4642
1,394
8,2095
4,1066
7,2443
1,354
7,2737
10,3495
1,342
3,1155
6,6292
7,2105
10,2196
10,2067
10,2760
10,3770
1,350
10,2290
1,343
6,1401
10,2802
8,2311
3,988
1,337
6,2066
7,2249
1,329
10,6563
10,2683
6,1960
2,691
1,458
10,2342
1,372
8,2518
1,308
8,3009
10,7267
1,477
4,16410
10,3387
3,908
1,249
10,2171
10,3172
6,1399
1,731
10,2399
1,337
7,2352
1,302
3,1170
10,2245
5,1637
1,272
10,9566
10,2646
6,2588
4,1080
10,2144
1,442
1,543
10,2342
1,282
4,1649
1,253
1,441
3,1014
10,3554
1,452
4,2371
10,2353
10,5234
10,3348
3,779
1,278
1,512
10,2969
1,356
10,3467
1,305
4,1541
10,3517
10,3287
1,396
10,17193
3,1134
10,4180
3,1176
10,3287
1,235
10,3796
10,2431
1,303
10,3228
1,258
7,2421
9,2686
10,3578
10,3359
10,20574
10,3162
10,4020
10,3547
1,478
1,273
4,1525
10,2302
1,348
4,1258
1,687
10,3740
1,371
9,26119
9,4557
3,1031
9,2201
3,1010
10,3368
9,2336
1,401
7,1879
10,2128
1,286
2,1008
10,2544
4,1382
1,253
10,31185
10,3668
10,23200
7,2504
1,555
6,2374
1,705
1,390
4,1673
10,3583
1,254
10,3679
10,3165
9,2822
1,269
1,320
10,5613
3,880
1,452
1,595
10,3383
1,369
1,365
1,631
1,699
2,636
3,1087
6,2311
10,3609
1,379
10,2213
1,240
1,660
1,339
1,626
10,3554
1,334
1,437
6,2244
1,474
8,1792
6,2415
10,2795
6,2240
7,1551
7,2320
8,8292
7,2468
1,280
1,467
7,2346
1,304
1,377
10,3768
1,362
10,3106
1,668
10,3349
10,3384
1,256
1,384
1,553
10,2762
1,296
1,436
1,493
1,387
1,440
3,1167
1,255
10,2826
1,647
4,1666
3,800
1,261
10,3782
10,8379
7,2066
1,254
9,11019
1,356
1,506
6,1693
6,4493
1,276
10,2605
1,619
4,1660
10,3927
1,377
10,2561
10,8900
10,3776
1,235
1,660
1,370
1,453
9,1999
10,4340
1,362
7,2298
1,477
7,2163
6,2038
1,309
3,1254
1,334
10,2944
1,383
1,399
1,348
1,673
4,881
9,3587
1,417
10,3142
1,353
4,1421
1,513
1,254
10,3242
6,1937
3,1188
1,269
1,329
1,425
1,306
10,2103
4,1337
1,361
3,879
1,496
10,3612
1,512
1,256
3,853
2,701
9,2983
1,284
1,667
1,392
10,2545
6,1481
1,586
1,311
4,2083
1,592
1,637
1,481
10,2227
10,4918
1,371
10,3246
1,243
1,910
1,341
8,2706
10,4068
2,787
1,483
7,2672
1,594
10,3519
1,367
6,1868
9,2048
1,247
1,422
5,1262
1,482
1,490
4,1476
10,2257
10,3141
4,1330
10,3453
1,513
5,1616
1,499
10,3149
7,2395
1,247
1,395
10,2665
8,2633
1,271
10,3296
1,371
10,2483
10,3268
10,3547
1,578
10,3043
1,389
6,1405
1,446
1,328
1,427
10,2333
3,1463
1,272
10,3494
10,3042
10,3974
10,3176
1,601
6,2221
3,1051
1,337
10,3648
10,2920
1,331
1,482
10,2044
10,2805
6,1464
10,3469
4,1490
10,3388
6,1780
10,3204
10,3539
6,2255
1,297
4,1248
1,538
10,3533
1,276
6,1288
10,3353
10,3671
2,638
5,1812
6,2047
10,7722
10,3977
10,3808
6,1927
1,402
10,2783
1,564
7,1746
1,374
10,2781
10,3085
3,1433
6,1269
10,3036
9,3184
10,44589
6,2183
10,3236
9,2908
1,337
10,2340
1,408
10,5020
1,391
5,1644
9,2832
7,2462
9,3452
10,3460
8,2182
10,4068
3,1205
10,3388
5,1254
1,533
4,962
1,336
3,1233
1,397
10,2055
2,827
10,2540
10,3615
10,2235
1,573
10,3199
10,3587
4,1936
1,385
8,1875
2,613
1,397
10,4113
1,426
4,1000
7,2356
4,1147
10,3112
10,2399
1,397
7,3102
1,552
8,28018
1,300
3,721
2,533
1,341
3,1283
1,375
10,2367
9,3507
10,2474
6,1704
10,3313
1,471
2,709
1,425
10,2757
1,292
10,2528
10,2126
1,308
10,3152
10,2493
3,766
10,3542
3,1089
10,2447
10,3112
1,696
10,3661
9,3373
2,881
1,539
10,2172
10,3012
1,441
7,2419
10,2717
2,841
10,3161
7,2014
1,615
5,1481
1,705
3,1505
1,418
1,738
8,3257
10,3627
10,2323
1,350
6,1522
10,2632
10,3370
10,2372
10,3284
10,3396
1,421
1,403
3,1012
1,435
10,3836
1,314
9,2351
6,1624
5,1668
10,2431
6,1295
10,2242
6,1476
5,1691
10,2292
1,272
1,428
10,4077
1,837
3,1282
1,402
2,547
10,3396
10,2815
5,1487
10,2916
6,1824
10,3299
10,3538
10,2873
1,359
1,430
8,2998
1,320
10,3476
1,398
7,2275
8,2654
10,2042
10,2198
10,3168
10,3275
10,2786
8,2709
4,1235
1,357
1,437
10,3928
1,370
10,3651
1,325
6,2059
8,2597
6,1538
10,2376
10,2312
7,1520
1,436
5,1736
1,326
1,258
1,286
10,2926
1,358
10,3291
1,422
9,3173
1,718
5,2229
6,1363
4,1102
8,2313
10,3190
10,7624
1,296
1,242
10,2659
7,2823
2,993
10,3815
1,442
10,2422
1,527
10,2568
4,2738
6,1488
4,1443
1,437
10,3060
1,433
1,432
9,2499
1,561
1,255
9,2988
2,915
10,2040
4,1366
10,2471
10,2912
10,3141
1,443
1,647
10,38826
1,296
1,283
10,2549
1,416
1,397
7,2644
10,2288
6,1266
1,366
4,1212
1,502
10,3130
1,376
1,306
10,12415
1,247
1,311
6,2429
1,447
8,2888
1,583
10,3398
4,932
1,283
3,962
1,280
2,555
1,395
4,1067
2,669
1,247
1,301
6,2395
1,486
10,3371
1,504
10,3365
10,3498
1,408
10,2433
10,2752
10,2665
1,626
1,267
1,527
1,376
9,2570
1,421
1,478
10,3211
1,292
10,3670
1,447
1,428
2,731
1,301
4,1437
1,438
1,323
1,351
1,353
10,3433
10,2625
1,469
10,2613
1,386
10,3677
10,3327
1,427
10,2715
5,1085
10,3581
1,770
1,441
1,343
1,418
1,495
4,1181
1,553
10,3392
1,289
10,2772
4,1034
1,527
10,3407
1,245
10,3399
1,422
1,259
1,340
1,400
10,2903
10,2408
1,297
10,2498
1,404
9,3352
10,2391
1,444
10,2962
1,234
8,3758
1,324
1,262
1,272
10,2223
5,1753
4,1292
1,485
9,2433
1,371
5,1375
1,441
1,380
6,2200
1,261
1,524
1,428
1,299
1,290
10,2386
10,3366
2,687
1,444
10,3305
1,406
10,3051
1,279
10,3406
7,2752
1,239
1,457
1,489
1,297
1,248
5,1709
10,3468
7,1574
5,1545
10,2477
1,446
10,2673
1,281
4,1464
8,2070
1,251
1,430
4,1276
2,956
1,261
10,2241
10,7599
4,1009
10,8818
10,2214
1,541
6,1972
1,398
7,2428
4,1372
1,255
1,1684
7,2385
10,2523
1,343
10,2235
5,1862
10,2584
9,8390
6,1440
5,1219
10,3405
1,445
1,568
1,622
1,380
1,333
10,3642
4,1654
1,345
10,3271
1,568
10,2631
10,3808
10,3035
10,2275
10,3259
1,380
10,3379
7,2182
4,1281
1,395
1,457
10,2321
1,506
5,1311
3,1102
10,2733
10,3654
10,3095
10,3317
1,320
1,263
6,2384
1,680
10,2148
1,367
10,3582
10,3045
7,1876
10,3512
7,2521
10,2352
10,3599
1,314
10,2232
5,1499
1,247
3,946
1,399
10,2783
1,442
10,4820
8,2757
10,3405
10,2899
10,9399
3,708
5,1668
10,2169
6,1321
4,1123
1,264
10,3781
1,911
2,655
1,372
6,4127
10,2345
10,3064
10,2156
10,4583
8,2648
10,3870
1,561
10,3243
1,412
1,287
10,3573
1,407
10,4745
1,287
10,3719
6,1410
10,2668
4,1473
10,5762
6,1571
1,490
1,410
5,1672
1,286
2,649
9,2772
1,428
7,2208
7,2600
3,843
10,3345
9,6617
10,3546
10,2854
1,465
10,2598
4,1158
10,2171
1,398
10,2305
1,413
1,406
10,2718
10,3823
9,3160
10,3228
10,3798
10,3049
7,2324
1,323
10,3512
1,246
4,1010
1,406
4,1150
3,1186
1,492
8,2551
10,3344
10,2554
10,2602
3,1088
10,16114
9,3043
1,266
3,1559
1,244
2,862
1,313
10,2729
8,2618
1,300
3,900
1,422
1,430
10,3013
5,1398
2,1903
3,1279
1,253
10,3412
1,246
10,2446
1,292
10,2122
10,2466
1,729
4,1566
10,2990
2,851
5,1766
5,1214
1,316
1,583
1,305
10,3177
1,328
10,3273
10,2789
10,2354
10,2069
4,1467
7,2413
10,2408
8,1960
10,3688
10,2205
10,7707
1,582
1,280
10,2275
1,330
6,1903
1,261
8,1676
10,3328
3,1338
3,1034
3,836
10,2270
10,2916
4,904
6,3349
1,637
1,396
10,3755
1,371
10,2890
1,253
6,1405
10,3270
10,3508
10,3038
10,2769
10,3414
1,540
10,2164
1,434
1,473
1,357
7,2579
1,355
10,2913
1,358
5,1242
9,2968
1,508
1,358
9,2720
10,2778
5,3628
6,2061
1,391
1,499
1,309
1,687
1,374
10,3365
1,296
10,3572
2,716
10,2365
10,2321
10,2496
9,2996
1,5339
10,2813
1,319
1,432
1,319
1,454
4,1124
8,2204
10,2949
10,3525
7,1791
6,1606
6,2023
8,2135
2,585
1,342
10,3344
1,321
1,537
10,2821
1,368
6,1496
4,1630
10,3156
10,2442
1,379
10,2900
10,2886
4,1299
8,1741
1,264
10,2207
1,287
1,578
10,3585
1,276
10,2743
1,467
10,2342
5,2230
1,258
10,3282
3,1102
10,2967
1,411
1,1399
6,2023
1,653
1,564
10,3436
1,323
10,3272
1,407
10,2392
9,4624
1,264
9,2062
1,501
10,2447
1,437
1,600
4,1510
1,479
1,453
9,2053
1,325
10,3706
1,659
10,2426
10,3339
1,354
1,470
1,383
10,2163
1,430
1,1172
1,393
1,511
1,532
5,1864
1,585
10,3242
1,475
10,3496
10,3274
1,352
8,2503
1,578
10,4503
1,472
1,503
1,252
1,385
8,3225
10,3065
1,269
10,2576
1,454
10,2407
10,3194
1,353
4,1176
10,3534
2,916
1,378
1,584
1,238
8,2401
3,1219
1,583
1,422
10,2268
1,637
9,3177
1,526
1,341
10,2335
1,812
6,1508
1,342
1,498
1,225
3,1200
10,3579
10,3365
1,316
10,3233
1,387
10,3401
1,661
1,352
10,3166
7,1895
1,505
1,353
2,815
1,348
1,356
2,811
5,1832
5,1348
10,2538
1,618
5,4353
1,542
1,370
10,3038
1,471
1,409
1,258
1,698
1,235
6,1877
10,3392
2,1231
10,2849
10,3617
1,291
10,2876
1,567
1,257
9,2365
1,394
1,337
1,287
1,533
1,259
10,4030
8,2587
1,601
4,1154
5,1612
1,398
10,3539
1,467
10,3463
10,3526
1,282
1,269
1,241
3,1140
1,314
10,3831
1,507
1,622
10,2509
10,3214
4,1364
10,7939
1,425
9,3053
2,803
1,436
1,467
9,2987
10,21517
1,283
9,2940
6,1669
3,1175
10,2430
10,3433
7,2470
1,641
1,838
10,3054
6,1488
1,451
1,434
10,2222
8,12785
1,247
7,22736
10,2384
8,2956
10,3632
10,3300
10,3436
5,1326
1,417
6,1439
1,713
1,425
1,402
10,3606
10,3408
2,486
4,25805
8,2538
10,3490
5,1239
5,1527
1,312
1,479
1,428
10,2544
1,274
9,3197
1,694
6,1301
9,3108
1,429
3,1385
2,551
9,3298
10,2907
1,416
10,3404
1,314
2,946
1,433
10,2235
10,2808
1,542
10,2158
10,3509
10,3040
6,2385
1,608
10,3820
6,1471
3,1162
6,2184
1,491
1,573
10,2163
1,334
2,817
1,685
10,2312
9,3074
10,5751
10,2785
4,1080
7,6073
10,2532
1,343
10,3053
1,474
1,482
10,3156
1,366
8,2446
10,2522
1,404
7,3758
10,5081
2,608
4,1085
9,20466
10,2140
1,528
3,805
1,453
1,597
4,934
1,304
10,2937
10,2942
10,2277
3,1154
10,3532
2,674
3,879
10,35847
3,716
1,340
10,3360
1,1131
1,626
2,957
1,436
10,3160
10,3299
4,1109
6,2210
8,2885
10,2989
7,1700
1,628
2,905
1,394
9,3065
1,352
3,1361
4,1451
1,368
10,2646
6,1425
10,2511
2,832
9,2642
8,2314
6,1554
1,529
10,3014
1,285
4,1115
1,511
8,2774
10,2414
1,254
2,866
10,3806
2,579
10,3831
4,1134
6,1966
10,2290
1,601
7,2736
1,274
4,946
1,416
10,7933
10,2697
1,284
8,1842
10,3434
4,1170
10,3522
6,3156
4,1257
6,2096
1,466
10,3150
1,281
10,2350
1,526
9,3953
10,2233
1,843
9,3026
10,2857
10,3069
2,1005
7,1712
10,3120
10,3137
1,506
7,4855
1,457
10,2254
1,536
9,3242
10,3818
9,2981
10,3196
4,1113
10,2792
8,2805
4,1063
5,1489
10,3291
1,551
8,2792
2,523
10,2583
2,924
7,2481
10,3232
10,2223
5,1836
10,2265
10,3052
10,3427
10,3478
8,2053
7,2476
10,4986
3,943
1,342
10,3297
9,3198
10,3459
8,1836
6,1417
10,3170
10,2643
10,2635
6,1932
1,610
1,293
3,1189
1,461
1,495
7,2526
10,3387
7,2282
2,1064
6,1582
10,2974
6,1409
5,1259
8,2485
4,1250
10,4706
1,341
1,488
1,702
1,9482
6,3695
6,1400
8,2681
3,1387
1,588
10,3610
10,3620
10,2320
6,1481
8,2612
10,3668
1,353
1,269
1,668
1,409
10,3358
6,1516
10,3239
6,2508
1,325
1,246
10,2841
10,2448
1,493
1,542
3,1424
1,394
1,241
1,657
1,409
8,2504
1,391
10,3743
1,809
1,317
10,3328
1,369
10,2322
1,544
1,270
10,2285
1,656
1,288
3,1224
1,440
10,3651
1,490
10,3452
10,3624
1,252
4,1602
1,385
10,2721
1,375
1,394
6,1561
8,2722
1,359
1,311
1,374
4,1167
1,402
3,1202
8,2123
1,563
2,604
1,297
5,1278
1,266
1,388
9,3078
1,460
1,361
6,2487
1,507
10,36900
1,382
1,539
8,2649
1,275
10,2300
1,265
1,364
1,248
1,376
1,449
1,507
1,295
2,956
1,510
3,1408
1,299
6,9477
6,2536
1,292
5,1258
1,303
1,266
1,256
1,267
1,274
2,1235
1,248
10,3115
1,365
6,1767
1,415
3,1183
10,3156
1,323
10,5093
1,299
1,274
1,295
1,268
1,259
1,334
1,256
4,1432
4,1338
2,563
1,322
10,2441
4,1169
1,362
10,2241
10,2866
1,257
1,288
1,345
1,256
1,360
1,276
6,1814
1,344
10,2884
1,378
2,661
8,1963
1,352
10,2606
1,916
1,350
1,712
1,487
1,246
1,316
7,2786
8,1995
7,2236
2,688
1,403
5,1635
10,2627
10,2402
8,2643
5,1609
1,246
1,266
1,481
1,247
1,482
1,518
10,3599
3,918
8,2574
1,389
8,2654
2,2355
10,3741
10,3477
1,252
1,242
10,2844
8,2909
1,253
5,1756
2,518
8,2033
10,2772
10,3308
9,2866
10,3747
1,503
10,3092
5,8852
1,268
1,267
10,2806
2,719
1,266
3,973
3,1071
1,562
10,3906
4,1047
10,3022
4,1226
1,616
4,5826
1,455
1,534
1,354
5,1961
1,528
1,269
6,1468
10,3502
1,453
10,3515
6,1374
10,2634
8,1951
1,454
10,3046
1,413
1,279
1,263
10,3848
5,1315
1,237
10,2384
2,469
5,1364
6,1496
8,2845
6,1354
6,1352
1,413
10,3394
10,2906
4,1458
10,3553
10,3244
4,1178
1,398
10,2647
10,4615
4,1203
3,1051
10,2648
10,2031
8,2068
1,886
6,2071
1,860
10,2270
10,3418
10,3340
3,932
2,777
10,3144
9,3302
3,829
7,1888
1,341
10,2482
1,401
1,695
2,1383
1,298
4,1354
10,3138
10,3802
7,1528
8,2032
7,2067
10,8486
6,1513
10,3334
1,427
1,298
5,2151
1,562
1,1016
1,541
10,2872
5,1389
5,1855
5,1291
10,3372
4,1026
8,2942
5,1297
10,2448
1,507
10,2818
2,3371
1,508
1,638
1,422
10,2965
10,4153
10,3339
6,1867
10,2786
1,517
8,2098
10,3336
10,2690
1,422
4,1510
1,418
1,670
3,1980
1,316
10,3092
10,3949
2,915
10,3297
10,4147
2,620
4,1756
6,2241
4,1079
2,762
7,1915
1,255
1,468
10,3791
1,378
10,5004
10,3315
1,475
7,2320
9,3339
10,3451
3,25867
7,1925
1,278
8,2091
5,1513
1,490
1,501
10,3396
1,266
6,1458
5,1984
1,615
10,4275
8,1981
10,2946
6,2457
10,3235
2,639
3,1210
10,2757
1,445
1,381
8,2897
1,437
10,2503
2,1020
3,6662
3,685
2,837
3,1093
6,4166
10,3721
10,3292
1,337
10,3416
1,412
5,1623
10,4357
10,2342
10,3216
10,4678
8,2773
2,603
9,2902
10,3357
7,2344
4,1535
6,2170
1,315
10,2627
1,465
4,1239
10,3366
10,2155
10,2240
1,828
10,3628
3,840
1,560
10,2187
8,3088
1,598
10,2806
1,323
10,2618
1,576
6,2253
9,7404
5,2138
9,3390
10,3639
9,3361
1,329
10,3123
9,3092
5,1726
1,359
9,3119
1,536
10,3431
1,412
3,919
7,2482
10,14564
5,1595
8,3011
10,5910
10,3231
10,2468
10,3369
7,2338
1,378
8,2297
1,414
3,770
7,2212
5,1902
9,3042
10,12559
10,3085
3,1444
7,2420
10,3034
6,1307
8,2595
4,1490
1,343
1,472
1,356
5,1101
1,608
10,3070
1,655
5,1964
10,3426
10,3571
9,3306
8,1981
6,1368
7,1703
1,718
1,320
1,338
1,274
1,759
1,379
6,2207
1,465
10,2914
1,537
10,3538
1,542
10,3249
10,4014
6,2045
1,456
1,607
1,266
5,1814
1,371
1,385
4,1508
1,489
2,1091
1,502
9,3396
1,579
10,2278
10,3439
1,575
1,391
1,266
1,266
4,1162
1,737
5,1202
7,1899
1,464
1,656
10,3315
7,11526
1,589
7,2545
10,2583
1,454
8,3600
1,353
1,235
7,1732
1,344
4,1212
10,3360
1,406
3,1435
5,1770
1,627
1,472
9,3087
4,1093
1,546
1,443
1,290
1,225
10,2439
1,303
3,1026
10,2316
1,403
1,586
1,350
1,711
1,650
10,4562
4,1275
1,929
1,428
1,571
1,248
5,1647
1,317
10,2371
2,617
1,749
10,3762
1,446
1,660
1,1981
1,451
1,521
1,743
2,748
10,2656
1,252
6,1914
1,409
5,1102
1,585
1,489
10,3476
1,566
1,665
1,769
1,1714
1,243
1,826
1,321
1,458
1,253
10,2650
1,268
6,2101
10,2936
1,570
9,3147
1,466
1,666
1,606
1,1450
1,235
1,737
1,412
10,2476
1,230
10,2998
1,249
10,5448
10,3262
1,779
8,16284
1,356
1,739
1,459
1,578
1,234
1,731
5,1687
10,2372
1,409
2,737
1,226
10,2439
10,3041
8,2897
9,4054
1,677
1,685
1,503
1,646
1,251
1,685
1,498
10,2772
10,3380
1,266
10,2681
2,673
10,3452
3,1226
7,2571
1,540
1,808
6,2217
1,698
1,237
1,612
5,2355
2,870
9,2896
10,2552
10,2708
1,439
3,748
6,1908
10,20162
1,725
1,681
3,861
1,732
1,241
4,4078
3,1295
10,2260
5,1829
10,3318
10,3438
10,3072
8,7034
2,996
1,619
1,532
1,489
2,669
1,648
1,275
7,10695
1,576
9,2771
9,2062
10,3428
5,1415
10,3178
9,2958
2,738
6,2740
10,3858
6,1943
10,2245
6,2463
1,241
6,20979
1,604
8,2230
10,2769
10,2562
10,3532
10,3323
7,2515
2,654
1,584
1,589
2,878
2,612
1,371
1,241
5,2087
2,902
6,2581
10,3232
2,662
10,2719
10,3029
1,684
10,3450
1,611
3,6993
10,2821
10,3319
1,492
2,599
10,3344
5,1838
5,1834
1,327
8,2597
10,3479
10,3233
1,4905
4,1917
1,673
6,11417
2,660
8,2864
5,1896
4,1279
4,1325
5,3059
4,1822
5,1359
9,5725
5,1700
10,4938
1,552
6,2161
1,562
9,3010
8,3156
4,972
6,2191
10,2956
8,2472
2,909
6,3213
10,3033
10,6659
2,947
9,2134
1,582
10,3549
1,414
10,32218
10,2827
6,3157
4,1487
10,2420
3,1162
7,21866
7,2533
10,2395
8,2034
3,1209
8,5315
1,767
8,2993
1,311
10,22334
4,1980
8,2502
5,1794
10,3183
5,1663
3,6600
4,1696
10,2024
1,601
1,658
1,760
6,2207
8,2512
1,627
4,1992
8,2885
8,2320
4,1441
10,3277
3,1320
2,1134
5,1633
2,584
1,415
7,2652
1,706
1,749
1,772
1,742
7,6031
10,2606
2,849
5,1567
8,2644
7,9522
9,33479
5,1859
7,1459
1,461
8,3407
6,2277
1,515
5,1969
4,2116
6,2441
2,917
1,505
10,17637
6,1446
1,468
2,814
10,3423
4,983
1,503
10,3471
1,622
1,652
4,1441
1,351
3,1170
8,3272
10,2290
8,2962
10,2574
4,28053
8,2392
1,557
10,2606
1,490
10,11845
1,650
1,722
3,974
3,1341
1,737
5,1386
5,1084
5,2194
10,3533
10,18694
1,749
8,14929
3,1243
1,454
9,3362
1,761
1,597
7,1849
10,2981
10,2952
4,961
4,913
2,844
10,2962
2,869
1,604
1,488
8,2177
1,444
10,7350
6,2276
6,5182
5,1947
2,849
2,584
10,2458
3,864
9,2967
9,3140
1,345
6,2073
3,1266
10,2611
1,495
7,2420
1,466
5,1839
10,3331
8,2009
8,2785
3,855
6,1483
9,3094
5,2008
8,2883
5,1914
5,1684
6,1868
1,516
3,1132
1,691
7,2367
6,2002
10,3617
10,2355
6,1528
5,1712
2,1060
10,2826
2,898
1,522
7,2631
1,534
1,457
1,505
1,29448
4,1618
10,3533
6,2440
6,2172
5,1230
6,1452
10,3755
10,3664
2,930
5,3597
2,730
1,425
6,1841
1,529
4,1492
5,1722
10,3038
10,3379
1,555
10,2488
10,2320
7,2343
10,3206
1,17951
8,8865
1,422
1,308
3,1214
1,575
5,2318
4,3763
7,1742
2,857
4,1236
6,1442
10,2845
4,31651
5,1683
1,466
1,556
1,518
1,291
7,2512
1,495
4,1562
5,1672
3,1036
8,2435
1,415
10,2758
7,1807
1,517
1,535
1,440
1,620
1,510
1,300
8,2573
1,587
7,2433
8,2661
1,472
1,1392
8,2182
4,1273
4,1403
1,353
1,491
6,1997
10,4250
6,2140
1,406
4,1379
1,524
1,2687
3,2802
1,388
5,1263
1,439
7,2499
1,375
1,334
1,388
1,393
4,1482
1,730
1,339
7,2697
1,535
1,581
5,1719
1,265
4,1005
1,307
1,497
1,306
3,928
2,755
9,3428
1,419
1,464
1,302
5,1855
1,448
5,1920
2,886
1,371
3,786
1,399
1,322
1,312
2,614
1,360
2,3245
5,5643
1,651
1,260
10,7175
1,602
5,1761
6,2198
1,312
7,1680
1,418
1,313
1,295
2,5037
1,372
6,2522
1,1552
1,582
1,255
2,13259
1,456
10,7710
4,1347
1,367
5,1335
10,3376
1,350
1,254
8,5783
1,301
7,2407
4,3993
4,1452
10,3389
3,1044
3,1328
3,1396
7,2222
1,450
10,3020
1,381
1,382
1,236
1,418
1,459
1,594
5,1965
1,518
10,3618
5,2166
6,2092
5,2194
10,3606
1,351
10,3105
1,280
1,331
1,313
6,1997
1,423
2,1192
1,563
10,3378
9,2071
5,1761
2,695
6,2765
2,3827
2,723
6,2134
1,313
1,567
1,245
1,491
1,414
8,2947
1,570
2,862
10,6341
9,2977
10,2439
10,29149
2,761
1,276
7,2100
1,244
1,294
1,237
1,357
1,279
1,504
1,532
4,1772
10,3612
7,2304
8,2342
7,17029
3,1237
1,358
3,1021
4,1474
1,303
1,230
1,441
1,321
1,393
1,558
3,1220
10,3224
2,684
2,689
5,1974
4,1456
8,2120
10,3378
8,2585
1,312
1,370
1,340
1,599
1,331
1,527
9,8898
1,617
10,3128
6,1677
2,3384
9,2789
1,773
1,447
2,1003
2,586
2,526
8,2628
3,1258
5,1784
8,2706
3,2395
10,3615
1,517
4,1519
4,1515
2,859
10,3381
1,263
1,596
1,318
10,3042
6,9375
1,600
1,389
1,3767
1,663
10,3212
8,2763
10,2729
3,1166
1,480
10,3254
1,281
1,573
10,2267
10,3288
1,399
8,2992
4,1453
2,814
1,437
1,624
1,429
8,2250
9,3046
6,12148
2,733
1,247
6,1504
2,959
10,2334
1,454
10,18191
1,442
4,1431
6,7361
1,747
1,425
2,820
2,8746
7,4624
10,2558
1,232
3,1166
10,3323
10,2038
1,405
10,7725
8,35956
3,997
1,604
6,2681
1,338
8,2307
1,510
1,619
10,2930
1,286
6,1347
10,2700
10,2579
1,385
9,2480
1,494
1,4480
6,1922
3,1280
3,971
1,471
2,817
1,526
9,2502
1,257
10,2310
8,2965
9,3003
1,390
7,2625
9,19492
1,518
1,417
10,3576
1,340
5,1196
8,2606
1,636
8,2110
1,471
10,3004
10,3473
8,2415
1,499
9,3559
2,50064
1,552
1,337
9,3235
2,739
4,1166
1,494
1,909
6,2279
10,2296
10,3153
9,2714
7,20826
7,2262
3,2177
8,2698
4,1396
7,7958
9,2937
9,2946
3,840
6,5421
1,420
5,4735
1,227
7,2601
8,2363
6,7588
1,537
6,2269
1,566
5,1606
7,2626
4,1396
6,4884
7,1717
1,346
1,602
6,2053
1,404
4,1137
6,2473
5,1678
1,479
6,2175
5,1960
2,847
1,317
10,3744
2,679
5,1106
1,470
6,2037
4,1499
2,596
2,615
3,1342
6,15965
1,340
1,616
1,447
2,741
4,1535
7,2233
4,1368
10,2208
1,27757
1,408
7,2727
1,356
1,269
5,1958
4,1050
9,3290
10,3669
1,480
5,3746
2,808
1,804
1,337
6,2036
1,796
1,521
5,1652
10,2395
10,3184
6,2466
5,1666
4,2043
2,688
5,1891
3,1157
9,12945
1,755
5,2333
10,3054
1,685
1,524
4,1600
10,3612
10,2081
7,3011
3,3384
5,6629
8,2237
4,1537
2,1177
5,7216
1,582
1,365
7,2394
5,4463
1,615
10,4146
3,1371
10,3878
4,1363
8,2527
2,987
10,3465
4,3467
3,1940
5,2236
1,450
2,8837
10,2684
1,696
2,757
5,1853
8,2855
3,738
7,2778
5,1704
5,7441
4,1839
2,847
3,1357
2,851
1,665
1,470
3,1185
8,3113
1,355
1,502
10,3460
10,2170
5,6800
10,3177
2,805
1,706
2,812
8,2556
1,381
1,630
1,395
1,532
1,16479
1,500
1,633
9,2767
10,3366
4,4910
5,1721
2,851
8,1977
5,1991
4,1281
1,527
1,564
1,444
1,409
1,544
6,2098
8,2783
7,2470
8,2415
10,3779
4,51717
4,1528
10,2201
2,726
8,3524
5,2559
6,6436
1,364
1,290
5,1552
1,509
1,368
6,2807
9,4149
1,563
1,320
5,1802
8,1900
3,1166
7,2696
1,369
3,1046
1,451
1,246
1,379
1,486
1,455
3,1172
1,366
1,766
1,464
4,1345
2,836
3,931
5,2407
1,2061
1,342
1,429
1,241
1,635
7,2512
1,516
6,2136
1,357
1,65149
1,377
2,631
1,498
3,1021
9,3392
4,1479
1,663
1,365
1,248
1,442
1,333
1,381
7,2601
1,262
8,77695
1,359
2,895
1,314
2,723
6,3174
8,15938
1,589
8,8251
1,541
1,675
4,1503
3,1187
4,1238
1,602
3,73712
1,451
2,850
1,349
5,1787
2,1119
1,462
1,721
1,320
1,991
5,11117
5,1735
5,6770
4,1627
1,352
2,925
1,425
3,1209
1,243
7,2580
7,2433
4,1598
1,691
1,670
1,315
1,631
5,1601
1,364
5,1899
1,290
1,482
2,776
5,1630
1,262
8,3881
1,731
1,380
9,2176
9,4517
1,328
1,551
2,818
2,796
7,22450
7,1701
1,437
1,393
8,2601
1,246
9,3258
1,560
2,740
8,2975
5,1746
2,759
5,3523
2,808
1,380
10,4864
1,284
2,929
1,371
3,1196
1,264
8,2925
5,1881
5,1594
10,2837
4,10673
10,2769
9,7734
8,4398
1,483
8,2941
1,410
5,1919
1,364
2,669
1,267
5,1892
5,1424
2,841
4,1305
8,3617
10,2882
4,1586
4,3325
2,692
1,468
1,661
1,6385
1,358
5,1813
1,255
7,2530
1,561
6,2201
8,2985
3,796
2,770
5,1789
5,1697
1,479
1,860
9,2983
4,1431
6,2338
1,379
6,2193
2,724
8,2790
2,945
10,3708
4,11774
4,1322
10,10905
1,400
5,1700
1,557
7,7535
7,2449
5,1046
5,1807
1,578
10,3157
3,1395
10,2246
8,3497
3,1120
9,31616
1,367
5,1636
10,20230
10,15739
8,2494
1,223
6,2014
1,477
2,1320
5,1904
8,2066
5,1818
5,1788
8,2446
1,377
6,2162
7,3580
2,886
9,3031
4,1015
1,547
5,1653
1,466
2,976
10,3970
2,870
3,1098
1,470
1,524
7,2267
1,497
1,574
8,2529
3,803
1,582
1,395
1,477
5,2028
7,1886
2,805
2,846
3,959
3,1813
5,1788
1,459
3,1254
5,1532
6,1406
4,1688
2,843
4,975
2,768
6,2288
2,738
2,1176
1,9287
1,4603
4,1426
1,548
9,22871
6,2018
5,1099
3,5078
10,2544
3,1003
3,978
5,2069
9,2866
9,11244
5,1779
10,3588
1,584
2,1096
5,1523
10,2071
3,1018
4,1048
2,827
6,1967
3,1095
2,695
2,706
1,379
8,8552
9,2961
3,993
1,444
6,1365
1,447
3,862
3,1091
4,1410
2,832
2,838
1,470
1,409
5,1887
2,897
8,2985
1,529
10,3105
3,1150
7,1765
3,1018
7,2198
3,1073
3,983
6,2066
10,3293
3,1118
2,1156
6,3650
6,2150
7,2127
6,2124
6,1482
4,2685
7,2363
3,1255
3,974
1,488
2,792
2,869
8,2785
1,468
4,1336
4,1047
7,5036
10,2389
5,1651
5,1552
3,976
5,1926
5,1817
1,329
6,2328
1,482
1,432
10,2610
8,13641
6,2243
5,1623
4,1443
6,2356
6,2372
1,469
4,1466
4,1554
1,558
6,2446
2,659
8,8887
7,2170
7,2220
10,9760
8,2912
1,397
8,2649
2,805
10,18301
8,2726
1,540
1,296
7,2654
3,1129
8,2642
8,2700
9,3271
7,3714
1,480
7,4093
7,4215
5,1569
7,2565
10,2644
7,2405
10,3379
6,3390
1,550
5,1899
8,3154
7,2375
3,1407
1,328
1,331
1,452
3,859
10,7034
1,579
5,1774
3,1137
7,4407
5,1699
1,10944
9,3338
2,738
1,373
7,2123
10,2402
1,599
1,404
2,656
1,356
6,2378
8,2678
4,1388
2,886
4,1318
7,3687
8,3156
10,2623
6,2115
1,451
7,3223
1,470
8,2919
7,2297
9,2833
2,820
3,3313
5,14255
1,595
10,2315
4,2477
1,627
9,14052
5,5997
7,4722
7,2192
1,466
8,2890
1,2188
1,454
9,3192
8,3001
1,316
8,34559
1,404
7,3460
4,1464
5,1619
1,610
9,12202
1,493
4,1478
9,3395
1,257
1,452
1,392
1,593
6,2054
1,446
6,2126
2,822
4,1389
5,1752
7,1690
1,238
1,505
1,612
1,648
4,1039
5,1868
1,589
1,2896
5,1568
2,696
1,572
1,234
10,2400
2,872
5,2101
1,452
1,599
2,636
9,2963
5,2054
1,404
1,246
1,518
5,1747
2,597
6,2163
1,412
1,339
2,930
1,541
1,272
1,488
1,418
1,495
1,433
5,1716
2,2344
1,544
2,492
1,658
1,418
8,2613
1,375
1,315
1,456
5,1684
2,671
10,3391
2,842
1,495
1,438
1,474
1,389
6,29794
1,330
1,476
1,432
7,2439
1,371
1,421
1,468
1,23380
10,3278
2,735
1,420
1,462
1,453
2,815
1,444
1,551
10,3244
9,26031
8,2737
1,470
8,11849
8,2698
4,1273
1,598
10,2535
1,744
3,1112
9,3013
1,457
1,372
5,1775
1,512
2,805
3,1245
1,372
4,1449
6,2573
1,535
1,332
6,1798
8,1992
2,819
4,4027
5,1794
1,480
3,1131
1,421
1,435
9,3502
2,3896
1,1015
5,1717
6,2187
1,300
1,500
1,384
8,5107
8,12533
5,14653
1,423
1,455
4,1018
2,899
4,12077
8,2241
7,25196
4,1391
2,1298
8,7119
1,567
4,1277
7,7921
4,1923
6,1982
1,359
1,380
1,4122
4,1400
1,348
10,3407
5,1801
1,13036
3,1146
2,814
2,1985
1,352
1,464
4,1423
10,3282
1,491
2,747
1,551
1,1641
1,479
2,708
5,3208
6,1850
9,12040
3,1221
1,382
1,630
2,830
1,493
3,1206
6,1920
1,613
2,836
4,1304
5,1945
2,775
2,784
8,5615
7,2438
8,2608
2,724
3,1064
9,3384
5,1837
3,1816
2,945
5,1756
1,6072
2,881
1,338
4,1473
2,724
5,1510
3,1352
4,1452
1,441
3,1097
1,484
2,1003
3,1462
2,693
10,36160
5,1643
7,2345
6,2194
8,10256
5,1805
4,1614
3,875
6,2284
8,2467
1,606
5,2096
1,480
8,2733
3,1066
5,1709
1,596
3,1404
1,516
7,2514
1,457
4,1529
2,2378
6,1748
2,707
5,1637
1,647
8,3522
4,1566
5,2104
5,1654
8,2794
7,2490
2,826
5,2027
5,10199
5,1537
6,2189
8,4099
7,2273
5,1782
1,379
9,14266
8,4424
1,467
4,2151
8,2659
8,3743
4,1288
1,399
5,1783
9,3574
1,615
2,787
5,1782
5,1791
1,547
7,2836
2,633
7,2989
8,2648
3,1061
2,776
10,3010
3,1247
1,461
4,1356
1,370
3,1176
2,1358
6,1976
5,1763
1,593
5,2288
1,424
5,1407
2,875
1,571
9,18674
6,1861
6,2417
2,810
1,380
1,615
5,1822
5,2608
5,1775
1,533
2,6453
6,1965
8,7666
6,2148
2,646
3,1178
7,5053
6,2248
1,7753
1,519
1,467
4,1452
2,669
2,775
1,591
4,1069
7,9629
1,360
1,473
2,900
2,766
1,608
9,19159
10,10008
1,491
4,1286
3,1192
6,2074
1,407
1,460
3,1822
3,1067
7,2467
4,1170
1,680
1,399
1,1443
7,2521
8,2687
1,497
9,3115
1,509
9,3186
8,2475
1,582
4,16839
5,2122
8,3469
1,403
1,461
1,499
1,4790
5,4548
1,485
5,1579
3,896
4,1515
5,1662
5,5306
2,648
1,512
1,686
7,2389
1,511
1,321
1,979
2,854
2,650
8,6312
7,2193
8,29599
1,583
3,1261
1,562
1,473
1,638
2,844
1,738
6,1933
1,484
2,817
5,2031
6,1467
7,2129
1,402
1,1037
3,1027
4,1338
1,346
1,370
1,475
3,1113
10,3704
1,396
6,1989
5,6769
1,342
1,448
5,1738
2,736
1,363
9,3550
9,3037
4,3708
1,424
4,1743
5,2152
5,1906
1,386
8,4785
1,652
8,3015
1,416
2,714
1,572
7,2941
1,476
5,1784
1,609
9,3200
1,483
3,1300
1,564
8,12215
8,10277
4,1577
5,13992
4,1829
4,1535
5,6590
2,911
5,1968
2,5003
4,1532
5,1999
6,8371
2,976
8,3067
1,581
2,782
1,618
1,402
1,561
4,1804
6,8149
7,2277
3,1186
4,1162
5,2406
1,441
2,973
1,578
2,808
1,528
2,716
1,683
3,1137
5,1735
6,2875
4,1718
8,3277
1,431
5,1776
1,485
5,2090
2,769
8,2944
1,475
10,3679
1,470
7,2967
2,939
8,7904
3,1532
4,1486
1,489
10,3241
2,882
3,1161
5,1907
2,988
3,1054
3,1384
4,1242
8,3357
7,2553
8,2845
5,2113
7,2353
2,968
6,7189
7,7783
1,540
5,1934
5,1475
